OA,ts0380001,ts0380002,ts0380003,ts0380004,ts0380005,ts0380006,ts0380007,ts0380002_PCT,ts0380003_PCT,ts0380004_PCT,ts0380005_PCT,ts0380006_PCT,ts0380007_PCT
E00080972,336,61,23,38,275,20,255,18.154761904761905,6.845238095238096,11.30952380952381,81.84523809523809,5.952380952380952,75.89285714285714
E00080973,372,74,36,38,298,23,275,19.892473118279568,9.67741935483871,10.21505376344086,80.10752688172043,6.182795698924731,73.9247311827957
E00080974,362,73,44,29,289,20,269,20.165745856353592,12.154696132596685,8.011049723756907,79.8342541436464,5.524861878453039,74.30939226519338
E00080975,371,58,22,36,313,24,289,15.633423180592992,5.929919137466308,9.703504043126685,84.36657681940702,6.46900269541779,77.89757412398922
E00080976,336,68,29,39,268,11,257,20.238095238095237,8.630952380952381,11.607142857142858,79.76190476190477,3.273809523809524,76.48809523809523
E00080977,336,43,18,25,293,20,273,12.797619047619047,5.357142857142857,7.440476190476191,87.20238095238095,5.952380952380952,81.25
E00080978,303,51,17,34,252,21,231,16.831683168316832,5.6105610561056105,11.221122112211221,83.16831683168317,6.9306930693069315,76.23762376237624
E00080979,382,56,29,27,326,28,298,14.659685863874344,7.591623036649215,7.068062827225131,85.34031413612566,7.329842931937172,78.01047120418848
E00080981,392,50,30,20,342,26,316,12.755102040816327,7.653061224489796,5.1020408163265305,87.24489795918367,6.63265306122449,80.61224489795919
E00080982,319,94,45,49,225,15,210,29.46708463949843,14.106583072100312,15.360501567398119,70.53291536050156,4.702194357366771,65.8307210031348
E00080983,519,71,34,37,448,31,417,13.680154142581888,6.551059730250482,7.129094412331407,86.31984585741812,5.973025048169557,80.34682080924856
E00080984,299,46,23,23,253,15,238,15.384615384615385,7.6923076923076925,7.6923076923076925,84.61538461538461,5.016722408026756,79.59866220735786
E00080985,303,59,29,30,244,24,220,19.471947194719473,9.570957095709572,9.900990099009901,80.52805280528052,7.920792079207921,72.60726072607261
E00080986,338,52,17,35,286,9,277,15.384615384615385,5.029585798816568,10.355029585798817,84.61538461538461,2.6627218934911245,81.95266272189349
E00080987,267,57,20,37,210,8,202,21.34831460674157,7.490636704119851,13.857677902621724,78.65168539325843,2.9962546816479403,75.65543071161048
E00080988,300,33,10,23,267,24,243,11,3.3333333333333335,7.666666666666666,89,8,81
E00080989,461,77,35,42,384,20,364,16.702819956616054,7.592190889370933,9.11062906724512,83.29718004338395,4.3383947939262475,78.95878524945769
E00080990,300,52,17,35,248,17,231,17.333333333333336,5.666666666666666,11.666666666666666,82.66666666666667,5.666666666666666,77
E00080991,296,42,19,23,254,16,238,14.18918918918919,6.418918918918918,7.77027027027027,85.8108108108108,5.405405405405405,80.4054054054054
E00080992,422,68,29,39,354,28,326,16.113744075829384,6.872037914691943,9.24170616113744,83.88625592417061,6.6350710900473935,77.25118483412322
E00080993,328,51,17,34,277,16,261,15.548780487804878,5.182926829268292,10.365853658536585,84.45121951219512,4.878048780487805,79.57317073170732
E00080994,369,59,26,33,310,15,295,15.989159891598916,7.046070460704606,8.94308943089431,84.01084010840108,4.0650406504065035,79.94579945799458
E00080995,340,56,27,29,284,25,259,16.470588235294116,7.941176470588235,8.529411764705882,83.52941176470588,7.352941176470589,76.17647058823529
E00080996,391,74,36,38,317,22,295,18.925831202046037,9.207161125319693,9.718670076726342,81.07416879795396,5.626598465473146,75.44757033248082
E00080997,294,76,43,33,218,12,206,25.850340136054424,14.625850340136054,11.224489795918368,74.14965986394559,4.081632653061225,70.06802721088435
E00080998,362,61,26,35,301,19,282,16.85082872928177,7.18232044198895,9.668508287292818,83.14917127071824,5.248618784530387,77.90055248618785
E00080999,288,38,9,29,250,20,230,13.194444444444445,3.125,10.069444444444445,86.80555555555556,6.944444444444445,79.86111111111111
E00081000,337,52,28,24,285,21,264,15.43026706231454,8.30860534124629,7.121661721068249,84.56973293768546,6.231454005934718,78.33827893175074
E00081001,340,74,29,45,266,14,252,21.764705882352942,8.529411764705882,13.23529411764706,78.23529411764706,4.117647058823529,74.11764705882354
E00081002,333,45,21,24,288,27,261,13.513513513513514,6.306306306306306,7.207207207207207,86.48648648648648,8.108108108108109,78.37837837837837
E00081003,510,74,34,40,436,23,413,14.50980392156863,6.666666666666667,7.8431372549019605,85.49019607843137,4.509803921568627,80.98039215686275
E00081004,451,97,42,55,354,24,330,21.507760532150776,9.312638580931264,12.195121951219512,78.49223946784922,5.321507760532151,73.17073170731707
E00081005,434,78,39,39,356,17,339,17.972350230414747,8.986175115207374,8.986175115207374,82.02764976958525,3.9170506912442393,78.11059907834101
E00081006,274,51,31,20,223,14,209,18.613138686131386,11.313868613138686,7.2992700729927,81.38686131386861,5.109489051094891,76.27737226277372
E00081007,337,54,21,33,283,21,262,16.023738872403563,6.231454005934718,9.792284866468842,83.97626112759644,6.231454005934718,77.74480712166172
E00081008,326,82,42,40,244,16,228,25.153374233128833,12.883435582822086,12.269938650306749,74.84662576687117,4.9079754601226995,69.93865030674846
E00081009,331,50,17,33,281,25,256,15.105740181268882,5.13595166163142,9.969788519637463,84.89425981873111,7.552870090634441,77.34138972809667
E00081010,269,147,98,49,122,16,106,54.646840148698885,36.43122676579926,18.21561338289963,45.353159851301115,5.947955390334572,39.405204460966544
E00081011,352,66,23,43,286,25,261,18.75,6.534090909090909,12.215909090909092,81.25,7.1022727272727275,74.14772727272727
E00081012,288,53,20,33,235,22,213,18.40277777777778,6.944444444444445,11.458333333333332,81.59722222222221,7.638888888888889,73.95833333333334
E00081013,257,56,23,33,201,13,188,21.78988326848249,8.949416342412452,12.840466926070038,78.21011673151752,5.058365758754864,73.15175097276264
E00081014,327,61,27,34,266,22,244,18.654434250764528,8.256880733944955,10.397553516819572,81.34556574923548,6.727828746177369,74.61773700305811
E00081015,327,63,20,43,264,16,248,19.26605504587156,6.116207951070336,13.149847094801222,80.73394495412845,4.892966360856269,75.84097859327217
E00081016,340,45,20,25,295,16,279,13.23529411764706,5.88235294117647,7.352941176470589,86.76470588235294,4.705882352941177,82.05882352941177
E00081017,331,48,28,20,283,15,268,14.501510574018129,8.459214501510575,6.042296072507553,85.49848942598187,4.531722054380665,80.96676737160121
E00081018,155,56,32,24,99,8,91,36.12903225806451,20.64516129032258,15.483870967741936,63.87096774193548,5.161290322580645,58.70967741935483
E00081019,296,29,13,16,267,13,254,9.797297297297296,4.391891891891892,5.405405405405405,90.2027027027027,4.391891891891892,85.8108108108108
E00081020,238,67,35,32,171,20,151,28.15126050420168,14.705882352941178,13.445378151260504,71.84873949579831,8.403361344537815,63.4453781512605
E00081021,500,92,33,59,408,28,380,18.4,6.6000000000000005,11.799999999999999,81.6,5.6000000000000005,76
E00081022,309,60,22,38,249,26,223,19.41747572815534,7.119741100323624,12.297734627831716,80.58252427184466,8.414239482200648,72.168284789644
E00081023,371,41,17,24,330,35,295,11.05121293800539,4.5822102425876015,6.46900269541779,88.94878706199461,9.433962264150944,79.51482479784366
E00081024,272,33,10,23,239,17,222,12.132352941176471,3.6764705882352944,8.455882352941178,87.86764705882352,6.25,81.61764705882352
E00081025,283,45,15,30,238,25,213,15.901060070671377,5.30035335689046,10.60070671378092,84.09893992932862,8.8339222614841,75.26501766784452
E00081026,267,54,26,28,213,10,203,20.224719101123593,9.737827715355806,10.486891385767791,79.7752808988764,3.7453183520599254,76.02996254681648
E00081027,262,63,21,42,199,20,179,24.045801526717558,8.015267175572518,16.030534351145036,75.95419847328245,7.633587786259542,68.32061068702289
E00081028,357,65,20,45,292,31,261,18.207282913165265,5.602240896358544,12.605042016806722,81.79271708683473,8.683473389355742,73.10924369747899
E00081029,314,46,12,34,268,25,243,14.64968152866242,3.821656050955414,10.828025477707007,85.35031847133759,7.961783439490445,77.38853503184714
E00081030,346,76,35,41,270,27,243,21.965317919075144,10.115606936416185,11.849710982658959,78.03468208092485,7.803468208092486,70.23121387283237
E00081032,356,41,19,22,315,31,284,11.51685393258427,5.337078651685393,6.179775280898876,88.48314606741573,8.707865168539326,79.7752808988764
E00081033,355,65,27,38,290,26,264,18.30985915492958,7.605633802816901,10.704225352112676,81.69014084507043,7.323943661971831,74.36619718309859
E00081034,282,48,21,27,234,28,206,17.02127659574468,7.446808510638298,9.574468085106384,82.97872340425532,9.929078014184398,73.04964539007092
E00081035,356,47,22,25,309,26,283,13.202247191011235,6.179775280898876,7.02247191011236,86.79775280898876,7.303370786516854,79.49438202247191
E00081036,293,48,15,33,245,17,228,16.38225255972696,5.1194539249146755,11.262798634812286,83.61774744027304,5.802047781569966,77.81569965870307
E00081037,411,45,16,29,366,41,325,10.948905109489052,3.8929440389294405,7.0559610705596105,89.05109489051095,9.975669099756692,79.07542579075427
E00081038,574,69,30,39,505,44,461,12.020905923344948,5.2264808362369335,6.794425087108014,87.97909407665504,7.665505226480835,80.31358885017421
E00081039,351,64,30,34,287,20,267,18.233618233618234,8.547008547008547,9.686609686609685,81.76638176638177,5.698005698005698,76.06837606837607
E00081040,317,56,23,33,261,20,241,17.665615141955836,7.255520504731862,10.410094637223976,82.33438485804416,6.309148264984227,76.02523659305994
E00081041,200,30,13,17,170,5,165,15,6.5,8.5,85,2.5,82.5
E00081042,359,57,22,35,302,25,277,15.87743732590529,6.128133704735376,9.749303621169917,84.12256267409471,6.963788300835655,77.15877437325905
E00081043,374,90,41,49,284,24,260,24.06417112299465,10.962566844919785,13.101604278074866,75.93582887700535,6.417112299465241,69.5187165775401
E00081044,460,86,28,58,374,49,325,18.695652173913043,6.086956521739131,12.608695652173912,81.30434782608695,10.652173913043478,70.65217391304348
E00081046,351,55,18,37,296,21,275,15.669515669515668,5.128205128205128,10.541310541310542,84.33048433048434,5.982905982905983,78.34757834757835
E00081047,333,67,31,36,266,33,233,20.12012012012012,9.30930930930931,10.81081081081081,79.87987987987988,9.90990990990991,69.96996996996997
E00081048,366,67,34,33,299,19,280,18.30601092896175,9.289617486338798,9.01639344262295,81.69398907103826,5.191256830601093,76.50273224043715
E00081049,591,105,42,63,486,33,453,17.766497461928935,7.1065989847715745,10.65989847715736,82.23350253807106,5.583756345177665,76.6497461928934
E00081050,223,59,30,29,164,12,152,26.45739910313901,13.452914798206278,13.004484304932735,73.54260089686099,5.381165919282512,68.16143497757847
E00081051,419,60,16,44,359,16,343,14.319809069212411,3.8186157517899764,10.501193317422434,85.68019093078759,3.8186157517899764,81.86157517899761
E00081052,399,67,28,39,332,42,290,16.791979949874687,7.017543859649122,9.774436090225564,83.20802005012531,10.526315789473683,72.68170426065163
E00081053,216,42,14,28,174,9,165,19.444444444444446,6.481481481481481,12.962962962962962,80.55555555555556,4.166666666666666,76.38888888888889
E00081054,282,55,19,36,227,25,202,19.50354609929078,6.73758865248227,12.76595744680851,80.49645390070921,8.865248226950355,71.63120567375887
E00081055,307,51,25,26,256,19,237,16.612377850162865,8.143322475570033,8.469055374592834,83.38762214983714,6.188925081433225,77.19869706840392
E00081056,333,107,58,49,226,21,205,32.13213213213213,17.417417417417415,14.714714714714713,67.86786786786787,6.306306306306306,61.56156156156156
E00081057,294,45,20,25,249,14,235,15.306122448979592,6.802721088435375,8.503401360544217,84.6938775510204,4.761904761904762,79.93197278911565
E00081058,382,107,45,62,275,26,249,28.01047120418848,11.780104712041885,16.230366492146597,71.98952879581152,6.806282722513089,65.18324607329843
E00081059,318,65,19,46,253,16,237,20.440251572327046,5.9748427672955975,14.465408805031446,79.55974842767296,5.031446540880504,74.52830188679245
E00081060,329,72,26,46,257,24,233,21.88449848024316,7.90273556231003,13.98176291793313,78.11550151975683,7.29483282674772,70.82066869300911
E00081061,336,72,26,46,264,25,239,21.428571428571427,7.738095238095238,13.690476190476192,78.57142857142857,7.440476190476191,71.13095238095238
E00081062,270,43,21,22,227,22,205,15.925925925925927,7.777777777777778,8.148148148148149,84.07407407407408,8.148148148148149,75.92592592592592
E00081063,429,78,31,47,351,19,332,18.181818181818183,7.226107226107226,10.955710955710956,81.81818181818183,4.428904428904429,77.3892773892774
E00081065,318,65,24,41,253,21,232,20.440251572327046,7.547169811320755,12.89308176100629,79.55974842767296,6.60377358490566,72.95597484276729
E00081066,316,72,34,38,244,28,216,22.78481012658228,10.759493670886076,12.025316455696203,77.21518987341773,8.860759493670885,68.35443037974683
E00081067,304,67,26,41,237,26,211,22.039473684210524,8.552631578947368,13.486842105263158,77.96052631578947,8.552631578947368,69.4078947368421
E00081068,327,60,20,40,267,15,252,18.34862385321101,6.116207951070336,12.232415902140673,81.65137614678899,4.587155963302752,77.06422018348624
E00081069,372,53,18,35,319,25,294,14.24731182795699,4.838709677419355,9.408602150537634,85.75268817204301,6.720430107526881,79.03225806451613
E00081071,318,69,26,43,249,16,233,21.69811320754717,8.176100628930817,13.522012578616351,78.30188679245283,5.031446540880504,73.27044025157232
E00081072,290,66,29,37,224,22,202,22.758620689655174,10,12.758620689655173,77.24137931034483,7.586206896551724,69.6551724137931
E00081073,402,118,48,70,284,21,263,29.35323383084577,11.940298507462686,17.412935323383085,70.64676616915423,5.223880597014925,65.4228855721393
E00081074,353,68,24,44,285,17,268,19.263456090651555,6.79886685552408,12.464589235127479,80.73654390934844,4.815864022662889,75.92067988668555
E00081075,331,69,31,38,262,25,237,20.84592145015106,9.365558912386707,11.48036253776435,79.15407854984893,7.552870090634441,71.6012084592145
E00081076,258,92,42,50,166,10,156,35.65891472868217,16.27906976744186,19.379844961240313,64.34108527131784,3.875968992248062,60.46511627906976
E00081077,332,45,15,30,287,22,265,13.55421686746988,4.518072289156627,9.036144578313253,86.44578313253012,6.626506024096386,79.81927710843374
E00081078,334,54,20,34,280,19,261,16.16766467065868,5.9880239520958085,10.179640718562874,83.8323353293413,5.688622754491018,78.1437125748503
E00081079,318,48,20,28,270,26,244,15.09433962264151,6.289308176100629,8.80503144654088,84.90566037735849,8.176100628930817,76.72955974842768
E00081080,329,51,23,28,278,20,258,15.501519756838904,6.990881458966565,8.51063829787234,84.49848024316108,6.079027355623101,78.419452887538
E00081081,381,69,33,36,312,28,284,18.11023622047244,8.661417322834646,9.448818897637794,81.88976377952756,7.349081364829396,74.54068241469817
E00081082,387,57,24,33,330,31,299,14.728682170542637,6.2015503875969,8.527131782945736,85.27131782945736,8.010335917312661,77.2609819121447
E00081083,476,83,38,45,393,35,358,17.436974789915965,7.9831932773109235,9.453781512605042,82.56302521008404,7.352941176470589,75.21008403361344
E00081084,327,54,20,34,273,24,249,16.51376146788991,6.116207951070336,10.397553516819572,83.4862385321101,7.339449541284404,76.14678899082568
E00081085,334,71,30,41,263,26,237,21.25748502994012,8.982035928143713,12.275449101796406,78.74251497005989,7.784431137724551,70.95808383233533
E00081086,328,51,22,29,277,25,252,15.548780487804878,6.707317073170732,8.841463414634147,84.45121951219512,7.621951219512195,76.82926829268293
E00081087,290,57,19,38,233,22,211,19.655172413793103,6.551724137931035,13.10344827586207,80.3448275862069,7.586206896551724,72.75862068965517
E00081088,354,79,30,49,275,21,254,22.316384180790962,8.47457627118644,13.841807909604519,77.68361581920904,5.932203389830509,71.75141242937853
E00081089,506,92,35,57,414,34,380,18.181818181818183,6.91699604743083,11.264822134387352,81.81818181818183,6.719367588932807,75.09881422924902
E00081090,405,59,20,39,346,18,328,14.5679012345679,4.938271604938271,9.62962962962963,85.4320987654321,4.444444444444445,80.98765432098766
E00081091,347,58,28,30,289,18,271,16.714697406340058,8.069164265129682,8.645533141210375,83.28530259365994,5.187319884726225,78.09798270893373
E00081092,362,50,18,32,312,21,291,13.812154696132598,4.972375690607735,8.83977900552486,86.1878453038674,5.801104972375691,80.38674033149171
E00081093,313,65,38,27,248,14,234,20.766773162939298,12.140575079872203,8.626198083067091,79.2332268370607,4.472843450479233,74.76038338658148
E00081094,342,61,28,33,281,14,267,17.83625730994152,8.187134502923977,9.649122807017543,82.16374269005848,4.093567251461988,78.0701754385965
E00081095,385,77,30,47,308,16,292,20,7.792207792207792,12.207792207792208,80,4.1558441558441555,75.84415584415585
E00081096,401,77,27,50,324,18,306,19.201995012468828,6.733167082294264,12.468827930174564,80.79800498753117,4.488778054862843,76.30922693266832
E00081097,292,55,24,31,237,10,227,18.835616438356166,8.21917808219178,10.616438356164384,81.16438356164383,3.4246575342465753,77.73972602739725
E00081098,335,64,28,36,271,22,249,19.1044776119403,8.358208955223882,10.746268656716417,80.8955223880597,6.567164179104477,74.32835820895522
E00081099,368,95,41,54,273,17,256,25.815217391304344,11.141304347826086,14.673913043478262,74.18478260869566,4.619565217391304,69.56521739130434
E00081100,406,79,38,41,327,19,308,19.458128078817737,9.35960591133005,10.098522167487685,80.54187192118226,4.679802955665025,75.86206896551724
E00081101,316,63,23,40,253,19,234,19.936708860759495,7.2784810126582276,12.658227848101266,80.0632911392405,6.012658227848101,74.0506329113924
E00081102,294,45,12,33,249,18,231,15.306122448979592,4.081632653061225,11.224489795918368,84.6938775510204,6.122448979591836,78.57142857142857
E00081103,375,66,22,44,309,25,284,17.599999999999998,5.866666666666666,11.733333333333333,82.39999999999999,6.666666666666667,75.73333333333333
E00081104,381,58,27,31,323,36,287,15.223097112860891,7.086614173228346,8.136482939632545,84.7769028871391,9.448818897637794,75.32808398950131
E00081105,352,57,25,32,295,10,285,16.193181818181817,7.1022727272727275,9.090909090909092,83.80681818181817,2.840909090909091,80.9659090909091
E00081106,349,65,24,41,284,15,269,18.624641833810887,6.876790830945559,11.74785100286533,81.37535816618912,4.297994269340974,77.07736389684814
E00081107,336,47,9,38,289,25,264,13.988095238095239,2.6785714285714284,11.30952380952381,86.01190476190477,7.440476190476191,78.57142857142857
E00081108,346,59,30,29,287,22,265,17.052023121387283,8.670520231213873,8.38150289017341,82.94797687861272,6.358381502890173,76.58959537572254
E00081109,354,69,36,33,285,15,270,19.491525423728813,10.16949152542373,9.322033898305085,80.50847457627118,4.23728813559322,76.27118644067797
E00081110,331,47,21,26,284,25,259,14.19939577039275,6.3444108761329305,7.854984894259818,85.80060422960725,7.552870090634441,78.24773413897282
E00081111,353,52,21,31,301,34,267,14.730878186968837,5.94900849858357,8.78186968838527,85.26912181303116,9.631728045325778,75.63739376770539
E00081112,353,74,25,49,279,29,250,20.96317280453258,7.0821529745042495,13.881019830028329,79.03682719546742,8.21529745042493,70.82152974504248
E00081113,339,72,31,41,267,35,232,21.238938053097346,9.144542772861357,12.094395280235988,78.76106194690266,10.32448377581121,68.43657817109144
E00081114,336,50,24,26,286,20,266,14.880952380952381,7.142857142857142,7.738095238095238,85.11904761904762,5.952380952380952,79.16666666666666
E00081115,341,46,22,24,295,18,277,13.48973607038123,6.451612903225806,7.038123167155426,86.51026392961877,5.278592375366569,81.23167155425219
E00081116,305,54,22,32,251,19,232,17.704918032786885,7.213114754098362,10.491803278688524,82.29508196721311,6.229508196721312,76.0655737704918
E00081117,319,50,23,27,269,23,246,15.673981191222571,7.210031347962382,8.463949843260188,84.32601880877742,7.210031347962382,77.11598746081505
E00081118,425,98,46,52,327,17,310,23.058823529411764,10.823529411764705,12.23529411764706,76.94117647058823,4,72.94117647058823
E00081119,307,43,12,31,264,21,243,14.006514657980457,3.908794788273615,10.097719869706841,85.99348534201955,6.840390879478828,79.15309446254072
E00081120,401,61,31,30,340,19,321,15.211970074812967,7.73067331670823,7.4812967581047385,84.78802992518703,4.738154613466334,80.0498753117207
E00081121,351,72,24,48,279,30,249,20.51282051282051,6.837606837606838,13.675213675213676,79.48717948717949,8.547008547008547,70.94017094017094
E00081122,339,57,22,35,282,30,252,16.8141592920354,6.489675516224189,10.32448377581121,83.1858407079646,8.849557522123893,74.33628318584071
E00081123,367,48,21,27,319,19,300,13.079019073569482,5.722070844686648,7.3569482288828345,86.92098092643052,5.177111716621254,81.74386920980926
E00081124,417,57,18,39,360,26,334,13.66906474820144,4.316546762589928,9.352517985611511,86.33093525179856,6.235011990407674,80.0959232613909
E00081125,294,53,19,34,241,21,220,18.027210884353742,6.462585034013606,11.564625850340136,81.97278911564626,7.142857142857142,74.82993197278913
E00081126,335,72,31,41,263,20,243,21.492537313432834,9.253731343283581,12.238805970149254,78.50746268656717,5.970149253731343,72.53731343283583
E00081127,367,68,32,36,299,19,280,18.52861035422343,8.71934604904632,9.809264305177113,81.47138964577657,5.177111716621254,76.29427792915531
E00081128,325,65,23,42,260,22,238,20,7.076923076923077,12.923076923076923,80,6.769230769230769,73.23076923076923
E00081129,383,59,24,35,324,24,300,15.404699738903393,6.266318537859007,9.138381201044385,84.59530026109661,6.266318537859007,78.3289817232376
E00081130,347,53,17,36,294,12,282,15.273775216138327,4.899135446685879,10.37463976945245,84.72622478386167,3.45821325648415,81.26801152737752
E00081131,311,35,15,20,276,13,263,11.254019292604502,4.823151125401929,6.430868167202572,88.7459807073955,4.180064308681672,84.56591639871382
E00081132,262,51,19,32,211,15,196,19.46564885496183,7.251908396946565,12.213740458015266,80.53435114503816,5.7251908396946565,74.80916030534351
E00081133,354,53,17,36,301,25,276,14.971751412429379,4.80225988700565,10.16949152542373,85.02824858757062,7.062146892655368,77.96610169491525
E00081134,397,44,11,33,353,28,325,11.083123425692696,2.770780856423174,8.312342569269521,88.9168765743073,7.052896725440807,81.86397984886649
E00081135,546,50,11,39,496,53,443,9.157509157509157,2.0146520146520146,7.142857142857142,90.84249084249085,9.706959706959708,81.13553113553114
E00081136,273,53,24,29,220,14,206,19.413919413919416,8.791208791208792,10.622710622710622,80.58608058608058,5.128205128205128,75.45787545787546
E00081137,409,74,31,43,335,26,309,18.09290953545232,7.579462102689487,10.513447432762836,81.90709046454768,6.356968215158925,75.55012224938875
E00081138,282,50,17,33,232,28,204,17.73049645390071,6.028368794326241,11.702127659574469,82.26950354609929,9.929078014184398,72.3404255319149
E00081139,247,31,9,22,216,19,197,12.550607287449392,3.643724696356275,8.906882591093117,87.4493927125506,7.6923076923076925,79.75708502024291
E00081140,388,94,54,40,294,25,269,24.22680412371134,13.917525773195877,10.309278350515463,75.77319587628865,6.443298969072164,69.3298969072165
E00081141,305,30,11,19,275,22,253,9.836065573770492,3.606557377049181,6.229508196721312,90.1639344262295,7.213114754098362,82.95081967213115
E00081142,307,39,11,28,268,28,240,12.703583061889251,3.5830618892508146,9.120521172638437,87.29641693811075,9.120521172638437,78.17589576547232
E00081143,353,54,19,35,299,26,273,15.29745042492918,5.382436260623229,9.91501416430595,84.70254957507082,7.365439093484419,77.33711048158641
E00081144,324,51,16,35,273,17,256,15.74074074074074,4.938271604938271,10.802469135802468,84.25925925925925,5.246913580246913,79.01234567901234
E00081145,308,33,12,21,275,16,259,10.714285714285714,3.896103896103896,6.8181818181818175,89.28571428571429,5.194805194805195,84.0909090909091
E00081146,319,49,18,31,270,29,241,15.360501567398119,5.6426332288401255,9.717868338557993,84.63949843260188,9.090909090909092,75.54858934169279
E00081147,216,32,14,18,184,19,165,14.814814814814813,6.481481481481481,8.333333333333332,85.18518518518519,8.796296296296296,76.38888888888889
E00081148,326,50,20,30,276,25,251,15.337423312883436,6.134969325153374,9.202453987730062,84.66257668711657,7.668711656441718,76.99386503067484
E00081149,300,42,8,34,258,21,237,14.000000000000002,2.666666666666667,11.333333333333332,86,7.000000000000001,79
E00081150,300,40,8,32,260,21,239,13.333333333333334,2.666666666666667,10.666666666666668,86.66666666666667,7.000000000000001,79.66666666666666
E00081151,313,55,27,28,258,24,234,17.57188498402556,8.626198083067091,8.945686900958465,82.42811501597444,7.667731629392971,74.76038338658148
E00081152,393,52,25,27,341,34,307,13.231552162849871,6.361323155216285,6.870229007633588,86.76844783715013,8.651399491094146,78.11704834605598
E00081153,297,30,3,27,267,25,242,10.1010101010101,1.0101010101010102,9.090909090909092,89.8989898989899,8.417508417508419,81.48148148148148
E00081154,299,38,14,24,261,19,242,12.709030100334449,4.682274247491638,8.02675585284281,87.29096989966555,6.354515050167224,80.93645484949833
E00081155,473,41,12,29,432,32,400,8.668076109936575,2.536997885835095,6.13107822410148,91.33192389006342,6.765327695560254,84.56659619450318
E00081156,339,34,14,20,305,30,275,10.029498525073747,4.129793510324483,5.899705014749262,89.97050147492625,8.849557522123893,81.12094395280236
E00081157,262,38,10,28,224,22,202,14.50381679389313,3.816793893129771,10.687022900763358,85.49618320610686,8.396946564885496,77.09923664122137
E00081158,271,44,21,23,227,19,208,16.236162361623617,7.7490774907749085,8.487084870848708,83.76383763837639,7.011070110701106,76.75276752767527
E00081159,239,29,6,23,210,23,187,12.133891213389122,2.510460251046025,9.623430962343097,87.86610878661088,9.623430962343097,78.24267782426779
E00081160,320,49,20,29,271,23,248,15.312500000000002,6.25,9.0625,84.6875,7.187499999999999,77.5
E00081161,287,42,21,21,245,21,224,14.634146341463413,7.317073170731707,7.317073170731707,85.36585365853658,7.317073170731707,78.04878048780488
E00081162,298,47,17,30,251,16,235,15.771812080536913,5.704697986577181,10.06711409395973,84.22818791946308,5.369127516778524,78.85906040268456
E00081163,302,54,32,22,248,17,231,17.880794701986755,10.596026490066226,7.28476821192053,82.11920529801324,5.629139072847682,76.49006622516556
E00081164,383,52,18,34,331,24,307,13.577023498694519,4.699738903394255,8.87728459530026,86.42297650130548,6.266318537859007,80.15665796344648
E00081165,340,64,30,34,276,17,259,18.823529411764707,8.823529411764707,10,81.17647058823529,5,76.17647058823529
E00081166,346,35,12,23,311,19,292,10.115606936416185,3.4682080924855487,6.6473988439306355,89.88439306358381,5.491329479768786,84.39306358381504
E00081167,294,35,13,22,259,24,235,11.904761904761903,4.421768707482993,7.482993197278912,88.09523809523809,8.16326530612245,79.93197278911565
E00081168,360,63,28,35,297,30,267,17.5,7.777777777777778,9.722222222222223,82.5,8.333333333333332,74.16666666666667
E00081169,273,41,19,22,232,19,213,15.018315018315018,6.95970695970696,8.058608058608058,84.98168498168498,6.95970695970696,78.02197802197803
E00081170,275,36,15,21,239,18,221,13.090909090909092,5.454545454545454,7.636363636363637,86.9090909090909,6.545454545454546,80.36363636363636
E00081171,312,71,38,33,241,21,220,22.756410256410255,12.179487179487179,10.576923076923077,77.24358974358975,6.730769230769231,70.51282051282051
E00081172,384,83,38,45,301,30,271,21.614583333333336,9.895833333333332,11.71875,78.38541666666666,7.8125,70.57291666666666
E00081173,257,30,5,25,227,30,197,11.673151750972762,1.9455252918287937,9.72762645914397,88.32684824902724,11.673151750972762,76.65369649805449
E00081174,320,90,47,43,230,23,207,28.125,14.6875,13.4375,71.875,7.187499999999999,64.6875
E00081175,277,44,16,28,233,19,214,15.884476534296029,5.776173285198556,10.108303249097473,84.11552346570397,6.859205776173286,77.25631768953069
E00081176,270,40,12,28,230,18,212,14.814814814814813,4.444444444444445,10.37037037037037,85.18518518518519,6.666666666666667,78.51851851851852
E00081177,301,46,24,22,255,24,231,15.282392026578073,7.973421926910299,7.308970099667775,84.71760797342192,7.973421926910299,76.74418604651163
E00081178,323,63,27,36,260,31,229,19.5046439628483,8.359133126934983,11.145510835913312,80.4953560371517,9.597523219814242,70.89783281733746
E00081179,345,48,19,29,297,22,275,13.91304347826087,5.507246376811594,8.405797101449275,86.08695652173914,6.3768115942028984,79.71014492753623
E00081180,259,53,22,31,206,23,183,20.463320463320464,8.494208494208493,11.96911196911197,79.53667953667953,8.880308880308881,70.65637065637065
E00081181,332,47,15,32,285,22,263,14.156626506024098,4.518072289156627,9.63855421686747,85.8433734939759,6.626506024096386,79.21686746987952
E00081182,311,55,21,34,256,25,231,17.684887459807076,6.752411575562702,10.932475884244374,82.31511254019293,8.038585209003216,74.27652733118971
E00081183,319,60,22,38,259,23,236,18.808777429467085,6.896551724137931,11.912225705329153,81.19122257053291,7.210031347962382,73.98119122257053
E00081184,299,66,31,35,233,17,216,22.073578595317723,10.367892976588628,11.705685618729097,77.92642140468227,5.68561872909699,72.24080267558529
E00081185,325,34,9,25,291,27,264,10.461538461538462,2.769230769230769,7.6923076923076925,89.53846153846153,8.307692307692308,81.23076923076923
E00081186,331,54,24,30,277,21,256,16.314199395770395,7.250755287009064,9.06344410876133,83.68580060422961,6.3444108761329305,77.34138972809667
E00081187,351,56,20,36,295,34,261,15.954415954415953,5.698005698005698,10.256410256410255,84.04558404558404,9.686609686609685,74.35897435897436
E00081188,241,49,20,29,192,14,178,20.33195020746888,8.29875518672199,12.033195020746888,79.66804979253112,5.809128630705394,73.85892116182573
E00081189,360,53,21,32,307,23,284,14.722222222222223,5.833333333333333,8.88888888888889,85.27777777777777,6.388888888888888,78.88888888888889
E00081190,287,74,45,29,213,13,200,25.78397212543554,15.6794425087108,10.104529616724738,74.21602787456446,4.529616724738676,69.68641114982579
E00081191,351,44,15,29,307,18,289,12.535612535612536,4.273504273504273,8.262108262108262,87.46438746438746,5.128205128205128,82.33618233618233
E00081192,428,58,28,30,370,32,338,13.551401869158877,6.5420560747663545,7.009345794392523,86.44859813084112,7.476635514018691,78.97196261682244
E00081193,269,40,18,22,229,15,214,14.869888475836431,6.691449814126393,8.178438661710038,85.13011152416357,5.5762081784386615,79.5539033457249
E00081194,152,61,35,26,91,5,86,40.131578947368425,23.026315789473685,17.105263157894736,59.86842105263158,3.289473684210526,56.57894736842105
E00081195,312,51,19,32,261,15,246,16.346153846153847,6.089743589743589,10.256410256410255,83.65384615384616,4.807692307692308,78.84615384615384
E00081196,363,63,28,35,300,23,277,17.355371900826448,7.7134986225895315,9.641873278236915,82.64462809917356,6.336088154269973,76.30853994490359
E00081197,301,50,23,27,251,8,243,16.611295681063122,7.641196013289036,8.970099667774086,83.38870431893687,2.6578073089700998,80.73089700996677
E00081198,347,58,29,29,289,24,265,16.714697406340058,8.357348703170029,8.357348703170029,83.28530259365994,6.9164265129683,76.36887608069163
E00081199,351,64,21,43,287,15,272,18.233618233618234,5.982905982905983,12.250712250712251,81.76638176638177,4.273504273504273,77.49287749287748
E00081200,332,49,19,30,283,22,261,14.759036144578314,5.72289156626506,9.036144578313253,85.2409638554217,6.626506024096386,78.6144578313253
E00081201,343,66,21,45,277,16,261,19.24198250728863,6.122448979591836,13.119533527696792,80.75801749271136,4.664723032069971,76.0932944606414
E00081202,479,90,39,51,389,37,352,18.789144050104383,8.1419624217119,10.647181628392484,81.21085594989562,7.724425887265135,73.48643006263048
E00081203,203,63,24,39,140,13,127,31.03448275862069,11.822660098522167,19.21182266009852,68.96551724137932,6.403940886699508,62.5615763546798
E00081204,423,78,38,40,345,26,319,18.439716312056735,8.983451536643026,9.456264775413711,81.56028368794325,6.1465721040189125,75.41371158392435
E00081205,275,82,37,45,193,14,179,29.818181818181817,13.454545454545455,16.363636363636363,70.18181818181817,5.090909090909091,65.0909090909091
E00081206,310,52,21,31,258,14,244,16.7741935483871,6.774193548387098,10,83.22580645161291,4.516129032258064,78.70967741935485
E00081207,475,75,44,31,400,37,363,15.789473684210526,9.263157894736842,6.526315789473684,84.21052631578947,7.7894736842105265,76.42105263157895
E00081208,316,118,60,58,198,20,178,37.34177215189873,18.9873417721519,18.354430379746837,62.65822784810127,6.329113924050633,56.32911392405063
E00081209,175,51,28,23,124,13,111,29.142857142857142,16,13.142857142857142,70.85714285714285,7.428571428571429,63.42857142857142
E00081210,296,46,19,27,250,20,230,15.54054054054054,6.418918918918918,9.121621621621621,84.45945945945947,6.756756756756757,77.7027027027027
E00081211,333,60,23,37,273,25,248,18.01801801801802,6.906906906906906,11.11111111111111,81.98198198198197,7.5075075075075075,74.47447447447448
E00081212,217,46,15,31,171,18,153,21.19815668202765,6.912442396313365,14.285714285714285,78.80184331797236,8.294930875576037,70.50691244239631
E00081213,295,66,24,42,229,23,206,22.372881355932204,8.135593220338983,14.237288135593221,77.62711864406779,7.796610169491526,69.83050847457626
E00081214,255,79,34,45,176,13,163,30.980392156862745,13.333333333333334,17.647058823529413,69.01960784313725,5.098039215686274,63.921568627450974
E00081215,298,53,24,29,245,19,226,17.78523489932886,8.053691275167784,9.731543624161073,82.21476510067114,6.375838926174497,75.83892617449665
E00081216,374,64,22,42,310,27,283,17.11229946524064,5.88235294117647,11.229946524064172,82.88770053475936,7.219251336898395,75.66844919786097
E00081217,352,92,53,39,260,29,231,26.136363636363637,15.056818181818182,11.079545454545455,73.86363636363636,8.238636363636363,65.625
E00081218,363,77,39,38,286,23,263,21.21212121212121,10.743801652892563,10.46831955922865,78.78787878787878,6.336088154269973,72.45179063360881
E00081219,370,82,41,41,288,32,256,22.162162162162165,11.081081081081082,11.081081081081082,77.83783783783784,8.64864864864865,69.1891891891892
E00081220,303,49,17,32,254,14,240,16.17161716171617,5.6105610561056105,10.561056105610561,83.82838283828383,4.62046204620462,79.20792079207921
E00081221,285,79,38,41,206,13,193,27.719298245614034,13.333333333333334,14.385964912280702,72.28070175438597,4.56140350877193,67.71929824561404
E00081222,365,68,29,39,297,15,282,18.63013698630137,7.9452054794520555,10.684931506849315,81.36986301369863,4.10958904109589,77.26027397260275
E00081223,339,97,40,57,242,13,229,28.613569321533923,11.799410029498524,16.8141592920354,71.38643067846607,3.8348082595870205,67.55162241887905
E00081224,333,76,36,40,257,25,232,22.822822822822822,10.81081081081081,12.012012012012011,77.17717717717719,7.5075075075075075,69.66966966966966
E00081225,257,64,42,22,193,20,173,24.90272373540856,16.342412451361866,8.560311284046692,75.09727626459144,7.782101167315175,67.31517509727627
E00081226,372,52,22,30,320,10,310,13.978494623655912,5.913978494623656,8.064516129032258,86.02150537634408,2.6881720430107525,83.33333333333334
E00081227,385,46,11,35,339,20,319,11.948051948051948,2.857142857142857,9.090909090909092,88.05194805194805,5.194805194805195,82.85714285714286
E00081228,319,57,24,33,262,19,243,17.86833855799373,7.523510971786834,10.344827586206897,82.13166144200626,5.956112852664576,76.17554858934169
E00081229,426,80,40,40,346,9,337,18.779342723004692,9.389671361502346,9.389671361502346,81.2206572769953,2.112676056338028,79.10798122065728
E00081230,320,50,19,31,270,24,246,15.625,5.9375,9.6875,84.375,7.5,76.875
E00081231,226,52,29,23,174,14,160,23.008849557522122,12.831858407079647,10.176991150442479,76.99115044247787,6.1946902654867255,70.79646017699115
E00081232,265,56,29,27,209,17,192,21.132075471698116,10.943396226415095,10.18867924528302,78.8679245283019,6.415094339622642,72.45283018867924
E00081233,361,66,30,36,295,18,277,18.282548476454295,8.310249307479225,9.97229916897507,81.7174515235457,4.986149584487535,76.73130193905817
E00081234,331,58,27,31,273,11,262,17.522658610271904,8.157099697885197,9.365558912386707,82.4773413897281,3.3232628398791544,79.15407854984893
E00081235,224,73,40,33,151,19,132,32.589285714285715,17.857142857142858,14.732142857142858,67.41071428571429,8.482142857142858,58.92857142857143
E00081236,401,96,46,50,305,24,281,23.940149625935163,11.471321695760599,12.468827930174564,76.05985037406484,5.985037406483791,70.07481296758104
E00081237,444,84,39,45,360,33,327,18.91891891891892,8.783783783783784,10.135135135135135,81.08108108108108,7.4324324324324325,73.64864864864865
E00081238,274,64,33,31,210,19,191,23.357664233576642,12.043795620437956,11.313868613138686,76.64233576642336,6.934306569343065,69.7080291970803
E00081239,345,51,9,42,294,23,271,14.782608695652174,2.608695652173913,12.173913043478262,85.21739130434783,6.666666666666667,78.55072463768116
E00081240,219,30,11,19,189,16,173,13.698630136986301,5.0228310502283104,8.67579908675799,86.3013698630137,7.30593607305936,78.99543378995433
E00081241,200,27,8,19,173,20,153,13.5,4,9.5,86.5,10,76.5
E00081242,447,44,15,29,403,36,367,9.843400447427292,3.3557046979865772,6.487695749440715,90.1565995525727,8.053691275167784,82.10290827740492
E00081243,288,64,22,42,224,19,205,22.22222222222222,7.638888888888889,14.583333333333334,77.77777777777779,6.597222222222222,71.18055555555556
E00081244,331,43,18,25,288,28,260,12.990936555891238,5.438066465256798,7.552870090634441,87.00906344410876,8.459214501510575,78.54984894259819
E00081245,386,44,13,31,342,33,309,11.398963730569948,3.3678756476683938,8.031088082901555,88.60103626943005,8.549222797927461,80.05181347150258
E00081246,374,61,30,31,313,22,291,16.31016042780749,8.0213903743315509,8.288770053475936,83.68983957219251,5.88235294117647,77.80748663101605
E00081247,345,61,25,36,284,31,253,17.681159420289855,7.246376811594203,10.434782608695652,82.31884057971014,8.985507246376812,73.33333333333333
E00081250,262,54,23,31,208,24,184,20.610687022900763,8.778625954198473,11.83206106870229,79.38931297709924,9.16030534351145,70.22900763358778
E00081252,336,53,24,29,283,27,256,15.773809523809524,7.142857142857142,8.630952380952381,84.22619047619048,8.035714285714286,76.19047619047619
E00081253,441,77,41,36,364,17,347,17.46031746031746,9.297052154195011,8.16326530612245,82.53968253968253,3.8548752834467117,78.68480725623583
E00081254,515,53,18,35,462,27,435,10.29126213592233,3.4951456310679614,6.796116504854369,89.70873786407768,5.242718446601942,84.46601941747572
E00081256,260,60,25,35,200,23,177,23.076923076923077,9.615384615384617,13.461538461538462,76.92307692307693,8.846153846153847,68.07692307692308
E00081257,338,63,29,34,275,31,244,18.639053254437872,8.579881656804734,10.059171597633137,81.36094674556213,9.171597633136095,72.18934911242604
E00081258,354,83,41,42,271,23,248,23.44632768361582,11.581920903954803,11.864406779661017,76.55367231638418,6.497175141242938,70.05649717514125
E00081259,236,46,23,23,190,14,176,19.491525423728813,9.745762711864407,9.745762711864407,80.50847457627118,5.932203389830509,74.57627118644068
E00081260,265,46,12,34,219,30,189,17.358490566037734,4.528301886792453,12.830188679245284,82.64150943396227,11.320754716981133,71.32075471698113
E00081261,287,53,23,30,234,15,219,18.466898954703833,8.013937282229964,10.452961672473867,81.53310104529616,5.2264808362369335,76.30662020905923
E00081262,281,53,24,29,228,16,212,18.86120996441281,8.540925266903916,10.320284697508896,81.13879003558719,5.6939501779359425,75.44483985765125
E00081263,265,57,26,31,208,19,189,21.50943396226415,9.811320754716983,11.69811320754717,78.49056603773586,7.169811320754717,71.32075471698113
E00081264,261,51,16,35,210,22,188,19.54022988505747,6.130268199233716,13.409961685823754,80.45977011494253,8.42911877394636,72.03065134099617
E00081265,240,47,22,25,193,15,178,19.583333333333332,9.166666666666666,10.416666666666668,80.41666666666667,6.25,74.16666666666667
E00081266,321,45,15,30,276,25,251,14.018691588785046,4.672897196261682,9.345794392523365,85.98130841121495,7.78816199376947,78.19314641744548
E00081267,292,61,27,34,231,23,208,20.89041095890411,9.246575342465754,11.643835616438356,79.1095890410959,7.876712328767123,71.23287671232876
E00081268,188,50,27,23,138,14,124,26.595744680851062,14.361702127659576,12.23404255319149,73.40425531914893,7.446808510638298,65.95744680851064
E00081269,309,62,35,27,247,18,229,20.06472491909385,11.326860841423949,8.737864077669903,79.93527508090615,5.825242718446602,74.11003236245955
E00081270,349,79,38,41,270,24,246,22.636103151862464,10.888252148997136,11.74785100286533,77.36389684813754,6.876790830945559,70.48710601719198
E00081271,343,65,31,34,278,21,257,18.950437317784257,9.037900874635568,9.912536443148689,81.04956268221575,6.122448979591836,74.9271137026239
E00081272,359,63,27,36,296,35,261,17.548746518105848,7.520891364902507,10.027855153203342,82.45125348189416,9.749303621169917,72.70194986072424
E00081273,371,77,25,52,294,25,269,20.754716981132077,6.738544474393531,14.016172506738545,79.24528301886792,6.738544474393531,72.50673854447439
E00081274,241,26,8,18,215,17,198,10.78838174273859,3.319502074688797,7.468879668049793,89.21161825726142,7.053941908713693,82.15767634854771
E00081275,388,87,45,42,301,23,278,22.422680412371136,11.597938144329897,10.824742268041238,77.57731958762886,5.927835051546391,71.64948453608247
E00081276,278,46,10,36,232,13,219,16.546762589928058,3.5971223021582732,12.949640287769784,83.45323741007195,4.676258992805756,78.77697841726618
E00081277,412,93,46,47,319,30,289,22.572815533980584,11.165048543689322,11.407766990291263,77.42718446601941,7.281553398058252,70.14563106796116
E00081278,289,39,11,28,250,24,226,13.494809688581316,3.8062283737024223,9.688581314878892,86.50519031141869,8.304498269896193,78.20069204152249
E00081279,435,69,28,41,366,30,336,15.862068965517242,6.436781609195402,9.425287356321839,84.13793103448276,6.896551724137931,77.24137931034483
E00081280,327,53,16,37,274,32,242,16.207951070336392,4.892966360856269,11.314984709480122,83.79204892966361,9.785932721712538,74.00611620795107
E00081281,310,36,16,20,274,30,244,11.612903225806452,5.161290322580645,6.451612903225806,88.38709677419355,9.67741935483871,78.70967741935485
E00081282,330,40,15,25,290,33,257,12.121212121212121,4.545454545454546,7.575757575757576,87.87878787878788,10,77.87878787878788
E00081283,282,61,21,40,221,22,199,21.631205673758867,7.446808510638298,14.184397163120568,78.36879432624113,7.801418439716312,70.56737588652481
E00081284,276,31,8,23,245,24,221,11.231884057971014,2.898550724637681,8.333333333333332,88.76811594202898,8.695652173913043,80.07246376811594
E00081285,252,77,34,43,175,19,156,30.555555555555557,13.492063492063492,17.063492063492063,69.44444444444444,7.5396825396825395,61.904761904761905
E00081286,352,100,52,48,252,19,233,28.40909090909091,14.772727272727273,13.636363636363635,71.5909090909091,5.3977272727272725,66.19318181818183
E00081287,258,64,31,33,194,13,181,24.8062015503876,12.015503875968992,12.790697674418606,75.1937984496124,5.038759689922481,70.15503875968993
E00081288,436,63,29,34,373,27,346,14.449541284403669,6.651376146788992,7.79816513761468,85.55045871559633,6.192660550458716,79.35779816513761
E00081289,363,59,22,37,304,21,283,16.2534435261708,6.0606060606060606,10.192837465564738,83.7465564738292,5.785123966942149,77.96143250688705
E00081290,366,60,21,39,306,20,286,16.39344262295082,5.737704918032787,10.655737704918032,83.60655737704919,5.46448087431694,78.14207650273224
E00081291,357,87,32,55,270,19,251,24.369747899159663,8.96358543417367,15.406162464985995,75.63025210084034,5.322128851540616,70.30812324929971
E00081292,393,71,29,42,322,17,305,18.06615776081425,7.37913486005089,10.687022900763358,81.93384223918575,4.325699745547073,77.60814249363868
E00081293,284,33,9,24,251,22,229,11.619718309859154,3.169014084507042,8.450704225352112,88.38028169014085,7.746478873239436,80.63380281690141
E00081294,248,37,15,22,211,19,192,14.919354838709678,6.048387096774194,8.870967741935484,85.08064516129032,7.661290322580645,77.41935483870968
E00081295,273,33,13,20,240,23,217,12.087912087912088,4.761904761904762,7.326007326007327,87.91208791208791,8.424908424908425,79.48717948717949
E00081296,182,91,47,44,91,15,76,50,25.82417582417583,24.175824175824175,50,8.241758241758241,41.75824175824176
E00081297,300,31,20,11,269,28,241,10.333333333333334,6.666666666666667,3.6666666666666665,89.66666666666666,9.333333333333334,80.33333333333333
E00081298,304,43,10,33,261,27,234,14.144736842105262,3.289473684210526,10.855263157894738,85.85526315789474,8.881578947368421,76.97368421052632
E00081299,334,62,27,35,272,20,252,18.562874251497004,8.08383233532934,10.479041916167663,81.437125748502993,5.9880239520958085,75.44910179640718
E00081300,379,58,26,32,321,33,288,15.303430079155673,6.860158311345646,8.443271767810026,84.69656992084433,8.70712401055409,75.98944591029023
E00081301,344,46,12,34,298,28,270,13.372093023255813,3.488372093023256,9.883720930232558,86.62790697674419,8.13953488372093,78.48837209302324
E00081302,332,44,13,31,288,33,255,13.253012048192772,3.91566265060241,9.33734939759036,86.74698795180723,9.939759036144578,76.80722891566265
E00081303,333,33,11,22,300,23,277,9.90990990990991,3.303303303303303,6.606606606606606,90.09009009009009,6.906906906906906,83.18318318318319
E00081304,271,33,13,20,238,19,219,12.177121771217712,4.797047970479705,7.380073800738007,87.82287822878229,7.011070110701106,80.81180811808119
E00081305,362,36,12,24,326,26,300,9.94475138121547,3.314917127071823,6.629834254143646,90.05524861878453,7.18232044198895,82.87292817679558
E00081306,412,45,11,34,367,27,340,10.922330097087379,2.669902912621359,8.25242718446602,89.07766990291263,6.553398058252427,82.52427184466019
E00081307,327,27,9,18,300,26,274,8.256880733944955,2.7522935779816518,5.5045871559633035,91.74311926605505,7.951070336391437,83.79204892966361
E00081308,460,58,18,40,402,37,365,12.608695652173912,3.91304347826087,8.695652173913043,87.39130434782608,8.043478260869565,79.34782608695652
E00081309,342,49,16,33,293,23,270,14.327485380116958,4.678362573099415,9.649122807017543,85.67251461988305,6.725146198830409,78.94736842105263
E00081310,357,46,10,36,311,29,282,12.885154061624648,2.801120448179272,10.084033613445378,87.11484593837535,8.123249299719888,78.99159663865547
E00081311,279,50,16,34,229,27,202,17.921146953405017,5.734767025089606,12.186379928315413,82.07885304659499,9.67741935483871,72.40143369175627
E00081312,310,85,32,53,225,19,206,27.419354838709676,10.32258064516129,17.096774193548388,72.58064516129032,6.129032258064516,66.45161290322581
E00081313,339,48,13,35,291,20,271,14.15929203539823,3.8348082595870205,10.32448377581121,85.84070796460178,5.899705014749262,79.9410029498525
E00081314,310,84,40,44,226,14,212,27.09677419354839,12.903225806451612,14.193548387096774,72.90322580645162,4.516129032258064,68.38709677419355
E00081315,220,45,21,24,175,19,156,20.454545454545457,9.545454545454547,10.909090909090908,79.54545454545455,8.636363636363637,70.9090909090909
E00081316,300,43,14,29,257,21,236,14.333333333333334,4.666666666666667,9.666666666666666,85.66666666666667,7.000000000000001,78.66666666666666
E00081317,360,48,16,32,312,37,275,13.333333333333334,4.444444444444445,8.88888888888889,86.66666666666667,10.277777777777777,76.38888888888889
E00081318,360,52,19,33,308,25,283,14.444444444444443,5.277777777777778,9.166666666666666,85.55555555555556,6.944444444444445,78.61111111111111
E00081319,297,46,16,30,251,25,226,15.488215488215488,5.387205387205387,10.1010101010101,84.51178451178451,8.417508417508419,76.0942760942761
E00081320,377,75,26,49,302,32,270,19.893899204244033,6.896551724137931,12.9973474801061,80.10610079575596,8.488063660477453,71.61803713527851
E00081321,298,44,13,31,254,29,225,14.76510067114094,4.3624161073825505,10.40268456375839,85.23489932885906,9.731543624161073,75.50335570469798
E00081322,358,43,16,27,315,24,291,12.011173184357542,4.4692737430167595,7.5418994413407825,87.98882681564247,6.70391061452514,81.28491620111731
E00081323,324,46,11,35,278,30,248,14.19753086419753,3.3950617283950617,10.802469135802468,85.80246913580247,9.25925925925926,76.5432098765432
E00081324,320,52,22,30,268,19,249,16.25,6.875000000000001,9.375,83.75,5.9375,77.8125
E00081325,319,54,14,40,265,25,240,16.927899686520377,4.38871473354232,12.539184952978054,83.07210031347962,7.836990595611286,75.23510971786834
E00081326,275,45,16,29,230,23,207,16.363636363636363,5.818181818181818,10.545454545454545,83.63636363636363,8.363636363636363,75.27272727272727
E00081327,254,55,25,30,199,19,180,21.653543307086615,9.84251968503937,11.811023622047244,78.34645669291339,7.480314960629922,70.86614173228347
E00081328,279,40,14,26,239,26,213,14.336917562724013,5.017921146953405,9.31899641577061,85.66308243727599,9.31899641577061,76.34408602150538
E00081329,330,41,9,32,289,28,261,12.424242424242424,2.727272727272727,9.696969696969697,87.57575757575758,8.484848484848486,79.0909090909091
E00081330,299,49,26,23,250,24,226,16.387959866220736,8.695652173913043,7.6923076923076925,83.61204013377926,8.02675585284281,75.58528428093646
E00081331,265,44,20,24,221,21,200,16.60377358490566,7.547169811320755,9.056603773584905,83.39622641509435,7.9245283018867925,75.47169811320755
E00081332,255,61,26,35,194,23,171,23.92156862745098,10.196078431372548,13.725490196078432,76.07843137254902,9.019607843137255,67.05882352941175
E00081333,362,38,16,22,324,26,298,10.497237569060774,4.41988950276243,6.077348066298343,89.50276243093923,7.18232044198895,82.32044198895028
E00081334,374,38,15,23,336,37,299,10.16042780748663,4.0106951871657754,6.149732620320856,89.83957219251337,9.893048128342247,79.94652406417111
E00081335,268,53,19,34,215,16,199,19.776119402985074,7.08955223880597,12.686567164179104,80.22388059701493,5.970149253731343,74.25373134328358
E00081336,334,52,12,40,282,23,259,15.568862275449103,3.592814371257485,11.976047904191617,84.4311377245509,6.88622754491018,77.54491017964071
E00081337,346,42,11,31,304,35,269,12.138728323699421,3.1791907514450863,8.959537572254336,87.861271676300575,10.115606936416185,77.74566473988439
E00081338,307,53,21,32,254,22,232,17.263843648208468,6.840390879478828,10.423452768729643,82.73615635179154,7.166123778501629,75.57003257328991
E00081339,271,38,6,32,233,26,207,14.022140221402212,2.214022140221402,11.808118081180812,85.97785977859779,9.59409594095941,76.38376383763837
E00081340,358,51,19,32,307,23,284,14.24581005586592,5.307262569832402,8.938547486033519,85.75418994413407,6.424581005586592,79.3296089385475
E00081341,272,59,23,36,213,19,194,21.691176470588236,8.455882352941178,13.23529411764706,78.30882352941177,6.985294117647059,71.32352941176471
E00081342,320,45,13,32,275,25,250,14.0625,4.0625,10,85.9375,7.8125,78.125
E00081343,301,62,25,37,239,31,208,20.59800664451827,8.305647840531561,12.29235880398671,79.40199335548172,10.299003322259136,69.10299003322258
E00081344,352,55,15,40,297,31,266,15.625,4.261363636363636,11.363636363636363,84.375,8.806818181818182,75.56818181818183
E00081345,317,59,23,36,258,25,233,18.61198738170347,7.255520504731862,11.35646687697161,81.38801261829653,7.886435331230284,73.50157728706624
E00081346,326,50,21,29,276,20,256,15.337423312883436,6.441717791411043,8.895705521472392,84.66257668711657,6.134969325153374,78.52760736196319
E00081347,449,85,30,55,364,33,331,18.93095768374165,6.6815144766147,12.24944320712695,81.06904231625836,7.349665924276169,73.71937639198218
E00081348,409,36,13,23,373,35,338,8.80195599022005,3.1784841075794623,5.623471882640587,91.19804400977995,8.557457212713937,82.64058679706602
E00081349,280,67,30,37,213,12,201,23.92857142857143,10.714285714285714,13.214285714285715,76.07142857142857,4.285714285714286,71.78571428571429
E00081350,288,60,18,42,228,16,212,20.833333333333336,6.25,14.583333333333334,79.16666666666666,5.555555555555555,73.61111111111111
E00081351,427,43,12,31,384,31,353,10.070257611241217,2.810304449648712,7.259953161592506,89.92974238875878,7.259953161592506,82.66978922716628
E00081352,386,67,24,43,319,31,288,17.357512953367877,6.217616580310881,11.139896373056994,82.64248704663213,8.031088082901555,74.61139896373057
E00081353,332,51,17,34,281,27,254,15.36144578313253,5.120481927710843,10.240963855421686,84.63855421686746,8.132530120481928,76.50602409638554
E00081354,310,46,18,28,264,24,240,14.838709677419354,5.806451612903226,9.032258064516128,85.16129032258064,7.741935483870968,77.41935483870968
E00081355,298,49,20,29,249,17,232,16.44295302013423,6.7114093959731544,9.731543624161073,83.55704697986577,5.704697986577181,77.85234899328859
E00081356,264,75,29,46,189,26,163,28.40909090909091,10.984848484848484,17.424242424242426,71.5909090909091,9.848484848484848,61.74242424242424
E00081357,255,48,22,26,207,24,183,18.823529411764707,8.627450980392156,10.196078431372548,81.17647058823529,9.411764705882353,71.76470588235294
E00081358,423,76,26,50,347,32,315,17.96690307328605,6.1465721040189125,11.82033096926714,82.03309692671394,7.5650118203309695,74.46808510638297
E00081359,299,77,24,53,222,17,205,25.75250836120401,8.02675585284281,17.725752508361204,74.24749163879598,5.68561872909699,68.56187290969899
E00081360,266,43,19,24,223,19,204,16.165413533834585,7.142857142857142,9.022556390977442,83.83458646616542,7.142857142857142,76.69172932330827
E00081361,269,55,23,32,214,20,194,20.44609665427509,8.550185873605948,11.895910780669144,79.5539033457249,7.434944237918216,72.11895910780669
E00081362,412,66,22,44,346,31,315,16.019417475728158,5.339805825242718,10.679611650485436,83.98058252427184,7.524271844660194,76.45631067961165
E00081363,298,57,29,28,241,28,213,19.12751677852349,9.731543624161073,9.395973154362416,80.87248322147651,9.395973154362416,71.47651006711409
E00081364,320,70,33,37,250,16,234,21.875,10.3125,11.5625,78.125,5,73.125
E00081365,377,60,23,37,317,34,283,15.915119363395224,6.10079575596817,9.814323607427056,84.08488063660478,9.018567639257293,75.06631299734748
E00081366,321,52,19,33,269,25,244,16.1993769470405,5.919003115264798,10.2803738317757,83.8006230529595,7.78816199376947,76.01246105919003
E00081367,341,84,38,46,257,24,233,24.633431085043988,11.143695014662756,13.48973607038123,75.366568914956,7.038123167155426,68.32844574780059
E00081368,289,35,7,28,254,30,224,12.110726643598616,2.422145328719723,9.688581314878892,87.88927335640139,10.380622837370241,77.50865051903114
E00081369,298,61,24,37,237,20,217,20.469798657718123,8.053691275167784,12.416107382550337,79.53020134228188,6.7114093959731544,72.81879194630872
E00081370,321,49,13,36,272,24,248,15.264797507788161,4.049844236760125,11.214953271028037,84.73520249221184,7.476635514018691,77.25856697819314
E00081371,308,41,17,24,267,30,237,13.311688311688311,5.51948051948052,7.792207792207792,86.68831168831169,9.740259740259742,76.94805194805194
E00081372,249,67,31,36,182,13,169,26.907630522088354,12.449799196787147,14.457831325301203,73.09236947791165,5.220883534136546,67.8714859437751
E00081373,341,53,23,30,288,32,256,15.542521994134898,6.744868035190615,8.797653958944283,84.4574780058651,9.3841642228739,75.0733137829912
E00081374,227,45,16,29,182,17,165,19.823788546255507,7.048458149779736,12.77533039647577,80.1762114537445,7.488986784140969,72.68722466960352
E00081375,344,41,14,27,303,19,284,11.918604651162791,4.069767441860465,7.848837209302325,88.0813953488372,5.523255813953488,82.55813953488372
E00081376,252,61,27,34,191,19,172,24.206349206349206,10.714285714285714,13.492063492063492,75.79365079365078,7.5396825396825395,68.25396825396825
E00081377,343,77,37,40,266,25,241,22.448979591836736,10.787172011661808,11.661807580174926,77.55102040816327,7.288629737609329,70.26239067055393
E00081378,290,74,38,36,216,18,198,25.517241379310345,13.10344827586207,12.413793103448276,74.48275862068967,6.206896551724138,68.27586206896552
E00081379,207,37,12,25,170,21,149,17.874396135265698,5.797101449275362,12.077294685990339,82.1256038647343,10.144927536231885,71.98067632850241
E00081380,347,42,14,28,305,34,271,12.103746397694524,4.034582132564841,8.069164265129682,87.89625360230548,9.798270893371757,78.09798270893373
E00081381,320,46,17,29,274,30,244,14.374999999999998,5.3125,9.0625,85.625,9.375,76.25
E00081382,264,19,3,16,245,27,218,7.196969696969697,1.1363636363636365,6.0606060606060606,92.8030303030303,10.227272727272728,82.57575757575758
E00081383,320,45,16,29,275,20,255,14.0625,5,9.0625,85.9375,6.25,79.6875
E00081384,256,28,9,19,228,26,202,10.9375,3.515625,7.421875,89.0625,10.15625,78.90625
E00081385,253,60,27,33,193,19,174,23.715415019762844,10.67193675889328,13.043478260869565,76.28458498023716,7.5098814229249005,68.77470355731225
E00081386,316,35,16,19,281,27,254,11.075949367088606,5.063291139240507,6.012658227848101,88.92405063291139,8.544303797468354,80.37974683544303
E00081387,282,75,35,40,207,19,188,26.595744680851062,12.411347517730496,14.184397163120568,73.40425531914893,6.73758865248227,66.66666666666666
E00081388,319,44,19,25,275,33,242,13.793103448275861,5.956112852664576,7.836990595611286,86.20689655172413,10.344827586206897,75.86206896551724
E00081389,268,56,21,35,212,0,212,20.8955223880597,7.835820895522389,13.059701492537313,79.1044776119403,0,79.1044776119403
E00081390,342,108,68,40,234,15,219,31.57894736842105,19.883040935672515,11.695906432748536,68.42105263157895,4.385964912280701,64.03508771929825
E00081391,335,57,26,31,278,26,252,17.01492537313433,7.761194029850746,9.253731343283581,82.98507462686567,7.761194029850746,75.22388059701493
E00081392,412,50,21,29,362,32,330,12.135922330097088,5.097087378640777,7.038834951456311,87.86407766990291,7.766990291262135,80.09708737864078
E00081393,585,69,22,47,516,51,465,11.794871794871794,3.7606837606837606,8.034188034188034,88.2051282051282,8.717948717948717,79.48717948717949
E00081394,359,52,17,35,307,27,280,14.484679665738161,4.735376044568245,9.749303621169917,85.51532033426183,7.520891364902507,77.99442896935933
E00081395,358,43,12,31,315,44,271,12.011173184357542,3.35195530726257,8.659217877094973,87.98882681564247,12.290502793296088,75.69832402234637
E00081396,354,27,9,18,327,34,293,7.627118644067797,2.5423728813559325,5.084745762711865,92.37288135593221,9.6045197740113,82.7683615819209
E00081397,306,44,9,35,262,29,233,14.37908496732026,2.941176470588235,11.437908496732026,85.62091503267973,9.477124183006536,76.1437908496732
E00081398,285,36,11,25,249,11,238,12.631578947368421,3.8596491228070176,8.771929824561402,87.36842105263159,3.8596491228070176,83.50877192982456
E00081399,296,40,18,22,256,22,234,13.513513513513514,6.081081081081082,7.4324324324324325,86.48648648648648,7.4324324324324325,79.05405405405406
E00081400,303,86,35,51,217,26,191,28.38283828382838,11.55115511551155,16.831683168316832,71.61716171617162,8.58085808580858,63.03630363036304
E00081401,260,39,13,26,221,27,194,15,5,10,85,10.384615384615385,74.61538461538461
E00081402,260,58,22,36,202,26,176,22.30769230769231,8.461538461538462,13.846153846153847,77.6923076923077,10,67.6923076923077
E00081403,257,42,10,32,215,28,187,16.342412451361866,3.8910505836575875,12.45136186770428,83.65758754863813,10.894941634241246,72.76264591439688
E00081404,246,38,18,20,208,19,189,15.447154471544716,7.317073170731707,8.130081300813007,84.5528455284553,7.723577235772358,76.82926829268293
E00081405,310,39,16,23,271,29,242,12.580645161290322,5.161290322580645,7.419354838709677,87.41935483870968,9.35483870967742,78.06451612903226
E00081406,277,52,21,31,225,22,203,18.772563176895307,7.581227436823104,11.191335740072201,81.2274368231047,7.9422382671480145,73.28519855595668
E00081407,244,57,26,31,187,15,172,23.36065573770492,10.655737704918032,12.704918032786885,76.63934426229508,6.147540983606557,70.49180327868852
E00081408,327,53,21,32,274,39,235,16.207951070336392,6.422018348623854,9.785932721712538,83.79204892966361,11.926605504587156,71.86544342507645
E00081409,286,28,9,19,258,31,227,9.79020979020979,3.146853146853147,6.643356643356643,90.20979020979021,10.839160839160838,79.37062937062937
E00081410,286,47,20,27,239,21,218,16.433566433566433,6.993006993006993,9.44055944055944,83.56643356643356,7.3426573426573425,76.22377622377621
E00081411,323,39,14,25,284,27,257,12.074303405572756,4.3343653250774,7.739938080495357,87.92569659442725,8.359133126934983,79.56656346749226
E00081412,291,51,19,32,240,23,217,17.525773195876287,6.529209621993128,10.996563573883162,82.4742268041237,7.903780068728522,74.5704467353952
E00081413,310,44,15,29,266,25,241,14.193548387096774,4.838709677419355,9.35483870967742,85.80645161290322,8.064516129032258,77.74193548387098
E00081414,269,48,8,40,221,18,203,17.843866171003718,2.973977695167286,14.869888475836431,82.15613382899627,6.691449814126393,75.46468401486989
E00081415,334,49,21,28,285,13,272,14.67065868263473,6.287425149700598,8.383233532934131,85.32934131736528,3.8922155688622757,81.437125748502993
E00081416,345,56,21,35,289,35,254,16.231884057971012,6.086956521739131,10.144927536231885,83.76811594202898,10.144927536231885,73.62318840579711
E00081417,302,33,7,26,269,15,254,10.927152317880795,2.3178807947019866,8.609271523178808,89.0728476821192,4.966887417218543,84.10596026490066
E00081418,340,44,18,26,296,22,274,12.941176470588237,5.294117647058823,7.647058823529412,87.05882352941177,6.470588235294119,80.58823529411765
E00081419,273,39,14,25,234,21,213,14.285714285714285,5.128205128205128,9.157509157509157,85.71428571428571,7.6923076923076925,78.02197802197803
E00081420,311,44,16,28,267,23,244,14.14790996784566,5.144694533762058,9.003215434083602,85.85209003215434,7.395498392282958,78.45659163987139
E00081424,450,88,26,62,362,43,319,19.555555555555557,5.777777777777778,13.777777777777779,80.44444444444444,9.555555555555555,70.88888888888889
E00081426,229,37,13,24,192,15,177,16.157205240174672,5.676855895196507,10.480349344978166,83.84279475982532,6.550218340611353,77.29257641921397
E00081427,384,111,65,46,273,12,261,28.90625,16.927083333333336,11.979166666666668,71.09375,3.125,67.96875
E00081428,282,68,35,33,214,19,195,24.113475177304963,12.411347517730496,11.702127659574469,75.88652482269504,6.73758865248227,69.14893617021278
E00081429,368,99,43,56,269,17,252,26.902173913043477,11.684782608695652,15.217391304347828,73.09782608695652,4.619565217391304,68.47826086956522
E00081430,382,83,33,50,299,15,284,21.727748691099478,8.638743455497382,13.089005235602095,78.27225130890052,3.926701570680628,74.3455497382199
E00081432,409,44,15,29,365,37,328,10.757946210268948,3.6674816625916873,7.090464547677261,89.24205378973105,9.04645476772616,80.1955990220049
E00081434,484,65,15,50,419,38,381,13.429752066115702,3.0991735537190084,10.330578512396695,86.57024793388429,7.851239669421488,78.71900826446281
E00081437,383,70,32,38,313,24,289,18.27676240208877,8.355091383812011,9.921671018276761,81.72323759791122,6.266318537859007,75.45691906005221
E00081438,227,101,54,47,126,17,109,44.49339207048458,23.788546255506606,20.704845814977972,55.50660792951542,7.488986784140969,48.01762114537445
E00081439,279,69,37,32,210,29,181,24.731182795698924,13.261648745519713,11.469534050179211,75.26881720430107,10.39426523297491,64.87455197132617
E00081440,327,33,9,24,294,17,277,10.091743119266056,2.7522935779816518,7.339449541284404,89.90825688073394,5.198776758409786,84.70948012232415
E00081442,422,55,16,39,367,27,340,13.033175355450238,3.7914691943127963,9.24170616113744,86.96682464454977,6.398104265402843,80.56872037914692
E00081443,343,20,7,13,323,14,309,5.830903790087463,2.0408163265306123,3.7900874635568513,94.16909620991254,4.081632653061225,90.0874635568513
E00081444,299,84,44,40,215,23,192,28.093645484949832,14.715719063545151,13.377926421404682,71.90635451505017,7.6923076923076925,64.21404682274247
E00081445,275,51,16,35,224,17,207,18.545454545454547,5.818181818181818,12.727272727272727,81.45454545454545,6.181818181818182,75.27272727272727
E00081446,220,54,25,29,166,14,152,24.545454545454547,11.363636363636363,13.18181818181818,75.45454545454545,6.363636363636363,69.0909090909091
E00081447,294,48,19,29,246,18,228,16.3265306122449,6.462585034013606,9.863945578231291,83.6734693877551,6.122448979591836,77.55102040816327
E00081448,186,51,24,27,135,14,121,27.419354838709676,12.903225806451612,14.516129032258066,72.58064516129032,7.526881720430108,65.05376344086021
E00081449,340,66,28,38,274,21,253,19.411764705882355,8.235294117647058,11.176470588235295,80.58823529411765,6.176470588235294,74.41176470588235
E00081450,281,50,13,37,231,14,217,17.793594306049823,4.6263345195729535,13.167259786476867,82.20640569395017,4.98220640569395,77.22419928825623
E00081451,305,50,17,33,255,25,230,16.39344262295082,5.573770491803279,10.819672131147541,83.60655737704919,8.19672131147541,75.40983606557377
E00081452,347,74,36,38,273,37,236,21.32564841498559,10.37463976945245,10.951008645533141,78.6743515850144,10.662824207492795,68.01152737752162
E00081453,262,55,22,33,207,22,185,20.99236641221374,8.396946564885496,12.595419847328243,79.00763358778626,8.396946564885496,70.61068702290076
E00081454,236,44,15,29,192,14,178,18.64406779661017,6.3559322033898304,12.288135593220339,81.35593220338984,5.932203389830509,75.42372881355932
E00081455,324,44,14,30,280,27,253,13.580246913580247,4.320987654320987,9.25925925925926,86.41975308641975,8.333333333333332,78.08641975308642
E00081456,289,41,15,26,248,19,229,14.186851211072666,5.190311418685121,8.996539792387544,85.81314878892734,6.5743944636678195,79.23875432525952
E00081457,401,53,22,31,348,27,321,13.216957605985039,5.486284289276807,7.73067331670823,86.78304239401497,6.733167082294264,80.0498753117207
E00081458,277,42,18,24,235,23,212,15.162454873646208,6.4981949458483745,8.664259927797833,84.83754512635379,8.303249097472925,76.53429602888086
E00081459,345,41,15,26,304,24,280,11.884057971014492,4.3478260869565215,7.536231884057972,88.1159420289855,6.956521739130435,81.15942028985508
E00081461,348,47,12,35,301,23,278,13.505747126436782,3.4482758620689653,10.057471264367816,86.49425287356321,6.609195402298851,79.88505747126436
E00081462,277,52,19,33,225,27,198,18.772563176895307,6.859205776173286,11.913357400722022,81.2274368231047,9.747292418772563,71.48014440433214
E00081463,308,50,20,30,258,15,243,16.233766233766232,6.493506493506493,9.740259740259742,83.76623376623377,4.870129870129871,78.8961038961039
E00081464,323,42,19,23,281,19,262,13.003095975232199,5.88235294117647,7.120743034055728,86.9969040247678,5.88235294117647,81.11455108359134
E00081465,275,53,19,34,222,25,197,19.272727272727273,6.909090909090909,12.363636363636363,80.72727272727272,9.090909090909092,71.63636363636363
E00081466,317,47,16,31,270,19,251,14.826498422712934,5.047318611987381,9.779179810725552,85.17350157728707,5.993690851735016,79.17981072555204
E00081467,377,72,26,46,305,31,274,19.098143236074268,6.896551724137931,12.20159151193634,80.90185676392572,8.222811671087534,72.67904509283821
E00081468,322,46,19,27,276,28,248,14.285714285714285,5.900621118012422,8.385093167701864,85.71428571428571,8.695652173913043,77.01863354037268
E00081469,310,61,26,35,249,18,231,19.67741935483871,8.38709677419355,11.29032258064516,80.3225806451613,5.806451612903226,74.51612903225806
E00081470,315,49,22,27,266,14,252,15.555555555555555,6.984126984126984,8.571428571428571,84.44444444444444,4.444444444444445,80
E00081471,271,61,20,41,210,25,185,22.509225092250922,7.380073800738007,15.129151291512915,77.49077490774908,9.22509225092251,68.26568265682657
E00081472,478,104,44,60,374,37,337,21.75732217573222,9.205020920502092,12.552301255230125,78.24267782426779,7.740585774058577,70.50209205020921
E00081473,368,79,33,46,289,20,269,21.467391304347828,8.967391304347826,12.5,78.53260869565217,5.434782608695652,73.09782608695652
E00081474,259,66,39,27,193,15,178,25.482625482625483,15.057915057915059,10.424710424710424,74.5173745173745,5.7915057915057915,68.72586872586872
E00081475,371,49,19,30,322,18,304,13.20754716981132,5.121293800539084,8.086253369272237,86.79245283018868,4.8517520215633425,81.94070080862534
E00081476,368,57,28,29,311,23,288,15.489130434782608,7.608695652173914,7.880434782608696,84.51086956521739,6.25,78.26086956521739
E00081477,345,63,17,46,282,20,262,18.26086956521739,4.9275362318840585,13.333333333333334,81.73913043478261,5.797101449275362,75.94202898550725
E00081478,346,48,21,27,298,20,278,13.872832369942195,6.069364161849711,7.803468208092486,86.1271676300578,5.780346820809249,80.34682080924856
E00081479,523,127,93,34,396,36,360,24.282982791587,17.78202676864245,6.5009560229445515,75.71701720841301,6.8833652007648185,68.83365200764818
E00081480,359,52,22,30,307,19,288,14.484679665738161,6.128133704735376,8.356545961002785,85.51532033426183,5.2924791086350975,80.22284122562674
E00081481,296,51,16,35,245,23,222,17.22972972972973,5.405405405405405,11.824324324324325,82.77027027027027,7.77027027027027,75
E00081482,308,67,31,36,241,30,211,21.753246753246753,10.064935064935066,11.688311688311687,78.24675324675324,9.740259740259742,68.5064935064935
E00081483,353,50,17,33,303,17,286,14.164305949008499,4.815864022662889,9.34844192634561,85.8356940509915,4.815864022662889,81.01983002832861
E00081485,329,68,25,43,261,25,236,20.66869300911854,7.598784194528875,13.069908814589665,79.33130699088146,7.598784194528875,71.73252279635258
E00081486,277,55,27,28,222,17,205,19.855595667870034,9.747292418772563,10.108303249097473,80.14440433212997,6.137184115523466,74.0072202166065
E00081487,260,50,19,31,210,21,189,19.230769230769234,7.307692307692308,11.923076923076923,80.76923076923077,8.076923076923077,72.6923076923077
E00081488,249,59,24,35,190,20,170,23.694779116465863,9.63855421686747,14.056224899598394,76.30522088353415,8.032128514056225,68.27309236947792
E00081489,362,35,10,25,327,31,296,9.668508287292818,2.7624309392265194,6.906077348066299,90.33149171270718,8.56353591160221,81.76795580110497
E00081490,354,58,26,32,296,27,269,16.38418079096045,7.344632768361582,9.03954802259887,83.61581920903954,7.627118644067797,75.98870056497175
E00081491,393,95,49,46,298,28,270,24.173027989821882,12.46819338422392,11.704834605597965,75.82697201017811,7.124681933842239,68.70229007633588
E00081492,264,51,18,33,213,17,196,19.318181818181817,6.8181818181818175,12.5,80.68181818181817,6.4393939393939394,74.24242424242425
E00081493,246,31,12,19,215,15,200,12.601626016260163,4.878048780487805,7.723577235772358,87.39837398373984,6.097560975609756,81.30081300813008
E00081494,265,42,16,26,223,23,200,15.849056603773585,6.037735849056604,9.811320754716983,84.15094339622642,8.679245283018867,75.47169811320755
E00081495,305,81,42,39,224,17,207,26.557377049180324,13.77049180327869,12.786885245901638,73.44262295081967,5.573770491803279,67.8688524590164
E00081496,403,61,27,34,342,23,319,15.136476426799009,6.699751861042183,8.436724565756824,84.863523573201,5.707196029776675,79.15632754342433
E00081497,247,33,13,20,214,26,188,13.360323886639677,5.263157894736842,8.097165991902834,86.63967611336032,10.526315789473683,76.11336032388664
E00081498,288,54,19,35,234,18,216,18.75,6.597222222222222,12.152777777777777,81.25,6.25,75
E00081499,274,33,14,19,241,23,218,12.043795620437956,5.109489051094891,6.934306569343065,87.95620437956204,8.394160583941606,79.56204379562044
E00081500,299,45,17,28,254,21,233,15.050167224080269,5.68561872909699,9.364548494983277,84.94983277591973,7.023411371237458,77.92642140468227
E00081501,306,56,25,31,250,27,223,18.30065359477124,8.169934640522875,10.130718954248366,81.69934640522875,8.823529411764707,72.87581699346404
E00081502,314,56,21,35,258,38,220,17.8343949044586,6.687898089171974,11.146496815286625,82.16560509554141,12.101910828025478,70.06369426751591
E00081503,318,59,17,42,259,33,226,18.553459119496853,5.345911949685535,13.20754716981132,81.44654088050315,10.377358490566039,71.0691823899371
E00081504,371,43,9,34,328,22,306,11.590296495956872,2.4258760107816713,9.164420485175203,88.40970350404312,5.929919137466308,82.47978436657682
E00081505,316,49,16,33,267,37,230,15.50632911392405,5.063291139240507,10.443037974683545,84.49367088607595,11.708860759493671,72.78481012658227
E00081506,368,55,21,34,313,27,286,14.945652173913043,5.706521739130435,9.239130434782608,85.05434782608695,7.336956521739131,77.71739130434783
E00081507,348,68,20,48,280,15,265,19.54022988505747,5.747126436781609,13.793103448275861,80.45977011494253,4.310344827586207,76.14942528735632
E00081508,356,97,62,35,259,16,243,27.247191011235955,17.415730337078653,9.831460674157304,72.75280898876404,4.49438202247191,68.25842696629213
E00081509,376,75,27,48,301,26,275,19.9468085106383,7.180851063829788,12.76595744680851,80.0531914893617,6.914893617021277,73.13829787234043
E00081510,332,54,21,33,278,25,253,16.265060240963855,6.325301204819277,9.939759036144578,83.73493975903614,7.530120481927711,76.20481927710844
E00081511,361,38,15,23,323,22,301,10.526315789473683,4.1551246537396125,6.3711911357340725,89.47368421052632,6.094182825484765,83.37950138504155
E00081512,357,72,35,37,285,22,263,20.168067226890756,9.803921568627452,10.364145658263306,79.83193277310924,6.162464985994398,73.66946778711485
E00081513,381,46,14,32,335,32,303,12.073490813648293,3.674540682414698,8.398950131233596,87.92650918635171,8.398950131233596,79.52755905511812
E00081514,289,38,12,26,251,28,223,13.148788927335639,4.1522491349480966,8.996539792387544,86.85121107266436,9.688581314878892,77.16262975778547
E00081515,368,47,20,27,321,24,297,12.771739130434783,5.434782608695652,7.336956521739131,87.22826086956522,6.521739130434782,80.70652173913044
E00081516,376,56,21,35,320,29,291,14.893617021276595,5.585106382978723,9.308510638297872,85.1063829787234,7.712765957446808,77.3936170212766
E00081517,308,63,23,40,245,24,221,20.454545454545457,7.467532467532467,12.987012987012985,79.54545454545455,7.792207792207792,71.75324675324676
E00081518,248,25,9,16,223,31,192,10.080645161290322,3.6290322580645165,6.451612903225806,89.91935483870968,12.5,77.41935483870968
E00081519,268,49,17,32,219,25,194,18.28358208955224,6.343283582089552,11.940298507462686,81.71641791044776,9.328358208955224,72.38805970149254
E00081520,377,46,12,34,331,37,294,12.20159151193634,3.183023872679045,9.018567639257293,87.79840848806366,9.814323607427056,77.9840848806366
E00081521,386,67,23,44,319,28,291,17.357512953367877,5.958549222797927,11.398963730569948,82.64248704663213,7.253886010362693,75.38860103626943
E00081522,302,39,18,21,263,31,232,12.91390728476821,5.960264900662252,6.95364238410596,87.08609271523179,10.264900662251655,76.82119205298014
E00081523,324,42,17,25,282,18,264,12.962962962962962,5.246913580246913,7.716049382716049,87.03703703703704,5.555555555555555,81.48148148148148
E00081524,347,46,18,28,301,22,279,13.256484149855908,5.187319884726225,8.069164265129682,86.74351585014409,6.340057636887608,80.403458213256485
E00081525,262,53,22,31,209,21,188,20.229007633587788,8.396946564885496,11.83206106870229,79.77099236641222,8.015267175572518,71.7557251908397
E00081526,365,94,51,43,271,23,248,25.753424657534246,13.972602739726028,11.78082191780822,74.24657534246575,6.301369863013699,67.94520547945206
E00081527,340,81,25,56,259,18,241,23.823529411764703,7.352941176470589,16.470588235294116,76.17647058823529,5.294117647058823,70.88235294117648
E00081528,288,33,13,20,255,17,238,11.458333333333332,4.513888888888888,6.944444444444445,88.54166666666666,5.902777777777778,82.63888888888889
E00081529,252,50,24,26,202,19,183,19.841269841269842,9.523809523809524,10.317460317460316,80.15873015873017,7.5396825396825395,72.61904761904762
E00081530,246,60,24,36,186,16,170,24.390243902439025,9.75609756097561,14.634146341463413,75.60975609756098,6.504065040650407,69.10569105691057
E00081531,358,41,10,31,317,31,286,11.452513966480447,2.793296089385475,8.659217877094973,88.54748603351955,8.659217877094973,79.88826815642457
E00081532,356,41,9,32,315,30,285,11.51685393258427,2.528089887640449,8.98876404494382,88.48314606741573,8.426966292134832,80.0561797752809
E00081534,329,43,15,28,286,15,271,13.069908814589665,4.5592705167173255,8.51063829787234,86.93009118541033,4.5592705167173255,82.37082066869301
E00081535,372,52,20,32,320,32,288,13.978494623655912,5.376344086021505,8.60215053763441,86.02150537634408,8.60215053763441,77.41935483870968
E00081536,272,45,16,29,227,27,200,16.544117647058822,5.88235294117647,10.661764705882353,83.45588235294117,9.926470588235293,73.52941176470588
E00081537,234,37,15,22,197,28,169,15.81196581196581,6.41025641025641,9.401709401709402,84.1880341880342,11.965811965811966,72.22222222222221
E00081538,348,115,64,51,233,15,218,33.04597701149425,18.39080459770115,14.655172413793101,66.95402298850574,4.310344827586207,62.643678160919535
E00081539,293,50,26,24,243,20,223,17.064846416382252,8.873720136518772,8.19112627986348,82.93515358361775,6.825938566552901,76.10921501706484
E00081540,212,61,26,35,151,21,130,28.77358490566038,12.264150943396226,16.50943396226415,71.22641509433963,9.90566037735849,61.32075471698113
E00081541,430,52,14,38,378,39,339,12.093023255813954,3.255813953488372,8.837209302325581,87.90697674418605,9.069767441860465,78.83720930232559
E00081542,330,46,19,27,284,34,250,13.939393939393941,5.757575757575758,8.181818181818182,86.06060606060606,10.303030303030303,75.75757575757575
E00081543,312,27,9,18,285,19,266,8.653846153846153,2.8846153846153846,5.769230769230769,91.34615384615384,6.089743589743589,85.25641025641025
E00081544,297,42,14,28,255,14,241,14.14141414141414,4.713804713804714,9.427609427609427,85.85858585858585,4.713804713804714,81.14478114478115
E00081545,251,40,11,29,211,23,188,15.936254980079681,4.382470119521913,11.553784860557768,84.06374501992032,9.163346613545817,74.9003984063745
E00081546,291,74,37,37,217,23,194,25.42955326460481,12.714776632302405,12.714776632302405,74.5704467353952,7.903780068728522,66.66666666666666
E00081547,294,63,21,42,231,21,210,21.428571428571427,7.142857142857142,14.285714285714285,78.57142857142857,7.142857142857142,71.42857142857143
E00081548,262,32,16,16,230,18,212,12.213740458015266,6.106870229007633,6.106870229007633,87.78625954198473,6.870229007633588,80.91603053435115
E00081549,423,65,20,45,358,23,335,15.36643026004728,4.7281323877068555,10.638297872340425,84.63356973995272,5.4373522458628845,79.19621749408984
E00081550,340,40,11,29,300,22,278,11.76470588235294,3.2352941176470593,8.529411764705882,88.23529411764706,6.470588235294119,81.76470588235294
E00081551,325,43,18,25,282,28,254,13.230769230769232,5.538461538461538,7.6923076923076925,86.76923076923076,8.615384615384615,78.15384615384615
E00081552,404,93,42,51,311,22,289,23.01980198019802,10.396039603960396,12.623762376237623,76.98019801980197,5.445544554455446,71.53465346534654
E00081553,326,40,12,28,286,21,265,12.269938650306749,3.6809815950920246,8.588957055214724,87.73006134969326,6.441717791411043,81.28834355828221
E00081554,337,49,22,27,288,25,263,14.540059347181009,6.528189910979229,8.011869436201781,85.45994065281899,7.418397626112759,78.04154302670622
E00081555,324,44,16,28,280,16,264,13.580246913580247,4.938271604938271,8.641975308641975,86.41975308641975,4.938271604938271,81.48148148148148
E00081556,327,67,33,34,260,17,243,20.489296636085626,10.091743119266056,10.397553516819572,79.51070336391437,5.198776758409786,74.31192660550458
E00081557,471,74,27,47,397,39,358,15.711252653927813,5.7324840764331215,9.978768577494693,84.288747346072185,8.280254777070063,76.00849256900213
E00081558,360,50,19,31,310,27,283,13.88888888888889,5.277777777777778,8.61111111111111,86.11111111111111,7.5,78.61111111111111
E00081559,372,55,20,35,317,27,290,14.78494623655914,5.376344086021505,9.408602150537634,85.21505376344086,7.258064516129033,77.95698924731182
E00081560,328,70,29,41,258,14,244,21.341463414634145,8.841463414634147,12.5,78.65853658536585,4.2682926829268295,74.39024390243902
E00081561,379,54,21,33,325,30,295,14.24802110817942,5.540897097625329,8.70712401055409,85.75197889182058,7.9155672823219,77.83641160949868
E00081562,374,55,17,38,319,31,288,14.705882352941178,4.545454545454546,10.16042780748663,85.29411764705883,8.288770053475936,77.00534759358288
E00081563,311,42,15,27,269,19,250,13.504823151125404,4.823151125401929,8.681672025723474,86.49517684887459,6.109324758842444,80.38585209003215
E00081564,314,57,20,37,257,27,230,18.152866242038215,6.369426751592357,11.78343949044586,81.84713375796179,8.598726114649681,73.24840764331209
E00081565,273,64,28,36,209,13,196,23.44322344322344,10.256410256410255,13.186813186813188,76.55677655677655,4.761904761904762,71.7948717948718
E00081566,371,66,39,27,305,33,272,17.78975741239892,10.512129380053908,7.277628032345014,82.21024258760107,8.89487870619946,73.31536388140162
E00081567,387,97,59,38,290,28,262,25.064599483204137,15.245478036175712,9.819121447028424,74.93540051679587,7.235142118863049,67.70025839793283
E00081568,307,55,22,33,252,28,224,17.91530944625407,7.166123778501629,10.749185667752444,82.08469055374593,9.120521172638437,72.9641693811075
E00081569,374,63,24,39,311,22,289,16.844919786096256,6.417112299465241,10.427807486631016,83.15508021390374,5.88235294117647,77.27272727272727
E00081570,267,67,35,32,200,11,189,25.0936329588015,13.108614232209737,11.985018726591761,74.90636704119851,4.119850187265917,70.78651685393258
E00081571,325,55,18,37,270,24,246,16.923076923076923,5.538461538461538,11.384615384615385,83.07692307692308,7.384615384615385,75.6923076923077
E00081572,378,40,10,30,338,32,306,10.582010582010582,2.6455026455026456,7.936507936507936,89.41798941798942,8.465608465608465,80.95238095238095
E00081573,296,54,18,36,242,15,227,18.243243243243242,6.081081081081082,12.162162162162163,81.75675675675676,5.0675675675675675,76.6891891891892
E00081574,346,40,17,23,306,28,278,11.560693641618498,4.913294797687861,6.6473988439306355,88.4393063583815,8.092485549132949,80.34682080924856
E00081575,321,52,22,30,269,21,248,16.1993769470405,6.853582554517133,9.345794392523365,83.8006230529595,6.5420560747663545,77.25856697819314
E00081576,243,46,15,31,197,9,188,18.930041152263374,6.172839506172839,12.757201646090536,81.06995884773663,3.7037037037037033,77.36625514403292
E00081577,360,115,72,43,245,22,223,31.944444444444443,20,11.944444444444445,68.05555555555556,6.111111111111111,61.94444444444444
E00081578,330,46,11,35,284,14,270,13.939393939393941,3.3333333333333335,10.606060606060606,86.06060606060606,4.242424242424243,81.81818181818183
E00081579,289,45,14,31,244,26,218,15.570934256055363,4.844290657439446,10.726643598615917,84.42906574394463,8.996539792387544,75.4325259515571
E00081580,330,46,16,30,284,24,260,13.939393939393941,4.848484848484849,9.090909090909092,86.06060606060606,7.2727272727272725,78.78787878787878
E00081581,305,50,21,29,255,23,232,16.39344262295082,6.885245901639345,9.508196721311474,83.60655737704919,7.540983606557377,76.0655737704918
E00081582,318,50,16,34,268,18,250,15.723270440251572,5.031446540880504,10.69182389937107,84.27672955974843,5.660377358490567,78.61635220125787
E00081583,367,50,11,39,317,16,301,13.623978201634879,2.997275204359673,10.626702997275205,86.37602179836512,4.35967302452316,82.01634877384197
E00081584,373,85,42,43,288,32,256,22.78820375335121,11.26005361930295,11.528150134048257,77.21179624664879,8.579088471849866,68.63270777479893
E00081585,329,42,19,23,287,22,265,12.76595744680851,5.775075987841945,6.990881458966565,87.2340425531915,6.68693009118541,80.54711246200608
E00081586,313,44,20,24,269,24,245,14.057507987220447,6.3897763578274756,7.667731629392971,85.94249201277955,7.667731629392971,78.27476038338658
E00081587,358,59,21,38,299,32,267,16.480446927374302,5.865921787709497,10.614525139664805,83.5195530726257,8.938547486033519,74.58100558659217
E00081588,337,44,16,28,293,24,269,13.056379821958458,4.747774480712167,8.30860534124629,86.94362017804154,7.121661721068249,79.82195845697329
E00081589,291,42,15,27,249,23,226,14.432989690721648,5.154639175257731,9.278350515463918,85.56701030927834,7.903780068728522,77.66323024054984
E00081590,309,53,25,28,256,20,236,17.15210355987055,8.090614886731391,9.06148867313916,82.84789644012946,6.472491909385113,76.37540453074433
E00081591,294,52,14,38,242,23,219,17.687074829931973,4.761904761904762,12.925170068027212,82.31292517006803,7.8231292517006805,74.48979591836735
E00081592,352,52,13,39,300,23,277,14.772727272727273,3.6931818181818183,11.079545454545455,85.22727272727273,6.534090909090909,78.69318181818183
E00081593,338,40,17,23,298,17,281,11.834319526627219,5.029585798816568,6.8047337278106506,88.16568047337277,5.029585798816568,83.13609467455622
E00081594,321,50,22,28,271,26,245,15.57632398753894,6.853582554517133,8.722741433021806,84.42367601246106,8.09968847352025,76.32398753894081
E00081595,406,62,24,38,344,38,306,15.270935960591133,5.911330049261084,9.35960591133005,84.72906403940887,9.35960591133005,75.36945812807882
E00081596,388,65,27,38,323,30,293,16.752577319587626,6.958762886597938,9.793814432989691,83.24742268041237,7.731958762886598,75.51546391752578
E00081597,356,57,25,32,299,24,275,16.01123595505618,7.02247191011236,8.98876404494382,83.98876404494382,6.741573033707865,77.24719101123596
E00081598,377,99,49,50,278,26,252,26.25994694960212,12.9973474801061,13.262599469496022,73.74005305039788,6.896551724137931,66.84350132625994
E00081599,350,35,10,25,315,30,285,10,2.857142857142857,7.142857142857142,90,8.571428571428571,81.42857142857143
E00081600,306,57,23,34,249,24,225,18.627450980392158,7.516339869281046,11.11111111111111,81.37254901960785,7.8431372549019605,73.52941176470588
E00081601,346,46,10,36,300,25,275,13.294797687861271,2.8901734104046244,10.404624277456648,86.70520231213872,7.225433526011561,79.47976878612717
E00081602,340,50,18,32,290,27,263,14.705882352941178,5.294117647058823,9.411764705882353,85.29411764705883,7.941176470588235,77.3529411764706
E00081603,381,72,31,41,309,40,269,18.89763779527559,8.136482939632545,10.761154855643044,81.10236220472441,10.498687664041995,70.60367454068242
E00081604,316,45,20,25,271,16,255,14.240506329113925,6.329113924050633,7.9113924050632916,85.75949367088607,5.063291139240507,80.69620253164557
E00081605,387,43,7,36,344,32,312,11.11111111111111,1.8087855297157622,9.30232558139535,88.88888888888889,8.2687338501292,80.62015503875969
E00081606,298,33,8,25,265,19,246,11.073825503355705,2.684563758389262,8.389261744966444,88.9261744966443,6.375838926174497,82.5503355704698
E00081607,434,69,21,48,365,33,332,15.898617511520738,4.838709677419355,11.059907834101383,84.10138248847926,7.603686635944701,76.49769585253456
E00081608,571,71,30,41,500,35,465,12.43432574430823,5.253940455341506,7.180385288966725,87.56567425569177,6.129597197898424,81.43607705779334
E00081609,322,48,13,35,274,25,249,14.906832298136646,4.037267080745342,10.869565217391305,85.09316770186336,7.763975155279502,77.32919254658384
E00081610,540,86,40,46,454,35,419,15.925925925925927,7.4074074074074066,8.518518518518519,84.07407407407408,6.481481481481481,77.5925925925926
E00081611,305,46,14,32,259,23,236,15.081967213114755,4.590163934426229,10.491803278688524,84.91803278688525,7.540983606557377,77.37704918032787
E00081612,196,48,24,24,148,16,132,24.489795918367346,12.244897959183673,12.244897959183673,75.51020408163265,8.16326530612245,67.3469387755102
E00081613,340,49,17,32,291,30,261,14.411764705882351,5,9.411764705882353,85.58823529411764,8.823529411764707,76.76470588235294
E00081614,263,34,11,23,229,24,205,12.927756653992395,4.182509505703422,8.745247148288973,87.07224334600761,9.125475285171103,77.9467680608365
E00081615,346,48,19,29,298,24,274,13.872832369942195,5.491329479768786,8.38150289017341,86.1271676300578,6.9364161849710975,79.1907514450867
E00081616,380,55,16,39,325,32,293,14.473684210526317,4.2105263157894735,10.263157894736842,85.52631578947368,8.421052631578947,77.10526315789473
E00081617,321,52,15,37,269,32,237,16.1993769470405,4.672897196261682,11.526479750778815,83.8006230529595,9.968847352024921,73.83177570093457
E00081618,280,86,58,28,194,11,183,30.714285714285715,20.714285714285715,10,69.28571428571428,3.9285714285714284,65.35714285714286
E00081619,165,20,6,14,145,12,133,12.121212121212121,3.6363636363636362,8.484848484848486,87.87878787878788,7.2727272727272725,80.60606060606061
E00081622,299,103,63,40,196,13,183,34.448160535117054,21.070234113712374,13.377926421404682,65.55183946488295,4.3478260869565215,61.20401337792642
E00081623,299,57,42,15,242,17,225,19.063545150501675,14.046822742474916,5.016722408026756,80.93645484949833,5.68561872909699,75.25083612040135
E00081625,296,66,37,29,230,24,206,22.2972972972973,12.5,9.797297297297296,77.7027027027027,8.108108108108109,69.5945945945946
E00081626,545,92,38,54,453,30,423,16.88073394495413,6.972477064220184,9.908256880733946,83.11926605504587,5.5045871559633035,77.61467889908256
E00081628,379,63,22,41,316,38,278,16.62269129287599,5.804749340369393,10.817941952506596,83.37730870712402,10.026385224274406,73.35092348284961
E00081630,295,60,19,41,235,17,218,20.33898305084746,6.440677966101695,13.898305084745763,79.66101694915254,5.762711864406779,73.89830508474576
E00081631,374,64,23,41,310,25,285,17.11229946524064,6.149732620320856,10.962566844919785,82.88770053475936,6.684491978609626,76.20320855614973
E00081632,306,73,38,35,233,13,220,23.856209150326798,12.418300653594772,11.437908496732026,76.1437908496732,4.248366013071895,71.89542483660131
E00081633,230,75,37,38,155,12,143,32.608695652173914,16.08695652173913,16.52173913043478,67.3913043478261,5.217391304347826,62.17391304347826
E00081634,369,92,44,48,277,25,252,24.932249322493224,11.924119241192411,13.008130081300814,75.06775067750678,6.775067750677506,68.29268292682927
E00081635,327,78,48,30,249,17,232,23.853211009174313,14.678899082568808,9.174311926605505,76.14678899082568,5.198776758409786,70.9480122324159
E00081636,339,61,24,37,278,28,250,17.99410029498525,7.079646017699115,10.914454277286136,82.00589970501476,8.259587020648967,73.74631268436578
E00081637,373,68,30,38,305,14,291,18.230563002680967,8.04289544235925,10.187667560321715,81.76943699731903,3.753351206434316,78.01608579088472
E00081638,397,93,51,42,304,18,286,23.425692695214106,12.846347607052897,10.579345088161208,76.57430730478589,4.534005037783375,72.04030226700252
E00081639,358,78,34,44,280,34,246,21.787709497206702,9.497206703910614,12.290502793296088,78.2122905027933,9.497206703910614,68.71508379888269
E00081640,329,71,33,38,258,20,238,21.580547112462007,10.030395136778116,11.55015197568389,78.419452887538,6.079027355623101,72.3404255319149
E00081641,408,89,41,48,319,19,300,21.813725490196077,10.049019607843137,11.76470588235294,78.18627450980392,4.6568627450980395,73.52941176470588
E00081642,348,64,31,33,284,11,273,18.39080459770115,8.908045977011495,9.482758620689655,81.60919540229885,3.1609195402298855,78.44827586206897
E00081643,447,101,35,66,346,18,328,22.595078299776286,7.829977628635347,14.76510067114094,77.40492170022371,4.026845637583892,73.37807606263982
E00081644,361,81,33,48,280,26,254,22.437673130193904,9.141274238227147,13.29639889196676,77.5623268698061,7.202216066481995,70.3601108033241
E00081645,376,73,25,48,303,13,290,19.414893617021274,6.648936170212766,12.76595744680851,80.58510638297872,3.4574468085106385,77.12765957446808
E00081646,319,45,23,22,274,19,255,14.106583072100312,7.210031347962382,6.896551724137931,85.8934169278997,5.956112852664576,79.9373040752351
E00081647,311,44,16,28,267,20,247,14.14790996784566,5.144694533762058,9.003215434083602,85.85209003215434,6.430868167202572,79.42122186495176
E00081649,310,38,15,23,272,19,253,12.258064516129032,4.838709677419355,7.419354838709677,87.74193548387098,6.129032258064516,81.61290322580645
E00081650,319,44,15,29,275,25,250,13.793103448275861,4.702194357366771,9.090909090909092,86.20689655172413,7.836990595611286,78.36990595611285
E00081651,334,38,15,23,296,19,277,11.377245508982035,4.491017964071856,6.88622754491018,88.62275449101796,5.688622754491018,82.93413173652695
E00081652,358,42,19,23,316,22,294,11.731843575418994,5.307262569832402,6.424581005586592,88.26815642458101,6.145251396648044,82.12290502793296
E00081653,326,52,23,29,274,20,254,15.950920245398773,7.05521472392638,8.895705521472392,84.04907975460122,6.134969325153374,77.91411042944786
E00081654,326,54,19,35,272,21,251,16.56441717791411,5.828220858895705,10.736196319018406,83.43558282208589,6.441717791411043,76.99386503067484
E00081655,363,45,13,32,318,31,287,12.396694214876034,3.581267217630854,8.81542699724518,87.60330578512396,8.539944903581267,79.06336088154269
E00081656,340,47,20,27,293,23,270,13.823529411764707,5.88235294117647,7.941176470588235,86.1764705882353,6.764705882352941,79.41176470588235
E00081657,314,53,29,24,261,16,245,16.878980891719745,9.235668789808917,7.643312101910828,83.12101910828027,5.095541401273886,78.02547770700637
E00081658,379,58,20,38,321,19,302,15.303430079155673,5.277044854881266,10.026385224274406,84.69656992084433,5.013192612137203,79.68337730870712
E00081660,266,42,16,26,224,10,214,15.789473684210526,6.015037593984962,9.774436090225564,84.21052631578947,3.7593984962406015,80.45112781954887
E00081662,303,45,19,26,258,21,237,14.85148514851485,6.270627062706271,8.58085808580858,85.14851485148515,6.9306930693069315,78.21782178217822
E00081663,316,35,16,19,281,16,265,11.075949367088606,5.063291139240507,6.012658227848101,88.92405063291139,5.063291139240507,83.86075949367088
E00081664,253,59,29,30,194,18,176,23.3201581027668,11.462450592885375,11.857707509881422,76.6798418972332,7.114624505928854,69.56521739130434
E00081665,318,46,16,30,272,26,246,14.465408805031446,5.031446540880504,9.433962264150944,85.53459119496856,8.176100628930817,77.35849056603774
E00081666,372,46,21,25,326,23,303,12.365591397849462,5.64516129032258,6.720430107526881,87.63440860215054,6.182795698924731,81.45161290322581
E00081667,325,80,38,42,245,23,222,24.615384615384617,11.692307692307692,12.923076923076923,75.38461538461539,7.076923076923077,68.3076923076923
E00081668,272,44,16,28,228,15,213,16.176470588235293,5.88235294117647,10.294117647058822,83.82352941176471,5.514705882352941,78.30882352941177
E00081669,365,71,34,37,294,28,266,19.45205479452055,9.315068493150685,10.136986301369863,80.54794520547945,7.671232876712329,72.87671232876713
E00081670,321,46,23,23,275,21,254,14.330218068535824,7.165109034267912,7.165109034267912,85.66978193146417,6.5420560747663545,79.12772585669782
E00081671,341,50,26,24,291,22,269,14.66275659824047,7.624633431085044,7.038123167155426,85.33724340175954,6.451612903225806,78.88563049853371
E00081672,318,61,22,39,257,24,233,19.18238993710692,6.918238993710692,12.264150943396226,80.81761006289308,7.547169811320755,73.27044025157232
E00081673,302,34,11,23,268,15,253,11.258278145695364,3.642384105960265,7.6158940397351,88.74172185430463,4.966887417218543,83.77483443708608
E00081674,292,66,32,34,226,18,208,22.602739726027394,10.95890410958904,11.643835616438356,77.3972602739726,6.164383561643835,71.23287671232876
E00081675,314,88,34,54,226,22,204,28.02547770700637,10.828025477707007,17.197452229299362,71.97452229299363,7.006369426751593,64.96815286624204
E00081676,443,128,66,62,315,22,293,28.893905191873586,14.89841986455982,13.99548532731377,71.10609480812641,4.966139954853273,66.13995485327314
E00081677,333,88,45,43,245,21,224,26.426426426426424,13.513513513513514,12.912912912912914,73.57357357357357,6.306306306306306,67.26726726726727
E00081678,297,68,28,40,229,17,212,22.895622895622896,9.427609427609427,13.468013468013467,77.10437710437711,5.723905723905724,71.38047138047138
E00081679,256,74,40,34,182,18,164,28.90625,15.625,13.28125,71.09375,7.03125,64.0625
E00081680,358,85,49,36,273,25,248,23.743016759776538,13.687150837988826,10.05586592178771,76.25698324022346,6.983240223463687,69.27374301675978
E00081681,279,89,46,43,190,16,174,31.899641577060933,16.48745519713262,15.412186379928317,68.10035842293907,5.734767025089606,62.365591397849464
E00081682,340,73,30,43,267,22,245,21.470588235294116,8.823529411764707,12.647058823529411,78.52941176470588,6.470588235294119,72.05882352941177
E00081683,333,69,32,37,264,21,243,20.72072072072072,9.60960960960961,11.11111111111111,79.27927927927928,6.306306306306306,72.97297297297297
E00081684,343,76,46,30,267,22,245,22.157434402332363,13.411078717201166,8.746355685131196,77.84256559766763,6.41399416909621,71.42857142857143
E00081685,311,54,16,38,257,20,237,17.363344051446948,5.144694533762058,12.218649517684888,82.63665594855306,6.430868167202572,76.20578778135048
E00081686,373,97,49,48,276,17,259,26.005361930294907,13.136729222520108,12.868632707774799,73.9946380697051,4.557640750670242,69.43699731903486
E00081687,269,90,43,47,179,22,157,33.457249070631974,15.985130111524162,17.472118959107807,66.54275092936803,8.178438661710038,58.36431226765799
E00081688,412,83,32,51,329,29,300,20.145631067961165,7.766990291262135,12.37864077669903,79.85436893203884,7.038834951456311,72.81553398058253
E00081689,325,61,21,40,264,27,237,18.76923076923077,6.461538461538462,12.307692307692308,81.23076923076923,8.307692307692308,72.92307692307692
E00081690,316,44,17,27,272,28,244,13.924050632911392,5.379746835443038,8.544303797468354,86.07594936708861,8.860759493670885,77.21518987341773
E00081691,270,69,33,36,201,14,187,25.555555555555554,12.222222222222221,13.333333333333334,74.44444444444444,5.185185185185185,69.25925925925925
E00081692,278,44,16,28,234,15,219,15.827338129496402,5.755395683453238,10.071942446043165,84.17266187050359,5.39568345323741,78.77697841726618
E00081693,313,44,24,20,269,20,249,14.057507987220447,7.667731629392971,6.3897763578274756,85.94249201277955,6.3897763578274756,79.55271565495208
E00081694,297,61,26,35,236,15,221,20.53872053872054,8.754208754208754,11.784511784511785,79.46127946127946,5.05050505050505,74.41077441077442
E00081695,329,77,33,44,252,20,232,23.404255319148938,10.030395136778116,13.37386018237082,76.59574468085107,6.079027355623101,70.51671732522796
E00081696,339,62,25,37,277,15,262,18.289085545722713,7.374631268436578,10.914454277286136,81.71091445427729,4.424778761061947,77.28613569321534
E00081697,312,45,15,30,267,26,241,14.423076923076922,4.807692307692308,9.615384615384617,85.57692307692307,8.333333333333332,77.24358974358975
E00081698,324,36,16,20,288,25,263,11.11111111111111,4.938271604938271,6.172839506172839,88.88888888888889,7.716049382716049,81.17283950617285
E00081699,258,66,29,37,192,19,173,25.581395348837212,11.24031007751938,14.34108527131783,74.4186046511628,7.3643410852713185,67.05426356589147
E00081700,283,37,12,25,246,21,225,13.074204946996467,4.240282685512367,8.8339222614841,86.92579505300353,7.420494699646643,79.50530035335689
E00081701,345,70,23,47,275,20,255,20.28985507246377,6.666666666666667,13.623188405797102,79.71014492753623,5.797101449275362,73.91304347826086
E00081702,215,91,52,39,124,15,109,42.32558139534884,24.186046511627907,18.13953488372093,57.674418604651166,6.976744186046512,50.697674418604656
E00081703,324,57,29,28,267,31,236,17.59259259259259,8.950617283950617,8.641975308641975,82.4074074074074,9.5679012345679,72.8395061728395
E00081704,224,74,39,35,150,9,141,33.035714285714285,17.410714285714285,15.625,66.96428571428571,4.017857142857143,62.94642857142857
E00081705,299,67,33,34,232,25,207,22.40802675585284,11.036789297658862,11.37123745819398,77.59197324414716,8.361204013377927,69.23076923076923
E00081706,264,53,19,34,211,17,194,20.075757575757574,7.196969696969697,12.878787878787879,79.92424242424242,6.4393939393939394,73.48484848484848
E00081707,327,46,19,27,281,27,254,14.067278287461773,5.81039755351682,8.256880733944955,85.93272171253822,8.256880733944955,77.67584097859327
E00081708,403,57,25,32,346,32,314,14.1439205955335,6.20347394540943,7.94044665012407,85.8560794044665,7.94044665012407,77.91563275434244
E00081709,354,56,16,40,298,29,269,15.819209039548024,4.519774011299435,11.299435028248588,84.18079096045197,8.192090395480225,75.98870056497175
E00081710,277,73,27,46,204,23,181,26.353790613718413,9.747292418772563,16.60649819494585,73.6462093862816,8.303249097472925,65.34296028880865
E00081711,294,58,20,38,236,20,216,19.727891156462583,6.802721088435375,12.925170068027212,80.27210884353741,6.802721088435375,73.46938775510205
E00081712,302,70,39,31,232,15,217,23.178807947019866,12.91390728476821,10.264900662251655,76.82119205298014,4.966887417218543,71.8543046357616
E00081713,286,58,22,36,228,17,211,20.27972027972028,7.6923076923076925,12.587412587412588,79.72027972027972,5.944055944055944,73.77622377622379
E00081714,288,57,24,33,231,21,210,19.791666666666664,8.333333333333332,11.458333333333332,80.20833333333334,7.291666666666667,72.91666666666666
E00081715,276,53,19,34,223,15,208,19.202898550724637,6.884057971014493,12.318840579710146,80.79710144927536,5.434782608695652,75.36231884057972
E00081716,288,75,37,38,213,18,195,26.041666666666668,12.847222222222221,13.194444444444445,73.95833333333334,6.25,67.70833333333334
E00081717,299,45,14,31,254,21,233,15.050167224080269,4.682274247491638,10.367892976588628,84.94983277591973,7.023411371237458,77.92642140468227
E00081718,344,61,20,41,283,31,252,17.732558139534884,5.813953488372093,11.918604651162791,82.26744186046511,9.011627906976743,73.25581395348837
E00081719,349,59,26,33,290,33,257,16.9054441260745,7.4498567335243555,9.455587392550143,83.0945558739255,9.455587392550143,73.63896848137536
E00081720,348,41,15,26,307,35,272,11.781609195402298,4.310344827586207,7.471264367816093,88.2183908045977,10.057471264367816,78.16091954022988
E00081721,326,66,30,36,260,29,231,20.245398773006134,9.202453987730062,11.042944785276074,79.75460122699386,8.895705521472392,70.85889570552148
E00081722,398,87,30,57,311,28,283,21.85929648241206,7.537688442211055,14.321608040201006,78.14070351758794,7.035175879396985,71.10552763819096
E00081723,343,53,18,35,290,33,257,15.451895043731778,5.247813411078718,10.204081632653061,84.54810495626822,9.620991253644315,74.9271137026239
E00081724,351,60,16,44,291,29,262,17.094017094017094,4.5584045584045585,12.535612535612536,82.90598290598291,8.262108262108262,74.64387464387464
E00081725,318,49,22,27,269,19,250,15.40880503144654,6.918238993710692,8.49056603773585,84.59119496855347,5.9748427672955975,78.61635220125787
E00081726,370,54,20,34,316,28,288,14.594594594594595,5.405405405405405,9.18918918918919,85.4054054054054,7.567567567567568,77.83783783783784
E00081727,378,73,37,36,305,28,277,19.31216931216931,9.788359788359788,9.523809523809524,80.68783068783068,7.4074074074074066,73.28042328042328
E00081728,422,55,27,28,367,25,342,13.033175355450238,6.398104265402843,6.6350710900473935,86.96682464454977,5.924170616113744,81.04265402843602
E00081729,333,66,29,37,267,26,241,19.81981981981982,8.708708708708707,11.11111111111111,80.18018018018019,7.807807807807808,72.37237237237237
E00081730,313,64,35,29,249,19,230,20.447284345047922,11.182108626198083,9.26517571884984,79.55271565495208,6.070287539936102,73.48242811501598
E00081731,290,39,12,27,251,32,219,13.448275862068964,4.137931034482759,9.310344827586208,86.55172413793103,11.03448275862069,75.51724137931033
E00081732,338,70,35,35,268,14,254,20.710059171597635,10.355029585798817,10.355029585798817,79.28994082840237,4.142011834319527,75.14792899408283
E00081733,268,87,48,39,181,16,165,32.46268656716418,17.91044776119403,14.55223880597015,67.53731343283582,5.970149253731343,61.56716417910447
E00081734,253,70,35,35,183,10,173,27.66798418972332,13.83399209486166,13.83399209486166,72.33201581027669,3.9525691699604746,68.37944664031622
E00081735,396,86,45,41,310,25,285,21.71717171717172,11.363636363636363,10.353535353535353,78.28282828282829,6.313131313131313,71.96969696969697
E00081736,388,72,33,39,316,28,288,18.556701030927837,8.505154639175258,10.051546391752577,81.44329896907216,7.216494845360824,74.22680412371135
E00081737,289,84,30,54,205,20,185,29.06574394463668,10.380622837370241,18.685121107266436,70.93425605536332,6.920415224913495,64.01384083044984
E00081738,331,50,18,32,281,34,247,15.105740181268882,5.438066465256798,9.667673716012084,84.89425981873111,10.27190332326284,74.62235649546828
E00081739,380,65,27,38,315,29,286,17.105263157894736,7.105263157894736,10,82.89473684210526,7.631578947368421,75.26315789473685
E00081740,341,52,13,39,289,36,253,15.249266862170089,3.812316715542522,11.436950146627565,84.75073313782991,10.557184750733137,74.19354838709677
E00081741,324,53,20,33,271,29,242,16.358024691358025,6.172839506172839,10.185185185185185,83.64197530864197,8.950617283950617,74.69135802469135
E00081742,300,73,39,34,227,20,207,24.333333333333336,13,11.333333333333332,75.66666666666667,6.666666666666667,69
E00081743,316,66,30,36,250,22,228,20.88607594936709,9.49367088607595,11.39240506329114,79.11392405063292,6.962025316455696,72.15189873417721
E00081744,327,50,20,30,277,27,250,15.29051987767584,6.116207951070336,9.174311926605505,84.70948012232415,8.256880733944955,76.45259938837921
E00081745,364,48,10,38,316,36,280,13.186813186813188,2.7472527472527473,10.43956043956044,86.81318681318682,9.89010989010989,76.92307692307693
E00081746,287,50,21,29,237,20,217,17.421602787456447,7.317073170731707,10.104529616724738,82.57839721254355,6.968641114982578,75.60975609756098
E00081747,328,30,8,22,298,27,271,9.146341463414634,2.4390243902439024,6.707317073170732,90.85365853658537,8.231707317073171,82.6219512195122
E00081748,344,35,11,24,309,35,274,10.174418604651162,3.1976744186046515,6.976744186046512,89.82558139534885,10.174418604651162,79.65116279069767
E00081749,475,107,59,48,368,21,347,22.526315789473685,12.421052631578949,10.105263157894736,77.47368421052632,4.421052631578947,73.05263157894737
E00081750,307,47,15,32,260,34,226,15.309446254071663,4.88599348534202,10.423452768729643,84.69055374592834,11.074918566775244,73.61563517915309
E00081751,361,66,25,41,295,28,267,18.282548476454295,6.9252077562326875,11.357340720221606,81.7174515235457,7.756232686980609,73.9612188365651
E00081752,333,61,22,39,272,17,255,18.31831831831832,6.606606606606606,11.711711711711711,81.68168168168168,5.105105105105105,76.57657657657657
E00081753,299,51,23,28,248,21,227,17.05685618729097,7.6923076923076925,9.364548494983277,82.94314381270902,7.023411371237458,75.91973244147158
E00081754,327,63,29,34,264,26,238,19.26605504587156,8.868501529051988,10.397553516819572,80.73394495412845,7.951070336391437,72.78287461773701
E00081755,497,134,96,38,363,26,337,26.961770623742453,19.3158953722334,7.645875251509055,73.03822937625755,5.23138832997988,67.80684104627767
E00081756,323,48,17,31,275,24,251,14.860681114551083,5.263157894736842,9.597523219814242,85.13931888544892,7.430340557275541,77.70897832817337
E00081757,315,61,24,37,254,36,218,19.365079365079367,7.6190476190476195,11.746031746031745,80.63492063492063,11.428571428571429,69.2063492063492
E00081758,316,59,26,33,257,21,236,18.670886075949365,8.227848101265822,10.443037974683545,81.32911392405063,6.6455696202531636,74.68354430379746
E00081759,345,56,20,36,289,26,263,16.231884057971012,5.797101449275362,10.434782608695652,83.76811594202898,7.536231884057972,76.23188405797102
E00081760,323,49,22,27,274,24,250,15.170278637770899,6.811145510835913,8.359133126934983,84.82972136222911,7.430340557275541,77.39938080495357
E00081761,318,74,49,25,244,30,214,23.270440251572328,15.40880503144654,7.861635220125786,76.72955974842768,9.433962264150944,67.29559748427673
E00081762,471,69,32,37,402,31,371,14.64968152866242,6.794055201698514,7.855626326963907,85.35031847133759,6.581740976645436,78.76857749469215
E00081763,362,54,16,38,308,21,287,14.917127071823206,4.41988950276243,10.497237569060774,85.0828729281768,5.801104972375691,79.28176795580112
E00081764,525,110,69,41,415,31,384,20.952380952380953,13.142857142857142,7.809523809523809,79.04761904761905,5.904761904761905,73.14285714285714
E00081765,325,55,21,34,270,20,250,16.923076923076923,6.461538461538462,10.461538461538462,83.07692307692308,6.153846153846154,76.92307692307693
E00081766,264,35,18,17,229,31,198,13.257575757575758,6.8181818181818175,6.4393939393939394,86.74242424242425,11.742424242424242,75
E00081767,321,32,5,27,289,26,263,9.968847352024921,1.557632398753894,8.411214953271028,90.03115264797508,8.09968847352025,81.93146417445483
E00081768,312,46,16,30,266,23,243,14.743589743589745,5.128205128205128,9.615384615384617,85.25641025641025,7.371794871794872,77.88461538461539
E00081769,300,54,20,34,246,22,224,18,6.666666666666667,11.333333333333332,82,7.333333333333333,74.66666666666667
E00081770,268,42,14,28,226,23,203,15.671641791044777,5.223880597014925,10.44776119402985,84.32835820895522,8.582089552238806,75.74626865671642
E00081771,345,56,23,33,289,26,263,16.231884057971012,6.666666666666667,9.565217391304348,83.76811594202898,7.536231884057972,76.23188405797102
E00081772,375,72,34,38,303,16,287,19.2,9.066666666666666,10.133333333333333,80.80000000000001,4.266666666666667,76.53333333333333
E00081773,213,54,26,28,159,18,141,25.352112676056336,12.206572769953052,13.145539906103288,74.64788732394366,8.450704225352112,66.19718309859155
E00167382,231,39,21,18,192,12,180,16.883116883116884,9.090909090909092,7.792207792207792,83.11688311688312,5.194805194805195,77.92207792207793
E00167383,316,53,20,33,263,14,249,16.77215189873418,6.329113924050633,10.443037974683545,83.22784810126582,4.430379746835443,78.79746835443038
E00167385,405,53,16,37,352,29,323,13.086419753086421,3.950617283950617,9.135802469135802,86.91358024691358,7.160493827160494,79.75308641975309
E00167386,325,64,24,40,261,11,250,19.692307692307693,7.384615384615385,12.307692307692308,80.3076923076923,3.3846153846153846,76.92307692307693
E00167388,363,52,26,26,311,21,290,14.325068870523417,7.162534435261708,7.162534435261708,85.67493112947659,5.785123966942149,79.88980716253444
E00167389,313,61,25,36,252,15,237,19.488817891373802,7.987220447284344,11.501597444089457,80.5111821086262,4.792332268370607,75.71884984025559
E00167390,372,77,38,39,295,24,271,20.698924731182796,10.21505376344086,10.483870967741936,79.3010752688172,6.451612903225806,72.84946236559139
E00167391,205,30,16,14,175,13,162,14.634146341463413,7.804878048780488,6.829268292682928,85.36585365853658,6.341463414634147,79.02439024390245
E00167392,263,31,11,20,232,18,214,11.787072243346007,4.182509505703422,7.604562737642586,88.212927756654,6.844106463878327,81.36882129277566
E00167393,233,47,18,29,186,26,160,20.171673819742487,7.725321888412018,12.446351931330472,79.82832618025752,11.158798283261802,68.6695278969957
E00167394,260,70,40,30,190,11,179,26.923076923076923,15.384615384615385,11.538461538461538,73.07692307692307,4.230769230769231,68.84615384615384
E00167395,397,70,37,33,327,18,309,17.632241813602015,9.319899244332493,8.312342569269521,82.36775818639799,4.534005037783375,77.83375314861462
E00167396,552,77,27,50,475,36,439,13.949275362318842,4.891304347826087,9.057971014492754,86.05072463768117,6.521739130434782,79.52898550724638
E00167397,537,62,24,38,475,43,432,11.54562383612663,4.4692737430167595,7.076350093109869,88.45437616387338,8.007448789571695,80.44692737430168
E00167398,308,41,13,28,267,25,242,13.311688311688311,4.220779220779221,9.090909090909092,86.68831168831169,8.116883116883116,78.57142857142857
E00167399,320,51,20,31,269,19,250,15.937499999999998,6.25,9.6875,84.0625,5.9375,78.125
E00167402,541,73,32,41,468,25,443,13.493530499075785,5.914972273567468,7.578558225508318,86.50646950092421,4.621072088724584,81.88539741219964
E00167403,359,39,13,26,320,23,297,10.86350974930362,3.6211699164345403,7.242339832869081,89.13649025069638,6.406685236768802,82.72980501392759
E00167404,333,33,13,20,300,15,285,9.90990990990991,3.903903903903904,6.006006006006006,90.09009009009009,4.504504504504505,85.58558558558559
E00167406,572,62,22,40,510,31,479,10.839160839160838,3.8461538461538463,6.993006993006993,89.16083916083916,5.419580419580419,83.74125874125873
E00167407,110,27,13,14,83,2,81,24.545454545454547,11.818181818181818,12.727272727272727,75.45454545454545,1.8181818181818181,73.63636363636363
E00167408,282,40,17,23,242,14,228,14.184397163120568,6.028368794326241,8.156028368794328,85.81560283687944,4.964539007092199,80.85106382978722
E00167409,137,28,17,11,109,7,102,20.437956204379564,12.408759124087592,8.02919708029197,79.56204379562044,5.109489051094891,74.45255474452554
E00167410,288,49,24,25,239,14,225,17.01388888888889,8.333333333333332,8.680555555555555,82.98611111111111,4.861111111111112,78.125
E00167411,204,22,7,15,182,17,165,10.784313725490197,3.431372549019608,7.352941176470589,89.2156862745098,8.333333333333332,80.88235294117648
E00167412,304,48,18,30,256,21,235,15.789473684210526,5.921052631578947,9.868421052631579,84.21052631578947,6.907894736842106,77.30263157894737
E00167413,371,34,14,20,337,25,312,9.164420485175203,3.7735849056603774,5.3908355795148255,90.83557951482479,6.738544474393531,84.09703504043127
E00167414,409,92,36,56,317,31,286,22.493887530562347,8.80195599022005,13.691931540342297,77.50611246943765,7.579462102689487,69.92665036674816
E00167415,327,54,19,35,273,18,255,16.51376146788991,5.81039755351682,10.703363914373089,83.4862385321101,5.5045871559633035,77.98165137614679
E00167416,277,39,23,16,238,13,225,14.079422382671481,8.303249097472925,5.776173285198556,85.92057761732852,4.693140794223827,81.2274368231047
E00167417,296,71,50,21,225,18,207,23.986486486486484,16.89189189189189,7.094594594594595,76.01351351351352,6.081081081081082,69.93243243243244
E00167419,328,39,16,23,289,21,268,11.890243902439025,4.878048780487805,7.01219512195122,88.10975609756098,6.402439024390244,81.70731707317073
E00167420,975,279,97,182,696,65,631,28.615384615384613,9.948717948717949,18.666666666666668,71.38461538461539,6.666666666666667,64.71794871794872
E00189622,277,84,33,51,193,27,166,30.324909747292416,11.913357400722022,18.4115523465704,69.67509025270758,9.747292418772563,59.92779783393502
E00189630,923,84,37,47,839,38,801,9.100758396533044,4.008667388949079,5.092091007583965,90.89924160346695,4.117009750812568,86.78223185265439
E00189635,344,38,13,25,306,23,283,11.046511627906977,3.77906976744186,7.267441860465117,88.95348837209302,6.686046511627906,82.26744186046511
E00189636,343,60,28,32,283,23,260,17.49271137026239,8.16326530612245,9.329446064139942,82.5072886297376,6.705539358600583,75.80174927113703
E00189640,191,19,4,15,172,18,154,9.947643979057592,2.094240837696335,7.853403141361256,90.0523560209424,9.424083769633508,80.6282722513089
E00189642,161,13,9,4,148,7,141,8.074534161490684,5.590062111801243,2.484472049689441,91.92546583850931,4.3478260869565215,87.5776397515528
E00189643,326,27,7,20,299,15,284,8.282208588957054,2.147239263803681,6.134969325153374,91.71779141104295,4.601226993865031,87.11656441717791
E00189645,253,54,20,34,199,23,176,21.34387351778656,7.905138339920949,13.438735177865613,78.65612648221344,9.090909090909092,69.56521739130434
E00189648,350,27,9,18,323,25,298,7.7142857142857135,2.571428571428571,5.142857142857142,92.28571428571428,7.142857142857142,85.14285714285714
E00189651,246,19,3,16,227,18,209,7.723577235772358,1.2195121951219512,6.504065040650407,92.27642276422763,7.317073170731707,84.95934959349594
E00189656,343,36,14,22,307,15,292,10.495626822157435,4.081632653061225,6.41399416909621,89.50437317784257,4.373177842565598,85.13119533527697
E00189658,252,26,12,14,226,12,214,10.317460317460316,4.761904761904762,5.555555555555555,89.68253968253968,4.761904761904762,84.92063492063492
E00189659,148,22,6,16,126,8,118,14.864864864864865,4.054054054054054,10.81081081081081,85.13513513513513,5.405405405405405,79.72972972972973
E00189661,112,14,6,8,98,8,90,12.5,5.357142857142857,7.142857142857142,87.5,7.142857142857142,80.35714285714286
E00189665,261,34,12,22,227,22,205,13.026819923371647,4.597701149425287,8.42911877394636,86.97318007662835,8.42911877394636,78.544061302682
E00189668,378,28,8,20,350,12,338,7.4074074074074066,2.1164021164021163,5.291005291005291,92.5925925925926,3.1746031746031744,89.41798941798942
E00189669,209,25,9,16,184,20,164,11.961722488038278,4.30622009569378,7.655502392344498,88.03827751196172,9.569377990430622,78.4688995215311
E00189674,392,53,16,37,339,32,307,13.520408163265307,4.081632653061225,9.438775510204081,86.4795918367347,8.16326530612245,78.31632653061224
E00189678,175,73,41,32,102,10,92,41.714285714285715,23.42857142857143,18.285714285714285,58.285714285714285,5.714285714285714,52.57142857142857
E00189681,295,41,12,29,254,22,232,13.898305084745763,4.067796610169491,9.830508474576272,86.10169491525423,7.457627118644068,78.64406779661017
E00189685,176,20,7,13,156,12,144,11.363636363636363,3.977272727272727,7.386363636363637,88.63636363636364,6.8181818181818175,81.81818181818183
E00189687,352,47,18,29,305,19,286,13.352272727272727,5.113636363636364,8.238636363636363,86.64772727272727,5.3977272727272725,81.25
E00189688,313,28,10,18,285,26,259,8.945686900958465,3.1948881789137378,5.7507987220447285,91.05431309904152,8.30670926517572,82.74760383386581
E00189693,300,47,18,29,253,16,237,15.666666666666668,6,9.666666666666666,84.33333333333334,5.333333333333334,79
E00189696,831,126,43,83,705,46,659,15.162454873646208,5.174488567990373,9.987966305655837,84.83754512635379,5.535499398315283,79.30204572803851
E00189703,250,43,21,22,207,14,193,17.2,8.4,8.799999999999999,82.8,5.6000000000000005,77.2
E00189706,383,35,9,26,348,27,321,9.138381201044385,2.3498694516971277,6.7885117493472595,90.86161879895562,7.049608355091384,83.81201044386422
E00189716,258,50,16,34,208,19,189,19.379844961240313,6.2015503875969,13.178294573643413,80.62015503875969,7.3643410852713185,73.25581395348837
E00189720,336,25,9,16,311,17,294,7.440476190476191,2.6785714285714284,4.761904761904762,92.55952380952381,5.059523809523809,87.5
E00189724,203,23,13,10,180,14,166,11.330049261083744,6.403940886699508,4.926108374384237,88.66995073891626,6.896551724137931,81.77339901477832
E00189725,284,70,32,38,214,25,189,24.647887323943664,11.267605633802818,13.380281690140844,75.35211267605634,8.80281690140845,66.54929577464789
E00189734,411,25,0,25,386,17,369,6.082725060827251,0,6.082725060827251,93.91727493917274,4.13625304136253,89.78102189781022
E00189741,403,69,43,26,334,25,309,17.121588089330025,10.669975186104217,6.451612903225806,82.87841191066998,6.20347394540943,76.67493796526055
E00189743,321,36,11,25,285,25,260,11.214953271028037,3.4267912772585665,7.78816199376947,88.78504672897196,7.78816199376947,80.99688473520249
E00189746,340,33,10,23,307,22,285,9.705882352941178,2.941176470588235,6.764705882352941,90.29411764705883,6.470588235294119,83.82352941176471
E00189755,214,58,27,31,156,22,134,27.102803738317753,12.616822429906541,14.485981308411214,72.89719626168224,10.2803738317757,62.616822429906534
E00189758,377,46,18,28,331,18,313,12.20159151193634,4.774535809018567,7.427055702917771,87.79840848806366,4.774535809018567,83.0238726790451
E00189760,264,27,10,17,237,24,213,10.227272727272728,3.787878787878788,6.4393939393939394,89.77272727272727,9.090909090909092,80.68181818181817
E00189763,141,13,3,10,128,18,110,9.219858156028367,2.127659574468085,7.092198581560284,90.78014184397163,12.76595744680851,78.01418439716312
E00189771,289,36,11,25,253,20,233,12.45674740484429,3.8062283737024223,8.650519031141869,87.5432525951557,6.920415224913495,80.62283737024222
E00189772,258,65,22,43,193,16,177,25.1937984496124,8.527131782945736,16.666666666666664,74.8062015503876,6.2015503875969,68.6046511627907
E00189780,240,22,7,15,218,26,192,9.166666666666666,2.9166666666666665,6.25,90.83333333333333,10.833333333333334,80
E00189783,156,23,7,16,133,11,122,14.743589743589745,4.487179487179487,10.256410256410255,85.25641025641025,7.051282051282051,78.2051282051282
E00189786,327,39,17,22,288,19,269,11.926605504587156,5.198776758409786,6.727828746177369,88.07339449541286,5.81039755351682,82.26299694189603
E00189787,195,39,17,22,156,20,136,20,8.717948717948717,11.282051282051283,80,10.256410256410255,69.74358974358974
E00189789,339,28,9,19,311,21,290,8.259587020648967,2.6548672566371683,5.604719764011799,91.74041297935102,6.1946902654867255,85.54572271386431
E00189792,255,56,23,33,199,20,179,21.96078431372549,9.019607843137255,12.941176470588237,78.03921568627452,7.8431372549019605,70.19607843137254
