OA,ts0380001,ts0380002,ts0380003,ts0380004,ts0380005,ts0380006,ts0380007,ts0380002_PCT,ts0380003_PCT,ts0380004_PCT,ts0380005_PCT,ts0380006_PCT,ts0380007_PCT
E00068657,457,108,65,43,349,14,335,23.63238512035011,14.22319474835886,9.409190371991247,76.36761487964989,3.063457330415755,73.30415754923413
E00068658,376,58,21,37,318,28,290,15.425531914893616,5.585106382978723,9.840425531914894,84.57446808510637,7.446808510638298,77.12765957446808
E00068659,363,54,18,36,309,15,294,14.87603305785124,4.958677685950414,9.917355371900827,85.12396694214877,4.132231404958678,80.99173553719008
E00068660,297,37,17,20,260,10,250,12.457912457912458,5.723905723905724,6.7340067340067336,87.54208754208754,3.3670033670033668,84.17508417508418
E00068661,592,82,32,50,510,27,483,13.85135135135135,5.405405405405405,8.445945945945946,86.14864864864865,4.5608108108108105,81.58783783783784
E00068662,379,71,26,45,308,20,288,18.733509234828496,6.860158311345646,11.87335092348285,81.26649076517151,5.277044854881266,75.98944591029023
E00068663,365,54,23,31,311,20,291,14.794520547945206,6.301369863013699,8.493150684931507,85.2054794520548,5.47945205479452,79.72602739726027
E00068664,311,66,37,29,245,14,231,21.221864951768488,11.89710610932476,9.32475884244373,78.77813504823152,4.501607717041801,74.27652733118971
E00068665,372,89,45,44,283,20,263,23.9247311827957,12.096774193548388,11.827956989247312,76.0752688172043,5.376344086021505,70.6989247311828
E00068666,376,61,32,29,315,15,300,16.22340425531915,8.51063829787234,7.712765957446808,83.77659574468085,3.9893617021276597,79.7872340425532
E00068667,328,67,33,34,261,17,244,20.426829268292682,10.060975609756099,10.365853658536585,79.57317073170732,5.182926829268292,74.39024390243902
E00068668,346,79,37,42,267,20,247,22.832369942196532,10.69364161849711,12.138728323699421,77.16763005780348,5.780346820809249,71.38728323699422
E00068669,272,50,20,30,222,15,207,18.38235294117647,7.352941176470589,11.029411764705882,81.61764705882352,5.514705882352941,76.10294117647058
E00068670,355,56,20,36,299,17,282,15.774647887323944,5.633802816901409,10.140845070422536,84.22535211267605,4.788732394366197,79.43661971830987
E00068671,276,88,53,35,188,12,176,31.88405797101449,19.202898550724637,12.681159420289855,68.11594202898551,4.3478260869565215,63.76811594202898
E00068672,403,63,34,29,340,16,324,15.632754342431761,8.436724565756824,7.196029776674938,84.36724565756823,3.970223325062035,80.39702233250621
E00068673,271,73,48,25,198,10,188,26.937269372693727,17.712177121771216,9.22509225092251,73.06273062730627,3.6900369003690034,69.37269372693727
E00068674,298,55,14,41,243,20,223,18.456375838926174,4.697986577181208,13.758389261744966,81.54362416107382,6.7114093959731544,74.83221476510067
E00068675,444,85,57,28,359,12,347,19.144144144144143,12.837837837837837,6.306306306306306,80.85585585585585,2.7027027027027026,78.15315315315316
E00068676,411,104,67,37,307,19,288,25.304136253041364,16.30170316301703,9.002433090024331,74.69586374695864,4.622871046228711,70.07299270072993
E00068677,257,72,36,36,185,12,173,28.01556420233463,14.007782101167315,14.007782101167315,71.98443579766537,4.669260700389105,67.31517509727627
E00068678,339,71,43,28,268,5,263,20.943952802359885,12.684365781710916,8.259587020648967,79.05604719764013,1.4749262536873156,77.5811209439528
E00068679,262,72,40,32,190,19,171,27.480916030534353,15.267175572519085,12.213740458015266,72.51908396946564,7.251908396946565,65.2671755725191
E00068680,344,57,26,31,287,15,272,16.569767441860463,7.55813953488372,9.011627906976743,83.43023255813954,4.3604651162790695,79.06976744186046
E00068681,316,45,18,27,271,11,260,14.240506329113925,5.69620253164557,8.544303797468354,85.75949367088607,3.481012658227848,82.27848101265823
E00068682,494,110,66,44,384,8,376,22.267206477732792,13.360323886639677,8.906882591093117,77.7327935222672,1.6194331983805668,76.11336032388664
E00068683,372,55,20,35,317,12,305,14.78494623655914,5.376344086021505,9.408602150537634,85.21505376344086,3.225806451612903,81.98924731182797
E00068684,307,48,23,25,259,17,242,15.63517915309446,7.491856677524431,8.143322475570033,84.36482084690554,5.537459283387622,78.82736156351791
E00068685,210,64,35,29,146,7,139,30.476190476190478,16.666666666666664,13.80952380952381,69.52380952380952,3.3333333333333335,66.19047619047619
E00068686,365,51,24,27,314,10,304,13.972602739726028,6.575342465753424,7.397260273972603,86.02739726027397,2.73972602739726,83.28767123287672
E00068688,349,56,22,34,293,12,281,16.045845272206304,6.303724928366762,9.742120343839542,83.95415472779369,3.4383954154727796,80.51575931232091
E00068689,319,57,25,32,262,13,249,17.86833855799373,7.836990595611286,10.031347962382444,82.13166144200626,4.075235109717868,78.0564263322884
E00068690,395,60,25,35,335,21,314,15.18987341772152,6.329113924050633,8.860759493670885,84.81012658227847,5.3164556962025316,79.49367088607595
E00068691,282,44,13,31,238,17,221,15.602836879432624,4.609929078014184,10.99290780141844,84.39716312056737,6.028368794326241,78.36879432624113
E00068692,362,44,15,29,318,15,303,12.154696132596685,4.143646408839778,8.011049723756907,87.84530386740332,4.143646408839778,83.70165745856355
E00068693,350,43,19,24,307,19,288,12.285714285714286,5.428571428571429,6.857142857142858,87.71428571428571,5.428571428571429,82.28571428571428
E00068694,283,49,22,27,234,13,221,17.314487632508836,7.773851590106007,9.540636042402827,82.68551236749117,4.593639575971731,78.09187279151944
E00068695,423,119,70,49,304,11,293,28.132387706855795,16.548463356973993,11.583924349881796,71.8676122931442,2.6004728132387704,69.26713947990544
E00068696,375,76,38,38,299,21,278,20.266666666666666,10.133333333333333,10.133333333333333,79.73333333333333,5.6000000000000005,74.13333333333333
E00068697,312,62,34,28,250,17,233,19.871794871794872,10.897435897435898,8.974358974358974,80.12820512820514,5.448717948717949,74.67948717948718
E00068698,355,71,28,43,284,18,266,20,7.887323943661972,12.112676056338028,80,5.070422535211268,74.92957746478874
E00068699,341,88,46,42,253,9,244,25.806451612903224,13.48973607038123,12.316715542521994,74.19354838709677,2.6392961876832843,71.5542521994135
E00068700,356,63,29,34,293,15,278,17.696629213483146,8.146067415730338,9.550561797752808,82.30337078651685,4.213483146067416,78.08988764044943
E00068701,318,55,32,23,263,19,244,17.29559748427673,10.062893081761008,7.232704402515723,82.70440251572327,5.9748427672955975,76.72955974842768
E00068702,248,43,15,28,205,17,188,17.338709677419356,6.048387096774194,11.29032258064516,82.66129032258065,6.854838709677419,75.80645161290323
E00068703,246,55,20,35,191,29,162,22.35772357723577,8.130081300813007,14.227642276422763,77.64227642276423,11.788617886178862,65.85365853658537
E00068704,244,43,12,31,201,19,182,17.62295081967213,4.918032786885246,12.704918032786885,82.37704918032787,7.786885245901639,74.59016393442623
E00068705,338,61,18,43,277,12,265,18.04733727810651,5.325443786982249,12.721893491124261,81.95266272189349,3.5502958579881656,78.40236686390533
E00068706,316,56,27,29,260,24,236,17.72151898734177,8.544303797468354,9.177215189873419,82.27848101265823,7.59493670886076,74.68354430379746
E00068707,384,64,32,32,320,21,299,16.666666666666664,8.333333333333332,8.333333333333332,83.33333333333334,5.46875,77.86458333333334
E00068708,389,76,40,36,313,30,283,19.53727506426735,10.282776349614396,9.254498714652955,80.46272493573264,7.712082262210797,72.75064267352185
E00068709,341,58,20,38,283,29,254,17.008797653958943,5.865102639296188,11.143695014662756,82.99120234604106,8.504398826979472,74.48680351906158
E00068710,495,122,64,58,373,32,341,24.646464646464647,12.929292929292929,11.717171717171718,75.35353535353535,6.4646464646464645,68.88888888888889
E00068711,330,56,24,32,274,24,250,16.969696969696972,7.2727272727272725,9.696969696969697,83.03030303030303,7.2727272727272725,75.75757575757575
E00068712,420,66,28,38,354,40,314,15.714285714285714,6.666666666666667,9.047619047619047,84.28571428571429,9.523809523809524,74.76190476190476
E00068713,293,54,26,28,239,27,212,18.43003412969283,8.873720136518772,9.556313993174061,81.56996587030717,9.215017064846416,72.35494880546075
E00068714,336,61,19,42,275,21,254,18.154761904761905,5.654761904761905,12.5,81.84523809523809,6.25,75.59523809523809
E00068715,271,62,25,37,209,23,186,22.878228782287824,9.22509225092251,13.653136531365314,77.12177121771218,8.487084870848708,68.63468634686348
E00068716,399,58,34,24,341,34,307,14.536340852130325,8.521303258145362,6.015037593984962,85.46365914786968,8.521303258145362,76.94235588972431
E00068717,194,35,12,23,159,13,146,18.04123711340206,6.185567010309279,11.855670103092782,81.95876288659794,6.701030927835052,75.25773195876289
E00068718,293,51,20,31,242,11,231,17.4061433447099,6.825938566552901,10.580204778156997,82.5938566552901,3.754266211604096,78.839590443686
E00068719,281,49,12,37,232,21,211,17.437722419928825,4.270462633451958,13.167259786476867,82.56227758007117,7.473309608540925,75.08896797153025
E00068720,408,56,14,42,352,17,335,13.725490196078432,3.431372549019608,10.294117647058822,86.27450980392157,4.166666666666666,82.1078431372549
E00068721,256,41,10,31,215,16,199,16.015625,3.90625,12.109375,83.984375,6.25,77.734375
E00068722,287,44,18,26,243,20,223,15.33101045296167,6.2717770034843205,9.059233449477352,84.66898954703834,6.968641114982578,77.70034843205575
E00068723,246,49,18,31,197,18,179,19.91869918699187,7.317073170731707,12.601626016260163,80.08130081300813,7.317073170731707,72.76422764227642
E00068724,283,51,18,33,232,25,207,18.021201413427562,6.36042402826855,11.66077738515901,81.97879858657244,8.8339222614841,73.14487632508833
E00068725,365,62,27,35,303,30,273,16.986301369863014,7.397260273972603,9.58904109589041,83.01369863013699,8.21917808219178,74.79452054794521
E00068726,339,57,19,38,282,20,262,16.8141592920354,5.604719764011799,11.209439528023598,83.1858407079646,5.899705014749262,77.28613569321534
E00068727,328,71,25,46,257,16,241,21.646341463414632,7.621951219512195,14.02439024390244,78.35365853658537,4.878048780487805,73.47560975609755
E00068728,259,88,41,47,171,14,157,33.97683397683397,15.83011583011583,18.146718146718147,66.02316602316603,5.405405405405405,60.61776061776062
E00068729,309,51,19,32,258,25,233,16.50485436893204,6.148867313915858,10.355987055016183,83.49514563106796,8.090614886731391,75.40453074433657
E00068730,323,67,21,46,256,20,236,20.743034055727556,6.5015479876160995,14.241486068111456,79.25696594427245,6.191950464396285,73.06501547987617
E00068731,405,145,106,39,260,21,239,35.80246913580247,26.172839506172842,9.62962962962963,64.19753086419753,5.185185185185185,59.01234567901235
E00068732,408,65,27,38,343,26,317,15.931372549019606,6.61764705882353,9.313725490196079,84.06862745098039,6.372549019607843,77.69607843137256
E00068733,227,61,33,28,166,11,155,26.87224669603524,14.537444933920703,12.334801762114537,73.12775330396477,4.845814977973569,68.28193832599119
E00068734,320,66,43,23,254,13,241,20.625,13.4375,7.187499999999999,79.375,4.0625,75.3125
E00068735,262,50,17,33,212,16,196,19.083969465648856,6.488549618320611,12.595419847328243,80.91603053435115,6.106870229007633,74.80916030534351
E00068736,234,33,14,19,201,14,187,14.102564102564102,5.982905982905983,8.11965811965812,85.8974358974359,5.982905982905983,79.91452991452992
E00068737,250,46,15,31,204,13,191,18.4,6,12.4,81.6,5.2,76.4
E00068738,305,50,21,29,255,32,223,16.39344262295082,6.885245901639345,9.508196721311474,83.60655737704919,10.491803278688524,73.11475409836066
E00068739,381,50,23,27,331,19,312,13.123359580052494,6.036745406824147,7.086614173228346,86.8766404199475,4.986876640419948,81.88976377952756
E00068740,378,60,28,32,318,14,304,15.873015873015872,7.4074074074074066,8.465608465608465,84.12698412698413,3.7037037037037033,80.42328042328042
E00068741,288,39,17,22,249,13,236,13.541666666666666,5.902777777777778,7.638888888888889,86.45833333333334,4.513888888888888,81.94444444444444
E00068743,549,65,19,46,484,36,448,11.839708561020036,3.4608378870673953,8.378870673952642,88.16029143897997,6.557377049180328,81.60291438979964
E00068744,405,59,26,33,346,36,310,14.5679012345679,6.419753086419753,8.148148148148149,85.4320987654321,8.88888888888889,76.5432098765432
E00068745,323,54,15,39,269,19,250,16.718266253869967,4.643962848297214,12.074303405572756,83.28173374613003,5.88235294117647,77.39938080495357
E00068747,514,61,32,29,453,19,434,11.86770428015564,6.22568093385214,5.642023346303502,88.13229571984435,3.6964980544747084,84.43579766536965
E00068748,233,24,2,22,209,14,195,10.300429184549357,0.8583690987124464,9.44206008583691,89.69957081545064,6.008583690987124,83.69098712446352
E00068749,300,37,16,21,263,24,239,12.333333333333334,5.333333333333334,7.000000000000001,87.66666666666667,8,79.66666666666666
E00068750,241,60,25,35,181,11,170,24.896265560165975,10.37344398340249,14.522821576763487,75.10373443983403,4.564315352697095,70.53941908713693
E00068751,339,64,28,36,275,17,258,18.87905604719764,8.259587020648967,10.619469026548673,81.12094395280236,5.014749262536873,76.10619469026548
E00068752,267,34,11,23,233,15,218,12.734082397003746,4.119850187265917,8.614232209737828,87.26591760299625,5.617977528089887,81.64794007490637
E00068753,258,46,19,27,212,14,198,17.829457364341085,7.3643410852713185,10.465116279069768,82.17054263565892,5.426356589147287,76.74418604651163
E00068754,280,45,21,24,235,13,222,16.071428571428573,7.5,8.571428571428571,83.92857142857143,4.642857142857143,79.28571428571428
E00068755,332,64,26,38,268,26,242,19.27710843373494,7.83132530120482,11.44578313253012,80.72289156626506,7.83132530120482,72.89156626506023
E00068756,283,61,34,27,222,14,208,21.554770318021202,12.014134275618375,9.540636042402827,78.4452296819788,4.946996466431095,73.4982332155477
E00068757,258,56,17,39,202,24,178,21.705426356589147,6.5891472868217065,15.11627906976744,78.29457364341084,9.30232558139535,68.9922480620155
E00068758,296,57,23,34,239,16,223,19.256756756756758,7.77027027027027,11.486486486486488,80.74324324324324,5.405405405405405,75.33783783783784
E00068759,238,46,15,31,192,11,181,19.327731092436977,6.302521008403361,13.025210084033615,80.67226890756302,4.621848739495799,76.05042016806722
E00068760,456,86,39,47,370,10,360,18.859649122807017,8.552631578947368,10.307017543859649,81.14035087719299,2.1929824561403506,78.94736842105263
E00068761,240,55,17,38,185,12,173,22.916666666666664,7.083333333333333,15.833333333333332,77.08333333333334,5,72.08333333333333
E00068762,368,69,32,37,299,19,280,18.75,8.695652173913043,10.054347826086957,81.25,5.163043478260869,76.08695652173914
E00068763,318,60,33,27,258,20,238,18.867924528301888,10.377358490566039,8.49056603773585,81.13207547169812,6.289308176100629,74.84276729559748
E00068764,439,82,44,38,357,17,340,18.678815489749432,10.022779043280181,8.656036446469248,81.32118451025056,3.8724373576309796,77.44874715261959
E00068765,270,59,36,23,211,10,201,21.85185185185185,13.333333333333334,8.518518518518519,78.14814814814814,3.7037037037037033,74.44444444444444
E00068766,403,76,47,29,327,13,314,18.858560794044664,11.662531017369728,7.196029776674938,81.14143920595534,3.225806451612903,77.91563275434244
E00068767,383,60,36,24,323,21,302,15.66579634464752,9.39947780678851,6.266318537859007,84.33420365535248,5.483028720626632,78.85117493472585
E00068768,428,61,34,27,367,12,355,14.252336448598129,7.943925233644859,6.308411214953271,85.74766355140187,2.803738317757009,82.94392523364486
E00068769,308,53,18,35,255,18,237,17.20779220779221,5.844155844155844,11.363636363636363,82.79220779220779,5.844155844155844,76.94805194805194
E00068770,392,84,55,29,308,15,293,21.428571428571427,14.030612244897958,7.3979591836734695,78.57142857142857,3.826530612244898,74.74489795918367
E00068771,406,71,32,39,335,16,319,17.48768472906404,7.8817733990147785,9.60591133004926,82.51231527093597,3.9408866995073892,78.57142857142857
E00068772,351,55,17,38,296,4,292,15.669515669515668,4.843304843304843,10.826210826210826,84.33048433048434,1.1396011396011396,83.1908831908832
E00068773,483,83,37,46,400,23,377,17.184265010351968,7.6604554865424435,9.523809523809524,82.81573498964804,4.761904761904762,78.05383022774328
E00068775,291,46,15,31,245,14,231,15.807560137457044,5.154639175257731,10.652920962199312,84.19243986254295,4.810996563573884,79.38144329896907
E00068776,263,65,32,33,198,13,185,24.714828897338403,12.167300380228136,12.547528517110266,75.2851711026616,4.942965779467681,70.34220532319392
E00068777,407,78,41,37,329,17,312,19.164619164619165,10.073710073710075,9.090909090909092,80.83538083538083,4.176904176904177,76.65847665847666
E00068778,347,70,33,37,277,17,260,20.172910662824208,9.510086455331413,10.662824207492795,79.82708933717579,4.899135446685879,74.92795389048992
E00068779,362,63,30,33,299,20,279,17.403314917127073,8.287292817679557,9.116022099447514,82.59668508287292,5.524861878453039,77.07182320441989
E00068780,350,46,17,29,304,15,289,13.142857142857142,4.857142857142857,8.285714285714285,86.85714285714286,4.285714285714286,82.57142857142857
E00068781,346,64,27,37,282,13,269,18.497109826589593,7.803468208092486,10.69364161849711,81.5028901734104,3.7572254335260116,77.74566473988439
E00068782,318,70,42,28,248,8,240,22.0125786163522,13.20754716981132,8.80503144654088,77.9874213836478,2.515723270440252,75.47169811320755
E00068784,503,59,30,29,444,14,430,11.72962226640159,5.964214711729622,5.7654075546719685,88.27037773359841,2.783300198807157,85.48707753479125
E00068785,444,71,33,38,373,12,361,15.99099099099099,7.4324324324324325,8.558558558558559,84.009009009009,2.7027027027027026,81.30630630630631
E00068786,477,61,28,33,416,12,404,12.78825995807128,5.870020964360587,6.918238993710692,87.21174004192872,2.515723270440252,84.69601677148847
E00068787,412,48,21,27,364,14,350,11.650485436893204,5.097087378640777,6.553398058252427,88.3495145631068,3.3980582524271843,84.9514563106796
E00068788,504,76,32,44,428,16,412,15.079365079365079,6.349206349206349,8.73015873015873,84.92063492063492,3.1746031746031744,81.74603174603175
E00068789,445,44,19,25,401,12,389,9.887640449438202,4.269662921348314,5.617977528089887,90.11235955056179,2.696629213483146,87.41573033707866
E00068790,512,63,28,35,449,22,427,12.3046875,5.46875,6.8359375,87.6953125,4.296875,83.3984375
E00068792,284,49,28,21,235,7,228,17.253521126760564,9.859154929577464,7.394366197183098,82.74647887323944,2.464788732394366,80.28169014084507
E00068793,616,110,67,43,506,15,491,17.857142857142858,10.876623376623376,6.98051948051948,82.14285714285714,2.4350649350649354,79.70779220779221
E00068794,414,59,18,41,355,17,338,14.251207729468598,4.3478260869565215,9.903381642512077,85.74879227053141,4.1062801932367154,81.64251207729468
E00068795,503,40,23,17,463,11,452,7.952286282306163,4.572564612326044,3.3797216699801194,92.04771371769384,2.1868787276341948,89.86083499005964
E00068796,359,53,15,38,306,22,284,14.763231197771587,4.178272980501393,10.584958217270195,85.23676880222841,6.128133704735376,79.10863509749304
E00068797,505,53,18,35,452,12,440,10.495049504950495,3.564356435643564,6.9306930693069315,89.50495049504951,2.376237623762376,87.12871287128714
E00068798,370,82,52,30,288,12,276,22.162162162162165,14.054054054054054,8.108108108108109,77.83783783783784,3.2432432432432434,74.5945945945946
E00068799,501,32,15,17,469,17,452,6.387225548902195,2.9940119760479043,3.3932135728542914,93.6127744510978,3.3932135728542914,90.21956087824351
E00068800,361,48,26,22,313,14,299,13.29639889196676,7.202216066481995,6.094182825484765,86.70360110803324,3.8781163434903045,82.82548476454294
E00068801,339,55,27,28,284,16,268,16.224188790560472,7.964601769911504,8.259587020648967,83.77581120943954,4.71976401179941,79.05604719764013
E00068802,484,51,24,27,433,12,421,10.537190082644628,4.958677685950414,5.578512396694215,89.46280991735537,2.479338842975207,86.98347107438018
E00068803,546,67,32,35,479,8,471,12.27106227106227,5.86080586080586,6.41025641025641,87.72893772893772,1.465201465201465,86.26373626373626
E00068804,290,58,29,29,232,8,224,20,10,10,80,2.7586206896551726,77.24137931034483
E00068805,523,46,26,20,477,15,462,8.795411089866157,4.97131931166348,3.824091778202677,91.20458891013385,2.8680688336520075,88.33652007648183
E00068806,306,115,64,51,191,8,183,37.58169934640523,20.915032679738562,16.666666666666664,62.41830065359477,2.6143790849673203,59.80392156862745
E00068807,404,109,53,56,295,26,269,26.980198019801982,13.118811881188119,13.861386138613863,73.01980198019803,6.435643564356436,66.58415841584159
E00068808,540,55,30,25,485,13,472,10.185185185185185,5.555555555555555,4.62962962962963,89.81481481481481,2.4074074074074074,87.4074074074074
E00068809,489,55,32,23,434,14,420,11.247443762781186,6.5439672801636,4.703476482617587,88.75255623721881,2.8629856850715747,85.88957055214725
E00068810,420,75,29,46,345,14,331,17.857142857142858,6.904761904761905,10.952380952380953,82.14285714285714,3.3333333333333335,78.80952380952381
E00068811,424,50,21,29,374,10,364,11.79245283018868,4.952830188679245,6.8396226415094334,88.20754716981132,2.358490566037736,85.84905660377359
E00068812,314,59,36,23,255,10,245,18.789808917197455,11.464968152866243,7.32484076433121,81.21019108280255,3.1847133757961785,78.02547770700637
E00068813,390,72,28,44,318,19,299,18.461538461538463,7.179487179487179,11.282051282051283,81.53846153846153,4.871794871794872,76.66666666666667
E00068814,398,103,64,39,295,21,274,25.879396984924625,16.08040201005025,9.798994974874372,74.12060301507537,5.276381909547738,68.84422110552764
E00068815,432,78,36,42,354,20,334,18.055555555555554,8.333333333333332,9.722222222222223,81.94444444444444,4.62962962962963,77.31481481481481
E00068816,519,127,68,59,392,23,369,24.470134874759154,13.102119460500964,11.368015414258188,75.52986512524085,4.431599229287091,71.09826589595376
E00068817,322,79,37,42,243,18,225,24.53416149068323,11.490683229813664,13.043478260869565,75.46583850931677,5.590062111801243,69.87577639751554
E00068818,356,84,41,43,272,24,248,23.595505617977526,11.51685393258427,12.07865168539326,76.40449438202246,6.741573033707865,69.66292134831461
E00068819,403,67,20,47,336,25,311,16.62531017369727,4.962779156327544,11.662531017369728,83.37468982630273,6.20347394540943,77.1712158808933
E00068820,421,82,39,43,339,21,318,19.47743467933492,9.263657957244655,10.21377672209026,80.52256532066508,4.98812351543943,75.53444180522565
E00068821,306,97,61,36,209,11,198,31.699346405228756,19.934640522875817,11.76470588235294,68.30065359477125,3.594771241830065,64.70588235294117
E00068822,389,71,32,39,318,14,304,18.251928020565554,8.226221079691516,10.025706940874036,81.74807197943444,3.5989717223650386,78.1491002570694
E00068823,273,29,11,18,244,8,236,10.622710622710622,4.029304029304029,6.593406593406594,89.37728937728939,2.93040293040293,86.44688644688645
E00068824,424,87,38,49,337,15,322,20.5188679245283,8.962264150943396,11.556603773584905,79.48113207547169,3.5377358490566038,75.94339622641509
E00068825,369,64,25,39,305,25,280,17.344173441734416,6.775067750677506,10.569105691056912,82.65582655826557,6.775067750677506,75.88075880758808
E00068826,278,27,9,18,251,12,239,9.712230215827338,3.237410071942446,6.474820143884892,90.28776978417267,4.316546762589928,85.97122302158273
E00068827,290,84,50,34,206,8,198,28.965517241379313,17.24137931034483,11.724137931034482,71.03448275862068,2.7586206896551726,68.27586206896552
E00068828,481,91,44,47,390,23,367,18.91891891891892,9.147609147609149,9.771309771309772,81.08108108108108,4.781704781704782,76.29937629937629
E00068829,380,91,40,51,289,12,277,23.94736842105263,10.526315789473683,13.421052631578947,76.05263157894737,3.1578947368421053,72.89473684210527
E00068830,234,72,34,38,162,11,151,30.76923076923077,14.529914529914532,16.23931623931624,69.23076923076923,4.700854700854701,64.52991452991454
E00068831,411,80,44,36,331,24,307,19.464720194647203,10.70559610705596,8.75912408759124,80.5352798053528,5.839416058394161,74.69586374695864
E00068832,299,59,26,33,240,16,224,19.732441471571907,8.695652173913043,11.036789297658862,80.2675585284281,5.351170568561873,74.91638795986621
E00068833,382,69,28,41,313,23,290,18.06282722513089,7.329842931937172,10.732984293193718,81.93717277486911,6.020942408376963,75.91623036649214
E00068834,407,74,37,37,333,16,317,18.181818181818183,9.090909090909092,9.090909090909092,81.81818181818183,3.9312039312039313,77.88697788697789
E00068835,244,35,9,26,209,12,197,14.344262295081966,3.6885245901639343,10.655737704918032,85.65573770491804,4.918032786885246,80.73770491803278
E00068836,359,76,31,45,283,11,272,21.16991643454039,8.635097493036211,12.534818941504177,78.8300835654596,3.064066852367688,75.76601671309191
E00068837,354,82,33,49,272,18,254,23.163841807909606,9.322033898305085,13.841807909604519,76.8361581920904,5.084745762711865,71.75141242937853
E00068838,307,45,20,25,262,22,240,14.65798045602606,6.514657980456026,8.143322475570033,85.34201954397395,7.166123778501629,78.17589576547232
E00068839,276,53,25,28,223,15,208,19.202898550724637,9.057971014492754,10.144927536231885,80.79710144927536,5.434782608695652,75.36231884057972
E00068840,305,62,32,30,243,13,230,20.327868852459016,10.491803278688524,9.836065573770492,79.67213114754098,4.2622950819672125,75.40983606557377
E00068841,293,40,16,24,253,18,235,13.651877133105803,5.460750853242321,8.19112627986348,86.3481228668942,6.143344709897611,80.2047781569966
E00068842,195,72,36,36,123,14,109,36.92307692307693,18.461538461538463,18.461538461538463,63.07692307692307,7.179487179487179,55.8974358974359
E00068843,319,49,25,24,270,14,256,15.360501567398119,7.836990595611286,7.523510971786834,84.63949843260188,4.38871473354232,80.25078369905955
E00068844,285,77,42,35,208,8,200,27.017543859649123,14.736842105263156,12.280701754385964,72.98245614035088,2.807017543859649,70.17543859649122
E00068845,344,60,26,34,284,26,258,17.441860465116278,7.55813953488372,9.883720930232558,82.55813953488372,7.55813953488372,75
E00068846,355,61,31,30,294,19,275,17.183098591549296,8.732394366197182,8.450704225352112,82.8169014084507,5.352112676056338,77.46478873239437
E00068847,427,79,35,44,348,20,328,18.501170960187356,8.19672131147541,10.304449648711945,81.49882903981265,4.683840749414521,76.81498829039812
E00068848,179,60,32,28,119,16,103,33.5195530726257,17.877094972067038,15.64245810055866,66.4804469273743,8.938547486033519,57.54189944134078
E00068849,346,61,29,32,285,18,267,17.63005780346821,8.38150289017341,9.248554913294797,82.36994219653178,5.202312138728324,77.16763005780348
E00068850,354,89,48,41,265,19,246,25.141242937853107,13.559322033898304,11.581920903954803,74.85875706214689,5.367231638418079,69.49152542372882
E00068851,196,70,43,27,126,10,116,35.714285714285715,21.93877551020408,13.77551020408163,64.28571428571429,5.1020408163265305,59.183673469387756
E00068852,325,61,30,31,264,19,245,18.76923076923077,9.230769230769232,9.538461538461538,81.23076923076923,5.846153846153846,75.38461538461539
E00068853,359,80,42,38,279,14,265,22.284122562674096,11.699164345403899,10.584958217270195,77.71587743732591,3.8997214484679668,73.81615598885793
E00068854,309,66,38,28,243,11,232,21.35922330097087,12.297734627831716,9.06148867313916,78.64077669902912,3.559870550161812,75.08090614886731
E00068855,294,59,26,33,235,23,212,20.068027210884352,8.843537414965986,11.224489795918368,79.93197278911565,7.8231292517006805,72.10884353741497
E00068856,485,76,36,40,409,27,382,15.670103092783505,7.422680412371134,8.24742268041237,84.3298969072165,5.567010309278351,78.76288659793815
E00068857,409,68,32,36,341,14,327,16.625916870415647,7.823960880195599,8.80195599022005,83.37408312958435,3.4229828850855744,79.95110024449878
E00068858,405,134,53,81,271,19,252,33.086419753086425,13.086419753086421,20,66.91358024691358,4.691358024691358,62.22222222222222
E00068859,379,72,35,37,307,22,285,18.997361477572557,9.234828496042216,9.762532981530343,81.00263852242745,5.804749340369393,75.19788918205805
E00068860,452,87,33,54,365,21,344,19.24778761061947,7.300884955752212,11.946902654867257,80.75221238938053,4.646017699115045,76.10619469026548
E00068861,426,76,35,41,350,19,331,17.84037558685446,8.215962441314554,9.624413145539906,82.15962441314554,4.460093896713615,77.69953051643192
E00068862,416,67,38,29,349,15,334,16.105769230769234,9.134615384615383,6.971153846153847,83.89423076923077,3.6057692307692304,80.28846153846155
E00068863,343,46,20,26,297,11,286,13.411078717201166,5.830903790087463,7.580174927113703,86.58892128279884,3.206997084548105,83.38192419825073
E00068864,495,66,27,39,429,17,412,13.333333333333334,5.454545454545454,7.878787878787878,86.66666666666667,3.4343434343434343,83.23232323232324
E00068865,335,50,20,30,285,19,266,14.925373134328357,5.970149253731343,8.955223880597014,85.07462686567165,5.6716417910447765,79.40298507462687
E00068866,363,53,19,34,310,23,287,14.600550964187327,5.234159779614325,9.366391184573002,85.39944903581267,6.336088154269973,79.06336088154269
E00068867,423,73,13,60,350,32,318,17.257683215130022,3.0732860520094563,14.184397163120568,82.74231678486997,7.5650118203309695,75.177304964539
E00068869,345,45,20,25,300,41,259,13.043478260869565,5.797101449275362,7.246376811594203,86.95652173913044,11.884057971014492,75.07246376811594
E00068870,439,74,27,47,365,28,337,16.856492027334852,6.150341685649203,10.70615034168565,83.14350797266515,6.378132118451026,76.76537585421413
E00068873,293,43,12,31,250,24,226,14.675767918088736,4.09556313993174,10.580204778156997,85.32423208191126,8.19112627986348,77.13310580204778
E00068874,297,37,9,28,260,39,221,12.457912457912458,3.0303030303030303,9.427609427609427,87.54208754208754,13.131313131313133,74.41077441077442
E00068875,307,37,10,27,270,27,243,12.052117263843648,3.257328990228013,8.794788273615636,87.94788273615634,8.794788273615636,79.15309446254072
E00068876,255,44,10,34,211,25,186,17.254901960784313,3.9215686274509802,13.333333333333334,82.74509803921568,9.803921568627452,72.94117647058823
E00068877,264,28,8,20,236,24,212,10.606060606060606,3.0303030303030303,7.575757575757576,89.39393939393939,9.090909090909092,80.3030303030303
E00068878,300,45,10,35,255,26,229,15,3.3333333333333335,11.666666666666666,85,8.666666666666668,76.33333333333333
E00068879,372,58,14,44,314,31,283,15.591397849462366,3.763440860215054,11.827956989247312,84.40860215053763,8.333333333333332,76.0752688172043
E00068880,256,33,5,28,223,24,199,12.890625,1.953125,10.9375,87.109375,9.375,77.734375
E00068881,309,41,11,30,268,28,240,13.268608414239482,3.559870550161812,9.70873786407767,86.73139158576052,9.06148867313916,77.66990291262135
E00068882,293,41,14,27,252,23,229,13.993174061433447,4.778156996587031,9.215017064846416,86.00682593856655,7.849829351535837,78.15699658703072
E00068883,298,42,17,25,256,29,227,14.093959731543624,5.704697986577181,8.389261744966444,85.90604026845638,9.731543624161073,76.1744966442953
E00068884,331,81,21,60,250,33,217,24.47129909365559,6.3444108761329305,18.12688821752266,75.52870090634441,9.969788519637463,65.55891238670695
E00068885,350,51,11,40,299,27,272,14.571428571428571,3.1428571428571432,11.428571428571429,85.42857142857143,7.7142857142857135,77.71428571428571
E00068886,420,105,56,49,315,21,294,25,13.333333333333334,11.666666666666666,75,5,70
E00068888,305,13,0,13,292,12,280,4.2622950819672125,0,4.2622950819672125,95.73770491803279,3.934426229508197,91.80327868852459
E00068889,261,50,15,35,211,20,191,19.157088122605366,5.747126436781609,13.409961685823754,80.84291187739464,7.662835249042145,73.18007662835248
E00068890,263,46,20,26,217,28,189,17.490494296577946,7.604562737642586,9.885931558935361,82.50950570342205,10.646387832699618,71.86311787072243
E00068891,202,25,10,15,177,22,155,12.376237623762377,4.9504950495049505,7.425742574257425,87.62376237623762,10.891089108910892,76.73267326732673
E00068892,301,59,34,25,242,27,215,19.601328903654487,11.295681063122924,8.305647840531561,80.39867109634552,8.970099667774086,71.42857142857143
E00068893,306,52,15,37,254,29,225,16.99346405228758,4.901960784313726,12.091503267973856,83.00653594771242,9.477124183006536,73.52941176470588
E00068894,260,58,25,33,202,26,176,22.30769230769231,9.615384615384617,12.692307692307692,77.6923076923077,10,67.6923076923077
E00068895,322,48,8,40,274,37,237,14.906832298136646,2.484472049689441,12.422360248447205,85.09316770186336,11.490683229813664,73.6024844720497
E00068896,288,32,12,20,256,37,219,11.11111111111111,4.166666666666666,6.944444444444445,88.88888888888889,12.847222222222221,76.04166666666666
E00068897,352,41,5,36,311,39,272,11.647727272727272,1.4204545454545454,10.227272727272728,88.35227272727273,11.079545454545455,77.27272727272727
E00068898,374,44,9,35,330,29,301,11.76470588235294,2.406417112299465,9.358288770053475,88.23529411764706,7.754010695187167,80.4812834224599
E00068899,281,30,12,18,251,30,221,10.676156583629894,4.270462633451958,6.405693950177936,89.32384341637011,10.676156583629894,78.64768683274022
E00068903,381,97,40,57,284,18,266,25.45931758530184,10.498687664041995,14.960629921259844,74.54068241469817,4.724409448818897,69.81627296587926
E00068904,487,63,20,43,424,21,403,12.93634496919918,4.1067761806981515,8.829568788501026,87.06365503080082,4.312114989733059,82.75154004106776
E00068909,269,27,8,19,242,26,216,10.037174721189592,2.973977695167286,7.063197026022305,89.96282527881041,9.66542750929368,80.29739776951673
E00068910,222,79,41,38,143,14,129,35.585585585585584,18.46846846846847,17.117117117117118,64.41441441441441,6.306306306306306,58.108108108108105
E00068911,316,110,43,67,206,19,187,34.810126582278485,13.60759493670886,21.202531645569618,65.18987341772153,6.012658227848101,59.17721518987342
E00068914,518,67,32,35,451,23,428,12.934362934362934,6.177606177606178,6.756756756756757,87.06563706563706,4.440154440154441,82.62548262548263
E00068915,362,69,29,40,293,14,279,19.060773480662984,8.011049723756907,11.049723756906078,80.93922651933701,3.867403314917127,77.07182320441989
E00068917,595,47,22,25,548,10,538,7.899159663865546,3.697478991596639,4.201680672268908,92.10084033613445,1.680672268907563,90.4201680672269
E00068918,547,41,18,23,506,13,493,7.495429616087751,3.2906764168190126,4.204753199268739,92.50457038391224,2.376599634369287,90.12797074954297
E00068919,593,41,24,17,552,16,536,6.913996627318718,4.0472175379426645,2.866779089376054,93.08600337268128,2.6981450252951094,90.38785834738617
E00068920,488,57,33,24,431,8,423,11.68032786885246,6.762295081967213,4.918032786885246,88.31967213114754,1.639344262295082,86.68032786885246
E00068921,552,67,38,29,485,22,463,12.13768115942029,6.884057971014493,5.253623188405797,87.86231884057972,3.985507246376811,83.87681159420289
E00068922,446,68,34,34,378,12,366,15.246636771300448,7.623318385650224,7.623318385650224,84.75336322869956,2.690582959641256,82.0627802690583
E00068923,513,64,31,33,449,19,430,12.475633528265107,6.042884990253411,6.432748538011696,87.5243664717349,3.7037037037037033,83.82066276803118
E00068924,352,47,21,26,305,7,298,13.352272727272727,5.965909090909091,7.386363636363637,86.64772727272727,1.9886363636363635,84.6590909090909
E00068925,241,72,38,34,169,5,164,29.87551867219917,15.767634854771783,14.107883817427386,70.12448132780082,2.0746887966804977,68.04979253112033
E00068926,549,38,22,16,511,14,497,6.9216757741347905,4.007285974499089,2.914389799635701,93.0783242258652,2.5500910746812386,90.52823315118397
E00068927,460,61,29,32,399,13,386,13.260869565217392,6.304347826086956,6.956521739130435,86.73913043478261,2.8260869565217392,83.91304347826087
E00068928,477,44,19,25,433,12,421,9.224318658280922,3.9832285115303985,5.2410901467505235,90.77568134171908,2.515723270440252,88.25995807127882
E00068929,537,63,30,33,474,9,465,11.731843575418994,5.58659217877095,6.145251396648044,88.26815642458101,1.675977653631285,86.59217877094973
E00068930,607,86,38,48,521,23,498,14.168039538714991,6.260296540362438,7.907742998352553,85.831960461285007,3.789126853377265,82.04283360790774
E00068931,439,81,40,41,358,16,342,18.45102505694761,9.111617312072893,9.339407744874716,81.54897494305239,3.644646924829157,77.90432801822324
E00068932,433,50,17,33,383,16,367,11.547344110854503,3.9260969976905313,7.621247113163972,88.45265588914549,3.695150115473441,84.75750577367207
E00068933,445,51,20,31,394,24,370,11.46067415730337,4.49438202247191,6.96629213483146,88.53932584269663,5.393258426966292,83.14606741573034
E00068934,325,56,27,29,269,9,260,17.23076923076923,8.307692307692308,8.923076923076923,82.76923076923077,2.769230769230769,80
E00068935,573,85,43,42,488,30,458,14.834205933682373,7.504363001745201,7.329842931937172,85.16579406631763,5.2356020942408374,79.9301919720768
E00068936,599,61,30,31,538,12,526,10.18363939899833,5.008347245409015,5.175292153589315,89.81636060100166,2.003338898163606,87.81302170283807
E00068939,452,61,40,21,391,14,377,13.495575221238937,8.849557522123893,4.646017699115045,86.50442477876106,3.0973451327433628,83.4070796460177
E00068940,393,72,31,41,321,13,308,18.3206106870229,7.888040712468193,10.432569974554708,81.67938931297711,3.307888040712468,78.37150127226464
E00068941,551,30,16,14,521,8,513,5.44464609800363,2.9038112522686026,2.540834845735027,94.55535390199637,1.4519056261343013,93.10344827586206
E00068942,558,38,19,19,520,6,514,6.810035842293908,3.405017921146954,3.405017921146954,93.1899641577061,1.0752688172043012,92.1146953405018
E00068943,575,84,31,53,491,21,470,14.608695652173914,5.391304347826087,9.217391304347826,85.3913043478261,3.6521739130434785,81.73913043478261
E00068944,587,44,18,26,543,18,525,7.495741056218058,3.0664395229982966,4.429301533219761,92.50425894378195,3.0664395229982966,89.43781942078365
E00068945,520,50,22,28,470,6,464,9.615384615384617,4.230769230769231,5.384615384615385,90.38461538461539,1.153846153846154,89.23076923076924
E00068946,281,43,22,21,238,5,233,15.302491103202847,7.829181494661921,7.473309608540925,84.69750889679716,1.7793594306049825,82.91814946619218
E00068947,593,46,19,27,547,7,540,7.75716694772344,3.204047217537943,4.5531197301854975,92.24283305227657,1.1804384485666104,91.06239460370995
E00068948,594,87,39,48,507,15,492,14.646464646464647,6.565656565656567,8.080808080808081,85.35353535353535,2.525252525252525,82.82828282828282
E00068952,499,76,45,31,423,14,409,15.230460921843688,9.01803607214429,6.212424849699398,84.76953907815631,2.80561122244489,81.96392785571143
E00068953,453,99,61,38,354,13,341,21.85430463576159,13.46578366445916,8.388520971302428,78.1456953642384,2.869757174392936,75.27593818984548
E00068954,515,55,35,20,460,5,455,10.679611650485436,6.796116504854369,3.8834951456310676,89.32038834951457,0.9708737864077669,88.3495145631068
E00068956,386,64,33,31,322,16,306,16.580310880829018,8.549222797927461,8.031088082901555,83.41968911917098,4.145077720207254,79.27461139896373
E00068957,306,42,21,21,264,14,250,13.725490196078432,6.862745098039216,6.862745098039216,86.27450980392157,4.57516339869281,81.69934640522875
E00068958,596,72,31,41,524,11,513,12.080536912751679,5.201342281879195,6.879194630872483,87.91946308724832,1.8456375838926176,86.0738255033557
E00068959,334,46,29,17,288,4,284,13.77245508982036,8.682634730538922,5.089820359281437,86.22754491017965,1.1976047904191618,85.02994011976048
E00068960,251,36,21,15,215,10,205,14.342629482071715,8.366533864541832,5.9760956175298805,85.65737051792829,3.9840637450199203,81.67330677290838
E00068962,215,47,21,26,168,5,163,21.86046511627907,9.767441860465116,12.093023255813954,78.13953488372093,2.3255813953488373,75.81395348837209
E00068964,363,51,19,32,312,13,299,14.049586776859504,5.234159779614325,8.81542699724518,85.9504132231405,3.581267217630854,82.36914600550963
E00068965,378,35,21,14,343,17,326,9.25925925925926,5.555555555555555,3.7037037037037033,90.74074074074075,4.497354497354497,86.24338624338624
E00068966,592,45,24,21,547,14,533,7.601351351351352,4.054054054054054,3.5472972972972974,92.39864864864865,2.364864864864865,90.03378378378379
E00068967,316,39,15,24,277,8,269,12.341772151898734,4.746835443037975,7.59493670886076,87.65822784810126,2.5316455696202533,85.12658227848101
E00068968,358,51,21,30,307,9,298,14.24581005586592,5.865921787709497,8.379888268156424,85.75418994413407,2.5139664804469275,83.24022346368714
E00068969,300,58,34,24,242,11,231,19.333333333333332,11.333333333333332,8,80.66666666666666,3.6666666666666665,77
E00068970,390,20,14,6,370,9,361,5.128205128205128,3.5897435897435894,1.5384615384615385,94.87179487179486,2.307692307692308,92.56410256410257
E00068971,297,64,41,23,233,12,221,21.548821548821547,13.804713804713806,7.744107744107744,78.45117845117845,4.040404040404041,74.41077441077442
E00068972,391,44,19,25,347,5,342,11.253196930946292,4.859335038363171,6.3938618925831205,88.7468030690537,1.278772378516624,87.46803069053708
E00068973,384,61,37,24,323,16,307,15.885416666666666,9.635416666666668,6.25,84.11458333333334,4.166666666666666,79.94791666666666
E00068974,319,21,12,9,298,11,287,6.583072100313479,3.761755485893417,2.8213166144200628,93.41692789968651,3.4482758620689653,89.96865203761756
E00068975,333,62,37,25,271,13,258,18.61861861861862,11.11111111111111,7.5075075075075075,81.38138138138137,3.903903903903904,77.47747747747748
E00068976,186,59,24,35,127,9,118,31.72043010752688,12.903225806451612,18.817204301075268,68.27956989247312,4.838709677419355,63.44086021505376
E00068977,333,37,18,19,296,8,288,11.11111111111111,5.405405405405405,5.7057057057057055,88.88888888888889,2.4024024024024024,86.48648648648648
E00068978,334,38,19,19,296,18,278,11.377245508982035,5.688622754491018,5.688622754491018,88.62275449101796,5.389221556886228,83.23353293413174
E00068979,356,46,21,25,310,14,296,12.921348314606742,5.8988764044943816,7.02247191011236,87.07865168539325,3.932584269662921,83.14606741573034
E00068980,282,25,14,11,257,7,250,8.865248226950355,4.964539007092199,3.900709219858156,91.13475177304964,2.4822695035460995,88.65248226950354
E00068981,399,56,34,22,343,12,331,14.035087719298245,8.521303258145362,5.513784461152882,85.96491228070175,3.007518796992481,82.95739348370927
E00068982,240,47,22,25,193,12,181,19.583333333333332,9.166666666666666,10.416666666666668,80.41666666666667,5,75.41666666666667
E00068983,366,107,60,47,259,16,243,29.23497267759563,16.39344262295082,12.841530054644808,70.76502732240438,4.371584699453552,66.39344262295081
E00068984,339,55,25,30,284,17,267,16.224188790560472,7.374631268436578,8.849557522123893,83.77581120943954,5.014749262536873,78.76106194690266
E00068985,403,51,18,33,352,24,328,12.655086848635236,4.466501240694789,8.188585607940446,87.34491315136476,5.955334987593052,81.38957816377172
E00068986,472,64,31,33,408,23,385,13.559322033898304,6.567796610169492,6.991525423728813,86.4406779661017,4.872881355932203,81.5677966101695
E00068987,356,76,35,41,280,9,271,21.34831460674157,9.831460674157304,11.51685393258427,78.65168539325843,2.528089887640449,76.12359550561798
E00068988,307,70,41,29,237,2,235,22.80130293159609,13.355048859934854,9.446254071661238,77.19869706840392,0.6514657980456027,76.54723127035831
E00068989,380,56,24,32,324,17,307,14.736842105263156,6.315789473684211,8.421052631578947,85.26315789473684,4.473684210526316,80.78947368421052
E00068990,382,70,32,38,312,15,297,18.32460732984293,8.37696335078534,9.947643979057592,81.67539267015707,3.926701570680628,77.74869109947645
E00068991,363,44,14,30,319,19,300,12.121212121212121,3.8567493112947657,8.264462809917356,87.87878787878788,5.234159779614325,82.64462809917356
E00068993,335,50,27,23,285,18,267,14.925373134328357,8.059701492537313,6.865671641791045,85.07462686567165,5.3731343283582085,79.70149253731343
E00068994,393,48,16,32,345,15,330,12.213740458015266,4.071246819338422,8.142493638676845,87.78625954198473,3.816793893129771,83.96946564885496
E00068995,318,53,28,25,265,22,243,16.666666666666664,8.80503144654088,7.861635220125786,83.33333333333334,6.918238993710692,76.41509433962264
E00068996,325,59,23,36,266,8,258,18.153846153846153,7.076923076923077,11.076923076923077,81.84615384615384,2.4615384615384617,79.38461538461539
E00068997,397,57,28,29,340,28,312,14.357682619647354,7.052896725440807,7.304785894206549,85.64231738035264,7.052896725440807,78.58942065491183
E00068998,372,62,27,35,310,11,299,16.666666666666664,7.258064516129033,9.408602150537634,83.33333333333334,2.956989247311828,80.3763440860215
E00068999,249,59,36,23,190,11,179,23.694779116465863,14.457831325301203,9.236947791164658,76.30522088353415,4.417670682730924,71.8875502008032
E00069001,392,50,20,30,342,8,334,12.755102040816327,5.1020408163265305,7.653061224489796,87.24489795918367,2.0408163265306123,85.20408163265306
E00069002,380,71,37,34,309,14,295,18.684210526315788,9.736842105263158,8.947368421052632,81.3157894736842,3.684210526315789,77.63157894736842
E00069003,383,47,24,23,336,20,316,12.27154046997389,6.266318537859007,6.005221932114883,87.72845953002611,5.221932114882506,82.50652741514361
E00069004,463,61,27,34,402,14,388,13.174946004319654,5.831533477321814,7.343412526997841,86.82505399568035,3.023758099352052,83.8012958963283
E00069005,429,51,23,28,378,14,364,11.888111888111888,5.361305361305361,6.526806526806526,88.11188811188812,3.263403263403263,84.84848484848484
E00069006,381,83,47,36,298,10,288,21.784776902887142,12.335958005249344,9.448818897637794,78.21522309711287,2.6246719160104988,75.59055118110236
E00069007,348,46,19,27,302,14,288,13.218390804597702,5.459770114942529,7.758620689655173,86.7816091954023,4.022988505747127,82.75862068965517
E00069008,368,42,20,22,326,14,312,11.41304347826087,5.434782608695652,5.978260869565218,88.58695652173914,3.804347826086957,84.78260869565217
E00069009,353,52,16,36,301,12,289,14.730878186968837,4.53257790368272,10.198300283286118,85.26912181303116,3.39943342776204,81.86968838526913
E00069010,394,104,55,49,290,25,265,26.39593908629442,13.959390862944163,12.436548223350254,73.60406091370558,6.345177664974619,67.25888324873097
E00069011,604,83,33,50,521,18,503,13.741721854304636,5.4635761589403975,8.27814569536424,86.25827814569537,2.980132450331126,83.27814569536423
E00069012,325,51,23,28,274,10,264,15.692307692307692,7.076923076923077,8.615384615384615,84.3076923076923,3.076923076923077,81.23076923076923
E00069013,564,110,59,51,454,17,437,19.50354609929078,10.460992907801419,9.042553191489363,80.49645390070921,3.0141843971631204,77.48226950354609
E00069014,358,56,22,34,302,25,277,15.64245810055866,6.145251396648044,9.497206703910614,84.35754189944134,6.983240223463687,77.37430167597765
E00069015,325,46,19,27,279,15,264,14.153846153846153,5.846153846153846,8.307692307692308,85.84615384615385,4.615384615384616,81.23076923076923
E00069016,310,64,36,28,246,19,227,20.64516129032258,11.612903225806452,9.032258064516128,79.35483870967742,6.129032258064516,73.22580645161291
E00069017,330,77,28,49,253,9,244,23.333333333333332,8.484848484848486,14.84848484848485,76.66666666666667,2.727272727272727,73.93939393939394
E00069018,373,76,30,46,297,23,274,20.37533512064343,8.04289544235925,12.332439678284182,79.62466487935657,6.166219839142091,73.45844504021449
E00069019,312,101,41,60,211,17,194,32.371794871794876,13.141025641025642,19.230769230769234,67.62820512820514,5.448717948717949,62.17948717948718
E00069020,377,86,35,51,291,32,259,22.811671087533156,9.283819628647215,13.527851458885943,77.18832891246684,8.488063660477453,68.70026525198939
E00069021,374,91,52,39,283,20,263,24.331550802139038,13.903743315508022,10.427807486631016,75.66844919786097,5.347593582887701,70.32085561497327
E00069022,380,86,42,44,294,35,259,22.63157894736842,11.052631578947368,11.578947368421053,77.36842105263158,9.210526315789473,68.15789473684211
E00069023,295,55,22,33,240,17,223,18.64406779661017,7.457627118644068,11.186440677966102,81.35593220338984,5.762711864406779,75.59322033898304
E00069024,239,43,19,24,196,13,183,17.99163179916318,7.949790794979079,10.0418410041841,82.00836820083683,5.439330543933055,76.56903765690377
E00069026,347,86,32,54,261,17,244,24.78386167146974,9.221902017291066,15.561959654178676,75.21613832853026,4.899135446685879,70.31700288184439
E00069027,498,107,53,54,391,22,369,21.485943775100402,10.642570281124499,10.843373493975903,78.5140562248996,4.417670682730924,74.09638554216868
E00069028,206,40,22,18,166,14,152,19.41747572815534,10.679611650485436,8.737864077669903,80.58252427184466,6.796116504854369,73.7864077669903
E00069029,300,65,34,31,235,16,219,21.666666666666668,11.333333333333332,10.333333333333334,78.33333333333333,5.333333333333334,73
E00069030,495,91,39,52,404,21,383,18.383838383838384,7.878787878787878,10.505050505050505,81.61616161616162,4.242424242424243,77.37373737373737
E00069031,369,53,26,27,316,16,300,14.363143631436316,7.046070460704606,7.317073170731707,85.63685636856368,4.336043360433604,81.30081300813008
E00069032,401,74,32,42,327,20,307,18.453865336658353,7.98004987531172,10.473815461346634,81.54613466334165,4.987531172069826,76.55860349127181
E00069033,228,92,55,37,136,9,127,40.35087719298245,24.12280701754386,16.228070175438596,59.64912280701754,3.9473684210526314,55.70175438596491
E00069034,330,80,32,48,250,10,240,24.242424242424242,9.696969696969697,14.545454545454545,75.75757575757575,3.0303030303030303,72.72727272727273
E00069035,236,54,22,32,182,12,170,22.88135593220339,9.322033898305085,13.559322033898304,77.11864406779661,5.084745762711865,72.03389830508475
E00069036,290,69,26,43,221,14,207,23.79310344827586,8.96551724137931,14.827586206896552,76.20689655172413,4.827586206896552,71.37931034482759
E00069037,231,44,19,25,187,14,173,19.047619047619047,8.225108225108226,10.822510822510822,80.95238095238095,6.0606060606060606,74.89177489177489
E00069038,295,60,27,33,235,17,218,20.33898305084746,9.152542372881356,11.186440677966102,79.66101694915254,5.762711864406779,73.89830508474576
E00069039,243,57,23,34,186,12,174,23.456790123456788,9.465020576131687,13.991769547325102,76.5432098765432,4.938271604938271,71.60493827160494
E00069040,361,93,46,47,268,35,233,25.761772853185594,12.742382271468145,13.019390581717452,74.23822714681441,9.695290858725762,64.54293628808865
E00069041,349,70,32,38,279,13,266,20.057306590257877,9.169054441260744,10.888252148997136,79.94269340974212,3.7249283667621778,76.21776504297995
E00069042,330,61,32,29,269,13,256,18.484848484848484,9.696969696969697,8.787878787878787,81.51515151515152,3.939393939393939,77.57575757575758
E00069043,365,58,28,30,307,17,290,15.890410958904111,7.671232876712329,8.21917808219178,84.10958904109589,4.657534246575342,79.45205479452055
E00069044,310,82,37,45,228,20,208,26.451612903225808,11.935483870967742,14.516129032258066,73.54838709677419,6.451612903225806,67.0967741935484
E00069045,246,59,24,35,187,13,174,23.983739837398375,9.75609756097561,14.227642276422763,76.01626016260163,5.284552845528456,70.73170731707317
E00069046,312,83,47,36,229,13,216,26.602564102564102,15.064102564102564,11.538461538461538,73.3974358974359,4.166666666666666,69.23076923076923
E00069047,333,70,40,30,263,16,247,21.02102102102102,12.012012012012011,9.00900900900901,78.97897897897897,4.804804804804805,74.17417417417418
E00069048,318,56,22,34,262,20,242,17.61006289308176,6.918238993710692,10.69182389937107,82.38993710691824,6.289308176100629,76.10062893081762
E00069049,147,60,40,20,87,6,81,40.816326530612244,27.2108843537415,13.60544217687075,59.183673469387756,4.081632653061225,55.10204081632652
E00069050,297,58,27,31,239,20,219,19.52861952861953,9.090909090909092,10.437710437710438,80.47138047138047,6.7340067340067336,73.73737373737373
E00069051,227,85,44,41,142,8,134,37.44493392070485,19.383259911894275,18.06167400881057,62.55506607929515,3.524229074889868,59.03083700440529
E00069052,298,82,43,39,216,8,208,27.516778523489933,14.429530201342283,13.087248322147651,72.48322147651007,2.684563758389262,69.79865771812081
E00069053,371,55,23,32,316,29,287,14.824797843665769,6.199460916442049,8.62533692722372,85.17520215633422,7.816711590296496,77.35849056603774
E00069055,502,82,32,50,420,22,398,16.334661354581673,6.374501992031872,9.9601593625498,83.66533864541833,4.382470119521913,79.2828685258964
E00069056,347,39,13,26,308,13,295,11.239193083573488,3.7463976945244957,7.492795389048991,88.76080691642652,3.7463976945244957,85.01440922190201
E00069057,407,43,11,32,364,21,343,10.565110565110565,2.7027027027027026,7.862407862407863,89.43488943488943,5.159705159705159,84.27518427518427
E00069058,283,24,8,16,259,15,244,8.480565371024735,2.8268551236749118,5.6537102473498235,91.51943462897526,5.30035335689046,86.21908127208481
E00069059,443,48,21,27,395,27,368,10.835214446952596,4.740406320541761,6.094808126410835,89.1647855530474,6.094808126410835,83.06997742663657
E00069060,385,51,21,30,334,8,326,13.246753246753245,5.454545454545454,7.792207792207792,86.75324675324674,2.0779220779220777,84.67532467532467
E00069061,315,53,17,36,262,11,251,16.825396825396826,5.396825396825397,11.428571428571429,83.17460317460318,3.492063492063492,79.68253968253968
E00069063,279,54,31,23,225,18,207,19.35483870967742,11.11111111111111,8.24372759856631,80.64516129032258,6.451612903225806,74.19354838709677
E00069064,373,47,18,29,326,27,299,12.600536193029491,4.825737265415549,7.774798927613941,87.39946380697052,7.238605898123325,80.16085790884718
E00069065,344,58,20,38,286,19,267,16.86046511627907,5.813953488372093,11.046511627906977,83.13953488372093,5.523255813953488,77.61627906976744
E00069066,266,30,13,17,236,16,220,11.278195488721805,4.887218045112782,6.390977443609022,88.7218045112782,6.015037593984962,82.70676691729322
E00069067,223,28,9,19,195,6,189,12.556053811659194,4.0358744394618835,8.520179372197308,87.4439461883408,2.690582959641256,84.75336322869956
E00069068,291,43,17,26,248,10,238,14.776632302405499,5.841924398625429,8.934707903780069,85.2233676975945,3.436426116838488,81.78694158075601
E00069069,432,58,24,34,374,17,357,13.425925925925927,5.555555555555555,7.87037037037037,86.57407407407408,3.935185185185185,82.63888888888889
E00069071,244,42,16,26,202,12,190,17.21311475409836,6.557377049180328,10.655737704918032,82.78688524590164,4.918032786885246,77.8688524590164
E00069072,558,58,17,41,500,30,470,10.39426523297491,3.046594982078853,7.347670250896058,89.6057347670251,5.376344086021505,84.22939068100358
E00069073,505,46,19,27,459,19,440,9.108910891089108,3.762376237623762,5.346534653465347,90.89108910891089,3.762376237623762,87.12871287128714
E00069074,349,53,23,30,296,20,276,15.18624641833811,6.59025787965616,8.595988538681947,84.81375358166189,5.730659025787966,79.08309455587393
E00069075,279,36,17,19,243,17,226,12.903225806451612,6.093189964157706,6.810035842293908,87.09677419354838,6.093189964157706,81.00358422939068
E00069076,396,58,35,23,338,15,323,14.646464646464647,8.83838383838384,5.808080808080808,85.35353535353535,3.787878787878788,81.56565656565657
E00069077,295,36,12,24,259,11,248,12.203389830508476,4.067796610169491,8.135593220338983,87.79661016949153,3.728813559322034,84.06779661016948
E00069078,302,45,17,28,257,15,242,14.90066225165563,5.629139072847682,9.271523178807946,85.09933774834437,4.966887417218543,80.13245033112582
E00069079,235,45,14,31,190,11,179,19.148936170212767,5.957446808510639,13.191489361702127,80.85106382978722,4.680851063829787,76.17021276595744
E00069080,237,28,11,17,209,11,198,11.814345991561181,4.641350210970464,7.172995780590717,88.18565400843882,4.641350210970464,83.54430379746836
E00069081,234,30,16,14,204,12,192,12.82051282051282,6.837606837606838,5.982905982905983,87.17948717948718,5.128205128205128,82.05128205128204
E00069082,281,36,16,20,245,15,230,12.811387900355871,5.6939501779359425,7.11743772241993,87.18861209964413,5.338078291814947,81.85053380782918
E00069083,318,40,13,27,278,12,266,12.578616352201259,4.088050314465408,8.49056603773585,87.42138364779875,3.7735849056603774,83.64779874213836
E00069084,273,33,19,14,240,15,225,12.087912087912088,6.95970695970696,5.128205128205128,87.91208791208791,5.4945054945054945,82.41758241758241
E00069085,566,45,16,29,521,24,497,7.950530035335689,2.8268551236749118,5.123674911660777,92.04946996466431,4.240282685512367,87.80918727915194
E00069086,366,59,14,45,307,14,293,16.120218579234972,3.825136612021858,12.295081967213115,83.87978142076503,3.825136612021858,80.05464480874316
E00069087,318,27,9,18,291,5,286,8.49056603773585,2.8301886792452833,5.660377358490567,91.50943396226415,1.5723270440251573,89.937106918239
E00069088,344,31,9,22,313,9,304,9.011627906976743,2.616279069767442,6.395348837209303,90.98837209302324,2.616279069767442,88.37209302325581
E00069090,330,73,29,44,257,16,241,22.12121212121212,8.787878787878787,13.333333333333334,77.87878787878788,4.848484848484849,73.03030303030303
E00069092,321,98,54,44,223,18,205,30.529595015576323,16.822429906542055,13.707165109034266,69.47040498442367,5.607476635514018,63.862928348909655
E00069093,353,90,40,50,263,14,249,25.495750708215297,11.3314447592068,14.164305949008499,74.5042492917847,3.9660056657223794,70.53824362606233
E00069094,359,74,19,55,285,26,259,20.61281337047354,5.2924791086350975,15.32033426183844,79.38718662952647,7.242339832869081,72.14484679665738
E00069095,311,65,28,37,246,24,222,20.90032154340836,9.003215434083602,11.89710610932476,79.09967845659163,7.717041800643088,71.38263665594855
E00069096,296,48,13,35,248,27,221,16.216216216216218,4.391891891891892,11.824324324324325,83.78378378378379,9.121621621621621,74.66216216216216
E00069097,349,53,18,35,296,24,272,15.18624641833811,5.157593123209169,10.028653295128938,84.81375358166189,6.876790830945559,77.93696275071633
E00069098,349,70,28,42,279,18,261,20.057306590257877,8.022922636103152,12.034383954154727,79.94269340974212,5.157593123209169,74.78510028653295
E00069099,333,71,29,42,262,24,238,21.32132132132132,8.708708708708707,12.612612612612612,78.67867867867868,7.207207207207207,71.47147147147147
E00069100,384,80,35,45,304,21,283,20.833333333333336,9.114583333333332,11.71875,79.16666666666666,5.46875,73.69791666666666
E00069102,430,73,25,48,357,13,344,16.97674418604651,5.813953488372093,11.162790697674419,83.02325581395348,3.0232558139534884,80
E00069103,362,81,44,37,281,9,272,22.375690607734807,12.154696132596685,10.220994475138122,77.62430939226519,2.4861878453038675,75.13812154696133
E00069104,505,126,74,52,379,18,361,24.95049504950495,14.653465346534652,10.297029702970297,75.04950495049505,3.564356435643564,71.48514851485149
E00069105,397,85,50,35,312,20,292,21.41057934508816,12.594458438287154,8.816120906801007,78.58942065491183,5.037783375314862,73.55163727959699
E00069106,293,79,36,43,214,8,206,26.96245733788396,12.286689419795222,14.675767918088736,73.03754266211604,2.7303754266211606,70.30716723549489
E00069107,406,117,64,53,289,22,267,28.817733990147783,15.763546798029557,13.054187192118228,71.18226600985221,5.41871921182266,65.76354679802957
E00069108,403,119,78,41,284,12,272,29.528535980148884,19.35483870967742,10.173697270471465,70.47146401985111,2.977667493796526,67.4937965260546
E00069109,394,79,43,36,315,23,292,20.050761421319795,10.913705583756345,9.137055837563452,79.94923857868021,5.83756345177665,74.11167512690355
E00069110,372,83,41,42,289,14,275,22.311827956989248,11.021505376344086,11.29032258064516,77.68817204301075,3.763440860215054,73.9247311827957
E00069111,350,88,54,34,262,16,246,25.142857142857146,15.428571428571427,9.714285714285714,74.85714285714286,4.571428571428571,70.28571428571428
E00069114,331,44,11,33,287,20,267,13.293051359516618,3.3232628398791544,9.969788519637463,86.70694864048339,6.042296072507553,80.66465256797582
E00069115,316,66,25,41,250,27,223,20.88607594936709,7.9113924050632916,12.974683544303797,79.11392405063292,8.544303797468354,70.56962025316456
E00069116,383,61,17,44,322,29,293,15.926892950391643,4.43864229765013,11.488250652741515,84.07310704960835,7.5718015665796345,76.50130548302873
E00069117,343,55,15,40,288,28,260,16.034985422740526,4.373177842565598,11.661807580174926,83.96501457725948,8.16326530612245,75.80174927113703
E00069118,555,78,22,56,477,41,436,14.054054054054054,3.963963963963964,10.09009009009009,85.94594594594595,7.3873873873873865,78.55855855855856
E00069119,324,65,22,43,259,15,244,20.061728395061728,6.790123456790123,13.271604938271606,79.93827160493827,4.62962962962963,75.30864197530865
E00069120,279,54,19,35,225,25,200,19.35483870967742,6.810035842293908,12.544802867383511,80.64516129032258,8.960573476702509,71.68458781362007
E00069121,310,48,21,27,262,32,230,15.483870967741936,6.774193548387098,8.709677419354838,84.51612903225806,10.32258064516129,74.19354838709677
E00069122,316,55,25,30,261,12,249,17.405063291139243,7.9113924050632916,9.49367088607595,82.59493670886076,3.79746835443038,78.79746835443038
E00069123,358,83,41,42,275,23,252,23.18435754189944,11.452513966480447,11.731843575418994,76.81564245810057,6.424581005586592,70.39106145251397
E00069124,310,51,28,23,259,21,238,16.451612903225808,9.032258064516128,7.419354838709677,83.54838709677419,6.774193548387098,76.77419354838709
E00069125,374,60,29,31,314,14,300,16.042780748663102,7.754010695187167,8.288770053475936,83.9572192513369,3.7433155080213902,80.21390374331551
E00069126,439,58,22,36,381,20,361,13.211845102505695,5.0113895216400905,8.200455580865604,86.78815489749431,4.555808656036446,82.23234624145786
E00069127,321,62,28,34,259,18,241,19.314641744548286,8.722741433021806,10.59190031152648,80.68535825545172,5.607476635514018,75.0778816199377
E00069128,467,65,27,38,402,23,379,13.9186295503212,5.781584582441114,8.137044967880087,86.0813704496788,4.925053533190578,81.15631691648822
E00069131,358,44,23,21,314,18,296,12.290502793296088,6.424581005586592,5.865921787709497,87.70949720670392,5.027932960893855,82.68156424581005
E00069133,460,87,26,61,373,25,348,18.913043478260867,5.6521739130434785,13.260869565217392,81.08695652173913,5.434782608695652,75.65217391304347
E00069134,367,63,28,35,304,9,295,17.166212534059948,7.629427792915531,9.536784741144414,82.83378746594006,2.452316076294278,80.38147138964578
E00069135,375,136,75,61,239,19,220,36.266666666666666,20,16.266666666666666,63.733333333333334,5.066666666666666,58.666666666666664
E00069136,347,45,27,18,302,11,291,12.968299711815561,7.780979827089338,5.187319884726225,87.03170028818444,3.170028818443804,83.86167146974063
E00069137,328,24,6,18,304,13,291,7.317073170731707,1.8292682926829267,5.487804878048781,92.6829268292683,3.9634146341463414,88.71951219512195
E00069138,305,35,16,19,270,15,255,11.475409836065573,5.245901639344262,6.229508196721312,88.52459016393442,4.918032786885246,83.60655737704919
E00069140,313,53,22,31,260,18,242,16.93290734824281,7.0287539936102235,9.904153354632587,83.06709265175719,5.7507987220447285,77.31629392971246
E00069141,349,60,25,35,289,15,274,17.191977077363894,7.163323782234957,10.028653295128938,82.8080229226361,4.297994269340974,78.51002865329512
E00069142,544,77,36,41,467,27,440,14.154411764705882,6.61764705882353,7.536764705882352,85.84558823529412,4.963235294117647,80.88235294117648
E00069144,390,74,40,34,316,21,295,18.974358974358974,10.256410256410255,8.717948717948717,81.02564102564102,5.384615384615385,75.64102564102564
E00069145,381,78,35,43,303,15,288,20.47244094488189,9.186351706036746,11.286089238845145,79.52755905511812,3.937007874015748,75.59055118110236
E00069146,281,43,21,22,238,16,222,15.302491103202847,7.473309608540925,7.829181494661921,84.69750889679716,5.6939501779359425,79.00355871886121
E00069147,349,72,37,35,277,12,265,20.630372492836678,10.601719197707736,10.028653295128938,79.36962750716332,3.4383954154727796,75.93123209169055
E00069148,284,57,30,27,227,11,216,20.070422535211268,10.56338028169014,9.507042253521126,79.92957746478874,3.873239436619718,76.05633802816901
E00069149,175,22,13,9,153,5,148,12.571428571428573,7.428571428571429,5.142857142857142,87.42857142857143,2.857142857142857,84.57142857142857
E00069150,354,61,17,44,293,21,272,17.231638418079097,4.80225988700565,12.429378531073446,82.7683615819209,5.932203389830509,76.8361581920904
E00069151,343,54,27,27,289,8,281,15.743440233236154,7.871720116618077,7.871720116618077,84.25655976676384,2.3323615160349855,81.92419825072886
E00069152,390,46,21,25,344,12,332,11.794871794871794,5.384615384615385,6.41025641025641,88.2051282051282,3.076923076923077,85.12820512820512
E00069153,373,62,32,30,311,19,292,16.621983914209114,8.579088471849866,8.04289544235925,83.37801608579089,5.093833780160858,78.28418230563003
E00069154,176,57,39,18,119,13,106,32.38636363636363,22.15909090909091,10.227272727272728,67.61363636363636,7.386363636363637,60.22727272727273
E00069155,407,67,31,36,340,26,314,16.461916461916463,7.616707616707617,8.845208845208845,83.53808353808354,6.388206388206388,77.14987714987716
E00069156,478,57,21,36,421,23,398,11.92468619246862,4.393305439330543,7.531380753138076,88.07531380753139,4.811715481171548,83.26359832635984
E00069157,335,38,14,24,297,18,279,11.343283582089553,4.179104477611941,7.164179104477612,88.65671641791046,5.3731343283582085,83.28358208955224
E00069158,354,49,25,24,305,20,285,13.841807909604519,7.062146892655368,6.779661016949152,86.15819209039547,5.649717514124294,80.50847457627118
E00069159,300,35,15,20,265,13,252,11.666666666666666,5,6.666666666666667,88.33333333333333,4.333333333333334,84
E00069162,364,61,30,31,303,28,275,16.758241758241756,8.241758241758241,8.516483516483516,83.24175824175825,7.6923076923076925,75.54945054945054
E00069163,275,23,12,11,252,17,235,8.363636363636363,4.363636363636364,4,91.63636363636364,6.181818181818182,85.45454545454545
E00069164,326,82,53,29,244,26,218,25.153374233128833,16.257668711656443,8.895705521472392,74.84662576687117,7.975460122699387,66.87116564417178
E00069165,525,121,78,43,404,55,349,23.047619047619047,14.857142857142858,8.190476190476192,76.95238095238095,10.476190476190476,66.47619047619048
E00069166,336,37,7,30,299,32,267,11.011904761904761,2.083333333333333,8.928571428571429,88.98809523809523,9.523809523809524,79.46428571428571
E00069167,357,59,11,48,298,31,267,16.5266106442577,3.081232492997199,13.445378151260504,83.4733893557423,8.683473389355742,74.78991596638656
E00069168,353,47,19,28,306,17,289,13.314447592067987,5.382436260623229,7.932011331444759,86.68555240793201,4.815864022662889,81.86968838526913
E00069169,378,42,17,25,336,17,319,11.11111111111111,4.497354497354497,6.613756613756613,88.88888888888889,4.497354497354497,84.39153439153439
E00069170,351,33,12,21,318,26,292,9.401709401709402,3.418803418803419,5.982905982905983,90.5982905982906,7.4074074074074066,83.1908831908832
E00069171,366,54,18,36,312,20,292,14.754098360655737,4.918032786885246,9.836065573770492,85.24590163934425,5.46448087431694,79.78142076502732
E00069172,308,44,12,32,264,32,232,14.285714285714285,3.896103896103896,10.38961038961039,85.71428571428571,10.38961038961039,75.32467532467533
E00069173,418,46,18,28,372,16,356,11.004784688995215,4.30622009569378,6.698564593301436,88.99521531100478,3.827751196172249,85.16746411483254
E00069174,330,42,13,29,288,23,265,12.727272727272727,3.939393939393939,8.787878787878787,87.27272727272727,6.969696969696971,80.3030303030303
E00069175,442,47,16,31,395,16,379,10.633484162895927,3.619909502262444,7.013574660633484,89.36651583710407,3.619909502262444,85.74660633484163
E00069177,417,66,24,42,351,23,328,15.827338129496402,5.755395683453238,10.071942446043165,84.17266187050359,5.515587529976019,78.65707434052757
E00069178,245,64,26,38,181,15,166,26.122448979591837,10.612244897959183,15.510204081632653,73.87755102040816,6.122448979591836,67.75510204081633
E00069179,370,109,46,63,261,36,225,29.45945945945946,12.432432432432433,17.027027027027028,70.54054054054055,9.72972972972973,60.810810810810814
E00069180,349,48,17,31,301,30,271,13.753581661891118,4.871060171919771,8.882521489971348,86.24641833810888,8.595988538681947,77.65042979942693
E00069181,331,47,20,27,284,17,267,14.19939577039275,6.042296072507553,8.157099697885197,85.80060422960725,5.13595166163142,80.66465256797582
E00069182,280,40,13,27,240,30,210,14.285714285714285,4.642857142857143,9.642857142857144,85.71428571428571,10.714285714285714,75
E00069183,321,58,20,38,263,21,242,18.06853582554517,6.230529595015576,11.838006230529595,81.93146417445483,6.5420560747663545,75.38940809968847
E00069184,156,58,26,32,98,10,88,37.17948717948718,16.666666666666664,20.51282051282051,62.82051282051282,6.41025641025641,56.41025641025641
E00069185,368,41,17,24,327,22,305,11.141304347826086,4.619565217391304,6.521739130434782,88.8586956521739,5.978260869565218,82.88043478260869
E00069186,332,47,14,33,285,24,261,14.156626506024098,4.216867469879518,9.939759036144578,85.8433734939759,7.228915662650602,78.6144578313253
E00069187,254,30,11,19,224,20,204,11.811023622047244,4.330708661417323,7.480314960629922,88.18897637795276,7.874015748031496,80.31496062992126
E00069188,294,37,13,24,257,21,236,12.585034013605442,4.421768707482993,8.16326530612245,87.41496598639455,7.142857142857142,80.27210884353741
E00069189,299,42,14,28,257,23,234,14.046822742474916,4.682274247491638,9.364548494983277,85.95317725752508,7.6923076923076925,78.26086956521739
E00069190,355,57,22,35,298,13,285,16.056338028169016,6.197183098591549,9.859154929577464,83.94366197183099,3.6619718309859155,80.28169014084507
E00069191,232,18,3,15,214,26,188,7.758620689655173,1.293103448275862,6.4655172413793105,92.24137931034483,11.206896551724139,81.03448275862068
E00069192,359,41,14,27,318,31,287,11.420612813370473,3.8997214484679668,7.520891364902507,88.57938718662952,8.635097493036211,79.94428969359332
E00069193,299,56,21,35,243,27,216,18.729096989966553,7.023411371237458,11.705685618729097,81.27090301003345,9.03010033444816,72.24080267558529
E00069194,272,63,28,35,209,9,200,23.161764705882355,10.294117647058822,12.867647058823529,76.83823529411765,3.308823529411765,73.52941176470588
E00069195,313,52,25,27,261,15,246,16.61341853035144,7.987220447284344,8.626198083067091,83.38658146964856,4.792332268370607,78.59424920127796
E00069196,362,53,17,36,309,59,250,14.64088397790055,4.696132596685083,9.94475138121547,85.35911602209944,16.298342541436465,69.06077348066299
E00069197,346,50,10,40,296,41,255,14.450867052023122,2.8901734104046244,11.560693641618498,85.54913294797689,11.849710982658959,73.69942196531792
E00069198,360,53,16,37,307,31,276,14.722222222222223,4.444444444444445,10.277777777777777,85.27777777777777,8.61111111111111,76.66666666666667
E00069199,283,34,19,15,249,15,234,12.014134275618375,6.713780918727916,5.30035335689046,87.98586572438163,5.30035335689046,82.68551236749117
E00069200,371,41,20,21,330,23,307,11.05121293800539,5.3908355795148255,5.660377358490567,88.94878706199461,6.199460916442049,82.74932614555256
E00069201,343,42,19,23,301,14,287,12.244897959183673,5.539358600583091,6.705539358600583,87.75510204081633,4.081632653061225,83.6734693877551
E00069202,358,61,26,35,297,23,274,17.039106145251395,7.262569832402235,9.776536312849162,82.9608938547486,6.424581005586592,76.53631284916202
E00069204,296,49,18,31,247,13,234,16.554054054054053,6.081081081081082,10.472972972972974,83.44594594594594,4.391891891891892,79.05405405405406
E00069205,396,37,13,24,359,18,341,9.343434343434344,3.2828282828282833,6.0606060606060606,90.65656565656566,4.545454545454546,86.11111111111111
E00069206,207,44,13,31,163,8,155,21.256038647342994,6.280193236714976,14.975845410628018,78.74396135265701,3.864734299516908,74.8792270531401
E00069207,264,44,18,26,220,19,201,16.666666666666664,6.8181818181818175,9.848484848484848,83.33333333333334,7.196969696969697,76.13636363636364
E00069208,341,55,15,40,286,30,256,16.129032258064516,4.398826979472141,11.730205278592376,83.87096774193549,8.797653958944283,75.0733137829912
E00069209,295,44,16,28,251,24,227,14.915254237288137,5.423728813559322,9.491525423728813,85.08474576271186,8.135593220338983,76.94915254237287
E00069210,274,44,10,34,230,18,212,16.05839416058394,3.64963503649635,12.408759124087592,83.94160583941606,6.569343065693431,77.37226277372264
E00069211,355,128,83,45,227,8,219,36.056338028169016,23.380281690140844,12.676056338028168,63.94366197183099,2.2535211267605635,61.69014084507042
E00069212,273,75,47,28,198,28,170,27.472527472527474,17.216117216117215,10.256410256410255,72.52747252747253,10.256410256410255,62.27106227106227
E00069213,192,25,11,14,167,10,157,13.020833333333334,5.729166666666666,7.291666666666667,86.97916666666666,5.208333333333334,81.77083333333334
E00069215,430,44,19,25,386,8,378,10.232558139534884,4.4186046511627906,5.813953488372093,89.76744186046511,1.8604651162790697,87.90697674418605
E00069218,214,31,14,17,183,8,175,14.485981308411214,6.5420560747663545,7.943925233644859,85.51401869158879,3.7383177570093453,81.77570093457945
E00069220,496,90,40,50,406,19,387,18.14516129032258,8.064516129032258,10.080645161290322,81.85483870967742,3.8306451612903225,78.0241935483871
E00069221,559,86,49,37,473,11,462,15.384615384615385,8.765652951699463,6.618962432915922,84.61538461538461,1.9677996422182469,82.64758497316636
E00069222,460,47,18,29,413,16,397,10.217391304347826,3.91304347826087,6.304347826086956,89.78260869565217,3.4782608695652173,86.30434782608695
E00069223,490,46,19,27,444,12,432,9.387755102040817,3.877551020408163,5.510204081632653,90.61224489795919,2.4489795918367347,88.16326530612245
E00069224,271,31,17,14,240,10,230,11.439114391143912,6.273062730627306,5.166051660516605,88.56088560885608,3.6900369003690034,84.87084870848709
E00069225,354,44,22,22,310,6,304,12.429378531073446,6.214689265536723,6.214689265536723,87.57062146892656,1.694915254237288,85.87570621468926
E00069226,441,46,19,27,395,11,384,10.430839002267573,4.308390022675737,6.122448979591836,89.56916099773242,2.494331065759637,87.07482993197279
E00069227,492,39,24,15,453,17,436,7.926829268292683,4.878048780487805,3.048780487804878,92.07317073170732,3.4552845528455287,88.6178861788618
E00069228,270,68,40,28,202,8,194,25.185185185185183,14.814814814814813,10.37037037037037,74.81481481481481,2.9629629629629632,71.85185185185186
E00069230,441,26,12,14,415,13,402,5.895691609977324,2.7210884353741496,3.1746031746031744,94.10430839002267,2.947845804988662,91.15646258503402
E00069231,302,90,56,34,212,7,205,29.80132450331126,18.543046357615893,11.258278145695364,70.19867549668875,2.3178807947019866,67.88079470198676
E00069233,260,24,11,13,236,14,222,9.230769230769232,4.230769230769231,5,90.76923076923077,5.384615384615385,85.38461538461539
E00069234,237,70,41,29,167,5,162,29.535864978902953,17.29957805907173,12.236286919831224,70.46413502109705,2.109704641350211,68.35443037974683
E00069235,291,46,21,25,245,4,241,15.807560137457044,7.216494845360824,8.59106529209622,84.19243986254295,1.3745704467353952,82.81786941580756
E00069236,364,43,21,22,321,10,311,11.813186813186812,5.769230769230769,6.043956043956044,88.18681318681318,2.7472527472527473,85.43956043956044
E00069237,230,24,11,13,206,4,202,10.434782608695652,4.782608695652174,5.6521739130434785,89.56521739130436,1.7391304347826086,87.82608695652175
E00069238,396,63,24,39,333,9,324,15.909090909090908,6.0606060606060606,9.848484848484848,84.0909090909091,2.272727272727273,81.81818181818183
E00069239,487,53,26,27,434,10,424,10.882956878850102,5.338809034907597,5.544147843942506,89.11704312114989,2.0533880903490758,87.06365503080082
E00069240,262,35,18,17,227,5,222,13.358778625954198,6.870229007633588,6.488549618320611,86.64122137404581,1.9083969465648856,84.7328244274809
E00069241,294,20,12,8,274,7,267,6.802721088435375,4.081632653061225,2.7210884353741496,93.19727891156462,2.380952380952381,90.81632653061224
E00069242,360,51,28,23,309,7,302,14.166666666666666,7.777777777777778,6.388888888888888,85.83333333333333,1.9444444444444444,83.88888888888889
E00069243,203,14,4,10,189,3,186,6.896551724137931,1.9704433497536946,4.926108374384237,93.10344827586206,1.477832512315271,91.62561576354679
E00069244,226,24,10,14,202,4,198,10.619469026548673,4.424778761061947,6.1946902654867255,89.38053097345133,1.7699115044247788,87.61061946902655
E00069246,564,115,52,63,449,34,415,20.390070921985814,9.219858156028367,11.170212765957446,79.60992907801419,6.028368794326241,73.581560283687935
E00069247,324,46,14,32,278,17,261,14.19753086419753,4.320987654320987,9.876543209876543,85.80246913580247,5.246913580246913,80.55555555555556
E00069248,356,68,36,32,288,12,276,19.101123595505616,10.112359550561797,8.98876404494382,80.89887640449437,3.3707865168539324,77.52808988764045
E00069249,401,72,33,39,329,20,309,17.955112219451372,8.229426433915211,9.72568578553616,82.04488778054862,4.987531172069826,77.0573566084788
E00069250,250,88,50,38,162,16,146,35.199999999999996,20,15.2,64.8,6.4,58.4
E00069251,406,100,53,47,306,18,288,24.63054187192118,13.054187192118228,11.576354679802956,75.36945812807882,4.433497536945813,70.93596059113301
E00069253,345,61,34,27,284,17,267,17.681159420289855,9.855072463768117,7.82608695652174,82.31884057971014,4.9275362318840585,77.39130434782608
E00069254,366,77,36,41,289,12,277,21.03825136612022,9.836065573770492,11.202185792349727,78.96174863387978,3.278688524590164,75.68306010928961
E00069255,401,70,30,40,331,18,313,17.45635910224439,7.4812967581047385,9.975062344139651,82.54364089775561,4.488778054862843,78.05486284289277
E00069256,386,74,36,38,312,14,298,19.170984455958546,9.32642487046632,9.844559585492227,80.82901554404145,3.6269430051813467,77.2020725388601
E00069257,386,69,36,33,317,28,289,17.875647668393782,9.32642487046632,8.549222797927461,82.12435233160622,7.253886010362693,74.87046632124353
E00069258,337,63,33,30,274,9,265,18.694362017804153,9.792284866468842,8.902077151335313,81.30563798219585,2.6706231454005933,78.63501483679525
E00069259,245,53,24,29,192,15,177,21.63265306122449,9.795918367346939,11.83673469387755,78.36734693877551,6.122448979591836,72.24489795918367
E00069260,270,63,32,31,207,16,191,23.333333333333332,11.851851851851853,11.481481481481481,76.66666666666667,5.9259259259259265,70.74074074074073
E00069261,345,102,56,46,243,27,216,29.565217391304348,16.231884057971012,13.333333333333334,70.43478260869566,7.82608695652174,62.60869565217392
E00069263,289,51,18,33,238,30,208,17.647058823529413,6.228373702422145,11.418685121107266,82.35294117647058,10.380622837370241,71.97231833910035
E00069264,341,58,17,41,283,26,257,17.008797653958943,4.9853372434017595,12.023460410557185,82.99120234604106,7.624633431085044,75.366568914956
E00069265,356,62,33,29,294,15,279,17.415730337078653,9.269662921348315,8.146067415730338,82.58426966292134,4.213483146067416,78.37078651685393
E00069266,361,63,29,34,298,14,284,17.451523545706372,8.033240997229916,9.418282548476455,82.54847645429363,3.8781163434903045,78.67036011080333
E00069267,208,49,21,28,159,13,146,23.557692307692307,10.096153846153847,13.461538461538462,76.4423076923077,6.25,70.1923076923077
E00069268,435,100,52,48,335,26,309,22.988505747126435,11.954022988505747,11.03448275862069,77.01149425287356,5.977011494252873,71.03448275862068
E00069269,195,40,24,16,155,7,148,20.51282051282051,12.307692307692308,8.205128205128204,79.48717948717949,3.5897435897435894,75.8974358974359
E00069270,345,74,42,32,271,17,254,21.44927536231884,12.173913043478262,9.27536231884058,78.55072463768116,4.9275362318840585,73.62318840579711
E00069271,378,49,20,29,329,30,299,12.962962962962962,5.291005291005291,7.671957671957672,87.03703703703704,7.936507936507936,79.1005291005291
E00069272,317,47,19,28,270,15,255,14.826498422712934,5.993690851735016,8.832807570977918,85.17350157728707,4.73186119873817,80.4416403785489
E00069273,272,60,40,20,212,9,203,22.058823529411764,14.705882352941178,7.352941176470589,77.94117647058823,3.308823529411765,74.63235294117648
E00069274,297,54,27,27,243,10,233,18.181818181818183,9.090909090909092,9.090909090909092,81.81818181818183,3.3670033670033668,78.45117845117845
E00069275,246,56,28,28,190,16,174,22.76422764227642,11.38211382113821,11.38211382113821,77.23577235772358,6.504065040650407,70.73170731707317
E00069276,350,59,26,33,291,26,265,16.857142857142858,7.428571428571429,9.428571428571429,83.14285714285714,7.428571428571429,75.71428571428571
E00069277,361,110,61,49,251,23,228,30.47091412742382,16.897506925207757,13.573407202216067,69.52908587257618,6.3711911357340725,63.1578947368421
E00069278,339,62,31,31,277,18,259,18.289085545722713,9.144542772861357,9.144542772861357,81.71091445427729,5.3097345132743365,76.40117994100295
E00069279,361,103,54,49,258,22,236,28.53185595567867,14.958448753462603,13.573407202216067,71.46814404432132,6.094182825484765,65.37396121883657
E00069280,352,66,26,40,286,16,270,18.75,7.386363636363637,11.363636363636363,81.25,4.545454545454546,76.70454545454545
E00069281,399,75,36,39,324,20,304,18.796992481203006,9.022556390977442,9.774436090225564,81.203007518797,5.012531328320802,76.19047619047619
E00069282,248,45,20,25,203,15,188,18.14516129032258,8.064516129032258,10.080645161290322,81.85483870967742,6.048387096774194,75.80645161290323
E00069283,365,53,30,23,312,17,295,14.520547945205479,8.21917808219178,6.301369863013699,85.47945205479452,4.657534246575342,80.82191780821918
E00069284,301,69,28,41,232,9,223,22.92358803986711,9.30232558139535,13.621262458471762,77.0764119601329,2.990033222591362,74.08637873754152
E00069285,389,52,20,32,337,17,320,13.367609254498714,5.141388174807198,8.226221079691516,86.63239074550128,4.370179948586118,82.26221079691517
E00069286,270,43,15,28,227,7,220,15.925925925925927,5.555555555555555,10.37037037037037,84.07407407407408,2.5925925925925926,81.48148148148148
E00069287,365,98,49,49,267,16,251,26.84931506849315,13.424657534246576,13.424657534246576,73.15068493150685,4.383561643835616,68.76712328767123
E00069288,370,64,28,36,306,16,290,17.2972972972973,7.567567567567568,9.72972972972973,82.70270270270271,4.324324324324325,78.37837837837837
E00069289,415,66,27,39,349,10,339,15.903614457831324,6.506024096385541,9.397590361445783,84.09638554216868,2.4096385542168677,81.6867469879518
E00069290,344,51,24,27,293,15,278,14.825581395348838,6.976744186046512,7.848837209302325,85.17441860465115,4.3604651162790695,80.81395348837209
E00069291,209,55,31,24,154,3,151,26.31578947368421,14.832535885167463,11.483253588516746,73.68421052631578,1.4354066985645932,72.24880382775119
E00069294,366,53,18,35,313,15,298,14.48087431693989,4.918032786885246,9.562841530054644,85.51912568306011,4.098360655737705,81.4207650273224
E00069295,310,69,33,36,241,15,226,22.258064516129032,10.64516129032258,11.612903225806452,77.74193548387098,4.838709677419355,72.90322580645162
E00069296,361,76,34,42,285,6,279,21.052631578947366,9.418282548476455,11.634349030470915,78.94736842105263,1.662049861495845,77.28531855955679
E00069297,412,81,31,50,331,16,315,19.66019417475728,7.524271844660194,12.135922330097088,80.33980582524272,3.8834951456310676,76.45631067961165
E00069298,333,56,27,29,277,11,266,16.816816816816818,8.108108108108109,8.708708708708707,83.18318318318319,3.303303303303303,79.87987987987988
E00069299,387,72,35,37,315,18,297,18.6046511627907,9.043927648578812,9.560723514211885,81.3953488372093,4.651162790697675,76.74418604651163
E00069300,427,85,32,53,342,18,324,19.906323185011708,7.494145199063232,12.412177985948478,80.09367681498829,4.215456674473068,75.87822014051523
E00069303,601,131,73,58,470,18,452,21.79700499168053,12.146422628951747,9.650582362728786,78.20299500831946,2.995008319467554,75.20798668885192
E00069304,572,116,66,50,456,18,438,20.27972027972028,11.538461538461538,8.741258741258742,79.72027972027972,3.146853146853147,76.57342657342657
E00069305,503,155,84,71,348,17,331,30.81510934393638,16.69980119284294,14.115308151093439,69.18489065606362,3.3797216699801194,65.8051689860835
E00069306,398,61,24,37,337,23,314,15.326633165829145,6.030150753768844,9.296482412060302,84.67336683417085,5.778894472361809,78.89447236180904
E00069307,317,61,35,26,256,17,239,19.242902208201894,11.041009463722396,8.201892744479496,80.7570977917981,5.3627760252365935,75.39432176656152
E00069308,623,106,58,48,517,29,488,17.014446227929376,9.309791332263243,7.704654895666131,82.98555377207063,4.654895666131622,78.330658105939
E00069309,435,41,24,17,394,12,382,9.425287356321839,5.517241379310345,3.9080459770114944,90.57471264367815,2.7586206896551726,87.816091954023
E00069310,364,64,31,33,300,21,279,17.582417582417584,8.516483516483516,9.065934065934066,82.41758241758241,5.769230769230769,76.64835164835165
E00069311,525,77,39,38,448,10,438,14.666666666666666,7.428571428571429,7.238095238095238,85.33333333333334,1.9047619047619049,83.42857142857143
E00069312,398,42,17,25,356,12,344,10.552763819095476,4.271356783919598,6.281407035175879,89.44723618090453,3.015075376884422,86.4321608040201
E00069313,493,89,45,44,404,8,396,18.052738336713997,9.1277890466531435,8.924949290060852,81.94726166328601,1.6227180527383367,80.32454361054768
E00069314,247,49,22,27,198,7,191,19.838056680161944,8.906882591093117,10.931174089068826,80.16194331983806,2.834008097165992,77.32793522267207
E00069315,269,44,18,26,225,22,203,16.356877323420075,6.691449814126393,9.66542750929368,83.64312267657994,8.178438661710038,75.46468401486989
E00069316,194,31,18,13,163,9,154,15.979381443298967,9.278350515463918,6.701030927835052,84.02061855670104,4.639175257731959,79.38144329896907
E00069317,326,53,20,33,273,14,259,16.257668711656443,6.134969325153374,10.122699386503067,83.74233128834356,4.294478527607362,79.4478527607362
E00069318,324,48,19,29,276,19,257,14.814814814814813,5.864197530864197,8.950617283950617,85.18518518518519,5.864197530864197,79.32098765432099
E00069319,269,37,18,19,232,8,224,13.754646840148698,6.691449814126393,7.063197026022305,86.2453531598513,2.973977695167286,83.27137546468401
E00069320,279,41,22,19,238,17,221,14.695340501792115,7.885304659498208,6.810035842293908,85.30465949820788,6.093189964157706,79.21146953405018
E00069321,618,75,28,47,543,31,512,12.135922330097088,4.53074433656958,7.605177993527508,87.86407766990291,5.016181229773463,82.84789644012946
E00069322,262,42,18,24,220,8,212,16.030534351145036,6.870229007633588,9.16030534351145,83.96946564885496,3.0534351145038165,80.91603053435115
E00069323,253,35,17,18,218,10,208,13.83399209486166,6.719367588932807,7.114624505928854,86.16600790513834,3.9525691699604746,82.21343873517787
E00069324,265,46,14,32,219,8,211,17.358490566037734,5.283018867924529,12.075471698113208,82.64150943396227,3.018867924528302,79.62264150943396
E00069325,391,42,9,33,349,28,321,10.741687979539643,2.3017902813299234,8.439897698209718,89.25831202046037,7.161125319693094,82.09718670076727
E00069326,383,58,26,32,325,12,313,15.143603133159269,6.7885117493472595,8.355091383812011,84.85639686684074,3.1331592689295036,81.72323759791122
E00069327,261,43,17,26,218,11,207,16.47509578544061,6.513409961685824,9.961685823754788,83.5249042145594,4.21455938697318,79.3103448275862
E00069328,372,65,31,34,307,14,293,17.473118279569892,8.333333333333332,9.13978494623656,82.52688172043011,3.763440860215054,78.76344086021506
E00069329,399,75,41,34,324,13,311,18.796992481203006,10.275689223057643,8.521303258145362,81.203007518797,3.258145363408521,77.94486215538848
E00069330,323,69,23,46,254,10,244,21.36222910216718,7.120743034055728,14.241486068111456,78.63777089783281,3.0959752321981426,75.54179566563467
E00069331,412,39,18,21,373,15,358,9.466019417475728,4.368932038834951,5.097087378640777,90.53398058252428,3.640776699029126,86.89320388349515
E00069332,132,32,13,19,100,3,97,24.242424242424242,9.848484848484848,14.393939393939394,75.75757575757575,2.272727272727273,73.48484848484848
E00069333,396,70,30,40,326,16,310,17.67676767676768,7.575757575757576,10.1010101010101,82.32323232323232,4.040404040404041,78.28282828282829
E00069334,372,40,17,23,332,16,316,10.75268817204301,4.56989247311828,6.182795698924731,89.24731182795699,4.301075268817205,84.94623655913979
E00069335,348,61,31,30,287,18,269,17.52873563218391,8.908045977011495,8.620689655172415,82.47126436781609,5.172413793103448,77.29885057471265
E00069336,282,40,15,25,242,4,238,14.184397163120568,5.319148936170213,8.865248226950355,85.81560283687944,1.4184397163120568,84.39716312056737
E00069337,316,43,25,18,273,10,263,13.60759493670886,7.9113924050632916,5.69620253164557,86.39240506329115,3.1645569620253164,83.22784810126582
E00069338,316,42,20,22,274,10,264,13.291139240506327,6.329113924050633,6.962025316455696,86.70886075949366,3.1645569620253164,83.54430379746836
E00069339,362,42,22,20,320,12,308,11.602209944751381,6.077348066298343,5.524861878453039,88.39779005524862,3.314917127071823,85.0828729281768
E00069340,406,42,27,15,364,21,343,10.344827586206897,6.65024630541872,3.6945812807881775,89.65517241379311,5.172413793103448,84.48275862068965
E00069341,354,54,29,25,300,12,288,15.254237288135593,8.192090395480225,7.062146892655368,84.7457627118644,3.389830508474576,81.35593220338984
E00069342,325,34,13,21,291,10,281,10.461538461538462,4,6.461538461538462,89.53846153846153,3.076923076923077,86.46153846153845
E00069343,487,70,35,35,417,11,406,14.37371663244353,7.186858316221765,7.186858316221765,85.62628336755647,2.2587268993839835,83.3675564681725
E00069344,351,51,32,19,300,10,290,14.529914529914532,9.116809116809117,5.413105413105413,85.47008547008546,2.849002849002849,82.62108262108262
E00069345,534,76,40,36,458,10,448,14.232209737827715,7.490636704119851,6.741573033707865,85.76779026217228,1.8726591760299627,83.89513108614233
E00069346,494,60,34,26,434,12,422,12.145748987854251,6.882591093117409,5.263157894736842,87.85425101214574,2.42914979757085,85.4251012145749
E00069347,502,69,40,29,433,10,423,13.745019920318724,7.968127490039841,5.776892430278884,86.25498007968127,1.9920318725099602,84.26294820717132
E00069348,463,60,39,21,403,19,384,12.958963282937367,8.423326133909287,4.535637149028078,87.04103671706264,4.103671706263499,82.93736501079914
E00069349,599,48,21,27,551,13,538,8.013355592654424,3.5058430717863103,4.507512520868113,91.98664440734558,2.1702838063439067,89.81636060100166
E00069350,376,49,22,27,327,17,310,13.031914893617023,5.851063829787234,7.180851063829788,86.96808510638297,4.521276595744681,82.4468085106383
E00069351,388,37,20,17,351,13,338,9.536082474226804,5.154639175257731,4.381443298969072,90.4639175257732,3.350515463917526,87.11340206185567
E00069352,445,65,31,34,380,17,363,14.606741573033707,6.96629213483146,7.640449438202247,85.39325842696628,3.8202247191011236,81.57303370786518
E00069353,556,80,38,42,476,15,461,14.388489208633093,6.83453237410072,7.553956834532374,85.61151079136691,2.697841726618705,82.91366906474819
E00069355,521,76,36,40,445,14,431,14.587332053742802,6.90978886756238,7.677543186180421,85.41266794625719,2.6871401151631478,82.72552783109404
E00069356,455,62,32,30,393,12,381,13.626373626373626,7.032967032967033,6.593406593406594,86.37362637362638,2.6373626373626373,83.73626373626374
E00069357,511,100,63,37,411,12,399,19.569471624266143,12.32876712328767,7.240704500978473,80.43052837573386,2.3483365949119372,78.08219178082192
E00069358,504,48,20,28,456,14,442,9.523809523809524,3.968253968253968,5.555555555555555,90.47619047619048,2.7777777777777777,87.6984126984127
E00069359,375,63,21,42,312,10,302,16.8,5.6000000000000005,11.200000000000001,83.2,2.666666666666667,80.53333333333333
E00069361,381,32,15,17,349,6,343,8.398950131233596,3.937007874015748,4.4619422572178475,91.60104986876641,1.574803149606299,90.02624671916011
E00069362,393,38,19,19,355,14,341,9.669211195928753,4.8346055979643765,4.8346055979643765,90.33078880407125,3.5623409669211195,86.76844783715013
E00069363,544,89,47,42,455,10,445,16.360294117647058,8.63970588235294,7.720588235294118,83.63970588235294,1.8382352941176472,81.80147058823529
E00069365,508,62,22,40,446,9,437,12.204724409448819,4.330708661417323,7.874015748031496,87.79527559055119,1.7716535433070866,86.0236220472441
E00069367,315,36,16,20,279,12,267,11.428571428571429,5.079365079365079,6.349206349206349,88.57142857142857,3.8095238095238098,84.76190476190476
E00069368,393,59,28,31,334,16,318,15.012722646310433,7.124681933842239,7.888040712468193,84.98727735368958,4.071246819338422,80.91603053435115
E00069369,324,37,18,19,287,8,279,11.419753086419753,5.555555555555555,5.864197530864197,88.58024691358025,2.4691358024691357,86.11111111111111
E00069370,564,77,41,36,487,24,463,13.652482269503546,7.2695035460992905,6.382978723404255,86.34751773049646,4.25531914893617,82.09219858156028
E00069371,331,72,38,34,259,12,247,21.75226586102719,11.48036253776435,10.27190332326284,78.24773413897282,3.625377643504532,74.62235649546828
E00069372,307,59,31,28,248,8,240,19.218241042345277,10.097719869706841,9.120521172638437,80.78175895765473,2.6058631921824107,78.17589576547232
E00069373,374,42,15,27,332,8,324,11.229946524064172,4.0106951871657754,7.219251336898395,88.77005347593582,2.13903743315508,86.63101604278076
E00069374,425,52,35,17,373,12,361,12.23529411764706,8.235294117647058,4,87.76470588235294,2.823529411764706,84.94117647058823
E00069375,510,45,21,24,465,12,453,8.823529411764707,4.117647058823529,4.705882352941177,91.17647058823529,2.3529411764705883,88.8235294117647
E00069376,394,48,22,26,346,10,336,12.18274111675127,5.583756345177665,6.598984771573605,87.81725888324873,2.5380710659898478,85.27918781725889
E00069377,389,39,15,24,350,10,340,10.025706940874036,3.8560411311053984,6.169665809768637,89.97429305912597,2.570694087403599,87.40359897172236
E00069378,560,77,34,43,483,9,474,13.750000000000002,6.071428571428571,7.678571428571429,86.25,1.607142857142857,84.64285714285714
E00069379,378,32,16,16,346,8,338,8.465608465608465,4.232804232804233,4.232804232804233,91.53439153439153,2.1164021164021163,89.41798941798942
E00069380,326,40,23,17,286,6,280,12.269938650306749,7.05521472392638,5.214723926380368,87.73006134969326,1.8404907975460123,85.88957055214725
E00069381,495,57,28,29,438,12,426,11.515151515151516,5.656565656565657,5.858585858585859,88.48484848484848,2.4242424242424243,86.06060606060606
E00069383,528,80,45,35,448,21,427,15.151515151515152,8.522727272727272,6.628787878787879,84.84848484848484,3.977272727272727,80.87121212121212
E00069384,322,52,27,25,270,15,255,16.149068322981368,8.385093167701864,7.763975155279502,83.85093167701864,4.658385093167702,79.19254658385093
E00069385,453,55,29,26,398,9,389,12.141280353200882,6.401766004415011,5.739514348785872,87.85871964679912,1.9867549668874174,85.8719646799117
E00069386,257,48,23,25,209,10,199,18.67704280155642,8.949416342412452,9.72762645914397,81.32295719844358,3.8910505836575875,77.431906614786
E00069387,324,47,18,29,277,16,261,14.506172839506174,5.555555555555555,8.950617283950617,85.49382716049382,4.938271604938271,80.55555555555556
E00069388,422,34,16,18,388,6,382,8.056872037914692,3.7914691943127963,4.265402843601896,91.9431279620853,1.4218009478672986,90.52132701421802
E00069389,408,54,24,30,354,9,345,13.23529411764706,5.88235294117647,7.352941176470589,86.76470588235294,2.2058823529411766,84.55882352941177
E00069390,429,65,35,30,364,16,348,15.151515151515152,8.158508158508159,6.993006993006993,84.84848484848484,3.7296037296037294,81.11888111888112
E00069391,344,36,17,19,308,9,299,10.465116279069768,4.941860465116279,5.523255813953488,89.53488372093024,2.616279069767442,86.9186046511628
E00069394,458,74,48,26,384,13,371,16.157205240174672,10.480349344978166,5.676855895196507,83.84279475982532,2.8384279475982535,81.00436681222706
E00069395,580,66,29,37,514,12,502,11.379310344827587,5,6.379310344827586,88.62068965517241,2.0689655172413794,86.55172413793103
E00069397,597,60,26,34,537,15,522,10.050251256281408,4.355108877721943,5.6951423785594635,89.9497487437186,2.512562814070352,87.43718592964824
E00069398,467,61,26,35,406,11,395,13.062098501070663,5.567451820128479,7.494646680942184,86.93790149892934,2.355460385438972,84.58244111349036
E00069399,474,54,26,28,420,14,406,11.39240506329114,5.485232067510549,5.9071729957805905,88.60759493670885,2.9535864978902953,85.65400843881856
E00069401,430,57,33,24,373,9,364,13.25581395348837,7.674418604651163,5.5813953488372094,86.74418604651163,2.0930232558139537,84.65116279069768
E00069402,404,47,18,29,357,7,350,11.633663366336634,4.455445544554455,7.1782178217821775,88.36633663366337,1.7326732673267329,86.63366336633663
E00069403,370,62,21,41,308,27,281,16.756756756756758,5.675675675675676,11.081081081081082,83.24324324324324,7.297297297297297,75.94594594594595
E00069404,523,54,27,27,469,12,457,10.325047801147228,5.162523900573614,5.162523900573614,89.67495219885278,2.294455066921606,87.38049713193116
E00069405,375,56,30,26,319,3,316,14.933333333333335,8,6.933333333333333,85.06666666666666,0.8,84.26666666666667
E00069407,472,76,32,44,396,28,368,16.101694915254235,6.779661016949152,9.322033898305085,83.89830508474576,5.932203389830509,77.96610169491525
E00069408,486,58,23,35,428,12,416,11.934156378600823,4.732510288065844,7.20164609053498,88.06584362139918,2.4691358024691357,85.59670781893004
E00069409,416,57,19,38,359,18,341,13.701923076923078,4.567307692307692,9.134615384615383,86.29807692307693,4.326923076923077,81.97115384615384
E00069410,324,59,16,43,265,19,246,18.209876543209877,4.938271604938271,13.271604938271606,81.79012345679013,5.864197530864197,75.92592592592592
E00069411,430,41,22,19,389,22,367,9.534883720930234,5.116279069767442,4.4186046511627906,90.46511627906978,5.116279069767442,85.34883720930233
E00069412,557,49,22,27,508,15,493,8.797127468581687,3.949730700179533,4.847396768402154,91.20287253141831,2.6929982046678633,88.50987432675045
E00069413,458,44,18,26,414,13,401,9.606986899563319,3.9301310043668125,5.676855895196507,90.39301310043668,2.8384279475982535,87.55458515283843
E00069414,472,46,24,22,426,16,410,9.745762711864407,5.084745762711865,4.661016949152542,90.2542372881356,3.389830508474576,86.86440677966102
E00069415,398,48,25,23,350,12,338,12.060301507537687,6.281407035175879,5.778894472361809,87.93969849246231,3.015075376884422,84.92462311557789
E00069416,492,53,25,28,439,26,413,10.772357723577237,5.08130081300813,5.691056910569105,89.22764227642277,5.284552845528456,83.94308943089432
E00069417,475,85,43,42,390,13,377,17.894736842105264,9.05263157894737,8.842105263157894,82.10526315789474,2.736842105263158,79.36842105263158
E00069418,443,44,21,23,399,15,384,9.932279909706546,4.740406320541761,5.191873589164786,90.06772009029346,3.3860045146726865,86.68171557562077
E00069419,410,51,23,28,359,11,348,12.439024390243903,5.609756097560976,6.829268292682928,87.5609756097561,2.682926829268293,84.8780487804878
E00069420,396,57,28,29,339,7,332,14.393939393939394,7.07070707070707,7.3232323232323235,85.60606060606061,1.7676767676767675,83.83838383838383
E00069421,491,58,23,35,433,17,416,11.812627291242363,4.684317718940937,7.128309572301425,88.18737270875764,3.462321792260693,84.72505091649694
E00069422,472,51,24,27,421,14,407,10.805084745762713,5.084745762711865,5.720338983050848,89.19491525423729,2.9661016949152543,86.22881355932203
E00069423,373,53,18,35,320,9,311,14.209115281501342,4.825737265415549,9.383378016085791,85.79088471849866,2.4128686327077746,83.37801608579089
E00069424,428,48,16,32,380,10,370,11.214953271028037,3.7383177570093453,7.476635514018691,88.78504672897196,2.336448598130841,86.44859813084112
E00069425,468,67,40,27,401,20,381,14.316239316239315,8.547008547008547,5.769230769230769,85.68376068376068,4.273504273504273,81.41025641025641
E00069426,460,59,22,37,401,6,395,12.82608695652174,4.782608695652174,8.043478260869565,87.17391304347825,1.3043478260869565,85.86956521739131
E00069427,383,48,20,28,335,10,325,12.532637075718014,5.221932114882506,7.310704960835509,87.46736292428199,2.610966057441253,84.85639686684074
E00069428,366,41,21,20,325,23,302,11.202185792349727,5.737704918032787,5.46448087431694,88.79781420765028,6.284153005464481,82.5136612021858
E00069429,522,59,24,35,463,22,441,11.302681992337165,4.597701149425287,6.704980842911877,88.69731800766284,4.21455938697318,84.48275862068965
E00069430,338,57,20,37,281,21,260,16.86390532544379,5.9171597633136095,10.946745562130179,83.13609467455622,6.21301775147929,76.92307692307693
E00069431,428,79,34,45,349,20,329,18.457943925233643,7.943925233644859,10.514018691588785,81.54205607476635,4.672897196261682,76.86915887850468
E00069432,468,47,22,25,421,24,397,10.042735042735043,4.700854700854701,5.3418803418803416,89.95726495726495,5.128205128205128,84.82905982905983
E00069433,512,67,33,34,445,21,424,13.0859375,6.4453125,6.640625,86.9140625,4.1015625,82.8125
E00069434,358,46,18,28,312,9,303,12.849162011173185,5.027932960893855,7.82122905027933,87.15083798882681,2.5139664804469275,84.63687150837988
E00069435,435,68,33,35,367,15,352,15.632183908045977,7.586206896551724,8.045977011494253,84.36781609195401,3.4482758620689653,80.91954022988506
E00069436,393,52,21,31,341,28,313,13.231552162849871,5.343511450381679,7.888040712468193,86.76844783715013,7.124681933842239,79.64376590330788
E00069437,479,59,18,41,420,27,393,12.31732776617954,3.7578288100208765,8.559498956158663,87.68267223382045,5.6367432150313155,82.04592901878914
E00069438,376,68,29,39,308,16,292,18.085106382978726,7.712765957446808,10.372340425531915,81.91489361702128,4.25531914893617,77.6595744680851
E00069439,561,75,30,45,486,20,466,13.368983957219251,5.347593582887701,8.0213903743315509,86.63101604278076,3.5650623885918007,83.06595365418895
E00069440,421,49,20,29,372,20,352,11.63895486935867,4.750593824228028,6.88836104513064,88.36104513064133,4.750593824228028,83.6104513064133
E00069441,443,55,26,29,388,17,371,12.415349887133182,5.8690744920993225,6.5462753950338595,87.58465011286681,3.837471783295711,83.7471783295711
E00069442,556,104,58,46,452,24,428,18.705035971223023,10.431654676258994,8.273381294964029,81.29496402877699,4.316546762589928,76.97841726618705
E00069443,511,58,30,28,453,16,437,11.350293542074363,5.870841487279844,5.47945205479452,88.64970645792563,3.131115459882583,85.51859099804305
E00069444,456,62,36,26,394,10,384,13.596491228070176,7.894736842105263,5.701754385964912,86.40350877192982,2.1929824561403506,84.21052631578947
E00069445,295,49,22,27,246,8,238,16.610169491525422,7.457627118644068,9.152542372881356,83.38983050847457,2.711864406779661,80.67796610169492
E00069446,372,44,25,19,328,10,318,11.827956989247312,6.720430107526881,5.10752688172043,88.17204301075269,2.6881720430107525,85.48387096774194
E00069447,524,55,25,30,469,31,438,10.49618320610687,4.770992366412214,5.7251908396946565,89.50381679389314,5.916030534351145,83.58778625954199
E00069448,439,102,47,55,337,31,306,23.234624145785876,10.70615034168565,12.52847380410023,76.76537585421413,7.061503416856492,69.70387243735763
E00069449,294,55,25,30,239,8,231,18.70748299319728,8.503401360544217,10.204081632653061,81.29251700680273,2.7210884353741496,78.57142857142857
E00069450,309,65,37,28,244,9,235,21.035598705501616,11.974110032362459,9.06148867313916,78.96440129449837,2.912621359223301,76.05177993527508
E00069451,333,48,21,27,285,19,266,14.414414414414415,6.306306306306306,8.108108108108109,85.58558558558559,5.7057057057057055,79.87987987987988
E00069452,278,48,24,24,230,16,214,17.26618705035971,8.633093525179856,8.633093525179856,82.73381294964028,5.755395683453238,76.97841726618705
E00069453,373,44,17,27,329,16,313,11.796246648793565,4.557640750670242,7.238605898123325,88.20375335120644,4.289544235924933,83.91420911528151
E00069456,296,70,27,43,226,24,202,23.64864864864865,9.121621621621621,14.527027027027026,76.35135135135135,8.108108108108109,68.24324324324324
E00069457,329,44,18,26,285,19,266,13.37386018237082,5.47112462006079,7.90273556231003,86.62613981762918,5.775075987841945,80.85106382978722
E00069458,419,86,47,39,333,10,323,20.52505966587112,11.217183770883054,9.307875894988067,79.47494033412887,2.386634844868735,77.08830548926015
E00069459,272,59,37,22,213,9,204,21.691176470588236,13.602941176470587,8.088235294117647,78.30882352941177,3.308823529411765,75
E00069460,370,43,20,23,327,15,312,11.621621621621623,5.405405405405405,6.216216216216217,88.37837837837837,4.054054054054054,84.32432432432432
E00069461,342,52,25,27,290,15,275,15.204678362573098,7.309941520467836,7.894736842105263,84.7953216374269,4.385964912280701,80.4093567251462
E00069462,294,47,19,28,247,11,236,15.98639455782313,6.462585034013606,9.523809523809524,84.01360544217688,3.741496598639456,80.27210884353741
E00069463,414,46,17,29,368,26,342,11.11111111111111,4.1062801932367154,7.004830917874397,88.88888888888889,6.280193236714976,82.6086956521739
E00069464,306,43,21,22,263,23,240,14.052287581699346,6.862745098039216,7.18954248366013,85.94771241830065,7.516339869281046,78.43137254901961
E00069465,381,44,21,23,337,16,321,11.548556430446194,5.511811023622047,6.036745406824147,88.4514435695538,4.199475065616798,84.25196850393701
E00069466,351,62,21,41,289,13,276,17.663817663817664,5.982905982905983,11.68091168091168,82.33618233618233,3.7037037037037033,78.63247863247864
E00069467,389,43,17,26,346,11,335,11.053984575835475,4.370179948586118,6.683804627249357,88.94601542416453,2.827763496143959,86.11825192802056
E00069468,295,38,14,24,257,13,244,12.88135593220339,4.745762711864407,8.135593220338983,87.11864406779661,4.406779661016949,82.71186440677965
E00069469,380,49,25,24,331,18,313,12.894736842105264,6.578947368421052,6.315789473684211,87.10526315789474,4.736842105263158,82.36842105263158
E00069470,432,56,24,32,376,27,349,12.962962962962962,5.555555555555555,7.4074074074074066,87.03703703703704,6.25,80.78703703703704
E00069471,313,81,41,40,232,10,222,25.878594249201274,13.099041533546327,12.779552715654951,74.12140575079871,3.1948881789137378,70.92651757188499
E00069472,179,79,43,36,100,10,90,44.134078212290504,24.022346368715084,20.11173184357542,55.865921787709496,5.58659217877095,50.27932960893855
E00069473,374,41,19,22,333,21,312,10.962566844919785,5.080213903743315,5.88235294117647,89.03743315508021,5.614973262032086,83.42245989304813
E00069474,443,60,23,37,383,15,368,13.544018058690746,5.191873589164786,8.35214446952596,86.45598194130926,3.3860045146726865,83.06997742663657
E00069475,173,50,26,24,123,16,107,28.901734104046245,15.028901734104046,13.872832369942195,71.09826589595376,9.248554913294797,61.849710982658955
E00069476,445,65,35,30,380,22,358,14.606741573033707,7.865168539325842,6.741573033707865,85.39325842696628,4.943820224719101,80.4494382022472
E00069477,371,102,64,38,269,14,255,27.49326145552561,17.25067385444744,10.242587601078167,72.50673854447439,3.7735849056603774,68.73315363881402
E00069478,283,55,29,26,228,19,209,19.434628975265017,10.247349823321555,9.187279151943462,80.56537102473497,6.713780918727916,73.85159010600707
E00069479,304,49,23,26,255,17,238,16.11842105263158,7.565789473684211,8.552631578947368,83.88157894736842,5.592105263157895,78.28947368421053
E00069480,373,69,28,41,304,20,284,18.498659517426276,7.506702412868632,10.991957104557642,81.50134048257372,5.361930294906166,76.13941018766755
E00069481,395,44,15,29,351,26,325,11.139240506329113,3.79746835443038,7.341772151898734,88.86075949367088,6.582278481012659,82.27848101265823
E00069482,519,53,11,42,466,19,447,10.211946050096339,2.119460500963391,8.092485549132949,89.78805394990366,3.6608863198458574,86.1271676300578
E00069483,561,52,24,28,509,23,486,9.269162210338681,4.27807486631016,4.991087344028521,90.73083778966132,4.09982174688057,86.63101604278076
E00069484,432,34,11,23,398,27,371,7.87037037037037,2.5462962962962963,5.324074074074074,92.12962962962963,6.25,85.87962962962963
E00069485,356,31,12,19,325,13,312,8.707865168539326,3.3707865168539324,5.337078651685393,91.29213483146067,3.651685393258427,87.64044943820225
E00069486,299,44,10,34,255,13,242,14.715719063545151,3.3444816053511706,11.37123745819398,85.28428093645485,4.3478260869565215,80.93645484949833
E00069487,339,39,13,26,300,13,287,11.504424778761061,3.8348082595870205,7.669616519174041,88.49557522123894,3.8348082595870205,84.66076696165192
E00069489,298,34,12,22,264,39,225,11.409395973154362,4.026845637583892,7.38255033557047,88.59060402684564,13.087248322147651,75.50335570469798
E00069490,375,43,19,24,332,10,322,11.466666666666667,5.066666666666666,6.4,88.53333333333333,2.666666666666667,85.86666666666667
E00069492,298,36,15,21,262,10,252,12.080536912751679,5.033557046979865,7.046979865771812,87.91946308724832,3.3557046979865772,84.56375838926175
E00069493,279,75,39,36,204,12,192,26.881720430107524,13.978494623655912,12.903225806451612,73.11827956989248,4.301075268817205,68.81720430107528
E00069494,375,35,13,22,340,9,331,9.333333333333334,3.4666666666666663,5.866666666666666,90.66666666666666,2.4,88.26666666666667
E00069495,296,37,12,25,259,11,248,12.5,4.054054054054054,8.445945945945946,87.5,3.7162162162162162,83.78378378378379
E00069496,354,32,11,21,322,16,306,9.03954802259887,3.1073446327683616,5.932203389830509,90.96045197740112,4.519774011299435,86.4406779661017
E00069497,304,40,14,26,264,14,250,13.157894736842104,4.605263157894736,8.552631578947368,86.8421052631579,4.605263157894736,82.23684210526315
E00069498,399,43,19,24,356,16,340,10.776942355889723,4.761904761904762,6.015037593984962,89.22305764411027,4.010025062656641,85.21303258145363
E00069499,341,35,9,26,306,14,292,10.263929618768328,2.6392961876832843,7.624633431085044,89.73607038123167,4.105571847507331,85.63049853372434
E00069500,365,60,15,45,305,16,289,16.43835616438356,4.10958904109589,12.32876712328767,83.56164383561644,4.383561643835616,79.17808219178082
E00069501,215,39,16,23,176,12,164,18.13953488372093,7.441860465116279,10.69767441860465,81.86046511627907,5.5813953488372094,76.27906976744187
E00069502,307,38,21,17,269,18,251,12.37785016286645,6.840390879478828,5.537459283387622,87.62214983713355,5.863192182410423,81.75895765472313
E00069503,247,72,34,38,175,14,161,29.1497975708502,13.765182186234817,15.384615384615385,70.8502024291498,5.668016194331984,65.18218623481782
E00069505,304,57,28,29,247,14,233,18.75,9.210526315789473,9.539473684210527,81.25,4.605263157894736,76.64473684210526
E00069506,355,45,19,26,310,18,292,12.676056338028168,5.352112676056338,7.323943661971831,87.32394366197182,5.070422535211268,82.25352112676056
E00069507,426,49,18,31,377,21,356,11.502347417840376,4.225352112676056,7.276995305164319,88.49765258215963,4.929577464788732,83.56807511737088
E00069508,344,36,15,21,308,22,286,10.465116279069768,4.3604651162790695,6.104651162790697,89.53488372093024,6.395348837209303,83.13953488372093
E00069509,223,34,14,20,189,15,174,15.246636771300448,6.278026905829597,8.968609865470851,84.75336322869956,6.726457399103139,78.02690582959642
E00069510,447,41,11,30,406,14,392,9.172259507829978,2.460850111856823,6.7114093959731544,90.82774049217002,3.131991051454139,87.69574944071589
E00069511,416,77,32,45,339,23,316,18.509615384615387,7.6923076923076925,10.817307692307693,81.49038461538461,5.528846153846153,75.96153846153845
E00069512,406,55,16,39,351,23,328,13.546798029556651,3.9408866995073892,9.60591133004926,86.45320197044335,5.665024630541872,80.78817733990148
E00069513,293,64,30,34,229,15,214,21.843003412969285,10.238907849829351,11.604095563139932,78.15699658703072,5.1194539249146755,73.03754266211604
E00069514,330,49,28,21,281,18,263,14.84848484848485,8.484848484848486,6.363636363636363,85.15151515151516,5.454545454545454,79.6969696969697
E00069515,290,25,5,20,265,15,250,8.620689655172415,1.7241379310344827,6.896551724137931,91.37931034482759,5.172413793103448,86.20689655172413
E00069516,452,88,46,42,364,32,332,19.469026548672566,10.176991150442479,9.29203539823009,80.53097345132744,7.079646017699115,73.45132743362832
E00069517,327,36,11,25,291,23,268,11.009174311926607,3.3639143730886847,7.64525993883792,88.9908256880734,7.033639143730887,81.9571865443425
E00069518,293,38,14,24,255,16,239,12.969283276450511,4.778156996587031,8.19112627986348,87.03071672354949,5.460750853242321,81.56996587030717
E00069519,368,43,18,25,325,22,303,11.684782608695652,4.891304347826087,6.7934782608695645,88.31521739130434,5.978260869565218,82.33695652173914
E00069520,417,89,34,55,328,28,300,21.34292565947242,8.15347721822542,13.189448441247004,78.65707434052757,6.71462829736211,71.94244604316546
E00069521,363,48,22,26,315,22,293,13.223140495867769,6.0606060606060606,7.162534435261708,86.77685950413223,6.0606060606060606,80.71625344352617
E00069522,302,92,44,48,210,18,192,30.4635761589404,14.56953642384106,15.894039735099339,69.5364238410596,5.960264900662252,63.576158940397356
E00069523,349,54,21,33,295,31,264,15.472779369627506,6.017191977077363,9.455587392550143,84.5272206303725,8.882521489971348,75.64469914040114
E00069524,376,61,13,48,315,28,287,16.22340425531915,3.4574468085106385,12.76595744680851,83.77659574468085,7.446808510638298,76.32978723404256
E00069525,350,48,14,34,302,24,278,13.714285714285715,4,9.714285714285714,86.28571428571429,6.857142857142858,79.42857142857143
E00069526,280,53,24,29,227,15,212,18.928571428571427,8.571428571428571,10.357142857142858,81.07142857142857,5.357142857142857,75.71428571428571
E00069527,297,40,14,26,257,24,233,13.468013468013467,4.713804713804714,8.754208754208754,86.53198653198653,8.080808080808081,78.45117845117845
E00069528,262,42,13,29,220,14,206,16.030534351145036,4.961832061068702,11.068702290076336,83.96946564885496,5.343511450381679,78.62595419847328
E00069529,296,73,36,37,223,14,209,24.66216216216216,12.162162162162163,12.5,75.33783783783784,4.72972972972973,70.6081081081081
E00069530,315,41,23,18,274,24,250,13.015873015873018,7.301587301587302,5.714285714285714,86.98412698412699,7.6190476190476195,79.36507936507937
E00069531,323,37,14,23,286,20,266,11.455108359133128,4.3343653250774,7.120743034055728,88.54489164086688,6.191950464396285,82.35294117647058
E00069532,234,41,19,22,193,10,183,17.52136752136752,8.11965811965812,9.401709401709402,82.47863247863248,4.273504273504273,78.2051282051282
E00069533,319,55,23,32,264,14,250,17.24137931034483,7.210031347962382,10.031347962382444,82.75862068965517,4.38871473354232,78.36990595611285
E00069534,238,36,17,19,202,12,190,15.126050420168067,7.142857142857142,7.9831932773109235,84.87394957983193,5.042016806722689,79.83193277310924
E00069535,333,36,17,19,297,28,269,10.81081081081081,5.105105105105105,5.7057057057057055,89.1891891891892,8.408408408408409,80.78078078078079
E00069536,404,86,46,40,318,31,287,21.287128712871286,11.386138613861387,9.900990099009901,78.71287128712872,7.673267326732673,71.03960396039604
E00069537,290,36,9,27,254,32,222,12.413793103448276,3.103448275862069,9.310344827586208,87.58620689655172,11.03448275862069,76.55172413793103
E00069538,291,42,12,30,249,25,224,14.432989690721648,4.123711340206185,10.309278350515463,85.56701030927834,8.59106529209622,76.97594501718214
E00069539,275,36,10,26,239,19,220,13.090909090909092,3.6363636363636362,9.454545454545455,86.9090909090909,6.909090909090909,80
E00069540,359,91,61,30,268,30,238,25.348189415041784,16.991643454038996,8.356545961002785,74.65181058495823,8.356545961002785,66.29526462395543
E00069541,304,40,20,20,264,32,232,13.157894736842104,6.578947368421052,6.578947368421052,86.8421052631579,10.526315789473683,76.31578947368422
E00069542,270,48,16,32,222,14,208,17.77777777777778,5.9259259259259265,11.851851851851853,82.22222222222221,5.185185185185185,77.03703703703704
E00069543,247,29,14,15,218,23,195,11.740890688259109,5.668016194331984,6.0728744939271255,88.25910931174089,9.31174089068826,78.94736842105263
E00069544,345,45,18,27,300,37,263,13.043478260869565,5.217391304347826,7.82608695652174,86.95652173913044,10.72463768115942,76.23188405797102
E00069545,311,40,21,19,271,33,238,12.861736334405144,6.752411575562702,6.109324758842444,87.13826366559485,10.610932475884244,76.52733118971061
E00069546,292,49,19,30,243,28,215,16.78082191780822,6.506849315068493,10.273972602739725,83.21917808219177,9.58904109589041,73.63013698630137
E00165824,268,108,55,53,160,5,155,40.298507462686565,20.522388059701495,19.776119402985074,59.70149253731343,1.8656716417910446,57.83582089552238
E00165826,262,36,12,24,226,15,211,13.740458015267176,4.580152671755725,9.16030534351145,86.25954198473282,5.7251908396946565,80.53435114503816
E00165827,356,54,19,35,302,24,278,15.168539325842698,5.337078651685393,9.831460674157304,84.8314606741573,6.741573033707865,78.08988764044943
E00165830,367,81,39,42,286,13,273,22.070844686648503,10.626702997275205,11.444141689373296,77.9291553133515,3.5422343324250685,74.38692098092643
E00168083,245,40,13,27,205,20,185,16.3265306122449,5.3061224489795915,11.020408163265307,83.6734693877551,8.16326530612245,75.51020408163265
E00168087,288,9,1,8,279,22,257,3.125,0.3472222222222222,2.7777777777777777,96.875,7.638888888888889,89.23611111111111
E00168090,310,56,17,39,254,21,233,18.064516129032256,5.483870967741936,12.580645161290322,81.93548387096774,6.774193548387098,75.16129032258064
E00168091,416,54,21,33,362,26,336,12.980769230769232,5.048076923076923,7.9326923076923075,87.01923076923077,6.25,80.76923076923077
E00168093,441,69,23,46,372,42,330,15.646258503401361,5.215419501133787,10.430839002267573,84.35374149659864,9.523809523809524,74.82993197278913
E00168094,209,28,7,21,181,15,166,13.397129186602871,3.349282296650718,10.047846889952153,86.60287081339713,7.177033492822966,79.42583732057416
E00168096,586,54,9,45,532,40,492,9.215017064846416,1.5358361774744027,7.679180887372014,90.78498293515358,6.825938566552901,83.95904436860067
E00168097,273,26,13,13,247,8,239,9.523809523809524,4.761904761904762,4.761904761904762,90.47619047619048,2.93040293040293,87.54578754578755
E00168099,183,37,21,16,146,10,136,20.21857923497268,11.475409836065573,8.743169398907105,79.78142076502732,5.46448087431694,74.31693989071039
E00168101,196,43,19,24,153,13,140,21.93877551020408,9.693877551020408,12.244897959183673,78.06122448979592,6.63265306122449,71.42857142857143
E00168102,285,35,12,23,250,18,232,12.280701754385964,4.2105263157894735,8.070175438596491,87.71929824561403,6.315789473684211,81.40350877192982
E00168104,377,58,36,22,319,13,306,15.384615384615385,9.549071618037134,5.835543766578249,84.61538461538461,3.4482758620689653,81.16710875331566
E00168105,356,35,16,19,321,15,306,9.831460674157304,4.49438202247191,5.337078651685393,90.1685393258427,4.213483146067416,85.95505617977528
E00168107,136,21,7,14,115,0,115,15.441176470588236,5.147058823529411,10.294117647058822,84.55882352941177,0,84.55882352941177
E00168108,416,40,23,17,376,17,359,9.615384615384617,5.528846153846153,4.086538461538462,90.38461538461539,4.086538461538462,86.29807692307693
E00168110,458,35,19,16,423,11,412,7.641921397379912,4.148471615720524,3.4934497816593884,92.35807860262008,2.4017467248908297,89.95633187772926
E00169037,346,36,24,12,310,14,296,10.404624277456648,6.9364161849710975,3.4682080924855487,89.59537572254335,4.046242774566474,85.54913294797689
E00169038,358,28,8,20,330,8,322,7.82122905027933,2.2346368715083798,5.58659217877095,92.17877094972067,2.2346368715083798,89.94413407821229
E00169040,454,84,34,50,370,18,352,18.502202643171806,7.488986784140969,11.013215859030836,81.4977973568282,3.9647577092511015,77.5330396475771
E00169041,182,26,13,13,156,10,146,14.285714285714285,7.142857142857142,7.142857142857142,85.71428571428571,5.4945054945054945,80.21978021978022
E00169043,409,49,9,40,360,26,334,11.98044009779951,2.2004889975550124,9.7799511002445,88.01955990220048,6.356968215158925,81.66259168704157
E00169044,338,37,14,23,301,10,291,10.946745562130179,4.142011834319527,6.8047337278106506,89.05325443786982,2.9585798816568047,86.09467455621301
E00169046,401,46,19,27,355,6,349,11.471321695760599,4.738154613466334,6.733167082294264,88.5286783042394,1.4962593516209477,87.03241895261846
E00169048,445,49,27,22,396,12,384,11.01123595505618,6.067415730337078,4.943820224719101,88.98876404494382,2.696629213483146,86.29213483146067
E00169049,372,48,15,33,324,10,314,12.903225806451612,4.032258064516129,8.870967741935484,87.09677419354838,2.6881720430107525,84.40860215053763
E00169051,322,40,17,23,282,20,262,12.422360248447205,5.279503105590062,7.142857142857142,87.5776397515528,6.211180124223603,81.36645962732919
E00169052,315,30,7,23,285,11,274,9.523809523809524,2.2222222222222223,7.301587301587302,90.47619047619048,3.492063492063492,86.98412698412699
E00169054,395,46,25,21,349,12,337,11.645569620253164,6.329113924050633,5.3164556962025316,88.35443037974684,3.0379746835443036,85.31645569620252
E00169055,336,50,31,19,286,10,276,14.880952380952381,9.226190476190476,5.654761904761905,85.11904761904762,2.976190476190476,82.14285714285714
E00169057,397,62,33,29,335,21,314,15.617128463476071,8.312342569269521,7.304785894206549,84.38287153652394,5.289672544080604,79.09319899244332
E00169060,504,73,36,37,431,25,406,14.484126984126986,7.142857142857142,7.341269841269842,85.51587301587301,4.9603174603174605,80.55555555555556
E00169062,336,31,12,19,305,15,290,9.226190476190476,3.571428571428571,5.654761904761905,90.77380952380952,4.464285714285714,86.30952380952381
E00169063,392,50,25,25,342,13,329,12.755102040816327,6.377551020408164,6.377551020408164,87.24489795918367,3.316326530612245,83.92857142857143
E00169065,307,40,19,21,267,5,262,13.029315960912053,6.188925081433225,6.840390879478828,86.97068403908796,1.6286644951140066,85.34201954397395
E00169444,386,74,32,42,312,25,287,19.170984455958546,8.290155440414509,10.880829015544041,80.82901554404145,6.476683937823833,74.35233160621762
E00169446,614,57,10,47,557,45,512,9.283387622149837,1.6286644951140066,7.654723127035831,90.71661237785015,7.32899022801303,83.38762214983714
E00169447,201,34,8,26,167,15,152,16.91542288557214,3.9800995024875623,12.935323383084576,83.08457711442786,7.462686567164178,75.62189054726367
E00169449,457,63,33,30,394,7,387,13.785557986870897,7.2210065645514225,6.564551422319474,86.2144420131291,1.5317286652078774,84.68271334792122
E00169450,462,149,67,82,313,34,279,32.25108225108225,14.502164502164502,17.74891774891775,67.74891774891775,7.35930735930736,60.3896103896104
E00169452,377,54,17,37,323,13,310,14.323607427055704,4.509283819628647,9.814323607427056,85.6763925729443,3.4482758620689653,82.22811671087533
E00169457,288,28,3,25,260,21,239,9.722222222222223,1.0416666666666665,8.680555555555555,90.27777777777779,7.291666666666667,82.98611111111111
E00169461,310,24,4,20,286,20,266,7.741935483870968,1.2903225806451613,6.451612903225806,92.25806451612904,6.451612903225806,85.80645161290322
E00169464,501,43,22,21,458,9,449,8.582834331337326,4.39121756487026,4.191616766467066,91.41716566866268,1.7964071856287425,89.62075848303394
E00169467,600,118,56,62,482,24,458,19.666666666666664,9.333333333333334,10.333333333333334,80.33333333333333,4,76.33333333333333
E00169469,290,34,13,21,256,15,241,11.724137931034482,4.482758620689655,7.241379310344828,88.27586206896552,5.172413793103448,83.10344827586206
E00169471,365,74,40,34,291,15,276,20.273972602739725,10.95890410958904,9.315068493150685,79.72602739726027,4.10958904109589,75.61643835616438
E00169472,172,37,11,26,135,13,122,21.511627906976745,6.395348837209303,15.11627906976744,78.48837209302324,7.55813953488372,70.93023255813954
E00169474,375,44,21,23,331,14,317,11.733333333333333,5.6000000000000005,6.133333333333333,88.26666666666667,3.733333333333334,84.53333333333333
E00169475,403,40,18,22,363,15,348,9.925558312655088,4.466501240694789,5.459057071960298,90.07444168734492,3.722084367245657,86.35235732009926
E00169477,387,68,39,29,319,7,312,17.571059431524546,10.077519379844961,7.493540051679587,82.42894056847545,1.8087855297157622,80.62015503875969
E00169478,375,57,34,23,318,9,309,15.2,9.066666666666666,6.133333333333333,84.8,2.4,82.39999999999999
E00169485,226,30,17,13,196,7,189,13.274336283185843,7.52212389380531,5.752212389380531,86.72566371681415,3.0973451327433628,83.6283185840708
E00169489,241,26,6,20,215,12,203,10.78838174273859,2.4896265560165975,8.29875518672199,89.21161825726142,4.979253112033195,84.23236514522821
E00169492,438,31,16,15,407,14,393,7.077625570776255,3.65296803652968,3.4246575342465753,92.92237442922374,3.1963470319634704,89.72602739726028
E00169494,545,50,18,32,495,21,474,9.174311926605505,3.302752293577982,5.871559633027523,90.82568807339449,3.853211009174312,86.97247706422019
E00169495,203,36,14,22,167,9,158,17.733990147783253,6.896551724137931,10.83743842364532,82.26600985221675,4.433497536945813,77.83251231527095
E00169497,527,57,30,27,470,29,441,10.815939278937382,5.692599620493358,5.1233396584440225,89.18406072106262,5.502846299810247,83.68121442125236
E00169499,257,18,0,18,239,10,229,7.003891050583658,0,7.003891050583658,92.99610894941634,3.8910505836575875,89.10505836575877
E00169500,208,30,3,27,178,7,171,14.423076923076922,1.4423076923076923,12.980769230769232,85.57692307692307,3.3653846153846154,82.21153846153845
E00169505,373,61,14,47,312,32,280,16.353887399463808,3.753351206434316,12.600536193029491,83.6461126005362,8.579088471849866,75.06702412868633
E00169506,580,51,21,30,529,12,517,8.793103448275861,3.620689655172414,5.172413793103448,91.20689655172414,2.0689655172413794,89.13793103448275
E00169508,475,84,35,49,391,27,364,17.684210526315788,7.368421052631578,10.31578947368421,82.3157894736842,5.684210526315789,76.63157894736841
E00169509,306,33,10,23,273,16,257,10.784313725490197,3.2679738562091507,7.516339869281046,89.2156862745098,5.228758169934641,83.98692810457517
E00169511,213,33,13,20,180,6,174,15.492957746478872,6.103286384976526,9.389671361502346,84.50704225352112,2.8169014084507045,81.69014084507043
E00169513,281,40,15,25,241,18,223,14.23487544483986,5.338078291814947,8.896797153024911,85.76512455516014,6.405693950177936,79.35943060498221
E00169516,408,53,26,27,355,8,347,12.990196078431374,6.372549019607843,6.61764705882353,87.00980392156863,1.9607843137254901,85.04901960784314
E00169517,199,28,15,13,171,3,168,14.07035175879397,7.537688442211055,6.532663316582915,85.92964824120602,1.507537688442211,84.42211055276381
E00169519,212,36,9,27,176,5,171,16.9811320754717,4.245283018867925,12.735849056603774,83.01886792452831,2.358490566037736,80.66037735849056
E00169520,485,59,29,30,426,5,421,12.164948453608247,5.979381443298969,6.185567010309279,87.83505154639175,1.0309278350515463,86.80412371134021
E00169522,407,39,23,16,368,13,355,9.582309582309582,5.651105651105651,3.9312039312039313,90.41769041769042,3.194103194103194,87.22358722358723
E00169523,372,49,25,24,323,19,304,13.172043010752688,6.720430107526881,6.451612903225806,86.82795698924731,5.10752688172043,81.72043010752688
E00169525,267,28,9,19,239,3,236,10.486891385767791,3.3707865168539324,7.116104868913857,89.51310861423221,1.1235955056179776,88.38951310861424
E00169530,117,17,5,12,100,6,94,14.529914529914532,4.273504273504273,10.256410256410255,85.47008547008546,5.128205128205128,80.34188034188034
E00169531,299,46,21,25,253,10,243,15.384615384615385,7.023411371237458,8.361204013377927,84.61538461538461,3.3444816053511706,81.27090301003345
E00169533,368,55,7,48,313,42,271,14.945652173913043,1.9021739130434785,13.043478260869565,85.05434782608695,11.41304347826087,73.6413043478261
E00169534,163,47,24,23,116,10,106,28.834355828220858,14.723926380368098,14.11042944785276,71.16564417177914,6.134969325153374,65.03067484662577
E00169536,302,49,18,31,253,16,237,16.225165562913908,5.960264900662252,10.264900662251655,83.77483443708608,5.298013245033113,78.47682119205298
E00169537,338,45,18,27,293,14,279,13.313609467455622,5.325443786982249,7.988165680473373,86.68639053254438,4.142011834319527,82.54437869822485
E00169539,480,87,53,34,393,16,377,18.125,11.041666666666666,7.083333333333333,81.875,3.3333333333333335,78.54166666666667
E00169541,410,50,21,29,360,18,342,12.195121951219512,5.121951219512195,7.073170731707316,87.8048780487805,4.390243902439024,83.41463414634146
E00169542,314,25,3,22,289,15,274,7.961783439490445,0.9554140127388535,7.006369426751593,92.03821656050955,4.777070063694268,87.26114649681529
E00169544,404,51,19,32,353,29,324,12.623762376237623,4.702970297029703,7.920792079207921,87.37623762376238,7.1782178217821775,80.19801980198021
E00169545,249,31,13,18,218,17,201,12.449799196787147,5.220883534136546,7.228915662650602,87.55020080321285,6.827309236947792,80.72289156626506
E00169548,161,37,24,13,124,6,118,22.981366459627328,14.906832298136646,8.074534161490684,77.01863354037268,3.7267080745341614,73.29192546583852
E00169550,204,11,0,11,193,14,179,5.392156862745098,0,5.392156862745098,94.6078431372549,6.862745098039216,87.74509803921569
E00169551,256,26,7,19,230,21,209,10.15625,2.734375,7.421875,89.84375,8.203125,81.640625
E00169553,531,78,8,70,453,39,414,14.689265536723164,1.5065913370998116,13.182674199623351,85.31073446327684,7.344632768361582,77.96610169491525
E00169555,373,37,9,28,336,21,315,9.919571045576408,2.4128686327077746,7.506702412868632,90.0804289544236,5.630026809651475,84.45040214477211
E00169556,430,47,16,31,383,19,364,10.930232558139535,3.7209302325581395,7.209302325581396,89.06976744186046,4.4186046511627906,84.65116279069768
E00169558,498,55,32,23,443,14,429,11.04417670682731,6.425702811244979,4.618473895582329,88.95582329317268,2.8112449799196786,86.14457831325302
E00169559,396,45,16,29,351,12,339,11.363636363636363,4.040404040404041,7.3232323232323235,88.63636363636364,3.0303030303030303,85.60606060606061
E00169561,424,51,25,26,373,9,364,12.028301886792454,5.89622641509434,6.132075471698113,87.97169811320755,2.1226415094339623,85.84905660377359
E00169562,397,42,16,26,355,15,340,10.579345088161208,4.030226700251889,6.54911838790932,89.4206549118388,3.7783375314861463,85.64231738035264
E00169564,171,18,3,15,153,11,142,10.526315789473683,1.7543859649122806,8.771929824561402,89.47368421052632,6.432748538011696,83.04093567251462
E00169565,193,51,21,30,142,6,136,26.42487046632124,10.880829015544041,15.544041450777202,73.57512953367875,3.1088082901554404,70.46632124352331
E00169569,363,48,21,27,315,20,295,13.223140495867769,5.785123966942149,7.43801652892562,86.77685950413223,5.5096418732782375,81.26721763085399
E00169573,512,62,32,30,450,11,439,12.109375,6.25,5.859375,87.890625,2.1484375,85.7421875
E00178460,246,31,10,21,215,10,205,12.601626016260163,4.0650406504065035,8.536585365853659,87.39837398373984,4.0650406504065035,83.33333333333334
E00178461,420,75,41,34,345,11,334,17.857142857142858,9.761904761904763,8.095238095238095,82.14285714285714,2.619047619047619,79.52380952380952
E00178464,253,27,8,19,226,22,204,10.67193675889328,3.1620553359683794,7.5098814229249005,89.32806324110672,8.695652173913043,80.63241106719367
E00178465,188,43,15,28,145,14,131,22.872340425531913,7.9787234042553195,14.893617021276595,77.12765957446808,7.446808510638298,69.68085106382979
E00178466,847,138,34,104,709,50,659,16.292798110979927,4.014167650531287,12.278630460448642,83.70720188902007,5.90318772136954,77.80401416765052
E00178469,467,51,19,32,416,26,390,10.920770877944326,4.068522483940043,6.852248394004283,89.07922912205566,5.567451820128479,83.5117773019272
E00178471,373,64,35,29,309,13,296,17.158176943699733,9.383378016085791,7.774798927613941,82.84182305630027,3.485254691689008,79.35656836461126
E00178473,325,28,12,16,297,13,284,8.615384615384615,3.6923076923076925,4.923076923076923,91.38461538461539,4,87.38461538461539
E00178474,473,30,13,17,443,11,432,6.342494714587738,2.748414376321353,3.5940803382663846,93.65750528541226,2.3255813953488373,91.33192389006342
E00178476,383,29,16,13,354,11,343,7.5718015665796345,4.177545691906006,3.3942558746736298,92.42819843342036,2.8720626631853787,89.55613577023499
E00178477,277,16,7,9,261,0,261,5.776173285198556,2.527075812274368,3.2490974729241873,94.22382671480143,0,94.22382671480143
E00178481,318,41,20,21,277,19,258,12.89308176100629,6.289308176100629,6.60377358490566,87.10691823899371,5.9748427672955975,81.13207547169812
E00178485,360,26,12,14,334,9,325,7.222222222222221,3.3333333333333335,3.888888888888889,92.77777777777779,2.5,90.27777777777779
E00178487,513,85,45,40,428,13,415,16.569200779727094,8.771929824561402,7.797270955165692,83.4307992202729,2.53411306042885,80.89668615984405
E00178488,685,81,17,64,604,38,566,11.824817518248175,2.4817518248175183,9.343065693430656,88.17518248175182,5.547445255474453,82.62773722627738
E00178489,201,16,8,8,185,10,175,7.960199004975125,3.9800995024875623,3.9800995024875623,92.03980099502488,4.975124378109453,87.06467661691542
E00178491,417,46,20,26,371,11,360,11.031175059952037,4.796163069544365,6.235011990407674,88.96882494004797,2.6378896882494005,86.33093525179856
E00178494,215,21,6,15,194,5,189,9.767441860465116,2.7906976744186047,6.976744186046512,90.23255813953487,2.3255813953488373,87.90697674418605
E00178495,847,116,30,86,731,56,675,13.695395513577333,3.541912632821724,10.15348288075561,86.30460448642266,6.6115702479338845,79.69303423848878
E00178498,357,30,8,22,327,18,309,8.403361344537815,2.2408963585434174,6.162464985994398,91.59663865546219,5.042016806722689,86.5546218487395
E00178501,387,22,11,11,365,0,365,5.684754521963824,2.842377260981912,2.842377260981912,94.31524547803618,0,94.31524547803618
E00178502,301,35,20,15,266,12,254,11.627906976744185,6.64451827242525,4.983388704318937,88.37209302325581,3.9867109634551494,84.38538205980066
E00178504,437,34,9,25,403,21,382,7.780320366132723,2.059496567505721,5.720823798627003,92.21967963386729,4.805491990846682,87.4141876430206
E00178505,123,18,6,12,105,8,97,14.634146341463413,4.878048780487805,9.75609756097561,85.36585365853658,6.504065040650407,78.86178861788618
E00178506,542,78,20,58,464,31,433,14.391143911439114,3.6900369003690034,10.70110701107011,85.60885608856088,5.719557195571956,79.88929889298892
E00178507,374,56,26,30,318,17,301,14.973262032085561,6.951871657754011,8.0213903743315509,85.02673796791443,4.545454545454546,80.4812834224599
E00178508,278,18,7,11,260,11,249,6.474820143884892,2.5179856115107913,3.9568345323741005,93.5251798561151,3.9568345323741005,89.568345323741
E00178509,196,5,5,0,191,4,187,2.5510204081632653,2.5510204081632653,0,97.44897959183673,2.0408163265306123,95.40816326530613
E00178510,230,25,10,15,205,1,204,10.869565217391305,4.3478260869565215,6.521739130434782,89.13043478260869,0.43478260869565216,88.69565217391305
E00178511,442,73,29,44,369,28,341,16.515837104072396,6.561085972850679,9.95475113122172,83.48416289592761,6.334841628959276,77.14932126696833
E00178512,123,21,6,15,102,3,99,17.073170731707318,4.878048780487805,12.195121951219512,82.92682926829268,2.4390243902439024,80.48780487804879
E00178513,250,40,11,29,210,14,196,16,4.3999999999999995,11.600000000000001,84,5.6000000000000005,78.4
E00178516,267,48,9,39,219,16,203,17.97752808988764,3.3707865168539324,14.606741573033707,82.02247191011236,5.992509363295881,76.02996254681648
E00178517,211,23,8,15,188,6,182,10.90047393364929,3.7914691943127963,7.109004739336493,89.0995260663507,2.843601895734597,86.25592417061611
E00178519,561,22,9,13,539,13,526,3.9215686274509802,1.6042780748663104,2.3172905525846703,96.07843137254902,2.3172905525846703,93.76114081996435
E00178524,441,45,19,26,396,11,385,10.204081632653061,4.308390022675737,5.895691609977324,89.79591836734694,2.494331065759637,87.3015873015873
E00178528,176,32,14,18,144,7,137,18.181818181818183,7.954545454545454,10.227272727272728,81.81818181818183,3.977272727272727,77.8409090909091
E00178529,163,25,11,14,138,13,125,15.337423312883436,6.748466257668712,8.588957055214724,84.66257668711657,7.975460122699387,76.68711656441718
E00178531,457,66,35,31,391,19,372,14.442013129102845,7.658643326039387,6.783369803063458,85.55798687089715,4.157549234135667,81.4004376367615
E00178532,181,39,17,22,142,17,125,21.54696132596685,9.392265193370166,12.154696132596685,78.45303867403315,9.392265193370166,69.06077348066299
E00178533,470,34,8,26,436,8,428,7.234042553191489,1.702127659574468,5.531914893617021,92.76595744680851,1.702127659574468,91.06382978723404
E00178534,534,33,15,18,501,19,482,6.179775280898876,2.8089887640449436,3.3707865168539324,93.82022471910112,3.5580524344569286,90.2621722846442
E00178536,266,17,7,10,249,0,249,6.390977443609022,2.631578947368421,3.7593984962406015,93.60902255639097,0,93.60902255639097
E00178537,940,112,20,92,828,50,778,11.914893617021278,2.127659574468085,9.787234042553191,88.08510638297872,5.319148936170213,82.76595744680851
E00178538,184,16,10,6,168,2,166,8.695652173913043,5.434782608695652,3.260869565217391,91.30434782608695,1.0869565217391304,90.21739130434783
E00178540,381,23,4,19,358,22,336,6.036745406824147,1.0498687664041995,4.986876640419948,93.96325459317585,5.774278215223097,88.18897637795276
E00178542,569,64,33,31,505,11,494,11.247803163444638,5.799648506151142,5.448154657293498,88.75219683655537,1.9332161687170473,86.8189806678383
E00178545,158,21,9,12,137,6,131,13.291139240506327,5.69620253164557,7.59493670886076,86.70886075949366,3.79746835443038,82.91139240506328
E00178551,308,36,22,14,272,7,265,11.688311688311687,7.142857142857142,4.545454545454546,88.31168831168831,2.272727272727273,86.03896103896103
E00178552,573,61,9,52,512,32,480,10.645724258289704,1.5706806282722512,9.07504363001745,89.3542757417103,5.5846422338568935,83.7696335078534
E00178557,354,34,13,21,320,8,312,9.6045197740113,3.672316384180791,5.932203389830509,90.3954802259887,2.2598870056497176,88.13559322033898
E00178559,561,39,18,21,522,20,502,6.951871657754011,3.2085561497326207,3.7433155080213902,93.04812834224599,3.5650623885918007,89.48306595365419
E00178560,301,27,9,18,274,5,269,8.970099667774086,2.990033222591362,5.980066445182724,91.0299003322259,1.6611295681063125,89.3687707641196
E00178563,346,30,18,12,316,7,309,8.670520231213873,5.202312138728324,3.4682080924855487,91.32947976878613,2.023121387283237,89.30635838150289
E00178564,444,67,19,48,377,14,363,15.090090090090092,4.2792792792792795,10.81081081081081,84.90990990990991,3.153153153153153,81.75675675675676
E00178566,356,65,31,34,291,17,274,18.258426966292134,8.707865168539326,9.550561797752808,81.74157303370787,4.775280898876404,76.96629213483146
E00178567,465,63,34,29,402,15,387,13.548387096774196,7.311827956989248,6.236559139784946,86.45161290322581,3.225806451612903,83.22580645161291
E00178568,358,30,17,13,328,6,322,8.379888268156424,4.748603351955307,3.6312849162011176,91.62011173184358,1.675977653631285,89.94413407821229
E00178569,254,28,7,21,226,21,205,11.023622047244094,2.7559055118110236,8.267716535433072,88.9763779527559,8.267716535433072,80.70866141732283
E00178570,621,135,72,63,486,21,465,21.73913043478261,11.594202898550725,10.144927536231885,78.26086956521739,3.3816425120772946,74.8792270531401
E00178571,286,64,36,28,222,10,212,22.377622377622377,12.587412587412588,9.79020979020979,77.62237762237763,3.4965034965034967,74.12587412587412
E00178572,98,18,3,15,80,8,72,18.367346938775512,3.061224489795918,15.306122448979592,81.63265306122449,8.16326530612245,73.46938775510205
E00178573,416,48,22,26,368,10,358,11.538461538461538,5.288461538461538,6.25,88.46153846153845,2.403846153846154,86.0576923076923
E00178575,390,37,6,31,353,27,326,9.487179487179487,1.5384615384615385,7.948717948717948,90.51282051282051,6.923076923076923,83.58974358974359
E00178578,617,37,16,21,580,18,562,5.9967585089141,2.593192868719611,3.403565640194489,94.0032414910859,2.9173419773095626,91.08589951377634
E00178579,392,67,36,31,325,15,310,17.091836734693878,9.183673469387756,7.908163265306123,82.90816326530613,3.826530612244898,79.08163265306123
E00178580,424,40,18,22,384,14,370,9.433962264150944,4.245283018867925,5.188679245283019,90.56603773584906,3.30188679245283,87.26415094339622
E00178582,246,52,30,22,194,7,187,21.138211382113823,12.195121951219512,8.94308943089431,78.86178861788618,2.8455284552845526,76.01626016260163
E00178583,186,34,15,19,152,7,145,18.27956989247312,8.064516129032258,10.21505376344086,81.72043010752688,3.763440860215054,77.95698924731182
E00178586,533,36,17,19,497,7,490,6.75422138836773,3.189493433395872,3.564727954971857,93.24577861163228,1.3133208255159476,91.93245778611632
E00178587,289,40,18,22,249,10,239,13.84083044982699,6.228373702422145,7.612456747404845,86.159169550173,3.4602076124567476,82.69896193771626
E00178588,351,59,24,35,292,21,271,16.80911680911681,6.837606837606838,9.971509971509972,83.1908831908832,5.982905982905983,77.20797720797721
E00178589,289,52,31,21,237,17,220,17.99307958477509,10.726643598615917,7.26643598615917,82.00692041522491,5.88235294117647,76.12456747404845
E00178591,107,20,9,11,87,5,82,18.69158878504673,8.411214953271028,10.2803738317757,81.30841121495327,4.672897196261682,76.63551401869158
E00178592,243,23,8,15,220,7,213,9.465020576131687,3.292181069958848,6.172839506172839,90.53497942386831,2.880658436213992,87.65432098765432
E00178595,227,34,14,20,193,16,177,14.977973568281937,6.167400881057269,8.81057268722467,85.02202643171806,7.048458149779736,77.97356828193833
E00178600,134,16,6,10,118,10,108,11.940298507462686,4.477611940298507,7.462686567164178,88.05970149253731,7.462686567164178,80.59701492537313
E00178601,183,24,12,12,159,6,153,13.114754098360656,6.557377049180328,6.557377049180328,86.88524590163934,3.278688524590164,83.60655737704919
E00178602,842,103,37,66,739,41,698,12.232779097387175,4.394299287410926,7.8384798099762465,87.76722090261283,4.86935866983373,82.89786223277909
E00178604,416,39,25,14,377,5,372,9.375,6.009615384615385,3.3653846153846154,90.625,1.201923076923077,89.42307692307693
E00178607,379,43,22,21,336,11,325,11.345646437994723,5.804749340369393,5.540897097625329,88.65435356200527,2.9023746701846966,85.75197889182058
E00178608,293,19,7,12,274,8,266,6.484641638225256,2.3890784982935154,4.09556313993174,93.51535836177474,2.7303754266211606,90.78498293515358
E00178612,253,33,16,17,220,10,210,13.043478260869565,6.324110671936759,6.719367588932807,86.95652173913044,3.9525691699604746,83.00395256916995
E00178614,297,45,25,20,252,16,236,15.151515151515152,8.417508417508419,6.7340067340067336,84.84848484848484,5.387205387205387,79.46127946127946
E00178615,410,38,15,23,372,23,349,9.268292682926829,3.6585365853658534,5.609756097560976,90.73170731707317,5.609756097560976,85.1219512195122
E00178616,187,19,5,14,168,9,159,10.16042780748663,2.6737967914438503,7.4866310160427805,89.83957219251337,4.81283422459893,85.02673796791443
E00178620,290,103,62,41,187,15,172,35.51724137931034,21.379310344827587,14.13793103448276,64.48275862068965,5.172413793103448,59.310344827586206
E00178623,1122,134,17,117,988,106,882,11.942959001782532,1.5151515151515151,10.427807486631016,88.05704099821747,9.44741532976827,78.6096256684492
E00178624,405,50,22,28,355,15,340,12.345679012345679,5.432098765432099,6.91358024691358,87.65432098765432,3.7037037037037033,83.9506172839506
E00178626,305,58,33,25,247,14,233,19.01639344262295,10.819672131147541,8.19672131147541,80.98360655737706,4.590163934426229,76.39344262295083
E00178627,264,56,33,23,208,12,196,21.21212121212121,12.5,8.712121212121213,78.78787878787878,4.545454545454546,74.24242424242425
E00178628,294,20,5,15,274,8,266,6.802721088435375,1.7006802721088436,5.1020408163265305,93.19727891156462,2.7210884353741496,90.47619047619048
E00178630,567,66,27,39,501,29,472,11.64021164021164,4.761904761904762,6.878306878306878,88.35978835978835,5.114638447971781,83.24514991181657
E00178632,310,31,12,19,279,6,273,10,3.870967741935484,6.129032258064516,90,1.935483870967742,88.06451612903226
E00178635,2494,268,24,244,2226,168,2058,10.7457898957498,0.9623095429029671,9.783480352846832,89.25421010425019,6.7361668003207695,82.51804330392943
