OA,ts0590001,ts0590002,ts0590003,ts0590004,ts0590005,ts0590006,ts0590007,ts0590002_PCT,ts0590003_PCT,ts0590004_PCT,ts0590005_PCT,ts0590006_PCT,ts0590007_PCT
E00117973,186,62,30,32,124,103,21,33.33333333333333,16.129032258064516,17.20430107526882,66.66666666666666,55.376344086021504,11.29032258064516
E00117974,207,76,42,34,131,112,19,36.71497584541063,20.28985507246377,16.425120772946862,63.28502415458937,54.106280193236714,9.178743961352657
E00117975,140,36,14,22,104,78,26,25.71428571428571,10,15.714285714285714,74.28571428571429,55.714285714285715,18.571428571428573
E00117976,128,35,7,28,93,76,17,27.34375,5.46875,21.875,72.65625,59.375,13.28125
E00117977,193,52,24,28,141,112,29,26.94300518134715,12.435233160621761,14.507772020725387,73.05699481865285,58.03108808290155,15.025906735751295
E00117978,144,57,23,34,87,65,22,39.58333333333333,15.972222222222221,23.61111111111111,60.416666666666664,45.13888888888889,15.277777777777779
E00117979,161,33,18,15,128,112,16,20.496894409937887,11.180124223602485,9.316770186335404,79.5031055900621,69.56521739130434,9.937888198757763
E00117980,154,57,23,34,97,78,19,37.01298701298701,14.935064935064934,22.07792207792208,62.98701298701299,50.649350649350644,12.337662337662337
E00117981,197,63,27,36,134,109,25,31.979695431472084,13.705583756345177,18.274111675126903,68.02030456852792,55.32994923857868,12.690355329949238
E00117982,174,53,21,32,121,103,18,30.45977011494253,12.068965517241379,18.39080459770115,69.54022988505747,59.195402298850574,10.344827586206897
E00117983,120,44,22,22,76,66,10,36.666666666666664,18.333333333333332,18.333333333333332,63.33333333333333,55.00000000000001,8.333333333333332
E00117984,118,46,22,24,72,57,15,38.983050847457626,18.64406779661017,20.33898305084746,61.016949152542374,48.30508474576271,12.711864406779661
E00117985,226,76,28,48,150,121,29,33.6283185840708,12.389380530973451,21.238938053097346,66.3716814159292,53.53982300884957,12.831858407079647
E00117986,135,42,15,27,93,71,22,31.11111111111111,11.11111111111111,20,68.88888888888889,52.59259259259259,16.296296296296298
E00117987,181,72,30,42,109,104,5,39.77900552486188,16.574585635359114,23.204419889502763,60.22099447513812,57.4585635359116,2.7624309392265194
E00117988,125,37,11,26,88,78,10,29.599999999999998,8.799999999999999,20.8,70.39999999999999,62.4,8
E00117989,94,40,10,30,54,46,8,42.5531914893617,10.638297872340425,31.914893617021278,57.446808510638306,48.93617021276596,8.51063829787234
E00117990,74,21,8,13,53,47,6,28.37837837837838,10.81081081081081,17.56756756756757,71.62162162162163,63.51351351351351,8.108108108108109
E00117991,151,52,18,34,99,91,8,34.437086092715234,11.920529801324504,22.516556291390728,65.56291390728477,60.264900662251655,5.298013245033113
E00117992,144,42,15,27,102,86,16,29.166666666666668,10.416666666666668,18.75,70.83333333333334,59.72222222222222,11.11111111111111
E00117993,183,51,7,44,132,100,32,27.86885245901639,3.825136612021858,24.043715846994534,72.1311475409836,54.644808743169406,17.48633879781421
E00117994,189,67,29,38,122,88,34,35.44973544973545,15.343915343915343,20.105820105820104,64.55026455026454,46.56084656084656,17.989417989417987
E00117995,120,38,15,23,82,59,23,31.666666666666664,12.5,19.166666666666668,68.33333333333333,49.166666666666664,19.166666666666668
E00117997,299,49,20,29,250,210,40,16.387959866220736,6.688963210702341,9.698996655518394,83.61204013377926,70.23411371237458,13.377926421404682
E00117998,116,43,22,21,73,59,14,37.06896551724138,18.96551724137931,18.103448275862068,62.93103448275862,50.86206896551724,12.068965517241379
E00117999,203,64,20,44,139,104,35,31.527093596059114,9.852216748768473,21.67487684729064,68.4729064039409,51.231527093596064,17.24137931034483
E00118000,173,58,18,40,115,91,24,33.52601156069364,10.404624277456648,23.121387283236995,66.47398843930635,52.601156069364166,13.872832369942195
E00118001,135,46,22,24,89,64,25,34.074074074074076,16.296296296296298,17.77777777777778,65.92592592592592,47.40740740740741,18.51851851851852
E00118002,200,69,32,37,131,79,52,34.5,16,18.5,65.5,39.5,26
E00118003,168,50,19,31,118,76,42,29.761904761904763,11.30952380952381,18.452380952380953,70.23809523809523,45.23809523809524,25
E00118004,122,43,22,21,79,57,22,35.24590163934426,18.0327868852459,17.21311475409836,64.75409836065575,46.72131147540984,18.0327868852459
E00118005,117,43,20,23,74,50,24,36.75213675213676,17.094017094017094,19.65811965811966,63.24786324786324,42.73504273504273,20.51282051282051
E00118007,147,46,16,30,101,83,18,31.292517006802722,10.884353741496598,20.408163265306122,68.70748299319727,56.4625850340136,12.244897959183673
E00118008,114,30,11,19,84,60,24,26.31578947368421,9.649122807017543,16.666666666666664,73.68421052631578,52.63157894736842,21.052631578947366
E00118009,255,73,32,41,182,153,29,28.627450980392155,12.549019607843137,16.07843137254902,71.37254901960785,60,11.372549019607844
E00118010,87,25,7,18,62,38,24,28.735632183908045,8.045977011494253,20.689655172413794,71.26436781609196,43.67816091954023,27.586206896551722
E00118011,131,53,19,34,78,55,23,40.458015267175576,14.50381679389313,25.954198473282442,59.541984732824424,41.98473282442748,17.557251908396946
E00118012,122,31,7,24,91,78,13,25.40983606557377,5.737704918032787,19.672131147540984,74.59016393442623,63.934426229508205,10.655737704918032
E00118013,198,68,29,39,130,109,21,34.34343434343434,14.646464646464647,19.696969696969695,65.65656565656566,55.05050505050505,10.606060606060606
E00118014,129,41,17,24,88,76,12,31.782945736434108,13.178294573643413,18.6046511627907,68.21705426356588,58.91472868217055,9.30232558139535
E00118015,102,39,13,26,63,53,10,38.23529411764706,12.745098039215685,25.49019607843137,61.76470588235294,51.9607843137255,9.803921568627452
E00118017,198,64,24,40,134,119,15,32.323232323232325,12.121212121212121,20.2020202020202,67.67676767676768,60.1010101010101,7.575757575757576
E00118018,134,45,20,25,89,63,26,33.582089552238806,14.925373134328357,18.65671641791045,66.4179104477612,47.01492537313433,19.402985074626866
E00118019,219,69,26,43,150,107,43,31.506849315068493,11.87214611872146,19.63470319634703,68.4931506849315,48.858447488584474,19.63470319634703
E00118020,183,62,24,38,121,91,30,33.87978142076503,13.114754098360656,20.76502732240437,66.12021857923497,49.72677595628415,16.39344262295082
E00118021,124,56,30,26,68,55,13,45.16129032258064,24.193548387096776,20.967741935483872,54.83870967741935,44.354838709677416,10.483870967741936
E00118022,166,62,23,39,104,80,24,37.34939759036144,13.855421686746988,23.49397590361446,62.65060240963856,48.19277108433735,14.457831325301203
E00118023,114,36,17,19,78,53,25,31.57894736842105,14.912280701754385,16.666666666666664,68.42105263157895,46.49122807017544,21.929824561403507
E00118024,196,66,28,38,130,90,40,33.6734693877551,14.285714285714285,19.387755102040817,66.3265306122449,45.91836734693878,20.408163265306122
E00118025,177,63,31,32,114,78,36,35.59322033898305,17.51412429378531,18.07909604519774,64.40677966101694,44.06779661016949,20.33898305084746
E00118026,233,70,31,39,163,119,44,30.042918454935624,13.304721030042918,16.738197424892704,69.95708154506438,51.072961373390555,18.88412017167382
E00118027,187,56,22,34,131,106,25,29.946524064171122,11.76470588235294,18.181818181818183,70.05347593582889,56.68449197860963,13.368983957219251
E00118028,140,40,15,25,100,72,28,28.57142857142857,10.714285714285714,17.857142857142858,71.42857142857143,51.42857142857142,20
E00118029,90,28,10,18,62,50,12,31.11111111111111,11.11111111111111,20,68.88888888888889,55.55555555555556,13.333333333333334
E00118030,246,81,35,46,165,106,59,32.926829268292686,14.227642276422763,18.69918699186992,67.07317073170732,43.08943089430895,23.983739837398375
E00118031,151,46,19,27,105,83,22,30.4635761589404,12.582781456953644,17.880794701986755,69.5364238410596,54.966887417218544,14.56953642384106
E00118032,124,38,14,24,86,63,23,30.64516129032258,11.29032258064516,19.35483870967742,69.35483870967742,50.806451612903224,18.548387096774192
E00118033,133,43,15,28,90,66,24,32.33082706766917,11.278195488721805,21.052631578947366,67.66917293233082,49.62406015037594,18.045112781954884
E00118034,148,49,21,28,99,78,21,33.108108108108105,14.18918918918919,18.91891891891892,66.8918918918919,52.702702702702695,14.18918918918919
E00118035,156,46,15,31,110,80,30,29.48717948717949,9.615384615384617,19.871794871794872,70.51282051282051,51.28205128205128,19.230769230769234
E00118036,181,55,15,40,126,105,21,30.386740331491712,8.287292817679557,22.099447513812155,69.61325966850829,58.011049723756905,11.602209944751381
E00118037,175,51,17,34,124,97,27,29.142857142857142,9.714285714285714,19.428571428571427,70.85714285714285,55.42857142857143,15.428571428571427
E00118038,133,48,22,26,85,71,14,36.09022556390977,16.541353383458645,19.548872180451127,63.90977443609023,53.383458646616546,10.526315789473683
E00118039,205,71,23,48,134,115,19,34.63414634146341,11.219512195121952,23.414634146341466,65.3658536585366,56.09756097560976,9.268292682926829
E00118040,241,61,24,37,180,145,35,25.311203319502074,9.95850622406639,15.352697095435685,74.68879668049793,60.16597510373444,14.522821576763487
E00118041,150,43,15,28,107,86,21,28.666666666666668,10,18.666666666666668,71.33333333333334,57.333333333333336,14.000000000000002
E00118043,101,40,14,26,61,45,16,39.603960396039604,13.861386138613863,25.742574257425744,60.396039603960396,44.554455445544555,15.841584158415841
E00118044,124,43,17,26,81,64,17,34.67741935483871,13.709677419354838,20.967741935483872,65.32258064516128,51.61290322580645,13.709677419354838
E00118045,157,60,20,40,97,84,13,38.21656050955414,12.738853503184714,25.477707006369428,61.78343949044586,53.503184713375795,8.280254777070063
E00118046,166,51,23,28,115,95,20,30.72289156626506,13.855421686746988,16.867469879518072,69.27710843373494,57.22891566265061,12.048192771084338
E00118047,275,87,35,52,188,150,38,31.636363636363633,12.727272727272727,18.90909090909091,68.36363636363636,54.54545454545454,13.818181818181818
E00118048,189,68,19,49,121,94,27,35.978835978835974,10.052910052910052,25.925925925925924,64.02116402116403,49.735449735449734,14.285714285714285
E00118049,185,57,25,32,128,96,32,30.810810810810814,13.513513513513514,17.2972972972973,69.1891891891892,51.891891891891895,17.2972972972973
E00118050,193,56,22,34,137,113,24,29.015544041450774,11.398963730569948,17.616580310880828,70.98445595854922,58.549222797927456,12.435233160621761
E00118051,93,31,10,21,62,50,12,33.33333333333333,10.75268817204301,22.58064516129032,66.66666666666666,53.76344086021505,12.903225806451612
E00118052,178,43,17,26,135,123,12,24.15730337078652,9.550561797752808,14.606741573033707,75.84269662921348,69.10112359550563,6.741573033707865
E00118053,199,54,21,33,145,123,22,27.1356783919598,10.552763819095476,16.582914572864322,72.8643216080402,61.80904522613066,11.055276381909549
E00118054,91,35,13,22,56,46,10,38.46153846153847,14.285714285714285,24.175824175824175,61.53846153846154,50.54945054945055,10.989010989010989
E00118055,209,63,24,39,146,117,29,30.14354066985646,11.483253588516746,18.660287081339714,69.85645933014354,55.980861244019145,13.875598086124402
E00118056,162,46,17,29,116,89,27,28.39506172839506,10.493827160493826,17.901234567901234,71.60493827160494,54.93827160493827,16.666666666666664
E00118057,169,58,24,34,111,81,30,34.319526627218934,14.201183431952662,20.118343195266274,65.68047337278107,47.928994082840234,17.75147928994083
E00118058,133,49,23,26,84,64,20,36.84210526315789,17.293233082706767,19.548872180451127,63.1578947368421,48.1203007518797,15.037593984962406
E00118059,120,32,8,24,88,57,31,26.666666666666668,6.666666666666667,20,73.33333333333333,47.5,25.833333333333336
E00118060,212,69,27,42,143,111,32,32.54716981132076,12.735849056603774,19.81132075471698,67.45283018867924,52.358490566037744,15.09433962264151
E00118061,187,78,34,44,109,74,35,41.711229946524064,18.181818181818183,23.52941176470588,58.288770053475936,39.57219251336899,18.71657754010695
E00118062,109,33,15,18,76,58,18,30.275229357798167,13.761467889908257,16.51376146788991,69.72477064220183,53.21100917431193,16.51376146788991
E00118063,148,55,29,26,93,62,31,37.16216216216216,19.594594594594593,17.56756756756757,62.83783783783784,41.891891891891895,20.945945945945947
E00118064,184,53,26,27,131,91,40,28.804347826086957,14.130434782608695,14.673913043478262,71.19565217391305,49.45652173913043,21.73913043478261
E00118065,188,76,30,46,112,78,34,40.42553191489361,15.957446808510639,24.46808510638298,59.57446808510638,41.48936170212766,18.085106382978726
E00118066,117,35,21,14,82,51,31,29.914529914529915,17.94871794871795,11.965811965811966,70.08547008547008,43.58974358974359,26.495726495726498
E00118067,99,30,15,15,69,44,25,30.303030303030305,15.151515151515152,15.151515151515152,69.6969696969697,44.44444444444444,25.252525252525253
E00118068,116,46,26,20,70,46,24,39.6551724137931,22.413793103448278,17.24137931034483,60.3448275862069,39.6551724137931,20.689655172413794
E00118069,170,63,39,24,107,86,21,37.05882352941177,22.941176470588236,14.117647058823529,62.94117647058823,50.588235294117645,12.352941176470589
E00118070,192,52,22,30,140,111,29,27.083333333333332,11.458333333333332,15.625,72.91666666666666,57.8125,15.104166666666666
E00118071,190,70,23,47,120,97,23,36.84210526315789,12.105263157894736,24.736842105263158,63.1578947368421,51.05263157894737,12.105263157894736
E00118072,209,78,35,43,131,104,27,37.32057416267943,16.74641148325359,20.574162679425836,62.67942583732058,49.760765550239235,12.918660287081341
E00118073,149,40,9,31,109,91,18,26.845637583892618,6.0402684563758395,20.80536912751678,73.15436241610739,61.07382550335571,12.080536912751679
E00118074,107,33,11,22,74,63,11,30.8411214953271,10.2803738317757,20.5607476635514,69.1588785046729,58.87850467289719,10.2803738317757
E00118075,165,48,19,29,117,103,14,29.09090909090909,11.515151515151516,17.575757575757574,70.9090909090909,62.42424242424243,8.484848484848486
E00118077,157,51,15,36,106,91,15,32.48407643312102,9.554140127388536,22.929936305732486,67.51592356687898,57.961783439490446,9.554140127388536
E00118078,289,87,39,48,202,173,29,30.103806228373703,13.494809688581316,16.608996539792386,69.8961937716263,59.86159169550172,10.034602076124568
E00118079,131,30,12,18,101,83,18,22.900763358778626,9.16030534351145,13.740458015267176,77.09923664122137,63.358778625954194,13.740458015267176
E00118080,169,63,28,35,106,83,23,37.278106508875744,16.56804733727811,20.710059171597635,62.721893491124256,49.112426035502956,13.609467455621301
E00118081,165,56,16,40,109,75,34,33.939393939393945,9.696969696969697,24.242424242424242,66.06060606060606,45.45454545454545,20.606060606060606
E00118082,129,42,19,23,87,70,17,32.55813953488372,14.728682170542637,17.829457364341085,67.44186046511628,54.263565891472865,13.178294573643413
E00118083,139,44,22,22,95,77,18,31.654676258992804,15.827338129496402,15.827338129496402,68.34532374100719,55.39568345323741,12.949640287769784
E00118084,123,45,14,31,78,64,14,36.58536585365854,11.38211382113821,25.203252032520325,63.41463414634146,52.03252032520326,11.38211382113821
E00118085,146,39,19,20,107,94,13,26.71232876712329,13.013698630136986,13.698630136986301,73.28767123287672,64.38356164383562,8.904109589041095
E00118086,136,47,17,30,89,69,20,34.55882352941176,12.5,22.058823529411764,65.44117647058823,50.73529411764706,14.705882352941178
E00118087,170,32,10,22,138,113,25,18.823529411764707,5.88235294117647,12.941176470588237,81.17647058823529,66.47058823529412,14.705882352941178
E00118088,139,47,17,30,92,86,6,33.81294964028777,12.23021582733813,21.58273381294964,66.18705035971223,61.87050359712231,4.316546762589928
E00118089,155,50,14,36,105,94,11,32.25806451612903,9.032258064516128,23.225806451612904,67.74193548387096,60.64516129032258,7.096774193548387
E00118090,136,47,16,31,89,63,26,34.55882352941176,11.76470588235294,22.794117647058822,65.44117647058823,46.32352941176471,19.11764705882353
E00118092,151,45,19,26,106,79,27,29.80132450331126,12.582781456953644,17.218543046357617,70.19867549668875,52.317880794701985,17.880794701986755
E00118093,198,47,12,35,151,124,27,23.737373737373737,6.0606060606060606,17.67676767676768,76.26262626262627,62.62626262626263,13.636363636363635
E00118094,171,52,20,32,119,100,19,30.409356725146196,11.695906432748536,18.71345029239766,69.5906432748538,58.47953216374269,11.11111111111111
E00118095,101,33,7,26,68,59,9,32.67326732673268,6.9306930693069315,25.742574257425744,67.32673267326733,58.415841584158414,8.91089108910891
E00118096,156,50,21,29,106,90,16,32.05128205128205,13.461538461538462,18.58974358974359,67.94871794871796,57.692307692307686,10.256410256410255
E00118097,171,34,18,16,137,122,15,19.883040935672515,10.526315789473683,9.35672514619883,80.11695906432749,71.34502923976608,8.771929824561402
E00118098,136,43,12,31,93,78,15,31.61764705882353,8.823529411764707,22.794117647058822,68.38235294117648,57.35294117647059,11.029411764705882
E00118099,141,46,14,32,95,77,18,32.62411347517731,9.929078014184398,22.69503546099291,67.37588652482269,54.60992907801418,12.76595744680851
E00118100,141,45,13,32,96,76,20,31.914893617021278,9.219858156028367,22.69503546099291,68.08510638297872,53.90070921985816,14.184397163120568
E00118101,137,51,20,31,86,73,13,37.22627737226277,14.5985401459854,22.62773722627737,62.77372262773723,53.284671532846716,9.48905109489051
E00118102,109,30,11,19,79,62,17,27.522935779816514,10.091743119266056,17.431192660550458,72.47706422018348,56.88073394495413,15.59633027522936
E00118103,165,51,18,33,114,93,21,30.909090909090907,10.909090909090908,20,69.0909090909091,56.36363636363636,12.727272727272727
E00118104,109,43,14,29,66,49,17,39.44954128440367,12.844036697247708,26.605504587155966,60.550458715596335,44.95412844036697,15.59633027522936
E00118105,140,47,24,23,93,63,30,33.57142857142857,17.142857142857142,16.428571428571427,66.42857142857143,45,21.428571428571427
E00118106,149,54,23,31,95,73,22,36.241610738255034,15.436241610738255,20.80536912751678,63.758389261744966,48.99328859060403,14.76510067114094
E00118108,237,66,28,38,171,120,51,27.848101265822784,11.814345991561181,16.033755274261605,72.15189873417721,50.63291139240506,21.518987341772153
E00118109,126,38,17,21,88,71,17,30.158730158730158,13.492063492063492,16.666666666666664,69.84126984126983,56.34920634920635,13.492063492063492
E00118110,73,25,11,14,48,35,13,34.24657534246575,15.068493150684931,19.17808219178082,65.75342465753424,47.94520547945205,17.80821917808219
E00118111,154,42,23,19,112,76,36,27.27272727272727,14.935064935064934,12.337662337662337,72.72727272727273,49.35064935064935,23.376623376623375
E00118112,162,45,14,31,117,86,31,27.77777777777778,8.641975308641975,19.1358024691358,72.22222222222221,53.086419753086425,19.1358024691358
E00118113,189,63,20,43,126,96,30,33.33333333333333,10.582010582010582,22.75132275132275,66.66666666666666,50.79365079365079,15.873015873015872
E00118114,274,99,47,52,175,119,56,36.13138686131387,17.153284671532848,18.97810218978102,63.868613138686136,43.43065693430657,20.437956204379564
E00118115,153,56,21,35,97,71,26,36.60130718954248,13.725490196078432,22.875816993464053,63.39869281045751,46.40522875816993,16.99346405228758
E00118116,235,81,22,59,154,109,45,34.46808510638298,9.361702127659575,25.106382978723403,65.53191489361701,46.38297872340426,19.148936170212767
E00118117,170,44,15,29,126,83,43,25.882352941176475,8.823529411764707,17.058823529411764,74.11764705882354,48.8235294117647,25.294117647058822
E00118118,213,74,17,57,139,128,11,34.74178403755869,7.981220657276995,26.76056338028169,65.25821596244131,60.093896713615024,5.164319248826291
E00118119,78,33,15,18,45,40,5,42.30769230769231,19.230769230769234,23.076923076923077,57.692307692307686,51.28205128205128,6.41025641025641
E00118120,162,53,23,30,109,88,21,32.71604938271605,14.19753086419753,18.51851851851852,67.28395061728395,54.32098765432099,12.962962962962962
E00118121,152,52,15,37,100,85,15,34.21052631578947,9.868421052631579,24.342105263157894,65.78947368421053,55.92105263157895,9.868421052631579
E00118122,167,52,20,32,115,96,19,31.137724550898206,11.976047904191617,19.16167664670659,68.8622754491018,57.48502994011976,11.377245508982035
E00118123,183,52,30,22,131,106,25,28.415300546448087,16.39344262295082,12.021857923497267,71.58469945355192,57.92349726775956,13.661202185792352
E00118124,139,41,16,25,98,82,16,29.496402877697843,11.510791366906476,17.985611510791365,70.50359712230215,58.992805755395686,11.510791366906476
E00118125,176,44,25,19,132,109,23,25,14.204545454545455,10.795454545454545,75,61.93181818181818,13.068181818181818
E00118126,171,55,25,30,116,77,39,32.16374269005848,14.619883040935672,17.543859649122805,67.83625730994152,45.02923976608187,22.807017543859647
E00118127,150,53,15,38,97,77,20,35.333333333333336,10,25.333333333333336,64.66666666666666,51.33333333333333,13.333333333333334
E00118128,109,31,13,18,78,63,15,28.440366972477065,11.926605504587156,16.51376146788991,71.55963302752293,57.798165137614674,13.761467889908257
E00118129,190,52,21,31,138,108,30,27.368421052631582,11.052631578947368,16.315789473684212,72.63157894736842,56.84210526315789,15.789473684210526
E00118130,150,56,19,37,94,78,16,37.333333333333336,12.666666666666668,24.666666666666668,62.66666666666667,52,10.666666666666668
E00118131,195,68,25,43,127,106,21,34.87179487179487,12.82051282051282,22.05128205128205,65.12820512820512,54.35897435897436,10.76923076923077
E00118132,114,38,13,25,76,67,9,33.33333333333333,11.403508771929824,21.929824561403507,66.66666666666666,58.77192982456141,7.894736842105263
E00118133,73,15,7,8,58,40,18,20.54794520547945,9.58904109589041,10.95890410958904,79.45205479452055,54.794520547945204,24.65753424657534
E00118134,148,38,7,31,110,101,9,25.675675675675674,4.72972972972973,20.945945945945947,74.32432432432432,68.24324324324324,6.081081081081082
E00118135,181,59,12,47,122,101,21,32.59668508287293,6.629834254143646,25.96685082872928,67.40331491712708,55.80110497237569,11.602209944751381
E00118136,146,49,17,32,97,89,8,33.56164383561644,11.643835616438356,21.91780821917808,66.43835616438356,60.95890410958904,5.47945205479452
E00118137,129,53,26,27,76,64,12,41.08527131782946,20.155038759689923,20.930232558139537,58.91472868217055,49.6124031007752,9.30232558139535
E00118138,175,57,21,36,118,101,17,32.57142857142858,12,20.57142857142857,67.42857142857143,57.714285714285715,9.714285714285714
E00118139,124,38,17,21,86,68,18,30.64516129032258,13.709677419354838,16.93548387096774,69.35483870967742,54.83870967741935,14.516129032258066
E00118140,177,47,20,27,130,105,25,26.55367231638418,11.299435028248588,15.254237288135593,73.44632768361582,59.32203389830508,14.124293785310735
E00118141,210,55,26,29,155,129,26,26.190476190476193,12.380952380952381,13.80952380952381,73.80952380952381,61.42857142857143,12.380952380952381
E00118142,199,59,29,30,140,110,30,29.64824120603015,14.572864321608039,15.07537688442211,70.35175879396985,55.27638190954774,15.07537688442211
E00118143,321,72,26,46,249,196,53,22.429906542056074,8.09968847352025,14.330218068535824,77.57009345794393,61.059190031152646,16.510903426791277
E00118144,143,28,8,20,115,102,13,19.58041958041958,5.594405594405594,13.986013986013987,80.41958041958041,71.32867132867133,9.090909090909092
E00118145,135,35,17,18,100,80,20,25.925925925925924,12.592592592592592,13.333333333333334,74.07407407407408,59.25925925925925,14.814814814814813
E00118146,157,45,15,30,112,90,22,28.662420382165603,9.554140127388536,19.10828025477707,71.3375796178344,57.324840764331206,14.012738853503185
E00118147,84,26,10,16,58,51,7,30.952380952380953,11.904761904761903,19.047619047619047,69.04761904761905,60.71428571428571,8.333333333333332
E00118148,124,45,11,34,79,57,22,36.29032258064516,8.870967741935484,27.419354838709676,63.70967741935484,45.96774193548387,17.741935483870968
E00118149,188,39,18,21,149,125,24,20.74468085106383,9.574468085106384,11.170212765957446,79.25531914893617,66.48936170212765,12.76595744680851
E00118150,148,39,17,22,109,90,19,26.351351351351347,11.486486486486488,14.864864864864865,73.64864864864865,60.810810810810814,12.837837837837837
E00118151,122,23,8,15,99,79,20,18.852459016393443,6.557377049180328,12.295081967213115,81.14754098360656,64.75409836065575,16.39344262295082
E00118152,90,17,10,7,73,62,11,18.88888888888889,11.11111111111111,7.777777777777778,81.11111111111111,68.88888888888889,12.222222222222221
E00118153,202,54,28,26,148,118,30,26.732673267326735,13.861386138613863,12.871287128712872,73.26732673267327,58.415841584158414,14.85148514851485
E00118154,188,48,21,27,140,108,32,25.53191489361702,11.170212765957446,14.361702127659576,74.46808510638297,57.446808510638306,17.02127659574468
E00118155,70,16,6,10,54,40,14,22.857142857142858,8.571428571428571,14.285714285714285,77.14285714285715,57.14285714285714,20
E00118156,268,72,32,40,196,153,43,26.865671641791046,11.940298507462686,14.925373134328357,73.13432835820896,57.08955223880597,16.044776119402986
E00118157,157,51,19,32,106,76,30,32.48407643312102,12.101910828025478,20.382165605095544,67.51592356687898,48.40764331210191,19.10828025477707
E00118158,124,34,10,24,90,77,13,27.419354838709676,8.064516129032258,19.35483870967742,72.58064516129032,62.096774193548384,10.483870967741936
E00118159,158,43,22,21,115,78,37,27.21518987341772,13.924050632911392,13.291139240506327,72.78481012658227,49.36708860759494,23.417721518987342
E00118160,179,57,21,36,122,106,16,31.843575418994412,11.731843575418994,20.11173184357542,68.15642458100558,59.217877094972074,8.938547486033519
E00118161,181,66,19,47,115,103,12,36.46408839779006,10.497237569060774,25.96685082872928,63.53591160220995,56.9060773480663,6.629834254143646
E00118162,179,69,25,44,110,83,27,38.547486033519554,13.966480446927374,24.581005586592177,61.452513966480446,46.36871508379888,15.083798882681565
E00118163,148,40,13,27,108,86,22,27.027027027027028,8.783783783783784,18.243243243243242,72.97297297297297,58.108108108108105,14.864864864864865
E00118164,168,66,28,38,102,91,11,39.285714285714285,16.666666666666664,22.61904761904762,60.71428571428571,54.166666666666664,6.547619047619048
E00118165,157,46,20,26,111,86,25,29.29936305732484,12.738853503184714,16.560509554140125,70.70063694267516,54.77707006369427,15.92356687898089
E00118166,132,51,16,35,81,66,15,38.63636363636363,12.121212121212121,26.515151515151516,61.36363636363637,50,11.363636363636363
E00118167,98,34,8,26,64,59,5,34.69387755102041,8.16326530612245,26.53061224489796,65.3061224489796,60.204081632653065,5.1020408163265305
E00118168,132,41,5,36,91,79,12,31.060606060606062,3.787878787878788,27.27272727272727,68.93939393939394,59.84848484848485,9.090909090909092
E00118169,130,33,15,18,97,76,21,25.384615384615383,11.538461538461538,13.846153846153847,74.61538461538461,58.46153846153847,16.153846153846153
E00118170,139,48,23,25,91,66,25,34.53237410071942,16.546762589928058,17.985611510791365,65.46762589928058,47.482014388489205,17.985611510791365
E00118171,109,42,17,25,67,56,11,38.53211009174312,15.59633027522936,22.93577981651376,61.46788990825688,51.37614678899083,10.091743119266056
E00118172,101,32,12,20,69,55,14,31.683168316831683,11.881188118811881,19.801980198019802,68.31683168316832,54.45544554455446,13.861386138613863
E00118173,168,61,27,34,107,95,12,36.30952380952381,16.071428571428573,20.238095238095237,63.69047619047619,56.547619047619044,7.142857142857142
E00118174,126,43,11,32,83,71,12,34.12698412698413,8.73015873015873,25.396825396825395,65.87301587301587,56.34920634920635,9.523809523809524
E00118175,168,47,18,29,121,98,23,27.976190476190478,10.714285714285714,17.261904761904763,72.02380952380952,58.333333333333336,13.690476190476192
E00118176,137,40,18,22,97,84,13,29.1970802919708,13.138686131386862,16.05839416058394,70.8029197080292,61.31386861313869,9.48905109489051
E00118177,112,42,22,20,70,65,5,37.5,19.642857142857142,17.857142857142858,62.5,58.03571428571429,4.464285714285714
E00118178,152,50,24,26,102,87,15,32.89473684210527,15.789473684210526,17.105263157894736,67.10526315789474,57.23684210526315,9.868421052631579
E00118179,141,48,15,33,93,80,13,34.04255319148936,10.638297872340425,23.404255319148938,65.95744680851064,56.73758865248227,9.219858156028367
E00118180,104,47,19,28,57,49,8,45.19230769230769,18.269230769230766,26.923076923076923,54.807692307692314,47.11538461538461,7.6923076923076925
E00118181,176,58,18,40,118,92,26,32.95454545454545,10.227272727272728,22.727272727272727,67.04545454545455,52.27272727272727,14.772727272727273
E00118182,167,75,28,47,92,82,10,44.91017964071856,16.766467065868262,28.143712574850298,55.08982035928144,49.101796407185624,5.9880239520958085
E00118183,165,64,31,33,101,86,15,38.78787878787879,18.787878787878785,20,61.212121212121204,52.121212121212125,9.090909090909092
E00118184,119,41,17,24,78,70,8,34.45378151260504,14.285714285714285,20.168067226890756,65.54621848739495,58.82352941176471,6.722689075630252
E00118186,99,51,23,28,48,47,1,51.515151515151516,23.232323232323232,28.28282828282828,48.484848484848484,47.474747474747474,1.0101010101010102
E00118187,168,85,44,41,83,71,12,50.595238095238095,26.190476190476193,24.404761904761905,49.404761904761905,42.26190476190476,7.142857142857142
E00118188,156,73,35,38,83,74,9,46.794871794871796,22.435897435897438,24.358974358974358,53.205128205128204,47.43589743589743,5.769230769230769
E00118189,102,37,18,19,65,59,6,36.27450980392157,17.647058823529413,18.627450980392158,63.725490196078425,57.84313725490197,5.88235294117647
E00118190,158,67,26,41,91,74,17,42.405063291139236,16.455696202531644,25.949367088607595,57.59493670886076,46.835443037974684,10.759493670886076
E00118191,149,64,33,31,85,77,8,42.95302013422819,22.14765100671141,20.80536912751678,57.04697986577181,51.67785234899329,5.369127516778524
E00118192,147,66,28,38,81,72,9,44.89795918367347,19.047619047619047,25.850340136054424,55.10204081632652,48.97959183673469,6.122448979591836
E00118193,147,76,30,46,71,61,10,51.70068027210885,20.408163265306122,31.292517006802722,48.29931972789115,41.49659863945578,6.802721088435375
E00118194,172,75,42,33,97,87,10,43.604651162790695,24.418604651162788,19.186046511627907,56.395348837209305,50.58139534883721,5.813953488372093
E00118195,188,54,27,27,134,93,41,28.723404255319153,14.361702127659576,14.361702127659576,71.27659574468085,49.46808510638298,21.808510638297875
E00118196,137,56,32,24,81,74,7,40.87591240875913,23.357664233576642,17.51824817518248,59.12408759124088,54.01459854014598,5.109489051094891
E00118197,129,35,15,20,94,68,26,27.131782945736433,11.627906976744185,15.503875968992247,72.86821705426357,52.71317829457365,20.155038759689923
E00118198,142,37,11,26,105,72,33,26.056338028169012,7.746478873239436,18.30985915492958,73.94366197183099,50.70422535211267,23.239436619718308
E00118199,88,26,12,14,62,49,13,29.545454545454547,13.636363636363635,15.909090909090908,70.45454545454545,55.68181818181818,14.772727272727273
E00118200,105,30,17,13,75,47,28,28.57142857142857,16.19047619047619,12.380952380952381,71.42857142857143,44.761904761904766,26.666666666666668
E00118202,136,30,15,15,106,87,19,22.058823529411764,11.029411764705882,11.029411764705882,77.94117647058823,63.970588235294116,13.970588235294118
E00118205,117,27,8,19,90,60,30,23.076923076923077,6.837606837606838,16.23931623931624,76.92307692307693,51.28205128205128,25.64102564102564
E00118206,232,120,81,39,112,90,22,51.724137931034484,34.91379310344828,16.810344827586206,48.275862068965516,38.793103448275865,9.482758620689655
E00118207,108,34,17,17,74,50,24,31.48148148148148,15.74074074074074,15.74074074074074,68.51851851851852,46.2962962962963,22.22222222222222
E00118208,160,34,17,17,126,101,25,21.25,10.625,10.625,78.75,63.125,15.625
E00118209,96,33,16,17,63,48,15,34.375,16.666666666666664,17.708333333333336,65.625,50,15.625
E00118210,117,34,19,15,83,61,22,29.059829059829063,16.23931623931624,12.82051282051282,70.94017094017094,52.13675213675214,18.803418803418804
E00118211,139,39,23,16,100,72,28,28.05755395683453,16.546762589928058,11.510791366906476,71.94244604316546,51.798561151079134,20.14388489208633
E00118212,122,42,19,23,80,55,25,34.42622950819672,15.573770491803279,18.852459016393443,65.57377049180327,45.08196721311475,20.491803278688526
E00118213,118,38,22,16,80,65,15,32.20338983050847,18.64406779661017,13.559322033898304,67.79661016949152,55.08474576271186,12.711864406779661
E00118214,175,53,24,29,122,90,32,30.28571428571429,13.714285714285715,16.57142857142857,69.71428571428572,51.42857142857142,18.285714285714285
E00118215,170,37,20,17,133,109,24,21.764705882352942,11.76470588235294,10,78.23529411764706,64.11764705882354,14.117647058823529
E00118216,194,48,13,35,146,111,35,24.742268041237114,6.701030927835052,18.04123711340206,75.25773195876289,57.21649484536082,18.04123711340206
E00118217,121,28,12,16,93,67,26,23.140495867768596,9.917355371900827,13.223140495867769,76.85950413223141,55.371900826446286,21.487603305785125
E00118218,158,50,27,23,108,85,23,31.645569620253166,17.088607594936708,14.556962025316455,68.35443037974683,53.79746835443038,14.556962025316455
E00118220,209,60,19,41,149,119,30,28.708133971291865,9.090909090909092,19.617224880382775,71.29186602870813,56.9377990430622,14.354066985645932
E00118221,164,50,26,24,114,91,23,30.48780487804878,15.853658536585366,14.634146341463413,69.51219512195121,55.487804878048784,14.02439024390244
E00118222,136,42,14,28,94,73,21,30.88235294117647,10.294117647058822,20.588235294117645,69.11764705882352,53.67647058823529,15.441176470588236
E00118223,224,80,34,46,144,117,27,35.714285714285715,15.178571428571427,20.535714285714285,64.28571428571429,52.23214285714286,12.053571428571429
E00118224,138,47,16,31,91,63,28,34.05797101449276,11.594202898550725,22.463768115942027,65.94202898550725,45.65217391304348,20.28985507246377
E00118225,160,54,18,36,106,88,18,33.75,11.25,22.5,66.25,55.00000000000001,11.25
E00118226,142,38,13,25,104,80,24,26.76056338028169,9.15492957746479,17.6056338028169,73.23943661971832,56.33802816901409,16.901408450704224
E00118227,152,52,19,33,100,82,18,34.21052631578947,12.5,21.710526315789476,65.78947368421053,53.94736842105263,11.842105263157894
E00118228,158,37,11,26,121,99,22,23.417721518987342,6.962025316455696,16.455696202531644,76.58227848101265,62.65822784810127,13.924050632911392
E00118229,160,44,16,28,116,99,17,27.500000000000004,10,17.5,72.5,61.875,10.625
E00118232,220,57,21,36,163,133,30,25.90909090909091,9.545454545454547,16.363636363636363,74.0909090909091,60.45454545454545,13.636363636363635
E00118233,232,81,33,48,151,131,20,34.91379310344828,14.224137931034484,20.689655172413794,65.08620689655173,56.46551724137932,8.620689655172415
E00118234,244,88,29,59,156,134,22,36.0655737704918,11.885245901639344,24.18032786885246,63.934426229508205,54.91803278688525,9.01639344262295
E00118235,226,57,17,40,169,139,30,25.221238938053098,7.52212389380531,17.699115044247787,74.77876106194691,61.504424778761056,13.274336283185843
E00118236,177,59,26,33,118,103,15,33.33333333333333,14.689265536723164,18.64406779661017,66.66666666666666,58.19209039548022,8.47457627118644
E00118237,166,54,22,32,112,75,37,32.53012048192771,13.253012048192772,19.27710843373494,67.46987951807229,45.18072289156627,22.289156626506024
E00118238,208,84,38,46,124,106,18,40.38461538461539,18.269230769230766,22.115384615384613,59.61538461538461,50.96153846153846,8.653846153846153
E00118239,161,63,35,28,98,70,28,39.130434782608695,21.73913043478261,17.391304347826086,60.86956521739131,43.47826086956522,17.391304347826086
E00118240,186,47,15,32,139,110,29,25.268817204301076,8.064516129032258,17.20430107526882,74.73118279569893,59.13978494623656,15.591397849462366
E00118241,111,41,9,32,70,53,17,36.93693693693694,8.108108108108109,28.82882882882883,63.06306306306306,47.74774774774775,15.315315315315313
E00118242,138,41,17,24,97,76,21,29.71014492753623,12.318840579710146,17.391304347826086,70.28985507246377,55.072463768115945,15.217391304347828
E00118243,243,69,21,48,174,142,32,28.39506172839506,8.641975308641975,19.753086419753085,71.60493827160494,58.43621399176955,13.168724279835391
E00118244,71,33,16,17,38,23,15,46.478873239436616,22.535211267605636,23.943661971830984,53.52112676056338,32.3943661971831,21.12676056338028
E00118245,130,49,20,29,81,50,31,37.69230769230769,15.384615384615385,22.30769230769231,62.30769230769231,38.46153846153847,23.846153846153847
E00118246,146,40,17,23,106,78,28,27.397260273972602,11.643835616438356,15.753424657534246,72.6027397260274,53.42465753424658,19.17808219178082
E00118248,114,39,21,18,75,61,14,34.21052631578947,18.421052631578945,15.789473684210526,65.78947368421053,53.50877192982456,12.280701754385964
E00118249,97,45,20,25,52,37,15,46.391752577319586,20.618556701030926,25.773195876288657,53.608247422680414,38.144329896907216,15.463917525773196
E00118250,75,21,13,8,54,36,18,28.000000000000004,17.333333333333336,10.666666666666668,72,48,24
E00118251,105,35,20,15,70,55,15,33.33333333333333,19.047619047619047,14.285714285714285,66.66666666666666,52.38095238095239,14.285714285714285
E00118252,129,45,21,24,84,72,12,34.883720930232556,16.27906976744186,18.6046511627907,65.11627906976744,55.81395348837209,9.30232558139535
E00118253,130,47,20,27,83,55,28,36.15384615384615,15.384615384615385,20.76923076923077,63.84615384615384,42.30769230769231,21.53846153846154
E00118254,161,50,20,30,111,84,27,31.05590062111801,12.422360248447205,18.633540372670808,68.94409937888199,52.17391304347826,16.77018633540373
E00118255,151,57,23,34,94,73,21,37.74834437086093,15.2317880794702,22.516556291390728,62.251655629139066,48.34437086092716,13.90728476821192
E00118256,188,64,26,38,124,94,30,34.04255319148936,13.829787234042554,20.212765957446805,65.95744680851064,50,15.957446808510639
E00118257,188,59,26,33,129,106,23,31.382978723404253,13.829787234042554,17.5531914893617,68.61702127659575,56.38297872340425,12.23404255319149
E00118258,251,78,23,55,173,139,34,31.07569721115538,9.163346613545817,21.91235059760956,68.92430278884463,55.37848605577689,13.545816733067728
E00118259,231,75,27,48,156,134,22,32.467532467532465,11.688311688311687,20.77922077922078,67.53246753246754,58.00865800865801,9.523809523809524
E00118260,59,24,11,13,35,28,7,40.67796610169492,18.64406779661017,22.033898305084744,59.32203389830508,47.45762711864407,11.864406779661017
E00118261,118,38,24,14,80,56,24,32.20338983050847,20.33898305084746,11.864406779661017,67.79661016949152,47.45762711864407,20.33898305084746
E00118262,164,58,21,37,106,78,28,35.36585365853659,12.804878048780488,22.5609756097561,64.63414634146342,47.5609756097561,17.073170731707318
E00118263,262,87,35,52,175,148,27,33.20610687022901,13.358778625954198,19.84732824427481,66.79389312977099,56.48854961832062,10.305343511450381
E00118264,173,59,20,39,114,92,22,34.104046242774565,11.560693641618498,22.54335260115607,65.89595375722543,53.179190751445084,12.716763005780345
E00118265,141,58,24,34,83,46,37,41.13475177304964,17.02127659574468,24.113475177304963,58.86524822695035,32.62411347517731,26.24113475177305
E00118266,138,47,16,31,91,75,16,34.05797101449276,11.594202898550725,22.463768115942027,65.94202898550725,54.347826086956516,11.594202898550725
E00118267,154,48,16,32,106,96,10,31.16883116883117,10.38961038961039,20.77922077922078,68.83116883116884,62.33766233766234,6.493506493506493
E00118268,172,51,14,37,121,96,25,29.651162790697676,8.13953488372093,21.511627906976745,70.34883720930233,55.81395348837209,14.534883720930234
E00118269,169,58,22,36,111,90,21,34.319526627218934,13.017751479289942,21.301775147928996,65.68047337278107,53.25443786982249,12.42603550295858
E00118270,124,46,20,26,78,66,12,37.096774193548384,16.129032258064516,20.967741935483872,62.903225806451616,53.2258064516129,9.67741935483871
E00118271,145,54,24,30,91,75,16,37.24137931034483,16.551724137931036,20.689655172413794,62.758620689655174,51.724137931034484,11.03448275862069
E00118272,135,44,16,28,91,80,11,32.592592592592595,11.851851851851853,20.74074074074074,67.4074074074074,59.25925925925925,8.148148148148149
E00118273,90,35,12,23,55,44,11,38.88888888888889,13.333333333333334,25.555555555555554,61.111111111111114,48.888888888888886,12.222222222222221
E00118274,126,47,16,31,79,67,12,37.301587301587304,12.698412698412698,24.6031746031746,62.698412698412696,53.17460317460318,9.523809523809524
E00118275,156,57,17,40,99,78,21,36.53846153846153,10.897435897435898,25.64102564102564,63.46153846153846,50,13.461538461538462
E00118276,61,18,6,12,43,38,5,29.508196721311474,9.836065573770492,19.672131147540984,70.49180327868852,62.295081967213115,8.19672131147541
E00118277,114,49,23,26,65,55,10,42.98245614035088,20.175438596491226,22.807017543859647,57.01754385964912,48.24561403508772,8.771929824561402
E00118278,189,61,25,36,128,101,27,32.27513227513227,13.227513227513226,19.047619047619047,67.72486772486772,53.43915343915344,14.285714285714285
E00118279,132,60,21,39,72,54,18,45.45454545454545,15.909090909090908,29.545454545454547,54.54545454545454,40.909090909090914,13.636363636363635
E00118280,150,54,26,28,96,76,20,36,17.333333333333336,18.666666666666668,64,50.66666666666667,13.333333333333334
E00118281,123,47,16,31,76,52,24,38.21138211382114,13.008130081300814,25.203252032520325,61.78861788617886,42.27642276422765,19.51219512195122
E00118282,77,25,11,14,52,42,10,32.467532467532465,14.285714285714285,18.181818181818183,67.53246753246754,54.54545454545454,12.987012987012985
E00118283,141,36,17,19,105,84,21,25.53191489361702,12.056737588652481,13.47517730496454,74.46808510638297,59.57446808510638,14.893617021276595
E00118284,163,45,15,30,118,85,33,27.607361963190186,9.202453987730062,18.404907975460123,72.39263803680981,52.14723926380368,20.245398773006134
E00118285,122,33,10,23,89,65,24,27.049180327868854,8.19672131147541,18.852459016393443,72.95081967213115,53.278688524590166,19.672131147540984
E00118286,87,30,9,21,57,44,13,34.48275862068966,10.344827586206897,24.137931034482758,65.51724137931035,50.57471264367817,14.942528735632186
E00118287,236,85,45,40,151,113,38,36.016949152542374,19.06779661016949,16.94915254237288,63.983050847457626,47.88135593220339,16.101694915254235
E00118288,94,36,22,14,58,44,14,38.297872340425535,23.404255319148938,14.893617021276595,61.702127659574465,46.808510638297875,14.893617021276595
E00118289,102,30,13,17,72,51,21,29.411764705882355,12.745098039215685,16.666666666666664,70.58823529411765,50,20.588235294117645
E00118290,114,45,18,27,69,53,16,39.473684210526315,15.789473684210526,23.684210526315788,60.526315789473685,46.49122807017544,14.035087719298245
E00118291,203,69,34,35,134,99,35,33.99014778325123,16.748768472906402,17.24137931034483,66.00985221674877,48.76847290640394,17.24137931034483
E00118292,200,68,29,39,132,100,32,34,14.499999999999998,19.5,66,50,16
E00118293,264,75,29,46,189,140,49,28.40909090909091,10.984848484848484,17.424242424242426,71.5909090909091,53.03030303030303,18.560606060606062
E00118294,201,53,29,24,148,116,32,26.368159203980102,14.427860696517413,11.940298507462686,73.6318407960199,57.711442786069654,15.92039800995025
E00118295,157,28,11,17,129,114,15,17.8343949044586,7.006369426751593,10.828025477707007,82.16560509554141,72.61146496815286,9.554140127388536
E00118296,189,42,12,30,147,129,18,22.22222222222222,6.349206349206349,15.873015873015872,77.77777777777779,68.25396825396825,9.523809523809524
E00118298,201,51,18,33,150,125,25,25.37313432835821,8.955223880597014,16.417910447761194,74.6268656716418,62.189054726368155,12.437810945273633
E00118299,157,44,17,27,113,97,16,28.02547770700637,10.828025477707007,17.197452229299362,71.97452229299363,61.78343949044586,10.191082802547772
E00118300,123,36,13,23,87,77,10,29.268292682926827,10.569105691056912,18.69918699186992,70.73170731707317,62.601626016260155,8.130081300813007
E00118301,155,53,24,29,102,79,23,34.193548387096776,15.483870967741936,18.70967741935484,65.80645161290323,50.967741935483865,14.838709677419354
E00118302,175,63,19,44,112,76,36,36,10.857142857142858,25.142857142857146,64,43.42857142857143,20.57142857142857
E00118304,134,43,19,24,91,81,10,32.08955223880597,14.17910447761194,17.91044776119403,67.91044776119402,60.447761194029844,7.462686567164178
E00118305,129,40,17,23,89,71,18,31.007751937984494,13.178294573643413,17.829457364341085,68.9922480620155,55.03875968992248,13.953488372093023
E00118306,106,34,11,23,72,63,9,32.075471698113205,10.377358490566039,21.69811320754717,67.9245283018868,59.43396226415094,8.49056603773585
E00118307,143,48,22,26,95,73,22,33.56643356643357,15.384615384615385,18.181818181818183,66.43356643356644,51.048951048951054,15.384615384615385
E00118308,148,41,6,35,107,86,21,27.7027027027027,4.054054054054054,23.64864864864865,72.2972972972973,58.108108108108105,14.18918918918919
E00118309,152,53,24,29,99,70,29,34.868421052631575,15.789473684210526,19.078947368421055,65.13157894736842,46.05263157894737,19.078947368421055
E00118310,192,56,22,34,136,106,30,29.166666666666668,11.458333333333332,17.708333333333336,70.83333333333334,55.208333333333336,15.625
E00118311,231,41,9,32,190,150,40,17.74891774891775,3.896103896103896,13.852813852813853,82.25108225108225,64.93506493506493,17.316017316017316
E00118312,214,73,32,41,141,99,42,34.112149532710276,14.953271028037381,19.158878504672895,65.88785046728972,46.26168224299065,19.626168224299064
E00118313,196,63,27,36,133,113,20,32.142857142857146,13.77551020408163,18.367346938775512,67.85714285714286,57.6530612244898,10.204081632653061
E00118314,162,55,18,37,107,77,30,33.95061728395062,11.11111111111111,22.839506172839506,66.0493827160494,47.53086419753087,18.51851851851852
E00118315,186,70,19,51,116,94,22,37.634408602150536,10.21505376344086,27.419354838709676,62.365591397849464,50.53763440860215,11.827956989247312
E00118316,171,46,18,28,125,110,15,26.900584795321635,10.526315789473683,16.374269005847953,73.09941520467837,64.32748538011695,8.771929824561402
E00118317,189,63,19,44,126,98,28,33.33333333333333,10.052910052910052,23.28042328042328,66.66666666666666,51.85185185185185,14.814814814814813
E00118318,154,39,22,17,115,94,21,25.324675324675322,14.285714285714285,11.03896103896104,74.67532467532467,61.038961038961034,13.636363636363635
E00118319,165,25,4,21,140,105,35,15.151515151515152,2.4242424242424243,12.727272727272727,84.84848484848484,63.63636363636363,21.21212121212121
E00118320,252,42,12,30,210,151,59,16.666666666666664,4.761904761904762,11.904761904761903,83.33333333333334,59.92063492063492,23.41269841269841
E00118321,244,69,24,45,175,143,32,28.278688524590162,9.836065573770492,18.442622950819672,71.72131147540983,58.606557377049185,13.114754098360656
E00118322,183,64,28,36,119,85,34,34.97267759562842,15.300546448087433,19.672131147540984,65.02732240437157,46.44808743169399,18.579234972677597
E00118323,112,40,16,24,72,53,19,35.714285714285715,14.285714285714285,21.428571428571427,64.28571428571429,47.32142857142857,16.964285714285715
E00118324,183,55,15,40,128,108,20,30.05464480874317,8.19672131147541,21.85792349726776,69.94535519125684,59.01639344262295,10.92896174863388
E00167958,148,94,65,29,54,48,6,63.51351351351351,43.91891891891892,19.594594594594593,36.486486486486484,32.432432432432435,4.054054054054054
E00167959,100,35,15,20,65,48,17,35,15,20,65,48,17
E00167960,158,54,26,28,104,81,23,34.177215189873415,16.455696202531644,17.72151898734177,65.82278481012658,51.26582278481012,14.556962025316455
E00167961,212,48,23,25,164,124,40,22.641509433962266,10.849056603773585,11.79245283018868,77.35849056603774,58.490566037735846,18.867924528301888
E00167962,202,48,11,37,154,130,24,23.762376237623762,5.445544554455446,18.316831683168317,76.23762376237624,64.35643564356435,11.881188118811881
E00167963,207,45,9,36,162,135,27,21.73913043478261,4.3478260869565215,17.391304347826086,78.26086956521739,65.21739130434783,13.043478260869565
E00167964,230,52,16,36,178,146,32,22.608695652173914,6.956521739130435,15.65217391304348,77.39130434782608,63.47826086956522,13.91304347826087
E00167965,151,38,10,28,113,94,19,25.165562913907287,6.622516556291391,18.543046357615893,74.83443708609272,62.251655629139066,12.582781456953644
E00167966,194,46,19,27,148,125,23,23.711340206185564,9.793814432989691,13.917525773195877,76.28865979381443,64.43298969072166,11.855670103092782
E00167967,160,33,10,23,127,112,15,20.625,6.25,14.374999999999998,79.375,70,9.375
E00167968,239,70,26,44,169,122,47,29.288702928870293,10.87866108786611,18.410041841004183,70.7112970711297,51.04602510460251,19.665271966527197
E00167969,169,28,8,20,141,120,21,16.56804733727811,4.733727810650888,11.834319526627219,83.4319526627219,71.00591715976331,12.42603550295858
E00167970,130,27,8,19,103,93,10,20.76923076923077,6.153846153846154,14.615384615384617,79.23076923076923,71.53846153846153,7.6923076923076925
E00167971,183,31,14,17,152,129,23,16.939890710382514,7.650273224043716,9.289617486338798,83.06010928961749,70.49180327868852,12.568306010928962
E00167972,107,22,11,11,85,70,15,20.5607476635514,10.2803738317757,10.2803738317757,79.43925233644859,65.42056074766354,14.018691588785046
E00167973,136,29,11,18,107,59,48,21.323529411764707,8.088235294117647,13.23529411764706,78.67647058823529,43.38235294117647,35.294117647058826
E00167974,62,8,3,5,54,38,16,12.903225806451612,4.838709677419355,8.064516129032258,87.09677419354838,61.29032258064516,25.806451612903224
E00184857,143,51,19,32,92,64,28,35.66433566433567,13.286713286713287,22.377622377622377,64.33566433566433,44.75524475524475,19.58041958041958
E00184860,199,52,20,32,147,117,30,26.13065326633166,10.050251256281408,16.08040201005025,73.86934673366834,58.79396984924623,15.07537688442211
E00184865,151,52,21,31,99,74,25,34.437086092715234,13.90728476821192,20.52980132450331,65.56291390728477,49.00662251655629,16.55629139072848
E00184869,410,85,50,35,325,217,108,20.73170731707317,12.195121951219512,8.536585365853659,79.26829268292683,52.926829268292686,26.34146341463415
E00184874,109,30,11,19,79,62,17,27.522935779816514,10.091743119266056,17.431192660550458,72.47706422018348,56.88073394495413,15.59633027522936
E00184901,106,71,55,16,35,30,5,66.98113207547169,51.886792452830186,15.09433962264151,33.0188679245283,28.30188679245283,4.716981132075472
E00184906,180,52,16,36,128,98,30,28.888888888888886,8.88888888888889,20,71.11111111111111,54.44444444444444,16.666666666666664
E00184908,254,71,24,47,183,151,32,27.95275590551181,9.448818897637794,18.503937007874015,72.04724409448819,59.4488188976378,12.598425196850393
E00184915,88,17,5,12,71,52,19,19.318181818181817,5.681818181818182,13.636363636363635,80.68181818181817,59.09090909090909,21.59090909090909
E00184923,127,33,14,19,94,70,24,25.984251968503933,11.023622047244094,14.960629921259844,74.01574803149606,55.118110236220474,18.89763779527559
E00184931,266,54,16,38,212,160,52,20.30075187969925,6.015037593984962,14.285714285714285,79.69924812030075,60.150375939849624,19.548872180451127
E00184932,93,36,10,26,57,45,12,38.70967741935484,10.75268817204301,27.956989247311824,61.29032258064516,48.38709677419355,12.903225806451612
E00184950,66,19,9,10,47,31,16,28.78787878787879,13.636363636363635,15.151515151515152,71.21212121212122,46.96969696969697,24.242424242424242
E00184952,110,21,1,20,89,76,13,19.090909090909093,0.9090909090909091,18.181818181818183,80.9090909090909,69.0909090909091,11.818181818181818
E00184953,329,66,39,27,263,189,74,20.060790273556233,11.854103343465045,8.206686930091186,79.93920972644378,57.446808510638306,22.492401215805472
E00184958,175,53,22,31,122,93,29,30.28571428571429,12.571428571428573,17.71428571428571,69.71428571428572,53.142857142857146,16.57142857142857
E00184962,243,72,23,49,171,144,27,29.629629629629626,9.465020576131687,20.16460905349794,70.37037037037037,59.25925925925925,11.11111111111111
E00184974,194,68,34,34,126,92,34,35.051546391752574,17.525773195876287,17.525773195876287,64.94845360824742,47.42268041237113,17.525773195876287
E00184979,54,15,4,11,39,35,4,27.77777777777778,7.4074074074074066,20.37037037037037,72.22222222222221,64.81481481481481,7.4074074074074066
E00184984,300,78,25,53,222,185,37,26,8.333333333333332,17.666666666666668,74,61.66666666666667,12.333333333333334
E00184991,112,79,45,34,33,28,5,70.53571428571429,40.17857142857143,30.357142857142854,29.464285714285715,25,4.464285714285714
E00184992,180,53,19,34,127,100,27,29.444444444444446,10.555555555555555,18.88888888888889,70.55555555555556,55.55555555555556,15
E00184995,60,16,6,10,44,31,13,26.666666666666668,10,16.666666666666664,73.33333333333333,51.66666666666667,21.666666666666668
E00184998,223,58,23,35,165,118,47,26.00896860986547,10.31390134529148,15.695067264573993,73.99103139013454,52.91479820627802,21.076233183856502
E00185004,225,75,26,49,150,119,31,33.33333333333333,11.555555555555555,21.777777777777775,66.66666666666666,52.888888888888886,13.777777777777779
E00185011,121,37,13,24,84,67,17,30.57851239669421,10.743801652892563,19.834710743801654,69.42148760330579,55.371900826446286,14.049586776859504
E00185015,226,49,19,30,177,148,29,21.68141592920354,8.4070796460177,13.274336283185843,78.31858407079646,65.48672566371681,12.831858407079647
E00185017,74,14,7,7,60,49,11,18.91891891891892,9.45945945945946,9.45945945945946,81.08108108108108,66.21621621621621,14.864864864864865
E00185018,169,42,13,29,127,101,26,24.85207100591716,7.6923076923076925,17.159763313609467,75.14792899408283,59.76331360946746,15.384615384615385
E00185023,128,24,10,14,104,90,14,18.75,7.8125,10.9375,81.25,70.3125,10.9375
E00185032,226,47,14,33,179,150,29,20.79646017699115,6.1946902654867255,14.601769911504425,79.20353982300885,66.3716814159292,12.831858407079647
