OA,ts0590001,ts0590002,ts0590003,ts0590004,ts0590005,ts0590006,ts0590007,ts0590002_PCT,ts0590003_PCT,ts0590004_PCT,ts0590005_PCT,ts0590006_PCT,ts0590007_PCT
E00104453,85,28,9,19,57,47,10,32.94117647058823,10.588235294117647,22.35294117647059,67.05882352941175,55.294117647058826,11.76470588235294
E00104454,131,43,13,30,88,75,13,32.82442748091603,9.923664122137405,22.900763358778626,67.17557251908397,57.25190839694656,9.923664122137405
E00104455,140,39,10,29,101,88,13,27.857142857142858,7.142857142857142,20.714285714285715,72.14285714285714,62.857142857142854,9.285714285714286
E00104456,107,39,12,27,68,58,10,36.44859813084112,11.214953271028037,25.233644859813083,63.55140186915887,54.20560747663551,9.345794392523365
E00104457,127,23,6,17,104,90,14,18.11023622047244,4.724409448818897,13.385826771653544,81.88976377952756,70.86614173228347,11.023622047244094
E00104458,89,30,6,24,59,47,12,33.70786516853933,6.741573033707865,26.96629213483146,66.29213483146067,52.80898876404494,13.48314606741573
E00104459,80,25,8,17,55,44,11,31.25,10,21.25,68.75,55.00000000000001,13.750000000000002
E00104460,175,61,21,40,114,91,23,34.85714285714286,12,22.857142857142858,65.14285714285715,52,13.142857142857142
E00104461,143,48,15,33,95,90,5,33.56643356643357,10.48951048951049,23.076923076923077,66.43356643356644,62.93706293706294,3.4965034965034967
E00104462,126,26,10,16,100,89,11,20.634920634920633,7.936507936507936,12.698412698412698,79.36507936507937,70.63492063492063,8.73015873015873
E00104463,103,36,10,26,67,58,9,34.95145631067961,9.70873786407767,25.24271844660194,65.0485436893204,56.310679611650485,8.737864077669903
E00104464,103,32,8,24,71,66,5,31.06796116504854,7.766990291262135,23.300970873786408,68.93203883495146,64.07766990291263,4.854368932038835
E00104465,96,35,9,26,61,54,7,36.45833333333333,9.375,27.083333333333332,63.541666666666664,56.25,7.291666666666667
E00104466,115,35,8,27,80,71,9,30.434782608695656,6.956521739130435,23.47826086956522,69.56521739130434,61.73913043478261,7.82608695652174
E00104467,139,33,6,27,106,91,15,23.741007194244602,4.316546762589928,19.424460431654676,76.2589928057554,65.46762589928058,10.79136690647482
E00104468,126,46,13,33,80,71,9,36.507936507936506,10.317460317460316,26.190476190476193,63.49206349206349,56.34920634920635,7.142857142857142
E00104469,113,27,6,21,86,80,6,23.893805309734514,5.3097345132743365,18.58407079646018,76.10619469026548,70.79646017699115,5.3097345132743365
E00104470,95,32,4,28,63,54,9,33.68421052631579,4.2105263157894735,29.47368421052631,66.3157894736842,56.84210526315789,9.473684210526317
E00104471,111,35,8,27,76,65,11,31.53153153153153,7.207207207207207,24.324324324324326,68.46846846846847,58.55855855855856,9.90990990990991
E00104472,158,40,12,28,118,99,19,25.31645569620253,7.59493670886076,17.72151898734177,74.68354430379746,62.65822784810127,12.025316455696203
E00104473,135,45,19,26,90,74,16,33.33333333333333,14.074074074074074,19.25925925925926,66.66666666666666,54.81481481481482,11.851851851851853
E00104474,121,37,15,22,84,68,16,30.57851239669421,12.396694214876034,18.181818181818183,69.42148760330579,56.19834710743802,13.223140495867769
E00104475,110,26,5,21,84,73,11,23.636363636363637,4.545454545454546,19.090909090909093,76.36363636363637,66.36363636363637,10
E00104476,152,36,6,30,116,100,16,23.684210526315788,3.9473684210526314,19.736842105263158,76.31578947368422,65.78947368421053,10.526315789473683
E00104477,83,31,13,18,52,43,9,37.34939759036144,15.66265060240964,21.686746987951807,62.65060240963856,51.80722891566265,10.843373493975903
E00104478,91,28,7,21,63,53,10,30.76923076923077,7.6923076923076925,23.076923076923077,69.23076923076923,58.24175824175825,10.989010989010989
E00104479,175,40,7,33,135,123,12,22.857142857142858,4,18.857142857142858,77.14285714285715,70.28571428571428,6.857142857142858
E00104480,101,27,8,19,74,63,11,26.732673267326735,7.920792079207921,18.81188118811881,73.26732673267327,62.37623762376238,10.891089108910892
E00104481,130,36,11,25,94,81,13,27.692307692307693,8.461538461538462,19.230769230769234,72.3076923076923,62.30769230769231,10
E00104482,111,38,9,29,73,64,9,34.234234234234236,8.108108108108109,26.126126126126124,65.76576576576578,57.65765765765766,8.108108108108109
E00104483,112,33,11,22,79,70,9,29.464285714285715,9.821428571428571,19.642857142857142,70.53571428571429,62.5,8.035714285714286
E00104484,125,33,14,19,92,80,12,26.400000000000002,11.200000000000001,15.2,73.6,64,9.6
E00104485,149,43,15,28,106,95,11,28.859060402684566,10.06711409395973,18.79194630872483,71.14093959731544,63.758389261744966,7.38255033557047
E00104486,109,36,14,22,73,67,6,33.02752293577982,12.844036697247708,20.18348623853211,66.97247706422019,61.46788990825688,5.5045871559633035
E00104487,90,25,10,15,65,59,6,27.77777777777778,11.11111111111111,16.666666666666664,72.22222222222221,65.55555555555556,6.666666666666667
E00104488,73,23,7,16,50,42,8,31.506849315068493,9.58904109589041,21.91780821917808,68.4931506849315,57.534246575342465,10.95890410958904
E00104489,115,33,15,18,82,74,8,28.695652173913043,13.043478260869565,15.65217391304348,71.30434782608695,64.34782608695652,6.956521739130435
E00104490,109,23,5,18,86,77,9,21.100917431192663,4.587155963302752,16.51376146788991,78.89908256880734,70.64220183486239,8.256880733944955
E00104491,122,41,18,23,81,72,9,33.60655737704918,14.754098360655737,18.852459016393443,66.39344262295081,59.01639344262295,7.377049180327869
E00104492,103,41,17,24,62,56,6,39.80582524271845,16.50485436893204,23.300970873786408,60.19417475728155,54.36893203883495,5.825242718446602
E00104493,161,47,14,33,114,98,16,29.19254658385093,8.695652173913043,20.496894409937887,70.80745341614907,60.86956521739131,9.937888198757763
E00104494,135,30,10,20,105,97,8,22.22222222222222,7.4074074074074066,14.814814814814813,77.77777777777779,71.85185185185186,5.9259259259259265
E00104495,138,40,13,27,98,85,13,28.985507246376812,9.420289855072465,19.565217391304348,71.01449275362319,61.59420289855072,9.420289855072465
E00104496,128,33,5,28,95,79,16,25.78125,3.90625,21.875,74.21875,61.71875,12.5
E00104497,244,50,18,32,194,179,15,20.491803278688526,7.377049180327869,13.114754098360656,79.50819672131148,73.36065573770492,6.147540983606557
E00104498,129,44,5,39,85,78,7,34.10852713178294,3.875968992248062,30.23255813953488,65.89147286821705,60.46511627906976,5.426356589147287
E00104499,153,44,10,34,109,95,14,28.75816993464052,6.535947712418301,22.22222222222222,71.24183006535948,62.091503267973856,9.15032679738562
E00104500,107,36,13,23,71,57,14,33.64485981308411,12.149532710280374,21.49532710280374,66.35514018691589,53.271028037383175,13.084112149532709
E00104501,96,30,4,26,66,54,12,31.25,4.166666666666666,27.083333333333332,68.75,56.25,12.5
E00104502,47,11,7,4,36,33,3,23.404255319148938,14.893617021276595,8.51063829787234,76.59574468085107,70.2127659574468,6.382978723404255
E00104503,100,33,12,21,67,59,8,33,12,21,67,59,8
E00104504,115,33,11,22,82,68,14,28.695652173913043,9.565217391304348,19.130434782608695,71.30434782608695,59.130434782608695,12.173913043478262
E00104505,82,31,12,19,51,42,9,37.80487804878049,14.634146341463413,23.170731707317074,62.19512195121951,51.21951219512195,10.975609756097562
E00104506,116,28,8,20,88,75,13,24.137931034482758,6.896551724137931,17.24137931034483,75.86206896551724,64.65517241379311,11.206896551724139
E00104507,169,46,15,31,123,106,17,27.218934911242602,8.875739644970414,18.34319526627219,72.7810650887574,62.721893491124256,10.059171597633137
E00104508,115,40,14,26,75,70,5,34.78260869565217,12.173913043478262,22.608695652173914,65.21739130434783,60.86956521739131,4.3478260869565215
E00104509,110,35,9,26,75,64,11,31.818181818181817,8.181818181818182,23.636363636363637,68.18181818181817,58.18181818181818,10
E00104510,105,35,12,23,70,64,6,33.33333333333333,11.428571428571429,21.904761904761905,66.66666666666666,60.952380952380956,5.714285714285714
E00104511,114,39,13,26,75,70,5,34.21052631578947,11.403508771929824,22.807017543859647,65.78947368421053,61.40350877192983,4.385964912280701
E00104512,105,31,14,17,74,67,7,29.523809523809526,13.333333333333334,16.19047619047619,70.47619047619048,63.8095238095238,6.666666666666667
E00104513,104,39,9,30,65,57,8,37.5,8.653846153846153,28.846153846153843,62.5,54.807692307692314,7.6923076923076925
E00104514,114,36,14,22,78,69,9,31.57894736842105,12.280701754385964,19.298245614035086,68.42105263157895,60.526315789473685,7.894736842105263
E00104515,100,38,12,26,62,54,8,38,12,26,62,54,8
E00104516,127,38,11,27,89,79,10,29.92125984251969,8.661417322834646,21.25984251968504,70.07874015748031,62.20472440944882,7.874015748031496
E00104517,75,20,1,19,55,48,7,26.666666666666668,1.3333333333333335,25.333333333333336,73.33333333333333,64,9.333333333333334
E00104518,117,40,9,31,77,73,4,34.18803418803419,7.6923076923076925,26.495726495726498,65.8119658119658,62.39316239316239,3.418803418803419
E00104519,205,61,25,36,144,116,28,29.756097560975608,12.195121951219512,17.560975609756095,70.24390243902438,56.58536585365853,13.658536585365855
E00104520,125,46,13,33,79,69,10,36.8,10.4,26.400000000000002,63.2,55.2,8
E00104521,51,9,0,9,42,38,4,17.647058823529413,0,17.647058823529413,82.35294117647058,74.50980392156863,7.8431372549019605
E00104522,83,25,11,14,58,51,7,30.120481927710845,13.253012048192772,16.867469879518072,69.87951807228916,61.44578313253012,8.433734939759036
E00104523,194,36,10,26,158,139,19,18.556701030927837,5.154639175257731,13.402061855670103,81.44329896907216,71.64948453608247,9.793814432989691
E00104524,104,29,10,19,75,58,17,27.884615384615387,9.615384615384617,18.269230769230766,72.11538461538461,55.769230769230774,16.346153846153847
E00104525,86,31,9,22,55,48,7,36.04651162790697,10.465116279069768,25.581395348837212,63.95348837209303,55.81395348837209,8.13953488372093
E00104526,128,45,10,35,83,67,16,35.15625,7.8125,27.34375,64.84375,52.34375,12.5
E00104527,199,54,18,36,145,128,17,27.1356783919598,9.045226130653267,18.090452261306535,72.8643216080402,64.321608040201,8.542713567839195
E00104528,160,42,11,31,118,105,13,26.25,6.875000000000001,19.375,73.75,65.625,8.125
E00104529,99,25,10,15,74,63,11,25.252525252525253,10.1010101010101,15.151515151515152,74.74747474747475,63.63636363636363,11.11111111111111
E00104530,140,44,19,25,96,84,12,31.428571428571427,13.571428571428571,17.857142857142858,68.57142857142857,60,8.571428571428571
E00104531,163,53,23,30,110,92,18,32.515337423312886,14.11042944785276,18.404907975460123,67.48466257668711,56.44171779141104,11.042944785276074
E00104532,143,37,13,24,106,89,17,25.874125874125873,9.090909090909092,16.783216783216783,74.12587412587412,62.23776223776224,11.888111888111888
E00104533,185,45,20,25,140,114,26,24.324324324324326,10.81081081081081,13.513513513513514,75.67567567567568,61.62162162162163,14.054054054054054
E00104534,191,48,22,26,143,116,27,25.13089005235602,11.518324607329843,13.612565445026178,74.86910994764398,60.73298429319372,14.136125654450263
E00104535,132,33,11,22,99,85,14,25,8.333333333333332,16.666666666666664,75,64.39393939393939,10.606060606060606
E00104536,165,46,14,32,119,103,16,27.878787878787882,8.484848484848486,19.393939393939394,72.12121212121212,62.42424242424243,9.696969696969697
E00104537,73,16,3,13,57,50,7,21.91780821917808,4.10958904109589,17.80821917808219,78.08219178082192,68.4931506849315,9.58904109589041
E00104538,138,39,12,27,99,88,11,28.26086956521739,8.695652173913043,19.565217391304348,71.73913043478261,63.76811594202898,7.971014492753622
E00104539,124,32,6,26,92,76,16,25.806451612903224,4.838709677419355,20.967741935483872,74.19354838709677,61.29032258064516,12.903225806451612
E00104540,105,23,6,17,82,69,13,21.904761904761905,5.714285714285714,16.19047619047619,78.0952380952381,65.71428571428571,12.380952380952381
E00104541,114,31,8,23,83,76,7,27.192982456140353,7.017543859649122,20.175438596491226,72.80701754385966,66.66666666666666,6.140350877192982
E00104542,81,25,7,18,56,49,7,30.864197530864196,8.641975308641975,22.22222222222222,69.1358024691358,60.49382716049383,8.641975308641975
E00104543,92,25,7,18,67,59,8,27.173913043478258,7.608695652173914,19.565217391304348,72.82608695652173,64.13043478260869,8.695652173913043
E00104544,94,22,9,13,72,58,14,23.404255319148938,9.574468085106384,13.829787234042554,76.59574468085107,61.702127659574465,14.893617021276595
E00104545,86,24,11,13,62,56,6,27.906976744186046,12.790697674418606,15.11627906976744,72.09302325581395,65.11627906976744,6.976744186046512
E00104546,218,65,21,44,153,138,15,29.81651376146789,9.63302752293578,20.18348623853211,70.18348623853211,63.30275229357798,6.8807339449541285
E00104547,127,45,21,24,82,75,7,35.43307086614173,16.535433070866144,18.89763779527559,64.56692913385827,59.055118110236215,5.511811023622047
E00104548,117,34,10,24,83,64,19,29.059829059829063,8.547008547008547,20.51282051282051,70.94017094017094,54.700854700854705,16.23931623931624
E00104549,131,36,10,26,95,80,15,27.480916030534353,7.633587786259542,19.84732824427481,72.51908396946564,61.06870229007634,11.450381679389313
E00104550,159,48,9,39,111,102,9,30.18867924528302,5.660377358490567,24.528301886792452,69.81132075471697,64.15094339622641,5.660377358490567
E00104551,83,23,11,12,60,50,10,27.710843373493976,13.253012048192772,14.457831325301203,72.28915662650603,60.24096385542169,12.048192771084338
E00104552,80,22,12,10,58,52,6,27.500000000000004,15,12.5,72.5,65,7.5
E00104553,129,33,6,27,96,81,15,25.581395348837212,4.651162790697675,20.930232558139537,74.4186046511628,62.7906976744186,11.627906976744185
E00104554,103,28,4,24,75,65,10,27.184466019417474,3.8834951456310676,23.300970873786408,72.81553398058253,63.10679611650486,9.70873786407767
E00104555,169,43,13,30,126,117,9,25.443786982248522,7.6923076923076925,17.75147928994083,74.55621301775149,69.23076923076923,5.325443786982249
E00104556,129,33,6,27,96,85,11,25.581395348837212,4.651162790697675,20.930232558139537,74.4186046511628,65.89147286821705,8.527131782945736
E00104557,150,49,16,33,101,91,10,32.666666666666664,10.666666666666668,22,67.33333333333333,60.66666666666667,6.666666666666667
E00104558,135,37,13,24,98,84,14,27.40740740740741,9.62962962962963,17.77777777777778,72.5925925925926,62.22222222222222,10.37037037037037
E00104559,82,23,8,15,59,41,18,28.04878048780488,9.75609756097561,18.29268292682927,71.95121951219512,50,21.951219512195124
E00104560,105,29,8,21,76,61,15,27.61904761904762,7.6190476190476195,20,72.38095238095238,58.0952380952381,14.285714285714285
E00104561,117,35,10,25,82,70,12,29.914529914529915,8.547008547008547,21.367521367521366,70.08547008547008,59.82905982905983,10.256410256410255
E00104562,116,32,9,23,84,73,11,27.586206896551722,7.758620689655173,19.82758620689655,72.41379310344827,62.93103448275862,9.482758620689655
E00104563,69,35,6,29,34,29,5,50.72463768115942,8.695652173913043,42.028985507246375,49.275362318840585,42.028985507246375,7.246376811594203
E00104564,99,41,12,29,58,52,6,41.41414141414141,12.121212121212121,29.292929292929294,58.58585858585859,52.52525252525253,6.0606060606060606
E00104566,133,45,9,36,88,74,14,33.83458646616541,6.7669172932330826,27.06766917293233,66.16541353383458,55.639097744360896,10.526315789473683
E00104567,141,29,9,20,112,89,23,20.56737588652482,6.382978723404255,14.184397163120568,79.43262411347519,63.12056737588653,16.312056737588655
E00104568,139,36,22,14,103,88,15,25.899280575539567,15.827338129496402,10.071942446043165,74.10071942446042,63.30935251798561,10.79136690647482
E00104569,121,37,14,23,84,66,18,30.57851239669421,11.570247933884298,19.00826446280992,69.42148760330579,54.54545454545454,14.87603305785124
E00104570,116,35,8,27,81,70,11,30.17241379310345,6.896551724137931,23.275862068965516,69.82758620689656,60.3448275862069,9.482758620689655
E00104572,156,48,15,33,108,95,13,30.76923076923077,9.615384615384617,21.153846153846153,69.23076923076923,60.89743589743589,8.333333333333332
E00104573,142,32,9,23,110,97,13,22.535211267605636,6.338028169014084,16.19718309859155,77.46478873239437,68.30985915492957,9.15492957746479
E00104574,115,31,11,20,84,65,19,26.956521739130434,9.565217391304348,17.391304347826086,73.04347826086956,56.52173913043478,16.52173913043478
E00104575,93,20,6,14,73,65,8,21.50537634408602,6.451612903225806,15.053763440860216,78.49462365591397,69.89247311827957,8.60215053763441
E00104576,214,72,18,54,142,115,27,33.64485981308411,8.411214953271028,25.233644859813083,66.35514018691589,53.73831775700935,12.616822429906541
E00104577,184,44,11,33,140,119,21,23.91304347826087,5.978260869565218,17.934782608695652,76.08695652173914,64.67391304347827,11.41304347826087
E00104578,124,27,4,23,97,81,16,21.774193548387096,3.225806451612903,18.548387096774192,78.2258064516129,65.32258064516128,12.903225806451612
E00104579,77,20,7,13,57,47,10,25.97402597402597,9.090909090909092,16.883116883116884,74.02597402597402,61.038961038961034,12.987012987012985
E00104580,137,52,10,42,85,74,11,37.95620437956204,7.2992700729927,30.656934306569344,62.04379562043796,54.01459854014598,8.02919708029197
E00104581,80,19,6,13,61,53,8,23.75,7.5,16.25,76.25,66.25,10
E00104582,124,28,11,17,96,83,13,22.58064516129032,8.870967741935484,13.709677419354838,77.41935483870968,66.93548387096774,10.483870967741936
E00104583,146,43,14,29,103,95,8,29.45205479452055,9.58904109589041,19.863013698630137,70.54794520547945,65.06849315068493,5.47945205479452
E00104584,124,36,12,24,88,75,13,29.03225806451613,9.67741935483871,19.35483870967742,70.96774193548387,60.483870967741936,10.483870967741936
E00104585,136,36,8,28,100,81,19,26.47058823529412,5.88235294117647,20.588235294117645,73.52941176470588,59.55882352941176,13.970588235294118
E00104586,98,31,6,25,67,63,4,31.63265306122449,6.122448979591836,25.510204081632654,68.36734693877551,64.28571428571429,4.081632653061225
E00104587,51,22,5,17,29,26,3,43.13725490196079,9.803921568627452,33.33333333333333,56.86274509803921,50.98039215686274,5.88235294117647
E00104588,70,16,4,12,54,45,9,22.857142857142858,5.714285714285714,17.142857142857142,77.14285714285715,64.28571428571429,12.857142857142856
E00104589,117,42,14,28,75,64,11,35.8974358974359,11.965811965811966,23.931623931623932,64.1025641025641,54.700854700854705,9.401709401709402
E00104590,127,30,9,21,97,85,12,23.62204724409449,7.086614173228346,16.535433070866144,76.37795275590551,66.92913385826772,9.448818897637794
E00104591,159,38,12,26,121,107,14,23.89937106918239,7.547169811320755,16.352201257861633,76.10062893081762,67.29559748427673,8.80503144654088
E00104592,163,47,8,39,116,107,9,28.834355828220858,4.9079754601226995,23.92638036809816,71.16564417177914,65.6441717791411,5.521472392638037
E00104593,98,38,16,22,60,54,6,38.775510204081634,16.3265306122449,22.448979591836736,61.224489795918366,55.10204081632652,6.122448979591836
E00104594,171,46,13,33,125,105,20,26.900584795321635,7.602339181286549,19.298245614035086,73.09941520467837,61.40350877192983,11.695906432748536
E00104595,177,55,17,38,122,104,18,31.07344632768362,9.6045197740113,21.468926553672315,68.92655367231639,58.75706214689266,10.16949152542373
E00104596,138,25,7,18,113,99,14,18.115942028985508,5.072463768115942,13.043478260869565,81.88405797101449,71.73913043478261,10.144927536231885
E00104597,91,30,5,25,61,58,3,32.967032967032964,5.4945054945054945,27.472527472527474,67.03296703296702,63.73626373626373,3.296703296703297
E00104598,97,26,6,20,71,68,3,26.804123711340207,6.185567010309279,20.618556701030926,73.19587628865979,70.10309278350515,3.0927835051546393
E00104600,152,48,18,30,104,92,12,31.57894736842105,11.842105263157894,19.736842105263158,68.42105263157895,60.526315789473685,7.894736842105263
E00104601,138,27,9,18,111,103,8,19.565217391304348,6.521739130434782,13.043478260869565,80.43478260869566,74.63768115942028,5.797101449275362
E00104602,181,50,12,38,131,119,12,27.624309392265197,6.629834254143646,20.994475138121548,72.37569060773481,65.74585635359117,6.629834254143646
E00104603,46,12,0,12,34,30,4,26.08695652173913,0,26.08695652173913,73.91304347826086,65.21739130434783,8.695652173913043
E00104604,226,55,23,32,171,154,17,24.336283185840706,10.176991150442479,14.15929203539823,75.66371681415929,68.14159292035397,7.52212389380531
E00104605,258,81,21,60,177,155,22,31.3953488372093,8.13953488372093,23.25581395348837,68.6046511627907,60.07751937984496,8.527131782945736
E00104606,219,52,12,40,167,141,26,23.74429223744292,5.47945205479452,18.2648401826484,76.25570776255708,64.38356164383562,11.87214611872146
E00104607,153,43,14,29,110,92,18,28.104575163398692,9.15032679738562,18.954248366013072,71.89542483660131,60.130718954248366,11.76470588235294
E00104608,123,28,12,16,95,77,18,22.76422764227642,9.75609756097561,13.008130081300814,77.23577235772358,62.601626016260155,14.634146341463413
E00104609,83,24,9,15,59,49,10,28.915662650602407,10.843373493975903,18.072289156626507,71.08433734939759,59.036144578313255,12.048192771084338
E00104610,163,57,15,42,106,91,15,34.96932515337423,9.202453987730062,25.766871165644172,65.03067484662577,55.828220858895705,9.202453987730062
E00104611,165,41,12,29,124,111,13,24.848484848484848,7.2727272727272725,17.575757575757574,75.15151515151514,67.27272727272727,7.878787878787878
E00104612,181,50,15,35,131,116,15,27.624309392265197,8.287292817679557,19.337016574585636,72.37569060773481,64.08839779005525,8.287292817679557
E00104613,277,82,13,69,195,178,17,29.602888086642597,4.693140794223827,24.90974729241877,70.3971119133574,64.25992779783394,6.137184115523466
E00104614,138,30,8,22,108,93,15,21.73913043478261,5.797101449275362,15.942028985507244,78.26086956521739,67.3913043478261,10.869565217391305
E00104615,128,45,16,29,83,77,6,35.15625,12.5,22.65625,64.84375,60.15625,4.6875
E00104616,198,49,13,36,149,132,17,24.747474747474747,6.565656565656567,18.181818181818183,75.25252525252525,66.66666666666666,8.585858585858585
E00104617,202,44,11,33,158,148,10,21.782178217821784,5.445544554455446,16.33663366336634,78.21782178217822,73.26732673267327,4.9504950495049505
E00104618,86,27,12,15,59,59,0,31.3953488372093,13.953488372093023,17.441860465116278,68.6046511627907,68.6046511627907,0
E00104619,83,27,8,19,56,45,11,32.53012048192771,9.63855421686747,22.89156626506024,67.46987951807229,54.21686746987952,13.253012048192772
E00104620,124,42,12,30,82,71,11,33.87096774193548,9.67741935483871,24.193548387096776,66.12903225806451,57.25806451612904,8.870967741935484
E00104621,90,28,5,23,62,54,8,31.11111111111111,5.555555555555555,25.555555555555554,68.88888888888889,60,8.88888888888889
E00104622,193,54,12,42,139,124,15,27.979274611398964,6.217616580310881,21.761658031088082,72.02072538860104,64.24870466321244,7.772020725388601
E00104623,92,34,13,21,58,51,7,36.95652173913043,14.130434782608695,22.82608695652174,63.04347826086957,55.434782608695656,7.608695652173914
E00104624,138,36,10,26,102,91,11,26.08695652173913,7.246376811594203,18.84057971014493,73.91304347826086,65.94202898550725,7.971014492753622
E00104626,131,38,16,22,93,85,8,29.00763358778626,12.213740458015266,16.793893129770993,70.99236641221374,64.8854961832061,6.106870229007633
E00104627,160,32,6,26,128,118,10,20,3.75,16.25,80,73.75,6.25
E00104628,169,48,18,30,121,108,13,28.402366863905325,10.650887573964498,17.75147928994083,71.59763313609467,63.905325443786985,7.6923076923076925
E00104629,186,56,20,36,130,106,24,30.107526881720432,10.75268817204301,19.35483870967742,69.89247311827957,56.98924731182796,12.903225806451612
E00104630,143,51,12,39,92,88,4,35.66433566433567,8.391608391608392,27.27272727272727,64.33566433566433,61.53846153846154,2.797202797202797
E00104632,166,48,17,31,118,102,16,28.915662650602407,10.240963855421686,18.67469879518072,71.08433734939759,61.44578313253012,9.63855421686747
E00104633,139,41,12,29,98,89,9,29.496402877697843,8.633093525179856,20.863309352517987,70.50359712230215,64.02877697841727,6.474820143884892
E00104634,132,36,12,24,96,85,11,27.27272727272727,9.090909090909092,18.181818181818183,72.72727272727273,64.39393939393939,8.333333333333332
E00104635,163,41,10,31,122,102,20,25.153374233128833,6.134969325153374,19.018404907975462,74.84662576687117,62.57668711656442,12.269938650306749
E00104636,112,22,4,18,90,79,11,19.642857142857142,3.571428571428571,16.071428571428573,80.35714285714286,70.53571428571429,9.821428571428571
E00104637,59,23,5,18,36,36,0,38.983050847457626,8.47457627118644,30.508474576271187,61.016949152542374,61.016949152542374,0
E00104638,92,21,5,16,71,66,5,22.82608695652174,5.434782608695652,17.391304347826086,77.17391304347827,71.73913043478261,5.434782608695652
E00104639,83,23,7,16,60,57,3,27.710843373493976,8.433734939759036,19.27710843373494,72.28915662650603,68.67469879518072,3.614457831325301
E00104641,81,24,7,17,57,49,8,29.629629629629626,8.641975308641975,20.98765432098765,70.37037037037037,60.49382716049383,9.876543209876543
E00104642,132,48,16,32,84,68,16,36.36363636363637,12.121212121212121,24.242424242424242,63.63636363636363,51.515151515151516,12.121212121212121
E00104643,111,35,13,22,76,62,14,31.53153153153153,11.711711711711711,19.81981981981982,68.46846846846847,55.85585585585585,12.612612612612612
E00104644,123,29,3,26,94,88,6,23.577235772357724,2.4390243902439024,21.138211382113823,76.42276422764228,71.54471544715447,4.878048780487805
E00104645,57,21,4,17,36,29,7,36.84210526315789,7.017543859649122,29.82456140350877,63.1578947368421,50.877192982456144,12.280701754385964
E00104646,107,37,12,25,70,66,4,34.57943925233645,11.214953271028037,23.364485981308412,65.42056074766354,61.6822429906542,3.7383177570093453
E00104647,130,33,10,23,97,83,14,25.384615384615383,7.6923076923076925,17.692307692307693,74.61538461538461,63.84615384615384,10.76923076923077
E00104648,228,81,30,51,147,123,24,35.526315789473685,13.157894736842104,22.36842105263158,64.47368421052632,53.94736842105263,10.526315789473683
E00104649,107,34,12,22,73,56,17,31.775700934579437,11.214953271028037,20.5607476635514,68.22429906542055,52.336448598130836,15.887850467289718
E00104650,71,16,4,12,55,49,6,22.535211267605636,5.633802816901409,16.901408450704224,77.46478873239437,69.01408450704226,8.450704225352112
E00104651,97,36,11,25,61,55,6,37.11340206185567,11.34020618556701,25.773195876288657,62.88659793814433,56.70103092783505,6.185567010309279
E00104652,128,53,14,39,75,66,9,41.40625,10.9375,30.46875,58.59375,51.5625,7.03125
E00104653,129,34,13,21,95,84,11,26.356589147286826,10.077519379844961,16.27906976744186,73.64341085271317,65.11627906976744,8.527131782945736
E00104654,154,39,9,30,115,103,12,25.324675324675322,5.844155844155844,19.480519480519483,74.67532467532467,66.88311688311688,7.792207792207792
E00104655,99,26,8,18,73,67,6,26.262626262626267,8.080808080808081,18.181818181818183,73.73737373737373,67.67676767676768,6.0606060606060606
E00104656,166,40,14,26,126,109,17,24.096385542168676,8.433734939759036,15.66265060240964,75.90361445783132,65.66265060240963,10.240963855421686
E00104657,145,36,16,20,109,95,14,24.82758620689655,11.03448275862069,13.793103448275861,75.17241379310344,65.51724137931035,9.655172413793103
E00104658,104,28,6,22,76,71,5,26.923076923076923,5.769230769230769,21.153846153846153,73.07692307692307,68.26923076923077,4.807692307692308
E00104659,137,41,8,33,96,87,9,29.927007299270077,5.839416058394161,24.087591240875913,70.07299270072993,63.503649635036496,6.569343065693431
E00104661,130,41,15,26,89,74,15,31.538461538461537,11.538461538461538,20,68.46153846153847,56.92307692307692,11.538461538461538
E00104662,202,49,20,29,153,120,33,24.257425742574256,9.900990099009901,14.356435643564355,75.74257425742574,59.4059405940594,16.33663366336634
E00104663,182,52,17,35,130,116,14,28.57142857142857,9.340659340659341,19.230769230769234,71.42857142857143,63.73626373626373,7.6923076923076925
E00104664,142,37,18,19,105,88,17,26.056338028169012,12.676056338028168,13.380281690140844,73.94366197183099,61.97183098591549,11.971830985915492
E00104665,158,42,12,30,116,93,23,26.582278481012654,7.59493670886076,18.9873417721519,73.41772151898735,58.86075949367089,14.556962025316455
E00104666,124,35,8,27,89,76,13,28.225806451612907,6.451612903225806,21.774193548387096,71.7741935483871,61.29032258064516,10.483870967741936
E00104667,122,31,9,22,91,79,12,25.40983606557377,7.377049180327869,18.0327868852459,74.59016393442623,64.75409836065575,9.836065573770492
E00104668,113,37,9,28,76,67,9,32.743362831858406,7.964601769911504,24.778761061946902,67.2566371681416,59.29203539823009,7.964601769911504
E00104669,120,28,12,16,92,83,9,23.333333333333332,10,13.333333333333334,76.66666666666667,69.16666666666667,7.5
E00104670,96,24,9,15,72,59,13,25,9.375,15.625,75,61.458333333333336,13.541666666666666
E00104671,140,34,9,25,106,89,17,24.285714285714285,6.428571428571428,17.857142857142858,75.71428571428571,63.57142857142857,12.142857142857142
E00104672,135,38,10,28,97,78,19,28.14814814814815,7.4074074074074066,20.74074074074074,71.85185185185186,57.77777777777777,14.074074074074074
E00104673,131,34,13,21,97,86,11,25.954198473282442,9.923664122137405,16.030534351145036,74.04580152671755,65.64885496183206,8.396946564885496
E00104674,99,44,11,33,55,44,11,44.44444444444444,11.11111111111111,33.33333333333333,55.55555555555556,44.44444444444444,11.11111111111111
E00104675,133,48,15,33,85,78,7,36.09022556390977,11.278195488721805,24.81203007518797,63.90977443609023,58.64661654135338,5.263157894736842
E00104676,178,44,20,24,134,118,16,24.719101123595504,11.235955056179774,13.48314606741573,75.28089887640449,66.29213483146067,8.98876404494382
E00104677,60,15,6,9,45,39,6,25,10,15,75,65,10
E00104678,197,53,19,34,144,119,25,26.903553299492383,9.644670050761421,17.258883248730964,73.09644670050761,60.40609137055838,12.690355329949238
E00104679,78,31,7,24,47,41,6,39.743589743589745,8.974358974358974,30.76923076923077,60.256410256410255,52.56410256410257,7.6923076923076925
E00104680,86,24,8,16,62,53,9,27.906976744186046,9.30232558139535,18.6046511627907,72.09302325581395,61.627906976744185,10.465116279069768
E00104681,127,46,18,28,81,68,13,36.22047244094488,14.173228346456693,22.04724409448819,63.77952755905512,53.54330708661418,10.236220472440944
E00104682,155,43,7,36,112,100,12,27.741935483870968,4.516129032258064,23.225806451612904,72.25806451612902,64.51612903225806,7.741935483870968
E00104683,124,39,13,26,85,76,9,31.451612903225808,10.483870967741936,20.967741935483872,68.54838709677419,61.29032258064516,7.258064516129033
E00104684,68,15,5,10,53,39,14,22.058823529411764,7.352941176470589,14.705882352941178,77.94117647058823,57.35294117647059,20.588235294117645
E00104685,180,47,14,33,133,116,17,26.111111111111114,7.777777777777778,18.333333333333332,73.88888888888889,64.44444444444444,9.444444444444445
E00104686,225,62,16,46,163,138,25,27.555555555555557,7.111111111111111,20.444444444444446,72.44444444444444,61.33333333333333,11.11111111111111
E00104687,94,32,7,25,62,49,13,34.04255319148936,7.446808510638298,26.595744680851062,65.95744680851064,52.12765957446809,13.829787234042554
E00104688,88,32,7,25,56,49,7,36.36363636363637,7.954545454545454,28.40909090909091,63.63636363636363,55.68181818181818,7.954545454545454
E00104689,132,38,18,20,94,80,14,28.78787878787879,13.636363636363635,15.151515151515152,71.21212121212122,60.60606060606061,10.606060606060606
E00104690,111,27,9,18,84,76,8,24.324324324324326,8.108108108108109,16.216216216216218,75.67567567567568,68.46846846846847,7.207207207207207
E00104691,122,32,7,25,90,75,15,26.229508196721312,5.737704918032787,20.491803278688526,73.77049180327869,61.47540983606557,12.295081967213115
E00104692,118,21,0,21,97,83,14,17.796610169491526,0,17.796610169491526,82.20338983050848,70.33898305084746,11.864406779661017
E00104693,180,38,7,31,142,121,21,21.11111111111111,3.888888888888889,17.22222222222222,78.88888888888889,67.22222222222223,11.666666666666666
E00104694,157,39,10,29,118,100,18,24.840764331210192,6.369426751592357,18.471337579617835,75.15923566878982,63.69426751592356,11.464968152866243
E00104695,120,26,5,21,94,81,13,21.666666666666668,4.166666666666666,17.5,78.33333333333333,67.5,10.833333333333334
E00104696,140,45,14,31,95,80,15,32.142857142857146,10,22.142857142857142,67.85714285714286,57.14285714285714,10.714285714285714
E00104697,126,39,8,31,87,73,14,30.952380952380953,6.349206349206349,24.6031746031746,69.04761904761905,57.936507936507944,11.11111111111111
E00104698,181,58,21,37,123,94,29,32.04419889502763,11.602209944751381,20.441988950276244,67.95580110497238,51.93370165745856,16.022099447513813
E00104699,132,34,11,23,98,86,12,25.757575757575758,8.333333333333332,17.424242424242426,74.24242424242425,65.15151515151516,9.090909090909092
E00104700,111,24,6,18,87,75,12,21.62162162162162,5.405405405405405,16.216216216216218,78.37837837837837,67.56756756756756,10.81081081081081
E00104701,126,37,8,29,89,85,4,29.365079365079367,6.349206349206349,23.015873015873016,70.63492063492063,67.46031746031747,3.1746031746031744
E00104702,119,36,11,25,83,65,18,30.252100840336134,9.243697478991598,21.008403361344538,69.74789915966386,54.621848739495796,15.126050420168067
E00104703,109,30,8,22,79,68,11,27.522935779816514,7.339449541284404,20.18348623853211,72.47706422018348,62.38532110091744,10.091743119266056
E00104704,150,38,8,30,112,95,17,25.333333333333336,5.333333333333334,20,74.66666666666667,63.33333333333333,11.333333333333332
E00104705,131,31,8,23,100,84,16,23.66412213740458,6.106870229007633,17.557251908396946,76.33587786259542,64.12213740458014,12.213740458015266
E00104706,139,37,17,20,102,87,15,26.618705035971225,12.23021582733813,14.388489208633093,73.38129496402878,62.589928057553955,10.79136690647482
E00104707,196,56,13,43,140,113,27,28.57142857142857,6.63265306122449,21.93877551020408,71.42857142857143,57.6530612244898,13.77551020408163
E00104708,142,33,8,25,109,95,14,23.239436619718308,5.633802816901409,17.6056338028169,76.76056338028168,66.90140845070422,9.859154929577464
E00104709,114,33,11,22,81,68,13,28.947368421052634,9.649122807017543,19.298245614035086,71.05263157894737,59.64912280701754,11.403508771929824
E00104710,63,14,3,11,49,31,18,22.22222222222222,4.761904761904762,17.46031746031746,77.77777777777779,49.2063492063492,28.57142857142857
E00104711,97,28,6,22,69,69,0,28.865979381443296,6.185567010309279,22.68041237113402,71.1340206185567,71.1340206185567,0
E00104712,107,32,8,24,75,60,15,29.906542056074763,7.476635514018691,22.429906542056074,70.09345794392523,56.074766355140184,14.018691588785046
E00104713,169,43,12,31,126,114,12,25.443786982248522,7.100591715976331,18.34319526627219,74.55621301775149,67.45562130177515,7.100591715976331
E00104714,219,64,18,46,155,134,21,29.22374429223744,8.21917808219178,21.00456621004566,70.77625570776256,61.18721461187214,9.58904109589041
E00104715,167,57,12,45,110,78,32,34.13173652694611,7.18562874251497,26.94610778443114,65.86826347305389,46.706586826347305,19.16167664670659
E00104716,87,24,7,17,63,60,3,27.586206896551722,8.045977011494253,19.54022988505747,72.41379310344827,68.96551724137932,3.4482758620689653
E00104717,72,24,0,24,48,45,3,33.33333333333333,0,33.33333333333333,66.66666666666666,62.5,4.166666666666666
E00104718,138,34,7,27,104,93,11,24.637681159420293,5.072463768115942,19.565217391304348,75.36231884057972,67.3913043478261,7.971014492753622
E00104719,169,47,13,34,122,109,13,27.810650887573964,7.6923076923076925,20.118343195266274,72.18934911242604,64.49704142011834,7.6923076923076925
E00104720,140,36,9,27,104,91,13,25.71428571428571,6.428571428571428,19.28571428571429,74.28571428571429,65,9.285714285714286
E00104721,137,41,12,29,96,81,15,29.927007299270077,8.75912408759124,21.16788321167883,70.07299270072993,59.12408759124088,10.948905109489052
E00104722,136,43,12,31,93,83,10,31.61764705882353,8.823529411764707,22.794117647058822,68.38235294117648,61.029411764705884,7.352941176470589
E00104723,115,38,9,29,77,71,6,33.04347826086956,7.82608695652174,25.217391304347824,66.95652173913044,61.73913043478261,5.217391304347826
E00104725,211,57,17,40,154,136,18,27.014218009478675,8.056872037914692,18.95734597156398,72.98578199052133,64.45497630331754,8.530805687203792
E00104726,263,66,18,48,197,166,31,25.09505703422053,6.844106463878327,18.250950570342205,74.90494296577947,63.11787072243346,11.787072243346007
E00104727,150,43,12,31,107,91,16,28.666666666666668,8,20.666666666666668,71.33333333333334,60.66666666666667,10.666666666666668
E00104729,246,73,17,56,173,157,16,29.67479674796748,6.910569105691057,22.76422764227642,70.32520325203252,63.82113821138211,6.504065040650407
E00104731,118,32,9,23,86,75,11,27.11864406779661,7.627118644067797,19.491525423728813,72.88135593220339,63.559322033898304,9.322033898305085
E00104732,129,44,17,27,85,73,12,34.10852713178294,13.178294573643413,20.930232558139537,65.89147286821705,56.58914728682171,9.30232558139535
E00104733,54,16,3,13,38,32,6,29.629629629629626,5.555555555555555,24.074074074074073,70.37037037037037,59.25925925925925,11.11111111111111
E00104734,235,53,10,43,182,162,20,22.5531914893617,4.25531914893617,18.29787234042553,77.4468085106383,68.93617021276596,8.51063829787234
E00104735,185,48,12,36,137,124,13,25.945945945945947,6.486486486486487,19.45945945945946,74.05405405405405,67.02702702702703,7.027027027027027
E00104736,143,61,17,44,82,73,9,42.65734265734265,11.888111888111888,30.76923076923077,57.34265734265735,51.048951048951054,6.293706293706294
E00104737,152,38,14,24,114,104,10,25,9.210526315789473,15.789473684210526,75,68.42105263157895,6.578947368421052
E00104738,129,37,13,24,92,77,15,28.68217054263566,10.077519379844961,18.6046511627907,71.31782945736434,59.68992248062015,11.627906976744185
E00104739,105,20,7,13,85,71,14,19.047619047619047,6.666666666666667,12.380952380952381,80.95238095238095,67.61904761904762,13.333333333333334
E00104740,110,30,6,24,80,65,15,27.27272727272727,5.454545454545454,21.818181818181817,72.72727272727273,59.09090909090909,13.636363636363635
E00104741,121,33,13,20,88,74,14,27.27272727272727,10.743801652892563,16.528925619834713,72.72727272727273,61.15702479338842,11.570247933884298
E00104742,130,44,10,34,86,76,10,33.84615384615385,7.6923076923076925,26.153846153846157,66.15384615384615,58.46153846153847,7.6923076923076925
E00104743,175,37,8,29,138,126,12,21.142857142857142,4.571428571428571,16.57142857142857,78.85714285714286,72,6.857142857142858
E00104744,107,31,14,17,76,65,11,28.971962616822427,13.084112149532709,15.887850467289718,71.02803738317756,60.747663551401864,10.2803738317757
E00104745,146,43,14,29,103,94,9,29.45205479452055,9.58904109589041,19.863013698630137,70.54794520547945,64.38356164383562,6.164383561643835
E00104746,140,31,6,25,109,99,10,22.142857142857142,4.285714285714286,17.857142857142858,77.85714285714286,70.71428571428572,7.142857142857142
E00104749,122,47,13,34,75,68,7,38.52459016393443,10.655737704918032,27.86885245901639,61.47540983606557,55.73770491803278,5.737704918032787
E00104750,133,42,11,31,91,81,10,31.57894736842105,8.270676691729323,23.308270676691727,68.42105263157895,60.902255639097746,7.518796992481203
E00104751,131,38,6,32,93,81,12,29.00763358778626,4.580152671755725,24.427480916030532,70.99236641221374,61.832061068702295,9.16030534351145
E00104752,124,43,10,33,81,77,4,34.67741935483871,8.064516129032258,26.61290322580645,65.32258064516128,62.096774193548384,3.225806451612903
E00104753,152,48,13,35,104,93,11,31.57894736842105,8.552631578947368,23.026315789473685,68.42105263157895,61.18421052631579,7.236842105263158
E00104754,146,38,14,24,108,79,29,26.027397260273972,9.58904109589041,16.43835616438356,73.97260273972603,54.109589041095894,19.863013698630137
E00104755,112,43,12,31,69,62,7,38.392857142857146,10.714285714285714,27.67857142857143,61.60714285714286,55.35714285714286,6.25
E00104756,98,27,6,21,71,60,11,27.55102040816326,6.122448979591836,21.428571428571427,72.44897959183673,61.224489795918366,11.224489795918368
E00104757,91,25,6,19,66,57,9,27.472527472527474,6.593406593406594,20.87912087912088,72.52747252747253,62.637362637362635,9.89010989010989
E00104758,163,38,10,28,125,79,46,23.31288343558282,6.134969325153374,17.177914110429448,76.68711656441718,48.466257668711656,28.22085889570552
E00104760,136,39,10,29,97,91,6,28.676470588235293,7.352941176470589,21.323529411764707,71.32352941176471,66.91176470588235,4.411764705882353
E00104761,165,48,19,29,117,105,12,29.09090909090909,11.515151515151516,17.575757575757574,70.9090909090909,63.63636363636363,7.2727272727272725
E00104763,211,56,20,36,155,143,12,26.540284360189574,9.47867298578199,17.061611374407583,73.45971563981043,67.77251184834124,5.687203791469194
E00104764,65,24,3,21,41,39,2,36.92307692307693,4.615384615384616,32.30769230769231,63.07692307692307,60,3.076923076923077
E00104765,131,38,8,30,93,82,11,29.00763358778626,6.106870229007633,22.900763358778626,70.99236641221374,62.59541984732825,8.396946564885496
E00104766,144,38,16,22,106,92,14,26.38888888888889,11.11111111111111,15.277777777777779,73.61111111111111,63.888888888888886,9.722222222222223
E00104767,141,49,17,32,92,84,8,34.751773049645394,12.056737588652481,22.69503546099291,65.24822695035462,59.57446808510638,5.673758865248227
E00104768,244,60,20,40,184,165,19,24.59016393442623,8.19672131147541,16.39344262295082,75.40983606557377,67.62295081967213,7.786885245901639
E00104769,86,33,10,23,53,53,0,38.372093023255815,11.627906976744185,26.744186046511626,61.627906976744185,61.627906976744185,0
E00104770,176,61,25,36,115,102,13,34.659090909090914,14.204545454545455,20.454545454545457,65.3409090909091,57.95454545454546,7.386363636363637
E00104771,85,29,5,24,56,53,3,34.11764705882353,5.88235294117647,28.235294117647058,65.88235294117646,62.35294117647059,3.5294117647058822
E00104772,75,26,9,17,49,44,5,34.66666666666667,12,22.666666666666664,65.33333333333333,58.666666666666664,6.666666666666667
E00104773,142,48,12,36,94,81,13,33.80281690140845,8.450704225352112,25.352112676056336,66.19718309859155,57.04225352112676,9.15492957746479
E00104774,122,41,5,36,81,73,8,33.60655737704918,4.098360655737705,29.508196721311474,66.39344262295081,59.83606557377049,6.557377049180328
E00104775,136,53,16,37,83,78,5,38.970588235294116,11.76470588235294,27.205882352941174,61.029411764705884,57.35294117647059,3.6764705882352944
E00104776,98,27,8,19,71,67,4,27.55102040816326,8.16326530612245,19.387755102040817,72.44897959183673,68.36734693877551,4.081632653061225
E00104777,127,45,18,27,82,73,9,35.43307086614173,14.173228346456693,21.25984251968504,64.56692913385827,57.48031496062992,7.086614173228346
E00104778,119,36,8,28,83,76,7,30.252100840336134,6.722689075630252,23.52941176470588,69.74789915966386,63.86554621848739,5.88235294117647
E00104779,225,56,15,41,169,145,24,24.88888888888889,6.666666666666667,18.22222222222222,75.1111111111111,64.44444444444444,10.666666666666668
E00104780,80,26,9,17,54,44,10,32.5,11.25,21.25,67.5,55.00000000000001,12.5
E00104781,142,42,11,31,100,87,13,29.577464788732392,7.746478873239436,21.830985915492956,70.4225352112676,61.267605633802816,9.15492957746479
E00104782,119,28,6,22,91,80,11,23.52941176470588,5.042016806722689,18.487394957983195,76.47058823529412,67.22689075630252,9.243697478991598
E00104785,133,45,11,34,88,78,10,33.83458646616541,8.270676691729323,25.563909774436087,66.16541353383458,58.64661654135338,7.518796992481203
E00104786,91,31,9,22,60,50,10,34.065934065934066,9.89010989010989,24.175824175824175,65.93406593406593,54.94505494505495,10.989010989010989
E00104787,124,42,14,28,82,70,12,33.87096774193548,11.29032258064516,22.58064516129032,66.12903225806451,56.451612903225815,9.67741935483871
E00104788,79,25,10,15,54,45,9,31.645569620253166,12.658227848101266,18.9873417721519,68.35443037974683,56.9620253164557,11.39240506329114
E00104789,119,32,11,21,87,80,7,26.89075630252101,9.243697478991598,17.647058823529413,73.10924369747899,67.22689075630252,5.88235294117647
E00104790,127,42,15,27,85,74,11,33.07086614173229,11.811023622047244,21.25984251968504,66.92913385826772,58.26771653543307,8.661417322834646
E00104791,107,24,4,20,83,74,9,22.429906542056074,3.7383177570093453,18.69158878504673,77.57009345794393,69.1588785046729,8.411214953271028
E00104792,126,44,23,21,82,67,15,34.92063492063492,18.253968253968253,16.666666666666664,65.07936507936508,53.17460317460318,11.904761904761903
E00104793,98,31,4,27,67,60,7,31.63265306122449,4.081632653061225,27.55102040816326,68.36734693877551,61.224489795918366,7.142857142857142
E00104794,152,38,11,27,114,102,12,25,7.236842105263158,17.763157894736842,75,67.10526315789474,7.894736842105263
E00104795,211,40,11,29,171,154,17,18.95734597156398,5.213270142180095,13.744075829383887,81.04265402843602,72.98578199052133,8.056872037914692
E00104796,298,68,21,47,230,190,40,22.818791946308725,7.046979865771812,15.771812080536913,77.18120805369128,63.758389261744966,13.422818791946309
E00104797,153,40,10,30,113,101,12,26.143790849673206,6.535947712418301,19.607843137254903,73.8562091503268,66.01307189542483,7.8431372549019605
E00104798,146,36,9,27,110,101,9,24.65753424657534,6.164383561643835,18.493150684931507,75.34246575342466,69.17808219178082,6.164383561643835
E00104799,136,34,11,23,102,89,13,25,8.088235294117647,16.911764705882355,75,65.44117647058823,9.558823529411764
E00104800,116,37,9,28,79,71,8,31.896551724137932,7.758620689655173,24.137931034482758,68.10344827586206,61.206896551724135,6.896551724137931
E00104801,152,47,15,32,105,95,10,30.92105263157895,9.868421052631579,21.052631578947366,69.07894736842105,62.5,6.578947368421052
E00104802,114,36,11,25,78,66,12,31.57894736842105,9.649122807017543,21.929824561403507,68.42105263157895,57.89473684210527,10.526315789473683
E00104803,66,20,7,13,46,39,7,30.303030303030305,10.606060606060606,19.696969696969695,69.6969696969697,59.09090909090909,10.606060606060606
E00104804,154,44,8,36,110,96,14,28.57142857142857,5.194805194805195,23.376623376623375,71.42857142857143,62.33766233766234,9.090909090909092
E00104805,191,47,19,28,144,115,29,24.60732984293194,9.947643979057592,14.659685863874344,75.39267015706807,60.20942408376963,15.18324607329843
E00104806,116,34,5,29,82,71,11,29.310344827586203,4.310344827586207,25,70.6896551724138,61.206896551724135,9.482758620689655
E00104807,98,25,11,14,73,59,14,25.510204081632654,11.224489795918368,14.285714285714285,74.48979591836735,60.204081632653065,14.285714285714285
E00104808,116,35,8,27,81,68,13,30.17241379310345,6.896551724137931,23.275862068965516,69.82758620689656,58.620689655172406,11.206896551724139
E00104809,168,55,21,34,113,99,14,32.73809523809524,12.5,20.238095238095237,67.26190476190477,58.92857142857143,8.333333333333332
E00104810,155,39,12,27,116,96,20,25.161290322580644,7.741935483870968,17.419354838709676,74.83870967741936,61.935483870967744,12.903225806451612
E00104812,104,28,8,20,76,62,14,26.923076923076923,7.6923076923076925,19.230769230769234,73.07692307692307,59.61538461538461,13.461538461538462
E00104813,124,40,17,23,84,67,17,32.25806451612903,13.709677419354838,18.548387096774192,67.74193548387096,54.03225806451613,13.709677419354838
E00104814,145,48,17,31,97,77,20,33.10344827586207,11.724137931034482,21.379310344827587,66.89655172413794,53.103448275862064,13.793103448275861
E00104815,132,39,11,28,93,77,16,29.545454545454547,8.333333333333332,21.21212121212121,70.45454545454545,58.333333333333336,12.121212121212121
E00104816,114,29,5,24,85,70,15,25.438596491228072,4.385964912280701,21.052631578947366,74.56140350877193,61.40350877192983,13.157894736842104
E00104817,96,18,7,11,78,61,17,18.75,7.291666666666667,11.458333333333332,81.25,63.541666666666664,17.708333333333336
E00104818,204,50,23,27,154,123,31,24.509803921568626,11.27450980392157,13.23529411764706,75.49019607843137,60.29411764705882,15.196078431372548
E00104819,120,27,9,18,93,75,18,22.5,7.5,15,77.5,62.5,15
E00104820,106,28,4,24,78,70,8,26.41509433962264,3.7735849056603774,22.641509433962266,73.58490566037736,66.0377358490566,7.547169811320755
E00104821,159,42,9,33,117,105,12,26.41509433962264,5.660377358490567,20.754716981132077,73.58490566037736,66.0377358490566,7.547169811320755
E00104822,111,40,18,22,71,56,15,36.03603603603604,16.216216216216218,19.81981981981982,63.96396396396396,50.45045045045045,13.513513513513514
E00104823,140,47,17,30,93,84,9,33.57142857142857,12.142857142857142,21.428571428571427,66.42857142857143,60,6.428571428571428
E00104824,167,48,14,34,119,105,14,28.74251497005988,8.383233532934131,20.359281437125748,71.25748502994011,62.874251497005986,8.383233532934131
E00104825,123,40,9,31,83,74,9,32.52032520325203,7.317073170731707,25.203252032520325,67.47967479674797,60.16260162601627,7.317073170731707
E00104826,135,55,16,39,80,70,10,40.74074074074074,11.851851851851853,28.888888888888886,59.25925925925925,51.85185185185185,7.4074074074074066
E00104827,138,50,12,38,88,84,4,36.231884057971016,8.695652173913043,27.536231884057973,63.76811594202898,60.86956521739131,2.898550724637681
E00104828,152,42,12,30,110,102,8,27.631578947368425,7.894736842105263,19.736842105263158,72.36842105263158,67.10526315789474,5.263157894736842
E00104829,126,34,6,28,92,82,10,26.984126984126984,4.761904761904762,22.22222222222222,73.01587301587301,65.07936507936508,7.936507936507936
E00104830,185,59,13,46,126,119,7,31.891891891891895,7.027027027027027,24.864864864864867,68.10810810810811,64.32432432432432,3.783783783783784
E00104831,55,14,7,7,41,32,9,25.454545454545453,12.727272727272727,12.727272727272727,74.54545454545455,58.18181818181818,16.363636363636363
E00104832,166,45,11,34,121,99,22,27.10843373493976,6.626506024096386,20.481927710843372,72.89156626506023,59.63855421686747,13.253012048192772
E00104833,133,30,7,23,103,95,8,22.55639097744361,5.263157894736842,17.293233082706767,77.44360902255639,71.42857142857143,6.015037593984962
E00104834,130,30,11,19,100,83,17,23.076923076923077,8.461538461538462,14.615384615384617,76.92307692307693,63.84615384615384,13.076923076923078
E00104835,212,49,15,34,163,147,16,23.11320754716981,7.0754716981132075,16.037735849056602,76.88679245283019,69.33962264150944,7.547169811320755
E00104836,126,33,8,25,93,75,18,26.190476190476193,6.349206349206349,19.841269841269842,73.80952380952381,59.523809523809526,14.285714285714285
E00104837,93,29,13,16,64,56,8,31.182795698924732,13.978494623655912,17.20430107526882,68.81720430107528,60.215053763440864,8.60215053763441
E00104838,95,24,4,20,71,62,9,25.263157894736842,4.2105263157894735,21.052631578947366,74.73684210526315,65.26315789473685,9.473684210526317
E00104839,114,26,10,16,88,78,10,22.807017543859647,8.771929824561402,14.035087719298245,77.19298245614034,68.42105263157895,8.771929824561402
E00104840,131,44,15,29,87,81,6,33.587786259541986,11.450381679389313,22.137404580152673,66.41221374045801,61.832061068702295,4.580152671755725
E00104841,126,36,10,26,90,80,10,28.57142857142857,7.936507936507936,20.634920634920633,71.42857142857143,63.49206349206349,7.936507936507936
E00104842,310,78,21,57,232,199,33,25.161290322580644,6.774193548387098,18.387096774193548,74.83870967741936,64.19354838709678,10.64516129032258
E00104843,136,34,14,20,102,87,15,25,10.294117647058822,14.705882352941178,75,63.970588235294116,11.029411764705882
E00104844,145,44,10,34,101,92,9,30.344827586206897,6.896551724137931,23.448275862068964,69.6551724137931,63.44827586206897,6.206896551724138
E00104845,149,47,15,32,102,95,7,31.543624161073826,10.06711409395973,21.476510067114095,68.45637583892618,63.758389261744966,4.697986577181208
E00104846,178,39,14,25,139,124,15,21.910112359550563,7.865168539325842,14.04494382022472,78.08988764044943,69.66292134831461,8.426966292134832
E00104847,220,48,9,39,172,149,23,21.818181818181817,4.090909090909091,17.727272727272727,78.18181818181819,67.72727272727272,10.454545454545453
E00104848,77,21,4,17,56,54,2,27.27272727272727,5.194805194805195,22.07792207792208,72.72727272727273,70.12987012987013,2.5974025974025974
E00104849,166,42,12,30,124,98,26,25.301204819277107,7.228915662650602,18.072289156626507,74.69879518072288,59.036144578313255,15.66265060240964
E00104850,115,43,15,28,72,57,15,37.391304347826086,13.043478260869565,24.347826086956523,62.60869565217392,49.56521739130435,13.043478260869565
E00104851,113,41,12,29,72,63,9,36.283185840707965,10.619469026548673,25.663716814159294,63.716814159292035,55.75221238938053,7.964601769911504
E00104852,120,29,9,20,91,71,20,24.166666666666668,7.5,16.666666666666664,75.83333333333333,59.166666666666664,16.666666666666664
E00104853,89,29,9,20,60,50,10,32.58426966292135,10.112359550561797,22.47191011235955,67.41573033707866,56.17977528089888,11.235955056179774
E00104854,99,33,8,25,66,59,7,33.33333333333333,8.080808080808081,25.252525252525253,66.66666666666666,59.59595959595959,7.07070707070707
E00104855,97,30,8,22,67,59,8,30.927835051546392,8.24742268041237,22.68041237113402,69.0721649484536,60.824742268041234,8.24742268041237
E00104856,287,86,36,50,201,143,58,29.965156794425084,12.543554006968641,17.421602787456447,70.03484320557492,49.825783972125436,20.209059233449477
E00104857,133,40,16,24,93,79,14,30.075187969924812,12.030075187969924,18.045112781954884,69.92481203007519,59.3984962406015,10.526315789473683
E00104858,67,18,8,10,49,42,7,26.865671641791046,11.940298507462686,14.925373134328357,73.13432835820896,62.68656716417911,10.44776119402985
E00104859,122,33,9,24,89,75,14,27.049180327868854,7.377049180327869,19.672131147540984,72.95081967213115,61.47540983606557,11.475409836065573
E00104860,120,29,8,21,91,82,9,24.166666666666668,6.666666666666667,17.5,75.83333333333333,68.33333333333333,7.5
E00104861,112,36,9,27,76,70,6,32.142857142857146,8.035714285714286,24.107142857142858,67.85714285714286,62.5,5.357142857142857
E00104862,92,32,10,22,60,47,13,34.78260869565217,10.869565217391305,23.91304347826087,65.21739130434783,51.08695652173913,14.130434782608695
E00104863,115,32,15,17,83,68,15,27.82608695652174,13.043478260869565,14.782608695652174,72.17391304347827,59.130434782608695,13.043478260869565
E00104864,102,35,9,26,67,63,4,34.31372549019608,8.823529411764707,25.49019607843137,65.68627450980392,61.76470588235294,3.9215686274509802
E00104865,116,37,11,26,79,71,8,31.896551724137932,9.482758620689655,22.413793103448278,68.10344827586206,61.206896551724135,6.896551724137931
E00104866,163,46,10,36,117,103,14,28.22085889570552,6.134969325153374,22.085889570552148,71.77914110429448,63.190184049079754,8.588957055214724
E00104867,80,23,5,18,57,51,6,28.749999999999996,6.25,22.5,71.25,63.74999999999999,7.5
E00104868,141,31,2,29,110,97,13,21.98581560283688,1.4184397163120568,20.56737588652482,78.01418439716312,68.79432624113475,9.219858156028367
E00104869,137,44,23,21,93,83,10,32.11678832116788,16.78832116788321,15.328467153284672,67.88321167883211,60.58394160583942,7.2992700729927
E00104870,172,39,13,26,133,118,15,22.674418604651162,7.55813953488372,15.11627906976744,77.32558139534885,68.6046511627907,8.720930232558139
E00104871,116,34,11,23,82,68,14,29.310344827586203,9.482758620689655,19.82758620689655,70.6896551724138,58.620689655172406,12.068965517241379
E00104872,159,37,13,24,122,110,12,23.270440251572328,8.176100628930817,15.09433962264151,76.72955974842768,69.18238993710692,7.547169811320755
E00104873,136,40,13,27,96,86,10,29.411764705882355,9.558823529411764,19.852941176470587,70.58823529411765,63.23529411764706,7.352941176470589
E00104874,123,46,12,34,77,74,3,37.39837398373984,9.75609756097561,27.64227642276423,62.601626016260155,60.16260162601627,2.4390243902439024
E00104875,100,30,7,23,70,68,2,30,7.000000000000001,23,70,68,2
E00104876,52,14,5,9,38,34,4,26.923076923076923,9.615384615384617,17.307692307692307,73.07692307692307,65.38461538461539,7.6923076923076925
E00104877,133,44,19,25,89,80,9,33.08270676691729,14.285714285714285,18.796992481203006,66.9172932330827,60.150375939849624,6.7669172932330826
E00104878,124,38,8,30,86,79,7,30.64516129032258,6.451612903225806,24.193548387096776,69.35483870967742,63.70967741935484,5.64516129032258
E00104879,98,37,14,23,61,55,6,37.755102040816325,14.285714285714285,23.46938775510204,62.244897959183675,56.12244897959183,6.122448979591836
E00104880,110,26,5,21,84,78,6,23.636363636363637,4.545454545454546,19.090909090909093,76.36363636363637,70.9090909090909,5.454545454545454
E00104881,66,19,7,12,47,44,3,28.78787878787879,10.606060606060606,18.181818181818183,71.21212121212122,66.66666666666666,4.545454545454546
E00104882,97,28,8,20,69,64,5,28.865979381443296,8.24742268041237,20.618556701030926,71.1340206185567,65.97938144329896,5.154639175257731
E00104883,125,31,6,25,94,87,7,24.8,4.8,20,75.2,69.6,5.6000000000000005
E00104884,93,24,7,17,69,62,7,25.806451612903224,7.526881720430108,18.27956989247312,74.19354838709677,66.66666666666666,7.526881720430108
E00104885,204,55,13,42,149,119,30,26.96078431372549,6.372549019607843,20.588235294117645,73.0392156862745,58.333333333333336,14.705882352941178
E00104886,83,31,12,19,52,46,6,37.34939759036144,14.457831325301203,22.89156626506024,62.65060240963856,55.42168674698795,7.228915662650602
E00104887,69,15,4,11,54,48,6,21.73913043478261,5.797101449275362,15.942028985507244,78.26086956521739,69.56521739130434,8.695652173913043
E00104888,149,45,13,32,104,94,10,30.201342281879196,8.724832214765101,21.476510067114095,69.79865771812081,63.08724832214765,6.7114093959731544
E00104889,89,29,6,23,60,56,4,32.58426966292135,6.741573033707865,25.842696629213485,67.41573033707866,62.92134831460674,4.49438202247191
E00104890,255,67,17,50,188,159,29,26.27450980392157,6.666666666666667,19.607843137254903,73.72549019607844,62.35294117647059,11.372549019607844
E00104891,63,19,3,16,44,35,9,30.158730158730158,4.761904761904762,25.396825396825395,69.84126984126983,55.55555555555556,14.285714285714285
E00104892,57,21,9,12,36,34,2,36.84210526315789,15.789473684210526,21.052631578947366,63.1578947368421,59.64912280701754,3.508771929824561
E00104893,70,25,5,20,45,38,7,35.714285714285715,7.142857142857142,28.57142857142857,64.28571428571429,54.285714285714285,10
E00104894,134,56,13,43,78,68,10,41.7910447761194,9.701492537313433,32.08955223880597,58.2089552238806,50.74626865671642,7.462686567164178
E00104895,78,28,11,17,50,43,7,35.8974358974359,14.102564102564102,21.794871794871796,64.1025641025641,55.12820512820513,8.974358974358974
E00104896,133,48,18,30,85,79,6,36.09022556390977,13.533834586466165,22.55639097744361,63.90977443609023,59.3984962406015,4.511278195488721
E00104897,140,38,14,24,102,88,14,27.142857142857142,10,17.142857142857142,72.85714285714285,62.857142857142854,10
E00104898,151,49,13,36,102,90,12,32.450331125827816,8.609271523178808,23.841059602649008,67.54966887417218,59.60264900662252,7.9470198675496695
E00104899,49,17,4,13,32,32,0,34.69387755102041,8.16326530612245,26.53061224489796,65.3061224489796,65.3061224489796,0
E00104900,29,8,0,8,21,19,2,27.586206896551722,0,27.586206896551722,72.41379310344827,65.51724137931035,6.896551724137931
E00104901,90,32,7,25,58,52,6,35.55555555555556,7.777777777777778,27.77777777777778,64.44444444444444,57.77777777777777,6.666666666666667
E00104902,122,37,16,21,85,72,13,30.327868852459016,13.114754098360656,17.21311475409836,69.67213114754098,59.01639344262295,10.655737704918032
E00104903,107,35,13,22,72,57,15,32.71028037383177,12.149532710280374,20.5607476635514,67.28971962616822,53.271028037383175,14.018691588785046
E00104904,45,17,3,14,28,24,4,37.77777777777778,6.666666666666667,31.11111111111111,62.22222222222222,53.333333333333336,8.88888888888889
E00104905,124,39,10,29,85,76,9,31.451612903225808,8.064516129032258,23.387096774193548,68.54838709677419,61.29032258064516,7.258064516129033
E00104906,88,23,8,15,65,58,7,26.136363636363637,9.090909090909092,17.045454545454543,73.86363636363636,65.9090909090909,7.954545454545454
E00104907,111,52,19,33,59,53,6,46.846846846846844,17.117117117117118,29.72972972972973,53.153153153153156,47.74774774774775,5.405405405405405
E00104908,118,41,12,29,77,71,6,34.74576271186441,10.16949152542373,24.576271186440678,65.2542372881356,60.16949152542372,5.084745762711865
E00104909,118,36,10,26,82,74,8,30.508474576271187,8.47457627118644,22.033898305084744,69.49152542372882,62.71186440677966,6.779661016949152
E00104910,100,28,5,23,72,66,6,28.000000000000004,5,23,72,66,6
E00104911,107,29,12,17,78,68,10,27.102803738317753,11.214953271028037,15.887850467289718,72.89719626168224,63.55140186915887,9.345794392523365
E00104912,126,34,12,22,92,81,11,26.984126984126984,9.523809523809524,17.46031746031746,73.01587301587301,64.28571428571429,8.73015873015873
E00104913,127,37,15,22,90,74,16,29.133858267716533,11.811023622047244,17.322834645669293,70.86614173228347,58.26771653543307,12.598425196850393
E00104914,146,40,15,25,106,89,17,27.397260273972602,10.273972602739725,17.123287671232877,72.6027397260274,60.95890410958904,11.643835616438356
E00104915,130,34,8,26,96,76,20,26.153846153846157,6.153846153846154,20,73.84615384615385,58.46153846153847,15.384615384615385
E00104916,153,39,12,27,114,105,9,25.49019607843137,7.8431372549019605,17.647058823529413,74.50980392156863,68.62745098039215,5.88235294117647
E00104917,136,41,14,27,95,89,6,30.14705882352941,10.294117647058822,19.852941176470587,69.85294117647058,65.44117647058823,4.411764705882353
E00104918,82,19,7,12,63,53,10,23.170731707317074,8.536585365853659,14.634146341463413,76.82926829268293,64.63414634146342,12.195121951219512
E00104919,121,36,12,24,85,65,20,29.75206611570248,9.917355371900827,19.834710743801654,70.24793388429752,53.71900826446281,16.528925619834713
E00104920,113,38,13,25,75,68,7,33.6283185840708,11.504424778761061,22.123893805309734,66.3716814159292,60.17699115044248,6.1946902654867255
E00104921,111,33,6,27,78,65,13,29.72972972972973,5.405405405405405,24.324324324324326,70.27027027027027,58.55855855855856,11.711711711711711
E00104922,147,37,19,18,110,95,15,25.170068027210885,12.925170068027212,12.244897959183673,74.82993197278913,64.62585034013605,10.204081632653061
E00104923,139,27,5,22,112,105,7,19.424460431654676,3.5971223021582732,15.827338129496402,80.57553956834532,75.53956834532374,5.0359712230215825
E00104924,76,26,9,17,50,41,9,34.21052631578947,11.842105263157894,22.36842105263158,65.78947368421053,53.94736842105263,11.842105263157894
E00104925,106,26,3,23,80,70,10,24.528301886792452,2.8301886792452833,21.69811320754717,75.47169811320755,66.0377358490566,9.433962264150944
E00104926,141,46,14,32,95,75,20,32.62411347517731,9.929078014184398,22.69503546099291,67.37588652482269,53.191489361702125,14.184397163120568
E00104927,131,38,12,26,93,85,8,29.00763358778626,9.16030534351145,19.84732824427481,70.99236641221374,64.8854961832061,6.106870229007633
E00104928,181,50,15,35,131,110,21,27.624309392265197,8.287292817679557,19.337016574585636,72.37569060773481,60.773480662983424,11.602209944751381
E00104929,114,32,12,20,82,73,9,28.07017543859649,10.526315789473683,17.543859649122805,71.9298245614035,64.03508771929825,7.894736842105263
E00104930,97,28,10,18,69,60,9,28.865979381443296,10.309278350515463,18.556701030927837,71.1340206185567,61.855670103092784,9.278350515463918
E00104932,146,47,11,36,99,83,16,32.19178082191781,7.534246575342466,24.65753424657534,67.8082191780822,56.849315068493155,10.95890410958904
E00104933,91,36,9,27,55,49,6,39.56043956043956,9.89010989010989,29.67032967032967,60.43956043956044,53.84615384615385,6.593406593406594
E00104934,89,30,7,23,59,53,6,33.70786516853933,7.865168539325842,25.842696629213485,66.29213483146067,59.55056179775281,6.741573033707865
E00104935,121,53,12,41,68,58,10,43.80165289256198,9.917355371900827,33.88429752066116,56.19834710743802,47.93388429752066,8.264462809917356
E00104936,141,38,9,29,103,93,10,26.95035460992908,6.382978723404255,20.56737588652482,73.04964539007092,65.95744680851064,7.092198581560284
E00104937,199,55,20,35,144,116,28,27.63819095477387,10.050251256281408,17.587939698492463,72.36180904522614,58.291457286432156,14.07035175879397
E00104938,134,52,14,38,82,71,11,38.80597014925373,10.44776119402985,28.35820895522388,61.19402985074627,52.98507462686567,8.208955223880597
E00104940,112,31,11,20,81,72,9,27.67857142857143,9.821428571428571,17.857142857142858,72.32142857142857,64.28571428571429,8.035714285714286
E00104941,133,43,19,24,90,84,6,32.33082706766917,14.285714285714285,18.045112781954884,67.66917293233082,63.1578947368421,4.511278195488721
E00104942,124,35,7,28,89,78,11,28.225806451612907,5.64516129032258,22.58064516129032,71.7741935483871,62.903225806451616,8.870967741935484
E00104943,160,35,9,26,125,108,17,21.875,5.625,16.25,78.125,67.5,10.625
E00104944,150,36,13,23,114,95,19,24,8.666666666666668,15.333333333333332,76,63.33333333333333,12.666666666666668
E00104945,142,39,11,28,103,90,13,27.464788732394368,7.746478873239436,19.718309859154928,72.53521126760563,63.38028169014085,9.15492957746479
E00104946,146,35,15,20,111,96,15,23.972602739726025,10.273972602739725,13.698630136986301,76.02739726027397,65.75342465753424,10.273972602739725
E00104947,154,34,14,20,120,110,10,22.07792207792208,9.090909090909092,12.987012987012985,77.92207792207793,71.42857142857143,6.493506493506493
E00104948,158,44,14,30,114,103,11,27.848101265822784,8.860759493670885,18.9873417721519,72.15189873417721,65.18987341772153,6.962025316455696
E00104949,112,25,10,15,87,73,14,22.321428571428573,8.928571428571429,13.392857142857142,77.67857142857143,65.17857142857143,12.5
E00104950,141,37,13,24,104,90,14,26.24113475177305,9.219858156028367,17.02127659574468,73.75886524822694,63.829787234042556,9.929078014184398
E00104951,98,29,10,19,69,62,7,29.591836734693878,10.204081632653061,19.387755102040817,70.40816326530613,63.26530612244898,7.142857142857142
E00104952,137,34,13,21,103,88,15,24.817518248175183,9.48905109489051,15.328467153284672,75.18248175182481,64.23357664233576,10.948905109489052
E00104953,93,28,11,17,65,57,8,30.107526881720432,11.827956989247312,18.27956989247312,69.89247311827957,61.29032258064516,8.60215053763441
E00104954,89,24,9,15,65,57,8,26.96629213483146,10.112359550561797,16.853932584269664,73.03370786516854,64.04494382022472,8.98876404494382
E00104955,98,24,8,16,74,60,14,24.489795918367346,8.16326530612245,16.3265306122449,75.51020408163265,61.224489795918366,14.285714285714285
E00104956,133,41,17,24,92,83,9,30.82706766917293,12.781954887218044,18.045112781954884,69.17293233082707,62.40601503759399,6.7669172932330826
E00104957,93,23,10,13,70,60,10,24.731182795698924,10.75268817204301,13.978494623655912,75.26881720430107,64.51612903225806,10.75268817204301
E00104958,167,53,25,28,114,88,26,31.736526946107784,14.97005988023952,16.766467065868262,68.26347305389223,52.69461077844312,15.568862275449103
E00104959,216,58,15,43,158,130,28,26.851851851851855,6.944444444444445,19.90740740740741,73.14814814814815,60.18518518518518,12.962962962962962
E00104960,157,39,14,25,118,103,15,24.840764331210192,8.9171974522293,15.92356687898089,75.15923566878982,65.60509554140127,9.554140127388536
E00104961,195,54,20,34,141,126,15,27.692307692307693,10.256410256410255,17.435897435897434,72.3076923076923,64.61538461538461,7.6923076923076925
E00104962,223,51,20,31,172,147,25,22.869955156950674,8.968609865470851,13.901345291479823,77.13004484304933,65.91928251121077,11.210762331838566
E00104963,171,36,17,19,135,115,20,21.052631578947366,9.941520467836257,11.11111111111111,78.94736842105263,67.2514619883041,11.695906432748536
E00104965,133,42,13,29,91,79,12,31.57894736842105,9.774436090225564,21.804511278195488,68.42105263157895,59.3984962406015,9.022556390977442
E00104966,158,49,10,39,109,95,14,31.0126582278481,6.329113924050633,24.68354430379747,68.9873417721519,60.12658227848101,8.860759493670885
E00104967,154,43,21,22,111,94,17,27.92207792207792,13.636363636363635,14.285714285714285,72.07792207792207,61.038961038961034,11.03896103896104
E00104968,140,49,15,34,91,80,11,35,10.714285714285714,24.285714285714285,65,57.14285714285714,7.857142857142857
E00104969,132,32,8,24,100,85,15,24.242424242424242,6.0606060606060606,18.181818181818183,75.75757575757575,64.39393939393939,11.363636363636363
E00104970,51,10,2,8,41,38,3,19.607843137254903,3.9215686274509802,15.686274509803921,80.3921568627451,74.50980392156863,5.88235294117647
E00104971,137,36,4,32,101,89,12,26.277372262773724,2.9197080291970803,23.357664233576642,73.72262773722628,64.96350364963503,8.75912408759124
E00104972,104,32,13,19,72,66,6,30.76923076923077,12.5,18.269230769230766,69.23076923076923,63.46153846153846,5.769230769230769
E00104973,108,38,14,24,70,64,6,35.18518518518518,12.962962962962962,22.22222222222222,64.81481481481481,59.25925925925925,5.555555555555555
E00104974,171,46,7,39,125,101,24,26.900584795321635,4.093567251461988,22.807017543859647,73.09941520467837,59.06432748538012,14.035087719298245
E00104975,124,42,7,35,82,73,9,33.87096774193548,5.64516129032258,28.225806451612907,66.12903225806451,58.87096774193549,7.258064516129033
E00104976,133,35,6,29,98,86,12,26.31578947368421,4.511278195488721,21.804511278195488,73.68421052631578,64.66165413533834,9.022556390977442
E00104977,124,39,12,27,85,74,11,31.451612903225808,9.67741935483871,21.774193548387096,68.54838709677419,59.67741935483871,8.870967741935484
E00104978,171,52,16,36,119,107,12,30.409356725146196,9.35672514619883,21.052631578947366,69.5906432748538,62.57309941520468,7.017543859649122
E00104979,138,45,12,33,93,85,8,32.608695652173914,8.695652173913043,23.91304347826087,67.3913043478261,61.59420289855072,5.797101449275362
E00104980,101,38,10,28,63,62,1,37.62376237623762,9.900990099009901,27.722772277227726,62.37623762376238,61.386138613861384,0.9900990099009901
E00104981,93,36,8,28,57,53,4,38.70967741935484,8.60215053763441,30.107526881720432,61.29032258064516,56.98924731182796,4.301075268817205
E00104982,54,22,10,12,32,28,4,40.74074074074074,18.51851851851852,22.22222222222222,59.25925925925925,51.85185185185185,7.4074074074074066
E00104983,70,30,11,19,40,36,4,42.857142857142854,15.714285714285714,27.142857142857142,57.14285714285714,51.42857142857142,5.714285714285714
E00104984,101,23,7,16,78,73,5,22.772277227722775,6.9306930693069315,15.841584158415841,77.22772277227723,72.27722772277228,4.9504950495049505
E00104985,166,59,14,45,107,98,9,35.54216867469879,8.433734939759036,27.10843373493976,64.45783132530121,59.036144578313255,5.421686746987952
E00104986,125,42,12,30,83,72,11,33.6,9.6,24,66.4,57.599999999999994,8.799999999999999
E00104987,101,34,12,22,67,63,4,33.663366336633665,11.881188118811881,21.782178217821784,66.33663366336634,62.37623762376238,3.9603960396039604
E00104988,94,37,7,30,57,53,4,39.361702127659576,7.446808510638298,31.914893617021278,60.63829787234043,56.38297872340425,4.25531914893617
E00104989,130,40,12,28,90,80,10,30.76923076923077,9.230769230769232,21.53846153846154,69.23076923076923,61.53846153846154,7.6923076923076925
E00104990,16,6,2,4,10,9,1,37.5,12.5,25,62.5,56.25,6.25
E00104991,164,52,31,21,112,99,13,31.70731707317073,18.902439024390244,12.804878048780488,68.29268292682927,60.36585365853659,7.926829268292683
E00104992,100,31,8,23,69,58,11,31,8,23,69,57.99999999999999,11
E00104993,117,39,9,30,78,67,11,33.33333333333333,7.6923076923076925,25.64102564102564,66.66666666666666,57.26495726495726,9.401709401709402
E00104994,138,44,14,30,94,88,6,31.88405797101449,10.144927536231885,21.73913043478261,68.11594202898551,63.76811594202898,4.3478260869565215
E00104995,65,24,9,15,41,36,5,36.92307692307693,13.846153846153847,23.076923076923077,63.07692307692307,55.38461538461539,7.6923076923076925
E00104996,108,33,10,23,75,71,4,30.555555555555557,9.25925925925926,21.296296296296298,69.44444444444444,65.74074074074075,3.7037037037037033
E00104997,119,29,3,26,90,80,10,24.369747899159663,2.5210084033613445,21.84873949579832,75.63025210084034,67.22689075630252,8.403361344537815
E00104998,134,34,3,31,100,88,12,25.37313432835821,2.2388059701492535,23.134328358208954,74.6268656716418,65.67164179104478,8.955223880597014
E00104999,141,39,14,25,102,90,12,27.659574468085108,9.929078014184398,17.73049645390071,72.3404255319149,63.829787234042556,8.51063829787234
E00105000,127,37,9,28,90,83,7,29.133858267716533,7.086614173228346,22.04724409448819,70.86614173228347,65.35433070866141,5.511811023622047
E00105001,131,42,10,32,89,75,14,32.06106870229007,7.633587786259542,24.427480916030532,67.93893129770993,57.25190839694656,10.687022900763358
E00105002,97,31,9,22,66,59,7,31.958762886597935,9.278350515463918,22.68041237113402,68.04123711340206,60.824742268041234,7.216494845360824
E00105003,74,16,4,12,58,51,7,21.62162162162162,5.405405405405405,16.216216216216218,78.37837837837837,68.91891891891892,9.45945945945946
E00105004,185,47,13,34,138,115,23,25.405405405405407,7.027027027027027,18.37837837837838,74.5945945945946,62.16216216216216,12.432432432432433
E00105005,132,33,19,14,99,89,10,25,14.393939393939394,10.606060606060606,75,67.42424242424242,7.575757575757576
E00105006,115,26,6,20,89,83,6,22.608695652173914,5.217391304347826,17.391304347826086,77.39130434782608,72.17391304347827,5.217391304347826
E00105007,108,32,6,26,76,68,8,29.629629629629626,5.555555555555555,24.074074074074073,70.37037037037037,62.96296296296296,7.4074074074074066
E00105008,117,29,10,19,88,79,9,24.786324786324787,8.547008547008547,16.23931623931624,75.21367521367522,67.52136752136752,7.6923076923076925
E00105009,178,63,30,33,115,97,18,35.39325842696629,16.853932584269664,18.53932584269663,64.60674157303372,54.49438202247191,10.112359550561797
E00105010,165,47,12,35,118,100,18,28.484848484848484,7.2727272727272725,21.21212121212121,71.51515151515152,60.60606060606061,10.909090909090908
E00105011,153,44,7,37,109,96,13,28.75816993464052,4.57516339869281,24.183006535947712,71.24183006535948,62.745098039215684,8.49673202614379
E00105012,150,36,9,27,114,83,31,24,6,18,76,55.333333333333336,20.666666666666668
E00105013,76,20,9,11,56,46,10,26.31578947368421,11.842105263157894,14.473684210526317,73.68421052631578,60.526315789473685,13.157894736842104
E00105014,143,29,7,22,114,103,11,20.27972027972028,4.895104895104895,15.384615384615385,79.72027972027972,72.02797202797203,7.6923076923076925
E00105015,135,36,14,22,99,87,12,26.666666666666668,10.37037037037037,16.296296296296298,73.33333333333333,64.44444444444444,8.88888888888889
E00105016,191,51,16,35,140,123,17,26.701570680628272,8.37696335078534,18.32460732984293,73.29842931937172,64.3979057591623,8.900523560209423
E00105017,114,36,14,22,78,70,8,31.57894736842105,12.280701754385964,19.298245614035086,68.42105263157895,61.40350877192983,7.017543859649122
E00105018,162,43,7,36,119,104,15,26.543209876543212,4.320987654320987,22.22222222222222,73.4567901234568,64.19753086419753,9.25925925925926
E00105020,113,34,10,24,79,72,7,30.08849557522124,8.849557522123893,21.238938053097346,69.91150442477876,63.716814159292035,6.1946902654867255
E00105021,265,60,20,40,205,179,26,22.641509433962266,7.547169811320755,15.09433962264151,77.35849056603774,67.54716981132076,9.811320754716983
E00105022,103,30,7,23,73,65,8,29.126213592233007,6.796116504854369,22.330097087378643,70.87378640776699,63.10679611650486,7.766990291262135
E00105023,153,38,12,26,115,100,15,24.836601307189543,7.8431372549019605,16.99346405228758,75.16339869281046,65.359477124183,9.803921568627452
E00105024,253,63,23,40,190,172,18,24.90118577075099,9.090909090909092,15.810276679841898,75.09881422924902,67.98418972332016,7.114624505928854
E00105025,101,30,15,15,71,58,13,29.7029702970297,14.85148514851485,14.85148514851485,70.29702970297029,57.42574257425742,12.871287128712872
E00105026,121,26,8,18,95,83,12,21.487603305785125,6.6115702479338845,14.87603305785124,78.51239669421489,68.59504132231406,9.917355371900827
E00105027,100,28,9,19,72,63,9,28.000000000000004,9,19,72,63,9
E00105028,158,37,19,18,121,86,35,23.417721518987342,12.025316455696203,11.39240506329114,76.58227848101265,54.43037974683544,22.151898734177212
E00105029,153,34,5,29,119,103,16,22.22222222222222,3.2679738562091507,18.954248366013072,77.77777777777779,67.3202614379085,10.457516339869281
E00105030,237,48,12,36,189,156,33,20.253164556962027,5.063291139240507,15.18987341772152,79.74683544303798,65.82278481012658,13.924050632911392
E00105031,172,44,14,30,128,113,15,25.581395348837212,8.13953488372093,17.441860465116278,74.4186046511628,65.69767441860465,8.720930232558139
E00105032,160,42,16,26,118,100,18,26.25,10,16.25,73.75,62.5,11.25
E00105033,115,36,7,29,79,70,9,31.30434782608696,6.086956521739131,25.217391304347824,68.69565217391305,60.86956521739131,7.82608695652174
E00105034,136,34,9,25,102,89,13,25,6.61764705882353,18.38235294117647,75,65.44117647058823,9.558823529411764
E00105035,154,37,7,30,117,101,16,24.025974025974026,4.545454545454546,19.480519480519483,75.97402597402598,65.5844155844156,10.38961038961039
E00105037,158,31,9,22,127,107,20,19.62025316455696,5.69620253164557,13.924050632911392,80.37974683544303,67.72151898734177,12.658227848101266
E00105038,124,35,16,19,89,81,8,28.225806451612907,12.903225806451612,15.32258064516129,71.7741935483871,65.32258064516128,6.451612903225806
E00105039,135,35,10,25,100,91,9,25.925925925925924,7.4074074074074066,18.51851851851852,74.07407407407408,67.4074074074074,6.666666666666667
E00105040,99,28,8,20,71,58,13,28.28282828282828,8.080808080808081,20.2020202020202,71.71717171717171,58.58585858585859,13.131313131313133
E00105041,53,18,6,12,35,30,5,33.9622641509434,11.320754716981133,22.641509433962266,66.0377358490566,56.60377358490566,9.433962264150944
E00105042,182,39,13,26,143,129,14,21.428571428571427,7.142857142857142,14.285714285714285,78.57142857142857,70.87912087912088,7.6923076923076925
E00105043,136,36,8,28,100,88,12,26.47058823529412,5.88235294117647,20.588235294117645,73.52941176470588,64.70588235294117,8.823529411764707
E00105044,122,36,14,22,86,78,8,29.508196721311474,11.475409836065573,18.0327868852459,70.49180327868852,63.934426229508205,6.557377049180328
E00105045,119,25,7,18,94,86,8,21.008403361344538,5.88235294117647,15.126050420168067,78.99159663865547,72.26890756302521,6.722689075630252
E00105046,108,31,16,15,77,69,8,28.703703703703702,14.814814814814813,13.88888888888889,71.29629629629629,63.888888888888886,7.4074074074074066
E00105047,114,27,4,23,87,78,9,23.684210526315788,3.508771929824561,20.175438596491226,76.31578947368422,68.42105263157895,7.894736842105263
E00105048,157,52,21,31,105,82,23,33.12101910828025,13.375796178343949,19.745222929936308,66.87898089171973,52.22929936305732,14.64968152866242
E00105049,164,57,31,26,107,82,25,34.756097560975604,18.902439024390244,15.853658536585366,65.2439024390244,50,15.24390243902439
E00105050,84,69,60,9,15,15,0,82.14285714285714,71.42857142857143,10.714285714285714,17.857142857142858,17.857142857142858,0
E00105051,102,61,51,10,41,39,2,59.80392156862745,50,9.803921568627452,40.19607843137255,38.23529411764706,1.9607843137254901
E00105053,117,67,52,15,50,39,11,57.26495726495726,44.44444444444444,12.82051282051282,42.73504273504273,33.33333333333333,9.401709401709402
E00105054,101,42,30,12,59,39,20,41.584158415841586,29.7029702970297,11.881188118811881,58.415841584158414,38.613861386138616,19.801980198019802
E00105055,132,59,40,19,73,54,19,44.696969696969695,30.303030303030305,14.393939393939394,55.3030303030303,40.909090909090914,14.393939393939394
E00105056,120,50,30,20,70,55,15,41.66666666666667,25,16.666666666666664,58.333333333333336,45.83333333333333,12.5
E00105058,132,32,7,25,100,83,17,24.242424242424242,5.303030303030303,18.939393939393938,75.75757575757575,62.878787878787875,12.878787878787879
E00105059,141,37,14,23,104,80,24,26.24113475177305,9.929078014184398,16.312056737588655,73.75886524822694,56.73758865248227,17.02127659574468
E00105061,59,26,17,9,33,26,7,44.06779661016949,28.8135593220339,15.254237288135593,55.932203389830505,44.06779661016949,11.864406779661017
E00105062,138,40,12,28,98,78,20,28.985507246376812,8.695652173913043,20.28985507246377,71.01449275362319,56.52173913043478,14.492753623188406
E00105063,182,44,13,31,138,120,18,24.175824175824175,7.142857142857142,17.032967032967033,75.82417582417582,65.93406593406593,9.89010989010989
E00105064,58,21,8,13,37,34,3,36.206896551724135,13.793103448275861,22.413793103448278,63.793103448275865,58.620689655172406,5.172413793103448
E00105065,238,61,17,44,177,163,14,25.630252100840334,7.142857142857142,18.487394957983195,74.36974789915966,68.4873949579832,5.88235294117647
E00105066,37,12,6,6,25,24,1,32.432432432432435,16.216216216216218,16.216216216216218,67.56756756756756,64.86486486486487,2.7027027027027026
E00105067,58,18,2,16,40,38,2,31.03448275862069,3.4482758620689653,27.586206896551722,68.96551724137932,65.51724137931035,3.4482758620689653
E00105068,83,25,9,16,58,50,8,30.120481927710845,10.843373493975903,19.27710843373494,69.87951807228916,60.24096385542169,9.63855421686747
E00105069,119,32,9,23,87,80,7,26.89075630252101,7.563025210084033,19.327731092436977,73.10924369747899,67.22689075630252,5.88235294117647
E00105070,107,32,12,20,75,63,12,29.906542056074763,11.214953271028037,18.69158878504673,70.09345794392523,58.87850467289719,11.214953271028037
E00105071,129,44,13,31,85,75,10,34.10852713178294,10.077519379844961,24.031007751937985,65.89147286821705,58.139534883720934,7.751937984496124
E00105072,102,29,9,20,73,63,10,28.431372549019606,8.823529411764707,19.607843137254903,71.56862745098039,61.76470588235294,9.803921568627452
E00105073,111,35,5,30,76,69,7,31.53153153153153,4.504504504504505,27.027027027027028,68.46846846846847,62.16216216216216,6.306306306306306
E00105074,117,37,11,26,80,67,13,31.62393162393162,9.401709401709402,22.22222222222222,68.37606837606837,57.26495726495726,11.11111111111111
E00105075,28,13,6,7,15,12,3,46.42857142857143,21.428571428571427,25,53.57142857142857,42.857142857142854,10.714285714285714
E00105077,106,47,35,12,59,51,8,44.339622641509436,33.0188679245283,11.320754716981133,55.660377358490564,48.113207547169814,7.547169811320755
E00105078,94,56,41,15,38,28,10,59.57446808510638,43.61702127659575,15.957446808510639,40.42553191489361,29.78723404255319,10.638297872340425
E00105079,103,69,59,10,34,26,8,66.99029126213593,57.28155339805825,9.70873786407767,33.00970873786408,25.24271844660194,7.766990291262135
E00105080,320,257,227,30,63,51,12,80.3125,70.9375,9.375,19.6875,15.937499999999998,3.75
E00105081,155,43,13,30,112,90,22,27.741935483870968,8.38709677419355,19.35483870967742,72.25806451612902,58.06451612903226,14.193548387096774
E00105082,130,42,22,20,88,81,7,32.30769230769231,16.923076923076923,15.384615384615385,67.6923076923077,62.30769230769231,5.384615384615385
E00105083,118,49,12,37,69,62,7,41.52542372881356,10.16949152542373,31.35593220338983,58.47457627118644,52.54237288135594,5.932203389830509
E00105084,262,50,24,26,212,188,24,19.083969465648856,9.16030534351145,9.923664122137405,80.91603053435115,71.7557251908397,9.16030534351145
E00105085,131,36,11,25,95,86,9,27.480916030534353,8.396946564885496,19.083969465648856,72.51908396946564,65.64885496183206,6.870229007633588
E00105086,140,43,13,30,97,80,17,30.714285714285715,9.285714285714286,21.428571428571427,69.28571428571428,57.14285714285714,12.142857142857142
E00105087,104,33,10,23,71,66,5,31.73076923076923,9.615384615384617,22.115384615384613,68.26923076923077,63.46153846153846,4.807692307692308
E00105088,137,33,9,24,104,97,7,24.087591240875913,6.569343065693431,17.51824817518248,75.91240875912408,70.8029197080292,5.109489051094891
E00105089,99,24,7,17,75,60,15,24.242424242424242,7.07070707070707,17.17171717171717,75.75757575757575,60.60606060606061,15.151515151515152
E00105090,120,32,9,23,88,77,11,26.666666666666668,7.5,19.166666666666668,73.33333333333333,64.16666666666667,9.166666666666666
E00105091,139,40,14,26,99,77,22,28.776978417266186,10.071942446043165,18.705035971223023,71.22302158273382,55.39568345323741,15.827338129496402
E00105092,130,50,15,35,80,77,3,38.46153846153847,11.538461538461538,26.923076923076923,61.53846153846154,59.23076923076923,2.307692307692308
E00105093,194,43,15,28,151,122,29,22.164948453608247,7.731958762886598,14.432989690721648,77.83505154639175,62.88659793814433,14.948453608247423
E00105094,87,25,7,18,62,52,10,28.735632183908045,8.045977011494253,20.689655172413794,71.26436781609196,59.77011494252874,11.494252873563218
E00105096,181,40,9,31,141,121,20,22.099447513812155,4.972375690607735,17.12707182320442,77.90055248618785,66.85082872928176,11.049723756906078
E00105098,130,34,11,23,96,86,10,26.153846153846157,8.461538461538462,17.692307692307693,73.84615384615385,66.15384615384615,7.6923076923076925
E00105099,111,42,13,29,69,62,7,37.83783783783784,11.711711711711711,26.126126126126124,62.16216216216216,55.85585585585585,6.306306306306306
E00105101,98,42,29,13,56,45,11,42.857142857142854,29.591836734693878,13.26530612244898,57.14285714285714,45.91836734693878,11.224489795918368
E00105102,118,44,25,19,74,58,16,37.28813559322034,21.1864406779661,16.101694915254235,62.71186440677966,49.152542372881356,13.559322033898304
E00105104,112,33,11,22,79,60,19,29.464285714285715,9.821428571428571,19.642857142857142,70.53571428571429,53.57142857142857,16.964285714285715
E00105106,169,53,23,30,116,93,23,31.360946745562128,13.609467455621301,17.75147928994083,68.63905325443787,55.02958579881657,13.609467455621301
E00105107,140,34,15,19,106,85,21,24.285714285714285,10.714285714285714,13.571428571428571,75.71428571428571,60.71428571428571,15
E00105108,137,49,17,32,88,73,15,35.76642335766424,12.408759124087592,23.357664233576642,64.23357664233576,53.284671532846716,10.948905109489052
E00105109,148,50,27,23,98,85,13,33.78378378378378,18.243243243243242,15.54054054054054,66.21621621621621,57.432432432432435,8.783783783783784
E00105110,109,37,12,25,72,62,10,33.94495412844037,11.009174311926607,22.93577981651376,66.05504587155964,56.88073394495413,9.174311926605505
E00105111,93,30,7,23,63,56,7,32.25806451612903,7.526881720430108,24.731182795698924,67.74193548387096,60.215053763440864,7.526881720430108
E00105112,149,43,6,37,106,95,11,28.859060402684566,4.026845637583892,24.832214765100673,71.14093959731544,63.758389261744966,7.38255033557047
E00105113,210,51,14,37,159,133,26,24.285714285714285,6.666666666666667,17.61904761904762,75.71428571428571,63.33333333333333,12.380952380952381
E00105114,173,42,10,32,131,119,12,24.277456647398843,5.780346820809249,18.497109826589593,75.72254335260115,68.78612716763006,6.9364161849710975
E00105115,135,35,6,29,100,88,12,25.925925925925924,4.444444444444445,21.48148148148148,74.07407407407408,65.18518518518519,8.88888888888889
E00105116,138,49,17,32,89,72,17,35.507246376811594,12.318840579710146,23.18840579710145,64.4927536231884,52.17391304347826,12.318840579710146
E00105117,142,52,9,43,90,80,10,36.61971830985916,6.338028169014084,30.28169014084507,63.38028169014085,56.33802816901409,7.042253521126761
E00105119,131,38,10,28,93,82,11,29.00763358778626,7.633587786259542,21.374045801526716,70.99236641221374,62.59541984732825,8.396946564885496
E00105120,94,25,11,14,69,59,10,26.595744680851062,11.702127659574469,14.893617021276595,73.40425531914893,62.76595744680851,10.638297872340425
E00105121,187,56,13,43,131,112,19,29.946524064171122,6.951871657754011,22.994652406417114,70.05347593582889,59.893048128342244,10.16042780748663
E00105122,46,17,2,15,29,22,7,36.95652173913043,4.3478260869565215,32.608695652173914,63.04347826086957,47.82608695652174,15.217391304347828
E00105123,205,66,22,44,139,122,17,32.19512195121951,10.731707317073171,21.463414634146343,67.8048780487805,59.512195121951216,8.292682926829269
E00105124,86,35,8,27,51,44,7,40.69767441860465,9.30232558139535,31.3953488372093,59.30232558139535,51.162790697674424,8.13953488372093
E00105125,71,25,7,18,46,41,5,35.2112676056338,9.859154929577464,25.352112676056336,64.7887323943662,57.74647887323944,7.042253521126761
E00105126,59,17,5,12,42,37,5,28.8135593220339,8.47457627118644,20.33898305084746,71.1864406779661,62.71186440677966,8.47457627118644
E00105127,132,36,10,26,96,82,14,27.27272727272727,7.575757575757576,19.696969696969695,72.72727272727273,62.121212121212125,10.606060606060606
E00105128,110,32,8,24,78,71,7,29.09090909090909,7.2727272727272725,21.818181818181817,70.9090909090909,64.54545454545455,6.363636363636363
E00105129,78,28,17,11,50,40,10,35.8974358974359,21.794871794871796,14.102564102564102,64.1025641025641,51.28205128205128,12.82051282051282
E00105130,107,28,9,19,79,70,9,26.168224299065418,8.411214953271028,17.75700934579439,73.83177570093457,65.42056074766354,8.411214953271028
E00105131,111,31,9,22,80,66,14,27.927927927927925,8.108108108108109,19.81981981981982,72.07207207207207,59.45945945945946,12.612612612612612
E00105132,75,20,7,13,55,48,7,26.666666666666668,9.333333333333334,17.333333333333336,73.33333333333333,64,9.333333333333334
E00105133,91,25,12,13,66,55,11,27.472527472527474,13.186813186813188,14.285714285714285,72.52747252747253,60.43956043956044,12.087912087912088
E00105134,101,25,9,16,76,67,9,24.752475247524753,8.91089108910891,15.841584158415841,75.24752475247524,66.33663366336634,8.91089108910891
E00105135,118,38,7,31,80,71,9,32.20338983050847,5.932203389830509,26.27118644067797,67.79661016949152,60.16949152542372,7.627118644067797
E00105136,112,39,13,26,73,63,10,34.82142857142857,11.607142857142858,23.214285714285715,65.17857142857143,56.25,8.928571428571429
E00105137,127,23,3,20,104,95,9,18.11023622047244,2.3622047244094486,15.748031496062993,81.88976377952756,74.80314960629921,7.086614173228346
E00105138,96,37,7,30,59,47,12,38.54166666666667,7.291666666666667,31.25,61.458333333333336,48.95833333333333,12.5
E00105139,111,33,7,26,78,72,6,29.72972972972973,6.306306306306306,23.423423423423422,70.27027027027027,64.86486486486487,5.405405405405405
E00105140,141,30,8,22,111,97,14,21.27659574468085,5.673758865248227,15.602836879432624,78.72340425531915,68.79432624113475,9.929078014184398
E00105141,142,28,7,21,114,105,9,19.718309859154928,4.929577464788732,14.788732394366196,80.28169014084507,73.94366197183099,6.338028169014084
E00105142,129,48,14,34,81,73,8,37.2093023255814,10.852713178294573,26.356589147286826,62.7906976744186,56.58914728682171,6.2015503875969
E00105143,121,27,7,20,94,77,17,22.31404958677686,5.785123966942149,16.528925619834713,77.68595041322314,63.63636363636363,14.049586776859504
E00105144,138,46,14,32,92,81,11,33.33333333333333,10.144927536231885,23.18840579710145,66.66666666666666,58.69565217391305,7.971014492753622
E00105145,129,36,18,18,93,78,15,27.906976744186046,13.953488372093023,13.953488372093023,72.09302325581395,60.46511627906976,11.627906976744185
E00105146,112,24,4,20,88,81,7,21.428571428571427,3.571428571428571,17.857142857142858,78.57142857142857,72.32142857142857,6.25
E00105147,135,37,15,22,98,91,7,27.40740740740741,11.11111111111111,16.296296296296298,72.5925925925926,67.4074074074074,5.185185185185185
E00105148,92,26,3,23,66,61,5,28.26086956521739,3.260869565217391,25,71.73913043478261,66.30434782608695,5.434782608695652
E00105149,116,42,10,32,74,65,9,36.206896551724135,8.620689655172415,27.586206896551722,63.793103448275865,56.03448275862068,7.758620689655173
E00105150,123,44,12,32,79,65,14,35.77235772357724,9.75609756097561,26.01626016260163,64.22764227642277,52.84552845528455,11.38211382113821
E00105151,101,27,8,19,74,67,7,26.732673267326735,7.920792079207921,18.81188118811881,73.26732673267327,66.33663366336634,6.9306930693069315
E00105152,132,38,13,25,94,84,10,28.78787878787879,9.848484848484848,18.939393939393938,71.21212121212122,63.63636363636363,7.575757575757576
E00105153,74,31,9,22,43,40,3,41.891891891891895,12.162162162162163,29.72972972972973,58.108108108108105,54.054054054054056,4.054054054054054
E00105154,80,31,16,15,49,47,2,38.75,20,18.75,61.25000000000001,58.75,2.5
E00105155,82,39,28,11,43,32,11,47.5609756097561,34.146341463414636,13.414634146341465,52.4390243902439,39.02439024390244,13.414634146341465
E00105156,132,76,52,24,56,47,9,57.57575757575758,39.39393939393939,18.181818181818183,42.42424242424242,35.60606060606061,6.8181818181818175
E00105157,111,52,22,30,59,53,6,46.846846846846844,19.81981981981982,27.027027027027028,53.153153153153156,47.74774774774775,5.405405405405405
E00105158,146,60,16,44,86,74,12,41.0958904109589,10.95890410958904,30.136986301369863,58.9041095890411,50.68493150684932,8.21917808219178
E00105159,172,76,21,55,96,84,12,44.18604651162791,12.209302325581394,31.976744186046513,55.81395348837209,48.837209302325576,6.976744186046512
E00105160,82,36,13,23,46,40,6,43.90243902439025,15.853658536585366,28.04878048780488,56.09756097560976,48.78048780487805,7.317073170731707
E00105161,89,42,17,25,47,46,1,47.19101123595505,19.101123595505616,28.08988764044944,52.80898876404494,51.68539325842697,1.1235955056179776
E00105162,112,31,14,17,81,72,9,27.67857142857143,12.5,15.178571428571427,72.32142857142857,64.28571428571429,8.035714285714286
E00105163,123,43,20,23,80,71,9,34.959349593495936,16.260162601626014,18.69918699186992,65.04065040650406,57.72357723577236,7.317073170731707
E00105164,116,34,13,21,82,72,10,29.310344827586203,11.206896551724139,18.103448275862068,70.6896551724138,62.06896551724138,8.620689655172415
E00105165,93,37,20,17,56,51,5,39.784946236559136,21.50537634408602,18.27956989247312,60.215053763440864,54.83870967741935,5.376344086021505
E00105166,109,43,22,21,66,55,11,39.44954128440367,20.18348623853211,19.26605504587156,60.550458715596335,50.45871559633027,10.091743119266056
E00105167,126,35,18,17,91,78,13,27.77777777777778,14.285714285714285,13.492063492063492,72.22222222222221,61.904761904761905,10.317460317460316
E00105168,60,20,11,9,40,36,4,33.33333333333333,18.333333333333332,15,66.66666666666666,60,6.666666666666667
E00105169,122,44,19,25,78,68,10,36.0655737704918,15.573770491803279,20.491803278688526,63.934426229508205,55.73770491803278,8.19672131147541
E00105170,152,39,13,26,113,94,19,25.657894736842106,8.552631578947368,17.105263157894736,74.3421052631579,61.8421052631579,12.5
E00105171,113,28,10,18,85,78,7,24.778761061946902,8.849557522123893,15.929203539823009,75.22123893805309,69.02654867256636,6.1946902654867255
E00105172,172,49,18,31,123,98,25,28.488372093023255,10.465116279069768,18.023255813953487,71.51162790697676,56.97674418604651,14.534883720930234
E00105173,128,45,19,26,83,69,14,35.15625,14.84375,20.3125,64.84375,53.90625,10.9375
E00105174,158,52,22,30,106,92,14,32.91139240506329,13.924050632911392,18.9873417721519,67.08860759493672,58.22784810126582,8.860759493670885
E00105175,117,41,15,26,76,64,12,35.04273504273504,12.82051282051282,22.22222222222222,64.95726495726495,54.700854700854705,10.256410256410255
E00105176,176,60,26,34,116,92,24,34.090909090909086,14.772727272727273,19.318181818181817,65.9090909090909,52.27272727272727,13.636363636363635
E00105177,100,28,12,16,72,63,9,28.000000000000004,12,16,72,63,9
E00105178,121,28,13,15,93,81,12,23.140495867768596,10.743801652892563,12.396694214876034,76.85950413223141,66.94214876033058,9.917355371900827
E00105179,206,59,19,40,147,127,20,28.640776699029125,9.223300970873787,19.41747572815534,71.35922330097088,61.6504854368932,9.70873786407767
E00105180,138,36,17,19,102,83,19,26.08695652173913,12.318840579710146,13.768115942028986,73.91304347826086,60.14492753623188,13.768115942028986
E00105181,70,25,9,16,45,39,6,35.714285714285715,12.857142857142856,22.857142857142858,64.28571428571429,55.714285714285715,8.571428571428571
E00105182,98,39,8,31,59,58,1,39.795918367346935,8.16326530612245,31.63265306122449,60.204081632653065,59.183673469387756,1.0204081632653061
E00105183,117,51,26,25,66,54,12,43.58974358974359,22.22222222222222,21.367521367521366,56.41025641025641,46.15384615384615,10.256410256410255
E00105184,89,33,20,13,56,48,8,37.07865168539326,22.47191011235955,14.606741573033707,62.92134831460674,53.93258426966292,8.98876404494382
E00105186,95,45,28,17,50,38,12,47.368421052631575,29.47368421052631,17.894736842105264,52.63157894736842,40,12.631578947368421
E00105188,125,36,14,22,89,69,20,28.799999999999997,11.200000000000001,17.599999999999998,71.2,55.2,16
E00105189,159,41,15,26,118,109,9,25.78616352201258,9.433962264150944,16.352201257861633,74.21383647798741,68.55345911949685,5.660377358490567
E00105190,150,54,11,43,96,87,9,36,7.333333333333333,28.666666666666668,64,57.99999999999999,6
E00105191,105,29,10,19,76,63,13,27.61904761904762,9.523809523809524,18.095238095238095,72.38095238095238,60,12.380952380952381
E00105192,243,57,20,37,186,156,30,23.456790123456788,8.23045267489712,15.22633744855967,76.5432098765432,64.19753086419753,12.345679012345679
E00105193,110,35,15,20,75,62,13,31.818181818181817,13.636363636363635,18.181818181818183,68.18181818181817,56.36363636363636,11.818181818181818
E00105194,138,36,11,25,102,97,5,26.08695652173913,7.971014492753622,18.115942028985508,73.91304347826086,70.28985507246377,3.6231884057971016
E00105195,142,36,10,26,106,95,11,25.352112676056336,7.042253521126761,18.30985915492958,74.64788732394366,66.90140845070422,7.746478873239436
E00105196,105,39,14,25,66,59,7,37.142857142857146,13.333333333333334,23.809523809523807,62.857142857142854,56.19047619047619,6.666666666666667
E00105197,126,32,10,22,94,83,11,25.396825396825395,7.936507936507936,17.46031746031746,74.60317460317461,65.87301587301587,8.73015873015873
E00105198,89,34,11,23,55,47,8,38.20224719101123,12.359550561797752,25.842696629213485,61.79775280898876,52.80898876404494,8.98876404494382
E00105199,105,29,8,21,76,70,6,27.61904761904762,7.6190476190476195,20,72.38095238095238,66.66666666666666,5.714285714285714
E00105200,173,54,16,38,119,107,12,31.213872832369944,9.248554913294797,21.965317919075144,68.78612716763006,61.849710982658955,6.9364161849710975
E00105201,143,43,15,28,100,79,21,30.069930069930066,10.48951048951049,19.58041958041958,69.93006993006993,55.24475524475524,14.685314685314685
E00105202,103,32,13,19,71,62,9,31.06796116504854,12.62135922330097,18.446601941747574,68.93203883495146,60.19417475728155,8.737864077669903
E00105203,147,39,11,28,108,94,14,26.53061224489796,7.482993197278912,19.047619047619047,73.46938775510205,63.94557823129252,9.523809523809524
E00105204,144,45,18,27,99,87,12,31.25,12.5,18.75,68.75,60.416666666666664,8.333333333333332
E00105205,129,36,12,24,93,81,12,27.906976744186046,9.30232558139535,18.6046511627907,72.09302325581395,62.7906976744186,9.30232558139535
E00105206,107,31,14,17,76,63,13,28.971962616822427,13.084112149532709,15.887850467289718,71.02803738317756,58.87850467289719,12.149532710280374
E00105207,110,28,12,16,82,71,11,25.454545454545453,10.909090909090908,14.545454545454545,74.54545454545455,64.54545454545455,10
E00105208,77,22,6,16,55,44,11,28.57142857142857,7.792207792207792,20.77922077922078,71.42857142857143,57.14285714285714,14.285714285714285
E00105209,143,52,21,31,91,68,23,36.36363636363637,14.685314685314685,21.678321678321677,63.63636363636363,47.55244755244755,16.083916083916083
E00105211,105,34,12,22,71,63,8,32.38095238095238,11.428571428571429,20.952380952380953,67.61904761904762,60,7.6190476190476195
E00105212,128,34,10,24,94,86,8,26.5625,7.8125,18.75,73.4375,67.1875,6.25
E00105213,133,34,9,25,99,83,16,25.563909774436087,6.7669172932330826,18.796992481203006,74.43609022556392,62.40601503759399,12.030075187969924
E00105214,110,35,8,27,75,68,7,31.818181818181817,7.2727272727272725,24.545454545454547,68.18181818181817,61.81818181818181,6.363636363636363
E00105215,127,46,21,25,81,74,7,36.22047244094488,16.535433070866144,19.68503937007874,63.77952755905512,58.26771653543307,5.511811023622047
E00105216,122,28,8,20,94,83,11,22.950819672131146,6.557377049180328,16.39344262295082,77.04918032786885,68.0327868852459,9.01639344262295
E00105217,96,27,8,19,69,65,4,28.125,8.333333333333332,19.791666666666664,71.875,67.70833333333334,4.166666666666666
E00105218,269,66,25,41,203,190,13,24.53531598513011,9.293680297397769,15.241635687732341,75.46468401486989,70.63197026022306,4.83271375464684
E00105219,101,29,10,19,72,66,6,28.71287128712871,9.900990099009901,18.81188118811881,71.28712871287128,65.34653465346535,5.9405940594059405
E00105220,102,25,6,19,77,66,11,24.509803921568626,5.88235294117647,18.627450980392158,75.49019607843137,64.70588235294117,10.784313725490197
E00105221,84,16,4,12,68,62,6,19.047619047619047,4.761904761904762,14.285714285714285,80.95238095238095,73.80952380952381,7.142857142857142
E00105222,128,31,10,21,97,91,6,24.21875,7.8125,16.40625,75.78125,71.09375,4.6875
E00105223,104,34,13,21,70,65,5,32.69230769230769,12.5,20.192307692307693,67.3076923076923,62.5,4.807692307692308
E00105224,94,32,9,23,62,55,7,34.04255319148936,9.574468085106384,24.46808510638298,65.95744680851064,58.51063829787234,7.446808510638298
E00105225,103,30,7,23,73,61,12,29.126213592233007,6.796116504854369,22.330097087378643,70.87378640776699,59.22330097087378,11.650485436893204
E00105226,78,18,4,14,60,54,6,23.076923076923077,5.128205128205128,17.94871794871795,76.92307692307693,69.23076923076923,7.6923076923076925
E00105227,159,35,7,28,124,103,21,22.0125786163522,4.40251572327044,17.61006289308176,77.9874213836478,64.77987421383648,13.20754716981132
E00105228,11,2,1,1,9,9,0,18.181818181818183,9.090909090909092,9.090909090909092,81.81818181818183,81.81818181818183,0
E00105229,111,34,11,23,77,69,8,30.630630630630627,9.90990990990991,20.72072072072072,69.36936936936937,62.16216216216216,7.207207207207207
E00105230,86,30,7,23,56,53,3,34.883720930232556,8.13953488372093,26.744186046511626,65.11627906976744,61.627906976744185,3.488372093023256
E00105231,82,27,11,16,55,42,13,32.926829268292686,13.414634146341465,19.51219512195122,67.07317073170732,51.21951219512195,15.853658536585366
E00105232,104,36,12,24,68,56,12,34.61538461538461,11.538461538461538,23.076923076923077,65.38461538461539,53.84615384615385,11.538461538461538
E00105233,100,31,11,20,69,61,8,31,11,20,69,61,8
E00105234,114,20,9,11,94,85,9,17.543859649122805,7.894736842105263,9.649122807017543,82.45614035087719,74.56140350877193,7.894736842105263
E00105235,107,40,7,33,67,63,4,37.38317757009346,6.5420560747663545,30.8411214953271,62.616822429906534,58.87850467289719,3.7383177570093453
E00105236,121,27,5,22,94,87,7,22.31404958677686,4.132231404958678,18.181818181818183,77.68595041322314,71.900826446281,5.785123966942149
E00105237,104,27,6,21,77,68,9,25.961538461538463,5.769230769230769,20.192307692307693,74.03846153846155,65.38461538461539,8.653846153846153
E00105238,88,27,8,19,61,53,8,30.681818181818183,9.090909090909092,21.59090909090909,69.31818181818183,60.22727272727273,9.090909090909092
E00105239,52,12,5,7,40,29,11,23.076923076923077,9.615384615384617,13.461538461538462,76.92307692307693,55.769230769230774,21.153846153846153
E00105240,59,10,3,7,49,46,3,16.94915254237288,5.084745762711865,11.864406779661017,83.05084745762711,77.96610169491525,5.084745762711865
E00105241,92,29,5,24,63,52,11,31.521739130434785,5.434782608695652,26.08695652173913,68.47826086956522,56.52173913043478,11.956521739130435
E00105242,58,13,1,12,45,39,6,22.413793103448278,1.7241379310344827,20.689655172413794,77.58620689655173,67.24137931034483,10.344827586206897
E00105243,65,15,6,9,50,44,6,23.076923076923077,9.230769230769232,13.846153846153847,76.92307692307693,67.6923076923077,9.230769230769232
E00105244,117,43,12,31,74,64,10,36.75213675213676,10.256410256410255,26.495726495726498,63.24786324786324,54.700854700854705,8.547008547008547
E00105245,212,65,16,49,147,132,15,30.660377358490564,7.547169811320755,23.11320754716981,69.33962264150944,62.264150943396224,7.0754716981132075
E00105246,185,49,15,34,136,114,22,26.486486486486488,8.108108108108109,18.37837837837838,73.51351351351352,61.62162162162163,11.891891891891893
E00105247,285,62,11,51,223,190,33,21.75438596491228,3.8596491228070176,17.894736842105264,78.24561403508771,66.66666666666666,11.578947368421053
E00105248,100,32,8,24,68,56,12,32,8,24,68,56.00000000000001,12
E00105249,114,29,10,19,85,78,7,25.438596491228072,8.771929824561402,16.666666666666664,74.56140350877193,68.42105263157895,6.140350877192982
E00105250,158,46,18,28,112,102,10,29.11392405063291,11.39240506329114,17.72151898734177,70.88607594936708,64.55696202531645,6.329113924050633
E00105251,119,24,7,17,95,84,11,20.168067226890756,5.88235294117647,14.285714285714285,79.83193277310924,70.58823529411765,9.243697478991598
E00105252,145,47,10,37,98,76,22,32.41379310344827,6.896551724137931,25.517241379310345,67.58620689655173,52.41379310344828,15.172413793103448
E00105253,80,22,8,14,58,52,6,27.500000000000004,10,17.5,72.5,65,7.5
E00105254,188,52,12,40,136,121,15,27.659574468085108,6.382978723404255,21.27659574468085,72.3404255319149,64.36170212765957,7.9787234042553195
E00105255,105,38,15,23,67,61,6,36.19047619047619,14.285714285714285,21.904761904761905,63.8095238095238,58.0952380952381,5.714285714285714
E00105256,68,22,6,16,46,41,5,32.35294117647059,8.823529411764707,23.52941176470588,67.64705882352942,60.29411764705882,7.352941176470589
E00105257,132,50,11,39,82,73,9,37.878787878787875,8.333333333333332,29.545454545454547,62.121212121212125,55.3030303030303,6.8181818181818175
E00105258,149,45,11,34,104,96,8,30.201342281879196,7.38255033557047,22.818791946308725,69.79865771812081,64.42953020134227,5.369127516778524
E00105259,98,20,4,16,78,69,9,20.408163265306122,4.081632653061225,16.3265306122449,79.59183673469387,70.40816326530613,9.183673469387756
E00105260,273,83,14,69,190,167,23,30.4029304029304,5.128205128205128,25.274725274725274,69.59706959706959,61.172161172161175,8.424908424908425
E00105261,149,25,6,19,124,103,21,16.778523489932887,4.026845637583892,12.751677852348994,83.22147651006712,69.12751677852349,14.093959731543624
E00105262,171,48,11,37,123,105,18,28.07017543859649,6.432748538011696,21.637426900584796,71.9298245614035,61.40350877192983,10.526315789473683
E00105263,101,26,8,18,75,65,10,25.742574257425744,7.920792079207921,17.82178217821782,74.25742574257426,64.35643564356435,9.900990099009901
E00105264,98,28,7,21,70,66,4,28.57142857142857,7.142857142857142,21.428571428571427,71.42857142857143,67.3469387755102,4.081632653061225
E00105265,91,26,6,20,65,61,4,28.57142857142857,6.593406593406594,21.978021978021978,71.42857142857143,67.03296703296702,4.395604395604396
E00105266,103,27,6,21,76,67,9,26.21359223300971,5.825242718446602,20.388349514563107,73.7864077669903,65.0485436893204,8.737864077669903
E00105267,69,18,7,11,51,47,4,26.08695652173913,10.144927536231885,15.942028985507244,73.91304347826086,68.11594202898551,5.797101449275362
E00105268,62,19,7,12,43,40,3,30.64516129032258,11.29032258064516,19.35483870967742,69.35483870967742,64.51612903225806,4.838709677419355
E00105269,124,51,14,37,73,63,10,41.12903225806452,11.29032258064516,29.838709677419356,58.87096774193549,50.806451612903224,8.064516129032258
E00105270,101,23,7,16,78,70,8,22.772277227722775,6.9306930693069315,15.841584158415841,77.22772277227723,69.3069306930693,7.920792079207921
E00105271,72,35,10,25,37,36,1,48.61111111111111,13.88888888888889,34.72222222222222,51.388888888888886,50,1.3888888888888888
E00105272,101,27,4,23,74,68,6,26.732673267326735,3.9603960396039604,22.772277227722775,73.26732673267327,67.32673267326733,5.9405940594059405
E00105273,93,25,9,16,68,60,8,26.881720430107524,9.67741935483871,17.20430107526882,73.11827956989248,64.51612903225806,8.60215053763441
E00105274,124,43,12,31,81,74,7,34.67741935483871,9.67741935483871,25,65.32258064516128,59.67741935483871,5.64516129032258
E00105275,158,39,17,22,119,108,11,24.68354430379747,10.759493670886076,13.924050632911392,75.31645569620254,68.35443037974683,6.962025316455696
E00105276,88,20,6,14,68,61,7,22.727272727272727,6.8181818181818175,15.909090909090908,77.27272727272727,69.31818181818183,7.954545454545454
E00105277,112,30,8,22,82,73,9,26.785714285714285,7.142857142857142,19.642857142857142,73.21428571428571,65.17857142857143,8.035714285714286
E00105278,120,37,10,27,83,77,6,30.833333333333336,8.333333333333332,22.5,69.16666666666667,64.16666666666667,5
E00105279,103,31,8,23,72,64,8,30.097087378640776,7.766990291262135,22.330097087378643,69.90291262135922,62.13592233009708,7.766990291262135
E00105280,118,36,9,27,82,69,13,30.508474576271187,7.627118644067797,22.88135593220339,69.49152542372882,58.47457627118644,11.016949152542372
E00105281,54,19,5,14,35,29,6,35.18518518518518,9.25925925925926,25.925925925925924,64.81481481481481,53.70370370370371,11.11111111111111
E00105282,119,50,11,39,69,60,9,42.016806722689076,9.243697478991598,32.773109243697476,57.98319327731093,50.42016806722689,7.563025210084033
E00105283,49,18,5,13,31,29,2,36.734693877551024,10.204081632653061,26.53061224489796,63.26530612244898,59.183673469387756,4.081632653061225
E00105284,109,41,13,28,68,61,7,37.61467889908257,11.926605504587156,25.688073394495415,62.38532110091744,55.96330275229357,6.422018348623854
E00105285,39,8,1,7,31,30,1,20.51282051282051,2.564102564102564,17.94871794871795,79.48717948717949,76.92307692307693,2.564102564102564
E00105286,87,23,3,20,64,58,6,26.436781609195403,3.4482758620689653,22.988505747126435,73.5632183908046,66.66666666666666,6.896551724137931
E00105287,53,20,3,17,33,27,6,37.735849056603776,5.660377358490567,32.075471698113205,62.264150943396224,50.943396226415096,11.320754716981133
E00105289,56,20,8,12,36,33,3,35.714285714285715,14.285714285714285,21.428571428571427,64.28571428571429,58.92857142857143,5.357142857142857
E00105290,52,18,4,14,34,31,3,34.61538461538461,7.6923076923076925,26.923076923076923,65.38461538461539,59.61538461538461,5.769230769230769
E00105292,143,40,13,27,103,89,14,27.972027972027973,9.090909090909092,18.88111888111888,72.02797202797203,62.23776223776224,9.79020979020979
E00105293,149,42,15,27,107,98,9,28.187919463087248,10.06711409395973,18.120805369127517,71.81208053691275,65.77181208053692,6.0402684563758395
E00105294,91,26,7,19,65,59,6,28.57142857142857,7.6923076923076925,20.87912087912088,71.42857142857143,64.83516483516483,6.593406593406594
E00105295,114,33,10,23,81,69,12,28.947368421052634,8.771929824561402,20.175438596491226,71.05263157894737,60.526315789473685,10.526315789473683
E00105296,134,38,11,27,96,87,9,28.35820895522388,8.208955223880597,20.149253731343283,71.64179104477611,64.92537313432835,6.7164179104477615
E00105297,91,21,5,16,70,62,8,23.076923076923077,5.4945054945054945,17.582417582417584,76.92307692307693,68.13186813186813,8.791208791208792
E00105298,57,15,6,9,42,38,4,26.31578947368421,10.526315789473683,15.789473684210526,73.68421052631578,66.66666666666666,7.017543859649122
E00105299,231,44,10,34,187,159,28,19.047619047619047,4.329004329004329,14.71861471861472,80.95238095238095,68.83116883116884,12.121212121212121
E00105300,112,29,9,20,83,76,7,25.892857142857146,8.035714285714286,17.857142857142858,74.10714285714286,67.85714285714286,6.25
E00105301,113,39,4,35,74,70,4,34.51327433628318,3.5398230088495577,30.973451327433626,65.48672566371681,61.94690265486725,3.5398230088495577
E00105302,75,22,5,17,53,48,5,29.333333333333332,6.666666666666667,22.666666666666664,70.66666666666667,64,6.666666666666667
E00105303,184,39,10,29,145,128,17,21.195652173913043,5.434782608695652,15.760869565217392,78.80434782608695,69.56521739130434,9.239130434782608
E00105304,74,18,3,15,56,48,8,24.324324324324326,4.054054054054054,20.27027027027027,75.67567567567568,64.86486486486487,10.81081081081081
E00105305,80,35,6,29,45,41,4,43.75,7.5,36.25,56.25,51.24999999999999,5
E00105306,38,8,0,8,30,30,0,21.052631578947366,0,21.052631578947366,78.94736842105263,78.94736842105263,0
E00105307,54,14,4,10,40,37,3,25.925925925925924,7.4074074074074066,18.51851851851852,74.07407407407408,68.51851851851852,5.555555555555555
E00105308,74,30,7,23,44,37,7,40.54054054054054,9.45945945945946,31.08108108108108,59.45945945945946,50,9.45945945945946
E00105309,97,36,12,24,61,55,6,37.11340206185567,12.371134020618557,24.742268041237114,62.88659793814433,56.70103092783505,6.185567010309279
E00105310,117,31,12,19,86,76,10,26.495726495726498,10.256410256410255,16.23931623931624,73.50427350427351,64.95726495726495,8.547008547008547
E00105311,115,35,14,21,80,72,8,30.434782608695656,12.173913043478262,18.26086956521739,69.56521739130434,62.60869565217392,6.956521739130435
E00105312,94,24,10,14,70,47,23,25.53191489361702,10.638297872340425,14.893617021276595,74.46808510638297,50,24.46808510638298
E00105313,112,33,9,24,79,63,16,29.464285714285715,8.035714285714286,21.428571428571427,70.53571428571429,56.25,14.285714285714285
E00105314,65,22,6,16,43,40,3,33.84615384615385,9.230769230769232,24.615384615384617,66.15384615384615,61.53846153846154,4.615384615384616
E00105315,214,54,12,42,160,149,11,25.233644859813083,5.607476635514018,19.626168224299064,74.76635514018692,69.62616822429906,5.14018691588785
E00105316,156,47,11,36,109,91,18,30.128205128205128,7.051282051282051,23.076923076923077,69.87179487179486,58.333333333333336,11.538461538461538
E00105317,245,50,15,35,195,167,28,20.408163265306122,6.122448979591836,14.285714285714285,79.59183673469387,68.16326530612244,11.428571428571429
E00105318,233,69,31,38,164,138,26,29.613733905579398,13.304721030042918,16.30901287553648,70.3862660944206,59.227467811158796,11.158798283261802
E00105319,93,33,13,20,60,52,8,35.483870967741936,13.978494623655912,21.50537634408602,64.51612903225806,55.91397849462365,8.60215053763441
E00105320,78,20,3,17,58,51,7,25.64102564102564,3.8461538461538463,21.794871794871796,74.35897435897436,65.38461538461539,8.974358974358974
E00105321,116,28,9,19,88,77,11,24.137931034482758,7.758620689655173,16.379310344827587,75.86206896551724,66.37931034482759,9.482758620689655
E00105322,119,41,18,23,78,71,7,34.45378151260504,15.126050420168067,19.327731092436977,65.54621848739495,59.66386554621849,5.88235294117647
E00105323,131,25,4,21,106,96,10,19.083969465648856,3.0534351145038165,16.030534351145036,80.91603053435115,73.2824427480916,7.633587786259542
E00105324,163,40,9,31,123,113,10,24.539877300613497,5.521472392638037,19.018404907975462,75.4601226993865,69.32515337423312,6.134969325153374
E00105325,235,57,15,42,178,156,22,24.25531914893617,6.382978723404255,17.872340425531917,75.74468085106383,66.38297872340425,9.361702127659575
E00105326,143,37,7,30,106,87,19,25.874125874125873,4.895104895104895,20.97902097902098,74.12587412587412,60.83916083916085,13.286713286713287
E00105327,135,40,5,35,95,83,12,29.629629629629626,3.7037037037037033,25.925925925925924,70.37037037037037,61.48148148148148,8.88888888888889
E00105328,112,24,3,21,88,78,10,21.428571428571427,2.6785714285714284,18.75,78.57142857142857,69.64285714285714,8.928571428571429
E00105329,114,35,13,22,79,72,7,30.701754385964914,11.403508771929824,19.298245614035086,69.2982456140351,63.1578947368421,6.140350877192982
E00105330,63,13,2,11,50,43,7,20.634920634920633,3.1746031746031744,17.46031746031746,79.36507936507937,68.25396825396825,11.11111111111111
E00105331,91,31,10,21,60,54,6,34.065934065934066,10.989010989010989,23.076923076923077,65.93406593406593,59.34065934065934,6.593406593406594
E00105332,110,36,7,29,74,65,9,32.72727272727273,6.363636363636363,26.36363636363636,67.27272727272727,59.09090909090909,8.181818181818182
E00105333,114,32,10,22,82,70,12,28.07017543859649,8.771929824561402,19.298245614035086,71.9298245614035,61.40350877192983,10.526315789473683
E00105334,81,25,3,22,56,50,6,30.864197530864196,3.7037037037037033,27.160493827160494,69.1358024691358,61.72839506172839,7.4074074074074066
E00105335,203,49,13,36,154,134,20,24.137931034482758,6.403940886699508,17.733990147783253,75.86206896551724,66.00985221674877,9.852216748768473
E00105336,158,45,13,32,113,104,9,28.48101265822785,8.227848101265822,20.253164556962027,71.51898734177216,65.82278481012658,5.69620253164557
E00105337,135,48,11,37,87,76,11,35.55555555555556,8.148148148148149,27.40740740740741,64.44444444444444,56.2962962962963,8.148148148148149
E00105338,91,30,9,21,61,58,3,32.967032967032964,9.89010989010989,23.076923076923077,67.03296703296702,63.73626373626373,3.296703296703297
E00105339,127,34,8,26,93,83,10,26.77165354330709,6.299212598425196,20.47244094488189,73.22834645669292,65.35433070866141,7.874015748031496
E00105340,102,27,7,20,75,70,5,26.47058823529412,6.862745098039216,19.607843137254903,73.52941176470588,68.62745098039215,4.901960784313726
E00105341,111,42,12,30,69,61,8,37.83783783783784,10.81081081081081,27.027027027027028,62.16216216216216,54.95495495495496,7.207207207207207
E00105342,263,60,15,45,203,179,24,22.813688212927758,5.7034220532319395,17.110266159695815,77.18631178707224,68.06083650190115,9.125475285171103
E00105343,141,49,9,40,92,80,12,34.751773049645394,6.382978723404255,28.368794326241137,65.24822695035462,56.73758865248227,8.51063829787234
E00105344,100,45,14,31,55,50,5,45,14.000000000000002,31,55.00000000000001,50,5
E00105345,149,44,10,34,105,76,29,29.53020134228188,6.7114093959731544,22.818791946308725,70.46979865771812,51.006711409395976,19.463087248322147
E00105346,112,30,10,20,82,65,17,26.785714285714285,8.928571428571429,17.857142857142858,73.21428571428571,58.03571428571429,15.178571428571427
E00105347,153,43,15,28,110,100,10,28.104575163398692,9.803921568627452,18.30065359477124,71.89542483660131,65.359477124183,6.535947712418301
E00105348,83,32,10,22,51,47,4,38.55421686746988,12.048192771084338,26.506024096385545,61.44578313253012,56.62650602409639,4.819277108433735
E00105349,173,59,15,44,114,102,12,34.104046242774565,8.670520231213873,25.43352601156069,65.89595375722543,58.95953757225434,6.9364161849710975
E00105350,224,50,18,32,174,155,19,22.321428571428573,8.035714285714286,14.285714285714285,77.67857142857143,69.19642857142857,8.482142857142858
E00105351,103,34,8,26,69,64,5,33.00970873786408,7.766990291262135,25.24271844660194,66.99029126213593,62.13592233009708,4.854368932038835
E00105352,75,26,8,18,49,47,2,34.66666666666667,10.666666666666668,24,65.33333333333333,62.66666666666667,2.666666666666667
E00105353,129,40,16,24,89,75,14,31.007751937984494,12.4031007751938,18.6046511627907,68.9922480620155,58.139534883720934,10.852713178294573
E00105354,120,33,8,25,87,80,7,27.500000000000004,6.666666666666667,20.833333333333336,72.5,66.66666666666666,5.833333333333333
E00105356,109,26,4,22,83,73,10,23.853211009174313,3.669724770642202,20.18348623853211,76.14678899082568,66.97247706422019,9.174311926605505
E00105357,105,23,8,15,82,68,14,21.904761904761905,7.6190476190476195,14.285714285714285,78.0952380952381,64.76190476190476,13.333333333333334
E00105358,135,45,13,32,90,79,11,33.33333333333333,9.62962962962963,23.703703703703706,66.66666666666666,58.51851851851851,8.148148148148149
E00105359,89,28,10,18,61,58,3,31.46067415730337,11.235955056179774,20.224719101123593,68.53932584269663,65.1685393258427,3.3707865168539324
E00105360,102,21,6,15,81,76,5,20.588235294117645,5.88235294117647,14.705882352941178,79.41176470588235,74.50980392156863,4.901960784313726
E00105361,79,35,8,27,44,39,5,44.303797468354425,10.126582278481013,34.177215189873415,55.69620253164557,49.36708860759494,6.329113924050633
E00105362,91,25,7,18,66,63,3,27.472527472527474,7.6923076923076925,19.78021978021978,72.52747252747253,69.23076923076923,3.296703296703297
E00105363,154,53,16,37,101,91,10,34.41558441558442,10.38961038961039,24.025974025974026,65.5844155844156,59.09090909090909,6.493506493506493
E00105364,93,29,5,24,64,63,1,31.182795698924732,5.376344086021505,25.806451612903224,68.81720430107528,67.74193548387096,1.0752688172043012
E00105365,84,28,9,19,56,46,10,33.33333333333333,10.714285714285714,22.61904761904762,66.66666666666666,54.761904761904766,11.904761904761903
E00105366,38,17,7,10,21,20,1,44.73684210526316,18.421052631578945,26.31578947368421,55.26315789473685,52.63157894736842,2.631578947368421
E00105367,69,26,8,18,43,38,5,37.68115942028986,11.594202898550725,26.08695652173913,62.31884057971014,55.072463768115945,7.246376811594203
E00105368,117,41,16,25,76,72,4,35.04273504273504,13.675213675213676,21.367521367521366,64.95726495726495,61.53846153846154,3.418803418803419
E00105369,132,48,16,32,84,75,9,36.36363636363637,12.121212121212121,24.242424242424242,63.63636363636363,56.81818181818182,6.8181818181818175
E00105370,36,12,2,10,24,23,1,33.33333333333333,5.555555555555555,27.77777777777778,66.66666666666666,63.888888888888886,2.7777777777777777
E00105371,56,13,5,8,43,36,7,23.214285714285715,8.928571428571429,14.285714285714285,76.78571428571429,64.28571428571429,12.5
E00105372,34,7,2,5,27,24,3,20.588235294117645,5.88235294117647,14.705882352941178,79.41176470588235,70.58823529411765,8.823529411764707
E00105373,66,17,4,13,49,45,4,25.757575757575758,6.0606060606060606,19.696969696969695,74.24242424242425,68.18181818181817,6.0606060606060606
E00105374,112,32,6,26,80,75,5,28.57142857142857,5.357142857142857,23.214285714285715,71.42857142857143,66.96428571428571,4.464285714285714
E00105375,87,21,9,12,66,58,8,24.137931034482758,10.344827586206897,13.793103448275861,75.86206896551724,66.66666666666666,9.195402298850574
E00105376,74,19,5,14,55,47,8,25.675675675675674,6.756756756756757,18.91891891891892,74.32432432432432,63.51351351351351,10.81081081081081
E00105377,131,41,10,31,90,76,14,31.297709923664126,7.633587786259542,23.66412213740458,68.70229007633588,58.01526717557252,10.687022900763358
E00105378,100,31,8,23,69,61,8,31,8,23,69,61,8
E00105379,65,20,3,17,45,40,5,30.76923076923077,4.615384615384616,26.153846153846157,69.23076923076923,61.53846153846154,7.6923076923076925
E00105380,89,30,7,23,59,51,8,33.70786516853933,7.865168539325842,25.842696629213485,66.29213483146067,57.30337078651685,8.98876404494382
E00105381,41,8,0,8,33,28,5,19.51219512195122,0,19.51219512195122,80.48780487804879,68.29268292682927,12.195121951219512
E00105382,38,20,1,19,18,18,0,52.63157894736842,2.631578947368421,50,47.368421052631575,47.368421052631575,0
E00105383,103,34,12,22,69,61,8,33.00970873786408,11.650485436893204,21.35922330097087,66.99029126213593,59.22330097087378,7.766990291262135
E00105384,86,31,14,17,55,53,2,36.04651162790697,16.27906976744186,19.767441860465116,63.95348837209303,61.627906976744185,2.3255813953488373
E00105385,101,37,5,32,64,59,5,36.633663366336634,4.9504950495049505,31.683168316831683,63.366336633663366,58.415841584158414,4.9504950495049505
E00105386,127,39,11,28,88,73,15,30.708661417322837,8.661417322834646,22.04724409448819,69.29133858267717,57.48031496062992,11.811023622047244
E00105387,117,30,12,18,87,78,9,25.64102564102564,10.256410256410255,15.384615384615385,74.35897435897436,66.66666666666666,7.6923076923076925
E00105388,67,26,7,19,41,38,3,38.80597014925373,10.44776119402985,28.35820895522388,61.19402985074627,56.71641791044776,4.477611940298507
E00105389,191,49,14,35,142,124,18,25.654450261780106,7.329842931937172,18.32460732984293,74.3455497382199,64.92146596858639,9.424083769633508
E00105390,125,36,9,27,89,75,14,28.799999999999997,7.199999999999999,21.6,71.2,60,11.200000000000001
E00105391,121,35,8,27,86,74,12,28.92561983471074,6.6115702479338845,22.31404958677686,71.07438016528926,61.15702479338842,9.917355371900827
E00105392,115,31,11,20,84,75,9,26.956521739130434,9.565217391304348,17.391304347826086,73.04347826086956,65.21739130434783,7.82608695652174
E00105393,53,13,5,8,40,37,3,24.528301886792452,9.433962264150944,15.09433962264151,75.47169811320755,69.81132075471697,5.660377358490567
E00105394,116,34,13,21,82,74,8,29.310344827586203,11.206896551724139,18.103448275862068,70.6896551724138,63.793103448275865,6.896551724137931
E00105395,77,21,7,14,56,48,8,27.27272727272727,9.090909090909092,18.181818181818183,72.72727272727273,62.33766233766234,10.38961038961039
E00105396,90,23,6,17,67,59,8,25.555555555555554,6.666666666666667,18.88888888888889,74.44444444444444,65.55555555555556,8.88888888888889
E00105397,116,36,3,33,80,73,7,31.03448275862069,2.586206896551724,28.448275862068968,68.96551724137932,62.93103448275862,6.0344827586206895
E00105398,103,32,8,24,71,67,4,31.06796116504854,7.766990291262135,23.300970873786408,68.93203883495146,65.0485436893204,3.8834951456310676
E00105399,159,47,16,31,112,96,16,29.559748427672954,10.062893081761008,19.49685534591195,70.44025157232704,60.37735849056604,10.062893081761008
E00105400,117,39,15,24,78,66,12,33.33333333333333,12.82051282051282,20.51282051282051,66.66666666666666,56.41025641025641,10.256410256410255
E00105401,112,30,12,18,82,75,7,26.785714285714285,10.714285714285714,16.071428571428573,73.21428571428571,66.96428571428571,6.25
E00105403,76,26,6,20,50,42,8,34.21052631578947,7.894736842105263,26.31578947368421,65.78947368421053,55.26315789473685,10.526315789473683
E00105404,135,38,13,25,97,77,20,28.14814814814815,9.62962962962963,18.51851851851852,71.85185185185186,57.03703703703704,14.814814814814813
E00105405,136,33,11,22,103,86,17,24.264705882352942,8.088235294117647,16.176470588235293,75.73529411764706,63.23529411764706,12.5
E00105406,86,29,11,18,57,50,7,33.72093023255814,12.790697674418606,20.930232558139537,66.27906976744185,58.139534883720934,8.13953488372093
E00105407,97,33,10,23,64,55,9,34.02061855670103,10.309278350515463,23.711340206185564,65.97938144329896,56.70103092783505,9.278350515463918
E00105408,67,14,5,9,53,42,11,20.8955223880597,7.462686567164178,13.432835820895523,79.1044776119403,62.68656716417911,16.417910447761194
E00105409,173,25,11,14,148,130,18,14.450867052023122,6.358381502890173,8.092485549132949,85.54913294797689,75.14450867052022,10.404624277456648
E00105410,102,37,9,28,65,60,5,36.27450980392157,8.823529411764707,27.450980392156865,63.725490196078425,58.82352941176471,4.901960784313726
E00105411,98,28,7,21,70,65,5,28.57142857142857,7.142857142857142,21.428571428571427,71.42857142857143,66.3265306122449,5.1020408163265305
E00105412,197,52,8,44,145,134,11,26.39593908629442,4.060913705583756,22.33502538071066,73.60406091370558,68.02030456852792,5.583756345177665
E00105413,206,53,16,37,153,138,15,25.728155339805824,7.766990291262135,17.96116504854369,74.27184466019418,66.99029126213593,7.281553398058252
E00105414,97,29,8,21,68,67,1,29.896907216494846,8.24742268041237,21.649484536082475,70.10309278350515,69.0721649484536,1.0309278350515463
E00105415,170,59,17,42,111,97,14,34.705882352941174,10,24.705882352941178,65.29411764705883,57.05882352941176,8.235294117647058
E00105417,87,22,9,13,65,60,5,25.287356321839084,10.344827586206897,14.942528735632186,74.71264367816092,68.96551724137932,5.747126436781609
E00105418,114,44,10,34,70,66,4,38.59649122807017,8.771929824561402,29.82456140350877,61.40350877192983,57.89473684210527,3.508771929824561
E00105419,122,39,11,28,83,83,0,31.967213114754102,9.01639344262295,22.950819672131146,68.0327868852459,68.0327868852459,0
E00105420,56,16,1,15,40,39,1,28.57142857142857,1.7857142857142856,26.785714285714285,71.42857142857143,69.64285714285714,1.7857142857142856
E00105421,99,44,9,35,55,45,10,44.44444444444444,9.090909090909092,35.35353535353536,55.55555555555556,45.45454545454545,10.1010101010101
E00105422,156,41,14,27,115,104,11,26.282051282051285,8.974358974358974,17.307692307692307,73.71794871794873,66.66666666666666,7.051282051282051
E00105423,117,29,7,22,88,67,21,24.786324786324787,5.982905982905983,18.803418803418804,75.21367521367522,57.26495726495726,17.94871794871795
E00105424,118,26,5,21,92,82,10,22.033898305084744,4.23728813559322,17.796610169491526,77.96610169491525,69.49152542372882,8.47457627118644
E00105425,128,35,8,27,93,82,11,27.34375,6.25,21.09375,72.65625,64.0625,8.59375
E00105426,100,28,7,21,72,64,8,28.000000000000004,7.000000000000001,21,72,64,8
E00105427,89,31,7,24,58,57,1,34.831460674157306,7.865168539325842,26.96629213483146,65.1685393258427,64.04494382022472,1.1235955056179776
E00105428,120,45,11,34,75,64,11,37.5,9.166666666666666,28.333333333333332,62.5,53.333333333333336,9.166666666666666
E00105429,126,45,13,32,81,71,10,35.714285714285715,10.317460317460316,25.396825396825395,64.28571428571429,56.34920634920635,7.936507936507936
E00105430,80,26,4,22,54,48,6,32.5,5,27.500000000000004,67.5,60,7.5
E00105431,104,28,9,19,76,70,6,26.923076923076923,8.653846153846153,18.269230769230766,73.07692307692307,67.3076923076923,5.769230769230769
E00105432,107,33,9,24,74,62,12,30.8411214953271,8.411214953271028,22.429906542056074,69.1588785046729,57.943925233644855,11.214953271028037
E00105433,130,36,12,24,94,82,12,27.692307692307693,9.230769230769232,18.461538461538463,72.3076923076923,63.07692307692307,9.230769230769232
E00105434,126,31,7,24,95,89,6,24.6031746031746,5.555555555555555,19.047619047619047,75.39682539682539,70.63492063492063,4.761904761904762
E00105435,152,42,12,30,110,98,12,27.631578947368425,7.894736842105263,19.736842105263158,72.36842105263158,64.47368421052632,7.894736842105263
E00105436,147,28,8,20,119,105,14,19.047619047619047,5.442176870748299,13.60544217687075,80.95238095238095,71.42857142857143,9.523809523809524
E00105437,105,24,11,13,81,74,7,22.857142857142858,10.476190476190476,12.380952380952381,77.14285714285715,70.47619047619048,6.666666666666667
E00105438,108,28,4,24,80,73,7,25.925925925925924,3.7037037037037033,22.22222222222222,74.07407407407408,67.5925925925926,6.481481481481481
E00105439,117,41,6,35,76,69,7,35.04273504273504,5.128205128205128,29.914529914529915,64.95726495726495,58.97435897435898,5.982905982905983
E00105440,162,39,11,28,123,107,16,24.074074074074073,6.790123456790123,17.28395061728395,75.92592592592592,66.0493827160494,9.876543209876543
E00105441,122,35,10,25,87,77,10,28.688524590163933,8.19672131147541,20.491803278688526,71.31147540983606,63.114754098360656,8.19672131147541
E00105442,131,43,15,28,88,80,8,32.82442748091603,11.450381679389313,21.374045801526716,67.17557251908397,61.06870229007634,6.106870229007633
E00105443,98,32,11,21,66,59,7,32.6530612244898,11.224489795918368,21.428571428571427,67.3469387755102,60.204081632653065,7.142857142857142
E00105444,101,32,7,25,69,59,10,31.683168316831683,6.9306930693069315,24.752475247524753,68.31683168316832,58.415841584158414,9.900990099009901
E00105445,81,27,4,23,54,51,3,33.33333333333333,4.938271604938271,28.39506172839506,66.66666666666666,62.96296296296296,3.7037037037037033
E00105446,129,38,7,31,91,79,12,29.457364341085274,5.426356589147287,24.031007751937985,70.54263565891473,61.240310077519375,9.30232558139535
E00105447,120,22,11,11,98,86,12,18.333333333333332,9.166666666666666,9.166666666666666,81.66666666666667,71.66666666666667,10
E00105448,115,27,5,22,88,80,8,23.47826086956522,4.3478260869565215,19.130434782608695,76.52173913043478,69.56521739130434,6.956521739130435
E00105449,207,53,14,39,154,139,15,25.60386473429952,6.763285024154589,18.84057971014493,74.39613526570048,67.14975845410628,7.246376811594203
E00105450,142,36,10,26,106,98,8,25.352112676056336,7.042253521126761,18.30985915492958,74.64788732394366,69.01408450704226,5.633802816901409
E00105451,103,30,13,17,73,65,8,29.126213592233007,12.62135922330097,16.50485436893204,70.87378640776699,63.10679611650486,7.766990291262135
E00105452,114,24,4,20,90,84,6,21.052631578947366,3.508771929824561,17.543859649122805,78.94736842105263,73.68421052631578,5.263157894736842
E00105453,126,38,10,28,88,74,14,30.158730158730158,7.936507936507936,22.22222222222222,69.84126984126983,58.730158730158735,11.11111111111111
E00105454,71,24,11,13,47,43,4,33.80281690140845,15.492957746478872,18.30985915492958,66.19718309859155,60.56338028169014,5.633802816901409
E00105455,116,36,11,25,80,70,10,31.03448275862069,9.482758620689655,21.551724137931032,68.96551724137932,60.3448275862069,8.620689655172415
E00105456,112,38,10,28,74,62,12,33.92857142857143,8.928571428571429,25,66.07142857142857,55.35714285714286,10.714285714285714
E00105457,153,40,16,24,113,104,9,26.143790849673206,10.457516339869281,15.686274509803921,73.8562091503268,67.97385620915033,5.88235294117647
E00105458,119,28,6,22,91,76,15,23.52941176470588,5.042016806722689,18.487394957983195,76.47058823529412,63.86554621848739,12.605042016806722
E00105459,161,50,9,41,111,93,18,31.05590062111801,5.590062111801243,25.465838509316768,68.94409937888199,57.7639751552795,11.180124223602485
E00105460,128,32,10,22,96,87,9,25,7.8125,17.1875,75,67.96875,7.03125
E00105461,77,31,8,23,46,40,6,40.25974025974026,10.38961038961039,29.87012987012987,59.74025974025974,51.94805194805194,7.792207792207792
E00105462,147,40,8,32,107,99,8,27.2108843537415,5.442176870748299,21.768707482993197,72.78911564625851,67.3469387755102,5.442176870748299
E00105463,107,40,8,32,67,66,1,37.38317757009346,7.476635514018691,29.906542056074763,62.616822429906534,61.6822429906542,0.9345794392523363
E00105464,153,51,10,41,102,94,8,33.33333333333333,6.535947712418301,26.797385620915033,66.66666666666666,61.43790849673203,5.228758169934641
E00105465,75,22,9,13,53,48,5,29.333333333333332,12,17.333333333333336,70.66666666666667,64,6.666666666666667
E00105466,161,43,12,31,118,107,11,26.70807453416149,7.453416149068323,19.25465838509317,73.29192546583852,66.45962732919256,6.832298136645963
E00105467,114,24,8,16,90,79,11,21.052631578947366,7.017543859649122,14.035087719298245,78.94736842105263,69.2982456140351,9.649122807017543
E00105468,111,34,11,23,77,61,16,30.630630630630627,9.90990990990991,20.72072072072072,69.36936936936937,54.95495495495496,14.414414414414415
E00105469,166,46,13,33,120,111,9,27.710843373493976,7.83132530120482,19.879518072289155,72.28915662650603,66.86746987951807,5.421686746987952
E00105470,90,23,4,19,67,63,4,25.555555555555554,4.444444444444445,21.11111111111111,74.44444444444444,70,4.444444444444445
E00105472,135,42,9,33,93,75,18,31.11111111111111,6.666666666666667,24.444444444444443,68.88888888888889,55.55555555555556,13.333333333333334
E00105473,108,35,9,26,73,67,6,32.407407407407405,8.333333333333332,24.074074074074073,67.5925925925926,62.03703703703704,5.555555555555555
E00105474,171,49,10,39,122,103,19,28.654970760233915,5.847953216374268,22.807017543859647,71.34502923976608,60.23391812865497,11.11111111111111
E00105475,121,25,4,21,96,82,14,20.66115702479339,3.3057851239669422,17.355371900826448,79.33884297520662,67.76859504132231,11.570247933884298
E00105476,131,35,10,25,96,83,13,26.717557251908396,7.633587786259542,19.083969465648856,73.2824427480916,63.358778625954194,9.923664122137405
E00105477,158,44,10,34,114,107,7,27.848101265822784,6.329113924050633,21.518987341772153,72.15189873417721,67.72151898734177,4.430379746835443
E00105478,137,42,10,32,95,88,7,30.656934306569344,7.2992700729927,23.357664233576642,69.34306569343066,64.23357664233576,5.109489051094891
E00105479,87,22,7,15,65,57,8,25.287356321839084,8.045977011494253,17.24137931034483,74.71264367816092,65.51724137931035,9.195402298850574
E00105480,112,33,4,29,79,66,13,29.464285714285715,3.571428571428571,25.892857142857146,70.53571428571429,58.92857142857143,11.607142857142858
E00105481,163,39,18,21,124,93,31,23.92638036809816,11.042944785276074,12.883435582822086,76.07361963190185,57.05521472392638,19.018404907975462
E00105482,106,33,7,26,73,66,7,31.132075471698112,6.60377358490566,24.528301886792452,68.86792452830188,62.264150943396224,6.60377358490566
E00105483,133,32,8,24,101,93,8,24.06015037593985,6.015037593984962,18.045112781954884,75.93984962406014,69.92481203007519,6.015037593984962
E00105484,157,45,13,32,112,97,15,28.662420382165603,8.280254777070063,20.382165605095544,71.3375796178344,61.78343949044586,9.554140127388536
E00105485,128,32,10,22,96,80,16,25,7.8125,17.1875,75,62.5,12.5
E00105486,191,42,11,31,149,133,16,21.98952879581152,5.7591623036649215,16.230366492146597,78.01047120418848,69.63350785340315,8.37696335078534
E00105487,100,30,11,19,70,57,13,30,11,19,70,56.99999999999999,13
E00105488,95,22,6,16,73,62,11,23.157894736842106,6.315789473684211,16.842105263157894,76.84210526315789,65.26315789473685,11.578947368421053
E00105489,92,26,7,19,66,60,6,28.26086956521739,7.608695652173914,20.652173913043477,71.73913043478261,65.21739130434783,6.521739130434782
E00105490,172,44,16,28,128,110,18,25.581395348837212,9.30232558139535,16.27906976744186,74.4186046511628,63.95348837209303,10.465116279069768
E00105491,86,31,11,20,55,45,10,36.04651162790697,12.790697674418606,23.25581395348837,63.95348837209303,52.32558139534884,11.627906976744185
E00105492,72,32,8,24,40,38,2,44.44444444444444,11.11111111111111,33.33333333333333,55.55555555555556,52.77777777777778,2.7777777777777777
E00105493,141,39,9,30,102,81,21,27.659574468085108,6.382978723404255,21.27659574468085,72.3404255319149,57.446808510638306,14.893617021276595
E00105494,76,30,10,20,46,42,4,39.473684210526315,13.157894736842104,26.31578947368421,60.526315789473685,55.26315789473685,5.263157894736842
E00105495,123,35,14,21,88,75,13,28.455284552845526,11.38211382113821,17.073170731707318,71.54471544715447,60.97560975609756,10.569105691056912
E00105496,118,23,7,16,95,91,4,19.491525423728813,5.932203389830509,13.559322033898304,80.50847457627118,77.11864406779661,3.389830508474576
E00105497,63,17,7,10,46,44,2,26.984126984126984,11.11111111111111,15.873015873015872,73.01587301587301,69.84126984126983,3.1746031746031744
E00105498,219,46,14,32,173,155,18,21.00456621004566,6.392694063926941,14.61187214611872,78.99543378995433,70.77625570776256,8.21917808219178
E00105499,181,39,11,28,142,128,14,21.54696132596685,6.077348066298343,15.469613259668508,78.45303867403315,70.71823204419888,7.734806629834254
E00105500,153,42,14,28,111,86,25,27.450980392156865,9.15032679738562,18.30065359477124,72.54901960784314,56.209150326797385,16.33986928104575
E00105501,107,28,12,16,79,75,4,26.168224299065418,11.214953271028037,14.953271028037381,73.83177570093457,70.09345794392523,3.7383177570093453
E00105502,113,29,7,22,84,73,11,25.663716814159294,6.1946902654867255,19.469026548672566,74.33628318584071,64.60176991150442,9.734513274336283
E00105503,54,11,3,8,43,37,6,20.37037037037037,5.555555555555555,14.814814814814813,79.62962962962963,68.51851851851852,11.11111111111111
E00105504,149,36,11,25,113,101,12,24.161073825503358,7.38255033557047,16.778523489932887,75.83892617449665,67.78523489932886,8.053691275167784
E00105505,117,37,16,21,80,64,16,31.62393162393162,13.675213675213676,17.94871794871795,68.37606837606837,54.700854700854705,13.675213675213676
E00105506,58,10,2,8,48,43,5,17.24137931034483,3.4482758620689653,13.793103448275861,82.75862068965517,74.13793103448276,8.620689655172415
E00105507,76,22,12,10,54,53,1,28.947368421052634,15.789473684210526,13.157894736842104,71.05263157894737,69.73684210526315,1.3157894736842104
E00105508,63,20,8,12,43,32,11,31.746031746031743,12.698412698412698,19.047619047619047,68.25396825396825,50.79365079365079,17.46031746031746
E00105509,105,35,11,24,70,63,7,33.33333333333333,10.476190476190476,22.857142857142858,66.66666666666666,60,6.666666666666667
E00105510,96,38,14,24,58,53,5,39.58333333333333,14.583333333333334,25,60.416666666666664,55.208333333333336,5.208333333333334
E00105511,234,63,18,45,171,155,16,26.923076923076923,7.6923076923076925,19.230769230769234,73.07692307692307,66.23931623931624,6.837606837606838
E00105512,185,38,12,26,147,133,14,20.54054054054054,6.486486486486487,14.054054054054054,79.45945945945945,71.89189189189189,7.567567567567568
E00105513,78,22,8,14,56,48,8,28.205128205128204,10.256410256410255,17.94871794871795,71.7948717948718,61.53846153846154,10.256410256410255
E00105514,145,45,15,30,100,90,10,31.03448275862069,10.344827586206897,20.689655172413794,68.96551724137932,62.06896551724138,6.896551724137931
E00105515,163,46,10,36,117,102,15,28.22085889570552,6.134969325153374,22.085889570552148,71.77914110429448,62.57668711656442,9.202453987730062
E00105517,231,67,22,45,164,147,17,29.004329004329005,9.523809523809524,19.480519480519483,70.995670995671,63.63636363636363,7.35930735930736
E00105518,303,67,12,55,236,205,31,22.112211221122113,3.9603960396039604,18.151815181518153,77.88778877887789,67.65676567656766,10.231023102310232
E00105519,212,43,9,34,169,148,21,20.28301886792453,4.245283018867925,16.037735849056602,79.71698113207547,69.81132075471697,9.90566037735849
E00105520,73,20,5,15,53,46,7,27.397260273972602,6.8493150684931505,20.54794520547945,72.6027397260274,63.013698630136986,9.58904109589041
E00105521,76,26,3,23,50,48,2,34.21052631578947,3.9473684210526314,30.263157894736842,65.78947368421053,63.1578947368421,2.631578947368421
E00105522,121,33,9,24,88,79,9,27.27272727272727,7.43801652892562,19.834710743801654,72.72727272727273,65.28925619834712,7.43801652892562
E00105523,89,32,8,24,57,51,6,35.95505617977528,8.98876404494382,26.96629213483146,64.04494382022472,57.30337078651685,6.741573033707865
E00105524,119,43,14,29,76,71,5,36.134453781512605,11.76470588235294,24.369747899159663,63.86554621848739,59.66386554621849,4.201680672268908
E00105525,95,37,11,26,58,53,5,38.94736842105263,11.578947368421053,27.368421052631582,61.05263157894737,55.78947368421052,5.263157894736842
E00105526,71,26,9,17,45,39,6,36.61971830985916,12.676056338028168,23.943661971830984,63.38028169014085,54.929577464788736,8.450704225352112
E00105527,131,31,11,20,100,86,14,23.66412213740458,8.396946564885496,15.267175572519085,76.33587786259542,65.64885496183206,10.687022900763358
E00105528,129,35,10,25,94,79,15,27.131782945736433,7.751937984496124,19.379844961240313,72.86821705426357,61.240310077519375,11.627906976744185
E00105529,136,36,12,24,100,84,16,26.47058823529412,8.823529411764707,17.647058823529413,73.52941176470588,61.76470588235294,11.76470588235294
E00105530,142,35,11,24,107,85,22,24.647887323943664,7.746478873239436,16.901408450704224,75.35211267605634,59.859154929577464,15.492957746478872
E00105531,145,37,14,23,108,86,22,25.517241379310345,9.655172413793103,15.862068965517242,74.48275862068967,59.310344827586206,15.172413793103448
E00105532,76,21,0,21,55,52,3,27.631578947368425,0,27.631578947368425,72.36842105263158,68.42105263157895,3.9473684210526314
E00105533,101,22,7,15,79,68,11,21.782178217821784,6.9306930693069315,14.85148514851485,78.21782178217822,67.32673267326733,10.891089108910892
E00105534,89,31,10,21,58,53,5,34.831460674157306,11.235955056179774,23.595505617977526,65.1685393258427,59.55056179775281,5.617977528089887
E00105535,110,30,11,19,80,69,11,27.27272727272727,10,17.272727272727273,72.72727272727273,62.727272727272734,10
E00105536,81,26,10,16,55,50,5,32.098765432098766,12.345679012345679,19.753086419753085,67.90123456790124,61.72839506172839,6.172839506172839
E00105537,140,37,11,26,103,86,17,26.42857142857143,7.857142857142857,18.571428571428573,73.57142857142858,61.42857142857143,12.142857142857142
E00105538,102,25,8,17,77,70,7,24.509803921568626,7.8431372549019605,16.666666666666664,75.49019607843137,68.62745098039215,6.862745098039216
E00105539,89,31,13,18,58,42,16,34.831460674157306,14.606741573033707,20.224719101123593,65.1685393258427,47.19101123595505,17.97752808988764
E00105540,124,25,6,19,99,92,7,20.161290322580644,4.838709677419355,15.32258064516129,79.83870967741935,74.19354838709677,5.64516129032258
E00105541,58,15,5,10,43,39,4,25.862068965517242,8.620689655172415,17.24137931034483,74.13793103448276,67.24137931034483,6.896551724137931
E00105542,80,31,5,26,49,44,5,38.75,6.25,32.5,61.25000000000001,55.00000000000001,6.25
E00105543,90,16,1,15,74,70,4,17.77777777777778,1.1111111111111112,16.666666666666664,82.22222222222221,77.77777777777779,4.444444444444445
E00105544,93,38,11,27,55,49,6,40.86021505376344,11.827956989247312,29.03225806451613,59.13978494623656,52.68817204301075,6.451612903225806
E00105545,98,28,9,19,70,63,7,28.57142857142857,9.183673469387756,19.387755102040817,71.42857142857143,64.28571428571429,7.142857142857142
E00105546,103,36,10,26,67,59,8,34.95145631067961,9.70873786407767,25.24271844660194,65.0485436893204,57.28155339805825,7.766990291262135
E00105547,140,40,8,32,100,89,11,28.57142857142857,5.714285714285714,22.857142857142858,71.42857142857143,63.57142857142857,7.857142857142857
E00105548,219,44,14,30,175,159,16,20.091324200913242,6.392694063926941,13.698630136986301,79.90867579908677,72.6027397260274,7.30593607305936
E00105549,109,27,7,20,82,73,9,24.770642201834864,6.422018348623854,18.34862385321101,75.22935779816514,66.97247706422019,8.256880733944955
E00105550,92,26,9,17,66,52,14,28.26086956521739,9.782608695652174,18.478260869565215,71.73913043478261,56.52173913043478,15.217391304347828
E00105551,129,33,13,20,96,87,9,25.581395348837212,10.077519379844961,15.503875968992247,74.4186046511628,67.44186046511628,6.976744186046512
E00105552,113,37,14,23,76,70,6,32.743362831858406,12.389380530973451,20.353982300884958,67.2566371681416,61.94690265486725,5.3097345132743365
E00105553,117,24,8,16,93,82,11,20.51282051282051,6.837606837606838,13.675213675213676,79.48717948717949,70.08547008547008,9.401709401709402
E00105554,88,18,7,11,70,61,9,20.454545454545457,7.954545454545454,12.5,79.54545454545455,69.31818181818183,10.227272727272728
E00105555,83,21,6,15,62,56,6,25.301204819277107,7.228915662650602,18.072289156626507,74.69879518072288,67.46987951807229,7.228915662650602
E00105556,106,26,5,21,80,74,6,24.528301886792452,4.716981132075472,19.81132075471698,75.47169811320755,69.81132075471697,5.660377358490567
E00105557,94,30,6,24,64,57,7,31.914893617021278,6.382978723404255,25.53191489361702,68.08510638297872,60.63829787234043,7.446808510638298
E00105558,102,37,16,21,65,55,10,36.27450980392157,15.686274509803921,20.588235294117645,63.725490196078425,53.92156862745098,9.803921568627452
E00105559,87,22,6,16,65,57,8,25.287356321839084,6.896551724137931,18.39080459770115,74.71264367816092,65.51724137931035,9.195402298850574
E00105560,89,15,8,7,74,69,5,16.853932584269664,8.98876404494382,7.865168539325842,83.14606741573034,77.52808988764045,5.617977528089887
E00105561,123,31,11,20,92,82,10,25.203252032520325,8.94308943089431,16.260162601626014,74.79674796747967,66.66666666666666,8.130081300813007
E00105562,103,31,8,23,72,65,7,30.097087378640776,7.766990291262135,22.330097087378643,69.90291262135922,63.10679611650486,6.796116504854369
E00105563,101,27,5,22,74,62,12,26.732673267326735,4.9504950495049505,21.782178217821784,73.26732673267327,61.386138613861384,11.881188118811881
E00105564,140,51,18,33,89,79,10,36.42857142857142,12.857142857142856,23.57142857142857,63.57142857142857,56.42857142857143,7.142857142857142
E00105565,22,5,1,4,17,16,1,22.727272727272727,4.545454545454546,18.181818181818183,77.27272727272727,72.72727272727273,4.545454545454546
E00105566,114,32,11,21,82,75,7,28.07017543859649,9.649122807017543,18.421052631578945,71.9298245614035,65.78947368421053,6.140350877192982
E00105568,91,22,10,12,69,61,8,24.175824175824175,10.989010989010989,13.186813186813188,75.82417582417582,67.03296703296702,8.791208791208792
E00105569,173,49,17,32,124,106,18,28.32369942196532,9.826589595375722,18.497109826589593,71.67630057803468,61.27167630057804,10.404624277456648
E00105570,124,30,8,22,94,75,19,24.193548387096776,6.451612903225806,17.741935483870968,75.80645161290323,60.483870967741936,15.32258064516129
E00105572,114,23,10,13,91,79,12,20.175438596491226,8.771929824561402,11.403508771929824,79.82456140350878,69.2982456140351,10.526315789473683
E00105573,93,24,3,21,69,60,9,25.806451612903224,3.225806451612903,22.58064516129032,74.19354838709677,64.51612903225806,9.67741935483871
E00105574,60,12,5,7,48,41,7,20,8.333333333333332,11.666666666666666,80,68.33333333333333,11.666666666666666
E00105575,111,29,7,22,82,76,6,26.126126126126124,6.306306306306306,19.81981981981982,73.87387387387388,68.46846846846847,5.405405405405405
E00105576,94,25,5,20,69,63,6,26.595744680851062,5.319148936170213,21.27659574468085,73.40425531914893,67.02127659574468,6.382978723404255
E00105577,75,14,5,9,61,55,6,18.666666666666668,6.666666666666667,12,81.33333333333333,73.33333333333333,8
E00105578,43,11,0,11,32,32,0,25.581395348837212,0,25.581395348837212,74.4186046511628,74.4186046511628,0
E00105579,124,38,12,26,86,75,11,30.64516129032258,9.67741935483871,20.967741935483872,69.35483870967742,60.483870967741936,8.870967741935484
E00105580,61,20,8,12,41,35,6,32.78688524590164,13.114754098360656,19.672131147540984,67.21311475409836,57.377049180327866,9.836065573770492
E00105581,61,15,4,11,46,43,3,24.59016393442623,6.557377049180328,18.0327868852459,75.40983606557377,70.49180327868852,4.918032786885246
E00105583,111,33,7,26,78,63,15,29.72972972972973,6.306306306306306,23.423423423423422,70.27027027027027,56.75675675675676,13.513513513513514
E00105584,72,16,4,12,56,50,6,22.22222222222222,5.555555555555555,16.666666666666664,77.77777777777779,69.44444444444444,8.333333333333332
E00105585,95,24,8,16,71,65,6,25.263157894736842,8.421052631578947,16.842105263157894,74.73684210526315,68.42105263157895,6.315789473684211
E00105586,73,22,6,16,51,46,5,30.136986301369863,8.21917808219178,21.91780821917808,69.86301369863014,63.013698630136986,6.8493150684931505
E00105587,135,35,12,23,100,89,11,25.925925925925924,8.88888888888889,17.037037037037038,74.07407407407408,65.92592592592592,8.148148148148149
E00105588,108,33,13,20,75,49,26,30.555555555555557,12.037037037037036,18.51851851851852,69.44444444444444,45.370370370370374,24.074074074074073
E00105589,76,24,3,21,52,42,10,31.57894736842105,3.9473684210526314,27.631578947368425,68.42105263157895,55.26315789473685,13.157894736842104
E00105590,111,32,8,24,79,70,9,28.82882882882883,7.207207207207207,21.62162162162162,71.17117117117117,63.06306306306306,8.108108108108109
E00105591,83,24,8,16,59,55,4,28.915662650602407,9.63855421686747,19.27710843373494,71.08433734939759,66.26506024096386,4.819277108433735
E00105592,75,18,7,11,57,57,0,24,9.333333333333334,14.666666666666666,76,76,0
E00105593,110,36,11,25,74,66,8,32.72727272727273,10,22.727272727272727,67.27272727272727,60,7.2727272727272725
E00105594,73,19,6,13,54,42,12,26.027397260273972,8.21917808219178,17.80821917808219,73.97260273972603,57.534246575342465,16.43835616438356
E00105595,125,37,7,30,88,79,9,29.599999999999998,5.6000000000000005,24,70.39999999999999,63.2,7.199999999999999
E00105596,114,32,11,21,82,73,9,28.07017543859649,9.649122807017543,18.421052631578945,71.9298245614035,64.03508771929825,7.894736842105263
E00105597,118,35,11,24,83,70,13,29.66101694915254,9.322033898305085,20.33898305084746,70.33898305084746,59.32203389830508,11.016949152542372
E00105598,133,40,13,27,93,77,16,30.075187969924812,9.774436090225564,20.30075187969925,69.92481203007519,57.89473684210527,12.030075187969924
E00105599,100,26,12,14,74,71,3,26,12,14.000000000000002,74,71,3
E00105600,81,23,7,16,58,49,9,28.39506172839506,8.641975308641975,19.753086419753085,71.60493827160494,60.49382716049383,11.11111111111111
E00105601,74,28,13,15,46,34,12,37.83783783783784,17.56756756756757,20.27027027027027,62.16216216216216,45.94594594594595,16.216216216216218
E00105602,47,16,6,10,31,26,5,34.04255319148936,12.76595744680851,21.27659574468085,65.95744680851064,55.319148936170215,10.638297872340425
E00105603,39,10,1,9,29,25,4,25.64102564102564,2.564102564102564,23.076923076923077,74.35897435897436,64.1025641025641,10.256410256410255
E00105604,103,25,5,20,78,73,5,24.271844660194176,4.854368932038835,19.41747572815534,75.72815533980582,70.87378640776699,4.854368932038835
E00105605,199,65,22,43,134,114,20,32.663316582914575,11.055276381909549,21.608040201005025,67.33668341708542,57.286432160804026,10.050251256281408
E00105606,130,42,13,29,88,77,11,32.30769230769231,10,22.30769230769231,67.6923076923077,59.23076923076923,8.461538461538462
E00105607,83,24,7,17,59,51,8,28.915662650602407,8.433734939759036,20.481927710843372,71.08433734939759,61.44578313253012,9.63855421686747
E00105608,110,26,7,19,84,76,8,23.636363636363637,6.363636363636363,17.272727272727273,76.36363636363637,69.0909090909091,7.2727272727272725
E00105609,150,56,24,32,94,79,15,37.333333333333336,16,21.333333333333336,62.66666666666667,52.666666666666664,10
E00105610,139,47,15,32,92,81,11,33.81294964028777,10.79136690647482,23.021582733812952,66.18705035971223,58.27338129496403,7.913669064748201
E00105611,125,32,13,19,93,78,15,25.6,10.4,15.2,74.4,62.4,12
E00105612,175,49,20,29,126,109,17,28.000000000000004,11.428571428571429,16.57142857142857,72,62.28571428571429,9.714285714285714
E00105613,108,37,9,28,71,56,15,34.25925925925926,8.333333333333332,25.925925925925924,65.74074074074075,51.85185185185185,13.88888888888889
E00105614,101,25,6,19,76,68,8,24.752475247524753,5.9405940594059405,18.81188118811881,75.24752475247524,67.32673267326733,7.920792079207921
E00105615,133,39,13,26,94,78,16,29.32330827067669,9.774436090225564,19.548872180451127,70.67669172932331,58.64661654135338,12.030075187969924
E00105616,154,56,11,45,98,80,18,36.36363636363637,7.142857142857142,29.22077922077922,63.63636363636363,51.94805194805194,11.688311688311687
E00105617,130,40,12,28,90,74,16,30.76923076923077,9.230769230769232,21.53846153846154,69.23076923076923,56.92307692307692,12.307692307692308
E00105618,155,42,10,32,113,100,13,27.09677419354839,6.451612903225806,20.64516129032258,72.90322580645162,64.51612903225806,8.38709677419355
E00105619,89,18,7,11,71,64,7,20.224719101123593,7.865168539325842,12.359550561797752,79.7752808988764,71.91011235955057,7.865168539325842
E00105620,104,34,6,28,70,61,9,32.69230769230769,5.769230769230769,26.923076923076923,67.3076923076923,58.65384615384615,8.653846153846153
E00105621,119,40,10,30,79,72,7,33.61344537815126,8.403361344537815,25.210084033613445,66.38655462184873,60.50420168067227,5.88235294117647
E00105622,93,26,4,22,67,60,7,27.956989247311824,4.301075268817205,23.655913978494624,72.04301075268818,64.51612903225806,7.526881720430108
E00105624,134,35,7,28,99,91,8,26.119402985074625,5.223880597014925,20.8955223880597,73.88059701492537,67.91044776119402,5.970149253731343
E00105625,110,26,12,14,84,74,10,23.636363636363637,10.909090909090908,12.727272727272727,76.36363636363637,67.27272727272727,9.090909090909092
E00105626,164,34,7,27,130,119,11,20.73170731707317,4.2682926829268295,16.463414634146343,79.26829268292683,72.5609756097561,6.707317073170732
E00105627,157,27,14,13,130,118,12,17.197452229299362,8.9171974522293,8.280254777070063,82.80254777070064,75.15923566878982,7.643312101910828
E00105628,49,19,4,15,30,28,2,38.775510204081634,8.16326530612245,30.612244897959183,61.224489795918366,57.14285714285714,4.081632653061225
E00105629,112,27,9,18,85,79,6,24.107142857142858,8.035714285714286,16.071428571428573,75.89285714285714,70.53571428571429,5.357142857142857
E00105630,117,27,1,26,90,89,1,23.076923076923077,0.8547008547008548,22.22222222222222,76.92307692307693,76.06837606837607,0.8547008547008548
E00105631,136,39,19,20,97,89,8,28.676470588235293,13.970588235294118,14.705882352941178,71.32352941176471,65.44117647058823,5.88235294117647
E00105632,142,33,11,22,109,91,18,23.239436619718308,7.746478873239436,15.492957746478872,76.76056338028168,64.08450704225352,12.676056338028168
E00105633,71,20,9,11,51,46,5,28.169014084507044,12.676056338028168,15.492957746478872,71.83098591549296,64.7887323943662,7.042253521126761
E00105634,105,26,8,18,79,68,11,24.761904761904763,7.6190476190476195,17.142857142857142,75.23809523809524,64.76190476190476,10.476190476190476
E00105635,86,25,8,17,61,58,3,29.069767441860467,9.30232558139535,19.767441860465116,70.93023255813954,67.44186046511628,3.488372093023256
E00105636,58,17,5,12,41,31,10,29.310344827586203,8.620689655172415,20.689655172413794,70.6896551724138,53.44827586206896,17.24137931034483
E00105637,105,32,8,24,73,66,7,30.476190476190478,7.6190476190476195,22.857142857142858,69.52380952380952,62.857142857142854,6.666666666666667
E00105638,162,32,5,27,130,113,17,19.753086419753085,3.0864197530864197,16.666666666666664,80.24691358024691,69.75308641975309,10.493827160493826
E00105639,197,52,12,40,145,123,22,26.39593908629442,6.091370558375635,20.304568527918782,73.60406091370558,62.43654822335025,11.16751269035533
E00105640,71,17,3,14,54,45,9,23.943661971830984,4.225352112676056,19.718309859154928,76.05633802816901,63.38028169014085,12.676056338028168
E00105641,108,29,8,21,79,69,10,26.851851851851855,7.4074074074074066,19.444444444444446,73.14814814814815,63.888888888888886,9.25925925925926
E00105642,129,34,10,24,95,81,14,26.356589147286826,7.751937984496124,18.6046511627907,73.64341085271317,62.7906976744186,10.852713178294573
E00105643,90,27,11,16,63,55,8,30,12.222222222222221,17.77777777777778,70,61.111111111111114,8.88888888888889
E00105644,106,20,5,15,86,82,4,18.867924528301888,4.716981132075472,14.150943396226415,81.13207547169812,77.35849056603774,3.7735849056603774
E00105645,90,38,11,27,52,49,3,42.22222222222222,12.222222222222221,30,57.77777777777777,54.44444444444444,3.3333333333333335
E00105646,68,23,6,17,45,39,6,33.82352941176471,8.823529411764707,25,66.17647058823529,57.35294117647059,8.823529411764707
E00105648,144,34,8,26,110,92,18,23.61111111111111,5.555555555555555,18.055555555555554,76.38888888888889,63.888888888888886,12.5
E00105649,118,39,12,27,79,71,8,33.05084745762712,10.16949152542373,22.88135593220339,66.94915254237289,60.16949152542372,6.779661016949152
E00105650,135,30,9,21,105,94,11,22.22222222222222,6.666666666666667,15.555555555555555,77.77777777777779,69.62962962962963,8.148148148148149
E00105651,120,34,10,24,86,79,7,28.333333333333332,8.333333333333332,20,71.66666666666667,65.83333333333333,5.833333333333333
E00105652,111,36,8,28,75,74,1,32.432432432432435,7.207207207207207,25.225225225225223,67.56756756756756,66.66666666666666,0.9009009009009009
E00105653,141,44,12,32,97,86,11,31.20567375886525,8.51063829787234,22.69503546099291,68.79432624113475,60.99290780141844,7.801418439716312
E00105654,61,14,6,8,47,45,2,22.950819672131146,9.836065573770492,13.114754098360656,77.04918032786885,73.77049180327869,3.278688524590164
E00105655,127,29,8,21,98,86,12,22.83464566929134,6.299212598425196,16.535433070866144,77.16535433070865,67.71653543307087,9.448818897637794
E00105656,116,36,10,26,80,67,13,31.03448275862069,8.620689655172415,22.413793103448278,68.96551724137932,57.758620689655174,11.206896551724139
E00105657,94,22,5,17,72,61,11,23.404255319148938,5.319148936170213,18.085106382978726,76.59574468085107,64.8936170212766,11.702127659574469
E00105658,124,27,8,19,97,85,12,21.774193548387096,6.451612903225806,15.32258064516129,78.2258064516129,68.54838709677419,9.67741935483871
E00105660,110,28,2,26,82,72,10,25.454545454545453,1.8181818181818181,23.636363636363637,74.54545454545455,65.45454545454545,9.090909090909092
E00105661,158,30,11,19,128,103,25,18.9873417721519,6.962025316455696,12.025316455696203,81.0126582278481,65.18987341772153,15.822784810126583
E00105662,95,26,8,18,69,57,12,27.368421052631582,8.421052631578947,18.947368421052634,72.63157894736842,60,12.631578947368421
E00105663,123,37,10,27,86,73,13,30.081300813008134,8.130081300813007,21.951219512195124,69.91869918699187,59.34959349593496,10.569105691056912
E00105664,164,44,18,26,120,105,15,26.82926829268293,10.975609756097562,15.853658536585366,73.17073170731707,64.02439024390245,9.146341463414634
E00105665,95,40,12,28,55,48,7,42.10526315789473,12.631578947368421,29.47368421052631,57.89473684210527,50.526315789473685,7.368421052631578
E00105666,115,26,10,16,89,79,10,22.608695652173914,8.695652173913043,13.91304347826087,77.39130434782608,68.69565217391305,8.695652173913043
E00105667,169,29,13,16,140,123,17,17.159763313609467,7.6923076923076925,9.467455621301776,82.84023668639054,72.7810650887574,10.059171597633137
E00105668,127,45,17,28,82,71,11,35.43307086614173,13.385826771653544,22.04724409448819,64.56692913385827,55.90551181102362,8.661417322834646
E00105670,103,28,10,18,75,68,7,27.184466019417474,9.70873786407767,17.475728155339805,72.81553398058253,66.01941747572816,6.796116504854369
E00105671,146,38,13,25,108,91,17,26.027397260273972,8.904109589041095,17.123287671232877,73.97260273972603,62.328767123287676,11.643835616438356
E00105672,96,28,8,20,68,58,10,29.166666666666668,8.333333333333332,20.833333333333336,70.83333333333334,60.416666666666664,10.416666666666668
E00105673,115,34,5,29,81,70,11,29.565217391304348,4.3478260869565215,25.217391304347824,70.43478260869566,60.86956521739131,9.565217391304348
E00105674,109,20,5,15,89,77,12,18.34862385321101,4.587155963302752,13.761467889908257,81.65137614678899,70.64220183486239,11.009174311926607
E00105675,145,46,15,31,99,81,18,31.724137931034484,10.344827586206897,21.379310344827587,68.27586206896552,55.86206896551724,12.413793103448276
E00105676,123,40,9,31,83,74,9,32.52032520325203,7.317073170731707,25.203252032520325,67.47967479674797,60.16260162601627,7.317073170731707
E00105677,82,19,6,13,63,56,7,23.170731707317074,7.317073170731707,15.853658536585366,76.82926829268293,68.29268292682927,8.536585365853659
E00105678,124,43,14,29,81,72,9,34.67741935483871,11.29032258064516,23.387096774193548,65.32258064516128,58.06451612903226,7.258064516129033
E00105679,131,39,16,23,92,80,12,29.770992366412212,12.213740458015266,17.557251908396946,70.22900763358778,61.06870229007634,9.16030534351145
E00105680,166,33,6,27,133,112,21,19.879518072289155,3.614457831325301,16.265060240963855,80.12048192771084,67.46987951807229,12.650602409638553
E00105681,54,15,5,10,39,34,5,27.77777777777778,9.25925925925926,18.51851851851852,72.22222222222221,62.96296296296296,9.25925925925926
E00105682,127,33,7,26,94,88,6,25.984251968503933,5.511811023622047,20.47244094488189,74.01574803149606,69.29133858267717,4.724409448818897
E00105683,137,35,15,20,102,84,18,25.547445255474454,10.948905109489052,14.5985401459854,74.45255474452554,61.31386861313869,13.138686131386862
E00105684,115,31,8,23,84,68,16,26.956521739130434,6.956521739130435,20,73.04347826086956,59.130434782608695,13.91304347826087
E00105685,209,46,16,30,163,147,16,22.00956937799043,7.655502392344498,14.354066985645932,77.99043062200957,70.33492822966507,7.655502392344498
E00105686,92,28,9,19,64,62,2,30.434782608695656,9.782608695652174,20.652173913043477,69.56521739130434,67.3913043478261,2.1739130434782608
E00105687,135,40,17,23,95,86,9,29.629629629629626,12.592592592592592,17.037037037037038,70.37037037037037,63.70370370370371,6.666666666666667
E00105688,128,30,7,23,98,89,9,23.4375,5.46875,17.96875,76.5625,69.53125,7.03125
E00105689,92,26,9,17,66,59,7,28.26086956521739,9.782608695652174,18.478260869565215,71.73913043478261,64.13043478260869,7.608695652173914
E00105690,117,25,11,14,92,83,9,21.367521367521366,9.401709401709402,11.965811965811966,78.63247863247864,70.94017094017094,7.6923076923076925
E00105691,102,30,12,18,72,64,8,29.411764705882355,11.76470588235294,17.647058823529413,70.58823529411765,62.745098039215684,7.8431372549019605
E00105692,98,22,5,17,76,69,7,22.448979591836736,5.1020408163265305,17.346938775510203,77.55102040816327,70.40816326530613,7.142857142857142
E00105693,186,49,16,33,137,122,15,26.344086021505376,8.60215053763441,17.741935483870968,73.65591397849462,65.59139784946237,8.064516129032258
E00105694,111,43,10,33,68,56,12,38.73873873873874,9.00900900900901,29.72972972972973,61.261261261261254,50.45045045045045,10.81081081081081
E00105695,118,29,3,26,89,77,12,24.576271186440678,2.5423728813559325,22.033898305084744,75.42372881355932,65.2542372881356,10.16949152542373
E00105696,98,28,11,17,70,63,7,28.57142857142857,11.224489795918368,17.346938775510203,71.42857142857143,64.28571428571429,7.142857142857142
E00105697,119,28,5,23,91,80,11,23.52941176470588,4.201680672268908,19.327731092436977,76.47058823529412,67.22689075630252,9.243697478991598
E00105698,99,36,15,21,63,58,5,36.36363636363637,15.151515151515152,21.21212121212121,63.63636363636363,58.58585858585859,5.05050505050505
E00105699,61,21,9,12,40,28,12,34.42622950819672,14.754098360655737,19.672131147540984,65.57377049180327,45.90163934426229,19.672131147540984
E00105700,142,41,14,27,101,62,39,28.87323943661972,9.859154929577464,19.014084507042252,71.12676056338029,43.66197183098591,27.464788732394368
E00105701,84,25,12,13,59,47,12,29.761904761904763,14.285714285714285,15.476190476190476,70.23809523809523,55.952380952380956,14.285714285714285
E00105703,139,42,15,27,97,77,20,30.215827338129497,10.79136690647482,19.424460431654676,69.7841726618705,55.39568345323741,14.388489208633093
E00105704,54,17,2,15,37,30,7,31.48148148148148,3.7037037037037033,27.77777777777778,68.51851851851852,55.55555555555556,12.962962962962962
E00105705,204,51,23,28,153,98,55,25,11.27450980392157,13.725490196078432,75,48.03921568627451,26.96078431372549
E00105706,123,30,7,23,93,76,17,24.390243902439025,5.691056910569105,18.69918699186992,75.60975609756098,61.78861788617886,13.821138211382115
E00105707,113,38,19,19,75,65,10,33.6283185840708,16.8141592920354,16.8141592920354,66.3716814159292,57.52212389380531,8.849557522123893
E00105708,121,46,19,27,75,61,14,38.01652892561984,15.702479338842975,22.31404958677686,61.98347107438017,50.413223140495866,11.570247933884298
E00105710,110,30,9,21,80,71,9,27.27272727272727,8.181818181818182,19.090909090909093,72.72727272727273,64.54545454545455,8.181818181818182
E00105711,126,43,9,34,83,69,14,34.12698412698413,7.142857142857142,26.984126984126984,65.87301587301587,54.761904761904766,11.11111111111111
E00105712,119,29,6,23,90,79,11,24.369747899159663,5.042016806722689,19.327731092436977,75.63025210084034,66.38655462184873,9.243697478991598
E00105713,123,34,17,17,89,78,11,27.64227642276423,13.821138211382115,13.821138211382115,72.35772357723577,63.41463414634146,8.94308943089431
E00105714,140,34,16,18,106,90,16,24.285714285714285,11.428571428571429,12.857142857142856,75.71428571428571,64.28571428571429,11.428571428571429
E00105715,100,31,8,23,69,63,6,31,8,23,69,63,6
E00105716,111,33,10,23,78,69,9,29.72972972972973,9.00900900900901,20.72072072072072,70.27027027027027,62.16216216216216,8.108108108108109
E00105717,90,25,8,17,65,59,6,27.77777777777778,8.88888888888889,18.88888888888889,72.22222222222221,65.55555555555556,6.666666666666667
E00105718,123,44,12,32,79,69,10,35.77235772357724,9.75609756097561,26.01626016260163,64.22764227642277,56.09756097560976,8.130081300813007
E00105719,99,25,8,17,74,57,17,25.252525252525253,8.080808080808081,17.17171717171717,74.74747474747475,57.57575757575758,17.17171717171717
E00105720,132,31,6,25,101,96,5,23.484848484848484,4.545454545454546,18.939393939393938,76.51515151515152,72.72727272727273,3.787878787878788
E00105721,150,38,10,28,112,102,10,25.333333333333336,6.666666666666667,18.666666666666668,74.66666666666667,68,6.666666666666667
E00105722,108,34,12,22,74,66,8,31.48148148148148,11.11111111111111,20.37037037037037,68.51851851851852,61.111111111111114,7.4074074074074066
E00105723,114,28,11,17,86,77,9,24.561403508771928,9.649122807017543,14.912280701754385,75.43859649122807,67.54385964912281,7.894736842105263
E00105724,162,42,19,23,120,104,16,25.925925925925924,11.728395061728394,14.19753086419753,74.07407407407408,64.19753086419753,9.876543209876543
E00105725,103,17,4,13,86,77,9,16.50485436893204,3.8834951456310676,12.62135922330097,83.49514563106796,74.75728155339806,8.737864077669903
E00105726,138,36,14,22,102,89,13,26.08695652173913,10.144927536231885,15.942028985507244,73.91304347826086,64.4927536231884,9.420289855072465
E00105727,136,32,10,22,104,93,11,23.52941176470588,7.352941176470589,16.176470588235293,76.47058823529412,68.38235294117648,8.088235294117647
E00105728,96,32,11,21,64,55,9,33.33333333333333,11.458333333333332,21.875,66.66666666666666,57.291666666666664,9.375
E00105729,107,31,9,22,76,70,6,28.971962616822427,8.411214953271028,20.5607476635514,71.02803738317756,65.42056074766354,5.607476635514018
E00105730,124,35,4,31,89,77,12,28.225806451612907,3.225806451612903,25,71.7741935483871,62.096774193548384,9.67741935483871
E00105731,117,34,11,23,83,75,8,29.059829059829063,9.401709401709402,19.65811965811966,70.94017094017094,64.1025641025641,6.837606837606838
E00105732,110,34,10,24,76,69,7,30.909090909090907,9.090909090909092,21.818181818181817,69.0909090909091,62.727272727272734,6.363636363636363
E00105733,92,23,11,12,69,64,5,25,11.956521739130435,13.043478260869565,75,69.56521739130434,5.434782608695652
E00105734,103,26,5,21,77,67,10,25.24271844660194,4.854368932038835,20.388349514563107,74.75728155339806,65.0485436893204,9.70873786407767
E00105735,98,22,5,17,76,64,12,22.448979591836736,5.1020408163265305,17.346938775510203,77.55102040816327,65.3061224489796,12.244897959183673
E00105736,103,20,6,14,83,74,9,19.41747572815534,5.825242718446602,13.592233009708737,80.58252427184466,71.84466019417476,8.737864077669903
E00105738,67,17,6,11,50,45,5,25.37313432835821,8.955223880597014,16.417910447761194,74.6268656716418,67.16417910447761,7.462686567164178
E00105739,104,20,6,14,84,67,17,19.230769230769234,5.769230769230769,13.461538461538462,80.76923076923077,64.42307692307693,16.346153846153847
E00105740,96,28,7,21,68,64,4,29.166666666666668,7.291666666666667,21.875,70.83333333333334,66.66666666666666,4.166666666666666
E00105741,99,29,9,20,70,61,9,29.292929292929294,9.090909090909092,20.2020202020202,70.70707070707071,61.61616161616161,9.090909090909092
E00105742,114,28,9,19,86,75,11,24.561403508771928,7.894736842105263,16.666666666666664,75.43859649122807,65.78947368421053,9.649122807017543
E00105743,144,31,11,20,113,101,12,21.52777777777778,7.638888888888889,13.88888888888889,78.47222222222221,70.13888888888889,8.333333333333332
E00105744,112,39,9,30,73,67,6,34.82142857142857,8.035714285714286,26.785714285714285,65.17857142857143,59.82142857142857,5.357142857142857
E00105745,135,34,10,24,101,92,9,25.185185185185183,7.4074074074074066,17.77777777777778,74.81481481481481,68.14814814814815,6.666666666666667
E00105746,78,18,6,12,60,49,11,23.076923076923077,7.6923076923076925,15.384615384615385,76.92307692307693,62.82051282051282,14.102564102564102
E00105747,131,34,12,22,97,90,7,25.954198473282442,9.16030534351145,16.793893129770993,74.04580152671755,68.70229007633588,5.343511450381679
E00105748,151,41,9,32,110,102,8,27.1523178807947,5.960264900662252,21.192052980132452,72.84768211920529,67.54966887417218,5.298013245033113
E00105749,108,30,8,22,78,70,8,27.77777777777778,7.4074074074074066,20.37037037037037,72.22222222222221,64.81481481481481,7.4074074074074066
E00105750,146,31,9,22,115,103,12,21.232876712328768,6.164383561643835,15.068493150684931,78.76712328767124,70.54794520547945,8.21917808219178
E00105751,71,23,17,6,48,39,9,32.3943661971831,23.943661971830984,8.450704225352112,67.6056338028169,54.929577464788736,12.676056338028168
E00105752,106,27,6,21,79,76,3,25.471698113207548,5.660377358490567,19.81132075471698,74.52830188679245,71.69811320754717,2.8301886792452833
E00105753,45,9,4,5,36,32,4,20,8.88888888888889,11.11111111111111,80,71.11111111111111,8.88888888888889
E00105754,107,29,7,22,78,68,10,27.102803738317753,6.5420560747663545,20.5607476635514,72.89719626168224,63.55140186915887,9.345794392523365
E00105755,101,27,9,18,74,69,5,26.732673267326735,8.91089108910891,17.82178217821782,73.26732673267327,68.31683168316832,4.9504950495049505
E00105756,69,18,1,17,51,44,7,26.08695652173913,1.4492753623188406,24.637681159420293,73.91304347826086,63.76811594202898,10.144927536231885
E00105757,98,32,8,24,66,61,5,32.6530612244898,8.16326530612245,24.489795918367346,67.3469387755102,62.244897959183675,5.1020408163265305
E00105758,124,37,13,24,87,82,5,29.838709677419356,10.483870967741936,19.35483870967742,70.16129032258065,66.12903225806451,4.032258064516129
E00105759,99,31,10,21,68,68,0,31.313131313131315,10.1010101010101,21.21212121212121,68.68686868686868,68.68686868686868,0
E00105760,83,27,4,23,56,52,4,32.53012048192771,4.819277108433735,27.710843373493976,67.46987951807229,62.65060240963856,4.819277108433735
E00105761,29,9,2,7,20,16,4,31.03448275862069,6.896551724137931,24.137931034482758,68.96551724137932,55.172413793103445,13.793103448275861
E00105762,119,38,11,27,81,72,9,31.932773109243694,9.243697478991598,22.689075630252102,68.0672268907563,60.50420168067227,7.563025210084033
E00105763,111,38,15,23,73,62,11,34.234234234234236,13.513513513513514,20.72072072072072,65.76576576576578,55.85585585585585,9.90990990990991
E00105764,126,28,4,24,98,87,11,22.22222222222222,3.1746031746031744,19.047619047619047,77.77777777777779,69.04761904761905,8.73015873015873
E00105765,90,26,8,18,64,56,8,28.888888888888886,8.88888888888889,20,71.11111111111111,62.22222222222222,8.88888888888889
E00105766,65,19,2,17,46,39,7,29.230769230769234,3.076923076923077,26.153846153846157,70.76923076923077,60,10.76923076923077
E00105767,58,23,7,16,35,35,0,39.6551724137931,12.068965517241379,27.586206896551722,60.3448275862069,60.3448275862069,0
E00105768,83,28,1,27,55,50,5,33.734939759036145,1.2048192771084338,32.53012048192771,66.26506024096386,60.24096385542169,6.024096385542169
E00105769,69,23,6,17,46,45,1,33.33333333333333,8.695652173913043,24.637681159420293,66.66666666666666,65.21739130434783,1.4492753623188406
E00105770,69,22,7,15,47,44,3,31.88405797101449,10.144927536231885,21.73913043478261,68.11594202898551,63.76811594202898,4.3478260869565215
E00105771,65,22,5,17,43,39,4,33.84615384615385,7.6923076923076925,26.153846153846157,66.15384615384615,60,6.153846153846154
E00105772,91,32,6,26,59,51,8,35.16483516483517,6.593406593406594,28.57142857142857,64.83516483516483,56.043956043956044,8.791208791208792
E00105773,81,24,6,18,57,53,4,29.629629629629626,7.4074074074074066,22.22222222222222,70.37037037037037,65.4320987654321,4.938271604938271
E00105774,100,26,5,21,74,68,6,26,5,21,74,68,6
E00105775,111,46,14,32,65,58,7,41.44144144144144,12.612612612612612,28.82882882882883,58.55855855855856,52.25225225225225,6.306306306306306
E00105776,87,35,8,27,52,47,5,40.229885057471265,9.195402298850574,31.03448275862069,59.77011494252874,54.02298850574713,5.747126436781609
E00105777,108,35,15,20,73,60,13,32.407407407407405,13.88888888888889,18.51851851851852,67.5925925925926,55.55555555555556,12.037037037037036
E00105778,121,33,11,22,88,77,11,27.27272727272727,9.090909090909092,18.181818181818183,72.72727272727273,63.63636363636363,9.090909090909092
E00105780,147,38,15,23,109,85,24,25.850340136054424,10.204081632653061,15.646258503401361,74.14965986394559,57.82312925170068,16.3265306122449
E00105781,127,44,13,31,83,77,6,34.645669291338585,10.236220472440944,24.409448818897637,65.35433070866141,60.629921259842526,4.724409448818897
E00105782,131,57,14,43,74,64,10,43.51145038167939,10.687022900763358,32.82442748091603,56.48854961832062,48.854961832061065,7.633587786259542
E00105783,94,38,9,29,56,47,9,40.42553191489361,9.574468085106384,30.851063829787233,59.57446808510638,50,9.574468085106384
E00105784,239,61,20,41,178,153,25,25.523012552301257,8.368200836820083,17.154811715481173,74.47698744769873,64.01673640167364,10.460251046025103
E00105785,114,39,21,18,75,71,4,34.21052631578947,18.421052631578945,15.789473684210526,65.78947368421053,62.28070175438597,3.508771929824561
E00105786,136,36,10,26,100,87,13,26.47058823529412,7.352941176470589,19.11764705882353,73.52941176470588,63.970588235294116,9.558823529411764
E00105787,107,27,10,17,80,66,14,25.233644859813083,9.345794392523365,15.887850467289718,74.76635514018692,61.6822429906542,13.084112149532709
E00105788,94,26,11,15,68,49,19,27.659574468085108,11.702127659574469,15.957446808510639,72.3404255319149,52.12765957446809,20.212765957446805
E00105789,123,34,11,23,89,77,12,27.64227642276423,8.94308943089431,18.69918699186992,72.35772357723577,62.601626016260155,9.75609756097561
E00105791,95,37,11,26,58,58,0,38.94736842105263,11.578947368421053,27.368421052631582,61.05263157894737,61.05263157894737,0
E00105792,111,36,8,28,75,65,10,32.432432432432435,7.207207207207207,25.225225225225223,67.56756756756756,58.55855855855856,9.00900900900901
E00105793,103,24,7,17,79,64,15,23.300970873786408,6.796116504854369,16.50485436893204,76.69902912621359,62.13592233009708,14.563106796116504
E00105794,123,31,10,21,92,77,15,25.203252032520325,8.130081300813007,17.073170731707318,74.79674796747967,62.601626016260155,12.195121951219512
E00105795,102,24,7,17,78,70,8,23.52941176470588,6.862745098039216,16.666666666666664,76.47058823529412,68.62745098039215,7.8431372549019605
E00105796,78,20,7,13,58,52,6,25.64102564102564,8.974358974358974,16.666666666666664,74.35897435897436,66.66666666666666,7.6923076923076925
E00105797,101,31,8,23,70,60,10,30.693069306930692,7.920792079207921,22.772277227722775,69.3069306930693,59.4059405940594,9.900990099009901
E00105798,80,22,5,17,58,52,6,27.500000000000004,6.25,21.25,72.5,65,7.5
E00105799,117,30,12,18,87,75,12,25.64102564102564,10.256410256410255,15.384615384615385,74.35897435897436,64.1025641025641,10.256410256410255
E00105800,125,30,9,21,95,76,19,24,7.199999999999999,16.8,76,60.8,15.2
E00105801,116,43,17,26,73,61,12,37.06896551724138,14.655172413793101,22.413793103448278,62.93103448275862,52.58620689655172,10.344827586206897
E00105802,86,33,12,21,53,47,6,38.372093023255815,13.953488372093023,24.418604651162788,61.627906976744185,54.65116279069767,6.976744186046512
E00105803,108,30,6,24,78,71,7,27.77777777777778,5.555555555555555,22.22222222222222,72.22222222222221,65.74074074074075,6.481481481481481
E00105804,149,44,12,32,105,86,19,29.53020134228188,8.053691275167784,21.476510067114095,70.46979865771812,57.71812080536913,12.751677852348994
E00105805,157,44,12,32,113,99,14,28.02547770700637,7.643312101910828,20.382165605095544,71.97452229299363,63.05732484076433,8.9171974522293
E00105806,114,29,8,21,85,72,13,25.438596491228072,7.017543859649122,18.421052631578945,74.56140350877193,63.1578947368421,11.403508771929824
E00105807,82,25,8,17,57,51,6,30.48780487804878,9.75609756097561,20.73170731707317,69.51219512195121,62.19512195121951,7.317073170731707
E00105808,104,26,9,17,78,65,13,25,8.653846153846153,16.346153846153847,75,62.5,12.5
E00105809,97,31,11,20,66,56,10,31.958762886597935,11.34020618556701,20.618556701030926,68.04123711340206,57.73195876288659,10.309278350515463
E00105810,96,28,6,22,68,61,7,29.166666666666668,6.25,22.916666666666664,70.83333333333334,63.541666666666664,7.291666666666667
E00105811,113,37,14,23,76,64,12,32.743362831858406,12.389380530973451,20.353982300884958,67.2566371681416,56.63716814159292,10.619469026548673
E00105812,149,36,8,28,113,96,17,24.161073825503358,5.369127516778524,18.79194630872483,75.83892617449665,64.42953020134227,11.409395973154362
E00105813,101,21,9,12,80,73,7,20.792079207920793,8.91089108910891,11.881188118811881,79.20792079207921,72.27722772277228,6.9306930693069315
E00105815,124,31,10,21,93,66,27,25,8.064516129032258,16.93548387096774,75,53.2258064516129,21.774193548387096
E00105816,143,37,14,23,106,93,13,25.874125874125873,9.79020979020979,16.083916083916083,74.12587412587412,65.03496503496503,9.090909090909092
E00105817,271,67,24,43,204,183,21,24.723247232472325,8.856088560885608,15.867158671586715,75.27675276752768,67.52767527675276,7.7490774907749085
E00105818,113,31,9,22,82,78,4,27.43362831858407,7.964601769911504,19.469026548672566,72.56637168141593,69.02654867256636,3.5398230088495577
E00105819,84,24,6,18,60,56,4,28.57142857142857,7.142857142857142,21.428571428571427,71.42857142857143,66.66666666666666,4.761904761904762
E00105820,201,52,16,36,149,125,24,25.870646766169152,7.960199004975125,17.91044776119403,74.12935323383084,62.189054726368155,11.940298507462686
E00105821,113,35,6,29,78,67,11,30.973451327433626,5.3097345132743365,25.663716814159294,69.02654867256636,59.29203539823009,9.734513274336283
E00105822,118,31,13,18,87,79,8,26.27118644067797,11.016949152542372,15.254237288135593,73.72881355932203,66.94915254237289,6.779661016949152
E00105823,142,42,14,28,100,93,7,29.577464788732392,9.859154929577464,19.718309859154928,70.4225352112676,65.49295774647888,4.929577464788732
E00105824,105,34,8,26,71,67,4,32.38095238095238,7.6190476190476195,24.761904761904763,67.61904761904762,63.8095238095238,3.8095238095238098
E00105825,134,29,11,18,105,96,9,21.641791044776117,8.208955223880597,13.432835820895523,78.35820895522389,71.64179104477611,6.7164179104477615
E00105826,122,28,4,24,94,78,16,22.950819672131146,3.278688524590164,19.672131147540984,77.04918032786885,63.934426229508205,13.114754098360656
E00105827,290,62,14,48,228,194,34,21.379310344827587,4.827586206896552,16.551724137931036,78.62068965517241,66.89655172413794,11.724137931034482
E00105828,97,28,14,14,69,57,12,28.865979381443296,14.432989690721648,14.432989690721648,71.1340206185567,58.76288659793815,12.371134020618557
E00105829,78,20,6,14,58,51,7,25.64102564102564,7.6923076923076925,17.94871794871795,74.35897435897436,65.38461538461539,8.974358974358974
E00105830,145,39,14,25,106,84,22,26.89655172413793,9.655172413793103,17.24137931034483,73.10344827586206,57.931034482758626,15.172413793103448
E00105831,101,27,8,19,74,64,10,26.732673267326735,7.920792079207921,18.81188118811881,73.26732673267327,63.366336633663366,9.900990099009901
E00105832,63,24,7,17,39,33,6,38.095238095238095,11.11111111111111,26.984126984126984,61.904761904761905,52.38095238095239,9.523809523809524
E00105833,102,27,5,22,75,67,8,26.47058823529412,4.901960784313726,21.568627450980394,73.52941176470588,65.68627450980392,7.8431372549019605
E00105834,148,41,13,28,107,92,15,27.7027027027027,8.783783783783784,18.91891891891892,72.2972972972973,62.16216216216216,10.135135135135135
E00105835,130,35,10,25,95,81,14,26.923076923076923,7.6923076923076925,19.230769230769234,73.07692307692307,62.30769230769231,10.76923076923077
E00105836,135,44,10,34,91,80,11,32.592592592592595,7.4074074074074066,25.185185185185183,67.4074074074074,59.25925925925925,8.148148148148149
E00105837,136,45,10,35,91,78,13,33.088235294117645,7.352941176470589,25.735294117647058,66.91176470588235,57.35294117647059,9.558823529411764
E00105838,210,57,24,33,153,133,20,27.142857142857142,11.428571428571429,15.714285714285714,72.85714285714285,63.33333333333333,9.523809523809524
E00105839,132,42,17,25,90,70,20,31.818181818181817,12.878787878787879,18.939393939393938,68.18181818181817,53.03030303030303,15.151515151515152
E00105840,180,52,18,34,128,109,19,28.888888888888886,10,18.88888888888889,71.11111111111111,60.55555555555555,10.555555555555555
E00105841,139,39,11,28,100,94,6,28.05755395683453,7.913669064748201,20.14388489208633,71.94244604316546,67.62589928057554,4.316546762589928
E00105842,158,43,15,28,115,95,20,27.21518987341772,9.49367088607595,17.72151898734177,72.78481012658227,60.12658227848101,12.658227848101266
E00105843,118,42,15,27,76,59,17,35.59322033898305,12.711864406779661,22.88135593220339,64.40677966101694,50,14.40677966101695
E00105844,134,42,19,23,92,79,13,31.343283582089555,14.17910447761194,17.16417910447761,68.65671641791045,58.95522388059702,9.701492537313433
E00105845,91,29,11,18,62,55,7,31.868131868131865,12.087912087912088,19.78021978021978,68.13186813186813,60.43956043956044,7.6923076923076925
E00105846,80,30,11,19,50,42,8,37.5,13.750000000000002,23.75,62.5,52.5,10
E00105847,104,31,13,18,73,47,26,29.807692307692307,12.5,17.307692307692307,70.1923076923077,45.19230769230769,25
E00105848,101,35,22,13,66,46,20,34.65346534653465,21.782178217821784,12.871287128712872,65.34653465346535,45.54455445544555,19.801980198019802
E00105849,107,29,10,19,78,57,21,27.102803738317753,9.345794392523365,17.75700934579439,72.89719626168224,53.271028037383175,19.626168224299064
E00105850,148,43,14,29,105,84,21,29.054054054054053,9.45945945945946,19.594594594594593,70.94594594594594,56.75675675675676,14.18918918918919
E00105851,113,39,8,31,74,60,14,34.51327433628318,7.079646017699115,27.43362831858407,65.48672566371681,53.09734513274337,12.389380530973451
E00105852,109,40,15,25,69,60,9,36.69724770642202,13.761467889908257,22.93577981651376,63.30275229357798,55.04587155963303,8.256880733944955
E00105853,51,14,4,10,37,33,4,27.450980392156865,7.8431372549019605,19.607843137254903,72.54901960784314,64.70588235294117,7.8431372549019605
E00105854,87,24,10,14,63,54,9,27.586206896551722,11.494252873563218,16.091954022988507,72.41379310344827,62.06896551724138,10.344827586206897
E00105855,126,33,8,25,93,80,13,26.190476190476193,6.349206349206349,19.841269841269842,73.80952380952381,63.49206349206349,10.317460317460316
E00105856,111,41,12,29,70,54,16,36.93693693693694,10.81081081081081,26.126126126126124,63.06306306306306,48.64864864864865,14.414414414414415
E00105857,125,45,15,30,80,47,33,36,12,24,64,37.6,26.400000000000002
E00105858,61,19,9,10,42,32,10,31.147540983606557,14.754098360655737,16.39344262295082,68.85245901639344,52.459016393442624,16.39344262295082
E00105859,185,61,23,38,124,92,32,32.972972972972975,12.432432432432433,20.54054054054054,67.02702702702703,49.72972972972973,17.2972972972973
E00105860,185,50,22,28,135,91,44,27.027027027027028,11.891891891891893,15.135135135135137,72.97297297297297,49.18918918918919,23.783783783783786
E00105861,197,55,26,29,142,100,42,27.918781725888326,13.19796954314721,14.720812182741117,72.08121827411168,50.76142131979695,21.31979695431472
E00105862,136,44,14,30,92,77,15,32.35294117647059,10.294117647058822,22.058823529411764,67.64705882352942,56.61764705882353,11.029411764705882
E00105863,89,28,8,20,61,49,12,31.46067415730337,8.98876404494382,22.47191011235955,68.53932584269663,55.0561797752809,13.48314606741573
E00105864,149,42,17,25,107,84,23,28.187919463087248,11.409395973154362,16.778523489932887,71.81208053691275,56.375838926174495,15.436241610738255
E00105865,118,36,11,25,82,74,8,30.508474576271187,9.322033898305085,21.1864406779661,69.49152542372882,62.71186440677966,6.779661016949152
E00105866,157,50,12,38,107,88,19,31.84713375796178,7.643312101910828,24.203821656050955,68.15286624203821,56.05095541401274,12.101910828025478
E00105867,142,41,12,29,101,85,16,28.87323943661972,8.450704225352112,20.422535211267608,71.12676056338029,59.859154929577464,11.267605633802818
E00105868,88,28,9,19,60,43,17,31.818181818181817,10.227272727272728,21.59090909090909,68.18181818181817,48.86363636363637,19.318181818181817
E00105869,134,37,10,27,97,80,17,27.611940298507463,7.462686567164178,20.149253731343283,72.38805970149254,59.70149253731343,12.686567164179104
E00105870,145,51,16,35,94,66,28,35.172413793103445,11.03448275862069,24.137931034482758,64.82758620689654,45.51724137931035,19.310344827586206
E00105871,70,23,7,16,47,44,3,32.857142857142854,10,22.857142857142858,67.14285714285714,62.857142857142854,4.285714285714286
E00105872,125,25,8,17,100,90,10,20,6.4,13.600000000000001,80,72,8
E00105873,112,43,10,33,69,61,8,38.392857142857146,8.928571428571429,29.464285714285715,61.60714285714286,54.46428571428571,7.142857142857142
E00105874,124,35,7,28,89,74,15,28.225806451612907,5.64516129032258,22.58064516129032,71.7741935483871,59.67741935483871,12.096774193548388
E00105875,111,34,9,25,77,61,16,30.630630630630627,8.108108108108109,22.52252252252252,69.36936936936937,54.95495495495496,14.414414414414415
E00105876,103,29,6,23,74,67,7,28.155339805825243,5.825242718446602,22.330097087378643,71.84466019417476,65.0485436893204,6.796116504854369
E00105877,154,51,22,29,103,82,21,33.116883116883116,14.285714285714285,18.83116883116883,66.88311688311688,53.246753246753244,13.636363636363635
E00105878,48,13,9,4,35,27,8,27.083333333333332,18.75,8.333333333333332,72.91666666666666,56.25,16.666666666666664
E00105879,111,25,9,16,86,68,18,22.52252252252252,8.108108108108109,14.414414414414415,77.47747747747748,61.261261261261254,16.216216216216218
E00105880,114,35,12,23,79,67,12,30.701754385964914,10.526315789473683,20.175438596491226,69.2982456140351,58.77192982456141,10.526315789473683
E00105881,97,28,10,18,69,49,20,28.865979381443296,10.309278350515463,18.556701030927837,71.1340206185567,50.51546391752577,20.618556701030926
E00105882,182,44,11,33,138,108,30,24.175824175824175,6.043956043956044,18.13186813186813,75.82417582417582,59.34065934065934,16.483516483516482
E00105883,52,17,8,9,35,26,9,32.69230769230769,15.384615384615385,17.307692307692307,67.3076923076923,50,17.307692307692307
E00105884,252,70,26,44,182,112,70,27.77777777777778,10.317460317460316,17.46031746031746,72.22222222222221,44.44444444444444,27.77777777777778
E00105885,79,23,10,13,56,31,25,29.11392405063291,12.658227848101266,16.455696202531644,70.88607594936708,39.24050632911392,31.645569620253166
E00105886,204,57,26,31,147,114,33,27.941176470588236,12.745098039215685,15.196078431372548,72.05882352941177,55.88235294117647,16.176470588235293
E00105887,82,15,7,8,67,44,23,18.29268292682927,8.536585365853659,9.75609756097561,81.70731707317073,53.65853658536586,28.04878048780488
E00105888,111,26,11,15,85,52,33,23.423423423423422,9.90990990990991,13.513513513513514,76.57657657657657,46.846846846846844,29.72972972972973
E00105889,118,33,7,26,85,73,12,27.966101694915253,5.932203389830509,22.033898305084744,72.03389830508475,61.86440677966102,10.16949152542373
E00105890,115,32,12,20,83,60,23,27.82608695652174,10.434782608695652,17.391304347826086,72.17391304347827,52.17391304347826,20
E00105891,178,58,18,40,120,91,29,32.58426966292135,10.112359550561797,22.47191011235955,67.41573033707866,51.12359550561798,16.292134831460675
E00105892,126,37,13,24,89,73,16,29.365079365079367,10.317460317460316,19.047619047619047,70.63492063492063,57.936507936507944,12.698412698412698
E00105893,142,38,14,24,104,82,22,26.76056338028169,9.859154929577464,16.901408450704224,73.23943661971832,57.74647887323944,15.492957746478872
E00105894,145,51,16,35,94,76,18,35.172413793103445,11.03448275862069,24.137931034482758,64.82758620689654,52.41379310344828,12.413793103448276
E00105895,108,32,11,21,76,58,18,29.629629629629626,10.185185185185185,19.444444444444446,70.37037037037037,53.70370370370371,16.666666666666664
E00105896,92,18,7,11,74,37,37,19.565217391304348,7.608695652173914,11.956521739130435,80.43478260869566,40.21739130434783,40.21739130434783
E00105897,101,27,11,16,74,47,27,26.732673267326735,10.891089108910892,15.841584158415841,73.26732673267327,46.53465346534654,26.732673267326735
E00105898,78,24,11,13,54,41,13,30.76923076923077,14.102564102564102,16.666666666666664,69.23076923076923,52.56410256410257,16.666666666666664
E00105899,93,31,10,21,62,45,17,33.33333333333333,10.75268817204301,22.58064516129032,66.66666666666666,48.38709677419355,18.27956989247312
E00105900,67,26,12,14,41,36,5,38.80597014925373,17.91044776119403,20.8955223880597,61.19402985074627,53.73134328358209,7.462686567164178
E00105901,100,24,11,13,76,58,18,24,11,13,76,57.99999999999999,18
E00105902,67,25,9,16,42,27,15,37.3134328358209,13.432835820895523,23.88059701492537,62.68656716417911,40.298507462686565,22.388059701492537
E00105903,58,15,7,8,43,26,17,25.862068965517242,12.068965517241379,13.793103448275861,74.13793103448276,44.827586206896555,29.310344827586203
E00105904,95,35,17,18,60,39,21,36.84210526315789,17.894736842105264,18.947368421052634,63.1578947368421,41.05263157894737,22.105263157894736
E00105905,153,55,24,31,98,73,25,35.947712418300654,15.686274509803921,20.26143790849673,64.05228758169935,47.712418300653596,16.33986928104575
E00105906,70,18,8,10,52,36,16,25.71428571428571,11.428571428571429,14.285714285714285,74.28571428571429,51.42857142857142,22.857142857142858
E00105907,92,24,5,19,68,37,31,26.08695652173913,5.434782608695652,20.652173913043477,73.91304347826086,40.21739130434783,33.69565217391305
E00105908,143,38,10,28,105,72,33,26.573426573426573,6.993006993006993,19.58041958041958,73.42657342657343,50.349650349650354,23.076923076923077
E00105909,102,33,11,22,69,65,4,32.35294117647059,10.784313725490197,21.568627450980394,67.64705882352942,63.725490196078425,3.9215686274509802
E00105910,102,34,10,24,68,51,17,33.33333333333333,9.803921568627452,23.52941176470588,66.66666666666666,50,16.666666666666664
E00105911,118,34,13,21,84,68,16,28.8135593220339,11.016949152542372,17.796610169491526,71.1864406779661,57.6271186440678,13.559322033898304
E00105912,130,34,12,22,96,75,21,26.153846153846157,9.230769230769232,16.923076923076923,73.84615384615385,57.692307692307686,16.153846153846153
E00105913,108,37,14,23,71,55,16,34.25925925925926,12.962962962962962,21.296296296296298,65.74074074074075,50.92592592592593,14.814814814814813
E00105914,82,29,12,17,53,38,15,35.36585365853659,14.634146341463413,20.73170731707317,64.63414634146342,46.34146341463415,18.29268292682927
E00105916,125,32,10,22,93,77,16,25.6,8,17.599999999999998,74.4,61.6,12.8
E00105917,85,23,3,20,62,57,5,27.058823529411764,3.5294117647058822,23.52941176470588,72.94117647058823,67.05882352941175,5.88235294117647
E00105918,115,42,13,29,73,48,25,36.52173913043478,11.304347826086957,25.217391304347824,63.47826086956522,41.73913043478261,21.73913043478261
E00105919,90,26,6,20,64,59,5,28.888888888888886,6.666666666666667,22.22222222222222,71.11111111111111,65.55555555555556,5.555555555555555
E00105920,115,47,10,37,68,64,4,40.869565217391305,8.695652173913043,32.17391304347826,59.130434782608695,55.65217391304348,3.4782608695652173
E00105921,189,47,13,34,142,133,9,24.867724867724867,6.878306878306878,17.989417989417987,75.13227513227513,70.37037037037037,4.761904761904762
E00105923,66,30,12,18,36,32,4,45.45454545454545,18.181818181818183,27.27272727272727,54.54545454545454,48.484848484848484,6.0606060606060606
E00105924,60,16,3,13,44,39,5,26.666666666666668,5,21.666666666666668,73.33333333333333,65,8.333333333333332
E00105925,201,61,17,44,140,121,19,30.34825870646766,8.45771144278607,21.890547263681594,69.65174129353234,60.19900497512438,9.45273631840796
E00105926,128,32,8,24,96,81,15,25,6.25,18.75,75,63.28125,11.71875
E00105927,63,8,5,3,55,52,3,12.698412698412698,7.936507936507936,4.761904761904762,87.3015873015873,82.53968253968253,4.761904761904762
E00105928,133,45,7,38,88,80,8,33.83458646616541,5.263157894736842,28.57142857142857,66.16541353383458,60.150375939849624,6.015037593984962
E00105929,98,30,4,26,68,58,10,30.612244897959183,4.081632653061225,26.53061224489796,69.38775510204081,59.183673469387756,10.204081632653061
E00105930,130,42,10,32,88,72,16,32.30769230769231,7.6923076923076925,24.615384615384617,67.6923076923077,55.38461538461539,12.307692307692308
E00105931,139,53,19,34,86,73,13,38.1294964028777,13.66906474820144,24.46043165467626,61.87050359712231,52.51798561151079,9.352517985611511
E00105932,231,51,13,38,180,155,25,22.07792207792208,5.627705627705628,16.450216450216452,77.92207792207793,67.09956709956711,10.822510822510822
E00105933,105,34,10,24,71,58,13,32.38095238095238,9.523809523809524,22.857142857142858,67.61904761904762,55.23809523809524,12.380952380952381
E00105934,139,37,11,26,102,87,15,26.618705035971225,7.913669064748201,18.705035971223023,73.38129496402878,62.589928057553955,10.79136690647482
E00105935,138,44,13,31,94,89,5,31.88405797101449,9.420289855072465,22.463768115942027,68.11594202898551,64.4927536231884,3.6231884057971016
E00105936,129,41,11,30,88,80,8,31.782945736434108,8.527131782945736,23.25581395348837,68.21705426356588,62.01550387596899,6.2015503875969
E00105937,70,30,6,24,40,35,5,42.857142857142854,8.571428571428571,34.285714285714285,57.14285714285714,50,7.142857142857142
E00105938,97,37,8,29,60,53,7,38.144329896907216,8.24742268041237,29.896907216494846,61.855670103092784,54.63917525773196,7.216494845360824
E00105939,100,28,6,22,72,69,3,28.000000000000004,6,22,72,69,3
E00105940,123,35,13,22,88,76,12,28.455284552845526,10.569105691056912,17.88617886178862,71.54471544715447,61.78861788617886,9.75609756097561
E00105941,116,44,13,31,72,58,14,37.93103448275862,11.206896551724139,26.72413793103448,62.06896551724138,50,12.068965517241379
E00105942,104,29,8,21,75,67,8,27.884615384615387,7.6923076923076925,20.192307692307693,72.11538461538461,64.42307692307693,7.6923076923076925
E00105943,109,29,15,14,80,73,7,26.605504587155966,13.761467889908257,12.844036697247708,73.39449541284404,66.97247706422019,6.422018348623854
E00105944,49,14,4,10,35,29,6,28.57142857142857,8.16326530612245,20.408163265306122,71.42857142857143,59.183673469387756,12.244897959183673
E00105945,57,17,5,12,40,37,3,29.82456140350877,8.771929824561402,21.052631578947366,70.17543859649122,64.91228070175438,5.263157894736842
E00105946,130,55,25,30,75,58,17,42.30769230769231,19.230769230769234,23.076923076923077,57.692307692307686,44.61538461538462,13.076923076923078
E00105947,152,56,15,41,96,81,15,36.84210526315789,9.868421052631579,26.973684210526315,63.1578947368421,53.289473684210535,9.868421052631579
E00105948,100,30,10,20,70,56,14,30,10,20,70,56.00000000000001,14.000000000000002
E00105949,283,74,31,43,209,170,39,26.148409893992934,10.954063604240282,15.19434628975265,73.85159010600707,60.07067137809188,13.780918727915195
E00105950,93,30,7,23,63,55,8,32.25806451612903,7.526881720430108,24.731182795698924,67.74193548387096,59.13978494623656,8.60215053763441
E00105951,135,39,13,26,96,83,13,28.888888888888886,9.62962962962963,19.25925925925926,71.11111111111111,61.48148148148148,9.62962962962963
E00105952,106,39,11,28,67,57,10,36.79245283018868,10.377358490566039,26.41509433962264,63.20754716981132,53.77358490566038,9.433962264150944
E00105953,86,23,8,15,63,58,5,26.744186046511626,9.30232558139535,17.441860465116278,73.25581395348837,67.44186046511628,5.813953488372093
E00105954,69,29,11,18,40,37,3,42.028985507246375,15.942028985507244,26.08695652173913,57.971014492753625,53.62318840579711,4.3478260869565215
E00105955,127,41,15,26,86,71,15,32.28346456692913,11.811023622047244,20.47244094488189,67.71653543307087,55.90551181102362,11.811023622047244
E00105956,41,11,5,6,30,23,7,26.82926829268293,12.195121951219512,14.634146341463413,73.17073170731707,56.09756097560976,17.073170731707318
E00105957,97,29,5,24,68,53,15,29.896907216494846,5.154639175257731,24.742268041237114,70.10309278350515,54.63917525773196,15.463917525773196
E00105958,59,24,4,20,35,32,3,40.67796610169492,6.779661016949152,33.89830508474576,59.32203389830508,54.23728813559322,5.084745762711865
E00105959,234,56,9,47,178,154,24,23.931623931623932,3.8461538461538463,20.085470085470085,76.06837606837607,65.8119658119658,10.256410256410255
E00105960,99,29,5,24,70,54,16,29.292929292929294,5.05050505050505,24.242424242424242,70.70707070707071,54.54545454545454,16.161616161616163
E00105961,79,34,9,25,45,40,5,43.037974683544306,11.39240506329114,31.645569620253166,56.9620253164557,50.63291139240506,6.329113924050633
E00105962,96,33,10,23,63,54,9,34.375,10.416666666666668,23.958333333333336,65.625,56.25,9.375
E00105963,228,50,10,40,178,161,17,21.929824561403507,4.385964912280701,17.543859649122805,78.0701754385965,70.6140350877193,7.456140350877193
E00105964,129,32,13,19,97,83,14,24.8062015503876,10.077519379844961,14.728682170542637,75.1937984496124,64.34108527131784,10.852713178294573
E00105965,102,30,12,18,72,65,7,29.411764705882355,11.76470588235294,17.647058823529413,70.58823529411765,63.725490196078425,6.862745098039216
E00105966,159,44,13,31,115,97,18,27.67295597484277,8.176100628930817,19.49685534591195,72.32704402515722,61.0062893081761,11.320754716981133
E00105967,119,39,16,23,80,69,11,32.773109243697476,13.445378151260504,19.327731092436977,67.22689075630252,57.98319327731093,9.243697478991598
E00105968,96,23,5,18,73,69,4,23.958333333333336,5.208333333333334,18.75,76.04166666666666,71.875,4.166666666666666
E00105969,87,30,10,20,57,46,11,34.48275862068966,11.494252873563218,22.988505747126435,65.51724137931035,52.87356321839081,12.643678160919542
E00105970,133,44,17,27,89,85,4,33.08270676691729,12.781954887218044,20.30075187969925,66.9172932330827,63.90977443609023,3.007518796992481
E00105971,218,51,16,35,167,144,23,23.394495412844037,7.339449541284404,16.055045871559635,76.60550458715596,66.05504587155964,10.550458715596331
E00105972,108,37,15,22,71,62,9,34.25925925925926,13.88888888888889,20.37037037037037,65.74074074074075,57.407407407407405,8.333333333333332
E00105973,133,37,9,28,96,89,7,27.819548872180448,6.7669172932330826,21.052631578947366,72.18045112781954,66.9172932330827,5.263157894736842
E00105974,111,21,7,14,90,78,12,18.91891891891892,6.306306306306306,12.612612612612612,81.08108108108108,70.27027027027027,10.81081081081081
E00105976,89,20,4,16,69,59,10,22.47191011235955,4.49438202247191,17.97752808988764,77.52808988764045,66.29213483146067,11.235955056179774
E00105977,136,34,6,28,102,79,23,25,4.411764705882353,20.588235294117645,75,58.08823529411765,16.911764705882355
E00105978,73,24,11,13,49,40,9,32.87671232876712,15.068493150684931,17.80821917808219,67.12328767123287,54.794520547945204,12.32876712328767
E00105979,148,47,12,35,101,95,6,31.756756756756754,8.108108108108109,23.64864864864865,68.24324324324324,64.1891891891892,4.054054054054054
E00105980,115,42,13,29,73,63,10,36.52173913043478,11.304347826086957,25.217391304347824,63.47826086956522,54.78260869565217,8.695652173913043
E00105981,121,45,8,37,76,65,11,37.1900826446281,6.6115702479338845,30.57851239669421,62.8099173553719,53.71900826446281,9.090909090909092
E00105982,132,51,14,37,81,75,6,38.63636363636363,10.606060606060606,28.030303030303028,61.36363636363637,56.81818181818182,4.545454545454546
E00105983,171,45,16,29,126,112,14,26.31578947368421,9.35672514619883,16.95906432748538,73.68421052631578,65.49707602339181,8.187134502923977
E00105984,94,27,10,17,67,61,6,28.723404255319153,10.638297872340425,18.085106382978726,71.27659574468085,64.8936170212766,6.382978723404255
E00105985,90,30,12,18,60,54,6,33.33333333333333,13.333333333333334,20,66.66666666666666,60,6.666666666666667
E00105986,285,59,20,39,226,195,31,20.701754385964914,7.017543859649122,13.684210526315791,79.2982456140351,68.42105263157895,10.87719298245614
E00105987,131,27,7,20,104,92,12,20.610687022900763,5.343511450381679,15.267175572519085,79.38931297709924,70.22900763358778,9.16030534351145
E00105988,231,63,19,44,168,148,20,27.27272727272727,8.225108225108226,19.047619047619047,72.72727272727273,64.06926406926407,8.658008658008658
E00105989,50,23,6,17,27,25,2,46,12,34,54,50,4
E00105990,99,34,10,24,65,56,9,34.34343434343434,10.1010101010101,24.242424242424242,65.65656565656566,56.56565656565656,9.090909090909092
E00105991,231,56,18,38,175,152,23,24.242424242424242,7.792207792207792,16.450216450216452,75.75757575757575,65.80086580086581,9.956709956709958
E00105992,129,36,13,23,93,72,21,27.906976744186046,10.077519379844961,17.829457364341085,72.09302325581395,55.81395348837209,16.27906976744186
E00105993,182,50,16,34,132,111,21,27.472527472527474,8.791208791208792,18.681318681318682,72.52747252747253,60.98901098901099,11.538461538461538
E00105994,185,55,14,41,130,115,15,29.72972972972973,7.567567567567568,22.162162162162165,70.27027027027027,62.16216216216216,8.108108108108109
E00105995,111,32,13,19,79,68,11,28.82882882882883,11.711711711711711,17.117117117117118,71.17117117117117,61.261261261261254,9.90990990990991
E00105996,153,41,10,31,112,99,13,26.797385620915033,6.535947712418301,20.26143790849673,73.20261437908496,64.70588235294117,8.49673202614379
E00105997,160,43,10,33,117,104,13,26.875,6.25,20.625,73.125,65,8.125
E00105998,156,43,12,31,113,93,20,27.564102564102566,7.6923076923076925,19.871794871794872,72.43589743589743,59.61538461538461,12.82051282051282
E00105999,89,28,8,20,61,51,10,31.46067415730337,8.98876404494382,22.47191011235955,68.53932584269663,57.30337078651685,11.235955056179774
E00106000,132,45,9,36,87,73,14,34.090909090909086,6.8181818181818175,27.27272727272727,65.9090909090909,55.3030303030303,10.606060606060606
E00106001,72,23,7,16,49,44,5,31.944444444444443,9.722222222222223,22.22222222222222,68.05555555555556,61.111111111111114,6.944444444444445
E00106002,93,34,8,26,59,52,7,36.55913978494624,8.60215053763441,27.956989247311824,63.44086021505376,55.91397849462365,7.526881720430108
E00106003,122,43,9,34,79,71,8,35.24590163934426,7.377049180327869,27.86885245901639,64.75409836065575,58.19672131147541,6.557377049180328
E00106004,100,32,9,23,68,62,6,32,9,23,68,62,6
E00106005,115,31,7,24,84,74,10,26.956521739130434,6.086956521739131,20.869565217391305,73.04347826086956,64.34782608695652,8.695652173913043
E00106006,89,28,6,22,61,54,7,31.46067415730337,6.741573033707865,24.719101123595504,68.53932584269663,60.67415730337079,7.865168539325842
E00106007,124,32,9,23,92,87,5,25.806451612903224,7.258064516129033,18.548387096774192,74.19354838709677,70.16129032258065,4.032258064516129
E00106008,98,30,12,18,68,60,8,30.612244897959183,12.244897959183673,18.367346938775512,69.38775510204081,61.224489795918366,8.16326530612245
E00106009,123,39,13,26,84,72,12,31.70731707317073,10.569105691056912,21.138211382113823,68.29268292682927,58.536585365853654,9.75609756097561
E00106010,116,37,11,26,79,72,7,31.896551724137932,9.482758620689655,22.413793103448278,68.10344827586206,62.06896551724138,6.0344827586206895
E00106011,92,27,8,19,65,57,8,29.347826086956523,8.695652173913043,20.652173913043477,70.65217391304348,61.95652173913043,8.695652173913043
E00106012,207,49,16,33,158,140,18,23.67149758454106,7.729468599033816,15.942028985507244,76.32850241545893,67.6328502415459,8.695652173913043
E00106013,101,31,10,21,70,61,9,30.693069306930692,9.900990099009901,20.792079207920793,69.3069306930693,60.396039603960396,8.91089108910891
E00106014,36,14,4,10,22,20,2,38.88888888888889,11.11111111111111,27.77777777777778,61.111111111111114,55.55555555555556,5.555555555555555
E00106015,157,37,12,25,120,103,17,23.56687898089172,7.643312101910828,15.92356687898089,76.43312101910828,65.60509554140127,10.828025477707007
E00106016,105,30,10,20,75,69,6,28.57142857142857,9.523809523809524,19.047619047619047,71.42857142857143,65.71428571428571,5.714285714285714
E00106018,125,34,5,29,91,78,13,27.200000000000003,4,23.200000000000003,72.8,62.4,10.4
E00106019,114,36,7,29,78,72,6,31.57894736842105,6.140350877192982,25.438596491228072,68.42105263157895,63.1578947368421,5.263157894736842
E00106020,190,38,8,30,152,137,15,20,4.2105263157894735,15.789473684210526,80,72.10526315789474,7.894736842105263
E00106021,176,53,18,35,123,104,19,30.113636363636363,10.227272727272728,19.886363636363637,69.88636363636364,59.09090909090909,10.795454545454545
E00106022,165,49,19,30,116,89,27,29.6969696969697,11.515151515151516,18.181818181818183,70.3030303030303,53.939393939393945,16.363636363636363
E00106023,122,36,13,23,86,68,18,29.508196721311474,10.655737704918032,18.852459016393443,70.49180327868852,55.73770491803278,14.754098360655737
E00106024,279,69,19,50,210,174,36,24.731182795698924,6.810035842293908,17.921146953405017,75.26881720430107,62.365591397849464,12.903225806451612
E00106025,150,45,19,26,105,62,43,30,12.666666666666668,17.333333333333336,70,41.333333333333336,28.666666666666668
E00106026,126,43,14,29,83,69,14,34.12698412698413,11.11111111111111,23.015873015873016,65.87301587301587,54.761904761904766,11.11111111111111
E00106027,108,28,15,13,80,64,16,25.925925925925924,13.88888888888889,12.037037037037036,74.07407407407408,59.25925925925925,14.814814814814813
E00106028,131,43,13,30,88,66,22,32.82442748091603,9.923664122137405,22.900763358778626,67.17557251908397,50.38167938931297,16.793893129770993
E00106029,152,43,19,24,109,71,38,28.289473684210524,12.5,15.789473684210526,71.71052631578947,46.71052631578947,25
E00106030,73,20,13,7,53,37,16,27.397260273972602,17.80821917808219,9.58904109589041,72.6027397260274,50.68493150684932,21.91780821917808
E00106031,59,18,8,10,41,18,23,30.508474576271187,13.559322033898304,16.94915254237288,69.49152542372882,30.508474576271187,38.983050847457626
E00106032,112,32,8,24,80,60,20,28.57142857142857,7.142857142857142,21.428571428571427,71.42857142857143,53.57142857142857,17.857142857142858
E00106033,123,39,9,30,84,60,24,31.70731707317073,7.317073170731707,24.390243902439025,68.29268292682927,48.78048780487805,19.51219512195122
E00106034,161,47,12,35,114,62,52,29.19254658385093,7.453416149068323,21.73913043478261,70.80745341614907,38.50931677018634,32.298136645962735
E00106035,120,29,12,17,91,64,27,24.166666666666668,10,14.166666666666666,75.83333333333333,53.333333333333336,22.5
E00106036,107,33,11,22,74,54,20,30.8411214953271,10.2803738317757,20.5607476635514,69.1588785046729,50.467289719626166,18.69158878504673
E00106037,107,32,14,18,75,50,25,29.906542056074763,13.084112149532709,16.822429906542055,70.09345794392523,46.728971962616825,23.364485981308412
E00106038,73,27,7,20,46,35,11,36.986301369863014,9.58904109589041,27.397260273972602,63.013698630136986,47.94520547945205,15.068493150684931
E00106039,135,40,9,31,95,72,23,29.629629629629626,6.666666666666667,22.962962962962962,70.37037037037037,53.333333333333336,17.037037037037038
E00106040,103,37,13,24,66,54,12,35.92233009708738,12.62135922330097,23.300970873786408,64.07766990291263,52.42718446601942,11.650485436893204
E00106041,94,39,15,24,55,44,11,41.48936170212766,15.957446808510639,25.53191489361702,58.51063829787234,46.808510638297875,11.702127659574469
E00106042,126,58,14,44,68,51,17,46.03174603174603,11.11111111111111,34.92063492063492,53.96825396825397,40.476190476190474,13.492063492063492
E00106043,133,42,11,31,91,82,9,31.57894736842105,8.270676691729323,23.308270676691727,68.42105263157895,61.65413533834586,6.7669172932330826
E00106044,161,46,16,30,115,92,23,28.57142857142857,9.937888198757763,18.633540372670808,71.42857142857143,57.14285714285714,14.285714285714285
E00106045,319,84,28,56,235,197,38,26.332288401253916,8.77742946708464,17.55485893416928,73.66771159874608,61.75548589341693,11.912225705329153
E00106046,107,26,8,18,81,69,12,24.299065420560748,7.476635514018691,16.822429906542055,75.70093457943925,64.48598130841121,11.214953271028037
E00106047,95,30,7,23,65,57,8,31.57894736842105,7.368421052631578,24.210526315789473,68.42105263157895,60,8.421052631578947
E00106048,53,17,3,14,36,33,3,32.075471698113205,5.660377358490567,26.41509433962264,67.9245283018868,62.264150943396224,5.660377358490567
E00106049,93,25,5,20,68,52,16,26.881720430107524,5.376344086021505,21.50537634408602,73.11827956989248,55.91397849462365,17.20430107526882
E00106050,140,39,11,28,101,74,27,27.857142857142858,7.857142857142857,20,72.14285714285714,52.85714285714286,19.28571428571429
E00106051,72,29,12,17,43,34,9,40.27777777777778,16.666666666666664,23.61111111111111,59.72222222222222,47.22222222222222,12.5
E00106052,151,40,8,32,111,103,8,26.490066225165563,5.298013245033113,21.192052980132452,73.50993377483444,68.21192052980133,5.298013245033113
E00106053,131,38,7,31,93,71,22,29.00763358778626,5.343511450381679,23.66412213740458,70.99236641221374,54.19847328244275,16.793893129770993
E00106054,131,35,11,24,96,80,16,26.717557251908396,8.396946564885496,18.3206106870229,73.2824427480916,61.06870229007634,12.213740458015266
E00106055,150,34,7,27,116,96,20,22.666666666666664,4.666666666666667,18,77.33333333333333,64,13.333333333333334
E00106056,100,18,8,10,82,65,17,18,8,10,82,65,17
E00106057,162,50,13,37,112,99,13,30.864197530864196,8.024691358024691,22.839506172839506,69.1358024691358,61.111111111111114,8.024691358024691
E00106058,82,32,7,25,50,44,6,39.02439024390244,8.536585365853659,30.48780487804878,60.97560975609756,53.65853658536586,7.317073170731707
E00106061,157,47,9,38,110,94,16,29.936305732484076,5.7324840764331215,24.203821656050955,70.06369426751591,59.87261146496815,10.191082802547772
E00106062,138,41,10,31,97,87,10,29.71014492753623,7.246376811594203,22.463768115942027,70.28985507246377,63.04347826086957,7.246376811594203
E00106063,92,40,16,24,52,47,5,43.47826086956522,17.391304347826086,26.08695652173913,56.52173913043478,51.08695652173913,5.434782608695652
E00106064,117,27,5,22,90,72,18,23.076923076923077,4.273504273504273,18.803418803418804,76.92307692307693,61.53846153846154,15.384615384615385
E00106065,106,30,13,17,76,62,14,28.30188679245283,12.264150943396226,16.037735849056602,71.69811320754717,58.490566037735846,13.20754716981132
E00106066,101,40,15,25,61,55,6,39.603960396039604,14.85148514851485,24.752475247524753,60.396039603960396,54.45544554455446,5.9405940594059405
E00106067,118,45,23,22,73,67,6,38.13559322033898,19.491525423728813,18.64406779661017,61.86440677966102,56.779661016949156,5.084745762711865
E00106068,110,37,7,30,73,67,6,33.63636363636363,6.363636363636363,27.27272727272727,66.36363636363637,60.909090909090914,5.454545454545454
E00106069,150,37,12,25,113,99,14,24.666666666666668,8,16.666666666666664,75.33333333333333,66,9.333333333333334
E00106070,108,42,10,32,66,57,9,38.88888888888889,9.25925925925926,29.629629629629626,61.111111111111114,52.77777777777778,8.333333333333332
E00106071,83,24,7,17,59,55,4,28.915662650602407,8.433734939759036,20.481927710843372,71.08433734939759,66.26506024096386,4.819277108433735
E00106072,48,24,5,19,24,24,0,50,10.416666666666668,39.58333333333333,50,50,0
E00106073,191,51,13,38,140,113,27,26.701570680628272,6.806282722513089,19.895287958115183,73.29842931937172,59.16230366492147,14.136125654450263
E00106074,106,29,9,20,77,63,14,27.358490566037734,8.49056603773585,18.867924528301888,72.64150943396226,59.43396226415094,13.20754716981132
E00106075,111,28,5,23,83,74,9,25.225225225225223,4.504504504504505,20.72072072072072,74.77477477477478,66.66666666666666,8.108108108108109
E00106076,71,21,6,15,50,46,4,29.577464788732392,8.450704225352112,21.12676056338028,70.4225352112676,64.7887323943662,5.633802816901409
E00106077,103,30,6,24,73,70,3,29.126213592233007,5.825242718446602,23.300970873786408,70.87378640776699,67.96116504854369,2.912621359223301
E00106078,66,24,9,15,42,36,6,36.36363636363637,13.636363636363635,22.727272727272727,63.63636363636363,54.54545454545454,9.090909090909092
E00106079,78,32,8,24,46,38,8,41.02564102564102,10.256410256410255,30.76923076923077,58.97435897435898,48.717948717948715,10.256410256410255
E00106080,83,26,4,22,57,51,6,31.32530120481928,4.819277108433735,26.506024096385545,68.67469879518072,61.44578313253012,7.228915662650602
E00106081,113,25,9,16,88,74,14,22.123893805309734,7.964601769911504,14.15929203539823,77.87610619469027,65.48672566371681,12.389380530973451
E00106082,108,28,8,20,80,67,13,25.925925925925924,7.4074074074074066,18.51851851851852,74.07407407407408,62.03703703703704,12.037037037037036
E00106083,109,41,9,32,68,64,4,37.61467889908257,8.256880733944955,29.357798165137616,62.38532110091744,58.71559633027523,3.669724770642202
E00106084,151,52,13,39,99,83,16,34.437086092715234,8.609271523178808,25.82781456953642,65.56291390728477,54.966887417218544,10.596026490066226
E00106085,90,27,6,21,63,58,5,30,6.666666666666667,23.333333333333332,70,64.44444444444444,5.555555555555555
E00106086,83,33,10,23,50,45,5,39.75903614457831,12.048192771084338,27.710843373493976,60.24096385542169,54.21686746987952,6.024096385542169
E00106087,89,36,7,29,53,47,6,40.44943820224719,7.865168539325842,32.58426966292135,59.55056179775281,52.80898876404494,6.741573033707865
E00106088,94,36,7,29,58,53,5,38.297872340425535,7.446808510638298,30.851063829787233,61.702127659574465,56.38297872340425,5.319148936170213
E00106089,111,34,7,27,77,73,4,30.630630630630627,6.306306306306306,24.324324324324326,69.36936936936937,65.76576576576578,3.6036036036036037
E00106090,77,26,6,20,51,42,9,33.76623376623377,7.792207792207792,25.97402597402597,66.23376623376623,54.54545454545454,11.688311688311687
E00106091,108,30,9,21,78,69,9,27.77777777777778,8.333333333333332,19.444444444444446,72.22222222222221,63.888888888888886,8.333333333333332
E00106092,95,25,4,21,70,61,9,26.31578947368421,4.2105263157894735,22.105263157894736,73.68421052631578,64.21052631578948,9.473684210526317
E00106093,74,24,6,18,50,43,7,32.432432432432435,8.108108108108109,24.324324324324326,67.56756756756756,58.108108108108105,9.45945945945946
E00106094,133,39,13,26,94,73,21,29.32330827067669,9.774436090225564,19.548872180451127,70.67669172932331,54.88721804511278,15.789473684210526
E00106095,114,35,11,24,79,72,7,30.701754385964914,9.649122807017543,21.052631578947366,69.2982456140351,63.1578947368421,6.140350877192982
E00106096,156,38,8,30,118,100,18,24.358974358974358,5.128205128205128,19.230769230769234,75.64102564102564,64.1025641025641,11.538461538461538
E00106098,108,31,5,26,77,65,12,28.703703703703702,4.62962962962963,24.074074074074073,71.29629629629629,60.18518518518518,11.11111111111111
E00106099,79,22,11,11,57,45,12,27.848101265822784,13.924050632911392,13.924050632911392,72.15189873417721,56.9620253164557,15.18987341772152
E00106100,61,17,5,12,44,39,5,27.86885245901639,8.19672131147541,19.672131147540984,72.1311475409836,63.934426229508205,8.19672131147541
E00106101,150,40,9,31,110,93,17,26.666666666666668,6,20.666666666666668,73.33333333333333,62,11.333333333333332
E00106102,196,47,8,39,149,124,25,23.97959183673469,4.081632653061225,19.897959183673468,76.0204081632653,63.26530612244898,12.755102040816327
E00106103,146,51,11,40,95,87,8,34.93150684931507,7.534246575342466,27.397260273972602,65.06849315068493,59.589041095890416,5.47945205479452
E00106104,258,69,21,48,189,159,30,26.744186046511626,8.13953488372093,18.6046511627907,73.25581395348837,61.627906976744185,11.627906976744185
E00106105,131,46,12,34,85,69,16,35.11450381679389,9.16030534351145,25.954198473282442,64.8854961832061,52.67175572519084,12.213740458015266
E00106106,141,56,20,36,85,72,13,39.71631205673759,14.184397163120568,25.53191489361702,60.28368794326241,51.06382978723404,9.219858156028367
E00106107,123,32,8,24,91,80,11,26.01626016260163,6.504065040650407,19.51219512195122,73.98373983739837,65.04065040650406,8.94308943089431
E00106108,177,44,12,32,133,77,56,24.858757062146893,6.779661016949152,18.07909604519774,75.14124293785311,43.50282485875706,31.63841807909605
E00106109,165,34,11,23,131,108,23,20.606060606060606,6.666666666666667,13.939393939393941,79.39393939393939,65.45454545454545,13.939393939393941
E00106110,102,39,11,28,63,50,13,38.23529411764706,10.784313725490197,27.450980392156865,61.76470588235294,49.01960784313725,12.745098039215685
E00106111,124,35,9,26,89,76,13,28.225806451612907,7.258064516129033,20.967741935483872,71.7741935483871,61.29032258064516,10.483870967741936
E00106112,111,36,13,23,75,68,7,32.432432432432435,11.711711711711711,20.72072072072072,67.56756756756756,61.261261261261254,6.306306306306306
E00106113,122,37,10,27,85,71,14,30.327868852459016,8.19672131147541,22.131147540983605,69.67213114754098,58.19672131147541,11.475409836065573
E00106114,59,19,7,12,40,31,9,32.20338983050847,11.864406779661017,20.33898305084746,67.79661016949152,52.54237288135594,15.254237288135593
E00106115,125,36,11,25,89,71,18,28.799999999999997,8.799999999999999,20,71.2,56.8,14.399999999999999
E00106116,40,12,1,11,28,24,4,30,2.5,27.500000000000004,70,60,10
E00106117,76,38,15,23,38,31,7,50,19.736842105263158,30.263157894736842,50,40.78947368421053,9.210526315789473
E00106118,59,29,12,17,30,27,3,49.152542372881356,20.33898305084746,28.8135593220339,50.847457627118644,45.76271186440678,5.084745762711865
E00106119,78,24,10,14,54,47,7,30.76923076923077,12.82051282051282,17.94871794871795,69.23076923076923,60.256410256410255,8.974358974358974
E00106120,126,40,10,30,86,74,12,31.746031746031743,7.936507936507936,23.809523809523807,68.25396825396825,58.730158730158735,9.523809523809524
E00106121,127,40,7,33,87,79,8,31.496062992125985,5.511811023622047,25.984251968503933,68.50393700787401,62.20472440944882,6.299212598425196
E00106122,92,35,6,29,57,50,7,38.04347826086957,6.521739130434782,31.521739130434785,61.95652173913043,54.347826086956516,7.608695652173914
E00106123,91,35,11,24,56,52,4,38.46153846153847,12.087912087912088,26.373626373626376,61.53846153846154,57.14285714285714,4.395604395604396
E00106124,84,33,13,20,51,46,5,39.285714285714285,15.476190476190476,23.809523809523807,60.71428571428571,54.761904761904766,5.952380952380952
E00106125,100,42,12,30,58,54,4,42,12,30,57.99999999999999,54,4
E00106126,130,47,20,27,83,74,9,36.15384615384615,15.384615384615385,20.76923076923077,63.84615384615384,56.92307692307692,6.923076923076923
E00106127,140,40,11,29,100,89,11,28.57142857142857,7.857142857142857,20.714285714285715,71.42857142857143,63.57142857142857,7.857142857142857
E00106128,102,38,14,24,64,59,5,37.254901960784316,13.725490196078432,23.52941176470588,62.745098039215684,57.84313725490197,4.901960784313726
E00106129,145,52,17,35,93,81,12,35.86206896551724,11.724137931034482,24.137931034482758,64.13793103448275,55.86206896551724,8.275862068965518
E00106130,99,36,12,24,63,55,8,36.36363636363637,12.121212121212121,24.242424242424242,63.63636363636363,55.55555555555556,8.080808080808081
E00106131,198,56,10,46,142,130,12,28.28282828282828,5.05050505050505,23.232323232323232,71.71717171717171,65.65656565656566,6.0606060606060606
E00171774,111,27,7,20,84,71,13,24.324324324324326,6.306306306306306,18.01801801801802,75.67567567567568,63.96396396396396,11.711711711711711
E00171777,187,37,16,21,150,137,13,19.786096256684495,8.55614973262032,11.229946524064172,80.21390374331551,73.2620320855615,6.951871657754011
E00171778,135,31,11,20,104,89,15,22.962962962962962,8.148148148148149,14.814814814814813,77.03703703703704,65.92592592592592,11.11111111111111
E00171780,163,35,8,27,128,109,19,21.472392638036812,4.9079754601226995,16.56441717791411,78.52760736196319,66.87116564417178,11.65644171779141
E00171781,171,45,11,34,126,107,19,26.31578947368421,6.432748538011696,19.883040935672515,73.68421052631578,62.57309941520468,11.11111111111111
E00171783,154,30,10,20,124,108,16,19.480519480519483,6.493506493506493,12.987012987012985,80.51948051948052,70.12987012987013,10.38961038961039
E00171785,208,31,6,25,177,143,34,14.903846153846153,2.8846153846153846,12.01923076923077,85.09615384615384,68.75,16.346153846153847
E00171786,114,35,7,28,79,75,4,30.701754385964914,6.140350877192982,24.561403508771928,69.2982456140351,65.78947368421053,3.508771929824561
E00171788,154,33,7,26,121,106,15,21.428571428571427,4.545454545454546,16.883116883116884,78.57142857142857,68.83116883116884,9.740259740259742
E00171789,196,42,17,25,154,129,25,21.428571428571427,8.673469387755102,12.755102040816327,78.57142857142857,65.81632653061224,12.755102040816327
E00171791,107,22,5,17,85,75,10,20.5607476635514,4.672897196261682,15.887850467289718,79.43925233644859,70.09345794392523,9.345794392523365
E00171792,102,26,13,13,76,67,9,25.49019607843137,12.745098039215685,12.745098039215685,74.50980392156863,65.68627450980392,8.823529411764707
E00171797,94,41,29,12,53,43,10,43.61702127659575,30.851063829787233,12.76595744680851,56.38297872340425,45.744680851063826,10.638297872340425
E00171799,57,50,45,5,7,6,1,87.71929824561403,78.94736842105263,8.771929824561402,12.280701754385964,10.526315789473683,1.7543859649122806
E00171800,177,48,15,33,129,118,11,27.11864406779661,8.47457627118644,18.64406779661017,72.88135593220339,66.66666666666666,6.214689265536723
E00171802,115,33,14,19,82,75,7,28.695652173913043,12.173913043478262,16.52173913043478,71.30434782608695,65.21739130434783,6.086956521739131
E00171803,183,45,11,34,138,118,20,24.59016393442623,6.0109289617486334,18.579234972677597,75.40983606557377,64.48087431693989,10.92896174863388
E00171805,176,54,20,34,122,95,27,30.681818181818183,11.363636363636363,19.318181818181817,69.31818181818183,53.97727272727273,15.340909090909092
E00171806,144,35,12,23,109,91,18,24.305555555555554,8.333333333333332,15.972222222222221,75.69444444444444,63.19444444444444,12.5
E00171808,112,25,4,21,87,73,14,22.321428571428573,3.571428571428571,18.75,77.67857142857143,65.17857142857143,12.5
E00171809,57,16,4,12,41,37,4,28.07017543859649,7.017543859649122,21.052631578947366,71.9298245614035,64.91228070175438,7.017543859649122
E00171811,130,40,9,31,90,85,5,30.76923076923077,6.923076923076923,23.846153846153847,69.23076923076923,65.38461538461539,3.8461538461538463
E00171813,174,40,10,30,134,114,20,22.988505747126435,5.747126436781609,17.24137931034483,77.01149425287356,65.51724137931035,11.494252873563218
E00171814,182,49,8,41,133,107,26,26.923076923076923,4.395604395604396,22.52747252747253,73.07692307692307,58.791208791208796,14.285714285714285
E00171816,182,41,8,33,141,125,16,22.52747252747253,4.395604395604396,18.13186813186813,77.47252747252747,68.68131868131869,8.791208791208792
E00171817,215,51,19,32,164,142,22,23.72093023255814,8.837209302325581,14.883720930232558,76.27906976744187,66.04651162790698,10.232558139534884
E00171819,176,40,13,27,136,126,10,22.727272727272727,7.386363636363637,15.340909090909092,77.27272727272727,71.5909090909091,5.681818181818182
E00171820,191,42,11,31,149,125,24,21.98952879581152,5.7591623036649215,16.230366492146597,78.01047120418848,65.44502617801047,12.56544502617801
E00171822,131,34,9,25,97,78,19,25.954198473282442,6.870229007633588,19.083969465648856,74.04580152671755,59.541984732824424,14.50381679389313
E00171825,111,25,12,13,86,60,26,22.52252252252252,10.81081081081081,11.711711711711711,77.47747747747748,54.054054054054056,23.423423423423422
E00171827,111,28,8,20,83,73,10,25.225225225225223,7.207207207207207,18.01801801801802,74.77477477477478,65.76576576576578,9.00900900900901
E00171828,84,58,44,14,26,16,10,69.04761904761905,52.38095238095239,16.666666666666664,30.952380952380953,19.047619047619047,11.904761904761903
E00171830,121,34,10,24,87,75,12,28.09917355371901,8.264462809917356,19.834710743801654,71.900826446281,61.98347107438017,9.917355371900827
E00171831,105,34,14,20,71,54,17,32.38095238095238,13.333333333333334,19.047619047619047,67.61904761904762,51.42857142857142,16.19047619047619
E00171833,171,47,23,24,124,111,13,27.485380116959064,13.450292397660817,14.035087719298245,72.51461988304094,64.91228070175438,7.602339181286549
E00171834,46,28,23,5,18,14,4,60.86956521739131,50,10.869565217391305,39.130434782608695,30.434782608695656,8.695652173913043
E00171836,62,17,7,10,45,37,8,27.419354838709676,11.29032258064516,16.129032258064516,72.58064516129032,59.67741935483871,12.903225806451612
E00171837,70,28,7,21,42,38,4,40,10,30,60,54.285714285714285,5.714285714285714
E00171839,134,31,7,24,103,91,12,23.134328358208954,5.223880597014925,17.91044776119403,76.86567164179104,67.91044776119402,8.955223880597014
E00171841,190,43,13,30,147,126,21,22.63157894736842,6.842105263157896,15.789473684210526,77.36842105263158,66.3157894736842,11.052631578947368
E00171842,139,40,13,27,99,83,16,28.776978417266186,9.352517985611511,19.424460431654676,71.22302158273382,59.71223021582733,11.510791366906476
E00171844,313,58,13,45,255,221,34,18.53035143769968,4.15335463258786,14.376996805111823,81.46964856230032,70.6070287539936,10.86261980830671
E00171845,202,48,12,36,154,132,22,23.762376237623762,5.9405940594059405,17.82178217821782,76.23762376237624,65.34653465346535,10.891089108910892
E00171847,111,21,3,18,90,85,5,18.91891891891892,2.7027027027027026,16.216216216216218,81.08108108108108,76.57657657657657,4.504504504504505
E00171848,199,53,18,35,146,113,33,26.633165829145728,9.045226130653267,17.587939698492463,73.36683417085426,56.78391959798995,16.582914572864322
E00171850,222,53,10,43,169,139,30,23.873873873873876,4.504504504504505,19.36936936936937,76.12612612612612,62.612612612612615,13.513513513513514
E00171855,182,38,11,27,144,121,23,20.87912087912088,6.043956043956044,14.835164835164836,79.12087912087912,66.48351648351648,12.637362637362637
E00171856,213,56,19,37,157,123,34,26.291079812206576,8.92018779342723,17.370892018779344,73.70892018779342,57.74647887323944,15.96244131455399
E00171858,158,28,9,19,130,112,18,17.72151898734177,5.69620253164557,12.025316455696203,82.27848101265823,70.88607594936708,11.39240506329114
E00171859,130,36,10,26,94,79,15,27.692307692307693,7.6923076923076925,20,72.3076923076923,60.76923076923077,11.538461538461538
E00171861,205,55,14,41,150,120,30,26.82926829268293,6.829268292682928,20,73.17073170731707,58.536585365853654,14.634146341463413
E00171862,176,39,11,28,137,119,18,22.15909090909091,6.25,15.909090909090908,77.8409090909091,67.61363636363636,10.227272727272728
E00171864,108,26,9,17,82,71,11,24.074074074074073,8.333333333333332,15.74074074074074,75.92592592592592,65.74074074074075,10.185185185185185
E00171865,215,52,9,43,163,139,24,24.186046511627907,4.186046511627907,20,75.81395348837209,64.65116279069767,11.162790697674419
E00171867,59,16,4,12,43,37,6,27.11864406779661,6.779661016949152,20.33898305084746,72.88135593220339,62.71186440677966,10.16949152542373
E00171869,98,52,38,14,46,17,29,53.06122448979592,38.775510204081634,14.285714285714285,46.93877551020408,17.346938775510203,29.591836734693878
E00171870,126,16,7,9,110,84,26,12.698412698412698,5.555555555555555,7.142857142857142,87.3015873015873,66.66666666666666,20.634920634920633
E00171873,212,43,12,31,169,151,18,20.28301886792453,5.660377358490567,14.622641509433961,79.71698113207547,71.22641509433963,8.49056603773585
E00171875,86,18,6,12,68,58,10,20.930232558139537,6.976744186046512,13.953488372093023,79.06976744186046,67.44186046511628,11.627906976744185
E00171878,126,45,15,30,81,68,13,35.714285714285715,11.904761904761903,23.809523809523807,64.28571428571429,53.96825396825397,10.317460317460316
E00171881,143,34,15,19,109,90,19,23.776223776223777,10.48951048951049,13.286713286713287,76.22377622377621,62.93706293706294,13.286713286713287
E00171942,145,44,12,32,101,89,12,30.344827586206897,8.275862068965518,22.06896551724138,69.6551724137931,61.37931034482759,8.275862068965518
E00171943,126,35,13,22,91,74,17,27.77777777777778,10.317460317460316,17.46031746031746,72.22222222222221,58.730158730158735,13.492063492063492
E00171945,331,78,16,62,253,216,37,23.564954682779458,4.833836858006042,18.731117824773413,76.43504531722054,65.25679758308158,11.178247734138973
E00171946,209,43,14,29,166,145,21,20.574162679425836,6.698564593301436,13.875598086124402,79.42583732057416,69.377990430622,10.047846889952153
E00171948,100,26,10,16,74,61,13,26,10,16,74,61,13
E00171949,116,23,9,14,93,82,11,19.82758620689655,7.758620689655173,12.068965517241379,80.17241379310344,70.6896551724138,9.482758620689655
E00171951,141,29,8,21,112,98,14,20.56737588652482,5.673758865248227,14.893617021276595,79.43262411347519,69.50354609929079,9.929078014184398
E00171953,175,49,16,33,126,93,33,28.000000000000004,9.142857142857142,18.857142857142858,72,53.142857142857146,18.857142857142858
E00171954,264,47,12,35,217,195,22,17.803030303030305,4.545454545454546,13.257575757575758,82.1969696969697,73.86363636363636,8.333333333333332
E00183223,185,48,21,27,137,109,28,25.945945945945947,11.351351351351353,14.594594594594595,74.05405405405405,58.91891891891892,15.135135135135137
E00183224,38,18,12,6,20,14,6,47.368421052631575,31.57894736842105,15.789473684210526,52.63157894736842,36.84210526315789,15.789473684210526
E00183225,60,20,10,10,40,27,13,33.33333333333333,16.666666666666664,16.666666666666664,66.66666666666666,45,21.666666666666668
E00183226,94,19,6,13,75,64,11,20.212765957446805,6.382978723404255,13.829787234042554,79.7872340425532,68.08510638297872,11.702127659574469
E00183227,205,20,5,15,185,164,21,9.75609756097561,2.4390243902439024,7.317073170731707,90.2439024390244,80,10.24390243902439
E00183228,91,27,17,10,64,51,13,29.67032967032967,18.681318681318682,10.989010989010989,70.32967032967034,56.043956043956044,14.285714285714285
E00183229,292,52,13,39,240,202,38,17.80821917808219,4.4520547945205475,13.356164383561644,82.1917808219178,69.17808219178082,13.013698630136986
E00183230,57,19,10,9,38,26,12,33.33333333333333,17.543859649122805,15.789473684210526,66.66666666666666,45.614035087719294,21.052631578947366
E00183231,65,18,4,14,47,42,5,27.692307692307693,6.153846153846154,21.53846153846154,72.3076923076923,64.61538461538461,7.6923076923076925
E00183232,175,43,10,33,132,118,14,24.571428571428573,5.714285714285714,18.857142857142858,75.42857142857143,67.42857142857143,8
E00183233,73,25,6,19,48,38,10,34.24657534246575,8.21917808219178,26.027397260273972,65.75342465753424,52.054794520547944,13.698630136986301
E00183234,61,23,9,14,38,36,2,37.704918032786885,14.754098360655737,22.950819672131146,62.295081967213115,59.01639344262295,3.278688524590164
E00183235,217,33,9,24,184,156,28,15.207373271889402,4.147465437788019,11.059907834101383,84.7926267281106,71.88940092165899,12.903225806451612
E00183236,125,33,16,17,92,78,14,26.400000000000002,12.8,13.600000000000001,73.6,62.4,11.200000000000001
E00183237,228,47,8,39,181,154,27,20.614035087719298,3.508771929824561,17.105263157894736,79.3859649122807,67.54385964912281,11.842105263157894
E00183238,121,28,12,16,93,83,10,23.140495867768596,9.917355371900827,13.223140495867769,76.85950413223141,68.59504132231406,8.264462809917356
E00183239,128,30,11,19,98,87,11,23.4375,8.59375,14.84375,76.5625,67.96875,8.59375
E00183240,110,30,10,20,80,67,13,27.27272727272727,9.090909090909092,18.181818181818183,72.72727272727273,60.909090909090914,11.818181818181818
E00183241,319,56,18,38,263,232,31,17.55485893416928,5.6426332288401255,11.912225705329153,82.44514106583071,72.72727272727273,9.717868338557993
E00183242,83,18,6,12,65,64,1,21.686746987951807,7.228915662650602,14.457831325301203,78.3132530120482,77.10843373493977,1.2048192771084338
E00183243,164,35,14,21,129,109,20,21.341463414634145,8.536585365853659,12.804878048780488,78.65853658536585,66.46341463414635,12.195121951219512
E00183244,99,29,8,21,70,57,13,29.292929292929294,8.080808080808081,21.21212121212121,70.70707070707071,57.57575757575758,13.131313131313133
E00183245,49,20,13,7,29,25,4,40.816326530612244,26.53061224489796,14.285714285714285,59.183673469387756,51.02040816326531,8.16326530612245
E00183246,91,21,7,14,70,61,9,23.076923076923077,7.6923076923076925,15.384615384615385,76.92307692307693,67.03296703296702,9.89010989010989
E00183247,81,23,6,17,58,52,6,28.39506172839506,7.4074074074074066,20.98765432098765,71.60493827160494,64.19753086419753,7.4074074074074066
E00183248,275,46,11,35,229,204,25,16.727272727272727,4,12.727272727272727,83.27272727272728,74.18181818181819,9.090909090909092
E00183249,73,13,5,8,60,48,12,17.80821917808219,6.8493150684931505,10.95890410958904,82.1917808219178,65.75342465753424,16.43835616438356
E00183250,170,30,8,22,140,116,24,17.647058823529413,4.705882352941177,12.941176470588237,82.35294117647058,68.23529411764706,14.117647058823529
E00183251,198,43,16,27,155,127,28,21.71717171717172,8.080808080808081,13.636363636363635,78.28282828282829,64.14141414141415,14.14141414141414
E00183252,341,65,19,46,276,247,29,19.06158357771261,5.571847507331378,13.48973607038123,80.93841642228739,72.43401759530792,8.504398826979472
E00183253,197,31,8,23,166,151,15,15.736040609137056,4.060913705583756,11.6751269035533,84.26395939086294,76.6497461928934,7.614213197969544
E00183254,310,55,13,42,255,216,39,17.741935483870968,4.193548387096775,13.548387096774196,82.25806451612904,69.6774193548387,12.580645161290322
E00183255,37,19,8,11,18,17,1,51.35135135135135,21.62162162162162,29.72972972972973,48.64864864864865,45.94594594594595,2.7027027027027026
E00183256,246,38,9,29,208,185,23,15.447154471544716,3.6585365853658534,11.788617886178862,84.5528455284553,75.20325203252033,9.34959349593496
E00183257,125,33,12,21,92,80,12,26.400000000000002,9.6,16.8,73.6,64,9.6
E00183258,198,52,10,42,146,128,18,26.262626262626267,5.05050505050505,21.21212121212121,73.73737373737373,64.64646464646465,9.090909090909092
E00183259,125,37,11,26,88,83,5,29.599999999999998,8.799999999999999,20.8,70.39999999999999,66.4,4
E00183260,281,65,14,51,216,189,27,23.131672597864767,4.98220640569395,18.14946619217082,76.86832740213522,67.25978647686833,9.608540925266903
E00183261,282,51,14,37,231,206,25,18.085106382978726,4.964539007092199,13.120567375886525,81.91489361702128,73.04964539007092,8.865248226950355
E00183262,139,27,11,16,112,93,19,19.424460431654676,7.913669064748201,11.510791366906476,80.57553956834532,66.90647482014388,13.66906474820144
E00183263,49,9,2,7,40,36,4,18.367346938775512,4.081632653061225,14.285714285714285,81.63265306122449,73.46938775510205,8.16326530612245
E00183264,251,34,14,20,217,185,32,13.545816733067728,5.577689243027888,7.968127490039841,86.45418326693228,73.70517928286853,12.749003984063744
E00183265,142,39,12,27,103,92,11,27.464788732394368,8.450704225352112,19.014084507042252,72.53521126760563,64.7887323943662,7.746478873239436
E00183266,179,60,15,45,119,100,19,33.5195530726257,8.379888268156424,25.139664804469277,66.4804469273743,55.865921787709496,10.614525139664805
E00183267,237,57,16,41,180,152,28,24.050632911392405,6.751054852320674,17.29957805907173,75.9493670886076,64.13502109704642,11.814345991561181
E00183268,258,39,7,32,219,178,41,15.11627906976744,2.7131782945736433,12.4031007751938,84.88372093023256,68.9922480620155,15.891472868217054
E00183269,130,34,11,23,96,87,9,26.153846153846157,8.461538461538462,17.692307692307693,73.84615384615385,66.92307692307692,6.923076923076923
E00183270,208,34,6,28,174,148,26,16.346153846153847,2.8846153846153846,13.461538461538462,83.65384615384616,71.15384615384616,12.5
E00183271,223,42,9,33,181,155,26,18.83408071748879,4.0358744394618835,14.798206278026907,81.16591928251121,69.50672645739911,11.659192825112108
E00183272,63,14,4,10,49,43,6,22.22222222222222,6.349206349206349,15.873015873015872,77.77777777777779,68.25396825396825,9.523809523809524
E00183273,106,42,31,11,64,46,18,39.62264150943396,29.245283018867923,10.377358490566039,60.37735849056604,43.39622641509434,16.9811320754717
E00183274,106,31,8,23,75,61,14,29.245283018867923,7.547169811320755,21.69811320754717,70.75471698113208,57.54716981132076,13.20754716981132
E00183275,381,75,17,58,306,250,56,19.68503937007874,4.4619422572178475,15.223097112860891,80.31496062992126,65.61679790026247,14.698162729658792
E00183276,156,67,23,44,89,73,16,42.94871794871795,14.743589743589745,28.205128205128204,57.05128205128205,46.794871794871796,10.256410256410255
E00183277,121,39,17,22,82,65,17,32.231404958677686,14.049586776859504,18.181818181818183,67.76859504132231,53.71900826446281,14.049586776859504
E00183278,313,72,24,48,241,181,60,23.003194888178914,7.667731629392971,15.335463258785943,76.99680511182109,57.82747603833865,19.169329073482427
E00183279,107,20,9,11,87,77,10,18.69158878504673,8.411214953271028,10.2803738317757,81.30841121495327,71.96261682242991,9.345794392523365
E00183280,227,58,20,38,169,126,43,25.55066079295154,8.81057268722467,16.740088105726873,74.44933920704845,55.50660792951542,18.94273127753304
E00183281,222,58,15,43,164,141,23,26.126126126126124,6.756756756756757,19.36936936936937,73.87387387387388,63.51351351351351,10.36036036036036
E00183282,242,45,9,36,197,180,17,18.59504132231405,3.71900826446281,14.87603305785124,81.40495867768594,74.3801652892562,7.024793388429752
E00183283,219,45,13,32,174,140,34,20.54794520547945,5.93607305936073,14.61187214611872,79.45205479452055,63.926940639269404,15.52511415525114
E00183284,173,38,13,25,135,122,13,21.965317919075144,7.514450867052023,14.450867052023122,78.03468208092485,70.52023121387283,7.514450867052023
E00183285,101,40,12,28,61,61,0,39.603960396039604,11.881188118811881,27.722772277227726,60.396039603960396,60.396039603960396,0
E00183286,248,36,12,24,212,184,28,14.516129032258066,4.838709677419355,9.67741935483871,85.48387096774194,74.19354838709677,11.29032258064516
E00183287,213,55,12,43,158,126,32,25.821596244131456,5.633802816901409,20.187793427230048,74.17840375586854,59.154929577464785,15.023474178403756
E00183288,200,48,12,36,152,133,19,24,6,18,76,66.5,9.5
E00183289,161,45,22,23,116,92,24,27.95031055900621,13.664596273291925,14.285714285714285,72.04968944099379,57.14285714285714,14.906832298136646
E00183290,122,24,3,21,98,89,9,19.672131147540984,2.459016393442623,17.21311475409836,80.32786885245902,72.95081967213115,7.377049180327869
E00183291,73,18,6,12,55,49,6,24.65753424657534,8.21917808219178,16.43835616438356,75.34246575342466,67.12328767123287,8.21917808219178
E00183292,105,34,11,23,71,63,8,32.38095238095238,10.476190476190476,21.904761904761905,67.61904761904762,60,7.6190476190476195
E00183293,133,39,13,26,94,74,20,29.32330827067669,9.774436090225564,19.548872180451127,70.67669172932331,55.639097744360896,15.037593984962406
E00183294,178,37,13,24,141,117,24,20.786516853932586,7.303370786516854,13.48314606741573,79.21348314606742,65.73033707865169,13.48314606741573
E00183295,103,82,72,10,21,18,3,79.6116504854369,69.90291262135922,9.70873786407767,20.388349514563107,17.475728155339805,2.912621359223301
E00183296,34,11,5,6,23,21,2,32.35294117647059,14.705882352941178,17.647058823529413,67.64705882352942,61.76470588235294,5.88235294117647
E00183297,105,25,3,22,80,69,11,23.809523809523807,2.857142857142857,20.952380952380953,76.19047619047619,65.71428571428571,10.476190476190476
E00183298,109,26,7,19,83,76,7,23.853211009174313,6.422018348623854,17.431192660550458,76.14678899082568,69.72477064220183,6.422018348623854
E00183299,237,126,64,62,111,76,35,53.16455696202531,27.004219409282697,26.160337552742618,46.835443037974684,32.06751054852321,14.767932489451477
E00183300,294,41,13,28,253,224,29,13.945578231292515,4.421768707482993,9.523809523809524,86.05442176870748,76.19047619047619,9.863945578231291
E00183301,339,63,15,48,276,250,26,18.58407079646018,4.424778761061947,14.15929203539823,81.41592920353983,73.74631268436578,7.669616519174041
E00183302,138,34,8,26,104,98,6,24.637681159420293,5.797101449275362,18.84057971014493,75.36231884057972,71.01449275362319,4.3478260869565215
E00183303,114,21,6,15,93,83,10,18.421052631578945,5.263157894736842,13.157894736842104,81.57894736842105,72.80701754385966,8.771929824561402
E00183304,50,13,7,6,37,33,4,26,14.000000000000002,12,74,66,8
E00183305,234,46,13,33,188,171,17,19.65811965811966,5.555555555555555,14.102564102564102,80.34188034188034,73.07692307692307,7.264957264957266
E00183306,191,54,16,38,137,115,22,28.272251308900525,8.37696335078534,19.895287958115183,71.72774869109948,60.20942408376963,11.518324607329843
E00183307,172,40,10,30,132,109,23,23.25581395348837,5.813953488372093,17.441860465116278,76.74418604651163,63.372093023255815,13.372093023255813
E00183308,130,82,70,12,48,43,5,63.07692307692307,53.84615384615385,9.230769230769232,36.92307692307693,33.07692307692307,3.8461538461538463
E00183309,120,40,9,31,80,64,16,33.33333333333333,7.5,25.833333333333336,66.66666666666666,53.333333333333336,13.333333333333334
E00183310,137,23,6,17,114,101,13,16.78832116788321,4.37956204379562,12.408759124087592,83.21167883211679,73.72262773722628,9.48905109489051
E00183311,214,38,9,29,176,150,26,17.75700934579439,4.205607476635514,13.551401869158877,82.2429906542056,70.09345794392523,12.149532710280374
E00183312,172,39,20,19,133,110,23,22.674418604651162,11.627906976744185,11.046511627906977,77.32558139534885,63.95348837209303,13.372093023255813
E00183313,237,47,11,36,190,153,37,19.831223628691983,4.641350210970464,15.18987341772152,80.16877637130801,64.55696202531645,15.611814345991561
E00183314,106,76,64,12,30,20,10,71.69811320754717,60.37735849056604,11.320754716981133,28.30188679245283,18.867924528301888,9.433962264150944
E00183315,71,60,48,12,11,6,5,84.50704225352112,67.6056338028169,16.901408450704224,15.492957746478872,8.450704225352112,7.042253521126761
