OA,ts0590001,ts0590002,ts0590003,ts0590004,ts0590005,ts0590006,ts0590007,ts0590002_PCT,ts0590003_PCT,ts0590004_PCT,ts0590005_PCT,ts0590006_PCT,ts0590007_PCT
E00120180,178,55,18,37,123,99,24,30.89887640449438,10.112359550561797,20.786516853932586,69.10112359550563,55.61797752808989,13.48314606741573
E00120181,177,47,9,38,130,99,31,26.55367231638418,5.084745762711865,21.468926553672315,73.44632768361582,55.932203389830505,17.51412429378531
E00120182,233,72,31,41,161,123,38,30.90128755364807,13.304721030042918,17.59656652360515,69.09871244635193,52.78969957081545,16.30901287553648
E00120183,256,67,23,44,189,161,28,26.171875,8.984375,17.1875,73.828125,62.890625,10.9375
E00120184,193,58,21,37,135,115,20,30.05181347150259,10.880829015544041,19.170984455958546,69.94818652849742,59.58549222797927,10.362694300518134
E00120185,190,51,12,39,139,122,17,26.842105263157894,6.315789473684211,20.526315789473685,73.15789473684211,64.21052631578948,8.947368421052632
E00120186,201,62,22,40,139,114,25,30.845771144278604,10.945273631840797,19.900497512437813,69.15422885572139,56.71641791044776,12.437810945273633
E00120187,174,60,22,38,114,104,10,34.48275862068966,12.643678160919542,21.839080459770116,65.51724137931035,59.77011494252874,5.747126436781609
E00120188,314,65,22,43,249,211,38,20.70063694267516,7.006369426751593,13.694267515923567,79.29936305732484,67.19745222929936,12.101910828025478
E00120189,186,44,20,24,142,110,32,23.655913978494624,10.75268817204301,12.903225806451612,76.34408602150538,59.13978494623656,17.20430107526882
E00120190,187,48,15,33,139,112,27,25.668449197860966,8.0213903743315509,17.647058823529413,74.33155080213903,59.893048128342244,14.43850267379679
E00120192,288,49,15,34,239,205,34,17.01388888888889,5.208333333333334,11.805555555555555,82.98611111111111,71.18055555555556,11.805555555555555
E00120193,212,49,16,33,163,132,31,23.11320754716981,7.547169811320755,15.566037735849056,76.88679245283019,62.264150943396224,14.622641509433961
E00120194,213,53,22,31,160,136,24,24.88262910798122,10.328638497652582,14.553990610328638,75.11737089201877,63.84976525821596,11.267605633802818
E00120195,148,58,25,33,90,82,8,39.189189189189186,16.89189189189189,22.2972972972973,60.810810810810814,55.4054054054054,5.405405405405405
E00120196,197,52,14,38,145,114,31,26.39593908629442,7.1065989847715745,19.289340101522843,73.60406091370558,57.868020304568525,15.736040609137056
E00120197,202,57,24,33,145,114,31,28.217821782178216,11.881188118811881,16.33663366336634,71.78217821782178,56.43564356435643,15.346534653465346
E00120198,172,49,16,33,123,112,11,28.488372093023255,9.30232558139535,19.186046511627907,71.51162790697676,65.11627906976744,6.395348837209303
E00120199,142,22,6,16,120,105,15,15.492957746478872,4.225352112676056,11.267605633802818,84.50704225352112,73.94366197183099,10.56338028169014
E00120200,178,68,23,45,110,86,24,38.20224719101123,12.921348314606742,25.280898876404496,61.79775280898876,48.31460674157304,13.48314606741573
E00120201,166,52,16,36,114,94,20,31.32530120481928,9.63855421686747,21.686746987951807,68.67469879518072,56.62650602409639,12.048192771084338
E00120202,251,66,31,35,185,136,49,26.294820717131472,12.350597609561753,13.94422310756972,73.70517928286853,54.18326693227091,19.52191235059761
E00120203,200,39,15,24,161,123,38,19.5,7.5,12,80.5,61.5,19
E00120204,272,68,22,46,204,152,52,25,8.088235294117647,16.911764705882355,75,55.88235294117647,19.11764705882353
E00120205,153,67,21,46,86,78,8,43.790849673202615,13.725490196078432,30.065359477124183,56.209150326797385,50.98039215686274,5.228758169934641
E00120206,271,70,29,41,201,158,43,25.830258302583026,10.70110701107011,15.129151291512915,74.16974169741697,58.30258302583026,15.867158671586715
E00120207,156,52,15,37,104,96,8,33.33333333333333,9.615384615384617,23.717948717948715,66.66666666666666,61.53846153846154,5.128205128205128
E00120208,158,44,14,30,114,93,21,27.848101265822784,8.860759493670885,18.9873417721519,72.15189873417721,58.86075949367089,13.291139240506327
E00120209,167,54,13,41,113,91,22,32.33532934131736,7.784431137724551,24.550898203592812,67.66467065868264,54.49101796407185,13.17365269461078
E00120210,167,46,17,29,121,96,25,27.54491017964072,10.179640718562874,17.365269461077844,72.45508982035929,57.48502994011976,14.97005988023952
E00120211,162,30,8,22,132,104,28,18.51851851851852,4.938271604938271,13.580246913580247,81.48148148148148,64.19753086419753,17.28395061728395
E00120212,144,39,15,24,105,89,16,27.083333333333332,10.416666666666668,16.666666666666664,72.91666666666666,61.80555555555556,11.11111111111111
E00120213,167,52,18,34,115,97,18,31.137724550898206,10.778443113772456,20.359281437125748,68.8622754491018,58.08383233532935,10.778443113772456
E00120214,120,36,17,19,84,66,18,30,14.166666666666666,15.833333333333332,70,55.00000000000001,15
E00120215,159,46,14,32,113,94,19,28.930817610062892,8.80503144654088,20.125786163522015,71.0691823899371,59.11949685534591,11.949685534591195
E00120216,138,42,14,28,96,78,18,30.434782608695656,10.144927536231885,20.28985507246377,69.56521739130434,56.52173913043478,13.043478260869565
E00120217,185,64,31,33,121,100,21,34.5945945945946,16.756756756756758,17.83783783783784,65.4054054054054,54.054054054054056,11.351351351351353
E00120218,137,44,18,26,93,78,15,32.11678832116788,13.138686131386862,18.97810218978102,67.88321167883211,56.934306569343065,10.948905109489052
E00120219,171,49,23,26,122,97,25,28.654970760233915,13.450292397660817,15.204678362573098,71.34502923976608,56.72514619883041,14.619883040935672
E00120220,162,51,20,31,111,94,17,31.48148148148148,12.345679012345679,19.1358024691358,68.51851851851852,58.0246913580247,10.493827160493826
E00120221,164,43,16,27,121,95,26,26.21951219512195,9.75609756097561,16.463414634146343,73.78048780487805,57.92682926829268,15.853658536585366
E00120222,178,44,21,23,134,103,31,24.719101123595504,11.797752808988763,12.921348314606742,75.28089887640449,57.865168539325836,17.415730337078653
E00120224,192,51,24,27,141,99,42,26.5625,12.5,14.0625,73.4375,51.5625,21.875
E00120225,145,53,23,30,92,58,34,36.55172413793103,15.862068965517242,20.689655172413794,63.44827586206897,40,23.448275862068964
E00120226,165,41,18,23,124,106,18,24.848484848484848,10.909090909090908,13.939393939393941,75.15151515151514,64.24242424242425,10.909090909090908
E00120227,174,34,11,23,140,105,35,19.54022988505747,6.321839080459771,13.218390804597702,80.45977011494253,60.3448275862069,20.114942528735632
E00120228,169,47,20,27,122,90,32,27.810650887573964,11.834319526627219,15.976331360946746,72.18934911242604,53.25443786982249,18.93491124260355
E00120229,165,47,16,31,118,90,28,28.484848484848484,9.696969696969697,18.787878787878785,71.51515151515152,54.54545454545454,16.969696969696972
E00120231,153,54,22,32,99,80,19,35.294117647058826,14.37908496732026,20.915032679738562,64.70588235294117,52.28758169934641,12.418300653594772
E00120232,172,59,24,35,113,94,19,34.30232558139535,13.953488372093023,20.348837209302324,65.69767441860465,54.65116279069767,11.046511627906977
E00120233,185,56,21,35,129,100,29,30.270270270270274,11.351351351351353,18.91891891891892,69.72972972972973,54.054054054054056,15.675675675675677
E00120234,286,58,21,37,228,185,43,20.27972027972028,7.3426573426573425,12.937062937062937,79.72027972027972,64.6853146853147,15.034965034965033
E00120235,241,66,23,43,175,145,30,27.385892116182575,9.54356846473029,17.842323651452283,72.61410788381743,60.16597510373444,12.448132780082988
E00120236,222,54,24,30,168,125,43,24.324324324324326,10.81081081081081,13.513513513513514,75.67567567567568,56.30630630630631,19.36936936936937
E00120237,207,53,17,36,154,123,31,25.60386473429952,8.212560386473431,17.391304347826086,74.39613526570048,59.42028985507246,14.975845410628018
E00120238,122,35,18,17,87,65,22,28.688524590163933,14.754098360655737,13.934426229508196,71.31147540983606,53.278688524590166,18.0327868852459
E00120239,144,42,26,16,102,71,31,29.166666666666668,18.055555555555554,11.11111111111111,70.83333333333334,49.30555555555556,21.52777777777778
E00120240,171,47,16,31,124,97,27,27.485380116959064,9.35672514619883,18.128654970760234,72.51461988304094,56.72514619883041,15.789473684210526
E00120241,169,41,13,28,128,102,26,24.2603550295858,7.6923076923076925,16.56804733727811,75.7396449704142,60.35502958579882,15.384615384615385
E00120242,124,36,13,23,88,64,24,29.03225806451613,10.483870967741936,18.548387096774192,70.96774193548387,51.61290322580645,19.35483870967742
E00120243,217,55,24,31,162,138,24,25.34562211981567,11.059907834101383,14.285714285714285,74.65437788018433,63.594470046082954,11.059907834101383
E00120244,129,37,15,22,92,67,25,28.68217054263566,11.627906976744185,17.05426356589147,71.31782945736434,51.93798449612403,19.379844961240313
E00120245,169,52,16,36,117,95,22,30.76923076923077,9.467455621301776,21.301775147928996,69.23076923076923,56.213017751479285,13.017751479289942
E00120247,176,54,25,29,122,89,33,30.681818181818183,14.204545454545455,16.477272727272727,69.31818181818183,50.56818181818182,18.75
E00120248,104,34,13,21,70,55,15,32.69230769230769,12.5,20.192307692307693,67.3076923076923,52.88461538461539,14.423076923076922
E00120249,122,38,16,22,84,66,18,31.147540983606557,13.114754098360656,18.0327868852459,68.85245901639344,54.09836065573771,14.754098360655737
E00120250,150,42,19,23,108,89,19,28.000000000000004,12.666666666666668,15.333333333333332,72,59.333333333333336,12.666666666666668
E00120251,110,46,16,30,64,51,13,41.81818181818181,14.545454545454545,27.27272727272727,58.18181818181818,46.36363636363636,11.818181818181818
E00120252,229,69,28,41,160,125,35,30.131004366812224,12.22707423580786,17.903930131004365,69.86899563318777,54.58515283842795,15.283842794759824
E00120253,181,49,21,28,132,113,19,27.071823204419886,11.602209944751381,15.469613259668508,72.92817679558011,62.430939226519335,10.497237569060774
E00120254,126,32,7,25,94,77,17,25.396825396825395,5.555555555555555,19.841269841269842,74.60317460317461,61.111111111111114,13.492063492063492
E00120255,108,25,12,13,83,61,22,23.14814814814815,11.11111111111111,12.037037037037036,76.85185185185185,56.481481481481474,20.37037037037037
E00120256,258,71,26,45,187,146,41,27.51937984496124,10.077519379844961,17.441860465116278,72.48062015503875,56.58914728682171,15.891472868217054
E00120257,229,82,28,54,147,129,18,35.80786026200873,12.22707423580786,23.580786026200872,64.19213973799127,56.33187772925764,7.860262008733625
E00120258,188,77,38,39,111,91,20,40.95744680851064,20.212765957446805,20.74468085106383,59.04255319148937,48.40425531914894,10.638297872340425
E00120259,205,66,29,37,139,113,26,32.19512195121951,14.146341463414632,18.048780487804876,67.8048780487805,55.1219512195122,12.682926829268293
E00120260,166,55,24,31,111,88,23,33.13253012048193,14.457831325301203,18.67469879518072,66.86746987951807,53.01204819277109,13.855421686746988
E00120261,159,47,21,26,112,80,32,29.559748427672954,13.20754716981132,16.352201257861633,70.44025157232704,50.314465408805034,20.125786163522015
E00120262,170,52,27,25,118,89,29,30.58823529411765,15.88235294117647,14.705882352941178,69.41176470588235,52.352941176470594,17.058823529411764
E00120263,147,46,15,31,101,87,14,31.292517006802722,10.204081632653061,21.08843537414966,68.70748299319727,59.183673469387756,9.523809523809524
E00120264,180,42,17,25,138,108,30,23.333333333333332,9.444444444444445,13.88888888888889,76.66666666666667,60,16.666666666666664
E00120265,159,53,18,35,106,97,9,33.33333333333333,11.320754716981133,22.0125786163522,66.66666666666666,61.0062893081761,5.660377358490567
E00120266,122,42,14,28,80,68,12,34.42622950819672,11.475409836065573,22.950819672131146,65.57377049180327,55.73770491803278,9.836065573770492
E00120267,259,60,26,34,199,165,34,23.166023166023166,10.038610038610038,13.127413127413126,76.83397683397683,63.7065637065637,13.127413127413126
E00120268,101,25,8,17,76,67,9,24.752475247524753,7.920792079207921,16.831683168316832,75.24752475247524,66.33663366336634,8.91089108910891
E00120269,193,63,17,46,130,114,16,32.64248704663213,8.808290155440414,23.83419689119171,67.35751295336787,59.067357512953365,8.290155440414509
E00120270,163,51,20,31,112,92,20,31.28834355828221,12.269938650306749,19.018404907975462,68.71165644171779,56.44171779141104,12.269938650306749
E00120271,131,53,22,31,78,65,13,40.458015267175576,16.793893129770993,23.66412213740458,59.541984732824424,49.61832061068702,9.923664122137405
E00120272,159,47,21,26,112,89,23,29.559748427672954,13.20754716981132,16.352201257861633,70.44025157232704,55.9748427672956,14.465408805031446
E00120273,139,46,16,30,93,80,13,33.093525179856115,11.510791366906476,21.58273381294964,66.90647482014388,57.55395683453237,9.352517985611511
E00120274,199,71,26,45,128,107,21,35.678391959798994,13.06532663316583,22.613065326633166,64.321608040201,53.768844221105525,10.552763819095476
E00120275,138,53,29,24,85,79,6,38.405797101449274,21.014492753623188,17.391304347826086,61.59420289855072,57.2463768115942,4.3478260869565215
E00120276,147,39,14,25,108,80,28,26.53061224489796,9.523809523809524,17.006802721088434,73.46938775510205,54.421768707483,19.047619047619047
E00120277,129,44,14,30,85,68,17,34.10852713178294,10.852713178294573,23.25581395348837,65.89147286821705,52.71317829457365,13.178294573643413
E00120278,165,44,19,25,121,102,19,26.666666666666668,11.515151515151516,15.151515151515152,73.33333333333333,61.81818181818181,11.515151515151516
E00120279,184,61,35,26,123,100,23,33.15217391304348,19.021739130434785,14.130434782608695,66.84782608695652,54.347826086956516,12.5
E00120280,143,33,9,24,110,84,26,23.076923076923077,6.293706293706294,16.783216783216783,76.92307692307693,58.74125874125874,18.181818181818183
E00120281,142,51,19,32,91,70,21,35.91549295774648,13.380281690140844,22.535211267605636,64.08450704225352,49.29577464788733,14.788732394366196
E00120282,165,47,27,20,118,73,45,28.484848484848484,16.363636363636363,12.121212121212121,71.51515151515152,44.24242424242424,27.27272727272727
E00120283,192,62,28,34,130,86,44,32.29166666666667,14.583333333333334,17.708333333333336,67.70833333333334,44.79166666666667,22.916666666666664
E00120284,123,21,9,12,102,81,21,17.073170731707318,7.317073170731707,9.75609756097561,82.92682926829268,65.85365853658537,17.073170731707318
E00120285,145,38,16,22,107,82,25,26.20689655172414,11.03448275862069,15.172413793103448,73.79310344827587,56.55172413793104,17.24137931034483
E00120286,214,57,19,38,157,124,33,26.635514018691588,8.878504672897195,17.75700934579439,73.36448598130842,57.943925233644855,15.42056074766355
E00120287,169,56,24,32,113,84,29,33.13609467455622,14.201183431952662,18.93491124260355,66.86390532544378,49.70414201183432,17.159763313609467
E00120288,190,57,22,35,133,106,27,30,11.578947368421053,18.421052631578945,70,55.78947368421052,14.210526315789473
E00120289,180,58,27,31,122,80,42,32.22222222222222,15,17.22222222222222,67.77777777777779,44.44444444444444,23.333333333333332
E00120290,143,30,14,16,113,82,31,20.97902097902098,9.79020979020979,11.188811188811188,79.02097902097903,57.34265734265735,21.678321678321677
E00120291,180,58,21,37,122,96,26,32.22222222222222,11.666666666666666,20.555555555555554,67.77777777777779,53.333333333333336,14.444444444444443
E00120292,155,45,16,29,110,71,39,29.03225806451613,10.32258064516129,18.70967741935484,70.96774193548387,45.806451612903224,25.161290322580644
E00120293,150,60,20,40,90,80,10,40,13.333333333333334,26.666666666666668,60,53.333333333333336,6.666666666666667
E00120294,192,53,25,28,139,109,30,27.604166666666668,13.020833333333334,14.583333333333334,72.39583333333334,56.770833333333336,15.625
E00120295,148,46,17,29,102,77,25,31.08108108108108,11.486486486486488,19.594594594594593,68.91891891891892,52.02702702702703,16.89189189189189
E00120296,134,42,13,29,92,78,14,31.343283582089555,9.701492537313433,21.641791044776117,68.65671641791045,58.2089552238806,10.44776119402985
E00120297,141,39,15,24,102,77,25,27.659574468085108,10.638297872340425,17.02127659574468,72.3404255319149,54.60992907801418,17.73049645390071
E00120298,123,47,13,34,76,67,9,38.21138211382114,10.569105691056912,27.64227642276423,61.78861788617886,54.47154471544715,7.317073170731707
E00120299,141,38,8,30,103,79,24,26.95035460992908,5.673758865248227,21.27659574468085,73.04964539007092,56.02836879432624,17.02127659574468
E00120300,190,48,14,34,142,118,24,25.263157894736842,7.368421052631578,17.894736842105264,74.73684210526315,62.10526315789474,12.631578947368421
E00120301,180,51,22,29,129,107,22,28.333333333333332,12.222222222222221,16.11111111111111,71.66666666666667,59.44444444444444,12.222222222222221
E00120302,130,42,18,24,88,67,21,32.30769230769231,13.846153846153847,18.461538461538463,67.6923076923077,51.53846153846153,16.153846153846153
E00120303,195,39,14,25,156,123,33,20,7.179487179487179,12.82051282051282,80,63.07692307692307,16.923076923076923
E00120304,134,37,13,24,97,84,13,27.611940298507463,9.701492537313433,17.91044776119403,72.38805970149254,62.68656716417911,9.701492537313433
E00120305,129,43,15,28,86,68,18,33.33333333333333,11.627906976744185,21.705426356589147,66.66666666666666,52.71317829457365,13.953488372093023
E00120307,139,39,18,21,100,70,30,28.05755395683453,12.949640287769784,15.107913669064748,71.94244604316546,50.35971223021583,21.58273381294964
E00120308,144,37,16,21,107,83,24,25.694444444444443,11.11111111111111,14.583333333333334,74.30555555555556,57.638888888888886,16.666666666666664
E00120309,167,40,16,24,127,105,22,23.952095808383234,9.580838323353294,14.37125748502994,76.04790419161677,62.874251497005986,13.17365269461078
E00120310,175,49,23,26,126,88,38,28.000000000000004,13.142857142857142,14.857142857142858,72,50.28571428571429,21.714285714285715
E00120311,137,52,20,32,85,56,29,37.95620437956204,14.5985401459854,23.357664233576642,62.04379562043796,40.87591240875913,21.16788321167883
E00120312,161,44,21,23,117,82,35,27.32919254658385,13.043478260869565,14.285714285714285,72.67080745341616,50.931677018633536,21.73913043478261
E00120313,153,45,25,20,108,86,22,29.411764705882355,16.33986928104575,13.071895424836603,70.58823529411765,56.209150326797385,14.37908496732026
E00120314,177,56,20,36,121,79,42,31.63841807909605,11.299435028248588,20.33898305084746,68.36158192090396,44.632768361581924,23.728813559322035
E00120315,169,47,13,34,122,100,22,27.810650887573964,7.6923076923076925,20.118343195266274,72.18934911242604,59.171597633136095,13.017751479289942
E00120316,177,66,35,31,111,78,33,37.28813559322034,19.774011299435028,17.51412429378531,62.71186440677966,44.06779661016949,18.64406779661017
E00120317,153,50,21,29,103,72,31,32.6797385620915,13.725490196078432,18.954248366013072,67.3202614379085,47.05882352941176,20.26143790849673
E00120318,170,32,13,19,138,106,32,18.823529411764707,7.647058823529412,11.176470588235295,81.17647058823529,62.35294117647059,18.823529411764707
E00120319,158,44,18,26,114,83,31,27.848101265822784,11.39240506329114,16.455696202531644,72.15189873417721,52.53164556962025,19.62025316455696
E00120320,167,58,24,34,109,77,32,34.73053892215569,14.37125748502994,20.359281437125748,65.26946107784431,46.10778443113773,19.16167664670659
E00120321,257,59,15,44,198,147,51,22.957198443579767,5.836575875486381,17.120622568093385,77.04280155642024,57.19844357976653,19.844357976653697
E00120322,209,61,24,37,148,92,56,29.1866028708134,11.483253588516746,17.703349282296653,70.81339712918661,44.01913875598086,26.794258373205743
E00120323,210,62,28,34,148,119,29,29.523809523809526,13.333333333333334,16.19047619047619,70.47619047619048,56.666666666666664,13.80952380952381
E00120324,127,42,20,22,85,65,20,33.07086614173229,15.748031496062993,17.322834645669293,66.92913385826772,51.181102362204726,15.748031496062993
E00120325,155,47,26,21,108,80,28,30.32258064516129,16.7741935483871,13.548387096774196,69.6774193548387,51.61290322580645,18.064516129032256
E00120326,128,41,19,22,87,48,39,32.03125,14.84375,17.1875,67.96875,37.5,30.46875
E00120327,152,38,22,16,114,96,18,25,14.473684210526317,10.526315789473683,75,63.1578947368421,11.842105263157894
E00120328,157,43,20,23,114,81,33,27.388535031847134,12.738853503184714,14.64968152866242,72.61146496815286,51.59235668789809,21.019108280254777
E00120329,140,38,16,22,102,72,30,27.142857142857142,11.428571428571429,15.714285714285714,72.85714285714285,51.42857142857142,21.428571428571427
E00120330,154,40,17,23,114,87,27,25.97402597402597,11.03896103896104,14.935064935064934,74.02597402597402,56.493506493506494,17.532467532467532
E00120331,143,44,15,29,99,72,27,30.76923076923077,10.48951048951049,20.27972027972028,69.23076923076923,50.349650349650354,18.88111888111888
E00120332,173,55,19,36,118,101,17,31.79190751445087,10.982658959537572,20.809248554913296,68.20809248554913,58.38150289017341,9.826589595375722
E00120333,160,41,16,25,119,93,26,25.624999999999996,10,15.625,74.375,58.12500000000001,16.25
E00120334,182,53,29,24,129,103,26,29.120879120879124,15.934065934065933,13.186813186813188,70.87912087912088,56.59340659340659,14.285714285714285
E00120335,155,32,15,17,123,95,28,20.64516129032258,9.67741935483871,10.967741935483872,79.35483870967742,61.29032258064516,18.064516129032256
E00120336,142,43,8,35,99,78,21,30.28169014084507,5.633802816901409,24.647887323943664,69.71830985915493,54.929577464788736,14.788732394366196
E00120337,173,43,15,28,130,109,21,24.85549132947977,8.670520231213873,16.184971098265898,75.14450867052022,63.005780346820806,12.138728323699421
E00120338,143,41,18,23,102,65,37,28.671328671328673,12.587412587412588,16.083916083916083,71.32867132867133,45.45454545454545,25.874125874125873
E00120339,132,37,16,21,95,77,18,28.030303030303028,12.121212121212121,15.909090909090908,71.96969696969697,58.333333333333336,13.636363636363635
E00120340,141,48,14,34,93,77,16,34.04255319148936,9.929078014184398,24.113475177304963,65.95744680851064,54.60992907801418,11.347517730496454
E00120341,182,51,24,27,131,75,56,28.021978021978022,13.186813186813188,14.835164835164836,71.97802197802197,41.208791208791204,30.76923076923077
E00120342,153,66,39,27,87,61,26,43.13725490196079,25.49019607843137,17.647058823529413,56.86274509803921,39.869281045751634,16.99346405228758
E00120343,114,35,10,25,79,59,20,30.701754385964914,8.771929824561402,21.929824561403507,69.2982456140351,51.75438596491229,17.543859649122805
E00120344,131,41,12,29,90,55,35,31.297709923664126,9.16030534351145,22.137404580152673,68.70229007633588,41.98473282442748,26.717557251908396
E00120345,182,56,17,39,126,91,35,30.76923076923077,9.340659340659341,21.428571428571427,69.23076923076923,50,19.230769230769234
E00120346,186,45,18,27,141,114,27,24.193548387096776,9.67741935483871,14.516129032258066,75.80645161290323,61.29032258064516,14.516129032258066
E00120347,153,46,22,24,107,69,38,30.065359477124183,14.37908496732026,15.686274509803921,69.93464052287581,45.09803921568628,24.836601307189543
E00120348,123,34,17,17,89,62,27,27.64227642276423,13.821138211382115,13.821138211382115,72.35772357723577,50.40650406504065,21.951219512195124
E00120349,141,50,23,27,91,50,41,35.46099290780142,16.312056737588655,19.148936170212767,64.53900709219859,35.46099290780142,29.078014184397162
E00120350,199,55,22,33,144,94,50,27.63819095477387,11.055276381909549,16.582914572864322,72.36180904522614,47.23618090452261,25.125628140703515
E00120351,150,39,18,21,111,80,31,26,12,14.000000000000002,74,53.333333333333336,20.666666666666668
E00120352,160,36,11,25,124,85,39,22.5,6.875000000000001,15.625,77.5,53.125,24.375
E00120353,137,27,11,16,110,93,17,19.708029197080293,8.02919708029197,11.678832116788321,80.2919708029197,67.88321167883211,12.408759124087592
E00120354,176,48,24,24,128,94,34,27.27272727272727,13.636363636363635,13.636363636363635,72.72727272727273,53.40909090909091,19.318181818181817
E00120355,147,42,25,17,105,63,42,28.57142857142857,17.006802721088434,11.564625850340136,71.42857142857143,42.857142857142854,28.57142857142857
E00120356,194,47,16,31,147,95,52,24.22680412371134,8.24742268041237,15.979381443298967,75.77319587628865,48.96907216494845,26.804123711340207
E00120357,148,41,22,19,107,87,20,27.7027027027027,14.864864864864865,12.837837837837837,72.2972972972973,58.78378378378378,13.513513513513514
E00120358,162,38,17,21,124,81,43,23.456790123456788,10.493827160493826,12.962962962962962,76.5432098765432,50,26.543209876543212
E00120359,185,57,19,38,128,100,28,30.810810810810814,10.27027027027027,20.54054054054054,69.1891891891892,54.054054054054056,15.135135135135137
E00120360,169,39,19,20,130,94,36,23.076923076923077,11.242603550295858,11.834319526627219,76.92307692307693,55.62130177514793,21.301775147928996
E00120361,162,50,17,33,112,70,42,30.864197530864196,10.493827160493826,20.37037037037037,69.1358024691358,43.20987654320987,25.925925925925924
E00120362,95,30,14,16,65,52,13,31.57894736842105,14.736842105263156,16.842105263157894,68.42105263157895,54.736842105263165,13.684210526315791
E00120363,178,53,24,29,125,83,42,29.775280898876407,13.48314606741573,16.292134831460675,70.2247191011236,46.62921348314607,23.595505617977526
E00120364,145,37,18,19,108,82,26,25.517241379310345,12.413793103448276,13.10344827586207,74.48275862068967,56.55172413793104,17.93103448275862
E00120365,157,56,19,37,101,75,26,35.6687898089172,12.101910828025478,23.56687898089172,64.3312101910828,47.77070063694268,16.560509554140125
E00120366,83,26,16,10,57,36,21,31.32530120481928,19.27710843373494,12.048192771084338,68.67469879518072,43.373493975903614,25.301204819277107
E00120367,141,40,16,24,101,66,35,28.368794326241137,11.347517730496454,17.02127659574468,71.63120567375887,46.808510638297875,24.822695035460992
E00120368,131,43,21,22,88,58,30,32.82442748091603,16.030534351145036,16.793893129770993,67.17557251908397,44.274809160305345,22.900763358778626
E00120369,171,42,16,26,129,112,17,24.561403508771928,9.35672514619883,15.204678362573098,75.43859649122807,65.49707602339181,9.941520467836257
E00120370,118,28,12,16,90,73,17,23.728813559322035,10.16949152542373,13.559322033898304,76.27118644067797,61.86440677966102,14.40677966101695
E00120371,178,49,11,38,129,110,19,27.52808988764045,6.179775280898876,21.34831460674157,72.47191011235955,61.79775280898876,10.674157303370785
E00120372,185,72,24,48,113,93,20,38.91891891891892,12.972972972972974,25.945945945945947,61.08108108108108,50.27027027027027,10.81081081081081
E00120373,102,27,9,18,75,66,9,26.47058823529412,8.823529411764707,17.647058823529413,73.52941176470588,64.70588235294117,8.823529411764707
E00120374,169,42,15,27,127,105,22,24.85207100591716,8.875739644970414,15.976331360946746,75.14792899408283,62.1301775147929,13.017751479289942
E00120375,154,46,17,29,108,96,12,29.87012987012987,11.03896103896104,18.83116883116883,70.12987012987013,62.33766233766234,7.792207792207792
E00120376,195,56,21,35,139,120,19,28.717948717948715,10.76923076923077,17.94871794871795,71.28205128205128,61.53846153846154,9.7435897435897445
E00120378,169,40,18,22,129,106,23,23.668639053254438,10.650887573964498,13.017751479289942,76.33136094674556,62.721893491124256,13.609467455621301
E00120379,186,53,25,28,133,117,16,28.49462365591398,13.440860215053762,15.053763440860216,71.50537634408603,62.903225806451616,8.60215053763441
E00120380,109,27,9,18,82,65,17,24.770642201834864,8.256880733944955,16.51376146788991,75.22935779816514,59.63302752293578,15.59633027522936
E00120381,157,58,19,39,99,84,15,36.94267515923567,12.101910828025478,24.840764331210192,63.05732484076433,53.503184713375795,9.554140127388536
E00120382,135,39,9,30,96,78,18,28.888888888888886,6.666666666666667,22.22222222222222,71.11111111111111,57.77777777777777,13.333333333333334
E00120383,163,61,18,43,102,81,21,37.423312883435585,11.042944785276074,26.380368098159508,62.57668711656442,49.693251533742334,12.883435582822086
E00120384,178,54,16,38,124,107,17,30.337078651685395,8.98876404494382,21.34831460674157,69.66292134831461,60.1123595505618,9.550561797752808
E00120385,144,35,12,23,109,94,15,24.305555555555554,8.333333333333332,15.972222222222221,75.69444444444444,65.27777777777779,10.416666666666668
E00120386,168,58,18,40,110,92,18,34.523809523809526,10.714285714285714,23.809523809523807,65.47619047619048,54.761904761904766,10.714285714285714
E00120387,168,69,26,43,99,89,10,41.07142857142857,15.476190476190476,25.595238095238095,58.92857142857143,52.976190476190474,5.952380952380952
E00120388,188,44,17,27,144,121,23,23.404255319148938,9.042553191489363,14.361702127659576,76.59574468085107,64.36170212765957,12.23404255319149
E00120389,190,55,18,37,135,121,14,28.947368421052634,9.473684210526317,19.473684210526315,71.05263157894737,63.68421052631579,7.368421052631578
E00120390,176,47,18,29,129,112,17,26.704545454545453,10.227272727272728,16.477272727272727,73.29545454545455,63.63636363636363,9.659090909090908
E00120391,188,58,22,36,130,111,19,30.851063829787233,11.702127659574469,19.148936170212767,69.14893617021278,59.04255319148937,10.106382978723403
E00120392,203,49,12,37,154,131,23,24.137931034482758,5.911330049261084,18.226600985221676,75.86206896551724,64.5320197044335,11.330049261083744
E00120393,153,38,12,26,115,92,23,24.836601307189543,7.8431372549019605,16.99346405228758,75.16339869281046,60.130718954248366,15.032679738562091
E00120394,195,65,24,41,130,98,32,33.33333333333333,12.307692307692308,21.025641025641026,66.66666666666666,50.256410256410255,16.41025641025641
E00120395,158,49,16,33,109,88,21,31.0126582278481,10.126582278481013,20.88607594936709,68.9873417721519,55.69620253164557,13.291139240506327
E00120396,151,39,17,22,112,96,16,25.82781456953642,11.258278145695364,14.56953642384106,74.17218543046357,63.576158940397356,10.596026490066226
E00120397,167,49,20,29,118,95,23,29.34131736526946,11.976047904191617,17.365269461077844,70.65868263473054,56.886227544910184,13.77245508982036
E00120398,101,32,11,21,69,62,7,31.683168316831683,10.891089108910892,20.792079207920793,68.31683168316832,61.386138613861384,6.9306930693069315
E00120399,127,41,12,29,86,75,11,32.28346456692913,9.448818897637794,22.83464566929134,67.71653543307087,59.055118110236215,8.661417322834646
E00120400,179,51,24,27,128,103,25,28.49162011173184,13.40782122905028,15.083798882681565,71.50837988826815,57.54189944134078,13.966480446927374
E00120401,151,45,19,26,106,85,21,29.80132450331126,12.582781456953644,17.218543046357617,70.19867549668875,56.29139072847682,13.90728476821192
E00120402,128,37,15,22,91,77,14,28.90625,11.71875,17.1875,71.09375,60.15625,10.9375
E00120403,164,59,26,33,105,77,28,35.97560975609756,15.853658536585366,20.121951219512198,64.02439024390245,46.95121951219512,17.073170731707318
E00120404,204,66,21,45,138,103,35,32.35294117647059,10.294117647058822,22.058823529411764,67.64705882352942,50.49019607843137,17.15686274509804
E00120405,150,54,22,32,96,72,24,36,14.666666666666666,21.333333333333336,64,48,16
E00120406,175,53,18,35,122,104,18,30.28571428571429,10.285714285714285,20,69.71428571428572,59.42857142857143,10.285714285714285
E00120407,164,49,25,24,115,92,23,29.878048780487802,15.24390243902439,14.634146341463413,70.1219512195122,56.09756097560976,14.02439024390244
E00120408,169,67,21,46,102,79,23,39.64497041420118,12.42603550295858,27.218934911242602,60.35502958579882,46.74556213017752,13.609467455621301
E00120410,134,34,7,27,100,81,19,25.37313432835821,5.223880597014925,20.149253731343283,74.6268656716418,60.447761194029844,14.17910447761194
E00120411,148,35,11,24,113,95,18,23.64864864864865,7.4324324324324325,16.216216216216218,76.35135135135135,64.1891891891892,12.162162162162163
E00120412,161,44,20,24,117,93,24,27.32919254658385,12.422360248447205,14.906832298136646,72.67080745341616,57.7639751552795,14.906832298136646
E00120413,151,46,20,26,105,90,15,30.4635761589404,13.245033112582782,17.218543046357617,69.5364238410596,59.60264900662252,9.933774834437086
E00120414,56,8,6,2,48,35,13,14.285714285714285,10.714285714285714,3.571428571428571,85.71428571428571,62.5,23.214285714285715
E00120415,225,47,20,27,178,139,39,20.88888888888889,8.88888888888889,12,79.11111111111111,61.77777777777778,17.333333333333336
E00120416,181,60,25,35,121,79,42,33.14917127071823,13.812154696132598,19.337016574585636,66.85082872928176,43.646408839779006,23.204419889502763
E00120417,214,55,18,37,159,127,32,25.70093457943925,8.411214953271028,17.289719626168225,74.29906542056075,59.345794392523366,14.953271028037381
E00120418,196,67,27,40,129,87,42,34.183673469387756,13.77551020408163,20.408163265306122,65.81632653061224,44.38775510204081,21.428571428571427
E00120419,183,55,25,30,128,96,32,30.05464480874317,13.661202185792352,16.39344262295082,69.94535519125684,52.459016393442624,17.48633879781421
E00120420,294,79,31,48,215,169,46,26.87074829931973,10.54421768707483,16.3265306122449,73.12925170068027,57.48299319727891,15.646258503401361
E00120421,124,39,18,21,85,74,11,31.451612903225808,14.516129032258066,16.93548387096774,68.54838709677419,59.67741935483871,8.870967741935484
E00120422,197,50,17,33,147,124,23,25.380710659898476,8.629441624365482,16.751269035532996,74.61928934010153,62.944162436548226,11.6751269035533
E00120423,213,73,27,46,140,105,35,34.27230046948357,12.676056338028168,21.5962441314554,65.72769953051643,49.29577464788733,16.431924882629108
E00120424,190,53,22,31,137,113,24,27.89473684210526,11.578947368421053,16.315789473684212,72.10526315789474,59.473684210526315,12.631578947368421
E00120425,167,46,18,28,121,80,41,27.54491017964072,10.778443113772456,16.766467065868262,72.45508982035929,47.90419161676647,24.550898203592812
E00120426,196,74,25,49,122,104,18,37.755102040816325,12.755102040816327,25,62.244897959183675,53.06122448979592,9.183673469387756
E00120427,186,69,30,39,117,87,30,37.096774193548384,16.129032258064516,20.967741935483872,62.903225806451616,46.774193548387096,16.129032258064516
E00120428,133,38,13,25,95,74,21,28.57142857142857,9.774436090225564,18.796992481203006,71.42857142857143,55.639097744360896,15.789473684210526
E00120429,159,41,16,25,118,100,18,25.78616352201258,10.062893081761008,15.723270440251572,74.21383647798741,62.893081761006286,11.320754716981133
E00120430,180,32,11,21,148,126,22,17.77777777777778,6.111111111111111,11.666666666666666,82.22222222222221,70,12.222222222222221
E00120431,157,50,24,26,107,73,34,31.84713375796178,15.286624203821656,16.560509554140125,68.15286624203821,46.496815286624205,21.656050955414013
E00120432,161,41,17,24,120,82,38,25.465838509316768,10.559006211180124,14.906832298136646,74.53416149068323,50.931677018633536,23.60248447204969
E00120433,193,44,18,26,149,109,40,22.797927461139896,9.32642487046632,13.471502590673575,77.2020725388601,56.476683937823836,20.72538860103627
E00120434,157,55,23,32,102,77,25,35.03184713375796,14.64968152866242,20.382165605095544,64.96815286624204,49.044585987261144,15.92356687898089
E00120435,183,55,20,35,128,98,30,30.05464480874317,10.92896174863388,19.12568306010929,69.94535519125684,53.551912568306015,16.39344262295082
E00120437,181,49,21,28,132,91,41,27.071823204419886,11.602209944751381,15.469613259668508,72.92817679558011,50.27624309392266,22.65193370165746
E00120438,104,29,12,17,75,63,12,27.884615384615387,11.538461538461538,16.346153846153847,72.11538461538461,60.57692307692307,11.538461538461538
E00120439,163,52,11,41,111,93,18,31.901840490797547,6.748466257668712,25.153374233128833,68.09815950920245,57.05521472392638,11.042944785276074
E00120440,173,49,18,31,124,98,26,28.32369942196532,10.404624277456648,17.91907514450867,71.67630057803468,56.64739884393064,15.028901734104046
E00120441,169,53,21,32,116,94,22,31.360946745562128,12.42603550295858,18.93491124260355,68.63905325443787,55.62130177514793,13.017751479289942
E00120442,137,47,11,36,90,76,14,34.306569343065696,8.02919708029197,26.277372262773724,65.69343065693431,55.47445255474452,10.218978102189782
E00120443,163,48,14,34,115,92,23,29.447852760736197,8.588957055214724,20.858895705521473,70.5521472392638,56.44171779141104,14.11042944785276
E00120444,91,30,14,16,61,48,13,32.967032967032964,15.384615384615385,17.582417582417584,67.03296703296702,52.74725274725275,14.285714285714285
E00120445,192,54,21,33,138,104,34,28.125,10.9375,17.1875,71.875,54.166666666666664,17.708333333333336
E00120447,149,51,22,29,98,83,15,34.22818791946309,14.76510067114094,19.463087248322147,65.77181208053692,55.70469798657718,10.06711409395973
E00120448,155,50,20,30,105,85,20,32.25806451612903,12.903225806451612,19.35483870967742,67.74193548387096,54.83870967741935,12.903225806451612
E00120449,166,62,30,32,104,82,22,37.34939759036144,18.072289156626507,19.27710843373494,62.65060240963856,49.39759036144578,13.253012048192772
E00120450,104,34,9,25,70,57,13,32.69230769230769,8.653846153846153,24.03846153846154,67.3076923076923,54.807692307692314,12.5
E00120451,266,64,25,39,202,155,47,24.06015037593985,9.398496240601503,14.661654135338345,75.93984962406014,58.27067669172933,17.669172932330827
E00120452,167,38,13,25,129,104,25,22.75449101796407,7.784431137724551,14.97005988023952,77.24550898203593,62.27544910179641,14.97005988023952
E00120453,139,45,14,31,94,78,16,32.37410071942446,10.071942446043165,22.302158273381295,67.62589928057554,56.11510791366906,11.510791366906476
E00120454,165,55,23,32,110,83,27,33.33333333333333,13.939393939393941,19.393939393939394,66.66666666666666,50.303030303030305,16.363636363636363
E00120455,130,48,21,27,82,65,17,36.92307692307693,16.153846153846153,20.76923076923077,63.07692307692307,50,13.076923076923078
E00120456,125,50,19,31,75,63,12,40,15.2,24.8,60,50.4,9.6
E00120457,218,60,30,30,158,92,66,27.522935779816514,13.761467889908257,13.761467889908257,72.47706422018348,42.201834862385326,30.275229357798167
E00120458,120,36,19,17,84,63,21,30,15.833333333333332,14.166666666666666,70,52.5,17.5
E00120459,174,66,21,45,108,90,18,37.93103448275862,12.068965517241379,25.862068965517242,62.06896551724138,51.724137931034484,10.344827586206897
E00120460,206,52,24,28,154,110,44,25.24271844660194,11.650485436893204,13.592233009708737,74.75728155339806,53.398058252427184,21.35922330097087
E00120461,161,43,16,27,118,87,31,26.70807453416149,9.937888198757763,16.77018633540373,73.29192546583852,54.037267080745345,19.25465838509317
E00120462,198,56,22,34,142,112,30,28.28282828282828,11.11111111111111,17.17171717171717,71.71717171717171,56.56565656565656,15.151515151515152
E00120463,127,38,17,21,89,71,18,29.92125984251969,13.385826771653544,16.535433070866144,70.07874015748031,55.90551181102362,14.173228346456693
E00120464,132,44,18,26,88,76,12,33.33333333333333,13.636363636363635,19.696969696969695,66.66666666666666,57.57575757575758,9.090909090909092
E00120465,170,70,38,32,100,73,27,41.17647058823529,22.35294117647059,18.823529411764707,58.82352941176471,42.94117647058823,15.88235294117647
E00120466,127,28,10,18,99,73,26,22.04724409448819,7.874015748031496,14.173228346456693,77.95275590551181,57.48031496062992,20.47244094488189
E00120467,155,44,16,28,111,84,27,28.387096774193548,10.32258064516129,18.064516129032256,71.61290322580646,54.19354838709678,17.419354838709676
E00120468,146,47,19,28,99,85,14,32.19178082191781,13.013698630136986,19.17808219178082,67.8082191780822,58.21917808219178,9.58904109589041
E00120469,157,46,23,23,111,83,28,29.29936305732484,14.64968152866242,14.64968152866242,70.70063694267516,52.86624203821656,17.8343949044586
E00120470,151,46,7,39,105,87,18,30.4635761589404,4.635761589403973,25.82781456953642,69.5364238410596,57.615894039735096,11.920529801324504
E00120471,155,46,16,30,109,80,29,29.677419354838708,10.32258064516129,19.35483870967742,70.3225806451613,51.61290322580645,18.70967741935484
E00120472,118,41,12,29,77,58,19,34.74576271186441,10.16949152542373,24.576271186440678,65.2542372881356,49.152542372881356,16.101694915254235
E00120473,158,45,22,23,113,89,24,28.48101265822785,13.924050632911392,14.556962025316455,71.51898734177216,56.32911392405063,15.18987341772152
E00120474,136,33,16,17,103,66,37,24.264705882352942,11.76470588235294,12.5,75.73529411764706,48.529411764705884,27.205882352941174
E00120475,124,47,20,27,77,55,22,37.903225806451616,16.129032258064516,21.774193548387096,62.096774193548384,44.354838709677416,17.741935483870968
E00120476,206,43,15,28,163,110,53,20.87378640776699,7.281553398058252,13.592233009708737,79.12621359223301,53.398058252427184,25.728155339805824
E00120477,146,28,10,18,118,94,24,19.17808219178082,6.8493150684931505,12.32876712328767,80.82191780821918,64.38356164383562,16.43835616438356
E00120478,222,42,11,31,180,154,26,18.91891891891892,4.954954954954955,13.963963963963963,81.08108108108108,69.36936936936937,11.711711711711711
E00120479,160,22,7,15,138,119,19,13.750000000000002,4.375,9.375,86.25,74.375,11.875
E00120480,138,37,13,24,101,78,23,26.811594202898554,9.420289855072465,17.391304347826086,73.18840579710145,56.52173913043478,16.666666666666664
E00120481,208,39,18,21,169,132,37,18.75,8.653846153846153,10.096153846153847,81.25,63.46153846153846,17.78846153846154
E00120482,260,45,16,29,215,170,45,17.307692307692307,6.153846153846154,11.153846153846155,82.6923076923077,65.38461538461539,17.307692307692307
E00120483,203,36,17,19,167,132,35,17.733990147783253,8.374384236453201,9.35960591133005,82.26600985221675,65.02463054187191,17.24137931034483
E00120484,174,35,17,18,139,112,27,20.114942528735632,9.770114942528735,10.344827586206897,79.88505747126436,64.36781609195403,15.517241379310345
E00120485,138,14,4,10,124,113,11,10.144927536231885,2.898550724637681,7.246376811594203,89.85507246376811,81.88405797101449,7.971014492753622
E00120486,106,23,9,14,83,60,23,21.69811320754717,8.49056603773585,13.20754716981132,78.30188679245283,56.60377358490566,21.69811320754717
E00120488,211,31,14,17,180,137,43,14.691943127962084,6.6350710900473935,8.056872037914692,85.30805687203792,64.92890995260665,20.379146919431278
E00120489,120,44,12,32,76,59,17,36.666666666666664,10,26.666666666666668,63.33333333333333,49.166666666666664,14.166666666666666
E00120490,205,56,18,38,149,117,32,27.31707317073171,8.780487804878048,18.536585365853657,72.6829268292683,57.073170731707314,15.609756097560975
E00120491,258,29,15,14,229,190,39,11.24031007751938,5.813953488372093,5.426356589147287,88.75968992248062,73.64341085271317,15.11627906976744
E00120492,215,46,20,26,169,139,30,21.3953488372093,9.30232558139535,12.093023255813954,78.6046511627907,64.65116279069767,13.953488372093023
E00120493,313,47,17,30,266,201,65,15.015974440894569,5.431309904153355,9.584664536741213,84.98402555910543,64.21725239616613,20.766773162939298
E00120494,192,29,7,22,163,118,45,15.104166666666666,3.6458333333333335,11.458333333333332,84.89583333333334,61.458333333333336,23.4375
E00120495,199,37,7,30,162,128,34,18.592964824120603,3.5175879396984926,15.07537688442211,81.4070351758794,64.321608040201,17.08542713567839
E00120497,139,36,13,23,103,85,18,25.899280575539567,9.352517985611511,16.546762589928058,74.10071942446042,61.15107913669065,12.949640287769784
E00120498,190,55,25,30,135,104,31,28.947368421052634,13.157894736842104,15.789473684210526,71.05263157894737,54.736842105263165,16.315789473684212
E00120499,174,49,18,31,125,86,39,28.160919540229884,10.344827586206897,17.81609195402299,71.83908045977012,49.42528735632184,22.413793103448278
E00120500,165,33,9,24,132,93,39,20,5.454545454545454,14.545454545454545,80,56.36363636363636,23.636363636363637
E00120501,120,13,0,13,107,83,24,10.833333333333334,0,10.833333333333334,89.16666666666667,69.16666666666667,20
E00120503,154,61,27,34,93,75,18,39.61038961038961,17.532467532467532,22.07792207792208,60.3896103896104,48.701298701298704,11.688311688311687
E00120504,140,46,20,26,94,70,24,32.857142857142854,14.285714285714285,18.571428571428573,67.14285714285714,50,17.142857142857142
E00120505,173,55,28,27,118,96,22,31.79190751445087,16.184971098265898,15.606936416184972,68.20809248554913,55.49132947976878,12.716763005780345
E00120506,188,60,26,34,128,98,30,31.914893617021278,13.829787234042554,18.085106382978726,68.08510638297872,52.12765957446809,15.957446808510639
E00120507,154,53,23,30,101,83,18,34.41558441558442,14.935064935064934,19.480519480519483,65.5844155844156,53.896103896103895,11.688311688311687
E00120508,187,56,20,36,131,103,28,29.946524064171122,10.695187165775401,19.25133689839572,70.05347593582889,55.080213903743314,14.973262032085561
E00120509,184,56,19,37,128,104,24,30.434782608695656,10.326086956521738,20.108695652173914,69.56521739130434,56.52173913043478,13.043478260869565
E00120510,139,39,8,31,100,87,13,28.05755395683453,5.755395683453238,22.302158273381295,71.94244604316546,62.589928057553955,9.352517985611511
E00120511,119,30,14,16,89,70,19,25.210084033613445,11.76470588235294,13.445378151260504,74.78991596638656,58.82352941176471,15.966386554621847
E00120512,101,43,24,19,58,44,14,42.57425742574257,23.762376237623762,18.81188118811881,57.42574257425742,43.56435643564357,13.861386138613863
E00120513,168,47,17,30,121,95,26,27.976190476190478,10.119047619047619,17.857142857142858,72.02380952380952,56.547619047619044,15.476190476190476
E00120514,145,32,11,21,113,92,21,22.06896551724138,7.586206896551724,14.482758620689657,77.93103448275862,63.44827586206897,14.482758620689657
E00120515,145,43,16,27,102,77,25,29.655172413793103,11.03448275862069,18.620689655172416,70.34482758620689,53.103448275862064,17.24137931034483
E00120516,125,43,20,23,82,65,17,34.4,16,18.4,65.60000000000001,52,13.600000000000001
E00120517,132,49,16,33,83,72,11,37.121212121212125,12.121212121212121,25,62.878787878787875,54.54545454545454,8.333333333333332
E00120518,196,54,20,34,142,100,42,27.55102040816326,10.204081632653061,17.346938775510203,72.44897959183673,51.02040816326531,21.428571428571427
E00120519,177,52,32,20,125,97,28,29.37853107344633,18.07909604519774,11.299435028248588,70.62146892655367,54.80225988700565,15.819209039548024
E00120520,168,65,25,40,103,86,17,38.69047619047619,14.880952380952381,23.809523809523807,61.30952380952381,51.19047619047619,10.119047619047619
E00120521,144,39,11,28,105,78,27,27.083333333333332,7.638888888888889,19.444444444444446,72.91666666666666,54.166666666666664,18.75
E00120522,160,56,24,32,104,86,18,35,15,20,65,53.75,11.25
E00120523,190,51,23,28,139,100,39,26.842105263157894,12.105263157894736,14.736842105263156,73.15789473684211,52.63157894736842,20.526315789473685
E00120524,159,49,13,36,110,89,21,30.81761006289308,8.176100628930817,22.641509433962266,69.18238993710692,55.9748427672956,13.20754716981132
E00120525,202,65,26,39,137,106,31,32.17821782178218,12.871287128712872,19.306930693069308,67.82178217821783,52.475247524752476,15.346534653465346
E00120526,80,29,12,17,51,34,17,36.25,15,21.25,63.74999999999999,42.5,21.25
E00120527,162,46,15,31,116,99,17,28.39506172839506,9.25925925925926,19.1358024691358,71.60493827160494,61.111111111111114,10.493827160493826
E00120528,140,49,19,30,91,67,24,35,13.571428571428571,21.428571428571427,65,47.85714285714286,17.142857142857142
E00120529,146,35,12,23,111,90,21,23.972602739726025,8.21917808219178,15.753424657534246,76.02739726027397,61.64383561643836,14.383561643835616
E00120530,93,18,7,11,75,60,15,19.35483870967742,7.526881720430108,11.827956989247312,80.64516129032258,64.51612903225806,16.129032258064516
E00120531,130,28,12,16,102,85,17,21.53846153846154,9.230769230769232,12.307692307692308,78.46153846153847,65.38461538461539,13.076923076923078
E00120532,165,56,13,43,109,87,22,33.939393939393945,7.878787878787878,26.060606060606062,66.06060606060606,52.72727272727272,13.333333333333334
E00120533,125,29,14,15,96,79,17,23.200000000000003,11.200000000000001,12,76.8,63.2,13.600000000000001
E00120534,188,67,19,48,121,102,19,35.638297872340424,10.106382978723403,25.53191489361702,64.36170212765957,54.25531914893617,10.106382978723403
E00120535,139,48,18,30,91,71,20,34.53237410071942,12.949640287769784,21.58273381294964,65.46762589928058,51.07913669064749,14.388489208633093
E00120536,142,38,13,25,104,77,27,26.76056338028169,9.15492957746479,17.6056338028169,73.23943661971832,54.22535211267606,19.014084507042252
E00120537,114,46,11,35,68,59,9,40.35087719298245,9.649122807017543,30.701754385964914,59.64912280701754,51.75438596491229,7.894736842105263
E00120538,129,20,9,11,109,89,20,15.503875968992247,6.976744186046512,8.527131782945736,84.49612403100775,68.9922480620155,15.503875968992247
E00120539,187,37,9,28,150,119,31,19.786096256684495,4.81283422459893,14.973262032085561,80.21390374331551,63.63636363636363,16.577540106951872
E00120540,125,39,17,22,86,80,6,31.2,13.600000000000001,17.599999999999998,68.8,64,4.8
E00120541,174,39,18,21,135,104,31,22.413793103448278,10.344827586206897,12.068965517241379,77.58620689655173,59.77011494252874,17.81609195402299
E00120542,154,46,15,31,108,90,18,29.87012987012987,9.740259740259742,20.12987012987013,70.12987012987013,58.44155844155844,11.688311688311687
E00120543,197,48,17,31,149,116,33,24.36548223350254,8.629441624365482,15.736040609137056,75.63451776649747,58.88324873096447,16.751269035532996
E00120544,168,38,16,22,130,112,18,22.61904761904762,9.523809523809524,13.095238095238097,77.38095238095238,66.66666666666666,10.714285714285714
E00120545,228,42,18,24,186,149,37,18.421052631578945,7.894736842105263,10.526315789473683,81.57894736842105,65.35087719298247,16.228070175438596
E00120546,227,88,33,55,139,121,18,38.76651982378855,14.537444933920703,24.229074889867842,61.23348017621145,53.30396475770925,7.929515418502203
E00120547,169,46,19,27,123,96,27,27.218934911242602,11.242603550295858,15.976331360946746,72.7810650887574,56.80473372781065,15.976331360946746
E00120548,111,25,8,17,86,76,10,22.52252252252252,7.207207207207207,15.315315315315313,77.47747747747748,68.46846846846847,9.00900900900901
E00120549,211,73,27,46,138,113,25,34.59715639810427,12.796208530805686,21.80094786729858,65.40284360189574,53.55450236966824,11.848341232227488
E00120550,139,47,14,33,92,80,12,33.81294964028777,10.071942446043165,23.741007194244602,66.18705035971223,57.55395683453237,8.633093525179856
E00120551,176,52,21,31,124,111,13,29.545454545454547,11.931818181818182,17.613636363636363,70.45454545454545,63.06818181818182,7.386363636363637
E00120552,135,40,12,28,95,81,14,29.629629629629626,8.88888888888889,20.74074074074074,70.37037037037037,60,10.37037037037037
E00120553,192,61,22,39,131,110,21,31.770833333333332,11.458333333333332,20.3125,68.22916666666666,57.291666666666664,10.9375
E00120554,168,52,20,32,116,99,17,30.952380952380953,11.904761904761903,19.047619047619047,69.04761904761905,58.92857142857143,10.119047619047619
E00120555,152,51,17,34,101,89,12,33.55263157894737,11.18421052631579,22.36842105263158,66.44736842105263,58.55263157894737,7.894736842105263
E00120556,211,57,19,38,154,131,23,27.014218009478675,9.004739336492891,18.009478672985782,72.98578199052133,62.08530805687204,10.90047393364929
E00120557,119,37,14,23,82,67,15,31.092436974789916,11.76470588235294,19.327731092436977,68.90756302521008,56.30252100840336,12.605042016806722
E00120558,149,45,12,33,104,86,18,30.201342281879196,8.053691275167784,22.14765100671141,69.79865771812081,57.71812080536913,12.080536912751679
E00120559,108,33,12,21,75,60,15,30.555555555555557,11.11111111111111,19.444444444444446,69.44444444444444,55.55555555555556,13.88888888888889
E00120560,144,34,15,19,110,91,19,23.61111111111111,10.416666666666668,13.194444444444445,76.38888888888889,63.19444444444444,13.194444444444445
E00120561,174,40,9,31,134,106,28,22.988505747126435,5.172413793103448,17.81609195402299,77.01149425287356,60.91954022988506,16.091954022988507
E00120562,173,56,27,29,117,93,24,32.369942196531795,15.606936416184972,16.76300578034682,67.63005780346822,53.75722543352601,13.872832369942195
E00120563,153,54,27,27,99,78,21,35.294117647058826,17.647058823529413,17.647058823529413,64.70588235294117,50.98039215686274,13.725490196078432
E00120564,126,39,15,24,87,58,29,30.952380952380953,11.904761904761903,19.047619047619047,69.04761904761905,46.03174603174603,23.015873015873016
E00120565,139,35,11,24,104,66,38,25.179856115107913,7.913669064748201,17.26618705035971,74.82014388489209,47.482014388489205,27.33812949640288
E00120566,151,40,15,25,111,79,32,26.490066225165563,9.933774834437086,16.55629139072848,73.50993377483444,52.317880794701985,21.192052980132452
E00120567,227,41,13,28,186,140,46,18.06167400881057,5.726872246696035,12.334801762114537,81.93832599118943,61.67400881057269,20.26431718061674
E00120568,189,41,23,18,148,116,32,21.693121693121693,12.16931216931217,9.523809523809524,78.3068783068783,61.37566137566137,16.93121693121693
E00120569,122,42,19,23,80,64,16,34.42622950819672,15.573770491803279,18.852459016393443,65.57377049180327,52.459016393442624,13.114754098360656
E00120570,131,39,14,25,92,69,23,29.770992366412212,10.687022900763358,19.083969465648856,70.22900763358778,52.67175572519084,17.557251908396946
E00120571,77,24,7,17,53,39,14,31.16883116883117,9.090909090909092,22.07792207792208,68.83116883116884,50.649350649350644,18.181818181818183
E00120574,136,45,22,23,91,62,29,33.088235294117645,16.176470588235293,16.911764705882355,66.91176470588235,45.588235294117645,21.323529411764707
E00120575,118,23,11,12,95,73,22,19.491525423728813,9.322033898305085,10.16949152542373,80.50847457627118,61.86440677966102,18.64406779661017
E00120576,148,44,22,22,104,80,24,29.72972972972973,14.864864864864865,14.864864864864865,70.27027027027027,54.054054054054056,16.216216216216218
E00120577,118,41,17,24,77,53,24,34.74576271186441,14.40677966101695,20.33898305084746,65.2542372881356,44.91525423728814,20.33898305084746
E00120578,158,46,22,24,112,65,47,29.11392405063291,13.924050632911392,15.18987341772152,70.88607594936708,41.139240506329116,29.746835443037973
E00120579,168,60,26,34,108,71,37,35.714285714285715,15.476190476190476,20.238095238095237,64.28571428571429,42.26190476190476,22.023809523809522
E00120580,108,33,14,19,75,66,9,30.555555555555557,12.962962962962962,17.59259259259259,69.44444444444444,61.111111111111114,8.333333333333332
E00120581,161,43,14,29,118,97,21,26.70807453416149,8.695652173913043,18.012422360248447,73.29192546583852,60.24844720496895,13.043478260869565
E00120582,137,33,11,22,104,85,19,24.087591240875913,8.02919708029197,16.05839416058394,75.91240875912408,62.04379562043796,13.86861313868613
E00120583,154,40,16,24,114,85,29,25.97402597402597,10.38961038961039,15.584415584415584,74.02597402597402,55.1948051948052,18.83116883116883
E00120584,185,63,18,45,122,92,30,34.054054054054056,9.72972972972973,24.324324324324326,65.94594594594595,49.72972972972973,16.216216216216218
E00120585,156,41,18,23,115,89,26,26.282051282051285,11.538461538461538,14.743589743589745,73.71794871794873,57.05128205128205,16.666666666666664
E00120586,145,50,18,32,95,86,9,34.48275862068966,12.413793103448276,22.06896551724138,65.51724137931035,59.310344827586206,6.206896551724138
E00120587,165,54,21,33,111,91,20,32.72727272727273,12.727272727272727,20,67.27272727272727,55.15151515151515,12.121212121212121
E00120588,216,57,20,37,159,123,36,26.38888888888889,9.25925925925926,17.12962962962963,73.61111111111111,56.94444444444444,16.666666666666664
E00120589,170,43,17,26,127,109,18,25.294117647058822,10,15.294117647058824,74.70588235294117,64.11764705882354,10.588235294117647
E00120590,144,50,23,27,94,79,15,34.72222222222222,15.972222222222221,18.75,65.27777777777779,54.861111111111114,10.416666666666668
E00120591,138,41,11,30,97,83,14,29.71014492753623,7.971014492753622,21.73913043478261,70.28985507246377,60.14492753623188,10.144927536231885
E00120592,147,47,15,32,100,86,14,31.97278911564626,10.204081632653061,21.768707482993197,68.02721088435374,58.50340136054422,9.523809523809524
E00120593,162,56,30,26,106,73,33,34.5679012345679,18.51851851851852,16.049382716049383,65.4320987654321,45.06172839506173,20.37037037037037
E00120594,190,66,29,37,124,78,46,34.73684210526316,15.263157894736842,19.473684210526315,65.26315789473685,41.05263157894737,24.210526315789473
E00120595,125,37,15,22,88,66,22,29.599999999999998,12,17.599999999999998,70.39999999999999,52.800000000000004,17.599999999999998
E00120596,180,51,27,24,129,113,16,28.333333333333332,15,13.333333333333334,71.66666666666667,62.77777777777778,8.88888888888889
E00120597,148,50,22,28,98,74,24,33.78378378378378,14.864864864864865,18.91891891891892,66.21621621621621,50,16.216216216216218
E00120598,256,78,28,50,178,134,44,30.46875,10.9375,19.53125,69.53125,52.34375,17.1875
E00120599,186,70,33,37,116,91,25,37.634408602150536,17.741935483870968,19.892473118279568,62.365591397849464,48.924731182795696,13.440860215053762
E00120600,108,40,14,26,68,58,10,37.03703703703704,12.962962962962962,24.074074074074073,62.96296296296296,53.70370370370371,9.25925925925926
E00120601,98,26,7,19,72,59,13,26.53061224489796,7.142857142857142,19.387755102040817,73.46938775510205,60.204081632653065,13.26530612244898
E00120602,134,48,16,32,86,68,18,35.82089552238806,11.940298507462686,23.88059701492537,64.17910447761194,50.74626865671642,13.432835820895523
E00169672,202,61,32,29,141,103,38,30.198019801980198,15.841584158415841,14.356435643564355,69.80198019801979,50.99009900990099,18.81188118811881
E00169673,233,73,24,49,160,133,27,31.330472103004293,10.300429184549357,21.030042918454935,68.6695278969957,57.08154506437768,11.587982832618025
E00169674,189,61,26,35,128,104,24,32.27513227513227,13.756613756613756,18.51851851851852,67.72486772486772,55.026455026455025,12.698412698412698
E00169675,156,41,18,23,115,87,28,26.282051282051285,11.538461538461538,14.743589743589745,73.71794871794873,55.769230769230774,17.94871794871795
E00169676,142,36,18,18,106,77,29,25.352112676056336,12.676056338028168,12.676056338028168,74.64788732394366,54.22535211267606,20.422535211267608
E00169677,138,37,25,12,101,73,28,26.811594202898554,18.115942028985508,8.695652173913043,73.18840579710145,52.89855072463768,20.28985507246377
E00169678,180,55,15,40,125,89,36,30.555555555555557,8.333333333333332,22.22222222222222,69.44444444444444,49.44444444444444,20
E00169679,168,46,16,30,122,103,19,27.380952380952383,9.523809523809524,17.857142857142858,72.61904761904762,61.30952380952381,11.30952380952381
E00189336,90,29,8,21,61,44,17,32.22222222222222,8.88888888888889,23.333333333333332,67.77777777777779,48.888888888888886,18.88888888888889
E00189337,146,39,20,19,107,80,27,26.71232876712329,13.698630136986301,13.013698630136986,73.28767123287672,54.794520547945204,18.493150684931507
E00189338,172,38,13,25,134,107,27,22.093023255813954,7.55813953488372,14.534883720930234,77.90697674418605,62.2093023255814,15.69767441860465
E00189342,156,52,28,24,104,73,31,33.33333333333333,17.94871794871795,15.384615384615385,66.66666666666666,46.794871794871796,19.871794871794872
E00189344,139,48,21,27,91,65,26,34.53237410071942,15.107913669064748,19.424460431654676,65.46762589928058,46.76258992805755,18.705035971223023
E00189348,172,50,23,27,122,96,26,29.069767441860467,13.372093023255813,15.69767441860465,70.93023255813954,55.81395348837209,15.11627906976744
E00189350,163,31,14,17,132,109,23,19.018404907975462,8.588957055214724,10.429447852760736,80.98159509202453,66.87116564417178,14.11042944785276
E00189358,114,32,20,12,82,64,18,28.07017543859649,17.543859649122805,10.526315789473683,71.9298245614035,56.14035087719298,15.789473684210526
E00189359,161,20,7,13,141,113,28,12.422360248447205,4.3478260869565215,8.074534161490684,87.5776397515528,70.1863354037267,17.391304347826086
E00189366,166,37,16,21,129,86,43,22.289156626506024,9.63855421686747,12.650602409638553,77.71084337349397,51.80722891566265,25.903614457831324
E00189377,174,17,6,11,157,121,36,9.770114942528735,3.4482758620689653,6.321839080459771,90.22988505747126,69.54022988505747,20.689655172413794
E00189386,119,28,6,22,91,68,23,23.52941176470588,5.042016806722689,18.487394957983195,76.47058823529412,57.14285714285714,19.327731092436977
E00189391,215,58,27,31,157,110,47,26.976744186046513,12.558139534883722,14.418604651162791,73.0232558139535,51.162790697674424,21.86046511627907
E00189393,193,30,14,16,163,137,26,15.544041450777202,7.253886010362693,8.290155440414509,84.4559585492228,70.98445595854922,13.471502590673575
E00189396,179,27,14,13,152,128,24,15.083798882681565,7.82122905027933,7.262569832402235,84.91620111731844,71.50837988826815,13.40782122905028
E00189403,132,22,9,13,110,81,29,16.666666666666664,6.8181818181818175,9.848484848484848,83.33333333333334,61.36363636363637,21.96969696969697
E00189404,149,23,11,12,126,86,40,15.436241610738255,7.38255033557047,8.053691275167784,84.56375838926175,57.71812080536913,26.845637583892618
E00189405,107,28,6,22,79,73,6,26.168224299065418,5.607476635514018,20.5607476635514,73.83177570093457,68.22429906542055,5.607476635514018
E00189407,127,30,12,18,97,80,17,23.62204724409449,9.448818897637794,14.173228346456693,76.37795275590551,62.99212598425197,13.385826771653544
E00189409,130,43,19,24,87,63,24,33.07692307692307,14.615384615384617,18.461538461538463,66.92307692307692,48.46153846153846,18.461538461538463
E00189411,146,17,4,13,129,104,25,11.643835616438356,2.73972602739726,8.904109589041095,88.35616438356165,71.23287671232876,17.123287671232877
E00189421,161,21,10,11,140,117,23,13.043478260869565,6.211180124223603,6.832298136645963,86.95652173913044,72.67080745341616,14.285714285714285
E00189428,95,35,18,17,60,47,13,36.84210526315789,18.947368421052634,17.894736842105264,63.1578947368421,49.473684210526315,13.684210526315791
E00189433,206,55,28,27,151,106,45,26.699029126213592,13.592233009708737,13.106796116504855,73.30097087378641,51.45631067961165,21.844660194174757
E00189434,211,48,13,35,163,136,27,22.748815165876778,6.161137440758294,16.587677725118482,77.25118483412322,64.45497630331754,12.796208530805686
E00189436,179,24,9,15,155,120,35,13.40782122905028,5.027932960893855,8.379888268156424,86.59217877094973,67.0391061452514,19.553072625698324
E00189442,190,57,18,39,133,103,30,30,9.473684210526317,20.526315789473685,70,54.21052631578947,15.789473684210526
