OA,ts0380001,ts0380002,ts0380003,ts0380004,ts0380005,ts0380006,ts0380007,ts0380002_PCT,ts0380003_PCT,ts0380004_PCT,ts0380005_PCT,ts0380006_PCT,ts0380007_PCT
E00091386,269,57,14,43,212,19,193,21.189591078066915,5.204460966542751,15.985130111524162,78.81040892193309,7.063197026022305,71.74721189591078
E00091387,306,40,11,29,266,23,243,13.071895424836603,3.594771241830065,9.477124183006536,86.9281045751634,7.516339869281046,79.41176470588235
E00091388,373,83,34,49,290,33,257,22.25201072386059,9.115281501340483,13.136729222520108,77.7479892761394,8.847184986595174,68.90080428954424
E00091389,251,64,26,38,187,26,161,25.49800796812749,10.358565737051793,15.139442231075698,74.5019920318725,10.358565737051793,64.14342629482071
E00091390,471,78,17,61,393,42,351,16.560509554140125,3.6093418259023355,12.951167728237792,83.43949044585987,8.9171974522293,74.52229299363057
E00091391,330,69,31,38,261,20,241,20.909090909090907,9.393939393939393,11.515151515151516,79.0909090909091,6.0606060606060606,73.03030303030303
E00091392,342,100,37,63,242,25,217,29.239766081871345,10.818713450292398,18.421052631578945,70.76023391812866,7.309941520467836,63.450292397660824
E00091395,367,54,25,29,313,19,294,14.713896457765669,6.811989100817439,7.901907356948229,85.28610354223434,5.177111716621254,80.10899182561307
E00091396,262,67,33,34,195,12,183,25.572519083969464,12.595419847328243,12.977099236641221,74.42748091603053,4.580152671755725,69.8473282442748
E00091397,342,61,22,39,281,29,252,17.83625730994152,6.432748538011696,11.403508771929824,82.16374269005848,8.47953216374269,73.68421052631578
E00091398,236,47,23,24,189,20,169,19.915254237288135,9.745762711864407,10.16949152542373,80.08474576271186,8.47457627118644,71.61016949152543
E00091399,254,47,12,35,207,21,186,18.503937007874015,4.724409448818897,13.779527559055119,81.49606299212599,8.267716535433072,73.22834645669292
E00091400,336,65,26,39,271,24,247,19.345238095238095,7.738095238095238,11.607142857142858,80.65476190476191,7.142857142857142,73.51190476190477
E00091401,390,77,41,36,313,29,284,19.743589743589745,10.512820512820513,9.230769230769232,80.25641025641026,7.435897435897436,72.82051282051282
E00091402,294,40,15,25,254,22,232,13.60544217687075,5.1020408163265305,8.503401360544217,86.39455782312925,7.482993197278912,78.91156462585033
E00091403,360,70,39,31,290,29,261,19.444444444444446,10.833333333333334,8.61111111111111,80.55555555555556,8.055555555555555,72.5
E00091404,306,46,21,25,260,21,239,15.032679738562091,6.862745098039216,8.169934640522875,84.9673202614379,6.862745098039216,78.10457516339869
E00091407,529,68,23,45,461,36,425,12.854442344045369,4.3478260869565215,8.5066162570888455,87.14555765595463,6.805293005671078,80.34026465028356
E00091408,307,44,13,31,263,31,232,14.332247557003258,4.234527687296417,10.097719869706841,85.66775244299674,10.097719869706841,75.57003257328991
E00091409,267,56,23,33,211,28,183,20.973782771535582,8.614232209737828,12.359550561797752,79.02621722846442,10.486891385767791,68.53932584269663
E00091410,310,34,9,25,276,21,255,10.967741935483872,2.903225806451613,8.064516129032258,89.03225806451613,6.774193548387098,82.25806451612904
E00091411,286,71,35,36,215,19,196,24.825174825174827,12.237762237762238,12.587412587412588,75.17482517482517,6.643356643356643,68.53146853146853
E00091412,309,48,17,31,261,37,224,15.53398058252427,5.501618122977346,10.032362459546926,84.46601941747572,11.974110032362459,72.49190938511327
E00091413,285,37,9,28,248,23,225,12.982456140350877,3.1578947368421053,9.824561403508772,87.01754385964912,8.070175438596491,78.94736842105263
E00091414,318,58,21,37,260,33,227,18.238993710691823,6.60377358490566,11.635220125786164,81.76100628930818,10.377358490566039,71.38364779874213
E00091416,286,41,14,27,245,19,226,14.335664335664337,4.895104895104895,9.44055944055944,85.66433566433567,6.643356643356643,79.02097902097903
E00091417,414,69,30,39,345,46,299,16.666666666666664,7.246376811594203,9.420289855072465,83.33333333333334,11.11111111111111,72.22222222222221
E00091418,299,44,16,28,255,33,222,14.715719063545151,5.351170568561873,9.364548494983277,85.28428093645485,11.036789297658862,74.24749163879598
E00091419,166,62,29,33,104,9,95,37.34939759036144,17.46987951807229,19.879518072289155,62.65060240963856,5.421686746987952,57.22891566265061
E00091420,332,59,18,41,273,28,245,17.771084337349397,5.421686746987952,12.349397590361445,82.2289156626506,8.433734939759036,73.79518072289156
E00091421,256,44,14,30,212,30,182,17.1875,5.46875,11.71875,82.8125,11.71875,71.09375
E00091422,299,50,15,35,249,25,224,16.722408026755854,5.016722408026756,11.705685618729097,83.27759197324414,8.361204013377927,74.91638795986621
E00091423,113,15,5,10,98,12,86,13.274336283185843,4.424778761061947,8.849557522123893,86.72566371681415,10.619469026548673,76.10619469026548
E00091424,285,48,20,28,237,23,214,16.842105263157894,7.017543859649122,9.824561403508772,83.15789473684211,8.070175438596491,75.08771929824562
E00091425,419,86,48,38,333,32,301,20.52505966587112,11.455847255369928,9.069212410501192,79.47494033412887,7.637231503579953,71.83770883054893
E00091426,379,61,22,39,318,30,288,16.094986807387862,5.804749340369393,10.29023746701847,83.90501319261213,7.9155672823219,75.98944591029023
E00091427,140,13,6,7,127,15,112,9.285714285714286,4.285714285714286,5,90.71428571428571,10.714285714285714,80
E00091428,347,41,13,28,306,26,280,11.815561959654179,3.7463976945244957,8.069164265129682,88.18443804034582,7.492795389048991,80.69164265129683
E00091429,303,29,12,17,274,39,235,9.570957095709572,3.9603960396039604,5.6105610561056105,90.42904290429043,12.871287128712872,77.55775577557755
E00091430,266,54,26,28,212,31,181,20.30075187969925,9.774436090225564,10.526315789473683,79.69924812030075,11.654135338345863,68.04511278195488
E00091431,335,52,11,41,283,27,256,15.522388059701491,3.2835820895522385,12.238805970149254,84.4776119402985,8.059701492537313,76.4179104477612
E00091432,289,35,7,28,254,26,228,12.110726643598616,2.422145328719723,9.688581314878892,87.88927335640139,8.996539792387544,78.89273356401384
E00091433,348,56,16,40,292,25,267,16.091954022988507,4.597701149425287,11.494252873563218,83.9080459770115,7.183908045977011,76.72413793103449
E00091434,258,67,37,30,191,25,166,25.968992248062015,14.34108527131783,11.627906976744185,74.03100775193798,9.689922480620156,64.34108527131784
E00091435,335,38,11,27,297,25,272,11.343283582089553,3.2835820895522385,8.059701492537313,88.65671641791046,7.462686567164178,81.19402985074626
E00091436,383,86,36,50,297,32,265,22.45430809399478,9.39947780678851,13.054830287206268,77.54569190600522,8.355091383812011,69.19060052219321
E00091437,370,73,24,49,297,21,276,19.72972972972973,6.486486486486487,13.243243243243244,80.27027027027027,5.675675675675676,74.5945945945946
E00091438,305,37,8,29,268,25,243,12.131147540983607,2.622950819672131,9.508196721311474,87.8688524590164,8.19672131147541,79.67213114754098
E00091439,290,40,6,34,250,36,214,13.793103448275861,2.0689655172413794,11.724137931034482,86.20689655172413,12.413793103448276,73.79310344827587
E00091440,278,34,14,20,244,25,219,12.23021582733813,5.0359712230215825,7.1942446043165464,87.76978417266187,8.992805755395683,78.77697841726618
E00091441,309,32,2,30,277,29,248,10.355987055016183,0.6472491909385114,9.70873786407767,89.64401294498381,9.385113268608414,80.2588996763754
E00091442,343,46,6,40,297,31,266,13.411078717201166,1.749271137026239,11.661807580174926,86.58892128279884,9.037900874635568,77.55102040816327
E00091443,308,49,15,34,259,34,225,15.909090909090908,4.870129870129871,11.03896103896104,84.0909090909091,11.03896103896104,73.05194805194806
E00091444,338,48,13,35,290,39,251,14.201183431952662,3.8461538461538463,10.355029585798817,85.79881656804734,11.538461538461538,74.2603550295858
E00091445,222,42,19,23,180,23,157,18.91891891891892,8.558558558558559,10.36036036036036,81.08108108108108,10.36036036036036,70.72072072072072
E00091446,260,60,23,37,200,18,182,23.076923076923077,8.846153846153847,14.23076923076923,76.92307692307693,6.923076923076923,70
E00091447,422,49,18,31,373,29,344,11.61137440758294,4.265402843601896,7.345971563981042,88.38862559241706,6.872037914691943,81.51658767772511
E00091448,169,34,7,27,135,14,121,20.118343195266274,4.142011834319527,15.976331360946746,79.88165680473372,8.284023668639055,71.59763313609467
E00091449,341,46,16,30,295,30,265,13.48973607038123,4.69208211143695,8.797653958944283,86.51026392961877,8.797653958944283,77.71260997067448
E00091450,373,49,18,31,324,27,297,13.136729222520108,4.825737265415549,8.310991957104557,86.8632707774799,7.238605898123325,79.62466487935657
E00091451,153,21,6,15,132,14,118,13.725490196078432,3.9215686274509802,9.803921568627452,86.27450980392157,9.15032679738562,77.12418300653596
E00091452,272,51,26,25,221,25,196,18.75,9.558823529411764,9.191176470588236,81.25,9.191176470588236,72.05882352941177
E00091453,333,74,36,38,259,34,225,22.22222222222222,10.81081081081081,11.411411411411411,77.77777777777779,10.21021021021021,67.56756756756756
E00091454,188,38,16,22,150,17,133,20.212765957446805,8.51063829787234,11.702127659574469,79.7872340425532,9.042553191489363,70.74468085106383
E00091455,233,39,16,23,194,25,169,16.738197424892704,6.866952789699571,9.871244635193133,83.2618025751073,10.72961373390558,72.53218884120172
E00091456,268,48,19,29,220,33,187,17.91044776119403,7.08955223880597,10.820895522388058,82.08955223880598,12.313432835820896,69.77611940298507
E00091457,333,30,7,23,303,24,279,9.00900900900901,2.1021021021021022,6.906906906906906,90.990990990991,7.207207207207207,83.78378378378379
E00091458,138,13,2,11,125,16,109,9.420289855072465,1.4492753623188406,7.971014492753622,90.57971014492753,11.594202898550725,78.98550724637681
E00091459,276,65,26,39,211,14,197,23.55072463768116,9.420289855072465,14.130434782608695,76.44927536231883,5.072463768115942,71.37681159420289
E00091460,312,40,18,22,272,17,255,12.82051282051282,5.769230769230769,7.051282051282051,87.17948717948718,5.448717948717949,81.73076923076923
E00091461,326,65,26,39,261,24,237,19.938650306748464,7.975460122699387,11.96319018404908,80.06134969325154,7.361963190184049,72.69938650306749
E00091462,366,63,25,38,303,33,270,17.21311475409836,6.830601092896176,10.382513661202186,82.78688524590164,9.01639344262295,73.77049180327869
E00091463,311,35,11,24,276,40,236,11.254019292604502,3.536977491961415,7.717041800643088,88.7459807073955,12.861736334405144,75.88424437299035
E00091464,313,44,11,33,269,16,253,14.057507987220447,3.5143769968051117,10.543130990415335,85.94249201277955,5.111821086261981,80.83067092651757
E00091465,254,40,13,27,214,25,189,15.748031496062993,5.118110236220472,10.62992125984252,84.25196850393701,9.84251968503937,74.40944881889764
E00091466,341,43,15,28,298,29,269,12.609970674486803,4.398826979472141,8.211143695014663,87.3900293255132,8.504398826979472,78.88563049853371
E00091467,125,21,5,16,104,8,96,16.8,4,12.8,83.2,6.4,76.8
E00091468,282,36,15,21,246,19,227,12.76595744680851,5.319148936170213,7.446808510638298,87.2340425531915,6.73758865248227,80.49645390070921
E00091469,379,61,19,42,318,40,278,16.094986807387862,5.013192612137203,11.081794195250659,83.90501319261213,10.554089709762533,73.35092348284961
E00091470,425,66,23,43,359,39,320,15.529411764705884,5.411764705882352,10.117647058823529,84.47058823529412,9.176470588235293,75.29411764705883
E00091473,282,35,7,28,247,23,224,12.411347517730496,2.4822695035460995,9.929078014184398,87.58865248226951,8.156028368794328,79.43262411347519
E00091474,290,36,16,20,254,37,217,12.413793103448276,5.517241379310345,6.896551724137931,87.58620689655172,12.758620689655173,74.82758620689656
E00091475,353,68,34,34,285,25,260,19.263456090651555,9.631728045325778,9.631728045325778,80.73654390934844,7.0821529745042495,73.65439093484419
E00091476,281,45,14,31,236,28,208,16.014234875444842,4.98220640569395,11.032028469750891,83.98576512455516,9.9644128113879,74.02135231316726
E00091477,569,54,19,35,515,49,466,9.490333919156415,3.3391915641476277,6.151142355008787,90.50966608084359,8.611599297012303,81.89806678383128
E00091478,571,48,10,38,523,42,481,8.40630472854641,1.7513134851138354,6.654991243432574,91.59369527145358,7.355516637478108,84.23817863397548
E00091480,304,33,12,21,271,39,232,10.855263157894738,3.9473684210526314,6.907894736842106,89.14473684210526,12.828947368421053,76.31578947368422
E00091481,341,52,15,37,289,23,266,15.249266862170089,4.398826979472141,10.850439882697946,84.75073313782991,6.744868035190615,78.00586510263929
E00091482,337,62,18,44,275,26,249,18.397626112759642,5.341246290801187,13.056379821958458,81.60237388724035,7.71513353115727,73.88724035608308
E00091483,267,54,11,43,213,23,190,20.224719101123593,4.119850187265917,16.10486891385768,79.7752808988764,8.614232209737828,71.16104868913857
E00091484,294,62,25,37,232,19,213,21.08843537414966,8.503401360544217,12.585034013605442,78.91156462585033,6.462585034013606,72.44897959183673
E00091485,247,48,17,31,199,26,173,19.4331983805668,6.882591093117409,12.550607287449392,80.5668016194332,10.526315789473683,70.04048582995951
E00091486,273,44,16,28,229,34,195,16.117216117216117,5.86080586080586,10.256410256410255,83.88278388278388,12.454212454212454,71.42857142857143
E00091487,316,54,16,38,262,22,240,17.088607594936708,5.063291139240507,12.025316455696203,82.91139240506328,6.962025316455696,75.9493670886076
E00091488,321,39,14,25,282,25,257,12.149532710280374,4.361370716510903,7.78816199376947,87.85046728971963,7.78816199376947,80.06230529595015
E00091489,253,40,13,27,213,22,191,15.810276679841898,5.138339920948617,10.67193675889328,84.18972332015811,8.695652173913043,75.49407114624506
E00091490,375,68,25,43,307,26,281,18.133333333333333,6.666666666666667,11.466666666666667,81.86666666666666,6.933333333333333,74.93333333333332
E00091491,284,64,31,33,220,23,197,22.535211267605636,10.915492957746478,11.619718309859154,77.46478873239437,8.098591549295776,69.36619718309859
E00091492,394,68,27,41,326,28,298,17.258883248730964,6.852791878172589,10.406091370558377,82.74111675126903,7.1065989847715745,75.63451776649747
E00091493,228,27,8,19,201,19,182,11.842105263157894,3.508771929824561,8.333333333333332,88.1578947368421,8.333333333333332,79.82456140350878
E00091494,470,59,19,40,411,28,383,12.553191489361701,4.042553191489362,8.51063829787234,87.44680851063829,5.957446808510639,81.48936170212767
E00091495,289,35,16,19,254,28,226,12.110726643598616,5.536332179930796,6.5743944636678195,87.88927335640139,9.688581314878892,78.20069204152249
E00091496,170,29,12,17,141,22,119,17.058823529411764,7.0588235294117645,10,82.94117647058825,12.941176470588237,70
E00091497,421,88,38,50,333,29,304,20.902612826603324,9.026128266033254,11.87648456057007,79.09738717339667,6.88836104513064,72.20902612826603
E00091498,337,42,11,31,295,35,260,12.462908011869436,3.2640949554896146,9.198813056379821,87.53709198813057,10.385756676557865,77.1513353115727
E00091499,342,44,14,30,298,39,259,12.865497076023392,4.093567251461988,8.771929824561402,87.13450292397661,11.403508771929824,75.73099415204678
E00091500,302,43,11,32,259,26,233,14.23841059602649,3.642384105960265,10.596026490066226,85.76158940397352,8.609271523178808,77.15231788079471
E00091501,344,45,11,34,299,28,271,13.08139534883721,3.1976744186046515,9.883720930232558,86.9186046511628,8.13953488372093,78.77906976744185
E00091502,345,37,17,20,308,29,279,10.72463768115942,4.9275362318840585,5.797101449275362,89.27536231884058,8.405797101449275,80.8695652173913
E00091503,315,27,5,22,288,32,256,8.571428571428571,1.5873015873015872,6.984126984126984,91.42857142857143,10.158730158730158,81.26984126984127
E00091504,268,41,18,23,227,22,205,15.298507462686567,6.7164179104477615,8.582089552238806,84.70149253731343,8.208955223880597,76.49253731343283
E00091505,310,35,9,26,275,27,248,11.29032258064516,2.903225806451613,8.38709677419355,88.70967741935483,8.709677419354838,80
E00091506,468,83,29,54,385,33,352,17.735042735042736,6.196581196581197,11.538461538461538,82.26495726495726,7.051282051282051,75.21367521367522
E00091507,336,59,21,38,277,26,251,17.559523809523807,6.25,11.30952380952381,82.44047619047619,7.738095238095238,74.70238095238095
E00091509,283,36,13,23,247,30,217,12.7208480565371,4.593639575971731,8.12720848056537,87.27915194346289,10.60070671378092,76.67844522968198
E00091510,415,50,16,34,365,45,320,12.048192771084338,3.8554216867469884,8.19277108433735,87.95180722891565,10.843373493975903,77.10843373493977
E00091511,359,77,34,43,282,25,257,21.448467966573816,9.47075208913649,11.977715877437326,78.55153203342618,6.963788300835655,71.58774373259052
E00091512,277,38,6,32,239,20,219,13.718411552346572,2.166064981949458,11.552346570397113,86.28158844765343,7.2202166064981945,79.06137184115524
E00091513,448,46,17,29,402,43,359,10.267857142857142,3.7946428571428568,6.4732142857142865,89.73214285714286,9.598214285714286,80.13392857142857
E00091514,260,48,12,36,212,28,184,18.461538461538463,4.615384615384616,13.846153846153847,81.53846153846153,10.76923076923077,70.76923076923077
E00091515,268,37,14,23,231,19,212,13.805970149253731,5.223880597014925,8.582089552238806,86.19402985074626,7.08955223880597,79.1044776119403
E00091516,288,72,33,39,216,20,196,25,11.458333333333332,13.541666666666666,75,6.944444444444445,68.05555555555556
E00091517,300,45,17,28,255,25,230,15,5.666666666666666,9.333333333333334,85,8.333333333333332,76.66666666666667
E00091518,269,33,9,24,236,31,205,12.267657992565056,3.3457249070631967,8.921933085501859,87.73234200743495,11.524163568773234,76.2081784386617
E00091519,271,43,14,29,228,27,201,15.867158671586715,5.166051660516605,10.70110701107011,84.13284132841329,9.96309963099631,74.16974169741697
E00091520,336,47,16,31,289,26,263,13.988095238095239,4.761904761904762,9.226190476190476,86.01190476190477,7.738095238095238,78.27380952380952
E00091521,287,39,17,22,248,23,225,13.588850174216027,5.923344947735192,7.665505226480835,86.41114982578398,8.013937282229964,78.397212543554
E00091522,332,65,26,39,267,21,246,19.57831325301205,7.83132530120482,11.74698795180723,80.42168674698796,6.325301204819277,74.09638554216868
E00091524,337,61,20,41,276,31,245,18.100890207715135,5.934718100890208,12.166172106824925,81.89910979228486,9.198813056379821,72.70029673590504
E00091525,321,68,35,33,253,34,219,21.18380062305296,10.903426791277258,10.2803738317757,78.81619937694704,10.59190031152648,68.22429906542055
E00091526,266,54,16,38,212,12,200,20.30075187969925,6.015037593984962,14.285714285714285,79.69924812030075,4.511278195488721,75.18796992481202
E00091527,282,65,26,39,217,18,199,23.04964539007092,9.219858156028367,13.829787234042554,76.95035460992908,6.382978723404255,70.56737588652481
E00091528,411,128,80,48,283,24,259,31.143552311435524,19.464720194647203,11.678832116788321,68.85644768856449,5.839416058394161,63.017031630170315
E00091529,338,73,34,39,265,30,235,21.597633136094675,10.059171597633137,11.538461538461538,78.40236686390533,8.875739644970414,69.5266272189349
E00091530,283,78,44,34,205,26,179,27.56183745583039,15.547703180212014,12.014134275618375,72.43816254416961,9.187279151943462,63.25088339222616
E00091531,264,50,18,32,214,23,191,18.939393939393938,6.8181818181818175,12.121212121212121,81.06060606060606,8.712121212121213,72.34848484848484
E00091532,382,56,24,32,326,17,309,14.659685863874344,6.282722513089005,8.37696335078534,85.34031413612566,4.450261780104712,80.89005235602095
E00091533,364,56,25,31,308,47,261,15.384615384615385,6.868131868131869,8.516483516483516,84.61538461538461,12.912087912087914,71.7032967032967
E00091534,340,97,36,61,243,23,220,28.52941176470588,10.588235294117647,17.941176470588236,71.47058823529412,6.764705882352941,64.70588235294117
E00091535,357,101,53,48,256,29,227,28.291316526610643,14.84593837535014,13.445378151260504,71.70868347338936,8.123249299719888,63.58543417366946
E00091536,262,47,15,32,215,30,185,17.938931297709924,5.7251908396946565,12.213740458015266,82.06106870229007,11.450381679389313,70.61068702290076
E00091537,372,76,34,42,296,22,274,20.43010752688172,9.13978494623656,11.29032258064516,79.56989247311827,5.913978494623656,73.65591397849462
E00091538,365,61,30,31,304,22,282,16.71232876712329,8.21917808219178,8.493150684931507,83.28767123287672,6.027397260273973,77.26027397260275
E00091539,412,66,25,41,346,25,321,16.019417475728158,6.067961165048544,9.951456310679612,83.98058252427184,6.067961165048544,77.9126213592233
E00091540,309,88,61,27,221,20,201,28.478964401294498,19.741100323624593,8.737864077669903,71.52103559870551,6.472491909385113,65.0485436893204
E00091541,371,65,27,38,306,21,285,17.52021563342318,7.277628032345014,10.242587601078167,82.47978436657682,5.660377358490567,76.81940700808624
E00091542,342,51,18,33,291,22,269,14.912280701754385,5.263157894736842,9.649122807017543,85.08771929824562,6.432748538011696,78.65497076023392
E00091543,303,38,19,19,265,17,248,12.541254125412541,6.270627062706271,6.270627062706271,87.45874587458746,5.6105610561056105,81.84818481848185
E00091544,319,56,12,44,263,14,249,17.55485893416928,3.761755485893417,13.793103448275861,82.44514106583071,4.38871473354232,78.0564263322884
E00091545,381,72,31,41,309,14,295,18.89763779527559,8.136482939632545,10.761154855643044,81.10236220472441,3.674540682414698,77.42782152230971
E00091546,334,44,19,25,290,22,268,13.17365269461078,5.688622754491018,7.48502994011976,86.82634730538922,6.58682634730539,80.23952095808383
E00091547,322,40,16,24,282,26,256,12.422360248447205,4.968944099378882,7.453416149068323,87.5776397515528,8.074534161490684,79.5031055900621
E00091548,400,68,26,42,332,18,314,17,6.5,10.5,83,4.5,78.5
E00091549,509,100,43,57,409,20,389,19.646365422396855,8.447937131630647,11.19842829076621,80.35363457760315,3.9292730844793713,76.42436149312377
E00091550,343,55,29,26,288,21,267,16.034985422740526,8.454810495626822,7.580174927113703,83.96501457725948,6.122448979591836,77.84256559766763
E00091551,456,65,24,41,391,20,371,14.25438596491228,5.263157894736842,8.991228070175438,85.74561403508771,4.385964912280701,81.35964912280701
E00091552,344,57,26,31,287,23,264,16.569767441860463,7.55813953488372,9.011627906976743,83.43023255813954,6.686046511627906,76.74418604651163
E00091553,422,69,31,38,353,20,333,16.350710900473935,7.345971563981042,9.004739336492891,83.64928909952607,4.739336492890995,78.90995260663507
E00091554,348,58,25,33,290,23,267,16.666666666666664,7.183908045977011,9.482758620689655,83.33333333333334,6.609195402298851,76.72413793103449
E00091556,364,51,21,30,313,26,287,14.010989010989011,5.769230769230769,8.241758241758241,85.98901098901099,7.142857142857142,78.84615384615384
E00091557,329,47,20,27,282,11,271,14.285714285714285,6.079027355623101,8.206686930091186,85.71428571428571,3.343465045592705,82.37082066869301
E00091558,303,33,11,22,270,26,244,10.891089108910892,3.6303630363036308,7.2607260726072615,89.10891089108911,8.58085808580858,80.52805280528052
E00091559,590,49,15,34,541,41,500,8.305084745762711,2.5423728813559325,5.762711864406779,91.69491525423729,6.9491525423728815,84.7457627118644
E00091560,225,50,21,29,175,16,159,22.22222222222222,9.333333333333334,12.88888888888889,77.77777777777779,7.111111111111111,70.66666666666667
E00091562,420,95,29,66,325,38,287,22.61904761904762,6.904761904761905,15.714285714285714,77.38095238095238,9.047619047619047,68.33333333333333
E00091563,315,37,9,28,278,23,255,11.746031746031745,2.857142857142857,8.88888888888889,88.25396825396825,7.301587301587302,80.95238095238095
E00091564,446,83,36,47,363,27,336,18.609865470852018,8.071748878923767,10.538116591928251,81.39013452914799,6.053811659192825,75.33632286995515
E00091565,256,54,23,31,202,18,184,21.09375,8.984375,12.109375,78.90625,7.03125,71.875
E00091567,422,121,57,64,301,32,269,28.672985781990523,13.507109004739338,15.165876777251185,71.32701421800948,7.5829383886255926,63.74407582938388
E00091568,370,47,18,29,323,31,292,12.702702702702704,4.864864864864865,7.837837837837839,87.29729729729729,8.378378378378379,78.91891891891892
E00091571,239,58,24,34,181,16,165,24.267782426778243,10.0418410041841,14.225941422594143,75.73221757322176,6.694560669456067,69.0376569037657
E00091572,316,43,16,27,273,21,252,13.60759493670886,5.063291139240507,8.544303797468354,86.39240506329115,6.6455696202531636,79.74683544303798
E00091573,278,25,8,17,253,20,233,8.992805755395683,2.877697841726619,6.115107913669065,91.00719424460432,7.1942446043165464,83.81294964028777
E00091574,328,37,11,26,291,32,259,11.28048780487805,3.353658536585366,7.926829268292683,88.71951219512195,9.75609756097561,78.96341463414635
E00091575,281,17,5,12,264,30,234,6.049822064056939,1.7793594306049825,4.270462633451958,93.95017793594306,10.676156583629894,83.27402135231317
E00091576,280,26,7,19,254,32,222,9.285714285714286,2.5,6.785714285714286,90.71428571428571,11.428571428571429,79.28571428571428
E00091578,262,49,13,36,213,31,182,18.702290076335878,4.961832061068702,13.740458015267176,81.29770992366412,11.83206106870229,69.46564885496184
E00091579,257,32,13,19,225,13,212,12.45136186770428,5.058365758754864,7.392996108949417,87.54863813229572,5.058365758754864,82.49027237354085
E00091580,333,38,13,25,295,20,275,11.411411411411411,3.903903903903904,7.5075075075075075,88.58858858858859,6.006006006006006,82.58258258258259
E00091581,258,36,9,27,222,22,200,13.953488372093023,3.488372093023256,10.465116279069768,86.04651162790698,8.527131782945736,77.51937984496125
E00091582,321,44,8,36,277,29,248,13.707165109034266,2.4922118380062304,11.214953271028037,86.29283489096574,9.034267912772584,77.25856697819314
E00091583,246,48,20,28,198,25,173,19.51219512195122,8.130081300813007,11.38211382113821,80.48780487804879,10.16260162601626,70.32520325203252
E00091584,275,25,5,20,250,16,234,9.090909090909092,1.8181818181818181,7.2727272727272725,90.9090909090909,5.818181818181818,85.0909090909091
E00091585,312,35,11,24,277,26,251,11.217948717948719,3.5256410256410255,7.6923076923076925,88.78205128205127,8.333333333333332,80.44871794871796
E00091586,284,50,20,30,234,26,208,17.6056338028169,7.042253521126761,10.56338028169014,82.3943661971831,9.15492957746479,73.23943661971832
E00091587,255,22,6,16,233,23,210,8.627450980392156,2.3529411764705883,6.2745098039215685,91.37254901960785,9.019607843137255,82.35294117647058
E00091588,354,34,19,15,320,53,267,9.6045197740113,5.367231638418079,4.23728813559322,90.3954802259887,14.971751412429379,75.42372881355932
E00091589,300,36,9,27,264,27,237,12,3,9,88,9,79
E00091590,311,37,13,24,274,26,248,11.89710610932476,4.180064308681672,7.717041800643088,88.10289389067523,8.360128617363344,79.7427652733119
E00091591,362,52,18,34,310,37,273,14.3646408839779,4.972375690607735,9.392265193370166,85.6353591160221,10.220994475138122,75.41436464088397
E00091592,247,42,15,27,205,20,185,17.00404858299595,6.0728744939271255,10.931174089068826,82.99595141700405,8.097165991902834,74.89878542510121
E00091593,262,30,11,19,232,21,211,11.450381679389313,4.198473282442748,7.251908396946565,88.54961832061069,8.015267175572518,80.53435114503816
E00091595,315,47,20,27,268,26,242,14.920634920634921,6.349206349206349,8.571428571428571,85.07936507936508,8.253968253968253,76.82539682539684
E00091596,288,54,32,22,234,23,211,18.75,11.11111111111111,7.638888888888889,81.25,7.986111111111111,73.26388888888889
E00091597,277,55,18,37,222,15,207,19.855595667870034,6.4981949458483745,13.357400722021662,80.14440433212997,5.415162454873646,74.72924187725631
E00091598,298,49,17,32,249,22,227,16.44295302013423,5.704697986577181,10.738255033557047,83.55704697986577,7.38255033557047,76.1744966442953
E00091599,351,54,13,41,297,25,272,15.384615384615385,3.7037037037037033,11.68091168091168,84.61538461538461,7.122507122507122,77.49287749287748
E00091600,485,95,40,55,390,39,351,19.587628865979383,8.24742268041237,11.34020618556701,80.41237113402062,8.041237113402062,72.37113402061856
E00091601,241,63,26,37,178,17,161,26.141078838174277,10.78838174273859,15.352697095435685,73.85892116182573,7.053941908713693,66.80497925311202
E00091602,266,57,19,38,209,25,184,21.428571428571427,7.142857142857142,14.285714285714285,78.57142857142857,9.398496240601503,69.17293233082707
E00091603,580,66,16,50,514,52,462,11.379310344827587,2.7586206896551726,8.620689655172415,88.62068965517241,8.96551724137931,79.65517241379311
E00091604,375,61,14,47,314,32,282,16.266666666666666,3.733333333333334,12.533333333333333,83.73333333333333,8.533333333333333,75.2
E00091605,192,40,14,26,152,15,137,20.833333333333336,7.291666666666667,13.541666666666666,79.16666666666666,7.8125,71.35416666666666
E00091606,417,63,21,42,354,40,314,15.107913669064748,5.0359712230215825,10.071942446043165,84.89208633093526,9.59232613908873,75.29976019184652
E00091607,495,72,25,47,423,46,377,14.545454545454545,5.05050505050505,9.494949494949495,85.45454545454545,9.292929292929292,76.16161616161617
E00091608,370,83,35,48,287,25,262,22.432432432432435,9.45945945945946,12.972972972972974,77.56756756756756,6.756756756756757,70.8108108108108
E00091609,327,65,30,35,262,25,237,19.877675840978593,9.174311926605505,10.703363914373089,80.1223241590214,7.64525993883792,72.47706422018348
E00091610,233,40,11,29,193,25,168,17.167381974248926,4.721030042918455,12.446351931330472,82.83261802575107,10.72961373390558,72.1030042918455
E00091611,338,50,20,30,288,29,259,14.792899408284024,5.9171597633136095,8.875739644970414,85.20710059171599,8.579881656804734,76.62721893491124
E00091612,302,57,18,39,245,20,225,18.874172185430464,5.960264900662252,12.91390728476821,81.12582781456953,6.622516556291391,74.50331125827815
E00091613,323,68,24,44,255,28,227,21.052631578947366,7.430340557275541,13.622291021671826,78.94736842105263,8.6687306501548,70.27863777089783
E00091614,317,55,19,36,262,26,236,17.350157728706623,5.993690851735016,11.35646687697161,82.64984227129337,8.201892744479496,74.44794952681389
E00091615,255,57,35,22,198,19,179,22.35294117647059,13.725490196078432,8.627450980392156,77.64705882352942,7.450980392156863,70.19607843137254
E00091616,365,104,44,60,261,30,231,28.493150684931507,12.054794520547945,16.43835616438356,71.5068493150685,8.21917808219178,63.287671232876704
E00091617,251,55,21,34,196,23,173,21.91235059760956,8.366533864541832,13.545816733067728,78.08764940239044,9.163346613545817,68.92430278884463
E00091618,310,48,15,33,262,29,233,15.483870967741936,4.838709677419355,10.64516129032258,84.51612903225806,9.35483870967742,75.16129032258064
E00091619,383,68,31,37,315,34,281,17.75456919060052,8.093994778067886,9.660574412532636,82.24543080939948,8.87728459530026,73.36814621409921
E00091620,265,71,29,42,194,24,170,26.79245283018868,10.943396226415095,15.849056603773585,73.20754716981132,9.056603773584905,64.15094339622641
E00091621,321,56,20,36,265,41,224,17.445482866043612,6.230529595015576,11.214953271028037,82.55451713395638,12.77258566978193,69.78193146417445
E00091622,249,64,26,38,185,17,168,25.702811244979916,10.441767068273093,15.261044176706829,74.29718875502009,6.827309236947792,67.46987951807229
E00091623,275,58,16,42,217,29,188,21.09090909090909,5.818181818181818,15.272727272727273,78.9090909090909,10.545454545454545,68.36363636363636
E00091624,308,74,32,42,234,22,212,24.025974025974026,10.38961038961039,13.636363636363635,75.97402597402598,7.142857142857142,68.83116883116884
E00091626,313,40,15,25,273,19,254,12.779552715654951,4.792332268370607,7.987220447284344,87.22044728434504,6.070287539936102,81.15015974440894
E00091627,413,59,16,43,354,26,328,14.285714285714285,3.87409200968523,10.411622276029057,85.71428571428571,6.2953995157385,79.41888619854721
E00091628,342,37,10,27,305,24,281,10.818713450292398,2.923976608187134,7.894736842105263,89.18128654970761,7.017543859649122,82.16374269005848
E00091629,280,45,17,28,235,25,210,16.071428571428573,6.071428571428571,10,83.92857142857143,8.928571428571429,75
E00091630,296,33,10,23,263,26,237,11.14864864864865,3.3783783783783785,7.77027027027027,88.85135135135135,8.783783783783784,80.06756756756756
E00091631,151,25,8,17,126,15,111,16.55629139072848,5.298013245033113,11.258278145695364,83.44370860927152,9.933774834437086,73.50993377483444
E00091632,191,24,10,14,167,26,141,12.56544502617801,5.2356020942408374,7.329842931937172,87.43455497382199,13.612565445026178,73.82198952879581
E00091633,207,42,17,25,165,10,155,20.28985507246377,8.212560386473431,12.077294685990339,79.71014492753623,4.830917874396135,74.8792270531401
E00091634,287,37,6,31,250,26,224,12.89198606271777,2.0905923344947737,10.801393728222997,87.10801393728222,9.059233449477352,78.04878048780488
E00091635,285,30,5,25,255,31,224,10.526315789473683,1.7543859649122806,8.771929824561402,89.47368421052632,10.87719298245614,78.59649122807018
E00091636,303,53,17,36,250,24,226,17.491749174917494,5.6105610561056105,11.881188118811881,82.50825082508251,7.920792079207921,74.58745874587459
E00091637,169,18,5,13,151,26,125,10.650887573964498,2.9585798816568047,7.6923076923076925,89.3491124260355,15.384615384615385,73.96449704142012
E00091638,261,41,6,35,220,30,190,15.708812260536398,2.2988505747126435,13.409961685823754,84.2911877394636,11.494252873563218,72.79693486590038
E00091639,218,33,8,25,185,25,160,15.137614678899084,3.669724770642202,11.46788990825688,84.86238532110092,11.46788990825688,73.39449541284404
E00091640,278,40,13,27,238,18,220,14.388489208633093,4.676258992805756,9.712230215827338,85.61151079136691,6.474820143884892,79.13669064748201
E00091641,240,47,18,29,193,14,179,19.583333333333332,7.5,12.083333333333334,80.41666666666667,5.833333333333333,74.58333333333333
E00091642,515,66,16,50,449,45,404,12.815533980582524,3.1067961165048543,9.70873786407767,87.18446601941747,8.737864077669903,78.44660194174757
E00091643,330,38,14,24,292,33,259,11.515151515151516,4.242424242424243,7.2727272727272725,88.48484848484848,10,78.48484848484848
E00091644,209,22,7,15,187,19,168,10.526315789473683,3.349282296650718,7.177033492822966,89.47368421052632,9.090909090909092,80.38277511961722
E00091645,192,34,11,23,158,16,142,17.708333333333336,5.729166666666666,11.979166666666668,82.29166666666666,8.333333333333332,73.95833333333334
E00091646,217,28,9,19,189,18,171,12.903225806451612,4.147465437788019,8.755760368663594,87.09677419354838,8.294930875576037,78.80184331797236
E00091647,266,36,11,25,230,17,213,13.533834586466165,4.135338345864661,9.398496240601503,86.46616541353383,6.390977443609022,80.07518796992481
E00091648,268,51,20,31,217,37,180,19.029850746268657,7.462686567164178,11.567164179104477,80.97014925373134,13.805970149253731,67.16417910447761
E00091649,298,29,7,22,269,19,250,9.731543624161073,2.348993288590604,7.38255033557047,90.26845637583892,6.375838926174497,83.89261744966443
E00091650,347,65,21,44,282,32,250,18.73198847262248,6.051873198847262,12.680115273775217,81.26801152737752,9.221902017291066,72.04610951008645
E00091651,217,70,45,25,147,9,138,32.25806451612903,20.737327188940093,11.52073732718894,67.74193548387096,4.147465437788019,63.594470046082954
E00091652,226,57,21,36,169,22,147,25.221238938053098,9.29203539823009,15.929203539823009,74.77876106194691,9.734513274336283,65.04424778761062
E00091653,312,66,28,38,246,28,218,21.153846153846153,8.974358974358974,12.179487179487179,78.84615384615384,8.974358974358974,69.87179487179486
E00091654,345,59,21,38,286,35,251,17.101449275362317,6.086956521739131,11.014492753623188,82.89855072463767,10.144927536231885,72.7536231884058
E00091655,320,53,21,32,267,23,244,16.5625,6.5625,10,83.4375,7.187499999999999,76.25
E00091656,177,100,55,45,77,16,61,56.49717514124294,31.07344632768362,25.423728813559322,43.50282485875706,9.03954802259887,34.463276836158194
E00091657,225,62,33,29,163,17,146,27.555555555555557,14.666666666666666,12.88888888888889,72.44444444444444,7.555555555555555,64.88888888888889
E00091659,324,54,15,39,270,33,237,16.666666666666664,4.62962962962963,12.037037037037036,83.33333333333334,10.185185185185185,73.14814814814815
E00091660,188,38,16,22,150,21,129,20.212765957446805,8.51063829787234,11.702127659574469,79.7872340425532,11.170212765957446,68.61702127659575
E00091662,318,53,31,22,265,17,248,16.666666666666664,9.748427672955975,6.918238993710692,83.33333333333334,5.345911949685535,77.9874213836478
E00091663,250,33,13,20,217,19,198,13.200000000000001,5.2,8,86.8,7.6,79.2
E00091664,307,39,11,28,268,15,253,12.703583061889251,3.5830618892508146,9.120521172638437,87.29641693811075,4.88599348534202,82.41042345276874
E00091665,358,55,24,31,303,32,271,15.363128491620111,6.70391061452514,8.659217877094973,84.63687150837988,8.938547486033519,75.69832402234637
E00091666,264,44,25,19,220,13,207,16.666666666666664,9.469696969696969,7.196969696969697,83.33333333333334,4.924242424242424,78.4090909090909
E00091668,301,34,13,21,267,23,244,11.295681063122924,4.318936877076411,6.976744186046512,88.70431893687709,7.641196013289036,81.06312292358804
E00091669,266,38,15,23,228,19,209,14.285714285714285,5.639097744360902,8.646616541353383,85.71428571428571,7.142857142857142,78.57142857142857
E00091670,361,74,37,37,287,27,260,20.498614958448755,10.249307479224377,10.249307479224377,79.50138504155125,7.479224376731302,72.02216066481995
E00091671,301,53,23,30,248,26,222,17.60797342192691,7.641196013289036,9.966777408637874,82.39202657807309,8.637873754152823,73.75415282392026
E00091672,229,63,28,35,166,19,147,27.510917030567683,12.22707423580786,15.283842794759824,72.48908296943232,8.296943231441048,64.19213973799127
E00091674,223,44,20,24,179,26,153,19.730941704035875,8.968609865470851,10.762331838565023,80.26905829596413,11.659192825112108,68.60986547085201
E00091675,302,42,9,33,260,34,226,13.90728476821192,2.980132450331126,10.927152317880795,86.09271523178808,11.258278145695364,74.83443708609272
E00091676,254,34,13,21,220,26,194,13.385826771653544,5.118110236220472,8.267716535433072,86.61417322834646,10.236220472440944,76.37795275590551
E00091677,320,41,11,30,279,20,259,12.812499999999998,3.4375000000000004,9.375,87.1875,6.25,80.9375
E00091678,268,49,19,30,219,19,200,18.28358208955224,7.08955223880597,11.194029850746269,81.71641791044776,7.08955223880597,74.6268656716418
E00091679,324,57,23,34,267,29,238,17.59259259259259,7.098765432098765,10.493827160493826,82.4074074074074,8.950617283950617,73.4567901234568
E00091680,412,56,20,36,356,29,327,13.592233009708737,4.854368932038835,8.737864077669903,86.40776699029125,7.038834951456311,79.36893203883496
E00091681,306,41,18,23,265,28,237,13.398692810457517,5.88235294117647,7.516339869281046,86.60130718954248,9.15032679738562,77.45098039215686
E00091682,297,32,7,25,265,27,238,10.774410774410773,2.356902356902357,8.417508417508419,89.22558922558923,9.090909090909092,80.13468013468014
E00091683,363,46,10,36,317,28,289,12.672176308539946,2.7548209366391188,9.917355371900827,87.32782369146005,7.7134986225895315,79.61432506887053
E00091684,298,50,10,40,248,15,233,16.778523489932887,3.3557046979865772,13.422818791946309,83.22147651006712,5.033557046979865,78.18791946308725
E00091685,342,50,14,36,292,27,265,14.619883040935672,4.093567251461988,10.526315789473683,85.38011695906432,7.894736842105263,77.48538011695906
E00091686,149,34,14,20,115,22,93,22.818791946308725,9.395973154362416,13.422818791946309,77.18120805369128,14.76510067114094,62.41610738255034
E00091687,267,30,10,20,237,26,211,11.235955056179774,3.7453183520599254,7.490636704119851,88.76404494382022,9.737827715355806,79.02621722846442
E00091688,337,42,9,33,295,30,265,12.462908011869436,2.6706231454005933,9.792284866468842,87.53709198813057,8.902077151335313,78.63501483679525
E00091689,335,46,20,26,289,29,260,13.73134328358209,5.970149253731343,7.761194029850746,86.26865671641791,8.656716417910449,77.61194029850746
E00091690,308,35,7,28,273,23,250,11.363636363636363,2.272727272727273,9.090909090909092,88.63636363636364,7.467532467532467,81.16883116883116
E00091691,257,48,17,31,209,17,192,18.67704280155642,6.614785992217899,12.062256809338521,81.32295719844358,6.614785992217899,74.70817120622569
E00091692,285,39,16,23,246,19,227,13.684210526315791,5.614035087719298,8.070175438596491,86.31578947368422,6.666666666666667,79.64912280701755
E00091693,211,32,8,24,179,19,160,15.165876777251185,3.7914691943127963,11.374407582938389,84.83412322274881,9.004739336492891,75.82938388625593
E00091694,269,39,10,29,230,25,205,14.49814126394052,3.717472118959108,10.780669144981413,85.50185873605948,9.293680297397769,76.2081784386617
E00091695,274,37,10,27,237,24,213,13.503649635036496,3.64963503649635,9.854014598540147,86.4963503649635,8.75912408759124,77.73722627737226
E00091696,354,36,14,22,318,23,295,10.16949152542373,3.954802259887006,6.214689265536723,89.83050847457628,6.497175141242938,83.33333333333334
E00091697,379,78,44,34,301,36,265,20.58047493403694,11.609498680738787,8.970976253298153,79.41952506596306,9.498680738786279,69.92084432717678
E00091698,344,41,22,19,303,33,270,11.918604651162791,6.395348837209303,5.523255813953488,88.0813953488372,9.593023255813954,78.48837209302324
E00091699,293,54,19,35,239,25,214,18.43003412969283,6.484641638225256,11.945392491467576,81.56996587030717,8.532423208191126,73.03754266211604
E00091700,317,40,17,23,277,29,248,12.618296529968454,5.3627760252365935,7.255520504731862,87.38170347003155,9.14826498422713,78.23343848580441
E00091701,287,47,21,26,240,23,217,16.376306620209057,7.317073170731707,9.059233449477352,83.62369337979094,8.013937282229964,75.60975609756098
E00091702,351,57,23,34,294,22,272,16.23931623931624,6.552706552706552,9.686609686609685,83.76068376068376,6.267806267806268,77.49287749287748
E00091703,367,106,53,53,261,20,241,28.882833787465938,14.441416893732969,14.441416893732969,71.11716621253406,5.449591280653951,65.66757493188011
E00091704,348,55,24,31,293,27,266,15.804597701149426,6.896551724137931,8.908045977011495,84.19540229885058,7.758620689655173,76.4367816091954
E00091705,280,41,8,33,239,28,211,14.642857142857144,2.857142857142857,11.785714285714285,85.35714285714285,10,75.35714285714286
E00091706,250,106,48,58,144,17,127,42.4,19.2,23.200000000000003,57.599999999999994,6.800000000000001,50.8
E00091707,421,42,21,21,379,36,343,9.97624703087886,4.98812351543943,4.98812351543943,90.02375296912113,8.551068883610451,81.47268408551069
E00091708,320,30,4,26,290,19,271,9.375,1.25,8.125,90.625,5.9375,84.6875
E00091709,464,108,26,82,356,41,315,23.275862068965516,5.603448275862069,17.67241379310345,76.72413793103449,8.836206896551724,67.88793103448276
E00091710,288,61,22,39,227,33,194,21.180555555555554,7.638888888888889,13.541666666666666,78.81944444444444,11.458333333333332,67.36111111111111
E00091711,300,54,22,32,246,32,214,18,7.333333333333333,10.666666666666668,82,10.666666666666668,71.33333333333334
E00091712,227,67,39,28,160,14,146,29.515418502202646,17.180616740088105,12.334801762114537,70.48458149779736,6.167400881057269,64.31718061674009
E00091713,284,78,35,43,206,20,186,27.464788732394368,12.323943661971832,15.140845070422534,72.53521126760563,7.042253521126761,65.49295774647888
E00091714,296,53,24,29,243,25,218,17.905405405405407,8.108108108108109,9.797297297297296,82.0945945945946,8.445945945945946,73.64864864864865
E00091715,350,66,30,36,284,23,261,18.857142857142858,8.571428571428571,10.285714285714285,81.14285714285714,6.571428571428571,74.57142857142857
E00091716,297,55,28,27,242,27,215,18.51851851851852,9.427609427609427,9.090909090909092,81.48148148148148,9.090909090909092,72.39057239057239
E00091717,362,71,25,46,291,18,273,19.613259668508288,6.906077348066299,12.70718232044199,80.38674033149171,4.972375690607735,75.41436464088397
E00091718,243,54,28,26,189,15,174,22.22222222222222,11.522633744855968,10.699588477366255,77.77777777777779,6.172839506172839,71.60493827160494
E00091720,225,40,7,33,185,22,163,17.77777777777778,3.111111111111111,14.666666666666666,82.22222222222221,9.777777777777779,72.44444444444444
E00091721,278,41,14,27,237,28,209,14.748201438848922,5.0359712230215825,9.712230215827338,85.25179856115108,10.071942446043165,75.17985611510791
E00091722,276,59,22,37,217,16,201,21.3768115942029,7.971014492753622,13.405797101449277,78.62318840579711,5.797101449275362,72.82608695652173
E00091723,215,48,20,28,167,21,146,22.325581395348838,9.30232558139535,13.023255813953488,77.67441860465117,9.767441860465116,67.90697674418604
E00091724,280,39,17,22,241,15,226,13.928571428571429,6.071428571428571,7.857142857142857,86.07142857142858,5.357142857142857,80.71428571428572
E00091725,282,46,9,37,236,24,212,16.312056737588655,3.1914893617021276,13.120567375886525,83.68794326241135,8.51063829787234,75.177304964539
E00091726,326,63,19,44,263,25,238,19.32515337423313,5.828220858895705,13.496932515337424,80.67484662576688,7.668711656441718,73.00613496932516
E00091727,285,78,31,47,207,21,186,27.368421052631582,10.87719298245614,16.49122807017544,72.63157894736842,7.368421052631578,65.26315789473685
E00091728,312,59,27,32,253,22,231,18.91025641025641,8.653846153846153,10.256410256410255,81.08974358974359,7.051282051282051,74.03846153846155
E00091729,348,45,21,24,303,27,276,12.931034482758621,6.0344827586206895,6.896551724137931,87.06896551724138,7.758620689655173,79.3103448275862
E00091730,368,54,23,31,314,22,292,14.673913043478262,6.25,8.423913043478262,85.32608695652173,5.978260869565218,79.34782608695652
E00091731,482,65,26,39,417,40,377,13.485477178423237,5.394190871369295,8.091286307053942,86.51452282157676,8.29875518672199,78.21576763485477
E00091732,284,64,29,35,220,30,190,22.535211267605636,10.211267605633804,12.323943661971832,77.46478873239437,10.56338028169014,66.90140845070422
E00091733,261,36,12,24,225,15,210,13.793103448275861,4.597701149425287,9.195402298850574,86.20689655172413,5.747126436781609,80.45977011494253
E00091734,287,45,11,34,242,18,224,15.6794425087108,3.8327526132404177,11.846689895470384,84.3205574912892,6.2717770034843205,78.04878048780488
E00091735,337,53,22,31,284,24,260,15.727002967359049,6.528189910979229,9.198813056379821,84.27299703264094,7.121661721068249,77.1513353115727
E00091736,171,28,10,18,143,14,129,16.374269005847953,5.847953216374268,10.526315789473683,83.62573099415205,8.187134502923977,75.43859649122807
E00091737,253,47,18,29,206,24,182,18.57707509881423,7.114624505928854,11.462450592885375,81.42292490118577,9.486166007905137,71.93675889328063
E00091738,265,55,19,36,210,20,190,20.754716981132077,7.169811320754717,13.584905660377359,79.24528301886792,7.547169811320755,71.69811320754717
E00091739,324,63,14,49,261,37,224,19.444444444444446,4.320987654320987,15.123456790123457,80.55555555555556,11.419753086419753,69.1358024691358
E00091740,274,38,13,25,236,29,207,13.86861313868613,4.744525547445255,9.124087591240876,86.13138686131386,10.583941605839415,75.54744525547446
E00091741,361,69,26,43,292,25,267,19.113573407202217,7.202216066481995,11.911357340720222,80.88642659279779,6.9252077562326875,73.9612188365651
E00091742,321,57,23,34,264,22,242,17.75700934579439,7.165109034267912,10.59190031152648,82.2429906542056,6.853582554517133,75.38940809968847
E00091743,365,62,29,33,303,18,285,16.986301369863014,7.9452054794520555,9.04109589041096,83.01369863013699,4.931506849315069,78.08219178082192
E00091744,265,62,24,38,203,12,191,23.39622641509434,9.056603773584905,14.339622641509434,76.60377358490567,4.528301886792453,72.0754716981132
E00091745,292,56,24,32,236,25,211,19.17808219178082,8.21917808219178,10.95890410958904,80.82191780821918,8.561643835616438,72.26027397260275
E00091746,297,61,26,35,236,17,219,20.53872053872054,8.754208754208754,11.784511784511785,79.46127946127946,5.723905723905724,73.73737373737373
E00091747,286,50,24,26,236,23,213,17.482517482517483,8.391608391608392,9.090909090909092,82.51748251748252,8.041958041958042,74.47552447552448
E00091749,270,79,46,33,191,35,156,29.259259259259256,17.037037037037038,12.222222222222221,70.74074074074073,12.962962962962962,57.77777777777777
E00091750,286,48,15,33,238,18,220,16.783216783216783,5.244755244755245,11.538461538461538,83.21678321678321,6.293706293706294,76.92307692307693
E00091751,319,46,8,38,273,23,250,14.420062695924765,2.507836990595611,11.912225705329153,85.57993730407524,7.210031347962382,78.36990595611285
E00091752,286,59,18,41,227,18,209,20.62937062937063,6.293706293706294,14.335664335664337,79.37062937062937,6.293706293706294,73.07692307692307
E00091753,373,61,16,45,312,26,286,16.353887399463808,4.289544235924933,12.064343163538874,83.6461126005362,6.970509383378016,76.67560321715817
E00091754,311,61,30,31,250,25,225,19.614147909967848,9.646302250803858,9.967845659163988,80.38585209003215,8.038585209003216,72.34726688102894
E00091755,293,33,14,19,260,21,239,11.262798634812286,4.778156996587031,6.484641638225256,88.73720136518772,7.167235494880546,81.56996587030717
E00091756,265,46,12,34,219,22,197,17.358490566037734,4.528301886792453,12.830188679245284,82.64150943396227,8.30188679245283,74.33962264150942
E00091757,355,77,32,45,278,25,253,21.69014084507042,9.014084507042254,12.676056338028168,78.30985915492957,7.042253521126761,71.26760563380282
E00091758,317,60,27,33,257,19,238,18.92744479495268,8.517350157728707,10.410094637223976,81.07255520504731,5.993690851735016,75.0788643533123
E00091759,356,83,40,43,273,29,244,23.314606741573034,11.235955056179774,12.07865168539326,76.68539325842697,8.146067415730338,68.53932584269663
E00091760,253,32,6,26,221,21,200,12.648221343873518,2.371541501976284,10.276679841897234,87.35177865612648,8.300395256916996,79.05138339920948
E00091761,319,45,18,27,274,29,245,14.106583072100312,5.6426332288401255,8.463949843260188,85.8934169278997,9.090909090909092,76.8025078369906
E00091763,255,43,16,27,212,23,189,16.862745098039216,6.2745098039215685,10.588235294117647,83.13725490196079,9.019607843137255,74.11764705882354
E00091764,371,49,15,34,322,39,283,13.20754716981132,4.0431266846361185,9.164420485175203,86.79245283018868,10.512129380053908,76.28032345013477
E00091765,242,80,42,38,162,15,147,33.057851239669425,17.355371900826448,15.702479338842975,66.94214876033058,6.198347107438017,60.74380165289256
E00091766,292,44,17,27,248,31,217,15.068493150684931,5.821917808219178,9.246575342465754,84.93150684931507,10.616438356164384,74.31506849315068
E00091767,215,57,31,26,158,16,142,26.51162790697674,14.418604651162791,12.093023255813954,73.48837209302326,7.441860465116279,66.04651162790698
E00091768,209,41,14,27,168,19,149,19.617224880382775,6.698564593301436,12.918660287081341,80.38277511961722,9.090909090909092,71.29186602870813
E00091769,272,37,16,21,235,24,211,13.602941176470587,5.88235294117647,7.720588235294118,86.39705882352942,8.823529411764707,77.57352941176471
E00091770,332,46,12,34,286,31,255,13.855421686746988,3.614457831325301,10.240963855421686,86.14457831325302,9.33734939759036,76.80722891566265
E00091771,192,27,5,22,165,24,141,14.0625,2.604166666666667,11.458333333333332,85.9375,12.5,73.4375
E00091772,331,45,11,34,286,36,250,13.595166163141995,3.3232628398791544,10.27190332326284,86.404833836858,10.876132930513595,75.52870090634441
E00091773,309,48,14,34,261,23,238,15.53398058252427,4.53074433656958,11.003236245954692,84.46601941747572,7.443365695792881,77.02265372168284
E00091774,360,48,19,29,312,34,278,13.333333333333334,5.277777777777778,8.055555555555555,86.66666666666667,9.444444444444445,77.22222222222223
E00091775,266,73,37,36,193,18,175,27.44360902255639,13.909774436090224,13.533834586466165,72.55639097744361,6.7669172932330826,65.78947368421053
E00091776,274,47,17,30,227,19,208,17.153284671532848,6.204379562043796,10.948905109489052,82.84671532846716,6.934306569343065,75.91240875912408
E00091777,342,48,14,34,294,30,264,14.035087719298245,4.093567251461988,9.941520467836257,85.96491228070175,8.771929824561402,77.19298245614034
E00091778,314,61,31,30,253,26,227,19.426751592356688,9.872611464968154,9.554140127388536,80.57324840764332,8.280254777070063,72.29299363057325
E00091779,288,40,10,30,248,32,216,13.88888888888889,3.4722222222222223,10.416666666666668,86.11111111111111,11.11111111111111,75
E00091780,299,48,18,30,251,32,219,16.05351170568562,6.0200668896321075,10.033444816053512,83.94648829431438,10.702341137123746,73.24414715719062
E00091781,308,43,13,30,265,27,238,13.96103896103896,4.220779220779221,9.740259740259742,86.03896103896103,8.766233766233766,77.27272727272727
E00091783,258,40,11,29,218,24,194,15.503875968992247,4.263565891472868,11.24031007751938,84.49612403100775,9.30232558139535,75.1937984496124
E00091784,324,75,30,45,249,27,222,23.14814814814815,9.25925925925926,13.88888888888889,76.85185185185185,8.333333333333332,68.51851851851852
E00091785,339,56,20,36,283,24,259,16.519174041297934,5.899705014749262,10.619469026548673,83.48082595870207,7.079646017699115,76.40117994100295
E00091786,439,68,30,38,371,36,335,15.489749430523919,6.83371298405467,8.656036446469248,84.51025056947609,8.200455580865604,76.30979498861048
E00091787,298,49,15,34,249,27,222,16.44295302013423,5.033557046979865,11.409395973154362,83.55704697986577,9.060402684563758,74.49664429530202
E00091788,303,36,11,25,267,27,240,11.881188118811881,3.6303630363036308,8.25082508250825,88.11881188118812,8.91089108910891,79.20792079207921
E00091789,207,55,29,26,152,25,127,26.570048309178745,14.009661835748794,12.560386473429952,73.42995169082126,12.077294685990339,61.35265700483091
E00091790,249,60,25,35,189,21,168,24.096385542168676,10.040160642570282,14.056224899598394,75.90361445783132,8.433734939759036,67.46987951807229
E00091791,527,63,23,40,464,42,422,11.954459203036052,4.364326375711575,7.590132827324478,88.04554079696395,7.969639468690702,80.07590132827325
E00091792,377,64,23,41,313,27,286,16.976127320954905,6.10079575596817,10.875331564986737,83.0238726790451,7.161803713527852,75.86206896551724
E00091793,259,58,34,24,201,18,183,22.393822393822393,13.127413127413126,9.266409266409266,77.60617760617761,6.94980694980695,70.65637065637065
E00091794,421,65,28,37,356,37,319,15.439429928741092,6.65083135391924,8.788598574821853,84.56057007125891,8.788598574821853,75.77197149643705
E00091795,324,52,21,31,272,20,252,16.049382716049383,6.481481481481481,9.5679012345679,83.9506172839506,6.172839506172839,77.77777777777779
E00091796,341,54,16,38,287,28,259,15.835777126099707,4.69208211143695,11.143695014662756,84.1642228739003,8.211143695014663,75.95307917888563
E00091797,297,53,14,39,244,29,215,17.845117845117844,4.713804713804714,13.131313131313133,82.15488215488216,9.764309764309765,72.39057239057239
E00091798,303,57,19,38,246,25,221,18.81188118811881,6.270627062706271,12.541254125412541,81.1881188118812,8.25082508250825,72.93729372937293
E00091799,302,42,15,27,260,35,225,13.90728476821192,4.966887417218543,8.940397350993377,86.09271523178808,11.589403973509933,74.50331125827815
E00091800,344,38,13,25,306,37,269,11.046511627906977,3.77906976744186,7.267441860465117,88.95348837209302,10.755813953488373,78.19767441860465
E00091801,276,39,10,29,237,35,202,14.130434782608695,3.6231884057971016,10.507246376811594,85.86956521739131,12.681159420289855,73.18840579710145
E00091802,416,60,15,45,356,56,300,14.423076923076922,3.6057692307692304,10.817307692307693,85.57692307692307,13.461538461538462,72.11538461538461
E00091803,282,50,25,25,232,17,215,17.73049645390071,8.865248226950355,8.865248226950355,82.26950354609929,6.028368794326241,76.24113475177306
E00091804,296,57,25,32,239,25,214,19.256756756756758,8.445945945945946,10.81081081081081,80.74324324324324,8.445945945945946,72.2972972972973
E00091805,269,53,22,31,216,27,189,19.702602230483272,8.178438661710038,11.524163568773234,80.29739776951673,10.037174721189592,70.26022304832715
E00091806,217,48,16,32,169,23,146,22.119815668202765,7.373271889400922,14.746543778801843,77.88018433179722,10.599078341013826,67.2811059907834
E00091807,368,65,25,40,303,30,273,17.66304347826087,6.7934782608695645,10.869565217391305,82.33695652173914,8.152173913043478,74.18478260869566
E00091808,310,56,22,34,254,29,225,18.064516129032256,7.096774193548387,10.967741935483872,81.93548387096774,9.35483870967742,72.58064516129032
E00091809,362,52,17,35,310,24,286,14.3646408839779,4.696132596685083,9.668508287292818,85.6353591160221,6.629834254143646,79.00552486187846
E00091810,219,53,26,27,166,15,151,24.200913242009133,11.87214611872146,12.32876712328767,75.79908675799086,6.8493150684931505,68.94977168949772
E00091811,287,50,13,37,237,23,214,17.421602787456447,4.529616724738676,12.89198606271777,82.57839721254355,8.013937282229964,74.56445993031359
E00091812,286,44,7,37,242,19,223,15.384615384615385,2.4475524475524475,12.937062937062937,84.61538461538461,6.643356643356643,77.97202797202797
E00091813,340,53,15,38,287,24,263,15.588235294117647,4.411764705882353,11.176470588235295,84.41176470588235,7.0588235294117645,77.3529411764706
E00091814,310,47,17,30,263,26,237,15.161290322580644,5.483870967741936,9.67741935483871,84.83870967741936,8.38709677419355,76.45161290322581
E00091815,343,58,22,36,285,29,256,16.909620991253643,6.41399416909621,10.495626822157435,83.09037900874635,8.454810495626822,74.63556851311954
E00091816,286,45,20,25,241,23,218,15.734265734265735,6.993006993006993,8.741258741258742,84.26573426573427,8.041958041958042,76.22377622377621
E00091817,296,47,18,29,249,26,223,15.878378378378377,6.081081081081082,9.797297297297296,84.12162162162163,8.783783783783784,75.33783783783784
E00091818,308,50,17,33,258,23,235,16.233766233766232,5.51948051948052,10.714285714285714,83.76623376623377,7.467532467532467,76.2987012987013
E00091819,313,31,5,26,282,25,257,9.904153354632587,1.5974440894568689,8.30670926517572,90.09584664536742,7.987220447284344,82.10862619808307
E00091820,350,50,10,40,300,36,264,14.285714285714285,2.857142857142857,11.428571428571429,85.71428571428571,10.285714285714285,75.42857142857143
E00091822,287,56,17,39,231,23,208,19.51219512195122,5.923344947735192,13.588850174216027,80.48780487804879,8.013937282229964,72.47386759581882
E00091823,272,40,13,27,232,22,210,14.705882352941178,4.779411764705882,9.926470588235293,85.29411764705883,8.088235294117647,77.20588235294117
E00091824,227,37,8,29,190,24,166,16.299559471365637,3.524229074889868,12.77533039647577,83.70044052863436,10.572687224669604,73.12775330396477
E00091825,291,57,21,36,234,24,210,19.587628865979383,7.216494845360824,12.371134020618557,80.41237113402062,8.24742268041237,72.16494845360825
E00091826,269,46,16,30,223,27,196,17.100371747211895,5.947955390334572,11.152416356877323,82.8996282527881,10.037174721189592,72.86245353159852
E00091827,279,63,30,33,216,9,207,22.58064516129032,10.75268817204301,11.827956989247312,77.41935483870968,3.225806451612903,74.19354838709677
E00091828,278,41,15,26,237,33,204,14.748201438848922,5.39568345323741,9.352517985611511,85.25179856115108,11.870503597122301,73.38129496402878
E00091829,395,54,19,35,341,28,313,13.670886075949367,4.810126582278481,8.860759493670885,86.32911392405063,7.088607594936709,79.24050632911393
E00091830,344,42,10,32,302,28,274,12.209302325581394,2.9069767441860463,9.30232558139535,87.79069767441861,8.13953488372093,79.65116279069767
E00091831,315,36,10,26,279,38,241,11.428571428571429,3.1746031746031744,8.253968253968253,88.57142857142857,12.063492063492063,76.5079365079365
E00091832,266,46,16,30,220,20,200,17.293233082706767,6.015037593984962,11.278195488721805,82.70676691729322,7.518796992481203,75.18796992481202
E00091833,318,51,17,34,267,37,230,16.037735849056602,5.345911949685535,10.69182389937107,83.9622641509434,11.635220125786164,72.32704402515722
E00091834,388,98,37,61,290,36,254,25.257731958762886,9.536082474226804,15.721649484536082,74.74226804123711,9.278350515463918,65.4639175257732
E00091835,239,24,6,18,215,22,193,10.0418410041841,2.510460251046025,7.531380753138076,89.9581589958159,9.205020920502092,80.75313807531381
E00091836,264,45,18,27,219,19,200,17.045454545454543,6.8181818181818175,10.227272727272728,82.95454545454545,7.196969696969697,75.75757575757575
E00091837,275,39,10,29,236,29,207,14.181818181818182,3.6363636363636362,10.545454545454545,85.81818181818181,10.545454545454545,75.27272727272727
E00091838,311,37,11,26,274,27,247,11.89710610932476,3.536977491961415,8.360128617363344,88.10289389067523,8.681672025723474,79.42122186495176
E00091841,193,29,12,17,164,22,142,15.025906735751295,6.217616580310881,8.808290155440414,84.97409326424871,11.398963730569948,73.57512953367875
E00091842,401,110,54,56,291,30,261,27.431421446384043,13.466334164588527,13.96508728179551,72.56857855361596,7.4812967581047385,65.08728179551122
E00091843,358,44,17,27,314,43,271,12.290502793296088,4.748603351955307,7.5418994413407825,87.70949720670392,12.011173184357542,75.69832402234637
E00091844,425,69,16,53,356,46,310,16.235294117647058,3.7647058823529407,12.470588235294118,83.76470588235294,10.823529411764705,72.94117647058823
E00091845,151,22,7,15,129,18,111,14.56953642384106,4.635761589403973,9.933774834437086,85.43046357615894,11.920529801324504,73.50993377483444
E00091846,217,43,21,22,174,11,163,19.81566820276498,9.67741935483871,10.138248847926267,80.18433179723502,5.0691244239631335,75.11520737327189
E00091847,553,150,77,73,403,45,358,27.124773960217,13.924050632911392,13.200723327305605,72.875226039783,8.1374321880651,64.73779385171791
E00091848,413,58,18,40,355,37,318,14.043583535108958,4.358353510895883,9.685230024213075,85.95641646489103,8.958837772397095,76.99757869249395
E00091849,302,44,17,27,258,23,235,14.56953642384106,5.629139072847682,8.940397350993377,85.43046357615894,7.6158940397351,77.81456953642383
E00091850,373,40,15,25,333,37,296,10.723860589812332,4.021447721179625,6.702412868632708,89.27613941018767,9.919571045576408,79.35656836461126
E00091851,302,52,18,34,250,31,219,17.218543046357617,5.960264900662252,11.258278145695364,82.78145695364239,10.264900662251655,72.51655629139073
E00091852,245,64,28,36,181,26,155,26.122448979591837,11.428571428571429,14.69387755102041,73.87755102040816,10.612244897959183,63.26530612244898
E00091853,267,43,19,24,224,20,204,16.10486891385768,7.116104868913857,8.98876404494382,83.89513108614233,7.490636704119851,76.40449438202246
E00091854,151,30,12,18,121,12,109,19.867549668874172,7.9470198675496695,11.920529801324504,80.13245033112582,7.9470198675496695,72.18543046357617
E00091855,402,64,32,32,338,30,308,15.92039800995025,7.960199004975125,7.960199004975125,84.07960199004975,7.462686567164178,76.61691542288557
E00091856,341,66,30,36,275,27,248,19.35483870967742,8.797653958944283,10.557184750733137,80.64516129032258,7.9178885630498534,72.72727272727273
E00091857,259,35,17,18,224,21,203,13.513513513513514,6.563706563706563,6.94980694980695,86.48648648648648,8.108108108108109,78.37837837837837
E00091859,275,64,32,32,211,15,196,23.272727272727273,11.636363636363637,11.636363636363637,76.72727272727272,5.454545454545454,71.27272727272728
E00091860,232,53,14,39,179,18,161,22.844827586206897,6.0344827586206895,16.810344827586206,77.15517241379311,7.758620689655173,69.39655172413794
E00091861,300,47,18,29,253,25,228,15.666666666666668,6,9.666666666666666,84.33333333333334,8.333333333333332,76
E00091862,294,49,14,35,245,20,225,16.666666666666664,4.761904761904762,11.904761904761903,83.33333333333334,6.802721088435375,76.53061224489795
E00091863,396,55,14,41,341,43,298,13.88888888888889,3.535353535353535,10.353535353535353,86.11111111111111,10.85858585858586,75.25252525252525
E00091864,454,66,21,45,388,27,361,14.537444933920703,4.6255506607929515,9.911894273127754,85.46255506607929,5.947136563876652,79.51541850220264
E00091865,305,49,9,40,256,26,230,16.065573770491802,2.9508196721311477,13.114754098360656,83.93442622950819,8.524590163934425,75.40983606557377
E00091866,231,53,22,31,178,18,160,22.943722943722943,9.523809523809524,13.41991341991342,77.05627705627705,7.792207792207792,69.26406926406926
E00091867,406,78,39,39,328,28,300,19.21182266009852,9.60591133004926,9.60591133004926,80.78817733990148,6.896551724137931,73.89162561576354
E00091868,286,37,10,27,249,20,229,12.937062937062937,3.4965034965034967,9.44055944055944,87.06293706293707,6.993006993006993,80.06993006993007
E00091869,265,66,26,40,199,24,175,24.90566037735849,9.811320754716983,15.09433962264151,75.09433962264151,9.056603773584905,66.0377358490566
E00091870,374,83,30,53,291,28,263,22.192513368983956,8.0213903743315509,14.171122994652407,77.80748663101605,7.4866310160427805,70.32085561497327
E00091871,269,58,31,27,211,24,187,21.561338289962826,11.524163568773234,10.037174721189592,78.43866171003717,8.921933085501859,69.51672862453532
E00091872,198,50,14,36,148,11,137,25.252525252525253,7.07070707070707,18.181818181818183,74.74747474747475,5.555555555555555,69.1919191919192
E00091873,292,51,14,37,241,36,205,17.465753424657535,4.794520547945205,12.67123287671233,82.53424657534246,12.32876712328767,70.2054794520548
E00091874,380,56,18,38,324,29,295,14.736842105263156,4.736842105263158,10,85.26315789473684,7.631578947368421,77.63157894736842
E00091875,394,55,17,38,339,34,305,13.959390862944163,4.314720812182741,9.644670050761421,86.04060913705584,8.629441624365482,77.41116751269035
E00091876,320,41,16,25,279,29,250,12.812499999999998,5,7.8125,87.1875,9.0625,78.125
E00091877,370,70,22,48,300,30,270,18.91891891891892,5.9459459459459465,12.972972972972974,81.08108108108108,8.108108108108109,72.97297297297297
E00091878,421,79,31,48,342,35,307,18.76484560570071,7.363420427553444,11.401425178147269,81.23515439429929,8.31353919239905,72.92161520190024
E00091879,478,61,23,38,417,42,375,12.761506276150628,4.811715481171548,7.949790794979079,87.23849372384937,8.786610878661087,78.45188284518828
E00091881,274,74,30,44,200,17,183,27.00729927007299,10.948905109489052,16.05839416058394,72.99270072992701,6.204379562043796,66.78832116788321
E00091882,331,80,43,37,251,24,227,24.169184290030213,12.990936555891238,11.178247734138973,75.83081570996978,7.250755287009064,68.58006042296071
E00091884,307,47,20,27,260,23,237,15.309446254071663,6.514657980456026,8.794788273615636,84.69055374592834,7.491856677524431,77.19869706840392
E00091885,285,61,37,24,224,18,206,21.403508771929825,12.982456140350877,8.421052631578947,78.59649122807018,6.315789473684211,72.28070175438597
E00091887,348,42,11,31,306,26,280,12.068965517241379,3.1609195402298855,8.908045977011495,87.93103448275862,7.471264367816093,80.45977011494253
E00091888,269,65,19,46,204,16,188,24.1635687732342,7.063197026022305,17.100371747211895,75.8364312267658,5.947955390334572,69.88847583643123
E00091889,348,63,20,43,285,25,260,18.103448275862068,5.747126436781609,12.35632183908046,81.89655172413794,7.183908045977011,74.71264367816092
E00091890,582,97,41,56,485,52,433,16.666666666666664,7.0446735395189,9.621993127147768,83.33333333333334,8.934707903780069,74.39862542955326
E00091891,221,53,19,34,168,26,142,23.981900452488688,8.597285067873303,15.384615384615385,76.01809954751131,11.76470588235294,64.25339366515837
E00091892,312,55,22,33,257,23,234,17.628205128205128,7.051282051282051,10.576923076923077,82.37179487179486,7.371794871794872,75
E00091893,398,90,32,58,308,32,276,22.613065326633166,8.040201005025125,14.572864321608039,77.38693467336684,8.040201005025125,69.34673366834171
E00091894,255,49,22,27,206,22,184,19.215686274509807,8.627450980392156,10.588235294117647,80.7843137254902,8.627450980392156,72.15686274509804
E00091895,269,62,26,36,207,11,196,23.04832713754647,9.66542750929368,13.382899628252787,76.95167286245353,4.089219330855019,72.86245353159852
E00173785,233,22,9,13,211,16,195,9.44206008583691,3.862660944206009,5.579399141630901,90.55793991416309,6.866952789699571,83.69098712446352
E00173786,235,28,8,20,207,23,184,11.914893617021278,3.404255319148936,8.51063829787234,88.08510638297872,9.787234042553191,78.29787234042553
E00173787,395,45,15,30,350,29,321,11.39240506329114,3.79746835443038,7.59493670886076,88.60759493670885,7.341772151898734,81.26582278481013
E00173788,336,40,12,28,296,32,264,11.904761904761903,3.571428571428571,8.333333333333332,88.09523809523809,9.523809523809524,78.57142857142857
E00173789,352,46,12,34,306,32,274,13.068181818181818,3.4090909090909087,9.659090909090908,86.93181818181817,9.090909090909092,77.8409090909091
E00173791,362,46,22,24,316,29,287,12.70718232044199,6.077348066298343,6.629834254143646,87.29281767955801,8.011049723756907,79.28176795580112
E00173792,353,54,15,39,299,21,278,15.29745042492918,4.2492917847025495,11.048158640226628,84.70254957507082,5.94900849858357,78.75354107648725
E00173793,375,50,13,37,325,45,280,13.333333333333334,3.4666666666666663,9.866666666666667,86.66666666666667,12,74.66666666666667
E00173794,1199,426,122,304,773,158,615,35.52960800667223,10.175145954962469,25.35446205170976,64.47039199332777,13.17764804003336,51.29274395329442
E00173795,229,38,17,21,191,20,171,16.593886462882097,7.423580786026202,9.170305676855897,83.4061135371179,8.73362445414847,74.67248908296943
E00173797,393,74,34,40,319,35,284,18.829516539440203,8.651399491094146,10.178117048346055,81.1704834605598,8.9058524173028,72.264631043257
E00173798,327,45,19,26,282,34,248,13.761467889908257,5.81039755351682,7.951070336391437,86.23853211009175,10.397553516819572,75.84097859327217
E00173799,289,42,14,28,247,17,230,14.53287197231834,4.844290657439446,9.688581314878892,85.46712802768167,5.88235294117647,79.58477508650519
E00173800,232,26,12,14,206,11,195,11.206896551724139,5.172413793103448,6.0344827586206895,88.79310344827587,4.741379310344827,84.05172413793103
E00173801,384,46,12,34,338,24,314,11.979166666666668,3.125,8.854166666666668,88.02083333333334,6.25,81.77083333333334
E00173802,241,37,11,26,204,22,182,15.352697095435685,4.564315352697095,10.78838174273859,84.64730290456431,9.12863070539419,75.51867219917013
E00173803,306,33,5,28,273,26,247,10.784313725490197,1.6339869281045754,9.15032679738562,89.2156862745098,8.49673202614379,80.71895424836602
E00173804,215,35,12,23,180,14,166,16.27906976744186,5.5813953488372094,10.69767441860465,83.72093023255815,6.511627906976744,77.20930232558139
E00173805,318,39,11,28,279,30,249,12.264150943396226,3.459119496855346,8.80503144654088,87.73584905660378,9.433962264150944,78.30188679245283
E00173806,343,37,10,27,306,28,278,10.787172011661808,2.9154518950437316,7.871720116618077,89.21282798833819,8.16326530612245,81.04956268221575
E00173807,261,20,4,16,241,23,218,7.662835249042145,1.532567049808429,6.130268199233716,92.33716475095785,8.812260536398467,83.5249042145594
E00173808,415,37,8,29,378,29,349,8.91566265060241,1.9277108433734942,6.987951807228916,91.08433734939759,6.987951807228916,84.09638554216868
E00173809,188,53,26,27,135,19,116,28.191489361702125,13.829787234042554,14.361702127659576,71.80851063829788,10.106382978723403,61.702127659574465
E00173810,302,45,16,29,257,25,232,14.90066225165563,5.298013245033113,9.602649006622517,85.09933774834437,8.27814569536424,76.82119205298014
E00173812,426,35,9,26,391,26,365,8.215962441314554,2.112676056338028,6.103286384976526,91.78403755868545,6.103286384976526,85.68075117370893
E00173813,402,53,19,34,349,25,324,13.184079601990051,4.72636815920398,8.45771144278607,86.81592039800995,6.218905472636816,80.59701492537313
E00173816,242,21,10,11,221,23,198,8.677685950413224,4.132231404958678,4.545454545454546,91.32231404958677,9.50413223140496,81.81818181818183
E00173817,290,30,5,25,260,29,231,10.344827586206897,1.7241379310344827,8.620689655172415,89.65517241379311,10,79.65517241379311
E00173819,312,29,2,27,283,29,254,9.294871794871796,0.641025641025641,8.653846153846153,90.7051282051282,9.294871794871796,81.41025641025641
E00173820,245,32,6,26,213,19,194,13.061224489795919,2.4489795918367347,10.612244897959183,86.93877551020408,7.755102040816326,79.18367346938776
E00173821,365,91,69,22,274,24,250,24.93150684931507,18.904109589041095,6.027397260273973,75.06849315068493,6.575342465753424,68.4931506849315
E00173822,595,73,23,50,522,35,487,12.26890756302521,3.865546218487395,8.403361344537815,87.73109243697479,5.88235294117647,81.84873949579831
E00173823,206,35,10,25,171,21,150,16.990291262135923,4.854368932038835,12.135922330097088,83.00970873786407,10.194174757281553,72.81553398058253
E00173824,299,38,11,27,261,29,232,12.709030100334449,3.678929765886288,9.03010033444816,87.29096989966555,9.698996655518394,77.59197324414716
E00173825,253,53,20,33,200,23,177,20.948616600790515,7.905138339920949,13.043478260869565,79.05138339920948,9.090909090909092,69.96047430830039
E00173826,315,48,18,30,267,22,245,15.238095238095239,5.714285714285714,9.523809523809524,84.76190476190476,6.984126984126984,77.77777777777779
E00183423,263,27,11,16,236,14,222,10.26615969581749,4.182509505703422,6.083650190114068,89.73384030418251,5.323193916349809,84.4106463878327
E00183524,490,41,4,37,449,27,422,8.36734693877551,0.8163265306122449,7.551020408163265,91.63265306122449,5.510204081632653,86.12244897959184
E00183525,192,26,5,21,166,10,156,13.541666666666666,2.604166666666667,10.9375,86.45833333333334,5.208333333333334,81.25
E00183526,528,52,16,36,476,38,438,9.848484848484848,3.0303030303030303,6.8181818181818175,90.15151515151516,7.196969696969697,82.95454545454545
E00183527,451,52,16,36,399,28,371,11.529933481152993,3.5476718403547673,7.982261640798225,88.470066518847,6.208425720620843,82.26164079822617
E00183528,155,29,13,16,126,8,118,18.70967741935484,8.38709677419355,10.32258064516129,81.29032258064515,5.161290322580645,76.12903225806451
E00183529,175,36,13,23,139,9,130,20.57142857142857,7.428571428571429,13.142857142857142,79.42857142857143,5.142857142857142,74.28571428571429
E00183530,116,14,7,7,102,9,93,12.068965517241379,6.0344827586206895,6.0344827586206895,87.93103448275862,7.758620689655173,80.17241379310344
E00183531,280,38,17,21,242,16,226,13.571428571428571,6.071428571428571,7.5,86.42857142857143,5.714285714285714,80.71428571428572
E00183532,388,40,11,29,348,36,312,10.309278350515463,2.8350515463917527,7.474226804123711,89.69072164948454,9.278350515463918,80.41237113402062
E00183533,239,25,4,21,214,19,195,10.460251046025103,1.6736401673640167,8.786610878661087,89.5397489539749,7.949790794979079,81.58995815899581
E00183534,236,42,17,25,194,25,169,17.796610169491526,7.203389830508475,10.59322033898305,82.20338983050848,10.59322033898305,71.61016949152543
E00183535,568,55,16,39,513,51,462,9.683098591549296,2.8169014084507045,6.866197183098592,90.3169014084507,8.97887323943662,81.33802816901408
E00183536,141,19,8,11,122,8,114,13.47517730496454,5.673758865248227,7.801418439716312,86.52482269503547,5.673758865248227,80.85106382978722
E00183537,391,26,3,23,365,31,334,6.649616368286446,0.7672634271099744,5.88235294117647,93.35038363171356,7.928388746803069,85.42199488491049
E00183538,419,104,47,57,315,21,294,24.821002386634845,11.217183770883054,13.60381861575179,75.17899761336515,5.011933174224343,70.16706443914082
E00183539,136,24,11,13,112,11,101,17.647058823529413,8.088235294117647,9.558823529411764,82.35294117647058,8.088235294117647,74.26470588235294
E00183540,317,20,0,20,297,17,280,6.309148264984227,0,6.309148264984227,93.69085173501577,5.3627760252365935,88.32807570977917
E00183541,195,20,8,12,175,18,157,10.256410256410255,4.102564102564102,6.153846153846154,89.74358974358975,9.230769230769232,80.51282051282051
E00183542,368,35,12,23,333,33,300,9.510869565217392,3.260869565217391,6.25,90.48913043478261,8.967391304347826,81.52173913043478
E00183543,406,61,26,35,345,24,321,15.024630541871922,6.403940886699508,8.620689655172415,84.97536945812809,5.911330049261084,79.06403940886699
E00183544,152,20,7,13,132,13,119,13.157894736842104,4.605263157894736,8.552631578947368,86.8421052631579,8.552631578947368,78.28947368421053
E00183545,509,65,22,43,444,42,402,12.770137524557956,4.322200392927308,8.447937131630647,87.22986247544205,8.25147347740668,78.97838899803537
E00183546,151,16,6,10,135,12,123,10.596026490066226,3.9735099337748347,6.622516556291391,89.40397350993378,7.9470198675496695,81.45695364238411
E00183547,156,25,6,19,131,20,111,16.025641025641026,3.8461538461538463,12.179487179487179,83.97435897435898,12.82051282051282,71.15384615384616
E00183548,178,26,13,13,152,19,133,14.606741573033707,7.303370786516854,7.303370786516854,85.39325842696628,10.674157303370785,74.71910112359551
E00183549,283,46,16,30,237,31,206,16.25441696113074,5.6537102473498235,10.60070671378092,83.74558303886926,10.954063604240282,72.79151943462897
E00183550,213,27,8,19,186,19,167,12.676056338028168,3.755868544600939,8.92018779342723,87.32394366197182,8.92018779342723,78.40375586854461
E00183551,224,45,13,32,179,24,155,20.089285714285715,5.803571428571429,14.285714285714285,79.91071428571429,10.714285714285714,69.19642857142857
E00183552,587,58,16,42,529,50,479,9.880749574105621,2.72572402044293,7.155025553662692,90.11925042589438,8.517887563884157,81.60136286201022
E00183553,245,50,18,32,195,15,180,20.408163265306122,7.346938775510205,13.061224489795919,79.59183673469387,6.122448979591836,73.46938775510205
E00183554,178,22,8,14,156,6,150,12.359550561797752,4.49438202247191,7.865168539325842,87.64044943820225,3.3707865168539324,84.26966292134831
E00183555,264,33,10,23,231,20,211,12.5,3.787878787878788,8.712121212121213,87.5,7.575757575757576,79.92424242424242
E00183556,442,55,13,42,387,47,340,12.44343891402715,2.941176470588235,9.502262443438914,87.55656108597285,10.633484162895927,76.92307692307693
E00183557,218,29,6,23,189,21,168,13.302752293577983,2.7522935779816518,10.550458715596331,86.69724770642202,9.63302752293578,77.06422018348624
E00183558,204,34,8,26,170,11,159,16.666666666666664,3.9215686274509802,12.745098039215685,83.33333333333334,5.392156862745098,77.94117647058823
E00183559,318,45,17,28,273,22,251,14.150943396226415,5.345911949685535,8.80503144654088,85.84905660377359,6.918238993710692,78.9308176100629
E00183560,170,29,8,21,141,9,132,17.058823529411764,4.705882352941177,12.352941176470589,82.94117647058825,5.294117647058823,77.64705882352942
E00183561,379,67,27,40,312,35,277,17.678100263852244,7.12401055408971,10.554089709762533,82.32189973614776,9.234828496042216,73.08707124010554
E00183562,117,10,1,9,107,10,97,8.547008547008547,0.8547008547008548,7.6923076923076925,91.45299145299145,8.547008547008547,82.90598290598291
E00183563,328,51,16,35,277,27,250,15.548780487804878,4.878048780487805,10.670731707317072,84.45121951219512,8.231707317073171,76.21951219512195
E00183564,619,103,53,50,516,45,471,16.63974151857835,8.562197092084006,8.077544426494345,83.36025848142164,7.269789983844912,76.09046849757674
E00183565,168,23,5,18,145,23,122,13.690476190476192,2.976190476190476,10.714285714285714,86.30952380952381,13.690476190476192,72.61904761904762
E00183566,166,10,0,10,156,9,147,6.024096385542169,0,6.024096385542169,93.97590361445783,5.421686746987952,88.55421686746988
E00183567,506,16,0,16,490,20,470,3.1620553359683794,0,3.1620553359683794,96.83794466403161,3.9525691699604746,92.88537549407114
E00183568,179,33,19,14,146,15,131,18.435754189944134,10.614525139664805,7.82122905027933,81.56424581005587,8.379888268156424,73.18435754189943
E00183569,466,63,16,47,403,33,370,13.519313304721031,3.4334763948497855,10.085836909871244,86.48068669527898,7.081545064377683,79.39914163090128
E00183570,216,33,14,19,183,28,155,15.277777777777779,6.481481481481481,8.796296296296296,84.72222222222221,12.962962962962962,71.75925925925925
E00183609,102,13,4,9,89,7,82,12.745098039215685,3.9215686274509802,8.823529411764707,87.25490196078431,6.862745098039216,80.3921568627451
E00183610,564,62,20,42,502,35,467,10.99290780141844,3.546099290780142,7.446808510638298,89.00709219858156,6.205673758865248,82.80141843971631
E00183611,396,25,16,9,371,10,361,6.313131313131313,4.040404040404041,2.272727272727273,93.68686868686868,2.525252525252525,91.16161616161617
E00183612,369,77,27,50,292,36,256,20.867208672086722,7.317073170731707,13.550135501355012,79.13279132791328,9.75609756097561,69.37669376693766
E00183613,391,55,17,38,336,30,306,14.066496163682865,4.3478260869565215,9.718670076726342,85.93350383631714,7.672634271099745,78.26086956521739
E00183614,246,43,13,30,203,15,188,17.479674796747968,5.284552845528456,12.195121951219512,82.52032520325203,6.097560975609756,76.42276422764228
E00183615,245,45,18,27,200,16,184,18.367346938775512,7.346938775510205,11.020408163265307,81.63265306122449,6.530612244897959,75.10204081632654
E00183616,357,58,22,36,299,27,272,16.246498599439775,6.162464985994398,10.084033613445378,83.75350140056022,7.563025210084033,76.19047619047619
E00183617,121,8,2,6,113,10,103,6.6115702479338845,1.6528925619834711,4.958677685950414,93.38842975206612,8.264462809917356,85.12396694214877
E00183618,476,45,13,32,431,38,393,9.453781512605042,2.73109243697479,6.722689075630252,90.54621848739495,7.9831932773109235,82.56302521008404
E00183619,189,28,8,20,161,16,145,14.814814814814813,4.232804232804233,10.582010582010582,85.18518518518519,8.465608465608465,76.71957671957672
E00183620,477,36,7,29,441,31,410,7.547169811320755,1.4675052410901468,6.079664570230608,92.45283018867924,6.498951781970649,85.9538784067086
E00183621,268,24,10,14,244,16,228,8.955223880597014,3.731343283582089,5.223880597014925,91.04477611940298,5.970149253731343,85.07462686567165
E00183622,182,21,7,14,161,17,144,11.538461538461538,3.8461538461538463,7.6923076923076925,88.46153846153845,9.340659340659341,79.12087912087912
E00183623,141,31,14,17,110,14,96,21.98581560283688,9.929078014184398,12.056737588652481,78.01418439716312,9.929078014184398,68.08510638297872
E00183624,394,65,32,33,329,30,299,16.49746192893401,8.121827411167512,8.375634517766498,83.50253807106598,7.614213197969544,75.88832487309645
E00183699,241,19,10,9,222,22,200,7.883817427385892,4.149377593360995,3.7344398340248963,92.11618257261411,9.12863070539419,82.98755186721992
E00183700,603,39,14,25,564,33,531,6.467661691542288,2.321724709784411,4.1459369817578775,93.53233830845771,5.472636815920398,88.05970149253731
E00183701,101,14,5,9,87,8,79,13.861386138613863,4.9504950495049505,8.91089108910891,86.13861386138613,7.920792079207921,78.21782178217822
E00183702,274,18,4,14,256,18,238,6.569343065693431,1.4598540145985401,5.109489051094891,93.43065693430657,6.569343065693431,86.86131386861314
