OA,ts0380001,ts0380002,ts0380003,ts0380004,ts0380005,ts0380006,ts0380007,ts0380002_PCT,ts0380003_PCT,ts0380004_PCT,ts0380005_PCT,ts0380006_PCT,ts0380007_PCT
E00092332,305,56,14,42,249,20,229,18.360655737704917,4.590163934426229,13.77049180327869,81.63934426229508,6.557377049180328,75.08196721311475
E00092333,358,59,20,39,299,26,273,16.480446927374302,5.58659217877095,10.893854748603351,83.5195530726257,7.262569832402235,76.25698324022346
E00092334,291,59,26,33,232,18,214,20.274914089347078,8.934707903780069,11.34020618556701,79.72508591065292,6.185567010309279,73.53951890034365
E00092335,255,43,16,27,212,20,192,16.862745098039216,6.2745098039215685,10.588235294117647,83.13725490196079,7.8431372549019605,75.29411764705883
E00092336,293,68,24,44,225,16,209,23.208191126279864,8.19112627986348,15.017064846416384,76.79180887372013,5.460750853242321,71.33105802047781
E00092337,149,32,14,18,117,8,109,21.476510067114095,9.395973154362416,12.080536912751679,78.52348993288591,5.369127516778524,73.15436241610739
E00092338,366,32,10,22,334,33,301,8.743169398907105,2.73224043715847,6.0109289617486334,91.2568306010929,9.01639344262295,82.24043715846994
E00092339,364,79,38,41,285,16,269,21.703296703296704,10.43956043956044,11.263736263736265,78.2967032967033,4.395604395604396,73.9010989010989
E00092340,321,88,45,43,233,26,207,27.41433021806853,14.018691588785046,13.395638629283487,72.58566978193146,8.09968847352025,64.48598130841121
E00092341,304,68,40,28,236,25,211,22.36842105263158,13.157894736842104,9.210526315789473,77.63157894736842,8.223684210526317,69.4078947368421
E00092342,366,78,32,46,288,29,259,21.311475409836063,8.743169398907105,12.568306010928962,78.68852459016394,7.923497267759563,70.76502732240438
E00092343,235,39,17,22,196,20,176,16.595744680851062,7.234042553191489,9.361702127659575,83.40425531914893,8.51063829787234,74.8936170212766
E00092344,283,71,35,36,212,8,204,25.08833922261484,12.36749116607774,12.7208480565371,74.91166077738515,2.8268551236749118,72.08480565371025
E00092345,300,58,25,33,242,20,222,19.333333333333332,8.333333333333332,11,80.66666666666666,6.666666666666667,74
E00092346,255,48,21,27,207,19,188,18.823529411764707,8.235294117647058,10.588235294117647,81.17647058823529,7.450980392156863,73.72549019607844
E00092347,318,119,74,45,199,7,192,37.42138364779874,23.270440251572328,14.150943396226415,62.57861635220125,2.20125786163522,60.37735849056604
E00092348,320,62,25,37,258,20,238,19.375,7.8125,11.5625,80.625,6.25,74.375
E00092349,320,84,48,36,236,23,213,26.25,15,11.25,73.75,7.187499999999999,66.5625
E00092350,385,106,53,53,279,9,270,27.532467532467532,13.766233766233766,13.766233766233766,72.46753246753246,2.3376623376623376,70.12987012987013
E00092351,387,108,56,52,279,20,259,27.906976744186046,14.470284237726098,13.436692506459949,72.09302325581395,5.167958656330749,66.9250645994832
E00092352,310,58,25,33,252,27,225,18.70967741935484,8.064516129032258,10.64516129032258,81.29032258064515,8.709677419354838,72.58064516129032
E00092353,339,70,37,33,269,24,245,20.64896755162242,10.914454277286136,9.734513274336283,79.35103244837758,7.079646017699115,72.27138643067846
E00092354,401,74,39,35,327,30,297,18.453865336658353,9.72568578553616,8.728179551122196,81.54613466334165,7.4812967581047385,74.06483790523691
E00092355,296,90,27,63,206,19,187,30.405405405405407,9.121621621621621,21.283783783783782,69.5945945945946,6.418918918918918,63.17567567567568
E00092356,248,66,26,40,182,16,166,26.61290322580645,10.483870967741936,16.129032258064516,73.38709677419355,6.451612903225806,66.93548387096774
E00092357,304,65,37,28,239,25,214,21.38157894736842,12.171052631578947,9.210526315789473,78.61842105263158,8.223684210526317,70.39473684210526
E00092358,315,51,29,22,264,24,240,16.19047619047619,9.206349206349207,6.984126984126984,83.80952380952381,7.6190476190476195,76.19047619047619
E00092359,249,61,26,35,188,19,169,24.497991967871485,10.441767068273093,14.056224899598394,75.50200803212851,7.630522088353414,67.8714859437751
E00092360,228,42,14,28,186,20,166,18.421052631578945,6.140350877192982,12.280701754385964,81.57894736842105,8.771929824561402,72.80701754385966
E00092361,314,53,26,27,261,20,241,16.878980891719745,8.280254777070063,8.598726114649681,83.12101910828027,6.369426751592357,76.75159235668791
E00092362,220,93,55,38,127,16,111,42.27272727272727,25,17.272727272727273,57.72727272727273,7.2727272727272725,50.45454545454545
E00092363,277,58,34,24,219,19,200,20.938628158844764,12.274368231046932,8.664259927797833,79.06137184115524,6.859205776173286,72.20216606498195
E00092364,415,98,52,46,317,19,298,23.6144578313253,12.530120481927712,11.08433734939759,76.3855421686747,4.578313253012048,71.80722891566265
E00092365,325,86,40,46,239,22,217,26.461538461538463,12.307692307692308,14.153846153846153,73.53846153846155,6.769230769230769,66.76923076923077
E00092366,303,70,37,33,233,18,215,23.1023102310231,12.211221122112212,10.891089108910892,76.89768976897689,5.9405940594059405,70.95709570957096
E00092367,380,87,50,37,293,19,274,22.894736842105264,13.157894736842104,9.736842105263158,77.10526315789473,5,72.10526315789474
E00092368,325,80,34,46,245,21,224,24.615384615384617,10.461538461538462,14.153846153846153,75.38461538461539,6.461538461538462,68.92307692307692
E00092369,237,56,24,32,181,18,163,23.628691983122362,10.126582278481013,13.502109704641349,76.37130801687763,7.59493670886076,68.77637130801688
E00092370,283,105,52,53,178,17,161,37.102473498233216,18.374558303886925,18.727915194346288,62.89752650176679,6.007067137809187,56.8904593639576
E00092371,256,67,31,36,189,14,175,26.171875,12.109375,14.0625,73.828125,5.46875,68.359375
E00092372,244,78,41,37,166,11,155,31.967213114754102,16.80327868852459,15.163934426229508,68.0327868852459,4.508196721311475,63.52459016393443
E00092373,359,71,34,37,288,20,268,19.77715877437326,9.47075208913649,10.30640668523677,80.22284122562674,5.571030640668524,74.65181058495823
E00092374,296,53,20,33,243,16,227,17.905405405405407,6.756756756756757,11.14864864864865,82.0945945945946,5.405405405405405,76.6891891891892
E00092375,293,55,24,31,238,22,216,18.771331058020476,8.19112627986348,10.580204778156997,81.22866894197952,7.508532423208192,73.72013651877133
E00092376,360,88,45,43,272,15,257,24.444444444444443,12.5,11.944444444444445,75.55555555555556,4.166666666666666,71.38888888888889
E00092377,275,61,25,36,214,18,196,22.181818181818183,9.090909090909092,13.090909090909092,77.81818181818181,6.545454545454546,71.27272727272728
E00092378,269,72,33,39,197,19,178,26.765799256505574,12.267657992565056,14.49814126394052,73.23420074349443,7.063197026022305,66.17100371747212
E00092379,321,59,27,32,262,31,231,18.38006230529595,8.411214953271028,9.968847352024921,81.61993769470405,9.657320872274143,71.96261682242991
E00092380,314,60,30,30,254,16,238,19.10828025477707,9.554140127388536,9.554140127388536,80.89171974522293,5.095541401273886,75.79617834394905
E00092381,187,60,23,37,127,15,112,32.085561497326204,12.299465240641712,19.786096256684495,67.9144385026738,8.0213903743315509,59.893048128342244
E00092382,248,63,27,36,185,12,173,25.403225806451612,10.887096774193548,14.516129032258066,74.59677419354838,4.838709677419355,69.75806451612904
E00092383,243,61,28,33,182,13,169,25.102880658436217,11.522633744855968,13.580246913580247,74.8971193415638,5.349794238683128,69.54732510288066
E00092384,293,57,15,42,236,26,210,19.453924914675767,5.1194539249146755,14.334470989761092,80.54607508532423,8.873720136518772,71.67235494880546
E00092385,341,46,14,32,295,40,255,13.48973607038123,4.105571847507331,9.3841642228739,86.51026392961877,11.730205278592376,74.7800586510264
E00092387,498,99,40,59,399,37,362,19.879518072289155,8.032128514056225,11.847389558232932,80.12048192771084,7.429718875502007,72.69076305220884
E00092388,208,81,48,33,127,12,115,38.94230769230769,23.076923076923077,15.865384615384615,61.057692307692314,5.769230769230769,55.28846153846154
E00092389,269,52,27,25,217,18,199,19.33085501858736,10.037174721189592,9.293680297397769,80.66914498141264,6.691449814126393,73.97769516728626
E00092392,280,46,16,30,234,23,211,16.428571428571427,5.714285714285714,10.714285714285714,83.57142857142857,8.214285714285714,75.35714285714286
E00092393,375,55,18,37,320,44,276,14.666666666666666,4.8,9.866666666666667,85.33333333333334,11.733333333333333,73.6
E00092394,207,34,6,28,173,18,155,16.425120772946862,2.898550724637681,13.526570048309178,83.57487922705315,8.695652173913043,74.8792270531401
E00092395,199,25,13,12,174,26,148,12.562814070351758,6.532663316582915,6.030150753768844,87.43718592964824,13.06532663316583,74.37185929648241
E00092396,171,51,22,29,120,14,106,29.82456140350877,12.865497076023392,16.95906432748538,70.17543859649122,8.187134502923977,61.98830409356725
E00092397,329,37,9,28,292,28,264,11.246200607902736,2.735562310030395,8.51063829787234,88.75379939209726,8.51063829787234,80.24316109422493
E00092398,335,55,19,36,280,18,262,16.417910447761194,5.6716417910447765,10.746268656716417,83.5820895522388,5.3731343283582085,78.2089552238806
E00092399,116,19,4,15,97,11,86,16.379310344827587,3.4482758620689653,12.931034482758621,83.62068965517241,9.482758620689655,74.13793103448276
E00092400,334,50,23,27,284,20,264,14.97005988023952,6.88622754491018,8.08383233532934,85.02994011976048,5.9880239520958085,79.04191616766467
E00092401,308,110,78,32,198,16,182,35.714285714285715,25.324675324675322,10.38961038961039,64.28571428571429,5.194805194805195,59.09090909090909
E00092402,366,47,19,28,319,30,289,12.841530054644808,5.191256830601093,7.650273224043716,87.1584699453552,8.19672131147541,78.96174863387978
E00092403,270,45,18,27,225,23,202,16.666666666666664,6.666666666666667,10,83.33333333333334,8.518518518518519,74.81481481481481
E00092404,237,64,25,39,173,12,161,27.004219409282697,10.548523206751055,16.455696202531644,72.9957805907173,5.063291139240507,67.9324894514768
E00092405,265,51,24,27,214,19,195,19.245283018867926,9.056603773584905,10.18867924528302,80.75471698113208,7.169811320754717,73.58490566037736
E00092406,253,31,14,17,222,31,191,12.25296442687747,5.533596837944664,6.719367588932807,87.74703557312253,12.25296442687747,75.49407114624506
E00092407,300,47,22,25,253,36,217,15.666666666666668,7.333333333333333,8.333333333333332,84.33333333333334,12,72.33333333333334
E00092408,304,40,10,30,264,30,234,13.157894736842104,3.289473684210526,9.868421052631579,86.8421052631579,9.868421052631579,76.97368421052632
E00092409,308,33,9,24,275,30,245,10.714285714285714,2.922077922077922,7.792207792207792,89.28571428571429,9.740259740259742,79.54545454545455
E00092410,311,45,12,33,266,22,244,14.469453376205788,3.858520900321544,10.610932475884244,85.53054662379421,7.07395498392283,78.45659163987139
E00092411,247,39,12,27,208,19,189,15.789473684210526,4.8582995951417,10.931174089068826,84.21052631578947,7.6923076923076925,76.51821862348179
E00092412,231,62,38,24,169,13,156,26.83982683982684,16.450216450216452,10.38961038961039,73.16017316017316,5.627705627705628,67.53246753246754
E00092413,252,28,12,16,224,18,206,11.11111111111111,4.761904761904762,6.349206349206349,88.88888888888889,7.142857142857142,81.74603174603175
E00092414,294,49,24,25,245,20,225,16.666666666666664,8.16326530612245,8.503401360544217,83.33333333333334,6.802721088435375,76.53061224489795
E00092415,252,51,26,25,201,28,173,20.238095238095237,10.317460317460316,9.920634920634921,79.76190476190477,11.11111111111111,68.65079365079364
E00092416,151,12,4,8,139,12,127,7.9470198675496695,2.6490066225165565,5.298013245033113,92.05298013245033,7.9470198675496695,84.10596026490066
E00092417,232,45,16,29,187,26,161,19.396551724137932,6.896551724137931,12.5,80.60344827586206,11.206896551724139,69.39655172413794
E00092418,362,53,17,36,309,29,280,14.64088397790055,4.696132596685083,9.94475138121547,85.35911602209944,8.011049723756907,77.34806629834254
E00092419,302,30,11,19,272,35,237,9.933774834437086,3.642384105960265,6.291390728476822,90.06622516556291,11.589403973509933,78.47682119205298
E00092420,327,53,15,38,274,35,239,16.207951070336392,4.587155963302752,11.62079510703364,83.79204892966361,10.703363914373089,73.08868501529052
E00092421,259,30,11,19,229,23,206,11.583011583011583,4.247104247104247,7.335907335907336,88.41698841698842,8.880308880308881,79.53667953667953
E00092422,268,30,8,22,238,27,211,11.194029850746269,2.9850746268656714,8.208955223880597,88.80597014925374,10.074626865671641,78.73134328358209
E00092423,550,93,29,64,457,41,416,16.90909090909091,5.2727272727272725,11.636363636363637,83.0909090909091,7.454545454545454,75.63636363636364
E00092424,275,31,17,14,244,26,218,11.272727272727273,6.181818181818182,5.090909090909091,88.72727272727273,9.454545454545455,79.27272727272727
E00092425,109,29,14,15,80,7,73,26.605504587155966,12.844036697247708,13.761467889908257,73.39449541284404,6.422018348623854,66.97247706422019
E00092426,351,85,46,39,266,21,245,24.216524216524217,13.105413105413104,11.11111111111111,75.78347578347578,5.982905982905983,69.8005698005698
E00092427,358,24,9,15,334,28,306,6.70391061452514,2.5139664804469275,4.189944134078212,93.29608938547486,7.82122905027933,85.47486033519553
E00092428,300,48,14,34,252,27,225,16,4.666666666666667,11.333333333333332,84,9,75
E00092430,448,57,18,39,391,32,359,12.723214285714285,4.017857142857143,8.705357142857142,87.27678571428571,7.142857142857142,80.13392857142857
E00092431,203,33,14,19,170,20,150,16.25615763546798,6.896551724137931,9.35960591133005,83.74384236453201,9.852216748768473,73.89162561576354
E00092434,216,52,26,26,164,16,148,24.074074074074073,12.037037037037036,12.037037037037036,75.92592592592592,7.4074074074074066,68.51851851851852
E00092435,198,77,38,39,121,11,110,38.88888888888889,19.19191919191919,19.696969696969695,61.111111111111114,5.555555555555555,55.55555555555556
E00092437,621,117,42,75,504,58,446,18.84057971014493,6.763285024154589,12.077294685990339,81.15942028985508,9.339774557165862,71.81964573268921
E00092438,543,75,24,51,468,47,421,13.812154696132598,4.41988950276243,9.392265193370166,86.1878453038674,8.655616942909761,77.53222836095765
E00092439,176,58,32,26,118,9,109,32.95454545454545,18.181818181818183,14.772727272727273,67.04545454545455,5.113636363636364,61.93181818181818
E00092440,285,66,33,33,219,29,190,23.157894736842106,11.578947368421053,11.578947368421053,76.84210526315789,10.175438596491228,66.66666666666666
E00092441,248,36,13,23,212,16,196,14.516129032258066,5.241935483870968,9.274193548387096,85.48387096774194,6.451612903225806,79.03225806451613
E00092442,377,60,13,47,317,32,285,15.915119363395224,3.4482758620689653,12.46684350132626,84.08488063660478,8.488063660477453,75.59681697612733
E00092443,379,56,11,45,323,35,288,14.775725593667547,2.9023746701846966,11.87335092348285,85.22427440633246,9.234828496042216,75.98944591029023
E00092444,278,43,13,30,235,24,211,15.467625899280577,4.676258992805756,10.79136690647482,84.53237410071942,8.633093525179856,75.89928057553958
E00092447,452,81,18,63,371,34,337,17.920353982300885,3.982300884955752,13.938053097345133,82.07964601769912,7.52212389380531,74.5575221238938
E00092448,281,49,15,34,232,16,216,17.437722419928825,5.338078291814947,12.099644128113878,82.56227758007117,5.6939501779359425,76.86832740213522
E00092449,380,51,19,32,329,32,297,13.421052631578947,5,8.421052631578947,86.57894736842105,8.421052631578947,78.15789473684211
E00092450,291,48,13,35,243,16,227,16.49484536082474,4.4673539518900345,12.027491408934708,83.50515463917526,5.498281786941581,78.00687285223368
E00092453,214,53,16,37,161,13,148,24.766355140186917,7.476635514018691,17.289719626168225,75.23364485981308,6.074766355140187,69.1588785046729
E00092454,204,67,28,39,137,17,120,32.84313725490196,13.725490196078432,19.11764705882353,67.15686274509804,8.333333333333332,58.82352941176471
E00092455,287,46,14,32,241,24,217,16.02787456445993,4.878048780487805,11.149825783972126,83.97212543554006,8.362369337979095,75.60975609756098
E00092456,361,60,16,44,301,37,264,16.62049861495845,4.43213296398892,12.18836565096953,83.37950138504155,10.249307479224377,73.13019390581718
E00092457,488,97,22,75,391,30,361,19.87704918032787,4.508196721311475,15.368852459016393,80.12295081967213,6.147540983606557,73.97540983606558
E00092458,354,67,18,49,287,24,263,18.926553672316384,5.084745762711865,13.841807909604519,81.07344632768361,6.779661016949152,74.29378531073446
E00092459,340,52,15,37,288,39,249,15.294117647058824,4.411764705882353,10.882352941176471,84.70588235294117,11.470588235294118,73.23529411764706
E00092460,257,49,9,40,208,25,183,19.06614785992218,3.501945525291829,15.56420233463035,80.93385214007782,9.72762645914397,71.20622568093385
E00092461,388,54,22,32,334,44,290,13.917525773195877,5.670103092783505,8.24742268041237,86.08247422680412,11.34020618556701,74.74226804123711
E00092462,313,36,11,25,277,29,248,11.501597444089457,3.5143769968051117,7.987220447284344,88.49840255591054,9.26517571884984,79.2332268370607
E00092463,361,39,12,27,322,40,282,10.80332409972299,3.32409972299169,7.479224376731302,89.19667590027701,11.080332409972298,78.1163434903047
E00092464,332,49,21,28,283,22,261,14.759036144578314,6.325301204819277,8.433734939759036,85.2409638554217,6.626506024096386,78.6144578313253
E00092465,278,39,15,24,239,28,211,14.028776978417264,5.39568345323741,8.633093525179856,85.97122302158273,10.071942446043165,75.89928057553958
E00092466,259,39,18,21,220,34,186,15.057915057915059,6.94980694980695,8.108108108108109,84.94208494208493,13.127413127413126,71.81467181467181
E00092467,245,54,25,29,191,25,166,22.040816326530614,10.204081632653061,11.83673469387755,77.9591836734694,10.204081632653061,67.75510204081633
E00092468,392,36,14,22,356,17,339,9.183673469387756,3.571428571428571,5.612244897959184,90.81632653061224,4.336734693877551,86.4795918367347
E00092469,326,38,13,25,288,28,260,11.65644171779141,3.9877300613496933,7.668711656441718,88.34355828220859,8.588957055214724,79.75460122699386
E00092470,313,30,10,20,283,23,260,9.584664536741213,3.1948881789137378,6.3897763578274756,90.41533546325878,7.348242811501597,83.06709265175719
E00092471,304,32,12,20,272,23,249,10.526315789473683,3.9473684210526314,6.578947368421052,89.47368421052632,7.565789473684211,81.9078947368421
E00092472,121,44,26,18,77,7,70,36.36363636363637,21.487603305785125,14.87603305785124,63.63636363636363,5.785123966942149,57.85123966942148
E00092473,268,43,19,24,225,25,200,16.044776119402986,7.08955223880597,8.955223880597014,83.95522388059702,9.328358208955224,74.6268656716418
E00092474,380,69,33,36,311,43,268,18.157894736842106,8.68421052631579,9.473684210526317,81.84210526315789,11.31578947368421,70.52631578947368
E00092475,322,68,27,41,254,24,230,21.11801242236025,8.385093167701864,12.732919254658384,78.88198757763976,7.453416149068323,71.42857142857143
E00092478,140,23,6,17,117,15,102,16.428571428571427,4.285714285714286,12.142857142857142,83.57142857142857,10.714285714285714,72.85714285714285
E00092479,308,52,14,38,256,18,238,16.883116883116884,4.545454545454546,12.337662337662337,83.11688311688312,5.844155844155844,77.27272727272727
E00092480,308,48,17,31,260,25,235,15.584415584415584,5.51948051948052,10.064935064935066,84.4155844155844,8.116883116883116,76.2987012987013
E00092481,468,89,32,57,379,35,344,19.017094017094017,6.837606837606838,12.179487179487179,80.98290598290599,7.478632478632479,73.50427350427351
E00092482,225,41,20,21,184,28,156,18.22222222222222,8.88888888888889,9.333333333333334,81.77777777777779,12.444444444444445,69.33333333333334
E00092485,251,43,13,30,208,18,190,17.131474103585656,5.179282868525896,11.952191235059761,82.86852589641434,7.171314741035857,75.69721115537848
E00092487,349,53,19,34,296,35,261,15.18624641833811,5.444126074498568,9.742120343839542,84.81375358166189,10.028653295128938,74.78510028653295
E00092488,265,58,30,28,207,26,181,21.88679245283019,11.320754716981133,10.566037735849058,78.11320754716982,9.811320754716983,68.30188679245282
E00092489,230,42,20,22,188,14,174,18.26086956521739,8.695652173913043,9.565217391304348,81.73913043478261,6.086956521739131,75.65217391304347
E00092490,227,71,32,39,156,14,142,31.277533039647576,14.096916299559473,17.180616740088105,68.72246696035242,6.167400881057269,62.55506607929515
E00092491,323,51,19,32,272,18,254,15.789473684210526,5.88235294117647,9.907120743034056,84.21052631578947,5.572755417956656,78.63777089783281
E00092492,192,33,14,19,159,9,150,17.1875,7.291666666666667,9.895833333333332,82.8125,4.6875,78.125
E00092493,160,39,18,21,121,13,108,24.375,11.25,13.125,75.625,8.125,67.5
E00092494,264,46,23,23,218,16,202,17.424242424242426,8.712121212121213,8.712121212121213,82.57575757575758,6.0606060606060606,76.51515151515152
E00092495,121,20,9,11,101,13,88,16.528925619834713,7.43801652892562,9.090909090909092,83.47107438016529,10.743801652892563,72.72727272727273
E00092496,239,17,7,10,222,15,207,7.112970711297072,2.928870292887029,4.184100418410042,92.88702928870293,6.2761506276150625,86.61087866108787
E00092497,158,27,7,20,131,13,118,17.088607594936708,4.430379746835443,12.658227848101266,82.91139240506328,8.227848101265822,74.68354430379746
E00092498,308,68,30,38,240,35,205,22.07792207792208,9.740259740259742,12.337662337662337,77.92207792207793,11.363636363636363,66.55844155844156
E00092499,259,42,9,33,217,26,191,16.216216216216218,3.474903474903475,12.741312741312742,83.78378378378379,10.038610038610038,73.74517374517374
E00092501,422,58,15,43,364,57,307,13.744075829383887,3.5545023696682465,10.189573459715639,86.25592417061611,13.507109004739338,72.74881516587678
E00092502,510,56,21,35,454,48,406,10.980392156862745,4.117647058823529,6.862745098039216,89.01960784313725,9.411764705882353,79.6078431372549
E00092503,286,40,19,21,246,19,227,13.986013986013987,6.643356643356643,7.3426573426573425,86.01398601398601,6.643356643356643,79.37062937062937
E00092504,269,33,14,19,236,30,206,12.267657992565056,5.204460966542751,7.063197026022305,87.73234200743495,11.152416356877323,76.57992565055763
E00092505,288,37,11,26,251,25,226,12.847222222222221,3.8194444444444446,9.027777777777777,87.15277777777779,8.680555555555555,78.47222222222221
E00092506,310,55,20,35,255,26,229,17.741935483870968,6.451612903225806,11.29032258064516,82.25806451612904,8.38709677419355,73.87096774193549
E00092507,386,58,21,37,328,41,287,15.025906735751295,5.4404145077720205,9.585492227979273,84.97409326424871,10.621761658031089,74.35233160621762
E00092508,406,120,86,34,286,26,260,29.55665024630542,21.182266009852217,8.374384236453201,70.44334975369459,6.403940886699508,64.03940886699507
E00092509,194,24,9,15,170,21,149,12.371134020618557,4.639175257731959,7.731958762886598,87.62886597938144,10.824742268041238,76.80412371134021
E00092510,188,40,15,25,148,23,125,21.27659574468085,7.9787234042553195,13.297872340425531,78.72340425531915,12.23404255319149,66.48936170212765
E00092511,238,42,13,29,196,19,177,17.647058823529413,5.46218487394958,12.184873949579831,82.35294117647058,7.9831932773109235,74.36974789915966
E00092512,312,60,22,38,252,22,230,19.230769230769234,7.051282051282051,12.179487179487179,80.76923076923077,7.051282051282051,73.71794871794873
E00092513,255,34,9,25,221,22,199,13.333333333333334,3.5294117647058822,9.803921568627452,86.66666666666667,8.627450980392156,78.03921568627452
E00092514,256,48,18,30,208,21,187,18.75,7.03125,11.71875,81.25,8.203125,73.046875
E00092515,346,68,23,45,278,27,251,19.653179190751445,6.6473988439306355,13.005780346820808,80.34682080924856,7.803468208092486,72.54335260115607
E00092516,281,50,19,31,231,23,208,17.793594306049823,6.761565836298933,11.032028469750891,82.20640569395017,8.185053380782918,74.02135231316726
E00092517,273,52,21,31,221,28,193,19.047619047619047,7.6923076923076925,11.355311355311356,80.95238095238095,10.256410256410255,70.6959706959707
E00092518,300,46,14,32,254,31,223,15.333333333333332,4.666666666666667,10.666666666666668,84.66666666666667,10.333333333333334,74.33333333333333
E00092519,215,41,12,29,174,17,157,19.069767441860467,5.5813953488372094,13.488372093023257,80.93023255813954,7.906976744186046,73.0232558139535
E00092520,226,21,10,11,205,15,190,9.29203539823009,4.424778761061947,4.867256637168142,90.7079646017699,6.637168141592921,84.070796460177
E00092521,304,143,91,52,161,23,138,47.03947368421053,29.93421052631579,17.105263157894736,52.960526315789465,7.565789473684211,45.39473684210527
E00092522,226,32,15,17,194,16,178,14.15929203539823,6.637168141592921,7.52212389380531,85.84070796460178,7.079646017699115,78.76106194690266
E00092523,218,28,9,19,190,23,167,12.844036697247708,4.128440366972478,8.715596330275229,87.1559633027523,10.550458715596331,76.60550458715596
E00092524,309,47,9,38,262,22,240,15.210355987055015,2.912621359223301,12.297734627831716,84.78964401294499,7.119741100323624,77.66990291262135
E00092525,236,19,3,16,217,13,204,8.050847457627118,1.2711864406779663,6.779661016949152,91.94915254237289,5.508474576271186,86.4406779661017
E00092526,263,63,25,38,200,24,176,23.954372623574145,9.505703422053232,14.44866920152091,76.04562737642586,9.125475285171103,66.92015209125475
E00092527,212,30,9,21,182,20,162,14.150943396226415,4.245283018867925,9.90566037735849,85.84905660377359,9.433962264150944,76.41509433962264
E00092528,316,29,11,18,287,33,254,9.177215189873419,3.481012658227848,5.69620253164557,90.82278481012658,10.443037974683545,80.37974683544303
E00092529,249,34,13,21,215,27,188,13.654618473895583,5.220883534136546,8.433734939759036,86.34538152610442,10.843373493975903,75.50200803212851
E00092530,244,27,8,19,217,14,203,11.065573770491802,3.278688524590164,7.786885245901639,88.9344262295082,5.737704918032787,83.19672131147541
E00092531,349,35,6,29,314,21,293,10.028653295128938,1.7191977077363898,8.30945558739255,89.97134670487105,6.017191977077363,83.95415472779369
E00092532,322,49,17,32,273,16,257,15.217391304347828,5.279503105590062,9.937888198757763,84.78260869565217,4.968944099378882,79.8136645962733
E00092533,392,59,28,31,333,35,298,15.051020408163266,7.142857142857142,7.908163265306123,84.94897959183673,8.928571428571429,76.0204081632653
E00092534,295,63,36,27,232,18,214,21.35593220338983,12.203389830508476,9.152542372881356,78.64406779661017,6.101694915254238,72.54237288135593
E00092535,372,71,37,34,301,37,264,19.086021505376344,9.946236559139784,9.13978494623656,80.91397849462365,9.946236559139784,70.96774193548387
E00092536,314,75,35,40,239,27,212,23.88535031847134,11.146496815286625,12.738853503184714,76.11464968152866,8.598726114649681,67.51592356687898
E00092537,332,49,16,33,283,30,253,14.759036144578314,4.819277108433735,9.939759036144578,85.2409638554217,9.036144578313253,76.20481927710844
E00092538,342,41,18,23,301,21,280,11.988304093567251,5.263157894736842,6.725146198830409,88.01169590643275,6.140350877192982,81.87134502923976
E00092539,324,57,25,32,267,19,248,17.59259259259259,7.716049382716049,9.876543209876543,82.4074074074074,5.864197530864197,76.5432098765432
E00092540,328,50,17,33,278,27,251,15.24390243902439,5.182926829268292,10.060975609756099,84.7560975609756,8.231707317073171,76.52439024390245
E00092541,269,66,32,34,203,14,189,24.53531598513011,11.895910780669144,12.639405204460965,75.46468401486989,5.204460966542751,70.26022304832715
E00092542,393,51,11,40,342,31,311,12.977099236641221,2.7989821882951653,10.178117048346055,87.02290076335878,7.888040712468193,79.13486005089058
E00092543,276,65,35,30,211,12,199,23.55072463768116,12.681159420289855,10.869565217391305,76.44927536231883,4.3478260869565215,72.10144927536231
E00092544,230,53,27,26,177,17,160,23.043478260869566,11.73913043478261,11.304347826086957,76.95652173913044,7.391304347826087,69.56521739130434
E00092545,266,53,25,28,213,29,184,19.924812030075188,9.398496240601503,10.526315789473683,80.07518796992481,10.902255639097744,69.17293233082707
E00092546,227,28,9,19,199,14,185,12.334801762114537,3.9647577092511015,8.370044052863436,87.66519823788546,6.167400881057269,81.4977973568282
E00092547,311,29,7,22,282,22,260,9.32475884244373,2.2508038585209005,7.07395498392283,90.67524115755627,7.07395498392283,83.60128617363344
E00092549,259,37,18,19,222,24,198,14.285714285714285,6.94980694980695,7.335907335907336,85.71428571428571,9.266409266409266,76.44787644787645
E00092550,305,46,15,31,259,24,235,15.081967213114755,4.918032786885246,10.163934426229508,84.91803278688525,7.868852459016394,77.04918032786885
E00092551,269,24,5,19,245,21,224,8.921933085501859,1.858736059479554,7.063197026022305,91.07806691449815,7.806691449814126,83.27137546468401
E00092552,341,53,17,36,288,34,254,15.542521994134898,4.9853372434017595,10.557184750733137,84.4574780058651,9.970674486803519,74.48680351906158
E00092553,283,41,14,27,242,32,210,14.487632508833922,4.946996466431095,9.540636042402827,85.51236749116607,11.307420494699647,74.20494699646643
E00092554,329,50,21,29,279,33,246,15.19756838905775,6.382978723404255,8.814589665653495,84.80243161094225,10.030395136778116,74.77203647416414
E00092555,185,36,11,25,149,11,138,19.45945945945946,5.9459459459459465,13.513513513513514,80.54054054054053,5.9459459459459465,74.5945945945946
E00092556,324,42,14,28,282,25,257,12.962962962962962,4.320987654320987,8.641975308641975,87.03703703703704,7.716049382716049,79.32098765432099
E00092557,529,65,22,43,464,44,420,12.287334593572778,4.158790170132325,8.128544423440454,87.71266540642722,8.31758034026465,79.39508506616258
E00092558,371,71,40,31,300,32,268,19.137466307277627,10.781671159029651,8.355795148247978,80.86253369272237,8.62533692722372,72.23719676549865
E00092559,221,30,18,12,191,19,172,13.574660633484163,8.144796380090497,5.429864253393665,86.42533936651584,8.597285067873303,77.82805429864254
E00092560,409,64,13,51,345,53,292,15.647921760391197,3.1784841075794623,12.469437652811736,84.3520782396088,12.95843520782396,71.39364303178483
E00092561,286,43,14,29,243,18,225,15.034965034965033,4.895104895104895,10.13986013986014,84.96503496503497,6.293706293706294,78.67132867132867
E00092562,312,46,15,31,266,25,241,14.743589743589745,4.807692307692308,9.935897435897436,85.25641025641025,8.012820512820513,77.24358974358975
E00092563,354,49,15,34,305,20,285,13.841807909604519,4.23728813559322,9.6045197740113,86.15819209039547,5.649717514124294,80.50847457627118
E00092564,307,78,42,36,229,28,201,25.407166123778502,13.680781758957655,11.726384364820847,74.5928338762215,9.120521172638437,65.47231270358306
E00092565,301,56,25,31,245,23,222,18.6046511627907,8.305647840531561,10.299003322259136,81.3953488372093,7.641196013289036,73.75415282392026
E00092566,352,108,53,55,244,26,218,30.681818181818183,15.056818181818182,15.625,69.31818181818183,7.386363636363637,61.93181818181818
E00092567,414,53,20,33,361,33,328,12.80193236714976,4.830917874396135,7.971014492753622,87.19806763285024,7.971014492753622,79.22705314009661
E00092568,349,87,41,46,262,15,247,24.92836676217765,11.74785100286533,13.18051575931232,75.07163323782235,4.297994269340974,70.77363896848138
E00092569,266,56,23,33,210,19,191,21.052631578947366,8.646616541353383,12.406015037593985,78.94736842105263,7.142857142857142,71.80451127819549
E00092570,355,78,28,50,277,13,264,21.971830985915496,7.887323943661972,14.084507042253522,78.0281690140845,3.6619718309859155,74.36619718309859
E00092571,297,35,8,27,262,29,233,11.784511784511785,2.6936026936026933,9.090909090909092,88.21548821548821,9.764309764309765,78.45117845117845
E00092572,358,58,13,45,300,36,264,16.201117318435752,3.6312849162011176,12.569832402234638,83.79888268156425,10.05586592178771,73.74301675977654
E00092573,315,39,12,27,276,26,250,12.380952380952381,3.8095238095238098,8.571428571428571,87.61904761904762,8.253968253968253,79.36507936507937
E00092574,286,38,17,21,248,16,232,13.286713286713287,5.944055944055944,7.3426573426573425,86.7132867132867,5.594405594405594,81.11888111888112
E00092575,250,84,42,42,166,16,150,33.6,16.8,16.8,66.4,6.4,60
E00092576,286,35,11,24,251,17,234,12.237762237762238,3.8461538461538463,8.391608391608392,87.76223776223776,5.944055944055944,81.81818181818183
E00092577,314,55,23,32,259,21,238,17.51592356687898,7.32484076433121,10.191082802547772,82.48407643312102,6.687898089171974,75.79617834394905
E00092578,215,61,30,31,154,13,141,28.37209302325581,13.953488372093023,14.418604651162791,71.62790697674419,6.046511627906977,65.58139534883722
E00092579,298,62,24,38,236,24,212,20.80536912751678,8.053691275167784,12.751677852348994,79.19463087248322,8.053691275167784,71.14093959731544
E00092580,454,95,43,52,359,18,341,20.92511013215859,9.47136563876652,11.45374449339207,79.07488986784142,3.9647577092511015,75.1101321585903
E00092581,325,70,37,33,255,20,235,21.53846153846154,11.384615384615385,10.153846153846153,78.46153846153847,6.153846153846154,72.3076923076923
E00092582,256,44,23,21,212,26,186,17.1875,8.984375,8.203125,82.8125,10.15625,72.65625
E00092583,292,53,27,26,239,25,214,18.15068493150685,9.246575342465754,8.904109589041095,81.84931506849315,8.561643835616438,73.28767123287672
E00092584,224,38,14,24,186,21,165,16.964285714285715,6.25,10.714285714285714,83.03571428571429,9.375,73.66071428571429
E00092585,207,51,39,12,156,24,132,24.637681159420293,18.84057971014493,5.797101449275362,75.36231884057972,11.594202898550725,63.76811594202898
E00092586,283,48,21,27,235,17,218,16.96113074204947,7.420494699646643,9.540636042402827,83.03886925795054,6.007067137809187,77.03180212014135
E00092587,184,23,8,15,161,12,149,12.5,4.3478260869565215,8.152173913043478,87.5,6.521739130434782,80.97826086956522
E00092588,214,27,13,14,187,19,168,12.616822429906541,6.074766355140187,6.5420560747663545,87.38317757009347,8.878504672897195,78.50467289719626
E00092589,357,50,22,28,307,17,290,14.005602240896359,6.162464985994398,7.8431372549019605,85.99439775910365,4.761904761904762,81.23249299719888
E00092590,443,59,19,40,384,39,345,13.31828442437923,4.288939051918736,9.029345372460497,86.68171557562077,8.803611738148984,77.87810383747178
E00092591,178,25,9,16,153,10,143,14.04494382022472,5.056179775280898,8.98876404494382,85.95505617977528,5.617977528089887,80.33707865168539
E00092592,229,44,17,27,185,19,166,19.213973799126638,7.423580786026202,11.790393013100436,80.78602620087337,8.296943231441048,72.48908296943232
E00092593,264,52,16,36,212,19,193,19.696969696969695,6.0606060606060606,13.636363636363635,80.3030303030303,7.196969696969697,73.10606060606061
E00092594,213,59,26,33,154,19,135,27.699530516431924,12.206572769953052,15.492957746478872,72.30046948356808,8.92018779342723,63.38028169014085
E00092596,269,69,27,42,200,15,185,25.650557620817843,10.037174721189592,15.613382899628252,74.34944237918215,5.5762081784386615,68.77323420074349
E00092597,315,53,24,29,262,32,230,16.825396825396826,7.6190476190476195,9.206349206349207,83.17460317460318,10.158730158730158,73.01587301587301
E00092598,295,86,54,32,209,24,185,29.152542372881356,18.305084745762713,10.847457627118644,70.84745762711864,8.135593220338983,62.71186440677966
E00092599,380,40,18,22,340,19,321,10.526315789473683,4.736842105263158,5.7894736842105265,89.47368421052632,5,84.47368421052632
E00092600,189,33,12,21,156,8,148,17.46031746031746,6.349206349206349,11.11111111111111,82.53968253968253,4.232804232804233,78.3068783068783
E00092601,199,30,14,16,169,13,156,15.07537688442211,7.035175879396985,8.040201005025125,84.92462311557789,6.532663316582915,78.39195979899498
E00092602,327,48,26,22,279,13,266,14.678899082568808,7.951070336391437,6.727828746177369,85.3211009174312,3.9755351681957185,81.34556574923548
E00092603,276,35,16,19,241,27,214,12.681159420289855,5.797101449275362,6.884057971014493,87.31884057971014,9.782608695652174,77.53623188405797
E00092604,420,49,22,27,371,34,337,11.666666666666666,5.238095238095238,6.428571428571428,88.33333333333333,8.095238095238095,80.23809523809524
E00092605,277,47,21,26,230,26,204,16.967509025270758,7.581227436823104,9.386281588447654,83.03249097472924,9.386281588447654,73.6462093862816
E00092606,275,47,18,29,228,20,208,17.09090909090909,6.545454545454546,10.545454545454545,82.9090909090909,7.2727272727272725,75.63636363636364
E00092607,299,48,15,33,251,21,230,16.05351170568562,5.016722408026756,11.036789297658862,83.94648829431438,7.023411371237458,76.92307692307693
E00092608,293,37,14,23,256,32,224,12.627986348122866,4.778156996587031,7.849829351535837,87.37201365187714,10.921501706484642,76.45051194539249
E00092609,222,39,9,30,183,14,169,17.56756756756757,4.054054054054054,13.513513513513514,82.43243243243244,6.306306306306306,76.12612612612612
E00092610,264,42,17,25,222,14,208,15.909090909090908,6.4393939393939394,9.469696969696969,84.0909090909091,5.303030303030303,78.78787878787878
E00092611,364,89,53,36,275,18,257,24.45054945054945,14.560439560439562,9.89010989010989,75.54945054945054,4.945054945054945,70.6043956043956
E00092612,117,27,10,17,90,9,81,23.076923076923077,8.547008547008547,14.529914529914532,76.92307692307693,7.6923076923076925,69.23076923076923
E00092613,193,26,11,15,167,14,153,13.471502590673575,5.699481865284974,7.772020725388601,86.52849740932642,7.253886010362693,79.27461139896373
E00092614,452,121,67,54,331,27,304,26.769911504424783,14.823008849557523,11.946902654867257,73.23008849557522,5.9734513274336285,67.2566371681416
E00092615,285,35,13,22,250,26,224,12.280701754385964,4.56140350877193,7.719298245614035,87.71929824561403,9.12280701754386,78.59649122807018
E00092617,327,54,15,39,273,32,241,16.51376146788991,4.587155963302752,11.926605504587156,83.4862385321101,9.785932721712538,73.70030581039755
E00092618,308,35,17,18,273,28,245,11.363636363636363,5.51948051948052,5.844155844155844,88.63636363636364,9.090909090909092,79.54545454545455
E00092619,312,26,12,14,286,30,256,8.333333333333332,3.8461538461538463,4.487179487179487,91.66666666666666,9.615384615384617,82.05128205128204
E00092620,219,39,15,24,180,21,159,17.80821917808219,6.8493150684931505,10.95890410958904,82.1917808219178,9.58904109589041,72.6027397260274
E00092621,225,40,19,21,185,16,169,17.77777777777778,8.444444444444445,9.333333333333334,82.22222222222221,7.111111111111111,75.1111111111111
E00092622,246,47,16,31,199,10,189,19.10569105691057,6.504065040650407,12.601626016260163,80.89430894308943,4.0650406504065035,76.82926829268293
E00092623,322,55,31,24,267,36,231,17.080745341614907,9.627329192546584,7.453416149068323,82.91925465838509,11.180124223602485,71.73913043478261
E00092624,263,36,11,25,227,24,203,13.688212927756654,4.182509505703422,9.505703422053232,86.31178707224335,9.125475285171103,77.18631178707224
E00092625,417,59,20,39,358,25,333,14.148681055155876,4.796163069544365,9.352517985611511,85.85131894484412,5.995203836930456,79.85611510791367
E00092626,239,38,15,23,201,25,176,15.899581589958158,6.2761506276150625,9.623430962343097,84.10041841004184,10.460251046025103,73.64016736401673
E00092627,314,26,7,19,288,18,270,8.280254777070063,2.229299363057325,6.050955414012739,91.71974522292994,5.7324840764331215,85.98726114649682
E00092628,270,37,5,32,233,30,203,13.703703703703704,1.8518518518518516,11.851851851851853,86.29629629629629,11.11111111111111,75.18518518518519
E00092629,217,31,11,20,186,18,168,14.285714285714285,5.0691244239631335,9.216589861751153,85.71428571428571,8.294930875576037,77.41935483870968
E00092630,302,32,7,25,270,35,235,10.596026490066226,2.3178807947019866,8.27814569536424,89.40397350993378,11.589403973509933,77.81456953642383
E00092631,346,43,15,28,303,29,274,12.427745664739884,4.335260115606936,8.092485549132949,87.57225433526011,8.38150289017341,79.1907514450867
E00092632,273,62,25,37,211,20,191,22.71062271062271,9.157509157509157,13.553113553113553,77.2893772893773,7.326007326007327,69.96336996336996
E00092633,320,110,49,61,210,23,187,34.375,15.312500000000002,19.0625,65.625,7.187499999999999,58.4375
E00092634,235,48,23,25,187,15,172,20.425531914893615,9.787234042553191,10.638297872340425,79.57446808510639,6.382978723404255,73.19148936170212
E00092635,261,46,18,28,215,23,192,17.624521072796934,6.896551724137931,10.727969348659004,82.37547892720306,8.812260536398467,73.5632183908046
E00092636,188,47,23,24,141,7,134,25,12.23404255319149,12.76595744680851,75,3.723404255319149,71.27659574468085
E00092637,291,35,9,26,256,27,229,12.027491408934708,3.0927835051546393,8.934707903780069,87.97250859106529,9.278350515463918,78.69415807560138
E00092638,270,37,13,24,233,18,215,13.703703703703704,4.814814814814815,8.88888888888889,86.29629629629629,6.666666666666667,79.62962962962963
E00092639,309,39,16,23,270,18,252,12.62135922330097,5.177993527508091,7.443365695792881,87.37864077669903,5.825242718446602,81.55339805825243
E00092640,286,60,23,37,226,18,208,20.97902097902098,8.041958041958042,12.937062937062937,79.02097902097903,6.293706293706294,72.72727272727273
E00092641,230,62,26,36,168,22,146,26.956521739130434,11.304347826086957,15.65217391304348,73.04347826086956,9.565217391304348,63.47826086956522
E00092642,240,61,27,34,179,14,165,25.416666666666664,11.25,14.166666666666666,74.58333333333333,5.833333333333333,68.75
E00092643,301,65,33,32,236,18,218,21.59468438538206,10.96345514950166,10.631229235880399,78.40531561461795,5.980066445182724,72.42524916943522
E00092644,377,77,53,24,300,40,260,20.424403183023873,14.058355437665782,6.36604774535809,79.57559681697613,10.610079575596817,68.96551724137932
E00092645,322,49,23,26,273,28,245,15.217391304347828,7.142857142857142,8.074534161490684,84.78260869565217,8.695652173913043,76.08695652173914
E00092646,338,61,29,32,277,35,242,18.04733727810651,8.579881656804734,9.467455621301776,81.95266272189349,10.355029585798817,71.59763313609467
E00092647,351,53,18,35,298,26,272,15.0997150997151,5.128205128205128,9.971509971509972,84.9002849002849,7.4074074074074066,77.49287749287748
E00092648,190,31,9,22,159,14,145,16.315789473684212,4.736842105263158,11.578947368421053,83.6842105263158,7.368421052631578,76.31578947368422
E00092649,244,48,12,36,196,13,183,19.672131147540984,4.918032786885246,14.754098360655737,80.32786885245902,5.327868852459016,75
E00092650,412,101,51,50,311,24,287,24.514563106796118,12.37864077669903,12.135922330097088,75.48543689320388,5.825242718446602,69.66019417475728
E00092651,308,52,19,33,256,21,235,16.883116883116884,6.1688311688311686,10.714285714285714,83.11688311688312,6.8181818181818175,76.2987012987013
E00092652,307,59,25,34,248,26,222,19.218241042345277,8.143322475570033,11.074918566775244,80.78175895765473,8.469055374592834,72.31270358306189
E00092653,352,91,52,39,261,29,232,25.85227272727273,14.772727272727273,11.079545454545455,74.14772727272727,8.238636363636363,65.9090909090909
E00092654,272,50,23,27,222,27,195,18.38235294117647,8.455882352941178,9.926470588235293,81.61764705882352,9.926470588235293,71.69117647058823
E00092655,115,19,7,12,96,13,83,16.52173913043478,6.086956521739131,10.434782608695652,83.47826086956522,11.304347826086957,72.17391304347827
E00092656,194,35,18,17,159,16,143,18.04123711340206,9.278350515463918,8.762886597938143,81.95876288659794,8.24742268041237,73.71134020618557
E00092657,433,129,44,85,304,32,272,29.79214780600462,10.161662817551962,19.630484988452658,70.20785219399538,7.390300230946882,62.8175519630485
E00092659,213,47,19,28,166,15,151,22.065727699530516,8.92018779342723,13.145539906103288,77.93427230046949,7.042253521126761,70.89201877934272
E00092660,154,23,4,19,131,13,118,14.935064935064934,2.5974025974025974,12.337662337662337,85.06493506493507,8.441558441558442,76.62337662337663
E00092661,258,37,8,29,221,15,206,14.34108527131783,3.10077519379845,11.24031007751938,85.65891472868216,5.813953488372093,79.84496124031007
E00092662,267,47,18,29,220,28,192,17.60299625468165,6.741573033707865,10.861423220973784,82.39700374531836,10.486891385767791,71.91011235955057
E00092663,286,56,23,33,230,23,207,19.58041958041958,8.041958041958042,11.538461538461538,80.41958041958041,8.041958041958042,72.37762237762237
E00092664,246,49,25,24,197,17,180,19.91869918699187,10.16260162601626,9.75609756097561,80.08130081300813,6.910569105691057,73.17073170731707
E00092665,233,47,22,25,186,17,169,20.171673819742487,9.44206008583691,10.72961373390558,79.82832618025752,7.296137339055794,72.53218884120172
E00092666,571,69,26,43,502,38,464,12.084063047285463,4.553415061295972,7.530647985989491,87.91593695271453,6.654991243432574,81.26094570928196
E00092667,503,79,31,48,424,44,380,15.705765407554672,6.163021868787276,9.542743538767395,84.29423459244532,8.747514910536779,75.54671968190854
E00092668,306,38,11,27,268,27,241,12.418300653594772,3.594771241830065,8.823529411764707,87.58169934640523,8.823529411764707,78.75816993464052
E00092669,337,40,10,30,297,27,270,11.869436201780417,2.967359050445104,8.902077151335313,88.13056379821958,8.011869436201781,80.1186943620178
E00092670,428,61,26,35,367,36,331,14.252336448598129,6.074766355140187,8.177570093457943,85.74766355140187,8.411214953271028,77.33644859813083
E00092672,238,35,18,17,203,24,179,14.705882352941178,7.563025210084033,7.142857142857142,85.29411764705883,10.084033613445378,75.21008403361344
E00092673,192,21,4,17,171,14,157,10.9375,2.083333333333333,8.854166666666668,89.0625,7.291666666666667,81.77083333333334
E00092674,340,44,11,33,296,24,272,12.941176470588237,3.2352941176470593,9.705882352941178,87.05882352941177,7.0588235294117645,80
E00092675,241,25,11,14,216,17,199,10.37344398340249,4.564315352697095,5.809128630705394,89.62655601659752,7.053941908713693,82.57261410788381
E00092676,135,19,6,13,116,12,104,14.074074074074074,4.444444444444445,9.62962962962963,85.92592592592592,8.88888888888889,77.03703703703704
E00092677,208,23,6,17,185,17,168,11.057692307692307,2.8846153846153846,8.173076923076923,88.9423076923077,8.173076923076923,80.76923076923077
E00092678,393,55,20,35,338,30,308,13.994910941475828,5.089058524173027,8.9058524173028,86.00508905852418,7.633587786259542,78.37150127226464
E00092679,220,61,33,28,159,15,144,27.727272727272727,15,12.727272727272727,72.27272727272728,6.8181818181818175,65.45454545454545
E00092680,309,82,32,50,227,29,198,26.537216828478964,10.355987055016183,16.181229773462782,73.46278317152104,9.385113268608414,64.07766990291263
E00092681,309,56,16,40,253,29,224,18.12297734627832,5.177993527508091,12.944983818770226,81.87702265372168,9.385113268608414,72.49190938511327
E00092682,250,36,10,26,214,25,189,14.399999999999999,4,10.4,85.6,10,75.6
E00092683,147,21,9,12,126,16,110,14.285714285714285,6.122448979591836,8.16326530612245,85.71428571428571,10.884353741496598,74.82993197278913
E00092684,397,61,30,31,336,31,305,15.365239294710328,7.5566750629722925,7.8085642317380355,84.63476070528966,7.8085642317380355,76.82619647355163
E00092685,422,58,12,46,364,21,343,13.744075829383887,2.843601895734597,10.90047393364929,86.25592417061611,4.976303317535545,81.27962085308057
E00092686,150,17,4,13,133,16,117,11.333333333333332,2.666666666666667,8.666666666666668,88.66666666666667,10.666666666666668,78
E00092687,353,39,11,28,314,35,279,11.048158640226628,3.1161473087818696,7.932011331444759,88.95184135977338,9.91501416430595,79.03682719546742
E00092688,124,17,5,12,107,11,96,13.709677419354838,4.032258064516129,9.67741935483871,86.29032258064517,8.870967741935484,77.41935483870968
E00092689,206,30,7,23,176,17,159,14.563106796116504,3.3980582524271843,11.165048543689322,85.43689320388349,8.25242718446602,77.18446601941747
E00092690,242,33,13,20,209,19,190,13.636363636363635,5.371900826446281,8.264462809917356,86.36363636363636,7.851239669421488,78.51239669421489
E00092691,213,34,13,21,179,20,159,15.96244131455399,6.103286384976526,9.859154929577464,84.03755868544602,9.389671361502346,74.64788732394366
E00092692,316,43,26,17,273,25,248,13.60759493670886,8.227848101265822,5.379746835443038,86.39240506329115,7.9113924050632916,78.48101265822784
E00092693,387,56,27,29,331,28,303,14.470284237726098,6.976744186046512,7.493540051679587,85.52971576227391,7.235142118863049,78.29457364341084
E00092694,328,75,26,49,253,28,225,22.865853658536587,7.926829268292683,14.939024390243901,77.13414634146342,8.536585365853659,68.59756097560977
E00092695,385,62,21,41,323,43,280,16.103896103896105,5.454545454545454,10.649350649350648,83.8961038961039,11.168831168831169,72.72727272727273
E00092696,305,42,11,31,263,34,229,13.77049180327869,3.606557377049181,10.163934426229508,86.22950819672131,11.147540983606557,75.08196721311475
E00092697,357,79,34,45,278,30,248,22.128851540616246,9.523809523809524,12.605042016806722,77.87114845938376,8.403361344537815,69.46778711484593
E00092698,343,47,18,29,296,26,270,13.702623906705538,5.247813411078718,8.454810495626822,86.29737609329446,7.580174927113703,78.71720116618076
E00092699,300,52,8,44,248,31,217,17.333333333333336,2.666666666666667,14.666666666666666,82.66666666666667,10.333333333333334,72.33333333333334
E00092700,349,74,23,51,275,40,235,21.20343839541547,6.59025787965616,14.613180515759314,78.79656160458453,11.461318051575931,67.3352435530086
E00092701,245,39,14,25,206,16,190,15.918367346938775,5.714285714285714,10.204081632653061,84.08163265306122,6.530612244897959,77.55102040816327
E00092702,296,28,8,20,268,35,233,9.45945945945946,2.7027027027027026,6.756756756756757,90.54054054054053,11.824324324324325,78.71621621621621
E00092703,228,45,13,32,183,24,159,19.736842105263158,5.701754385964912,14.035087719298245,80.26315789473685,10.526315789473683,69.73684210526315
E00092704,251,73,44,29,178,19,159,29.08366533864542,17.52988047808765,11.553784860557768,70.91633466135458,7.569721115537849,63.34661354581673
E00092705,296,39,8,31,257,38,219,13.175675675675674,2.7027027027027026,10.472972972972974,86.82432432432432,12.837837837837837,73.98648648648648
E00092706,280,45,23,22,235,26,209,16.071428571428573,8.214285714285714,7.857142857142857,83.92857142857143,9.285714285714286,74.64285714285714
E00092707,319,70,47,23,249,25,224,21.9435736677116,14.733542319749215,7.210031347962382,78.0564263322884,7.836990595611286,70.21943573667711
E00092708,291,37,14,23,254,36,218,12.714776632302405,4.810996563573884,7.903780068728522,87.2852233676976,12.371134020618557,74.91408934707904
E00092709,285,27,6,21,258,33,225,9.473684210526317,2.1052631578947367,7.368421052631578,90.52631578947368,11.578947368421053,78.94736842105263
E00092710,344,97,69,28,247,23,224,28.197674418604652,20.058139534883722,8.13953488372093,71.80232558139535,6.686046511627906,65.11627906976744
E00092711,351,65,24,41,286,30,256,18.51851851851852,6.837606837606838,11.68091168091168,81.48148148148148,8.547008547008547,72.93447293447294
E00092712,336,49,16,33,287,28,259,14.583333333333334,4.761904761904762,9.821428571428571,85.41666666666666,8.333333333333332,77.08333333333334
E00092713,425,38,13,25,387,35,352,8.941176470588236,3.058823529411765,5.88235294117647,91.05882352941177,8.235294117647058,82.82352941176471
E00092715,282,53,18,35,229,30,199,18.79432624113475,6.382978723404255,12.411347517730496,81.20567375886525,10.638297872340425,70.56737588652481
E00092716,303,43,12,31,260,31,229,14.19141914191419,3.9603960396039604,10.231023102310232,85.8085808580858,10.231023102310232,75.57755775577559
E00092717,302,45,11,34,257,26,231,14.90066225165563,3.642384105960265,11.258278145695364,85.09933774834437,8.609271523178808,76.49006622516556
E00092718,312,46,8,38,266,40,226,14.743589743589745,2.564102564102564,12.179487179487179,85.25641025641025,12.82051282051282,72.43589743589743
E00092719,269,54,24,30,215,17,198,20.074349442379184,8.921933085501859,11.152416356877323,79.92565055762083,6.319702602230483,73.60594795539033
E00092720,337,79,34,45,258,22,236,23.44213649851632,10.089020771513352,13.353115727002967,76.55786350148368,6.528189910979229,70.02967359050444
E00092721,311,49,17,32,262,27,235,15.755627009646304,5.466237942122187,10.289389067524116,84.2443729903537,8.681672025723474,75.56270096463022
E00092722,297,67,31,36,230,19,211,22.55892255892256,10.437710437710438,12.121212121212121,77.44107744107744,6.397306397306397,71.04377104377105
E00092723,306,49,21,28,257,33,224,16.013071895424837,6.862745098039216,9.15032679738562,83.98692810457517,10.784313725490197,73.20261437908496
E00092724,235,63,35,28,172,16,156,26.80851063829787,14.893617021276595,11.914893617021278,73.19148936170212,6.808510638297872,66.38297872340425
E00092725,237,41,26,15,196,18,178,17.29957805907173,10.970464135021098,6.329113924050633,82.70042194092827,7.59493670886076,75.10548523206751
E00092726,371,81,36,45,290,20,270,21.83288409703504,9.703504043126685,12.129380053908356,78.16711590296495,5.3908355795148255,72.77628032345014
E00092727,293,42,16,26,251,27,224,14.334470989761092,5.460750853242321,8.873720136518772,85.6655290102389,9.215017064846416,76.45051194539249
E00092728,290,42,12,30,248,25,223,14.482758620689657,4.137931034482759,10.344827586206897,85.51724137931035,8.620689655172415,76.89655172413794
E00092729,248,44,18,26,204,25,179,17.741935483870968,7.258064516129033,10.483870967741936,82.25806451612904,10.080645161290322,72.17741935483872
E00092730,250,53,18,35,197,23,174,21.2,7.199999999999999,14.000000000000002,78.8,9.2,69.6
E00092731,299,41,21,20,258,28,230,13.712374581939798,7.023411371237458,6.688963210702341,86.2876254180602,9.364548494983277,76.92307692307693
E00092732,286,51,24,27,235,22,213,17.832167832167833,8.391608391608392,9.44055944055944,82.16783216783216,7.6923076923076925,74.47552447552448
E00092733,405,91,44,47,314,21,293,22.469135802469136,10.864197530864198,11.604938271604938,77.53086419753087,5.185185185185185,72.34567901234567
E00092734,351,53,22,31,298,30,268,15.0997150997151,6.267806267806268,8.831908831908832,84.9002849002849,8.547008547008547,76.35327635327636
E00092735,217,59,29,30,158,14,144,27.188940092165897,13.36405529953917,13.82488479262673,72.81105990783409,6.451612903225806,66.3594470046083
E00092736,312,40,16,24,272,34,238,12.82051282051282,5.128205128205128,7.6923076923076925,87.17948717948718,10.897435897435898,76.28205128205127
E00092737,277,43,13,30,234,26,208,15.523465703971121,4.693140794223827,10.830324909747292,84.47653429602889,9.386281588447654,75.09025270758123
E00092738,301,32,18,14,269,29,240,10.631229235880399,5.980066445182724,4.651162790697675,89.3687707641196,9.634551495016613,79.734219269103
E00092739,290,34,10,24,256,28,228,11.724137931034482,3.4482758620689653,8.275862068965518,88.27586206896552,9.655172413793103,78.62068965517241
E00092740,284,43,20,23,241,24,217,15.140845070422534,7.042253521126761,8.098591549295776,84.85915492957746,8.450704225352112,76.40845070422534
E00092741,138,70,35,35,68,8,60,50.72463768115942,25.36231884057971,25.36231884057971,49.275362318840585,5.797101449275362,43.47826086956522
E00092742,335,47,14,33,288,24,264,14.029850746268657,4.179104477611941,9.850746268656717,85.97014925373134,7.164179104477612,78.80597014925374
E00092743,263,49,16,33,214,19,195,18.631178707224336,6.083650190114068,12.547528517110266,81.36882129277566,7.224334600760455,74.1444866920152
E00092744,292,33,13,20,259,22,237,11.301369863013697,4.4520547945205475,6.8493150684931505,88.6986301369863,7.534246575342466,81.16438356164383
E00092745,266,34,13,21,232,21,211,12.781954887218044,4.887218045112782,7.894736842105263,87.21804511278195,7.894736842105263,79.32330827067669
E00092746,307,50,14,36,257,29,228,16.286644951140065,4.5602605863192185,11.726384364820847,83.71335504885994,9.446254071661238,74.2671009771987
E00092747,260,41,13,28,219,21,198,15.769230769230768,5,10.76923076923077,84.23076923076923,8.076923076923077,76.15384615384615
E00092748,307,72,31,41,235,23,212,23.452768729641694,10.097719869706841,13.355048859934854,76.54723127035831,7.491856677524431,69.05537459283387
E00092749,268,56,21,35,212,30,182,20.8955223880597,7.835820895522389,13.059701492537313,79.1044776119403,11.194029850746269,67.91044776119402
E00092750,350,57,18,39,293,22,271,16.28571428571429,5.142857142857142,11.142857142857142,83.71428571428572,6.2857142857142865,77.42857142857143
E00092751,442,64,21,43,378,39,339,14.479638009049776,4.751131221719457,9.728506787330318,85.52036199095022,8.823529411764707,76.696832579185525
E00092752,333,49,11,38,284,31,253,14.714714714714713,3.303303303303303,11.411411411411411,85.28528528528528,9.30930930930931,75.97597597597597
E00092753,287,61,22,39,226,32,194,21.254355400696863,7.665505226480835,13.588850174216027,78.74564459930313,11.149825783972126,67.59581881533101
E00092754,326,56,20,36,270,42,228,17.177914110429448,6.134969325153374,11.042944785276074,82.82208588957054,12.883435582822086,69.93865030674846
E00092755,330,54,27,27,276,24,252,16.363636363636363,8.181818181818182,8.181818181818182,83.63636363636363,7.2727272727272725,76.36363636363637
E00092756,282,56,23,33,226,29,197,19.858156028368796,8.156028368794328,11.702127659574469,80.1418439716312,10.28368794326241,69.8581560283688
E00093444,173,21,7,14,152,14,138,12.138728323699421,4.046242774566474,8.092485549132949,87.861271676300575,8.092485549132949,79.76878612716763
E00093445,296,49,19,30,247,32,215,16.554054054054053,6.418918918918918,10.135135135135135,83.44594594594594,10.81081081081081,72.63513513513513
E00093446,289,43,9,34,246,28,218,14.878892733564014,3.1141868512110724,11.76470588235294,85.12110726643598,9.688581314878892,75.4325259515571
E00093447,258,62,22,40,196,21,175,24.031007751937985,8.527131782945736,15.503875968992247,75.96899224806202,8.13953488372093,67.82945736434108
E00093448,311,56,21,35,255,20,235,18.006430868167204,6.752411575562702,11.254019292604502,81.9935691318328,6.430868167202572,75.56270096463022
E00093449,234,36,18,18,198,30,168,15.384615384615385,7.6923076923076925,7.6923076923076925,84.61538461538461,12.82051282051282,71.7948717948718
E00093451,310,76,37,39,234,16,218,24.516129032258064,11.935483870967742,12.580645161290322,75.48387096774194,5.161290322580645,70.3225806451613
E00093452,260,48,19,29,212,17,195,18.461538461538463,7.307692307692308,11.153846153846155,81.53846153846153,6.538461538461539,75
E00093453,286,52,24,28,234,17,217,18.181818181818183,8.391608391608392,9.79020979020979,81.81818181818183,5.944055944055944,75.87412587412588
E00093454,259,92,60,32,167,15,152,35.521235521235525,23.166023166023166,12.355212355212355,64.47876447876449,5.7915057915057915,58.68725868725869
E00093455,346,85,54,31,261,15,246,24.566473988439306,15.606936416184972,8.959537572254336,75.43352601156069,4.335260115606936,71.09826589595376
E00093456,440,122,71,51,318,17,301,27.727272727272727,16.136363636363637,11.59090909090909,72.27272727272728,3.8636363636363633,68.4090909090909
E00093457,324,66,33,33,258,24,234,20.37037037037037,10.185185185185185,10.185185185185185,79.62962962962963,7.4074074074074066,72.22222222222221
E00093458,434,87,38,49,347,26,321,20.046082949308754,8.755760368663594,11.29032258064516,79.95391705069125,5.990783410138248,73.963133640553
E00093459,287,64,20,44,223,14,209,22.299651567944252,6.968641114982578,15.33101045296167,77.70034843205575,4.878048780487805,72.82229965156795
E00093460,255,46,20,26,209,26,183,18.03921568627451,7.8431372549019605,10.196078431372548,81.96078431372548,10.196078431372548,71.76470588235294
E00093461,274,50,19,31,224,18,206,18.248175182481752,6.934306569343065,11.313868613138686,81.75182481751825,6.569343065693431,75.18248175182481
E00093462,306,104,38,66,202,21,181,33.98692810457516,12.418300653594772,21.568627450980394,66.01307189542483,6.862745098039216,59.150326797385624
E00093463,296,96,54,42,200,16,184,32.432432432432435,18.243243243243242,14.18918918918919,67.56756756756756,5.405405405405405,62.16216216216216
E00093464,470,145,73,72,325,28,297,30.851063829787233,15.53191489361702,15.319148936170212,69.14893617021278,5.957446808510639,63.191489361702125
E00093465,253,82,40,42,171,12,159,32.41106719367589,15.810276679841898,16.600790513833992,67.58893280632411,4.743083003952568,62.845849802371546
E00093466,182,63,29,34,119,12,107,34.61538461538461,15.934065934065933,18.681318681318682,65.38461538461539,6.593406593406594,58.791208791208796
E00093467,349,85,34,51,264,19,245,24.355300859598856,9.742120343839542,14.613180515759314,75.64469914040114,5.444126074498568,70.20057306590259
E00093468,279,66,35,31,213,16,197,23.655913978494624,12.544802867383511,11.11111111111111,76.34408602150538,5.734767025089606,70.60931899641577
E00093469,259,53,31,22,206,20,186,20.463320463320464,11.96911196911197,8.494208494208493,79.53667953667953,7.722007722007722,71.81467181467181
E00093470,306,62,29,33,244,16,228,20.26143790849673,9.477124183006536,10.784313725490197,79.73856209150327,5.228758169934641,74.50980392156863
E00093471,277,70,34,36,207,18,189,25.27075812274368,12.274368231046932,12.996389891696749,74.72924187725631,6.4981949458483745,68.23104693140795
E00093472,232,63,34,29,169,13,156,27.155172413793103,14.655172413793101,12.5,72.84482758620689,5.603448275862069,67.24137931034483
E00093473,369,76,34,42,293,21,272,20.59620596205962,9.214092140921409,11.38211382113821,79.40379403794037,5.691056910569105,73.71273712737127
E00093474,327,90,48,42,237,22,215,27.522935779816514,14.678899082568808,12.844036697247708,72.47706422018348,6.727828746177369,65.74923547400611
E00093475,294,63,34,29,231,21,210,21.428571428571427,11.564625850340136,9.863945578231291,78.57142857142857,7.142857142857142,71.42857142857143
E00093476,333,112,65,47,221,10,211,33.633633633633636,19.51951951951952,14.114114114114114,66.36636636636636,3.003003003003003,63.36336336336337
E00093477,340,82,43,39,258,29,229,24.11764705882353,12.647058823529411,11.470588235294118,75.88235294117646,8.529411764705882,67.3529411764706
E00093479,307,68,30,38,239,13,226,22.149837133550488,9.77198697068404,12.37785016286645,77.85016286644951,4.234527687296417,73.61563517915309
E00093480,295,72,35,37,223,21,202,24.40677966101695,11.864406779661017,12.54237288135593,75.59322033898304,7.118644067796611,68.47457627118644
E00093481,299,54,27,27,245,18,227,18.06020066889632,9.03010033444816,9.03010033444816,81.93979933110369,6.0200668896321075,75.91973244147158
E00093482,314,53,20,33,261,30,231,16.878980891719745,6.369426751592357,10.509554140127388,83.12101910828027,9.554140127388536,73.56687898089172
E00093483,296,56,25,31,240,14,226,18.91891891891892,8.445945945945946,10.472972972972974,81.08108108108108,4.72972972972973,76.35135135135135
E00093484,342,47,19,28,295,20,275,13.742690058479532,5.555555555555555,8.187134502923977,86.25730994152046,5.847953216374268,80.4093567251462
E00093485,315,53,25,28,262,18,244,16.825396825396826,7.936507936507936,8.88888888888889,83.17460317460318,5.714285714285714,77.46031746031747
E00093486,287,48,21,27,239,17,222,16.72473867595819,7.317073170731707,9.40766550522648,83.27526132404182,5.923344947735192,77.35191637630662
E00093487,317,43,18,25,274,24,250,13.564668769716087,5.678233438485805,7.886435331230284,86.43533123028391,7.570977917981073,78.86435331230284
E00093488,294,43,15,28,251,23,228,14.625850340136054,5.1020408163265305,9.523809523809524,85.37414965986395,7.8231292517006805,77.55102040816327
E00093489,319,75,24,51,244,23,221,23.510971786833856,7.523510971786834,15.987460815047022,76.48902821316614,7.210031347962382,69.27899686520375
E00093490,369,64,28,36,305,26,279,17.344173441734416,7.588075880758807,9.75609756097561,82.65582655826557,7.046070460704606,75.60975609756098
E00093491,346,59,23,36,287,28,259,17.052023121387283,6.6473988439306355,10.404624277456648,82.94797687861272,8.092485549132949,74.85549132947978
E00093492,306,31,12,19,275,19,256,10.130718954248366,3.9215686274509802,6.209150326797386,89.86928104575163,6.209150326797386,83.66013071895425
E00093493,280,34,10,24,246,22,224,12.142857142857142,3.571428571428571,8.571428571428571,87.85714285714286,7.857142857142857,80
E00093494,547,73,28,45,474,44,430,13.345521023765997,5.118829981718465,8.226691042047532,86.654478976234,8.043875685557587,78.61060329067642
E00093495,292,59,29,30,233,26,207,20.205479452054796,9.931506849315069,10.273972602739725,79.7945205479452,8.904109589041095,70.8904109589041
E00093496,569,76,23,53,493,35,458,13.356766256590511,4.042179261862917,9.314586994727591,86.64323374340948,6.151142355008787,80.4920913884007
E00093497,280,46,15,31,234,31,203,16.428571428571427,5.357142857142857,11.071428571428571,83.57142857142857,11.071428571428571,72.5
E00093498,266,36,13,23,230,18,212,13.533834586466165,4.887218045112782,8.646616541353383,86.46616541353383,6.7669172932330826,79.69924812030075
E00093499,251,64,31,33,187,19,168,25.49800796812749,12.350597609561753,13.147410358565736,74.5019920318725,7.569721115537849,66.93227091633466
E00093500,267,58,22,36,209,23,186,21.722846441947567,8.239700374531834,13.48314606741573,78.27715355805243,8.614232209737828,69.66292134831461
E00093501,392,53,18,35,339,32,307,13.520408163265307,4.591836734693878,8.928571428571429,86.4795918367347,8.16326530612245,78.31632653061224
E00093502,259,32,15,17,227,20,207,12.355212355212355,5.7915057915057915,6.563706563706563,87.64478764478764,7.722007722007722,79.92277992277992
E00093503,516,63,13,50,453,32,421,12.209302325581394,2.5193798449612403,9.689922480620156,87.79069767441861,6.2015503875969,81.5891472868217
E00093504,349,52,12,40,297,34,263,14.899713467048711,3.4383954154727796,11.461318051575931,85.10028653295129,9.742120343839542,75.35816618911176
E00093505,282,47,19,28,235,24,211,16.666666666666664,6.73758865248227,9.929078014184398,83.33333333333334,8.51063829787234,74.822695035461
E00093506,299,58,17,41,241,25,216,19.39799331103679,5.68561872909699,13.712374581939798,80.60200668896321,8.361204013377927,72.24080267558529
E00093507,308,43,18,25,265,25,240,13.96103896103896,5.844155844155844,8.116883116883116,86.03896103896103,8.116883116883116,77.92207792207793
E00093508,338,72,31,41,266,35,231,21.301775147928996,9.171597633136095,12.1301775147929,78.69822485207101,10.355029585798817,68.34319526627219
E00093509,291,38,20,18,253,19,234,13.058419243986256,6.872852233676976,6.185567010309279,86.94158075601375,6.529209621993128,80.41237113402062
E00093510,264,56,28,28,208,21,187,21.21212121212121,10.606060606060606,10.606060606060606,78.78787878787878,7.954545454545454,70.83333333333334
E00093511,275,49,17,32,226,43,183,17.81818181818182,6.181818181818182,11.636363636363637,82.18181818181817,15.636363636363637,66.54545454545455
E00093512,276,43,17,26,233,28,205,15.579710144927535,6.159420289855073,9.420289855072465,84.42028985507247,10.144927536231885,74.27536231884058
E00093513,278,49,20,29,229,24,205,17.62589928057554,7.1942446043165464,10.431654676258994,82.37410071942446,8.633093525179856,73.7410071942446
E00093514,317,45,22,23,272,17,255,14.195583596214512,6.940063091482649,7.255520504731862,85.8044164037855,5.3627760252365935,80.4416403785489
E00093515,240,88,36,52,152,14,138,36.666666666666664,15,21.666666666666668,63.33333333333333,5.833333333333333,57.49999999999999
E00093516,312,57,29,28,255,24,231,18.269230769230766,9.294871794871796,8.974358974358974,81.73076923076923,7.6923076923076925,74.03846153846155
E00093517,319,62,28,34,257,20,237,19.435736677115987,8.77742946708464,10.658307210031348,80.56426332288402,6.269592476489027,74.29467084639498
E00093518,225,57,19,38,168,24,144,25.333333333333336,8.444444444444445,16.88888888888889,74.66666666666667,10.666666666666668,64
E00093519,302,59,22,37,243,20,223,19.5364238410596,7.28476821192053,12.251655629139073,80.4635761589404,6.622516556291391,73.84105960264901
E00093520,246,48,15,33,198,27,171,19.51219512195122,6.097560975609756,13.414634146341465,80.48780487804879,10.975609756097562,69.51219512195121
E00093521,286,61,19,42,225,29,196,21.328671328671327,6.643356643356643,14.685314685314685,78.67132867132867,10.13986013986014,68.53146853146853
E00093522,394,84,41,43,310,36,274,21.31979695431472,10.406091370558377,10.913705583756345,78.68020304568529,9.137055837563452,69.54314720812182
E00093523,329,56,22,34,273,21,252,17.02127659574468,6.68693009118541,10.33434650455927,82.97872340425532,6.382978723404255,76.59574468085107
E00093524,329,68,29,39,261,21,240,20.66869300911854,8.814589665653495,11.854103343465045,79.33130699088146,6.382978723404255,72.94832826747721
E00093525,337,72,44,28,265,25,240,21.364985163204746,13.056379821958458,8.30860534124629,78.63501483679525,7.418397626112759,71.2166172106825
E00093527,268,54,20,34,214,16,198,20.149253731343283,7.462686567164178,12.686567164179104,79.8507462686567,5.970149253731343,73.88059701492537
E00093528,342,71,23,48,271,31,240,20.760233918128655,6.725146198830409,14.035087719298245,79.23976608187134,9.064327485380117,70.17543859649122
E00093529,287,55,25,30,232,29,203,19.16376306620209,8.710801393728223,10.452961672473867,80.8362369337979,10.104529616724738,70.73170731707317
E00093530,236,61,28,33,175,16,159,25.847457627118644,11.864406779661017,13.983050847457626,74.15254237288136,6.779661016949152,67.37288135593221
E00093531,222,66,32,34,156,23,133,29.72972972972973,14.414414414414415,15.315315315315313,70.27027027027027,10.36036036036036,59.909909909909906
E00093532,322,60,28,32,262,26,236,18.633540372670808,8.695652173913043,9.937888198757763,81.36645962732919,8.074534161490684,73.29192546583852
E00093533,337,92,36,56,245,17,228,27.299703264094955,10.682492581602373,16.61721068249258,72.70029673590504,5.044510385756676,67.65578635014838
E00093534,346,75,23,52,271,27,244,21.67630057803468,6.6473988439306355,15.028901734104046,78.32369942196532,7.803468208092486,70.52023121387283
E00093535,315,59,24,35,256,32,224,18.73015873015873,7.6190476190476195,11.11111111111111,81.26984126984127,10.158730158730158,71.11111111111111
E00093536,272,38,14,24,234,25,209,13.970588235294118,5.147058823529411,8.823529411764707,86.02941176470588,9.191176470588236,76.83823529411765
E00093537,252,39,14,25,213,21,192,15.476190476190476,5.555555555555555,9.920634920634921,84.52380952380952,8.333333333333332,76.19047619047619
E00093538,255,46,18,28,209,28,181,18.03921568627451,7.0588235294117645,10.980392156862745,81.96078431372548,10.980392156862745,70.98039215686275
E00093539,216,40,22,18,176,16,160,18.51851851851852,10.185185185185185,8.333333333333332,81.48148148148148,7.4074074074074066,74.07407407407408
E00093540,376,58,20,38,318,31,287,15.425531914893616,5.319148936170213,10.106382978723403,84.57446808510637,8.24468085106383,76.32978723404256
E00093541,284,40,20,20,244,22,222,14.084507042253522,7.042253521126761,7.042253521126761,85.91549295774648,7.746478873239436,78.16901408450704
E00093542,323,41,18,23,282,32,250,12.693498452012383,5.572755417956656,7.120743034055728,87.30650154798761,9.907120743034056,77.39938080495357
E00093543,337,81,40,41,256,32,224,24.03560830860534,11.869436201780417,12.166172106824925,75.96439169139467,9.495548961424333,66.46884272997032
E00093544,297,54,14,40,243,20,223,18.181818181818183,4.713804713804714,13.468013468013467,81.81818181818183,6.7340067340067336,75.08417508417509
E00093545,174,35,14,21,139,16,123,20.114942528735632,8.045977011494253,12.068965517241379,79.88505747126436,9.195402298850574,70.6896551724138
E00093546,318,41,15,26,277,35,242,12.89308176100629,4.716981132075472,8.176100628930817,87.10691823899371,11.0062893081761,76.10062893081762
E00093547,250,46,17,29,204,19,185,18.4,6.800000000000001,11.600000000000001,81.6,7.6,74
E00093548,269,49,21,28,220,22,198,18.21561338289963,7.806691449814126,10.408921933085502,81.78438661710037,8.178438661710038,73.60594795539033
E00093549,280,76,42,34,204,7,197,27.142857142857142,15,12.142857142857142,72.85714285714285,2.5,70.35714285714286
E00093550,254,62,29,33,192,20,172,24.409448818897637,11.41732283464567,12.992125984251967,75.59055118110236,7.874015748031496,67.71653543307087
E00093551,319,77,30,47,242,25,217,24.137931034482758,9.404388714733543,14.733542319749215,75.86206896551724,7.836990595611286,68.02507836990596
E00093552,323,58,26,32,265,22,243,17.956656346749224,8.04953560371517,9.907120743034056,82.04334365325077,6.811145510835913,75.23219814241486
E00093553,329,81,36,45,248,20,228,24.620060790273556,10.94224924012158,13.677811550151976,75.37993920972644,6.079027355623101,69.30091185410335
E00093554,250,43,17,26,207,25,182,17.2,6.800000000000001,10.4,82.8,10,72.8
E00093555,355,74,29,45,281,23,258,20.845070422535212,8.169014084507042,12.676056338028168,79.15492957746478,6.478873239436619,72.67605633802818
E00093556,312,50,18,32,262,21,241,16.025641025641026,5.769230769230769,10.256410256410255,83.97435897435898,6.730769230769231,77.24358974358975
E00093557,298,101,56,45,197,22,175,33.89261744966443,18.79194630872483,15.100671140939598,66.10738255033557,7.38255033557047,58.7248322147651
E00093558,298,71,49,22,227,21,206,23.825503355704697,16.44295302013423,7.38255033557047,76.1744966442953,7.046979865771812,69.12751677852349
E00093559,303,81,33,48,222,14,208,26.732673267326735,10.891089108910892,15.841584158415841,73.26732673267327,4.62046204620462,68.64686468646865
E00093560,234,50,21,29,184,14,170,21.367521367521366,8.974358974358974,12.393162393162394,78.63247863247864,5.982905982905983,72.64957264957265
E00093561,274,52,14,38,222,35,187,18.97810218978102,5.109489051094891,13.86861313868613,81.02189781021897,12.773722627737227,68.24817518248175
E00093562,200,56,25,31,144,15,129,28.000000000000004,12.5,15.5,72,7.5,64.5
E00093563,278,68,28,40,210,20,190,24.46043165467626,10.071942446043165,14.388489208633093,75.53956834532374,7.1942446043165464,68.34532374100719
E00093564,254,46,18,28,208,14,194,18.11023622047244,7.086614173228346,11.023622047244094,81.88976377952756,5.511811023622047,76.37795275590551
E00093565,370,90,45,45,280,13,267,24.324324324324326,12.162162162162163,12.162162162162163,75.67567567567568,3.5135135135135136,72.16216216216216
E00093566,328,72,39,33,256,18,238,21.951219512195124,11.890243902439025,10.060975609756099,78.04878048780488,5.487804878048781,72.5609756097561
E00093567,368,73,35,38,295,28,267,19.83695652173913,9.510869565217392,10.326086956521738,80.16304347826086,7.608695652173914,72.55434782608695
E00093568,325,86,30,56,239,13,226,26.461538461538463,9.230769230769232,17.23076923076923,73.53846153846155,4,69.53846153846153
E00093569,304,59,24,35,245,37,208,19.407894736842106,7.894736842105263,11.513157894736842,80.5921052631579,12.171052631578947,68.42105263157895
E00093570,244,47,15,32,197,31,166,19.262295081967213,6.147540983606557,13.114754098360656,80.73770491803278,12.704918032786885,68.0327868852459
E00093571,229,80,41,39,149,12,137,34.93449781659388,17.903930131004365,17.03056768558952,65.06550218340611,5.240174672489083,59.82532751091703
E00093572,279,41,17,24,238,23,215,14.695340501792115,6.093189964157706,8.60215053763441,85.30465949820788,8.24372759856631,77.06093189964157
E00093573,316,79,40,39,237,20,217,25,12.658227848101266,12.341772151898734,75,6.329113924050633,68.67088607594937
E00093574,284,50,23,27,234,30,204,17.6056338028169,8.098591549295776,9.507042253521126,82.3943661971831,10.56338028169014,71.83098591549296
E00093575,287,58,23,35,229,20,209,20.209059233449477,8.013937282229964,12.195121951219512,79.79094076655052,6.968641114982578,72.82229965156795
E00093576,264,58,21,37,206,23,183,21.96969696969697,7.954545454545454,14.015151515151514,78.03030303030303,8.712121212121213,69.31818181818183
E00093577,258,49,18,31,209,27,182,18.992248062015506,6.976744186046512,12.015503875968992,81.0077519379845,10.465116279069768,70.54263565891473
E00093578,257,55,23,32,202,19,183,21.40077821011673,8.949416342412452,12.45136186770428,78.59922178988327,7.392996108949417,71.20622568093385
E00093579,285,55,23,32,230,26,204,19.298245614035086,8.070175438596491,11.228070175438596,80.7017543859649,9.12280701754386,71.57894736842105
E00093580,285,52,20,32,233,25,208,18.24561403508772,7.017543859649122,11.228070175438596,81.75438596491227,8.771929824561402,72.98245614035088
E00093581,241,33,9,24,208,35,173,13.692946058091287,3.7344398340248963,9.95850622406639,86.30705394190872,14.522821576763487,71.78423236514523
E00093582,255,46,21,25,209,26,183,18.03921568627451,8.235294117647058,9.803921568627452,81.96078431372548,10.196078431372548,71.76470588235294
E00093583,276,41,17,24,235,29,206,14.855072463768115,6.159420289855073,8.695652173913043,85.14492753623189,10.507246376811594,74.63768115942028
E00093584,294,53,19,34,241,27,214,18.027210884353742,6.462585034013606,11.564625850340136,81.97278911564626,9.183673469387756,72.78911564625851
E00093585,302,40,15,25,262,32,230,13.245033112582782,4.966887417218543,8.27814569536424,86.75496688741721,10.596026490066226,76.15894039735099
E00093586,262,39,15,24,223,23,200,14.885496183206106,5.7251908396946565,9.16030534351145,85.1145038167939,8.778625954198473,76.33587786259542
E00093587,217,68,32,36,149,13,136,31.336405529953915,14.746543778801843,16.589861751152075,68.66359447004609,5.990783410138248,62.67281105990783
E00093588,297,97,57,40,200,18,182,32.659932659932664,19.19191919191919,13.468013468013467,67.34006734006735,6.0606060606060606,61.27946127946128
E00093589,271,65,27,38,206,16,190,23.985239852398525,9.96309963099631,14.022140221402212,76.01476014760148,5.904059040590406,70.11070110701108
E00093590,213,69,31,38,144,11,133,32.3943661971831,14.553990610328638,17.84037558685446,67.6056338028169,5.164319248826291,62.441314553990615
E00093591,427,110,53,57,317,28,289,25.76112412177986,12.412177985948478,13.348946135831383,74.23887587822014,6.557377049180328,67.68149882903981
E00093593,351,74,27,47,277,33,244,21.082621082621085,7.6923076923076925,13.390313390313391,78.91737891737893,9.401709401709402,69.51566951566952
E00093594,249,109,72,37,140,10,130,43.77510040160642,28.915662650602407,14.859437751004014,56.22489959839358,4.016064257028113,52.208835341365464
E00093595,281,57,26,31,224,18,206,20.284697508896798,9.252669039145907,11.032028469750891,79.7153024911032,6.405693950177936,73.30960854092527
E00093596,278,57,26,31,221,17,204,20.503597122302157,9.352517985611511,11.151079136690647,79.49640287769785,6.115107913669065,73.38129496402878
E00093597,312,55,26,29,257,23,234,17.628205128205128,8.333333333333332,9.294871794871796,82.37179487179486,7.371794871794872,75
E00093598,246,66,25,41,180,17,163,26.82926829268293,10.16260162601626,16.666666666666664,73.17073170731707,6.910569105691057,66.26016260162602
E00093599,309,63,34,29,246,21,225,20.388349514563107,11.003236245954692,9.385113268608414,79.6116504854369,6.796116504854369,72.81553398058253
E00093600,235,84,38,46,151,13,138,35.74468085106383,16.170212765957448,19.574468085106382,64.25531914893618,5.531914893617021,58.723404255319146
E00093601,320,56,24,32,264,27,237,17.5,7.5,10,82.5,8.4375,74.0625
E00093602,387,81,30,51,306,40,266,20.930232558139537,7.751937984496124,13.178294573643413,79.06976744186046,10.335917312661499,68.73385012919897
E00093603,265,67,34,33,198,18,180,25.28301886792453,12.830188679245284,12.452830188679245,74.71698113207546,6.7924528301886795,67.9245283018868
E00093604,340,74,30,44,266,26,240,21.764705882352942,8.823529411764707,12.941176470588237,78.23529411764706,7.647058823529412,70.58823529411765
E00093605,249,59,24,35,190,14,176,23.694779116465863,9.63855421686747,14.056224899598394,76.30522088353415,5.622489959839357,70.68273092369478
E00093606,289,86,48,38,203,19,184,29.757785467128027,16.608996539792386,13.148788927335639,70.24221453287197,6.5743944636678195,63.667820069204154
E00093607,276,78,45,33,198,18,180,28.26086956521739,16.304347826086957,11.956521739130435,71.73913043478261,6.521739130434782,65.21739130434783
E00093608,332,86,53,33,246,18,228,25.903614457831324,15.963855421686745,9.939759036144578,74.09638554216868,5.421686746987952,68.67469879518072
E00093609,402,85,42,43,317,23,294,21.144278606965177,10.44776119402985,10.696517412935323,78.85572139303483,5.721393034825871,73.13432835820896
E00093610,259,81,40,41,178,23,155,31.27413127413127,15.444015444015443,15.83011583011583,68.72586872586872,8.880308880308881,59.84555984555985
E00093612,292,66,32,34,226,28,198,22.602739726027394,10.95890410958904,11.643835616438356,77.3972602739726,9.58904109589041,67.8082191780822
E00093613,336,105,41,64,231,21,210,31.25,12.202380952380953,19.047619047619047,68.75,6.25,62.5
E00093614,300,87,44,43,213,20,193,28.999999999999996,14.666666666666666,14.333333333333334,71,6.666666666666667,64.33333333333333
E00093615,263,76,37,39,187,18,169,28.89733840304182,14.068441064638785,14.82889733840304,71.10266159695817,6.844106463878327,64.25855513307985
E00093616,322,77,30,47,245,18,227,23.91304347826087,9.316770186335404,14.596273291925465,76.08695652173914,5.590062111801243,70.4968944099379
E00093617,294,89,37,52,205,16,189,30.272108843537417,12.585034013605442,17.687074829931973,69.72789115646259,5.442176870748299,64.28571428571429
E00093618,365,88,39,49,277,18,259,24.10958904109589,10.684931506849315,13.424657534246576,75.89041095890411,4.931506849315069,70.95890410958904
E00093619,371,111,60,51,260,21,239,29.919137466307276,16.172506738544474,13.746630727762804,70.08086253369272,5.660377358490567,64.42048517520216
E00093620,569,102,47,55,467,43,424,17.926186291739896,8.260105448154658,9.666080843585236,82.0738137082601,7.5571177504393665,74.51669595782073
E00093622,496,99,48,51,397,21,376,19.959677419354836,9.67741935483871,10.28225806451613,80.04032258064517,4.233870967741935,75.80645161290323
E00093623,258,72,44,28,186,3,183,27.906976744186046,17.05426356589147,10.852713178294573,72.09302325581395,1.1627906976744187,70.93023255813954
E00093624,214,39,22,17,175,17,158,18.22429906542056,10.2803738317757,7.943925233644859,81.77570093457945,7.943925233644859,73.83177570093457
E00093625,264,35,15,20,229,17,212,13.257575757575758,5.681818181818182,7.575757575757576,86.74242424242425,6.4393939393939394,80.3030303030303
E00093626,265,37,14,23,228,21,207,13.962264150943396,5.283018867924529,8.679245283018867,86.0377358490566,7.9245283018867925,78.11320754716982
E00093627,348,62,27,35,286,24,262,17.81609195402299,7.758620689655173,10.057471264367816,82.18390804597702,6.896551724137931,75.28735632183908
E00093628,237,79,34,45,158,16,142,33.33333333333333,14.345991561181433,18.9873417721519,66.66666666666666,6.751054852320674,59.91561181434599
E00093629,277,52,13,39,225,22,203,18.772563176895307,4.693140794223827,14.079422382671481,81.2274368231047,7.9422382671480145,73.28519855595668
E00093630,213,32,12,20,181,17,164,15.023474178403756,5.633802816901409,9.389671361502346,84.97652582159625,7.981220657276995,76.99530516431925
E00093631,260,44,14,30,216,25,191,16.923076923076923,5.384615384615385,11.538461538461538,83.07692307692308,9.615384615384617,73.46153846153847
E00093632,249,53,18,35,196,14,182,21.285140562248998,7.228915662650602,14.056224899598394,78.714859437751,5.622489959839357,73.09236947791165
E00093633,306,56,24,32,250,26,224,18.30065359477124,7.8431372549019605,10.457516339869281,81.69934640522875,8.49673202614379,73.20261437908496
E00093634,259,36,14,22,223,16,207,13.8996138996139,5.405405405405405,8.494208494208493,86.10038610038609,6.177606177606178,79.92277992277992
E00093635,318,47,13,34,271,30,241,14.779874213836477,4.088050314465408,10.69182389937107,85.22012578616352,9.433962264150944,75.78616352201259
E00093636,291,53,24,29,238,13,225,18.213058419243985,8.24742268041237,9.965635738831615,81.78694158075601,4.4673539518900345,77.31958762886599
E00093637,293,74,35,39,219,23,196,25.25597269624573,11.945392491467576,13.310580204778159,74.74402730375427,7.849829351535837,66.89419795221842
E00093638,263,49,24,25,214,12,202,18.631178707224336,9.125475285171103,9.505703422053232,81.36882129277566,4.562737642585551,76.80608365019012
E00093639,259,50,17,33,209,14,195,19.305019305019304,6.563706563706563,12.741312741312742,80.6949806949807,5.405405405405405,75.2895752895753
E00093640,309,51,20,31,258,27,231,16.50485436893204,6.472491909385113,10.032362459546926,83.49514563106796,8.737864077669903,74.75728155339806
E00093641,307,35,10,25,272,27,245,11.400651465798045,3.257328990228013,8.143322475570033,88.59934853420195,8.794788273615636,79.80456026058633
E00093642,290,44,10,34,246,21,225,15.172413793103448,3.4482758620689653,11.724137931034482,84.82758620689656,7.241379310344828,77.58620689655173
E00093643,285,30,13,17,255,26,229,10.526315789473683,4.56140350877193,5.964912280701754,89.47368421052632,9.12280701754386,80.35087719298247
E00093644,218,67,36,31,151,12,139,30.73394495412844,16.51376146788991,14.220183486238533,69.26605504587155,5.5045871559633035,63.76146788990825
E00093645,304,81,38,43,223,23,200,26.644736842105267,12.5,14.144736842105262,73.35526315789474,7.565789473684211,65.78947368421053
E00093646,312,66,28,38,246,20,226,21.153846153846153,8.974358974358974,12.179487179487179,78.84615384615384,6.41025641025641,72.43589743589743
E00093647,315,72,44,28,243,21,222,22.857142857142858,13.968253968253968,8.88888888888889,77.14285714285715,6.666666666666667,70.47619047619048
E00093648,284,72,39,33,212,16,196,25.352112676056336,13.732394366197184,11.619718309859154,74.64788732394366,5.633802816901409,69.01408450704226
E00093649,300,72,34,38,228,24,204,24,11.333333333333332,12.666666666666668,76,8,68
E00093650,293,34,9,25,259,30,229,11.604095563139932,3.0716723549488054,8.532423208191126,88.39590443686008,10.238907849829351,78.15699658703072
E00093651,270,44,17,27,226,31,195,16.296296296296298,6.296296296296296,10,83.7037037037037,11.481481481481481,72.22222222222221
E00093652,292,45,15,30,247,17,230,15.41095890410959,5.136986301369863,10.273972602739725,84.58904109589042,5.821917808219178,78.76712328767124
E00093653,235,52,22,30,183,25,158,22.127659574468083,9.361702127659575,12.76595744680851,77.87234042553192,10.638297872340425,67.23404255319149
E00093654,259,41,14,27,218,26,192,15.83011583011583,5.405405405405405,10.424710424710424,84.16988416988417,10.038610038610038,74.13127413127413
E00093655,277,52,18,34,225,22,203,18.772563176895307,6.4981949458483745,12.274368231046932,81.2274368231047,7.9422382671480145,73.28519855595668
E00093656,389,40,12,28,349,22,327,10.282776349614396,3.0848329048843186,7.197943444730077,89.7172236503856,5.655526992287918,84.06169665809769
E00093657,274,23,7,16,251,28,223,8.394160583941606,2.5547445255474455,5.839416058394161,91.6058394160584,10.218978102189782,81.38686131386861
E00093658,282,35,13,22,247,20,227,12.411347517730496,4.609929078014184,7.801418439716312,87.58865248226951,7.092198581560284,80.49645390070921
E00093659,274,39,11,28,235,22,213,14.233576642335766,4.014598540145985,10.218978102189782,85.76642335766424,8.02919708029197,77.73722627737226
E00093660,385,45,17,28,340,28,312,11.688311688311687,4.415584415584416,7.2727272727272725,88.31168831168831,7.2727272727272725,81.03896103896105
E00093661,340,26,9,17,314,24,290,7.647058823529412,2.6470588235294117,5,92.3529411764706,7.0588235294117645,85.29411764705883
E00093662,300,30,13,17,270,20,250,10,4.333333333333334,5.666666666666666,90,6.666666666666667,83.33333333333334
E00093663,368,34,13,21,334,34,300,9.239130434782608,3.532608695652174,5.706521739130435,90.76086956521739,9.239130434782608,81.52173913043478
E00093664,279,53,15,38,226,24,202,18.996415770609318,5.376344086021505,13.620071684587815,81.00358422939068,8.60215053763441,72.40143369175627
E00093665,299,51,19,32,248,24,224,17.05685618729097,6.354515050167224,10.702341137123746,82.94314381270902,8.02675585284281,74.91638795986621
E00093666,254,55,16,39,199,21,178,21.653543307086615,6.299212598425196,15.354330708661418,78.34645669291339,8.267716535433072,70.07874015748031
E00093667,213,79,40,39,134,17,117,37.08920187793427,18.779342723004692,18.30985915492958,62.91079812206573,7.981220657276995,54.929577464788736
E00093668,326,80,30,50,246,23,223,24.539877300613497,9.202453987730062,15.337423312883436,75.4601226993865,7.05521472392638,68.40490797546013
E00093669,327,82,28,54,245,18,227,25.076452599388375,8.56269113149847,16.51376146788991,74.92354740061162,5.5045871559633035,69.41896024464832
E00093670,445,107,55,52,338,26,312,24.044943820224717,12.359550561797752,11.685393258426966,75.95505617977528,5.842696629213483,70.11235955056179
E00093671,359,75,31,44,284,28,256,20.891364902506965,8.635097493036211,12.256267409470752,79.10863509749304,7.7994428969359335,71.3091922005571
E00093672,557,149,83,66,408,15,393,26.750448833034113,14.90125673249551,11.8491921005386,73.24955116696589,2.6929982046678633,70.55655296229803
E00093673,189,84,43,41,105,13,92,44.44444444444444,22.75132275132275,21.693121693121693,55.55555555555556,6.878306878306878,48.67724867724868
E00093674,276,79,47,32,197,15,182,28.6231884057971,17.02898550724638,11.594202898550725,71.37681159420289,5.434782608695652,65.94202898550725
E00093675,325,71,35,36,254,16,238,21.846153846153847,10.76923076923077,11.076923076923077,78.15384615384615,4.923076923076923,73.23076923076923
E00093676,392,75,31,44,317,27,290,19.132653061224488,7.908163265306123,11.224489795918368,80.86734693877551,6.887755102040815,73.9795918367347
E00093678,407,109,73,36,298,26,272,26.78132678132678,17.936117936117938,8.845208845208845,73.21867321867322,6.388206388206388,66.83046683046683
E00093679,322,80,32,48,242,22,220,24.84472049689441,9.937888198757763,14.906832298136646,75.15527950310559,6.832298136645963,68.32298136645963
E00093680,276,47,11,36,229,17,212,17.02898550724638,3.985507246376811,13.043478260869565,82.97101449275362,6.159420289855073,76.81159420289855
E00093681,299,55,24,31,244,29,215,18.394648829431436,8.02675585284281,10.367892976588628,81.60535117056857,9.698996655518394,71.90635451505017
E00093682,306,32,9,23,274,28,246,10.457516339869281,2.941176470588235,7.516339869281046,89.54248366013073,9.15032679738562,80.3921568627451
E00093683,246,53,22,31,193,19,174,21.544715447154474,8.94308943089431,12.601626016260163,78.45528455284553,7.723577235772358,70.73170731707317
E00093684,232,49,23,26,183,24,159,21.120689655172413,9.913793103448276,11.206896551724139,78.87931034482759,10.344827586206897,68.53448275862068
E00093685,342,66,24,42,276,23,253,19.298245614035086,7.017543859649122,12.280701754385964,80.7017543859649,6.725146198830409,73.9766081871345
E00093686,262,62,28,34,200,17,183,23.66412213740458,10.687022900763358,12.977099236641221,76.33587786259542,6.488549618320611,69.8473282442748
E00093687,294,55,30,25,239,10,229,18.70748299319728,10.204081632653061,8.503401360544217,81.29251700680273,3.4013605442176873,77.89115646258503
E00093688,240,42,27,15,198,16,182,17.5,11.25,6.25,82.5,6.666666666666667,75.83333333333333
E00093689,258,46,16,30,212,12,200,17.829457364341085,6.2015503875969,11.627906976744185,82.17054263565892,4.651162790697675,77.51937984496125
E00093690,303,58,21,37,245,28,217,19.141914191419144,6.9306930693069315,12.211221122112212,80.85808580858085,9.24092409240924,71.61716171617162
E00093691,300,53,26,27,247,17,230,17.666666666666668,8.666666666666668,9,82.33333333333334,5.666666666666666,76.66666666666667
E00093692,318,37,10,27,281,22,259,11.635220125786164,3.1446540880503147,8.49056603773585,88.36477987421384,6.918238993710692,81.44654088050315
E00093693,272,43,12,31,229,22,207,15.808823529411764,4.411764705882353,11.397058823529411,84.19117647058823,8.088235294117647,76.10294117647058
E00093694,534,57,19,38,477,45,432,10.674157303370785,3.5580524344569286,7.116104868913857,89.32584269662921,8.426966292134832,80.89887640449437
E00093695,297,33,9,24,264,23,241,11.11111111111111,3.0303030303030303,8.080808080808081,88.88888888888889,7.744107744107744,81.14478114478115
E00093696,337,24,8,16,313,18,295,7.121661721068249,2.3738872403560833,4.747774480712167,92.87833827893175,5.341246290801187,87.53709198813057
E00093697,306,61,23,38,245,23,222,19.934640522875817,7.516339869281046,12.418300653594772,80.06535947712419,7.516339869281046,72.54901960784314
E00093698,373,137,83,54,236,23,213,36.72922252010724,22.25201072386059,14.47721179624665,63.27077747989276,6.166219839142091,57.10455764075068
E00093699,498,55,24,31,443,31,412,11.04417670682731,4.819277108433735,6.2248995983935735,88.95582329317268,6.2248995983935735,82.73092369477911
E00093700,268,39,17,22,229,17,212,14.55223880597015,6.343283582089552,8.208955223880597,85.44776119402985,6.343283582089552,79.1044776119403
E00093701,284,54,29,25,230,34,196,19.014084507042252,10.211267605633804,8.80281690140845,80.98591549295774,11.971830985915492,69.01408450704226
E00093702,324,50,17,33,274,40,234,15.432098765432098,5.246913580246913,10.185185185185185,84.5679012345679,12.345679012345679,72.22222222222221
E00093703,310,52,24,28,258,26,232,16.7741935483871,7.741935483870968,9.032258064516128,83.22580645161291,8.38709677419355,74.83870967741936
E00093704,333,36,11,25,297,21,276,10.81081081081081,3.303303303303303,7.5075075075075075,89.1891891891892,6.306306306306306,82.88288288288288
E00093705,253,35,9,26,218,17,201,13.83399209486166,3.557312252964427,10.276679841897234,86.16600790513834,6.719367588932807,79.44664031620553
E00093706,322,82,42,40,240,25,215,25.465838509316768,13.043478260869565,12.422360248447205,74.53416149068323,7.763975155279502,66.77018633540372
E00093707,287,75,38,37,212,11,201,26.132404181184672,13.240418118466899,12.89198606271777,73.86759581881533,3.8327526132404177,70.03484320557492
E00093708,274,49,15,34,225,25,200,17.88321167883212,5.474452554744526,12.408759124087592,82.11678832116789,9.124087591240876,72.99270072992701
E00093709,390,56,19,37,334,42,292,14.358974358974358,4.871794871794872,9.487179487179487,85.64102564102564,10.76923076923077,74.87179487179488
E00093710,322,45,19,26,277,34,243,13.975155279503104,5.900621118012422,8.074534161490684,86.0248447204969,10.559006211180124,75.46583850931677
E00093711,194,52,36,16,142,13,129,26.804123711340207,18.556701030927837,8.24742268041237,73.19587628865979,6.701030927835052,66.49484536082474
E00094240,293,41,14,27,252,26,226,13.993174061433447,4.778156996587031,9.215017064846416,86.00682593856655,8.873720136518772,77.13310580204778
E00094241,294,66,21,45,228,32,196,22.448979591836736,7.142857142857142,15.306122448979592,77.55102040816327,10.884353741496598,66.66666666666666
E00094242,282,67,16,51,215,22,193,23.75886524822695,5.673758865248227,18.085106382978726,76.24113475177306,7.801418439716312,68.43971631205675
E00094243,229,49,22,27,180,15,165,21.397379912663755,9.606986899563319,11.790393013100436,78.60262008733623,6.550218340611353,72.0524017467249
E00094244,300,41,11,30,259,22,237,13.666666666666666,3.6666666666666665,10,86.33333333333333,7.333333333333333,79
E00094245,217,74,42,32,143,19,124,34.10138248847927,19.35483870967742,14.746543778801843,65.89861751152074,8.755760368663594,57.14285714285714
E00094246,352,74,35,39,278,22,256,21.022727272727273,9.943181818181818,11.079545454545455,78.97727272727273,6.25,72.72727272727273
E00094247,377,64,28,36,313,26,287,16.976127320954905,7.427055702917771,9.549071618037134,83.0238726790451,6.896551724137931,76.12732095490716
E00094248,368,67,23,44,301,20,281,18.206521739130434,6.25,11.956521739130435,81.79347826086956,5.434782608695652,76.3586956521739
E00094249,314,50,15,35,264,25,239,15.92356687898089,4.777070063694268,11.146496815286625,84.07643312101911,7.961783439490445,76.11464968152866
E00094250,433,82,31,51,351,26,325,18.937644341801384,7.159353348729793,11.778290993071593,81.06235565819861,6.0046189376443415,75.05773672055427
E00094251,338,62,21,41,276,30,246,18.34319526627219,6.21301775147929,12.1301775147929,81.65680473372781,8.875739644970414,72.7810650887574
E00094252,270,50,19,31,220,19,201,18.51851851851852,7.037037037037037,11.481481481481481,81.48148148148148,7.037037037037037,74.44444444444444
E00094253,333,57,26,31,276,24,252,17.117117117117118,7.807807807807808,9.30930930930931,82.88288288288288,7.207207207207207,75.67567567567568
E00094254,427,71,25,46,356,39,317,16.627634660421545,5.85480093676815,10.772833723653395,83.37236533957847,9.133489461358314,74.23887587822014
E00094255,252,35,14,21,217,33,184,13.88888888888889,5.555555555555555,8.333333333333332,86.11111111111111,13.095238095238097,73.01587301587301
E00094256,333,72,20,52,261,21,240,21.62162162162162,6.006006006006006,15.615615615615615,78.37837837837837,6.306306306306306,72.07207207207207
E00094257,287,40,15,25,247,17,230,13.937282229965156,5.2264808362369335,8.710801393728223,86.06271777003485,5.923344947735192,80.13937282229965
E00094258,287,37,11,26,250,17,233,12.89198606271777,3.8327526132404177,9.059233449477352,87.10801393728222,5.923344947735192,81.18466898954703
E00094259,263,56,24,32,207,27,180,21.292775665399237,9.125475285171103,12.167300380228136,78.70722433460075,10.26615969581749,68.44106463878326
E00094260,319,38,11,27,281,27,254,11.912225705329153,3.4482758620689653,8.463949843260188,88.08777429467085,8.463949843260188,79.62382445141067
E00094261,305,44,10,34,261,24,237,14.426229508196723,3.278688524590164,11.147540983606557,85.57377049180329,7.868852459016394,77.70491803278688
E00094262,332,49,21,28,283,36,247,14.759036144578314,6.325301204819277,8.433734939759036,85.2409638554217,10.843373493975903,74.3975903614458
E00094263,262,50,23,27,212,36,176,19.083969465648856,8.778625954198473,10.305343511450381,80.91603053435115,13.740458015267176,67.17557251908397
E00094264,280,46,13,33,234,20,214,16.428571428571427,4.642857142857143,11.785714285714285,83.57142857142857,7.142857142857142,76.42857142857142
E00094265,346,67,28,39,279,30,249,19.36416184971098,8.092485549132949,11.271676300578035,80.63583815028902,8.670520231213873,71.96531791907515
E00094267,271,53,22,31,218,18,200,19.557195571955717,8.118081180811808,11.439114391143912,80.44280442804428,6.642066420664207,73.80073800738008
E00094268,263,57,31,26,206,34,172,21.673003802281368,11.787072243346007,9.885931558935361,78.32699619771863,12.927756653992395,65.39923954372624
E00094269,303,55,27,28,248,20,228,18.151815181518153,8.91089108910891,9.24092409240924,81.84818481848185,6.6006600660066,75.24752475247524
E00094270,308,36,10,26,272,33,239,11.688311688311687,3.2467532467532463,8.441558441558442,88.31168831168831,10.714285714285714,77.59740259740259
E00094271,320,72,40,32,248,23,225,22.5,12.5,10,77.5,7.187499999999999,70.3125
E00094272,272,46,24,22,226,26,200,16.911764705882355,8.823529411764707,8.088235294117647,83.08823529411765,9.558823529411764,73.52941176470588
E00094273,291,84,29,55,207,22,185,28.865979381443296,9.965635738831615,18.900343642611684,71.1340206185567,7.560137457044673,63.57388316151202
E00094274,283,39,10,29,244,34,210,13.780918727915195,3.53356890459364,10.247349823321555,86.21908127208481,12.014134275618375,74.20494699646643
E00094275,412,81,34,47,331,26,305,19.66019417475728,8.25242718446602,11.407766990291263,80.33980582524272,6.310679611650485,74.02912621359224
E00094277,294,50,22,28,244,22,222,17.006802721088434,7.482993197278912,9.523809523809524,82.99319727891157,7.482993197278912,75.51020408163265
E00094278,267,41,9,32,226,28,198,15.355805243445692,3.3707865168539324,11.985018726591761,84.6441947565543,10.486891385767791,74.15730337078652
E00094279,286,45,9,36,241,21,220,15.734265734265735,3.146853146853147,12.587412587412588,84.26573426573427,7.3426573426573425,76.92307692307693
E00094280,258,45,14,31,213,18,195,17.441860465116278,5.426356589147287,12.015503875968992,82.55813953488372,6.976744186046512,75.5813953488372
E00094281,298,41,12,29,257,30,227,13.758389261744966,4.026845637583892,9.731543624161073,86.24161073825503,10.06711409395973,76.1744966442953
E00094282,575,97,35,62,478,46,432,16.869565217391305,6.086956521739131,10.782608695652174,83.1304347826087,8,75.13043478260869
E00094283,254,54,22,32,200,23,177,21.25984251968504,8.661417322834646,12.598425196850393,78.74015748031496,9.05511811023622,69.68503937007874
E00094284,234,37,14,23,197,16,181,15.81196581196581,5.982905982905983,9.82905982905983,84.1880341880342,6.837606837606838,77.35042735042735
E00094285,347,38,10,28,309,26,283,10.951008645533141,2.881844380403458,8.069164265129682,89.04899135446685,7.492795389048991,81.55619596541787
E00094286,426,46,12,34,380,34,346,10.7981220657277,2.8169014084507045,7.981220657276995,89.2018779342723,7.981220657276995,81.2206572769953
E00094287,292,39,7,32,253,22,231,13.356164383561644,2.3972602739726026,10.95890410958904,86.64383561643835,7.534246575342466,79.1095890410959
E00094288,351,44,18,26,307,37,270,12.535612535612536,5.128205128205128,7.4074074074074066,87.46438746438746,10.541310541310542,76.92307692307693
E00094289,314,40,12,28,274,25,249,12.738853503184714,3.821656050955414,8.9171974522293,87.26114649681529,7.961783439490445,79.29936305732484
E00094290,255,54,23,31,201,23,178,21.176470588235293,9.019607843137255,12.156862745098039,78.82352941176471,9.019607843137255,69.80392156862744
E00094291,275,36,13,23,239,26,213,13.090909090909092,4.7272727272727275,8.363636363636363,86.9090909090909,9.454545454545455,77.45454545454545
E00094292,243,66,28,38,177,14,163,27.160493827160494,11.522633744855968,15.637860082304528,72.8395061728395,5.761316872427984,67.07818930041152
E00094293,496,99,62,37,397,37,360,19.959677419354836,12.5,7.459677419354839,80.04032258064517,7.459677419354839,72.58064516129032
E00094294,472,70,30,40,402,35,367,14.83050847457627,6.3559322033898304,8.47457627118644,85.16949152542372,7.415254237288135,77.7542372881356
E00094295,488,64,23,41,424,40,384,13.114754098360656,4.713114754098361,8.401639344262295,86.88524590163934,8.19672131147541,78.68852459016394
E00094296,323,77,31,46,246,28,218,23.8390092879257,9.597523219814242,14.241486068111456,76.16099071207431,8.6687306501548,67.49226006191951
E00094297,257,46,16,30,211,31,180,17.898832684824903,6.22568093385214,11.673151750972762,82.10116731517509,12.062256809338521,70.03891050583657
E00094298,464,83,31,52,381,33,348,17.887931034482758,6.68103448275862,11.206896551724139,82.11206896551724,7.112068965517242,75
E00094299,317,63,29,34,254,21,233,19.873817034700316,9.14826498422713,10.725552050473187,80.12618296529969,6.624605678233439,73.50157728706624
E00094300,346,81,24,57,265,25,240,23.410404624277454,6.9364161849710975,16.473988439306357,76.58959537572254,7.225433526011561,69.36416184971098
E00094301,269,58,24,34,211,25,186,21.561338289962826,8.921933085501859,12.639405204460965,78.43866171003717,9.293680297397769,69.14498141263941
E00094302,139,31,11,20,108,16,92,22.302158273381295,7.913669064748201,14.388489208633093,77.6978417266187,11.510791366906476,66.18705035971223
E00094303,146,28,8,20,118,7,111,19.17808219178082,5.47945205479452,13.698630136986301,80.82191780821918,4.794520547945205,76.02739726027397
E00094304,306,50,23,27,256,27,229,16.33986928104575,7.516339869281046,8.823529411764707,83.66013071895425,8.823529411764707,74.83660130718954
E00094305,199,42,16,26,157,12,145,21.105527638190953,8.040201005025125,13.06532663316583,78.89447236180904,6.030150753768844,72.8643216080402
E00094306,205,24,11,13,181,24,157,11.707317073170733,5.365853658536586,6.341463414634147,88.29268292682927,11.707317073170733,76.58536585365854
E00094307,394,49,9,40,345,30,315,12.436548223350254,2.284263959390863,10.152284263959391,87.56345177664974,7.614213197969544,79.94923857868021
E00094308,309,54,17,37,255,29,226,17.475728155339805,5.501618122977346,11.974110032362459,82.52427184466019,9.385113268608414,73.13915857605178
E00094309,254,48,20,28,206,27,179,18.89763779527559,7.874015748031496,11.023622047244094,81.10236220472441,10.62992125984252,70.47244094488188
E00094310,309,49,22,27,260,23,237,15.857605177993527,7.119741100323624,8.737864077669903,84.14239482200647,7.443365695792881,76.69902912621359
E00094311,344,42,12,30,302,37,265,12.209302325581394,3.488372093023256,8.720930232558139,87.79069767441861,10.755813953488373,77.03488372093024
E00094312,217,49,24,25,168,16,152,22.58064516129032,11.059907834101383,11.52073732718894,77.41935483870968,7.373271889400922,70.04608294930875
E00094313,350,71,27,44,279,30,249,20.285714285714285,7.7142857142857135,12.571428571428573,79.71428571428572,8.571428571428571,71.14285714285714
E00094314,332,55,17,38,277,33,244,16.566265060240966,5.120481927710843,11.44578313253012,83.43373493975903,9.939759036144578,73.49397590361446
E00094315,275,49,15,34,226,29,197,17.81818181818182,5.454545454545454,12.363636363636363,82.18181818181817,10.545454545454545,71.63636363636363
E00094316,322,64,24,40,258,25,233,19.875776397515526,7.453416149068323,12.422360248447205,80.12422360248446,7.763975155279502,72.36024844720497
E00094317,295,48,17,31,247,26,221,16.271186440677965,5.762711864406779,10.508474576271185,83.72881355932203,8.813559322033898,74.91525423728814
E00094318,265,41,19,22,224,27,197,15.471698113207546,7.169811320754717,8.30188679245283,84.52830188679246,10.18867924528302,74.33962264150942
E00094319,333,63,29,34,270,26,244,18.91891891891892,8.708708708708707,10.21021021021021,81.08108108108108,7.807807807807808,73.27327327327328
E00094320,162,53,24,29,109,13,96,32.71604938271605,14.814814814814813,17.901234567901234,67.28395061728395,8.024691358024691,59.25925925925925
E00094321,235,48,15,33,187,27,160,20.425531914893615,6.382978723404255,14.042553191489363,79.57446808510639,11.48936170212766,68.08510638297872
E00094322,297,102,64,38,195,30,165,34.34343434343434,21.548821548821547,12.794612794612794,65.65656565656566,10.1010101010101,55.55555555555556
E00094323,305,58,23,35,247,22,225,19.01639344262295,7.540983606557377,11.475409836065573,80.98360655737706,7.213114754098362,73.77049180327869
E00094324,295,38,17,21,257,20,237,12.88135593220339,5.762711864406779,7.118644067796611,87.11864406779661,6.779661016949152,80.33898305084746
E00094325,333,40,12,28,293,21,272,12.012012012012011,3.6036036036036037,8.408408408408409,87.98798798798799,6.306306306306306,81.68168168168168
E00094326,233,46,25,21,187,20,167,19.742489270386265,10.72961373390558,9.012875536480687,80.25751072961373,8.583690987124463,71.67381974248927
E00094327,276,43,13,30,233,30,203,15.579710144927535,4.710144927536232,10.869565217391305,84.42028985507247,10.869565217391305,73.55072463768117
E00094328,297,34,12,22,263,31,232,11.447811447811448,4.040404040404041,7.4074074074074066,88.55218855218855,10.437710437710438,78.11447811447812
E00094329,381,44,19,25,337,27,310,11.548556430446194,4.986876640419948,6.561679790026247,88.4514435695538,7.086614173228346,81.36482939632546
E00094330,349,51,15,36,298,36,262,14.613180515759314,4.297994269340974,10.315186246418339,85.38681948424069,10.315186246418339,75.07163323782235
E00094331,277,65,31,34,212,23,189,23.465703971119133,11.191335740072201,12.274368231046932,76.53429602888086,8.303249097472925,68.23104693140795
E00094332,395,115,56,59,280,20,260,29.11392405063291,14.177215189873419,14.936708860759493,70.88607594936708,5.063291139240507,65.82278481012658
E00094333,187,48,22,26,139,13,126,25.668449197860966,11.76470588235294,13.903743315508022,74.33155080213903,6.951871657754011,67.37967914438502
E00094334,242,68,35,33,174,20,154,28.09917355371901,14.46280991735537,13.636363636363635,71.900826446281,8.264462809917356,63.63636363636363
E00094335,400,64,22,42,336,36,300,16,5.5,10.5,84,9,75
E00094336,303,41,15,26,262,21,241,13.531353135313532,4.9504950495049505,8.58085808580858,86.46864686468648,6.9306930693069315,79.53795379537954
E00094337,215,33,15,18,182,20,162,15.348837209302326,6.976744186046512,8.372093023255815,84.65116279069768,9.30232558139535,75.34883720930232
E00094338,339,67,30,37,272,33,239,19.76401179941003,8.849557522123893,10.914454277286136,80.23598820058997,9.734513274336283,70.50147492625368
E00094339,290,34,7,27,256,27,229,11.724137931034482,2.413793103448276,9.310344827586208,88.27586206896552,9.310344827586208,78.96551724137932
E00094340,297,43,13,30,254,17,237,14.47811447811448,4.377104377104377,10.1010101010101,85.52188552188552,5.723905723905724,79.7979797979798
E00094341,361,54,17,37,307,31,276,14.958448753462603,4.7091412742382275,10.249307479224377,85.0415512465374,8.587257617728532,76.45429362880887
E00094342,318,39,9,30,279,26,253,12.264150943396226,2.8301886792452833,9.433962264150944,87.73584905660378,8.176100628930817,79.55974842767296
E00094343,338,35,7,28,303,31,272,10.355029585798817,2.0710059171597637,8.284023668639055,89.64497041420118,9.171597633136095,80.4733727810651
E00094344,448,38,11,27,410,40,370,8.482142857142858,2.455357142857143,6.026785714285714,91.51785714285714,8.928571428571429,82.58928571428571
E00094345,308,22,5,17,286,26,260,7.142857142857142,1.6233766233766231,5.51948051948052,92.85714285714286,8.441558441558442,84.4155844155844
E00094347,288,50,15,35,238,28,210,17.36111111111111,5.208333333333334,12.152777777777777,82.63888888888889,9.722222222222223,72.91666666666666
E00094348,278,63,22,41,215,23,192,22.66187050359712,7.913669064748201,14.748201438848922,77.33812949640287,8.273381294964029,69.06474820143885
E00094349,334,41,13,28,293,33,260,12.275449101796406,3.8922155688622757,8.383233532934131,87.72455089820359,9.880239520958083,77.84431137724552
E00094350,269,57,17,40,212,27,185,21.189591078066915,6.319702602230483,14.869888475836431,78.81040892193309,10.037174721189592,68.77323420074349
E00094351,502,60,13,47,442,51,391,11.952191235059761,2.589641434262948,9.362549800796813,88.04780876494024,10.159362549800797,77.88844621513944
E00094352,351,63,22,41,288,25,263,17.94871794871795,6.267806267806268,11.68091168091168,82.05128205128204,7.122507122507122,74.92877492877493
E00094353,328,60,19,41,268,25,243,18.29268292682927,5.7926829268292686,12.5,81.70731707317073,7.621951219512195,74.08536585365853
E00094354,381,59,24,35,322,37,285,15.485564304461944,6.299212598425196,9.186351706036746,84.51443569553805,9.711286089238845,74.80314960629921
E00094355,358,43,18,25,315,43,272,12.011173184357542,5.027932960893855,6.983240223463687,87.98882681564247,12.011173184357542,75.97765363128491
E00094356,283,47,23,24,236,37,199,16.607773851590103,8.12720848056537,8.480565371024735,83.3922261484099,13.074204946996467,70.31802120141343
E00094358,361,34,10,24,327,41,286,9.418282548476455,2.7700831024930745,6.64819944598338,90.58171745152355,11.357340720221606,79.22437673130193
E00094359,255,41,8,33,214,23,191,16.07843137254902,3.1372549019607843,12.941176470588237,83.92156862745098,9.019607843137255,74.90196078431373
E00094360,327,47,22,25,280,20,260,14.37308868501529,6.727828746177369,7.64525993883792,85.62691131498471,6.116207951070336,79.51070336391437
E00094361,387,59,23,36,328,35,293,15.245478036175712,5.943152454780361,9.30232558139535,84.75452196382429,9.043927648578812,75.71059431524549
E00094362,425,64,16,48,361,30,331,15.058823529411763,3.7647058823529407,11.294117647058824,84.94117647058823,7.0588235294117645,77.88235294117646
E00094363,325,66,25,41,259,26,233,20.307692307692307,7.6923076923076925,12.615384615384615,79.6923076923077,8,71.6923076923077
E00094364,275,95,58,37,180,19,161,34.54545454545455,21.09090909090909,13.454545454545455,65.45454545454545,6.909090909090909,58.54545454545455
E00094365,292,32,6,26,260,13,247,10.95890410958904,2.054794520547945,8.904109589041095,89.04109589041096,4.4520547945205475,84.58904109589042
E00094366,295,33,14,19,262,25,237,11.186440677966102,4.745762711864407,6.440677966101695,88.8135593220339,8.47457627118644,80.33898305084746
E00094368,401,50,16,34,351,46,305,12.468827930174564,3.99002493765586,8.478802992518704,87.53117206982543,11.471321695760599,76.05985037406484
E00094369,264,44,15,29,220,28,192,16.666666666666664,5.681818181818182,10.984848484848484,83.33333333333334,10.606060606060606,72.72727272727273
E00094370,272,49,11,38,223,18,205,18.014705882352942,4.044117647058823,13.970588235294118,81.98529411764706,6.61764705882353,75.36764705882352
E00094371,296,47,22,25,249,24,225,15.878378378378377,7.4324324324324325,8.445945945945946,84.12162162162163,8.108108108108109,76.01351351351352
E00094372,319,46,15,31,273,24,249,14.420062695924765,4.702194357366771,9.717868338557993,85.57993730407524,7.523510971786834,78.0564263322884
E00094373,273,58,30,28,215,20,195,21.245421245421245,10.989010989010989,10.256410256410255,78.75457875457876,7.326007326007327,71.42857142857143
E00094374,319,42,21,21,277,33,244,13.166144200626958,6.583072100313479,6.583072100313479,86.83385579937304,10.344827586206897,76.48902821316614
E00094375,281,54,17,37,227,36,191,19.217081850533805,6.049822064056939,13.167259786476867,80.78291814946618,12.811387900355871,67.97153024911033
E00094376,276,37,10,27,239,15,224,13.405797101449277,3.6231884057971016,9.782608695652174,86.59420289855072,5.434782608695652,81.15942028985508
E00094377,268,54,24,30,214,12,202,20.149253731343283,8.955223880597014,11.194029850746269,79.8507462686567,4.477611940298507,75.3731343283582
E00094378,347,59,17,42,288,27,261,17.002881844380404,4.899135446685879,12.103746397694524,82.9971181556196,7.780979827089338,75.21613832853026
E00094379,302,36,16,20,266,20,246,11.920529801324504,5.298013245033113,6.622516556291391,88.0794701986755,6.622516556291391,81.45695364238411
E00094380,317,34,8,26,283,36,247,10.725552050473187,2.5236593059936907,8.201892744479496,89.27444794952682,11.35646687697161,77.91798107255521
E00094381,304,58,23,35,246,28,218,19.078947368421055,7.565789473684211,11.513157894736842,80.92105263157895,9.210526315789473,71.71052631578947
E00094382,295,53,20,33,242,40,202,17.966101694915253,6.779661016949152,11.186440677966102,82.03389830508473,13.559322033898304,68.47457627118644
E00094383,320,40,7,33,280,23,257,12.5,2.1875,10.3125,87.5,7.187499999999999,80.3125
E00094384,329,32,12,20,297,30,267,9.72644376899696,3.64741641337386,6.079027355623101,90.27355623100304,9.118541033434651,81.15501519756839
E00094385,137,56,41,15,81,11,70,40.87591240875913,29.927007299270077,10.948905109489052,59.12408759124088,8.02919708029197,51.09489051094891
E00094387,345,25,5,20,320,22,298,7.246376811594203,1.4492753623188406,5.797101449275362,92.7536231884058,6.3768115942028984,86.37681159420289
E00094389,294,36,8,28,258,27,231,12.244897959183673,2.7210884353741496,9.523809523809524,87.75510204081633,9.183673469387756,78.57142857142857
E00094390,336,37,14,23,299,23,276,11.011904761904761,4.166666666666666,6.845238095238096,88.98809523809523,6.845238095238096,82.14285714285714
E00094391,361,42,12,30,319,20,299,11.634349030470915,3.32409972299169,8.310249307479225,88.36565096952909,5.540166204986149,82.82548476454294
E00094392,285,29,8,21,256,19,237,10.175438596491228,2.807017543859649,7.368421052631578,89.82456140350877,6.666666666666667,83.15789473684211
E00094393,496,63,26,37,433,44,389,12.701612903225806,5.241935483870968,7.459677419354839,87.29838709677419,8.870967741935484,78.42741935483872
E00094395,364,62,20,42,302,38,264,17.032967032967033,5.4945054945054945,11.538461538461538,82.96703296703298,10.43956043956044,72.52747252747253
E00094396,273,35,16,19,238,27,211,12.82051282051282,5.86080586080586,6.95970695970696,87.17948717948718,9.89010989010989,77.2893772893773
E00094397,293,67,25,42,226,26,200,22.866894197952217,8.532423208191126,14.334470989761092,77.13310580204778,8.873720136518772,68.25938566552901
E00094398,219,65,40,25,154,20,134,29.68036529680365,18.2648401826484,11.415525114155251,70.31963470319634,9.1324200913242,61.18721461187214
E00094399,267,63,34,29,204,26,178,23.595505617977526,12.734082397003746,10.861423220973784,76.40449438202246,9.737827715355806,66.66666666666666
E00094400,238,77,39,38,161,15,146,32.35294117647059,16.386554621848738,15.966386554621847,67.64705882352942,6.302521008403361,61.34453781512605
E00094402,332,37,5,32,295,27,268,11.144578313253012,1.5060240963855422,9.63855421686747,88.85542168674698,8.132530120481928,80.72289156626506
E00094403,320,58,22,36,262,26,236,18.125,6.875000000000001,11.25,81.875,8.125,73.75
E00094404,287,77,42,35,210,23,187,26.82926829268293,14.634146341463413,12.195121951219512,73.17073170731707,8.013937282229964,65.1567944250871
E00094405,290,63,32,31,227,28,199,21.72413793103448,11.03448275862069,10.689655172413794,78.27586206896552,9.655172413793103,68.62068965517241
E00094406,325,74,33,41,251,22,229,22.76923076923077,10.153846153846153,12.615384615384615,77.23076923076924,6.769230769230769,70.46153846153847
E00094407,313,56,25,31,257,14,243,17.89137380191693,7.987220447284344,9.904153354632587,82.10862619808307,4.472843450479233,77.63578274760383
E00094408,430,132,84,48,298,27,271,30.697674418604652,19.53488372093023,11.162790697674419,69.30232558139535,6.279069767441861,63.0232558139535
E00094409,537,58,15,43,479,39,440,10.800744878957168,2.793296089385475,8.007448789571695,89.19925512104282,7.262569832402235,81.9366852886406
E00094410,330,60,32,28,270,22,248,18.181818181818183,9.696969696969697,8.484848484848486,81.81818181818183,6.666666666666667,75.15151515151514
E00094411,538,129,58,71,409,37,372,23.977695167286246,10.780669144981413,13.197026022304833,76.02230483271374,6.877323420074349,69.14498141263941
E00094412,263,70,23,47,193,15,178,26.61596958174905,8.745247148288973,17.870722433460077,73.38403041825094,5.7034220532319395,67.68060836501901
E00094414,270,68,32,36,202,21,181,25.185185185185183,11.851851851851853,13.333333333333334,74.81481481481481,7.777777777777778,67.03703703703704
E00094415,322,54,15,39,268,25,243,16.77018633540373,4.658385093167702,12.111801242236025,83.22981366459628,7.763975155279502,75.46583850931677
E00094416,272,38,10,28,234,22,212,13.970588235294118,3.6764705882352944,10.294117647058822,86.02941176470588,8.088235294117647,77.94117647058823
E00094417,281,40,9,31,241,24,217,14.23487544483986,3.202846975088968,11.032028469750891,85.76512455516014,8.540925266903916,77.22419928825623
E00094418,298,45,15,30,253,25,228,15.100671140939598,5.033557046979865,10.06711409395973,84.8993288590604,8.389261744966444,76.51006711409396
E00094419,316,43,18,25,273,26,247,13.60759493670886,5.69620253164557,7.9113924050632916,86.39240506329115,8.227848101265822,78.16455696202532
E00094420,296,39,16,23,257,21,236,13.175675675675674,5.405405405405405,7.77027027027027,86.82432432432432,7.094594594594595,79.72972972972973
E00094421,310,53,19,34,257,24,233,17.096774193548388,6.129032258064516,10.967741935483872,82.9032258064516,7.741935483870968,75.16129032258064
E00094422,186,49,22,27,137,15,122,26.344086021505376,11.827956989247312,14.516129032258066,73.65591397849462,8.064516129032258,65.59139784946237
E00094423,267,33,14,19,234,28,206,12.359550561797752,5.2434456928838955,7.116104868913857,87.64044943820225,10.486891385767791,77.15355805243446
E00094424,276,37,12,25,239,26,213,13.405797101449277,4.3478260869565215,9.057971014492754,86.59420289855072,9.420289855072465,77.17391304347827
E00094425,319,56,20,36,263,19,244,17.55485893416928,6.269592476489027,11.285266457680251,82.44514106583071,5.956112852664576,76.48902821316614
E00094426,391,51,20,31,340,16,324,13.043478260869565,5.115089514066496,7.928388746803069,86.95652173913044,4.092071611253197,82.86445012787725
E00094427,187,37,10,27,150,18,132,19.786096256684495,5.347593582887701,14.43850267379679,80.21390374331551,9.62566844919786,70.58823529411765
E00094428,416,74,24,50,342,39,303,17.78846153846154,5.769230769230769,12.01923076923077,82.21153846153845,9.375,72.83653846153845
E00094429,102,14,5,9,88,6,82,13.725490196078432,4.901960784313726,8.823529411764707,86.27450980392157,5.88235294117647,80.3921568627451
E00094430,516,82,25,57,434,34,400,15.891472868217054,4.844961240310078,11.046511627906977,84.10852713178295,6.5891472868217065,77.51937984496125
E00094431,445,69,18,51,376,32,344,15.505617977528091,4.044943820224719,11.46067415730337,84.49438202247191,7.191011235955057,77.30337078651685
E00094432,248,32,13,19,216,17,199,12.903225806451612,5.241935483870968,7.661290322580645,87.09677419354838,6.854838709677419,80.24193548387096
E00094433,235,40,13,27,195,19,176,17.02127659574468,5.531914893617021,11.48936170212766,82.97872340425532,8.085106382978724,74.8936170212766
E00094434,254,43,20,23,211,20,191,16.92913385826772,7.874015748031496,9.05511811023622,83.07086614173228,7.874015748031496,75.19685039370079
E00094435,259,77,33,44,182,16,166,29.72972972972973,12.741312741312742,16.988416988416986,70.27027027027027,6.177606177606178,64.0926640926641
E00094436,234,39,9,30,195,26,169,16.666666666666664,3.8461538461538463,12.82051282051282,83.33333333333334,11.11111111111111,72.22222222222221
E00094437,266,52,24,28,214,19,195,19.548872180451127,9.022556390977442,10.526315789473683,80.45112781954887,7.142857142857142,73.30827067669173
E00094438,342,89,45,44,253,27,226,26.023391812865498,13.157894736842104,12.865497076023392,73.9766081871345,7.894736842105263,66.08187134502924
E00094439,308,77,35,42,231,30,201,25,11.363636363636363,13.636363636363635,75,9.740259740259742,65.25974025974025
E00094440,445,78,21,57,367,30,337,17.528089887640448,4.719101123595506,12.808988764044942,82.47191011235955,6.741573033707865,75.73033707865169
E00094441,309,52,24,28,257,21,236,16.828478964401295,7.766990291262135,9.06148867313916,83.1715210355987,6.796116504854369,76.37540453074433
E00094442,250,51,17,34,199,27,172,20.4,6.800000000000001,13.600000000000001,79.60000000000001,10.8,68.8
E00094443,217,75,38,37,142,16,126,34.56221198156682,17.51152073732719,17.050691244239633,65.43778801843318,7.373271889400922,58.06451612903226
E00094444,251,67,27,40,184,14,170,26.693227091633464,10.756972111553784,15.936254980079681,73.30677290836654,5.577689243027888,67.729083665338635
E00094445,227,33,6,27,194,19,175,14.537444933920703,2.643171806167401,11.894273127753303,85.46255506607929,8.370044052863436,77.09251101321586
E00094446,307,62,22,40,245,22,223,20.195439739413683,7.166123778501629,13.029315960912053,79.80456026058633,7.166123778501629,72.63843648208469
E00094447,321,50,14,36,271,23,248,15.57632398753894,4.361370716510903,11.214953271028037,84.42367601246106,7.165109034267912,77.25856697819314
E00094448,271,55,25,30,216,30,186,20.29520295202952,9.22509225092251,11.07011070110701,79.70479704797047,11.07011070110701,68.63468634686348
E00094449,257,59,24,35,198,23,175,22.957198443579767,9.33852140077821,13.618677042801556,77.04280155642024,8.949416342412452,68.09338521400778
E00094450,235,37,15,22,198,16,182,15.74468085106383,6.382978723404255,9.361702127659575,84.25531914893617,6.808510638297872,77.4468085106383
E00094451,285,50,20,30,235,17,218,17.543859649122805,7.017543859649122,10.526315789473683,82.45614035087719,5.964912280701754,76.49122807017544
E00094452,252,40,21,19,212,26,186,15.873015873015872,8.333333333333332,7.5396825396825395,84.12698412698413,10.317460317460316,73.80952380952381
E00094453,241,43,20,23,198,26,172,17.842323651452283,8.29875518672199,9.54356846473029,82.15767634854771,10.78838174273859,71.36929460580913
E00094454,310,52,17,35,258,33,225,16.7741935483871,5.483870967741936,11.29032258064516,83.22580645161291,10.64516129032258,72.58064516129032
E00094455,289,45,22,23,244,26,218,15.570934256055363,7.612456747404845,7.958477508650519,84.42906574394463,8.996539792387544,75.4325259515571
E00094456,326,70,28,42,256,32,224,21.472392638036812,8.588957055214724,12.883435582822086,78.52760736196319,9.815950920245399,68.71165644171779
E00094457,288,57,22,35,231,21,210,19.791666666666664,7.638888888888889,12.152777777777777,80.20833333333334,7.291666666666667,72.91666666666666
E00094460,342,60,25,35,282,32,250,17.543859649122805,7.309941520467836,10.23391812865497,82.45614035087719,9.35672514619883,73.09941520467837
E00094462,281,54,26,28,227,17,210,19.217081850533805,9.252669039145907,9.9644128113879,80.78291814946618,6.049822064056939,74.73309608540926
E00094463,444,97,34,63,347,31,316,21.846846846846844,7.657657657657657,14.18918918918919,78.15315315315316,6.981981981981981,71.17117117117117
E00094464,285,41,16,25,244,21,223,14.385964912280702,5.614035087719298,8.771929824561402,85.6140350877193,7.368421052631578,78.24561403508771
E00094465,346,90,46,44,256,25,231,26.011560693641616,13.294797687861271,12.716763005780345,73.98843930635837,7.225433526011561,66.76300578034682
E00094466,256,65,26,39,191,24,167,25.390625,10.15625,15.234375,74.609375,9.375,65.234375
E00094467,296,74,29,45,222,21,201,25,9.797297297297296,15.202702702702704,75,7.094594594594595,67.9054054054054
E00094468,263,58,23,35,205,16,189,22.0532319391635,8.745247148288973,13.307984790874524,77.9467680608365,6.083650190114068,71.86311787072243
E00094469,410,165,90,75,245,19,226,40.243902439024396,21.951219512195124,18.29268292682927,59.756097560975604,4.634146341463414,55.1219512195122
E00094470,323,91,43,48,232,15,217,28.173374613003094,13.312693498452013,14.860681114551083,71.8266253869969,4.643962848297214,67.18266253869969
E00094471,279,43,20,23,236,19,217,15.412186379928317,7.168458781362006,8.24372759856631,84.58781362007169,6.810035842293908,77.77777777777779
E00094472,221,65,29,36,156,9,147,29.411764705882355,13.122171945701359,16.289592760180994,70.58823529411765,4.072398190045249,66.51583710407239
E00094473,307,78,33,45,229,17,212,25.407166123778502,10.749185667752444,14.65798045602606,74.5928338762215,5.537459283387622,69.05537459283387
E00094474,239,46,24,22,193,20,173,19.246861924686193,10.0418410041841,9.205020920502092,80.75313807531381,8.368200836820083,72.38493723849372
E00094475,349,50,22,28,299,30,269,14.326647564469914,6.303724928366762,8.022922636103152,85.67335243553008,8.595988538681947,77.07736389684814
E00094476,273,87,49,38,186,25,161,31.868131868131865,17.94871794871795,13.91941391941392,68.13186813186813,9.157509157509157,58.97435897435898
E00094477,261,48,13,35,213,24,189,18.39080459770115,4.980842911877394,13.409961685823754,81.60919540229885,9.195402298850574,72.41379310344827
E00094478,270,44,18,26,226,25,201,16.296296296296298,6.666666666666667,9.62962962962963,83.7037037037037,9.25925925925926,74.44444444444444
E00094479,325,86,32,54,239,22,217,26.461538461538463,9.846153846153847,16.615384615384617,73.53846153846155,6.769230769230769,66.76923076923077
E00094480,323,91,51,40,232,21,211,28.173374613003094,15.789473684210526,12.38390092879257,71.8266253869969,6.5015479876160995,65.3250773993808
E00094481,301,42,19,23,259,26,233,13.953488372093023,6.312292358803987,7.641196013289036,86.04651162790698,8.637873754152823,77.40863787375415
E00094482,353,88,50,38,265,25,240,24.929178470254957,14.164305949008499,10.764872521246458,75.07082152974505,7.0821529745042495,67.98866855524079
E00094483,236,42,19,23,194,24,170,17.796610169491526,8.050847457627118,9.745762711864407,82.20338983050848,10.16949152542373,72.03389830508475
E00094484,279,51,17,34,228,30,198,18.27956989247312,6.093189964157706,12.186379928315413,81.72043010752688,10.75268817204301,70.96774193548387
E00094485,341,51,27,24,290,24,266,14.95601173020528,7.9178885630498534,7.038123167155426,85.04398826979472,7.038123167155426,78.00586510263929
E00094486,269,81,45,36,188,15,173,30.111524163568777,16.728624535315987,13.382899628252787,69.88847583643123,5.5762081784386615,64.31226765799256
E00094487,262,54,23,31,208,16,192,20.610687022900763,8.778625954198473,11.83206106870229,79.38931297709924,6.106870229007633,73.2824427480916
E00094489,290,37,16,21,253,16,237,12.758620689655173,5.517241379310345,7.241379310344828,87.24137931034483,5.517241379310345,81.72413793103448
E00094490,401,61,15,46,340,33,307,15.211970074812967,3.7406483790523692,11.471321695760599,84.78802992518703,8.229426433915211,76.55860349127181
E00094491,316,53,25,28,263,24,239,16.77215189873418,7.9113924050632916,8.860759493670885,83.22784810126582,7.59493670886076,75.63291139240506
E00094492,286,50,19,31,236,25,211,17.482517482517483,6.643356643356643,10.839160839160838,82.51748251748252,8.741258741258742,73.77622377622379
E00094493,299,57,24,33,242,24,218,19.063545150501675,8.02675585284281,11.036789297658862,80.93645484949833,8.02675585284281,72.90969899665552
E00094494,294,53,24,29,241,21,220,18.027210884353742,8.16326530612245,9.863945578231291,81.97278911564626,7.142857142857142,74.82993197278913
E00094495,274,72,25,47,202,17,185,26.277372262773724,9.124087591240876,17.153284671532848,73.72262773722628,6.204379562043796,67.51824817518248
E00094496,363,53,16,37,310,32,278,14.600550964187327,4.40771349862259,10.192837465564738,85.39944903581267,8.81542699724518,76.5840220385675
E00094497,309,53,22,31,256,25,231,17.15210355987055,7.119741100323624,10.032362459546926,82.84789644012946,8.090614886731391,74.75728155339806
E00094498,495,74,21,53,421,33,388,14.949494949494948,4.242424242424243,10.707070707070706,85.05050505050505,6.666666666666667,78.3838383838384
E00094499,295,59,25,34,236,21,215,20,8.47457627118644,11.525423728813559,80,7.118644067796611,72.88135593220339
E00094500,442,65,21,44,377,43,334,14.705882352941178,4.751131221719457,9.95475113122172,85.29411764705883,9.728506787330318,75.56561085972851
E00094501,328,47,17,30,281,19,262,14.329268292682926,5.182926829268292,9.146341463414634,85.67073170731707,5.7926829268292686,79.8780487804878
E00094502,303,66,30,36,237,26,211,21.782178217821784,9.900990099009901,11.881188118811881,78.21782178217822,8.58085808580858,69.63696369636963
E00094503,228,67,37,30,161,22,139,29.385964912280706,16.228070175438596,13.157894736842104,70.6140350877193,9.649122807017543,60.96491228070175
E00094504,400,62,29,33,338,33,305,15.5,7.249999999999999,8.25,84.5,8.25,76.25
E00094505,295,46,21,25,249,24,225,15.593220338983052,7.118644067796611,8.47457627118644,84.40677966101696,8.135593220338983,76.27118644067797
E00094506,257,32,11,21,225,31,194,12.45136186770428,4.280155642023346,8.171206225680933,87.54863813229572,12.062256809338521,75.4863813229572
E00094507,605,121,54,67,484,33,451,20,8.925619834710744,11.074380165289256,80,5.454545454545454,74.54545454545455
E00094508,274,97,30,67,177,18,159,35.4014598540146,10.948905109489052,24.45255474452555,64.59854014598541,6.569343065693431,58.02919708029197
E00094509,143,50,22,28,93,8,85,34.96503496503497,15.384615384615385,19.58041958041958,65.03496503496503,5.594405594405594,59.44055944055944
E00094510,233,40,14,26,193,22,171,17.167381974248926,6.008583690987124,11.158798283261802,82.83261802575107,9.44206008583691,73.39055793991416
E00094511,311,55,17,38,256,19,237,17.684887459807076,5.466237942122187,12.218649517684888,82.31511254019293,6.109324758842444,76.20578778135048
E00094512,358,45,13,32,313,39,274,12.569832402234638,3.6312849162011176,8.938547486033519,87.43016759776536,10.893854748603351,76.53631284916202
E00094513,454,58,27,31,396,32,364,12.77533039647577,5.947136563876652,6.828193832599119,87.22466960352423,7.048458149779736,80.1762114537445
E00094514,253,50,20,30,203,27,176,19.76284584980237,7.905138339920949,11.857707509881422,80.23715415019763,10.67193675889328,69.56521739130434
E00094515,233,43,21,22,190,21,169,18.4549356223176,9.012875536480687,9.44206008583691,81.54506437768241,9.012875536480687,72.53218884120172
E00094516,364,54,10,44,310,21,289,14.835164835164836,2.7472527472527473,12.087912087912088,85.16483516483517,5.769230769230769,79.3956043956044
E00094517,338,64,35,29,274,21,253,18.93491124260355,10.355029585798817,8.579881656804734,81.06508875739645,6.21301775147929,74.85207100591717
E00094518,536,66,24,42,470,56,414,12.313432835820896,4.477611940298507,7.835820895522389,87.68656716417911,10.44776119402985,77.23880597014924
E00094519,523,58,12,46,465,32,433,11.089866156787762,2.294455066921606,8.795411089866157,88.91013384321224,6.118546845124283,82.79158699808795
E00094521,315,49,15,34,266,34,232,15.555555555555555,4.761904761904762,10.793650793650794,84.44444444444444,10.793650793650794,73.65079365079366
E00094522,238,46,19,27,192,12,180,19.327731092436977,7.9831932773109235,11.344537815126051,80.67226890756302,5.042016806722689,75.63025210084034
E00094523,275,40,15,25,235,25,210,14.545454545454545,5.454545454545454,9.090909090909092,85.45454545454545,9.090909090909092,76.36363636363637
E00094524,258,57,27,30,201,19,182,22.093023255813954,10.465116279069768,11.627906976744185,77.90697674418605,7.3643410852713185,70.54263565891473
E00094525,256,35,19,16,221,12,209,13.671875,7.421875,6.25,86.328125,4.6875,81.640625
E00094526,304,35,16,19,269,28,241,11.513157894736842,5.263157894736842,6.25,88.48684210526315,9.210526315789473,79.27631578947368
E00094527,412,58,20,38,354,34,320,14.077669902912621,4.854368932038835,9.223300970873787,85.92233009708737,8.25242718446602,77.66990291262135
E00094528,289,62,25,37,227,28,199,21.453287197231834,8.650519031141869,12.802768166089965,78.54671280276817,9.688581314878892,68.85813148788927
E00094529,250,75,33,42,175,28,147,30,13.200000000000001,16.8,70,11.200000000000001,58.8
E00094530,315,34,13,21,281,21,260,10.793650793650794,4.1269841269841265,6.666666666666667,89.20634920634922,6.666666666666667,82.53968253968253
E00094531,352,118,72,46,234,21,213,33.52272727272727,20.454545454545457,13.068181818181818,66.47727272727273,5.965909090909091,60.51136363636363
E00094532,289,59,24,35,230,22,208,20.415224913494807,8.304498269896193,12.110726643598616,79.58477508650519,7.612456747404845,71.97231833910035
E00094533,276,46,15,31,230,32,198,16.666666666666664,5.434782608695652,11.231884057971014,83.33333333333334,11.594202898550725,71.73913043478261
E00094534,293,64,23,41,229,19,210,21.843003412969285,7.849829351535837,13.993174061433447,78.15699658703072,6.484641638225256,71.67235494880546
E00094535,277,51,26,25,226,24,202,18.4115523465704,9.386281588447654,9.025270758122744,81.58844765342961,8.664259927797833,72.92418772563177
E00094536,262,56,17,39,206,24,182,21.374045801526716,6.488549618320611,14.885496183206106,78.62595419847328,9.16030534351145,69.46564885496184
E00094537,268,64,22,42,204,12,192,23.88059701492537,8.208955223880597,15.671641791044777,76.11940298507463,4.477611940298507,71.64179104477611
E00094538,355,57,21,36,298,28,270,16.056338028169016,5.915492957746479,10.140845070422536,83.94366197183099,7.887323943661972,76.05633802816901
E00094539,282,61,32,29,221,28,193,21.631205673758867,11.347517730496454,10.28368794326241,78.36879432624113,9.929078014184398,68.43971631205675
E00094540,331,59,26,33,272,27,245,17.82477341389728,7.854984894259818,9.969788519637463,82.17522658610272,8.157099697885197,74.01812688821752
E00094541,327,59,24,35,268,24,244,18.04281345565749,7.339449541284404,10.703363914373089,81.9571865443425,7.339449541284404,74.61773700305811
E00094542,349,70,32,38,279,30,249,20.057306590257877,9.169054441260744,10.888252148997136,79.94269340974212,8.595988538681947,71.34670487106017
E00094543,282,64,33,31,218,18,200,22.69503546099291,11.702127659574469,10.99290780141844,77.30496453900709,6.382978723404255,70.92198581560284
E00094544,232,68,26,42,164,12,152,29.310344827586203,11.206896551724139,18.103448275862068,70.6896551724138,5.172413793103448,65.51724137931035
E00094545,318,46,27,19,272,19,253,14.465408805031446,8.49056603773585,5.9748427672955975,85.53459119496856,5.9748427672955975,79.55974842767296
E00094546,285,61,22,39,224,18,206,21.403508771929825,7.719298245614035,13.684210526315791,78.59649122807018,6.315789473684211,72.28070175438597
E00094547,344,57,16,41,287,37,250,16.569767441860463,4.651162790697675,11.918604651162791,83.43023255813954,10.755813953488373,72.67441860465115
E00094548,347,70,35,35,277,21,256,20.172910662824208,10.086455331412104,10.086455331412104,79.82708933717579,6.051873198847262,73.77521613832853
E00094549,277,57,21,36,220,25,195,20.577617328519857,7.581227436823104,12.996389891696749,79.42238267148014,9.025270758122744,70.3971119133574
E00094550,270,71,31,40,199,17,182,26.296296296296294,11.481481481481481,14.814814814814813,73.70370370370371,6.296296296296296,67.4074074074074
E00094551,314,87,39,48,227,20,207,27.70700636942675,12.420382165605096,15.286624203821656,72.29299363057325,6.369426751592357,65.92356687898089
E00094553,264,71,43,28,193,15,178,26.89393939393939,16.28787878787879,10.606060606060606,73.10606060606061,5.681818181818182,67.42424242424242
E00094554,298,47,22,25,251,18,233,15.771812080536913,7.38255033557047,8.389261744966444,84.22818791946308,6.0402684563758395,78.18791946308725
E00094555,287,63,24,39,224,19,205,21.951219512195124,8.362369337979095,13.588850174216027,78.04878048780488,6.620209059233449,71.42857142857143
E00094556,209,62,34,28,147,13,134,29.665071770334926,16.267942583732058,13.397129186602871,70.33492822966507,6.220095693779904,64.11483253588517
E00094557,367,92,58,34,275,19,256,25.068119891008173,15.803814713896458,9.264305177111716,74.93188010899182,5.177111716621254,69.75476839237056
E00094558,274,50,19,31,224,14,210,18.248175182481752,6.934306569343065,11.313868613138686,81.75182481751825,5.109489051094891,76.64233576642336
E00094559,514,80,28,52,434,38,396,15.56420233463035,5.447470817120623,10.116731517509727,84.43579766536965,7.392996108949417,77.04280155642024
E00094560,310,113,75,38,197,24,173,36.45161290322581,24.193548387096776,12.258064516129032,63.54838709677419,7.741935483870968,55.80645161290323
E00094561,391,81,40,41,310,26,284,20.716112531969312,10.230179028132993,10.485933503836318,79.28388746803068,6.649616368286446,72.63427109974424
E00094562,368,74,24,50,294,22,272,20.108695652173914,6.521739130434782,13.586956521739129,79.8913043478261,5.978260869565218,73.91304347826086
E00094563,275,72,33,39,203,20,183,26.181818181818183,12,14.181818181818182,73.81818181818181,7.2727272727272725,66.54545454545455
E00094564,263,49,26,23,214,16,198,18.631178707224336,9.885931558935361,8.745247148288973,81.36882129277566,6.083650190114068,75.2851711026616
E00094565,332,57,23,34,275,21,254,17.16867469879518,6.927710843373494,10.240963855421686,82.83132530120481,6.325301204819277,76.50602409638554
E00094566,249,58,32,26,191,17,174,23.293172690763054,12.851405622489958,10.441767068273093,76.70682730923694,6.827309236947792,69.87951807228916
E00094567,362,131,71,60,231,26,205,36.187845303867405,19.613259668508288,16.574585635359114,63.812154696132595,7.18232044198895,56.62983425414365
E00094568,262,40,17,23,222,23,199,15.267175572519085,6.488549618320611,8.778625954198473,84.7328244274809,8.778625954198473,75.95419847328245
E00094569,243,55,20,35,188,23,165,22.633744855967077,8.23045267489712,14.40329218106996,77.36625514403292,9.465020576131687,67.90123456790124
E00094570,335,80,42,38,255,20,235,23.88059701492537,12.53731343283582,11.343283582089553,76.11940298507463,5.970149253731343,70.1492537313433
E00094571,262,43,23,20,219,18,201,16.412213740458014,8.778625954198473,7.633587786259542,83.58778625954199,6.870229007633588,76.7175572519084
E00094572,422,88,48,40,334,22,312,20.85308056872038,11.374407582938389,9.47867298578199,79.14691943127961,5.213270142180095,73.93364928909952
E00094573,359,56,16,40,303,29,274,15.598885793871867,4.456824512534819,11.142061281337048,84.40111420612814,8.07799442896936,76.32311977715878
E00094574,239,63,33,30,176,16,160,26.359832635983267,13.807531380753138,12.552301255230125,73.64016736401673,6.694560669456067,66.94560669456067
E00094575,294,48,21,27,246,25,221,16.3265306122449,7.142857142857142,9.183673469387756,83.6734693877551,8.503401360544217,75.17006802721087
E00094576,220,53,21,32,167,19,148,24.09090909090909,9.545454545454547,14.545454545454545,75.9090909090909,8.636363636363637,67.27272727272727
E00094577,511,65,26,39,446,37,409,12.720156555772993,5.088062622309197,7.632093933463796,87.279843444227,7.240704500978473,80.03913894324853
E00094578,387,100,46,54,287,23,264,25.839793281653744,11.886304909560723,13.953488372093023,74.16020671834626,5.943152454780361,68.21705426356588
E00094579,377,82,44,38,295,25,270,21.750663129973475,11.671087533156498,10.079575596816976,78.24933687002653,6.631299734748011,71.61803713527851
E00094581,317,45,23,22,272,29,243,14.195583596214512,7.255520504731862,6.940063091482649,85.8044164037855,9.14826498422713,76.65615141955836
E00094582,345,55,24,31,290,25,265,15.942028985507244,6.956521739130435,8.985507246376812,84.05797101449275,7.246376811594203,76.81159420289855
E00094583,411,92,40,52,319,32,287,22.38442822384428,9.732360097323602,12.652068126520682,77.61557177615572,7.785888077858881,69.82968369829685
E00094584,394,74,38,36,320,31,289,18.781725888324875,9.644670050761421,9.137055837563452,81.21827411167513,7.868020304568528,73.3502538071066
E00094587,277,66,35,31,211,18,193,23.826714801444044,12.63537906137184,11.191335740072201,76.17328519855594,6.4981949458483745,69.67509025270758
E00094589,329,95,52,43,234,12,222,28.87537993920973,15.80547112462006,13.069908814589665,71.12462006079028,3.64741641337386,67.47720364741642
E00094590,403,134,65,69,269,21,248,33.25062034739454,16.129032258064516,17.121588089330025,66.74937965260546,5.2109181141439205,61.53846153846154
E00094591,472,74,27,47,398,38,360,15.677966101694915,5.720338983050848,9.957627118644067,84.32203389830508,8.050847457627118,76.27118644067797
E00094592,307,51,19,32,256,29,227,16.612377850162865,6.188925081433225,10.423452768729643,83.38762214983714,9.446254071661238,73.9413680781759
E00094593,296,59,27,32,237,23,214,19.93243243243243,9.121621621621621,10.81081081081081,80.06756756756756,7.77027027027027,72.2972972972973
E00094594,354,95,46,49,259,16,243,26.836158192090398,12.994350282485875,13.841807909604519,73.1638418079096,4.519774011299435,68.64406779661016
E00094595,430,108,50,58,322,13,309,25.116279069767444,11.627906976744185,13.488372093023257,74.88372093023256,3.0232558139534884,71.86046511627907
E00094596,267,48,23,25,219,15,204,17.97752808988764,8.614232209737828,9.363295880149813,82.02247191011236,5.617977528089887,76.40449438202246
E00094597,262,78,37,41,184,15,169,29.770992366412212,14.122137404580155,15.648854961832063,70.22900763358778,5.7251908396946565,64.50381679389314
E00094598,234,65,25,40,169,14,155,27.77777777777778,10.683760683760683,17.094017094017094,72.22222222222221,5.982905982905983,66.23931623931624
E00094599,221,66,35,31,155,10,145,29.86425339366516,15.837104072398189,14.027149321266968,70.13574660633483,4.524886877828054,65.61085972850678
E00094600,499,101,53,48,398,43,355,20.240480961923847,10.62124248496994,9.619238476953909,79.75951903807615,8.617234468937877,71.14228456913828
E00094601,306,58,23,35,248,27,221,18.954248366013072,7.516339869281046,11.437908496732026,81.04575163398692,8.823529411764707,72.22222222222221
E00094602,316,56,19,37,260,30,230,17.72151898734177,6.012658227848101,11.708860759493671,82.27848101265823,9.49367088607595,72.78481012658227
E00094603,341,74,38,36,267,20,247,21.700879765395893,11.143695014662756,10.557184750733137,78.2991202346041,5.865102639296188,72.43401759530792
E00094604,228,59,25,34,169,19,150,25.877192982456144,10.964912280701753,14.912280701754385,74.12280701754386,8.333333333333332,65.78947368421053
E00094606,316,53,26,27,263,26,237,16.77215189873418,8.227848101265822,8.544303797468354,83.22784810126582,8.227848101265822,75
E00094607,291,68,34,34,223,19,204,23.367697594501717,11.683848797250858,11.683848797250858,76.6323024054983,6.529209621993128,70.10309278350515
E00094608,354,92,41,51,262,17,245,25.98870056497175,11.581920903954803,14.40677966101695,74.01129943502825,4.80225988700565,69.2090395480226
E00094609,273,67,29,38,206,15,191,24.54212454212454,10.622710622710622,13.91941391941392,75.45787545787546,5.4945054945054945,69.96336996336996
E00094611,270,63,27,36,207,21,186,23.333333333333332,10,13.333333333333334,76.66666666666667,7.777777777777778,68.88888888888889
E00094612,225,53,25,28,172,10,162,23.555555555555554,11.11111111111111,12.444444444444445,76.44444444444444,4.444444444444445,72
E00094613,292,71,34,37,221,16,205,24.315068493150687,11.643835616438356,12.67123287671233,75.68493150684932,5.47945205479452,70.2054794520548
E00094614,223,60,31,29,163,11,152,26.905829596412556,13.901345291479823,13.004484304932735,73.09417040358744,4.932735426008969,68.16143497757847
E00094615,216,51,23,28,165,19,146,23.61111111111111,10.648148148148149,12.962962962962962,76.38888888888889,8.796296296296296,67.5925925925926
E00094616,460,61,21,40,399,41,358,13.260869565217392,4.565217391304348,8.695652173913043,86.73913043478261,8.91304347826087,77.82608695652173
E00094617,261,63,29,34,198,27,171,24.137931034482758,11.11111111111111,13.026819923371647,75.86206896551724,10.344827586206897,65.51724137931035
E00094618,291,50,19,31,241,26,215,17.18213058419244,6.529209621993128,10.652920962199312,82.81786941580756,8.934707903780069,73.8831615120275
E00094619,248,67,30,37,181,17,164,27.016129032258064,12.096774193548388,14.919354838709678,72.98387096774194,6.854838709677419,66.12903225806451
E00094620,281,70,33,37,211,10,201,24.91103202846975,11.743772241992882,13.167259786476867,75.08896797153025,3.558718861209965,71.53024911032028
E00094621,356,46,14,32,310,24,286,12.921348314606742,3.932584269662921,8.98876404494382,87.07865168539325,6.741573033707865,80.33707865168539
E00094622,279,63,19,44,216,23,193,22.58064516129032,6.810035842293908,15.770609318996415,77.41935483870968,8.24372759856631,69.17562724014337
E00094623,256,65,36,29,191,20,171,25.390625,14.0625,11.328125,74.609375,7.8125,66.796875
E00094624,379,62,29,33,317,27,290,16.358839050131927,7.651715039577836,8.70712401055409,83.64116094986808,7.12401055408971,76.51715039577837
E00094625,261,87,40,47,174,12,162,33.33333333333333,15.32567049808429,18.007662835249043,66.66666666666666,4.597701149425287,62.06896551724138
E00094626,285,69,32,37,216,15,201,24.210526315789473,11.228070175438596,12.982456140350877,75.78947368421053,5.263157894736842,70.52631578947368
E00094627,297,68,23,45,229,20,209,22.895622895622896,7.744107744107744,15.151515151515152,77.10437710437711,6.7340067340067336,70.37037037037037
E00094628,306,44,11,33,262,28,234,14.37908496732026,3.594771241830065,10.784313725490197,85.62091503267973,9.15032679738562,76.47058823529412
E00094629,276,73,29,44,203,7,196,26.44927536231884,10.507246376811594,15.942028985507244,73.55072463768117,2.536231884057971,71.01449275362319
E00094630,328,45,16,29,283,25,258,13.719512195121952,4.878048780487805,8.841463414634147,86.28048780487805,7.621951219512195,78.65853658536585
E00094632,561,91,32,59,470,39,431,16.22103386809269,5.704099821746881,10.51693404634581,83.77896613190731,6.951871657754011,76.8270944741533
E00094633,425,88,34,54,337,17,320,20.705882352941178,8,12.705882352941176,79.29411764705883,4,75.29411764705883
E00094634,407,71,31,40,336,22,314,17.444717444717444,7.616707616707617,9.828009828009828,82.55528255528255,5.405405405405405,77.14987714987716
E00094635,348,85,34,51,263,19,244,24.42528735632184,9.770114942528735,14.655172413793101,75.57471264367817,5.459770114942529,70.11494252873564
E00094636,444,83,31,52,361,14,347,18.693693693693696,6.981981981981981,11.711711711711711,81.30630630630631,3.153153153153153,78.15315315315316
E00094637,427,90,43,47,337,16,321,21.07728337236534,10.070257611241217,11.00702576112412,78.92271662763466,3.747072599531616,75.17564402810304
E00094638,248,78,37,41,170,23,147,31.451612903225808,14.919354838709678,16.532258064516128,68.54838709677419,9.274193548387096,59.2741935483871
E00094639,388,65,20,45,323,23,300,16.752577319587626,5.154639175257731,11.597938144329897,83.24742268041237,5.927835051546391,77.31958762886599
E00094640,234,69,24,45,165,14,151,29.48717948717949,10.256410256410255,19.230769230769234,70.51282051282051,5.982905982905983,64.52991452991454
E00094641,370,89,41,48,281,19,262,24.054054054054056,11.081081081081082,12.972972972972974,75.94594594594595,5.135135135135135,70.8108108108108
E00168824,315,59,12,47,256,38,218,18.73015873015873,3.8095238095238098,14.920634920634921,81.26984126984127,12.063492063492063,69.2063492063492
E00168825,492,120,42,78,372,35,337,24.390243902439025,8.536585365853659,15.853658536585366,75.60975609756098,7.113821138211382,68.4959349593496
E00168826,304,52,24,28,252,19,233,17.105263157894736,7.894736842105263,9.210526315789473,82.89473684210526,6.25,76.64473684210526
E00168827,349,53,17,36,296,37,259,15.18624641833811,4.871060171919771,10.315186246418339,84.81375358166189,10.601719197707736,74.21203438395415
E00168828,217,32,11,21,185,17,168,14.746543778801843,5.0691244239631335,9.67741935483871,85.25345622119815,7.834101382488479,77.41935483870968
E00168829,381,83,44,39,298,24,274,21.784776902887142,11.548556430446194,10.236220472440944,78.21522309711287,6.299212598425196,71.91601049868767
E00168830,185,56,29,27,129,10,119,30.270270270270274,15.675675675675677,14.594594594594595,69.72972972972973,5.405405405405405,64.32432432432432
E00168831,197,64,33,31,133,20,113,32.48730964467005,16.751269035532996,15.736040609137056,67.51269035532995,10.152284263959391,57.360406091370564
E00168832,242,34,11,23,208,17,191,14.049586776859504,4.545454545454546,9.50413223140496,85.9504132231405,7.024793388429752,78.92561983471074
E00168833,134,43,17,26,91,14,77,32.08955223880597,12.686567164179104,19.402985074626866,67.91044776119402,10.44776119402985,57.46268656716418
E00168834,235,29,7,22,206,16,190,12.340425531914894,2.9787234042553195,9.361702127659575,87.65957446808511,6.808510638297872,80.85106382978722
E00168835,300,52,18,34,248,23,225,17.333333333333336,6,11.333333333333332,82.66666666666667,7.666666666666666,75
E00168836,156,14,0,14,142,14,128,8.974358974358974,0,8.974358974358974,91.02564102564102,8.974358974358974,82.05128205128204
E00168837,140,28,13,15,112,7,105,20,9.285714285714286,10.714285714285714,80,5,75
E00168838,282,54,26,28,228,12,216,19.148936170212767,9.219858156028367,9.929078014184398,80.85106382978722,4.25531914893617,76.59574468085107
E00168841,588,84,30,54,504,31,473,14.285714285714285,5.1020408163265305,9.183673469387756,85.71428571428571,5.272108843537415,80.4421768707483
E00168842,601,79,18,61,522,40,482,13.14475873544093,2.995008319467554,10.149750415973378,86.85524126455907,6.655574043261231,80.19966722129783
E00168844,144,29,6,23,115,6,109,20.13888888888889,4.166666666666666,15.972222222222221,79.86111111111111,4.166666666666666,75.69444444444444
E00168845,323,47,11,36,276,30,246,14.551083591331269,3.4055727554179565,11.145510835913312,85.44891640866872,9.287925696594428,76.16099071207431
E00168846,317,43,17,26,274,23,251,13.564668769716087,5.3627760252365935,8.201892744479496,86.43533123028391,7.255520504731862,79.17981072555204
E00168847,197,19,5,14,178,16,162,9.644670050761421,2.5380710659898478,7.1065989847715745,90.35532994923858,8.121827411167512,82.23350253807106
E00168848,387,29,9,20,358,39,319,7.493540051679587,2.3255813953488373,5.167958656330749,92.50645994832041,10.077519379844961,82.42894056847545
E00168849,443,76,22,54,367,30,337,17.155756207674944,4.966139954853273,12.18961625282167,82.84424379232506,6.772009029345373,76.07223476297969
E00188753,122,17,4,13,105,10,95,13.934426229508196,3.278688524590164,10.655737704918032,86.0655737704918,8.19672131147541,77.8688524590164
E00188755,349,38,13,25,311,26,285,10.888252148997136,3.7249283667621778,7.163323782234957,89.11174785100286,7.4498567335243555,81.66189111747852
E00188756,497,109,48,61,388,46,342,21.93158953722334,9.6579476861167,12.273641851106639,78.06841046277665,9.25553319919517,68.81287726358148
E00188758,249,21,4,17,228,25,203,8.433734939759036,1.6064257028112447,6.827309236947792,91.56626506024097,10.040160642570282,81.52610441767068
E00188759,304,54,31,23,250,27,223,17.763157894736842,10.197368421052632,7.565789473684211,82.23684210526315,8.881578947368421,73.35526315789474
E00188760,247,17,3,14,230,15,215,6.882591093117409,1.214574898785425,5.668016194331984,93.11740890688259,6.0728744939271255,87.04453441295547
E00188763,329,54,20,34,275,27,248,16.41337386018237,6.079027355623101,10.33434650455927,83.58662613981764,8.206686930091186,75.37993920972644
E00188764,331,23,5,18,308,25,283,6.948640483383686,1.5105740181268883,5.438066465256798,93.05135951661632,7.552870090634441,85.49848942598187
E00188766,236,33,17,16,203,26,177,13.983050847457626,7.203389830508475,6.779661016949152,86.01694915254238,11.016949152542372,75
E00188767,312,30,11,19,282,19,263,9.615384615384617,3.5256410256410255,6.089743589743589,90.38461538461539,6.089743589743589,84.2948717948718
E00188769,349,77,36,41,272,27,245,22.063037249283667,10.315186246418339,11.74785100286533,77.93696275071633,7.736389684813753,70.20057306590259
E00188770,333,29,10,19,304,23,281,8.708708708708707,3.003003003003003,5.7057057057057055,91.29129129129129,6.906906906906906,84.38438438438438
E00188773,331,26,5,21,305,17,288,7.854984894259818,1.5105740181268883,6.3444108761329305,92.14501510574019,5.13595166163142,87.00906344410876
E00188776,281,28,8,20,253,26,227,9.9644128113879,2.8469750889679712,7.11743772241993,90.0355871886121,9.252669039145907,80.78291814946618
E00188778,320,22,6,16,298,22,276,6.875000000000001,1.875,5,93.125,6.875000000000001,86.25
E00188779,270,46,14,32,224,26,198,17.037037037037038,5.185185185185185,11.851851851851853,82.96296296296296,9.62962962962963,73.33333333333333
E00188780,319,33,12,21,286,23,263,10.344827586206897,3.761755485893417,6.583072100313479,89.65517241379311,7.210031347962382,82.44514106583071
E00188781,243,33,5,28,210,19,191,13.580246913580247,2.05761316872428,11.522633744855968,86.41975308641975,7.818930041152264,78.60082304526749
E00188782,207,45,19,26,162,12,150,21.73913043478261,9.178743961352657,12.560386473429952,78.26086956521739,5.797101449275362,72.46376811594203
E00188785,167,25,7,18,142,13,129,14.97005988023952,4.191616766467066,10.778443113772456,85.02994011976048,7.784431137724551,77.24550898203593
E00188786,135,77,39,38,58,10,48,57.03703703703704,28.888888888888886,28.14814814814815,42.96296296296296,7.4074074074074066,35.55555555555556
E00188791,365,36,10,26,329,34,295,9.863013698630137,2.73972602739726,7.123287671232877,90.13698630136986,9.315068493150685,80.82191780821918
E00188792,345,49,21,28,296,20,276,14.202898550724639,6.086956521739131,8.115942028985506,85.79710144927536,5.797101449275362,80
E00188793,222,63,28,35,159,10,149,28.37837837837838,12.612612612612612,15.765765765765765,71.62162162162163,4.504504504504505,67.11711711711712
E00188795,297,49,29,20,248,20,228,16.4983164983165,9.764309764309765,6.7340067340067336,83.5016835016835,6.7340067340067336,76.76767676767676
E00188796,298,64,33,31,234,24,210,21.476510067114095,11.073825503355705,10.40268456375839,78.52348993288591,8.053691275167784,70.46979865771812
E00188798,272,57,19,38,215,17,198,20.955882352941178,6.985294117647059,13.970588235294118,79.04411764705883,6.25,72.79411764705883
E00188799,344,36,15,21,308,24,284,10.465116279069768,4.3604651162790695,6.104651162790697,89.53488372093024,6.976744186046512,82.55813953488372
E00188800,397,88,41,47,309,31,278,22.16624685138539,10.327455919395465,11.838790931989925,77.83375314861462,7.8085642317380355,70.02518891687657
E00188801,284,46,26,20,238,30,208,16.19718309859155,9.15492957746479,7.042253521126761,83.80281690140845,10.56338028169014,73.23943661971832
E00188802,382,58,26,32,324,32,292,15.18324607329843,6.806282722513089,8.37696335078534,84.81675392670157,8.37696335078534,76.43979057591623
E00188805,298,51,23,28,247,16,231,17.114093959731544,7.718120805369128,9.395973154362416,82.88590604026845,5.369127516778524,77.51677852348993
E00188809,281,51,23,28,230,18,212,18.14946619217082,8.185053380782918,9.9644128113879,81.85053380782918,6.405693950177936,75.44483985765125
E00188811,316,32,12,20,284,26,258,10.126582278481013,3.79746835443038,6.329113924050633,89.87341772151899,8.227848101265822,81.64556962025317
E00188812,351,76,37,39,275,19,256,21.65242165242165,10.541310541310542,11.11111111111111,78.34757834757835,5.413105413105413,72.93447293447294
E00188813,318,37,9,28,281,22,259,11.635220125786164,2.8301886792452833,8.80503144654088,88.36477987421384,6.918238993710692,81.44654088050315
E00188814,316,11,1,10,305,36,269,3.481012658227848,0.31645569620253167,3.1645569620253164,96.51898734177216,11.39240506329114,85.12658227848101
E00188816,194,67,38,29,127,17,110,34.5360824742268,19.587628865979383,14.948453608247423,65.4639175257732,8.762886597938143,56.70103092783505
E00188819,302,23,7,16,279,25,254,7.6158940397351,2.3178807947019866,5.298013245033113,92.3841059602649,8.27814569536424,84.10596026490066
E00188820,304,36,10,26,268,26,242,11.842105263157894,3.289473684210526,8.552631578947368,88.1578947368421,8.552631578947368,79.60526315789474
E00188825,215,31,7,24,184,23,161,14.418604651162791,3.255813953488372,11.162790697674419,85.5813953488372,10.69767441860465,74.88372093023256
E00188826,404,54,20,34,350,36,314,13.366336633663368,4.9504950495049505,8.415841584158416,86.63366336633663,8.91089108910891,77.72277227722772
E00188828,313,24,7,17,289,26,263,7.667731629392971,2.2364217252396164,5.431309904153355,92.33226837060703,8.30670926517572,84.02555910543131
E00188829,257,27,15,12,230,16,214,10.505836575875486,5.836575875486381,4.669260700389105,89.49416342412452,6.22568093385214,83.26848249027238
E00188830,277,67,24,43,210,24,186,24.187725631768952,8.664259927797833,15.523465703971121,75.81227436823104,8.664259927797833,67.14801444043322
E00188833,315,40,12,28,275,26,249,12.698412698412698,3.8095238095238098,8.88888888888889,87.3015873015873,8.253968253968253,79.04761904761905
E00188836,528,76,19,57,452,43,409,14.393939393939394,3.5984848484848486,10.795454545454545,85.60606060606061,8.143939393939394,77.46212121212122
E00188837,313,19,4,15,294,25,269,6.070287539936102,1.2779552715654952,4.792332268370607,93.9297124600639,7.987220447284344,85.94249201277955
E00188838,364,28,8,20,336,18,318,7.6923076923076925,2.197802197802198,5.4945054945054945,92.3076923076923,4.945054945054945,87.36263736263736
E00188840,258,48,18,30,210,15,195,18.6046511627907,6.976744186046512,11.627906976744185,81.3953488372093,5.813953488372093,75.5813953488372
E00188841,323,38,17,21,285,19,266,11.76470588235294,5.263157894736842,6.5015479876160995,88.23529411764706,5.88235294117647,82.35294117647058
E00188843,402,29,7,22,373,24,349,7.213930348258707,1.7412935323383085,5.472636815920398,92.7860696517413,5.970149253731343,86.81592039800995
E00188844,243,36,13,23,207,27,180,14.814814814814813,5.349794238683128,9.465020576131687,85.18518518518519,11.11111111111111,74.07407407407408
E00188846,324,72,52,20,252,18,234,22.22222222222222,16.049382716049383,6.172839506172839,77.77777777777779,5.555555555555555,72.22222222222221
E00188848,157,36,12,24,121,18,103,22.929936305732486,7.643312101910828,15.286624203821656,77.07006369426752,11.464968152866243,65.60509554140127
E00188849,300,36,13,23,264,21,243,12,4.333333333333334,7.666666666666666,88,7.000000000000001,81
E00188850,235,45,21,24,190,23,167,19.148936170212767,8.936170212765958,10.212765957446807,80.85106382978722,9.787234042553191,71.06382978723404
E00188851,289,28,5,23,261,25,236,9.688581314878892,1.7301038062283738,7.958477508650519,90.3114186851211,8.650519031141869,81.66089965397923
E00188854,276,77,32,45,199,21,178,27.898550724637683,11.594202898550725,16.304347826086957,72.10144927536231,7.608695652173914,64.4927536231884
E00188855,297,21,8,13,276,28,248,7.07070707070707,2.6936026936026933,4.377104377104377,92.92929292929293,9.427609427609427,83.5016835016835
E00188856,234,46,20,26,188,20,168,19.65811965811966,8.547008547008547,11.11111111111111,80.34188034188034,8.547008547008547,71.7948717948718
E00188858,304,53,23,30,251,21,230,17.434210526315788,7.565789473684211,9.868421052631579,82.56578947368422,6.907894736842106,75.6578947368421
E00188859,255,49,16,33,206,17,189,19.215686274509807,6.2745098039215685,12.941176470588237,80.7843137254902,6.666666666666667,74.11764705882354
E00188866,408,48,18,30,360,33,327,11.76470588235294,4.411764705882353,7.352941176470589,88.23529411764706,8.088235294117647,80.14705882352942
E00188869,199,43,21,22,156,8,148,21.608040201005025,10.552763819095476,11.055276381909549,78.39195979899498,4.0201005025125625,74.37185929648241
E00188870,199,54,30,24,145,6,139,27.1356783919598,15.07537688442211,12.060301507537687,72.8643216080402,3.015075376884422,69.84924623115577
E00188871,337,51,12,39,286,21,265,15.133531157270031,3.5608308605341246,11.572700296735905,84.86646884272997,6.231454005934718,78.63501483679525
E00188872,352,56,26,30,296,30,266,15.909090909090908,7.386363636363637,8.522727272727272,84.0909090909091,8.522727272727272,75.56818181818183
E00188873,305,82,30,52,223,18,205,26.885245901639344,9.836065573770492,17.04918032786885,73.11475409836066,5.901639344262295,67.21311475409836
E00188874,330,32,14,18,298,21,277,9.696969696969697,4.242424242424243,5.454545454545454,90.30303030303031,6.363636363636363,83.93939393939394
E00188875,283,73,31,42,210,19,191,25.795053003533567,10.954063604240282,14.840989399293287,74.20494699646643,6.713780918727916,67.49116607773851
E00188876,304,39,8,31,265,21,244,12.828947368421053,2.631578947368421,10.197368421052632,87.17105263157895,6.907894736842106,80.26315789473685
E00188878,181,56,30,26,125,17,108,30.939226519337016,16.574585635359114,14.3646408839779,69.06077348066299,9.392265193370166,59.66850828729282
E00188880,287,31,12,19,256,17,239,10.801393728222997,4.181184668989547,6.620209059233449,89.19860627177701,5.923344947735192,83.27526132404182
E00188881,262,45,19,26,217,18,199,17.17557251908397,7.251908396946565,9.923664122137405,82.82442748091603,6.870229007633588,75.95419847328245
E00188882,340,47,18,29,293,17,276,13.823529411764707,5.294117647058823,8.529411764705882,86.1764705882353,5,81.17647058823529
E00188883,260,44,13,31,216,23,193,16.923076923076923,5,11.923076923076923,83.07692307692308,8.846153846153847,74.23076923076923
E00188886,310,32,11,21,278,25,253,10.32258064516129,3.5483870967741935,6.774193548387098,89.6774193548387,8.064516129032258,81.61290322580645
E00188889,157,25,8,17,132,13,119,15.92356687898089,5.095541401273886,10.828025477707007,84.07643312101911,8.280254777070063,75.79617834394905
E00188894,330,71,39,32,259,28,231,21.515151515151516,11.818181818181818,9.696969696969697,78.48484848484848,8.484848484848486,70
E00188895,224,22,7,15,202,17,185,9.821428571428571,3.125,6.696428571428571,90.17857142857143,7.5892857142857135,82.58928571428571
E00188897,306,13,3,10,293,22,271,4.248366013071895,0.9803921568627451,3.2679738562091507,95.75163398692811,7.18954248366013,88.56209150326796
E00188898,278,70,39,31,208,10,198,25.179856115107913,14.028776978417264,11.151079136690647,74.82014388489209,3.5971223021582732,71.22302158273382
E00188899,370,11,3,8,359,33,326,2.9729729729729732,0.8108108108108109,2.1621621621621623,97.02702702702702,8.91891891891892,88.10810810810811
E00188901,179,51,26,25,128,8,120,28.49162011173184,14.52513966480447,13.966480446927374,71.50837988826815,4.4692737430167595,67.0391061452514
E00188903,735,161,57,104,574,65,509,21.904761904761905,7.755102040816326,14.14965986394558,78.0952380952381,8.843537414965986,69.25170068027211
E00188904,332,18,2,16,314,33,281,5.421686746987952,0.6024096385542169,4.819277108433735,94.57831325301204,9.939759036144578,84.63855421686746
E00188906,365,63,27,36,302,22,280,17.26027397260274,7.397260273972603,9.863013698630137,82.73972602739727,6.027397260273973,76.71232876712328
E00188907,383,43,17,26,340,30,310,11.22715404699739,4.43864229765013,6.7885117493472595,88.77284595300262,7.83289817232376,80.93994778067885
E00188909,303,34,9,25,269,16,253,11.221122112211221,2.9702970297029703,8.25082508250825,88.77887788778878,5.2805280528052805,83.4983498349835
E00188910,509,92,18,74,417,51,366,18.07465618860511,3.536345776031434,14.538310412573674,81.9253438113949,10.019646365422396,71.90569744597249
E00188912,194,60,27,33,134,10,124,30.927835051546392,13.917525773195877,17.010309278350515,69.0721649484536,5.154639175257731,63.91752577319587
E00188914,303,27,11,16,276,26,250,8.91089108910891,3.6303630363036308,5.2805280528052805,91.0891089108911,8.58085808580858,82.50825082508251
E00188916,337,38,15,23,299,17,282,11.275964391691394,4.451038575667656,6.824925816023739,88.72403560830861,5.044510385756676,83.67952522255193
E00188917,339,33,9,24,306,28,278,9.734513274336283,2.6548672566371683,7.079646017699115,90.2654867256637,8.259587020648967,82.00589970501476
E00188918,361,45,16,29,316,33,283,12.465373961218837,4.43213296398892,8.033240997229916,87.53462603878116,9.141274238227147,78.39335180055402
E00188919,147,23,3,20,124,16,108,15.646258503401361,2.0408163265306123,13.60544217687075,84.35374149659864,10.884353741496598,73.46938775510205
E00188920,277,25,8,17,252,22,230,9.025270758122744,2.888086642599278,6.137184115523466,90.97472924187726,7.9422382671480145,83.03249097472924
E00188921,246,34,11,23,212,17,195,13.821138211382115,4.471544715447155,9.34959349593496,86.1788617886179,6.910569105691057,79.26829268292683
E00188922,294,44,12,32,250,26,224,14.965986394557824,4.081632653061225,10.884353741496598,85.03401360544217,8.843537414965986,76.19047619047619
E00188923,281,29,6,23,252,30,222,10.320284697508896,2.135231316725979,8.185053380782918,89.6797153024911,10.676156583629894,79.00355871886121
E00188924,258,75,29,46,183,16,167,29.069767441860467,11.24031007751938,17.829457364341085,70.93023255813954,6.2015503875969,64.72868217054264
E00188926,316,22,3,19,294,25,269,6.962025316455696,0.949367088607595,6.012658227848101,93.0379746835443,7.9113924050632916,85.12658227848101
E00188928,344,22,9,13,322,25,297,6.395348837209303,2.616279069767442,3.77906976744186,93.6046511627907,7.267441860465117,86.33720930232558
E00188929,228,65,23,42,163,19,144,28.50877192982456,10.087719298245613,18.421052631578945,71.49122807017544,8.333333333333332,63.1578947368421
E00188930,153,38,20,18,115,10,105,24.836601307189543,13.071895424836603,11.76470588235294,75.16339869281046,6.535947712418301,68.62745098039215
E00188934,319,19,5,14,300,24,276,5.956112852664576,1.5673981191222568,4.38871473354232,94.04388714733543,7.523510971786834,86.52037617554859
E00188935,345,32,10,22,313,29,284,9.27536231884058,2.898550724637681,6.3768115942028984,90.72463768115942,8.405797101449275,82.31884057971014
E00188937,218,59,30,29,159,12,147,27.06422018348624,13.761467889908257,13.302752293577983,72.93577981651376,5.5045871559633035,67.43119266055045
E00188938,345,56,13,43,289,25,264,16.231884057971012,3.768115942028986,12.46376811594203,83.76811594202898,7.246376811594203,76.52173913043478
E00188939,424,108,47,61,316,31,285,25.471698113207548,11.084905660377359,14.38679245283019,74.52830188679245,7.311320754716981,67.21698113207547
E00188941,304,37,8,29,267,27,240,12.171052631578947,2.631578947368421,9.539473684210527,87.82894736842105,8.881578947368421,78.94736842105263
E00188942,347,55,16,39,292,31,261,15.85014409221902,4.610951008645533,11.239193083573488,84.14985590778097,8.93371757925072,75.21613832853026
E00188945,325,84,44,40,241,24,217,25.846153846153847,13.538461538461538,12.307692307692308,74.15384615384616,7.384615384615385,66.76923076923077
