OA,ts0590001,ts0590002,ts0590003,ts0590004,ts0590005,ts0590006,ts0590007,ts0590002_PCT,ts0590003_PCT,ts0590004_PCT,ts0590005_PCT,ts0590006_PCT,ts0590007_PCT
E00068657,202,61,15,46,141,131,10,30.198019801980198,7.425742574257425,22.772277227722775,69.80198019801979,64.85148514851485,4.9504950495049505
E00068658,177,37,12,25,140,120,20,20.903954802259886,6.779661016949152,14.124293785310735,79.09604519774011,67.79661016949152,11.299435028248588
E00068659,156,56,15,41,100,88,12,35.8974358974359,9.615384615384617,26.282051282051285,64.1025641025641,56.41025641025641,7.6923076923076925
E00068660,137,38,10,28,99,87,12,27.73722627737226,7.2992700729927,20.437956204379564,72.26277372262774,63.503649635036496,8.75912408759124
E00068661,306,80,30,50,226,208,18,26.143790849673206,9.803921568627452,16.33986928104575,73.8562091503268,67.97385620915033,5.88235294117647
E00068662,164,57,15,42,107,96,11,34.756097560975604,9.146341463414634,25.609756097560975,65.2439024390244,58.536585365853654,6.707317073170732
E00068663,177,51,17,34,126,110,16,28.8135593220339,9.6045197740113,19.2090395480226,71.1864406779661,62.14689265536724,9.03954802259887
E00068664,132,45,16,29,87,76,11,34.090909090909086,12.121212121212121,21.96969696969697,65.9090909090909,57.57575757575758,8.333333333333332
E00068665,135,54,15,39,81,74,7,40,11.11111111111111,28.888888888888886,60,54.81481481481482,5.185185185185185
E00068666,167,51,20,31,116,102,14,30.538922155688624,11.976047904191617,18.562874251497004,69.46107784431138,61.07784431137725,8.383233532934131
E00068667,130,40,13,27,90,84,6,30.76923076923077,10,20.76923076923077,69.23076923076923,64.61538461538461,4.615384615384616
E00068668,117,38,13,25,79,76,3,32.47863247863248,11.11111111111111,21.367521367521366,67.52136752136752,64.95726495726495,2.564102564102564
E00068669,101,38,15,23,63,57,6,37.62376237623762,14.85148514851485,22.772277227722775,62.37623762376238,56.43564356435643,5.9405940594059405
E00068670,209,56,18,38,153,139,14,26.794258373205743,8.61244019138756,18.181818181818183,73.20574162679426,66.50717703349282,6.698564593301436
E00068671,97,21,4,17,76,68,8,21.649484536082475,4.123711340206185,17.525773195876287,78.35051546391753,70.10309278350515,8.24742268041237
E00068672,144,55,17,38,89,80,9,38.19444444444444,11.805555555555555,26.38888888888889,61.80555555555556,55.55555555555556,6.25
E00068673,107,32,8,24,75,65,10,29.906542056074763,7.476635514018691,22.429906542056074,70.09345794392523,60.747663551401864,9.345794392523365
E00068674,157,30,10,20,127,122,5,19.10828025477707,6.369426751592357,12.738853503184714,80.89171974522293,77.70700636942675,3.1847133757961785
E00068675,180,67,17,50,113,105,8,37.22222222222222,9.444444444444445,27.77777777777778,62.77777777777778,58.333333333333336,4.444444444444445
E00068676,98,40,9,31,58,54,4,40.816326530612244,9.183673469387756,31.63265306122449,59.183673469387756,55.10204081632652,4.081632653061225
E00068677,75,29,10,19,46,43,3,38.666666666666664,13.333333333333334,25.333333333333336,61.33333333333333,57.333333333333336,4
E00068678,120,51,15,36,69,63,6,42.5,12.5,30,57.49999999999999,52.5,5
E00068679,104,38,6,32,66,51,15,36.53846153846153,5.769230769230769,30.76923076923077,63.46153846153846,49.03846153846153,14.423076923076922
E00068680,141,38,12,26,103,97,6,26.95035460992908,8.51063829787234,18.439716312056735,73.04964539007092,68.79432624113475,4.25531914893617
E00068681,135,37,12,25,98,90,8,27.40740740740741,8.88888888888889,18.51851851851852,72.5925925925926,66.66666666666666,5.9259259259259265
E00068682,191,62,14,48,129,119,10,32.460732984293195,7.329842931937172,25.13089005235602,67.5392670157068,62.30366492146597,5.2356020942408374
E00068683,162,53,21,32,109,98,11,32.71604938271605,12.962962962962962,19.753086419753085,67.28395061728395,60.49382716049383,6.790123456790123
E00068684,127,29,5,24,98,90,8,22.83464566929134,3.937007874015748,18.89763779527559,77.16535433070865,70.86614173228347,6.299212598425196
E00068685,58,14,4,10,44,40,4,24.137931034482758,6.896551724137931,17.24137931034483,75.86206896551724,68.96551724137932,6.896551724137931
E00068686,172,61,20,41,111,101,10,35.46511627906977,11.627906976744185,23.837209302325583,64.53488372093024,58.720930232558146,5.813953488372093
E00068688,158,51,11,40,107,97,10,32.278481012658226,6.962025316455696,25.31645569620253,67.72151898734177,61.39240506329114,6.329113924050633
E00068689,149,45,14,31,104,97,7,30.201342281879196,9.395973154362416,20.80536912751678,69.79865771812081,65.1006711409396,4.697986577181208
E00068690,196,66,24,42,130,119,11,33.6734693877551,12.244897959183673,21.428571428571427,66.3265306122449,60.71428571428571,5.612244897959184
E00068691,112,30,7,23,82,75,7,26.785714285714285,6.25,20.535714285714285,73.21428571428571,66.96428571428571,6.25
E00068692,184,54,19,35,130,120,10,29.347826086956523,10.326086956521738,19.021739130434785,70.65217391304348,65.21739130434783,5.434782608695652
E00068693,164,65,26,39,99,89,10,39.63414634146341,15.853658536585366,23.78048780487805,60.36585365853659,54.268292682926834,6.097560975609756
E00068694,130,32,8,24,98,90,8,24.615384615384617,6.153846153846154,18.461538461538463,75.38461538461539,69.23076923076923,6.153846153846154
E00068695,124,43,10,33,81,79,2,34.67741935483871,8.064516129032258,26.61290322580645,65.32258064516128,63.70967741935484,1.6129032258064515
E00068696,154,55,13,42,99,90,9,35.714285714285715,8.441558441558442,27.27272727272727,64.28571428571429,58.44155844155844,5.844155844155844
E00068697,117,45,13,32,72,64,8,38.46153846153847,11.11111111111111,27.350427350427353,61.53846153846154,54.700854700854705,6.837606837606838
E00068698,111,32,8,24,79,68,11,28.82882882882883,7.207207207207207,21.62162162162162,71.17117117117117,61.261261261261254,9.90990990990991
E00068699,125,28,6,22,97,87,10,22.400000000000002,4.8,17.599999999999998,77.60000000000001,69.6,8
E00068700,122,42,10,32,80,71,9,34.42622950819672,8.19672131147541,26.229508196721312,65.57377049180327,58.19672131147541,7.377049180327869
E00068701,150,38,9,29,112,96,16,25.333333333333336,6,19.333333333333332,74.66666666666667,64,10.666666666666668
E00068702,120,33,11,22,87,76,11,27.500000000000004,9.166666666666666,18.333333333333332,72.5,63.33333333333333,9.166666666666666
E00068703,130,39,16,23,91,79,12,30,12.307692307692308,17.692307692307693,70,60.76923076923077,9.230769230769232
E00068704,129,30,7,23,99,94,5,23.25581395348837,5.426356589147287,17.829457364341085,76.74418604651163,72.86821705426357,3.875968992248062
E00068705,181,60,19,41,121,114,7,33.14917127071823,10.497237569060774,22.65193370165746,66.85082872928176,62.98342541436463,3.867403314917127
E00068706,149,45,14,31,104,99,5,30.201342281879196,9.395973154362416,20.80536912751678,69.79865771812081,66.44295302013423,3.3557046979865772
E00068707,181,56,24,32,125,112,13,30.939226519337016,13.259668508287293,17.67955801104972,69.06077348066299,61.87845303867403,7.18232044198895
E00068708,185,53,12,41,132,120,12,28.64864864864865,6.486486486486487,22.162162162162165,71.35135135135135,64.86486486486487,6.486486486486487
E00068709,174,51,18,33,123,116,7,29.310344827586203,10.344827586206897,18.96551724137931,70.6896551724138,66.66666666666666,4.022988505747127
E00068710,221,51,13,38,170,155,15,23.076923076923077,5.88235294117647,17.194570135746606,76.92307692307693,70.13574660633483,6.787330316742081
E00068711,153,47,9,38,106,97,9,30.718954248366014,5.88235294117647,24.836601307189543,69.28104575163398,63.39869281045751,5.88235294117647
E00068712,225,63,22,41,162,142,20,28.000000000000004,9.777777777777779,18.22222222222222,72,63.11111111111111,8.88888888888889
E00068713,139,39,12,27,100,86,14,28.05755395683453,8.633093525179856,19.424460431654676,71.94244604316546,61.87050359712231,10.071942446043165
E00068714,168,45,12,33,123,114,9,26.785714285714285,7.142857142857142,19.642857142857142,73.21428571428571,67.85714285714286,5.357142857142857
E00068715,145,42,15,27,103,94,9,28.965517241379313,10.344827586206897,18.620689655172416,71.03448275862068,64.82758620689654,6.206896551724138
E00068716,178,53,12,41,125,116,9,29.775280898876407,6.741573033707865,23.03370786516854,70.2247191011236,65.1685393258427,5.056179775280898
E00068717,73,23,15,8,50,39,11,31.506849315068493,20.54794520547945,10.95890410958904,68.4931506849315,53.42465753424658,15.068493150684931
E00068718,144,38,7,31,106,94,12,26.38888888888889,4.861111111111112,21.52777777777778,73.61111111111111,65.27777777777779,8.333333333333332
E00068719,165,50,12,38,115,90,25,30.303030303030305,7.2727272727272725,23.03030303030303,69.6969696969697,54.54545454545454,15.151515151515152
E00068720,206,52,14,38,154,137,17,25.24271844660194,6.796116504854369,18.446601941747574,74.75728155339806,66.50485436893204,8.25242718446602
E00068721,136,37,15,22,99,83,16,27.205882352941174,11.029411764705882,16.176470588235293,72.79411764705883,61.029411764705884,11.76470588235294
E00068722,149,43,19,24,106,97,9,28.859060402684566,12.751677852348994,16.10738255033557,71.14093959731544,65.1006711409396,6.0402684563758395
E00068723,151,37,12,25,114,105,9,24.503311258278146,7.9470198675496695,16.55629139072848,75.49668874172185,69.5364238410596,5.960264900662252
E00068724,125,29,6,23,96,87,9,23.200000000000003,4.8,18.4,76.8,69.6,7.199999999999999
E00068725,167,53,18,35,114,97,17,31.736526946107784,10.778443113772456,20.958083832335326,68.26347305389223,58.08383233532935,10.179640718562874
E00068726,163,45,9,36,118,105,13,27.607361963190186,5.521472392638037,22.085889570552148,72.39263803680981,64.41717791411043,7.975460122699387
E00068727,139,49,8,41,90,74,16,35.25179856115108,5.755395683453238,29.496402877697843,64.74820143884892,53.23741007194245,11.510791366906476
E00068728,86,27,10,17,59,54,5,31.3953488372093,11.627906976744185,19.767441860465116,68.6046511627907,62.7906976744186,5.813953488372093
E00068729,135,48,20,28,87,79,8,35.55555555555556,14.814814814814813,20.74074074074074,64.44444444444444,58.51851851851851,5.9259259259259265
E00068730,92,32,9,23,60,53,7,34.78260869565217,9.782608695652174,25,65.21739130434783,57.608695652173914,7.608695652173914
E00068731,132,42,18,24,90,67,23,31.818181818181817,13.636363636363635,18.181818181818183,68.18181818181817,50.75757575757576,17.424242424242426
E00068732,192,42,15,27,150,127,23,21.875,7.8125,14.0625,78.125,66.14583333333334,11.979166666666668
E00068733,77,29,15,14,48,44,4,37.66233766233766,19.480519480519483,18.181818181818183,62.33766233766234,57.14285714285714,5.194805194805195
E00068734,139,52,14,38,87,77,10,37.410071942446045,10.071942446043165,27.33812949640288,62.589928057553955,55.39568345323741,7.1942446043165464
E00068735,137,36,13,23,101,96,5,26.277372262773724,9.48905109489051,16.78832116788321,73.72262773722628,70.07299270072993,3.64963503649635
E00068736,127,35,8,27,92,81,11,27.559055118110237,6.299212598425196,21.25984251968504,72.44094488188976,63.77952755905512,8.661417322834646
E00068737,124,43,14,29,81,71,10,34.67741935483871,11.29032258064516,23.387096774193548,65.32258064516128,57.25806451612904,8.064516129032258
E00068738,176,45,13,32,131,113,18,25.568181818181817,7.386363636363637,18.181818181818183,74.43181818181817,64.20454545454545,10.227272727272728
E00068739,146,49,19,30,97,82,15,33.56164383561644,13.013698630136986,20.54794520547945,66.43835616438356,56.16438356164384,10.273972602739725
E00068740,170,51,10,41,119,107,12,30,5.88235294117647,24.11764705882353,70,62.94117647058823,7.0588235294117645
E00068741,141,42,12,30,99,91,8,29.78723404255319,8.51063829787234,21.27659574468085,70.2127659574468,64.53900709219859,5.673758865248227
E00068743,297,73,18,55,224,200,24,24.579124579124578,6.0606060606060606,18.51851851851852,75.42087542087542,67.34006734006735,8.080808080808081
E00068744,227,76,21,55,151,139,12,33.480176211453745,9.251101321585903,24.229074889867842,66.51982378854625,61.23348017621145,5.286343612334802
E00068745,168,46,8,38,122,113,9,27.380952380952383,4.761904761904762,22.61904761904762,72.61904761904762,67.26190476190477,5.357142857142857
E00068747,237,77,22,55,160,146,14,32.48945147679325,9.282700421940929,23.20675105485232,67.51054852320675,61.60337552742617,5.9071729957805905
E00068748,133,46,17,29,87,75,12,34.58646616541353,12.781954887218044,21.804511278195488,65.41353383458647,56.390977443609025,9.022556390977442
E00068749,172,61,15,46,111,100,11,35.46511627906977,8.720930232558139,26.744186046511626,64.53488372093024,58.139534883720934,6.395348837209303
E00068750,123,37,9,28,86,83,3,30.081300813008134,7.317073170731707,22.76422764227642,69.91869918699187,67.47967479674797,2.4390243902439024
E00068751,183,62,19,43,121,109,12,33.87978142076503,10.382513661202186,23.497267759562842,66.12021857923497,59.56284153005464,6.557377049180328
E00068752,155,31,5,26,124,115,9,20,3.225806451612903,16.7741935483871,80,74.19354838709677,5.806451612903226
E00068753,141,41,12,29,100,87,13,29.078014184397162,8.51063829787234,20.56737588652482,70.92198581560284,61.702127659574465,9.219858156028367
E00068754,143,51,22,29,92,79,13,35.66433566433567,15.384615384615385,20.27972027972028,64.33566433566433,55.24475524475524,9.090909090909092
E00068755,139,35,10,25,104,92,12,25.179856115107913,7.1942446043165464,17.985611510791365,74.82014388489209,66.18705035971223,8.633093525179856
E00068756,98,49,19,30,49,43,6,50,19.387755102040817,30.612244897959183,50,43.87755102040816,6.122448979591836
E00068757,136,43,10,33,93,83,10,31.61764705882353,7.352941176470589,24.264705882352942,68.38235294117648,61.029411764705884,7.352941176470589
E00068758,156,47,19,28,109,99,10,30.128205128205128,12.179487179487179,17.94871794871795,69.87179487179486,63.46153846153846,6.41025641025641
E00068759,122,33,15,18,89,80,9,27.049180327868854,12.295081967213115,14.754098360655737,72.95081967213115,65.57377049180327,7.377049180327869
E00068760,195,69,22,47,126,117,9,35.38461538461539,11.282051282051283,24.102564102564102,64.61538461538461,60,4.615384615384616
E00068761,120,28,9,19,92,80,12,23.333333333333332,7.5,15.833333333333332,76.66666666666667,66.66666666666666,10
E00068762,143,47,14,33,96,92,4,32.86713286713287,9.79020979020979,23.076923076923077,67.13286713286713,64.33566433566433,2.797202797202797
E00068763,139,49,12,37,90,79,11,35.25179856115108,8.633093525179856,26.618705035971225,64.74820143884892,56.83453237410072,7.913669064748201
E00068764,133,53,15,38,80,69,11,39.849624060150376,11.278195488721805,28.57142857142857,60.150375939849624,51.8796992481203,8.270676691729323
E00068765,92,36,8,28,56,49,7,39.130434782608695,8.695652173913043,30.434782608695656,60.86956521739131,53.2608695652174,7.608695652173914
E00068766,124,40,14,26,84,75,9,32.25806451612903,11.29032258064516,20.967741935483872,67.74193548387096,60.483870967741936,7.258064516129033
E00068767,118,47,9,38,71,62,9,39.83050847457627,7.627118644067797,32.20338983050847,60.16949152542372,52.54237288135594,7.627118644067797
E00068768,142,75,18,57,67,62,5,52.816901408450704,12.676056338028168,40.140845070422536,47.183098591549296,43.66197183098591,3.5211267605633805
E00068769,153,45,6,39,108,100,8,29.411764705882355,3.9215686274509802,25.49019607843137,70.58823529411765,65.359477124183,5.228758169934641
E00068770,119,46,11,35,73,67,6,38.655462184873954,9.243697478991598,29.411764705882355,61.34453781512605,56.30252100840336,5.042016806722689
E00068771,144,49,17,32,95,87,8,34.02777777777778,11.805555555555555,22.22222222222222,65.97222222222221,60.416666666666664,5.555555555555555
E00068772,124,40,11,29,84,78,6,32.25806451612903,8.870967741935484,23.387096774193548,67.74193548387096,62.903225806451616,4.838709677419355
E00068773,201,67,17,50,134,120,14,33.33333333333333,8.45771144278607,24.875621890547265,66.66666666666666,59.70149253731343,6.965174129353234
E00068775,128,44,14,30,84,75,9,34.375,10.9375,23.4375,65.625,58.59375,7.03125
E00068776,109,32,8,24,77,69,8,29.357798165137616,7.339449541284404,22.018348623853214,70.64220183486239,63.30275229357798,7.339449541284404
E00068777,129,45,9,36,84,75,9,34.883720930232556,6.976744186046512,27.906976744186046,65.11627906976744,58.139534883720934,6.976744186046512
E00068778,137,52,16,36,85,79,6,37.95620437956204,11.678832116788321,26.277372262773724,62.04379562043796,57.66423357664233,4.37956204379562
E00068779,119,52,15,37,67,67,0,43.69747899159664,12.605042016806722,31.092436974789916,56.30252100840336,56.30252100840336,0
E00068780,164,51,14,37,113,100,13,31.097560975609756,8.536585365853659,22.5609756097561,68.90243902439023,60.97560975609756,7.926829268292683
E00068781,109,32,13,19,77,72,5,29.357798165137616,11.926605504587156,17.431192660550458,70.64220183486239,66.05504587155964,4.587155963302752
E00068782,94,43,17,26,51,47,4,45.744680851063826,18.085106382978726,27.659574468085108,54.25531914893617,50,4.25531914893617
E00068784,248,86,32,54,162,154,8,34.67741935483871,12.903225806451612,21.774193548387096,65.32258064516128,62.096774193548384,3.225806451612903
E00068785,181,80,17,63,101,98,3,44.19889502762431,9.392265193370166,34.806629834254146,55.80110497237569,54.14364640883977,1.6574585635359116
E00068786,210,71,14,57,139,131,8,33.80952380952381,6.666666666666667,27.142857142857142,66.19047619047619,62.38095238095238,3.8095238095238098
E00068787,198,49,9,40,149,143,6,24.747474747474747,4.545454545454546,20.2020202020202,75.25252525252525,72.22222222222221,3.0303030303030303
E00068788,177,55,17,38,122,115,7,31.07344632768362,9.6045197740113,21.468926553672315,68.92655367231639,64.97175141242938,3.954802259887006
E00068789,207,75,23,52,132,117,15,36.231884057971016,11.11111111111111,25.120772946859905,63.76811594202898,56.52173913043478,7.246376811594203
E00068790,251,73,16,57,178,168,10,29.08366533864542,6.374501992031872,22.709163346613543,70.91633466135458,66.93227091633466,3.9840637450199203
E00068792,123,57,17,40,66,60,6,46.34146341463415,13.821138211382115,32.52032520325203,53.65853658536586,48.78048780487805,4.878048780487805
E00068793,205,64,15,49,141,134,7,31.21951219512195,7.317073170731707,23.902439024390244,68.78048780487805,65.3658536585366,3.414634146341464
E00068794,184,57,17,40,127,117,10,30.978260869565215,9.239130434782608,21.73913043478261,69.02173913043478,63.58695652173913,5.434782608695652
E00068795,200,70,15,55,130,113,17,35,7.5,27.500000000000004,65,56.49999999999999,8.5
E00068796,158,64,23,41,94,88,6,40.50632911392405,14.556962025316455,25.949367088607595,59.49367088607595,55.69620253164557,3.79746835443038
E00068797,200,84,19,65,116,110,6,42,9.5,32.5,57.99999999999999,55.00000000000001,3
E00068798,138,58,17,41,80,74,6,42.028985507246375,12.318840579710146,29.71014492753623,57.971014492753625,53.62318840579711,4.3478260869565215
E00068799,211,72,21,51,139,130,9,34.12322274881517,9.95260663507109,24.170616113744074,65.87677725118483,61.61137440758294,4.265402843601896
E00068800,152,61,26,35,91,85,6,40.131578947368425,17.105263157894736,23.026315789473685,59.86842105263158,55.92105263157895,3.9473684210526314
E00068801,132,51,13,38,81,76,5,38.63636363636363,9.848484848484848,28.78787878787879,61.36363636363637,57.57575757575758,3.787878787878788
E00068802,226,66,12,54,160,144,16,29.20353982300885,5.3097345132743365,23.893805309734514,70.79646017699115,63.716814159292035,7.079646017699115
E00068803,239,96,23,73,143,139,4,40.1673640167364,9.623430962343097,30.543933054393307,59.83263598326359,58.15899581589959,1.6736401673640167
E00068804,98,43,8,35,55,55,0,43.87755102040816,8.16326530612245,35.714285714285715,56.12244897959183,56.12244897959183,0
E00068805,225,93,20,73,132,132,0,41.333333333333336,8.88888888888889,32.44444444444444,58.666666666666664,58.666666666666664,0
E00068806,76,25,7,18,51,48,3,32.89473684210527,9.210526315789473,23.684210526315788,67.10526315789474,63.1578947368421,3.9473684210526314
E00068807,125,43,12,31,82,77,5,34.4,9.6,24.8,65.60000000000001,61.6,4
E00068808,219,79,20,59,140,134,6,36.07305936073059,9.1324200913242,26.94063926940639,63.926940639269404,61.18721461187214,2.73972602739726
E00068809,213,70,20,50,143,123,20,32.863849765258216,9.389671361502346,23.474178403755868,67.13615023474179,57.74647887323944,9.389671361502346
E00068810,171,81,15,66,90,85,5,47.368421052631575,8.771929824561402,38.59649122807017,52.63157894736842,49.707602339181285,2.923976608187134
E00068811,205,76,21,55,129,118,11,37.073170731707314,10.24390243902439,26.82926829268293,62.926829268292686,57.56097560975609,5.365853658536586
E00068812,124,53,10,43,71,65,6,42.74193548387097,8.064516129032258,34.67741935483871,57.25806451612904,52.41935483870967,4.838709677419355
E00068813,198,56,15,41,142,125,17,28.28282828282828,7.575757575757576,20.707070707070706,71.71717171717171,63.13131313131313,8.585858585858585
E00068814,176,46,13,33,130,119,11,26.136363636363637,7.386363636363637,18.75,73.86363636363636,67.61363636363636,6.25
E00068815,172,58,14,44,114,107,7,33.72093023255814,8.13953488372093,25.581395348837212,66.27906976744185,62.2093023255814,4.069767441860465
E00068816,174,67,21,46,107,105,2,38.50574712643678,12.068965517241379,26.436781609195403,61.49425287356321,60.3448275862069,1.1494252873563218
E00068817,130,42,17,25,88,78,10,32.30769230769231,13.076923076923078,19.230769230769234,67.6923076923077,60,7.6923076923076925
E00068818,152,53,19,34,99,90,9,34.868421052631575,12.5,22.36842105263158,65.13157894736842,59.210526315789465,5.921052631578947
E00068819,167,59,17,42,108,98,10,35.32934131736527,10.179640718562874,25.149700598802394,64.67065868263472,58.68263473053892,5.9880239520958085
E00068820,201,61,23,38,140,129,11,30.34825870646766,11.442786069651742,18.90547263681592,69.65174129353234,64.17910447761194,5.472636815920398
E00068821,105,38,10,28,67,57,10,36.19047619047619,9.523809523809524,26.666666666666668,63.8095238095238,54.285714285714285,9.523809523809524
E00068822,176,63,19,44,113,101,12,35.79545454545455,10.795454545454545,25,64.20454545454545,57.38636363636363,6.8181818181818175
E00068823,151,38,11,27,113,104,9,25.165562913907287,7.28476821192053,17.880794701986755,74.83443708609272,68.87417218543047,5.960264900662252
E00068824,188,68,18,50,120,107,13,36.17021276595745,9.574468085106384,26.595744680851062,63.829787234042556,56.91489361702128,6.914893617021277
E00068825,161,52,18,34,109,100,9,32.298136645962735,11.180124223602485,21.11801242236025,67.70186335403726,62.11180124223602,5.590062111801243
E00068826,121,40,16,24,81,73,8,33.057851239669425,13.223140495867769,19.834710743801654,66.94214876033058,60.33057851239669,6.6115702479338845
E00068827,85,28,7,21,57,52,5,32.94117647058823,8.235294117647058,24.705882352941178,67.05882352941175,61.1764705882353,5.88235294117647
E00068828,166,59,14,45,107,94,13,35.54216867469879,8.433734939759036,27.10843373493976,64.45783132530121,56.62650602409639,7.83132530120482
E00068829,155,40,11,29,115,109,6,25.806451612903224,7.096774193548387,18.70967741935484,74.19354838709677,70.3225806451613,3.870967741935484
E00068830,87,38,11,27,49,42,7,43.67816091954023,12.643678160919542,31.03448275862069,56.32183908045977,48.275862068965516,8.045977011494253
E00068831,187,58,18,40,129,118,11,31.016042780748666,9.62566844919786,21.390374331550802,68.98395721925134,63.101604278074866,5.88235294117647
E00068832,152,49,14,35,103,95,8,32.23684210526316,9.210526315789473,23.026315789473685,67.76315789473685,62.5,5.263157894736842
E00068833,173,49,16,33,124,108,16,28.32369942196532,9.248554913294797,19.07514450867052,71.67630057803468,62.42774566473989,9.248554913294797
E00068834,161,57,15,42,104,99,5,35.40372670807454,9.316770186335404,26.08695652173913,64.59627329192547,61.49068322981367,3.1055900621118013
E00068835,108,36,8,28,72,65,7,33.33333333333333,7.4074074074074066,25.925925925925924,66.66666666666666,60.18518518518518,6.481481481481481
E00068836,159,47,9,38,112,97,15,29.559748427672954,5.660377358490567,23.89937106918239,70.44025157232704,61.0062893081761,9.433962264150944
E00068837,165,58,16,42,107,98,9,35.15151515151515,9.696969696969697,25.454545454545453,64.84848484848484,59.3939393939394,5.454545454545454
E00068838,160,52,16,36,108,95,13,32.5,10,22.5,67.5,59.375,8.125
E00068839,132,43,12,31,89,79,10,32.57575757575758,9.090909090909092,23.484848484848484,67.42424242424242,59.84848484848485,7.575757575757576
E00068840,107,49,13,36,58,53,5,45.794392523364486,12.149532710280374,33.64485981308411,54.20560747663551,49.532710280373834,4.672897196261682
E00068841,151,34,17,17,117,104,13,22.516556291390728,11.258278145695364,11.258278145695364,77.48344370860927,68.87417218543047,8.609271523178808
E00068842,65,20,6,14,45,38,7,30.76923076923077,9.230769230769232,21.53846153846154,69.23076923076923,58.46153846153847,10.76923076923077
E00068843,156,58,20,38,98,91,7,37.17948717948718,12.82051282051282,24.358974358974358,62.82051282051282,58.333333333333336,4.487179487179487
E00068844,105,33,8,25,72,67,5,31.428571428571427,7.6190476190476195,23.809523809523807,68.57142857142857,63.8095238095238,4.761904761904762
E00068845,174,53,23,30,121,105,16,30.45977011494253,13.218390804597702,17.24137931034483,69.54022988505747,60.3448275862069,9.195402298850574
E00068846,143,49,11,38,94,88,6,34.26573426573427,7.6923076923076925,26.573426573426573,65.73426573426573,61.53846153846154,4.195804195804196
E00068847,141,55,8,47,86,86,0,39.00709219858156,5.673758865248227,33.33333333333333,60.99290780141844,60.99290780141844,0
E00068848,79,20,3,17,59,47,12,25.31645569620253,3.79746835443038,21.518987341772153,74.68354430379746,59.49367088607595,15.18987341772152
E00068849,122,36,10,26,86,74,12,29.508196721311474,8.19672131147541,21.311475409836063,70.49180327868852,60.65573770491803,9.836065573770492
E00068850,95,41,12,29,54,48,6,43.15789473684211,12.631578947368421,30.526315789473685,56.84210526315789,50.526315789473685,6.315789473684211
E00068851,68,17,8,9,51,46,5,25,11.76470588235294,13.23529411764706,75,67.64705882352942,7.352941176470589
E00068852,134,37,10,27,97,88,9,27.611940298507463,7.462686567164178,20.149253731343283,72.38805970149254,65.67164179104478,6.7164179104477615
E00068853,103,47,14,33,56,54,2,45.63106796116505,13.592233009708737,32.038834951456316,54.36893203883495,52.42718446601942,1.9417475728155338
E00068854,107,39,6,33,68,68,0,36.44859813084112,5.607476635514018,30.8411214953271,63.55140186915887,63.55140186915887,0
E00068855,144,40,17,23,104,97,7,27.77777777777778,11.805555555555555,15.972222222222221,72.22222222222221,67.36111111111111,4.861111111111112
E00068856,196,62,17,45,134,120,14,31.63265306122449,8.673469387755102,22.95918367346939,68.36734693877551,61.224489795918366,7.142857142857142
E00068857,144,55,13,42,89,79,10,38.19444444444444,9.027777777777777,29.166666666666668,61.80555555555556,54.861111111111114,6.944444444444445
E00068858,133,45,19,26,88,79,9,33.83458646616541,14.285714285714285,19.548872180451127,66.16541353383458,59.3984962406015,6.7669172932330826
E00068859,127,45,10,35,82,75,7,35.43307086614173,7.874015748031496,27.559055118110237,64.56692913385827,59.055118110236215,5.511811023622047
E00068860,165,60,10,50,105,93,12,36.36363636363637,6.0606060606060606,30.303030303030305,63.63636363636363,56.36363636363636,7.2727272727272725
E00068861,157,58,19,39,99,94,5,36.94267515923567,12.101910828025478,24.840764331210192,63.05732484076433,59.87261146496815,3.1847133757961785
E00068862,173,67,16,51,106,91,15,38.72832369942196,9.248554913294797,29.47976878612717,61.27167630057804,52.601156069364166,8.670520231213873
E00068863,178,50,17,33,128,111,17,28.08988764044944,9.550561797752808,18.53932584269663,71.91011235955057,62.35955056179775,9.550561797752808
E00068864,196,66,16,50,130,118,12,33.6734693877551,8.16326530612245,25.510204081632654,66.3265306122449,60.204081632653065,6.122448979591836
E00068865,155,54,8,46,101,90,11,34.83870967741935,5.161290322580645,29.677419354838708,65.16129032258064,58.06451612903226,7.096774193548387
E00068866,131,57,27,30,74,68,6,43.51145038167939,20.610687022900763,22.900763358778626,56.48854961832062,51.908396946564885,4.580152671755725
E00068867,62,45,29,16,17,17,0,72.58064516129032,46.774193548387096,25.806451612903224,27.419354838709676,27.419354838709676,0
E00068869,164,52,21,31,112,101,11,31.70731707317073,12.804878048780488,18.902439024390244,68.29268292682927,61.58536585365854,6.707317073170732
E00068870,90,53,20,33,37,32,5,58.88888888888889,22.22222222222222,36.666666666666664,41.11111111111111,35.55555555555556,5.555555555555555
E00068873,149,26,11,15,123,104,19,17.449664429530202,7.38255033557047,10.06711409395973,82.5503355704698,69.79865771812081,12.751677852348994
E00068874,149,40,22,18,109,96,13,26.845637583892618,14.76510067114094,12.080536912751679,73.15436241610739,64.42953020134227,8.724832214765101
E00068875,125,55,39,16,70,64,6,44,31.2,12.8,56.00000000000001,51.2,4.8
E00068876,123,45,23,22,78,70,8,36.58536585365854,18.69918699186992,17.88617886178862,63.41463414634146,56.91056910569105,6.504065040650407
E00068877,150,42,19,23,108,96,12,28.000000000000004,12.666666666666668,15.333333333333332,72,64,8
E00068878,112,44,22,22,68,59,9,39.285714285714285,19.642857142857142,19.642857142857142,60.71428571428571,52.67857142857143,8.035714285714286
E00068879,153,54,23,31,99,84,15,35.294117647058826,15.032679738562091,20.26143790849673,64.70588235294117,54.90196078431373,9.803921568627452
E00068880,144,43,19,24,101,89,12,29.86111111111111,13.194444444444445,16.666666666666664,70.13888888888889,61.80555555555556,8.333333333333332
E00068881,148,51,25,26,97,86,11,34.45945945945946,16.89189189189189,17.56756756756757,65.54054054054053,58.108108108108105,7.4324324324324325
E00068882,152,44,17,27,108,97,11,28.947368421052634,11.18421052631579,17.763157894736842,71.05263157894737,63.81578947368421,7.236842105263158
E00068883,126,38,14,24,88,79,9,30.158730158730158,11.11111111111111,19.047619047619047,69.84126984126983,62.698412698412696,7.142857142857142
E00068884,143,49,20,29,94,85,9,34.26573426573427,13.986013986013987,20.27972027972028,65.73426573426573,59.44055944055944,6.293706293706294
E00068885,143,79,49,30,64,57,7,55.24475524475524,34.26573426573427,20.97902097902098,44.75524475524475,39.86013986013986,4.895104895104895
E00068886,124,56,22,34,68,58,10,45.16129032258064,17.741935483870968,27.419354838709676,54.83870967741935,46.774193548387096,8.064516129032258
E00068888,197,14,6,8,183,175,8,7.1065989847715745,3.0456852791878175,4.060913705583756,92.89340101522842,88.83248730964468,4.060913705583756
E00068889,115,36,15,21,79,71,8,31.30434782608696,13.043478260869565,18.26086956521739,68.69565217391305,61.73913043478261,6.956521739130435
E00068890,102,38,26,12,64,51,13,37.254901960784316,25.49019607843137,11.76470588235294,62.745098039215684,50,12.745098039215685
E00068891,89,29,11,18,60,48,12,32.58426966292135,12.359550561797752,20.224719101123593,67.41573033707866,53.93258426966292,13.48314606741573
E00068892,134,49,26,23,85,67,18,36.56716417910448,19.402985074626866,17.16417910447761,63.43283582089553,50,13.432835820895523
E00068893,151,41,16,25,110,95,15,27.1523178807947,10.596026490066226,16.55629139072848,72.84768211920529,62.913907284768214,9.933774834437086
E00068894,119,34,11,23,85,74,11,28.57142857142857,9.243697478991598,19.327731092436977,71.42857142857143,62.18487394957983,9.243697478991598
E00068895,141,40,14,26,101,85,16,28.368794326241137,9.929078014184398,18.439716312056735,71.63120567375887,60.28368794326241,11.347517730496454
E00068896,126,53,29,24,73,63,10,42.06349206349206,23.015873015873016,19.047619047619047,57.936507936507944,50,7.936507936507936
E00068897,122,46,23,23,76,73,3,37.704918032786885,18.852459016393443,18.852459016393443,62.295081967213115,59.83606557377049,2.459016393442623
E00068898,177,65,36,29,112,93,19,36.72316384180791,20.33898305084746,16.38418079096045,63.2768361581921,52.54237288135594,10.734463276836157
E00068899,132,55,15,40,77,68,9,41.66666666666667,11.363636363636363,30.303030303030305,58.333333333333336,51.515151515151516,6.8181818181818175
E00068903,149,63,29,34,86,74,12,42.281879194630875,19.463087248322147,22.818791946308725,57.71812080536913,49.664429530201346,8.053691275167784
E00068904,170,74,27,47,96,86,10,43.529411764705884,15.88235294117647,27.647058823529413,56.470588235294116,50.588235294117645,5.88235294117647
E00068909,132,43,20,23,89,76,13,32.57575757575758,15.151515151515152,17.424242424242426,67.42424242424242,57.57575757575758,9.848484848484848
E00068910,94,27,10,17,67,63,4,28.723404255319153,10.638297872340425,18.085106382978726,71.27659574468085,67.02127659574468,4.25531914893617
E00068911,94,37,12,25,57,51,6,39.361702127659576,12.76595744680851,26.595744680851062,60.63829787234043,54.25531914893617,6.382978723404255
E00068914,185,73,15,58,112,97,15,39.45945945945946,8.108108108108109,31.351351351351354,60.54054054054055,52.43243243243243,8.108108108108109
E00068915,116,52,17,35,64,58,6,44.827586206896555,14.655172413793101,30.17241379310345,55.172413793103445,50,5.172413793103448
E00068917,252,86,19,67,166,159,7,34.12698412698413,7.5396825396825395,26.58730158730159,65.87301587301587,63.095238095238095,2.7777777777777777
E00068918,233,87,14,73,146,143,3,37.33905579399141,6.008583690987124,31.330472103004293,62.66094420600859,61.37339055793991,1.2875536480686696
E00068919,260,102,20,82,158,151,7,39.23076923076923,7.6923076923076925,31.538461538461537,60.76923076923077,58.07692307692308,2.6923076923076925
E00068920,188,76,17,59,112,112,0,40.42553191489361,9.042553191489363,31.382978723404253,59.57446808510638,59.57446808510638,0
E00068921,229,80,23,57,149,135,14,34.93449781659388,10.043668122270741,24.890829694323145,65.06550218340611,58.951965065502186,6.11353711790393
E00068922,161,69,17,52,92,81,11,42.857142857142854,10.559006211180124,32.298136645962735,57.14285714285714,50.31055900621118,6.832298136645963
E00068923,207,82,22,60,125,118,7,39.61352657004831,10.628019323671497,28.985507246376812,60.38647342995169,57.00483091787439,3.3816425120772946
E00068924,137,53,13,40,84,77,7,38.68613138686132,9.48905109489051,29.1970802919708,61.31386861313869,56.20437956204379,5.109489051094891
E00068925,63,32,7,25,31,29,2,50.79365079365079,11.11111111111111,39.682539682539684,49.2063492063492,46.03174603174603,3.1746031746031744
E00068926,234,87,8,79,147,140,7,37.17948717948718,3.418803418803419,33.76068376068376,62.82051282051282,59.82905982905983,2.9914529914529915
E00068927,166,69,27,42,97,90,7,41.566265060240966,16.265060240963855,25.301204819277107,58.43373493975904,54.21686746987952,4.216867469879518
E00068928,210,84,24,60,126,118,8,40,11.428571428571429,28.57142857142857,60,56.19047619047619,3.8095238095238098
E00068929,187,76,24,52,111,100,11,40.64171122994652,12.834224598930483,27.807486631016044,59.35828877005348,53.475935828877006,5.88235294117647
E00068930,257,96,28,68,161,150,11,37.35408560311284,10.894941634241246,26.459143968871597,62.64591439688716,58.36575875486382,4.280155642023346
E00068931,164,74,19,55,90,85,5,45.1219512195122,11.585365853658537,33.53658536585366,54.87804878048781,51.829268292682926,3.048780487804878
E00068932,192,62,15,47,130,119,11,32.29166666666667,7.8125,24.479166666666664,67.70833333333334,61.979166666666664,5.729166666666666
E00068933,163,66,20,46,97,88,9,40.49079754601227,12.269938650306749,28.22085889570552,59.50920245398773,53.987730061349694,5.521472392638037
E00068934,131,47,13,34,84,77,7,35.87786259541985,9.923664122137405,25.954198473282442,64.12213740458014,58.778625954198475,5.343511450381679
E00068935,224,93,28,65,131,122,9,41.517857142857146,12.5,29.017857142857146,58.48214285714286,54.46428571428571,4.017857142857143
E00068936,247,97,29,68,150,139,11,39.27125506072874,11.740890688259109,27.530364372469634,60.72874493927125,56.2753036437247,4.4534412955465585
E00068939,154,63,15,48,91,79,12,40.909090909090914,9.740259740259742,31.16883116883117,59.09090909090909,51.298701298701296,7.792207792207792
E00068940,158,48,18,30,110,103,7,30.37974683544304,11.39240506329114,18.9873417721519,69.62025316455697,65.18987341772153,4.430379746835443
E00068941,239,83,21,62,156,146,10,34.72803347280335,8.786610878661087,25.94142259414226,65.27196652719665,61.08786610878661,4.184100418410042
E00068942,278,83,13,70,195,183,12,29.856115107913666,4.676258992805756,25.179856115107913,70.14388489208633,65.82733812949641,4.316546762589928
E00068943,222,82,16,66,140,132,8,36.93693693693694,7.207207207207207,29.72972972972973,63.06306306306306,59.45945945945946,3.6036036036036037
E00068944,233,90,19,71,143,136,7,38.62660944206009,8.15450643776824,30.472103004291846,61.37339055793991,58.36909871244635,3.004291845493562
E00068945,252,96,15,81,156,146,10,38.095238095238095,5.952380952380952,32.142857142857146,61.904761904761905,57.936507936507944,3.968253968253968
E00068946,100,36,10,26,64,63,1,36,10,26,64,63,1
E00068947,228,70,13,57,158,153,5,30.701754385964914,5.701754385964912,25,69.2982456140351,67.10526315789474,2.1929824561403506
E00068948,257,104,21,83,153,142,11,40.46692607003891,8.171206225680933,32.295719844357976,59.53307392996109,55.252918287937746,4.280155642023346
E00068952,162,74,17,57,88,82,6,45.67901234567901,10.493827160493826,35.18518518518518,54.32098765432099,50.617283950617285,3.7037037037037033
E00068953,149,66,11,55,83,75,8,44.29530201342282,7.38255033557047,36.91275167785235,55.70469798657718,50.33557046979866,5.369127516778524
E00068954,194,71,22,49,123,108,15,36.597938144329895,11.34020618556701,25.257731958762886,63.4020618556701,55.670103092783506,7.731958762886598
E00068956,156,55,13,42,101,91,10,35.256410256410255,8.333333333333332,26.923076923076923,64.74358974358975,58.333333333333336,6.41025641025641
E00068957,135,39,8,31,96,85,11,28.888888888888886,5.9259259259259265,22.962962962962962,71.11111111111111,62.96296296296296,8.148148148148149
E00068958,257,109,27,82,148,143,5,42.4124513618677,10.505836575875486,31.906614785992215,57.58754863813229,55.6420233463035,1.9455252918287937
E00068959,130,57,13,44,73,69,4,43.84615384615385,10,33.84615384615385,56.15384615384615,53.07692307692308,3.076923076923077
E00068960,101,39,14,25,62,58,4,38.613861386138616,13.861386138613863,24.752475247524753,61.386138613861384,57.42574257425742,3.9603960396039604
E00068962,72,28,5,23,44,40,4,38.88888888888889,6.944444444444445,31.944444444444443,61.111111111111114,55.55555555555556,5.555555555555555
E00068964,160,66,22,44,94,82,12,41.25,13.750000000000002,27.500000000000004,58.75,51.24999999999999,7.5
E00068965,181,64,17,47,117,107,10,35.35911602209944,9.392265193370166,25.96685082872928,64.64088397790056,59.11602209944752,5.524861878453039
E00068966,271,109,18,91,162,146,16,40.22140221402214,6.642066420664207,33.579335793357934,59.77859778597786,53.874538745387454,5.904059040590406
E00068967,130,46,8,38,84,77,7,35.38461538461539,6.153846153846154,29.230769230769234,64.61538461538461,59.23076923076923,5.384615384615385
E00068968,153,59,15,44,94,89,5,38.56209150326798,9.803921568627452,28.75816993464052,61.43790849673203,58.16993464052288,3.2679738562091507
E00068969,107,43,19,24,64,58,6,40.18691588785047,17.75700934579439,22.429906542056074,59.813084112149525,54.20560747663551,5.607476635514018
E00068970,171,71,12,59,100,92,8,41.52046783625731,7.017543859649122,34.50292397660819,58.47953216374269,53.80116959064327,4.678362573099415
E00068971,114,52,17,35,62,55,7,45.614035087719294,14.912280701754385,30.701754385964914,54.385964912280706,48.24561403508772,6.140350877192982
E00068972,153,70,16,54,83,81,2,45.751633986928105,10.457516339869281,35.294117647058826,54.248366013071895,52.94117647058824,1.3071895424836601
E00068973,139,53,13,40,86,73,13,38.1294964028777,9.352517985611511,28.776978417266186,61.87050359712231,52.51798561151079,9.352517985611511
E00068974,155,65,13,52,90,85,5,41.935483870967744,8.38709677419355,33.5483870967742,58.06451612903226,54.83870967741935,3.225806451612903
E00068975,129,47,13,34,82,73,9,36.434108527131784,10.077519379844961,26.356589147286826,63.565891472868216,56.58914728682171,6.976744186046512
E00068976,56,24,11,13,32,31,1,42.857142857142854,19.642857142857142,23.214285714285715,57.14285714285714,55.35714285714286,1.7857142857142856
E00068977,160,66,17,49,94,92,2,41.25,10.625,30.625000000000004,58.75,57.49999999999999,1.25
E00068978,143,57,25,32,86,79,7,39.86013986013986,17.482517482517483,22.377622377622377,60.13986013986013,55.24475524475524,4.895104895104895
E00068979,152,51,16,35,101,95,6,33.55263157894737,10.526315789473683,23.026315789473685,66.44736842105263,62.5,3.9473684210526314
E00068980,133,53,15,38,80,72,8,39.849624060150376,11.278195488721805,28.57142857142857,60.150375939849624,54.13533834586466,6.015037593984962
E00068981,141,50,12,38,91,91,0,35.46099290780142,8.51063829787234,26.95035460992908,64.53900709219859,64.53900709219859,0
E00068982,96,37,10,27,59,54,5,38.54166666666667,10.416666666666668,28.125,61.458333333333336,56.25,5.208333333333334
E00068983,97,37,11,26,60,58,2,38.144329896907216,11.34020618556701,26.804123711340207,61.855670103092784,59.79381443298969,2.0618556701030926
E00068984,141,59,23,36,82,76,6,41.843971631205676,16.312056737588655,25.53191489361702,58.156028368794324,53.90070921985816,4.25531914893617
E00068985,171,62,25,37,109,105,4,36.25730994152047,14.619883040935672,21.637426900584796,63.74269005847953,61.40350877192983,2.3391812865497075
E00068986,193,59,20,39,134,122,12,30.569948186528496,10.362694300518134,20.207253886010363,69.43005181347151,63.212435233160626,6.217616580310881
E00068987,136,37,12,25,99,93,6,27.205882352941174,8.823529411764707,18.38235294117647,72.79411764705883,68.38235294117648,4.411764705882353
E00068988,80,33,7,26,47,47,0,41.25,8.75,32.5,58.75,58.75,0
E00068989,151,61,29,32,90,76,14,40.397350993377486,19.205298013245034,21.192052980132452,59.60264900662252,50.331125827814574,9.271523178807946
E00068990,164,67,20,47,97,89,8,40.853658536585364,12.195121951219512,28.65853658536585,59.14634146341463,54.268292682926834,4.878048780487805
E00068991,160,50,13,37,110,98,12,31.25,8.125,23.125,68.75,61.25000000000001,7.5
E00068993,153,52,14,38,101,94,7,33.98692810457516,9.15032679738562,24.836601307189543,66.01307189542483,61.43790849673203,4.57516339869281
E00068994,169,60,22,38,109,99,10,35.50295857988166,13.017751479289942,22.485207100591715,64.49704142011834,58.57988165680473,5.9171597633136095
E00068995,120,47,12,35,73,64,9,39.166666666666664,10,29.166666666666668,60.83333333333333,53.333333333333336,7.5
E00068996,148,52,14,38,96,91,5,35.13513513513514,9.45945945945946,25.675675675675674,64.86486486486487,61.48648648648649,3.3783783783783785
E00068997,174,58,21,37,116,105,11,33.33333333333333,12.068965517241379,21.26436781609195,66.66666666666666,60.3448275862069,6.321839080459771
E00068998,140,55,22,33,85,77,8,39.285714285714285,15.714285714285714,23.57142857142857,60.71428571428571,55.00000000000001,5.714285714285714
E00068999,92,28,8,20,64,56,8,30.434782608695656,8.695652173913043,21.73913043478261,69.56521739130434,60.86956521739131,8.695652173913043
E00069001,146,69,13,56,77,71,6,47.26027397260274,8.904109589041095,38.35616438356164,52.73972602739726,48.63013698630137,4.10958904109589
E00069002,163,60,17,43,103,91,12,36.809815950920246,10.429447852760736,26.380368098159508,63.190184049079754,55.828220858895705,7.361963190184049
E00069003,180,63,16,47,117,110,7,35,8.88888888888889,26.111111111111114,65,61.111111111111114,3.888888888888889
E00069004,209,78,28,50,131,118,13,37.32057416267943,13.397129186602871,23.923444976076556,62.67942583732058,56.45933014354066,6.220095693779904
E00069005,205,64,22,42,141,129,12,31.21951219512195,10.731707317073171,20.48780487804878,68.78048780487805,62.926829268292686,5.853658536585367
E00069006,138,60,20,40,78,70,8,43.47826086956522,14.492753623188406,28.985507246376812,56.52173913043478,50.72463768115942,5.797101449275362
E00069007,152,56,11,45,96,95,1,36.84210526315789,7.236842105263158,29.605263157894733,63.1578947368421,62.5,0.6578947368421052
E00069008,158,48,12,36,110,101,9,30.37974683544304,7.59493670886076,22.78481012658228,69.62025316455697,63.92405063291139,5.69620253164557
E00069009,149,52,20,32,97,83,14,34.899328859060404,13.422818791946309,21.476510067114095,65.1006711409396,55.70469798657718,9.395973154362416
E00069010,174,58,29,29,116,106,10,33.33333333333333,16.666666666666664,16.666666666666664,66.66666666666666,60.91954022988506,5.747126436781609
E00069011,277,114,35,79,163,142,21,41.15523465703971,12.63537906137184,28.51985559566787,58.844765342960294,51.26353790613718,7.581227436823104
E00069012,139,53,18,35,86,81,5,38.1294964028777,12.949640287769784,25.179856115107913,61.87050359712231,58.27338129496403,3.5971223021582732
E00069013,213,91,22,69,122,110,12,42.72300469483568,10.328638497652582,32.3943661971831,57.27699530516433,51.64319248826291,5.633802816901409
E00069014,150,54,13,41,96,91,5,36,8.666666666666668,27.333333333333332,64,60.66666666666667,3.3333333333333335
E00069015,171,63,13,50,108,99,9,36.84210526315789,7.602339181286549,29.239766081871345,63.1578947368421,57.89473684210527,5.263157894736842
E00069016,125,41,14,27,84,74,10,32.800000000000004,11.200000000000001,21.6,67.2,59.199999999999996,8
E00069017,126,49,16,33,77,66,11,38.88888888888889,12.698412698412698,26.190476190476193,61.111111111111114,52.38095238095239,8.73015873015873
E00069018,167,49,14,35,118,100,18,29.34131736526946,8.383233532934131,20.958083832335326,70.65868263473054,59.88023952095808,10.778443113772456
E00069019,104,36,9,27,68,68,0,34.61538461538461,8.653846153846153,25.961538461538463,65.38461538461539,65.38461538461539,0
E00069020,154,47,12,35,107,99,8,30.519480519480517,7.792207792207792,22.727272727272727,69.48051948051948,64.28571428571429,5.194805194805195
E00069021,138,40,8,32,98,85,13,28.985507246376812,5.797101449275362,23.18840579710145,71.01449275362319,61.59420289855072,9.420289855072465
E00069022,172,57,25,32,115,100,15,33.13953488372093,14.534883720930234,18.6046511627907,66.86046511627907,58.139534883720934,8.720930232558139
E00069023,129,39,9,30,90,80,10,30.23255813953488,6.976744186046512,23.25581395348837,69.76744186046511,62.01550387596899,7.751937984496124
E00069024,87,46,16,30,41,36,5,52.87356321839081,18.39080459770115,34.48275862068966,47.12643678160919,41.37931034482759,5.747126436781609
E00069026,132,48,9,39,84,75,9,36.36363636363637,6.8181818181818175,29.545454545454547,63.63636363636363,56.81818181818182,6.8181818181818175
E00069027,179,55,19,36,124,110,14,30.726256983240223,10.614525139664805,20.11173184357542,69.27374301675978,61.452513966480446,7.82122905027933
E00069028,93,24,8,16,69,60,9,25.806451612903224,8.60215053763441,17.20430107526882,74.19354838709677,64.51612903225806,9.67741935483871
E00069029,129,35,11,24,94,66,28,27.131782945736433,8.527131782945736,18.6046511627907,72.86821705426357,51.162790697674424,21.705426356589147
E00069030,191,60,17,43,131,122,9,31.413612565445025,8.900523560209423,22.5130890052356,68.58638743455498,63.87434554973822,4.712041884816754
E00069031,149,48,11,37,101,84,17,32.21476510067114,7.38255033557047,24.832214765100673,67.78523489932886,56.375838926174495,11.409395973154362
E00069032,169,43,14,29,126,110,16,25.443786982248522,8.284023668639055,17.159763313609467,74.55621301775149,65.08875739644971,9.467455621301776
E00069033,75,31,10,21,44,40,4,41.333333333333336,13.333333333333334,28.000000000000004,58.666666666666664,53.333333333333336,5.333333333333334
E00069034,123,47,16,31,76,72,4,38.21138211382114,13.008130081300814,25.203252032520325,61.78861788617886,58.536585365853654,3.2520325203252036
E00069035,87,28,12,16,59,59,0,32.18390804597701,13.793103448275861,18.39080459770115,67.81609195402298,67.81609195402298,0
E00069036,115,42,13,29,73,63,10,36.52173913043478,11.304347826086957,25.217391304347824,63.47826086956522,54.78260869565217,8.695652173913043
E00069037,91,26,7,19,65,60,5,28.57142857142857,7.6923076923076925,20.87912087912088,71.42857142857143,65.93406593406593,5.4945054945054945
E00069038,147,44,11,33,103,93,10,29.931972789115648,7.482993197278912,22.448979591836736,70.06802721088435,63.26530612244898,6.802721088435375
E00069039,103,31,7,24,72,62,10,30.097087378640776,6.796116504854369,23.300970873786408,69.90291262135922,60.19417475728155,9.70873786407767
E00069040,118,48,13,35,70,62,8,40.67796610169492,11.016949152542372,29.66101694915254,59.32203389830508,52.54237288135594,6.779661016949152
E00069041,135,40,14,26,95,88,7,29.629629629629626,10.37037037037037,19.25925925925926,70.37037037037037,65.18518518518519,5.185185185185185
E00069042,136,53,12,41,83,72,11,38.970588235294116,8.823529411764707,30.14705882352941,61.029411764705884,52.94117647058824,8.088235294117647
E00069043,170,40,12,28,130,117,13,23.52941176470588,7.0588235294117645,16.470588235294116,76.47058823529412,68.82352941176471,7.647058823529412
E00069044,109,32,9,23,77,74,3,29.357798165137616,8.256880733944955,21.100917431192663,70.64220183486239,67.88990825688074,2.7522935779816518
E00069045,98,31,6,25,67,60,7,31.63265306122449,6.122448979591836,25.510204081632654,68.36734693877551,61.224489795918366,7.142857142857142
E00069046,116,38,17,21,78,69,9,32.758620689655174,14.655172413793101,18.103448275862068,67.24137931034483,59.48275862068966,7.758620689655173
E00069047,132,36,10,26,96,86,10,27.27272727272727,7.575757575757576,19.696969696969695,72.72727272727273,65.15151515151516,7.575757575757576
E00069048,144,40,10,30,104,90,14,27.77777777777778,6.944444444444445,20.833333333333336,72.22222222222221,62.5,9.722222222222223
E00069049,38,10,2,8,28,27,1,26.31578947368421,5.263157894736842,21.052631578947366,73.68421052631578,71.05263157894737,2.631578947368421
E00069050,113,40,12,28,73,67,6,35.39823008849557,10.619469026548673,24.778761061946902,64.60176991150442,59.29203539823009,5.3097345132743365
E00069051,79,28,8,20,51,51,0,35.44303797468354,10.126582278481013,25.31645569620253,64.55696202531645,64.55696202531645,0
E00069052,104,35,7,28,69,61,8,33.65384615384615,6.730769230769231,26.923076923076923,66.34615384615384,58.65384615384615,7.6923076923076925
E00069053,177,47,20,27,130,120,10,26.55367231638418,11.299435028248588,15.254237288135593,73.44632768361582,67.79661016949152,5.649717514124294
E00069055,215,61,23,38,154,144,10,28.37209302325581,10.69767441860465,17.674418604651162,71.62790697674419,66.97674418604652,4.651162790697675
E00069056,163,46,15,31,117,106,11,28.22085889570552,9.202453987730062,19.018404907975462,71.77914110429448,65.03067484662577,6.748466257668712
E00069057,216,47,13,34,169,150,19,21.75925925925926,6.018518518518518,15.74074074074074,78.24074074074075,69.44444444444444,8.796296296296296
E00069058,163,47,14,33,116,107,9,28.834355828220858,8.588957055214724,20.245398773006134,71.16564417177914,65.6441717791411,5.521472392638037
E00069059,224,56,20,36,168,156,12,25,8.928571428571429,16.071428571428573,75,69.64285714285714,5.357142857142857
E00069060,197,46,17,29,151,143,8,23.3502538071066,8.629441624365482,14.720812182741117,76.6497461928934,72.58883248730965,4.060913705583756
E00069061,142,36,12,24,106,99,7,25.352112676056336,8.450704225352112,16.901408450704224,74.64788732394366,69.71830985915493,4.929577464788732
E00069063,120,33,11,22,87,75,12,27.500000000000004,9.166666666666666,18.333333333333332,72.5,62.5,10
E00069064,203,54,15,39,149,136,13,26.60098522167488,7.389162561576355,19.21182266009852,73.39901477832512,66.99507389162561,6.403940886699508
E00069065,153,41,9,32,112,97,15,26.797385620915033,5.88235294117647,20.915032679738562,73.20261437908496,63.39869281045751,9.803921568627452
E00069066,138,43,16,27,95,84,11,31.15942028985507,11.594202898550725,19.565217391304348,68.84057971014492,60.86956521739131,7.971014492753622
E00069067,120,35,8,27,85,77,8,29.166666666666668,6.666666666666667,22.5,70.83333333333334,64.16666666666667,6.666666666666667
E00069068,108,31,8,23,77,67,10,28.703703703703702,7.4074074074074066,21.296296296296298,71.29629629629629,62.03703703703704,9.25925925925926
E00069069,205,58,15,43,147,130,17,28.292682926829265,7.317073170731707,20.975609756097562,71.70731707317073,63.41463414634146,8.292682926829269
E00069071,113,32,10,22,81,73,8,28.31858407079646,8.849557522123893,19.469026548672566,71.68141592920354,64.60176991150442,7.079646017699115
E00069072,321,83,25,58,238,219,19,25.85669781931464,7.78816199376947,18.06853582554517,74.14330218068535,68.22429906542055,5.919003115264798
E00069073,286,75,18,57,211,190,21,26.223776223776223,6.293706293706294,19.93006993006993,73.77622377622379,66.43356643356644,7.3426573426573425
E00069074,159,55,16,39,104,93,11,34.59119496855346,10.062893081761008,24.528301886792452,65.40880503144653,58.490566037735846,6.918238993710692
E00069075,157,39,10,29,118,104,14,24.840764331210192,6.369426751592357,18.471337579617835,75.15923566878982,66.2420382165605,8.9171974522293
E00069076,197,62,18,44,135,129,6,31.472081218274113,9.137055837563452,22.33502538071066,68.52791878172589,65.48223350253807,3.0456852791878175
E00069077,152,45,12,33,107,95,12,29.605263157894733,7.894736842105263,21.710526315789476,70.39473684210526,62.5,7.894736842105263
E00069078,133,35,10,25,98,89,9,26.31578947368421,7.518796992481203,18.796992481203006,73.68421052631578,66.9172932330827,6.7669172932330826
E00069079,128,43,17,26,85,79,6,33.59375,13.28125,20.3125,66.40625,61.71875,4.6875
E00069080,127,26,4,22,101,92,9,20.47244094488189,3.149606299212598,17.322834645669293,79.52755905511812,72.44094488188976,7.086614173228346
E00069081,119,33,15,18,86,73,13,27.73109243697479,12.605042016806722,15.126050420168067,72.26890756302521,61.34453781512605,10.92436974789916
E00069082,157,38,16,22,119,100,19,24.203821656050955,10.191082802547772,14.012738853503185,75.79617834394905,63.69426751592356,12.101910828025478
E00069083,183,37,8,29,146,132,14,20.21857923497268,4.371584699453552,15.846994535519126,79.78142076502732,72.1311475409836,7.650273224043716
E00069084,134,30,10,20,104,92,12,22.388059701492537,7.462686567164178,14.925373134328357,77.61194029850746,68.65671641791045,8.955223880597014
E00069085,196,81,39,42,115,107,8,41.3265306122449,19.897959183673468,21.428571428571427,58.673469387755105,54.59183673469388,4.081632653061225
E00069086,197,62,15,47,135,121,14,31.472081218274113,7.614213197969544,23.85786802030457,68.52791878172589,61.42131979695431,7.1065989847715745
E00069087,156,45,17,28,111,96,15,28.846153846153843,10.897435897435898,17.94871794871795,71.15384615384616,61.53846153846154,9.615384615384617
E00069088,165,50,6,44,115,106,9,30.303030303030305,3.6363636363636362,26.666666666666668,69.6969696969697,64.24242424242425,5.454545454545454
E00069090,154,49,14,35,105,89,16,31.818181818181817,9.090909090909092,22.727272727272727,68.18181818181817,57.7922077922078,10.38961038961039
E00069092,109,32,11,21,77,71,6,29.357798165137616,10.091743119266056,19.26605504587156,70.64220183486239,65.13761467889908,5.5045871559633035
E00069093,106,43,10,33,63,56,7,40.56603773584906,9.433962264150944,31.132075471698112,59.43396226415094,52.83018867924528,6.60377358490566
E00069094,207,53,20,33,154,142,12,25.60386473429952,9.66183574879227,15.942028985507244,74.39613526570048,68.59903381642512,5.797101449275362
E00069095,136,48,22,26,88,77,11,35.294117647058826,16.176470588235293,19.11764705882353,64.70588235294117,56.61764705882353,8.088235294117647
E00069096,168,47,12,35,121,107,14,27.976190476190478,7.142857142857142,20.833333333333336,72.02380952380952,63.69047619047619,8.333333333333332
E00069097,174,54,21,33,120,111,9,31.03448275862069,12.068965517241379,18.96551724137931,68.96551724137932,63.793103448275865,5.172413793103448
E00069098,167,62,25,37,105,97,8,37.12574850299401,14.97005988023952,22.15568862275449,62.874251497005986,58.08383233532935,4.790419161676647
E00069099,133,46,19,27,87,78,9,34.58646616541353,14.285714285714285,20.30075187969925,65.41353383458647,58.64661654135338,6.7669172932330826
E00069100,170,62,18,44,108,95,13,36.470588235294116,10.588235294117647,25.882352941176475,63.52941176470588,55.88235294117647,7.647058823529412
E00069102,128,54,16,38,74,65,9,42.1875,12.5,29.6875,57.8125,50.78125,7.03125
E00069103,128,47,17,30,81,72,9,36.71875,13.28125,23.4375,63.28125,56.25,7.03125
E00069104,160,59,18,41,101,90,11,36.875,11.25,25.624999999999996,63.125,56.25,6.875000000000001
E00069105,128,36,10,26,92,84,8,28.125,7.8125,20.3125,71.875,65.625,6.25
E00069106,92,38,13,25,54,46,8,41.30434782608695,14.130434782608695,27.173913043478258,58.69565217391305,50,8.695652173913043
E00069107,133,51,17,34,82,76,6,38.34586466165413,12.781954887218044,25.563909774436087,61.65413533834586,57.14285714285714,4.511278195488721
E00069108,83,34,8,26,49,38,11,40.963855421686745,9.63855421686747,31.32530120481928,59.036144578313255,45.78313253012048,13.253012048192772
E00069109,153,53,17,36,100,94,6,34.64052287581699,11.11111111111111,23.52941176470588,65.359477124183,61.43790849673203,3.9215686274509802
E00069110,130,46,11,35,84,73,11,35.38461538461539,8.461538461538462,26.923076923076923,64.61538461538461,56.15384615384615,8.461538461538462
E00069111,108,34,14,20,74,64,10,31.48148148148148,12.962962962962962,18.51851851851852,68.51851851851852,59.25925925925925,9.25925925925926
E00069114,175,50,24,26,125,117,8,28.57142857142857,13.714285714285715,14.857142857142858,71.42857142857143,66.85714285714286,4.571428571428571
E00069115,151,38,9,29,113,104,9,25.165562913907287,5.960264900662252,19.205298013245034,74.83443708609272,68.87417218543047,5.960264900662252
E00069116,173,48,21,27,125,110,15,27.74566473988439,12.138728323699421,15.606936416184972,72.25433526011561,63.58381502890174,8.670520231213873
E00069117,199,58,22,36,141,131,10,29.145728643216078,11.055276381909549,18.090452261306535,70.85427135678391,65.82914572864321,5.025125628140704
E00069118,319,92,41,51,227,196,31,28.84012539184953,12.852664576802509,15.987460815047022,71.15987460815047,61.442006269592476,9.717868338557993
E00069119,138,32,13,19,106,87,19,23.18840579710145,9.420289855072465,13.768115942028986,76.81159420289855,63.04347826086957,13.768115942028986
E00069120,163,45,9,36,118,107,11,27.607361963190186,5.521472392638037,22.085889570552148,72.39263803680981,65.6441717791411,6.748466257668712
E00069121,119,47,14,33,72,65,7,39.49579831932773,11.76470588235294,27.73109243697479,60.50420168067227,54.621848739495796,5.88235294117647
E00069122,143,48,14,34,95,86,9,33.56643356643357,9.79020979020979,23.776223776223777,66.43356643356644,60.13986013986013,6.293706293706294
E00069123,151,50,24,26,101,89,12,33.11258278145696,15.894039735099339,17.218543046357617,66.88741721854305,58.94039735099338,7.9470198675496695
E00069124,141,45,14,31,96,87,9,31.914893617021278,9.929078014184398,21.98581560283688,68.08510638297872,61.702127659574465,6.382978723404255
E00069125,155,50,9,41,105,90,15,32.25806451612903,5.806451612903226,26.451612903225808,67.74193548387096,58.06451612903226,9.67741935483871
E00069126,197,68,25,43,129,121,8,34.51776649746193,12.690355329949238,21.82741116751269,65.48223350253807,61.42131979695431,4.060913705583756
E00069127,130,34,10,24,96,85,11,26.153846153846157,7.6923076923076925,18.461538461538463,73.84615384615385,65.38461538461539,8.461538461538462
E00069128,218,74,17,57,144,130,14,33.94495412844037,7.79816513761468,26.146788990825687,66.05504587155964,59.63302752293578,6.422018348623854
E00069131,193,61,18,43,132,119,13,31.606217616580313,9.32642487046632,22.279792746113987,68.39378238341969,61.6580310880829,6.7357512953367875
E00069133,213,63,17,46,150,136,14,29.577464788732392,7.981220657276995,21.5962441314554,70.4225352112676,63.84976525821596,6.572769953051644
E00069134,139,60,12,48,79,72,7,43.16546762589928,8.633093525179856,34.53237410071942,56.83453237410072,51.798561151079134,5.0359712230215825
E00069135,120,42,11,31,78,67,11,35,9.166666666666666,25.833333333333336,65,55.833333333333336,9.166666666666666
E00069136,187,61,21,40,126,117,9,32.62032085561498,11.229946524064172,21.390374331550802,67.37967914438502,62.56684491978609,4.81283422459893
E00069137,194,48,20,28,146,137,9,24.742268041237114,10.309278350515463,14.432989690721648,75.25773195876289,70.61855670103093,4.639175257731959
E00069138,153,49,15,34,104,91,13,32.02614379084967,9.803921568627452,22.22222222222222,67.97385620915033,59.47712418300654,8.49673202614379
E00069140,132,41,14,27,91,88,3,31.060606060606062,10.606060606060606,20.454545454545457,68.93939393939394,66.66666666666666,2.272727272727273
E00069141,154,44,12,32,110,104,6,28.57142857142857,7.792207792207792,20.77922077922078,71.42857142857143,67.53246753246754,3.896103896103896
E00069142,270,83,20,63,187,170,17,30.74074074074074,7.4074074074074066,23.333333333333332,69.25925925925925,62.96296296296296,6.296296296296296
E00069144,165,60,10,50,105,105,0,36.36363636363637,6.0606060606060606,30.303030303030305,63.63636363636363,63.63636363636363,0
E00069145,133,48,8,40,85,78,7,36.09022556390977,6.015037593984962,30.075187969924812,63.90977443609023,58.64661654135338,5.263157894736842
E00069146,122,42,6,36,80,72,8,34.42622950819672,4.918032786885246,29.508196721311474,65.57377049180327,59.01639344262295,6.557377049180328
E00069147,109,48,14,34,61,53,8,44.03669724770643,12.844036697247708,31.19266055045872,55.96330275229357,48.62385321100918,7.339449541284404
E00069148,101,40,10,30,61,54,7,39.603960396039604,9.900990099009901,29.7029702970297,60.396039603960396,53.46534653465347,6.9306930693069315
E00069149,83,34,11,23,49,44,5,40.963855421686745,13.253012048192772,27.710843373493976,59.036144578313255,53.01204819277109,6.024096385542169
E00069150,161,43,7,36,118,107,11,26.70807453416149,4.3478260869565215,22.36024844720497,73.29192546583852,66.45962732919256,6.832298136645963
E00069151,120,48,18,30,72,69,3,40,15,25,60,57.49999999999999,2.5
E00069152,189,67,13,54,122,114,8,35.44973544973545,6.878306878306878,28.57142857142857,64.55026455026454,60.317460317460316,4.232804232804233
E00069153,156,57,19,38,99,92,7,36.53846153846153,12.179487179487179,24.358974358974358,63.46153846153846,58.97435897435898,4.487179487179487
E00069154,56,24,5,19,32,28,4,42.857142857142854,8.928571428571429,33.92857142857143,57.14285714285714,50,7.142857142857142
E00069155,207,71,21,50,136,130,6,34.29951690821256,10.144927536231885,24.154589371980677,65.70048309178745,62.80193236714976,2.898550724637681
E00069156,229,71,32,39,158,139,19,31.004366812227076,13.973799126637553,17.03056768558952,68.99563318777294,60.698689956331876,8.296943231441048
E00069157,135,58,16,42,77,70,7,42.96296296296296,11.851851851851853,31.11111111111111,57.03703703703704,51.85185185185185,5.185185185185185
E00069158,171,63,15,48,108,103,5,36.84210526315789,8.771929824561402,28.07017543859649,63.1578947368421,60.23391812865497,2.923976608187134
E00069159,135,45,14,31,90,78,12,33.33333333333333,10.37037037037037,22.962962962962962,66.66666666666666,57.77777777777777,8.88888888888889
E00069162,182,51,20,31,131,105,26,28.021978021978022,10.989010989010989,17.032967032967033,71.97802197802197,57.692307692307686,14.285714285714285
E00069163,129,47,20,27,82,59,23,36.434108527131784,15.503875968992247,20.930232558139537,63.565891472868216,45.73643410852713,17.829457364341085
E00069164,154,36,18,18,118,96,22,23.376623376623375,11.688311688311687,11.688311688311687,76.62337662337663,62.33766233766234,14.285714285714285
E00069165,248,75,34,41,173,140,33,30.241935483870968,13.709677419354838,16.532258064516128,69.75806451612904,56.451612903225815,13.306451612903224
E00069166,156,41,10,31,115,87,28,26.282051282051285,6.41025641025641,19.871794871794872,73.71794871794873,55.769230769230774,17.94871794871795
E00069167,227,73,22,51,154,132,22,32.158590308370044,9.691629955947137,22.46696035242291,67.84140969162996,58.14977973568281,9.691629955947137
E00069168,163,48,13,35,115,89,26,29.447852760736197,7.975460122699387,21.472392638036812,70.5521472392638,54.601226993865026,15.950920245398773
E00069169,191,64,30,34,127,103,24,33.50785340314136,15.706806282722512,17.801047120418847,66.49214659685863,53.92670157068062,12.56544502617801
E00069170,188,56,18,38,132,112,20,29.78723404255319,9.574468085106384,20.212765957446805,70.2127659574468,59.57446808510638,10.638297872340425
E00069171,162,48,13,35,114,102,12,29.629629629629626,8.024691358024691,21.604938271604937,70.37037037037037,62.96296296296296,7.4074074074074066
E00069172,144,51,14,37,93,78,15,35.41666666666667,9.722222222222223,25.694444444444443,64.58333333333334,54.166666666666664,10.416666666666668
E00069173,199,62,23,39,137,123,14,31.155778894472363,11.557788944723619,19.597989949748744,68.84422110552764,61.80904522613066,7.035175879396985
E00069174,171,42,11,31,129,114,15,24.561403508771928,6.432748538011696,18.128654970760234,75.43859649122807,66.66666666666666,8.771929824561402
E00069175,224,65,17,48,159,141,18,29.017857142857146,7.5892857142857135,21.428571428571427,70.98214285714286,62.94642857142857,8.035714285714286
E00069177,184,48,14,34,136,118,18,26.08695652173913,7.608695652173914,18.478260869565215,73.91304347826086,64.13043478260869,9.782608695652174
E00069178,101,23,9,14,78,71,7,22.772277227722775,8.91089108910891,13.861386138613863,77.22772277227723,70.29702970297029,6.9306930693069315
E00069179,176,33,11,22,143,129,14,18.75,6.25,12.5,81.25,73.29545454545455,7.954545454545454
E00069180,161,52,18,34,109,97,12,32.298136645962735,11.180124223602485,21.11801242236025,67.70186335403726,60.24844720496895,7.453416149068323
E00069181,155,46,14,32,109,92,17,29.677419354838708,9.032258064516128,20.64516129032258,70.3225806451613,59.354838709677416,10.967741935483872
E00069182,124,40,16,24,84,83,1,32.25806451612903,12.903225806451612,19.35483870967742,67.74193548387096,66.93548387096774,0.8064516129032258
E00069183,143,48,22,26,95,77,18,33.56643356643357,15.384615384615385,18.181818181818183,66.43356643356644,53.84615384615385,12.587412587412588
E00069184,28,9,5,4,19,16,3,32.142857142857146,17.857142857142858,14.285714285714285,67.85714285714286,57.14285714285714,10.714285714285714
E00069185,157,56,21,35,101,84,17,35.6687898089172,13.375796178343949,22.29299363057325,64.3312101910828,53.503184713375795,10.828025477707007
E00069186,160,52,19,33,108,90,18,32.5,11.875,20.625,67.5,56.25,11.25
E00069187,129,43,19,24,86,62,24,33.33333333333333,14.728682170542637,18.6046511627907,66.66666666666666,48.06201550387597,18.6046511627907
E00069188,128,40,15,25,88,70,18,31.25,11.71875,19.53125,68.75,54.6875,14.0625
E00069189,151,38,22,16,113,100,13,25.165562913907287,14.56953642384106,10.596026490066226,74.83443708609272,66.22516556291392,8.609271523178808
E00069190,151,62,22,40,89,78,11,41.05960264900662,14.56953642384106,26.490066225165563,58.94039735099338,51.65562913907284,7.28476821192053
E00069191,140,36,12,24,104,87,17,25.71428571428571,8.571428571428571,17.142857142857142,74.28571428571429,62.142857142857146,12.142857142857142
E00069192,184,50,20,30,134,102,32,27.173913043478258,10.869565217391305,16.304347826086957,72.82608695652173,55.434782608695656,17.391304347826086
E00069193,149,44,12,32,105,85,20,29.53020134228188,8.053691275167784,21.476510067114095,70.46979865771812,57.04697986577181,13.422818791946309
E00069194,100,41,15,26,59,54,5,41,15,26,59,54,5
E00069195,135,53,18,35,82,76,6,39.25925925925926,13.333333333333334,25.925925925925924,60.74074074074074,56.2962962962963,4.444444444444445
E00069196,165,45,18,27,120,89,31,27.27272727272727,10.909090909090908,16.363636363636363,72.72727272727273,53.939393939393945,18.787878787878785
E00069197,164,60,19,41,104,87,17,36.58536585365854,11.585365853658537,25,63.41463414634146,53.04878048780488,10.365853658536585
E00069198,178,51,15,36,127,116,11,28.651685393258425,8.426966292134832,20.224719101123593,71.34831460674157,65.1685393258427,6.179775280898876
E00069199,117,25,5,20,92,82,10,21.367521367521366,4.273504273504273,17.094017094017094,78.63247863247864,70.08547008547008,8.547008547008547
E00069200,187,64,19,45,123,111,12,34.22459893048128,10.16042780748663,24.06417112299465,65.77540106951871,59.35828877005348,6.417112299465241
E00069201,161,60,29,31,101,88,13,37.267080745341616,18.012422360248447,19.25465838509317,62.732919254658384,54.6583850931677,8.074534161490684
E00069202,162,50,12,38,112,96,16,30.864197530864196,7.4074074074074066,23.456790123456788,69.1358024691358,59.25925925925925,9.876543209876543
E00069204,125,31,11,20,94,83,11,24.8,8.799999999999999,16,75.2,66.4,8.799999999999999
E00069205,192,72,26,46,120,100,20,37.5,13.541666666666666,23.958333333333336,62.5,52.083333333333336,10.416666666666668
E00069206,72,19,7,12,53,40,13,26.38888888888889,9.722222222222223,16.666666666666664,73.61111111111111,55.55555555555556,18.055555555555554
E00069207,100,27,7,20,73,64,9,27,7.000000000000001,20,73,64,9
E00069208,158,59,27,32,99,86,13,37.34177215189873,17.088607594936708,20.253164556962027,62.65822784810127,54.43037974683544,8.227848101265822
E00069209,184,47,16,31,137,117,20,25.543478260869566,8.695652173913043,16.847826086956523,74.45652173913044,63.58695652173913,10.869565217391305
E00069210,132,40,15,25,92,76,16,30.303030303030305,11.363636363636363,18.939393939393938,69.6969696969697,57.57575757575758,12.121212121212121
E00069211,119,45,11,34,74,71,3,37.81512605042017,9.243697478991598,28.57142857142857,62.18487394957983,59.66386554621849,2.5210084033613445
E00069212,98,33,13,20,65,54,11,33.6734693877551,13.26530612244898,20.408163265306122,66.3265306122449,55.10204081632652,11.224489795918368
E00069213,111,37,21,16,74,60,14,33.33333333333333,18.91891891891892,14.414414414414415,66.66666666666666,54.054054054054056,12.612612612612612
E00069215,184,52,20,32,132,122,10,28.26086956521739,10.869565217391305,17.391304347826086,71.73913043478261,66.30434782608695,5.434782608695652
E00069218,101,38,6,32,63,60,3,37.62376237623762,5.9405940594059405,31.683168316831683,62.37623762376238,59.4059405940594,2.9702970297029703
E00069220,202,65,29,36,137,123,14,32.17821782178218,14.356435643564355,17.82178217821782,67.82178217821783,60.89108910891089,6.9306930693069315
E00069221,219,73,16,57,146,140,6,33.33333333333333,7.30593607305936,26.027397260273972,66.66666666666666,63.926940639269404,2.73972602739726
E00069222,206,69,15,54,137,131,6,33.49514563106796,7.281553398058252,26.21359223300971,66.50485436893204,63.59223300970874,2.912621359223301
E00069223,228,57,16,41,171,162,9,25,7.017543859649122,17.982456140350877,75,71.05263157894737,3.9473684210526314
E00069224,122,41,9,32,81,78,3,33.60655737704918,7.377049180327869,26.229508196721312,66.39344262295081,63.934426229508205,2.459016393442623
E00069225,145,46,11,35,99,91,8,31.724137931034484,7.586206896551724,24.137931034482758,68.27586206896552,62.758620689655174,5.517241379310345
E00069226,192,54,18,36,138,131,7,28.125,9.375,18.75,71.875,68.22916666666666,3.6458333333333335
E00069227,206,81,15,66,125,121,4,39.32038834951456,7.281553398058252,32.038834951456316,60.679611650485434,58.7378640776699,1.9417475728155338
E00069228,105,27,6,21,78,70,8,25.71428571428571,5.714285714285714,20,74.28571428571429,66.66666666666666,7.6190476190476195
E00069230,217,76,28,48,141,133,8,35.02304147465438,12.903225806451612,22.119815668202765,64.97695852534562,61.29032258064516,3.686635944700461
E00069231,85,28,8,20,57,57,0,32.94117647058823,9.411764705882353,23.52941176470588,67.05882352941175,67.05882352941175,0
E00069233,116,37,8,29,79,76,3,31.896551724137932,6.896551724137931,25,68.10344827586206,65.51724137931035,2.586206896551724
E00069234,69,16,0,16,53,47,6,23.18840579710145,0,23.18840579710145,76.81159420289855,68.11594202898551,8.695652173913043
E00069235,106,43,8,35,63,58,5,40.56603773584906,7.547169811320755,33.0188679245283,59.43396226415094,54.71698113207547,4.716981132075472
E00069236,165,43,14,29,122,117,5,26.060606060606062,8.484848484848486,17.575757575757574,73.93939393939394,70.9090909090909,3.0303030303030303
E00069237,89,31,6,25,58,58,0,34.831460674157306,6.741573033707865,28.08988764044944,65.1685393258427,65.1685393258427,0
E00069238,180,56,14,42,124,118,6,31.11111111111111,7.777777777777778,23.333333333333332,68.88888888888889,65.55555555555556,3.3333333333333335
E00069239,224,77,23,54,147,138,9,34.375,10.267857142857142,24.107142857142858,65.625,61.60714285714286,4.017857142857143
E00069240,116,30,12,18,86,85,1,25.862068965517242,10.344827586206897,15.517241379310345,74.13793103448276,73.27586206896551,0.8620689655172413
E00069241,142,51,16,35,91,87,4,35.91549295774648,11.267605633802818,24.647887323943664,64.08450704225352,61.267605633802816,2.8169014084507045
E00069242,139,44,15,29,95,90,5,31.654676258992804,10.79136690647482,20.863309352517987,68.34532374100719,64.74820143884892,3.5971223021582732
E00069243,108,43,12,31,65,58,7,39.81481481481482,11.11111111111111,28.703703703703702,60.18518518518518,53.70370370370371,6.481481481481481
E00069244,115,42,10,32,73,69,4,36.52173913043478,8.695652173913043,27.82608695652174,63.47826086956522,60,3.4782608695652173
E00069246,201,68,17,51,133,116,17,33.83084577114428,8.45771144278607,25.37313432835821,66.16915422885572,57.711442786069654,8.45771144278607
E00069247,148,38,11,27,110,102,8,25.675675675675674,7.4324324324324325,18.243243243243242,74.32432432432432,68.91891891891892,5.405405405405405
E00069248,120,43,13,30,77,71,6,35.833333333333336,10.833333333333334,25,64.16666666666667,59.166666666666664,5
E00069249,149,61,13,48,88,77,11,40.939597315436245,8.724832214765101,32.21476510067114,59.06040268456376,51.67785234899329,7.38255033557047
E00069250,72,24,4,20,48,45,3,33.33333333333333,5.555555555555555,27.77777777777778,66.66666666666666,62.5,4.166666666666666
E00069251,163,57,15,42,106,92,14,34.96932515337423,9.202453987730062,25.766871165644172,65.03067484662577,56.44171779141104,8.588957055214724
E00069253,133,44,9,35,89,80,9,33.08270676691729,6.7669172932330826,26.31578947368421,66.9172932330827,60.150375939849624,6.7669172932330826
E00069254,140,41,11,30,99,88,11,29.28571428571429,7.857142857142857,21.428571428571427,70.71428571428572,62.857142857142854,7.857142857142857
E00069255,149,50,13,37,99,94,5,33.557046979865774,8.724832214765101,24.832214765100673,66.44295302013423,63.08724832214765,3.3557046979865772
E00069256,136,39,8,31,97,87,10,28.676470588235293,5.88235294117647,22.794117647058822,71.32352941176471,63.970588235294116,7.352941176470589
E00069257,159,43,9,34,116,104,12,27.044025157232703,5.660377358490567,21.38364779874214,72.95597484276729,65.40880503144653,7.547169811320755
E00069258,120,33,7,26,87,84,3,27.500000000000004,5.833333333333333,21.666666666666668,72.5,70,2.5
E00069259,97,30,5,25,67,58,9,30.927835051546392,5.154639175257731,25.773195876288657,69.0721649484536,59.79381443298969,9.278350515463918
E00069260,101,34,10,24,67,58,9,33.663366336633665,9.900990099009901,23.762376237623762,66.33663366336634,57.42574257425742,8.91089108910891
E00069261,113,37,13,24,76,69,7,32.743362831858406,11.504424778761061,21.238938053097346,67.2566371681416,61.06194690265486,6.1946902654867255
E00069263,130,37,18,19,93,76,17,28.46153846153846,13.846153846153847,14.615384615384617,71.53846153846153,58.46153846153847,13.076923076923078
E00069264,192,47,11,36,145,133,12,24.479166666666664,5.729166666666666,18.75,75.52083333333334,69.27083333333334,6.25
E00069265,122,44,11,33,78,65,13,36.0655737704918,9.01639344262295,27.049180327868854,63.934426229508205,53.278688524590166,10.655737704918032
E00069266,130,48,13,35,82,78,4,36.92307692307693,10,26.923076923076923,63.07692307692307,60,3.076923076923077
E00069267,60,19,7,12,41,35,6,31.666666666666664,11.666666666666666,20,68.33333333333333,58.333333333333336,10
E00069268,161,54,9,45,107,94,13,33.54037267080746,5.590062111801243,27.95031055900621,66.45962732919256,58.38509316770186,8.074534161490684
E00069269,71,22,1,21,49,42,7,30.985915492957744,1.4084507042253522,29.577464788732392,69.01408450704226,59.154929577464785,9.859154929577464
E00069270,133,35,7,28,98,84,14,26.31578947368421,5.263157894736842,21.052631578947366,73.68421052631578,63.1578947368421,10.526315789473683
E00069271,232,49,13,36,183,158,25,21.120689655172413,5.603448275862069,15.517241379310345,78.87931034482759,68.10344827586206,10.775862068965516
E00069272,186,42,10,32,144,131,13,22.58064516129032,5.376344086021505,17.20430107526882,77.41935483870968,70.43010752688173,6.989247311827956
E00069273,87,37,10,27,50,47,3,42.5287356321839,11.494252873563218,31.03448275862069,57.47126436781609,54.02298850574713,3.4482758620689653
E00069274,103,31,8,23,72,61,11,30.097087378640776,7.766990291262135,22.330097087378643,69.90291262135922,59.22330097087378,10.679611650485436
E00069275,100,27,10,17,73,64,9,27,10,17,73,64,9
E00069276,168,50,13,37,118,109,9,29.761904761904763,7.738095238095238,22.023809523809522,70.23809523809523,64.88095238095238,5.357142857142857
E00069277,122,44,13,31,78,74,4,36.0655737704918,10.655737704918032,25.40983606557377,63.934426229508205,60.65573770491803,3.278688524590164
E00069278,113,40,8,32,73,66,7,35.39823008849557,7.079646017699115,28.31858407079646,64.60176991150442,58.4070796460177,6.1946902654867255
E00069279,148,43,10,33,105,94,11,29.054054054054053,6.756756756756757,22.2972972972973,70.94594594594594,63.51351351351351,7.4324324324324325
E00069280,120,42,16,26,78,72,6,35,13.333333333333334,21.666666666666668,65,60,5
E00069281,140,44,6,38,96,86,10,31.428571428571427,4.285714285714286,27.142857142857142,68.57142857142857,61.42857142857143,7.142857142857142
E00069282,109,33,9,24,76,63,13,30.275229357798167,8.256880733944955,22.018348623853214,69.72477064220183,57.798165137614674,11.926605504587156
E00069283,152,46,19,27,106,100,6,30.263157894736842,12.5,17.763157894736842,69.73684210526315,65.78947368421053,3.9473684210526314
E00069284,132,46,12,34,86,80,6,34.84848484848485,9.090909090909092,25.757575757575758,65.15151515151516,60.60606060606061,4.545454545454546
E00069285,164,62,13,49,102,93,9,37.80487804878049,7.926829268292683,29.878048780487802,62.19512195121951,56.70731707317073,5.487804878048781
E00069286,133,42,12,30,91,79,12,31.57894736842105,9.022556390977442,22.55639097744361,68.42105263157895,59.3984962406015,9.022556390977442
E00069287,141,44,12,32,97,89,8,31.20567375886525,8.51063829787234,22.69503546099291,68.79432624113475,63.12056737588653,5.673758865248227
E00069288,130,39,9,30,91,81,10,30,6.923076923076923,23.076923076923077,70,62.30769230769231,7.6923076923076925
E00069289,155,58,20,38,97,82,15,37.41935483870968,12.903225806451612,24.516129032258064,62.58064516129033,52.903225806451616,9.67741935483871
E00069290,81,32,3,29,49,46,3,39.50617283950617,3.7037037037037033,35.80246913580247,60.49382716049383,56.79012345679012,3.7037037037037033
E00069291,52,21,5,16,31,27,4,40.38461538461539,9.615384615384617,30.76923076923077,59.61538461538461,51.92307692307693,7.6923076923076925
E00069294,143,54,19,35,89,78,11,37.76223776223776,13.286713286713287,24.475524475524477,62.23776223776224,54.54545454545454,7.6923076923076925
E00069295,120,35,12,23,85,77,8,29.166666666666668,10,19.166666666666668,70.83333333333334,64.16666666666667,6.666666666666667
E00069296,79,34,4,30,45,40,5,43.037974683544306,5.063291139240507,37.9746835443038,56.9620253164557,50.63291139240506,6.329113924050633
E00069297,156,40,8,32,116,106,10,25.64102564102564,5.128205128205128,20.51282051282051,74.35897435897436,67.94871794871796,6.41025641025641
E00069298,111,39,14,25,72,68,4,35.13513513513514,12.612612612612612,22.52252252252252,64.86486486486487,61.261261261261254,3.6036036036036037
E00069299,133,55,17,38,78,72,6,41.35338345864661,12.781954887218044,28.57142857142857,58.64661654135338,54.13533834586466,4.511278195488721
E00069300,177,60,13,47,117,109,8,33.89830508474576,7.344632768361582,26.55367231638418,66.10169491525424,61.5819209039548,4.519774011299435
E00069303,236,98,35,63,138,125,13,41.52542372881356,14.83050847457627,26.69491525423729,58.47457627118644,52.96610169491526,5.508474576271186
E00069304,215,73,18,55,142,128,14,33.95348837209302,8.372093023255815,25.581395348837212,66.04651162790698,59.53488372093023,6.511627906976744
E00069305,180,68,29,39,112,109,3,37.77777777777778,16.11111111111111,21.666666666666668,62.22222222222222,60.55555555555555,1.6666666666666667
E00069306,196,65,23,42,131,119,12,33.16326530612245,11.73469387755102,21.428571428571427,66.83673469387756,60.71428571428571,6.122448979591836
E00069307,135,48,13,35,87,81,6,35.55555555555556,9.62962962962963,25.925925925925924,64.44444444444444,60,4.444444444444445
E00069308,257,90,31,59,167,150,17,35.019455252918284,12.062256809338521,22.957198443579767,64.98054474708171,58.36575875486382,6.614785992217899
E00069309,191,81,19,62,110,101,9,42.40837696335078,9.947643979057592,32.460732984293195,57.59162303664922,52.879581151832454,4.712041884816754
E00069310,146,60,22,38,86,78,8,41.0958904109589,15.068493150684931,26.027397260273972,58.9041095890411,53.42465753424658,5.47945205479452
E00069311,191,68,18,50,123,113,10,35.602094240837694,9.424083769633508,26.17801047120419,64.3979057591623,59.16230366492147,5.2356020942408374
E00069312,187,60,14,46,127,114,13,32.085561497326204,7.4866310160427805,24.598930481283425,67.9144385026738,60.962566844919785,6.951871657754011
E00069313,243,77,27,50,166,147,19,31.68724279835391,11.11111111111111,20.5761316872428,68.3127572016461,60.49382716049383,7.818930041152264
E00069314,110,29,8,21,81,75,6,26.36363636363636,7.2727272727272725,19.090909090909093,73.63636363636363,68.18181818181817,5.454545454545454
E00069315,122,37,10,27,85,78,7,30.327868852459016,8.19672131147541,22.131147540983605,69.67213114754098,63.934426229508205,5.737704918032787
E00069316,100,28,7,21,72,68,4,28.000000000000004,7.000000000000001,21,72,68,4
E00069317,130,42,17,25,88,83,5,32.30769230769231,13.076923076923078,19.230769230769234,67.6923076923077,63.84615384615384,3.8461538461538463
E00069318,151,47,11,36,104,98,6,31.125827814569533,7.28476821192053,23.841059602649008,68.87417218543047,64.90066225165563,3.9735099337748347
E00069319,109,41,10,31,68,63,5,37.61467889908257,9.174311926605505,28.440366972477065,62.38532110091744,57.798165137614674,4.587155963302752
E00069320,147,56,11,45,91,82,9,38.095238095238095,7.482993197278912,30.612244897959183,61.904761904761905,55.78231292517006,6.122448979591836
E00069321,324,89,20,69,235,213,22,27.469135802469136,6.172839506172839,21.296296296296298,72.53086419753086,65.74074074074075,6.790123456790123
E00069322,115,33,11,22,82,80,2,28.695652173913043,9.565217391304348,19.130434782608695,71.30434782608695,69.56521739130434,1.7391304347826086
E00069323,114,41,13,28,73,64,9,35.96491228070175,11.403508771929824,24.561403508771928,64.03508771929825,56.14035087719298,7.894736842105263
E00069324,108,25,9,16,83,78,5,23.14814814814815,8.333333333333332,14.814814814814813,76.85185185185185,72.22222222222221,4.62962962962963
E00069325,217,62,16,46,155,139,16,28.57142857142857,7.373271889400922,21.19815668202765,71.42857142857143,64.0552995391705,7.373271889400922
E00069326,186,54,13,41,132,122,10,29.03225806451613,6.989247311827956,22.043010752688172,70.96774193548387,65.59139784946237,5.376344086021505
E00069327,132,49,15,34,83,77,6,37.121212121212125,11.363636363636363,25.757575757575758,62.878787878787875,58.333333333333336,4.545454545454546
E00069328,161,64,21,43,97,92,5,39.75155279503105,13.043478260869565,26.70807453416149,60.24844720496895,57.14285714285714,3.1055900621118013
E00069329,168,78,27,51,90,85,5,46.42857142857143,16.071428571428573,30.357142857142854,53.57142857142857,50.595238095238095,2.976190476190476
E00069330,140,42,13,29,98,92,6,30,9.285714285714286,20.714285714285715,70,65.71428571428571,4.285714285714286
E00069331,169,65,24,41,104,98,6,38.46153846153847,14.201183431952662,24.2603550295858,61.53846153846154,57.98816568047337,3.5502958579881656
E00069332,54,19,7,12,35,35,0,35.18518518518518,12.962962962962962,22.22222222222222,64.81481481481481,64.81481481481481,0
E00069333,184,76,26,50,108,101,7,41.30434782608695,14.130434782608695,27.173913043478258,58.69565217391305,54.891304347826086,3.804347826086957
E00069334,180,54,22,32,126,112,14,30,12.222222222222221,17.77777777777778,70,62.22222222222222,7.777777777777778
E00069335,130,43,13,30,87,77,10,33.07692307692307,10,23.076923076923077,66.92307692307692,59.23076923076923,7.6923076923076925
E00069336,137,39,14,25,98,93,5,28.467153284671532,10.218978102189782,18.248175182481752,71.53284671532847,67.88321167883211,3.64963503649635
E00069337,139,49,12,37,90,83,7,35.25179856115108,8.633093525179856,26.618705035971225,64.74820143884892,59.71223021582733,5.0359712230215825
E00069338,136,50,19,31,86,79,7,36.76470588235294,13.970588235294118,22.794117647058822,63.23529411764706,58.08823529411765,5.147058823529411
E00069339,165,51,11,40,114,106,8,30.909090909090907,6.666666666666667,24.242424242424242,69.0909090909091,64.24242424242425,4.848484848484849
E00069340,191,69,19,50,122,112,10,36.12565445026178,9.947643979057592,26.17801047120419,63.87434554973822,58.63874345549738,5.2356020942408374
E00069341,146,47,16,31,99,92,7,32.19178082191781,10.95890410958904,21.232876712328768,67.8082191780822,63.013698630136986,4.794520547945205
E00069342,147,54,13,41,93,85,8,36.734693877551024,8.843537414965986,27.89115646258503,63.26530612244898,57.82312925170068,5.442176870748299
E00069343,203,75,26,49,128,122,6,36.94581280788177,12.807881773399016,24.137931034482758,63.05418719211823,60.09852216748769,2.955665024630542
E00069344,135,50,12,38,85,77,8,37.03703703703704,8.88888888888889,28.14814814814815,62.96296296296296,57.03703703703704,5.9259259259259265
E00069345,200,92,19,73,108,104,4,46,9.5,36.5,54,52,2
E00069346,203,84,16,68,119,114,5,41.37931034482759,7.8817733990147785,33.497536945812804,58.620689655172406,56.15763546798029,2.4630541871921183
E00069347,155,73,16,57,82,76,6,47.096774193548384,10.32258064516129,36.774193548387096,52.903225806451616,49.03225806451613,3.870967741935484
E00069348,182,91,30,61,91,87,4,50,16.483516483516482,33.51648351648351,50,47.8021978021978,2.197802197802198
E00069349,176,87,27,60,89,85,4,49.43181818181818,15.340909090909092,34.090909090909086,50.56818181818182,48.29545454545455,2.272727272727273
E00069350,123,70,23,47,53,50,3,56.91056910569105,18.69918699186992,38.21138211382114,43.08943089430895,40.65040650406504,2.4390243902439024
E00069351,159,71,20,51,88,88,0,44.65408805031446,12.578616352201259,32.075471698113205,55.34591194968554,55.34591194968554,0
E00069352,177,73,30,43,104,99,5,41.24293785310734,16.94915254237288,24.293785310734464,58.75706214689266,55.932203389830505,2.824858757062147
E00069353,191,100,31,69,91,86,5,52.35602094240838,16.230366492146597,36.12565445026178,47.64397905759162,45.0261780104712,2.6178010471204187
E00069355,207,89,30,59,118,117,1,42.99516908212561,14.492753623188406,28.502415458937197,57.00483091787439,56.52173913043478,0.4830917874396135
E00069356,186,91,30,61,95,91,4,48.924731182795696,16.129032258064516,32.795698924731184,51.075268817204304,48.924731182795696,2.1505376344086025
E00069357,164,82,18,64,82,79,3,50,10.975609756097562,39.02439024390244,50,48.170731707317074,1.8292682926829267
E00069358,199,101,32,69,98,91,7,50.753768844221106,16.08040201005025,34.67336683417086,49.246231155778894,45.7286432160804,3.5175879396984926
E00069359,148,71,20,51,77,76,1,47.97297297297297,13.513513513513514,34.45945945945946,52.02702702702703,51.35135135135135,0.6756756756756757
E00069361,147,71,18,53,76,71,5,48.29931972789115,12.244897959183673,36.054421768707485,51.70068027210885,48.29931972789115,3.4013605442176873
E00069362,172,86,16,70,86,79,7,50,9.30232558139535,40.69767441860465,50,45.93023255813954,4.069767441860465
E00069363,139,71,13,58,68,68,0,51.07913669064749,9.352517985611511,41.726618705035975,48.92086330935252,48.92086330935252,0
E00069365,167,76,18,58,91,87,4,45.50898203592814,10.778443113772456,34.73053892215569,54.49101796407185,52.09580838323353,2.3952095808383236
E00069367,142,66,21,45,76,74,2,46.478873239436616,14.788732394366196,31.690140845070424,53.52112676056338,52.112676056338024,1.4084507042253522
E00069368,156,62,21,41,94,85,9,39.743589743589745,13.461538461538462,26.282051282051285,60.256410256410255,54.48717948717948,5.769230769230769
E00069369,118,55,21,34,63,62,1,46.61016949152542,17.796610169491526,28.8135593220339,53.38983050847458,52.54237288135594,0.847457627118644
E00069370,227,90,20,70,137,133,4,39.647577092511014,8.81057268722467,30.837004405286343,60.352422907488986,58.590308370044056,1.762114537444934
E00069371,104,44,13,31,60,54,6,42.30769230769231,12.5,29.807692307692307,57.692307692307686,51.92307692307693,5.769230769230769
E00069372,99,46,15,31,53,50,3,46.464646464646464,15.151515151515152,31.313131313131315,53.535353535353536,50.505050505050505,3.0303030303030303
E00069373,158,74,18,56,84,78,6,46.835443037974684,11.39240506329114,35.44303797468354,53.16455696202531,49.36708860759494,3.79746835443038
E00069374,105,40,17,23,65,63,2,38.095238095238095,16.19047619047619,21.904761904761905,61.904761904761905,60,1.9047619047619049
E00069375,170,80,24,56,90,84,6,47.05882352941176,14.117647058823529,32.94117647058823,52.94117647058824,49.411764705882355,3.5294117647058822
E00069376,181,75,33,42,106,100,6,41.43646408839779,18.23204419889503,23.204419889502763,58.5635359116022,55.24861878453039,3.314917127071823
E00069377,175,68,15,53,107,102,5,38.857142857142854,8.571428571428571,30.28571428571429,61.142857142857146,58.285714285714285,2.857142857142857
E00069378,191,90,32,58,101,94,7,47.12041884816754,16.75392670157068,30.36649214659686,52.879581151832454,49.21465968586388,3.664921465968586
E00069379,151,70,11,59,81,77,4,46.35761589403973,7.28476821192053,39.0728476821192,53.64238410596026,50.993377483443716,2.6490066225165565
E00069380,126,51,13,38,75,75,0,40.476190476190474,10.317460317460316,30.158730158730158,59.523809523809526,59.523809523809526,0
E00069381,179,74,30,44,105,102,3,41.340782122905026,16.75977653631285,24.581005586592177,58.659217877094974,56.98324022346368,1.675977653631285
E00069383,185,88,22,66,97,89,8,47.56756756756757,11.891891891891893,35.67567567567568,52.43243243243243,48.10810810810811,4.324324324324325
E00069384,98,47,14,33,51,48,3,47.95918367346938,14.285714285714285,33.6734693877551,52.04081632653062,48.97959183673469,3.061224489795918
E00069385,194,76,24,52,118,112,6,39.175257731958766,12.371134020618557,26.804123711340207,60.824742268041234,57.73195876288659,3.0927835051546393
E00069386,93,35,8,27,58,52,6,37.634408602150536,8.60215053763441,29.03225806451613,62.365591397849464,55.91397849462365,6.451612903225806
E00069387,145,47,8,39,98,90,8,32.41379310344827,5.517241379310345,26.89655172413793,67.58620689655173,62.06896551724138,5.517241379310345
E00069388,172,69,12,57,103,98,5,40.116279069767444,6.976744186046512,33.13953488372093,59.883720930232556,56.97674418604651,2.9069767441860463
E00069389,171,69,20,49,102,98,4,40.35087719298245,11.695906432748536,28.654970760233915,59.64912280701754,57.30994152046783,2.3391812865497075
E00069390,160,83,26,57,77,72,5,51.87500000000001,16.25,35.625,48.125,45,3.125
E00069391,124,57,12,45,67,66,1,45.96774193548387,9.67741935483871,36.29032258064516,54.03225806451613,53.2258064516129,0.8064516129032258
E00069394,128,62,13,49,66,64,2,48.4375,10.15625,38.28125,51.5625,50,1.5625
E00069395,174,92,29,63,82,78,4,52.87356321839081,16.666666666666664,36.206896551724135,47.12643678160919,44.827586206896555,2.2988505747126435
E00069397,209,89,22,67,120,108,12,42.58373205741627,10.526315789473683,32.057416267942585,57.41626794258373,51.674641148325364,5.741626794258373
E00069398,133,63,21,42,70,70,0,47.368421052631575,15.789473684210526,31.57894736842105,52.63157894736842,52.63157894736842,0
E00069399,188,83,24,59,105,98,7,44.148936170212764,12.76595744680851,31.382978723404253,55.85106382978723,52.12765957446809,3.723404255319149
E00069401,133,77,24,53,56,52,4,57.89473684210527,18.045112781954884,39.849624060150376,42.10526315789473,39.097744360902254,3.007518796992481
E00069402,149,58,15,43,91,87,4,38.92617449664429,10.06711409395973,28.859060402684566,61.07382550335571,58.38926174496645,2.684563758389262
E00069403,132,55,20,35,77,71,6,41.66666666666667,15.151515151515152,26.515151515151516,58.333333333333336,53.78787878787878,4.545454545454546
E00069404,165,86,28,58,79,73,6,52.121212121212125,16.969696969696972,35.15151515151515,47.878787878787875,44.24242424242424,3.6363636363636362
E00069405,104,59,13,46,45,43,2,56.730769230769226,12.5,44.230769230769226,43.269230769230774,41.34615384615385,1.9230769230769231
E00069407,177,89,40,49,88,76,12,50.282485875706215,22.598870056497177,27.683615819209038,49.717514124293785,42.93785310734463,6.779661016949152
E00069408,201,86,27,59,115,105,10,42.78606965174129,13.432835820895523,29.35323383084577,57.2139303482587,52.23880597014925,4.975124378109453
E00069409,177,58,25,33,119,111,8,32.7683615819209,14.124293785310735,18.64406779661017,67.2316384180791,62.71186440677966,4.519774011299435
E00069410,125,48,21,27,77,70,7,38.4,16.8,21.6,61.6,56.00000000000001,5.6000000000000005
E00069411,165,80,29,51,85,85,0,48.484848484848484,17.575757575757574,30.909090909090907,51.515151515151516,51.515151515151516,0
E00069412,175,108,28,80,67,61,6,61.71428571428571,16,45.714285714285715,38.285714285714285,34.85714285714286,3.428571428571429
E00069413,153,70,15,55,83,78,5,45.751633986928105,9.803921568627452,35.947712418300654,54.248366013071895,50.98039215686274,3.2679738562091507
E00069414,155,77,17,60,78,73,5,49.67741935483871,10.967741935483872,38.70967741935484,50.32258064516129,47.096774193548384,3.225806451612903
E00069415,130,58,15,43,72,68,4,44.61538461538462,11.538461538461538,33.07692307692307,55.38461538461539,52.307692307692314,3.076923076923077
E00069416,213,89,23,66,124,113,11,41.78403755868544,10.7981220657277,30.985915492957744,58.21596244131455,53.051643192488264,5.164319248826291
E00069417,199,80,28,52,119,104,15,40.20100502512563,14.07035175879397,26.13065326633166,59.798994974874375,52.26130653266332,7.537688442211055
E00069418,211,89,36,53,122,109,13,42.18009478672986,17.061611374407583,25.118483412322274,57.81990521327014,51.65876777251185,6.161137440758294
E00069419,156,73,15,58,83,79,4,46.794871794871796,9.615384615384617,37.17948717948718,53.205128205128204,50.641025641025635,2.564102564102564
E00069420,136,67,16,51,69,62,7,49.26470588235294,11.76470588235294,37.5,50.73529411764706,45.588235294117645,5.147058823529411
E00069421,214,96,35,61,118,112,6,44.85981308411215,16.355140186915886,28.504672897196258,55.140186915887845,52.336448598130836,2.803738317757009
E00069422,168,75,14,61,93,88,5,44.642857142857146,8.333333333333332,36.30952380952381,55.35714285714286,52.38095238095239,2.976190476190476
E00069423,150,56,19,37,94,84,10,37.333333333333336,12.666666666666668,24.666666666666668,62.66666666666667,56.00000000000001,6.666666666666667
E00069424,181,81,24,57,100,90,10,44.751381215469614,13.259668508287293,31.491712707182316,55.24861878453039,49.72375690607735,5.524861878453039
E00069425,187,76,24,52,111,104,7,40.64171122994652,12.834224598930483,27.807486631016044,59.35828877005348,55.61497326203209,3.7433155080213902
E00069426,181,87,27,60,94,89,5,48.06629834254144,14.917127071823206,33.14917127071823,51.93370165745856,49.171270718232044,2.7624309392265194
E00069427,151,68,21,47,83,83,0,45.033112582781456,13.90728476821192,31.125827814569533,54.966887417218544,54.966887417218544,0
E00069428,151,66,21,45,85,80,5,43.70860927152318,13.90728476821192,29.80132450331126,56.29139072847682,52.980132450331126,3.3112582781456954
E00069429,218,97,31,66,121,113,8,44.4954128440367,14.220183486238533,30.275229357798167,55.5045871559633,51.8348623853211,3.669724770642202
E00069430,115,56,10,46,59,52,7,48.69565217391305,8.695652173913043,40,51.30434782608696,45.21739130434783,6.086956521739131
E00069431,161,82,23,59,79,75,4,50.931677018633536,14.285714285714285,36.64596273291926,49.06832298136646,46.58385093167702,2.484472049689441
E00069432,152,50,20,30,102,93,9,32.89473684210527,13.157894736842104,19.736842105263158,67.10526315789474,61.18421052631579,5.921052631578947
E00069433,209,80,30,50,129,114,15,38.27751196172249,14.354066985645932,23.923444976076556,61.72248803827751,54.54545454545454,7.177033492822966
E00069434,129,56,18,38,73,70,3,43.41085271317829,13.953488372093023,29.457364341085274,56.58914728682171,54.263565891472865,2.3255813953488373
E00069435,182,79,32,47,103,95,8,43.40659340659341,17.582417582417584,25.82417582417583,56.59340659340659,52.197802197802204,4.395604395604396
E00069436,148,58,23,35,90,73,17,39.189189189189186,15.54054054054054,23.64864864864865,60.810810810810814,49.32432432432432,11.486486486486488
E00069437,222,100,41,59,122,104,18,45.04504504504504,18.46846846846847,26.576576576576578,54.95495495495496,46.846846846846844,8.108108108108109
E00069438,163,38,14,24,125,111,14,23.31288343558282,8.588957055214724,14.723926380368098,76.68711656441718,68.09815950920245,8.588957055214724
E00069439,251,112,27,85,139,120,19,44.6215139442231,10.756972111553784,33.86454183266932,55.37848605577689,47.808764940239044,7.569721115537849
E00069440,173,67,25,42,106,93,13,38.72832369942196,14.450867052023122,24.277456647398843,61.27167630057804,53.75722543352601,7.514450867052023
E00069441,184,70,21,49,114,107,7,38.04347826086957,11.41304347826087,26.6304347826087,61.95652173913043,58.152173913043484,3.804347826086957
E00069442,161,68,18,50,93,86,7,42.2360248447205,11.180124223602485,31.05590062111801,57.7639751552795,53.41614906832298,4.3478260869565215
E00069443,180,99,16,83,81,75,6,55.00000000000001,8.88888888888889,46.111111111111114,45,41.66666666666667,3.3333333333333335
E00069444,138,73,18,55,65,60,5,52.89855072463768,13.043478260869565,39.85507246376812,47.10144927536232,43.47826086956522,3.6231884057971016
E00069445,109,43,9,34,66,62,4,39.44954128440367,8.256880733944955,31.19266055045872,60.550458715596335,56.88073394495413,3.669724770642202
E00069446,129,60,17,43,69,69,0,46.51162790697674,13.178294573643413,33.33333333333333,53.48837209302325,53.48837209302325,0
E00069447,165,83,33,50,82,75,7,50.303030303030305,20,30.303030303030305,49.696969696969695,45.45454545454545,4.242424242424243
E00069448,171,47,12,35,124,105,19,27.485380116959064,7.017543859649122,20.46783625730994,72.51461988304094,61.40350877192983,11.11111111111111
E00069449,118,38,8,30,80,71,9,32.20338983050847,6.779661016949152,25.423728813559322,67.79661016949152,60.16949152542372,7.627118644067797
E00069450,129,33,11,22,96,87,9,25.581395348837212,8.527131782945736,17.05426356589147,74.4186046511628,67.44186046511628,6.976744186046512
E00069451,173,59,19,40,114,107,7,34.104046242774565,10.982658959537572,23.121387283236995,65.89595375722543,61.849710982658955,4.046242774566474
E00069452,122,53,13,40,69,65,4,43.44262295081967,10.655737704918032,32.78688524590164,56.557377049180324,53.278688524590166,3.278688524590164
E00069453,158,52,18,34,106,92,14,32.91139240506329,11.39240506329114,21.518987341772153,67.08860759493672,58.22784810126582,8.860759493670885
E00069456,125,44,6,38,81,76,5,35.199999999999996,4.8,30.4,64.8,60.8,4
E00069457,131,38,7,31,93,84,9,29.00763358778626,5.343511450381679,23.66412213740458,70.99236641221374,64.12213740458014,6.870229007633588
E00069458,158,54,11,43,104,96,8,34.177215189873415,6.962025316455696,27.21518987341772,65.82278481012658,60.75949367088608,5.063291139240507
E00069459,103,26,6,20,77,77,0,25.24271844660194,5.825242718446602,19.41747572815534,74.75728155339806,74.75728155339806,0
E00069460,181,56,15,41,125,114,11,30.939226519337016,8.287292817679557,22.65193370165746,69.06077348066299,62.98342541436463,6.077348066298343
E00069461,142,44,9,35,98,86,12,30.985915492957744,6.338028169014084,24.647887323943664,69.01408450704226,60.56338028169014,8.450704225352112
E00069462,130,35,11,24,95,82,13,26.923076923076923,8.461538461538462,18.461538461538463,73.07692307692307,63.07692307692307,10
E00069463,201,67,26,41,134,129,5,33.33333333333333,12.935323383084576,20.398009950248756,66.66666666666666,64.17910447761194,2.4875621890547266
E00069464,124,40,4,36,84,74,10,32.25806451612903,3.225806451612903,29.03225806451613,67.74193548387096,59.67741935483871,8.064516129032258
E00069465,197,64,15,49,133,114,19,32.48730964467005,7.614213197969544,24.873096446700508,67.51269035532995,57.868020304568525,9.644670050761421
E00069466,131,42,9,33,89,80,9,32.06106870229007,6.870229007633588,25.190839694656486,67.93893129770993,61.06870229007634,6.870229007633588
E00069467,209,60,16,44,149,135,14,28.708133971291865,7.655502392344498,21.052631578947366,71.29186602870813,64.5933014354067,6.698564593301436
E00069468,135,43,15,28,92,84,8,31.851851851851855,11.11111111111111,20.74074074074074,68.14814814814815,62.22222222222222,5.9259259259259265
E00069469,168,59,20,39,109,103,6,35.11904761904761,11.904761904761903,23.214285714285715,64.88095238095238,61.30952380952381,3.571428571428571
E00069470,213,70,21,49,143,131,12,32.863849765258216,9.859154929577464,23.004694835680752,67.13615023474179,61.502347417840376,5.633802816901409
E00069471,87,34,8,26,53,49,4,39.08045977011494,9.195402298850574,29.88505747126437,60.91954022988506,56.32183908045977,4.597701149425287
E00069472,33,5,2,3,28,22,6,15.151515151515152,6.0606060606060606,9.090909090909092,84.84848484848484,66.66666666666666,18.181818181818183
E00069473,190,73,12,61,117,106,11,38.421052631578945,6.315789473684211,32.10526315789474,61.578947368421055,55.78947368421052,5.7894736842105265
E00069474,201,85,30,55,116,105,11,42.28855721393035,14.925373134328357,27.363184079601986,57.711442786069654,52.23880597014925,5.472636815920398
E00069475,66,25,8,17,41,39,2,37.878787878787875,12.121212121212121,25.757575757575758,62.121212121212125,59.09090909090909,3.0303030303030303
E00069476,191,71,15,56,120,108,12,37.17277486910995,7.853403141361256,29.31937172774869,62.82722513089005,56.54450261780105,6.282722513089005
E00069477,148,58,11,47,90,79,11,39.189189189189186,7.4324324324324325,31.756756756756754,60.810810810810814,53.37837837837838,7.4324324324324325
E00069478,106,36,10,26,70,62,8,33.9622641509434,9.433962264150944,24.528301886792452,66.0377358490566,58.490566037735846,7.547169811320755
E00069479,137,53,13,40,84,77,7,38.68613138686132,9.48905109489051,29.1970802919708,61.31386861313869,56.20437956204379,5.109489051094891
E00069480,145,59,14,45,86,73,13,40.689655172413794,9.655172413793103,31.03448275862069,59.310344827586206,50.3448275862069,8.96551724137931
E00069481,225,51,15,36,174,162,12,22.666666666666664,6.666666666666667,16,77.33333333333333,72,5.333333333333334
E00069482,200,61,26,35,139,122,17,30.5,13,17.5,69.5,61,8.5
E00069483,206,83,42,41,123,109,14,40.29126213592233,20.388349514563107,19.902912621359224,59.70873786407766,52.9126213592233,6.796116504854369
E00069484,217,56,27,29,161,148,13,25.806451612903224,12.442396313364055,13.36405529953917,74.19354838709677,68.20276497695853,5.990783410138248
E00069485,208,43,13,30,165,154,11,20.673076923076923,6.25,14.423076923076922,79.32692307692307,74.03846153846155,5.288461538461538
E00069486,176,45,17,28,131,121,10,25.568181818181817,9.659090909090908,15.909090909090908,74.43181818181817,68.75,5.681818181818182
E00069487,182,41,10,31,141,129,12,22.52747252747253,5.4945054945054945,17.032967032967033,77.47252747252747,70.87912087912088,6.593406593406594
E00069489,140,45,19,26,95,87,8,32.142857142857146,13.571428571428571,18.571428571428573,67.85714285714286,62.142857142857146,5.714285714285714
E00069490,188,54,24,30,134,122,12,28.723404255319153,12.76595744680851,15.957446808510639,71.27659574468085,64.8936170212766,6.382978723404255
E00069492,153,48,14,34,105,96,9,31.372549019607842,9.15032679738562,22.22222222222222,68.62745098039215,62.745098039215684,5.88235294117647
E00069493,140,50,16,34,90,80,10,35.714285714285715,11.428571428571429,24.285714285714285,64.28571428571429,57.14285714285714,7.142857142857142
E00069494,161,39,16,23,122,113,9,24.22360248447205,9.937888198757763,14.285714285714285,75.77639751552795,70.1863354037267,5.590062111801243
E00069495,163,37,13,24,126,114,12,22.699386503067483,7.975460122699387,14.723926380368098,77.30061349693251,69.93865030674846,7.361963190184049
E00069496,148,49,26,23,99,91,8,33.108108108108105,17.56756756756757,15.54054054054054,66.8918918918919,61.48648648648649,5.405405405405405
E00069497,175,53,21,32,122,109,13,30.28571428571429,12,18.285714285714285,69.71428571428572,62.28571428571429,7.428571428571429
E00069498,196,47,8,39,149,133,16,23.97959183673469,4.081632653061225,19.897959183673468,76.0204081632653,67.85714285714286,8.16326530612245
E00069499,172,50,18,32,122,108,14,29.069767441860467,10.465116279069768,18.6046511627907,70.93023255813954,62.7906976744186,8.13953488372093
E00069500,186,60,22,38,126,116,10,32.25806451612903,11.827956989247312,20.43010752688172,67.74193548387096,62.365591397849464,5.376344086021505
E00069501,124,27,8,19,97,85,12,21.774193548387096,6.451612903225806,15.32258064516129,78.2258064516129,68.54838709677419,9.67741935483871
E00069502,150,36,10,26,114,111,3,24,6.666666666666667,17.333333333333336,76,74,2
E00069503,99,33,11,22,66,62,4,33.33333333333333,11.11111111111111,22.22222222222222,66.66666666666666,62.62626262626263,4.040404040404041
E00069505,132,37,7,30,95,83,12,28.030303030303028,5.303030303030303,22.727272727272727,71.96969696969697,62.878787878787875,9.090909090909092
E00069506,180,46,18,28,134,120,14,25.555555555555554,10,15.555555555555555,74.44444444444444,66.66666666666666,7.777777777777778
E00069507,198,63,19,44,135,122,13,31.818181818181817,9.595959595959595,22.22222222222222,68.18181818181817,61.61616161616161,6.565656565656567
E00069508,165,40,8,32,125,118,7,24.242424242424242,4.848484848484849,19.393939393939394,75.75757575757575,71.51515151515152,4.242424242424243
E00069509,128,30,10,20,98,89,9,23.4375,7.8125,15.625,76.5625,69.53125,7.03125
E00069510,228,73,27,46,155,142,13,32.01754385964912,11.842105263157894,20.175438596491226,67.98245614035088,62.28070175438597,5.701754385964912
E00069511,194,43,20,23,151,127,24,22.164948453608247,10.309278350515463,11.855670103092782,77.83505154639175,65.4639175257732,12.371134020618557
E00069512,197,80,35,45,117,103,14,40.609137055837564,17.766497461928935,22.84263959390863,59.390862944162436,52.28426395939086,7.1065989847715745
E00069513,154,43,16,27,111,96,15,27.92207792207792,10.38961038961039,17.532467532467532,72.07792207792207,62.33766233766234,9.740259740259742
E00069514,179,43,17,26,136,129,7,24.022346368715084,9.497206703910614,14.52513966480447,75.97765363128491,72.06703910614524,3.910614525139665
E00069515,156,36,8,28,120,96,24,23.076923076923077,5.128205128205128,17.94871794871795,76.92307692307693,61.53846153846154,15.384615384615385
E00069516,217,65,22,43,152,137,15,29.953917050691242,10.138248847926267,19.81566820276498,70.04608294930875,63.133640552995395,6.912442396313365
E00069517,167,60,22,38,107,89,18,35.92814371257485,13.17365269461078,22.75449101796407,64.07185628742515,53.293413173652695,10.778443113772456
E00069518,169,36,12,24,133,118,15,21.301775147928996,7.100591715976331,14.201183431952662,78.69822485207101,69.8224852071006,8.875739644970414
E00069519,200,51,20,31,149,120,29,25.5,10,15.5,74.5,60,14.499999999999998
E00069520,181,46,13,33,135,123,12,25.41436464088398,7.18232044198895,18.23204419889503,74.58563535911603,67.95580110497238,6.629834254143646
E00069521,179,60,21,39,119,109,10,33.5195530726257,11.731843575418994,21.787709497206702,66.4804469273743,60.893854748603346,5.58659217877095
E00069522,141,21,8,13,120,109,11,14.893617021276595,5.673758865248227,9.219858156028367,85.1063829787234,77.30496453900709,7.801418439716312
E00069523,183,49,15,34,134,124,10,26.775956284153008,8.19672131147541,18.579234972677597,73.224043715847,67.75956284153006,5.46448087431694
E00069524,183,61,25,36,122,110,12,33.33333333333333,13.661202185792352,19.672131147540984,66.66666666666666,60.10928961748634,6.557377049180328
E00069525,163,43,22,21,120,103,17,26.380368098159508,13.496932515337424,12.883435582822086,73.61963190184049,63.190184049079754,10.429447852760736
E00069526,125,44,18,26,81,71,10,35.199999999999996,14.399999999999999,20.8,64.8,56.8,8
E00069527,157,40,11,29,117,105,12,25.477707006369428,7.006369426751593,18.471337579617835,74.52229299363057,66.87898089171973,7.643312101910828
E00069528,134,44,12,32,90,78,12,32.83582089552239,8.955223880597014,23.88059701492537,67.16417910447761,58.2089552238806,8.955223880597014
E00069529,154,50,17,33,104,93,11,32.467532467532465,11.03896103896104,21.428571428571427,67.53246753246754,60.3896103896104,7.142857142857142
E00069530,155,34,11,23,121,109,12,21.935483870967744,7.096774193548387,14.838709677419354,78.06451612903226,70.3225806451613,7.741935483870968
E00069531,179,52,16,36,127,108,19,29.05027932960894,8.938547486033519,20.11173184357542,70.94972067039106,60.33519553072626,10.614525139664805
E00069532,122,33,14,19,89,76,13,27.049180327868854,11.475409836065573,15.573770491803279,72.95081967213115,62.295081967213115,10.655737704918032
E00069533,160,37,11,26,123,112,11,23.125,6.875000000000001,16.25,76.875,70,6.875000000000001
E00069534,119,38,12,26,81,80,1,31.932773109243694,10.084033613445378,21.84873949579832,68.0672268907563,67.22689075630252,0.8403361344537815
E00069535,176,52,18,34,124,108,16,29.545454545454547,10.227272727272728,19.318181818181817,70.45454545454545,61.36363636363637,9.090909090909092
E00069536,178,63,25,38,115,95,20,35.39325842696629,14.04494382022472,21.34831460674157,64.60674157303372,53.37078651685393,11.235955056179774
E00069537,150,35,11,24,115,95,20,23.333333333333332,7.333333333333333,16,76.66666666666667,63.33333333333333,13.333333333333334
E00069538,151,46,16,30,105,94,11,30.4635761589404,10.596026490066226,19.867549668874172,69.5364238410596,62.251655629139066,7.28476821192053
E00069539,148,39,12,27,109,96,13,26.351351351351347,8.108108108108109,18.243243243243242,73.64864864864865,64.86486486486487,8.783783783783784
E00069540,160,52,22,30,108,88,20,32.5,13.750000000000002,18.75,67.5,55.00000000000001,12.5
E00069541,169,30,11,19,139,121,18,17.75147928994083,6.508875739644971,11.242603550295858,82.24852071005917,71.59763313609467,10.650887573964498
E00069542,138,30,8,22,108,97,11,21.73913043478261,5.797101449275362,15.942028985507244,78.26086956521739,70.28985507246377,7.971014492753622
E00069543,118,16,6,10,102,93,9,13.559322033898304,5.084745762711865,8.47457627118644,86.4406779661017,78.8135593220339,7.627118644067797
E00069544,174,52,16,36,122,108,14,29.88505747126437,9.195402298850574,20.689655172413794,70.11494252873564,62.06896551724138,8.045977011494253
E00069545,164,47,12,35,117,103,14,28.65853658536585,7.317073170731707,21.341463414634145,71.34146341463415,62.80487804878049,8.536585365853659
E00069546,149,43,11,32,106,96,10,28.859060402684566,7.38255033557047,21.476510067114095,71.14093959731544,64.42953020134227,6.7114093959731544
E00165824,74,22,6,16,52,47,5,29.72972972972973,8.108108108108109,21.62162162162162,70.27027027027027,63.51351351351351,6.756756756756757
E00165826,146,44,14,30,102,85,17,30.136986301369863,9.58904109589041,20.54794520547945,69.86301369863014,58.21917808219178,11.643835616438356
E00165827,162,59,14,45,103,95,8,36.41975308641975,8.641975308641975,27.77777777777778,63.580246913580254,58.64197530864198,4.938271604938271
E00165830,133,42,11,31,91,80,11,31.57894736842105,8.270676691729323,23.308270676691727,68.42105263157895,60.150375939849624,8.270676691729323
E00168083,136,36,22,14,100,86,14,26.47058823529412,16.176470588235293,10.294117647058822,73.52941176470588,63.23529411764706,10.294117647058822
E00168087,164,29,10,19,135,109,26,17.682926829268293,6.097560975609756,11.585365853658537,82.3170731707317,66.46341463414635,15.853658536585366
E00168090,104,37,10,27,67,63,4,35.57692307692308,9.615384615384617,25.961538461538463,64.42307692307693,60.57692307692307,3.8461538461538463
E00168091,162,68,33,35,94,89,5,41.9753086419753,20.37037037037037,21.604938271604937,58.0246913580247,54.93827160493827,3.0864197530864197
E00168093,143,60,34,26,83,68,15,41.95804195804196,23.776223776223777,18.181818181818183,58.04195804195804,47.55244755244755,10.48951048951049
E00168094,65,28,15,13,37,33,4,43.07692307692308,23.076923076923077,20,56.92307692307692,50.76923076923077,6.153846153846154
E00168096,77,43,25,18,34,32,2,55.84415584415584,32.467532467532465,23.376623376623375,44.15584415584416,41.55844155844156,2.5974025974025974
E00168097,110,49,11,38,61,60,1,44.54545454545455,10,34.54545454545455,55.45454545454545,54.54545454545454,0.9090909090909091
E00168099,78,23,8,15,55,52,3,29.48717948717949,10.256410256410255,19.230769230769234,70.51282051282051,66.66666666666666,3.8461538461538463
E00168101,85,20,4,16,65,60,5,23.52941176470588,4.705882352941177,18.823529411764707,76.47058823529412,70.58823529411765,5.88235294117647
E00168102,152,41,10,31,111,104,7,26.973684210526315,6.578947368421052,20.394736842105264,73.02631578947368,68.42105263157895,4.605263157894736
E00168104,136,57,11,46,79,74,5,41.911764705882355,8.088235294117647,33.82352941176471,58.08823529411765,54.41176470588235,3.6764705882352944
E00168105,136,64,16,48,72,66,6,47.05882352941176,11.76470588235294,35.294117647058826,52.94117647058824,48.529411764705884,4.411764705882353
E00168107,36,13,4,9,23,22,1,36.11111111111111,11.11111111111111,25,63.888888888888886,61.111111111111114,2.7777777777777777
E00168108,171,81,16,65,90,83,7,47.368421052631575,9.35672514619883,38.01169590643275,52.63157894736842,48.53801169590643,4.093567251461988
E00168110,196,98,25,73,98,94,4,50,12.755102040816327,37.244897959183675,50,47.95918367346938,2.0408163265306123
E00169037,132,71,28,43,61,57,4,53.78787878787878,21.21212121212121,32.57575757575758,46.21212121212121,43.18181818181818,3.0303030303030303
E00169038,150,78,31,47,72,72,0,52,20.666666666666668,31.333333333333336,48,48,0
E00169040,170,86,28,58,84,77,7,50.588235294117645,16.470588235294116,34.11764705882353,49.411764705882355,45.294117647058826,4.117647058823529
E00169041,73,29,11,18,44,40,4,39.726027397260275,15.068493150684931,24.65753424657534,60.273972602739725,54.794520547945204,5.47945205479452
E00169043,93,60,34,26,33,33,0,64.51612903225806,36.55913978494624,27.956989247311824,35.483870967741936,35.483870967741936,0
E00169044,148,38,6,32,110,107,3,25.675675675675674,4.054054054054054,21.62162162162162,74.32432432432432,72.2972972972973,2.027027027027027
E00169046,185,59,14,45,126,115,11,31.891891891891895,7.567567567567568,24.324324324324326,68.10810810810811,62.16216216216216,5.9459459459459465
E00169048,214,94,54,40,120,109,11,43.925233644859816,25.233644859813083,18.69158878504673,56.074766355140184,50.93457943925234,5.14018691588785
E00169049,184,49,12,37,135,118,17,26.6304347826087,6.521739130434782,20.108695652173914,73.36956521739131,64.13043478260869,9.239130434782608
E00169051,164,37,9,28,127,118,9,22.5609756097561,5.487804878048781,17.073170731707318,77.4390243902439,71.95121951219512,5.487804878048781
E00169052,179,55,12,43,124,115,9,30.726256983240223,6.70391061452514,24.022346368715084,69.27374301675978,64.24581005586593,5.027932960893855
E00169054,196,57,16,41,139,129,10,29.081632653061224,8.16326530612245,20.918367346938776,70.91836734693877,65.81632653061224,5.1020408163265305
E00169055,111,47,15,32,64,57,7,42.34234234234234,13.513513513513514,28.82882882882883,57.65765765765766,51.35135135135135,6.306306306306306
E00169057,170,57,13,44,113,101,12,33.52941176470588,7.647058823529412,25.882352941176475,66.47058823529412,59.411764705882355,7.0588235294117645
E00169060,232,65,23,42,167,153,14,28.01724137931034,9.913793103448276,18.103448275862068,71.98275862068965,65.94827586206897,6.0344827586206895
E00169062,151,58,13,45,93,89,4,38.41059602649007,8.609271523178808,29.80132450331126,61.58940397350994,58.94039735099338,2.6490066225165565
E00169063,183,77,25,52,106,95,11,42.07650273224044,13.661202185792352,28.415300546448087,57.92349726775956,51.91256830601093,6.0109289617486334
E00169065,156,58,23,35,98,85,13,37.17948717948718,14.743589743589745,22.435897435897438,62.82051282051282,54.48717948717948,8.333333333333332
E00169444,82,41,24,17,41,36,5,50,29.268292682926827,20.73170731707317,50,43.90243902439025,6.097560975609756
E00169446,130,57,45,12,73,64,9,43.84615384615385,34.61538461538461,9.230769230769232,56.15384615384615,49.23076923076923,6.923076923076923
E00169447,92,25,9,16,67,59,8,27.173913043478258,9.782608695652174,17.391304347826086,72.82608695652173,64.13043478260869,8.695652173913043
E00169449,167,84,20,64,83,79,4,50.29940119760479,11.976047904191617,38.32335329341318,49.700598802395206,47.30538922155689,2.3952095808383236
E00169450,157,48,14,34,109,100,9,30.573248407643312,8.9171974522293,21.656050955414013,69.42675159235668,63.69426751592356,5.7324840764331215
E00169452,212,31,8,23,181,166,15,14.622641509433961,3.7735849056603774,10.849056603773585,85.37735849056604,78.30188679245283,7.0754716981132075
E00169457,153,39,20,19,114,93,21,25.49019607843137,13.071895424836603,12.418300653594772,74.50980392156863,60.78431372549019,13.725490196078432
E00169461,132,31,20,11,101,89,12,23.484848484848484,15.151515151515152,8.333333333333332,76.51515151515152,67.42424242424242,9.090909090909092
E00169464,198,91,17,74,107,99,8,45.95959595959596,8.585858585858585,37.37373737373738,54.04040404040404,50,4.040404040404041
E00169467,191,61,12,49,130,114,16,31.93717277486911,6.282722513089005,25.654450261780106,68.06282722513089,59.68586387434554,8.37696335078534
E00169469,144,52,13,39,92,87,5,36.11111111111111,9.027777777777777,27.083333333333332,63.888888888888886,60.416666666666664,3.4722222222222223
E00169471,132,39,8,31,93,82,11,29.545454545454547,6.0606060606060606,23.484848484848484,70.45454545454545,62.121212121212125,8.333333333333332
E00169472,58,15,4,11,43,40,3,25.862068965517242,6.896551724137931,18.96551724137931,74.13793103448276,68.96551724137932,5.172413793103448
E00169474,188,47,16,31,141,132,9,25,8.51063829787234,16.48936170212766,75,70.2127659574468,4.787234042553192
E00169475,166,37,7,30,129,125,4,22.289156626506024,4.216867469879518,18.072289156626507,77.71084337349397,75.30120481927712,2.4096385542168677
E00169477,153,67,27,40,86,81,5,43.790849673202615,17.647058823529413,26.143790849673206,56.209150326797385,52.94117647058824,3.2679738562091507
E00169478,139,55,16,39,84,78,6,39.568345323741006,11.510791366906476,28.05755395683453,60.431654676258994,56.11510791366906,4.316546762589928
E00169485,84,45,10,35,39,38,1,53.57142857142857,11.904761904761903,41.66666666666667,46.42857142857143,45.23809523809524,1.1904761904761905
E00169489,123,37,10,27,86,71,15,30.081300813008134,8.130081300813007,21.951219512195124,69.91869918699187,57.72357723577236,12.195121951219512
E00169492,183,53,11,42,130,123,7,28.96174863387978,6.0109289617486334,22.950819672131146,71.03825136612022,67.21311475409836,3.825136612021858
E00169494,231,94,22,72,137,128,9,40.692640692640694,9.523809523809524,31.16883116883117,59.307359307359306,55.41125541125541,3.896103896103896
E00169495,101,30,12,18,71,70,1,29.7029702970297,11.881188118811881,17.82178217821782,70.29702970297029,69.3069306930693,0.9900990099009901
E00169497,321,70,23,47,251,223,28,21.806853582554517,7.165109034267912,14.641744548286603,78.19314641744548,69.47040498442367,8.722741433021806
E00169499,161,44,15,29,117,99,18,27.32919254658385,9.316770186335404,18.012422360248447,72.67080745341616,61.49068322981367,11.180124223602485
E00169500,99,37,15,22,62,57,5,37.37373737373738,15.151515151515152,22.22222222222222,62.62626262626263,57.57575757575758,5.05050505050505
E00169505,200,53,16,37,147,127,20,26.5,8,18.5,73.5,63.5,10
E00169506,188,77,19,58,111,106,5,40.95744680851064,10.106382978723403,30.851063829787233,59.04255319148937,56.38297872340425,2.6595744680851063
E00169508,199,67,24,43,132,115,17,33.66834170854271,12.060301507537687,21.608040201005025,66.33165829145729,57.78894472361809,8.542713567839195
E00169509,163,41,14,27,122,112,10,25.153374233128833,8.588957055214724,16.56441717791411,74.84662576687117,68.71165644171779,6.134969325153374
E00169511,95,20,3,17,75,69,6,21.052631578947366,3.1578947368421053,17.894736842105264,78.94736842105263,72.63157894736842,6.315789473684211
E00169513,130,46,15,31,84,74,10,35.38461538461539,11.538461538461538,23.846153846153847,64.61538461538461,56.92307692307692,7.6923076923076925
E00169516,206,62,20,42,144,144,0,30.097087378640776,9.70873786407767,20.388349514563107,69.90291262135922,69.90291262135922,0
E00169517,74,28,12,16,46,43,3,37.83783783783784,16.216216216216218,21.62162162162162,62.16216216216216,58.108108108108105,4.054054054054054
E00169519,98,29,8,21,69,63,6,29.591836734693878,8.16326530612245,21.428571428571427,70.40816326530613,64.28571428571429,6.122448979591836
E00169520,228,74,19,55,154,152,2,32.45614035087719,8.333333333333332,24.12280701754386,67.54385964912281,66.66666666666666,0.8771929824561403
E00169522,191,67,19,48,124,118,6,35.07853403141361,9.947643979057592,25.13089005235602,64.92146596858639,61.78010471204188,3.1413612565445024
E00169523,177,83,23,60,94,85,9,46.89265536723164,12.994350282485875,33.89830508474576,53.10734463276836,48.0225988700565,5.084745762711865
E00169525,113,36,6,30,77,77,0,31.858407079646017,5.3097345132743365,26.548672566371685,68.14159292035397,68.14159292035397,0
E00169530,79,22,13,9,57,53,4,27.848101265822784,16.455696202531644,11.39240506329114,72.15189873417721,67.08860759493672,5.063291139240507
E00169531,128,36,8,28,92,87,5,28.125,6.25,21.875,71.875,67.96875,3.90625
E00169533,266,51,19,32,215,196,19,19.172932330827066,7.142857142857142,12.030075187969924,80.82706766917293,73.68421052631578,7.142857142857142
E00169534,66,29,12,17,37,30,7,43.93939393939394,18.181818181818183,25.757575757575758,56.060606060606055,45.45454545454545,10.606060606060606
E00169536,140,60,23,37,80,69,11,42.857142857142854,16.428571428571427,26.42857142857143,57.14285714285714,49.28571428571429,7.857142857142857
E00169537,143,52,17,35,91,86,5,36.36363636363637,11.888111888111888,24.475524475524477,63.63636363636363,60.13986013986013,3.4965034965034967
E00169539,242,58,24,34,184,175,9,23.96694214876033,9.917355371900827,14.049586776859504,76.03305785123968,72.31404958677686,3.71900826446281
E00169541,226,62,20,42,164,128,36,27.43362831858407,8.849557522123893,18.58407079646018,72.56637168141593,56.63716814159292,15.929203539823009
E00169542,202,45,24,21,157,139,18,22.277227722772277,11.881188118811881,10.396039603960396,77.72277227722772,68.8118811881188,8.91089108910891
E00169544,218,58,17,41,160,133,27,26.605504587155966,7.79816513761468,18.807339449541285,73.39449541284404,61.00917431192661,12.385321100917432
E00169545,94,34,14,20,60,57,3,36.17021276595745,14.893617021276595,21.27659574468085,63.829787234042556,60.63829787234043,3.1914893617021276
E00169548,63,29,7,22,34,30,4,46.03174603174603,11.11111111111111,34.92063492063492,53.96825396825397,47.61904761904761,6.349206349206349
E00169550,118,28,9,19,90,83,7,23.728813559322035,7.627118644067797,16.101694915254235,76.27118644067797,70.33898305084746,5.932203389830509
E00169551,142,42,19,23,100,91,9,29.577464788732392,13.380281690140844,16.19718309859155,70.4225352112676,64.08450704225352,6.338028169014084
E00169553,96,67,47,20,29,24,5,69.79166666666666,48.95833333333333,20.833333333333336,30.208333333333332,25,5.208333333333334
E00169555,168,52,21,31,116,106,10,30.952380952380953,12.5,18.452380952380953,69.04761904761905,63.095238095238095,5.952380952380952
E00169556,219,83,29,54,136,126,10,37.89954337899543,13.24200913242009,24.65753424657534,62.10045662100456,57.534246575342465,4.5662100456621
E00169558,208,66,21,45,142,129,13,31.73076923076923,10.096153846153847,21.634615384615387,68.26923076923077,62.019230769230774,6.25
E00169559,198,57,10,47,141,127,14,28.78787878787879,5.05050505050505,23.737373737373737,71.21212121212122,64.14141414141415,7.07070707070707
E00169561,180,65,24,41,115,103,12,36.11111111111111,13.333333333333334,22.77777777777778,63.888888888888886,57.22222222222222,6.666666666666667
E00169562,182,62,24,38,120,110,10,34.065934065934066,13.186813186813188,20.87912087912088,65.93406593406593,60.43956043956044,5.4945054945054945
E00169564,108,46,15,31,62,56,6,42.592592592592595,13.88888888888889,28.703703703703702,57.407407407407405,51.85185185185185,5.555555555555555
E00169565,74,22,8,14,52,47,5,29.72972972972973,10.81081081081081,18.91891891891892,70.27027027027027,63.51351351351351,6.756756756756757
E00169569,187,58,21,37,129,111,18,31.016042780748666,11.229946524064172,19.786096256684495,68.98395721925134,59.35828877005348,9.62566844919786
E00169573,221,70,17,53,151,139,12,31.674208144796378,7.6923076923076925,23.981900452488688,68.32579185520362,62.89592760180995,5.429864253393665
E00178460,107,42,13,29,65,50,15,39.25233644859813,12.149532710280374,27.102803738317753,60.747663551401864,46.728971962616825,14.018691588785046
E00178461,133,72,20,52,61,55,6,54.13533834586466,15.037593984962406,39.097744360902254,45.86466165413533,41.35338345864661,4.511278195488721
E00178464,172,33,14,19,139,116,23,19.186046511627907,8.13953488372093,11.046511627906977,80.81395348837209,67.44186046511628,13.372093023255813
E00178465,100,25,10,15,75,64,11,25,10,15,75,64,11
E00178466,178,115,64,51,63,60,3,64.60674157303372,35.95505617977528,28.651685393258425,35.39325842696629,33.70786516853933,1.6853932584269662
E00178469,245,80,23,57,165,146,19,32.6530612244898,9.387755102040817,23.26530612244898,67.3469387755102,59.591836734693885,7.755102040816326
E00178471,148,51,10,41,97,89,8,34.45945945945946,6.756756756756757,27.7027027027027,65.54054054054053,60.13513513513513,5.405405405405405
E00178473,165,45,17,28,120,106,14,27.27272727272727,10.303030303030303,16.969696969696972,72.72727272727273,64.24242424242425,8.484848484848486
E00178474,234,63,19,44,171,163,8,26.923076923076923,8.11965811965812,18.803418803418804,73.07692307692307,69.65811965811966,3.418803418803419
E00178476,200,71,18,53,129,117,12,35.5,9,26.5,64.5,58.5,6
E00178477,113,36,8,28,77,69,8,31.858407079646017,7.079646017699115,24.778761061946902,68.14159292035397,61.06194690265486,7.079646017699115
E00178481,164,37,13,24,127,110,17,22.5609756097561,7.926829268292683,14.634146341463413,77.4390243902439,67.07317073170732,10.365853658536585
E00178485,114,49,16,33,65,63,2,42.98245614035088,14.035087719298245,28.947368421052634,57.01754385964912,55.26315789473685,1.7543859649122806
E00178487,190,68,23,45,122,117,5,35.78947368421053,12.105263157894736,23.684210526315788,64.21052631578948,61.578947368421055,2.631578947368421
E00178488,142,74,50,24,68,63,5,52.112676056338024,35.2112676056338,16.901408450704224,47.88732394366197,44.36619718309859,3.5211267605633805
E00178489,92,36,12,24,56,53,3,39.130434782608695,13.043478260869565,26.08695652173913,60.86956521739131,57.608695652173914,3.260869565217391
E00178491,193,62,14,48,131,123,8,32.12435233160622,7.253886010362693,24.870466321243523,67.87564766839378,63.730569948186535,4.145077720207254
E00178494,133,45,20,25,88,82,6,33.83458646616541,15.037593984962406,18.796992481203006,66.16541353383458,61.65413533834586,4.511278195488721
E00178495,201,127,90,37,74,67,7,63.18407960199005,44.776119402985074,18.407960199004975,36.81592039800995,33.33333333333333,3.482587064676617
E00178498,121,48,26,22,73,65,8,39.66942148760331,21.487603305785125,18.181818181818183,60.33057851239669,53.71900826446281,6.6115702479338845
E00178501,151,56,15,41,95,92,3,37.086092715231786,9.933774834437086,27.1523178807947,62.913907284768214,60.9271523178808,1.9867549668874174
E00178502,111,48,8,40,63,62,1,43.24324324324324,7.207207207207207,36.03603603603604,56.75675675675676,55.85585585585585,0.9009009009009009
E00178504,257,85,19,66,172,164,8,33.07392996108949,7.392996108949417,25.680933852140075,66.9260700389105,63.81322957198443,3.11284046692607
E00178505,80,26,11,15,54,50,4,32.5,13.750000000000002,18.75,67.5,62.5,5
E00178506,126,92,54,38,34,34,0,73.01587301587301,42.857142857142854,30.158730158730158,26.984126984126984,26.984126984126984,0
E00178507,146,50,11,39,96,92,4,34.24657534246575,7.534246575342466,26.71232876712329,65.75342465753424,63.013698630136986,2.73972602739726
E00178508,100,35,11,24,65,55,10,35,11,24,65,55.00000000000001,10
E00178509,85,25,12,13,60,54,6,29.411764705882355,14.117647058823529,15.294117647058824,70.58823529411765,63.52941176470588,7.0588235294117645
E00178510,61,26,8,18,35,31,4,42.62295081967213,13.114754098360656,29.508196721311474,57.377049180327866,50.81967213114754,6.557377049180328
E00178511,229,61,19,42,168,145,23,26.637554585152838,8.296943231441048,18.340611353711793,73.36244541484717,63.31877729257642,10.043668122270741
E00178512,79,19,7,12,60,53,7,24.050632911392405,8.860759493670885,15.18987341772152,75.9493670886076,67.08860759493672,8.860759493670885
E00178513,155,56,18,38,99,94,5,36.12903225806451,11.612903225806452,24.516129032258064,63.87096774193548,60.64516129032258,3.225806451612903
E00178516,95,37,17,20,58,52,6,38.94736842105263,17.894736842105264,21.052631578947366,61.05263157894737,54.736842105263165,6.315789473684211
E00178517,87,37,15,22,50,46,4,42.5287356321839,17.24137931034483,25.287356321839084,57.47126436781609,52.87356321839081,4.597701149425287
E00178519,275,128,23,105,147,136,11,46.54545454545455,8.363636363636363,38.18181818181819,53.45454545454545,49.45454545454545,4
E00178524,230,54,24,30,176,164,12,23.47826086956522,10.434782608695652,13.043478260869565,76.52173913043478,71.30434782608695,5.217391304347826
E00178528,55,18,9,9,37,33,4,32.72727272727273,16.363636363636363,16.363636363636363,67.27272727272727,60,7.2727272727272725
E00178529,109,17,8,9,92,80,12,15.59633027522936,7.339449541284404,8.256880733944955,84.40366972477065,73.39449541284404,11.009174311926607
E00178531,163,48,15,33,115,112,3,29.447852760736197,9.202453987730062,20.245398773006134,70.5521472392638,68.71165644171779,1.8404907975460123
E00178532,70,17,5,12,53,48,5,24.285714285714285,7.142857142857142,17.142857142857142,75.71428571428571,68.57142857142857,7.142857142857142
E00178533,234,93,25,68,141,139,2,39.743589743589745,10.683760683760683,29.059829059829063,60.256410256410255,59.401709401709404,0.8547008547008548
E00178534,226,86,15,71,140,127,13,38.05309734513274,6.637168141592921,31.41592920353982,61.94690265486725,56.19469026548673,5.752212389380531
E00178536,133,58,9,49,75,72,3,43.609022556390975,6.7669172932330826,36.84210526315789,56.390977443609025,54.13533834586466,2.2556390977443606
E00178537,151,90,56,34,61,56,5,59.60264900662252,37.086092715231786,22.516556291390728,40.397350993377486,37.086092715231786,3.3112582781456954
E00178538,84,22,5,17,62,53,9,26.190476190476193,5.952380952380952,20.238095238095237,73.80952380952381,63.095238095238095,10.714285714285714
E00178540,219,32,15,17,187,166,21,14.61187214611872,6.8493150684931505,7.76255707762557,85.38812785388129,75.79908675799086,9.58904109589041
E00178542,239,72,27,45,167,156,11,30.125523012552303,11.297071129707113,18.828451882845187,69.8744769874477,65.27196652719665,4.602510460251046
E00178545,68,21,12,9,47,39,8,30.88235294117647,17.647058823529413,13.23529411764706,69.11764705882352,57.35294117647059,11.76470588235294
E00178551,145,37,9,28,108,99,9,25.517241379310345,6.206896551724138,19.310344827586206,74.48275862068967,68.27586206896552,6.206896551724138
E00178552,164,69,35,34,95,86,9,42.073170731707314,21.341463414634145,20.73170731707317,57.92682926829268,52.4390243902439,5.487804878048781
E00178557,142,67,15,52,75,75,0,47.183098591549296,10.56338028169014,36.61971830985916,52.816901408450704,52.816901408450704,0
E00178559,306,79,27,52,227,202,25,25.816993464052292,8.823529411764707,16.99346405228758,74.18300653594771,66.01307189542483,8.169934640522875
E00178560,159,56,9,47,103,103,0,35.22012578616352,5.660377358490567,29.559748427672954,64.77987421383648,64.77987421383648,0
E00178563,91,39,8,31,52,49,3,42.857142857142854,8.791208791208792,34.065934065934066,57.14285714285714,53.84615384615385,3.296703296703297
E00178564,210,79,28,51,131,126,5,37.61904761904762,13.333333333333334,24.285714285714285,62.38095238095238,60,2.380952380952381
E00178566,180,61,20,41,119,108,11,33.88888888888889,11.11111111111111,22.77777777777778,66.11111111111111,60,6.111111111111111
E00178567,175,56,15,41,119,109,10,32,8.571428571428571,23.42857142857143,68,62.28571428571429,5.714285714285714
E00178568,154,51,8,43,103,91,12,33.116883116883116,5.194805194805195,27.92207792207792,66.88311688311688,59.09090909090909,7.792207792207792
E00178569,195,52,24,28,143,126,17,26.666666666666668,12.307692307692308,14.358974358974358,73.33333333333333,64.61538461538461,8.717948717948717
E00178570,247,78,23,55,169,152,17,31.57894736842105,9.31174089068826,22.267206477732792,68.42105263157895,61.53846153846154,6.882591093117409
E00178571,69,38,9,29,31,26,5,55.072463768115945,13.043478260869565,42.028985507246375,44.927536231884055,37.68115942028986,7.246376811594203
E00178572,75,13,3,10,62,52,10,17.333333333333336,4,13.333333333333334,82.66666666666667,69.33333333333334,13.333333333333334
E00178573,177,58,17,41,119,113,6,32.7683615819209,9.6045197740113,23.163841807909606,67.2316384180791,63.84180790960452,3.389830508474576
E00178575,137,65,30,35,72,63,9,47.44525547445255,21.897810218978105,25.547445255474454,52.55474452554745,45.98540145985402,6.569343065693431
E00178578,281,95,32,63,186,176,10,33.80782918149466,11.387900355871885,22.419928825622776,66.19217081850533,62.63345195729537,3.558718861209965
E00178579,153,58,19,39,95,89,6,37.908496732026144,12.418300653594772,25.49019607843137,62.091503267973856,58.16993464052288,3.9215686274509802
E00178580,200,63,21,42,137,131,6,31.5,10.5,21,68.5,65.5,3
E00178582,90,35,14,21,55,48,7,38.88888888888889,15.555555555555555,23.333333333333332,61.111111111111114,53.333333333333336,7.777777777777778
E00178583,58,26,7,19,32,30,2,44.827586206896555,12.068965517241379,32.758620689655174,55.172413793103445,51.724137931034484,3.4482758620689653
E00178586,123,61,10,51,62,58,4,49.59349593495935,8.130081300813007,41.46341463414634,50.40650406504065,47.15447154471545,3.2520325203252036
E00178587,88,42,13,29,46,41,5,47.72727272727273,14.772727272727273,32.95454545454545,52.27272727272727,46.590909090909086,5.681818181818182
E00178588,102,40,14,26,62,51,11,39.21568627450981,13.725490196078432,25.49019607843137,60.78431372549019,50,10.784313725490197
E00178589,124,37,8,29,87,78,9,29.838709677419356,6.451612903225806,23.387096774193548,70.16129032258065,62.903225806451616,7.258064516129033
E00178591,43,12,3,9,31,30,1,27.906976744186046,6.976744186046512,20.930232558139537,72.09302325581395,69.76744186046511,2.3255813953488373
E00178592,125,36,5,31,89,81,8,28.799999999999997,4,24.8,71.2,64.8,6.4
E00178595,126,29,8,21,97,91,6,23.015873015873016,6.349206349206349,16.666666666666664,76.98412698412699,72.22222222222221,4.761904761904762
E00178600,53,24,8,16,29,24,5,45.28301886792453,15.09433962264151,30.18867924528302,54.71698113207547,45.28301886792453,9.433962264150944
E00178601,96,27,8,19,69,59,10,28.125,8.333333333333332,19.791666666666664,71.875,61.458333333333336,10.416666666666668
E00178602,343,121,41,80,222,190,32,35.27696793002916,11.9533527696793,23.323615160349853,64.72303206997084,55.39358600583091,9.329446064139942
E00178604,187,69,9,60,118,113,5,36.898395721925134,4.81283422459893,32.085561497326204,63.101604278074866,60.42780748663101,2.6737967914438503
E00178607,148,60,20,40,88,83,5,40.54054054054054,13.513513513513514,27.027027027027028,59.45945945945946,56.08108108108109,3.3783783783783785
E00178608,123,60,12,48,63,62,1,48.78048780487805,9.75609756097561,39.02439024390244,51.21951219512195,50.40650406504065,0.8130081300813009
E00178612,117,53,11,42,64,59,5,45.2991452991453,9.401709401709402,35.8974358974359,54.700854700854705,50.427350427350426,4.273504273504273
E00178614,136,41,10,31,95,86,9,30.14705882352941,7.352941176470589,22.794117647058822,69.85294117647058,63.23529411764706,6.61764705882353
E00178615,194,49,10,39,145,135,10,25.257731958762886,5.154639175257731,20.103092783505154,74.74226804123711,69.58762886597938,5.154639175257731
E00178616,95,18,7,11,77,64,13,18.947368421052634,7.368421052631578,11.578947368421053,81.05263157894737,67.36842105263158,13.684210526315791
E00178620,54,27,9,18,27,25,2,50,16.666666666666664,33.33333333333333,50,46.2962962962963,3.7037037037037033
E00178623,210,150,89,61,60,55,5,71.42857142857143,42.38095238095238,29.04761904761905,28.57142857142857,26.190476190476193,2.380952380952381
E00178624,199,68,18,50,131,117,14,34.17085427135678,9.045226130653267,25.125628140703515,65.82914572864321,58.79396984924623,7.035175879396985
E00178626,108,35,16,19,73,65,8,32.407407407407405,14.814814814814813,17.59259259259259,67.5925925925926,60.18518518518518,7.4074074074074066
E00178627,107,47,23,24,60,53,7,43.925233644859816,21.49532710280374,22.429906542056074,56.074766355140184,49.532710280373834,6.5420560747663545
E00178628,131,29,12,17,102,90,12,22.137404580152673,9.16030534351145,12.977099236641221,77.86259541984732,68.70229007633588,9.16030534351145
E00178630,268,98,30,68,170,166,4,36.56716417910448,11.194029850746269,25.37313432835821,63.43283582089553,61.940298507462686,1.4925373134328357
E00178632,126,56,20,36,70,63,7,44.44444444444444,15.873015873015872,28.57142857142857,55.55555555555556,50,5.555555555555555
E00178635,524,347,225,122,177,164,13,66.22137404580153,42.93893129770993,23.282442748091604,33.778625954198475,31.297709923664126,2.480916030534351
