OA,ts0590001,ts0590002,ts0590003,ts0590004,ts0590005,ts0590006,ts0590007,ts0590002_PCT,ts0590003_PCT,ts0590004_PCT,ts0590005_PCT,ts0590006_PCT,ts0590007_PCT
E00099099,128,42,13,29,86,68,18,32.8125,10.15625,22.65625,67.1875,53.125,14.0625
E00099100,122,40,13,27,82,64,18,32.78688524590164,10.655737704918032,22.131147540983605,67.21311475409836,52.459016393442624,14.754098360655737
E00099101,161,58,20,38,103,85,18,36.024844720496894,12.422360248447205,23.60248447204969,63.975155279503106,52.79503105590062,11.180124223602485
E00099102,130,49,12,37,81,65,16,37.69230769230769,9.230769230769232,28.46153846153846,62.30769230769231,50,12.307692307692308
E00099103,193,55,21,34,138,103,35,28.497409326424872,10.880829015544041,17.616580310880828,71.50259067357513,53.36787564766839,18.134715025906736
E00099104,129,40,15,25,89,74,15,31.007751937984494,11.627906976744185,19.379844961240313,68.9922480620155,57.36434108527132,11.627906976744185
E00099105,85,31,13,18,54,46,8,36.470588235294116,15.294117647058824,21.176470588235293,63.52941176470588,54.11764705882353,9.411764705882353
E00099106,123,35,20,15,88,70,18,28.455284552845526,16.260162601626014,12.195121951219512,71.54471544715447,56.91056910569105,14.634146341463413
E00099107,184,56,17,39,128,104,24,30.434782608695656,9.239130434782608,21.195652173913043,69.56521739130434,56.52173913043478,13.043478260869565
E00099108,169,61,20,41,108,77,31,36.09467455621302,11.834319526627219,24.2603550295858,63.905325443786985,45.562130177514796,18.34319526627219
E00099109,109,48,9,39,61,53,8,44.03669724770643,8.256880733944955,35.77981651376147,55.96330275229357,48.62385321100918,7.339449541284404
E00099110,85,30,9,21,55,41,14,35.294117647058826,10.588235294117647,24.705882352941178,64.70588235294117,48.23529411764706,16.470588235294116
E00099111,127,48,20,28,79,47,32,37.79527559055118,15.748031496062993,22.04724409448819,62.20472440944882,37.00787401574803,25.196850393700785
E00099112,185,60,22,38,125,101,24,32.432432432432435,11.891891891891893,20.54054054054054,67.56756756756756,54.59459459459459,12.972972972972974
E00099113,229,93,30,63,136,108,28,40.61135371179039,13.100436681222707,27.510917030567683,59.388646288209614,47.161572052401745,12.22707423580786
E00099115,133,48,20,28,85,71,14,36.09022556390977,15.037593984962406,21.052631578947366,63.90977443609023,53.383458646616546,10.526315789473683
E00099117,133,41,20,21,92,72,20,30.82706766917293,15.037593984962406,15.789473684210526,69.17293233082707,54.13533834586466,15.037593984962406
E00099118,199,64,23,41,135,111,24,32.1608040201005,11.557788944723619,20.603015075376884,67.8391959798995,55.778894472361806,12.060301507537687
E00099119,153,56,20,36,97,80,17,36.60130718954248,13.071895424836603,23.52941176470588,63.39869281045751,52.28758169934641,11.11111111111111
E00099120,317,85,21,64,232,184,48,26.813880126182966,6.624605678233439,20.189274447949526,73.18611987381703,58.0441640378549,15.141955835962145
E00099121,148,44,17,27,104,85,19,29.72972972972973,11.486486486486488,18.243243243243242,70.27027027027027,57.432432432432435,12.837837837837837
E00099122,96,29,8,21,67,58,9,30.208333333333332,8.333333333333332,21.875,69.79166666666666,60.416666666666664,9.375
E00099123,195,51,14,37,144,117,27,26.153846153846157,7.179487179487179,18.974358974358974,73.84615384615385,60,13.846153846153847
E00099124,150,45,14,31,105,87,18,30,9.333333333333334,20.666666666666668,70,57.99999999999999,12
E00099125,96,32,9,23,64,47,17,33.33333333333333,9.375,23.958333333333336,66.66666666666666,48.95833333333333,17.708333333333336
E00099126,137,44,19,25,93,71,22,32.11678832116788,13.86861313868613,18.248175182481752,67.88321167883211,51.82481751824818,16.05839416058394
E00099127,82,27,6,21,55,38,17,32.926829268292686,7.317073170731707,25.609756097560975,67.07317073170732,46.34146341463415,20.73170731707317
E00099128,123,49,15,34,74,62,12,39.83739837398374,12.195121951219512,27.64227642276423,60.16260162601627,50.40650406504065,9.75609756097561
E00099129,72,25,16,9,47,42,5,34.72222222222222,22.22222222222222,12.5,65.27777777777779,58.333333333333336,6.944444444444445
E00099130,63,20,7,13,43,35,8,31.746031746031743,11.11111111111111,20.634920634920633,68.25396825396825,55.55555555555556,12.698412698412698
E00099131,69,32,13,19,37,32,5,46.3768115942029,18.84057971014493,27.536231884057973,53.62318840579711,46.3768115942029,7.246376811594203
E00099132,84,29,11,18,55,48,7,34.523809523809526,13.095238095238097,21.428571428571427,65.47619047619048,57.14285714285714,8.333333333333332
E00099133,143,49,20,29,94,80,14,34.26573426573427,13.986013986013987,20.27972027972028,65.73426573426573,55.94405594405595,9.79020979020979
E00099134,89,39,18,21,50,44,6,43.82022471910113,20.224719101123593,23.595505617977526,56.17977528089888,49.43820224719101,6.741573033707865
E00099135,95,34,14,20,61,47,14,35.78947368421053,14.736842105263156,21.052631578947366,64.21052631578948,49.473684210526315,14.736842105263156
E00099136,87,34,23,11,53,33,20,39.08045977011494,26.436781609195403,12.643678160919542,60.91954022988506,37.93103448275862,22.988505747126435
E00099137,131,41,18,23,90,64,26,31.297709923664126,13.740458015267176,17.557251908396946,68.70229007633588,48.854961832061065,19.84732824427481
E00099138,91,21,8,13,70,55,15,23.076923076923077,8.791208791208792,14.285714285714285,76.92307692307693,60.43956043956044,16.483516483516482
E00099139,95,35,17,18,60,43,17,36.84210526315789,17.894736842105264,18.947368421052634,63.1578947368421,45.26315789473684,17.894736842105264
E00099140,161,68,26,42,93,70,23,42.2360248447205,16.149068322981368,26.08695652173913,57.7639751552795,43.47826086956522,14.285714285714285
E00099141,134,50,24,26,84,55,29,37.3134328358209,17.91044776119403,19.402985074626866,62.68656716417911,41.04477611940299,21.641791044776117
E00099142,101,37,16,21,64,53,11,36.633663366336634,15.841584158415841,20.792079207920793,63.366336633663366,52.475247524752476,10.891089108910892
E00099143,141,49,18,31,92,81,11,34.751773049645394,12.76595744680851,21.98581560283688,65.24822695035462,57.446808510638306,7.801418439716312
E00099144,140,47,17,30,93,80,13,33.57142857142857,12.142857142857142,21.428571428571427,66.42857142857143,57.14285714285714,9.285714285714286
E00099145,121,44,17,27,77,57,20,36.36363636363637,14.049586776859504,22.31404958677686,63.63636363636363,47.107438016528924,16.528925619834713
E00099146,155,45,11,34,110,88,22,29.03225806451613,7.096774193548387,21.935483870967744,70.96774193548387,56.774193548387096,14.193548387096774
E00099150,240,68,31,37,172,137,35,28.333333333333332,12.916666666666668,15.416666666666668,71.66666666666667,57.08333333333333,14.583333333333334
E00099151,229,70,33,37,159,126,33,30.567685589519648,14.41048034934498,16.157205240174672,69.43231441048034,55.021834061135365,14.41048034934498
E00099152,256,72,43,29,184,142,42,28.125,16.796875,11.328125,71.875,55.46875,16.40625
E00099153,113,40,20,20,73,56,17,35.39823008849557,17.699115044247787,17.699115044247787,64.60176991150442,49.557522123893804,15.04424778761062
E00099154,192,60,30,30,132,83,49,31.25,15.625,15.625,68.75,43.22916666666667,25.520833333333332
E00099155,97,44,18,26,53,39,14,45.36082474226804,18.556701030927837,26.804123711340207,54.63917525773196,40.20618556701031,14.432989690721648
E00099156,86,32,15,17,54,39,15,37.2093023255814,17.441860465116278,19.767441860465116,62.7906976744186,45.348837209302324,17.441860465116278
E00099157,107,35,10,25,72,59,13,32.71028037383177,9.345794392523365,23.364485981308412,67.28971962616822,55.140186915887845,12.149532710280374
E00099158,192,92,43,49,100,73,27,47.91666666666667,22.395833333333336,25.520833333333332,52.083333333333336,38.02083333333333,14.0625
E00099159,94,36,15,21,58,48,10,38.297872340425535,15.957446808510639,22.340425531914892,61.702127659574465,51.06382978723404,10.638297872340425
E00099160,101,34,11,23,67,49,18,33.663366336633665,10.891089108910892,22.772277227722775,66.33663366336634,48.51485148514851,17.82178217821782
E00099161,148,47,18,29,101,83,18,31.756756756756754,12.162162162162163,19.594594594594593,68.24324324324324,56.08108108108109,12.162162162162163
E00099162,79,25,7,18,54,30,24,31.645569620253166,8.860759493670885,22.78481012658228,68.35443037974683,37.9746835443038,30.37974683544304
E00099163,62,14,6,8,48,30,18,22.58064516129032,9.67741935483871,12.903225806451612,77.41935483870968,48.38709677419355,29.03225806451613
E00099164,171,61,21,40,110,83,27,35.67251461988304,12.280701754385964,23.391812865497073,64.32748538011695,48.53801169590643,15.789473684210526
E00099165,120,39,9,30,81,64,17,32.5,7.5,25,67.5,53.333333333333336,14.166666666666666
E00099166,122,49,23,26,73,55,18,40.16393442622951,18.852459016393443,21.311475409836063,59.83606557377049,45.08196721311475,14.754098360655737
E00099167,162,53,26,27,109,74,35,32.71604938271605,16.049382716049383,16.666666666666664,67.28395061728395,45.67901234567901,21.604938271604937
E00099168,177,60,14,46,117,81,36,33.89830508474576,7.909604519774012,25.98870056497175,66.10169491525424,45.76271186440678,20.33898305084746
E00099169,110,38,16,22,72,49,23,34.54545454545455,14.545454545454545,20,65.45454545454545,44.54545454545455,20.909090909090907
E00099170,139,53,27,26,86,64,22,38.1294964028777,19.424460431654676,18.705035971223023,61.87050359712231,46.043165467625904,15.827338129496402
E00099171,110,37,8,29,73,57,16,33.63636363636363,7.2727272727272725,26.36363636363636,66.36363636363637,51.81818181818182,14.545454545454545
E00099172,116,39,13,26,77,61,16,33.62068965517241,11.206896551724139,22.413793103448278,66.37931034482759,52.58620689655172,13.793103448275861
E00099173,73,25,8,17,48,34,14,34.24657534246575,10.95890410958904,23.28767123287671,65.75342465753424,46.57534246575342,19.17808219178082
E00099174,68,22,6,16,46,34,12,32.35294117647059,8.823529411764707,23.52941176470588,67.64705882352942,50,17.647058823529413
E00099175,68,18,6,12,50,40,10,26.47058823529412,8.823529411764707,17.647058823529413,73.52941176470588,58.82352941176471,14.705882352941178
E00099176,153,51,19,32,102,67,35,33.33333333333333,12.418300653594772,20.915032679738562,66.66666666666666,43.790849673202615,22.875816993464053
E00099177,123,41,17,24,82,56,26,33.33333333333333,13.821138211382115,19.51219512195122,66.66666666666666,45.52845528455284,21.138211382113823
E00099178,104,39,10,29,65,49,16,37.5,9.615384615384617,27.884615384615387,62.5,47.11538461538461,15.384615384615385
E00099179,104,41,14,27,63,46,17,39.42307692307692,13.461538461538462,25.961538461538463,60.57692307692307,44.230769230769226,16.346153846153847
E00099180,85,28,9,19,57,42,15,32.94117647058823,10.588235294117647,22.35294117647059,67.05882352941175,49.411764705882355,17.647058823529413
E00099181,112,27,9,18,85,57,28,24.107142857142858,8.035714285714286,16.071428571428573,75.89285714285714,50.89285714285714,25
E00099182,88,29,8,21,59,32,27,32.95454545454545,9.090909090909092,23.863636363636363,67.04545454545455,36.36363636363637,30.681818181818183
E00099183,116,43,16,27,73,51,22,37.06896551724138,13.793103448275861,23.275862068965516,62.93103448275862,43.96551724137931,18.96551724137931
E00099184,103,36,15,21,67,56,11,34.95145631067961,14.563106796116504,20.388349514563107,65.0485436893204,54.36893203883495,10.679611650485436
E00099185,210,71,31,40,139,110,29,33.80952380952381,14.761904761904763,19.047619047619047,66.19047619047619,52.38095238095239,13.80952380952381
E00099186,152,62,29,33,90,68,22,40.78947368421053,19.078947368421055,21.710526315789476,59.210526315789465,44.73684210526316,14.473684210526317
E00099187,122,36,13,23,86,69,17,29.508196721311474,10.655737704918032,18.852459016393443,70.49180327868852,56.557377049180324,13.934426229508196
E00099188,115,52,21,31,63,54,9,45.21739130434783,18.26086956521739,26.956521739130434,54.78260869565217,46.95652173913044,7.82608695652174
E00099189,72,28,8,20,44,36,8,38.88888888888889,11.11111111111111,27.77777777777778,61.111111111111114,50,11.11111111111111
E00099190,144,43,11,32,101,86,15,29.86111111111111,7.638888888888889,22.22222222222222,70.13888888888889,59.72222222222222,10.416666666666668
E00099191,126,45,14,31,81,66,15,35.714285714285715,11.11111111111111,24.6031746031746,64.28571428571429,52.38095238095239,11.904761904761903
E00099192,93,29,12,17,64,54,10,31.182795698924732,12.903225806451612,18.27956989247312,68.81720430107528,58.06451612903226,10.75268817204301
E00099193,114,38,10,28,76,60,16,33.33333333333333,8.771929824561402,24.561403508771928,66.66666666666666,52.63157894736842,14.035087719298245
E00099194,200,65,22,43,135,116,19,32.5,11,21.5,67.5,57.99999999999999,9.5
E00099195,119,45,21,24,74,68,6,37.81512605042017,17.647058823529413,20.168067226890756,62.18487394957983,57.14285714285714,5.042016806722689
E00099196,200,66,21,45,134,114,20,33,10.5,22.5,67,56.99999999999999,10
E00099197,119,29,7,22,90,75,15,24.369747899159663,5.88235294117647,18.487394957983195,75.63025210084034,63.02521008403361,12.605042016806722
E00099198,53,29,10,19,24,18,6,54.71698113207547,18.867924528301888,35.84905660377358,45.28301886792453,33.9622641509434,11.320754716981133
E00099199,97,40,18,22,57,51,6,41.23711340206185,18.556701030927837,22.68041237113402,58.76288659793815,52.57731958762887,6.185567010309279
E00099200,128,47,17,30,81,67,14,36.71875,13.28125,23.4375,63.28125,52.34375,10.9375
E00099201,143,55,17,38,88,74,14,38.46153846153847,11.888111888111888,26.573426573426573,61.53846153846154,51.74825174825175,9.79020979020979
E00099202,57,21,5,16,36,19,17,36.84210526315789,8.771929824561402,28.07017543859649,63.1578947368421,33.33333333333333,29.82456140350877
E00099203,103,31,9,22,72,59,13,30.097087378640776,8.737864077669903,21.35922330097087,69.90291262135922,57.28155339805825,12.62135922330097
E00099204,42,18,5,13,24,21,3,42.857142857142854,11.904761904761903,30.952380952380953,57.14285714285714,50,7.142857142857142
E00099205,68,23,8,15,45,21,24,33.82352941176471,11.76470588235294,22.058823529411764,66.17647058823529,30.88235294117647,35.294117647058826
E00099206,82,33,14,19,49,32,17,40.243902439024396,17.073170731707318,23.170731707317074,59.756097560975604,39.02439024390244,20.73170731707317
E00099207,227,84,29,55,143,84,59,37.00440528634361,12.77533039647577,24.229074889867842,62.99559471365639,37.00440528634361,25.991189427312776
E00099208,59,29,9,20,30,18,12,49.152542372881356,15.254237288135593,33.89830508474576,50.847457627118644,30.508474576271187,20.33898305084746
E00099209,151,49,26,23,102,69,33,32.450331125827816,17.218543046357617,15.2317880794702,67.54966887417218,45.6953642384106,21.85430463576159
E00099210,59,19,6,13,40,28,12,32.20338983050847,10.16949152542373,22.033898305084744,67.79661016949152,47.45762711864407,20.33898305084746
E00099211,72,28,9,19,44,27,17,38.88888888888889,12.5,26.38888888888889,61.111111111111114,37.5,23.61111111111111
E00099212,67,22,9,13,45,24,21,32.83582089552239,13.432835820895523,19.402985074626866,67.16417910447761,35.82089552238806,31.343283582089555
E00099213,229,54,20,34,175,134,41,23.580786026200872,8.73362445414847,14.847161572052403,76.41921397379913,58.515283842794766,17.903930131004365
E00099214,127,34,17,17,93,63,30,26.77165354330709,13.385826771653544,13.385826771653544,73.22834645669292,49.60629921259843,23.62204724409449
E00099215,124,32,11,21,92,78,14,25.806451612903224,8.870967741935484,16.93548387096774,74.19354838709677,62.903225806451616,11.29032258064516
E00099216,230,65,29,36,165,122,43,28.26086956521739,12.608695652173912,15.65217391304348,71.73913043478261,53.04347826086957,18.695652173913043
E00099217,96,30,13,17,66,50,16,31.25,13.541666666666666,17.708333333333336,68.75,52.083333333333336,16.666666666666664
E00099219,93,22,6,16,71,43,28,23.655913978494624,6.451612903225806,17.20430107526882,76.34408602150538,46.236559139784944,30.107526881720432
E00099220,159,58,17,41,101,76,25,36.477987421383645,10.69182389937107,25.78616352201258,63.52201257861635,47.79874213836478,15.723270440251572
E00099221,101,37,13,24,64,32,32,36.633663366336634,12.871287128712872,23.762376237623762,63.366336633663366,31.683168316831683,31.683168316831683
E00099222,192,78,26,52,114,77,37,40.625,13.541666666666666,27.083333333333332,59.375,40.10416666666667,19.270833333333336
E00099223,160,54,21,33,106,65,41,33.75,13.125,20.625,66.25,40.625,25.624999999999996
E00099224,119,42,17,25,77,62,15,35.294117647058826,14.285714285714285,21.008403361344538,64.70588235294117,52.10084033613446,12.605042016806722
E00099225,134,43,21,22,91,54,37,32.08955223880597,15.671641791044777,16.417910447761194,67.91044776119402,40.298507462686565,27.611940298507463
E00099226,201,94,46,48,107,79,28,46.766169154228855,22.885572139303484,23.88059701492537,53.233830845771145,39.30348258706468,13.930348258706468
E00099227,181,77,26,51,104,72,32,42.5414364640884,14.3646408839779,28.176795580110497,57.4585635359116,39.77900552486188,17.67955801104972
E00099228,74,29,13,16,45,33,12,39.189189189189186,17.56756756756757,21.62162162162162,60.810810810810814,44.5945945945946,16.216216216216218
E00099229,150,57,23,34,93,72,21,38,15.333333333333332,22.666666666666664,62,48,14.000000000000002
E00099230,130,50,23,27,80,57,23,38.46153846153847,17.692307692307693,20.76923076923077,61.53846153846154,43.84615384615385,17.692307692307693
E00099231,138,57,23,34,81,60,21,41.30434782608695,16.666666666666664,24.637681159420293,58.69565217391305,43.47826086956522,15.217391304347828
E00099232,129,39,17,22,90,64,26,30.23255813953488,13.178294573643413,17.05426356589147,69.76744186046511,49.6124031007752,20.155038759689923
E00099233,111,42,10,32,69,57,12,37.83783783783784,9.00900900900901,28.82882882882883,62.16216216216216,51.35135135135135,10.81081081081081
E00099234,165,58,19,39,107,86,21,35.15151515151515,11.515151515151516,23.636363636363637,64.84848484848484,52.121212121212125,12.727272727272727
E00099235,97,29,8,21,68,53,15,29.896907216494846,8.24742268041237,21.649484536082475,70.10309278350515,54.63917525773196,15.463917525773196
E00099236,121,43,14,29,78,64,14,35.53719008264463,11.570247933884298,23.96694214876033,64.46280991735537,52.892561983471076,11.570247933884298
E00099237,106,45,19,26,61,52,9,42.45283018867924,17.92452830188679,24.528301886792452,57.54716981132076,49.056603773584904,8.49056603773585
E00099238,136,47,22,25,89,55,34,34.55882352941176,16.176470588235293,18.38235294117647,65.44117647058823,40.44117647058824,25
E00099239,90,33,15,18,57,46,11,36.666666666666664,16.666666666666664,20,63.33333333333333,51.11111111111111,12.222222222222221
E00099240,103,29,13,16,74,55,19,28.155339805825243,12.62135922330097,15.53398058252427,71.84466019417476,53.398058252427184,18.446601941747574
E00099241,146,49,21,28,97,74,23,33.56164383561644,14.383561643835616,19.17808219178082,66.43835616438356,50.68493150684932,15.753424657534246
E00099242,63,23,5,18,40,30,10,36.507936507936506,7.936507936507936,28.57142857142857,63.49206349206349,47.61904761904761,15.873015873015872
E00099243,121,39,17,22,82,48,34,32.231404958677686,14.049586776859504,18.181818181818183,67.76859504132231,39.66942148760331,28.09917355371901
E00099244,78,36,17,19,42,30,12,46.15384615384615,21.794871794871796,24.358974358974358,53.84615384615385,38.46153846153847,15.384615384615385
E00099245,123,45,21,24,78,49,29,36.58536585365854,17.073170731707318,19.51219512195122,63.41463414634146,39.83739837398374,23.577235772357724
E00099246,134,48,17,31,86,51,35,35.82089552238806,12.686567164179104,23.134328358208954,64.17910447761194,38.059701492537314,26.119402985074625
E00099247,77,33,12,21,44,32,12,42.857142857142854,15.584415584415584,27.27272727272727,57.14285714285714,41.55844155844156,15.584415584415584
E00099248,165,54,18,36,111,71,40,32.72727272727273,10.909090909090908,21.818181818181817,67.27272727272727,43.03030303030303,24.242424242424242
E00099249,107,37,15,22,70,50,20,34.57943925233645,14.018691588785046,20.5607476635514,65.42056074766354,46.728971962616825,18.69158878504673
E00099250,112,40,19,21,72,61,11,35.714285714285715,16.964285714285715,18.75,64.28571428571429,54.46428571428571,9.821428571428571
E00099251,103,36,13,23,67,54,13,34.95145631067961,12.62135922330097,22.330097087378643,65.0485436893204,52.42718446601942,12.62135922330097
E00099252,74,24,3,21,50,35,15,32.432432432432435,4.054054054054054,28.37837837837838,67.56756756756756,47.2972972972973,20.27027027027027
E00099253,52,17,7,10,35,22,13,32.69230769230769,13.461538461538462,19.230769230769234,67.3076923076923,42.30769230769231,25
E00099255,76,35,12,23,41,30,11,46.05263157894737,15.789473684210526,30.263157894736842,53.94736842105263,39.473684210526315,14.473684210526317
E00099256,83,34,13,21,49,40,9,40.963855421686745,15.66265060240964,25.301204819277107,59.036144578313255,48.19277108433735,10.843373493975903
E00099260,142,60,27,33,82,58,24,42.25352112676056,19.014084507042252,23.239436619718308,57.74647887323944,40.845070422535215,16.901408450704224
E00099261,61,23,7,16,38,27,11,37.704918032786885,11.475409836065573,26.229508196721312,62.295081967213115,44.26229508196721,18.0327868852459
E00099262,129,48,15,33,81,61,20,37.2093023255814,11.627906976744185,25.581395348837212,62.7906976744186,47.286821705426355,15.503875968992247
E00099263,149,57,19,38,92,66,26,38.25503355704698,12.751677852348994,25.503355704697988,61.74496644295302,44.29530201342282,17.449664429530202
E00099264,104,37,22,15,67,54,13,35.57692307692308,21.153846153846153,14.423076923076922,64.42307692307693,51.92307692307693,12.5
E00099265,121,39,14,25,82,61,21,32.231404958677686,11.570247933884298,20.66115702479339,67.76859504132231,50.413223140495866,17.355371900826448
E00099266,133,45,16,29,88,71,17,33.83458646616541,12.030075187969924,21.804511278195488,66.16541353383458,53.383458646616546,12.781954887218044
E00099267,141,52,20,32,89,63,26,36.87943262411347,14.184397163120568,22.69503546099291,63.12056737588653,44.680851063829785,18.439716312056735
E00099268,100,34,14,20,66,56,10,34,14.000000000000002,20,66,56.00000000000001,10
E00099269,106,45,14,31,61,53,8,42.45283018867924,13.20754716981132,29.245283018867923,57.54716981132076,50,7.547169811320755
E00099274,138,44,17,27,94,75,19,31.88405797101449,12.318840579710146,19.565217391304348,68.11594202898551,54.347826086956516,13.768115942028986
E00099275,139,54,20,34,85,70,15,38.84892086330935,14.388489208633093,24.46043165467626,61.15107913669065,50.35971223021583,10.79136690647482
E00099276,138,49,16,33,89,77,12,35.507246376811594,11.594202898550725,23.91304347826087,64.4927536231884,55.79710144927537,8.695652173913043
E00099277,174,56,23,33,118,95,23,32.18390804597701,13.218390804597702,18.96551724137931,67.81609195402298,54.59770114942529,13.218390804597702
E00099278,110,41,22,19,69,54,15,37.27272727272727,20,17.272727272727273,62.727272727272734,49.09090909090909,13.636363636363635
E00099279,131,40,16,24,91,77,14,30.53435114503817,12.213740458015266,18.3206106870229,69.46564885496184,58.778625954198475,10.687022900763358
E00099280,158,35,11,24,123,103,20,22.151898734177212,6.962025316455696,15.18987341772152,77.84810126582279,65.18987341772153,12.658227848101266
E00099281,79,31,11,20,48,40,8,39.24050632911392,13.924050632911392,25.31645569620253,60.75949367088608,50.63291139240506,10.126582278481013
E00099282,145,54,18,36,91,74,17,37.24137931034483,12.413793103448276,24.82758620689655,62.758620689655174,51.03448275862069,11.724137931034482
E00099283,203,81,27,54,122,102,20,39.90147783251231,13.30049261083744,26.60098522167488,60.09852216748769,50.24630541871922,9.852216748768473
E00099284,254,88,30,58,166,131,35,34.645669291338585,11.811023622047244,22.83464566929134,65.35433070866141,51.574803149606296,13.779527559055119
E00099285,142,64,28,36,78,65,13,45.07042253521127,19.718309859154928,25.352112676056336,54.929577464788736,45.774647887323944,9.15492957746479
E00099286,143,44,17,27,99,84,15,30.76923076923077,11.888111888111888,18.88111888111888,69.23076923076923,58.74125874125874,10.48951048951049
E00099287,161,56,19,37,105,97,8,34.78260869565217,11.801242236024844,22.981366459627328,65.21739130434783,60.24844720496895,4.968944099378882
E00099288,124,43,10,33,81,70,11,34.67741935483871,8.064516129032258,26.61290322580645,65.32258064516128,56.451612903225815,8.870967741935484
E00099289,136,35,12,23,101,90,11,25.735294117647058,8.823529411764707,16.911764705882355,74.26470588235294,66.17647058823529,8.088235294117647
E00099290,75,17,3,14,58,49,9,22.666666666666664,4,18.666666666666668,77.33333333333333,65.33333333333333,12
E00099291,133,43,16,27,90,73,17,32.33082706766917,12.030075187969924,20.30075187969925,67.66917293233082,54.88721804511278,12.781954887218044
E00099292,151,65,19,46,86,77,9,43.04635761589404,12.582781456953644,30.4635761589404,56.95364238410596,50.993377483443716,5.960264900662252
E00099293,156,60,25,35,96,81,15,38.46153846153847,16.025641025641026,22.435897435897438,61.53846153846154,51.92307692307693,9.615384615384617
E00099294,123,44,16,28,79,67,12,35.77235772357724,13.008130081300814,22.76422764227642,64.22764227642277,54.47154471544715,9.75609756097561
E00099295,279,89,36,53,190,156,34,31.899641577060933,12.903225806451612,18.996415770609318,68.10035842293907,55.91397849462365,12.186379928315413
E00099296,170,64,24,40,106,93,13,37.64705882352941,14.117647058823529,23.52941176470588,62.35294117647059,54.70588235294118,7.647058823529412
E00099297,104,46,13,33,58,52,6,44.230769230769226,12.5,31.73076923076923,55.769230769230774,50,5.769230769230769
E00099298,129,41,10,31,88,74,14,31.782945736434108,7.751937984496124,24.031007751937985,68.21705426356588,57.36434108527132,10.852713178294573
E00099299,100,39,15,24,61,52,9,39,15,24,61,52,9
E00099300,60,18,4,14,42,35,7,30,6.666666666666667,23.333333333333332,70,58.333333333333336,11.666666666666666
E00099301,134,48,18,30,86,73,13,35.82089552238806,13.432835820895523,22.388059701492537,64.17910447761194,54.47761194029851,9.701492537313433
E00099302,86,33,9,24,53,42,11,38.372093023255815,10.465116279069768,27.906976744186046,61.627906976744185,48.837209302325576,12.790697674418606
E00099303,129,43,26,17,86,76,10,33.33333333333333,20.155038759689923,13.178294573643413,66.66666666666666,58.91472868217055,7.751937984496124
E00099304,180,74,23,51,106,84,22,41.11111111111111,12.777777777777777,28.333333333333332,58.88888888888889,46.666666666666664,12.222222222222221
E00099305,151,48,25,23,103,78,25,31.788079470198678,16.55629139072848,15.2317880794702,68.21192052980133,51.65562913907284,16.55629139072848
E00099306,107,50,19,31,57,45,12,46.728971962616825,17.75700934579439,28.971962616822427,53.271028037383175,42.05607476635514,11.214953271028037
E00099307,141,44,18,26,97,74,23,31.20567375886525,12.76595744680851,18.439716312056735,68.79432624113475,52.4822695035461,16.312056737588655
E00099308,147,41,16,25,106,84,22,27.89115646258503,10.884353741496598,17.006802721088434,72.10884353741497,57.14285714285714,14.965986394557824
E00099309,144,49,17,32,95,78,17,34.02777777777778,11.805555555555555,22.22222222222222,65.97222222222221,54.166666666666664,11.805555555555555
E00099310,164,43,15,28,121,74,47,26.21951219512195,9.146341463414634,17.073170731707318,73.78048780487805,45.1219512195122,28.65853658536585
E00099311,118,34,10,24,84,64,20,28.8135593220339,8.47457627118644,20.33898305084746,71.1864406779661,54.23728813559322,16.94915254237288
E00099312,249,75,24,51,174,110,64,30.120481927710845,9.63855421686747,20.481927710843372,69.87951807228916,44.17670682730924,25.702811244979916
E00099313,166,52,28,24,114,80,34,31.32530120481928,16.867469879518072,14.457831325301203,68.67469879518072,48.19277108433735,20.481927710843372
E00099314,218,65,27,38,153,105,48,29.81651376146789,12.385321100917432,17.431192660550458,70.18348623853211,48.1651376146789,22.018348623853214
E00099315,153,63,26,37,90,71,19,41.17647058823529,16.99346405228758,24.183006535947712,58.82352941176471,46.40522875816993,12.418300653594772
E00099316,176,68,27,41,108,84,24,38.63636363636363,15.340909090909092,23.295454545454543,61.36363636363637,47.72727272727273,13.636363636363635
E00099317,185,69,27,42,116,100,16,37.2972972972973,14.594594594594595,22.702702702702705,62.70270270270271,54.054054054054056,8.64864864864865
E00099318,128,60,24,36,68,56,12,46.875,18.75,28.125,53.125,43.75,9.375
E00099319,138,56,23,33,82,54,28,40.57971014492754,16.666666666666664,23.91304347826087,59.42028985507246,39.130434782608695,20.28985507246377
E00099320,168,72,34,38,96,71,25,42.857142857142854,20.238095238095237,22.61904761904762,57.14285714285714,42.26190476190476,14.880952380952381
E00099321,108,41,18,23,67,54,13,37.96296296296296,16.666666666666664,21.296296296296298,62.03703703703704,50,12.037037037037036
E00099322,107,43,21,22,64,49,15,40.18691588785047,19.626168224299064,20.5607476635514,59.813084112149525,45.794392523364486,14.018691588785046
E00099323,115,40,15,25,75,56,19,34.78260869565217,13.043478260869565,21.73913043478261,65.21739130434783,48.69565217391305,16.52173913043478
E00099324,114,32,10,22,82,65,17,28.07017543859649,8.771929824561402,19.298245614035086,71.9298245614035,57.01754385964912,14.912280701754385
E00099325,135,44,13,31,91,74,17,32.592592592592595,9.62962962962963,22.962962962962962,67.4074074074074,54.81481481481482,12.592592592592592
E00099326,111,38,14,24,73,46,27,34.234234234234236,12.612612612612612,21.62162162162162,65.76576576576578,41.44144144144144,24.324324324324326
E00099327,115,37,12,25,78,66,12,32.17391304347826,10.434782608695652,21.73913043478261,67.82608695652173,57.391304347826086,10.434782608695652
E00099328,168,71,26,45,97,65,32,42.26190476190476,15.476190476190476,26.785714285714285,57.738095238095234,38.69047619047619,19.047619047619047
E00099329,153,54,25,29,99,72,27,35.294117647058826,16.33986928104575,18.954248366013072,64.70588235294117,47.05882352941176,17.647058823529413
E00099330,140,48,20,28,92,61,31,34.285714285714285,14.285714285714285,20,65.71428571428571,43.57142857142857,22.142857142857142
E00099331,152,49,26,23,103,68,35,32.23684210526316,17.105263157894736,15.131578947368421,67.76315789473685,44.73684210526316,23.026315789473685
E00099332,86,29,8,21,57,47,10,33.72093023255814,9.30232558139535,24.418604651162788,66.27906976744185,54.65116279069767,11.627906976744185
E00099333,189,64,29,35,125,102,23,33.86243386243386,15.343915343915343,18.51851851851852,66.13756613756614,53.96825396825397,12.16931216931217
E00099334,112,49,23,26,63,44,19,43.75,20.535714285714285,23.214285714285715,56.25,39.285714285714285,16.964285714285715
E00099335,125,39,10,29,86,65,21,31.2,8,23.200000000000003,68.8,52,16.8
E00099336,148,52,20,32,96,84,12,35.13513513513514,13.513513513513514,21.62162162162162,64.86486486486487,56.75675675675676,8.108108108108109
E00099337,168,56,13,43,112,85,27,33.33333333333333,7.738095238095238,25.595238095238095,66.66666666666666,50.595238095238095,16.071428571428573
E00099338,205,76,26,50,129,97,32,37.073170731707314,12.682926829268293,24.390243902439025,62.926829268292686,47.3170731707317,15.609756097560975
E00099339,101,45,15,30,56,42,14,44.554455445544555,14.85148514851485,29.7029702970297,55.44554455445545,41.584158415841586,13.861386138613863
E00099340,132,65,26,39,67,56,11,49.24242424242424,19.696969696969695,29.545454545454547,50.75757575757576,42.42424242424242,8.333333333333332
E00099341,190,69,28,41,121,92,29,36.31578947368421,14.736842105263156,21.578947368421055,63.68421052631579,48.421052631578945,15.263157894736842
E00099342,110,39,14,25,71,65,6,35.45454545454545,12.727272727272727,22.727272727272727,64.54545454545455,59.09090909090909,5.454545454545454
E00099343,128,51,17,34,77,62,15,39.84375,13.28125,26.5625,60.15625,48.4375,11.71875
E00099344,108,42,12,30,66,55,11,38.88888888888889,11.11111111111111,27.77777777777778,61.111111111111114,50.92592592592593,10.185185185185185
E00099345,129,49,14,35,80,64,16,37.98449612403101,10.852713178294573,27.131782945736433,62.01550387596899,49.6124031007752,12.4031007751938
E00099346,70,27,12,15,43,35,8,38.57142857142858,17.142857142857142,21.428571428571427,61.42857142857143,50,11.428571428571429
E00099347,150,49,18,31,101,79,22,32.666666666666664,12,20.666666666666668,67.33333333333333,52.666666666666664,14.666666666666666
E00099348,113,35,14,21,78,61,17,30.973451327433626,12.389380530973451,18.58407079646018,69.02654867256636,53.98230088495575,15.04424778761062
E00099349,75,30,12,18,45,34,11,40,16,24,60,45.33333333333333,14.666666666666666
E00099351,112,35,9,26,77,56,21,31.25,8.035714285714286,23.214285714285715,68.75,50,18.75
E00174334,187,73,26,47,114,86,28,39.037433155080215,13.903743315508022,25.13368983957219,60.962566844919785,45.98930481283423,14.973262032085561
E00174335,134,35,14,21,99,80,19,26.119402985074625,10.44776119402985,15.671641791044777,73.88059701492537,59.70149253731343,14.17910447761194
E00174336,70,23,9,14,47,37,10,32.857142857142854,12.857142857142856,20,67.14285714285714,52.85714285714286,14.285714285714285
E00174337,176,67,28,39,109,86,23,38.06818181818182,15.909090909090908,22.15909090909091,61.93181818181818,48.86363636363637,13.068181818181818
E00174338,183,70,34,36,113,92,21,38.25136612021858,18.579234972677597,19.672131147540984,61.74863387978142,50.27322404371585,11.475409836065573
E00174339,222,80,37,43,142,91,51,36.03603603603604,16.666666666666664,19.36936936936937,63.96396396396396,40.99099099099099,22.972972972972975
E00180294,158,53,23,30,105,87,18,33.54430379746836,14.556962025316455,18.9873417721519,66.45569620253164,55.06329113924051,11.39240506329114
E00180319,169,64,17,47,105,88,17,37.8698224852071,10.059171597633137,27.810650887573964,62.1301775147929,52.071005917159766,10.059171597633137
E00180333,239,92,32,60,147,109,38,38.49372384937239,13.389121338912133,25.10460251046025,61.50627615062761,45.60669456066946,15.899581589958158
E00180342,270,75,25,50,195,155,40,27.77777777777778,9.25925925925926,18.51851851851852,72.22222222222221,57.407407407407405,14.814814814814813
E00180351,109,31,10,21,78,61,17,28.440366972477065,9.174311926605505,19.26605504587156,71.55963302752293,55.96330275229357,15.59633027522936
E00180366,80,30,13,17,50,35,15,37.5,16.25,21.25,62.5,43.75,18.75
E00180368,110,47,17,30,63,53,10,42.72727272727273,15.454545454545453,27.27272727272727,57.27272727272727,48.18181818181818,9.090909090909092
E00180380,213,63,21,42,150,118,32,29.577464788732392,9.859154929577464,19.718309859154928,70.4225352112676,55.39906103286385,15.023474178403756
