OA,ts0590001,ts0590002,ts0590003,ts0590004,ts0590005,ts0590006,ts0590007,ts0590002_PCT,ts0590003_PCT,ts0590004_PCT,ts0590005_PCT,ts0590006_PCT,ts0590007_PCT
E00021141,105,44,9,35,61,55,6,41.904761904761905,8.571428571428571,33.33333333333333,58.0952380952381,52.38095238095239,5.714285714285714
E00021143,159,59,28,31,100,87,13,37.10691823899371,17.61006289308176,19.49685534591195,62.893081761006286,54.71698113207547,8.176100628930817
E00021145,152,44,15,29,108,78,30,28.947368421052634,9.868421052631579,19.078947368421055,71.05263157894737,51.31578947368421,19.736842105263158
E00021146,201,47,27,20,154,129,25,23.383084577114428,13.432835820895523,9.950248756218906,76.61691542288557,64.17910447761194,12.437810945273633
E00021147,115,38,12,26,77,60,17,33.04347826086956,10.434782608695652,22.608695652173914,66.95652173913044,52.17391304347826,14.782608695652174
E00021148,146,46,18,28,100,88,12,31.506849315068493,12.32876712328767,19.17808219178082,68.4931506849315,60.273972602739725,8.21917808219178
E00021149,124,42,9,33,82,70,12,33.87096774193548,7.258064516129033,26.61290322580645,66.12903225806451,56.451612903225815,9.67741935483871
E00021150,120,46,18,28,74,66,8,38.333333333333336,15,23.333333333333332,61.66666666666667,55.00000000000001,6.666666666666667
E00021151,180,39,15,24,141,110,31,21.666666666666668,8.333333333333332,13.333333333333334,78.33333333333333,61.111111111111114,17.22222222222222
E00021152,185,52,24,28,133,112,21,28.10810810810811,12.972972972972974,15.135135135135137,71.89189189189189,60.54054054054055,11.351351351351353
E00021153,225,32,10,22,193,158,35,14.222222222222221,4.444444444444445,9.777777777777779,85.77777777777777,70.22222222222221,15.555555555555555
E00021154,222,73,29,44,149,119,30,32.88288288288289,13.063063063063062,19.81981981981982,67.11711711711712,53.6036036036036,13.513513513513514
E00021155,231,47,22,25,184,143,41,20.346320346320347,9.523809523809524,10.822510822510822,79.65367965367966,61.904761904761905,17.74891774891775
E00021156,108,28,5,23,80,70,10,25.925925925925924,4.62962962962963,21.296296296296298,74.07407407407408,64.81481481481481,9.25925925925926
E00021157,109,43,12,31,66,59,7,39.44954128440367,11.009174311926607,28.440366972477065,60.550458715596335,54.12844036697248,6.422018348623854
E00021158,116,52,20,32,64,61,3,44.827586206896555,17.24137931034483,27.586206896551722,55.172413793103445,52.58620689655172,2.586206896551724
E00021159,323,85,39,46,238,212,26,26.31578947368421,12.074303405572756,14.241486068111456,73.68421052631578,65.63467492260062,8.04953560371517
E00021160,122,44,21,23,78,63,15,36.0655737704918,17.21311475409836,18.852459016393443,63.934426229508205,51.63934426229508,12.295081967213115
E00021161,206,54,24,30,152,132,20,26.21359223300971,11.650485436893204,14.563106796116504,73.7864077669903,64.07766990291263,9.70873786407767
E00021162,156,60,21,39,96,86,10,38.46153846153847,13.461538461538462,25,61.53846153846154,55.12820512820513,6.41025641025641
E00021163,219,76,25,51,143,117,26,34.70319634703196,11.415525114155251,23.28767123287671,65.29680365296804,53.42465753424658,11.87214611872146
E00021164,165,76,34,42,89,82,7,46.06060606060606,20.606060606060606,25.454545454545453,53.939393939393945,49.696969696969695,4.242424242424243
E00021165,165,68,27,41,97,79,18,41.21212121212121,16.363636363636363,24.848484848484848,58.78787878787879,47.878787878787875,10.909090909090908
E00021166,188,69,35,34,119,102,17,36.702127659574465,18.617021276595743,18.085106382978726,63.297872340425535,54.25531914893617,9.042553191489363
E00021167,183,42,17,25,141,117,24,22.950819672131146,9.289617486338798,13.661202185792352,77.04918032786885,63.934426229508205,13.114754098360656
E00021168,278,43,17,26,235,174,61,15.467625899280577,6.115107913669065,9.352517985611511,84.53237410071942,62.589928057553955,21.942446043165468
E00021169,250,81,23,58,169,136,33,32.4,9.2,23.200000000000003,67.60000000000001,54.400000000000006,13.200000000000001
E00021170,186,77,26,51,109,93,16,41.39784946236559,13.978494623655912,27.419354838709676,58.602150537634415,50,8.60215053763441
E00021172,154,42,16,26,112,89,23,27.27272727272727,10.38961038961039,16.883116883116884,72.72727272727273,57.7922077922078,14.935064935064934
E00021173,250,73,21,52,177,156,21,29.2,8.4,20.8,70.8,62.4,8.4
E00021174,175,24,15,9,151,118,33,13.714285714285715,8.571428571428571,5.142857142857142,86.28571428571429,67.42857142857143,18.857142857142858
E00021175,230,48,16,32,182,160,22,20.869565217391305,6.956521739130435,13.91304347826087,79.13043478260869,69.56521739130434,9.565217391304348
E00021176,196,65,22,43,131,109,22,33.16326530612245,11.224489795918368,21.93877551020408,66.83673469387756,55.61224489795919,11.224489795918368
E00021177,157,65,25,40,92,77,15,41.40127388535032,15.92356687898089,25.477707006369428,58.59872611464968,49.044585987261144,9.554140127388536
E00021179,177,53,18,35,124,101,23,29.943502824858758,10.16949152542373,19.774011299435028,70.05649717514125,57.06214689265536,12.994350282485875
E00021180,185,69,19,50,116,102,14,37.2972972972973,10.27027027027027,27.027027027027028,62.70270270270271,55.13513513513514,7.567567567567568
E00021181,138,42,17,25,96,77,19,30.434782608695656,12.318840579710146,18.115942028985508,69.56521739130434,55.79710144927537,13.768115942028986
E00021182,272,55,17,38,217,165,52,20.22058823529412,6.25,13.970588235294118,79.77941176470588,60.66176470588235,19.11764705882353
E00021183,197,35,17,18,162,134,28,17.766497461928935,8.629441624365482,9.137055837563452,82.23350253807106,68.02030456852792,14.213197969543149
E00021184,86,19,7,12,67,59,8,22.093023255813954,8.13953488372093,13.953488372093023,77.90697674418605,68.6046511627907,9.30232558139535
E00021185,183,39,10,29,144,127,17,21.311475409836063,5.46448087431694,15.846994535519126,78.68852459016394,69.39890710382514,9.289617486338798
E00021186,186,73,25,48,113,100,13,39.247311827956985,13.440860215053762,25.806451612903224,60.752688172043015,53.76344086021505,6.989247311827956
E00021187,113,49,24,25,64,56,8,43.36283185840708,21.238938053097346,22.123893805309734,56.63716814159292,49.557522123893804,7.079646017699115
E00021188,109,26,10,16,83,74,9,23.853211009174313,9.174311926605505,14.678899082568808,76.14678899082568,67.88990825688074,8.256880733944955
E00021189,162,60,22,38,102,88,14,37.03703703703704,13.580246913580247,23.456790123456788,62.96296296296296,54.32098765432099,8.641975308641975
E00021190,295,75,38,37,220,188,32,25.423728813559322,12.88135593220339,12.54237288135593,74.57627118644068,63.72881355932203,10.847457627118644
E00021191,155,48,15,33,107,92,15,30.967741935483872,9.67741935483871,21.29032258064516,69.03225806451613,59.354838709677416,9.67741935483871
E00021192,126,60,20,40,66,54,12,47.61904761904761,15.873015873015872,31.746031746031743,52.38095238095239,42.857142857142854,9.523809523809524
E00021193,238,36,18,18,202,165,37,15.126050420168067,7.563025210084033,7.563025210084033,84.87394957983193,69.32773109243698,15.546218487394958
E00021194,196,81,22,59,115,105,10,41.3265306122449,11.224489795918368,30.102040816326532,58.673469387755105,53.57142857142857,5.1020408163265305
E00021195,163,53,19,34,110,99,11,32.515337423312886,11.65644171779141,20.858895705521473,67.48466257668711,60.73619631901841,6.748466257668712
E00021196,141,59,28,31,82,67,15,41.843971631205676,19.858156028368796,21.98581560283688,58.156028368794324,47.5177304964539,10.638297872340425
E00021198,166,62,24,38,104,78,26,37.34939759036144,14.457831325301203,22.89156626506024,62.65060240963856,46.98795180722892,15.66265060240964
E00021199,92,41,15,26,51,41,10,44.565217391304344,16.304347826086957,28.26086956521739,55.434782608695656,44.565217391304344,10.869565217391305
E00021200,140,61,17,44,79,69,10,43.57142857142857,12.142857142857142,31.428571428571427,56.42857142857143,49.28571428571429,7.142857142857142
E00021201,147,51,12,39,96,73,23,34.69387755102041,8.16326530612245,26.53061224489796,65.3061224489796,49.65986394557823,15.646258503401361
E00021202,119,44,18,26,75,61,14,36.97478991596639,15.126050420168067,21.84873949579832,63.02521008403361,51.26050420168067,11.76470588235294
E00021203,182,69,23,46,113,93,20,37.91208791208791,12.637362637362637,25.274725274725274,62.08791208791209,51.098901098901095,10.989010989010989
E00021204,199,62,27,35,137,121,16,31.155778894472363,13.5678391959799,17.587939698492463,68.84422110552764,60.80402010050251,8.040201005025125
E00021205,88,29,6,23,59,58,1,32.95454545454545,6.8181818181818175,26.136363636363637,67.04545454545455,65.9090909090909,1.1363636363636365
E00021206,69,42,20,22,27,26,1,60.86956521739131,28.985507246376812,31.88405797101449,39.130434782608695,37.68115942028986,1.4492753623188406
E00021207,152,14,6,8,138,104,34,9.210526315789473,3.9473684210526314,5.263157894736842,90.78947368421053,68.42105263157895,22.36842105263158
E00021208,145,52,16,36,93,76,17,35.86206896551724,11.03448275862069,24.82758620689655,64.13793103448275,52.41379310344828,11.724137931034482
E00021209,81,37,7,30,44,41,3,45.67901234567901,8.641975308641975,37.03703703703704,54.32098765432099,50.617283950617285,3.7037037037037033
E00021210,104,36,9,27,68,58,10,34.61538461538461,8.653846153846153,25.961538461538463,65.38461538461539,55.769230769230774,9.615384615384617
E00021211,197,46,19,27,151,131,20,23.3502538071066,9.644670050761421,13.705583756345177,76.6497461928934,66.49746192893402,10.152284263959391
E00021212,105,40,21,19,65,56,9,38.095238095238095,20,18.095238095238095,61.904761904761905,53.333333333333336,8.571428571428571
E00021213,154,60,17,43,94,81,13,38.961038961038966,11.03896103896104,27.92207792207792,61.038961038961034,52.5974025974026,8.441558441558442
E00021214,213,73,29,44,140,123,17,34.27230046948357,13.615023474178404,20.657276995305164,65.72769953051643,57.74647887323944,7.981220657276995
E00021215,256,60,30,30,196,156,40,23.4375,11.71875,11.71875,76.5625,60.9375,15.625
E00021216,102,40,12,28,62,54,8,39.21568627450981,11.76470588235294,27.450980392156865,60.78431372549019,52.94117647058824,7.8431372549019605
E00021218,307,66,31,35,241,202,39,21.49837133550489,10.097719869706841,11.400651465798045,78.50162866449512,65.79804560260585,12.703583061889251
E00021219,147,30,10,20,117,90,27,20.408163265306122,6.802721088435375,13.60544217687075,79.59183673469387,61.224489795918366,18.367346938775512
E00021220,241,47,22,25,194,154,40,19.502074688796682,9.12863070539419,10.37344398340249,80.49792531120332,63.90041493775933,16.59751037344398
E00021223,301,57,28,29,244,204,40,18.93687707641196,9.30232558139535,9.634551495016613,81.06312292358804,67.77408637873754,13.2890365448505
E00021224,248,68,22,46,180,155,25,27.419354838709676,8.870967741935484,18.548387096774192,72.58064516129032,62.5,10.080645161290322
E00021225,178,53,19,34,125,107,18,29.775280898876407,10.674157303370785,19.101123595505616,70.2247191011236,60.1123595505618,10.112359550561797
E00021227,166,38,15,23,128,105,23,22.89156626506024,9.036144578313253,13.855421686746988,77.10843373493977,63.25301204819277,13.855421686746988
E00021228,186,65,28,37,121,99,22,34.946236559139784,15.053763440860216,19.892473118279568,65.05376344086021,53.2258064516129,11.827956989247312
E00021229,183,65,22,43,118,93,25,35.51912568306011,12.021857923497267,23.497267759562842,64.48087431693989,50.81967213114754,13.661202185792352
E00021230,142,27,15,12,115,90,25,19.014084507042252,10.56338028169014,8.450704225352112,80.98591549295774,63.38028169014085,17.6056338028169
E00021231,107,32,15,17,75,63,12,29.906542056074763,14.018691588785046,15.887850467289718,70.09345794392523,58.87850467289719,11.214953271028037
E00021235,48,23,7,16,25,23,2,47.91666666666667,14.583333333333334,33.33333333333333,52.083333333333336,47.91666666666667,4.166666666666666
E00021236,198,72,28,44,126,110,16,36.36363636363637,14.14141414141414,22.22222222222222,63.63636363636363,55.55555555555556,8.080808080808081
E00021239,289,46,16,30,243,176,67,15.916955017301039,5.536332179930796,10.380622837370241,84.08304498269896,60.89965397923876,23.18339100346021
E00021240,289,36,22,14,253,167,86,12.45674740484429,7.612456747404845,4.844290657439446,87.5432525951557,57.785467128027676,29.757785467128027
E00021241,162,39,23,16,123,101,22,24.074074074074073,14.19753086419753,9.876543209876543,75.92592592592592,62.34567901234568,13.580246913580247
E00021243,177,55,20,35,122,106,16,31.07344632768362,11.299435028248588,19.774011299435028,68.92655367231639,59.887005649717516,9.03954802259887
E00021244,146,50,21,29,96,84,12,34.24657534246575,14.383561643835616,19.863013698630137,65.75342465753424,57.534246575342465,8.21917808219178
E00021245,114,43,11,32,71,58,13,37.719298245614034,9.649122807017543,28.07017543859649,62.28070175438597,50.877192982456144,11.403508771929824
E00021246,163,57,20,37,106,94,12,34.96932515337423,12.269938650306749,22.699386503067483,65.03067484662577,57.668711656441715,7.361963190184049
E00021247,132,60,18,42,72,65,7,45.45454545454545,13.636363636363635,31.818181818181817,54.54545454545454,49.24242424242424,5.303030303030303
E00021248,117,58,27,31,59,51,8,49.572649572649574,23.076923076923077,26.495726495726498,50.427350427350426,43.58974358974359,6.837606837606838
E00021249,117,22,7,15,95,81,14,18.803418803418804,5.982905982905983,12.82051282051282,81.19658119658119,69.23076923076923,11.965811965811966
E00021251,116,38,15,23,78,69,9,32.758620689655174,12.931034482758621,19.82758620689655,67.24137931034483,59.48275862068966,7.758620689655173
E00021252,184,30,16,14,154,128,26,16.304347826086957,8.695652173913043,7.608695652173914,83.69565217391305,69.56521739130434,14.130434782608695
E00021253,135,50,15,35,85,68,17,37.03703703703704,11.11111111111111,25.925925925925924,62.96296296296296,50.37037037037037,12.592592592592592
E00021254,133,21,4,17,112,95,17,15.789473684210526,3.007518796992481,12.781954887218044,84.21052631578947,71.42857142857143,12.781954887218044
E00021255,159,30,8,22,129,96,33,18.867924528301888,5.031446540880504,13.836477987421384,81.13207547169812,60.37735849056604,20.754716981132077
E00021256,147,24,11,13,123,98,25,16.3265306122449,7.482993197278912,8.843537414965986,83.6734693877551,66.66666666666666,17.006802721088434
E00021257,141,33,14,19,108,92,16,23.404255319148938,9.929078014184398,13.47517730496454,76.59574468085107,65.24822695035462,11.347517730496454
E00021258,164,78,30,48,86,77,9,47.5609756097561,18.29268292682927,29.268292682926827,52.4390243902439,46.95121951219512,5.487804878048781
E00021259,240,76,19,57,164,147,17,31.666666666666664,7.916666666666666,23.75,68.33333333333333,61.25000000000001,7.083333333333333
E00021260,165,47,21,26,118,103,15,28.484848484848484,12.727272727272727,15.757575757575756,71.51515151515152,62.42424242424243,9.090909090909092
E00021261,152,21,11,10,131,108,23,13.815789473684212,7.236842105263158,6.578947368421052,86.18421052631578,71.05263157894737,15.131578947368421
E00021262,140,45,14,31,95,82,13,32.142857142857146,10,22.142857142857142,67.85714285714286,58.57142857142858,9.285714285714286
E00021263,213,49,19,30,164,137,27,23.004694835680752,8.92018779342723,14.084507042253522,76.99530516431925,64.31924882629107,12.676056338028168
E00021266,157,32,13,19,125,95,30,20.382165605095544,8.280254777070063,12.101910828025478,79.61783439490446,60.509554140127385,19.10828025477707
E00021267,125,56,18,38,69,59,10,44.800000000000004,14.399999999999999,30.4,55.2,47.199999999999996,8
E00021268,143,36,3,33,107,80,27,25.174825174825177,2.097902097902098,23.076923076923077,74.82517482517483,55.94405594405595,18.88111888111888
E00021271,175,63,23,40,112,91,21,36,13.142857142857142,22.857142857142858,64,52,12
E00021272,127,29,5,24,98,84,14,22.83464566929134,3.937007874015748,18.89763779527559,77.16535433070865,66.14173228346458,11.023622047244094
E00021273,119,42,17,25,77,62,15,35.294117647058826,14.285714285714285,21.008403361344538,64.70588235294117,52.10084033613446,12.605042016806722
E00021274,225,90,29,61,135,117,18,40,12.88888888888889,27.111111111111114,60,52,8
E00021275,139,51,18,33,88,76,12,36.69064748201439,12.949640287769784,23.741007194244602,63.30935251798561,54.67625899280576,8.633093525179856
E00021277,108,33,14,19,75,73,2,30.555555555555557,12.962962962962962,17.59259259259259,69.44444444444444,67.5925925925926,1.8518518518518516
E00021278,81,26,8,18,55,45,10,32.098765432098766,9.876543209876543,22.22222222222222,67.90123456790124,55.55555555555556,12.345679012345679
E00021279,185,74,28,46,111,97,14,40,15.135135135135137,24.864864864864867,60,52.43243243243243,7.567567567567568
E00021280,194,62,23,39,132,111,21,31.958762886597935,11.855670103092782,20.103092783505154,68.04123711340206,57.21649484536082,10.824742268041238
E00021282,219,46,21,25,173,138,35,21.00456621004566,9.58904109589041,11.415525114155251,78.99543378995433,63.013698630136986,15.981735159817351
E00021286,144,27,10,17,117,92,25,18.75,6.944444444444445,11.805555555555555,81.25,63.888888888888886,17.36111111111111
E00021288,207,19,7,12,188,152,36,9.178743961352657,3.3816425120772946,5.797101449275362,90.82125603864735,73.42995169082126,17.391304347826086
E00021289,119,46,11,35,73,55,18,38.655462184873954,9.243697478991598,29.411764705882355,61.34453781512605,46.21848739495798,15.126050420168067
E00021290,148,59,29,30,89,78,11,39.86486486486486,19.594594594594593,20.27027027027027,60.13513513513513,52.702702702702695,7.4324324324324325
E00021292,142,53,17,36,89,73,16,37.32394366197183,11.971830985915492,25.352112676056336,62.676056338028175,51.40845070422535,11.267605633802818
E00021294,195,79,26,53,116,102,14,40.51282051282051,13.333333333333334,27.17948717948718,59.48717948717949,52.307692307692314,7.179487179487179
E00021295,239,55,23,32,184,142,42,23.01255230125523,9.623430962343097,13.389121338912133,76.98744769874477,59.41422594142259,17.573221757322173
E00021296,277,45,16,29,232,178,54,16.24548736462094,5.776173285198556,10.469314079422382,83.75451263537906,64.25992779783394,19.494584837545126
E00021297,234,53,18,35,181,145,36,22.64957264957265,7.6923076923076925,14.957264957264957,77.35042735042735,61.965811965811966,15.384615384615385
E00021298,267,52,27,25,215,157,58,19.475655430711612,10.112359550561797,9.363295880149813,80.52434456928839,58.80149812734082,21.722846441947567
E00021299,238,50,21,29,188,165,23,21.008403361344538,8.823529411764707,12.184873949579831,78.99159663865547,69.32773109243698,9.663865546218489
E00021300,325,70,30,40,255,181,74,21.53846153846154,9.230769230769232,12.307692307692308,78.46153846153847,55.69230769230769,22.76923076923077
E00021301,202,84,33,51,118,94,24,41.584158415841586,16.33663366336634,25.247524752475247,58.415841584158414,46.53465346534654,11.881188118811881
E00021302,213,62,27,35,151,118,33,29.107981220657276,12.676056338028168,16.431924882629108,70.89201877934272,55.39906103286385,15.492957746478872
E00021303,145,43,18,25,102,91,11,29.655172413793103,12.413793103448276,17.24137931034483,70.34482758620689,62.758620689655174,7.586206896551724
E00021304,165,48,16,32,117,106,11,29.09090909090909,9.696969696969697,19.393939393939394,70.9090909090909,64.24242424242425,6.666666666666667
E00021305,134,22,9,13,112,74,38,16.417910447761194,6.7164179104477615,9.701492537313433,83.5820895522388,55.223880597014926,28.35820895522388
E00021306,149,24,8,16,125,96,29,16.10738255033557,5.369127516778524,10.738255033557047,83.89261744966443,64.42953020134227,19.463087248322147
E00021307,303,69,33,36,234,178,56,22.772277227722775,10.891089108910892,11.881188118811881,77.22772277227723,58.745874587458744,18.48184818481848
E00021308,261,62,25,37,199,163,36,23.754789272030653,9.578544061302683,14.17624521072797,76.24521072796935,62.45210727969349,13.793103448275861
E00021309,387,64,35,29,323,258,65,16.5374677002584,9.043927648578812,7.493540051679587,83.4625322997416,66.66666666666666,16.795865633074936
E00021310,137,49,20,29,88,70,18,35.76642335766424,14.5985401459854,21.16788321167883,64.23357664233576,51.09489051094891,13.138686131386862
E00021311,122,54,13,41,68,61,7,44.26229508196721,10.655737704918032,33.60655737704918,55.73770491803278,50,5.737704918032787
E00021312,169,49,14,35,120,101,19,28.994082840236686,8.284023668639055,20.710059171597635,71.00591715976331,59.76331360946746,11.242603550295858
E00021313,270,76,28,48,194,143,51,28.14814814814815,10.37037037037037,17.77777777777778,71.85185185185186,52.96296296296297,18.88888888888889
E00021315,39,13,7,6,26,20,6,33.33333333333333,17.94871794871795,15.384615384615385,66.66666666666666,51.28205128205128,15.384615384615385
E00021316,121,38,12,26,83,74,9,31.40495867768595,9.917355371900827,21.487603305785125,68.59504132231406,61.15702479338842,7.43801652892562
E00021317,203,54,24,30,149,114,35,26.60098522167488,11.822660098522167,14.77832512315271,73.39901477832512,56.15763546798029,17.24137931034483
E00021318,242,63,22,41,179,160,19,26.033057851239672,9.090909090909092,16.94214876033058,73.96694214876032,66.11570247933885,7.851239669421488
E00021319,175,58,19,39,117,99,18,33.14285714285714,10.857142857142858,22.285714285714285,66.85714285714286,56.57142857142857,10.285714285714285
E00021320,177,46,17,29,131,97,34,25.98870056497175,9.6045197740113,16.38418079096045,74.01129943502825,54.80225988700565,19.2090395480226
E00021321,240,27,14,13,213,164,49,11.25,5.833333333333333,5.416666666666667,88.75,68.33333333333333,20.416666666666668
E00021322,156,53,25,28,103,93,10,33.97435897435898,16.025641025641026,17.94871794871795,66.02564102564102,59.61538461538461,6.41025641025641
E00021323,139,62,24,38,77,71,6,44.60431654676259,17.26618705035971,27.33812949640288,55.39568345323741,51.07913669064749,4.316546762589928
E00021324,203,36,14,22,167,128,39,17.733990147783253,6.896551724137931,10.83743842364532,82.26600985221675,63.05418719211823,19.21182266009852
E00021325,158,46,12,34,112,97,15,29.11392405063291,7.59493670886076,21.518987341772153,70.88607594936708,61.39240506329114,9.49367088607595
E00021326,184,67,17,50,117,100,17,36.41304347826087,9.239130434782608,27.173913043478258,63.58695652173913,54.347826086956516,9.239130434782608
E00021327,221,61,27,34,160,117,43,27.601809954751133,12.217194570135746,15.384615384615385,72.39819004524887,52.94117647058824,19.457013574660635
E00021328,186,72,35,37,114,100,14,38.70967741935484,18.817204301075268,19.892473118279568,61.29032258064516,53.76344086021505,7.526881720430108
E00021329,175,66,27,39,109,88,21,37.714285714285715,15.428571428571427,22.285714285714285,62.28571428571429,50.28571428571429,12
E00021330,192,68,25,43,124,110,14,35.41666666666667,13.020833333333334,22.395833333333336,64.58333333333334,57.291666666666664,7.291666666666667
E00021331,39,8,3,5,31,25,6,20.51282051282051,7.6923076923076925,12.82051282051282,79.48717948717949,64.1025641025641,15.384615384615385
E00021332,181,74,21,53,107,104,3,40.88397790055249,11.602209944751381,29.2817679558011,59.11602209944752,57.4585635359116,1.6574585635359116
E00021333,133,46,14,32,87,74,13,34.58646616541353,10.526315789473683,24.06015037593985,65.41353383458647,55.639097744360896,9.774436090225564
E00021334,165,54,18,36,111,96,15,32.72727272727273,10.909090909090908,21.818181818181817,67.27272727272727,58.18181818181818,9.090909090909092
E00021335,222,89,34,55,133,120,13,40.090090090090094,15.315315315315313,24.774774774774773,59.909909909909906,54.054054054054056,5.8558558558558556
E00021336,93,42,11,31,51,49,2,45.16129032258064,11.827956989247312,33.33333333333333,54.83870967741935,52.68817204301075,2.1505376344086025
E00021337,133,48,17,31,85,75,10,36.09022556390977,12.781954887218044,23.308270676691727,63.90977443609023,56.390977443609025,7.518796992481203
E00021339,161,51,23,28,110,89,21,31.67701863354037,14.285714285714285,17.391304347826086,68.32298136645963,55.27950310559007,13.043478260869565
E00021340,270,70,32,38,200,178,22,25.925925925925924,11.851851851851853,14.074074074074074,74.07407407407408,65.92592592592592,8.148148148148149
E00021342,91,47,17,30,44,43,1,51.64835164835166,18.681318681318682,32.967032967032964,48.35164835164835,47.25274725274725,1.098901098901099
E00021344,184,79,30,49,105,96,9,42.934782608695656,16.304347826086957,26.6304347826087,57.065217391304344,52.17391304347826,4.891304347826087
E00021345,123,50,21,29,73,61,12,40.65040650406504,17.073170731707318,23.577235772357724,59.34959349593496,49.59349593495935,9.75609756097561
E00021346,130,50,18,32,80,66,14,38.46153846153847,13.846153846153847,24.615384615384617,61.53846153846154,50.76923076923077,10.76923076923077
E00021347,141,68,17,51,73,66,7,48.226950354609926,12.056737588652481,36.17021276595745,51.77304964539007,46.808510638297875,4.964539007092199
E00021349,176,82,31,51,94,85,9,46.590909090909086,17.613636363636363,28.97727272727273,53.40909090909091,48.29545454545455,5.113636363636364
E00021350,146,80,24,56,66,55,11,54.794520547945204,16.43835616438356,38.35616438356164,45.20547945205479,37.67123287671233,7.534246575342466
E00021351,111,52,19,33,59,51,8,46.846846846846844,17.117117117117118,29.72972972972973,53.153153153153156,45.94594594594595,7.207207207207207
E00021352,138,47,21,26,91,82,9,34.05797101449276,15.217391304347828,18.84057971014493,65.94202898550725,59.42028985507246,6.521739130434782
E00021353,85,46,17,29,39,35,4,54.11764705882353,20,34.11764705882353,45.88235294117647,41.17647058823529,4.705882352941177
E00021354,176,70,28,42,106,101,5,39.77272727272727,15.909090909090908,23.863636363636363,60.22727272727273,57.38636363636363,2.840909090909091
E00021355,166,47,16,31,119,109,10,28.313253012048197,9.63855421686747,18.67469879518072,71.6867469879518,65.66265060240963,6.024096385542169
E00021357,116,56,23,33,60,55,5,48.275862068965516,19.82758620689655,28.448275862068968,51.724137931034484,47.41379310344828,4.310344827586207
E00021359,151,87,23,64,64,58,6,57.615894039735096,15.2317880794702,42.384105960264904,42.384105960264904,38.41059602649007,3.9735099337748347
E00021360,135,74,25,49,61,57,4,54.81481481481482,18.51851851851852,36.2962962962963,45.18518518518518,42.22222222222222,2.9629629629629632
E00021361,228,95,25,70,133,122,11,41.66666666666667,10.964912280701753,30.701754385964914,58.333333333333336,53.50877192982456,4.824561403508771
E00021363,150,56,20,36,94,88,6,37.333333333333336,13.333333333333334,24,62.66666666666667,58.666666666666664,4
E00021364,203,77,25,52,126,119,7,37.93103448275862,12.31527093596059,25.615763546798032,62.06896551724138,58.620689655172406,3.4482758620689653
E00021365,127,47,16,31,80,64,16,37.00787401574803,12.598425196850393,24.409448818897637,62.99212598425197,50.39370078740157,12.598425196850393
E00021367,128,64,31,33,64,58,6,50,24.21875,25.78125,50,45.3125,4.6875
E00021371,110,41,16,25,69,60,9,37.27272727272727,14.545454545454545,22.727272727272727,62.727272727272734,54.54545454545454,8.181818181818182
E00021372,293,74,29,45,219,180,39,25.25597269624573,9.897610921501707,15.358361774744028,74.74402730375427,61.43344709897611,13.310580204778159
E00021375,99,42,15,27,57,46,11,42.42424242424242,15.151515151515152,27.27272727272727,57.57575757575758,46.464646464646464,11.11111111111111
E00021377,253,66,22,44,187,158,29,26.08695652173913,8.695652173913043,17.391304347826086,73.91304347826086,62.450592885375485,11.462450592885375
E00021379,152,35,9,26,117,100,17,23.026315789473685,5.921052631578947,17.105263157894736,76.97368421052632,65.78947368421053,11.18421052631579
E00021380,243,32,13,19,211,188,23,13.168724279835391,5.349794238683128,7.818930041152264,86.83127572016461,77.36625514403292,9.465020576131687
E00021382,155,68,26,42,87,79,8,43.87096774193549,16.7741935483871,27.09677419354839,56.12903225806451,50.967741935483865,5.161290322580645
E00021383,144,67,22,45,77,67,10,46.52777777777778,15.277777777777779,31.25,53.47222222222222,46.52777777777778,6.944444444444445
E00021384,169,41,20,21,128,95,33,24.2603550295858,11.834319526627219,12.42603550295858,75.7396449704142,56.213017751479285,19.526627218934912
E00021386,179,91,33,58,88,84,4,50.83798882681564,18.435754189944134,32.402234636871505,49.162011173184354,46.927374301675975,2.2346368715083798
E00021388,157,65,23,42,92,76,16,41.40127388535032,14.64968152866242,26.751592356687897,58.59872611464968,48.40764331210191,10.191082802547772
E00021392,164,59,19,40,105,94,11,35.97560975609756,11.585365853658537,24.390243902439025,64.02439024390245,57.3170731707317,6.707317073170732
E00021393,157,55,18,37,102,96,6,35.03184713375796,11.464968152866243,23.56687898089172,64.96815286624204,61.146496815286625,3.821656050955414
E00021394,117,35,14,21,82,71,11,29.914529914529915,11.965811965811966,17.94871794871795,70.08547008547008,60.68376068376068,9.401709401709402
E00021395,93,47,13,34,46,44,2,50.53763440860215,13.978494623655912,36.55913978494624,49.46236559139785,47.31182795698925,2.1505376344086025
E00021396,116,51,15,36,65,56,9,43.96551724137931,12.931034482758621,31.03448275862069,56.03448275862068,48.275862068965516,7.758620689655173
E00021397,203,92,30,62,111,102,9,45.320197044334975,14.77832512315271,30.541871921182267,54.679802955665025,50.24630541871922,4.433497536945813
E00021398,176,71,28,43,105,91,14,40.340909090909086,15.909090909090908,24.431818181818183,59.65909090909091,51.70454545454546,7.954545454545454
E00021399,182,43,18,25,139,100,39,23.626373626373624,9.89010989010989,13.736263736263737,76.37362637362637,54.94505494505495,21.428571428571427
E00021400,234,77,38,39,157,119,38,32.9059829059829,16.23931623931624,16.666666666666664,67.09401709401709,50.85470085470085,16.23931623931624
E00021402,130,47,16,31,83,68,15,36.15384615384615,12.307692307692308,23.846153846153847,63.84615384615384,52.307692307692314,11.538461538461538
E00021404,293,30,14,16,263,193,70,10.238907849829351,4.778156996587031,5.460750853242321,89.76109215017065,65.8703071672355,23.890784982935152
E00021407,203,70,24,46,133,116,17,34.48275862068966,11.822660098522167,22.660098522167488,65.51724137931035,57.14285714285714,8.374384236453201
E00021408,262,73,39,34,189,146,43,27.86259541984733,14.885496183206106,12.977099236641221,72.13740458015268,55.72519083969466,16.412213740458014
E00021409,177,17,10,7,160,107,53,9.6045197740113,5.649717514124294,3.954802259887006,90.3954802259887,60.451977401129945,29.943502824858758
E00021410,218,77,27,50,141,116,25,35.321100917431195,12.385321100917432,22.93577981651376,64.6788990825688,53.21100917431193,11.46788990825688
E00021411,169,62,18,44,107,100,7,36.68639053254438,10.650887573964498,26.035502958579883,63.31360946745562,59.171597633136095,4.142011834319527
E00021412,169,68,21,47,101,90,11,40.23668639053255,12.42603550295858,27.810650887573964,59.76331360946746,53.25443786982249,6.508875739644971
E00021413,151,62,17,45,89,74,15,41.05960264900662,11.258278145695364,29.80132450331126,58.94039735099338,49.00662251655629,9.933774834437086
E00021414,114,55,21,34,59,56,3,48.24561403508772,18.421052631578945,29.82456140350877,51.75438596491229,49.122807017543856,2.631578947368421
E00021415,132,65,18,47,67,53,14,49.24242424242424,13.636363636363635,35.60606060606061,50.75757575757576,40.15151515151515,10.606060606060606
E00021416,162,54,23,31,108,91,17,33.33333333333333,14.19753086419753,19.1358024691358,66.66666666666666,56.17283950617284,10.493827160493826
E00021417,129,35,7,28,94,86,8,27.131782945736433,5.426356589147287,21.705426356589147,72.86821705426357,66.66666666666666,6.2015503875969
E00021418,170,17,4,13,153,110,43,10,2.3529411764705883,7.647058823529412,90,64.70588235294117,25.294117647058822
E00021419,155,86,21,65,69,64,5,55.483870967741936,13.548387096774196,41.935483870967744,44.516129032258064,41.29032258064516,3.225806451612903
E00021420,133,36,12,24,97,70,27,27.06766917293233,9.022556390977442,18.045112781954884,72.93233082706767,52.63157894736842,20.30075187969925
E00021421,154,53,19,34,101,86,15,34.41558441558442,12.337662337662337,22.07792207792208,65.5844155844156,55.84415584415584,9.740259740259742
E00021422,59,23,5,18,36,34,2,38.983050847457626,8.47457627118644,30.508474576271187,61.016949152542374,57.6271186440678,3.389830508474576
E00021423,173,66,23,43,107,96,11,38.15028901734104,13.294797687861271,24.85549132947977,61.849710982658955,55.49132947976878,6.358381502890173
E00021424,128,20,14,6,108,68,40,15.625,10.9375,4.6875,84.375,53.125,31.25
E00021425,189,26,14,12,163,105,58,13.756613756613756,7.4074074074074066,6.349206349206349,86.24338624338624,55.55555555555556,30.687830687830687
E00021426,116,55,15,40,61,46,15,47.41379310344828,12.931034482758621,34.48275862068966,52.58620689655172,39.6551724137931,12.931034482758621
E00021427,178,17,7,10,161,115,46,9.550561797752808,3.932584269662921,5.617977528089887,90.4494382022472,64.60674157303372,25.842696629213485
E00021430,129,44,14,30,85,71,14,34.10852713178294,10.852713178294573,23.25581395348837,65.89147286821705,55.03875968992248,10.852713178294573
E00021431,150,59,16,43,91,81,10,39.33333333333333,10.666666666666668,28.666666666666668,60.66666666666667,54,6.666666666666667
E00021432,168,67,28,39,101,87,14,39.88095238095239,16.666666666666664,23.214285714285715,60.11904761904761,51.78571428571429,8.333333333333332
E00021434,204,83,15,68,121,109,12,40.68627450980392,7.352941176470589,33.33333333333333,59.31372549019608,53.431372549019606,5.88235294117647
E00021437,138,55,20,35,83,70,13,39.85507246376812,14.492753623188406,25.36231884057971,60.14492753623188,50.72463768115942,9.420289855072465
E00021439,100,49,23,26,51,51,0,49,23,26,51,51,0
E00021440,151,59,23,36,92,78,14,39.0728476821192,15.2317880794702,23.841059602649008,60.9271523178808,51.65562913907284,9.271523178807946
E00021441,180,50,14,36,130,104,26,27.77777777777778,7.777777777777778,20,72.22222222222221,57.77777777777777,14.444444444444443
E00021442,129,45,18,27,84,69,15,34.883720930232556,13.953488372093023,20.930232558139537,65.11627906976744,53.48837209302325,11.627906976744185
E00021443,111,31,12,19,80,65,15,27.927927927927925,10.81081081081081,17.117117117117118,72.07207207207207,58.55855855855856,13.513513513513514
E00021444,147,46,19,27,101,82,19,31.292517006802722,12.925170068027212,18.367346938775512,68.70748299319727,55.78231292517006,12.925170068027212
E00021445,108,61,18,43,47,45,2,56.481481481481474,16.666666666666664,39.81481481481482,43.51851851851852,41.66666666666667,1.8518518518518516
E00021446,123,60,15,45,63,60,3,48.78048780487805,12.195121951219512,36.58536585365854,51.21951219512195,48.78048780487805,2.4390243902439024
E00021447,167,30,9,21,137,109,28,17.964071856287426,5.389221556886228,12.574850299401197,82.03592814371258,65.26946107784431,16.766467065868262
E00021448,153,52,15,37,101,92,9,33.98692810457516,9.803921568627452,24.183006535947712,66.01307189542483,60.130718954248366,5.88235294117647
E00021449,175,60,29,31,115,101,14,34.285714285714285,16.57142857142857,17.71428571428571,65.71428571428571,57.714285714285715,8
E00021450,84,19,7,12,65,49,16,22.61904761904762,8.333333333333332,14.285714285714285,77.38095238095238,58.333333333333336,19.047619047619047
E00021451,145,80,20,60,65,57,8,55.172413793103445,13.793103448275861,41.37931034482759,44.827586206896555,39.310344827586206,5.517241379310345
E00021452,94,24,0,24,70,55,15,25.53191489361702,0,25.53191489361702,74.46808510638297,58.51063829787234,15.957446808510639
E00021453,158,35,14,21,123,101,22,22.151898734177212,8.860759493670885,13.291139240506327,77.84810126582279,63.92405063291139,13.924050632911392
E00021454,136,35,10,25,101,83,18,25.735294117647058,7.352941176470589,18.38235294117647,74.26470588235294,61.029411764705884,13.23529411764706
E00021455,125,53,11,42,72,64,8,42.4,8.799999999999999,33.6,57.599999999999994,51.2,6.4
E00021458,211,57,23,34,154,125,29,27.014218009478675,10.90047393364929,16.113744075829384,72.98578199052133,59.241706161137444,13.744075829383887
E00021459,169,45,17,28,124,104,20,26.627218934911244,10.059171597633137,16.56804733727811,73.37278106508876,61.53846153846154,11.834319526627219
E00021460,244,73,29,44,171,143,28,29.918032786885245,11.885245901639344,18.0327868852459,70.08196721311475,58.606557377049185,11.475409836065573
E00021461,130,31,10,21,99,79,20,23.846153846153847,7.6923076923076925,16.153846153846153,76.15384615384615,60.76923076923077,15.384615384615385
E00021462,121,43,12,31,78,66,12,35.53719008264463,9.917355371900827,25.6198347107438,64.46280991735537,54.54545454545454,9.917355371900827
E00021463,160,58,24,34,102,90,12,36.25,15,21.25,63.74999999999999,56.25,7.5
E00021464,139,40,12,28,99,83,16,28.776978417266186,8.633093525179856,20.14388489208633,71.22302158273382,59.71223021582733,11.510791366906476
E00021465,173,55,20,35,118,98,20,31.79190751445087,11.560693641618498,20.23121387283237,68.20809248554913,56.64739884393064,11.560693641618498
E00021467,128,71,28,43,57,50,7,55.46875,21.875,33.59375,44.53125,39.0625,5.46875
E00021468,134,36,17,19,98,75,23,26.865671641791046,12.686567164179104,14.17910447761194,73.13432835820896,55.970149253731336,17.16417910447761
E00021469,198,76,29,47,122,103,19,38.38383838383838,14.646464646464647,23.737373737373737,61.61616161616161,52.02020202020202,9.595959595959595
E00021470,130,47,16,31,83,72,11,36.15384615384615,12.307692307692308,23.846153846153847,63.84615384615384,55.38461538461539,8.461538461538462
E00021471,142,66,26,40,76,63,13,46.478873239436616,18.30985915492958,28.169014084507044,53.52112676056338,44.36619718309859,9.15492957746479
E00021473,131,56,23,33,75,61,14,42.74809160305343,17.557251908396946,25.190839694656486,57.25190839694656,46.56488549618321,10.687022900763358
E00021474,152,62,21,41,90,76,14,40.78947368421053,13.815789473684212,26.973684210526315,59.210526315789465,50,9.210526315789473
E00021475,245,95,35,60,150,140,10,38.775510204081634,14.285714285714285,24.489795918367346,61.224489795918366,57.14285714285714,4.081632653061225
E00021476,188,88,35,53,100,96,4,46.808510638297875,18.617021276595743,28.191489361702125,53.191489361702125,51.06382978723404,2.127659574468085
E00021477,232,62,25,37,170,132,38,26.72413793103448,10.775862068965516,15.948275862068966,73.27586206896551,56.896551724137936,16.379310344827587
E00021479,233,54,24,30,179,149,30,23.17596566523605,10.300429184549357,12.875536480686694,76.82403433476395,63.94849785407726,12.875536480686694
E00021480,181,40,18,22,141,118,23,22.099447513812155,9.94475138121547,12.154696132596685,77.90055248618785,65.19337016574586,12.70718232044199
E00021481,314,83,26,57,231,199,32,26.43312101910828,8.280254777070063,18.152866242038215,73.56687898089172,63.37579617834395,10.191082802547772
E00021482,245,84,45,39,161,147,14,34.285714285714285,18.367346938775512,15.918367346938775,65.71428571428571,60,5.714285714285714
E00021484,254,48,22,26,206,179,27,18.89763779527559,8.661417322834646,10.236220472440944,81.10236220472441,70.47244094488188,10.62992125984252
E00021485,253,72,25,47,181,155,26,28.458498023715418,9.881422924901186,18.57707509881423,71.54150197628458,61.26482213438735,10.276679841897234
E00021486,261,95,35,60,166,137,29,36.39846743295019,13.409961685823754,22.988505747126435,63.601532567049816,52.490421455938694,11.11111111111111
E00021488,249,76,21,55,173,164,9,30.522088353413658,8.433734939759036,22.08835341365462,69.47791164658635,65.86345381526104,3.614457831325301
E00021489,113,57,24,33,56,46,10,50.442477876106196,21.238938053097346,29.20353982300885,49.557522123893804,40.707964601769916,8.849557522123893
E00021490,107,48,19,29,59,51,8,44.85981308411215,17.75700934579439,27.102803738317753,55.140186915887845,47.66355140186916,7.476635514018691
E00021492,248,70,20,50,178,143,35,28.225806451612907,8.064516129032258,20.161290322580644,71.7741935483871,57.66129032258065,14.112903225806454
E00021493,175,93,30,63,82,76,6,53.142857142857146,17.142857142857142,36,46.85714285714286,43.42857142857143,3.428571428571429
E00021496,109,43,12,31,66,51,15,39.44954128440367,11.009174311926607,28.440366972477065,60.550458715596335,46.788990825688074,13.761467889908257
E00021497,167,77,28,49,90,81,9,46.10778443113773,16.766467065868262,29.34131736526946,53.89221556886228,48.50299401197605,5.389221556886228
E00021498,182,72,21,51,110,100,10,39.56043956043956,11.538461538461538,28.021978021978022,60.43956043956044,54.94505494505495,5.4945054945054945
E00021500,192,46,19,27,146,123,23,23.958333333333336,9.895833333333332,14.0625,76.04166666666666,64.0625,11.979166666666668
E00021501,166,56,21,35,110,94,16,33.734939759036145,12.650602409638553,21.084337349397593,66.26506024096386,56.62650602409639,9.63855421686747
E00021502,131,62,21,41,69,61,8,47.32824427480916,16.030534351145036,31.297709923664126,52.67175572519084,46.56488549618321,6.106870229007633
E00021503,124,60,19,41,64,58,6,48.38709677419355,15.32258064516129,33.064516129032256,51.61290322580645,46.774193548387096,4.838709677419355
E00021504,176,69,18,51,107,95,12,39.20454545454545,10.227272727272728,28.97727272727273,60.79545454545454,53.97727272727273,6.8181818181818175
E00021505,97,36,10,26,61,54,7,37.11340206185567,10.309278350515463,26.804123711340207,62.88659793814433,55.670103092783506,7.216494845360824
E00021506,222,66,21,45,156,145,11,29.72972972972973,9.45945945945946,20.27027027027027,70.27027027027027,65.31531531531532,4.954954954954955
E00021507,203,51,20,31,152,135,17,25.12315270935961,9.852216748768473,15.270935960591133,74.8768472906404,66.50246305418719,8.374384236453201
E00021508,249,56,19,37,193,148,45,22.48995983935743,7.630522088353414,14.859437751004014,77.51004016064257,59.43775100401606,18.072289156626507
E00021509,215,95,29,66,120,104,16,44.18604651162791,13.488372093023257,30.697674418604652,55.81395348837209,48.372093023255815,7.441860465116279
E00021510,132,21,4,17,111,51,60,15.909090909090908,3.0303030303030303,12.878787878787879,84.0909090909091,38.63636363636363,45.45454545454545
E00021511,118,12,3,9,106,55,51,10.16949152542373,2.5423728813559325,7.627118644067797,89.83050847457628,46.61016949152542,43.22033898305085
E00021516,133,30,12,18,103,87,16,22.55639097744361,9.022556390977442,13.533834586466165,77.44360902255639,65.41353383458647,12.030075187969924
E00021517,245,77,46,31,168,145,23,31.428571428571427,18.775510204081634,12.653061224489795,68.57142857142857,59.183673469387756,9.387755102040817
E00021518,174,40,12,28,134,117,17,22.988505747126435,6.896551724137931,16.091954022988507,77.01149425287356,67.24137931034483,9.770114942528735
E00021519,306,80,33,47,226,179,47,26.143790849673206,10.784313725490197,15.359477124183007,73.8562091503268,58.496732026143796,15.359477124183007
E00021520,150,26,8,18,124,97,27,17.333333333333336,5.333333333333334,12,82.66666666666667,64.66666666666666,18
E00021521,100,27,9,18,73,67,6,27,9,18,73,67,6
E00021522,185,66,21,45,119,99,20,35.67567567567568,11.351351351351353,24.324324324324326,64.32432432432432,53.51351351351351,10.81081081081081
E00021524,263,75,27,48,188,154,34,28.517110266159694,10.26615969581749,18.250950570342205,71.48288973384031,58.55513307984791,12.927756653992395
E00021525,180,34,15,19,146,119,27,18.88888888888889,8.333333333333332,10.555555555555555,81.11111111111111,66.11111111111111,15
E00021526,215,43,22,21,172,143,29,20,10.232558139534884,9.767441860465116,80,66.51162790697674,13.488372093023257
E00021527,196,51,26,25,145,120,25,26.02040816326531,13.26530612244898,12.755102040816327,73.9795918367347,61.224489795918366,12.755102040816327
E00021528,112,31,12,19,81,67,14,27.67857142857143,10.714285714285714,16.964285714285715,72.32142857142857,59.82142857142857,12.5
E00021529,52,14,5,9,38,33,5,26.923076923076923,9.615384615384617,17.307692307692307,73.07692307692307,63.46153846153846,9.615384615384617
E00021532,189,37,11,26,152,118,34,19.576719576719576,5.82010582010582,13.756613756613756,80.42328042328042,62.43386243386243,17.989417989417987
E00021533,184,22,15,7,162,126,36,11.956521739130435,8.152173913043478,3.804347826086957,88.04347826086956,68.47826086956522,19.565217391304348
E00021534,155,21,7,14,134,97,37,13.548387096774196,4.516129032258064,9.032258064516128,86.45161290322581,62.58064516129033,23.870967741935484
E00021536,162,27,12,15,135,108,27,16.666666666666664,7.4074074074074066,9.25925925925926,83.33333333333334,66.66666666666666,16.666666666666664
E00021537,230,33,14,19,197,158,39,14.347826086956522,6.086956521739131,8.26086956521739,85.65217391304348,68.69565217391305,16.956521739130434
E00021539,201,29,17,12,172,138,34,14.427860696517413,8.45771144278607,5.970149253731343,85.57213930348259,68.65671641791045,16.91542288557214
E00021541,163,22,9,13,141,99,42,13.496932515337424,5.521472392638037,7.975460122699387,86.50306748466258,60.73619631901841,25.766871165644172
E00021542,101,12,5,7,89,72,17,11.881188118811881,4.9504950495049505,6.9306930693069315,88.11881188118812,71.28712871287128,16.831683168316832
E00021543,212,24,11,13,188,135,53,11.320754716981133,5.188679245283019,6.132075471698113,88.67924528301887,63.67924528301887,25
E00021544,125,21,8,13,104,69,35,16.8,6.4,10.4,83.2,55.2,28.000000000000004
E00021546,132,16,8,8,116,71,45,12.121212121212121,6.0606060606060606,6.0606060606060606,87.87878787878788,53.78787878787878,34.090909090909086
E00021547,153,62,21,41,91,74,17,40.52287581699346,13.725490196078432,26.797385620915033,59.47712418300654,48.366013071895424,11.11111111111111
E00021549,141,50,18,32,91,82,9,35.46099290780142,12.76595744680851,22.69503546099291,64.53900709219859,58.156028368794324,6.382978723404255
E00021550,211,65,29,36,146,126,20,30.80568720379147,13.744075829383887,17.061611374407583,69.19431279620854,59.71563981042654,9.47867298578199
E00021552,116,34,16,18,82,72,10,29.310344827586203,13.793103448275861,15.517241379310345,70.6896551724138,62.06896551724138,8.620689655172415
E00021553,143,62,16,46,81,65,16,43.35664335664335,11.188811188811188,32.16783216783217,56.64335664335665,45.45454545454545,11.188811188811188
E00021554,142,19,4,15,123,102,21,13.380281690140844,2.8169014084507045,10.56338028169014,86.61971830985915,71.83098591549296,14.788732394366196
E00021555,176,58,24,34,118,94,24,32.95454545454545,13.636363636363635,19.318181818181817,67.04545454545455,53.40909090909091,13.636363636363635
E00021556,186,32,13,19,154,126,28,17.20430107526882,6.989247311827956,10.21505376344086,82.79569892473118,67.74193548387096,15.053763440860216
E00021557,254,27,16,11,227,189,38,10.62992125984252,6.299212598425196,4.330708661417323,89.37007874015748,74.40944881889764,14.960629921259844
E00021559,167,29,14,15,138,101,37,17.365269461077844,8.383233532934131,8.982035928143713,82.63473053892216,60.47904191616767,22.15568862275449
E00021560,223,98,30,68,125,103,22,43.946188340807176,13.452914798206278,30.493273542600896,56.05381165919282,46.18834080717489,9.865470852017937
E00021561,147,42,13,29,105,93,12,28.57142857142857,8.843537414965986,19.727891156462583,71.42857142857143,63.26530612244898,8.16326530612245
E00021562,200,71,31,40,129,105,24,35.5,15.5,20,64.5,52.5,12
E00021563,192,47,19,28,145,121,24,24.479166666666664,9.895833333333332,14.583333333333334,75.52083333333334,63.020833333333336,12.5
E00021564,127,35,19,16,92,78,14,27.559055118110237,14.960629921259844,12.598425196850393,72.44094488188976,61.417322834645674,11.023622047244094
E00021565,116,45,15,30,71,64,7,38.793103448275865,12.931034482758621,25.862068965517242,61.206896551724135,55.172413793103445,6.0344827586206895
E00021566,182,56,25,31,126,106,20,30.76923076923077,13.736263736263737,17.032967032967033,69.23076923076923,58.24175824175825,10.989010989010989
E00021567,205,56,25,31,149,123,26,27.31707317073171,12.195121951219512,15.121951219512194,72.6829268292683,60,12.682926829268293
E00021569,261,90,41,49,171,132,39,34.48275862068966,15.708812260536398,18.773946360153257,65.51724137931035,50.57471264367817,14.942528735632186
E00021572,180,77,31,46,103,82,21,42.77777777777778,17.22222222222222,25.555555555555554,57.22222222222222,45.55555555555556,11.666666666666666
E00021574,123,44,13,31,79,72,7,35.77235772357724,10.569105691056912,25.203252032520325,64.22764227642277,58.536585365853654,5.691056910569105
E00021577,95,35,11,24,60,56,4,36.84210526315789,11.578947368421053,25.263157894736842,63.1578947368421,58.94736842105262,4.2105263157894735
E00021582,145,59,20,39,86,78,8,40.689655172413794,13.793103448275861,26.89655172413793,59.310344827586206,53.79310344827586,5.517241379310345
E00021583,248,87,31,56,161,131,30,35.08064516129033,12.5,22.58064516129032,64.91935483870968,52.82258064516129,12.096774193548388
E00021584,143,44,23,21,99,83,16,30.76923076923077,16.083916083916083,14.685314685314685,69.23076923076923,58.04195804195804,11.188811188811188
E00021585,201,72,25,47,129,118,11,35.82089552238806,12.437810945273633,23.383084577114428,64.17910447761194,58.70646766169154,5.472636815920398
E00021586,139,74,25,49,65,52,13,53.23741007194245,17.985611510791365,35.25179856115108,46.76258992805755,37.410071942446045,9.352517985611511
E00021587,174,72,27,45,102,91,11,41.37931034482759,15.517241379310345,25.862068965517242,58.620689655172406,52.29885057471264,6.321839080459771
E00021588,120,60,24,36,60,47,13,50,20,30,50,39.166666666666664,10.833333333333334
E00021590,148,70,23,47,78,64,14,47.2972972972973,15.54054054054054,31.756756756756754,52.702702702702695,43.24324324324324,9.45945945945946
E00021591,151,83,29,54,68,63,5,54.966887417218544,19.205298013245034,35.76158940397351,45.033112582781456,41.72185430463576,3.3112582781456954
E00021592,134,53,22,31,81,61,20,39.55223880597015,16.417910447761194,23.134328358208954,60.447761194029844,45.52238805970149,14.925373134328357
E00021593,74,21,9,12,53,41,12,28.37837837837838,12.162162162162163,16.216216216216218,71.62162162162163,55.4054054054054,16.216216216216218
E00021594,155,68,26,42,87,77,10,43.87096774193549,16.7741935483871,27.09677419354839,56.12903225806451,49.67741935483871,6.451612903225806
E00021595,255,78,34,44,177,157,20,30.58823529411765,13.333333333333334,17.254901960784313,69.41176470588235,61.568627450980394,7.8431372549019605
E00021596,207,40,13,27,167,135,32,19.32367149758454,6.280193236714976,13.043478260869565,80.67632850241546,65.21739130434783,15.458937198067632
E00021597,149,77,29,48,72,60,12,51.67785234899329,19.463087248322147,32.21476510067114,48.322147651006716,40.26845637583892,8.053691275167784
E00021598,145,19,11,8,126,93,33,13.10344827586207,7.586206896551724,5.517241379310345,86.89655172413792,64.13793103448275,22.758620689655174
E00021599,255,31,10,21,224,171,53,12.156862745098039,3.9215686274509802,8.235294117647058,87.84313725490196,67.05882352941175,20.784313725490197
E00021600,207,27,12,15,180,135,45,13.043478260869565,5.797101449275362,7.246376811594203,86.95652173913044,65.21739130434783,21.73913043478261
E00021601,128,20,6,14,108,75,33,15.625,4.6875,10.9375,84.375,58.59375,25.78125
E00021602,193,39,17,22,154,107,47,20.207253886010363,8.808290155440414,11.398963730569948,79.79274611398964,55.44041450777202,24.352331606217618
E00021603,139,14,4,10,125,82,43,10.071942446043165,2.877697841726619,7.1942446043165464,89.92805755395683,58.992805755395686,30.935251798561154
E00021604,166,45,13,32,121,106,15,27.10843373493976,7.83132530120482,19.27710843373494,72.89156626506023,63.85542168674698,9.036144578313253
E00021605,183,26,14,12,157,118,39,14.207650273224044,7.650273224043716,6.557377049180328,85.79234972677595,64.48087431693989,21.311475409836063
E00021606,187,25,17,8,162,101,61,13.368983957219251,9.090909090909092,4.27807486631016,86.63101604278076,54.01069518716578,32.62032085561498
E00021607,117,36,13,23,81,63,18,30.76923076923077,11.11111111111111,19.65811965811966,69.23076923076923,53.84615384615385,15.384615384615385
E00021608,146,22,8,14,124,99,25,15.068493150684931,5.47945205479452,9.58904109589041,84.93150684931507,67.8082191780822,17.123287671232877
E00021610,194,34,14,20,160,121,39,17.525773195876287,7.216494845360824,10.309278350515463,82.4742268041237,62.371134020618555,20.103092783505154
E00021611,223,50,15,35,173,117,56,22.421524663677133,6.726457399103139,15.695067264573993,77.57847533632287,52.46636771300448,25.112107623318387
E00021612,224,34,15,19,190,116,74,15.178571428571427,6.696428571428571,8.482142857142858,84.82142857142857,51.78571428571429,33.035714285714285
E00021613,151,17,11,6,134,96,38,11.258278145695364,7.28476821192053,3.9735099337748347,88.74172185430463,63.576158940397356,25.165562913907287
E00021614,155,23,11,12,132,94,38,14.838709677419354,7.096774193548387,7.741935483870968,85.16129032258064,60.64516129032258,24.516129032258064
E00021615,156,22,6,16,134,101,33,14.102564102564102,3.8461538461538463,10.256410256410255,85.8974358974359,64.74358974358975,21.153846153846153
E00021616,298,88,33,55,210,169,41,29.53020134228188,11.073825503355705,18.456375838926174,70.46979865771812,56.711409395973156,13.758389261744966
E00021617,177,16,8,8,161,106,55,9.03954802259887,4.519774011299435,4.519774011299435,90.96045197740112,59.887005649717516,31.07344632768362
E00021618,102,52,11,41,50,42,8,50.98039215686274,10.784313725490197,40.19607843137255,49.01960784313725,41.17647058823529,7.8431372549019605
E00021621,141,57,19,38,84,75,9,40.42553191489361,13.47517730496454,26.95035460992908,59.57446808510638,53.191489361702125,6.382978723404255
E00021622,175,9,3,6,166,130,36,5.142857142857142,1.7142857142857144,3.428571428571429,94.85714285714286,74.28571428571429,20.57142857142857
E00021624,255,46,32,14,209,148,61,18.03921568627451,12.549019607843137,5.490196078431373,81.96078431372548,58.03921568627452,23.92156862745098
E00021626,184,26,9,17,158,102,56,14.130434782608695,4.891304347826087,9.239130434782608,85.86956521739131,55.434782608695656,30.434782608695656
E00021628,130,17,8,9,113,78,35,13.076923076923078,6.153846153846154,6.923076923076923,86.92307692307692,60,26.923076923076923
E00021629,162,26,10,16,136,100,36,16.049382716049383,6.172839506172839,9.876543209876543,83.9506172839506,61.72839506172839,22.22222222222222
E00021631,204,34,14,20,170,126,44,16.666666666666664,6.862745098039216,9.803921568627452,83.33333333333334,61.76470588235294,21.568627450980394
E00021632,190,28,15,13,162,120,42,14.736842105263156,7.894736842105263,6.842105263157896,85.26315789473684,63.1578947368421,22.105263157894736
E00021633,154,22,13,9,132,68,64,14.285714285714285,8.441558441558442,5.844155844155844,85.71428571428571,44.15584415584416,41.55844155844156
E00021634,271,71,13,58,200,154,46,26.199261992619927,4.797047970479705,21.40221402214022,73.80073800738008,56.82656826568265,16.974169741697416
E00021635,171,17,9,8,154,109,45,9.941520467836257,5.263157894736842,4.678362573099415,90.05847953216374,63.74269005847953,26.31578947368421
E00021636,102,43,17,26,59,49,10,42.15686274509804,16.666666666666664,25.49019607843137,57.84313725490197,48.03921568627451,9.803921568627452
E00021637,212,95,31,64,117,102,15,44.81132075471698,14.622641509433961,30.18867924528302,55.188679245283026,48.113207547169814,7.0754716981132075
E00021639,104,38,14,24,66,58,8,36.53846153846153,13.461538461538462,23.076923076923077,63.46153846153846,55.769230769230774,7.6923076923076925
E00021640,149,68,22,46,81,69,12,45.63758389261745,14.76510067114094,30.87248322147651,54.36241610738255,46.308724832214764,8.053691275167784
E00021641,168,62,25,37,106,94,12,36.904761904761905,14.880952380952381,22.023809523809522,63.095238095238095,55.952380952380956,7.142857142857142
E00021642,126,52,14,38,74,58,16,41.269841269841265,11.11111111111111,30.158730158730158,58.730158730158735,46.03174603174603,12.698412698412698
E00021643,121,47,16,31,74,65,9,38.84297520661157,13.223140495867769,25.6198347107438,61.15702479338842,53.71900826446281,7.43801652892562
E00021644,157,55,20,35,102,84,18,35.03184713375796,12.738853503184714,22.29299363057325,64.96815286624204,53.503184713375795,11.464968152866243
E00021646,183,96,38,58,87,81,6,52.459016393442624,20.76502732240437,31.693989071038253,47.540983606557376,44.26229508196721,3.278688524590164
E00021648,153,17,4,13,136,114,22,11.11111111111111,2.6143790849673203,8.49673202614379,88.88888888888889,74.50980392156863,14.37908496732026
E00021649,147,47,14,33,100,79,21,31.97278911564626,9.523809523809524,22.448979591836736,68.02721088435374,53.74149659863946,14.285714285714285
E00021650,192,41,22,19,151,123,28,21.354166666666664,11.458333333333332,9.895833333333332,78.64583333333334,64.0625,14.583333333333334
E00021651,163,32,20,12,131,85,46,19.631901840490798,12.269938650306749,7.361963190184049,80.3680981595092,52.14723926380368,28.22085889570552
E00021652,179,19,8,11,160,110,50,10.614525139664805,4.4692737430167595,6.145251396648044,89.3854748603352,61.452513966480446,27.932960893854748
E00021653,91,43,15,28,48,43,5,47.25274725274725,16.483516483516482,30.76923076923077,52.74725274725275,47.25274725274725,5.4945054945054945
E00021654,155,60,24,36,95,82,13,38.70967741935484,15.483870967741936,23.225806451612904,61.29032258064516,52.903225806451616,8.38709677419355
E00021655,180,91,31,60,89,81,8,50.55555555555556,17.22222222222222,33.33333333333333,49.44444444444444,45,4.444444444444445
E00021656,244,92,16,76,152,115,37,37.704918032786885,6.557377049180328,31.147540983606557,62.295081967213115,47.13114754098361,15.163934426229508
E00021657,140,16,5,11,124,86,38,11.428571428571429,3.571428571428571,7.857142857142857,88.57142857142857,61.42857142857143,27.142857142857142
E00021658,114,16,11,5,98,74,24,14.035087719298245,9.649122807017543,4.385964912280701,85.96491228070175,64.91228070175438,21.052631578947366
E00021659,205,51,21,30,154,125,29,24.878048780487806,10.24390243902439,14.634146341463413,75.1219512195122,60.97560975609756,14.146341463414632
E00021660,115,38,11,27,77,67,10,33.04347826086956,9.565217391304348,23.47826086956522,66.95652173913044,58.26086956521739,8.695652173913043
E00021661,206,57,25,32,149,125,24,27.669902912621357,12.135922330097088,15.53398058252427,72.33009708737865,60.679611650485434,11.650485436893204
E00021662,237,84,31,53,153,136,17,35.44303797468354,13.080168776371309,22.362869198312236,64.55696202531645,57.383966244725734,7.172995780590717
E00021663,92,36,11,25,56,47,9,39.130434782608695,11.956521739130435,27.173913043478258,60.86956521739131,51.08695652173913,9.782608695652174
E00021665,178,79,24,55,99,92,7,44.38202247191011,13.48314606741573,30.89887640449438,55.61797752808989,51.68539325842697,3.932584269662921
E00021667,176,84,28,56,92,84,8,47.72727272727273,15.909090909090908,31.818181818181817,52.27272727272727,47.72727272727273,4.545454545454546
E00021668,218,52,17,35,166,135,31,23.853211009174313,7.79816513761468,16.055045871559635,76.14678899082568,61.92660550458715,14.220183486238533
E00021669,187,103,27,76,84,75,9,55.080213903743314,14.43850267379679,40.64171122994652,44.919786096256686,40.106951871657756,4.81283422459893
E00021670,132,68,31,37,64,55,9,51.515151515151516,23.484848484848484,28.030303030303028,48.484848484848484,41.66666666666667,6.8181818181818175
E00021671,114,43,19,24,71,65,6,37.719298245614034,16.666666666666664,21.052631578947366,62.28070175438597,57.01754385964912,5.263157894736842
E00021672,219,53,19,34,166,136,30,24.200913242009133,8.67579908675799,15.52511415525114,75.79908675799086,62.10045662100456,13.698630136986301
E00021673,114,45,14,31,69,61,8,39.473684210526315,12.280701754385964,27.192982456140353,60.526315789473685,53.50877192982456,7.017543859649122
E00021674,198,45,16,29,153,125,28,22.727272727272727,8.080808080808081,14.646464646464647,77.27272727272727,63.13131313131313,14.14141414141414
E00021675,165,79,31,48,86,72,14,47.878787878787875,18.787878787878785,29.09090909090909,52.121212121212125,43.63636363636363,8.484848484848486
E00021676,142,16,7,9,126,79,47,11.267605633802818,4.929577464788732,6.338028169014084,88.73239436619718,55.633802816901415,33.098591549295776
E00021677,126,43,14,29,83,69,14,34.12698412698413,11.11111111111111,23.015873015873016,65.87301587301587,54.761904761904766,11.11111111111111
E00021678,289,68,33,35,221,186,35,23.52941176470588,11.418685121107266,12.110726643598616,76.47058823529412,64.3598615916955,12.110726643598616
E00021679,174,55,25,30,119,95,24,31.60919540229885,14.367816091954023,17.24137931034483,68.39080459770115,54.59770114942529,13.793103448275861
E00021680,260,49,24,25,211,139,72,18.846153846153847,9.230769230769232,9.615384615384617,81.15384615384616,53.46153846153846,27.692307692307693
E00021681,170,23,9,14,147,86,61,13.529411764705882,5.294117647058823,8.235294117647058,86.47058823529412,50.588235294117645,35.88235294117647
E00021682,108,37,16,21,71,61,10,34.25925925925926,14.814814814814813,19.444444444444446,65.74074074074075,56.481481481481474,9.25925925925926
E00021683,188,65,29,36,123,108,15,34.57446808510639,15.425531914893616,19.148936170212767,65.42553191489363,57.446808510638306,7.9787234042553195
E00021685,260,89,34,55,171,135,36,34.23076923076923,13.076923076923078,21.153846153846153,65.76923076923077,51.92307692307693,13.846153846153847
E00021686,199,28,13,15,171,117,54,14.07035175879397,6.532663316582915,7.537688442211055,85.92964824120602,58.79396984924623,27.1356783919598
E00021687,225,68,28,40,157,120,37,30.22222222222222,12.444444444444445,17.77777777777778,69.77777777777779,53.333333333333336,16.444444444444446
E00021688,181,55,21,34,126,99,27,30.386740331491712,11.602209944751381,18.784530386740332,69.61325966850829,54.69613259668509,14.917127071823206
E00021690,275,83,38,45,192,139,53,30.181818181818183,13.818181818181818,16.363636363636363,69.81818181818183,50.54545454545455,19.272727272727273
E00021691,230,42,22,20,188,120,68,18.26086956521739,9.565217391304348,8.695652173913043,81.73913043478261,52.17391304347826,29.565217391304348
E00021692,224,34,14,20,190,112,78,15.178571428571427,6.25,8.928571428571429,84.82142857142857,50,34.82142857142857
E00021693,268,51,16,35,217,144,73,19.029850746268657,5.970149253731343,13.059701492537313,80.97014925373134,53.73134328358209,27.238805970149254
E00021694,223,75,37,38,148,109,39,33.6322869955157,16.591928251121075,17.040358744394617,66.3677130044843,48.87892376681614,17.48878923766816
E00021695,271,42,17,25,229,162,67,15.498154981549817,6.273062730627306,9.22509225092251,84.50184501845018,59.77859778597786,24.723247232472325
E00021697,210,51,21,30,159,138,21,24.285714285714285,10,14.285714285714285,75.71428571428571,65.71428571428571,10
E00021698,163,33,12,21,130,82,48,20.245398773006134,7.361963190184049,12.883435582822086,79.75460122699386,50.306748466257666,29.447852760736197
E00021699,155,50,18,32,105,85,20,32.25806451612903,11.612903225806452,20.64516129032258,67.74193548387096,54.83870967741935,12.903225806451612
E00021700,238,62,26,36,176,127,49,26.05042016806723,10.92436974789916,15.126050420168067,73.94957983193278,53.36134453781513,20.588235294117645
E00021701,297,62,26,36,235,196,39,20.875420875420875,8.754208754208754,12.121212121212121,79.12457912457911,65.993265993266,13.131313131313133
E00021702,134,67,22,45,67,55,12,50,16.417910447761194,33.582089552238806,50,41.04477611940299,8.955223880597014
E00021703,341,72,35,37,269,203,66,21.114369501466275,10.263929618768328,10.850439882697946,78.88563049853371,59.530791788856305,19.35483870967742
E00021704,209,61,22,39,148,126,22,29.1866028708134,10.526315789473683,18.660287081339714,70.81339712918661,60.28708133971292,10.526315789473683
E00021705,204,58,23,35,146,118,28,28.431372549019606,11.27450980392157,17.15686274509804,71.56862745098039,57.84313725490197,13.725490196078432
E00021706,106,44,11,33,62,53,9,41.509433962264154,10.377358490566039,31.132075471698112,58.490566037735846,50,8.49056603773585
E00021707,204,62,27,35,142,117,25,30.392156862745097,13.23529411764706,17.15686274509804,69.6078431372549,57.35294117647059,12.254901960784313
E00021708,187,47,17,30,140,110,30,25.13368983957219,9.090909090909092,16.042780748663102,74.8663101604278,58.82352941176471,16.042780748663102
E00021709,106,33,15,18,73,58,15,31.132075471698112,14.150943396226415,16.9811320754717,68.86792452830188,54.71698113207547,14.150943396226415
E00021710,116,35,9,26,81,70,11,30.17241379310345,7.758620689655173,22.413793103448278,69.82758620689656,60.3448275862069,9.482758620689655
E00021711,300,63,26,37,237,180,57,21,8.666666666666668,12.333333333333334,79,60,19
E00021712,170,40,20,20,130,91,39,23.52941176470588,11.76470588235294,11.76470588235294,76.47058823529412,53.529411764705884,22.941176470588236
E00021713,105,37,11,26,68,51,17,35.23809523809524,10.476190476190476,24.761904761904763,64.76190476190476,48.57142857142857,16.19047619047619
E00021714,82,28,15,13,54,50,4,34.146341463414636,18.29268292682927,15.853658536585366,65.85365853658537,60.97560975609756,4.878048780487805
E00021715,142,45,13,32,97,75,22,31.690140845070424,9.15492957746479,22.535211267605636,68.30985915492957,52.816901408450704,15.492957746478872
E00021716,92,35,14,21,57,48,9,38.04347826086957,15.217391304347828,22.82608695652174,61.95652173913043,52.17391304347826,9.782608695652174
E00021717,113,28,12,16,85,67,18,24.778761061946902,10.619469026548673,14.15929203539823,75.22123893805309,59.29203539823009,15.929203539823009
E00021718,244,38,24,14,206,144,62,15.573770491803279,9.836065573770492,5.737704918032787,84.42622950819673,59.01639344262295,25.40983606557377
E00021719,65,17,6,11,48,35,13,26.153846153846157,9.230769230769232,16.923076923076923,73.84615384615385,53.84615384615385,20
E00021722,136,28,13,15,108,88,20,20.588235294117645,9.558823529411764,11.029411764705882,79.41176470588235,64.70588235294117,14.705882352941178
E00021723,206,41,17,24,165,107,58,19.902912621359224,8.25242718446602,11.650485436893204,80.09708737864078,51.94174757281553,28.155339805825243
E00021724,164,29,12,17,135,95,40,17.682926829268293,7.317073170731707,10.365853658536585,82.3170731707317,57.92682926829268,24.390243902439025
E00021725,115,23,9,14,92,70,22,20,7.82608695652174,12.173913043478262,80,60.86956521739131,19.130434782608695
E00021726,83,31,12,19,52,44,8,37.34939759036144,14.457831325301203,22.89156626506024,62.65060240963856,53.01204819277109,9.63855421686747
E00021727,100,47,9,38,53,45,8,47,9,38,53,45,8
E00021728,99,34,9,25,65,59,6,34.34343434343434,9.090909090909092,25.252525252525253,65.65656565656566,59.59595959595959,6.0606060606060606
E00021729,190,70,28,42,120,98,22,36.84210526315789,14.736842105263156,22.105263157894736,63.1578947368421,51.578947368421055,11.578947368421053
E00021730,89,25,12,13,64,52,12,28.08988764044944,13.48314606741573,14.606741573033707,71.91011235955057,58.42696629213483,13.48314606741573
E00021731,176,66,19,47,110,93,17,37.5,10.795454545454545,26.704545454545453,62.5,52.84090909090909,9.659090909090908
E00021732,131,41,17,24,90,63,27,31.297709923664126,12.977099236641221,18.3206106870229,68.70229007633588,48.091603053435115,20.610687022900763
E00021736,181,77,25,52,104,89,15,42.5414364640884,13.812154696132598,28.7292817679558,57.4585635359116,49.171270718232044,8.287292817679557
E00021737,124,41,13,28,83,68,15,33.064516129032256,10.483870967741936,22.58064516129032,66.93548387096774,54.83870967741935,12.096774193548388
E00021738,117,41,13,28,76,51,25,35.04273504273504,11.11111111111111,23.931623931623932,64.95726495726495,43.58974358974359,21.367521367521366
E00021740,151,58,17,41,93,75,18,38.41059602649007,11.258278145695364,27.1523178807947,61.58940397350994,49.668874172185426,11.920529801324504
E00021741,153,13,6,7,140,106,34,8.49673202614379,3.9215686274509802,4.57516339869281,91.50326797385621,69.28104575163398,22.22222222222222
E00021742,244,77,27,50,167,121,46,31.557377049180328,11.065573770491802,20.491803278688526,68.44262295081968,49.59016393442623,18.852459016393443
E00021743,178,74,30,44,104,83,21,41.57303370786517,16.853932584269664,24.719101123595504,58.42696629213483,46.62921348314607,11.797752808988763
E00021745,99,40,17,23,59,56,3,40.4040404040404,17.17171717171717,23.232323232323232,59.59595959595959,56.56565656565656,3.0303030303030303
E00021746,153,28,8,20,125,100,25,18.30065359477124,5.228758169934641,13.071895424836603,81.69934640522875,65.359477124183,16.33986928104575
E00021748,286,77,30,47,209,155,54,26.923076923076923,10.48951048951049,16.433566433566433,73.07692307692307,54.1958041958042,18.88111888111888
E00021752,167,60,25,35,107,93,14,35.92814371257485,14.97005988023952,20.958083832335326,64.07185628742515,55.688622754491014,8.383233532934131
E00021753,103,49,16,33,54,50,4,47.57281553398058,15.53398058252427,32.038834951456316,52.42718446601942,48.54368932038835,3.8834951456310676
E00021754,105,40,18,22,65,54,11,38.095238095238095,17.142857142857142,20.952380952380953,61.904761904761905,51.42857142857142,10.476190476190476
E00021755,194,57,23,34,137,116,21,29.381443298969074,11.855670103092782,17.525773195876287,70.61855670103093,59.79381443298969,10.824742268041238
E00021756,127,32,11,21,95,65,30,25.196850393700785,8.661417322834646,16.535433070866144,74.80314960629921,51.181102362204726,23.62204724409449
E00021757,133,55,17,38,78,70,8,41.35338345864661,12.781954887218044,28.57142857142857,58.64661654135338,52.63157894736842,6.015037593984962
E00021758,154,50,18,32,104,85,19,32.467532467532465,11.688311688311687,20.77922077922078,67.53246753246754,55.1948051948052,12.337662337662337
E00021759,142,65,16,49,77,73,4,45.774647887323944,11.267605633802818,34.50704225352113,54.22535211267606,51.40845070422535,2.8169014084507045
E00021760,145,65,24,41,80,69,11,44.827586206896555,16.551724137931036,28.27586206896552,55.172413793103445,47.58620689655172,7.586206896551724
E00021761,177,49,23,26,128,99,29,27.683615819209038,12.994350282485875,14.689265536723164,72.31638418079096,55.932203389830505,16.38418079096045
E00021762,182,59,24,35,123,111,12,32.417582417582416,13.186813186813188,19.230769230769234,67.58241758241759,60.98901098901099,6.593406593406594
E00021763,166,60,21,39,106,100,6,36.144578313253014,12.650602409638553,23.49397590361446,63.85542168674698,60.24096385542169,3.614457831325301
E00021764,280,96,58,38,184,135,49,34.285714285714285,20.714285714285715,13.571428571428571,65.71428571428571,48.214285714285715,17.5
E00021766,188,59,20,39,129,119,10,31.382978723404253,10.638297872340425,20.74468085106383,68.61702127659575,63.297872340425535,5.319148936170213
E00021767,179,39,21,18,140,116,24,21.787709497206702,11.731843575418994,10.05586592178771,78.2122905027933,64.80446927374301,13.40782122905028
E00167079,169,23,9,14,146,113,33,13.609467455621301,5.325443786982249,8.284023668639055,86.3905325443787,66.86390532544378,19.526627218934912
E00167080,148,40,12,28,108,98,10,27.027027027027028,8.108108108108109,18.91891891891892,72.97297297297297,66.21621621621621,6.756756756756757
E00167081,157,23,8,15,134,98,36,14.64968152866242,5.095541401273886,9.554140127388536,85.35031847133759,62.42038216560509,22.929936305732486
E00167085,268,57,23,34,211,160,51,21.26865671641791,8.582089552238806,12.686567164179104,78.73134328358209,59.70149253731343,19.029850746268657
E00167087,264,17,10,7,247,191,56,6.4393939393939394,3.787878787878788,2.6515151515151514,93.56060606060606,72.34848484848484,21.21212121212121
E00167088,154,26,12,14,128,105,23,16.883116883116884,7.792207792207792,9.090909090909092,83.11688311688312,68.18181818181817,14.935064935064934
E00167089,148,25,12,13,123,102,21,16.89189189189189,8.108108108108109,8.783783783783784,83.1081081081081,68.91891891891892,14.18918918918919
E00167090,266,55,20,35,211,173,38,20.676691729323306,7.518796992481203,13.157894736842104,79.32330827067669,65.0375939849624,14.285714285714285
E00167091,147,21,10,11,126,102,24,14.285714285714285,6.802721088435375,7.482993197278912,85.71428571428571,69.38775510204081,16.3265306122449
E00167092,286,48,12,36,238,193,45,16.783216783216783,4.195804195804196,12.587412587412588,83.21678321678321,67.48251748251748,15.734265734265735
E00167094,158,31,8,23,127,97,30,19.62025316455696,5.063291139240507,14.556962025316455,80.37974683544303,61.39240506329114,18.9873417721519
E00167095,132,43,24,19,89,82,7,32.57575757575758,18.181818181818183,14.393939393939394,67.42424242424242,62.121212121212125,5.303030303030303
E00167098,84,7,3,4,77,52,25,8.333333333333332,3.571428571428571,4.761904761904762,91.66666666666666,61.904761904761905,29.761904761904763
E00167099,193,9,5,4,184,102,82,4.66321243523316,2.5906735751295336,2.072538860103627,95.33678756476684,52.84974093264248,42.487046632124354
E00167100,271,25,9,16,246,170,76,9.22509225092251,3.3210332103321036,5.904059040590406,90.7749077490775,62.73062730627307,28.044280442804425
E00167101,215,15,8,7,200,125,75,6.976744186046512,3.7209302325581395,3.255813953488372,93.02325581395348,58.139534883720934,34.883720930232556
E00167102,211,68,26,42,143,95,48,32.22748815165877,12.322274881516588,19.90521327014218,67.77251184834124,45.023696682464454,22.748815165876778
E00167103,180,13,5,8,167,127,40,7.222222222222221,2.7777777777777777,4.444444444444445,92.77777777777779,70.55555555555556,22.22222222222222
E00167104,153,23,7,16,130,99,31,15.032679738562091,4.57516339869281,10.457516339869281,84.9673202614379,64.70588235294117,20.26143790849673
E00167105,153,73,36,37,80,69,11,47.712418300653596,23.52941176470588,24.183006535947712,52.28758169934641,45.09803921568628,7.18954248366013
E00167106,220,25,5,20,195,122,73,11.363636363636363,2.272727272727273,9.090909090909092,88.63636363636364,55.45454545454545,33.18181818181819
E00167107,173,25,12,13,148,121,27,14.450867052023122,6.9364161849710975,7.514450867052023,85.54913294797689,69.94219653179191,15.606936416184972
E00167110,273,46,15,31,227,185,42,16.84981684981685,5.4945054945054945,11.355311355311356,83.15018315018315,67.76556776556777,15.384615384615385
E00167111,219,14,6,8,205,145,60,6.392694063926941,2.73972602739726,3.65296803652968,93.60730593607306,66.21004566210046,27.397260273972602
E00167113,205,54,21,33,151,129,22,26.34146341463415,10.24390243902439,16.097560975609756,73.65853658536585,62.926829268292686,10.731707317073171
E00167114,173,66,17,49,107,90,17,38.15028901734104,9.826589595375722,28.32369942196532,61.849710982658955,52.02312138728323,9.826589595375722
E00167116,147,55,21,34,92,77,15,37.41496598639456,14.285714285714285,23.12925170068027,62.585034013605444,52.38095238095239,10.204081632653061
E00167118,176,19,6,13,157,114,43,10.795454545454545,3.4090909090909087,7.386363636363637,89.20454545454545,64.77272727272727,24.431818181818183
E00167119,168,44,9,35,124,101,23,26.190476190476193,5.357142857142857,20.833333333333336,73.80952380952381,60.11904761904761,13.690476190476192
E00167121,295,32,13,19,263,167,96,10.847457627118644,4.406779661016949,6.440677966101695,89.15254237288136,56.61016949152542,32.54237288135593
E00167122,154,20,11,9,134,88,46,12.987012987012985,7.142857142857142,5.844155844155844,87.01298701298701,57.14285714285714,29.87012987012987
E00167123,119,35,13,22,84,75,9,29.411764705882355,10.92436974789916,18.487394957983195,70.58823529411765,63.02521008403361,7.563025210084033
E00167124,159,34,11,23,125,108,17,21.38364779874214,6.918238993710692,14.465408805031446,78.61635220125787,67.9245283018868,10.69182389937107
E00167125,110,9,3,6,101,77,24,8.181818181818182,2.727272727272727,5.454545454545454,91.81818181818183,70,21.818181818181817
E00167126,232,37,10,27,195,145,50,15.948275862068966,4.310344827586207,11.637931034482758,84.05172413793103,62.5,21.551724137931032
E00167128,113,35,18,17,78,66,12,30.973451327433626,15.929203539823009,15.04424778761062,69.02654867256636,58.4070796460177,10.619469026548673
E00167131,57,14,2,12,43,34,9,24.561403508771928,3.508771929824561,21.052631578947366,75.43859649122807,59.64912280701754,15.789473684210526
E00167133,73,29,14,15,44,31,13,39.726027397260275,19.17808219178082,20.54794520547945,60.273972602739725,42.465753424657535,17.80821917808219
E00167134,174,18,8,10,156,115,41,10.344827586206897,4.597701149425287,5.747126436781609,89.65517241379311,66.0919540229885,23.563218390804597
E00167135,197,37,13,24,160,114,46,18.781725888324875,6.598984771573605,12.18274111675127,81.21827411167513,57.868020304568525,23.3502538071066
E00167136,119,48,17,31,71,60,11,40.33613445378151,14.285714285714285,26.05042016806723,59.66386554621849,50.42016806722689,9.243697478991598
E00167137,161,19,8,11,142,87,55,11.801242236024844,4.968944099378882,6.832298136645963,88.19875776397515,54.037267080745345,34.161490683229815
E00167142,350,53,24,29,297,222,75,15.142857142857144,6.857142857142858,8.285714285714285,84.85714285714285,63.42857142857142,21.428571428571427
E00167143,136,43,16,27,93,81,12,31.61764705882353,11.76470588235294,19.852941176470587,68.38235294117648,59.55882352941176,8.823529411764707
E00167144,53,22,8,14,31,29,2,41.509433962264154,15.09433962264151,26.41509433962264,58.490566037735846,54.71698113207547,3.7735849056603774
E00167145,123,15,4,11,108,77,31,12.195121951219512,3.2520325203252036,8.94308943089431,87.8048780487805,62.601626016260155,25.203252032520325
E00167146,239,21,12,9,218,154,64,8.786610878661087,5.02092050209205,3.765690376569038,91.21338912133892,64.43514644351464,26.778242677824267
E00167147,149,68,20,48,81,72,9,45.63758389261745,13.422818791946309,32.21476510067114,54.36241610738255,48.322147651006716,6.0402684563758395
E00167148,148,23,14,9,125,86,39,15.54054054054054,9.45945945945946,6.081081081081082,84.45945945945947,58.108108108108105,26.351351351351347
E00167149,307,35,13,22,272,195,77,11.400651465798045,4.234527687296417,7.166123778501629,88.59934853420195,63.51791530944625,25.0814332247557
E00167151,277,25,11,14,252,165,87,9.025270758122744,3.9711191335740073,5.054151624548736,90.97472924187726,59.56678700361011,31.40794223826715
E00167152,304,32,17,15,272,159,113,10.526315789473683,5.592105263157895,4.934210526315789,89.47368421052632,52.30263157894737,37.17105263157895
E00167154,493,97,54,43,396,356,40,19.675456389452332,10.953346855983773,8.72210953346856,80.32454361054768,72.21095334685599,8.113590263691684
E00167157,215,17,6,11,198,141,57,7.906976744186046,2.7906976744186047,5.116279069767442,92.09302325581396,65.58139534883722,26.51162790697674
E00167158,199,19,7,12,180,115,65,9.547738693467336,3.5175879396984926,6.030150753768844,90.45226130653266,57.78894472361809,32.663316582914575
E00167159,189,21,10,11,168,115,53,11.11111111111111,5.291005291005291,5.82010582010582,88.88888888888889,60.84656084656085,28.04232804232804
E00167161,133,57,27,30,76,66,10,42.857142857142854,20.30075187969925,22.55639097744361,57.14285714285714,49.62406015037594,7.518796992481203
E00167162,282,27,9,18,255,192,63,9.574468085106384,3.1914893617021276,6.382978723404255,90.42553191489363,68.08510638297872,22.340425531914892
E00167163,150,40,23,17,110,93,17,26.666666666666668,15.333333333333332,11.333333333333332,73.33333333333333,62,11.333333333333332
E00167164,53,17,8,9,36,32,4,32.075471698113205,15.09433962264151,16.9811320754717,67.9245283018868,60.37735849056604,7.547169811320755
E00167165,176,20,8,12,156,116,40,11.363636363636363,4.545454545454546,6.8181818181818175,88.63636363636364,65.9090909090909,22.727272727272727
E00167166,175,36,12,24,139,107,32,20.57142857142857,6.857142857142858,13.714285714285715,79.42857142857143,61.142857142857146,18.285714285714285
E00167168,169,23,13,10,146,99,47,13.609467455621301,7.6923076923076925,5.9171597633136095,86.3905325443787,58.57988165680473,27.810650887573964
E00167169,100,40,19,21,60,47,13,40,19,21,60,47,13
E00167170,109,11,5,6,98,64,34,10.091743119266056,4.587155963302752,5.5045871559633035,89.90825688073394,58.71559633027523,31.19266055045872
E00167171,194,33,12,21,161,100,61,17.010309278350515,6.185567010309279,10.824742268041238,82.9896907216495,51.546391752577314,31.443298969072163
E00167172,158,17,9,8,141,112,29,10.759493670886076,5.69620253164557,5.063291139240507,89.24050632911393,70.88607594936708,18.354430379746837
E00167173,150,67,23,44,83,73,10,44.666666666666664,15.333333333333332,29.333333333333332,55.333333333333336,48.66666666666667,6.666666666666667
E00167174,153,23,15,8,130,83,47,15.032679738562091,9.803921568627452,5.228758169934641,84.9673202614379,54.248366013071895,30.718954248366014
E00167175,153,22,11,11,131,83,48,14.37908496732026,7.18954248366013,7.18954248366013,85.62091503267973,54.248366013071895,31.372549019607842
E00167178,167,47,17,30,120,88,32,28.143712574850298,10.179640718562874,17.964071856287426,71.8562874251497,52.69461077844312,19.16167664670659
E00167179,152,24,11,13,128,104,24,15.789473684210526,7.236842105263158,8.552631578947368,84.21052631578947,68.42105263157895,15.789473684210526
E00167181,78,22,7,15,56,53,3,28.205128205128204,8.974358974358974,19.230769230769234,71.7948717948718,67.94871794871796,3.8461538461538463
E00167182,84,36,17,19,48,40,8,42.857142857142854,20.238095238095237,22.61904761904762,57.14285714285714,47.61904761904761,9.523809523809524
E00167183,94,14,7,7,80,56,24,14.893617021276595,7.446808510638298,7.446808510638298,85.1063829787234,59.57446808510638,25.53191489361702
E00167184,149,19,6,13,130,103,27,12.751677852348994,4.026845637583892,8.724832214765101,87.24832214765101,69.12751677852349,18.120805369127517
E00167185,271,49,22,27,222,163,59,18.081180811808117,8.118081180811808,9.96309963099631,81.91881918819189,60.147601476014756,21.771217712177123
E00167186,220,55,22,33,165,134,31,25,10,15,75,60.909090909090914,14.09090909090909
E00167187,304,74,36,38,230,202,28,24.342105263157894,11.842105263157894,12.5,75.6578947368421,66.44736842105263,9.210526315789473
E00167189,164,26,11,15,138,112,26,15.853658536585366,6.707317073170732,9.146341463414634,84.14634146341463,68.29268292682927,15.853658536585366
E00167190,130,28,16,12,102,88,14,21.53846153846154,12.307692307692308,9.230769230769232,78.46153846153847,67.6923076923077,10.76923076923077
E00167191,181,24,13,11,157,134,23,13.259668508287293,7.18232044198895,6.077348066298343,86.74033149171271,74.03314917127072,12.70718232044199
E00167192,141,22,9,13,119,101,18,15.602836879432624,6.382978723404255,9.219858156028367,84.39716312056737,71.63120567375887,12.76595744680851
E00167193,114,39,8,31,75,59,16,34.21052631578947,7.017543859649122,27.192982456140353,65.78947368421053,51.75438596491229,14.035087719298245
E00167194,143,42,22,20,101,81,20,29.37062937062937,15.384615384615385,13.986013986013987,70.62937062937063,56.64335664335665,13.986013986013987
E00167195,192,30,16,14,162,135,27,15.625,8.333333333333332,7.291666666666667,84.375,70.3125,14.0625
E00167196,83,28,10,18,55,52,3,33.734939759036145,12.048192771084338,21.686746987951807,66.26506024096386,62.65060240963856,3.614457831325301
E00167197,111,22,12,10,89,78,11,19.81981981981982,10.81081081081081,9.00900900900901,80.18018018018019,70.27027027027027,9.90990990990991
E00167198,230,69,28,41,161,142,19,30,12.173913043478262,17.82608695652174,70,61.73913043478261,8.26086956521739
E00167200,269,40,19,21,229,172,57,14.869888475836431,7.063197026022305,7.806691449814126,85.13011152416357,63.94052044609665,21.189591078066915
E00167201,110,43,15,28,67,62,5,39.09090909090909,13.636363636363635,25.454545454545453,60.909090909090914,56.36363636363636,4.545454545454546
E00167202,79,29,10,19,50,41,9,36.708860759493675,12.658227848101266,24.050632911392405,63.29113924050633,51.89873417721519,11.39240506329114
E00167204,173,23,8,15,150,129,21,13.294797687861271,4.624277456647398,8.670520231213873,86.70520231213872,74.56647398843931,12.138728323699421
E00167205,121,60,19,41,61,54,7,49.586776859504134,15.702479338842975,33.88429752066116,50.413223140495866,44.62809917355372,5.785123966942149
E00167206,132,61,23,38,71,64,7,46.21212121212121,17.424242424242426,28.78787878787879,53.78787878787878,48.484848484848484,5.303030303030303
E00167207,149,34,9,25,115,96,19,22.818791946308725,6.0402684563758395,16.778523489932887,77.18120805369128,64.42953020134227,12.751677852348994
E00167210,100,17,13,4,83,65,18,17,13,4,83,65,18
E00167212,239,83,22,61,156,127,29,34.72803347280335,9.205020920502092,25.523012552301257,65.27196652719665,53.13807531380753,12.133891213389122
E00167213,134,62,24,38,72,70,2,46.26865671641791,17.91044776119403,28.35820895522388,53.73134328358209,52.23880597014925,1.4925373134328357
E00167214,144,44,17,27,100,86,14,30.555555555555557,11.805555555555555,18.75,69.44444444444444,59.72222222222222,9.722222222222223
E00167216,130,49,17,32,81,71,10,37.69230769230769,13.076923076923078,24.615384615384617,62.30769230769231,54.61538461538461,7.6923076923076925
E00167217,106,45,15,30,61,54,7,42.45283018867924,14.150943396226415,28.30188679245283,57.54716981132076,50.943396226415096,6.60377358490566
E00167218,218,52,20,32,166,142,24,23.853211009174313,9.174311926605505,14.678899082568808,76.14678899082568,65.13761467889908,11.009174311926607
E00167219,222,81,33,48,141,112,29,36.486486486486484,14.864864864864865,21.62162162162162,63.51351351351351,50.45045045045045,13.063063063063062
E00167220,233,47,15,32,186,146,40,20.171673819742487,6.437768240343347,13.733905579399142,79.82832618025752,62.66094420600859,17.167381974248926
E00167221,198,70,19,51,128,106,22,35.35353535353536,9.595959595959595,25.757575757575758,64.64646464646465,53.535353535353536,11.11111111111111
E00167222,113,52,17,35,61,50,11,46.017699115044245,15.04424778761062,30.973451327433626,53.98230088495575,44.24778761061947,9.734513274336283
E00167224,63,27,12,15,36,29,7,42.857142857142854,19.047619047619047,23.809523809523807,57.14285714285714,46.03174603174603,11.11111111111111
E00167225,135,59,17,42,76,73,3,43.7037037037037,12.592592592592592,31.11111111111111,56.2962962962963,54.074074074074076,2.2222222222222223
E00167226,178,22,6,16,156,137,19,12.359550561797752,3.3707865168539324,8.98876404494382,87.64044943820225,76.96629213483146,10.674157303370785
E00167227,159,36,11,25,123,98,25,22.641509433962266,6.918238993710692,15.723270440251572,77.35849056603774,61.63522012578616,15.723270440251572
E00167228,86,30,14,16,56,45,11,34.883720930232556,16.27906976744186,18.6046511627907,65.11627906976744,52.32558139534884,12.790697674418606
E00167229,139,56,20,36,83,70,13,40.28776978417266,14.388489208633093,25.899280575539567,59.71223021582733,50.35971223021583,9.352517985611511
E00167230,149,17,9,8,132,105,27,11.409395973154362,6.0402684563758395,5.369127516778524,88.59060402684564,70.46979865771812,18.120805369127517
E00167231,135,34,10,24,101,86,15,25.185185185185183,7.4074074074074066,17.77777777777778,74.81481481481481,63.70370370370371,11.11111111111111
E00167233,109,29,10,19,80,72,8,26.605504587155966,9.174311926605505,17.431192660550458,73.39449541284404,66.05504587155964,7.339449541284404
E00167234,163,68,31,37,95,88,7,41.717791411042946,19.018404907975462,22.699386503067483,58.282208588957054,53.987730061349694,4.294478527607362
E00167236,155,19,11,8,136,109,27,12.258064516129032,7.096774193548387,5.161290322580645,87.74193548387098,70.3225806451613,17.419354838709676
E00167237,152,19,7,12,133,90,43,12.5,4.605263157894736,7.894736842105263,87.5,59.210526315789465,28.289473684210524
E00167238,119,43,22,21,76,67,9,36.134453781512605,18.487394957983195,17.647058823529413,63.86554621848739,56.30252100840336,7.563025210084033
E00167239,162,60,20,40,102,81,21,37.03703703703704,12.345679012345679,24.691358024691358,62.96296296296296,50,12.962962962962962
E00167241,147,73,20,53,74,62,12,49.65986394557823,13.60544217687075,36.054421768707485,50.34013605442177,42.17687074829932,8.16326530612245
E00167244,287,42,15,27,245,202,43,14.634146341463413,5.2264808362369335,9.40766550522648,85.36585365853658,70.38327526132404,14.982578397212542
E00167245,136,41,9,32,95,72,23,30.14705882352941,6.61764705882353,23.52941176470588,69.85294117647058,52.94117647058824,16.911764705882355
E00167246,89,13,1,12,76,66,10,14.606741573033707,1.1235955056179776,13.48314606741573,85.39325842696628,74.15730337078652,11.235955056179774
E00167247,107,17,4,13,90,62,28,15.887850467289718,3.7383177570093453,12.149532710280374,84.11214953271028,57.943925233644855,26.168224299065418
E00167248,441,44,26,18,397,261,136,9.977324263038549,5.895691609977324,4.081632653061225,90.02267573696146,59.183673469387756,30.839002267573694
E00167249,290,16,5,11,274,172,102,5.517241379310345,1.7241379310344827,3.793103448275862,94.48275862068965,59.310344827586206,35.172413793103445
E00167250,79,36,19,17,43,37,6,45.56962025316456,24.050632911392405,21.518987341772153,54.43037974683544,46.835443037974684,7.59493670886076
E00167252,167,58,18,40,109,90,19,34.73053892215569,10.778443113772456,23.952095808383234,65.26946107784431,53.89221556886228,11.377245508982035
E00167253,139,40,13,27,99,84,15,28.776978417266186,9.352517985611511,19.424460431654676,71.22302158273382,60.431654676258994,10.79136690647482
E00167256,178,32,12,20,146,113,33,17.97752808988764,6.741573033707865,11.235955056179774,82.02247191011236,63.48314606741573,18.53932584269663
E00167257,256,73,29,44,183,152,31,28.515625,11.328125,17.1875,71.484375,59.375,12.109375
E00167258,195,87,32,55,108,96,12,44.61538461538462,16.41025641025641,28.205128205128204,55.38461538461539,49.23076923076923,6.153846153846154
E00167260,214,98,32,66,116,106,10,45.794392523364486,14.953271028037381,30.8411214953271,54.20560747663551,49.532710280373834,4.672897196261682
E00167261,216,54,16,38,162,122,40,25,7.4074074074074066,17.59259259259259,75,56.481481481481474,18.51851851851852
E00167262,77,14,4,10,63,48,15,18.181818181818183,5.194805194805195,12.987012987012985,81.81818181818183,62.33766233766234,19.480519480519483
E00167263,143,10,4,6,133,109,24,6.993006993006993,2.797202797202797,4.195804195804196,93.00699300699301,76.22377622377621,16.783216783216783
E00167264,278,55,14,41,223,175,48,19.784172661870503,5.0359712230215825,14.748201438848922,80.2158273381295,62.94964028776978,17.26618705035971
E00183710,85,3,0,3,82,62,20,3.5294117647058822,0,3.5294117647058822,96.47058823529412,72.94117647058823,23.52941176470588
E00183711,164,59,21,38,105,92,13,35.97560975609756,12.804878048780488,23.170731707317074,64.02439024390245,56.09756097560976,7.926829268292683
E00183712,188,41,17,24,147,126,21,21.808510638297875,9.042553191489363,12.76595744680851,78.19148936170212,67.02127659574468,11.170212765957446
E00183713,72,20,6,14,52,42,10,27.77777777777778,8.333333333333332,19.444444444444446,72.22222222222221,58.333333333333336,13.88888888888889
E00183714,118,37,12,25,81,68,13,31.35593220338983,10.16949152542373,21.1864406779661,68.64406779661016,57.6271186440678,11.016949152542372
E00183724,224,22,6,16,202,148,54,9.821428571428571,2.6785714285714284,7.142857142857142,90.17857142857143,66.07142857142857,24.107142857142858
E00183725,125,52,17,35,73,59,14,41.6,13.600000000000001,28.000000000000004,58.4,47.199999999999996,11.200000000000001
E00183726,188,87,26,61,101,85,16,46.27659574468085,13.829787234042554,32.4468085106383,53.72340425531915,45.21276595744681,8.51063829787234
E00183727,190,64,22,42,126,107,19,33.68421052631579,11.578947368421053,22.105263157894736,66.3157894736842,56.315789473684205,10
E00183728,202,79,26,53,123,108,15,39.10891089108911,12.871287128712872,26.237623762376238,60.89108910891089,53.46534653465347,7.425742574257425
E00183729,162,87,58,29,75,67,8,53.70370370370371,35.80246913580247,17.901234567901234,46.2962962962963,41.358024691358025,4.938271604938271
E00183730,317,50,29,21,267,203,64,15.772870662460567,9.14826498422713,6.624605678233439,84.22712933753942,64.03785488958991,20.189274447949526
E00183731,142,19,7,12,123,100,23,13.380281690140844,4.929577464788732,8.450704225352112,86.61971830985915,70.4225352112676,16.19718309859155
E00183737,170,17,8,9,153,104,49,10,4.705882352941177,5.294117647058823,90,61.1764705882353,28.823529411764703
E00183738,153,8,1,7,145,109,36,5.228758169934641,0.6535947712418301,4.57516339869281,94.77124183006535,71.24183006535948,23.52941176470588
E00183739,143,32,15,17,111,82,29,22.377622377622377,10.48951048951049,11.888111888111888,77.62237762237763,57.34265734265735,20.27972027972028
E00183740,191,10,3,7,181,97,84,5.2356020942408374,1.5706806282722512,3.664921465968586,94.76439790575915,50.78534031413613,43.97905759162304
E00183741,163,31,10,21,132,94,38,19.018404907975462,6.134969325153374,12.883435582822086,80.98159509202453,57.668711656441715,23.31288343558282
E00183742,151,13,7,6,138,88,50,8.609271523178808,4.635761589403973,3.9735099337748347,91.3907284768212,58.27814569536424,33.11258278145696
E00183743,143,10,4,6,133,79,54,6.993006993006993,2.797202797202797,4.195804195804196,93.00699300699301,55.24475524475524,37.76223776223776
E00183744,122,34,16,18,88,59,29,27.86885245901639,13.114754098360656,14.754098360655737,72.1311475409836,48.36065573770492,23.770491803278688
E00183745,129,39,7,32,90,69,21,30.23255813953488,5.426356589147287,24.8062015503876,69.76744186046511,53.48837209302325,16.27906976744186
E00183746,211,23,10,13,188,128,60,10.90047393364929,4.739336492890995,6.161137440758294,89.0995260663507,60.66350710900474,28.436018957345972
E00183747,163,19,8,11,144,82,62,11.65644171779141,4.9079754601226995,6.748466257668712,88.34355828220859,50.306748466257666,38.036809815950924
E00183748,201,18,11,7,183,100,83,8.955223880597014,5.472636815920398,3.482587064676617,91.04477611940298,49.75124378109453,41.29353233830846
E00183750,138,18,5,13,120,96,24,13.043478260869565,3.6231884057971016,9.420289855072465,86.95652173913044,69.56521739130434,17.391304347826086
E00183751,132,52,18,34,80,71,9,39.39393939393939,13.636363636363635,25.757575757575758,60.60606060606061,53.78787878787878,6.8181818181818175
E00183752,229,22,13,9,207,168,39,9.606986899563319,5.676855895196507,3.9301310043668125,90.39301310043668,73.36244541484717,17.03056768558952
E00183753,220,26,9,17,194,136,58,11.818181818181818,4.090909090909091,7.727272727272727,88.18181818181819,61.81818181818181,26.36363636363636
E00183754,130,25,10,15,105,84,21,19.230769230769234,7.6923076923076925,11.538461538461538,80.76923076923077,64.61538461538461,16.153846153846153
E00183759,127,68,26,42,59,59,0,53.54330708661418,20.47244094488189,33.07086614173229,46.45669291338583,46.45669291338583,0
E00183762,202,24,11,13,178,131,47,11.881188118811881,5.445544554455446,6.435643564356436,88.11881188118812,64.85148514851485,23.26732673267327
E00183764,235,22,8,14,213,157,56,9.361702127659575,3.404255319148936,5.957446808510639,90.63829787234042,66.80851063829788,23.829787234042556
E00183766,207,28,13,15,179,143,36,13.526570048309178,6.280193236714976,7.246376811594203,86.47342995169082,69.08212560386472,17.391304347826086
E00183767,215,18,6,12,197,135,62,8.372093023255815,2.7906976744186047,5.5813953488372094,91.62790697674419,62.7906976744186,28.837209302325583
E00183769,214,32,19,13,182,147,35,14.953271028037381,8.878504672897195,6.074766355140187,85.04672897196261,68.69158878504673,16.355140186915886
E00183773,171,40,11,29,131,81,50,23.391812865497073,6.432748538011696,16.95906432748538,76.60818713450293,47.368421052631575,29.239766081871345
E00183776,256,30,11,19,226,181,45,11.71875,4.296875,7.421875,88.28125,70.703125,17.578125
E00183777,171,12,3,9,159,123,36,7.017543859649122,1.7543859649122806,5.263157894736842,92.98245614035088,71.9298245614035,21.052631578947366
E00183778,137,26,11,15,111,88,23,18.97810218978102,8.02919708029197,10.948905109489052,81.02189781021897,64.23357664233576,16.78832116788321
E00183779,162,78,28,50,84,65,19,48.148148148148145,17.28395061728395,30.864197530864196,51.85185185185185,40.123456790123456,11.728395061728394
E00183780,190,16,7,9,174,127,47,8.421052631578947,3.684210526315789,4.736842105263158,91.57894736842105,66.84210526315789,24.736842105263158
E00183782,151,36,12,24,115,76,39,23.841059602649008,7.9470198675496695,15.894039735099339,76.15894039735099,50.331125827814574,25.82781456953642
E00183783,166,39,19,20,127,86,41,23.49397590361446,11.44578313253012,12.048192771084338,76.50602409638554,51.80722891566265,24.69879518072289
E00183784,141,44,13,31,97,86,11,31.20567375886525,9.219858156028367,21.98581560283688,68.79432624113475,60.99290780141844,7.801418439716312
E00183785,199,12,6,6,187,132,55,6.030150753768844,3.015075376884422,3.015075376884422,93.96984924623115,66.33165829145729,27.63819095477387
E00183787,149,52,17,35,97,79,18,34.899328859060404,11.409395973154362,23.48993288590604,65.1006711409396,53.02013422818792,12.080536912751679
E00183788,123,59,16,43,64,53,11,47.96747967479675,13.008130081300814,34.959349593495936,52.03252032520326,43.08943089430895,8.94308943089431
E00183789,146,67,21,46,79,72,7,45.89041095890411,14.383561643835616,31.506849315068493,54.109589041095894,49.31506849315068,4.794520547945205
E00183790,93,44,18,26,49,44,5,47.31182795698925,19.35483870967742,27.956989247311824,52.68817204301075,47.31182795698925,5.376344086021505
E00183791,146,42,14,28,104,86,18,28.767123287671232,9.58904109589041,19.17808219178082,71.23287671232876,58.9041095890411,12.32876712328767
E00183793,130,29,16,13,101,76,25,22.30769230769231,12.307692307692308,10,77.6923076923077,58.46153846153847,19.230769230769234
E00183794,184,39,17,22,145,123,22,21.195652173913043,9.239130434782608,11.956521739130435,78.80434782608695,66.84782608695652,11.956521739130435
E00183795,185,28,14,14,157,122,35,15.135135135135137,7.567567567567568,7.567567567567568,84.86486486486487,65.94594594594595,18.91891891891892
E00183797,137,25,11,14,112,77,35,18.248175182481752,8.02919708029197,10.218978102189782,81.75182481751825,56.20437956204379,25.547445255474454
E00183799,222,35,16,19,187,118,69,15.765765765765765,7.207207207207207,8.558558558558559,84.23423423423422,53.153153153153156,31.08108108108108
E00183800,139,48,18,30,91,81,10,34.53237410071942,12.949640287769784,21.58273381294964,65.46762589928058,58.27338129496403,7.1942446043165464
E00183804,188,15,7,8,173,98,75,7.9787234042553195,3.723404255319149,4.25531914893617,92.02127659574468,52.12765957446809,39.8936170212766
E00183805,202,47,17,30,155,124,31,23.26732673267327,8.415841584158416,14.85148514851485,76.73267326732673,61.386138613861384,15.346534653465346
E00183806,114,35,14,21,79,65,14,30.701754385964914,12.280701754385964,18.421052631578945,69.2982456140351,57.01754385964912,12.280701754385964
E00183807,137,13,7,6,124,92,32,9.48905109489051,5.109489051094891,4.37956204379562,90.51094890510949,67.15328467153284,23.357664233576642
E00183808,138,53,30,23,85,66,19,38.405797101449274,21.73913043478261,16.666666666666664,61.59420289855072,47.82608695652174,13.768115942028986
E00183810,195,37,16,21,158,125,33,18.974358974358974,8.205128205128204,10.76923076923077,81.02564102564102,64.1025641025641,16.923076923076923
E00183811,84,29,16,13,55,47,8,34.523809523809526,19.047619047619047,15.476190476190476,65.47619047619048,55.952380952380956,9.523809523809524
E00183812,155,60,21,39,95,79,16,38.70967741935484,13.548387096774196,25.161290322580644,61.29032258064516,50.967741935483865,10.32258064516129
E00183814,157,67,24,43,90,84,6,42.675159235668794,15.286624203821656,27.388535031847134,57.324840764331206,53.503184713375795,3.821656050955414
E00183817,55,24,9,15,31,30,1,43.63636363636363,16.363636363636363,27.27272727272727,56.36363636363636,54.54545454545454,1.8181818181818181
E00183818,149,57,21,36,92,79,13,38.25503355704698,14.093959731543624,24.161073825503358,61.74496644295302,53.02013422818792,8.724832214765101
E00183819,169,42,13,29,127,108,19,24.85207100591716,7.6923076923076925,17.159763313609467,75.14792899408283,63.905325443786985,11.242603550295858
E00183820,131,20,12,8,111,76,35,15.267175572519085,9.16030534351145,6.106870229007633,84.7328244274809,58.01526717557252,26.717557251908396
E00183821,247,76,30,46,171,142,29,30.76923076923077,12.145748987854251,18.62348178137652,69.23076923076923,57.48987854251012,11.740890688259109
E00183822,224,71,26,45,153,120,33,31.69642857142857,11.607142857142858,20.089285714285715,68.30357142857143,53.57142857142857,14.732142857142858
E00183824,162,18,9,9,144,98,46,11.11111111111111,5.555555555555555,5.555555555555555,88.88888888888889,60.49382716049383,28.39506172839506
E00183825,220,44,20,24,176,149,27,20,9.090909090909092,10.909090909090908,80,67.72727272727272,12.272727272727273
E00183828,235,77,35,42,158,122,36,32.76595744680851,14.893617021276595,17.872340425531917,67.23404255319149,51.91489361702127,15.319148936170212
E00183829,84,20,9,11,64,54,10,23.809523809523807,10.714285714285714,13.095238095238097,76.19047619047619,64.28571428571429,11.904761904761903
E00183830,166,54,32,22,112,93,19,32.53012048192771,19.27710843373494,13.253012048192772,67.46987951807229,56.024096385542165,11.44578313253012
E00183832,151,41,13,28,110,98,12,27.1523178807947,8.609271523178808,18.543046357615893,72.84768211920529,64.90066225165563,7.9470198675496695
E00183833,155,31,9,22,124,90,34,20,5.806451612903226,14.193548387096774,80,58.06451612903226,21.935483870967744
E00183834,213,38,17,21,175,153,22,17.84037558685446,7.981220657276995,9.859154929577464,82.15962441314554,71.83098591549296,10.328638497652582
E00183835,117,32,16,16,85,70,15,27.350427350427353,13.675213675213676,13.675213675213676,72.64957264957265,59.82905982905983,12.82051282051282
E00183836,180,14,8,6,166,122,44,7.777777777777778,4.444444444444445,3.3333333333333335,92.22222222222223,67.77777777777779,24.444444444444443
E00183837,151,31,14,17,120,102,18,20.52980132450331,9.271523178807946,11.258278145695364,79.47019867549669,67.54966887417218,11.920529801324504
E00183838,157,21,12,9,136,85,51,13.375796178343949,7.643312101910828,5.7324840764331215,86.62420382165605,54.14012738853503,32.48407643312102
E00183840,175,38,16,22,137,100,37,21.714285714285715,9.142857142857142,12.571428571428573,78.28571428571428,57.14285714285714,21.142857142857142
E00183841,155,17,11,6,138,111,27,10.967741935483872,7.096774193548387,3.870967741935484,89.03225806451613,71.61290322580646,17.419354838709676
E00183842,213,38,18,20,175,117,58,17.84037558685446,8.450704225352112,9.389671361502346,82.15962441314554,54.929577464788736,27.230046948356808
E00183843,132,20,8,12,112,88,24,15.151515151515152,6.0606060606060606,9.090909090909092,84.84848484848484,66.66666666666666,18.181818181818183
E00183844,370,41,5,36,329,200,129,11.081081081081082,1.3513513513513513,9.72972972972973,88.91891891891892,54.054054054054056,34.86486486486486
E00183847,164,16,7,9,148,89,59,9.75609756097561,4.2682926829268295,5.487804878048781,90.2439024390244,54.268292682926834,35.97560975609756
E00183848,449,34,15,19,415,286,129,7.57238307349666,3.34075723830735,4.231625835189309,92.42761692650335,63.69710467706013,28.73051224944321
E00183849,171,31,11,20,140,106,34,18.128654970760234,6.432748538011696,11.695906432748536,81.87134502923976,61.98830409356725,19.883040935672515
E00183851,121,59,20,39,62,48,14,48.760330578512395,16.528925619834713,32.231404958677686,51.2396694214876,39.66942148760331,11.570247933884298
E00183854,163,35,14,21,128,98,30,21.472392638036812,8.588957055214724,12.883435582822086,78.52760736196319,60.122699386503065,18.404907975460123
E00183855,139,44,30,14,95,75,20,31.654676258992804,21.58273381294964,10.071942446043165,68.34532374100719,53.956834532374096,14.388489208633093
E00183856,69,19,7,12,50,39,11,27.536231884057973,10.144927536231885,17.391304347826086,72.46376811594203,56.52173913043478,15.942028985507244
E00183860,184,53,31,22,131,106,25,28.804347826086957,16.847826086956523,11.956521739130435,71.19565217391305,57.608695652173914,13.586956521739129
E00183862,155,39,24,15,116,69,47,25.161290322580644,15.483870967741936,9.67741935483871,74.83870967741936,44.516129032258064,30.32258064516129
E00183863,174,43,18,25,131,108,23,24.71264367816092,10.344827586206897,14.367816091954023,75.28735632183908,62.06896551724138,13.218390804597702
E00183864,162,21,7,14,141,103,38,12.962962962962962,4.320987654320987,8.641975308641975,87.03703703703704,63.580246913580254,23.456790123456788
E00183865,80,17,6,11,63,51,12,21.25,7.5,13.750000000000002,78.75,63.74999999999999,15
E00183866,214,34,14,20,180,149,31,15.887850467289718,6.5420560747663545,9.345794392523365,84.11214953271028,69.62616822429906,14.485981308411214
E00183867,303,32,13,19,271,205,66,10.561056105610561,4.29042904290429,6.270627062706271,89.43894389438944,67.65676567656766,21.782178217821784
E00183869,151,49,17,32,102,90,12,32.450331125827816,11.258278145695364,21.192052980132452,67.54966887417218,59.60264900662252,7.9470198675496695
E00183871,154,28,13,15,126,97,29,18.181818181818183,8.441558441558442,9.740259740259742,81.81818181818183,62.98701298701299,18.83116883116883
E00183874,114,32,14,18,82,69,13,28.07017543859649,12.280701754385964,15.789473684210526,71.9298245614035,60.526315789473685,11.403508771929824
E00183875,169,14,7,7,155,106,49,8.284023668639055,4.142011834319527,4.142011834319527,91.71597633136095,62.721893491124256,28.994082840236686
E00183878,156,19,8,11,137,100,37,12.179487179487179,5.128205128205128,7.051282051282051,87.82051282051282,64.1025641025641,23.717948717948715
E00183880,240,53,23,30,187,158,29,22.083333333333332,9.583333333333334,12.5,77.91666666666667,65.83333333333333,12.083333333333334
E00183882,83,18,9,9,65,49,16,21.686746987951807,10.843373493975903,10.843373493975903,78.3132530120482,59.036144578313255,19.27710843373494
E00183883,114,49,11,38,65,57,8,42.98245614035088,9.649122807017543,33.33333333333333,57.01754385964912,50,7.017543859649122
E00183885,135,28,11,17,107,98,9,20.74074074074074,8.148148148148149,12.592592592592592,79.25925925925927,72.5925925925926,6.666666666666667
E00183887,192,53,16,37,139,110,29,27.604166666666668,8.333333333333332,19.270833333333336,72.39583333333334,57.291666666666664,15.104166666666666
E00183888,139,17,4,13,122,85,37,12.23021582733813,2.877697841726619,9.352517985611511,87.76978417266187,61.15107913669065,26.618705035971225
E00183889,131,64,25,39,67,62,5,48.854961832061065,19.083969465648856,29.770992366412212,51.14503816793893,47.32824427480916,3.816793893129771
E00183890,168,50,17,33,118,81,37,29.761904761904763,10.119047619047619,19.642857142857142,70.23809523809523,48.214285714285715,22.023809523809522
E00183892,270,33,10,23,237,179,58,12.222222222222221,3.7037037037037033,8.518518518518519,87.77777777777777,66.2962962962963,21.48148148148148
E00183893,198,35,16,19,163,117,46,17.67676767676768,8.080808080808081,9.595959595959595,82.32323232323232,59.09090909090909,23.232323232323232
E00183895,116,62,27,35,54,42,12,53.44827586206896,23.275862068965516,30.17241379310345,46.55172413793103,36.206896551724135,10.344827586206897
E00183896,135,61,26,35,74,63,11,45.18518518518518,19.25925925925926,25.925925925925924,54.81481481481482,46.666666666666664,8.148148148148149
E00183897,57,32,12,20,25,22,3,56.14035087719298,21.052631578947366,35.08771929824561,43.859649122807014,38.59649122807017,5.263157894736842
E00183900,156,30,10,20,126,99,27,19.230769230769234,6.41025641025641,12.82051282051282,80.76923076923077,63.46153846153846,17.307692307692307
E00183901,168,9,5,4,159,123,36,5.357142857142857,2.976190476190476,2.380952380952381,94.64285714285714,73.21428571428571,21.428571428571427
E00183902,182,65,20,45,117,99,18,35.714285714285715,10.989010989010989,24.725274725274726,64.28571428571429,54.395604395604394,9.89010989010989
E00183905,256,44,21,23,212,151,61,17.1875,8.203125,8.984375,82.8125,58.984375,23.828125
E00183908,127,36,18,18,91,71,20,28.346456692913385,14.173228346456693,14.173228346456693,71.65354330708661,55.90551181102362,15.748031496062993
E00183911,165,23,5,18,142,114,28,13.939393939393941,3.0303030303030303,10.909090909090908,86.06060606060606,69.0909090909091,16.969696969696972
E00183913,64,21,9,12,43,35,8,32.8125,14.0625,18.75,67.1875,54.6875,12.5
E00183915,133,50,18,32,83,69,14,37.59398496240601,13.533834586466165,24.06015037593985,62.40601503759399,51.8796992481203,10.526315789473683
E00183919,111,31,11,20,80,71,9,27.927927927927925,9.90990990990991,18.01801801801802,72.07207207207207,63.96396396396396,8.108108108108109
E00183922,218,52,18,34,166,133,33,23.853211009174313,8.256880733944955,15.59633027522936,76.14678899082568,61.00917431192661,15.137614678899084
E00183923,184,37,14,23,147,124,23,20.108695652173914,7.608695652173914,12.5,79.8913043478261,67.3913043478261,12.5
E00183925,125,35,16,19,90,80,10,28.000000000000004,12.8,15.2,72,64,8
E00183926,82,28,19,9,54,43,11,34.146341463414636,23.170731707317074,10.975609756097562,65.85365853658537,52.4390243902439,13.414634146341465
E00183928,231,24,8,16,207,155,52,10.38961038961039,3.463203463203463,6.926406926406926,89.6103896103896,67.09956709956711,22.51082251082251
E00183931,346,32,16,16,314,198,116,9.248554913294797,4.624277456647398,4.624277456647398,90.7514450867052,57.22543352601156,33.52601156069364
E00183932,164,80,20,60,84,75,9,48.78048780487805,12.195121951219512,36.58536585365854,51.21951219512195,45.73170731707317,5.487804878048781
E00183933,215,33,20,13,182,132,50,15.348837209302326,9.30232558139535,6.046511627906977,84.65116279069768,61.395348837209305,23.25581395348837
E00183934,287,20,10,10,267,174,93,6.968641114982578,3.484320557491289,3.484320557491289,93.03135888501743,60.62717770034843,32.40418118466899
E00183935,137,43,16,27,94,78,16,31.386861313868614,11.678832116788321,19.708029197080293,68.61313868613139,56.934306569343065,11.678832116788321
E00183936,189,55,19,36,134,100,34,29.100529100529098,10.052910052910052,19.047619047619047,70.8994708994709,52.910052910052904,17.989417989417987
E00183939,130,42,17,25,88,79,9,32.30769230769231,13.076923076923078,19.230769230769234,67.6923076923077,60.76923076923077,6.923076923076923
E00183942,126,17,9,8,109,94,15,13.492063492063492,7.142857142857142,6.349206349206349,86.5079365079365,74.60317460317461,11.904761904761903
E00183943,148,35,12,23,113,91,22,23.64864864864865,8.108108108108109,15.54054054054054,76.35135135135135,61.48648648648649,14.864864864864865
E00183946,134,45,15,30,89,76,13,33.582089552238806,11.194029850746269,22.388059701492537,66.4179104477612,56.71641791044776,9.701492537313433
E00183948,120,24,9,15,96,70,26,20,7.5,12.5,80,58.333333333333336,21.666666666666668
E00183950,140,23,7,16,117,99,18,16.428571428571427,5,11.428571428571429,83.57142857142857,70.71428571428572,12.857142857142856
E00183951,117,55,19,36,62,57,5,47.008547008547005,16.23931623931624,30.76923076923077,52.991452991452995,48.717948717948715,4.273504273504273
E00183953,109,16,5,11,93,80,13,14.678899082568808,4.587155963302752,10.091743119266056,85.3211009174312,73.39449541284404,11.926605504587156
E00183954,265,46,12,34,219,190,29,17.358490566037734,4.528301886792453,12.830188679245284,82.64150943396227,71.69811320754717,10.943396226415095
E00183957,267,23,8,15,244,171,73,8.614232209737828,2.9962546816479403,5.617977528089887,91.38576779026218,64.04494382022472,27.340823970037455
E00183958,271,31,14,17,240,174,66,11.439114391143912,5.166051660516605,6.273062730627306,88.56088560885608,64.20664206642066,24.354243542435423
E00183959,249,31,17,14,218,160,58,12.449799196787147,6.827309236947792,5.622489959839357,87.55020080321285,64.2570281124498,23.293172690763054
E00183960,328,50,27,23,278,214,64,15.24390243902439,8.231707317073171,7.01219512195122,84.7560975609756,65.2439024390244,19.51219512195122
E00183961,167,4,1,3,163,116,47,2.3952095808383236,0.5988023952095809,1.7964071856287425,97.60479041916167,69.46107784431138,28.143712574850298
E00183964,100,61,25,36,39,36,3,61,25,36,39,36,3
E00183965,160,14,6,8,146,111,35,8.75,3.75,5,91.25,69.375,21.875
E00183966,150,36,15,21,114,90,24,24,10,14.000000000000002,76,60,16
E00183968,130,36,15,21,94,82,12,27.692307692307693,11.538461538461538,16.153846153846153,72.3076923076923,63.07692307692307,9.230769230769232
E00183970,240,91,37,54,149,111,38,37.916666666666664,15.416666666666668,22.5,62.083333333333336,46.25,15.833333333333332
E00183972,128,37,16,21,91,74,17,28.90625,12.5,16.40625,71.09375,57.8125,13.28125
E00183973,209,67,19,48,142,105,37,32.057416267942585,9.090909090909092,22.966507177033492,67.94258373205741,50.23923444976076,17.703349282296653
E00183975,212,93,44,49,119,114,5,43.86792452830189,20.754716981132077,23.11320754716981,56.132075471698116,53.77358490566038,2.358490566037736
E00183978,104,47,18,29,57,55,2,45.19230769230769,17.307692307692307,27.884615384615387,54.807692307692314,52.88461538461539,1.9230769230769231
E00183979,197,38,15,23,159,124,35,19.289340101522843,7.614213197969544,11.6751269035533,80.71065989847716,62.944162436548226,17.766497461928935
E00183980,107,5,0,5,102,75,27,4.672897196261682,0,4.672897196261682,95.32710280373831,70.09345794392523,25.233644859813083
E00183982,167,20,11,9,147,118,29,11.976047904191617,6.58682634730539,5.389221556886228,88.02395209580838,70.65868263473054,17.365269461077844
E00183984,182,61,15,46,121,105,16,33.51648351648351,8.241758241758241,25.274725274725274,66.48351648351648,57.692307692307686,8.791208791208792
E00183985,176,30,17,13,146,111,35,17.045454545454543,9.659090909090908,7.386363636363637,82.95454545454545,63.06818181818182,19.886363636363637
E00183986,194,35,19,16,159,120,39,18.04123711340206,9.793814432989691,8.24742268041237,81.95876288659794,61.855670103092784,20.103092783505154
E00183987,155,31,16,15,124,99,25,20,10.32258064516129,9.67741935483871,80,63.87096774193548,16.129032258064516
E00183989,118,74,10,64,44,39,5,62.71186440677966,8.47457627118644,54.23728813559322,37.28813559322034,33.05084745762712,4.23728813559322
E00183991,202,29,11,18,173,108,65,14.356435643564355,5.445544554455446,8.91089108910891,85.64356435643565,53.46534653465347,32.17821782178218
E00183992,155,38,11,27,117,99,18,24.516129032258064,7.096774193548387,17.419354838709676,75.48387096774194,63.87096774193548,11.612903225806452
E00183994,125,10,7,3,115,90,25,8,5.6000000000000005,2.4,92,72,20
E00183995,142,29,13,16,113,87,26,20.422535211267608,9.15492957746479,11.267605633802818,79.5774647887324,61.267605633802816,18.30985915492958
E00183998,230,32,11,21,198,151,47,13.91304347826087,4.782608695652174,9.130434782608695,86.08695652173914,65.65217391304347,20.434782608695652
E00184000,231,21,9,12,210,147,63,9.090909090909092,3.896103896103896,5.194805194805195,90.9090909090909,63.63636363636363,27.27272727272727
E00184001,184,53,25,28,131,105,26,28.804347826086957,13.586956521739129,15.217391304347828,71.19565217391305,57.065217391304344,14.130434782608695
E00184003,102,36,15,21,66,49,17,35.294117647058826,14.705882352941178,20.588235294117645,64.70588235294117,48.03921568627451,16.666666666666664
E00184004,160,19,3,16,141,109,32,11.875,1.875,10,88.125,68.125,20
E00184005,160,24,9,15,136,107,29,15,5.625,9.375,85,66.875,18.125
E00184007,173,7,5,2,166,123,43,4.046242774566474,2.8901734104046244,1.1560693641618496,95.95375722543352,71.09826589595376,24.85549132947977
E00184008,124,43,11,32,81,65,16,34.67741935483871,8.870967741935484,25.806451612903224,65.32258064516128,52.41935483870967,12.903225806451612
E00184009,133,74,30,44,59,56,3,55.639097744360896,22.55639097744361,33.08270676691729,44.3609022556391,42.10526315789473,2.2556390977443606
E00184011,181,71,19,52,110,84,26,39.226519337016576,10.497237569060774,28.7292817679558,60.773480662983424,46.408839779005525,14.3646408839779
E00184013,177,62,27,35,115,101,14,35.02824858757062,15.254237288135593,19.774011299435028,64.97175141242938,57.06214689265536,7.909604519774012
E00184014,180,27,16,11,153,122,31,15,8.88888888888889,6.111111111111111,85,67.77777777777779,17.22222222222222
E00184015,156,37,12,25,119,85,34,23.717948717948715,7.6923076923076925,16.025641025641026,76.28205128205127,54.48717948717948,21.794871794871796
E00184016,182,16,9,7,166,130,36,8.791208791208792,4.945054945054945,3.8461538461538463,91.20879120879121,71.42857142857143,19.78021978021978
E00184017,95,57,33,24,38,36,2,60,34.73684210526316,25.263157894736842,40,37.89473684210527,2.1052631578947367
E00184019,144,72,31,41,72,68,4,50,21.52777777777778,28.47222222222222,50,47.22222222222222,2.7777777777777777
E00184020,216,40,18,22,176,127,49,18.51851851851852,8.333333333333332,10.185185185185185,81.48148148148148,58.79629629629629,22.685185185185187
E00184021,85,39,16,23,46,44,2,45.88235294117647,18.823529411764707,27.058823529411764,54.11764705882353,51.76470588235295,2.3529411764705883
E00184022,153,23,7,16,130,105,25,15.032679738562091,4.57516339869281,10.457516339869281,84.9673202614379,68.62745098039215,16.33986928104575
E00184024,220,57,22,35,163,139,24,25.90909090909091,10,15.909090909090908,74.0909090909091,63.18181818181819,10.909090909090908
E00184028,148,36,14,22,112,98,14,24.324324324324326,9.45945945945946,14.864864864864865,75.67567567567568,66.21621621621621,9.45945945945946
E00184036,65,31,13,18,34,26,8,47.69230769230769,20,27.692307692307693,52.307692307692314,40,12.307692307692308
E00184038,125,36,12,24,89,78,11,28.799999999999997,9.6,19.2,71.2,62.4,8.799999999999999
E00184039,212,91,38,53,121,103,18,42.924528301886795,17.92452830188679,25,57.07547169811321,48.58490566037736,8.49056603773585
E00184040,201,21,14,7,180,149,31,10.44776119402985,6.965174129353234,3.482587064676617,89.55223880597015,74.12935323383084,15.422885572139302
E00184041,229,28,12,16,201,141,60,12.22707423580786,5.240174672489083,6.986899563318777,87.77292576419214,61.572052401746724,26.200873362445414
E00184042,216,81,26,55,135,116,19,37.5,12.037037037037036,25.462962962962965,62.5,53.70370370370371,8.796296296296296
E00184043,84,17,9,8,67,45,22,20.238095238095237,10.714285714285714,9.523809523809524,79.76190476190477,53.57142857142857,26.190476190476193
E00184044,210,54,27,27,156,133,23,25.71428571428571,12.857142857142856,12.857142857142856,74.28571428571429,63.33333333333333,10.952380952380953
E00184045,213,16,7,9,197,138,59,7.511737089201878,3.286384976525822,4.225352112676056,92.48826291079813,64.7887323943662,27.699530516431924
E00184046,157,17,11,6,140,95,45,10.828025477707007,7.006369426751593,3.821656050955414,89.171974522293,60.509554140127385,28.662420382165603
E00184047,194,43,7,36,151,125,26,22.164948453608247,3.608247422680412,18.556701030927837,77.83505154639175,64.43298969072166,13.402061855670103
E00184050,234,27,8,19,207,149,58,11.538461538461538,3.418803418803419,8.11965811965812,88.46153846153845,63.67521367521367,24.786324786324787
E00184051,75,13,8,5,62,55,7,17.333333333333336,10.666666666666668,6.666666666666667,82.66666666666667,73.33333333333333,9.333333333333334
E00184054,224,38,11,27,186,133,53,16.964285714285715,4.910714285714286,12.053571428571429,83.03571428571429,59.375,23.660714285714285
E00184055,135,14,6,8,121,47,74,10.37037037037037,4.444444444444445,5.9259259259259265,89.62962962962962,34.81481481481482,54.81481481481482
E00184056,182,51,25,26,131,99,32,28.021978021978022,13.736263736263737,14.285714285714285,71.97802197802197,54.395604395604394,17.582417582417584
E00184057,128,9,1,8,119,89,30,7.03125,0.78125,6.25,92.96875,69.53125,23.4375
E00184060,160,27,17,10,133,111,22,16.875,10.625,6.25,83.125,69.375,13.750000000000002
E00184061,202,17,6,11,185,134,51,8.415841584158416,2.9702970297029703,5.445544554455446,91.58415841584159,66.33663366336634,25.247524752475247
E00184062,233,34,19,15,199,160,39,14.592274678111588,8.15450643776824,6.437768240343347,85.40772532188842,68.6695278969957,16.738197424892704
E00184063,155,57,17,40,98,78,20,36.774193548387096,10.967741935483872,25.806451612903224,63.2258064516129,50.32258064516129,12.903225806451612
E00184064,85,60,22,38,25,25,0,70.58823529411765,25.882352941176475,44.70588235294118,29.411764705882355,29.411764705882355,0
E00184065,160,45,20,25,115,98,17,28.125,12.5,15.625,71.875,61.25000000000001,10.625
E00184066,83,26,14,12,57,47,10,31.32530120481928,16.867469879518072,14.457831325301203,68.67469879518072,56.62650602409639,12.048192771084338
E00184067,124,39,10,29,85,80,5,31.451612903225808,8.064516129032258,23.387096774193548,68.54838709677419,64.51612903225806,4.032258064516129
E00184068,51,14,6,8,37,29,8,27.450980392156865,11.76470588235294,15.686274509803921,72.54901960784314,56.86274509803921,15.686274509803921
E00184069,164,63,24,39,101,82,19,38.41463414634146,14.634146341463413,23.78048780487805,61.58536585365854,50,11.585365853658537
E00184070,238,39,23,16,199,156,43,16.386554621848738,9.663865546218489,6.722689075630252,83.61344537815127,65.54621848739495,18.067226890756302
E00184071,339,25,9,16,314,200,114,7.374631268436578,2.6548672566371683,4.71976401179941,92.62536873156341,58.99705014749262,33.6283185840708
E00184072,180,30,14,16,150,133,17,16.666666666666664,7.777777777777778,8.88888888888889,83.33333333333334,73.88888888888889,9.444444444444445
E00184073,202,21,8,13,181,140,41,10.396039603960396,3.9603960396039604,6.435643564356436,89.60396039603961,69.3069306930693,20.2970297029703
E00184074,134,40,17,23,94,71,23,29.850746268656714,12.686567164179104,17.16417910447761,70.1492537313433,52.98507462686567,17.16417910447761
E00184075,195,14,5,9,181,131,50,7.179487179487179,2.564102564102564,4.615384615384616,92.82051282051282,67.17948717948717,25.64102564102564
E00184077,125,62,25,37,63,59,4,49.6,20,29.599999999999998,50.4,47.199999999999996,3.2
E00184079,183,34,10,24,149,118,31,18.579234972677597,5.46448087431694,13.114754098360656,81.4207650273224,64.48087431693989,16.939890710382514
E00184082,361,30,4,26,331,222,109,8.310249307479225,1.10803324099723,7.202216066481995,91.68975069252078,61.495844875346265,30.193905817174517
E00184083,250,64,27,37,186,133,53,25.6,10.8,14.799999999999999,74.4,53.2,21.2
E00184085,95,18,11,7,77,61,16,18.947368421052634,11.578947368421053,7.368421052631578,81.05263157894737,64.21052631578948,16.842105263157894
E00184086,257,23,8,15,234,169,65,8.949416342412452,3.11284046692607,5.836575875486381,91.05058365758755,65.75875486381322,25.291828793774318
E00184088,183,8,4,4,175,142,33,4.371584699453552,2.185792349726776,2.185792349726776,95.62841530054644,77.59562841530054,18.0327868852459
E00184089,129,31,9,22,98,63,35,24.031007751937985,6.976744186046512,17.05426356589147,75.96899224806202,48.837209302325576,27.131782945736433
E00184091,178,30,11,19,148,117,31,16.853932584269664,6.179775280898876,10.674157303370785,83.14606741573034,65.73033707865169,17.415730337078653
E00184092,156,60,26,34,96,82,14,38.46153846153847,16.666666666666664,21.794871794871796,61.53846153846154,52.56410256410257,8.974358974358974
E00184094,139,56,21,35,83,70,13,40.28776978417266,15.107913669064748,25.179856115107913,59.71223021582733,50.35971223021583,9.352517985611511
E00184095,159,60,25,35,99,83,16,37.735849056603776,15.723270440251572,22.0125786163522,62.264150943396224,52.20125786163522,10.062893081761008
E00184099,84,27,9,18,57,46,11,32.142857142857146,10.714285714285714,21.428571428571427,67.85714285714286,54.761904761904766,13.095238095238097
E00184100,180,50,18,32,130,100,30,27.77777777777778,10,17.77777777777778,72.22222222222221,55.55555555555556,16.666666666666664
E00184101,177,33,16,17,144,117,27,18.64406779661017,9.03954802259887,9.6045197740113,81.35593220338984,66.10169491525424,15.254237288135593
E00184102,102,67,43,24,35,30,5,65.68627450980392,42.15686274509804,23.52941176470588,34.31372549019608,29.411764705882355,4.901960784313726
E00184104,200,19,10,9,181,140,41,9.5,5,4.5,90.5,70,20.5
E00184106,168,8,7,1,160,109,51,4.761904761904762,4.166666666666666,0.5952380952380952,95.23809523809523,64.88095238095238,30.357142857142854
E00184107,228,28,14,14,200,164,36,12.280701754385964,6.140350877192982,6.140350877192982,87.71929824561403,71.9298245614035,15.789473684210526
E00184108,147,78,28,50,69,60,9,53.06122448979592,19.047619047619047,34.01360544217687,46.93877551020408,40.816326530612244,6.122448979591836
E00184110,167,42,17,25,125,110,15,25.149700598802394,10.179640718562874,14.97005988023952,74.8502994011976,65.86826347305389,8.982035928143713
E00184111,233,30,12,18,203,149,54,12.875536480686694,5.150214592274678,7.725321888412018,87.1244635193133,63.94849785407726,23.17596566523605
E00184112,208,49,16,33,159,123,36,23.557692307692307,7.6923076923076925,15.865384615384615,76.4423076923077,59.13461538461539,17.307692307692307
E00184114,214,33,18,15,181,133,48,15.42056074766355,8.411214953271028,7.009345794392523,84.57943925233646,62.149532710280376,22.429906542056074
E00184117,202,23,12,11,179,109,70,11.386138613861387,5.9405940594059405,5.445544554455446,88.61386138613861,53.960396039603964,34.65346534653465
E00184119,176,31,13,18,145,116,29,17.613636363636363,7.386363636363637,10.227272727272728,82.38636363636364,65.9090909090909,16.477272727272727
E00184121,88,9,4,5,79,61,18,10.227272727272728,4.545454545454546,5.681818181818182,89.77272727272727,69.31818181818183,20.454545454545457
E00184124,193,34,18,16,159,132,27,17.616580310880828,9.32642487046632,8.290155440414509,82.38341968911918,68.39378238341969,13.989637305699482
E00184125,76,21,6,15,55,47,8,27.631578947368425,7.894736842105263,19.736842105263158,72.36842105263158,61.8421052631579,10.526315789473683
E00184126,154,91,31,60,63,50,13,59.09090909090909,20.12987012987013,38.961038961038966,40.909090909090914,32.467532467532465,8.441558441558442
E00184127,182,13,4,9,169,114,55,7.142857142857142,2.197802197802198,4.945054945054945,92.85714285714286,62.637362637362635,30.21978021978022
E00184128,156,39,18,21,117,92,25,25,11.538461538461538,13.461538461538462,75,58.97435897435898,16.025641025641026
E00184129,131,79,33,46,52,47,5,60.30534351145038,25.190839694656486,35.11450381679389,39.69465648854962,35.87786259541985,3.816793893129771
E00184130,143,34,11,23,109,88,21,23.776223776223777,7.6923076923076925,16.083916083916083,76.22377622377621,61.53846153846154,14.685314685314685
E00184132,130,51,9,42,79,70,9,39.23076923076923,6.923076923076923,32.30769230769231,60.76923076923077,53.84615384615385,6.923076923076923
E00184134,143,79,39,40,64,55,9,55.24475524475524,27.27272727272727,27.972027972027973,44.75524475524475,38.46153846153847,6.293706293706294
E00184135,168,59,19,40,109,91,18,35.11904761904761,11.30952380952381,23.809523809523807,64.88095238095238,54.166666666666664,10.714285714285714
E00184136,160,48,24,24,112,97,15,30,15,15,70,60.62499999999999,9.375
E00190013,130,25,6,19,105,75,30,19.230769230769234,4.615384615384616,14.615384615384617,80.76923076923077,57.692307692307686,23.076923076923077
E00190014,303,70,30,40,233,158,75,23.1023102310231,9.900990099009901,13.2013201320132,76.89768976897689,52.14521452145215,24.752475247524753
