OA,ts0590001,ts0590002,ts0590003,ts0590004,ts0590005,ts0590006,ts0590007,ts0590002_PCT,ts0590003_PCT,ts0590004_PCT,ts0590005_PCT,ts0590006_PCT,ts0590007_PCT
E00063395,24,10,5,5,14,14,0,41.66666666666667,20.833333333333336,20.833333333333336,58.333333333333336,58.333333333333336,0
E00063398,195,81,22,59,114,107,7,41.53846153846154,11.282051282051283,30.256410256410255,58.46153846153847,54.871794871794876,3.5897435897435894
E00063399,136,58,13,45,78,74,4,42.64705882352941,9.558823529411764,33.088235294117645,57.35294117647059,54.41176470588235,2.941176470588235
E00063400,125,65,20,45,60,57,3,52,16,36,48,45.6,2.4
E00063402,84,43,13,30,41,40,1,51.19047619047619,15.476190476190476,35.714285714285715,48.80952380952381,47.61904761904761,1.1904761904761905
E00063403,163,70,22,48,93,90,3,42.944785276073624,13.496932515337424,29.447852760736197,57.05521472392638,55.21472392638037,1.8404907975460123
E00063404,121,57,11,46,64,59,5,47.107438016528924,9.090909090909092,38.01652892561984,52.892561983471076,48.760330578512395,4.132231404958678
E00063405,132,56,17,39,76,71,5,42.42424242424242,12.878787878787879,29.545454545454547,57.57575757575758,53.78787878787878,3.787878787878788
E00063406,132,60,12,48,72,67,5,45.45454545454545,9.090909090909092,36.36363636363637,54.54545454545454,50.75757575757576,3.787878787878788
E00063407,112,58,24,34,54,50,4,51.78571428571429,21.428571428571427,30.357142857142854,48.214285714285715,44.642857142857146,3.571428571428571
E00063408,90,28,5,23,62,62,0,31.11111111111111,5.555555555555555,25.555555555555554,68.88888888888889,68.88888888888889,0
E00063409,112,54,11,43,58,54,4,48.214285714285715,9.821428571428571,38.392857142857146,51.78571428571429,48.214285714285715,3.571428571428571
E00063410,150,74,23,51,76,72,4,49.333333333333336,15.333333333333332,34,50.66666666666667,48,2.666666666666667
E00063411,131,49,11,38,82,82,0,37.404580152671755,8.396946564885496,29.00763358778626,62.59541984732825,62.59541984732825,0
E00063412,123,40,15,25,83,74,9,32.52032520325203,12.195121951219512,20.32520325203252,67.47967479674797,60.16260162601627,7.317073170731707
E00063413,91,30,8,22,61,57,4,32.967032967032964,8.791208791208792,24.175824175824175,67.03296703296702,62.637362637362635,4.395604395604396
E00063414,149,66,18,48,83,76,7,44.29530201342282,12.080536912751679,32.21476510067114,55.70469798657718,51.006711409395976,4.697986577181208
E00063415,47,20,4,16,27,25,2,42.5531914893617,8.51063829787234,34.04255319148936,57.446808510638306,53.191489361702125,4.25531914893617
E00063416,48,13,3,10,35,35,0,27.083333333333332,6.25,20.833333333333336,72.91666666666666,72.91666666666666,0
E00063417,169,68,15,53,101,94,7,40.23668639053255,8.875739644970414,31.360946745562128,59.76331360946746,55.62130177514793,4.142011834319527
E00063418,103,41,13,28,62,55,7,39.80582524271845,12.62135922330097,27.184466019417474,60.19417475728155,53.398058252427184,6.796116504854369
E00063419,141,71,13,58,70,67,3,50.35460992907801,9.219858156028367,41.13475177304964,49.645390070921984,47.5177304964539,2.127659574468085
E00063420,157,65,17,48,92,82,10,41.40127388535032,10.828025477707007,30.573248407643312,58.59872611464968,52.22929936305732,6.369426751592357
E00063421,157,71,20,51,86,78,8,45.22292993630573,12.738853503184714,32.48407643312102,54.77707006369427,49.681528662420384,5.095541401273886
E00063422,195,88,22,66,107,102,5,45.12820512820513,11.282051282051283,33.84615384615385,54.871794871794876,52.307692307692314,2.564102564102564
E00063423,154,76,26,50,78,74,4,49.35064935064935,16.883116883116884,32.467532467532465,50.649350649350644,48.05194805194805,2.5974025974025974
E00063425,89,41,13,28,48,48,0,46.06741573033708,14.606741573033707,31.46067415730337,53.93258426966292,53.93258426966292,0
E00063426,197,87,38,49,110,99,11,44.16243654822335,19.289340101522843,24.873096446700508,55.83756345177665,50.25380710659898,5.583756345177665
E00063427,139,65,22,43,74,70,4,46.76258992805755,15.827338129496402,30.935251798561154,53.23741007194245,50.35971223021583,2.877697841726619
E00063428,219,90,30,60,129,119,10,41.0958904109589,13.698630136986301,27.397260273972602,58.9041095890411,54.337899543378995,4.5662100456621
E00063429,166,63,18,45,103,96,7,37.95180722891566,10.843373493975903,27.10843373493976,62.048192771084345,57.831325301204814,4.216867469879518
E00063430,120,59,18,41,61,59,2,49.166666666666664,15,34.166666666666664,50.83333333333333,49.166666666666664,1.6666666666666667
E00063431,142,68,27,41,74,62,12,47.88732394366197,19.014084507042252,28.87323943661972,52.112676056338024,43.66197183098591,8.450704225352112
E00063432,161,71,18,53,90,90,0,44.099378881987576,11.180124223602485,32.91925465838509,55.90062111801242,55.90062111801242,0
E00063433,175,66,23,43,109,103,6,37.714285714285715,13.142857142857142,24.571428571428573,62.28571428571429,58.857142857142854,3.428571428571429
E00063434,162,86,22,64,76,70,6,53.086419753086425,13.580246913580247,39.50617283950617,46.913580246913575,43.20987654320987,3.7037037037037033
E00063435,194,85,30,55,109,90,19,43.81443298969072,15.463917525773196,28.350515463917525,56.18556701030928,46.391752577319586,9.793814432989691
E00063436,170,76,36,40,94,80,14,44.70588235294118,21.176470588235293,23.52941176470588,55.294117647058826,47.05882352941176,8.235294117647058
E00063437,184,68,17,51,116,99,17,36.95652173913043,9.239130434782608,27.717391304347828,63.04347826086957,53.80434782608695,9.239130434782608
E00063438,178,66,28,38,112,95,17,37.07865168539326,15.730337078651685,21.34831460674157,62.92134831460674,53.37078651685393,9.550561797752808
E00063439,137,46,15,31,91,81,10,33.57664233576642,10.948905109489052,22.62773722627737,66.42335766423358,59.12408759124088,7.2992700729927
E00063440,108,40,19,21,68,57,11,37.03703703703704,17.59259259259259,19.444444444444446,62.96296296296296,52.77777777777778,10.185185185185185
E00063441,268,69,24,45,199,187,12,25.74626865671642,8.955223880597014,16.791044776119403,74.25373134328358,69.77611940298507,4.477611940298507
E00063443,144,44,11,33,100,93,7,30.555555555555557,7.638888888888889,22.916666666666664,69.44444444444444,64.58333333333334,4.861111111111112
E00063444,164,62,16,46,102,90,12,37.80487804878049,9.75609756097561,28.04878048780488,62.19512195121951,54.87804878048781,7.317073170731707
E00063445,139,34,8,26,105,95,10,24.46043165467626,5.755395683453238,18.705035971223023,75.53956834532374,68.34532374100719,7.1942446043165464
E00063446,157,58,17,41,99,91,8,36.94267515923567,10.828025477707007,26.11464968152866,63.05732484076433,57.961783439490446,5.095541401273886
E00063447,184,60,18,42,124,109,15,32.608695652173914,9.782608695652174,22.82608695652174,67.3913043478261,59.2391304347826,8.152173913043478
E00063448,163,53,20,33,110,93,17,32.515337423312886,12.269938650306749,20.245398773006134,67.48466257668711,57.05521472392638,10.429447852760736
E00063449,169,63,15,48,106,97,9,37.278106508875744,8.875739644970414,28.402366863905325,62.721893491124256,57.396449704142015,5.325443786982249
E00063450,112,41,15,26,71,60,11,36.607142857142854,13.392857142857142,23.214285714285715,63.39285714285714,53.57142857142857,9.821428571428571
E00063451,150,63,18,45,87,78,9,42,12,30,57.99999999999999,52,6
E00063452,215,82,28,54,133,120,13,38.139534883720934,13.023255813953488,25.116279069767444,61.86046511627907,55.81395348837209,6.046511627906977
E00063453,186,85,19,66,101,88,13,45.69892473118279,10.21505376344086,35.483870967741936,54.3010752688172,47.31182795698925,6.989247311827956
E00063454,205,73,15,58,132,118,14,35.609756097560975,7.317073170731707,28.292682926829265,64.39024390243902,57.56097560975609,6.829268292682928
E00063455,150,75,19,56,75,67,8,50,12.666666666666668,37.333333333333336,50,44.666666666666664,5.333333333333334
E00063456,104,32,12,20,72,64,8,30.76923076923077,11.538461538461538,19.230769230769234,69.23076923076923,61.53846153846154,7.6923076923076925
E00063457,133,49,14,35,84,84,0,36.84210526315789,10.526315789473683,26.31578947368421,63.1578947368421,63.1578947368421,0
E00063458,199,82,28,54,117,110,7,41.20603015075377,14.07035175879397,27.1356783919598,58.79396984924623,55.27638190954774,3.5175879396984926
E00063459,191,78,26,52,113,97,16,40.83769633507853,13.612565445026178,27.225130890052355,59.16230366492147,50.78534031413613,8.37696335078534
E00063460,187,70,21,49,117,101,16,37.4331550802139,11.229946524064172,26.203208556149733,62.56684491978609,54.01069518716578,8.55614973262032
E00063461,175,77,18,59,98,96,2,44,10.285714285714285,33.714285714285715,56.00000000000001,54.85714285714286,1.1428571428571428
E00063462,120,53,16,37,67,63,4,44.166666666666664,13.333333333333334,30.833333333333336,55.833333333333336,52.5,3.3333333333333335
E00063463,165,69,22,47,96,89,7,41.81818181818181,13.333333333333334,28.484848484848484,58.18181818181818,53.939393939393945,4.242424242424243
E00063464,154,60,13,47,94,87,7,38.961038961038966,8.441558441558442,30.519480519480517,61.038961038961034,56.493506493506494,4.545454545454546
E00063465,160,66,18,48,94,84,10,41.25,11.25,30,58.75,52.5,6.25
E00063466,204,95,34,61,109,97,12,46.568627450980394,16.666666666666664,29.901960784313726,53.431372549019606,47.549019607843135,5.88235294117647
E00063467,131,51,19,32,80,74,6,38.93129770992366,14.50381679389313,24.427480916030532,61.06870229007634,56.48854961832062,4.580152671755725
E00063468,154,78,24,54,76,73,3,50.649350649350644,15.584415584415584,35.064935064935064,49.35064935064935,47.4025974025974,1.948051948051948
E00063469,101,22,1,21,79,68,11,21.782178217821784,0.9900990099009901,20.792079207920793,78.21782178217822,67.32673267326733,10.891089108910892
E00063470,126,38,15,23,88,76,12,30.158730158730158,11.904761904761903,18.253968253968253,69.84126984126983,60.317460317460316,9.523809523809524
E00063471,149,42,9,33,107,95,12,28.187919463087248,6.0402684563758395,22.14765100671141,71.81208053691275,63.758389261744966,8.053691275167784
E00063472,130,35,9,26,95,76,19,26.923076923076923,6.923076923076923,20,73.07692307692307,58.46153846153847,14.615384615384617
E00063473,96,23,8,15,73,59,14,23.958333333333336,8.333333333333332,15.625,76.04166666666666,61.458333333333336,14.583333333333334
E00063474,129,37,12,25,92,85,7,28.68217054263566,9.30232558139535,19.379844961240313,71.31782945736434,65.89147286821705,5.426356589147287
E00063475,227,60,15,45,167,143,24,26.431718061674008,6.607929515418502,19.823788546255507,73.568281938326,62.99559471365639,10.572687224669604
E00063476,99,25,8,17,74,73,1,25.252525252525253,8.080808080808081,17.17171717171717,74.74747474747475,73.73737373737373,1.0101010101010102
E00063477,117,32,6,26,85,75,10,27.350427350427353,5.128205128205128,22.22222222222222,72.64957264957265,64.1025641025641,8.547008547008547
E00063478,117,33,7,26,84,73,11,28.205128205128204,5.982905982905983,22.22222222222222,71.7948717948718,62.39316239316239,9.401709401709402
E00063479,79,23,4,19,56,42,14,29.11392405063291,5.063291139240507,24.050632911392405,70.88607594936708,53.16455696202531,17.72151898734177
E00063480,110,34,9,25,76,75,1,30.909090909090907,8.181818181818182,22.727272727272727,69.0909090909091,68.18181818181817,0.9090909090909091
E00063481,74,26,6,20,48,44,4,35.13513513513514,8.108108108108109,27.027027027027028,64.86486486486487,59.45945945945946,5.405405405405405
E00063482,154,40,9,31,114,101,13,25.97402597402597,5.844155844155844,20.12987012987013,74.02597402597402,65.5844155844156,8.441558441558442
E00063483,99,19,3,16,80,77,3,19.19191919191919,3.0303030303030303,16.161616161616163,80.8080808080808,77.77777777777779,3.0303030303030303
E00063484,165,33,12,21,132,116,16,20,7.2727272727272725,12.727272727272727,80,70.3030303030303,9.696969696969697
E00063485,150,37,14,23,113,99,14,24.666666666666668,9.333333333333334,15.333333333333332,75.33333333333333,66,9.333333333333334
E00063486,136,30,5,25,106,95,11,22.058823529411764,3.6764705882352944,18.38235294117647,77.94117647058823,69.85294117647058,8.088235294117647
E00063487,141,36,12,24,105,95,10,25.53191489361702,8.51063829787234,17.02127659574468,74.46808510638297,67.37588652482269,7.092198581560284
E00063488,140,26,6,20,114,92,22,18.571428571428573,4.285714285714286,14.285714285714285,81.42857142857143,65.71428571428571,15.714285714285714
E00063489,214,56,20,36,158,119,39,26.168224299065418,9.345794392523365,16.822429906542055,73.83177570093457,55.60747663551402,18.22429906542056
E00063490,100,34,9,25,66,59,7,34,9,25,66,59,7.000000000000001
E00063491,214,70,18,52,144,132,12,32.71028037383177,8.411214953271028,24.299065420560748,67.28971962616822,61.6822429906542,5.607476635514018
E00063492,180,57,16,41,123,109,14,31.666666666666664,8.88888888888889,22.77777777777778,68.33333333333333,60.55555555555555,7.777777777777778
E00063493,98,34,10,24,64,60,4,34.69387755102041,10.204081632653061,24.489795918367346,65.3061224489796,61.224489795918366,4.081632653061225
E00063494,125,54,17,37,71,67,4,43.2,13.600000000000001,29.599999999999998,56.8,53.6,3.2
E00063495,93,27,1,26,66,60,6,29.03225806451613,1.0752688172043012,27.956989247311824,70.96774193548387,64.51612903225806,6.451612903225806
E00063496,68,22,6,16,46,43,3,32.35294117647059,8.823529411764707,23.52941176470588,67.64705882352942,63.23529411764706,4.411764705882353
E00063497,126,42,8,34,84,78,6,33.33333333333333,6.349206349206349,26.984126984126984,66.66666666666666,61.904761904761905,4.761904761904762
E00063499,151,43,7,36,108,98,10,28.47682119205298,4.635761589403973,23.841059602649008,71.52317880794702,64.90066225165563,6.622516556291391
E00063500,118,27,6,21,91,86,5,22.88135593220339,5.084745762711865,17.796610169491526,77.11864406779661,72.88135593220339,4.23728813559322
E00063501,24,11,1,10,13,12,1,45.83333333333333,4.166666666666666,41.66666666666667,54.166666666666664,50,4.166666666666666
E00063502,161,47,10,37,114,103,11,29.19254658385093,6.211180124223603,22.981366459627328,70.80745341614907,63.975155279503106,6.832298136645963
E00063503,223,57,20,37,166,155,11,25.56053811659193,8.968609865470851,16.591928251121075,74.43946188340807,69.50672645739911,4.932735426008969
E00063504,125,42,8,34,83,79,4,33.6,6.4,27.200000000000003,66.4,63.2,3.2
E00063505,164,43,12,31,121,113,8,26.21951219512195,7.317073170731707,18.902439024390244,73.78048780487805,68.90243902439023,4.878048780487805
E00063506,129,27,8,19,102,92,10,20.930232558139537,6.2015503875969,14.728682170542637,79.06976744186046,71.31782945736434,7.751937984496124
E00063507,121,26,10,16,95,90,5,21.487603305785125,8.264462809917356,13.223140495867769,78.51239669421489,74.3801652892562,4.132231404958678
E00063508,121,23,1,22,98,88,10,19.00826446280992,0.8264462809917356,18.181818181818183,80.99173553719008,72.72727272727273,8.264462809917356
E00063509,107,40,6,34,67,62,5,37.38317757009346,5.607476635514018,31.775700934579437,62.616822429906534,57.943925233644855,4.672897196261682
E00063510,167,39,9,30,128,123,5,23.353293413173652,5.389221556886228,17.964071856287426,76.64670658682635,73.65269461077844,2.9940119760479043
E00063511,115,38,9,29,77,69,8,33.04347826086956,7.82608695652174,25.217391304347824,66.95652173913044,60,6.956521739130435
E00063512,58,14,4,10,44,37,7,24.137931034482758,6.896551724137931,17.24137931034483,75.86206896551724,63.793103448275865,12.068965517241379
E00063513,207,48,13,35,159,131,28,23.18840579710145,6.280193236714976,16.908212560386474,76.81159420289855,63.28502415458937,13.526570048309178
E00063514,174,39,9,30,135,121,14,22.413793103448278,5.172413793103448,17.24137931034483,77.58620689655173,69.54022988505747,8.045977011494253
E00063515,166,37,11,26,129,118,11,22.289156626506024,6.626506024096386,15.66265060240964,77.71084337349397,71.08433734939759,6.626506024096386
E00063517,123,35,10,25,88,82,6,28.455284552845526,8.130081300813007,20.32520325203252,71.54471544715447,66.66666666666666,4.878048780487805
E00063518,124,30,7,23,94,78,16,24.193548387096776,5.64516129032258,18.548387096774192,75.80645161290323,62.903225806451616,12.903225806451612
E00063520,263,63,14,49,200,178,22,23.954372623574145,5.323193916349809,18.631178707224336,76.04562737642586,67.68060836501901,8.365019011406844
E00063521,135,37,9,28,98,93,5,27.40740740740741,6.666666666666667,20.74074074074074,72.5925925925926,68.88888888888889,3.7037037037037033
E00063522,284,45,17,28,239,221,18,15.845070422535212,5.985915492957746,9.859154929577464,84.15492957746478,77.8169014084507,6.338028169014084
E00063523,114,32,16,16,82,75,7,28.07017543859649,14.035087719298245,14.035087719298245,71.9298245614035,65.78947368421053,6.140350877192982
E00063525,223,51,7,44,172,161,11,22.869955156950674,3.1390134529147984,19.730941704035875,77.13004484304933,72.19730941704036,4.932735426008969
E00063526,218,52,18,34,166,146,20,23.853211009174313,8.256880733944955,15.59633027522936,76.14678899082568,66.97247706422019,9.174311926605505
E00063527,117,46,16,30,71,66,5,39.31623931623932,13.675213675213676,25.64102564102564,60.68376068376068,56.41025641025641,4.273504273504273
E00063528,215,67,14,53,148,125,23,31.16279069767442,6.511627906976744,24.651162790697676,68.83720930232559,58.139534883720934,10.69767441860465
E00063529,102,29,10,19,73,63,10,28.431372549019606,9.803921568627452,18.627450980392158,71.56862745098039,61.76470588235294,9.803921568627452
E00063530,98,22,5,17,76,67,9,22.448979591836736,5.1020408163265305,17.346938775510203,77.55102040816327,68.36734693877551,9.183673469387756
E00063531,94,36,11,25,58,54,4,38.297872340425535,11.702127659574469,26.595744680851062,61.702127659574465,57.446808510638306,4.25531914893617
E00063532,128,25,3,22,103,94,9,19.53125,2.34375,17.1875,80.46875,73.4375,7.03125
E00063533,121,37,14,23,84,78,6,30.57851239669421,11.570247933884298,19.00826446280992,69.42148760330579,64.46280991735537,4.958677685950414
E00063534,85,27,4,23,58,56,2,31.76470588235294,4.705882352941177,27.058823529411764,68.23529411764706,65.88235294117646,2.3529411764705883
E00063535,143,43,17,26,100,92,8,30.069930069930066,11.888111888111888,18.181818181818183,69.93006993006993,64.33566433566433,5.594405594405594
E00063536,257,69,19,50,188,170,18,26.848249027237355,7.392996108949417,19.45525291828794,73.15175097276264,66.14785992217898,7.003891050583658
E00063537,128,45,16,29,83,80,3,35.15625,12.5,22.65625,64.84375,62.5,2.34375
E00063538,112,28,8,20,84,80,4,25,7.142857142857142,17.857142857142858,75,71.42857142857143,3.571428571428571
E00063539,64,17,3,14,47,40,7,26.5625,4.6875,21.875,73.4375,62.5,10.9375
E00063540,123,45,15,30,78,71,7,36.58536585365854,12.195121951219512,24.390243902439025,63.41463414634146,57.72357723577236,5.691056910569105
E00063541,111,50,13,37,61,60,1,45.04504504504504,11.711711711711711,33.33333333333333,54.95495495495496,54.054054054054056,0.9009009009009009
E00063542,180,31,16,15,149,133,16,17.22222222222222,8.88888888888889,8.333333333333332,82.77777777777777,73.88888888888889,8.88888888888889
E00063543,145,48,16,32,97,87,10,33.10344827586207,11.03448275862069,22.06896551724138,66.89655172413794,60,6.896551724137931
E00063544,96,24,8,16,72,66,6,25,8.333333333333332,16.666666666666664,75,68.75,6.25
E00063545,266,54,12,42,212,180,32,20.30075187969925,4.511278195488721,15.789473684210526,79.69924812030075,67.66917293233082,12.030075187969924
E00063546,372,78,14,64,294,264,30,20.967741935483872,3.763440860215054,17.20430107526882,79.03225806451613,70.96774193548387,8.064516129032258
E00063547,107,54,12,42,53,53,0,50.467289719626166,11.214953271028037,39.25233644859813,49.532710280373834,49.532710280373834,0
E00063549,157,72,20,52,85,80,5,45.85987261146497,12.738853503184714,33.12101910828025,54.14012738853503,50.955414012738856,3.1847133757961785
E00063550,165,89,21,68,76,69,7,53.939393939393945,12.727272727272727,41.21212121212121,46.06060606060606,41.81818181818181,4.242424242424243
E00063551,118,55,14,41,63,61,2,46.61016949152542,11.864406779661017,34.74576271186441,53.38983050847458,51.69491525423729,1.694915254237288
E00063552,100,29,7,22,71,68,3,28.999999999999996,7.000000000000001,22,71,68,3
E00063553,104,33,8,25,71,64,7,31.73076923076923,7.6923076923076925,24.03846153846154,68.26923076923077,61.53846153846154,6.730769230769231
E00063554,88,27,3,24,61,59,2,30.681818181818183,3.4090909090909087,27.27272727272727,69.31818181818183,67.04545454545455,2.272727272727273
E00063555,172,76,15,61,96,94,2,44.18604651162791,8.720930232558139,35.46511627906977,55.81395348837209,54.65116279069767,1.1627906976744187
E00063556,139,57,20,37,82,76,6,41.007194244604314,14.388489208633093,26.618705035971225,58.992805755395686,54.67625899280576,4.316546762589928
E00063557,116,40,7,33,76,71,5,34.48275862068966,6.0344827586206895,28.448275862068968,65.51724137931035,61.206896551724135,4.310344827586207
E00063558,106,27,8,19,79,75,4,25.471698113207548,7.547169811320755,17.92452830188679,74.52830188679245,70.75471698113208,3.7735849056603774
E00063560,135,68,21,47,67,67,0,50.37037037037037,15.555555555555555,34.81481481481482,49.629629629629626,49.629629629629626,0
E00063561,131,70,34,36,61,56,5,53.43511450381679,25.954198473282442,27.480916030534353,46.56488549618321,42.74809160305343,3.816793893129771
E00063562,177,80,11,69,97,92,5,45.19774011299435,6.214689265536723,38.983050847457626,54.80225988700565,51.9774011299435,2.824858757062147
E00063563,162,76,25,51,86,76,10,46.913580246913575,15.432098765432098,31.48148148148148,53.086419753086425,46.913580246913575,6.172839506172839
E00063564,200,95,36,59,105,96,9,47.5,18,29.5,52.5,48,4.5
E00063565,217,47,12,35,170,152,18,21.658986175115206,5.529953917050691,16.129032258064516,78.3410138248848,70.04608294930875,8.294930875576037
E00063566,156,33,11,22,123,113,10,21.153846153846153,7.051282051282051,14.102564102564102,78.84615384615384,72.43589743589743,6.41025641025641
E00063567,86,16,0,16,70,63,7,18.6046511627907,0,18.6046511627907,81.3953488372093,73.25581395348837,8.13953488372093
E00063568,213,42,16,26,171,154,17,19.718309859154928,7.511737089201878,12.206572769953052,80.28169014084507,72.30046948356808,7.981220657276995
E00063570,163,42,16,26,121,110,11,25.766871165644172,9.815950920245399,15.950920245398773,74.23312883435584,67.48466257668711,6.748466257668712
E00063571,128,39,13,26,89,82,7,30.46875,10.15625,20.3125,69.53125,64.0625,5.46875
E00063572,110,30,8,22,80,65,15,27.27272727272727,7.2727272727272725,20,72.72727272727273,59.09090909090909,13.636363636363635
E00063573,150,42,15,27,108,94,14,28.000000000000004,10,18,72,62.66666666666667,9.333333333333334
E00063574,128,34,11,23,94,86,8,26.5625,8.59375,17.96875,73.4375,67.1875,6.25
E00063575,145,55,10,45,90,78,12,37.93103448275862,6.896551724137931,31.03448275862069,62.06896551724138,53.79310344827586,8.275862068965518
E00063576,113,46,11,35,67,58,9,40.707964601769916,9.734513274336283,30.973451327433626,59.29203539823009,51.32743362831859,7.964601769911504
E00063577,105,30,13,17,75,67,8,28.57142857142857,12.380952380952381,16.19047619047619,71.42857142857143,63.8095238095238,7.6190476190476195
E00063578,235,55,16,39,180,155,25,23.404255319148938,6.808510638297872,16.595744680851062,76.59574468085107,65.95744680851064,10.638297872340425
E00063579,162,33,9,24,129,120,9,20.37037037037037,5.555555555555555,14.814814814814813,79.62962962962963,74.07407407407408,5.555555555555555
E00063580,98,21,0,21,77,67,10,21.428571428571427,0,21.428571428571427,78.57142857142857,68.36734693877551,10.204081632653061
E00063581,192,42,12,30,150,134,16,21.875,6.25,15.625,78.125,69.79166666666666,8.333333333333332
E00063582,143,37,9,28,106,100,6,25.874125874125873,6.293706293706294,19.58041958041958,74.12587412587412,69.93006993006993,4.195804195804196
E00063583,153,40,11,29,113,106,7,26.143790849673206,7.18954248366013,18.954248366013072,73.8562091503268,69.28104575163398,4.57516339869281
E00063584,142,31,6,25,111,100,11,21.830985915492956,4.225352112676056,17.6056338028169,78.16901408450704,70.4225352112676,7.746478873239436
E00063585,144,40,15,25,104,92,12,27.77777777777778,10.416666666666668,17.36111111111111,72.22222222222221,63.888888888888886,8.333333333333332
E00063586,91,27,8,19,64,54,10,29.67032967032967,8.791208791208792,20.87912087912088,70.32967032967034,59.34065934065934,10.989010989010989
E00063587,221,65,19,46,156,135,21,29.411764705882355,8.597285067873303,20.81447963800905,70.58823529411765,61.085972850678736,9.502262443438914
E00063588,140,35,8,27,105,98,7,25,5.714285714285714,19.28571428571429,75,70,5
E00063589,160,40,10,30,120,111,9,25,6.25,18.75,75,69.375,5.625
E00063590,121,35,6,29,86,78,8,28.92561983471074,4.958677685950414,23.96694214876033,71.07438016528926,64.46280991735537,6.6115702479338845
E00063591,111,25,5,20,86,78,8,22.52252252252252,4.504504504504505,18.01801801801802,77.47747747747748,70.27027027027027,7.207207207207207
E00063592,80,21,3,18,59,50,9,26.25,3.75,22.5,73.75,62.5,11.25
E00063594,44,15,5,10,29,28,1,34.090909090909086,11.363636363636363,22.727272727272727,65.9090909090909,63.63636363636363,2.272727272727273
E00063595,127,41,12,29,86,81,5,32.28346456692913,9.448818897637794,22.83464566929134,67.71653543307087,63.77952755905512,3.937007874015748
E00063596,105,29,9,20,76,61,15,27.61904761904762,8.571428571428571,19.047619047619047,72.38095238095238,58.0952380952381,14.285714285714285
E00063597,115,28,9,19,87,78,9,24.347826086956523,7.82608695652174,16.52173913043478,75.65217391304347,67.82608695652173,7.82608695652174
E00063598,178,39,14,25,139,125,14,21.910112359550563,7.865168539325842,14.04494382022472,78.08988764044943,70.2247191011236,7.865168539325842
E00063599,49,13,4,9,36,33,3,26.53061224489796,8.16326530612245,18.367346938775512,73.46938775510205,67.3469387755102,6.122448979591836
E00063600,163,40,9,31,123,111,12,24.539877300613497,5.521472392638037,19.018404907975462,75.4601226993865,68.09815950920245,7.361963190184049
E00063601,168,48,11,37,120,114,6,28.57142857142857,6.547619047619048,22.023809523809522,71.42857142857143,67.85714285714286,3.571428571428571
E00063603,326,73,22,51,253,227,26,22.392638036809817,6.748466257668712,15.644171779141105,77.60736196319019,69.6319018404908,7.975460122699387
E00063604,149,52,14,38,97,92,5,34.899328859060404,9.395973154362416,25.503355704697988,65.1006711409396,61.74496644295302,3.3557046979865772
E00063605,141,38,11,27,103,92,11,26.95035460992908,7.801418439716312,19.148936170212767,73.04964539007092,65.24822695035462,7.801418439716312
E00063606,25,10,2,8,15,15,0,40,8,32,60,60,0
E00063607,129,30,11,19,99,83,16,23.25581395348837,8.527131782945736,14.728682170542637,76.74418604651163,64.34108527131784,12.4031007751938
E00063608,198,43,9,34,155,142,13,21.71717171717172,4.545454545454546,17.17171717171717,78.28282828282829,71.71717171717171,6.565656565656567
E00063609,106,33,4,29,73,67,6,31.132075471698112,3.7735849056603774,27.358490566037734,68.86792452830188,63.20754716981132,5.660377358490567
E00063610,113,27,10,17,86,76,10,23.893805309734514,8.849557522123893,15.04424778761062,76.10619469026548,67.2566371681416,8.849557522123893
E00063611,121,35,4,31,86,81,5,28.92561983471074,3.3057851239669422,25.6198347107438,71.07438016528926,66.94214876033058,4.132231404958678
E00063612,161,42,11,31,119,109,10,26.08695652173913,6.832298136645963,19.25465838509317,73.91304347826086,67.70186335403726,6.211180124223603
E00063613,132,45,13,32,87,79,8,34.090909090909086,9.848484848484848,24.242424242424242,65.9090909090909,59.84848484848485,6.0606060606060606
E00063614,155,37,7,30,118,105,13,23.870967741935484,4.516129032258064,19.35483870967742,76.12903225806451,67.74193548387096,8.38709677419355
E00063615,172,40,12,28,132,122,10,23.25581395348837,6.976744186046512,16.27906976744186,76.74418604651163,70.93023255813954,5.813953488372093
E00063616,152,48,12,36,104,97,7,31.57894736842105,7.894736842105263,23.684210526315788,68.42105263157895,63.81578947368421,4.605263157894736
E00063617,128,36,8,28,92,86,6,28.125,6.25,21.875,71.875,67.1875,4.6875
E00063618,152,48,15,33,104,93,11,31.57894736842105,9.868421052631579,21.710526315789476,68.42105263157895,61.18421052631579,7.236842105263158
E00063619,109,42,16,26,67,59,8,38.53211009174312,14.678899082568808,23.853211009174313,61.46788990825688,54.12844036697248,7.339449541284404
E00063620,133,38,12,26,95,84,11,28.57142857142857,9.022556390977442,19.548872180451127,71.42857142857143,63.1578947368421,8.270676691729323
E00063621,89,27,5,22,62,57,5,30.337078651685395,5.617977528089887,24.719101123595504,69.66292134831461,64.04494382022472,5.617977528089887
E00063622,176,49,13,36,127,104,23,27.84090909090909,7.386363636363637,20.454545454545457,72.1590909090909,59.09090909090909,13.068181818181818
E00063623,81,25,5,20,56,51,5,30.864197530864196,6.172839506172839,24.691358024691358,69.1358024691358,62.96296296296296,6.172839506172839
E00063624,94,32,10,22,62,59,3,34.04255319148936,10.638297872340425,23.404255319148938,65.95744680851064,62.76595744680851,3.1914893617021276
E00063625,143,36,10,26,107,93,14,25.174825174825177,6.993006993006993,18.181818181818183,74.82517482517483,65.03496503496503,9.79020979020979
E00063626,123,36,12,24,87,82,5,29.268292682926827,9.75609756097561,19.51219512195122,70.73170731707317,66.66666666666666,4.0650406504065035
E00063627,135,48,12,36,87,73,14,35.55555555555556,8.88888888888889,26.666666666666668,64.44444444444444,54.074074074074076,10.37037037037037
E00063628,121,43,11,32,78,71,7,35.53719008264463,9.090909090909092,26.446280991735538,64.46280991735537,58.67768595041323,5.785123966942149
E00063629,136,43,9,34,93,89,4,31.61764705882353,6.61764705882353,25,68.38235294117648,65.44117647058823,2.941176470588235
E00063630,42,16,3,13,26,26,0,38.095238095238095,7.142857142857142,30.952380952380953,61.904761904761905,61.904761904761905,0
E00063631,169,60,15,45,109,103,6,35.50295857988166,8.875739644970414,26.627218934911244,64.49704142011834,60.946745562130175,3.5502958579881656
E00063632,102,40,6,34,62,57,5,39.21568627450981,5.88235294117647,33.33333333333333,60.78431372549019,55.88235294117647,4.901960784313726
E00063633,195,67,19,48,128,116,12,34.35897435897436,9.7435897435897445,24.615384615384617,65.64102564102564,59.48717948717949,6.153846153846154
E00063634,113,25,0,25,88,80,8,22.123893805309734,0,22.123893805309734,77.87610619469027,70.79646017699115,7.079646017699115
E00063635,107,31,11,20,76,63,13,28.971962616822427,10.2803738317757,18.69158878504673,71.02803738317756,58.87850467289719,12.149532710280374
E00063636,123,28,3,25,95,82,13,22.76422764227642,2.4390243902439024,20.32520325203252,77.23577235772358,66.66666666666666,10.569105691056912
E00063637,135,37,13,24,98,89,9,27.40740740740741,9.62962962962963,17.77777777777778,72.5925925925926,65.92592592592592,6.666666666666667
E00063638,146,31,9,22,115,110,5,21.232876712328768,6.164383561643835,15.068493150684931,78.76712328767124,75.34246575342466,3.4246575342465753
E00063639,112,24,2,22,88,80,8,21.428571428571427,1.7857142857142856,19.642857142857142,78.57142857142857,71.42857142857143,7.142857142857142
E00063641,78,14,2,12,64,52,12,17.94871794871795,2.564102564102564,15.384615384615385,82.05128205128204,66.66666666666666,15.384615384615385
E00063643,95,24,4,20,71,67,4,25.263157894736842,4.2105263157894735,21.052631578947366,74.73684210526315,70.52631578947368,4.2105263157894735
E00063644,143,40,7,33,103,89,14,27.972027972027973,4.895104895104895,23.076923076923077,72.02797202797203,62.23776223776224,9.79020979020979
E00063645,89,33,6,27,56,53,3,37.07865168539326,6.741573033707865,30.337078651685395,62.92134831460674,59.55056179775281,3.3707865168539324
E00063646,83,37,9,28,46,45,1,44.57831325301205,10.843373493975903,33.734939759036145,55.42168674698795,54.21686746987952,1.2048192771084338
E00063647,142,43,7,36,99,92,7,30.28169014084507,4.929577464788732,25.352112676056336,69.71830985915493,64.7887323943662,4.929577464788732
E00063648,96,34,16,18,62,59,3,35.41666666666667,16.666666666666664,18.75,64.58333333333334,61.458333333333336,3.125
E00063649,138,38,13,25,100,85,15,27.536231884057973,9.420289855072465,18.115942028985508,72.46376811594203,61.59420289855072,10.869565217391305
E00063650,216,64,26,38,152,107,45,29.629629629629626,12.037037037037036,17.59259259259259,70.37037037037037,49.53703703703704,20.833333333333336
E00063651,353,108,39,69,245,189,56,30.59490084985836,11.048158640226628,19.54674220963173,69.40509915014165,53.54107648725213,15.864022662889518
E00063652,181,46,20,26,135,107,28,25.41436464088398,11.049723756906078,14.3646408839779,74.58563535911603,59.11602209944752,15.469613259668508
E00063653,153,47,19,28,106,86,20,30.718954248366014,12.418300653594772,18.30065359477124,69.28104575163398,56.209150326797385,13.071895424836603
E00063654,81,30,6,24,51,42,9,37.03703703703704,7.4074074074074066,29.629629629629626,62.96296296296296,51.85185185185185,11.11111111111111
E00063655,126,41,15,26,85,71,14,32.53968253968254,11.904761904761903,20.634920634920633,67.46031746031747,56.34920634920635,11.11111111111111
E00063656,131,49,16,33,82,67,15,37.404580152671755,12.213740458015266,25.190839694656486,62.59541984732825,51.14503816793893,11.450381679389313
E00063657,115,26,10,16,89,66,23,22.608695652173914,8.695652173913043,13.91304347826087,77.39130434782608,57.391304347826086,20
E00063658,184,50,21,29,134,104,30,27.173913043478258,11.41304347826087,15.760869565217392,72.82608695652173,56.52173913043478,16.304347826086957
E00063659,173,48,16,32,125,101,24,27.74566473988439,9.248554913294797,18.497109826589593,72.25433526011561,58.38150289017341,13.872832369942195
E00063660,167,49,24,25,118,95,23,29.34131736526946,14.37125748502994,14.97005988023952,70.65868263473054,56.886227544910184,13.77245508982036
E00063661,133,29,8,21,104,73,31,21.804511278195488,6.015037593984962,15.789473684210526,78.19548872180451,54.88721804511278,23.308270676691727
E00063662,122,33,16,17,89,70,19,27.049180327868854,13.114754098360656,13.934426229508196,72.95081967213115,57.377049180327866,15.573770491803279
E00063663,84,30,8,22,54,50,4,35.714285714285715,9.523809523809524,26.190476190476193,64.28571428571429,59.523809523809526,4.761904761904762
E00063664,102,36,8,28,66,63,3,35.294117647058826,7.8431372549019605,27.450980392156865,64.70588235294117,61.76470588235294,2.941176470588235
E00063665,213,102,28,74,111,102,9,47.88732394366197,13.145539906103288,34.74178403755869,52.112676056338024,47.88732394366197,4.225352112676056
E00063666,90,31,9,22,59,52,7,34.44444444444444,10,24.444444444444443,65.55555555555556,57.77777777777777,7.777777777777778
E00063667,43,12,3,9,31,29,2,27.906976744186046,6.976744186046512,20.930232558139537,72.09302325581395,67.44186046511628,4.651162790697675
E00063668,223,87,23,64,136,121,15,39.01345291479821,10.31390134529148,28.699551569506728,60.98654708520179,54.26008968609865,6.726457399103139
E00063669,101,30,7,23,71,64,7,29.7029702970297,6.9306930693069315,22.772277227722775,70.29702970297029,63.366336633663366,6.9306930693069315
E00063671,137,53,12,41,84,71,13,38.68613138686132,8.75912408759124,29.927007299270077,61.31386861313869,51.82481751824818,9.48905109489051
E00063672,126,37,6,31,89,83,6,29.365079365079367,4.761904761904762,24.6031746031746,70.63492063492063,65.87301587301587,4.761904761904762
E00063673,189,95,36,59,94,87,7,50.264550264550266,19.047619047619047,31.216931216931215,49.735449735449734,46.03174603174603,3.7037037037037033
E00063674,161,66,18,48,95,89,6,40.993788819875775,11.180124223602485,29.81366459627329,59.006211180124225,55.27950310559007,3.7267080745341614
E00063675,115,48,14,34,67,59,8,41.73913043478261,12.173913043478262,29.565217391304348,58.26086956521739,51.30434782608696,6.956521739130435
E00063676,188,91,21,70,97,88,9,48.40425531914894,11.170212765957446,37.234042553191486,51.59574468085106,46.808510638297875,4.787234042553192
E00063677,129,42,10,32,87,80,7,32.55813953488372,7.751937984496124,24.8062015503876,67.44186046511628,62.01550387596899,5.426356589147287
E00063679,158,83,26,57,75,73,2,52.53164556962025,16.455696202531644,36.075949367088604,47.46835443037975,46.20253164556962,1.2658227848101267
E00063680,157,62,20,42,95,89,6,39.490445859872615,12.738853503184714,26.751592356687897,60.509554140127385,56.68789808917197,3.821656050955414
E00063681,84,21,8,13,63,55,8,25,9.523809523809524,15.476190476190476,75,65.47619047619048,9.523809523809524
E00063682,114,37,13,24,77,71,6,32.45614035087719,11.403508771929824,21.052631578947366,67.54385964912281,62.28070175438597,5.263157894736842
E00063683,205,68,19,49,137,126,11,33.170731707317074,9.268292682926829,23.902439024390244,66.82926829268293,61.46341463414634,5.365853658536586
E00063684,155,50,10,40,105,94,11,32.25806451612903,6.451612903225806,25.806451612903224,67.74193548387096,60.64516129032258,7.096774193548387
E00063685,109,41,8,33,68,65,3,37.61467889908257,7.339449541284404,30.275229357798167,62.38532110091744,59.63302752293578,2.7522935779816518
E00063686,127,43,12,31,84,79,5,33.85826771653544,9.448818897637794,24.409448818897637,66.14173228346458,62.20472440944882,3.937007874015748
E00063687,125,51,16,35,74,68,6,40.8,12.8,28.000000000000004,59.199999999999996,54.400000000000006,4.8
E00063688,184,78,29,49,106,92,14,42.391304347826086,15.760869565217392,26.6304347826087,57.608695652173914,50,7.608695652173914
E00063689,105,38,11,27,67,64,3,36.19047619047619,10.476190476190476,25.71428571428571,63.8095238095238,60.952380952380956,2.857142857142857
E00063690,182,56,15,41,126,115,11,30.76923076923077,8.241758241758241,22.52747252747253,69.23076923076923,63.18681318681318,6.043956043956044
E00063691,105,38,13,25,67,62,5,36.19047619047619,12.380952380952381,23.809523809523807,63.8095238095238,59.04761904761905,4.761904761904762
E00063692,170,74,22,52,96,85,11,43.529411764705884,12.941176470588237,30.58823529411765,56.470588235294116,50,6.470588235294119
E00063693,210,49,11,38,161,137,24,23.333333333333332,5.238095238095238,18.095238095238095,76.66666666666667,65.23809523809524,11.428571428571429
E00063694,74,21,5,16,53,42,11,28.37837837837838,6.756756756756757,21.62162162162162,71.62162162162163,56.75675675675676,14.864864864864865
E00063695,154,52,15,37,102,91,11,33.76623376623377,9.740259740259742,24.025974025974026,66.23376623376623,59.09090909090909,7.142857142857142
E00063696,230,52,17,35,178,160,18,22.608695652173914,7.391304347826087,15.217391304347828,77.39130434782608,69.56521739130434,7.82608695652174
E00063697,105,35,15,20,70,63,7,33.33333333333333,14.285714285714285,19.047619047619047,66.66666666666666,60,6.666666666666667
E00063698,111,31,5,26,80,65,15,27.927927927927925,4.504504504504505,23.423423423423422,72.07207207207207,58.55855855855856,13.513513513513514
E00063699,123,51,11,40,72,67,5,41.46341463414634,8.94308943089431,32.52032520325203,58.536585365853654,54.47154471544715,4.0650406504065035
E00063700,195,47,13,34,148,138,10,24.102564102564102,6.666666666666667,17.435897435897434,75.8974358974359,70.76923076923077,5.128205128205128
E00063701,137,46,14,32,91,78,13,33.57664233576642,10.218978102189782,23.357664233576642,66.42335766423358,56.934306569343065,9.48905109489051
E00063702,163,68,18,50,95,85,10,41.717791411042946,11.042944785276074,30.67484662576687,58.282208588957054,52.14723926380368,6.134969325153374
E00063703,98,37,6,31,61,57,4,37.755102040816325,6.122448979591836,31.63265306122449,62.244897959183675,58.16326530612245,4.081632653061225
E00063704,136,54,14,40,82,74,8,39.705882352941174,10.294117647058822,29.411764705882355,60.29411764705882,54.41176470588235,5.88235294117647
E00063705,179,53,12,41,126,114,12,29.608938547486037,6.70391061452514,22.905027932960895,70.39106145251397,63.687150837988824,6.70391061452514
E00063706,123,38,11,27,85,78,7,30.89430894308943,8.94308943089431,21.951219512195124,69.10569105691057,63.41463414634146,5.691056910569105
E00063707,156,59,26,33,97,86,11,37.82051282051282,16.666666666666664,21.153846153846153,62.17948717948718,55.12820512820513,7.051282051282051
E00063708,130,46,11,35,84,80,4,35.38461538461539,8.461538461538462,26.923076923076923,64.61538461538461,61.53846153846154,3.076923076923077
E00063709,161,70,14,56,91,86,5,43.47826086956522,8.695652173913043,34.78260869565217,56.52173913043478,53.41614906832298,3.1055900621118013
E00063710,129,35,11,24,94,85,9,27.131782945736433,8.527131782945736,18.6046511627907,72.86821705426357,65.89147286821705,6.976744186046512
E00063711,128,35,11,24,93,89,4,27.34375,8.59375,18.75,72.65625,69.53125,3.125
E00063712,74,25,8,17,49,47,2,33.78378378378378,10.81081081081081,22.972972972972975,66.21621621621621,63.51351351351351,2.7027027027027026
E00063713,119,48,14,34,71,66,5,40.33613445378151,11.76470588235294,28.57142857142857,59.66386554621849,55.46218487394958,4.201680672268908
E00063714,141,35,10,25,106,97,9,24.822695035460992,7.092198581560284,17.73049645390071,75.177304964539,68.79432624113475,6.382978723404255
E00063715,125,45,7,38,80,75,5,36,5.6000000000000005,30.4,64,60,4
E00063716,92,38,14,24,54,50,4,41.30434782608695,15.217391304347828,26.08695652173913,58.69565217391305,54.347826086956516,4.3478260869565215
E00063717,144,50,20,30,94,87,7,34.72222222222222,13.88888888888889,20.833333333333336,65.27777777777779,60.416666666666664,4.861111111111112
E00063718,151,58,26,32,93,80,13,38.41059602649007,17.218543046357617,21.192052980132452,61.58940397350994,52.980132450331126,8.609271523178808
E00063719,148,45,19,26,103,94,9,30.405405405405407,12.837837837837837,17.56756756756757,69.5945945945946,63.51351351351351,6.081081081081082
E00063720,144,60,16,44,84,80,4,41.66666666666667,11.11111111111111,30.555555555555557,58.333333333333336,55.55555555555556,2.7777777777777777
E00063721,130,40,9,31,90,80,10,30.76923076923077,6.923076923076923,23.846153846153847,69.23076923076923,61.53846153846154,7.6923076923076925
E00063722,113,45,13,32,68,62,6,39.823008849557525,11.504424778761061,28.31858407079646,60.17699115044248,54.86725663716814,5.3097345132743365
E00063723,129,43,8,35,86,83,3,33.33333333333333,6.2015503875969,27.131782945736433,66.66666666666666,64.34108527131784,2.3255813953488373
E00063724,132,52,11,41,80,76,4,39.39393939393939,8.333333333333332,31.060606060606062,60.60606060606061,57.57575757575758,3.0303030303030303
E00063725,122,50,12,38,72,71,1,40.98360655737705,9.836065573770492,31.147540983606557,59.01639344262295,58.19672131147541,0.819672131147541
E00063726,209,105,37,68,104,95,9,50.23923444976076,17.703349282296653,32.535885167464116,49.760765550239235,45.45454545454545,4.30622009569378
E00063727,154,67,12,55,87,81,6,43.506493506493506,7.792207792207792,35.714285714285715,56.493506493506494,52.5974025974026,3.896103896103896
E00063728,173,78,24,54,95,86,9,45.08670520231214,13.872832369942195,31.213872832369944,54.91329479768786,49.71098265895954,5.202312138728324
E00063729,194,83,24,59,111,107,4,42.78350515463917,12.371134020618557,30.412371134020617,57.21649484536082,55.154639175257735,2.0618556701030926
E00063730,100,37,7,30,63,58,5,37,7.000000000000001,30,63,57.99999999999999,5
E00063731,169,75,24,51,94,90,4,44.37869822485207,14.201183431952662,30.17751479289941,55.62130177514793,53.25443786982249,2.366863905325444
E00063733,137,30,7,23,107,98,9,21.897810218978105,5.109489051094891,16.78832116788321,78.1021897810219,71.53284671532847,6.569343065693431
E00063734,153,56,16,40,97,88,9,36.60130718954248,10.457516339869281,26.143790849673206,63.39869281045751,57.51633986928104,5.88235294117647
E00063735,211,79,30,49,132,124,8,37.44075829383886,14.218009478672986,23.22274881516588,62.55924170616114,58.767772511848335,3.7914691943127963
E00063736,219,77,32,45,142,129,13,35.15981735159817,14.61187214611872,20.54794520547945,64.84018264840182,58.9041095890411,5.93607305936073
E00063737,246,106,33,73,140,132,8,43.08943089430895,13.414634146341465,29.67479674796748,56.91056910569105,53.65853658536586,3.2520325203252036
E00063738,206,82,25,57,124,116,8,39.80582524271845,12.135922330097088,27.669902912621357,60.19417475728155,56.310679611650485,3.8834951456310676
E00063739,102,48,11,37,54,53,1,47.05882352941176,10.784313725490197,36.27450980392157,52.94117647058824,51.9607843137255,0.9803921568627451
E00063740,201,88,33,55,113,103,10,43.78109452736319,16.417910447761194,27.363184079601986,56.21890547263681,51.243781094527364,4.975124378109453
E00063741,176,69,16,53,107,98,9,39.20454545454545,9.090909090909092,30.113636363636363,60.79545454545454,55.68181818181818,5.113636363636364
E00063742,143,53,16,37,90,82,8,37.06293706293706,11.188811188811188,25.874125874125873,62.93706293706294,57.34265734265735,5.594405594405594
E00063743,163,47,15,32,116,104,12,28.834355828220858,9.202453987730062,19.631901840490798,71.16564417177914,63.80368098159509,7.361963190184049
E00063744,119,31,7,24,88,75,13,26.05042016806723,5.88235294117647,20.168067226890756,73.94957983193278,63.02521008403361,10.92436974789916
E00063745,102,32,9,23,70,58,12,31.372549019607842,8.823529411764707,22.54901960784314,68.62745098039215,56.86274509803921,11.76470588235294
E00063746,138,35,13,22,103,91,12,25.36231884057971,9.420289855072465,15.942028985507244,74.63768115942028,65.94202898550725,8.695652173913043
E00063747,83,18,4,14,65,59,6,21.686746987951807,4.819277108433735,16.867469879518072,78.3132530120482,71.08433734939759,7.228915662650602
E00063748,135,36,13,23,99,89,10,26.666666666666668,9.62962962962963,17.037037037037038,73.33333333333333,65.92592592592592,7.4074074074074066
E00063749,132,31,9,22,101,88,13,23.484848484848484,6.8181818181818175,16.666666666666664,76.51515151515152,66.66666666666666,9.848484848484848
E00063750,131,26,13,13,105,91,14,19.84732824427481,9.923664122137405,9.923664122137405,80.1526717557252,69.46564885496184,10.687022900763358
E00063751,137,31,6,25,106,95,11,22.62773722627737,4.37956204379562,18.248175182481752,77.37226277372264,69.34306569343066,8.02919708029197
E00063752,104,31,7,24,73,70,3,29.807692307692307,6.730769230769231,23.076923076923077,70.1923076923077,67.3076923076923,2.8846153846153846
E00063753,170,46,12,34,124,116,8,27.058823529411764,7.0588235294117645,20,72.94117647058823,68.23529411764706,4.705882352941177
E00063755,102,34,5,29,68,64,4,33.33333333333333,4.901960784313726,28.431372549019606,66.66666666666666,62.745098039215684,3.9215686274509802
E00063756,122,43,14,29,79,72,7,35.24590163934426,11.475409836065573,23.770491803278688,64.75409836065575,59.01639344262295,5.737704918032787
E00063757,80,20,5,15,60,51,9,25,6.25,18.75,75,63.74999999999999,11.25
E00063758,125,47,9,38,78,69,9,37.6,7.199999999999999,30.4,62.4,55.2,7.199999999999999
E00063759,114,45,10,35,69,62,7,39.473684210526315,8.771929824561402,30.701754385964914,60.526315789473685,54.385964912280706,6.140350877192982
E00063760,131,49,11,38,82,75,7,37.404580152671755,8.396946564885496,29.00763358778626,62.59541984732825,57.25190839694656,5.343511450381679
E00063761,93,24,4,20,69,62,7,25.806451612903224,4.301075268817205,21.50537634408602,74.19354838709677,66.66666666666666,7.526881720430108
E00063762,106,24,5,19,82,74,8,22.641509433962266,4.716981132075472,17.92452830188679,77.35849056603774,69.81132075471697,7.547169811320755
E00063763,163,40,10,30,123,110,13,24.539877300613497,6.134969325153374,18.404907975460123,75.4601226993865,67.48466257668711,7.975460122699387
E00063764,29,8,3,5,21,19,2,27.586206896551722,10.344827586206897,17.24137931034483,72.41379310344827,65.51724137931035,6.896551724137931
E00063765,91,24,7,17,67,57,10,26.373626373626376,7.6923076923076925,18.681318681318682,73.62637362637363,62.637362637362635,10.989010989010989
E00063766,115,32,15,17,83,77,6,27.82608695652174,13.043478260869565,14.782608695652174,72.17391304347827,66.95652173913044,5.217391304347826
E00063767,78,23,5,18,55,48,7,29.48717948717949,6.41025641025641,23.076923076923077,70.51282051282051,61.53846153846154,8.974358974358974
E00063768,168,38,10,28,130,119,11,22.61904761904762,5.952380952380952,16.666666666666664,77.38095238095238,70.83333333333334,6.547619047619048
E00063769,206,60,14,46,146,126,20,29.126213592233007,6.796116504854369,22.330097087378643,70.87378640776699,61.165048543689316,9.70873786407767
E00063770,165,43,12,31,122,114,8,26.060606060606062,7.2727272727272725,18.787878787878785,73.93939393939394,69.0909090909091,4.848484848484849
E00063771,140,26,7,19,114,104,10,18.571428571428573,5,13.571428571428571,81.42857142857143,74.28571428571429,7.142857142857142
E00063772,151,31,11,20,120,109,11,20.52980132450331,7.28476821192053,13.245033112582782,79.47019867549669,72.18543046357617,7.28476821192053
E00063773,162,41,11,30,121,110,11,25.308641975308642,6.790123456790123,18.51851851851852,74.69135802469135,67.90123456790124,6.790123456790123
E00063774,115,34,13,21,81,74,7,29.565217391304348,11.304347826086957,18.26086956521739,70.43478260869566,64.34782608695652,6.086956521739131
E00063775,198,56,17,39,142,129,13,28.28282828282828,8.585858585858585,19.696969696969695,71.71717171717171,65.15151515151516,6.565656565656567
E00063776,116,40,8,32,76,67,9,34.48275862068966,6.896551724137931,27.586206896551722,65.51724137931035,57.758620689655174,7.758620689655173
E00063777,163,46,21,25,117,105,12,28.22085889570552,12.883435582822086,15.337423312883436,71.77914110429448,64.41717791411043,7.361963190184049
E00063781,126,33,9,24,93,77,16,26.190476190476193,7.142857142857142,19.047619047619047,73.80952380952381,61.111111111111114,12.698412698412698
E00063782,139,40,11,29,99,91,8,28.776978417266186,7.913669064748201,20.863309352517987,71.22302158273382,65.46762589928058,5.755395683453238
E00063785,139,35,9,26,104,90,14,25.179856115107913,6.474820143884892,18.705035971223023,74.82014388489209,64.74820143884892,10.071942446043165
E00063786,136,34,7,27,102,92,10,25,5.147058823529411,19.852941176470587,75,67.64705882352942,7.352941176470589
E00063787,191,58,16,42,133,118,15,30.36649214659686,8.37696335078534,21.98952879581152,69.63350785340315,61.78010471204188,7.853403141361256
E00063788,78,33,7,26,45,41,4,42.30769230769231,8.974358974358974,33.33333333333333,57.692307692307686,52.56410256410257,5.128205128205128
E00063789,84,28,7,21,56,49,7,33.33333333333333,8.333333333333332,25,66.66666666666666,58.333333333333336,8.333333333333332
E00063790,136,60,22,38,76,71,5,44.11764705882353,16.176470588235293,27.941176470588236,55.88235294117647,52.20588235294118,3.6764705882352944
E00063791,167,66,18,48,101,94,7,39.52095808383233,10.778443113772456,28.74251497005988,60.47904191616767,56.287425149700596,4.191616766467066
E00063792,86,26,4,22,60,59,1,30.23255813953488,4.651162790697675,25.581395348837212,69.76744186046511,68.6046511627907,1.1627906976744187
E00063793,117,45,14,31,72,65,7,38.46153846153847,11.965811965811966,26.495726495726498,61.53846153846154,55.55555555555556,5.982905982905983
E00063794,82,30,10,20,52,52,0,36.58536585365854,12.195121951219512,24.390243902439025,63.41463414634146,63.41463414634146,0
E00063795,207,74,25,49,133,129,4,35.748792270531396,12.077294685990339,23.67149758454106,64.25120772946859,62.31884057971014,1.932367149758454
E00063796,88,34,6,28,54,53,1,38.63636363636363,6.8181818181818175,31.818181818181817,61.36363636363637,60.22727272727273,1.1363636363636365
E00063797,95,26,8,18,69,68,1,27.368421052631582,8.421052631578947,18.947368421052634,72.63157894736842,71.57894736842105,1.0526315789473684
E00063798,131,47,20,27,84,77,7,35.87786259541985,15.267175572519085,20.610687022900763,64.12213740458014,58.778625954198475,5.343511450381679
E00063799,136,55,11,44,81,75,6,40.44117647058824,8.088235294117647,32.35294117647059,59.55882352941176,55.14705882352941,4.411764705882353
E00063800,172,60,18,42,112,106,6,34.883720930232556,10.465116279069768,24.418604651162788,65.11627906976744,61.627906976744185,3.488372093023256
E00063801,165,64,19,45,101,95,6,38.78787878787879,11.515151515151516,27.27272727272727,61.212121212121204,57.57575757575758,3.6363636363636362
E00063802,94,21,14,7,73,68,5,22.340425531914892,14.893617021276595,7.446808510638298,77.6595744680851,72.3404255319149,5.319148936170213
E00063803,119,53,8,45,66,61,5,44.537815126050425,6.722689075630252,37.81512605042017,55.46218487394958,51.26050420168067,4.201680672268908
E00063804,129,59,15,44,70,65,5,45.73643410852713,11.627906976744185,34.10852713178294,54.263565891472865,50.3875968992248,3.875968992248062
E00063805,95,36,6,30,59,54,5,37.89473684210527,6.315789473684211,31.57894736842105,62.10526315789474,56.84210526315789,5.263157894736842
E00063806,44,19,9,10,25,23,2,43.18181818181818,20.454545454545457,22.727272727272727,56.81818181818182,52.27272727272727,4.545454545454546
E00063807,135,52,14,38,83,76,7,38.51851851851852,10.37037037037037,28.14814814814815,61.48148148148148,56.2962962962963,5.185185185185185
E00063808,129,29,3,26,100,90,10,22.48062015503876,2.3255813953488373,20.155038759689923,77.51937984496125,69.76744186046511,7.751937984496124
E00063809,142,44,20,24,98,90,8,30.985915492957744,14.084507042253522,16.901408450704224,69.01408450704226,63.38028169014085,5.633802816901409
E00063810,157,41,16,25,116,102,14,26.11464968152866,10.191082802547772,15.92356687898089,73.88535031847134,64.96815286624204,8.9171974522293
E00063811,185,48,14,34,137,117,20,25.945945945945947,7.567567567567568,18.37837837837838,74.05405405405405,63.24324324324324,10.81081081081081
E00063812,242,56,13,43,186,171,15,23.140495867768596,5.371900826446281,17.768595041322314,76.85950413223141,70.66115702479338,6.198347107438017
E00063813,201,46,20,26,155,126,29,22.885572139303484,9.950248756218906,12.935323383084576,77.11442786069652,62.68656716417911,14.427860696517413
E00063814,151,34,11,23,117,105,12,22.516556291390728,7.28476821192053,15.2317880794702,77.48344370860927,69.5364238410596,7.9470198675496695
E00063815,145,41,11,30,104,87,17,28.27586206896552,7.586206896551724,20.689655172413794,71.72413793103448,60,11.724137931034482
E00063816,123,27,4,23,96,88,8,21.951219512195124,3.2520325203252036,18.69918699186992,78.04878048780488,71.54471544715447,6.504065040650407
E00063817,145,29,8,21,116,100,16,20,5.517241379310345,14.482758620689657,80,68.96551724137932,11.03448275862069
E00063818,111,28,10,18,83,63,20,25.225225225225223,9.00900900900901,16.216216216216218,74.77477477477478,56.75675675675676,18.01801801801802
E00063819,224,51,14,37,173,154,19,22.767857142857142,6.25,16.517857142857142,77.23214285714286,68.75,8.482142857142858
E00063820,142,39,10,29,103,91,12,27.464788732394368,7.042253521126761,20.422535211267608,72.53521126760563,64.08450704225352,8.450704225352112
E00063821,129,28,4,24,101,87,14,21.705426356589147,3.10077519379845,18.6046511627907,78.29457364341084,67.44186046511628,10.852713178294573
E00063822,108,20,7,13,88,77,11,18.51851851851852,6.481481481481481,12.037037037037036,81.48148148148148,71.29629629629629,10.185185185185185
E00171882,263,62,15,47,201,182,19,23.574144486692013,5.7034220532319395,17.870722433460077,76.42585551330798,69.20152091254754,7.224334600760455
E00171883,92,31,7,24,61,55,6,33.69565217391305,7.608695652173914,26.08695652173913,66.30434782608695,59.78260869565217,6.521739130434782
E00171884,253,122,35,87,131,123,8,48.22134387351779,13.83399209486166,34.387351778656125,51.77865612648221,48.616600790513836,3.1620553359683794
E00171885,160,65,22,43,95,90,5,40.625,13.750000000000002,26.875,59.375,56.25,3.125
E00171886,197,79,33,46,118,97,21,40.10152284263959,16.751269035532996,23.3502538071066,59.89847715736041,49.23857868020304,10.65989847715736
E00171887,79,41,13,28,38,35,3,51.89873417721519,16.455696202531644,35.44303797468354,48.10126582278481,44.303797468354425,3.79746835443038
E00171888,107,58,13,45,49,46,3,54.20560747663551,12.149532710280374,42.05607476635514,45.794392523364486,42.99065420560748,2.803738317757009
E00171889,153,39,14,25,114,97,17,25.49019607843137,9.15032679738562,16.33986928104575,74.50980392156863,63.39869281045751,11.11111111111111
E00171890,119,56,17,39,63,59,4,47.05882352941176,14.285714285714285,32.773109243697476,52.94117647058824,49.57983193277311,3.361344537815126
E00171891,82,36,5,31,46,43,3,43.90243902439025,6.097560975609756,37.80487804878049,56.09756097560976,52.4390243902439,3.6585365853658534
E00171892,149,77,15,62,72,67,5,51.67785234899329,10.06711409395973,41.61073825503356,48.322147651006716,44.966442953020135,3.3557046979865772
E00171893,148,31,9,22,117,102,15,20.945945945945947,6.081081081081082,14.864864864864865,79.05405405405406,68.91891891891892,10.135135135135135
E00171894,158,41,15,26,117,106,11,25.949367088607595,9.49367088607595,16.455696202531644,74.0506329113924,67.08860759493672,6.962025316455696
E00171895,167,40,15,25,127,117,10,23.952095808383234,8.982035928143713,14.97005988023952,76.04790419161677,70.05988023952095,5.9880239520958085
E00171896,77,42,13,29,35,34,1,54.54545454545454,16.883116883116884,37.66233766233766,45.45454545454545,44.15584415584416,1.2987012987012987
E00171897,234,54,13,41,180,163,17,23.076923076923077,5.555555555555555,17.52136752136752,76.92307692307693,69.65811965811966,7.264957264957266
E00171898,213,48,8,40,165,150,15,22.535211267605636,3.755868544600939,18.779342723004692,77.46478873239437,70.4225352112676,7.042253521126761
E00171899,200,31,7,24,169,153,16,15.5,3.5000000000000004,12,84.5,76.5,8
E00171900,205,51,15,36,154,129,25,24.878048780487806,7.317073170731707,17.560975609756095,75.1219512195122,62.926829268292686,12.195121951219512
E00171901,206,56,14,42,150,130,20,27.184466019417474,6.796116504854369,20.388349514563107,72.81553398058253,63.10679611650486,9.70873786407767
E00171902,229,53,17,36,176,158,18,23.144104803493452,7.423580786026202,15.72052401746725,76.85589519650655,68.99563318777294,7.860262008733625
E00171903,181,39,13,26,142,116,26,21.54696132596685,7.18232044198895,14.3646408839779,78.45303867403315,64.08839779005525,14.3646408839779
E00171904,220,42,8,34,178,154,24,19.090909090909093,3.6363636363636362,15.454545454545453,80.9090909090909,70,10.909090909090908
E00181505,76,29,10,19,47,42,5,38.15789473684211,13.157894736842104,25,61.8421052631579,55.26315789473685,6.578947368421052
E00181507,181,45,21,24,136,105,31,24.861878453038674,11.602209944751381,13.259668508287293,75.13812154696133,58.011049723756905,17.12707182320442
E00181511,158,73,15,58,85,80,5,46.20253164556962,9.49367088607595,36.708860759493675,53.79746835443038,50.63291139240506,3.1645569620253164
E00181517,250,36,11,25,214,180,34,14.399999999999999,4.3999999999999995,10,85.6,72,13.600000000000001
E00181521,178,36,11,25,142,129,13,20.224719101123593,6.179775280898876,14.04494382022472,79.7752808988764,72.47191011235955,7.303370786516854
E00181523,176,67,17,50,109,103,6,38.06818181818182,9.659090909090908,28.40909090909091,61.93181818181818,58.52272727272727,3.4090909090909087
E00181524,118,39,10,29,79,73,6,33.05084745762712,8.47457627118644,24.576271186440678,66.94915254237289,61.86440677966102,5.084745762711865
E00181526,185,88,29,59,97,88,9,47.56756756756757,15.675675675675677,31.891891891891895,52.43243243243243,47.56756756756757,4.864864864864865
E00181527,163,41,10,31,122,109,13,25.153374233128833,6.134969325153374,19.018404907975462,74.84662576687117,66.87116564417178,7.975460122699387
E00181535,143,57,11,46,86,82,4,39.86013986013986,7.6923076923076925,32.16783216783217,60.13986013986013,57.34265734265735,2.797202797202797
E00181538,194,46,12,34,148,137,11,23.711340206185564,6.185567010309279,17.525773195876287,76.28865979381443,70.61855670103093,5.670103092783505
E00181540,124,24,5,19,100,89,11,19.35483870967742,4.032258064516129,15.32258064516129,80.64516129032258,71.7741935483871,8.870967741935484
E00181541,127,41,12,29,86,83,3,32.28346456692913,9.448818897637794,22.83464566929134,67.71653543307087,65.35433070866141,2.3622047244094486
E00181542,135,52,13,39,83,78,5,38.51851851851852,9.62962962962963,28.888888888888886,61.48148148148148,57.77777777777777,3.7037037037037033
E00181543,191,36,10,26,155,139,16,18.848167539267017,5.2356020942408374,13.612565445026178,81.15183246073299,72.77486910994764,8.37696335078534
E00181547,160,35,6,29,125,110,15,21.875,3.75,18.125,78.125,68.75,9.375
E00181549,33,14,3,11,19,18,1,42.42424242424242,9.090909090909092,33.33333333333333,57.57575757575758,54.54545454545454,3.0303030303030303
E00181555,55,7,6,1,48,42,6,12.727272727272727,10.909090909090908,1.8181818181818181,87.27272727272727,76.36363636363637,10.909090909090908
E00181557,54,27,8,19,27,26,1,50,14.814814814814813,35.18518518518518,50,48.148148148148145,1.8518518518518516
E00181558,102,49,12,37,53,49,4,48.03921568627451,11.76470588235294,36.27450980392157,51.9607843137255,48.03921568627451,3.9215686274509802
E00181562,170,31,10,21,139,126,13,18.235294117647058,5.88235294117647,12.352941176470589,81.76470588235294,74.11764705882354,7.647058823529412
