OA,ts0380001,ts0380002,ts0380003,ts0380004,ts0380005,ts0380006,ts0380007,ts0380002_PCT,ts0380003_PCT,ts0380004_PCT,ts0380005_PCT,ts0380006_PCT,ts0380007_PCT
E00063395,153,81,52,29,72,5,67,52.94117647058824,33.98692810457516,18.954248366013072,47.05882352941176,3.2679738562091507,43.790849673202615
E00063398,591,109,61,48,482,17,465,18.44331641285956,10.321489001692047,8.121827411167512,81.55668358714044,2.8764805414551606,78.68020304568529
E00063399,364,52,23,29,312,9,303,14.285714285714285,6.318681318681318,7.967032967032966,85.71428571428571,2.4725274725274726,83.24175824175825
E00063400,422,76,39,37,346,12,334,18.009478672985782,9.24170616113744,8.767772511848342,81.99052132701422,2.843601895734597,79.14691943127961
E00063402,324,83,55,28,241,19,222,25.617283950617285,16.97530864197531,8.641975308641975,74.38271604938271,5.864197530864197,68.51851851851852
E00063403,411,61,35,26,350,21,329,14.841849148418493,8.51581508515815,6.326034063260341,85.15815085158151,5.109489051094891,80.04866180048663
E00063404,409,101,56,45,308,8,300,24.69437652811736,13.691931540342297,11.00244498777506,75.30562347188264,1.9559902200488997,73.34963325183375
E00063405,420,71,32,39,349,8,341,16.904761904761905,7.6190476190476195,9.285714285714286,83.0952380952381,1.9047619047619049,81.19047619047619
E00063406,407,62,33,29,345,8,337,15.233415233415235,8.108108108108109,7.125307125307126,84.76658476658476,1.9656019656019657,82.80098280098281
E00063407,337,80,54,26,257,12,245,23.738872403560833,16.023738872403563,7.71513353115727,76.26112759643917,3.5608308605341246,72.70029673590504
E00063408,294,64,40,24,230,5,225,21.768707482993197,13.60544217687075,8.16326530612245,78.2312925170068,1.7006802721088436,76.53061224489795
E00063409,331,58,38,20,273,10,263,17.522658610271904,11.48036253776435,6.042296072507553,82.4773413897281,3.0211480362537766,79.45619335347432
E00063410,384,38,18,20,346,11,335,9.895833333333332,4.6875,5.208333333333334,90.10416666666666,2.864583333333333,87.23958333333334
E00063411,378,54,28,26,324,11,313,14.285714285714285,7.4074074074074066,6.878306878306878,85.71428571428571,2.91005291005291,82.8042328042328
E00063412,352,82,43,39,270,8,262,23.295454545454543,12.215909090909092,11.079545454545455,76.70454545454545,2.272727272727273,74.43181818181817
E00063413,461,85,45,40,376,20,356,18.43817787418655,9.761388286334057,8.676789587852495,81.56182212581345,4.3383947939262475,77.22342733188721
E00063414,330,48,21,27,282,15,267,14.545454545454545,6.363636363636363,8.181818181818182,85.45454545454545,4.545454545454546,80.9090909090909
E00063415,200,89,45,44,111,15,96,44.5,22.5,22,55.50000000000001,7.5,48
E00063416,219,80,46,34,139,11,128,36.5296803652968,21.00456621004566,15.52511415525114,63.4703196347032,5.0228310502283104,58.44748858447488
E00063417,463,49,26,23,414,12,402,10.583153347732182,5.615550755939525,4.967602591792657,89.41684665226782,2.591792656587473,86.82505399568035
E00063418,313,60,35,25,253,9,244,19.169329073482427,11.182108626198083,7.987220447284344,80.83067092651757,2.8753993610223643,77.95527156549521
E00063419,514,61,33,28,453,13,440,11.86770428015564,6.420233463035019,5.447470817120623,88.13229571984435,2.529182879377432,85.60311284046692
E00063420,496,66,29,37,430,22,408,13.306451612903224,5.846774193548387,7.459677419354839,86.69354838709677,4.435483870967742,82.25806451612904
E00063421,449,63,41,22,386,21,365,14.03118040089087,9.131403118040089,4.8997772828507795,85.96881959910914,4.67706013363029,81.29175946547885
E00063422,582,93,56,37,489,15,474,15.979381443298967,9.621993127147768,6.357388316151202,84.02061855670104,2.5773195876288657,81.44329896907216
E00063423,472,68,31,37,404,11,393,14.40677966101695,6.567796610169492,7.838983050847458,85.59322033898306,2.330508474576271,83.26271186440678
E00063425,353,70,36,34,283,11,272,19.8300283286119,10.198300283286118,9.631728045325778,80.16997167138811,3.1161473087818696,77.05382436260622
E00063426,572,88,50,38,484,17,467,15.384615384615385,8.741258741258742,6.643356643356643,84.61538461538461,2.972027972027972,81.64335664335664
E00063427,435,56,32,24,379,6,373,12.873563218390805,7.35632183908046,5.517241379310345,87.1264367816092,1.3793103448275863,85.74712643678161
E00063428,621,89,41,48,532,17,515,14.331723027375201,6.602254428341385,7.729468599033816,85.6682769726248,2.737520128824477,82.93075684380032
E00063429,493,82,45,37,411,21,390,16.63286004056795,9.1277890466531435,7.505070993914807,83.36713995943205,4.259634888438134,79.10750507099391
E00063430,355,58,34,24,297,12,285,16.338028169014084,9.577464788732394,6.760563380281689,83.66197183098592,3.3802816901408446,80.28169014084507
E00063431,419,91,51,40,328,16,312,21.71837708830549,12.17183770883055,9.54653937947494,78.28162291169451,3.8186157517899764,74.46300715990454
E00063432,555,49,25,24,506,20,486,8.82882882882883,4.504504504504505,4.324324324324325,91.17117117117117,3.6036036036036037,87.56756756756758
E00063433,503,82,43,39,421,12,409,16.302186878727635,8.548707753479125,7.75347912524851,83.69781312127238,2.3856858846918487,81.31212723658051
E00063434,533,93,53,40,440,15,425,17.4484052532833,9.943714821763603,7.5046904315197,82.55159474671669,2.8142589118198873,79.73733583489681
E00063435,449,64,20,44,385,29,356,14.253897550111358,4.4543429844097995,9.799554565701559,85.74610244988864,6.45879732739421,79.28730512249443
E00063436,402,61,32,29,341,24,317,15.17412935323383,7.960199004975125,7.213930348258707,84.82587064676616,5.970149253731343,78.85572139303483
E00063437,457,47,20,27,410,19,391,10.284463894967178,4.3763676148796495,5.908096280087528,89.71553610503283,4.157549234135667,85.55798687089715
E00063438,406,39,13,26,367,25,342,9.60591133004926,3.201970443349754,6.403940886699508,90.39408866995073,6.157635467980295,84.23645320197043
E00063439,364,69,27,42,295,15,280,18.956043956043956,7.417582417582418,11.538461538461538,81.04395604395604,4.1208791208791204,76.92307692307693
E00063440,270,44,20,24,226,11,215,16.296296296296298,7.4074074074074066,8.88888888888889,83.7037037037037,4.074074074074074,79.62962962962963
E00063441,556,66,23,43,490,25,465,11.870503597122301,4.136690647482014,7.7338129496402885,88.12949640287769,4.496402877697841,83.63309352517986
E00063443,345,36,13,23,309,21,288,10.434782608695652,3.768115942028986,6.666666666666667,89.56521739130436,6.086956521739131,83.47826086956522
E00063444,412,52,24,28,360,23,337,12.62135922330097,5.825242718446602,6.796116504854369,87.37864077669903,5.582524271844661,81.79611650485437
E00063445,339,38,19,19,301,19,282,11.209439528023598,5.604719764011799,5.604719764011799,88.79056047197639,5.604719764011799,83.1858407079646
E00063446,399,37,16,21,362,21,341,9.273182957393484,4.010025062656641,5.263157894736842,90.72681704260651,5.263157894736842,85.46365914786968
E00063447,386,56,27,29,330,23,307,14.507772020725387,6.994818652849741,7.512953367875648,85.49222797927462,5.958549222797927,79.53367875647669
E00063448,345,37,16,21,308,32,276,10.72463768115942,4.63768115942029,6.086956521739131,89.27536231884058,9.27536231884058,80
E00063449,407,60,30,30,347,8,339,14.742014742014742,7.371007371007371,7.371007371007371,85.25798525798525,1.9656019656019657,83.29238329238329
E00063450,307,55,20,35,252,20,232,17.91530944625407,6.514657980456026,11.400651465798045,82.08469055374593,6.514657980456026,75.57003257328991
E00063451,397,68,27,41,329,14,315,17.12846347607053,6.801007556675064,10.327455919395465,82.87153652392946,3.5264483627204033,79.34508816120906
E00063452,535,60,26,34,475,24,451,11.214953271028037,4.859813084112149,6.355140186915888,88.78504672897196,4.485981308411215,84.29906542056075
E00063453,504,53,30,23,451,27,424,10.515873015873016,5.952380952380952,4.563492063492063,89.48412698412699,5.357142857142857,84.12698412698413
E00063454,511,93,51,42,418,21,397,18.199608610567513,9.980430528375733,8.21917808219178,81.80039138943248,4.10958904109589,77.69080234833659
E00063455,486,71,27,44,415,12,403,14.609053497942387,5.555555555555555,9.053497942386832,85.39094650205762,2.4691358024691357,82.92181069958848
E00063456,288,71,46,25,217,6,211,24.65277777777778,15.972222222222221,8.680555555555555,75.34722222222221,2.083333333333333,73.26388888888889
E00063457,392,48,24,24,344,15,329,12.244897959183673,6.122448979591836,6.122448979591836,87.75510204081633,3.826530612244898,83.92857142857143
E00063458,533,82,57,25,451,12,439,15.384615384615385,10.694183864915573,4.690431519699812,84.61538461538461,2.25140712945591,82.36397748592871
E00063459,594,187,129,58,407,18,389,31.48148148148148,21.71717171717172,9.764309764309765,68.51851851851852,3.0303030303030303,65.48821548821549
E00063460,551,101,54,47,450,13,437,18.330308529945555,9.800362976406534,8.52994555353902,81.66969147005445,2.35934664246824,79.3103448275862
E00063461,473,60,34,26,413,21,392,12.684989429175475,7.188160676532769,5.496828752642706,87.31501057082453,4.439746300211417,82.8752642706131
E00063462,350,54,24,30,296,13,283,15.428571428571427,6.857142857142858,8.571428571428571,84.57142857142857,3.7142857142857144,80.85714285714286
E00063463,415,39,17,22,376,23,353,9.397590361445783,4.096385542168675,5.301204819277109,90.60240963855422,5.542168674698795,85.06024096385542
E00063464,384,54,22,32,330,20,310,14.0625,5.729166666666666,8.333333333333332,85.9375,5.208333333333334,80.72916666666666
E00063465,449,69,40,29,380,21,359,15.367483296213807,8.908685968819599,6.45879732739421,84.63251670378618,4.67706013363029,79.9554565701559
E00063466,486,50,22,28,436,10,426,10.2880658436214,4.526748971193416,5.761316872427984,89.7119341563786,2.05761316872428,87.65432098765432
E00063467,313,33,13,20,280,14,266,10.543130990415335,4.15335463258786,6.3897763578274756,89.45686900958466,4.472843450479233,84.98402555910543
E00063468,436,55,25,30,381,12,369,12.614678899082568,5.73394495412844,6.8807339449541285,87.38532110091744,2.7522935779816518,84.63302752293578
E00063469,244,72,42,30,172,13,159,29.508196721311474,17.21311475409836,12.295081967213115,70.49180327868852,5.327868852459016,65.1639344262295
E00063470,276,68,30,38,208,18,190,24.637681159420293,10.869565217391305,13.768115942028986,75.36231884057972,6.521739130434782,68.84057971014492
E00063471,329,91,43,48,238,14,224,27.659574468085108,13.069908814589665,14.58966565349544,72.3404255319149,4.25531914893617,68.08510638297872
E00063472,315,70,38,32,245,19,226,22.22222222222222,12.063492063492063,10.158730158730158,77.77777777777779,6.031746031746032,71.74603174603175
E00063473,220,66,33,33,154,20,134,30,15,15,70,9.090909090909092,60.909090909090914
E00063474,301,75,33,42,226,13,213,24.916943521594686,10.96345514950166,13.953488372093023,75.08305647840533,4.318936877076411,70.7641196013289
E00063475,553,172,93,79,381,28,353,31.103074141048825,16.817359855334537,14.285714285714285,68.89692585895118,5.063291139240507,63.83363471971067
E00063476,263,67,45,22,196,23,173,25.475285171102662,17.110266159695815,8.365019011406844,74.52471482889734,8.745247148288973,65.77946768060836
E00063477,294,92,51,41,202,17,185,31.292517006802722,17.346938775510203,13.945578231292515,68.70748299319727,5.782312925170068,62.925170068027214
E00063478,223,38,17,21,185,12,173,17.040358744394617,7.623318385650224,9.417040358744394,82.95964125560538,5.381165919282512,77.57847533632287
E00063479,218,50,22,28,168,12,156,22.93577981651376,10.091743119266056,12.844036697247708,77.06422018348624,5.5045871559633035,71.55963302752293
E00063480,260,82,46,36,178,7,171,31.538461538461537,17.692307692307693,13.846153846153847,68.46153846153847,2.6923076923076925,65.76923076923077
E00063481,205,79,46,33,126,13,113,38.53658536585366,22.439024390243905,16.097560975609756,61.46341463414634,6.341463414634147,55.1219512195122
E00063482,312,58,24,34,254,25,229,18.58974358974359,7.6923076923076925,10.897435897435898,81.41025641025641,8.012820512820513,73.3974358974359
E00063483,205,39,23,16,166,12,154,19.024390243902438,11.219512195121952,7.804878048780488,80.97560975609757,5.853658536585367,75.1219512195122
E00063484,299,45,15,30,254,25,229,15.050167224080269,5.016722408026756,10.033444816053512,84.94983277591973,8.361204013377927,76.58862876254182
E00063485,312,64,23,41,248,20,228,20.51282051282051,7.371794871794872,13.141025641025642,79.48717948717949,6.41025641025641,73.07692307692307
E00063486,286,50,19,31,236,27,209,17.482517482517483,6.643356643356643,10.839160839160838,82.51748251748252,9.44055944055944,73.07692307692307
E00063487,324,57,22,35,267,31,236,17.59259259259259,6.790123456790123,10.802469135802468,82.4074074074074,9.5679012345679,72.8395061728395
E00063488,281,56,25,31,225,19,206,19.9288256227758,8.896797153024911,11.032028469750891,80.0711743772242,6.761565836298933,73.30960854092527
E00063489,424,52,17,35,372,30,342,12.264150943396226,4.009433962264151,8.254716981132075,87.73584905660378,7.0754716981132075,80.66037735849056
E00063490,252,63,34,29,189,14,175,25,13.492063492063492,11.507936507936508,75,5.555555555555555,69.44444444444444
E00063491,483,100,45,55,383,24,359,20.70393374741201,9.316770186335404,11.387163561076605,79.29606625258799,4.968944099378882,74.32712215320912
E00063492,420,71,31,40,349,15,334,16.904761904761905,7.380952380952381,9.523809523809524,83.0952380952381,3.571428571428571,79.52380952380952
E00063493,222,39,25,14,183,12,171,17.56756756756757,11.26126126126126,6.306306306306306,82.43243243243244,5.405405405405405,77.02702702702703
E00063494,303,64,26,38,239,15,224,21.122112211221122,8.58085808580858,12.541254125412541,78.87788778877888,4.9504950495049505,73.92739273927393
E00063495,315,92,45,47,223,18,205,29.20634920634921,14.285714285714285,14.920634920634921,70.7936507936508,5.714285714285714,65.07936507936508
E00063496,221,48,31,17,173,8,165,21.71945701357466,14.027149321266968,7.6923076923076925,78.28054298642535,3.619909502262444,74.6606334841629
E00063497,289,65,36,29,224,22,202,22.491349480968857,12.45674740484429,10.034602076124568,77.50865051903114,7.612456747404845,69.8961937716263
E00063499,285,45,19,26,240,19,221,15.789473684210526,6.666666666666667,9.12280701754386,84.21052631578947,6.666666666666667,77.54385964912281
E00063500,314,61,34,27,253,19,234,19.426751592356688,10.828025477707007,8.598726114649681,80.57324840764332,6.050955414012739,74.52229299363057
E00063501,158,72,36,36,86,5,81,45.56962025316456,22.78481012658228,22.78481012658228,54.43037974683544,3.1645569620253164,51.26582278481012
E00063502,333,78,37,41,255,17,238,23.423423423423422,11.11111111111111,12.312312312312311,76.57657657657657,5.105105105105105,71.47147147147147
E00063503,426,74,32,42,352,26,326,17.370892018779344,7.511737089201878,9.859154929577464,82.62910798122066,6.103286384976526,76.52582159624414
E00063504,261,45,21,24,216,13,203,17.24137931034483,8.045977011494253,9.195402298850574,82.75862068965517,4.980842911877394,77.77777777777779
E00063505,337,66,27,39,271,21,250,19.584569732937684,8.011869436201781,11.572700296735905,80.41543026706232,6.231454005934718,74.1839762611276
E00063506,264,58,30,28,206,17,189,21.96969696969697,11.363636363636363,10.606060606060606,78.03030303030303,6.4393939393939394,71.5909090909091
E00063507,275,60,28,32,215,17,198,21.818181818181817,10.181818181818182,11.636363636363637,78.18181818181819,6.181818181818182,72
E00063508,271,55,28,27,216,22,194,20.29520295202952,10.33210332103321,9.96309963099631,79.70479704797047,8.118081180811808,71.58671586715867
E00063509,320,84,38,46,236,20,216,26.25,11.875,14.374999999999998,73.75,6.25,67.5
E00063510,307,50,21,29,257,24,233,16.286644951140065,6.840390879478828,9.446254071661238,83.71335504885994,7.81758957654723,75.8957654723127
E00063511,370,113,70,43,257,22,235,30.54054054054054,18.91891891891892,11.621621621621623,69.45945945945947,5.9459459459459465,63.51351351351351
E00063512,182,62,38,24,120,7,113,34.065934065934066,20.87912087912088,13.186813186813188,65.93406593406593,3.8461538461538463,62.08791208791209
E00063513,358,58,26,32,300,19,281,16.201117318435752,7.262569832402235,8.938547486033519,83.79888268156425,5.307262569832402,78.49162011173185
E00063514,349,61,30,31,288,33,255,17.478510028653297,8.595988538681947,8.882521489971348,82.52148997134671,9.455587392550143,73.06590257879655
E00063515,310,47,22,25,263,9,254,15.161290322580644,7.096774193548387,8.064516129032258,84.83870967741936,2.903225806451613,81.93548387096774
E00063517,272,60,30,30,212,23,189,22.058823529411764,11.029411764705882,11.029411764705882,77.94117647058823,8.455882352941178,69.48529411764706
E00063518,221,35,10,25,186,19,167,15.837104072398189,4.524886877828054,11.312217194570136,84.16289592760181,8.597285067873303,75.56561085972851
E00063520,463,63,25,38,400,36,364,13.606911447084233,5.399568034557236,8.207343412526997,86.39308855291577,7.775377969762419,78.61771058315334
E00063521,285,49,29,20,236,24,212,17.192982456140353,10.175438596491228,7.017543859649122,82.80701754385966,8.421052631578947,74.3859649122807
E00063522,485,61,21,40,424,24,400,12.577319587628866,4.329896907216495,8.24742268041237,87.42268041237114,4.948453608247423,82.4742268041237
E00063523,262,55,21,34,207,21,186,20.99236641221374,8.015267175572518,12.977099236641221,79.00763358778626,8.015267175572518,70.99236641221374
E00063525,427,65,31,34,362,21,341,15.22248243559719,7.259953161592506,7.962529274004685,84.77751756440281,4.918032786885246,79.85948477751757
E00063526,466,71,45,26,395,29,366,15.236051502145923,9.656652360515022,5.579399141630901,84.76394849785407,6.223175965665236,78.54077253218884
E00063527,387,91,49,42,296,23,273,23.51421188630491,12.661498708010335,10.852713178294573,76.48578811369508,5.943152454780361,70.54263565891473
E00063528,455,119,41,78,336,33,303,26.153846153846157,9.010989010989011,17.142857142857142,73.84615384615385,7.252747252747254,66.59340659340658
E00063529,216,70,33,37,146,12,134,32.407407407407405,15.277777777777779,17.12962962962963,67.5925925925926,5.555555555555555,62.03703703703704
E00063530,226,42,23,19,184,16,168,18.58407079646018,10.176991150442479,8.4070796460177,81.41592920353983,7.079646017699115,74.33628318584071
E00063531,292,74,45,29,218,15,203,25.34246575342466,15.41095890410959,9.931506849315069,74.65753424657534,5.136986301369863,69.52054794520548
E00063532,305,90,41,49,215,16,199,29.508196721311474,13.442622950819672,16.065573770491802,70.49180327868852,5.245901639344262,65.24590163934427
E00063533,310,83,44,39,227,14,213,26.7741935483871,14.193548387096774,12.580645161290322,73.22580645161291,4.516129032258064,68.70967741935485
E00063534,219,65,37,28,154,13,141,29.68036529680365,16.894977168949772,12.785388127853881,70.31963470319634,5.93607305936073,64.38356164383562
E00063535,338,88,43,45,250,15,235,26.035502958579883,12.721893491124261,13.313609467455622,73.96449704142012,4.437869822485207,69.5266272189349
E00063536,533,86,44,42,447,20,427,16.135084427767353,8.25515947467167,7.879924953095685,83.86491557223265,3.75234521575985,80.1125703564728
E00063537,381,93,43,50,288,20,268,24.409448818897637,11.286089238845145,13.123359580052494,75.59055118110236,5.2493438320209975,70.34120734908137
E00063538,323,72,41,31,251,13,238,22.291021671826623,12.693498452012383,9.597523219814242,77.70897832817337,4.024767801857585,73.68421052631578
E00063539,204,66,36,30,138,8,130,32.35294117647059,17.647058823529413,14.705882352941178,67.64705882352942,3.9215686274509802,63.725490196078425
E00063540,368,93,56,37,275,17,258,25.271739130434785,15.217391304347828,10.054347826086957,74.72826086956522,4.619565217391304,70.1086956521739
E00063541,464,147,87,60,317,20,297,31.68103448275862,18.75,12.931034482758621,68.31896551724138,4.310344827586207,64.00862068965517
E00063542,319,45,17,28,274,31,243,14.106583072100312,5.329153605015674,8.77742946708464,85.8934169278997,9.717868338557993,76.17554858934169
E00063543,357,89,43,46,268,23,245,24.92997198879552,12.044817927170868,12.885154061624648,75.07002801120449,6.442577030812324,68.62745098039215
E00063544,199,43,19,24,156,12,144,21.608040201005025,9.547738693467336,12.060301507537687,78.39195979899498,6.030150753768844,72.36180904522614
E00063545,482,67,27,40,415,31,384,13.900414937759336,5.601659751037345,8.29875518672199,86.09958506224066,6.431535269709543,79.66804979253112
E00063546,578,51,25,26,527,39,488,8.823529411764707,4.325259515570934,4.498269896193772,91.17647058823529,6.747404844290658,84.42906574394463
E00063547,348,69,37,32,279,12,267,19.82758620689655,10.632183908045976,9.195402298850574,80.17241379310344,3.4482758620689653,76.72413793103449
E00063549,466,60,32,28,406,12,394,12.875536480686694,6.866952789699571,6.008583690987124,87.1244635193133,2.575107296137339,84.54935622317596
E00063550,449,76,35,41,373,21,352,16.926503340757236,7.795100222717149,9.131403118040089,83.07349665924276,4.67706013363029,78.39643652561247
E00063551,379,87,42,45,292,16,276,22.95514511873351,11.081794195250659,11.87335092348285,77.04485488126649,4.221635883905013,72.82321899736148
E00063552,243,42,17,25,201,18,183,17.28395061728395,6.995884773662551,10.2880658436214,82.71604938271605,7.4074074074074066,75.30864197530865
E00063553,265,52,25,27,213,15,198,19.622641509433965,9.433962264150944,10.18867924528302,80.37735849056604,5.660377358490567,74.71698113207546
E00063554,277,70,42,28,207,11,196,25.27075812274368,15.162454873646208,10.108303249097473,74.72924187725631,3.9711191335740073,70.7581227436823
E00063555,549,107,64,43,442,25,417,19.489981785063755,11.657559198542804,7.832422586520947,80.51001821493625,4.553734061930783,75.95628415300546
E00063556,305,56,21,35,249,16,233,18.360655737704917,6.885245901639345,11.475409836065573,81.63934426229508,5.245901639344262,76.39344262295083
E00063557,345,70,35,35,275,14,261,20.28985507246377,10.144927536231885,10.144927536231885,79.71014492753623,4.057971014492753,75.65217391304347
E00063558,229,56,35,21,173,12,161,24.45414847161572,15.283842794759824,9.170305676855897,75.54585152838428,5.240174672489083,70.3056768558952
E00063560,391,71,45,26,320,7,313,18.15856777493606,11.508951406649617,6.649616368286446,81.84143222506394,1.7902813299232736,80.05115089514067
E00063561,343,39,15,24,304,8,296,11.370262390670554,4.373177842565598,6.997084548104956,88.62973760932945,2.3323615160349855,86.29737609329446
E00063562,534,81,41,40,453,10,443,15.168539325842698,7.677902621722846,7.490636704119851,84.8314606741573,1.8726591760299627,82.95880149812734
E00063563,422,62,25,37,360,14,346,14.691943127962084,5.924170616113744,8.767772511848342,85.30805687203792,3.3175355450236967,81.99052132701422
E00063564,557,56,23,33,501,17,484,10.053859964093357,4.129263913824058,5.9245960502693,89.94614003590664,3.052064631956912,86.89407540394973
E00063565,393,43,19,24,350,28,322,10.941475826972011,4.8346055979643765,6.106870229007633,89.05852417302799,7.124681933842239,81.93384223918575
E00063566,315,72,39,33,243,22,221,22.857142857142858,12.380952380952381,10.476190476190476,77.14285714285715,6.984126984126984,70.15873015873015
E00063567,230,54,26,28,176,18,158,23.47826086956522,11.304347826086957,12.173913043478262,76.52173913043478,7.82608695652174,68.69565217391305
E00063568,424,63,29,34,361,28,333,14.858490566037736,6.8396226415094334,8.018867924528301,85.14150943396226,6.60377358490566,78.5377358490566
E00063570,342,50,18,32,292,25,267,14.619883040935672,5.263157894736842,9.35672514619883,85.38011695906432,7.309941520467836,78.0701754385965
E00063571,288,52,28,24,236,20,216,18.055555555555554,9.722222222222223,8.333333333333332,81.94444444444444,6.944444444444445,75
E00063572,233,53,32,21,180,25,155,22.746781115879827,13.733905579399142,9.012875536480687,77.25321888412017,10.72961373390558,66.52360515021459
E00063573,305,52,14,38,253,16,237,17.04918032786885,4.590163934426229,12.459016393442624,82.95081967213115,5.245901639344262,77.70491803278688
E00063574,261,46,19,27,215,28,187,17.624521072796934,7.2796934865900385,10.344827586206897,82.37547892720306,10.727969348659004,71.64750957854406
E00063575,342,79,35,44,263,12,251,23.099415204678362,10.23391812865497,12.865497076023392,76.90058479532163,3.508771929824561,73.39181286549707
E00063576,264,58,27,31,206,24,182,21.96969696969697,10.227272727272728,11.742424242424242,78.03030303030303,9.090909090909092,68.93939393939394
E00063577,247,54,28,26,193,18,175,21.86234817813765,11.336032388663968,10.526315789473683,78.13765182186235,7.28744939271255,70.8502024291498
E00063578,438,61,18,43,377,27,350,13.926940639269406,4.10958904109589,9.817351598173515,86.0730593607306,6.164383561643835,79.90867579908677
E00063579,313,49,22,27,264,18,246,15.654952076677317,7.0287539936102235,8.626198083067091,84.34504792332268,5.7507987220447285,78.59424920127796
E00063580,272,61,26,35,211,17,194,22.426470588235293,9.558823529411764,12.867647058823529,77.57352941176471,6.25,71.32352941176471
E00063581,378,57,24,33,321,26,295,15.079365079365079,6.349206349206349,8.73015873015873,84.92063492063492,6.878306878306878,78.04232804232805
E00063582,288,42,21,21,246,20,226,14.583333333333334,7.291666666666667,7.291666666666667,85.41666666666666,6.944444444444445,78.47222222222221
E00063583,279,53,21,32,226,18,208,18.996415770609318,7.526881720430108,11.469534050179211,81.00358422939068,6.451612903225806,74.55197132616487
E00063584,300,35,13,22,265,23,242,11.666666666666666,4.333333333333334,7.333333333333333,88.33333333333333,7.666666666666666,80.66666666666666
E00063585,300,38,18,20,262,24,238,12.666666666666668,6,6.666666666666667,87.33333333333333,8,79.33333333333333
E00063586,180,22,6,16,158,20,138,12.222222222222221,3.3333333333333335,8.88888888888889,87.77777777777777,11.11111111111111,76.66666666666667
E00063587,462,92,47,45,370,32,338,19.913419913419915,10.173160173160174,9.740259740259742,80.08658008658008,6.926406926406926,73.16017316017316
E00063588,305,74,33,41,231,25,206,24.262295081967213,10.819672131147541,13.442622950819672,75.73770491803279,8.19672131147541,67.54098360655738
E00063589,259,30,10,20,229,22,207,11.583011583011583,3.861003861003861,7.722007722007722,88.41698841698842,8.494208494208493,79.92277992277992
E00063590,238,55,26,29,183,12,171,23.10924369747899,10.92436974789916,12.184873949579831,76.89075630252101,5.042016806722689,71.84873949579831
E00063591,228,33,16,17,195,13,182,14.473684210526317,7.017543859649122,7.456140350877193,85.52631578947368,5.701754385964912,79.82456140350878
E00063592,251,62,32,30,189,22,167,24.701195219123505,12.749003984063744,11.952191235059761,75.2988047808765,8.764940239043826,66.53386454183267
E00063594,170,70,36,34,100,14,86,41.17647058823529,21.176470588235293,20,58.82352941176471,8.235294117647058,50.588235294117645
E00063595,276,54,25,29,222,19,203,19.565217391304348,9.057971014492754,10.507246376811594,80.43478260869566,6.884057971014493,73.55072463768117
E00063596,247,49,19,30,198,8,190,19.838056680161944,7.6923076923076925,12.145748987854251,80.16194331983806,3.2388663967611335,76.92307692307693
E00063597,224,31,19,12,193,21,172,13.839285714285715,8.482142857142858,5.357142857142857,86.16071428571429,9.375,76.78571428571429
E00063598,361,79,39,40,282,23,259,21.88365650969529,10.80332409972299,11.080332409972298,78.1163434903047,6.3711911357340725,71.74515235457064
E00063599,167,79,39,40,88,13,75,47.30538922155689,23.353293413173652,23.952095808383234,52.69461077844312,7.784431137724551,44.91017964071856
E00063600,305,72,33,39,233,22,211,23.60655737704918,10.819672131147541,12.786885245901638,76.39344262295083,7.213114754098362,69.18032786885246
E00063601,311,43,12,31,268,22,246,13.826366559485532,3.858520900321544,9.967845659163988,86.17363344051448,7.07395498392283,79.09967845659163
E00063603,565,75,25,50,490,53,437,13.274336283185843,4.424778761061947,8.849557522123893,86.72566371681415,9.380530973451327,77.34513274336283
E00063604,274,44,18,26,230,24,206,16.05839416058394,6.569343065693431,9.48905109489051,83.94160583941606,8.75912408759124,75.18248175182481
E00063605,290,77,31,46,213,18,195,26.551724137931032,10.689655172413794,15.862068965517242,73.44827586206897,6.206896551724138,67.24137931034483
E00063606,110,48,29,19,62,4,58,43.63636363636363,26.36363636363636,17.272727272727273,56.36363636363636,3.6363636363636362,52.72727272727272
E00063607,247,33,13,20,214,16,198,13.360323886639677,5.263157894736842,8.097165991902834,86.63967611336032,6.477732793522267,80.16194331983806
E00063608,383,63,22,41,320,29,291,16.449086161879894,5.7441253263707575,10.704960835509137,83.5509138381201,7.5718015665796345,75.97911227154047
E00063609,297,98,51,47,199,8,191,32.996632996633,17.17171717171717,15.824915824915825,67.003367003367,2.6936026936026933,64.3097643097643
E00063610,247,58,22,36,189,20,169,23.481781376518217,8.906882591093117,14.5748987854251,76.51821862348179,8.097165991902834,68.42105263157895
E00063611,276,67,26,41,209,15,194,24.27536231884058,9.420289855072465,14.855072463768115,75.72463768115942,5.434782608695652,70.28985507246377
E00063612,331,66,21,45,265,19,246,19.939577039274926,6.3444108761329305,13.595166163141995,80.06042296072508,5.740181268882175,74.32024169184291
E00063613,412,110,61,49,302,26,276,26.699029126213592,14.805825242718445,11.893203883495145,73.30097087378641,6.310679611650485,66.99029126213593
E00063614,313,88,40,48,225,13,212,28.115015974440894,12.779552715654951,15.335463258785943,71.8849840255591,4.15335463258786,67.73162939297124
E00063615,354,84,54,30,270,14,256,23.728813559322035,15.254237288135593,8.47457627118644,76.27118644067797,3.954802259887006,72.31638418079096
E00063616,413,92,44,48,321,23,298,22.27602905569007,10.653753026634384,11.62227602905569,77.72397094430993,5.569007263922518,72.15496368038741
E00063617,266,51,23,28,215,22,193,19.172932330827066,8.646616541353383,10.526315789473683,80.82706766917293,8.270676691729323,72.55639097744361
E00063618,286,58,25,33,228,16,212,20.27972027972028,8.741258741258742,11.538461538461538,79.72027972027972,5.594405594405594,74.12587412587412
E00063619,298,77,45,32,221,15,206,25.838926174496645,15.100671140939598,10.738255033557047,74.16107382550335,5.033557046979865,69.12751677852349
E00063620,277,44,19,25,233,28,205,15.884476534296029,6.859205776173286,9.025270758122744,84.11552346570397,10.108303249097473,74.0072202166065
E00063621,242,76,35,41,166,15,151,31.40495867768595,14.46280991735537,16.94214876033058,68.59504132231406,6.198347107438017,62.396694214876035
E00063622,389,62,23,39,327,26,301,15.938303341902312,5.912596401028278,10.025706940874036,84.06169665809769,6.683804627249357,77.37789203084833
E00063623,231,62,27,35,169,19,150,26.83982683982684,11.688311688311687,15.151515151515152,73.16017316017316,8.225108225108226,64.93506493506493
E00063624,305,95,52,43,210,8,202,31.147540983606557,17.04918032786885,14.098360655737704,68.85245901639344,2.622950819672131,66.22950819672131
E00063625,318,52,20,32,266,22,244,16.352201257861633,6.289308176100629,10.062893081761008,83.64779874213836,6.918238993710692,76.72955974842768
E00063626,325,65,42,23,260,8,252,20,12.923076923076923,7.076923076923077,80,2.4615384615384617,77.53846153846153
E00063627,287,50,24,26,237,14,223,17.421602787456447,8.362369337979095,9.059233449477352,82.57839721254355,4.878048780487805,77.70034843205575
E00063628,307,70,35,35,237,23,214,22.80130293159609,11.400651465798045,11.400651465798045,77.19869706840392,7.491856677524431,69.70684039087948
E00063629,291,55,24,31,236,17,219,18.900343642611684,8.24742268041237,10.652920962199312,81.09965635738831,5.841924398625429,75.25773195876289
E00063630,203,78,42,36,125,12,113,38.42364532019704,20.689655172413794,17.733990147783253,61.57635467980296,5.911330049261084,55.66502463054187
E00063631,375,69,19,50,306,16,290,18.4,5.066666666666666,13.333333333333334,81.6,4.266666666666667,77.33333333333333
E00063632,331,106,66,40,225,22,203,32.02416918429003,19.939577039274926,12.084592145015106,67.97583081570997,6.646525679758309,61.329305135951664
E00063633,406,92,41,51,314,26,288,22.660098522167488,10.098522167487685,12.561576354679804,77.33990147783251,6.403940886699508,70.93596059113301
E00063634,268,74,41,33,194,9,185,27.611940298507463,15.298507462686567,12.313432835820896,72.38805970149254,3.3582089552238807,69.02985074626866
E00063635,250,44,24,20,206,19,187,17.599999999999998,9.6,8,82.39999999999999,7.6,74.8
E00063636,257,59,20,39,198,9,189,22.957198443579767,7.782101167315175,15.17509727626459,77.04280155642024,3.501945525291829,73.54085603112841
E00063637,284,55,32,23,229,15,214,19.366197183098592,11.267605633802818,8.098591549295776,80.63380281690141,5.28169014084507,75.35211267605634
E00063638,296,51,28,23,245,16,229,17.22972972972973,9.45945945945946,7.77027027027027,82.77027027027027,5.405405405405405,77.36486486486487
E00063639,263,59,27,32,204,13,191,22.433460076045627,10.26615969581749,12.167300380228136,77.56653992395437,4.942965779467681,72.6235741444867
E00063641,203,29,17,12,174,11,163,14.285714285714285,8.374384236453201,5.911330049261084,85.71428571428571,5.41871921182266,80.29556650246306
E00063643,320,64,35,29,256,14,242,20,10.9375,9.0625,80,4.375,75.625
E00063644,253,48,26,22,205,15,190,18.972332015810274,10.276679841897234,8.695652173913043,81.02766798418972,5.928853754940711,75.09881422924902
E00063645,262,68,33,35,194,9,185,25.954198473282442,12.595419847328243,13.358778625954198,74.04580152671755,3.435114503816794,70.61068702290076
E00063646,323,94,57,37,229,6,223,29.102167182662537,17.647058823529413,11.455108359133128,70.89783281733746,1.8575851393188854,69.04024767801857
E00063647,312,63,24,39,249,13,236,20.192307692307693,7.6923076923076925,12.5,79.8076923076923,4.166666666666666,75.64102564102564
E00063648,219,47,24,23,172,10,162,21.461187214611872,10.95890410958904,10.50228310502283,78.53881278538812,4.5662100456621,73.97260273972603
E00063649,275,35,10,25,240,24,216,12.727272727272727,3.6363636363636362,9.090909090909092,87.27272727272727,8.727272727272728,78.54545454545455
E00063650,402,44,20,24,358,32,326,10.945273631840797,4.975124378109453,5.970149253731343,89.05472636815921,7.960199004975125,81.09452736318407
E00063651,613,52,12,40,561,39,522,8.482871125611746,1.957585644371941,6.525285481239804,91.51712887438825,6.36215334420881,85.15497553017944
E00063652,340,52,18,34,288,36,252,15.294117647058824,5.294117647058823,10,84.70588235294117,10.588235294117647,74.11764705882354
E00063653,316,44,15,29,272,24,248,13.924050632911392,4.746835443037975,9.177215189873419,86.07594936708861,7.59493670886076,78.48101265822784
E00063654,169,46,21,25,123,11,112,27.218934911242602,12.42603550295858,14.792899408284024,72.7810650887574,6.508875739644971,66.27218934911244
E00063655,281,54,20,34,227,20,207,19.217081850533805,7.11743772241993,12.099644128113878,80.78291814946618,7.11743772241993,73.66548042704626
E00063656,299,49,18,31,250,28,222,16.387959866220736,6.0200668896321075,10.367892976588628,83.61204013377926,9.364548494983277,74.24749163879598
E00063657,245,39,15,24,206,22,184,15.918367346938775,6.122448979591836,9.795918367346939,84.08163265306122,8.979591836734693,75.10204081632654
E00063658,377,47,13,34,330,34,296,12.46684350132626,3.4482758620689653,9.018567639257293,87.53315649867373,9.018567639257293,78.51458885941645
E00063659,296,35,10,25,261,22,239,11.824324324324325,3.3783783783783785,8.445945945945946,88.17567567567568,7.4324324324324325,80.74324324324324
E00063660,318,46,17,29,272,29,243,14.465408805031446,5.345911949685535,9.119496855345911,85.53459119496856,9.119496855345911,76.41509433962264
E00063661,237,33,12,21,204,22,182,13.924050632911392,5.063291139240507,8.860759493670885,86.07594936708861,9.282700421940929,76.79324894514767
E00063662,227,31,14,17,196,21,175,13.656387665198238,6.167400881057269,7.488986784140969,86.34361233480176,9.251101321585903,77.09251101321586
E00063663,227,49,24,25,178,5,173,21.58590308370044,10.572687224669604,11.013215859030836,78.41409691629956,2.2026431718061676,76.2114537444934
E00063664,268,51,24,27,217,13,204,19.029850746268657,8.955223880597014,10.074626865671641,80.97014925373134,4.850746268656716,76.11940298507463
E00063665,619,56,23,33,563,15,548,9.046849757673666,3.715670436187399,5.3311793214862675,90.95315024232633,2.4232633279483036,88.52988691437803
E00063666,273,84,54,30,189,7,182,30.76923076923077,19.78021978021978,10.989010989010989,69.23076923076923,2.564102564102564,66.66666666666666
E00063667,207,106,61,45,101,11,90,51.20772946859904,29.468599033816425,21.73913043478261,48.792270531400966,5.314009661835748,43.47826086956522
E00063668,514,104,65,39,410,21,389,20.233463035019454,12.645914396887159,7.587548638132295,79.76653696498055,4.085603112840467,75.68093385214007
E00063669,283,66,36,30,217,10,207,23.32155477031802,12.7208480565371,10.60070671378092,76.67844522968198,3.53356890459364,73.14487632508833
E00063671,458,91,51,40,367,15,352,19.868995633187772,11.135371179039302,8.73362445414847,80.13100436681223,3.2751091703056767,76.85589519650655
E00063672,263,32,23,9,231,13,218,12.167300380228136,8.745247148288973,3.4220532319391634,87.83269961977186,4.942965779467681,82.88973384030417
E00063673,513,46,19,27,467,21,446,8.966861598440545,3.7037037037037033,5.263157894736842,91.03313840155946,4.093567251461988,86.93957115009746
E00063674,425,66,36,30,359,11,348,15.529411764705884,8.470588235294118,7.0588235294117645,84.47058823529412,2.588235294117647,81.88235294117648
E00063675,379,89,52,37,290,15,275,23.482849604221638,13.720316622691293,9.762532981530343,76.51715039577837,3.95778364116095,72.55936675461741
E00063676,506,78,40,38,428,7,421,15.41501976284585,7.905138339920949,7.5098814229249005,84.58498023715416,1.383399209486166,83.20158102766798
E00063677,259,34,15,19,225,8,217,13.127413127413126,5.7915057915057915,7.335907335907336,86.87258687258688,3.088803088803089,83.78378378378379
E00063679,508,85,50,35,423,8,415,16.73228346456693,9.84251968503937,6.889763779527559,83.26771653543307,1.574803149606299,81.69291338582677
E00063680,343,31,9,22,312,8,304,9.037900874635568,2.623906705539359,6.41399416909621,90.96209912536443,2.3323615160349855,88.62973760932945
E00063681,231,65,37,28,166,16,150,28.13852813852814,16.017316017316016,12.121212121212121,71.86147186147186,6.926406926406926,64.93506493506493
E00063682,274,47,25,22,227,17,210,17.153284671532848,9.124087591240876,8.02919708029197,82.84671532846716,6.204379562043796,76.64233576642336
E00063683,437,40,20,20,397,21,376,9.153318077803203,4.576659038901601,4.576659038901601,90.8466819221968,4.805491990846682,86.04118993135012
E00063684,298,35,14,21,263,19,244,11.74496644295302,4.697986577181208,7.046979865771812,88.25503355704699,6.375838926174497,81.87919463087249
E00063685,298,49,31,18,249,14,235,16.44295302013423,10.40268456375839,6.0402684563758395,83.55704697986577,4.697986577181208,78.85906040268456
E00063686,282,56,26,30,226,10,216,19.858156028368796,9.219858156028367,10.638297872340425,80.1418439716312,3.546099290780142,76.59574468085107
E00063687,267,44,20,24,223,26,197,16.479400749063668,7.490636704119851,8.98876404494382,83.52059925093633,9.737827715355806,73.78277153558052
E00063688,417,46,25,21,371,8,363,11.031175059952037,5.995203836930456,5.0359712230215825,88.96882494004797,1.9184652278177456,87.05035971223022
E00063689,300,34,16,18,266,9,257,11.333333333333332,5.333333333333334,6,88.66666666666667,3,85.66666666666667
E00063690,403,56,28,28,347,14,333,13.895781637717123,6.9478908188585615,6.9478908188585615,86.10421836228288,3.4739454094292808,82.6302729528536
E00063691,281,36,9,27,245,15,230,12.811387900355871,3.202846975088968,9.608540925266903,87.18861209964413,5.338078291814947,81.85053380782918
E00063692,435,63,28,35,372,20,352,14.482758620689657,6.436781609195402,8.045977011494253,85.51724137931035,4.597701149425287,80.91954022988506
E00063693,428,61,29,32,367,39,328,14.252336448598129,6.775700934579438,7.476635514018691,85.74766355140187,9.11214953271028,76.63551401869158
E00063694,221,56,28,28,165,10,155,25.339366515837103,12.669683257918551,12.669683257918551,74.6606334841629,4.524886877828054,70.13574660633483
E00063695,329,51,24,27,278,29,249,15.501519756838904,7.29483282674772,8.206686930091186,84.49848024316108,8.814589665653495,75.6838905775076
E00063696,474,60,22,38,414,28,386,12.658227848101266,4.641350210970464,8.016877637130802,87.34177215189874,5.9071729957805905,81.43459915611815
E00063697,227,46,19,27,181,14,167,20.26431718061674,8.370044052863436,11.894273127753303,79.73568281938326,6.167400881057269,73.568281938326
E00063698,284,59,31,28,225,13,212,20.774647887323944,10.915492957746478,9.859154929577464,79.22535211267606,4.577464788732395,74.64788732394366
E00063699,314,57,23,34,257,17,240,18.152866242038215,7.32484076433121,10.828025477707007,81.84713375796179,5.414012738853503,76.43312101910828
E00063700,392,43,19,24,349,24,325,10.96938775510204,4.846938775510204,6.122448979591836,89.03061224489795,6.122448979591836,82.90816326530613
E00063701,333,64,26,38,269,19,250,19.21921921921922,7.807807807807808,11.411411411411411,80.78078078078079,5.7057057057057055,75.07507507507508
E00063702,510,135,69,66,375,11,364,26.47058823529412,13.529411764705882,12.941176470588237,73.52941176470588,2.156862745098039,71.37254901960785
E00063703,304,75,34,41,229,13,216,24.671052631578945,11.18421052631579,13.486842105263158,75.32894736842105,4.276315789473684,71.05263157894737
E00063704,318,70,38,32,248,13,235,22.0125786163522,11.949685534591195,10.062893081761008,77.9874213836478,4.088050314465408,73.89937106918238
E00063705,513,109,52,57,404,25,379,21.24756335282651,10.1364522417154,11.11111111111111,78.75243664717348,4.8732943469785575,73.87914230019493
E00063706,313,66,36,30,247,10,237,21.08626198083067,11.501597444089457,9.584664536741213,78.91373801916933,3.1948881789137378,75.71884984025559
E00063707,358,57,26,31,301,17,284,15.921787709497206,7.262569832402235,8.659217877094973,84.07821229050279,4.748603351955307,79.3296089385475
E00063708,325,67,35,32,258,13,245,20.615384615384617,10.76923076923077,9.846153846153847,79.38461538461539,4,75.38461538461539
E00063709,611,104,48,56,507,15,492,17.02127659574468,7.855973813420622,9.165302782324058,82.97872340425532,2.454991816693944,80.52373158756137
E00063710,298,55,29,26,243,13,230,18.456375838926174,9.731543624161073,8.724832214765101,81.54362416107382,4.3624161073825505,77.18120805369128
E00063711,376,85,43,42,291,16,275,22.606382978723406,11.436170212765957,11.170212765957446,77.3936170212766,4.25531914893617,73.13829787234043
E00063712,202,64,43,21,138,14,124,31.683168316831683,21.287128712871286,10.396039603960396,68.31683168316832,6.9306930693069315,61.386138613861384
E00063713,386,107,57,50,279,10,269,27.72020725388601,14.766839378238341,12.953367875647666,72.279792746114,2.5906735751295336,69.68911917098445
E00063714,288,65,35,30,223,12,211,22.569444444444446,12.152777777777777,10.416666666666668,77.43055555555556,4.166666666666666,73.26388888888889
E00063715,348,105,49,56,243,18,225,30.17241379310345,14.080459770114942,16.091954022988507,69.82758620689656,5.172413793103448,64.65517241379311
E00063716,247,76,40,36,171,4,167,30.76923076923077,16.194331983805668,14.5748987854251,69.23076923076923,1.6194331983805668,67.61133603238866
E00063717,428,89,50,39,339,26,313,20.794392523364486,11.682242990654206,9.11214953271028,79.2056074766355,6.074766355140187,73.13084112149532
E00063718,442,89,50,39,353,14,339,20.13574660633484,11.312217194570136,8.823529411764707,79.86425339366517,3.167420814479638,76.696832579185525
E00063719,506,108,59,49,398,13,385,21.34387351778656,11.6600790513834,9.683794466403162,78.65612648221344,2.5691699604743086,76.08695652173914
E00063720,416,94,48,46,322,19,303,22.596153846153847,11.538461538461538,11.057692307692307,77.40384615384616,4.567307692307692,72.83653846153845
E00063721,359,59,30,29,300,13,287,16.434540389972145,8.356545961002785,8.07799442896936,83.56545961002786,3.6211699164345403,79.94428969359332
E00063722,360,58,29,29,302,10,292,16.11111111111111,8.055555555555555,8.055555555555555,83.88888888888889,2.7777777777777777,81.11111111111111
E00063723,293,38,18,20,255,17,238,12.969283276450511,6.143344709897611,6.825938566552901,87.03071672354949,5.802047781569966,81.22866894197952
E00063724,355,61,26,35,294,13,281,17.183098591549296,7.323943661971831,9.859154929577464,82.8169014084507,3.6619718309859155,79.15492957746478
E00063725,378,80,46,34,298,12,286,21.164021164021165,12.16931216931217,8.994708994708994,78.83597883597884,3.1746031746031744,75.66137566137566
E00063726,542,79,41,38,463,16,447,14.575645756457565,7.564575645756458,7.011070110701106,85.42435424354244,2.952029520295203,82.47232472324724
E00063727,487,88,49,39,399,17,382,18.069815195071868,10.061601642710473,8.008213552361395,81.93018480492813,3.4907597535934287,78.4394250513347
E00063728,472,55,23,32,417,8,409,11.652542372881355,4.872881355932203,6.779661016949152,88.34745762711864,1.694915254237288,86.65254237288136
E00063729,538,86,44,42,452,6,446,15.985130111524162,8.178438661710038,7.806691449814126,84.01486988847584,1.1152416356877324,82.8996282527881
E00063730,343,62,37,25,281,18,263,18.075801749271136,10.787172011661808,7.288629737609329,81.92419825072886,5.247813411078718,76.67638483965014
E00063731,442,62,35,27,380,8,372,14.027149321266968,7.918552036199094,6.108597285067873,85.97285067873304,1.809954751131222,84.16289592760181
E00063733,381,124,74,50,257,22,235,32.54593175853018,19.42257217847769,13.123359580052494,67.45406824146981,5.774278215223097,61.679790026246714
E00063734,397,51,29,22,346,15,331,12.846347607052897,7.304785894206549,5.541561712846348,87.1536523929471,3.7783375314861463,83.37531486146096
E00063735,519,73,34,39,446,14,432,14.065510597302506,6.551059730250482,7.514450867052023,85.9344894026975,2.697495183044316,83.23699421965318
E00063736,507,63,30,33,444,11,433,12.42603550295858,5.9171597633136095,6.508875739644971,87.57396449704143,2.1696252465483234,85.4043392504931
E00063737,576,51,25,26,525,19,506,8.854166666666668,4.340277777777778,4.513888888888888,91.14583333333334,3.298611111111111,87.84722222222221
E00063738,533,44,29,15,489,12,477,8.25515947467167,5.440900562851782,2.8142589118198873,91.74484052532833,2.25140712945591,89.49343339587243
E00063739,350,69,43,26,281,5,276,19.714285714285715,12.285714285714286,7.428571428571429,80.28571428571428,1.4285714285714286,78.85714285714286
E00063740,504,78,38,40,426,20,406,15.476190476190476,7.5396825396825395,7.936507936507936,84.52380952380952,3.968253968253968,80.55555555555556
E00063741,480,39,12,27,441,9,432,8.125,2.5,5.625,91.875,1.875,90
E00063742,391,55,37,18,336,10,326,14.066496163682865,9.462915601023019,4.603580562659847,85.93350383631714,2.557544757033248,83.37595907928389
E00063743,328,67,28,39,261,29,232,20.426829268292682,8.536585365853659,11.890243902439025,79.57317073170732,8.841463414634147,70.73170731707317
E00063744,306,93,59,34,213,10,203,30.392156862745097,19.28104575163399,11.11111111111111,69.6078431372549,3.2679738562091507,66.33986928104575
E00063745,346,111,68,43,235,24,211,32.080924855491325,19.653179190751445,12.427745664739884,67.91907514450867,6.9364161849710975,60.982658959537574
E00063746,298,47,24,23,251,19,232,15.771812080536913,8.053691275167784,7.718120805369128,84.22818791946308,6.375838926174497,77.85234899328859
E00063747,264,73,35,38,191,16,175,27.65151515151515,13.257575757575758,14.393939393939394,72.34848484848484,6.0606060606060606,66.28787878787878
E00063748,286,63,25,38,223,23,200,22.02797202797203,8.741258741258742,13.286713286713287,77.97202797202797,8.041958041958042,69.93006993006993
E00063749,276,59,24,35,217,15,202,21.3768115942029,8.695652173913043,12.681159420289855,78.62318840579711,5.434782608695652,73.18840579710145
E00063750,312,69,39,30,243,17,226,22.115384615384613,12.5,9.615384615384617,77.88461538461539,5.448717948717949,72.43589743589743
E00063751,286,56,36,20,230,23,207,19.58041958041958,12.587412587412588,6.993006993006993,80.41958041958041,8.041958041958042,72.37762237762237
E00063752,221,55,30,25,166,18,148,24.8868778280543,13.574660633484163,11.312217194570136,75.1131221719457,8.144796380090497,66.9683257918552
E00063753,333,67,35,32,266,22,244,20.12012012012012,10.51051051051051,9.60960960960961,79.87987987987988,6.606606606606606,73.27327327327328
E00063755,326,104,56,48,222,20,202,31.901840490797547,17.177914110429448,14.723926380368098,68.09815950920245,6.134969325153374,61.963190184049076
E00063756,329,123,79,44,206,25,181,37.38601823708207,24.012158054711247,13.37386018237082,62.61398176291794,7.598784194528875,55.01519756838906
E00063757,262,109,62,47,153,14,139,41.603053435114504,23.66412213740458,17.938931297709924,58.396946564885496,5.343511450381679,53.05343511450382
E00063758,298,67,26,41,231,14,217,22.483221476510067,8.724832214765101,13.758389261744966,77.51677852348993,4.697986577181208,72.81879194630872
E00063759,332,66,31,35,266,11,255,19.879518072289155,9.33734939759036,10.542168674698797,80.12048192771084,3.313253012048193,76.80722891566265
E00063760,344,52,26,26,292,21,271,15.11627906976744,7.55813953488372,7.55813953488372,84.88372093023256,6.104651162790697,78.77906976744185
E00063761,232,58,30,28,174,17,157,25,12.931034482758621,12.068965517241379,75,7.327586206896551,67.67241379310344
E00063762,261,66,42,24,195,18,177,25.287356321839084,16.091954022988507,9.195402298850574,74.71264367816092,6.896551724137931,67.81609195402298
E00063763,404,81,41,40,323,22,301,20.049504950495052,10.14851485148515,9.900990099009901,79.95049504950495,5.445544554455446,74.5049504950495
E00063764,134,52,35,17,82,1,81,38.80597014925373,26.119402985074625,12.686567164179104,61.19402985074627,0.7462686567164178,60.447761194029844
E00063765,288,97,46,51,191,12,179,33.68055555555556,15.972222222222221,17.708333333333336,66.31944444444444,4.166666666666666,62.15277777777778
E00063766,248,49,22,27,199,14,185,19.758064516129032,8.870967741935484,10.887096774193548,80.24193548387096,5.64516129032258,74.59677419354838
E00063767,187,56,26,30,131,19,112,29.946524064171122,13.903743315508022,16.042780748663102,70.05347593582889,10.16042780748663,59.893048128342244
E00063768,323,72,30,42,251,19,232,22.291021671826623,9.287925696594428,13.003095975232199,77.70897832817337,5.88235294117647,71.8266253869969
E00063769,392,58,19,39,334,30,304,14.795918367346939,4.846938775510204,9.948979591836734,85.20408163265306,7.653061224489796,77.55102040816327
E00063770,351,81,32,49,270,23,247,23.076923076923077,9.116809116809117,13.96011396011396,76.92307692307693,6.552706552706552,70.37037037037037
E00063771,268,45,19,26,223,16,207,16.791044776119403,7.08955223880597,9.701492537313433,83.2089552238806,5.970149253731343,77.23880597014924
E00063772,299,69,29,40,230,20,210,23.076923076923077,9.698996655518394,13.377926421404682,76.92307692307693,6.688963210702341,70.23411371237458
E00063773,300,37,11,26,263,35,228,12.333333333333334,3.6666666666666665,8.666666666666668,87.66666666666667,11.666666666666666,76
E00063774,251,46,19,27,205,21,184,18.326693227091635,7.569721115537849,10.756972111553784,81.67330677290838,8.366533864541832,73.30677290836654
E00063775,345,56,19,37,289,29,260,16.231884057971012,5.507246376811594,10.72463768115942,83.76811594202898,8.405797101449275,75.36231884057972
E00063776,246,41,19,22,205,19,186,16.666666666666664,7.723577235772358,8.94308943089431,83.33333333333334,7.723577235772358,75.60975609756098
E00063777,322,47,16,31,275,25,250,14.596273291925465,4.968944099378882,9.627329192546584,85.40372670807453,7.763975155279502,77.63975155279503
E00063781,289,52,18,34,237,31,206,17.99307958477509,6.228373702422145,11.76470588235294,82.00692041522491,10.726643598615917,71.280276816609
E00063782,348,85,42,43,263,23,240,24.42528735632184,12.068965517241379,12.35632183908046,75.57471264367817,6.609195402298851,68.96551724137932
E00063785,311,65,36,29,246,22,224,20.90032154340836,11.57556270096463,9.32475884244373,79.09967845659163,7.07395498392283,72.02572347266882
E00063786,285,57,31,26,228,25,203,20,10.87719298245614,9.12280701754386,80,8.771929824561402,71.2280701754386
E00063787,348,55,16,39,293,23,270,15.804597701149426,4.597701149425287,11.206896551724139,84.19540229885058,6.609195402298851,77.58620689655173
E00063788,264,63,37,26,201,3,198,23.863636363636363,14.015151515151514,9.848484848484848,76.13636363636364,1.1363636363636365,75
E00063789,330,94,57,37,236,11,225,28.484848484848484,17.272727272727273,11.212121212121213,71.51515151515152,3.3333333333333335,68.18181818181817
E00063790,437,69,32,37,368,7,361,15.789473684210526,7.322654462242563,8.466819221967963,84.21052631578947,1.6018306636155606,82.6086956521739
E00063791,432,48,21,27,384,11,373,11.11111111111111,4.861111111111112,6.25,88.88888888888889,2.5462962962962963,86.3425925925926
E00063792,224,40,25,15,184,11,173,17.857142857142858,11.160714285714286,6.696428571428571,82.14285714285714,4.910714285714286,77.23214285714286
E00063793,321,71,37,34,250,15,235,22.118380062305295,11.526479750778815,10.59190031152648,77.88161993769471,4.672897196261682,73.20872274143302
E00063794,276,67,34,33,209,8,201,24.27536231884058,12.318840579710146,11.956521739130435,75.72463768115942,2.898550724637681,72.82608695652173
E00063795,534,63,34,29,471,19,452,11.797752808988763,6.367041198501873,5.430711610486892,88.20224719101124,3.5580524344569286,84.6441947565543
E00063796,319,47,26,21,272,5,267,14.733542319749215,8.150470219435736,6.583072100313479,85.26645768025078,1.5673981191222568,83.69905956112854
E00063797,444,201,104,97,243,21,222,45.27027027027027,23.423423423423422,21.846846846846844,54.729729729729726,4.72972972972973,50
E00063798,383,64,35,29,319,13,306,16.710182767624023,9.138381201044385,7.5718015665796345,83.28981723237598,3.3942558746736298,79.89556135770235
E00063799,430,70,40,30,360,15,345,16.27906976744186,9.30232558139535,6.976744186046512,83.72093023255815,3.488372093023256,80.23255813953489
E00063800,478,57,33,24,421,13,408,11.92468619246862,6.903765690376569,5.02092050209205,88.07531380753139,2.7196652719665275,85.35564853556485
E00063801,516,66,28,38,450,15,435,12.790697674418606,5.426356589147287,7.3643410852713185,87.20930232558139,2.9069767441860463,84.30232558139535
E00063802,337,106,58,48,231,11,220,31.454005934718097,17.210682492581604,14.243323442136498,68.5459940652819,3.2640949554896146,65.28189910979229
E00063803,451,87,47,40,364,10,354,19.290465631929045,10.42128603104213,8.869179600886918,80.70953436807096,2.2172949002217295,78.49223946784922
E00063804,331,39,23,16,292,11,281,11.782477341389729,6.948640483383686,4.833836858006042,88.21752265861026,3.3232628398791544,84.89425981873111
E00063805,403,102,53,49,301,17,284,25.31017369727047,13.151364764267989,12.158808933002481,74.68982630272953,4.218362282878412,70.47146401985111
E00063806,238,93,54,39,145,12,133,39.075630252100844,22.689075630252102,16.386554621848738,60.924369747899156,5.042016806722689,55.88235294117647
E00063807,356,80,48,32,276,12,264,22.47191011235955,13.48314606741573,8.98876404494382,77.52808988764045,3.3707865168539324,74.15730337078652
E00063808,280,62,20,42,218,17,201,22.142857142857142,7.142857142857142,15,77.85714285714286,6.071428571428571,71.78571428571429
E00063809,294,51,23,28,243,22,221,17.346938775510203,7.8231292517006805,9.523809523809524,82.6530612244898,7.482993197278912,75.17006802721087
E00063810,282,44,14,30,238,18,220,15.602836879432624,4.964539007092199,10.638297872340425,84.39716312056737,6.382978723404255,78.01418439716312
E00063811,350,45,17,28,305,21,284,12.857142857142856,4.857142857142857,8,87.14285714285714,6,81.14285714285714
E00063812,422,49,20,29,373,34,339,11.61137440758294,4.739336492890995,6.872037914691943,88.38862559241706,8.056872037914692,80.33175355450237
E00063813,334,44,10,34,290,23,267,13.17365269461078,2.9940119760479043,10.179640718562874,86.82634730538922,6.88622754491018,79.94011976047905
E00063814,274,52,13,39,222,13,209,18.97810218978102,4.744525547445255,14.233576642335766,81.02189781021897,4.744525547445255,76.27737226277372
E00063815,278,40,18,22,238,20,218,14.388489208633093,6.474820143884892,7.913669064748201,85.61151079136691,7.1942446043165464,78.41726618705036
E00063816,294,57,18,39,237,28,209,19.387755102040817,6.122448979591836,13.26530612244898,80.61224489795919,9.523809523809524,71.08843537414967
E00063817,274,62,30,32,212,24,188,22.62773722627737,10.948905109489052,11.678832116788321,77.37226277372264,8.75912408759124,68.61313868613139
E00063818,216,27,5,22,189,19,170,12.5,2.314814814814815,10.185185185185185,87.5,8.796296296296296,78.70370370370371
E00063819,412,60,22,38,352,28,324,14.563106796116504,5.339805825242718,9.223300970873787,85.43689320388349,6.796116504854369,78.64077669902912
E00063820,308,80,42,38,228,16,212,25.97402597402597,13.636363636363635,12.337662337662337,74.02597402597402,5.194805194805195,68.83116883116884
E00063821,242,52,17,35,190,19,171,21.487603305785125,7.024793388429752,14.46280991735537,78.51239669421489,7.851239669421488,70.66115702479338
E00063822,271,56,27,29,215,19,196,20.66420664206642,9.96309963099631,10.70110701107011,79.33579335793358,7.011070110701106,72.32472324723247
E00171882,570,111,44,67,459,29,430,19.473684210526315,7.719298245614035,11.75438596491228,80.52631578947368,5.087719298245614,75.43859649122807
E00171883,253,52,21,31,201,6,195,20.55335968379447,8.300395256916996,12.25296442687747,79.44664031620553,2.371541501976284,77.07509881422925
E00171884,681,64,28,36,617,24,593,9.397944199706314,4.1116005873715125,5.286343612334802,90.60205580029368,3.524229074889868,87.07782672540382
E00171885,429,60,35,25,369,11,358,13.986013986013987,8.158508158508159,5.827505827505827,86.01398601398601,2.564102564102564,83.44988344988346
E00171886,427,49,21,28,378,24,354,11.475409836065573,4.918032786885246,6.557377049180328,88.52459016393442,5.620608899297424,82.90398126463701
E00171887,254,35,23,12,219,7,212,13.779527559055119,9.05511811023622,4.724409448818897,86.22047244094489,2.7559055118110236,83.46456692913385
E00171888,370,63,32,31,307,6,301,17.027027027027028,8.64864864864865,8.378378378378379,82.97297297297297,1.6216216216216217,81.35135135135135
E00171889,375,58,28,30,317,27,290,15.466666666666667,7.466666666666668,8,84.53333333333333,7.199999999999999,77.33333333333333
E00171890,388,64,37,27,324,14,310,16.49484536082474,9.536082474226804,6.958762886597938,83.50515463917526,3.608247422680412,79.89690721649485
E00171891,265,20,9,11,245,9,236,7.547169811320755,3.3962264150943398,4.150943396226415,92.45283018867924,3.3962264150943398,89.05660377358491
E00171892,451,62,31,31,389,16,373,13.747228381374724,6.873614190687362,6.873614190687362,86.25277161862527,3.5476718403547673,82.70509977827051
E00171893,320,35,14,21,285,13,272,10.9375,4.375,6.5625,89.0625,4.0625,85
E00171894,292,41,17,24,251,11,240,14.04109589041096,5.821917808219178,8.21917808219178,85.95890410958904,3.767123287671233,82.1917808219178
E00171895,286,54,30,24,232,18,214,18.88111888111888,10.48951048951049,8.391608391608392,81.11888111888112,6.293706293706294,74.82517482517483
E00171896,222,43,23,20,179,6,173,19.36936936936937,10.36036036036036,9.00900900900901,80.63063063063063,2.7027027027027026,77.92792792792793
E00171897,399,49,21,28,350,19,331,12.280701754385964,5.263157894736842,7.017543859649122,87.71929824561403,4.761904761904762,82.95739348370927
E00171898,343,35,10,25,308,22,286,10.204081632653061,2.9154518950437316,7.288629737609329,89.79591836734694,6.41399416909621,83.38192419825073
E00171899,330,35,3,32,295,26,269,10.606060606060606,0.9090909090909091,9.696969696969697,89.39393939393939,7.878787878787878,81.51515151515152
E00171900,356,44,18,26,312,19,293,12.359550561797752,5.056179775280898,7.303370786516854,87.64044943820225,5.337078651685393,82.30337078651685
E00171901,341,32,15,17,309,25,284,9.3841642228739,4.398826979472141,4.9853372434017595,90.6158357771261,7.331378299120235,83.28445747800586
E00171902,402,41,16,25,361,31,330,10.199004975124378,3.9800995024875623,6.218905472636816,89.80099502487562,7.711442786069651,82.08955223880598
E00171903,346,40,17,23,306,30,276,11.560693641618498,4.913294797687861,6.6473988439306355,88.4393063583815,8.670520231213873,79.76878612716763
E00171904,377,34,14,20,343,28,315,9.018567639257293,3.7135278514588856,5.305039787798409,90.98143236074272,7.427055702917771,83.55437665782493
E00181505,223,61,25,36,162,10,152,27.3542600896861,11.210762331838566,16.143497757847534,72.6457399103139,4.484304932735426,68.16143497757847
E00181507,325,47,20,27,278,17,261,14.461538461538462,6.153846153846154,8.307692307692308,85.53846153846155,5.230769230769231,80.3076923076923
E00181511,480,53,32,21,427,14,413,11.041666666666666,6.666666666666667,4.375,88.95833333333333,2.9166666666666665,86.04166666666667
E00181517,412,22,3,19,390,29,361,5.339805825242718,0.7281553398058253,4.611650485436893,94.66019417475728,7.038834951456311,87.62135922330097
E00181521,376,72,30,42,304,30,274,19.148936170212767,7.9787234042553195,11.170212765957446,80.85106382978722,7.9787234042553195,72.87234042553192
E00181523,451,42,16,26,409,15,394,9.312638580931264,3.5476718403547673,5.764966740576496,90.68736141906874,3.325942350332594,87.36141906873614
E00181524,305,76,36,40,229,19,210,24.91803278688525,11.80327868852459,13.114754098360656,75.08196721311475,6.229508196721312,68.85245901639344
E00181526,562,109,59,50,453,25,428,19.395017793594306,10.498220640569395,8.896797153024911,80.6049822064057,4.448398576512456,76.15658362989323
E00181527,304,44,17,27,260,10,250,14.473684210526317,5.592105263157895,8.881578947368421,85.52631578947368,3.289473684210526,82.23684210526315
E00181535,397,63,35,28,334,19,315,15.869017632241814,8.816120906801007,7.052896725440807,84.1309823677582,4.785894206549118,79.34508816120906
E00181538,389,76,35,41,313,18,295,19.53727506426735,8.997429305912597,10.539845758354756,80.46272493573264,4.627249357326478,75.83547557840618
E00181540,334,110,70,40,224,20,204,32.93413173652694,20.958083832335326,11.976047904191617,67.06586826347305,5.9880239520958085,61.07784431137725
E00181541,281,52,25,27,229,18,211,18.505338078291814,8.896797153024911,9.608540925266903,81.49466192170819,6.405693950177936,75.08896797153025
E00181542,368,43,18,25,325,10,315,11.684782608695652,4.891304347826087,6.7934782608695645,88.31521739130434,2.717391304347826,85.59782608695652
E00181543,343,36,14,22,307,32,275,10.495626822157435,4.081632653061225,6.41399416909621,89.50437317784257,9.329446064139942,80.17492711370262
E00181547,296,36,14,22,260,21,239,12.162162162162163,4.72972972972973,7.4324324324324325,87.83783783783784,7.094594594594595,80.74324324324324
E00181549,125,24,12,12,101,4,97,19.2,9.6,9.6,80.80000000000001,3.2,77.60000000000001
E00181555,145,63,29,34,82,6,76,43.44827586206896,20,23.448275862068964,56.55172413793104,4.137931034482759,52.41379310344828
E00181557,217,42,21,21,175,6,169,19.35483870967742,9.67741935483871,9.67741935483871,80.64516129032258,2.7649769585253456,77.88018433179722
E00181558,278,25,15,10,253,4,249,8.992805755395683,5.39568345323741,3.5971223021582732,91.00719424460432,1.4388489208633095,89.568345323741
E00181562,345,76,53,23,269,10,259,22.028985507246375,15.36231884057971,6.666666666666667,77.97101449275362,2.898550724637681,75.07246376811594
