OA,ts0380001,ts0380002,ts0380003,ts0380004,ts0380005,ts0380006,ts0380007,ts0380002_PCT,ts0380003_PCT,ts0380004_PCT,ts0380005_PCT,ts0380006_PCT,ts0380007_PCT
E00065167,355,51,14,37,304,35,269,14.366197183098592,3.943661971830986,10.422535211267606,85.63380281690141,9.859154929577464,75.77464788732394
E00065168,437,53,14,39,384,26,358,12.128146453089245,3.203661327231121,8.924485125858125,87.87185354691076,5.949656750572083,81.92219679633868
E00065169,222,43,18,25,179,18,161,19.36936936936937,8.108108108108109,11.26126126126126,80.63063063063063,8.108108108108109,72.52252252252252
E00065170,361,74,35,39,287,20,267,20.498614958448755,9.695290858725762,10.80332409972299,79.50138504155125,5.540166204986149,73.9612188365651
E00065171,320,53,18,35,267,36,231,16.5625,5.625,10.9375,83.4375,11.25,72.1875
E00065172,368,49,12,37,319,27,292,13.31521739130435,3.260869565217391,10.054347826086957,86.68478260869566,7.336956521739131,79.34782608695652
E00065173,301,48,12,36,253,27,226,15.946843853820598,3.9867109634551494,11.960132890365449,84.0531561461794,8.970099667774086,75.08305647840533
E00065174,217,43,15,28,174,12,162,19.81566820276498,6.912442396313365,12.903225806451612,80.18433179723502,5.529953917050691,74.65437788018433
E00065175,158,15,2,13,143,14,129,9.49367088607595,1.2658227848101267,8.227848101265822,90.50632911392405,8.860759493670885,81.64556962025317
E00065176,118,15,4,11,103,8,95,12.711864406779661,3.389830508474576,9.322033898305085,87.28813559322035,6.779661016949152,80.50847457627118
E00065177,270,46,13,33,224,21,203,17.037037037037038,4.814814814814815,12.222222222222221,82.96296296296296,7.777777777777778,75.18518518518519
E00065178,274,63,21,42,211,21,190,22.99270072992701,7.664233576642336,15.328467153284672,77.00729927007299,7.664233576642336,69.34306569343066
E00065179,330,32,12,20,298,26,272,9.696969696969697,3.6363636363636362,6.0606060606060606,90.30303030303031,7.878787878787878,82.42424242424242
E00065180,414,48,16,32,366,24,342,11.594202898550725,3.864734299516908,7.729468599033816,88.40579710144928,5.797101449275362,82.6086956521739
E00065182,254,43,18,25,211,28,183,16.92913385826772,7.086614173228346,9.84251968503937,83.07086614173228,11.023622047244094,72.04724409448819
E00065183,440,64,23,41,376,22,354,14.545454545454545,5.227272727272727,9.318181818181818,85.45454545454545,5,80.45454545454545
E00065184,276,58,25,33,218,30,188,21.014492753623188,9.057971014492754,11.956521739130435,78.98550724637681,10.869565217391305,68.11594202898551
E00065185,299,46,16,30,253,27,226,15.384615384615385,5.351170568561873,10.033444816053512,84.61538461538461,9.03010033444816,75.58528428093646
E00065186,311,59,24,35,252,24,228,18.971061093247588,7.717041800643088,11.254019292604502,81.02893890675242,7.717041800643088,73.31189710610933
E00065187,296,48,22,26,248,28,220,16.216216216216218,7.4324324324324325,8.783783783783784,83.78378378378379,9.45945945945946,74.32432432432432
E00065188,414,47,16,31,367,34,333,11.352657004830919,3.864734299516908,7.487922705314009,88.64734299516908,8.212560386473431,80.43478260869566
E00065189,312,63,28,35,249,30,219,20.192307692307693,8.974358974358974,11.217948717948719,79.8076923076923,9.615384615384617,70.1923076923077
E00065190,379,55,11,44,324,26,298,14.511873350923482,2.9023746701846966,11.609498680738787,85.4881266490765,6.860158311345646,78.62796833773086
E00065191,141,36,11,25,105,16,89,25.53191489361702,7.801418439716312,17.73049645390071,74.46808510638297,11.347517730496454,63.12056737588653
E00065192,285,49,23,26,236,26,210,17.192982456140353,8.070175438596491,9.12280701754386,82.80701754385966,9.12280701754386,73.68421052631578
E00065193,222,41,12,29,181,22,159,18.46846846846847,5.405405405405405,13.063063063063062,81.53153153153153,9.90990990990991,71.62162162162163
E00065194,356,60,15,45,296,34,262,16.853932584269664,4.213483146067416,12.640449438202248,83.14606741573034,9.550561797752808,73.59550561797754
E00065195,269,48,15,33,221,27,194,17.843866171003718,5.5762081784386615,12.267657992565056,82.15613382899627,10.037174721189592,72.11895910780669
E00065196,367,39,13,26,328,36,292,10.626702997275205,3.5422343324250685,7.084468664850137,89.3732970027248,9.809264305177113,79.56403269754769
E00065197,418,48,13,35,370,37,333,11.483253588516746,3.110047846889952,8.373205741626794,88.51674641148325,8.851674641148326,79.66507177033493
E00065198,351,50,22,28,301,35,266,14.245014245014245,6.267806267806268,7.977207977207977,85.75498575498575,9.971509971509972,75.78347578347578
E00065200,305,45,12,33,260,23,237,14.754098360655737,3.934426229508197,10.819672131147541,85.24590163934425,7.540983606557377,77.70491803278688
E00065201,300,42,14,28,258,31,227,14.000000000000002,4.666666666666667,9.333333333333334,86,10.333333333333334,75.66666666666667
E00065202,232,27,9,18,205,19,186,11.637931034482758,3.8793103448275863,7.758620689655173,88.36206896551724,8.189655172413794,80.17241379310344
E00065203,192,22,6,16,170,11,159,11.458333333333332,3.125,8.333333333333332,88.54166666666666,5.729166666666666,82.8125
E00065204,285,40,10,30,245,27,218,14.035087719298245,3.508771929824561,10.526315789473683,85.96491228070175,9.473684210526317,76.49122807017544
E00065205,268,36,17,19,232,14,218,13.432835820895523,6.343283582089552,7.08955223880597,86.56716417910447,5.223880597014925,81.34328358208955
E00065206,295,30,12,18,265,30,235,10.16949152542373,4.067796610169491,6.101694915254238,89.83050847457628,10.16949152542373,79.66101694915254
E00065207,291,51,14,37,240,31,209,17.525773195876287,4.810996563573884,12.714776632302405,82.4742268041237,10.652920962199312,71.8213058419244
E00065208,275,36,8,28,239,32,207,13.090909090909092,2.909090909090909,10.181818181818182,86.9090909090909,11.636363636363637,75.27272727272727
E00065209,285,52,23,29,233,33,200,18.24561403508772,8.070175438596491,10.175438596491228,81.75438596491227,11.578947368421053,70.17543859649122
E00065210,235,20,8,12,215,18,197,8.51063829787234,3.404255319148936,5.106382978723404,91.48936170212765,7.659574468085106,83.82978723404256
E00065211,400,43,12,31,357,38,319,10.75,3,7.75,89.25,9.5,79.75
E00065212,235,67,38,29,168,18,150,28.510638297872344,16.170212765957448,12.340425531914894,71.48936170212767,7.659574468085106,63.829787234042556
E00065213,354,77,25,52,277,24,253,21.75141242937853,7.062146892655368,14.689265536723164,78.24858757062147,6.779661016949152,71.46892655367232
E00065214,141,27,9,18,114,11,103,19.148936170212767,6.382978723404255,12.76595744680851,80.85106382978722,7.801418439716312,73.04964539007092
E00065215,292,70,28,42,222,24,198,23.972602739726025,9.58904109589041,14.383561643835616,76.02739726027397,8.21917808219178,67.8082191780822
E00065216,242,40,14,26,202,20,182,16.528925619834713,5.785123966942149,10.743801652892563,83.47107438016529,8.264462809917356,75.20661157024794
E00065217,254,57,18,39,197,24,173,22.440944881889763,7.086614173228346,15.354330708661418,77.55905511811024,9.448818897637794,68.11023622047244
E00065218,277,98,52,46,179,24,155,35.37906137184115,18.772563176895307,16.60649819494585,64.62093862815884,8.664259927797833,55.95667870036101
E00065219,298,93,52,41,205,15,190,31.20805369127517,17.449664429530202,13.758389261744966,68.79194630872483,5.033557046979865,63.758389261744966
E00065220,261,50,19,31,211,15,196,19.157088122605366,7.2796934865900385,11.877394636015326,80.84291187739464,5.747126436781609,75.09578544061303
E00065221,266,66,24,42,200,16,184,24.81203007518797,9.022556390977442,15.789473684210526,75.18796992481202,6.015037593984962,69.17293233082707
E00065222,274,118,61,57,156,14,142,43.06569343065693,22.26277372262774,20.802919708029197,56.934306569343065,5.109489051094891,51.82481751824818
E00065224,265,76,37,39,189,27,162,28.67924528301887,13.962264150943396,14.716981132075471,71.32075471698113,10.18867924528302,61.13207547169811
E00065225,281,73,35,38,208,17,191,25.97864768683274,12.455516014234876,13.523131672597867,74.02135231316726,6.049822064056939,67.97153024911033
E00065226,228,61,31,30,167,9,158,26.75438596491228,13.596491228070176,13.157894736842104,73.24561403508771,3.9473684210526314,69.2982456140351
E00065227,260,52,21,31,208,21,187,20,8.076923076923077,11.923076923076923,80,8.076923076923077,71.92307692307692
E00065228,327,52,20,32,275,24,251,15.902140672782874,6.116207951070336,9.785932721712538,84.09785932721712,7.339449541284404,76.75840978593273
E00065229,323,65,23,42,258,15,243,20.123839009287924,7.120743034055728,13.003095975232199,79.87616099071208,4.643962848297214,75.23219814241486
E00065230,354,90,44,46,264,13,251,25.423728813559322,12.429378531073446,12.994350282485875,74.57627118644068,3.672316384180791,70.90395480225989
E00065231,279,67,26,41,212,15,197,24.014336917562723,9.31899641577061,14.695340501792115,75.98566308243727,5.376344086021505,70.60931899641577
E00065232,375,109,53,56,266,18,248,29.06666666666667,14.133333333333335,14.933333333333335,70.93333333333334,4.8,66.13333333333333
E00065233,318,63,28,35,255,23,232,19.81132075471698,8.80503144654088,11.0062893081761,80.18867924528303,7.232704402515723,72.95597484276729
E00065234,407,90,39,51,317,27,290,22.11302211302211,9.582309582309582,12.530712530712531,77.88697788697789,6.6339066339066335,71.25307125307125
E00065235,485,131,59,72,354,26,328,27.010309278350515,12.164948453608247,14.845360824742269,72.98969072164948,5.360824742268041,67.62886597938144
E00065236,269,61,29,32,208,28,180,22.676579925650557,10.780669144981413,11.895910780669144,77.32342007434944,10.408921933085502,66.91449814126395
E00065237,295,72,31,41,223,16,207,24.40677966101695,10.508474576271185,13.898305084745763,75.59322033898304,5.423728813559322,70.16949152542374
E00065238,304,78,39,39,226,19,207,25.657894736842106,12.828947368421053,12.828947368421053,74.3421052631579,6.25,68.0921052631579
E00065239,171,43,21,22,128,13,115,25.146198830409354,12.280701754385964,12.865497076023392,74.85380116959064,7.602339181286549,67.2514619883041
E00065240,310,53,18,35,257,19,238,17.096774193548388,5.806451612903226,11.29032258064516,82.9032258064516,6.129032258064516,76.77419354838709
E00065241,300,78,35,43,222,20,202,26,11.666666666666666,14.333333333333334,74,6.666666666666667,67.33333333333333
E00065242,285,52,18,34,233,28,205,18.24561403508772,6.315789473684211,11.929824561403509,81.75438596491227,9.824561403508772,71.9298245614035
E00065243,269,72,28,44,197,22,175,26.765799256505574,10.408921933085502,16.356877323420075,73.23420074349443,8.178438661710038,65.05576208178438
E00065244,319,71,28,43,248,21,227,22.25705329153605,8.77742946708464,13.479623824451412,77.74294670846395,6.583072100313479,71.15987460815047
E00065245,206,77,44,33,129,9,120,37.37864077669903,21.35922330097087,16.019417475728158,62.62135922330098,4.368932038834951,58.252427184466015
E00065246,281,106,66,40,175,21,154,37.72241992882562,23.487544483985765,14.23487544483986,62.27758007117438,7.473309608540925,54.804270462633454
E00065247,194,69,31,38,125,17,108,35.56701030927835,15.979381443298967,19.587628865979383,64.43298969072166,8.762886597938143,55.670103092783506
E00065248,250,75,37,38,175,17,158,30,14.799999999999999,15.2,70,6.800000000000001,63.2
E00065249,219,58,26,32,161,10,151,26.48401826484018,11.87214611872146,14.61187214611872,73.51598173515981,4.5662100456621,68.94977168949772
E00065250,284,63,32,31,221,14,207,22.183098591549296,11.267605633802818,10.915492957746478,77.8169014084507,4.929577464788732,72.88732394366197
E00065251,270,49,24,25,221,16,205,18.14814814814815,8.88888888888889,9.25925925925926,81.85185185185185,5.9259259259259265,75.92592592592592
E00065252,233,63,21,42,170,18,152,27.038626609442062,9.012875536480687,18.025751072961373,72.96137339055794,7.725321888412018,65.23605150214593
E00065253,261,57,19,38,204,26,178,21.839080459770116,7.2796934865900385,14.559386973180077,78.16091954022988,9.961685823754788,68.19923371647509
E00065254,245,63,26,37,182,22,160,25.71428571428571,10.612244897959183,15.10204081632653,74.28571428571429,8.979591836734693,65.3061224489796
E00065255,376,82,28,54,294,38,256,21.808510638297875,7.446808510638298,14.361702127659576,78.19148936170212,10.106382978723403,68.08510638297872
E00065256,226,58,24,34,168,18,150,25.663716814159294,10.619469026548673,15.04424778761062,74.33628318584071,7.964601769911504,66.3716814159292
E00065257,319,55,24,31,264,29,235,17.24137931034483,7.523510971786834,9.717868338557993,82.75862068965517,9.090909090909092,73.66771159874608
E00065259,451,98,46,52,353,32,321,21.729490022172946,10.199556541019955,11.529933481152993,78.27050997782705,7.095343680709535,71.17516629711751
E00065260,276,61,28,33,215,26,189,22.10144927536232,10.144927536231885,11.956521739130435,77.89855072463769,9.420289855072465,68.47826086956522
E00065262,332,57,24,33,275,24,251,17.16867469879518,7.228915662650602,9.939759036144578,82.83132530120481,7.228915662650602,75.6024096385542
E00065263,258,57,18,39,201,21,180,22.093023255813954,6.976744186046512,15.11627906976744,77.90697674418605,8.13953488372093,69.76744186046511
E00065264,316,134,88,46,182,21,161,42.405063291139236,27.848101265822784,14.556962025316455,57.59493670886076,6.6455696202531636,50.9493670886076
E00065265,237,69,32,37,168,22,146,29.11392405063291,13.502109704641349,15.611814345991561,70.88607594936708,9.282700421940929,61.60337552742617
E00065266,249,64,30,34,185,32,153,25.702811244979916,12.048192771084338,13.654618473895583,74.29718875502009,12.851405622489958,61.44578313253012
E00065267,271,100,56,44,171,16,155,36.90036900369004,20.66420664206642,16.236162361623617,63.09963099630996,5.904059040590406,57.19557195571956
E00065268,143,64,41,23,79,7,72,44.75524475524475,28.671328671328673,16.083916083916083,55.24475524475524,4.895104895104895,50.349650349650354
E00065269,286,67,32,35,219,18,201,23.426573426573427,11.188811188811188,12.237762237762238,76.57342657342657,6.293706293706294,70.27972027972028
E00065271,243,57,20,37,186,21,165,23.456790123456788,8.23045267489712,15.22633744855967,76.5432098765432,8.641975308641975,67.90123456790124
E00065272,181,38,15,23,143,13,130,20.994475138121548,8.287292817679557,12.70718232044199,79.00552486187846,7.18232044198895,71.8232044198895
E00065273,204,50,23,27,154,23,131,24.509803921568626,11.27450980392157,13.23529411764706,75.49019607843137,11.27450980392157,64.2156862745098
E00065274,205,50,20,30,155,23,132,24.390243902439025,9.75609756097561,14.634146341463413,75.60975609756098,11.219512195121952,64.39024390243902
E00065275,181,53,25,28,128,9,119,29.2817679558011,13.812154696132598,15.469613259668508,70.71823204419888,4.972375690607735,65.74585635359117
E00065276,253,76,32,44,177,21,156,30.039525691699602,12.648221343873518,17.391304347826086,69.96047430830039,8.300395256916996,61.6600790513834
E00065277,189,26,11,15,163,14,149,13.756613756613756,5.82010582010582,7.936507936507936,86.24338624338624,7.4074074074074066,78.83597883597884
E00065278,208,57,27,30,151,15,136,27.403846153846157,12.980769230769232,14.423076923076922,72.59615384615384,7.211538461538461,65.38461538461539
E00065279,158,38,16,22,120,17,103,24.050632911392405,10.126582278481013,13.924050632911392,75.9493670886076,10.759493670886076,65.18987341772153
E00065280,284,62,30,32,222,24,198,21.830985915492956,10.56338028169014,11.267605633802818,78.16901408450704,8.450704225352112,69.71830985915493
E00065281,249,76,34,42,173,17,156,30.522088353413658,13.654618473895583,16.867469879518072,69.47791164658635,6.827309236947792,62.65060240963856
E00065282,390,102,43,59,288,37,251,26.153846153846157,11.025641025641026,15.128205128205128,73.84615384615385,9.487179487179487,64.35897435897436
E00065283,190,72,39,33,118,22,96,37.89473684210527,20.526315789473685,17.36842105263158,62.10526315789474,11.578947368421053,50.526315789473685
E00065284,228,55,21,34,173,22,151,24.12280701754386,9.210526315789473,14.912280701754385,75.87719298245614,9.649122807017543,66.22807017543859
E00065285,193,66,25,41,127,22,105,34.196891191709845,12.953367875647666,21.243523316062177,65.80310880829016,11.398963730569948,54.40414507772021
E00065286,244,68,34,34,176,17,159,27.86885245901639,13.934426229508196,13.934426229508196,72.1311475409836,6.967213114754098,65.1639344262295
E00065287,179,49,26,23,130,21,109,27.37430167597765,14.52513966480447,12.849162011173185,72.62569832402235,11.731843575418994,60.893854748603346
E00065288,203,59,26,33,144,17,127,29.064039408866993,12.807881773399016,16.25615763546798,70.93596059113301,8.374384236453201,62.5615763546798
E00065289,224,67,30,37,157,18,139,29.910714285714285,13.392857142857142,16.517857142857142,70.08928571428571,8.035714285714286,62.05357142857143
E00065290,148,41,19,22,107,7,100,27.7027027027027,12.837837837837837,14.864864864864865,72.2972972972973,4.72972972972973,67.56756756756756
E00065291,191,41,17,24,150,18,132,21.465968586387437,8.900523560209423,12.56544502617801,78.53403141361257,9.424083769633508,69.10994764397905
E00065292,188,58,26,32,130,16,114,30.851063829787233,13.829787234042554,17.02127659574468,69.14893617021278,8.51063829787234,60.63829787234043
E00065293,200,45,22,23,155,14,141,22.5,11,11.5,77.5,7.000000000000001,70.5
E00065294,296,49,21,28,247,18,229,16.554054054054053,7.094594594594595,9.45945945945946,83.44594594594594,6.081081081081082,77.36486486486487
E00065295,198,59,27,32,139,12,127,29.797979797979796,13.636363636363635,16.161616161616163,70.2020202020202,6.0606060606060606,64.14141414141415
E00065296,277,81,40,41,196,27,169,29.24187725631769,14.440433212996389,14.801444043321299,70.7581227436823,9.747292418772563,61.01083032490975
E00065297,374,115,61,54,259,28,231,30.74866310160428,16.31016042780749,14.43850267379679,69.25133689839572,7.4866310160427805,61.76470588235294
E00065298,357,103,47,56,254,36,218,28.851540616246496,13.165266106442578,15.686274509803921,71.1484593837535,10.084033613445378,61.06442577030813
E00065299,302,76,32,44,226,25,201,25.165562913907287,10.596026490066226,14.56953642384106,74.83443708609272,8.27814569536424,66.55629139072848
E00065300,292,110,53,57,182,20,162,37.67123287671233,18.15068493150685,19.52054794520548,62.328767123287676,6.8493150684931505,55.47945205479452
E00065301,232,80,46,34,152,11,141,34.48275862068966,19.82758620689655,14.655172413793101,65.51724137931035,4.741379310344827,60.775862068965516
E00065302,317,78,41,37,239,22,217,24.605678233438486,12.933753943217665,11.67192429022082,75.39432176656152,6.940063091482649,68.45425867507886
E00065303,223,93,50,43,130,14,116,41.70403587443946,22.421524663677133,19.282511210762333,58.29596412556054,6.278026905829597,52.01793721973094
E00065304,288,89,36,53,199,21,178,30.90277777777778,12.5,18.40277777777778,69.09722222222221,7.291666666666667,61.80555555555556
E00065305,208,70,39,31,138,10,128,33.65384615384615,18.75,14.903846153846153,66.34615384615384,4.807692307692308,61.53846153846154
E00065306,259,77,43,34,182,14,168,29.72972972972973,16.602316602316602,13.127413127413126,70.27027027027027,5.405405405405405,64.86486486486487
E00065307,278,52,19,33,226,31,195,18.705035971223023,6.83453237410072,11.870503597122301,81.29496402877699,11.151079136690647,70.14388489208633
E00065308,323,56,22,34,267,20,247,17.3374613003096,6.811145510835913,10.526315789473683,82.6625386996904,6.191950464396285,76.47058823529412
E00065309,273,44,13,31,229,14,215,16.117216117216117,4.761904761904762,11.355311355311356,83.88278388278388,5.128205128205128,78.75457875457876
E00065310,255,64,31,33,191,18,173,25.098039215686274,12.156862745098039,12.941176470588237,74.90196078431373,7.0588235294117645,67.84313725490196
E00065311,284,65,26,39,219,24,195,22.887323943661972,9.15492957746479,13.732394366197184,77.11267605633803,8.450704225352112,68.66197183098592
E00065312,248,56,27,29,192,22,170,22.58064516129032,10.887096774193548,11.693548387096774,77.41935483870968,8.870967741935484,68.54838709677419
E00065313,271,75,36,39,196,18,178,27.67527675276753,13.284132841328415,14.391143911439114,72.32472324723247,6.642066420664207,65.68265682656826
E00065314,274,86,50,36,188,19,169,31.386861313868614,18.248175182481752,13.138686131386862,68.61313868613139,6.934306569343065,61.67883211678832
E00065315,227,59,29,30,168,12,156,25.991189427312776,12.77533039647577,13.215859030837004,74.00881057268722,5.286343612334802,68.72246696035242
E00065316,231,49,24,25,182,20,162,21.21212121212121,10.38961038961039,10.822510822510822,78.78787878787878,8.658008658008658,70.12987012987013
E00065317,250,28,10,18,222,18,204,11.200000000000001,4,7.199999999999999,88.8,7.199999999999999,81.6
E00065318,212,77,49,28,135,18,117,36.32075471698113,23.11320754716981,13.20754716981132,63.67924528301887,8.49056603773585,55.188679245283026
E00065319,299,99,59,40,200,16,184,33.11036789297659,19.732441471571907,13.377926421404682,66.88963210702342,5.351170568561873,61.53846153846154
E00065320,243,58,28,30,185,24,161,23.868312757201647,11.522633744855968,12.345679012345679,76.13168724279835,9.876543209876543,66.2551440329218
E00065321,276,89,46,43,187,20,167,32.2463768115942,16.666666666666664,15.579710144927535,67.7536231884058,7.246376811594203,60.507246376811594
E00065322,196,61,35,26,135,17,118,31.122448979591837,17.857142857142858,13.26530612244898,68.87755102040816,8.673469387755102,60.204081632653065
E00065323,306,119,82,37,187,18,169,38.88888888888889,26.797385620915033,12.091503267973856,61.111111111111114,5.88235294117647,55.22875816993464
E00065324,248,58,27,31,190,22,168,23.387096774193548,10.887096774193548,12.5,76.61290322580645,8.870967741935484,67.74193548387096
E00065325,306,72,34,38,234,21,213,23.52941176470588,11.11111111111111,12.418300653594772,76.47058823529412,6.862745098039216,69.6078431372549
E00065326,295,55,26,29,240,22,218,18.64406779661017,8.813559322033898,9.830508474576272,81.35593220338984,7.457627118644068,73.89830508474576
E00065327,290,63,27,36,227,19,208,21.72413793103448,9.310344827586208,12.413793103448276,78.27586206896552,6.551724137931035,71.72413793103448
E00065328,351,121,84,37,230,16,214,34.472934472934476,23.931623931623932,10.541310541310542,65.52706552706553,4.5584045584045585,60.96866096866097
E00065329,325,117,72,45,208,22,186,36,22.153846153846153,13.846153846153847,64,6.769230769230769,57.230769230769226
E00065330,302,60,30,30,242,31,211,19.867549668874172,9.933774834437086,9.933774834437086,80.13245033112582,10.264900662251655,69.86754966887418
E00065331,325,54,22,32,271,24,247,16.615384615384617,6.769230769230769,9.846153846153847,83.38461538461537,7.384615384615385,76
E00065332,321,89,41,48,232,19,213,27.725856697819314,12.77258566978193,14.953271028037381,72.27414330218068,5.919003115264798,66.35514018691589
E00065333,290,93,41,52,197,19,178,32.068965517241374,14.13793103448276,17.93103448275862,67.93103448275862,6.551724137931035,61.37931034482759
E00065334,313,51,20,31,262,23,239,16.293929712460063,6.3897763578274756,9.904153354632587,83.70607028753993,7.348242811501597,76.35782747603834
E00065335,264,82,37,45,182,21,161,31.060606060606062,14.015151515151514,17.045454545454543,68.93939393939394,7.954545454545454,60.984848484848484
E00065336,430,161,79,82,269,35,234,37.44186046511628,18.372093023255815,19.069767441860467,62.558139534883715,8.13953488372093,54.418604651162795
E00065337,315,104,51,53,211,32,179,33.01587301587301,16.19047619047619,16.825396825396826,66.98412698412697,10.158730158730158,56.82539682539682
E00065338,273,86,37,49,187,22,165,31.5018315018315,13.553113553113553,17.94871794871795,68.4981684981685,8.058608058608058,60.43956043956044
E00065339,268,57,17,40,211,17,194,21.26865671641791,6.343283582089552,14.925373134328357,78.73134328358209,6.343283582089552,72.38805970149254
E00065340,304,75,35,40,229,23,206,24.671052631578945,11.513157894736842,13.157894736842104,75.32894736842105,7.565789473684211,67.76315789473685
E00065341,281,72,41,31,209,9,200,25.622775800711743,14.590747330960854,11.032028469750891,74.37722419928826,3.202846975088968,71.17437722419929
E00065342,274,93,38,55,181,15,166,33.941605839416056,13.86861313868613,20.072992700729927,66.05839416058394,5.474452554744526,60.58394160583942
E00065343,276,72,44,28,204,13,191,26.08695652173913,15.942028985507244,10.144927536231885,73.91304347826086,4.710144927536232,69.20289855072464
E00065344,291,57,23,34,234,25,209,19.587628865979383,7.903780068728522,11.683848797250858,80.41237113402062,8.59106529209622,71.8213058419244
E00065345,181,67,36,31,114,16,98,37.01657458563536,19.88950276243094,17.12707182320442,62.98342541436463,8.83977900552486,54.14364640883977
E00065346,312,44,21,23,268,16,252,14.102564102564102,6.730769230769231,7.371794871794872,85.8974358974359,5.128205128205128,80.76923076923077
E00065347,252,49,23,26,203,13,190,19.444444444444446,9.126984126984127,10.317460317460316,80.55555555555556,5.158730158730158,75.39682539682539
E00065348,261,49,17,32,212,18,194,18.773946360153257,6.513409961685824,12.260536398467432,81.22605363984674,6.896551724137931,74.32950191570882
E00065349,205,61,26,35,144,14,130,29.756097560975608,12.682926829268293,17.073170731707318,70.24390243902438,6.829268292682928,63.41463414634146
E00065350,306,37,10,27,269,21,248,12.091503267973856,3.2679738562091507,8.823529411764707,87.90849673202614,6.862745098039216,81.04575163398692
E00065351,250,30,12,18,220,17,203,12,4.8,7.199999999999999,88,6.800000000000001,81.2
E00065352,260,53,19,34,207,19,188,20.384615384615383,7.307692307692308,13.076923076923078,79.61538461538461,7.307692307692308,72.3076923076923
E00065353,468,50,16,34,418,47,371,10.683760683760683,3.418803418803419,7.264957264957266,89.31623931623932,10.042735042735043,79.27350427350427
E00065354,265,54,18,36,211,20,191,20.37735849056604,6.7924528301886795,13.584905660377359,79.62264150943396,7.547169811320755,72.0754716981132
E00065355,285,44,10,34,241,24,217,15.43859649122807,3.508771929824561,11.929824561403509,84.56140350877193,8.421052631578947,76.14035087719299
E00065356,247,56,27,29,191,18,173,22.672064777327936,10.931174089068826,11.740890688259109,77.32793522267207,7.28744939271255,70.04048582995951
E00065357,240,53,19,34,187,26,161,22.083333333333332,7.916666666666666,14.166666666666666,77.91666666666667,10.833333333333334,67.08333333333333
E00065358,178,37,15,22,141,11,130,20.786516853932586,8.426966292134832,12.359550561797752,79.21348314606742,6.179775280898876,73.03370786516854
E00065359,265,69,35,34,196,20,176,26.037735849056602,13.20754716981132,12.830188679245284,73.9622641509434,7.547169811320755,66.41509433962264
E00065361,273,38,6,32,235,32,203,13.91941391941392,2.197802197802198,11.72161172161172,86.08058608058609,11.72161172161172,74.35897435897436
E00065362,252,54,16,38,198,25,173,21.428571428571427,6.349206349206349,15.079365079365079,78.57142857142857,9.920634920634921,68.65079365079364
E00065363,272,44,15,29,228,28,200,16.176470588235293,5.514705882352941,10.661764705882353,83.82352941176471,10.294117647058822,73.52941176470588
E00065364,309,51,24,27,258,15,243,16.50485436893204,7.766990291262135,8.737864077669903,83.49514563106796,4.854368932038835,78.64077669902912
E00065365,273,68,38,30,205,18,187,24.90842490842491,13.91941391941392,10.989010989010989,75.0915750915751,6.593406593406594,68.4981684981685
E00065366,492,66,32,34,426,40,386,13.414634146341465,6.504065040650407,6.910569105691057,86.58536585365853,8.130081300813007,78.45528455284553
E00065367,307,48,18,30,259,32,227,15.63517915309446,5.863192182410423,9.77198697068404,84.36482084690554,10.423452768729643,73.9413680781759
E00065368,286,55,16,39,231,24,207,19.230769230769234,5.594405594405594,13.636363636363635,80.76923076923077,8.391608391608392,72.37762237762237
E00065369,312,50,19,31,262,36,226,16.025641025641026,6.089743589743589,9.935897435897436,83.97435897435898,11.538461538461538,72.43589743589743
E00065371,280,33,11,22,247,17,230,11.785714285714285,3.9285714285714284,7.857142857142857,88.21428571428571,6.071428571428571,82.14285714285714
E00065372,219,53,22,31,166,10,156,24.200913242009133,10.045662100456621,14.15525114155251,75.79908675799086,4.5662100456621,71.23287671232876
E00065373,229,64,34,30,165,14,151,27.947598253275107,14.847161572052403,13.100436681222707,72.0524017467249,6.11353711790393,65.93886462882097
E00065374,349,63,28,35,286,27,259,18.05157593123209,8.022922636103152,10.028653295128938,81.9484240687679,7.736389684813753,74.21203438395415
E00065375,242,59,28,31,183,21,162,24.380165289256198,11.570247933884298,12.8099173553719,75.6198347107438,8.677685950413224,66.94214876033058
E00065376,220,61,31,30,159,11,148,27.727272727272727,14.09090909090909,13.636363636363635,72.27272727272728,5,67.27272727272727
E00065377,230,56,24,32,174,12,162,24.347826086956523,10.434782608695652,13.91304347826087,75.65217391304347,5.217391304347826,70.43478260869566
E00065378,202,52,18,34,150,21,129,25.742574257425744,8.91089108910891,16.831683168316832,74.25742574257426,10.396039603960396,63.86138613861386
E00065379,442,40,10,30,402,37,365,9.049773755656108,2.262443438914027,6.787330316742081,90.9502262443439,8.3710407239819,82.57918552036199
E00065380,291,40,9,31,251,25,226,13.745704467353953,3.0927835051546393,10.652920962199312,86.25429553264605,8.59106529209622,77.66323024054984
E00065381,324,54,21,33,270,20,250,16.666666666666664,6.481481481481481,10.185185185185185,83.33333333333334,6.172839506172839,77.1604938271605
E00065382,250,71,32,39,179,15,164,28.4,12.8,15.6,71.6,6,65.60000000000001
E00065383,280,59,27,32,221,12,209,21.071428571428573,9.642857142857144,11.428571428571429,78.92857142857143,4.285714285714286,74.64285714285714
E00065384,203,42,20,22,161,11,150,20.689655172413794,9.852216748768473,10.83743842364532,79.3103448275862,5.41871921182266,73.89162561576354
E00065385,292,49,15,34,243,26,217,16.78082191780822,5.136986301369863,11.643835616438356,83.21917808219177,8.904109589041095,74.31506849315068
E00065386,338,84,33,51,254,23,231,24.85207100591716,9.763313609467456,15.088757396449704,75.14792899408283,6.8047337278106506,68.34319526627219
E00065387,326,40,16,24,286,35,251,12.269938650306749,4.9079754601226995,7.361963190184049,87.73006134969326,10.736196319018406,76.99386503067484
E00065388,249,49,19,30,200,22,178,19.67871485943775,7.630522088353414,12.048192771084338,80.32128514056225,8.835341365461847,71.4859437751004
E00065389,245,36,11,25,209,23,186,14.69387755102041,4.489795918367347,10.204081632653061,85.3061224489796,9.387755102040817,75.91836734693878
E00065390,270,54,25,29,216,19,197,20,9.25925925925926,10.74074074074074,80,7.037037037037037,72.96296296296296
E00065391,378,90,43,47,288,28,260,23.809523809523807,11.375661375661375,12.433862433862434,76.19047619047619,7.4074074074074066,68.78306878306879
E00065392,313,50,15,35,263,22,241,15.974440894568689,4.792332268370607,11.182108626198083,84.02555910543131,7.0287539936102235,76.99680511182109
E00065393,349,68,24,44,281,23,258,19.484240687679083,6.876790830945559,12.607449856733524,80.51575931232091,6.59025787965616,73.92550143266476
E00065394,245,56,20,36,189,16,173,22.857142857142858,8.16326530612245,14.69387755102041,77.14285714285715,6.530612244897959,70.61224489795919
E00065395,352,62,34,28,290,21,269,17.613636363636363,9.659090909090908,7.954545454545454,82.38636363636364,5.965909090909091,76.42045454545455
E00065396,349,129,91,38,220,12,208,36.96275071633238,26.07449856733524,10.888252148997136,63.03724928366762,3.4383954154727796,59.598853868194844
E00065397,393,104,57,47,289,25,264,26.463104325699742,14.50381679389313,11.959287531806616,73.53689567430025,6.361323155216285,67.17557251908397
E00065398,221,44,18,26,177,20,157,19.90950226244344,8.144796380090497,11.76470588235294,80.09049773755656,9.049773755656108,71.04072398190046
E00065399,344,49,18,31,295,22,273,14.244186046511627,5.232558139534884,9.011627906976743,85.75581395348837,6.395348837209303,79.36046511627907
E00065401,201,62,31,31,139,11,128,30.845771144278604,15.422885572139302,15.422885572139302,69.15422885572139,5.472636815920398,63.681592039801
E00065402,232,53,22,31,179,19,160,22.844827586206897,9.482758620689655,13.36206896551724,77.15517241379311,8.189655172413794,68.96551724137932
E00065403,190,56,25,31,134,8,126,29.47368421052631,13.157894736842104,16.315789473684212,70.52631578947368,4.2105263157894735,66.3157894736842
E00065404,151,24,6,18,127,17,110,15.894039735099339,3.9735099337748347,11.920529801324504,84.10596026490066,11.258278145695364,72.84768211920529
E00065405,203,35,14,21,168,20,148,17.24137931034483,6.896551724137931,10.344827586206897,82.75862068965517,9.852216748768473,72.9064039408867
E00065406,305,53,22,31,252,19,233,17.37704918032787,7.213114754098362,10.163934426229508,82.62295081967214,6.229508196721312,76.39344262295083
E00065407,380,45,13,32,335,32,303,11.842105263157894,3.421052631578948,8.421052631578947,88.1578947368421,8.421052631578947,79.73684210526316
E00065408,316,58,18,40,258,31,227,18.354430379746837,5.69620253164557,12.658227848101266,81.64556962025317,9.81012658227848,71.83544303797468
E00065409,539,88,24,64,451,47,404,16.3265306122449,4.452690166975881,11.873840445269018,83.6734693877551,8.719851576994433,74.95361781076066
E00065410,383,85,45,40,298,22,276,22.193211488250654,11.74934725848564,10.443864229765012,77.80678851174935,5.7441253263707575,72.0626631853786
E00065411,276,43,21,22,233,24,209,15.579710144927535,7.608695652173914,7.971014492753622,84.42028985507247,8.695652173913043,75.72463768115942
E00065413,247,47,16,31,200,27,173,19.02834008097166,6.477732793522267,12.550607287449392,80.97165991902834,10.931174089068826,70.04048582995951
E00065414,287,52,22,30,235,24,211,18.118466898954704,7.665505226480835,10.452961672473867,81.8815331010453,8.362369337979095,73.5191637630662
E00065415,181,20,4,16,161,24,137,11.049723756906078,2.209944751381215,8.83977900552486,88.95027624309392,13.259668508287293,75.69060773480662
E00065416,327,45,9,36,282,25,257,13.761467889908257,2.7522935779816518,11.009174311926607,86.23853211009175,7.64525993883792,78.59327217125383
E00065417,380,78,42,36,302,28,274,20.526315789473685,11.052631578947368,9.473684210526317,79.47368421052632,7.368421052631578,72.10526315789474
E00065418,301,50,19,31,251,31,220,16.611295681063122,6.312292358803987,10.299003322259136,83.38870431893687,10.299003322259136,73.08970099667775
E00065419,247,35,12,23,212,14,198,14.17004048582996,4.8582995951417,9.31174089068826,85.82995951417004,5.668016194331984,80.16194331983806
E00065421,331,64,26,38,267,35,232,19.335347432024168,7.854984894259818,11.48036253776435,80.66465256797582,10.574018126888216,70.09063444108762
E00065422,270,49,22,27,221,23,198,18.14814814814815,8.148148148148149,10,81.85185185185185,8.518518518518519,73.33333333333333
E00065424,310,40,14,26,270,21,249,12.903225806451612,4.516129032258064,8.38709677419355,87.09677419354838,6.774193548387098,80.3225806451613
E00065425,343,68,23,45,275,29,246,19.825072886297377,6.705539358600583,13.119533527696792,80.17492711370262,8.454810495626822,71.7201166180758
E00065426,272,20,3,17,252,19,233,7.352941176470589,1.1029411764705883,6.25,92.64705882352942,6.985294117647059,85.66176470588235
E00065427,256,30,8,22,226,21,205,11.71875,3.125,8.59375,88.28125,8.203125,80.078125
E00065428,277,31,11,20,246,27,219,11.191335740072201,3.9711191335740073,7.2202166064981945,88.8086642599278,9.747292418772563,79.06137184115524
E00065429,244,33,11,22,211,23,188,13.524590163934427,4.508196721311475,9.01639344262295,86.47540983606558,9.426229508196721,77.04918032786885
E00065430,131,32,12,20,99,10,89,24.427480916030532,9.16030534351145,15.267175572519085,75.57251908396947,7.633587786259542,67.93893129770993
E00065431,313,69,28,41,244,25,219,22.044728434504794,8.945686900958465,13.099041533546327,77.95527156549521,7.987220447284344,69.96805111821087
E00065432,312,71,36,35,241,27,214,22.756410256410255,11.538461538461538,11.217948717948719,77.24358974358975,8.653846153846153,68.58974358974359
E00065433,328,65,20,45,263,30,233,19.817073170731707,6.097560975609756,13.719512195121952,80.1829268292683,9.146341463414634,71.03658536585365
E00065434,288,57,25,32,231,33,198,19.791666666666664,8.680555555555555,11.11111111111111,80.20833333333334,11.458333333333332,68.75
E00065435,252,41,14,27,211,31,180,16.26984126984127,5.555555555555555,10.714285714285714,83.73015873015873,12.3015873015873,71.42857142857143
E00065436,302,45,15,30,257,28,229,14.90066225165563,4.966887417218543,9.933774834437086,85.09933774834437,9.271523178807946,75.82781456953643
E00065437,190,27,11,16,163,8,155,14.210526315789473,5.7894736842105265,8.421052631578947,85.78947368421052,4.2105263157894735,81.57894736842105
E00065438,203,36,17,19,167,22,145,17.733990147783253,8.374384236453201,9.35960591133005,82.26600985221675,10.83743842364532,71.42857142857143
E00065439,391,49,17,32,342,23,319,12.531969309462914,4.3478260869565215,8.184143222506394,87.46803069053708,5.88235294117647,81.58567774936061
E00065440,360,54,18,36,306,35,271,15,5,10,85,9.722222222222223,75.27777777777777
E00065441,286,31,9,22,255,30,225,10.839160839160838,3.146853146853147,7.6923076923076925,89.16083916083916,10.48951048951049,78.67132867132867
E00065442,312,36,8,28,276,30,246,11.538461538461538,2.564102564102564,8.974358974358974,88.46153846153845,9.615384615384617,78.84615384615384
E00065443,268,53,22,31,215,23,192,19.776119402985074,8.208955223880597,11.567164179104477,80.22388059701493,8.582089552238806,71.64179104477611
E00065445,245,52,18,34,193,23,170,21.224489795918366,7.346938775510205,13.877551020408163,78.77551020408163,9.387755102040817,69.38775510204081
E00065446,319,49,18,31,270,23,247,15.360501567398119,5.6426332288401255,9.717868338557993,84.63949843260188,7.210031347962382,77.4294670846395
E00065447,333,39,12,27,294,30,264,11.711711711711711,3.6036036036036037,8.108108108108109,88.28828828828829,9.00900900900901,79.27927927927928
E00065448,261,37,9,28,224,27,197,14.17624521072797,3.4482758620689653,10.727969348659004,85.82375478927203,10.344827586206897,75.47892720306514
E00065449,305,51,17,34,254,26,228,16.721311475409838,5.573770491803279,11.147540983606557,83.27868852459017,8.524590163934425,74.75409836065575
E00065450,352,50,17,33,302,30,272,14.204545454545455,4.829545454545454,9.375,85.79545454545455,8.522727272727272,77.27272727272727
E00065451,288,66,34,32,222,24,198,22.916666666666664,11.805555555555555,11.11111111111111,77.08333333333334,8.333333333333332,68.75
E00065452,318,87,37,50,231,24,207,27.358490566037734,11.635220125786164,15.723270440251572,72.64150943396226,7.547169811320755,65.09433962264151
E00065453,238,47,19,28,191,26,165,19.747899159663866,7.9831932773109235,11.76470588235294,80.25210084033614,10.92436974789916,69.32773109243698
E00065454,283,57,14,43,226,23,203,20.141342756183743,4.946996466431095,15.19434628975265,79.85865724381625,8.12720848056537,71.73144876325088
E00065455,271,43,16,27,228,29,199,15.867158671586715,5.904059040590406,9.96309963099631,84.13284132841329,10.70110701107011,73.43173431734317
E00065456,257,44,17,27,213,12,201,17.120622568093385,6.614785992217899,10.505836575875486,82.87937743190662,4.669260700389105,78.21011673151752
E00065457,306,61,21,40,245,28,217,19.934640522875817,6.862745098039216,13.071895424836603,80.06535947712419,9.15032679738562,70.91503267973856
E00065458,306,53,17,36,253,31,222,17.320261437908496,5.555555555555555,11.76470588235294,82.6797385620915,10.130718954248366,72.54901960784314
E00065459,325,51,14,37,274,29,245,15.692307692307692,4.3076923076923075,11.384615384615385,84.3076923076923,8.923076923076923,75.38461538461539
E00065460,363,64,28,36,299,33,266,17.63085399449036,7.7134986225895315,9.917355371900827,82.36914600550963,9.090909090909092,73.27823691460054
E00065461,130,13,4,9,117,13,104,10,3.076923076923077,6.923076923076923,90,10,80
E00065462,301,63,23,40,238,20,218,20.930232558139537,7.641196013289036,13.2890365448505,79.06976744186046,6.64451827242525,72.42524916943522
E00065463,240,45,17,28,195,21,174,18.75,7.083333333333333,11.666666666666666,81.25,8.75,72.5
E00065464,321,51,26,25,270,22,248,15.887850467289718,8.09968847352025,7.78816199376947,84.11214953271028,6.853582554517133,77.25856697819314
E00065465,328,71,24,47,257,27,230,21.646341463414632,7.317073170731707,14.329268292682926,78.35365853658537,8.231707317073171,70.1219512195122
E00065466,244,47,12,35,197,26,171,19.262295081967213,4.918032786885246,14.344262295081966,80.73770491803278,10.655737704918032,70.08196721311475
E00065467,274,45,19,26,229,19,210,16.423357664233578,6.934306569343065,9.48905109489051,83.57664233576642,6.934306569343065,76.64233576642336
E00065469,247,58,20,38,189,25,164,23.481781376518217,8.097165991902834,15.384615384615385,76.51821862348179,10.121457489878543,66.39676113360325
E00065470,268,47,18,29,221,31,190,17.537313432835823,6.7164179104477615,10.820895522388058,82.46268656716418,11.567164179104477,70.8955223880597
E00065471,230,43,14,29,187,15,172,18.695652173913043,6.086956521739131,12.608695652173912,81.30434782608695,6.521739130434782,74.78260869565217
E00065472,234,63,30,33,171,19,152,26.923076923076923,12.82051282051282,14.102564102564102,73.07692307692307,8.11965811965812,64.95726495726495
E00065473,196,54,22,32,142,18,124,27.55102040816326,11.224489795918368,16.3265306122449,72.44897959183673,9.183673469387756,63.26530612244898
E00065474,570,87,31,56,483,52,431,15.263157894736842,5.43859649122807,9.824561403508772,84.73684210526315,9.12280701754386,75.6140350877193
E00065475,332,49,14,35,283,21,262,14.759036144578314,4.216867469879518,10.542168674698797,85.2409638554217,6.325301204819277,78.91566265060241
E00065476,211,50,18,32,161,23,138,23.696682464454977,8.530805687203792,15.165876777251185,76.30331753554502,10.90047393364929,65.40284360189574
E00065477,349,107,56,51,242,21,221,30.659025787965614,16.045845272206304,14.613180515759314,69.34097421203438,6.017191977077363,63.323782234957015
E00065478,305,69,29,40,236,35,201,22.62295081967213,9.508196721311474,13.114754098360656,77.37704918032787,11.475409836065573,65.90163934426229
E00065479,286,47,11,36,239,27,212,16.433566433566433,3.8461538461538463,12.587412587412588,83.56643356643356,9.44055944055944,74.12587412587412
E00065480,166,36,12,24,130,15,115,21.686746987951807,7.228915662650602,14.457831325301203,78.3132530120482,9.036144578313253,69.27710843373494
E00065481,406,71,42,29,335,25,310,17.48768472906404,10.344827586206897,7.142857142857142,82.51231527093597,6.157635467980295,76.35467980295566
E00065482,402,49,19,30,353,35,318,12.189054726368159,4.72636815920398,7.462686567164178,87.81094527363184,8.706467661691542,79.1044776119403
E00065483,362,63,28,35,299,25,274,17.403314917127073,7.734806629834254,9.668508287292818,82.59668508287292,6.906077348066299,75.69060773480662
E00065484,298,52,20,32,246,20,226,17.449664429530202,6.7114093959731544,10.738255033557047,82.5503355704698,6.7114093959731544,75.83892617449665
E00065485,203,47,21,26,156,10,146,23.15270935960591,10.344827586206897,12.807881773399016,76.84729064039408,4.926108374384237,71.92118226600985
E00065487,314,79,37,42,235,19,216,25.159235668789808,11.78343949044586,13.375796178343949,74.84076433121018,6.050955414012739,68.78980891719745
E00065488,290,62,28,34,228,27,201,21.379310344827587,9.655172413793103,11.724137931034482,78.62068965517241,9.310344827586208,69.3103448275862
E00065489,210,66,28,38,144,7,137,31.428571428571427,13.333333333333334,18.095238095238095,68.57142857142857,3.3333333333333335,65.23809523809524
E00065490,268,48,19,29,220,21,199,17.91044776119403,7.08955223880597,10.820895522388058,82.08955223880598,7.835820895522389,74.25373134328358
E00065491,211,110,86,24,101,10,91,52.13270142180095,40.758293838862556,11.374407582938389,47.867298578199055,4.739336492890995,43.127962085308056
E00065492,280,72,24,48,208,13,195,25.71428571428571,8.571428571428571,17.142857142857142,74.28571428571429,4.642857142857143,69.64285714285714
E00065493,284,48,25,23,236,27,209,16.901408450704224,8.80281690140845,8.098591549295776,83.09859154929578,9.507042253521126,73.59154929577466
E00065494,489,67,19,48,422,41,381,13.701431492842536,3.885480572597137,9.815950920245399,86.29856850715747,8.384458077709612,77.91411042944786
E00065495,348,71,29,42,277,21,256,20.402298850574713,8.333333333333332,12.068965517241379,79.59770114942529,6.0344827586206895,73.5632183908046
E00065497,169,33,18,15,136,16,120,19.526627218934912,10.650887573964498,8.875739644970414,80.4733727810651,9.467455621301776,71.00591715976331
E00065498,351,56,17,39,295,32,263,15.954415954415953,4.843304843304843,11.11111111111111,84.04558404558404,9.116809116809117,74.92877492877493
E00065499,180,29,11,18,151,13,138,16.11111111111111,6.111111111111111,10,83.88888888888889,7.222222222222221,76.66666666666667
E00065500,275,62,24,38,213,19,194,22.545454545454547,8.727272727272728,13.818181818181818,77.45454545454545,6.909090909090909,70.54545454545455
E00065501,488,90,32,58,398,48,350,18.442622950819672,6.557377049180328,11.885245901639344,81.55737704918032,9.836065573770492,71.72131147540983
E00065502,303,74,36,38,229,19,210,24.422442244224424,11.881188118811881,12.541254125412541,75.57755775577559,6.270627062706271,69.3069306930693
E00065503,302,93,43,50,209,15,194,30.79470198675497,14.23841059602649,16.55629139072848,69.20529801324503,4.966887417218543,64.23841059602648
E00065504,219,40,17,23,179,20,159,18.2648401826484,7.76255707762557,10.50228310502283,81.7351598173516,9.1324200913242,72.6027397260274
E00065505,249,41,12,29,208,15,193,16.46586345381526,4.819277108433735,11.646586345381527,83.53413654618474,6.024096385542169,77.51004016064257
E00065506,481,76,22,54,405,34,371,15.800415800415802,4.5738045738045745,11.226611226611228,84.1995841995842,7.0686070686070686,77.13097713097713
E00065507,282,43,13,30,239,22,217,15.24822695035461,4.609929078014184,10.638297872340425,84.75177304964538,7.801418439716312,76.95035460992908
E00065508,351,67,27,40,284,24,260,19.08831908831909,7.6923076923076925,11.396011396011396,80.91168091168092,6.837606837606838,74.07407407407408
E00065509,222,44,19,25,178,25,153,19.81981981981982,8.558558558558559,11.26126126126126,80.18018018018019,11.26126126126126,68.91891891891892
E00065510,244,44,13,31,200,29,171,18.0327868852459,5.327868852459016,12.704918032786885,81.9672131147541,11.885245901639344,70.08196721311475
E00065511,461,106,57,49,355,31,324,22.99349240780911,12.364425162689804,10.629067245119305,77.00650759219089,6.724511930585683,70.28199566160521
E00065512,358,61,24,37,297,27,270,17.039106145251395,6.70391061452514,10.335195530726256,82.9608938547486,7.5418994413407825,75.41899441340783
E00065513,277,44,14,30,233,12,221,15.884476534296029,5.054151624548736,10.830324909747292,84.11552346570397,4.332129963898916,79.78339350180505
E00065514,315,59,15,44,256,23,233,18.73015873015873,4.761904761904762,13.968253968253968,81.26984126984127,7.301587301587302,73.96825396825398
E00065515,327,65,22,43,262,16,246,19.877675840978593,6.727828746177369,13.149847094801222,80.1223241590214,4.892966360856269,75.22935779816514
E00065516,371,82,34,48,289,28,261,22.10242587601078,9.164420485175203,12.93800539083558,77.89757412398922,7.547169811320755,70.35040431266847
E00065517,404,61,25,36,343,38,305,15.099009900990099,6.188118811881188,8.91089108910891,84.9009900990099,9.405940594059405,75.4950495049505
E00065518,299,64,27,37,235,22,213,21.40468227424749,9.03010033444816,12.37458193979933,78.59531772575251,7.357859531772576,71.23745819397993
E00065519,287,61,32,29,226,31,195,21.254355400696863,11.149825783972126,10.104529616724738,78.74564459930313,10.801393728222997,67.94425087108013
E00065520,272,48,17,31,224,44,180,17.647058823529413,6.25,11.397058823529411,82.35294117647058,16.176470588235293,66.17647058823529
E00065521,285,59,25,34,226,28,198,20.701754385964914,8.771929824561402,11.929824561403509,79.2982456140351,9.824561403508772,69.47368421052632
E00065522,133,19,6,13,114,11,103,14.285714285714285,4.511278195488721,9.774436090225564,85.71428571428571,8.270676691729323,77.44360902255639
E00065523,343,57,19,38,286,35,251,16.61807580174927,5.539358600583091,11.078717201166182,83.38192419825073,10.204081632653061,73.17784256559767
E00065524,333,46,14,32,287,25,262,13.813813813813812,4.2042042042042045,9.60960960960961,86.18618618618619,7.5075075075075075,78.67867867867868
E00065525,262,70,32,38,192,14,178,26.717557251908396,12.213740458015266,14.50381679389313,73.2824427480916,5.343511450381679,67.93893129770993
E00065526,129,22,9,13,107,9,98,17.05426356589147,6.976744186046512,10.077519379844961,82.94573643410853,6.976744186046512,75.96899224806202
E00065527,513,104,28,76,409,48,361,20.2729044834308,5.458089668615984,14.814814814814813,79.72709551656921,9.35672514619883,70.37037037037037
E00065528,263,61,32,29,202,27,175,23.193916349809886,12.167300380228136,11.02661596958175,76.80608365019012,10.26615969581749,66.53992395437263
E00065529,290,46,12,34,244,25,219,15.862068965517242,4.137931034482759,11.724137931034482,84.13793103448276,8.620689655172415,75.51724137931033
E00065530,381,39,10,29,342,34,308,10.236220472440944,2.6246719160104988,7.611548556430446,89.76377952755905,8.923884514435695,80.83989501312337
E00065531,285,40,13,27,245,25,220,14.035087719298245,4.56140350877193,9.473684210526317,85.96491228070175,8.771929824561402,77.19298245614034
E00065532,230,45,15,30,185,14,171,19.565217391304348,6.521739130434782,13.043478260869565,80.43478260869566,6.086956521739131,74.34782608695653
E00065533,534,68,23,45,466,40,426,12.734082397003746,4.307116104868914,8.426966292134832,87.26591760299625,7.490636704119851,79.7752808988764
E00065534,252,77,37,40,175,21,154,30.555555555555557,14.682539682539684,15.873015873015872,69.44444444444444,8.333333333333332,61.111111111111114
E00065535,300,49,20,29,251,27,224,16.333333333333332,6.666666666666667,9.666666666666666,83.66666666666667,9,74.66666666666667
E00065536,417,77,30,47,340,26,314,18.465227817745802,7.1942446043165464,11.270983213429256,81.5347721822542,6.235011990407674,75.29976019184652
E00065537,385,70,23,47,315,35,280,18.181818181818183,5.974025974025974,12.207792207792208,81.81818181818183,9.090909090909092,72.72727272727273
E00065538,429,86,20,66,343,37,306,20.04662004662005,4.662004662004662,15.384615384615385,79.95337995337995,8.624708624708624,71.32867132867133
E00065539,339,57,19,38,282,18,264,16.8141592920354,5.604719764011799,11.209439528023598,83.1858407079646,5.3097345132743365,77.87610619469027
E00065540,349,90,49,41,259,25,234,25.787965616045845,14.040114613180515,11.74785100286533,74.21203438395415,7.163323782234957,67.0487106017192
E00065541,329,71,30,41,258,19,239,21.580547112462007,9.118541033434651,12.462006079027356,78.419452887538,5.775075987841945,72.64437689969606
E00065542,208,35,10,25,173,13,160,16.826923076923077,4.807692307692308,12.01923076923077,83.17307692307693,6.25,76.92307692307693
E00065543,246,62,22,40,184,15,169,25.203252032520325,8.94308943089431,16.260162601626014,74.79674796747967,6.097560975609756,68.69918699186992
E00065544,220,40,12,28,180,19,161,18.181818181818183,5.454545454545454,12.727272727272727,81.81818181818183,8.636363636363637,73.18181818181819
E00065545,316,49,22,27,267,22,245,15.50632911392405,6.962025316455696,8.544303797468354,84.49367088607595,6.962025316455696,77.53164556962025
E00065546,250,44,21,23,206,11,195,17.599999999999998,8.4,9.2,82.39999999999999,4.3999999999999995,78
E00065547,581,54,18,36,527,46,481,9.294320137693632,3.098106712564544,6.196213425129088,90.70567986230637,7.917383820998279,82.78829604130809
E00065548,319,44,17,27,275,17,258,13.793103448275861,5.329153605015674,8.463949843260188,86.20689655172413,5.329153605015674,80.87774294670847
E00065549,347,41,15,26,306,14,292,11.815561959654179,4.322766570605188,7.492795389048991,88.18443804034582,4.034582132564841,84.14985590778097
E00065550,591,101,49,52,490,35,455,17.089678510998308,8.29103214890017,8.79864636209814,82.91032148900169,5.922165820642978,76.98815566835871
E00065551,273,41,13,28,232,23,209,15.018315018315018,4.761904761904762,10.256410256410255,84.98168498168498,8.424908424908425,76.55677655677655
E00065552,368,69,20,49,299,25,274,18.75,5.434782608695652,13.31521739130435,81.25,6.7934782608695645,74.45652173913044
E00065553,263,39,10,29,224,25,199,14.82889733840304,3.802281368821293,11.02661596958175,85.17110266159695,9.505703422053232,75.66539923954373
E00065554,252,53,27,26,199,17,182,21.03174603174603,10.714285714285714,10.317460317460316,78.96825396825396,6.746031746031746,72.22222222222221
E00065555,597,66,23,43,531,33,498,11.055276381909549,3.8525963149078724,7.202680067001675,88.94472361809045,5.527638190954774,83.41708542713567
E00065556,280,44,18,26,236,17,219,15.714285714285714,6.428571428571428,9.285714285714286,84.28571428571429,6.071428571428571,78.21428571428571
E00065557,304,35,11,24,269,22,247,11.513157894736842,3.618421052631579,7.894736842105263,88.48684210526315,7.236842105263158,81.25
E00065558,301,66,27,39,235,23,212,21.92691029900332,8.970099667774086,12.956810631229235,78.07308970099668,7.641196013289036,70.43189368770764
E00065559,289,66,43,23,223,23,200,22.837370242214533,14.878892733564014,7.958477508650519,77.16262975778547,7.958477508650519,69.20415224913495
E00065560,273,56,25,31,217,20,197,20.51282051282051,9.157509157509157,11.355311355311356,79.48717948717949,7.326007326007327,72.16117216117216
E00065561,248,78,46,32,170,14,156,31.451612903225808,18.548387096774192,12.903225806451612,68.54838709677419,5.64516129032258,62.903225806451616
E00065562,350,64,27,37,286,15,271,18.285714285714285,7.7142857142857135,10.571428571428571,81.71428571428572,4.285714285714286,77.42857142857143
E00065563,325,59,26,33,266,24,242,18.153846153846153,8,10.153846153846153,81.84615384615384,7.384615384615385,74.46153846153845
E00065564,383,62,29,33,321,32,289,16.187989556135772,7.5718015665796345,8.616187989556137,83.81201044386422,8.355091383812011,75.45691906005221
E00065565,319,54,25,29,265,20,245,16.927899686520377,7.836990595611286,9.090909090909092,83.07210031347962,6.269592476489027,76.8025078369906
E00065566,288,42,23,19,246,24,222,14.583333333333334,7.986111111111111,6.597222222222222,85.41666666666666,8.333333333333332,77.08333333333334
E00065567,357,66,25,41,291,21,270,18.487394957983195,7.002801120448179,11.484593837535014,81.5126050420168,5.88235294117647,75.63025210084034
E00065568,387,95,67,28,292,17,275,24.54780361757106,17.31266149870801,7.235142118863049,75.45219638242894,4.3927648578811365,71.0594315245478
E00065569,289,51,20,31,238,25,213,17.647058823529413,6.920415224913495,10.726643598615917,82.35294117647058,8.650519031141869,73.70242214532871
E00065570,198,54,28,26,144,9,135,27.27272727272727,14.14141414141414,13.131313131313133,72.72727272727273,4.545454545454546,68.18181818181817
E00065571,366,71,32,39,295,23,272,19.398907103825135,8.743169398907105,10.655737704918032,80.60109289617486,6.284153005464481,74.31693989071039
E00065572,360,46,12,34,314,11,303,12.777777777777777,3.3333333333333335,9.444444444444445,87.22222222222223,3.0555555555555554,84.16666666666667
E00065573,276,53,18,35,223,17,206,19.202898550724637,6.521739130434782,12.681159420289855,80.79710144927536,6.159420289855073,74.63768115942028
E00065574,302,35,13,22,267,14,253,11.589403973509933,4.304635761589404,7.28476821192053,88.41059602649007,4.635761589403973,83.77483443708608
E00065575,315,59,13,46,256,19,237,18.73015873015873,4.1269841269841265,14.603174603174605,81.26984126984127,6.031746031746032,75.23809523809524
E00065576,278,46,15,31,232,14,218,16.546762589928058,5.39568345323741,11.151079136690647,83.45323741007195,5.0359712230215825,78.41726618705036
E00065577,376,36,16,20,340,27,313,9.574468085106384,4.25531914893617,5.319148936170213,90.42553191489363,7.180851063829788,83.24468085106383
E00065578,506,112,85,27,394,35,359,22.134387351778656,16.798418972332016,5.33596837944664,77.86561264822134,6.91699604743083,70.94861660079052
E00065579,223,52,23,29,171,11,160,23.318385650224215,10.31390134529148,13.004484304932735,76.68161434977578,4.932735426008969,71.74887892376681
E00065580,401,54,13,41,347,21,326,13.466334164588527,3.2418952618453867,10.224438902743142,86.53366583541147,5.236907730673317,81.29675810473816
E00065581,290,42,19,23,248,19,229,14.482758620689657,6.551724137931035,7.931034482758621,85.51724137931035,6.551724137931035,78.96551724137932
E00065582,447,78,35,43,369,36,333,17.449664429530202,7.829977628635347,9.619686800894854,82.5503355704698,8.053691275167784,74.49664429530202
E00065583,315,41,16,25,274,21,253,13.015873015873018,5.079365079365079,7.936507936507936,86.98412698412699,6.666666666666667,80.31746031746032
E00065584,360,59,27,32,301,13,288,16.38888888888889,7.5,8.88888888888889,83.61111111111111,3.6111111111111107,80
E00065585,351,53,18,35,298,11,287,15.0997150997151,5.128205128205128,9.971509971509972,84.9002849002849,3.133903133903134,81.76638176638177
E00065586,350,50,15,35,300,24,276,14.285714285714285,4.285714285714286,10,85.71428571428571,6.857142857142858,78.85714285714286
E00065587,216,85,42,43,131,15,116,39.351851851851855,19.444444444444446,19.90740740740741,60.64814814814815,6.944444444444445,53.70370370370371
E00065588,372,80,49,31,292,20,272,21.50537634408602,13.172043010752688,8.333333333333332,78.49462365591397,5.376344086021505,73.11827956989248
E00065589,300,49,23,26,251,14,237,16.333333333333332,7.666666666666666,8.666666666666668,83.66666666666667,4.666666666666667,79
E00065590,370,33,13,20,337,15,322,8.91891891891892,3.5135135135135136,5.405405405405405,91.08108108108108,4.054054054054054,87.02702702702703
E00065591,300,39,13,26,261,22,239,13,4.333333333333334,8.666666666666668,87,7.333333333333333,79.66666666666666
E00065592,360,72,29,43,288,17,271,20,8.055555555555555,11.944444444444445,80,4.722222222222222,75.27777777777777
E00065593,534,64,26,38,470,32,438,11.985018726591761,4.868913857677903,7.116104868913857,88.01498127340824,5.992509363295881,82.02247191011236
E00065594,307,55,25,30,252,22,230,17.91530944625407,8.143322475570033,9.77198697068404,82.08469055374593,7.166123778501629,74.9185667752443
E00065595,401,77,34,43,324,26,298,19.201995012468828,8.478802992518704,10.723192019950124,80.79800498753117,6.483790523690773,74.3142144638404
E00065596,348,65,27,38,283,20,263,18.67816091954023,7.758620689655173,10.919540229885058,81.32183908045977,5.747126436781609,75.57471264367817
E00065597,339,65,26,39,274,25,249,19.174041297935105,7.669616519174041,11.504424778761061,80.8259587020649,7.374631268436578,73.45132743362832
E00065598,302,68,26,42,234,12,222,22.516556291390728,8.609271523178808,13.90728476821192,77.48344370860927,3.9735099337748347,73.50993377483444
E00065599,274,111,77,34,163,11,152,40.51094890510949,28.102189781021895,12.408759124087592,59.48905109489051,4.014598540145985,55.47445255474452
E00065600,268,51,18,33,217,20,197,19.029850746268657,6.7164179104477615,12.313432835820896,80.97014925373134,7.462686567164178,73.50746268656717
E00065601,367,56,16,40,311,30,281,15.258855585831062,4.35967302452316,10.899182561307901,84.74114441416893,8.174386920980927,76.566757493188
E00065602,338,59,20,39,279,23,256,17.45562130177515,5.9171597633136095,11.538461538461538,82.54437869822485,6.8047337278106506,75.7396449704142
E00065603,276,44,14,30,232,13,219,15.942028985507244,5.072463768115942,10.869565217391305,84.05797101449275,4.710144927536232,79.34782608695652
E00065604,217,41,22,19,176,21,155,18.89400921658986,10.138248847926267,8.755760368663594,81.10599078341014,9.67741935483871,71.42857142857143
E00065605,314,47,18,29,267,9,258,14.968152866242038,5.7324840764331215,9.235668789808917,85.03184713375796,2.8662420382165608,82.16560509554141
E00065606,326,44,19,25,282,11,271,13.496932515337424,5.828220858895705,7.668711656441718,86.50306748466258,3.374233128834356,83.12883435582822
E00065607,297,60,27,33,237,28,209,20.2020202020202,9.090909090909092,11.11111111111111,79.7979797979798,9.427609427609427,70.37037037037037
E00065608,347,57,24,33,290,20,270,16.42651296829971,6.9164265129683,9.510086455331413,83.5734870317003,5.763688760806916,77.80979827089337
E00065609,415,59,18,41,356,29,327,14.216867469879519,4.337349397590361,9.879518072289157,85.78313253012048,6.987951807228916,78.79518072289157
E00065610,408,87,53,34,321,31,290,21.323529411764707,12.990196078431374,8.333333333333332,78.67647058823529,7.598039215686274,71.07843137254902
E00065611,184,32,17,15,152,20,132,17.391304347826086,9.239130434782608,8.152173913043478,82.6086956521739,10.869565217391305,71.73913043478261
E00065612,315,86,60,26,229,29,200,27.3015873015873,19.047619047619047,8.253968253968253,72.6984126984127,9.206349206349207,63.49206349206349
E00065613,266,57,27,30,209,27,182,21.428571428571427,10.150375939849624,11.278195488721805,78.57142857142857,10.150375939849624,68.42105263157895
E00065614,281,35,11,24,246,28,218,12.455516014234876,3.9145907473309607,8.540925266903916,87.54448398576513,9.9644128113879,77.58007117437722
E00065615,379,40,11,29,339,32,307,10.554089709762533,2.9023746701846966,7.651715039577836,89.44591029023746,8.443271767810026,81.00263852242745
E00065616,255,40,8,32,215,20,195,15.686274509803921,3.1372549019607843,12.549019607843137,84.31372549019608,7.8431372549019605,76.47058823529412
E00065617,317,38,15,23,279,29,250,11.987381703470032,4.73186119873817,7.255520504731862,88.01261829652996,9.14826498422713,78.86435331230284
E00065618,277,37,14,23,240,12,228,13.357400722021662,5.054151624548736,8.303249097472925,86.64259927797833,4.332129963898916,82.31046931407943
E00065619,604,65,23,42,539,42,497,10.76158940397351,3.80794701986755,6.95364238410596,89.23841059602648,6.95364238410596,82.28476821192054
E00065620,433,45,13,32,388,26,362,10.392609699769054,3.0023094688221708,7.390300230946882,89.60739030023095,6.0046189376443415,83.60277136258661
E00065621,308,45,12,33,263,25,238,14.61038961038961,3.896103896103896,10.714285714285714,85.3896103896104,8.116883116883116,77.27272727272727
E00065622,161,61,38,23,100,16,84,37.88819875776397,23.60248447204969,14.285714285714285,62.11180124223602,9.937888198757763,52.17391304347826
E00065623,283,40,11,29,243,23,220,14.13427561837456,3.8869257950530036,10.247349823321555,85.86572438162544,8.12720848056537,77.73851590106007
E00065624,291,46,15,31,245,17,228,15.807560137457044,5.154639175257731,10.652920962199312,84.19243986254295,5.841924398625429,78.35051546391753
E00065625,315,47,14,33,268,25,243,14.920634920634921,4.444444444444445,10.476190476190476,85.07936507936508,7.936507936507936,77.14285714285715
E00065626,317,39,13,26,278,25,253,12.302839116719243,4.100946372239748,8.201892744479496,87.69716088328076,7.886435331230284,79.81072555205047
E00065627,306,44,11,33,262,26,236,14.37908496732026,3.594771241830065,10.784313725490197,85.62091503267973,8.49673202614379,77.12418300653596
E00065628,313,34,10,24,279,18,261,10.86261980830671,3.1948881789137378,7.667731629392971,89.1373801916933,5.7507987220447285,83.38658146964856
E00065629,370,50,15,35,320,30,290,13.513513513513514,4.054054054054054,9.45945945945946,86.48648648648648,8.108108108108109,78.37837837837837
E00065630,283,35,14,21,248,17,231,12.36749116607774,4.946996466431095,7.420494699646643,87.63250883392226,6.007067137809187,81.62544169611307
E00065631,293,39,15,24,254,37,217,13.310580204778159,5.1194539249146755,8.19112627986348,86.68941979522185,12.627986348122866,74.06143344709898
E00065632,275,69,34,35,206,22,184,25.09090909090909,12.363636363636363,12.727272727272727,74.90909090909092,8,66.9090909090909
E00065633,264,39,13,26,225,23,202,14.772727272727273,4.924242424242424,9.848484848484848,85.22727272727273,8.712121212121213,76.51515151515152
E00065634,322,42,9,33,280,23,257,13.043478260869565,2.7950310559006213,10.248447204968944,86.95652173913044,7.142857142857142,79.8136645962733
E00065635,337,52,17,35,285,23,262,15.43026706231454,5.044510385756676,10.385756676557865,84.56973293768546,6.824925816023739,77.74480712166172
E00065636,297,35,11,24,262,31,231,11.784511784511785,3.7037037037037033,8.080808080808081,88.21548821548821,10.437710437710438,77.77777777777779
E00065637,293,67,32,35,226,18,208,22.866894197952217,10.921501706484642,11.945392491467576,77.13310580204778,6.143344709897611,70.98976109215018
E00065638,302,65,29,36,237,14,223,21.52317880794702,9.602649006622517,11.920529801324504,78.47682119205298,4.635761589403973,73.84105960264901
E00065639,271,55,27,28,216,23,193,20.29520295202952,9.96309963099631,10.33210332103321,79.70479704797047,8.487084870848708,71.21771217712177
E00065640,489,92,46,46,397,23,374,18.813905930470348,9.406952965235174,9.406952965235174,81.18609406952966,4.703476482617587,76.48261758691206
E00065641,283,49,11,38,234,31,203,17.314487632508836,3.8869257950530036,13.427561837455832,82.68551236749117,10.954063604240282,71.73144876325088
E00065642,304,59,32,27,245,19,226,19.407894736842106,10.526315789473683,8.881578947368421,80.5921052631579,6.25,74.3421052631579
E00065643,266,55,25,30,211,24,187,20.676691729323306,9.398496240601503,11.278195488721805,79.32330827067669,9.022556390977442,70.30075187969925
E00065644,287,39,15,24,248,23,225,13.588850174216027,5.2264808362369335,8.362369337979095,86.41114982578398,8.013937282229964,78.397212543554
E00065645,287,37,17,20,250,29,221,12.89198606271777,5.923344947735192,6.968641114982578,87.10801393728222,10.104529616724738,77.00348432055749
E00065646,332,98,50,48,234,19,215,29.518072289156628,15.060240963855422,14.457831325301203,70.48192771084338,5.72289156626506,64.7590361445783
E00065647,282,48,14,34,234,16,218,17.02127659574468,4.964539007092199,12.056737588652481,82.97872340425532,5.673758865248227,77.30496453900709
E00065648,292,82,35,47,210,15,195,28.08219178082192,11.986301369863012,16.095890410958905,71.91780821917808,5.136986301369863,66.78082191780823
E00065649,308,51,22,29,257,29,228,16.558441558441558,7.142857142857142,9.415584415584416,83.44155844155844,9.415584415584416,74.02597402597402
E00065650,259,31,9,22,228,18,210,11.96911196911197,3.474903474903475,8.494208494208493,88.03088803088804,6.94980694980695,81.08108108108108
E00065651,241,37,18,19,204,15,189,15.352697095435685,7.468879668049793,7.883817427385892,84.64730290456431,6.224066390041494,78.42323651452283
E00065653,239,48,19,29,191,19,172,20.0836820083682,7.949790794979079,12.133891213389122,79.9163179916318,7.949790794979079,71.96652719665272
E00065654,147,56,26,30,91,12,79,38.095238095238095,17.687074829931973,20.408163265306122,61.904761904761905,8.16326530612245,53.74149659863946
E00065655,292,63,26,37,229,24,205,21.575342465753426,8.904109589041095,12.67123287671233,78.42465753424658,8.21917808219178,70.2054794520548
E00065656,333,46,15,31,287,28,259,13.813813813813812,4.504504504504505,9.30930930930931,86.18618618618619,8.408408408408409,77.77777777777779
E00065657,320,64,31,33,256,25,231,20,9.6875,10.3125,80,7.8125,72.1875
E00065658,288,46,20,26,242,21,221,15.972222222222221,6.944444444444445,9.027777777777777,84.02777777777779,7.291666666666667,76.73611111111111
E00065659,293,46,22,24,247,15,232,15.699658703071673,7.508532423208192,8.19112627986348,84.30034129692832,5.1194539249146755,79.18088737201366
E00065660,368,53,10,43,315,28,287,14.402173913043478,2.717391304347826,11.684782608695652,85.59782608695652,7.608695652173914,77.98913043478261
E00065661,433,62,11,51,371,32,339,14.318706697459586,2.5404157043879905,11.778290993071593,85.68129330254041,7.390300230946882,78.29099307159353
E00065662,254,51,17,34,203,20,183,20.078740157480315,6.692913385826772,13.385826771653544,79.92125984251969,7.874015748031496,72.04724409448819
E00065663,286,71,39,32,215,19,196,24.825174825174827,13.636363636363635,11.188811188811188,75.17482517482517,6.643356643356643,68.53146853146853
E00065664,334,51,22,29,283,28,255,15.269461077844312,6.58682634730539,8.682634730538922,84.73053892215569,8.383233532934131,76.34730538922156
E00065665,313,68,35,33,245,18,227,21.72523961661342,11.182108626198083,10.543130990415335,78.27476038338658,5.7507987220447285,72.52396166134186
E00065666,324,46,17,29,278,30,248,14.19753086419753,5.246913580246913,8.950617283950617,85.80246913580247,9.25925925925926,76.5432098765432
E00065668,399,54,15,39,345,28,317,13.533834586466165,3.7593984962406015,9.774436090225564,86.46616541353383,7.017543859649122,79.4486215538847
E00065669,282,41,11,30,241,24,217,14.539007092198581,3.900709219858156,10.638297872340425,85.46099290780141,8.51063829787234,76.95035460992908
E00065670,416,99,47,52,317,39,278,23.798076923076923,11.298076923076923,12.5,76.20192307692307,9.375,66.82692307692307
E00065671,343,41,16,25,302,23,279,11.9533527696793,4.664723032069971,7.288629737609329,88.0466472303207,6.705539358600583,81.34110787172013
E00065672,328,53,24,29,275,35,240,16.158536585365855,7.317073170731707,8.841463414634147,83.84146341463415,10.670731707317072,73.17073170731707
E00065673,238,52,22,30,186,24,162,21.84873949579832,9.243697478991598,12.605042016806722,78.15126050420169,10.084033613445378,68.0672268907563
E00065674,389,39,13,26,350,41,309,10.025706940874036,3.3419023136246784,6.683804627249357,89.97429305912597,10.539845758354756,79.43444730077121
E00065675,313,59,25,34,254,19,235,18.849840255591054,7.987220447284344,10.86261980830671,81.15015974440894,6.070287539936102,75.07987220447284
E00065676,304,55,22,33,249,26,223,18.092105263157894,7.236842105263158,10.855263157894738,81.9078947368421,8.552631578947368,73.35526315789474
E00065677,271,54,22,32,217,26,191,19.92619926199262,8.118081180811808,11.808118081180812,80.07380073800738,9.59409594095941,70.47970479704797
E00065678,290,23,10,13,267,23,244,7.931034482758621,3.4482758620689653,4.482758620689655,92.06896551724138,7.931034482758621,84.13793103448276
E00065679,408,43,14,29,365,45,320,10.53921568627451,3.431372549019608,7.107843137254902,89.4607843137255,11.029411764705882,78.43137254901961
E00065680,350,60,25,35,290,33,257,17.142857142857142,7.142857142857142,10,82.85714285714286,9.428571428571429,73.42857142857143
E00065681,404,64,21,43,340,26,314,15.841584158415841,5.198019801980198,10.643564356435643,84.15841584158416,6.435643564356436,77.72277227722772
E00065682,344,59,21,38,285,20,265,17.151162790697676,6.104651162790697,11.046511627906977,82.84883720930233,5.813953488372093,77.03488372093024
E00065683,401,46,18,28,355,28,327,11.471321695760599,4.488778054862843,6.982543640897755,88.5286783042394,6.982543640897755,81.54613466334165
E00065684,386,52,20,32,334,37,297,13.471502590673575,5.181347150259067,8.290155440414509,86.52849740932642,9.585492227979273,76.94300518134715
E00065685,336,50,20,30,286,31,255,14.880952380952381,5.952380952380952,8.928571428571429,85.11904761904762,9.226190476190476,75.89285714285714
E00065686,402,83,43,40,319,24,295,20.64676616915423,10.696517412935323,9.950248756218906,79.35323383084577,5.970149253731343,73.38308457711443
E00065687,278,49,18,31,229,33,196,17.62589928057554,6.474820143884892,11.151079136690647,82.37410071942446,11.870503597122301,70.50359712230215
E00065688,325,54,17,37,271,27,244,16.615384615384617,5.230769230769231,11.384615384615385,83.38461538461537,8.307692307692308,75.07692307692308
E00065690,271,58,27,31,213,24,189,21.40221402214022,9.96309963099631,11.439114391143912,78.59778597785979,8.856088560885608,69.74169741697416
E00065691,313,61,30,31,252,11,241,19.488817891373802,9.584664536741213,9.904153354632587,80.5111821086262,3.5143769968051117,76.99680511182109
E00065692,260,44,19,25,216,23,193,16.923076923076923,7.307692307692308,9.615384615384617,83.07692307692308,8.846153846153847,74.23076923076923
E00065693,255,42,15,27,213,24,189,16.470588235294116,5.88235294117647,10.588235294117647,83.52941176470588,9.411764705882353,74.11764705882354
E00065694,245,58,21,37,187,16,171,23.6734693877551,8.571428571428571,15.10204081632653,76.32653061224491,6.530612244897959,69.79591836734694
E00065695,407,54,19,35,353,20,333,13.267813267813267,4.668304668304668,8.5995085995086,86.73218673218673,4.914004914004914,81.81818181818183
E00065696,351,68,27,41,283,26,257,19.37321937321937,7.6923076923076925,11.68091168091168,80.62678062678063,7.4074074074074066,73.21937321937322
E00065697,439,94,33,61,345,28,317,21.4123006833713,7.517084282460136,13.895216400911162,78.5876993166287,6.378132118451026,72.20956719817767
E00065698,295,54,21,33,241,25,216,18.305084745762713,7.118644067796611,11.186440677966102,81.69491525423729,8.47457627118644,73.22033898305085
E00065699,284,51,19,32,233,21,212,17.95774647887324,6.690140845070422,11.267605633802818,82.04225352112677,7.394366197183098,74.64788732394366
E00065700,332,51,11,40,281,31,250,15.36144578313253,3.313253012048193,12.048192771084338,84.63855421686746,9.33734939759036,75.30120481927712
E00065701,310,60,22,38,250,21,229,19.35483870967742,7.096774193548387,12.258064516129032,80.64516129032258,6.774193548387098,73.87096774193549
E00065702,445,65,19,46,380,48,332,14.606741573033707,4.269662921348314,10.337078651685392,85.39325842696628,10.786516853932584,74.6067415730337
E00065703,317,48,22,26,269,15,254,15.141955835962145,6.940063091482649,8.201892744479496,84.85804416403786,4.73186119873817,80.12618296529969
E00065704,404,71,20,51,333,28,305,17.574257425742573,4.9504950495049505,12.623762376237623,82.42574257425743,6.9306930693069315,75.4950495049505
E00065705,204,32,13,19,172,19,153,15.686274509803921,6.372549019607843,9.313725490196079,84.31372549019608,9.313725490196079,75
E00065706,407,61,25,36,346,30,316,14.987714987714988,6.142506142506143,8.845208845208845,85.01228501228502,7.371007371007371,77.64127764127764
E00065707,311,42,10,32,269,26,243,13.504823151125404,3.215434083601286,10.289389067524116,86.49517684887459,8.360128617363344,78.13504823151125
E00065708,325,49,20,29,276,20,256,15.076923076923077,6.153846153846154,8.923076923076923,84.92307692307692,6.153846153846154,78.76923076923077
E00065709,253,46,15,31,207,20,187,18.181818181818183,5.928853754940711,12.25296442687747,81.81818181818183,7.905138339920949,73.91304347826086
E00065710,363,71,33,38,292,29,263,19.55922865013774,9.090909090909092,10.46831955922865,80.44077134986226,7.988980716253444,72.45179063360881
E00065711,294,45,15,30,249,20,229,15.306122448979592,5.1020408163265305,10.204081632653061,84.6938775510204,6.802721088435375,77.89115646258503
E00065712,346,52,13,39,294,26,268,15.028901734104046,3.7572254335260116,11.271676300578035,84.97109826589595,7.514450867052023,77.45664739884393
E00065713,427,56,15,41,371,30,341,13.114754098360656,3.51288056206089,9.601873536299765,86.88524590163934,7.02576112412178,79.85948477751757
E00065715,291,43,20,23,248,32,216,14.776632302405499,6.872852233676976,7.903780068728522,85.2233676975945,10.996563573883162,74.22680412371135
E00065716,389,50,11,39,339,24,315,12.853470437017995,2.827763496143959,10.025706940874036,87.146529562982,6.169665809768637,80.97686375321337
E00065717,250,82,40,42,168,17,151,32.800000000000004,16,16.8,67.2,6.800000000000001,60.4
E00065718,160,27,5,22,133,10,123,16.875,3.125,13.750000000000002,83.125,6.25,76.875
E00065719,269,40,18,22,229,25,204,14.869888475836431,6.691449814126393,8.178438661710038,85.13011152416357,9.293680297397769,75.8364312267658
E00065720,356,69,35,34,287,18,269,19.382022471910112,9.831460674157304,9.550561797752808,80.6179775280899,5.056179775280898,75.56179775280899
E00065721,334,82,29,53,252,24,228,24.550898203592812,8.682634730538922,15.868263473053892,75.44910179640718,7.18562874251497,68.26347305389223
E00065722,313,96,46,50,217,19,198,30.670926517571885,14.696485623003195,15.974440894568689,69.32907348242811,6.070287539936102,63.25878594249201
E00065723,277,60,23,37,217,16,201,21.660649819494584,8.303249097472925,13.357400722021662,78.33935018050542,5.776173285198556,72.56317689530685
E00065724,272,39,17,22,233,24,209,14.338235294117647,6.25,8.088235294117647,85.66176470588235,8.823529411764707,76.83823529411765
E00065725,218,35,19,16,183,16,167,16.055045871559635,8.715596330275229,7.339449541284404,83.94495412844036,7.339449541284404,76.60550458715596
E00065726,230,50,21,29,180,18,162,21.73913043478261,9.130434782608695,12.608695652173912,78.26086956521739,7.82608695652174,70.43478260869566
E00065727,219,32,10,22,187,17,170,14.61187214611872,4.5662100456621,10.045662100456621,85.38812785388129,7.76255707762557,77.6255707762557
E00065728,294,52,19,33,242,26,216,17.687074829931973,6.462585034013606,11.224489795918368,82.31292517006803,8.843537414965986,73.46938775510205
E00065729,287,50,19,31,237,14,223,17.421602787456447,6.620209059233449,10.801393728222997,82.57839721254355,4.878048780487805,77.70034843205575
E00065730,235,43,17,26,192,20,172,18.29787234042553,7.234042553191489,11.063829787234042,81.70212765957446,8.51063829787234,73.19148936170212
E00065731,135,15,6,9,120,14,106,11.11111111111111,4.444444444444445,6.666666666666667,88.88888888888889,10.37037037037037,78.51851851851852
E00065732,228,53,21,32,175,13,162,23.24561403508772,9.210526315789473,14.035087719298245,76.75438596491229,5.701754385964912,71.05263157894737
E00065733,310,57,28,29,253,28,225,18.387096774193548,9.032258064516128,9.35483870967742,81.61290322580645,9.032258064516128,72.58064516129032
E00065734,246,48,13,35,198,17,181,19.51219512195122,5.284552845528456,14.227642276422763,80.48780487804879,6.910569105691057,73.57723577235772
E00065735,396,56,19,37,340,35,305,14.14141414141414,4.797979797979798,9.343434343434344,85.85858585858585,8.83838383838384,77.02020202020202
E00065736,314,44,19,25,270,15,255,14.012738853503185,6.050955414012739,7.961783439490445,85.98726114649682,4.777070063694268,81.21019108280255
E00065737,289,35,11,24,254,15,239,12.110726643598616,3.8062283737024223,8.304498269896193,87.88927335640139,5.190311418685121,82.69896193771626
E00065738,305,39,15,24,266,25,241,12.786885245901638,4.918032786885246,7.868852459016394,87.21311475409837,8.19672131147541,79.01639344262294
E00065739,116,16,4,12,100,10,90,13.793103448275861,3.4482758620689653,10.344827586206897,86.20689655172413,8.620689655172415,77.58620689655173
E00065740,303,67,31,36,236,27,209,22.112211221122113,10.231023102310232,11.881188118811881,77.88778877887789,8.91089108910891,68.97689768976898
E00065741,325,42,13,29,283,27,256,12.923076923076923,4,8.923076923076923,87.07692307692308,8.307692307692308,78.76923076923077
E00065742,348,58,17,41,290,25,265,16.666666666666664,4.885057471264368,11.781609195402298,83.33333333333334,7.183908045977011,76.14942528735632
E00065743,201,32,11,21,169,16,153,15.92039800995025,5.472636815920398,10.44776119402985,84.07960199004975,7.960199004975125,76.11940298507463
E00065744,322,45,19,26,277,21,256,13.975155279503104,5.900621118012422,8.074534161490684,86.0248447204969,6.521739130434782,79.5031055900621
E00065745,191,29,17,12,162,10,152,15.18324607329843,8.900523560209423,6.282722513089005,84.81675392670157,5.2356020942408374,79.58115183246073
E00065746,335,55,20,35,280,31,249,16.417910447761194,5.970149253731343,10.44776119402985,83.5820895522388,9.253731343283581,74.32835820895522
E00065747,293,41,11,30,252,15,237,13.993174061433447,3.754266211604096,10.238907849829351,86.00682593856655,5.1194539249146755,80.88737201365188
E00065748,266,46,21,25,220,18,202,17.293233082706767,7.894736842105263,9.398496240601503,82.70676691729322,6.7669172932330826,75.93984962406014
E00065749,214,42,15,27,172,11,161,19.626168224299064,7.009345794392523,12.616822429906541,80.37383177570094,5.14018691588785,75.23364485981308
E00065750,111,18,9,9,93,7,86,16.216216216216218,8.108108108108109,8.108108108108109,83.78378378378379,6.306306306306306,77.47747747747748
E00065751,501,76,27,49,425,40,385,15.169660678642716,5.389221556886228,9.780439121756487,84.83033932135729,7.984031936127744,76.84630738522954
E00065752,497,94,32,62,403,32,371,18.91348088531187,6.438631790744467,12.474849094567404,81.08651911468813,6.438631790744467,74.64788732394366
E00065753,527,69,21,48,458,36,422,13.092979127134724,3.984819734345351,9.108159392789373,86.90702087286527,6.83111954459203,80.07590132827325
E00065754,283,80,44,36,203,14,189,28.26855123674912,15.547703180212014,12.7208480565371,71.73144876325088,4.946996466431095,66.78445229681978
E00065755,254,55,27,28,199,22,177,21.653543307086615,10.62992125984252,11.023622047244094,78.34645669291339,8.661417322834646,69.68503937007874
E00065756,297,64,27,37,233,19,214,21.548821548821547,9.090909090909092,12.457912457912458,78.45117845117845,6.397306397306397,72.05387205387206
E00065757,315,45,16,29,270,32,238,14.285714285714285,5.079365079365079,9.206349206349207,85.71428571428571,10.158730158730158,75.55555555555556
E00065758,279,71,35,36,208,18,190,25.448028673835125,12.544802867383511,12.903225806451612,74.55197132616487,6.451612903225806,68.10035842293907
E00065759,293,65,15,50,228,19,209,22.18430034129693,5.1194539249146755,17.064846416382252,77.81569965870307,6.484641638225256,71.33105802047781
E00065760,358,66,30,36,292,25,267,18.435754189944134,8.379888268156424,10.05586592178771,81.56424581005587,6.983240223463687,74.58100558659217
E00065761,282,46,21,25,236,31,205,16.312056737588655,7.446808510638298,8.865248226950355,83.68794326241135,10.99290780141844,72.69503546099291
E00065762,138,19,8,11,119,8,111,13.768115942028986,5.797101449275362,7.971014492753622,86.23188405797102,5.797101449275362,80.43478260869566
E00065763,256,56,24,32,200,19,181,21.875,9.375,12.5,78.125,7.421875,70.703125
E00065764,387,63,23,40,324,31,293,16.27906976744186,5.943152454780361,10.335917312661499,83.72093023255815,8.010335917312661,75.71059431524549
E00065765,379,63,24,39,316,27,289,16.62269129287599,6.33245382585752,10.29023746701847,83.37730870712402,7.12401055408971,76.2532981530343
E00065766,219,45,18,27,174,13,161,20.54794520547945,8.21917808219178,12.32876712328767,79.45205479452055,5.93607305936073,73.51598173515981
E00065767,220,43,13,30,177,13,164,19.545454545454547,5.909090909090909,13.636363636363635,80.45454545454545,5.909090909090909,74.54545454545455
E00065768,187,40,15,25,147,16,131,21.390374331550802,8.0213903743315509,13.368983957219251,78.6096256684492,8.55614973262032,70.05347593582889
E00065769,448,108,65,43,340,37,303,24.107142857142858,14.508928571428573,9.598214285714286,75.89285714285714,8.258928571428571,67.63392857142857
E00065770,252,28,14,14,224,13,211,11.11111111111111,5.555555555555555,5.555555555555555,88.88888888888889,5.158730158730158,83.73015873015873
E00065771,242,29,11,18,213,25,188,11.983471074380166,4.545454545454546,7.43801652892562,88.01652892561982,10.330578512396695,77.68595041322314
E00065772,220,34,9,25,186,20,166,15.454545454545453,4.090909090909091,11.363636363636363,84.54545454545455,9.090909090909092,75.45454545454545
E00065773,469,52,20,32,417,42,375,11.087420042643924,4.264392324093817,6.823027718550106,88.91257995735607,8.955223880597014,79.95735607675905
E00065774,336,79,29,50,257,21,236,23.511904761904763,8.630952380952381,14.880952380952381,76.48809523809523,6.25,70.23809523809523
E00065775,245,48,18,30,197,17,180,19.591836734693878,7.346938775510205,12.244897959183673,80.40816326530611,6.938775510204081,73.46938775510205
E00065776,250,40,17,23,210,27,183,16,6.800000000000001,9.2,84,10.8,73.2
E00065779,223,32,15,17,191,21,170,14.349775784753364,6.726457399103139,7.623318385650224,85.65022421524664,9.417040358744394,76.23318385650224
E00065780,483,61,15,46,422,34,388,12.629399585921325,3.1055900621118013,9.523809523809524,87.37060041407867,7.039337474120083,80.33126293995859
E00065781,549,69,19,50,480,47,433,12.568306010928962,3.4608378870673953,9.107468123861565,87.43169398907104,8.561020036429873,78.87067395264117
E00065782,202,49,20,29,153,16,137,24.257425742574256,9.900990099009901,14.356435643564355,75.74257425742574,7.920792079207921,67.82178217821783
E00065783,362,43,11,32,319,39,280,11.878453038674033,3.0386740331491713,8.83977900552486,88.12154696132598,10.773480662983426,77.34806629834254
E00065784,305,33,11,22,272,28,244,10.819672131147541,3.606557377049181,7.213114754098362,89.18032786885246,9.180327868852459,80
E00065785,275,52,22,30,223,40,183,18.90909090909091,8,10.909090909090908,81.0909090909091,14.545454545454545,66.54545454545455
E00065786,573,90,39,51,483,46,437,15.706806282722512,6.806282722513089,8.900523560209423,84.29319371727748,8.027923211169284,76.26527050610821
E00065787,192,27,11,16,165,22,143,14.0625,5.729166666666666,8.333333333333332,85.9375,11.458333333333332,74.47916666666666
E00065788,263,65,24,41,198,23,175,24.714828897338403,9.125475285171103,15.5893536121673,75.2851711026616,8.745247148288973,66.53992395437263
E00065789,306,35,10,25,271,19,252,11.437908496732026,3.2679738562091507,8.169934640522875,88.56209150326796,6.209150326797386,82.35294117647058
E00065790,107,27,9,18,80,4,76,25.233644859813083,8.411214953271028,16.822429906542055,74.76635514018692,3.7383177570093453,71.02803738317756
E00065791,277,39,14,25,238,18,220,14.079422382671481,5.054151624548736,9.025270758122744,85.92057761732852,6.4981949458483745,79.42238267148014
E00065792,183,58,29,29,125,18,107,31.693989071038253,15.846994535519126,15.846994535519126,68.30601092896174,9.836065573770492,58.46994535519126
E00065793,257,70,27,43,187,19,168,27.237354085603112,10.505836575875486,16.731517509727624,72.76264591439688,7.392996108949417,65.36964980544747
E00065794,256,44,15,29,212,16,196,17.1875,5.859375,11.328125,82.8125,6.25,76.5625
E00065795,220,45,15,30,175,26,149,20.454545454545457,6.8181818181818175,13.636363636363635,79.54545454545455,11.818181818181818,67.72727272727272
E00065796,292,64,29,35,228,22,206,21.91780821917808,9.931506849315069,11.986301369863012,78.08219178082192,7.534246575342466,70.54794520547945
E00065797,320,68,23,45,252,27,225,21.25,7.187499999999999,14.0625,78.75,8.4375,70.3125
E00065798,235,37,14,23,198,19,179,15.74468085106383,5.957446808510639,9.787234042553191,84.25531914893617,8.085106382978724,76.17021276595744
E00065799,265,59,13,46,206,25,181,22.264150943396228,4.905660377358491,17.358490566037734,77.73584905660378,9.433962264150944,68.30188679245282
E00065800,278,66,25,41,212,20,192,23.741007194244602,8.992805755395683,14.748201438848922,76.2589928057554,7.1942446043165464,69.06474820143885
E00065801,209,71,33,38,138,10,128,33.97129186602871,15.789473684210526,18.181818181818183,66.02870813397129,4.784688995215311,61.24401913875598
E00065802,294,53,25,28,241,26,215,18.027210884353742,8.503401360544217,9.523809523809524,81.97278911564626,8.843537414965986,73.12925170068027
E00065803,247,32,8,24,215,16,199,12.955465587044534,3.2388663967611335,9.7165991902834,87.04453441295547,6.477732793522267,80.5668016194332
E00065804,295,45,15,30,250,28,222,15.254237288135593,5.084745762711865,10.16949152542373,84.7457627118644,9.491525423728813,75.2542372881356
E00065806,274,55,23,32,219,19,200,20.072992700729927,8.394160583941606,11.678832116788321,79.92700729927007,6.934306569343065,72.99270072992701
E00065807,436,53,19,34,383,24,359,12.155963302752294,4.3577981651376145,7.79816513761468,87.8440366972477,5.5045871559633035,82.33944954128441
E00065808,264,43,13,30,221,23,198,16.28787878787879,4.924242424242424,11.363636363636363,83.71212121212122,8.712121212121213,75
E00065809,233,54,17,37,179,18,161,23.17596566523605,7.296137339055794,15.879828326180256,76.82403433476395,7.725321888412018,69.09871244635193
E00065810,210,56,19,37,154,20,134,26.666666666666668,9.047619047619047,17.61904761904762,73.33333333333333,9.523809523809524,63.8095238095238
E00065811,194,49,19,30,145,18,127,25.257731958762886,9.793814432989691,15.463917525773196,74.74226804123711,9.278350515463918,65.4639175257732
E00065813,351,47,17,30,304,32,272,13.390313390313391,4.843304843304843,8.547008547008547,86.6096866096866,9.116809116809117,77.49287749287748
E00065814,186,31,12,19,155,20,135,16.666666666666664,6.451612903225806,10.21505376344086,83.33333333333334,10.75268817204301,72.58064516129032
E00065815,241,55,25,30,186,20,166,22.821576763485478,10.37344398340249,12.448132780082988,77.17842323651453,8.29875518672199,68.87966804979253
E00065816,320,44,12,32,276,34,242,13.750000000000002,3.75,10,86.25,10.625,75.625
E00065817,269,51,19,32,218,20,198,18.95910780669145,7.063197026022305,11.895910780669144,81.04089219330855,7.434944237918216,73.60594795539033
E00065818,276,94,45,49,182,18,164,34.05797101449276,16.304347826086957,17.753623188405797,65.94202898550725,6.521739130434782,59.42028985507246
E00065819,318,51,16,35,267,18,249,16.037735849056602,5.031446540880504,11.0062893081761,83.9622641509434,5.660377358490567,78.30188679245283
E00065820,319,66,22,44,253,16,237,20.689655172413794,6.896551724137931,13.793103448275861,79.3103448275862,5.015673981191222,74.29467084639498
E00065821,297,83,37,46,214,16,198,27.946127946127948,12.457912457912458,15.488215488215488,72.05387205387206,5.387205387205387,66.66666666666666
E00065822,377,70,26,44,307,29,278,18.56763925729443,6.896551724137931,11.671087533156498,81.43236074270557,7.6923076923076925,73.74005305039788
E00065823,309,81,38,43,228,18,210,26.21359223300971,12.297734627831716,13.915857605177994,73.7864077669903,5.825242718446602,67.96116504854369
E00065824,239,41,16,25,198,16,182,17.154811715481173,6.694560669456067,10.460251046025103,82.84518828451883,6.694560669456067,76.15062761506276
E00065825,228,65,28,37,163,17,146,28.50877192982456,12.280701754385964,16.228070175438596,71.49122807017544,7.456140350877193,64.03508771929825
E00065826,281,63,25,38,218,24,194,22.419928825622776,8.896797153024911,13.523131672597867,77.58007117437722,8.540925266903916,69.03914590747331
E00065827,317,75,27,48,242,43,199,23.65930599369085,8.517350157728707,15.141955835962145,76.34069400630915,13.564668769716087,62.77602523659306
E00065828,300,90,49,41,210,24,186,30,16.333333333333332,13.666666666666666,70,8,62
E00065829,251,56,23,33,195,21,174,22.31075697211155,9.163346613545817,13.147410358565736,77.68924302788844,8.366533864541832,69.32270916334662
E00065830,300,70,32,38,230,21,209,23.333333333333332,10.666666666666668,12.666666666666668,76.66666666666667,7.000000000000001,69.66666666666667
E00065831,319,76,32,44,243,20,223,23.824451410658305,10.031347962382444,13.793103448275861,76.17554858934169,6.269592476489027,69.90595611285266
E00065832,369,82,42,40,287,20,267,22.22222222222222,11.38211382113821,10.840108401084011,77.77777777777779,5.420054200542006,72.35772357723577
E00065833,181,55,28,27,126,18,108,30.386740331491712,15.469613259668508,14.917127071823206,69.61325966850829,9.94475138121547,59.66850828729282
E00065834,241,50,18,32,191,16,175,20.74688796680498,7.468879668049793,13.278008298755188,79.25311203319502,6.639004149377594,72.61410788381743
E00065835,238,58,21,37,180,22,158,24.369747899159663,8.823529411764707,15.546218487394958,75.63025210084034,9.243697478991598,66.38655462184873
E00065836,367,91,48,43,276,23,253,24.795640326975477,13.079019073569482,11.716621253405995,75.20435967302453,6.267029972752043,68.93732970027247
E00065837,378,77,30,47,301,15,286,20.37037037037037,7.936507936507936,12.433862433862434,79.62962962962963,3.968253968253968,75.66137566137566
E00065838,372,70,32,38,302,24,278,18.817204301075268,8.60215053763441,10.21505376344086,81.18279569892472,6.451612903225806,74.73118279569893
E00065839,269,59,23,36,210,24,186,21.933085501858738,8.550185873605948,13.382899628252787,78.06691449814126,8.921933085501859,69.14498141263941
E00065840,285,50,15,35,235,29,206,17.543859649122805,5.263157894736842,12.280701754385964,82.45614035087719,10.175438596491228,72.28070175438597
E00065841,255,65,30,35,190,18,172,25.49019607843137,11.76470588235294,13.725490196078432,74.50980392156863,7.0588235294117645,67.45098039215686
E00065843,201,59,31,28,142,12,130,29.35323383084577,15.422885572139302,13.930348258706468,70.64676616915423,5.970149253731343,64.6766169154229
E00065844,253,89,48,41,164,20,144,35.177865612648226,18.972332015810274,16.205533596837945,64.82213438735178,7.905138339920949,56.916996047430835
E00065845,232,53,23,30,179,14,165,22.844827586206897,9.913793103448276,12.931034482758621,77.15517241379311,6.0344827586206895,71.12068965517241
E00065846,268,62,22,40,206,29,177,23.134328358208954,8.208955223880597,14.925373134328357,76.86567164179104,10.820895522388058,66.04477611940298
E00065847,295,67,28,39,228,21,207,22.71186440677966,9.491525423728813,13.220338983050848,77.28813559322035,7.118644067796611,70.16949152542374
E00065848,296,60,20,40,236,24,212,20.27027027027027,6.756756756756757,13.513513513513514,79.72972972972973,8.108108108108109,71.62162162162163
E00065849,257,74,45,29,183,24,159,28.793774319066145,17.509727626459142,11.284046692607005,71.20622568093385,9.33852140077821,61.86770428015564
E00065850,282,64,21,43,218,22,196,22.69503546099291,7.446808510638298,15.24822695035461,77.30496453900709,7.801418439716312,69.50354609929079
E00065851,307,114,60,54,193,19,174,37.13355048859935,19.54397394136808,17.58957654723127,62.866449511400646,6.188925081433225,56.67752442996743
E00065852,257,81,43,38,176,29,147,31.517509727626457,16.731517509727624,14.785992217898833,68.48249027237354,11.284046692607005,57.19844357976653
E00065853,273,52,18,34,221,21,200,19.047619047619047,6.593406593406594,12.454212454212454,80.95238095238095,7.6923076923076925,73.26007326007326
E00065854,330,125,30,95,205,24,181,37.878787878787875,9.090909090909092,28.78787878787879,62.121212121212125,7.2727272727272725,54.848484848484844
E00065855,392,83,30,53,309,27,282,21.1734693877551,7.653061224489796,13.520408163265307,78.8265306122449,6.887755102040815,71.93877551020408
E00065856,379,64,27,37,315,28,287,16.886543535620053,7.12401055408971,9.762532981530343,83.11345646437994,7.387862796833773,75.72559366754618
E00065857,293,38,13,25,255,34,221,12.969283276450511,4.436860068259386,8.532423208191126,87.03071672354949,11.604095563139932,75.42662116040955
E00065858,275,46,12,34,229,28,201,16.727272727272727,4.363636363636364,12.363636363636363,83.27272727272728,10.181818181818182,73.0909090909091
E00065859,321,44,17,27,277,29,248,13.707165109034266,5.29595015576324,8.411214953271028,86.29283489096574,9.034267912772584,77.25856697819314
E00065860,313,94,55,39,219,17,202,30.031948881789138,17.57188498402556,12.460063897763577,69.96805111821087,5.431309904153355,64.5367412140575
E00065861,361,31,10,21,330,31,299,8.587257617728532,2.7700831024930745,5.8171745152354575,91.41274238227147,8.587257617728532,82.82548476454294
E00065862,316,44,20,24,272,25,247,13.924050632911392,6.329113924050633,7.59493670886076,86.07594936708861,7.9113924050632916,78.16455696202532
E00065863,254,50,17,33,204,19,185,19.68503937007874,6.692913385826772,12.992125984251967,80.31496062992126,7.480314960629922,72.83464566929135
E00065864,237,65,32,33,172,17,155,27.42616033755274,13.502109704641349,13.924050632911392,72.57383966244726,7.172995780590717,65.40084388185655
E00065865,472,71,21,50,401,47,354,15.04237288135593,4.4491525423728815,10.59322033898305,84.95762711864407,9.957627118644067,75
E00065866,473,58,18,40,415,49,366,12.26215644820296,3.8054968287526427,8.456659619450317,87.73784355179704,10.359408033826638,77.3784355179704
E00065867,278,55,19,36,223,18,205,19.784172661870503,6.83453237410072,12.949640287769784,80.2158273381295,6.474820143884892,73.7410071942446
E00065868,485,46,9,37,439,44,395,9.484536082474227,1.8556701030927836,7.628865979381444,90.51546391752578,9.072164948453608,81.44329896907216
E00065869,519,101,49,52,418,52,366,19.460500963391137,9.441233140655106,10.01926782273603,80.53949903660886,10.01926782273603,70.52023121387283
E00065870,329,57,17,40,272,25,247,17.325227963525837,5.167173252279635,12.158054711246201,82.67477203647417,7.598784194528875,75.07598784194529
E00065871,393,72,30,42,321,29,292,18.3206106870229,7.633587786259542,10.687022900763358,81.67938931297711,7.37913486005089,74.30025445292621
E00065872,310,52,19,33,258,27,231,16.7741935483871,6.129032258064516,10.64516129032258,83.22580645161291,8.709677419354838,74.51612903225806
E00065873,249,52,24,28,197,28,169,20.883534136546185,9.63855421686747,11.244979919678714,79.11646586345381,11.244979919678714,67.8714859437751
E00065874,278,47,21,26,231,20,211,16.906474820143885,7.553956834532374,9.352517985611511,83.09352517985612,7.1942446043165464,75.89928057553958
E00065875,363,56,21,35,307,41,266,15.426997245179063,5.785123966942149,9.641873278236915,84.57300275482093,11.294765840220386,73.27823691460054
E00065876,239,39,14,25,200,19,181,16.317991631799163,5.857740585774058,10.460251046025103,83.68200836820083,7.949790794979079,75.73221757322176
E00065877,303,48,17,31,255,31,224,15.841584158415841,5.6105610561056105,10.231023102310232,84.15841584158416,10.231023102310232,73.92739273927393
E00065878,391,66,13,53,325,34,291,16.879795396419436,3.324808184143223,13.554987212276215,83.12020460358056,8.695652173913043,74.42455242966753
E00065879,278,50,21,29,228,20,208,17.985611510791365,7.553956834532374,10.431654676258994,82.01438848920863,7.1942446043165464,74.82014388489209
E00065880,251,67,22,45,184,22,162,26.693227091633464,8.764940239043826,17.928286852589643,73.30677290836654,8.764940239043826,64.5418326693227
E00065881,222,43,17,26,179,25,154,19.36936936936937,7.657657657657657,11.711711711711711,80.63063063063063,11.26126126126126,69.36936936936937
E00065882,390,67,28,39,323,40,283,17.17948717948718,7.179487179487179,10,82.82051282051283,10.256410256410255,72.564102564102555
E00065883,444,67,17,50,377,28,349,15.090090090090092,3.8288288288288284,11.26126126126126,84.90990990990991,6.306306306306306,78.6036036036036
E00065884,297,60,22,38,237,30,207,20.2020202020202,7.4074074074074066,12.794612794612794,79.7979797979798,10.1010101010101,69.6969696969697
E00065885,423,63,18,45,360,34,326,14.893617021276595,4.25531914893617,10.638297872340425,85.1063829787234,8.037825059101655,77.06855791962175
E00065886,222,47,15,32,175,15,160,21.17117117117117,6.756756756756757,14.414414414414415,78.82882882882883,6.756756756756757,72.07207207207207
E00065888,385,46,10,36,339,25,314,11.948051948051948,2.5974025974025974,9.35064935064935,88.05194805194805,6.493506493506493,81.55844155844156
E00065889,244,38,13,25,206,20,186,15.573770491803279,5.327868852459016,10.245901639344263,84.42622950819673,8.19672131147541,76.22950819672131
E00065890,319,40,14,26,279,22,257,12.539184952978054,4.38871473354232,8.150470219435736,87.46081504702194,6.896551724137931,80.56426332288402
E00065891,329,38,10,28,291,33,258,11.55015197568389,3.0395136778115504,8.51063829787234,88.44984802431611,10.030395136778116,78.419452887538
E00065892,377,64,18,46,313,33,280,16.976127320954905,4.774535809018567,12.20159151193634,83.0238726790451,8.753315649867375,74.27055702917772
E00065893,306,38,8,30,268,34,234,12.418300653594772,2.6143790849673203,9.803921568627452,87.58169934640523,11.11111111111111,76.47058823529412
E00065895,490,198,154,44,292,36,256,40.40816326530612,31.428571428571427,8.979591836734693,59.591836734693885,7.346938775510205,52.244897959183675
E00065896,262,45,8,37,217,26,191,17.17557251908397,3.0534351145038165,14.122137404580155,82.82442748091603,9.923664122137405,72.90076335877863
E00065897,322,43,15,28,279,32,247,13.354037267080745,4.658385093167702,8.695652173913043,86.64596273291926,9.937888198757763,76.70807453416148
E00065898,277,87,30,57,190,29,161,31.40794223826715,10.830324909747292,20.577617328519857,68.59205776173285,10.469314079422382,58.12274368231047
E00065899,291,49,17,32,242,27,215,16.83848797250859,5.841924398625429,10.996563573883162,83.16151202749141,9.278350515463918,73.8831615120275
E00065900,318,47,18,29,271,32,239,14.779874213836477,5.660377358490567,9.119496855345911,85.22012578616352,10.062893081761008,75.15723270440252
E00065901,285,45,16,29,240,30,210,15.789473684210526,5.614035087719298,10.175438596491228,84.21052631578947,10.526315789473683,73.68421052631578
E00065902,395,52,23,29,343,36,307,13.164556962025317,5.822784810126582,7.341772151898734,86.83544303797468,9.113924050632912,77.72151898734178
E00065903,321,39,17,22,282,33,249,12.149532710280374,5.29595015576324,6.853582554517133,87.85046728971963,10.2803738317757,77.57009345794393
E00065904,314,50,14,36,264,20,244,15.92356687898089,4.45859872611465,11.464968152866243,84.07643312101911,6.369426751592357,77.70700636942675
E00065905,341,55,17,38,286,35,251,16.129032258064516,4.9853372434017595,11.143695014662756,83.87096774193549,10.263929618768328,73.60703812316716
E00065906,314,64,18,46,250,20,230,20.382165605095544,5.7324840764331215,14.64968152866242,79.61783439490446,6.369426751592357,73.24840764331209
E00065907,332,30,12,18,302,26,276,9.036144578313253,3.614457831325301,5.421686746987952,90.96385542168674,7.83132530120482,83.13253012048193
E00065908,261,61,25,36,200,30,170,23.371647509578544,9.578544061302683,13.793103448275861,76.62835249042146,11.494252873563218,65.13409961685824
E00065910,326,40,21,19,286,31,255,12.269938650306749,6.441717791411043,5.828220858895705,87.73006134969326,9.509202453987731,78.22085889570552
E00065911,231,36,9,27,195,26,169,15.584415584415584,3.896103896103896,11.688311688311687,84.4155844155844,11.255411255411255,73.16017316017316
E00065912,274,26,7,19,248,37,211,9.48905109489051,2.5547445255474455,6.934306569343065,90.51094890510949,13.503649635036496,77.00729927007299
E00065913,391,51,16,35,340,37,303,13.043478260869565,4.092071611253197,8.951406649616368,86.95652173913044,9.462915601023019,77.49360613810742
E00065914,189,52,27,25,137,17,120,27.513227513227513,14.285714285714285,13.227513227513226,72.4867724867725,8.994708994708994,63.49206349206349
E00065916,326,60,31,29,266,36,230,18.404907975460123,9.509202453987731,8.895705521472392,81.59509202453987,11.042944785276074,70.5521472392638
E00065917,296,40,12,28,256,26,230,13.513513513513514,4.054054054054054,9.45945945945946,86.48648648648648,8.783783783783784,77.7027027027027
E00065918,282,54,17,37,228,30,198,19.148936170212767,6.028368794326241,13.120567375886525,80.85106382978722,10.638297872340425,70.2127659574468
E00065919,275,60,23,37,215,27,188,21.818181818181817,8.363636363636363,13.454545454545455,78.18181818181819,9.818181818181818,68.36363636363636
E00065920,275,30,10,20,245,27,218,10.909090909090908,3.6363636363636362,7.2727272727272725,89.0909090909091,9.818181818181818,79.27272727272727
E00065921,360,65,21,44,295,36,259,18.055555555555554,5.833333333333333,12.222222222222221,81.94444444444444,10,71.94444444444444
E00065922,354,101,64,37,253,24,229,28.53107344632768,18.07909604519774,10.451977401129943,71.46892655367232,6.779661016949152,64.68926553672316
E00065923,348,25,0,25,323,26,297,7.183908045977011,0,7.183908045977011,92.81609195402298,7.471264367816093,85.34482758620689
E00065924,333,41,9,32,292,28,264,12.312312312312311,2.7027027027027026,9.60960960960961,87.68768768768768,8.408408408408409,79.27927927927928
E00065925,322,51,16,35,271,25,246,15.838509316770185,4.968944099378882,10.869565217391305,84.16149068322981,7.763975155279502,76.3975155279503
E00065926,391,33,7,26,358,31,327,8.439897698209718,1.7902813299232736,6.649616368286446,91.56010230179028,7.928388746803069,83.63171355498721
E00065927,268,46,14,32,222,22,200,17.16417910447761,5.223880597014925,11.940298507462686,82.83582089552239,8.208955223880597,74.6268656716418
E00065928,465,55,13,42,410,46,364,11.827956989247312,2.795698924731183,9.032258064516128,88.17204301075269,9.89247311827957,78.27956989247312
E00065929,269,41,16,25,228,22,206,15.241635687732341,5.947955390334572,9.293680297397769,84.75836431226766,8.178438661710038,76.57992565055763
E00065930,325,89,54,35,236,23,213,27.384615384615387,16.615384615384617,10.76923076923077,72.61538461538461,7.076923076923077,65.53846153846153
E00065931,248,60,23,37,188,32,156,24.193548387096776,9.274193548387096,14.919354838709678,75.80645161290323,12.903225806451612,62.903225806451616
E00065932,264,25,7,18,239,21,218,9.469696969696969,2.6515151515151514,6.8181818181818175,90.53030303030303,7.954545454545454,82.57575757575758
E00065933,227,82,37,45,145,19,126,36.12334801762114,16.299559471365637,19.823788546255507,63.87665198237885,8.370044052863436,55.50660792951542
E00065934,284,40,14,26,244,26,218,14.084507042253522,4.929577464788732,9.15492957746479,85.91549295774648,9.15492957746479,76.76056338028168
E00065935,360,78,44,34,282,25,257,21.666666666666668,12.222222222222221,9.444444444444445,78.33333333333333,6.944444444444445,71.38888888888889
E00065936,307,34,9,25,273,36,237,11.074918566775244,2.9315960912052117,8.143322475570033,88.92508143322475,11.726384364820847,77.19869706840392
E00065937,195,68,33,35,127,13,114,34.87179487179487,16.923076923076923,17.94871794871795,65.12820512820512,6.666666666666667,58.46153846153847
E00065938,295,51,13,38,244,25,219,17.28813559322034,4.406779661016949,12.88135593220339,82.71186440677965,8.47457627118644,74.23728813559322
E00065939,236,49,17,32,187,19,168,20.76271186440678,7.203389830508475,13.559322033898304,79.23728813559322,8.050847457627118,71.1864406779661
E00065940,247,41,14,27,206,12,194,16.599190283400812,5.668016194331984,10.931174089068826,83.40080971659918,4.8582995951417,78.54251012145748
E00065941,252,59,31,28,193,30,163,23.41269841269841,12.3015873015873,11.11111111111111,76.5873015873016,11.904761904761903,64.68253968253968
E00065942,277,38,9,29,239,27,212,13.718411552346572,3.2490974729241873,10.469314079422382,86.28158844765343,9.747292418772563,76.53429602888086
E00065943,276,51,18,33,225,30,195,18.478260869565215,6.521739130434782,11.956521739130435,81.52173913043478,10.869565217391305,70.65217391304348
E00065944,288,54,15,39,234,18,216,18.75,5.208333333333334,13.541666666666666,81.25,6.25,75
E00065945,268,44,14,30,224,26,198,16.417910447761194,5.223880597014925,11.194029850746269,83.5820895522388,9.701492537313433,73.88059701492537
E00065946,271,47,12,35,224,27,197,17.343173431734318,4.428044280442804,12.915129151291513,82.65682656826569,9.96309963099631,72.69372693726937
E00065947,238,38,10,28,200,20,180,15.966386554621847,4.201680672268908,11.76470588235294,84.03361344537815,8.403361344537815,75.63025210084034
E00065948,218,46,14,32,172,16,156,21.100917431192663,6.422018348623854,14.678899082568808,78.89908256880734,7.339449541284404,71.55963302752293
E00065949,262,52,21,31,210,19,191,19.84732824427481,8.015267175572518,11.83206106870229,80.1526717557252,7.251908396946565,72.90076335877863
E00065950,259,39,12,27,220,18,202,15.057915057915059,4.633204633204633,10.424710424710424,84.94208494208493,6.94980694980695,77.99227799227799
E00065951,285,45,16,29,240,18,222,15.789473684210526,5.614035087719298,10.175438596491228,84.21052631578947,6.315789473684211,77.89473684210526
E00065952,233,46,23,23,187,13,174,19.742489270386265,9.871244635193133,9.871244635193133,80.25751072961373,5.579399141630901,74.67811158798283
E00065953,288,54,20,34,234,28,206,18.75,6.944444444444445,11.805555555555555,81.25,9.722222222222223,71.52777777777779
E00065954,229,39,15,24,190,22,168,17.03056768558952,6.550218340611353,10.480349344978166,82.96943231441048,9.606986899563319,73.36244541484717
E00065955,282,61,22,39,221,19,202,21.631205673758867,7.801418439716312,13.829787234042554,78.36879432624113,6.73758865248227,71.63120567375887
E00065956,310,59,18,41,251,22,229,19.032258064516128,5.806451612903226,13.225806451612904,80.96774193548387,7.096774193548387,73.87096774193549
E00065957,240,50,17,33,190,16,174,20.833333333333336,7.083333333333333,13.750000000000002,79.16666666666666,6.666666666666667,72.5
E00065958,409,54,19,35,355,49,306,13.202933985330073,4.645476772616137,8.557457212713937,86.79706601466992,11.98044009779951,74.81662591687042
E00065959,176,75,42,33,101,11,90,42.61363636363637,23.863636363636363,18.75,57.38636363636363,6.25,51.13636363636363
E00065960,257,67,33,34,190,15,175,26.07003891050584,12.840466926070038,13.229571984435799,73.92996108949417,5.836575875486381,68.09338521400778
E00065961,249,40,7,33,209,20,189,16.06425702811245,2.8112449799196786,13.253012048192772,83.93574297188755,8.032128514056225,75.90361445783132
E00065962,251,60,32,28,191,22,169,23.904382470119522,12.749003984063744,11.155378486055776,76.09561752988047,8.764940239043826,67.33067729083665
E00065963,227,40,15,25,187,14,173,17.62114537444934,6.607929515418502,11.013215859030836,82.37885462555066,6.167400881057269,76.2114537444934
E00065964,340,52,14,38,288,33,255,15.294117647058824,4.117647058823529,11.176470588235295,84.70588235294117,9.705882352941178,75
E00065965,369,77,27,50,292,35,257,20.867208672086722,7.317073170731707,13.550135501355012,79.13279132791328,9.48509485094851,69.64769647696477
E00065966,131,19,5,14,112,11,101,14.50381679389313,3.816793893129771,10.687022900763358,85.49618320610686,8.396946564885496,77.09923664122137
E00065967,214,39,12,27,175,11,164,18.22429906542056,5.607476635514018,12.616822429906541,81.77570093457945,5.14018691588785,76.63551401869158
E00065968,282,52,24,28,230,18,212,18.439716312056735,8.51063829787234,9.929078014184398,81.56028368794325,6.382978723404255,75.177304964539
E00065969,474,101,51,50,373,36,337,21.308016877637133,10.759493670886076,10.548523206751055,78.69198312236287,7.59493670886076,71.09704641350211
E00065970,414,55,15,40,359,33,326,13.285024154589372,3.6231884057971016,9.66183574879227,86.71497584541062,7.971014492753622,78.74396135265701
E00065971,365,62,19,43,303,25,278,16.986301369863014,5.205479452054795,11.78082191780822,83.01369863013699,6.8493150684931505,76.16438356164383
E00065972,284,45,19,26,239,25,214,15.845070422535212,6.690140845070422,9.15492957746479,84.15492957746478,8.80281690140845,75.35211267605634
E00065973,327,75,39,36,252,26,226,22.93577981651376,11.926605504587156,11.009174311926607,77.06422018348624,7.951070336391437,69.1131498470948
E00065974,274,57,31,26,217,18,199,20.802919708029197,11.313868613138686,9.48905109489051,79.1970802919708,6.569343065693431,72.62773722627736
E00065975,251,36,13,23,215,17,198,14.342629482071715,5.179282868525896,9.163346613545817,85.65737051792829,6.772908366533864,78.88446215139442
E00065976,322,69,30,39,253,24,229,21.428571428571427,9.316770186335404,12.111801242236025,78.57142857142857,7.453416149068323,71.11801242236024
E00065977,344,81,34,47,263,17,246,23.546511627906977,9.883720930232558,13.662790697674417,76.45348837209302,4.941860465116279,71.51162790697676
E00065978,378,64,15,49,314,21,293,16.93121693121693,3.968253968253968,12.962962962962962,83.06878306878306,5.555555555555555,77.5132275132275
E00065980,313,57,20,37,256,15,241,18.210862619808307,6.3897763578274756,11.821086261980831,81.78913738019169,4.792332268370607,76.99680511182109
E00065981,227,33,12,21,194,24,170,14.537444933920703,5.286343612334802,9.251101321585903,85.46255506607929,10.572687224669604,74.8898678414097
E00065983,327,93,55,38,234,33,201,28.440366972477065,16.819571865443425,11.62079510703364,71.55963302752293,10.091743119266056,61.46788990825688
E00065984,301,60,18,42,241,21,220,19.93355481727575,5.980066445182724,13.953488372093023,80.06644518272425,6.976744186046512,73.08970099667775
E00065985,314,74,31,43,240,23,217,23.56687898089172,9.872611464968154,13.694267515923567,76.43312101910828,7.32484076433121,69.10828025477707
E00065986,273,42,13,29,231,23,208,15.384615384615385,4.761904761904762,10.622710622710622,84.61538461538461,8.424908424908425,76.19047619047619
E00065987,229,37,21,16,192,17,175,16.157205240174672,9.170305676855897,6.986899563318777,83.84279475982532,7.423580786026202,76.41921397379913
E00065988,345,83,45,38,262,28,234,24.057971014492754,13.043478260869565,11.014492753623188,75.94202898550725,8.115942028985506,67.82608695652173
E00065989,257,43,17,26,214,19,195,16.731517509727624,6.614785992217899,10.116731517509727,83.26848249027238,7.392996108949417,75.87548638132296
E00065990,176,30,12,18,146,12,134,17.045454545454543,6.8181818181818175,10.227272727272728,82.95454545454545,6.8181818181818175,76.13636363636364
E00065991,370,69,29,40,301,31,270,18.64864864864865,7.837837837837839,10.81081081081081,81.35135135135135,8.378378378378379,72.97297297297297
E00065992,366,81,41,40,285,26,259,22.131147540983605,11.202185792349727,10.92896174863388,77.8688524590164,7.103825136612022,70.76502732240438
E00065993,307,47,21,26,260,26,234,15.309446254071663,6.840390879478828,8.469055374592834,84.69055374592834,8.469055374592834,76.2214983713355
E00065994,236,58,25,33,178,21,157,24.576271186440678,10.59322033898305,13.983050847457626,75.42372881355932,8.898305084745763,66.52542372881356
E00065995,343,93,46,47,250,30,220,27.113702623906704,13.411078717201166,13.702623906705538,72.8862973760933,8.746355685131196,64.1399416909621
E00065996,176,42,25,17,134,9,125,23.863636363636363,14.204545454545455,9.659090909090908,76.13636363636364,5.113636363636364,71.02272727272727
E00065997,236,40,15,25,196,28,168,16.94915254237288,6.3559322033898304,10.59322033898305,83.05084745762711,11.864406779661017,71.1864406779661
E00065998,318,71,20,51,247,22,225,22.32704402515723,6.289308176100629,16.037735849056602,77.67295597484278,6.918238993710692,70.75471698113208
E00065999,394,63,18,45,331,33,298,15.989847715736042,4.568527918781726,11.421319796954315,84.01015228426397,8.375634517766498,75.63451776649747
E00066000,345,48,19,29,297,30,267,13.91304347826087,5.507246376811594,8.405797101449275,86.08695652173914,8.695652173913043,77.39130434782608
E00066001,360,85,37,48,275,23,252,23.61111111111111,10.277777777777777,13.333333333333334,76.38888888888889,6.388888888888888,70
E00066002,270,64,23,41,206,23,183,23.703703703703706,8.518518518518519,15.185185185185185,76.29629629629629,8.518518518518519,67.77777777777779
E00066003,327,56,28,28,271,21,250,17.12538226299694,8.56269113149847,8.56269113149847,82.87461773700305,6.422018348623854,76.45259938837921
E00066004,362,78,25,53,284,26,258,21.54696132596685,6.906077348066299,14.64088397790055,78.45303867403315,7.18232044198895,71.27071823204419
E00066005,281,79,45,34,202,15,187,28.11387900355872,16.014234875444842,12.099644128113878,71.88612099644128,5.338078291814947,66.54804270462633
E00066006,349,61,28,33,288,29,259,17.478510028653297,8.022922636103152,9.455587392550143,82.52148997134671,8.30945558739255,74.21203438395415
E00066007,305,62,25,37,243,21,222,20.327868852459016,8.19672131147541,12.131147540983607,79.67213114754098,6.885245901639345,72.78688524590164
E00066008,316,58,21,37,258,19,239,18.354430379746837,6.6455696202531636,11.708860759493671,81.64556962025317,6.012658227848101,75.63291139240506
E00066009,232,25,8,17,207,12,195,10.775862068965516,3.4482758620689653,7.327586206896551,89.22413793103449,5.172413793103448,84.05172413793103
E00066010,227,83,48,35,144,12,132,36.56387665198238,21.145374449339208,15.418502202643172,63.436123348017624,5.286343612334802,58.14977973568281
E00066011,277,69,34,35,208,21,187,24.90974729241877,12.274368231046932,12.63537906137184,75.09025270758123,7.581227436823104,67.50902527075813
E00066012,337,52,18,34,285,22,263,15.43026706231454,5.341246290801187,10.089020771513352,84.56973293768546,6.528189910979229,78.04154302670622
E00066013,308,60,37,23,248,27,221,19.480519480519483,12.012987012987013,7.467532467532467,80.51948051948052,8.766233766233766,71.75324675324676
E00066014,191,34,13,21,157,13,144,17.801047120418847,6.806282722513089,10.99476439790576,82.19895287958116,6.806282722513089,75.39267015706807
E00066015,217,52,23,29,165,16,149,23.963133640552993,10.599078341013826,13.36405529953917,76.036866359447,7.373271889400922,68.66359447004609
E00066016,279,42,7,35,237,31,206,15.053763440860216,2.5089605734767026,12.544802867383511,84.94623655913979,11.11111111111111,73.83512544802868
E00066017,384,85,28,57,299,31,268,22.135416666666664,7.291666666666667,14.84375,77.86458333333334,8.072916666666668,69.79166666666666
E00066018,326,44,12,32,282,37,245,13.496932515337424,3.6809815950920246,9.815950920245399,86.50306748466258,11.349693251533742,75.15337423312883
E00066019,147,19,9,10,128,12,116,12.925170068027212,6.122448979591836,6.802721088435375,87.07482993197279,8.16326530612245,78.91156462585033
E00066020,221,48,21,27,173,13,160,21.71945701357466,9.502262443438914,12.217194570135746,78.28054298642535,5.88235294117647,72.39819004524887
E00066021,291,56,26,30,235,20,215,19.243986254295535,8.934707903780069,10.309278350515463,80.75601374570446,6.872852233676976,73.8831615120275
E00066022,521,125,53,72,396,33,363,23.99232245681382,10.17274472168906,13.81957773512476,76.00767754318618,6.333973128598848,69.67370441458733
E00066023,267,64,28,36,203,18,185,23.970037453183522,10.486891385767791,13.48314606741573,76.02996254681648,6.741573033707865,69.28838951310861
E00066024,306,134,84,50,172,15,157,43.790849673202615,27.450980392156865,16.33986928104575,56.209150326797385,4.901960784313726,51.307189542483655
E00066025,311,94,43,51,217,12,205,30.22508038585209,13.826366559485532,16.39871382636656,69.77491961414792,3.858520900321544,65.91639871382637
E00066026,236,85,57,28,151,12,139,36.016949152542374,24.152542372881356,11.864406779661017,63.983050847457626,5.084745762711865,58.89830508474576
E00066027,300,74,38,36,226,16,210,24.666666666666668,12.666666666666668,12,75.33333333333333,5.333333333333334,70
E00066028,309,68,36,32,241,21,220,22.006472491909385,11.650485436893204,10.355987055016183,77.99352750809061,6.796116504854369,71.19741100323624
E00066029,290,85,40,45,205,16,189,29.310344827586203,13.793103448275861,15.517241379310345,70.6896551724138,5.517241379310345,65.17241379310344
E00066030,248,69,33,36,179,18,161,27.82258064516129,13.306451612903224,14.516129032258066,72.17741935483872,7.258064516129033,64.91935483870968
E00066031,371,73,32,41,298,28,270,19.67654986522911,8.62533692722372,11.05121293800539,80.3234501347709,7.547169811320755,72.77628032345014
E00066032,265,66,35,31,199,18,181,24.90566037735849,13.20754716981132,11.69811320754717,75.09433962264151,6.7924528301886795,68.30188679245282
E00066033,289,72,35,37,217,12,205,24.91349480968858,12.110726643598616,12.802768166089965,75.08650519031141,4.1522491349480966,70.93425605536332
E00066034,270,79,34,45,191,11,180,29.259259259259256,12.592592592592592,16.666666666666664,70.74074074074073,4.074074074074074,66.66666666666666
E00066035,357,132,79,53,225,13,212,36.97478991596639,22.128851540616246,14.84593837535014,63.02521008403361,3.6414565826330536,59.38375350140056
E00066036,193,84,41,43,109,8,101,43.523316062176164,21.243523316062177,22.279792746113987,56.476683937823836,4.145077720207254,52.331606217616574
E00066037,264,90,38,52,174,20,154,34.090909090909086,14.393939393939394,19.696969696969695,65.9090909090909,7.575757575757576,58.333333333333336
E00066038,219,64,43,21,155,16,139,29.22374429223744,19.63470319634703,9.58904109589041,70.77625570776256,7.30593607305936,63.4703196347032
E00066039,235,61,28,33,174,24,150,25.957446808510635,11.914893617021278,14.042553191489363,74.04255319148936,10.212765957446807,63.829787234042556
E00066040,283,72,33,39,211,23,188,25.4416961130742,11.66077738515901,13.780918727915195,74.55830388692578,8.12720848056537,66.43109540636041
E00066041,293,90,37,53,203,28,175,30.716723549488055,12.627986348122866,18.088737201365188,69.28327645051195,9.556313993174061,59.72696245733788
E00066042,205,58,27,31,147,9,138,28.292682926829265,13.170731707317074,15.121951219512194,71.70731707317073,4.390243902439024,67.31707317073172
E00066043,372,67,38,29,305,32,273,18.010752688172044,10.21505376344086,7.795698924731183,81.98924731182797,8.60215053763441,73.38709677419355
E00066044,323,46,11,35,277,26,251,14.241486068111456,3.4055727554179565,10.8359133126935,85.75851393188854,8.04953560371517,77.70897832817337
E00066045,376,73,32,41,303,24,279,19.414893617021274,8.51063829787234,10.904255319148938,80.58510638297872,6.382978723404255,74.20212765957447
E00066046,286,40,14,26,246,26,220,13.986013986013987,4.895104895104895,9.090909090909092,86.01398601398601,9.090909090909092,76.92307692307693
E00066047,295,36,8,28,259,18,241,12.203389830508476,2.711864406779661,9.491525423728813,87.79661016949153,6.101694915254238,81.69491525423729
E00066048,272,40,17,23,232,21,211,14.705882352941178,6.25,8.455882352941178,85.29411764705883,7.720588235294118,77.57352941176471
E00066049,367,51,20,31,316,35,281,13.896457765667575,5.449591280653951,8.446866485013624,86.10354223433242,9.536784741144414,76.566757493188
E00066050,265,43,15,28,222,23,199,16.22641509433962,5.660377358490567,10.566037735849058,83.77358490566039,8.679245283018867,75.09433962264151
E00066051,339,48,16,32,291,20,271,14.15929203539823,4.71976401179941,9.43952802359882,85.84070796460178,5.899705014749262,79.9410029498525
E00066052,365,36,3,33,329,30,299,9.863013698630137,0.821917808219178,9.04109589041096,90.13698630136986,8.21917808219178,81.91780821917808
E00066053,367,44,15,29,323,30,293,11.989100817438691,4.087193460490464,7.901907356948229,88.0108991825613,8.174386920980927,79.83651226158038
E00066054,344,44,9,35,300,35,265,12.790697674418606,2.616279069767442,10.174418604651162,87.20930232558139,10.174418604651162,77.03488372093024
E00066055,367,35,16,19,332,19,313,9.536784741144414,4.35967302452316,5.177111716621254,90.46321525885558,5.177111716621254,85.28610354223434
E00066056,276,48,18,30,228,23,205,17.391304347826086,6.521739130434782,10.869565217391305,82.6086956521739,8.333333333333332,74.27536231884058
E00066057,293,47,21,26,246,34,212,16.040955631399317,7.167235494880546,8.873720136518772,83.95904436860067,11.604095563139932,72.35494880546075
E00066058,283,34,12,22,249,25,224,12.014134275618375,4.240282685512367,7.773851590106007,87.98586572438163,8.8339222614841,79.15194346289752
E00066059,330,44,13,31,286,30,256,13.333333333333334,3.939393939393939,9.393939393939393,86.66666666666667,9.090909090909092,77.57575757575758
E00066060,336,52,18,34,284,27,257,15.476190476190476,5.357142857142857,10.119047619047619,84.52380952380952,8.035714285714286,76.48809523809523
E00066061,460,45,16,29,415,38,377,9.782608695652174,3.4782608695652173,6.304347826086956,90.21739130434783,8.26086956521739,81.95652173913044
E00066062,371,32,7,25,339,36,303,8.62533692722372,1.8867924528301887,6.738544474393531,91.37466307277629,9.703504043126685,81.6711590296496
E00066063,262,47,22,25,215,26,189,17.938931297709924,8.396946564885496,9.541984732824428,82.06106870229007,9.923664122137405,72.13740458015268
E00066064,322,46,22,24,276,21,255,14.285714285714285,6.832298136645963,7.453416149068323,85.71428571428571,6.521739130434782,79.19254658385093
E00066065,280,59,34,25,221,20,201,21.071428571428573,12.142857142857142,8.928571428571429,78.92857142857143,7.142857142857142,71.78571428571429
E00066066,383,60,23,37,323,41,282,15.66579634464752,6.005221932114883,9.660574412532636,84.33420365535248,10.704960835509137,73.62924281984334
E00066067,211,34,7,27,177,20,157,16.113744075829384,3.3175355450236967,12.796208530805686,83.88625592417061,9.47867298578199,74.40758293838863
E00066068,246,43,18,25,203,23,180,17.479674796747968,7.317073170731707,10.16260162601626,82.52032520325203,9.34959349593496,73.17073170731707
E00066071,153,19,11,8,134,10,124,12.418300653594772,7.18954248366013,5.228758169934641,87.58169934640523,6.535947712418301,81.04575163398692
E00066072,302,36,14,22,266,32,234,11.920529801324504,4.635761589403973,7.28476821192053,88.0794701986755,10.596026490066226,77.48344370860927
E00066073,286,43,24,19,243,20,223,15.034965034965033,8.391608391608392,6.643356643356643,84.96503496503497,6.993006993006993,77.97202797202797
E00066074,265,90,47,43,175,17,158,33.9622641509434,17.735849056603772,16.22641509433962,66.0377358490566,6.415094339622642,59.62264150943396
E00066075,263,52,11,41,211,26,185,19.771863117870723,4.182509505703422,15.5893536121673,80.22813688212928,9.885931558935361,70.34220532319392
E00066076,255,58,19,39,197,28,169,22.745098039215687,7.450980392156863,15.294117647058824,77.25490196078432,10.980392156862745,66.27450980392156
E00066077,241,65,25,40,176,25,151,26.970954356846473,10.37344398340249,16.59751037344398,73.02904564315352,10.37344398340249,62.655601659751035
E00066078,332,53,19,34,279,21,258,15.963855421686745,5.72289156626506,10.240963855421686,84.03614457831326,6.325301204819277,77.71084337349397
E00066080,353,105,70,35,248,27,221,29.745042492917843,19.8300283286119,9.91501416430595,70.25495750708215,7.64872521246459,62.606232294617556
E00066081,256,36,14,22,220,23,197,14.0625,5.46875,8.59375,85.9375,8.984375,76.953125
E00066082,234,42,15,27,192,26,166,17.94871794871795,6.41025641025641,11.538461538461538,82.05128205128204,11.11111111111111,70.94017094017094
E00066083,321,47,16,31,274,29,245,14.641744548286603,4.984423676012461,9.657320872274143,85.35825545171339,9.034267912772584,76.32398753894081
E00066084,304,71,31,40,233,20,213,23.355263157894736,10.197368421052632,13.157894736842104,76.64473684210526,6.578947368421052,70.06578947368422
E00066085,381,132,77,55,249,25,224,34.645669291338585,20.209973753280842,14.435695538057743,65.35433070866141,6.561679790026247,58.79265091863517
E00066086,270,54,20,34,216,22,194,20,7.4074074074074066,12.592592592592592,80,8.148148148148149,71.85185185185186
E00066087,271,56,21,35,215,31,184,20.66420664206642,7.7490774907749085,12.915129151291513,79.33579335793358,11.439114391143912,67.89667896678966
E00066088,314,103,62,41,211,19,192,32.802547770700635,19.745222929936308,13.05732484076433,67.19745222929936,6.050955414012739,61.146496815286625
E00066089,266,67,31,36,199,19,180,25.18796992481203,11.654135338345863,13.533834586466165,74.81203007518798,7.142857142857142,67.66917293233082
E00066090,423,122,58,64,301,32,269,28.841607565011824,13.711583924349883,15.130023640661939,71.15839243498819,7.5650118203309695,63.593380614657214
E00066091,261,53,21,32,208,18,190,20.306513409961685,8.045977011494253,12.260536398467432,79.6934865900383,6.896551724137931,72.79693486590038
E00066092,213,37,15,22,176,19,157,17.370892018779344,7.042253521126761,10.328638497652582,82.62910798122066,8.92018779342723,73.70892018779342
E00066093,267,43,17,26,224,18,206,16.10486891385768,6.367041198501873,9.737827715355806,83.89513108614233,6.741573033707865,77.15355805243446
E00066094,247,52,33,19,195,18,177,21.052631578947366,13.360323886639677,7.6923076923076925,78.94736842105263,7.28744939271255,71.65991902834008
E00066095,244,44,18,26,200,21,179,18.0327868852459,7.377049180327869,10.655737704918032,81.9672131147541,8.60655737704918,73.36065573770492
E00066096,255,46,14,32,209,22,187,18.03921568627451,5.490196078431373,12.549019607843137,81.96078431372548,8.627450980392156,73.33333333333333
E00066097,290,63,24,39,227,25,202,21.72413793103448,8.275862068965518,13.448275862068964,78.27586206896552,8.620689655172415,69.6551724137931
E00066098,446,81,32,49,365,35,330,18.161434977578477,7.174887892376682,10.986547085201794,81.83856502242153,7.847533632286996,73.99103139013454
E00066099,384,53,24,29,331,33,298,13.802083333333334,6.25,7.552083333333333,86.19791666666666,8.59375,77.60416666666666
E00066100,412,60,24,36,352,22,330,14.563106796116504,5.825242718446602,8.737864077669903,85.43689320388349,5.339805825242718,80.09708737864078
E00066101,284,77,35,42,207,17,190,27.11267605633803,12.323943661971832,14.788732394366196,72.88732394366197,5.985915492957746,66.90140845070422
E00066102,335,58,22,36,277,23,254,17.313432835820898,6.567164179104477,10.746268656716417,82.68656716417911,6.865671641791045,75.82089552238806
E00066103,400,55,23,32,345,30,315,13.750000000000002,5.75,8,86.25,7.5,78.75
E00066104,242,44,17,27,198,27,171,18.181818181818183,7.024793388429752,11.15702479338843,81.81818181818183,11.15702479338843,70.66115702479338
E00066105,334,105,55,50,229,16,213,31.437125748502993,16.46706586826347,14.97005988023952,68.562874251497007,4.790419161676647,63.772455089820355
E00066106,241,49,22,27,192,18,174,20.33195020746888,9.12863070539419,11.20331950207469,79.66804979253112,7.468879668049793,72.19917012448133
E00066107,333,52,24,28,281,23,258,15.615615615615615,7.207207207207207,8.408408408408409,84.38438438438438,6.906906906906906,77.47747747747748
E00066108,310,50,24,26,260,17,243,16.129032258064516,7.741935483870968,8.38709677419355,83.87096774193549,5.483870967741936,78.38709677419354
E00066109,302,55,25,30,247,20,227,18.211920529801322,8.27814569536424,9.933774834437086,81.78807947019867,6.622516556291391,75.16556291390728
E00066110,432,86,45,41,346,30,316,19.90740740740741,10.416666666666668,9.49074074074074,80.0925925925926,6.944444444444445,73.14814814814815
E00066111,307,64,30,34,243,15,228,20.846905537459286,9.77198697068404,11.074918566775244,79.15309446254072,4.88599348534202,74.2671009771987
E00066112,447,56,24,32,391,29,362,12.527964205816556,5.369127516778524,7.158836689038031,87.47203579418344,6.487695749440715,80.98434004474274
E00066113,275,44,13,31,231,22,209,16,4.7272727272727275,11.272727272727273,84,8,76
E00066114,275,56,22,34,219,23,196,20.363636363636363,8,12.363636363636363,79.63636363636364,8.363636363636363,71.27272727272728
E00066115,295,52,22,30,243,16,227,17.627118644067796,7.457627118644068,10.16949152542373,82.37288135593221,5.423728813559322,76.94915254237287
E00066116,275,40,14,26,235,19,216,14.545454545454545,5.090909090909091,9.454545454545455,85.45454545454545,6.909090909090909,78.54545454545455
E00066117,256,38,21,17,218,20,198,14.84375,8.203125,6.640625,85.15625,7.8125,77.34375
E00066118,216,68,29,39,148,15,133,31.48148148148148,13.425925925925927,18.055555555555554,68.51851851851852,6.944444444444445,61.57407407407407
E00066119,341,55,21,34,286,19,267,16.129032258064516,6.158357771260997,9.970674486803519,83.87096774193549,5.571847507331378,78.2991202346041
E00066121,306,65,30,35,241,19,222,21.241830065359476,9.803921568627452,11.437908496732026,78.75816993464052,6.209150326797386,72.54901960784314
E00066122,341,61,20,41,280,24,256,17.888563049853374,5.865102639296188,12.023460410557185,82.11143695014663,7.038123167155426,75.0733137829912
E00066123,233,43,18,25,190,17,173,18.4549356223176,7.725321888412018,10.72961373390558,81.54506437768241,7.296137339055794,74.2489270386266
E00066125,271,55,22,33,216,29,187,20.29520295202952,8.118081180811808,12.177121771217712,79.70479704797047,10.70110701107011,69.00369003690037
E00066126,227,34,17,17,193,14,179,14.977973568281937,7.488986784140969,7.488986784140969,85.02202643171806,6.167400881057269,78.8546255506608
E00066127,290,43,16,27,247,29,218,14.827586206896552,5.517241379310345,9.310344827586208,85.17241379310346,10,75.17241379310344
E00066128,277,43,21,22,234,15,219,15.523465703971121,7.581227436823104,7.9422382671480145,84.47653429602889,5.415162454873646,79.06137184115524
E00066129,272,66,26,40,206,18,188,24.264705882352942,9.558823529411764,14.705882352941178,75.73529411764706,6.61764705882353,69.11764705882352
E00066130,250,37,11,26,213,28,185,14.799999999999999,4.3999999999999995,10.4,85.2,11.200000000000001,74
E00066131,290,50,20,30,240,20,220,17.24137931034483,6.896551724137931,10.344827586206897,82.75862068965517,6.896551724137931,75.86206896551724
E00066132,249,49,25,24,200,25,175,19.67871485943775,10.040160642570282,9.63855421686747,80.32128514056225,10.040160642570282,70.28112449799197
E00066133,280,45,16,29,235,15,220,16.071428571428573,5.714285714285714,10.357142857142858,83.92857142857143,5.357142857142857,78.57142857142857
E00066134,302,57,19,38,245,12,233,18.874172185430464,6.291390728476822,12.582781456953644,81.12582781456953,3.9735099337748347,77.15231788079471
E00066135,274,36,18,18,238,23,215,13.138686131386862,6.569343065693431,6.569343065693431,86.86131386861314,8.394160583941606,78.46715328467153
E00066136,514,79,32,47,435,33,402,15.369649805447471,6.22568093385214,9.14396887159533,84.63035019455253,6.420233463035019,78.21011673151752
E00066137,307,34,15,19,273,24,249,11.074918566775244,4.88599348534202,6.188925081433225,88.92508143322475,7.81758957654723,81.10749185667753
E00066138,321,58,31,27,263,27,236,18.06853582554517,9.657320872274143,8.411214953271028,81.93146417445483,8.411214953271028,73.5202492211838
E00066139,176,54,27,27,122,15,107,30.681818181818183,15.340909090909092,15.340909090909092,69.31818181818183,8.522727272727272,60.79545454545454
E00066140,288,52,17,35,236,27,209,18.055555555555554,5.902777777777778,12.152777777777777,81.94444444444444,9.375,72.56944444444444
E00066141,145,33,15,18,112,11,101,22.758620689655174,10.344827586206897,12.413793103448276,77.24137931034483,7.586206896551724,69.6551724137931
E00066142,207,43,23,20,164,16,148,20.77294685990338,11.11111111111111,9.66183574879227,79.22705314009661,7.729468599033816,71.49758454106279
E00066143,339,52,22,30,287,25,262,15.339233038348082,6.489675516224189,8.849557522123893,84.66076696165192,7.374631268436578,77.28613569321534
E00066144,293,63,29,34,230,21,209,21.501706484641637,9.897610921501707,11.604095563139932,78.49829351535837,7.167235494880546,71.33105802047781
E00066145,248,43,18,25,205,18,187,17.338709677419356,7.258064516129033,10.080645161290322,82.66129032258065,7.258064516129033,75.40322580645162
E00066146,334,48,16,32,286,22,264,14.37125748502994,4.790419161676647,9.580838323353294,85.62874251497006,6.58682634730539,79.04191616766467
E00066147,318,52,19,33,266,28,238,16.352201257861633,5.9748427672955975,10.377358490566039,83.64779874213836,8.80503144654088,74.84276729559748
E00066148,289,36,11,25,253,21,232,12.45674740484429,3.8062283737024223,8.650519031141869,87.5432525951557,7.26643598615917,80.27681660899654
E00066149,326,26,14,12,300,30,270,7.975460122699387,4.294478527607362,3.6809815950920246,92.02453987730061,9.202453987730062,82.82208588957054
E00066150,595,89,44,45,506,24,482,14.957983193277311,7.394957983193278,7.563025210084033,85.04201680672269,4.033613445378151,81.00840336134453
E00066151,290,34,11,23,256,23,233,11.724137931034482,3.793103448275862,7.931034482758621,88.27586206896552,7.931034482758621,80.3448275862069
E00066152,365,78,56,22,287,26,261,21.36986301369863,15.342465753424658,6.027397260273973,78.63013698630137,7.123287671232877,71.5068493150685
E00066153,324,33,16,17,291,24,267,10.185185185185185,4.938271604938271,5.246913580246913,89.81481481481481,7.4074074074074066,82.4074074074074
E00066154,350,38,18,20,312,27,285,10.857142857142858,5.142857142857142,5.714285714285714,89.14285714285714,7.7142857142857135,81.42857142857143
E00066155,322,40,17,23,282,29,253,12.422360248447205,5.279503105590062,7.142857142857142,87.5776397515528,9.006211180124224,78.57142857142857
E00066156,302,39,11,28,263,22,241,12.91390728476821,3.642384105960265,9.271523178807946,87.08609271523179,7.28476821192053,79.80132450331125
E00066157,267,45,17,28,222,20,202,16.853932584269664,6.367041198501873,10.486891385767791,83.14606741573034,7.490636704119851,75.65543071161048
E00066158,221,55,23,32,166,20,146,24.8868778280543,10.407239819004525,14.479638009049776,75.1131221719457,9.049773755656108,66.06334841628959
E00066159,309,45,19,26,264,26,238,14.563106796116504,6.148867313915858,8.414239482200648,85.43689320388349,8.414239482200648,77.02265372168284
E00066160,254,41,14,27,213,25,188,16.141732283464567,5.511811023622047,10.62992125984252,83.85826771653542,9.84251968503937,74.01574803149606
E00066161,403,55,16,39,348,30,318,13.647642679900745,3.970223325062035,9.67741935483871,86.35235732009926,7.444168734491314,78.90818858560795
E00066162,312,36,11,25,276,25,251,11.538461538461538,3.5256410256410255,8.012820512820513,88.46153846153845,8.012820512820513,80.44871794871796
E00066163,506,62,25,37,444,34,410,12.25296442687747,4.940711462450593,7.312252964426877,87.74703557312253,6.719367588932807,81.02766798418972
E00066164,417,61,17,44,356,43,313,14.628297362110313,4.07673860911271,10.551558752997602,85.37170263788968,10.311750599520384,75.0599520383693
E00066165,333,30,6,24,303,17,286,9.00900900900901,1.8018018018018018,7.207207207207207,90.990990990991,5.105105105105105,85.88588588588588
E00066166,281,46,22,24,235,11,224,16.370106761565836,7.829181494661921,8.540925266903916,83.62989323843416,3.9145907473309607,79.7153024911032
E00066167,335,39,11,28,296,24,272,11.641791044776118,3.2835820895522385,8.358208955223882,88.35820895522389,7.164179104477612,81.19402985074626
E00066168,270,42,17,25,228,22,206,15.555555555555555,6.296296296296296,9.25925925925926,84.44444444444444,8.148148148148149,76.29629629629629
E00066169,326,88,39,49,238,24,214,26.993865030674847,11.96319018404908,15.030674846625766,73.00613496932516,7.361963190184049,65.6441717791411
E00066170,231,54,24,30,177,15,162,23.376623376623375,10.38961038961039,12.987012987012985,76.62337662337663,6.493506493506493,70.12987012987013
E00066171,311,49,15,34,262,20,242,15.755627009646304,4.823151125401929,10.932475884244374,84.2443729903537,6.430868167202572,77.81350482315112
E00066172,288,57,22,35,231,26,205,19.791666666666664,7.638888888888889,12.152777777777777,80.20833333333334,9.027777777777777,71.18055555555556
E00066173,353,46,17,29,307,26,281,13.031161473087819,4.815864022662889,8.21529745042493,86.96883852691218,7.365439093484419,79.60339943342775
E00066174,278,42,16,26,236,25,211,15.107913669064748,5.755395683453238,9.352517985611511,84.89208633093526,8.992805755395683,75.89928057553958
E00066175,300,38,12,26,262,19,243,12.666666666666668,4,8.666666666666668,87.33333333333333,6.333333333333334,81
E00066176,234,39,10,29,195,15,180,16.666666666666664,4.273504273504273,12.393162393162394,83.33333333333334,6.41025641025641,76.92307692307693
E00066177,279,55,24,31,224,27,197,19.71326164874552,8.60215053763441,11.11111111111111,80.28673835125448,9.67741935483871,70.60931899641577
E00066178,229,47,24,23,182,15,167,20.52401746724891,10.480349344978166,10.043668122270741,79.47598253275109,6.550218340611353,72.92576419213974
E00066179,268,60,26,34,208,20,188,22.388059701492537,9.701492537313433,12.686567164179104,77.61194029850746,7.462686567164178,70.1492537313433
E00066180,290,51,15,36,239,24,215,17.586206896551722,5.172413793103448,12.413793103448276,82.41379310344827,8.275862068965518,74.13793103448276
E00066181,283,36,14,22,247,18,229,12.7208480565371,4.946996466431095,7.773851590106007,87.27915194346289,6.36042402826855,80.91872791519434
E00066182,271,47,24,23,224,20,204,17.343173431734318,8.856088560885608,8.487084870848708,82.65682656826569,7.380073800738007,75.27675276752768
E00066183,338,48,19,29,290,17,273,14.201183431952662,5.621301775147929,8.579881656804734,85.79881656804734,5.029585798816568,80.76923076923077
E00066184,201,41,17,24,160,19,141,20.398009950248756,8.45771144278607,11.940298507462686,79.60199004975125,9.45273631840796,70.1492537313433
E00066185,275,68,37,31,207,18,189,24.727272727272727,13.454545454545455,11.272727272727273,75.27272727272727,6.545454545454546,68.72727272727272
E00066186,349,42,15,27,307,32,275,12.034383954154727,4.297994269340974,7.736389684813753,87.96561604584528,9.169054441260744,78.79656160458453
E00066187,298,44,15,29,254,20,234,14.76510067114094,5.033557046979865,9.731543624161073,85.23489932885906,6.7114093959731544,78.52348993288591
E00066188,230,38,12,26,192,18,174,16.52173913043478,5.217391304347826,11.304347826086957,83.47826086956522,7.82608695652174,75.65217391304347
E00066189,309,44,12,32,265,13,252,14.239482200647249,3.8834951456310676,10.355987055016183,85.76051779935275,4.207119741100324,81.55339805825243
E00066190,291,53,20,33,238,22,216,18.213058419243985,6.872852233676976,11.34020618556701,81.78694158075601,7.560137457044673,74.22680412371135
E00066191,297,46,15,31,251,16,235,15.488215488215488,5.05050505050505,10.437710437710438,84.51178451178451,5.387205387205387,79.12457912457911
E00066192,231,35,13,22,196,18,178,15.151515151515152,5.627705627705628,9.523809523809524,84.84848484848484,7.792207792207792,77.05627705627705
E00066193,325,39,24,15,286,23,263,12,7.384615384615385,4.615384615384616,88,7.076923076923077,80.92307692307692
E00066194,234,29,10,19,205,14,191,12.393162393162394,4.273504273504273,8.11965811965812,87.6068376068376,5.982905982905983,81.62393162393163
E00066195,227,41,17,24,186,21,165,18.06167400881057,7.488986784140969,10.572687224669604,81.93832599118943,9.251101321585903,72.68722466960352
E00066196,230,38,13,25,192,17,175,16.52173913043478,5.6521739130434785,10.869565217391305,83.47826086956522,7.391304347826087,76.08695652173914
E00066197,257,43,16,27,214,19,195,16.731517509727624,6.22568093385214,10.505836575875486,83.26848249027238,7.392996108949417,75.87548638132296
E00066198,309,35,7,28,274,25,249,11.326860841423949,2.26537216828479,9.06148867313916,88.67313915857605,8.090614886731391,80.58252427184466
E00066199,241,34,6,28,207,23,184,14.107883817427386,2.4896265560165975,11.618257261410788,85.89211618257261,9.54356846473029,76.34854771784232
E00066200,125,15,6,9,110,9,101,12,4.8,7.199999999999999,88,7.199999999999999,80.80000000000001
E00066201,356,35,11,24,321,22,299,9.831460674157304,3.089887640449438,6.741573033707865,90.1685393258427,6.179775280898876,83.98876404494382
E00066202,296,38,12,26,258,12,246,12.837837837837837,4.054054054054054,8.783783783783784,87.16216216216216,4.054054054054054,83.1081081081081
E00066203,180,28,10,18,152,29,123,15.555555555555555,5.555555555555555,10,84.44444444444444,16.11111111111111,68.33333333333333
E00066204,415,59,15,44,356,30,326,14.216867469879519,3.614457831325301,10.602409638554217,85.78313253012048,7.228915662650602,78.55421686746989
E00066205,330,44,17,27,286,21,265,13.333333333333334,5.151515151515151,8.181818181818182,86.66666666666667,6.363636363636363,80.3030303030303
E00066207,234,39,12,27,195,20,175,16.666666666666664,5.128205128205128,11.538461538461538,83.33333333333334,8.547008547008547,74.78632478632478
E00066208,151,25,12,13,126,5,121,16.55629139072848,7.9470198675496695,8.609271523178808,83.44370860927152,3.3112582781456954,80.13245033112582
E00066209,204,39,19,20,165,13,152,19.11764705882353,9.313725490196079,9.803921568627452,80.88235294117648,6.372549019607843,74.50980392156863
E00066210,310,40,15,25,270,36,234,12.903225806451612,4.838709677419355,8.064516129032258,87.09677419354838,11.612903225806452,75.48387096774194
E00066211,107,27,12,15,80,7,73,25.233644859813083,11.214953271028037,14.018691588785046,74.76635514018692,6.5420560747663545,68.22429906542055
E00066212,158,34,11,23,124,9,115,21.518987341772153,6.962025316455696,14.556962025316455,78.48101265822784,5.69620253164557,72.78481012658227
E00066213,401,67,19,48,334,20,314,16.708229426433917,4.738154613466334,11.970074812967582,83.29177057356608,4.987531172069826,78.30423940149626
E00066215,345,53,23,30,292,23,269,15.36231884057971,6.666666666666667,8.695652173913043,84.63768115942028,6.666666666666667,77.97101449275362
E00066217,465,104,43,61,361,34,327,22.365591397849464,9.247311827956988,13.118279569892474,77.63440860215054,7.311827956989248,70.3225806451613
E00066218,329,82,37,45,247,21,226,24.924012158054712,11.246200607902736,13.677811550151976,75.07598784194529,6.382978723404255,68.69300911854104
E00066219,282,78,28,50,204,15,189,27.659574468085108,9.929078014184398,17.73049645390071,72.3404255319149,5.319148936170213,67.02127659574468
E00066220,392,57,24,33,335,28,307,14.540816326530612,6.122448979591836,8.418367346938775,85.45918367346938,7.142857142857142,78.31632653061224
E00066221,240,48,20,28,192,24,168,20,8.333333333333332,11.666666666666666,80,10,70
E00066223,332,61,21,40,271,29,242,18.373493975903614,6.325301204819277,12.048192771084338,81.62650602409639,8.734939759036145,72.89156626506023
E00066224,311,50,15,35,261,33,228,16.077170418006432,4.823151125401929,11.254019292604502,83.92282958199357,10.610932475884244,73.31189710610933
E00066225,267,47,17,30,220,24,196,17.60299625468165,6.367041198501873,11.235955056179774,82.39700374531836,8.98876404494382,73.40823970037454
E00066226,365,95,37,58,270,30,240,26.027397260273972,10.136986301369863,15.890410958904111,73.97260273972603,8.21917808219178,65.75342465753424
E00066227,477,66,26,40,411,39,372,13.836477987421384,5.450733752620545,8.385744234800839,86.16352201257862,8.176100628930817,77.9874213836478
E00066228,420,76,29,47,344,35,309,18.095238095238095,6.904761904761905,11.190476190476192,81.9047619047619,8.333333333333332,73.57142857142858
E00066229,228,42,12,30,186,21,165,18.421052631578945,5.263157894736842,13.157894736842104,81.57894736842105,9.210526315789473,72.36842105263158
E00066230,286,52,19,33,234,16,218,18.181818181818183,6.643356643356643,11.538461538461538,81.81818181818183,5.594405594405594,76.22377622377621
E00066231,515,55,17,38,460,48,412,10.679611650485436,3.300970873786408,7.3786407766990285,89.32038834951457,9.320388349514563,80
E00066232,348,46,17,29,302,32,270,13.218390804597702,4.885057471264368,8.333333333333332,86.7816091954023,9.195402298850574,77.58620689655173
E00066233,220,40,13,27,180,16,164,18.181818181818183,5.909090909090909,12.272727272727273,81.81818181818183,7.2727272727272725,74.54545454545455
E00066234,319,45,9,36,274,29,245,14.106583072100312,2.8213166144200628,11.285266457680251,85.8934169278997,9.090909090909092,76.8025078369906
E00066235,255,34,9,25,221,24,197,13.333333333333334,3.5294117647058822,9.803921568627452,86.66666666666667,9.411764705882353,77.25490196078432
E00066236,129,11,3,8,118,6,112,8.527131782945736,2.3255813953488373,6.2015503875969,91.47286821705426,4.651162790697675,86.82170542635659
E00066237,266,51,16,35,215,19,196,19.172932330827066,6.015037593984962,13.157894736842104,80.82706766917293,7.142857142857142,73.68421052631578
E00066238,330,45,16,29,285,29,256,13.636363636363635,4.848484848484849,8.787878787878787,86.36363636363636,8.787878787878787,77.57575757575758
E00066239,220,34,7,27,186,9,177,15.454545454545453,3.1818181818181817,12.272727272727273,84.54545454545455,4.090909090909091,80.45454545454545
E00066240,486,68,23,45,418,46,372,13.991769547325102,4.732510288065844,9.25925925925926,86.0082304526749,9.465020576131687,76.5432098765432
E00066241,491,47,19,28,444,34,410,9.572301425661914,3.8696537678207736,5.7026476578411405,90.4276985743381,6.924643584521386,83.5030549898167
E00066242,142,20,9,11,122,8,114,14.084507042253522,6.338028169014084,7.746478873239436,85.91549295774648,5.633802816901409,80.28169014084507
E00066243,133,8,3,5,125,7,118,6.015037593984962,2.2556390977443606,3.7593984962406015,93.98496240601504,5.263157894736842,88.7218045112782
E00066245,190,42,13,29,148,18,130,22.105263157894736,6.842105263157896,15.263157894736842,77.89473684210526,9.473684210526317,68.42105263157895
E00066246,224,21,7,14,203,22,181,9.375,3.125,6.25,90.625,9.821428571428571,80.80357142857143
E00165823,353,70,22,48,283,21,262,19.8300283286119,6.232294617563739,13.59773371104816,80.16997167138811,5.94900849858357,74.22096317280453
E00174848,249,40,13,27,209,23,186,16.06425702811245,5.220883534136546,10.843373493975903,83.93574297188755,9.236947791164658,74.69879518072288
E00174850,224,58,27,31,166,19,147,25.892857142857146,12.053571428571429,13.839285714285715,74.10714285714286,8.482142857142858,65.625
E00174851,307,58,18,40,249,28,221,18.892508143322477,5.863192182410423,13.029315960912053,81.10749185667753,9.120521172638437,71.9869706840391
E00174853,356,61,22,39,295,33,262,17.134831460674157,6.179775280898876,10.955056179775282,82.86516853932584,9.269662921348315,73.59550561797754
E00174854,263,87,71,16,176,19,157,33.07984790874524,26.996197718631176,6.083650190114068,66.92015209125475,7.224334600760455,59.6958174904943
E00174856,298,47,15,32,251,26,225,15.771812080536913,5.033557046979865,10.738255033557047,84.22818791946308,8.724832214765101,75.50335570469798
E00174857,344,41,18,23,303,29,274,11.918604651162791,5.232558139534884,6.686046511627906,88.0813953488372,8.430232558139535,79.65116279069767
E00174859,340,36,14,22,304,23,281,10.588235294117647,4.117647058823529,6.470588235294119,89.41176470588236,6.764705882352941,82.6470588235294
E00174861,274,29,7,22,245,13,232,10.583941605839415,2.5547445255474455,8.02919708029197,89.41605839416059,4.744525547445255,84.67153284671532
E00174862,237,38,16,22,199,34,165,16.033755274261605,6.751054852320674,9.282700421940929,83.96624472573839,14.345991561181433,69.62025316455697
E00174864,300,28,7,21,272,27,245,9.333333333333334,2.3333333333333335,7.000000000000001,90.66666666666666,9,81.66666666666667
E00174865,299,22,8,14,277,17,260,7.357859531772576,2.6755852842809364,4.682274247491638,92.64214046822742,5.68561872909699,86.95652173913044
E00175330,203,28,12,16,175,16,159,13.793103448275861,5.911330049261084,7.8817733990147785,86.20689655172413,7.8817733990147785,78.32512315270937
E00175331,464,35,11,24,429,30,399,7.543103448275862,2.3706896551724137,5.172413793103448,92.45689655172413,6.4655172413793105,85.99137931034483
E00175332,287,38,15,23,249,27,222,13.240418118466899,5.2264808362369335,8.013937282229964,86.7595818815331,9.40766550522648,77.35191637630662
E00175333,354,42,14,28,312,31,281,11.864406779661017,3.954802259887006,7.909604519774012,88.13559322033898,8.757062146892656,79.37853107344633
E00175334,319,38,14,24,281,27,254,11.912225705329153,4.38871473354232,7.523510971786834,88.08777429467085,8.463949843260188,79.62382445141067
E00175335,253,40,18,22,213,12,201,15.810276679841898,7.114624505928854,8.695652173913043,84.18972332015811,4.743083003952568,79.44664031620553
E00175336,253,56,24,32,197,14,183,22.134387351778656,9.486166007905137,12.648221343873518,77.86561264822134,5.533596837944664,72.33201581027669
E00175337,236,37,14,23,199,24,175,15.677966101694915,5.932203389830509,9.745762711864407,84.32203389830508,10.16949152542373,74.15254237288136
E00175338,208,21,6,15,187,19,168,10.096153846153847,2.8846153846153846,7.211538461538461,89.90384615384616,9.134615384615383,80.76923076923077
E00175339,789,233,63,170,556,80,476,29.531051964512038,7.984790874524715,21.546261089987325,70.46894803548795,10.139416983523446,60.329531051964516
E00175340,255,47,18,29,208,17,191,18.43137254901961,7.0588235294117645,11.372549019607844,81.56862745098039,6.666666666666667,74.90196078431373
E00175341,346,55,21,34,291,24,267,15.895953757225435,6.069364161849711,9.826589595375722,84.10404624277457,6.9364161849710975,77.16763005780348
E00175342,624,84,27,57,540,45,495,13.461538461538462,4.326923076923077,9.134615384615383,86.53846153846155,7.211538461538461,79.32692307692307
E00175343,311,24,5,19,287,24,263,7.717041800643088,1.607717041800643,6.109324758842444,92.28295819935691,7.717041800643088,84.56591639871382
E00175344,205,18,7,11,187,14,173,8.780487804878048,3.414634146341464,5.365853658536586,91.21951219512195,6.829268292682928,84.39024390243902
E00175345,443,24,6,18,419,27,392,5.417607223476298,1.3544018058690745,4.063205417607223,94.5823927765237,6.094808126410835,88.48758465011286
E00175346,420,36,12,24,384,29,355,8.571428571428571,2.857142857142857,5.714285714285714,91.42857142857143,6.904761904761905,84.52380952380952
E00175347,342,33,11,22,309,29,280,9.649122807017543,3.216374269005848,6.432748538011696,90.35087719298247,8.47953216374269,81.87134502923976
E00175348,211,24,5,19,187,19,168,11.374407582938389,2.3696682464454977,9.004739336492891,88.62559241706161,9.004739336492891,79.62085308056872
E00175351,357,57,23,34,300,36,264,15.966386554621847,6.442577030812324,9.523809523809524,84.03361344537815,10.084033613445378,73.94957983193278
E00175352,287,30,10,20,257,19,238,10.452961672473867,3.484320557491289,6.968641114982578,89.54703832752612,6.620209059233449,82.92682926829268
E00175353,414,69,37,32,345,26,319,16.666666666666664,8.937198067632849,7.729468599033816,83.33333333333334,6.280193236714976,77.05314009661835
E00175354,351,51,19,32,300,33,267,14.529914529914532,5.413105413105413,9.116809116809117,85.47008547008546,9.401709401709402,76.06837606837607
E00175355,499,77,28,49,422,36,386,15.430861723446892,5.61122244488978,9.819639278557114,84.5691382765531,7.214428857715431,77.35470941883767
E00175356,494,66,23,43,428,32,396,13.360323886639677,4.65587044534413,8.704453441295547,86.63967611336032,6.477732793522267,80.16194331983806
E00175357,207,43,12,31,164,20,144,20.77294685990338,5.797101449275362,14.975845410628018,79.22705314009661,9.66183574879227,69.56521739130434
E00175358,289,43,20,23,246,24,222,14.878892733564014,6.920415224913495,7.958477508650519,85.12110726643598,8.304498269896193,76.8166089965398
E00175359,268,51,16,35,217,31,186,19.029850746268657,5.970149253731343,13.059701492537313,80.97014925373134,11.567164179104477,69.40298507462687
E00175360,295,42,21,21,253,19,234,14.237288135593221,7.118644067796611,7.118644067796611,85.76271186440678,6.440677966101695,79.3220338983051
E00175361,212,32,10,22,180,22,158,15.09433962264151,4.716981132075472,10.377358490566039,84.90566037735849,10.377358490566039,74.52830188679245
E00175362,406,38,7,31,368,27,341,9.35960591133005,1.7241379310344827,7.635467980295567,90.64039408866995,6.65024630541872,83.99014778325123
E00175363,291,36,10,26,255,17,238,12.371134020618557,3.436426116838488,8.934707903780069,87.62886597938144,5.841924398625429,81.78694158075601
E00175364,114,13,7,6,101,11,90,11.403508771929824,6.140350877192982,5.263157894736842,88.59649122807018,9.649122807017543,78.94736842105263
E00175365,254,27,10,17,227,23,204,10.62992125984252,3.937007874015748,6.692913385826772,89.37007874015748,9.05511811023622,80.31496062992126
E00175366,111,15,1,14,96,7,89,13.513513513513514,0.9009009009009009,12.612612612612612,86.48648648648648,6.306306306306306,80.18018018018019
E00175367,232,68,47,21,164,15,149,29.310344827586203,20.25862068965517,9.051724137931034,70.6896551724138,6.4655172413793105,64.22413793103449
E00175368,183,38,11,27,145,16,129,20.76502732240437,6.0109289617486334,14.754098360655737,79.23497267759562,8.743169398907105,70.49180327868852
E00175369,265,64,27,37,201,24,177,24.150943396226417,10.18867924528302,13.962264150943396,75.84905660377359,9.056603773584905,66.79245283018868
E00185465,210,46,22,24,164,17,147,21.904761904761905,10.476190476190476,11.428571428571429,78.0952380952381,8.095238095238095,70
E00185466,413,54,21,33,359,40,319,13.075060532687651,5.084745762711865,7.990314769975787,86.92493946731234,9.685230024213075,77.23970944309927
E00185469,364,34,7,27,330,23,307,9.340659340659341,1.9230769230769231,7.417582417582418,90.65934065934066,6.318681318681318,84.34065934065934
E00185473,353,59,13,46,294,26,268,16.71388101983003,3.6827195467422094,13.031161473087819,83.28611898016997,7.365439093484419,75.92067988668555
E00185474,282,15,4,11,267,17,250,5.319148936170213,1.4184397163120568,3.900709219858156,94.68085106382979,6.028368794326241,88.65248226950354
E00185475,298,34,9,25,264,16,248,11.409395973154362,3.0201342281879198,8.389261744966444,88.59060402684564,5.369127516778524,83.22147651006712
E00185476,425,51,13,38,374,27,347,12,3.058823529411765,8.941176470588236,88,6.352941176470588,81.64705882352942
E00185481,511,174,117,57,337,35,302,34.05088062622309,22.89628180039139,11.154598825831702,65.94911937377691,6.8493150684931505,59.099804305283755
E00185483,389,25,9,16,364,27,337,6.426735218508997,2.313624678663239,4.113110539845758,93.573264781491,6.940874035989718,86.63239074550128
E00185487,614,71,22,49,543,27,516,11.563517915309445,3.5830618892508146,7.980456026058631,88.43648208469055,4.397394136807818,84.03908794788273
E00185489,208,34,13,21,174,17,157,16.346153846153847,6.25,10.096153846153847,83.65384615384616,8.173076923076923,75.48076923076923
E00185490,214,58,22,36,156,18,138,27.102803738317753,10.2803738317757,16.822429906542055,72.89719626168224,8.411214953271028,64.48598130841121
E00185492,280,39,11,28,241,25,216,13.928571428571429,3.9285714285714284,10,86.07142857142858,8.928571428571429,77.14285714285715
E00185495,119,10,6,4,109,8,101,8.403361344537815,5.042016806722689,3.361344537815126,91.59663865546219,6.722689075630252,84.87394957983193
E00185496,540,74,24,50,466,49,417,13.703703703703704,4.444444444444445,9.25925925925926,86.29629629629629,9.074074074074074,77.22222222222223
E00185497,235,60,28,32,175,27,148,25.53191489361702,11.914893617021278,13.617021276595745,74.46808510638297,11.48936170212766,62.97872340425532
E00185499,337,35,13,22,302,29,273,10.385756676557865,3.857566765578635,6.528189910979229,89.61424332344214,8.605341246290802,81.00890207715133
E00185500,265,15,6,9,250,17,233,5.660377358490567,2.2641509433962264,3.3962264150943398,94.33962264150944,6.415094339622642,87.9245283018868
E00185501,406,59,16,43,347,28,319,14.532019704433496,3.9408866995073892,10.591133004926109,85.4679802955665,6.896551724137931,78.57142857142857
E00185502,339,46,17,29,293,25,268,13.569321533923304,5.014749262536873,8.55457227138643,86.4306784660767,7.374631268436578,79.05604719764013
E00185505,340,46,21,25,294,28,266,13.529411764705882,6.176470588235294,7.352941176470589,86.47058823529412,8.235294117647058,78.23529411764706
E00185507,312,117,78,39,195,15,180,37.5,25,12.5,62.5,4.807692307692308,57.692307692307686
E00185508,992,362,121,241,630,94,536,36.49193548387097,12.19758064516129,24.29435483870968,63.50806451612904,9.475806451612904,54.03225806451613
E00185513,215,30,8,22,185,21,164,13.953488372093023,3.7209302325581395,10.232558139534884,86.04651162790698,9.767441860465116,76.27906976744187
E00185517,269,30,12,18,239,27,212,11.152416356877323,4.4609665427509295,6.691449814126393,88.84758364312268,10.037174721189592,78.81040892193309
E00185518,669,50,40,10,619,8,611,7.473841554559043,5.9790732436472345,1.4947683109118086,92.52615844544096,1.195814648729447,91.33034379671152
E00185519,158,40,18,22,118,11,107,25.31645569620253,11.39240506329114,13.924050632911392,74.68354430379746,6.962025316455696,67.72151898734177
E00185521,138,9,1,8,129,14,115,6.521739130434782,0.7246376811594203,5.797101449275362,93.47826086956522,10.144927536231885,83.33333333333334
E00185522,286,23,12,11,263,15,248,8.041958041958042,4.195804195804196,3.8461538461538463,91.95804195804196,5.244755244755245,86.7132867132867
E00185523,150,14,3,11,136,11,125,9.333333333333334,2,7.333333333333333,90.66666666666666,7.333333333333333,83.33333333333334
E00185524,398,38,17,21,360,38,322,9.547738693467336,4.271356783919598,5.276381909547738,90.45226130653266,9.547738693467336,80.90452261306532
E00185525,221,30,12,18,191,14,177,13.574660633484163,5.429864253393665,8.144796380090497,86.42533936651584,6.334841628959276,80.09049773755656
E00185527,357,32,8,24,325,41,284,8.96358543417367,2.2408963585434174,6.722689075630252,91.03641456582633,11.484593837535014,79.55182072829132
E00185528,234,26,10,16,208,19,189,11.11111111111111,4.273504273504273,6.837606837606838,88.88888888888889,8.11965811965812,80.76923076923077
E00185529,154,48,19,29,106,11,95,31.16883116883117,12.337662337662337,18.83116883116883,68.83116883116884,7.142857142857142,61.68831168831169
E00185532,135,22,10,12,113,9,104,16.296296296296298,7.4074074074074066,8.88888888888889,83.7037037037037,6.666666666666667,77.03703703703704
E00185534,567,38,9,29,529,47,482,6.701940035273369,1.5873015873015872,5.114638447971781,93.29805996472663,8.289241622574956,85.00881834215167
E00185535,352,42,13,29,310,21,289,11.931818181818182,3.6931818181818183,8.238636363636363,88.06818181818183,5.965909090909091,82.10227272727273
E00185537,146,23,8,15,123,16,107,15.753424657534246,5.47945205479452,10.273972602739725,84.24657534246576,10.95890410958904,73.28767123287672
E00185538,329,91,40,51,238,32,206,27.659574468085108,12.158054711246201,15.501519756838904,72.3404255319149,9.72644376899696,62.61398176291794
E00185542,149,2,0,2,147,7,140,1.342281879194631,0,1.342281879194631,98.65771812080537,4.697986577181208,93.95973154362416
E00185543,461,44,13,31,417,34,383,9.544468546637743,2.8199566160520604,6.724511930585683,90.45553145336225,7.37527114967462,83.08026030368764
E00185547,183,36,19,17,147,29,118,19.672131147540984,10.382513661202186,9.289617486338798,80.32786885245902,15.846994535519126,64.48087431693989
E00185548,275,45,18,27,230,21,209,16.363636363636363,6.545454545454546,9.818181818181818,83.63636363636363,7.636363636363637,76
E00185549,431,52,17,35,379,24,355,12.064965197215777,3.944315545243619,8.120649651972158,87.93503480278422,5.56844547563805,82.36658932714617
E00185551,383,38,11,27,345,37,308,9.921671018276761,2.8720626631853787,7.049608355091384,90.07832898172323,9.660574412532636,80.4177545691906
E00185553,197,12,3,9,185,23,162,6.091370558375635,1.5228426395939088,4.568527918781726,93.90862944162437,11.6751269035533,82.23350253807106
E00185554,296,36,7,29,260,25,235,12.162162162162163,2.364864864864865,9.797297297297296,87.83783783783784,8.445945945945946,79.3918918918919
E00185556,598,56,22,34,542,34,508,9.364548494983277,3.678929765886288,5.68561872909699,90.63545150501672,5.68561872909699,84.94983277591973
E00185557,349,43,24,19,306,40,266,12.320916905444127,6.876790830945559,5.444126074498568,87.67908309455588,11.461318051575931,76.21776504297995
E00185559,244,42,16,26,202,27,175,17.21311475409836,6.557377049180328,10.655737704918032,82.78688524590164,11.065573770491802,71.72131147540983
E00185560,126,15,5,10,111,10,101,11.904761904761903,3.968253968253968,7.936507936507936,88.09523809523809,7.936507936507936,80.15873015873017
E00185564,198,32,14,18,166,24,142,16.161616161616163,7.07070707070707,9.090909090909092,83.83838383838383,12.121212121212121,71.71717171717171
