OA,ts0380001,ts0380002,ts0380003,ts0380004,ts0380005,ts0380006,ts0380007,ts0380002_PCT,ts0380003_PCT,ts0380004_PCT,ts0380005_PCT,ts0380006_PCT,ts0380007_PCT
E00067299,335,73,32,41,262,15,247,21.791044776119403,9.55223880597015,12.238805970149254,78.2089552238806,4.477611940298507,73.73134328358208
E00067300,278,48,20,28,230,19,211,17.26618705035971,7.1942446043165464,10.071942446043165,82.73381294964028,6.83453237410072,75.89928057553958
E00067301,331,39,13,26,292,29,263,11.782477341389729,3.927492447129909,7.854984894259818,88.21752265861026,8.761329305135952,79.45619335347432
E00067302,260,45,18,27,215,22,193,17.307692307692307,6.923076923076923,10.384615384615385,82.6923076923077,8.461538461538462,74.23076923076923
E00067303,324,69,25,44,255,27,228,21.296296296296298,7.716049382716049,13.580246913580247,78.70370370370371,8.333333333333332,70.37037037037037
E00067304,348,35,17,18,313,23,290,10.057471264367816,4.885057471264368,5.172413793103448,89.9425287356322,6.609195402298851,83.33333333333334
E00067305,319,69,34,35,250,28,222,21.630094043887148,10.658307210031348,10.9717868338558,78.36990595611285,8.77742946708464,69.59247648902821
E00067306,308,61,32,29,247,16,231,19.805194805194805,10.38961038961039,9.415584415584416,80.1948051948052,5.194805194805195,75
E00067307,293,43,12,31,250,22,228,14.675767918088736,4.09556313993174,10.580204778156997,85.32423208191126,7.508532423208192,77.81569965870307
E00067308,309,59,21,38,250,33,217,19.093851132686083,6.796116504854369,12.297734627831716,80.90614886731392,10.679611650485436,70.22653721682848
E00067309,281,41,15,26,240,20,220,14.590747330960854,5.338078291814947,9.252669039145907,85.40925266903915,7.11743772241993,78.29181494661923
E00067310,366,68,30,38,298,24,274,18.579234972677597,8.19672131147541,10.382513661202186,81.4207650273224,6.557377049180328,74.86338797814209
E00067311,316,69,29,40,247,23,224,21.835443037974684,9.177215189873419,12.658227848101266,78.16455696202532,7.2784810126582276,70.88607594936708
E00067312,261,55,24,31,206,24,182,21.0727969348659,9.195402298850574,11.877394636015326,78.9272030651341,9.195402298850574,69.73180076628353
E00067313,295,54,21,33,241,23,218,18.305084745762713,7.118644067796611,11.186440677966102,81.69491525423729,7.796610169491526,73.89830508474576
E00067314,351,55,21,34,296,39,257,15.669515669515668,5.982905982905983,9.686609686609685,84.33048433048434,11.11111111111111,73.21937321937322
E00067315,308,44,16,28,264,20,244,14.285714285714285,5.194805194805195,9.090909090909092,85.71428571428571,6.493506493506493,79.22077922077922
E00067316,344,59,22,37,285,31,254,17.151162790697676,6.395348837209303,10.755813953488373,82.84883720930233,9.011627906976743,73.83720930232558
E00067317,273,42,15,27,231,29,202,15.384615384615385,5.4945054945054945,9.89010989010989,84.61538461538461,10.622710622710622,73.992673992674
E00067319,355,42,16,26,313,23,290,11.830985915492958,4.507042253521127,7.323943661971831,88.16901408450704,6.478873239436619,81.69014084507043
E00067320,323,51,24,27,272,23,249,15.789473684210526,7.430340557275541,8.359133126934983,84.21052631578947,7.120743034055728,77.08978328173374
E00067321,296,48,18,30,248,31,217,16.216216216216218,6.081081081081082,10.135135135135135,83.78378378378379,10.472972972972974,73.3108108108108
E00067322,455,59,18,41,396,35,361,12.967032967032969,3.9560439560439558,9.010989010989011,87.03296703296704,7.6923076923076925,79.34065934065934
E00067323,333,42,14,28,291,26,265,12.612612612612612,4.2042042042042045,8.408408408408409,87.38738738738738,7.807807807807808,79.57957957957959
E00067327,308,62,22,40,246,30,216,20.12987012987013,7.142857142857142,12.987012987012985,79.87012987012987,9.740259740259742,70.12987012987013
E00067328,171,53,32,21,118,12,106,30.994152046783626,18.71345029239766,12.280701754385964,69.00584795321637,7.017543859649122,61.98830409356725
E00067329,304,54,21,33,250,26,224,17.763157894736842,6.907894736842106,10.855263157894738,82.23684210526315,8.552631578947368,73.68421052631578
E00067330,352,25,9,16,327,39,288,7.1022727272727275,2.556818181818182,4.545454545454546,92.89772727272727,11.079545454545455,81.81818181818183
E00067331,357,52,15,37,305,33,272,14.565826330532214,4.201680672268908,10.364145658263306,85.43417366946778,9.243697478991598,76.19047619047619
E00067332,329,42,10,32,287,35,252,12.76595744680851,3.0395136778115504,9.72644376899696,87.2340425531915,10.638297872340425,76.59574468085107
E00067333,335,44,13,31,291,27,264,13.134328358208954,3.880597014925373,9.253731343283581,86.86567164179104,8.059701492537313,78.80597014925374
E00067334,329,38,11,27,291,21,270,11.55015197568389,3.343465045592705,8.206686930091186,88.44984802431611,6.382978723404255,82.06686930091185
E00067335,306,32,7,25,274,30,244,10.457516339869281,2.287581699346405,8.169934640522875,89.54248366013073,9.803921568627452,79.73856209150327
E00067336,236,53,12,41,183,26,157,22.45762711864407,5.084745762711865,17.372881355932204,77.54237288135593,11.016949152542372,66.52542372881356
E00067337,303,42,15,27,261,27,234,13.861386138613863,4.9504950495049505,8.91089108910891,86.13861386138613,8.91089108910891,77.22772277227723
E00067338,240,34,7,27,206,29,177,14.166666666666666,2.9166666666666665,11.25,85.83333333333333,12.083333333333334,73.75
E00067339,194,35,12,23,159,12,147,18.04123711340206,6.185567010309279,11.855670103092782,81.95876288659794,6.185567010309279,75.77319587628865
E00067341,348,63,21,42,285,29,256,18.103448275862068,6.0344827586206895,12.068965517241379,81.89655172413794,8.333333333333332,73.5632183908046
E00067342,313,43,12,31,270,29,241,13.738019169329075,3.8338658146964857,9.904153354632587,86.26198083067092,9.26517571884984,76.99680511182109
E00067343,444,79,33,46,365,31,334,17.792792792792792,7.4324324324324325,10.36036036036036,82.2072072072072,6.981981981981981,75.22522522522522
E00067344,371,86,37,49,285,19,266,23.180592991913745,9.973045822102426,13.20754716981132,76.81940700808624,5.121293800539084,71.69811320754717
E00067345,315,96,45,51,219,24,195,30.476190476190478,14.285714285714285,16.19047619047619,69.52380952380952,7.6190476190476195,61.904761904761905
E00067346,308,76,37,39,232,24,208,24.675324675324674,12.012987012987013,12.662337662337661,75.32467532467533,7.792207792207792,67.53246753246754
E00067347,296,59,30,29,237,14,223,19.93243243243243,10.135135135135135,9.797297297297296,80.06756756756756,4.72972972972973,75.33783783783784
E00067348,384,62,21,41,322,19,303,16.145833333333336,5.46875,10.677083333333332,83.85416666666666,4.947916666666666,78.90625
E00067349,293,70,38,32,223,24,199,23.890784982935152,12.969283276450511,10.921501706484642,76.10921501706484,8.19112627986348,67.91808873720136
E00067350,370,95,51,44,275,30,245,25.675675675675674,13.783783783783784,11.891891891891893,74.32432432432432,8.108108108108109,66.21621621621621
E00067351,344,53,25,28,291,22,269,15.406976744186046,7.267441860465117,8.13953488372093,84.59302325581395,6.395348837209303,78.19767441860465
E00067352,280,49,14,35,231,28,203,17.5,5,12.5,82.5,10,72.5
E00067353,317,47,14,33,270,24,246,14.826498422712934,4.416403785488959,10.410094637223976,85.17350157728707,7.570977917981073,77.60252365930599
E00067354,236,46,17,29,190,29,161,19.491525423728813,7.203389830508475,12.288135593220339,80.50847457627118,12.288135593220339,68.22033898305084
E00067355,305,66,24,42,239,23,216,21.639344262295083,7.868852459016394,13.77049180327869,78.36065573770492,7.540983606557377,70.81967213114754
E00067356,370,94,42,52,276,21,255,25.405405405405407,11.351351351351353,14.054054054054054,74.5945945945946,5.675675675675676,68.91891891891892
E00067357,341,78,34,44,263,22,241,22.87390029325513,9.970674486803519,12.903225806451612,77.12609970674487,6.451612903225806,70.67448680351906
E00067358,282,50,10,40,232,29,203,17.73049645390071,3.546099290780142,14.184397163120568,82.26950354609929,10.28368794326241,71.98581560283688
E00067359,190,26,2,24,164,16,148,13.684210526315791,1.0526315789473684,12.631578947368421,86.31578947368422,8.421052631578947,77.89473684210526
E00067360,266,53,11,42,213,24,189,19.924812030075188,4.135338345864661,15.789473684210526,80.07518796992481,9.022556390977442,71.05263157894737
E00067361,278,48,12,36,230,29,201,17.26618705035971,4.316546762589928,12.949640287769784,82.73381294964028,10.431654676258994,72.3021582733813
E00067362,256,45,7,38,211,34,177,17.578125,2.734375,14.84375,82.421875,13.28125,69.140625
E00067363,255,59,22,37,196,20,176,23.137254901960784,8.627450980392156,14.50980392156863,76.86274509803923,7.8431372549019605,69.01960784313725
E00067364,273,35,9,26,238,23,215,12.82051282051282,3.296703296703297,9.523809523809524,87.17948717948718,8.424908424908425,78.75457875457876
E00067365,434,64,11,53,370,50,320,14.746543778801843,2.5345622119815667,12.211981566820276,85.25345622119815,11.52073732718894,73.73271889400922
E00067366,266,39,14,25,227,26,201,14.661654135338345,5.263157894736842,9.398496240601503,85.33834586466166,9.774436090225564,75.56390977443608
E00067367,232,77,32,45,155,18,137,33.189655172413794,13.793103448275861,19.396551724137932,66.8103448275862,7.758620689655173,59.05172413793104
E00067368,318,42,15,27,276,32,244,13.20754716981132,4.716981132075472,8.49056603773585,86.79245283018868,10.062893081761008,76.72955974842768
E00067370,224,48,20,28,176,23,153,21.428571428571427,8.928571428571429,12.5,78.57142857142857,10.267857142857142,68.30357142857143
E00067371,261,44,14,30,217,24,193,16.85823754789272,5.363984674329502,11.494252873563218,83.14176245210729,9.195402298850574,73.9463601532567
E00067372,270,42,11,31,228,22,206,15.555555555555555,4.074074074074074,11.481481481481481,84.44444444444444,8.148148148148149,76.29629629629629
E00067373,125,33,5,28,92,12,80,26.400000000000002,4,22.400000000000002,73.6,9.6,64
E00067374,278,44,14,30,234,27,207,15.827338129496402,5.0359712230215825,10.79136690647482,84.17266187050359,9.712230215827338,74.46043165467626
E00067375,426,35,10,25,391,39,352,8.215962441314554,2.3474178403755865,5.868544600938967,91.78403755868545,9.15492957746479,82.62910798122066
E00067376,237,42,11,31,195,19,176,17.72151898734177,4.641350210970464,13.080168776371309,82.27848101265823,8.016877637130802,74.26160337552743
E00067377,316,47,13,34,269,29,240,14.873417721518987,4.113924050632911,10.759493670886076,85.12658227848101,9.177215189873419,75.9493670886076
E00067378,239,51,32,19,188,21,167,21.338912133891213,13.389121338912133,7.949790794979079,78.66108786610879,8.786610878661087,69.8744769874477
E00067379,319,59,20,39,260,23,237,18.495297805642632,6.269592476489027,12.225705329153605,81.50470219435736,7.210031347962382,74.29467084639498
E00067380,349,64,34,30,285,17,268,18.33810888252149,9.742120343839542,8.595988538681947,81.66189111747852,4.871060171919771,76.79083094555874
E00067381,298,46,22,24,252,30,222,15.436241610738255,7.38255033557047,8.053691275167784,84.56375838926175,10.06711409395973,74.49664429530202
E00067382,335,38,5,33,297,26,271,11.343283582089553,1.4925373134328357,9.850746268656717,88.65671641791046,7.761194029850746,80.8955223880597
E00067383,293,54,14,40,239,20,219,18.43003412969283,4.778156996587031,13.651877133105803,81.56996587030717,6.825938566552901,74.74402730375427
E00067384,403,87,49,38,316,26,290,21.588089330024815,12.158808933002481,9.429280397022332,78.41191066997519,6.451612903225806,71.96029776674938
E00067385,264,40,11,29,224,26,198,15.151515151515152,4.166666666666666,10.984848484848484,84.84848484848484,9.848484848484848,75
E00067386,296,37,11,26,259,25,234,12.5,3.7162162162162162,8.783783783783784,87.5,8.445945945945946,79.05405405405406
E00067387,289,59,19,40,230,25,205,20.415224913494807,6.5743944636678195,13.84083044982699,79.58477508650519,8.650519031141869,70.93425605536332
E00067388,279,38,11,27,241,27,214,13.620071684587815,3.942652329749104,9.67741935483871,86.37992831541219,9.67741935483871,76.70250896057348
E00067389,314,47,17,30,267,25,242,14.968152866242038,5.414012738853503,9.554140127388536,85.03184713375796,7.961783439490445,77.07006369426752
E00067390,240,61,26,35,179,28,151,25.416666666666664,10.833333333333334,14.583333333333334,74.58333333333333,11.666666666666666,62.916666666666664
E00067391,239,62,28,34,177,26,151,25.94142259414226,11.715481171548117,14.225941422594143,74.05857740585773,10.87866108786611,63.17991631799163
E00067392,169,37,13,24,132,12,120,21.893491124260358,7.6923076923076925,14.201183431952662,78.10650887573965,7.100591715976331,71.00591715976331
E00067393,231,59,39,20,172,28,144,25.541125541125542,16.883116883116884,8.658008658008658,74.45887445887446,12.121212121212121,62.33766233766234
E00067394,247,35,11,24,212,26,186,14.17004048582996,4.4534412955465585,9.7165991902834,85.82995951417004,10.526315789473683,75.30364372469636
E00067395,264,23,6,17,241,33,208,8.712121212121213,2.272727272727273,6.4393939393939394,91.28787878787878,12.5,78.78787878787878
E00067397,261,57,23,34,204,21,183,21.839080459770116,8.812260536398467,13.026819923371647,78.16091954022988,8.045977011494253,70.11494252873564
E00067398,344,44,14,30,300,30,270,12.790697674418606,4.069767441860465,8.720930232558139,87.20930232558139,8.720930232558139,78.48837209302324
E00067399,310,41,11,30,269,30,239,13.225806451612904,3.5483870967741935,9.67741935483871,86.7741935483871,9.67741935483871,77.09677419354838
E00067400,328,51,17,34,277,17,260,15.548780487804878,5.182926829268292,10.365853658536585,84.45121951219512,5.182926829268292,79.26829268292683
E00067401,303,38,15,23,265,31,234,12.541254125412541,4.9504950495049505,7.590759075907591,87.45874587458746,10.231023102310232,77.22772277227723
E00067403,296,47,15,32,249,35,214,15.878378378378377,5.0675675675675675,10.81081081081081,84.12162162162163,11.824324324324325,72.2972972972973
E00067404,273,43,16,27,230,29,201,15.75091575091575,5.86080586080586,9.89010989010989,84.24908424908425,10.622710622710622,73.62637362637363
E00067405,280,53,13,40,227,26,201,18.928571428571427,4.642857142857143,14.285714285714285,81.07142857142857,9.285714285714286,71.78571428571429
E00067406,329,47,14,33,282,39,243,14.285714285714285,4.25531914893617,10.030395136778116,85.71428571428571,11.854103343465045,73.86018237082067
E00067407,248,50,17,33,198,19,179,20.161290322580644,6.854838709677419,13.306451612903224,79.83870967741935,7.661290322580645,72.17741935483872
E00067408,254,31,8,23,223,22,201,12.204724409448819,3.149606299212598,9.05511811023622,87.79527559055119,8.661417322834646,79.13385826771653
E00067409,231,33,11,22,198,24,174,14.285714285714285,4.761904761904762,9.523809523809524,85.71428571428571,10.38961038961039,75.32467532467533
E00067410,297,40,10,30,257,21,236,13.468013468013467,3.3670033670033668,10.1010101010101,86.53198653198653,7.07070707070707,79.46127946127946
E00067411,298,45,13,32,253,33,220,15.100671140939598,4.3624161073825505,10.738255033557047,84.8993288590604,11.073825503355705,73.8255033557047
E00067412,309,67,30,37,242,20,222,21.68284789644013,9.70873786407767,11.974110032362459,78.31715210355988,6.472491909385113,71.84466019417476
E00067413,271,48,25,23,223,26,197,17.712177121771216,9.22509225092251,8.487084870848708,82.28782287822878,9.59409594095941,72.69372693726937
E00067414,318,57,30,27,261,22,239,17.92452830188679,9.433962264150944,8.49056603773585,82.0754716981132,6.918238993710692,75.15723270440252
E00067415,338,44,17,27,294,25,269,13.017751479289942,5.029585798816568,7.988165680473373,86.98224852071006,7.396449704142012,79.58579881656804
E00067416,272,56,28,28,216,20,196,20.588235294117645,10.294117647058822,10.294117647058822,79.41176470588235,7.352941176470589,72.05882352941177
E00067417,207,63,23,40,144,14,130,30.434782608695656,11.11111111111111,19.32367149758454,69.56521739130434,6.763285024154589,62.80193236714976
E00067418,266,38,13,25,228,24,204,14.285714285714285,4.887218045112782,9.398496240601503,85.71428571428571,9.022556390977442,76.69172932330827
E00067419,267,37,9,28,230,17,213,13.857677902621724,3.3707865168539324,10.486891385767791,86.14232209737828,6.367041198501873,79.7752808988764
E00067420,354,31,15,16,323,30,293,8.757062146892656,4.23728813559322,4.519774011299435,91.24293785310734,8.47457627118644,82.7683615819209
E00067421,297,53,22,31,244,33,211,17.845117845117844,7.4074074074074066,10.437710437710438,82.15488215488216,11.11111111111111,71.04377104377105
E00067422,280,48,23,25,232,23,209,17.142857142857142,8.214285714285714,8.928571428571429,82.85714285714286,8.214285714285714,74.64285714285714
E00067423,244,37,13,24,207,16,191,15.163934426229508,5.327868852459016,9.836065573770492,84.8360655737705,6.557377049180328,78.27868852459017
E00067424,222,47,17,30,175,13,162,21.17117117117117,7.657657657657657,13.513513513513514,78.82882882882883,5.8558558558558556,72.97297297297297
E00067425,296,51,23,28,245,20,225,17.22972972972973,7.77027027027027,9.45945945945946,82.77027027027027,6.756756756756757,76.01351351351352
E00067426,269,53,26,27,216,27,189,19.702602230483272,9.66542750929368,10.037174721189592,80.29739776951673,10.037174721189592,70.26022304832715
E00067427,294,66,27,39,228,24,204,22.448979591836736,9.183673469387756,13.26530612244898,77.55102040816327,8.16326530612245,69.38775510204081
E00067428,294,41,16,25,253,19,234,13.945578231292515,5.442176870748299,8.503401360544217,86.05442176870748,6.462585034013606,79.59183673469387
E00067429,296,42,16,26,254,26,228,14.18918918918919,5.405405405405405,8.783783783783784,85.8108108108108,8.783783783783784,77.02702702702703
E00067430,373,44,13,31,329,32,297,11.796246648793565,3.485254691689008,8.310991957104557,88.20375335120644,8.579088471849866,79.62466487935657
E00067431,392,57,11,46,335,36,299,14.540816326530612,2.806122448979592,11.73469387755102,85.45918367346938,9.183673469387756,76.27551020408163
E00067432,251,53,24,29,198,27,171,21.115537848605577,9.56175298804781,11.553784860557768,78.88446215139442,10.756972111553784,68.12749003984064
E00067433,337,22,5,17,315,24,291,6.528189910979229,1.483679525222552,5.044510385756676,93.47181008902076,7.121661721068249,86.35014836795251
E00067434,410,144,87,57,266,22,244,35.12195121951219,21.21951219512195,13.902439024390246,64.8780487804878,5.365853658536586,59.512195121951216
E00067435,294,44,16,28,250,24,226,14.965986394557824,5.442176870748299,9.523809523809524,85.03401360544217,8.16326530612245,76.87074829931973
E00067436,342,60,14,46,282,32,250,17.543859649122805,4.093567251461988,13.450292397660817,82.45614035087719,9.35672514619883,73.09941520467837
E00067437,329,52,12,40,277,41,236,15.80547112462006,3.64741641337386,12.158054711246201,84.19452887537993,12.462006079027356,71.73252279635258
E00067438,298,35,9,26,263,29,234,11.74496644295302,3.0201342281879198,8.724832214765101,88.25503355704699,9.731543624161073,78.52348993288591
E00067439,312,48,12,36,264,28,236,15.384615384615385,3.8461538461538463,11.538461538461538,84.61538461538461,8.974358974358974,75.64102564102564
E00067440,326,55,20,35,271,34,237,16.87116564417178,6.134969325153374,10.736196319018406,83.12883435582822,10.429447852760736,72.69938650306749
E00067441,416,90,21,69,326,45,281,21.634615384615387,5.048076923076923,16.58653846153846,78.36538461538461,10.817307692307693,67.54807692307693
E00067442,298,36,13,23,262,30,232,12.080536912751679,4.3624161073825505,7.718120805369128,87.91946308724832,10.06711409395973,77.85234899328859
E00067443,267,35,9,26,232,24,208,13.108614232209737,3.3707865168539324,9.737827715355806,86.89138576779027,8.98876404494382,77.90262172284645
E00067444,259,41,17,24,218,22,196,15.83011583011583,6.563706563706563,9.266409266409266,84.16988416988417,8.494208494208493,75.67567567567568
E00067445,518,65,27,38,453,30,423,12.548262548262548,5.212355212355212,7.335907335907336,87.45173745173746,5.7915057915057915,81.66023166023166
E00067446,358,36,12,24,322,23,299,10.05586592178771,3.35195530726257,6.70391061452514,89.94413407821229,6.424581005586592,83.5195530726257
E00067447,332,54,11,43,278,30,248,16.265060240963855,3.313253012048193,12.951807228915662,83.73493975903614,9.036144578313253,74.69879518072288
E00067448,391,53,14,39,338,28,310,13.554987212276215,3.580562659846547,9.974424552429667,86.44501278772378,7.161125319693094,79.28388746803068
E00067449,332,44,11,33,288,25,263,13.253012048192772,3.313253012048193,9.939759036144578,86.74698795180723,7.530120481927711,79.21686746987952
E00067450,376,68,25,43,308,27,281,18.085106382978726,6.648936170212766,11.436170212765957,81.91489361702128,7.180851063829788,74.7340425531915
E00067452,293,74,39,35,219,23,196,25.25597269624573,13.310580204778159,11.945392491467576,74.74402730375427,7.849829351535837,66.89419795221842
E00067453,249,55,22,33,194,26,168,22.08835341365462,8.835341365461847,13.253012048192772,77.91164658634538,10.441767068273093,67.46987951807229
E00067454,433,74,19,55,359,47,312,17.090069284064665,4.387990762124711,12.702078521939955,82.90993071593533,10.854503464203233,72.05542725173211
E00067456,327,59,19,40,268,32,236,18.04281345565749,5.81039755351682,12.232415902140673,81.9571865443425,9.785932721712538,72.17125382262996
E00067457,235,86,53,33,149,9,140,36.59574468085106,22.5531914893617,14.042553191489363,63.40425531914894,3.829787234042553,59.57446808510638
E00067458,329,55,19,36,274,27,247,16.717325227963524,5.775075987841945,10.94224924012158,83.28267477203647,8.206686930091186,75.07598784194529
E00067459,304,64,29,35,240,31,209,21.052631578947366,9.539473684210527,11.513157894736842,78.94736842105263,10.197368421052632,68.75
E00067460,279,56,18,38,223,21,202,20.07168458781362,6.451612903225806,13.620071684587815,79.92831541218638,7.526881720430108,72.40143369175627
E00067461,306,61,11,50,245,17,228,19.934640522875817,3.594771241830065,16.33986928104575,80.06535947712419,5.555555555555555,74.50980392156863
E00067463,365,111,61,50,254,28,226,30.41095890410959,16.71232876712329,13.698630136986301,69.58904109589041,7.671232876712329,61.917808219178085
E00067464,290,39,12,27,251,28,223,13.448275862068964,4.137931034482759,9.310344827586208,86.55172413793103,9.655172413793103,76.89655172413794
E00067465,330,51,17,34,279,31,248,15.454545454545453,5.151515151515151,10.303030303030303,84.54545454545455,9.393939393939393,75.15151515151514
E00067466,239,54,20,34,185,25,160,22.594142259414227,8.368200836820083,14.225941422594143,77.40585774058577,10.460251046025103,66.94560669456067
E00067468,434,64,14,50,370,45,325,14.746543778801843,3.225806451612903,11.52073732718894,85.25345622119815,10.368663594470046,74.88479262672811
E00067469,373,54,14,40,319,30,289,14.47721179624665,3.753351206434316,10.723860589812332,85.52278820375335,8.04289544235925,77.4798927613941
E00067470,287,56,13,43,231,25,206,19.51219512195122,4.529616724738676,14.982578397212542,80.48780487804879,8.710801393728223,71.77700348432056
E00067471,276,47,13,34,229,24,205,17.02898550724638,4.710144927536232,12.318840579710146,82.97101449275362,8.695652173913043,74.27536231884058
E00067472,289,77,25,52,212,28,184,26.643598615916954,8.650519031141869,17.99307958477509,73.35640138408304,9.688581314878892,63.667820069204154
E00067473,278,51,13,38,227,31,196,18.345323741007196,4.676258992805756,13.66906474820144,81.65467625899281,11.151079136690647,70.50359712230215
E00067474,201,39,11,28,162,24,138,19.402985074626866,5.472636815920398,13.930348258706468,80.59701492537313,11.940298507462686,68.65671641791045
E00067476,351,51,12,39,300,22,278,14.529914529914532,3.418803418803419,11.11111111111111,85.47008547008546,6.267806267806268,79.2022792022792
E00067477,221,62,28,34,159,14,145,28.054298642533936,12.669683257918551,15.384615384615385,71.94570135746606,6.334841628959276,65.61085972850678
E00067478,235,62,26,36,173,22,151,26.382978723404253,11.063829787234042,15.319148936170212,73.61702127659574,9.361702127659575,64.25531914893618
E00067479,237,22,2,20,215,24,191,9.282700421940929,0.8438818565400843,8.438818565400844,90.71729957805907,10.126582278481013,80.59071729957806
E00067480,303,44,7,37,259,26,233,14.521452145214523,2.31023102310231,12.211221122112212,85.47854785478548,8.58085808580858,76.89768976897689
E00067481,227,38,5,33,189,37,152,16.740088105726873,2.2026431718061676,14.537444933920703,83.25991189427313,16.299559471365637,66.96035242290749
E00067483,231,76,38,38,155,13,142,32.900432900432904,16.450216450216452,16.450216450216452,67.09956709956711,5.627705627705628,61.471861471861466
E00067484,198,64,29,35,134,10,124,32.323232323232325,14.646464646464647,17.67676767676768,67.67676767676768,5.05050505050505,62.62626262626263
E00067485,306,83,29,54,223,32,191,27.124183006535947,9.477124183006536,17.647058823529413,72.87581699346404,10.457516339869281,62.41830065359477
E00067486,312,81,38,43,231,27,204,25.961538461538463,12.179487179487179,13.782051282051283,74.03846153846155,8.653846153846153,65.38461538461539
E00067487,246,42,5,37,204,24,180,17.073170731707318,2.0325203252032518,15.040650406504067,82.92682926829268,9.75609756097561,73.17073170731707
E00067488,278,40,10,30,238,31,207,14.388489208633093,3.5971223021582732,10.79136690647482,85.61151079136691,11.151079136690647,74.46043165467626
E00067490,286,48,18,30,238,34,204,16.783216783216783,6.293706293706294,10.48951048951049,83.21678321678321,11.888111888111888,71.32867132867133
E00067491,247,41,11,30,206,28,178,16.599190283400812,4.4534412955465585,12.145748987854251,83.40080971659918,11.336032388663968,72.06477732793523
E00067494,218,34,9,25,184,25,159,15.59633027522936,4.128440366972478,11.46788990825688,84.40366972477065,11.46788990825688,72.93577981651376
E00067495,406,69,21,48,337,37,300,16.995073891625616,5.172413793103448,11.822660098522167,83.00492610837439,9.113300492610838,73.89162561576354
E00067496,373,85,33,52,288,28,260,22.78820375335121,8.847184986595174,13.941018766756033,77.21179624664879,7.506702412868632,69.70509383378017
E00067497,380,62,26,36,318,35,283,16.315789473684212,6.842105263157896,9.473684210526317,83.6842105263158,9.210526315789473,74.47368421052632
E00067498,247,40,6,34,207,23,184,16.194331983805668,2.42914979757085,13.765182186234817,83.80566801619433,9.31174089068826,74.49392712550608
E00067499,276,39,13,26,237,32,205,14.130434782608695,4.710144927536232,9.420289855072465,85.86956521739131,11.594202898550725,74.27536231884058
E00067500,284,44,17,27,240,19,221,15.492957746478872,5.985915492957746,9.507042253521126,84.50704225352112,6.690140845070422,77.8169014084507
E00067501,298,43,19,24,255,23,232,14.429530201342283,6.375838926174497,8.053691275167784,85.57046979865773,7.718120805369128,77.85234899328859
E00067502,277,48,16,32,229,24,205,17.328519855595665,5.776173285198556,11.552346570397113,82.67148014440433,8.664259927797833,74.0072202166065
E00067503,287,51,16,35,236,22,214,17.770034843205575,5.574912891986063,12.195121951219512,82.22996515679442,7.665505226480835,74.56445993031359
E00067504,242,35,10,25,207,22,185,14.46280991735537,4.132231404958678,10.330578512396695,85.53719008264463,9.090909090909092,76.44628099173553
E00067505,287,98,61,37,189,27,162,34.146341463414636,21.254355400696863,12.89198606271777,65.85365853658537,9.40766550522648,56.44599303135889
E00067506,287,50,18,32,237,14,223,17.421602787456447,6.2717770034843205,11.149825783972126,82.57839721254355,4.878048780487805,77.70034843205575
E00067507,276,57,23,34,219,22,197,20.652173913043477,8.333333333333332,12.318840579710146,79.34782608695652,7.971014492753622,71.37681159420289
E00067508,214,39,16,23,175,22,153,18.22429906542056,7.476635514018691,10.74766355140187,81.77570093457945,10.2803738317757,71.49532710280374
E00067509,186,45,24,21,141,6,135,24.193548387096776,12.903225806451612,11.29032258064516,75.80645161290323,3.225806451612903,72.58064516129032
E00067510,366,64,24,40,302,40,262,17.48633879781421,6.557377049180328,10.92896174863388,82.5136612021858,10.92896174863388,71.58469945355192
E00067511,239,39,12,27,200,27,173,16.317991631799163,5.02092050209205,11.297071129707113,83.68200836820083,11.297071129707113,72.38493723849372
E00067512,283,36,7,29,247,23,224,12.7208480565371,2.4734982332155475,10.247349823321555,87.27915194346289,8.12720848056537,79.15194346289752
E00067513,337,62,19,43,275,27,248,18.397626112759642,5.637982195845697,12.759643916913946,81.60237388724035,8.011869436201781,73.59050445103857
E00067514,288,56,21,35,232,22,210,19.444444444444446,7.291666666666667,12.152777777777777,80.55555555555556,7.638888888888889,72.91666666666666
E00067515,314,33,13,20,281,21,260,10.509554140127388,4.140127388535031,6.369426751592357,89.49044585987261,6.687898089171974,82.80254777070064
E00067516,320,38,10,28,282,28,254,11.875,3.125,8.75,88.125,8.75,79.375
E00067517,277,39,13,26,238,22,216,14.079422382671481,4.693140794223827,9.386281588447654,85.92057761732852,7.9422382671480145,77.9783393501805
E00067518,332,44,12,32,288,28,260,13.253012048192772,3.614457831325301,9.63855421686747,86.74698795180723,8.433734939759036,78.3132530120482
E00067519,263,44,15,29,219,25,194,16.730038022813687,5.7034220532319395,11.02661596958175,83.26996197718631,9.505703422053232,73.76425855513308
E00067520,276,46,9,37,230,30,200,16.666666666666664,3.260869565217391,13.405797101449277,83.33333333333334,10.869565217391305,72.46376811594203
E00067521,226,103,60,43,123,25,98,45.57522123893805,26.548672566371685,19.02654867256637,54.424778761061944,11.061946902654867,43.36283185840708
E00067522,279,56,16,40,223,23,200,20.07168458781362,5.734767025089606,14.336917562724013,79.92831541218638,8.24372759856631,71.68458781362007
E00067523,224,51,20,31,173,22,151,22.767857142857142,8.928571428571429,13.839285714285715,77.23214285714286,9.821428571428571,67.41071428571429
E00067524,262,38,13,25,224,22,202,14.50381679389313,4.961832061068702,9.541984732824428,85.49618320610686,8.396946564885496,77.09923664122137
E00067525,261,41,11,30,220,18,202,15.708812260536398,4.21455938697318,11.494252873563218,84.2911877394636,6.896551724137931,77.39463601532567
E00067526,275,35,13,22,240,17,223,12.727272727272727,4.7272727272727275,8,87.27272727272727,6.181818181818182,81.0909090909091
E00067527,174,41,12,29,133,12,121,23.563218390804597,6.896551724137931,16.666666666666664,76.4367816091954,6.896551724137931,69.54022988505747
E00067528,253,66,29,37,187,19,168,26.08695652173913,11.462450592885375,14.624505928853754,73.91304347826086,7.5098814229249005,66.40316205533597
E00067529,159,47,21,26,112,15,97,29.559748427672954,13.20754716981132,16.352201257861633,70.44025157232704,9.433962264150944,61.0062893081761
E00067530,292,37,13,24,255,21,234,12.67123287671233,4.4520547945205475,8.21917808219178,87.32876712328768,7.191780821917808,80.13698630136986
E00067531,251,48,16,32,203,22,181,19.12350597609562,6.374501992031872,12.749003984063744,80.87649402390437,8.764940239043826,72.11155378486056
E00067532,231,23,7,16,208,36,172,9.956709956709958,3.0303030303030303,6.926406926406926,90.04329004329004,15.584415584415584,74.45887445887446
E00067533,243,44,12,32,199,20,179,18.106995884773664,4.938271604938271,13.168724279835391,81.89300411522635,8.23045267489712,73.66255144032921
E00067534,173,24,9,15,149,12,137,13.872832369942195,5.202312138728324,8.670520231213873,86.1271676300578,6.9364161849710975,79.1907514450867
E00067535,294,39,15,24,255,29,226,13.26530612244898,5.1020408163265305,8.16326530612245,86.73469387755102,9.863945578231291,76.87074829931973
E00067536,281,56,22,34,225,32,193,19.9288256227758,7.829181494661921,12.099644128113878,80.0711743772242,11.387900355871885,68.68327402135232
E00067537,280,56,24,32,224,21,203,20,8.571428571428571,11.428571428571429,80,7.5,72.5
E00067542,318,56,24,32,262,25,237,17.61006289308176,7.547169811320755,10.062893081761008,82.38993710691824,7.861635220125786,74.52830188679245
E00067543,205,54,20,34,151,12,139,26.34146341463415,9.75609756097561,16.585365853658537,73.65853658536585,5.853658536585367,67.8048780487805
E00067544,301,37,8,29,264,23,241,12.29235880398671,2.6578073089700998,9.634551495016613,87.70764119601328,7.641196013289036,80.06644518272425
E00067545,420,73,23,50,347,55,292,17.38095238095238,5.476190476190476,11.904761904761903,82.61904761904762,13.095238095238097,69.52380952380952
E00067546,242,48,18,30,194,24,170,19.834710743801654,7.43801652892562,12.396694214876034,80.16528925619835,9.917355371900827,70.24793388429752
E00067547,297,66,25,41,231,34,197,22.22222222222222,8.417508417508419,13.804713804713806,77.77777777777779,11.447811447811448,66.32996632996633
E00067548,297,47,15,32,250,33,217,15.824915824915825,5.05050505050505,10.774410774410773,84.17508417508418,11.11111111111111,73.06397306397307
E00067549,356,43,15,28,313,33,280,12.07865168539326,4.213483146067416,7.865168539325842,87.92134831460675,9.269662921348315,78.65168539325843
E00067550,292,49,13,36,243,29,214,16.78082191780822,4.4520547945205475,12.32876712328767,83.21917808219177,9.931506849315069,73.28767123287672
E00067552,328,63,14,49,265,26,239,19.20731707317073,4.2682926829268295,14.939024390243901,80.79268292682927,7.926829268292683,72.86585365853658
E00067553,432,109,58,51,323,31,292,25.23148148148148,13.425925925925927,11.805555555555555,74.76851851851852,7.175925925925926,67.5925925925926
E00067554,327,57,13,44,270,37,233,17.431192660550458,3.9755351681957185,13.455657492354739,82.56880733944955,11.314984709480122,71.25382262996942
E00067555,331,50,10,40,281,40,241,15.105740181268882,3.0211480362537766,12.084592145015106,84.89425981873111,12.084592145015106,72.80966767371602
E00067556,364,57,15,42,307,31,276,15.659340659340659,4.1208791208791204,11.538461538461538,84.34065934065934,8.516483516483516,75.82417582417582
E00067557,496,78,25,53,418,55,363,15.725806451612904,5.040322580645161,10.685483870967742,84.2741935483871,11.088709677419354,73.18548387096774
E00067558,313,51,9,42,262,32,230,16.293929712460063,2.8753993610223643,13.418530351437699,83.70607028753993,10.223642172523961,73.48242811501598
E00067559,306,58,22,36,248,27,221,18.954248366013072,7.18954248366013,11.76470588235294,81.04575163398692,8.823529411764707,72.22222222222221
E00067560,248,63,22,41,185,18,167,25.403225806451612,8.870967741935484,16.532258064516128,74.59677419354838,7.258064516129033,67.33870967741935
E00067561,411,60,19,41,351,44,307,14.5985401459854,4.622871046228711,9.975669099756692,85.40145985401459,10.70559610705596,74.69586374695864
E00067562,292,61,21,40,231,25,206,20.89041095890411,7.191780821917808,13.698630136986301,79.1095890410959,8.561643835616438,70.54794520547945
E00067563,388,68,18,50,320,29,291,17.525773195876287,4.639175257731959,12.886597938144329,82.4742268041237,7.474226804123711,75
E00067564,353,73,24,49,280,27,253,20.679886685552407,6.79886685552408,13.881019830028329,79.3201133144476,7.64872521246459,71.671388101983
E00067565,274,76,34,42,198,17,181,27.73722627737226,12.408759124087592,15.328467153284672,72.26277372262774,6.204379562043796,66.05839416058394
E00067566,371,82,35,47,289,19,270,22.10242587601078,9.433962264150944,12.668463611859837,77.89757412398922,5.121293800539084,72.77628032345014
E00067567,271,66,27,39,205,21,184,24.354243542435423,9.96309963099631,14.391143911439114,75.64575645756457,7.7490774907749085,67.89667896678966
E00067568,276,48,13,35,228,20,208,17.391304347826086,4.710144927536232,12.681159420289855,82.6086956521739,7.246376811594203,75.36231884057972
E00067569,279,65,32,33,214,30,184,23.297491039426525,11.469534050179211,11.827956989247312,76.70250896057348,10.75268817204301,65.94982078853047
E00067570,544,96,33,63,448,35,413,17.647058823529413,6.0661764705882355,11.580882352941178,82.35294117647058,6.4338235294117645,75.91911764705883
E00067571,275,46,22,24,229,27,202,16.727272727272727,8,8.727272727272728,83.27272727272728,9.818181818181818,73.45454545454545
E00067572,378,70,25,45,308,25,283,18.51851851851852,6.613756613756613,11.904761904761903,81.48148148148148,6.613756613756613,74.86772486772487
E00067573,290,62,18,44,228,21,207,21.379310344827587,6.206896551724138,15.172413793103448,78.62068965517241,7.241379310344828,71.37931034482759
E00067574,264,57,19,38,207,24,183,21.59090909090909,7.196969696969697,14.393939393939394,78.4090909090909,9.090909090909092,69.31818181818183
E00067575,295,59,31,28,236,27,209,20,10.508474576271185,9.491525423728813,80,9.152542372881356,70.84745762711864
E00067576,297,35,9,26,262,33,229,11.784511784511785,3.0303030303030303,8.754208754208754,88.21548821548821,11.11111111111111,77.10437710437711
E00067577,316,60,28,32,256,31,225,18.9873417721519,8.860759493670885,10.126582278481013,81.0126582278481,9.81012658227848,71.20253164556962
E00067578,245,38,10,28,207,32,175,15.510204081632653,4.081632653061225,11.428571428571429,84.48979591836735,13.061224489795919,71.42857142857143
E00067579,313,46,14,32,267,35,232,14.696485623003195,4.472843450479233,10.223642172523961,85.3035143769968,11.182108626198083,74.12140575079871
E00067580,311,37,9,28,274,28,246,11.89710610932476,2.8938906752411575,9.003215434083602,88.10289389067523,9.003215434083602,79.09967845659163
E00067581,436,82,37,45,354,35,319,18.807339449541285,8.486238532110093,10.321100917431194,81.19266055045871,8.027522935779817,73.1651376146789
E00067582,347,41,6,35,306,37,269,11.815561959654179,1.729106628242075,10.086455331412104,88.18443804034582,10.662824207492795,77.52161383285303
E00067583,330,43,11,32,287,35,252,13.030303030303031,3.3333333333333335,9.696969696969697,86.96969696969697,10.606060606060606,76.36363636363637
E00067584,356,48,13,35,308,36,272,13.48314606741573,3.651685393258427,9.831460674157304,86.51685393258427,10.112359550561797,76.40449438202246
E00067585,240,48,21,27,192,26,166,20,8.75,11.25,80,10.833333333333334,69.16666666666667
E00067586,278,54,23,31,224,24,200,19.424460431654676,8.273381294964029,11.151079136690647,80.57553956834532,8.633093525179856,71.94244604316546
E00067587,346,58,18,40,288,21,267,16.76300578034682,5.202312138728324,11.560693641618498,83.23699421965318,6.069364161849711,77.16763005780348
E00067588,251,36,16,20,215,25,190,14.342629482071715,6.374501992031872,7.968127490039841,85.65737051792829,9.9601593625498,75.69721115537848
E00067589,302,60,16,44,242,28,214,19.867549668874172,5.298013245033113,14.56953642384106,80.13245033112582,9.271523178807946,70.86092715231787
E00067590,196,50,18,32,146,18,128,25.510204081632654,9.183673469387756,16.3265306122449,74.48979591836735,9.183673469387756,65.3061224489796
E00067591,303,49,12,37,254,26,228,16.17161716171617,3.9603960396039604,12.211221122112212,83.82838283828383,8.58085808580858,75.24752475247524
E00067592,207,35,15,20,172,17,155,16.908212560386474,7.246376811594203,9.66183574879227,83.09178743961353,8.212560386473431,74.8792270531401
E00067593,250,48,21,27,202,23,179,19.2,8.4,10.8,80.80000000000001,9.2,71.6
E00067594,319,39,12,27,280,31,249,12.225705329153605,3.761755485893417,8.463949843260188,87.7742946708464,9.717868338557993,78.0564263322884
E00067595,451,66,31,35,385,39,346,14.634146341463413,6.873614190687362,7.760532150776053,85.36585365853658,8.647450110864744,76.71840354767184
E00067596,196,41,20,21,155,14,141,20.918367346938776,10.204081632653061,10.714285714285714,79.08163265306123,7.142857142857142,71.93877551020408
E00067598,264,45,10,35,219,29,190,17.045454545454543,3.787878787878788,13.257575757575758,82.95454545454545,10.984848484848484,71.96969696969697
E00067599,230,37,14,23,193,20,173,16.08695652173913,6.086956521739131,10,83.91304347826087,8.695652173913043,75.21739130434783
E00067600,223,31,13,18,192,26,166,13.901345291479823,5.829596412556054,8.071748878923767,86.09865470852019,11.659192825112108,74.43946188340807
E00067601,362,75,24,51,287,26,261,20.718232044198896,6.629834254143646,14.088397790055248,79.28176795580112,7.18232044198895,72.09944751381215
E00067602,350,51,16,35,299,28,271,14.571428571428571,4.571428571428571,10,85.42857142857143,8,77.42857142857143
E00067603,305,46,15,31,259,29,230,15.081967213114755,4.918032786885246,10.163934426229508,84.91803278688525,9.508196721311474,75.40983606557377
E00067604,263,61,21,40,202,19,183,23.193916349809886,7.984790874524715,15.209125475285171,76.80608365019012,7.224334600760455,69.58174904942965
E00067605,235,35,8,27,200,24,176,14.893617021276595,3.404255319148936,11.48936170212766,85.1063829787234,10.212765957446807,74.8936170212766
E00067606,257,40,12,28,217,16,201,15.56420233463035,4.669260700389105,10.894941634241246,84.43579766536965,6.22568093385214,78.21011673151752
E00067607,276,35,12,23,241,27,214,12.681159420289855,4.3478260869565215,8.333333333333332,87.31884057971014,9.782608695652174,77.53623188405797
E00067608,267,35,8,27,232,30,202,13.108614232209737,2.9962546816479403,10.112359550561797,86.89138576779027,11.235955056179774,75.65543071161048
E00067609,312,46,18,28,266,21,245,14.743589743589745,5.769230769230769,8.974358974358974,85.25641025641025,6.730769230769231,78.52564102564102
E00067610,282,59,20,39,223,27,196,20.921985815602838,7.092198581560284,13.829787234042554,79.07801418439716,9.574468085106384,69.50354609929079
E00067611,236,30,10,20,206,23,183,12.711864406779661,4.23728813559322,8.47457627118644,87.28813559322035,9.745762711864407,77.54237288135593
E00067612,351,42,10,32,309,31,278,11.965811965811966,2.849002849002849,9.116809116809117,88.03418803418803,8.831908831908832,79.2022792022792
E00067613,268,75,30,45,193,22,171,27.985074626865668,11.194029850746269,16.791044776119403,72.01492537313433,8.208955223880597,63.80597014925373
E00067614,302,82,35,47,220,19,201,27.1523178807947,11.589403973509933,15.562913907284766,72.84768211920529,6.291390728476822,66.55629139072848
E00067615,281,41,19,22,240,29,211,14.590747330960854,6.761565836298933,7.829181494661921,85.40925266903915,10.320284697508896,75.08896797153025
E00067616,326,32,5,27,294,30,264,9.815950920245399,1.5337423312883436,8.282208588957054,90.1840490797546,9.202453987730062,80.98159509202453
E00067617,233,35,11,24,198,30,168,15.021459227467812,4.721030042918455,10.300429184549357,84.97854077253218,12.875536480686694,72.1030042918455
E00067618,350,58,16,42,292,38,254,16.57142857142857,4.571428571428571,12,83.42857142857143,10.857142857142858,72.57142857142857
E00067619,328,35,9,26,293,26,267,10.670731707317072,2.7439024390243905,7.926829268292683,89.32926829268293,7.926829268292683,81.40243902439023
E00067620,224,25,3,22,199,31,168,11.160714285714286,1.3392857142857142,9.821428571428571,88.83928571428571,13.839285714285715,75
E00067621,315,59,29,30,256,31,225,18.73015873015873,9.206349206349207,9.523809523809524,81.26984126984127,9.841269841269842,71.42857142857143
E00067622,239,52,20,32,187,25,162,21.75732217573222,8.368200836820083,13.389121338912133,78.24267782426779,10.460251046025103,67.78242677824268
E00067623,273,38,5,33,235,38,197,13.91941391941392,1.8315018315018317,12.087912087912088,86.08058608058609,13.91941391941392,72.16117216117216
E00067624,209,40,11,29,169,23,146,19.138755980861244,5.263157894736842,13.875598086124402,80.86124401913875,11.004784688995215,69.85645933014354
E00067625,297,39,11,28,258,23,235,13.131313131313133,3.7037037037037033,9.427609427609427,86.86868686868688,7.744107744107744,79.12457912457911
E00067626,302,44,11,33,258,30,228,14.56953642384106,3.642384105960265,10.927152317880795,85.43046357615894,9.933774834437086,75.49668874172185
E00067627,276,37,10,27,239,20,219,13.405797101449277,3.6231884057971016,9.782608695652174,86.59420289855072,7.246376811594203,79.34782608695652
E00067628,293,41,12,29,252,23,229,13.993174061433447,4.09556313993174,9.897610921501707,86.00682593856655,7.849829351535837,78.15699658703072
E00067629,299,66,25,41,233,25,208,22.073578595317723,8.361204013377927,13.712374581939798,77.92642140468227,8.361204013377927,69.56521739130434
E00067630,308,48,14,34,260,24,236,15.584415584415584,4.545454545454546,11.03896103896104,84.4155844155844,7.792207792207792,76.62337662337663
E00067631,298,56,16,40,242,16,226,18.79194630872483,5.369127516778524,13.422818791946309,81.20805369127517,5.369127516778524,75.83892617449665
E00067632,285,46,14,32,239,20,219,16.140350877192983,4.912280701754386,11.228070175438596,83.85964912280703,7.017543859649122,76.84210526315789
E00067633,253,48,11,37,205,31,174,18.972332015810274,4.3478260869565215,14.624505928853754,81.02766798418972,12.25296442687747,68.77470355731225
E00067634,293,58,20,38,235,31,204,19.795221843003414,6.825938566552901,12.969283276450511,80.2047781569966,10.580204778156997,69.6245733788396
E00067635,302,46,13,33,256,22,234,15.2317880794702,4.304635761589404,10.927152317880795,84.76821192052981,7.28476821192053,77.48344370860927
E00067636,262,32,10,22,230,23,207,12.213740458015266,3.816793893129771,8.396946564885496,87.78625954198473,8.778625954198473,79.00763358778626
E00067637,415,64,17,47,351,38,313,15.421686746987953,4.096385542168675,11.325301204819278,84.57831325301206,9.156626506024097,75.42168674698794
E00067638,249,70,37,33,179,20,159,28.11244979919679,14.859437751004014,13.253012048192772,71.8875502008032,8.032128514056225,63.85542168674698
E00067639,384,63,19,44,321,35,286,16.40625,4.947916666666666,11.458333333333332,83.59375,9.114583333333332,74.47916666666666
E00067640,405,69,25,44,336,28,308,17.037037037037038,6.172839506172839,10.864197530864198,82.96296296296296,6.91358024691358,76.04938271604938
E00067641,299,41,7,34,258,28,230,13.712374581939798,2.341137123745819,11.37123745819398,86.2876254180602,9.364548494983277,76.92307692307693
E00067642,274,41,6,35,233,33,200,14.963503649635038,2.18978102189781,12.773722627737227,85.03649635036497,12.043795620437956,72.99270072992701
E00067643,321,57,14,43,264,41,223,17.75700934579439,4.361370716510903,13.395638629283487,82.2429906542056,12.77258566978193,69.47040498442367
E00067644,361,51,14,37,310,40,270,14.127423822714682,3.8781163434903045,10.249307479224377,85.87257617728532,11.080332409972298,74.79224376731301
E00067645,339,52,9,43,287,18,269,15.339233038348082,2.6548672566371683,12.684365781710916,84.66076696165192,5.3097345132743365,79.35103244837758
E00067646,411,57,10,47,354,35,319,13.86861313868613,2.4330900243309004,11.435523114355231,86.13138686131386,8.51581508515815,77.61557177615572
E00067647,290,32,4,28,258,21,237,11.03448275862069,1.3793103448275863,9.655172413793103,88.96551724137932,7.241379310344828,81.72413793103448
E00067648,348,58,17,41,290,25,265,16.666666666666664,4.885057471264368,11.781609195402298,83.33333333333334,7.183908045977011,76.14942528735632
E00067649,304,39,6,33,265,38,227,12.828947368421053,1.9736842105263157,10.855263157894738,87.17105263157895,12.5,74.67105263157895
E00067650,428,71,19,52,357,36,321,16.588785046728972,4.439252336448598,12.149532710280374,83.41121495327103,8.411214953271028,75
E00067651,439,86,30,56,353,22,331,19.58997722095672,6.83371298405467,12.756264236902052,80.41002277904327,5.0113895216400905,75.39863325740319
E00067652,355,67,17,50,288,37,251,18.87323943661972,4.788732394366197,14.084507042253522,81.12676056338029,10.422535211267606,70.70422535211267
E00067653,341,59,18,41,282,40,242,17.302052785923756,5.278592375366569,12.023460410557185,82.69794721407625,11.730205278592376,70.96774193548387
E00067654,351,58,14,44,293,26,267,16.524216524216524,3.9886039886039883,12.535612535612536,83.47578347578347,7.4074074074074066,76.06837606837607
E00067655,396,78,27,51,318,34,284,19.696969696969695,6.8181818181818175,12.878787878787879,80.3030303030303,8.585858585858585,71.71717171717171
E00067656,486,104,38,66,382,29,353,21.39917695473251,7.818930041152264,13.580246913580247,78.60082304526749,5.967078189300412,72.63374485596708
E00067657,310,62,17,45,248,28,220,20,5.483870967741936,14.516129032258066,80,9.032258064516128,70.96774193548387
E00067658,337,88,40,48,249,22,227,26.112759643916917,11.869436201780417,14.243323442136498,73.88724035608308,6.528189910979229,67.35905044510386
E00067659,473,91,32,59,382,21,361,19.23890063424947,6.765327695560254,12.473572938689218,80.76109936575054,4.439746300211417,76.32135306553911
E00067660,372,73,25,48,299,31,268,19.623655913978492,6.720430107526881,12.903225806451612,80.3763440860215,8.333333333333332,72.04301075268818
E00067661,362,60,22,38,302,29,273,16.574585635359114,6.077348066298343,10.497237569060774,83.42541436464089,8.011049723756907,75.41436464088397
E00067662,427,53,8,45,374,39,335,12.412177985948478,1.873536299765808,10.53864168618267,87.58782201405153,9.133489461358314,78.4543325526932
E00067664,254,47,17,30,207,24,183,18.503937007874015,6.692913385826772,11.811023622047244,81.49606299212599,9.448818897637794,72.04724409448819
E00067665,329,58,18,40,271,25,246,17.62917933130699,5.47112462006079,12.158054711246201,82.37082066869301,7.598784194528875,74.77203647416414
E00067666,273,66,23,43,207,14,193,24.175824175824175,8.424908424908425,15.75091575091575,75.82417582417582,5.128205128205128,70.6959706959707
E00067667,291,44,16,28,247,26,221,15.120274914089347,5.498281786941581,9.621993127147768,84.87972508591065,8.934707903780069,75.94501718213058
E00067668,343,66,23,43,277,30,247,19.24198250728863,6.705539358600583,12.536443148688047,80.75801749271136,8.746355685131196,72.01166180758017
E00067669,331,53,20,33,278,29,249,16.012084592145015,6.042296072507553,9.969788519637463,83.98791540785498,8.761329305135952,75.22658610271903
E00067670,289,72,33,39,217,28,189,24.91349480968858,11.418685121107266,13.494809688581316,75.08650519031141,9.688581314878892,65.39792387543253
E00067671,492,63,22,41,429,29,400,12.804878048780488,4.471544715447155,8.333333333333332,87.1951219512195,5.894308943089431,81.30081300813008
E00067672,248,62,26,36,186,26,160,25,10.483870967741936,14.516129032258066,75,10.483870967741936,64.51612903225806
E00067673,223,35,9,26,188,18,170,15.695067264573993,4.0358744394618835,11.659192825112108,84.30493273542601,8.071748878923767,76.23318385650224
E00067674,274,29,7,22,245,22,223,10.583941605839415,2.5547445255474455,8.02919708029197,89.41605839416059,8.02919708029197,81.38686131386861
E00067675,242,52,19,33,190,19,171,21.487603305785125,7.851239669421488,13.636363636363635,78.51239669421489,7.851239669421488,70.66115702479338
E00067676,304,44,13,31,260,23,237,14.473684210526317,4.276315789473684,10.197368421052632,85.52631578947368,7.565789473684211,77.96052631578947
E00067677,279,42,17,25,237,19,218,15.053763440860216,6.093189964157706,8.960573476702509,84.94623655913979,6.810035842293908,78.13620071684588
E00067678,268,38,11,27,230,26,204,14.17910447761194,4.104477611940299,10.074626865671641,85.82089552238806,9.701492537313433,76.11940298507463
E00067679,304,46,9,37,258,20,238,15.131578947368421,2.9605263157894735,12.171052631578947,84.86842105263158,6.578947368421052,78.28947368421053
E00067680,448,80,33,47,368,36,332,17.857142857142858,7.366071428571429,10.491071428571429,82.14285714285714,8.035714285714286,74.10714285714286
E00067681,329,62,21,41,267,28,239,18.84498480243161,6.382978723404255,12.462006079027356,81.15501519756839,8.51063829787234,72.64437689969606
E00067682,323,60,21,39,263,27,236,18.575851393188856,6.5015479876160995,12.074303405572756,81.42414860681114,8.359133126934983,73.06501547987617
E00067684,436,55,15,40,381,42,339,12.614678899082568,3.4403669724770642,9.174311926605505,87.38532110091744,9.63302752293578,77.75229357798165
E00067685,234,50,13,37,184,15,169,21.367521367521366,5.555555555555555,15.81196581196581,78.63247863247864,6.41025641025641,72.22222222222221
E00067686,252,43,8,35,209,24,185,17.063492063492063,3.1746031746031744,13.88888888888889,82.93650793650794,9.523809523809524,73.4126984126984
E00067687,229,41,23,18,188,25,163,17.903930131004365,10.043668122270741,7.860262008733625,82.09606986899564,10.91703056768559,71.17903930131004
E00067688,269,45,16,29,224,27,197,16.728624535315987,5.947955390334572,10.780669144981413,83.27137546468401,10.037174721189592,73.23420074349443
E00067689,267,71,33,38,196,18,178,26.591760299625467,12.359550561797752,14.232209737827715,73.40823970037454,6.741573033707865,66.66666666666666
E00067690,284,68,32,36,216,22,194,23.943661971830984,11.267605633802818,12.676056338028168,76.05633802816901,7.746478873239436,68.30985915492957
E00067691,492,81,25,56,411,30,381,16.463414634146343,5.08130081300813,11.38211382113821,83.53658536585365,6.097560975609756,77.4390243902439
E00067692,268,32,9,23,236,21,215,11.940298507462686,3.3582089552238807,8.582089552238806,88.05970149253731,7.835820895522389,80.22388059701493
E00067693,223,51,22,29,172,20,152,22.869955156950674,9.865470852017937,13.004484304932735,77.13004484304933,8.968609865470851,68.16143497757847
E00067694,226,26,5,21,200,28,172,11.504424778761061,2.2123893805309733,9.29203539823009,88.49557522123894,12.389380530973451,76.10619469026548
E00067695,347,144,79,65,203,28,175,41.4985590778098,22.76657060518732,18.73198847262248,58.501440922190206,8.069164265129682,50.43227665706051
E00067696,356,78,31,47,278,26,252,21.910112359550563,8.707865168539326,13.202247191011235,78.08988764044943,7.303370786516854,70.78651685393258
E00067697,237,70,35,35,167,16,151,29.535864978902953,14.767932489451477,14.767932489451477,70.46413502109705,6.751054852320674,63.71308016877637
E00067698,274,62,25,37,212,27,185,22.62773722627737,9.124087591240876,13.503649635036496,77.37226277372264,9.854014598540147,67.51824817518248
E00067699,231,59,25,34,172,23,149,25.541125541125542,10.822510822510822,14.71861471861472,74.45887445887446,9.956709956709958,64.5021645021645
E00067700,369,94,49,45,275,25,250,25.474254742547426,13.279132791327914,12.195121951219512,74.52574525745257,6.775067750677506,67.75067750677508
E00067701,252,52,24,28,200,17,183,20.634920634920633,9.523809523809524,11.11111111111111,79.36507936507937,6.746031746031746,72.61904761904762
E00067702,228,66,36,30,162,12,150,28.947368421052634,15.789473684210526,13.157894736842104,71.05263157894737,5.263157894736842,65.78947368421053
E00067703,283,53,16,37,230,18,212,18.727915194346288,5.6537102473498235,13.074204946996467,81.2720848056537,6.36042402826855,74.91166077738515
E00067704,211,79,43,36,132,16,116,37.44075829383886,20.379146919431278,17.061611374407583,62.55924170616114,7.5829383886255926,54.976303317535546
E00067706,337,41,9,32,296,34,262,12.166172106824925,2.6706231454005933,9.495548961424333,87.83382789317507,10.089020771513352,77.74480712166172
E00067707,268,52,19,33,216,19,197,19.402985074626866,7.08955223880597,12.313432835820896,80.59701492537313,7.08955223880597,73.50746268656717
E00067708,355,59,24,35,296,53,243,16.619718309859156,6.760563380281689,9.859154929577464,83.38028169014085,14.929577464788732,68.45070422535211
E00067709,256,25,4,21,231,29,202,9.765625,1.5625,8.203125,90.234375,11.328125,78.90625
E00067710,205,29,6,23,176,22,154,14.146341463414632,2.9268292682926833,11.219512195121952,85.85365853658537,10.731707317073171,75.1219512195122
E00067711,317,35,7,28,282,22,260,11.041009463722396,2.2082018927444795,8.832807570977918,88.95899053627761,6.940063091482649,82.01892744479495
E00067712,339,57,19,38,282,37,245,16.8141592920354,5.604719764011799,11.209439528023598,83.1858407079646,10.914454277286136,72.27138643067846
E00067713,259,41,7,34,218,21,197,15.83011583011583,2.7027027027027026,13.127413127413126,84.16988416988417,8.108108108108109,76.06177606177607
E00067714,572,124,71,53,448,50,398,21.678321678321677,12.412587412587413,9.265734265734265,78.32167832167832,8.741258741258742,69.58041958041959
E00067715,253,42,10,32,211,23,188,16.600790513833992,3.9525691699604746,12.648221343873518,83.399209486166,9.090909090909092,74.30830039525692
E00067716,337,43,10,33,294,37,257,12.759643916913946,2.967359050445104,9.792284866468842,87.24035608308606,10.979228486646884,76.26112759643917
E00067717,205,53,23,30,152,24,128,25.853658536585368,11.219512195121952,14.634146341463413,74.14634146341463,11.707317073170733,62.4390243902439
E00067718,270,62,30,32,208,23,185,22.962962962962962,11.11111111111111,11.851851851851853,77.03703703703704,8.518518518518519,68.51851851851852
E00067719,209,46,17,29,163,19,144,22.00956937799043,8.133971291866029,13.875598086124402,77.99043062200957,9.090909090909092,68.89952153110048
E00067720,247,52,20,32,195,19,176,21.052631578947366,8.097165991902834,12.955465587044534,78.94736842105263,7.6923076923076925,71.25506072874494
E00067721,253,41,21,20,212,32,180,16.205533596837945,8.300395256916996,7.905138339920949,83.79446640316206,12.648221343873518,71.14624505928853
E00067722,205,20,5,15,185,26,159,9.75609756097561,2.4390243902439024,7.317073170731707,90.2439024390244,12.682926829268293,77.5609756097561
E00067723,257,56,16,40,201,28,173,21.78988326848249,6.22568093385214,15.56420233463035,78.21011673151752,10.894941634241246,67.31517509727627
E00067724,304,40,5,35,264,37,227,13.157894736842104,1.644736842105263,11.513157894736842,86.8421052631579,12.171052631578947,74.67105263157895
E00067725,285,30,10,20,255,29,226,10.526315789473683,3.508771929824561,7.017543859649122,89.47368421052632,10.175438596491228,79.2982456140351
E00067726,223,24,4,20,199,19,180,10.762331838565023,1.7937219730941705,8.968609865470851,89.23766816143498,8.520179372197308,80.71748878923766
E00067727,256,37,9,28,219,25,194,14.453125,3.515625,10.9375,85.546875,9.765625,75.78125
E00067728,273,44,11,33,229,31,198,16.117216117216117,4.029304029304029,12.087912087912088,83.88278388278388,11.355311355311356,72.52747252747253
E00067729,196,36,20,16,160,22,138,18.367346938775512,10.204081632653061,8.16326530612245,81.63265306122449,11.224489795918368,70.40816326530613
E00067730,228,27,8,19,201,27,174,11.842105263157894,3.508771929824561,8.333333333333332,88.1578947368421,11.842105263157894,76.31578947368422
E00067731,252,42,13,29,210,29,181,16.666666666666664,5.158730158730158,11.507936507936508,83.33333333333334,11.507936507936508,71.82539682539682
E00067732,249,34,7,27,215,12,203,13.654618473895583,2.8112449799196786,10.843373493975903,86.34538152610442,4.819277108433735,81.52610441767068
E00067733,244,35,9,26,209,20,189,14.344262295081966,3.6885245901639343,10.655737704918032,85.65573770491804,8.19672131147541,77.45901639344262
E00067734,236,36,11,25,200,27,173,15.254237288135593,4.661016949152542,10.59322033898305,84.7457627118644,11.440677966101696,73.30508474576271
E00067735,217,36,10,26,181,19,162,16.589861751152075,4.6082949308755765,11.981566820276496,83.41013824884793,8.755760368663594,74.65437788018433
E00067736,205,25,3,22,180,19,161,12.195121951219512,1.4634146341463417,10.731707317073171,87.8048780487805,9.268292682926829,78.53658536585367
E00067737,257,30,8,22,227,31,196,11.673151750972762,3.11284046692607,8.560311284046692,88.32684824902724,12.062256809338521,76.26459143968872
E00067738,205,33,7,26,172,26,146,16.097560975609756,3.414634146341464,12.682926829268293,83.90243902439025,12.682926829268293,71.21951219512195
E00067740,232,29,4,25,203,14,189,12.5,1.7241379310344827,10.775862068965516,87.5,6.0344827586206895,81.46551724137932
E00067742,261,46,12,34,215,23,192,17.624521072796934,4.597701149425287,13.026819923371647,82.37547892720306,8.812260536398467,73.5632183908046
E00067743,180,55,24,31,125,20,105,30.555555555555557,13.333333333333334,17.22222222222222,69.44444444444444,11.11111111111111,58.333333333333336
E00067745,212,35,7,28,177,19,158,16.50943396226415,3.30188679245283,13.20754716981132,83.49056603773585,8.962264150943396,74.52830188679245
E00067746,302,51,18,33,251,30,221,16.887417218543046,5.960264900662252,10.927152317880795,83.11258278145695,9.933774834437086,73.17880794701986
E00067747,258,51,23,28,207,24,183,19.767441860465116,8.914728682170542,10.852713178294573,80.23255813953489,9.30232558139535,70.93023255813954
E00067748,263,34,10,24,229,26,203,12.927756653992395,3.802281368821293,9.125475285171103,87.07224334600761,9.885931558935361,77.18631178707224
E00067749,306,45,10,35,261,22,239,14.705882352941178,3.2679738562091507,11.437908496732026,85.29411764705883,7.18954248366013,78.10457516339869
E00067750,352,49,12,37,303,27,276,13.920454545454545,3.4090909090909087,10.511363636363637,86.07954545454545,7.670454545454546,78.4090909090909
E00067753,344,54,16,38,290,34,256,15.69767441860465,4.651162790697675,11.046511627906977,84.30232558139535,9.883720930232558,74.4186046511628
E00067754,463,75,27,48,388,46,342,16.19870410367171,5.831533477321814,10.367170626349893,83.8012958963283,9.935205183585314,73.86609071274299
E00067756,288,46,23,23,242,24,218,15.972222222222221,7.986111111111111,7.986111111111111,84.02777777777779,8.333333333333332,75.69444444444444
E00067757,331,56,16,40,275,22,253,16.91842900302115,4.833836858006042,12.084592145015106,83.08157099697885,6.646525679758309,76.43504531722054
E00067758,257,39,21,18,218,27,191,15.17509727626459,8.171206225680933,7.003891050583658,84.8249027237354,10.505836575875486,74.31906614785993
E00067759,278,47,13,34,231,31,200,16.906474820143885,4.676258992805756,12.23021582733813,83.09352517985612,11.151079136690647,71.94244604316546
E00067760,618,88,23,65,530,55,475,14.239482200647249,3.7216828478964405,10.517799352750808,85.76051779935275,8.89967637540453,76.86084142394822
E00067761,308,80,20,60,228,30,198,25.97402597402597,6.493506493506493,19.480519480519483,74.02597402597402,9.740259740259742,64.28571428571429
E00067762,263,53,15,38,210,26,184,20.15209125475285,5.7034220532319395,14.44866920152091,79.84790874524715,9.885931558935361,69.96197718631178
E00067763,297,37,14,23,260,38,222,12.457912457912458,4.713804713804714,7.744107744107744,87.54208754208754,12.794612794612794,74.74747474747475
E00067764,273,55,23,32,218,21,197,20.146520146520146,8.424908424908425,11.72161172161172,79.85347985347985,7.6923076923076925,72.16117216117216
E00067765,268,44,16,28,224,29,195,16.417910447761194,5.970149253731343,10.44776119402985,83.5820895522388,10.820895522388058,72.76119402985076
E00067766,286,45,12,33,241,39,202,15.734265734265735,4.195804195804196,11.538461538461538,84.26573426573427,13.636363636363635,70.62937062937063
E00067767,332,34,15,19,298,38,260,10.240963855421686,4.518072289156627,5.72289156626506,89.7590361445783,11.44578313253012,78.3132530120482
E00067768,234,28,5,23,206,26,180,11.965811965811966,2.1367521367521367,9.82905982905983,88.03418803418803,11.11111111111111,76.92307692307693
E00067769,321,49,16,33,272,34,238,15.264797507788161,4.984423676012461,10.2803738317757,84.73520249221184,10.59190031152648,74.14330218068535
E00067770,479,63,27,36,416,35,381,13.152400835073069,5.6367432150313155,7.515657620041753,86.84759916492693,7.306889352818372,79.54070981210856
E00067771,365,41,11,30,324,37,287,11.232876712328768,3.0136986301369864,8.21917808219178,88.76712328767124,10.136986301369863,78.63013698630137
E00067772,370,60,17,43,310,42,268,16.216216216216218,4.594594594594595,11.621621621621623,83.78378378378379,11.351351351351353,72.43243243243244
E00067773,354,37,9,28,317,36,281,10.451977401129943,2.5423728813559325,7.909604519774012,89.54802259887006,10.16949152542373,79.37853107344633
E00067774,316,57,17,40,259,17,242,18.037974683544302,5.379746835443038,12.658227848101266,81.9620253164557,5.379746835443038,76.58227848101265
E00067775,268,37,16,21,231,19,212,13.805970149253731,5.970149253731343,7.835820895522389,86.19402985074626,7.08955223880597,79.1044776119403
E00067776,320,47,14,33,273,30,243,14.6875,4.375,10.3125,85.3125,9.375,75.9375
E00067777,276,41,12,29,235,20,215,14.855072463768115,4.3478260869565215,10.507246376811594,85.14492753623189,7.246376811594203,77.89855072463769
E00067778,314,43,16,27,271,19,252,13.694267515923567,5.095541401273886,8.598726114649681,86.30573248407643,6.050955414012739,80.2547770700637
E00067779,413,81,28,53,332,29,303,19.612590799031477,6.779661016949152,12.832929782082324,80.38740920096852,7.021791767554479,73.36561743341404
E00067780,287,49,19,30,238,24,214,17.073170731707318,6.620209059233449,10.452961672473867,82.92682926829268,8.362369337979095,74.56445993031359
E00067781,292,67,22,45,225,23,202,22.945205479452056,7.534246575342466,15.41095890410959,77.05479452054794,7.876712328767123,69.17808219178082
E00067782,261,54,17,37,207,31,176,20.689655172413794,6.513409961685824,14.17624521072797,79.3103448275862,11.877394636015326,67.43295019157088
E00067783,337,56,17,39,281,33,248,16.61721068249258,5.044510385756676,11.572700296735905,83.38278931750742,9.792284866468842,73.59050445103857
E00067784,351,60,15,45,291,25,266,17.094017094017094,4.273504273504273,12.82051282051282,82.90598290598291,7.122507122507122,75.78347578347578
E00067785,315,53,17,36,262,22,240,16.825396825396826,5.396825396825397,11.428571428571429,83.17460317460318,6.984126984126984,76.19047619047619
E00067786,290,44,9,35,246,34,212,15.172413793103448,3.103448275862069,12.068965517241379,84.82758620689656,11.724137931034482,73.10344827586206
E00067787,277,35,12,23,242,36,206,12.63537906137184,4.332129963898916,8.303249097472925,87.36462093862815,12.996389891696749,74.36823104693141
E00067788,304,74,34,40,230,31,199,24.342105263157894,11.18421052631579,13.157894736842104,75.6578947368421,10.197368421052632,65.46052631578947
E00067789,343,44,15,29,299,29,270,12.82798833819242,4.373177842565598,8.454810495626822,87.17201166180757,8.454810495626822,78.71720116618076
E00067790,316,47,23,24,269,27,242,14.873417721518987,7.2784810126582276,7.59493670886076,85.12658227848101,8.544303797468354,76.58227848101265
E00067791,300,47,13,34,253,35,218,15.666666666666668,4.333333333333334,11.333333333333332,84.33333333333334,11.666666666666666,72.66666666666667
E00067792,254,43,14,29,211,31,180,16.92913385826772,5.511811023622047,11.41732283464567,83.07086614173228,12.204724409448819,70.86614173228347
E00067793,375,76,29,47,299,33,266,20.266666666666666,7.733333333333333,12.533333333333333,79.73333333333333,8.799999999999999,70.93333333333334
E00067794,230,41,14,27,189,25,164,17.82608695652174,6.086956521739131,11.73913043478261,82.17391304347827,10.869565217391305,71.30434782608695
E00067795,312,73,46,27,239,21,218,23.397435897435898,14.743589743589745,8.653846153846153,76.6025641025641,6.730769230769231,69.87179487179486
E00067796,285,12,3,9,273,32,241,4.2105263157894735,1.0526315789473684,3.1578947368421053,95.78947368421052,11.228070175438596,84.56140350877193
E00067798,243,50,16,34,193,18,175,20.5761316872428,6.584362139917696,13.991769547325102,79.42386831275721,7.4074074074074066,72.0164609053498
E00067799,252,58,21,37,194,17,177,23.015873015873016,8.333333333333332,14.682539682539684,76.98412698412699,6.746031746031746,70.23809523809523
E00067800,431,46,13,33,385,36,349,10.672853828306264,3.0162412993039442,7.65661252900232,89.32714617169374,8.352668213457076,80.97447795823666
E00067801,259,37,8,29,222,24,198,14.285714285714285,3.088803088803089,11.196911196911197,85.71428571428571,9.266409266409266,76.44787644787645
E00067802,305,30,7,23,275,27,248,9.836065573770492,2.2950819672131146,7.540983606557377,90.1639344262295,8.852459016393443,81.31147540983606
E00067803,321,46,14,32,275,18,257,14.330218068535824,4.361370716510903,9.968847352024921,85.66978193146417,5.607476635514018,80.06230529595015
E00067804,291,49,11,38,242,16,226,16.83848797250859,3.7800687285223367,13.058419243986256,83.16151202749141,5.498281786941581,77.66323024054984
E00067805,277,35,10,25,242,26,216,12.63537906137184,3.6101083032490973,9.025270758122744,87.36462093862815,9.386281588447654,77.9783393501805
E00067806,329,68,12,56,261,24,237,20.66869300911854,3.64741641337386,17.02127659574468,79.33130699088146,7.29483282674772,72.03647416413374
E00067807,281,40,12,28,241,35,206,14.23487544483986,4.270462633451958,9.9644128113879,85.76512455516014,12.455516014234876,73.30960854092527
E00067808,346,43,9,34,303,34,269,12.427745664739884,2.601156069364162,9.826589595375722,87.57225433526011,9.826589595375722,77.74566473988439
E00067810,252,54,15,39,198,23,175,21.428571428571427,5.952380952380952,15.476190476190476,78.57142857142857,9.126984126984127,69.44444444444444
E00067811,328,47,16,31,281,29,252,14.329268292682926,4.878048780487805,9.451219512195122,85.67073170731707,8.841463414634147,76.82926829268293
E00067812,367,47,12,35,320,37,283,12.806539509536785,3.2697547683923704,9.536784741144414,87.19346049046321,10.08174386920981,77.11171662125341
E00067813,359,55,16,39,304,40,264,15.32033426183844,4.456824512534819,10.86350974930362,84.67966573816156,11.142061281337048,73.53760445682451
E00067814,268,35,15,20,233,22,211,13.059701492537313,5.597014925373134,7.462686567164178,86.94029850746269,8.208955223880597,78.73134328358209
E00067815,405,43,10,33,362,28,334,10.617283950617285,2.4691358024691357,8.148148148148149,89.38271604938272,6.91358024691358,82.46913580246914
E00067816,334,40,11,29,294,26,268,11.976047904191617,3.293413173652695,8.682634730538922,88.02395209580838,7.784431137724551,80.23952095808383
E00067817,320,46,17,29,274,21,253,14.374999999999998,5.3125,9.0625,85.625,6.5625,79.0625
E00067818,262,43,15,28,219,17,202,16.412213740458014,5.7251908396946565,10.687022900763358,83.58778625954199,6.488549618320611,77.09923664122137
E00067819,554,78,31,47,476,40,436,14.079422382671481,5.595667870036101,8.483754512635379,85.92057761732852,7.2202166064981945,78.70036101083032
E00067820,274,39,10,29,235,27,208,14.233576642335766,3.64963503649635,10.583941605839415,85.76642335766424,9.854014598540147,75.91240875912408
E00067821,252,51,22,29,201,25,176,20.238095238095237,8.73015873015873,11.507936507936508,79.76190476190477,9.920634920634921,69.84126984126983
E00067822,267,52,17,35,215,31,184,19.475655430711612,6.367041198501873,13.108614232209737,80.52434456928839,11.610486891385769,68.91385767790263
E00067823,297,56,17,39,241,23,218,18.855218855218855,5.723905723905724,13.131313131313133,81.14478114478115,7.744107744107744,73.4006734006734
E00067824,315,50,12,38,265,23,242,15.873015873015872,3.8095238095238098,12.063492063492063,84.12698412698413,7.301587301587302,76.82539682539684
E00067825,306,92,53,39,214,16,198,30.065359477124183,17.320261437908496,12.745098039215685,69.93464052287581,5.228758169934641,64.70588235294117
E00067826,402,41,11,30,361,41,320,10.199004975124378,2.736318407960199,7.462686567164178,89.80099502487562,10.199004975124378,79.60199004975125
E00067828,466,61,25,36,405,37,368,13.090128755364807,5.36480686695279,7.725321888412018,86.9098712446352,7.939914163090128,78.96995708154506
E00067829,317,40,13,27,277,24,253,12.618296529968454,4.100946372239748,8.517350157728707,87.38170347003155,7.570977917981073,79.81072555205047
E00067830,319,48,9,39,271,26,245,15.047021943573668,2.8213166144200628,12.225705329153605,84.95297805642633,8.150470219435736,76.8025078369906
E00067831,295,49,14,35,246,24,222,16.610169491525422,4.745762711864407,11.864406779661017,83.38983050847457,8.135593220338983,75.2542372881356
E00067832,276,71,25,46,205,20,185,25.724637681159418,9.057971014492754,16.666666666666664,74.27536231884058,7.246376811594203,67.02898550724638
E00067833,501,51,14,37,450,43,407,10.179640718562874,2.7944111776447107,7.385229540918163,89.82035928143712,8.582834331337326,81.23752495009981
E00067834,390,45,8,37,345,35,310,11.538461538461538,2.051282051282051,9.487179487179487,88.46153846153845,8.974358974358974,79.48717948717949
E00067835,344,57,20,37,287,22,265,16.569767441860463,5.813953488372093,10.755813953488373,83.43023255813954,6.395348837209303,77.03488372093024
E00067836,362,43,14,29,319,32,287,11.878453038674033,3.867403314917127,8.011049723756907,88.12154696132598,8.83977900552486,79.28176795580112
E00067837,409,156,66,90,253,26,227,38.141809290953546,16.13691931540342,22.00488997555012,61.858190709046454,6.356968215158925,55.501222493887525
E00067838,266,44,7,37,222,16,206,16.541353383458645,2.631578947368421,13.909774436090224,83.45864661654136,6.015037593984962,77.44360902255639
E00067839,286,57,23,34,229,20,209,19.93006993006993,8.041958041958042,11.888111888111888,80.06993006993007,6.993006993006993,73.07692307692307
E00067840,199,27,7,20,172,15,157,13.5678391959799,3.5175879396984926,10.050251256281408,86.4321608040201,7.537688442211055,78.89447236180904
E00067841,320,35,14,21,285,29,256,10.9375,4.375,6.5625,89.0625,9.0625,80
E00067843,341,50,15,35,291,47,244,14.66275659824047,4.398826979472141,10.263929618768328,85.33724340175954,13.78299120234604,71.5542521994135
E00067844,320,58,17,41,262,31,231,18.125,5.3125,12.812499999999998,81.875,9.6875,72.1875
E00067845,329,49,14,35,280,36,244,14.893617021276595,4.25531914893617,10.638297872340425,85.1063829787234,10.94224924012158,74.16413373860182
E00067846,319,32,6,26,287,27,260,10.031347962382444,1.8808777429467085,8.150470219435736,89.96865203761756,8.463949843260188,81.50470219435736
E00067847,348,49,9,40,299,36,263,14.080459770114942,2.586206896551724,11.494252873563218,85.91954022988506,10.344827586206897,75.57471264367817
E00067848,395,40,14,26,355,27,328,10.126582278481013,3.5443037974683547,6.582278481012659,89.87341772151899,6.8354430379746836,83.0379746835443
E00067849,289,47,18,29,242,31,211,16.26297577854671,6.228373702422145,10.034602076124568,83.73702422145328,10.726643598615917,73.01038062283737
E00067850,221,13,3,10,208,22,186,5.88235294117647,1.3574660633484164,4.524886877828054,94.11764705882352,9.95475113122172,84.16289592760181
E00067851,287,43,13,30,244,19,225,14.982578397212542,4.529616724738676,10.452961672473867,85.01742160278745,6.620209059233449,78.397212543554
E00067852,301,79,43,36,222,22,200,26.245847176079735,14.285714285714285,11.960132890365449,73.75415282392026,7.308970099667775,66.44518272425249
E00067853,522,57,15,42,465,16,449,10.919540229885058,2.8735632183908044,8.045977011494253,89.08045977011494,3.065134099616858,86.01532567049809
E00067854,297,48,17,31,249,35,214,16.161616161616163,5.723905723905724,10.437710437710438,83.83838383838383,11.784511784511785,72.05387205387206
E00067855,276,45,19,26,231,22,209,16.304347826086957,6.884057971014493,9.420289855072465,83.69565217391305,7.971014492753622,75.72463768115942
E00067856,286,53,20,33,233,23,210,18.53146853146853,6.993006993006993,11.538461538461538,81.46853146853147,8.041958041958042,73.42657342657343
E00067857,278,46,15,31,232,23,209,16.546762589928058,5.39568345323741,11.151079136690647,83.45323741007195,8.273381294964029,75.17985611510791
E00067858,307,54,9,45,253,27,226,17.58957654723127,2.9315960912052117,14.65798045602606,82.41042345276874,8.794788273615636,73.61563517915309
E00067859,265,46,14,32,219,25,194,17.358490566037734,5.283018867924529,12.075471698113208,82.64150943396227,9.433962264150944,73.20754716981132
E00067860,333,59,18,41,274,27,247,17.71771771771772,5.405405405405405,12.312312312312311,82.28228228228228,8.108108108108109,74.17417417417418
E00067861,415,98,38,60,317,36,281,23.6144578313253,9.156626506024097,14.457831325301203,76.3855421686747,8.674698795180722,67.71084337349397
E00067862,378,67,23,44,311,15,296,17.724867724867725,6.084656084656085,11.64021164021164,82.27513227513228,3.968253968253968,78.3068783068783
E00067863,311,57,24,33,254,17,237,18.327974276527332,7.717041800643088,10.610932475884244,81.67202572347267,5.466237942122187,76.20578778135048
E00067864,255,37,9,28,218,31,187,14.50980392156863,3.5294117647058822,10.980392156862745,85.49019607843137,12.156862745098039,73.33333333333333
E00067865,261,55,28,27,206,17,189,21.0727969348659,10.727969348659004,10.344827586206897,78.9272030651341,6.513409961685824,72.41379310344827
E00067866,276,64,27,37,212,15,197,23.18840579710145,9.782608695652174,13.405797101449277,76.81159420289855,5.434782608695652,71.37681159420289
E00067867,407,121,74,47,286,32,254,29.72972972972973,18.181818181818183,11.547911547911548,70.27027027027027,7.862407862407863,62.40786240786241
E00067868,314,65,26,39,249,21,228,20.70063694267516,8.280254777070063,12.420382165605096,79.29936305732484,6.687898089171974,72.61146496815286
E00067869,337,74,29,45,263,28,235,21.958456973293767,8.605341246290802,13.353115727002967,78.04154302670622,8.30860534124629,69.73293768545994
E00067870,197,48,19,29,149,9,140,24.36548223350254,9.644670050761421,14.720812182741117,75.63451776649747,4.568527918781726,71.06598984771574
E00067871,251,55,18,37,196,11,185,21.91235059760956,7.171314741035857,14.741035856573706,78.08764940239044,4.382470119521913,73.70517928286853
E00067872,235,58,22,36,177,21,156,24.680851063829788,9.361702127659575,15.319148936170212,75.31914893617021,8.936170212765958,66.38297872340425
E00067873,389,46,21,25,343,28,315,11.825192802056556,5.3984575835475574,6.426735218508997,88.17480719794345,7.197943444730077,80.97686375321337
E00067874,269,55,27,28,214,19,195,20.44609665427509,10.037174721189592,10.408921933085502,79.5539033457249,7.063197026022305,72.4907063197026
E00067875,256,51,28,23,205,19,186,19.921875,10.9375,8.984375,80.078125,7.421875,72.65625
E00067876,262,65,29,36,197,21,176,24.80916030534351,11.068702290076336,13.740458015267176,75.19083969465649,8.015267175572518,67.17557251908397
E00067877,298,44,16,28,254,20,234,14.76510067114094,5.369127516778524,9.395973154362416,85.23489932885906,6.7114093959731544,78.52348993288591
E00067878,348,65,29,36,283,24,259,18.67816091954023,8.333333333333332,10.344827586206897,81.32183908045977,6.896551724137931,74.42528735632183
E00067879,431,53,22,31,378,23,355,12.296983758700696,5.104408352668213,7.192575406032482,87.70301624129931,5.336426914153132,82.36658932714617
E00067880,266,54,20,34,212,24,188,20.30075187969925,7.518796992481203,12.781954887218044,79.69924812030075,9.022556390977442,70.67669172932331
E00067881,298,46,13,33,252,26,226,15.436241610738255,4.3624161073825505,11.073825503355705,84.56375838926175,8.724832214765101,75.83892617449665
E00067882,331,61,27,34,270,29,241,18.429003021148034,8.157099697885197,10.27190332326284,81.57099697885197,8.761329305135952,72.80966767371602
E00067883,254,57,25,32,197,22,175,22.440944881889763,9.84251968503937,12.598425196850393,77.55905511811024,8.661417322834646,68.89763779527559
E00067884,253,50,16,34,203,18,185,19.76284584980237,6.324110671936759,13.438735177865613,80.23715415019763,7.114624505928854,73.12252964426878
E00067885,296,40,13,27,256,21,235,13.513513513513514,4.391891891891892,9.121621621621621,86.48648648648648,7.094594594594595,79.3918918918919
E00067886,248,37,15,22,211,22,189,14.919354838709678,6.048387096774194,8.870967741935484,85.08064516129032,8.870967741935484,76.20967741935483
E00067887,328,53,25,28,275,26,249,16.158536585365855,7.621951219512195,8.536585365853659,83.84146341463415,7.926829268292683,75.91463414634147
E00067888,313,44,12,32,269,33,236,14.057507987220447,3.8338658146964857,10.223642172523961,85.94249201277955,10.543130990415335,75.39936102236422
E00067889,348,42,12,30,306,31,275,12.068965517241379,3.4482758620689653,8.620689655172415,87.93103448275862,8.908045977011495,79.02298850574712
E00067890,292,52,18,34,240,28,212,17.80821917808219,6.164383561643835,11.643835616438356,82.1917808219178,9.58904109589041,72.6027397260274
E00067891,313,50,17,33,263,16,247,15.974440894568689,5.431309904153355,10.543130990415335,84.02555910543131,5.111821086261981,78.91373801916933
E00067892,263,57,26,31,206,17,189,21.673003802281368,9.885931558935361,11.787072243346007,78.32699619771863,6.4638783269961975,71.86311787072243
E00067893,250,73,33,40,177,16,161,29.2,13.200000000000001,16,70.8,6.4,64.4
E00067894,256,52,21,31,204,24,180,20.3125,8.203125,12.109375,79.6875,9.375,70.3125
E00067895,265,57,24,33,208,15,193,21.50943396226415,9.056603773584905,12.452830188679245,78.49056603773586,5.660377358490567,72.83018867924528
E00067896,299,57,26,31,242,22,220,19.063545150501675,8.695652173913043,10.367892976588628,80.93645484949833,7.357859531772576,73.57859531772574
E00067897,278,51,13,38,227,15,212,18.345323741007196,4.676258992805756,13.66906474820144,81.65467625899281,5.39568345323741,76.2589928057554
E00067898,198,67,36,31,131,7,124,33.83838383838384,18.181818181818183,15.656565656565657,66.16161616161617,3.535353535353535,62.62626262626263
E00067899,310,51,13,38,259,23,236,16.451612903225808,4.193548387096775,12.258064516129032,83.54838709677419,7.419354838709677,76.12903225806451
E00067900,354,68,28,40,286,33,253,19.2090395480226,7.909604519774012,11.299435028248588,80.7909604519774,9.322033898305085,71.46892655367232
E00067901,299,64,20,44,235,40,195,21.40468227424749,6.688963210702341,14.715719063545151,78.59531772575251,13.377926421404682,65.21739130434783
E00067902,237,51,18,33,186,19,167,21.518987341772153,7.59493670886076,13.924050632911392,78.48101265822784,8.016877637130802,70.46413502109705
E00067903,358,66,26,40,292,34,258,18.435754189944134,7.262569832402235,11.1731843575419,81.56424581005587,9.497206703910614,72.06703910614524
E00067904,286,41,17,24,245,19,226,14.335664335664337,5.944055944055944,8.391608391608392,85.66433566433567,6.643356643356643,79.02097902097903
E00067905,280,16,6,10,264,27,237,5.714285714285714,2.142857142857143,3.571428571428571,94.28571428571428,9.642857142857144,84.64285714285714
E00067906,383,59,16,43,324,44,280,15.404699738903393,4.177545691906006,11.22715404699739,84.59530026109661,11.488250652741515,73.10704960835508
E00067907,266,34,8,26,232,25,207,12.781954887218044,3.007518796992481,9.774436090225564,87.21804511278195,9.398496240601503,77.81954887218046
E00067908,340,34,10,24,306,30,276,10,2.941176470588235,7.0588235294117645,90,8.823529411764707,81.17647058823529
E00067909,224,40,13,27,184,14,170,17.857142857142858,5.803571428571429,12.053571428571429,82.14285714285714,6.25,75.89285714285714
E00067910,286,38,11,27,248,16,232,13.286713286713287,3.8461538461538463,9.44055944055944,86.7132867132867,5.594405594405594,81.11888111888112
E00067911,328,33,9,24,295,30,265,10.060975609756099,2.7439024390243905,7.317073170731707,89.9390243902439,9.146341463414634,80.79268292682927
E00067912,317,39,11,28,278,25,253,12.302839116719243,3.4700315457413247,8.832807570977918,87.69716088328076,7.886435331230284,79.81072555205047
E00067913,450,72,12,60,378,45,333,16,2.666666666666667,13.333333333333334,84,10,74
E00067914,242,35,8,27,207,24,183,14.46280991735537,3.3057851239669422,11.15702479338843,85.53719008264463,9.917355371900827,75.6198347107438
E00067915,138,16,5,11,122,13,109,11.594202898550725,3.6231884057971016,7.971014492753622,88.40579710144928,9.420289855072465,78.98550724637681
E00067916,311,51,20,31,260,30,230,16.39871382636656,6.430868167202572,9.967845659163988,83.60128617363344,9.646302250803858,73.95498392282958
E00067917,305,45,11,34,260,23,237,14.754098360655737,3.606557377049181,11.147540983606557,85.24590163934425,7.540983606557377,77.70491803278688
E00170122,216,40,8,32,176,15,161,18.51851851851852,3.7037037037037033,14.814814814814813,81.48148148148148,6.944444444444445,74.53703703703704
E00170123,2570,445,93,352,2125,261,1864,17.315175097276263,3.618677042801557,13.69649805447471,82.68482490272373,10.155642023346303,72.52918287937743
E00170124,1864,331,52,279,1533,161,1372,17.757510729613735,2.7896995708154506,14.967811158798284,82.24248927038627,8.63733905579399,73.60515021459227
E00170126,396,98,56,42,298,43,255,24.747474747474747,14.14141414141414,10.606060606060606,75.25252525252525,10.85858585858586,64.39393939393939
E00170127,338,52,14,38,286,16,270,15.384615384615385,4.142011834319527,11.242603550295858,84.61538461538461,4.733727810650888,79.88165680473372
E00170128,168,29,14,15,139,12,127,17.261904761904763,8.333333333333332,8.928571428571429,82.73809523809523,7.142857142857142,75.59523809523809
E00170129,230,30,13,17,200,17,183,13.043478260869565,5.6521739130434785,7.391304347826087,86.95652173913044,7.391304347826087,79.56521739130434
E00170130,264,35,9,26,229,18,211,13.257575757575758,3.4090909090909087,9.848484848484848,86.74242424242425,6.8181818181818175,79.92424242424242
E00170132,166,29,4,25,137,13,124,17.46987951807229,2.4096385542168677,15.060240963855422,82.53012048192771,7.83132530120482,74.69879518072288
E00170133,297,79,41,38,218,16,202,26.599326599326602,13.804713804713806,12.794612794612794,73.4006734006734,5.387205387205387,68.01346801346801
E00170134,228,38,15,23,190,16,174,16.666666666666664,6.578947368421052,10.087719298245613,83.33333333333334,7.017543859649122,76.31578947368422
E00170137,241,31,12,19,210,20,190,12.863070539419086,4.979253112033195,7.883817427385892,87.13692946058092,8.29875518672199,78.83817427385893
E00170138,263,45,12,33,218,27,191,17.110266159695815,4.562737642585551,12.547528517110266,82.88973384030417,10.26615969581749,72.6235741444867
E00170140,136,28,7,21,108,9,99,20.588235294117645,5.147058823529411,15.441176470588236,79.41176470588235,6.61764705882353,72.79411764705883
E00170141,192,38,10,28,154,20,134,19.791666666666664,5.208333333333334,14.583333333333334,80.20833333333334,10.416666666666668,69.79166666666666
E00170142,183,32,7,25,151,24,127,17.48633879781421,3.825136612021858,13.661202185792352,82.5136612021858,13.114754098360656,69.39890710382514
E00170143,186,15,3,12,171,21,150,8.064516129032258,1.6129032258064515,6.451612903225806,91.93548387096774,11.29032258064516,80.64516129032258
E00170144,255,20,10,10,235,27,208,7.8431372549019605,3.9215686274509802,3.9215686274509802,92.15686274509804,10.588235294117647,81.56862745098039
E00170145,190,23,5,18,167,20,147,12.105263157894736,2.631578947368421,9.473684210526317,87.89473684210526,10.526315789473683,77.36842105263158
E00170146,234,25,7,18,209,19,190,10.683760683760683,2.9914529914529915,7.6923076923076925,89.31623931623932,8.11965811965812,81.19658119658119
E00170147,264,43,9,34,221,25,196,16.28787878787879,3.4090909090909087,12.878787878787879,83.71212121212122,9.469696969696969,74.24242424242425
E00170148,169,39,12,27,130,16,114,23.076923076923077,7.100591715976331,15.976331360946746,76.92307692307693,9.467455621301776,67.45562130177515
E00170149,191,34,6,28,157,18,139,17.801047120418847,3.1413612565445024,14.659685863874344,82.19895287958116,9.424083769633508,72.77486910994764
E00170150,159,27,7,20,132,13,119,16.9811320754717,4.40251572327044,12.578616352201259,83.01886792452831,8.176100628930817,74.84276729559748
E00170151,265,36,8,28,229,21,208,13.584905660377359,3.018867924528302,10.566037735849058,86.41509433962264,7.9245283018867925,78.49056603773586
E00170152,333,26,7,19,307,27,280,7.807807807807808,2.1021021021021022,5.7057057057057055,92.1921921921922,8.108108108108109,84.08408408408408
E00170154,104,17,6,11,87,11,76,16.346153846153847,5.769230769230769,10.576923076923077,83.65384615384616,10.576923076923077,73.07692307692307
E00170155,329,58,18,40,271,29,242,17.62917933130699,5.47112462006079,12.158054711246201,82.37082066869301,8.814589665653495,73.55623100303951
E00170157,368,57,9,48,311,34,277,15.489130434782608,2.4456521739130435,13.043478260869565,84.51086956521739,9.239130434782608,75.27173913043478
E00185467,362,81,32,49,281,34,247,22.375690607734807,8.83977900552486,13.535911602209943,77.62430939226519,9.392265193370166,68.23204419889503
E00185468,304,67,17,50,237,32,205,22.039473684210524,5.592105263157895,16.447368421052634,77.96052631578947,10.526315789473683,67.43421052631578
E00185470,571,86,22,64,485,43,442,15.061295971978982,3.852889667250438,11.208406304728546,84.93870402802102,7.530647985989491,77.40805604203153
E00185471,361,49,19,30,312,21,291,13.573407202216067,5.263157894736842,8.310249307479225,86.42659279778393,5.8171745152354575,80.60941828254848
E00185472,193,30,7,23,163,22,141,15.544041450777202,3.6269430051813467,11.917098445595855,84.4559585492228,11.398963730569948,73.05699481865285
E00185477,228,37,15,22,191,23,168,16.228070175438596,6.578947368421052,9.649122807017543,83.77192982456141,10.087719298245613,73.68421052631578
E00185478,315,42,13,29,273,33,240,13.333333333333334,4.1269841269841265,9.206349206349207,86.66666666666667,10.476190476190476,76.19047619047619
E00185479,331,58,20,38,273,30,243,17.522658610271904,6.042296072507553,11.48036253776435,82.4773413897281,9.06344410876133,73.41389728096676
E00185480,297,32,6,26,265,24,241,10.774410774410773,2.0202020202020203,8.754208754208754,89.22558922558923,8.080808080808081,81.14478114478115
E00185482,309,33,11,22,276,29,247,10.679611650485436,3.559870550161812,7.119741100323624,89.32038834951457,9.385113268608414,79.93527508090615
E00185484,499,70,13,57,429,31,398,14.02805611222445,2.6052104208416833,11.422845691382765,85.97194388777555,6.212424849699398,79.75951903807615
E00185485,266,32,11,21,234,19,215,12.030075187969924,4.135338345864661,7.894736842105263,87.96992481203007,7.142857142857142,80.82706766917293
E00185486,111,17,7,10,94,6,88,15.315315315315313,6.306306306306306,9.00900900900901,84.68468468468468,5.405405405405405,79.27927927927928
E00185488,112,70,47,23,42,6,36,62.5,41.964285714285715,20.535714285714285,37.5,5.357142857142857,32.142857142857146
E00185491,403,96,40,56,307,22,285,23.82133995037221,9.925558312655088,13.895781637717123,76.1786600496278,5.459057071960298,70.71960297766749
E00185493,329,102,42,60,227,32,195,31.00303951367781,12.76595744680851,18.237082066869302,68.9969604863222,9.72644376899696,59.27051671732523
E00185494,249,43,4,39,206,12,194,17.269076305220885,1.6064257028112447,15.66265060240964,82.73092369477911,4.819277108433735,77.91164658634538
E00185498,247,55,11,44,192,21,171,22.267206477732792,4.4534412955465585,17.813765182186234,77.7327935222672,8.502024291497975,69.23076923076923
E00185503,440,48,12,36,392,42,350,10.909090909090908,2.727272727272727,8.181818181818182,89.0909090909091,9.545454545454547,79.54545454545455
E00185504,104,15,3,12,89,10,79,14.423076923076922,2.8846153846153846,11.538461538461538,85.57692307692307,9.615384615384617,75.96153846153845
E00185506,274,33,13,20,241,24,217,12.043795620437956,4.744525547445255,7.2992700729927,87.95620437956204,8.75912408759124,79.1970802919708
E00185509,318,63,20,43,255,38,217,19.81132075471698,6.289308176100629,13.522012578616351,80.18867924528303,11.949685534591195,68.23899371069182
E00185510,618,47,15,32,571,15,556,7.605177993527508,2.4271844660194173,5.177993527508091,92.39482200647248,2.4271844660194173,89.96763754045307
E00185511,528,96,23,73,432,28,404,18.181818181818183,4.356060606060606,13.825757575757574,81.81818181818183,5.303030303030303,76.51515151515152
E00185512,326,31,7,24,295,34,261,9.509202453987731,2.147239263803681,7.361963190184049,90.49079754601227,10.429447852760736,80.06134969325154
E00185514,459,33,10,23,426,41,385,7.18954248366013,2.178649237472767,5.010893246187364,92.81045751633987,8.932461873638346,83.87799564270153
E00185515,467,58,8,50,409,37,372,12.419700214132762,1.7130620985010707,10.706638115631693,87.58029978586723,7.922912205567452,79.65738758029978
E00185516,115,13,2,11,102,6,96,11.304347826086957,1.7391304347826086,9.565217391304348,88.69565217391305,5.217391304347826,83.47826086956522
E00185520,1073,145,12,133,928,89,839,13.513513513513514,1.1183597390493942,12.39515377446412,86.48648648648648,8.294501397949674,78.19198508853681
E00185526,181,23,11,12,158,10,148,12.70718232044199,6.077348066298343,6.629834254143646,87.29281767955801,5.524861878453039,81.76795580110497
E00185530,316,38,7,31,278,25,253,12.025316455696203,2.2151898734177213,9.81012658227848,87.9746835443038,7.9113924050632916,80.0632911392405
E00185531,607,106,31,75,501,50,451,17.462932454695224,5.107084019769357,12.355848434925864,82.53706754530478,8.237232289950576,74.2998352553542
E00185533,266,29,7,22,237,36,201,10.902255639097744,2.631578947368421,8.270676691729323,89.09774436090225,13.533834586466165,75.56390977443608
E00185536,334,54,13,41,280,29,251,16.16766467065868,3.8922155688622757,12.275449101796406,83.8323353293413,8.682634730538922,75.1497005988024
E00185539,427,70,15,55,357,57,300,16.39344262295082,3.51288056206089,12.88056206088993,83.60655737704919,13.348946135831383,70.2576112412178
E00185540,187,26,6,20,161,20,141,13.903743315508022,3.2085561497326207,10.695187165775401,86.09625668449198,10.695187165775401,75.40106951871658
E00185541,516,62,22,40,454,29,425,12.015503875968992,4.263565891472868,7.751937984496124,87.98449612403101,5.62015503875969,82.36434108527132
E00185544,561,75,22,53,486,46,440,13.368983957219251,3.9215686274509802,9.44741532976827,86.63101604278076,8.19964349376114,78.43137254901961
E00185545,133,23,3,20,110,14,96,17.293233082706767,2.2556390977443606,15.037593984962406,82.70676691729322,10.526315789473683,72.18045112781954
E00185546,363,66,35,31,297,34,263,18.181818181818183,9.641873278236915,8.539944903581267,81.81818181818183,9.366391184573002,72.45179063360881
E00185550,127,8,2,6,119,19,100,6.299212598425196,1.574803149606299,4.724409448818897,93.7007874015748,14.960629921259844,78.74015748031496
E00185552,147,25,6,19,122,15,107,17.006802721088434,4.081632653061225,12.925170068027212,82.99319727891157,10.204081632653061,72.78911564625851
E00185555,102,14,3,11,88,12,76,13.725490196078432,2.941176470588235,10.784313725490197,86.27450980392157,11.76470588235294,74.50980392156863
E00185558,311,32,10,22,279,20,259,10.289389067524116,3.215434083601286,7.07395498392283,89.71061093247589,6.430868167202572,83.27974276527331
E00185561,453,50,19,31,403,29,374,11.037527593818984,4.194260485651214,6.843267108167771,88.96247240618102,6.401766004415011,82.560706401766
E00185562,396,65,17,48,331,28,303,16.414141414141415,4.292929292929292,12.121212121212121,83.58585858585859,7.07070707070707,76.51515151515152
E00185563,283,32,7,25,251,26,225,11.307420494699647,2.4734982332155475,8.8339222614841,88.69257950530034,9.187279151943462,79.50530035335689
