OA,ts0590001,ts0590002,ts0590003,ts0590004,ts0590005,ts0590006,ts0590007,ts0590002_PCT,ts0590003_PCT,ts0590004_PCT,ts0590005_PCT,ts0590006_PCT,ts0590007_PCT
E00007793,188,38,15,23,150,128,22,20.212765957446805,7.9787234042553195,12.23404255319149,79.7872340425532,68.08510638297872,11.702127659574469
E00007794,234,54,20,34,180,157,23,23.076923076923077,8.547008547008547,14.529914529914532,76.92307692307693,67.09401709401709,9.82905982905983
E00007795,197,42,14,28,155,131,24,21.31979695431472,7.1065989847715745,14.213197969543149,78.68020304568529,66.49746192893402,12.18274111675127
E00007796,158,56,14,42,102,95,7,35.44303797468354,8.860759493670885,26.582278481012654,64.55696202531645,60.12658227848101,4.430379746835443
E00007798,121,39,9,30,82,72,10,32.231404958677686,7.43801652892562,24.793388429752067,67.76859504132231,59.50413223140496,8.264462809917356
E00007799,145,53,13,40,92,80,12,36.55172413793103,8.96551724137931,27.586206896551722,63.44827586206897,55.172413793103445,8.275862068965518
E00007800,183,38,12,26,145,125,20,20.76502732240437,6.557377049180328,14.207650273224044,79.23497267759562,68.30601092896174,10.92896174863388
E00007801,157,47,16,31,110,86,24,29.936305732484076,10.191082802547772,19.745222929936308,70.06369426751591,54.77707006369427,15.286624203821656
E00007802,184,52,17,35,132,119,13,28.26086956521739,9.239130434782608,19.021739130434785,71.73913043478261,64.67391304347827,7.065217391304348
E00007803,191,56,11,45,135,114,21,29.31937172774869,5.7591623036649215,23.56020942408377,70.68062827225131,59.68586387434554,10.99476439790576
E00007804,156,52,17,35,104,89,15,33.33333333333333,10.897435897435898,22.435897435897438,66.66666666666666,57.05128205128205,9.615384615384617
E00007805,185,58,22,36,127,115,12,31.351351351351354,11.891891891891893,19.45945945945946,68.64864864864865,62.16216216216216,6.486486486486487
E00007806,163,41,15,26,122,103,19,25.153374233128833,9.202453987730062,15.950920245398773,74.84662576687117,63.190184049079754,11.65644171779141
E00007807,144,48,12,36,96,85,11,33.33333333333333,8.333333333333332,25,66.66666666666666,59.02777777777778,7.638888888888889
E00007808,247,53,20,33,194,159,35,21.45748987854251,8.097165991902834,13.360323886639677,78.54251012145748,64.37246963562752,14.17004048582996
E00007809,162,40,11,29,122,107,15,24.691358024691358,6.790123456790123,17.901234567901234,75.30864197530865,66.0493827160494,9.25925925925926
E00007810,153,33,11,22,120,107,13,21.568627450980394,7.18954248366013,14.37908496732026,78.43137254901961,69.93464052287581,8.49673202614379
E00007811,116,37,13,24,79,71,8,31.896551724137932,11.206896551724139,20.689655172413794,68.10344827586206,61.206896551724135,6.896551724137931
E00007812,184,52,20,32,132,108,24,28.26086956521739,10.869565217391305,17.391304347826086,71.73913043478261,58.69565217391305,13.043478260869565
E00007813,184,50,14,36,134,116,18,27.173913043478258,7.608695652173914,19.565217391304348,72.82608695652173,63.04347826086957,9.782608695652174
E00007814,167,53,18,35,114,99,15,31.736526946107784,10.778443113772456,20.958083832335326,68.26347305389223,59.281437125748504,8.982035928143713
E00007815,84,22,10,12,62,54,8,26.190476190476193,11.904761904761903,14.285714285714285,73.80952380952381,64.28571428571429,9.523809523809524
E00007816,98,40,12,28,58,47,11,40.816326530612244,12.244897959183673,28.57142857142857,59.183673469387756,47.95918367346938,11.224489795918368
E00007817,176,43,13,30,133,105,28,24.431818181818183,7.386363636363637,17.045454545454543,75.56818181818183,59.65909090909091,15.909090909090908
E00007818,116,43,15,28,73,60,13,37.06896551724138,12.931034482758621,24.137931034482758,62.93103448275862,51.724137931034484,11.206896551724139
E00007819,130,41,15,26,89,78,11,31.538461538461537,11.538461538461538,20,68.46153846153847,60,8.461538461538462
E00007820,183,53,20,33,130,105,25,28.96174863387978,10.92896174863388,18.0327868852459,71.03825136612022,57.377049180327866,13.661202185792352
E00007821,176,64,25,39,112,103,9,36.36363636363637,14.204545454545455,22.15909090909091,63.63636363636363,58.52272727272727,5.113636363636364
E00007822,93,38,13,25,55,49,6,40.86021505376344,13.978494623655912,26.881720430107524,59.13978494623656,52.68817204301075,6.451612903225806
E00007823,154,53,14,39,101,88,13,34.41558441558442,9.090909090909092,25.324675324675322,65.5844155844156,57.14285714285714,8.441558441558442
E00007824,137,44,21,23,93,76,17,32.11678832116788,15.328467153284672,16.78832116788321,67.88321167883211,55.47445255474452,12.408759124087592
E00007825,201,63,19,44,138,119,19,31.343283582089555,9.45273631840796,21.890547263681594,68.65671641791045,59.20398009950249,9.45273631840796
E00007826,131,41,11,30,90,78,12,31.297709923664126,8.396946564885496,22.900763358778626,68.70229007633588,59.541984732824424,9.16030534351145
E00007827,150,45,12,33,105,93,12,30,8,22,70,62,8
E00007828,159,68,21,47,91,80,11,42.76729559748428,13.20754716981132,29.559748427672954,57.23270440251572,50.314465408805034,6.918238993710692
E00007829,189,70,41,29,119,103,16,37.03703703703704,21.693121693121693,15.343915343915343,62.96296296296296,54.4973544973545,8.465608465608465
E00007830,130,42,11,31,88,71,17,32.30769230769231,8.461538461538462,23.846153846153847,67.6923076923077,54.61538461538461,13.076923076923078
E00007831,125,42,8,34,83,76,7,33.6,6.4,27.200000000000003,66.4,60.8,5.6000000000000005
E00007832,115,36,12,24,79,68,11,31.30434782608696,10.434782608695652,20.869565217391305,68.69565217391305,59.130434782608695,9.565217391304348
E00007833,133,52,11,41,81,70,11,39.097744360902254,8.270676691729323,30.82706766917293,60.902255639097746,52.63157894736842,8.270676691729323
E00007834,124,49,20,29,75,61,14,39.516129032258064,16.129032258064516,23.387096774193548,60.483870967741936,49.193548387096776,11.29032258064516
E00007835,163,42,11,31,121,109,12,25.766871165644172,6.748466257668712,19.018404907975462,74.23312883435584,66.87116564417178,7.361963190184049
E00007836,127,41,11,30,86,76,10,32.28346456692913,8.661417322834646,23.62204724409449,67.71653543307087,59.84251968503938,7.874015748031496
E00007837,199,64,25,39,135,113,22,32.1608040201005,12.562814070351758,19.597989949748744,67.8391959798995,56.78391959798995,11.055276381909549
E00007838,131,46,17,29,85,76,9,35.11450381679389,12.977099236641221,22.137404580152673,64.8854961832061,58.01526717557252,6.870229007633588
E00007839,151,31,12,19,120,90,30,20.52980132450331,7.9470198675496695,12.582781456953644,79.47019867549669,59.60264900662252,19.867549668874172
E00007840,144,22,11,11,122,88,34,15.277777777777779,7.638888888888889,7.638888888888889,84.72222222222221,61.111111111111114,23.61111111111111
E00007841,98,19,10,9,79,61,18,19.387755102040817,10.204081632653061,9.183673469387756,80.61224489795919,62.244897959183675,18.367346938775512
E00007842,136,24,14,10,112,94,18,17.647058823529413,10.294117647058822,7.352941176470589,82.35294117647058,69.11764705882352,13.23529411764706
E00007843,160,33,14,19,127,106,21,20.625,8.75,11.875,79.375,66.25,13.125
E00007844,182,34,13,21,148,115,33,18.681318681318682,7.142857142857142,11.538461538461538,81.31868131868131,63.18681318681318,18.13186813186813
E00007845,132,31,9,22,101,59,42,23.484848484848484,6.8181818181818175,16.666666666666664,76.51515151515152,44.696969696969695,31.818181818181817
E00007846,145,23,9,14,122,92,30,15.862068965517242,6.206896551724138,9.655172413793103,84.13793103448276,63.44827586206897,20.689655172413794
E00007847,112,24,9,15,88,58,30,21.428571428571427,8.035714285714286,13.392857142857142,78.57142857142857,51.78571428571429,26.785714285714285
E00007848,127,26,7,19,101,75,26,20.47244094488189,5.511811023622047,14.960629921259844,79.52755905511812,59.055118110236215,20.47244094488189
E00007849,135,36,10,26,99,75,24,26.666666666666668,7.4074074074074066,19.25925925925926,73.33333333333333,55.55555555555556,17.77777777777778
E00007850,140,40,16,24,100,72,28,28.57142857142857,11.428571428571429,17.142857142857142,71.42857142857143,51.42857142857142,20
E00007851,129,27,9,18,102,76,26,20.930232558139537,6.976744186046512,13.953488372093023,79.06976744186046,58.91472868217055,20.155038759689923
E00007852,123,27,14,13,96,65,31,21.951219512195124,11.38211382113821,10.569105691056912,78.04878048780488,52.84552845528455,25.203252032520325
E00007853,198,60,20,40,138,119,19,30.303030303030305,10.1010101010101,20.2020202020202,69.6969696969697,60.1010101010101,9.595959595959595
E00007854,131,32,16,16,99,73,26,24.427480916030532,12.213740458015266,12.213740458015266,75.57251908396947,55.72519083969466,19.84732824427481
E00007855,99,35,11,24,64,54,10,35.35353535353536,11.11111111111111,24.242424242424242,64.64646464646465,54.54545454545454,10.1010101010101
E00007856,113,32,8,24,81,59,22,28.31858407079646,7.079646017699115,21.238938053097346,71.68141592920354,52.21238938053098,19.469026548672566
E00007857,136,39,12,27,97,77,20,28.676470588235293,8.823529411764707,19.852941176470587,71.32352941176471,56.61764705882353,14.705882352941178
E00007858,161,39,11,28,122,95,27,24.22360248447205,6.832298136645963,17.391304347826086,75.77639751552795,59.006211180124225,16.77018633540373
E00007859,138,36,16,20,102,72,30,26.08695652173913,11.594202898550725,14.492753623188406,73.91304347826086,52.17391304347826,21.73913043478261
E00007860,135,48,20,28,87,55,32,35.55555555555556,14.814814814814813,20.74074074074074,64.44444444444444,40.74074074074074,23.703703703703706
E00007861,117,24,8,16,93,62,31,20.51282051282051,6.837606837606838,13.675213675213676,79.48717948717949,52.991452991452995,26.495726495726498
E00007862,126,29,12,17,97,75,22,23.015873015873016,9.523809523809524,13.492063492063492,76.98412698412699,59.523809523809526,17.46031746031746
E00007863,85,16,6,10,69,52,17,18.823529411764707,7.0588235294117645,11.76470588235294,81.17647058823529,61.1764705882353,20
E00007865,137,31,11,20,106,81,25,22.62773722627737,8.02919708029197,14.5985401459854,77.37226277372264,59.12408759124088,18.248175182481752
E00007866,177,43,19,24,134,98,36,24.293785310734464,10.734463276836157,13.559322033898304,75.70621468926554,55.367231638418076,20.33898305084746
E00007867,103,23,11,12,80,63,17,22.330097087378643,10.679611650485436,11.650485436893204,77.66990291262135,61.165048543689316,16.50485436893204
E00007869,109,39,16,23,70,63,7,35.77981651376147,14.678899082568808,21.100917431192663,64.22018348623854,57.798165137614674,6.422018348623854
E00007870,130,37,16,21,93,63,30,28.46153846153846,12.307692307692308,16.153846153846153,71.53846153846153,48.46153846153846,23.076923076923077
E00007871,148,34,14,20,114,93,21,22.972972972972975,9.45945945945946,13.513513513513514,77.02702702702703,62.83783783783784,14.18918918918919
E00007872,147,36,15,21,111,80,31,24.489795918367346,10.204081632653061,14.285714285714285,75.51020408163265,54.421768707483,21.08843537414966
E00007873,132,27,16,11,105,89,16,20.454545454545457,12.121212121212121,8.333333333333332,79.54545454545455,67.42424242424242,12.121212121212121
E00007874,56,10,2,8,46,34,12,17.857142857142858,3.571428571428571,14.285714285714285,82.14285714285714,60.71428571428571,21.428571428571427
E00007875,130,32,12,20,98,73,25,24.615384615384617,9.230769230769232,15.384615384615385,75.38461538461539,56.15384615384615,19.230769230769234
E00007876,121,41,10,31,80,66,14,33.88429752066116,8.264462809917356,25.6198347107438,66.11570247933885,54.54545454545454,11.570247933884298
E00007877,121,27,7,20,94,77,17,22.31404958677686,5.785123966942149,16.528925619834713,77.68595041322314,63.63636363636363,14.049586776859504
E00007878,225,43,22,21,182,144,38,19.11111111111111,9.777777777777779,9.333333333333334,80.88888888888889,64,16.88888888888889
E00007879,94,20,8,12,74,60,14,21.27659574468085,8.51063829787234,12.76595744680851,78.72340425531915,63.829787234042556,14.893617021276595
E00007880,85,16,7,9,69,48,21,18.823529411764707,8.235294117647058,10.588235294117647,81.17647058823529,56.470588235294116,24.705882352941178
E00007881,198,52,17,35,146,109,37,26.262626262626267,8.585858585858585,17.67676767676768,73.73737373737373,55.05050505050505,18.68686868686869
E00007882,142,19,6,13,123,98,25,13.380281690140844,4.225352112676056,9.15492957746479,86.61971830985915,69.01408450704226,17.6056338028169
E00007883,155,28,13,15,127,94,33,18.064516129032256,8.38709677419355,9.67741935483871,81.93548387096774,60.64516129032258,21.29032258064516
E00007884,176,38,16,22,138,103,35,21.59090909090909,9.090909090909092,12.5,78.4090909090909,58.52272727272727,19.886363636363637
E00007885,137,30,17,13,107,86,21,21.897810218978105,12.408759124087592,9.48905109489051,78.1021897810219,62.77372262773723,15.328467153284672
E00007886,141,24,8,16,117,93,24,17.02127659574468,5.673758865248227,11.347517730496454,82.97872340425532,65.95744680851064,17.02127659574468
E00007887,162,37,15,22,125,106,19,22.839506172839506,9.25925925925926,13.580246913580247,77.1604938271605,65.4320987654321,11.728395061728394
E00007888,133,39,10,29,94,74,20,29.32330827067669,7.518796992481203,21.804511278195488,70.67669172932331,55.639097744360896,15.037593984962406
E00007889,167,44,13,31,123,101,22,26.34730538922156,7.784431137724551,18.562874251497004,73.65269461077844,60.47904191616767,13.17365269461078
E00007890,127,48,13,35,79,72,7,37.79527559055118,10.236220472440944,27.559055118110237,62.20472440944882,56.69291338582677,5.511811023622047
E00007891,145,40,8,32,105,99,6,27.586206896551722,5.517241379310345,22.06896551724138,72.41379310344827,68.27586206896552,4.137931034482759
E00007892,168,38,14,24,130,119,11,22.61904761904762,8.333333333333332,14.285714285714285,77.38095238095238,70.83333333333334,6.547619047619048
E00007893,193,51,24,27,142,125,17,26.42487046632124,12.435233160621761,13.989637305699482,73.57512953367875,64.76683937823834,8.808290155440414
E00007894,172,48,13,35,124,99,25,27.906976744186046,7.55813953488372,20.348837209302324,72.09302325581395,57.55813953488372,14.534883720930234
E00007895,163,48,13,35,115,102,13,29.447852760736197,7.975460122699387,21.472392638036812,70.5521472392638,62.57668711656442,7.975460122699387
E00007896,116,41,16,25,75,64,11,35.3448275862069,13.793103448275861,21.551724137931032,64.65517241379311,55.172413793103445,9.482758620689655
E00007897,128,32,12,20,96,84,12,25,9.375,15.625,75,65.625,9.375
E00007898,129,46,21,25,83,65,18,35.65891472868217,16.27906976744186,19.379844961240313,64.34108527131784,50.3875968992248,13.953488372093023
E00007899,136,29,12,17,107,91,16,21.323529411764707,8.823529411764707,12.5,78.67647058823529,66.91176470588235,11.76470588235294
E00007900,176,57,20,37,119,98,21,32.38636363636363,11.363636363636363,21.022727272727273,67.61363636363636,55.68181818181818,11.931818181818182
E00007901,144,26,12,14,118,102,16,18.055555555555554,8.333333333333332,9.722222222222223,81.94444444444444,70.83333333333334,11.11111111111111
E00007902,133,25,11,14,108,90,18,18.796992481203006,8.270676691729323,10.526315789473683,81.203007518797,67.66917293233082,13.533834586466165
E00007903,164,59,21,38,105,91,14,35.97560975609756,12.804878048780488,23.170731707317074,64.02439024390245,55.487804878048784,8.536585365853659
E00007904,190,55,26,29,135,105,30,28.947368421052634,13.684210526315791,15.263157894736842,71.05263157894737,55.26315789473685,15.789473684210526
E00007905,175,49,27,22,126,102,24,28.000000000000004,15.428571428571427,12.571428571428573,72,58.285714285714285,13.714285714285715
E00007906,182,53,14,39,129,115,14,29.120879120879124,7.6923076923076925,21.428571428571427,70.87912087912088,63.18681318681318,7.6923076923076925
E00007907,202,53,18,35,149,127,22,26.237623762376238,8.91089108910891,17.326732673267326,73.76237623762376,62.87128712871287,10.891089108910892
E00007908,189,50,21,29,139,109,30,26.455026455026452,11.11111111111111,15.343915343915343,73.54497354497354,57.67195767195767,15.873015873015872
E00007909,272,81,45,36,191,173,18,29.77941176470588,16.544117647058822,13.23529411764706,70.22058823529412,63.60294117647059,6.61764705882353
E00007910,187,40,11,29,147,118,29,21.390374331550802,5.88235294117647,15.508021390374333,78.6096256684492,63.101604278074866,15.508021390374333
E00007912,186,37,12,25,149,120,29,19.892473118279568,6.451612903225806,13.440860215053762,80.10752688172043,64.51612903225806,15.591397849462366
E00007913,123,43,16,27,80,65,15,34.959349593495936,13.008130081300814,21.951219512195124,65.04065040650406,52.84552845528455,12.195121951219512
E00007914,172,42,8,34,130,102,28,24.418604651162788,4.651162790697675,19.767441860465116,75.5813953488372,59.30232558139535,16.27906976744186
E00007915,152,61,18,43,91,80,11,40.131578947368425,11.842105263157894,28.289473684210524,59.86842105263158,52.63157894736842,7.236842105263158
E00007916,129,48,16,32,81,68,13,37.2093023255814,12.4031007751938,24.8062015503876,62.7906976744186,52.71317829457365,10.077519379844961
E00007917,169,45,15,30,124,110,14,26.627218934911244,8.875739644970414,17.75147928994083,73.37278106508876,65.08875739644971,8.284023668639055
E00007918,172,64,16,48,108,93,15,37.2093023255814,9.30232558139535,27.906976744186046,62.7906976744186,54.06976744186046,8.720930232558139
E00007919,241,58,16,42,183,144,39,24.066390041493776,6.639004149377594,17.42738589211618,75.93360995850622,59.75103734439834,16.182572614107883
E00007920,138,29,15,14,109,85,24,21.014492753623188,10.869565217391305,10.144927536231885,78.98550724637681,61.59420289855072,17.391304347826086
E00007921,200,67,26,41,133,100,33,33.5,13,20.5,66.5,50,16.5
E00007922,149,34,13,21,115,86,29,22.818791946308725,8.724832214765101,14.093959731543624,77.18120805369128,57.71812080536913,19.463087248322147
E00007923,135,54,19,35,81,69,12,40,14.074074074074074,25.925925925925924,60,51.11111111111111,8.88888888888889
E00007924,154,32,5,27,122,93,29,20.77922077922078,3.2467532467532463,17.532467532467532,79.22077922077922,60.3896103896104,18.83116883116883
E00007925,133,53,6,47,80,73,7,39.849624060150376,4.511278195488721,35.338345864661655,60.150375939849624,54.88721804511278,5.263157894736842
E00007926,180,53,24,29,127,99,28,29.444444444444446,13.333333333333334,16.11111111111111,70.55555555555556,55.00000000000001,15.555555555555555
E00007927,244,77,26,51,167,133,34,31.557377049180328,10.655737704918032,20.901639344262296,68.44262295081968,54.50819672131148,13.934426229508196
E00007928,150,44,22,22,106,92,14,29.333333333333332,14.666666666666666,14.666666666666666,70.66666666666667,61.33333333333333,9.333333333333334
E00007929,169,61,18,43,108,91,17,36.09467455621302,10.650887573964498,25.443786982248522,63.905325443786985,53.84615384615385,10.059171597633137
E00007930,196,59,21,38,137,107,30,30.102040816326532,10.714285714285714,19.387755102040817,69.89795918367348,54.59183673469388,15.306122448979592
E00007931,220,57,20,37,163,135,28,25.90909090909091,9.090909090909092,16.818181818181817,74.0909090909091,61.36363636363637,12.727272727272727
E00007932,136,48,23,25,88,74,14,35.294117647058826,16.911764705882355,18.38235294117647,64.70588235294117,54.41176470588235,10.294117647058822
E00007933,150,52,16,36,98,83,15,34.66666666666667,10.666666666666668,24,65.33333333333333,55.333333333333336,10
E00007934,170,38,10,28,132,110,22,22.35294117647059,5.88235294117647,16.470588235294116,77.64705882352942,64.70588235294117,12.941176470588237
E00007935,162,41,15,26,121,94,27,25.308641975308642,9.25925925925926,16.049382716049383,74.69135802469135,58.0246913580247,16.666666666666664
E00007936,178,42,14,28,136,117,19,23.595505617977526,7.865168539325842,15.730337078651685,76.40449438202246,65.73033707865169,10.674157303370785
E00007937,172,46,15,31,126,101,25,26.744186046511626,8.720930232558139,18.023255813953487,73.25581395348837,58.720930232558146,14.534883720930234
E00007938,113,37,19,18,76,61,15,32.743362831858406,16.8141592920354,15.929203539823009,67.2566371681416,53.98230088495575,13.274336283185843
E00007939,162,34,14,20,128,100,28,20.98765432098765,8.641975308641975,12.345679012345679,79.01234567901234,61.72839506172839,17.28395061728395
E00007940,154,32,12,20,122,102,20,20.77922077922078,7.792207792207792,12.987012987012985,79.22077922077922,66.23376623376623,12.987012987012985
E00007941,147,46,16,30,101,85,16,31.292517006802722,10.884353741496598,20.408163265306122,68.70748299319727,57.82312925170068,10.884353741496598
E00007942,169,33,11,22,136,122,14,19.526627218934912,6.508875739644971,13.017751479289942,80.4733727810651,72.18934911242604,8.284023668639055
E00007943,111,29,7,22,82,70,12,26.126126126126124,6.306306306306306,19.81981981981982,73.87387387387388,63.06306306306306,10.81081081081081
E00007944,154,39,12,27,115,104,11,25.324675324675322,7.792207792207792,17.532467532467532,74.67532467532467,67.53246753246754,7.142857142857142
E00007945,143,35,16,19,108,83,25,24.475524475524477,11.188811188811188,13.286713286713287,75.52447552447552,58.04195804195804,17.482517482517483
E00007946,165,43,12,31,122,105,17,26.060606060606062,7.2727272727272725,18.787878787878785,73.93939393939394,63.63636363636363,10.303030303030303
E00007947,176,44,12,32,132,109,23,25,6.8181818181818175,18.181818181818183,75,61.93181818181818,13.068181818181818
E00007948,162,52,27,25,110,96,14,32.098765432098766,16.666666666666664,15.432098765432098,67.90123456790124,59.25925925925925,8.641975308641975
E00007949,140,40,17,23,100,83,17,28.57142857142857,12.142857142857142,16.428571428571427,71.42857142857143,59.285714285714285,12.142857142857142
E00007950,146,35,13,22,111,104,7,23.972602739726025,8.904109589041095,15.068493150684931,76.02739726027397,71.23287671232876,4.794520547945205
E00007951,135,35,16,19,100,83,17,25.925925925925924,11.851851851851853,14.074074074074074,74.07407407407408,61.48148148148148,12.592592592592592
E00007952,125,36,10,26,89,73,16,28.799999999999997,8,20.8,71.2,58.4,12.8
E00007953,140,44,13,31,96,88,8,31.428571428571427,9.285714285714286,22.142857142857142,68.57142857142857,62.857142857142854,5.714285714285714
E00007954,180,52,19,33,128,111,17,28.888888888888886,10.555555555555555,18.333333333333332,71.11111111111111,61.66666666666667,9.444444444444445
E00007955,132,41,15,26,91,79,12,31.060606060606062,11.363636363636363,19.696969696969695,68.93939393939394,59.84848484848485,9.090909090909092
E00007956,153,41,14,27,112,96,16,26.797385620915033,9.15032679738562,17.647058823529413,73.20261437908496,62.745098039215684,10.457516339869281
E00007957,146,32,9,23,114,98,16,21.91780821917808,6.164383561643835,15.753424657534246,78.08219178082192,67.12328767123287,10.95890410958904
E00007958,163,45,14,31,118,102,16,27.607361963190186,8.588957055214724,19.018404907975462,72.39263803680981,62.57668711656442,9.815950920245399
E00007959,171,41,12,29,130,112,18,23.976608187134502,7.017543859649122,16.95906432748538,76.0233918128655,65.49707602339181,10.526315789473683
E00007960,178,60,14,46,118,106,12,33.70786516853933,7.865168539325842,25.842696629213485,66.29213483146067,59.55056179775281,6.741573033707865
E00007961,150,34,12,22,116,100,16,22.666666666666664,8,14.666666666666666,77.33333333333333,66.66666666666666,10.666666666666668
E00007962,131,37,10,27,94,80,14,28.24427480916031,7.633587786259542,20.610687022900763,71.7557251908397,61.06870229007634,10.687022900763358
E00007963,227,57,13,44,170,123,47,25.11013215859031,5.726872246696035,19.383259911894275,74.8898678414097,54.18502202643172,20.704845814977972
E00007964,137,39,16,23,98,79,19,28.467153284671532,11.678832116788321,16.78832116788321,71.53284671532847,57.66423357664233,13.86861313868613
E00007965,89,27,7,20,62,57,5,30.337078651685395,7.865168539325842,22.47191011235955,69.66292134831461,64.04494382022472,5.617977528089887
E00007966,151,43,17,26,108,86,22,28.47682119205298,11.258278145695364,17.218543046357617,71.52317880794702,56.95364238410596,14.56953642384106
E00007967,166,32,16,16,134,118,16,19.27710843373494,9.63855421686747,9.63855421686747,80.72289156626506,71.08433734939759,9.63855421686747
E00007968,110,34,9,25,76,67,9,30.909090909090907,8.181818181818182,22.727272727272727,69.0909090909091,60.909090909090914,8.181818181818182
E00007969,163,46,15,31,117,104,13,28.22085889570552,9.202453987730062,19.018404907975462,71.77914110429448,63.80368098159509,7.975460122699387
E00007970,140,42,16,26,98,91,7,30,11.428571428571429,18.571428571428573,70,65,5
E00007971,130,35,12,23,95,82,13,26.923076923076923,9.230769230769232,17.692307692307693,73.07692307692307,63.07692307692307,10
E00007972,146,41,11,30,105,88,17,28.08219178082192,7.534246575342466,20.54794520547945,71.91780821917808,60.273972602739725,11.643835616438356
E00007973,137,48,12,36,89,80,9,35.03649635036496,8.75912408759124,26.277372262773724,64.96350364963503,58.3941605839416,6.569343065693431
E00007974,87,21,10,11,66,58,8,24.137931034482758,11.494252873563218,12.643678160919542,75.86206896551724,66.66666666666666,9.195402298850574
E00007975,150,44,15,29,106,80,26,29.333333333333332,10,19.333333333333332,70.66666666666667,53.333333333333336,17.333333333333336
E00007976,119,35,10,25,84,74,10,29.411764705882355,8.403361344537815,21.008403361344538,70.58823529411765,62.18487394957983,8.403361344537815
E00007977,146,35,16,19,111,98,13,23.972602739726025,10.95890410958904,13.013698630136986,76.02739726027397,67.12328767123287,8.904109589041095
E00007978,147,49,20,29,98,79,19,33.33333333333333,13.60544217687075,19.727891156462583,66.66666666666666,53.74149659863946,12.925170068027212
E00007979,154,45,16,29,109,93,16,29.22077922077922,10.38961038961039,18.83116883116883,70.77922077922078,60.3896103896104,10.38961038961039
E00007980,158,48,21,27,110,85,25,30.37974683544304,13.291139240506327,17.088607594936708,69.62025316455697,53.79746835443038,15.822784810126583
E00007981,194,53,19,34,141,115,26,27.31958762886598,9.793814432989691,17.525773195876287,72.68041237113401,59.27835051546392,13.402061855670103
E00007982,138,27,8,19,111,86,25,19.565217391304348,5.797101449275362,13.768115942028986,80.43478260869566,62.31884057971014,18.115942028985508
E00007983,168,55,14,41,113,92,21,32.73809523809524,8.333333333333332,24.404761904761905,67.26190476190477,54.761904761904766,12.5
E00007984,129,40,18,22,89,75,14,31.007751937984494,13.953488372093023,17.05426356589147,68.9922480620155,58.139534883720934,10.852713178294573
E00007985,169,48,21,27,121,96,25,28.402366863905325,12.42603550295858,15.976331360946746,71.59763313609467,56.80473372781065,14.792899408284024
E00007986,138,42,16,26,96,67,29,30.434782608695656,11.594202898550725,18.84057971014493,69.56521739130434,48.55072463768116,21.014492753623188
E00007987,152,47,15,32,105,82,23,30.92105263157895,9.868421052631579,21.052631578947366,69.07894736842105,53.94736842105263,15.131578947368421
E00007988,126,47,18,29,79,59,20,37.301587301587304,14.285714285714285,23.015873015873016,62.698412698412696,46.82539682539682,15.873015873015872
E00007989,87,33,13,20,54,39,15,37.93103448275862,14.942528735632186,22.988505747126435,62.06896551724138,44.827586206896555,17.24137931034483
E00007990,88,26,12,14,62,51,11,29.545454545454547,13.636363636363635,15.909090909090908,70.45454545454545,57.95454545454546,12.5
E00007991,115,30,11,19,85,68,17,26.08695652173913,9.565217391304348,16.52173913043478,73.91304347826086,59.130434782608695,14.782608695652174
E00007992,153,51,18,33,102,88,14,33.33333333333333,11.76470588235294,21.568627450980394,66.66666666666666,57.51633986928104,9.15032679738562
E00007993,212,55,16,39,157,124,33,25.943396226415093,7.547169811320755,18.39622641509434,74.05660377358491,58.490566037735846,15.566037735849056
E00007994,146,36,16,20,110,91,19,24.65753424657534,10.95890410958904,13.698630136986301,75.34246575342466,62.328767123287676,13.013698630136986
E00007995,211,51,17,34,160,123,37,24.170616113744074,8.056872037914692,16.113744075829384,75.82938388625593,58.29383886255924,17.535545023696685
E00007996,149,38,12,26,111,99,12,25.503355704697988,8.053691275167784,17.449664429530202,74.49664429530202,66.44295302013423,8.053691275167784
E00007997,96,35,9,26,61,52,9,36.45833333333333,9.375,27.083333333333332,63.541666666666664,54.166666666666664,9.375
E00007998,145,44,13,31,101,86,15,30.344827586206897,8.96551724137931,21.379310344827587,69.6551724137931,59.310344827586206,10.344827586206897
E00007999,172,44,20,24,128,111,17,25.581395348837212,11.627906976744185,13.953488372093023,74.4186046511628,64.53488372093024,9.883720930232558
E00008000,157,51,17,34,106,86,20,32.48407643312102,10.828025477707007,21.656050955414013,67.51592356687898,54.77707006369427,12.738853503184714
E00008001,143,35,7,28,108,90,18,24.475524475524477,4.895104895104895,19.58041958041958,75.52447552447552,62.93706293706294,12.587412587412588
E00008002,146,34,14,20,112,101,11,23.28767123287671,9.58904109589041,13.698630136986301,76.71232876712328,69.17808219178082,7.534246575342466
E00008003,126,34,10,24,92,76,16,26.984126984126984,7.936507936507936,19.047619047619047,73.01587301587301,60.317460317460316,12.698412698412698
E00008004,195,65,24,41,130,115,15,33.33333333333333,12.307692307692308,21.025641025641026,66.66666666666666,58.97435897435898,7.6923076923076925
E00008005,155,40,16,24,115,91,24,25.806451612903224,10.32258064516129,15.483870967741936,74.19354838709677,58.70967741935483,15.483870967741936
E00008006,211,60,24,36,151,126,25,28.436018957345972,11.374407582938389,17.061611374407583,71.56398104265402,59.71563981042654,11.848341232227488
E00008007,156,37,12,25,119,96,23,23.717948717948715,7.6923076923076925,16.025641025641026,76.28205128205127,61.53846153846154,14.743589743589745
E00008008,184,53,21,32,131,111,20,28.804347826086957,11.41304347826087,17.391304347826086,71.19565217391305,60.32608695652174,10.869565217391305
E00008009,165,47,9,38,118,102,16,28.484848484848484,5.454545454545454,23.03030303030303,71.51515151515152,61.81818181818181,9.696969696969697
E00008010,102,37,11,26,65,53,12,36.27450980392157,10.784313725490197,25.49019607843137,63.725490196078425,51.9607843137255,11.76470588235294
E00008011,89,27,11,16,62,54,8,30.337078651685395,12.359550561797752,17.97752808988764,69.66292134831461,60.67415730337079,8.98876404494382
E00008012,189,50,16,34,139,113,26,26.455026455026452,8.465608465608465,17.989417989417987,73.54497354497354,59.78835978835979,13.756613756613756
E00008013,164,41,14,27,123,109,14,25,8.536585365853659,16.463414634146343,75,66.46341463414635,8.536585365853659
E00008014,187,44,14,30,143,123,20,23.52941176470588,7.4866310160427805,16.042780748663102,76.47058823529412,65.77540106951871,10.695187165775401
E00008015,163,42,15,27,121,91,30,25.766871165644172,9.202453987730062,16.56441717791411,74.23312883435584,55.828220858895705,18.404907975460123
E00008016,229,57,20,37,172,152,20,24.890829694323145,8.73362445414847,16.157205240174672,75.10917030567686,66.37554585152839,8.73362445414847
E00008017,134,41,16,25,93,82,11,30.597014925373134,11.940298507462686,18.65671641791045,69.40298507462687,61.19402985074627,8.208955223880597
E00008019,155,44,22,22,111,93,18,28.387096774193548,14.193548387096774,14.193548387096774,71.61290322580646,60,11.612903225806452
E00008020,142,44,25,19,98,83,15,30.985915492957744,17.6056338028169,13.380281690140844,69.01408450704226,58.45070422535211,10.56338028169014
E00008021,208,49,17,32,159,136,23,23.557692307692307,8.173076923076923,15.384615384615385,76.4423076923077,65.38461538461539,11.057692307692307
E00008022,125,47,12,35,78,69,9,37.6,9.6,28.000000000000004,62.4,55.2,7.199999999999999
E00008023,147,44,18,26,103,92,11,29.931972789115648,12.244897959183673,17.687074829931973,70.06802721088435,62.585034013605444,7.482993197278912
E00008024,112,38,16,22,74,55,19,33.92857142857143,14.285714285714285,19.642857142857142,66.07142857142857,49.107142857142854,16.964285714285715
E00008025,115,22,6,16,93,69,24,19.130434782608695,5.217391304347826,13.91304347826087,80.8695652173913,60,20.869565217391305
E00008026,98,32,8,24,66,61,5,32.6530612244898,8.16326530612245,24.489795918367346,67.3469387755102,62.244897959183675,5.1020408163265305
E00008027,127,40,17,23,87,77,10,31.496062992125985,13.385826771653544,18.11023622047244,68.50393700787401,60.629921259842526,7.874015748031496
E00008028,110,31,9,22,79,66,13,28.18181818181818,8.181818181818182,20,71.81818181818181,60,11.818181818181818
E00008030,125,28,10,18,97,82,15,22.400000000000002,8,14.399999999999999,77.60000000000001,65.60000000000001,12
E00008033,142,43,13,30,99,80,19,30.28169014084507,9.15492957746479,21.12676056338028,69.71830985915493,56.33802816901409,13.380281690140844
E00008035,91,30,8,22,61,58,3,32.967032967032964,8.791208791208792,24.175824175824175,67.03296703296702,63.73626373626373,3.296703296703297
E00008036,123,29,12,17,94,83,11,23.577235772357724,9.75609756097561,13.821138211382115,76.42276422764228,67.47967479674797,8.94308943089431
E00008037,203,66,33,33,137,122,15,32.51231527093596,16.25615763546798,16.25615763546798,67.48768472906403,60.09852216748769,7.389162561576355
E00008038,311,62,21,41,249,198,51,19.935691318327976,6.752411575562702,13.183279742765272,80.06430868167203,63.665594855305464,16.39871382636656
E00008039,172,47,26,21,125,101,24,27.325581395348834,15.11627906976744,12.209302325581394,72.67441860465115,58.720930232558146,13.953488372093023
E00008040,269,81,30,51,188,169,19,30.111524163568777,11.152416356877323,18.95910780669145,69.88847583643123,62.825278810408925,7.063197026022305
E00008041,181,49,14,35,132,119,13,27.071823204419886,7.734806629834254,19.337016574585636,72.92817679558011,65.74585635359117,7.18232044198895
E00008042,145,44,21,23,101,87,14,30.344827586206897,14.482758620689657,15.862068965517242,69.6551724137931,60,9.655172413793103
E00008043,161,45,13,32,116,103,13,27.95031055900621,8.074534161490684,19.875776397515526,72.04968944099379,63.975155279503106,8.074534161490684
E00008044,120,31,12,19,89,78,11,25.833333333333336,10,15.833333333333332,74.16666666666667,65,9.166666666666666
E00008045,151,29,10,19,122,93,29,19.205298013245034,6.622516556291391,12.582781456953644,80.79470198675497,61.58940397350994,19.205298013245034
E00008046,120,19,9,10,101,89,12,15.833333333333332,7.5,8.333333333333332,84.16666666666667,74.16666666666667,10
E00008047,150,44,14,30,106,91,15,29.333333333333332,9.333333333333334,20,70.66666666666667,60.66666666666667,10
E00008048,142,33,9,24,109,91,18,23.239436619718308,6.338028169014084,16.901408450704224,76.76056338028168,64.08450704225352,12.676056338028168
E00008049,285,81,28,53,204,165,39,28.421052631578945,9.824561403508772,18.596491228070175,71.57894736842105,57.89473684210527,13.684210526315791
E00008050,163,44,15,29,119,95,24,26.993865030674847,9.202453987730062,17.791411042944784,73.00613496932516,58.282208588957054,14.723926380368098
E00008051,125,37,10,27,88,78,10,29.599999999999998,8,21.6,70.39999999999999,62.4,8
E00008052,156,44,16,28,112,84,28,28.205128205128204,10.256410256410255,17.94871794871795,71.7948717948718,53.84615384615385,17.94871794871795
E00008053,133,37,13,24,96,70,26,27.819548872180448,9.774436090225564,18.045112781954884,72.18045112781954,52.63157894736842,19.548872180451127
E00008054,119,37,14,23,82,64,18,31.092436974789916,11.76470588235294,19.327731092436977,68.90756302521008,53.78151260504202,15.126050420168067
E00008055,139,42,18,24,97,76,21,30.215827338129497,12.949640287769784,17.26618705035971,69.7841726618705,54.67625899280576,15.107913669064748
E00008056,105,28,13,15,77,66,11,26.666666666666668,12.380952380952381,14.285714285714285,73.33333333333333,62.857142857142854,10.476190476190476
E00008057,91,32,16,16,59,54,5,35.16483516483517,17.582417582417584,17.582417582417584,64.83516483516483,59.34065934065934,5.4945054945054945
E00008059,177,47,13,34,130,113,17,26.55367231638418,7.344632768361582,19.2090395480226,73.44632768361582,63.84180790960452,9.6045197740113
E00008064,187,56,19,37,131,116,15,29.946524064171122,10.16042780748663,19.786096256684495,70.05347593582889,62.03208556149733,8.0213903743315509
E00008068,162,47,13,34,115,101,14,29.01234567901235,8.024691358024691,20.98765432098765,70.98765432098766,62.34567901234568,8.641975308641975
E00008071,144,41,20,21,103,97,6,28.47222222222222,13.88888888888889,14.583333333333334,71.52777777777779,67.36111111111111,4.166666666666666
E00008072,138,46,13,33,92,79,13,33.33333333333333,9.420289855072465,23.91304347826087,66.66666666666666,57.2463768115942,9.420289855072465
E00008074,180,59,23,36,121,99,22,32.77777777777778,12.777777777777777,20,67.22222222222223,55.00000000000001,12.222222222222221
E00008078,111,36,12,24,75,62,13,32.432432432432435,10.81081081081081,21.62162162162162,67.56756756756756,55.85585585585585,11.711711711711711
E00008079,283,105,35,70,178,143,35,37.102473498233216,12.36749116607774,24.73498233215548,62.89752650176679,50.53003533568905,12.36749116607774
E00008080,159,47,18,29,112,96,16,29.559748427672954,11.320754716981133,18.238993710691823,70.44025157232704,60.37735849056604,10.062893081761008
E00008082,119,35,13,22,84,73,11,29.411764705882355,10.92436974789916,18.487394957983195,70.58823529411765,61.34453781512605,9.243697478991598
E00008083,169,52,18,34,117,104,13,30.76923076923077,10.650887573964498,20.118343195266274,69.23076923076923,61.53846153846154,7.6923076923076925
E00008084,171,64,19,45,107,95,12,37.42690058479532,11.11111111111111,26.31578947368421,62.57309941520468,55.55555555555556,7.017543859649122
E00008085,145,41,18,23,104,97,7,28.27586206896552,12.413793103448276,15.862068965517242,71.72413793103448,66.89655172413794,4.827586206896552
E00008086,185,62,22,40,123,103,20,33.513513513513516,11.891891891891893,21.62162162162162,66.48648648648648,55.67567567567567,10.81081081081081
E00008088,145,38,10,28,107,88,19,26.20689655172414,6.896551724137931,19.310344827586206,73.79310344827587,60.689655172413794,13.10344827586207
E00008089,177,62,18,44,115,101,14,35.02824858757062,10.16949152542373,24.858757062146893,64.97175141242938,57.06214689265536,7.909604519774012
E00008090,89,25,5,20,64,52,12,28.08988764044944,5.617977528089887,22.47191011235955,71.91011235955057,58.42696629213483,13.48314606741573
E00008091,238,65,21,44,173,140,33,27.310924369747898,8.823529411764707,18.487394957983195,72.68907563025209,58.82352941176471,13.865546218487395
E00008093,133,32,7,25,101,92,9,24.06015037593985,5.263157894736842,18.796992481203006,75.93984962406014,69.17293233082707,6.7669172932330826
E00008094,161,50,12,38,111,100,11,31.05590062111801,7.453416149068323,23.60248447204969,68.94409937888199,62.11180124223602,6.832298136645963
E00008095,161,48,16,32,113,92,21,29.81366459627329,9.937888198757763,19.875776397515526,70.1863354037267,57.14285714285714,13.043478260869565
E00008096,184,56,19,37,128,114,14,30.434782608695656,10.326086956521738,20.108695652173914,69.56521739130434,61.95652173913043,7.608695652173914
E00008097,179,51,14,37,128,116,12,28.49162011173184,7.82122905027933,20.670391061452513,71.50837988826815,64.80446927374301,6.70391061452514
E00008099,154,40,8,32,114,91,23,25.97402597402597,5.194805194805195,20.77922077922078,74.02597402597402,59.09090909090909,14.935064935064934
E00008100,152,39,10,29,113,96,17,25.657894736842106,6.578947368421052,19.078947368421055,74.3421052631579,63.1578947368421,11.18421052631579
E00008101,199,52,20,32,147,119,28,26.13065326633166,10.050251256281408,16.08040201005025,73.86934673366834,59.798994974874375,14.07035175879397
E00008102,191,55,17,38,136,112,24,28.79581151832461,8.900523560209423,19.895287958115183,71.20418848167539,58.63874345549738,12.56544502617801
E00008103,131,47,13,34,84,78,6,35.87786259541985,9.923664122137405,25.954198473282442,64.12213740458014,59.541984732824424,4.580152671755725
E00008104,190,59,23,36,131,113,18,31.05263157894737,12.105263157894736,18.947368421052634,68.94736842105263,59.473684210526315,9.473684210526317
E00008105,152,53,21,32,99,88,11,34.868421052631575,13.815789473684212,21.052631578947366,65.13157894736842,57.89473684210527,7.236842105263158
E00008107,179,47,13,34,132,119,13,26.256983240223462,7.262569832402235,18.994413407821227,73.74301675977654,66.4804469273743,7.262569832402235
E00008108,196,63,15,48,133,118,15,32.142857142857146,7.653061224489796,24.489795918367346,67.85714285714286,60.204081632653065,7.653061224489796
E00008109,150,36,15,21,114,106,8,24,10,14.000000000000002,76,70.66666666666667,5.333333333333334
E00008110,180,44,11,33,136,117,19,24.444444444444443,6.111111111111111,18.333333333333332,75.55555555555556,65,10.555555555555555
E00008111,117,38,18,20,79,67,12,32.47863247863248,15.384615384615385,17.094017094017094,67.52136752136752,57.26495726495726,10.256410256410255
E00008112,77,24,6,18,53,45,8,31.16883116883117,7.792207792207792,23.376623376623375,68.83116883116884,58.44155844155844,10.38961038961039
E00008113,318,106,35,71,212,174,38,33.33333333333333,11.0062893081761,22.32704402515723,66.66666666666666,54.71698113207547,11.949685534591195
E00008114,130,43,11,32,87,78,9,33.07692307692307,8.461538461538462,24.615384615384617,66.92307692307692,60,6.923076923076923
E00008115,233,91,29,62,142,115,27,39.05579399141631,12.446351931330472,26.609442060085836,60.94420600858369,49.35622317596567,11.587982832618025
E00008116,121,39,13,26,82,71,11,32.231404958677686,10.743801652892563,21.487603305785125,67.76859504132231,58.67768595041323,9.090909090909092
E00008117,183,53,17,36,130,108,22,28.96174863387978,9.289617486338798,19.672131147540984,71.03825136612022,59.01639344262295,12.021857923497267
E00008118,151,46,15,31,105,92,13,30.4635761589404,9.933774834437086,20.52980132450331,69.5364238410596,60.9271523178808,8.609271523178808
E00008119,145,47,18,29,98,93,5,32.41379310344827,12.413793103448276,20,67.58620689655173,64.13793103448275,3.4482758620689653
E00008120,247,63,30,33,184,155,29,25.506072874493928,12.145748987854251,13.360323886639677,74.49392712550608,62.75303643724697,11.740890688259109
E00008121,169,44,14,30,125,113,12,26.035502958579883,8.284023668639055,17.75147928994083,73.96449704142012,66.86390532544378,7.100591715976331
E00008122,149,49,23,26,100,90,10,32.88590604026846,15.436241610738255,17.449664429530202,67.11409395973155,60.40268456375839,6.7114093959731544
E00008123,183,49,13,36,134,110,24,26.775956284153008,7.103825136612022,19.672131147540984,73.224043715847,60.10928961748634,13.114754098360656
E00008124,142,36,13,23,106,95,11,25.352112676056336,9.15492957746479,16.19718309859155,74.64788732394366,66.90140845070422,7.746478873239436
E00008125,129,38,9,29,91,82,9,29.457364341085274,6.976744186046512,22.48062015503876,70.54263565891473,63.565891472868216,6.976744186046512
E00008126,86,21,6,15,65,54,11,24.418604651162788,6.976744186046512,17.441860465116278,75.5813953488372,62.7906976744186,12.790697674418606
E00008127,128,34,13,21,94,82,12,26.5625,10.15625,16.40625,73.4375,64.0625,9.375
E00008128,140,25,11,14,115,96,19,17.857142857142858,7.857142857142857,10,82.14285714285714,68.57142857142857,13.571428571428571
E00008129,174,51,20,31,123,110,13,29.310344827586203,11.494252873563218,17.81609195402299,70.6896551724138,63.2183908045977,7.471264367816093
E00008130,167,62,19,43,105,85,20,37.12574850299401,11.377245508982035,25.748502994011975,62.874251497005986,50.898203592814376,11.976047904191617
E00008132,240,52,18,34,188,164,24,21.666666666666668,7.5,14.166666666666666,78.33333333333333,68.33333333333333,10
E00008133,289,87,40,47,202,165,37,30.103806228373703,13.84083044982699,16.26297577854671,69.8961937716263,57.09342560553633,12.802768166089965
E00008134,127,31,15,16,96,76,20,24.409448818897637,11.811023622047244,12.598425196850393,75.59055118110236,59.84251968503938,15.748031496062993
E00008135,161,37,12,25,124,109,15,22.981366459627328,7.453416149068323,15.527950310559005,77.01863354037268,67.70186335403726,9.316770186335404
E00008138,87,36,14,22,51,43,8,41.37931034482759,16.091954022988507,25.287356321839084,58.620689655172406,49.42528735632184,9.195402298850574
E00008139,150,59,19,40,91,79,12,39.33333333333333,12.666666666666668,26.666666666666668,60.66666666666667,52.666666666666664,8
E00008140,234,68,22,46,166,144,22,29.059829059829063,9.401709401709402,19.65811965811966,70.94017094017094,61.53846153846154,9.401709401709402
E00008141,147,54,15,39,93,81,12,36.734693877551024,10.204081632653061,26.53061224489796,63.26530612244898,55.10204081632652,8.16326530612245
E00008142,163,55,21,34,108,91,17,33.74233128834356,12.883435582822086,20.858895705521473,66.25766871165644,55.828220858895705,10.429447852760736
E00008143,127,38,9,29,89,77,12,29.92125984251969,7.086614173228346,22.83464566929134,70.07874015748031,60.629921259842526,9.448818897637794
E00008144,102,50,14,36,52,48,4,49.01960784313725,13.725490196078432,35.294117647058826,50.98039215686274,47.05882352941176,3.9215686274509802
E00008145,129,44,10,34,85,76,9,34.10852713178294,7.751937984496124,26.356589147286826,65.89147286821705,58.91472868217055,6.976744186046512
E00008146,150,44,14,30,106,89,17,29.333333333333332,9.333333333333334,20,70.66666666666667,59.333333333333336,11.333333333333332
E00008147,212,80,29,51,132,115,17,37.735849056603776,13.679245283018867,24.056603773584907,62.264150943396224,54.24528301886793,8.018867924528301
E00008148,170,60,21,39,110,99,11,35.294117647058826,12.352941176470589,22.941176470588236,64.70588235294117,58.235294117647065,6.470588235294119
E00008149,220,43,25,18,177,135,42,19.545454545454547,11.363636363636363,8.181818181818182,80.45454545454545,61.36363636363637,19.090909090909093
E00008153,199,64,30,34,135,118,17,32.1608040201005,15.07537688442211,17.08542713567839,67.8391959798995,59.2964824120603,8.542713567839195
E00008155,133,43,18,25,90,76,14,32.33082706766917,13.533834586466165,18.796992481203006,67.66917293233082,57.14285714285714,10.526315789473683
E00008156,163,58,19,39,105,85,20,35.58282208588957,11.65644171779141,23.92638036809816,64.41717791411043,52.14723926380368,12.269938650306749
E00008158,136,50,21,29,86,75,11,36.76470588235294,15.441176470588236,21.323529411764707,63.23529411764706,55.14705882352941,8.088235294117647
E00008159,100,23,13,10,77,59,18,23,13,10,77,59,18
E00008161,160,27,11,16,133,105,28,16.875,6.875000000000001,10,83.125,65.625,17.5
E00008164,146,23,7,16,123,91,32,15.753424657534246,4.794520547945205,10.95890410958904,84.24657534246576,62.328767123287676,21.91780821917808
E00008165,229,55,18,37,174,128,46,24.017467248908297,7.860262008733625,16.157205240174672,75.9825327510917,55.895196506550214,20.087336244541483
E00008166,116,42,15,27,74,54,20,36.206896551724135,12.931034482758621,23.275862068965516,63.793103448275865,46.55172413793103,17.24137931034483
E00008167,196,41,21,20,155,111,44,20.918367346938776,10.714285714285714,10.204081632653061,79.08163265306123,56.63265306122449,22.448979591836736
E00008168,58,22,10,12,36,32,4,37.93103448275862,17.24137931034483,20.689655172413794,62.06896551724138,55.172413793103445,6.896551724137931
E00008169,141,24,12,12,117,92,25,17.02127659574468,8.51063829787234,8.51063829787234,82.97872340425532,65.24822695035462,17.73049645390071
E00008170,155,32,14,18,123,71,52,20.64516129032258,9.032258064516128,11.612903225806452,79.35483870967742,45.806451612903224,33.5483870967742
E00008171,165,26,12,14,139,90,49,15.757575757575756,7.2727272727272725,8.484848484848486,84.24242424242424,54.54545454545454,29.6969696969697
E00008172,225,39,25,14,186,139,47,17.333333333333336,11.11111111111111,6.222222222222222,82.66666666666667,61.77777777777778,20.88888888888889
E00008173,116,29,8,21,87,58,29,25,6.896551724137931,18.103448275862068,75,50,25
E00008174,149,36,17,19,113,69,44,24.161073825503358,11.409395973154362,12.751677852348994,75.83892617449665,46.308724832214764,29.53020134228188
E00008175,124,30,12,18,94,72,22,24.193548387096776,9.67741935483871,14.516129032258066,75.80645161290323,58.06451612903226,17.741935483870968
E00008176,174,35,16,19,139,105,34,20.114942528735632,9.195402298850574,10.919540229885058,79.88505747126436,60.3448275862069,19.54022988505747
E00008177,165,36,20,16,129,92,37,21.818181818181817,12.121212121212121,9.696969696969697,78.18181818181819,55.757575757575765,22.424242424242426
E00008178,113,28,11,17,85,66,19,24.778761061946902,9.734513274336283,15.04424778761062,75.22123893805309,58.4070796460177,16.8141592920354
E00008179,131,31,17,14,100,78,22,23.66412213740458,12.977099236641221,10.687022900763358,76.33587786259542,59.541984732824424,16.793893129770993
E00008180,138,22,11,11,116,86,30,15.942028985507244,7.971014492753622,7.971014492753622,84.05797101449275,62.31884057971014,21.73913043478261
E00008181,146,18,7,11,128,100,28,12.32876712328767,4.794520547945205,7.534246575342466,87.67123287671232,68.4931506849315,19.17808219178082
E00008182,166,26,12,14,140,90,50,15.66265060240964,7.228915662650602,8.433734939759036,84.33734939759037,54.21686746987952,30.120481927710845
E00008183,113,30,12,18,83,68,15,26.548672566371685,10.619469026548673,15.929203539823009,73.45132743362832,60.17699115044248,13.274336283185843
E00008184,152,27,8,19,125,93,32,17.763157894736842,5.263157894736842,12.5,82.23684210526315,61.18421052631579,21.052631578947366
E00008185,212,58,20,38,154,119,35,27.358490566037734,9.433962264150944,17.92452830188679,72.64150943396226,56.132075471698116,16.50943396226415
E00008186,111,34,13,21,77,68,9,30.630630630630627,11.711711711711711,18.91891891891892,69.36936936936937,61.261261261261254,8.108108108108109
E00008187,130,50,10,40,80,64,16,38.46153846153847,7.6923076923076925,30.76923076923077,61.53846153846154,49.23076923076923,12.307692307692308
E00008188,145,50,24,26,95,86,9,34.48275862068966,16.551724137931036,17.93103448275862,65.51724137931035,59.310344827586206,6.206896551724138
E00008189,103,34,15,19,69,62,7,33.00970873786408,14.563106796116504,18.446601941747574,66.99029126213593,60.19417475728155,6.796116504854369
E00008191,119,53,25,28,66,62,4,44.537815126050425,21.008403361344538,23.52941176470588,55.46218487394958,52.10084033613446,3.361344537815126
E00008192,163,52,18,34,111,101,10,31.901840490797547,11.042944785276074,20.858895705521473,68.09815950920245,61.963190184049076,6.134969325153374
E00008193,167,44,13,31,123,107,16,26.34730538922156,7.784431137724551,18.562874251497004,73.65269461077844,64.07185628742515,9.580838323353294
E00008194,146,47,19,28,99,83,16,32.19178082191781,13.013698630136986,19.17808219178082,67.8082191780822,56.849315068493155,10.95890410958904
E00008195,227,65,18,47,162,137,25,28.634361233480178,7.929515418502203,20.704845814977972,71.36563876651982,60.352422907488986,11.013215859030836
E00008196,140,46,15,31,94,83,11,32.857142857142854,10.714285714285714,22.142857142857142,67.14285714285714,59.285714285714285,7.857142857142857
E00008197,133,41,9,32,92,83,9,30.82706766917293,6.7669172932330826,24.06015037593985,69.17293233082707,62.40601503759399,6.7669172932330826
E00008198,112,37,22,15,75,68,7,33.035714285714285,19.642857142857142,13.392857142857142,66.96428571428571,60.71428571428571,6.25
E00008199,272,51,13,38,221,159,62,18.75,4.779411764705882,13.970588235294118,81.25,58.45588235294118,22.794117647058822
E00008200,136,42,22,20,94,72,22,30.88235294117647,16.176470588235293,14.705882352941178,69.11764705882352,52.94117647058824,16.176470588235293
E00008201,141,31,11,20,110,89,21,21.98581560283688,7.801418439716312,14.184397163120568,78.01418439716312,63.12056737588653,14.893617021276595
E00008202,146,42,20,22,104,89,15,28.767123287671232,13.698630136986301,15.068493150684931,71.23287671232876,60.95890410958904,10.273972602739725
E00008203,108,29,10,19,79,68,11,26.851851851851855,9.25925925925926,17.59259259259259,73.14814814814815,62.96296296296296,10.185185185185185
E00008204,106,30,13,17,76,63,13,28.30188679245283,12.264150943396226,16.037735849056602,71.69811320754717,59.43396226415094,12.264150943396226
E00008205,141,35,11,24,106,93,13,24.822695035460992,7.801418439716312,17.02127659574468,75.177304964539,65.95744680851064,9.219858156028367
E00008206,157,43,17,26,114,96,18,27.388535031847134,10.828025477707007,16.560509554140125,72.61146496815286,61.146496815286625,11.464968152866243
E00008207,105,33,12,21,72,61,11,31.428571428571427,11.428571428571429,20,68.57142857142857,58.0952380952381,10.476190476190476
E00008208,196,62,20,42,134,108,26,31.63265306122449,10.204081632653061,21.428571428571427,68.36734693877551,55.10204081632652,13.26530612244898
E00008209,144,57,13,44,87,77,10,39.58333333333333,9.027777777777777,30.555555555555557,60.416666666666664,53.47222222222222,6.944444444444445
E00008210,140,35,14,21,105,90,15,25,10,15,75,64.28571428571429,10.714285714285714
E00008211,66,16,7,9,50,46,4,24.242424242424242,10.606060606060606,13.636363636363635,75.75757575757575,69.6969696969697,6.0606060606060606
E00008212,157,35,14,21,122,113,9,22.29299363057325,8.9171974522293,13.375796178343949,77.70700636942675,71.97452229299363,5.7324840764331215
E00008213,172,34,12,22,138,109,29,19.767441860465116,6.976744186046512,12.790697674418606,80.23255813953489,63.372093023255815,16.86046511627907
E00008214,173,56,16,40,117,109,8,32.369942196531795,9.248554913294797,23.121387283236995,67.63005780346822,63.005780346820806,4.624277456647398
E00008215,172,39,13,26,133,115,18,22.674418604651162,7.55813953488372,15.11627906976744,77.32558139534885,66.86046511627907,10.465116279069768
E00008216,119,36,10,26,83,73,10,30.252100840336134,8.403361344537815,21.84873949579832,69.74789915966386,61.34453781512605,8.403361344537815
E00008217,164,51,14,37,113,99,14,31.097560975609756,8.536585365853659,22.5609756097561,68.90243902439023,60.36585365853659,8.536585365853659
E00008219,184,37,19,18,147,125,22,20.108695652173914,10.326086956521738,9.782608695652174,79.8913043478261,67.93478260869566,11.956521739130435
E00008220,126,34,7,27,92,82,10,26.984126984126984,5.555555555555555,21.428571428571427,73.01587301587301,65.07936507936508,7.936507936507936
E00008221,179,50,21,29,129,109,20,27.932960893854748,11.731843575418994,16.201117318435752,72.06703910614524,60.893854748603346,11.1731843575419
E00008222,88,20,10,10,68,52,16,22.727272727272727,11.363636363636363,11.363636363636363,77.27272727272727,59.09090909090909,18.181818181818183
E00008223,222,52,18,34,170,143,27,23.423423423423422,8.108108108108109,15.315315315315313,76.57657657657657,64.41441441441441,12.162162162162163
E00008225,116,33,9,24,83,66,17,28.448275862068968,7.758620689655173,20.689655172413794,71.55172413793103,56.896551724137936,14.655172413793101
E00008226,176,55,26,29,121,90,31,31.25,14.772727272727273,16.477272727272727,68.75,51.13636363636363,17.613636363636363
E00008228,104,39,11,28,65,58,7,37.5,10.576923076923077,26.923076923076923,62.5,55.769230769230774,6.730769230769231
E00008229,125,29,11,18,96,83,13,23.200000000000003,8.799999999999999,14.399999999999999,76.8,66.4,10.4
E00008230,158,42,11,31,116,106,10,26.582278481012654,6.962025316455696,19.62025316455696,73.41772151898735,67.08860759493672,6.329113924050633
E00008231,180,44,14,30,136,121,15,24.444444444444443,7.777777777777778,16.666666666666664,75.55555555555556,67.22222222222223,8.333333333333332
E00008232,140,44,15,29,96,89,7,31.428571428571427,10.714285714285714,20.714285714285715,68.57142857142857,63.57142857142857,5
E00008233,66,15,10,5,51,43,8,22.727272727272727,15.151515151515152,7.575757575757576,77.27272727272727,65.15151515151516,12.121212121212121
E00008234,166,55,27,28,111,91,20,33.13253012048193,16.265060240963855,16.867469879518072,66.86746987951807,54.81927710843374,12.048192771084338
E00008235,163,59,18,41,104,92,12,36.19631901840491,11.042944785276074,25.153374233128833,63.80368098159509,56.44171779141104,7.361963190184049
E00008236,133,40,13,27,93,84,9,30.075187969924812,9.774436090225564,20.30075187969925,69.92481203007519,63.1578947368421,6.7669172932330826
E00008237,240,33,15,18,207,184,23,13.750000000000002,6.25,7.5,86.25,76.66666666666667,9.583333333333334
E00008238,157,42,14,28,115,100,15,26.751592356687897,8.9171974522293,17.8343949044586,73.24840764331209,63.69426751592356,9.554140127388536
E00008239,141,34,12,22,107,82,25,24.113475177304963,8.51063829787234,15.602836879432624,75.88652482269504,58.156028368794324,17.73049645390071
E00008240,110,42,20,22,68,55,13,38.18181818181819,18.181818181818183,20,61.81818181818181,50,11.818181818181818
E00008241,148,52,16,36,96,80,16,35.13513513513514,10.81081081081081,24.324324324324326,64.86486486486487,54.054054054054056,10.81081081081081
E00008242,149,46,14,32,103,87,16,30.87248322147651,9.395973154362416,21.476510067114095,69.12751677852349,58.38926174496645,10.738255033557047
E00008243,153,37,15,22,116,103,13,24.183006535947712,9.803921568627452,14.37908496732026,75.81699346405229,67.3202614379085,8.49673202614379
E00008244,141,48,13,35,93,78,15,34.04255319148936,9.219858156028367,24.822695035460992,65.95744680851064,55.319148936170215,10.638297872340425
E00008245,104,43,14,29,61,51,10,41.34615384615385,13.461538461538462,27.884615384615387,58.65384615384615,49.03846153846153,9.615384615384617
E00008246,88,34,15,19,54,46,8,38.63636363636363,17.045454545454543,21.59090909090909,61.36363636363637,52.27272727272727,9.090909090909092
E00008247,126,41,18,23,85,76,9,32.53968253968254,14.285714285714285,18.253968253968253,67.46031746031747,60.317460317460316,7.142857142857142
E00008248,149,41,14,27,108,93,15,27.516778523489933,9.395973154362416,18.120805369127517,72.48322147651007,62.41610738255034,10.06711409395973
E00008249,147,48,15,33,99,88,11,32.6530612244898,10.204081632653061,22.448979591836736,67.3469387755102,59.863945578231295,7.482993197278912
E00008250,141,47,18,29,94,86,8,33.33333333333333,12.76595744680851,20.56737588652482,66.66666666666666,60.99290780141844,5.673758865248227
E00008251,135,46,18,28,89,84,5,34.074074074074076,13.333333333333334,20.74074074074074,65.92592592592592,62.22222222222222,3.7037037037037033
E00008252,144,42,17,25,102,88,14,29.166666666666668,11.805555555555555,17.36111111111111,70.83333333333334,61.111111111111114,9.722222222222223
E00008253,134,37,11,26,97,79,18,27.611940298507463,8.208955223880597,19.402985074626866,72.38805970149254,58.95522388059702,13.432835820895523
E00008254,132,44,19,25,88,78,10,33.33333333333333,14.393939393939394,18.939393939393938,66.66666666666666,59.09090909090909,7.575757575757576
E00008255,151,40,17,23,111,104,7,26.490066225165563,11.258278145695364,15.2317880794702,73.50993377483444,68.87417218543047,4.635761589403973
E00008256,87,22,6,16,65,53,12,25.287356321839084,6.896551724137931,18.39080459770115,74.71264367816092,60.91954022988506,13.793103448275861
E00008257,145,48,13,35,97,82,15,33.10344827586207,8.96551724137931,24.137931034482758,66.89655172413794,56.55172413793104,10.344827586206897
E00008258,156,53,22,31,103,92,11,33.97435897435898,14.102564102564102,19.871794871794872,66.02564102564102,58.97435897435898,7.051282051282051
E00008259,102,29,9,20,73,52,21,28.431372549019606,8.823529411764707,19.607843137254903,71.56862745098039,50.98039215686274,20.588235294117645
E00008260,114,37,17,20,77,58,19,32.45614035087719,14.912280701754385,17.543859649122805,67.54385964912281,50.877192982456144,16.666666666666664
E00008261,150,43,17,26,107,84,23,28.666666666666668,11.333333333333332,17.333333333333336,71.33333333333334,56.00000000000001,15.333333333333332
E00008262,117,28,11,17,89,65,24,23.931623931623932,9.401709401709402,14.529914529914532,76.06837606837607,55.55555555555556,20.51282051282051
E00008263,91,21,9,12,70,66,4,23.076923076923077,9.89010989010989,13.186813186813188,76.92307692307693,72.52747252747253,4.395604395604396
E00008264,147,45,21,24,102,59,43,30.612244897959183,14.285714285714285,16.3265306122449,69.38775510204081,40.136054421768705,29.25170068027211
E00008265,147,47,22,25,100,71,29,31.97278911564626,14.965986394557824,17.006802721088434,68.02721088435374,48.29931972789115,19.727891156462583
E00008266,160,38,12,26,122,105,17,23.75,7.5,16.25,76.25,65.625,10.625
E00008267,220,48,19,29,172,128,44,21.818181818181817,8.636363636363637,13.18181818181818,78.18181818181819,58.18181818181818,20
E00008268,138,35,12,23,103,88,15,25.36231884057971,8.695652173913043,16.666666666666664,74.63768115942028,63.76811594202898,10.869565217391305
E00008269,221,46,11,35,175,142,33,20.81447963800905,4.97737556561086,15.837104072398189,79.18552036199095,64.25339366515837,14.93212669683258
E00008270,120,35,7,28,85,77,8,29.166666666666668,5.833333333333333,23.333333333333332,70.83333333333334,64.16666666666667,6.666666666666667
E00008271,115,42,11,31,73,58,15,36.52173913043478,9.565217391304348,26.956521739130434,63.47826086956522,50.43478260869565,13.043478260869565
E00008272,152,44,22,22,108,88,20,28.947368421052634,14.473684210526317,14.473684210526317,71.05263157894737,57.89473684210527,13.157894736842104
E00008273,176,46,16,30,130,117,13,26.136363636363637,9.090909090909092,17.045454545454543,73.86363636363636,66.47727272727273,7.386363636363637
E00008274,166,38,12,26,128,98,30,22.89156626506024,7.228915662650602,15.66265060240964,77.10843373493977,59.036144578313255,18.072289156626507
E00008275,173,47,20,27,126,110,16,27.167630057803464,11.560693641618498,15.606936416184972,72.83236994219652,63.58381502890174,9.248554913294797
E00008276,133,46,18,28,87,74,13,34.58646616541353,13.533834586466165,21.052631578947366,65.41353383458647,55.639097744360896,9.774436090225564
E00008277,141,36,13,23,105,83,22,25.53191489361702,9.219858156028367,16.312056737588655,74.46808510638297,58.86524822695035,15.602836879432624
E00008279,360,122,66,56,238,184,54,33.88888888888889,18.333333333333332,15.555555555555555,66.11111111111111,51.11111111111111,15
E00008280,176,40,16,24,136,106,30,22.727272727272727,9.090909090909092,13.636363636363635,77.27272727272727,60.22727272727273,17.045454545454543
E00008282,134,34,14,20,100,75,25,25.37313432835821,10.44776119402985,14.925373134328357,74.6268656716418,55.970149253731336,18.65671641791045
E00008283,241,65,33,32,176,136,40,26.970954356846473,13.692946058091287,13.278008298755188,73.02904564315352,56.43153526970954,16.59751037344398
E00008284,135,37,12,25,98,83,15,27.40740740740741,8.88888888888889,18.51851851851852,72.5925925925926,61.48148148148148,11.11111111111111
E00008285,370,73,24,49,297,245,52,19.72972972972973,6.486486486486487,13.243243243243244,80.27027027027027,66.21621621621621,14.054054054054054
E00008287,145,27,13,14,118,89,29,18.620689655172416,8.96551724137931,9.655172413793103,81.37931034482759,61.37931034482759,20
E00008288,91,41,12,29,50,42,8,45.05494505494506,13.186813186813188,31.868131868131865,54.94505494505495,46.15384615384615,8.791208791208792
E00008290,296,50,12,38,246,186,60,16.89189189189189,4.054054054054054,12.837837837837837,83.1081081081081,62.83783783783784,20.27027027027027
E00008291,136,46,10,36,90,78,12,33.82352941176471,7.352941176470589,26.47058823529412,66.17647058823529,57.35294117647059,8.823529411764707
E00008293,136,40,21,19,96,85,11,29.411764705882355,15.441176470588236,13.970588235294118,70.58823529411765,62.5,8.088235294117647
E00008294,193,64,27,37,129,118,11,33.160621761658035,13.989637305699482,19.170984455958546,66.83937823834198,61.13989637305699,5.699481865284974
E00008296,186,41,19,22,145,109,36,22.043010752688172,10.21505376344086,11.827956989247312,77.95698924731182,58.602150537634415,19.35483870967742
E00008297,325,59,26,33,266,212,54,18.153846153846153,8,10.153846153846153,81.84615384615384,65.23076923076923,16.615384615384617
E00008298,166,35,9,26,131,92,39,21.084337349397593,5.421686746987952,15.66265060240964,78.91566265060241,55.42168674698795,23.49397590361446
E00008299,282,39,12,27,243,171,72,13.829787234042554,4.25531914893617,9.574468085106384,86.17021276595744,60.63829787234043,25.53191489361702
E00008300,172,42,11,31,130,113,17,24.418604651162788,6.395348837209303,18.023255813953487,75.5813953488372,65.69767441860465,9.883720930232558
E00008301,76,15,4,11,61,52,9,19.736842105263158,5.263157894736842,14.473684210526317,80.26315789473685,68.42105263157895,11.842105263157894
E00008302,114,26,12,14,88,73,15,22.807017543859647,10.526315789473683,12.280701754385964,77.19298245614034,64.03508771929825,13.157894736842104
E00008303,127,39,17,22,88,60,28,30.708661417322837,13.385826771653544,17.322834645669293,69.29133858267717,47.24409448818898,22.04724409448819
E00008304,188,47,18,29,141,113,28,25,9.574468085106384,15.425531914893616,75,60.1063829787234,14.893617021276595
E00008305,196,33,14,19,163,122,41,16.83673469387755,7.142857142857142,9.693877551020408,83.16326530612244,62.244897959183675,20.918367346938776
E00008306,318,81,27,54,237,190,47,25.471698113207548,8.49056603773585,16.9811320754717,74.52830188679245,59.74842767295597,14.779874213836477
E00008307,159,58,25,33,101,83,18,36.477987421383645,15.723270440251572,20.754716981132077,63.52201257861635,52.20125786163522,11.320754716981133
E00008310,187,54,19,35,133,121,12,28.87700534759358,10.16042780748663,18.71657754010695,71.12299465240642,64.70588235294117,6.417112299465241
E00008311,171,58,17,41,113,95,18,33.91812865497076,9.941520467836257,23.976608187134502,66.08187134502924,55.55555555555556,10.526315789473683
E00008312,125,32,9,23,93,78,15,25.6,7.199999999999999,18.4,74.4,62.4,12
E00008313,181,47,15,32,134,113,21,25.96685082872928,8.287292817679557,17.67955801104972,74.03314917127072,62.430939226519335,11.602209944751381
E00008314,201,31,16,15,170,144,26,15.422885572139302,7.960199004975125,7.462686567164178,84.5771144278607,71.64179104477611,12.935323383084576
E00008316,206,61,23,38,145,128,17,29.61165048543689,11.165048543689322,18.446601941747574,70.3883495145631,62.13592233009708,8.25242718446602
E00008318,181,38,10,28,143,127,16,20.994475138121548,5.524861878453039,15.469613259668508,79.00552486187846,70.1657458563536,8.83977900552486
E00008319,217,57,23,34,160,143,17,26.26728110599078,10.599078341013826,15.668202764976957,73.73271889400922,65.89861751152074,7.834101382488479
E00008320,139,49,10,39,90,79,11,35.25179856115108,7.1942446043165464,28.05755395683453,64.74820143884892,56.83453237410072,7.913669064748201
E00008321,110,47,20,27,63,52,11,42.72727272727273,18.181818181818183,24.545454545454547,57.27272727272727,47.27272727272727,10
E00008322,82,39,11,28,43,34,9,47.5609756097561,13.414634146341465,34.146341463414636,52.4390243902439,41.46341463414634,10.975609756097562
E00008323,121,40,8,32,81,75,6,33.057851239669425,6.6115702479338845,26.446280991735538,66.94214876033058,61.98347107438017,4.958677685950414
E00008324,94,36,11,25,58,55,3,38.297872340425535,11.702127659574469,26.595744680851062,61.702127659574465,58.51063829787234,3.1914893617021276
E00008325,154,44,14,30,110,89,21,28.57142857142857,9.090909090909092,19.480519480519483,71.42857142857143,57.7922077922078,13.636363636363635
E00008326,184,54,23,31,130,116,14,29.347826086956523,12.5,16.847826086956523,70.65217391304348,63.04347826086957,7.608695652173914
E00008327,183,44,9,35,139,124,15,24.043715846994534,4.918032786885246,19.12568306010929,75.95628415300546,67.75956284153006,8.19672131147541
E00008328,182,65,26,39,117,105,12,35.714285714285715,14.285714285714285,21.428571428571427,64.28571428571429,57.692307692307686,6.593406593406594
E00008329,205,64,20,44,141,122,19,31.21951219512195,9.75609756097561,21.463414634146343,68.78048780487805,59.512195121951216,9.268292682926829
E00008330,57,19,4,15,38,34,4,33.33333333333333,7.017543859649122,26.31578947368421,66.66666666666666,59.64912280701754,7.017543859649122
E00008331,146,44,13,31,102,87,15,30.136986301369863,8.904109589041095,21.232876712328768,69.86301369863014,59.589041095890416,10.273972602739725
E00008332,235,62,33,29,173,141,32,26.382978723404253,14.042553191489363,12.340425531914894,73.61702127659574,60,13.617021276595745
E00008333,228,75,31,44,153,124,29,32.89473684210527,13.596491228070176,19.298245614035086,67.10526315789474,54.385964912280706,12.719298245614036
E00008334,165,49,14,35,116,100,16,29.6969696969697,8.484848484848486,21.21212121212121,70.3030303030303,60.60606060606061,9.696969696969697
E00008335,263,70,36,34,193,161,32,26.61596958174905,13.688212927756654,12.927756653992395,73.38403041825094,61.21673003802282,12.167300380228136
E00008336,135,49,17,32,86,80,6,36.2962962962963,12.592592592592592,23.703703703703706,63.70370370370371,59.25925925925925,4.444444444444445
E00008337,174,48,17,31,126,109,17,27.586206896551722,9.770114942528735,17.81609195402299,72.41379310344827,62.643678160919535,9.770114942528735
E00008338,211,49,18,31,162,141,21,23.22274881516588,8.530805687203792,14.691943127962084,76.77725118483413,66.82464454976304,9.95260663507109
E00008339,224,64,23,41,160,143,17,28.57142857142857,10.267857142857142,18.303571428571427,71.42857142857143,63.83928571428571,7.5892857142857135
E00008340,161,55,16,39,106,90,16,34.161490683229815,9.937888198757763,24.22360248447205,65.83850931677019,55.90062111801242,9.937888198757763
E00008341,204,69,26,43,135,118,17,33.82352941176471,12.745098039215685,21.07843137254902,66.17647058823529,57.84313725490197,8.333333333333332
E00008342,246,72,14,58,174,155,19,29.268292682926827,5.691056910569105,23.577235772357724,70.73170731707317,63.00813008130082,7.723577235772358
E00008343,214,60,17,43,154,135,19,28.037383177570092,7.943925233644859,20.093457943925234,71.96261682242991,63.084112149532714,8.878504672897195
E00008344,65,28,11,17,37,35,2,43.07692307692308,16.923076923076923,26.153846153846157,56.92307692307692,53.84615384615385,3.076923076923077
E00008345,190,71,21,50,119,104,15,37.368421052631575,11.052631578947368,26.31578947368421,62.63157894736842,54.736842105263165,7.894736842105263
E00008346,230,66,10,56,164,150,14,28.695652173913043,4.3478260869565215,24.347826086956523,71.30434782608695,65.21739130434783,6.086956521739131
E00008347,178,52,8,44,126,112,14,29.213483146067414,4.49438202247191,24.719101123595504,70.78651685393258,62.92134831460674,7.865168539325842
E00008348,224,74,31,43,150,128,22,33.035714285714285,13.839285714285715,19.196428571428573,66.96428571428571,57.14285714285714,9.821428571428571
E00008350,96,40,11,29,56,47,9,41.66666666666667,11.458333333333332,30.208333333333332,58.333333333333336,48.95833333333333,9.375
E00008352,175,60,26,34,115,100,15,34.285714285714285,14.857142857142858,19.428571428571427,65.71428571428571,57.14285714285714,8.571428571428571
E00008353,173,51,15,36,122,108,14,29.47976878612717,8.670520231213873,20.809248554913296,70.52023121387283,62.42774566473989,8.092485549132949
E00008354,139,43,14,29,96,86,10,30.935251798561154,10.071942446043165,20.863309352517987,69.06474820143885,61.87050359712231,7.1942446043165464
E00008355,107,36,7,29,71,64,7,33.64485981308411,6.5420560747663545,27.102803738317753,66.35514018691589,59.813084112149525,6.5420560747663545
E00008356,248,93,43,50,155,128,27,37.5,17.338709677419356,20.161290322580644,62.5,51.61290322580645,10.887096774193548
E00008357,266,65,27,38,201,179,22,24.43609022556391,10.150375939849624,14.285714285714285,75.56390977443608,67.29323308270678,8.270676691729323
E00008359,89,26,9,17,63,57,6,29.213483146067414,10.112359550561797,19.101123595505616,70.78651685393258,64.04494382022472,6.741573033707865
E00008360,126,30,8,22,96,84,12,23.809523809523807,6.349206349206349,17.46031746031746,76.19047619047619,66.66666666666666,9.523809523809524
E00008361,111,27,11,16,84,71,13,24.324324324324326,9.90990990990991,14.414414414414415,75.67567567567568,63.96396396396396,11.711711711711711
E00008362,160,45,16,29,115,89,26,28.125,10,18.125,71.875,55.625,16.25
E00008363,164,57,26,31,107,96,11,34.756097560975604,15.853658536585366,18.902439024390244,65.2439024390244,58.536585365853654,6.707317073170732
E00008364,110,43,19,24,67,60,7,39.09090909090909,17.272727272727273,21.818181818181817,60.909090909090914,54.54545454545454,6.363636363636363
E00008365,149,34,11,23,115,93,22,22.818791946308725,7.38255033557047,15.436241610738255,77.18120805369128,62.41610738255034,14.76510067114094
E00008366,127,28,10,18,99,81,18,22.04724409448819,7.874015748031496,14.173228346456693,77.95275590551181,63.77952755905512,14.173228346456693
E00008367,134,34,18,16,100,83,17,25.37313432835821,13.432835820895523,11.940298507462686,74.6268656716418,61.940298507462686,12.686567164179104
E00008368,136,33,12,21,103,81,22,24.264705882352942,8.823529411764707,15.441176470588236,75.73529411764706,59.55882352941176,16.176470588235293
E00008369,124,41,8,33,83,68,15,33.064516129032256,6.451612903225806,26.61290322580645,66.93548387096774,54.83870967741935,12.096774193548388
E00008370,197,63,20,43,134,101,33,31.979695431472084,10.152284263959391,21.82741116751269,68.02030456852792,51.26903553299492,16.751269035532996
E00008371,103,35,15,20,68,60,8,33.980582524271846,14.563106796116504,19.41747572815534,66.01941747572816,58.252427184466015,7.766990291262135
E00008372,148,39,14,25,109,87,22,26.351351351351347,9.45945945945946,16.89189189189189,73.64864864864865,58.78378378378378,14.864864864864865
E00008373,168,47,16,31,121,107,14,27.976190476190478,9.523809523809524,18.452380952380953,72.02380952380952,63.69047619047619,8.333333333333332
E00008374,173,47,21,26,126,116,10,27.167630057803464,12.138728323699421,15.028901734104046,72.83236994219652,67.05202312138728,5.780346820809249
E00008375,173,53,22,31,120,104,16,30.63583815028902,12.716763005780345,17.91907514450867,69.36416184971098,60.115606936416185,9.248554913294797
E00008376,221,58,17,41,163,136,27,26.244343891402718,7.6923076923076925,18.552036199095024,73.7556561085973,61.53846153846154,12.217194570135746
E00008377,154,37,15,22,117,99,18,24.025974025974026,9.740259740259742,14.285714285714285,75.97402597402598,64.28571428571429,11.688311688311687
E00008378,172,50,20,30,122,100,22,29.069767441860467,11.627906976744185,17.441860465116278,70.93023255813954,58.139534883720934,12.790697674418606
E00008379,153,43,15,28,110,91,19,28.104575163398692,9.803921568627452,18.30065359477124,71.89542483660131,59.47712418300654,12.418300653594772
E00008380,156,44,15,29,112,92,20,28.205128205128204,9.615384615384617,18.58974358974359,71.7948717948718,58.97435897435898,12.82051282051282
E00008381,191,65,26,39,126,115,11,34.031413612565444,13.612565445026178,20.418848167539267,65.96858638743456,60.20942408376963,5.7591623036649215
E00008382,191,56,15,41,135,117,18,29.31937172774869,7.853403141361256,21.465968586387437,70.68062827225131,61.25654450261781,9.424083769633508
E00008383,187,62,25,37,125,108,17,33.155080213903744,13.368983957219251,19.786096256684495,66.84491978609626,57.75401069518716,9.090909090909092
E00008384,142,38,23,15,104,82,22,26.76056338028169,16.19718309859155,10.56338028169014,73.23943661971832,57.74647887323944,15.492957746478872
E00008385,146,37,9,28,109,86,23,25.34246575342466,6.164383561643835,19.17808219178082,74.65753424657534,58.9041095890411,15.753424657534246
E00008386,114,28,13,15,86,77,9,24.561403508771928,11.403508771929824,13.157894736842104,75.43859649122807,67.54385964912281,7.894736842105263
E00008387,128,32,11,21,96,82,14,25,8.59375,16.40625,75,64.0625,10.9375
E00008388,153,40,16,24,113,97,16,26.143790849673206,10.457516339869281,15.686274509803921,73.8562091503268,63.39869281045751,10.457516339869281
E00008389,116,38,13,25,78,62,16,32.758620689655174,11.206896551724139,21.551724137931032,67.24137931034483,53.44827586206896,13.793103448275861
E00008390,159,45,19,26,114,108,6,28.30188679245283,11.949685534591195,16.352201257861633,71.69811320754717,67.9245283018868,3.7735849056603774
E00008391,157,45,17,28,112,104,8,28.662420382165603,10.828025477707007,17.8343949044586,71.3375796178344,66.2420382165605,5.095541401273886
E00008392,165,48,13,35,117,103,14,29.09090909090909,7.878787878787878,21.21212121212121,70.9090909090909,62.42424242424243,8.484848484848486
E00008393,193,43,25,18,150,133,17,22.279792746113987,12.953367875647666,9.32642487046632,77.720207253886,68.9119170984456,8.808290155440414
E00008394,160,58,23,35,102,89,13,36.25,14.374999999999998,21.875,63.74999999999999,55.625,8.125
E00008395,183,54,20,34,129,111,18,29.508196721311474,10.92896174863388,18.579234972677597,70.49180327868852,60.65573770491803,9.836065573770492
E00008396,198,58,20,38,140,117,23,29.292929292929294,10.1010101010101,19.19191919191919,70.70707070707071,59.09090909090909,11.616161616161616
E00008397,164,53,15,38,111,95,16,32.31707317073171,9.146341463414634,23.170731707317074,67.6829268292683,57.92682926829268,9.75609756097561
E00008398,106,39,11,28,67,61,6,36.79245283018868,10.377358490566039,26.41509433962264,63.20754716981132,57.54716981132076,5.660377358490567
E00008399,211,45,18,27,166,137,29,21.32701421800948,8.530805687203792,12.796208530805686,78.67298578199052,64.92890995260665,13.744075829383887
E00008400,156,45,12,33,111,93,18,28.846153846153843,7.6923076923076925,21.153846153846153,71.15384615384616,59.61538461538461,11.538461538461538
E00008401,161,37,9,28,124,99,25,22.981366459627328,5.590062111801243,17.391304347826086,77.01863354037268,61.49068322981367,15.527950310559005
E00008402,145,42,15,27,103,86,17,28.965517241379313,10.344827586206897,18.620689655172416,71.03448275862068,59.310344827586206,11.724137931034482
E00008403,107,30,11,19,77,66,11,28.037383177570092,10.2803738317757,17.75700934579439,71.96261682242991,61.6822429906542,10.2803738317757
E00008404,150,40,18,22,110,100,10,26.666666666666668,12,14.666666666666666,73.33333333333333,66.66666666666666,6.666666666666667
E00008406,220,87,44,43,133,112,21,39.54545454545455,20,19.545454545454547,60.45454545454545,50.90909090909091,9.545454545454547
E00008407,160,46,13,33,114,100,14,28.749999999999996,8.125,20.625,71.25,62.5,8.75
E00008408,152,52,14,38,100,78,22,34.21052631578947,9.210526315789473,25,65.78947368421053,51.31578947368421,14.473684210526317
E00008409,145,43,13,30,102,87,15,29.655172413793103,8.96551724137931,20.689655172413794,70.34482758620689,60,10.344827586206897
E00008411,107,34,8,26,73,67,6,31.775700934579437,7.476635514018691,24.299065420560748,68.22429906542055,62.616822429906534,5.607476635514018
E00008412,119,46,14,32,73,66,7,38.655462184873954,11.76470588235294,26.89075630252101,61.34453781512605,55.46218487394958,5.88235294117647
E00008413,165,45,15,30,120,106,14,27.27272727272727,9.090909090909092,18.181818181818183,72.72727272727273,64.24242424242425,8.484848484848486
E00008414,159,57,23,34,102,95,7,35.84905660377358,14.465408805031446,21.38364779874214,64.15094339622641,59.74842767295597,4.40251572327044
E00008415,77,20,6,14,57,48,9,25.97402597402597,7.792207792207792,18.181818181818183,74.02597402597402,62.33766233766234,11.688311688311687
E00008416,212,69,20,49,143,129,14,32.54716981132076,9.433962264150944,23.11320754716981,67.45283018867924,60.84905660377359,6.60377358490566
E00008417,196,54,18,36,142,127,15,27.55102040816326,9.183673469387756,18.367346938775512,72.44897959183673,64.79591836734694,7.653061224489796
E00008418,157,55,25,30,102,89,13,35.03184713375796,15.92356687898089,19.10828025477707,64.96815286624204,56.68789808917197,8.280254777070063
E00008419,167,50,18,32,117,102,15,29.94011976047904,10.778443113772456,19.16167664670659,70.05988023952095,61.07784431137725,8.982035928143713
E00008421,165,57,14,43,108,97,11,34.54545454545455,8.484848484848486,26.060606060606062,65.45454545454545,58.78787878787879,6.666666666666667
E00008423,167,52,21,31,115,97,18,31.137724550898206,12.574850299401197,18.562874251497004,68.8622754491018,58.08383233532935,10.778443113772456
E00008425,133,45,9,36,88,77,11,33.83458646616541,6.7669172932330826,27.06766917293233,66.16541353383458,57.89473684210527,8.270676691729323
E00008426,167,55,27,28,112,103,9,32.93413173652694,16.16766467065868,16.766467065868262,67.06586826347305,61.67664670658682,5.389221556886228
E00008427,97,29,12,17,68,60,8,29.896907216494846,12.371134020618557,17.525773195876287,70.10309278350515,61.855670103092784,8.24742268041237
E00008428,244,78,26,52,166,145,21,31.967213114754102,10.655737704918032,21.311475409836063,68.0327868852459,59.42622950819673,8.60655737704918
E00008430,75,25,10,15,50,41,9,33.33333333333333,13.333333333333334,20,66.66666666666666,54.666666666666664,12
E00008431,184,57,25,32,127,102,25,30.978260869565215,13.586956521739129,17.391304347826086,69.02173913043478,55.434782608695656,13.586956521739129
E00008432,103,26,8,18,77,64,13,25.24271844660194,7.766990291262135,17.475728155339805,74.75728155339806,62.13592233009708,12.62135922330097
E00008433,118,39,10,29,79,75,4,33.05084745762712,8.47457627118644,24.576271186440678,66.94915254237289,63.559322033898304,3.389830508474576
E00008434,117,48,11,37,69,56,13,41.02564102564102,9.401709401709402,31.62393162393162,58.97435897435898,47.863247863247864,11.11111111111111
E00008435,174,67,22,45,107,94,13,38.50574712643678,12.643678160919542,25.862068965517242,61.49425287356321,54.02298850574713,7.471264367816093
E00008436,92,34,10,24,58,55,3,36.95652173913043,10.869565217391305,26.08695652173913,63.04347826086957,59.78260869565217,3.260869565217391
E00008437,81,21,7,14,60,53,7,25.925925925925924,8.641975308641975,17.28395061728395,74.07407407407408,65.4320987654321,8.641975308641975
E00008438,95,35,10,25,60,59,1,36.84210526315789,10.526315789473683,26.31578947368421,63.1578947368421,62.10526315789474,1.0526315789473684
E00008439,154,33,11,22,121,88,33,21.428571428571427,7.142857142857142,14.285714285714285,78.57142857142857,57.14285714285714,21.428571428571427
E00008440,243,66,28,38,177,141,36,27.160493827160494,11.522633744855968,15.637860082304528,72.8395061728395,58.0246913580247,14.814814814814813
E00008441,117,32,7,25,85,70,15,27.350427350427353,5.982905982905983,21.367521367521366,72.64957264957265,59.82905982905983,12.82051282051282
E00008442,143,55,22,33,88,71,17,38.46153846153847,15.384615384615385,23.076923076923077,61.53846153846154,49.65034965034965,11.888111888111888
E00008443,146,46,19,27,100,85,15,31.506849315068493,13.013698630136986,18.493150684931507,68.4931506849315,58.21917808219178,10.273972602739725
E00008444,209,75,25,50,134,118,16,35.88516746411483,11.961722488038278,23.923444976076556,64.11483253588517,56.45933014354066,7.655502392344498
E00008445,152,35,13,22,117,102,15,23.026315789473685,8.552631578947368,14.473684210526317,76.97368421052632,67.10526315789474,9.868421052631579
E00008446,212,62,35,27,150,132,18,29.245283018867923,16.50943396226415,12.735849056603774,70.75471698113208,62.264150943396224,8.49056603773585
E00008448,218,72,22,50,146,120,26,33.02752293577982,10.091743119266056,22.93577981651376,66.97247706422019,55.04587155963303,11.926605504587156
E00008451,151,66,22,44,85,77,8,43.70860927152318,14.56953642384106,29.13907284768212,56.29139072847682,50.993377483443716,5.298013245033113
E00008452,107,27,7,20,80,71,9,25.233644859813083,6.5420560747663545,18.69158878504673,74.76635514018692,66.35514018691589,8.411214953271028
E00008453,129,48,14,34,81,72,9,37.2093023255814,10.852713178294573,26.356589147286826,62.7906976744186,55.81395348837209,6.976744186046512
E00008454,265,82,37,45,183,162,21,30.943396226415093,13.962264150943396,16.9811320754717,69.0566037735849,61.13207547169811,7.9245283018867925
E00008456,97,32,6,26,65,57,8,32.98969072164948,6.185567010309279,26.804123711340207,67.0103092783505,58.76288659793815,8.24742268041237
E00008457,303,64,17,47,239,223,16,21.122112211221122,5.6105610561056105,15.51155115511551,78.87788778877888,73.5973597359736,5.2805280528052805
E00008458,137,42,16,26,95,85,10,30.656934306569344,11.678832116788321,18.97810218978102,69.34306569343066,62.04379562043796,7.2992700729927
E00008459,194,30,12,18,164,109,55,15.463917525773196,6.185567010309279,9.278350515463918,84.5360824742268,56.18556701030928,28.350515463917525
E00008460,133,38,15,23,95,82,13,28.57142857142857,11.278195488721805,17.293233082706767,71.42857142857143,61.65413533834586,9.774436090225564
E00008461,178,15,7,8,163,132,31,8.426966292134832,3.932584269662921,4.49438202247191,91.57303370786516,74.15730337078652,17.415730337078653
E00008463,233,42,12,30,191,165,26,18.025751072961373,5.150214592274678,12.875536480686694,81.97424892703863,70.81545064377683,11.158798283261802
E00008464,216,63,21,42,153,139,14,29.166666666666668,9.722222222222223,19.444444444444446,70.83333333333334,64.35185185185185,6.481481481481481
E00008465,284,95,37,58,189,175,14,33.45070422535211,13.028169014084506,20.422535211267608,66.54929577464789,61.61971830985915,4.929577464788732
E00008466,234,73,27,46,161,145,16,31.196581196581196,11.538461538461538,19.65811965811966,68.80341880341881,61.965811965811966,6.837606837606838
E00008467,120,51,16,35,69,61,8,42.5,13.333333333333334,29.166666666666668,57.49999999999999,50.83333333333333,6.666666666666667
E00008468,124,56,28,28,68,56,12,45.16129032258064,22.58064516129032,22.58064516129032,54.83870967741935,45.16129032258064,9.67741935483871
E00008469,146,55,20,35,91,79,12,37.67123287671233,13.698630136986301,23.972602739726025,62.328767123287676,54.109589041095894,8.21917808219178
E00008470,89,39,12,27,50,45,5,43.82022471910113,13.48314606741573,30.337078651685395,56.17977528089888,50.56179775280899,5.617977528089887
E00008471,66,22,9,13,44,36,8,33.33333333333333,13.636363636363635,19.696969696969695,66.66666666666666,54.54545454545454,12.121212121212121
E00008472,190,56,24,32,134,112,22,29.47368421052631,12.631578947368421,16.842105263157894,70.52631578947368,58.94736842105262,11.578947368421053
E00008473,170,50,12,38,120,113,7,29.411764705882355,7.0588235294117645,22.35294117647059,70.58823529411765,66.47058823529412,4.117647058823529
E00008474,150,69,26,43,81,71,10,46,17.333333333333336,28.666666666666668,54,47.333333333333336,6.666666666666667
E00008475,61,16,3,13,45,36,9,26.229508196721312,4.918032786885246,21.311475409836063,73.77049180327869,59.01639344262295,14.754098360655737
E00008476,209,93,23,70,116,99,17,44.49760765550239,11.004784688995215,33.49282296650718,55.50239234449761,47.368421052631575,8.133971291866029
E00008477,165,59,20,39,106,94,12,35.75757575757576,12.121212121212121,23.636363636363637,64.24242424242425,56.96969696969697,7.2727272727272725
E00008478,187,52,15,37,135,113,22,27.807486631016044,8.0213903743315509,19.786096256684495,72.19251336898395,60.42780748663101,11.76470588235294
E00008479,187,90,40,50,97,75,22,48.1283422459893,21.390374331550802,26.737967914438503,51.87165775401069,40.106951871657756,11.76470588235294
E00008480,181,49,11,38,132,115,17,27.071823204419886,6.077348066298343,20.994475138121548,72.92817679558011,63.53591160220995,9.392265193370166
E00008481,105,32,12,20,73,65,8,30.476190476190478,11.428571428571429,19.047619047619047,69.52380952380952,61.904761904761905,7.6190476190476195
E00008482,150,62,16,46,88,78,10,41.333333333333336,10.666666666666668,30.666666666666664,58.666666666666664,52,6.666666666666667
E00008483,170,66,21,45,104,89,15,38.82352941176471,12.352941176470589,26.47058823529412,61.1764705882353,52.352941176470594,8.823529411764707
E00008484,138,50,25,25,88,77,11,36.231884057971016,18.115942028985508,18.115942028985508,63.76811594202898,55.79710144927537,7.971014492753622
E00008485,187,63,19,44,124,109,15,33.68983957219251,10.16042780748663,23.52941176470588,66.31016042780749,58.288770053475936,8.0213903743315509
E00008486,160,56,21,35,104,88,16,35,13.125,21.875,65,55.00000000000001,10
E00008487,147,46,9,37,101,91,10,31.292517006802722,6.122448979591836,25.170068027210885,68.70748299319727,61.904761904761905,6.802721088435375
E00008488,58,21,7,14,37,29,8,36.206896551724135,12.068965517241379,24.137931034482758,63.793103448275865,50,13.793103448275861
E00008489,172,39,19,20,133,110,23,22.674418604651162,11.046511627906977,11.627906976744185,77.32558139534885,63.95348837209303,13.372093023255813
E00008490,108,21,2,19,87,67,20,19.444444444444446,1.8518518518518516,17.59259259259259,80.55555555555556,62.03703703703704,18.51851851851852
E00008491,103,38,15,23,65,56,9,36.89320388349515,14.563106796116504,22.330097087378643,63.10679611650486,54.36893203883495,8.737864077669903
E00008492,109,34,11,23,75,63,12,31.19266055045872,10.091743119266056,21.100917431192663,68.80733944954129,57.798165137614674,11.009174311926607
E00008493,132,52,11,41,80,70,10,39.39393939393939,8.333333333333332,31.060606060606062,60.60606060606061,53.03030303030303,7.575757575757576
E00008494,115,31,15,16,84,76,8,26.956521739130434,13.043478260869565,13.91304347826087,73.04347826086956,66.08695652173913,6.956521739130435
E00008495,176,29,15,14,147,115,32,16.477272727272727,8.522727272727272,7.954545454545454,83.52272727272727,65.3409090909091,18.181818181818183
E00008497,96,28,13,15,68,66,2,29.166666666666668,13.541666666666666,15.625,70.83333333333334,68.75,2.083333333333333
E00008498,141,29,10,19,112,98,14,20.56737588652482,7.092198581560284,13.47517730496454,79.43262411347519,69.50354609929079,9.929078014184398
E00008499,122,39,15,24,83,63,20,31.967213114754102,12.295081967213115,19.672131147540984,68.0327868852459,51.63934426229508,16.39344262295082
E00008500,142,32,13,19,110,94,16,22.535211267605636,9.15492957746479,13.380281690140844,77.46478873239437,66.19718309859155,11.267605633802818
E00008501,230,61,27,34,169,140,29,26.521739130434785,11.73913043478261,14.782608695652174,73.47826086956522,60.86956521739131,12.608695652173912
E00008502,106,36,17,19,70,57,13,33.9622641509434,16.037735849056602,17.92452830188679,66.0377358490566,53.77358490566038,12.264150943396226
E00008503,152,53,22,31,99,91,8,34.868421052631575,14.473684210526317,20.394736842105264,65.13157894736842,59.86842105263158,5.263157894736842
E00008505,133,41,17,24,92,82,10,30.82706766917293,12.781954887218044,18.045112781954884,69.17293233082707,61.65413533834586,7.518796992481203
E00008507,133,33,7,26,100,83,17,24.81203007518797,5.263157894736842,19.548872180451127,75.18796992481202,62.40601503759399,12.781954887218044
E00008508,166,55,22,33,111,87,24,33.13253012048193,13.253012048192772,19.879518072289155,66.86746987951807,52.40963855421686,14.457831325301203
E00008509,130,48,17,31,82,74,8,36.92307692307693,13.076923076923078,23.846153846153847,63.07692307692307,56.92307692307692,6.153846153846154
E00008510,104,34,11,23,70,63,7,32.69230769230769,10.576923076923077,22.115384615384613,67.3076923076923,60.57692307692307,6.730769230769231
E00008513,143,43,13,30,100,84,16,30.069930069930066,9.090909090909092,20.97902097902098,69.93006993006993,58.74125874125874,11.188811188811188
E00008514,81,34,14,20,47,43,4,41.9753086419753,17.28395061728395,24.691358024691358,58.0246913580247,53.086419753086425,4.938271604938271
E00008516,116,40,14,26,76,70,6,34.48275862068966,12.068965517241379,22.413793103448278,65.51724137931035,60.3448275862069,5.172413793103448
E00008517,103,34,7,27,69,57,12,33.00970873786408,6.796116504854369,26.21359223300971,66.99029126213593,55.33980582524271,11.650485436893204
E00008518,170,49,16,33,121,97,24,28.823529411764703,9.411764705882353,19.411764705882355,71.17647058823529,57.05882352941176,14.117647058823529
E00008519,137,56,16,40,81,70,11,40.87591240875913,11.678832116788321,29.1970802919708,59.12408759124088,51.09489051094891,8.02919708029197
E00008520,157,48,12,36,109,102,7,30.573248407643312,7.643312101910828,22.929936305732486,69.42675159235668,64.96815286624204,4.45859872611465
E00008521,68,20,7,13,48,41,7,29.411764705882355,10.294117647058822,19.11764705882353,70.58823529411765,60.29411764705882,10.294117647058822
E00008522,174,54,16,38,120,105,15,31.03448275862069,9.195402298850574,21.839080459770116,68.96551724137932,60.3448275862069,8.620689655172415
E00008524,90,29,11,18,61,55,6,32.22222222222222,12.222222222222221,20,67.77777777777779,61.111111111111114,6.666666666666667
E00008525,151,57,22,35,94,78,16,37.74834437086093,14.56953642384106,23.178807947019866,62.251655629139066,51.65562913907284,10.596026490066226
E00008527,154,47,17,30,107,101,6,30.519480519480517,11.03896103896104,19.480519480519483,69.48051948051948,65.5844155844156,3.896103896103896
E00008528,149,47,18,29,102,89,13,31.543624161073826,12.080536912751679,19.463087248322147,68.45637583892618,59.73154362416108,8.724832214765101
E00008529,141,42,13,29,99,88,11,29.78723404255319,9.219858156028367,20.56737588652482,70.2127659574468,62.4113475177305,7.801418439716312
E00008530,123,43,10,33,80,69,11,34.959349593495936,8.130081300813007,26.82926829268293,65.04065040650406,56.09756097560976,8.94308943089431
E00008531,110,42,16,26,68,59,9,38.18181818181819,14.545454545454545,23.636363636363637,61.81818181818181,53.63636363636364,8.181818181818182
E00008532,110,46,13,33,64,54,10,41.81818181818181,11.818181818181818,30,58.18181818181818,49.09090909090909,9.090909090909092
E00008533,240,70,31,39,170,144,26,29.166666666666668,12.916666666666668,16.25,70.83333333333334,60,10.833333333333334
E00008534,161,41,19,22,120,94,26,25.465838509316768,11.801242236024844,13.664596273291925,74.53416149068323,58.38509316770186,16.149068322981368
E00008535,117,46,20,26,71,64,7,39.31623931623932,17.094017094017094,22.22222222222222,60.68376068376068,54.700854700854705,5.982905982905983
E00008536,159,54,18,36,105,86,19,33.9622641509434,11.320754716981133,22.641509433962266,66.0377358490566,54.088050314465406,11.949685534591195
E00165792,192,47,16,31,145,124,21,24.479166666666664,8.333333333333332,16.145833333333336,75.52083333333334,64.58333333333334,10.9375
E00176485,145,54,15,39,91,77,14,37.24137931034483,10.344827586206897,26.89655172413793,62.758620689655174,53.103448275862064,9.655172413793103
E00176486,125,25,13,12,100,89,11,20,10.4,9.6,80,71.2,8.799999999999999
E00176487,95,18,11,7,77,66,11,18.947368421052634,11.578947368421053,7.368421052631578,81.05263157894737,69.47368421052632,11.578947368421053
E00176488,224,28,7,21,196,163,33,12.5,3.125,9.375,87.5,72.76785714285714,14.732142857142858
E00176489,172,36,19,17,136,107,29,20.930232558139537,11.046511627906977,9.883720930232558,79.06976744186046,62.2093023255814,16.86046511627907
E00176491,114,36,12,24,78,63,15,31.57894736842105,10.526315789473683,21.052631578947366,68.42105263157895,55.26315789473685,13.157894736842104
E00176494,65,16,6,10,49,40,9,24.615384615384617,9.230769230769232,15.384615384615385,75.38461538461539,61.53846153846154,13.846153846153847
E00176495,103,26,13,13,77,64,13,25.24271844660194,12.62135922330097,12.62135922330097,74.75728155339806,62.13592233009708,12.62135922330097
E00176496,221,79,29,50,142,119,23,35.74660633484163,13.122171945701359,22.624434389140273,64.25339366515837,53.84615384615385,10.407239819004525
E00176497,110,27,13,14,83,66,17,24.545454545454547,11.818181818181818,12.727272727272727,75.45454545454545,60,15.454545454545453
E00176498,197,61,26,35,136,114,22,30.96446700507614,13.19796954314721,17.766497461928935,69.03553299492386,57.868020304568525,11.16751269035533
E00176500,113,18,6,12,95,77,18,15.929203539823009,5.3097345132743365,10.619469026548673,84.070796460177,68.14159292035397,15.929203539823009
E00176502,81,20,9,11,61,54,7,24.691358024691358,11.11111111111111,13.580246913580247,75.30864197530865,66.66666666666666,8.641975308641975
E00176503,180,25,11,14,155,120,35,13.88888888888889,6.111111111111111,7.777777777777778,86.11111111111111,66.66666666666666,19.444444444444446
E00176504,160,21,11,10,139,116,23,13.125,6.875000000000001,6.25,86.875,72.5,14.374999999999998
E00176505,118,23,5,18,95,76,19,19.491525423728813,4.23728813559322,15.254237288135593,80.50847457627118,64.40677966101694,16.101694915254235
E00176507,219,64,26,38,155,121,34,29.22374429223744,11.87214611872146,17.35159817351598,70.77625570776256,55.25114155251142,15.52511415525114
E00176511,193,27,11,16,166,137,29,13.989637305699482,5.699481865284974,8.290155440414509,86.01036269430051,70.98445595854922,15.025906735751295
E00176512,151,25,14,11,126,102,24,16.55629139072848,9.271523178807946,7.28476821192053,83.44370860927152,67.54966887417218,15.894039735099339
E00176514,309,44,19,25,265,213,52,14.239482200647249,6.148867313915858,8.090614886731391,85.76051779935275,68.93203883495146,16.828478964401295
E00176517,268,63,28,35,205,168,37,23.507462686567166,10.44776119402985,13.059701492537313,76.49253731343283,62.68656716417911,13.805970149253731
E00176519,178,40,16,24,138,119,19,22.47191011235955,8.98876404494382,13.48314606741573,77.52808988764045,66.85393258426966,10.674157303370785
E00176520,153,38,15,23,115,94,21,24.836601307189543,9.803921568627452,15.032679738562091,75.16339869281046,61.43790849673203,13.725490196078432
E00176521,360,66,24,42,294,251,43,18.333333333333332,6.666666666666667,11.666666666666666,81.66666666666667,69.72222222222221,11.944444444444445
E00176522,121,14,8,6,107,90,17,11.570247933884298,6.6115702479338845,4.958677685950414,88.42975206611571,74.3801652892562,14.049586776859504
E00176523,143,28,11,17,115,82,33,19.58041958041958,7.6923076923076925,11.888111888111888,80.41958041958041,57.34265734265735,23.076923076923077
E00176524,248,61,27,34,187,161,26,24.596774193548388,10.887096774193548,13.709677419354838,75.40322580645162,64.91935483870968,10.483870967741936
E00176525,385,63,23,40,322,250,72,16.363636363636363,5.974025974025974,10.38961038961039,83.63636363636363,64.93506493506493,18.7012987012987
E00176526,127,25,11,14,102,84,18,19.68503937007874,8.661417322834646,11.023622047244094,80.31496062992126,66.14173228346458,14.173228346456693
E00176527,124,37,14,23,87,68,19,29.838709677419356,11.29032258064516,18.548387096774192,70.16129032258065,54.83870967741935,15.32258064516129
E00176528,174,58,23,35,116,95,21,33.33333333333333,13.218390804597702,20.114942528735632,66.66666666666666,54.59770114942529,12.068965517241379
E00176529,199,45,18,27,154,136,18,22.613065326633166,9.045226130653267,13.5678391959799,77.38693467336684,68.34170854271356,9.045226130653267
E00176530,224,97,60,37,127,89,38,43.30357142857143,26.785714285714285,16.517857142857142,56.69642857142857,39.732142857142854,16.964285714285715
E00176531,185,48,13,35,137,111,26,25.945945945945947,7.027027027027027,18.91891891891892,74.05405405405405,60,14.054054054054054
E00176532,212,64,26,38,148,117,31,30.18867924528302,12.264150943396226,17.92452830188679,69.81132075471697,55.188679245283026,14.622641509433961
E00176533,204,77,31,46,127,115,12,37.745098039215684,15.196078431372548,22.54901960784314,62.254901960784316,56.372549019607845,5.88235294117647
E00176534,169,55,22,33,114,87,27,32.544378698224854,13.017751479289942,19.526627218934912,67.45562130177515,51.4792899408284,15.976331360946746
E00176535,263,66,31,35,197,138,59,25.09505703422053,11.787072243346007,13.307984790874524,74.90494296577947,52.47148288973384,22.433460076045627
E00176536,155,54,20,34,101,86,15,34.83870967741935,12.903225806451612,21.935483870967744,65.16129032258064,55.483870967741936,9.67741935483871
E00176537,136,35,12,23,101,88,13,25.735294117647058,8.823529411764707,16.911764705882355,74.26470588235294,64.70588235294117,9.558823529411764
E00176539,406,60,24,36,346,281,65,14.77832512315271,5.911330049261084,8.866995073891626,85.22167487684729,69.21182266009852,16.00985221674877
E00176540,129,47,18,29,82,66,16,36.434108527131784,13.953488372093023,22.48062015503876,63.565891472868216,51.162790697674424,12.4031007751938
E00176541,68,22,3,19,46,37,9,32.35294117647059,4.411764705882353,27.941176470588236,67.64705882352942,54.41176470588235,13.23529411764706
E00176542,160,46,21,25,114,100,14,28.749999999999996,13.125,15.625,71.25,62.5,8.75
E00176543,150,43,14,29,107,93,14,28.666666666666668,9.333333333333334,19.333333333333332,71.33333333333334,62,9.333333333333334
E00176544,121,14,8,6,107,78,29,11.570247933884298,6.6115702479338845,4.958677685950414,88.42975206611571,64.46280991735537,23.96694214876033
E00176545,145,44,12,32,101,81,20,30.344827586206897,8.275862068965518,22.06896551724138,69.6551724137931,55.86206896551724,13.793103448275861
E00176546,109,37,12,25,72,66,6,33.94495412844037,11.009174311926607,22.93577981651376,66.05504587155964,60.550458715596335,5.5045871559633035
E00176547,141,25,11,14,116,89,27,17.73049645390071,7.801418439716312,9.929078014184398,82.26950354609929,63.12056737588653,19.148936170212767
E00176548,212,36,12,24,176,151,25,16.9811320754717,5.660377358490567,11.320754716981133,83.01886792452831,71.22641509433963,11.79245283018868
E00176549,102,32,9,23,70,63,7,31.372549019607842,8.823529411764707,22.54901960784314,68.62745098039215,61.76470588235294,6.862745098039216
E00176550,75,27,6,21,48,41,7,36,8,28.000000000000004,64,54.666666666666664,9.333333333333334
E00176551,127,38,11,27,89,81,8,29.92125984251969,8.661417322834646,21.25984251968504,70.07874015748031,63.77952755905512,6.299212598425196
E00176552,234,72,23,49,162,135,27,30.76923076923077,9.82905982905983,20.94017094017094,69.23076923076923,57.692307692307686,11.538461538461538
E00176553,147,34,10,24,113,101,12,23.12925170068027,6.802721088435375,16.3265306122449,76.87074829931973,68.70748299319727,8.16326530612245
E00176555,180,37,11,26,143,121,22,20.555555555555554,6.111111111111111,14.444444444444443,79.44444444444444,67.22222222222223,12.222222222222221
E00176556,206,33,21,12,173,138,35,16.019417475728158,10.194174757281553,5.825242718446602,83.98058252427184,66.99029126213593,16.990291262135923
E00176557,109,31,9,22,78,71,7,28.440366972477065,8.256880733944955,20.18348623853211,71.55963302752293,65.13761467889908,6.422018348623854
E00176558,155,48,17,31,107,94,13,30.967741935483872,10.967741935483872,20,69.03225806451613,60.64516129032258,8.38709677419355
E00176559,137,47,18,29,90,81,9,34.306569343065696,13.138686131386862,21.16788321167883,65.69343065693431,59.12408759124088,6.569343065693431
E00176562,256,60,21,39,196,155,41,23.4375,8.203125,15.234375,76.5625,60.546875,16.015625
E00176563,191,55,18,37,136,116,20,28.79581151832461,9.424083769633508,19.3717277486911,71.20418848167539,60.73298429319372,10.471204188481675
E00176564,151,62,15,47,89,76,13,41.05960264900662,9.933774834437086,31.125827814569533,58.94039735099338,50.331125827814574,8.609271523178808
E00176565,171,55,14,41,116,95,21,32.16374269005848,8.187134502923977,23.976608187134502,67.83625730994152,55.55555555555556,12.280701754385964
E00176566,197,38,15,23,159,124,35,19.289340101522843,7.614213197969544,11.6751269035533,80.71065989847716,62.944162436548226,17.766497461928935
E00176567,103,24,12,12,79,69,10,23.300970873786408,11.650485436893204,11.650485436893204,76.69902912621359,66.99029126213593,9.70873786407767
E00176569,92,18,9,9,74,62,12,19.565217391304348,9.782608695652174,9.782608695652174,80.43478260869566,67.3913043478261,13.043478260869565
E00176570,170,53,12,41,117,96,21,31.176470588235293,7.0588235294117645,24.11764705882353,68.82352941176471,56.470588235294116,12.352941176470589
E00176571,178,69,23,46,109,90,19,38.764044943820224,12.921348314606742,25.842696629213485,61.23595505617978,50.56179775280899,10.674157303370785
E00176572,74,18,8,10,56,50,6,24.324324324324326,10.81081081081081,13.513513513513514,75.67567567567568,67.56756756756756,8.108108108108109
E00176573,126,40,15,25,86,71,15,31.746031746031743,11.904761904761903,19.841269841269842,68.25396825396825,56.34920634920635,11.904761904761903
E00176574,104,27,10,17,77,66,11,25.961538461538463,9.615384615384617,16.346153846153847,74.03846153846155,63.46153846153846,10.576923076923077
E00176575,149,39,15,24,110,92,18,26.174496644295303,10.06711409395973,16.10738255033557,73.8255033557047,61.74496644295302,12.080536912751679
E00176576,173,68,25,43,105,96,9,39.30635838150289,14.450867052023122,24.85549132947977,60.69364161849711,55.49132947976878,5.202312138728324
E00176577,110,30,6,24,80,71,9,27.27272727272727,5.454545454545454,21.818181818181817,72.72727272727273,64.54545454545455,8.181818181818182
E00176578,198,44,16,28,154,133,21,22.22222222222222,8.080808080808081,14.14141414141414,77.77777777777779,67.17171717171718,10.606060606060606
E00176579,105,24,12,12,81,60,21,22.857142857142858,11.428571428571429,11.428571428571429,77.14285714285715,57.14285714285714,20
E00176581,209,63,12,51,146,135,11,30.14354066985646,5.741626794258373,24.401913875598087,69.85645933014354,64.5933014354067,5.263157894736842
E00176582,174,39,11,28,135,123,12,22.413793103448278,6.321839080459771,16.091954022988507,77.58620689655173,70.6896551724138,6.896551724137931
E00176583,150,18,12,6,132,106,26,12,8,4,88,70.66666666666667,17.333333333333336
E00176584,172,38,19,19,134,112,22,22.093023255813954,11.046511627906977,11.046511627906977,77.90697674418605,65.11627906976744,12.790697674418606
E00176585,192,36,16,20,156,128,28,18.75,8.333333333333332,10.416666666666668,81.25,66.66666666666666,14.583333333333334
E00176586,121,25,10,15,96,81,15,20.66115702479339,8.264462809917356,12.396694214876034,79.33884297520662,66.94214876033058,12.396694214876034
E00176587,184,51,19,32,133,115,18,27.717391304347828,10.326086956521738,17.391304347826086,72.28260869565217,62.5,9.782608695652174
E00176588,71,21,11,10,50,46,4,29.577464788732392,15.492957746478872,14.084507042253522,70.4225352112676,64.7887323943662,5.633802816901409
E00176589,105,42,11,31,63,56,7,40,10.476190476190476,29.523809523809526,60,53.333333333333336,6.666666666666667
E00176590,144,41,12,29,103,86,17,28.47222222222222,8.333333333333332,20.13888888888889,71.52777777777779,59.72222222222222,11.805555555555555
E00176591,184,27,13,14,157,128,29,14.673913043478262,7.065217391304348,7.608695652173914,85.32608695652173,69.56521739130434,15.760869565217392
E00176593,199,56,16,40,143,125,18,28.14070351758794,8.040201005025125,20.100502512562816,71.85929648241206,62.8140703517588,9.045226130653267
E00176594,124,30,13,17,94,53,41,24.193548387096776,10.483870967741936,13.709677419354838,75.80645161290323,42.74193548387097,33.064516129032256
E00176595,167,24,8,16,143,127,16,14.37125748502994,4.790419161676647,9.580838323353294,85.62874251497006,76.04790419161677,9.580838323353294
E00182058,118,27,10,17,91,73,18,22.88135593220339,8.47457627118644,14.40677966101695,77.11864406779661,61.86440677966102,15.254237288135593
E00182059,65,16,5,11,49,41,8,24.615384615384617,7.6923076923076925,16.923076923076923,75.38461538461539,63.07692307692307,12.307692307692308
E00182060,167,67,18,49,100,88,12,40.119760479041915,10.778443113772456,29.34131736526946,59.88023952095808,52.69461077844312,7.18562874251497
E00182081,254,119,74,45,135,114,21,46.8503937007874,29.133858267716533,17.716535433070867,53.14960629921261,44.881889763779526,8.267716535433072
E00182082,257,61,23,38,196,162,34,23.73540856031128,8.949416342412452,14.785992217898833,76.26459143968872,63.035019455252915,13.229571984435799
E00182083,297,65,24,41,232,184,48,21.885521885521886,8.080808080808081,13.804713804713806,78.11447811447812,61.95286195286195,16.161616161616163
E00182091,325,30,17,13,295,200,95,9.230769230769232,5.230769230769231,4,90.76923076923077,61.53846153846154,29.230769230769234
E00182092,278,28,15,13,250,182,68,10.071942446043165,5.39568345323741,4.676258992805756,89.92805755395683,65.46762589928058,24.46043165467626
E00182097,87,13,4,9,74,62,12,14.942528735632186,4.597701149425287,10.344827586206897,85.0574712643678,71.26436781609196,13.793103448275861
E00182101,225,31,11,20,194,146,48,13.777777777777779,4.888888888888889,8.88888888888889,86.22222222222223,64.88888888888889,21.333333333333336
E00182107,162,35,13,22,127,117,10,21.604938271604937,8.024691358024691,13.580246913580247,78.39506172839506,72.22222222222221,6.172839506172839
E00182111,259,33,14,19,226,180,46,12.741312741312742,5.405405405405405,7.335907335907336,87.25868725868726,69.4980694980695,17.760617760617762
E00182112,170,29,13,16,141,120,21,17.058823529411764,7.647058823529412,9.411764705882353,82.94117647058825,70.58823529411765,12.352941176470589
E00182120,186,32,13,19,154,117,37,17.20430107526882,6.989247311827956,10.21505376344086,82.79569892473118,62.903225806451616,19.892473118279568
E00182123,103,33,13,20,70,50,20,32.038834951456316,12.62135922330097,19.41747572815534,67.96116504854369,48.54368932038835,19.41747572815534
E00182124,353,24,9,15,329,246,83,6.79886685552408,2.5495750708215295,4.2492917847025495,93.20113314447592,69.68838526912181,23.512747875354105
E00182128,345,37,15,22,308,242,66,10.72463768115942,4.3478260869565215,6.3768115942028984,89.27536231884058,70.14492753623188,19.130434782608695
E00182129,284,33,14,19,251,184,67,11.619718309859154,4.929577464788732,6.690140845070422,88.38028169014085,64.7887323943662,23.591549295774648
E00182130,99,6,2,4,93,69,24,6.0606060606060606,2.0202020202020203,4.040404040404041,93.93939393939394,69.6969696969697,24.242424242424242
E00182132,220,43,14,29,177,120,57,19.545454545454547,6.363636363636363,13.18181818181818,80.45454545454545,54.54545454545454,25.90909090909091
E00182134,122,22,8,14,100,82,18,18.0327868852459,6.557377049180328,11.475409836065573,81.9672131147541,67.21311475409836,14.754098360655737
E00182137,234,83,6,77,151,132,19,35.47008547008547,2.564102564102564,32.9059829059829,64.52991452991454,56.41025641025641,8.11965811965812
E00182139,130,10,2,8,120,98,22,7.6923076923076925,1.5384615384615385,6.153846153846154,92.3076923076923,75.38461538461539,16.923076923076923
E00182140,275,52,23,29,223,192,31,18.90909090909091,8.363636363636363,10.545454545454545,81.0909090909091,69.81818181818183,11.272727272727273
E00182141,152,25,10,15,127,103,24,16.447368421052634,6.578947368421052,9.868421052631579,83.55263157894737,67.76315789473685,15.789473684210526
E00182148,296,35,13,22,261,200,61,11.824324324324325,4.391891891891892,7.4324324324324325,88.17567567567568,67.56756756756756,20.60810810810811
E00182150,160,21,13,8,139,93,46,13.125,8.125,5,86.875,58.12500000000001,28.749999999999996
E00182154,117,21,8,13,96,80,16,17.94871794871795,6.837606837606838,11.11111111111111,82.05128205128204,68.37606837606837,13.675213675213676
E00182157,191,25,13,12,166,127,39,13.089005235602095,6.806282722513089,6.282722513089005,86.91099476439791,66.49214659685863,20.418848167539267
E00182158,125,4,0,4,121,97,24,3.2,0,3.2,96.8,77.60000000000001,19.2
E00182160,372,45,20,25,327,250,77,12.096774193548388,5.376344086021505,6.720430107526881,87.90322580645162,67.20430107526882,20.698924731182796
E00182161,161,61,31,30,100,85,15,37.88819875776397,19.25465838509317,18.633540372670808,62.11180124223602,52.79503105590062,9.316770186335404
E00182162,99,9,5,4,90,67,23,9.090909090909092,5.05050505050505,4.040404040404041,90.9090909090909,67.67676767676768,23.232323232323232
E00182165,88,14,4,10,74,45,29,15.909090909090908,4.545454545454546,11.363636363636363,84.0909090909091,51.13636363636363,32.95454545454545
E00182167,89,13,8,5,76,62,14,14.606741573033707,8.98876404494382,5.617977528089887,85.39325842696628,69.66292134831461,15.730337078651685
E00182169,179,23,6,17,156,129,27,12.849162011173185,3.35195530726257,9.497206703910614,87.15083798882681,72.06703910614524,15.083798882681565
E00182170,96,26,12,14,70,60,10,27.083333333333332,12.5,14.583333333333334,72.91666666666666,62.5,10.416666666666668
E00182172,109,34,8,26,75,69,6,31.19266055045872,7.339449541284404,23.853211009174313,68.80733944954129,63.30275229357798,5.5045871559633035
E00182173,173,23,10,13,150,103,47,13.294797687861271,5.780346820809249,7.514450867052023,86.70520231213872,59.53757225433526,27.167630057803464
E00182178,237,22,11,11,215,163,52,9.282700421940929,4.641350210970464,4.641350210970464,90.71729957805907,68.77637130801688,21.940928270042196
E00182180,157,18,11,7,139,118,21,11.464968152866243,7.006369426751593,4.45859872611465,88.53503184713377,75.15923566878982,13.375796178343949
E00182182,152,54,16,38,98,89,9,35.526315789473685,10.526315789473683,25,64.47368421052632,58.55263157894737,5.921052631578947
E00182185,108,45,10,35,63,53,10,41.66666666666667,9.25925925925926,32.407407407407405,58.333333333333336,49.074074074074076,9.25925925925926
E00182187,178,24,10,14,154,125,29,13.48314606741573,5.617977528089887,7.865168539325842,86.51685393258427,70.2247191011236,16.292134831460675
E00182188,305,43,16,27,262,183,79,14.098360655737704,5.245901639344262,8.852459016393443,85.90163934426229,60,25.901639344262296
E00182189,105,18,8,10,87,72,15,17.142857142857142,7.6190476190476195,9.523809523809524,82.85714285714286,68.57142857142857,14.285714285714285
E00182195,145,44,15,29,101,86,15,30.344827586206897,10.344827586206897,20,69.6551724137931,59.310344827586206,10.344827586206897
E00182197,159,43,20,23,116,104,12,27.044025157232703,12.578616352201259,14.465408805031446,72.95597484276729,65.40880503144653,7.547169811320755
E00182199,324,34,15,19,290,207,83,10.493827160493826,4.62962962962963,5.864197530864197,89.50617283950618,63.888888888888886,25.617283950617285
E00182201,191,55,22,33,136,114,22,28.79581151832461,11.518324607329843,17.277486910994764,71.20418848167539,59.68586387434554,11.518324607329843
E00182204,57,13,6,7,44,33,11,22.807017543859647,10.526315789473683,12.280701754385964,77.19298245614034,57.89473684210527,19.298245614035086
E00182205,97,26,13,13,71,61,10,26.804123711340207,13.402061855670103,13.402061855670103,73.19587628865979,62.88659793814433,10.309278350515463
E00182214,134,20,10,10,114,89,25,14.925373134328357,7.462686567164178,7.462686567164178,85.07462686567165,66.4179104477612,18.65671641791045
E00182215,133,27,13,14,106,68,38,20.30075187969925,9.774436090225564,10.526315789473683,79.69924812030075,51.127819548872175,28.57142857142857
E00182216,114,52,16,36,62,58,4,45.614035087719294,14.035087719298245,31.57894736842105,54.385964912280706,50.877192982456144,3.508771929824561
E00182218,73,16,8,8,57,48,9,21.91780821917808,10.95890410958904,10.95890410958904,78.08219178082192,65.75342465753424,12.32876712328767
E00182219,76,16,4,12,60,53,7,21.052631578947366,5.263157894736842,15.789473684210526,78.94736842105263,69.73684210526315,9.210526315789473
E00182222,128,25,7,18,103,81,22,19.53125,5.46875,14.0625,80.46875,63.28125,17.1875
E00182223,129,27,11,16,102,83,19,20.930232558139537,8.527131782945736,12.4031007751938,79.06976744186046,64.34108527131784,14.728682170542637
E00182224,175,55,17,38,120,107,13,31.428571428571427,9.714285714285714,21.714285714285715,68.57142857142857,61.142857142857146,7.428571428571429
E00182226,140,12,2,10,128,107,21,8.571428571428571,1.4285714285714286,7.142857142857142,91.42857142857143,76.42857142857142,15
E00182227,379,89,42,47,290,251,39,23.482849604221638,11.081794195250659,12.401055408970976,76.51715039577837,66.2269129287599,10.29023746701847
E00182228,232,31,14,17,201,141,60,13.36206896551724,6.0344827586206895,7.327586206896551,86.63793103448276,60.775862068965516,25.862068965517242
E00182233,335,26,12,14,309,229,80,7.761194029850746,3.582089552238806,4.179104477611941,92.23880597014926,68.35820895522387,23.88059701492537
E00182234,50,18,11,7,32,31,1,36,22,14.000000000000002,64,62,2
E00182236,354,49,21,28,305,243,62,13.841807909604519,5.932203389830509,7.909604519774012,86.15819209039547,68.64406779661016,17.51412429378531
E00182237,147,44,22,22,103,82,21,29.931972789115648,14.965986394557824,14.965986394557824,70.06802721088435,55.78231292517006,14.285714285714285
E00182238,150,64,42,22,86,75,11,42.66666666666667,28.000000000000004,14.666666666666666,57.333333333333336,50,7.333333333333333
E00182239,159,17,6,11,142,112,30,10.69182389937107,3.7735849056603774,6.918238993710692,89.30817610062893,70.44025157232704,18.867924528301888
E00182240,291,22,6,16,269,208,61,7.560137457044673,2.0618556701030926,5.498281786941581,92.43986254295532,71.47766323024055,20.962199312714777
E00182241,149,54,22,32,95,79,16,36.241610738255034,14.76510067114094,21.476510067114095,63.758389261744966,53.02013422818792,10.738255033557047
E00182244,236,23,15,8,213,162,51,9.745762711864407,6.3559322033898304,3.389830508474576,90.2542372881356,68.64406779661016,21.610169491525426
E00182245,138,36,12,24,102,88,14,26.08695652173913,8.695652173913043,17.391304347826086,73.91304347826086,63.76811594202898,10.144927536231885
E00182248,175,5,1,4,170,131,39,2.857142857142857,0.5714285714285714,2.2857142857142856,97.14285714285714,74.85714285714286,22.285714285714285
E00182250,170,52,15,37,118,99,19,30.58823529411765,8.823529411764707,21.764705882352942,69.41176470588235,58.235294117647065,11.176470588235295
E00182252,281,22,9,13,259,206,53,7.829181494661921,3.202846975088968,4.6263345195729535,92.17081850533808,73.30960854092527,18.86120996441281
E00182257,182,19,6,13,163,144,19,10.43956043956044,3.296703296703297,7.142857142857142,89.56043956043956,79.12087912087912,10.43956043956044
E00182260,161,31,13,18,130,97,33,19.25465838509317,8.074534161490684,11.180124223602485,80.74534161490683,60.24844720496895,20.496894409937887
E00182261,115,53,17,36,62,56,6,46.08695652173913,14.782608695652174,31.30434782608696,53.91304347826087,48.69565217391305,5.217391304347826
E00182263,68,12,3,9,56,46,10,17.647058823529413,4.411764705882353,13.23529411764706,82.35294117647058,67.64705882352942,14.705882352941178
E00182268,265,41,17,24,224,181,43,15.471698113207546,6.415094339622642,9.056603773584905,84.52830188679246,68.30188679245282,16.22641509433962
E00182269,148,46,16,30,102,86,16,31.08108108108108,10.81081081081081,20.27027027027027,68.91891891891892,58.108108108108105,10.81081081081081
E00182275,173,20,13,7,153,117,36,11.560693641618498,7.514450867052023,4.046242774566474,88.4393063583815,67.63005780346822,20.809248554913296
E00182276,246,61,43,18,185,133,52,24.796747967479675,17.479674796747968,7.317073170731707,75.20325203252033,54.0650406504065,21.138211382113823
E00182277,153,27,10,17,126,96,30,17.647058823529413,6.535947712418301,11.11111111111111,82.35294117647058,62.745098039215684,19.607843137254903
E00182281,206,20,6,14,186,145,41,9.70873786407767,2.912621359223301,6.796116504854369,90.29126213592234,70.3883495145631,19.902912621359224
E00182284,167,9,0,9,158,122,36,5.389221556886228,0,5.389221556886228,94.61077844311377,73.05389221556887,21.55688622754491
E00182287,183,38,12,26,145,104,41,20.76502732240437,6.557377049180328,14.207650273224044,79.23497267759562,56.830601092896174,22.404371584699454
E00182288,19,8,4,4,11,8,3,42.10526315789473,21.052631578947366,21.052631578947366,57.89473684210527,42.10526315789473,15.789473684210526
E00182289,285,20,11,9,265,220,45,7.017543859649122,3.8596491228070176,3.1578947368421053,92.98245614035088,77.19298245614034,15.789473684210526
E00182294,92,9,2,7,83,72,11,9.782608695652174,2.1739130434782608,7.608695652173914,90.21739130434783,78.26086956521739,11.956521739130435
E00182295,258,43,15,28,215,175,40,16.666666666666664,5.813953488372093,10.852713178294573,83.33333333333334,67.82945736434108,15.503875968992247
E00182296,140,31,10,21,109,92,17,22.142857142857142,7.142857142857142,15,77.85714285714286,65.71428571428571,12.142857142857142
E00182297,186,65,16,49,121,111,10,34.946236559139784,8.60215053763441,26.344086021505376,65.05376344086021,59.67741935483871,5.376344086021505
E00182300,279,40,18,22,239,207,32,14.336917562724013,6.451612903225806,7.885304659498208,85.66308243727599,74.19354838709677,11.469534050179211
E00182302,291,39,18,21,252,221,31,13.402061855670103,6.185567010309279,7.216494845360824,86.5979381443299,75.94501718213058,10.652920962199312
E00182303,191,60,25,35,131,114,17,31.413612565445025,13.089005235602095,18.32460732984293,68.58638743455498,59.68586387434554,8.900523560209423
E00182304,259,48,10,38,211,174,37,18.53281853281853,3.861003861003861,14.671814671814673,81.46718146718148,67.18146718146718,14.285714285714285
E00182305,139,9,0,9,130,100,30,6.474820143884892,0,6.474820143884892,93.5251798561151,71.94244604316546,21.58273381294964
E00182309,86,7,3,4,79,57,22,8.13953488372093,3.488372093023256,4.651162790697675,91.86046511627907,66.27906976744185,25.581395348837212
E00182311,259,49,16,33,210,155,55,18.91891891891892,6.177606177606178,12.741312741312742,81.08108108108108,59.84555984555985,21.235521235521233
E00182316,353,54,15,39,299,237,62,15.29745042492918,4.2492917847025495,11.048158640226628,84.70254957507082,67.13881019830028,17.56373937677054
E00182322,214,37,15,22,177,134,43,17.289719626168225,7.009345794392523,10.2803738317757,82.71028037383178,62.616822429906534,20.093457943925234
E00182323,128,9,4,5,119,86,33,7.03125,3.125,3.90625,92.96875,67.1875,25.78125
E00182328,150,22,11,11,128,99,29,14.666666666666666,7.333333333333333,7.333333333333333,85.33333333333334,66,19.333333333333332
E00182331,31,7,1,6,24,18,6,22.58064516129032,3.225806451612903,19.35483870967742,77.41935483870968,58.06451612903226,19.35483870967742
E00182333,282,29,10,19,253,182,71,10.28368794326241,3.546099290780142,6.73758865248227,89.71631205673759,64.53900709219859,25.177304964539005
E00182334,258,47,20,27,211,180,31,18.217054263565892,7.751937984496124,10.465116279069768,81.78294573643412,69.76744186046511,12.015503875968992
E00182335,115,33,8,25,82,72,10,28.695652173913043,6.956521739130435,21.73913043478261,71.30434782608695,62.60869565217392,8.695652173913043
E00182338,239,23,10,13,216,167,49,9.623430962343097,4.184100418410042,5.439330543933055,90.3765690376569,69.8744769874477,20.502092050209207
E00182345,55,14,6,8,41,28,13,25.454545454545453,10.909090909090908,14.545454545454545,74.54545454545455,50.90909090909091,23.636363636363637
E00182346,134,17,6,11,117,97,20,12.686567164179104,4.477611940298507,8.208955223880597,87.31343283582089,72.38805970149254,14.925373134328357
E00182349,191,50,21,29,141,120,21,26.17801047120419,10.99476439790576,15.18324607329843,73.82198952879581,62.82722513089005,10.99476439790576
E00182353,274,82,36,46,192,163,29,29.927007299270077,13.138686131386862,16.78832116788321,70.07299270072993,59.48905109489051,10.583941605839415
E00182354,98,40,13,27,58,50,8,40.816326530612244,13.26530612244898,27.55102040816326,59.183673469387756,51.02040816326531,8.16326530612245
E00182355,165,61,15,46,104,94,10,36.96969696969697,9.090909090909092,27.878787878787882,63.030303030303024,56.96969696969697,6.0606060606060606
E00182357,70,16,6,10,54,45,9,22.857142857142858,8.571428571428571,14.285714285714285,77.14285714285715,64.28571428571429,12.857142857142856
E00182358,266,47,15,32,219,186,33,17.669172932330827,5.639097744360902,12.030075187969924,82.33082706766918,69.92481203007519,12.406015037593985
E00182359,159,38,18,20,121,91,30,23.89937106918239,11.320754716981133,12.578616352201259,76.10062893081762,57.23270440251572,18.867924528301888
E00182360,55,12,3,9,43,36,7,21.818181818181817,5.454545454545454,16.363636363636363,78.18181818181819,65.45454545454545,12.727272727272727
E00182362,171,20,11,9,151,104,47,11.695906432748536,6.432748538011696,5.263157894736842,88.30409356725146,60.81871345029239,27.485380116959064
E00182363,119,41,15,26,78,70,8,34.45378151260504,12.605042016806722,21.84873949579832,65.54621848739495,58.82352941176471,6.722689075630252
E00182364,60,14,3,11,46,37,9,23.333333333333332,5,18.333333333333332,76.66666666666667,61.66666666666667,15
E00182368,296,55,15,40,241,196,45,18.58108108108108,5.0675675675675675,13.513513513513514,81.41891891891892,66.21621621621621,15.202702702702704
E00182374,358,49,21,28,309,233,76,13.687150837988826,5.865921787709497,7.82122905027933,86.31284916201118,65.08379888268156,21.22905027932961
E00182375,124,15,4,11,109,71,38,12.096774193548388,3.225806451612903,8.870967741935484,87.90322580645162,57.25806451612904,30.64516129032258
E00182376,183,28,15,13,155,116,39,15.300546448087433,8.19672131147541,7.103825136612022,84.69945355191257,63.387978142076506,21.311475409836063
E00182377,148,8,3,5,140,102,38,5.405405405405405,2.027027027027027,3.3783783783783785,94.5945945945946,68.91891891891892,25.675675675675674
E00182379,133,42,11,31,91,76,15,31.57894736842105,8.270676691729323,23.308270676691727,68.42105263157895,57.14285714285714,11.278195488721805
E00182384,274,88,35,53,186,150,36,32.11678832116788,12.773722627737227,19.34306569343066,67.88321167883211,54.74452554744526,13.138686131386862
E00182386,100,12,7,5,88,76,12,12,7.000000000000001,5,88,76,12
E00182388,220,55,16,39,165,134,31,25,7.2727272727272725,17.727272727272727,75,60.909090909090914,14.09090909090909
E00182398,117,26,13,13,91,73,18,22.22222222222222,11.11111111111111,11.11111111111111,77.77777777777779,62.39316239316239,15.384615384615385
