OA,ts0380001,ts0380002,ts0380003,ts0380004,ts0380005,ts0380006,ts0380007,ts0380002_PCT,ts0380003_PCT,ts0380004_PCT,ts0380005_PCT,ts0380006_PCT,ts0380007_PCT
E00110429,509,53,23,30,456,32,424,10.412573673870334,4.518664047151278,5.893909626719057,89.58742632612967,6.286836935166994,83.30058939096267
E00110430,437,72,36,36,365,20,345,16.475972540045767,8.237986270022883,8.237986270022883,83.52402745995423,4.576659038901601,78.94736842105263
E00110431,267,29,11,18,238,19,219,10.861423220973784,4.119850187265917,6.741573033707865,89.13857677902621,7.116104868913857,82.02247191011236
E00110432,260,51,22,29,209,11,198,19.615384615384617,8.461538461538462,11.153846153846155,80.38461538461539,4.230769230769231,76.15384615384615
E00110433,388,49,19,30,339,20,319,12.628865979381443,4.896907216494846,7.731958762886598,87.37113402061856,5.154639175257731,82.21649484536083
E00110434,439,70,29,41,369,26,343,15.945330296127564,6.605922551252847,9.339407744874716,84.05466970387245,5.922551252847381,78.13211845102505
E00110435,346,26,8,18,320,26,294,7.514450867052023,2.312138728323699,5.202312138728324,92.48554913294798,7.514450867052023,84.97109826589595
E00110436,300,46,16,30,254,21,233,15.333333333333332,5.333333333333334,10,84.66666666666667,7.000000000000001,77.66666666666666
E00110437,395,29,13,16,366,8,358,7.341772151898734,3.2911392405063293,4.050632911392405,92.65822784810128,2.0253164556962027,90.63291139240506
E00110438,278,28,8,20,250,18,232,10.071942446043165,2.877697841726619,7.1942446043165464,89.92805755395683,6.474820143884892,83.45323741007195
E00110439,318,72,29,43,246,13,233,22.641509433962266,9.119496855345911,13.522012578616351,77.35849056603774,4.088050314465408,73.27044025157232
E00110440,290,38,16,22,252,12,240,13.10344827586207,5.517241379310345,7.586206896551724,86.89655172413792,4.137931034482759,82.75862068965517
E00110441,344,34,14,20,310,26,284,9.883720930232558,4.069767441860465,5.813953488372093,90.11627906976744,7.55813953488372,82.55813953488372
E00110442,379,44,21,23,335,25,310,11.609498680738787,5.540897097625329,6.068601583113456,88.39050131926122,6.596306068601583,81.79419525065963
E00110443,416,49,9,40,367,24,343,11.778846153846153,2.1634615384615383,9.615384615384617,88.22115384615384,5.769230769230769,82.45192307692307
E00110444,171,50,31,19,121,13,108,29.239766081871345,18.128654970760234,11.11111111111111,70.76023391812866,7.602339181286549,63.1578947368421
E00110445,302,24,9,15,278,22,256,7.9470198675496695,2.980132450331126,4.966887417218543,92.05298013245033,7.28476821192053,84.76821192052981
E00110446,394,59,32,27,335,25,310,14.974619289340103,8.121827411167512,6.852791878172589,85.0253807106599,6.345177664974619,78.68020304568529
E00110447,164,43,30,13,121,6,115,26.21951219512195,18.29268292682927,7.926829268292683,73.78048780487805,3.6585365853658534,70.1219512195122
E00110448,365,39,17,22,326,20,306,10.684931506849315,4.657534246575342,6.027397260273973,89.31506849315069,5.47945205479452,83.83561643835617
E00110449,268,30,11,19,238,21,217,11.194029850746269,4.104477611940299,7.08955223880597,88.80597014925374,7.835820895522389,80.97014925373134
E00110450,311,27,8,19,284,24,260,8.681672025723474,2.572347266881029,6.109324758842444,91.31832797427653,7.717041800643088,83.60128617363344
E00110451,318,24,10,14,294,17,277,7.547169811320755,3.1446540880503147,4.40251572327044,92.45283018867924,5.345911949685535,87.10691823899371
E00110452,374,41,16,25,333,11,322,10.962566844919785,4.27807486631016,6.684491978609626,89.03743315508021,2.941176470588235,86.09625668449198
E00110453,322,36,11,25,286,20,266,11.180124223602485,3.4161490683229814,7.763975155279502,88.81987577639751,6.211180124223603,82.6086956521739
E00110454,255,36,17,19,219,12,207,14.117647058823529,6.666666666666667,7.450980392156863,85.88235294117646,4.705882352941177,81.17647058823529
E00110455,324,35,17,18,289,16,273,10.802469135802468,5.246913580246913,5.555555555555555,89.19753086419753,4.938271604938271,84.25925925925925
E00110456,295,29,8,21,266,10,256,9.830508474576272,2.711864406779661,7.118644067796611,90.16949152542372,3.389830508474576,86.77966101694915
E00110457,354,24,6,18,330,17,313,6.779661016949152,1.694915254237288,5.084745762711865,93.22033898305084,4.80225988700565,88.4180790960452
E00110458,306,27,9,18,279,18,261,8.823529411764707,2.941176470588235,5.88235294117647,91.17647058823529,5.88235294117647,85.29411764705883
E00110459,223,41,13,28,182,13,169,18.385650224215247,5.829596412556054,12.556053811659194,81.61434977578476,5.829596412556054,75.7847533632287
E00110460,237,28,6,22,209,15,194,11.814345991561181,2.5316455696202533,9.282700421940929,88.18565400843882,6.329113924050633,81.85654008438819
E00110461,375,37,11,26,338,26,312,9.866666666666667,2.933333333333333,6.933333333333333,90.13333333333333,6.933333333333333,83.2
E00110462,298,30,14,16,268,20,248,10.06711409395973,4.697986577181208,5.369127516778524,89.93288590604027,6.7114093959731544,83.22147651006712
E00110463,301,28,10,18,273,17,256,9.30232558139535,3.322259136212625,5.980066445182724,90.69767441860465,5.647840531561462,85.04983388704319
E00110464,307,35,12,23,272,13,259,11.400651465798045,3.908794788273615,7.491856677524431,88.59934853420195,4.234527687296417,84.36482084690554
E00110465,311,29,10,19,282,18,264,9.32475884244373,3.215434083601286,6.109324758842444,90.67524115755627,5.787781350482315,84.88745980707395
E00110466,286,30,15,15,256,22,234,10.48951048951049,5.244755244755245,5.244755244755245,89.5104895104895,7.6923076923076925,81.81818181818183
E00110467,333,21,8,13,312,27,285,6.306306306306306,2.4024024024024024,3.903903903903904,93.69369369369369,8.108108108108109,85.58558558558559
E00110468,337,69,49,20,268,22,246,20.474777448071215,14.540059347181009,5.934718100890208,79.52522255192879,6.528189910979229,72.99703264094956
E00110469,364,30,7,23,334,19,315,8.241758241758241,1.9230769230769231,6.318681318681318,91.75824175824175,5.21978021978022,86.53846153846155
E00110470,361,37,11,26,324,26,298,10.249307479224377,3.0470914127423825,7.202216066481995,89.75069252077562,7.202216066481995,82.54847645429363
E00110471,172,32,16,16,140,11,129,18.6046511627907,9.30232558139535,9.30232558139535,81.3953488372093,6.395348837209303,75
E00110472,269,27,6,21,242,16,226,10.037174721189592,2.2304832713754648,7.806691449814126,89.96282527881041,5.947955390334572,84.01486988847584
E00110473,450,90,60,30,360,38,322,20,13.333333333333334,6.666666666666667,80,8.444444444444445,71.55555555555554
E00110474,366,47,17,30,319,28,291,12.841530054644808,4.644808743169399,8.19672131147541,87.1584699453552,7.650273224043716,79.50819672131148
E00110475,388,51,16,35,337,17,320,13.144329896907218,4.123711340206185,9.02061855670103,86.85567010309279,4.381443298969072,82.4742268041237
E00110476,352,40,19,21,312,18,294,11.363636363636363,5.3977272727272725,5.965909090909091,88.63636363636364,5.113636363636364,83.52272727272727
E00110477,236,77,34,43,159,25,134,32.6271186440678,14.40677966101695,18.220338983050848,67.37288135593221,10.59322033898305,56.779661016949156
E00110478,288,49,23,26,239,14,225,17.01388888888889,7.986111111111111,9.027777777777777,82.98611111111111,4.861111111111112,78.125
E00110479,271,43,23,20,228,13,215,15.867158671586715,8.487084870848708,7.380073800738007,84.13284132841329,4.797047970479705,79.33579335793358
E00110480,541,34,9,25,507,21,486,6.284658040665435,1.6635859519408502,4.621072088724584,93.71534195933457,3.8817005545286505,89.83364140480592
E00110481,370,44,21,23,326,15,311,11.891891891891893,5.675675675675676,6.216216216216217,88.10810810810811,4.054054054054054,84.05405405405405
E00110482,309,27,11,16,282,20,262,8.737864077669903,3.559870550161812,5.177993527508091,91.2621359223301,6.472491909385113,84.78964401294499
E00110483,318,37,14,23,281,17,264,11.635220125786164,4.40251572327044,7.232704402515723,88.36477987421384,5.345911949685535,83.01886792452831
E00110484,387,48,18,30,339,21,318,12.4031007751938,4.651162790697675,7.751937984496124,87.59689922480621,5.426356589147287,82.17054263565892
E00110485,274,29,11,18,245,19,226,10.583941605839415,4.014598540145985,6.569343065693431,89.41605839416059,6.934306569343065,82.48175182481752
E00110486,362,37,15,22,325,24,301,10.220994475138122,4.143646408839778,6.077348066298343,89.77900552486187,6.629834254143646,83.14917127071824
E00110487,347,33,13,20,314,30,284,9.510086455331413,3.7463976945244957,5.763688760806916,90.48991354466858,8.645533141210375,81.84438040345822
E00110488,306,33,9,24,273,22,251,10.784313725490197,2.941176470588235,7.8431372549019605,89.2156862745098,7.18954248366013,82.02614379084967
E00110489,239,23,7,16,216,13,203,9.623430962343097,2.928870292887029,6.694560669456067,90.3765690376569,5.439330543933055,84.93723849372385
E00110490,407,27,10,17,380,16,364,6.6339066339066335,2.457002457002457,4.176904176904177,93.36609336609337,3.9312039312039313,89.43488943488943
E00110491,410,31,15,16,379,22,357,7.560975609756097,3.6585365853658534,3.902439024390244,92.4390243902439,5.365853658536586,87.07317073170732
E00110492,377,38,20,18,339,17,322,10.079575596816976,5.305039787798409,4.774535809018567,89.92042440318302,4.509283819628647,85.41114058355438
E00110493,284,43,16,27,241,14,227,15.140845070422534,5.633802816901409,9.507042253521126,84.85915492957746,4.929577464788732,79.92957746478874
E00110494,322,54,21,33,268,26,242,16.77018633540373,6.521739130434782,10.248447204968944,83.22981366459628,8.074534161490684,75.15527950310559
E00110495,292,49,22,27,243,22,221,16.78082191780822,7.534246575342466,9.246575342465754,83.21917808219177,7.534246575342466,75.68493150684932
E00110496,236,32,10,22,204,21,183,13.559322033898304,4.23728813559322,9.322033898305085,86.4406779661017,8.898305084745763,77.54237288135593
E00110497,398,65,32,33,333,27,306,16.331658291457288,8.040201005025125,8.291457286432161,83.66834170854271,6.78391959798995,76.88442211055276
E00110498,169,19,5,14,150,13,137,11.242603550295858,2.9585798816568047,8.284023668639055,88.75739644970415,7.6923076923076925,81.06508875739645
E00110499,269,37,9,28,232,18,214,13.754646840148698,3.3457249070631967,10.408921933085502,86.2453531598513,6.691449814126393,79.5539033457249
E00110500,347,57,22,35,290,21,269,16.42651296829971,6.340057636887608,10.086455331412104,83.5734870317003,6.051873198847262,77.52161383285303
E00110501,226,38,15,23,188,9,179,16.8141592920354,6.637168141592921,10.176991150442479,83.1858407079646,3.982300884955752,79.20353982300885
E00110502,308,64,25,39,244,19,225,20.77922077922078,8.116883116883116,12.662337662337661,79.22077922077922,6.1688311688311686,73.05194805194806
E00110503,381,47,20,27,334,29,305,12.335958005249344,5.2493438320209975,7.086614173228346,87.66404199475065,7.611548556430446,80.0524934383202
E00110504,301,40,11,29,261,16,245,13.2890365448505,3.6544850498338874,9.634551495016613,86.71096345514951,5.3156146179401995,81.3953488372093
E00110505,260,44,15,29,216,18,198,16.923076923076923,5.769230769230769,11.153846153846155,83.07692307692308,6.923076923076923,76.15384615384615
E00110506,310,39,16,23,271,17,254,12.580645161290322,5.161290322580645,7.419354838709677,87.41935483870968,5.483870967741936,81.93548387096774
E00110507,280,35,19,16,245,23,222,12.5,6.785714285714286,5.714285714285714,87.5,8.214285714285714,79.28571428571428
E00110508,407,45,12,33,362,29,333,11.056511056511056,2.9484029484029484,8.108108108108109,88.94348894348894,7.125307125307126,81.81818181818183
E00110509,338,48,17,31,290,24,266,14.201183431952662,5.029585798816568,9.171597633136095,85.79881656804734,7.100591715976331,78.69822485207101
E00110510,286,68,38,30,218,19,199,23.776223776223777,13.286713286713287,10.48951048951049,76.22377622377621,6.643356643356643,69.58041958041959
E00110511,239,39,18,21,200,13,187,16.317991631799163,7.531380753138076,8.786610878661087,83.68200836820083,5.439330543933055,78.24267782426779
E00110512,166,19,3,16,147,17,130,11.44578313253012,1.8072289156626504,9.63855421686747,88.55421686746988,10.240963855421686,78.3132530120482
E00110513,293,46,15,31,247,25,222,15.699658703071673,5.1194539249146755,10.580204778156997,84.30034129692832,8.532423208191126,75.76791808873719
E00110514,172,15,4,11,157,12,145,8.720930232558139,2.3255813953488373,6.395348837209303,91.27906976744185,6.976744186046512,84.30232558139535
E00110515,272,38,24,14,234,12,222,13.970588235294118,8.823529411764707,5.147058823529411,86.02941176470588,4.411764705882353,81.61764705882352
E00110516,221,27,8,19,194,21,173,12.217194570135746,3.619909502262444,8.597285067873303,87.78280542986425,9.502262443438914,78.28054298642535
E00110517,173,47,27,20,126,13,113,27.167630057803464,15.606936416184972,11.560693641618498,72.83236994219652,7.514450867052023,65.3179190751445
E00110518,335,48,18,30,287,25,262,14.328358208955224,5.3731343283582085,8.955223880597014,85.67164179104478,7.462686567164178,78.2089552238806
E00110519,335,59,29,30,276,23,253,17.611940298507463,8.656716417910449,8.955223880597014,82.38805970149254,6.865671641791045,75.5223880597015
E00110520,274,26,6,20,248,20,228,9.48905109489051,2.18978102189781,7.2992700729927,90.51094890510949,7.2992700729927,83.21167883211679
E00110521,353,36,10,26,317,27,290,10.198300283286118,2.8328611898017,7.365439093484419,89.80169971671388,7.64872521246459,82.15297450424929
E00110522,292,38,13,25,254,17,237,13.013698630136986,4.4520547945205475,8.561643835616438,86.98630136986301,5.821917808219178,81.16438356164383
E00110523,206,34,12,22,172,20,152,16.50485436893204,5.825242718446602,10.679611650485436,83.49514563106796,9.70873786407767,73.7864077669903
E00110524,242,38,17,21,204,19,185,15.702479338842975,7.024793388429752,8.677685950413224,84.29752066115702,7.851239669421488,76.44628099173553
E00110525,348,30,15,15,318,18,300,8.620689655172415,4.310344827586207,4.310344827586207,91.37931034482759,5.172413793103448,86.20689655172413
E00110526,274,33,11,22,241,21,220,12.043795620437956,4.014598540145985,8.02919708029197,87.95620437956204,7.664233576642336,80.2919708029197
E00110527,343,35,13,22,308,23,285,10.204081632653061,3.7900874635568513,6.41399416909621,89.79591836734694,6.705539358600583,83.09037900874635
E00110528,315,43,10,33,272,25,247,13.65079365079365,3.1746031746031744,10.476190476190476,86.34920634920636,7.936507936507936,78.41269841269842
E00110529,320,30,9,21,290,28,262,9.375,2.8125,6.5625,90.625,8.75,81.875
E00110530,211,28,9,19,183,9,174,13.270142180094787,4.265402843601896,9.004739336492891,86.7298578199052,4.265402843601896,82.46445497630332
E00110531,484,73,23,50,411,39,372,15.082644628099173,4.75206611570248,10.330578512396695,84.91735537190083,8.057851239669422,76.85950413223141
E00110532,329,42,14,28,287,24,263,12.76595744680851,4.25531914893617,8.51063829787234,87.2340425531915,7.29483282674772,79.93920972644378
E00110533,319,37,13,24,282,27,255,11.598746081504702,4.075235109717868,7.523510971786834,88.40125391849529,8.463949843260188,79.9373040752351
E00110534,257,36,18,18,221,19,202,14.007782101167315,7.003891050583658,7.003891050583658,85.99221789883269,7.392996108949417,78.59922178988327
E00110536,263,50,23,27,213,16,197,19.011406844106464,8.745247148288973,10.26615969581749,80.98859315589354,6.083650190114068,74.90494296577947
E00110537,305,37,16,21,268,21,247,12.131147540983607,5.245901639344262,6.885245901639345,87.8688524590164,6.885245901639345,80.98360655737706
E00110538,255,38,13,25,217,18,199,14.901960784313726,5.098039215686274,9.803921568627452,85.09803921568627,7.0588235294117645,78.03921568627452
E00110539,321,47,16,31,274,31,243,14.641744548286603,4.984423676012461,9.657320872274143,85.35825545171339,9.657320872274143,75.70093457943925
E00110540,333,48,21,27,285,10,275,14.414414414414415,6.306306306306306,8.108108108108109,85.58558558558559,3.003003003003003,82.58258258258259
E00110541,287,53,29,24,234,30,204,18.466898954703833,10.104529616724738,8.362369337979095,81.53310104529616,10.452961672473867,71.0801393728223
E00110542,253,52,22,30,201,17,184,20.55335968379447,8.695652173913043,11.857707509881422,79.44664031620553,6.719367588932807,72.72727272727273
E00110543,350,24,7,17,326,25,301,6.857142857142858,2,4.857142857142857,93.14285714285714,7.142857142857142,86
E00110544,361,34,17,17,327,26,301,9.418282548476455,4.7091412742382275,4.7091412742382275,90.58171745152355,7.202216066481995,83.37950138504155
E00110545,216,52,27,25,164,12,152,24.074074074074073,12.5,11.574074074074074,75.92592592592592,5.555555555555555,70.37037037037037
E00110546,392,51,21,30,341,35,306,13.010204081632654,5.357142857142857,7.653061224489796,86.98979591836735,8.928571428571429,78.06122448979592
E00110547,601,63,25,38,538,43,495,10.482529118136439,4.159733777038269,6.322795341098169,89.51747088186356,7.154742096505824,82.36272878535775
E00110548,389,85,40,45,304,19,285,21.85089974293059,10.282776349614396,11.568123393316196,78.1491002570694,4.884318766066838,73.26478149100257
E00110549,299,52,17,35,247,15,232,17.391304347826086,5.68561872909699,11.705685618729097,82.6086956521739,5.016722408026756,77.59197324414716
E00110550,342,49,14,35,293,21,272,14.327485380116958,4.093567251461988,10.23391812865497,85.67251461988305,6.140350877192982,79.53216374269006
E00110552,466,54,20,34,412,25,387,11.587982832618025,4.291845493562231,7.296137339055794,88.41201716738198,5.36480686695279,83.04721030042919
E00110553,386,31,15,16,355,20,335,8.031088082901555,3.8860103626943006,4.145077720207254,91.96891191709845,5.181347150259067,86.78756476683938
E00110554,291,24,8,16,267,32,235,8.24742268041237,2.7491408934707904,5.498281786941581,91.75257731958763,10.996563573883162,80.75601374570446
E00110555,447,90,57,33,357,19,338,20.13422818791946,12.751677852348994,7.38255033557047,79.86577181208054,4.250559284116331,75.6152125279642
E00110556,409,36,10,26,373,20,353,8.80195599022005,2.444987775061125,6.356968215158925,91.19804400977995,4.88997555012225,86.3080684596577
E00110557,426,50,16,34,376,19,357,11.737089201877934,3.755868544600939,7.981220657276995,88.26291079812206,4.460093896713615,83.80281690140845
E00110558,343,41,14,27,302,24,278,11.9533527696793,4.081632653061225,7.871720116618077,88.0466472303207,6.997084548104956,81.04956268221575
E00110559,303,43,22,21,260,10,250,14.19141914191419,7.2607260726072615,6.9306930693069315,85.8085808580858,3.3003300330033,82.50825082508251
E00110560,366,43,19,24,323,9,314,11.748633879781421,5.191256830601093,6.557377049180328,88.25136612021858,2.459016393442623,85.79234972677595
E00110561,282,30,10,20,252,13,239,10.638297872340425,3.546099290780142,7.092198581560284,89.36170212765957,4.609929078014184,84.75177304964538
E00110562,308,39,12,27,269,12,257,12.662337662337661,3.896103896103896,8.766233766233766,87.33766233766234,3.896103896103896,83.44155844155844
E00110563,455,38,17,21,417,11,406,8.35164835164835,3.7362637362637363,4.615384615384616,91.64835164835165,2.417582417582418,89.23076923076924
E00110564,343,56,26,30,287,10,277,16.3265306122449,7.580174927113703,8.746355685131196,83.6734693877551,2.9154518950437316,80.75801749271136
E00110565,271,47,20,27,224,15,209,17.343173431734318,7.380073800738007,9.96309963099631,82.65682656826569,5.535055350553505,77.12177121771218
E00110566,443,59,32,27,384,19,365,13.31828442437923,7.223476297968396,6.094808126410835,86.68171557562077,4.288939051918736,82.39277652370203
E00110567,311,31,14,17,280,20,260,9.967845659163988,4.501607717041801,5.466237942122187,90.03215434083602,6.430868167202572,83.60128617363344
E00110568,359,58,20,38,301,9,292,16.15598885793872,5.571030640668524,10.584958217270195,83.84401114206128,2.5069637883008355,81.33704735376045
E00110569,348,35,16,19,313,16,297,10.057471264367816,4.597701149425287,5.459770114942529,89.9425287356322,4.597701149425287,85.34482758620689
E00110570,389,40,13,27,349,25,324,10.282776349614396,3.3419023136246784,6.940874035989718,89.7172236503856,6.426735218508997,83.29048843187661
E00110571,322,43,14,29,279,25,254,13.354037267080745,4.3478260869565215,9.006211180124224,86.64596273291926,7.763975155279502,78.88198757763976
E00110572,280,29,17,12,251,18,233,10.357142857142858,6.071428571428571,4.285714285714286,89.64285714285715,6.428571428571428,83.21428571428572
E00110573,126,14,6,8,112,10,102,11.11111111111111,4.761904761904762,6.349206349206349,88.88888888888889,7.936507936507936,80.95238095238095
E00110574,294,26,5,21,268,17,251,8.843537414965986,1.7006802721088436,7.142857142857142,91.15646258503402,5.782312925170068,85.37414965986395
E00110575,366,43,14,29,323,28,295,11.748633879781421,3.825136612021858,7.923497267759563,88.25136612021858,7.650273224043716,80.60109289617486
E00110576,304,58,22,36,246,14,232,19.078947368421055,7.236842105263158,11.842105263157894,80.92105263157895,4.605263157894736,76.31578947368422
E00110577,303,42,18,24,261,15,246,13.861386138613863,5.9405940594059405,7.920792079207921,86.13861386138613,4.9504950495049505,81.1881188118812
E00110578,355,35,12,23,320,36,284,9.859154929577464,3.3802816901408446,6.478873239436619,90.14084507042254,10.140845070422536,80
E00110579,506,63,20,43,443,39,404,12.450592885375494,3.9525691699604746,8.49802371541502,87.54940711462451,7.707509881422925,79.84189723320159
E00110580,321,35,13,22,286,19,267,10.903426791277258,4.049844236760125,6.853582554517133,89.09657320872275,5.919003115264798,83.17757009345794
E00110581,331,35,8,27,296,29,267,10.574018126888216,2.416918429003021,8.157099697885197,89.42598187311178,8.761329305135952,80.66465256797582
E00110582,338,64,35,29,274,15,259,18.93491124260355,10.355029585798817,8.579881656804734,81.06508875739645,4.437869822485207,76.62721893491124
E00110583,436,55,16,39,381,20,361,12.614678899082568,3.669724770642202,8.944954128440367,87.38532110091744,4.587155963302752,82.79816513761467
E00110584,268,33,9,24,235,15,220,12.313432835820896,3.3582089552238807,8.955223880597014,87.68656716417911,5.597014925373134,82.08955223880598
E00110585,265,41,17,24,224,23,201,15.471698113207546,6.415094339622642,9.056603773584905,84.52830188679246,8.679245283018867,75.84905660377359
E00110586,213,32,14,18,181,11,170,15.023474178403756,6.572769953051644,8.450704225352112,84.97652582159625,5.164319248826291,79.81220657276995
E00110587,268,62,31,31,206,12,194,23.134328358208954,11.567164179104477,11.567164179104477,76.86567164179104,4.477611940298507,72.38805970149254
E00110588,237,38,13,25,199,14,185,16.033755274261605,5.485232067510549,10.548523206751055,83.96624472573839,5.9071729957805905,78.05907172995781
E00110589,249,41,20,21,208,23,185,16.46586345381526,8.032128514056225,8.433734939759036,83.53413654618474,9.236947791164658,74.29718875502009
E00110590,301,52,12,40,249,13,236,17.275747508305646,3.9867109634551494,13.2890365448505,82.72425249169434,4.318936877076411,78.40531561461795
E00110591,402,61,22,39,341,16,325,15.17412935323383,5.472636815920398,9.701492537313433,84.82587064676616,3.9800995024875623,80.84577114427861
E00110592,380,53,16,37,327,20,307,13.94736842105263,4.2105263157894735,9.736842105263158,86.05263157894737,5.263157894736842,80.78947368421052
E00110593,321,40,17,23,281,19,262,12.461059190031152,5.29595015576324,7.165109034267912,87.53894080996885,5.919003115264798,81.61993769470405
E00110594,291,51,27,24,240,16,224,17.525773195876287,9.278350515463918,8.24742268041237,82.4742268041237,5.498281786941581,76.97594501718214
E00110595,299,42,23,19,257,23,234,14.046822742474916,7.6923076923076925,6.354515050167224,85.95317725752508,7.6923076923076925,78.26086956521739
E00110596,261,61,32,29,200,13,187,23.371647509578544,12.260536398467432,11.11111111111111,76.62835249042146,4.980842911877394,71.64750957854406
E00110597,306,38,14,24,268,22,246,12.418300653594772,4.57516339869281,7.8431372549019605,87.58169934640523,7.18954248366013,80.3921568627451
E00110598,277,47,23,24,230,11,219,16.967509025270758,8.303249097472925,8.664259927797833,83.03249097472924,3.9711191335740073,79.06137184115524
E00110599,310,46,18,28,264,24,240,14.838709677419354,5.806451612903226,9.032258064516128,85.16129032258064,7.741935483870968,77.41935483870968
E00110600,291,38,12,26,253,20,233,13.058419243986256,4.123711340206185,8.934707903780069,86.94158075601375,6.872852233676976,80.06872852233677
E00110601,294,34,18,16,260,19,241,11.564625850340136,6.122448979591836,5.442176870748299,88.43537414965986,6.462585034013606,81.97278911564626
E00110602,331,46,21,25,285,18,267,13.897280966767372,6.3444108761329305,7.552870090634441,86.10271903323263,5.438066465256798,80.66465256797582
E00110603,326,57,23,34,269,15,254,17.484662576687114,7.05521472392638,10.429447852760736,82.51533742331289,4.601226993865031,77.91411042944786
E00110604,257,32,11,21,225,9,216,12.45136186770428,4.280155642023346,8.171206225680933,87.54863813229572,3.501945525291829,84.04669260700389
E00110605,314,49,20,29,265,24,241,15.605095541401273,6.369426751592357,9.235668789808917,84.39490445859873,7.643312101910828,76.75159235668791
E00110606,299,46,18,28,253,16,237,15.384615384615385,6.0200668896321075,9.364548494983277,84.61538461538461,5.351170568561873,79.26421404682274
E00110607,331,45,16,29,286,27,259,13.595166163141995,4.833836858006042,8.761329305135952,86.404833836858,8.157099697885197,78.24773413897282
E00110608,299,49,24,25,250,22,228,16.387959866220736,8.02675585284281,8.361204013377927,83.61204013377926,7.357859531772576,76.2541806020067
E00110609,218,43,21,22,175,4,171,19.724770642201836,9.63302752293578,10.091743119266056,80.27522935779817,1.834862385321101,78.44036697247707
E00110610,375,63,27,36,312,26,286,16.8,7.199999999999999,9.6,83.2,6.933333333333333,76.26666666666667
E00110611,257,38,17,21,219,12,207,14.785992217898833,6.614785992217899,8.171206225680933,85.21400778210116,4.669260700389105,80.54474708171206
E00110612,418,61,27,34,357,16,341,14.5933014354067,6.4593301435406705,8.133971291866029,85.4066985645933,3.827751196172249,81.57894736842105
E00110613,331,50,16,34,281,25,256,15.105740181268882,4.833836858006042,10.27190332326284,84.89425981873111,7.552870090634441,77.34138972809667
E00110614,269,61,27,34,208,22,186,22.676579925650557,10.037174721189592,12.639405204460965,77.32342007434944,8.178438661710038,69.14498141263941
E00110615,461,55,25,30,406,26,380,11.930585683297181,5.42299349240781,6.507592190889371,88.06941431670282,5.639913232104121,82.4295010845987
E00110616,193,48,27,21,145,19,126,24.870466321243523,13.989637305699482,10.880829015544041,75.12953367875647,9.844559585492227,65.28497409326425
E00110617,311,66,36,30,245,11,234,21.221864951768488,11.57556270096463,9.646302250803858,78.77813504823152,3.536977491961415,75.2411575562701
E00110618,251,37,20,17,214,15,199,14.741035856573706,7.968127490039841,6.772908366533864,85.2589641434263,5.9760956175298805,79.2828685258964
E00110619,181,45,24,21,136,9,127,24.861878453038674,13.259668508287293,11.602209944751381,75.13812154696133,4.972375690607735,70.1657458563536
E00110620,290,65,26,39,225,12,213,22.413793103448278,8.96551724137931,13.448275862068964,77.58620689655173,4.137931034482759,73.44827586206897
E00110621,363,84,48,36,279,18,261,23.140495867768596,13.223140495867769,9.917355371900827,76.85950413223141,4.958677685950414,71.900826446281
E00110622,326,33,12,21,293,11,282,10.122699386503067,3.6809815950920246,6.441717791411043,89.87730061349694,3.374233128834356,86.50306748466258
E00110623,277,45,17,28,232,14,218,16.24548736462094,6.137184115523466,10.108303249097473,83.75451263537906,5.054151624548736,78.70036101083032
E00110624,396,75,29,46,321,21,300,18.939393939393938,7.3232323232323235,11.616161616161616,81.06060606060606,5.303030303030303,75.75757575757575
E00110625,264,49,17,32,215,15,200,18.560606060606062,6.4393939393939394,12.121212121212121,81.43939393939394,5.681818181818182,75.75757575757575
E00110626,283,48,21,27,235,17,218,16.96113074204947,7.420494699646643,9.540636042402827,83.03886925795054,6.007067137809187,77.03180212014135
E00110627,264,44,22,22,220,18,202,16.666666666666664,8.333333333333332,8.333333333333332,83.33333333333334,6.8181818181818175,76.51515151515152
E00110628,306,43,17,26,263,21,242,14.052287581699346,5.555555555555555,8.49673202614379,85.94771241830065,6.862745098039216,79.08496732026144
E00110629,296,48,22,26,248,21,227,16.216216216216218,7.4324324324324325,8.783783783783784,83.78378378378379,7.094594594594595,76.6891891891892
E00110630,375,58,24,34,317,27,290,15.466666666666667,6.4,9.066666666666666,84.53333333333333,7.199999999999999,77.33333333333333
E00110631,331,40,19,21,291,19,272,12.084592145015106,5.740181268882175,6.3444108761329305,87.91540785498489,5.740181268882175,82.17522658610272
E00110632,304,53,26,27,251,13,238,17.434210526315788,8.552631578947368,8.881578947368421,82.56578947368422,4.276315789473684,78.28947368421053
E00110633,310,48,23,25,262,21,241,15.483870967741936,7.419354838709677,8.064516129032258,84.51612903225806,6.774193548387098,77.74193548387098
E00110634,288,34,11,23,254,15,239,11.805555555555555,3.8194444444444446,7.986111111111111,88.19444444444444,5.208333333333334,82.98611111111111
E00110635,206,27,7,20,179,16,163,13.106796116504855,3.3980582524271843,9.70873786407767,86.89320388349515,7.766990291262135,79.12621359223301
E00110636,300,54,22,32,246,11,235,18,7.333333333333333,10.666666666666668,82,3.6666666666666665,78.33333333333333
E00110637,218,46,23,23,172,13,159,21.100917431192663,10.550458715596331,10.550458715596331,78.89908256880734,5.963302752293578,72.93577981651376
E00110638,317,56,32,24,261,15,246,17.665615141955836,10.094637223974763,7.570977917981073,82.33438485804416,4.73186119873817,77.60252365930599
E00110639,298,48,19,29,250,16,234,16.10738255033557,6.375838926174497,9.731543624161073,83.89261744966443,5.369127516778524,78.52348993288591
E00110640,247,38,21,17,209,25,184,15.384615384615385,8.502024291497975,6.882591093117409,84.61538461538461,10.121457489878543,74.49392712550608
E00110641,295,34,14,20,261,19,242,11.525423728813559,4.745762711864407,6.779661016949152,88.47457627118645,6.440677966101695,82.03389830508473
E00110642,381,33,15,18,348,21,327,8.661417322834646,3.937007874015748,4.724409448818897,91.33858267716536,5.511811023622047,85.8267716535433
E00110643,336,31,7,24,305,15,290,9.226190476190476,2.083333333333333,7.142857142857142,90.77380952380952,4.464285714285714,86.30952380952381
E00110644,321,24,8,16,297,22,275,7.476635514018691,2.4922118380062304,4.984423676012461,92.5233644859813,6.853582554517133,85.66978193146417
E00110645,337,35,7,28,302,23,279,10.385756676557865,2.0771513353115725,8.30860534124629,89.61424332344214,6.824925816023739,82.7893175074184
E00110646,284,25,5,20,259,22,237,8.80281690140845,1.7605633802816902,7.042253521126761,91.19718309859155,7.746478873239436,83.45070422535211
E00110647,323,30,11,19,293,26,267,9.287925696594428,3.4055727554179565,5.88235294117647,90.71207430340557,8.04953560371517,82.6625386996904
E00110648,299,25,9,16,274,16,258,8.361204013377927,3.0100334448160537,5.351170568561873,91.63879598662207,5.351170568561873,86.2876254180602
E00110649,313,37,13,24,276,34,242,11.821086261980831,4.15335463258786,7.667731629392971,88.17891373801918,10.86261980830671,77.31629392971246
E00110650,323,42,18,24,281,19,262,13.003095975232199,5.572755417956656,7.430340557275541,86.9969040247678,5.88235294117647,81.11455108359134
E00110651,318,30,13,17,288,11,277,9.433962264150944,4.088050314465408,5.345911949685535,90.56603773584906,3.459119496855346,87.10691823899371
E00110652,266,50,14,36,216,17,199,18.796992481203006,5.263157894736842,13.533834586466165,81.203007518797,6.390977443609022,74.81203007518798
E00110653,351,35,18,17,316,25,291,9.971509971509972,5.128205128205128,4.843304843304843,90.02849002849003,7.122507122507122,82.90598290598291
E00110654,188,32,13,19,156,11,145,17.02127659574468,6.914893617021277,10.106382978723403,82.97872340425532,5.851063829787234,77.12765957446808
E00110655,294,36,14,22,258,11,247,12.244897959183673,4.761904761904762,7.482993197278912,87.75510204081633,3.741496598639456,84.01360544217688
E00110656,339,46,19,27,293,12,281,13.569321533923304,5.604719764011799,7.964601769911504,86.4306784660767,3.5398230088495577,82.89085545722715
E00110657,296,35,12,23,261,26,235,11.824324324324325,4.054054054054054,7.77027027027027,88.17567567567568,8.783783783783784,79.3918918918919
E00110658,308,49,19,30,259,18,241,15.909090909090908,6.1688311688311686,9.740259740259742,84.0909090909091,5.844155844155844,78.24675324675324
E00110659,351,55,24,31,296,23,273,15.669515669515668,6.837606837606838,8.831908831908832,84.33048433048434,6.552706552706552,77.77777777777779
E00110660,382,61,31,30,321,27,294,15.968586387434556,8.115183246073299,7.853403141361256,84.03141361256544,7.068062827225131,76.96335078534031
E00110661,358,59,36,23,299,14,285,16.480446927374302,10.05586592178771,6.424581005586592,83.5195530726257,3.910614525139665,79.60893854748603
E00110662,300,45,21,24,255,23,232,15,7.000000000000001,8,85,7.666666666666666,77.33333333333333
E00110663,325,18,3,15,307,21,286,5.538461538461538,0.9230769230769231,4.615384615384616,94.46153846153847,6.461538461538462,88
E00110664,262,44,13,31,218,20,198,16.793893129770993,4.961832061068702,11.83206106870229,83.20610687022901,7.633587786259542,75.57251908396947
E00110665,334,41,17,24,293,25,268,12.275449101796406,5.089820359281437,7.18562874251497,87.72455089820359,7.48502994011976,80.23952095808383
E00110666,257,35,12,23,222,24,198,13.618677042801556,4.669260700389105,8.949416342412452,86.38132295719845,9.33852140077821,77.04280155642024
E00110667,359,35,7,28,324,26,298,9.749303621169917,1.9498607242339834,7.7994428969359335,90.25069637883009,7.242339832869081,83.008356545961007
E00110668,331,24,10,14,307,25,282,7.250755287009064,3.0211480362537766,4.229607250755287,92.74924471299094,7.552870090634441,85.1963746223565
E00110669,309,36,10,26,273,22,251,11.650485436893204,3.2362459546925564,8.414239482200648,88.3495145631068,7.119741100323624,81.22977346278317
E00110670,341,37,18,19,304,24,280,10.850439882697946,5.278592375366569,5.571847507331378,89.14956011730204,7.038123167155426,82.11143695014663
E00110671,327,46,16,30,281,19,262,14.067278287461773,4.892966360856269,9.174311926605505,85.93272171253822,5.81039755351682,80.1223241590214
E00110672,281,28,12,16,253,25,228,9.9644128113879,4.270462633451958,5.6939501779359425,90.0355871886121,8.896797153024911,81.13879003558719
E00110673,185,23,9,14,162,9,153,12.432432432432433,4.864864864864865,7.567567567567568,87.56756756756758,4.864864864864865,82.70270270270271
E00110674,320,28,11,17,292,16,276,8.75,3.4375000000000004,5.3125,91.25,5,86.25
E00110675,399,38,10,28,361,25,336,9.523809523809524,2.506265664160401,7.017543859649122,90.47619047619048,6.265664160401002,84.21052631578947
E00110676,370,33,14,19,337,30,307,8.91891891891892,3.783783783783784,5.135135135135135,91.08108108108108,8.108108108108109,82.97297297297297
E00110677,326,21,4,17,305,30,275,6.441717791411043,1.2269938650306749,5.214723926380368,93.55828220858896,9.202453987730062,84.3558282208589
E00110678,366,37,17,20,329,18,311,10.10928961748634,4.644808743169399,5.46448087431694,89.89071038251366,4.918032786885246,84.97267759562843
E00110679,375,39,9,30,336,20,316,10.4,2.4,8,89.60000000000001,5.333333333333334,84.26666666666667
E00110680,330,40,13,27,290,20,270,12.121212121212121,3.939393939393939,8.181818181818182,87.87878787878788,6.0606060606060606,81.81818181818183
E00110681,263,35,11,24,228,20,208,13.307984790874524,4.182509505703422,9.125475285171103,86.69201520912547,7.604562737642586,79.08745247148289
E00110682,313,37,13,24,276,14,262,11.821086261980831,4.15335463258786,7.667731629392971,88.17891373801918,4.472843450479233,83.70607028753993
E00110683,297,38,19,19,259,14,245,12.794612794612794,6.397306397306397,6.397306397306397,87.20538720538721,4.713804713804714,82.49158249158249
E00110684,399,41,18,23,358,22,336,10.275689223057643,4.511278195488721,5.764411027568922,89.72431077694235,5.513784461152882,84.21052631578947
E00110686,514,81,37,44,433,25,408,15.758754863813229,7.198443579766536,8.560311284046692,84.24124513618678,4.863813229571985,79.37743190661479
E00110687,306,26,10,16,280,34,246,8.49673202614379,3.2679738562091507,5.228758169934641,91.50326797385621,11.11111111111111,80.3921568627451
E00110688,276,37,12,25,239,21,218,13.405797101449277,4.3478260869565215,9.057971014492754,86.59420289855072,7.608695652173914,78.98550724637681
E00110689,402,76,51,25,326,20,306,18.90547263681592,12.686567164179104,6.218905472636816,81.09452736318407,4.975124378109453,76.11940298507463
E00110690,360,34,9,25,326,24,302,9.444444444444445,2.5,6.944444444444445,90.55555555555556,6.666666666666667,83.88888888888889
E00110691,465,61,30,31,404,30,374,13.118279569892474,6.451612903225806,6.666666666666667,86.88172043010752,6.451612903225806,80.43010752688173
E00110692,431,56,20,36,375,24,351,12.993039443155451,4.640371229698376,8.352668213457076,87.00696055684455,5.56844547563805,81.4385150812065
E00110693,382,55,16,39,327,24,303,14.397905759162304,4.18848167539267,10.209424083769633,85.6020942408377,6.282722513089005,79.31937172774869
E00110694,376,22,5,17,354,25,329,5.851063829787234,1.3297872340425532,4.521276595744681,94.14893617021278,6.648936170212766,87.5
E00110695,322,37,16,21,285,22,263,11.490683229813664,4.968944099378882,6.521739130434782,88.50931677018633,6.832298136645963,81.67701863354037
E00110696,373,54,24,30,319,22,297,14.47721179624665,6.434316353887399,8.04289544235925,85.52278820375335,5.898123324396782,79.62466487935657
E00110697,322,56,27,29,266,20,246,17.391304347826086,8.385093167701864,9.006211180124224,82.6086956521739,6.211180124223603,76.3975155279503
E00110698,207,60,26,34,147,10,137,28.985507246376812,12.560386473429952,16.425120772946862,71.01449275362319,4.830917874396135,66.18357487922705
E00110699,356,41,15,26,315,28,287,11.51685393258427,4.213483146067416,7.303370786516854,88.48314606741573,7.865168539325842,80.6179775280899
E00110700,374,41,17,24,333,18,315,10.962566844919785,4.545454545454546,6.417112299465241,89.03743315508021,4.81283422459893,84.22459893048129
E00110701,323,53,8,45,270,29,241,16.408668730650156,2.476780185758514,13.93188854489164,83.59133126934985,8.978328173374612,74.61300309597523
E00110702,319,49,30,19,270,23,247,15.360501567398119,9.404388714733543,5.956112852664576,84.63949843260188,7.210031347962382,77.4294670846395
E00110703,288,64,26,38,224,17,207,22.22222222222222,9.027777777777777,13.194444444444445,77.77777777777779,5.902777777777778,71.875
E00110704,384,52,19,33,332,20,312,13.541666666666666,4.947916666666666,8.59375,86.45833333333334,5.208333333333334,81.25
E00110705,304,34,13,21,270,17,253,11.18421052631579,4.276315789473684,6.907894736842106,88.81578947368422,5.592105263157895,83.22368421052632
E00110706,374,53,27,26,321,25,296,14.171122994652407,7.219251336898395,6.951871657754011,85.828877005347593,6.684491978609626,79.14438502673798
E00110707,281,45,20,25,236,15,221,16.014234875444842,7.11743772241993,8.896797153024911,83.98576512455516,5.338078291814947,78.64768683274022
E00110708,374,53,15,38,321,27,294,14.171122994652407,4.0106951871657754,10.16042780748663,85.828877005347593,7.219251336898395,78.6096256684492
E00110709,324,24,9,15,300,27,273,7.4074074074074066,2.7777777777777777,4.62962962962963,92.5925925925926,8.333333333333332,84.25925925925925
E00110710,297,52,18,34,245,21,224,17.50841750841751,6.0606060606060606,11.447811447811448,82.49158249158249,7.07070707070707,75.42087542087542
E00110712,370,41,9,32,329,25,304,11.081081081081082,2.4324324324324325,8.64864864864865,88.91891891891892,6.756756756756757,82.16216216216216
E00110714,212,27,7,20,185,16,169,12.735849056603774,3.30188679245283,9.433962264150944,87.26415094339622,7.547169811320755,79.71698113207547
E00110715,321,34,4,30,287,31,256,10.59190031152648,1.2461059190031152,9.345794392523365,89.40809968847351,9.657320872274143,79.75077881619937
E00110716,121,14,3,11,107,6,101,11.570247933884298,2.479338842975207,9.090909090909092,88.42975206611571,4.958677685950414,83.47107438016529
E00110717,160,19,3,16,141,11,130,11.875,1.875,10,88.125,6.875000000000001,81.25
E00110718,340,57,21,36,283,19,264,16.76470588235294,6.176470588235294,10.588235294117647,83.23529411764706,5.588235294117648,77.64705882352942
E00110719,349,61,25,36,288,23,265,17.478510028653297,7.163323782234957,10.315186246418339,82.52148997134671,6.59025787965616,75.93123209169055
E00110720,445,52,11,41,393,26,367,11.685393258426966,2.4719101123595504,9.213483146067416,88.31460674157303,5.842696629213483,82.47191011235955
E00110721,249,41,20,21,208,22,186,16.46586345381526,8.032128514056225,8.433734939759036,83.53413654618474,8.835341365461847,74.69879518072288
E00110722,341,32,10,22,309,19,290,9.3841642228739,2.932551319648094,6.451612903225806,90.6158357771261,5.571847507331378,85.04398826979472
E00110723,232,28,9,19,204,11,193,12.068965517241379,3.8793103448275863,8.189655172413794,87.93103448275862,4.741379310344827,83.1896551724138
E00110724,433,78,39,39,355,26,329,18.013856812933028,9.006928406466514,9.006928406466514,81.98614318706697,6.0046189376443415,75.98152424942263
E00110725,399,106,62,44,293,22,271,26.56641604010025,15.538847117794486,11.027568922305765,73.43358395989975,5.513784461152882,67.91979949874687
E00110726,357,33,13,20,324,27,297,9.243697478991598,3.6414565826330536,5.602240896358544,90.75630252100841,7.563025210084033,83.19327731092437
E00110727,358,50,16,34,308,20,288,13.966480446927374,4.4692737430167595,9.497206703910614,86.03351955307262,5.58659217877095,80.44692737430168
E00110728,330,51,16,35,279,26,253,15.454545454545453,4.848484848484849,10.606060606060606,84.54545454545455,7.878787878787878,76.66666666666667
E00110729,366,46,19,27,320,22,298,12.568306010928962,5.191256830601093,7.377049180327869,87.43169398907104,6.0109289617486334,81.4207650273224
E00110730,298,45,20,25,253,22,231,15.100671140939598,6.7114093959731544,8.389261744966444,84.8993288590604,7.38255033557047,77.51677852348993
E00110731,296,38,16,22,258,17,241,12.837837837837837,5.405405405405405,7.4324324324324325,87.16216216216216,5.743243243243244,81.41891891891892
E00110732,256,34,13,21,222,21,201,13.28125,5.078125,8.203125,86.71875,8.203125,78.515625
E00110733,285,35,13,22,250,17,233,12.280701754385964,4.56140350877193,7.719298245614035,87.71929824561403,5.964912280701754,81.75438596491227
E00110734,276,51,19,32,225,15,210,18.478260869565215,6.884057971014493,11.594202898550725,81.52173913043478,5.434782608695652,76.08695652173914
E00110735,435,46,22,24,389,37,352,10.574712643678161,5.057471264367816,5.517241379310345,89.42528735632183,8.505747126436782,80.91954022988506
E00110736,238,58,25,33,180,11,169,24.369747899159663,10.504201680672269,13.865546218487395,75.63025210084034,4.621848739495799,71.00840336134453
E00110737,355,46,20,26,309,32,277,12.957746478873238,5.633802816901409,7.323943661971831,87.04225352112675,9.014084507042254,78.0281690140845
E00110738,504,51,22,29,453,24,429,10.119047619047619,4.365079365079365,5.753968253968254,89.88095238095238,4.761904761904762,85.11904761904762
E00110739,392,60,24,36,332,24,308,15.306122448979592,6.122448979591836,9.183673469387756,84.6938775510204,6.122448979591836,78.57142857142857
E00110740,460,56,24,32,404,21,383,12.173913043478262,5.217391304347826,6.956521739130435,87.82608695652175,4.565217391304348,83.26086956521739
E00110741,336,38,13,25,298,21,277,11.30952380952381,3.869047619047619,7.440476190476191,88.69047619047619,6.25,82.44047619047619
E00110742,407,49,24,25,358,15,343,12.039312039312039,5.896805896805897,6.142506142506143,87.96068796068795,3.6855036855036856,84.27518427518427
E00110743,383,59,33,26,324,27,297,15.404699738903393,8.616187989556137,6.7885117493472595,84.59530026109661,7.049608355091384,77.54569190600522
E00110744,170,44,18,26,126,8,118,25.882352941176475,10.588235294117647,15.294117647058824,74.11764705882354,4.705882352941177,69.41176470588235
E00110745,171,14,5,9,157,7,150,8.187134502923977,2.923976608187134,5.263157894736842,91.81286549707602,4.093567251461988,87.71929824561403
E00110746,204,16,7,9,188,14,174,7.8431372549019605,3.431372549019608,4.411764705882353,92.15686274509804,6.862745098039216,85.29411764705883
E00110747,348,61,23,38,287,20,267,17.52873563218391,6.609195402298851,10.919540229885058,82.47126436781609,5.747126436781609,76.72413793103449
E00110748,326,47,21,26,279,26,253,14.417177914110429,6.441717791411043,7.975460122699387,85.58282208588957,7.975460122699387,77.60736196319019
E00110749,138,30,12,18,108,13,95,21.73913043478261,8.695652173913043,13.043478260869565,78.26086956521739,9.420289855072465,68.84057971014492
E00110750,219,28,10,18,191,10,181,12.785388127853881,4.5662100456621,8.21917808219178,87.21461187214612,4.5662100456621,82.64840182648402
E00110751,306,36,17,19,270,19,251,11.76470588235294,5.555555555555555,6.209150326797386,88.23529411764706,6.209150326797386,82.02614379084967
E00110752,333,30,11,19,303,31,272,9.00900900900901,3.303303303303303,5.7057057057057055,90.990990990991,9.30930930930931,81.68168168168168
E00110753,243,36,10,26,207,14,193,14.814814814814813,4.11522633744856,10.699588477366255,85.18518518518519,5.761316872427984,79.42386831275721
E00110754,334,41,14,27,293,19,274,12.275449101796406,4.191616766467066,8.08383233532934,87.72455089820359,5.688622754491018,82.03592814371258
E00110755,504,59,26,33,445,28,417,11.706349206349206,5.158730158730158,6.547619047619048,88.29365079365078,5.555555555555555,82.73809523809523
E00110756,338,61,19,42,277,19,258,18.04733727810651,5.621301775147929,12.42603550295858,81.95266272189349,5.621301775147929,76.33136094674556
E00110758,431,82,37,45,349,20,329,19.02552204176334,8.584686774941995,10.440835266821345,80.97447795823666,4.640371229698376,76.33410672853829
E00110759,376,64,35,29,312,22,290,17.02127659574468,9.308510638297872,7.712765957446808,82.97872340425532,5.851063829787234,77.12765957446808
E00110760,320,71,27,44,249,20,229,22.1875,8.4375,13.750000000000002,77.8125,6.25,71.5625
E00110761,276,46,23,23,230,10,220,16.666666666666664,8.333333333333332,8.333333333333332,83.33333333333334,3.6231884057971016,79.71014492753623
E00110762,372,32,11,21,340,20,320,8.60215053763441,2.956989247311828,5.64516129032258,91.39784946236558,5.376344086021505,86.02150537634408
E00110763,364,27,5,22,337,28,309,7.417582417582418,1.3736263736263736,6.043956043956044,92.58241758241759,7.6923076923076925,84.89010989010988
E00110764,325,28,9,19,297,25,272,8.615384615384615,2.769230769230769,5.846153846153846,91.38461538461539,7.6923076923076925,83.6923076923077
E00110765,326,46,10,36,280,22,258,14.11042944785276,3.067484662576687,11.042944785276074,85.88957055214725,6.748466257668712,79.14110429447852
E00110766,364,32,12,20,332,31,301,8.791208791208792,3.296703296703297,5.4945054945054945,91.20879120879121,8.516483516483516,82.6923076923077
E00110767,302,47,17,30,255,19,236,15.562913907284766,5.629139072847682,9.933774834437086,84.43708609271523,6.291390728476822,78.1456953642384
E00110768,201,22,12,10,179,9,170,10.945273631840797,5.970149253731343,4.975124378109453,89.05472636815921,4.477611940298507,84.5771144278607
E00110769,338,51,17,34,287,25,262,15.088757396449704,5.029585798816568,10.059171597633137,84.91124260355029,7.396449704142012,77.51479289940828
E00110770,267,60,35,25,207,21,186,22.47191011235955,13.108614232209737,9.363295880149813,77.52808988764045,7.865168539325842,69.66292134831461
E00110771,332,86,50,36,246,22,224,25.903614457831324,15.060240963855422,10.843373493975903,74.09638554216868,6.626506024096386,67.46987951807229
E00110772,356,49,17,32,307,26,281,13.764044943820226,4.775280898876404,8.98876404494382,86.23595505617978,7.303370786516854,78.93258426966293
E00110773,363,34,12,22,329,28,301,9.366391184573002,3.3057851239669422,6.0606060606060606,90.633608815427,7.7134986225895315,82.92011019283747
E00110775,265,22,10,12,243,13,230,8.30188679245283,3.7735849056603774,4.528301886792453,91.69811320754717,4.905660377358491,86.79245283018868
E00110776,273,33,14,19,240,19,221,12.087912087912088,5.128205128205128,6.95970695970696,87.91208791208791,6.95970695970696,80.95238095238095
E00110777,413,55,25,30,358,19,339,13.317191283292978,6.053268765133172,7.263922518159806,86.68280871670703,4.600484261501211,82.082324455205807
E00110778,186,42,17,25,144,13,131,22.58064516129032,9.13978494623656,13.440860215053762,77.41935483870968,6.989247311827956,70.43010752688173
E00110779,246,25,10,15,221,7,214,10.16260162601626,4.0650406504065035,6.097560975609756,89.83739837398373,2.8455284552845526,86.99186991869918
E00110782,369,35,9,26,334,22,312,9.48509485094851,2.4390243902439024,7.046070460704606,90.5149051490515,5.9620596205962055,84.5528455284553
E00110783,307,41,19,22,266,24,242,13.355048859934854,6.188925081433225,7.166123778501629,86.64495114006515,7.81758957654723,78.82736156351791
E00110784,286,35,19,16,251,10,241,12.237762237762238,6.643356643356643,5.594405594405594,87.76223776223776,3.4965034965034967,84.26573426573427
E00110785,320,46,17,29,274,13,261,14.374999999999998,5.3125,9.0625,85.625,4.0625,81.5625
E00110786,257,36,9,27,221,22,199,14.007782101167315,3.501945525291829,10.505836575875486,85.99221789883269,8.560311284046692,77.431906614786
E00110787,293,63,30,33,230,10,220,21.501706484641637,10.238907849829351,11.262798634812286,78.49829351535837,3.4129692832764507,75.0853242320819
E00110788,362,44,11,33,318,18,300,12.154696132596685,3.0386740331491713,9.116022099447514,87.84530386740332,4.972375690607735,82.87292817679558
E00110789,294,53,24,29,241,12,229,18.027210884353742,8.16326530612245,9.863945578231291,81.97278911564626,4.081632653061225,77.89115646258503
E00110790,217,59,26,33,158,17,141,27.188940092165897,11.981566820276496,15.207373271889402,72.81105990783409,7.834101382488479,64.97695852534562
E00110791,402,36,7,29,366,15,351,8.955223880597014,1.7412935323383085,7.213930348258707,91.04477611940298,3.731343283582089,87.31343283582089
E00110792,273,35,12,23,238,16,222,12.82051282051282,4.395604395604396,8.424908424908425,87.17948717948718,5.86080586080586,81.31868131868131
E00110793,213,18,6,12,195,11,184,8.450704225352112,2.8169014084507045,5.633802816901409,91.54929577464789,5.164319248826291,86.3849765258216
E00110794,341,49,19,30,292,26,266,14.369501466275661,5.571847507331378,8.797653958944283,85.63049853372434,7.624633431085044,78.00586510263929
E00110795,270,44,18,26,226,10,216,16.296296296296298,6.666666666666667,9.62962962962963,83.7037037037037,3.7037037037037033,80
E00110796,312,67,24,43,245,20,225,21.474358974358974,7.6923076923076925,13.782051282051283,78.52564102564102,6.41025641025641,72.11538461538461
E00110797,312,34,17,17,278,19,259,10.897435897435898,5.448717948717949,5.448717948717949,89.1025641025641,6.089743589743589,83.01282051282051
E00110798,313,42,16,26,271,16,255,13.418530351437699,5.111821086261981,8.30670926517572,86.5814696485623,5.111821086261981,81.46964856230032
E00110799,320,49,14,35,271,9,262,15.312500000000002,4.375,10.9375,84.6875,2.8125,81.875
E00110800,266,70,41,29,196,18,178,26.31578947368421,15.413533834586465,10.902255639097744,73.68421052631578,6.7669172932330826,66.9172932330827
E00110801,318,70,29,41,248,15,233,22.0125786163522,9.119496855345911,12.89308176100629,77.9874213836478,4.716981132075472,73.27044025157232
E00110802,335,40,17,23,295,13,282,11.940298507462686,5.074626865671641,6.865671641791045,88.05970149253731,3.880597014925373,84.17910447761194
E00110804,334,72,31,41,262,13,249,21.55688622754491,9.281437125748502,12.275449101796406,78.44311377245509,3.8922155688622757,74.55089820359282
E00110805,274,62,31,31,212,14,198,22.62773722627737,11.313868613138686,11.313868613138686,77.37226277372264,5.109489051094891,72.26277372262774
E00110806,260,28,9,19,232,18,214,10.76923076923077,3.4615384615384617,7.307692307692308,89.23076923076924,6.923076923076923,82.3076923076923
E00110807,254,54,30,24,200,16,184,21.25984251968504,11.811023622047244,9.448818897637794,78.74015748031496,6.299212598425196,72.44094488188976
E00110808,307,64,32,32,243,16,227,20.846905537459286,10.423452768729643,10.423452768729643,79.15309446254072,5.211726384364821,73.9413680781759
E00110809,379,63,31,32,316,25,291,16.62269129287599,8.179419525065963,8.443271767810026,83.37730870712402,6.596306068601583,76.78100263852242
E00110810,191,49,20,29,142,15,127,25.654450261780106,10.471204188481675,15.18324607329843,74.3455497382199,7.853403141361256,66.49214659685863
E00110811,300,47,21,26,253,23,230,15.666666666666668,7.000000000000001,8.666666666666668,84.33333333333334,7.666666666666666,76.66666666666667
E00110812,178,22,6,16,156,10,146,12.359550561797752,3.3707865168539324,8.98876404494382,87.64044943820225,5.617977528089887,82.02247191011236
E00110813,357,53,22,31,304,20,284,14.84593837535014,6.162464985994398,8.683473389355742,85.15406162464986,5.602240896358544,79.55182072829132
E00110814,156,13,4,9,143,10,133,8.333333333333332,2.564102564102564,5.769230769230769,91.66666666666666,6.41025641025641,85.25641025641025
E00110815,353,68,26,42,285,26,259,19.263456090651555,7.365439093484419,11.89801699716714,80.73654390934844,7.365439093484419,73.37110481586402
E00110816,272,68,31,37,204,22,182,25,11.397058823529411,13.602941176470587,75,8.088235294117647,66.91176470588235
E00110817,270,48,17,31,222,13,209,17.77777777777778,6.296296296296296,11.481481481481481,82.22222222222221,4.814814814814815,77.4074074074074
E00110818,271,38,17,21,233,15,218,14.022140221402212,6.273062730627306,7.7490774907749085,85.97785977859779,5.535055350553505,80.44280442804428
E00110819,375,57,21,36,318,23,295,15.2,5.6000000000000005,9.6,84.8,6.133333333333333,78.66666666666666
E00110820,357,48,21,27,309,11,298,13.445378151260504,5.88235294117647,7.563025210084033,86.5546218487395,3.081232492997199,83.4733893557423
E00110821,231,64,30,34,167,12,155,27.705627705627705,12.987012987012985,14.71861471861472,72.2943722943723,5.194805194805195,67.09956709956711
E00110822,293,52,22,30,241,21,220,17.747440273037544,7.508532423208192,10.238907849829351,82.25255972696246,7.167235494880546,75.0853242320819
E00110823,324,50,26,24,274,20,254,15.432098765432098,8.024691358024691,7.4074074074074066,84.5679012345679,6.172839506172839,78.39506172839506
E00110824,327,54,23,31,273,19,254,16.51376146788991,7.033639143730887,9.480122324159021,83.4862385321101,5.81039755351682,77.67584097859327
E00110825,311,55,31,24,256,14,242,17.684887459807076,9.967845659163988,7.717041800643088,82.31511254019293,4.501607717041801,77.81350482315112
E00110826,294,114,80,34,180,14,166,38.775510204081634,27.2108843537415,11.564625850340136,61.224489795918366,4.761904761904762,56.4625850340136
E00110827,295,54,23,31,241,16,225,18.305084745762713,7.796610169491526,10.508474576271185,81.69491525423729,5.423728813559322,76.27118644067797
E00110828,280,30,14,16,250,15,235,10.714285714285714,5,5.714285714285714,89.28571428571429,5.357142857142857,83.92857142857143
E00110829,573,70,30,40,503,22,481,12.216404886561955,5.2356020942408374,6.980802792321117,87.78359511343804,3.8394415357766145,83.94415357766142
E00110830,325,59,19,40,266,17,249,18.153846153846153,5.846153846153846,12.307692307692308,81.84615384615384,5.230769230769231,76.61538461538461
E00110831,391,95,65,30,296,27,269,24.296675191815854,16.624040920716112,7.672634271099745,75.70332480818415,6.905370843989769,68.79795396419436
E00110832,251,54,25,29,197,12,185,21.51394422310757,9.9601593625498,11.553784860557768,78.48605577689243,4.780876494023905,73.70517928286853
E00110834,342,63,26,37,279,20,259,18.421052631578945,7.602339181286549,10.818713450292398,81.57894736842105,5.847953216374268,75.73099415204678
E00110835,330,47,14,33,283,16,267,14.242424242424242,4.242424242424243,10,85.75757575757575,4.848484848484849,80.9090909090909
E00110836,270,57,33,24,213,18,195,21.11111111111111,12.222222222222221,8.88888888888889,78.88888888888889,6.666666666666667,72.22222222222221
E00110837,433,65,30,35,368,28,340,15.011547344110854,6.928406466512701,8.083140877598153,84.98845265588915,6.466512702078522,78.52193995381063
E00110838,469,70,35,35,399,26,373,14.925373134328357,7.462686567164178,7.462686567164178,85.07462686567165,5.543710021321962,79.53091684434968
E00110839,407,69,25,44,338,24,314,16.953316953316953,6.142506142506143,10.81081081081081,83.04668304668304,5.896805896805897,77.14987714987716
E00110840,341,49,20,29,292,21,271,14.369501466275661,5.865102639296188,8.504398826979472,85.63049853372434,6.158357771260997,79.47214076246334
E00110841,263,67,28,39,196,6,190,25.475285171102662,10.646387832699618,14.82889733840304,74.52471482889734,2.2813688212927756,72.24334600760456
E00110842,310,41,14,27,269,19,250,13.225806451612904,4.516129032258064,8.709677419354838,86.7741935483871,6.129032258064516,80.64516129032258
E00110843,362,51,21,30,311,19,292,14.088397790055248,5.801104972375691,8.287292817679557,85.91160220994475,5.248618784530387,80.66298342541437
E00110844,304,60,22,38,244,18,226,19.736842105263158,7.236842105263158,12.5,80.26315789473685,5.921052631578947,74.3421052631579
E00170069,181,17,5,12,164,6,158,9.392265193370166,2.7624309392265194,6.629834254143646,90.60773480662984,3.314917127071823,87.29281767955801
E00170071,315,25,5,20,290,12,278,7.936507936507936,1.5873015873015872,6.349206349206349,92.06349206349206,3.8095238095238098,88.25396825396825
E00170072,111,27,16,11,84,7,77,24.324324324324326,14.414414414414415,9.90990990990991,75.67567567567568,6.306306306306306,69.36936936936937
E00170073,337,42,20,22,295,19,276,12.462908011869436,5.934718100890208,6.528189910979229,87.53709198813057,5.637982195845697,81.89910979228486
E00170074,494,70,49,21,424,31,393,14.17004048582996,9.919028340080972,4.251012145748987,85.82995951417004,6.275303643724696,79.55465587044534
E00170075,161,32,11,21,129,5,124,19.875776397515526,6.832298136645963,13.043478260869565,80.12422360248446,3.1055900621118013,77.01863354037268
E00170076,312,40,11,29,272,16,256,12.82051282051282,3.5256410256410255,9.294871794871796,87.17948717948718,5.128205128205128,82.05128205128204
E00170077,171,44,14,30,127,20,107,25.730994152046783,8.187134502923977,17.543859649122805,74.26900584795322,11.695906432748536,62.57309941520468
E00170079,365,39,12,27,326,35,291,10.684931506849315,3.287671232876712,7.397260273972603,89.31506849315069,9.58904109589041,79.72602739726027
E00182400,447,40,22,18,407,19,388,8.94854586129754,4.921700223713646,4.026845637583892,91.05145413870245,4.250559284116331,86.80089485458613
E00182402,470,67,37,30,403,15,388,14.255319148936172,7.872340425531915,6.382978723404255,85.74468085106382,3.1914893617021276,82.5531914893617
E00182404,506,116,75,41,390,31,359,22.92490118577075,14.82213438735178,8.102766798418973,77.07509881422925,6.126482213438735,70.94861660079052
E00182412,305,118,99,19,187,13,174,38.68852459016394,32.459016393442624,6.229508196721312,61.31147540983607,4.2622950819672125,57.049180327868854
E00182475,442,65,26,39,377,26,351,14.705882352941178,5.88235294117647,8.823529411764707,85.29411764705883,5.88235294117647,79.41176470588235
E00182477,240,30,8,22,210,21,189,12.5,3.3333333333333335,9.166666666666666,87.5,8.75,78.75
E00182508,351,28,9,19,323,9,314,7.977207977207977,2.564102564102564,5.413105413105413,92.02279202279202,2.564102564102564,89.45868945868945
E00182514,183,60,28,32,123,15,108,32.78688524590164,15.300546448087433,17.48633879781421,67.21311475409836,8.19672131147541,59.01639344262295
E00182526,302,43,18,25,259,12,247,14.23841059602649,5.960264900662252,8.27814569536424,85.76158940397352,3.9735099337748347,81.78807947019867
E00182527,422,44,19,25,378,24,354,10.42654028436019,4.502369668246446,5.924170616113744,89.57345971563981,5.687203791469194,83.88625592417061
E00182528,130,38,21,17,92,4,88,29.230769230769234,16.153846153846153,13.076923076923078,70.76923076923077,3.076923076923077,67.6923076923077
