OA,ts0590001,ts0590002,ts0590003,ts0590004,ts0590005,ts0590006,ts0590007,ts0590002_PCT,ts0590003_PCT,ts0590004_PCT,ts0590005_PCT,ts0590006_PCT,ts0590007_PCT
E00129601,122,50,10,40,72,67,5,40.98360655737705,8.19672131147541,32.78688524590164,59.01639344262295,54.91803278688525,4.098360655737705
E00129602,100,35,5,30,65,54,11,35,5,30,65,54,11
E00129603,183,52,17,35,131,104,27,28.415300546448087,9.289617486338798,19.12568306010929,71.58469945355192,56.830601092896174,14.754098360655737
E00129604,117,38,12,26,79,72,7,32.47863247863248,10.256410256410255,22.22222222222222,67.52136752136752,61.53846153846154,5.982905982905983
E00129605,89,26,8,18,63,51,12,29.213483146067414,8.98876404494382,20.224719101123593,70.78651685393258,57.30337078651685,13.48314606741573
E00129606,144,50,12,38,94,86,8,34.72222222222222,8.333333333333332,26.38888888888889,65.27777777777779,59.72222222222222,5.555555555555555
E00129607,94,26,7,19,68,59,9,27.659574468085108,7.446808510638298,20.212765957446805,72.3404255319149,62.76595744680851,9.574468085106384
E00129608,125,49,12,37,76,65,11,39.2,9.6,29.599999999999998,60.8,52,8.799999999999999
E00129609,61,22,11,11,39,29,10,36.0655737704918,18.0327868852459,18.0327868852459,63.934426229508205,47.540983606557376,16.39344262295082
E00129610,250,71,23,48,179,159,20,28.4,9.2,19.2,71.6,63.6,8
E00129611,116,40,17,23,76,68,8,34.48275862068966,14.655172413793101,19.82758620689655,65.51724137931035,58.620689655172406,6.896551724137931
E00129612,95,32,13,19,63,56,7,33.68421052631579,13.684210526315791,20,66.3157894736842,58.94736842105262,7.368421052631578
E00129614,167,44,13,31,123,107,16,26.34730538922156,7.784431137724551,18.562874251497004,73.65269461077844,64.07185628742515,9.580838323353294
E00129616,136,44,15,29,92,79,13,32.35294117647059,11.029411764705882,21.323529411764707,67.64705882352942,58.08823529411765,9.558823529411764
E00129617,119,33,10,23,86,73,13,27.73109243697479,8.403361344537815,19.327731092436977,72.26890756302521,61.34453781512605,10.92436974789916
E00129618,153,48,16,32,105,94,11,31.372549019607842,10.457516339869281,20.915032679738562,68.62745098039215,61.43790849673203,7.18954248366013
E00129619,139,43,12,31,96,83,13,30.935251798561154,8.633093525179856,22.302158273381295,69.06474820143885,59.71223021582733,9.352517985611511
E00129620,64,23,8,15,41,37,4,35.9375,12.5,23.4375,64.0625,57.8125,6.25
E00129621,155,36,12,24,119,101,18,23.225806451612904,7.741935483870968,15.483870967741936,76.77419354838709,65.16129032258064,11.612903225806452
E00129622,157,36,16,20,121,100,21,22.929936305732486,10.191082802547772,12.738853503184714,77.07006369426752,63.69426751592356,13.375796178343949
E00129623,121,42,13,29,79,71,8,34.710743801652896,10.743801652892563,23.96694214876033,65.28925619834712,58.67768595041323,6.6115702479338845
E00129624,103,38,13,25,65,48,17,36.89320388349515,12.62135922330097,24.271844660194176,63.10679611650486,46.601941747572816,16.50485436893204
E00129625,190,61,13,48,129,104,25,32.10526315789474,6.842105263157896,25.263157894736842,67.89473684210526,54.736842105263165,13.157894736842104
E00129626,77,29,15,14,48,43,5,37.66233766233766,19.480519480519483,18.181818181818183,62.33766233766234,55.84415584415584,6.493506493506493
E00129628,159,49,20,29,110,88,22,30.81761006289308,12.578616352201259,18.238993710691823,69.18238993710692,55.34591194968554,13.836477987421384
E00129629,203,62,18,44,141,123,18,30.541871921182267,8.866995073891626,21.67487684729064,69.45812807881774,60.591133004926114,8.866995073891626
E00129630,111,34,8,26,77,67,10,30.630630630630627,7.207207207207207,23.423423423423422,69.36936936936937,60.36036036036037,9.00900900900901
E00129631,61,18,5,13,43,37,6,29.508196721311474,8.19672131147541,21.311475409836063,70.49180327868852,60.65573770491803,9.836065573770492
E00129632,126,26,8,18,100,84,16,20.634920634920633,6.349206349206349,14.285714285714285,79.36507936507937,66.66666666666666,12.698412698412698
E00129633,158,48,22,26,110,73,37,30.37974683544304,13.924050632911392,16.455696202531644,69.62025316455697,46.20253164556962,23.417721518987342
E00129634,140,43,15,28,97,51,46,30.714285714285715,10.714285714285714,20,69.28571428571428,36.42857142857142,32.857142857142854
E00129638,69,34,11,23,35,25,10,49.275362318840585,15.942028985507244,33.33333333333333,50.72463768115942,36.231884057971016,14.492753623188406
E00129639,134,49,26,23,85,67,18,36.56716417910448,19.402985074626866,17.16417910447761,63.43283582089553,50,13.432835820895523
E00129640,82,26,5,21,56,45,11,31.70731707317073,6.097560975609756,25.609756097560975,68.29268292682927,54.87804878048781,13.414634146341465
E00129641,74,27,14,13,47,39,8,36.486486486486484,18.91891891891892,17.56756756756757,63.51351351351351,52.702702702702695,10.81081081081081
E00129642,35,18,8,10,17,11,6,51.42857142857142,22.857142857142858,28.57142857142857,48.57142857142857,31.428571428571427,17.142857142857142
E00129643,195,58,23,35,137,103,34,29.743589743589745,11.794871794871794,17.94871794871795,70.25641025641025,52.820512820512825,17.435897435897434
E00129644,120,32,14,18,88,76,12,26.666666666666668,11.666666666666666,15,73.33333333333333,63.33333333333333,10
E00129647,263,91,29,62,172,145,27,34.60076045627377,11.02661596958175,23.574144486692013,65.39923954372624,55.13307984790875,10.26615969581749
E00129648,199,45,16,29,154,98,56,22.613065326633166,8.040201005025125,14.572864321608039,77.38693467336684,49.246231155778894,28.14070351758794
E00129649,143,39,18,21,104,94,10,27.27272727272727,12.587412587412588,14.685314685314685,72.72727272727273,65.73426573426573,6.993006993006993
E00129650,157,39,12,27,118,100,18,24.840764331210192,7.643312101910828,17.197452229299362,75.15923566878982,63.69426751592356,11.464968152866243
E00129651,128,45,15,30,83,70,13,35.15625,11.71875,23.4375,64.84375,54.6875,10.15625
E00129652,125,43,19,24,82,67,15,34.4,15.2,19.2,65.60000000000001,53.6,12
E00129653,143,40,11,29,103,94,9,27.972027972027973,7.6923076923076925,20.27972027972028,72.02797202797203,65.73426573426573,6.293706293706294
E00129654,44,17,5,12,27,19,8,38.63636363636363,11.363636363636363,27.27272727272727,61.36363636363637,43.18181818181818,18.181818181818183
E00129655,111,32,9,23,79,70,9,28.82882882882883,8.108108108108109,20.72072072072072,71.17117117117117,63.06306306306306,8.108108108108109
E00129656,141,40,16,24,101,86,15,28.368794326241137,11.347517730496454,17.02127659574468,71.63120567375887,60.99290780141844,10.638297872340425
E00129657,111,43,14,29,68,59,9,38.73873873873874,12.612612612612612,26.126126126126124,61.261261261261254,53.153153153153156,8.108108108108109
E00129658,130,43,14,29,87,83,4,33.07692307692307,10.76923076923077,22.30769230769231,66.92307692307692,63.84615384615384,3.076923076923077
E00129659,117,39,9,30,78,66,12,33.33333333333333,7.6923076923076925,25.64102564102564,66.66666666666666,56.41025641025641,10.256410256410255
E00129660,170,47,20,27,123,100,23,27.647058823529413,11.76470588235294,15.88235294117647,72.35294117647058,58.82352941176471,13.529411764705882
E00129661,140,43,16,27,97,82,15,30.714285714285715,11.428571428571429,19.28571428571429,69.28571428571428,58.57142857142858,10.714285714285714
E00129662,141,37,7,30,104,77,27,26.24113475177305,4.964539007092199,21.27659574468085,73.75886524822694,54.60992907801418,19.148936170212767
E00129663,249,66,23,43,183,156,27,26.506024096385545,9.236947791164658,17.269076305220885,73.49397590361446,62.65060240963856,10.843373493975903
E00129664,160,60,20,40,100,81,19,37.5,12.5,25,62.5,50.625,11.875
E00129665,190,68,24,44,122,100,22,35.78947368421053,12.631578947368421,23.157894736842106,64.21052631578948,52.63157894736842,11.578947368421053
E00129667,167,56,15,41,111,89,22,33.532934131736525,8.982035928143713,24.550898203592812,66.46706586826348,53.293413173652695,13.17365269461078
E00129668,176,59,16,43,117,99,18,33.52272727272727,9.090909090909092,24.431818181818183,66.47727272727273,56.25,10.227272727272728
E00129669,152,44,16,28,108,73,35,28.947368421052634,10.526315789473683,18.421052631578945,71.05263157894737,48.026315789473685,23.026315789473685
E00129670,83,29,8,21,54,47,7,34.93975903614458,9.63855421686747,25.301204819277107,65.06024096385542,56.62650602409639,8.433734939759036
E00129671,173,57,16,41,116,101,15,32.947976878612714,9.248554913294797,23.699421965317917,67.05202312138728,58.38150289017341,8.670520231213873
E00129672,56,21,8,13,35,29,6,37.5,14.285714285714285,23.214285714285715,62.5,51.78571428571429,10.714285714285714
E00129673,128,36,13,23,92,77,15,28.125,10.15625,17.96875,71.875,60.15625,11.71875
E00129674,170,63,24,39,107,93,14,37.05882352941177,14.117647058823529,22.941176470588236,62.94117647058823,54.70588235294118,8.235294117647058
E00129675,121,30,7,23,91,78,13,24.793388429752067,5.785123966942149,19.00826446280992,75.20661157024794,64.46280991735537,10.743801652892563
E00129676,46,14,2,12,32,28,4,30.434782608695656,4.3478260869565215,26.08695652173913,69.56521739130434,60.86956521739131,8.695652173913043
E00129677,41,13,5,8,28,26,2,31.70731707317073,12.195121951219512,19.51219512195122,68.29268292682927,63.41463414634146,4.878048780487805
E00129678,86,30,10,20,56,50,6,34.883720930232556,11.627906976744185,23.25581395348837,65.11627906976744,58.139534883720934,6.976744186046512
E00129679,67,33,14,19,34,32,2,49.25373134328358,20.8955223880597,28.35820895522388,50.74626865671642,47.76119402985074,2.9850746268656714
E00129680,99,37,7,30,62,54,8,37.37373737373738,7.07070707070707,30.303030303030305,62.62626262626263,54.54545454545454,8.080808080808081
E00129681,50,19,3,16,31,29,2,38,6,32,62,57.99999999999999,4
E00129682,45,21,8,13,24,24,0,46.666666666666664,17.77777777777778,28.888888888888886,53.333333333333336,53.333333333333336,0
E00129683,55,11,3,8,44,39,5,20,5.454545454545454,14.545454545454545,80,70.9090909090909,9.090909090909092
E00129684,96,38,14,24,58,47,11,39.58333333333333,14.583333333333334,25,60.416666666666664,48.95833333333333,11.458333333333332
E00129685,176,54,14,40,122,108,14,30.681818181818183,7.954545454545454,22.727272727272727,69.31818181818183,61.36363636363637,7.954545454545454
E00129686,147,47,15,32,100,86,14,31.97278911564626,10.204081632653061,21.768707482993197,68.02721088435374,58.50340136054422,9.523809523809524
E00129687,138,41,7,34,97,89,8,29.71014492753623,5.072463768115942,24.637681159420293,70.28985507246377,64.4927536231884,5.797101449275362
E00129688,157,53,15,38,104,84,20,33.75796178343949,9.554140127388536,24.203821656050955,66.2420382165605,53.503184713375795,12.738853503184714
E00129689,87,20,5,15,67,60,7,22.988505747126435,5.747126436781609,17.24137931034483,77.01149425287356,68.96551724137932,8.045977011494253
E00129690,144,50,15,35,94,82,12,34.72222222222222,10.416666666666668,24.305555555555554,65.27777777777779,56.94444444444444,8.333333333333332
E00129691,140,42,9,33,98,85,13,30,6.428571428571428,23.57142857142857,70,60.71428571428571,9.285714285714286
E00129692,78,27,14,13,51,39,12,34.61538461538461,17.94871794871795,16.666666666666664,65.38461538461539,50,15.384615384615385
E00129693,138,53,19,34,85,73,12,38.405797101449274,13.768115942028986,24.637681159420293,61.59420289855072,52.89855072463768,8.695652173913043
E00129694,72,24,9,15,48,40,8,33.33333333333333,12.5,20.833333333333336,66.66666666666666,55.55555555555556,11.11111111111111
E00129695,93,37,7,30,56,48,8,39.784946236559136,7.526881720430108,32.25806451612903,60.215053763440864,51.61290322580645,8.60215053763441
E00129696,96,34,17,17,62,52,10,35.41666666666667,17.708333333333336,17.708333333333336,64.58333333333334,54.166666666666664,10.416666666666668
E00129697,95,41,17,24,54,44,10,43.15789473684211,17.894736842105264,25.263157894736842,56.84210526315789,46.31578947368421,10.526315789473683
E00129698,129,35,14,21,94,85,9,27.131782945736433,10.852713178294573,16.27906976744186,72.86821705426357,65.89147286821705,6.976744186046512
E00129699,89,30,12,18,59,43,16,33.70786516853933,13.48314606741573,20.224719101123593,66.29213483146067,48.31460674157304,17.97752808988764
E00129700,77,24,10,14,53,46,7,31.16883116883117,12.987012987012985,18.181818181818183,68.83116883116884,59.74025974025974,9.090909090909092
E00129701,78,35,13,22,43,35,8,44.871794871794876,16.666666666666664,28.205128205128204,55.12820512820513,44.871794871794876,10.256410256410255
E00129702,171,52,27,25,119,102,17,30.409356725146196,15.789473684210526,14.619883040935672,69.5906432748538,59.64912280701754,9.941520467836257
E00129703,116,32,12,20,84,65,19,27.586206896551722,10.344827586206897,17.24137931034483,72.41379310344827,56.03448275862068,16.379310344827587
E00129704,124,37,16,21,87,67,20,29.838709677419356,12.903225806451612,16.93548387096774,70.16129032258065,54.03225806451613,16.129032258064516
E00129706,78,27,8,19,51,44,7,34.61538461538461,10.256410256410255,24.358974358974358,65.38461538461539,56.41025641025641,8.974358974358974
E00129707,170,61,25,36,109,79,30,35.88235294117647,14.705882352941178,21.176470588235293,64.11764705882354,46.470588235294116,17.647058823529413
E00129708,85,31,13,18,54,41,13,36.470588235294116,15.294117647058824,21.176470588235293,63.52941176470588,48.23529411764706,15.294117647058824
E00129709,123,45,6,39,78,67,11,36.58536585365854,4.878048780487805,31.70731707317073,63.41463414634146,54.47154471544715,8.94308943089431
E00129710,133,42,25,17,91,68,23,31.57894736842105,18.796992481203006,12.781954887218044,68.42105263157895,51.127819548872175,17.293233082706767
E00129712,138,45,14,31,93,81,12,32.608695652173914,10.144927536231885,22.463768115942027,67.3913043478261,58.69565217391305,8.695652173913043
E00129713,123,32,11,21,91,76,15,26.01626016260163,8.94308943089431,17.073170731707318,73.98373983739837,61.78861788617886,12.195121951219512
E00129714,226,43,17,26,183,143,40,19.02654867256637,7.52212389380531,11.504424778761061,80.97345132743364,63.27433628318584,17.699115044247787
E00129715,132,39,15,24,93,79,14,29.545454545454547,11.363636363636363,18.181818181818183,70.45454545454545,59.84848484848485,10.606060606060606
E00129716,179,46,21,25,133,100,33,25.69832402234637,11.731843575418994,13.966480446927374,74.30167597765363,55.865921787709496,18.435754189944134
E00129717,144,55,20,35,89,64,25,38.19444444444444,13.88888888888889,24.305555555555554,61.80555555555556,44.44444444444444,17.36111111111111
E00129718,215,56,34,22,159,113,46,26.046511627906977,15.813953488372093,10.232558139534884,73.95348837209302,52.55813953488372,21.3953488372093
E00129719,168,53,19,34,115,76,39,31.547619047619047,11.30952380952381,20.238095238095237,68.45238095238095,45.23809523809524,23.214285714285715
E00129720,147,46,21,25,101,68,33,31.292517006802722,14.285714285714285,17.006802721088434,68.70748299319727,46.25850340136054,22.448979591836736
E00129721,111,34,14,20,77,65,12,30.630630630630627,12.612612612612612,18.01801801801802,69.36936936936937,58.55855855855856,10.81081081081081
E00129723,136,44,21,23,92,77,15,32.35294117647059,15.441176470588236,16.911764705882355,67.64705882352942,56.61764705882353,11.029411764705882
E00129724,136,44,19,25,92,71,21,32.35294117647059,13.970588235294118,18.38235294117647,67.64705882352942,52.20588235294118,15.441176470588236
E00129725,124,35,11,24,89,68,21,28.225806451612907,8.870967741935484,19.35483870967742,71.7741935483871,54.83870967741935,16.93548387096774
E00129726,118,40,13,27,78,65,13,33.89830508474576,11.016949152542372,22.88135593220339,66.10169491525424,55.08474576271186,11.016949152542372
E00129727,89,25,8,17,64,44,20,28.08988764044944,8.98876404494382,19.101123595505616,71.91011235955057,49.43820224719101,22.47191011235955
E00129728,83,21,9,12,62,53,9,25.301204819277107,10.843373493975903,14.457831325301203,74.69879518072288,63.85542168674698,10.843373493975903
E00129729,114,48,15,33,66,45,21,42.10526315789473,13.157894736842104,28.947368421052634,57.89473684210527,39.473684210526315,18.421052631578945
E00129730,187,56,28,28,131,108,23,29.946524064171122,14.973262032085561,14.973262032085561,70.05347593582889,57.75401069518716,12.299465240641712
E00129731,32,13,5,8,19,16,3,40.625,15.625,25,59.375,50,9.375
E00129732,137,40,10,30,97,73,24,29.1970802919708,7.2992700729927,21.897810218978105,70.8029197080292,53.284671532846716,17.51824817518248
E00129733,181,65,22,43,116,88,28,35.91160220994475,12.154696132596685,23.756906077348066,64.08839779005525,48.61878453038674,15.469613259668508
E00129734,232,76,27,49,156,118,38,32.758620689655174,11.637931034482758,21.120689655172413,67.24137931034483,50.86206896551724,16.379310344827587
E00129735,144,53,19,34,91,77,14,36.80555555555556,13.194444444444445,23.61111111111111,63.19444444444444,53.47222222222222,9.722222222222223
E00129736,135,50,23,27,85,68,17,37.03703703703704,17.037037037037038,20,62.96296296296296,50.37037037037037,12.592592592592592
E00129737,146,56,19,37,90,84,6,38.35616438356164,13.013698630136986,25.34246575342466,61.64383561643836,57.534246575342465,4.10958904109589
E00129738,95,30,10,20,65,59,6,31.57894736842105,10.526315789473683,21.052631578947366,68.42105263157895,62.10526315789474,6.315789473684211
E00129739,112,45,20,25,67,57,10,40.17857142857143,17.857142857142858,22.321428571428573,59.82142857142857,50.89285714285714,8.928571428571429
E00129740,112,32,16,16,80,65,15,28.57142857142857,14.285714285714285,14.285714285714285,71.42857142857143,58.03571428571429,13.392857142857142
E00129741,196,62,21,41,134,113,21,31.63265306122449,10.714285714285714,20.918367346938776,68.36734693877551,57.6530612244898,10.714285714285714
E00129742,81,24,13,11,57,50,7,29.629629629629626,16.049382716049383,13.580246913580247,70.37037037037037,61.72839506172839,8.641975308641975
E00129743,147,44,10,34,103,80,23,29.931972789115648,6.802721088435375,23.12925170068027,70.06802721088435,54.421768707483,15.646258503401361
E00129744,119,35,16,19,84,64,20,29.411764705882355,13.445378151260504,15.966386554621847,70.58823529411765,53.78151260504202,16.80672268907563
E00129745,135,36,11,25,99,82,17,26.666666666666668,8.148148148148149,18.51851851851852,73.33333333333333,60.74074074074074,12.592592592592592
E00129746,197,62,25,37,135,104,31,31.472081218274113,12.690355329949238,18.781725888324875,68.52791878172589,52.79187817258884,15.736040609137056
E00129747,263,61,23,38,202,167,35,23.193916349809886,8.745247148288973,14.44866920152091,76.80608365019012,63.49809885931559,13.307984790874524
E00129748,102,38,19,19,64,59,5,37.254901960784316,18.627450980392158,18.627450980392158,62.745098039215684,57.84313725490197,4.901960784313726
E00129749,133,46,20,26,87,73,14,34.58646616541353,15.037593984962406,19.548872180451127,65.41353383458647,54.88721804511278,10.526315789473683
E00129750,163,51,25,26,112,100,12,31.28834355828221,15.337423312883436,15.950920245398773,68.71165644171779,61.34969325153374,7.361963190184049
E00129751,51,14,4,10,37,34,3,27.450980392156865,7.8431372549019605,19.607843137254903,72.54901960784314,66.66666666666666,5.88235294117647
E00129752,126,36,11,25,90,86,4,28.57142857142857,8.73015873015873,19.841269841269842,71.42857142857143,68.25396825396825,3.1746031746031744
E00129753,134,42,9,33,92,80,12,31.343283582089555,6.7164179104477615,24.62686567164179,68.65671641791045,59.70149253731343,8.955223880597014
E00129754,105,36,8,28,69,61,8,34.285714285714285,7.6190476190476195,26.666666666666668,65.71428571428571,58.0952380952381,7.6190476190476195
E00129755,109,38,11,27,71,68,3,34.862385321100916,10.091743119266056,24.770642201834864,65.13761467889908,62.38532110091744,2.7522935779816518
E00129756,131,40,11,29,91,78,13,30.53435114503817,8.396946564885496,22.137404580152673,69.46564885496184,59.541984732824424,9.923664122137405
E00129757,82,31,16,15,51,43,8,37.80487804878049,19.51219512195122,18.29268292682927,62.19512195121951,52.4390243902439,9.75609756097561
E00129758,141,50,12,38,91,82,9,35.46099290780142,8.51063829787234,26.95035460992908,64.53900709219859,58.156028368794324,6.382978723404255
E00129759,132,46,19,27,86,77,9,34.84848484848485,14.393939393939394,20.454545454545457,65.15151515151516,58.333333333333336,6.8181818181818175
E00129760,101,26,11,15,75,66,9,25.742574257425744,10.891089108910892,14.85148514851485,74.25742574257426,65.34653465346535,8.91089108910891
E00129761,58,27,7,20,31,25,6,46.55172413793103,12.068965517241379,34.48275862068966,53.44827586206896,43.103448275862064,10.344827586206897
E00129762,80,33,14,19,47,41,6,41.25,17.5,23.75,58.75,51.24999999999999,7.5
E00129763,82,25,7,18,57,50,7,30.48780487804878,8.536585365853659,21.951219512195124,69.51219512195121,60.97560975609756,8.536585365853659
E00129764,106,36,7,29,70,58,12,33.9622641509434,6.60377358490566,27.358490566037734,66.0377358490566,54.71698113207547,11.320754716981133
E00129765,53,21,7,14,32,30,2,39.62264150943396,13.20754716981132,26.41509433962264,60.37735849056604,56.60377358490566,3.7735849056603774
E00129766,29,11,2,9,18,15,3,37.93103448275862,6.896551724137931,31.03448275862069,62.06896551724138,51.724137931034484,10.344827586206897
E00129767,92,36,10,26,56,44,12,39.130434782608695,10.869565217391305,28.26086956521739,60.86956521739131,47.82608695652174,13.043478260869565
E00129768,74,28,7,21,46,43,3,37.83783783783784,9.45945945945946,28.37837837837838,62.16216216216216,58.108108108108105,4.054054054054054
E00129769,100,36,13,23,64,51,13,36,13,23,64,51,13
E00129770,115,39,15,24,76,63,13,33.91304347826087,13.043478260869565,20.869565217391305,66.08695652173913,54.78260869565217,11.304347826086957
E00129771,63,24,11,13,39,34,5,38.095238095238095,17.46031746031746,20.634920634920633,61.904761904761905,53.96825396825397,7.936507936507936
E00129772,94,21,8,13,73,58,15,22.340425531914892,8.51063829787234,13.829787234042554,77.6595744680851,61.702127659574465,15.957446808510639
E00129773,149,40,8,32,109,95,14,26.845637583892618,5.369127516778524,21.476510067114095,73.15436241610739,63.758389261744966,9.395973154362416
E00129774,125,48,17,31,77,67,10,38.4,13.600000000000001,24.8,61.6,53.6,8
E00129775,86,23,6,17,63,55,8,26.744186046511626,6.976744186046512,19.767441860465116,73.25581395348837,63.95348837209303,9.30232558139535
E00129776,103,30,11,19,73,61,12,29.126213592233007,10.679611650485436,18.446601941747574,70.87378640776699,59.22330097087378,11.650485436893204
E00129777,159,52,18,34,107,80,27,32.70440251572327,11.320754716981133,21.38364779874214,67.29559748427673,50.314465408805034,16.9811320754717
E00129778,71,33,12,21,38,34,4,46.478873239436616,16.901408450704224,29.577464788732392,53.52112676056338,47.88732394366197,5.633802816901409
E00129780,78,35,12,23,43,42,1,44.871794871794876,15.384615384615385,29.48717948717949,55.12820512820513,53.84615384615385,1.282051282051282
E00129781,64,23,7,16,41,34,7,35.9375,10.9375,25,64.0625,53.125,10.9375
E00129782,128,43,12,31,85,76,9,33.59375,9.375,24.21875,66.40625,59.375,7.03125
E00129783,95,37,14,23,58,52,6,38.94736842105263,14.736842105263156,24.210526315789473,61.05263157894737,54.736842105263165,6.315789473684211
E00129784,134,50,13,37,84,80,4,37.3134328358209,9.701492537313433,27.611940298507463,62.68656716417911,59.70149253731343,2.9850746268656714
E00129785,53,19,4,15,34,28,6,35.84905660377358,7.547169811320755,28.30188679245283,64.15094339622641,52.83018867924528,11.320754716981133
E00129786,82,31,8,23,51,46,5,37.80487804878049,9.75609756097561,28.04878048780488,62.19512195121951,56.09756097560976,6.097560975609756
E00129787,124,40,13,27,84,65,19,32.25806451612903,10.483870967741936,21.774193548387096,67.74193548387096,52.41935483870967,15.32258064516129
E00129788,144,45,12,33,99,84,15,31.25,8.333333333333332,22.916666666666664,68.75,58.333333333333336,10.416666666666668
E00129789,71,31,7,24,40,35,5,43.66197183098591,9.859154929577464,33.80281690140845,56.33802816901409,49.29577464788733,7.042253521126761
E00129790,61,21,5,16,40,39,1,34.42622950819672,8.19672131147541,26.229508196721312,65.57377049180327,63.934426229508205,1.639344262295082
E00129791,70,28,10,18,42,39,3,40,14.285714285714285,25.71428571428571,60,55.714285714285715,4.285714285714286
E00129792,126,38,15,23,88,78,10,30.158730158730158,11.904761904761903,18.253968253968253,69.84126984126983,61.904761904761905,7.936507936507936
E00129793,127,37,11,26,90,87,3,29.133858267716533,8.661417322834646,20.47244094488189,70.86614173228347,68.50393700787401,2.3622047244094486
E00129794,129,38,10,28,91,77,14,29.457364341085274,7.751937984496124,21.705426356589147,70.54263565891473,59.68992248062015,10.852713178294573
E00129795,129,59,18,41,70,61,9,45.73643410852713,13.953488372093023,31.782945736434108,54.263565891472865,47.286821705426355,6.976744186046512
E00129796,126,46,18,28,80,67,13,36.507936507936506,14.285714285714285,22.22222222222222,63.49206349206349,53.17460317460318,10.317460317460316
E00129797,113,37,11,26,76,65,11,32.743362831858406,9.734513274336283,23.008849557522122,67.2566371681416,57.52212389380531,9.734513274336283
E00129798,137,49,15,34,88,73,15,35.76642335766424,10.948905109489052,24.817518248175183,64.23357664233576,53.284671532846716,10.948905109489052
E00129799,232,71,20,51,161,129,32,30.603448275862068,8.620689655172415,21.982758620689655,69.39655172413794,55.603448275862064,13.793103448275861
E00129800,146,45,18,27,101,80,21,30.82191780821918,12.32876712328767,18.493150684931507,69.17808219178082,54.794520547945204,14.383561643835616
E00129801,126,41,11,30,85,78,7,32.53968253968254,8.73015873015873,23.809523809523807,67.46031746031747,61.904761904761905,5.555555555555555
E00129802,118,38,11,27,80,73,7,32.20338983050847,9.322033898305085,22.88135593220339,67.79661016949152,61.86440677966102,5.932203389830509
E00129803,74,26,4,22,48,44,4,35.13513513513514,5.405405405405405,29.72972972972973,64.86486486486487,59.45945945945946,5.405405405405405
E00129804,88,26,9,17,62,49,13,29.545454545454547,10.227272727272728,19.318181818181817,70.45454545454545,55.68181818181818,14.772727272727273
E00129805,134,40,14,26,94,86,8,29.850746268656714,10.44776119402985,19.402985074626866,70.1492537313433,64.17910447761194,5.970149253731343
E00129806,130,52,10,42,78,70,8,40,7.6923076923076925,32.30769230769231,60,53.84615384615385,6.153846153846154
E00129807,108,36,10,26,72,56,16,33.33333333333333,9.25925925925926,24.074074074074073,66.66666666666666,51.85185185185185,14.814814814814813
E00129808,136,57,11,46,79,70,9,41.911764705882355,8.088235294117647,33.82352941176471,58.08823529411765,51.470588235294116,6.61764705882353
E00129809,191,54,14,40,137,122,15,28.272251308900525,7.329842931937172,20.94240837696335,71.72774869109948,63.87434554973822,7.853403141361256
E00129810,130,51,18,33,79,69,10,39.23076923076923,13.846153846153847,25.384615384615383,60.76923076923077,53.07692307692308,7.6923076923076925
E00129811,144,49,12,37,95,77,18,34.02777777777778,8.333333333333332,25.694444444444443,65.97222222222221,53.47222222222222,12.5
E00129812,162,51,16,35,111,92,19,31.48148148148148,9.876543209876543,21.604938271604937,68.51851851851852,56.79012345679012,11.728395061728394
E00129813,78,24,9,15,54,53,1,30.76923076923077,11.538461538461538,19.230769230769234,69.23076923076923,67.94871794871796,1.282051282051282
E00129814,141,50,22,28,91,81,10,35.46099290780142,15.602836879432624,19.858156028368796,64.53900709219859,57.446808510638306,7.092198581560284
E00129815,105,29,4,25,76,67,9,27.61904761904762,3.8095238095238098,23.809523809523807,72.38095238095238,63.8095238095238,8.571428571428571
E00129816,126,60,18,42,66,57,9,47.61904761904761,14.285714285714285,33.33333333333333,52.38095238095239,45.23809523809524,7.142857142857142
E00129817,103,34,13,21,69,62,7,33.00970873786408,12.62135922330097,20.388349514563107,66.99029126213593,60.19417475728155,6.796116504854369
E00129818,117,37,18,19,80,71,9,31.62393162393162,15.384615384615385,16.23931623931624,68.37606837606837,60.68376068376068,7.6923076923076925
E00129819,86,28,10,18,58,57,1,32.55813953488372,11.627906976744185,20.930232558139537,67.44186046511628,66.27906976744185,1.1627906976744187
E00129820,90,36,8,28,54,44,10,40,8.88888888888889,31.11111111111111,60,48.888888888888886,11.11111111111111
E00129821,111,27,7,20,84,65,19,24.324324324324326,6.306306306306306,18.01801801801802,75.67567567567568,58.55855855855856,17.117117117117118
E00129822,53,19,6,13,34,31,3,35.84905660377358,11.320754716981133,24.528301886792452,64.15094339622641,58.490566037735846,5.660377358490567
E00129823,53,20,7,13,33,24,9,37.735849056603776,13.20754716981132,24.528301886792452,62.264150943396224,45.28301886792453,16.9811320754717
E00129824,116,53,15,38,63,48,15,45.689655172413794,12.931034482758621,32.758620689655174,54.310344827586206,41.37931034482759,12.931034482758621
E00129825,83,28,10,18,55,45,10,33.734939759036145,12.048192771084338,21.686746987951807,66.26506024096386,54.21686746987952,12.048192771084338
E00129826,119,32,7,25,87,77,10,26.89075630252101,5.88235294117647,21.008403361344538,73.10924369747899,64.70588235294117,8.403361344537815
E00129827,117,35,11,24,82,71,11,29.914529914529915,9.401709401709402,20.51282051282051,70.08547008547008,60.68376068376068,9.401709401709402
E00129828,129,48,15,33,81,74,7,37.2093023255814,11.627906976744185,25.581395348837212,62.7906976744186,57.36434108527132,5.426356589147287
E00129829,62,23,14,9,39,35,4,37.096774193548384,22.58064516129032,14.516129032258066,62.903225806451616,56.451612903225815,6.451612903225806
E00129830,118,45,15,30,73,65,8,38.13559322033898,12.711864406779661,25.423728813559322,61.86440677966102,55.08474576271186,6.779661016949152
E00129831,126,47,12,35,79,70,9,37.301587301587304,9.523809523809524,27.77777777777778,62.698412698412696,55.55555555555556,7.142857142857142
E00129832,90,29,11,18,61,56,5,32.22222222222222,12.222222222222221,20,67.77777777777779,62.22222222222222,5.555555555555555
E00129833,138,34,12,22,104,87,17,24.637681159420293,8.695652173913043,15.942028985507244,75.36231884057972,63.04347826086957,12.318840579710146
E00129834,85,28,5,23,57,48,9,32.94117647058823,5.88235294117647,27.058823529411764,67.05882352941175,56.470588235294116,10.588235294117647
E00129835,54,13,3,10,41,32,9,24.074074074074073,5.555555555555555,18.51851851851852,75.92592592592592,59.25925925925925,16.666666666666664
E00129836,86,37,3,34,49,45,4,43.02325581395349,3.488372093023256,39.53488372093023,56.97674418604651,52.32558139534884,4.651162790697675
E00129837,57,31,12,19,26,20,6,54.385964912280706,21.052631578947366,33.33333333333333,45.614035087719294,35.08771929824561,10.526315789473683
E00129838,85,23,11,12,62,51,11,27.058823529411764,12.941176470588237,14.117647058823529,72.94117647058823,60,12.941176470588237
E00129839,81,28,8,20,53,44,9,34.5679012345679,9.876543209876543,24.691358024691358,65.4320987654321,54.32098765432099,11.11111111111111
E00129840,267,81,26,55,186,140,46,30.337078651685395,9.737827715355806,20.59925093632959,69.66292134831461,52.43445692883895,17.228464419475657
E00129841,152,42,13,29,110,71,39,27.631578947368425,8.552631578947368,19.078947368421055,72.36842105263158,46.71052631578947,25.657894736842106
E00129842,187,66,18,48,121,90,31,35.294117647058826,9.62566844919786,25.668449197860966,64.70588235294117,48.1283422459893,16.577540106951872
E00129843,60,18,5,13,42,25,17,30,8.333333333333332,21.666666666666668,70,41.66666666666667,28.333333333333332
E00129844,232,66,19,47,166,120,46,28.448275862068968,8.189655172413794,20.25862068965517,71.55172413793103,51.724137931034484,19.82758620689655
E00129845,149,46,15,31,103,82,21,30.87248322147651,10.06711409395973,20.80536912751678,69.12751677852349,55.033557046979865,14.093959731543624
E00129846,150,56,28,28,94,62,32,37.333333333333336,18.666666666666668,18.666666666666668,62.66666666666667,41.333333333333336,21.333333333333336
E00129848,112,43,20,23,69,55,14,38.392857142857146,17.857142857142858,20.535714285714285,61.60714285714286,49.107142857142854,12.5
E00129849,59,23,7,16,36,29,7,38.983050847457626,11.864406779661017,27.11864406779661,61.016949152542374,49.152542372881356,11.864406779661017
E00129850,64,22,9,13,42,30,12,34.375,14.0625,20.3125,65.625,46.875,18.75
E00129851,40,10,4,6,30,29,1,25,10,15,75,72.5,2.5
E00129852,112,49,14,35,63,58,5,43.75,12.5,31.25,56.25,51.78571428571429,4.464285714285714
E00129853,140,53,21,32,87,63,24,37.857142857142854,15,22.857142857142858,62.142857142857146,45,17.142857142857142
E00129854,130,35,13,22,95,80,15,26.923076923076923,10,16.923076923076923,73.07692307692307,61.53846153846154,11.538461538461538
E00129855,105,42,8,34,63,57,6,40,7.6190476190476195,32.38095238095238,60,54.285714285714285,5.714285714285714
E00129856,166,57,17,40,109,84,25,34.33734939759036,10.240963855421686,24.096385542168676,65.66265060240963,50.602409638554214,15.060240963855422
E00129857,139,48,11,37,91,77,14,34.53237410071942,7.913669064748201,26.618705035971225,65.46762589928058,55.39568345323741,10.071942446043165
E00129858,82,23,8,15,59,47,12,28.04878048780488,9.75609756097561,18.29268292682927,71.95121951219512,57.3170731707317,14.634146341463413
E00129859,95,39,13,26,56,46,10,41.05263157894737,13.684210526315791,27.368421052631582,58.94736842105262,48.421052631578945,10.526315789473683
E00129860,90,21,4,17,69,52,17,23.333333333333332,4.444444444444445,18.88888888888889,76.66666666666667,57.77777777777777,18.88888888888889
E00129861,61,26,12,14,35,27,8,42.62295081967213,19.672131147540984,22.950819672131146,57.377049180327866,44.26229508196721,13.114754098360656
E00129862,61,23,11,12,38,35,3,37.704918032786885,18.0327868852459,19.672131147540984,62.295081967213115,57.377049180327866,4.918032786885246
E00129863,139,58,14,44,81,73,8,41.726618705035975,10.071942446043165,31.654676258992804,58.27338129496403,52.51798561151079,5.755395683453238
E00129864,153,45,16,29,108,83,25,29.411764705882355,10.457516339869281,18.954248366013072,70.58823529411765,54.248366013071895,16.33986928104575
E00129865,92,37,8,29,55,46,9,40.21739130434783,8.695652173913043,31.521739130434785,59.78260869565217,50,9.782608695652174
E00129866,53,15,4,11,38,36,2,28.30188679245283,7.547169811320755,20.754716981132077,71.69811320754717,67.9245283018868,3.7735849056603774
E00129867,105,39,14,25,66,59,7,37.142857142857146,13.333333333333334,23.809523809523807,62.857142857142854,56.19047619047619,6.666666666666667
E00129868,109,37,11,26,72,59,13,33.94495412844037,10.091743119266056,23.853211009174313,66.05504587155964,54.12844036697248,11.926605504587156
E00129869,93,38,9,29,55,47,8,40.86021505376344,9.67741935483871,31.182795698924732,59.13978494623656,50.53763440860215,8.60215053763441
E00129870,116,37,12,25,79,69,10,31.896551724137932,10.344827586206897,21.551724137931032,68.10344827586206,59.48275862068966,8.620689655172415
E00129871,83,27,9,18,56,47,9,32.53012048192771,10.843373493975903,21.686746987951807,67.46987951807229,56.62650602409639,10.843373493975903
E00129873,98,46,13,33,52,40,12,46.93877551020408,13.26530612244898,33.6734693877551,53.06122448979592,40.816326530612244,12.244897959183673
E00129874,69,28,15,13,41,40,1,40.57971014492754,21.73913043478261,18.84057971014493,59.42028985507246,57.971014492753625,1.4492753623188406
E00129875,132,43,10,33,89,80,9,32.57575757575758,7.575757575757576,25,67.42424242424242,60.60606060606061,6.8181818181818175
E00129876,63,25,6,19,38,38,0,39.682539682539684,9.523809523809524,30.158730158730158,60.317460317460316,60.317460317460316,0
E00129877,66,26,9,17,40,38,2,39.39393939393939,13.636363636363635,25.757575757575758,60.60606060606061,57.57575757575758,3.0303030303030303
E00129878,86,46,13,33,40,40,0,53.48837209302325,15.11627906976744,38.372093023255815,46.51162790697674,46.51162790697674,0
E00129879,103,36,11,25,67,62,5,34.95145631067961,10.679611650485436,24.271844660194176,65.0485436893204,60.19417475728155,4.854368932038835
E00129880,86,28,7,21,58,47,11,32.55813953488372,8.13953488372093,24.418604651162788,67.44186046511628,54.65116279069767,12.790697674418606
E00129881,80,29,10,19,51,47,4,36.25,12.5,23.75,63.74999999999999,58.75,5
E00129882,114,31,9,22,83,70,13,27.192982456140353,7.894736842105263,19.298245614035086,72.80701754385966,61.40350877192983,11.403508771929824
E00129883,101,31,10,21,70,55,15,30.693069306930692,9.900990099009901,20.792079207920793,69.3069306930693,54.45544554455446,14.85148514851485
E00129884,105,33,9,24,72,61,11,31.428571428571427,8.571428571428571,22.857142857142858,68.57142857142857,58.0952380952381,10.476190476190476
E00129885,60,25,7,18,35,26,9,41.66666666666667,11.666666666666666,30,58.333333333333336,43.333333333333336,15
E00129886,98,30,4,26,68,54,14,30.612244897959183,4.081632653061225,26.53061224489796,69.38775510204081,55.10204081632652,14.285714285714285
E00129887,158,51,17,34,107,91,16,32.278481012658226,10.759493670886076,21.518987341772153,67.72151898734177,57.59493670886076,10.126582278481013
E00129888,115,37,17,20,78,61,17,32.17391304347826,14.782608695652174,17.391304347826086,67.82608695652173,53.04347826086957,14.782608695652174
E00129889,226,86,31,55,140,115,25,38.05309734513274,13.716814159292035,24.336283185840706,61.94690265486725,50.88495575221239,11.061946902654867
E00129890,264,75,24,51,189,166,23,28.40909090909091,9.090909090909092,19.318181818181817,71.5909090909091,62.878787878787875,8.712121212121213
E00129892,115,36,11,25,79,65,14,31.30434782608696,9.565217391304348,21.73913043478261,68.69565217391305,56.52173913043478,12.173913043478262
E00129893,89,26,4,22,63,55,8,29.213483146067414,4.49438202247191,24.719101123595504,70.78651685393258,61.79775280898876,8.98876404494382
E00129894,135,39,8,31,96,80,16,28.888888888888886,5.9259259259259265,22.962962962962962,71.11111111111111,59.25925925925925,11.851851851851853
E00129895,73,21,12,9,52,46,6,28.767123287671232,16.43835616438356,12.32876712328767,71.23287671232876,63.013698630136986,8.21917808219178
E00129896,94,33,10,23,61,53,8,35.1063829787234,10.638297872340425,24.46808510638298,64.8936170212766,56.38297872340425,8.51063829787234
E00129897,120,31,7,24,89,78,11,25.833333333333336,5.833333333333333,20,74.16666666666667,65,9.166666666666666
E00129898,100,30,8,22,70,59,11,30,8,22,70,59,11
E00129899,85,40,13,27,45,40,5,47.05882352941176,15.294117647058824,31.76470588235294,52.94117647058824,47.05882352941176,5.88235294117647
E00129900,86,28,7,21,58,50,8,32.55813953488372,8.13953488372093,24.418604651162788,67.44186046511628,58.139534883720934,9.30232558139535
E00129901,94,30,9,21,64,56,8,31.914893617021278,9.574468085106384,22.340425531914892,68.08510638297872,59.57446808510638,8.51063829787234
E00129902,135,43,16,27,92,80,12,31.851851851851855,11.851851851851853,20,68.14814814814815,59.25925925925925,8.88888888888889
E00129903,109,32,12,20,77,65,12,29.357798165137616,11.009174311926607,18.34862385321101,70.64220183486239,59.63302752293578,11.009174311926607
E00129904,68,22,6,16,46,39,7,32.35294117647059,8.823529411764707,23.52941176470588,67.64705882352942,57.35294117647059,10.294117647058822
E00129905,152,49,20,29,103,87,16,32.23684210526316,13.157894736842104,19.078947368421055,67.76315789473685,57.23684210526315,10.526315789473683
E00129906,131,39,13,26,92,81,11,29.770992366412212,9.923664122137405,19.84732824427481,70.22900763358778,61.832061068702295,8.396946564885496
E00129907,104,34,8,26,70,65,5,32.69230769230769,7.6923076923076925,25,67.3076923076923,62.5,4.807692307692308
E00129908,221,68,27,41,153,134,19,30.76923076923077,12.217194570135746,18.552036199095024,69.23076923076923,60.633484162895925,8.597285067873303
E00129909,100,32,13,19,68,58,10,32,13,19,68,57.99999999999999,10
E00129910,111,29,9,20,82,74,8,26.126126126126124,8.108108108108109,18.01801801801802,73.87387387387388,66.66666666666666,7.207207207207207
E00129911,148,44,18,26,104,88,16,29.72972972972973,12.162162162162163,17.56756756756757,70.27027027027027,59.45945945945946,10.81081081081081
E00129912,133,39,13,26,94,85,9,29.32330827067669,9.774436090225564,19.548872180451127,70.67669172932331,63.90977443609023,6.7669172932330826
E00129913,58,16,9,7,42,37,5,27.586206896551722,15.517241379310345,12.068965517241379,72.41379310344827,63.793103448275865,8.620689655172415
E00129914,117,31,9,22,86,73,13,26.495726495726498,7.6923076923076925,18.803418803418804,73.50427350427351,62.39316239316239,11.11111111111111
E00129915,157,47,17,30,110,92,18,29.936305732484076,10.828025477707007,19.10828025477707,70.06369426751591,58.59872611464968,11.464968152866243
E00129916,172,66,23,43,106,91,15,38.372093023255815,13.372093023255813,25,61.627906976744185,52.90697674418605,8.720930232558139
E00129917,156,40,8,32,116,97,19,25.64102564102564,5.128205128205128,20.51282051282051,74.35897435897436,62.17948717948718,12.179487179487179
E00129918,86,25,8,17,61,53,8,29.069767441860467,9.30232558139535,19.767441860465116,70.93023255813954,61.627906976744185,9.30232558139535
E00129919,131,33,11,22,98,87,11,25.190839694656486,8.396946564885496,16.793893129770993,74.80916030534351,66.41221374045801,8.396946564885496
E00129920,164,59,12,47,105,95,10,35.97560975609756,7.317073170731707,28.65853658536585,64.02439024390245,57.92682926829268,6.097560975609756
E00129921,97,32,9,23,65,56,9,32.98969072164948,9.278350515463918,23.711340206185564,67.0103092783505,57.73195876288659,9.278350515463918
E00129922,98,38,24,14,60,46,14,38.775510204081634,24.489795918367346,14.285714285714285,61.224489795918366,46.93877551020408,14.285714285714285
E00129923,91,31,8,23,60,51,9,34.065934065934066,8.791208791208792,25.274725274725274,65.93406593406593,56.043956043956044,9.89010989010989
E00129924,102,43,14,29,59,46,13,42.15686274509804,13.725490196078432,28.431372549019606,57.84313725490197,45.09803921568628,12.745098039215685
E00129925,41,10,4,6,31,29,2,24.390243902439025,9.75609756097561,14.634146341463413,75.60975609756098,70.73170731707317,4.878048780487805
E00129926,152,55,21,34,97,82,15,36.18421052631579,13.815789473684212,22.36842105263158,63.81578947368421,53.94736842105263,9.868421052631579
E00129927,154,54,13,41,100,81,19,35.064935064935064,8.441558441558442,26.623376623376622,64.93506493506493,52.5974025974026,12.337662337662337
E00129928,100,29,15,14,71,60,11,28.999999999999996,15,14.000000000000002,71,60,11
E00129929,115,36,17,19,79,70,9,31.30434782608696,14.782608695652174,16.52173913043478,68.69565217391305,60.86956521739131,7.82608695652174
E00129930,105,40,6,34,65,53,12,38.095238095238095,5.714285714285714,32.38095238095238,61.904761904761905,50.476190476190474,11.428571428571429
E00129931,90,40,16,24,50,40,10,44.44444444444444,17.77777777777778,26.666666666666668,55.55555555555556,44.44444444444444,11.11111111111111
E00129932,122,33,8,25,89,79,10,27.049180327868854,6.557377049180328,20.491803278688526,72.95081967213115,64.75409836065575,8.19672131147541
E00129933,101,44,20,24,57,46,11,43.56435643564357,19.801980198019802,23.762376237623762,56.43564356435643,45.54455445544555,10.891089108910892
E00129934,146,51,21,30,95,83,12,34.93150684931507,14.383561643835616,20.54794520547945,65.06849315068493,56.849315068493155,8.21917808219178
E00129935,130,43,13,30,87,76,11,33.07692307692307,10,23.076923076923077,66.92307692307692,58.46153846153847,8.461538461538462
E00129936,112,42,11,31,70,65,5,37.5,9.821428571428571,27.67857142857143,62.5,58.03571428571429,4.464285714285714
E00129937,173,60,20,40,113,94,19,34.68208092485549,11.560693641618498,23.121387283236995,65.3179190751445,54.33526011560693,10.982658959537572
E00129938,125,36,12,24,89,80,9,28.799999999999997,9.6,19.2,71.2,64,7.199999999999999
E00129939,172,38,6,32,134,111,23,22.093023255813954,3.488372093023256,18.6046511627907,77.90697674418605,64.53488372093024,13.372093023255813
E00129940,191,57,18,39,134,105,29,29.84293193717277,9.424083769633508,20.418848167539267,70.15706806282722,54.973821989528794,15.18324607329843
E00129941,152,52,12,40,100,89,11,34.21052631578947,7.894736842105263,26.31578947368421,65.78947368421053,58.55263157894737,7.236842105263158
E00129942,119,34,11,23,85,73,12,28.57142857142857,9.243697478991598,19.327731092436977,71.42857142857143,61.34453781512605,10.084033613445378
E00129943,73,27,7,20,46,42,4,36.986301369863014,9.58904109589041,27.397260273972602,63.013698630136986,57.534246575342465,5.47945205479452
E00129944,194,54,15,39,140,122,18,27.835051546391753,7.731958762886598,20.103092783505154,72.16494845360825,62.88659793814433,9.278350515463918
E00129945,115,36,13,23,79,67,12,31.30434782608696,11.304347826086957,20,68.69565217391305,58.26086956521739,10.434782608695652
E00129946,126,44,12,32,82,70,12,34.92063492063492,9.523809523809524,25.396825396825395,65.07936507936508,55.55555555555556,9.523809523809524
E00129947,126,39,10,29,87,80,7,30.952380952380953,7.936507936507936,23.015873015873016,69.04761904761905,63.49206349206349,5.555555555555555
E00129948,135,52,14,38,83,72,11,38.51851851851852,10.37037037037037,28.14814814814815,61.48148148148148,53.333333333333336,8.148148148148149
E00129949,101,35,10,25,66,53,13,34.65346534653465,9.900990099009901,24.752475247524753,65.34653465346535,52.475247524752476,12.871287128712872
E00129950,94,44,17,27,50,41,9,46.808510638297875,18.085106382978726,28.723404255319153,53.191489361702125,43.61702127659575,9.574468085106384
E00129951,101,40,11,29,61,53,8,39.603960396039604,10.891089108910892,28.71287128712871,60.396039603960396,52.475247524752476,7.920792079207921
E00129952,132,37,14,23,95,72,23,28.030303030303028,10.606060606060606,17.424242424242426,71.96969696969697,54.54545454545454,17.424242424242426
E00129953,130,53,19,34,77,68,9,40.76923076923077,14.615384615384617,26.153846153846157,59.23076923076923,52.307692307692314,6.923076923076923
E00129954,172,47,16,31,125,98,27,27.325581395348834,9.30232558139535,18.023255813953487,72.67441860465115,56.97674418604651,15.69767441860465
E00129955,126,46,19,27,80,67,13,36.507936507936506,15.079365079365079,21.428571428571427,63.49206349206349,53.17460317460318,10.317460317460316
E00129956,115,35,7,28,80,67,13,30.434782608695656,6.086956521739131,24.347826086956523,69.56521739130434,58.26086956521739,11.304347826086957
E00129957,131,42,8,34,89,76,13,32.06106870229007,6.106870229007633,25.954198473282442,67.93893129770993,58.01526717557252,9.923664122137405
E00129958,129,43,9,34,86,72,14,33.33333333333333,6.976744186046512,26.356589147286826,66.66666666666666,55.81395348837209,10.852713178294573
E00129959,146,47,14,33,99,91,8,32.19178082191781,9.58904109589041,22.602739726027394,67.8082191780822,62.328767123287676,5.47945205479452
E00129960,84,24,11,13,60,40,20,28.57142857142857,13.095238095238097,15.476190476190476,71.42857142857143,47.61904761904761,23.809523809523807
E00129961,187,54,15,39,133,105,28,28.87700534759358,8.0213903743315509,20.855614973262032,71.12299465240642,56.14973262032086,14.973262032085561
E00129962,179,54,19,35,125,98,27,30.16759776536313,10.614525139664805,19.553072625698324,69.83240223463687,54.7486033519553,15.083798882681565
E00129963,165,52,16,36,113,85,28,31.515151515151512,9.696969696969697,21.818181818181817,68.48484848484848,51.515151515151516,16.969696969696972
E00129964,193,70,31,39,123,89,34,36.26943005181347,16.06217616580311,20.207253886010363,63.730569948186535,46.1139896373057,17.616580310880828
E00129965,170,55,17,38,115,88,27,32.35294117647059,10,22.35294117647059,67.64705882352942,51.76470588235295,15.88235294117647
E00129966,157,49,17,32,108,87,21,31.210191082802545,10.828025477707007,20.382165605095544,68.78980891719745,55.4140127388535,13.375796178343949
E00170173,120,23,11,12,97,78,19,19.166666666666668,9.166666666666666,10,80.83333333333333,65,15.833333333333332
E00170174,144,47,19,28,97,67,30,32.63888888888889,13.194444444444445,19.444444444444446,67.36111111111111,46.52777777777778,20.833333333333336
E00170175,140,47,22,25,93,76,17,33.57142857142857,15.714285714285714,17.857142857142858,66.42857142857143,54.285714285714285,12.142857142857142
E00170176,139,26,3,23,113,77,36,18.705035971223023,2.158273381294964,16.546762589928058,81.29496402877699,55.39568345323741,25.899280575539567
E00170177,42,13,4,9,29,25,4,30.952380952380953,9.523809523809524,21.428571428571427,69.04761904761905,59.523809523809526,9.523809523809524
E00170178,112,32,15,17,80,53,27,28.57142857142857,13.392857142857142,15.178571428571427,71.42857142857143,47.32142857142857,24.107142857142858
E00170179,154,50,18,32,104,92,12,32.467532467532465,11.688311688311687,20.77922077922078,67.53246753246754,59.74025974025974,7.792207792207792
E00170180,137,39,10,29,98,76,22,28.467153284671532,7.2992700729927,21.16788321167883,71.53284671532847,55.47445255474452,16.05839416058394
E00170181,123,37,11,26,86,69,17,30.081300813008134,8.94308943089431,21.138211382113823,69.91869918699187,56.09756097560976,13.821138211382115
E00170182,156,48,10,38,108,91,17,30.76923076923077,6.41025641025641,24.358974358974358,69.23076923076923,58.333333333333336,10.897435897435898
E00170184,126,28,13,15,98,87,11,22.22222222222222,10.317460317460316,11.904761904761903,77.77777777777779,69.04761904761905,8.73015873015873
E00170185,153,54,16,38,99,83,16,35.294117647058826,10.457516339869281,24.836601307189543,64.70588235294117,54.248366013071895,10.457516339869281
E00185569,212,56,15,41,156,143,13,26.41509433962264,7.0754716981132075,19.339622641509436,73.58490566037736,67.45283018867924,6.132075471698113
E00185573,141,42,12,30,99,86,13,29.78723404255319,8.51063829787234,21.27659574468085,70.2127659574468,60.99290780141844,9.219858156028367
E00185577,280,86,31,55,194,146,48,30.714285714285715,11.071428571428571,19.642857142857142,69.28571428571428,52.142857142857146,17.142857142857142
E00185579,199,59,29,30,140,115,25,29.64824120603015,14.572864321608039,15.07537688442211,70.35175879396985,57.78894472361809,12.562814070351758
E00185580,144,47,15,32,97,84,13,32.63888888888889,10.416666666666668,22.22222222222222,67.36111111111111,58.333333333333336,9.027777777777777
E00185584,97,19,6,13,78,65,13,19.587628865979383,6.185567010309279,13.402061855670103,80.41237113402062,67.0103092783505,13.402061855670103
E00185588,45,21,6,15,24,18,6,46.666666666666664,13.333333333333334,33.33333333333333,53.333333333333336,40,13.333333333333334
E00185591,54,17,9,8,37,31,6,31.48148148148148,16.666666666666664,14.814814814814813,68.51851851851852,57.407407407407405,11.11111111111111
E00185596,192,52,24,28,140,115,25,27.083333333333332,12.5,14.583333333333334,72.91666666666666,59.895833333333336,13.020833333333334
E00185607,175,59,12,47,116,98,18,33.714285714285715,6.857142857142858,26.857142857142858,66.28571428571428,56.00000000000001,10.285714285714285
E00185608,146,63,35,28,83,62,21,43.15068493150685,23.972602739726025,19.17808219178082,56.849315068493155,42.465753424657535,14.383561643835616
E00185609,188,42,17,25,146,118,28,22.340425531914892,9.042553191489363,13.297872340425531,77.6595744680851,62.76595744680851,14.893617021276595
E00185614,222,69,20,49,153,133,20,31.08108108108108,9.00900900900901,22.07207207207207,68.91891891891892,59.909909909909906,9.00900900900901
E00185615,244,56,14,42,188,162,26,22.950819672131146,5.737704918032787,17.21311475409836,77.04918032786885,66.39344262295081,10.655737704918032
E00185616,248,77,20,57,171,143,28,31.048387096774192,8.064516129032258,22.983870967741936,68.95161290322581,57.66129032258065,11.29032258064516
E00185617,149,39,4,35,110,91,19,26.174496644295303,2.684563758389262,23.48993288590604,73.8255033557047,61.07382550335571,12.751677852348994
E00185622,157,48,14,34,109,93,16,30.573248407643312,8.9171974522293,21.656050955414013,69.42675159235668,59.23566878980891,10.191082802547772
E00185625,65,17,2,15,48,38,10,26.153846153846157,3.076923076923077,23.076923076923077,73.84615384615385,58.46153846153847,15.384615384615385
E00185626,157,34,6,28,123,107,16,21.656050955414013,3.821656050955414,17.8343949044586,78.343949044586,68.15286624203821,10.191082802547772
E00185638,233,49,16,33,184,149,35,21.030042918454935,6.866952789699571,14.163090128755366,78.96995708154506,63.94849785407726,15.021459227467812
E00185641,83,30,11,19,53,45,8,36.144578313253014,13.253012048192772,22.89156626506024,63.85542168674698,54.21686746987952,9.63855421686747
E00185648,319,72,16,56,247,217,30,22.570532915360502,5.015673981191222,17.55485893416928,77.4294670846395,68.02507836990596,9.404388714733543
E00185652,130,29,9,20,101,88,13,22.30769230769231,6.923076923076923,15.384615384615385,77.6923076923077,67.6923076923077,10
E00185654,137,34,4,30,103,85,18,24.817518248175183,2.9197080291970803,21.897810218978105,75.18248175182481,62.04379562043796,13.138686131386862
E00185658,45,19,4,15,26,20,6,42.22222222222222,8.88888888888889,33.33333333333333,57.77777777777777,44.44444444444444,13.333333333333334
E00185660,117,37,15,22,80,70,10,31.62393162393162,12.82051282051282,18.803418803418804,68.37606837606837,59.82905982905983,8.547008547008547
