OA,ts0590001,ts0590002,ts0590003,ts0590004,ts0590005,ts0590006,ts0590007,ts0590002_PCT,ts0590003_PCT,ts0590004_PCT,ts0590005_PCT,ts0590006_PCT,ts0590007_PCT
E00109108,171,47,19,28,124,102,22,27.485380116959064,11.11111111111111,16.374269005847953,72.51461988304094,59.64912280701754,12.865497076023392
E00109109,168,44,20,24,124,115,9,26.190476190476193,11.904761904761903,14.285714285714285,73.80952380952381,68.45238095238095,5.357142857142857
E00109110,168,49,19,30,119,104,15,29.166666666666668,11.30952380952381,17.857142857142858,70.83333333333334,61.904761904761905,8.928571428571429
E00109111,106,35,14,21,71,61,10,33.0188679245283,13.20754716981132,19.81132075471698,66.98113207547169,57.54716981132076,9.433962264150944
E00109112,184,56,24,32,128,107,21,30.434782608695656,13.043478260869565,17.391304347826086,69.56521739130434,58.152173913043484,11.41304347826087
E00109113,135,39,19,20,96,72,24,28.888888888888886,14.074074074074074,14.814814814814813,71.11111111111111,53.333333333333336,17.77777777777778
E00109114,171,52,20,32,119,99,20,30.409356725146196,11.695906432748536,18.71345029239766,69.5906432748538,57.89473684210527,11.695906432748536
E00109115,167,46,18,28,121,97,24,27.54491017964072,10.778443113772456,16.766467065868262,72.45508982035929,58.08383233532935,14.37125748502994
E00109116,170,49,18,31,121,97,24,28.823529411764703,10.588235294117647,18.235294117647058,71.17647058823529,57.05882352941176,14.117647058823529
E00109117,190,59,22,37,131,109,22,31.05263157894737,11.578947368421053,19.473684210526315,68.94736842105263,57.36842105263158,11.578947368421053
E00109118,125,31,13,18,94,83,11,24.8,10.4,14.399999999999999,75.2,66.4,8.799999999999999
E00109119,137,54,17,37,83,62,21,39.416058394160586,12.408759124087592,27.00729927007299,60.58394160583942,45.25547445255474,15.328467153284672
E00109120,176,47,16,31,129,101,28,26.704545454545453,9.090909090909092,17.613636363636363,73.29545454545455,57.38636363636363,15.909090909090908
E00109121,131,43,14,29,88,74,14,32.82442748091603,10.687022900763358,22.137404580152673,67.17557251908397,56.48854961832062,10.687022900763358
E00109122,157,46,18,28,111,91,20,29.29936305732484,11.464968152866243,17.8343949044586,70.70063694267516,57.961783439490446,12.738853503184714
E00109123,159,52,18,34,107,89,18,32.70440251572327,11.320754716981133,21.38364779874214,67.29559748427673,55.9748427672956,11.320754716981133
E00109124,100,36,14,22,64,58,6,36,14.000000000000002,22,64,57.99999999999999,6
E00109125,133,47,15,32,86,61,25,35.338345864661655,11.278195488721805,24.06015037593985,64.66165413533834,45.86466165413533,18.796992481203006
E00109126,127,40,15,25,87,78,9,31.496062992125985,11.811023622047244,19.68503937007874,68.50393700787401,61.417322834645674,7.086614173228346
E00109127,148,40,15,25,108,90,18,27.027027027027028,10.135135135135135,16.89189189189189,72.97297297297297,60.810810810810814,12.162162162162163
E00109128,180,54,21,33,126,98,28,30,11.666666666666666,18.333333333333332,70,54.44444444444444,15.555555555555555
E00109129,216,65,28,37,151,117,34,30.09259259259259,12.962962962962962,17.12962962962963,69.9074074074074,54.166666666666664,15.74074074074074
E00109130,296,90,47,43,206,162,44,30.405405405405407,15.878378378378377,14.527027027027026,69.5945945945946,54.729729729729726,14.864864864864865
E00109131,148,42,13,29,106,84,22,28.37837837837838,8.783783783783784,19.594594594594593,71.62162162162163,56.75675675675676,14.864864864864865
E00109132,164,48,14,34,116,84,32,29.268292682926827,8.536585365853659,20.73170731707317,70.73170731707317,51.21951219512195,19.51219512195122
E00109133,92,33,12,21,59,48,11,35.869565217391305,13.043478260869565,22.82608695652174,64.13043478260869,52.17391304347826,11.956521739130435
E00109134,138,46,16,30,92,79,13,33.33333333333333,11.594202898550725,21.73913043478261,66.66666666666666,57.2463768115942,9.420289855072465
E00109135,144,42,17,25,102,82,20,29.166666666666668,11.805555555555555,17.36111111111111,70.83333333333334,56.94444444444444,13.88888888888889
E00109136,139,41,10,31,98,89,9,29.496402877697843,7.1942446043165464,22.302158273381295,70.50359712230215,64.02877697841727,6.474820143884892
E00109137,231,78,31,47,153,138,15,33.76623376623377,13.41991341991342,20.346320346320347,66.23376623376623,59.74025974025974,6.493506493506493
E00109138,189,62,25,37,127,106,21,32.804232804232804,13.227513227513226,19.576719576719576,67.1957671957672,56.08465608465608,11.11111111111111
E00109139,157,45,19,26,112,95,17,28.662420382165603,12.101910828025478,16.560509554140125,71.3375796178344,60.509554140127385,10.828025477707007
E00109140,174,57,21,36,117,88,29,32.758620689655174,12.068965517241379,20.689655172413794,67.24137931034483,50.57471264367817,16.666666666666664
E00109141,185,50,21,29,135,97,38,27.027027027027028,11.351351351351353,15.675675675675677,72.97297297297297,52.43243243243243,20.54054054054054
E00109142,176,37,19,18,139,106,33,21.022727272727273,10.795454545454545,10.227272727272728,78.97727272727273,60.22727272727273,18.75
E00109143,184,53,15,38,131,113,18,28.804347826086957,8.152173913043478,20.652173913043477,71.19565217391305,61.41304347826087,9.782608695652174
E00109144,169,49,23,26,120,94,26,28.994082840236686,13.609467455621301,15.384615384615385,71.00591715976331,55.62130177514793,15.384615384615385
E00109145,182,43,17,26,139,115,24,23.626373626373624,9.340659340659341,14.285714285714285,76.37362637362637,63.18681318681318,13.186813186813188
E00109146,185,47,16,31,138,113,25,25.405405405405407,8.64864864864865,16.756756756756758,74.5945945945946,61.08108108108108,13.513513513513514
E00109147,181,42,21,21,139,120,19,23.204419889502763,11.602209944751381,11.602209944751381,76.79558011049724,66.29834254143645,10.497237569060774
E00109148,156,47,11,36,109,97,12,30.128205128205128,7.051282051282051,23.076923076923077,69.87179487179486,62.17948717948718,7.6923076923076925
E00109149,243,77,22,55,166,142,24,31.68724279835391,9.053497942386832,22.633744855967077,68.3127572016461,58.43621399176955,9.876543209876543
E00109150,134,36,10,26,98,85,13,26.865671641791046,7.462686567164178,19.402985074626866,73.13432835820896,63.43283582089553,9.701492537313433
E00109151,137,44,15,29,93,80,13,32.11678832116788,10.948905109489052,21.16788321167883,67.88321167883211,58.3941605839416,9.48905109489051
E00109152,132,47,10,37,85,72,13,35.60606060606061,7.575757575757576,28.030303030303028,64.39393939393939,54.54545454545454,9.848484848484848
E00109153,128,41,13,28,87,74,13,32.03125,10.15625,21.875,67.96875,57.8125,10.15625
E00109154,70,25,9,16,45,38,7,35.714285714285715,12.857142857142856,22.857142857142858,64.28571428571429,54.285714285714285,10
E00109155,115,38,12,26,77,59,18,33.04347826086956,10.434782608695652,22.608695652173914,66.95652173913044,51.30434782608696,15.65217391304348
E00109156,147,56,21,35,91,70,21,38.095238095238095,14.285714285714285,23.809523809523807,61.904761904761905,47.61904761904761,14.285714285714285
E00109157,98,30,9,21,68,56,12,30.612244897959183,9.183673469387756,21.428571428571427,69.38775510204081,57.14285714285714,12.244897959183673
E00109158,170,62,20,42,108,93,15,36.470588235294116,11.76470588235294,24.705882352941178,63.52941176470588,54.70588235294118,8.823529411764707
E00109159,141,32,9,23,109,90,19,22.69503546099291,6.382978723404255,16.312056737588655,77.30496453900709,63.829787234042556,13.47517730496454
E00109160,112,35,18,17,77,66,11,31.25,16.071428571428573,15.178571428571427,68.75,58.92857142857143,9.821428571428571
E00109161,82,28,10,18,54,45,9,34.146341463414636,12.195121951219512,21.951219512195124,65.85365853658537,54.87804878048781,10.975609756097562
E00109162,109,27,9,18,82,69,13,24.770642201834864,8.256880733944955,16.51376146788991,75.22935779816514,63.30275229357798,11.926605504587156
E00109163,156,46,17,29,110,88,22,29.48717948717949,10.897435897435898,18.58974358974359,70.51282051282051,56.41025641025641,14.102564102564102
E00109164,131,36,12,24,95,77,18,27.480916030534353,9.16030534351145,18.3206106870229,72.51908396946564,58.778625954198475,13.740458015267176
E00109165,141,50,17,33,91,82,9,35.46099290780142,12.056737588652481,23.404255319148938,64.53900709219859,58.156028368794324,6.382978723404255
E00109166,121,44,18,26,77,58,19,36.36363636363637,14.87603305785124,21.487603305785125,63.63636363636363,47.93388429752066,15.702479338842975
E00109167,132,51,17,34,81,72,9,38.63636363636363,12.878787878787879,25.757575757575758,61.36363636363637,54.54545454545454,6.8181818181818175
E00109168,124,28,6,22,96,73,23,22.58064516129032,4.838709677419355,17.741935483870968,77.41935483870968,58.87096774193549,18.548387096774192
E00109169,95,27,8,19,68,60,8,28.421052631578945,8.421052631578947,20,71.57894736842105,63.1578947368421,8.421052631578947
E00109170,127,35,11,24,92,82,10,27.559055118110237,8.661417322834646,18.89763779527559,72.44094488188976,64.56692913385827,7.874015748031496
E00109171,173,44,23,21,129,107,22,25.43352601156069,13.294797687861271,12.138728323699421,74.56647398843931,61.849710982658955,12.716763005780345
E00109172,119,34,5,29,85,70,15,28.57142857142857,4.201680672268908,24.369747899159663,71.42857142857143,58.82352941176471,12.605042016806722
E00109173,165,42,12,30,123,98,25,25.454545454545453,7.2727272727272725,18.181818181818183,74.54545454545455,59.3939393939394,15.151515151515152
E00109174,152,44,18,26,108,89,19,28.947368421052634,11.842105263157894,17.105263157894736,71.05263157894737,58.55263157894737,12.5
E00109175,134,49,20,29,85,71,14,36.56716417910448,14.925373134328357,21.641791044776117,63.43283582089553,52.98507462686567,10.44776119402985
E00109176,153,66,22,44,87,69,18,43.13725490196079,14.37908496732026,28.75816993464052,56.86274509803921,45.09803921568628,11.76470588235294
E00109177,109,32,14,18,77,63,14,29.357798165137616,12.844036697247708,16.51376146788991,70.64220183486239,57.798165137614674,12.844036697247708
E00109178,109,29,10,19,80,69,11,26.605504587155966,9.174311926605505,17.431192660550458,73.39449541284404,63.30275229357798,10.091743119266056
E00109179,94,21,11,10,73,59,14,22.340425531914892,11.702127659574469,10.638297872340425,77.6595744680851,62.76595744680851,14.893617021276595
E00109180,114,32,11,21,82,64,18,28.07017543859649,9.649122807017543,18.421052631578945,71.9298245614035,56.14035087719298,15.789473684210526
E00109181,143,40,12,28,103,86,17,27.972027972027973,8.391608391608392,19.58041958041958,72.02797202797203,60.13986013986013,11.888111888111888
E00109182,181,53,18,35,128,100,28,29.2817679558011,9.94475138121547,19.337016574585636,70.71823204419888,55.24861878453039,15.469613259668508
E00109183,132,30,10,20,102,79,23,22.727272727272727,7.575757575757576,15.151515151515152,77.27272727272727,59.84848484848485,17.424242424242426
E00109184,74,20,8,12,54,48,6,27.027027027027028,10.81081081081081,16.216216216216218,72.97297297297297,64.86486486486487,8.108108108108109
E00109185,129,28,8,20,101,89,12,21.705426356589147,6.2015503875969,15.503875968992247,78.29457364341084,68.9922480620155,9.30232558139535
E00109186,90,31,11,20,59,50,9,34.44444444444444,12.222222222222221,22.22222222222222,65.55555555555556,55.55555555555556,10
E00109187,125,31,13,18,94,85,9,24.8,10.4,14.399999999999999,75.2,68,7.199999999999999
E00109188,115,29,7,22,86,62,24,25.217391304347824,6.086956521739131,19.130434782608695,74.78260869565217,53.91304347826087,20.869565217391305
E00109189,125,35,13,22,90,72,18,28.000000000000004,10.4,17.599999999999998,72,57.599999999999994,14.399999999999999
E00109190,143,49,16,33,94,80,14,34.26573426573427,11.188811188811188,23.076923076923077,65.73426573426573,55.94405594405595,9.79020979020979
E00109191,129,43,13,30,86,73,13,33.33333333333333,10.077519379844961,23.25581395348837,66.66666666666666,56.58914728682171,10.077519379844961
E00109192,106,40,17,23,66,52,14,37.735849056603776,16.037735849056602,21.69811320754717,62.264150943396224,49.056603773584904,13.20754716981132
E00109193,121,30,6,24,91,73,18,24.793388429752067,4.958677685950414,19.834710743801654,75.20661157024794,60.33057851239669,14.87603305785124
E00109195,179,55,18,37,124,105,19,30.726256983240223,10.05586592178771,20.670391061452513,69.27374301675978,58.659217877094974,10.614525139664805
E00109196,33,15,5,10,18,16,2,45.45454545454545,15.151515151515152,30.303030303030305,54.54545454545454,48.484848484848484,6.0606060606060606
E00109197,155,51,13,38,104,89,15,32.903225806451616,8.38709677419355,24.516129032258064,67.0967741935484,57.41935483870968,9.67741935483871
E00109198,130,41,14,27,89,71,18,31.538461538461537,10.76923076923077,20.76923076923077,68.46153846153847,54.61538461538461,13.846153846153847
E00109199,132,33,11,22,99,85,14,25,8.333333333333332,16.666666666666664,75,64.39393939393939,10.606060606060606
E00109200,104,37,9,28,67,59,8,35.57692307692308,8.653846153846153,26.923076923076923,64.42307692307693,56.730769230769226,7.6923076923076925
E00109201,136,35,5,30,101,82,19,25.735294117647058,3.6764705882352944,22.058823529411764,74.26470588235294,60.29411764705882,13.970588235294118
E00109202,101,26,7,19,75,61,14,25.742574257425744,6.9306930693069315,18.81188118811881,74.25742574257426,60.396039603960396,13.861386138613863
E00109203,121,35,14,21,86,69,17,28.92561983471074,11.570247933884298,17.355371900826448,71.07438016528926,57.02479338842975,14.049586776859504
E00109204,141,46,15,31,95,80,15,32.62411347517731,10.638297872340425,21.98581560283688,67.37588652482269,56.73758865248227,10.638297872340425
E00109205,122,32,13,19,90,75,15,26.229508196721312,10.655737704918032,15.573770491803279,73.77049180327869,61.47540983606557,12.295081967213115
E00109206,144,47,11,36,97,85,12,32.63888888888889,7.638888888888889,25,67.36111111111111,59.02777777777778,8.333333333333332
E00109207,149,42,13,29,107,89,18,28.187919463087248,8.724832214765101,19.463087248322147,71.81208053691275,59.73154362416108,12.080536912751679
E00109208,133,28,9,19,105,86,19,21.052631578947366,6.7669172932330826,14.285714285714285,78.94736842105263,64.66165413533834,14.285714285714285
E00109209,167,54,18,36,113,92,21,32.33532934131736,10.778443113772456,21.55688622754491,67.66467065868264,55.08982035928144,12.574850299401197
E00109210,100,29,10,19,71,61,10,28.999999999999996,10,19,71,61,10
E00109211,114,37,16,21,77,60,17,32.45614035087719,14.035087719298245,18.421052631578945,67.54385964912281,52.63157894736842,14.912280701754385
E00109212,142,41,15,26,101,83,18,28.87323943661972,10.56338028169014,18.30985915492958,71.12676056338029,58.45070422535211,12.676056338028168
E00109213,136,45,18,27,91,77,14,33.088235294117645,13.23529411764706,19.852941176470587,66.91176470588235,56.61764705882353,10.294117647058822
E00109214,122,30,15,15,92,77,15,24.59016393442623,12.295081967213115,12.295081967213115,75.40983606557377,63.114754098360656,12.295081967213115
E00109215,126,37,16,21,89,73,16,29.365079365079367,12.698412698412698,16.666666666666664,70.63492063492063,57.936507936507944,12.698412698412698
E00109216,166,50,26,24,116,94,22,30.120481927710845,15.66265060240964,14.457831325301203,69.87951807228916,56.62650602409639,13.253012048192772
E00109217,182,57,20,37,125,108,17,31.318681318681318,10.989010989010989,20.32967032967033,68.68131868131869,59.34065934065934,9.340659340659341
E00109218,115,41,15,26,74,65,9,35.65217391304348,13.043478260869565,22.608695652173914,64.34782608695652,56.52173913043478,7.82608695652174
E00109219,117,36,16,20,81,74,7,30.76923076923077,13.675213675213676,17.094017094017094,69.23076923076923,63.24786324786324,5.982905982905983
E00109220,117,34,13,21,83,73,10,29.059829059829063,11.11111111111111,17.94871794871795,70.94017094017094,62.39316239316239,8.547008547008547
E00109221,136,37,14,23,99,77,22,27.205882352941174,10.294117647058822,16.911764705882355,72.79411764705883,56.61764705882353,16.176470588235293
E00109222,93,29,7,22,64,54,10,31.182795698924732,7.526881720430108,23.655913978494624,68.81720430107528,58.06451612903226,10.75268817204301
E00109223,127,39,9,30,88,69,19,30.708661417322837,7.086614173228346,23.62204724409449,69.29133858267717,54.330708661417326,14.960629921259844
E00109224,114,52,19,33,62,46,16,45.614035087719294,16.666666666666664,28.947368421052634,54.385964912280706,40.35087719298245,14.035087719298245
E00109225,154,34,10,24,120,98,22,22.07792207792208,6.493506493506493,15.584415584415584,77.92207792207793,63.63636363636363,14.285714285714285
E00109226,129,39,6,33,90,73,17,30.23255813953488,4.651162790697675,25.581395348837212,69.76744186046511,56.58914728682171,13.178294573643413
E00109228,130,42,14,28,88,76,12,32.30769230769231,10.76923076923077,21.53846153846154,67.6923076923077,58.46153846153847,9.230769230769232
E00109229,149,42,12,30,107,94,13,28.187919463087248,8.053691275167784,20.13422818791946,71.81208053691275,63.08724832214765,8.724832214765101
E00109230,174,53,17,36,121,100,21,30.45977011494253,9.770114942528735,20.689655172413794,69.54022988505747,57.47126436781609,12.068965517241379
E00109231,119,26,7,19,93,83,10,21.84873949579832,5.88235294117647,15.966386554621847,78.15126050420169,69.74789915966386,8.403361344537815
E00109232,151,50,16,34,101,78,23,33.11258278145696,10.596026490066226,22.516556291390728,66.88741721854305,51.65562913907284,15.2317880794702
E00109234,177,54,22,32,123,99,24,30.508474576271187,12.429378531073446,18.07909604519774,69.49152542372882,55.932203389830505,13.559322033898304
E00109235,155,41,15,26,114,88,26,26.451612903225808,9.67741935483871,16.7741935483871,73.54838709677419,56.774193548387096,16.7741935483871
E00109236,104,27,7,20,77,66,11,25.961538461538463,6.730769230769231,19.230769230769234,74.03846153846155,63.46153846153846,10.576923076923077
E00109237,137,42,12,30,95,79,16,30.656934306569344,8.75912408759124,21.897810218978105,69.34306569343066,57.66423357664233,11.678832116788321
E00109238,135,46,16,30,89,78,11,34.074074074074076,11.851851851851853,22.22222222222222,65.92592592592592,57.77777777777777,8.148148148148149
E00109239,156,60,25,35,96,79,17,38.46153846153847,16.025641025641026,22.435897435897438,61.53846153846154,50.641025641025635,10.897435897435898
E00109240,125,34,15,19,91,77,14,27.200000000000003,12,15.2,72.8,61.6,11.200000000000001
E00109241,124,41,20,21,83,66,17,33.064516129032256,16.129032258064516,16.93548387096774,66.93548387096774,53.2258064516129,13.709677419354838
E00109242,62,12,5,7,50,40,10,19.35483870967742,8.064516129032258,11.29032258064516,80.64516129032258,64.51612903225806,16.129032258064516
E00109243,136,38,13,25,98,86,12,27.941176470588236,9.558823529411764,18.38235294117647,72.05882352941177,63.23529411764706,8.823529411764707
E00109244,133,37,11,26,96,80,16,27.819548872180448,8.270676691729323,19.548872180451127,72.18045112781954,60.150375939849624,12.030075187969924
E00109245,137,44,11,33,93,83,10,32.11678832116788,8.02919708029197,24.087591240875913,67.88321167883211,60.58394160583942,7.2992700729927
E00109246,135,49,21,28,86,78,8,36.2962962962963,15.555555555555555,20.74074074074074,63.70370370370371,57.77777777777777,5.9259259259259265
E00109247,66,20,10,10,46,33,13,30.303030303030305,15.151515151515152,15.151515151515152,69.6969696969697,50,19.696969696969695
E00109248,182,59,17,42,123,104,19,32.417582417582416,9.340659340659341,23.076923076923077,67.58241758241759,57.14285714285714,10.43956043956044
E00109249,152,47,19,28,105,96,9,30.92105263157895,12.5,18.421052631578945,69.07894736842105,63.1578947368421,5.921052631578947
E00109250,195,68,20,48,127,108,19,34.87179487179487,10.256410256410255,24.615384615384617,65.12820512820512,55.38461538461539,9.7435897435897445
E00109251,208,64,19,45,144,121,23,30.76923076923077,9.134615384615383,21.634615384615387,69.23076923076923,58.17307692307693,11.057692307692307
E00109252,149,45,15,30,104,94,10,30.201342281879196,10.06711409395973,20.13422818791946,69.79865771812081,63.08724832214765,6.7114093959731544
E00109253,133,46,14,32,87,77,10,34.58646616541353,10.526315789473683,24.06015037593985,65.41353383458647,57.89473684210527,7.518796992481203
E00109254,156,50,18,32,106,78,28,32.05128205128205,11.538461538461538,20.51282051282051,67.94871794871796,50,17.94871794871795
E00109255,214,70,20,50,144,122,22,32.71028037383177,9.345794392523365,23.364485981308412,67.28971962616822,57.009345794392516,10.2803738317757
E00109256,165,51,18,33,114,92,22,30.909090909090907,10.909090909090908,20,69.0909090909091,55.757575757575765,13.333333333333334
E00109257,146,63,14,49,83,70,13,43.15068493150685,9.58904109589041,33.56164383561644,56.849315068493155,47.94520547945205,8.904109589041095
E00109258,140,51,17,34,89,69,20,36.42857142857142,12.142857142857142,24.285714285714285,63.57142857142857,49.28571428571429,14.285714285714285
E00109259,71,22,9,13,49,36,13,30.985915492957744,12.676056338028168,18.30985915492958,69.01408450704226,50.70422535211267,18.30985915492958
E00109260,146,45,15,30,101,84,17,30.82191780821918,10.273972602739725,20.54794520547945,69.17808219178082,57.534246575342465,11.643835616438356
E00109261,227,90,32,58,137,118,19,39.647577092511014,14.096916299559473,25.55066079295154,60.352422907488986,51.98237885462555,8.370044052863436
E00109262,120,46,15,31,74,61,13,38.333333333333336,12.5,25.833333333333336,61.66666666666667,50.83333333333333,10.833333333333334
E00109263,207,63,28,35,144,115,29,30.434782608695656,13.526570048309178,16.908212560386474,69.56521739130434,55.55555555555556,14.009661835748794
E00109264,116,33,7,26,83,71,12,28.448275862068968,6.0344827586206895,22.413793103448278,71.55172413793103,61.206896551724135,10.344827586206897
E00109265,136,42,12,30,94,83,11,30.88235294117647,8.823529411764707,22.058823529411764,69.11764705882352,61.029411764705884,8.088235294117647
E00109266,197,83,21,62,114,90,24,42.13197969543147,10.65989847715736,31.472081218274113,57.868020304568525,45.68527918781726,12.18274111675127
E00109267,162,46,17,29,116,97,19,28.39506172839506,10.493827160493826,17.901234567901234,71.60493827160494,59.876543209876544,11.728395061728394
E00109268,109,39,8,31,70,57,13,35.77981651376147,7.339449541284404,28.440366972477065,64.22018348623854,52.293577981651374,11.926605504587156
E00109269,120,41,12,29,79,70,9,34.166666666666664,10,24.166666666666668,65.83333333333333,58.333333333333336,7.5
E00109270,152,43,17,26,109,95,14,28.289473684210524,11.18421052631579,17.105263157894736,71.71052631578947,62.5,9.210526315789473
E00109271,143,48,17,31,95,82,13,33.56643356643357,11.888111888111888,21.678321678321677,66.43356643356644,57.34265734265735,9.090909090909092
E00109272,87,26,6,20,61,55,6,29.88505747126437,6.896551724137931,22.988505747126435,70.11494252873564,63.2183908045977,6.896551724137931
E00109273,123,33,17,16,90,75,15,26.82926829268293,13.821138211382115,13.008130081300814,73.17073170731707,60.97560975609756,12.195121951219512
E00109274,169,55,25,30,114,95,19,32.544378698224854,14.792899408284024,17.75147928994083,67.45562130177515,56.213017751479285,11.242603550295858
E00109275,281,86,31,55,195,150,45,30.604982206405694,11.032028469750891,19.572953736654807,69.3950177935943,53.380782918149464,16.014234875444842
E00109276,125,44,17,27,81,64,17,35.199999999999996,13.600000000000001,21.6,64.8,51.2,13.600000000000001
E00109277,140,44,15,29,96,73,23,31.428571428571427,10.714285714285714,20.714285714285715,68.57142857142857,52.142857142857146,16.428571428571427
E00109279,162,53,24,29,109,92,17,32.71604938271605,14.814814814814813,17.901234567901234,67.28395061728395,56.79012345679012,10.493827160493826
E00109280,160,48,13,35,112,99,13,30,8.125,21.875,70,61.875,8.125
E00109281,202,55,24,31,147,124,23,27.22772277227723,11.881188118811881,15.346534653465346,72.77227722772277,61.386138613861384,11.386138613861387
E00109282,133,37,15,22,96,80,16,27.819548872180448,11.278195488721805,16.541353383458645,72.18045112781954,60.150375939849624,12.030075187969924
E00109283,110,36,6,30,74,60,14,32.72727272727273,5.454545454545454,27.27272727272727,67.27272727272727,54.54545454545454,12.727272727272727
E00109284,106,42,17,25,64,53,11,39.62264150943396,16.037735849056602,23.58490566037736,60.37735849056604,50,10.377358490566039
E00109285,108,34,12,22,74,59,15,31.48148148148148,11.11111111111111,20.37037037037037,68.51851851851852,54.629629629629626,13.88888888888889
E00109286,130,39,12,27,91,75,16,30,9.230769230769232,20.76923076923077,70,57.692307692307686,12.307692307692308
E00109287,140,45,18,27,95,82,13,32.142857142857146,12.857142857142856,19.28571428571429,67.85714285714286,58.57142857142858,9.285714285714286
E00109288,187,66,24,42,121,103,18,35.294117647058826,12.834224598930483,22.459893048128343,64.70588235294117,55.080213903743314,9.62566844919786
E00109289,155,39,9,30,116,105,11,25.161290322580644,5.806451612903226,19.35483870967742,74.83870967741936,67.74193548387096,7.096774193548387
E00109290,150,41,14,27,109,94,15,27.333333333333332,9.333333333333334,18,72.66666666666667,62.66666666666667,10
E00109291,176,43,17,26,133,113,20,24.431818181818183,9.659090909090908,14.772727272727273,75.56818181818183,64.20454545454545,11.363636363636363
E00109292,192,48,14,34,144,123,21,25,7.291666666666667,17.708333333333336,75,64.0625,10.9375
E00109293,99,40,14,26,59,47,12,40.4040404040404,14.14141414141414,26.262626262626267,59.59595959595959,47.474747474747474,12.121212121212121
E00109294,154,40,8,32,114,101,13,25.97402597402597,5.194805194805195,20.77922077922078,74.02597402597402,65.5844155844156,8.441558441558442
E00109295,173,50,15,35,123,100,23,28.901734104046245,8.670520231213873,20.23121387283237,71.09826589595376,57.80346820809249,13.294797687861271
E00109296,137,35,12,23,102,86,16,25.547445255474454,8.75912408759124,16.78832116788321,74.45255474452554,62.77372262773723,11.678832116788321
E00109297,137,37,15,22,100,82,18,27.00729927007299,10.948905109489052,16.05839416058394,72.99270072992701,59.854014598540154,13.138686131386862
E00109298,147,52,23,29,95,83,12,35.374149659863946,15.646258503401361,19.727891156462583,64.62585034013605,56.4625850340136,8.16326530612245
E00109299,153,47,18,29,106,96,10,30.718954248366014,11.76470588235294,18.954248366013072,69.28104575163398,62.745098039215684,6.535947712418301
E00109300,209,61,31,30,148,131,17,29.1866028708134,14.832535885167463,14.354066985645932,70.81339712918661,62.67942583732058,8.133971291866029
E00109301,183,52,15,37,131,108,23,28.415300546448087,8.19672131147541,20.21857923497268,71.58469945355192,59.01639344262295,12.568306010928962
E00109302,150,42,16,26,108,84,24,28.000000000000004,10.666666666666668,17.333333333333336,72,56.00000000000001,16
E00109303,137,48,15,33,89,76,13,35.03649635036496,10.948905109489052,24.087591240875913,64.96350364963503,55.47445255474452,9.48905109489051
E00109304,148,46,16,30,102,84,18,31.08108108108108,10.81081081081081,20.27027027027027,68.91891891891892,56.75675675675676,12.162162162162163
E00109305,128,44,14,30,84,69,15,34.375,10.9375,23.4375,65.625,53.90625,11.71875
E00109306,134,57,24,33,77,64,13,42.53731343283582,17.91044776119403,24.62686567164179,57.46268656716418,47.76119402985074,9.701492537313433
E00109307,146,48,22,26,98,77,21,32.87671232876712,15.068493150684931,17.80821917808219,67.12328767123287,52.73972602739726,14.383561643835616
E00109308,143,53,17,36,90,78,12,37.06293706293706,11.888111888111888,25.174825174825177,62.93706293706294,54.54545454545454,8.391608391608392
E00109309,144,49,18,31,95,83,12,34.02777777777778,12.5,21.52777777777778,65.97222222222221,57.638888888888886,8.333333333333332
E00109310,228,74,27,47,154,128,26,32.45614035087719,11.842105263157894,20.614035087719298,67.54385964912281,56.14035087719298,11.403508771929824
E00109311,114,46,16,30,68,56,12,40.35087719298245,14.035087719298245,26.31578947368421,59.64912280701754,49.122807017543856,10.526315789473683
E00109312,138,50,20,30,88,80,8,36.231884057971016,14.492753623188406,21.73913043478261,63.76811594202898,57.971014492753625,5.797101449275362
E00109313,117,36,12,24,81,66,15,30.76923076923077,10.256410256410255,20.51282051282051,69.23076923076923,56.41025641025641,12.82051282051282
E00109314,124,31,7,24,93,80,13,25,5.64516129032258,19.35483870967742,75,64.51612903225806,10.483870967741936
E00109315,139,44,18,26,95,83,12,31.654676258992804,12.949640287769784,18.705035971223023,68.34532374100719,59.71223021582733,8.633093525179856
E00109316,136,43,13,30,93,78,15,31.61764705882353,9.558823529411764,22.058823529411764,68.38235294117648,57.35294117647059,11.029411764705882
E00109317,119,41,19,22,78,61,17,34.45378151260504,15.966386554621847,18.487394957983195,65.54621848739495,51.26050420168067,14.285714285714285
E00109318,151,54,23,31,97,81,16,35.76158940397351,15.2317880794702,20.52980132450331,64.23841059602648,53.64238410596026,10.596026490066226
E00109319,155,42,21,21,113,99,14,27.09677419354839,13.548387096774196,13.548387096774196,72.90322580645162,63.87096774193548,9.032258064516128
E00109320,134,42,14,28,92,77,15,31.343283582089555,10.44776119402985,20.8955223880597,68.65671641791045,57.46268656716418,11.194029850746269
E00109321,161,53,18,35,108,83,25,32.91925465838509,11.180124223602485,21.73913043478261,67.08074534161491,51.5527950310559,15.527950310559005
E00109322,151,55,18,37,96,84,12,36.423841059602644,11.920529801324504,24.503311258278146,63.576158940397356,55.62913907284768,7.9470198675496695
E00109323,109,33,12,21,76,65,11,30.275229357798167,11.009174311926607,19.26605504587156,69.72477064220183,59.63302752293578,10.091743119266056
E00109324,139,38,8,30,101,88,13,27.33812949640288,5.755395683453238,21.58273381294964,72.66187050359713,63.30935251798561,9.352517985611511
E00109325,163,54,18,36,109,85,24,33.12883435582822,11.042944785276074,22.085889570552148,66.87116564417178,52.14723926380368,14.723926380368098
E00109326,135,37,10,27,98,84,14,27.40740740740741,7.4074074074074066,20,72.5925925925926,62.22222222222222,10.37037037037037
E00109327,219,51,19,32,168,148,20,23.28767123287671,8.67579908675799,14.61187214611872,76.71232876712328,67.57990867579909,9.1324200913242
E00109328,144,46,19,27,98,79,19,31.944444444444443,13.194444444444445,18.75,68.05555555555556,54.861111111111114,13.194444444444445
E00109329,102,34,10,24,68,61,7,33.33333333333333,9.803921568627452,23.52941176470588,66.66666666666666,59.80392156862745,6.862745098039216
E00109330,144,47,18,29,97,78,19,32.63888888888889,12.5,20.13888888888889,67.36111111111111,54.166666666666664,13.194444444444445
E00109331,130,46,15,31,84,66,18,35.38461538461539,11.538461538461538,23.846153846153847,64.61538461538461,50.76923076923077,13.846153846153847
E00109332,148,39,12,27,109,96,13,26.351351351351347,8.108108108108109,18.243243243243242,73.64864864864865,64.86486486486487,8.783783783783784
E00109333,162,52,15,37,110,91,19,32.098765432098766,9.25925925925926,22.839506172839506,67.90123456790124,56.17283950617284,11.728395061728394
E00109334,120,35,12,23,85,64,21,29.166666666666668,10,19.166666666666668,70.83333333333334,53.333333333333336,17.5
E00109335,138,56,24,32,82,67,15,40.57971014492754,17.391304347826086,23.18840579710145,59.42028985507246,48.55072463768116,10.869565217391305
E00109336,147,48,18,30,99,86,13,32.6530612244898,12.244897959183673,20.408163265306122,67.3469387755102,58.50340136054422,8.843537414965986
E00109337,157,50,19,31,107,93,14,31.84713375796178,12.101910828025478,19.745222929936308,68.15286624203821,59.23566878980891,8.9171974522293
E00109338,116,33,14,19,83,72,11,28.448275862068968,12.068965517241379,16.379310344827587,71.55172413793103,62.06896551724138,9.482758620689655
E00109339,191,62,23,39,129,112,17,32.460732984293195,12.041884816753926,20.418848167539267,67.5392670157068,58.63874345549738,8.900523560209423
E00109340,136,41,11,30,95,80,15,30.14705882352941,8.088235294117647,22.058823529411764,69.85294117647058,58.82352941176471,11.029411764705882
E00109341,130,37,9,28,93,80,13,28.46153846153846,6.923076923076923,21.53846153846154,71.53846153846153,61.53846153846154,10
E00109342,138,43,16,27,95,79,16,31.15942028985507,11.594202898550725,19.565217391304348,68.84057971014492,57.2463768115942,11.594202898550725
E00109343,123,40,17,23,83,72,11,32.52032520325203,13.821138211382115,18.69918699186992,67.47967479674797,58.536585365853654,8.94308943089431
E00109344,153,47,16,31,106,86,20,30.718954248366014,10.457516339869281,20.26143790849673,69.28104575163398,56.209150326797385,13.071895424836603
E00109345,131,35,10,25,96,86,10,26.717557251908396,7.633587786259542,19.083969465648856,73.2824427480916,65.64885496183206,7.633587786259542
E00109346,141,45,13,32,96,77,19,31.914893617021278,9.219858156028367,22.69503546099291,68.08510638297872,54.60992907801418,13.47517730496454
E00109347,152,48,17,31,104,95,9,31.57894736842105,11.18421052631579,20.394736842105264,68.42105263157895,62.5,5.921052631578947
E00109348,179,58,20,38,121,105,16,32.402234636871505,11.1731843575419,21.22905027932961,67.59776536312849,58.659217877094974,8.938547486033519
E00109349,198,69,30,39,129,109,20,34.84848484848485,15.151515151515152,19.696969696969695,65.15151515151516,55.05050505050505,10.1010101010101
E00109350,188,64,29,35,124,103,21,34.04255319148936,15.425531914893616,18.617021276595743,65.95744680851064,54.78723404255319,11.170212765957446
E00109351,130,42,19,23,88,74,14,32.30769230769231,14.615384615384617,17.692307692307693,67.6923076923077,56.92307692307692,10.76923076923077
E00109352,158,62,27,35,96,78,18,39.24050632911392,17.088607594936708,22.151898734177212,60.75949367088608,49.36708860759494,11.39240506329114
E00109353,165,63,16,47,102,86,16,38.18181818181819,9.696969696969697,28.484848484848484,61.81818181818181,52.121212121212125,9.696969696969697
E00109354,150,42,16,26,108,91,17,28.000000000000004,10.666666666666668,17.333333333333336,72,60.66666666666667,11.333333333333332
E00109355,153,43,10,33,110,93,17,28.104575163398692,6.535947712418301,21.568627450980394,71.89542483660131,60.78431372549019,11.11111111111111
E00109356,162,46,21,25,116,99,17,28.39506172839506,12.962962962962962,15.432098765432098,71.60493827160494,61.111111111111114,10.493827160493826
E00109357,221,56,26,30,165,142,23,25.339366515837103,11.76470588235294,13.574660633484163,74.6606334841629,64.25339366515837,10.407239819004525
E00109358,151,52,19,33,99,84,15,34.437086092715234,12.582781456953644,21.85430463576159,65.56291390728477,55.62913907284768,9.933774834437086
E00109359,120,24,8,16,96,84,12,20,6.666666666666667,13.333333333333334,80,70,10
E00109360,150,44,19,25,106,90,16,29.333333333333332,12.666666666666668,16.666666666666664,70.66666666666667,60,10.666666666666668
E00109361,139,41,17,24,98,78,20,29.496402877697843,12.23021582733813,17.26618705035971,70.50359712230215,56.11510791366906,14.388489208633093
E00109362,143,51,18,33,92,74,18,35.66433566433567,12.587412587412588,23.076923076923077,64.33566433566433,51.74825174825175,12.587412587412588
E00109363,134,45,17,28,89,74,15,33.582089552238806,12.686567164179104,20.8955223880597,66.4179104477612,55.223880597014926,11.194029850746269
E00109364,139,53,23,30,86,69,17,38.1294964028777,16.546762589928058,21.58273381294964,61.87050359712231,49.64028776978417,12.23021582733813
E00109365,158,57,24,33,101,81,20,36.075949367088604,15.18987341772152,20.88607594936709,63.92405063291139,51.26582278481012,12.658227848101266
E00109366,151,60,25,35,91,77,14,39.735099337748345,16.55629139072848,23.178807947019866,60.264900662251655,50.993377483443716,9.271523178807946
E00109367,150,52,26,26,98,85,13,34.66666666666667,17.333333333333336,17.333333333333336,65.33333333333333,56.666666666666664,8.666666666666668
E00109368,134,40,10,30,94,79,15,29.850746268656714,7.462686567164178,22.388059701492537,70.1492537313433,58.95522388059702,11.194029850746269
E00109369,132,38,17,21,94,77,17,28.78787878787879,12.878787878787879,15.909090909090908,71.21212121212122,58.333333333333336,12.878787878787879
E00109370,126,39,20,19,87,64,23,30.952380952380953,15.873015873015872,15.079365079365079,69.04761904761905,50.79365079365079,18.253968253968253
E00109371,161,48,23,25,113,95,18,29.81366459627329,14.285714285714285,15.527950310559005,70.1863354037267,59.006211180124225,11.180124223602485
E00109372,116,31,12,19,85,62,23,26.72413793103448,10.344827586206897,16.379310344827587,73.27586206896551,53.44827586206896,19.82758620689655
E00109373,70,21,8,13,49,39,10,30,11.428571428571429,18.571428571428573,70,55.714285714285715,14.285714285714285
E00109374,115,36,15,21,79,59,20,31.30434782608696,13.043478260869565,18.26086956521739,68.69565217391305,51.30434782608696,17.391304347826086
E00109375,181,61,22,39,120,97,23,33.70165745856354,12.154696132596685,21.54696132596685,66.29834254143645,53.591160220994475,12.70718232044199
E00109376,127,42,25,17,85,65,20,33.07086614173229,19.68503937007874,13.385826771653544,66.92913385826772,51.181102362204726,15.748031496062993
E00109377,115,31,11,20,84,67,17,26.956521739130434,9.565217391304348,17.391304347826086,73.04347826086956,58.26086956521739,14.782608695652174
E00109378,136,45,21,24,91,76,15,33.088235294117645,15.441176470588236,17.647058823529413,66.91176470588235,55.88235294117647,11.029411764705882
E00109379,110,34,15,19,76,62,14,30.909090909090907,13.636363636363635,17.272727272727273,69.0909090909091,56.36363636363636,12.727272727272727
E00109380,143,49,19,30,94,80,14,34.26573426573427,13.286713286713287,20.97902097902098,65.73426573426573,55.94405594405595,9.79020979020979
E00109381,157,49,17,32,108,89,19,31.210191082802545,10.828025477707007,20.382165605095544,68.78980891719745,56.68789808917197,12.101910828025478
E00109382,134,55,17,38,79,67,12,41.04477611940299,12.686567164179104,28.35820895522388,58.95522388059702,50,8.955223880597014
E00109383,225,73,38,35,152,114,38,32.44444444444444,16.88888888888889,15.555555555555555,67.55555555555556,50.66666666666667,16.88888888888889
E00109384,127,34,8,26,93,80,13,26.77165354330709,6.299212598425196,20.47244094488189,73.22834645669292,62.99212598425197,10.236220472440944
E00109385,168,60,27,33,108,86,22,35.714285714285715,16.071428571428573,19.642857142857142,64.28571428571429,51.19047619047619,13.095238095238097
E00109386,177,53,15,38,124,98,26,29.943502824858758,8.47457627118644,21.468926553672315,70.05649717514125,55.367231638418076,14.689265536723164
E00109387,112,30,11,19,82,67,15,26.785714285714285,9.821428571428571,16.964285714285715,73.21428571428571,59.82142857142857,13.392857142857142
E00173999,19,10,5,5,9,9,0,52.63157894736842,26.31578947368421,26.31578947368421,47.368421052631575,47.368421052631575,0
E00174000,22,9,3,6,13,9,4,40.909090909090914,13.636363636363635,27.27272727272727,59.09090909090909,40.909090909090914,18.181818181818183
E00174001,13,2,1,1,11,8,3,15.384615384615385,7.6923076923076925,7.6923076923076925,84.61538461538461,61.53846153846154,23.076923076923077
E00174002,18,6,0,6,12,9,3,33.33333333333333,0,33.33333333333333,66.66666666666666,50,16.666666666666664
E00174003,12,4,3,1,8,6,2,33.33333333333333,25,8.333333333333332,66.66666666666666,50,16.666666666666664
E00174004,117,39,13,26,78,69,9,33.33333333333333,11.11111111111111,22.22222222222222,66.66666666666666,58.97435897435898,7.6923076923076925
E00174005,114,36,14,22,78,62,16,31.57894736842105,12.280701754385964,19.298245614035086,68.42105263157895,54.385964912280706,14.035087719298245
E00174006,69,18,7,11,51,37,14,26.08695652173913,10.144927536231885,15.942028985507244,73.91304347826086,53.62318840579711,20.28985507246377
E00174007,132,35,17,18,97,87,10,26.515151515151516,12.878787878787879,13.636363636363635,73.48484848484848,65.9090909090909,7.575757575757576
E00180461,186,48,19,29,138,117,21,25.806451612903224,10.21505376344086,15.591397849462366,74.19354838709677,62.903225806451616,11.29032258064516
E00180472,66,23,7,16,43,31,12,34.84848484848485,10.606060606060606,24.242424242424242,65.15151515151516,46.96969696969697,18.181818181818183
E00180479,98,29,12,17,69,59,10,29.591836734693878,12.244897959183673,17.346938775510203,70.40816326530613,60.204081632653065,10.204081632653061
E00180535,126,39,18,21,87,75,12,30.952380952380953,14.285714285714285,16.666666666666664,69.04761904761905,59.523809523809526,9.523809523809524
E00180554,217,51,17,34,166,137,29,23.502304147465438,7.834101382488479,15.668202764976957,76.49769585253456,63.133640552995395,13.36405529953917
