OA,ts0590001,ts0590002,ts0590003,ts0590004,ts0590005,ts0590006,ts0590007,ts0590002_PCT,ts0590003_PCT,ts0590004_PCT,ts0590005_PCT,ts0590006_PCT,ts0590007_PCT
E00114745,198,69,24,45,129,111,18,34.84848484848485,12.121212121212121,22.727272727272727,65.15151515151516,56.060606060606055,9.090909090909092
E00114746,136,42,15,27,94,77,17,30.88235294117647,11.029411764705882,19.852941176470587,69.11764705882352,56.61764705882353,12.5
E00114747,144,46,15,31,98,87,11,31.944444444444443,10.416666666666668,21.52777777777778,68.05555555555556,60.416666666666664,7.638888888888889
E00114748,139,46,13,33,93,85,8,33.093525179856115,9.352517985611511,23.741007194244602,66.90647482014388,61.15107913669065,5.755395683453238
E00114749,156,42,15,27,114,95,19,26.923076923076923,9.615384615384617,17.307692307692307,73.07692307692307,60.89743589743589,12.179487179487179
E00114750,117,46,15,31,71,61,10,39.31623931623932,12.82051282051282,26.495726495726498,60.68376068376068,52.13675213675214,8.547008547008547
E00114751,119,39,16,23,80,67,13,32.773109243697476,13.445378151260504,19.327731092436977,67.22689075630252,56.30252100840336,10.92436974789916
E00114752,166,27,12,15,139,117,22,16.265060240963855,7.228915662650602,9.036144578313253,83.73493975903614,70.48192771084338,13.253012048192772
E00114753,160,48,19,29,112,83,29,30,11.875,18.125,70,51.87500000000001,18.125
E00114754,132,36,13,23,96,85,11,27.27272727272727,9.848484848484848,17.424242424242426,72.72727272727273,64.39393939393939,8.333333333333332
E00114755,147,45,20,25,102,89,13,30.612244897959183,13.60544217687075,17.006802721088434,69.38775510204081,60.544217687074834,8.843537414965986
E00114756,137,37,15,22,100,85,15,27.00729927007299,10.948905109489052,16.05839416058394,72.99270072992701,62.04379562043796,10.948905109489052
E00114757,150,46,19,27,104,86,18,30.666666666666664,12.666666666666668,18,69.33333333333334,57.333333333333336,12
E00114758,174,33,16,17,141,121,20,18.96551724137931,9.195402298850574,9.770114942528735,81.03448275862068,69.54022988505747,11.494252873563218
E00114759,196,61,27,34,135,119,16,31.122448979591837,13.77551020408163,17.346938775510203,68.87755102040816,60.71428571428571,8.16326530612245
E00114760,121,37,18,19,84,59,25,30.57851239669421,14.87603305785124,15.702479338842975,69.42148760330579,48.760330578512395,20.66115702479339
E00114761,207,59,19,40,148,136,12,28.502415458937197,9.178743961352657,19.32367149758454,71.49758454106279,65.70048309178745,5.797101449275362
E00114762,127,30,8,22,97,85,12,23.62204724409449,6.299212598425196,17.322834645669293,76.37795275590551,66.92913385826772,9.448818897637794
E00114763,164,43,20,23,121,103,18,26.21951219512195,12.195121951219512,14.02439024390244,73.78048780487805,62.80487804878049,10.975609756097562
E00114764,281,68,31,37,213,189,24,24.199288256227756,11.032028469750891,13.167259786476867,75.80071174377224,67.25978647686833,8.540925266903916
E00114765,189,66,24,42,123,105,18,34.92063492063492,12.698412698412698,22.22222222222222,65.07936507936508,55.55555555555556,9.523809523809524
E00114766,156,48,11,37,108,93,15,30.76923076923077,7.051282051282051,23.717948717948715,69.23076923076923,59.61538461538461,9.615384615384617
E00114767,30,3,1,2,27,24,3,10,3.3333333333333335,6.666666666666667,90,80,10
E00114768,168,56,17,39,112,101,11,33.33333333333333,10.119047619047619,23.214285714285715,66.66666666666666,60.11904761904761,6.547619047619048
E00114769,144,41,18,23,103,93,10,28.47222222222222,12.5,15.972222222222221,71.52777777777779,64.58333333333334,6.944444444444445
E00114770,218,71,29,42,147,122,25,32.56880733944954,13.302752293577983,19.26605504587156,67.43119266055045,55.96330275229357,11.46788990825688
E00114771,132,27,15,12,105,92,13,20.454545454545457,11.363636363636363,9.090909090909092,79.54545454545455,69.6969696969697,9.848484848484848
E00114772,71,28,12,16,43,38,5,39.436619718309856,16.901408450704224,22.535211267605636,60.56338028169014,53.52112676056338,7.042253521126761
E00114773,103,24,10,14,79,60,19,23.300970873786408,9.70873786407767,13.592233009708737,76.69902912621359,58.252427184466015,18.446601941747574
E00114774,169,40,14,26,129,117,12,23.668639053254438,8.284023668639055,15.384615384615385,76.33136094674556,69.23076923076923,7.100591715976331
E00114776,156,55,27,28,101,90,11,35.256410256410255,17.307692307692307,17.94871794871795,64.74358974358975,57.692307692307686,7.051282051282051
E00114777,142,49,11,38,93,80,13,34.50704225352113,7.746478873239436,26.76056338028169,65.49295774647888,56.33802816901409,9.15492957746479
E00114778,152,37,13,24,115,95,20,24.342105263157894,8.552631578947368,15.789473684210526,75.6578947368421,62.5,13.157894736842104
E00114779,149,38,15,23,111,94,17,25.503355704697988,10.06711409395973,15.436241610738255,74.49664429530202,63.08724832214765,11.409395973154362
E00114780,185,61,15,46,124,105,19,32.972972972972975,8.108108108108109,24.864864864864867,67.02702702702703,56.75675675675676,10.27027027027027
E00114781,166,52,34,18,114,90,24,31.32530120481928,20.481927710843372,10.843373493975903,68.67469879518072,54.21686746987952,14.457831325301203
E00114783,169,55,18,37,114,100,14,32.544378698224854,10.650887573964498,21.893491124260358,67.45562130177515,59.171597633136095,8.284023668639055
E00114784,243,81,27,54,162,136,26,33.33333333333333,11.11111111111111,22.22222222222222,66.66666666666666,55.96707818930041,10.699588477366255
E00114785,125,43,20,23,82,66,16,34.4,16,18.4,65.60000000000001,52.800000000000004,12.8
E00114789,156,44,14,30,112,91,21,28.205128205128204,8.974358974358974,19.230769230769234,71.7948717948718,58.333333333333336,13.461538461538462
E00114790,65,17,1,16,48,43,5,26.153846153846157,1.5384615384615385,24.615384615384617,73.84615384615385,66.15384615384615,7.6923076923076925
E00114791,155,48,17,31,107,89,18,30.967741935483872,10.967741935483872,20,69.03225806451613,57.41935483870968,11.612903225806452
E00114792,157,21,6,15,136,112,24,13.375796178343949,3.821656050955414,9.554140127388536,86.62420382165605,71.3375796178344,15.286624203821656
E00114793,152,36,8,28,116,95,21,23.684210526315788,5.263157894736842,18.421052631578945,76.31578947368422,62.5,13.815789473684212
E00114794,150,37,10,27,113,98,15,24.666666666666668,6.666666666666667,18,75.33333333333333,65.33333333333333,10
E00114795,210,65,23,42,145,95,50,30.952380952380953,10.952380952380953,20,69.04761904761905,45.23809523809524,23.809523809523807
E00114796,174,55,21,34,119,100,19,31.60919540229885,12.068965517241379,19.54022988505747,68.39080459770115,57.47126436781609,10.919540229885058
E00114797,249,85,34,51,164,132,32,34.13654618473896,13.654618473895583,20.481927710843372,65.86345381526104,53.01204819277109,12.851405622489958
E00114798,183,63,25,38,120,91,29,34.42622950819672,13.661202185792352,20.76502732240437,65.57377049180327,49.72677595628415,15.846994535519126
E00114799,183,60,31,29,123,85,38,32.78688524590164,16.939890710382514,15.846994535519126,67.21311475409836,46.44808743169399,20.76502732240437
E00114800,221,68,27,41,153,111,42,30.76923076923077,12.217194570135746,18.552036199095024,69.23076923076923,50.2262443438914,19.004524886877828
E00114801,139,45,24,21,94,70,24,32.37410071942446,17.26618705035971,15.107913669064748,67.62589928057554,50.35971223021583,17.26618705035971
E00114802,181,60,27,33,121,92,29,33.14917127071823,14.917127071823206,18.23204419889503,66.85082872928176,50.82872928176796,16.022099447513813
E00114804,173,52,27,25,121,97,24,30.057803468208093,15.606936416184972,14.450867052023122,69.94219653179191,56.06936416184971,13.872832369942195
E00114805,231,63,19,44,168,142,26,27.27272727272727,8.225108225108226,19.047619047619047,72.72727272727273,61.471861471861466,11.255411255411255
E00114806,143,58,31,27,85,69,16,40.55944055944056,21.678321678321677,18.88111888111888,59.44055944055944,48.25174825174825,11.188811188811188
E00114807,169,48,24,24,121,82,39,28.402366863905325,14.201183431952662,14.201183431952662,71.59763313609467,48.5207100591716,23.076923076923077
E00114808,174,40,19,21,134,115,19,22.988505747126435,10.919540229885058,12.068965517241379,77.01149425287356,66.0919540229885,10.919540229885058
E00114809,175,65,25,40,110,88,22,37.142857142857146,14.285714285714285,22.857142857142858,62.857142857142854,50.28571428571429,12.571428571428573
E00114810,172,54,15,39,118,93,25,31.3953488372093,8.720930232558139,22.674418604651162,68.6046511627907,54.06976744186046,14.534883720930234
E00114811,172,53,15,38,119,96,23,30.813953488372093,8.720930232558139,22.093023255813954,69.18604651162791,55.81395348837209,13.372093023255813
E00114812,173,56,18,38,117,100,17,32.369942196531795,10.404624277456648,21.965317919075144,67.63005780346822,57.80346820809249,9.826589595375722
E00114813,315,86,31,55,229,181,48,27.3015873015873,9.841269841269842,17.46031746031746,72.6984126984127,57.460317460317455,15.238095238095239
E00114814,117,31,13,18,86,69,17,26.495726495726498,11.11111111111111,15.384615384615385,73.50427350427351,58.97435897435898,14.529914529914532
E00114815,152,62,23,39,90,79,11,40.78947368421053,15.131578947368421,25.657894736842106,59.210526315789465,51.973684210526315,7.236842105263158
E00114816,226,77,34,43,149,119,30,34.070796460176986,15.04424778761062,19.02654867256637,65.929203539823,52.654867256637175,13.274336283185843
E00114817,163,39,12,27,124,108,16,23.92638036809816,7.361963190184049,16.56441717791411,76.07361963190185,66.25766871165644,9.815950920245399
E00114818,119,39,9,30,80,68,12,32.773109243697476,7.563025210084033,25.210084033613445,67.22689075630252,57.14285714285714,10.084033613445378
E00114819,174,56,23,33,118,88,30,32.18390804597701,13.218390804597702,18.96551724137931,67.81609195402298,50.57471264367817,17.24137931034483
E00114820,185,64,23,41,121,98,23,34.5945945945946,12.432432432432433,22.162162162162165,65.4054054054054,52.972972972972975,12.432432432432433
E00114821,269,76,32,44,193,147,46,28.25278810408922,11.895910780669144,16.356877323420075,71.74721189591078,54.646840148698885,17.100371747211895
E00114822,138,48,22,26,90,63,27,34.78260869565217,15.942028985507244,18.84057971014493,65.21739130434783,45.65217391304348,19.565217391304348
E00114823,278,71,24,47,207,174,33,25.539568345323744,8.633093525179856,16.906474820143885,74.46043165467626,62.589928057553955,11.870503597122301
E00114824,155,47,14,33,108,93,15,30.32258064516129,9.032258064516128,21.29032258064516,69.6774193548387,60,9.67741935483871
E00114825,165,57,31,26,108,75,33,34.54545454545455,18.787878787878785,15.757575757575756,65.45454545454545,45.45454545454545,20
E00114826,172,50,26,24,122,89,33,29.069767441860467,15.11627906976744,13.953488372093023,70.93023255813954,51.74418604651163,19.186046511627907
E00114827,135,40,16,24,95,68,27,29.629629629629626,11.851851851851853,17.77777777777778,70.37037037037037,50.37037037037037,20
E00114828,132,44,9,35,88,74,14,33.33333333333333,6.8181818181818175,26.515151515151516,66.66666666666666,56.060606060606055,10.606060606060606
E00114830,148,46,12,34,102,86,16,31.08108108108108,8.108108108108109,22.972972972972975,68.91891891891892,58.108108108108105,10.81081081081081
E00114831,88,31,9,22,57,50,7,35.22727272727273,10.227272727272728,25,64.77272727272727,56.81818181818182,7.954545454545454
E00114832,119,38,16,22,81,76,5,31.932773109243694,13.445378151260504,18.487394957983195,68.0672268907563,63.86554621848739,4.201680672268908
E00114833,122,47,24,23,75,61,14,38.52459016393443,19.672131147540984,18.852459016393443,61.47540983606557,50,11.475409836065573
E00114834,139,51,18,33,88,71,17,36.69064748201439,12.949640287769784,23.741007194244602,63.30935251798561,51.07913669064749,12.23021582733813
E00114835,107,26,8,18,81,63,18,24.299065420560748,7.476635514018691,16.822429906542055,75.70093457943925,58.87850467289719,16.822429906542055
E00114837,200,64,30,34,136,107,29,32,15,17,68,53.5,14.499999999999998
E00114838,124,45,17,28,79,65,14,36.29032258064516,13.709677419354838,22.58064516129032,63.70967741935484,52.41935483870967,11.29032258064516
E00114839,211,81,26,55,130,114,16,38.388625592417064,12.322274881516588,26.066350710900476,61.61137440758294,54.02843601895735,7.5829383886255926
E00114840,152,54,19,35,98,82,16,35.526315789473685,12.5,23.026315789473685,64.47368421052632,53.94736842105263,10.526315789473683
E00114841,173,57,24,33,116,95,21,32.947976878612714,13.872832369942195,19.07514450867052,67.05202312138728,54.91329479768786,12.138728323699421
E00114842,107,26,3,23,81,70,11,24.299065420560748,2.803738317757009,21.49532710280374,75.70093457943925,65.42056074766354,10.2803738317757
E00114843,62,23,12,11,39,21,18,37.096774193548384,19.35483870967742,17.741935483870968,62.903225806451616,33.87096774193548,29.03225806451613
E00114844,108,30,13,17,78,51,27,27.77777777777778,12.037037037037036,15.74074074074074,72.22222222222221,47.22222222222222,25
E00114845,261,80,37,43,181,126,55,30.65134099616858,14.17624521072797,16.47509578544061,69.34865900383141,48.275862068965516,21.0727969348659
E00114846,274,81,43,38,193,154,39,29.56204379562044,15.693430656934307,13.86861313868613,70.43795620437956,56.20437956204379,14.233576642335766
E00114847,154,45,20,25,109,80,29,29.22077922077922,12.987012987012985,16.233766233766232,70.77922077922078,51.94805194805194,18.83116883116883
E00114848,174,52,23,29,122,89,33,29.88505747126437,13.218390804597702,16.666666666666664,70.11494252873564,51.14942528735632,18.96551724137931
E00114849,136,44,21,23,92,61,31,32.35294117647059,15.441176470588236,16.911764705882355,67.64705882352942,44.85294117647059,22.794117647058822
E00114850,64,21,9,12,43,36,7,32.8125,14.0625,18.75,67.1875,56.25,10.9375
E00114851,168,54,28,26,114,87,27,32.142857142857146,16.666666666666664,15.476190476190476,67.85714285714286,51.78571428571429,16.071428571428573
E00114852,61,23,13,10,38,25,13,37.704918032786885,21.311475409836063,16.39344262295082,62.295081967213115,40.98360655737705,21.311475409836063
E00114853,145,46,20,26,99,65,34,31.724137931034484,13.793103448275861,17.93103448275862,68.27586206896552,44.827586206896555,23.448275862068964
E00114854,238,80,37,43,158,116,42,33.61344537815126,15.546218487394958,18.067226890756302,66.38655462184873,48.739495798319325,17.647058823529413
E00114855,192,73,26,47,119,92,27,38.02083333333333,13.541666666666666,24.479166666666664,61.979166666666664,47.91666666666667,14.0625
E00114856,211,73,30,43,138,97,41,34.59715639810427,14.218009478672986,20.379146919431278,65.40284360189574,45.97156398104265,19.431279620853083
E00114857,185,55,26,29,130,88,42,29.72972972972973,14.054054054054054,15.675675675675677,70.27027027027027,47.56756756756757,22.702702702702705
E00114858,149,56,32,24,93,68,25,37.58389261744966,21.476510067114095,16.10738255033557,62.41610738255034,45.63758389261745,16.778523489932887
E00114859,168,62,23,39,106,81,25,36.904761904761905,13.690476190476192,23.214285714285715,63.095238095238095,48.214285714285715,14.880952380952381
E00114861,169,52,17,35,117,86,31,30.76923076923077,10.059171597633137,20.710059171597635,69.23076923076923,50.887573964497044,18.34319526627219
E00114862,195,67,28,39,128,101,27,34.35897435897436,14.358974358974358,20,65.64102564102564,51.7948717948718,13.846153846153847
E00114863,135,46,21,25,89,73,16,34.074074074074076,15.555555555555555,18.51851851851852,65.92592592592592,54.074074074074076,11.851851851851853
E00114864,139,53,21,32,86,72,14,38.1294964028777,15.107913669064748,23.021582733812952,61.87050359712231,51.798561151079134,10.071942446043165
E00114865,164,50,22,28,114,94,20,30.48780487804878,13.414634146341465,17.073170731707318,69.51219512195121,57.3170731707317,12.195121951219512
E00114866,167,55,20,35,112,82,30,32.93413173652694,11.976047904191617,20.958083832335326,67.06586826347305,49.101796407185624,17.964071856287426
E00114867,136,34,6,28,102,80,22,25,4.411764705882353,20.588235294117645,75,58.82352941176471,16.176470588235293
E00114869,154,50,23,27,104,80,24,32.467532467532465,14.935064935064934,17.532467532467532,67.53246753246754,51.94805194805194,15.584415584415584
E00114870,140,60,23,37,80,66,14,42.857142857142854,16.428571428571427,26.42857142857143,57.14285714285714,47.14285714285714,10
E00114871,144,56,26,30,88,62,26,38.88888888888889,18.055555555555554,20.833333333333336,61.111111111111114,43.05555555555556,18.055555555555554
E00114872,87,25,7,18,62,43,19,28.735632183908045,8.045977011494253,20.689655172413794,71.26436781609196,49.42528735632184,21.839080459770116
E00114875,184,62,24,38,122,87,35,33.69565217391305,13.043478260869565,20.652173913043477,66.30434782608695,47.28260869565217,19.021739130434785
E00114876,126,48,24,24,78,57,21,38.095238095238095,19.047619047619047,19.047619047619047,61.904761904761905,45.23809523809524,16.666666666666664
E00114877,68,18,9,9,50,33,17,26.47058823529412,13.23529411764706,13.23529411764706,73.52941176470588,48.529411764705884,25
E00114878,157,49,16,33,108,75,33,31.210191082802545,10.191082802547772,21.019108280254777,68.78980891719745,47.77070063694268,21.019108280254777
E00114879,135,50,15,35,85,71,14,37.03703703703704,11.11111111111111,25.925925925925924,62.96296296296296,52.59259259259259,10.37037037037037
E00114880,182,60,23,37,122,90,32,32.967032967032964,12.637362637362637,20.32967032967033,67.03296703296702,49.45054945054945,17.582417582417584
E00114881,133,33,18,15,100,46,54,24.81203007518797,13.533834586466165,11.278195488721805,75.18796992481202,34.58646616541353,40.6015037593985
E00114882,128,43,14,29,85,57,28,33.59375,10.9375,22.65625,66.40625,44.53125,21.875
E00114883,222,89,38,51,133,94,39,40.090090090090094,17.117117117117118,22.972972972972975,59.909909909909906,42.34234234234234,17.56756756756757
E00114884,66,27,12,15,39,29,10,40.909090909090914,18.181818181818183,22.727272727272727,59.09090909090909,43.93939393939394,15.151515151515152
E00114885,235,65,25,40,170,129,41,27.659574468085108,10.638297872340425,17.02127659574468,72.3404255319149,54.8936170212766,17.4468085106383
E00114887,131,36,6,30,95,82,13,27.480916030534353,4.580152671755725,22.900763358778626,72.51908396946564,62.59541984732825,9.923664122137405
E00114888,120,36,14,22,84,62,22,30,11.666666666666666,18.333333333333332,70,51.66666666666667,18.333333333333332
E00114889,157,56,21,35,101,87,14,35.6687898089172,13.375796178343949,22.29299363057325,64.3312101910828,55.4140127388535,8.9171974522293
E00114890,162,38,10,28,124,100,24,23.456790123456788,6.172839506172839,17.28395061728395,76.5432098765432,61.72839506172839,14.814814814814813
E00114891,113,37,17,20,76,67,9,32.743362831858406,15.04424778761062,17.699115044247787,67.2566371681416,59.29203539823009,7.964601769911504
E00114892,140,35,9,26,105,91,14,25,6.428571428571428,18.571428571428573,75,65,10
E00114893,137,37,16,21,100,69,31,27.00729927007299,11.678832116788321,15.328467153284672,72.99270072992701,50.36496350364964,22.62773722627737
E00114894,131,37,13,24,94,63,31,28.24427480916031,9.923664122137405,18.3206106870229,71.7557251908397,48.091603053435115,23.66412213740458
E00114895,114,33,17,16,81,62,19,28.947368421052634,14.912280701754385,14.035087719298245,71.05263157894737,54.385964912280706,16.666666666666664
E00114896,161,55,19,36,106,79,27,34.161490683229815,11.801242236024844,22.36024844720497,65.83850931677019,49.06832298136646,16.77018633540373
E00114897,188,59,24,35,129,104,25,31.382978723404253,12.76595744680851,18.617021276595743,68.61702127659575,55.319148936170215,13.297872340425531
E00114898,133,53,23,30,80,66,14,39.849624060150376,17.293233082706767,22.55639097744361,60.150375939849624,49.62406015037594,10.526315789473683
E00114899,171,61,23,38,110,92,18,35.67251461988304,13.450292397660817,22.22222222222222,64.32748538011695,53.80116959064327,10.526315789473683
E00114900,136,42,24,18,94,64,30,30.88235294117647,17.647058823529413,13.23529411764706,69.11764705882352,47.05882352941176,22.058823529411764
E00114901,148,46,16,30,102,77,25,31.08108108108108,10.81081081081081,20.27027027027027,68.91891891891892,52.02702702702703,16.89189189189189
E00114902,142,44,19,25,98,72,26,30.985915492957744,13.380281690140844,17.6056338028169,69.01408450704226,50.70422535211267,18.30985915492958
E00114903,85,26,14,12,59,41,18,30.58823529411765,16.470588235294116,14.117647058823529,69.41176470588235,48.23529411764706,21.176470588235293
E00114904,227,77,41,36,150,107,43,33.92070484581498,18.06167400881057,15.859030837004406,66.07929515418502,47.136563876651984,18.94273127753304
E00114905,119,39,12,27,80,66,14,32.773109243697476,10.084033613445378,22.689075630252102,67.22689075630252,55.46218487394958,11.76470588235294
E00114906,164,50,25,25,114,89,25,30.48780487804878,15.24390243902439,15.24390243902439,69.51219512195121,54.268292682926834,15.24390243902439
E00114907,138,43,13,30,95,84,11,31.15942028985507,9.420289855072465,21.73913043478261,68.84057971014492,60.86956521739131,7.971014492753622
E00114908,136,37,21,16,99,75,24,27.205882352941174,15.441176470588236,11.76470588235294,72.79411764705883,55.14705882352941,17.647058823529413
E00114909,104,40,15,25,64,57,7,38.46153846153847,14.423076923076922,24.03846153846154,61.53846153846154,54.807692307692314,6.730769230769231
E00114910,155,62,32,30,93,69,24,40,20.64516129032258,19.35483870967742,60,44.516129032258064,15.483870967741936
E00114911,152,47,17,30,105,77,28,30.92105263157895,11.18421052631579,19.736842105263158,69.07894736842105,50.6578947368421,18.421052631578945
E00114912,112,32,10,22,80,60,20,28.57142857142857,8.928571428571429,19.642857142857142,71.42857142857143,53.57142857142857,17.857142857142858
E00114914,243,70,25,45,173,131,42,28.80658436213992,10.2880658436214,18.51851851851852,71.19341563786008,53.90946502057613,17.28395061728395
E00114915,213,57,14,43,156,119,37,26.76056338028169,6.572769953051644,20.187793427230048,73.23943661971832,55.86854460093896,17.370892018779344
E00114916,139,37,12,25,102,78,24,26.618705035971225,8.633093525179856,17.985611510791365,73.38129496402878,56.11510791366906,17.26618705035971
E00114917,237,57,27,30,180,133,47,24.050632911392405,11.39240506329114,12.658227848101266,75.9493670886076,56.118143459915615,19.831223628691983
E00114918,135,48,17,31,87,70,17,35.55555555555556,12.592592592592592,22.962962962962962,64.44444444444444,51.85185185185185,12.592592592592592
E00114919,84,26,12,14,58,40,18,30.952380952380953,14.285714285714285,16.666666666666664,69.04761904761905,47.61904761904761,21.428571428571427
E00114920,223,77,38,39,146,104,42,34.52914798206278,17.040358744394617,17.48878923766816,65.47085201793722,46.63677130044843,18.83408071748879
E00114921,108,33,18,15,75,53,22,30.555555555555557,16.666666666666664,13.88888888888889,69.44444444444444,49.074074074074076,20.37037037037037
E00114922,157,52,16,36,105,83,22,33.12101910828025,10.191082802547772,22.929936305732486,66.87898089171973,52.86624203821656,14.012738853503185
E00114923,221,79,25,54,142,114,28,35.74660633484163,11.312217194570136,24.43438914027149,64.25339366515837,51.58371040723983,12.669683257918551
E00114924,137,32,16,16,105,93,12,23.357664233576642,11.678832116788321,11.678832116788321,76.64233576642336,67.88321167883211,8.75912408759124
E00114925,134,34,12,22,100,82,18,25.37313432835821,8.955223880597014,16.417910447761194,74.6268656716418,61.19402985074627,13.432835820895523
E00114926,183,42,13,29,141,106,35,22.950819672131146,7.103825136612022,15.846994535519126,77.04918032786885,57.92349726775956,19.12568306010929
E00114927,162,47,22,25,115,91,24,29.01234567901235,13.580246913580247,15.432098765432098,70.98765432098766,56.17283950617284,14.814814814814813
E00114928,147,36,14,22,111,95,16,24.489795918367346,9.523809523809524,14.965986394557824,75.51020408163265,64.62585034013605,10.884353741496598
E00114929,148,47,12,35,101,90,11,31.756756756756754,8.108108108108109,23.64864864864865,68.24324324324324,60.810810810810814,7.4324324324324325
E00114930,198,61,24,37,137,115,22,30.808080808080806,12.121212121212121,18.68686868686869,69.1919191919192,58.080808080808076,11.11111111111111
E00114931,179,61,21,40,118,108,10,34.07821229050279,11.731843575418994,22.3463687150838,65.92178770949721,60.33519553072626,5.58659217877095
E00114932,166,53,20,33,113,99,14,31.92771084337349,12.048192771084338,19.879518072289155,68.07228915662651,59.63855421686747,8.433734939759036
E00114933,178,58,25,33,120,95,25,32.58426966292135,14.04494382022472,18.53932584269663,67.41573033707866,53.37078651685393,14.04494382022472
E00114934,177,51,19,32,126,97,29,28.8135593220339,10.734463276836157,18.07909604519774,71.1864406779661,54.80225988700565,16.38418079096045
E00114935,133,45,13,32,88,74,14,33.83458646616541,9.774436090225564,24.06015037593985,66.16541353383458,55.639097744360896,10.526315789473683
E00114936,123,40,15,25,83,73,10,32.52032520325203,12.195121951219512,20.32520325203252,67.47967479674797,59.34959349593496,8.130081300813007
E00114937,177,60,27,33,117,90,27,33.89830508474576,15.254237288135593,18.64406779661017,66.10169491525424,50.847457627118644,15.254237288135593
E00114938,105,33,15,18,72,57,15,31.428571428571427,14.285714285714285,17.142857142857142,68.57142857142857,54.285714285714285,14.285714285714285
E00114941,184,43,14,29,141,110,31,23.369565217391305,7.608695652173914,15.760869565217392,76.63043478260869,59.78260869565217,16.847826086956523
E00114943,242,78,33,45,164,133,31,32.231404958677686,13.636363636363635,18.59504132231405,67.76859504132231,54.958677685950406,12.8099173553719
E00114944,118,36,10,26,82,72,10,30.508474576271187,8.47457627118644,22.033898305084744,69.49152542372882,61.016949152542374,8.47457627118644
E00114945,70,22,8,14,48,42,6,31.428571428571427,11.428571428571429,20,68.57142857142857,60,8.571428571428571
E00114946,150,43,16,27,107,90,17,28.666666666666668,10.666666666666668,18,71.33333333333334,60,11.333333333333332
E00114947,153,48,22,26,105,88,17,31.372549019607842,14.37908496732026,16.99346405228758,68.62745098039215,57.51633986928104,11.11111111111111
E00114949,136,39,17,22,97,84,13,28.676470588235293,12.5,16.176470588235293,71.32352941176471,61.76470588235294,9.558823529411764
E00114950,160,51,13,38,109,97,12,31.874999999999996,8.125,23.75,68.125,60.62499999999999,7.5
E00114951,177,43,22,21,134,109,25,24.293785310734464,12.429378531073446,11.864406779661017,75.70621468926554,61.5819209039548,14.124293785310735
E00114952,213,66,21,45,147,123,24,30.985915492957744,9.859154929577464,21.12676056338028,69.01408450704226,57.74647887323944,11.267605633802818
E00114953,179,55,18,37,124,100,24,30.726256983240223,10.05586592178771,20.670391061452513,69.27374301675978,55.865921787709496,13.40782122905028
E00114954,161,51,17,34,110,98,12,31.67701863354037,10.559006211180124,21.11801242236025,68.32298136645963,60.86956521739131,7.453416149068323
E00114955,176,57,22,35,119,101,18,32.38636363636363,12.5,19.886363636363637,67.61363636363636,57.38636363636363,10.227272727272728
E00114956,136,47,22,25,89,74,15,34.55882352941176,16.176470588235293,18.38235294117647,65.44117647058823,54.41176470588235,11.029411764705882
E00114957,174,68,20,48,106,92,14,39.08045977011494,11.494252873563218,27.586206896551722,60.91954022988506,52.87356321839081,8.045977011494253
E00114958,198,62,25,37,136,116,20,31.313131313131315,12.626262626262626,18.68686868686869,68.68686868686868,58.58585858585859,10.1010101010101
E00114959,115,38,13,25,77,65,12,33.04347826086956,11.304347826086957,21.73913043478261,66.95652173913044,56.52173913043478,10.434782608695652
E00114960,105,42,15,27,63,56,7,40,14.285714285714285,25.71428571428571,60,53.333333333333336,6.666666666666667
E00114961,121,38,14,24,83,70,13,31.40495867768595,11.570247933884298,19.834710743801654,68.59504132231406,57.85123966942148,10.743801652892563
E00114962,167,56,21,35,111,91,20,33.532934131736525,12.574850299401197,20.958083832335326,66.46706586826348,54.49101796407185,11.976047904191617
E00114963,173,51,18,33,122,102,20,29.47976878612717,10.404624277456648,19.07514450867052,70.52023121387283,58.95953757225434,11.560693641618498
E00114964,211,71,25,46,140,120,20,33.649289099526065,11.848341232227488,21.80094786729858,66.35071090047393,56.872037914691944,9.47867298578199
E00114966,171,59,24,35,112,100,12,34.50292397660819,14.035087719298245,20.46783625730994,65.49707602339181,58.47953216374269,7.017543859649122
E00114967,140,33,11,22,107,96,11,23.57142857142857,7.857142857142857,15.714285714285714,76.42857142857142,68.57142857142857,7.857142857142857
E00114968,156,54,15,39,102,85,17,34.61538461538461,9.615384615384617,25,65.38461538461539,54.48717948717948,10.897435897435898
E00114969,101,28,13,15,73,53,20,27.722772277227726,12.871287128712872,14.85148514851485,72.27722772277228,52.475247524752476,19.801980198019802
E00114970,139,50,24,26,89,76,13,35.97122302158273,17.26618705035971,18.705035971223023,64.02877697841727,54.67625899280576,9.352517985611511
E00114971,53,21,7,14,32,23,9,39.62264150943396,13.20754716981132,26.41509433962264,60.37735849056604,43.39622641509434,16.9811320754717
E00114972,174,48,16,32,126,90,36,27.586206896551722,9.195402298850574,18.39080459770115,72.41379310344827,51.724137931034484,20.689655172413794
E00114973,143,42,19,23,101,72,29,29.37062937062937,13.286713286713287,16.083916083916083,70.62937062937063,50.349650349650354,20.27972027972028
E00114974,149,48,17,31,101,79,22,32.21476510067114,11.409395973154362,20.80536912751678,67.78523489932886,53.02013422818792,14.76510067114094
E00114975,211,53,17,36,158,129,29,25.118483412322274,8.056872037914692,17.061611374407583,74.88151658767772,61.137440758293835,13.744075829383887
E00114976,126,35,11,24,91,81,10,27.77777777777778,8.73015873015873,19.047619047619047,72.22222222222221,64.28571428571429,7.936507936507936
E00114977,136,25,11,14,111,95,16,18.38235294117647,8.088235294117647,10.294117647058822,81.61764705882352,69.85294117647058,11.76470588235294
E00114978,111,38,15,23,73,58,15,34.234234234234236,13.513513513513514,20.72072072072072,65.76576576576578,52.25225225225225,13.513513513513514
E00114979,155,45,12,33,110,92,18,29.03225806451613,7.741935483870968,21.29032258064516,70.96774193548387,59.354838709677416,11.612903225806452
E00114980,157,51,22,29,106,76,30,32.48407643312102,14.012738853503185,18.471337579617835,67.51592356687898,48.40764331210191,19.10828025477707
E00114981,170,56,17,39,114,97,17,32.94117647058823,10,22.941176470588236,67.05882352941175,57.05882352941176,10
E00114982,98,38,10,28,60,50,10,38.775510204081634,10.204081632653061,28.57142857142857,61.224489795918366,51.02040816326531,10.204081632653061
E00114983,147,55,10,45,92,87,5,37.41496598639456,6.802721088435375,30.612244897959183,62.585034013605444,59.183673469387756,3.4013605442176873
E00114984,162,45,17,28,117,99,18,27.77777777777778,10.493827160493826,17.28395061728395,72.22222222222221,61.111111111111114,11.11111111111111
E00114985,140,43,15,28,97,60,37,30.714285714285715,10.714285714285714,20,69.28571428571428,42.857142857142854,26.42857142857143
E00114986,126,51,26,25,75,46,29,40.476190476190474,20.634920634920633,19.841269841269842,59.523809523809526,36.507936507936506,23.015873015873016
E00114987,157,45,13,32,112,95,17,28.662420382165603,8.280254777070063,20.382165605095544,71.3375796178344,60.509554140127385,10.828025477707007
E00114988,140,33,15,18,107,92,15,23.57142857142857,10.714285714285714,12.857142857142856,76.42857142857142,65.71428571428571,10.714285714285714
E00114989,129,36,14,22,93,83,10,27.906976744186046,10.852713178294573,17.05426356589147,72.09302325581395,64.34108527131784,7.751937984496124
E00114990,141,46,18,28,95,83,12,32.62411347517731,12.76595744680851,19.858156028368796,67.37588652482269,58.86524822695035,8.51063829787234
E00114991,152,49,17,32,103,84,19,32.23684210526316,11.18421052631579,21.052631578947366,67.76315789473685,55.26315789473685,12.5
E00114992,184,62,25,37,122,102,20,33.69565217391305,13.586956521739129,20.108695652173914,66.30434782608695,55.434782608695656,10.869565217391305
E00114993,165,46,21,25,119,89,30,27.878787878787882,12.727272727272727,15.151515151515152,72.12121212121212,53.939393939393945,18.181818181818183
E00114994,133,41,19,22,92,65,27,30.82706766917293,14.285714285714285,16.541353383458645,69.17293233082707,48.87218045112782,20.30075187969925
E00114996,222,74,33,41,148,129,19,33.33333333333333,14.864864864864865,18.46846846846847,66.66666666666666,58.108108108108105,8.558558558558559
E00114997,270,95,37,58,175,146,29,35.18518518518518,13.703703703703704,21.48148148148148,64.81481481481481,54.074074074074076,10.74074074074074
E00114998,175,69,24,45,106,92,14,39.42857142857143,13.714285714285715,25.71428571428571,60.57142857142858,52.57142857142857,8
E00115000,153,50,18,32,103,91,12,32.6797385620915,11.76470588235294,20.915032679738562,67.3202614379085,59.47712418300654,7.8431372549019605
E00115001,61,28,8,20,33,24,9,45.90163934426229,13.114754098360656,32.78688524590164,54.09836065573771,39.34426229508197,14.754098360655737
E00115002,52,16,4,12,36,30,6,30.76923076923077,7.6923076923076925,23.076923076923077,69.23076923076923,57.692307692307686,11.538461538461538
E00115003,176,58,17,41,118,103,15,32.95454545454545,9.659090909090908,23.295454545454543,67.04545454545455,58.52272727272727,8.522727272727272
E00115004,161,46,13,33,115,97,18,28.57142857142857,8.074534161490684,20.496894409937887,71.42857142857143,60.24844720496895,11.180124223602485
E00115005,176,71,26,45,105,91,14,40.340909090909086,14.772727272727273,25.568181818181817,59.65909090909091,51.70454545454546,7.954545454545454
E00115006,119,37,14,23,82,63,19,31.092436974789916,11.76470588235294,19.327731092436977,68.90756302521008,52.94117647058824,15.966386554621847
E00115007,160,61,23,38,99,91,8,38.125,14.374999999999998,23.75,61.875,56.875,5
E00115008,168,56,19,37,112,76,36,33.33333333333333,11.30952380952381,22.023809523809522,66.66666666666666,45.23809523809524,21.428571428571427
E00115009,135,41,13,28,94,79,15,30.37037037037037,9.62962962962963,20.74074074074074,69.62962962962963,58.51851851851851,11.11111111111111
E00115010,141,50,27,23,91,75,16,35.46099290780142,19.148936170212767,16.312056737588655,64.53900709219859,53.191489361702125,11.347517730496454
E00115011,136,39,14,25,97,80,17,28.676470588235293,10.294117647058822,18.38235294117647,71.32352941176471,58.82352941176471,12.5
E00115012,135,45,17,28,90,80,10,33.33333333333333,12.592592592592592,20.74074074074074,66.66666666666666,59.25925925925925,7.4074074074074066
E00115013,148,66,38,28,82,64,18,44.5945945945946,25.675675675675674,18.91891891891892,55.4054054054054,43.24324324324324,12.162162162162163
E00115014,119,41,20,21,78,64,14,34.45378151260504,16.80672268907563,17.647058823529413,65.54621848739495,53.78151260504202,11.76470588235294
E00115015,150,53,21,32,97,74,23,35.333333333333336,14.000000000000002,21.333333333333336,64.66666666666666,49.333333333333336,15.333333333333332
E00115016,145,53,20,33,92,84,8,36.55172413793103,13.793103448275861,22.758620689655174,63.44827586206897,57.931034482758626,5.517241379310345
E00115017,144,41,18,23,103,73,30,28.47222222222222,12.5,15.972222222222221,71.52777777777779,50.69444444444444,20.833333333333336
E00115018,150,46,18,28,104,87,17,30.666666666666664,12,18.666666666666668,69.33333333333334,57.99999999999999,11.333333333333332
E00115019,173,69,32,37,104,82,22,39.884393063583815,18.497109826589593,21.38728323699422,60.115606936416185,47.398843930635834,12.716763005780345
E00115021,137,45,18,27,92,76,16,32.846715328467155,13.138686131386862,19.708029197080293,67.15328467153284,55.47445255474452,11.678832116788321
E00115022,140,58,17,41,82,67,15,41.42857142857143,12.142857142857142,29.28571428571429,58.57142857142858,47.85714285714286,10.714285714285714
E00115023,108,33,13,20,75,62,13,30.555555555555557,12.037037037037036,18.51851851851852,69.44444444444444,57.407407407407405,12.037037037037036
E00115024,98,25,10,15,73,55,18,25.510204081632654,10.204081632653061,15.306122448979592,74.48979591836735,56.12244897959183,18.367346938775512
E00115025,155,53,27,26,102,86,16,34.193548387096776,17.419354838709676,16.7741935483871,65.80645161290323,55.483870967741936,10.32258064516129
E00115026,134,29,10,19,105,84,21,21.641791044776117,7.462686567164178,14.17910447761194,78.35820895522389,62.68656716417911,15.671641791044777
E00115027,114,34,12,22,80,68,12,29.82456140350877,10.526315789473683,19.298245614035086,70.17543859649122,59.64912280701754,10.526315789473683
E00115028,112,34,11,23,78,53,25,30.357142857142854,9.821428571428571,20.535714285714285,69.64285714285714,47.32142857142857,22.321428571428573
E00115029,116,17,10,7,99,81,18,14.655172413793101,8.620689655172415,6.0344827586206895,85.34482758620689,69.82758620689656,15.517241379310345
E00115030,210,50,17,33,160,139,21,23.809523809523807,8.095238095238095,15.714285714285714,76.19047619047619,66.19047619047619,10
E00115031,73,19,7,12,54,45,9,26.027397260273972,9.58904109589041,16.43835616438356,73.97260273972603,61.64383561643836,12.32876712328767
E00115032,108,25,8,17,83,70,13,23.14814814814815,7.4074074074074066,15.74074074074074,76.85185185185185,64.81481481481481,12.037037037037036
E00115033,90,27,13,14,63,42,21,30,14.444444444444443,15.555555555555555,70,46.666666666666664,23.333333333333332
E00115034,101,41,18,23,60,39,21,40.5940594059406,17.82178217821782,22.772277227722775,59.4059405940594,38.613861386138616,20.792079207920793
E00115035,87,36,10,26,51,46,5,41.37931034482759,11.494252873563218,29.88505747126437,58.620689655172406,52.87356321839081,5.747126436781609
E00115036,159,55,29,26,104,78,26,34.59119496855346,18.238993710691823,16.352201257861633,65.40880503144653,49.056603773584904,16.352201257861633
E00115037,190,59,31,28,131,100,31,31.05263157894737,16.315789473684212,14.736842105263156,68.94736842105263,52.63157894736842,16.315789473684212
E00115038,189,77,43,34,112,79,33,40.74074074074074,22.75132275132275,17.989417989417987,59.25925925925925,41.7989417989418,17.46031746031746
E00115039,197,67,25,42,130,100,30,34.01015228426396,12.690355329949238,21.31979695431472,65.98984771573603,50.76142131979695,15.228426395939088
E00115040,98,35,18,17,63,46,17,35.714285714285715,18.367346938775512,17.346938775510203,64.28571428571429,46.93877551020408,17.346938775510203
E00115041,125,45,15,30,80,72,8,36,12,24,64,57.599999999999994,6.4
E00115042,273,69,26,43,204,168,36,25.274725274725274,9.523809523809524,15.75091575091575,74.72527472527473,61.53846153846154,13.186813186813188
E00115043,126,42,11,31,84,61,23,33.33333333333333,8.73015873015873,24.6031746031746,66.66666666666666,48.41269841269841,18.253968253968253
E00115044,101,43,26,17,58,43,15,42.57425742574257,25.742574257425744,16.831683168316832,57.42574257425742,42.57425742574257,14.85148514851485
E00115045,97,36,15,21,61,45,16,37.11340206185567,15.463917525773196,21.649484536082475,62.88659793814433,46.391752577319586,16.49484536082474
E00115046,114,38,19,19,76,62,14,33.33333333333333,16.666666666666664,16.666666666666664,66.66666666666666,54.385964912280706,12.280701754385964
E00115047,197,53,22,31,144,106,38,26.903553299492383,11.16751269035533,15.736040609137056,73.09644670050761,53.80710659898477,19.289340101522843
E00115048,180,76,49,27,104,88,16,42.22222222222222,27.22222222222222,15,57.77777777777777,48.888888888888886,8.88888888888889
E00115049,191,57,17,40,134,107,27,29.84293193717277,8.900523560209423,20.94240837696335,70.15706806282722,56.02094240837696,14.136125654450263
E00115050,147,44,21,23,103,71,32,29.931972789115648,14.285714285714285,15.646258503401361,70.06802721088435,48.29931972789115,21.768707482993197
E00115051,168,53,22,31,115,92,23,31.547619047619047,13.095238095238097,18.452380952380953,68.45238095238095,54.761904761904766,13.690476190476192
E00115052,167,50,26,24,117,82,35,29.94011976047904,15.568862275449103,14.37125748502994,70.05988023952095,49.101796407185624,20.958083832335326
E00115053,138,42,17,25,96,76,20,30.434782608695656,12.318840579710146,18.115942028985508,69.56521739130434,55.072463768115945,14.492753623188406
E00115054,117,39,26,13,78,64,14,33.33333333333333,22.22222222222222,11.11111111111111,66.66666666666666,54.700854700854705,11.965811965811966
E00115055,145,55,24,31,90,75,15,37.93103448275862,16.551724137931036,21.379310344827587,62.06896551724138,51.724137931034484,10.344827586206897
E00115056,50,17,9,8,33,24,9,34,18,16,66,48,18
E00115057,169,59,26,33,110,78,32,34.9112426035503,15.384615384615385,19.526627218934912,65.08875739644971,46.15384615384615,18.93491124260355
E00115058,194,70,30,40,124,101,23,36.08247422680412,15.463917525773196,20.618556701030926,63.91752577319587,52.0618556701031,11.855670103092782
E00115059,237,65,27,38,172,138,34,27.42616033755274,11.39240506329114,16.033755274261605,72.57383966244726,58.22784810126582,14.345991561181433
E00115060,75,29,11,18,46,29,17,38.666666666666664,14.666666666666666,24,61.33333333333333,38.666666666666664,22.666666666666664
E00115061,149,61,30,31,88,50,38,40.939597315436245,20.13422818791946,20.80536912751678,59.06040268456376,33.557046979865774,25.503355704697988
E00115062,151,41,15,26,110,86,24,27.1523178807947,9.933774834437086,17.218543046357617,72.84768211920529,56.95364238410596,15.894039735099339
E00115063,143,45,20,25,98,86,12,31.46853146853147,13.986013986013987,17.482517482517483,68.53146853146853,60.13986013986013,8.391608391608392
E00115064,132,49,31,18,83,55,28,37.121212121212125,23.484848484848484,13.636363636363635,62.878787878787875,41.66666666666667,21.21212121212121
E00115065,112,32,16,16,80,72,8,28.57142857142857,14.285714285714285,14.285714285714285,71.42857142857143,64.28571428571429,7.142857142857142
E00115066,164,39,14,25,125,105,20,23.78048780487805,8.536585365853659,15.24390243902439,76.21951219512195,64.02439024390245,12.195121951219512
E00115067,111,30,12,18,81,67,14,27.027027027027028,10.81081081081081,16.216216216216218,72.97297297297297,60.36036036036037,12.612612612612612
E00115068,157,59,23,36,98,85,13,37.57961783439491,14.64968152866242,22.929936305732486,62.42038216560509,54.14012738853503,8.280254777070063
E00115069,183,55,14,41,128,103,25,30.05464480874317,7.650273224043716,22.404371584699454,69.94535519125684,56.284153005464475,13.661202185792352
E00115070,174,43,17,26,131,113,18,24.71264367816092,9.770114942528735,14.942528735632186,75.28735632183908,64.9425287356322,10.344827586206897
E00115071,151,45,13,32,106,92,14,29.80132450331126,8.609271523178808,21.192052980132452,70.19867549668875,60.9271523178808,9.271523178807946
E00115072,70,19,7,12,51,41,10,27.142857142857142,10,17.142857142857142,72.85714285714285,58.57142857142858,14.285714285714285
E00115073,137,27,10,17,110,94,16,19.708029197080293,7.2992700729927,12.408759124087592,80.2919708029197,68.61313868613139,11.678832116788321
E00115074,182,54,22,32,128,103,25,29.67032967032967,12.087912087912088,17.582417582417584,70.32967032967034,56.59340659340659,13.736263736263737
E00115075,167,51,16,35,116,99,17,30.538922155688624,9.580838323353294,20.958083832335326,69.46107784431138,59.281437125748504,10.179640718562874
E00115076,269,74,27,47,195,171,24,27.509293680297397,10.037174721189592,17.472118959107807,72.4907063197026,63.56877323420075,8.921933085501859
E00115077,173,54,23,31,119,104,15,31.213872832369944,13.294797687861271,17.91907514450867,68.78612716763006,60.115606936416185,8.670520231213873
E00115078,195,50,20,30,145,136,9,25.64102564102564,10.256410256410255,15.384615384615385,74.35897435897436,69.74358974358974,4.615384615384616
E00115079,185,59,18,41,126,114,12,31.891891891891895,9.72972972972973,22.162162162162165,68.10810810810811,61.62162162162163,6.486486486486487
E00115080,183,76,24,52,107,95,12,41.53005464480874,13.114754098360656,28.415300546448087,58.46994535519126,51.91256830601093,6.557377049180328
E00115081,145,56,28,28,89,74,15,38.62068965517241,19.310344827586206,19.310344827586206,61.37931034482759,51.03448275862069,10.344827586206897
E00115082,192,64,27,37,128,112,16,33.33333333333333,14.0625,19.270833333333336,66.66666666666666,58.333333333333336,8.333333333333332
E00115083,58,20,5,15,38,37,1,34.48275862068966,8.620689655172415,25.862068965517242,65.51724137931035,63.793103448275865,1.7241379310344827
E00115084,251,70,24,46,181,155,26,27.88844621513944,9.56175298804781,18.326693227091635,72.11155378486056,61.75298804780876,10.358565737051793
E00115086,163,48,16,32,115,98,17,29.447852760736197,9.815950920245399,19.631901840490798,70.5521472392638,60.122699386503065,10.429447852760736
E00115087,190,54,13,41,136,119,17,28.421052631578945,6.842105263157896,21.578947368421055,71.57894736842105,62.63157894736842,8.947368421052632
E00115088,163,53,23,30,110,82,28,32.515337423312886,14.11042944785276,18.404907975460123,67.48466257668711,50.306748466257666,17.177914110429448
E00115089,165,46,22,24,119,98,21,27.878787878787882,13.333333333333334,14.545454545454545,72.12121212121212,59.3939393939394,12.727272727272727
E00115090,206,39,12,27,167,138,29,18.932038834951456,5.825242718446602,13.106796116504855,81.06796116504854,66.99029126213593,14.077669902912621
E00115091,221,54,15,39,167,148,19,24.43438914027149,6.787330316742081,17.647058823529413,75.56561085972851,66.9683257918552,8.597285067873303
E00115092,350,72,17,55,278,244,34,20.57142857142857,4.857142857142857,15.714285714285714,79.42857142857143,69.71428571428572,9.714285714285714
E00115094,178,52,17,35,126,104,22,29.213483146067414,9.550561797752808,19.662921348314608,70.78651685393258,58.42696629213483,12.359550561797752
E00115095,67,22,9,13,45,40,5,32.83582089552239,13.432835820895523,19.402985074626866,67.16417910447761,59.70149253731343,7.462686567164178
E00115096,143,38,16,22,105,89,16,26.573426573426573,11.188811188811188,15.384615384615385,73.42657342657343,62.23776223776224,11.188811188811188
E00115097,193,37,8,29,156,133,23,19.170984455958546,4.145077720207254,15.025906735751295,80.82901554404145,68.9119170984456,11.917098445595855
E00115098,179,54,20,34,125,112,13,30.16759776536313,11.1731843575419,18.994413407821227,69.83240223463687,62.56983240223464,7.262569832402235
E00115100,161,52,18,34,109,84,25,32.298136645962735,11.180124223602485,21.11801242236025,67.70186335403726,52.17391304347826,15.527950310559005
E00115101,195,55,17,38,140,123,17,28.205128205128204,8.717948717948717,19.48717948717949,71.7948717948718,63.07692307692307,8.717948717948717
E00115102,176,43,8,35,133,112,21,24.431818181818183,4.545454545454546,19.886363636363637,75.56818181818183,63.63636363636363,11.931818181818182
E00115103,182,59,23,36,123,111,12,32.417582417582416,12.637362637362637,19.78021978021978,67.58241758241759,60.98901098901099,6.593406593406594
E00115104,186,65,23,42,121,103,18,34.946236559139784,12.365591397849462,22.58064516129032,65.05376344086021,55.376344086021504,9.67741935483871
E00115105,173,60,20,40,113,93,20,34.68208092485549,11.560693641618498,23.121387283236995,65.3179190751445,53.75722543352601,11.560693641618498
E00115106,168,44,11,33,124,111,13,26.190476190476193,6.547619047619048,19.642857142857142,73.80952380952381,66.07142857142857,7.738095238095238
E00165842,101,32,8,24,69,61,8,31.683168316831683,7.920792079207921,23.762376237623762,68.31683168316832,60.396039603960396,7.920792079207921
E00165843,75,26,7,19,49,40,9,34.66666666666667,9.333333333333334,25.333333333333336,65.33333333333333,53.333333333333336,12
E00165844,135,43,15,28,92,72,20,31.851851851851855,11.11111111111111,20.74074074074074,68.14814814814815,53.333333333333336,14.814814814814813
E00165854,157,47,14,33,110,81,29,29.936305732484076,8.9171974522293,21.019108280254777,70.06369426751591,51.59235668789809,18.471337579617835
E00172135,157,51,18,33,106,86,20,32.48407643312102,11.464968152866243,21.019108280254777,67.51592356687898,54.77707006369427,12.738853503184714
E00172136,184,50,13,37,134,111,23,27.173913043478258,7.065217391304348,20.108695652173914,72.82608695652173,60.32608695652174,12.5
E00172137,153,48,21,27,105,76,29,31.372549019607842,13.725490196078432,17.647058823529413,68.62745098039215,49.673202614379086,18.954248366013072
E00172138,122,34,9,25,88,73,15,27.86885245901639,7.377049180327869,20.491803278688526,72.1311475409836,59.83606557377049,12.295081967213115
E00172139,171,50,16,34,121,100,21,29.239766081871345,9.35672514619883,19.883040935672515,70.76023391812866,58.47953216374269,12.280701754385964
E00172140,171,64,28,36,107,85,22,37.42690058479532,16.374269005847953,21.052631578947366,62.57309941520468,49.707602339181285,12.865497076023392
E00172141,134,37,13,24,97,82,15,27.611940298507463,9.701492537313433,17.91044776119403,72.38805970149254,61.19402985074627,11.194029850746269
E00172142,217,74,20,54,143,125,18,34.10138248847927,9.216589861751153,24.88479262672811,65.89861751152074,57.6036866359447,8.294930875576037
E00172143,105,32,12,20,73,62,11,30.476190476190478,11.428571428571429,19.047619047619047,69.52380952380952,59.04761904761905,10.476190476190476
E00172144,125,30,13,17,95,78,17,24,10.4,13.600000000000001,76,62.4,13.600000000000001
E00172145,127,30,12,18,97,76,21,23.62204724409449,9.448818897637794,14.173228346456693,76.37795275590551,59.84251968503938,16.535433070866144
E00172146,168,48,15,33,120,101,19,28.57142857142857,8.928571428571429,19.642857142857142,71.42857142857143,60.11904761904761,11.30952380952381
E00184832,246,71,26,45,175,155,20,28.86178861788618,10.569105691056912,18.29268292682927,71.13821138211382,63.00813008130082,8.130081300813007
E00184838,161,56,18,38,105,88,17,34.78260869565217,11.180124223602485,23.60248447204969,65.21739130434783,54.6583850931677,10.559006211180124
E00184841,313,64,21,43,249,213,36,20.447284345047922,6.7092651757188495,13.738019169329075,79.55271565495208,68.05111821086261,11.501597444089457
E00184845,248,56,16,40,192,169,23,22.58064516129032,6.451612903225806,16.129032258064516,77.41935483870968,68.14516129032258,9.274193548387096
E00184847,221,59,15,44,162,129,33,26.69683257918552,6.787330316742081,19.90950226244344,73.303167420814475,58.371040723981906,14.93212669683258
E00184848,93,22,8,14,71,63,8,23.655913978494624,8.60215053763441,15.053763440860216,76.34408602150538,67.74193548387096,8.60215053763441
E00184849,55,11,6,5,44,39,5,20,10.909090909090908,9.090909090909092,80,70.9090909090909,9.090909090909092
E00184850,147,50,15,35,97,84,13,34.01360544217687,10.204081632653061,23.809523809523807,65.98639455782312,57.14285714285714,8.843537414965986
E00184852,154,27,10,17,127,110,17,17.532467532467532,6.493506493506493,11.03896103896104,82.46753246753246,71.42857142857143,11.03896103896104
E00184871,221,54,19,35,167,139,28,24.43438914027149,8.597285067873303,15.837104072398189,75.56561085972851,62.89592760180995,12.669683257918551
E00184873,162,38,11,27,124,104,20,23.456790123456788,6.790123456790123,16.666666666666664,76.5432098765432,64.19753086419753,12.345679012345679
E00184876,80,38,19,19,42,36,6,47.5,23.75,23.75,52.5,45,7.5
E00184878,159,39,14,25,120,99,21,24.528301886792452,8.80503144654088,15.723270440251572,75.47169811320755,62.264150943396224,13.20754716981132
E00184879,134,35,16,19,99,83,16,26.119402985074625,11.940298507462686,14.17910447761194,73.88059701492537,61.940298507462686,11.940298507462686
E00184881,74,18,10,8,56,45,11,24.324324324324326,13.513513513513514,10.81081081081081,75.67567567567568,60.810810810810814,14.864864864864865
E00184887,108,31,8,23,77,70,7,28.703703703703702,7.4074074074074066,21.296296296296298,71.29629629629629,64.81481481481481,6.481481481481481
E00184890,255,79,27,52,176,130,46,30.980392156862745,10.588235294117647,20.392156862745097,69.01960784313725,50.98039215686274,18.03921568627451
E00184900,131,50,18,32,81,65,16,38.16793893129771,13.740458015267176,24.427480916030532,61.832061068702295,49.61832061068702,12.213740458015266
E00184903,175,49,21,28,126,94,32,28.000000000000004,12,16,72,53.714285714285715,18.285714285714285
E00184907,81,27,11,16,54,47,7,33.33333333333333,13.580246913580247,19.753086419753085,66.66666666666666,58.0246913580247,8.641975308641975
E00184909,221,67,20,47,154,121,33,30.316742081447963,9.049773755656108,21.266968325791854,69.68325791855203,54.75113122171946,14.93212669683258
E00184917,199,48,17,31,151,135,16,24.120603015075375,8.542713567839195,15.577889447236181,75.87939698492463,67.8391959798995,8.040201005025125
E00184920,97,19,6,13,78,66,12,19.587628865979383,6.185567010309279,13.402061855670103,80.41237113402062,68.04123711340206,12.371134020618557
E00184925,136,46,21,25,90,66,24,33.82352941176471,15.441176470588236,18.38235294117647,66.17647058823529,48.529411764705884,17.647058823529413
E00184926,203,54,25,29,149,106,43,26.60098522167488,12.31527093596059,14.285714285714285,73.39901477832512,52.21674876847291,21.182266009852217
E00184927,160,36,12,24,124,101,23,22.5,7.5,15,77.5,63.125,14.374999999999998
E00184928,104,25,7,18,79,66,13,24.03846153846154,6.730769230769231,17.307692307692307,75.96153846153845,63.46153846153846,12.5
E00184933,147,34,9,25,113,92,21,23.12925170068027,6.122448979591836,17.006802721088434,76.87074829931973,62.585034013605444,14.285714285714285
E00184935,125,38,8,30,87,73,14,30.4,6.4,24,69.6,58.4,11.200000000000001
E00184940,184,47,14,33,137,113,24,25.543478260869566,7.608695652173914,17.934782608695652,74.45652173913044,61.41304347826087,13.043478260869565
E00184947,200,61,22,39,139,113,26,30.5,11,19.5,69.5,56.49999999999999,13
E00184954,197,59,25,34,138,122,16,29.949238578680205,12.690355329949238,17.258883248730964,70.05076142131979,61.92893401015228,8.121827411167512
E00184976,112,25,8,17,87,73,14,22.321428571428573,7.142857142857142,15.178571428571427,77.67857142857143,65.17857142857143,12.5
E00184978,188,53,19,34,135,115,20,28.191489361702125,10.106382978723403,18.085106382978726,71.80851063829788,61.170212765957444,10.638297872340425
E00184997,101,29,9,20,72,59,13,28.71287128712871,8.91089108910891,19.801980198019802,71.28712871287128,58.415841584158414,12.871287128712872
E00184999,219,58,22,36,161,123,38,26.48401826484018,10.045662100456621,16.43835616438356,73.51598173515981,56.16438356164384,17.35159817351598
E00185007,289,59,17,42,230,196,34,20.415224913494807,5.88235294117647,14.53287197231834,79.58477508650519,67.82006920415225,11.76470588235294
E00185009,133,35,13,22,98,78,20,26.31578947368421,9.774436090225564,16.541353383458645,73.68421052631578,58.64661654135338,15.037593984962406
E00185012,236,87,29,58,149,117,32,36.86440677966102,12.288135593220339,24.576271186440678,63.13559322033898,49.57627118644068,13.559322033898304
E00185014,102,32,9,23,70,56,14,31.372549019607842,8.823529411764707,22.54901960784314,68.62745098039215,54.90196078431373,13.725490196078432
E00185024,221,34,16,18,187,153,34,15.384615384615385,7.239819004524888,8.144796380090497,84.61538461538461,69.23076923076923,15.384615384615385
E00185029,108,31,17,14,77,56,21,28.703703703703702,15.74074074074074,12.962962962962962,71.29629629629629,51.85185185185185,19.444444444444446
E00185030,82,35,15,20,47,41,6,42.68292682926829,18.29268292682927,24.390243902439025,57.3170731707317,50,7.317073170731707
