OA,ts0380001,ts0380002,ts0380003,ts0380004,ts0380005,ts0380006,ts0380007,ts0380002_PCT,ts0380003_PCT,ts0380004_PCT,ts0380005_PCT,ts0380006_PCT,ts0380007_PCT
E00114745,363,41,10,31,322,28,294,11.294765840220386,2.7548209366391188,8.539944903581267,88.70523415977961,7.7134986225895315,80.99173553719008
E00114746,269,31,7,24,238,25,213,11.524163568773234,2.6022304832713754,8.921933085501859,88.47583643122677,9.293680297397769,79.182156133829
E00114747,287,46,16,30,241,20,221,16.02787456445993,5.574912891986063,10.452961672473867,83.97212543554006,6.968641114982578,77.00348432055749
E00114748,232,46,12,34,186,27,159,19.82758620689655,5.172413793103448,14.655172413793101,80.17241379310344,11.637931034482758,68.53448275862068
E00114749,323,70,18,52,253,26,227,21.671826625387,5.572755417956656,16.09907120743034,78.328173374613,8.04953560371517,70.27863777089783
E00114750,241,42,9,33,199,23,176,17.42738589211618,3.7344398340248963,13.692946058091287,82.57261410788381,9.54356846473029,73.02904564315352
E00114751,301,53,15,38,248,25,223,17.60797342192691,4.983388704318937,12.624584717607974,82.39202657807309,8.305647840531561,74.08637873754152
E00114752,251,22,3,19,229,26,203,8.764940239043826,1.1952191235059761,7.569721115537849,91.23505976095618,10.358565737051793,80.87649402390437
E00114753,352,56,20,36,296,32,264,15.909090909090908,5.681818181818182,10.227272727272728,84.0909090909091,9.090909090909092,75
E00114754,234,48,18,30,186,35,151,20.51282051282051,7.6923076923076925,12.82051282051282,79.48717948717949,14.957264957264957,64.52991452991454
E00114755,269,33,9,24,236,28,208,12.267657992565056,3.3457249070631967,8.921933085501859,87.73234200743495,10.408921933085502,77.32342007434944
E00114756,246,28,5,23,218,21,197,11.38211382113821,2.0325203252032518,9.34959349593496,88.6178861788618,8.536585365853659,80.08130081300813
E00114757,283,34,10,24,249,24,225,12.014134275618375,3.53356890459364,8.480565371024735,87.98586572438163,8.480565371024735,79.50530035335689
E00114758,305,65,20,45,240,18,222,21.311475409836063,6.557377049180328,14.754098360655737,78.68852459016394,5.901639344262295,72.78688524590164
E00114759,360,52,18,34,308,30,278,14.444444444444443,5,9.444444444444445,85.55555555555556,8.333333333333332,77.22222222222223
E00114760,311,40,12,28,271,37,234,12.861736334405144,3.858520900321544,9.003215434083602,87.13826366559485,11.89710610932476,75.2411575562701
E00114761,480,99,34,65,381,38,343,20.625,7.083333333333333,13.541666666666666,79.375,7.916666666666666,71.45833333333333
E00114762,265,55,15,40,210,21,189,20.754716981132077,5.660377358490567,15.09433962264151,79.24528301886792,7.9245283018867925,71.32075471698113
E00114763,272,45,15,30,227,33,194,16.544117647058822,5.514705882352941,11.029411764705882,83.45588235294117,12.132352941176471,71.32352941176471
E00114764,573,99,48,51,474,77,397,17.277486910994764,8.37696335078534,8.900523560209423,82.72251308900523,13.438045375218149,69.2844677137871
E00114765,366,75,36,39,291,26,265,20.491803278688526,9.836065573770492,10.655737704918032,79.50819672131148,7.103825136612022,72.40437158469946
E00114766,324,54,17,37,270,24,246,16.666666666666664,5.246913580246913,11.419753086419753,83.33333333333334,7.4074074074074066,75.92592592592592
E00114767,197,112,65,47,85,14,71,56.852791878172596,32.99492385786802,23.85786802030457,43.14720812182741,7.1065989847715745,36.04060913705584
E00114768,399,81,34,47,318,35,283,20.30075187969925,8.521303258145362,11.779448621553884,79.69924812030075,8.771929824561402,70.92731829573935
E00114769,252,38,7,31,214,13,201,15.079365079365079,2.7777777777777777,12.3015873015873,84.92063492063492,5.158730158730158,79.76190476190477
E00114770,392,64,23,41,328,31,297,16.3265306122449,5.86734693877551,10.459183673469388,83.6734693877551,7.908163265306123,75.76530612244898
E00114771,292,52,16,36,240,33,207,17.80821917808219,5.47945205479452,12.32876712328767,82.1917808219178,11.301369863013697,70.8904109589041
E00114772,193,71,19,52,122,19,103,36.787564766839374,9.844559585492227,26.94300518134715,63.212435233160626,9.844559585492227,53.36787564766839
E00114773,243,65,23,42,178,20,158,26.748971193415638,9.465020576131687,17.28395061728395,73.25102880658436,8.23045267489712,65.02057613168725
E00114774,285,43,16,27,242,30,212,15.087719298245613,5.614035087719298,9.473684210526317,84.91228070175438,10.526315789473683,74.3859649122807
E00114776,327,53,14,39,274,34,240,16.207951070336392,4.281345565749235,11.926605504587156,83.79204892966361,10.397553516819572,73.39449541284404
E00114777,318,65,20,45,253,17,236,20.440251572327046,6.289308176100629,14.150943396226415,79.55974842767296,5.345911949685535,74.21383647798741
E00114778,257,46,14,32,211,24,187,17.898832684824903,5.447470817120623,12.45136186770428,82.10116731517509,9.33852140077821,72.76264591439688
E00114779,253,38,12,26,215,21,194,15.019762845849801,4.743083003952568,10.276679841897234,84.98023715415019,8.300395256916996,76.6798418972332
E00114780,369,67,24,43,302,28,274,18.157181571815716,6.504065040650407,11.653116531165312,81.84281842818429,7.588075880758807,74.25474254742548
E00114781,411,61,23,38,350,48,302,14.841849148418493,5.59610705596107,9.245742092457421,85.15815085158151,11.678832116788321,73.47931873479318
E00114783,315,38,3,35,277,28,249,12.063492063492063,0.9523809523809524,11.11111111111111,87.93650793650794,8.88888888888889,79.04761904761905
E00114784,500,69,19,50,431,52,379,13.8,3.8,10,86.2,10.4,75.8
E00114785,307,75,36,39,232,44,188,24.429967426710096,11.726384364820847,12.703583061889251,75.57003257328991,14.332247557003258,61.23778501628665
E00114789,312,58,20,38,254,18,236,18.58974358974359,6.41025641025641,12.179487179487179,81.41025641025641,5.769230769230769,75.64102564102564
E00114790,238,62,26,36,176,18,158,26.05042016806723,10.92436974789916,15.126050420168067,73.94957983193278,7.563025210084033,66.38655462184873
E00114791,314,40,10,30,274,34,240,12.738853503184714,3.1847133757961785,9.554140127388536,87.26114649681529,10.828025477707007,76.43312101910828
E00114792,284,46,20,26,238,19,219,16.19718309859155,7.042253521126761,9.15492957746479,83.80281690140845,6.690140845070422,77.11267605633803
E00114793,331,94,38,56,237,22,215,28.3987915407855,11.48036253776435,16.91842900302115,71.6012084592145,6.646525679758309,64.95468277945619
E00114794,281,38,11,27,243,27,216,13.523131672597867,3.9145907473309607,9.608540925266903,86.47686832740213,9.608540925266903,76.86832740213522
E00114795,525,124,69,55,401,26,375,23.61904761904762,13.142857142857142,10.476190476190476,76.38095238095238,4.9523809523809526,71.42857142857143
E00114796,356,59,21,38,297,40,257,16.573033707865168,5.8988764044943816,10.674157303370785,83.42696629213484,11.235955056179774,72.19101123595506
E00114797,526,99,52,47,427,39,388,18.8212927756654,9.885931558935361,8.935361216730039,81.1787072243346,7.41444866920152,73.76425855513308
E00114798,401,41,13,28,360,31,329,10.224438902743142,3.2418952618453867,6.982543640897755,89.77556109725685,7.73067331670823,82.04488778054862
E00114799,339,37,12,25,302,26,276,10.914454277286136,3.5398230088495577,7.374631268436578,89.08554572271386,7.669616519174041,81.41592920353983
E00114800,437,60,18,42,377,43,334,13.729977116704806,4.118993135011442,9.610983981693364,86.2700228832952,9.839816933638444,76.43020594965675
E00114801,362,38,12,26,324,28,296,10.497237569060774,3.314917127071823,7.18232044198895,89.50276243093923,7.734806629834254,81.76795580110497
E00114802,390,44,13,31,346,40,306,11.282051282051283,3.3333333333333335,7.948717948717948,88.71794871794872,10.256410256410255,78.46153846153847
E00114804,397,87,40,47,310,32,278,21.91435768261965,10.075566750629724,11.838790931989925,78.08564231738035,8.060453400503778,70.02518891687657
E00114805,463,57,13,44,406,42,364,12.311015118790497,2.8077753779697625,9.503239740820735,87.6889848812095,9.071274298056156,78.61771058315334
E00114806,311,31,5,26,280,28,252,9.967845659163988,1.607717041800643,8.360128617363344,90.03215434083602,9.003215434083602,81.02893890675242
E00114807,465,111,51,60,354,38,316,23.870967741935484,10.967741935483872,12.903225806451612,76.12903225806451,8.172043010752688,67.95698924731182
E00114808,376,51,18,33,325,26,299,13.563829787234042,4.787234042553192,8.77659574468085,86.43617021276596,6.914893617021277,79.52127659574468
E00114809,341,44,5,39,297,31,266,12.903225806451612,1.466275659824047,11.436950146627565,87.09677419354838,9.090909090909092,78.00586510263929
E00114810,305,46,16,30,259,28,231,15.081967213114755,5.245901639344262,9.836065573770492,84.91803278688525,9.180327868852459,75.73770491803279
E00114811,450,72,21,51,378,38,340,16,4.666666666666667,11.333333333333332,84,8.444444444444445,75.55555555555556
E00114812,360,52,16,36,308,30,278,14.444444444444443,4.444444444444445,10,85.55555555555556,8.333333333333332,77.22222222222223
E00114813,606,75,17,58,531,61,470,12.376237623762377,2.8052805280528053,9.570957095709572,87.62376237623762,10.066006600660065,77.55775577557755
E00114814,280,55,17,38,225,16,209,19.642857142857142,6.071428571428571,13.571428571428571,80.35714285714286,5.714285714285714,74.64285714285714
E00114815,353,58,19,39,295,24,271,16.43059490084986,5.382436260623229,11.048158640226628,83.56940509915015,6.79886685552408,76.77053824362606
E00114816,413,38,10,28,375,49,326,9.200968523002421,2.4213075060532687,6.779661016949152,90.79903147699758,11.864406779661017,78.93462469733656
E00114817,335,66,32,34,269,27,242,19.701492537313435,9.55223880597015,10.149253731343283,80.29850746268656,8.059701492537313,72.23880597014926
E00114818,260,61,25,36,199,17,182,23.46153846153846,9.615384615384617,13.846153846153847,76.53846153846153,6.538461538461539,70
E00114819,384,34,8,26,350,50,300,8.854166666666668,2.083333333333333,6.770833333333333,91.14583333333334,13.020833333333334,78.125
E00114820,408,108,42,66,300,24,276,26.47058823529412,10.294117647058822,16.176470588235293,73.52941176470588,5.88235294117647,67.64705882352942
E00114821,487,75,25,50,412,45,367,15.400410677618071,5.133470225872689,10.266940451745379,84.59958932238193,9.240246406570842,75.35934291581108
E00114822,347,50,18,32,297,37,260,14.409221902017292,5.187319884726225,9.221902017291066,85.5907780979827,10.662824207492795,74.92795389048992
E00114823,458,40,14,26,418,41,377,8.73362445414847,3.056768558951965,5.676855895196507,91.26637554585153,8.951965065502183,82.31441048034934
E00114824,305,56,22,34,249,21,228,18.360655737704917,7.213114754098362,11.147540983606557,81.63934426229508,6.885245901639345,74.75409836065575
E00114825,296,28,9,19,268,22,246,9.45945945945946,3.040540540540541,6.418918918918918,90.54054054054053,7.4324324324324325,83.1081081081081
E00114826,351,45,17,28,306,35,271,12.82051282051282,4.843304843304843,7.977207977207977,87.17948717948718,9.971509971509972,77.20797720797721
E00114827,353,88,59,29,265,36,229,24.929178470254957,16.71388101983003,8.21529745042493,75.07082152974505,10.198300283286118,64.87252124645893
E00114828,275,41,18,23,234,25,209,14.909090909090908,6.545454545454546,8.363636363636363,85.0909090909091,9.090909090909092,76
E00114830,284,45,15,30,239,30,209,15.845070422535212,5.28169014084507,10.56338028169014,84.15492957746478,10.56338028169014,73.59154929577466
E00114831,237,58,28,30,179,27,152,24.47257383966245,11.814345991561181,12.658227848101266,75.52742616033755,11.39240506329114,64.13502109704642
E00114832,221,26,4,22,195,19,176,11.76470588235294,1.809954751131222,9.95475113122172,88.23529411764706,8.597285067873303,79.63800904977376
E00114833,292,49,17,32,243,29,214,16.78082191780822,5.821917808219178,10.95890410958904,83.21917808219177,9.931506849315069,73.28767123287672
E00114834,307,31,10,21,276,25,251,10.097719869706841,3.257328990228013,6.840390879478828,89.90228013029315,8.143322475570033,81.75895765472313
E00114835,266,34,11,23,232,17,215,12.781954887218044,4.135338345864661,8.646616541353383,87.21804511278195,6.390977443609022,80.82706766917293
E00114837,436,57,17,40,379,41,338,13.073394495412844,3.89908256880734,9.174311926605505,86.92660550458714,9.403669724770642,77.52293577981652
E00114838,296,64,18,46,232,24,208,21.62162162162162,6.081081081081082,15.54054054054054,78.37837837837837,8.108108108108109,70.27027027027027
E00114839,380,46,16,30,334,34,300,12.105263157894736,4.2105263157894735,7.894736842105263,87.89473684210526,8.947368421052632,78.94736842105263
E00114840,314,36,6,30,278,37,241,11.464968152866243,1.910828025477707,9.554140127388536,88.53503184713377,11.78343949044586,76.75159235668791
E00114841,337,52,20,32,285,30,255,15.43026706231454,5.934718100890208,9.495548961424333,84.56973293768546,8.902077151335313,75.66765578635015
E00114842,179,35,9,26,144,20,124,19.553072625698324,5.027932960893855,14.52513966480447,80.44692737430168,11.1731843575419,69.27374301675978
E00114843,109,9,1,8,100,14,86,8.256880733944955,0.9174311926605505,7.339449541284404,91.74311926605505,12.844036697247708,78.89908256880734
E00114844,221,35,10,25,186,16,170,15.837104072398189,4.524886877828054,11.312217194570136,84.16289592760181,7.239819004524888,76.92307692307693
E00114845,515,66,19,47,449,50,399,12.815533980582524,3.6893203883495143,9.12621359223301,87.18446601941747,9.70873786407767,77.47572815533981
E00114846,547,61,24,37,486,43,443,11.151736745886655,4.387568555758683,6.764168190127971,88.84826325411335,7.861060329067642,80.98720292504571
E00114847,288,37,6,31,251,22,229,12.847222222222221,2.083333333333333,10.76388888888889,87.15277777777779,7.638888888888889,79.51388888888889
E00114848,374,46,16,30,328,42,286,12.299465240641712,4.27807486631016,8.0213903743315509,87.70053475935828,11.229946524064172,76.47058823529412
E00114849,238,33,11,22,205,19,186,13.865546218487395,4.621848739495799,9.243697478991598,86.1344537815126,7.9831932773109235,78.15126050420169
E00114850,142,22,9,13,120,21,99,15.492957746478872,6.338028169014084,9.15492957746479,84.50704225352112,14.788732394366196,69.71830985915493
E00114851,318,35,10,25,283,30,253,11.0062893081761,3.1446540880503147,7.861635220125786,88.9937106918239,9.433962264150944,79.55974842767296
E00114852,138,22,9,13,116,12,104,15.942028985507244,6.521739130434782,9.420289855072465,84.05797101449275,8.695652173913043,75.36231884057972
E00114853,255,29,9,20,226,25,201,11.372549019607844,3.5294117647058822,7.8431372549019605,88.62745098039215,9.803921568627452,78.82352941176471
E00114854,540,98,38,60,442,49,393,18.14814814814815,7.037037037037037,11.11111111111111,81.85185185185185,9.074074074074074,72.77777777777777
E00114855,435,84,23,61,351,39,312,19.310344827586206,5.287356321839081,14.022988505747128,80.6896551724138,8.96551724137931,71.72413793103448
E00114856,393,45,8,37,348,40,308,11.450381679389313,2.035623409669211,9.414758269720101,88.54961832061069,10.178117048346055,78.37150127226464
E00114857,348,31,8,23,317,32,285,8.908045977011495,2.2988505747126435,6.609195402298851,91.0919540229885,9.195402298850574,81.89655172413794
E00114858,296,50,18,32,246,36,210,16.89189189189189,6.081081081081082,10.81081081081081,83.1081081081081,12.162162162162163,70.94594594594594
E00114859,345,63,20,43,282,41,241,18.26086956521739,5.797101449275362,12.46376811594203,81.73913043478261,11.884057971014492,69.85507246376812
E00114861,337,56,15,41,281,28,253,16.61721068249258,4.451038575667656,12.166172106824925,83.38278931750742,8.30860534124629,75.07418397626114
E00114862,408,55,17,38,353,30,323,13.480392156862745,4.166666666666666,9.313725490196079,86.51960784313727,7.352941176470589,79.16666666666666
E00114863,220,19,2,17,201,19,182,8.636363636363637,0.9090909090909091,7.727272727272727,91.36363636363637,8.636363636363637,82.72727272727273
E00114864,281,55,19,36,226,31,195,19.572953736654807,6.761565836298933,12.811387900355871,80.42704626334519,11.032028469750891,69.3950177935943
E00114865,361,55,24,31,306,30,276,15.23545706371191,6.64819944598338,8.587257617728532,84.7645429362881,8.310249307479225,76.45429362880887
E00114866,395,89,45,44,306,35,271,22.531645569620252,11.39240506329114,11.139240506329113,77.46835443037975,8.860759493670885,68.60759493670886
E00114867,310,53,22,31,257,29,228,17.096774193548388,7.096774193548387,10,82.9032258064516,9.35483870967742,73.54838709677419
E00114869,291,42,18,24,249,25,224,14.432989690721648,6.185567010309279,8.24742268041237,85.56701030927834,8.59106529209622,76.97594501718214
E00114870,308,55,19,36,253,29,224,17.857142857142858,6.1688311688311686,11.688311688311687,82.14285714285714,9.415584415584416,72.72727272727273
E00114871,329,41,8,33,288,40,248,12.462006079027356,2.43161094224924,10.030395136778116,87.53799392097264,12.158054711246201,75.37993920972644
E00114872,194,30,13,17,164,14,150,15.463917525773196,6.701030927835052,8.762886597938143,84.5360824742268,7.216494845360824,77.31958762886599
E00114875,331,30,10,20,301,33,268,9.06344410876133,3.0211480362537766,6.042296072507553,90.93655589123867,9.969788519637463,80.96676737160121
E00114876,258,34,10,24,224,30,194,13.178294573643413,3.875968992248062,9.30232558139535,86.82170542635659,11.627906976744185,75.1937984496124
E00114877,138,13,2,11,125,10,115,9.420289855072465,1.4492753623188406,7.971014492753622,90.57971014492753,7.246376811594203,83.33333333333334
E00114878,305,53,17,36,252,24,228,17.37704918032787,5.573770491803279,11.80327868852459,82.62295081967214,7.868852459016394,74.75409836065575
E00114879,267,45,13,32,222,22,200,16.853932584269664,4.868913857677903,11.985018726591761,83.14606741573034,8.239700374531834,74.90636704119851
E00114880,357,37,8,29,320,24,296,10.364145658263306,2.2408963585434174,8.123249299719888,89.6358543417367,6.722689075630252,82.91316526610645
E00114881,494,67,20,47,427,39,388,13.562753036437247,4.048582995951417,9.51417004048583,86.43724696356276,7.894736842105263,78.54251012145748
E00114882,301,45,14,31,256,17,239,14.950166112956811,4.651162790697675,10.299003322259136,85.04983388704319,5.647840531561462,79.40199335548172
E00114883,436,53,18,35,383,27,356,12.155963302752294,4.128440366972478,8.027522935779817,87.8440366972477,6.192660550458716,81.65137614678899
E00114884,127,14,3,11,113,10,103,11.023622047244094,2.3622047244094486,8.661417322834646,88.9763779527559,7.874015748031496,81.10236220472441
E00114885,474,54,17,37,420,41,379,11.39240506329114,3.5864978902953584,7.805907172995781,88.60759493670885,8.649789029535865,79.957805907173
E00114887,238,34,13,21,204,23,181,14.285714285714285,5.46218487394958,8.823529411764707,85.71428571428571,9.663865546218489,76.05042016806722
E00114888,319,63,41,22,256,34,222,19.74921630094044,12.852664576802509,6.896551724137931,80.25078369905955,10.658307210031348,69.59247648902821
E00114889,410,71,32,39,339,31,308,17.317073170731707,7.804878048780488,9.512195121951219,82.68292682926828,7.560975609756097,75.1219512195122
E00114890,272,42,11,31,230,19,211,15.441176470588236,4.044117647058823,11.397058823529411,84.55882352941177,6.985294117647059,77.57352941176471
E00114891,258,52,27,25,206,14,192,20.155038759689923,10.465116279069768,9.689922480620156,79.84496124031007,5.426356589147287,74.4186046511628
E00114892,270,45,8,37,225,29,196,16.666666666666664,2.9629629629629632,13.703703703703704,83.33333333333334,10.74074074074074,72.5925925925926
E00114893,350,32,11,21,318,20,298,9.142857142857142,3.1428571428571432,6,90.85714285714286,5.714285714285714,85.14285714285714
E00114894,293,28,8,20,265,25,240,9.556313993174061,2.7303754266211606,6.825938566552901,90.44368600682594,8.532423208191126,81.91126279863481
E00114895,300,48,17,31,252,27,225,16,5.666666666666666,10.333333333333334,84,9,75
E00114896,308,45,17,28,263,23,240,14.61038961038961,5.51948051948052,9.090909090909092,85.3896103896104,7.467532467532467,77.92207792207793
E00114897,337,55,20,35,282,26,256,16.320474777448073,5.934718100890208,10.385756676557865,83.67952522255193,7.71513353115727,75.96439169139467
E00114898,317,72,31,41,245,16,229,22.71293375394322,9.779179810725552,12.933753943217665,77.28706624605678,5.047318611987381,72.2397476340694
E00114899,345,77,33,44,268,39,229,22.318840579710145,9.565217391304348,12.753623188405797,77.68115942028986,11.304347826086957,66.3768115942029
E00114900,307,52,11,41,255,35,220,16.938110749185668,3.5830618892508146,13.355048859934854,83.06188925081433,11.400651465798045,71.66123778501628
E00114901,341,41,14,27,300,34,266,12.023460410557185,4.105571847507331,7.9178885630498534,87.97653958944281,9.970674486803519,78.00586510263929
E00114902,318,50,9,41,268,20,248,15.723270440251572,2.8301886792452833,12.89308176100629,84.27672955974843,6.289308176100629,77.9874213836478
E00114903,175,25,5,20,150,12,138,14.285714285714285,2.857142857142857,11.428571428571429,85.71428571428571,6.857142857142858,78.85714285714286
E00114904,470,65,20,45,405,42,363,13.829787234042554,4.25531914893617,9.574468085106384,86.17021276595744,8.936170212765958,77.23404255319149
E00114905,301,52,19,33,249,26,223,17.275747508305646,6.312292358803987,10.96345514950166,82.72425249169434,8.637873754152823,74.08637873754152
E00114906,314,43,8,35,271,33,238,13.694267515923567,2.547770700636943,11.146496815286625,86.30573248407643,10.509554140127388,75.79617834394905
E00114907,288,62,16,46,226,20,206,21.52777777777778,5.555555555555555,15.972222222222221,78.47222222222221,6.944444444444445,71.52777777777779
E00114908,248,39,7,32,209,25,184,15.725806451612904,2.82258064516129,12.903225806451612,84.2741935483871,10.080645161290322,74.19354838709677
E00114909,263,60,26,34,203,13,190,22.813688212927758,9.885931558935361,12.927756653992395,77.18631178707224,4.942965779467681,72.24334600760456
E00114910,362,46,15,31,316,36,280,12.70718232044199,4.143646408839778,8.56353591160221,87.29281767955801,9.94475138121547,77.34806629834254
E00114911,320,40,18,22,280,37,243,12.5,5.625,6.875000000000001,87.5,11.5625,75.9375
E00114912,263,43,17,26,220,27,193,16.34980988593156,6.4638783269961975,9.885931558935361,83.65019011406845,10.26615969581749,73.38403041825094
E00114914,453,54,11,43,399,33,366,11.920529801324504,2.4282560706401766,9.492273730684326,88.0794701986755,7.28476821192053,80.79470198675497
E00114915,471,65,33,32,406,36,370,13.800424628450106,7.006369426751593,6.794055201698514,86.1995753715499,7.643312101910828,78.55626326963908
E00114916,381,134,97,37,247,23,224,35.170603674540686,25.45931758530184,9.711286089238845,64.82939632545933,6.036745406824147,58.79265091863517
E00114917,482,46,10,36,436,30,406,9.54356846473029,2.0746887966804977,7.468879668049793,90.45643153526972,6.224066390041494,84.23236514522821
E00114918,303,44,16,28,259,29,230,14.521452145214523,5.2805280528052805,9.24092409240924,85.47854785478548,9.570957095709572,75.9075907590759
E00114919,169,23,0,23,146,15,131,13.609467455621301,0,13.609467455621301,86.3905325443787,8.875739644970414,77.51479289940828
E00114920,438,62,26,36,376,35,341,14.15525114155251,5.93607305936073,8.21917808219178,85.84474885844749,7.9908675799086755,77.85388127853882
E00114921,234,37,12,25,197,15,182,15.81196581196581,5.128205128205128,10.683760683760683,84.1880341880342,6.41025641025641,77.77777777777779
E00114922,326,36,9,27,290,36,254,11.042944785276074,2.7607361963190185,8.282208588957054,88.95705521472392,11.042944785276074,77.91411042944786
E00114923,421,54,18,36,367,54,313,12.826603325415679,4.275534441805226,8.551068883610451,87.17339667458432,12.826603325415679,74.34679334916865
E00114924,235,18,6,12,217,16,201,7.659574468085106,2.553191489361702,5.106382978723404,92.34042553191489,6.808510638297872,85.53191489361703
E00114925,280,47,16,31,233,25,208,16.785714285714285,5.714285714285714,11.071428571428571,83.21428571428572,8.928571428571429,74.28571428571429
E00114926,382,50,18,32,332,32,300,13.089005235602095,4.712041884816754,8.37696335078534,86.91099476439791,8.37696335078534,78.53403141361257
E00114927,322,36,6,30,286,35,251,11.180124223602485,1.8633540372670807,9.316770186335404,88.81987577639751,10.869565217391305,77.95031055900621
E00114928,265,50,21,29,215,26,189,18.867924528301888,7.9245283018867925,10.943396226415095,81.13207547169812,9.811320754716983,71.32075471698113
E00114929,293,51,25,26,242,30,212,17.4061433447099,8.532423208191126,8.873720136518772,82.5938566552901,10.238907849829351,72.35494880546075
E00114930,340,39,12,27,301,40,261,11.470588235294118,3.5294117647058822,7.941176470588235,88.52941176470588,11.76470588235294,76.76470588235294
E00114931,340,48,12,36,292,35,257,14.117647058823529,3.5294117647058822,10.588235294117647,85.88235294117646,10.294117647058822,75.58823529411765
E00114932,335,45,16,29,290,36,254,13.432835820895523,4.776119402985075,8.656716417910449,86.56716417910447,10.746268656716417,75.82089552238806
E00114933,350,64,26,38,286,26,260,18.285714285714285,7.428571428571429,10.857142857142858,81.71428571428572,7.428571428571429,74.28571428571429
E00114934,304,39,10,29,265,21,244,12.828947368421053,3.289473684210526,9.539473684210527,87.17105263157895,6.907894736842106,80.26315789473685
E00114935,274,70,32,38,204,23,181,25.547445255474454,11.678832116788321,13.86861313868613,74.45255474452554,8.394160583941606,66.05839416058394
E00114936,280,54,18,36,226,21,205,19.28571428571429,6.428571428571428,12.857142857142856,80.71428571428572,7.5,73.21428571428571
E00114937,397,91,63,28,306,27,279,22.921914357682617,15.869017632241814,7.052896725440807,77.07808564231739,6.801007556675064,70.27707808564232
E00114938,291,45,22,23,246,22,224,15.463917525773196,7.560137457044673,7.903780068728522,84.5360824742268,7.560137457044673,76.97594501718214
E00114941,344,57,18,39,287,28,259,16.569767441860463,5.232558139534884,11.337209302325581,83.43023255813954,8.13953488372093,75.29069767441861
E00114943,475,62,32,30,413,38,375,13.052631578947368,6.7368421052631575,6.315789473684211,86.94736842105263,8,78.94736842105263
E00114944,272,41,13,28,231,34,197,15.073529411764705,4.779411764705882,10.294117647058822,84.92647058823529,12.5,72.42647058823529
E00114945,185,51,19,32,134,16,118,27.56756756756757,10.27027027027027,17.2972972972973,72.43243243243244,8.64864864864865,63.78378378378379
E00114946,298,40,15,25,258,32,226,13.422818791946309,5.033557046979865,8.389261744966444,86.57718120805369,10.738255033557047,75.83892617449665
E00114947,317,55,22,33,262,28,234,17.350157728706623,6.940063091482649,10.410094637223976,82.64984227129337,8.832807570977918,73.81703470031546
E00114949,305,49,10,39,256,23,233,16.065573770491802,3.278688524590164,12.786885245901638,83.93442622950819,7.540983606557377,76.39344262295083
E00114950,270,36,9,27,234,43,191,13.333333333333334,3.3333333333333335,10,86.66666666666667,15.925925925925927,70.74074074074073
E00114951,306,47,14,33,259,14,245,15.359477124183007,4.57516339869281,10.784313725490197,84.640522875817,4.57516339869281,80.06535947712419
E00114952,415,49,10,39,366,36,330,11.80722891566265,2.4096385542168677,9.397590361445783,88.19277108433735,8.674698795180722,79.51807228915662
E00114953,306,35,10,25,271,26,245,11.437908496732026,3.2679738562091507,8.169934640522875,88.56209150326796,8.49673202614379,80.06535947712419
E00114954,314,50,17,33,264,17,247,15.92356687898089,5.414012738853503,10.509554140127388,84.07643312101911,5.414012738853503,78.6624203821656
E00114955,387,62,24,38,325,36,289,16.020671834625322,6.2015503875969,9.819121447028424,83.97932816537468,9.30232558139535,74.67700258397933
E00114956,293,68,37,31,225,22,203,23.208191126279864,12.627986348122866,10.580204778156997,76.79180887372013,7.508532423208192,69.28327645051195
E00114957,361,40,10,30,321,38,283,11.080332409972298,2.7700831024930745,8.310249307479225,88.9196675900277,10.526315789473683,78.39335180055402
E00114958,415,53,16,37,362,35,327,12.771084337349398,3.8554216867469884,8.91566265060241,87.2289156626506,8.433734939759036,78.79518072289157
E00114959,295,53,23,30,242,24,218,17.966101694915253,7.796610169491526,10.16949152542373,82.03389830508473,8.135593220338983,73.89830508474576
E00114960,248,55,22,33,193,17,176,22.177419354838708,8.870967741935484,13.306451612903224,77.82258064516128,6.854838709677419,70.96774193548387
E00114961,252,55,23,32,197,27,170,21.825396825396826,9.126984126984127,12.698412698412698,78.17460317460318,10.714285714285714,67.46031746031747
E00114962,322,50,18,32,272,30,242,15.527950310559005,5.590062111801243,9.937888198757763,84.472049689441,9.316770186335404,75.15527950310559
E00114963,312,33,7,26,279,31,248,10.576923076923077,2.2435897435897436,8.333333333333332,89.42307692307693,9.935897435897436,79.48717948717949
E00114964,397,70,26,44,327,35,292,17.632241813602015,6.54911838790932,11.083123425692696,82.36775818639799,8.816120906801007,73.55163727959699
E00114966,301,56,20,36,245,23,222,18.6046511627907,6.64451827242525,11.960132890365449,81.3953488372093,7.641196013289036,73.75415282392026
E00114967,269,37,15,22,232,33,199,13.754646840148698,5.5762081784386615,8.178438661710038,86.2453531598513,12.267657992565056,73.97769516728626
E00114968,318,48,15,33,270,22,248,15.09433962264151,4.716981132075472,10.377358490566039,84.90566037735849,6.918238993710692,77.9874213836478
E00114969,282,54,28,26,228,20,208,19.148936170212767,9.929078014184398,9.219858156028367,80.85106382978722,7.092198581560284,73.75886524822694
E00114970,298,35,15,20,263,37,226,11.74496644295302,5.033557046979865,6.7114093959731544,88.25503355704699,12.416107382550337,75.83892617449665
E00114971,124,15,6,9,109,13,96,12.096774193548388,4.838709677419355,7.258064516129033,87.90322580645162,10.483870967741936,77.41935483870968
E00114972,404,113,66,47,291,23,268,27.970297029702973,16.33663366336634,11.633663366336634,72.02970297029702,5.693069306930694,66.33663366336634
E00114973,325,46,17,29,279,25,254,14.153846153846153,5.230769230769231,8.923076923076923,85.84615384615385,7.6923076923076925,78.15384615384615
E00114974,303,50,17,33,253,30,223,16.5016501650165,5.6105610561056105,10.891089108910892,83.4983498349835,9.900990099009901,73.5973597359736
E00114975,374,35,8,27,339,30,309,9.358288770053475,2.13903743315508,7.219251336898395,90.64171122994652,8.0213903743315509,82.62032085561498
E00114976,298,57,31,26,241,23,218,19.12751677852349,10.40268456375839,8.724832214765101,80.87248322147651,7.718120805369128,73.15436241610739
E00114977,222,27,5,22,195,15,180,12.162162162162163,2.2522522522522523,9.90990990990991,87.83783783783784,6.756756756756757,81.08108108108108
E00114978,257,69,33,36,188,15,173,26.848249027237355,12.840466926070038,14.007782101167315,73.15175097276264,5.836575875486381,67.31517509727627
E00114979,315,44,5,39,271,38,233,13.968253968253968,1.5873015873015872,12.380952380952381,86.03174603174604,12.063492063492063,73.96825396825398
E00114980,406,86,53,33,320,39,281,21.182266009852217,13.054187192118228,8.12807881773399,78.81773399014779,9.60591133004926,69.21182266009852
E00114981,323,44,15,29,279,39,240,13.622291021671826,4.643962848297214,8.978328173374612,86.37770897832817,12.074303405572756,74.30340557275542
E00114982,285,95,40,55,190,22,168,33.33333333333333,14.035087719298245,19.298245614035086,66.66666666666666,7.719298245614035,58.94736842105262
E00114983,310,59,22,37,251,29,222,19.032258064516128,7.096774193548387,11.935483870967742,80.96774193548387,9.35483870967742,71.61290322580646
E00114984,297,41,11,30,256,17,239,13.804713804713806,3.7037037037037033,10.1010101010101,86.19528619528619,5.723905723905724,80.47138047138047
E00114985,346,60,24,36,286,26,260,17.341040462427745,6.9364161849710975,10.404624277456648,82.65895953757226,7.514450867052023,75.14450867052022
E00114986,322,73,50,23,249,20,229,22.67080745341615,15.527950310559005,7.142857142857142,77.32919254658384,6.211180124223603,71.11801242236024
E00114987,277,25,9,16,252,21,231,9.025270758122744,3.2490974729241873,5.776173285198556,90.97472924187726,7.581227436823104,83.39350180505414
E00114988,241,45,18,27,196,8,188,18.672199170124482,7.468879668049793,11.20331950207469,81.32780082987551,3.319502074688797,78.00829875518673
E00114989,229,36,10,26,193,24,169,15.72052401746725,4.366812227074235,11.353711790393014,84.27947598253274,10.480349344978166,73.7991266375546
E00114990,309,36,11,25,273,28,245,11.650485436893204,3.559870550161812,8.090614886731391,88.3495145631068,9.06148867313916,79.28802588996764
E00114991,301,51,12,39,250,34,216,16.943521594684384,3.9867109634551494,12.956810631229235,83.05647840531562,11.295681063122924,71.76079734219269
E00114992,343,44,13,31,299,24,275,12.82798833819242,3.7900874635568513,9.037900874635568,87.17201166180757,6.997084548104956,80.17492711370262
E00114993,403,85,57,28,318,36,282,21.09181141439206,14.1439205955335,6.9478908188585615,78.90818858560795,8.933002481389577,69.97518610421837
E00114994,301,41,8,33,260,26,234,13.621262458471762,2.6578073089700998,10.96345514950166,86.37873754152824,8.637873754152823,77.74086378737542
E00114996,443,45,14,31,398,43,355,10.15801354401806,3.160270880361174,6.997742663656885,89.84198645598194,9.706546275395034,80.1354401805869
E00114997,608,125,56,69,483,43,440,20.559210526315788,9.210526315789473,11.348684210526317,79.44078947368422,7.072368421052631,72.36842105263158
E00114998,372,55,21,34,317,33,284,14.78494623655914,5.64516129032258,9.13978494623656,85.21505376344086,8.870967741935484,76.34408602150538
E00115000,292,39,16,23,253,21,232,13.356164383561644,5.47945205479452,7.876712328767123,86.64383561643835,7.191780821917808,79.45205479452055
E00115001,302,75,31,44,227,29,198,24.834437086092713,10.264900662251655,14.56953642384106,75.16556291390728,9.602649006622517,65.56291390728477
E00115002,165,51,23,28,114,17,97,30.909090909090907,13.939393939393941,16.969696969696972,69.0909090909091,10.303030303030303,58.78787878787879
E00115003,333,46,17,29,287,42,245,13.813813813813812,5.105105105105105,8.708708708708707,86.18618618618619,12.612612612612612,73.57357357357357
E00115004,284,42,6,36,242,27,215,14.788732394366196,2.112676056338028,12.676056338028168,85.2112676056338,9.507042253521126,75.70422535211267
E00115005,367,59,12,47,308,25,283,16.076294277929154,3.2697547683923704,12.806539509536785,83.92370572207084,6.811989100817439,77.11171662125341
E00115006,284,39,15,24,245,29,216,13.732394366197184,5.28169014084507,8.450704225352112,86.26760563380282,10.211267605633804,76.05633802816901
E00115007,353,71,24,47,282,18,264,20.113314447592067,6.79886685552408,13.314447592067987,79.88668555240793,5.099150141643059,74.78753541076487
E00115008,345,41,13,28,304,34,270,11.884057971014492,3.768115942028986,8.115942028985506,88.1159420289855,9.855072463768117,78.26086956521739
E00115009,288,31,11,20,257,21,236,10.76388888888889,3.8194444444444446,6.944444444444445,89.23611111111111,7.291666666666667,81.94444444444444
E00115010,319,32,9,23,287,28,259,10.031347962382444,2.8213166144200628,7.210031347962382,89.96865203761756,8.77742946708464,81.19122257053291
E00115011,245,35,7,28,210,16,194,14.285714285714285,2.857142857142857,11.428571428571429,85.71428571428571,6.530612244897959,79.18367346938776
E00115012,325,41,13,28,284,36,248,12.615384615384615,4,8.615384615384615,87.38461538461539,11.076923076923077,76.3076923076923
E00115013,329,49,20,29,280,38,242,14.893617021276595,6.079027355623101,8.814589665653495,85.1063829787234,11.55015197568389,73.55623100303951
E00115014,333,50,21,29,283,41,242,15.015015015015015,6.306306306306306,8.708708708708707,84.98498498498499,12.312312312312311,72.67267267267268
E00115015,363,79,20,59,284,35,249,21.763085399449036,5.5096418732782375,16.2534435261708,78.23691460055096,9.641873278236915,68.59504132231406
E00115016,310,32,7,25,278,33,245,10.32258064516129,2.258064516129032,8.064516129032258,89.6774193548387,10.64516129032258,79.03225806451613
E00115017,355,56,22,34,299,35,264,15.774647887323944,6.197183098591549,9.577464788732394,84.22535211267605,9.859154929577464,74.36619718309859
E00115018,327,41,15,26,286,34,252,12.538226299694188,4.587155963302752,7.951070336391437,87.46177370030581,10.397553516819572,77.06422018348624
E00115019,322,45,9,36,277,34,243,13.975155279503104,2.7950310559006213,11.180124223602485,86.0248447204969,10.559006211180124,75.46583850931677
E00115021,347,82,32,50,265,26,239,23.631123919308358,9.221902017291066,14.409221902017292,76.36887608069163,7.492795389048991,68.87608069164266
E00115022,325,66,48,18,259,22,237,20.307692307692307,14.76923076923077,5.538461538461538,79.6923076923077,6.769230769230769,72.92307692307692
E00115023,204,39,21,18,165,17,148,19.11764705882353,10.294117647058822,8.823529411764707,80.88235294117648,8.333333333333332,72.54901960784314
E00115024,190,40,11,29,150,19,131,21.052631578947366,5.7894736842105265,15.263157894736842,78.94736842105263,10,68.94736842105263
E00115025,351,74,30,44,277,26,251,21.082621082621085,8.547008547008547,12.535612535612536,78.91737891737893,7.4074074074074066,71.50997150997152
E00115026,227,30,11,19,197,16,181,13.215859030837004,4.845814977973569,8.370044052863436,86.78414096916299,7.048458149779736,79.73568281938326
E00115027,239,41,19,22,198,13,185,17.154811715481173,7.949790794979079,9.205020920502092,82.84518828451883,5.439330543933055,77.40585774058577
E00115028,218,41,9,32,177,22,155,18.807339449541285,4.128440366972478,14.678899082568808,81.19266055045871,10.091743119266056,71.10091743119266
E00115029,246,46,22,24,200,21,179,18.69918699186992,8.94308943089431,9.75609756097561,81.30081300813008,8.536585365853659,72.76422764227642
E00115030,322,54,16,38,268,30,238,16.77018633540373,4.968944099378882,11.801242236024844,83.22981366459628,9.316770186335404,73.91304347826086
E00115031,223,72,22,50,151,18,133,32.28699551569507,9.865470852017937,22.421524663677133,67.71300448430493,8.071748878923767,59.64125560538116
E00115032,213,44,16,28,169,20,149,20.657276995305164,7.511737089201878,13.145539906103288,79.34272300469483,9.389671361502346,69.95305164319248
E00115033,184,39,14,25,145,18,127,21.195652173913043,7.608695652173914,13.586956521739129,78.80434782608695,9.782608695652174,69.02173913043478
E00115034,206,27,9,18,179,14,165,13.106796116504855,4.368932038834951,8.737864077669903,86.89320388349515,6.796116504854369,80.09708737864078
E00115035,198,23,6,17,175,16,159,11.616161616161616,3.0303030303030303,8.585858585858585,88.38383838383838,8.080808080808081,80.3030303030303
E00115036,315,51,18,33,264,27,237,16.19047619047619,5.714285714285714,10.476190476190476,83.80952380952381,8.571428571428571,75.23809523809524
E00115037,402,44,14,30,358,34,324,10.945273631840797,3.482587064676617,7.462686567164178,89.05472636815921,8.45771144278607,80.59701492537313
E00115038,410,60,19,41,350,48,302,14.634146341463413,4.634146341463414,10,85.36585365853658,11.707317073170733,73.65853658536585
E00115039,394,55,18,37,339,21,318,13.959390862944163,4.568527918781726,9.390862944162437,86.04060913705584,5.32994923857868,80.71065989847716
E00115040,197,31,15,16,166,16,150,15.736040609137056,7.614213197969544,8.121827411167512,84.26395939086294,8.121827411167512,76.14213197969542
E00115041,244,44,16,28,200,22,178,18.0327868852459,6.557377049180328,11.475409836065573,81.9672131147541,9.01639344262295,72.95081967213115
E00115042,496,63,21,42,433,42,391,12.701612903225806,4.233870967741935,8.46774193548387,87.29838709677419,8.46774193548387,78.83064516129032
E00115043,298,39,14,25,259,30,229,13.087248322147651,4.697986577181208,8.389261744966444,86.91275167785236,10.06711409395973,76.84563758389261
E00115044,274,37,7,30,237,26,211,13.503649635036496,2.5547445255474455,10.948905109489052,86.4963503649635,9.48905109489051,77.00729927007299
E00115045,246,54,26,28,192,21,171,21.951219512195124,10.569105691056912,11.38211382113821,78.04878048780488,8.536585365853659,69.51219512195121
E00115046,248,41,13,28,207,21,186,16.532258064516128,5.241935483870968,11.29032258064516,83.46774193548387,8.46774193548387,75
E00115047,465,74,30,44,391,35,356,15.913978494623656,6.451612903225806,9.46236559139785,84.08602150537634,7.526881720430108,76.55913978494624
E00115048,316,35,8,27,281,34,247,11.075949367088606,2.5316455696202533,8.544303797468354,88.92405063291139,10.759493670886076,78.16455696202532
E00115049,383,61,22,39,322,32,290,15.926892950391643,5.7441253263707575,10.182767624020887,84.07310704960835,8.355091383812011,75.71801566579634
E00115050,293,35,8,27,258,28,230,11.945392491467576,2.7303754266211606,9.215017064846416,88.05460750853243,9.556313993174061,78.49829351535837
E00115051,319,52,22,30,267,24,243,16.30094043887147,6.896551724137931,9.404388714733543,83.69905956112854,7.523510971786834,76.17554858934169
E00115052,313,25,11,14,288,27,261,7.987220447284344,3.5143769968051117,4.472843450479233,92.01277955271566,8.626198083067091,83.38658146964856
E00115053,289,50,18,32,239,28,211,17.301038062283737,6.228373702422145,11.072664359861593,82.69896193771626,9.688581314878892,73.01038062283737
E00115054,279,37,16,21,242,27,215,13.261648745519713,5.734767025089606,7.526881720430108,86.73835125448028,9.67741935483871,77.06093189964157
E00115055,265,37,14,23,228,19,209,13.962264150943396,5.283018867924529,8.679245283018867,86.0377358490566,7.169811320754717,78.8679245283019
E00115056,126,18,7,11,108,7,101,14.285714285714285,5.555555555555555,8.73015873015873,85.71428571428571,5.555555555555555,80.15873015873017
E00115057,344,44,9,35,300,27,273,12.790697674418606,2.616279069767442,10.174418604651162,87.20930232558139,7.848837209302325,79.36046511627907
E00115058,381,46,18,28,335,31,304,12.073490813648293,4.724409448818897,7.349081364829396,87.92650918635171,8.136482939632545,79.79002624671917
E00115059,453,52,15,37,401,47,354,11.479028697571744,3.3112582781456954,8.167770419426049,88.52097130242825,10.375275938189846,78.1456953642384
E00115060,134,17,3,14,117,15,102,12.686567164179104,2.2388059701492535,10.44776119402985,87.31343283582089,11.194029850746269,76.11940298507463
E00115061,298,42,15,27,256,29,227,14.093959731543624,5.033557046979865,9.060402684563758,85.90604026845638,9.731543624161073,76.1744966442953
E00115062,291,37,10,27,254,29,225,12.714776632302405,3.436426116838488,9.278350515463918,87.2852233676976,9.965635738831615,77.31958762886599
E00115063,290,54,12,42,236,23,213,18.620689655172416,4.137931034482759,14.482758620689657,81.37931034482759,7.931034482758621,73.44827586206897
E00115064,286,33,9,24,253,27,226,11.538461538461538,3.146853146853147,8.391608391608392,88.46153846153845,9.44055944055944,79.02097902097903
E00115065,267,48,22,26,219,26,193,17.97752808988764,8.239700374531834,9.737827715355806,82.02247191011236,9.737827715355806,72.28464419475655
E00115066,325,57,31,26,268,29,239,17.53846153846154,9.538461538461538,8,82.46153846153847,8.923076923076923,73.53846153846155
E00115067,243,73,46,27,170,23,147,30.04115226337449,18.930041152263374,11.11111111111111,69.95884773662551,9.465020576131687,60.49382716049383
E00115068,246,40,15,25,206,24,182,16.260162601626014,6.097560975609756,10.16260162601626,83.73983739837398,9.75609756097561,73.98373983739837
E00115069,314,48,14,34,266,31,235,15.286624203821656,4.45859872611465,10.828025477707007,84.71337579617835,9.872611464968154,74.84076433121018
E00115070,283,49,16,33,234,29,205,17.314487632508836,5.6537102473498235,11.66077738515901,82.68551236749117,10.247349823321555,72.43816254416961
E00115071,250,32,9,23,218,20,198,12.8,3.5999999999999996,9.2,87.2,8,79.2
E00115072,192,70,35,35,122,13,109,36.45833333333333,18.229166666666664,18.229166666666664,63.541666666666664,6.770833333333333,56.770833333333336
E00115073,242,43,14,29,199,30,169,17.768595041322314,5.785123966942149,11.983471074380166,82.23140495867769,12.396694214876034,69.83471074380165
E00115074,294,41,13,28,253,22,231,13.945578231292515,4.421768707482993,9.523809523809524,86.05442176870748,7.482993197278912,78.57142857142857
E00115075,338,55,19,36,283,30,253,16.272189349112427,5.621301775147929,10.650887573964498,83.72781065088756,8.875739644970414,74.85207100591717
E00115076,420,60,15,45,360,30,330,14.285714285714285,3.571428571428571,10.714285714285714,85.71428571428571,7.142857142857142,78.57142857142857
E00115077,336,70,19,51,266,28,238,20.833333333333336,5.654761904761905,15.178571428571427,79.16666666666666,8.333333333333332,70.83333333333334
E00115078,362,62,23,39,300,23,277,17.12707182320442,6.353591160220995,10.773480662983426,82.87292817679558,6.353591160220995,76.51933701657458
E00115079,373,65,23,42,308,19,289,17.426273458445042,6.166219839142091,11.26005361930295,82.57372654155496,5.093833780160858,77.4798927613941
E00115080,392,75,27,48,317,32,285,19.132653061224488,6.887755102040815,12.244897959183673,80.86734693877551,8.16326530612245,72.70408163265306
E00115081,233,35,10,25,198,18,180,15.021459227467812,4.291845493562231,10.72961373390558,84.97854077253218,7.725321888412018,77.25321888412017
E00115082,299,45,12,33,254,18,236,15.050167224080269,4.013377926421405,11.036789297658862,84.94983277591973,6.0200668896321075,78.92976588628763
E00115083,112,18,5,13,94,4,90,16.071428571428573,4.464285714285714,11.607142857142858,83.92857142857143,3.571428571428571,80.35714285714286
E00115084,405,61,19,42,344,38,306,15.06172839506173,4.691358024691358,10.37037037037037,84.93827160493828,9.382716049382717,75.55555555555556
E00115086,298,47,9,38,251,25,226,15.771812080536913,3.0201342281879198,12.751677852348994,84.22818791946308,8.389261744966444,75.83892617449665
E00115087,341,41,12,29,300,30,270,12.023460410557185,3.519061583577713,8.504398826979472,87.97653958944281,8.797653958944283,79.17888563049853
E00115088,335,57,24,33,278,18,260,17.01492537313433,7.164179104477612,9.850746268656717,82.98507462686567,5.3731343283582085,77.61194029850746
E00115089,339,71,29,42,268,30,238,20.943952802359885,8.55457227138643,12.389380530973451,79.05604719764013,8.849557522123893,70.20648967551622
E00115090,396,39,17,22,357,33,324,9.848484848484848,4.292929292929292,5.555555555555555,90.15151515151516,8.333333333333332,81.81818181818183
E00115091,421,77,33,44,344,33,311,18.28978622327791,7.8384798099762465,10.451306413301662,81.71021377672209,7.8384798099762465,73.87173396674585
E00115092,563,53,20,33,510,32,478,9.41385435168739,3.5523978685612785,5.86145648312611,90.58614564831261,5.683836589698046,84.90230905861456
E00115094,286,38,17,21,248,38,210,13.286713286713287,5.944055944055944,7.3426573426573425,86.7132867132867,13.286713286713287,73.42657342657343
E00115095,105,12,5,7,93,8,85,11.428571428571429,4.761904761904762,6.666666666666667,88.57142857142857,7.6190476190476195,80.95238095238095
E00115096,262,45,15,30,217,14,203,17.17557251908397,5.7251908396946565,11.450381679389313,82.82442748091603,5.343511450381679,77.48091603053436
E00115097,294,24,5,19,270,24,246,8.16326530612245,1.7006802721088436,6.462585034013606,91.83673469387756,8.16326530612245,83.6734693877551
E00115098,284,62,24,38,222,19,203,21.830985915492956,8.450704225352112,13.380281690140844,78.16901408450704,6.690140845070422,71.47887323943662
E00115100,347,75,32,43,272,24,248,21.613832853025936,9.221902017291066,12.39193083573487,78.38616714697406,6.9164265129683,71.46974063400576
E00115101,369,49,14,35,320,42,278,13.279132791327914,3.7940379403794036,9.48509485094851,86.72086720867209,11.38211382113821,75.33875338753387
E00115102,288,51,16,35,237,22,215,17.708333333333336,5.555555555555555,12.152777777777777,82.29166666666666,7.638888888888889,74.65277777777779
E00115103,320,27,10,17,293,29,264,8.4375,3.125,5.3125,91.5625,9.0625,82.5
E00115104,386,49,16,33,337,16,321,12.694300518134716,4.145077720207254,8.549222797927461,87.30569948186529,4.145077720207254,83.16062176165802
E00115105,315,43,17,26,272,34,238,13.65079365079365,5.396825396825397,8.253968253968253,86.34920634920636,10.793650793650794,75.55555555555556
E00115106,265,47,21,26,218,29,189,17.735849056603772,7.9245283018867925,9.811320754716983,82.26415094339623,10.943396226415095,71.32075471698113
E00165842,252,60,28,32,192,9,183,23.809523809523807,11.11111111111111,12.698412698412698,76.19047619047619,3.571428571428571,72.61904761904762
E00165843,234,45,14,31,189,14,175,19.230769230769234,5.982905982905983,13.247863247863249,80.76923076923077,5.982905982905983,74.78632478632478
E00165844,319,54,21,33,265,20,245,16.927899686520377,6.583072100313479,10.344827586206897,83.07210031347962,6.269592476489027,76.8025078369906
E00165854,363,43,13,30,320,29,291,11.84573002754821,3.581267217630854,8.264462809917356,88.1542699724518,7.988980716253444,80.16528925619835
E00172135,286,35,15,20,251,28,223,12.237762237762238,5.244755244755245,6.993006993006993,87.76223776223776,9.79020979020979,77.97202797202797
E00172136,305,38,9,29,267,22,245,12.459016393442624,2.9508196721311477,9.508196721311474,87.54098360655738,7.213114754098362,80.32786885245902
E00172137,350,39,8,31,311,27,284,11.142857142857142,2.2857142857142856,8.857142857142856,88.85714285714286,7.7142857142857135,81.14285714285714
E00172138,255,47,28,19,208,20,188,18.43137254901961,10.980392156862745,7.450980392156863,81.56862745098039,7.8431372549019605,73.72549019607844
E00172139,298,55,23,32,243,23,220,18.456375838926174,7.718120805369128,10.738255033557047,81.54362416107382,7.718120805369128,73.8255033557047
E00172140,354,36,11,25,318,27,291,10.16949152542373,3.1073446327683616,7.062146892655368,89.83050847457628,7.627118644067797,82.20338983050848
E00172141,264,32,12,20,232,16,216,12.121212121212121,4.545454545454546,7.575757575757576,87.87878787878788,6.0606060606060606,81.81818181818183
E00172142,430,72,26,46,358,30,328,16.74418604651163,6.046511627906977,10.69767441860465,83.25581395348837,6.976744186046512,76.27906976744187
E00172143,187,46,23,23,141,9,132,24.598930481283425,12.299465240641712,12.299465240641712,75.40106951871658,4.81283422459893,70.58823529411765
E00172144,234,30,8,22,204,19,185,12.82051282051282,3.418803418803419,9.401709401709402,87.17948717948718,8.11965811965812,79.05982905982906
E00172145,247,26,7,19,221,19,202,10.526315789473683,2.834008097165992,7.6923076923076925,89.47368421052632,7.6923076923076925,81.78137651821862
E00172146,311,40,9,31,271,27,244,12.861736334405144,2.8938906752411575,9.967845659163988,87.13826366559485,8.681672025723474,78.45659163987139
E00184832,471,55,11,44,416,35,381,11.67728237791932,2.335456475583864,9.341825902335456,88.32271762208069,7.43099787685775,80.89171974522293
E00184838,383,77,26,51,306,38,268,20.10443864229765,6.7885117493472595,13.315926892950392,79.89556135770235,9.921671018276761,69.9738903394256
E00184841,515,40,16,24,475,28,447,7.766990291262135,3.1067961165048543,4.660194174757281,92.23300970873787,5.436893203883495,86.79611650485437
E00184845,488,53,19,34,435,29,406,10.860655737704917,3.8934426229508197,6.967213114754098,89.13934426229508,5.942622950819672,83.19672131147541
E00184847,425,44,13,31,381,43,338,10.352941176470589,3.058823529411765,7.294117647058823,89.64705882352942,10.117647058823529,79.52941176470588
E00184848,168,29,12,17,139,18,121,17.261904761904763,7.142857142857142,10.119047619047619,82.73809523809523,10.714285714285714,72.02380952380952
E00184849,151,42,21,21,109,13,96,27.81456953642384,13.90728476821192,13.90728476821192,72.18543046357617,8.609271523178808,63.576158940397356
E00184850,266,41,18,23,225,23,202,15.413533834586465,6.7669172932330826,8.646616541353383,84.58646616541353,8.646616541353383,75.93984962406014
E00184852,233,29,11,18,204,21,183,12.446351931330472,4.721030042918455,7.725321888412018,87.55364806866953,9.012875536480687,78.54077253218884
E00184871,393,41,11,30,352,34,318,10.432569974554708,2.7989821882951653,7.633587786259542,89.56743002544529,8.651399491094146,80.91603053435115
E00184873,339,31,5,26,308,25,283,9.144542772861357,1.4749262536873156,7.669616519174041,90.85545722713864,7.374631268436578,83.48082595870207
E00184876,191,27,9,18,164,21,143,14.136125654450263,4.712041884816754,9.424083769633508,85.86387434554975,10.99476439790576,74.86910994764398
E00184878,302,45,13,32,257,38,219,14.90066225165563,4.304635761589404,10.596026490066226,85.09933774834437,12.582781456953644,72.51655629139073
E00184879,265,30,10,20,235,22,213,11.320754716981133,3.7735849056603774,7.547169811320755,88.67924528301887,8.30188679245283,80.37735849056604
E00184881,125,13,2,11,112,11,101,10.4,1.6,8.799999999999999,89.60000000000001,8.799999999999999,80.80000000000001
E00184887,172,12,1,11,160,8,152,6.976744186046512,0.5813953488372093,6.395348837209303,93.02325581395348,4.651162790697675,88.37209302325581
E00184890,487,56,14,42,431,48,383,11.498973305954825,2.8747433264887063,8.624229979466119,88.50102669404517,9.856262833675565,78.64476386036962
E00184900,305,33,7,26,272,24,248,10.819672131147541,2.2950819672131146,8.524590163934425,89.18032786885246,7.868852459016394,81.31147540983606
E00184903,350,42,9,33,308,24,284,12,2.571428571428571,9.428571428571429,88,6.857142857142858,81.14285714285714
E00184907,167,16,3,13,151,24,127,9.580838323353294,1.7964071856287425,7.784431137724551,90.41916167664671,14.37125748502994,76.04790419161677
E00184909,406,34,11,23,372,40,332,8.374384236453201,2.70935960591133,5.665024630541872,91.62561576354679,9.852216748768473,81.77339901477832
E00184917,369,25,8,17,344,21,323,6.775067750677506,2.168021680216802,4.607046070460704,93.22493224932249,5.691056910569105,87.53387533875339
E00184920,207,27,7,20,180,23,157,13.043478260869565,3.3816425120772946,9.66183574879227,86.95652173913044,11.11111111111111,75.84541062801932
E00184925,295,39,10,29,256,21,235,13.220338983050848,3.389830508474576,9.830508474576272,86.77966101694915,7.118644067796611,79.66101694915254
E00184926,438,53,17,36,385,44,341,12.100456621004566,3.881278538812785,8.21917808219178,87.89954337899543,10.045662100456621,77.85388127853882
E00184927,315,31,11,20,284,21,263,9.841269841269842,3.492063492063492,6.349206349206349,90.15873015873017,6.666666666666667,83.4920634920635
E00184928,177,17,3,14,160,6,154,9.6045197740113,1.694915254237288,7.909604519774012,90.3954802259887,3.389830508474576,87.00564971751412
E00184933,280,76,28,48,204,14,190,27.142857142857142,10,17.142857142857142,72.85714285714285,5,67.85714285714286
E00184935,230,34,9,25,196,17,179,14.782608695652174,3.91304347826087,10.869565217391305,85.21739130434783,7.391304347826087,77.82608695652173
E00184940,345,48,14,34,297,21,276,13.91304347826087,4.057971014492753,9.855072463768117,86.08695652173914,6.086956521739131,80
E00184947,400,40,9,31,360,43,317,10,2.25,7.75,90,10.75,79.25
E00184954,388,66,29,37,322,32,290,17.010309278350515,7.474226804123711,9.536082474226804,82.9896907216495,8.24742268041237,74.74226804123711
E00184976,245,40,14,26,205,15,190,16.3265306122449,5.714285714285714,10.612244897959183,83.6734693877551,6.122448979591836,77.55102040816327
E00184978,356,46,17,29,310,25,285,12.921348314606742,4.775280898876404,8.146067415730338,87.07865168539325,7.02247191011236,80.0561797752809
E00184997,187,25,9,16,162,13,149,13.368983957219251,4.81283422459893,8.55614973262032,86.63101604278076,6.951871657754011,79.67914438502673
E00184999,455,54,9,45,401,34,367,11.868131868131867,1.9780219780219779,9.89010989010989,88.13186813186813,7.472527472527473,80.65934065934066
E00185007,505,60,26,34,445,27,418,11.881188118811881,5.148514851485149,6.732673267326733,88.11881188118812,5.346534653465347,82.77227722772277
E00185009,270,42,15,27,228,18,210,15.555555555555555,5.555555555555555,10,84.44444444444444,6.666666666666667,77.77777777777779
E00185012,454,81,50,31,373,42,331,17.841409691629956,11.013215859030836,6.828193832599119,82.15859030837004,9.251101321585903,72.90748898678414
E00185014,246,42,16,26,204,23,181,17.073170731707318,6.504065040650407,10.569105691056912,82.92682926829268,9.34959349593496,73.57723577235772
E00185024,323,14,1,13,309,20,289,4.3343653250774,0.30959752321981426,4.024767801857585,95.6656346749226,6.191950464396285,89.47368421052632
E00185029,311,68,42,26,243,21,222,21.864951768488748,13.504823151125404,8.360128617363344,78.13504823151125,6.752411575562702,71.38263665594855
E00185030,196,50,22,28,146,11,135,25.510204081632654,11.224489795918368,14.285714285714285,74.48979591836735,5.612244897959184,68.87755102040816
