OA,ts0590001,ts0590002,ts0590003,ts0590004,ts0590005,ts0590006,ts0590007,ts0590002_PCT,ts0590003_PCT,ts0590004_PCT,ts0590005_PCT,ts0590006_PCT,ts0590007_PCT
E00017603,148,50,18,32,98,86,12,33.78378378378378,12.162162162162163,21.62162162162162,66.21621621621621,58.108108108108105,8.108108108108109
E00017604,99,37,10,27,62,58,4,37.37373737373738,10.1010101010101,27.27272727272727,62.62626262626263,58.58585858585859,4.040404040404041
E00017605,223,85,29,56,138,116,22,38.11659192825112,13.004484304932735,25.112107623318387,61.88340807174888,52.01793721973094,9.865470852017937
E00017607,215,66,27,39,149,131,18,30.697674418604652,12.558139534883722,18.13953488372093,69.30232558139535,60.93023255813953,8.372093023255815
E00017608,172,44,16,28,128,111,17,25.581395348837212,9.30232558139535,16.27906976744186,74.4186046511628,64.53488372093024,9.883720930232558
E00017609,140,45,14,31,95,80,15,32.142857142857146,10,22.142857142857142,67.85714285714286,57.14285714285714,10.714285714285714
E00017610,145,54,20,34,91,80,11,37.24137931034483,13.793103448275861,23.448275862068964,62.758620689655174,55.172413793103445,7.586206896551724
E00017611,226,86,27,59,140,117,23,38.05309734513274,11.946902654867257,26.10619469026549,61.94690265486725,51.76991150442478,10.176991150442479
E00017612,145,58,21,37,87,79,8,40,14.482758620689657,25.517241379310345,60,54.48275862068965,5.517241379310345
E00017614,150,49,21,28,101,87,14,32.666666666666664,14.000000000000002,18.666666666666668,67.33333333333333,57.99999999999999,9.333333333333334
E00017616,53,17,6,11,36,33,3,32.075471698113205,11.320754716981133,20.754716981132077,67.9245283018868,62.264150943396224,5.660377358490567
E00017617,136,48,23,25,88,80,8,35.294117647058826,16.911764705882355,18.38235294117647,64.70588235294117,58.82352941176471,5.88235294117647
E00017618,119,41,18,23,78,70,8,34.45378151260504,15.126050420168067,19.327731092436977,65.54621848739495,58.82352941176471,6.722689075630252
E00017619,132,41,17,24,91,78,13,31.060606060606062,12.878787878787879,18.181818181818183,68.93939393939394,59.09090909090909,9.848484848484848
E00017620,190,70,19,51,120,104,16,36.84210526315789,10,26.842105263157894,63.1578947368421,54.736842105263165,8.421052631578947
E00017621,177,53,22,31,124,105,19,29.943502824858758,12.429378531073446,17.51412429378531,70.05649717514125,59.32203389830508,10.734463276836157
E00017623,161,44,20,24,117,101,16,27.32919254658385,12.422360248447205,14.906832298136646,72.67080745341616,62.732919254658384,9.937888198757763
E00017624,168,51,20,31,117,103,14,30.357142857142854,11.904761904761903,18.452380952380953,69.64285714285714,61.30952380952381,8.333333333333332
E00017625,146,41,13,28,105,92,13,28.08219178082192,8.904109589041095,19.17808219178082,71.91780821917808,63.013698630136986,8.904109589041095
E00017627,187,58,28,30,129,115,14,31.016042780748666,14.973262032085561,16.042780748663102,68.98395721925134,61.49732620320856,7.4866310160427805
E00017628,205,67,18,49,138,128,10,32.6829268292683,8.780487804878048,23.902439024390244,67.31707317073172,62.4390243902439,4.878048780487805
E00017629,156,47,22,25,109,98,11,30.128205128205128,14.102564102564102,16.025641025641026,69.87179487179486,62.82051282051282,7.051282051282051
E00017630,182,64,30,34,118,100,18,35.16483516483517,16.483516483516482,18.681318681318682,64.83516483516483,54.94505494505495,9.89010989010989
E00017631,244,52,21,31,192,162,30,21.311475409836063,8.60655737704918,12.704918032786885,78.68852459016394,66.39344262295081,12.295081967213115
E00017632,154,45,14,31,109,94,15,29.22077922077922,9.090909090909092,20.12987012987013,70.77922077922078,61.038961038961034,9.740259740259742
E00017633,136,50,25,25,86,79,7,36.76470588235294,18.38235294117647,18.38235294117647,63.23529411764706,58.08823529411765,5.147058823529411
E00017634,221,69,21,48,152,135,17,31.221719457013574,9.502262443438914,21.71945701357466,68.77828054298642,61.085972850678736,7.6923076923076925
E00017635,147,55,18,37,92,77,15,37.41496598639456,12.244897959183673,25.170068027210885,62.585034013605444,52.38095238095239,10.204081632653061
E00017636,107,38,14,24,69,63,6,35.51401869158878,13.084112149532709,22.429906542056074,64.48598130841121,58.87850467289719,5.607476635514018
E00017637,91,29,6,23,62,57,5,31.868131868131865,6.593406593406594,25.274725274725274,68.13186813186813,62.637362637362635,5.4945054945054945
E00017638,100,32,13,19,68,52,16,32,13,19,68,52,16
E00017639,104,32,4,28,72,64,8,30.76923076923077,3.8461538461538463,26.923076923076923,69.23076923076923,61.53846153846154,7.6923076923076925
E00017640,97,31,10,21,66,50,16,31.958762886597935,10.309278350515463,21.649484536082475,68.04123711340206,51.546391752577314,16.49484536082474
E00017641,103,29,12,17,74,64,10,28.155339805825243,11.650485436893204,16.50485436893204,71.84466019417476,62.13592233009708,9.70873786407767
E00017642,78,25,12,13,53,42,11,32.05128205128205,15.384615384615385,16.666666666666664,67.94871794871796,53.84615384615385,14.102564102564102
E00017644,180,68,24,44,112,90,22,37.77777777777778,13.333333333333334,24.444444444444443,62.22222222222222,50,12.222222222222221
E00017645,147,40,13,27,107,86,21,27.2108843537415,8.843537414965986,18.367346938775512,72.78911564625851,58.50340136054422,14.285714285714285
E00017646,155,64,24,40,91,78,13,41.29032258064516,15.483870967741936,25.806451612903224,58.70967741935483,50.32258064516129,8.38709677419355
E00017647,195,77,15,62,118,108,10,39.48717948717949,7.6923076923076925,31.794871794871792,60.51282051282051,55.38461538461539,5.128205128205128
E00017649,252,93,25,68,159,141,18,36.904761904761905,9.920634920634921,26.984126984126984,63.095238095238095,55.952380952380956,7.142857142857142
E00017650,160,57,21,36,103,93,10,35.625,13.125,22.5,64.375,58.12500000000001,6.25
E00017654,198,75,28,47,123,100,23,37.878787878787875,14.14141414141414,23.737373737373737,62.121212121212125,50.505050505050505,11.616161616161616
E00017655,166,61,20,41,105,93,12,36.74698795180723,12.048192771084338,24.69879518072289,63.25301204819277,56.024096385542165,7.228915662650602
E00017656,190,59,27,32,131,118,13,31.05263157894737,14.210526315789473,16.842105263157894,68.94736842105263,62.10526315789474,6.842105263157896
E00017657,199,79,29,50,120,106,14,39.698492462311556,14.572864321608039,25.125628140703515,60.30150753768844,53.266331658291456,7.035175879396985
E00017658,183,56,15,41,127,108,19,30.601092896174865,8.19672131147541,22.404371584699454,69.39890710382514,59.01639344262295,10.382513661202186
E00017659,174,50,11,39,124,103,21,28.735632183908045,6.321839080459771,22.413793103448278,71.26436781609196,59.195402298850574,12.068965517241379
E00017660,251,70,28,42,181,145,36,27.88844621513944,11.155378486055776,16.733067729083665,72.11155378486056,57.76892430278885,14.342629482071715
E00017661,166,54,17,37,112,101,11,32.53012048192771,10.240963855421686,22.289156626506024,67.46987951807229,60.8433734939759,6.626506024096386
E00017662,211,53,19,34,158,135,23,25.118483412322274,9.004739336492891,16.113744075829384,74.88151658767772,63.98104265402843,10.90047393364929
E00017663,126,64,10,54,62,51,11,50.79365079365079,7.936507936507936,42.857142857142854,49.2063492063492,40.476190476190474,8.73015873015873
E00017664,119,45,14,31,74,64,10,37.81512605042017,11.76470588235294,26.05042016806723,62.18487394957983,53.78151260504202,8.403361344537815
E00017665,139,58,13,45,81,68,13,41.726618705035975,9.352517985611511,32.37410071942446,58.27338129496403,48.92086330935252,9.352517985611511
E00017666,95,29,8,21,66,53,13,30.526315789473685,8.421052631578947,22.105263157894736,69.47368421052632,55.78947368421052,13.684210526315791
E00017668,27,4,1,3,23,20,3,14.814814814814813,3.7037037037037033,11.11111111111111,85.18518518518519,74.07407407407408,11.11111111111111
E00017669,206,81,26,55,125,114,11,39.32038834951456,12.62135922330097,26.699029126213592,60.679611650485434,55.33980582524271,5.339805825242718
E00017671,187,84,39,45,103,92,11,44.919786096256686,20.855614973262032,24.06417112299465,55.080213903743314,49.19786096256685,5.88235294117647
E00017672,179,58,19,39,121,101,20,32.402234636871505,10.614525139664805,21.787709497206702,67.59776536312849,56.424581005586596,11.1731843575419
E00017673,120,48,18,30,72,68,4,40,15,25,60,56.666666666666664,3.3333333333333335
E00017674,112,44,16,28,68,63,5,39.285714285714285,14.285714285714285,25,60.71428571428571,56.25,4.464285714285714
E00017676,203,85,26,59,118,99,19,41.87192118226601,12.807881773399016,29.064039408866993,58.128078817733986,48.76847290640394,9.35960591133005
E00017677,144,56,14,42,88,76,12,38.88888888888889,9.722222222222223,29.166666666666668,61.111111111111114,52.77777777777778,8.333333333333332
E00017678,242,77,31,46,165,143,22,31.818181818181817,12.8099173553719,19.00826446280992,68.18181818181817,59.09090909090909,9.090909090909092
E00017679,249,90,46,44,159,134,25,36.144578313253014,18.473895582329316,17.670682730923694,63.85542168674698,53.81526104417671,10.040160642570282
E00017680,142,56,28,28,86,72,14,39.436619718309856,19.718309859154928,19.718309859154928,60.56338028169014,50.70422535211267,9.859154929577464
E00017682,267,100,39,61,167,141,26,37.453183520599254,14.606741573033707,22.846441947565545,62.546816479400746,52.80898876404494,9.737827715355806
E00017683,201,65,29,36,136,116,20,32.33830845771145,14.427860696517413,17.91044776119403,67.66169154228857,57.711442786069654,9.950248756218906
E00017684,90,31,13,18,59,51,8,34.44444444444444,14.444444444444443,20,65.55555555555556,56.666666666666664,8.88888888888889
E00017685,137,50,18,32,87,70,17,36.496350364963504,13.138686131386862,23.357664233576642,63.503649635036496,51.09489051094891,12.408759124087592
E00017686,132,45,19,26,87,79,8,34.090909090909086,14.393939393939394,19.696969696969695,65.9090909090909,59.84848484848485,6.0606060606060606
E00017687,120,46,15,31,74,63,11,38.333333333333336,12.5,25.833333333333336,61.66666666666667,52.5,9.166666666666666
E00017688,101,47,16,31,54,43,11,46.53465346534654,15.841584158415841,30.693069306930692,53.46534653465347,42.57425742574257,10.891089108910892
E00017689,167,60,27,33,107,94,13,35.92814371257485,16.16766467065868,19.760479041916167,64.07185628742515,56.287425149700596,7.784431137724551
E00017690,149,65,16,49,84,76,8,43.624161073825505,10.738255033557047,32.88590604026846,56.375838926174495,51.006711409395976,5.369127516778524
E00017691,208,75,33,42,133,117,16,36.05769230769231,15.865384615384615,20.192307692307693,63.942307692307686,56.25,7.6923076923076925
E00017692,204,74,21,53,130,116,14,36.27450980392157,10.294117647058822,25.98039215686275,63.725490196078425,56.86274509803921,6.862745098039216
E00017693,243,74,21,53,169,149,20,30.45267489711934,8.641975308641975,21.810699588477366,69.54732510288066,61.31687242798354,8.23045267489712
E00017694,139,51,21,30,88,76,12,36.69064748201439,15.107913669064748,21.58273381294964,63.30935251798561,54.67625899280576,8.633093525179856
E00017695,115,56,17,39,59,52,7,48.69565217391305,14.782608695652174,33.91304347826087,51.30434782608696,45.21739130434783,6.086956521739131
E00017696,127,49,15,34,78,66,12,38.582677165354326,11.811023622047244,26.77165354330709,61.417322834645674,51.96850393700787,9.448818897637794
E00017697,242,75,27,48,167,130,37,30.991735537190085,11.15702479338843,19.834710743801654,69.00826446280992,53.71900826446281,15.289256198347106
E00017698,249,86,35,51,163,147,16,34.53815261044177,14.056224899598394,20.481927710843372,65.46184738955823,59.036144578313255,6.425702811244979
E00017699,128,51,22,29,77,58,19,39.84375,17.1875,22.65625,60.15625,45.3125,14.84375
E00017700,120,44,23,21,76,64,12,36.666666666666664,19.166666666666668,17.5,63.33333333333333,53.333333333333336,10
E00017701,173,66,21,45,107,89,18,38.15028901734104,12.138728323699421,26.011560693641616,61.849710982658955,51.445086705202314,10.404624277456648
E00017702,224,90,34,56,134,113,21,40.17857142857143,15.178571428571427,25,59.82142857142857,50.44642857142857,9.375
E00017703,171,55,22,33,116,101,15,32.16374269005848,12.865497076023392,19.298245614035086,67.83625730994152,59.06432748538012,8.771929824561402
E00017704,156,45,11,34,111,99,12,28.846153846153843,7.051282051282051,21.794871794871796,71.15384615384616,63.46153846153846,7.6923076923076925
E00017705,254,88,31,57,166,146,20,34.645669291338585,12.204724409448819,22.440944881889763,65.35433070866141,57.48031496062992,7.874015748031496
E00017706,172,56,22,34,116,101,15,32.55813953488372,12.790697674418606,19.767441860465116,67.44186046511628,58.720930232558146,8.720930232558139
E00017707,159,60,22,38,99,83,16,37.735849056603776,13.836477987421384,23.89937106918239,62.264150943396224,52.20125786163522,10.062893081761008
E00017708,213,78,24,54,135,115,20,36.61971830985916,11.267605633802818,25.352112676056336,63.38028169014085,53.990610328638496,9.389671361502346
E00017709,144,44,22,22,100,85,15,30.555555555555557,15.277777777777779,15.277777777777779,69.44444444444444,59.02777777777778,10.416666666666668
E00017710,131,39,14,25,92,84,8,29.770992366412212,10.687022900763358,19.083969465648856,70.22900763358778,64.12213740458014,6.106870229007633
E00017711,207,78,28,50,129,108,21,37.68115942028986,13.526570048309178,24.154589371980677,62.31884057971014,52.17391304347826,10.144927536231885
E00017712,106,40,14,26,66,61,5,37.735849056603776,13.20754716981132,24.528301886792452,62.264150943396224,57.54716981132076,4.716981132075472
E00017713,166,61,14,47,105,89,16,36.74698795180723,8.433734939759036,28.313253012048197,63.25301204819277,53.6144578313253,9.63855421686747
E00017715,120,52,20,32,68,58,10,43.333333333333336,16.666666666666664,26.666666666666668,56.666666666666664,48.333333333333336,8.333333333333332
E00017718,158,47,21,26,111,99,12,29.746835443037973,13.291139240506327,16.455696202531644,70.25316455696202,62.65822784810127,7.59493670886076
E00017719,199,63,22,41,136,122,14,31.65829145728643,11.055276381909549,20.603015075376884,68.34170854271356,61.30653266331658,7.035175879396985
E00017720,108,34,12,22,74,67,7,31.48148148148148,11.11111111111111,20.37037037037037,68.51851851851852,62.03703703703704,6.481481481481481
E00017721,157,44,14,30,113,96,17,28.02547770700637,8.9171974522293,19.10828025477707,71.97452229299363,61.146496815286625,10.828025477707007
E00017722,323,101,41,60,222,175,47,31.269349845201237,12.693498452012383,18.575851393188856,68.73065015479877,54.179566563467496,14.551083591331269
E00017725,132,54,24,30,78,75,3,40.909090909090914,18.181818181818183,22.727272727272727,59.09090909090909,56.81818181818182,2.272727272727273
E00017728,294,105,35,70,189,167,22,35.714285714285715,11.904761904761903,23.809523809523807,64.28571428571429,56.80272108843537,7.482993197278912
E00017729,104,37,12,25,67,65,2,35.57692307692308,11.538461538461538,24.03846153846154,64.42307692307693,62.5,1.9230769230769231
E00017733,113,41,8,33,72,63,9,36.283185840707965,7.079646017699115,29.20353982300885,63.716814159292035,55.75221238938053,7.964601769911504
E00017734,101,28,17,11,73,62,11,27.722772277227726,16.831683168316832,10.891089108910892,72.27722772277228,61.386138613861384,10.891089108910892
E00017735,141,41,15,26,100,85,15,29.078014184397162,10.638297872340425,18.439716312056735,70.92198581560284,60.28368794326241,10.638297872340425
E00017736,131,45,16,29,86,76,10,34.35114503816794,12.213740458015266,22.137404580152673,65.64885496183206,58.01526717557252,7.633587786259542
E00017738,150,47,16,31,103,93,10,31.333333333333336,10.666666666666668,20.666666666666668,68.66666666666667,62,6.666666666666667
E00017739,161,62,29,33,99,85,14,38.50931677018634,18.012422360248447,20.496894409937887,61.49068322981367,52.79503105590062,8.695652173913043
E00017740,76,29,10,19,47,41,6,38.15789473684211,13.157894736842104,25,61.8421052631579,53.94736842105263,7.894736842105263
E00017741,245,91,34,57,154,138,16,37.142857142857146,13.877551020408163,23.26530612244898,62.857142857142854,56.326530612244895,6.530612244897959
E00017742,158,53,18,35,105,90,15,33.54430379746836,11.39240506329114,22.151898734177212,66.45569620253164,56.9620253164557,9.49367088607595
E00017743,94,40,7,33,54,51,3,42.5531914893617,7.446808510638298,35.1063829787234,57.446808510638306,54.25531914893617,3.1914893617021276
E00017744,221,74,21,53,147,130,17,33.4841628959276,9.502262443438914,23.981900452488688,66.51583710407239,58.82352941176471,7.6923076923076925
E00017745,127,34,13,21,93,73,20,26.77165354330709,10.236220472440944,16.535433070866144,73.22834645669292,57.48031496062992,15.748031496062993
E00017746,226,84,31,53,142,114,28,37.16814159292036,13.716814159292035,23.451327433628318,62.83185840707964,50.442477876106196,12.389380530973451
E00017747,210,73,23,50,137,111,26,34.76190476190476,10.952380952380953,23.809523809523807,65.23809523809524,52.85714285714286,12.380952380952381
E00017748,164,58,14,44,106,95,11,35.36585365853659,8.536585365853659,26.82926829268293,64.63414634146342,57.92682926829268,6.707317073170732
E00017751,295,76,28,48,219,194,25,25.76271186440678,9.491525423728813,16.271186440677965,74.23728813559322,65.76271186440678,8.47457627118644
E00017754,246,57,24,33,189,164,25,23.170731707317074,9.75609756097561,13.414634146341465,76.82926829268293,66.66666666666666,10.16260162601626
E00017758,291,105,42,63,186,161,25,36.08247422680412,14.432989690721648,21.649484536082475,63.91752577319587,55.32646048109966,8.59106529209622
E00017759,312,57,30,27,255,221,34,18.269230769230766,9.615384615384617,8.653846153846153,81.73076923076923,70.83333333333334,10.897435897435898
E00017760,151,50,11,39,101,90,11,33.11258278145696,7.28476821192053,25.82781456953642,66.88741721854305,59.60264900662252,7.28476821192053
E00017761,107,48,18,30,59,55,4,44.85981308411215,16.822429906542055,28.037383177570092,55.140186915887845,51.4018691588785,3.7383177570093453
E00017762,136,49,13,36,87,82,5,36.029411764705884,9.558823529411764,26.47058823529412,63.970588235294116,60.29411764705882,3.6764705882352944
E00017763,181,70,16,54,111,96,15,38.67403314917127,8.83977900552486,29.83425414364641,61.32596685082873,53.03867403314917,8.287292817679557
E00017764,161,55,22,33,106,88,18,34.161490683229815,13.664596273291925,20.496894409937887,65.83850931677019,54.6583850931677,11.180124223602485
E00017765,182,65,16,49,117,107,10,35.714285714285715,8.791208791208792,26.923076923076923,64.28571428571429,58.791208791208796,5.4945054945054945
E00017766,188,61,21,40,127,102,25,32.4468085106383,11.170212765957446,21.27659574468085,67.5531914893617,54.25531914893617,13.297872340425531
E00017767,102,29,7,22,73,68,5,28.431372549019606,6.862745098039216,21.568627450980394,71.56862745098039,66.66666666666666,4.901960784313726
E00017768,146,45,18,27,101,92,9,30.82191780821918,12.32876712328767,18.493150684931507,69.17808219178082,63.013698630136986,6.164383561643835
E00017769,230,65,20,45,165,145,20,28.26086956521739,8.695652173913043,19.565217391304348,71.73913043478261,63.04347826086957,8.695652173913043
E00017770,133,49,16,33,84,77,7,36.84210526315789,12.030075187969924,24.81203007518797,63.1578947368421,57.89473684210527,5.263157894736842
E00017771,194,70,27,43,124,103,21,36.08247422680412,13.917525773195877,22.164948453608247,63.91752577319587,53.09278350515464,10.824742268041238
E00017772,153,54,13,41,99,84,15,35.294117647058826,8.49673202614379,26.797385620915033,64.70588235294117,54.90196078431373,9.803921568627452
E00017773,135,38,13,25,97,78,19,28.14814814814815,9.62962962962963,18.51851851851852,71.85185185185186,57.77777777777777,14.074074074074074
E00017774,199,75,24,51,124,108,16,37.68844221105528,12.060301507537687,25.628140703517587,62.311557788944725,54.2713567839196,8.040201005025125
E00017775,154,57,16,41,97,79,18,37.01298701298701,10.38961038961039,26.623376623376622,62.98701298701299,51.298701298701296,11.688311688311687
E00017776,250,72,28,44,178,159,19,28.799999999999997,11.200000000000001,17.599999999999998,71.2,63.6,7.6
E00017777,272,95,35,60,177,141,36,34.92647058823529,12.867647058823529,22.058823529411764,65.07352941176471,51.83823529411765,13.23529411764706
E00017778,100,47,10,37,53,52,1,47,10,37,53,52,1
E00017779,81,31,16,15,50,46,4,38.2716049382716,19.753086419753085,18.51851851851852,61.72839506172839,56.79012345679012,4.938271604938271
E00017780,169,35,11,24,134,112,22,20.710059171597635,6.508875739644971,14.201183431952662,79.28994082840237,66.27218934911244,13.017751479289942
E00017781,166,54,14,40,112,101,11,32.53012048192771,8.433734939759036,24.096385542168676,67.46987951807229,60.8433734939759,6.626506024096386
E00017782,166,53,20,33,113,99,14,31.92771084337349,12.048192771084338,19.879518072289155,68.07228915662651,59.63855421686747,8.433734939759036
E00017783,196,69,23,46,127,115,12,35.204081632653065,11.73469387755102,23.46938775510204,64.79591836734694,58.673469387755105,6.122448979591836
E00017784,147,40,10,30,107,92,15,27.2108843537415,6.802721088435375,20.408163265306122,72.78911564625851,62.585034013605444,10.204081632653061
E00017785,246,81,30,51,165,141,24,32.926829268292686,12.195121951219512,20.73170731707317,67.07317073170732,57.3170731707317,9.75609756097561
E00017786,177,65,20,45,112,94,18,36.72316384180791,11.299435028248588,25.423728813559322,63.2768361581921,53.10734463276836,10.16949152542373
E00017787,194,62,22,40,132,113,19,31.958762886597935,11.34020618556701,20.618556701030926,68.04123711340206,58.24742268041238,9.793814432989691
E00017788,170,80,22,58,90,76,14,47.05882352941176,12.941176470588237,34.11764705882353,52.94117647058824,44.70588235294118,8.235294117647058
E00017789,167,52,17,35,115,101,14,31.137724550898206,10.179640718562874,20.958083832335326,68.8622754491018,60.47904191616767,8.383233532934131
E00017790,228,72,26,46,156,130,26,31.57894736842105,11.403508771929824,20.175438596491226,68.42105263157895,57.01754385964912,11.403508771929824
E00017791,252,78,20,58,174,155,19,30.952380952380953,7.936507936507936,23.015873015873016,69.04761904761905,61.50793650793651,7.5396825396825395
E00017792,152,53,18,35,99,80,19,34.868421052631575,11.842105263157894,23.026315789473685,65.13157894736842,52.63157894736842,12.5
E00017793,180,60,24,36,120,104,16,33.33333333333333,13.333333333333334,20,66.66666666666666,57.77777777777777,8.88888888888889
E00017794,193,60,18,42,133,119,14,31.088082901554404,9.32642487046632,21.761658031088082,68.9119170984456,61.6580310880829,7.253886010362693
E00017795,198,66,22,44,132,116,16,33.33333333333333,11.11111111111111,22.22222222222222,66.66666666666666,58.58585858585859,8.080808080808081
E00017796,166,59,24,35,107,93,14,35.54216867469879,14.457831325301203,21.084337349397593,64.45783132530121,56.024096385542165,8.433734939759036
E00017797,233,75,33,42,158,142,16,32.18884120171674,14.163090128755366,18.025751072961373,67.81115879828327,60.94420600858369,6.866952789699571
E00017798,154,51,20,31,103,88,15,33.116883116883116,12.987012987012985,20.12987012987013,66.88311688311688,57.14285714285714,9.740259740259742
E00017799,144,64,25,39,80,70,10,44.44444444444444,17.36111111111111,27.083333333333332,55.55555555555556,48.61111111111111,6.944444444444445
E00017801,191,86,36,50,105,85,20,45.0261780104712,18.848167539267017,26.17801047120419,54.973821989528794,44.50261780104712,10.471204188481675
E00017802,184,102,25,77,82,73,9,55.434782608695656,13.586956521739129,41.84782608695652,44.565217391304344,39.67391304347826,4.891304347826087
E00017803,223,70,23,47,153,142,11,31.390134529147986,10.31390134529148,21.076233183856502,68.60986547085201,63.67713004484305,4.932735426008969
E00017804,231,89,31,58,142,124,18,38.52813852813853,13.41991341991342,25.108225108225106,61.471861471861466,53.67965367965368,7.792207792207792
E00017805,241,98,30,68,143,115,28,40.66390041493776,12.448132780082988,28.21576763485477,59.33609958506224,47.71784232365145,11.618257261410788
E00017806,179,54,13,41,125,113,12,30.16759776536313,7.262569832402235,22.905027932960895,69.83240223463687,63.128491620111724,6.70391061452514
E00017807,161,65,16,49,96,89,7,40.37267080745342,9.937888198757763,30.434782608695656,59.62732919254658,55.27950310559007,4.3478260869565215
E00017808,209,99,38,61,110,100,10,47.368421052631575,18.181818181818183,29.1866028708134,52.63157894736842,47.84688995215311,4.784688995215311
E00017810,187,87,26,61,100,90,10,46.524064171122994,13.903743315508022,32.62032085561498,53.475935828877006,48.1283422459893,5.347593582887701
E00017811,155,57,29,28,98,86,12,36.774193548387096,18.70967741935484,18.064516129032256,63.2258064516129,55.483870967741936,7.741935483870968
E00017812,117,46,12,34,71,61,10,39.31623931623932,10.256410256410255,29.059829059829063,60.68376068376068,52.13675213675214,8.547008547008547
E00017814,178,84,24,60,94,81,13,47.19101123595505,13.48314606741573,33.70786516853933,52.80898876404494,45.50561797752809,7.303370786516854
E00017816,239,100,34,66,139,121,18,41.84100418410041,14.225941422594143,27.615062761506277,58.15899581589959,50.627615062761514,7.531380753138076
E00017817,170,71,23,48,99,91,8,41.76470588235294,13.529411764705882,28.235294117647058,58.235294117647065,53.529411764705884,4.705882352941177
E00017818,193,64,24,40,129,112,17,33.160621761658035,12.435233160621761,20.72538860103627,66.83937823834198,58.03108808290155,8.808290155440414
E00017819,276,82,34,48,194,173,21,29.71014492753623,12.318840579710146,17.391304347826086,70.28985507246377,62.68115942028986,7.608695652173914
E00017820,214,82,24,58,132,117,15,38.31775700934579,11.214953271028037,27.102803738317753,61.6822429906542,54.67289719626168,7.009345794392523
E00017821,190,64,22,42,126,104,22,33.68421052631579,11.578947368421053,22.105263157894736,66.3157894736842,54.736842105263165,11.578947368421053
E00017822,183,69,19,50,114,97,17,37.704918032786885,10.382513661202186,27.322404371584703,62.295081967213115,53.00546448087432,9.289617486338798
E00017823,220,72,32,40,148,126,22,32.72727272727273,14.545454545454545,18.181818181818183,67.27272727272727,57.27272727272727,10
E00017824,203,70,19,51,133,119,14,34.48275862068966,9.35960591133005,25.12315270935961,65.51724137931035,58.620689655172406,6.896551724137931
E00017825,154,74,29,45,80,72,8,48.05194805194805,18.83116883116883,29.22077922077922,51.94805194805194,46.75324675324675,5.194805194805195
E00017826,265,95,31,64,170,148,22,35.84905660377358,11.69811320754717,24.150943396226417,64.15094339622641,55.84905660377358,8.30188679245283
E00017827,209,78,25,53,131,120,11,37.32057416267943,11.961722488038278,25.358851674641148,62.67942583732058,57.41626794258373,5.263157894736842
E00017828,218,91,32,59,127,105,22,41.74311926605505,14.678899082568808,27.06422018348624,58.256880733944946,48.1651376146789,10.091743119266056
E00017829,220,73,29,44,147,135,12,33.18181818181819,13.18181818181818,20,66.81818181818183,61.36363636363637,5.454545454545454
E00017830,163,64,22,42,99,84,15,39.263803680981596,13.496932515337424,25.766871165644172,60.73619631901841,51.533742331288344,9.202453987730062
E00017833,221,89,37,52,132,115,17,40.27149321266968,16.7420814479638,23.52941176470588,59.72850678733032,52.03619909502263,7.6923076923076925
E00017834,116,36,13,23,80,71,9,31.03448275862069,11.206896551724139,19.82758620689655,68.96551724137932,61.206896551724135,7.758620689655173
E00017835,144,72,18,54,72,67,5,50,12.5,37.5,50,46.52777777777778,3.4722222222222223
E00017836,227,81,34,47,146,122,24,35.68281938325991,14.977973568281937,20.704845814977972,64.31718061674009,53.74449339207048,10.572687224669604
E00017837,261,82,33,49,179,158,21,31.417624521072796,12.643678160919542,18.773946360153257,68.5823754789272,60.53639846743295,8.045977011494253
E00017839,223,88,26,62,135,120,15,39.46188340807175,11.659192825112108,27.802690582959645,60.53811659192825,53.81165919282511,6.726457399103139
E00017840,251,112,39,73,139,129,10,44.6215139442231,15.53784860557769,29.08366533864542,55.37848605577689,51.39442231075697,3.9840637450199203
E00017841,170,60,18,42,110,103,7,35.294117647058826,10.588235294117647,24.705882352941178,64.70588235294117,60.588235294117645,4.117647058823529
E00017842,184,54,23,31,130,108,22,29.347826086956523,12.5,16.847826086956523,70.65217391304348,58.69565217391305,11.956521739130435
E00017843,166,74,30,44,92,85,7,44.57831325301205,18.072289156626507,26.506024096385545,55.42168674698795,51.204819277108435,4.216867469879518
E00017844,246,73,32,41,173,150,23,29.67479674796748,13.008130081300814,16.666666666666664,70.32520325203252,60.97560975609756,9.34959349593496
E00017845,303,122,45,77,181,170,11,40.26402640264026,14.85148514851485,25.412541254125415,59.73597359735974,56.10561056105611,3.6303630363036308
E00017846,170,79,25,54,91,81,10,46.470588235294116,14.705882352941178,31.76470588235294,53.529411764705884,47.647058823529406,5.88235294117647
E00017847,185,58,21,37,127,108,19,31.351351351351354,11.351351351351353,20,68.64864864864865,58.37837837837838,10.27027027027027
E00017848,176,68,28,40,108,94,14,38.63636363636363,15.909090909090908,22.727272727272727,61.36363636363637,53.40909090909091,7.954545454545454
E00017849,162,64,27,37,98,86,12,39.50617283950617,16.666666666666664,22.839506172839506,60.49382716049383,53.086419753086425,7.4074074074074066
E00017854,121,57,15,42,64,55,9,47.107438016528924,12.396694214876034,34.710743801652896,52.892561983471076,45.45454545454545,7.43801652892562
E00017855,213,100,31,69,113,94,19,46.948356807511736,14.553990610328638,32.3943661971831,53.051643192488264,44.13145539906103,8.92018779342723
E00017856,207,81,31,50,126,116,10,39.130434782608695,14.975845410628018,24.154589371980677,60.86956521739131,56.038647342995176,4.830917874396135
E00017857,122,56,23,33,66,58,8,45.90163934426229,18.852459016393443,27.049180327868854,54.09836065573771,47.540983606557376,6.557377049180328
E00017858,148,50,20,30,98,91,7,33.78378378378378,13.513513513513514,20.27027027027027,66.21621621621621,61.48648648648649,4.72972972972973
E00017860,214,88,38,50,126,108,18,41.1214953271028,17.75700934579439,23.364485981308412,58.87850467289719,50.467289719626166,8.411214953271028
E00017861,182,65,23,42,117,102,15,35.714285714285715,12.637362637362637,23.076923076923077,64.28571428571429,56.043956043956044,8.241758241758241
E00017862,155,56,20,36,99,86,13,36.12903225806451,12.903225806451612,23.225806451612904,63.87096774193548,55.483870967741936,8.38709677419355
E00017863,231,89,21,68,142,127,15,38.52813852813853,9.090909090909092,29.43722943722944,61.471861471861466,54.97835497835498,6.493506493506493
E00017865,151,51,20,31,100,91,9,33.77483443708609,13.245033112582782,20.52980132450331,66.22516556291392,60.264900662251655,5.960264900662252
E00017866,137,51,17,34,86,77,9,37.22627737226277,12.408759124087592,24.817518248175183,62.77372262773723,56.20437956204379,6.569343065693431
E00017867,147,55,16,39,92,78,14,37.41496598639456,10.884353741496598,26.53061224489796,62.585034013605444,53.06122448979592,9.523809523809524
E00017870,164,56,16,40,108,91,17,34.146341463414636,9.75609756097561,24.390243902439025,65.85365853658537,55.487804878048784,10.365853658536585
E00017871,189,66,17,49,123,107,16,34.92063492063492,8.994708994708994,25.925925925925924,65.07936507936508,56.613756613756614,8.465608465608465
E00017872,107,38,10,28,69,59,10,35.51401869158878,9.345794392523365,26.168224299065418,64.48598130841121,55.140186915887845,9.345794392523365
E00017873,96,39,13,26,57,47,10,40.625,13.541666666666666,27.083333333333332,59.375,48.95833333333333,10.416666666666668
E00017874,107,46,23,23,61,57,4,42.99065420560748,21.49532710280374,21.49532710280374,57.009345794392516,53.271028037383175,3.7383177570093453
E00017875,255,96,45,51,159,135,24,37.64705882352941,17.647058823529413,20,62.35294117647059,52.94117647058824,9.411764705882353
E00017876,86,42,12,30,44,44,0,48.837209302325576,13.953488372093023,34.883720930232556,51.162790697674424,51.162790697674424,0
E00017877,72,32,8,24,40,37,3,44.44444444444444,11.11111111111111,33.33333333333333,55.55555555555556,51.388888888888886,4.166666666666666
E00017878,72,28,11,17,44,39,5,38.88888888888889,15.277777777777779,23.61111111111111,61.111111111111114,54.166666666666664,6.944444444444445
E00017879,117,46,13,33,71,62,9,39.31623931623932,11.11111111111111,28.205128205128204,60.68376068376068,52.991452991452995,7.6923076923076925
E00017880,230,78,29,49,152,132,20,33.91304347826087,12.608695652173912,21.304347826086957,66.08695652173913,57.391304347826086,8.695652173913043
E00017881,90,30,7,23,60,56,4,33.33333333333333,7.777777777777778,25.555555555555554,66.66666666666666,62.22222222222222,4.444444444444445
E00017882,144,57,20,37,87,77,10,39.58333333333333,13.88888888888889,25.694444444444443,60.416666666666664,53.47222222222222,6.944444444444445
E00017883,111,41,17,24,70,63,7,36.93693693693694,15.315315315315313,21.62162162162162,63.06306306306306,56.75675675675676,6.306306306306306
E00017884,168,62,24,38,106,93,13,36.904761904761905,14.285714285714285,22.61904761904762,63.095238095238095,55.35714285714286,7.738095238095238
E00017885,128,48,19,29,80,71,9,37.5,14.84375,22.65625,62.5,55.46875,7.03125
E00017886,157,61,19,42,96,87,9,38.853503184713375,12.101910828025478,26.751592356687897,61.146496815286625,55.4140127388535,5.7324840764331215
E00017887,142,50,17,33,92,78,14,35.2112676056338,11.971830985915492,23.239436619718308,64.7887323943662,54.929577464788736,9.859154929577464
E00017888,106,42,11,31,64,58,6,39.62264150943396,10.377358490566039,29.245283018867923,60.37735849056604,54.71698113207547,5.660377358490567
E00017889,159,59,20,39,100,81,19,37.10691823899371,12.578616352201259,24.528301886792452,62.893081761006286,50.943396226415096,11.949685534591195
E00017890,147,51,12,39,96,84,12,34.69387755102041,8.16326530612245,26.53061224489796,65.3061224489796,57.14285714285714,8.16326530612245
E00017891,134,49,18,31,85,79,6,36.56716417910448,13.432835820895523,23.134328358208954,63.43283582089553,58.95522388059702,4.477611940298507
E00017892,171,53,18,35,118,107,11,30.994152046783626,10.526315789473683,20.46783625730994,69.00584795321637,62.57309941520468,6.432748538011696
E00017893,228,80,24,56,148,115,33,35.08771929824561,10.526315789473683,24.561403508771928,64.91228070175438,50.43859649122807,14.473684210526317
E00017894,128,41,11,30,87,73,14,32.03125,8.59375,23.4375,67.96875,57.03125,10.9375
E00017895,148,43,11,32,105,90,15,29.054054054054053,7.4324324324324325,21.62162162162162,70.94594594594594,60.810810810810814,10.135135135135135
E00017896,137,48,16,32,89,82,7,35.03649635036496,11.678832116788321,23.357664233576642,64.96350364963503,59.854014598540154,5.109489051094891
E00017897,152,49,19,30,103,95,8,32.23684210526316,12.5,19.736842105263158,67.76315789473685,62.5,5.263157894736842
E00017898,158,54,24,30,104,86,18,34.177215189873415,15.18987341772152,18.9873417721519,65.82278481012658,54.43037974683544,11.39240506329114
E00017899,141,61,21,40,80,69,11,43.262411347517734,14.893617021276595,28.368794326241137,56.73758865248227,48.93617021276596,7.801418439716312
E00017900,180,68,21,47,112,103,9,37.77777777777778,11.666666666666666,26.111111111111114,62.22222222222222,57.22222222222222,5
E00017901,158,45,12,33,113,102,11,28.48101265822785,7.59493670886076,20.88607594936709,71.51898734177216,64.55696202531645,6.962025316455696
E00017903,232,67,30,37,165,128,37,28.879310344827587,12.931034482758621,15.948275862068966,71.12068965517241,55.172413793103445,15.948275862068966
E00017904,119,34,15,19,85,71,14,28.57142857142857,12.605042016806722,15.966386554621847,71.42857142857143,59.66386554621849,11.76470588235294
E00017905,159,50,15,35,109,98,11,31.446540880503143,9.433962264150944,22.0125786163522,68.55345911949685,61.63522012578616,6.918238993710692
E00017906,170,51,23,28,119,103,16,30,13.529411764705882,16.470588235294116,70,60.588235294117645,9.411764705882353
E00017907,156,52,23,29,104,88,16,33.33333333333333,14.743589743589745,18.58974358974359,66.66666666666666,56.41025641025641,10.256410256410255
E00017908,172,51,20,31,121,101,20,29.651162790697676,11.627906976744185,18.023255813953487,70.34883720930233,58.720930232558146,11.627906976744185
E00017909,136,41,15,26,95,80,15,30.14705882352941,11.029411764705882,19.11764705882353,69.85294117647058,58.82352941176471,11.029411764705882
E00017910,166,55,20,35,111,97,14,33.13253012048193,12.048192771084338,21.084337349397593,66.86746987951807,58.43373493975904,8.433734939759036
E00017911,176,63,20,43,113,105,8,35.79545454545455,11.363636363636363,24.431818181818183,64.20454545454545,59.65909090909091,4.545454545454546
E00017912,215,69,30,39,146,118,28,32.093023255813954,13.953488372093023,18.13953488372093,67.90697674418604,54.88372093023256,13.023255813953488
E00017913,204,59,22,37,145,119,26,28.921568627450984,10.784313725490197,18.137254901960784,71.07843137254902,58.333333333333336,12.745098039215685
E00017914,139,47,18,29,92,78,14,33.81294964028777,12.949640287769784,20.863309352517987,66.18705035971223,56.11510791366906,10.071942446043165
E00017915,190,54,21,33,136,102,34,28.421052631578945,11.052631578947368,17.36842105263158,71.57894736842105,53.68421052631579,17.894736842105264
E00017916,192,44,19,25,148,123,25,22.916666666666664,9.895833333333332,13.020833333333334,77.08333333333334,64.0625,13.020833333333334
E00017917,217,67,30,37,150,128,22,30.87557603686636,13.82488479262673,17.050691244239633,69.12442396313364,58.986175115207374,10.138248847926267
E00017918,206,39,19,20,167,143,24,18.932038834951456,9.223300970873787,9.70873786407767,81.06796116504854,69.41747572815534,11.650485436893204
E00017919,191,74,31,43,117,92,25,38.7434554973822,16.230366492146597,22.5130890052356,61.25654450261781,48.167539267015705,13.089005235602095
E00017920,147,53,21,32,94,86,8,36.054421768707485,14.285714285714285,21.768707482993197,63.94557823129252,58.50340136054422,5.442176870748299
E00017921,204,57,21,36,147,119,28,27.941176470588236,10.294117647058822,17.647058823529413,72.05882352941177,58.333333333333336,13.725490196078432
E00017922,209,79,28,51,130,111,19,37.79904306220095,13.397129186602871,24.401913875598087,62.20095693779905,53.110047846889955,9.090909090909092
E00017923,195,48,18,30,147,125,22,24.615384615384617,9.230769230769232,15.384615384615385,75.38461538461539,64.1025641025641,11.282051282051283
E00017924,137,27,12,15,110,88,22,19.708029197080293,8.75912408759124,10.948905109489052,80.2919708029197,64.23357664233576,16.05839416058394
E00017926,192,77,28,49,115,99,16,40.10416666666667,14.583333333333334,25.520833333333332,59.895833333333336,51.5625,8.333333333333332
E00017927,227,58,30,28,169,152,17,25.55066079295154,13.215859030837004,12.334801762114537,74.44933920704845,66.96035242290749,7.488986784140969
E00017928,146,58,32,26,88,76,12,39.726027397260275,21.91780821917808,17.80821917808219,60.273972602739725,52.054794520547944,8.21917808219178
E00017930,129,53,21,32,76,68,8,41.08527131782946,16.27906976744186,24.8062015503876,58.91472868217055,52.71317829457365,6.2015503875969
E00017931,199,87,42,45,112,100,12,43.71859296482412,21.105527638190953,22.613065326633166,56.28140703517588,50.25125628140703,6.030150753768844
E00017933,198,64,33,31,134,113,21,32.323232323232325,16.666666666666664,15.656565656565657,67.67676767676768,57.07070707070707,10.606060606060606
E00017934,243,62,23,39,181,156,25,25.514403292181072,9.465020576131687,16.049382716049383,74.48559670781893,64.19753086419753,10.2880658436214
E00017935,246,69,27,42,177,137,40,28.04878048780488,10.975609756097562,17.073170731707318,71.95121951219512,55.6910569105691,16.260162601626014
E00017936,209,48,17,31,161,132,29,22.966507177033492,8.133971291866029,14.832535885167463,77.03349282296651,63.1578947368421,13.875598086124402
E00017937,233,69,28,41,164,135,29,29.613733905579398,12.017167381974248,17.59656652360515,70.3862660944206,57.93991416309014,12.446351931330472
E00017938,96,27,4,23,69,55,14,28.125,4.166666666666666,23.958333333333336,71.875,57.291666666666664,14.583333333333334
E00017939,112,30,9,21,82,65,17,26.785714285714285,8.035714285714286,18.75,73.21428571428571,58.03571428571429,15.178571428571427
E00017940,230,85,31,54,145,128,17,36.95652173913043,13.478260869565217,23.47826086956522,63.04347826086957,55.65217391304348,7.391304347826087
E00017941,189,66,24,42,123,108,15,34.92063492063492,12.698412698412698,22.22222222222222,65.07936507936508,57.14285714285714,7.936507936507936
E00017942,261,93,44,49,168,134,34,35.63218390804598,16.85823754789272,18.773946360153257,64.36781609195403,51.34099616858238,13.026819923371647
E00017943,160,62,21,41,98,83,15,38.75,13.125,25.624999999999996,61.25000000000001,51.87500000000001,9.375
E00017944,179,60,20,40,119,101,18,33.5195530726257,11.1731843575419,22.3463687150838,66.4804469273743,56.424581005586596,10.05586592178771
E00017945,211,56,21,35,155,122,33,26.540284360189574,9.95260663507109,16.587677725118482,73.45971563981043,57.81990521327014,15.639810426540285
E00017946,201,80,27,53,121,101,20,39.800995024875625,13.432835820895523,26.368159203980102,60.19900497512438,50.24875621890548,9.950248756218906
E00017947,171,65,25,40,106,91,15,38.01169590643275,14.619883040935672,23.391812865497073,61.98830409356725,53.216374269005854,8.771929824561402
E00017948,122,42,21,21,80,65,15,34.42622950819672,17.21311475409836,17.21311475409836,65.57377049180327,53.278688524590166,12.295081967213115
E00017949,82,28,10,18,54,46,8,34.146341463414636,12.195121951219512,21.951219512195124,65.85365853658537,56.09756097560976,9.75609756097561
E00017952,165,93,35,58,72,65,7,56.36363636363636,21.21212121212121,35.15151515151515,43.63636363636363,39.39393939393939,4.242424242424243
E00017953,185,77,25,52,108,95,13,41.62162162162162,13.513513513513514,28.10810810810811,58.37837837837838,51.35135135135135,7.027027027027027
E00017954,155,76,24,52,79,71,8,49.03225806451613,15.483870967741936,33.5483870967742,50.967741935483865,45.806451612903224,5.161290322580645
E00017955,207,86,26,60,121,109,12,41.54589371980676,12.560386473429952,28.985507246376812,58.454106280193244,52.65700483091788,5.797101449275362
E00017956,207,65,23,42,142,117,25,31.40096618357488,11.11111111111111,20.28985507246377,68.59903381642512,56.52173913043478,12.077294685990339
E00017957,215,85,26,59,130,112,18,39.53488372093023,12.093023255813954,27.44186046511628,60.46511627906976,52.093023255813954,8.372093023255815
E00017958,177,61,19,42,116,103,13,34.463276836158194,10.734463276836157,23.728813559322035,65.5367231638418,58.19209039548022,7.344632768361582
E00017959,343,77,31,46,266,227,39,22.448979591836736,9.037900874635568,13.411078717201166,77.55102040816327,66.1807580174927,11.370262390670554
E00017961,154,56,23,33,98,88,10,36.36363636363637,14.935064935064934,21.428571428571427,63.63636363636363,57.14285714285714,6.493506493506493
E00017962,113,48,14,34,65,57,8,42.47787610619469,12.389380530973451,30.08849557522124,57.52212389380531,50.442477876106196,7.079646017699115
E00017963,171,84,33,51,87,74,13,49.122807017543856,19.298245614035086,29.82456140350877,50.877192982456144,43.27485380116959,7.602339181286549
E00017965,202,66,19,47,136,118,18,32.67326732673268,9.405940594059405,23.26732673267327,67.32673267326733,58.415841584158414,8.91089108910891
E00017967,178,78,25,53,100,87,13,43.82022471910113,14.04494382022472,29.775280898876407,56.17977528089888,48.87640449438202,7.303370786516854
E00017968,133,57,26,31,76,70,6,42.857142857142854,19.548872180451127,23.308270676691727,57.14285714285714,52.63157894736842,4.511278195488721
E00017969,156,58,19,39,98,88,10,37.17948717948718,12.179487179487179,25,62.82051282051282,56.41025641025641,6.41025641025641
E00017970,128,47,18,29,81,67,14,36.71875,14.0625,22.65625,63.28125,52.34375,10.9375
E00017971,227,75,22,53,152,127,25,33.03964757709251,9.691629955947137,23.348017621145374,66.96035242290749,55.947136563876654,11.013215859030836
E00017972,214,67,23,44,147,120,27,31.308411214953267,10.74766355140187,20.5607476635514,68.69158878504673,56.074766355140184,12.616822429906541
E00017973,207,95,42,53,112,98,14,45.893719806763286,20.28985507246377,25.60386473429952,54.106280193236714,47.34299516908212,6.763285024154589
E00017974,223,70,38,32,153,142,11,31.390134529147986,17.040358744394617,14.349775784753364,68.60986547085201,63.67713004484305,4.932735426008969
E00017975,224,62,16,46,162,134,28,27.67857142857143,7.142857142857142,20.535714285714285,72.32142857142857,59.82142857142857,12.5
E00017976,155,40,22,18,115,93,22,25.806451612903224,14.193548387096774,11.612903225806452,74.19354838709677,60,14.193548387096774
E00017977,239,48,21,27,191,166,25,20.0836820083682,8.786610878661087,11.297071129707113,79.9163179916318,69.4560669456067,10.460251046025103
E00017978,143,54,19,35,89,74,15,37.76223776223776,13.286713286713287,24.475524475524477,62.23776223776224,51.74825174825175,10.48951048951049
E00017979,162,51,26,25,111,94,17,31.48148148148148,16.049382716049383,15.432098765432098,68.51851851851852,58.0246913580247,10.493827160493826
E00017980,186,69,33,36,117,96,21,37.096774193548384,17.741935483870968,19.35483870967742,62.903225806451616,51.61290322580645,11.29032258064516
E00017981,160,73,29,44,87,77,10,45.625,18.125,27.500000000000004,54.37499999999999,48.125,6.25
E00017982,249,76,27,49,173,147,26,30.522088353413658,10.843373493975903,19.67871485943775,69.47791164658635,59.036144578313255,10.441767068273093
E00017983,259,96,27,69,163,145,18,37.06563706563706,10.424710424710424,26.640926640926644,62.93436293436293,55.98455598455598,6.94980694980695
E00017984,166,78,28,50,88,79,9,46.98795180722892,16.867469879518072,30.120481927710845,53.01204819277109,47.59036144578313,5.421686746987952
E00017985,170,75,39,36,95,83,12,44.11764705882353,22.941176470588236,21.176470588235293,55.88235294117647,48.8235294117647,7.0588235294117645
E00017986,171,72,25,47,99,87,12,42.10526315789473,14.619883040935672,27.485380116959064,57.89473684210527,50.877192982456144,7.017543859649122
E00017987,173,62,16,46,111,95,16,35.83815028901734,9.248554913294797,26.589595375722542,64.16184971098265,54.91329479768786,9.248554913294797
E00017988,157,49,21,28,108,87,21,31.210191082802545,13.375796178343949,17.8343949044586,68.78980891719745,55.4140127388535,13.375796178343949
E00017989,174,66,21,45,108,97,11,37.93103448275862,12.068965517241379,25.862068965517242,62.06896551724138,55.74712643678161,6.321839080459771
E00017990,193,85,20,65,108,99,9,44.04145077720207,10.362694300518134,33.67875647668394,55.95854922279793,51.29533678756477,4.66321243523316
E00017991,195,76,21,55,119,103,16,38.97435897435898,10.76923076923077,28.205128205128204,61.02564102564103,52.820512820512825,8.205128205128204
E00017992,180,70,25,45,110,95,15,38.88888888888889,13.88888888888889,25,61.111111111111114,52.77777777777778,8.333333333333332
E00017994,173,69,20,49,104,93,11,39.884393063583815,11.560693641618498,28.32369942196532,60.115606936416185,53.75722543352601,6.358381502890173
E00017995,239,74,27,47,165,152,13,30.962343096234306,11.297071129707113,19.665271966527197,69.0376569037657,63.59832635983263,5.439330543933055
E00017996,168,69,21,48,99,88,11,41.07142857142857,12.5,28.57142857142857,58.92857142857143,52.38095238095239,6.547619047619048
E00017997,216,99,37,62,117,98,19,45.83333333333333,17.12962962962963,28.703703703703702,54.166666666666664,45.370370370370374,8.796296296296296
E00017999,237,102,40,62,135,121,14,43.037974683544306,16.877637130801688,26.160337552742618,56.9620253164557,51.0548523206751,5.9071729957805905
E00018001,221,84,25,59,137,115,22,38.009049773755656,11.312217194570136,26.69683257918552,61.990950226244344,52.03619909502263,9.95475113122172
E00018003,146,42,14,28,104,95,9,28.767123287671232,9.58904109589041,19.17808219178082,71.23287671232876,65.06849315068493,6.164383561643835
E00018004,207,83,24,59,124,106,18,40.09661835748793,11.594202898550725,28.502415458937197,59.90338164251207,51.20772946859904,8.695652173913043
E00018005,169,73,24,49,96,80,16,43.19526627218935,14.201183431952662,28.994082840236686,56.80473372781065,47.337278106508876,9.467455621301776
E00018006,184,116,30,86,68,58,10,63.04347826086957,16.304347826086957,46.73913043478261,36.95652173913043,31.521739130434785,5.434782608695652
E00018009,111,61,11,50,50,50,0,54.95495495495496,9.90990990990991,45.04504504504504,45.04504504504504,45.04504504504504,0
E00018010,170,56,11,45,114,94,20,32.94117647058823,6.470588235294119,26.47058823529412,67.05882352941175,55.294117647058826,11.76470588235294
E00018012,158,75,26,49,83,75,8,47.46835443037975,16.455696202531644,31.0126582278481,52.53164556962025,47.46835443037975,5.063291139240507
E00018013,201,76,26,50,125,107,18,37.81094527363184,12.935323383084576,24.875621890547265,62.189054726368155,53.233830845771145,8.955223880597014
E00018015,182,63,22,41,119,104,15,34.61538461538461,12.087912087912088,22.52747252747253,65.38461538461539,57.14285714285714,8.241758241758241
E00018016,192,63,17,46,129,115,14,32.8125,8.854166666666668,23.958333333333336,67.1875,59.895833333333336,7.291666666666667
E00018017,204,88,32,56,116,102,14,43.13725490196079,15.686274509803921,27.450980392156865,56.86274509803921,50,6.862745098039216
E00018018,213,88,22,66,125,109,16,41.31455399061033,10.328638497652582,30.985915492957744,58.68544600938967,51.173708920187785,7.511737089201878
E00018019,205,98,40,58,107,92,15,47.80487804878049,19.51219512195122,28.292682926829265,52.19512195121951,44.87804878048781,7.317073170731707
E00018020,197,73,26,47,124,116,8,37.055837563451774,13.19796954314721,23.85786802030457,62.944162436548226,58.88324873096447,4.060913705583756
E00018021,205,81,24,57,124,114,10,39.51219512195122,11.707317073170733,27.80487804878049,60.48780487804878,55.60975609756098,4.878048780487805
E00018022,182,79,30,49,103,94,9,43.40659340659341,16.483516483516482,26.923076923076923,56.59340659340659,51.64835164835166,4.945054945054945
E00018023,234,85,26,59,149,132,17,36.324786324786324,11.11111111111111,25.213675213675213,63.67521367521367,56.41025641025641,7.264957264957266
E00018024,137,52,16,36,85,72,13,37.95620437956204,11.678832116788321,26.277372262773724,62.04379562043796,52.55474452554745,9.48905109489051
E00018025,188,56,25,31,132,119,13,29.78723404255319,13.297872340425531,16.48936170212766,70.2127659574468,63.297872340425535,6.914893617021277
E00018026,157,82,26,56,75,68,7,52.22929936305732,16.560509554140125,35.6687898089172,47.77070063694268,43.31210191082803,4.45859872611465
E00018027,79,19,5,14,60,55,5,24.050632911392405,6.329113924050633,17.72151898734177,75.9493670886076,69.62025316455697,6.329113924050633
E00018028,217,76,25,51,141,117,24,35.02304147465438,11.52073732718894,23.502304147465438,64.97695852534562,53.91705069124424,11.059907834101383
E00018030,237,76,23,53,161,145,16,32.06751054852321,9.70464135021097,22.362869198312236,67.9324894514768,61.18143459915611,6.751054852320674
E00018031,218,83,29,54,135,118,17,38.07339449541284,13.302752293577983,24.770642201834864,61.92660550458715,54.12844036697248,7.79816513761468
E00018032,202,73,25,48,129,109,20,36.13861386138614,12.376237623762377,23.762376237623762,63.86138613861386,53.960396039603964,9.900990099009901
E00018033,165,64,20,44,101,86,15,38.78787878787879,12.121212121212121,26.666666666666668,61.212121212121204,52.121212121212125,9.090909090909092
E00018034,186,73,32,41,113,96,17,39.247311827956985,17.20430107526882,22.043010752688172,60.752688172043015,51.61290322580645,9.13978494623656
E00018035,98,46,16,30,52,45,7,46.93877551020408,16.3265306122449,30.612244897959183,53.06122448979592,45.91836734693878,7.142857142857142
E00018036,193,59,28,31,134,116,18,30.569948186528496,14.507772020725387,16.06217616580311,69.43005181347151,60.10362694300518,9.32642487046632
E00018038,198,79,35,44,119,103,16,39.8989898989899,17.67676767676768,22.22222222222222,60.1010101010101,52.02020202020202,8.080808080808081
E00018040,168,71,28,43,97,86,11,42.26190476190476,16.666666666666664,25.595238095238095,57.738095238095234,51.19047619047619,6.547619047619048
E00018041,169,77,30,47,92,79,13,45.562130177514796,17.75147928994083,27.810650887573964,54.437869822485204,46.74556213017752,7.6923076923076925
E00018042,147,65,23,42,82,74,8,44.21768707482993,15.646258503401361,28.57142857142857,55.78231292517006,50.34013605442177,5.442176870748299
E00018043,247,81,27,54,166,139,27,32.79352226720648,10.931174089068826,21.86234817813765,67.20647773279353,56.2753036437247,10.931174089068826
E00018044,199,88,24,64,111,104,7,44.221105527638194,12.060301507537687,32.1608040201005,55.778894472361806,52.26130653266332,3.5175879396984926
E00018045,193,64,15,49,129,104,25,33.160621761658035,7.772020725388601,25.38860103626943,66.83937823834198,53.8860103626943,12.953367875647666
E00018046,153,66,21,45,87,78,9,43.13725490196079,13.725490196078432,29.411764705882355,56.86274509803921,50.98039215686274,5.88235294117647
E00018047,201,104,38,66,97,83,14,51.741293532338304,18.90547263681592,32.83582089552239,48.258706467661696,41.29353233830846,6.965174129353234
E00018048,108,49,17,32,59,53,6,45.370370370370374,15.74074074074074,29.629629629629626,54.629629629629626,49.074074074074076,5.555555555555555
E00018049,176,72,22,50,104,91,13,40.909090909090914,12.5,28.40909090909091,59.09090909090909,51.70454545454546,7.386363636363637
E00018050,153,57,23,34,96,89,7,37.254901960784316,15.032679738562091,22.22222222222222,62.745098039215684,58.16993464052288,4.57516339869281
E00018051,95,40,15,25,55,48,7,42.10526315789473,15.789473684210526,26.31578947368421,57.89473684210527,50.526315789473685,7.368421052631578
E00018052,164,66,22,44,98,91,7,40.243902439024396,13.414634146341465,26.82926829268293,59.756097560975604,55.487804878048784,4.2682926829268295
E00018053,132,49,13,36,83,76,7,37.121212121212125,9.848484848484848,27.27272727272727,62.878787878787875,57.57575757575758,5.303030303030303
E00018054,143,76,28,48,67,61,6,53.14685314685315,19.58041958041958,33.56643356643357,46.85314685314685,42.65734265734265,4.195804195804196
E00018055,81,32,10,22,49,43,6,39.50617283950617,12.345679012345679,27.160493827160494,60.49382716049383,53.086419753086425,7.4074074074074066
E00018056,178,74,30,44,104,89,15,41.57303370786517,16.853932584269664,24.719101123595504,58.42696629213483,50,8.426966292134832
E00018057,168,73,26,47,95,87,8,43.452380952380956,15.476190476190476,27.976190476190478,56.547619047619044,51.78571428571429,4.761904761904762
E00018058,201,65,17,48,136,113,23,32.33830845771145,8.45771144278607,23.88059701492537,67.66169154228857,56.21890547263681,11.442786069651742
E00018059,176,72,24,48,104,86,18,40.909090909090914,13.636363636363635,27.27272727272727,59.09090909090909,48.86363636363637,10.227272727272728
E00018060,205,89,28,61,116,105,11,43.41463414634146,13.658536585365855,29.756097560975608,56.58536585365853,51.21951219512195,5.365853658536586
E00018061,135,77,25,52,58,50,8,57.03703703703704,18.51851851851852,38.51851851851852,42.96296296296296,37.03703703703704,5.9259259259259265
E00018062,191,78,29,49,113,105,8,40.83769633507853,15.18324607329843,25.654450261780106,59.16230366492147,54.973821989528794,4.18848167539267
E00018063,235,107,33,74,128,105,23,45.53191489361702,14.042553191489363,31.48936170212766,54.46808510638298,44.680851063829785,9.787234042553191
E00018064,188,63,22,41,125,113,12,33.51063829787234,11.702127659574469,21.808510638297875,66.48936170212765,60.1063829787234,6.382978723404255
E00018065,183,59,16,43,124,107,17,32.240437158469945,8.743169398907105,23.497267759562842,67.75956284153006,58.46994535519126,9.289617486338798
E00018066,187,74,20,54,113,96,17,39.57219251336899,10.695187165775401,28.87700534759358,60.42780748663101,51.33689839572193,9.090909090909092
E00018067,157,79,21,58,78,73,5,50.318471337579616,13.375796178343949,36.94267515923567,49.681528662420384,46.496815286624205,3.1847133757961785
E00018068,156,70,15,55,86,77,9,44.871794871794876,9.615384615384617,35.256410256410255,55.12820512820513,49.358974358974365,5.769230769230769
E00018069,133,51,17,34,82,70,12,38.34586466165413,12.781954887218044,25.563909774436087,61.65413533834586,52.63157894736842,9.022556390977442
E00018070,167,79,24,55,88,70,18,47.30538922155689,14.37125748502994,32.93413173652694,52.69461077844312,41.91616766467065,10.778443113772456
E00018071,151,62,19,43,89,76,13,41.05960264900662,12.582781456953644,28.47682119205298,58.94039735099338,50.331125827814574,8.609271523178808
E00018072,149,74,28,46,75,69,6,49.664429530201346,18.79194630872483,30.87248322147651,50.33557046979866,46.308724832214764,4.026845637583892
E00018073,122,52,19,33,70,58,12,42.62295081967213,15.573770491803279,27.049180327868854,57.377049180327866,47.540983606557376,9.836065573770492
E00018074,147,64,15,49,83,76,7,43.53741496598639,10.204081632653061,33.33333333333333,56.4625850340136,51.70068027210885,4.761904761904762
E00018075,188,79,24,55,109,103,6,42.02127659574468,12.76595744680851,29.25531914893617,57.97872340425532,54.78723404255319,3.1914893617021276
E00018076,176,78,22,56,98,80,18,44.31818181818182,12.5,31.818181818181817,55.68181818181818,45.45454545454545,10.227272727272728
E00018077,230,103,31,72,127,109,18,44.78260869565218,13.478260869565217,31.30434782608696,55.21739130434783,47.391304347826086,7.82608695652174
E00018078,147,67,26,41,80,65,15,45.57823129251701,17.687074829931973,27.89115646258503,54.421768707483,44.21768707482993,10.204081632653061
E00018080,113,54,14,40,59,54,5,47.78761061946903,12.389380530973451,35.39823008849557,52.21238938053098,47.78761061946903,4.424778761061947
E00018081,169,91,31,60,78,67,11,53.84615384615385,18.34319526627219,35.50295857988166,46.15384615384615,39.64497041420118,6.508875739644971
E00018082,249,102,38,64,147,117,30,40.963855421686745,15.261044176706829,25.702811244979916,59.036144578313255,46.98795180722892,12.048192771084338
E00018083,160,51,19,32,109,92,17,31.874999999999996,11.875,20,68.125,57.49999999999999,10.625
E00018084,145,52,18,34,93,86,7,35.86206896551724,12.413793103448276,23.448275862068964,64.13793103448275,59.310344827586206,4.827586206896552
E00018085,139,58,21,37,81,66,15,41.726618705035975,15.107913669064748,26.618705035971225,58.27338129496403,47.482014388489205,10.79136690647482
E00018086,230,92,36,56,138,116,22,40,15.65217391304348,24.347826086956523,60,50.43478260869565,9.565217391304348
E00018087,200,87,30,57,113,102,11,43.5,15,28.499999999999996,56.49999999999999,51,5.5
E00018088,190,75,21,54,115,106,9,39.473684210526315,11.052631578947368,28.421052631578945,60.526315789473685,55.78947368421052,4.736842105263158
E00018089,119,41,14,27,78,58,20,34.45378151260504,11.76470588235294,22.689075630252102,65.54621848739495,48.739495798319325,16.80672268907563
E00018090,175,78,34,44,97,84,13,44.57142857142857,19.428571428571427,25.142857142857146,55.42857142857143,48,7.428571428571429
E00018091,186,99,39,60,87,78,9,53.2258064516129,20.967741935483872,32.25806451612903,46.774193548387096,41.935483870967744,4.838709677419355
E00018092,172,75,19,56,97,86,11,43.604651162790695,11.046511627906977,32.55813953488372,56.395348837209305,50,6.395348837209303
E00018093,197,83,29,54,114,105,9,42.13197969543147,14.720812182741117,27.411167512690355,57.868020304568525,53.299492385786806,4.568527918781726
E00018094,192,72,28,44,120,96,24,37.5,14.583333333333334,22.916666666666664,62.5,50,12.5
E00018095,218,100,31,69,118,105,13,45.87155963302752,14.220183486238533,31.65137614678899,54.12844036697248,48.1651376146789,5.963302752293578
E00018096,150,65,22,43,85,73,12,43.333333333333336,14.666666666666666,28.666666666666668,56.666666666666664,48.66666666666667,8
E00018097,201,87,36,51,114,91,23,43.28358208955223,17.91044776119403,25.37313432835821,56.71641791044776,45.27363184079602,11.442786069651742
E00018098,186,70,29,41,116,88,28,37.634408602150536,15.591397849462366,22.043010752688172,62.365591397849464,47.31182795698925,15.053763440860216
E00018099,158,70,21,49,88,72,16,44.303797468354425,13.291139240506327,31.0126582278481,55.69620253164557,45.56962025316456,10.126582278481013
E00018100,194,82,35,47,112,103,9,42.2680412371134,18.04123711340206,24.22680412371134,57.73195876288659,53.09278350515464,4.639175257731959
E00018101,155,58,17,41,97,81,16,37.41935483870968,10.967741935483872,26.451612903225808,62.58064516129033,52.25806451612903,10.32258064516129
E00018102,233,105,42,63,128,104,24,45.06437768240343,18.025751072961373,27.038626609442062,54.93562231759657,44.63519313304721,10.300429184549357
E00018104,158,50,19,31,108,99,9,31.645569620253166,12.025316455696203,19.62025316455696,68.35443037974683,62.65822784810127,5.69620253164557
E00018105,135,51,17,34,84,73,11,37.77777777777778,12.592592592592592,25.185185185185183,62.22222222222222,54.074074074074076,8.148148148148149
E00018106,218,94,30,64,124,106,18,43.11926605504588,13.761467889908257,29.357798165137616,56.88073394495413,48.62385321100918,8.256880733944955
E00018107,160,67,29,38,93,77,16,41.875,18.125,23.75,58.12500000000001,48.125,10
E00018108,154,55,19,36,99,88,11,35.714285714285715,12.337662337662337,23.376623376623375,64.28571428571429,57.14285714285714,7.142857142857142
E00018109,237,102,40,62,135,118,17,43.037974683544306,16.877637130801688,26.160337552742618,56.9620253164557,49.789029535864984,7.172995780590717
E00018111,178,78,28,50,100,86,14,43.82022471910113,15.730337078651685,28.08988764044944,56.17977528089888,48.31460674157304,7.865168539325842
E00018112,140,54,15,39,86,81,5,38.57142857142858,10.714285714285714,27.857142857142858,61.42857142857143,57.85714285714286,3.571428571428571
E00018113,150,56,25,31,94,80,14,37.333333333333336,16.666666666666664,20.666666666666668,62.66666666666667,53.333333333333336,9.333333333333334
E00018114,195,87,38,49,108,97,11,44.61538461538462,19.48717948717949,25.128205128205128,55.38461538461539,49.743589743589745,5.641025641025641
E00018115,118,56,20,36,62,55,7,47.45762711864407,16.94915254237288,30.508474576271187,52.54237288135594,46.61016949152542,5.932203389830509
E00018116,173,71,24,47,102,76,26,41.040462427745666,13.872832369942195,27.167630057803464,58.95953757225434,43.93063583815029,15.028901734104046
E00018117,167,44,16,28,123,108,15,26.34730538922156,9.580838323353294,16.766467065868262,73.65269461077844,64.67065868263472,8.982035928143713
E00018118,118,36,9,27,82,67,15,30.508474576271187,7.627118644067797,22.88135593220339,69.49152542372882,56.779661016949156,12.711864406779661
E00018119,164,35,8,27,129,108,21,21.341463414634145,4.878048780487805,16.463414634146343,78.65853658536585,65.85365853658537,12.804878048780488
E00018120,241,83,34,49,158,134,24,34.439834024896264,14.107883817427386,20.33195020746888,65.56016597510373,55.601659751037346,9.95850622406639
E00018121,232,74,22,52,158,131,27,31.896551724137932,9.482758620689655,22.413793103448278,68.10344827586206,56.46551724137932,11.637931034482758
E00018122,157,64,15,49,93,86,7,40.76433121019109,9.554140127388536,31.210191082802545,59.23566878980891,54.77707006369427,4.45859872611465
E00018123,139,49,14,35,90,82,8,35.25179856115108,10.071942446043165,25.179856115107913,64.74820143884892,58.992805755395686,5.755395683453238
E00018124,216,71,25,46,145,118,27,32.870370370370374,11.574074074074074,21.296296296296298,67.12962962962963,54.629629629629626,12.5
E00018125,189,88,34,54,101,89,12,46.56084656084656,17.989417989417987,28.57142857142857,53.43915343915344,47.08994708994709,6.349206349206349
E00018126,198,73,35,38,125,115,10,36.868686868686865,17.67676767676768,19.19191919191919,63.13131313131313,58.080808080808076,5.05050505050505
E00018127,187,76,32,44,111,104,7,40.64171122994652,17.11229946524064,23.52941176470588,59.35828877005348,55.61497326203209,3.7433155080213902
E00018129,251,87,36,51,164,131,33,34.66135458167331,14.342629482071715,20.318725099601593,65.33864541832669,52.191235059760956,13.147410358565736
E00018130,141,60,13,47,81,75,6,42.5531914893617,9.219858156028367,33.33333333333333,57.446808510638306,53.191489361702125,4.25531914893617
E00018131,133,67,19,48,66,57,9,50.37593984962406,14.285714285714285,36.09022556390977,49.62406015037594,42.857142857142854,6.7669172932330826
E00018132,154,63,27,36,91,82,9,40.909090909090914,17.532467532467532,23.376623376623375,59.09090909090909,53.246753246753244,5.844155844155844
E00018133,166,53,21,32,113,96,17,31.92771084337349,12.650602409638553,19.27710843373494,68.07228915662651,57.831325301204814,10.240963855421686
E00018134,123,44,12,32,79,69,10,35.77235772357724,9.75609756097561,26.01626016260163,64.22764227642277,56.09756097560976,8.130081300813007
E00018135,172,60,25,35,112,96,16,34.883720930232556,14.534883720930234,20.348837209302324,65.11627906976744,55.81395348837209,9.30232558139535
E00018138,176,54,18,36,122,108,14,30.681818181818183,10.227272727272728,20.454545454545457,69.31818181818183,61.36363636363637,7.954545454545454
E00018139,116,37,15,22,79,70,9,31.896551724137932,12.931034482758621,18.96551724137931,68.10344827586206,60.3448275862069,7.758620689655173
E00018140,140,54,19,35,86,72,14,38.57142857142858,13.571428571428571,25,61.42857142857143,51.42857142857142,10
E00018141,161,62,16,46,99,85,14,38.50931677018634,9.937888198757763,28.57142857142857,61.49068322981367,52.79503105590062,8.695652173913043
E00018142,164,67,25,42,97,80,17,40.853658536585364,15.24390243902439,25.609756097560975,59.14634146341463,48.78048780487805,10.365853658536585
E00018143,137,44,15,29,93,83,10,32.11678832116788,10.948905109489052,21.16788321167883,67.88321167883211,60.58394160583942,7.2992700729927
E00018144,114,48,14,34,66,53,13,42.10526315789473,12.280701754385964,29.82456140350877,57.89473684210527,46.49122807017544,11.403508771929824
E00018145,156,50,22,28,106,93,13,32.05128205128205,14.102564102564102,17.94871794871795,67.94871794871796,59.61538461538461,8.333333333333332
E00018146,198,77,19,58,121,107,14,38.88888888888889,9.595959595959595,29.292929292929294,61.111111111111114,54.04040404040404,7.07070707070707
E00018147,88,30,15,15,58,52,6,34.090909090909086,17.045454545454543,17.045454545454543,65.9090909090909,59.09090909090909,6.8181818181818175
E00018148,56,19,8,11,37,34,3,33.92857142857143,14.285714285714285,19.642857142857142,66.07142857142857,60.71428571428571,5.357142857142857
E00018149,123,49,22,27,74,66,8,39.83739837398374,17.88617886178862,21.951219512195124,60.16260162601627,53.65853658536586,6.504065040650407
E00018150,100,40,16,24,60,55,5,40,16,24,60,55.00000000000001,5
E00018151,172,56,18,38,116,96,20,32.55813953488372,10.465116279069768,22.093023255813954,67.44186046511628,55.81395348837209,11.627906976744185
E00018152,135,45,23,22,90,76,14,33.33333333333333,17.037037037037038,16.296296296296298,66.66666666666666,56.2962962962963,10.37037037037037
E00018153,272,99,40,59,173,152,21,36.39705882352941,14.705882352941178,21.691176470588236,63.60294117647059,55.88235294117647,7.720588235294118
E00018154,161,54,14,40,107,92,15,33.54037267080746,8.695652173913043,24.84472049689441,66.45962732919256,57.14285714285714,9.316770186335404
E00018155,132,43,11,32,89,82,7,32.57575757575758,8.333333333333332,24.242424242424242,67.42424242424242,62.121212121212125,5.303030303030303
E00018156,164,47,14,33,117,102,15,28.65853658536585,8.536585365853659,20.121951219512198,71.34146341463415,62.19512195121951,9.146341463414634
E00018157,133,40,18,22,93,79,14,30.075187969924812,13.533834586466165,16.541353383458645,69.92481203007519,59.3984962406015,10.526315789473683
E00018158,204,71,26,45,133,114,19,34.80392156862745,12.745098039215685,22.058823529411764,65.19607843137256,55.88235294117647,9.313725490196079
E00018159,149,48,17,31,101,90,11,32.21476510067114,11.409395973154362,20.80536912751678,67.78523489932886,60.40268456375839,7.38255033557047
E00018160,250,75,16,59,175,151,24,30,6.4,23.599999999999998,70,60.4,9.6
E00018161,172,66,22,44,106,99,7,38.372093023255815,12.790697674418606,25.581395348837212,61.627906976744185,57.55813953488372,4.069767441860465
E00018162,167,59,13,46,108,94,14,35.32934131736527,7.784431137724551,27.54491017964072,64.67065868263472,56.287425149700596,8.383233532934131
E00018163,128,39,13,26,89,77,12,30.46875,10.15625,20.3125,69.53125,60.15625,9.375
E00018164,148,46,12,34,102,84,18,31.08108108108108,8.108108108108109,22.972972972972975,68.91891891891892,56.75675675675676,12.162162162162163
E00018165,197,55,16,39,142,126,16,27.918781725888326,8.121827411167512,19.796954314720814,72.08121827411168,63.95939086294417,8.121827411167512
E00018166,222,71,24,47,151,128,23,31.98198198198198,10.81081081081081,21.17117117117117,68.01801801801803,57.65765765765766,10.36036036036036
E00018167,237,74,31,43,163,136,27,31.223628691983123,13.080168776371309,18.143459915611814,68.77637130801688,57.383966244725734,11.39240506329114
E00018168,196,66,22,44,130,106,24,33.6734693877551,11.224489795918368,22.448979591836736,66.3265306122449,54.08163265306123,12.244897959183673
E00018170,154,55,16,39,99,94,5,35.714285714285715,10.38961038961039,25.324675324675322,64.28571428571429,61.038961038961034,3.2467532467532463
E00018171,266,100,37,63,166,144,22,37.59398496240601,13.909774436090224,23.684210526315788,62.40601503759399,54.13533834586466,8.270676691729323
E00018172,165,86,30,56,79,69,10,52.121212121212125,18.181818181818183,33.939393939393945,47.878787878787875,41.81818181818181,6.0606060606060606
E00018173,217,75,36,39,142,121,21,34.56221198156682,16.589861751152075,17.972350230414747,65.43778801843318,55.76036866359447,9.67741935483871
E00018174,202,85,31,54,117,95,22,42.07920792079208,15.346534653465346,26.732673267326735,57.920792079207914,47.02970297029702,10.891089108910892
E00018175,184,62,24,38,122,109,13,33.69565217391305,13.043478260869565,20.652173913043477,66.30434782608695,59.2391304347826,7.065217391304348
E00018178,218,72,20,52,146,125,21,33.02752293577982,9.174311926605505,23.853211009174313,66.97247706422019,57.3394495412844,9.63302752293578
E00018179,181,61,20,41,120,101,19,33.70165745856354,11.049723756906078,22.65193370165746,66.29834254143645,55.80110497237569,10.497237569060774
E00018180,268,69,22,47,199,164,35,25.74626865671642,8.208955223880597,17.537313432835823,74.25373134328358,61.19402985074627,13.059701492537313
E00018181,140,55,16,39,85,69,16,39.285714285714285,11.428571428571429,27.857142857142858,60.71428571428571,49.28571428571429,11.428571428571429
E00018182,261,125,48,77,136,116,20,47.89272030651341,18.39080459770115,29.50191570881226,52.10727969348659,44.44444444444444,7.662835249042145
E00018183,228,66,18,48,162,138,24,28.947368421052634,7.894736842105263,21.052631578947366,71.05263157894737,60.526315789473685,10.526315789473683
E00018184,214,78,24,54,136,112,24,36.44859813084112,11.214953271028037,25.233644859813083,63.55140186915887,52.336448598130836,11.214953271028037
E00018185,208,54,22,32,154,125,29,25.961538461538463,10.576923076923077,15.384615384615385,74.03846153846155,60.09615384615385,13.942307692307693
E00018186,158,38,20,18,120,93,27,24.050632911392405,12.658227848101266,11.39240506329114,75.9493670886076,58.86075949367089,17.088607594936708
E00018187,141,46,16,30,95,82,13,32.62411347517731,11.347517730496454,21.27659574468085,67.37588652482269,58.156028368794324,9.219858156028367
E00018188,179,51,14,37,128,113,15,28.49162011173184,7.82122905027933,20.670391061452513,71.50837988826815,63.128491620111724,8.379888268156424
E00018190,156,53,21,32,103,95,8,33.97435897435898,13.461538461538462,20.51282051282051,66.02564102564102,60.89743589743589,5.128205128205128
E00018191,166,71,23,48,95,85,10,42.77108433734939,13.855421686746988,28.915662650602407,57.22891566265061,51.204819277108435,6.024096385542169
E00018193,257,72,28,44,185,151,34,28.01556420233463,10.894941634241246,17.120622568093385,71.98443579766537,58.754863813229576,13.229571984435799
E00018194,172,63,23,40,109,93,16,36.627906976744185,13.372093023255813,23.25581395348837,63.372093023255815,54.06976744186046,9.30232558139535
E00018195,175,43,14,29,132,109,23,24.571428571428573,8,16.57142857142857,75.42857142857143,62.28571428571429,13.142857142857142
E00018197,298,50,18,32,248,198,50,16.778523489932887,6.0402684563758395,10.738255033557047,83.22147651006712,66.44295302013423,16.778523489932887
E00018198,269,41,12,29,228,195,33,15.241635687732341,4.4609665427509295,10.780669144981413,84.75836431226766,72.4907063197026,12.267657992565056
E00018201,209,81,25,56,128,118,10,38.75598086124402,11.961722488038278,26.794258373205743,61.24401913875598,56.45933014354066,4.784688995215311
E00018204,189,34,11,23,155,131,24,17.989417989417987,5.82010582010582,12.16931216931217,82.01058201058201,69.31216931216932,12.698412698412698
E00018206,171,54,17,37,117,109,8,31.57894736842105,9.941520467836257,21.637426900584796,68.42105263157895,63.74269005847953,4.678362573099415
E00018208,121,38,8,30,83,71,12,31.40495867768595,6.6115702479338845,24.793388429752067,68.59504132231406,58.67768595041323,9.917355371900827
E00018209,180,51,25,26,129,109,20,28.333333333333332,13.88888888888889,14.444444444444443,71.66666666666667,60.55555555555555,11.11111111111111
E00018210,122,48,17,31,74,65,9,39.34426229508197,13.934426229508196,25.40983606557377,60.65573770491803,53.278688524590166,7.377049180327869
E00018211,164,53,24,29,111,95,16,32.31707317073171,14.634146341463413,17.682926829268293,67.6829268292683,57.92682926829268,9.75609756097561
E00018212,166,58,20,38,108,95,13,34.93975903614458,12.048192771084338,22.89156626506024,65.06024096385542,57.22891566265061,7.83132530120482
E00018213,142,55,18,37,87,78,9,38.732394366197184,12.676056338028168,26.056338028169012,61.267605633802816,54.929577464788736,6.338028169014084
E00018214,72,15,5,10,57,50,7,20.833333333333336,6.944444444444445,13.88888888888889,79.16666666666666,69.44444444444444,9.722222222222223
E00018215,89,33,13,20,56,55,1,37.07865168539326,14.606741573033707,22.47191011235955,62.92134831460674,61.79775280898876,1.1235955056179776
E00018218,172,58,19,39,114,99,15,33.72093023255814,11.046511627906977,22.674418604651162,66.27906976744185,57.55813953488372,8.720930232558139
E00018220,169,59,27,32,110,95,15,34.9112426035503,15.976331360946746,18.93491124260355,65.08875739644971,56.213017751479285,8.875739644970414
E00018221,229,68,23,45,161,141,20,29.694323144104807,10.043668122270741,19.65065502183406,70.3056768558952,61.572052401746724,8.73362445414847
E00018222,154,53,15,38,101,90,11,34.41558441558442,9.740259740259742,24.675324675324674,65.5844155844156,58.44155844155844,7.142857142857142
E00018223,174,49,18,31,125,110,15,28.160919540229884,10.344827586206897,17.81609195402299,71.83908045977012,63.2183908045977,8.620689655172415
E00018224,191,64,23,41,127,113,14,33.50785340314136,12.041884816753926,21.465968586387437,66.49214659685863,59.16230366492147,7.329842931937172
E00018225,102,33,12,21,69,64,5,32.35294117647059,11.76470588235294,20.588235294117645,67.64705882352942,62.745098039215684,4.901960784313726
E00018226,216,82,42,40,134,111,23,37.96296296296296,19.444444444444446,18.51851851851852,62.03703703703704,51.388888888888886,10.648148148148149
E00018227,182,61,25,36,121,106,15,33.51648351648351,13.736263736263737,19.78021978021978,66.48351648351648,58.24175824175825,8.241758241758241
E00018230,164,48,22,26,116,90,26,29.268292682926827,13.414634146341465,15.853658536585366,70.73170731707317,54.87804878048781,15.853658536585366
E00018231,164,53,23,30,111,93,18,32.31707317073171,14.02439024390244,18.29268292682927,67.6829268292683,56.70731707317073,10.975609756097562
E00018233,301,100,60,40,201,165,36,33.222591362126245,19.93355481727575,13.2890365448505,66.77740863787376,54.81727574750831,11.960132890365449
E00018235,197,46,21,25,151,128,23,23.3502538071066,10.65989847715736,12.690355329949238,76.6497461928934,64.9746192893401,11.6751269035533
E00018236,118,28,9,19,90,76,14,23.728813559322035,7.627118644067797,16.101694915254235,76.27118644067797,64.40677966101694,11.864406779661017
E00018237,126,52,11,41,74,67,7,41.269841269841265,8.73015873015873,32.53968253968254,58.730158730158735,53.17460317460318,5.555555555555555
E00018238,195,65,23,42,130,115,15,33.33333333333333,11.794871794871794,21.53846153846154,66.66666666666666,58.97435897435898,7.6923076923076925
E00018239,143,49,9,40,94,81,13,34.26573426573427,6.293706293706294,27.972027972027973,65.73426573426573,56.64335664335665,9.090909090909092
E00018240,78,56,17,39,22,22,0,71.7948717948718,21.794871794871796,50,28.205128205128204,28.205128205128204,0
E00018241,167,48,16,32,119,100,19,28.74251497005988,9.580838323353294,19.16167664670659,71.25748502994011,59.88023952095808,11.377245508982035
E00018242,117,27,10,17,90,71,19,23.076923076923077,8.547008547008547,14.529914529914532,76.92307692307693,60.68376068376068,16.23931623931624
E00018246,63,22,6,16,41,35,6,34.92063492063492,9.523809523809524,25.396825396825395,65.07936507936508,55.55555555555556,9.523809523809524
E00018250,205,45,13,32,160,131,29,21.951219512195124,6.341463414634147,15.609756097560975,78.04878048780488,63.90243902439025,14.146341463414632
E00018251,152,53,18,35,99,88,11,34.868421052631575,11.842105263157894,23.026315789473685,65.13157894736842,57.89473684210527,7.236842105263158
E00018252,177,65,22,43,112,93,19,36.72316384180791,12.429378531073446,24.293785310734464,63.2768361581921,52.54237288135594,10.734463276836157
E00018253,237,70,29,41,167,151,16,29.535864978902953,12.236286919831224,17.29957805907173,70.46413502109705,63.71308016877637,6.751054852320674
E00018254,143,44,14,30,99,86,13,30.76923076923077,9.79020979020979,20.97902097902098,69.23076923076923,60.13986013986013,9.090909090909092
E00018255,167,60,32,28,107,92,15,35.92814371257485,19.16167664670659,16.766467065868262,64.07185628742515,55.08982035928144,8.982035928143713
E00018257,259,82,27,55,177,150,27,31.66023166023166,10.424710424710424,21.235521235521233,68.33976833976834,57.91505791505791,10.424710424710424
E00018259,210,71,23,48,139,119,20,33.80952380952381,10.952380952380953,22.857142857142858,66.19047619047619,56.666666666666664,9.523809523809524
E00018260,141,67,18,49,74,62,12,47.5177304964539,12.76595744680851,34.751773049645394,52.4822695035461,43.97163120567376,8.51063829787234
E00018262,140,53,14,39,87,76,11,37.857142857142854,10,27.857142857142858,62.142857142857146,54.285714285714285,7.857142857142857
E00018263,234,83,24,59,151,133,18,35.47008547008547,10.256410256410255,25.213675213675213,64.52991452991454,56.837606837606835,7.6923076923076925
E00018264,161,76,19,57,85,70,15,47.20496894409938,11.801242236024844,35.40372670807454,52.79503105590062,43.47826086956522,9.316770186335404
E00018267,153,64,18,46,89,68,21,41.830065359477125,11.76470588235294,30.065359477124183,58.16993464052288,44.44444444444444,13.725490196078432
E00018268,101,48,13,35,53,53,0,47.524752475247524,12.871287128712872,34.65346534653465,52.475247524752476,52.475247524752476,0
E00018269,180,73,17,56,107,97,10,40.55555555555556,9.444444444444445,31.11111111111111,59.44444444444444,53.888888888888886,5.555555555555555
E00018270,74,33,11,22,41,38,3,44.5945945945946,14.864864864864865,29.72972972972973,55.4054054054054,51.35135135135135,4.054054054054054
E00018271,86,32,10,22,54,53,1,37.2093023255814,11.627906976744185,25.581395348837212,62.7906976744186,61.627906976744185,1.1627906976744187
E00018272,235,99,39,60,136,113,23,42.12765957446808,16.595744680851062,25.53191489361702,57.87234042553191,48.08510638297872,9.787234042553191
E00018273,175,67,24,43,108,99,9,38.285714285714285,13.714285714285715,24.571428571428573,61.71428571428571,56.57142857142857,5.142857142857142
E00018274,216,83,24,59,133,120,13,38.425925925925924,11.11111111111111,27.314814814814813,61.57407407407407,55.55555555555556,6.018518518518518
E00018275,114,37,10,27,77,68,9,32.45614035087719,8.771929824561402,23.684210526315788,67.54385964912281,59.64912280701754,7.894736842105263
E00018276,188,71,17,54,117,105,12,37.765957446808514,9.042553191489363,28.723404255319153,62.23404255319149,55.85106382978723,6.382978723404255
E00018277,223,96,35,61,127,101,26,43.04932735426009,15.695067264573993,27.3542600896861,56.95067264573991,45.2914798206278,11.659192825112108
E00018278,209,91,34,57,118,101,17,43.54066985645933,16.267942583732058,27.27272727272727,56.45933014354066,48.32535885167464,8.133971291866029
E00018279,181,77,29,48,104,92,12,42.5414364640884,16.022099447513813,26.519337016574585,57.4585635359116,50.82872928176796,6.629834254143646
E00018280,148,47,11,36,101,91,10,31.756756756756754,7.4324324324324325,24.324324324324326,68.24324324324324,61.48648648648649,6.756756756756757
E00018282,156,74,23,51,82,71,11,47.43589743589743,14.743589743589745,32.69230769230769,52.56410256410257,45.51282051282051,7.051282051282051
E00018283,112,48,15,33,64,56,8,42.857142857142854,13.392857142857142,29.464285714285715,57.14285714285714,50,7.142857142857142
E00018284,168,49,20,29,119,100,19,29.166666666666668,11.904761904761903,17.261904761904763,70.83333333333334,59.523809523809526,11.30952380952381
E00018285,186,72,26,46,114,96,18,38.70967741935484,13.978494623655912,24.731182795698924,61.29032258064516,51.61290322580645,9.67741935483871
E00018286,159,52,18,34,107,97,10,32.70440251572327,11.320754716981133,21.38364779874214,67.29559748427673,61.0062893081761,6.289308176100629
E00018287,230,80,30,50,150,134,16,34.78260869565217,13.043478260869565,21.73913043478261,65.21739130434783,58.26086956521739,6.956521739130435
E00018288,161,58,18,40,103,84,19,36.024844720496894,11.180124223602485,24.84472049689441,63.975155279503106,52.17391304347826,11.801242236024844
E00018289,153,91,32,59,62,59,3,59.47712418300654,20.915032679738562,38.56209150326798,40.52287581699346,38.56209150326798,1.9607843137254901
E00018291,162,62,17,45,100,86,14,38.2716049382716,10.493827160493826,27.77777777777778,61.72839506172839,53.086419753086425,8.641975308641975
E00018292,115,52,19,33,63,57,6,45.21739130434783,16.52173913043478,28.695652173913043,54.78260869565217,49.56521739130435,5.217391304347826
E00018293,232,71,27,44,161,140,21,30.603448275862068,11.637931034482758,18.96551724137931,69.39655172413794,60.3448275862069,9.051724137931034
E00018294,123,54,23,31,69,62,7,43.90243902439025,18.69918699186992,25.203252032520325,56.09756097560976,50.40650406504065,5.691056910569105
E00018295,230,123,47,76,107,95,12,53.47826086956522,20.434782608695652,33.04347826086956,46.52173913043478,41.30434782608695,5.217391304347826
E00018296,142,44,17,27,98,87,11,30.985915492957744,11.971830985915492,19.014084507042252,69.01408450704226,61.267605633802816,7.746478873239436
E00018297,293,112,30,82,181,161,20,38.225255972696246,10.238907849829351,27.986348122866893,61.774744027303754,54.94880546075085,6.825938566552901
E00018298,198,48,18,30,150,126,24,24.242424242424242,9.090909090909092,15.151515151515152,75.75757575757575,63.63636363636363,12.121212121212121
E00018299,174,49,15,34,125,103,22,28.160919540229884,8.620689655172415,19.54022988505747,71.83908045977012,59.195402298850574,12.643678160919542
E00018300,121,32,9,23,89,73,16,26.446280991735538,7.43801652892562,19.00826446280992,73.55371900826447,60.33057851239669,13.223140495867769
E00018302,211,86,39,47,125,106,19,40.758293838862556,18.48341232227488,22.274881516587676,59.241706161137444,50.23696682464455,9.004739336492891
E00018303,312,104,39,65,208,173,35,33.33333333333333,12.5,20.833333333333336,66.66666666666666,55.44871794871795,11.217948717948719
E00018304,199,66,27,39,133,112,21,33.165829145728644,13.5678391959799,19.597989949748744,66.83417085427136,56.28140703517588,10.552763819095476
E00018305,100,32,13,19,68,58,10,32,13,19,68,57.99999999999999,10
E00018306,163,64,34,30,99,87,12,39.263803680981596,20.858895705521473,18.404907975460123,60.73619631901841,53.37423312883436,7.361963190184049
E00018307,162,53,17,36,109,95,14,32.71604938271605,10.493827160493826,22.22222222222222,67.28395061728395,58.64197530864198,8.641975308641975
E00018308,165,46,18,28,119,100,19,27.878787878787882,10.909090909090908,16.969696969696972,72.12121212121212,60.60606060606061,11.515151515151516
E00018309,145,56,20,36,89,72,17,38.62068965517241,13.793103448275861,24.82758620689655,61.37931034482759,49.6551724137931,11.724137931034482
E00018310,196,66,26,40,130,101,29,33.6734693877551,13.26530612244898,20.408163265306122,66.3265306122449,51.53061224489795,14.795918367346939
E00018311,88,38,13,25,50,41,9,43.18181818181818,14.772727272727273,28.40909090909091,56.81818181818182,46.590909090909086,10.227272727272728
E00018312,138,49,13,36,89,83,6,35.507246376811594,9.420289855072465,26.08695652173913,64.4927536231884,60.14492753623188,4.3478260869565215
E00018313,165,63,29,34,102,93,9,38.18181818181819,17.575757575757574,20.606060606060606,61.81818181818181,56.36363636363636,5.454545454545454
E00018314,164,58,21,37,106,91,15,35.36585365853659,12.804878048780488,22.5609756097561,64.63414634146342,55.487804878048784,9.146341463414634
E00018315,351,113,51,62,238,204,34,32.193732193732195,14.529914529914532,17.663817663817664,67.80626780626781,58.119658119658126,9.686609686609685
E00018316,269,86,40,46,183,150,33,31.970260223048324,14.869888475836431,17.100371747211895,68.02973977695167,55.762081784386616,12.267657992565056
E00018317,278,80,30,50,198,176,22,28.776978417266186,10.79136690647482,17.985611510791365,71.22302158273382,63.30935251798561,7.913669064748201
E00018318,142,37,15,22,105,86,19,26.056338028169012,10.56338028169014,15.492957746478872,73.94366197183099,60.56338028169014,13.380281690140844
E00018319,120,40,18,22,80,68,12,33.33333333333333,15,18.333333333333332,66.66666666666666,56.666666666666664,10
E00018320,179,60,17,43,119,109,10,33.5195530726257,9.497206703910614,24.022346368715084,66.4804469273743,60.893854748603346,5.58659217877095
E00018321,236,80,35,45,156,130,26,33.89830508474576,14.83050847457627,19.06779661016949,66.10169491525424,55.08474576271186,11.016949152542372
E00018322,137,42,11,31,95,82,13,30.656934306569344,8.02919708029197,22.62773722627737,69.34306569343066,59.854014598540154,9.48905109489051
E00018323,144,39,9,30,105,88,17,27.083333333333332,6.25,20.833333333333336,72.91666666666666,61.111111111111114,11.805555555555555
E00018324,193,41,13,28,152,123,29,21.243523316062177,6.7357512953367875,14.507772020725387,78.75647668393782,63.730569948186535,15.025906735751295
E00018325,189,70,23,47,119,99,20,37.03703703703704,12.16931216931217,24.867724867724867,62.96296296296296,52.38095238095239,10.582010582010582
E00018326,131,35,6,29,96,86,10,26.717557251908396,4.580152671755725,22.137404580152673,73.2824427480916,65.64885496183206,7.633587786259542
E00018327,169,55,13,42,114,105,9,32.544378698224854,7.6923076923076925,24.85207100591716,67.45562130177515,62.1301775147929,5.325443786982249
E00018328,192,47,24,23,145,121,24,24.479166666666664,12.5,11.979166666666668,75.52083333333334,63.020833333333336,12.5
E00018329,145,64,20,44,81,67,14,44.13793103448276,13.793103448275861,30.344827586206897,55.86206896551724,46.206896551724135,9.655172413793103
E00018330,176,55,15,40,121,109,12,31.25,8.522727272727272,22.727272727272727,68.75,61.93181818181818,6.8181818181818175
E00018331,178,61,27,34,117,102,15,34.26966292134831,15.168539325842698,19.101123595505616,65.73033707865169,57.30337078651685,8.426966292134832
E00018332,181,53,20,33,128,112,16,29.2817679558011,11.049723756906078,18.23204419889503,70.71823204419888,61.87845303867403,8.83977900552486
E00018333,125,40,17,23,85,74,11,32,13.600000000000001,18.4,68,59.199999999999996,8.799999999999999
E00018334,244,65,18,47,179,163,16,26.639344262295083,7.377049180327869,19.262295081967213,73.36065573770492,66.80327868852459,6.557377049180328
E00018335,319,90,32,58,229,200,29,28.213166144200624,10.031347962382444,18.181818181818183,71.78683385579937,62.695924764890286,9.090909090909092
E00018336,163,73,28,45,90,83,7,44.785276073619634,17.177914110429448,27.607361963190186,55.21472392638037,50.920245398773,4.294478527607362
E00174960,220,25,11,14,195,146,49,11.363636363636363,5,6.363636363636363,88.63636363636364,66.36363636363637,22.272727272727273
E00174961,97,11,9,2,86,76,10,11.34020618556701,9.278350515463918,2.0618556701030926,88.65979381443299,78.35051546391753,10.309278350515463
E00174962,147,13,5,8,134,104,30,8.843537414965986,3.4013605442176873,5.442176870748299,91.15646258503402,70.74829931972789,20.408163265306122
E00174963,173,60,22,38,113,95,18,34.68208092485549,12.716763005780345,21.965317919075144,65.3179190751445,54.91329479768786,10.404624277456648
E00174967,127,16,10,6,111,89,22,12.598425196850393,7.874015748031496,4.724409448818897,87.4015748031496,70.07874015748031,17.322834645669293
E00174968,194,30,14,16,164,138,26,15.463917525773196,7.216494845360824,8.24742268041237,84.5360824742268,71.1340206185567,13.402061855670103
E00174969,96,35,13,22,61,52,9,36.45833333333333,13.541666666666666,22.916666666666664,63.541666666666664,54.166666666666664,9.375
E00174970,139,22,7,15,117,86,31,15.827338129496402,5.0359712230215825,10.79136690647482,84.17266187050359,61.87050359712231,22.302158273381295
E00174971,169,61,19,42,108,91,17,36.09467455621302,11.242603550295858,24.85207100591716,63.905325443786985,53.84615384615385,10.059171597633137
E00174972,145,49,12,37,96,88,8,33.793103448275865,8.275862068965518,25.517241379310345,66.20689655172414,60.689655172413794,5.517241379310345
E00174973,175,72,26,46,103,89,14,41.14285714285714,14.857142857142858,26.285714285714285,58.857142857142854,50.857142857142854,8
E00174977,165,25,10,15,140,108,32,15.151515151515152,6.0606060606060606,9.090909090909092,84.84848484848484,65.45454545454545,19.393939393939394
E00174978,185,78,25,53,107,102,5,42.16216216216216,13.513513513513514,28.64864864864865,57.83783783783784,55.13513513513514,2.7027027027027026
E00174979,159,69,21,48,90,77,13,43.39622641509434,13.20754716981132,30.18867924528302,56.60377358490566,48.42767295597484,8.176100628930817
E00174980,145,53,23,30,92,74,18,36.55172413793103,15.862068965517242,20.689655172413794,63.44827586206897,51.03448275862069,12.413793103448276
E00174981,44,30,7,23,14,12,2,68.18181818181817,15.909090909090908,52.27272727272727,31.818181818181817,27.27272727272727,4.545454545454546
E00174982,167,64,16,48,103,88,15,38.32335329341318,9.580838323353294,28.74251497005988,61.67664670658682,52.69461077844312,8.982035928143713
E00174983,156,46,21,25,110,86,24,29.48717948717949,13.461538461538462,16.025641025641026,70.51282051282051,55.12820512820513,15.384615384615385
E00174984,158,41,22,19,117,110,7,25.949367088607595,13.924050632911392,12.025316455696203,74.0506329113924,69.62025316455697,4.430379746835443
E00174986,221,42,13,29,179,158,21,19.004524886877828,5.88235294117647,13.122171945701359,80.99547511312217,71.49321266968326,9.502262443438914
E00174987,87,42,12,30,45,45,0,48.275862068965516,13.793103448275861,34.48275862068966,51.724137931034484,51.724137931034484,0
E00174989,184,40,14,26,144,126,18,21.73913043478261,7.608695652173914,14.130434782608695,78.26086956521739,68.47826086956522,9.782608695652174
E00174990,255,69,27,42,186,156,30,27.058823529411764,10.588235294117647,16.470588235294116,72.94117647058823,61.1764705882353,11.76470588235294
E00174992,79,10,4,6,69,48,21,12.658227848101266,5.063291139240507,7.59493670886076,87.34177215189874,60.75949367088608,26.582278481012654
E00174993,199,38,14,24,161,122,39,19.09547738693467,7.035175879396985,12.060301507537687,80.90452261306532,61.30653266331658,19.597989949748744
E00174994,253,61,23,38,192,156,36,24.110671936758894,9.090909090909092,15.019762845849801,75.8893280632411,61.6600790513834,14.229249011857709
E00174995,127,46,12,34,81,72,9,36.22047244094488,9.448818897637794,26.77165354330709,63.77952755905512,56.69291338582677,7.086614173228346
E00174996,192,66,24,42,126,116,10,34.375,12.5,21.875,65.625,60.416666666666664,5.208333333333334
E00174997,197,47,13,34,150,125,25,23.85786802030457,6.598984771573605,17.258883248730964,76.14213197969542,63.45177664974619,12.690355329949238
E00174998,52,33,10,23,19,13,6,63.46153846153846,19.230769230769234,44.230769230769226,36.53846153846153,25,11.538461538461538
E00174999,186,60,28,32,126,110,16,32.25806451612903,15.053763440860216,17.20430107526882,67.74193548387096,59.13978494623656,8.60215053763441
E00175000,213,49,19,30,164,149,15,23.004694835680752,8.92018779342723,14.084507042253522,76.99530516431925,69.95305164319248,7.042253521126761
E00175001,219,48,18,30,171,146,25,21.91780821917808,8.21917808219178,13.698630136986301,78.08219178082192,66.66666666666666,11.415525114155251
E00175002,134,48,9,39,86,77,9,35.82089552238806,6.7164179104477615,29.1044776119403,64.17910447761194,57.46268656716418,6.7164179104477615
E00175003,190,55,25,30,135,122,13,28.947368421052634,13.157894736842104,15.789473684210526,71.05263157894737,64.21052631578948,6.842105263157896
E00175004,173,71,31,40,102,88,14,41.040462427745666,17.91907514450867,23.121387283236995,58.95953757225434,50.86705202312138,8.092485549132949
E00175005,61,25,9,16,36,32,4,40.98360655737705,14.754098360655737,26.229508196721312,59.01639344262295,52.459016393442624,6.557377049180328
E00175006,190,53,21,32,137,113,24,27.89473684210526,11.052631578947368,16.842105263157894,72.10526315789474,59.473684210526315,12.631578947368421
E00175007,192,82,31,51,110,102,8,42.70833333333333,16.145833333333336,26.5625,57.291666666666664,53.125,4.166666666666666
E00175008,135,58,23,35,77,67,10,42.96296296296296,17.037037037037038,25.925925925925924,57.03703703703704,49.629629629629626,7.4074074074074066
E00175009,178,69,22,47,109,97,12,38.764044943820224,12.359550561797752,26.40449438202247,61.23595505617978,54.49438202247191,6.741573033707865
E00175010,197,81,31,50,116,102,14,41.11675126903553,15.736040609137056,25.380710659898476,58.88324873096447,51.776649746192895,7.1065989847715745
E00175011,168,69,28,41,99,87,12,41.07142857142857,16.666666666666664,24.404761904761905,58.92857142857143,51.78571428571429,7.142857142857142
E00175014,171,65,26,39,106,87,19,38.01169590643275,15.204678362573098,22.807017543859647,61.98830409356725,50.877192982456144,11.11111111111111
E00175016,106,5,5,0,101,79,22,4.716981132075472,4.716981132075472,0,95.28301886792453,74.52830188679245,20.754716981132077
E00175017,151,18,5,13,133,104,29,11.920529801324504,3.3112582781456954,8.609271523178808,88.0794701986755,68.87417218543047,19.205298013245034
E00175018,222,23,11,12,199,163,36,10.36036036036036,4.954954954954955,5.405405405405405,89.63963963963964,73.42342342342343,16.216216216216218
E00175019,118,52,17,35,66,60,6,44.06779661016949,14.40677966101695,29.66101694915254,55.932203389830505,50.847457627118644,5.084745762711865
E00175020,168,63,25,38,105,84,21,37.5,14.880952380952381,22.61904761904762,62.5,50,12.5
E00175021,184,33,12,21,151,132,19,17.934782608695652,6.521739130434782,11.41304347826087,82.06521739130434,71.73913043478261,10.326086956521738
E00175023,167,26,13,13,141,111,30,15.568862275449103,7.784431137724551,7.784431137724551,84.4311377245509,66.46706586826348,17.964071856287426
E00175024,113,16,7,9,97,79,18,14.15929203539823,6.1946902654867255,7.964601769911504,85.84070796460178,69.91150442477876,15.929203539823009
E00175025,196,13,4,9,183,147,36,6.63265306122449,2.0408163265306123,4.591836734693878,93.36734693877551,75,18.367346938775512
E00175027,180,54,19,35,126,108,18,30,10.555555555555555,19.444444444444446,70,60,10
E00175028,103,16,6,10,87,59,28,15.53398058252427,5.825242718446602,9.70873786407767,84.46601941747572,57.28155339805825,27.184466019417474
E00175029,148,38,20,18,110,92,18,25.675675675675674,13.513513513513514,12.162162162162163,74.32432432432432,62.16216216216216,12.162162162162163
E00175030,174,42,18,24,132,109,23,24.137931034482758,10.344827586206897,13.793103448275861,75.86206896551724,62.643678160919535,13.218390804597702
E00175031,220,83,27,56,137,121,16,37.72727272727273,12.272727272727273,25.454545454545453,62.272727272727266,55.00000000000001,7.2727272727272725
E00175032,93,29,11,18,64,56,8,31.182795698924732,11.827956989247312,19.35483870967742,68.81720430107528,60.215053763440864,8.60215053763441
E00175034,207,58,22,36,149,125,24,28.019323671497588,10.628019323671497,17.391304347826086,71.98067632850241,60.38647342995169,11.594202898550725
E00175036,98,39,9,30,59,49,10,39.795918367346935,9.183673469387756,30.612244897959183,60.204081632653065,50,10.204081632653061
E00175037,151,30,9,21,121,106,15,19.867549668874172,5.960264900662252,13.90728476821192,80.13245033112582,70.19867549668875,9.933774834437086
E00175038,139,49,18,31,90,81,9,35.25179856115108,12.949640287769784,22.302158273381295,64.74820143884892,58.27338129496403,6.474820143884892
E00175040,141,45,13,32,96,81,15,31.914893617021278,9.219858156028367,22.69503546099291,68.08510638297872,57.446808510638306,10.638297872340425
E00175041,225,91,32,59,134,109,25,40.44444444444444,14.222222222222221,26.222222222222225,59.55555555555555,48.44444444444444,11.11111111111111
E00175045,123,40,15,25,83,68,15,32.52032520325203,12.195121951219512,20.32520325203252,67.47967479674797,55.28455284552846,12.195121951219512
E00175047,67,32,11,21,35,32,3,47.76119402985074,16.417910447761194,31.343283582089555,52.23880597014925,47.76119402985074,4.477611940298507
E00175048,53,32,17,15,21,18,3,60.37735849056604,32.075471698113205,28.30188679245283,39.62264150943396,33.9622641509434,5.660377358490567
E00175049,172,68,16,52,104,90,14,39.53488372093023,9.30232558139535,30.23255813953488,60.46511627906976,52.32558139534884,8.13953488372093
E00175050,177,46,19,27,131,111,20,25.98870056497175,10.734463276836157,15.254237288135593,74.01129943502825,62.71186440677966,11.299435028248588
E00175052,132,66,21,45,66,55,11,50,15.909090909090908,34.090909090909086,50,41.66666666666667,8.333333333333332
E00175053,99,30,20,10,69,62,7,30.303030303030305,20.2020202020202,10.1010101010101,69.6969696969697,62.62626262626263,7.07070707070707
E00175055,209,76,20,56,133,122,11,36.36363636363637,9.569377990430622,26.794258373205743,63.63636363636363,58.3732057416268,5.263157894736842
E00175056,221,90,24,66,131,114,17,40.723981900452486,10.85972850678733,29.86425339366516,59.276018099547514,51.58371040723983,7.6923076923076925
E00175057,99,32,18,14,67,61,6,32.323232323232325,18.181818181818183,14.14141414141414,67.67676767676768,61.61616161616161,6.0606060606060606
E00175058,127,23,6,17,104,86,18,18.11023622047244,4.724409448818897,13.385826771653544,81.88976377952756,67.71653543307087,14.173228346456693
E00175059,226,82,29,53,144,139,5,36.283185840707965,12.831858407079647,23.451327433628318,63.716814159292035,61.504424778761056,2.2123893805309733
E00175060,162,27,13,14,135,113,22,16.666666666666664,8.024691358024691,8.641975308641975,83.33333333333334,69.75308641975309,13.580246913580247
E00175061,157,70,20,50,87,80,7,44.5859872611465,12.738853503184714,31.84713375796178,55.4140127388535,50.955414012738856,4.45859872611465
E00175062,129,48,16,32,81,76,5,37.2093023255814,12.4031007751938,24.8062015503876,62.7906976744186,58.91472868217055,3.875968992248062
E00175064,138,47,15,32,91,82,9,34.05797101449276,10.869565217391305,23.18840579710145,65.94202898550725,59.42028985507246,6.521739130434782
E00175065,124,51,20,31,73,65,8,41.12903225806452,16.129032258064516,25,58.87096774193549,52.41935483870967,6.451612903225806
E00175068,303,38,13,25,265,223,42,12.541254125412541,4.29042904290429,8.25082508250825,87.45874587458746,73.5973597359736,13.861386138613863
E00175069,242,85,25,60,157,140,17,35.12396694214876,10.330578512396695,24.793388429752067,64.87603305785123,57.85123966942148,7.024793388429752
E00175070,83,15,4,11,68,56,12,18.072289156626507,4.819277108433735,13.253012048192772,81.92771084337349,67.46987951807229,14.457831325301203
E00175071,202,95,24,71,107,93,14,47.02970297029702,11.881188118811881,35.148514851485146,52.97029702970298,46.03960396039604,6.9306930693069315
E00175072,88,17,7,10,71,57,14,19.318181818181817,7.954545454545454,11.363636363636363,80.68181818181817,64.77272727272727,15.909090909090908
E00175074,175,38,13,25,137,124,13,21.714285714285715,7.428571428571429,14.285714285714285,78.28571428571428,70.85714285714285,7.428571428571429
E00175075,114,45,14,31,69,55,14,39.473684210526315,12.280701754385964,27.192982456140353,60.526315789473685,48.24561403508772,12.280701754385964
E00175076,92,24,7,17,68,60,8,26.08695652173913,7.608695652173914,18.478260869565215,73.91304347826086,65.21739130434783,8.695652173913043
E00175078,98,34,11,23,64,54,10,34.69387755102041,11.224489795918368,23.46938775510204,65.3061224489796,55.10204081632652,10.204081632653061
E00175079,69,19,7,12,50,34,16,27.536231884057973,10.144927536231885,17.391304347826086,72.46376811594203,49.275362318840585,23.18840579710145
E00175080,125,41,18,23,84,74,10,32.800000000000004,14.399999999999999,18.4,67.2,59.199999999999996,8
E00175082,192,80,25,55,112,103,9,41.66666666666667,13.020833333333334,28.645833333333332,58.333333333333336,53.645833333333336,4.6875
E00175083,92,37,9,28,55,49,6,40.21739130434783,9.782608695652174,30.434782608695656,59.78260869565217,53.2608695652174,6.521739130434782
E00175084,175,60,23,37,115,103,12,34.285714285714285,13.142857142857142,21.142857142857142,65.71428571428571,58.857142857142854,6.857142857142858
E00175085,66,27,12,15,39,33,6,40.909090909090914,18.181818181818183,22.727272727272727,59.09090909090909,50,9.090909090909092
E00182045,127,52,16,36,75,67,8,40.94488188976378,12.598425196850393,28.346456692913385,59.055118110236215,52.75590551181102,6.299212598425196
E00182046,164,49,16,33,115,109,6,29.878048780487802,9.75609756097561,20.121951219512198,70.1219512195122,66.46341463414635,3.6585365853658534
E00182047,67,26,5,21,41,38,3,38.80597014925373,7.462686567164178,31.343283582089555,61.19402985074627,56.71641791044776,4.477611940298507
E00182048,159,11,5,6,148,111,37,6.918238993710692,3.1446540880503147,3.7735849056603774,93.08176100628931,69.81132075471697,23.270440251572328
E00182049,148,45,18,27,103,85,18,30.405405405405407,12.162162162162163,18.243243243243242,69.5945945945946,57.432432432432435,12.162162162162163
E00182050,139,47,21,26,92,75,17,33.81294964028777,15.107913669064748,18.705035971223023,66.18705035971223,53.956834532374096,12.23021582733813
E00182051,74,6,6,0,68,56,12,8.108108108108109,8.108108108108109,0,91.8918918918919,75.67567567567568,16.216216216216218
E00182052,90,28,6,22,62,44,18,31.11111111111111,6.666666666666667,24.444444444444443,68.88888888888889,48.888888888888886,20
E00182053,96,29,9,20,67,64,3,30.208333333333332,9.375,20.833333333333336,69.79166666666666,66.66666666666666,3.125
E00182054,126,44,24,20,82,65,17,34.92063492063492,19.047619047619047,15.873015873015872,65.07936507936508,51.587301587301596,13.492063492063492
E00182055,98,28,11,17,70,57,13,28.57142857142857,11.224489795918368,17.346938775510203,71.42857142857143,58.16326530612245,13.26530612244898
E00182056,215,44,17,27,171,148,23,20.46511627906977,7.906976744186046,12.558139534883722,79.53488372093022,68.83720930232559,10.69767441860465
E00182057,334,52,21,31,282,231,51,15.568862275449103,6.287425149700598,9.281437125748502,84.4311377245509,69.16167664670658,15.269461077844312
E00182061,343,154,77,77,189,158,31,44.89795918367347,22.448979591836736,22.448979591836736,55.10204081632652,46.06413994169096,9.037900874635568
E00182063,167,27,10,17,140,121,19,16.16766467065868,5.9880239520958085,10.179640718562874,83.8323353293413,72.45508982035929,11.377245508982035
E00182065,210,76,24,52,134,121,13,36.19047619047619,11.428571428571429,24.761904761904763,63.8095238095238,57.61904761904761,6.190476190476191
E00182066,201,62,23,39,139,124,15,30.845771144278604,11.442786069651742,19.402985074626866,69.15422885572139,61.69154228855721,7.462686567164178
E00182069,255,81,25,56,174,146,28,31.76470588235294,9.803921568627452,21.96078431372549,68.23529411764706,57.25490196078431,10.980392156862745
E00182071,291,78,32,46,213,190,23,26.804123711340207,10.996563573883162,15.807560137457044,73.19587628865979,65.29209621993127,7.903780068728522
E00182074,148,59,19,40,89,83,6,39.86486486486486,12.837837837837837,27.027027027027028,60.13513513513513,56.08108108108109,4.054054054054054
E00182075,187,74,27,47,113,96,17,39.57219251336899,14.43850267379679,25.13368983957219,60.42780748663101,51.33689839572193,9.090909090909092
E00182076,81,10,0,10,71,59,12,12.345679012345679,0,12.345679012345679,87.65432098765432,72.8395061728395,14.814814814814813
E00182077,173,44,13,31,129,107,22,25.43352601156069,7.514450867052023,17.91907514450867,74.56647398843931,61.849710982658955,12.716763005780345
E00182078,213,59,20,39,154,128,26,27.699530516431924,9.389671361502346,18.30985915492958,72.30046948356808,60.093896713615024,12.206572769953052
E00182079,199,40,14,26,159,143,16,20.100502512562816,7.035175879396985,13.06532663316583,79.89949748743719,71.85929648241206,8.040201005025125
E00182080,144,69,27,42,75,63,12,47.91666666666667,18.75,29.166666666666668,52.083333333333336,43.75,8.333333333333332
E00182084,251,63,27,36,188,152,36,25.099601593625497,10.756972111553784,14.342629482071715,74.9003984063745,60.55776892430279,14.342629482071715
E00182085,106,40,12,28,66,54,12,37.735849056603776,11.320754716981133,26.41509433962264,62.264150943396224,50.943396226415096,11.320754716981133
E00182086,191,48,17,31,143,129,14,25.13089005235602,8.900523560209423,16.230366492146597,74.86910994764398,67.5392670157068,7.329842931937172
E00182087,282,92,38,54,190,163,27,32.62411347517731,13.47517730496454,19.148936170212767,67.37588652482269,57.801418439716315,9.574468085106384
E00182088,167,70,23,47,97,82,15,41.91616766467065,13.77245508982036,28.143712574850298,58.08383233532935,49.101796407185624,8.982035928143713
E00182089,381,63,32,31,318,260,58,16.535433070866144,8.398950131233596,8.136482939632545,83.46456692913385,68.24146981627297,15.223097112860891
E00182090,170,62,14,48,108,98,10,36.470588235294116,8.235294117647058,28.235294117647058,63.52941176470588,57.647058823529406,5.88235294117647
E00182093,232,60,26,34,172,148,24,25.862068965517242,11.206896551724139,14.655172413793101,74.13793103448276,63.793103448275865,10.344827586206897
E00182094,117,39,16,23,78,61,17,33.33333333333333,13.675213675213676,19.65811965811966,66.66666666666666,52.13675213675214,14.529914529914532
E00182095,221,63,17,46,158,143,15,28.50678733031674,7.6923076923076925,20.81447963800905,71.49321266968326,64.70588235294117,6.787330316742081
E00182096,130,32,20,12,98,88,10,24.615384615384617,15.384615384615385,9.230769230769232,75.38461538461539,67.6923076923077,7.6923076923076925
E00182098,218,18,8,10,200,163,37,8.256880733944955,3.669724770642202,4.587155963302752,91.74311926605505,74.77064220183486,16.972477064220186
E00182099,168,69,18,51,99,94,5,41.07142857142857,10.714285714285714,30.357142857142854,58.92857142857143,55.952380952380956,2.976190476190476
E00182100,352,58,13,45,294,229,65,16.477272727272727,3.6931818181818183,12.784090909090908,83.52272727272727,65.05681818181817,18.46590909090909
E00182102,84,5,1,4,79,66,13,5.952380952380952,1.1904761904761905,4.761904761904762,94.04761904761905,78.57142857142857,15.476190476190476
E00182103,70,35,8,27,35,29,6,50,11.428571428571429,38.57142857142858,50,41.42857142857143,8.571428571428571
E00182104,296,88,33,55,208,184,24,29.72972972972973,11.14864864864865,18.58108108108108,70.27027027027027,62.16216216216216,8.108108108108109
E00182105,136,34,11,23,102,83,19,25,8.088235294117647,16.911764705882355,75,61.029411764705884,13.970588235294118
E00182106,93,11,4,7,82,68,14,11.827956989247312,4.301075268817205,7.526881720430108,88.17204301075269,73.11827956989248,15.053763440860216
E00182108,120,51,19,32,69,65,4,42.5,15.833333333333332,26.666666666666668,57.49999999999999,54.166666666666664,3.3333333333333335
E00182109,118,44,15,29,74,68,6,37.28813559322034,12.711864406779661,24.576271186440678,62.71186440677966,57.6271186440678,5.084745762711865
E00182110,87,5,2,3,82,66,16,5.747126436781609,2.2988505747126435,3.4482758620689653,94.25287356321839,75.86206896551724,18.39080459770115
E00182113,122,67,13,54,55,47,8,54.91803278688525,10.655737704918032,44.26229508196721,45.08196721311475,38.52459016393443,6.557377049180328
E00182114,174,34,10,24,140,123,17,19.54022988505747,5.747126436781609,13.793103448275861,80.45977011494253,70.6896551724138,9.770114942528735
E00182115,141,39,13,26,102,85,17,27.659574468085108,9.219858156028367,18.439716312056735,72.3404255319149,60.28368794326241,12.056737588652481
E00182116,210,11,6,5,199,172,27,5.238095238095238,2.857142857142857,2.380952380952381,94.76190476190476,81.9047619047619,12.857142857142856
E00182117,256,26,11,15,230,152,78,10.15625,4.296875,5.859375,89.84375,59.375,30.46875
E00182118,210,26,8,18,184,147,37,12.380952380952381,3.8095238095238098,8.571428571428571,87.61904761904762,70,17.61904761904762
E00182119,289,34,12,22,255,195,60,11.76470588235294,4.1522491349480966,7.612456747404845,88.23529411764706,67.47404844290658,20.761245674740483
E00182121,199,78,22,56,121,102,19,39.19597989949749,11.055276381909549,28.14070351758794,60.80402010050251,51.256281407035175,9.547738693467336
E00182122,123,49,17,32,74,71,3,39.83739837398374,13.821138211382115,26.01626016260163,60.16260162601627,57.72357723577236,2.4390243902439024
E00182125,248,85,28,57,163,140,23,34.274193548387096,11.29032258064516,22.983870967741936,65.7258064516129,56.451612903225815,9.274193548387096
E00182126,273,21,9,12,252,191,61,7.6923076923076925,3.296703296703297,4.395604395604396,92.3076923076923,69.96336996336996,22.344322344322347
E00182127,126,22,8,14,104,81,23,17.46031746031746,6.349206349206349,11.11111111111111,82.53968253968253,64.28571428571429,18.253968253968253
E00182131,227,26,12,14,201,162,39,11.45374449339207,5.286343612334802,6.167400881057269,88.54625550660793,71.36563876651982,17.180616740088105
E00182133,185,49,16,33,136,126,10,26.486486486486488,8.64864864864865,17.83783783783784,73.51351351351352,68.10810810810811,5.405405405405405
E00182135,156,19,8,11,137,117,20,12.179487179487179,5.128205128205128,7.051282051282051,87.82051282051282,75,12.82051282051282
E00182136,279,22,8,14,257,205,52,7.885304659498208,2.867383512544803,5.017921146953405,92.1146953405018,73.47670250896059,18.63799283154122
E00182138,152,24,14,10,128,116,12,15.789473684210526,9.210526315789473,6.578947368421052,84.21052631578947,76.31578947368422,7.894736842105263
E00182142,361,33,20,13,328,264,64,9.141274238227147,5.540166204986149,3.6011080332409975,90.85872576177285,73.13019390581718,17.72853185595568
E00182143,89,20,8,12,69,59,10,22.47191011235955,8.98876404494382,13.48314606741573,77.52808988764045,66.29213483146067,11.235955056179774
E00182144,100,33,13,20,67,52,15,33,13,20,67,52,15
E00182145,154,63,18,45,91,73,18,40.909090909090914,11.688311688311687,29.22077922077922,59.09090909090909,47.4025974025974,11.688311688311687
E00182146,273,24,9,15,249,179,70,8.791208791208792,3.296703296703297,5.4945054945054945,91.20879120879121,65.56776556776556,25.64102564102564
E00182147,231,16,5,11,215,170,45,6.926406926406926,2.1645021645021645,4.761904761904762,93.07359307359307,73.59307359307358,19.480519480519483
E00182149,305,28,13,15,277,213,64,9.180327868852459,4.2622950819672125,4.918032786885246,90.81967213114754,69.83606557377048,20.983606557377048
E00182151,154,64,19,45,90,73,17,41.55844155844156,12.337662337662337,29.22077922077922,58.44155844155844,47.4025974025974,11.03896103896104
E00182152,78,32,10,22,46,43,3,41.02564102564102,12.82051282051282,28.205128205128204,58.97435897435898,55.12820512820513,3.8461538461538463
E00182153,306,27,13,14,279,235,44,8.823529411764707,4.248366013071895,4.57516339869281,91.17647058823529,76.79738562091504,14.37908496732026
E00182155,138,64,22,42,74,66,8,46.3768115942029,15.942028985507244,30.434782608695656,53.62318840579711,47.82608695652174,5.797101449275362
E00182156,224,44,18,26,180,146,34,19.642857142857142,8.035714285714286,11.607142857142858,80.35714285714286,65.17857142857143,15.178571428571427
E00182159,56,22,7,15,34,29,5,39.285714285714285,12.5,26.785714285714285,60.71428571428571,51.78571428571429,8.928571428571429
E00182163,162,17,8,9,145,108,37,10.493827160493826,4.938271604938271,5.555555555555555,89.50617283950618,66.66666666666666,22.839506172839506
E00182164,78,29,10,19,49,43,6,37.17948717948718,12.82051282051282,24.358974358974358,62.82051282051282,55.12820512820513,7.6923076923076925
E00182166,146,43,12,31,103,81,22,29.45205479452055,8.21917808219178,21.232876712328768,70.54794520547945,55.47945205479452,15.068493150684931
E00182168,382,35,13,22,347,288,59,9.162303664921465,3.4031413612565444,5.7591623036649215,90.83769633507853,75.39267015706807,15.44502617801047
E00182171,170,26,14,12,144,121,23,15.294117647058824,8.235294117647058,7.0588235294117645,84.70588235294117,71.17647058823529,13.529411764705882
E00182174,64,18,8,10,46,37,9,28.125,12.5,15.625,71.875,57.8125,14.0625
E00182175,157,17,6,11,140,123,17,10.828025477707007,3.821656050955414,7.006369426751593,89.171974522293,78.343949044586,10.828025477707007
E00182176,378,57,22,35,321,261,60,15.079365079365079,5.82010582010582,9.25925925925926,84.92063492063492,69.04761904761905,15.873015873015872
E00182177,245,71,27,44,174,161,13,28.97959183673469,11.020408163265307,17.959183673469386,71.0204081632653,65.71428571428571,5.3061224489795915
E00182179,110,31,9,22,79,63,16,28.18181818181818,8.181818181818182,20,71.81818181818181,57.27272727272727,14.545454545454545
E00182181,133,35,11,24,98,70,28,26.31578947368421,8.270676691729323,18.045112781954884,73.68421052631578,52.63157894736842,21.052631578947366
E00182183,108,7,3,4,101,88,13,6.481481481481481,2.7777777777777777,3.7037037037037033,93.51851851851852,81.48148148148148,12.037037037037036
E00182184,246,20,6,14,226,177,49,8.130081300813007,2.4390243902439024,5.691056910569105,91.869918699187,71.95121951219512,19.91869918699187
E00182186,165,22,9,13,143,101,42,13.333333333333334,5.454545454545454,7.878787878787878,86.66666666666667,61.212121212121204,25.454545454545453
E00182190,248,86,34,52,162,141,21,34.67741935483871,13.709677419354838,20.967741935483872,65.32258064516128,56.85483870967742,8.46774193548387
E00182191,93,56,33,23,37,31,6,60.215053763440864,35.483870967741936,24.731182795698924,39.784946236559136,33.33333333333333,6.451612903225806
E00182192,155,58,25,33,97,86,11,37.41935483870968,16.129032258064516,21.29032258064516,62.58064516129033,55.483870967741936,7.096774193548387
E00182193,119,20,13,7,99,75,24,16.80672268907563,10.92436974789916,5.88235294117647,83.19327731092437,63.02521008403361,20.168067226890756
E00182194,258,86,19,67,172,139,33,33.33333333333333,7.3643410852713185,25.968992248062015,66.66666666666666,53.875968992248055,12.790697674418606
E00182196,95,10,2,8,85,68,17,10.526315789473683,2.1052631578947367,8.421052631578947,89.47368421052632,71.57894736842105,17.894736842105264
E00182198,71,23,11,12,48,38,10,32.3943661971831,15.492957746478872,16.901408450704224,67.6056338028169,53.52112676056338,14.084507042253522
E00182200,63,27,6,21,36,28,8,42.857142857142854,9.523809523809524,33.33333333333333,57.14285714285714,44.44444444444444,12.698412698412698
E00182202,150,56,24,32,94,82,12,37.333333333333336,16,21.333333333333336,62.66666666666667,54.666666666666664,8
E00182203,120,37,11,26,83,72,11,30.833333333333336,9.166666666666666,21.666666666666668,69.16666666666667,60,9.166666666666666
E00182206,140,63,24,39,77,67,10,45,17.142857142857142,27.857142857142858,55.00000000000001,47.85714285714286,7.142857142857142
E00182207,55,14,4,10,41,38,3,25.454545454545453,7.2727272727272725,18.181818181818183,74.54545454545455,69.0909090909091,5.454545454545454
E00182208,319,34,18,16,285,236,49,10.658307210031348,5.6426332288401255,5.015673981191222,89.34169278996865,73.98119122257053,15.360501567398119
E00182209,73,32,14,18,41,36,5,43.83561643835616,19.17808219178082,24.65753424657534,56.16438356164384,49.31506849315068,6.8493150684931505
E00182210,103,55,18,37,48,40,8,53.398058252427184,17.475728155339805,35.92233009708738,46.601941747572816,38.83495145631068,7.766990291262135
E00182211,140,52,19,33,88,77,11,37.142857142857146,13.571428571428571,23.57142857142857,62.857142857142854,55.00000000000001,7.857142857142857
E00182212,120,45,13,32,75,65,10,37.5,10.833333333333334,26.666666666666668,62.5,54.166666666666664,8.333333333333332
E00182213,164,50,18,32,114,107,7,30.48780487804878,10.975609756097562,19.51219512195122,69.51219512195121,65.2439024390244,4.2682926829268295
E00182217,215,53,20,33,162,135,27,24.651162790697676,9.30232558139535,15.348837209302326,75.34883720930232,62.7906976744186,12.558139534883722
E00182220,235,35,12,23,200,163,37,14.893617021276595,5.106382978723404,9.787234042553191,85.1063829787234,69.36170212765957,15.74468085106383
E00182221,271,64,19,45,207,177,30,23.616236162361623,7.011070110701106,16.605166051660518,76.38376383763837,65.31365313653137,11.07011070110701
E00182225,168,19,7,12,149,113,36,11.30952380952381,4.166666666666666,7.142857142857142,88.69047619047619,67.26190476190477,21.428571428571427
E00182229,265,27,12,15,238,182,56,10.18867924528302,4.528301886792453,5.660377358490567,89.81132075471699,68.67924528301886,21.132075471698116
E00182230,182,59,23,36,123,109,14,32.417582417582416,12.637362637362637,19.78021978021978,67.58241758241759,59.89010989010989,7.6923076923076925
E00182231,189,58,24,34,131,114,17,30.687830687830687,12.698412698412698,17.989417989417987,69.31216931216932,60.317460317460316,8.994708994708994
E00182232,203,18,10,8,185,152,33,8.866995073891626,4.926108374384237,3.9408866995073892,91.13300492610837,74.8768472906404,16.25615763546798
E00182235,146,47,23,24,99,85,14,32.19178082191781,15.753424657534246,16.43835616438356,67.8082191780822,58.21917808219178,9.58904109589041
E00182242,378,51,18,33,327,260,67,13.492063492063492,4.761904761904762,8.73015873015873,86.5079365079365,68.78306878306879,17.724867724867725
E00182243,141,14,8,6,127,103,24,9.929078014184398,5.673758865248227,4.25531914893617,90.0709219858156,73.04964539007092,17.02127659574468
E00182246,125,67,30,37,58,49,9,53.6,24,29.599999999999998,46.400000000000006,39.2,7.199999999999999
E00182247,140,15,5,10,125,103,22,10.714285714285714,3.571428571428571,7.142857142857142,89.28571428571429,73.57142857142858,15.714285714285714
E00182249,456,49,19,30,407,316,91,10.74561403508772,4.166666666666666,6.578947368421052,89.25438596491229,69.2982456140351,19.956140350877195
E00182251,351,43,12,31,308,249,59,12.250712250712251,3.418803418803419,8.831908831908832,87.74928774928775,70.94017094017094,16.80911680911681
E00182253,220,17,4,13,203,157,46,7.727272727272727,1.8181818181818181,5.909090909090909,92.27272727272727,71.36363636363636,20.909090909090907
E00182254,144,65,24,41,79,62,17,45.13888888888889,16.666666666666664,28.47222222222222,54.861111111111114,43.05555555555556,11.805555555555555
E00182255,255,74,21,53,181,114,67,29.01960784313726,8.235294117647058,20.784313725490197,70.98039215686275,44.70588235294118,26.27450980392157
E00182256,155,57,21,36,98,86,12,36.774193548387096,13.548387096774196,23.225806451612904,63.2258064516129,55.483870967741936,7.741935483870968
E00182258,108,18,12,6,90,78,12,16.666666666666664,11.11111111111111,5.555555555555555,83.33333333333334,72.22222222222221,11.11111111111111
E00182259,206,73,35,38,133,110,23,35.43689320388349,16.990291262135923,18.446601941747574,64.56310679611651,53.398058252427184,11.165048543689322
E00182262,129,53,17,36,76,57,19,41.08527131782946,13.178294573643413,27.906976744186046,58.91472868217055,44.18604651162791,14.728682170542637
E00182264,218,26,5,21,192,155,37,11.926605504587156,2.293577981651376,9.63302752293578,88.07339449541286,71.10091743119266,16.972477064220186
E00182265,100,43,19,24,57,53,4,43,19,24,56.99999999999999,53,4
E00182266,139,47,17,30,92,80,12,33.81294964028777,12.23021582733813,21.58273381294964,66.18705035971223,57.55395683453237,8.633093525179856
E00182267,392,46,19,27,346,253,93,11.73469387755102,4.846938775510204,6.887755102040815,88.26530612244898,64.54081632653062,23.72448979591837
E00182270,87,20,7,13,67,45,22,22.988505747126435,8.045977011494253,14.942528735632186,77.01149425287356,51.724137931034484,25.287356321839084
E00182271,136,32,9,23,104,91,13,23.52941176470588,6.61764705882353,16.911764705882355,76.47058823529412,66.91176470588235,9.558823529411764
E00182272,90,22,17,5,68,52,16,24.444444444444443,18.88888888888889,5.555555555555555,75.55555555555556,57.77777777777777,17.77777777777778
E00182273,114,25,10,15,89,75,14,21.929824561403507,8.771929824561402,13.157894736842104,78.0701754385965,65.78947368421053,12.280701754385964
E00182274,255,18,10,8,237,180,57,7.0588235294117645,3.9215686274509802,3.1372549019607843,92.94117647058823,70.58823529411765,22.35294117647059
E00182278,156,77,30,47,79,69,10,49.358974358974365,19.230769230769234,30.128205128205128,50.641025641025635,44.230769230769226,6.41025641025641
E00182279,237,79,23,56,158,128,30,33.33333333333333,9.70464135021097,23.628691983122362,66.66666666666666,54.008438818565395,12.658227848101266
E00182280,85,14,3,11,71,57,14,16.470588235294116,3.5294117647058822,12.941176470588237,83.52941176470588,67.05882352941175,16.470588235294116
E00182282,163,54,26,28,109,97,12,33.12883435582822,15.950920245398773,17.177914110429448,66.87116564417178,59.50920245398773,7.361963190184049
E00182283,227,20,12,8,207,158,49,8.81057268722467,5.286343612334802,3.524229074889868,91.18942731277532,69.60352422907489,21.58590308370044
E00182285,264,70,27,43,194,158,36,26.515151515151516,10.227272727272728,16.28787878787879,73.48484848484848,59.84848484848485,13.636363636363635
E00182286,161,17,7,10,144,112,32,10.559006211180124,4.3478260869565215,6.211180124223603,89.44099378881988,69.56521739130434,19.875776397515526
E00182290,342,55,18,37,287,226,61,16.08187134502924,5.263157894736842,10.818713450292398,83.91812865497076,66.08187134502924,17.83625730994152
E00182291,196,66,21,45,130,120,10,33.6734693877551,10.714285714285714,22.95918367346939,66.3265306122449,61.224489795918366,5.1020408163265305
E00182292,70,6,1,5,64,52,12,8.571428571428571,1.4285714285714286,7.142857142857142,91.42857142857143,74.28571428571429,17.142857142857142
E00182293,173,13,5,8,160,129,31,7.514450867052023,2.8901734104046244,4.624277456647398,92.48554913294798,74.56647398843931,17.91907514450867
E00182298,138,19,4,15,119,94,25,13.768115942028986,2.898550724637681,10.869565217391305,86.23188405797102,68.11594202898551,18.115942028985508
E00182299,64,16,5,11,48,42,6,25,7.8125,17.1875,75,65.625,9.375
E00182301,68,22,10,12,46,39,7,32.35294117647059,14.705882352941178,17.647058823529413,67.64705882352942,57.35294117647059,10.294117647058822
E00182306,99,19,8,11,80,54,26,19.19191919191919,8.080808080808081,11.11111111111111,80.8080808080808,54.54545454545454,26.262626262626267
E00182307,144,25,9,16,119,103,16,17.36111111111111,6.25,11.11111111111111,82.63888888888889,71.52777777777779,11.11111111111111
E00182308,345,39,13,26,306,250,56,11.304347826086957,3.768115942028986,7.536231884057972,88.69565217391305,72.46376811594203,16.231884057971012
E00182310,147,31,12,19,116,87,29,21.08843537414966,8.16326530612245,12.925170068027212,78.91156462585033,59.183673469387756,19.727891156462583
E00182312,368,41,16,25,327,264,63,11.141304347826086,4.3478260869565215,6.7934782608695645,88.8586956521739,71.73913043478261,17.119565217391305
E00182313,117,21,11,10,96,83,13,17.94871794871795,9.401709401709402,8.547008547008547,82.05128205128204,70.94017094017094,11.11111111111111
E00182314,104,14,6,8,90,75,15,13.461538461538462,5.769230769230769,7.6923076923076925,86.53846153846155,72.11538461538461,14.423076923076922
E00182315,185,66,15,51,119,101,18,35.67567567567568,8.108108108108109,27.56756756756757,64.32432432432432,54.59459459459459,9.72972972972973
E00182317,59,20,3,17,39,36,3,33.89830508474576,5.084745762711865,28.8135593220339,66.10169491525424,61.016949152542374,5.084745762711865
E00182318,113,50,15,35,63,60,3,44.24778761061947,13.274336283185843,30.973451327433626,55.75221238938053,53.09734513274337,2.6548672566371683
E00182319,208,32,10,22,176,139,37,15.384615384615385,4.807692307692308,10.576923076923077,84.61538461538461,66.82692307692307,17.78846153846154
E00182320,138,63,15,48,75,69,6,45.65217391304348,10.869565217391305,34.78260869565217,54.347826086956516,50,4.3478260869565215
E00182321,159,11,0,11,148,102,46,6.918238993710692,0,6.918238993710692,93.08176100628931,64.15094339622641,28.930817610062892
E00182324,229,57,17,40,172,154,18,24.890829694323145,7.423580786026202,17.46724890829694,75.10917030567686,67.24890829694323,7.860262008733625
E00182325,312,65,17,48,247,201,46,20.833333333333336,5.448717948717949,15.384615384615385,79.16666666666666,64.42307692307693,14.743589743589745
E00182326,149,55,11,44,94,70,24,36.91275167785235,7.38255033557047,29.53020134228188,63.08724832214765,46.97986577181208,16.10738255033557
E00182327,66,11,4,7,55,46,9,16.666666666666664,6.0606060606060606,10.606060606060606,83.33333333333334,69.6969696969697,13.636363636363635
E00182329,65,9,5,4,56,45,11,13.846153846153847,7.6923076923076925,6.153846153846154,86.15384615384616,69.23076923076923,16.923076923076923
E00182330,297,54,18,36,243,195,48,18.181818181818183,6.0606060606060606,12.121212121212121,81.81818181818183,65.65656565656566,16.161616161616163
E00182332,110,39,7,32,71,56,15,35.45454545454545,6.363636363636363,29.09090909090909,64.54545454545455,50.90909090909091,13.636363636363635
E00182336,261,105,26,79,156,135,21,40.229885057471265,9.961685823754788,30.268199233716476,59.77011494252874,51.724137931034484,8.045977011494253
E00182337,131,52,16,36,79,72,7,39.69465648854962,12.213740458015266,27.480916030534353,60.30534351145038,54.961832061068705,5.343511450381679
E00182339,111,53,21,32,58,51,7,47.74774774774775,18.91891891891892,28.82882882882883,52.25225225225225,45.94594594594595,6.306306306306306
E00182340,255,24,14,10,231,177,54,9.411764705882353,5.490196078431373,3.9215686274509802,90.58823529411765,69.41176470588235,21.176470588235293
E00182341,206,55,19,36,151,128,23,26.699029126213592,9.223300970873787,17.475728155339805,73.30097087378641,62.13592233009708,11.165048543689322
E00182342,81,7,3,4,74,57,17,8.641975308641975,3.7037037037037033,4.938271604938271,91.35802469135803,70.37037037037037,20.98765432098765
E00182343,115,52,24,28,63,51,12,45.21739130434783,20.869565217391305,24.347826086956523,54.78260869565217,44.34782608695652,10.434782608695652
E00182344,110,36,10,26,74,65,9,32.72727272727273,9.090909090909092,23.636363636363637,67.27272727272727,59.09090909090909,8.181818181818182
E00182347,303,59,16,43,244,204,40,19.471947194719473,5.2805280528052805,14.19141914191419,80.52805280528052,67.32673267326733,13.2013201320132
E00182348,319,48,13,35,271,210,61,15.047021943573668,4.075235109717868,10.9717868338558,84.95297805642633,65.8307210031348,19.122257053291534
E00182350,249,30,13,17,219,178,41,12.048192771084338,5.220883534136546,6.827309236947792,87.95180722891565,71.4859437751004,16.46586345381526
E00182351,214,90,42,48,124,103,21,42.05607476635514,19.626168224299064,22.429906542056074,57.943925233644855,48.13084112149533,9.813084112149532
E00182352,148,20,7,13,128,92,36,13.513513513513514,4.72972972972973,8.783783783783784,86.48648648648648,62.16216216216216,24.324324324324326
E00182356,280,73,18,55,207,181,26,26.071428571428573,6.428571428571428,19.642857142857142,73.92857142857143,64.64285714285715,9.285714285714286
E00182361,338,45,22,23,293,235,58,13.313609467455622,6.508875739644971,6.8047337278106506,86.68639053254438,69.5266272189349,17.159763313609467
E00182365,190,11,8,3,179,140,39,5.7894736842105265,4.2105263157894735,1.5789473684210527,94.21052631578948,73.68421052631578,20.526315789473685
E00182366,160,36,11,25,124,102,22,22.5,6.875000000000001,15.625,77.5,63.74999999999999,13.750000000000002
E00182367,176,65,17,48,111,87,24,36.93181818181818,9.659090909090908,27.27272727272727,63.06818181818182,49.43181818181818,13.636363636363635
E00182369,137,21,9,12,116,81,35,15.328467153284672,6.569343065693431,8.75912408759124,84.67153284671532,59.12408759124088,25.547445255474454
E00182370,165,35,13,22,130,108,22,21.21212121212121,7.878787878787878,13.333333333333334,78.78787878787878,65.45454545454545,13.333333333333334
E00182371,110,22,12,10,88,79,9,20,10.909090909090908,9.090909090909092,80,71.81818181818181,8.181818181818182
E00182372,147,38,5,33,109,90,19,25.850340136054424,3.4013605442176873,22.448979591836736,74.14965986394559,61.224489795918366,12.925170068027212
E00182373,91,27,11,16,64,51,13,29.67032967032967,12.087912087912088,17.582417582417584,70.32967032967034,56.043956043956044,14.285714285714285
E00182378,355,66,23,43,289,235,54,18.591549295774648,6.478873239436619,12.112676056338028,81.40845070422536,66.19718309859155,15.211267605633802
E00182380,155,39,8,31,116,96,20,25.161290322580644,5.161290322580645,20,74.83870967741936,61.935483870967744,12.903225806451612
E00182381,282,49,22,27,233,190,43,17.375886524822697,7.801418439716312,9.574468085106384,82.62411347517731,67.37588652482269,15.24822695035461
E00182382,123,42,14,28,81,65,16,34.146341463414636,11.38211382113821,22.76422764227642,65.85365853658537,52.84552845528455,13.008130081300814
E00182383,149,28,12,16,121,102,19,18.79194630872483,8.053691275167784,10.738255033557047,81.20805369127517,68.45637583892618,12.751677852348994
E00182385,192,75,20,55,117,107,10,39.0625,10.416666666666668,28.645833333333332,60.9375,55.729166666666664,5.208333333333334
E00182387,164,57,18,39,107,95,12,34.756097560975604,10.975609756097562,23.78048780487805,65.2439024390244,57.92682926829268,7.317073170731707
E00182389,230,22,10,12,208,179,29,9.565217391304348,4.3478260869565215,5.217391304347826,90.43478260869566,77.82608695652173,12.608695652173912
E00182390,142,18,9,9,124,95,29,12.676056338028168,6.338028169014084,6.338028169014084,87.32394366197182,66.90140845070422,20.422535211267608
E00182391,229,43,21,22,186,144,42,18.777292576419214,9.170305676855897,9.606986899563319,81.22270742358079,62.882096069869,18.340611353711793
E00182392,141,63,19,44,78,71,7,44.680851063829785,13.47517730496454,31.20567375886525,55.319148936170215,50.35460992907801,4.964539007092199
E00182393,190,36,14,22,154,128,26,18.947368421052634,7.368421052631578,11.578947368421053,81.05263157894737,67.36842105263158,13.684210526315791
E00182394,114,50,14,36,64,59,5,43.859649122807014,12.280701754385964,31.57894736842105,56.14035087719298,51.75438596491229,4.385964912280701
E00182395,254,36,15,21,218,191,27,14.173228346456693,5.905511811023622,8.267716535433072,85.8267716535433,75.19685039370079,10.62992125984252
E00182396,47,20,1,19,27,24,3,42.5531914893617,2.127659574468085,40.42553191489361,57.446808510638306,51.06382978723404,6.382978723404255
E00182397,449,48,23,25,401,339,62,10.690423162583519,5.122494432071269,5.56792873051225,89.30957683741649,75.50111358574611,13.808463251670378
E00182399,174,45,31,14,129,94,35,25.862068965517242,17.81609195402299,8.045977011494253,74.13793103448276,54.02298850574713,20.114942528735632
