OA,ts0380001,ts0380002,ts0380003,ts0380004,ts0380005,ts0380006,ts0380007,ts0380002_PCT,ts0380003_PCT,ts0380004_PCT,ts0380005_PCT,ts0380006_PCT,ts0380007_PCT
E00063823,274,86,46,40,188,20,168,31.386861313868614,16.78832116788321,14.5985401459854,68.61313868613139,7.2992700729927,61.31386861313869
E00063824,313,74,42,32,239,25,214,23.642172523961662,13.418530351437699,10.223642172523961,76.35782747603834,7.987220447284344,68.370607028754
E00063825,254,55,27,28,199,24,175,21.653543307086615,10.62992125984252,11.023622047244094,78.34645669291339,9.448818897637794,68.89763779527559
E00063826,225,81,37,44,144,10,134,36,16.444444444444446,19.555555555555557,64,4.444444444444445,59.55555555555555
E00063827,254,56,30,26,198,10,188,22.04724409448819,11.811023622047244,10.236220472440944,77.95275590551181,3.937007874015748,74.01574803149606
E00063828,265,85,43,42,180,23,157,32.075471698113205,16.22641509433962,15.849056603773585,67.9245283018868,8.679245283018867,59.24528301886792
E00063829,268,49,25,24,219,16,203,18.28358208955224,9.328358208955224,8.955223880597014,81.71641791044776,5.970149253731343,75.74626865671642
E00063830,238,57,24,33,181,14,167,23.949579831932773,10.084033613445378,13.865546218487395,76.05042016806722,5.88235294117647,70.16806722689076
E00063831,276,39,14,25,237,18,219,14.130434782608695,5.072463768115942,9.057971014492754,85.86956521739131,6.521739130434782,79.34782608695652
E00063832,231,64,19,45,167,21,146,27.705627705627705,8.225108225108226,19.480519480519483,72.2943722943723,9.090909090909092,63.20346320346321
E00063833,263,66,23,43,197,28,169,25.09505703422053,8.745247148288973,16.34980988593156,74.90494296577947,10.646387832699618,64.25855513307985
E00063834,259,63,32,31,196,23,173,24.324324324324326,12.355212355212355,11.96911196911197,75.67567567567568,8.880308880308881,66.79536679536679
E00063835,290,55,20,35,235,16,219,18.96551724137931,6.896551724137931,12.068965517241379,81.03448275862068,5.517241379310345,75.51724137931033
E00063836,221,45,19,26,176,24,152,20.361990950226243,8.597285067873303,11.76470588235294,79.63800904977376,10.85972850678733,68.77828054298642
E00063837,242,56,25,31,186,15,171,23.140495867768596,10.330578512396695,12.8099173553719,76.85950413223141,6.198347107438017,70.66115702479338
E00063838,269,96,48,48,173,8,165,35.687732342007436,17.843866171003718,17.843866171003718,64.31226765799256,2.973977695167286,61.33828996282528
E00063839,265,87,45,42,178,31,147,32.83018867924528,16.9811320754717,15.849056603773585,67.16981132075472,11.69811320754717,55.471698113207545
E00063840,293,45,16,29,248,20,228,15.358361774744028,5.460750853242321,9.897610921501707,84.64163822525597,6.825938566552901,77.81569965870307
E00063841,235,59,32,27,176,17,159,25.106382978723403,13.617021276595745,11.48936170212766,74.8936170212766,7.234042553191489,67.65957446808511
E00063842,172,63,35,28,109,11,98,36.627906976744185,20.348837209302324,16.27906976744186,63.372093023255815,6.395348837209303,56.97674418604651
E00063843,194,76,43,33,118,17,101,39.175257731958766,22.164948453608247,17.010309278350515,60.824742268041234,8.762886597938143,52.0618556701031
E00063844,199,102,55,47,97,12,85,51.256281407035175,27.63819095477387,23.618090452261306,48.743718592964825,6.030150753768844,42.71356783919598
E00063845,207,69,36,33,138,25,113,33.33333333333333,17.391304347826086,15.942028985507244,66.66666666666666,12.077294685990339,54.589371980676326
E00063846,244,80,36,44,164,16,148,32.78688524590164,14.754098360655737,18.0327868852459,67.21311475409836,6.557377049180328,60.65573770491803
E00063847,241,62,34,28,179,12,167,25.72614107883817,14.107883817427386,11.618257261410788,74.27385892116183,4.979253112033195,69.29460580912863
E00063848,200,52,22,30,148,16,132,26,11,15,74,8,66
E00063849,305,48,19,29,257,21,236,15.737704918032788,6.229508196721312,9.508196721311474,84.26229508196721,6.885245901639345,77.37704918032787
E00063850,364,116,52,64,248,20,228,31.868131868131865,14.285714285714285,17.582417582417584,68.13186813186813,5.4945054945054945,62.637362637362635
E00063851,254,62,24,38,192,16,176,24.409448818897637,9.448818897637794,14.960629921259844,75.59055118110236,6.299212598425196,69.29133858267717
E00063852,249,39,13,26,210,22,188,15.66265060240964,5.220883534136546,10.441767068273093,84.33734939759037,8.835341365461847,75.50200803212851
E00063853,226,47,23,24,179,15,164,20.79646017699115,10.176991150442479,10.619469026548673,79.20353982300885,6.637168141592921,72.56637168141593
E00063854,211,45,22,23,166,19,147,21.32701421800948,10.42654028436019,10.90047393364929,78.67298578199052,9.004739336492891,69.66824644549763
E00063855,292,78,40,38,214,17,197,26.71232876712329,13.698630136986301,13.013698630136986,73.28767123287672,5.821917808219178,67.46575342465754
E00063856,317,73,31,42,244,30,214,23.02839116719243,9.779179810725552,13.249211356466878,76.97160883280758,9.46372239747634,67.50788643533123
E00063857,313,81,44,37,232,9,223,25.878594249201274,14.057507987220447,11.821086261980831,74.12140575079871,2.8753993610223643,71.24600638977637
E00063858,254,75,51,24,179,21,158,29.527559055118108,20.078740157480315,9.448818897637794,70.47244094488188,8.267716535433072,62.20472440944882
E00063860,226,84,45,39,142,17,125,37.16814159292036,19.911504424778762,17.25663716814159,62.83185840707964,7.52212389380531,55.309734513274336
E00063861,234,50,22,28,184,16,168,21.367521367521366,9.401709401709402,11.965811965811966,78.63247863247864,6.837606837606838,71.7948717948718
E00063862,192,44,16,28,148,11,137,22.916666666666664,8.333333333333332,14.583333333333334,77.08333333333334,5.729166666666666,71.35416666666666
E00063863,283,56,22,34,227,12,215,19.78798586572438,7.773851590106007,12.014134275618375,80.21201413427562,4.240282685512367,75.97173144876325
E00063864,257,67,26,41,190,14,176,26.07003891050584,10.116731517509727,15.953307392996107,73.92996108949417,5.447470817120623,68.48249027237354
E00063865,311,121,58,63,190,20,170,38.90675241157556,18.64951768488746,20.257234726688104,61.09324758842444,6.430868167202572,54.662379421221864
E00063866,309,79,36,43,230,26,204,25.5663430420712,11.650485436893204,13.915857605177994,74.4336569579288,8.414239482200648,66.01941747572816
E00063867,296,49,16,33,247,30,217,16.554054054054053,5.405405405405405,11.14864864864865,83.44594594594594,10.135135135135135,73.3108108108108
E00063868,299,46,24,22,253,26,227,15.384615384615385,8.02675585284281,7.357859531772576,84.61538461538461,8.695652173913043,75.91973244147158
E00063869,269,73,29,44,196,20,176,27.137546468401485,10.780669144981413,16.356877323420075,72.86245353159852,7.434944237918216,65.4275092936803
E00063870,333,75,40,35,258,13,245,22.52252252252252,12.012012012012011,10.51051051051051,77.47747747747748,3.903903903903904,73.57357357357357
E00063871,224,65,32,33,159,18,141,29.017857142857146,14.285714285714285,14.732142857142858,70.98214285714286,8.035714285714286,62.94642857142857
E00063872,282,98,44,54,184,12,172,34.751773049645394,15.602836879432624,19.148936170212767,65.24822695035462,4.25531914893617,60.99290780141844
E00063873,273,79,46,33,194,16,178,28.93772893772894,16.84981684981685,12.087912087912088,71.06227106227107,5.86080586080586,65.2014652014652
E00063874,298,90,59,31,208,20,188,30.201342281879196,19.798657718120804,10.40268456375839,69.79865771812081,6.7114093959731544,63.08724832214765
E00063875,196,54,32,22,142,11,131,27.55102040816326,16.3265306122449,11.224489795918368,72.44897959183673,5.612244897959184,66.83673469387756
E00063876,259,100,46,54,159,14,145,38.61003861003861,17.760617760617762,20.84942084942085,61.38996138996139,5.405405405405405,55.98455598455598
E00063877,574,142,76,66,432,46,386,24.738675958188153,13.240418118466899,11.498257839721255,75.26132404181185,8.013937282229964,67.24738675958189
E00063878,329,114,55,59,215,14,201,34.650455927051674,16.717325227963524,17.933130699088146,65.34954407294833,4.25531914893617,61.09422492401215
E00063879,184,48,27,21,136,11,125,26.08695652173913,14.673913043478262,11.41304347826087,73.91304347826086,5.978260869565218,67.93478260869566
E00063880,254,84,44,40,170,13,157,33.07086614173229,17.322834645669293,15.748031496062993,66.92913385826772,5.118110236220472,61.811023622047244
E00063881,111,53,34,19,58,4,54,47.74774774774775,30.630630630630627,17.117117117117118,52.25225225225225,3.6036036036036037,48.64864864864865
E00063882,279,91,57,34,188,11,177,32.61648745519714,20.43010752688172,12.186379928315413,67.38351254480287,3.942652329749104,63.44086021505376
E00063883,406,95,55,40,311,34,277,23.39901477832512,13.546798029556651,9.852216748768473,76.60098522167488,8.374384236453201,68.22660098522168
E00063884,357,117,63,54,240,24,216,32.773109243697476,17.647058823529413,15.126050420168067,67.22689075630252,6.722689075630252,60.50420168067227
E00063885,276,86,39,47,190,17,173,31.15942028985507,14.130434782608695,17.02898550724638,68.84057971014492,6.159420289855073,62.68115942028986
E00063886,357,109,61,48,248,30,218,30.532212885154063,17.086834733893557,13.445378151260504,69.46778711484593,8.403361344537815,61.06442577030813
E00063887,563,118,53,65,445,25,420,20.959147424511546,9.41385435168739,11.545293072824157,79.04085257548846,4.440497335701599,74.60035523978685
E00063888,361,103,55,48,258,19,239,28.53185595567867,15.23545706371191,13.29639889196676,71.46814404432132,5.263157894736842,66.20498614958449
E00063889,245,71,33,38,174,16,158,28.97959183673469,13.46938775510204,15.510204081632653,71.0204081632653,6.530612244897959,64.48979591836735
E00063890,300,117,58,59,183,17,166,39,19.333333333333332,19.666666666666664,61,5.666666666666666,55.333333333333336
E00063891,268,68,34,34,200,13,187,25.37313432835821,12.686567164179104,12.686567164179104,74.6268656716418,4.850746268656716,69.77611940298507
E00063892,285,54,27,27,231,8,223,18.947368421052634,9.473684210526317,9.473684210526317,81.05263157894737,2.807017543859649,78.24561403508771
E00063893,321,65,28,37,256,14,242,20.24922118380062,8.722741433021806,11.526479750778815,79.75077881619937,4.361370716510903,75.38940809968847
E00063894,241,69,34,35,172,8,164,28.63070539419087,14.107883817427386,14.522821576763487,71.36929460580913,3.319502074688797,68.04979253112033
E00063895,282,51,24,27,231,19,212,18.085106382978726,8.51063829787234,9.574468085106384,81.91489361702128,6.73758865248227,75.177304964539
E00063896,262,94,49,45,168,16,152,35.87786259541985,18.702290076335878,17.17557251908397,64.12213740458014,6.106870229007633,58.01526717557252
E00063897,311,81,44,37,230,20,210,26.04501607717042,14.14790996784566,11.89710610932476,73.95498392282958,6.430868167202572,67.52411575562701
E00063898,212,69,29,40,143,11,132,32.54716981132076,13.679245283018867,18.867924528301888,67.45283018867924,5.188679245283019,62.264150943396224
E00063899,252,69,35,34,183,10,173,27.380952380952383,13.88888888888889,13.492063492063492,72.61904761904762,3.968253968253968,68.65079365079364
E00063900,339,90,44,46,249,18,231,26.548672566371685,12.979351032448378,13.569321533923304,73.45132743362832,5.3097345132743365,68.14159292035397
E00063901,242,30,12,18,212,18,194,12.396694214876034,4.958677685950414,7.43801652892562,87.60330578512396,7.43801652892562,80.16528925619835
E00063902,253,84,47,37,169,14,155,33.201581027667984,18.57707509881423,14.624505928853754,66.79841897233202,5.533596837944664,61.26482213438735
E00063903,213,72,33,39,141,15,126,33.80281690140845,15.492957746478872,18.30985915492958,66.19718309859155,7.042253521126761,59.154929577464785
E00063904,325,65,25,40,260,27,233,20,7.6923076923076925,12.307692307692308,80,8.307692307692308,71.6923076923077
E00063905,226,68,32,36,158,8,150,30.08849557522124,14.15929203539823,15.929203539823009,69.91150442477876,3.5398230088495577,66.3716814159292
E00063906,293,83,32,51,210,13,197,28.327645051194537,10.921501706484642,17.4061433447099,71.67235494880546,4.436860068259386,67.23549488054607
E00063907,348,66,24,42,282,23,259,18.96551724137931,6.896551724137931,12.068965517241379,81.03448275862068,6.609195402298851,74.42528735632183
E00063908,255,57,25,32,198,33,165,22.35294117647059,9.803921568627452,12.549019607843137,77.64705882352942,12.941176470588237,64.70588235294117
E00063909,249,60,26,34,189,18,171,24.096385542168676,10.441767068273093,13.654618473895583,75.90361445783132,7.228915662650602,68.67469879518072
E00063910,136,53,22,31,83,4,79,38.970588235294116,16.176470588235293,22.794117647058822,61.029411764705884,2.941176470588235,58.08823529411765
E00063911,172,46,24,22,126,11,115,26.744186046511626,13.953488372093023,12.790697674418606,73.25581395348837,6.395348837209303,66.86046511627907
E00063912,115,15,9,6,100,3,97,13.043478260869565,7.82608695652174,5.217391304347826,86.95652173913044,2.608695652173913,84.34782608695653
E00063914,337,91,48,43,246,21,225,27.002967359050444,14.243323442136498,12.759643916913946,72.99703264094956,6.231454005934718,66.76557863501483
E00063916,280,73,31,42,207,16,191,26.071428571428573,11.071428571428571,15,73.92857142857143,5.714285714285714,68.21428571428572
E00063917,291,59,33,26,232,15,217,20.274914089347078,11.34020618556701,8.934707903780069,79.72508591065292,5.154639175257731,74.5704467353952
E00063918,303,78,44,34,225,16,209,25.742574257425744,14.521452145214523,11.221122112211221,74.25742574257426,5.2805280528052805,68.97689768976898
E00063919,300,83,47,36,217,13,204,27.666666666666668,15.666666666666668,12,72.33333333333334,4.333333333333334,68
E00063920,268,86,43,43,182,7,175,32.08955223880597,16.044776119402986,16.044776119402986,67.91044776119402,2.6119402985074625,65.29850746268657
E00063921,277,89,40,49,188,10,178,32.12996389891697,14.440433212996389,17.689530685920577,67.87003610108303,3.6101083032490973,64.25992779783394
E00063922,303,87,52,35,216,21,195,28.71287128712871,17.16171617161716,11.55115511551155,71.28712871287128,6.9306930693069315,64.35643564356435
E00063923,292,108,51,57,184,7,177,36.986301369863014,17.465753424657535,19.52054794520548,63.013698630136986,2.3972602739726026,60.61643835616438
E00063924,321,84,28,56,237,17,220,26.168224299065418,8.722741433021806,17.445482866043612,73.83177570093457,5.29595015576324,68.53582554517133
E00063925,207,63,19,44,144,15,129,30.434782608695656,9.178743961352657,21.256038647342994,69.56521739130434,7.246376811594203,62.31884057971014
E00063926,229,75,34,41,154,19,135,32.751091703056765,14.847161572052403,17.903930131004365,67.24890829694323,8.296943231441048,58.951965065502186
E00063927,287,72,40,32,215,13,202,25.087108013937282,13.937282229965156,11.149825783972126,74.91289198606272,4.529616724738676,70.38327526132404
E00063928,130,62,37,25,68,8,60,47.69230769230769,28.46153846153846,19.230769230769234,52.307692307692314,6.153846153846154,46.15384615384615
E00063929,225,58,24,34,167,18,149,25.77777777777778,10.666666666666668,15.11111111111111,74.22222222222223,8,66.22222222222223
E00063930,278,74,37,37,204,18,186,26.618705035971225,13.309352517985612,13.309352517985612,73.38129496402878,6.474820143884892,66.90647482014388
E00063931,237,74,42,32,163,9,154,31.223628691983123,17.72151898734177,13.502109704641349,68.77637130801688,3.79746835443038,64.9789029535865
E00063932,180,60,33,27,120,11,109,33.33333333333333,18.333333333333332,15,66.66666666666666,6.111111111111111,60.55555555555555
E00063933,251,91,49,42,160,10,150,36.254980079681275,19.52191235059761,16.733067729083665,63.745019920318725,3.9840637450199203,59.76095617529881
E00063934,338,123,73,50,215,21,194,36.3905325443787,21.597633136094675,14.792899408284024,63.609467455621306,6.21301775147929,57.396449704142015
E00063935,436,69,26,43,367,29,338,15.825688073394495,5.963302752293578,9.862385321100918,84.17431192660551,6.651376146788992,77.52293577981652
E00063936,287,80,42,38,207,13,194,27.874564459930312,14.634146341463413,13.240418118466899,72.12543554006969,4.529616724738676,67.59581881533101
E00063937,146,89,63,26,57,7,50,60.95890410958904,43.15068493150685,17.80821917808219,39.04109589041096,4.794520547945205,34.24657534246575
E00063938,252,74,35,39,178,11,167,29.365079365079367,13.88888888888889,15.476190476190476,70.63492063492063,4.365079365079365,66.26984126984127
E00063939,223,71,35,36,152,15,137,31.838565022421523,15.695067264573993,16.143497757847534,68.16143497757847,6.726457399103139,61.43497757847533
E00063940,359,92,42,50,267,18,249,25.62674094707521,11.699164345403899,13.92757660167131,74.3732590529248,5.013927576601671,69.35933147632312
E00063941,271,81,43,38,190,18,172,29.88929889298893,15.867158671586715,14.022140221402212,70.11070110701108,6.642066420664207,63.46863468634686
E00063942,254,74,39,35,180,15,165,29.133858267716533,15.354330708661418,13.779527559055119,70.86614173228347,5.905511811023622,64.96062992125984
E00063943,285,82,41,41,203,19,184,28.771929824561404,14.385964912280702,14.385964912280702,71.2280701754386,6.666666666666667,64.56140350877193
E00063944,322,107,58,49,215,10,205,33.22981366459628,18.012422360248447,15.217391304347828,66.77018633540372,3.1055900621118013,63.66459627329193
E00063945,335,93,41,52,242,9,233,27.761194029850746,12.238805970149254,15.522388059701491,72.23880597014926,2.6865671641791042,69.55223880597015
E00063946,264,73,34,39,191,10,181,27.65151515151515,12.878787878787879,14.772727272727273,72.34848484848484,3.787878787878788,68.56060606060606
E00063947,375,105,50,55,270,20,250,28.000000000000004,13.333333333333334,14.666666666666666,72,5.333333333333334,66.66666666666666
E00063948,287,91,54,37,196,19,177,31.70731707317073,18.81533101045296,12.89198606271777,68.29268292682927,6.620209059233449,61.672473867595826
E00063949,262,83,39,44,179,18,161,31.679389312977097,14.885496183206106,16.793893129770993,68.32061068702289,6.870229007633588,61.45038167938931
E00063950,272,54,23,31,218,30,188,19.852941176470587,8.455882352941178,11.397058823529411,80.14705882352942,11.029411764705882,69.11764705882352
E00063951,270,90,56,34,180,15,165,33.33333333333333,20.74074074074074,12.592592592592592,66.66666666666666,5.555555555555555,61.111111111111114
E00063952,219,100,62,38,119,9,110,45.662100456621005,28.31050228310502,17.35159817351598,54.337899543378995,4.10958904109589,50.2283105022831
E00063953,252,59,25,34,193,16,177,23.41269841269841,9.920634920634921,13.492063492063492,76.5873015873016,6.349206349206349,70.23809523809523
E00063954,270,57,23,34,213,24,189,21.11111111111111,8.518518518518519,12.592592592592592,78.88888888888889,8.88888888888889,70
E00063955,238,65,26,39,173,23,150,27.310924369747898,10.92436974789916,16.386554621848738,72.68907563025209,9.663865546218489,63.02521008403361
E00063956,345,80,36,44,265,24,241,23.18840579710145,10.434782608695652,12.753623188405797,76.81159420289855,6.956521739130435,69.85507246376812
E00063957,268,70,33,37,198,24,174,26.119402985074625,12.313432835820896,13.805970149253731,73.88059701492537,8.955223880597014,64.92537313432835
E00063958,278,84,39,45,194,16,178,30.215827338129497,14.028776978417264,16.18705035971223,69.7841726618705,5.755395683453238,64.02877697841727
E00063959,294,62,30,32,232,15,217,21.08843537414966,10.204081632653061,10.884353741496598,78.91156462585033,5.1020408163265305,73.80952380952381
E00063960,302,61,31,30,241,18,223,20.198675496688743,10.264900662251655,9.933774834437086,79.80132450331125,5.960264900662252,73.84105960264901
E00063961,252,76,27,49,176,16,160,30.158730158730158,10.714285714285714,19.444444444444446,69.84126984126983,6.349206349206349,63.49206349206349
E00063962,228,50,21,29,178,16,162,21.929824561403507,9.210526315789473,12.719298245614036,78.0701754385965,7.017543859649122,71.05263157894737
E00063963,313,110,65,45,203,14,189,35.14376996805112,20.766773162939298,14.376996805111823,64.85623003194888,4.472843450479233,60.383386581469644
E00063964,287,77,43,34,210,22,188,26.82926829268293,14.982578397212542,11.846689895470384,73.17073170731707,7.665505226480835,65.50522648083623
E00063966,204,56,30,26,148,15,133,27.450980392156865,14.705882352941178,12.745098039215685,72.54901960784314,7.352941176470589,65.19607843137256
E00063967,327,97,58,39,230,23,207,29.66360856269113,17.737003058103976,11.926605504587156,70.33639143730886,7.033639143730887,63.30275229357798
E00063968,310,86,42,44,224,14,210,27.741935483870968,13.548387096774196,14.193548387096774,72.25806451612902,4.516129032258064,67.74193548387096
E00063969,321,98,59,39,223,16,207,30.529595015576323,18.38006230529595,12.149532710280374,69.47040498442367,4.984423676012461,64.48598130841121
E00063970,212,86,41,45,126,8,118,40.56603773584906,19.339622641509436,21.22641509433962,59.43396226415094,3.7735849056603774,55.660377358490564
E00063972,206,66,39,27,140,9,131,32.038834951456316,18.932038834951456,13.106796116504855,67.96116504854369,4.368932038834951,63.59223300970874
E00063973,201,50,16,34,151,17,134,24.875621890547265,7.960199004975125,16.91542288557214,75.12437810945273,8.45771144278607,66.66666666666666
E00063974,256,48,23,25,208,19,189,18.75,8.984375,9.765625,81.25,7.421875,73.828125
E00063975,261,60,22,38,201,14,187,22.988505747126435,8.42911877394636,14.559386973180077,77.01149425287356,5.363984674329502,71.64750957854406
E00063976,475,86,32,54,389,37,352,18.10526315789474,6.7368421052631575,11.368421052631579,81.89473684210526,7.7894736842105265,74.10526315789474
E00063977,272,59,22,37,213,22,191,21.691176470588236,8.088235294117647,13.602941176470587,78.30882352941177,8.088235294117647,70.22058823529412
E00063978,300,75,27,48,225,24,201,25,9,16,75,8,67
E00063979,264,65,27,38,199,22,177,24.62121212121212,10.227272727272728,14.393939393939394,75.37878787878788,8.333333333333332,67.04545454545455
E00063980,230,45,21,24,185,20,165,19.565217391304348,9.130434782608695,10.434782608695652,80.43478260869566,8.695652173913043,71.73913043478261
E00063981,228,47,22,25,181,17,164,20.614035087719298,9.649122807017543,10.964912280701753,79.3859649122807,7.456140350877193,71.9298245614035
E00063982,504,99,46,53,405,32,373,19.642857142857142,9.126984126984127,10.515873015873016,80.35714285714286,6.349206349206349,74.0079365079365
E00063983,338,80,36,44,258,17,241,23.668639053254438,10.650887573964498,13.017751479289942,76.33136094674556,5.029585798816568,71.30177514792899
E00063984,287,60,34,26,227,17,210,20.905923344947734,11.846689895470384,9.059233449477352,79.09407665505228,5.923344947735192,73.17073170731707
E00063985,327,75,37,38,252,21,231,22.93577981651376,11.314984709480122,11.62079510703364,77.06422018348624,6.422018348623854,70.64220183486239
E00063986,337,65,25,40,272,28,244,19.287833827893174,7.418397626112759,11.869436201780417,80.71216617210682,8.30860534124629,72.40356083086054
E00063987,297,56,24,32,241,24,217,18.855218855218855,8.080808080808081,10.774410774410773,81.14478114478115,8.080808080808081,73.06397306397307
E00063988,301,85,32,53,216,20,196,28.23920265780731,10.631229235880399,17.60797342192691,71.76079734219269,6.64451827242525,65.11627906976744
E00063989,160,93,58,35,67,8,59,58.12500000000001,36.25,21.875,41.875,5,36.875
E00063990,140,74,46,28,66,9,57,52.85714285714286,32.857142857142854,20,47.14285714285714,6.428571428571428,40.714285714285715
E00063991,269,66,28,38,203,23,180,24.53531598513011,10.408921933085502,14.12639405204461,75.46468401486989,8.550185873605948,66.91449814126395
E00063992,294,78,28,50,216,18,198,26.53061224489796,9.523809523809524,17.006802721088434,73.46938775510205,6.122448979591836,67.3469387755102
E00063993,316,62,24,38,254,32,222,19.62025316455696,7.59493670886076,12.025316455696203,80.37974683544303,10.126582278481013,70.25316455696202
E00063994,257,53,11,42,204,23,181,20.622568093385212,4.280155642023346,16.342412451361866,79.37743190661479,8.949416342412452,70.42801556420234
E00063995,204,56,27,29,148,8,140,27.450980392156865,13.23529411764706,14.215686274509803,72.54901960784314,3.9215686274509802,68.62745098039215
E00063996,276,46,21,25,230,25,205,16.666666666666664,7.608695652173914,9.057971014492754,83.33333333333334,9.057971014492754,74.27536231884058
E00063997,327,72,33,39,255,25,230,22.018348623853214,10.091743119266056,11.926605504587156,77.98165137614679,7.64525993883792,70.33639143730886
E00063998,274,57,26,31,217,23,194,20.802919708029197,9.48905109489051,11.313868613138686,79.1970802919708,8.394160583941606,70.8029197080292
E00063999,352,64,30,34,288,27,261,18.181818181818183,8.522727272727272,9.659090909090908,81.81818181818183,7.670454545454546,74.14772727272727
E00064000,308,93,48,45,215,12,203,30.1948051948052,15.584415584415584,14.61038961038961,69.8051948051948,3.896103896103896,65.9090909090909
E00064001,352,91,43,48,261,16,245,25.85227272727273,12.215909090909092,13.636363636363635,74.14772727272727,4.545454545454546,69.60227272727273
E00064002,397,108,65,43,289,21,268,27.204030226700255,16.3727959697733,10.831234256926953,72.79596977329975,5.289672544080604,67.50629722921914
E00064003,278,63,30,33,215,17,198,22.66187050359712,10.79136690647482,11.870503597122301,77.33812949640287,6.115107913669065,71.22302158273382
E00064004,219,63,27,36,156,15,141,28.767123287671232,12.32876712328767,16.43835616438356,71.23287671232876,6.8493150684931505,64.38356164383562
E00064005,287,71,30,41,216,17,199,24.738675958188153,10.452961672473867,14.285714285714285,75.26132404181185,5.923344947735192,69.33797909407666
E00064006,275,68,37,31,207,17,190,24.727272727272727,13.454545454545455,11.272727272727273,75.27272727272727,6.181818181818182,69.0909090909091
E00064007,224,51,20,31,173,11,162,22.767857142857142,8.928571428571429,13.839285714285715,77.23214285714286,4.910714285714286,72.32142857142857
E00064008,289,61,24,37,228,13,215,21.10726643598616,8.304498269896193,12.802768166089965,78.89273356401384,4.498269896193772,74.39446366782006
E00064009,308,76,34,42,232,23,209,24.675324675324674,11.03896103896104,13.636363636363635,75.32467532467533,7.467532467532467,67.85714285714286
E00064010,274,69,30,39,205,14,191,25.18248175182482,10.948905109489052,14.233576642335766,74.81751824817519,5.109489051094891,69.7080291970803
E00064011,236,56,32,24,180,19,161,23.728813559322035,13.559322033898304,10.16949152542373,76.27118644067797,8.050847457627118,68.22033898305084
E00064012,264,59,26,33,205,14,191,22.348484848484848,9.848484848484848,12.5,77.65151515151516,5.303030303030303,72.34848484848484
E00064013,314,68,34,34,246,16,230,21.656050955414013,10.828025477707007,10.828025477707007,78.343949044586,5.095541401273886,73.24840764331209
E00064014,212,62,36,26,150,18,132,29.245283018867923,16.9811320754717,12.264150943396226,70.75471698113208,8.49056603773585,62.264150943396224
E00064015,354,80,37,43,274,25,249,22.598870056497177,10.451977401129943,12.146892655367232,77.40112994350282,7.062146892655368,70.33898305084746
E00064016,277,91,40,51,186,16,170,32.851985559566785,14.440433212996389,18.4115523465704,67.14801444043322,5.776173285198556,61.371841155234655
E00064017,303,83,33,50,220,20,200,27.39273927392739,10.891089108910892,16.5016501650165,72.60726072607261,6.6006600660066,66.006600660066
E00064018,254,72,27,45,182,15,167,28.346456692913385,10.62992125984252,17.716535433070867,71.65354330708661,5.905511811023622,65.74803149606299
E00064019,226,64,24,40,162,19,143,28.31858407079646,10.619469026548673,17.699115044247787,71.68141592920354,8.4070796460177,63.27433628318584
E00064020,290,57,29,28,233,13,220,19.655172413793103,10,9.655172413793103,80.3448275862069,4.482758620689655,75.86206896551724
E00064021,280,82,31,51,198,21,177,29.28571428571429,11.071428571428571,18.21428571428571,70.71428571428572,7.5,63.21428571428571
E00064022,287,60,34,26,227,14,213,20.905923344947734,11.846689895470384,9.059233449477352,79.09407665505228,4.878048780487805,74.21602787456446
E00064023,275,56,31,25,219,7,212,20.363636363636363,11.272727272727273,9.090909090909092,79.63636363636364,2.5454545454545454,77.0909090909091
E00064024,268,51,29,22,217,12,205,19.029850746268657,10.820895522388058,8.208955223880597,80.97014925373134,4.477611940298507,76.49253731343283
E00064025,319,86,44,42,233,12,221,26.959247648902824,13.793103448275861,13.166144200626958,73.04075235109718,3.761755485893417,69.27899686520375
E00064026,283,77,40,37,206,24,182,27.208480565371023,14.13427561837456,13.074204946996467,72.79151943462897,8.480565371024735,64.31095406360424
E00064027,241,46,22,24,195,19,176,19.08713692946058,9.12863070539419,9.95850622406639,80.91286307053942,7.883817427385892,73.02904564315352
E00064028,336,97,52,45,239,26,213,28.869047619047617,15.476190476190476,13.392857142857142,71.13095238095238,7.738095238095238,63.39285714285714
E00064029,342,72,31,41,270,25,245,21.052631578947366,9.064327485380117,11.988304093567251,78.94736842105263,7.309941520467836,71.6374269005848
E00064030,294,58,28,30,236,22,214,19.727891156462583,9.523809523809524,10.204081632653061,80.27210884353741,7.482993197278912,72.78911564625851
E00064031,279,60,26,34,219,21,198,21.50537634408602,9.31899641577061,12.186379928315413,78.49462365591397,7.526881720430108,70.96774193548387
E00064032,276,64,25,39,212,29,183,23.18840579710145,9.057971014492754,14.130434782608695,76.81159420289855,10.507246376811594,66.30434782608695
E00064033,290,47,17,30,243,22,221,16.206896551724135,5.862068965517241,10.344827586206897,83.79310344827586,7.586206896551724,76.20689655172413
E00064034,286,61,25,36,225,26,199,21.328671328671327,8.741258741258742,12.587412587412588,78.67132867132867,9.090909090909092,69.58041958041959
E00064035,271,47,22,25,224,23,201,17.343173431734318,8.118081180811808,9.22509225092251,82.65682656826569,8.487084870848708,74.16974169741697
E00064036,305,57,29,28,248,27,221,18.688524590163937,9.508196721311474,9.180327868852459,81.31147540983606,8.852459016393443,72.45901639344262
E00064037,258,48,23,25,210,22,188,18.6046511627907,8.914728682170542,9.689922480620156,81.3953488372093,8.527131782945736,72.86821705426357
E00064038,334,85,48,37,249,18,231,25.449101796407188,14.37125748502994,11.077844311377245,74.55089820359282,5.389221556886228,69.16167664670658
E00064039,192,73,47,26,119,12,107,38.02083333333333,24.479166666666664,13.541666666666666,61.979166666666664,6.25,55.729166666666664
E00064040,277,83,41,42,194,18,176,29.96389891696751,14.801444043321299,15.162454873646208,70.03610108303249,6.4981949458483745,63.537906137184116
E00064041,314,66,25,41,248,19,229,21.019108280254777,7.961783439490445,13.05732484076433,78.98089171974523,6.050955414012739,72.92993630573248
E00064042,251,99,58,41,152,22,130,39.44223107569721,23.107569721115535,16.334661354581673,60.55776892430279,8.764940239043826,51.79282868525896
E00064043,179,58,33,25,121,12,109,32.402234636871505,18.435754189944134,13.966480446927374,67.59776536312849,6.70391061452514,60.893854748603346
E00064044,276,64,39,25,212,19,193,23.18840579710145,14.130434782608695,9.057971014492754,76.81159420289855,6.884057971014493,69.92753623188406
E00064045,176,82,55,27,94,8,86,46.590909090909086,31.25,15.340909090909092,53.40909090909091,4.545454545454546,48.86363636363637
E00064046,334,165,92,73,169,23,146,49.40119760479042,27.54491017964072,21.856287425149702,50.59880239520959,6.88622754491018,43.712574850299404
E00064047,322,51,25,26,271,26,245,15.838509316770185,7.763975155279502,8.074534161490684,84.16149068322981,8.074534161490684,76.08695652173914
E00064048,216,43,20,23,173,25,148,19.90740740740741,9.25925925925926,10.648148148148149,80.0925925925926,11.574074074074074,68.51851851851852
E00064049,238,44,14,30,194,27,167,18.487394957983195,5.88235294117647,12.605042016806722,81.5126050420168,11.344537815126051,70.16806722689076
E00064050,252,46,15,31,206,20,186,18.253968253968253,5.952380952380952,12.3015873015873,81.74603174603175,7.936507936507936,73.80952380952381
E00064051,233,38,13,25,195,22,173,16.30901287553648,5.579399141630901,10.72961373390558,83.69098712446352,9.44206008583691,74.2489270386266
E00064052,245,63,29,34,182,22,160,25.71428571428571,11.83673469387755,13.877551020408163,74.28571428571429,8.979591836734693,65.3061224489796
E00064053,249,73,41,32,176,9,167,29.31726907630522,16.46586345381526,12.851405622489958,70.68273092369478,3.614457831325301,67.06827309236948
E00064054,201,68,38,30,133,16,117,33.83084577114428,18.90547263681592,14.925373134328357,66.16915422885572,7.960199004975125,58.2089552238806
E00064055,291,70,35,35,221,20,201,24.054982817869416,12.027491408934708,12.027491408934708,75.94501718213058,6.872852233676976,69.0721649484536
E00064056,305,70,30,40,235,15,220,22.950819672131146,9.836065573770492,13.114754098360656,77.04918032786885,4.918032786885246,72.1311475409836
E00064057,299,83,43,40,216,23,193,27.759197324414714,14.381270903010032,13.377926421404682,72.24080267558529,7.6923076923076925,64.54849498327759
E00064058,316,67,37,30,249,13,236,21.202531645569618,11.708860759493671,9.49367088607595,78.79746835443038,4.113924050632911,74.68354430379746
E00064059,171,59,37,22,112,10,102,34.50292397660819,21.637426900584796,12.865497076023392,65.49707602339181,5.847953216374268,59.64912280701754
E00064060,226,49,19,30,177,17,160,21.68141592920354,8.4070796460177,13.274336283185843,78.31858407079646,7.52212389380531,70.79646017699115
E00064061,297,56,27,29,241,16,225,18.855218855218855,9.090909090909092,9.764309764309765,81.14478114478115,5.387205387205387,75.75757575757575
E00064063,200,76,46,30,124,16,108,38,23,15,62,8,54
E00064064,267,43,18,25,224,16,208,16.10486891385768,6.741573033707865,9.363295880149813,83.89513108614233,5.992509363295881,77.90262172284645
E00064065,198,77,38,39,121,18,103,38.88888888888889,19.19191919191919,19.696969696969695,61.111111111111114,9.090909090909092,52.02020202020202
E00064066,157,54,23,31,103,12,91,34.394904458598724,14.64968152866242,19.745222929936308,65.60509554140127,7.643312101910828,57.961783439490446
E00064067,255,59,28,31,196,20,176,23.137254901960784,10.980392156862745,12.156862745098039,76.86274509803923,7.8431372549019605,69.01960784313725
E00064068,217,36,19,17,181,16,165,16.589861751152075,8.755760368663594,7.834101382488479,83.41013824884793,7.373271889400922,76.036866359447
E00064069,211,103,55,48,108,8,100,48.81516587677725,26.066350710900476,22.748815165876778,51.18483412322274,3.7914691943127963,47.39336492890995
E00064070,314,63,26,37,251,17,234,20.063694267515924,8.280254777070063,11.78343949044586,79.93630573248409,5.414012738853503,74.52229299363057
E00064071,251,65,25,40,186,17,169,25.89641434262948,9.9601593625498,15.936254980079681,74.10358565737052,6.772908366533864,67.33067729083665
E00064072,354,132,104,28,222,13,209,37.28813559322034,29.37853107344633,7.909604519774012,62.71186440677966,3.672316384180791,59.03954802259888
E00064073,291,66,25,41,225,19,206,22.68041237113402,8.59106529209622,14.0893470790378,77.31958762886599,6.529209621993128,70.79037800687286
E00064074,240,55,26,29,185,12,173,22.916666666666664,10.833333333333334,12.083333333333334,77.08333333333334,5,72.08333333333333
E00064075,276,57,25,32,219,14,205,20.652173913043477,9.057971014492754,11.594202898550725,79.34782608695652,5.072463768115942,74.27536231884058
E00064076,206,47,23,24,159,12,147,22.815533980582526,11.165048543689322,11.650485436893204,77.18446601941747,5.825242718446602,71.35922330097088
E00064077,257,88,50,38,169,16,153,34.24124513618677,19.45525291828794,14.785992217898833,65.75875486381322,6.22568093385214,59.53307392996109
E00064078,294,72,36,36,222,17,205,24.489795918367346,12.244897959183673,12.244897959183673,75.51020408163265,5.782312925170068,69.72789115646259
E00064079,289,61,34,27,228,26,202,21.10726643598616,11.76470588235294,9.342560553633218,78.89273356401384,8.996539792387544,69.8961937716263
E00064080,293,82,46,36,211,21,190,27.986348122866893,15.699658703071673,12.286689419795222,72.01365187713311,7.167235494880546,64.84641638225256
E00064081,274,60,28,32,214,10,204,21.897810218978105,10.218978102189782,11.678832116788321,78.1021897810219,3.64963503649635,74.45255474452554
E00064082,227,65,24,41,162,10,152,28.634361233480178,10.572687224669604,18.06167400881057,71.36563876651982,4.405286343612335,66.96035242290749
E00064083,226,63,26,37,163,22,141,27.876106194690266,11.504424778761061,16.371681415929203,72.12389380530973,9.734513274336283,62.38938053097345
E00064084,268,53,30,23,215,18,197,19.776119402985074,11.194029850746269,8.582089552238806,80.22388059701493,6.7164179104477615,73.50746268656717
E00064085,301,64,28,36,237,26,211,21.262458471760798,9.30232558139535,11.960132890365449,78.7375415282392,8.637873754152823,70.09966777408638
E00064086,256,48,21,27,208,21,187,18.75,8.203125,10.546875,81.25,8.203125,73.046875
E00064087,299,65,25,40,234,16,218,21.73913043478261,8.361204013377927,13.377926421404682,78.26086956521739,5.351170568561873,72.90969899665552
E00064088,258,66,30,36,192,21,171,25.581395348837212,11.627906976744185,13.953488372093023,74.4186046511628,8.13953488372093,66.27906976744185
E00064089,245,53,24,29,192,11,181,21.63265306122449,9.795918367346939,11.83673469387755,78.36734693877551,4.489795918367347,73.87755102040816
E00064090,271,42,10,32,229,12,217,15.498154981549817,3.6900369003690034,11.808118081180812,84.50184501845018,4.428044280442804,80.07380073800738
E00064091,311,36,17,19,275,25,250,11.57556270096463,5.466237942122187,6.109324758842444,88.42443729903538,8.038585209003216,80.38585209003215
E00064092,228,60,34,26,168,14,154,26.31578947368421,14.912280701754385,11.403508771929824,73.68421052631578,6.140350877192982,67.54385964912281
E00064093,259,56,27,29,203,20,183,21.62162162162162,10.424710424710424,11.196911196911197,78.37837837837837,7.722007722007722,70.65637065637065
E00064094,266,43,9,34,223,16,207,16.165413533834585,3.3834586466165413,12.781954887218044,83.83458646616542,6.015037593984962,77.81954887218046
E00064095,271,65,31,34,206,12,194,23.985239852398525,11.439114391143912,12.546125461254611,76.01476014760148,4.428044280442804,71.58671586715867
E00064096,287,103,71,32,184,19,165,35.88850174216028,24.738675958188153,11.149825783972126,64.11149825783971,6.620209059233449,57.491289198606275
E00064097,361,73,26,47,288,28,260,20.221606648199447,7.202216066481995,13.019390581717452,79.77839335180056,7.756232686980609,72.02216066481995
E00064098,261,53,22,31,208,20,188,20.306513409961685,8.42911877394636,11.877394636015326,79.6934865900383,7.662835249042145,72.03065134099617
E00064099,466,68,30,38,398,31,367,14.592274678111588,6.437768240343347,8.15450643776824,85.40772532188842,6.652360515021459,78.75536480686695
E00064100,267,60,21,39,207,16,191,22.47191011235955,7.865168539325842,14.606741573033707,77.52808988764045,5.992509363295881,71.53558052434457
E00064101,252,41,19,22,211,12,199,16.26984126984127,7.5396825396825395,8.73015873015873,83.73015873015873,4.761904761904762,78.96825396825396
E00064102,224,54,26,28,170,13,157,24.107142857142858,11.607142857142858,12.5,75.89285714285714,5.803571428571429,70.08928571428571
E00064103,275,58,34,24,217,22,195,21.09090909090909,12.363636363636363,8.727272727272728,78.9090909090909,8,70.9090909090909
E00064104,239,47,16,31,192,14,178,19.665271966527197,6.694560669456067,12.97071129707113,80.3347280334728,5.857740585774058,74.47698744769873
E00064105,208,51,21,30,157,12,145,24.519230769230766,10.096153846153847,14.423076923076922,75.48076923076923,5.769230769230769,69.71153846153845
E00064106,269,48,19,29,221,14,207,17.843866171003718,7.063197026022305,10.780669144981413,82.15613382899627,5.204460966542751,76.95167286245353
E00064107,360,79,30,49,281,25,256,21.944444444444443,8.333333333333332,13.61111111111111,78.05555555555556,6.944444444444445,71.11111111111111
E00064108,311,50,23,27,261,25,236,16.077170418006432,7.395498392282958,8.681672025723474,83.92282958199357,8.038585209003216,75.88424437299035
E00064109,232,47,19,28,185,14,171,20.25862068965517,8.189655172413794,12.068965517241379,79.74137931034483,6.0344827586206895,73.70689655172413
E00064110,182,48,21,27,134,9,125,26.373626373626376,11.538461538461538,14.835164835164836,73.62637362637363,4.945054945054945,68.68131868131869
E00064111,381,65,29,36,316,25,291,17.060367454068242,7.611548556430446,9.448818897637794,82.93963254593176,6.561679790026247,76.37795275590551
E00064112,245,56,16,40,189,7,182,22.857142857142858,6.530612244897959,16.3265306122449,77.14285714285715,2.857142857142857,74.28571428571429
E00064113,260,66,28,38,194,12,182,25.384615384615383,10.76923076923077,14.615384615384617,74.61538461538461,4.615384615384616,70
E00064114,288,53,25,28,235,17,218,18.40277777777778,8.680555555555555,9.722222222222223,81.59722222222221,5.902777777777778,75.69444444444444
E00064115,290,56,28,28,234,30,204,19.310344827586206,9.655172413793103,9.655172413793103,80.6896551724138,10.344827586206897,70.34482758620689
E00064116,304,65,17,48,239,25,214,21.38157894736842,5.592105263157895,15.789473684210526,78.61842105263158,8.223684210526317,70.39473684210526
E00064117,316,51,22,29,265,18,247,16.139240506329113,6.962025316455696,9.177215189873419,83.86075949367088,5.69620253164557,78.16455696202532
E00064118,277,44,16,28,233,24,209,15.884476534296029,5.776173285198556,10.108303249097473,84.11552346570397,8.664259927797833,75.45126353790613
E00064119,293,49,22,27,244,19,225,16.723549488054605,7.508532423208192,9.215017064846416,83.27645051194538,6.484641638225256,76.79180887372013
E00064120,300,48,20,28,252,25,227,16,6.666666666666667,9.333333333333334,84,8.333333333333332,75.66666666666667
E00064121,202,57,31,26,145,19,126,28.217821782178216,15.346534653465346,12.871287128712872,71.78217821782178,9.405940594059405,62.37623762376238
E00064122,276,76,42,34,200,25,175,27.536231884057973,15.217391304347828,12.318840579710146,72.46376811594203,9.057971014492754,63.40579710144928
E00064123,291,83,49,34,208,24,184,28.52233676975945,16.83848797250859,11.683848797250858,71.47766323024055,8.24742268041237,63.230240549828174
E00064124,341,104,73,31,237,28,209,30.498533724340177,21.407624633431084,9.090909090909092,69.50146627565982,8.211143695014663,61.29032258064516
E00064125,311,62,24,38,249,27,222,19.935691318327976,7.717041800643088,12.218649517684888,80.06430868167203,8.681672025723474,71.38263665594855
E00064126,283,70,28,42,213,19,194,24.73498233215548,9.89399293286219,14.840989399293287,75.26501766784452,6.713780918727916,68.55123674911661
E00064127,293,62,41,21,231,21,210,21.160409556313994,13.993174061433447,7.167235494880546,78.839590443686,7.167235494880546,71.67235494880546
E00064128,257,37,14,23,220,24,196,14.396887159533073,5.447470817120623,8.949416342412452,85.60311284046692,9.33852140077821,76.26459143968872
E00064129,266,47,23,24,219,15,204,17.669172932330827,8.646616541353383,9.022556390977442,82.33082706766918,5.639097744360902,76.69172932330827
E00064130,200,61,23,38,139,15,124,30.5,11.5,19,69.5,7.5,62
E00064131,219,49,24,25,170,18,152,22.37442922374429,10.95890410958904,11.415525114155251,77.6255707762557,8.21917808219178,69.40639269406392
E00064132,323,63,28,35,260,28,232,19.5046439628483,8.6687306501548,10.8359133126935,80.4953560371517,8.6687306501548,71.8266253869969
E00064133,259,55,23,32,204,27,177,21.235521235521233,8.880308880308881,12.355212355212355,78.76447876447877,10.424710424710424,68.33976833976834
E00064134,269,43,17,26,226,22,204,15.985130111524162,6.319702602230483,9.66542750929368,84.01486988847584,8.178438661710038,75.8364312267658
E00064135,318,47,19,28,271,24,247,14.779874213836477,5.9748427672955975,8.80503144654088,85.22012578616352,7.547169811320755,77.67295597484278
E00064136,249,55,27,28,194,21,173,22.08835341365462,10.843373493975903,11.244979919678714,77.91164658634538,8.433734939759036,69.47791164658635
E00064137,277,53,24,29,224,13,211,19.133574007220215,8.664259927797833,10.469314079422382,80.86642599277978,4.693140794223827,76.17328519855594
E00064138,225,57,25,32,168,16,152,25.333333333333336,11.11111111111111,14.222222222222221,74.66666666666667,7.111111111111111,67.55555555555556
E00064139,277,65,30,35,212,39,173,23.465703971119133,10.830324909747292,12.63537906137184,76.53429602888086,14.079422382671481,62.454873646209386
E00064140,234,51,28,23,183,24,159,21.794871794871796,11.965811965811966,9.82905982905983,78.2051282051282,10.256410256410255,67.94871794871796
E00064141,331,51,18,33,280,37,243,15.407854984894259,5.438066465256798,9.969788519637463,84.59214501510573,11.178247734138973,73.41389728096676
E00064142,261,94,46,48,167,12,155,36.015325670498086,17.624521072796934,18.39080459770115,63.984674329501914,4.597701149425287,59.38697318007663
E00064143,356,86,44,42,270,23,247,24.15730337078652,12.359550561797752,11.797752808988763,75.84269662921348,6.460674157303371,69.3820224719101
E00064144,370,93,48,45,277,20,257,25.135135135135133,12.972972972972974,12.162162162162163,74.86486486486487,5.405405405405405,69.45945945945947
E00064145,322,88,41,47,234,13,221,27.32919254658385,12.732919254658384,14.596273291925465,72.67080745341616,4.037267080745342,68.63354037267081
E00064146,445,56,13,43,389,37,352,12.584269662921349,2.9213483146067416,9.662921348314606,87.41573033707866,8.314606741573034,79.10112359550561
E00064147,413,82,42,40,331,26,305,19.854721549636803,10.16949152542373,9.685230024213075,80.1452784503632,6.2953995157385,73.8498789346247
E00064148,208,64,26,38,144,15,129,30.76923076923077,12.5,18.269230769230766,69.23076923076923,7.211538461538461,62.019230769230774
E00064149,321,54,23,31,267,34,233,16.822429906542055,7.165109034267912,9.657320872274143,83.17757009345794,10.59190031152648,72.58566978193146
E00064150,239,36,14,22,203,19,184,15.062761506276152,5.857740585774058,9.205020920502092,84.93723849372385,7.949790794979079,76.98744769874477
E00064151,304,55,26,29,249,21,228,18.092105263157894,8.552631578947368,9.539473684210527,81.9078947368421,6.907894736842106,75
E00064152,256,86,48,38,170,9,161,33.59375,18.75,14.84375,66.40625,3.515625,62.890625
E00064153,297,62,23,39,235,27,208,20.875420875420875,7.744107744107744,13.131313131313133,79.12457912457911,9.090909090909092,70.03367003367003
E00064154,352,96,50,46,256,16,240,27.27272727272727,14.204545454545455,13.068181818181818,72.72727272727273,4.545454545454546,68.18181818181817
E00064155,297,120,60,60,177,16,161,40.4040404040404,20.2020202020202,20.2020202020202,59.59595959595959,5.387205387205387,54.20875420875421
E00064156,335,86,42,44,249,15,234,25.671641791044774,12.53731343283582,13.134328358208954,74.32835820895522,4.477611940298507,69.85074626865672
E00064157,252,66,27,39,186,18,168,26.190476190476193,10.714285714285714,15.476190476190476,73.80952380952381,7.142857142857142,66.66666666666666
E00064158,293,98,49,49,195,10,185,33.44709897610921,16.723549488054605,16.723549488054605,66.55290102389078,3.4129692832764507,63.13993174061433
E00064159,222,93,55,38,129,9,120,41.891891891891895,24.774774774774773,17.117117117117118,58.108108108108105,4.054054054054054,54.054054054054056
E00064160,226,58,38,20,168,10,158,25.663716814159294,16.8141592920354,8.849557522123893,74.33628318584071,4.424778761061947,69.91150442477876
E00064161,251,86,41,45,165,20,145,34.26294820717131,16.334661354581673,17.928286852589643,65.73705179282868,7.968127490039841,57.76892430278885
E00064162,181,63,31,32,118,4,114,34.806629834254146,17.12707182320442,17.67955801104972,65.19337016574586,2.209944751381215,62.98342541436463
E00064163,326,108,57,51,218,15,203,33.12883435582822,17.484662576687114,15.644171779141105,66.87116564417178,4.601226993865031,62.26993865030674
E00064164,228,59,29,30,169,8,161,25.877192982456144,12.719298245614036,13.157894736842104,74.12280701754386,3.508771929824561,70.6140350877193
E00064165,314,71,29,42,243,14,229,22.611464968152866,9.235668789808917,13.375796178343949,77.38853503184714,4.45859872611465,72.92993630573248
E00064166,301,42,12,30,259,20,239,13.953488372093023,3.9867109634551494,9.966777408637874,86.04651162790698,6.64451827242525,79.40199335548172
E00064167,260,67,24,43,193,16,177,25.769230769230766,9.230769230769232,16.538461538461537,74.23076923076923,6.153846153846154,68.07692307692308
E00064168,296,80,36,44,216,23,193,27.027027027027028,12.162162162162163,14.864864864864865,72.97297297297297,7.77027027027027,65.2027027027027
E00064169,280,68,29,39,212,16,196,24.285714285714285,10.357142857142858,13.928571428571429,75.71428571428571,5.714285714285714,70
E00064170,206,46,20,26,160,14,146,22.330097087378643,9.70873786407767,12.62135922330097,77.66990291262135,6.796116504854369,70.87378640776699
E00064171,268,66,29,37,202,15,187,24.62686567164179,10.820895522388058,13.805970149253731,75.3731343283582,5.597014925373134,69.77611940298507
E00064172,312,68,27,41,244,28,216,21.794871794871796,8.653846153846153,13.141025641025642,78.2051282051282,8.974358974358974,69.23076923076923
E00064173,206,57,21,36,149,13,136,27.669902912621357,10.194174757281553,17.475728155339805,72.33009708737865,6.310679611650485,66.01941747572816
E00064174,263,108,78,30,155,17,138,41.06463878326996,29.65779467680608,11.406844106463879,58.935361216730044,6.4638783269961975,52.47148288973384
E00064175,309,36,17,19,273,29,244,11.650485436893204,5.501618122977346,6.148867313915858,88.3495145631068,9.385113268608414,78.96440129449837
E00064176,278,50,19,31,228,17,211,17.985611510791365,6.83453237410072,11.151079136690647,82.01438848920863,6.115107913669065,75.89928057553958
E00064177,149,85,56,29,64,9,55,57.04697986577181,37.58389261744966,19.463087248322147,42.95302013422819,6.0402684563758395,36.91275167785235
E00064178,273,47,21,26,226,26,200,17.216117216117215,7.6923076923076925,9.523809523809524,82.78388278388277,9.523809523809524,73.26007326007326
E00064179,287,69,29,40,218,14,204,24.041811846689896,10.104529616724738,13.937282229965156,75.9581881533101,4.878048780487805,71.0801393728223
E00064180,291,55,22,33,236,24,212,18.900343642611684,7.560137457044673,11.34020618556701,81.09965635738831,8.24742268041237,72.85223367697594
E00064181,375,88,44,44,287,21,266,23.466666666666665,11.733333333333333,11.733333333333333,76.53333333333333,5.6000000000000005,70.93333333333334
E00064182,294,71,28,43,223,19,204,24.149659863945576,9.523809523809524,14.625850340136054,75.85034013605441,6.462585034013606,69.38775510204081
E00064183,326,58,22,36,268,24,244,17.791411042944784,6.748466257668712,11.042944785276074,82.20858895705521,7.361963190184049,74.84662576687117
E00064184,254,45,16,29,209,23,186,17.716535433070867,6.299212598425196,11.41732283464567,82.28346456692913,9.05511811023622,73.22834645669292
E00064185,300,105,67,38,195,13,182,35,22.333333333333332,12.666666666666668,65,4.333333333333334,60.66666666666667
E00064186,342,51,20,31,291,25,266,14.912280701754385,5.847953216374268,9.064327485380117,85.08771929824562,7.309941520467836,77.77777777777779
E00064187,323,68,34,34,255,23,232,21.052631578947366,10.526315789473683,10.526315789473683,78.94736842105263,7.120743034055728,71.8266253869969
E00064188,304,72,34,38,232,23,209,23.684210526315788,11.18421052631579,12.5,76.31578947368422,7.565789473684211,68.75
E00064189,423,86,43,43,337,24,313,20.33096926713948,10.16548463356974,10.16548463356974,79.66903073286052,5.673758865248227,73.99527186761229
E00064190,286,79,35,44,207,14,193,27.62237762237762,12.237762237762238,15.384615384615385,72.37762237762237,4.895104895104895,67.48251748251748
E00064191,259,58,21,37,201,22,179,22.393822393822393,8.108108108108109,14.285714285714285,77.60617760617761,8.494208494208493,69.1119691119691
E00064192,200,75,51,24,125,11,114,37.5,25.5,12,62.5,5.5,56.99999999999999
E00064193,236,62,31,31,174,15,159,26.27118644067797,13.135593220338984,13.135593220338984,73.72881355932203,6.3559322033898304,67.37288135593221
E00064194,227,77,40,37,150,20,130,33.92070484581498,17.62114537444934,16.299559471365637,66.07929515418502,8.81057268722467,57.268722466960355
E00064195,257,65,31,34,192,10,182,25.291828793774318,12.062256809338521,13.229571984435799,74.70817120622569,3.8910505836575875,70.8171206225681
E00064196,257,48,20,28,209,13,196,18.67704280155642,7.782101167315175,10.894941634241246,81.32295719844358,5.058365758754864,76.26459143968872
E00064197,281,83,42,41,198,21,177,29.537366548042705,14.94661921708185,14.590747330960854,70.46263345195729,7.473309608540925,62.989323843416365
E00064198,362,69,29,40,293,24,269,19.060773480662984,8.011049723756907,11.049723756906078,80.93922651933701,6.629834254143646,74.30939226519338
E00064199,312,68,31,37,244,26,218,21.794871794871796,9.935897435897436,11.858974358974358,78.2051282051282,8.333333333333332,69.87179487179486
E00064200,254,48,24,24,206,17,189,18.89763779527559,9.448818897637794,9.448818897637794,81.10236220472441,6.692913385826772,74.40944881889764
E00064201,267,64,28,36,203,21,182,23.970037453183522,10.486891385767791,13.48314606741573,76.02996254681648,7.865168539325842,68.16479400749064
E00064202,272,61,31,30,211,18,193,22.426470588235293,11.397058823529411,11.029411764705882,77.57352941176471,6.61764705882353,70.95588235294117
E00064203,229,71,36,35,158,17,141,31.004366812227076,15.72052401746725,15.283842794759824,68.99563318777294,7.423580786026202,61.572052401746724
E00064204,209,57,31,26,152,10,142,27.27272727272727,14.832535885167463,12.440191387559809,72.72727272727273,4.784688995215311,67.94258373205741
E00064205,564,84,33,51,480,40,440,14.893617021276595,5.851063829787234,9.042553191489363,85.1063829787234,7.092198581560284,78.01418439716312
E00064206,311,46,25,21,265,13,252,14.790996784565916,8.038585209003216,6.752411575562702,85.20900321543408,4.180064308681672,81.02893890675242
E00064207,376,53,18,35,323,19,304,14.095744680851062,4.787234042553192,9.308510638297872,85.90425531914893,5.053191489361701,80.85106382978722
E00064208,437,76,34,42,361,26,335,17.391304347826086,7.780320366132723,9.610983981693364,82.6086956521739,5.949656750572083,76.65903890160183
E00064209,209,59,23,36,150,12,138,28.22966507177033,11.004784688995215,17.22488038277512,71.77033492822966,5.741626794258373,66.02870813397129
E00064210,326,77,36,41,249,19,230,23.619631901840492,11.042944785276074,12.576687116564417,76.38036809815951,5.828220858895705,70.5521472392638
E00064211,282,53,17,36,229,15,214,18.79432624113475,6.028368794326241,12.76595744680851,81.20567375886525,5.319148936170213,75.88652482269504
E00064212,167,69,43,26,98,12,86,41.31736526946108,25.748502994011975,15.568862275449103,58.68263473053892,7.18562874251497,51.49700598802395
E00064213,185,60,32,28,125,13,112,32.432432432432435,17.2972972972973,15.135135135135137,67.56756756756756,7.027027027027027,60.54054054054055
E00064214,243,122,68,54,121,12,109,50.20576131687243,27.983539094650205,22.22222222222222,49.794238683127574,4.938271604938271,44.8559670781893
E00064215,386,90,45,45,296,26,270,23.316062176165804,11.658031088082902,11.658031088082902,76.68393782383419,6.7357512953367875,69.94818652849742
E00064217,313,47,18,29,266,32,234,15.015974440894569,5.7507987220447285,9.26517571884984,84.98402555910543,10.223642172523961,74.76038338658148
E00064218,342,73,25,48,269,18,251,21.34502923976608,7.309941520467836,14.035087719298245,78.65497076023392,5.263157894736842,73.39181286549707
E00064219,170,42,22,20,128,11,117,24.705882352941178,12.941176470588237,11.76470588235294,75.29411764705883,6.470588235294119,68.82352941176471
E00064220,231,75,25,50,156,15,141,32.467532467532465,10.822510822510822,21.645021645021643,67.53246753246754,6.493506493506493,61.038961038961034
E00064221,160,57,27,30,103,8,95,35.625,16.875,18.75,64.375,5,59.375
E00064222,268,72,37,35,196,16,180,26.865671641791046,13.805970149253731,13.059701492537313,73.13432835820896,5.970149253731343,67.16417910447761
E00064223,540,133,60,73,407,37,370,24.62962962962963,11.11111111111111,13.518518518518519,75.37037037037037,6.851851851851852,68.51851851851852
E00064224,273,56,20,36,217,17,200,20.51282051282051,7.326007326007327,13.186813186813188,79.48717948717949,6.227106227106227,73.26007326007326
E00064225,191,69,37,32,122,17,105,36.12565445026178,19.3717277486911,16.75392670157068,63.87434554973822,8.900523560209423,54.973821989528794
E00064226,154,36,18,18,118,9,109,23.376623376623375,11.688311688311687,11.688311688311687,76.62337662337663,5.844155844155844,70.77922077922078
E00064227,174,51,22,29,123,11,112,29.310344827586203,12.643678160919542,16.666666666666664,70.6896551724138,6.321839080459771,64.36781609195403
E00064228,330,104,40,64,226,16,210,31.515151515151512,12.121212121212121,19.393939393939394,68.48484848484848,4.848484848484849,63.63636363636363
E00064229,181,37,21,16,144,12,132,20.441988950276244,11.602209944751381,8.83977900552486,79.55801104972376,6.629834254143646,72.92817679558011
E00064230,178,60,32,28,118,7,111,33.70786516853933,17.97752808988764,15.730337078651685,66.29213483146067,3.932584269662921,62.35955056179775
E00064231,172,42,25,17,130,15,115,24.418604651162788,14.534883720930234,9.883720930232558,75.5813953488372,8.720930232558139,66.86046511627907
E00064232,134,31,18,13,103,4,99,23.134328358208954,13.432835820895523,9.701492537313433,76.86567164179104,2.9850746268656714,73.88059701492537
E00064233,263,72,37,35,191,10,181,27.376425855513308,14.068441064638785,13.307984790874524,72.6235741444867,3.802281368821293,68.8212927756654
E00064234,220,67,35,32,153,14,139,30.454545454545457,15.909090909090908,14.545454545454545,69.54545454545455,6.363636363636363,63.18181818181819
E00064235,115,31,14,17,84,10,74,26.956521739130434,12.173913043478262,14.782608695652174,73.04347826086956,8.695652173913043,64.34782608695652
E00064236,204,47,18,29,157,8,149,23.03921568627451,8.823529411764707,14.215686274509803,76.9607843137255,3.9215686274509802,73.0392156862745
E00064237,182,55,25,30,127,10,117,30.21978021978022,13.736263736263737,16.483516483516482,69.78021978021978,5.4945054945054945,64.28571428571429
E00064238,156,38,20,18,118,8,110,24.358974358974358,12.82051282051282,11.538461538461538,75.64102564102564,5.128205128205128,70.51282051282051
E00064239,330,51,26,25,279,24,255,15.454545454545453,7.878787878787878,7.575757575757576,84.54545454545455,7.2727272727272725,77.27272727272727
E00064240,270,68,39,29,202,14,188,25.185185185185183,14.444444444444443,10.74074074074074,74.81481481481481,5.185185185185185,69.62962962962963
E00064241,303,63,37,26,240,17,223,20.792079207920793,12.211221122112212,8.58085808580858,79.20792079207921,5.6105610561056105,73.5973597359736
E00064242,322,101,51,50,221,27,194,31.366459627329192,15.838509316770185,15.527950310559005,68.63354037267081,8.385093167701864,60.24844720496895
E00064243,335,62,26,36,273,15,258,18.507462686567163,7.761194029850746,10.746268656716417,81.49253731343283,4.477611940298507,77.01492537313432
E00064244,307,68,33,35,239,23,216,22.149837133550488,10.749185667752444,11.400651465798045,77.85016286644951,7.491856677524431,70.35830618892508
E00064245,377,50,19,31,327,25,302,13.262599469496022,5.039787798408488,8.222811671087534,86.73740053050398,6.631299734748011,80.10610079575596
E00064246,389,125,83,42,264,17,247,32.13367609254499,21.336760925449873,10.796915167095115,67.86632390745501,4.370179948586118,63.49614395886889
E00064247,185,66,38,28,119,9,110,35.67567567567568,20.54054054054054,15.135135135135137,64.32432432432432,4.864864864864865,59.45945945945946
E00064248,276,75,36,39,201,23,178,27.173913043478258,13.043478260869565,14.130434782608695,72.82608695652173,8.333333333333332,64.4927536231884
E00064249,276,67,35,32,209,19,190,24.27536231884058,12.681159420289855,11.594202898550725,75.72463768115942,6.884057971014493,68.84057971014492
E00064250,168,53,35,18,115,7,108,31.547619047619047,20.833333333333336,10.714285714285714,68.45238095238095,4.166666666666666,64.28571428571429
E00064251,342,79,32,47,263,28,235,23.099415204678362,9.35672514619883,13.742690058479532,76.90058479532163,8.187134502923977,68.71345029239765
E00064252,212,65,34,31,147,14,133,30.660377358490564,16.037735849056602,14.622641509433961,69.33962264150944,6.60377358490566,62.735849056603776
E00064253,254,50,27,23,204,18,186,19.68503937007874,10.62992125984252,9.05511811023622,80.31496062992126,7.086614173228346,73.22834645669292
E00064254,251,59,27,32,192,17,175,23.50597609561753,10.756972111553784,12.749003984063744,76.49402390438247,6.772908366533864,69.7211155378486
E00064255,225,54,24,30,171,9,162,24,10.666666666666668,13.333333333333334,76,4,72
E00064256,287,47,21,26,240,17,223,16.376306620209057,7.317073170731707,9.059233449477352,83.62369337979094,5.923344947735192,77.70034843205575
E00064257,276,53,20,33,223,14,209,19.202898550724637,7.246376811594203,11.956521739130435,80.79710144927536,5.072463768115942,75.72463768115942
E00064258,234,43,20,23,191,13,178,18.37606837606838,8.547008547008547,9.82905982905983,81.62393162393163,5.555555555555555,76.06837606837607
E00064259,306,72,37,35,234,30,204,23.52941176470588,12.091503267973856,11.437908496732026,76.47058823529412,9.803921568627452,66.66666666666666
E00064260,282,58,38,20,224,15,209,20.56737588652482,13.47517730496454,7.092198581560284,79.43262411347519,5.319148936170213,74.11347517730496
E00064261,278,53,29,24,225,12,213,19.06474820143885,10.431654676258994,8.633093525179856,80.93525179856115,4.316546762589928,76.61870503597122
E00064262,282,60,34,26,222,36,186,21.27659574468085,12.056737588652481,9.219858156028367,78.72340425531915,12.76595744680851,65.95744680851064
E00064263,227,59,23,36,168,13,155,25.991189427312776,10.13215859030837,15.859030837004406,74.00881057268722,5.726872246696035,68.28193832599119
E00064264,245,65,29,36,180,13,167,26.53061224489796,11.83673469387755,14.69387755102041,73.46938775510205,5.3061224489795915,68.16326530612244
E00064265,306,65,26,39,241,24,217,21.241830065359476,8.49673202614379,12.745098039215685,78.75816993464052,7.8431372549019605,70.91503267973856
E00064266,227,83,41,42,144,12,132,36.56387665198238,18.06167400881057,18.502202643171806,63.436123348017624,5.286343612334802,58.14977973568281
E00064267,306,80,40,40,226,27,199,26.143790849673206,13.071895424836603,13.071895424836603,73.8562091503268,8.823529411764707,65.0326797385621
E00064268,305,81,46,35,224,25,199,26.557377049180324,15.081967213114755,11.475409836065573,73.44262295081967,8.19672131147541,65.24590163934427
E00064269,159,55,30,25,104,10,94,34.59119496855346,18.867924528301888,15.723270440251572,65.40880503144653,6.289308176100629,59.11949685534591
E00064270,275,80,38,42,195,10,185,29.09090909090909,13.818181818181818,15.272727272727273,70.9090909090909,3.6363636363636362,67.27272727272727
E00064271,254,60,22,38,194,7,187,23.62204724409449,8.661417322834646,14.960629921259844,76.37795275590551,2.7559055118110236,73.62204724409449
E00064272,258,58,25,33,200,18,182,22.48062015503876,9.689922480620156,12.790697674418606,77.51937984496125,6.976744186046512,70.54263565891473
E00064273,233,74,33,41,159,15,144,31.759656652360512,14.163090128755366,17.59656652360515,68.24034334763948,6.437768240343347,61.80257510729614
E00064274,317,76,35,41,241,27,214,23.974763406940063,11.041009463722396,12.933753943217665,76.02523659305994,8.517350157728707,67.50788643533123
E00064275,298,76,40,36,222,11,211,25.503355704697988,13.422818791946309,12.080536912751679,74.49664429530202,3.691275167785235,70.80536912751678
E00064276,269,74,38,36,195,15,180,27.509293680297397,14.12639405204461,13.382899628252787,72.4907063197026,5.5762081784386615,66.91449814126395
E00064277,300,94,47,47,206,15,191,31.333333333333336,15.666666666666668,15.666666666666668,68.66666666666667,5,63.66666666666667
E00064278,287,82,48,34,205,18,187,28.57142857142857,16.72473867595819,11.846689895470384,71.42857142857143,6.2717770034843205,65.1567944250871
E00064279,309,88,52,36,221,13,208,28.478964401294498,16.828478964401295,11.650485436893204,71.52103559870551,4.207119741100324,67.31391585760518
E00064280,238,68,25,43,170,7,163,28.57142857142857,10.504201680672269,18.067226890756302,71.42857142857143,2.941176470588235,68.4873949579832
E00064281,267,61,29,32,206,19,187,22.846441947565545,10.861423220973784,11.985018726591761,77.15355805243446,7.116104868913857,70.0374531835206
E00064282,337,76,28,48,261,25,236,22.551928783382788,8.30860534124629,14.243323442136498,77.44807121661721,7.418397626112759,70.02967359050444
E00064283,288,66,30,36,222,12,210,22.916666666666664,10.416666666666668,12.5,77.08333333333334,4.166666666666666,72.91666666666666
E00064284,300,56,26,30,244,14,230,18.666666666666668,8.666666666666668,10,81.33333333333333,4.666666666666667,76.66666666666667
E00064285,306,76,33,43,230,17,213,24.836601307189543,10.784313725490197,14.052287581699346,75.16339869281046,5.555555555555555,69.6078431372549
E00064286,294,81,36,45,213,19,194,27.55102040816326,12.244897959183673,15.306122448979592,72.44897959183673,6.462585034013606,65.98639455782312
E00064287,303,85,34,51,218,28,190,28.052805280528055,11.221122112211221,16.831683168316832,71.94719471947195,9.24092409240924,62.70627062706271
E00064288,268,53,19,34,215,21,194,19.776119402985074,7.08955223880597,12.686567164179104,80.22388059701493,7.835820895522389,72.38805970149254
E00064289,330,76,37,39,254,25,229,23.03030303030303,11.212121212121213,11.818181818181818,76.96969696969697,7.575757575757576,69.39393939393939
E00064290,227,81,31,50,146,8,138,35.68281938325991,13.656387665198238,22.026431718061673,64.31718061674009,3.524229074889868,60.792951541850215
E00064291,307,55,27,28,252,28,224,17.91530944625407,8.794788273615636,9.120521172638437,82.08469055374593,9.120521172638437,72.9641693811075
E00064292,224,104,80,24,120,14,106,46.42857142857143,35.714285714285715,10.714285714285714,53.57142857142857,6.25,47.32142857142857
E00064293,267,45,19,26,222,19,203,16.853932584269664,7.116104868913857,9.737827715355806,83.14606741573034,7.116104868913857,76.02996254681648
E00064294,255,67,29,38,188,10,178,26.27450980392157,11.372549019607844,14.901960784313726,73.72549019607844,3.9215686274509802,69.80392156862744
E00064295,350,72,29,43,278,33,245,20.57142857142857,8.285714285714285,12.285714285714286,79.42857142857143,9.428571428571429,70
E00064296,294,49,20,29,245,19,226,16.666666666666664,6.802721088435375,9.863945578231291,83.33333333333334,6.462585034013606,76.87074829931973
E00064297,283,86,53,33,197,23,174,30.3886925795053,18.727915194346288,11.66077738515901,69.6113074204947,8.12720848056537,61.48409893992933
E00064298,308,79,39,40,229,20,209,25.649350649350648,12.662337662337661,12.987012987012985,74.35064935064936,6.493506493506493,67.85714285714286
E00064299,317,70,32,38,247,21,226,22.082018927444793,10.094637223974763,11.987381703470032,77.91798107255521,6.624605678233439,71.29337539432177
E00064300,261,68,40,28,193,18,175,26.053639846743295,15.32567049808429,10.727969348659004,73.9463601532567,6.896551724137931,67.04980842911877
E00064301,310,57,34,23,253,25,228,18.387096774193548,10.967741935483872,7.419354838709677,81.61290322580645,8.064516129032258,73.54838709677419
E00064302,287,58,28,30,229,22,207,20.209059233449477,9.75609756097561,10.452961672473867,79.79094076655052,7.665505226480835,72.12543554006969
E00064303,285,63,22,41,222,24,198,22.105263157894736,7.719298245614035,14.385964912280702,77.89473684210526,8.421052631578947,69.47368421052632
E00064304,267,51,28,23,216,16,200,19.101123595505616,10.486891385767791,8.614232209737828,80.89887640449437,5.992509363295881,74.90636704119851
E00064305,299,48,16,32,251,22,229,16.05351170568562,5.351170568561873,10.702341137123746,83.94648829431438,7.357859531772576,76.58862876254182
E00064306,245,61,32,29,184,20,164,24.897959183673468,13.061224489795919,11.83673469387755,75.10204081632654,8.16326530612245,66.93877551020408
E00064307,227,72,35,37,155,16,139,31.718061674008812,15.418502202643172,16.299559471365637,68.28193832599119,7.048458149779736,61.23348017621145
E00064308,429,145,68,77,284,19,265,33.7995337995338,15.85081585081585,17.94871794871795,66.2004662004662,4.428904428904429,61.771561771561764
E00064309,399,155,115,40,244,22,222,38.847117794486216,28.82205513784461,10.025062656641603,61.152882205513784,5.513784461152882,55.639097744360896
E00064310,283,57,33,24,226,25,201,20.141342756183743,11.66077738515901,8.480565371024735,79.85865724381625,8.8339222614841,71.02473498233216
E00064311,220,65,38,27,155,12,143,29.545454545454547,17.272727272727273,12.272727272727273,70.45454545454545,5.454545454545454,65
E00064312,341,100,61,39,241,21,220,29.32551319648094,17.888563049853374,11.436950146627565,70.67448680351906,6.158357771260997,64.51612903225806
E00064313,478,180,128,52,298,25,273,37.65690376569037,26.778242677824267,10.87866108786611,62.34309623430963,5.230125523012552,57.11297071129707
E00064314,336,85,37,48,251,18,233,25.297619047619047,11.011904761904761,14.285714285714285,74.70238095238095,5.357142857142857,69.34523809523809
E00064315,188,60,37,23,128,13,115,31.914893617021278,19.680851063829788,12.23404255319149,68.08510638297872,6.914893617021277,61.170212765957444
E00064316,321,59,26,33,262,23,239,18.38006230529595,8.09968847352025,10.2803738317757,81.61993769470405,7.165109034267912,74.45482866043614
E00064317,278,100,44,56,178,20,158,35.97122302158273,15.827338129496402,20.14388489208633,64.02877697841727,7.1942446043165464,56.83453237410072
E00064318,341,110,70,40,231,15,216,32.25806451612903,20.527859237536656,11.730205278592376,67.74193548387096,4.398826979472141,63.34310850439883
E00064319,295,112,66,46,183,22,161,37.96610169491525,22.372881355932204,15.593220338983052,62.03389830508475,7.457627118644068,54.57627118644067
E00064320,320,105,54,51,215,16,199,32.8125,16.875,15.937499999999998,67.1875,5,62.18749999999999
E00064321,270,100,63,37,170,12,158,37.03703703703704,23.333333333333332,13.703703703703704,62.96296296296296,4.444444444444445,58.51851851851851
E00064322,235,44,15,29,191,15,176,18.72340425531915,6.382978723404255,12.340425531914894,81.27659574468085,6.382978723404255,74.8936170212766
E00064323,324,58,21,37,266,24,242,17.901234567901234,6.481481481481481,11.419753086419753,82.09876543209876,7.4074074074074066,74.69135802469135
E00064324,303,77,49,28,226,21,205,25.412541254125415,16.17161716171617,9.24092409240924,74.58745874587459,6.9306930693069315,67.65676567656766
E00064325,296,50,26,24,246,19,227,16.89189189189189,8.783783783783784,8.108108108108109,83.1081081081081,6.418918918918918,76.6891891891892
E00064326,255,58,24,34,197,16,181,22.745098039215687,9.411764705882353,13.333333333333334,77.25490196078432,6.2745098039215685,70.98039215686275
E00064327,337,72,34,38,265,26,239,21.364985163204746,10.089020771513352,11.275964391691394,78.63501483679525,7.71513353115727,70.91988130563797
E00064328,242,47,27,20,195,11,184,19.421487603305785,11.15702479338843,8.264462809917356,80.57851239669421,4.545454545454546,76.03305785123968
E00064329,271,64,30,34,207,23,184,23.616236162361623,11.07011070110701,12.546125461254611,76.38376383763837,8.487084870848708,67.89667896678966
E00064330,215,63,30,33,152,14,138,29.30232558139535,13.953488372093023,15.348837209302326,70.69767441860465,6.511627906976744,64.18604651162791
E00064331,304,85,43,42,219,18,201,27.960526315789476,14.144736842105262,13.815789473684212,72.03947368421053,5.921052631578947,66.11842105263158
E00064332,283,51,23,28,232,22,210,18.021201413427562,8.12720848056537,9.89399293286219,81.97879858657244,7.773851590106007,74.20494699646643
E00174060,268,64,31,33,204,24,180,23.88059701492537,11.567164179104477,12.313432835820896,76.11940298507463,8.955223880597014,67.16417910447761
E00174061,272,66,26,40,206,22,184,24.264705882352942,9.558823529411764,14.705882352941178,75.73529411764706,8.088235294117647,67.64705882352942
E00174062,333,71,33,38,262,25,237,21.32132132132132,9.90990990990991,11.411411411411411,78.67867867867868,7.5075075075075075,71.17117117117117
E00174063,261,65,32,33,196,24,172,24.904214559386972,12.260536398467432,12.643678160919542,75.09578544061303,9.195402298850574,65.90038314176245
E00185565,385,82,43,39,303,10,293,21.298701298701296,11.168831168831169,10.129870129870131,78.70129870129871,2.5974025974025974,76.1038961038961
E00185566,423,114,67,47,309,23,286,26.95035460992908,15.839243498817968,11.11111111111111,73.04964539007092,5.4373522458628845,67.61229314420804
E00185578,171,98,49,49,73,8,65,57.30994152046783,28.654970760233915,28.654970760233915,42.69005847953216,4.678362573099415,38.01169590643275
E00185631,352,65,43,22,287,24,263,18.46590909090909,12.215909090909092,6.25,81.5340909090909,6.8181818181818175,74.7159090909091
