OA,ts0590001,ts0590002,ts0590003,ts0590004,ts0590005,ts0590006,ts0590007,ts0590002_PCT,ts0590003_PCT,ts0590004_PCT,ts0590005_PCT,ts0590006_PCT,ts0590007_PCT
E00063823,101,35,12,23,66,54,12,34.65346534653465,11.881188118811881,22.772277227722775,65.34653465346535,53.46534653465347,11.881188118811881
E00063824,136,37,14,23,99,91,8,27.205882352941174,10.294117647058822,16.911764705882355,72.79411764705883,66.91176470588235,5.88235294117647
E00063825,117,41,12,29,76,71,5,35.04273504273504,10.256410256410255,24.786324786324787,64.95726495726495,60.68376068376068,4.273504273504273
E00063826,75,34,6,28,41,34,7,45.33333333333333,8,37.333333333333336,54.666666666666664,45.33333333333333,9.333333333333334
E00063827,107,37,11,26,70,60,10,34.57943925233645,10.2803738317757,24.299065420560748,65.42056074766354,56.074766355140184,9.345794392523365
E00063828,73,29,6,23,44,37,7,39.726027397260275,8.21917808219178,31.506849315068493,60.273972602739725,50.68493150684932,9.58904109589041
E00063829,120,40,11,29,80,69,11,33.33333333333333,9.166666666666666,24.166666666666668,66.66666666666666,57.49999999999999,9.166666666666666
E00063830,67,24,8,16,43,38,5,35.82089552238806,11.940298507462686,23.88059701492537,64.17910447761194,56.71641791044776,7.462686567164178
E00063831,112,36,13,23,76,71,5,32.142857142857146,11.607142857142858,20.535714285714285,67.85714285714286,63.39285714285714,4.464285714285714
E00063832,101,29,12,17,72,65,7,28.71287128712871,11.881188118811881,16.831683168316832,71.28712871287128,64.35643564356435,6.9306930693069315
E00063833,122,50,11,39,72,67,5,40.98360655737705,9.01639344262295,31.967213114754102,59.01639344262295,54.91803278688525,4.098360655737705
E00063834,92,32,15,17,60,56,4,34.78260869565217,16.304347826086957,18.478260869565215,65.21739130434783,60.86956521739131,4.3478260869565215
E00063835,151,57,15,42,94,85,9,37.74834437086093,9.933774834437086,27.81456953642384,62.251655629139066,56.29139072847682,5.960264900662252
E00063836,108,41,15,26,67,59,8,37.96296296296296,13.88888888888889,24.074074074074073,62.03703703703704,54.629629629629626,7.4074074074074066
E00063837,106,44,10,34,62,55,7,41.509433962264154,9.433962264150944,32.075471698113205,58.490566037735846,51.886792452830186,6.60377358490566
E00063838,96,32,8,24,64,51,13,33.33333333333333,8.333333333333332,25,66.66666666666666,53.125,13.541666666666666
E00063839,90,35,14,21,55,51,4,38.88888888888889,15.555555555555555,23.333333333333332,61.111111111111114,56.666666666666664,4.444444444444445
E00063840,142,44,13,31,98,85,13,30.985915492957744,9.15492957746479,21.830985915492956,69.01408450704226,59.859154929577464,9.15492957746479
E00063841,90,29,9,20,61,55,6,32.22222222222222,10,22.22222222222222,67.77777777777779,61.111111111111114,6.666666666666667
E00063842,56,22,12,10,34,29,5,39.285714285714285,21.428571428571427,17.857142857142858,60.71428571428571,51.78571428571429,8.928571428571429
E00063843,37,17,3,14,20,17,3,45.94594594594595,8.108108108108109,37.83783783783784,54.054054054054056,45.94594594594595,8.108108108108109
E00063844,53,24,7,17,29,25,4,45.28301886792453,13.20754716981132,32.075471698113205,54.71698113207547,47.16981132075472,7.547169811320755
E00063845,61,22,4,18,39,37,2,36.0655737704918,6.557377049180328,29.508196721311474,63.934426229508205,60.65573770491803,3.278688524590164
E00063846,73,23,9,14,50,44,6,31.506849315068493,12.32876712328767,19.17808219178082,68.4931506849315,60.273972602739725,8.21917808219178
E00063847,96,40,12,28,56,49,7,41.66666666666667,12.5,29.166666666666668,58.333333333333336,51.041666666666664,7.291666666666667
E00063848,82,32,14,18,50,44,6,39.02439024390244,17.073170731707318,21.951219512195124,60.97560975609756,53.65853658536586,7.317073170731707
E00063849,160,46,12,34,114,101,13,28.749999999999996,7.5,21.25,71.25,63.125,8.125
E00063850,141,41,12,29,100,85,15,29.078014184397162,8.51063829787234,20.56737588652482,70.92198581560284,60.28368794326241,10.638297872340425
E00063851,111,32,10,22,79,65,14,28.82882882882883,9.00900900900901,19.81981981981982,71.17117117117117,58.55855855855856,12.612612612612612
E00063852,113,43,13,30,70,62,8,38.05309734513274,11.504424778761061,26.548672566371685,61.94690265486725,54.86725663716814,7.079646017699115
E00063853,89,24,9,15,65,59,6,26.96629213483146,10.112359550561797,16.853932584269664,73.03370786516854,66.29213483146067,6.741573033707865
E00063854,83,31,11,20,52,43,9,37.34939759036144,13.253012048192772,24.096385542168676,62.65060240963856,51.80722891566265,10.843373493975903
E00063855,123,37,15,22,86,79,7,30.081300813008134,12.195121951219512,17.88617886178862,69.91869918699187,64.22764227642277,5.691056910569105
E00063856,147,47,17,30,100,89,11,31.97278911564626,11.564625850340136,20.408163265306122,68.02721088435374,60.544217687074834,7.482993197278912
E00063857,148,47,15,32,101,90,11,31.756756756756754,10.135135135135135,21.62162162162162,68.24324324324324,60.810810810810814,7.4324324324324325
E00063858,87,38,15,23,49,43,6,43.67816091954023,17.24137931034483,26.436781609195403,56.32183908045977,49.42528735632184,6.896551724137931
E00063860,82,30,10,20,52,47,5,36.58536585365854,12.195121951219512,24.390243902439025,63.41463414634146,57.3170731707317,6.097560975609756
E00063861,97,25,7,18,72,66,6,25.773195876288657,7.216494845360824,18.556701030927837,74.22680412371135,68.04123711340206,6.185567010309279
E00063862,86,25,9,16,61,57,4,29.069767441860467,10.465116279069768,18.6046511627907,70.93023255813954,66.27906976744185,4.651162790697675
E00063863,142,50,18,32,92,87,5,35.2112676056338,12.676056338028168,22.535211267605636,64.7887323943662,61.267605633802816,3.5211267605633805
E00063864,98,32,12,20,66,61,5,32.6530612244898,12.244897959183673,20.408163265306122,67.3469387755102,62.244897959183675,5.1020408163265305
E00063865,105,31,12,19,74,62,12,29.523809523809526,11.428571428571429,18.095238095238095,70.47619047619048,59.04761904761905,11.428571428571429
E00063866,136,47,21,26,89,75,14,34.55882352941176,15.441176470588236,19.11764705882353,65.44117647058823,55.14705882352941,10.294117647058822
E00063867,154,44,9,35,110,93,17,28.57142857142857,5.844155844155844,22.727272727272727,71.42857142857143,60.3896103896104,11.03896103896104
E00063868,168,38,10,28,130,118,12,22.61904761904762,5.952380952380952,16.666666666666664,77.38095238095238,70.23809523809523,7.142857142857142
E00063869,121,35,8,27,86,80,6,28.92561983471074,6.6115702479338845,22.31404958677686,71.07438016528926,66.11570247933885,4.958677685950414
E00063870,78,34,12,22,44,38,6,43.58974358974359,15.384615384615385,28.205128205128204,56.41025641025641,48.717948717948715,7.6923076923076925
E00063871,57,23,10,13,34,27,7,40.35087719298245,17.543859649122805,22.807017543859647,59.64912280701754,47.368421052631575,12.280701754385964
E00063872,130,46,20,26,84,62,22,35.38461538461539,15.384615384615385,20,64.61538461538461,47.69230769230769,16.923076923076923
E00063873,106,42,16,26,64,57,7,39.62264150943396,15.09433962264151,24.528301886792452,60.37735849056604,53.77358490566038,6.60377358490566
E00063874,111,49,20,29,62,48,14,44.14414414414414,18.01801801801802,26.126126126126124,55.85585585585585,43.24324324324324,12.612612612612612
E00063875,80,24,12,12,56,51,5,30,15,15,70,63.74999999999999,6.25
E00063876,87,36,12,24,51,40,11,41.37931034482759,13.793103448275861,27.586206896551722,58.620689655172406,45.97701149425287,12.643678160919542
E00063877,262,98,48,50,164,96,68,37.404580152671755,18.3206106870229,19.083969465648856,62.59541984732825,36.6412213740458,25.954198473282442
E00063878,109,36,9,27,73,55,18,33.02752293577982,8.256880733944955,24.770642201834864,66.97247706422019,50.45871559633027,16.51376146788991
E00063879,81,23,4,19,58,47,11,28.39506172839506,4.938271604938271,23.456790123456788,71.60493827160494,58.0246913580247,13.580246913580247
E00063880,44,22,6,16,22,20,2,50,13.636363636363635,36.36363636363637,50,45.45454545454545,4.545454545454546
E00063881,18,6,2,4,12,10,2,33.33333333333333,11.11111111111111,22.22222222222222,66.66666666666666,55.55555555555556,11.11111111111111
E00063882,54,30,8,22,24,23,1,55.55555555555556,14.814814814814813,40.74074074074074,44.44444444444444,42.592592592592595,1.8518518518518516
E00063883,188,51,20,31,137,124,13,27.127659574468083,10.638297872340425,16.48936170212766,72.87234042553192,65.95744680851064,6.914893617021277
E00063884,134,51,28,23,83,64,19,38.059701492537314,20.8955223880597,17.16417910447761,61.940298507462686,47.76119402985074,14.17910447761194
E00063885,74,33,14,19,41,34,7,44.5945945945946,18.91891891891892,25.675675675675674,55.4054054054054,45.94594594594595,9.45945945945946
E00063886,134,41,13,28,93,74,19,30.597014925373134,9.701492537313433,20.8955223880597,69.40298507462687,55.223880597014926,14.17910447761194
E00063887,235,90,27,63,145,121,24,38.297872340425535,11.48936170212766,26.80851063829787,61.702127659574465,51.48936170212765,10.212765957446807
E00063888,130,49,9,40,81,75,6,37.69230769230769,6.923076923076923,30.76923076923077,62.30769230769231,57.692307692307686,4.615384615384616
E00063889,102,28,3,25,74,68,6,27.450980392156865,2.941176470588235,24.509803921568626,72.54901960784314,66.66666666666666,5.88235294117647
E00063890,77,35,14,21,42,32,10,45.45454545454545,18.181818181818183,27.27272727272727,54.54545454545454,41.55844155844156,12.987012987012985
E00063891,99,35,13,22,64,58,6,35.35353535353536,13.131313131313133,22.22222222222222,64.64646464646465,58.58585858585859,6.0606060606060606
E00063892,86,41,14,27,45,40,5,47.674418604651166,16.27906976744186,31.3953488372093,52.32558139534884,46.51162790697674,5.813953488372093
E00063893,76,33,6,27,43,42,1,43.42105263157895,7.894736842105263,35.526315789473685,56.57894736842105,55.26315789473685,1.3157894736842104
E00063894,68,29,7,22,39,34,5,42.64705882352941,10.294117647058822,32.35294117647059,57.35294117647059,50,7.352941176470589
E00063895,129,41,8,33,88,80,8,31.782945736434108,6.2015503875969,25.581395348837212,68.21705426356588,62.01550387596899,6.2015503875969
E00063896,72,30,14,16,42,35,7,41.66666666666667,19.444444444444446,22.22222222222222,58.333333333333336,48.61111111111111,9.722222222222223
E00063897,148,49,19,30,99,90,9,33.108108108108105,12.837837837837837,20.27027027027027,66.8918918918919,60.810810810810814,6.081081081081082
E00063898,68,23,7,16,45,43,2,33.82352941176471,10.294117647058822,23.52941176470588,66.17647058823529,63.23529411764706,2.941176470588235
E00063899,121,40,13,27,81,74,7,33.057851239669425,10.743801652892563,22.31404958677686,66.94214876033058,61.15702479338842,5.785123966942149
E00063900,104,50,16,34,54,45,9,48.07692307692308,15.384615384615385,32.69230769230769,51.92307692307693,43.269230769230774,8.653846153846153
E00063901,124,37,14,23,87,84,3,29.838709677419356,11.29032258064516,18.548387096774192,70.16129032258065,67.74193548387096,2.4193548387096775
E00063902,76,23,5,18,53,50,3,30.263157894736842,6.578947368421052,23.684210526315788,69.73684210526315,65.78947368421053,3.9473684210526314
E00063903,74,24,10,14,50,44,6,32.432432432432435,13.513513513513514,18.91891891891892,67.56756756756756,59.45945945945946,8.108108108108109
E00063904,168,51,16,35,117,94,23,30.357142857142854,9.523809523809524,20.833333333333336,69.64285714285714,55.952380952380956,13.690476190476192
E00063905,111,31,7,24,80,67,13,27.927927927927925,6.306306306306306,21.62162162162162,72.07207207207207,60.36036036036037,11.711711711711711
E00063906,90,32,9,23,58,49,9,35.55555555555556,10,25.555555555555554,64.44444444444444,54.44444444444444,10
E00063907,173,49,15,34,124,104,20,28.32369942196532,8.670520231213873,19.653179190751445,71.67630057803468,60.115606936416185,11.560693641618498
E00063908,123,36,6,30,87,80,7,29.268292682926827,4.878048780487805,24.390243902439025,70.73170731707317,65.04065040650406,5.691056910569105
E00063909,113,30,10,20,83,75,8,26.548672566371685,8.849557522123893,17.699115044247787,73.45132743362832,66.3716814159292,7.079646017699115
E00063910,53,21,4,17,32,27,5,39.62264150943396,7.547169811320755,32.075471698113205,60.37735849056604,50.943396226415096,9.433962264150944
E00063911,71,25,9,16,46,42,4,35.2112676056338,12.676056338028168,22.535211267605636,64.7887323943662,59.154929577464785,5.633802816901409
E00063912,39,24,5,19,15,12,3,61.53846153846154,12.82051282051282,48.717948717948715,38.46153846153847,30.76923076923077,7.6923076923076925
E00063914,98,26,4,22,72,61,11,26.53061224489796,4.081632653061225,22.448979591836736,73.46938775510205,62.244897959183675,11.224489795918368
E00063916,95,31,6,25,64,59,5,32.631578947368425,6.315789473684211,26.31578947368421,67.36842105263158,62.10526315789474,5.263157894736842
E00063917,113,48,22,26,65,59,6,42.47787610619469,19.469026548672566,23.008849557522122,57.52212389380531,52.21238938053098,5.3097345132743365
E00063918,97,25,5,20,72,63,9,25.773195876288657,5.154639175257731,20.618556701030926,74.22680412371135,64.94845360824742,9.278350515463918
E00063919,135,49,14,35,86,82,4,36.2962962962963,10.37037037037037,25.925925925925924,63.70370370370371,60.74074074074074,2.9629629629629632
E00063920,76,31,10,21,45,42,3,40.78947368421053,13.157894736842104,27.631578947368425,59.210526315789465,55.26315789473685,3.9473684210526314
E00063921,96,44,19,25,52,50,2,45.83333333333333,19.791666666666664,26.041666666666668,54.166666666666664,52.083333333333336,2.083333333333333
E00063922,131,40,16,24,91,64,27,30.53435114503817,12.213740458015266,18.3206106870229,69.46564885496184,48.854961832061065,20.610687022900763
E00063923,129,35,20,15,94,64,30,27.131782945736433,15.503875968992247,11.627906976744185,72.86821705426357,49.6124031007752,23.25581395348837
E00063924,133,53,13,40,80,73,7,39.849624060150376,9.774436090225564,30.075187969924812,60.150375939849624,54.88721804511278,5.263157894736842
E00063925,84,36,7,29,48,41,7,42.857142857142854,8.333333333333332,34.523809523809526,57.14285714285714,48.80952380952381,8.333333333333332
E00063926,80,26,7,19,54,46,8,32.5,8.75,23.75,67.5,57.49999999999999,10
E00063927,99,38,14,24,61,51,10,38.38383838383838,14.14141414141414,24.242424242424242,61.61616161616161,51.515151515151516,10.1010101010101
E00063928,27,15,7,8,12,11,1,55.55555555555556,25.925925925925924,29.629629629629626,44.44444444444444,40.74074074074074,3.7037037037037033
E00063929,100,41,10,31,59,54,5,41,10,31,59,54,5
E00063930,109,29,7,22,80,67,13,26.605504587155966,6.422018348623854,20.18348623853211,73.39449541284404,61.46788990825688,11.926605504587156
E00063931,72,30,9,21,42,37,5,41.66666666666667,12.5,29.166666666666668,58.333333333333336,51.388888888888886,6.944444444444445
E00063932,50,21,10,11,29,20,9,42,20,22,57.99999999999999,40,18
E00063933,67,31,12,19,36,33,3,46.26865671641791,17.91044776119403,28.35820895522388,53.73134328358209,49.25373134328358,4.477611940298507
E00063934,100,30,17,13,70,49,21,30,17,13,70,49,21
E00063935,235,66,24,42,169,144,25,28.085106382978726,10.212765957446807,17.872340425531917,71.91489361702128,61.27659574468085,10.638297872340425
E00063936,95,28,4,24,67,61,6,29.47368421052631,4.2105263157894735,25.263157894736842,70.52631578947368,64.21052631578948,6.315789473684211
E00063937,10,1,0,1,9,9,0,10,0,10,90,90,0
E00063938,98,33,13,20,65,61,4,33.6734693877551,13.26530612244898,20.408163265306122,66.3265306122449,62.244897959183675,4.081632653061225
E00063939,56,27,7,20,29,26,3,48.214285714285715,12.5,35.714285714285715,51.78571428571429,46.42857142857143,5.357142857142857
E00063940,128,44,12,32,84,69,15,34.375,9.375,25,65.625,53.90625,11.71875
E00063941,85,26,9,17,59,54,5,30.58823529411765,10.588235294117647,20,69.41176470588235,63.52941176470588,5.88235294117647
E00063942,100,31,12,19,69,65,4,31,12,19,69,65,4
E00063943,112,39,11,28,73,64,9,34.82142857142857,9.821428571428571,25,65.17857142857143,57.14285714285714,8.035714285714286
E00063944,115,38,10,28,77,67,10,33.04347826086956,8.695652173913043,24.347826086956523,66.95652173913044,58.26086956521739,8.695652173913043
E00063945,112,41,16,25,71,59,12,36.607142857142854,14.285714285714285,22.321428571428573,63.39285714285714,52.67857142857143,10.714285714285714
E00063946,104,27,10,17,77,68,9,25.961538461538463,9.615384615384617,16.346153846153847,74.03846153846155,65.38461538461539,8.653846153846153
E00063947,172,67,34,33,105,72,33,38.95348837209303,19.767441860465116,19.186046511627907,61.04651162790697,41.86046511627907,19.186046511627907
E00063948,94,45,10,35,49,42,7,47.87234042553192,10.638297872340425,37.234042553191486,52.12765957446809,44.680851063829785,7.446808510638298
E00063949,88,39,13,26,49,40,9,44.31818181818182,14.772727272727273,29.545454545454547,55.68181818181818,45.45454545454545,10.227272727272728
E00063950,121,51,12,39,70,60,10,42.14876033057851,9.917355371900827,32.231404958677686,57.85123966942148,49.586776859504134,8.264462809917356
E00063951,83,25,8,17,58,55,3,30.120481927710845,9.63855421686747,20.481927710843372,69.87951807228916,66.26506024096386,3.614457831325301
E00063952,58,17,3,14,41,35,6,29.310344827586203,5.172413793103448,24.137931034482758,70.6896551724138,60.3448275862069,10.344827586206897
E00063953,124,42,12,30,82,70,12,33.87096774193548,9.67741935483871,24.193548387096776,66.12903225806451,56.451612903225815,9.67741935483871
E00063954,134,39,13,26,95,82,13,29.1044776119403,9.701492537313433,19.402985074626866,70.8955223880597,61.19402985074627,9.701492537313433
E00063955,115,32,7,25,83,77,6,27.82608695652174,6.086956521739131,21.73913043478261,72.17391304347827,66.95652173913044,5.217391304347826
E00063956,165,37,11,26,128,116,12,22.424242424242426,6.666666666666667,15.757575757575756,77.57575757575758,70.3030303030303,7.2727272727272725
E00063957,99,39,11,28,60,49,11,39.39393939393939,11.11111111111111,28.28282828282828,60.60606060606061,49.494949494949495,11.11111111111111
E00063958,99,34,13,21,65,58,7,34.34343434343434,13.131313131313133,21.21212121212121,65.65656565656566,58.58585858585859,7.07070707070707
E00063959,127,43,13,30,84,76,8,33.85826771653544,10.236220472440944,23.62204724409449,66.14173228346458,59.84251968503938,6.299212598425196
E00063960,137,47,13,34,90,79,11,34.306569343065696,9.48905109489051,24.817518248175183,65.69343065693431,57.66423357664233,8.02919708029197
E00063961,124,44,13,31,80,71,9,35.483870967741936,10.483870967741936,25,64.51612903225806,57.25806451612904,7.258064516129033
E00063962,113,38,8,30,75,62,13,33.6283185840708,7.079646017699115,26.548672566371685,66.3716814159292,54.86725663716814,11.504424778761061
E00063963,98,43,22,21,55,51,4,43.87755102040816,22.448979591836736,21.428571428571427,56.12244897959183,52.04081632653062,4.081632653061225
E00063964,132,46,22,24,86,73,13,34.84848484848485,16.666666666666664,18.181818181818183,65.15151515151516,55.3030303030303,9.848484848484848
E00063966,80,28,10,18,52,47,5,35,12.5,22.5,65,58.75,6.25
E00063967,104,40,10,30,64,61,3,38.46153846153847,9.615384615384617,28.846153846153843,61.53846153846154,58.65384615384615,2.8846153846153846
E00063968,108,46,12,34,62,57,5,42.592592592592595,11.11111111111111,31.48148148148148,57.407407407407405,52.77777777777778,4.62962962962963
E00063969,116,39,8,31,77,71,6,33.62068965517241,6.896551724137931,26.72413793103448,66.37931034482759,61.206896551724135,5.172413793103448
E00063970,75,19,2,17,56,48,8,25.333333333333336,2.666666666666667,22.666666666666664,74.66666666666667,64,10.666666666666668
E00063972,45,20,10,10,25,25,0,44.44444444444444,22.22222222222222,22.22222222222222,55.55555555555556,55.55555555555556,0
E00063973,100,39,11,28,61,51,10,39,11,28.000000000000004,61,51,10
E00063974,128,36,8,28,92,75,17,28.125,6.25,21.875,71.875,58.59375,13.28125
E00063975,112,37,10,27,75,65,10,33.035714285714285,8.928571428571429,24.107142857142858,66.96428571428571,58.03571428571429,8.928571428571429
E00063976,251,76,18,58,175,155,20,30.278884462151396,7.171314741035857,23.107569721115535,69.7211155378486,61.75298804780876,7.968127490039841
E00063977,125,43,11,32,82,74,8,34.4,8.799999999999999,25.6,65.60000000000001,59.199999999999996,6.4
E00063978,147,51,14,37,96,89,7,34.69387755102041,9.523809523809524,25.170068027210885,65.3061224489796,60.544217687074834,4.761904761904762
E00063979,125,30,4,26,95,80,15,24,3.2,20.8,76,64,12
E00063980,107,33,12,21,74,66,8,30.8411214953271,11.214953271028037,19.626168224299064,69.1588785046729,61.6822429906542,7.476635514018691
E00063981,108,28,6,22,80,72,8,25.925925925925924,5.555555555555555,20.37037037037037,74.07407407407408,66.66666666666666,7.4074074074074066
E00063982,269,73,26,47,196,178,18,27.137546468401485,9.66542750929368,17.472118959107807,72.86245353159852,66.17100371747212,6.691449814126393
E00063983,166,51,12,39,115,105,10,30.72289156626506,7.228915662650602,23.49397590361446,69.27710843373494,63.25301204819277,6.024096385542169
E00063984,125,39,13,26,86,78,8,31.2,10.4,20.8,68.8,62.4,6.4
E00063985,145,59,20,39,86,82,4,40.689655172413794,13.793103448275861,26.89655172413793,59.310344827586206,56.55172413793104,2.7586206896551726
E00063986,163,49,10,39,114,99,15,30.061349693251532,6.134969325153374,23.92638036809816,69.93865030674846,60.73619631901841,9.202453987730062
E00063987,130,54,18,36,76,68,8,41.53846153846154,13.846153846153847,27.692307692307693,58.46153846153847,52.307692307692314,6.153846153846154
E00063988,144,59,25,34,85,72,13,40.97222222222222,17.36111111111111,23.61111111111111,59.02777777777778,50,9.027777777777777
E00063989,34,13,3,10,21,21,0,38.23529411764706,8.823529411764707,29.411764705882355,61.76470588235294,61.76470588235294,0
E00063990,27,11,0,11,16,15,1,40.74074074074074,0,40.74074074074074,59.25925925925925,55.55555555555556,3.7037037037037033
E00063991,114,36,8,28,78,72,6,31.57894736842105,7.017543859649122,24.561403508771928,68.42105263157895,63.1578947368421,5.263157894736842
E00063992,132,51,15,36,81,72,9,38.63636363636363,11.363636363636363,27.27272727272727,61.36363636363637,54.54545454545454,6.8181818181818175
E00063993,165,54,11,43,111,101,10,32.72727272727273,6.666666666666667,26.060606060606062,67.27272727272727,61.212121212121204,6.0606060606060606
E00063994,134,43,15,28,91,76,15,32.08955223880597,11.194029850746269,20.8955223880597,67.91044776119402,56.71641791044776,11.194029850746269
E00063995,102,32,10,22,70,58,12,31.372549019607842,9.803921568627452,21.568627450980394,68.62745098039215,56.86274509803921,11.76470588235294
E00063996,138,40,15,25,98,87,11,28.985507246376812,10.869565217391305,18.115942028985508,71.01449275362319,63.04347826086957,7.971014492753622
E00063997,145,48,8,40,97,90,7,33.10344827586207,5.517241379310345,27.586206896551722,66.89655172413794,62.06896551724138,4.827586206896552
E00063998,141,53,17,36,88,76,12,37.5886524822695,12.056737588652481,25.53191489361702,62.4113475177305,53.90070921985816,8.51063829787234
E00063999,182,58,19,39,124,111,13,31.868131868131865,10.43956043956044,21.428571428571427,68.13186813186813,60.98901098901099,7.142857142857142
E00064000,104,32,9,23,72,64,8,30.76923076923077,8.653846153846153,22.115384615384613,69.23076923076923,61.53846153846154,7.6923076923076925
E00064001,127,45,11,34,82,72,10,35.43307086614173,8.661417322834646,26.77165354330709,64.56692913385827,56.69291338582677,7.874015748031496
E00064002,144,54,16,38,90,85,5,37.5,11.11111111111111,26.38888888888889,62.5,59.02777777777778,3.4722222222222223
E00064003,133,38,10,28,95,84,11,28.57142857142857,7.518796992481203,21.052631578947366,71.42857142857143,63.1578947368421,8.270676691729323
E00064004,76,31,13,18,45,45,0,40.78947368421053,17.105263157894736,23.684210526315788,59.210526315789465,59.210526315789465,0
E00064005,120,48,7,41,72,63,9,40,5.833333333333333,34.166666666666664,60,52.5,7.5
E00064006,113,41,11,30,72,58,14,36.283185840707965,9.734513274336283,26.548672566371685,63.716814159292035,51.32743362831859,12.389380530973451
E00064007,116,33,9,24,83,79,4,28.448275862068968,7.758620689655173,20.689655172413794,71.55172413793103,68.10344827586206,3.4482758620689653
E00064008,143,45,17,28,98,89,9,31.46853146853147,11.888111888111888,19.58041958041958,68.53146853146853,62.23776223776224,6.293706293706294
E00064009,109,40,10,30,69,63,6,36.69724770642202,9.174311926605505,27.522935779816514,63.30275229357798,57.798165137614674,5.5045871559633035
E00064010,133,46,19,27,87,82,5,34.58646616541353,14.285714285714285,20.30075187969925,65.41353383458647,61.65413533834586,3.7593984962406015
E00064011,101,29,9,20,72,63,9,28.71287128712871,8.91089108910891,19.801980198019802,71.28712871287128,62.37623762376238,8.91089108910891
E00064012,132,48,13,35,84,74,10,36.36363636363637,9.848484848484848,26.515151515151516,63.63636363636363,56.060606060606055,7.575757575757576
E00064013,131,50,11,39,81,74,7,38.16793893129771,8.396946564885496,29.770992366412212,61.832061068702295,56.48854961832062,5.343511450381679
E00064014,74,28,11,17,46,40,6,37.83783783783784,14.864864864864865,22.972972972972975,62.16216216216216,54.054054054054056,8.108108108108109
E00064015,149,56,17,39,93,88,5,37.58389261744966,11.409395973154362,26.174496644295303,62.41610738255034,59.06040268456376,3.3557046979865772
E00064016,107,35,11,24,72,63,9,32.71028037383177,10.2803738317757,22.429906542056074,67.28971962616822,58.87850467289719,8.411214953271028
E00064017,118,42,10,32,76,65,11,35.59322033898305,8.47457627118644,27.11864406779661,64.40677966101694,55.08474576271186,9.322033898305085
E00064018,91,34,11,23,57,49,8,37.362637362637365,12.087912087912088,25.274725274725274,62.637362637362635,53.84615384615385,8.791208791208792
E00064019,86,29,9,20,57,52,5,33.72093023255814,10.465116279069768,23.25581395348837,66.27906976744185,60.46511627906976,5.813953488372093
E00064020,122,39,15,24,83,73,10,31.967213114754102,12.295081967213115,19.672131147540984,68.0327868852459,59.83606557377049,8.19672131147541
E00064021,108,39,12,27,69,63,6,36.11111111111111,11.11111111111111,25,63.888888888888886,58.333333333333336,5.555555555555555
E00064022,122,44,13,31,78,72,6,36.0655737704918,10.655737704918032,25.40983606557377,63.934426229508205,59.01639344262295,4.918032786885246
E00064023,132,38,9,29,94,82,12,28.78787878787879,6.8181818181818175,21.96969696969697,71.21212121212122,62.121212121212125,9.090909090909092
E00064024,122,39,12,27,83,77,6,31.967213114754102,9.836065573770492,22.131147540983605,68.0327868852459,63.114754098360656,4.918032786885246
E00064025,115,46,14,32,69,63,6,40,12.173913043478262,27.82608695652174,60,54.78260869565217,5.217391304347826
E00064026,135,52,17,35,83,73,10,38.51851851851852,12.592592592592592,25.925925925925924,61.48148148148148,54.074074074074076,7.4074074074074066
E00064027,120,25,9,16,95,82,13,20.833333333333336,7.5,13.333333333333334,79.16666666666666,68.33333333333333,10.833333333333334
E00064028,116,38,11,27,78,73,5,32.758620689655174,9.482758620689655,23.275862068965516,67.24137931034483,62.93103448275862,4.310344827586207
E00064029,170,48,14,34,122,105,17,28.235294117647058,8.235294117647058,20,71.76470588235294,61.76470588235294,10
E00064030,125,44,12,32,81,71,10,35.199999999999996,9.6,25.6,64.8,56.8,8
E00064031,120,42,17,25,78,69,9,35,14.166666666666666,20.833333333333336,65,57.49999999999999,7.5
E00064032,135,46,11,35,89,84,5,34.074074074074076,8.148148148148149,25.925925925925924,65.92592592592592,62.22222222222222,3.7037037037037033
E00064033,157,45,9,36,112,100,12,28.662420382165603,5.7324840764331215,22.929936305732486,71.3375796178344,63.69426751592356,7.643312101910828
E00064034,127,43,10,33,84,79,5,33.85826771653544,7.874015748031496,25.984251968503933,66.14173228346458,62.20472440944882,3.937007874015748
E00064035,122,39,11,28,83,74,9,31.967213114754102,9.01639344262295,22.950819672131146,68.0327868852459,60.65573770491803,7.377049180327869
E00064036,133,50,14,36,83,75,8,37.59398496240601,10.526315789473683,27.06766917293233,62.40601503759399,56.390977443609025,6.015037593984962
E00064037,118,37,7,30,81,72,9,31.35593220338983,5.932203389830509,25.423728813559322,68.64406779661016,61.016949152542374,7.627118644067797
E00064038,134,52,24,28,82,69,13,38.80597014925373,17.91044776119403,20.8955223880597,61.19402985074627,51.49253731343284,9.701492537313433
E00064039,63,18,5,13,45,42,3,28.57142857142857,7.936507936507936,20.634920634920633,71.42857142857143,66.66666666666666,4.761904761904762
E00064040,104,31,10,21,73,59,14,29.807692307692307,9.615384615384617,20.192307692307693,70.1923076923077,56.730769230769226,13.461538461538462
E00064041,162,44,17,27,118,110,8,27.160493827160494,10.493827160493826,16.666666666666664,72.8395061728395,67.90123456790124,4.938271604938271
E00064042,76,27,8,19,49,45,4,35.526315789473685,10.526315789473683,25,64.47368421052632,59.210526315789465,5.263157894736842
E00064043,59,18,10,8,41,35,6,30.508474576271187,16.94915254237288,13.559322033898304,69.49152542372882,59.32203389830508,10.16949152542373
E00064044,122,34,8,26,88,88,0,27.86885245901639,6.557377049180328,21.311475409836063,72.1311475409836,72.1311475409836,0
E00064045,42,23,7,16,19,15,4,54.761904761904766,16.666666666666664,38.095238095238095,45.23809523809524,35.714285714285715,9.523809523809524
E00064046,83,28,11,17,55,47,8,33.734939759036145,13.253012048192772,20.481927710843372,66.26506024096386,56.62650602409639,9.63855421686747
E00064047,161,41,8,33,120,108,12,25.465838509316768,4.968944099378882,20.496894409937887,74.53416149068323,67.08074534161491,7.453416149068323
E00064048,96,29,10,19,67,54,13,30.208333333333332,10.416666666666668,19.791666666666664,69.79166666666666,56.25,13.541666666666666
E00064049,124,42,11,31,82,72,10,33.87096774193548,8.870967741935484,25,66.12903225806451,58.06451612903226,8.064516129032258
E00064050,143,43,21,22,100,91,9,30.069930069930066,14.685314685314685,15.384615384615385,69.93006993006993,63.63636363636363,6.293706293706294
E00064051,128,36,6,30,92,84,8,28.125,4.6875,23.4375,71.875,65.625,6.25
E00064052,101,38,8,30,63,52,11,37.62376237623762,7.920792079207921,29.7029702970297,62.37623762376238,51.48514851485149,10.891089108910892
E00064053,66,27,11,16,39,32,7,40.909090909090914,16.666666666666664,24.242424242424242,59.09090909090909,48.484848484848484,10.606060606060606
E00064054,75,27,6,21,48,41,7,36,8,28.000000000000004,64,54.666666666666664,9.333333333333334
E00064055,142,59,22,37,83,75,8,41.54929577464789,15.492957746478872,26.056338028169012,58.45070422535211,52.816901408450704,5.633802816901409
E00064056,148,52,12,40,96,85,11,35.13513513513514,8.108108108108109,27.027027027027028,64.86486486486487,57.432432432432435,7.4324324324324325
E00064057,133,40,12,28,93,78,15,30.075187969924812,9.022556390977442,21.052631578947366,69.92481203007519,58.64661654135338,11.278195488721805
E00064058,121,54,9,45,67,63,4,44.62809917355372,7.43801652892562,37.1900826446281,55.371900826446286,52.066115702479344,3.3057851239669422
E00064059,59,24,8,16,35,28,7,40.67796610169492,13.559322033898304,27.11864406779661,59.32203389830508,47.45762711864407,11.864406779661017
E00064060,99,36,12,24,63,54,9,36.36363636363637,12.121212121212121,24.242424242424242,63.63636363636363,54.54545454545454,9.090909090909092
E00064061,130,35,13,22,95,82,13,26.923076923076923,10,16.923076923076923,73.07692307692307,63.07692307692307,10
E00064063,57,19,6,13,38,34,4,33.33333333333333,10.526315789473683,22.807017543859647,66.66666666666666,59.64912280701754,7.017543859649122
E00064064,117,40,16,24,77,71,6,34.18803418803419,13.675213675213676,20.51282051282051,65.8119658119658,60.68376068376068,5.128205128205128
E00064065,60,22,6,16,38,38,0,36.666666666666664,10,26.666666666666668,63.33333333333333,63.33333333333333,0
E00064066,34,14,4,10,20,18,2,41.17647058823529,11.76470588235294,29.411764705882355,58.82352941176471,52.94117647058824,5.88235294117647
E00064067,99,31,5,26,68,57,11,31.313131313131315,5.05050505050505,26.262626262626267,68.68686868686868,57.57575757575758,11.11111111111111
E00064068,104,19,1,18,85,76,9,18.269230769230766,0.9615384615384616,17.307692307692307,81.73076923076923,73.07692307692307,8.653846153846153
E00064069,56,14,5,9,42,31,11,25,8.928571428571429,16.071428571428573,75,55.35714285714286,19.642857142857142
E00064070,155,47,6,41,108,92,16,30.32258064516129,3.870967741935484,26.451612903225808,69.6774193548387,59.354838709677416,10.32258064516129
E00064071,117,35,11,24,82,71,11,29.914529914529915,9.401709401709402,20.51282051282051,70.08547008547008,60.68376068376068,9.401709401709402
E00064072,121,38,20,18,83,74,9,31.40495867768595,16.528925619834713,14.87603305785124,68.59504132231406,61.15702479338842,7.43801652892562
E00064073,125,25,6,19,100,83,17,20,4.8,15.2,80,66.4,13.600000000000001
E00064074,115,39,13,26,76,72,4,33.91304347826087,11.304347826086957,22.608695652173914,66.08695652173913,62.60869565217392,3.4782608695652173
E00064075,121,36,11,25,85,75,10,29.75206611570248,9.090909090909092,20.66115702479339,70.24793388429752,61.98347107438017,8.264462809917356
E00064076,81,27,4,23,54,49,5,33.33333333333333,4.938271604938271,28.39506172839506,66.66666666666666,60.49382716049383,6.172839506172839
E00064077,93,28,9,19,65,60,5,30.107526881720432,9.67741935483871,20.43010752688172,69.89247311827957,64.51612903225806,5.376344086021505
E00064078,135,43,10,33,92,82,10,31.851851851851855,7.4074074074074066,24.444444444444443,68.14814814814815,60.74074074074074,7.4074074074074066
E00064079,134,39,8,31,95,86,9,29.1044776119403,5.970149253731343,23.134328358208954,70.8955223880597,64.17910447761194,6.7164179104477615
E00064080,115,42,10,32,73,67,6,36.52173913043478,8.695652173913043,27.82608695652174,63.47826086956522,58.26086956521739,5.217391304347826
E00064081,98,38,7,31,60,53,7,38.775510204081634,7.142857142857142,31.63265306122449,61.224489795918366,54.08163265306123,7.142857142857142
E00064082,86,27,11,16,59,56,3,31.3953488372093,12.790697674418606,18.6046511627907,68.6046511627907,65.11627906976744,3.488372093023256
E00064083,81,28,7,21,53,53,0,34.5679012345679,8.641975308641975,25.925925925925924,65.4320987654321,65.4320987654321,0
E00064084,115,43,9,34,72,65,7,37.391304347826086,7.82608695652174,29.565217391304348,62.60869565217392,56.52173913043478,6.086956521739131
E00064085,137,48,15,33,89,81,8,35.03649635036496,10.948905109489052,24.087591240875913,64.96350364963503,59.12408759124088,5.839416058394161
E00064086,133,48,19,29,85,76,9,36.09022556390977,14.285714285714285,21.804511278195488,63.90977443609023,57.14285714285714,6.7669172932330826
E00064087,139,36,6,30,103,95,8,25.899280575539567,4.316546762589928,21.58273381294964,74.10071942446042,68.34532374100719,5.755395683453238
E00064088,112,42,9,33,70,65,5,37.5,8.035714285714286,29.464285714285715,62.5,58.03571428571429,4.464285714285714
E00064089,111,32,8,24,79,68,11,28.82882882882883,7.207207207207207,21.62162162162162,71.17117117117117,61.261261261261254,9.90990990990991
E00064090,152,29,8,21,123,113,10,19.078947368421055,5.263157894736842,13.815789473684212,80.92105263157895,74.3421052631579,6.578947368421052
E00064091,183,59,23,36,124,100,24,32.240437158469945,12.568306010928962,19.672131147540984,67.75956284153006,54.644808743169406,13.114754098360656
E00064092,98,20,5,15,78,71,7,20.408163265306122,5.1020408163265305,15.306122448979592,79.59183673469387,72.44897959183673,7.142857142857142
E00064093,130,43,11,32,87,76,11,33.07692307692307,8.461538461538462,24.615384615384617,66.92307692307692,58.46153846153847,8.461538461538462
E00064094,149,34,12,22,115,105,10,22.818791946308725,8.053691275167784,14.76510067114094,77.18120805369128,70.46979865771812,6.7114093959731544
E00064095,135,45,13,32,90,81,9,33.33333333333333,9.62962962962963,23.703703703703706,66.66666666666666,60,6.666666666666667
E00064096,106,26,11,15,80,75,5,24.528301886792452,10.377358490566039,14.150943396226415,75.47169811320755,70.75471698113208,4.716981132075472
E00064097,182,50,13,37,132,105,27,27.472527472527474,7.142857142857142,20.32967032967033,72.52747252747253,57.692307692307686,14.835164835164836
E00064098,127,39,10,29,88,77,11,30.708661417322837,7.874015748031496,22.83464566929134,69.29133858267717,60.629921259842526,8.661417322834646
E00064099,259,49,9,40,210,183,27,18.91891891891892,3.474903474903475,15.444015444015443,81.08108108108108,70.65637065637065,10.424710424710424
E00064100,131,37,18,19,94,84,10,28.24427480916031,13.740458015267176,14.50381679389313,71.7557251908397,64.12213740458014,7.633587786259542
E00064101,114,38,14,24,76,61,15,33.33333333333333,12.280701754385964,21.052631578947366,66.66666666666666,53.50877192982456,13.157894736842104
E00064102,98,27,10,17,71,66,5,27.55102040816326,10.204081632653061,17.346938775510203,72.44897959183673,67.3469387755102,5.1020408163265305
E00064103,118,33,12,21,85,79,6,27.966101694915253,10.16949152542373,17.796610169491526,72.03389830508475,66.94915254237289,5.084745762711865
E00064104,117,34,15,19,83,75,8,29.059829059829063,12.82051282051282,16.23931623931624,70.94017094017094,64.1025641025641,6.837606837606838
E00064105,107,33,12,21,74,63,11,30.8411214953271,11.214953271028037,19.626168224299064,69.1588785046729,58.87850467289719,10.2803738317757
E00064106,132,42,15,27,90,79,11,31.818181818181817,11.363636363636363,20.454545454545457,68.18181818181817,59.84848484848485,8.333333333333332
E00064107,179,59,16,43,120,107,13,32.960893854748605,8.938547486033519,24.022346368715084,67.0391061452514,59.77653631284916,7.262569832402235
E00064108,164,58,15,43,106,91,15,35.36585365853659,9.146341463414634,26.21951219512195,64.63414634146342,55.487804878048784,9.146341463414634
E00064109,129,28,7,21,101,92,9,21.705426356589147,5.426356589147287,16.27906976744186,78.29457364341084,71.31782945736434,6.976744186046512
E00064110,91,24,5,19,67,63,4,26.373626373626376,5.4945054945054945,20.87912087912088,73.62637362637363,69.23076923076923,4.395604395604396
E00064111,203,50,14,36,153,132,21,24.63054187192118,6.896551724137931,17.733990147783253,75.36945812807882,65.02463054187191,10.344827586206897
E00064112,124,47,12,35,77,68,9,37.903225806451616,9.67741935483871,28.225806451612907,62.096774193548384,54.83870967741935,7.258064516129033
E00064113,128,39,13,26,89,84,5,30.46875,10.15625,20.3125,69.53125,65.625,3.90625
E00064114,143,44,17,27,99,88,11,30.76923076923077,11.888111888111888,18.88111888111888,69.23076923076923,61.53846153846154,7.6923076923076925
E00064115,158,49,17,32,109,98,11,31.0126582278481,10.759493670886076,20.253164556962027,68.9873417721519,62.0253164556962,6.962025316455696
E00064116,165,47,10,37,118,107,11,28.484848484848484,6.0606060606060606,22.424242424242426,71.51515151515152,64.84848484848484,6.666666666666667
E00064117,144,47,10,37,97,90,7,32.63888888888889,6.944444444444445,25.694444444444443,67.36111111111111,62.5,4.861111111111112
E00064118,148,42,12,30,106,98,8,28.37837837837838,8.108108108108109,20.27027027027027,71.62162162162163,66.21621621621621,5.405405405405405
E00064119,141,46,19,27,95,83,12,32.62411347517731,13.47517730496454,19.148936170212767,67.37588652482269,58.86524822695035,8.51063829787234
E00064120,155,56,19,37,99,88,11,36.12903225806451,12.258064516129032,23.870967741935484,63.87096774193548,56.774193548387096,7.096774193548387
E00064121,57,27,7,20,30,25,5,47.368421052631575,12.280701754385964,35.08771929824561,52.63157894736842,43.859649122807014,8.771929824561402
E00064122,123,42,12,30,81,74,7,34.146341463414636,9.75609756097561,24.390243902439025,65.85365853658537,60.16260162601627,5.691056910569105
E00064123,124,34,8,26,90,72,18,27.419354838709676,6.451612903225806,20.967741935483872,72.58064516129032,58.06451612903226,14.516129032258066
E00064124,147,53,17,36,94,77,17,36.054421768707485,11.564625850340136,24.489795918367346,63.94557823129252,52.38095238095239,11.564625850340136
E00064125,130,38,6,32,92,78,14,29.230769230769234,4.615384615384616,24.615384615384617,70.76923076923077,60,10.76923076923077
E00064126,106,40,12,28,66,57,9,37.735849056603776,11.320754716981133,26.41509433962264,62.264150943396224,53.77358490566038,8.49056603773585
E00064127,134,42,11,31,92,79,13,31.343283582089555,8.208955223880597,23.134328358208954,68.65671641791045,58.95522388059702,9.701492537313433
E00064128,127,38,17,21,89,74,15,29.92125984251969,13.385826771653544,16.535433070866144,70.07874015748031,58.26771653543307,11.811023622047244
E00064129,133,29,9,20,104,91,13,21.804511278195488,6.7669172932330826,15.037593984962406,78.19548872180451,68.42105263157895,9.774436090225564
E00064130,58,26,13,13,32,27,5,44.827586206896555,22.413793103448278,22.413793103448278,55.172413793103445,46.55172413793103,8.620689655172415
E00064131,90,16,0,16,74,66,8,17.77777777777778,0,17.77777777777778,82.22222222222221,73.33333333333333,8.88888888888889
E00064132,164,52,18,34,112,102,10,31.70731707317073,10.975609756097562,20.73170731707317,68.29268292682927,62.19512195121951,6.097560975609756
E00064133,125,39,11,28,86,77,9,31.2,8.799999999999999,22.400000000000002,68.8,61.6,7.199999999999999
E00064134,118,39,16,23,79,65,14,33.05084745762712,13.559322033898304,19.491525423728813,66.94915254237289,55.08474576271186,11.864406779661017
E00064135,155,44,13,31,111,93,18,28.387096774193548,8.38709677419355,20,71.61290322580646,60,11.612903225806452
E00064136,116,40,15,25,76,68,8,34.48275862068966,12.931034482758621,21.551724137931032,65.51724137931035,58.620689655172406,6.896551724137931
E00064137,123,42,16,26,81,68,13,34.146341463414636,13.008130081300814,21.138211382113823,65.85365853658537,55.28455284552846,10.569105691056912
E00064138,67,31,13,18,36,26,10,46.26865671641791,19.402985074626866,26.865671641791046,53.73134328358209,38.80597014925373,14.925373134328357
E00064139,115,36,12,24,79,68,11,31.30434782608696,10.434782608695652,20.869565217391305,68.69565217391305,59.130434782608695,9.565217391304348
E00064140,70,31,8,23,39,38,1,44.285714285714285,11.428571428571429,32.857142857142854,55.714285714285715,54.285714285714285,1.4285714285714286
E00064141,160,53,17,36,107,101,6,33.125,10.625,22.5,66.875,63.125,3.75
E00064142,92,37,13,24,55,47,8,40.21739130434783,14.130434782608695,26.08695652173913,59.78260869565217,51.08695652173913,8.695652173913043
E00064143,114,44,11,33,70,58,12,38.59649122807017,9.649122807017543,28.947368421052634,61.40350877192983,50.877192982456144,10.526315789473683
E00064144,102,46,5,41,56,49,7,45.09803921568628,4.901960784313726,40.19607843137255,54.90196078431373,48.03921568627451,6.862745098039216
E00064145,102,31,12,19,71,62,9,30.392156862745097,11.76470588235294,18.627450980392158,69.6078431372549,60.78431372549019,8.823529411764707
E00064146,261,69,26,43,192,169,23,26.436781609195403,9.961685823754788,16.47509578544061,73.5632183908046,64.75095785440614,8.812260536398467
E00064147,200,37,15,22,163,141,22,18.5,7.5,11,81.5,70.5,11
E00064148,100,39,10,29,61,58,3,39,10,28.999999999999996,61,57.99999999999999,3
E00064149,163,49,19,30,114,97,17,30.061349693251532,11.65644171779141,18.404907975460123,69.93865030674846,59.50920245398773,10.429447852760736
E00064150,135,48,13,35,87,78,9,35.55555555555556,9.62962962962963,25.925925925925924,64.44444444444444,57.77777777777777,6.666666666666667
E00064151,151,47,15,32,104,90,14,31.125827814569533,9.933774834437086,21.192052980132452,68.87417218543047,59.60264900662252,9.271523178807946
E00064152,95,41,12,29,54,49,5,43.15789473684211,12.631578947368421,30.526315789473685,56.84210526315789,51.578947368421055,5.263157894736842
E00064153,133,46,11,35,87,72,15,34.58646616541353,8.270676691729323,26.31578947368421,65.41353383458647,54.13533834586466,11.278195488721805
E00064154,117,41,8,33,76,66,10,35.04273504273504,6.837606837606838,28.205128205128204,64.95726495726495,56.41025641025641,8.547008547008547
E00064155,82,34,8,26,48,44,4,41.46341463414634,9.75609756097561,31.70731707317073,58.536585365853654,53.65853658536586,4.878048780487805
E00064156,80,33,8,25,47,47,0,41.25,10,31.25,58.75,58.75,0
E00064157,98,38,12,26,60,59,1,38.775510204081634,12.244897959183673,26.53061224489796,61.224489795918366,60.204081632653065,1.0204081632653061
E00064158,87,41,18,23,46,41,5,47.12643678160919,20.689655172413794,26.436781609195403,52.87356321839081,47.12643678160919,5.747126436781609
E00064159,63,25,3,22,38,33,5,39.682539682539684,4.761904761904762,34.92063492063492,60.317460317460316,52.38095238095239,7.936507936507936
E00064160,68,30,4,26,38,38,0,44.11764705882353,5.88235294117647,38.23529411764706,55.88235294117647,55.88235294117647,0
E00064161,101,34,7,27,67,60,7,33.663366336633665,6.9306930693069315,26.732673267326735,66.33663366336634,59.4059405940594,6.9306930693069315
E00064162,59,27,6,21,32,29,3,45.76271186440678,10.16949152542373,35.59322033898305,54.23728813559322,49.152542372881356,5.084745762711865
E00064163,120,38,10,28,82,76,6,31.666666666666664,8.333333333333332,23.333333333333332,68.33333333333333,63.33333333333333,5
E00064164,80,26,9,17,54,48,6,32.5,11.25,21.25,67.5,60,7.5
E00064165,143,46,10,36,97,89,8,32.16783216783217,6.993006993006993,25.174825174825177,67.83216783216784,62.23776223776224,5.594405594405594
E00064166,181,39,15,24,142,125,17,21.54696132596685,8.287292817679557,13.259668508287293,78.45303867403315,69.06077348066299,9.392265193370166
E00064167,128,47,16,31,81,70,11,36.71875,12.5,24.21875,63.28125,54.6875,8.59375
E00064168,129,41,7,34,88,79,9,31.782945736434108,5.426356589147287,26.356589147286826,68.21705426356588,61.240310077519375,6.976744186046512
E00064169,116,37,12,25,79,68,11,31.896551724137932,10.344827586206897,21.551724137931032,68.10344827586206,58.620689655172406,9.482758620689655
E00064170,90,27,4,23,63,54,9,30,4.444444444444445,25.555555555555554,70,60,10
E00064171,121,50,10,40,71,61,10,41.32231404958678,8.264462809917356,33.057851239669425,58.67768595041323,50.413223140495866,8.264462809917356
E00064172,134,46,12,34,88,77,11,34.32835820895522,8.955223880597014,25.37313432835821,65.67164179104478,57.46268656716418,8.208955223880597
E00064173,83,27,4,23,56,52,4,32.53012048192771,4.819277108433735,27.710843373493976,67.46987951807229,62.65060240963856,4.819277108433735
E00064174,78,20,6,14,58,52,6,25.64102564102564,7.6923076923076925,17.94871794871795,74.35897435897436,66.66666666666666,7.6923076923076925
E00064175,172,52,12,40,120,109,11,30.23255813953488,6.976744186046512,23.25581395348837,69.76744186046511,63.372093023255815,6.395348837209303
E00064176,135,40,9,31,95,81,14,29.629629629629626,6.666666666666667,22.962962962962962,70.37037037037037,60,10.37037037037037
E00064177,37,20,9,11,17,17,0,54.054054054054056,24.324324324324326,29.72972972972973,45.94594594594595,45.94594594594595,0
E00064178,137,38,9,29,99,90,9,27.73722627737226,6.569343065693431,21.16788321167883,72.26277372262774,65.69343065693431,6.569343065693431
E00064179,125,40,14,26,85,74,11,32,11.200000000000001,20.8,68,59.199999999999996,8.799999999999999
E00064180,145,41,12,29,104,83,21,28.27586206896552,8.275862068965518,20,71.72413793103448,57.24137931034483,14.482758620689657
E00064181,167,53,9,44,114,92,22,31.736526946107784,5.389221556886228,26.34730538922156,68.26347305389223,55.08982035928144,13.17365269461078
E00064182,135,41,13,28,94,84,10,30.37037037037037,9.62962962962963,20.74074074074074,69.62962962962963,62.22222222222222,7.4074074074074066
E00064183,160,53,12,41,107,95,12,33.125,7.5,25.624999999999996,66.875,59.375,7.5
E00064184,131,47,16,31,84,74,10,35.87786259541985,12.213740458015266,23.66412213740458,64.12213740458014,56.48854961832062,7.633587786259542
E00064185,87,39,14,25,48,40,8,44.827586206896555,16.091954022988507,28.735632183908045,55.172413793103445,45.97701149425287,9.195402298850574
E00064186,189,57,22,35,132,118,14,30.158730158730158,11.64021164021164,18.51851851851852,69.84126984126983,62.43386243386243,7.4074074074074066
E00064187,161,47,15,32,114,100,14,29.19254658385093,9.316770186335404,19.875776397515526,70.80745341614907,62.11180124223602,8.695652173913043
E00064188,126,38,17,21,88,74,14,30.158730158730158,13.492063492063492,16.666666666666664,69.84126984126983,58.730158730158735,11.11111111111111
E00064189,203,55,25,30,148,117,31,27.093596059113302,12.31527093596059,14.77832512315271,72.9064039408867,57.635467980295566,15.270935960591133
E00064190,112,42,13,29,70,62,8,37.5,11.607142857142858,25.892857142857146,62.5,55.35714285714286,7.142857142857142
E00064191,114,33,13,20,81,72,9,28.947368421052634,11.403508771929824,17.543859649122805,71.05263157894737,63.1578947368421,7.894736842105263
E00064192,48,16,0,16,32,28,4,33.33333333333333,0,33.33333333333333,66.66666666666666,58.333333333333336,8.333333333333332
E00064193,102,31,7,24,71,63,8,30.392156862745097,6.862745098039216,23.52941176470588,69.6078431372549,61.76470588235294,7.8431372549019605
E00064194,48,19,9,10,29,24,5,39.58333333333333,18.75,20.833333333333336,60.416666666666664,50,10.416666666666668
E00064195,106,39,11,28,67,63,4,36.79245283018868,10.377358490566039,26.41509433962264,63.20754716981132,59.43396226415094,3.7735849056603774
E00064196,126,39,10,29,87,76,11,30.952380952380953,7.936507936507936,23.015873015873016,69.04761904761905,60.317460317460316,8.73015873015873
E00064197,125,42,12,30,83,66,17,33.6,9.6,24,66.4,52.800000000000004,13.600000000000001
E00064198,166,49,18,31,117,108,9,29.518072289156628,10.843373493975903,18.67469879518072,70.48192771084338,65.06024096385542,5.421686746987952
E00064199,164,51,19,32,113,94,19,31.097560975609756,11.585365853658537,19.51219512195122,68.90243902439023,57.3170731707317,11.585365853658537
E00064200,113,35,8,27,78,71,7,30.973451327433626,7.079646017699115,23.893805309734514,69.02654867256636,62.83185840707964,6.1946902654867255
E00064201,127,40,10,30,87,78,9,31.496062992125985,7.874015748031496,23.62204724409449,68.50393700787401,61.417322834645674,7.086614173228346
E00064202,123,45,9,36,78,68,10,36.58536585365854,7.317073170731707,29.268292682926827,63.41463414634146,55.28455284552846,8.130081300813007
E00064203,100,30,7,23,70,62,8,30,7.000000000000001,23,70,62,8
E00064204,71,27,6,21,44,39,5,38.028169014084504,8.450704225352112,29.577464788732392,61.97183098591549,54.929577464788736,7.042253521126761
E00064205,290,79,36,43,211,184,27,27.241379310344826,12.413793103448276,14.827586206896552,72.75862068965517,63.44827586206897,9.310344827586208
E00064206,157,51,24,27,106,88,18,32.48407643312102,15.286624203821656,17.197452229299362,67.51592356687898,56.05095541401274,11.464968152866243
E00064207,196,59,21,38,137,117,20,30.102040816326532,10.714285714285714,19.387755102040817,69.89795918367348,59.693877551020414,10.204081632653061
E00064208,201,68,23,45,133,105,28,33.83084577114428,11.442786069651742,22.388059701492537,66.16915422885572,52.23880597014925,13.930348258706468
E00064209,66,29,15,14,37,34,3,43.93939393939394,22.727272727272727,21.21212121212121,56.060606060606055,51.515151515151516,4.545454545454546
E00064210,144,34,11,23,110,98,12,23.61111111111111,7.638888888888889,15.972222222222221,76.38888888888889,68.05555555555556,8.333333333333332
E00064211,139,42,13,29,97,86,11,30.215827338129497,9.352517985611511,20.863309352517987,69.7841726618705,61.87050359712231,7.913669064748201
E00064212,53,18,5,13,35,29,6,33.9622641509434,9.433962264150944,24.528301886792452,66.0377358490566,54.71698113207547,11.320754716981133
E00064213,69,15,6,9,54,43,11,21.73913043478261,8.695652173913043,13.043478260869565,78.26086956521739,62.31884057971014,15.942028985507244
E00064214,77,24,12,12,53,42,11,31.16883116883117,15.584415584415584,15.584415584415584,68.83116883116884,54.54545454545454,14.285714285714285
E00064215,184,57,21,36,127,109,18,30.978260869565215,11.41304347826087,19.565217391304348,69.02173913043478,59.2391304347826,9.782608695652174
E00064217,174,45,12,33,129,118,11,25.862068965517242,6.896551724137931,18.96551724137931,74.13793103448276,67.81609195402298,6.321839080459771
E00064218,159,37,17,20,122,80,42,23.270440251572328,10.69182389937107,12.578616352201259,76.72955974842768,50.314465408805034,26.41509433962264
E00064219,76,14,9,5,62,59,3,18.421052631578945,11.842105263157894,6.578947368421052,81.57894736842105,77.63157894736842,3.9473684210526314
E00064220,106,41,17,24,65,60,5,38.67924528301887,16.037735849056602,22.641509433962266,61.32075471698113,56.60377358490566,4.716981132075472
E00064221,68,30,10,20,38,32,6,44.11764705882353,14.705882352941178,29.411764705882355,55.88235294117647,47.05882352941176,8.823529411764707
E00064222,110,43,19,24,67,60,7,39.09090909090909,17.272727272727273,21.818181818181817,60.909090909090914,54.54545454545454,6.363636363636363
E00064223,292,123,72,51,169,94,75,42.12328767123288,24.65753424657534,17.465753424657535,57.87671232876712,32.19178082191781,25.684931506849317
E00064224,127,35,14,21,92,79,13,27.559055118110237,11.023622047244094,16.535433070866144,72.44094488188976,62.20472440944882,10.236220472440944
E00064225,63,20,5,15,43,39,4,31.746031746031743,7.936507936507936,23.809523809523807,68.25396825396825,61.904761904761905,6.349206349206349
E00064226,61,16,6,10,45,34,11,26.229508196721312,9.836065573770492,16.39344262295082,73.77049180327869,55.73770491803278,18.0327868852459
E00064227,73,21,14,7,52,35,17,28.767123287671232,19.17808219178082,9.58904109589041,71.23287671232876,47.94520547945205,23.28767123287671
E00064228,122,45,25,20,77,46,31,36.885245901639344,20.491803278688526,16.39344262295082,63.114754098360656,37.704918032786885,25.40983606557377
E00064229,84,31,7,24,53,49,4,36.904761904761905,8.333333333333332,28.57142857142857,63.095238095238095,58.333333333333336,4.761904761904762
E00064230,48,19,8,11,29,19,10,39.58333333333333,16.666666666666664,22.916666666666664,60.416666666666664,39.58333333333333,20.833333333333336
E00064231,61,25,12,13,36,32,4,40.98360655737705,19.672131147540984,21.311475409836063,59.01639344262295,52.459016393442624,6.557377049180328
E00064232,48,20,10,10,28,25,3,41.66666666666667,20.833333333333336,20.833333333333336,58.333333333333336,52.083333333333336,6.25
E00064233,75,32,15,17,43,36,7,42.66666666666667,20,22.666666666666664,57.333333333333336,48,9.333333333333334
E00064234,86,30,14,16,56,43,13,34.883720930232556,16.27906976744186,18.6046511627907,65.11627906976744,50,15.11627906976744
E00064235,50,15,5,10,35,29,6,30,10,20,70,57.99999999999999,12
E00064236,92,28,9,19,64,58,6,30.434782608695656,9.782608695652174,20.652173913043477,69.56521739130434,63.04347826086957,6.521739130434782
E00064237,84,26,3,23,58,49,9,30.952380952380953,3.571428571428571,27.380952380952383,69.04761904761905,58.333333333333336,10.714285714285714
E00064238,81,29,13,16,52,47,5,35.80246913580247,16.049382716049383,19.753086419753085,64.19753086419753,58.0246913580247,6.172839506172839
E00064239,143,46,12,34,97,92,5,32.16783216783217,8.391608391608392,23.776223776223777,67.83216783216784,64.33566433566433,3.4965034965034967
E00064240,113,35,9,26,78,64,14,30.973451327433626,7.964601769911504,23.008849557522122,69.02654867256636,56.63716814159292,12.389380530973451
E00064241,82,31,7,24,51,46,5,37.80487804878049,8.536585365853659,29.268292682926827,62.19512195121951,56.09756097560976,6.097560975609756
E00064242,119,51,17,34,68,59,9,42.857142857142854,14.285714285714285,28.57142857142857,57.14285714285714,49.57983193277311,7.563025210084033
E00064243,103,44,14,30,59,54,5,42.71844660194174,13.592233009708737,29.126213592233007,57.28155339805825,52.42718446601942,4.854368932038835
E00064244,136,51,15,36,85,74,11,37.5,11.029411764705882,26.47058823529412,62.5,54.41176470588235,8.088235294117647
E00064245,192,63,24,39,129,104,25,32.8125,12.5,20.3125,67.1875,54.166666666666664,13.020833333333334
E00064246,144,43,16,27,101,86,15,29.86111111111111,11.11111111111111,18.75,70.13888888888889,59.72222222222222,10.416666666666668
E00064247,51,20,5,15,31,28,3,39.21568627450981,9.803921568627452,29.411764705882355,60.78431372549019,54.90196078431373,5.88235294117647
E00064248,124,50,16,34,74,69,5,40.32258064516129,12.903225806451612,27.419354838709676,59.67741935483871,55.64516129032258,4.032258064516129
E00064249,109,42,10,32,67,62,5,38.53211009174312,9.174311926605505,29.357798165137616,61.46788990825688,56.88073394495413,4.587155963302752
E00064250,48,19,8,11,29,24,5,39.58333333333333,16.666666666666664,22.916666666666664,60.416666666666664,50,10.416666666666668
E00064251,175,55,20,35,120,109,11,31.428571428571427,11.428571428571429,20,68.57142857142857,62.28571428571429,6.2857142857142865
E00064252,77,26,10,16,51,46,5,33.76623376623377,12.987012987012985,20.77922077922078,66.23376623376623,59.74025974025974,6.493506493506493
E00064253,121,33,15,18,88,80,8,27.27272727272727,12.396694214876034,14.87603305785124,72.72727272727273,66.11570247933885,6.6115702479338845
E00064254,121,41,10,31,80,68,12,33.88429752066116,8.264462809917356,25.6198347107438,66.11570247933885,56.19834710743802,9.917355371900827
E00064255,95,39,10,29,56,47,9,41.05263157894737,10.526315789473683,30.526315789473685,58.94736842105262,49.473684210526315,9.473684210526317
E00064256,153,54,14,40,99,90,9,35.294117647058826,9.15032679738562,26.143790849673206,64.70588235294117,58.82352941176471,5.88235294117647
E00064257,121,35,9,26,86,74,12,28.92561983471074,7.43801652892562,21.487603305785125,71.07438016528926,61.15702479338842,9.917355371900827
E00064258,105,31,6,25,74,69,5,29.523809523809526,5.714285714285714,23.809523809523807,70.47619047619048,65.71428571428571,4.761904761904762
E00064259,153,50,21,29,103,90,13,32.6797385620915,13.725490196078432,18.954248366013072,67.3202614379085,58.82352941176471,8.49673202614379
E00064260,122,45,11,34,77,68,9,36.885245901639344,9.01639344262295,27.86885245901639,63.114754098360656,55.73770491803278,7.377049180327869
E00064261,145,47,13,34,98,87,11,32.41379310344827,8.96551724137931,23.448275862068964,67.58620689655173,60,7.586206896551724
E00064262,137,48,13,35,89,73,16,35.03649635036496,9.48905109489051,25.547445255474454,64.96350364963503,53.284671532846716,11.678832116788321
E00064263,110,37,11,26,73,63,10,33.63636363636363,10,23.636363636363637,66.36363636363637,57.27272727272727,9.090909090909092
E00064264,95,34,16,18,61,55,6,35.78947368421053,16.842105263157894,18.947368421052634,64.21052631578948,57.89473684210527,6.315789473684211
E00064265,131,51,18,33,80,73,7,38.93129770992366,13.740458015267176,25.190839694656486,61.06870229007634,55.72519083969466,5.343511450381679
E00064266,78,36,10,26,42,37,5,46.15384615384615,12.82051282051282,33.33333333333333,53.84615384615385,47.43589743589743,6.41025641025641
E00064267,118,34,5,29,84,75,9,28.8135593220339,4.23728813559322,24.576271186440678,71.1864406779661,63.559322033898304,7.627118644067797
E00064268,123,47,14,33,76,66,10,38.21138211382114,11.38211382113821,26.82926829268293,61.78861788617886,53.65853658536586,8.130081300813007
E00064269,56,21,4,17,35,31,4,37.5,7.142857142857142,30.357142857142854,62.5,55.35714285714286,7.142857142857142
E00064270,125,38,8,30,87,78,9,30.4,6.4,24,69.6,62.4,7.199999999999999
E00064271,112,38,10,28,74,67,7,33.92857142857143,8.928571428571429,25,66.07142857142857,59.82142857142857,6.25
E00064272,103,31,9,22,72,62,10,30.097087378640776,8.737864077669903,21.35922330097087,69.90291262135922,60.19417475728155,9.70873786407767
E00064273,93,30,6,24,63,56,7,32.25806451612903,6.451612903225806,25.806451612903224,67.74193548387096,60.215053763440864,7.526881720430108
E00064274,127,50,18,32,77,69,8,39.37007874015748,14.173228346456693,25.196850393700785,60.629921259842526,54.330708661417326,6.299212598425196
E00064275,133,41,5,36,92,76,16,30.82706766917293,3.7593984962406015,27.06766917293233,69.17293233082707,57.14285714285714,12.030075187969924
E00064276,94,28,11,17,66,57,9,29.78723404255319,11.702127659574469,18.085106382978726,70.2127659574468,60.63829787234043,9.574468085106384
E00064277,119,42,17,25,77,70,7,35.294117647058826,14.285714285714285,21.008403361344538,64.70588235294117,58.82352941176471,5.88235294117647
E00064278,109,35,14,21,74,66,8,32.11009174311927,12.844036697247708,19.26605504587156,67.88990825688074,60.550458715596335,7.339449541284404
E00064279,114,46,16,30,68,63,5,40.35087719298245,14.035087719298245,26.31578947368421,59.64912280701754,55.26315789473685,4.385964912280701
E00064280,107,40,9,31,67,60,7,37.38317757009346,8.411214953271028,28.971962616822427,62.616822429906534,56.074766355140184,6.5420560747663545
E00064281,131,44,8,36,87,81,6,33.587786259541986,6.106870229007633,27.480916030534353,66.41221374045801,61.832061068702295,4.580152671755725
E00064282,141,40,9,31,101,89,12,28.368794326241137,6.382978723404255,21.98581560283688,71.63120567375887,63.12056737588653,8.51063829787234
E00064283,99,32,10,22,67,55,12,32.323232323232325,10.1010101010101,22.22222222222222,67.67676767676768,55.55555555555556,12.121212121212121
E00064284,137,47,11,36,90,81,9,34.306569343065696,8.02919708029197,26.277372262773724,65.69343065693431,59.12408759124088,6.569343065693431
E00064285,119,40,15,25,79,70,9,33.61344537815126,12.605042016806722,21.008403361344538,66.38655462184873,58.82352941176471,7.563025210084033
E00064286,140,52,10,42,88,77,11,37.142857142857146,7.142857142857142,30,62.857142857142854,55.00000000000001,7.857142857142857
E00064287,133,43,13,30,90,85,5,32.33082706766917,9.774436090225564,22.55639097744361,67.66917293233082,63.90977443609023,3.7593984962406015
E00064288,131,32,12,20,99,90,9,24.427480916030532,9.16030534351145,15.267175572519085,75.57251908396947,68.70229007633588,6.870229007633588
E00064289,141,42,8,34,99,78,21,29.78723404255319,5.673758865248227,24.113475177304963,70.2127659574468,55.319148936170215,14.893617021276595
E00064290,71,28,6,22,43,37,6,39.436619718309856,8.450704225352112,30.985915492957744,60.56338028169014,52.112676056338024,8.450704225352112
E00064291,135,31,11,20,104,91,13,22.962962962962962,8.148148148148149,14.814814814814813,77.03703703703704,67.4074074074074,9.62962962962963
E00064292,77,31,12,19,46,30,16,40.25974025974026,15.584415584415584,24.675324675324674,59.74025974025974,38.961038961038966,20.77922077922078
E00064293,132,33,10,23,99,90,9,25,7.575757575757576,17.424242424242426,75,68.18181818181817,6.8181818181818175
E00064294,102,32,11,21,70,50,20,31.372549019607842,10.784313725490197,20.588235294117645,68.62745098039215,49.01960784313725,19.607843137254903
E00064295,183,48,12,36,135,113,22,26.229508196721312,6.557377049180328,19.672131147540984,73.77049180327869,61.74863387978142,12.021857923497267
E00064296,154,32,11,21,122,111,11,20.77922077922078,7.142857142857142,13.636363636363635,79.22077922077922,72.07792207792207,7.142857142857142
E00064297,113,28,14,14,85,58,27,24.778761061946902,12.389380530973451,12.389380530973451,75.22123893805309,51.32743362831859,23.893805309734514
E00064298,145,56,28,28,89,68,21,38.62068965517241,19.310344827586206,19.310344827586206,61.37931034482759,46.89655172413793,14.482758620689657
E00064299,140,41,10,31,99,85,14,29.28571428571429,7.142857142857142,22.142857142857142,70.71428571428572,60.71428571428571,10
E00064300,105,42,22,20,63,41,22,40,20.952380952380953,19.047619047619047,60,39.04761904761905,20.952380952380953
E00064301,134,47,21,26,87,81,6,35.07462686567165,15.671641791044777,19.402985074626866,64.92537313432835,60.447761194029844,4.477611940298507
E00064302,132,45,14,31,87,79,8,34.090909090909086,10.606060606060606,23.484848484848484,65.9090909090909,59.84848484848485,6.0606060606060606
E00064303,130,36,13,23,94,89,5,27.692307692307693,10,17.692307692307693,72.3076923076923,68.46153846153847,3.8461538461538463
E00064304,124,49,13,36,75,68,7,39.516129032258064,10.483870967741936,29.03225806451613,60.483870967741936,54.83870967741935,5.64516129032258
E00064305,158,40,14,26,118,100,18,25.31645569620253,8.860759493670885,16.455696202531644,74.68354430379746,63.29113924050633,11.39240506329114
E00064306,97,30,4,26,67,58,9,30.927835051546392,4.123711340206185,26.804123711340207,69.0721649484536,59.79381443298969,9.278350515463918
E00064307,70,23,8,15,47,43,4,32.857142857142854,11.428571428571429,21.428571428571427,67.14285714285714,61.42857142857143,5.714285714285714
E00064308,153,47,25,22,106,78,28,30.718954248366014,16.33986928104575,14.37908496732026,69.28104575163398,50.98039215686274,18.30065359477124
E00064309,139,54,17,37,85,80,5,38.84892086330935,12.23021582733813,26.618705035971225,61.15107913669065,57.55395683453237,3.5971223021582732
E00064310,139,49,15,34,90,74,16,35.25179856115108,10.79136690647482,24.46043165467626,64.74820143884892,53.23741007194245,11.510791366906476
E00064311,108,30,7,23,78,65,13,27.77777777777778,6.481481481481481,21.296296296296298,72.22222222222221,60.18518518518518,12.037037037037036
E00064312,166,52,13,39,114,104,10,31.32530120481928,7.83132530120482,23.49397590361446,68.67469879518072,62.65060240963856,6.024096385542169
E00064313,157,53,24,29,104,91,13,33.75796178343949,15.286624203821656,18.471337579617835,66.2420382165605,57.961783439490446,8.280254777070063
E00064314,165,65,30,35,100,59,41,39.39393939393939,18.181818181818183,21.21212121212121,60.60606060606061,35.75757575757576,24.848484848484848
E00064315,83,28,11,17,55,44,11,33.734939759036145,13.253012048192772,20.481927710843372,66.26506024096386,53.01204819277109,13.253012048192772
E00064316,165,60,26,34,105,91,14,36.36363636363637,15.757575757575756,20.606060606060606,63.63636363636363,55.15151515151515,8.484848484848486
E00064317,94,33,10,23,61,51,10,35.1063829787234,10.638297872340425,24.46808510638298,64.8936170212766,54.25531914893617,10.638297872340425
E00064318,117,40,11,29,77,68,9,34.18803418803419,9.401709401709402,24.786324786324787,65.8119658119658,58.119658119658126,7.6923076923076925
E00064319,100,34,9,25,66,55,11,34,9,25,66,55.00000000000001,11
E00064320,146,55,32,23,91,62,29,37.67123287671233,21.91780821917808,15.753424657534246,62.328767123287676,42.465753424657535,19.863013698630137
E00064321,83,27,15,12,56,35,21,32.53012048192771,18.072289156626507,14.457831325301203,67.46987951807229,42.168674698795186,25.301204819277107
E00064322,133,36,10,26,97,81,16,27.06766917293233,7.518796992481203,19.548872180451127,72.93233082706767,60.902255639097746,12.030075187969924
E00064323,166,57,24,33,109,101,8,34.33734939759036,14.457831325301203,19.879518072289155,65.66265060240963,60.8433734939759,4.819277108433735
E00064324,146,49,20,29,97,79,18,33.56164383561644,13.698630136986301,19.863013698630137,66.43835616438356,54.109589041095894,12.32876712328767
E00064325,136,46,18,28,90,83,7,33.82352941176471,13.23529411764706,20.588235294117645,66.17647058823529,61.029411764705884,5.147058823529411
E00064326,107,39,13,26,68,54,14,36.44859813084112,12.149532710280374,24.299065420560748,63.55140186915887,50.467289719626166,13.084112149532709
E00064327,160,56,18,38,104,94,10,35,11.25,23.75,65,58.75,6.25
E00064328,97,35,16,19,62,53,9,36.08247422680412,16.49484536082474,19.587628865979383,63.91752577319587,54.63917525773196,9.278350515463918
E00064329,126,36,13,23,90,77,13,28.57142857142857,10.317460317460316,18.253968253968253,71.42857142857143,61.111111111111114,10.317460317460316
E00064330,81,29,12,17,52,45,7,35.80246913580247,14.814814814814813,20.98765432098765,64.19753086419753,55.55555555555556,8.641975308641975
E00064331,121,45,12,33,76,73,3,37.1900826446281,9.917355371900827,27.27272727272727,62.8099173553719,60.33057851239669,2.479338842975207
E00064332,137,36,10,26,101,88,13,26.277372262773724,7.2992700729927,18.97810218978102,73.72262773722628,64.23357664233576,9.48905109489051
E00174060,103,33,12,21,70,62,8,32.038834951456316,11.650485436893204,20.388349514563107,67.96116504854369,60.19417475728155,7.766990291262135
E00174061,113,28,11,17,85,65,20,24.778761061946902,9.734513274336283,15.04424778761062,75.22123893805309,57.52212389380531,17.699115044247787
E00174062,156,45,16,29,111,106,5,28.846153846153843,10.256410256410255,18.58974358974359,71.15384615384616,67.94871794871796,3.205128205128205
E00174063,102,41,13,28,61,53,8,40.19607843137255,12.745098039215685,27.450980392156865,59.80392156862745,51.9607843137255,7.8431372549019605
E00185565,127,46,11,35,81,65,16,36.22047244094488,8.661417322834646,27.559055118110237,63.77952755905512,51.181102362204726,12.598425196850393
E00185566,164,64,16,48,100,90,10,39.02439024390244,9.75609756097561,29.268292682926827,60.97560975609756,54.87804878048781,6.097560975609756
E00185578,31,10,4,6,21,19,2,32.25806451612903,12.903225806451612,19.35483870967742,67.74193548387096,61.29032258064516,6.451612903225806
E00185631,189,47,14,33,142,132,10,24.867724867724867,7.4074074074074066,17.46031746031746,75.13227513227513,69.84126984126983,5.291005291005291
