OA,ts0590001,ts0590002,ts0590003,ts0590004,ts0590005,ts0590006,ts0590007,ts0590002_PCT,ts0590003_PCT,ts0590004_PCT,ts0590005_PCT,ts0590006_PCT,ts0590007_PCT
E00149825,135,36,14,22,99,61,38,26.666666666666668,10.37037037037037,16.296296296296298,73.33333333333333,45.18518518518518,28.14814814814815
E00149826,167,46,18,28,121,83,38,27.54491017964072,10.778443113772456,16.766467065868262,72.45508982035929,49.700598802395206,22.75449101796407
E00149827,201,61,24,37,140,107,33,30.34825870646766,11.940298507462686,18.407960199004975,69.65174129353234,53.233830845771145,16.417910447761194
E00149828,172,45,22,23,127,79,48,26.16279069767442,12.790697674418606,13.372093023255813,73.83720930232558,45.93023255813954,27.906976744186046
E00149829,117,34,13,21,83,74,9,29.059829059829063,11.11111111111111,17.94871794871795,70.94017094017094,63.24786324786324,7.6923076923076925
E00149830,130,40,17,23,90,59,31,30.76923076923077,13.076923076923078,17.692307692307693,69.23076923076923,45.38461538461539,23.846153846153847
E00149831,152,46,15,31,106,72,34,30.263157894736842,9.868421052631579,20.394736842105264,69.73684210526315,47.368421052631575,22.36842105263158
E00149832,169,45,10,35,124,103,21,26.627218934911244,5.9171597633136095,20.710059171597635,73.37278106508876,60.946745562130175,12.42603550295858
E00149833,186,49,15,34,137,87,50,26.344086021505376,8.064516129032258,18.27956989247312,73.65591397849462,46.774193548387096,26.881720430107524
E00149834,189,55,26,29,134,129,5,29.100529100529098,13.756613756613756,15.343915343915343,70.8994708994709,68.25396825396825,2.6455026455026456
E00149835,164,35,10,25,129,117,12,21.341463414634145,6.097560975609756,15.24390243902439,78.65853658536585,71.34146341463415,7.317073170731707
E00149836,219,60,17,43,159,153,6,27.397260273972602,7.76255707762557,19.63470319634703,72.6027397260274,69.86301369863014,2.73972602739726
E00149837,104,35,8,27,69,65,4,33.65384615384615,7.6923076923076925,25.961538461538463,66.34615384615384,62.5,3.8461538461538463
E00149838,259,68,22,46,191,173,18,26.254826254826252,8.494208494208493,17.760617760617762,73.74517374517374,66.79536679536679,6.94980694980695
E00149839,220,60,24,36,160,149,11,27.27272727272727,10.909090909090908,16.363636363636363,72.72727272727273,67.72727272727272,5
E00149840,176,46,11,35,130,126,4,26.136363636363637,6.25,19.886363636363637,73.86363636363636,71.5909090909091,2.272727272727273
E00149841,173,29,10,19,144,132,12,16.76300578034682,5.780346820809249,10.982658959537572,83.23699421965318,76.30057803468208,6.9364161849710975
E00149842,197,55,16,39,142,132,10,27.918781725888326,8.121827411167512,19.796954314720814,72.08121827411168,67.00507614213198,5.0761421319796955
E00149843,207,62,19,43,145,125,20,29.951690821256037,9.178743961352657,20.77294685990338,70.04830917874396,60.38647342995169,9.66183574879227
E00149844,216,46,14,32,170,156,14,21.296296296296298,6.481481481481481,14.814814814814813,78.70370370370371,72.22222222222221,6.481481481481481
E00149845,194,62,16,46,132,117,15,31.958762886597935,8.24742268041237,23.711340206185564,68.04123711340206,60.30927835051546,7.731958762886598
E00149846,176,42,15,27,134,121,13,23.863636363636363,8.522727272727272,15.340909090909092,76.13636363636364,68.75,7.386363636363637
E00149847,161,50,15,35,111,101,10,31.05590062111801,9.316770186335404,21.73913043478261,68.94409937888199,62.732919254658384,6.211180124223603
E00149848,162,53,18,35,109,98,11,32.71604938271605,11.11111111111111,21.604938271604937,67.28395061728395,60.49382716049383,6.790123456790123
E00149849,206,54,14,40,152,147,5,26.21359223300971,6.796116504854369,19.41747572815534,73.7864077669903,71.35922330097088,2.4271844660194173
E00149850,215,50,16,34,165,150,15,23.25581395348837,7.441860465116279,15.813953488372093,76.74418604651163,69.76744186046511,6.976744186046512
E00149852,143,43,14,29,100,82,18,30.069930069930066,9.79020979020979,20.27972027972028,69.93006993006993,57.34265734265735,12.587412587412588
E00149853,166,51,27,24,115,87,28,30.72289156626506,16.265060240963855,14.457831325301203,69.27710843373494,52.40963855421686,16.867469879518072
E00149854,151,50,23,27,101,81,20,33.11258278145696,15.2317880794702,17.880794701986755,66.88741721854305,53.64238410596026,13.245033112582782
E00149855,260,85,36,49,175,107,68,32.69230769230769,13.846153846153847,18.846153846153847,67.3076923076923,41.15384615384615,26.153846153846157
E00149856,155,55,27,28,100,69,31,35.483870967741936,17.419354838709676,18.064516129032256,64.51612903225806,44.516129032258064,20
E00149857,138,41,19,22,97,61,36,29.71014492753623,13.768115942028986,15.942028985507244,70.28985507246377,44.20289855072464,26.08695652173913
E00149858,152,55,23,32,97,71,26,36.18421052631579,15.131578947368421,21.052631578947366,63.81578947368421,46.71052631578947,17.105263157894736
E00149859,160,56,18,38,104,76,28,35,11.25,23.75,65,47.5,17.5
E00149860,213,52,22,30,161,143,18,24.413145539906104,10.328638497652582,14.084507042253522,75.5868544600939,67.13615023474179,8.450704225352112
E00149861,137,39,12,27,98,89,9,28.467153284671532,8.75912408759124,19.708029197080293,71.53284671532847,64.96350364963503,6.569343065693431
E00149862,96,30,10,20,66,57,9,31.25,10.416666666666668,20.833333333333336,68.75,59.375,9.375
E00149863,191,62,22,40,129,111,18,32.460732984293195,11.518324607329843,20.94240837696335,67.5392670157068,58.1151832460733,9.424083769633508
E00149864,116,29,9,20,87,77,10,25,7.758620689655173,17.24137931034483,75,66.37931034482759,8.620689655172415
E00149865,157,41,8,33,116,100,16,26.11464968152866,5.095541401273886,21.019108280254777,73.88535031847134,63.69426751592356,10.191082802547772
E00149867,201,53,16,37,148,136,12,26.368159203980102,7.960199004975125,18.407960199004975,73.6318407960199,67.66169154228857,5.970149253731343
E00149868,166,49,18,31,117,104,13,29.518072289156628,10.843373493975903,18.67469879518072,70.48192771084338,62.65060240963856,7.83132530120482
E00149869,139,43,16,27,96,84,12,30.935251798561154,11.510791366906476,19.424460431654676,69.06474820143885,60.431654676258994,8.633093525179856
E00149870,133,32,10,22,101,86,15,24.06015037593985,7.518796992481203,16.541353383458645,75.93984962406014,64.66165413533834,11.278195488721805
E00149871,156,48,16,32,108,96,12,30.76923076923077,10.256410256410255,20.51282051282051,69.23076923076923,61.53846153846154,7.6923076923076925
E00149872,151,39,10,29,112,94,18,25.82781456953642,6.622516556291391,19.205298013245034,74.17218543046357,62.251655629139066,11.920529801324504
E00149874,126,34,10,24,92,76,16,26.984126984126984,7.936507936507936,19.047619047619047,73.01587301587301,60.317460317460316,12.698412698412698
E00149876,87,23,12,11,64,55,9,26.436781609195403,13.793103448275861,12.643678160919542,73.5632183908046,63.2183908045977,10.344827586206897
E00149877,107,39,9,30,68,49,19,36.44859813084112,8.411214953271028,28.037383177570092,63.55140186915887,45.794392523364486,17.75700934579439
E00149878,198,41,10,31,157,136,21,20.707070707070706,5.05050505050505,15.656565656565657,79.29292929292929,68.68686868686868,10.606060606060606
E00149879,203,39,17,22,164,146,18,19.21182266009852,8.374384236453201,10.83743842364532,80.78817733990148,71.92118226600985,8.866995073891626
E00149880,211,61,19,42,150,128,22,28.90995260663507,9.004739336492891,19.90521327014218,71.09004739336493,60.66350710900474,10.42654028436019
E00149881,195,44,15,29,151,135,16,22.564102564102566,7.6923076923076925,14.871794871794872,77.435897435897445,69.23076923076923,8.205128205128204
E00149882,237,57,18,39,180,149,31,24.050632911392405,7.59493670886076,16.455696202531644,75.9493670886076,62.869198312236286,13.080168776371309
E00149883,69,22,6,16,47,38,9,31.88405797101449,8.695652173913043,23.18840579710145,68.11594202898551,55.072463768115945,13.043478260869565
E00149884,152,55,20,35,97,85,12,36.18421052631579,13.157894736842104,23.026315789473685,63.81578947368421,55.92105263157895,7.894736842105263
E00149885,207,48,14,34,159,131,28,23.18840579710145,6.763285024154589,16.425120772946862,76.81159420289855,63.28502415458937,13.526570048309178
E00149886,109,30,9,21,79,71,8,27.522935779816514,8.256880733944955,19.26605504587156,72.47706422018348,65.13761467889908,7.339449541284404
E00149887,140,36,5,31,104,88,16,25.71428571428571,3.571428571428571,22.142857142857142,74.28571428571429,62.857142857142854,11.428571428571429
E00149888,167,58,23,35,109,82,27,34.73053892215569,13.77245508982036,20.958083832335326,65.26946107784431,49.101796407185624,16.16766467065868
E00149889,146,35,13,22,111,100,11,23.972602739726025,8.904109589041095,15.068493150684931,76.02739726027397,68.4931506849315,7.534246575342466
E00149891,169,46,20,26,123,101,22,27.218934911242602,11.834319526627219,15.384615384615385,72.7810650887574,59.76331360946746,13.017751479289942
E00149892,195,61,20,41,134,100,34,31.28205128205128,10.256410256410255,21.025641025641026,68.71794871794872,51.28205128205128,17.435897435897434
E00149893,166,51,20,31,115,97,18,30.72289156626506,12.048192771084338,18.67469879518072,69.27710843373494,58.43373493975904,10.843373493975903
E00149894,92,21,8,13,71,64,7,22.82608695652174,8.695652173913043,14.130434782608695,77.17391304347827,69.56521739130434,7.608695652173914
E00149895,202,63,25,38,139,112,27,31.18811881188119,12.376237623762377,18.81188118811881,68.8118811881188,55.44554455445545,13.366336633663368
E00149896,60,24,8,16,36,31,5,40,13.333333333333334,26.666666666666668,60,51.66666666666667,8.333333333333332
E00149897,136,38,22,16,98,88,10,27.941176470588236,16.176470588235293,11.76470588235294,72.05882352941177,64.70588235294117,7.352941176470589
E00149898,136,46,14,32,90,69,21,33.82352941176471,10.294117647058822,23.52941176470588,66.17647058823529,50.73529411764706,15.441176470588236
E00149899,154,39,9,30,115,100,15,25.324675324675322,5.844155844155844,19.480519480519483,74.67532467532467,64.93506493506493,9.740259740259742
E00149900,210,27,9,18,183,175,8,12.857142857142856,4.285714285714286,8.571428571428571,87.14285714285714,83.33333333333334,3.8095238095238098
E00149903,66,18,4,14,48,40,8,27.27272727272727,6.0606060606060606,21.21212121212121,72.72727272727273,60.60606060606061,12.121212121212121
E00149904,125,25,10,15,100,90,10,20,8,12,80,72,8
E00149905,228,55,26,29,173,143,30,24.12280701754386,11.403508771929824,12.719298245614036,75.87719298245614,62.71929824561403,13.157894736842104
E00149908,171,50,17,33,121,109,12,29.239766081871345,9.941520467836257,19.298245614035086,70.76023391812866,63.74269005847953,7.017543859649122
E00149909,149,46,15,31,103,74,29,30.87248322147651,10.06711409395973,20.80536912751678,69.12751677852349,49.664429530201346,19.463087248322147
E00149910,173,44,20,24,129,70,59,25.43352601156069,11.560693641618498,13.872832369942195,74.56647398843931,40.46242774566474,34.104046242774565
E00149911,154,46,18,28,108,78,30,29.87012987012987,11.688311688311687,18.181818181818183,70.12987012987013,50.649350649350644,19.480519480519483
E00149912,77,17,4,13,60,38,22,22.07792207792208,5.194805194805195,16.883116883116884,77.92207792207793,49.35064935064935,28.57142857142857
E00149913,120,35,10,25,85,62,23,29.166666666666668,8.333333333333332,20.833333333333336,70.83333333333334,51.66666666666667,19.166666666666668
E00149914,107,30,5,25,77,64,13,28.037383177570092,4.672897196261682,23.364485981308412,71.96261682242991,59.813084112149525,12.149532710280374
E00149915,164,51,15,36,113,95,18,31.097560975609756,9.146341463414634,21.951219512195124,68.90243902439023,57.92682926829268,10.975609756097562
E00149916,218,67,22,45,151,122,29,30.73394495412844,10.091743119266056,20.642201834862387,69.26605504587155,55.96330275229357,13.302752293577983
E00149917,157,46,19,27,111,87,24,29.29936305732484,12.101910828025478,17.197452229299362,70.70063694267516,55.4140127388535,15.286624203821656
E00149918,123,45,23,22,78,61,17,36.58536585365854,18.69918699186992,17.88617886178862,63.41463414634146,49.59349593495935,13.821138211382115
E00149919,165,43,17,26,122,92,30,26.060606060606062,10.303030303030303,15.757575757575756,73.93939393939394,55.757575757575765,18.181818181818183
E00149920,120,31,11,20,89,70,19,25.833333333333336,9.166666666666666,16.666666666666664,74.16666666666667,58.333333333333336,15.833333333333332
E00149921,142,40,15,25,102,66,36,28.169014084507044,10.56338028169014,17.6056338028169,71.83098591549296,46.478873239436616,25.352112676056336
E00149922,99,31,5,26,68,52,16,31.313131313131315,5.05050505050505,26.262626262626267,68.68686868686868,52.52525252525253,16.161616161616163
E00149923,134,39,14,25,95,73,22,29.1044776119403,10.44776119402985,18.65671641791045,70.8955223880597,54.47761194029851,16.417910447761194
E00149924,126,39,20,19,87,67,20,30.952380952380953,15.873015873015872,15.079365079365079,69.04761904761905,53.17460317460318,15.873015873015872
E00149925,156,54,23,31,102,68,34,34.61538461538461,14.743589743589745,19.871794871794872,65.38461538461539,43.58974358974359,21.794871794871796
E00149930,156,53,15,38,103,95,8,33.97435897435898,9.615384615384617,24.358974358974358,66.02564102564102,60.89743589743589,5.128205128205128
E00149931,90,26,7,19,64,53,11,28.888888888888886,7.777777777777778,21.11111111111111,71.11111111111111,58.88888888888889,12.222222222222221
E00149932,158,55,22,33,103,89,14,34.810126582278485,13.924050632911392,20.88607594936709,65.18987341772153,56.32911392405063,8.860759493670885
E00149933,125,40,13,27,85,73,12,32,10.4,21.6,68,58.4,9.6
E00149934,154,52,14,38,102,91,11,33.76623376623377,9.090909090909092,24.675324675324674,66.23376623376623,59.09090909090909,7.142857142857142
E00149935,312,68,18,50,244,210,34,21.794871794871796,5.769230769230769,16.025641025641026,78.2051282051282,67.3076923076923,10.897435897435898
E00149936,275,50,17,33,225,206,19,18.181818181818183,6.181818181818182,12,81.81818181818183,74.90909090909092,6.909090909090909
E00149937,168,58,22,36,110,99,11,34.523809523809526,13.095238095238097,21.428571428571427,65.47619047619048,58.92857142857143,6.547619047619048
E00149938,138,43,11,32,95,86,9,31.15942028985507,7.971014492753622,23.18840579710145,68.84057971014492,62.31884057971014,6.521739130434782
E00149939,209,61,18,43,148,126,22,29.1866028708134,8.61244019138756,20.574162679425836,70.81339712918661,60.28708133971292,10.526315789473683
E00149940,179,63,18,45,116,96,20,35.19553072625698,10.05586592178771,25.139664804469277,64.80446927374301,53.63128491620112,11.1731843575419
E00149941,167,54,16,38,113,94,19,32.33532934131736,9.580838323353294,22.75449101796407,67.66467065868264,56.287425149700596,11.377245508982035
E00149942,136,45,17,28,91,82,9,33.088235294117645,12.5,20.588235294117645,66.91176470588235,60.29411764705882,6.61764705882353
E00149943,142,39,7,32,103,90,13,27.464788732394368,4.929577464788732,22.535211267605636,72.53521126760563,63.38028169014085,9.15492957746479
E00149944,121,43,13,30,78,70,8,35.53719008264463,10.743801652892563,24.793388429752067,64.46280991735537,57.85123966942148,6.6115702479338845
E00149945,195,61,14,47,134,116,18,31.28205128205128,7.179487179487179,24.102564102564102,68.71794871794872,59.48717948717949,9.230769230769232
E00149946,134,42,12,30,92,77,15,31.343283582089555,8.955223880597014,22.388059701492537,68.65671641791045,57.46268656716418,11.194029850746269
E00149948,145,49,15,34,96,84,12,33.793103448275865,10.344827586206897,23.448275862068964,66.20689655172414,57.931034482758626,8.275862068965518
E00149949,256,62,17,45,194,151,43,24.21875,6.640625,17.578125,75.78125,58.984375,16.796875
E00149950,187,59,20,39,128,99,29,31.550802139037433,10.695187165775401,20.855614973262032,68.44919786096256,52.94117647058824,15.508021390374333
E00149951,178,51,12,39,127,115,12,28.651685393258425,6.741573033707865,21.910112359550563,71.34831460674157,64.60674157303372,6.741573033707865
E00149952,158,52,12,40,106,97,9,32.91139240506329,7.59493670886076,25.31645569620253,67.08860759493672,61.39240506329114,5.69620253164557
E00149953,142,50,20,30,92,86,6,35.2112676056338,14.084507042253522,21.12676056338028,64.7887323943662,60.56338028169014,4.225352112676056
E00149954,153,44,16,28,109,94,15,28.75816993464052,10.457516339869281,18.30065359477124,71.24183006535948,61.43790849673203,9.803921568627452
E00149955,112,28,10,18,84,75,9,25,8.928571428571429,16.071428571428573,75,66.96428571428571,8.035714285714286
E00149956,177,53,17,36,124,105,19,29.943502824858758,9.6045197740113,20.33898305084746,70.05649717514125,59.32203389830508,10.734463276836157
E00149957,179,52,17,35,127,104,23,29.05027932960894,9.497206703910614,19.553072625698324,70.94972067039106,58.10055865921788,12.849162011173185
E00149958,162,33,17,16,129,103,26,20.37037037037037,10.493827160493826,9.876543209876543,79.62962962962963,63.580246913580254,16.049382716049383
E00149959,119,45,14,31,74,64,10,37.81512605042017,11.76470588235294,26.05042016806723,62.18487394957983,53.78151260504202,8.403361344537815
E00149960,130,29,9,20,101,87,14,22.30769230769231,6.923076923076923,15.384615384615385,77.6923076923077,66.92307692307692,10.76923076923077
E00149961,150,44,14,30,106,94,12,29.333333333333332,9.333333333333334,20,70.66666666666667,62.66666666666667,8
E00149962,67,27,13,14,40,29,11,40.298507462686565,19.402985074626866,20.8955223880597,59.70149253731343,43.28358208955223,16.417910447761194
E00149963,144,41,17,24,103,83,20,28.47222222222222,11.805555555555555,16.666666666666664,71.52777777777779,57.638888888888886,13.88888888888889
E00149964,157,31,6,25,126,100,26,19.745222929936308,3.821656050955414,15.92356687898089,80.2547770700637,63.69426751592356,16.560509554140125
E00149965,143,44,12,32,99,84,15,30.76923076923077,8.391608391608392,22.377622377622377,69.23076923076923,58.74125874125874,10.48951048951049
E00149966,120,42,10,32,78,62,16,35,8.333333333333332,26.666666666666668,65,51.66666666666667,13.333333333333334
E00149967,121,41,16,25,80,72,8,33.88429752066116,13.223140495867769,20.66115702479339,66.11570247933885,59.50413223140496,6.6115702479338845
E00149968,78,22,7,15,56,47,9,28.205128205128204,8.974358974358974,19.230769230769234,71.7948717948718,60.256410256410255,11.538461538461538
E00149969,113,35,12,23,78,72,6,30.973451327433626,10.619469026548673,20.353982300884958,69.02654867256636,63.716814159292035,5.3097345132743365
E00149971,110,31,9,22,79,64,15,28.18181818181818,8.181818181818182,20,71.81818181818181,58.18181818181818,13.636363636363635
E00149972,128,46,18,28,82,71,11,35.9375,14.0625,21.875,64.0625,55.46875,8.59375
E00149973,107,27,4,23,80,66,14,25.233644859813083,3.7383177570093453,21.49532710280374,74.76635514018692,61.6822429906542,13.084112149532709
E00149974,179,47,12,35,132,118,14,26.256983240223462,6.70391061452514,19.553072625698324,73.74301675977654,65.92178770949721,7.82122905027933
E00149975,123,29,10,19,94,87,7,23.577235772357724,8.130081300813007,15.447154471544716,76.42276422764228,70.73170731707317,5.691056910569105
E00149976,86,23,7,16,63,56,7,26.744186046511626,8.13953488372093,18.6046511627907,73.25581395348837,65.11627906976744,8.13953488372093
E00149977,135,40,17,23,95,85,10,29.629629629629626,12.592592592592592,17.037037037037038,70.37037037037037,62.96296296296296,7.4074074074074066
E00149978,166,44,10,34,122,111,11,26.506024096385545,6.024096385542169,20.481927710843372,73.49397590361446,66.86746987951807,6.626506024096386
E00149979,177,55,18,37,122,105,17,31.07344632768362,10.16949152542373,20.903954802259886,68.92655367231639,59.32203389830508,9.6045197740113
E00149980,80,22,8,14,58,52,6,27.500000000000004,10,17.5,72.5,65,7.5
E00149981,169,56,19,37,113,100,13,33.13609467455622,11.242603550295858,21.893491124260358,66.86390532544378,59.171597633136095,7.6923076923076925
E00149982,176,60,20,40,116,105,11,34.090909090909086,11.363636363636363,22.727272727272727,65.9090909090909,59.65909090909091,6.25
E00149983,153,40,7,33,113,102,11,26.143790849673206,4.57516339869281,21.568627450980394,73.8562091503268,66.66666666666666,7.18954248366013
E00149984,176,50,10,40,126,114,12,28.40909090909091,5.681818181818182,22.727272727272727,71.5909090909091,64.77272727272727,6.8181818181818175
E00149985,140,32,12,20,108,97,11,22.857142857142858,8.571428571428571,14.285714285714285,77.14285714285715,69.28571428571428,7.857142857142857
E00149986,129,33,10,23,96,87,9,25.581395348837212,7.751937984496124,17.829457364341085,74.4186046511628,67.44186046511628,6.976744186046512
E00149987,95,31,12,19,64,57,7,32.631578947368425,12.631578947368421,20,67.36842105263158,60,7.368421052631578
E00149988,168,46,17,29,122,110,12,27.380952380952383,10.119047619047619,17.261904761904763,72.61904761904762,65.47619047619048,7.142857142857142
E00149989,150,40,13,27,110,95,15,26.666666666666668,8.666666666666668,18,73.33333333333333,63.33333333333333,10
E00149990,133,37,11,26,96,86,10,27.819548872180448,8.270676691729323,19.548872180451127,72.18045112781954,64.66165413533834,7.518796992481203
E00149991,160,44,16,28,116,89,27,27.500000000000004,10,17.5,72.5,55.625,16.875
E00149992,292,86,25,61,206,170,36,29.45205479452055,8.561643835616438,20.89041095890411,70.54794520547945,58.21917808219178,12.32876712328767
E00149993,245,67,33,34,178,141,37,27.346938775510203,13.46938775510204,13.877551020408163,72.6530612244898,57.55102040816327,15.10204081632653
E00149994,115,37,14,23,78,58,20,32.17391304347826,12.173913043478262,20,67.82608695652173,50.43478260869565,17.391304347826086
E00149995,126,47,15,32,79,59,20,37.301587301587304,11.904761904761903,25.396825396825395,62.698412698412696,46.82539682539682,15.873015873015872
E00149996,119,31,10,21,88,74,14,26.05042016806723,8.403361344537815,17.647058823529413,73.94957983193278,62.18487394957983,11.76470588235294
E00149997,124,40,11,29,84,59,25,32.25806451612903,8.870967741935484,23.387096774193548,67.74193548387096,47.58064516129033,20.161290322580644
E00149998,142,39,15,24,103,77,26,27.464788732394368,10.56338028169014,16.901408450704224,72.53521126760563,54.22535211267606,18.30985915492958
E00149999,105,31,19,12,74,59,15,29.523809523809526,18.095238095238095,11.428571428571429,70.47619047619048,56.19047619047619,14.285714285714285
E00150000,150,42,18,24,108,86,22,28.000000000000004,12,16,72,57.333333333333336,14.666666666666666
E00150001,126,38,12,26,88,68,20,30.158730158730158,9.523809523809524,20.634920634920633,69.84126984126983,53.96825396825397,15.873015873015872
E00150002,97,25,10,15,72,62,10,25.773195876288657,10.309278350515463,15.463917525773196,74.22680412371135,63.91752577319587,10.309278350515463
E00150003,139,37,7,30,102,86,16,26.618705035971225,5.0359712230215825,21.58273381294964,73.38129496402878,61.87050359712231,11.510791366906476
E00150004,152,48,17,31,104,87,17,31.57894736842105,11.18421052631579,20.394736842105264,68.42105263157895,57.23684210526315,11.18421052631579
E00150005,251,67,25,42,184,144,40,26.693227091633464,9.9601593625498,16.733067729083665,73.30677290836654,57.37051792828686,15.936254980079681
E00150008,159,55,26,29,104,76,28,34.59119496855346,16.352201257861633,18.238993710691823,65.40880503144653,47.79874213836478,17.61006289308176
E00150009,223,69,25,44,154,108,46,30.94170403587444,11.210762331838566,19.730941704035875,69.05829596412556,48.4304932735426,20.62780269058296
E00150010,129,40,15,25,89,69,20,31.007751937984494,11.627906976744185,19.379844961240313,68.9922480620155,53.48837209302325,15.503875968992247
E00150011,94,25,5,20,69,57,12,26.595744680851062,5.319148936170213,21.27659574468085,73.40425531914893,60.63829787234043,12.76595744680851
E00150012,143,43,11,32,100,83,17,30.069930069930066,7.6923076923076925,22.377622377622377,69.93006993006993,58.04195804195804,11.888111888111888
E00150013,66,25,12,13,41,30,11,37.878787878787875,18.181818181818183,19.696969696969695,62.121212121212125,45.45454545454545,16.666666666666664
E00150014,129,39,20,19,90,67,23,30.23255813953488,15.503875968992247,14.728682170542637,69.76744186046511,51.93798449612403,17.829457364341085
E00150015,117,40,18,22,77,62,15,34.18803418803419,15.384615384615385,18.803418803418804,65.8119658119658,52.991452991452995,12.82051282051282
E00150016,209,55,23,32,154,129,25,26.31578947368421,11.004784688995215,15.311004784688995,73.68421052631578,61.72248803827751,11.961722488038278
E00150017,169,59,20,39,110,86,24,34.9112426035503,11.834319526627219,23.076923076923077,65.08875739644971,50.887573964497044,14.201183431952662
E00150018,102,29,12,17,73,61,12,28.431372549019606,11.76470588235294,16.666666666666664,71.56862745098039,59.80392156862745,11.76470588235294
E00150019,123,37,14,23,86,73,13,30.081300813008134,11.38211382113821,18.69918699186992,69.91869918699187,59.34959349593496,10.569105691056912
E00150020,150,43,14,29,107,87,20,28.666666666666668,9.333333333333334,19.333333333333332,71.33333333333334,57.99999999999999,13.333333333333334
E00150021,243,58,9,49,185,157,28,23.868312757201647,3.7037037037037033,20.16460905349794,76.13168724279835,64.60905349794238,11.522633744855968
E00150022,175,44,18,26,131,108,23,25.142857142857146,10.285714285714285,14.857142857142858,74.85714285714286,61.71428571428571,13.142857142857142
E00150023,119,26,9,17,93,83,10,21.84873949579832,7.563025210084033,14.285714285714285,78.15126050420169,69.74789915966386,8.403361344537815
E00150024,148,46,10,36,102,91,11,31.08108108108108,6.756756756756757,24.324324324324326,68.91891891891892,61.48648648648649,7.4324324324324325
E00150025,135,45,14,31,90,86,4,33.33333333333333,10.37037037037037,22.962962962962962,66.66666666666666,63.70370370370371,2.9629629629629632
E00150027,203,65,23,42,138,121,17,32.01970443349754,11.330049261083744,20.689655172413794,67.98029556650246,59.60591133004927,8.374384236453201
E00150028,77,7,3,4,70,66,4,9.090909090909092,3.896103896103896,5.194805194805195,90.9090909090909,85.71428571428571,5.194805194805195
E00150029,177,41,18,23,136,121,15,23.163841807909606,10.16949152542373,12.994350282485875,76.8361581920904,68.36158192090396,8.47457627118644
E00150030,82,31,15,16,51,50,1,37.80487804878049,18.29268292682927,19.51219512195122,62.19512195121951,60.97560975609756,1.2195121951219512
E00150031,205,65,28,37,140,124,16,31.70731707317073,13.658536585365855,18.048780487804876,68.29268292682927,60.48780487804878,7.804878048780488
E00150033,216,51,18,33,165,141,24,23.61111111111111,8.333333333333332,15.277777777777779,76.38888888888889,65.27777777777779,11.11111111111111
E00150034,174,39,9,30,135,127,8,22.413793103448278,5.172413793103448,17.24137931034483,77.58620689655173,72.98850574712644,4.597701149425287
E00150035,208,59,16,43,149,129,20,28.365384615384613,7.6923076923076925,20.673076923076923,71.63461538461539,62.019230769230774,9.615384615384617
E00150036,184,55,16,39,129,122,7,29.891304347826086,8.695652173913043,21.195652173913043,70.1086956521739,66.30434782608695,3.804347826086957
E00150037,268,65,20,45,203,185,18,24.253731343283583,7.462686567164178,16.791044776119403,75.74626865671642,69.02985074626866,6.7164179104477615
E00150038,171,45,17,28,126,118,8,26.31578947368421,9.941520467836257,16.374269005847953,73.68421052631578,69.00584795321637,4.678362573099415
E00150039,129,48,16,32,81,71,10,37.2093023255814,12.4031007751938,24.8062015503876,62.7906976744186,55.03875968992248,7.751937984496124
E00150040,197,55,18,37,142,128,14,27.918781725888326,9.137055837563452,18.781725888324875,72.08121827411168,64.9746192893401,7.1065989847715745
E00150041,175,47,14,33,128,112,16,26.857142857142858,8,18.857142857142858,73.14285714285714,64,9.142857142857142
E00150042,180,48,11,37,132,111,21,26.666666666666668,6.111111111111111,20.555555555555554,73.33333333333333,61.66666666666667,11.666666666666666
E00150043,160,43,12,31,117,92,25,26.875,7.5,19.375,73.125,57.49999999999999,15.625
E00150044,134,46,12,34,88,69,19,34.32835820895522,8.955223880597014,25.37313432835821,65.67164179104478,51.49253731343284,14.17910447761194
E00150045,106,29,10,19,77,72,5,27.358490566037734,9.433962264150944,17.92452830188679,72.64150943396226,67.9245283018868,4.716981132075472
E00150046,96,21,6,15,75,70,5,21.875,6.25,15.625,78.125,72.91666666666666,5.208333333333334
E00150047,83,25,8,17,58,54,4,30.120481927710845,9.63855421686747,20.481927710843372,69.87951807228916,65.06024096385542,4.819277108433735
E00150048,104,23,6,17,81,66,15,22.115384615384613,5.769230769230769,16.346153846153847,77.88461538461539,63.46153846153846,14.423076923076922
E00150049,171,46,12,34,125,115,10,26.900584795321635,7.017543859649122,19.883040935672515,73.09941520467837,67.2514619883041,5.847953216374268
E00150050,166,47,15,32,119,100,19,28.313253012048197,9.036144578313253,19.27710843373494,71.6867469879518,60.24096385542169,11.44578313253012
E00150051,112,24,6,18,88,80,8,21.428571428571427,5.357142857142857,16.071428571428573,78.57142857142857,71.42857142857143,7.142857142857142
E00150052,148,44,8,36,104,94,10,29.72972972972973,5.405405405405405,24.324324324324326,70.27027027027027,63.51351351351351,6.756756756756757
E00150053,143,31,4,27,112,96,16,21.678321678321677,2.797202797202797,18.88111888111888,78.32167832167832,67.13286713286713,11.188811188811188
E00150054,137,41,9,32,96,88,8,29.927007299270077,6.569343065693431,23.357664233576642,70.07299270072993,64.23357664233576,5.839416058394161
E00150055,135,22,7,15,113,94,19,16.296296296296298,5.185185185185185,11.11111111111111,83.7037037037037,69.62962962962963,14.074074074074074
E00150056,153,36,12,24,117,104,13,23.52941176470588,7.8431372549019605,15.686274509803921,76.47058823529412,67.97385620915033,8.49673202614379
E00150057,153,39,10,29,114,102,12,25.49019607843137,6.535947712418301,18.954248366013072,74.50980392156863,66.66666666666666,7.8431372549019605
E00150058,101,36,13,23,65,52,13,35.64356435643564,12.871287128712872,22.772277227722775,64.35643564356435,51.48514851485149,12.871287128712872
E00150059,165,40,15,25,125,102,23,24.242424242424242,9.090909090909092,15.151515151515152,75.75757575757575,61.81818181818181,13.939393939393941
E00150060,108,34,12,22,74,61,13,31.48148148148148,11.11111111111111,20.37037037037037,68.51851851851852,56.481481481481474,12.037037037037036
E00150061,138,38,17,21,100,90,10,27.536231884057973,12.318840579710146,15.217391304347828,72.46376811594203,65.21739130434783,7.246376811594203
E00150062,164,52,11,41,112,94,18,31.70731707317073,6.707317073170732,25,68.29268292682927,57.3170731707317,10.975609756097562
E00150063,136,38,13,25,98,82,16,27.941176470588236,9.558823529411764,18.38235294117647,72.05882352941177,60.29411764705882,11.76470588235294
E00150064,154,34,13,21,120,97,23,22.07792207792208,8.441558441558442,13.636363636363635,77.92207792207793,62.98701298701299,14.935064935064934
E00150065,114,32,8,24,82,73,9,28.07017543859649,7.017543859649122,21.052631578947366,71.9298245614035,64.03508771929825,7.894736842105263
E00150066,115,33,12,21,82,77,5,28.695652173913043,10.434782608695652,18.26086956521739,71.30434782608695,66.95652173913044,4.3478260869565215
E00150067,120,40,12,28,80,68,12,33.33333333333333,10,23.333333333333332,66.66666666666666,56.666666666666664,10
E00150068,133,47,12,35,86,74,12,35.338345864661655,9.022556390977442,26.31578947368421,64.66165413533834,55.639097744360896,9.022556390977442
E00150069,106,31,10,21,75,71,4,29.245283018867923,9.433962264150944,19.81132075471698,70.75471698113208,66.98113207547169,3.7735849056603774
E00150070,217,76,31,45,141,105,36,35.02304147465438,14.285714285714285,20.737327188940093,64.97695852534562,48.38709677419355,16.589861751152075
E00150071,148,38,13,25,110,96,14,25.675675675675674,8.783783783783784,16.89189189189189,74.32432432432432,64.86486486486487,9.45945945945946
E00150072,256,62,16,46,194,163,31,24.21875,6.25,17.96875,75.78125,63.671875,12.109375
E00150073,162,53,17,36,109,92,17,32.71604938271605,10.493827160493826,22.22222222222222,67.28395061728395,56.79012345679012,10.493827160493826
E00150074,156,48,13,35,108,89,19,30.76923076923077,8.333333333333332,22.435897435897438,69.23076923076923,57.05128205128205,12.179487179487179
E00150075,283,87,36,51,196,170,26,30.742049469964666,12.7208480565371,18.021201413427562,69.25795053003534,60.07067137809188,9.187279151943462
E00150076,114,39,16,23,75,61,14,34.21052631578947,14.035087719298245,20.175438596491226,65.78947368421053,53.50877192982456,12.280701754385964
E00150077,67,13,4,9,54,44,10,19.402985074626866,5.970149253731343,13.432835820895523,80.59701492537313,65.67164179104478,14.925373134328357
E00150078,146,41,12,29,105,84,21,28.08219178082192,8.21917808219178,19.863013698630137,71.91780821917808,57.534246575342465,14.383561643835616
E00150079,231,74,26,48,157,138,19,32.03463203463203,11.255411255411255,20.77922077922078,67.96536796536796,59.74025974025974,8.225108225108226
E00150080,92,29,8,21,63,55,8,31.521739130434785,8.695652173913043,22.82608695652174,68.47826086956522,59.78260869565217,8.695652173913043
E00150081,99,30,10,20,69,61,8,30.303030303030305,10.1010101010101,20.2020202020202,69.6969696969697,61.61616161616161,8.080808080808081
E00150082,89,27,8,19,62,50,12,30.337078651685395,8.98876404494382,21.34831460674157,69.66292134831461,56.17977528089888,13.48314606741573
E00150083,120,30,6,24,90,77,13,25,5,20,75,64.16666666666667,10.833333333333334
E00150084,94,32,7,25,62,49,13,34.04255319148936,7.446808510638298,26.595744680851062,65.95744680851064,52.12765957446809,13.829787234042554
E00150085,160,46,9,37,114,104,10,28.749999999999996,5.625,23.125,71.25,65,6.25
E00150086,84,12,0,12,72,59,13,14.285714285714285,0,14.285714285714285,85.71428571428571,70.23809523809523,15.476190476190476
E00150087,121,44,16,28,77,61,16,36.36363636363637,13.223140495867769,23.140495867768596,63.63636363636363,50.413223140495866,13.223140495867769
E00150089,103,34,11,23,69,62,7,33.00970873786408,10.679611650485436,22.330097087378643,66.99029126213593,60.19417475728155,6.796116504854369
E00150090,119,29,5,24,90,85,5,24.369747899159663,4.201680672268908,20.168067226890756,75.63025210084034,71.42857142857143,4.201680672268908
E00150091,132,46,19,27,86,74,12,34.84848484848485,14.393939393939394,20.454545454545457,65.15151515151516,56.060606060606055,9.090909090909092
E00150092,128,51,17,34,77,60,17,39.84375,13.28125,26.5625,60.15625,46.875,13.28125
E00150093,153,38,15,23,115,94,21,24.836601307189543,9.803921568627452,15.032679738562091,75.16339869281046,61.43790849673203,13.725490196078432
E00150094,153,45,22,23,108,86,22,29.411764705882355,14.37908496732026,15.032679738562091,70.58823529411765,56.209150326797385,14.37908496732026
E00150095,175,35,8,27,140,127,13,20,4.571428571428571,15.428571428571427,80,72.57142857142857,7.428571428571429
E00150096,206,61,19,42,145,122,23,29.61165048543689,9.223300970873787,20.388349514563107,70.3883495145631,59.22330097087378,11.165048543689322
E00150097,122,31,11,20,91,74,17,25.40983606557377,9.01639344262295,16.39344262295082,74.59016393442623,60.65573770491803,13.934426229508196
E00150098,132,50,27,23,82,69,13,37.878787878787875,20.454545454545457,17.424242424242426,62.121212121212125,52.27272727272727,9.848484848484848
E00150101,170,58,21,37,112,89,23,34.11764705882353,12.352941176470589,21.764705882352942,65.88235294117646,52.352941176470594,13.529411764705882
E00150102,167,50,15,35,117,95,22,29.94011976047904,8.982035928143713,20.958083832335326,70.05988023952095,56.886227544910184,13.17365269461078
E00150103,134,37,7,30,97,77,20,27.611940298507463,5.223880597014925,22.388059701492537,72.38805970149254,57.46268656716418,14.925373134328357
E00150104,173,58,18,40,115,96,19,33.52601156069364,10.404624277456648,23.121387283236995,66.47398843930635,55.49132947976878,10.982658959537572
E00150105,152,40,14,26,112,97,15,26.31578947368421,9.210526315789473,17.105263157894736,73.68421052631578,63.81578947368421,9.868421052631579
E00150106,257,78,29,49,179,149,30,30.35019455252918,11.284046692607005,19.06614785992218,69.64980544747081,57.97665369649806,11.673151750972762
E00150107,216,66,23,43,150,131,19,30.555555555555557,10.648148148148149,19.90740740740741,69.44444444444444,60.64814814814815,8.796296296296296
E00150108,87,26,4,22,61,50,11,29.88505747126437,4.597701149425287,25.287356321839084,70.11494252873564,57.47126436781609,12.643678160919542
E00150109,163,49,23,26,114,96,18,30.061349693251532,14.11042944785276,15.950920245398773,69.93865030674846,58.895705521472394,11.042944785276074
E00150110,220,70,25,45,150,121,29,31.818181818181817,11.363636363636363,20.454545454545457,68.18181818181817,55.00000000000001,13.18181818181818
E00150111,192,50,10,40,142,126,16,26.041666666666668,5.208333333333334,20.833333333333336,73.95833333333334,65.625,8.333333333333332
E00150112,108,45,7,38,63,59,4,41.66666666666667,6.481481481481481,35.18518518518518,58.333333333333336,54.629629629629626,3.7037037037037033
E00150113,262,81,26,55,181,134,47,30.916030534351147,9.923664122137405,20.99236641221374,69.08396946564885,51.14503816793893,17.938931297709924
E00150114,153,58,24,34,95,86,9,37.908496732026144,15.686274509803921,22.22222222222222,62.091503267973856,56.209150326797385,5.88235294117647
E00150117,130,37,12,25,93,82,11,28.46153846153846,9.230769230769232,19.230769230769234,71.53846153846153,63.07692307692307,8.461538461538462
E00150118,172,57,16,41,115,92,23,33.13953488372093,9.30232558139535,23.837209302325583,66.86046511627907,53.48837209302325,13.372093023255813
E00150119,205,66,27,39,139,114,25,32.19512195121951,13.170731707317074,19.024390243902438,67.8048780487805,55.60975609756098,12.195121951219512
E00150120,139,46,15,31,93,84,9,33.093525179856115,10.79136690647482,22.302158273381295,66.90647482014388,60.431654676258994,6.474820143884892
E00150121,120,26,11,15,94,77,17,21.666666666666668,9.166666666666666,12.5,78.33333333333333,64.16666666666667,14.166666666666666
E00150122,159,42,14,28,117,106,11,26.41509433962264,8.80503144654088,17.61006289308176,73.58490566037736,66.66666666666666,6.918238993710692
E00150123,129,47,22,25,82,75,7,36.434108527131784,17.05426356589147,19.379844961240313,63.565891472868216,58.139534883720934,5.426356589147287
E00150124,105,33,11,22,72,51,21,31.428571428571427,10.476190476190476,20.952380952380953,68.57142857142857,48.57142857142857,20
E00150125,179,47,21,26,132,107,25,26.256983240223462,11.731843575418994,14.52513966480447,73.74301675977654,59.77653631284916,13.966480446927374
E00150126,167,38,18,20,129,95,34,22.75449101796407,10.778443113772456,11.976047904191617,77.24550898203593,56.886227544910184,20.359281437125748
E00150127,101,33,11,22,68,58,10,32.67326732673268,10.891089108910892,21.782178217821784,67.32673267326733,57.42574257425742,9.900990099009901
E00150128,218,70,18,52,148,115,33,32.11009174311927,8.256880733944955,23.853211009174313,67.88990825688074,52.752293577981646,15.137614678899084
E00150130,96,29,8,21,67,49,18,30.208333333333332,8.333333333333332,21.875,69.79166666666666,51.041666666666664,18.75
E00150131,155,45,15,30,110,80,30,29.03225806451613,9.67741935483871,19.35483870967742,70.96774193548387,51.61290322580645,19.35483870967742
E00150132,109,33,11,22,76,64,12,30.275229357798167,10.091743119266056,20.18348623853211,69.72477064220183,58.71559633027523,11.009174311926607
E00150133,132,42,10,32,90,75,15,31.818181818181817,7.575757575757576,24.242424242424242,68.18181818181817,56.81818181818182,11.363636363636363
E00150134,150,34,10,24,116,94,22,22.666666666666664,6.666666666666667,16,77.33333333333333,62.66666666666667,14.666666666666666
E00150135,125,42,19,23,83,54,29,33.6,15.2,18.4,66.4,43.2,23.200000000000003
E00150136,137,40,13,27,97,77,20,29.1970802919708,9.48905109489051,19.708029197080293,70.8029197080292,56.20437956204379,14.5985401459854
E00150137,113,28,14,14,85,59,26,24.778761061946902,12.389380530973451,12.389380530973451,75.22123893805309,52.21238938053098,23.008849557522122
E00150138,62,14,6,8,48,33,15,22.58064516129032,9.67741935483871,12.903225806451612,77.41935483870968,53.2258064516129,24.193548387096776
E00150139,187,52,19,33,135,121,14,27.807486631016044,10.16042780748663,17.647058823529413,72.19251336898395,64.70588235294117,7.4866310160427805
E00150140,115,33,8,25,82,71,11,28.695652173913043,6.956521739130435,21.73913043478261,71.30434782608695,61.73913043478261,9.565217391304348
E00150141,177,67,21,46,110,87,23,37.85310734463277,11.864406779661017,25.98870056497175,62.14689265536724,49.152542372881356,12.994350282485875
E00150142,122,27,9,18,95,82,13,22.131147540983605,7.377049180327869,14.754098360655737,77.8688524590164,67.21311475409836,10.655737704918032
E00150143,100,37,12,25,63,56,7,37,12,25,63,56.00000000000001,7.000000000000001
E00150144,148,36,10,26,112,93,19,24.324324324324326,6.756756756756757,17.56756756756757,75.67567567567568,62.83783783783784,12.837837837837837
E00150145,88,22,5,17,66,58,8,25,5.681818181818182,19.318181818181817,75,65.9090909090909,9.090909090909092
E00150146,130,34,9,25,96,84,12,26.153846153846157,6.923076923076923,19.230769230769234,73.84615384615385,64.61538461538461,9.230769230769232
E00150147,178,51,12,39,127,111,16,28.651685393258425,6.741573033707865,21.910112359550563,71.34831460674157,62.35955056179775,8.98876404494382
E00150148,180,41,13,28,139,117,22,22.77777777777778,7.222222222222221,15.555555555555555,77.22222222222223,65,12.222222222222221
E00150149,216,50,14,36,166,144,22,23.14814814814815,6.481481481481481,16.666666666666664,76.85185185185185,66.66666666666666,10.185185185185185
E00150150,185,46,12,34,139,123,16,24.864864864864867,6.486486486486487,18.37837837837838,75.13513513513513,66.48648648648648,8.64864864864865
E00150151,177,51,9,42,126,108,18,28.8135593220339,5.084745762711865,23.728813559322035,71.1864406779661,61.016949152542374,10.16949152542373
E00150152,134,49,14,35,85,75,10,36.56716417910448,10.44776119402985,26.119402985074625,63.43283582089553,55.970149253731336,7.462686567164178
E00150153,160,31,14,17,129,112,17,19.375,8.75,10.625,80.625,70,10.625
E00150154,199,53,21,32,146,112,34,26.633165829145728,10.552763819095476,16.08040201005025,73.36683417085426,56.28140703517588,17.08542713567839
E00150155,153,45,13,32,108,89,19,29.411764705882355,8.49673202614379,20.915032679738562,70.58823529411765,58.16993464052288,12.418300653594772
E00150156,138,32,15,17,106,85,21,23.18840579710145,10.869565217391305,12.318840579710146,76.81159420289855,61.59420289855072,15.217391304347828
E00150157,115,25,8,17,90,81,9,21.73913043478261,6.956521739130435,14.782608695652174,78.26086956521739,70.43478260869566,7.82608695652174
E00150158,95,29,14,15,66,53,13,30.526315789473685,14.736842105263156,15.789473684210526,69.47368421052632,55.78947368421052,13.684210526315791
E00150159,90,27,9,18,63,53,10,30,10,20,70,58.88888888888889,11.11111111111111
E00150160,119,36,16,20,83,71,12,30.252100840336134,13.445378151260504,16.80672268907563,69.74789915966386,59.66386554621849,10.084033613445378
E00150161,128,44,14,30,84,67,17,34.375,10.9375,23.4375,65.625,52.34375,13.28125
E00150162,135,38,18,20,97,89,8,28.14814814814815,13.333333333333334,14.814814814814813,71.85185185185186,65.92592592592592,5.9259259259259265
E00150163,179,57,18,39,122,107,15,31.843575418994412,10.05586592178771,21.787709497206702,68.15642458100558,59.77653631284916,8.379888268156424
E00150164,135,44,15,29,91,72,19,32.592592592592595,11.11111111111111,21.48148148148148,67.4074074074074,53.333333333333336,14.074074074074074
E00150165,89,31,14,17,58,41,17,34.831460674157306,15.730337078651685,19.101123595505616,65.1685393258427,46.06741573033708,19.101123595505616
E00150166,259,74,22,52,185,119,66,28.57142857142857,8.494208494208493,20.077220077220076,71.42857142857143,45.94594594594595,25.482625482625483
E00150167,257,84,35,49,173,134,39,32.68482490272373,13.618677042801556,19.06614785992218,67.31517509727627,52.14007782101168,15.17509727626459
E00150168,156,43,12,31,113,83,30,27.564102564102566,7.6923076923076925,19.871794871794872,72.43589743589743,53.205128205128204,19.230769230769234
E00150169,119,39,15,24,80,67,13,32.773109243697476,12.605042016806722,20.168067226890756,67.22689075630252,56.30252100840336,10.92436974789916
E00150170,176,55,19,36,121,91,30,31.25,10.795454545454545,20.454545454545457,68.75,51.70454545454546,17.045454545454543
E00150171,119,27,13,14,92,76,16,22.689075630252102,10.92436974789916,11.76470588235294,77.31092436974791,63.86554621848739,13.445378151260504
E00150172,95,30,14,16,65,60,5,31.57894736842105,14.736842105263156,16.842105263157894,68.42105263157895,63.1578947368421,5.263157894736842
E00168346,70,11,0,11,59,49,10,15.714285714285714,0,15.714285714285714,84.28571428571429,70,14.285714285714285
E00168347,84,15,7,8,69,55,14,17.857142857142858,8.333333333333332,9.523809523809524,82.14285714285714,65.47619047619048,16.666666666666664
E00168348,191,52,15,37,139,123,16,27.225130890052355,7.853403141361256,19.3717277486911,72.77486910994764,64.3979057591623,8.37696335078534
E00168349,110,18,3,15,92,74,18,16.363636363636363,2.727272727272727,13.636363636363635,83.63636363636363,67.27272727272727,16.363636363636363
E00168350,211,49,10,39,162,139,23,23.22274881516588,4.739336492890995,18.48341232227488,76.77725118483413,65.87677725118483,10.90047393364929
E00168352,142,36,8,28,106,95,11,25.352112676056336,5.633802816901409,19.718309859154928,74.64788732394366,66.90140845070422,7.746478873239436
E00168353,113,27,7,20,86,80,6,23.893805309734514,6.1946902654867255,17.699115044247787,76.10619469026548,70.79646017699115,5.3097345132743365
E00168354,194,36,16,20,158,139,19,18.556701030927837,8.24742268041237,10.309278350515463,81.44329896907216,71.64948453608247,9.793814432989691
E00168355,127,13,4,9,114,94,20,10.236220472440944,3.149606299212598,7.086614173228346,89.76377952755905,74.01574803149606,15.748031496062993
E00168356,277,59,17,42,218,197,21,21.299638989169676,6.137184115523466,15.162454873646208,78.70036101083032,71.11913357400722,7.581227436823104
E00168357,90,14,4,10,76,65,11,15.555555555555555,4.444444444444445,11.11111111111111,84.44444444444444,72.22222222222221,12.222222222222221
E00168358,174,26,6,20,148,140,8,14.942528735632186,3.4482758620689653,11.494252873563218,85.0574712643678,80.45977011494253,4.597701149425287
E00168359,129,34,4,30,95,88,7,26.356589147286826,3.10077519379845,23.25581395348837,73.64341085271317,68.21705426356588,5.426356589147287
E00168360,157,21,8,13,136,120,16,13.375796178343949,5.095541401273886,8.280254777070063,86.62420382165605,76.43312101910828,10.191082802547772
E00168361,174,46,15,31,128,113,15,26.436781609195403,8.620689655172415,17.81609195402299,73.5632183908046,64.9425287356322,8.620689655172415
E00168362,161,18,7,11,143,134,9,11.180124223602485,4.3478260869565215,6.832298136645963,88.81987577639751,83.22981366459628,5.590062111801243
E00168363,110,36,9,27,74,54,20,32.72727272727273,8.181818181818182,24.545454545454547,67.27272727272727,49.09090909090909,18.181818181818183
E00168364,211,55,25,30,156,126,30,26.066350710900476,11.848341232227488,14.218009478672986,73.93364928909952,59.71563981042654,14.218009478672986
E00168365,257,121,45,76,136,94,42,47.081712062256805,17.509727626459142,29.571984435797667,52.918287937743195,36.57587548638132,16.342412451361866
E00168367,188,47,22,25,141,115,26,25,11.702127659574469,13.297872340425531,75,61.170212765957444,13.829787234042554
E00168368,100,34,15,19,66,48,18,34,15,19,66,48,18
E00180658,186,44,12,32,142,129,13,23.655913978494624,6.451612903225806,17.20430107526882,76.34408602150538,69.35483870967742,6.989247311827956
E00180660,88,13,2,11,75,64,11,14.772727272727273,2.272727272727273,12.5,85.22727272727273,72.72727272727273,12.5
E00180663,135,40,18,22,95,83,12,29.629629629629626,13.333333333333334,16.296296296296298,70.37037037037037,61.48148148148148,8.88888888888889
E00180666,355,55,15,40,300,251,49,15.492957746478872,4.225352112676056,11.267605633802818,84.50704225352112,70.70422535211267,13.802816901408452
E00180674,117,21,5,16,96,88,8,17.94871794871795,4.273504273504273,13.675213675213676,82.05128205128204,75.21367521367522,6.837606837606838
E00180675,328,55,18,37,273,224,49,16.76829268292683,5.487804878048781,11.28048780487805,83.23170731707317,68.29268292682927,14.939024390243901
E00180676,67,21,8,13,46,35,11,31.343283582089555,11.940298507462686,19.402985074626866,68.65671641791045,52.23880597014925,16.417910447761194
E00180677,255,52,20,32,203,169,34,20.392156862745097,7.8431372549019605,12.549019607843137,79.6078431372549,66.27450980392156,13.333333333333334
E00180678,183,41,10,31,142,116,26,22.404371584699454,5.46448087431694,16.939890710382514,77.59562841530054,63.387978142076506,14.207650273224044
E00180680,59,20,6,14,39,31,8,33.89830508474576,10.16949152542373,23.728813559322035,66.10169491525424,52.54237288135594,13.559322033898304
E00180684,194,57,25,32,137,115,22,29.381443298969074,12.886597938144329,16.49484536082474,70.61855670103093,59.27835051546392,11.34020618556701
E00180690,77,26,8,18,51,45,6,33.76623376623377,10.38961038961039,23.376623376623375,66.23376623376623,58.44155844155844,7.792207792207792
E00180692,193,57,21,36,136,111,25,29.533678756476682,10.880829015544041,18.65284974093264,70.46632124352331,57.51295336787565,12.953367875647666
E00180694,198,51,11,40,147,124,23,25.757575757575758,5.555555555555555,20.2020202020202,74.24242424242425,62.62626262626263,11.616161616161616
E00180699,108,11,3,8,97,81,16,10.185185185185185,2.7777777777777777,7.4074074074074066,89.81481481481481,75,14.814814814814813
E00180707,201,51,22,29,150,125,25,25.37313432835821,10.945273631840797,14.427860696517413,74.6268656716418,62.189054726368155,12.437810945273633
E00180713,187,36,8,28,151,133,18,19.25133689839572,4.27807486631016,14.973262032085561,80.74866310160428,71.12299465240642,9.62566844919786
E00180714,167,47,20,27,120,98,22,28.143712574850298,11.976047904191617,16.16766467065868,71.8562874251497,58.68263473053892,13.17365269461078
E00180718,110,32,11,21,78,69,9,29.09090909090909,10,19.090909090909093,70.9090909090909,62.727272727272734,8.181818181818182
E00180719,33,5,1,4,28,24,4,15.151515151515152,3.0303030303030303,12.121212121212121,84.84848484848484,72.72727272727273,12.121212121212121
E00180722,223,57,19,38,166,145,21,25.56053811659193,8.520179372197308,17.040358744394617,74.43946188340807,65.02242152466367,9.417040358744394
E00180723,175,40,18,22,135,117,18,22.857142857142858,10.285714285714285,12.571428571428573,77.14285714285715,66.85714285714286,10.285714285714285
E00180725,305,70,12,58,235,211,24,22.950819672131146,3.934426229508197,19.01639344262295,77.04918032786885,69.18032786885246,7.868852459016394
E00180726,112,16,4,12,96,81,15,14.285714285714285,3.571428571428571,10.714285714285714,85.71428571428571,72.32142857142857,13.392857142857142
E00180727,120,36,18,18,84,71,13,30,15,15,70,59.166666666666664,10.833333333333334
E00180731,139,44,22,22,95,83,12,31.654676258992804,15.827338129496402,15.827338129496402,68.34532374100719,59.71223021582733,8.633093525179856
E00180734,223,45,6,39,178,153,25,20.179372197309416,2.690582959641256,17.48878923766816,79.82062780269058,68.60986547085201,11.210762331838566
E00180736,214,66,24,42,148,120,28,30.8411214953271,11.214953271028037,19.626168224299064,69.1588785046729,56.074766355140184,13.084112149532709
E00180737,127,17,8,9,110,101,9,13.385826771653544,6.299212598425196,7.086614173228346,86.61417322834646,79.52755905511812,7.086614173228346
E00180743,209,63,21,42,146,121,25,30.14354066985646,10.047846889952153,20.095693779904305,69.85645933014354,57.89473684210527,11.961722488038278
E00180749,301,76,17,59,225,196,29,25.249169435215947,5.647840531561462,19.601328903654487,74.75083056478405,65.11627906976744,9.634551495016613
E00180752,301,69,25,44,232,205,27,22.92358803986711,8.305647840531561,14.61794019933555,77.0764119601329,68.10631229235881,8.970099667774086
E00180758,189,38,10,28,151,107,44,20.105820105820104,5.291005291005291,14.814814814814813,79.8941798941799,56.613756613756614,23.28042328042328
E00180759,163,29,11,18,134,110,24,17.791411042944784,6.748466257668712,11.042944785276074,82.20858895705521,67.48466257668711,14.723926380368098
E00180763,368,84,23,61,284,242,42,22.82608695652174,6.25,16.57608695652174,77.17391304347827,65.76086956521739,11.41304347826087
E00180766,13,4,3,1,9,6,3,30.76923076923077,23.076923076923077,7.6923076923076925,69.23076923076923,46.15384615384615,23.076923076923077
E00180769,80,22,8,14,58,51,7,27.500000000000004,10,17.5,72.5,63.74999999999999,8.75
E00180770,91,22,5,17,69,62,7,24.175824175824175,5.4945054945054945,18.681318681318682,75.82417582417582,68.13186813186813,7.6923076923076925
E00180771,72,9,5,4,63,56,7,12.5,6.944444444444445,5.555555555555555,87.5,77.77777777777779,9.722222222222223
E00180772,156,33,9,24,123,96,27,21.153846153846153,5.769230769230769,15.384615384615385,78.84615384615384,61.53846153846154,17.307692307692307
