OA,ts0380001,ts0380002,ts0380003,ts0380004,ts0380005,ts0380006,ts0380007,ts0380002_PCT,ts0380003_PCT,ts0380004_PCT,ts0380005_PCT,ts0380006_PCT,ts0380007_PCT
E00127314,309,56,22,34,253,25,228,18.12297734627832,7.119741100323624,11.003236245954692,81.87702265372168,8.090614886731391,73.7864077669903
E00127315,255,42,17,25,213,19,194,16.470588235294116,6.666666666666667,9.803921568627452,83.52941176470588,7.450980392156863,76.07843137254902
E00127316,280,82,38,44,198,26,172,29.28571428571429,13.571428571428571,15.714285714285714,70.71428571428572,9.285714285714286,61.42857142857143
E00127317,308,85,44,41,223,24,199,27.5974025974026,14.285714285714285,13.311688311688311,72.40259740259741,7.792207792207792,64.6103896103896
E00127318,229,68,29,39,161,21,140,29.694323144104807,12.663755458515283,17.03056768558952,70.3056768558952,9.170305676855897,61.135371179039296
E00127319,272,37,10,27,235,23,212,13.602941176470587,3.6764705882352944,9.926470588235293,86.39705882352942,8.455882352941178,77.94117647058823
E00127320,189,65,31,34,124,18,106,34.39153439153439,16.402116402116402,17.989417989417987,65.60846560846561,9.523809523809524,56.08465608465608
E00127321,218,59,28,31,159,17,142,27.06422018348624,12.844036697247708,14.220183486238533,72.93577981651376,7.79816513761468,65.13761467889908
E00127322,261,77,39,38,184,20,164,29.50191570881226,14.942528735632186,14.559386973180077,70.49808429118774,7.662835249042145,62.83524904214559
E00127323,281,55,26,29,226,18,208,19.572953736654807,9.252669039145907,10.320284697508896,80.42704626334519,6.405693950177936,74.02135231316726
E00127324,306,101,61,40,205,20,185,33.006535947712415,19.934640522875817,13.071895424836603,66.99346405228758,6.535947712418301,60.45751633986928
E00127325,253,45,22,23,208,26,182,17.786561264822133,8.695652173913043,9.090909090909092,82.21343873517787,10.276679841897234,71.93675889328063
E00127326,277,72,54,18,205,19,186,25.992779783393498,19.494584837545126,6.4981949458483745,74.0072202166065,6.859205776173286,67.14801444043322
E00127327,321,62,17,45,259,26,233,19.314641744548286,5.29595015576324,14.018691588785046,80.68535825545172,8.09968847352025,72.58566978193146
E00127328,315,72,29,43,243,22,221,22.857142857142858,9.206349206349207,13.65079365079365,77.14285714285715,6.984126984126984,70.15873015873015
E00127329,266,52,21,31,214,21,193,19.548872180451127,7.894736842105263,11.654135338345863,80.45112781954887,7.894736842105263,72.55639097744361
E00127330,250,43,20,23,207,21,186,17.2,8,9.2,82.8,8.4,74.4
E00127331,315,51,15,36,264,37,227,16.19047619047619,4.761904761904762,11.428571428571429,83.80952380952381,11.746031746031745,72.06349206349206
E00127332,338,68,22,46,270,30,240,20.118343195266274,6.508875739644971,13.609467455621301,79.88165680473372,8.875739644970414,71.00591715976331
E00127333,263,55,22,33,208,19,189,20.912547528517113,8.365019011406844,12.547528517110266,79.08745247148289,7.224334600760455,71.86311787072243
E00127334,270,61,26,35,209,21,188,22.59259259259259,9.62962962962963,12.962962962962962,77.4074074074074,7.777777777777778,69.62962962962963
E00127335,268,49,22,27,219,26,193,18.28358208955224,8.208955223880597,10.074626865671641,81.71641791044776,9.701492537313433,72.01492537313433
E00127336,233,57,25,32,176,23,153,24.463519313304722,10.72961373390558,13.733905579399142,75.53648068669528,9.871244635193133,65.66523605150213
E00127337,292,44,12,32,248,21,227,15.068493150684931,4.10958904109589,10.95890410958904,84.93150684931507,7.191780821917808,77.73972602739725
E00127338,253,44,10,34,209,27,182,17.391304347826086,3.9525691699604746,13.438735177865613,82.6086956521739,10.67193675889328,71.93675889328063
E00127339,282,48,18,30,234,12,222,17.02127659574468,6.382978723404255,10.638297872340425,82.97872340425532,4.25531914893617,78.72340425531915
E00127340,303,49,23,26,254,30,224,16.17161716171617,7.590759075907591,8.58085808580858,83.82838283828383,9.900990099009901,73.92739273927393
E00127341,347,40,11,29,307,24,283,11.527377521613833,3.170028818443804,8.357348703170029,88.47262247838617,6.9164265129683,81.55619596541787
E00127342,194,38,21,17,156,20,136,19.587628865979383,10.824742268041238,8.762886597938143,80.41237113402062,10.309278350515463,70.10309278350515
E00127343,203,40,13,27,163,15,148,19.704433497536947,6.403940886699508,13.30049261083744,80.29556650246306,7.389162561576355,72.9064039408867
E00127344,319,89,49,40,230,13,217,27.89968652037618,15.360501567398119,12.539184952978054,72.10031347962382,4.075235109717868,68.02507836990596
E00127345,381,77,25,52,304,26,278,20.209973753280842,6.561679790026247,13.648293963254593,79.79002624671917,6.824146981627297,72.96587926509186
E00127346,347,71,29,42,276,17,259,20.461095100864554,8.357348703170029,12.103746397694524,79.53890489913545,4.899135446685879,74.63976945244957
E00127347,297,77,33,44,220,21,199,25.925925925925924,11.11111111111111,14.814814814814813,74.07407407407408,7.07070707070707,67.003367003367
E00127348,319,93,43,50,226,18,208,29.153605015673982,13.479623824451412,15.673981191222571,70.84639498432603,5.6426332288401255,65.20376175548589
E00127349,273,66,34,32,207,12,195,24.175824175824175,12.454212454212454,11.72161172161172,75.82417582417582,4.395604395604396,71.42857142857143
E00127350,368,68,28,40,300,22,278,18.478260869565215,7.608695652173914,10.869565217391305,81.52173913043478,5.978260869565218,75.54347826086956
E00127351,296,73,35,38,223,16,207,24.66216216216216,11.824324324324325,12.837837837837837,75.33783783783784,5.405405405405405,69.93243243243244
E00127352,421,100,42,58,321,24,297,23.75296912114014,9.97624703087886,13.77672209026128,76.24703087885986,5.7007125890736345,70.54631828978623
E00127354,302,85,43,42,217,17,200,28.14569536423841,14.23841059602649,13.90728476821192,71.8543046357616,5.629139072847682,66.22516556291392
E00127355,549,96,33,63,453,34,419,17.48633879781421,6.0109289617486334,11.475409836065573,82.5136612021858,6.193078324225866,76.32058287795994
E00127357,381,64,22,42,317,27,290,16.79790026246719,5.774278215223097,11.023622047244094,83.2020997375328,7.086614173228346,76.11548556430446
E00127358,580,153,55,98,427,32,395,26.379310344827587,9.482758620689655,16.896551724137932,73.62068965517241,5.517241379310345,68.10344827586206
E00127359,265,51,22,29,214,22,192,19.245283018867926,8.30188679245283,10.943396226415095,80.75471698113208,8.30188679245283,72.45283018867924
E00127360,257,38,16,22,219,17,202,14.785992217898833,6.22568093385214,8.560311284046692,85.21400778210116,6.614785992217899,78.59922178988327
E00127361,225,62,31,31,163,19,144,27.555555555555557,13.777777777777779,13.777777777777779,72.44444444444444,8.444444444444445,64
E00127362,249,42,8,34,207,21,186,16.867469879518072,3.2128514056224895,13.654618473895583,83.13253012048193,8.433734939759036,74.69879518072288
E00127363,287,37,14,23,250,43,207,12.89198606271777,4.878048780487805,8.013937282229964,87.10801393728222,14.982578397212542,72.12543554006969
E00127364,307,66,18,48,241,34,207,21.49837133550489,5.863192182410423,15.63517915309446,78.50162866449512,11.074918566775244,67.42671009771986
E00127365,266,47,19,28,219,20,199,17.669172932330827,7.142857142857142,10.526315789473683,82.33082706766918,7.518796992481203,74.81203007518798
E00127366,380,113,69,44,267,33,234,29.736842105263158,18.157894736842106,11.578947368421053,70.26315789473684,8.68421052631579,61.578947368421055
E00127367,349,72,25,47,277,38,239,20.630372492836678,7.163323782234957,13.46704871060172,79.36962750716332,10.888252148997136,68.48137535816619
E00127368,254,44,19,25,210,26,184,17.322834645669293,7.480314960629922,9.84251968503937,82.67716535433071,10.236220472440944,72.44094488188976
E00127369,357,61,26,35,296,29,267,17.086834733893557,7.282913165266107,9.803921568627452,82.91316526610645,8.123249299719888,74.78991596638656
E00127370,293,43,16,27,250,29,221,14.675767918088736,5.460750853242321,9.215017064846416,85.32423208191126,9.897610921501707,75.42662116040955
E00127371,280,46,16,30,234,25,209,16.428571428571427,5.714285714285714,10.714285714285714,83.57142857142857,8.928571428571429,74.64285714285714
E00127372,367,91,50,41,276,32,244,24.795640326975477,13.623978201634879,11.1716621253406,75.20435967302453,8.71934604904632,66.4850136239782
E00127373,317,56,25,31,261,28,233,17.665615141955836,7.886435331230284,9.779179810725552,82.33438485804416,8.832807570977918,73.50157728706624
E00127374,191,57,27,30,134,9,125,29.84293193717277,14.136125654450263,15.706806282722512,70.15706806282722,4.712041884816754,65.44502617801047
E00127375,507,92,35,57,415,47,368,18.14595660749507,6.903353057199212,11.242603550295858,81.85404339250493,9.270216962524655,72.58382642998028
E00127376,310,57,30,27,253,23,230,18.387096774193548,9.67741935483871,8.709677419354838,81.61290322580645,7.419354838709677,74.19354838709677
E00127377,289,62,21,41,227,25,202,21.453287197231834,7.26643598615917,14.186851211072666,78.54671280276817,8.650519031141869,69.8961937716263
E00127378,318,53,27,26,265,22,243,16.666666666666664,8.49056603773585,8.176100628930817,83.33333333333334,6.918238993710692,76.41509433962264
E00127379,257,45,15,30,212,24,188,17.509727626459142,5.836575875486381,11.673151750972762,82.49027237354085,9.33852140077821,73.15175097276264
E00127380,337,61,27,34,276,36,240,18.100890207715135,8.011869436201781,10.089020771513352,81.89910979228486,10.682492581602373,71.2166172106825
E00127381,329,59,22,37,270,38,232,17.933130699088146,6.68693009118541,11.246200607902736,82.06686930091185,11.55015197568389,70.51671732522796
E00127382,411,131,67,64,280,41,239,31.873479318734795,16.30170316301703,15.571776155717762,68.1265206812652,9.975669099756692,58.15085158150851
E00127383,260,54,23,31,206,17,189,20.76923076923077,8.846153846153847,11.923076923076923,79.23076923076923,6.538461538461539,72.6923076923077
E00127384,306,58,23,35,248,23,225,18.954248366013072,7.516339869281046,11.437908496732026,81.04575163398692,7.516339869281046,73.52941176470588
E00127385,309,53,14,39,256,29,227,17.15210355987055,4.53074433656958,12.62135922330097,82.84789644012946,9.385113268608414,73.46278317152104
E00127386,287,58,13,45,229,24,205,20.209059233449477,4.529616724738676,15.6794425087108,79.79094076655052,8.362369337979095,71.42857142857143
E00127387,325,44,15,29,281,27,254,13.538461538461538,4.615384615384616,8.923076923076923,86.46153846153845,8.307692307692308,78.15384615384615
E00127389,308,77,28,49,231,25,206,25,9.090909090909092,15.909090909090908,75,8.116883116883116,66.88311688311688
E00127390,201,37,15,22,164,15,149,18.407960199004975,7.462686567164178,10.945273631840797,81.59203980099502,7.462686567164178,74.12935323383084
E00127391,329,54,16,38,275,24,251,16.41337386018237,4.86322188449848,11.55015197568389,83.58662613981764,7.29483282674772,76.29179331306992
E00127392,274,49,13,36,225,25,200,17.88321167883212,4.744525547445255,13.138686131386862,82.11678832116789,9.124087591240876,72.99270072992701
E00127393,256,67,27,40,189,16,173,26.171875,10.546875,15.625,73.828125,6.25,67.578125
E00127394,320,84,38,46,236,20,216,26.25,11.875,14.374999999999998,73.75,6.25,67.5
E00127396,256,53,25,28,203,27,176,20.703125,9.765625,10.9375,79.296875,10.546875,68.75
E00127397,229,68,24,44,161,18,143,29.694323144104807,10.480349344978166,19.213973799126638,70.3056768558952,7.860262008733625,62.44541484716157
E00127398,308,53,21,32,255,17,238,17.20779220779221,6.8181818181818175,10.38961038961039,82.79220779220779,5.51948051948052,77.27272727272727
E00127399,218,37,13,24,181,16,165,16.972477064220186,5.963302752293578,11.009174311926607,83.02752293577981,7.339449541284404,75.68807339449542
E00127400,313,59,19,40,254,36,218,18.849840255591054,6.070287539936102,12.779552715654951,81.15015974440894,11.501597444089457,69.6485623003195
E00127402,269,52,18,34,217,35,182,19.33085501858736,6.691449814126393,12.639405204460965,80.66914498141264,13.011152416356877,67.65799256505576
E00127403,167,43,20,23,124,11,113,25.748502994011975,11.976047904191617,13.77245508982036,74.25149700598801,6.58682634730539,67.66467065868264
E00127406,367,68,25,43,299,21,278,18.52861035422343,6.811989100817439,11.716621253405995,81.47138964577657,5.722070844686648,75.74931880108991
E00127407,336,75,23,52,261,22,239,22.321428571428573,6.845238095238096,15.476190476190476,77.67857142857143,6.547619047619048,71.13095238095238
E00127408,546,90,19,71,456,64,392,16.483516483516482,3.47985347985348,13.003663003663005,83.51648351648352,11.72161172161172,71.7948717948718
E00127409,339,49,9,40,290,37,253,14.454277286135694,2.6548672566371683,11.799410029498524,85.54572271386431,10.914454277286136,74.63126843657817
E00127410,273,46,11,35,227,23,204,16.84981684981685,4.029304029304029,12.82051282051282,83.15018315018315,8.424908424908425,74.72527472527473
E00127411,335,51,21,30,284,24,260,15.223880597014924,6.26865671641791,8.955223880597014,84.77611940298507,7.164179104477612,77.61194029850746
E00127412,359,53,22,31,306,21,285,14.763231197771587,6.128133704735376,8.635097493036211,85.23676880222841,5.8495821727019495,79.38718662952647
E00127413,502,72,26,46,430,35,395,14.342629482071715,5.179282868525896,9.163346613545817,85.65737051792829,6.97211155378486,78.68525896414343
E00127415,349,55,19,36,294,34,260,15.759312320916905,5.444126074498568,10.315186246418339,84.2406876790831,9.742120343839542,74.49856733524355
E00127416,358,55,13,42,303,27,276,15.363128491620111,3.6312849162011176,11.731843575418994,84.63687150837988,7.5418994413407825,77.09497206703911
E00127417,293,37,15,22,256,22,234,12.627986348122866,5.1194539249146755,7.508532423208192,87.37201365187714,7.508532423208192,79.86348122866895
E00127419,247,44,16,28,203,9,194,17.813765182186234,6.477732793522267,11.336032388663968,82.18623481781377,3.643724696356275,78.54251012145748
E00127420,362,78,40,38,284,31,253,21.54696132596685,11.049723756906078,10.497237569060774,78.45303867403315,8.56353591160221,69.88950276243095
E00127421,277,59,24,35,218,18,200,21.299638989169676,8.664259927797833,12.63537906137184,78.70036101083032,6.4981949458483745,72.20216606498195
E00127422,307,27,11,16,280,23,257,8.794788273615636,3.5830618892508146,5.211726384364821,91.20521172638436,7.491856677524431,83.71335504885994
E00127423,320,43,6,37,277,27,250,13.4375,1.875,11.5625,86.5625,8.4375,78.125
E00127424,283,51,19,32,232,21,211,18.021201413427562,6.713780918727916,11.307420494699647,81.97879858657244,7.420494699646643,74.55830388692578
E00127425,290,32,8,24,258,32,226,11.03448275862069,2.7586206896551726,8.275862068965518,88.96551724137932,11.03448275862069,77.93103448275862
E00127426,305,58,19,39,247,32,215,19.01639344262295,6.229508196721312,12.786885245901638,80.98360655737706,10.491803278688524,70.49180327868852
E00127427,297,46,12,34,251,24,227,15.488215488215488,4.040404040404041,11.447811447811448,84.51178451178451,8.080808080808081,76.43097643097643
E00127428,287,65,32,33,222,26,196,22.64808362369338,11.149825783972126,11.498257839721255,77.35191637630662,9.059233449477352,68.29268292682927
E00127429,300,53,21,32,247,27,220,17.666666666666668,7.000000000000001,10.666666666666668,82.33333333333334,9,73.33333333333333
E00127431,233,33,8,25,200,20,180,14.163090128755366,3.4334763948497855,10.72961373390558,85.83690987124464,8.583690987124463,77.25321888412017
E00127433,258,59,22,37,199,20,179,22.868217054263564,8.527131782945736,14.34108527131783,77.13178294573643,7.751937984496124,69.37984496124031
E00127434,307,68,43,25,239,11,228,22.149837133550488,14.006514657980457,8.143322475570033,77.85016286644951,3.5830618892508146,74.2671009771987
E00127435,327,58,22,36,269,14,255,17.737003058103976,6.727828746177369,11.009174311926607,82.26299694189603,4.281345565749235,77.98165137614679
E00127436,266,84,47,37,182,21,161,31.57894736842105,17.669172932330827,13.909774436090224,68.42105263157895,7.894736842105263,60.526315789473685
E00127437,294,74,36,38,220,21,199,25.170068027210885,12.244897959183673,12.925170068027212,74.82993197278913,7.142857142857142,67.68707482993197
E00127438,168,68,28,40,100,15,85,40.476190476190474,16.666666666666664,23.809523809523807,59.523809523809526,8.928571428571429,50.595238095238095
E00127439,265,61,27,34,204,14,190,23.0188679245283,10.18867924528302,12.830188679245284,76.9811320754717,5.283018867924529,71.69811320754717
E00127440,178,52,19,33,126,7,119,29.213483146067414,10.674157303370785,18.53932584269663,70.78651685393258,3.932584269662921,66.85393258426966
E00127441,232,63,27,36,169,10,159,27.155172413793103,11.637931034482758,15.517241379310345,72.84482758620689,4.310344827586207,68.53448275862068
E00127442,243,78,43,35,165,11,154,32.098765432098766,17.695473251028808,14.40329218106996,67.90123456790124,4.526748971193416,63.37448559670782
E00127443,311,67,23,44,244,19,225,21.54340836012862,7.395498392282958,14.14790996784566,78.45659163987139,6.109324758842444,72.34726688102894
E00127444,297,65,33,32,232,19,213,21.885521885521886,11.11111111111111,10.774410774410773,78.11447811447812,6.397306397306397,71.71717171717171
E00127445,320,78,39,39,242,26,216,24.375,12.1875,12.1875,75.625,8.125,67.5
E00127446,290,43,19,24,247,12,235,14.827586206896552,6.551724137931035,8.275862068965518,85.17241379310346,4.137931034482759,81.03448275862068
E00127447,280,99,43,56,181,13,168,35.35714285714286,15.357142857142858,20,64.64285714285715,4.642857142857143,60
E00127448,298,49,21,28,249,24,225,16.44295302013423,7.046979865771812,9.395973154362416,83.55704697986577,8.053691275167784,75.50335570469798
E00127449,328,70,32,38,258,30,228,21.341463414634145,9.75609756097561,11.585365853658537,78.65853658536585,9.146341463414634,69.51219512195121
E00127450,277,71,29,42,206,28,178,25.63176895306859,10.469314079422382,15.162454873646208,74.36823104693141,10.108303249097473,64.25992779783394
E00127451,211,63,33,30,148,16,132,29.85781990521327,15.639810426540285,14.218009478672986,70.14218009478674,7.5829383886255926,62.55924170616114
E00127452,308,43,22,21,265,19,246,13.96103896103896,7.142857142857142,6.8181818181818175,86.03896103896103,6.1688311688311686,79.87012987012987
E00127453,278,56,25,31,222,23,199,20.14388489208633,8.992805755395683,11.151079136690647,79.85611510791367,8.273381294964029,71.58273381294964
E00127454,207,54,31,23,153,13,140,26.08695652173913,14.975845410628018,11.11111111111111,73.91304347826086,6.280193236714976,67.6328502415459
E00127455,273,80,33,47,193,15,178,29.304029304029307,12.087912087912088,17.216117216117215,70.6959706959707,5.4945054945054945,65.2014652014652
E00127456,254,71,32,39,183,13,170,27.95275590551181,12.598425196850393,15.354330708661418,72.04724409448819,5.118110236220472,66.92913385826772
E00127457,218,45,22,23,173,13,160,20.642201834862387,10.091743119266056,10.550458715596331,79.35779816513761,5.963302752293578,73.39449541284404
E00127458,225,46,23,23,179,23,156,20.444444444444446,10.222222222222223,10.222222222222223,79.55555555555556,10.222222222222223,69.33333333333334
E00127459,315,98,52,46,217,23,194,31.11111111111111,16.507936507936506,14.603174603174605,68.88888888888889,7.301587301587302,61.58730158730159
E00127460,313,76,40,36,237,21,216,24.281150159744406,12.779552715654951,11.501597444089457,75.71884984025559,6.7092651757188495,69.00958466453673
E00127461,213,65,31,34,148,18,130,30.51643192488263,14.553990610328638,15.96244131455399,69.48356807511738,8.450704225352112,61.03286384976526
E00127462,258,93,59,34,165,20,145,36.04651162790697,22.868217054263564,13.178294573643413,63.95348837209303,7.751937984496124,56.201550387596896
E00127463,245,66,45,21,179,14,165,26.93877551020408,18.367346938775512,8.571428571428571,73.06122448979592,5.714285714285714,67.3469387755102
E00127464,257,45,17,28,212,21,191,17.509727626459142,6.614785992217899,10.894941634241246,82.49027237354085,8.171206225680933,74.31906614785993
E00127465,247,47,28,19,200,12,188,19.02834008097166,11.336032388663968,7.6923076923076925,80.97165991902834,4.8582995951417,76.11336032388664
E00127466,267,65,32,33,202,23,179,24.344569288389515,11.985018726591761,12.359550561797752,75.65543071161048,8.614232209737828,67.04119850187266
E00127467,233,56,23,33,177,27,150,24.034334763948497,9.871244635193133,14.163090128755366,75.9656652360515,11.587982832618025,64.37768240343348
E00127468,277,63,32,31,214,19,195,22.743682310469314,11.552346570397113,11.191335740072201,77.25631768953069,6.859205776173286,70.3971119133574
E00127469,349,60,22,38,289,24,265,17.191977077363894,6.303724928366762,10.888252148997136,82.8080229226361,6.876790830945559,75.93123209169055
E00127470,268,69,39,30,199,18,181,25.74626865671642,14.55223880597015,11.194029850746269,74.25373134328358,6.7164179104477615,67.53731343283582
E00127471,289,42,14,28,247,17,230,14.53287197231834,4.844290657439446,9.688581314878892,85.46712802768167,5.88235294117647,79.58477508650519
E00127472,338,78,40,38,260,17,243,23.076923076923077,11.834319526627219,11.242603550295858,76.92307692307693,5.029585798816568,71.89349112426035
E00127473,269,83,35,48,186,17,169,30.855018587360593,13.011152416356877,17.843866171003718,69.14498141263941,6.319702602230483,62.825278810408925
E00127474,142,43,19,24,99,12,87,30.28169014084507,13.380281690140844,16.901408450704224,69.71830985915493,8.450704225352112,61.267605633802816
E00127475,292,77,38,39,215,24,191,26.36986301369863,13.013698630136986,13.356164383561644,73.63013698630137,8.21917808219178,65.41095890410958
E00127476,264,64,32,32,200,21,179,24.242424242424242,12.121212121212121,12.121212121212121,75.75757575757575,7.954545454545454,67.8030303030303
E00127477,268,47,19,28,221,20,201,17.537313432835823,7.08955223880597,10.44776119402985,82.46268656716418,7.462686567164178,75
E00127478,269,56,21,35,213,18,195,20.817843866171003,7.806691449814126,13.011152416356877,79.182156133829,6.691449814126393,72.4907063197026
E00127479,220,54,27,27,166,14,152,24.545454545454547,12.272727272727273,12.272727272727273,75.45454545454545,6.363636363636363,69.0909090909091
E00127480,299,71,30,41,228,21,207,23.745819397993312,10.033444816053512,13.712374581939798,76.2541806020067,7.023411371237458,69.23076923076923
E00127481,287,73,28,45,214,25,189,25.435540069686414,9.75609756097561,15.6794425087108,74.56445993031359,8.710801393728223,65.85365853658537
E00127482,319,62,21,41,257,14,243,19.435736677115987,6.583072100313479,12.852664576802509,80.56426332288402,4.38871473354232,76.17554858934169
E00127483,383,82,40,42,301,33,268,21.409921671018274,10.443864229765012,10.966057441253264,78.59007832898173,8.616187989556137,69.9738903394256
E00127484,273,51,15,36,222,20,202,18.681318681318682,5.4945054945054945,13.186813186813188,81.31868131868131,7.326007326007327,73.992673992674
E00127485,257,49,22,27,208,18,190,19.06614785992218,8.560311284046692,10.505836575875486,80.93385214007782,7.003891050583658,73.92996108949417
E00127486,270,50,24,26,220,22,198,18.51851851851852,8.88888888888889,9.62962962962963,81.48148148148148,8.148148148148149,73.33333333333333
E00127487,306,56,24,32,250,15,235,18.30065359477124,7.8431372549019605,10.457516339869281,81.69934640522875,4.901960784313726,76.79738562091504
E00127488,271,116,79,37,155,18,137,42.80442804428044,29.15129151291513,13.653136531365314,57.19557195571956,6.642066420664207,50.55350553505535
E00127489,206,60,35,25,146,12,134,29.126213592233007,16.990291262135923,12.135922330097088,70.87378640776699,5.825242718446602,65.0485436893204
E00127490,248,65,39,26,183,20,163,26.209677419354836,15.725806451612904,10.483870967741936,73.79032258064517,8.064516129032258,65.7258064516129
E00127491,255,73,39,34,182,13,169,28.627450980392155,15.294117647058824,13.333333333333334,71.37254901960785,5.098039215686274,66.27450980392156
E00127492,229,58,27,31,171,11,160,25.327510917030565,11.790393013100436,13.537117903930133,74.67248908296943,4.8034934497816595,69.86899563318777
E00127493,255,66,27,39,189,16,173,25.882352941176475,10.588235294117647,15.294117647058824,74.11764705882354,6.2745098039215685,67.84313725490196
E00127494,304,65,33,32,239,22,217,21.38157894736842,10.855263157894738,10.526315789473683,78.61842105263158,7.236842105263158,71.38157894736842
E00127495,359,104,44,60,255,11,244,28.969359331476323,12.256267409470752,16.71309192200557,71.03064066852369,3.064066852367688,67.96657381615599
E00127496,251,58,28,30,193,22,171,23.107569721115535,11.155378486055776,11.952191235059761,76.89243027888446,8.764940239043826,68.12749003984064
E00127497,273,66,26,40,207,20,187,24.175824175824175,9.523809523809524,14.652014652014653,75.82417582417582,7.326007326007327,68.4981684981685
E00127499,336,76,34,42,260,23,237,22.61904761904762,10.119047619047619,12.5,77.38095238095238,6.845238095238096,70.53571428571429
E00127500,357,81,37,44,276,28,248,22.689075630252102,10.364145658263306,12.324929971988796,77.31092436974791,7.8431372549019605,69.46778711484593
E00127501,286,70,28,42,216,20,196,24.475524475524477,9.79020979020979,14.685314685314685,75.52447552447552,6.993006993006993,68.53146853146853
E00127502,272,61,27,34,211,26,185,22.426470588235293,9.926470588235293,12.5,77.57352941176471,9.558823529411764,68.01470588235294
E00127503,236,44,17,27,192,22,170,18.64406779661017,7.203389830508475,11.440677966101696,81.35593220338984,9.322033898305085,72.03389830508475
E00127504,279,40,12,28,239,26,213,14.336917562724013,4.301075268817205,10.03584229390681,85.66308243727599,9.31899641577061,76.34408602150538
E00127505,308,57,23,34,251,36,215,18.506493506493506,7.467532467532467,11.03896103896104,81.4935064935065,11.688311688311687,69.8051948051948
E00127506,319,60,17,43,259,33,226,18.808777429467085,5.329153605015674,13.479623824451412,81.19122257053291,10.344827586206897,70.84639498432603
E00127507,305,57,19,38,248,35,213,18.688524590163937,6.229508196721312,12.459016393442624,81.31147540983606,11.475409836065573,69.83606557377048
E00127508,272,52,21,31,220,13,207,19.11764705882353,7.720588235294118,11.397058823529411,80.88235294117648,4.779411764705882,76.10294117647058
E00127509,253,39,12,27,214,25,189,15.41501976284585,4.743083003952568,10.67193675889328,84.58498023715416,9.881422924901186,74.70355731225297
E00127512,327,52,15,37,275,30,245,15.902140672782874,4.587155963302752,11.314984709480122,84.09785932721712,9.174311926605505,74.92354740061162
E00127513,283,61,26,35,222,23,199,21.554770318021202,9.187279151943462,12.36749116607774,78.4452296819788,8.12720848056537,70.31802120141343
E00127514,282,46,20,26,236,30,206,16.312056737588655,7.092198581560284,9.219858156028367,83.68794326241135,10.638297872340425,73.04964539007092
E00127515,230,61,29,32,169,18,151,26.521739130434785,12.608695652173912,13.91304347826087,73.47826086956522,7.82608695652174,65.65217391304347
E00127516,292,56,13,43,236,22,214,19.17808219178082,4.4520547945205475,14.726027397260275,80.82191780821918,7.534246575342466,73.28767123287672
E00127517,593,58,21,37,535,55,480,9.780775716694773,3.541315345699832,6.239460370994941,90.21922428330524,9.27487352445194,80.94435075885329
E00127518,421,71,15,56,350,41,309,16.864608076009503,3.5629453681710213,13.30166270783848,83.1353919239905,9.73871733966746,73.39667458432304
E00127519,223,39,12,27,184,18,166,17.48878923766816,5.381165919282512,12.10762331838565,82.51121076233184,8.071748878923767,74.43946188340807
E00127520,280,42,15,27,238,22,216,15,5.357142857142857,9.642857142857144,85,7.857142857142857,77.14285714285715
E00127521,254,46,17,29,208,21,187,18.11023622047244,6.692913385826772,11.41732283464567,81.88976377952756,8.267716535433072,73.62204724409449
E00127522,281,51,18,33,230,16,214,18.14946619217082,6.405693950177936,11.743772241992882,81.85053380782918,5.6939501779359425,76.15658362989323
E00127524,312,61,10,51,251,33,218,19.55128205128205,3.205128205128205,16.346153846153847,80.44871794871796,10.576923076923077,69.87179487179486
E00127525,357,53,10,43,304,38,266,14.84593837535014,2.801120448179272,12.044817927170868,85.15406162464986,10.644257703081232,74.50980392156863
E00127527,307,42,11,31,265,19,246,13.680781758957655,3.5830618892508146,10.097719869706841,86.31921824104235,6.188925081433225,80.13029315960912
E00127528,265,45,21,24,220,15,205,16.9811320754717,7.9245283018867925,9.056603773584905,83.01886792452831,5.660377358490567,77.35849056603774
E00127529,276,46,18,28,230,26,204,16.666666666666664,6.521739130434782,10.144927536231885,83.33333333333334,9.420289855072465,73.91304347826086
E00127530,247,45,19,26,202,14,188,18.218623481781375,7.6923076923076925,10.526315789473683,81.78137651821862,5.668016194331984,76.11336032388664
E00127531,235,41,12,29,194,21,173,17.4468085106383,5.106382978723404,12.340425531914894,82.5531914893617,8.936170212765958,73.61702127659574
E00127532,330,54,20,34,276,31,245,16.363636363636363,6.0606060606060606,10.303030303030303,83.63636363636363,9.393939393939393,74.24242424242425
E00127533,302,49,19,30,253,25,228,16.225165562913908,6.291390728476822,9.933774834437086,83.77483443708608,8.27814569536424,75.49668874172185
E00127534,290,52,17,35,238,28,210,17.93103448275862,5.862068965517241,12.068965517241379,82.06896551724138,9.655172413793103,72.41379310344827
E00127535,285,59,18,41,226,27,199,20.701754385964914,6.315789473684211,14.385964912280702,79.2982456140351,9.473684210526317,69.82456140350877
E00127536,270,50,16,34,220,20,200,18.51851851851852,5.9259259259259265,12.592592592592592,81.48148148148148,7.4074074074074066,74.07407407407408
E00127537,366,40,9,31,326,27,299,10.92896174863388,2.459016393442623,8.469945355191257,89.07103825136612,7.377049180327869,81.69398907103826
E00127538,181,27,11,16,154,18,136,14.917127071823206,6.077348066298343,8.83977900552486,85.0828729281768,9.94475138121547,75.13812154696133
E00127539,347,74,34,40,273,36,237,21.32564841498559,9.798270893371757,11.527377521613833,78.6743515850144,10.37463976945245,68.29971181556196
E00127540,388,57,23,34,331,46,285,14.690721649484537,5.927835051546391,8.762886597938143,85.30927835051546,11.855670103092782,73.4536082474227
E00127541,231,42,17,25,189,25,164,18.181818181818183,7.35930735930736,10.822510822510822,81.81818181818183,10.822510822510822,70.995670995671
E00127542,303,55,18,37,248,29,219,18.151815181518153,5.9405940594059405,12.211221122112212,81.84818481848185,9.570957095709572,72.27722772277228
E00127543,306,54,21,33,252,30,222,17.647058823529413,6.862745098039216,10.784313725490197,82.35294117647058,9.803921568627452,72.54901960784314
E00127544,158,30,9,21,128,17,111,18.9873417721519,5.69620253164557,13.291139240506327,81.0126582278481,10.759493670886076,70.25316455696202
E00127545,352,57,32,25,295,21,274,16.193181818181817,9.090909090909092,7.1022727272727275,83.80681818181817,5.965909090909091,77.8409090909091
E00127546,301,74,40,34,227,35,192,24.58471760797342,13.2890365448505,11.295681063122924,75.41528239202658,11.627906976744185,63.78737541528239
E00127547,323,55,27,28,268,35,233,17.027863777089784,8.359133126934983,8.6687306501548,82.97213622291022,10.8359133126935,72.13622291021672
E00127548,282,70,24,46,212,20,192,24.822695035460992,8.51063829787234,16.312056737588655,75.177304964539,7.092198581560284,68.08510638297872
E00127549,265,36,13,23,229,32,197,13.584905660377359,4.905660377358491,8.679245283018867,86.41509433962264,12.075471698113208,74.33962264150942
E00127550,341,59,22,37,282,24,258,17.302052785923756,6.451612903225806,10.850439882697946,82.69794721407625,7.038123167155426,75.65982404692082
E00127551,304,43,15,28,261,30,231,14.144736842105262,4.934210526315789,9.210526315789473,85.85526315789474,9.868421052631579,75.98684210526315
E00127552,401,66,18,48,335,36,299,16.458852867830423,4.488778054862843,11.970074812967582,83.54114713216958,8.977556109725686,74.56359102244389
E00127553,282,51,23,28,231,33,198,18.085106382978726,8.156028368794328,9.929078014184398,81.91489361702128,11.702127659574469,70.2127659574468
E00127554,200,38,10,28,162,8,154,19,5,14.000000000000002,81,4,77
E00127555,297,51,14,37,246,19,227,17.17171717171717,4.713804713804714,12.457912457912458,82.82828282828282,6.397306397306397,76.43097643097643
E00127556,286,54,23,31,232,16,216,18.88111888111888,8.041958041958042,10.839160839160838,81.11888111888112,5.594405594405594,75.52447552447552
E00127557,419,65,18,47,354,40,314,15.513126491646778,4.295942720763723,11.217183770883054,84.48687350835323,9.54653937947494,74.94033412887828
E00127558,194,29,13,16,165,23,142,14.948453608247423,6.701030927835052,8.24742268041237,85.05154639175258,11.855670103092782,73.19587628865979
E00127559,283,45,15,30,238,28,210,15.901060070671377,5.30035335689046,10.60070671378092,84.09893992932862,9.89399293286219,74.20494699646643
E00127560,311,136,80,56,175,20,155,43.729903536977496,25.723472668810288,18.006430868167204,56.27009646302251,6.430868167202572,49.839228295819936
E00127561,356,87,38,49,269,26,243,24.43820224719101,10.674157303370785,13.764044943820226,75.56179775280899,7.303370786516854,68.25842696629213
E00127564,474,108,50,58,366,49,317,22.78481012658228,10.548523206751055,12.236286919831224,77.21518987341773,10.337552742616033,66.87763713080169
E00127565,264,63,26,37,201,19,182,23.863636363636363,9.848484848484848,14.015151515151514,76.13636363636364,7.196969696969697,68.93939393939394
E00127566,213,47,24,23,166,14,152,22.065727699530516,11.267605633802818,10.7981220657277,77.93427230046949,6.572769953051644,71.36150234741784
E00127567,292,66,30,36,226,19,207,22.602739726027394,10.273972602739725,12.32876712328767,77.3972602739726,6.506849315068493,70.8904109589041
E00127568,245,47,13,34,198,27,171,19.183673469387756,5.3061224489795915,13.877551020408163,80.81632653061224,11.020408163265307,69.79591836734694
E00127569,285,46,14,32,239,18,221,16.140350877192983,4.912280701754386,11.228070175438596,83.85964912280703,6.315789473684211,77.54385964912281
E00127570,216,64,35,29,152,19,133,29.629629629629626,16.203703703703702,13.425925925925927,70.37037037037037,8.796296296296296,61.57407407407407
E00127571,245,60,35,25,185,11,174,24.489795918367346,14.285714285714285,10.204081632653061,75.51020408163265,4.489795918367347,71.0204081632653
E00127572,280,58,27,31,222,27,195,20.714285714285715,9.642857142857144,11.071428571428571,79.28571428571428,9.642857142857144,69.64285714285714
E00127573,366,110,51,59,256,14,242,30.05464480874317,13.934426229508196,16.120218579234972,69.94535519125684,3.825136612021858,66.12021857923497
E00127574,298,32,11,21,266,22,244,10.738255033557047,3.691275167785235,7.046979865771812,89.26174496644296,7.38255033557047,81.87919463087249
E00127575,270,69,33,36,201,23,178,25.555555555555554,12.222222222222221,13.333333333333334,74.44444444444444,8.518518518518519,65.92592592592592
E00127576,313,77,29,48,236,26,210,24.600638977635782,9.26517571884984,15.335463258785943,75.39936102236422,8.30670926517572,67.0926517571885
E00127577,201,66,32,34,135,16,119,32.83582089552239,15.92039800995025,16.91542288557214,67.16417910447761,7.960199004975125,59.20398009950249
E00127578,200,52,23,29,148,17,131,26,11.5,14.499999999999998,74,8.5,65.5
E00127579,318,78,49,29,240,28,212,24.528301886792452,15.40880503144654,9.119496855345911,75.47169811320755,8.80503144654088,66.66666666666666
E00127580,194,68,31,37,126,6,120,35.051546391752574,15.979381443298967,19.072164948453608,64.94845360824742,3.0927835051546393,61.855670103092784
E00127581,293,67,26,41,226,15,211,22.866894197952217,8.873720136518772,13.993174061433447,77.13310580204778,5.1194539249146755,72.01365187713311
E00127582,290,76,30,46,214,19,195,26.20689655172414,10.344827586206897,15.862068965517242,73.79310344827587,6.551724137931035,67.24137931034483
E00127583,187,55,27,28,132,13,119,29.411764705882355,14.43850267379679,14.973262032085561,70.58823529411765,6.951871657754011,63.63636363636363
E00127584,266,58,32,26,208,19,189,21.804511278195488,12.030075187969924,9.774436090225564,78.19548872180451,7.142857142857142,71.05263157894737
E00127585,268,60,21,39,208,24,184,22.388059701492537,7.835820895522389,14.55223880597015,77.61194029850746,8.955223880597014,68.65671641791045
E00127586,294,67,25,42,227,23,204,22.789115646258505,8.503401360544217,14.285714285714285,77.21088435374149,7.8231292517006805,69.38775510204081
E00127587,225,59,36,23,166,16,150,26.222222222222225,16,10.222222222222223,73.77777777777777,7.111111111111111,66.66666666666666
E00127588,242,54,18,36,188,15,173,22.31404958677686,7.43801652892562,14.87603305785124,77.68595041322314,6.198347107438017,71.48760330578511
E00127589,372,184,109,75,188,23,165,49.46236559139785,29.301075268817208,20.161290322580644,50.53763440860215,6.182795698924731,44.354838709677416
E00127590,224,58,27,31,166,17,149,25.892857142857146,12.053571428571429,13.839285714285715,74.10714285714286,7.5892857142857135,66.51785714285714
E00127591,154,85,49,36,69,7,62,55.1948051948052,31.818181818181817,23.376623376623375,44.8051948051948,4.545454545454546,40.25974025974026
E00127592,272,62,21,41,210,22,188,22.794117647058822,7.720588235294118,15.073529411764705,77.20588235294117,8.088235294117647,69.11764705882352
E00127593,304,68,32,36,236,21,215,22.36842105263158,10.526315789473683,11.842105263157894,77.63157894736842,6.907894736842106,70.72368421052632
E00127594,256,80,56,24,176,18,158,31.25,21.875,9.375,68.75,7.03125,61.71875
E00127595,221,60,29,31,161,20,141,27.149321266968325,13.122171945701359,14.027149321266968,72.85067873303167,9.049773755656108,63.80090497737556
E00127596,269,66,23,43,203,23,180,24.53531598513011,8.550185873605948,15.985130111524162,75.46468401486989,8.550185873605948,66.91449814126395
E00127597,315,61,27,34,254,30,224,19.365079365079367,8.571428571428571,10.793650793650794,80.63492063492063,9.523809523809524,71.11111111111111
E00127598,328,69,15,54,259,29,230,21.036585365853657,4.573170731707317,16.463414634146343,78.96341463414635,8.841463414634147,70.1219512195122
E00127599,284,57,24,33,227,26,201,20.070422535211268,8.450704225352112,11.619718309859154,79.92957746478874,9.15492957746479,70.77464788732394
E00127600,271,56,19,37,215,13,202,20.66420664206642,7.011070110701106,13.653136531365314,79.33579335793358,4.797047970479705,74.53874538745387
E00127601,265,69,33,36,196,27,169,26.037735849056602,12.452830188679245,13.584905660377359,73.9622641509434,10.18867924528302,63.77358490566037
E00127602,309,41,14,27,268,27,241,13.268608414239482,4.53074433656958,8.737864077669903,86.73139158576052,8.737864077669903,77.99352750809061
E00127603,262,32,9,23,230,26,204,12.213740458015266,3.435114503816794,8.778625954198473,87.78625954198473,9.923664122137405,77.86259541984732
E00127604,289,37,12,25,252,19,233,12.802768166089965,4.1522491349480966,8.650519031141869,87.19723183391004,6.5743944636678195,80.62283737024222
E00127605,281,29,7,22,252,20,232,10.320284697508896,2.491103202846975,7.829181494661921,89.6797153024911,7.11743772241993,82.56227758007117
E00127606,300,60,26,34,240,26,214,20,8.666666666666668,11.333333333333332,80,8.666666666666668,71.33333333333334
E00127607,290,49,17,32,241,23,218,16.896551724137932,5.862068965517241,11.03448275862069,83.10344827586206,7.931034482758621,75.17241379310344
E00127608,224,64,28,36,160,15,145,28.57142857142857,12.5,16.071428571428573,71.42857142857143,6.696428571428571,64.73214285714286
E00127609,235,74,35,39,161,14,147,31.48936170212766,14.893617021276595,16.595744680851062,68.51063829787233,5.957446808510639,62.5531914893617
E00127610,309,55,24,31,254,18,236,17.79935275080906,7.766990291262135,10.032362459546926,82.20064724919094,5.825242718446602,76.37540453074433
E00127611,291,44,15,29,247,23,224,15.120274914089347,5.154639175257731,9.965635738831615,84.87972508591065,7.903780068728522,76.97594501718214
E00127612,299,40,9,31,259,44,215,13.377926421404682,3.0100334448160537,10.367892976588628,86.62207357859532,14.715719063545151,71.90635451505017
E00127613,383,94,37,57,289,23,266,24.54308093994778,9.660574412532636,14.882506527415144,75.45691906005221,6.005221932114883,69.45169712793734
E00127614,233,34,9,25,199,15,184,14.592274678111588,3.862660944206009,10.72961373390558,85.40772532188842,6.437768240343347,78.96995708154506
E00127615,194,35,12,23,159,18,141,18.04123711340206,6.185567010309279,11.855670103092782,81.95876288659794,9.278350515463918,72.68041237113401
E00127616,549,65,21,44,484,56,428,11.839708561020036,3.825136612021858,8.014571948998178,88.16029143897997,10.200364298724955,77.95992714025502
E00127618,165,29,7,22,136,20,116,17.575757575757574,4.242424242424243,13.333333333333334,82.42424242424242,12.121212121212121,70.3030303030303
E00127619,274,40,18,22,234,17,217,14.5985401459854,6.569343065693431,8.02919708029197,85.40145985401459,6.204379562043796,79.1970802919708
E00127620,267,35,7,28,232,16,216,13.108614232209737,2.6217228464419478,10.486891385767791,86.89138576779027,5.992509363295881,80.89887640449437
E00127621,291,64,19,45,227,32,195,21.993127147766323,6.529209621993128,15.463917525773196,78.00687285223368,10.996563573883162,67.0103092783505
E00127622,180,43,13,30,137,11,126,23.88888888888889,7.222222222222221,16.666666666666664,76.11111111111111,6.111111111111111,70
E00127623,302,63,28,35,239,30,209,20.86092715231788,9.271523178807946,11.589403973509933,79.13907284768213,9.933774834437086,69.20529801324503
E00127624,300,40,12,28,260,25,235,13.333333333333334,4,9.333333333333334,86.66666666666667,8.333333333333332,78.33333333333333
E00127625,386,75,24,51,311,45,266,19.4300518134715,6.217616580310881,13.21243523316062,80.56994818652849,11.658031088082902,68.9119170984456
E00127626,297,53,16,37,244,17,227,17.845117845117844,5.387205387205387,12.457912457912458,82.15488215488216,5.723905723905724,76.43097643097643
E00127627,255,42,8,34,213,31,182,16.470588235294116,3.1372549019607843,13.333333333333334,83.52941176470588,12.156862745098039,71.37254901960785
E00127628,281,39,13,26,242,22,220,13.87900355871886,4.6263345195729535,9.252669039145907,86.12099644128114,7.829181494661921,78.29181494661923
E00127629,327,44,10,34,283,21,262,13.455657492354739,3.058103975535168,10.397553516819572,86.54434250764525,6.422018348623854,80.1223241590214
E00127630,275,83,45,38,192,22,170,30.181818181818183,16.363636363636363,13.818181818181818,69.81818181818183,8,61.81818181818181
E00127631,300,44,15,29,256,28,228,14.666666666666666,5,9.666666666666666,85.33333333333334,9.333333333333334,76
E00127632,208,44,26,18,164,19,145,21.153846153846153,12.5,8.653846153846153,78.84615384615384,9.134615384615383,69.71153846153845
E00127633,294,49,13,36,245,24,221,16.666666666666664,4.421768707482993,12.244897959183673,83.33333333333334,8.16326530612245,75.17006802721087
E00127634,290,51,10,41,239,44,195,17.586206896551722,3.4482758620689653,14.13793103448276,82.41379310344827,15.172413793103448,67.24137931034483
E00127635,201,32,10,22,169,26,143,15.92039800995025,4.975124378109453,10.945273631840797,84.07960199004975,12.935323383084576,71.14427860696517
E00127636,279,57,15,42,222,30,192,20.43010752688172,5.376344086021505,15.053763440860216,79.56989247311827,10.75268817204301,68.81720430107528
E00127637,240,50,10,40,190,22,168,20.833333333333336,4.166666666666666,16.666666666666664,79.16666666666666,9.166666666666666,70
E00127638,303,78,27,51,225,22,203,25.742574257425744,8.91089108910891,16.831683168316832,74.25742574257426,7.2607260726072615,66.996699669967
E00127639,249,53,19,34,196,16,180,21.285140562248998,7.630522088353414,13.654618473895583,78.714859437751,6.425702811244979,72.28915662650603
E00127640,198,32,7,25,166,20,146,16.161616161616163,3.535353535353535,12.626262626262626,83.83838383838383,10.1010101010101,73.73737373737373
E00127641,339,57,15,42,282,36,246,16.8141592920354,4.424778761061947,12.389380530973451,83.1858407079646,10.619469026548673,72.56637168141593
E00127642,327,83,36,47,244,24,220,25.382262996941897,11.009174311926607,14.37308868501529,74.61773700305811,7.339449541284404,67.2782874617737
E00127643,285,42,16,26,243,28,215,14.736842105263156,5.614035087719298,9.12280701754386,85.26315789473684,9.824561403508772,75.43859649122807
E00127644,299,61,29,32,238,14,224,20.401337792642142,9.698996655518394,10.702341137123746,79.59866220735786,4.682274247491638,74.91638795986621
E00127645,283,47,19,28,236,20,216,16.607773851590103,6.713780918727916,9.89399293286219,83.3922261484099,7.06713780918728,76.32508833922262
E00127646,326,80,27,53,246,25,221,24.539877300613497,8.282208588957054,16.257668711656443,75.4601226993865,7.668711656441718,67.79141104294479
E00127647,309,41,13,28,268,29,239,13.268608414239482,4.207119741100324,9.06148867313916,86.73139158576052,9.385113268608414,77.34627831715211
E00127648,366,48,13,35,318,25,293,13.114754098360656,3.551912568306011,9.562841530054644,86.88524590163934,6.830601092896176,80.05464480874316
E00127649,295,59,19,40,236,24,212,20,6.440677966101695,13.559322033898304,80,8.135593220338983,71.86440677966101
E00127650,318,92,38,54,226,28,198,28.930817610062892,11.949685534591195,16.9811320754717,71.0691823899371,8.80503144654088,62.264150943396224
E00127651,272,51,18,33,221,31,190,18.75,6.61764705882353,12.132352941176471,81.25,11.397058823529411,69.85294117647058
E00127652,146,66,34,32,80,10,70,45.20547945205479,23.28767123287671,21.91780821917808,54.794520547945204,6.8493150684931505,47.94520547945205
E00127653,318,70,29,41,248,21,227,22.0125786163522,9.119496855345911,12.89308176100629,77.9874213836478,6.60377358490566,71.38364779874213
E00127654,421,86,34,52,335,20,315,20.42755344418052,8.076009501187649,12.351543942992874,79.57244655581948,4.750593824228028,74.82185273159145
E00127655,381,55,20,35,326,22,304,14.435695538057743,5.2493438320209975,9.186351706036746,85.56430446194226,5.774278215223097,79.79002624671917
E00127656,222,74,40,34,148,9,139,33.33333333333333,18.01801801801802,15.315315315315313,66.66666666666666,4.054054054054054,62.612612612612615
E00127657,222,46,14,32,176,20,156,20.72072072072072,6.306306306306306,14.414414414414415,79.27927927927928,9.00900900900901,70.27027027027027
E00127658,303,47,25,22,256,27,229,15.51155115511551,8.25082508250825,7.2607260726072615,84.48844884488449,8.91089108910891,75.57755775577559
E00127659,285,62,23,39,223,25,198,21.75438596491228,8.070175438596491,13.684210526315791,78.24561403508771,8.771929824561402,69.47368421052632
E00127660,340,79,38,41,261,29,232,23.235294117647058,11.176470588235295,12.058823529411764,76.76470588235294,8.529411764705882,68.23529411764706
E00127661,289,62,30,32,227,18,209,21.453287197231834,10.380622837370241,11.072664359861593,78.54671280276817,6.228373702422145,72.31833910034602
E00127662,335,90,46,44,245,17,228,26.865671641791046,13.73134328358209,13.134328358208954,73.13432835820896,5.074626865671641,68.05970149253731
E00127663,317,62,24,38,255,34,221,19.558359621451103,7.570977917981073,11.987381703470032,80.4416403785489,10.725552050473187,69.71608832807571
E00127664,277,61,24,37,216,18,198,22.021660649819495,8.664259927797833,13.357400722021662,77.9783393501805,6.4981949458483745,71.48014440433214
E00127665,352,90,40,50,262,15,247,25.568181818181817,11.363636363636363,14.204545454545455,74.43181818181817,4.261363636363636,70.17045454545455
E00127666,311,45,15,30,266,22,244,14.469453376205788,4.823151125401929,9.646302250803858,85.53054662379421,7.07395498392283,78.45659163987139
E00127667,318,52,18,34,266,25,241,16.352201257861633,5.660377358490567,10.69182389937107,83.64779874213836,7.861635220125786,75.78616352201259
E00127668,316,57,25,32,259,34,225,18.037974683544302,7.9113924050632916,10.126582278481013,81.9620253164557,10.759493670886076,71.20253164556962
E00127669,341,45,18,27,296,32,264,13.196480938416421,5.278592375366569,7.9178885630498534,86.80351906158357,9.3841642228739,77.41935483870968
E00127670,337,81,38,43,256,17,239,24.03560830860534,11.275964391691394,12.759643916913946,75.96439169139467,5.044510385756676,70.91988130563797
E00127671,313,63,21,42,250,28,222,20.12779552715655,6.7092651757188495,13.418530351437699,79.87220447284345,8.945686900958465,70.92651757188499
E00127672,248,69,36,33,179,25,154,27.82258064516129,14.516129032258066,13.306451612903224,72.17741935483872,10.080645161290322,62.096774193548384
E00127673,325,61,31,30,264,27,237,18.76923076923077,9.538461538461538,9.230769230769232,81.23076923076923,8.307692307692308,72.92307692307692
E00127674,324,58,26,32,266,27,239,17.901234567901234,8.024691358024691,9.876543209876543,82.09876543209876,8.333333333333332,73.76543209876543
E00127675,175,88,55,33,87,6,81,50.28571428571429,31.428571428571427,18.857142857142858,49.714285714285715,3.428571428571429,46.285714285714285
E00127676,418,108,48,60,310,20,290,25.837320574162682,11.483253588516746,14.354066985645932,74.16267942583733,4.784688995215311,69.377990430622
E00127677,349,29,12,17,320,28,292,8.30945558739255,3.4383954154727796,4.871060171919771,91.69054441260745,8.022922636103152,83.66762177650429
E00127678,281,86,53,33,195,16,179,30.604982206405694,18.86120996441281,11.743772241992882,69.3950177935943,5.6939501779359425,63.70106761565836
E00127679,250,57,28,29,193,31,162,22.8,11.200000000000001,11.600000000000001,77.2,12.4,64.8
E00127680,392,85,42,43,307,16,291,21.683673469387756,10.714285714285714,10.96938775510204,78.31632653061224,4.081632653061225,74.23469387755102
E00127681,268,72,37,35,196,13,183,26.865671641791046,13.805970149253731,13.059701492537313,73.13432835820896,4.850746268656716,68.28358208955224
E00127682,305,64,26,38,241,24,217,20.983606557377048,8.524590163934425,12.459016393442624,79.01639344262294,7.868852459016394,71.14754098360656
E00127683,226,98,58,40,128,7,121,43.36283185840708,25.663716814159294,17.699115044247787,56.63716814159292,3.0973451327433628,53.53982300884957
E00127684,258,88,46,42,170,14,156,34.10852713178294,17.829457364341085,16.27906976744186,65.89147286821705,5.426356589147287,60.46511627906976
E00127685,260,64,36,28,196,18,178,24.615384615384617,13.846153846153847,10.76923076923077,75.38461538461539,6.923076923076923,68.46153846153847
E00127686,159,54,23,31,105,9,96,33.9622641509434,14.465408805031446,19.49685534591195,66.0377358490566,5.660377358490567,60.37735849056604
E00127687,256,45,19,26,211,29,182,17.578125,7.421875,10.15625,82.421875,11.328125,71.09375
E00127688,282,47,16,31,235,20,215,16.666666666666664,5.673758865248227,10.99290780141844,83.33333333333334,7.092198581560284,76.24113475177306
E00127689,245,44,6,38,201,19,182,17.959183673469386,2.4489795918367347,15.510204081632653,82.0408163265306,7.755102040816326,74.28571428571429
E00127690,383,50,20,30,333,27,306,13.054830287206268,5.221932114882506,7.83289817232376,86.94516971279373,7.049608355091384,79.89556135770235
E00127691,303,42,10,32,261,36,225,13.861386138613863,3.3003300330033,10.561056105610561,86.13861386138613,11.881188118811881,74.25742574257426
E00127692,275,43,12,31,232,20,212,15.636363636363637,4.363636363636364,11.272727272727273,84.36363636363636,7.2727272727272725,77.0909090909091
E00127693,290,44,11,33,246,23,223,15.172413793103448,3.793103448275862,11.379310344827587,84.82758620689656,7.931034482758621,76.89655172413794
E00127694,262,41,14,27,221,25,196,15.648854961832063,5.343511450381679,10.305343511450381,84.35114503816794,9.541984732824428,74.80916030534351
E00127695,272,75,20,55,197,21,176,27.573529411764707,7.352941176470589,20.22058823529412,72.42647058823529,7.720588235294118,64.70588235294117
E00127696,309,42,17,25,267,27,240,13.592233009708737,5.501618122977346,8.090614886731391,86.40776699029125,8.737864077669903,77.66990291262135
E00127697,273,45,15,30,228,41,187,16.483516483516482,5.4945054945054945,10.989010989010989,83.51648351648352,15.018315018315018,68.4981684981685
E00127698,236,44,16,28,192,20,172,18.64406779661017,6.779661016949152,11.864406779661017,81.35593220338984,8.47457627118644,72.88135593220339
E00127699,268,57,19,38,211,22,189,21.26865671641791,7.08955223880597,14.17910447761194,78.73134328358209,8.208955223880597,70.52238805970148
E00127700,311,80,55,25,231,27,204,25.723472668810288,17.684887459807076,8.038585209003216,74.27652733118971,8.681672025723474,65.59485530546624
E00127701,248,48,15,33,200,15,185,19.35483870967742,6.048387096774194,13.306451612903224,80.64516129032258,6.048387096774194,74.59677419354838
E00127702,237,54,25,29,183,20,163,22.78481012658228,10.548523206751055,12.236286919831224,77.21518987341773,8.438818565400844,68.77637130801688
E00127703,242,61,29,32,181,17,164,25.206611570247933,11.983471074380166,13.223140495867769,74.79338842975206,7.024793388429752,67.76859504132231
E00127704,258,66,30,36,192,16,176,25.581395348837212,11.627906976744185,13.953488372093023,74.4186046511628,6.2015503875969,68.21705426356588
E00127705,201,51,23,28,150,18,132,25.37313432835821,11.442786069651742,13.930348258706468,74.6268656716418,8.955223880597014,65.67164179104478
E00127706,213,46,24,22,167,15,152,21.5962441314554,11.267605633802818,10.328638497652582,78.40375586854461,7.042253521126761,71.36150234741784
E00127707,210,68,34,34,142,14,128,32.38095238095238,16.19047619047619,16.19047619047619,67.61904761904762,6.666666666666667,60.952380952380956
E00127708,270,36,8,28,234,24,210,13.333333333333334,2.9629629629629632,10.37037037037037,86.66666666666667,8.88888888888889,77.77777777777779
E00127709,214,42,22,20,172,16,156,19.626168224299064,10.2803738317757,9.345794392523365,80.37383177570094,7.476635514018691,72.89719626168224
E00127710,206,46,19,27,160,14,146,22.330097087378643,9.223300970873787,13.106796116504855,77.66990291262135,6.796116504854369,70.87378640776699
E00127711,225,50,25,25,175,27,148,22.22222222222222,11.11111111111111,11.11111111111111,77.77777777777779,12,65.77777777777779
E00127712,249,48,16,32,201,21,180,19.27710843373494,6.425702811244979,12.851405622489958,80.72289156626506,8.433734939759036,72.28915662650603
E00127713,196,68,39,29,128,10,118,34.69387755102041,19.897959183673468,14.795918367346939,65.3061224489796,5.1020408163265305,60.204081632653065
E00127714,258,55,19,36,203,27,176,21.31782945736434,7.3643410852713185,13.953488372093023,78.68217054263566,10.465116279069768,68.21705426356588
E00127715,311,51,19,32,260,31,229,16.39871382636656,6.109324758842444,10.289389067524116,83.60128617363344,9.967845659163988,73.63344051446946
E00127716,285,48,18,30,237,26,211,16.842105263157894,6.315789473684211,10.526315789473683,83.15789473684211,9.12280701754386,74.03508771929825
E00127717,285,42,15,27,243,31,212,14.736842105263156,5.263157894736842,9.473684210526317,85.26315789473684,10.87719298245614,74.3859649122807
E00127718,240,62,26,36,178,22,156,25.833333333333336,10.833333333333334,15,74.16666666666667,9.166666666666666,65
E00127719,232,55,23,32,177,22,155,23.70689655172414,9.913793103448276,13.793103448275861,76.29310344827587,9.482758620689655,66.8103448275862
E00127720,290,49,20,29,241,22,219,16.896551724137932,6.896551724137931,10,83.10344827586206,7.586206896551724,75.51724137931033
E00127721,308,62,24,38,246,26,220,20.12987012987013,7.792207792207792,12.337662337662337,79.87012987012987,8.441558441558442,71.42857142857143
E00127722,371,59,32,27,312,30,282,15.902964959568733,8.62533692722372,7.277628032345014,84.09703504043127,8.086253369272237,76.01078167115904
E00127723,541,48,15,33,493,33,460,8.872458410351202,2.7726432532347505,6.099815157116451,91.1275415896488,6.099815157116451,85.02772643253235
E00127724,211,71,30,41,140,20,120,33.649289099526065,14.218009478672986,19.431279620853083,66.35071090047393,9.47867298578199,56.872037914691944
E00127725,491,68,23,45,423,41,382,13.849287169042771,4.684317718940937,9.164969450101832,86.15071283095723,8.350305498981669,77.80040733197556
E00127726,131,22,8,14,109,8,101,16.793893129770993,6.106870229007633,10.687022900763358,83.20610687022901,6.106870229007633,77.09923664122137
E00127727,222,46,18,28,176,22,154,20.72072072072072,8.108108108108109,12.612612612612612,79.27927927927928,9.90990990990991,69.36936936936937
E00127728,161,34,12,22,127,12,115,21.11801242236025,7.453416149068323,13.664596273291925,78.88198757763976,7.453416149068323,71.42857142857143
E00127729,221,46,26,20,175,14,161,20.81447963800905,11.76470588235294,9.049773755656108,79.18552036199095,6.334841628959276,72.85067873303167
E00127730,213,46,20,26,167,26,141,21.5962441314554,9.389671361502346,12.206572769953052,78.40375586854461,12.206572769953052,66.19718309859155
E00127731,284,59,17,42,225,23,202,20.774647887323944,5.985915492957746,14.788732394366196,79.22535211267606,8.098591549295776,71.12676056338029
E00127732,234,38,15,23,196,16,180,16.23931623931624,6.41025641025641,9.82905982905983,83.76068376068376,6.837606837606838,76.92307692307693
E00127733,305,34,11,23,271,29,242,11.147540983606557,3.606557377049181,7.540983606557377,88.85245901639345,9.508196721311474,79.34426229508198
E00127734,217,23,6,17,194,26,168,10.599078341013826,2.7649769585253456,7.834101382488479,89.40092165898618,11.981566820276496,77.41935483870968
E00127735,120,19,10,9,101,21,80,15.833333333333332,8.333333333333332,7.5,84.16666666666667,17.5,66.66666666666666
E00127736,346,54,22,32,292,29,263,15.606936416184972,6.358381502890173,9.248554913294797,84.39306358381504,8.38150289017341,76.01156069364163
E00127737,291,68,27,41,223,20,203,23.367697594501717,9.278350515463918,14.0893470790378,76.6323024054983,6.872852233676976,69.7594501718213
E00127738,233,68,23,45,165,14,151,29.184549356223176,9.871244635193133,19.313304721030043,70.81545064377683,6.008583690987124,64.8068669527897
E00127739,343,71,33,38,272,28,244,20.699708454810494,9.620991253644315,11.078717201166182,79.30029154518951,8.16326530612245,71.13702623906705
E00127740,273,54,15,39,219,25,194,19.78021978021978,5.4945054945054945,14.285714285714285,80.21978021978022,9.157509157509157,71.06227106227107
E00127741,246,44,15,29,202,29,173,17.88617886178862,6.097560975609756,11.788617886178862,82.11382113821138,11.788617886178862,70.32520325203252
E00127742,306,63,22,41,243,27,216,20.588235294117645,7.18954248366013,13.398692810457517,79.41176470588235,8.823529411764707,70.58823529411765
E00127743,362,64,29,35,298,29,269,17.67955801104972,8.011049723756907,9.668508287292818,82.32044198895028,8.011049723756907,74.30939226519338
E00127744,274,43,15,28,231,31,200,15.693430656934307,5.474452554744526,10.218978102189782,84.30656934306569,11.313868613138686,72.99270072992701
E00127745,230,63,31,32,167,14,153,27.391304347826086,13.478260869565217,13.91304347826087,72.60869565217392,6.086956521739131,66.52173913043478
E00127746,227,72,36,36,155,26,129,31.718061674008812,15.859030837004406,15.859030837004406,68.28193832599119,11.45374449339207,56.82819383259912
E00127747,279,61,27,34,218,20,198,21.863799283154123,9.67741935483871,12.186379928315413,78.13620071684588,7.168458781362006,70.96774193548387
E00127748,278,87,48,39,191,8,183,31.294964028776977,17.26618705035971,14.028776978417264,68.70503597122301,2.877697841726619,65.82733812949641
E00127749,220,57,29,28,163,14,149,25.90909090909091,13.18181818181818,12.727272727272727,74.0909090909091,6.363636363636363,67.72727272727272
E00127750,220,57,26,31,163,18,145,25.90909090909091,11.818181818181818,14.09090909090909,74.0909090909091,8.181818181818182,65.9090909090909
E00127751,272,75,34,41,197,22,175,27.573529411764707,12.5,15.073529411764705,72.42647058823529,8.088235294117647,64.33823529411765
E00127752,279,78,40,38,201,15,186,27.956989247311824,14.336917562724013,13.620071684587815,72.04301075268818,5.376344086021505,66.66666666666666
E00127753,227,59,30,29,168,15,153,25.991189427312776,13.215859030837004,12.77533039647577,74.00881057268722,6.607929515418502,67.40088105726872
E00127754,242,41,17,24,201,19,182,16.94214876033058,7.024793388429752,9.917355371900827,83.05785123966942,7.851239669421488,75.20661157024794
E00127755,249,69,35,34,180,23,157,27.710843373493976,14.056224899598394,13.654618473895583,72.28915662650603,9.236947791164658,63.05220883534136
E00127756,238,52,21,31,186,27,159,21.84873949579832,8.823529411764707,13.025210084033615,78.15126050420169,11.344537815126051,66.80672268907563
E00127757,238,59,29,30,179,22,157,24.789915966386555,12.184873949579831,12.605042016806722,75.21008403361344,9.243697478991598,65.96638655462185
E00127758,277,72,37,35,205,26,179,25.992779783393498,13.357400722021662,12.63537906137184,74.0072202166065,9.386281588447654,64.62093862815884
E00127760,252,83,39,44,169,14,155,32.93650793650794,15.476190476190476,17.46031746031746,67.06349206349206,5.555555555555555,61.50793650793651
E00127761,202,89,50,39,113,15,98,44.05940594059406,24.752475247524753,19.306930693069308,55.940594059405946,7.425742574257425,48.51485148514851
E00127762,176,50,19,31,126,17,109,28.40909090909091,10.795454545454545,17.613636363636363,71.5909090909091,9.659090909090908,61.93181818181818
E00127763,265,59,26,33,206,26,180,22.264150943396228,9.811320754716983,12.452830188679245,77.73584905660378,9.811320754716983,67.9245283018868
E00127764,335,70,41,29,265,30,235,20.8955223880597,12.238805970149254,8.656716417910449,79.1044776119403,8.955223880597014,70.1492537313433
E00127765,291,44,24,20,247,32,215,15.120274914089347,8.24742268041237,6.872852233676976,84.87972508591065,10.996563573883162,73.8831615120275
E00127766,245,38,22,16,207,16,191,15.510204081632653,8.979591836734693,6.530612244897959,84.48979591836735,6.530612244897959,77.9591836734694
E00127767,320,64,30,34,256,20,236,20,9.375,10.625,80,6.25,73.75
E00127768,329,67,39,28,262,24,238,20.364741641337385,11.854103343465045,8.51063829787234,79.63525835866263,7.29483282674772,72.3404255319149
E00170158,428,27,8,19,401,16,385,6.308411214953271,1.8691588785046727,4.439252336448598,93.69158878504673,3.7383177570093453,89.95327102803739
E00170159,237,30,12,18,207,21,186,12.658227848101266,5.063291139240507,7.59493670886076,87.34177215189874,8.860759493670885,78.48101265822784
E00170160,155,31,12,19,124,12,112,20,7.741935483870968,12.258064516129032,80,7.741935483870968,72.25806451612902
E00170161,384,42,8,34,342,25,317,10.9375,2.083333333333333,8.854166666666668,89.0625,6.510416666666667,82.55208333333334
E00170162,187,46,18,28,141,17,124,24.598930481283425,9.62566844919786,14.973262032085561,75.40106951871658,9.090909090909092,66.31016042780749
E00170163,227,32,5,27,195,17,178,14.096916299559473,2.2026431718061676,11.894273127753303,85.90308370044053,7.488986784140969,78.41409691629956
E00170164,371,74,21,53,297,28,269,19.946091644204852,5.660377358490567,14.285714285714285,80.05390835579514,7.547169811320755,72.50673854447439
E00170165,191,38,8,30,153,19,134,19.895287958115183,4.18848167539267,15.706806282722512,80.10471204188482,9.947643979057592,70.15706806282722
E00170166,241,36,15,21,205,21,184,14.937759336099585,6.224066390041494,8.71369294605809,85.06224066390041,8.71369294605809,76.34854771784232
E00170167,283,37,10,27,246,19,227,13.074204946996467,3.53356890459364,9.540636042402827,86.92579505300353,6.713780918727916,80.21201413427562
E00170168,2881,412,63,349,2469,219,2250,14.300590072891357,2.1867407150295035,12.113849357861854,85.69940992710863,7.601527247483513,78.09788267962513
E00170169,267,38,13,25,229,18,211,14.232209737827715,4.868913857677903,9.363295880149813,85.76779026217228,6.741573033707865,79.02621722846442
E00170170,1906,217,37,180,1689,131,1558,11.385099685204617,1.9412381951731374,9.44386149003148,88.61490031479539,6.8730325288562435,81.74186778593914
E00170171,113,11,5,6,102,9,93,9.734513274336283,4.424778761061947,5.3097345132743365,90.2654867256637,7.964601769911504,82.30088495575221
E00170172,339,85,42,43,254,25,229,25.073746312684364,12.389380530973451,12.684365781710916,74.92625368731564,7.374631268436578,67.55162241887905
E00185570,367,38,11,27,329,15,314,10.354223433242508,2.997275204359673,7.3569482288828345,89.64577656675749,4.087193460490464,85.55858310626702
E00185574,287,51,16,35,236,13,223,17.770034843205575,5.574912891986063,12.195121951219512,82.22996515679442,4.529616724738676,77.70034843205575
E00185582,521,43,12,31,478,31,447,8.253358925143955,2.3032629558541267,5.950095969289827,91.74664107485604,5.950095969289827,85.79654510556622
E00185587,375,47,5,42,328,19,309,12.533333333333333,1.3333333333333335,11.200000000000001,87.46666666666667,5.066666666666666,82.39999999999999
E00185589,297,40,9,31,257,19,238,13.468013468013467,3.0303030303030303,10.437710437710438,86.53198653198653,6.397306397306397,80.13468013468014
E00185590,490,80,16,64,410,46,364,16.3265306122449,3.2653061224489797,13.061224489795919,83.6734693877551,9.387755102040817,74.28571428571429
E00185592,346,29,8,21,317,25,292,8.38150289017341,2.312138728323699,6.069364161849711,91.61849710982659,7.225433526011561,84.39306358381504
E00185593,537,148,83,65,389,18,371,27.560521415270017,15.456238361266294,12.104283054003725,72.43947858472998,3.35195530726257,69.08752327746741
E00185594,426,68,18,50,358,37,321,15.96244131455399,4.225352112676056,11.737089201877934,84.03755868544602,8.685446009389672,75.35211267605634
E00185598,105,14,0,14,91,10,81,13.333333333333334,0,13.333333333333334,86.66666666666667,9.523809523809524,77.14285714285715
E00185602,210,28,7,21,182,12,170,13.333333333333334,3.3333333333333335,10,86.66666666666667,5.714285714285714,80.95238095238095
E00185610,334,46,12,34,288,23,265,13.77245508982036,3.592814371257485,10.179640718562874,86.22754491017965,6.88622754491018,79.34131736526946
E00185613,551,79,32,47,472,30,442,14.337568058076226,5.807622504537205,8.52994555353902,85.66243194192378,5.44464609800363,80.21778584392014
E00185618,600,252,88,164,348,48,300,42,14.666666666666666,27.333333333333332,57.99999999999999,8,50
E00185619,100,36,26,10,64,6,58,36,26,10,64,6,57.99999999999999
E00185621,249,41,8,33,208,30,178,16.46586345381526,3.2128514056224895,13.253012048192772,83.53413654618474,12.048192771084338,71.4859437751004
E00185623,235,33,6,27,202,25,177,14.042553191489363,2.553191489361702,11.48936170212766,85.95744680851064,10.638297872340425,75.31914893617021
E00185624,539,50,9,41,489,42,447,9.276437847866418,1.6697588126159555,7.606679035250464,90.72356215213358,7.792207792207792,82.93135435992579
E00185629,408,86,33,53,322,20,302,21.07843137254902,8.088235294117647,12.990196078431374,78.92156862745098,4.901960784313726,74.01960784313727
E00185635,436,50,14,36,386,52,334,11.46788990825688,3.211009174311927,8.256880733944955,88.53211009174312,11.926605504587156,76.60550458715596
E00185636,196,24,5,19,172,17,155,12.244897959183673,2.5510204081632653,9.693877551020408,87.75510204081633,8.673469387755102,79.08163265306123
E00185637,316,38,8,30,278,23,255,12.025316455696203,2.5316455696202533,9.49367088607595,87.9746835443038,7.2784810126582276,80.69620253164557
E00185639,173,38,9,29,135,21,114,21.965317919075144,5.202312138728324,16.76300578034682,78.03468208092485,12.138728323699421,65.89595375722543
E00185643,354,33,11,22,321,34,287,9.322033898305085,3.1073446327683616,6.214689265536723,90.67796610169492,9.6045197740113,81.07344632768361
E00185646,538,107,48,59,431,45,386,19.888475836431226,8.921933085501859,10.966542750929369,80.11152416356877,8.364312267657994,71.74721189591078
E00185647,322,59,27,32,263,29,234,18.32298136645963,8.385093167701864,9.937888198757763,81.67701863354037,9.006211180124224,72.67080745341616
E00185649,169,60,38,22,109,14,95,35.50295857988166,22.485207100591715,13.017751479289942,64.49704142011834,8.284023668639055,56.213017751479285
E00185653,257,36,10,26,221,25,196,14.007782101167315,3.8910505836575875,10.116731517509727,85.99221789883269,9.72762645914397,76.26459143968872
E00185657,219,29,8,21,190,25,165,13.24200913242009,3.65296803652968,9.58904109589041,86.7579908675799,11.415525114155251,75.34246575342466
E00185659,165,38,13,25,127,13,114,23.03030303030303,7.878787878787878,15.151515151515152,76.96969696969697,7.878787878787878,69.0909090909091
E00185661,132,18,9,9,114,13,101,13.636363636363635,6.8181818181818175,6.8181818181818175,86.36363636363636,9.848484848484848,76.51515151515152
E00185664,299,44,15,29,255,19,236,14.715719063545151,5.016722408026756,9.698996655518394,85.28428093645485,6.354515050167224,78.92976588628763
