OA,ts0380001,ts0380002,ts0380003,ts0380004,ts0380005,ts0380006,ts0380007,ts0380002_PCT,ts0380003_PCT,ts0380004_PCT,ts0380005_PCT,ts0380006_PCT,ts0380007_PCT
E00086549,253,26,7,19,227,21,206,10.276679841897234,2.766798418972332,7.5098814229249005,89.72332015810277,8.300395256916996,81.42292490118577
E00086550,445,67,16,51,378,31,347,15.056179775280897,3.5955056179775284,11.46067415730337,84.9438202247191,6.96629213483146,77.97752808988764
E00086551,297,52,29,23,245,7,238,17.50841750841751,9.764309764309765,7.744107744107744,82.49158249158249,2.356902356902357,80.13468013468014
E00086552,470,53,15,38,417,8,409,11.27659574468085,3.1914893617021276,8.085106382978724,88.72340425531915,1.702127659574468,87.02127659574468
E00086553,248,65,38,27,183,9,174,26.209677419354836,15.32258064516129,10.887096774193548,73.79032258064517,3.6290322580645165,70.16129032258065
E00086557,429,109,48,61,320,28,292,25.407925407925408,11.188811188811188,14.219114219114218,74.5920745920746,6.526806526806526,68.06526806526807
E00086559,174,66,28,38,108,9,99,37.93103448275862,16.091954022988507,21.839080459770116,62.06896551724138,5.172413793103448,56.896551724137936
E00086561,416,46,14,32,370,18,352,11.057692307692307,3.3653846153846154,7.6923076923076925,88.9423076923077,4.326923076923077,84.61538461538461
E00086563,280,49,29,20,231,6,225,17.5,10.357142857142858,7.142857142857142,82.5,2.142857142857143,80.35714285714286
E00086564,432,68,25,43,364,23,341,15.74074074074074,5.787037037037037,9.953703703703704,84.25925925925925,5.324074074074074,78.93518518518519
E00086565,283,53,23,30,230,19,211,18.727915194346288,8.12720848056537,10.60070671378092,81.2720848056537,6.713780918727916,74.55830388692578
E00086568,185,14,4,10,171,15,156,7.567567567567568,2.1621621621621623,5.405405405405405,92.43243243243244,8.108108108108109,84.32432432432432
E00086570,290,47,13,34,243,31,212,16.206896551724135,4.482758620689655,11.724137931034482,83.79310344827586,10.689655172413794,73.10344827586206
E00086571,358,102,63,39,256,27,229,28.49162011173184,17.59776536312849,10.893854748603351,71.50837988826815,7.5418994413407825,63.96648044692738
E00086572,360,51,17,34,309,31,278,14.166666666666666,4.722222222222222,9.444444444444445,85.83333333333333,8.61111111111111,77.22222222222223
E00086575,215,54,17,37,161,17,144,25.116279069767444,7.906976744186046,17.209302325581397,74.88372093023256,7.906976744186046,66.97674418604652
E00086576,384,44,9,35,340,24,316,11.458333333333332,2.34375,9.114583333333332,88.54166666666666,6.25,82.29166666666666
E00086577,370,62,16,46,308,35,273,16.756756756756758,4.324324324324325,12.432432432432433,83.24324324324324,9.45945945945946,73.78378378378379
E00086578,184,27,10,17,157,11,146,14.673913043478262,5.434782608695652,9.239130434782608,85.32608695652173,5.978260869565218,79.34782608695652
E00086579,401,47,11,36,354,18,336,11.72069825436409,2.7431421446384037,8.977556109725686,88.2793017456359,4.488778054862843,83.79052369077307
E00086581,254,33,9,24,221,21,200,12.992125984251967,3.543307086614173,9.448818897637794,87.00787401574803,8.267716535433072,78.74015748031496
E00086582,345,54,27,27,291,26,265,15.65217391304348,7.82608695652174,7.82608695652174,84.34782608695653,7.536231884057972,76.81159420289855
E00086583,376,99,55,44,277,19,258,26.329787234042552,14.627659574468085,11.702127659574469,73.67021276595744,5.053191489361701,68.61702127659575
E00086584,363,79,37,42,284,14,270,21.763085399449036,10.192837465564738,11.570247933884298,78.23691460055096,3.8567493112947657,74.3801652892562
E00086587,424,57,20,37,367,43,324,13.443396226415095,4.716981132075472,8.726415094339622,86.55660377358491,10.141509433962264,76.41509433962264
E00086588,392,63,30,33,329,35,294,16.071428571428573,7.653061224489796,8.418367346938775,83.92857142857143,8.928571428571429,75
E00086589,311,44,13,31,267,21,246,14.14790996784566,4.180064308681672,9.967845659163988,85.85209003215434,6.752411575562702,79.09967845659163
E00086590,273,36,11,25,237,13,224,13.186813186813188,4.029304029304029,9.157509157509157,86.81318681318682,4.761904761904762,82.05128205128204
E00086591,443,58,23,35,385,28,357,13.092550790067719,5.191873589164786,7.900677200902935,86.90744920993228,6.320541760722348,80.58690744920993
E00086592,310,25,15,10,285,20,265,8.064516129032258,4.838709677419355,3.225806451612903,91.93548387096774,6.451612903225806,85.48387096774194
E00086593,294,40,10,30,254,31,223,13.60544217687075,3.4013605442176873,10.204081632653061,86.39455782312925,10.54421768707483,75.85034013605441
E00086594,209,45,16,29,164,21,143,21.5311004784689,7.655502392344498,13.875598086124402,78.4688995215311,10.047846889952153,68.42105263157895
E00086596,477,69,21,48,408,32,376,14.465408805031446,4.40251572327044,10.062893081761008,85.53459119496856,6.7085953878406714,78.82599580712788
E00086597,264,36,10,26,228,32,196,13.636363636363635,3.787878787878788,9.848484848484848,86.36363636363636,12.121212121212121,74.24242424242425
E00086598,312,40,9,31,272,25,247,12.82051282051282,2.8846153846153846,9.935897435897436,87.17948717948718,8.012820512820513,79.16666666666666
E00086599,265,41,7,34,224,21,203,15.471698113207546,2.6415094339622645,12.830188679245284,84.52830188679246,7.9245283018867925,76.60377358490567
E00086601,550,78,18,60,472,58,414,14.181818181818182,3.272727272727273,10.909090909090908,85.81818181818181,10.545454545454545,75.27272727272727
E00086602,386,55,18,37,331,31,300,14.248704663212436,4.66321243523316,9.585492227979273,85.75129533678756,8.031088082901555,77.720207253886
E00086603,199,29,9,20,170,13,157,14.572864321608039,4.522613065326634,10.050251256281408,85.42713567839196,6.532663316582915,78.89447236180904
E00086604,372,55,15,40,317,20,297,14.78494623655914,4.032258064516129,10.75268817204301,85.21505376344086,5.376344086021505,79.83870967741935
E00086605,255,45,21,24,210,22,188,17.647058823529413,8.235294117647058,9.411764705882353,82.35294117647058,8.627450980392156,73.72549019607844
E00086606,395,79,41,38,316,17,299,20,10.379746835443038,9.620253164556962,80,4.30379746835443,75.69620253164557
E00086607,347,51,27,24,296,20,276,14.697406340057636,7.780979827089338,6.9164265129683,85.30259365994236,5.763688760806916,79.53890489913545
E00086608,301,58,24,34,243,22,221,19.269102990033225,7.973421926910299,11.295681063122924,80.73089700996677,7.308970099667775,73.421926910299
E00086609,271,48,21,27,223,20,203,17.712177121771216,7.7490774907749085,9.96309963099631,82.28782287822878,7.380073800738007,74.90774907749078
E00086610,305,54,21,33,251,23,228,17.704918032786885,6.885245901639345,10.819672131147541,82.29508196721311,7.540983606557377,74.75409836065575
E00086611,417,66,23,43,351,22,329,15.827338129496402,5.515587529976019,10.311750599520384,84.17266187050359,5.275779376498801,78.8968824940048
E00086612,326,45,13,32,281,22,259,13.803680981595093,3.9877300613496933,9.815950920245399,86.1963190184049,6.748466257668712,79.4478527607362
E00086613,242,61,31,30,181,15,166,25.206611570247933,12.8099173553719,12.396694214876034,74.79338842975206,6.198347107438017,68.59504132231406
E00086614,213,44,20,24,169,11,158,20.657276995305164,9.389671361502346,11.267605633802818,79.34272300469483,5.164319248826291,74.17840375586854
E00086615,336,54,20,34,282,22,260,16.071428571428573,5.952380952380952,10.119047619047619,83.92857142857143,6.547619047619048,77.38095238095238
E00086616,369,72,38,34,297,42,255,19.51219512195122,10.29810298102981,9.214092140921409,80.48780487804879,11.38211382113821,69.10569105691057
E00086617,245,39,11,28,206,26,180,15.918367346938775,4.489795918367347,11.428571428571429,84.08163265306122,10.612244897959183,73.46938775510205
E00086618,241,62,19,43,179,20,159,25.72614107883817,7.883817427385892,17.842323651452283,74.27385892116183,8.29875518672199,65.97510373443983
E00086619,317,74,35,39,243,17,226,23.34384858044164,11.041009463722396,12.302839116719243,76.65615141955836,5.3627760252365935,71.29337539432177
E00086620,254,57,22,35,197,19,178,22.440944881889763,8.661417322834646,13.779527559055119,77.55905511811024,7.480314960629922,70.07874015748031
E00086621,368,47,21,26,321,29,292,12.771739130434783,5.706521739130435,7.065217391304348,87.22826086956522,7.880434782608696,79.34782608695652
E00086622,261,61,28,33,200,22,178,23.371647509578544,10.727969348659004,12.643678160919542,76.62835249042146,8.42911877394636,68.19923371647509
E00086623,341,38,12,26,303,28,275,11.143695014662756,3.519061583577713,7.624633431085044,88.85630498533725,8.211143695014663,80.64516129032258
E00086624,259,53,20,33,206,15,191,20.463320463320464,7.722007722007722,12.741312741312742,79.53667953667953,5.7915057915057915,73.74517374517374
E00086625,285,46,14,32,239,31,208,16.140350877192983,4.912280701754386,11.228070175438596,83.85964912280703,10.87719298245614,72.98245614035088
E00086626,332,45,14,31,287,31,256,13.55421686746988,4.216867469879518,9.33734939759036,86.44578313253012,9.33734939759036,77.10843373493977
E00086627,320,40,14,26,280,32,248,12.5,4.375,8.125,87.5,10,77.5
E00086628,253,67,45,22,186,19,167,26.48221343873518,17.786561264822133,8.695652173913043,73.51778656126481,7.5098814229249005,66.00790513833992
E00086629,406,54,13,41,352,27,325,13.30049261083744,3.201970443349754,10.098522167487685,86.69950738916256,6.65024630541872,80.04926108374384
E00086630,397,73,26,47,324,31,293,18.387909319899247,6.54911838790932,11.838790931989925,81.61209068010076,7.8085642317380355,73.80352644836272
E00086631,237,34,10,24,203,24,179,14.345991561181433,4.219409282700422,10.126582278481013,85.65400843881856,10.126582278481013,75.52742616033755
E00086632,536,63,29,34,473,33,440,11.753731343283583,5.410447761194029,6.343283582089552,88.24626865671642,6.156716417910448,82.08955223880598
E00086633,282,62,24,38,220,19,201,21.98581560283688,8.51063829787234,13.47517730496454,78.01418439716312,6.73758865248227,71.27659574468085
E00086634,321,40,16,24,281,26,255,12.461059190031152,4.984423676012461,7.476635514018691,87.53894080996885,8.09968847352025,79.43925233644859
E00086636,276,39,11,28,237,15,222,14.130434782608695,3.985507246376811,10.144927536231885,85.86956521739131,5.434782608695652,80.43478260869566
E00086637,285,26,6,20,259,28,231,9.12280701754386,2.1052631578947367,7.017543859649122,90.87719298245615,9.824561403508772,81.05263157894737
E00086638,222,37,11,26,185,22,163,16.666666666666664,4.954954954954955,11.711711711711711,83.33333333333334,9.90990990990991,73.42342342342343
E00086639,207,37,13,24,170,9,161,17.874396135265698,6.280193236714976,11.594202898550725,82.1256038647343,4.3478260869565215,77.77777777777779
E00086641,429,84,35,49,345,19,326,19.58041958041958,8.158508158508159,11.421911421911423,80.41958041958041,4.428904428904429,75.990675990676
E00086642,375,59,29,30,316,15,301,15.733333333333333,7.733333333333333,8,84.26666666666667,4,80.26666666666667
E00086643,413,43,17,26,370,10,360,10.411622276029057,4.116222760290557,6.2953995157385,89.58837772397095,2.4213075060532687,87.16707021791767
E00086646,496,57,26,31,439,17,422,11.491935483870968,5.241935483870968,6.25,88.50806451612904,3.4274193548387095,85.08064516129032
E00086647,504,53,18,35,451,20,431,10.515873015873016,3.571428571428571,6.944444444444445,89.48412698412699,3.968253968253968,85.51587301587301
E00086648,298,51,30,21,247,4,243,17.114093959731544,10.06711409395973,7.046979865771812,82.88590604026845,1.342281879194631,81.54362416107382
E00086649,307,59,26,33,248,14,234,19.218241042345277,8.469055374592834,10.749185667752444,80.78175895765473,4.5602605863192185,76.2214983713355
E00086650,338,50,20,30,288,9,279,14.792899408284024,5.9171597633136095,8.875739644970414,85.20710059171599,2.6627218934911245,82.54437869822485
E00086651,469,77,32,45,392,25,367,16.417910447761194,6.823027718550106,9.594882729211088,83.5820895522388,5.330490405117271,78.25159914712152
E00086652,461,61,32,29,400,17,383,13.232104121475055,6.941431670281996,6.29067245119306,86.76789587852495,3.68763557483731,83.08026030368764
E00086653,445,63,29,34,382,15,367,14.157303370786517,6.51685393258427,7.640449438202247,85.84269662921349,3.3707865168539324,82.47191011235955
E00086654,444,80,40,40,364,13,351,18.01801801801802,9.00900900900901,9.00900900900901,81.98198198198197,2.9279279279279278,79.05405405405406
E00086655,432,35,13,22,397,10,387,8.101851851851851,3.009259259259259,5.092592592592593,91.89814814814815,2.314814814814815,89.58333333333334
E00086656,568,71,23,48,497,20,477,12.5,4.049295774647888,8.450704225352112,87.5,3.5211267605633805,83.97887323943662
E00086657,565,68,40,28,497,16,481,12.035398230088495,7.079646017699115,4.95575221238938,87.9646017699115,2.831858407079646,85.13274336283186
E00086658,295,57,26,31,238,5,233,19.322033898305087,8.813559322033898,10.508474576271185,80.67796610169492,1.694915254237288,78.98305084745762
E00086659,425,37,22,15,388,11,377,8.705882352941176,5.176470588235294,3.5294117647058822,91.29411764705883,2.588235294117647,88.70588235294117
E00086660,386,80,39,41,306,29,277,20.72538860103627,10.103626943005182,10.621761658031089,79.27461139896373,7.512953367875648,71.76165803108809
E00086661,560,77,14,63,483,41,442,13.750000000000002,2.5,11.25,86.25,7.321428571428572,78.92857142857143
E00086662,261,77,29,48,184,16,168,29.50191570881226,11.11111111111111,18.39080459770115,70.49808429118774,6.130268199233716,64.36781609195403
E00086663,342,41,14,27,301,23,278,11.988304093567251,4.093567251461988,7.894736842105263,88.01169590643275,6.725146198830409,81.28654970760235
E00086664,458,98,30,68,360,32,328,21.397379912663755,6.550218340611353,14.847161572052403,78.60262008733623,6.986899563318777,71.61572052401746
E00086665,422,58,25,33,364,34,330,13.744075829383887,5.924170616113744,7.819905213270142,86.25592417061611,8.056872037914692,78.19905213270142
E00086666,377,82,26,56,295,23,272,21.750663129973475,6.896551724137931,14.854111405835543,78.24933687002653,6.10079575596817,72.14854111405835
E00086667,452,56,8,48,396,28,368,12.389380530973451,1.7699115044247788,10.619469026548673,87.61061946902655,6.1946902654867255,81.41592920353983
E00086668,315,43,11,32,272,17,255,13.65079365079365,3.492063492063492,10.158730158730158,86.34920634920636,5.396825396825397,80.95238095238095
E00086669,385,81,31,50,304,31,273,21.038961038961038,8.051948051948052,12.987012987012985,78.96103896103897,8.051948051948052,70.9090909090909
E00086670,333,86,44,42,247,20,227,25.825825825825827,13.213213213213212,12.612612612612612,74.17417417417418,6.006006006006006,68.16816816816817
E00086671,260,87,42,45,173,8,165,33.46153846153846,16.153846153846153,17.307692307692307,66.53846153846153,3.076923076923077,63.46153846153846
E00086672,340,74,37,37,266,24,242,21.764705882352942,10.882352941176471,10.882352941176471,78.23529411764706,7.0588235294117645,71.17647058823529
E00086673,294,54,26,28,240,19,221,18.367346938775512,8.843537414965986,9.523809523809524,81.63265306122449,6.462585034013606,75.17006802721087
E00086674,241,51,22,29,190,8,182,21.16182572614108,9.12863070539419,12.033195020746888,78.83817427385893,3.319502074688797,75.51867219917013
E00086675,414,110,40,70,304,20,284,26.570048309178745,9.66183574879227,16.908212560386474,73.42995169082126,4.830917874396135,68.59903381642512
E00086676,347,62,25,37,285,22,263,17.86743515850144,7.204610951008646,10.662824207492795,82.13256484149855,6.340057636887608,75.79250720461094
E00086677,228,56,28,28,172,9,163,24.561403508771928,12.280701754385964,12.280701754385964,75.43859649122807,3.9473684210526314,71.49122807017544
E00086678,384,84,43,41,300,22,278,21.875,11.197916666666668,10.677083333333332,78.125,5.729166666666666,72.39583333333334
E00086679,264,57,25,32,207,26,181,21.59090909090909,9.469696969696969,12.121212121212121,78.4090909090909,9.848484848484848,68.56060606060606
E00086680,374,88,36,52,286,20,266,23.52941176470588,9.62566844919786,13.903743315508022,76.47058823529412,5.347593582887701,71.12299465240642
E00086681,286,61,27,34,225,17,208,21.328671328671327,9.44055944055944,11.888111888111888,78.67132867132867,5.944055944055944,72.72727272727273
E00086682,412,97,46,51,315,21,294,23.54368932038835,11.165048543689322,12.37864077669903,76.45631067961165,5.097087378640777,71.35922330097088
E00086683,291,74,31,43,217,18,199,25.42955326460481,10.652920962199312,14.776632302405499,74.5704467353952,6.185567010309279,68.38487972508591
E00086684,354,78,33,45,276,21,255,22.033898305084744,9.322033898305085,12.711864406779661,77.96610169491525,5.932203389830509,72.03389830508475
E00086685,223,46,17,29,177,13,164,20.62780269058296,7.623318385650224,13.004484304932735,79.37219730941703,5.829596412556054,73.54260089686099
E00086686,310,76,37,39,234,20,214,24.516129032258064,11.935483870967742,12.580645161290322,75.48387096774194,6.451612903225806,69.03225806451613
E00086687,227,62,29,33,165,16,149,27.312775330396477,12.77533039647577,14.537444933920703,72.68722466960352,7.048458149779736,65.63876651982379
E00086688,310,58,22,36,252,27,225,18.70967741935484,7.096774193548387,11.612903225806452,81.29032258064515,8.709677419354838,72.58064516129032
E00086689,317,71,41,30,246,24,222,22.397476340694006,12.933753943217665,9.46372239747634,77.60252365930599,7.570977917981073,70.03154574132492
E00086690,278,74,31,43,204,23,181,26.618705035971225,11.151079136690647,15.467625899280577,73.38129496402878,8.273381294964029,65.10791366906474
E00086691,241,55,25,30,186,22,164,22.821576763485478,10.37344398340249,12.448132780082988,77.17842323651453,9.12863070539419,68.04979253112033
E00086692,299,47,26,21,252,29,223,15.719063545150503,8.695652173913043,7.023411371237458,84.2809364548495,9.698996655518394,74.5819397993311
E00086693,263,57,24,33,206,14,192,21.673003802281368,9.125475285171103,12.547528517110266,78.32699619771863,5.323193916349809,73.00380228136882
E00086694,361,110,52,58,251,17,234,30.47091412742382,14.40443213296399,16.06648199445983,69.52908587257618,4.7091412742382275,64.81994459833795
E00086695,332,66,26,40,266,29,237,19.879518072289155,7.83132530120482,12.048192771084338,80.12048192771084,8.734939759036145,71.3855421686747
E00086696,346,89,36,53,257,21,236,25.722543352601157,10.404624277456648,15.31791907514451,74.27745664739885,6.069364161849711,68.20809248554913
E00086697,325,85,35,50,240,19,221,26.153846153846157,10.76923076923077,15.384615384615385,73.84615384615385,5.846153846153846,68
E00086698,382,81,37,44,301,27,274,21.20418848167539,9.68586387434555,11.518324607329843,78.79581151832461,7.068062827225131,71.72774869109948
E00086699,315,80,32,48,235,16,219,25.396825396825395,10.158730158730158,15.238095238095239,74.60317460317461,5.079365079365079,69.52380952380952
E00086700,363,62,31,31,301,19,282,17.079889807162534,8.539944903581267,8.539944903581267,82.92011019283747,5.234159779614325,77.68595041322314
E00086701,339,89,39,50,250,11,239,26.253687315634217,11.504424778761061,14.749262536873156,73.74631268436578,3.2448377581120944,70.50147492625368
E00086702,323,68,34,34,255,22,233,21.052631578947366,10.526315789473683,10.526315789473683,78.94736842105263,6.811145510835913,72.13622291021672
E00086703,387,82,33,49,305,26,279,21.188630490956072,8.527131782945736,12.661498708010335,78.81136950904393,6.718346253229974,72.09302325581395
E00086704,335,66,34,32,269,21,248,19.701492537313435,10.149253731343283,9.55223880597015,80.29850746268656,6.26865671641791,74.02985074626865
E00086705,290,68,34,34,222,15,207,23.448275862068964,11.724137931034482,11.724137931034482,76.55172413793103,5.172413793103448,71.37931034482759
E00086706,308,70,22,48,238,23,215,22.727272727272727,7.142857142857142,15.584415584415584,77.27272727272727,7.467532467532467,69.8051948051948
E00086707,343,80,31,49,263,29,234,23.323615160349853,9.037900874635568,14.285714285714285,76.67638483965014,8.454810495626822,68.22157434402332
E00086708,402,90,34,56,312,23,289,22.388059701492537,8.45771144278607,13.930348258706468,77.61194029850746,5.721393034825871,71.8905472636816
E00086709,294,62,19,43,232,14,218,21.08843537414966,6.462585034013606,14.625850340136054,78.91156462585033,4.761904761904762,74.14965986394559
E00086710,275,56,20,36,219,14,205,20.363636363636363,7.2727272727272725,13.090909090909092,79.63636363636364,5.090909090909091,74.54545454545455
E00086711,270,63,25,38,207,18,189,23.333333333333332,9.25925925925926,14.074074074074074,76.66666666666667,6.666666666666667,70
E00086712,289,80,42,38,209,22,187,27.68166089965398,14.53287197231834,13.148788927335639,72.31833910034602,7.612456747404845,64.70588235294117
E00086713,320,89,40,49,231,30,201,27.8125,12.5,15.312500000000002,72.1875,9.375,62.81250000000001
E00086714,253,42,13,29,211,18,193,16.600790513833992,5.138339920948617,11.462450592885375,83.399209486166,7.114624505928854,76.28458498023716
E00086715,271,66,27,39,205,20,185,24.354243542435423,9.96309963099631,14.391143911439114,75.64575645756457,7.380073800738007,68.26568265682657
E00086716,299,47,22,25,252,14,238,15.719063545150503,7.357859531772576,8.361204013377927,84.2809364548495,4.682274247491638,79.59866220735786
E00086717,327,53,16,37,274,26,248,16.207951070336392,4.892966360856269,11.314984709480122,83.79204892966361,7.951070336391437,75.84097859327217
E00086718,324,58,29,29,266,27,239,17.901234567901234,8.950617283950617,8.950617283950617,82.09876543209876,8.333333333333332,73.76543209876543
E00086719,441,92,39,53,349,36,313,20.861678004535147,8.843537414965986,12.01814058956916,79.13832199546485,8.16326530612245,70.97505668934241
E00086720,251,31,10,21,220,11,209,12.350597609561753,3.9840637450199203,8.366533864541832,87.64940239043824,4.382470119521913,83.26693227091634
E00086721,356,59,15,44,297,30,267,16.573033707865168,4.213483146067416,12.359550561797752,83.42696629213484,8.426966292134832,75
E00086722,225,39,16,23,186,21,165,17.333333333333336,7.111111111111111,10.222222222222223,82.66666666666667,9.333333333333334,73.33333333333333
E00086723,317,52,19,33,265,19,246,16.40378548895899,5.993690851735016,10.410094637223976,83.59621451104101,5.993690851735016,77.60252365930599
E00086724,276,40,16,24,236,16,220,14.492753623188406,5.797101449275362,8.695652173913043,85.5072463768116,5.797101449275362,79.71014492753623
E00086725,222,41,17,24,181,18,163,18.46846846846847,7.657657657657657,10.81081081081081,81.53153153153153,8.108108108108109,73.42342342342343
E00086726,298,51,28,23,247,23,224,17.114093959731544,9.395973154362416,7.718120805369128,82.88590604026845,7.718120805369128,75.16778523489933
E00086727,189,38,14,24,151,10,141,20.105820105820104,7.4074074074074066,12.698412698412698,79.8941798941799,5.291005291005291,74.60317460317461
E00086728,290,61,16,45,229,24,205,21.03448275862069,5.517241379310345,15.517241379310345,78.96551724137932,8.275862068965518,70.6896551724138
E00086730,337,61,32,29,276,24,252,18.100890207715135,9.495548961424333,8.605341246290802,81.89910979228486,7.121661721068249,74.77744807121661
E00086731,313,44,19,25,269,18,251,14.057507987220447,6.070287539936102,7.987220447284344,85.94249201277955,5.7507987220447285,80.19169329073482
E00086732,339,57,16,41,282,21,261,16.8141592920354,4.71976401179941,12.094395280235988,83.1858407079646,6.1946902654867255,76.99115044247787
E00086733,417,84,33,51,333,22,311,20.14388489208633,7.913669064748201,12.23021582733813,79.85611510791367,5.275779376498801,74.58033573141488
E00086734,345,46,11,35,299,35,264,13.333333333333334,3.1884057971014492,10.144927536231885,86.66666666666667,10.144927536231885,76.52173913043478
E00086735,249,46,19,27,203,22,181,18.473895582329316,7.630522088353414,10.843373493975903,81.52610441767068,8.835341365461847,72.69076305220884
E00086736,326,47,19,28,279,31,248,14.417177914110429,5.828220858895705,8.588957055214724,85.58282208588957,9.509202453987731,76.07361963190185
E00086737,278,45,19,26,233,19,214,16.18705035971223,6.83453237410072,9.352517985611511,83.81294964028777,6.83453237410072,76.97841726618705
E00086738,326,55,19,36,271,27,244,16.87116564417178,5.828220858895705,11.042944785276074,83.12883435582822,8.282208588957054,74.84662576687117
E00086739,338,46,16,30,292,24,268,13.609467455621301,4.733727810650888,8.875739644970414,86.3905325443787,7.100591715976331,79.28994082840237
E00086740,301,46,18,28,255,25,230,15.282392026578073,5.980066445182724,9.30232558139535,84.71760797342192,8.305647840531561,76.41196013289037
E00086741,318,32,6,26,286,24,262,10.062893081761008,1.8867924528301887,8.176100628930817,89.937106918239,7.547169811320755,82.38993710691824
E00086742,244,38,16,22,206,20,186,15.573770491803279,6.557377049180328,9.01639344262295,84.42622950819673,8.19672131147541,76.22950819672131
E00086743,342,56,19,37,286,20,266,16.374269005847953,5.555555555555555,10.818713450292398,83.62573099415205,5.847953216374268,77.77777777777779
E00086744,254,45,12,33,209,25,184,17.716535433070867,4.724409448818897,12.992125984251967,82.28346456692913,9.84251968503937,72.44094488188976
E00086745,222,44,25,19,178,10,168,19.81981981981982,11.26126126126126,8.558558558558559,80.18018018018019,4.504504504504505,75.67567567567568
E00086746,296,49,25,24,247,25,222,16.554054054054053,8.445945945945946,8.108108108108109,83.44594594594594,8.445945945945946,75
E00086747,288,39,15,24,249,29,220,13.541666666666666,5.208333333333334,8.333333333333332,86.45833333333334,10.069444444444445,76.38888888888889
E00086748,304,53,24,29,251,36,215,17.434210526315788,7.894736842105263,9.539473684210527,82.56578947368422,11.842105263157894,70.72368421052632
E00086749,308,41,10,31,267,37,230,13.311688311688311,3.2467532467532463,10.064935064935066,86.68831168831169,12.012987012987013,74.67532467532467
E00086750,295,48,15,33,247,17,230,16.271186440677965,5.084745762711865,11.186440677966102,83.72881355932203,5.762711864406779,77.96610169491525
E00086751,320,48,13,35,272,35,237,15,4.0625,10.9375,85,10.9375,74.0625
E00086752,304,45,13,32,259,34,225,14.802631578947366,4.276315789473684,10.526315789473683,85.19736842105263,11.18421052631579,74.01315789473685
E00086753,246,44,20,24,202,27,175,17.88617886178862,8.130081300813007,9.75609756097561,82.11382113821138,10.975609756097562,71.13821138211382
E00086754,263,49,17,32,214,25,189,18.631178707224336,6.4638783269961975,12.167300380228136,81.36882129277566,9.505703422053232,71.86311787072243
E00086755,262,57,25,32,205,25,180,21.755725190839694,9.541984732824428,12.213740458015266,78.2442748091603,9.541984732824428,68.70229007633588
E00086756,292,37,13,24,255,29,226,12.67123287671233,4.4520547945205475,8.21917808219178,87.32876712328768,9.931506849315069,77.3972602739726
E00086757,269,70,25,45,199,23,176,26.022304832713754,9.293680297397769,16.728624535315987,73.97769516728626,8.550185873605948,65.4275092936803
E00086758,326,76,32,44,250,27,223,23.31288343558282,9.815950920245399,13.496932515337424,76.68711656441718,8.282208588957054,68.40490797546013
E00086759,312,57,25,32,255,35,220,18.269230769230766,8.012820512820513,10.256410256410255,81.73076923076923,11.217948717948719,70.51282051282051
E00086760,224,32,3,29,192,20,172,14.285714285714285,1.3392857142857142,12.946428571428573,85.71428571428571,8.928571428571429,76.78571428571429
E00086761,300,41,14,27,259,23,236,13.666666666666666,4.666666666666667,9,86.33333333333333,7.666666666666666,78.66666666666666
E00086762,418,81,36,45,337,28,309,19.37799043062201,8.61244019138756,10.76555023923445,80.622009569378,6.698564593301436,73.92344497607655
E00086763,343,67,28,39,276,22,254,19.533527696793,8.16326530612245,11.370262390670554,80.466472303207,6.41399416909621,74.05247813411079
E00086764,345,84,53,31,261,18,243,24.347826086956523,15.36231884057971,8.985507246376812,75.65217391304347,5.217391304347826,70.43478260869566
E00086765,366,45,13,32,321,35,286,12.295081967213115,3.551912568306011,8.743169398907105,87.70491803278688,9.562841530054644,78.14207650273224
E00086766,418,75,27,48,343,27,316,17.942583732057415,6.4593301435406705,11.483253588516746,82.05741626794259,6.4593301435406705,75.5980861244019
E00086767,299,43,23,20,256,34,222,14.381270903010032,7.6923076923076925,6.688963210702341,85.61872909698997,11.37123745819398,74.24749163879598
E00086768,316,60,18,42,256,23,233,18.9873417721519,5.69620253164557,13.291139240506327,81.0126582278481,7.2784810126582276,73.73417721518987
E00086769,384,68,35,33,316,18,298,17.708333333333336,9.114583333333332,8.59375,82.29166666666666,4.6875,77.60416666666666
E00086770,433,106,49,57,327,23,304,24.480369515011546,11.316397228637413,13.163972286374134,75.51963048498845,5.311778290993072,70.20785219399538
E00086771,304,32,3,29,272,27,245,10.526315789473683,0.9868421052631579,9.539473684210527,89.47368421052632,8.881578947368421,80.5921052631579
E00086772,217,32,6,26,185,18,167,14.746543778801843,2.7649769585253456,11.981566820276496,85.25345622119815,8.294930875576037,76.95852534562212
E00086773,304,57,29,28,247,26,221,18.75,9.539473684210527,9.210526315789473,81.25,8.552631578947368,72.69736842105263
E00086774,168,56,28,28,112,18,94,33.33333333333333,16.666666666666664,16.666666666666664,66.66666666666666,10.714285714285714,55.952380952380956
E00086775,350,111,60,51,239,24,215,31.71428571428571,17.142857142857142,14.571428571428571,68.28571428571428,6.857142857142858,61.42857142857143
E00086776,273,41,15,26,232,21,211,15.018315018315018,5.4945054945054945,9.523809523809524,84.98168498168498,7.6923076923076925,77.2893772893773
E00086777,311,60,23,37,251,21,230,19.292604501607716,7.395498392282958,11.89710610932476,80.70739549839229,6.752411575562702,73.95498392282958
E00086778,250,55,27,28,195,15,180,22,10.8,11.200000000000001,78,6,72
E00086779,346,45,18,27,301,30,271,13.005780346820808,5.202312138728324,7.803468208092486,86.9942196531792,8.670520231213873,78.32369942196532
E00086780,331,42,14,28,289,26,263,12.688821752265861,4.229607250755287,8.459214501510575,87.31117824773413,7.854984894259818,79.45619335347432
E00086781,273,66,32,34,207,23,184,24.175824175824175,11.72161172161172,12.454212454212454,75.82417582417582,8.424908424908425,67.3992673992674
E00086782,223,70,32,38,153,7,146,31.390134529147986,14.349775784753364,17.040358744394617,68.60986547085201,3.1390134529147984,65.47085201793722
E00086783,330,48,17,31,282,24,258,14.545454545454545,5.151515151515151,9.393939393939393,85.45454545454545,7.2727272727272725,78.18181818181819
E00086784,179,76,38,38,103,12,91,42.45810055865922,21.22905027932961,21.22905027932961,57.54189944134078,6.70391061452514,50.83798882681564
E00086785,381,66,25,41,315,24,291,17.322834645669293,6.561679790026247,10.761154855643044,82.67716535433071,6.299212598425196,76.37795275590551
E00086786,287,69,28,41,218,26,192,24.041811846689896,9.75609756097561,14.285714285714285,75.9581881533101,9.059233449477352,66.89895470383276
E00086788,235,45,15,30,190,15,175,19.148936170212767,6.382978723404255,12.76595744680851,80.85106382978722,6.382978723404255,74.46808510638297
E00086789,308,60,25,35,248,21,227,19.480519480519483,8.116883116883116,11.363636363636363,80.51948051948052,6.8181818181818175,73.7012987012987
E00086790,390,70,38,32,320,21,299,17.94871794871795,9.7435897435897445,8.205128205128204,82.05128205128204,5.384615384615385,76.66666666666667
E00086791,259,57,25,32,202,15,187,22.00772200772201,9.652509652509652,12.355212355212355,77.99227799227799,5.7915057915057915,72.2007722007722
E00086792,281,56,23,33,225,12,213,19.9288256227758,8.185053380782918,11.743772241992882,80.0711743772242,4.270462633451958,75.80071174377224
E00086793,261,31,8,23,230,17,213,11.877394636015326,3.065134099616858,8.812260536398467,88.12260536398468,6.513409961685824,81.60919540229885
E00086794,278,37,14,23,241,24,217,13.309352517985612,5.0359712230215825,8.273381294964029,86.6906474820144,8.633093525179856,78.05755395683454
E00086795,293,63,26,37,230,23,207,21.501706484641637,8.873720136518772,12.627986348122866,78.49829351535837,7.849829351535837,70.64846416382252
E00086796,239,84,29,55,155,11,144,35.146443514644346,12.133891213389122,23.01255230125523,64.85355648535564,4.602510460251046,60.25104602510461
E00086798,248,74,46,28,174,19,155,29.838709677419356,18.548387096774192,11.29032258064516,70.16129032258065,7.661290322580645,62.5
E00086799,328,50,22,28,278,27,251,15.24390243902439,6.707317073170732,8.536585365853659,84.7560975609756,8.231707317073171,76.52439024390245
E00086800,299,51,26,25,248,13,235,17.05685618729097,8.695652173913043,8.361204013377927,82.94314381270902,4.3478260869565215,78.59531772575251
E00086801,273,49,17,32,224,22,202,17.94871794871795,6.227106227106227,11.72161172161172,82.05128205128204,8.058608058608058,73.992673992674
E00086802,325,93,38,55,232,19,213,28.615384615384613,11.692307692307692,16.923076923076923,71.38461538461539,5.846153846153846,65.53846153846153
E00086803,404,75,34,41,329,29,300,18.564356435643564,8.415841584158416,10.14851485148515,81.43564356435643,7.1782178217821775,74.25742574257426
E00086804,300,66,26,40,234,18,216,22,8.666666666666668,13.333333333333334,78,6,72
E00086805,337,57,24,33,280,24,256,16.913946587537094,7.121661721068249,9.792284866468842,83.08605341246292,7.121661721068249,75.96439169139467
E00086806,274,52,25,27,222,26,196,18.97810218978102,9.124087591240876,9.854014598540147,81.02189781021897,9.48905109489051,71.53284671532847
E00086807,290,68,27,41,222,25,197,23.448275862068964,9.310344827586208,14.13793103448276,76.55172413793103,8.620689655172415,67.93103448275862
E00086808,193,36,13,23,157,16,141,18.65284974093264,6.7357512953367875,11.917098445595855,81.34715025906736,8.290155440414509,73.05699481865285
E00086809,292,43,17,26,249,9,240,14.726027397260275,5.821917808219178,8.904109589041095,85.27397260273972,3.0821917808219177,82.1917808219178
E00086810,338,59,14,45,279,36,243,17.45562130177515,4.142011834319527,13.313609467455622,82.54437869822485,10.650887573964498,71.89349112426035
E00086811,296,49,20,29,247,22,225,16.554054054054053,6.756756756756757,9.797297297297296,83.44594594594594,7.4324324324324325,76.01351351351352
E00086812,278,33,10,23,245,17,228,11.870503597122301,3.5971223021582732,8.273381294964029,88.12949640287769,6.115107913669065,82.01438848920863
E00086813,237,41,14,27,196,16,180,17.29957805907173,5.9071729957805905,11.39240506329114,82.70042194092827,6.751054852320674,75.9493670886076
E00086814,326,51,15,36,275,28,247,15.644171779141105,4.601226993865031,11.042944785276074,84.3558282208589,8.588957055214724,75.76687116564416
E00086815,328,91,34,57,237,25,212,27.743902439024392,10.365853658536585,17.378048780487802,72.2560975609756,7.621951219512195,64.63414634146342
E00086816,325,40,16,24,285,34,251,12.307692307692308,4.923076923076923,7.384615384615385,87.6923076923077,10.461538461538462,77.23076923076924
E00086817,195,27,14,13,168,7,161,13.846153846153847,7.179487179487179,6.666666666666667,86.15384615384616,3.5897435897435894,82.564102564102555
E00086818,387,50,10,40,337,31,306,12.919896640826872,2.5839793281653747,10.335917312661499,87.08010335917312,8.010335917312661,79.06976744186046
E00086819,253,41,17,24,212,23,189,16.205533596837945,6.719367588932807,9.486166007905137,83.79446640316206,9.090909090909092,74.70355731225297
E00086820,248,51,18,33,197,24,173,20.56451612903226,7.258064516129033,13.306451612903224,79.43548387096774,9.67741935483871,69.75806451612904
E00086821,326,53,20,33,273,24,249,16.257668711656443,6.134969325153374,10.122699386503067,83.74233128834356,7.361963190184049,76.38036809815951
E00086822,314,43,16,27,271,21,250,13.694267515923567,5.095541401273886,8.598726114649681,86.30573248407643,6.687898089171974,79.61783439490446
E00086823,414,60,21,39,354,23,331,14.492753623188406,5.072463768115942,9.420289855072465,85.5072463768116,5.555555555555555,79.95169082125604
E00086824,158,27,8,19,131,10,121,17.088607594936708,5.063291139240507,12.025316455696203,82.91139240506328,6.329113924050633,76.58227848101265
E00086825,259,32,10,22,227,16,211,12.355212355212355,3.861003861003861,8.494208494208493,87.64478764478764,6.177606177606178,81.46718146718148
E00086826,371,71,25,46,300,20,280,19.137466307277627,6.738544474393531,12.398921832884097,80.86253369272237,5.3908355795148255,75.47169811320755
E00086827,249,58,21,37,191,15,176,23.293172690763054,8.433734939759036,14.859437751004014,76.70682730923694,6.024096385542169,70.68273092369478
E00086828,316,68,34,34,248,23,225,21.518987341772153,10.759493670886076,10.759493670886076,78.48101265822784,7.2784810126582276,71.20253164556962
E00086829,381,50,21,29,331,21,310,13.123359580052494,5.511811023622047,7.611548556430446,86.8766404199475,5.511811023622047,81.36482939632546
E00086830,382,74,24,50,308,24,284,19.3717277486911,6.282722513089005,13.089005235602095,80.6282722513089,6.282722513089005,74.3455497382199
E00086831,297,51,21,30,246,29,217,17.17171717171717,7.07070707070707,10.1010101010101,82.82828282828282,9.764309764309765,73.06397306397307
E00086832,318,50,20,30,268,22,246,15.723270440251572,6.289308176100629,9.433962264150944,84.27672955974843,6.918238993710692,77.35849056603774
E00086833,326,57,24,33,269,13,256,17.484662576687114,7.361963190184049,10.122699386503067,82.51533742331289,3.9877300613496933,78.52760736196319
E00086834,294,51,12,39,243,15,228,17.346938775510203,4.081632653061225,13.26530612244898,82.6530612244898,5.1020408163265305,77.55102040816327
E00086835,279,43,16,27,236,33,203,15.412186379928317,5.734767025089606,9.67741935483871,84.58781362007169,11.827956989247312,72.75985663082437
E00086836,352,71,31,40,281,28,253,20.170454545454543,8.806818181818182,11.363636363636363,79.82954545454545,7.954545454545454,71.875
E00086837,448,65,20,45,383,24,359,14.508928571428573,4.464285714285714,10.044642857142858,85.49107142857143,5.357142857142857,80.13392857142857
E00086838,363,55,13,42,308,38,270,15.151515151515152,3.581267217630854,11.570247933884298,84.84848484848484,10.46831955922865,74.3801652892562
E00086839,251,37,9,28,214,20,194,14.741035856573706,3.5856573705179287,11.155378486055776,85.2589641434263,7.968127490039841,77.29083665338645
E00086841,341,48,19,29,293,24,269,14.076246334310852,5.571847507331378,8.504398826979472,85.92375366568915,7.038123167155426,78.88563049853371
E00086842,329,45,14,31,284,23,261,13.677811550151976,4.25531914893617,9.422492401215806,86.32218844984803,6.990881458966565,79.33130699088146
E00086843,303,40,18,22,263,31,232,13.2013201320132,5.9405940594059405,7.2607260726072615,86.79867986798679,10.231023102310232,76.56765676567657
E00086844,235,26,7,19,209,21,188,11.063829787234042,2.9787234042553195,8.085106382978724,88.93617021276596,8.936170212765958,80
E00086845,275,33,8,25,242,32,210,12,2.909090909090909,9.090909090909092,88,11.636363636363637,76.36363636363637
E00086846,255,30,14,16,225,32,193,11.76470588235294,5.490196078431373,6.2745098039215685,88.23529411764706,12.549019607843137,75.68627450980392
E00086847,307,34,11,23,273,25,248,11.074918566775244,3.5830618892508146,7.491856677524431,88.92508143322475,8.143322475570033,80.78175895765473
E00086848,263,27,8,19,236,17,219,10.26615969581749,3.041825095057034,7.224334600760455,89.73384030418251,6.4638783269961975,83.26996197718631
E00086849,368,49,11,38,319,42,277,13.31521739130435,2.989130434782609,10.326086956521738,86.68478260869566,11.41304347826087,75.27173913043478
E00086850,221,34,19,15,187,3,184,15.384615384615385,8.597285067873303,6.787330316742081,84.61538461538461,1.3574660633484164,83.2579185520362
E00086851,307,62,22,40,245,11,234,20.195439739413683,7.166123778501629,13.029315960912053,79.80456026058633,3.5830618892508146,76.2214983713355
E00086852,397,114,55,59,283,33,250,28.71536523929471,13.85390428211587,14.86146095717884,71.28463476070529,8.312342569269521,62.97229219143576
E00086853,318,54,20,34,264,17,247,16.9811320754717,6.289308176100629,10.69182389937107,83.01886792452831,5.345911949685535,77.67295597484278
E00086854,370,52,17,35,318,26,292,14.054054054054054,4.594594594594595,9.45945945945946,85.94594594594595,7.027027027027027,78.91891891891892
E00086855,251,20,7,13,231,19,212,7.968127490039841,2.788844621513944,5.179282868525896,92.03187250996015,7.569721115537849,84.4621513944223
E00086856,195,21,9,12,174,13,161,10.76923076923077,4.615384615384616,6.153846153846154,89.23076923076924,6.666666666666667,82.564102564102555
E00086857,229,24,7,17,205,19,186,10.480349344978166,3.056768558951965,7.423580786026202,89.51965065502183,8.296943231441048,81.22270742358079
E00086858,215,36,13,23,179,11,168,16.74418604651163,6.046511627906977,10.69767441860465,83.25581395348837,5.116279069767442,78.13953488372093
E00086859,318,43,16,27,275,23,252,13.522012578616351,5.031446540880504,8.49056603773585,86.47798742138365,7.232704402515723,79.24528301886792
E00086860,434,64,22,42,370,28,342,14.746543778801843,5.0691244239631335,9.67741935483871,85.25345622119815,6.451612903225806,78.80184331797236
E00086861,308,56,28,28,252,22,230,18.181818181818183,9.090909090909092,9.090909090909092,81.81818181818183,7.142857142857142,74.67532467532467
E00086862,308,32,14,18,276,29,247,10.38961038961039,4.545454545454546,5.844155844155844,89.6103896103896,9.415584415584416,80.1948051948052
E00086863,308,50,15,35,258,20,238,16.233766233766232,4.870129870129871,11.363636363636363,83.76623376623377,6.493506493506493,77.27272727272727
E00086864,330,74,27,47,256,34,222,22.424242424242426,8.181818181818182,14.242424242424242,77.57575757575758,10.303030303030303,67.27272727272727
E00086865,332,63,29,34,269,22,247,18.97590361445783,8.734939759036145,10.240963855421686,81.02409638554217,6.626506024096386,74.3975903614458
E00086866,317,66,31,35,251,16,235,20.82018927444795,9.779179810725552,11.041009463722396,79.17981072555204,5.047318611987381,74.13249211356468
E00086867,343,68,30,38,275,23,252,19.825072886297377,8.746355685131196,11.078717201166182,80.17492711370262,6.705539358600583,73.46938775510205
E00086868,350,63,18,45,287,22,265,18,5.142857142857142,12.857142857142856,82,6.2857142857142865,75.71428571428571
E00086869,334,57,24,33,277,20,257,17.065868263473057,7.18562874251497,9.880239520958083,82.93413173652695,5.9880239520958085,76.94610778443113
E00086870,260,61,31,30,199,18,181,23.46153846153846,11.923076923076923,11.538461538461538,76.53846153846153,6.923076923076923,69.61538461538461
E00086871,343,55,22,33,288,28,260,16.034985422740526,6.41399416909621,9.620991253644315,83.96501457725948,8.16326530612245,75.80174927113703
E00086872,260,71,36,35,189,18,171,27.307692307692307,13.846153846153847,13.461538461538462,72.6923076923077,6.923076923076923,65.76923076923077
E00086873,374,78,30,48,296,20,276,20.855614973262032,8.0213903743315509,12.834224598930483,79.14438502673798,5.347593582887701,73.79679144385027
E00086874,295,46,19,27,249,32,217,15.593220338983052,6.440677966101695,9.152542372881356,84.40677966101696,10.847457627118644,73.5593220338983
E00086875,281,54,20,34,227,21,206,19.217081850533805,7.11743772241993,12.099644128113878,80.78291814946618,7.473309608540925,73.30960854092527
E00086876,259,54,28,26,205,15,190,20.84942084942085,10.81081081081081,10.038610038610038,79.15057915057915,5.7915057915057915,73.35907335907336
E00086877,424,67,36,31,357,22,335,15.80188679245283,8.49056603773585,7.311320754716981,84.19811320754717,5.188679245283019,79.00943396226415
E00086878,353,64,24,40,289,30,259,18.13031161473088,6.79886685552408,11.3314447592068,81.86968838526913,8.498583569405099,73.37110481586402
E00086879,241,72,29,43,169,23,146,29.87551867219917,12.033195020746888,17.842323651452283,70.12448132780082,9.54356846473029,60.58091286307054
E00086880,377,47,18,29,330,28,302,12.46684350132626,4.774535809018567,7.6923076923076925,87.53315649867373,7.427055702917771,80.10610079575596
E00086881,326,71,26,45,255,19,236,21.779141104294478,7.975460122699387,13.803680981595093,78.22085889570552,5.828220858895705,72.39263803680981
E00086882,265,45,16,29,220,25,195,16.9811320754717,6.037735849056604,10.943396226415095,83.01886792452831,9.433962264150944,73.58490566037736
E00086883,277,47,16,31,230,30,200,16.967509025270758,5.776173285198556,11.191335740072201,83.03249097472924,10.830324909747292,72.20216606498195
E00086884,255,77,38,39,178,17,161,30.19607843137255,14.901960784313726,15.294117647058824,69.80392156862744,6.666666666666667,63.13725490196078
E00086885,290,64,22,42,226,13,213,22.06896551724138,7.586206896551724,14.482758620689657,77.93103448275862,4.482758620689655,73.44827586206897
E00086886,266,50,20,30,216,23,193,18.796992481203006,7.518796992481203,11.278195488721805,81.203007518797,8.646616541353383,72.55639097744361
E00086887,362,61,28,33,301,20,281,16.85082872928177,7.734806629834254,9.116022099447514,83.14917127071824,5.524861878453039,77.62430939226519
E00086888,242,45,15,30,197,16,181,18.59504132231405,6.198347107438017,12.396694214876034,81.40495867768594,6.6115702479338845,74.79338842975206
E00086889,262,55,22,33,207,24,183,20.99236641221374,8.396946564885496,12.595419847328243,79.00763358778626,9.16030534351145,69.8473282442748
E00086890,199,49,21,28,150,15,135,24.623115577889447,10.552763819095476,14.07035175879397,75.37688442211056,7.537688442211055,67.8391959798995
E00086891,261,77,29,48,184,15,169,29.50191570881226,11.11111111111111,18.39080459770115,70.49808429118774,5.747126436781609,64.75095785440614
E00086892,294,51,18,33,243,22,221,17.346938775510203,6.122448979591836,11.224489795918368,82.6530612244898,7.482993197278912,75.17006802721087
E00086893,489,105,47,58,384,43,341,21.472392638036812,9.611451942740286,11.860940695296524,78.52760736196319,8.793456032719837,69.73415132924336
E00086896,270,68,31,37,202,10,192,25.185185185185183,11.481481481481481,13.703703703703704,74.81481481481481,3.7037037037037033,71.11111111111111
E00086897,314,64,37,27,250,22,228,20.382165605095544,11.78343949044586,8.598726114649681,79.61783439490446,7.006369426751593,72.61146496815286
E00086898,346,43,10,33,303,34,269,12.427745664739884,2.8901734104046244,9.53757225433526,87.57225433526011,9.826589595375722,77.74566473988439
E00086899,238,40,19,21,198,22,176,16.80672268907563,7.9831932773109235,8.823529411764707,83.19327731092437,9.243697478991598,73.94957983193278
E00086900,366,71,33,38,295,22,273,19.398907103825135,9.01639344262295,10.382513661202186,80.60109289617486,6.0109289617486334,74.59016393442623
E00086901,229,32,14,18,197,14,183,13.973799126637553,6.11353711790393,7.860262008733625,86.02620087336244,6.11353711790393,79.91266375545851
E00086902,290,68,27,41,222,18,204,23.448275862068964,9.310344827586208,14.13793103448276,76.55172413793103,6.206896551724138,70.34482758620689
E00086903,286,51,17,34,235,23,212,17.832167832167833,5.944055944055944,11.888111888111888,82.16783216783216,8.041958041958042,74.12587412587412
E00086904,313,57,21,36,256,29,227,18.210862619808307,6.7092651757188495,11.501597444089457,81.78913738019169,9.26517571884984,72.52396166134186
E00086905,305,50,17,33,255,32,223,16.39344262295082,5.573770491803279,10.819672131147541,83.60655737704919,10.491803278688524,73.11475409836066
E00086906,338,67,33,34,271,26,245,19.82248520710059,9.763313609467456,10.059171597633137,80.1775147928994,7.6923076923076925,72.48520710059172
E00086907,251,73,32,41,178,7,171,29.08366533864542,12.749003984063744,16.334661354581673,70.91633466135458,2.788844621513944,68.12749003984064
E00086908,313,70,43,27,243,25,218,22.364217252396166,13.738019169329075,8.626198083067091,77.63578274760383,7.987220447284344,69.6485623003195
E00086909,384,47,17,30,337,27,310,12.239583333333332,4.427083333333334,7.8125,87.76041666666666,7.03125,80.72916666666666
E00086910,387,69,26,43,318,35,283,17.829457364341085,6.718346253229974,11.11111111111111,82.17054263565892,9.043927648578812,73.1266149870801
E00086911,335,83,43,40,252,21,231,24.776119402985074,12.835820895522387,11.940298507462686,75.22388059701493,6.26865671641791,68.95522388059702
E00086912,316,59,17,42,257,22,235,18.670886075949365,5.379746835443038,13.291139240506327,81.32911392405063,6.962025316455696,74.36708860759494
E00086913,337,72,28,44,265,15,250,21.364985163204746,8.30860534124629,13.056379821958458,78.63501483679525,4.451038575667656,74.1839762611276
E00086914,305,57,18,39,248,19,229,18.688524590163937,5.901639344262295,12.786885245901638,81.31147540983606,6.229508196721312,75.08196721311475
E00086915,298,61,31,30,237,6,231,20.469798657718123,10.40268456375839,10.06711409395973,79.53020134228188,2.013422818791946,77.51677852348993
E00086916,305,33,12,21,272,27,245,10.819672131147541,3.934426229508197,6.885245901639345,89.18032786885246,8.852459016393443,80.32786885245902
E00086917,272,38,14,24,234,17,217,13.970588235294118,5.147058823529411,8.823529411764707,86.02941176470588,6.25,79.77941176470588
E00086918,251,36,10,26,215,17,198,14.342629482071715,3.9840637450199203,10.358565737051793,85.65737051792829,6.772908366533864,78.88446215139442
E00086919,281,56,22,34,225,20,205,19.9288256227758,7.829181494661921,12.099644128113878,80.0711743772242,7.11743772241993,72.95373665480427
E00086920,267,40,12,28,227,30,197,14.981273408239701,4.49438202247191,10.486891385767791,85.0187265917603,11.235955056179774,73.78277153558052
E00086921,286,62,24,38,224,23,201,21.678321678321677,8.391608391608392,13.286713286713287,78.32167832167832,8.041958041958042,70.27972027972028
E00086922,346,71,26,45,275,22,253,20.520231213872833,7.514450867052023,13.005780346820808,79.47976878612717,6.358381502890173,73.121387283237
E00086923,573,120,55,65,453,18,435,20.94240837696335,9.598603839441536,11.343804537521814,79.05759162303664,3.1413612565445024,75.91623036649214
E00086925,294,72,29,43,222,15,207,24.489795918367346,9.863945578231291,14.625850340136054,75.51020408163265,5.1020408163265305,70.40816326530613
E00086926,318,59,28,31,259,22,237,18.553459119496853,8.80503144654088,9.748427672955975,81.44654088050315,6.918238993710692,74.52830188679245
E00086929,324,58,25,33,266,19,247,17.901234567901234,7.716049382716049,10.185185185185185,82.09876543209876,5.864197530864197,76.23456790123457
E00086930,361,45,16,29,316,34,282,12.465373961218837,4.43213296398892,8.033240997229916,87.53462603878116,9.418282548476455,78.1163434903047
E00086931,274,75,34,41,199,10,189,27.37226277372263,12.408759124087592,14.963503649635038,72.62773722627736,3.64963503649635,68.97810218978103
E00086932,330,83,40,43,247,12,235,25.151515151515152,12.121212121212121,13.030303030303031,74.84848484848486,3.6363636363636362,71.21212121212122
E00086933,351,66,31,35,285,17,268,18.803418803418804,8.831908831908832,9.971509971509972,81.19658119658119,4.843304843304843,76.35327635327636
E00086934,188,71,34,37,117,10,107,37.765957446808514,18.085106382978726,19.680851063829788,62.23404255319149,5.319148936170213,56.91489361702128
E00086935,241,34,11,23,207,11,196,14.107883817427386,4.564315352697095,9.54356846473029,85.89211618257261,4.564315352697095,81.32780082987551
E00086936,409,50,15,35,359,27,332,12.224938875305623,3.6674816625916873,8.557457212713937,87.77506112469437,6.601466992665037,81.17359413202934
E00086937,288,43,15,28,245,29,216,14.930555555555555,5.208333333333334,9.722222222222223,85.06944444444444,10.069444444444445,75
E00086938,406,60,25,35,346,25,321,14.77832512315271,6.157635467980295,8.620689655172415,85.22167487684729,6.157635467980295,79.06403940886699
E00086939,354,48,20,28,306,24,282,13.559322033898304,5.649717514124294,7.909604519774012,86.4406779661017,6.779661016949152,79.66101694915254
E00086940,323,54,21,33,269,15,254,16.718266253869967,6.5015479876160995,10.21671826625387,83.28173374613003,4.643962848297214,78.63777089783281
E00086941,119,44,24,20,75,4,71,36.97478991596639,20.168067226890756,16.80672268907563,63.02521008403361,3.361344537815126,59.66386554621849
E00086942,369,46,22,24,323,29,294,12.466124661246612,5.9620596205962055,6.504065040650407,87.53387533875339,7.8590785907859075,79.67479674796748
E00086943,345,56,15,41,289,18,271,16.231884057971012,4.3478260869565215,11.884057971014492,83.76811594202898,5.217391304347826,78.55072463768116
E00086944,385,38,13,25,347,29,318,9.87012987012987,3.3766233766233764,6.493506493506493,90.12987012987013,7.532467532467532,82.5974025974026
E00086945,442,62,25,37,380,31,349,14.027149321266968,5.656108597285068,8.3710407239819,85.97285067873304,7.013574660633484,78.95927601809954
E00086946,314,66,25,41,248,20,228,21.019108280254777,7.961783439490445,13.05732484076433,78.98089171974523,6.369426751592357,72.61146496815286
E00086947,403,85,34,51,318,31,287,21.09181141439206,8.436724565756824,12.655086848635236,78.90818858560795,7.6923076923076925,71.21588089330024
E00086948,411,51,23,28,360,28,332,12.408759124087592,5.59610705596107,6.81265206812652,87.59124087591242,6.81265206812652,80.7785888077859
E00086949,357,52,29,23,305,15,290,14.565826330532214,8.123249299719888,6.442577030812324,85.43417366946778,4.201680672268908,81.23249299719888
E00086950,278,45,14,31,233,14,219,16.18705035971223,5.0359712230215825,11.151079136690647,83.81294964028777,5.0359712230215825,78.77697841726618
E00086951,354,46,19,27,308,14,294,12.994350282485875,5.367231638418079,7.627118644067797,87.00564971751412,3.954802259887006,83.05084745762711
E00086952,242,51,20,31,191,15,176,21.074380165289256,8.264462809917356,12.8099173553719,78.92561983471074,6.198347107438017,72.72727272727273
E00086953,295,32,13,19,263,14,249,10.847457627118644,4.406779661016949,6.440677966101695,89.15254237288136,4.745762711864407,84.40677966101696
E00086954,223,35,14,21,188,13,175,15.695067264573993,6.278026905829597,9.417040358744394,84.30493273542601,5.829596412556054,78.47533632286996
E00086955,331,61,27,34,270,13,257,18.429003021148034,8.157099697885197,10.27190332326284,81.57099697885197,3.927492447129909,77.64350453172206
E00086956,302,65,33,32,237,11,226,21.52317880794702,10.927152317880795,10.596026490066226,78.47682119205298,3.642384105960265,74.83443708609272
E00086957,318,59,34,25,259,18,241,18.553459119496853,10.69182389937107,7.861635220125786,81.44654088050315,5.660377358490567,75.78616352201259
E00086958,391,79,32,47,312,24,288,20.20460358056266,8.184143222506394,12.020460358056265,79.79539641943734,6.138107416879795,73.65728900255755
E00086959,352,76,35,41,276,16,260,21.59090909090909,9.943181818181818,11.647727272727272,78.4090909090909,4.545454545454546,73.86363636363636
E00086960,343,76,30,46,267,21,246,22.157434402332363,8.746355685131196,13.411078717201166,77.84256559766763,6.122448979591836,71.7201166180758
E00086961,264,76,41,35,188,25,163,28.78787878787879,15.530303030303031,13.257575757575758,71.21212121212122,9.469696969696969,61.74242424242424
E00086962,308,63,19,44,245,30,215,20.454545454545457,6.1688311688311686,14.285714285714285,79.54545454545455,9.740259740259742,69.8051948051948
E00086963,379,70,29,41,309,20,289,18.46965699208443,7.651715039577836,10.817941952506596,81.53034300791556,5.277044854881266,76.2532981530343
E00086964,301,31,12,19,270,26,244,10.299003322259136,3.9867109634551494,6.312292358803987,89.70099667774086,8.637873754152823,81.06312292358804
E00086965,312,53,17,36,259,30,229,16.98717948717949,5.448717948717949,11.538461538461538,83.01282051282051,9.615384615384617,73.3974358974359
E00086966,431,66,21,45,365,28,337,15.31322505800464,4.872389791183294,10.440835266821345,84.68677494199535,6.496519721577726,78.19025522041764
E00086967,380,54,22,32,326,31,295,14.210526315789473,5.7894736842105265,8.421052631578947,85.78947368421052,8.157894736842106,77.63157894736842
E00086968,290,67,26,41,223,19,204,23.103448275862068,8.96551724137931,14.13793103448276,76.89655172413794,6.551724137931035,70.34482758620689
E00086969,189,61,29,32,128,11,117,32.27513227513227,15.343915343915343,16.93121693121693,67.72486772486772,5.82010582010582,61.904761904761905
E00086970,351,52,18,34,299,31,268,14.814814814814813,5.128205128205128,9.686609686609685,85.18518518518519,8.831908831908832,76.35327635327636
E00086971,354,57,29,28,297,32,265,16.101694915254235,8.192090395480225,7.909604519774012,83.89830508474576,9.03954802259887,74.85875706214689
E00086972,250,47,18,29,203,31,172,18.8,7.199999999999999,11.600000000000001,81.2,12.4,68.8
E00086973,292,37,15,22,255,24,231,12.67123287671233,5.136986301369863,7.534246575342466,87.32876712328768,8.21917808219178,79.1095890410959
E00086974,307,54,23,31,253,29,224,17.58957654723127,7.491856677524431,10.097719869706841,82.41042345276874,9.446254071661238,72.9641693811075
E00086975,279,42,13,29,237,20,217,15.053763440860216,4.659498207885305,10.39426523297491,84.94623655913979,7.168458781362006,77.77777777777779
E00086976,301,62,19,43,239,10,229,20.59800664451827,6.312292358803987,14.285714285714285,79.40199335548172,3.322259136212625,76.0797342192691
E00086977,332,47,20,27,285,36,249,14.156626506024098,6.024096385542169,8.132530120481928,85.8433734939759,10.843373493975903,75
E00086978,401,96,37,59,305,31,274,23.940149625935163,9.226932668329177,14.713216957605985,76.05985037406484,7.73067331670823,68.3291770573566
E00086979,249,58,15,43,191,21,170,23.293172690763054,6.024096385542169,17.269076305220885,76.70682730923694,8.433734939759036,68.27309236947792
E00086980,310,72,30,42,238,30,208,23.225806451612904,9.67741935483871,13.548387096774196,76.77419354838709,9.67741935483871,67.0967741935484
E00086981,365,54,14,40,311,34,277,14.794520547945206,3.8356164383561646,10.95890410958904,85.2054794520548,9.315068493150685,75.89041095890411
E00086982,331,40,18,22,291,23,268,12.084592145015106,5.438066465256798,6.646525679758309,87.91540785498489,6.948640483383686,80.96676737160121
E00086983,331,62,19,43,269,24,245,18.731117824773413,5.740181268882175,12.990936555891238,81.2688821752266,7.250755287009064,74.01812688821752
E00086984,296,40,17,23,256,32,224,13.513513513513514,5.743243243243244,7.77027027027027,86.48648648648648,10.81081081081081,75.67567567567568
E00086985,243,41,18,23,202,20,182,16.872427983539097,7.4074074074074066,9.465020576131687,83.1275720164609,8.23045267489712,74.8971193415638
E00086986,352,95,42,53,257,19,238,26.988636363636363,11.931818181818182,15.056818181818182,73.01136363636364,5.3977272727272725,67.61363636363636
E00086987,331,51,10,41,280,30,250,15.407854984894259,3.0211480362537766,12.386706948640484,84.59214501510573,9.06344410876133,75.52870090634441
E00086988,327,48,10,38,279,32,247,14.678899082568808,3.058103975535168,11.62079510703364,85.3211009174312,9.785932721712538,75.53516819571865
E00086989,324,61,23,38,263,24,239,18.82716049382716,7.098765432098765,11.728395061728394,81.17283950617285,7.4074074074074066,73.76543209876543
E00086990,286,42,13,29,244,20,224,14.685314685314685,4.545454545454546,10.13986013986014,85.3146853146853,6.993006993006993,78.32167832167832
E00086991,385,71,22,49,314,30,284,18.441558441558442,5.714285714285714,12.727272727272727,81.55844155844156,7.792207792207792,73.76623376623377
E00086992,288,61,28,33,227,27,200,21.180555555555554,9.722222222222223,11.458333333333332,78.81944444444444,9.375,69.44444444444444
E00086993,382,91,47,44,291,23,268,23.82198952879581,12.30366492146597,11.518324607329843,76.17801047120419,6.020942408376963,70.15706806282722
E00086994,343,87,41,46,256,22,234,25.364431486880466,11.9533527696793,13.411078717201166,74.63556851311954,6.41399416909621,68.22157434402332
E00086995,296,44,17,27,252,18,234,14.864864864864865,5.743243243243244,9.121621621621621,85.13513513513513,6.081081081081082,79.05405405405406
E00086996,289,97,52,45,192,18,174,33.56401384083045,17.99307958477509,15.570934256055363,66.43598615916954,6.228373702422145,60.207612456747405
E00086997,303,46,13,33,257,18,239,15.181518151815181,4.29042904290429,10.891089108910892,84.81848184818482,5.9405940594059405,78.87788778877888
E00086998,278,64,23,41,214,33,181,23.021582733812952,8.273381294964029,14.748201438848922,76.97841726618705,11.870503597122301,65.10791366906474
E00086999,363,57,25,32,306,23,283,15.702479338842975,6.887052341597796,8.81542699724518,84.29752066115702,6.336088154269973,77.96143250688705
E00087000,298,48,15,33,250,30,220,16.10738255033557,5.033557046979865,11.073825503355705,83.89261744966443,10.06711409395973,73.8255033557047
E00087001,251,80,37,43,171,14,157,31.872509960159363,14.741035856573706,17.131474103585656,68.12749003984064,5.577689243027888,62.54980079681275
E00087002,379,75,35,40,304,28,276,19.788918205804748,9.234828496042216,10.554089709762533,80.21108179419525,7.387862796833773,72.82321899736148
E00087003,290,37,11,26,253,26,227,12.758620689655173,3.793103448275862,8.96551724137931,87.24137931034483,8.96551724137931,78.27586206896552
E00087004,244,56,32,24,188,9,179,22.950819672131146,13.114754098360656,9.836065573770492,77.04918032786885,3.6885245901639343,73.36065573770492
E00087005,254,33,11,22,221,19,202,12.992125984251967,4.330708661417323,8.661417322834646,87.00787401574803,7.480314960629922,79.52755905511812
E00087006,355,54,15,39,301,28,273,15.211267605633802,4.225352112676056,10.985915492957748,84.78873239436619,7.887323943661972,76.90140845070422
E00087007,247,27,9,18,220,23,197,10.931174089068826,3.643724696356275,7.28744939271255,89.06882591093117,9.31174089068826,79.75708502024291
E00087008,300,36,11,25,264,21,243,12,3.6666666666666665,8.333333333333332,88,7.000000000000001,81
E00087009,242,46,10,36,196,26,170,19.00826446280992,4.132231404958678,14.87603305785124,80.99173553719008,10.743801652892563,70.24793388429752
E00087010,316,74,22,52,242,18,224,23.417721518987342,6.962025316455696,16.455696202531644,76.58227848101265,5.69620253164557,70.88607594936708
E00087011,312,57,22,35,255,31,224,18.269230769230766,7.051282051282051,11.217948717948719,81.73076923076923,9.935897435897436,71.7948717948718
E00087012,331,62,28,34,269,26,243,18.731117824773413,8.459214501510575,10.27190332326284,81.2688821752266,7.854984894259818,73.41389728096676
E00087013,249,56,24,32,193,11,182,22.48995983935743,9.63855421686747,12.851405622489958,77.51004016064257,4.417670682730924,73.09236947791165
E00087014,269,48,16,32,221,17,204,17.843866171003718,5.947955390334572,11.895910780669144,82.15613382899627,6.319702602230483,75.8364312267658
E00087015,149,25,10,15,124,12,112,16.778523489932887,6.7114093959731544,10.06711409395973,83.22147651006712,8.053691275167784,75.16778523489933
E00087016,321,61,24,37,260,29,231,19.003115264797508,7.476635514018691,11.526479750778815,80.99688473520249,9.034267912772584,71.96261682242991
E00087017,284,46,16,30,238,11,227,16.19718309859155,5.633802816901409,10.56338028169014,83.80281690140845,3.873239436619718,79.92957746478874
E00087018,312,64,31,33,248,13,235,20.51282051282051,9.935897435897436,10.576923076923077,79.48717948717949,4.166666666666666,75.32051282051282
E00087019,282,34,9,25,248,38,210,12.056737588652481,3.1914893617021276,8.865248226950355,87.94326241134752,13.47517730496454,74.46808510638297
E00087020,220,37,21,16,183,17,166,16.818181818181817,9.545454545454547,7.2727272727272725,83.18181818181817,7.727272727272727,75.45454545454545
E00087021,388,81,45,36,307,13,294,20.876288659793815,11.597938144329897,9.278350515463918,79.12371134020619,3.350515463917526,75.77319587628865
E00087022,319,51,21,30,268,23,245,15.987460815047022,6.583072100313479,9.404388714733543,84.01253918495298,7.210031347962382,76.8025078369906
E00087023,240,35,9,26,205,19,186,14.583333333333334,3.75,10.833333333333334,85.41666666666666,7.916666666666666,77.5
E00087024,327,51,11,40,276,18,258,15.59633027522936,3.3639143730886847,12.232415902140673,84.40366972477065,5.5045871559633035,78.89908256880734
E00087025,250,40,10,30,210,14,196,16,4,12,84,5.6000000000000005,78.4
E00087026,535,69,7,62,466,40,426,12.897196261682243,1.3084112149532712,11.588785046728972,87.10280373831776,7.476635514018691,79.62616822429906
E00087027,253,33,11,22,220,32,188,13.043478260869565,4.3478260869565215,8.695652173913043,86.95652173913044,12.648221343873518,74.30830039525692
E00087028,242,37,15,22,205,17,188,15.289256198347106,6.198347107438017,9.090909090909092,84.71074380165288,7.024793388429752,77.68595041322314
E00087029,436,98,36,62,338,26,312,22.477064220183486,8.256880733944955,14.220183486238533,77.52293577981652,5.963302752293578,71.55963302752293
E00087030,383,66,15,51,317,35,282,17.232375979112273,3.91644908616188,13.315926892950392,82.76762402088774,9.138381201044385,73.62924281984334
E00087031,283,43,8,35,240,34,206,15.19434628975265,2.8268551236749118,12.36749116607774,84.80565371024736,12.014134275618375,72.79151943462897
E00087032,362,71,20,51,291,30,261,19.613259668508288,5.524861878453039,14.088397790055248,80.38674033149171,8.287292817679557,72.09944751381215
E00087033,366,56,18,38,310,34,276,15.300546448087433,4.918032786885246,10.382513661202186,84.69945355191257,9.289617486338798,75.40983606557377
E00087034,243,36,12,24,207,25,182,14.814814814814813,4.938271604938271,9.876543209876543,85.18518518518519,10.2880658436214,74.8971193415638
E00087035,300,48,26,22,252,20,232,16,8.666666666666668,7.333333333333333,84,6.666666666666667,77.33333333333333
E00087036,281,41,12,29,240,33,207,14.590747330960854,4.270462633451958,10.320284697508896,85.40925266903915,11.743772241992882,73.66548042704626
E00087037,199,31,15,16,168,13,155,15.577889447236181,7.537688442211055,8.040201005025125,84.42211055276381,6.532663316582915,77.88944723618091
E00087038,305,49,21,28,256,22,234,16.065573770491802,6.885245901639345,9.180327868852459,83.93442622950819,7.213114754098362,76.72131147540983
E00087039,204,27,8,19,177,15,162,13.23529411764706,3.9215686274509802,9.313725490196079,86.76470588235294,7.352941176470589,79.41176470588235
E00087040,245,45,17,28,200,16,184,18.367346938775512,6.938775510204081,11.428571428571429,81.63265306122449,6.530612244897959,75.10204081632654
E00087041,320,37,15,22,283,23,260,11.5625,4.6875,6.875000000000001,88.4375,7.187499999999999,81.25
E00087042,281,72,38,34,209,18,191,25.622775800711743,13.523131672597867,12.099644128113878,74.37722419928826,6.405693950177936,67.97153024911033
E00087044,185,24,7,17,161,21,140,12.972972972972974,3.783783783783784,9.18918918918919,87.02702702702703,11.351351351351353,75.67567567567568
E00087045,271,43,19,24,228,23,205,15.867158671586715,7.011070110701106,8.856088560885608,84.13284132841329,8.487084870848708,75.64575645756457
E00087046,390,75,30,45,315,23,292,19.230769230769234,7.6923076923076925,11.538461538461538,80.76923076923077,5.897435897435897,74.87179487179488
E00087047,291,45,13,32,246,17,229,15.463917525773196,4.4673539518900345,10.996563573883162,84.5360824742268,5.841924398625429,78.69415807560138
E00087048,215,46,14,32,169,18,151,21.3953488372093,6.511627906976744,14.883720930232558,78.6046511627907,8.372093023255815,70.23255813953489
E00087049,470,102,55,47,368,32,336,21.70212765957447,11.702127659574469,10,78.29787234042553,6.808510638297872,71.48936170212767
E00087050,228,29,7,22,199,22,177,12.719298245614036,3.070175438596491,9.649122807017543,87.28070175438597,9.649122807017543,77.63157894736842
E00087051,325,70,24,46,255,30,225,21.53846153846154,7.384615384615385,14.153846153846153,78.46153846153847,9.230769230769232,69.23076923076923
E00087052,373,64,29,35,309,15,294,17.158176943699733,7.774798927613941,9.383378016085791,82.84182305630027,4.021447721179625,78.82037533512064
E00087053,337,79,39,40,258,16,242,23.44213649851632,11.572700296735905,11.869436201780417,76.55786350148368,4.747774480712167,71.81008902077151
E00087054,233,26,9,17,207,20,187,11.158798283261802,3.862660944206009,7.296137339055794,88.8412017167382,8.583690987124463,80.25751072961373
E00087055,335,48,20,28,287,22,265,14.328358208955224,5.970149253731343,8.358208955223882,85.67164179104478,6.567164179104477,79.1044776119403
E00087056,394,89,41,48,305,33,272,22.588832487309645,10.406091370558377,12.18274111675127,77.41116751269035,8.375634517766498,69.03553299492386
E00087057,487,61,24,37,426,23,403,12.525667351129362,4.9281314168377826,7.597535934291582,87.47433264887063,4.722792607802875,82.75154004106776
E00087058,414,74,32,42,340,27,313,17.874396135265698,7.729468599033816,10.144927536231885,82.1256038647343,6.521739130434782,75.60386473429952
E00087059,130,76,46,30,54,6,48,58.46153846153847,35.38461538461539,23.076923076923077,41.53846153846154,4.615384615384616,36.92307692307693
E00087060,219,70,24,46,149,13,136,31.963470319634702,10.95890410958904,21.00456621004566,68.0365296803653,5.93607305936073,62.10045662100456
E00087061,404,57,17,40,347,36,311,14.108910891089108,4.207920792079208,9.900990099009901,85.89108910891089,8.91089108910891,76.98019801980197
E00087062,286,41,15,26,245,24,221,14.335664335664337,5.244755244755245,9.090909090909092,85.66433566433567,8.391608391608392,77.27272727272727
E00087063,399,87,40,47,312,29,283,21.804511278195488,10.025062656641603,11.779448621553884,78.19548872180451,7.268170426065162,70.92731829573935
E00087064,327,79,34,45,248,21,227,24.159021406727827,10.397553516819572,13.761467889908257,75.84097859327217,6.422018348623854,69.41896024464832
E00087065,338,47,19,28,291,24,267,13.905325443786982,5.621301775147929,8.284023668639055,86.09467455621301,7.100591715976331,78.99408284023669
E00087066,382,74,32,42,308,27,281,19.3717277486911,8.37696335078534,10.99476439790576,80.6282722513089,7.068062827225131,73.56020942408377
E00087067,296,40,20,20,256,19,237,13.513513513513514,6.756756756756757,6.756756756756757,86.48648648648648,6.418918918918918,80.06756756756756
E00087069,322,64,32,32,258,13,245,19.875776397515526,9.937888198757763,9.937888198757763,80.12422360248446,4.037267080745342,76.08695652173914
E00087070,367,74,29,45,293,18,275,20.16348773841962,7.901907356948229,12.26158038147139,79.83651226158038,4.904632152588556,74.93188010899182
E00087071,333,71,32,39,262,18,244,21.32132132132132,9.60960960960961,11.711711711711711,78.67867867867868,5.405405405405405,73.27327327327328
E00087072,279,68,29,39,211,22,189,24.372759856630825,10.39426523297491,13.978494623655912,75.62724014336918,7.885304659498208,67.74193548387096
E00087073,236,69,39,30,167,14,153,29.23728813559322,16.52542372881356,12.711864406779661,70.76271186440678,5.932203389830509,64.83050847457628
E00087074,278,46,19,27,232,22,210,16.546762589928058,6.83453237410072,9.712230215827338,83.45323741007195,7.913669064748201,75.53956834532374
E00087075,363,65,26,39,298,22,276,17.90633608815427,7.162534435261708,10.743801652892563,82.09366391184572,6.0606060606060606,76.03305785123968
E00087076,190,50,20,30,140,15,125,26.31578947368421,10.526315789473683,15.789473684210526,73.68421052631578,7.894736842105263,65.78947368421053
E00087077,271,65,26,39,206,16,190,23.985239852398525,9.59409594095941,14.391143911439114,76.01476014760148,5.904059040590406,70.11070110701108
E00087078,306,74,32,42,232,12,220,24.183006535947712,10.457516339869281,13.725490196078432,75.81699346405229,3.9215686274509802,71.89542483660131
E00087079,343,74,33,41,269,18,251,21.574344023323615,9.620991253644315,11.9533527696793,78.4256559766764,5.247813411078718,73.17784256559767
E00087080,309,55,26,29,254,25,229,17.79935275080906,8.414239482200648,9.385113268608414,82.20064724919094,8.090614886731391,74.11003236245955
E00087081,319,74,36,38,245,11,234,23.197492163009404,11.285266457680251,11.912225705329153,76.8025078369906,3.4482758620689653,73.35423197492163
E00087082,308,89,41,48,219,20,199,28.8961038961039,13.311688311688311,15.584415584415584,71.1038961038961,6.493506493506493,64.6103896103896
E00087083,410,95,40,55,315,14,301,23.170731707317074,9.75609756097561,13.414634146341465,76.82926829268293,3.414634146341464,73.41463414634146
E00087084,292,86,36,50,206,10,196,29.45205479452055,12.32876712328767,17.123287671232877,70.54794520547945,3.4246575342465753,67.12328767123287
E00087085,316,73,36,37,243,17,226,23.10126582278481,11.39240506329114,11.708860759493671,76.89873417721519,5.379746835443038,71.51898734177216
E00087086,300,59,28,31,241,18,223,19.666666666666664,9.333333333333334,10.333333333333334,80.33333333333333,6,74.33333333333333
E00087087,158,50,25,25,108,16,92,31.645569620253166,15.822784810126583,15.822784810126583,68.35443037974683,10.126582278481013,58.22784810126582
E00087088,306,66,38,28,240,18,222,21.568627450980394,12.418300653594772,9.15032679738562,78.43137254901961,5.88235294117647,72.54901960784314
E00087089,294,64,29,35,230,17,213,21.768707482993197,9.863945578231291,11.904761904761903,78.2312925170068,5.782312925170068,72.44897959183673
E00087090,234,44,20,24,190,11,179,18.803418803418804,8.547008547008547,10.256410256410255,81.19658119658119,4.700854700854701,76.49572649572649
E00087091,258,58,31,27,200,13,187,22.48062015503876,12.015503875968992,10.465116279069768,77.51937984496125,5.038759689922481,72.48062015503875
E00087092,331,64,23,41,267,21,246,19.335347432024168,6.948640483383686,12.386706948640484,80.66465256797582,6.3444108761329305,74.32024169184291
E00087093,234,43,14,29,191,26,165,18.37606837606838,5.982905982905983,12.393162393162394,81.62393162393163,11.11111111111111,70.51282051282051
E00087094,363,67,21,46,296,22,274,18.457300275482094,5.785123966942149,12.672176308539946,81.5426997245179,6.0606060606060606,75.48209366391184
E00087095,384,63,27,36,321,36,285,16.40625,7.03125,9.375,83.59375,9.375,74.21875
E00087096,315,55,29,26,260,15,245,17.46031746031746,9.206349206349207,8.253968253968253,82.53968253968253,4.761904761904762,77.77777777777779
E00087097,165,61,21,40,104,12,92,36.96969696969697,12.727272727272727,24.242424242424242,63.030303030303024,7.2727272727272725,55.757575757575765
E00087098,405,57,22,35,348,25,323,14.074074074074074,5.432098765432099,8.641975308641975,85.92592592592592,6.172839506172839,79.75308641975309
E00087099,277,35,10,25,242,40,202,12.63537906137184,3.6101083032490973,9.025270758122744,87.36462093862815,14.440433212996389,72.92418772563177
E00087100,300,49,18,31,251,16,235,16.333333333333332,6,10.333333333333334,83.66666666666667,5.333333333333334,78.33333333333333
E00087101,390,73,36,37,317,21,296,18.71794871794872,9.230769230769232,9.487179487179487,81.28205128205128,5.384615384615385,75.8974358974359
E00087102,355,71,29,42,284,26,258,20,8.169014084507042,11.830985915492958,80,7.323943661971831,72.67605633802818
E00087103,318,38,10,28,280,31,249,11.949685534591195,3.1446540880503147,8.80503144654088,88.0503144654088,9.748427672955975,78.30188679245283
E00087104,287,43,15,28,244,17,227,14.982578397212542,5.2264808362369335,9.75609756097561,85.01742160278745,5.923344947735192,79.09407665505228
E00087105,370,84,33,51,286,19,267,22.702702702702705,8.91891891891892,13.783783783783784,77.29729729729729,5.135135135135135,72.16216216216216
E00087106,338,50,21,29,288,29,259,14.792899408284024,6.21301775147929,8.579881656804734,85.20710059171599,8.579881656804734,76.62721893491124
E00087107,397,77,43,34,320,20,300,19.395465994962215,10.831234256926953,8.564231738035264,80.60453400503779,5.037783375314862,75.56675062972292
E00087108,332,40,16,24,292,18,274,12.048192771084338,4.819277108433735,7.228915662650602,87.95180722891565,5.421686746987952,82.53012048192771
E00087109,503,102,46,56,401,29,372,20.278330019880716,9.145129224652088,11.133200795228628,79.72166998011929,5.7654075546719685,73.95626242544732
E00087110,316,32,12,20,284,35,249,10.126582278481013,3.79746835443038,6.329113924050633,89.87341772151899,11.075949367088606,78.79746835443038
E00087111,455,84,43,41,371,26,345,18.461538461538463,9.45054945054945,9.010989010989011,81.53846153846153,5.714285714285714,75.82417582417582
E00087112,312,54,17,37,258,22,236,17.307692307692307,5.448717948717949,11.858974358974358,82.6923076923077,7.051282051282051,75.64102564102564
E00087113,321,41,9,32,280,26,254,12.77258566978193,2.803738317757009,9.968847352024921,87.22741433021807,8.09968847352025,79.12772585669782
E00087114,306,55,17,38,251,20,231,17.973856209150327,5.555555555555555,12.418300653594772,82.02614379084967,6.535947712418301,75.49019607843137
E00087115,358,72,32,40,286,19,267,20.11173184357542,8.938547486033519,11.1731843575419,79.88826815642457,5.307262569832402,74.58100558659217
E00087116,323,62,34,28,261,20,241,19.195046439628484,10.526315789473683,8.6687306501548,80.80495356037152,6.191950464396285,74.61300309597523
E00087117,368,52,23,29,316,25,291,14.130434782608695,6.25,7.880434782608696,85.86956521739131,6.7934782608695645,79.07608695652173
E00087118,260,43,21,22,217,13,204,16.538461538461537,8.076923076923077,8.461538461538462,83.46153846153847,5,78.46153846153847
E00087119,306,38,13,25,268,20,248,12.418300653594772,4.248366013071895,8.169934640522875,87.58169934640523,6.535947712418301,81.04575163398692
E00087120,267,31,11,20,236,22,214,11.610486891385769,4.119850187265917,7.490636704119851,88.38951310861424,8.239700374531834,80.14981273408239
E00087121,330,39,12,27,291,36,255,11.818181818181818,3.6363636363636362,8.181818181818182,88.18181818181819,10.909090909090908,77.27272727272727
E00087122,547,60,16,44,487,34,453,10.968921389396709,2.9250457038391224,8.043875685557587,89.03107861060329,6.2157221206581355,82.81535648994516
E00087123,322,53,27,26,269,23,246,16.459627329192546,8.385093167701864,8.074534161490684,83.54037267080744,7.142857142857142,76.3975155279503
E00087124,399,57,19,38,342,33,309,14.285714285714285,4.761904761904762,9.523809523809524,85.71428571428571,8.270676691729323,77.44360902255639
E00087125,273,76,36,40,197,21,176,27.83882783882784,13.186813186813188,14.652014652014653,72.16117216117216,7.6923076923076925,64.46886446886447
E00087126,309,36,10,26,273,24,249,11.650485436893204,3.2362459546925564,8.414239482200648,88.3495145631068,7.766990291262135,80.58252427184466
E00087127,358,42,13,29,316,29,287,11.731843575418994,3.6312849162011176,8.100558659217876,88.26815642458101,8.100558659217876,80.16759776536313
E00087128,355,41,15,26,314,33,281,11.549295774647888,4.225352112676056,7.323943661971831,88.45070422535211,9.295774647887324,79.15492957746478
E00087129,278,58,22,36,220,24,196,20.863309352517987,7.913669064748201,12.949640287769784,79.13669064748201,8.633093525179856,70.50359712230215
E00087130,318,42,16,26,276,31,245,13.20754716981132,5.031446540880504,8.176100628930817,86.79245283018868,9.748427672955975,77.04402515723271
E00087131,324,39,19,20,285,29,256,12.037037037037036,5.864197530864197,6.172839506172839,87.96296296296296,8.950617283950617,79.01234567901234
E00087132,202,60,36,24,142,18,124,29.7029702970297,17.82178217821782,11.881188118811881,70.29702970297029,8.91089108910891,61.386138613861384
E00087133,224,52,26,26,172,22,150,23.214285714285715,11.607142857142858,11.607142857142858,76.78571428571429,9.821428571428571,66.96428571428571
E00087134,321,26,10,16,295,17,278,8.09968847352025,3.115264797507788,4.984423676012461,91.90031152647975,5.29595015576324,86.6043613707165
E00087135,138,58,31,27,80,9,71,42.028985507246375,22.463768115942027,19.565217391304348,57.971014492753625,6.521739130434782,51.449275362318836
E00087136,412,72,26,46,340,22,318,17.475728155339805,6.310679611650485,11.165048543689322,82.52427184466019,5.339805825242718,77.18446601941747
E00087137,240,38,19,19,202,18,184,15.833333333333332,7.916666666666666,7.916666666666666,84.16666666666667,7.5,76.66666666666667
E00087138,311,46,15,31,265,18,247,14.790996784565916,4.823151125401929,9.967845659163988,85.20900321543408,5.787781350482315,79.42122186495176
E00087139,320,52,16,36,268,25,243,16.25,5,11.25,83.75,7.8125,75.9375
E00087140,403,79,39,40,324,21,303,19.602977667493796,9.67741935483871,9.925558312655088,80.39702233250621,5.2109181141439205,75.18610421836229
E00087141,340,49,21,28,291,46,245,14.411764705882351,6.176470588235294,8.235294117647058,85.58823529411764,13.529411764705882,72.05882352941177
E00087142,311,44,10,34,267,32,235,14.14790996784566,3.215434083601286,10.932475884244374,85.85209003215434,10.289389067524116,75.56270096463022
E00087143,300,58,24,34,242,29,213,19.333333333333332,8,11.333333333333332,80.66666666666666,9.666666666666666,71
E00087144,360,57,24,33,303,27,276,15.833333333333332,6.666666666666667,9.166666666666666,84.16666666666667,7.5,76.66666666666667
E00087145,212,28,10,18,184,10,174,13.20754716981132,4.716981132075472,8.49056603773585,86.79245283018868,4.716981132075472,82.0754716981132
E00087146,312,43,16,27,269,27,242,13.782051282051283,5.128205128205128,8.653846153846153,86.21794871794873,8.653846153846153,77.56410256410257
E00087147,374,69,38,31,305,25,280,18.449197860962567,10.16042780748663,8.288770053475936,81.55080213903744,6.684491978609626,74.8663101604278
E00087148,314,71,37,34,243,16,227,22.611464968152866,11.78343949044586,10.828025477707007,77.38853503184714,5.095541401273886,72.29299363057325
E00087149,290,48,25,23,242,31,211,16.551724137931036,8.620689655172415,7.931034482758621,83.44827586206897,10.689655172413794,72.75862068965517
E00087150,311,68,33,35,243,18,225,21.864951768488748,10.610932475884244,11.254019292604502,78.13504823151125,5.787781350482315,72.34726688102894
E00087151,421,72,27,45,349,28,321,17.102137767220903,6.413301662707839,10.688836104513063,82.89786223277909,6.65083135391924,76.24703087885986
E00087152,418,70,25,45,348,39,309,16.74641148325359,5.980861244019139,10.76555023923445,83.25358851674642,9.330143540669857,73.92344497607655
E00087153,240,51,23,28,189,13,176,21.25,9.583333333333334,11.666666666666666,78.75,5.416666666666667,73.33333333333333
E00087154,304,48,20,28,256,22,234,15.789473684210526,6.578947368421052,9.210526315789473,84.21052631578947,7.236842105263158,76.97368421052632
E00087155,245,53,23,30,192,16,176,21.63265306122449,9.387755102040817,12.244897959183673,78.36734693877551,6.530612244897959,71.83673469387755
E00087156,283,70,39,31,213,23,190,24.73498233215548,13.780918727915195,10.954063604240282,75.26501766784452,8.12720848056537,67.13780918727915
E00087157,283,41,17,24,242,23,219,14.487632508833922,6.007067137809187,8.480565371024735,85.51236749116607,8.12720848056537,77.3851590106007
E00087158,305,45,14,31,260,27,233,14.754098360655737,4.590163934426229,10.163934426229508,85.24590163934425,8.852459016393443,76.39344262295083
E00087159,366,64,18,46,302,26,276,17.48633879781421,4.918032786885246,12.568306010928962,82.5136612021858,7.103825136612022,75.40983606557377
E00087160,209,50,29,21,159,17,142,23.923444976076556,13.875598086124402,10.047846889952153,76.07655502392345,8.133971291866029,67.94258373205741
E00087161,317,43,9,34,274,24,250,13.564668769716087,2.8391167192429023,10.725552050473187,86.43533123028391,7.570977917981073,78.86435331230284
E00087162,358,59,25,34,299,19,280,16.480446927374302,6.983240223463687,9.497206703910614,83.5195530726257,5.307262569832402,78.2122905027933
E00087163,318,47,13,34,271,31,240,14.779874213836477,4.088050314465408,10.69182389937107,85.22012578616352,9.748427672955975,75.47169811320755
E00087164,270,53,26,27,217,24,193,19.62962962962963,9.62962962962963,10,80.37037037037037,8.88888888888889,71.48148148148148
E00087165,336,53,20,33,283,24,259,15.773809523809524,5.952380952380952,9.821428571428571,84.22619047619048,7.142857142857142,77.08333333333334
E00087166,146,29,12,17,117,5,112,19.863013698630137,8.21917808219178,11.643835616438356,80.13698630136986,3.4246575342465753,76.71232876712328
E00087167,310,49,21,28,261,24,237,15.806451612903224,6.774193548387098,9.032258064516128,84.19354838709677,7.741935483870968,76.45161290322581
E00087168,355,67,20,47,288,18,270,18.87323943661972,5.633802816901409,13.239436619718308,81.12676056338029,5.070422535211268,76.05633802816901
E00087169,303,55,26,29,248,24,224,18.151815181518153,8.58085808580858,9.570957095709572,81.84818481848185,7.920792079207921,73.92739273927393
E00087170,256,39,12,27,217,22,195,15.234375,4.6875,10.546875,84.765625,8.59375,76.171875
E00087171,217,38,14,24,179,11,168,17.51152073732719,6.451612903225806,11.059907834101383,82.48847926267281,5.0691244239631335,77.41935483870968
E00087172,227,26,9,17,201,18,183,11.45374449339207,3.9647577092511015,7.488986784140969,88.54625550660793,7.929515418502203,80.61674008810573
E00087173,268,59,25,34,209,25,184,22.01492537313433,9.328358208955224,12.686567164179104,77.98507462686567,9.328358208955224,68.65671641791045
E00087174,265,32,9,23,233,16,217,12.075471698113208,3.3962264150943398,8.679245283018867,87.9245283018868,6.037735849056604,81.88679245283019
E00087175,265,36,14,22,229,23,206,13.584905660377359,5.283018867924529,8.30188679245283,86.41509433962264,8.679245283018867,77.73584905660378
E00087176,301,60,28,32,241,18,223,19.93355481727575,9.30232558139535,10.631229235880399,80.06644518272425,5.980066445182724,74.08637873754152
E00087177,349,57,23,34,292,27,265,16.332378223495702,6.59025787965616,9.742120343839542,83.66762177650429,7.736389684813753,75.93123209169055
E00087178,199,83,44,39,116,12,104,41.70854271356784,22.110552763819097,19.597989949748744,58.291457286432156,6.030150753768844,52.26130653266332
E00087179,247,36,15,21,211,27,184,14.5748987854251,6.0728744939271255,8.502024291497975,85.4251012145749,10.931174089068826,74.49392712550608
E00087180,308,56,18,38,252,14,238,18.181818181818183,5.844155844155844,12.337662337662337,81.81818181818183,4.545454545454546,77.27272727272727
E00087181,266,51,19,32,215,15,200,19.172932330827066,7.142857142857142,12.030075187969924,80.82706766917293,5.639097744360902,75.18796992481202
E00087182,270,51,20,31,219,28,191,18.88888888888889,7.4074074074074066,11.481481481481481,81.11111111111111,10.37037037037037,70.74074074074073
E00087183,330,80,30,50,250,30,220,24.242424242424242,9.090909090909092,15.151515151515152,75.75757575757575,9.090909090909092,66.66666666666666
E00087184,225,43,23,20,182,11,171,19.11111111111111,10.222222222222223,8.88888888888889,80.88888888888889,4.888888888888889,76
E00087185,307,46,21,25,261,31,230,14.983713355048861,6.840390879478828,8.143322475570033,85.01628664495115,10.097719869706841,74.9185667752443
E00087186,281,53,18,35,228,16,212,18.86120996441281,6.405693950177936,12.455516014234876,81.13879003558719,5.6939501779359425,75.44483985765125
E00087187,339,66,34,32,273,22,251,19.469026548672566,10.029498525073747,9.43952802359882,80.53097345132744,6.489675516224189,74.04129793510324
E00087188,425,85,38,47,340,24,316,20,8.941176470588236,11.058823529411764,80,5.647058823529412,74.3529411764706
E00087189,367,60,24,36,307,20,287,16.348773841961854,6.539509536784741,9.809264305177113,83.65122615803816,5.449591280653951,78.2016348773842
E00087190,253,53,21,32,200,17,183,20.948616600790515,8.300395256916996,12.648221343873518,79.05138339920948,6.719367588932807,72.33201581027669
E00087191,339,62,28,34,277,27,250,18.289085545722713,8.259587020648967,10.029498525073747,81.71091445427729,7.964601769911504,73.74631268436578
E00087193,340,44,18,26,296,25,271,12.941176470588237,5.294117647058823,7.647058823529412,87.05882352941177,7.352941176470589,79.70588235294119
E00087194,261,60,31,29,201,18,183,22.988505747126435,11.877394636015326,11.11111111111111,77.01149425287356,6.896551724137931,70.11494252873564
E00087195,357,64,28,36,293,17,276,17.92717086834734,7.8431372549019605,10.084033613445378,82.07282913165265,4.761904761904762,77.31092436974791
E00087196,311,73,36,37,238,18,220,23.47266881028939,11.57556270096463,11.89710610932476,76.52733118971061,5.787781350482315,70.7395498392283
E00087197,236,68,30,38,168,17,151,28.8135593220339,12.711864406779661,16.101694915254235,71.1864406779661,7.203389830508475,63.983050847457626
E00087198,356,68,34,34,288,21,267,19.101123595505616,9.550561797752808,9.550561797752808,80.89887640449437,5.8988764044943816,75
E00087199,302,39,18,21,263,17,246,12.91390728476821,5.960264900662252,6.95364238410596,87.08609271523179,5.629139072847682,81.45695364238411
E00087200,401,67,26,41,334,24,310,16.708229426433917,6.483790523690773,10.224438902743142,83.29177057356608,5.985037406483791,77.3067331670823
E00087201,403,91,39,52,312,16,296,22.58064516129032,9.67741935483871,12.903225806451612,77.41935483870968,3.970223325062035,73.44913151364764
E00087202,312,75,29,46,237,25,212,24.03846153846154,9.294871794871796,14.743589743589745,75.96153846153845,8.012820512820513,67.94871794871796
E00087204,373,66,39,27,307,31,276,17.694369973190348,10.455764075067025,7.238605898123325,82.30563002680965,8.310991957104557,73.9946380697051
E00087205,303,80,42,38,223,24,199,26.4026402640264,13.861386138613863,12.541254125412541,73.5973597359736,7.920792079207921,65.67656765676567
E00087206,297,49,17,32,248,17,231,16.4983164983165,5.723905723905724,10.774410774410773,83.5016835016835,5.723905723905724,77.77777777777779
E00087207,336,54,24,30,282,11,271,16.071428571428573,7.142857142857142,8.928571428571429,83.92857142857143,3.273809523809524,80.65476190476191
E00087208,370,68,24,44,302,22,280,18.37837837837838,6.486486486486487,11.891891891891893,81.62162162162161,5.9459459459459465,75.67567567567568
E00087210,230,63,34,29,167,17,150,27.391304347826086,14.782608695652174,12.608695652173912,72.60869565217392,7.391304347826087,65.21739130434783
E00087211,203,69,33,36,134,14,120,33.99014778325123,16.25615763546798,17.733990147783253,66.00985221674877,6.896551724137931,59.11330049261084
E00087212,434,63,18,45,371,30,341,14.516129032258066,4.147465437788019,10.368663594470046,85.48387096774194,6.912442396313365,78.57142857142857
E00087213,279,34,14,20,245,25,220,12.186379928315413,5.017921146953405,7.168458781362006,87.81362007168458,8.960573476702509,78.85304659498208
E00087214,462,69,30,39,393,25,368,14.935064935064934,6.493506493506493,8.441558441558442,85.06493506493507,5.411255411255411,79.65367965367966
E00087215,272,35,9,26,237,24,213,12.867647058823529,3.308823529411765,9.558823529411764,87.13235294117648,8.823529411764707,78.30882352941177
E00087216,253,30,8,22,223,30,193,11.857707509881422,3.1620553359683794,8.695652173913043,88.14229249011858,11.857707509881422,76.28458498023716
E00087218,376,87,34,53,289,29,260,23.138297872340424,9.042553191489363,14.095744680851062,76.86170212765957,7.712765957446808,69.14893617021278
E00087219,444,67,21,46,377,29,348,15.090090090090092,4.72972972972973,10.36036036036036,84.90990990990991,6.531531531531531,78.37837837837837
E00087220,375,35,7,28,340,26,314,9.333333333333334,1.866666666666667,7.466666666666668,90.66666666666666,6.933333333333333,83.73333333333333
E00087221,490,59,14,45,431,51,380,12.040816326530612,2.857142857142857,9.183673469387756,87.95918367346938,10.408163265306122,77.55102040816327
E00087222,264,45,15,30,219,17,202,17.045454545454543,5.681818181818182,11.363636363636363,82.95454545454545,6.4393939393939394,76.51515151515152
E00087223,278,46,18,28,232,31,201,16.546762589928058,6.474820143884892,10.071942446043165,83.45323741007195,11.151079136690647,72.3021582733813
E00087224,402,58,15,43,344,26,318,14.427860696517413,3.731343283582089,10.696517412935323,85.57213930348259,6.467661691542288,79.1044776119403
E00087225,290,49,25,24,241,19,222,16.896551724137932,8.620689655172415,8.275862068965518,83.10344827586206,6.551724137931035,76.55172413793103
E00087226,146,72,40,32,74,14,60,49.31506849315068,27.397260273972602,21.91780821917808,50.68493150684932,9.58904109589041,41.0958904109589
E00087227,243,44,14,30,199,15,184,18.106995884773664,5.761316872427984,12.345679012345679,81.89300411522635,6.172839506172839,75.7201646090535
E00087228,265,38,14,24,227,24,203,14.339622641509434,5.283018867924529,9.056603773584905,85.66037735849056,9.056603773584905,76.60377358490567
E00087229,319,65,31,34,254,22,232,20.37617554858934,9.717868338557993,10.658307210031348,79.62382445141067,6.896551724137931,72.72727272727273
E00087230,199,67,30,37,132,11,121,33.66834170854271,15.07537688442211,18.592964824120603,66.33165829145729,5.527638190954774,60.80402010050251
E00087231,287,53,18,35,234,21,213,18.466898954703833,6.2717770034843205,12.195121951219512,81.53310104529616,7.317073170731707,74.21602787456446
E00087232,338,50,21,29,288,20,268,14.792899408284024,6.21301775147929,8.579881656804734,85.20710059171599,5.9171597633136095,79.28994082840237
E00087233,386,72,29,43,314,31,283,18.65284974093264,7.512953367875648,11.139896373056994,81.34715025906736,8.031088082901555,73.31606217616581
E00087234,273,82,44,38,191,9,182,30.036630036630036,16.117216117216117,13.91941391941392,69.96336996336996,3.296703296703297,66.66666666666666
E00087235,416,99,42,57,317,19,298,23.798076923076923,10.096153846153847,13.701923076923078,76.20192307692307,4.567307692307692,71.63461538461539
E00087236,419,81,29,52,338,30,308,19.331742243436754,6.921241050119331,12.410501193317423,80.66825775656325,7.159904534606206,73.50835322195705
E00087237,261,100,64,36,161,25,136,38.31417624521073,24.521072796934863,13.793103448275861,61.68582375478927,9.578544061302683,52.10727969348659
E00087238,315,65,32,33,250,23,227,20.634920634920633,10.158730158730158,10.476190476190476,79.36507936507937,7.301587301587302,72.06349206349206
E00087239,264,53,20,33,211,17,194,20.075757575757574,7.575757575757576,12.5,79.92424242424242,6.4393939393939394,73.48484848484848
E00087240,261,61,28,33,200,14,186,23.371647509578544,10.727969348659004,12.643678160919542,76.62835249042146,5.363984674329502,71.26436781609196
E00087241,283,58,34,24,225,15,210,20.49469964664311,12.014134275618375,8.480565371024735,79.50530035335689,5.30035335689046,74.20494699646643
E00087242,218,81,45,36,137,10,127,37.15596330275229,20.642201834862387,16.51376146788991,62.84403669724771,4.587155963302752,58.256880733944946
E00087243,424,76,32,44,348,31,317,17.92452830188679,7.547169811320755,10.377358490566039,82.0754716981132,7.311320754716981,74.76415094339622
E00087244,256,77,31,46,179,23,156,30.078125,12.109375,17.96875,69.921875,8.984375,60.9375
E00087245,247,70,28,42,177,19,158,28.34008097165992,11.336032388663968,17.00404858299595,71.65991902834008,7.6923076923076925,63.96761133603239
E00087246,407,79,34,45,328,18,310,19.41031941031941,8.353808353808354,11.056511056511056,80.5896805896806,4.422604422604422,76.16707616707616
E00087247,180,62,35,27,118,5,113,34.44444444444444,19.444444444444446,15,65.55555555555556,2.7777777777777777,62.77777777777778
E00087248,412,105,48,57,307,20,287,25.485436893203882,11.650485436893204,13.834951456310678,74.51456310679612,4.854368932038835,69.66019417475728
E00087249,212,53,24,29,159,15,144,25,11.320754716981133,13.679245283018867,75,7.0754716981132075,67.9245283018868
E00087250,291,95,44,51,196,24,172,32.64604810996563,15.120274914089347,17.525773195876287,67.35395189003437,8.24742268041237,59.106529209621996
E00087251,198,53,24,29,145,6,139,26.767676767676768,12.121212121212121,14.646464646464647,73.23232323232324,3.0303030303030303,70.2020202020202
E00087252,337,52,18,34,285,22,263,15.43026706231454,5.341246290801187,10.089020771513352,84.56973293768546,6.528189910979229,78.04154302670622
E00087253,300,45,16,29,255,31,224,15,5.333333333333334,9.666666666666666,85,10.333333333333334,74.66666666666667
E00087255,272,36,9,27,236,21,215,13.23529411764706,3.308823529411765,9.926470588235293,86.76470588235294,7.720588235294118,79.04411764705883
E00087256,240,37,20,17,203,28,175,15.416666666666668,8.333333333333332,7.083333333333333,84.58333333333333,11.666666666666666,72.91666666666666
E00087257,471,139,89,50,332,30,302,29.511677282377917,18.895966029723994,10.615711252653929,70.48832271762208,6.369426751592357,64.11889596602973
E00087258,282,66,32,34,216,23,193,23.404255319148938,11.347517730496454,12.056737588652481,76.59574468085107,8.156028368794328,68.43971631205675
E00087259,301,67,29,38,234,13,221,22.259136212624583,9.634551495016613,12.624584717607974,77.74086378737542,4.318936877076411,73.421926910299
E00087260,292,39,13,26,253,27,226,13.356164383561644,4.4520547945205475,8.904109589041095,86.64383561643835,9.246575342465754,77.3972602739726
E00087261,289,39,16,23,250,20,230,13.494809688581316,5.536332179930796,7.958477508650519,86.50519031141869,6.920415224913495,79.58477508650519
E00087262,244,35,14,21,209,24,185,14.344262295081966,5.737704918032787,8.60655737704918,85.65573770491804,9.836065573770492,75.81967213114754
E00087263,252,49,24,25,203,23,180,19.444444444444446,9.523809523809524,9.920634920634921,80.55555555555556,9.126984126984127,71.42857142857143
E00087264,303,54,18,36,249,34,215,17.82178217821782,5.9405940594059405,11.881188118811881,82.17821782178217,11.221122112211221,70.95709570957096
E00087265,331,88,41,47,243,25,218,26.586102719033235,12.386706948640484,14.19939577039275,73.41389728096676,7.552870090634441,65.86102719033232
E00087266,276,47,19,28,229,18,211,17.02898550724638,6.884057971014493,10.144927536231885,82.97101449275362,6.521739130434782,76.44927536231883
E00087268,269,34,13,21,235,28,207,12.639405204460965,4.83271375464684,7.806691449814126,87.36059479553904,10.408921933085502,76.95167286245353
E00087269,330,47,17,30,283,24,259,14.242424242424242,5.151515151515151,9.090909090909092,85.75757575757575,7.2727272727272725,78.48484848484848
E00087270,285,39,11,28,246,25,221,13.684210526315791,3.8596491228070176,9.824561403508772,86.31578947368422,8.771929824561402,77.54385964912281
E00087271,246,50,24,26,196,18,178,20.32520325203252,9.75609756097561,10.569105691056912,79.67479674796748,7.317073170731707,72.35772357723577
E00087272,226,39,16,23,187,12,175,17.25663716814159,7.079646017699115,10.176991150442479,82.7433628318584,5.3097345132743365,77.43362831858407
E00087273,260,70,35,35,190,7,183,26.923076923076923,13.461538461538462,13.461538461538462,73.07692307692307,2.6923076923076925,70.38461538461539
E00087274,355,62,18,44,293,20,273,17.464788732394364,5.070422535211268,12.394366197183098,82.53521126760563,5.633802816901409,76.90140845070422
E00087275,304,48,12,36,256,26,230,15.789473684210526,3.9473684210526314,11.842105263157894,84.21052631578947,8.552631578947368,75.6578947368421
E00087276,373,56,25,31,317,26,291,15.013404825737265,6.702412868632708,8.310991957104557,84.98659517426273,6.970509383378016,78.01608579088472
E00087277,368,80,32,48,288,24,264,21.73913043478261,8.695652173913043,13.043478260869565,78.26086956521739,6.521739130434782,71.73913043478261
E00087278,257,30,9,21,227,14,213,11.673151750972762,3.501945525291829,8.171206225680933,88.32684824902724,5.447470817120623,82.87937743190662
E00166944,286,43,18,25,243,16,227,15.034965034965033,6.293706293706294,8.741258741258742,84.96503496503497,5.594405594405594,79.37062937062937
E00166945,141,36,14,22,105,14,91,25.53191489361702,9.929078014184398,15.602836879432624,74.46808510638297,9.929078014184398,64.53900709219859
E00166947,313,37,18,19,276,7,269,11.821086261980831,5.7507987220447285,6.070287539936102,88.17891373801918,2.2364217252396164,85.94249201277955
E00166948,360,81,30,51,279,25,254,22.5,8.333333333333332,14.166666666666666,77.5,6.944444444444445,70.55555555555556
E00166950,524,65,7,58,459,50,409,12.404580152671755,1.3358778625954197,11.068702290076336,87.59541984732824,9.541984732824428,78.05343511450383
E00166951,564,67,13,54,497,44,453,11.879432624113475,2.304964539007092,9.574468085106384,88.12056737588652,7.801418439716312,80.31914893617021
E00166953,266,26,4,22,240,20,220,9.774436090225564,1.5037593984962405,8.270676691729323,90.22556390977444,7.518796992481203,82.70676691729322
E00166954,137,56,28,28,81,5,76,40.87591240875913,20.437956204379564,20.437956204379564,59.12408759124088,3.64963503649635,55.47445255474452
E00166956,268,37,6,31,231,16,215,13.805970149253731,2.2388059701492535,11.567164179104477,86.19402985074626,5.970149253731343,80.22388059701493
E00166958,235,27,7,20,208,19,189,11.48936170212766,2.9787234042553195,8.51063829787234,88.51063829787233,8.085106382978724,80.42553191489363
E00166959,596,65,16,49,531,29,502,10.906040268456376,2.684563758389262,8.221476510067115,89.09395973154362,4.865771812080537,84.22818791946308
E00166961,310,32,5,27,278,8,270,10.32258064516129,1.6129032258064515,8.709677419354838,89.6774193548387,2.5806451612903225,87.09677419354838
E00166962,221,28,13,15,193,17,176,12.669683257918551,5.88235294117647,6.787330316742081,87.33031674208145,7.6923076923076925,79.63800904977376
E00166964,245,26,7,19,219,20,199,10.612244897959183,2.857142857142857,7.755102040816326,89.38775510204081,8.16326530612245,81.22448979591836
E00166965,272,44,20,24,228,18,210,16.176470588235293,7.352941176470589,8.823529411764707,83.82352941176471,6.61764705882353,77.20588235294117
E00166967,140,15,2,13,125,9,116,10.714285714285714,1.4285714285714286,9.285714285714286,89.28571428571429,6.428571428571428,82.85714285714286
E00166968,285,27,4,23,258,16,242,9.473684210526317,1.4035087719298245,8.070175438596491,90.52631578947368,5.614035087719298,84.91228070175438
E00166970,302,46,20,26,256,31,225,15.2317880794702,6.622516556291391,8.609271523178808,84.76821192052981,10.264900662251655,74.50331125827815
E00166972,335,54,26,28,281,35,246,16.119402985074625,7.761194029850746,8.358208955223882,83.88059701492537,10.44776119402985,73.43283582089552
E00166973,224,39,14,25,185,14,171,17.410714285714285,6.25,11.160714285714286,82.58928571428571,6.25,76.33928571428571
E00166975,266,35,10,25,231,21,210,13.157894736842104,3.7593984962406015,9.398496240601503,86.8421052631579,7.894736842105263,78.94736842105263
E00166981,212,16,4,12,196,16,180,7.547169811320755,1.8867924528301887,5.660377358490567,92.45283018867924,7.547169811320755,84.90566037735849
E00166982,202,22,5,17,180,17,163,10.891089108910892,2.4752475247524752,8.415841584158416,89.10891089108911,8.415841584158416,80.6930693069307
E00166986,258,36,13,23,222,17,205,13.953488372093023,5.038759689922481,8.914728682170542,86.04651162790698,6.5891472868217065,79.45736434108527
E00166989,466,85,14,71,381,34,347,18.240343347639485,3.004291845493562,15.236051502145923,81.75965665236052,7.296137339055794,74.46351931330472
E00166992,293,35,9,26,258,16,242,11.945392491467576,3.0716723549488054,8.873720136518772,88.05460750853243,5.460750853242321,82.5938566552901
E00166995,100,15,4,11,85,4,81,15,4,11,85,4,81
E00166996,575,92,15,77,483,36,447,16,2.608695652173913,13.391304347826086,84,6.260869565217392,77.73913043478261
E00166998,147,22,5,17,125,10,115,14.965986394557824,3.4013605442176873,11.564625850340136,85.03401360544217,6.802721088435375,78.2312925170068
E00167000,222,27,5,22,195,16,179,12.162162162162163,2.2522522522522523,9.90990990990991,87.83783783783784,7.207207207207207,80.63063063063063
E00167004,306,19,7,12,287,30,257,6.209150326797386,2.287581699346405,3.9215686274509802,93.79084967320262,9.803921568627452,83.98692810457517
E00167007,142,17,8,9,125,12,113,11.971830985915492,5.633802816901409,6.338028169014084,88.02816901408451,8.450704225352112,79.5774647887324
E00167009,137,24,2,22,113,8,105,17.51824817518248,1.4598540145985401,16.05839416058394,82.48175182481752,5.839416058394161,76.64233576642336
E00167010,189,20,5,15,169,17,152,10.582010582010582,2.6455026455026456,7.936507936507936,89.41798941798942,8.994708994708994,80.42328042328042
E00167012,212,71,48,23,141,10,131,33.490566037735846,22.641509433962266,10.849056603773585,66.50943396226415,4.716981132075472,61.79245283018868
E00167014,600,67,11,56,533,47,486,11.166666666666666,1.8333333333333333,9.333333333333334,88.83333333333333,7.833333333333334,81
E00167015,276,41,14,27,235,11,224,14.855072463768115,5.072463768115942,9.782608695652174,85.14492753623189,3.985507246376811,81.15942028985508
E00167017,150,15,4,11,135,11,124,10,2.666666666666667,7.333333333333333,90,7.333333333333333,82.66666666666667
E00167018,241,25,11,14,216,19,197,10.37344398340249,4.564315352697095,5.809128630705394,89.62655601659752,7.883817427385892,81.74273858921161
E00167020,281,30,6,24,251,21,230,10.676156583629894,2.135231316725979,8.540925266903916,89.32384341637011,7.473309608540925,81.85053380782918
E00167021,173,14,9,5,159,22,137,8.092485549132949,5.202312138728324,2.8901734104046244,91.90751445086705,12.716763005780345,79.1907514450867
E00167023,235,35,12,23,200,14,186,14.893617021276595,5.106382978723404,9.787234042553191,85.1063829787234,5.957446808510639,79.14893617021276
E00167024,149,10,1,9,139,7,132,6.7114093959731544,0.6711409395973155,6.0402684563758395,93.28859060402685,4.697986577181208,88.59060402684564
E00167026,202,17,1,16,185,21,164,8.415841584158416,0.49504950495049505,7.920792079207921,91.58415841584159,10.396039603960396,81.1881188118812
E00167028,229,40,13,27,189,15,174,17.46724890829694,5.676855895196507,11.790393013100436,82.53275109170306,6.550218340611353,75.9825327510917
E00177489,240,16,5,11,224,17,207,6.666666666666667,2.083333333333333,4.583333333333333,93.33333333333333,7.083333333333333,86.25
E00177494,136,19,7,12,117,9,108,13.970588235294118,5.147058823529411,8.823529411764707,86.02941176470588,6.61764705882353,79.41176470588235
E00177495,140,15,3,12,125,10,115,10.714285714285714,2.142857142857143,8.571428571428571,89.28571428571429,7.142857142857142,82.14285714285714
E00177501,137,33,12,21,104,12,92,24.087591240875913,8.75912408759124,15.328467153284672,75.91240875912408,8.75912408759124,67.15328467153284
E00177756,234,31,5,26,203,7,196,13.247863247863249,2.1367521367521367,11.11111111111111,86.75213675213675,2.9914529914529915,83.76068376068376
E00178644,140,13,5,8,127,12,115,9.285714285714286,3.571428571428571,5.714285714285714,90.71428571428571,8.571428571428571,82.14285714285714
E00179080,241,32,13,19,209,18,191,13.278008298755188,5.394190871369295,7.883817427385892,86.72199170124482,7.468879668049793,79.25311203319502
E00181588,456,35,2,33,421,23,398,7.675438596491229,0.43859649122807015,7.236842105263158,92.32456140350878,5.0438596491228065,87.28070175438597
E00181834,181,26,10,16,155,6,149,14.3646408839779,5.524861878453039,8.83977900552486,85.6353591160221,3.314917127071823,82.32044198895028
E00181835,426,75,37,38,351,26,325,17.6056338028169,8.685446009389672,8.92018779342723,82.3943661971831,6.103286384976526,76.29107981220658
E00181836,263,21,8,13,242,21,221,7.984790874524715,3.041825095057034,4.942965779467681,92.01520912547528,7.984790874524715,84.03041825095056
E00181838,490,57,13,44,433,38,395,11.63265306122449,2.6530612244897958,8.979591836734693,88.36734693877551,7.755102040816326,80.61224489795919
E00182068,263,43,21,22,220,13,207,16.34980988593156,7.984790874524715,8.365019011406844,83.65019011406845,4.942965779467681,78.70722433460075
E00182070,267,46,18,28,221,15,206,17.228464419475657,6.741573033707865,10.486891385767791,82.77153558052434,5.617977528089887,77.15355805243446
E00183429,320,46,13,33,274,19,255,14.374999999999998,4.0625,10.3125,85.625,5.9375,79.6875
E00183433,314,44,13,31,270,16,254,14.012738853503185,4.140127388535031,9.872611464968154,85.98726114649682,5.095541401273886,80.89171974522293
E00183434,525,61,22,39,464,18,446,11.619047619047619,4.190476190476191,7.428571428571429,88.38095238095238,3.428571428571429,84.95238095238096
E00183436,208,12,3,9,196,20,176,5.769230769230769,1.4423076923076923,4.326923076923077,94.23076923076923,9.615384615384617,84.61538461538461
E00184147,352,58,17,41,294,29,265,16.477272727272727,4.829545454545454,11.647727272727272,83.52272727272727,8.238636363636363,75.2840909090909
E00184148,205,18,3,15,187,16,171,8.780487804878048,1.4634146341463417,7.317073170731707,91.21951219512195,7.804878048780488,83.41463414634146
E00184157,246,36,10,26,210,18,192,14.634146341463413,4.0650406504065035,10.569105691056912,85.36585365853658,7.317073170731707,78.04878048780488
E00184158,485,77,25,52,408,28,380,15.876288659793813,5.154639175257731,10.721649484536082,84.12371134020619,5.77319587628866,78.35051546391753
E00184545,207,26,6,20,181,11,170,12.560386473429952,2.898550724637681,9.66183574879227,87.43961352657004,5.314009661835748,82.1256038647343
E00186087,835,99,16,83,736,64,672,11.8562874251497,1.9161676646706587,9.940119760479043,88.1437125748503,7.664670658682635,80.47904191616766
E00186088,315,49,16,33,266,23,243,15.555555555555555,5.079365079365079,10.476190476190476,84.44444444444444,7.301587301587302,77.14285714285715
E00186090,324,49,18,31,275,15,260,15.123456790123457,5.555555555555555,9.5679012345679,84.87654320987654,4.62962962962963,80.24691358024691
E00186324,273,20,3,17,253,24,229,7.326007326007327,1.098901098901099,6.227106227106227,92.67399267399267,8.791208791208792,83.88278388278388
E00189201,190,25,10,15,165,16,149,13.157894736842104,5.263157894736842,7.894736842105263,86.8421052631579,8.421052631578947,78.42105263157895
E00189202,216,18,7,11,198,14,184,8.333333333333332,3.2407407407407405,5.092592592592593,91.66666666666666,6.481481481481481,85.18518518518519
E00190525,994,118,18,100,876,95,781,11.87122736418511,1.8108651911468814,10.06036217303823,88.12877263581488,9.557344064386317,78.57142857142857
E00190526,348,105,49,56,243,20,223,30.17241379310345,14.080459770114942,16.091954022988507,69.82758620689656,5.747126436781609,64.08045977011494
E00190527,446,104,38,66,342,26,316,23.318385650224215,8.520179372197308,14.798206278026907,76.68161434977578,5.829596412556054,70.85201793721974
E00190531,654,78,25,53,576,30,546,11.926605504587156,3.82262996941896,8.103975535168196,88.07339449541286,4.587155963302752,83.4862385321101
E00190532,365,59,21,38,306,26,280,16.164383561643834,5.7534246575342465,10.41095890410959,83.83561643835617,7.123287671232877,76.71232876712328
E00190533,604,67,23,44,537,20,517,11.092715231788079,3.80794701986755,7.28476821192053,88.90728476821192,3.3112582781456954,85.59602649006622
E00190534,612,68,13,55,544,31,513,11.11111111111111,2.1241830065359477,8.986928104575163,88.88888888888889,5.065359477124183,83.82352941176471
E00190537,498,93,29,64,405,31,374,18.67469879518072,5.8232931726907635,12.851405622489958,81.32530120481928,6.2248995983935735,75.1004016064257
E00190538,222,24,6,18,198,8,190,10.81081081081081,2.7027027027027026,8.108108108108109,89.1891891891892,3.6036036036036037,85.58558558558559
E00190539,592,60,24,36,532,22,510,10.135135135135135,4.054054054054054,6.081081081081082,89.86486486486487,3.7162162162162162,86.14864864864865
E00190541,241,32,12,20,209,8,201,13.278008298755188,4.979253112033195,8.29875518672199,86.72199170124482,3.319502074688797,83.40248962655602
E00190543,261,21,3,18,240,14,226,8.045977011494253,1.1494252873563218,6.896551724137931,91.95402298850574,5.363984674329502,86.59003831417624
E00190544,212,21,3,18,191,16,175,9.90566037735849,1.4150943396226416,8.49056603773585,90.09433962264151,7.547169811320755,82.54716981132076
E00190545,328,64,34,30,264,22,242,19.51219512195122,10.365853658536585,9.146341463414634,80.48780487804879,6.707317073170732,73.78048780487805
E00190551,290,21,7,14,269,16,253,7.241379310344828,2.413793103448276,4.827586206896552,92.75862068965517,5.517241379310345,87.24137931034483
E00190552,493,54,17,37,439,14,425,10.953346855983773,3.4482758620689653,7.505070993914807,89.04665314401623,2.839756592292089,86.20689655172413
E00190554,226,30,7,23,196,13,183,13.274336283185843,3.0973451327433628,10.176991150442479,86.72566371681415,5.752212389380531,80.97345132743364
E00190557,741,106,12,94,635,55,580,14.304993252361673,1.6194331983805668,12.685560053981106,85.69500674763833,7.422402159244265,78.27260458839406
E00190559,554,91,35,56,463,37,426,16.425992779783392,6.31768953068592,10.108303249097473,83.5740072202166,6.678700361010831,76.89530685920577
E00190564,163,25,10,15,138,15,123,15.337423312883436,6.134969325153374,9.202453987730062,84.66257668711657,9.202453987730062,75.4601226993865
E00190571,277,40,12,28,237,20,217,14.440433212996389,4.332129963898916,10.108303249097473,85.5595667870036,7.2202166064981945,78.33935018050542
E00190573,294,47,19,28,247,20,227,15.98639455782313,6.462585034013606,9.523809523809524,84.01360544217688,6.802721088435375,77.21088435374149
E00190576,276,21,6,15,255,21,234,7.608695652173914,2.1739130434782608,5.434782608695652,92.3913043478261,7.608695652173914,84.78260869565217
E00190589,276,36,8,28,240,16,224,13.043478260869565,2.898550724637681,10.144927536231885,86.95652173913044,5.797101449275362,81.15942028985508
E00190594,239,35,16,19,204,9,195,14.644351464435147,6.694560669456067,7.949790794979079,85.35564853556485,3.765690376569038,81.58995815899581
