OA,ts0590001,ts0590002,ts0590003,ts0590004,ts0590005,ts0590006,ts0590007,ts0590002_PCT,ts0590003_PCT,ts0590004_PCT,ts0590005_PCT,ts0590006_PCT,ts0590007_PCT
E00086549,160,42,16,26,118,105,13,26.25,10,16.25,73.75,65.625,8.125
E00086550,172,66,35,31,106,91,15,38.372093023255815,20.348837209302324,18.023255813953487,61.627906976744185,52.90697674418605,8.720930232558139
E00086551,95,46,13,33,49,41,8,48.421052631578945,13.684210526315791,34.73684210526316,51.578947368421055,43.15789473684211,8.421052631578947
E00086552,139,65,18,47,74,66,8,46.76258992805755,12.949640287769784,33.81294964028777,53.23741007194245,47.482014388489205,5.755395683453238
E00086553,99,32,12,20,67,48,19,32.323232323232325,12.121212121212121,20.2020202020202,67.67676767676768,48.484848484848484,19.19191919191919
E00086557,168,55,28,27,113,106,7,32.73809523809524,16.666666666666664,16.071428571428573,67.26190476190477,63.095238095238095,4.166666666666666
E00086559,69,18,8,10,51,45,6,26.08695652173913,11.594202898550725,14.492753623188406,73.91304347826086,65.21739130434783,8.695652173913043
E00086561,269,65,26,39,204,174,30,24.1635687732342,9.66542750929368,14.49814126394052,75.8364312267658,64.68401486988847,11.152416356877323
E00086563,99,40,11,29,59,51,8,40.4040404040404,11.11111111111111,29.292929292929294,59.59595959595959,51.515151515151516,8.080808080808081
E00086564,261,72,25,47,189,154,35,27.586206896551722,9.578544061302683,18.007662835249043,72.41379310344827,59.00383141762452,13.409961685823754
E00086565,141,50,23,27,91,77,14,35.46099290780142,16.312056737588655,19.148936170212767,64.53900709219859,54.60992907801418,9.929078014184398
E00086568,111,20,9,11,91,74,17,18.01801801801802,8.108108108108109,9.90990990990991,81.98198198198197,66.66666666666666,15.315315315315313
E00086570,140,54,30,24,86,76,10,38.57142857142858,21.428571428571427,17.142857142857142,61.42857142857143,54.285714285714285,7.142857142857142
E00086571,152,57,27,30,95,77,18,37.5,17.763157894736842,19.736842105263158,62.5,50.6578947368421,11.842105263157894
E00086572,198,74,41,33,124,111,13,37.37373737373738,20.707070707070706,16.666666666666664,62.62626262626263,56.060606060606055,6.565656565656567
E00086575,97,34,11,23,63,52,11,35.051546391752574,11.34020618556701,23.711340206185564,64.94845360824742,53.608247422680414,11.34020618556701
E00086576,187,95,42,53,92,83,9,50.80213903743316,22.459893048128343,28.342245989304814,49.19786096256685,44.38502673796791,4.81283422459893
E00086577,194,85,47,38,109,98,11,43.81443298969072,24.22680412371134,19.587628865979383,56.18556701030928,50.51546391752577,5.670103092783505
E00086578,116,25,11,14,91,83,8,21.551724137931032,9.482758620689655,12.068965517241379,78.44827586206897,71.55172413793103,6.896551724137931
E00086579,189,85,42,43,104,95,9,44.97354497354497,22.22222222222222,22.75132275132275,55.026455026455025,50.264550264550266,4.761904761904762
E00086581,154,30,14,16,124,102,22,19.480519480519483,9.090909090909092,10.38961038961039,80.51948051948052,66.23376623376623,14.285714285714285
E00086582,151,57,21,36,94,82,12,37.74834437086093,13.90728476821192,23.841059602649008,62.251655629139066,54.3046357615894,7.9470198675496695
E00086583,140,51,14,37,89,77,12,36.42857142857142,10,26.42857142857143,63.57142857142857,55.00000000000001,8.571428571428571
E00086584,122,51,16,35,71,64,7,41.80327868852459,13.114754098360656,28.688524590163933,58.19672131147541,52.459016393442624,5.737704918032787
E00086587,215,59,29,30,156,135,21,27.44186046511628,13.488372093023257,13.953488372093023,72.55813953488372,62.7906976744186,9.767441860465116
E00086588,184,59,15,44,125,106,19,32.065217391304344,8.152173913043478,23.91304347826087,67.93478260869566,57.608695652173914,10.326086956521738
E00086589,124,38,12,26,86,74,12,30.64516129032258,9.67741935483871,20.967741935483872,69.35483870967742,59.67741935483871,9.67741935483871
E00086590,168,48,20,28,120,101,19,28.57142857142857,11.904761904761903,16.666666666666664,71.42857142857143,60.11904761904761,11.30952380952381
E00086591,233,73,28,45,160,130,30,31.330472103004293,12.017167381974248,19.313304721030043,68.6695278969957,55.793991416309005,12.875536480686694
E00086592,151,35,12,23,116,82,34,23.178807947019866,7.9470198675496695,15.2317880794702,76.82119205298014,54.3046357615894,22.516556291390728
E00086593,134,45,19,26,89,73,16,33.582089552238806,14.17910447761194,19.402985074626866,66.4179104477612,54.47761194029851,11.940298507462686
E00086594,95,31,12,19,64,56,8,32.631578947368425,12.631578947368421,20,67.36842105263158,58.94736842105262,8.421052631578947
E00086596,221,58,22,36,163,129,34,26.244343891402718,9.95475113122172,16.289592760180994,73.7556561085973,58.371040723981906,15.384615384615385
E00086597,139,38,14,24,101,90,11,27.33812949640288,10.071942446043165,17.26618705035971,72.66187050359713,64.74820143884892,7.913669064748201
E00086598,156,47,21,26,109,91,18,30.128205128205128,13.461538461538462,16.666666666666664,69.87179487179486,58.333333333333336,11.538461538461538
E00086599,133,44,13,31,89,66,23,33.08270676691729,9.774436090225564,23.308270676691727,66.9172932330827,49.62406015037594,17.293233082706767
E00086601,148,57,35,22,91,75,16,38.513513513513516,23.64864864864865,14.864864864864865,61.48648648648649,50.67567567567568,10.81081081081081
E00086602,168,57,28,29,111,87,24,33.92857142857143,16.666666666666664,17.261904761904763,66.07142857142857,51.78571428571429,14.285714285714285
E00086603,105,28,4,24,77,62,15,26.666666666666668,3.8095238095238098,22.857142857142858,73.33333333333333,59.04761904761905,14.285714285714285
E00086604,129,51,21,30,78,70,8,39.53488372093023,16.27906976744186,23.25581395348837,60.46511627906976,54.263565891472865,6.2015503875969
E00086605,122,34,14,20,88,75,13,27.86885245901639,11.475409836065573,16.39344262295082,72.1311475409836,61.47540983606557,10.655737704918032
E00086606,148,57,22,35,91,72,19,38.513513513513516,14.864864864864865,23.64864864864865,61.48648648648649,48.64864864864865,12.837837837837837
E00086607,133,55,18,37,78,61,17,41.35338345864661,13.533834586466165,27.819548872180448,58.64661654135338,45.86466165413533,12.781954887218044
E00086608,145,44,17,27,101,81,20,30.344827586206897,11.724137931034482,18.620689655172416,69.6551724137931,55.86206896551724,13.793103448275861
E00086609,114,53,26,27,61,55,6,46.49122807017544,22.807017543859647,23.684210526315788,53.50877192982456,48.24561403508772,5.263157894736842
E00086610,139,36,3,33,103,91,12,25.899280575539567,2.158273381294964,23.741007194244602,74.10071942446042,65.46762589928058,8.633093525179856
E00086611,181,56,21,35,125,103,22,30.939226519337016,11.602209944751381,19.337016574585636,69.06077348066299,56.9060773480663,12.154696132596685
E00086612,142,48,15,33,94,85,9,33.80281690140845,10.56338028169014,23.239436619718308,66.19718309859155,59.859154929577464,6.338028169014084
E00086613,92,41,13,28,51,43,8,44.565217391304344,14.130434782608695,30.434782608695656,55.434782608695656,46.73913043478261,8.695652173913043
E00086614,81,19,8,11,62,59,3,23.456790123456788,9.876543209876543,13.580246913580247,76.5432098765432,72.8395061728395,3.7037037037037033
E00086615,183,44,14,30,139,120,19,24.043715846994534,7.650273224043716,16.39344262295082,75.95628415300546,65.57377049180327,10.382513661202186
E00086616,160,47,13,34,113,90,23,29.375,8.125,21.25,70.625,56.25,14.374999999999998
E00086617,123,41,19,22,82,67,15,33.33333333333333,15.447154471544716,17.88617886178862,66.66666666666666,54.47154471544715,12.195121951219512
E00086618,88,26,11,15,62,50,12,29.545454545454547,12.5,17.045454545454543,70.45454545454545,56.81818181818182,13.636363636363635
E00086619,170,38,9,29,132,112,20,22.35294117647059,5.294117647058823,17.058823529411764,77.64705882352942,65.88235294117646,11.76470588235294
E00086620,104,45,21,24,59,46,13,43.269230769230774,20.192307692307693,23.076923076923077,56.730769230769226,44.230769230769226,12.5
E00086621,205,43,12,31,162,143,19,20.975609756097562,5.853658536585367,15.121951219512194,79.02439024390245,69.7560975609756,9.268292682926829
E00086622,125,28,8,20,97,86,11,22.400000000000002,6.4,16,77.60000000000001,68.8,8.799999999999999
E00086623,204,42,11,31,162,141,21,20.588235294117645,5.392156862745098,15.196078431372548,79.41176470588235,69.11764705882352,10.294117647058822
E00086624,122,31,8,23,91,87,4,25.40983606557377,6.557377049180328,18.852459016393443,74.59016393442623,71.31147540983606,3.278688524590164
E00086625,149,42,11,31,107,99,8,28.187919463087248,7.38255033557047,20.80536912751678,71.81208053691275,66.44295302013423,5.369127516778524
E00086626,207,39,12,27,168,149,19,18.84057971014493,5.797101449275362,13.043478260869565,81.15942028985508,71.98067632850241,9.178743961352657
E00086627,163,41,13,28,122,94,28,25.153374233128833,7.975460122699387,17.177914110429448,74.84662576687117,57.668711656441715,17.177914110429448
E00086628,126,27,14,13,99,82,17,21.428571428571427,11.11111111111111,10.317460317460316,78.57142857142857,65.07936507936508,13.492063492063492
E00086629,178,68,27,41,110,86,24,38.20224719101123,15.168539325842698,23.03370786516854,61.79775280898876,48.31460674157304,13.48314606741573
E00086630,163,50,27,23,113,91,22,30.67484662576687,16.56441717791411,14.11042944785276,69.32515337423312,55.828220858895705,13.496932515337424
E00086631,157,33,12,21,124,112,12,21.019108280254777,7.643312101910828,13.375796178343949,78.98089171974523,71.3375796178344,7.643312101910828
E00086632,253,100,34,66,153,132,21,39.52569169960474,13.438735177865613,26.08695652173913,60.47430830039525,52.17391304347826,8.300395256916996
E00086633,150,35,16,19,115,106,9,23.333333333333332,10.666666666666668,12.666666666666668,76.66666666666667,70.66666666666667,6
E00086634,169,56,26,30,113,96,17,33.13609467455622,15.384615384615385,17.75147928994083,66.86390532544378,56.80473372781065,10.059171597633137
E00086636,161,46,21,25,115,99,16,28.57142857142857,13.043478260869565,15.527950310559005,71.42857142857143,61.49068322981367,9.937888198757763
E00086637,207,51,18,33,156,141,15,24.637681159420293,8.695652173913043,15.942028985507244,75.36231884057972,68.11594202898551,7.246376811594203
E00086638,130,25,7,18,105,95,10,19.230769230769234,5.384615384615385,13.846153846153847,80.76923076923077,73.07692307692307,7.6923076923076925
E00086639,103,36,12,24,67,61,6,34.95145631067961,11.650485436893204,23.300970873786408,65.0485436893204,59.22330097087378,5.825242718446602
E00086641,155,49,21,28,106,82,24,31.61290322580645,13.548387096774196,18.064516129032256,68.38709677419355,52.903225806451616,15.483870967741936
E00086642,160,57,22,35,103,93,10,35.625,13.750000000000002,21.875,64.375,58.12500000000001,6.25
E00086643,148,68,24,44,80,67,13,45.94594594594595,16.216216216216218,29.72972972972973,54.054054054054056,45.27027027027027,8.783783783783784
E00086646,177,74,29,45,103,90,13,41.80790960451977,16.38418079096045,25.423728813559322,58.19209039548022,50.847457627118644,7.344632768361582
E00086647,197,91,34,57,106,91,15,46.192893401015226,17.258883248730964,28.934010152284262,53.80710659898477,46.192893401015226,7.614213197969544
E00086648,81,38,10,28,43,38,5,46.913580246913575,12.345679012345679,34.5679012345679,53.086419753086425,46.913580246913575,6.172839506172839
E00086649,129,58,20,38,71,56,15,44.96124031007752,15.503875968992247,29.457364341085274,55.03875968992248,43.41085271317829,11.627906976744185
E00086650,106,35,9,26,71,62,9,33.0188679245283,8.49056603773585,24.528301886792452,66.98113207547169,58.490566037735846,8.49056603773585
E00086651,217,89,28,61,128,103,25,41.013824884792626,12.903225806451612,28.110599078341014,58.986175115207374,47.465437788018434,11.52073732718894
E00086652,178,74,26,48,104,89,15,41.57303370786517,14.606741573033707,26.96629213483146,58.42696629213483,50,8.426966292134832
E00086653,163,56,20,36,107,94,13,34.355828220858896,12.269938650306749,22.085889570552148,65.6441717791411,57.668711656441715,7.975460122699387
E00086654,145,49,18,31,96,85,11,33.793103448275865,12.413793103448276,21.379310344827587,66.20689655172414,58.620689655172406,7.586206896551724
E00086655,175,65,25,40,110,95,15,37.142857142857146,14.285714285714285,22.857142857142858,62.857142857142854,54.285714285714285,8.571428571428571
E00086656,161,78,29,49,83,73,10,48.4472049689441,18.012422360248447,30.434782608695656,51.5527950310559,45.3416149068323,6.211180124223603
E00086657,206,90,27,63,116,100,16,43.689320388349515,13.106796116504855,30.582524271844658,56.310679611650485,48.54368932038835,7.766990291262135
E00086658,106,39,18,21,67,55,12,36.79245283018868,16.9811320754717,19.81132075471698,63.20754716981132,51.886792452830186,11.320754716981133
E00086659,166,64,27,37,102,78,24,38.55421686746988,16.265060240963855,22.289156626506024,61.44578313253012,46.98795180722892,14.457831325301203
E00086660,111,42,26,16,69,63,6,37.83783783783784,23.423423423423422,14.414414414414415,62.16216216216216,56.75675675675676,5.405405405405405
E00086661,227,86,40,46,141,118,23,37.88546255506608,17.62114537444934,20.26431718061674,62.11453744493392,51.98237885462555,10.13215859030837
E00086662,105,28,13,15,77,63,14,26.666666666666668,12.380952380952381,14.285714285714285,73.33333333333333,60,13.333333333333334
E00086663,120,47,30,17,73,67,6,39.166666666666664,25,14.166666666666666,60.83333333333333,55.833333333333336,5
E00086664,157,60,32,28,97,86,11,38.21656050955414,20.382165605095544,17.8343949044586,61.78343949044586,54.77707006369427,7.006369426751593
E00086665,180,73,36,37,107,94,13,40.55555555555556,20,20.555555555555554,59.44444444444444,52.22222222222223,7.222222222222221
E00086666,203,66,26,40,137,118,19,32.51231527093596,12.807881773399016,19.704433497536947,67.48768472906403,58.128078817733986,9.35960591133005
E00086667,207,83,42,41,124,102,22,40.09661835748793,20.28985507246377,19.806763285024154,59.90338164251207,49.275362318840585,10.628019323671497
E00086668,135,40,14,26,95,85,10,29.629629629629626,10.37037037037037,19.25925925925926,70.37037037037037,62.96296296296296,7.4074074074074066
E00086669,210,66,24,42,144,129,15,31.428571428571427,11.428571428571429,20,68.57142857142857,61.42857142857143,7.142857142857142
E00086670,144,45,14,31,99,80,19,31.25,9.722222222222223,21.52777777777778,68.75,55.55555555555556,13.194444444444445
E00086671,101,31,10,21,70,62,8,30.693069306930692,9.900990099009901,20.792079207920793,69.3069306930693,61.386138613861384,7.920792079207921
E00086672,167,51,18,33,116,97,19,30.538922155688624,10.778443113772456,19.760479041916167,69.46107784431138,58.08383233532935,11.377245508982035
E00086673,141,41,7,34,100,89,11,29.078014184397162,4.964539007092199,24.113475177304963,70.92198581560284,63.12056737588653,7.801418439716312
E00086674,114,38,12,26,76,67,9,33.33333333333333,10.526315789473683,22.807017543859647,66.66666666666666,58.77192982456141,7.894736842105263
E00086675,134,47,12,35,87,82,5,35.07462686567165,8.955223880597014,26.119402985074625,64.92537313432835,61.19402985074627,3.731343283582089
E00086676,137,34,13,21,103,86,17,24.817518248175183,9.48905109489051,15.328467153284672,75.18248175182481,62.77372262773723,12.408759124087592
E00086677,84,36,11,25,48,35,13,42.857142857142854,13.095238095238097,29.761904761904763,57.14285714285714,41.66666666666667,15.476190476190476
E00086678,137,66,29,37,71,57,14,48.175182481751825,21.16788321167883,27.00729927007299,51.82481751824818,41.605839416058394,10.218978102189782
E00086679,125,36,10,26,89,78,11,28.799999999999997,8,20.8,71.2,62.4,8.799999999999999
E00086680,160,60,20,40,100,86,14,37.5,12.5,25,62.5,53.75,8.75
E00086681,144,50,13,37,94,81,13,34.72222222222222,9.027777777777777,25.694444444444443,65.27777777777779,56.25,9.027777777777777
E00086682,145,59,21,38,86,73,13,40.689655172413794,14.482758620689657,26.20689655172414,59.310344827586206,50.3448275862069,8.96551724137931
E00086683,145,45,19,26,100,79,21,31.03448275862069,13.10344827586207,17.93103448275862,68.96551724137932,54.48275862068965,14.482758620689657
E00086684,173,62,18,44,111,90,21,35.83815028901734,10.404624277456648,25.43352601156069,64.16184971098265,52.02312138728323,12.138728323699421
E00086685,111,31,6,25,80,69,11,27.927927927927925,5.405405405405405,22.52252252252252,72.07207207207207,62.16216216216216,9.90990990990991
E00086686,131,44,14,30,87,73,14,33.587786259541986,10.687022900763358,22.900763358778626,66.41221374045801,55.72519083969466,10.687022900763358
E00086687,97,36,11,25,61,48,13,37.11340206185567,11.34020618556701,25.773195876288657,62.88659793814433,49.48453608247423,13.402061855670103
E00086688,167,51,17,34,116,100,16,30.538922155688624,10.179640718562874,20.359281437125748,69.46107784431138,59.88023952095808,9.580838323353294
E00086689,141,35,4,31,106,96,10,24.822695035460992,2.8368794326241136,21.98581560283688,75.177304964539,68.08510638297872,7.092198581560284
E00086690,129,47,15,32,82,62,20,36.434108527131784,11.627906976744185,24.8062015503876,63.565891472868216,48.06201550387597,15.503875968992247
E00086691,108,34,10,24,74,66,8,31.48148148148148,9.25925925925926,22.22222222222222,68.51851851851852,61.111111111111114,7.4074074074074066
E00086692,144,32,8,24,112,101,11,22.22222222222222,5.555555555555555,16.666666666666664,77.77777777777779,70.13888888888889,7.638888888888889
E00086693,108,29,11,18,79,69,10,26.851851851851855,10.185185185185185,16.666666666666664,73.14814814814815,63.888888888888886,9.25925925925926
E00086694,137,56,21,35,81,68,13,40.87591240875913,15.328467153284672,25.547445255474454,59.12408759124088,49.63503649635037,9.48905109489051
E00086695,156,48,21,27,108,93,15,30.76923076923077,13.461538461538462,17.307692307692307,69.23076923076923,59.61538461538461,9.615384615384617
E00086696,139,50,9,41,89,79,10,35.97122302158273,6.474820143884892,29.496402877697843,64.02877697841727,56.83453237410072,7.1942446043165464
E00086697,124,49,15,34,75,65,10,39.516129032258064,12.096774193548388,27.419354838709676,60.483870967741936,52.41935483870967,8.064516129032258
E00086698,154,58,26,32,96,84,12,37.66233766233766,16.883116883116884,20.77922077922078,62.33766233766234,54.54545454545454,7.792207792207792
E00086699,113,39,12,27,74,69,5,34.51327433628318,10.619469026548673,23.893805309734514,65.48672566371681,61.06194690265486,4.424778761061947
E00086700,183,55,14,41,128,107,21,30.05464480874317,7.650273224043716,22.404371584699454,69.94535519125684,58.46994535519126,11.475409836065573
E00086701,137,53,16,37,84,75,9,38.68613138686132,11.678832116788321,27.00729927007299,61.31386861313869,54.74452554744526,6.569343065693431
E00086702,155,46,14,32,109,96,13,29.677419354838708,9.032258064516128,20.64516129032258,70.3225806451613,61.935483870967744,8.38709677419355
E00086703,150,51,18,33,99,84,15,34,12,22,66,56.00000000000001,10
E00086704,145,51,16,35,94,84,10,35.172413793103445,11.03448275862069,24.137931034482758,64.82758620689654,57.931034482758626,6.896551724137931
E00086705,103,38,10,28,65,60,5,36.89320388349515,9.70873786407767,27.184466019417474,63.10679611650486,58.252427184466015,4.854368932038835
E00086706,131,46,17,29,85,73,12,35.11450381679389,12.977099236641221,22.137404580152673,64.8854961832061,55.72519083969466,9.16030534351145
E00086707,142,44,15,29,98,85,13,30.985915492957744,10.56338028169014,20.422535211267608,69.01408450704226,59.859154929577464,9.15492957746479
E00086708,162,47,19,28,115,103,12,29.01234567901235,11.728395061728394,17.28395061728395,70.98765432098766,63.580246913580254,7.4074074074074066
E00086709,116,44,12,32,72,61,11,37.93103448275862,10.344827586206897,27.586206896551722,62.06896551724138,52.58620689655172,9.482758620689655
E00086710,102,39,10,29,63,55,8,38.23529411764706,9.803921568627452,28.431372549019606,61.76470588235294,53.92156862745098,7.8431372549019605
E00086711,103,46,21,25,57,48,9,44.66019417475729,20.388349514563107,24.271844660194176,55.33980582524271,46.601941747572816,8.737864077669903
E00086712,105,43,11,32,62,53,9,40.95238095238095,10.476190476190476,30.476190476190478,59.04761904761905,50.476190476190474,8.571428571428571
E00086713,109,41,15,26,68,57,11,37.61467889908257,13.761467889908257,23.853211009174313,62.38532110091744,52.293577981651374,10.091743119266056
E00086714,149,35,19,16,114,97,17,23.48993288590604,12.751677852348994,10.738255033557047,76.51006711409396,65.1006711409396,11.409395973154362
E00086715,101,22,6,16,79,69,10,21.782178217821784,5.9405940594059405,15.841584158415841,78.21782178217822,68.31683168316832,9.900990099009901
E00086716,152,45,14,31,107,97,10,29.605263157894733,9.210526315789473,20.394736842105264,70.39473684210526,63.81578947368421,6.578947368421052
E00086717,192,37,20,17,155,137,18,19.270833333333336,10.416666666666668,8.854166666666668,80.72916666666666,71.35416666666666,9.375
E00086718,141,60,19,41,81,67,14,42.5531914893617,13.47517730496454,29.078014184397162,57.446808510638306,47.5177304964539,9.929078014184398
E00086719,257,71,22,49,186,157,29,27.626459143968873,8.560311284046692,19.06614785992218,72.37354085603113,61.08949416342413,11.284046692607005
E00086720,146,23,9,14,123,101,22,15.753424657534246,6.164383561643835,9.58904109589041,84.24657534246576,69.17808219178082,15.068493150684931
E00086721,177,70,17,53,107,93,14,39.548022598870055,9.6045197740113,29.943502824858758,60.451977401129945,52.54237288135594,7.909604519774012
E00086722,132,38,15,23,94,74,20,28.78787878787879,11.363636363636363,17.424242424242426,71.21212121212122,56.060606060606055,15.151515151515152
E00086723,178,46,12,34,132,109,23,25.842696629213485,6.741573033707865,19.101123595505616,74.15730337078652,61.23595505617978,12.921348314606742
E00086724,150,44,15,29,106,91,15,29.333333333333332,10,19.333333333333332,70.66666666666667,60.66666666666667,10
E00086725,130,30,5,25,100,81,19,23.076923076923077,3.8461538461538463,19.230769230769234,76.92307692307693,62.30769230769231,14.615384615384617
E00086726,149,43,12,31,106,89,17,28.859060402684566,8.053691275167784,20.80536912751678,71.14093959731544,59.73154362416108,11.409395973154362
E00086727,104,38,10,28,66,53,13,36.53846153846153,9.615384615384617,26.923076923076923,63.46153846153846,50.96153846153846,12.5
E00086728,154,50,13,37,104,93,11,32.467532467532465,8.441558441558442,24.025974025974026,67.53246753246754,60.3896103896104,7.142857142857142
E00086730,159,54,16,38,105,90,15,33.9622641509434,10.062893081761008,23.89937106918239,66.0377358490566,56.60377358490566,9.433962264150944
E00086731,159,47,17,30,112,101,11,29.559748427672954,10.69182389937107,18.867924528301888,70.44025157232704,63.52201257861635,6.918238993710692
E00086732,182,60,20,40,122,97,25,32.967032967032964,10.989010989010989,21.978021978021978,67.03296703296702,53.2967032967033,13.736263736263737
E00086733,183,54,23,31,129,111,18,29.508196721311474,12.568306010928962,16.939890710382514,70.49180327868852,60.65573770491803,9.836065573770492
E00086734,170,51,12,39,119,102,17,30,7.0588235294117645,22.941176470588236,70,60,10
E00086735,125,36,10,26,89,70,19,28.799999999999997,8,20.8,71.2,56.00000000000001,15.2
E00086736,170,42,8,34,128,113,15,24.705882352941178,4.705882352941177,20,75.29411764705883,66.47058823529412,8.823529411764707
E00086737,142,42,18,24,100,83,17,29.577464788732392,12.676056338028168,16.901408450704224,70.4225352112676,58.45070422535211,11.971830985915492
E00086738,154,46,18,28,108,94,14,29.87012987012987,11.688311688311687,18.181818181818183,70.12987012987013,61.038961038961034,9.090909090909092
E00086739,171,50,22,28,121,104,17,29.239766081871345,12.865497076023392,16.374269005847953,70.76023391812866,60.81871345029239,9.941520467836257
E00086740,152,42,13,29,110,86,24,27.631578947368425,8.552631578947368,19.078947368421055,72.36842105263158,56.57894736842105,15.789473684210526
E00086741,163,51,13,38,112,101,11,31.28834355828221,7.975460122699387,23.31288343558282,68.71165644171779,61.963190184049076,6.748466257668712
E00086742,119,38,10,28,81,71,10,31.932773109243694,8.403361344537815,23.52941176470588,68.0672268907563,59.66386554621849,8.403361344537815
E00086743,176,51,13,38,125,106,19,28.97727272727273,7.386363636363637,21.59090909090909,71.02272727272727,60.22727272727273,10.795454545454545
E00086744,163,50,18,32,113,102,11,30.67484662576687,11.042944785276074,19.631901840490798,69.32515337423312,62.57668711656442,6.748466257668712
E00086745,94,42,14,28,52,41,11,44.680851063829785,14.893617021276595,29.78723404255319,55.319148936170215,43.61702127659575,11.702127659574469
E00086746,164,39,15,24,125,113,12,23.78048780487805,9.146341463414634,14.634146341463413,76.21951219512195,68.90243902439023,7.317073170731707
E00086747,162,51,14,37,111,96,15,31.48148148148148,8.641975308641975,22.839506172839506,68.51851851851852,59.25925925925925,9.25925925925926
E00086748,156,44,19,25,112,96,16,28.205128205128204,12.179487179487179,16.025641025641026,71.7948717948718,61.53846153846154,10.256410256410255
E00086749,169,65,17,48,104,87,17,38.46153846153847,10.059171597633137,28.402366863905325,61.53846153846154,51.4792899408284,10.059171597633137
E00086750,163,52,15,37,111,93,18,31.901840490797547,9.202453987730062,22.699386503067483,68.09815950920245,57.05521472392638,11.042944785276074
E00086751,181,56,16,40,125,113,12,30.939226519337016,8.83977900552486,22.099447513812155,69.06077348066299,62.430939226519335,6.629834254143646
E00086752,157,53,16,37,104,91,13,33.75796178343949,10.191082802547772,23.56687898089172,66.2420382165605,57.961783439490446,8.280254777070063
E00086753,127,46,14,32,81,67,14,36.22047244094488,11.023622047244094,25.196850393700785,63.77952755905512,52.75590551181102,11.023622047244094
E00086754,115,37,13,24,78,64,14,32.17391304347826,11.304347826086957,20.869565217391305,67.82608695652173,55.65217391304348,12.173913043478262
E00086755,131,41,15,26,90,77,13,31.297709923664126,11.450381679389313,19.84732824427481,68.70229007633588,58.778625954198475,9.923664122137405
E00086756,164,52,16,36,112,95,17,31.70731707317073,9.75609756097561,21.951219512195124,68.29268292682927,57.92682926829268,10.365853658536585
E00086757,132,38,15,23,94,78,16,28.78787878787879,11.363636363636363,17.424242424242426,71.21212121212122,59.09090909090909,12.121212121212121
E00086758,172,63,20,43,109,87,22,36.627906976744185,11.627906976744185,25,63.372093023255815,50.58139534883721,12.790697674418606
E00086759,136,52,14,38,84,71,13,38.23529411764706,10.294117647058822,27.941176470588236,61.76470588235294,52.20588235294118,9.558823529411764
E00086760,134,30,8,22,104,89,15,22.388059701492537,5.970149253731343,16.417910447761194,77.61194029850746,66.4179104477612,11.194029850746269
E00086761,162,57,19,38,105,92,13,35.18518518518518,11.728395061728394,23.456790123456788,64.81481481481481,56.79012345679012,8.024691358024691
E00086762,224,74,22,52,150,130,20,33.035714285714285,9.821428571428571,23.214285714285715,66.96428571428571,58.03571428571429,8.928571428571429
E00086763,182,56,11,45,126,104,22,30.76923076923077,6.043956043956044,24.725274725274726,69.23076923076923,57.14285714285714,12.087912087912088
E00086764,165,48,17,31,117,96,21,29.09090909090909,10.303030303030303,18.787878787878785,70.9090909090909,58.18181818181818,12.727272727272727
E00086765,212,47,12,35,165,153,12,22.169811320754718,5.660377358490567,16.50943396226415,77.83018867924528,72.16981132075472,5.660377358490567
E00086766,228,66,25,41,162,143,19,28.947368421052634,10.964912280701753,17.982456140350877,71.05263157894737,62.71929824561403,8.333333333333332
E00086767,127,33,14,19,94,84,10,25.984251968503933,11.023622047244094,14.960629921259844,74.01574803149606,66.14173228346458,7.874015748031496
E00086768,146,54,16,38,92,78,14,36.986301369863014,10.95890410958904,26.027397260273972,63.013698630136986,53.42465753424658,9.58904109589041
E00086769,184,61,17,44,123,102,21,33.15217391304348,9.239130434782608,23.91304347826087,66.84782608695652,55.434782608695656,11.41304347826087
E00086770,212,72,18,54,140,124,16,33.9622641509434,8.49056603773585,25.471698113207548,66.0377358490566,58.490566037735846,7.547169811320755
E00086771,158,48,17,31,110,98,12,30.37974683544304,10.759493670886076,19.62025316455696,69.62025316455697,62.0253164556962,7.59493670886076
E00086772,126,37,11,26,89,75,14,29.365079365079367,8.73015873015873,20.634920634920633,70.63492063492063,59.523809523809526,11.11111111111111
E00086773,137,30,8,22,107,92,15,21.897810218978105,5.839416058394161,16.05839416058394,78.1021897810219,67.15328467153284,10.948905109489052
E00086774,53,19,5,14,34,28,6,35.84905660377358,9.433962264150944,26.41509433962264,64.15094339622641,52.83018867924528,11.320754716981133
E00086775,116,36,9,27,80,63,17,31.03448275862069,7.758620689655173,23.275862068965516,68.96551724137932,54.310344827586206,14.655172413793101
E00086776,149,36,11,25,113,100,13,24.161073825503358,7.38255033557047,16.778523489932887,75.83892617449665,67.11409395973155,8.724832214765101
E00086777,138,46,17,29,92,86,6,33.33333333333333,12.318840579710146,21.014492753623188,66.66666666666666,62.31884057971014,4.3478260869565215
E00086778,113,38,14,24,75,65,10,33.6283185840708,12.389380530973451,21.238938053097346,66.3716814159292,57.52212389380531,8.849557522123893
E00086779,172,50,11,39,122,104,18,29.069767441860467,6.395348837209303,22.674418604651162,70.93023255813954,60.46511627906976,10.465116279069768
E00086780,172,56,16,40,116,99,17,32.55813953488372,9.30232558139535,23.25581395348837,67.44186046511628,57.55813953488372,9.883720930232558
E00086781,121,35,13,22,86,75,11,28.92561983471074,10.743801652892563,18.181818181818183,71.07438016528926,61.98347107438017,9.090909090909092
E00086782,78,25,7,18,53,46,7,32.05128205128205,8.974358974358974,23.076923076923077,67.94871794871796,58.97435897435898,8.974358974358974
E00086783,168,50,11,39,118,97,21,29.761904761904763,6.547619047619048,23.214285714285715,70.23809523809523,57.738095238095234,12.5
E00086784,46,15,1,14,31,28,3,32.608695652173914,2.1739130434782608,30.434782608695656,67.3913043478261,60.86956521739131,6.521739130434782
E00086785,187,56,11,45,131,111,20,29.946524064171122,5.88235294117647,24.06417112299465,70.05347593582889,59.35828877005348,10.695187165775401
E00086786,119,33,8,25,86,73,13,27.73109243697479,6.722689075630252,21.008403361344538,72.26890756302521,61.34453781512605,10.92436974789916
E00086788,118,40,15,25,78,70,8,33.89830508474576,12.711864406779661,21.1864406779661,66.10169491525424,59.32203389830508,6.779661016949152
E00086789,155,41,15,26,114,102,12,26.451612903225808,9.67741935483871,16.7741935483871,73.54838709677419,65.80645161290323,7.741935483870968
E00086790,162,53,18,35,109,98,11,32.71604938271605,11.11111111111111,21.604938271604937,67.28395061728395,60.49382716049383,6.790123456790123
E00086791,123,28,12,16,95,87,8,22.76422764227642,9.75609756097561,13.008130081300814,77.23577235772358,70.73170731707317,6.504065040650407
E00086792,116,46,15,31,70,61,9,39.6551724137931,12.931034482758621,26.72413793103448,60.3448275862069,52.58620689655172,7.758620689655173
E00086793,155,34,7,27,121,108,13,21.935483870967744,4.516129032258064,17.419354838709676,78.06451612903226,69.6774193548387,8.38709677419355
E00086794,171,43,8,35,128,109,19,25.146198830409354,4.678362573099415,20.46783625730994,74.85380116959064,63.74269005847953,11.11111111111111
E00086795,163,47,10,37,116,100,16,28.834355828220858,6.134969325153374,22.699386503067483,71.16564417177914,61.34969325153374,9.815950920245399
E00086796,97,31,6,25,66,62,4,31.958762886597935,6.185567010309279,25.773195876288657,68.04123711340206,63.91752577319587,4.123711340206185
E00086798,112,31,8,23,81,68,13,27.67857142857143,7.142857142857142,20.535714285714285,72.32142857142857,60.71428571428571,11.607142857142858
E00086799,168,55,16,39,113,103,10,32.73809523809524,9.523809523809524,23.214285714285715,67.26190476190477,61.30952380952381,5.952380952380952
E00086800,155,46,8,38,109,93,16,29.677419354838708,5.161290322580645,24.516129032258064,70.3225806451613,60,10.32258064516129
E00086801,130,43,10,33,87,77,10,33.07692307692307,7.6923076923076925,25.384615384615383,66.92307692307692,59.23076923076923,7.6923076923076925
E00086802,140,41,16,25,99,89,10,29.28571428571429,11.428571428571429,17.857142857142858,70.71428571428572,63.57142857142857,7.142857142857142
E00086803,221,38,13,25,183,166,17,17.194570135746606,5.88235294117647,11.312217194570136,82.80542986425338,75.1131221719457,7.6923076923076925
E00086804,130,34,11,23,96,89,7,26.153846153846157,8.461538461538462,17.692307692307693,73.84615384615385,68.46153846153847,5.384615384615385
E00086805,162,52,18,34,110,103,7,32.098765432098766,11.11111111111111,20.98765432098765,67.90123456790124,63.580246913580254,4.320987654320987
E00086806,131,34,5,29,97,78,19,25.954198473282442,3.816793893129771,22.137404580152673,74.04580152671755,59.541984732824424,14.50381679389313
E00086807,137,43,16,27,94,87,7,31.386861313868614,11.678832116788321,19.708029197080293,68.61313868613139,63.503649635036496,5.109489051094891
E00086808,83,26,7,19,57,45,12,31.32530120481928,8.433734939759036,22.89156626506024,68.67469879518072,54.21686746987952,14.457831325301203
E00086809,164,42,15,27,122,97,25,25.609756097560975,9.146341463414634,16.463414634146343,74.39024390243902,59.14634146341463,15.24390243902439
E00086810,216,41,20,21,175,158,17,18.98148148148148,9.25925925925926,9.722222222222223,81.01851851851852,73.14814814814815,7.87037037037037
E00086811,150,45,13,32,105,95,10,30,8.666666666666668,21.333333333333336,70,63.33333333333333,6.666666666666667
E00086812,134,39,13,26,95,82,13,29.1044776119403,9.701492537313433,19.402985074626866,70.8955223880597,61.19402985074627,9.701492537313433
E00086813,140,30,8,22,110,87,23,21.428571428571427,5.714285714285714,15.714285714285714,78.57142857142857,62.142857142857146,16.428571428571427
E00086814,203,41,14,27,162,141,21,20.19704433497537,6.896551724137931,13.30049261083744,79.80295566502463,69.45812807881774,10.344827586206897
E00086815,156,44,16,28,112,95,17,28.205128205128204,10.256410256410255,17.94871794871795,71.7948717948718,60.89743589743589,10.897435897435898
E00086816,193,39,17,22,154,136,18,20.207253886010363,8.808290155440414,11.398963730569948,79.79274611398964,70.46632124352331,9.32642487046632
E00086817,114,23,6,17,91,78,13,20.175438596491226,5.263157894736842,14.912280701754385,79.82456140350878,68.42105263157895,11.403508771929824
E00086818,227,53,23,30,174,154,20,23.348017621145374,10.13215859030837,13.215859030837004,76.65198237885463,67.84140969162996,8.81057268722467
E00086819,142,31,10,21,111,96,15,21.830985915492956,7.042253521126761,14.788732394366196,78.16901408450704,67.6056338028169,10.56338028169014
E00086820,137,36,9,27,101,91,10,26.277372262773724,6.569343065693431,19.708029197080293,73.72262773722628,66.42335766423358,7.2992700729927
E00086821,191,52,10,42,139,126,13,27.225130890052355,5.2356020942408374,21.98952879581152,72.77486910994764,65.96858638743456,6.806282722513089
E00086822,195,48,14,34,147,124,23,24.615384615384617,7.179487179487179,17.435897435897434,75.38461538461539,63.589743589743584,11.794871794871794
E00086823,243,72,20,52,171,152,19,29.629629629629626,8.23045267489712,21.39917695473251,70.37037037037037,62.55144032921811,7.818930041152264
E00086824,100,19,10,9,81,68,13,19,10,9,81,68,13
E00086825,172,44,10,34,128,114,14,25.581395348837212,5.813953488372093,19.767441860465116,74.4186046511628,66.27906976744185,8.13953488372093
E00086826,171,44,10,34,127,114,13,25.730994152046783,5.847953216374268,19.883040935672515,74.26900584795322,66.66666666666666,7.602339181286549
E00086827,132,47,9,38,85,79,6,35.60606060606061,6.8181818181818175,28.78787878787879,64.39393939393939,59.84848484848485,4.545454545454546
E00086828,177,45,16,29,132,103,29,25.423728813559322,9.03954802259887,16.38418079096045,74.57627118644068,58.19209039548022,16.38418079096045
E00086829,230,55,22,33,175,144,31,23.91304347826087,9.565217391304348,14.347826086956522,76.08695652173914,62.60869565217392,13.478260869565217
E00086830,215,59,19,40,156,134,22,27.44186046511628,8.837209302325581,18.6046511627907,72.55813953488372,62.32558139534884,10.232558139534884
E00086831,173,52,18,34,121,102,19,30.057803468208093,10.404624277456648,19.653179190751445,69.94219653179191,58.95953757225434,10.982658959537572
E00086832,161,47,10,37,114,102,12,29.19254658385093,6.211180124223603,22.981366459627328,70.80745341614907,63.35403726708074,7.453416149068323
E00086833,158,50,13,37,108,93,15,31.645569620253166,8.227848101265822,23.417721518987342,68.35443037974683,58.86075949367089,9.49367088607595
E00086834,178,46,18,28,132,113,19,25.842696629213485,10.112359550561797,15.730337078651685,74.15730337078652,63.48314606741573,10.674157303370785
E00086835,199,53,14,39,146,128,18,26.633165829145728,7.035175879396985,19.597989949748744,73.36683417085426,64.321608040201,9.045226130653267
E00086836,183,44,12,32,139,120,19,24.043715846994534,6.557377049180328,17.48633879781421,75.95628415300546,65.57377049180327,10.382513661202186
E00086837,288,54,24,30,234,207,27,18.75,8.333333333333332,10.416666666666668,81.25,71.875,9.375
E00086838,201,49,11,38,152,128,24,24.378109452736318,5.472636815920398,18.90547263681592,75.62189054726367,63.681592039801,11.940298507462686
E00086839,165,39,14,25,126,108,18,23.636363636363637,8.484848484848486,15.151515151515152,76.36363636363637,65.45454545454545,10.909090909090908
E00086841,164,49,18,31,115,90,25,29.878048780487802,10.975609756097562,18.902439024390244,70.1219512195122,54.87804878048781,15.24390243902439
E00086842,198,43,16,27,155,135,20,21.71717171717172,8.080808080808081,13.636363636363635,78.28282828282829,68.18181818181817,10.1010101010101
E00086843,160,41,11,30,119,94,25,25.624999999999996,6.875000000000001,18.75,74.375,58.75,15.625
E00086844,118,29,8,21,89,80,9,24.576271186440678,6.779661016949152,17.796610169491526,75.42372881355932,67.79661016949152,7.627118644067797
E00086845,179,26,10,16,153,135,18,14.52513966480447,5.58659217877095,8.938547486033519,85.47486033519553,75.41899441340783,10.05586592178771
E00086846,140,48,16,32,92,79,13,34.285714285714285,11.428571428571429,22.857142857142858,65.71428571428571,56.42857142857143,9.285714285714286
E00086847,170,51,19,32,119,111,8,30,11.176470588235295,18.823529411764707,70,65.29411764705883,4.705882352941177
E00086848,164,40,14,26,124,112,12,24.390243902439025,8.536585365853659,15.853658536585366,75.60975609756098,68.29268292682927,7.317073170731707
E00086849,146,40,17,23,106,90,16,27.397260273972602,11.643835616438356,15.753424657534246,72.6027397260274,61.64383561643836,10.95890410958904
E00086850,136,27,9,18,109,93,16,19.852941176470587,6.61764705882353,13.23529411764706,80.14705882352942,68.38235294117648,11.76470588235294
E00086851,156,52,18,34,104,85,19,33.33333333333333,11.538461538461538,21.794871794871796,66.66666666666666,54.48717948717948,12.179487179487179
E00086852,190,37,14,23,153,136,17,19.473684210526315,7.368421052631578,12.105263157894736,80.52631578947368,71.57894736842105,8.947368421052632
E00086853,182,37,12,25,145,118,27,20.32967032967033,6.593406593406594,13.736263736263737,79.67032967032966,64.83516483516483,14.835164835164836
E00086854,203,41,14,27,162,133,29,20.19704433497537,6.896551724137931,13.30049261083744,79.80295566502463,65.51724137931035,14.285714285714285
E00086855,151,32,9,23,119,105,14,21.192052980132452,5.960264900662252,15.2317880794702,78.80794701986756,69.5364238410596,9.271523178807946
E00086856,129,36,13,23,93,78,15,27.906976744186046,10.077519379844961,17.829457364341085,72.09302325581395,60.46511627906976,11.627906976744185
E00086857,162,36,18,18,126,102,24,22.22222222222222,11.11111111111111,11.11111111111111,77.77777777777779,62.96296296296296,14.814814814814813
E00086858,131,33,17,16,98,81,17,25.190839694656486,12.977099236641221,12.213740458015266,74.80916030534351,61.832061068702295,12.977099236641221
E00086859,178,51,19,32,127,112,15,28.651685393258425,10.674157303370785,17.97752808988764,71.34831460674157,62.92134831460674,8.426966292134832
E00086860,264,71,21,50,193,175,18,26.89393939393939,7.954545454545454,18.939393939393938,73.10606060606061,66.28787878787878,6.8181818181818175
E00086861,160,48,15,33,112,99,13,30,9.375,20.625,70,61.875,8.125
E00086862,175,66,23,43,109,95,14,37.714285714285715,13.142857142857142,24.571428571428573,62.28571428571429,54.285714285714285,8
E00086863,154,46,15,31,108,90,18,29.87012987012987,9.740259740259742,20.12987012987013,70.12987012987013,58.44155844155844,11.688311688311687
E00086864,150,40,7,33,110,98,12,26.666666666666668,4.666666666666667,22,73.33333333333333,65.33333333333333,8
E00086865,111,42,17,25,69,60,9,37.83783783783784,15.315315315315313,22.52252252252252,62.16216216216216,54.054054054054056,8.108108108108109
E00086866,151,47,13,34,104,81,23,31.125827814569533,8.609271523178808,22.516556291390728,68.87417218543047,53.64238410596026,15.2317880794702
E00086867,177,58,16,42,119,101,18,32.7683615819209,9.03954802259887,23.728813559322035,67.2316384180791,57.06214689265536,10.16949152542373
E00086868,184,55,25,30,129,107,22,29.891304347826086,13.586956521739129,16.304347826086957,70.1086956521739,58.152173913043484,11.956521739130435
E00086869,168,64,25,39,104,88,16,38.095238095238095,14.880952380952381,23.214285714285715,61.904761904761905,52.38095238095239,9.523809523809524
E00086870,98,30,7,23,68,61,7,30.612244897959183,7.142857142857142,23.46938775510204,69.38775510204081,62.244897959183675,7.142857142857142
E00086871,168,50,20,30,118,103,15,29.761904761904763,11.904761904761903,17.857142857142858,70.23809523809523,61.30952380952381,8.928571428571429
E00086872,80,26,7,19,54,52,2,32.5,8.75,23.75,67.5,65,2.5
E00086873,168,59,22,37,109,96,13,35.11904761904761,13.095238095238097,22.023809523809522,64.88095238095238,57.14285714285714,7.738095238095238
E00086874,164,43,11,32,121,109,12,26.21951219512195,6.707317073170732,19.51219512195122,73.78048780487805,66.46341463414635,7.317073170731707
E00086875,163,45,18,27,118,101,17,27.607361963190186,11.042944785276074,16.56441717791411,72.39263803680981,61.963190184049076,10.429447852760736
E00086876,104,36,12,24,68,58,10,34.61538461538461,11.538461538461538,23.076923076923077,65.38461538461539,55.769230769230774,9.615384615384617
E00086877,208,53,14,39,155,134,21,25.48076923076923,6.730769230769231,18.75,74.51923076923077,64.42307692307693,10.096153846153847
E00086878,184,55,15,40,129,116,13,29.891304347826086,8.152173913043478,21.73913043478261,70.1086956521739,63.04347826086957,7.065217391304348
E00086879,76,25,9,16,51,43,8,32.89473684210527,11.842105263157894,21.052631578947366,67.10526315789474,56.57894736842105,10.526315789473683
E00086880,184,61,24,37,123,93,30,33.15217391304348,13.043478260869565,20.108695652173914,66.84782608695652,50.54347826086957,16.304347826086957
E00086881,141,48,15,33,93,74,19,34.04255319148936,10.638297872340425,23.404255319148938,65.95744680851064,52.4822695035461,13.47517730496454
E00086882,150,44,15,29,106,88,18,29.333333333333332,10,19.333333333333332,70.66666666666667,58.666666666666664,12
E00086883,133,37,16,21,96,85,11,27.819548872180448,12.030075187969924,15.789473684210526,72.18045112781954,63.90977443609023,8.270676691729323
E00086884,123,39,12,27,84,68,16,31.70731707317073,9.75609756097561,21.951219512195124,68.29268292682927,55.28455284552846,13.008130081300814
E00086885,131,46,13,33,85,73,12,35.11450381679389,9.923664122137405,25.190839694656486,64.8854961832061,55.72519083969466,9.16030534351145
E00086886,123,38,9,29,85,69,16,30.89430894308943,7.317073170731707,23.577235772357724,69.10569105691057,56.09756097560976,13.008130081300814
E00086887,171,51,19,32,120,105,15,29.82456140350877,11.11111111111111,18.71345029239766,70.17543859649122,61.40350877192983,8.771929824561402
E00086888,119,38,15,23,81,67,14,31.932773109243694,12.605042016806722,19.327731092436977,68.0672268907563,56.30252100840336,11.76470588235294
E00086889,74,29,9,20,45,41,4,39.189189189189186,12.162162162162163,27.027027027027028,60.810810810810814,55.4054054054054,5.405405405405405
E00086890,83,31,12,19,52,44,8,37.34939759036144,14.457831325301203,22.89156626506024,62.65060240963856,53.01204819277109,9.63855421686747
E00086891,114,39,15,24,75,65,10,34.21052631578947,13.157894736842104,21.052631578947366,65.78947368421053,57.01754385964912,8.771929824561402
E00086892,163,45,16,29,118,94,24,27.607361963190186,9.815950920245399,17.791411042944784,72.39263803680981,57.668711656441715,14.723926380368098
E00086893,230,69,23,46,161,140,21,30,10,20,70,60.86956521739131,9.130434782608695
E00086896,120,36,10,26,84,69,15,30,8.333333333333332,21.666666666666668,70,57.49999999999999,12.5
E00086897,118,45,11,34,73,58,15,38.13559322033898,9.322033898305085,28.8135593220339,61.86440677966102,49.152542372881356,12.711864406779661
E00086898,170,54,20,34,116,101,15,31.76470588235294,11.76470588235294,20,68.23529411764706,59.411764705882355,8.823529411764707
E00086899,116,26,10,16,90,81,9,22.413793103448278,8.620689655172415,13.793103448275861,77.58620689655173,69.82758620689656,7.758620689655173
E00086900,155,48,15,33,107,92,15,30.967741935483872,9.67741935483871,21.29032258064516,69.03225806451613,59.354838709677416,9.67741935483871
E00086901,124,33,9,24,91,81,10,26.61290322580645,7.258064516129033,19.35483870967742,73.38709677419355,65.32258064516128,8.064516129032258
E00086902,132,50,25,25,82,72,10,37.878787878787875,18.939393939393938,18.939393939393938,62.121212121212125,54.54545454545454,7.575757575757576
E00086903,120,35,14,21,85,80,5,29.166666666666668,11.666666666666666,17.5,70.83333333333334,66.66666666666666,4.166666666666666
E00086904,159,34,16,18,125,108,17,21.38364779874214,10.062893081761008,11.320754716981133,78.61635220125787,67.9245283018868,10.69182389937107
E00086905,146,44,16,28,102,88,14,30.136986301369863,10.95890410958904,19.17808219178082,69.86301369863014,60.273972602739725,9.58904109589041
E00086906,140,55,23,32,85,70,15,39.285714285714285,16.428571428571427,22.857142857142858,60.71428571428571,50,10.714285714285714
E00086907,98,31,12,19,67,57,10,31.63265306122449,12.244897959183673,19.387755102040817,68.36734693877551,58.16326530612245,10.204081632653061
E00086908,138,46,17,29,92,70,22,33.33333333333333,12.318840579710146,21.014492753623188,66.66666666666666,50.72463768115942,15.942028985507244
E00086909,180,54,14,40,126,106,20,30,7.777777777777778,22.22222222222222,70,58.88888888888889,11.11111111111111
E00086910,249,54,11,43,195,176,19,21.686746987951807,4.417670682730924,17.269076305220885,78.3132530120482,70.68273092369478,7.630522088353414
E00086911,145,44,6,38,101,86,15,30.344827586206897,4.137931034482759,26.20689655172414,69.6551724137931,59.310344827586206,10.344827586206897
E00086912,159,55,23,32,104,93,11,34.59119496855346,14.465408805031446,20.125786163522015,65.40880503144653,58.490566037735846,6.918238993710692
E00086913,168,51,7,44,117,99,18,30.357142857142854,4.166666666666666,26.190476190476193,69.64285714285714,58.92857142857143,10.714285714285714
E00086914,165,52,24,28,113,99,14,31.515151515151512,14.545454545454545,16.969696969696972,68.48484848484848,60,8.484848484848486
E00086915,107,40,7,33,67,61,6,37.38317757009346,6.5420560747663545,30.8411214953271,62.616822429906534,57.009345794392516,5.607476635514018
E00086916,162,52,12,40,110,96,14,32.098765432098766,7.4074074074074066,24.691358024691358,67.90123456790124,59.25925925925925,8.641975308641975
E00086917,166,49,14,35,117,97,20,29.518072289156628,8.433734939759036,21.084337349397593,70.48192771084338,58.43373493975904,12.048192771084338
E00086918,151,36,16,20,115,100,15,23.841059602649008,10.596026490066226,13.245033112582782,76.15894039735099,66.22516556291392,9.933774834437086
E00086919,128,42,9,33,86,79,7,32.8125,7.03125,25.78125,67.1875,61.71875,5.46875
E00086920,161,42,11,31,119,104,15,26.08695652173913,6.832298136645963,19.25465838509317,73.91304347826086,64.59627329192547,9.316770186335404
E00086921,122,44,11,33,78,63,15,36.0655737704918,9.01639344262295,27.049180327868854,63.934426229508205,51.63934426229508,12.295081967213115
E00086922,200,53,15,38,147,126,21,26.5,7.5,19,73.5,63,10.5
E00086923,235,83,30,53,152,123,29,35.319148936170215,12.76595744680851,22.5531914893617,64.68085106382979,52.34042553191489,12.340425531914894
E00086925,129,43,11,32,86,72,14,33.33333333333333,8.527131782945736,24.8062015503876,66.66666666666666,55.81395348837209,10.852713178294573
E00086926,124,37,14,23,87,70,17,29.838709677419356,11.29032258064516,18.548387096774192,70.16129032258065,56.451612903225815,13.709677419354838
E00086929,159,38,13,25,121,101,20,23.89937106918239,8.176100628930817,15.723270440251572,76.10062893081762,63.52201257861635,12.578616352201259
E00086930,190,53,17,36,137,119,18,27.89473684210526,8.947368421052632,18.947368421052634,72.10526315789474,62.63157894736842,9.473684210526317
E00086931,116,31,7,24,85,76,9,26.72413793103448,6.0344827586206895,20.689655172413794,73.27586206896551,65.51724137931035,7.758620689655173
E00086932,120,39,13,26,81,63,18,32.5,10.833333333333334,21.666666666666668,67.5,52.5,15
E00086933,133,48,15,33,85,67,18,36.09022556390977,11.278195488721805,24.81203007518797,63.90977443609023,50.37593984962406,13.533834586466165
E00086934,70,17,0,17,53,47,6,24.285714285714285,0,24.285714285714285,75.71428571428571,67.14285714285714,8.571428571428571
E00086935,142,50,16,34,92,80,12,35.2112676056338,11.267605633802818,23.943661971830984,64.7887323943662,56.33802816901409,8.450704225352112
E00086936,235,60,21,39,175,148,27,25.53191489361702,8.936170212765958,16.595744680851062,74.46808510638297,62.97872340425532,11.48936170212766
E00086937,159,40,11,29,119,101,18,25.157232704402517,6.918238993710692,18.238993710691823,74.84276729559748,63.52201257861635,11.320754716981133
E00086938,204,57,18,39,147,122,25,27.941176470588236,8.823529411764707,19.11764705882353,72.05882352941177,59.80392156862745,12.254901960784313
E00086939,189,50,15,35,139,118,21,26.455026455026452,7.936507936507936,18.51851851851852,73.54497354497354,62.43386243386243,11.11111111111111
E00086940,146,47,19,28,99,78,21,32.19178082191781,13.013698630136986,19.17808219178082,67.8082191780822,53.42465753424658,14.383561643835616
E00086941,34,12,2,10,22,19,3,35.294117647058826,5.88235294117647,29.411764705882355,64.70588235294117,55.88235294117647,8.823529411764707
E00086942,216,59,25,34,157,146,11,27.314814814814813,11.574074074074074,15.74074074074074,72.68518518518519,67.5925925925926,5.092592592592593
E00086943,189,56,14,42,133,120,13,29.629629629629626,7.4074074074074066,22.22222222222222,70.37037037037037,63.49206349206349,6.878306878306878
E00086944,197,53,18,35,144,120,24,26.903553299492383,9.137055837563452,17.766497461928935,73.09644670050761,60.913705583756354,12.18274111675127
E00086945,246,78,24,54,168,144,24,31.70731707317073,9.75609756097561,21.951219512195124,68.29268292682927,58.536585365853654,9.75609756097561
E00086946,159,44,10,34,115,106,9,27.67295597484277,6.289308176100629,21.38364779874214,72.32704402515722,66.66666666666666,5.660377358490567
E00086947,199,52,14,38,147,126,21,26.13065326633166,7.035175879396985,19.09547738693467,73.86934673366834,63.31658291457286,10.552763819095476
E00086948,219,69,24,45,150,130,20,31.506849315068493,10.95890410958904,20.54794520547945,68.4931506849315,59.3607305936073,9.1324200913242
E00086949,175,60,19,41,115,99,16,34.285714285714285,10.857142857142858,23.42857142857143,65.71428571428571,56.57142857142857,9.142857142857142
E00086950,146,45,8,37,101,86,15,30.82191780821918,5.47945205479452,25.34246575342466,69.17808219178082,58.9041095890411,10.273972602739725
E00086951,198,55,17,38,143,125,18,27.77777777777778,8.585858585858585,19.19191919191919,72.22222222222221,63.13131313131313,9.090909090909092
E00086952,141,35,14,21,106,101,5,24.822695035460992,9.929078014184398,14.893617021276595,75.177304964539,71.63120567375887,3.546099290780142
E00086953,154,44,11,33,110,93,17,28.57142857142857,7.142857142857142,21.428571428571427,71.42857142857143,60.3896103896104,11.03896103896104
E00086954,124,33,10,23,91,79,12,26.61290322580645,8.064516129032258,18.548387096774192,73.38709677419355,63.70967741935484,9.67741935483871
E00086955,166,54,16,38,112,99,13,32.53012048192771,9.63855421686747,22.89156626506024,67.46987951807229,59.63855421686747,7.83132530120482
E00086956,127,44,19,25,83,77,6,34.645669291338585,14.960629921259844,19.68503937007874,65.35433070866141,60.629921259842526,4.724409448818897
E00086957,113,37,5,32,76,66,10,32.743362831858406,4.424778761061947,28.31858407079646,67.2566371681416,58.4070796460177,8.849557522123893
E00086958,103,51,13,38,52,46,6,49.51456310679612,12.62135922330097,36.89320388349515,50.48543689320388,44.66019417475729,5.825242718446602
E00086959,164,52,17,35,112,95,17,31.70731707317073,10.365853658536585,21.341463414634145,68.29268292682927,57.92682926829268,10.365853658536585
E00086960,149,46,13,33,103,89,14,30.87248322147651,8.724832214765101,22.14765100671141,69.12751677852349,59.73154362416108,9.395973154362416
E00086961,89,31,14,17,58,48,10,34.831460674157306,15.730337078651685,19.101123595505616,65.1685393258427,53.93258426966292,11.235955056179774
E00086962,175,55,17,38,120,106,14,31.428571428571427,9.714285714285714,21.714285714285715,68.57142857142857,60.57142857142858,8
E00086963,187,67,22,45,120,97,23,35.82887700534759,11.76470588235294,24.06417112299465,64.171122994652407,51.87165775401069,12.299465240641712
E00086964,188,58,21,37,130,110,20,30.851063829787233,11.170212765957446,19.680851063829788,69.14893617021278,58.51063829787234,10.638297872340425
E00086965,168,51,18,33,117,97,20,30.357142857142854,10.714285714285714,19.642857142857142,69.64285714285714,57.738095238095234,11.904761904761903
E00086966,225,72,25,47,153,130,23,32,11.11111111111111,20.88888888888889,68,57.77777777777777,10.222222222222223
E00086967,199,61,14,47,138,115,23,30.65326633165829,7.035175879396985,23.618090452261306,69.34673366834171,57.78894472361809,11.557788944723619
E00086968,140,35,12,23,105,92,13,25,8.571428571428571,16.428571428571427,75,65.71428571428571,9.285714285714286
E00086969,66,26,4,22,40,32,8,39.39393939393939,6.0606060606060606,33.33333333333333,60.60606060606061,48.484848484848484,12.121212121212121
E00086970,188,51,13,38,137,117,20,27.127659574468083,6.914893617021277,20.212765957446805,72.87234042553192,62.23404255319149,10.638297872340425
E00086971,185,55,10,45,130,110,20,29.72972972972973,5.405405405405405,24.324324324324326,70.27027027027027,59.45945945945946,10.81081081081081
E00086972,133,38,6,32,95,87,8,28.57142857142857,4.511278195488721,24.06015037593985,71.42857142857143,65.41353383458647,6.015037593984962
E00086973,159,53,16,37,106,93,13,33.33333333333333,10.062893081761008,23.270440251572328,66.66666666666666,58.490566037735846,8.176100628930817
E00086974,171,41,13,28,130,110,20,23.976608187134502,7.602339181286549,16.374269005847953,76.0233918128655,64.32748538011695,11.695906432748536
E00086975,167,59,19,40,108,101,7,35.32934131736527,11.377245508982035,23.952095808383234,64.67065868263472,60.47904191616767,4.191616766467066
E00086976,167,41,13,28,126,110,16,24.550898203592812,7.784431137724551,16.766467065868262,75.44910179640718,65.86826347305389,9.580838323353294
E00086977,186,48,18,30,138,119,19,25.806451612903224,9.67741935483871,16.129032258064516,74.19354838709677,63.97849462365591,10.21505376344086
E00086978,158,46,15,31,112,87,25,29.11392405063291,9.49367088607595,19.62025316455696,70.88607594936708,55.06329113924051,15.822784810126583
E00086979,153,48,18,30,105,91,14,31.372549019607842,11.76470588235294,19.607843137254903,68.62745098039215,59.47712418300654,9.15032679738562
E00086980,147,39,9,30,108,90,18,26.53061224489796,6.122448979591836,20.408163265306122,73.46938775510205,61.224489795918366,12.244897959183673
E00086981,193,58,15,43,135,118,17,30.05181347150259,7.772020725388601,22.279792746113987,69.94818652849742,61.13989637305699,8.808290155440414
E00086982,180,53,15,38,127,97,30,29.444444444444446,8.333333333333332,21.11111111111111,70.55555555555556,53.888888888888886,16.666666666666664
E00086983,168,44,17,27,124,104,20,26.190476190476193,10.119047619047619,16.071428571428573,73.80952380952381,61.904761904761905,11.904761904761903
E00086984,152,42,12,30,110,91,19,27.631578947368425,7.894736842105263,19.736842105263158,72.36842105263158,59.86842105263158,12.5
E00086985,114,37,13,24,77,64,13,32.45614035087719,11.403508771929824,21.052631578947366,67.54385964912281,56.14035087719298,11.403508771929824
E00086986,145,46,16,30,99,88,11,31.724137931034484,11.03448275862069,20.689655172413794,68.27586206896552,60.689655172413794,7.586206896551724
E00086987,171,63,24,39,108,101,7,36.84210526315789,14.035087719298245,22.807017543859647,63.1578947368421,59.06432748538012,4.093567251461988
E00086988,179,52,16,36,127,109,18,29.05027932960894,8.938547486033519,20.11173184357542,70.94972067039106,60.893854748603346,10.05586592178771
E00086989,137,43,11,32,94,84,10,31.386861313868614,8.02919708029197,23.357664233576642,68.61313868613139,61.31386861313869,7.2992700729927
E00086990,159,50,18,32,109,87,22,31.446540880503143,11.320754716981133,20.125786163522015,68.55345911949685,54.71698113207547,13.836477987421384
E00086991,196,51,24,27,145,123,22,26.02040816326531,12.244897959183673,13.77551020408163,73.9795918367347,62.755102040816325,11.224489795918368
E00086992,134,40,10,30,94,81,13,29.850746268656714,7.462686567164178,22.388059701492537,70.1492537313433,60.447761194029844,9.701492537313433
E00086993,188,52,20,32,136,119,17,27.659574468085108,10.638297872340425,17.02127659574468,72.3404255319149,63.297872340425535,9.042553191489363
E00086994,154,39,5,34,115,101,14,25.324675324675322,3.2467532467532463,22.07792207792208,74.67532467532467,65.5844155844156,9.090909090909092
E00086995,149,42,11,31,107,92,15,28.187919463087248,7.38255033557047,20.80536912751678,71.81208053691275,61.74496644295302,10.06711409395973
E00086996,100,38,10,28,62,50,12,38,10,28.000000000000004,62,50,12
E00086997,161,49,19,30,112,98,14,30.434782608695656,11.801242236024844,18.633540372670808,69.56521739130434,60.86956521739131,8.695652173913043
E00086998,167,44,16,28,123,106,17,26.34730538922156,9.580838323353294,16.766467065868262,73.65269461077844,63.47305389221557,10.179640718562874
E00086999,195,51,12,39,144,127,17,26.153846153846157,6.153846153846154,20,73.84615384615385,65.12820512820512,8.717948717948717
E00087000,153,41,16,25,112,99,13,26.797385620915033,10.457516339869281,16.33986928104575,73.20261437908496,64.70588235294117,8.49673202614379
E00087001,87,20,11,9,67,55,12,22.988505747126435,12.643678160919542,10.344827586206897,77.01149425287356,63.2183908045977,13.793103448275861
E00087002,193,67,24,43,126,112,14,34.715025906735754,12.435233160621761,22.279792746113987,65.28497409326425,58.03108808290155,7.253886010362693
E00087003,183,50,13,37,133,109,24,27.322404371584703,7.103825136612022,20.21857923497268,72.6775956284153,59.56284153005464,13.114754098360656
E00087004,103,33,15,18,70,57,13,32.038834951456316,14.563106796116504,17.475728155339805,67.96116504854369,55.33980582524271,12.62135922330097
E00087005,128,47,21,26,81,67,14,36.71875,16.40625,20.3125,63.28125,52.34375,10.9375
E00087006,127,58,34,24,69,58,11,45.66929133858268,26.77165354330709,18.89763779527559,54.330708661417326,45.66929133858268,8.661417322834646
E00087007,117,42,19,23,75,62,13,35.8974358974359,16.23931623931624,19.65811965811966,64.1025641025641,52.991452991452995,11.11111111111111
E00087008,133,45,27,18,88,67,21,33.83458646616541,20.30075187969925,13.533834586466165,66.16541353383458,50.37593984962406,15.789473684210526
E00087009,117,23,7,16,94,80,14,19.65811965811966,5.982905982905983,13.675213675213676,80.34188034188034,68.37606837606837,11.965811965811966
E00087010,170,48,13,35,122,107,15,28.235294117647058,7.647058823529412,20.588235294117645,71.76470588235294,62.94117647058823,8.823529411764707
E00087011,147,43,11,32,104,92,12,29.25170068027211,7.482993197278912,21.768707482993197,70.74829931972789,62.585034013605444,8.16326530612245
E00087012,132,44,21,23,88,71,17,33.33333333333333,15.909090909090908,17.424242424242426,66.66666666666666,53.78787878787878,12.878787878787879
E00087013,90,26,3,23,64,53,11,28.888888888888886,3.3333333333333335,25.555555555555554,71.11111111111111,58.88888888888889,12.222222222222221
E00087014,90,42,31,11,48,43,5,46.666666666666664,34.44444444444444,12.222222222222221,53.333333333333336,47.77777777777778,5.555555555555555
E00087015,73,20,9,11,53,45,8,27.397260273972602,12.32876712328767,15.068493150684931,72.6027397260274,61.64383561643836,10.95890410958904
E00087016,181,47,11,36,134,109,25,25.96685082872928,6.077348066298343,19.88950276243094,74.03314917127072,60.22099447513812,13.812154696132598
E00087017,81,40,28,12,41,35,6,49.382716049382715,34.5679012345679,14.814814814814813,50.617283950617285,43.20987654320987,7.4074074074074066
E00087018,151,53,15,38,98,82,16,35.099337748344375,9.933774834437086,25.165562913907287,64.90066225165563,54.3046357615894,10.596026490066226
E00087019,176,40,14,26,136,112,24,22.727272727272727,7.954545454545454,14.772727272727273,77.27272727272727,63.63636363636363,13.636363636363635
E00087020,85,18,6,12,67,57,10,21.176470588235293,7.0588235294117645,14.117647058823529,78.82352941176471,67.05882352941175,11.76470588235294
E00087021,169,50,30,20,119,105,14,29.585798816568047,17.75147928994083,11.834319526627219,70.41420118343196,62.1301775147929,8.284023668639055
E00087022,139,54,30,24,85,79,6,38.84892086330935,21.58273381294964,17.26618705035971,61.15107913669065,56.83453237410072,4.316546762589928
E00087023,88,29,20,9,59,50,9,32.95454545454545,22.727272727272727,10.227272727272728,67.04545454545455,56.81818181818182,10.227272727272728
E00087024,140,45,28,17,95,80,15,32.142857142857146,20,12.142857142857142,67.85714285714286,57.14285714285714,10.714285714285714
E00087025,97,33,18,15,64,53,11,34.02061855670103,18.556701030927837,15.463917525773196,65.97938144329896,54.63917525773196,11.34020618556701
E00087026,162,83,53,30,79,71,8,51.23456790123457,32.71604938271605,18.51851851851852,48.76543209876543,43.82716049382716,4.938271604938271
E00087027,102,38,22,16,64,56,8,37.254901960784316,21.568627450980394,15.686274509803921,62.745098039215684,54.90196078431373,7.8431372549019605
E00087028,104,29,13,16,75,64,11,27.884615384615387,12.5,15.384615384615385,72.11538461538461,61.53846153846154,10.576923076923077
E00087029,228,83,23,60,145,120,25,36.40350877192983,10.087719298245613,26.31578947368421,63.59649122807017,52.63157894736842,10.964912280701753
E00087030,143,64,30,34,79,64,15,44.75524475524475,20.97902097902098,23.776223776223777,55.24475524475524,44.75524475524475,10.48951048951049
E00087031,125,41,23,18,84,72,12,32.800000000000004,18.4,14.399999999999999,67.2,57.599999999999994,9.6
E00087032,186,52,20,32,134,115,19,27.956989247311824,10.75268817204301,17.20430107526882,72.04301075268818,61.82795698924731,10.21505376344086
E00087033,122,46,27,19,76,63,13,37.704918032786885,22.131147540983605,15.573770491803279,62.295081967213115,51.63934426229508,10.655737704918032
E00087034,119,42,20,22,77,60,17,35.294117647058826,16.80672268907563,18.487394957983195,64.70588235294117,50.42016806722689,14.285714285714285
E00087035,92,28,14,14,64,49,15,30.434782608695656,15.217391304347828,15.217391304347828,69.56521739130434,53.2608695652174,16.304347826086957
E00087036,127,52,20,32,75,64,11,40.94488188976378,15.748031496062993,25.196850393700785,59.055118110236215,50.39370078740157,8.661417322834646
E00087037,73,22,12,10,51,47,4,30.136986301369863,16.43835616438356,13.698630136986301,69.86301369863014,64.38356164383562,5.47945205479452
E00087038,110,61,32,29,49,49,0,55.45454545454545,29.09090909090909,26.36363636363636,44.54545454545455,44.54545454545455,0
E00087039,110,35,11,24,75,62,13,31.818181818181817,10,21.818181818181817,68.18181818181817,56.36363636363636,11.818181818181818
E00087040,116,31,9,22,85,76,9,26.72413793103448,7.758620689655173,18.96551724137931,73.27586206896551,65.51724137931035,7.758620689655173
E00087041,150,51,23,28,99,83,16,34,15.333333333333332,18.666666666666668,66,55.333333333333336,10.666666666666668
E00087042,86,28,14,14,58,51,7,32.55813953488372,16.27906976744186,16.27906976744186,67.44186046511628,59.30232558139535,8.13953488372093
E00087044,87,32,17,15,55,46,9,36.7816091954023,19.54022988505747,17.24137931034483,63.2183908045977,52.87356321839081,10.344827586206897
E00087045,107,21,4,17,86,80,6,19.626168224299064,3.7383177570093453,15.887850467289718,80.37383177570094,74.76635514018692,5.607476635514018
E00087046,155,62,22,40,93,77,16,40,14.193548387096774,25.806451612903224,60,49.67741935483871,10.32258064516129
E00087047,168,46,17,29,122,105,17,27.380952380952383,10.119047619047619,17.261904761904763,72.61904761904762,62.5,10.119047619047619
E00087048,99,31,16,15,68,60,8,31.313131313131315,16.161616161616163,15.151515151515152,68.68686868686868,60.60606060606061,8.080808080808081
E00087049,199,76,39,37,123,106,17,38.19095477386934,19.597989949748744,18.592964824120603,61.80904522613066,53.266331658291456,8.542713567839195
E00087050,153,30,15,15,123,109,14,19.607843137254903,9.803921568627452,9.803921568627452,80.3921568627451,71.24183006535948,9.15032679738562
E00087051,169,54,23,31,115,101,14,31.952662721893493,13.609467455621301,18.34319526627219,68.04733727810651,59.76331360946746,8.284023668639055
E00087052,147,48,9,39,99,83,16,32.6530612244898,6.122448979591836,26.53061224489796,67.3469387755102,56.4625850340136,10.884353741496598
E00087053,147,49,15,34,98,87,11,33.33333333333333,10.204081632653061,23.12925170068027,66.66666666666666,59.183673469387756,7.482993197278912
E00087054,167,24,7,17,143,117,26,14.37125748502994,4.191616766467066,10.179640718562874,85.62874251497006,70.05988023952095,15.568862275449103
E00087055,177,57,19,38,120,107,13,32.20338983050847,10.734463276836157,21.468926553672315,67.79661016949152,60.451977401129945,7.344632768361582
E00087056,180,56,15,41,124,104,20,31.11111111111111,8.333333333333332,22.77777777777778,68.88888888888889,57.77777777777777,11.11111111111111
E00087057,286,76,19,57,210,175,35,26.573426573426573,6.643356643356643,19.93006993006993,73.42657342657343,61.18881118881119,12.237762237762238
E00087058,181,54,24,30,127,109,18,29.83425414364641,13.259668508287293,16.574585635359114,70.1657458563536,60.22099447513812,9.94475138121547
E00087059,18,6,3,3,12,11,1,33.33333333333333,16.666666666666664,16.666666666666664,66.66666666666666,61.111111111111114,5.555555555555555
E00087060,107,35,12,23,72,66,6,32.71028037383177,11.214953271028037,21.49532710280374,67.28971962616822,61.6822429906542,5.607476635514018
E00087061,244,45,18,27,199,170,29,18.442622950819672,7.377049180327869,11.065573770491802,81.55737704918032,69.67213114754098,11.885245901639344
E00087062,157,45,6,39,112,98,14,28.662420382165603,3.821656050955414,24.840764331210192,71.3375796178344,62.42038216560509,8.9171974522293
E00087063,197,47,14,33,150,130,20,23.85786802030457,7.1065989847715745,16.751269035532996,76.14213197969542,65.98984771573603,10.152284263959391
E00087064,155,43,14,29,112,91,21,27.741935483870968,9.032258064516128,18.70967741935484,72.25806451612902,58.70967741935483,13.548387096774196
E00087065,176,51,11,40,125,103,22,28.97727272727273,6.25,22.727272727272727,71.02272727272727,58.52272727272727,12.5
E00087066,181,60,20,40,121,101,20,33.14917127071823,11.049723756906078,22.099447513812155,66.85082872928176,55.80110497237569,11.049723756906078
E00087067,175,49,7,42,126,114,12,28.000000000000004,4,24,72,65.14285714285715,6.857142857142858
E00087069,106,37,8,29,69,61,8,34.90566037735849,7.547169811320755,27.358490566037734,65.09433962264151,57.54716981132076,7.547169811320755
E00087070,118,44,16,28,74,66,8,37.28813559322034,13.559322033898304,23.728813559322035,62.71186440677966,55.932203389830505,6.779661016949152
E00087071,157,54,15,39,103,88,15,34.394904458598724,9.554140127388536,24.840764331210192,65.60509554140127,56.05095541401274,9.554140127388536
E00087072,117,39,11,28,78,67,11,33.33333333333333,9.401709401709402,23.931623931623932,66.66666666666666,57.26495726495726,9.401709401709402
E00087073,73,23,8,15,50,34,16,31.506849315068493,10.95890410958904,20.54794520547945,68.4931506849315,46.57534246575342,21.91780821917808
E00087074,148,40,15,25,108,86,22,27.027027027027028,10.135135135135135,16.89189189189189,72.97297297297297,58.108108108108105,14.864864864864865
E00087075,147,51,16,35,96,81,15,34.69387755102041,10.884353741496598,23.809523809523807,65.3061224489796,55.10204081632652,10.204081632653061
E00087076,77,18,4,14,59,50,9,23.376623376623375,5.194805194805195,18.181818181818183,76.62337662337663,64.93506493506493,11.688311688311687
E00087077,115,44,21,23,71,58,13,38.26086956521739,18.26086956521739,20,61.73913043478261,50.43478260869565,11.304347826086957
E00087078,125,49,13,36,76,67,9,39.2,10.4,28.799999999999997,60.8,53.6,7.199999999999999
E00087079,156,55,27,28,101,86,15,35.256410256410255,17.307692307692307,17.94871794871795,64.74358974358975,55.12820512820513,9.615384615384617
E00087080,148,56,15,41,92,81,11,37.83783783783784,10.135135135135135,27.7027027027027,62.16216216216216,54.729729729729726,7.4324324324324325
E00087081,131,41,13,28,90,78,12,31.297709923664126,9.923664122137405,21.374045801526716,68.70229007633588,59.541984732824424,9.16030534351145
E00087082,133,44,16,28,89,73,16,33.08270676691729,12.030075187969924,21.052631578947366,66.9172932330827,54.88721804511278,12.030075187969924
E00087083,170,61,15,46,109,96,13,35.88235294117647,8.823529411764707,27.058823529411764,64.11764705882354,56.470588235294116,7.647058823529412
E00087084,111,40,10,30,71,65,6,36.03603603603604,9.00900900900901,27.027027027027028,63.96396396396396,58.55855855855856,5.405405405405405
E00087085,149,37,12,25,112,95,17,24.832214765100673,8.053691275167784,16.778523489932887,75.16778523489933,63.758389261744966,11.409395973154362
E00087086,137,43,15,28,94,75,19,31.386861313868614,10.948905109489052,20.437956204379564,68.61313868613139,54.74452554744526,13.86861313868613
E00087087,89,19,9,10,70,57,13,21.34831460674157,10.112359550561797,11.235955056179774,78.65168539325843,64.04494382022472,14.606741573033707
E00087088,133,47,11,36,86,72,14,35.338345864661655,8.270676691729323,27.06766917293233,64.66165413533834,54.13533834586466,10.526315789473683
E00087089,125,37,14,23,88,77,11,29.599999999999998,11.200000000000001,18.4,70.39999999999999,61.6,8.799999999999999
E00087090,105,32,7,25,73,62,11,30.476190476190478,6.666666666666667,23.809523809523807,69.52380952380952,59.04761904761905,10.476190476190476
E00087091,82,36,8,28,46,44,2,43.90243902439025,9.75609756097561,34.146341463414636,56.09756097560976,53.65853658536586,2.4390243902439024
E00087092,165,58,21,37,107,102,5,35.15151515151515,12.727272727272727,22.424242424242426,64.84848484848484,61.81818181818181,3.0303030303030303
E00087093,135,38,14,24,97,86,11,28.14814814814815,10.37037037037037,17.77777777777778,71.85185185185186,63.70370370370371,8.148148148148149
E00087094,172,47,14,33,125,104,21,27.325581395348834,8.13953488372093,19.186046511627907,72.67441860465115,60.46511627906976,12.209302325581394
E00087095,192,62,18,44,130,114,16,32.29166666666667,9.375,22.916666666666664,67.70833333333334,59.375,8.333333333333332
E00087096,158,46,26,20,112,100,12,29.11392405063291,16.455696202531644,12.658227848101266,70.88607594936708,63.29113924050633,7.59493670886076
E00087097,62,17,5,12,45,40,5,27.419354838709676,8.064516129032258,19.35483870967742,72.58064516129032,64.51612903225806,8.064516129032258
E00087098,210,58,15,43,152,134,18,27.61904761904762,7.142857142857142,20.476190476190474,72.38095238095238,63.8095238095238,8.571428571428571
E00087099,159,34,11,23,125,113,12,21.38364779874214,6.918238993710692,14.465408805031446,78.61635220125787,71.0691823899371,7.547169811320755
E00087100,160,47,15,32,113,95,18,29.375,9.375,20,70.625,59.375,11.25
E00087101,196,57,17,40,139,126,13,29.081632653061224,8.673469387755102,20.408163265306122,70.91836734693877,64.28571428571429,6.63265306122449
E00087102,169,51,22,29,118,102,16,30.17751479289941,13.017751479289942,17.159763313609467,69.8224852071006,60.35502958579882,9.467455621301776
E00087103,155,44,17,27,111,96,15,28.387096774193548,10.967741935483872,17.419354838709676,71.61290322580646,61.935483870967744,9.67741935483871
E00087104,184,34,11,23,150,139,11,18.478260869565215,5.978260869565218,12.5,81.52173913043478,75.54347826086956,5.978260869565218
E00087105,160,57,21,36,103,87,16,35.625,13.125,22.5,64.375,54.37499999999999,10
E00087106,177,52,13,39,125,113,12,29.37853107344633,7.344632768361582,22.033898305084744,70.62146892655367,63.84180790960452,6.779661016949152
E00087107,198,57,17,40,141,133,8,28.78787878787879,8.585858585858585,20.2020202020202,71.21212121212122,67.17171717171718,4.040404040404041
E00087108,169,54,21,33,115,102,13,31.952662721893493,12.42603550295858,19.526627218934912,68.04733727810651,60.35502958579882,7.6923076923076925
E00087109,280,63,14,49,217,191,26,22.5,5,17.5,77.5,68.21428571428572,9.285714285714286
E00087110,145,43,9,34,102,85,17,29.655172413793103,6.206896551724138,23.448275862068964,70.34482758620689,58.620689655172406,11.724137931034482
E00087111,208,54,17,37,154,142,12,25.961538461538463,8.173076923076923,17.78846153846154,74.03846153846155,68.26923076923077,5.769230769230769
E00087112,165,55,21,34,110,92,18,33.33333333333333,12.727272727272727,20.606060606060606,66.66666666666666,55.757575757575765,10.909090909090908
E00087113,167,34,11,23,133,116,17,20.359281437125748,6.58682634730539,13.77245508982036,79.64071856287424,69.46107784431138,10.179640718562874
E00087114,169,39,19,20,130,111,19,23.076923076923077,11.242603550295858,11.834319526627219,76.92307692307693,65.68047337278107,11.242603550295858
E00087115,176,47,16,31,129,106,23,26.704545454545453,9.090909090909092,17.613636363636363,73.29545454545455,60.22727272727273,13.068181818181818
E00087116,148,52,20,32,96,81,15,35.13513513513514,13.513513513513514,21.62162162162162,64.86486486486487,54.729729729729726,10.135135135135135
E00087117,213,53,17,36,160,142,18,24.88262910798122,7.981220657276995,16.901408450704224,75.11737089201877,66.66666666666666,8.450704225352112
E00087118,116,31,13,18,85,74,11,26.72413793103448,11.206896551724139,15.517241379310345,73.27586206896551,63.793103448275865,9.482758620689655
E00087119,162,42,8,34,120,102,18,25.925925925925924,4.938271604938271,20.98765432098765,74.07407407407408,62.96296296296296,11.11111111111111
E00087120,166,35,13,22,131,118,13,21.084337349397593,7.83132530120482,13.253012048192772,78.91566265060241,71.08433734939759,7.83132530120482
E00087121,189,50,12,38,139,122,17,26.455026455026452,6.349206349206349,20.105820105820104,73.54497354497354,64.55026455026454,8.994708994708994
E00087122,292,79,23,56,213,192,21,27.054794520547947,7.876712328767123,19.17808219178082,72.94520547945206,65.75342465753424,7.191780821917808
E00087123,134,37,6,31,97,87,10,27.611940298507463,4.477611940298507,23.134328358208954,72.38805970149254,64.92537313432835,7.462686567164178
E00087124,215,52,16,36,163,137,26,24.186046511627907,7.441860465116279,16.74418604651163,75.81395348837209,63.72093023255814,12.093023255813954
E00087125,100,31,7,24,69,62,7,31,7.000000000000001,24,69,62,7.000000000000001
E00087126,165,50,17,33,115,98,17,30.303030303030305,10.303030303030303,20,69.6969696969697,59.3939393939394,10.303030303030303
E00087127,186,55,15,40,131,113,18,29.56989247311828,8.064516129032258,21.50537634408602,70.43010752688173,60.752688172043015,9.67741935483871
E00087128,168,60,22,38,108,85,23,35.714285714285715,13.095238095238097,22.61904761904762,64.28571428571429,50.595238095238095,13.690476190476192
E00087129,156,37,9,28,119,104,15,23.717948717948715,5.769230769230769,17.94871794871795,76.28205128205127,66.66666666666666,9.615384615384617
E00087130,143,32,12,20,111,97,14,22.377622377622377,8.391608391608392,13.986013986013987,77.62237762237763,67.83216783216784,9.79020979020979
E00087131,186,48,16,32,138,120,18,25.806451612903224,8.60215053763441,17.20430107526882,74.19354838709677,64.51612903225806,9.67741935483871
E00087132,85,13,1,12,72,61,11,15.294117647058824,1.1764705882352942,14.117647058823529,84.70588235294117,71.76470588235294,12.941176470588237
E00087133,98,34,7,27,64,54,10,34.69387755102041,7.142857142857142,27.55102040816326,65.3061224489796,55.10204081632652,10.204081632653061
E00087134,182,68,22,46,114,95,19,37.362637362637365,12.087912087912088,25.274725274725274,62.637362637362635,52.197802197802204,10.43956043956044
E00087135,29,12,4,8,17,10,7,41.37931034482759,13.793103448275861,27.586206896551722,58.620689655172406,34.48275862068966,24.137931034482758
E00087136,123,45,16,29,78,69,9,36.58536585365854,13.008130081300814,23.577235772357724,63.41463414634146,56.09756097560976,7.317073170731707
E00087137,105,32,9,23,73,62,11,30.476190476190478,8.571428571428571,21.904761904761905,69.52380952380952,59.04761904761905,10.476190476190476
E00087138,181,56,25,31,125,113,12,30.939226519337016,13.812154696132598,17.12707182320442,69.06077348066299,62.430939226519335,6.629834254143646
E00087139,167,46,19,27,121,101,20,27.54491017964072,11.377245508982035,16.16766467065868,72.45508982035929,60.47904191616767,11.976047904191617
E00087140,195,63,13,50,132,112,20,32.30769230769231,6.666666666666667,25.64102564102564,67.6923076923077,57.43589743589743,10.256410256410255
E00087141,163,60,31,29,103,82,21,36.809815950920246,19.018404907975462,17.791411042944784,63.190184049079754,50.306748466257666,12.883435582822086
E00087142,158,60,35,25,98,72,26,37.9746835443038,22.151898734177212,15.822784810126583,62.0253164556962,45.56962025316456,16.455696202531644
E00087143,137,45,14,31,92,76,16,32.846715328467155,10.218978102189782,22.62773722627737,67.15328467153284,55.47445255474452,11.678832116788321
E00087144,195,55,12,43,140,121,19,28.205128205128204,6.153846153846154,22.05128205128205,71.7948717948718,62.05128205128205,9.7435897435897445
E00087145,126,20,2,18,106,97,9,15.873015873015872,1.5873015873015872,14.285714285714285,84.12698412698413,76.98412698412699,7.142857142857142
E00087146,153,52,15,37,101,87,14,33.98692810457516,9.803921568627452,24.183006535947712,66.01307189542483,56.86274509803921,9.15032679738562
E00087147,170,54,14,40,116,106,10,31.76470588235294,8.235294117647058,23.52941176470588,68.23529411764706,62.35294117647059,5.88235294117647
E00087148,154,52,18,34,102,86,16,33.76623376623377,11.688311688311687,22.07792207792208,66.23376623376623,55.84415584415584,10.38961038961039
E00087149,148,51,19,32,97,80,17,34.45945945945946,12.837837837837837,21.62162162162162,65.54054054054053,54.054054054054056,11.486486486486488
E00087150,154,39,13,26,115,102,13,25.324675324675322,8.441558441558442,16.883116883116884,74.67532467532467,66.23376623376623,8.441558441558442
E00087151,204,49,12,37,155,134,21,24.019607843137255,5.88235294117647,18.137254901960784,75.98039215686273,65.68627450980392,10.294117647058822
E00087152,236,61,21,40,175,141,34,25.847457627118644,8.898305084745763,16.94915254237288,74.15254237288136,59.7457627118644,14.40677966101695
E00087153,128,34,4,30,94,80,14,26.5625,3.125,23.4375,73.4375,62.5,10.9375
E00087154,162,51,10,41,111,99,12,31.48148148148148,6.172839506172839,25.308641975308642,68.51851851851852,61.111111111111114,7.4074074074074066
E00087155,108,29,8,21,79,70,9,26.851851851851855,7.4074074074074066,19.444444444444446,73.14814814814815,64.81481481481481,8.333333333333332
E00087156,123,41,14,27,82,75,7,33.33333333333333,11.38211382113821,21.951219512195124,66.66666666666666,60.97560975609756,5.691056910569105
E00087157,130,31,12,19,99,91,8,23.846153846153847,9.230769230769232,14.615384615384617,76.15384615384615,70,6.153846153846154
E00087158,174,48,21,27,126,108,18,27.586206896551722,12.068965517241379,15.517241379310345,72.41379310344827,62.06896551724138,10.344827586206897
E00087159,192,51,17,34,141,122,19,26.5625,8.854166666666668,17.708333333333336,73.4375,63.541666666666664,9.895833333333332
E00087160,103,25,4,21,78,68,10,24.271844660194176,3.8834951456310676,20.388349514563107,75.72815533980582,66.01941747572816,9.70873786407767
E00087161,173,50,18,32,123,106,17,28.901734104046245,10.404624277456648,18.497109826589593,71.09826589595376,61.27167630057804,9.826589595375722
E00087162,197,49,19,30,148,120,28,24.873096446700508,9.644670050761421,15.228426395939088,75.1269035532995,60.913705583756354,14.213197969543149
E00087163,183,42,9,33,141,122,19,22.950819672131146,4.918032786885246,18.0327868852459,77.04918032786885,66.66666666666666,10.382513661202186
E00087164,135,31,7,24,104,87,17,22.962962962962962,5.185185185185185,17.77777777777778,77.03703703703704,64.44444444444444,12.592592592592592
E00087165,190,56,17,39,134,109,25,29.47368421052631,8.947368421052632,20.526315789473685,70.52631578947368,57.36842105263158,13.157894736842104
E00087166,77,19,5,14,58,52,6,24.675324675324674,6.493506493506493,18.181818181818183,75.32467532467533,67.53246753246754,7.792207792207792
E00087167,160,46,16,30,114,105,9,28.749999999999996,10,18.75,71.25,65.625,5.625
E00087168,181,54,19,35,127,112,15,29.83425414364641,10.497237569060774,19.337016574585636,70.1657458563536,61.87845303867403,8.287292817679557
E00087169,133,39,9,30,94,84,10,29.32330827067669,6.7669172932330826,22.55639097744361,70.67669172932331,63.1578947368421,7.518796992481203
E00087170,148,35,12,23,113,102,11,23.64864864864865,8.108108108108109,15.54054054054054,76.35135135135135,68.91891891891892,7.4324324324324325
E00087171,87,31,12,19,56,49,7,35.63218390804598,13.793103448275861,21.839080459770116,64.36781609195403,56.32183908045977,8.045977011494253
E00087172,123,33,8,25,90,80,10,26.82926829268293,6.504065040650407,20.32520325203252,73.17073170731707,65.04065040650406,8.130081300813007
E00087173,142,50,18,32,92,84,8,35.2112676056338,12.676056338028168,22.535211267605636,64.7887323943662,59.154929577464785,5.633802816901409
E00087174,157,47,21,26,110,93,17,29.936305732484076,13.375796178343949,16.560509554140125,70.06369426751591,59.23566878980891,10.828025477707007
E00087175,126,39,14,25,87,77,10,30.952380952380953,11.11111111111111,19.841269841269842,69.04761904761905,61.111111111111114,7.936507936507936
E00087176,139,44,11,33,95,90,5,31.654676258992804,7.913669064748201,23.741007194244602,68.34532374100719,64.74820143884892,3.5971223021582732
E00087177,205,58,16,42,147,121,26,28.292682926829265,7.804878048780488,20.48780487804878,71.70731707317073,59.02439024390244,12.682926829268293
E00087178,54,15,8,7,39,32,7,27.77777777777778,14.814814814814813,12.962962962962962,72.22222222222221,59.25925925925925,12.962962962962962
E00087179,152,36,15,21,116,105,11,23.684210526315788,9.868421052631579,13.815789473684212,76.31578947368422,69.07894736842105,7.236842105263158
E00087180,172,56,10,46,116,99,17,32.55813953488372,5.813953488372093,26.744186046511626,67.44186046511628,57.55813953488372,9.883720930232558
E00087181,133,35,11,24,98,88,10,26.31578947368421,8.270676691729323,18.045112781954884,73.68421052631578,66.16541353383458,7.518796992481203
E00087182,151,40,16,24,111,104,7,26.490066225165563,10.596026490066226,15.894039735099339,73.50993377483444,68.87417218543047,4.635761589403973
E00087183,159,42,11,31,117,96,21,26.41509433962264,6.918238993710692,19.49685534591195,73.58490566037736,60.37735849056604,13.20754716981132
E00087184,123,31,8,23,92,76,16,25.203252032520325,6.504065040650407,18.69918699186992,74.79674796747967,61.78861788617886,13.008130081300814
E00087185,145,46,9,37,99,92,7,31.724137931034484,6.206896551724138,25.517241379310345,68.27586206896552,63.44827586206897,4.827586206896552
E00087186,143,45,11,34,98,86,12,31.46853146853147,7.6923076923076925,23.776223776223777,68.53146853146853,60.13986013986013,8.391608391608392
E00087187,157,49,14,35,108,88,20,31.210191082802545,8.9171974522293,22.29299363057325,68.78980891719745,56.05095541401274,12.738853503184714
E00087188,209,53,15,38,156,136,20,25.358851674641148,7.177033492822966,18.181818181818183,74.64114832535886,65.07177033492823,9.569377990430622
E00087189,187,46,13,33,141,119,22,24.598930481283425,6.951871657754011,17.647058823529413,75.40106951871658,63.63636363636363,11.76470588235294
E00087190,132,37,13,24,95,84,11,28.030303030303028,9.848484848484848,18.181818181818183,71.96969696969697,63.63636363636363,8.333333333333332
E00087191,167,56,23,33,111,98,13,33.532934131736525,13.77245508982036,19.760479041916167,66.46706586826348,58.68263473053892,7.784431137724551
E00087193,179,54,18,36,125,107,18,30.16759776536313,10.05586592178771,20.11173184357542,69.83240223463687,59.77653631284916,10.05586592178771
E00087194,102,38,15,23,64,55,9,37.254901960784316,14.705882352941178,22.54901960784314,62.745098039215684,53.92156862745098,8.823529411764707
E00087195,163,44,10,34,119,99,20,26.993865030674847,6.134969325153374,20.858895705521473,73.00613496932516,60.73619631901841,12.269938650306749
E00087196,141,47,12,35,94,82,12,33.33333333333333,8.51063829787234,24.822695035460992,66.66666666666666,58.156028368794324,8.51063829787234
E00087197,123,28,7,21,95,86,9,22.76422764227642,5.691056910569105,17.073170731707318,77.23577235772358,69.91869918699187,7.317073170731707
E00087198,170,62,19,43,108,94,14,36.470588235294116,11.176470588235295,25.294117647058822,63.52941176470588,55.294117647058826,8.235294117647058
E00087199,166,59,33,26,107,83,24,35.54216867469879,19.879518072289155,15.66265060240964,64.45783132530121,50,14.457831325301203
E00087200,187,59,15,44,128,114,14,31.550802139037433,8.0213903743315509,23.52941176470588,68.44919786096256,60.962566844919785,7.4866310160427805
E00087201,151,64,24,40,87,77,10,42.384105960264904,15.894039735099339,26.490066225165563,57.615894039735096,50.993377483443716,6.622516556291391
E00087202,159,49,13,36,110,94,16,30.81761006289308,8.176100628930817,22.641509433962266,69.18238993710692,59.11949685534591,10.062893081761008
E00087204,157,44,14,30,113,96,17,28.02547770700637,8.9171974522293,19.10828025477707,71.97452229299363,61.146496815286625,10.828025477707007
E00087205,137,39,14,25,98,83,15,28.467153284671532,10.218978102189782,18.248175182481752,71.53284671532847,60.58394160583942,10.948905109489052
E00087206,135,49,24,25,86,78,8,36.2962962962963,17.77777777777778,18.51851851851852,63.70370370370371,57.77777777777777,5.9259259259259265
E00087207,148,51,24,27,97,88,9,34.45945945945946,16.216216216216218,18.243243243243242,65.54054054054053,59.45945945945946,6.081081081081082
E00087208,152,59,17,42,93,80,13,38.81578947368421,11.18421052631579,27.631578947368425,61.18421052631579,52.63157894736842,8.552631578947368
E00087210,76,24,6,18,52,46,6,31.57894736842105,7.894736842105263,23.684210526315788,68.42105263157895,60.526315789473685,7.894736842105263
E00087211,75,28,15,13,47,40,7,37.333333333333336,20,17.333333333333336,62.66666666666667,53.333333333333336,9.333333333333334
E00087212,160,67,30,37,93,80,13,41.875,18.75,23.125,58.12500000000001,50,8.125
E00087213,98,26,6,20,72,64,8,26.53061224489796,6.122448979591836,20.408163265306122,73.46938775510205,65.3061224489796,8.16326530612245
E00087214,140,57,28,29,83,72,11,40.714285714285715,20,20.714285714285715,59.285714285714285,51.42857142857142,7.857142857142857
E00087215,129,44,18,26,85,68,17,34.10852713178294,13.953488372093023,20.155038759689923,65.89147286821705,52.71317829457365,13.178294573643413
E00087216,123,40,16,24,83,74,9,32.52032520325203,13.008130081300814,19.51219512195122,67.47967479674797,60.16260162601627,7.317073170731707
E00087218,115,43,20,23,72,61,11,37.391304347826086,17.391304347826086,20,62.60869565217392,53.04347826086957,9.565217391304348
E00087219,170,59,30,29,111,107,4,34.705882352941174,17.647058823529413,17.058823529411764,65.29411764705883,62.94117647058823,2.3529411764705883
E00087220,100,56,38,18,44,37,7,56.00000000000001,38,18,44,37,7.000000000000001
E00087221,161,80,48,32,81,71,10,49.68944099378882,29.81366459627329,19.875776397515526,50.31055900621118,44.099378881987576,6.211180124223603
E00087222,144,44,16,28,100,88,12,30.555555555555557,11.11111111111111,19.444444444444446,69.44444444444444,61.111111111111114,8.333333333333332
E00087223,137,41,13,28,96,76,20,29.927007299270077,9.48905109489051,20.437956204379564,70.07299270072993,55.47445255474452,14.5985401459854
E00087224,155,61,23,38,94,79,15,39.35483870967742,14.838709677419354,24.516129032258064,60.64516129032258,50.967741935483865,9.67741935483871
E00087225,151,48,17,31,103,85,18,31.788079470198678,11.258278145695364,20.52980132450331,68.21192052980133,56.29139072847682,11.920529801324504
E00087226,27,6,1,5,21,17,4,22.22222222222222,3.7037037037037033,18.51851851851852,77.77777777777779,62.96296296296296,14.814814814814813
E00087227,118,43,12,31,75,60,15,36.440677966101696,10.16949152542373,26.27118644067797,63.559322033898304,50.847457627118644,12.711864406779661
E00087228,136,38,12,26,98,77,21,27.941176470588236,8.823529411764707,19.11764705882353,72.05882352941177,56.61764705882353,15.441176470588236
E00087229,147,61,16,45,86,72,14,41.49659863945578,10.884353741496598,30.612244897959183,58.50340136054422,48.97959183673469,9.523809523809524
E00087230,76,27,6,21,49,39,10,35.526315789473685,7.894736842105263,27.631578947368425,64.47368421052632,51.31578947368421,13.157894736842104
E00087231,139,49,19,30,90,75,15,35.25179856115108,13.66906474820144,21.58273381294964,64.74820143884892,53.956834532374096,10.79136690647482
E00087232,169,50,14,36,119,104,15,29.585798816568047,8.284023668639055,21.301775147928996,70.41420118343196,61.53846153846154,8.875739644970414
E00087233,176,53,19,34,123,110,13,30.113636363636363,10.795454545454545,19.318181818181817,69.88636363636364,62.5,7.386363636363637
E00087234,99,37,10,27,62,49,13,37.37373737373738,10.1010101010101,27.27272727272727,62.62626262626263,49.494949494949495,13.131313131313133
E00087235,180,70,21,49,110,89,21,38.88888888888889,11.666666666666666,27.22222222222222,61.111111111111114,49.44444444444444,11.666666666666666
E00087236,219,67,11,56,152,128,24,30.59360730593607,5.0228310502283104,25.570776255707763,69.40639269406392,58.44748858447488,10.95890410958904
E00087237,97,14,4,10,83,74,9,14.432989690721648,4.123711340206185,10.309278350515463,85.56701030927834,76.28865979381443,9.278350515463918
E00087238,153,37,12,25,116,103,13,24.183006535947712,7.8431372549019605,16.33986928104575,75.81699346405229,67.3202614379085,8.49673202614379
E00087239,133,38,10,28,95,72,23,28.57142857142857,7.518796992481203,21.052631578947366,71.42857142857143,54.13533834586466,17.293233082706767
E00087240,123,35,8,27,88,75,13,28.455284552845526,6.504065040650407,21.951219512195124,71.54471544715447,60.97560975609756,10.569105691056912
E00087241,104,35,13,22,69,57,12,33.65384615384615,12.5,21.153846153846153,66.34615384615384,54.807692307692314,11.538461538461538
E00087242,79,23,8,15,56,50,6,29.11392405063291,10.126582278481013,18.9873417721519,70.88607594936708,63.29113924050633,7.59493670886076
E00087243,217,78,24,54,139,125,14,35.944700460829495,11.059907834101383,24.88479262672811,64.0552995391705,57.6036866359447,6.451612903225806
E00087244,95,37,16,21,58,48,10,38.94736842105263,16.842105263157894,22.105263157894736,61.05263157894737,50.526315789473685,10.526315789473683
E00087245,100,26,10,16,74,69,5,26,10,16,74,69,5
E00087246,114,47,19,28,67,58,9,41.228070175438596,16.666666666666664,24.561403508771928,58.77192982456141,50.877192982456144,7.894736842105263
E00087247,45,15,3,12,30,25,5,33.33333333333333,6.666666666666667,26.666666666666668,66.66666666666666,55.55555555555556,11.11111111111111
E00087248,162,55,19,36,107,90,17,33.95061728395062,11.728395061728394,22.22222222222222,66.0493827160494,55.55555555555556,10.493827160493826
E00087249,57,16,5,11,41,35,6,28.07017543859649,8.771929824561402,19.298245614035086,71.9298245614035,61.40350877192983,10.526315789473683
E00087250,110,46,10,36,64,57,7,41.81818181818181,9.090909090909092,32.72727272727273,58.18181818181818,51.81818181818182,6.363636363636363
E00087251,53,18,4,14,35,29,6,33.9622641509434,7.547169811320755,26.41509433962264,66.0377358490566,54.71698113207547,11.320754716981133
E00087252,173,39,10,29,134,114,20,22.54335260115607,5.780346820809249,16.76300578034682,77.45664739884393,65.89595375722543,11.560693641618498
E00087253,157,42,7,35,115,96,19,26.751592356687897,4.45859872611465,22.29299363057325,73.24840764331209,61.146496815286625,12.101910828025478
E00087255,161,45,12,33,116,100,16,27.95031055900621,7.453416149068323,20.496894409937887,72.04968944099379,62.11180124223602,9.937888198757763
E00087256,130,37,15,22,93,74,19,28.46153846153846,11.538461538461538,16.923076923076923,71.53846153846153,56.92307692307692,14.615384615384617
E00087257,182,49,15,34,133,115,18,26.923076923076923,8.241758241758241,18.681318681318682,73.07692307692307,63.18681318681318,9.89010989010989
E00087258,148,35,15,20,113,98,15,23.64864864864865,10.135135135135135,13.513513513513514,76.35135135135135,66.21621621621621,10.135135135135135
E00087259,168,50,20,30,118,102,16,29.761904761904763,11.904761904761903,17.857142857142858,70.23809523809523,60.71428571428571,9.523809523809524
E00087260,151,47,12,35,104,83,21,31.125827814569533,7.9470198675496695,23.178807947019866,68.87417218543047,54.966887417218544,13.90728476821192
E00087261,173,47,14,33,126,116,10,27.167630057803464,8.092485549132949,19.07514450867052,72.83236994219652,67.05202312138728,5.780346820809249
E00087262,134,37,11,26,97,91,6,27.611940298507463,8.208955223880597,19.402985074626866,72.38805970149254,67.91044776119402,4.477611940298507
E00087263,138,36,9,27,102,83,19,26.08695652173913,6.521739130434782,19.565217391304348,73.91304347826086,60.14492753623188,13.768115942028986
E00087264,159,50,21,29,109,95,14,31.446540880503143,13.20754716981132,18.238993710691823,68.55345911949685,59.74842767295597,8.80503144654088
E00087265,164,46,20,26,118,104,14,28.04878048780488,12.195121951219512,15.853658536585366,71.95121951219512,63.41463414634146,8.536585365853659
E00087266,163,30,11,19,133,116,17,18.404907975460123,6.748466257668712,11.65644171779141,81.59509202453987,71.16564417177914,10.429447852760736
E00087268,158,42,12,30,116,98,18,26.582278481012654,7.59493670886076,18.9873417721519,73.41772151898735,62.0253164556962,11.39240506329114
E00087269,177,61,15,46,116,100,16,34.463276836158194,8.47457627118644,25.98870056497175,65.5367231638418,56.49717514124294,9.03954802259887
E00087270,154,36,12,24,118,102,16,23.376623376623375,7.792207792207792,15.584415584415584,76.62337662337663,66.23376623376623,10.38961038961039
E00087271,106,31,8,23,75,58,17,29.245283018867923,7.547169811320755,21.69811320754717,70.75471698113208,54.71698113207547,16.037735849056602
E00087272,105,32,10,22,73,64,9,30.476190476190478,9.523809523809524,20.952380952380953,69.52380952380952,60.952380952380956,8.571428571428571
E00087273,106,32,11,21,74,62,12,30.18867924528302,10.377358490566039,19.81132075471698,69.81132075471697,58.490566037735846,11.320754716981133
E00087274,159,45,19,26,114,98,16,28.30188679245283,11.949685534591195,16.352201257861633,71.69811320754717,61.63522012578616,10.062893081761008
E00087275,156,31,12,19,125,107,18,19.871794871794872,7.6923076923076925,12.179487179487179,80.12820512820514,68.58974358974359,11.538461538461538
E00087276,194,56,15,41,138,127,11,28.865979381443296,7.731958762886598,21.1340206185567,71.1340206185567,65.4639175257732,5.670103092783505
E00087277,156,40,13,27,116,100,16,25.64102564102564,8.333333333333332,17.307692307692307,74.35897435897436,64.1025641025641,10.256410256410255
E00087278,163,44,12,32,119,108,11,26.993865030674847,7.361963190184049,19.631901840490798,73.00613496932516,66.25766871165644,6.748466257668712
E00166944,183,41,12,29,142,124,18,22.404371584699454,6.557377049180328,15.846994535519126,77.59562841530054,67.75956284153006,9.836065573770492
E00166945,62,21,5,16,41,34,7,33.87096774193548,8.064516129032258,25.806451612903224,66.12903225806451,54.83870967741935,11.29032258064516
E00166947,119,49,15,34,70,51,19,41.17647058823529,12.605042016806722,28.57142857142857,58.82352941176471,42.857142857142854,15.966386554621847
E00166948,146,35,11,24,111,90,21,23.972602739726025,7.534246575342466,16.43835616438356,76.02739726027397,61.64383561643836,14.383561643835616
E00166950,87,48,33,15,39,28,11,55.172413793103445,37.93103448275862,17.24137931034483,44.827586206896555,32.18390804597701,12.643678160919542
E00166951,121,54,34,20,67,60,7,44.62809917355372,28.09917355371901,16.528925619834713,55.371900826446286,49.586776859504134,5.785123966942149
E00166953,167,36,16,20,131,114,17,21.55688622754491,9.580838323353294,11.976047904191617,78.44311377245509,68.26347305389223,10.179640718562874
E00166954,41,17,3,14,24,20,4,41.46341463414634,7.317073170731707,34.146341463414636,58.536585365853654,48.78048780487805,9.75609756097561
E00166956,188,37,14,23,151,140,11,19.680851063829788,7.446808510638298,12.23404255319149,80.31914893617021,74.46808510638297,5.851063829787234
E00166958,120,34,16,18,86,77,9,28.333333333333332,13.333333333333334,15,71.66666666666667,64.16666666666667,7.5
E00166959,282,100,51,49,182,166,16,35.46099290780142,18.085106382978726,17.375886524822697,64.53900709219859,58.86524822695035,5.673758865248227
E00166961,151,43,15,28,108,92,16,28.47682119205298,9.933774834437086,18.543046357615893,71.52317880794702,60.9271523178808,10.596026490066226
E00166962,134,35,14,21,99,90,9,26.119402985074625,10.44776119402985,15.671641791044777,73.88059701492537,67.16417910447761,6.7164179104477615
E00166964,163,33,16,17,130,114,16,20.245398773006134,9.815950920245399,10.429447852760736,79.75460122699386,69.93865030674846,9.815950920245399
E00166965,126,41,15,26,85,75,10,32.53968253968254,11.904761904761903,20.634920634920633,67.46031746031747,59.523809523809526,7.936507936507936
E00166967,83,20,11,9,63,56,7,24.096385542168676,13.253012048192772,10.843373493975903,75.90361445783132,67.46987951807229,8.433734939759036
E00166968,205,24,11,13,181,157,24,11.707317073170733,5.365853658536586,6.341463414634147,88.29268292682927,76.58536585365854,11.707317073170733
E00166970,158,38,5,33,120,109,11,24.050632911392405,3.1645569620253164,20.88607594936709,75.9493670886076,68.9873417721519,6.962025316455696
E00166972,161,59,23,36,102,79,23,36.64596273291926,14.285714285714285,22.36024844720497,63.35403726708074,49.06832298136646,14.285714285714285
E00166973,130,33,15,18,97,76,21,25.384615384615383,11.538461538461538,13.846153846153847,74.61538461538461,58.46153846153847,16.153846153846153
E00166975,177,28,5,23,149,134,15,15.819209039548024,2.824858757062147,12.994350282485875,84.18079096045197,75.70621468926554,8.47457627118644
E00166981,132,19,7,12,113,96,17,14.393939393939394,5.303030303030303,9.090909090909092,85.60606060606061,72.72727272727273,12.878787878787879
E00166982,141,19,4,15,122,102,20,13.47517730496454,2.8368794326241136,10.638297872340425,86.52482269503547,72.3404255319149,14.184397163120568
E00166986,129,45,18,27,84,78,6,34.883720930232556,13.953488372093023,20.930232558139537,65.11627906976744,60.46511627906976,4.651162790697675
E00166989,144,66,38,28,78,68,10,45.83333333333333,26.38888888888889,19.444444444444446,54.166666666666664,47.22222222222222,6.944444444444445
E00166992,202,26,8,18,176,155,21,12.871287128712872,3.9603960396039604,8.91089108910891,87.12871287128714,76.73267326732673,10.396039603960396
E00166995,68,15,10,5,53,41,12,22.058823529411764,14.705882352941178,7.352941176470589,77.94117647058823,60.29411764705882,17.647058823529413
E00166996,199,84,42,42,115,106,9,42.211055276381906,21.105527638190953,21.105527638190953,57.78894472361809,53.266331658291456,4.522613065326634
E00166998,105,15,1,14,90,82,8,14.285714285714285,0.9523809523809524,13.333333333333334,85.71428571428571,78.0952380952381,7.6190476190476195
E00167000,154,37,11,26,117,100,17,24.025974025974026,7.142857142857142,16.883116883116884,75.97402597402598,64.93506493506493,11.03896103896104
E00167004,223,26,11,15,197,159,38,11.659192825112108,4.932735426008969,6.726457399103139,88.34080717488789,71.30044843049326,17.040358744394617
E00167007,110,14,5,9,96,88,8,12.727272727272727,4.545454545454546,8.181818181818182,87.27272727272727,80,7.2727272727272725
E00167009,59,20,6,14,39,32,7,33.89830508474576,10.16949152542373,23.728813559322035,66.10169491525424,54.23728813559322,11.864406779661017
E00167010,127,23,8,15,104,93,11,18.11023622047244,6.299212598425196,11.811023622047244,81.88976377952756,73.22834645669292,8.661417322834646
E00167012,94,21,8,13,73,66,7,22.340425531914892,8.51063829787234,13.829787234042554,77.6595744680851,70.2127659574468,7.446808510638298
E00167014,287,114,53,61,173,154,19,39.721254355400696,18.466898954703833,21.254355400696863,60.278745644599304,53.65853658536586,6.620209059233449
E00167015,110,45,20,25,65,55,10,40.909090909090914,18.181818181818183,22.727272727272727,59.09090909090909,50,9.090909090909092
E00167017,102,12,3,9,90,87,3,11.76470588235294,2.941176470588235,8.823529411764707,88.23529411764706,85.29411764705883,2.941176470588235
E00167018,163,29,11,18,134,106,28,17.791411042944784,6.748466257668712,11.042944785276074,82.20858895705521,65.03067484662577,17.177914110429448
E00167020,186,41,12,29,145,126,19,22.043010752688172,6.451612903225806,15.591397849462366,77.95698924731182,67.74193548387096,10.21505376344086
E00167021,115,21,5,16,94,79,15,18.26086956521739,4.3478260869565215,13.91304347826087,81.73913043478261,68.69565217391305,13.043478260869565
E00167023,150,34,14,20,116,98,18,22.666666666666664,9.333333333333334,13.333333333333334,77.33333333333333,65.33333333333333,12
E00167024,92,19,7,12,73,63,10,20.652173913043477,7.608695652173914,13.043478260869565,79.34782608695652,68.47826086956522,10.869565217391305
E00167026,157,20,6,14,137,123,14,12.738853503184714,3.821656050955414,8.9171974522293,87.26114649681529,78.343949044586,8.9171974522293
E00167028,121,32,11,21,89,75,14,26.446280991735538,9.090909090909092,17.355371900826448,73.55371900826447,61.98347107438017,11.570247933884298
E00177489,125,30,8,22,95,75,20,24,6.4,17.599999999999998,76,60,16
E00177494,101,18,5,13,83,73,10,17.82178217821782,4.9504950495049505,12.871287128712872,82.17821782178217,72.27722772277228,9.900990099009901
E00177495,105,14,7,7,91,77,14,13.333333333333334,6.666666666666667,6.666666666666667,86.66666666666667,73.33333333333333,13.333333333333334
E00177501,57,18,8,10,39,35,4,31.57894736842105,14.035087719298245,17.543859649122805,68.42105263157895,61.40350877192983,7.017543859649122
E00177756,152,43,17,26,109,95,14,28.289473684210524,11.18421052631579,17.105263157894736,71.71052631578947,62.5,9.210526315789473
E00178644,91,12,7,5,79,72,7,13.186813186813188,7.6923076923076925,5.4945054945054945,86.81318681318682,79.12087912087912,7.6923076923076925
E00179080,144,26,3,23,118,106,12,18.055555555555554,2.083333333333333,15.972222222222221,81.94444444444444,73.61111111111111,8.333333333333332
E00181588,188,73,40,33,115,107,8,38.82978723404255,21.27659574468085,17.5531914893617,61.170212765957444,56.91489361702128,4.25531914893617
E00181834,79,32,8,24,47,40,7,40.50632911392405,10.126582278481013,30.37974683544304,59.49367088607595,50.63291139240506,8.860759493670885
E00181835,173,65,29,36,108,93,15,37.57225433526011,16.76300578034682,20.809248554913296,62.42774566473989,53.75722543352601,8.670520231213873
E00181836,165,24,8,16,141,118,23,14.545454545454545,4.848484848484849,9.696969696969697,85.45454545454545,71.51515151515152,13.939393939393941
E00181838,133,55,32,23,78,67,11,41.35338345864661,24.06015037593985,17.293233082706767,58.64661654135338,50.37593984962406,8.270676691729323
E00182068,146,28,9,19,118,91,27,19.17808219178082,6.164383561643835,13.013698630136986,80.82191780821918,62.328767123287676,18.493150684931507
E00182070,131,42,18,24,89,76,13,32.06106870229007,13.740458015267176,18.3206106870229,67.93893129770993,58.01526717557252,9.923664122137405
E00183429,192,39,16,23,153,126,27,20.3125,8.333333333333332,11.979166666666668,79.6875,65.625,14.0625
E00183433,140,37,20,17,103,91,12,26.42857142857143,14.285714285714285,12.142857142857142,73.57142857142858,65,8.571428571428571
E00183434,116,40,23,17,76,67,9,34.48275862068966,19.82758620689655,14.655172413793101,65.51724137931035,57.758620689655174,7.758620689655173
E00183436,160,26,11,15,134,104,30,16.25,6.875000000000001,9.375,83.75,65,18.75
E00184147,213,41,17,24,172,142,30,19.248826291079812,7.981220657276995,11.267605633802818,80.75117370892019,66.66666666666666,14.084507042253522
E00184148,158,19,6,13,139,119,20,12.025316455696203,3.79746835443038,8.227848101265822,87.9746835443038,75.31645569620254,12.658227848101266
E00184157,60,23,11,12,37,35,2,38.333333333333336,18.333333333333332,20,61.66666666666667,58.333333333333336,3.3333333333333335
E00184158,130,105,64,41,25,20,5,80.76923076923077,49.23076923076923,31.538461538461537,19.230769230769234,15.384615384615385,3.8461538461538463
E00184545,129,29,8,21,100,83,17,22.48062015503876,6.2015503875969,16.27906976744186,77.51937984496125,64.34108527131784,13.178294573643413
E00186087,123,81,62,19,42,36,6,65.85365853658537,50.40650406504065,15.447154471544716,34.146341463414636,29.268292682926827,4.878048780487805
E00186088,181,42,17,25,139,120,19,23.204419889502763,9.392265193370166,13.812154696132598,76.79558011049724,66.29834254143645,10.497237569060774
E00186090,174,53,14,39,121,102,19,30.45977011494253,8.045977011494253,22.413793103448278,69.54022988505747,58.620689655172406,10.919540229885058
E00186324,203,34,12,22,169,152,17,16.748768472906402,5.911330049261084,10.83743842364532,83.2512315270936,74.8768472906404,8.374384236453201
E00189201,126,25,7,18,101,89,12,19.841269841269842,5.555555555555555,14.285714285714285,80.15873015873017,70.63492063492063,9.523809523809524
E00189202,173,18,10,8,155,135,20,10.404624277456648,5.780346820809249,4.624277456647398,89.59537572254335,78.03468208092485,11.560693641618498
E00190525,221,105,58,47,116,97,19,47.511312217194565,26.244343891402718,21.266968325791854,52.488687782805435,43.89140271493213,8.597285067873303
E00190526,129,42,6,36,87,80,7,32.55813953488372,4.651162790697675,27.906976744186046,67.44186046511628,62.01550387596899,5.426356589147287
E00190527,172,61,16,45,111,96,15,35.46511627906977,9.30232558139535,26.16279069767442,64.53488372093024,55.81395348837209,8.720930232558139
E00190531,178,70,26,44,108,97,11,39.325842696629216,14.606741573033707,24.719101123595504,60.67415730337079,54.49438202247191,6.179775280898876
E00190532,198,51,23,28,147,127,20,25.757575757575758,11.616161616161616,14.14141414141414,74.24242424242425,64.14141414141415,10.1010101010101
E00190533,135,53,37,16,82,74,8,39.25925925925926,27.40740740740741,11.851851851851853,60.74074074074074,54.81481481481482,5.9259259259259265
E00190534,163,61,27,34,102,94,8,37.423312883435585,16.56441717791411,20.858895705521473,62.57668711656442,57.668711656441715,4.9079754601226995
E00190537,131,60,29,31,71,61,10,45.80152671755725,22.137404580152673,23.66412213740458,54.19847328244275,46.56488549618321,7.633587786259542
E00190538,164,20,8,12,144,123,21,12.195121951219512,4.878048780487805,7.317073170731707,87.8048780487805,75,12.804878048780488
E00190539,89,42,36,6,47,47,0,47.19101123595505,40.44943820224719,6.741573033707865,52.80898876404494,52.80898876404494,0
E00190541,184,25,7,18,159,132,27,13.586956521739129,3.804347826086957,9.782608695652174,86.41304347826086,71.73913043478261,14.673913043478262
E00190543,177,21,0,21,156,117,39,11.864406779661017,0,11.864406779661017,88.13559322033898,66.10169491525424,22.033898305084744
E00190544,152,18,8,10,134,113,21,11.842105263157894,5.263157894736842,6.578947368421052,88.1578947368421,74.3421052631579,13.815789473684212
E00190545,138,40,10,30,98,87,11,28.985507246376812,7.246376811594203,21.73913043478261,71.01449275362319,63.04347826086957,7.971014492753622
E00190551,159,24,7,17,135,127,8,15.09433962264151,4.40251572327044,10.69182389937107,84.90566037735849,79.87421383647799,5.031446540880504
E00190552,240,57,31,26,183,151,32,23.75,12.916666666666668,10.833333333333334,76.25,62.916666666666664,13.333333333333334
E00190554,136,20,9,11,116,100,16,14.705882352941178,6.61764705882353,8.088235294117647,85.29411764705883,73.52941176470588,11.76470588235294
E00190557,127,61,31,30,66,59,7,48.031496062992126,24.409448818897637,23.62204724409449,51.96850393700787,46.45669291338583,5.511811023622047
E00190559,182,84,41,43,98,87,11,46.15384615384615,22.52747252747253,23.626373626373624,53.84615384615385,47.8021978021978,6.043956043956044
E00190564,56,15,5,10,41,35,6,26.785714285714285,8.928571428571429,17.857142857142858,73.21428571428571,62.5,10.714285714285714
E00190571,166,44,17,27,122,106,16,26.506024096385545,10.240963855421686,16.265060240963855,73.49397590361446,63.85542168674698,9.63855421686747
E00190573,165,41,13,28,124,103,21,24.848484848484848,7.878787878787878,16.969696969696972,75.15151515151514,62.42424242424243,12.727272727272727
E00190576,199,27,5,22,172,148,24,13.5678391959799,2.512562814070352,11.055276381909549,86.4321608040201,74.37185929648241,12.060301507537687
E00190589,191,28,13,15,163,141,22,14.659685863874344,6.806282722513089,7.853403141361256,85.34031413612566,73.82198952879581,11.518324607329843
E00190594,80,39,19,20,41,36,5,48.75,23.75,25,51.24999999999999,45,6.25
