OA,ts0590001,ts0590002,ts0590003,ts0590004,ts0590005,ts0590006,ts0590007,ts0590002_PCT,ts0590003_PCT,ts0590004_PCT,ts0590005_PCT,ts0590006_PCT,ts0590007_PCT
E00135385,153,41,14,27,112,86,26,26.797385620915033,9.15032679738562,17.647058823529413,73.20261437908496,56.209150326797385,16.99346405228758
E00135386,177,60,24,36,117,95,22,33.89830508474576,13.559322033898304,20.33898305084746,66.10169491525424,53.672316384180796,12.429378531073446
E00135390,208,38,13,25,170,140,30,18.269230769230766,6.25,12.01923076923077,81.73076923076923,67.3076923076923,14.423076923076922
E00135391,146,58,26,32,88,68,20,39.726027397260275,17.80821917808219,21.91780821917808,60.273972602739725,46.57534246575342,13.698630136986301
E00135392,138,47,15,32,91,78,13,34.05797101449276,10.869565217391305,23.18840579710145,65.94202898550725,56.52173913043478,9.420289855072465
E00135393,147,52,19,33,95,73,22,35.374149659863946,12.925170068027212,22.448979591836736,64.62585034013605,49.65986394557823,14.965986394557824
E00135394,111,31,9,22,80,58,22,27.927927927927925,8.108108108108109,19.81981981981982,72.07207207207207,52.25225225225225,19.81981981981982
E00135395,60,22,7,15,38,29,9,36.666666666666664,11.666666666666666,25,63.33333333333333,48.333333333333336,15
E00135396,87,28,10,18,59,42,17,32.18390804597701,11.494252873563218,20.689655172413794,67.81609195402298,48.275862068965516,19.54022988505747
E00135397,212,64,24,40,148,121,27,30.18867924528302,11.320754716981133,18.867924528301888,69.81132075471697,57.07547169811321,12.735849056603774
E00135398,60,27,14,13,33,24,9,45,23.333333333333332,21.666666666666668,55.00000000000001,40,15
E00135399,80,35,15,20,45,37,8,43.75,18.75,25,56.25,46.25,10
E00135400,75,33,19,14,42,33,9,44,25.333333333333336,18.666666666666668,56.00000000000001,44,12
E00135401,60,29,13,16,31,25,6,48.333333333333336,21.666666666666668,26.666666666666668,51.66666666666667,41.66666666666667,10
E00135402,67,29,12,17,38,26,12,43.28358208955223,17.91044776119403,25.37313432835821,56.71641791044776,38.80597014925373,17.91044776119403
E00135405,60,18,8,10,42,38,4,30,13.333333333333334,16.666666666666664,70,63.33333333333333,6.666666666666667
E00135406,35,12,6,6,23,19,4,34.285714285714285,17.142857142857142,17.142857142857142,65.71428571428571,54.285714285714285,11.428571428571429
E00135407,75,37,14,23,38,31,7,49.333333333333336,18.666666666666668,30.666666666666664,50.66666666666667,41.333333333333336,9.333333333333334
E00135408,98,36,12,24,62,46,16,36.734693877551024,12.244897959183673,24.489795918367346,63.26530612244898,46.93877551020408,16.3265306122449
E00135409,48,13,8,5,35,26,9,27.083333333333332,16.666666666666664,10.416666666666668,72.91666666666666,54.166666666666664,18.75
E00135410,80,32,11,21,48,40,8,40,13.750000000000002,26.25,60,50,10
E00135411,58,21,7,14,37,28,9,36.206896551724135,12.068965517241379,24.137931034482758,63.793103448275865,48.275862068965516,15.517241379310345
E00135412,126,50,10,40,76,58,18,39.682539682539684,7.936507936507936,31.746031746031743,60.317460317460316,46.03174603174603,14.285714285714285
E00135413,167,62,21,41,105,75,30,37.12574850299401,12.574850299401197,24.550898203592812,62.874251497005986,44.91017964071856,17.964071856287426
E00135414,103,33,9,24,70,54,16,32.038834951456316,8.737864077669903,23.300970873786408,67.96116504854369,52.42718446601942,15.53398058252427
E00135415,147,50,19,31,97,82,15,34.01360544217687,12.925170068027212,21.08843537414966,65.98639455782312,55.78231292517006,10.204081632653061
E00135416,79,26,5,21,53,46,7,32.91139240506329,6.329113924050633,26.582278481012654,67.08860759493672,58.22784810126582,8.860759493670885
E00135417,124,50,18,32,74,63,11,40.32258064516129,14.516129032258066,25.806451612903224,59.67741935483871,50.806451612903224,8.870967741935484
E00135418,118,49,24,25,69,54,15,41.52542372881356,20.33898305084746,21.1864406779661,58.47457627118644,45.76271186440678,12.711864406779661
E00135419,148,33,5,28,115,97,18,22.2972972972973,3.3783783783783785,18.91891891891892,77.7027027027027,65.54054054054053,12.162162162162163
E00135420,95,31,7,24,64,51,13,32.631578947368425,7.368421052631578,25.263157894736842,67.36842105263158,53.68421052631579,13.684210526315791
E00135421,156,40,13,27,116,95,21,25.64102564102564,8.333333333333332,17.307692307692307,74.35897435897436,60.89743589743589,13.461538461538462
E00135422,140,39,17,22,101,82,19,27.857142857142858,12.142857142857142,15.714285714285714,72.14285714285714,58.57142857142858,13.571428571428571
E00135423,142,19,9,10,123,85,38,13.380281690140844,6.338028169014084,7.042253521126761,86.61971830985915,59.859154929577464,26.76056338028169
E00135424,179,52,16,36,127,102,25,29.05027932960894,8.938547486033519,20.11173184357542,70.94972067039106,56.98324022346368,13.966480446927374
E00135425,155,36,9,27,119,95,24,23.225806451612904,5.806451612903226,17.419354838709676,76.77419354838709,61.29032258064516,15.483870967741936
E00135426,97,37,16,21,60,37,23,38.144329896907216,16.49484536082474,21.649484536082475,61.855670103092784,38.144329896907216,23.711340206185564
E00135427,138,38,12,26,100,86,14,27.536231884057973,8.695652173913043,18.84057971014493,72.46376811594203,62.31884057971014,10.144927536231885
E00135428,197,59,23,36,138,106,32,29.949238578680205,11.6751269035533,18.274111675126903,70.05076142131979,53.80710659898477,16.243654822335024
E00135429,142,40,9,31,102,80,22,28.169014084507044,6.338028169014084,21.830985915492956,71.83098591549296,56.33802816901409,15.492957746478872
E00135430,160,41,15,26,119,92,27,25.624999999999996,9.375,16.25,74.375,57.49999999999999,16.875
E00135431,169,46,17,29,123,88,35,27.218934911242602,10.059171597633137,17.159763313609467,72.7810650887574,52.071005917159766,20.710059171597635
E00135432,137,42,17,25,95,73,22,30.656934306569344,12.408759124087592,18.248175182481752,69.34306569343066,53.284671532846716,16.05839416058394
E00135433,151,38,13,25,113,89,24,25.165562913907287,8.609271523178808,16.55629139072848,74.83443708609272,58.94039735099338,15.894039735099339
E00135434,147,30,12,18,117,84,33,20.408163265306122,8.16326530612245,12.244897959183673,79.59183673469387,57.14285714285714,22.448979591836736
E00135435,189,54,23,31,135,108,27,28.57142857142857,12.16931216931217,16.402116402116402,71.42857142857143,57.14285714285714,14.285714285714285
E00135436,149,47,16,31,102,82,20,31.543624161073826,10.738255033557047,20.80536912751678,68.45637583892618,55.033557046979865,13.422818791946309
E00135437,166,47,16,31,119,89,30,28.313253012048197,9.63855421686747,18.67469879518072,71.6867469879518,53.6144578313253,18.072289156626507
E00135438,169,47,19,28,122,82,40,27.810650887573964,11.242603550295858,16.56804733727811,72.18934911242604,48.5207100591716,23.668639053254438
E00135439,113,35,12,23,78,62,16,30.973451327433626,10.619469026548673,20.353982300884958,69.02654867256636,54.86725663716814,14.15929203539823
E00135440,97,31,15,16,66,51,15,31.958762886597935,15.463917525773196,16.49484536082474,68.04123711340206,52.57731958762887,15.463917525773196
E00135441,187,58,20,38,129,97,32,31.016042780748666,10.695187165775401,20.32085561497326,68.98395721925134,51.87165775401069,17.11229946524064
E00135442,93,31,8,23,62,49,13,33.33333333333333,8.60215053763441,24.731182795698924,66.66666666666666,52.68817204301075,13.978494623655912
E00135443,159,47,16,31,112,88,24,29.559748427672954,10.062893081761008,19.49685534591195,70.44025157232704,55.34591194968554,15.09433962264151
E00135444,93,30,16,14,63,52,11,32.25806451612903,17.20430107526882,15.053763440860216,67.74193548387096,55.91397849462365,11.827956989247312
E00135445,222,59,21,38,163,128,35,26.576576576576578,9.45945945945946,17.117117117117118,73.42342342342343,57.65765765765766,15.765765765765765
E00135446,178,54,17,37,124,100,24,30.337078651685395,9.550561797752808,20.786516853932586,69.66292134831461,56.17977528089888,13.48314606741573
E00135447,136,40,13,27,96,87,9,29.411764705882355,9.558823529411764,19.852941176470587,70.58823529411765,63.970588235294116,6.61764705882353
E00135448,77,30,18,12,47,36,11,38.961038961038966,23.376623376623375,15.584415584415584,61.038961038961034,46.75324675324675,14.285714285714285
E00135449,80,31,10,21,49,41,8,38.75,12.5,26.25,61.25000000000001,51.24999999999999,10
E00135450,119,36,11,25,83,75,8,30.252100840336134,9.243697478991598,21.008403361344538,69.74789915966386,63.02521008403361,6.722689075630252
E00135451,114,36,11,25,78,63,15,31.57894736842105,9.649122807017543,21.929824561403507,68.42105263157895,55.26315789473685,13.157894736842104
E00135452,134,54,21,33,80,65,15,40.298507462686565,15.671641791044777,24.62686567164179,59.70149253731343,48.507462686567166,11.194029850746269
E00135453,72,38,15,23,34,22,12,52.77777777777778,20.833333333333336,31.944444444444443,47.22222222222222,30.555555555555557,16.666666666666664
E00135454,92,34,7,27,58,47,11,36.95652173913043,7.608695652173914,29.347826086956523,63.04347826086957,51.08695652173913,11.956521739130435
E00135455,150,52,19,33,98,72,26,34.66666666666667,12.666666666666668,22,65.33333333333333,48,17.333333333333336
E00135456,91,36,10,26,55,48,7,39.56043956043956,10.989010989010989,28.57142857142857,60.43956043956044,52.74725274725275,7.6923076923076925
E00135457,69,22,6,16,47,38,9,31.88405797101449,8.695652173913043,23.18840579710145,68.11594202898551,55.072463768115945,13.043478260869565
E00135458,78,26,6,20,52,49,3,33.33333333333333,7.6923076923076925,25.64102564102564,66.66666666666666,62.82051282051282,3.8461538461538463
E00135459,79,36,15,21,43,40,3,45.56962025316456,18.9873417721519,26.582278481012654,54.43037974683544,50.63291139240506,3.79746835443038
E00135460,137,50,17,33,87,72,15,36.496350364963504,12.408759124087592,24.087591240875913,63.503649635036496,52.55474452554745,10.948905109489052
E00135461,100,43,16,27,57,45,12,43,16,27,56.99999999999999,45,12
E00135462,111,44,21,23,67,55,12,39.63963963963964,18.91891891891892,20.72072072072072,60.36036036036037,49.549549549549546,10.81081081081081
E00135463,121,36,12,24,85,67,18,29.75206611570248,9.917355371900827,19.834710743801654,70.24793388429752,55.371900826446286,14.87603305785124
E00135464,78,30,14,16,48,40,8,38.46153846153847,17.94871794871795,20.51282051282051,61.53846153846154,51.28205128205128,10.256410256410255
E00135465,94,32,13,19,62,47,15,34.04255319148936,13.829787234042554,20.212765957446805,65.95744680851064,50,15.957446808510639
E00135466,90,29,14,15,61,43,18,32.22222222222222,15.555555555555555,16.666666666666664,67.77777777777779,47.77777777777778,20
E00135467,103,34,14,20,69,56,13,33.00970873786408,13.592233009708737,19.41747572815534,66.99029126213593,54.36893203883495,12.62135922330097
E00135468,108,43,14,29,65,52,13,39.81481481481482,12.962962962962962,26.851851851851855,60.18518518518518,48.148148148148145,12.037037037037036
E00135469,139,54,27,27,85,68,17,38.84892086330935,19.424460431654676,19.424460431654676,61.15107913669065,48.92086330935252,12.23021582733813
E00135470,130,48,14,34,82,55,27,36.92307692307693,10.76923076923077,26.153846153846157,63.07692307692307,42.30769230769231,20.76923076923077
E00135471,194,57,19,38,137,111,26,29.381443298969074,9.793814432989691,19.587628865979383,70.61855670103093,57.21649484536082,13.402061855670103
E00135472,93,31,11,20,62,51,11,33.33333333333333,11.827956989247312,21.50537634408602,66.66666666666666,54.83870967741935,11.827956989247312
E00135475,162,43,14,29,119,81,38,26.543209876543212,8.641975308641975,17.901234567901234,73.4567901234568,50,23.456790123456788
E00135476,158,41,16,25,117,97,20,25.949367088607595,10.126582278481013,15.822784810126583,74.0506329113924,61.39240506329114,12.658227848101266
E00135479,159,54,15,39,105,91,14,33.9622641509434,9.433962264150944,24.528301886792452,66.0377358490566,57.23270440251572,8.80503144654088
E00135481,135,45,14,31,90,77,13,33.33333333333333,10.37037037037037,22.962962962962962,66.66666666666666,57.03703703703704,9.62962962962963
E00135483,126,29,11,18,97,79,18,23.015873015873016,8.73015873015873,14.285714285714285,76.98412698412699,62.698412698412696,14.285714285714285
E00135484,193,64,22,42,129,101,28,33.160621761658035,11.398963730569948,21.761658031088082,66.83937823834198,52.331606217616574,14.507772020725387
E00135485,203,63,12,51,140,111,29,31.03448275862069,5.911330049261084,25.12315270935961,68.96551724137932,54.679802955665025,14.285714285714285
E00135486,137,44,16,28,93,75,18,32.11678832116788,11.678832116788321,20.437956204379564,67.88321167883211,54.74452554744526,13.138686131386862
E00135487,165,47,11,36,118,82,36,28.484848484848484,6.666666666666667,21.818181818181817,71.51515151515152,49.696969696969695,21.818181818181817
E00135488,133,37,12,25,96,75,21,27.819548872180448,9.022556390977442,18.796992481203006,72.18045112781954,56.390977443609025,15.789473684210526
E00135489,128,41,16,25,87,61,26,32.03125,12.5,19.53125,67.96875,47.65625,20.3125
E00135490,185,56,20,36,129,105,24,30.270270270270274,10.81081081081081,19.45945945945946,69.72972972972973,56.75675675675676,12.972972972972974
E00135492,153,46,18,28,107,82,25,30.065359477124183,11.76470588235294,18.30065359477124,69.93464052287581,53.59477124183007,16.33986928104575
E00135493,87,28,11,17,59,48,11,32.18390804597701,12.643678160919542,19.54022988505747,67.81609195402298,55.172413793103445,12.643678160919542
E00135494,141,37,21,16,104,75,29,26.24113475177305,14.893617021276595,11.347517730496454,73.75886524822694,53.191489361702125,20.56737588652482
E00135495,98,34,14,20,64,57,7,34.69387755102041,14.285714285714285,20.408163265306122,65.3061224489796,58.16326530612245,7.142857142857142
E00135496,111,32,17,15,79,55,24,28.82882882882883,15.315315315315313,13.513513513513514,71.17117117117117,49.549549549549546,21.62162162162162
E00135497,107,33,15,18,74,59,15,30.8411214953271,14.018691588785046,16.822429906542055,69.1588785046729,55.140186915887845,14.018691588785046
E00135498,175,49,17,32,126,110,16,28.000000000000004,9.714285714285714,18.285714285714285,72,62.857142857142854,9.142857142857142
E00135500,172,51,10,41,121,103,18,29.651162790697676,5.813953488372093,23.837209302325583,70.34883720930233,59.883720930232556,10.465116279069768
E00135501,138,44,7,37,94,85,9,31.88405797101449,5.072463768115942,26.811594202898554,68.11594202898551,61.59420289855072,6.521739130434782
E00135502,53,14,1,13,39,35,4,26.41509433962264,1.8867924528301887,24.528301886792452,73.58490566037736,66.0377358490566,7.547169811320755
E00135503,123,29,8,21,94,79,15,23.577235772357724,6.504065040650407,17.073170731707318,76.42276422764228,64.22764227642277,12.195121951219512
E00135504,58,19,4,15,39,39,0,32.758620689655174,6.896551724137931,25.862068965517242,67.24137931034483,67.24137931034483,0
E00135505,160,42,8,34,118,105,13,26.25,5,21.25,73.75,65.625,8.125
E00135506,169,35,6,29,134,116,18,20.710059171597635,3.5502958579881656,17.159763313609467,79.28994082840237,68.63905325443787,10.650887573964498
E00135507,147,34,12,22,113,102,11,23.12925170068027,8.16326530612245,14.965986394557824,76.87074829931973,69.38775510204081,7.482993197278912
E00135508,153,42,13,29,111,94,17,27.450980392156865,8.49673202614379,18.954248366013072,72.54901960784314,61.43790849673203,11.11111111111111
E00135509,130,57,16,41,73,62,11,43.84615384615385,12.307692307692308,31.538461538461537,56.15384615384615,47.69230769230769,8.461538461538462
E00135510,163,53,18,35,110,98,12,32.515337423312886,11.042944785276074,21.472392638036812,67.48466257668711,60.122699386503065,7.361963190184049
E00135511,143,42,7,35,101,92,9,29.37062937062937,4.895104895104895,24.475524475524477,70.62937062937063,64.33566433566433,6.293706293706294
E00135512,170,50,15,35,120,109,11,29.411764705882355,8.823529411764707,20.588235294117645,70.58823529411765,64.11764705882354,6.470588235294119
E00135513,166,51,20,31,115,102,13,30.72289156626506,12.048192771084338,18.67469879518072,69.27710843373494,61.44578313253012,7.83132530120482
E00135514,166,47,16,31,119,106,13,28.313253012048197,9.63855421686747,18.67469879518072,71.6867469879518,63.85542168674698,7.83132530120482
E00135515,270,51,11,40,219,195,24,18.88888888888889,4.074074074074074,14.814814814814813,81.11111111111111,72.22222222222221,8.88888888888889
E00135516,76,21,12,9,55,37,18,27.631578947368425,15.789473684210526,11.842105263157894,72.36842105263158,48.68421052631579,23.684210526315788
E00135517,145,37,14,23,108,85,23,25.517241379310345,9.655172413793103,15.862068965517242,74.48275862068967,58.620689655172406,15.862068965517242
E00135518,87,22,8,14,65,51,14,25.287356321839084,9.195402298850574,16.091954022988507,74.71264367816092,58.620689655172406,16.091954022988507
E00135519,132,43,14,29,89,76,13,32.57575757575758,10.606060606060606,21.96969696969697,67.42424242424242,57.57575757575758,9.848484848484848
E00135520,161,60,22,38,101,73,28,37.267080745341616,13.664596273291925,23.60248447204969,62.732919254658384,45.3416149068323,17.391304347826086
E00135521,121,42,17,25,79,64,15,34.710743801652896,14.049586776859504,20.66115702479339,65.28925619834712,52.892561983471076,12.396694214876034
E00135522,64,19,9,10,45,40,5,29.6875,14.0625,15.625,70.3125,62.5,7.8125
E00135523,161,57,23,34,104,87,17,35.40372670807454,14.285714285714285,21.11801242236025,64.59627329192547,54.037267080745345,10.559006211180124
E00135524,115,32,18,14,83,66,17,27.82608695652174,15.65217391304348,12.173913043478262,72.17391304347827,57.391304347826086,14.782608695652174
E00135525,119,37,14,23,82,71,11,31.092436974789916,11.76470588235294,19.327731092436977,68.90756302521008,59.66386554621849,9.243697478991598
E00135526,203,44,16,28,159,131,28,21.67487684729064,7.8817733990147785,13.793103448275861,78.32512315270937,64.5320197044335,13.793103448275861
E00135527,128,33,14,19,95,88,7,25.78125,10.9375,14.84375,74.21875,68.75,5.46875
E00135528,180,41,10,31,139,119,20,22.77777777777778,5.555555555555555,17.22222222222222,77.22222222222223,66.11111111111111,11.11111111111111
E00135529,165,41,14,27,124,102,22,24.848484848484848,8.484848484848486,16.363636363636363,75.15151515151514,61.81818181818181,13.333333333333334
E00135530,146,33,8,25,113,102,11,22.602739726027394,5.47945205479452,17.123287671232877,77.3972602739726,69.86301369863014,7.534246575342466
E00135531,126,33,5,28,93,76,17,26.190476190476193,3.968253968253968,22.22222222222222,73.80952380952381,60.317460317460316,13.492063492063492
E00135532,135,46,14,32,89,73,16,34.074074074074076,10.37037037037037,23.703703703703706,65.92592592592592,54.074074074074076,11.851851851851853
E00135533,120,39,10,29,81,67,14,32.5,8.333333333333332,24.166666666666668,67.5,55.833333333333336,11.666666666666666
E00135534,133,38,11,27,95,77,18,28.57142857142857,8.270676691729323,20.30075187969925,71.42857142857143,57.89473684210527,13.533834586466165
E00135535,151,51,14,37,100,89,11,33.77483443708609,9.271523178807946,24.503311258278146,66.22516556291392,58.94039735099338,7.28476821192053
E00135536,164,52,16,36,112,94,18,31.70731707317073,9.75609756097561,21.951219512195124,68.29268292682927,57.3170731707317,10.975609756097562
E00135537,185,54,19,35,131,113,18,29.18918918918919,10.27027027027027,18.91891891891892,70.8108108108108,61.08108108108108,9.72972972972973
E00135538,111,34,6,28,77,68,9,30.630630630630627,5.405405405405405,25.225225225225223,69.36936936936937,61.261261261261254,8.108108108108109
E00135539,166,59,17,42,107,88,19,35.54216867469879,10.240963855421686,25.301204819277107,64.45783132530121,53.01204819277109,11.44578313253012
E00135540,208,54,14,40,154,129,25,25.961538461538463,6.730769230769231,19.230769230769234,74.03846153846155,62.019230769230774,12.01923076923077
E00135541,172,48,9,39,124,110,14,27.906976744186046,5.232558139534884,22.674418604651162,72.09302325581395,63.95348837209303,8.13953488372093
E00135542,169,59,21,38,110,96,14,34.9112426035503,12.42603550295858,22.485207100591715,65.08875739644971,56.80473372781065,8.284023668639055
E00135543,180,67,20,47,113,101,12,37.22222222222222,11.11111111111111,26.111111111111114,62.77777777777778,56.111111111111114,6.666666666666667
E00135544,113,31,5,26,82,69,13,27.43362831858407,4.424778761061947,23.008849557522122,72.56637168141593,61.06194690265486,11.504424778761061
E00135545,175,63,17,46,112,90,22,36,9.714285714285714,26.285714285714285,64,51.42857142857142,12.571428571428573
E00135546,109,33,10,23,76,67,9,30.275229357798167,9.174311926605505,21.100917431192663,69.72477064220183,61.46788990825688,8.256880733944955
E00135547,94,32,8,24,62,55,7,34.04255319148936,8.51063829787234,25.53191489361702,65.95744680851064,58.51063829787234,7.446808510638298
E00135548,123,41,11,30,82,69,13,33.33333333333333,8.94308943089431,24.390243902439025,66.66666666666666,56.09756097560976,10.569105691056912
E00135549,166,56,13,43,110,85,25,33.734939759036145,7.83132530120482,25.903614457831324,66.26506024096386,51.204819277108435,15.060240963855422
E00135550,141,36,14,22,105,95,10,25.53191489361702,9.929078014184398,15.602836879432624,74.46808510638297,67.37588652482269,7.092198581560284
E00135551,153,47,9,38,106,96,10,30.718954248366014,5.88235294117647,24.836601307189543,69.28104575163398,62.745098039215684,6.535947712418301
E00135552,148,47,11,36,101,88,13,31.756756756756754,7.4324324324324325,24.324324324324326,68.24324324324324,59.45945945945946,8.783783783783784
E00135553,152,57,24,33,95,76,19,37.5,15.789473684210526,21.710526315789476,62.5,50,12.5
E00135554,130,33,8,25,97,88,9,25.384615384615383,6.153846153846154,19.230769230769234,74.61538461538461,67.6923076923077,6.923076923076923
E00135555,175,54,13,41,121,106,15,30.857142857142854,7.428571428571429,23.42857142857143,69.14285714285714,60.57142857142858,8.571428571428571
E00135556,212,59,22,37,153,134,19,27.830188679245282,10.377358490566039,17.452830188679243,72.16981132075472,63.20754716981132,8.962264150943396
E00135557,97,31,12,19,66,57,9,31.958762886597935,12.371134020618557,19.587628865979383,68.04123711340206,58.76288659793815,9.278350515463918
E00135558,176,56,13,43,120,109,11,31.818181818181817,7.386363636363637,24.431818181818183,68.18181818181817,61.93181818181818,6.25
E00135559,131,27,8,19,104,89,15,20.610687022900763,6.106870229007633,14.50381679389313,79.38931297709924,67.93893129770993,11.450381679389313
E00135560,237,75,23,52,162,141,21,31.645569620253166,9.70464135021097,21.940928270042196,68.35443037974683,59.49367088607595,8.860759493670885
E00135561,162,49,17,32,113,105,8,30.246913580246915,10.493827160493826,19.753086419753085,69.75308641975309,64.81481481481481,4.938271604938271
E00135562,163,38,8,30,125,115,10,23.31288343558282,4.9079754601226995,18.404907975460123,76.68711656441718,70.5521472392638,6.134969325153374
E00135563,220,66,19,47,154,138,16,30,8.636363636363637,21.363636363636363,70,62.727272727272734,7.2727272727272725
E00135564,343,89,15,74,254,211,43,25.94752186588921,4.373177842565598,21.574344023323615,74.05247813411079,61.51603498542274,12.536443148688047
E00135565,121,43,16,27,78,55,23,35.53719008264463,13.223140495867769,22.31404958677686,64.46280991735537,45.45454545454545,19.00826446280992
E00135566,105,39,19,20,66,52,14,37.142857142857146,18.095238095238095,19.047619047619047,62.857142857142854,49.523809523809526,13.333333333333334
E00135567,145,39,13,26,106,79,27,26.89655172413793,8.96551724137931,17.93103448275862,73.10344827586206,54.48275862068965,18.620689655172416
E00135568,157,52,17,35,105,84,21,33.12101910828025,10.828025477707007,22.29299363057325,66.87898089171973,53.503184713375795,13.375796178343949
E00135569,109,52,23,29,57,45,12,47.706422018348626,21.100917431192663,26.605504587155966,52.293577981651374,41.284403669724774,11.009174311926607
E00135570,170,61,22,39,109,94,15,35.88235294117647,12.941176470588237,22.941176470588236,64.11764705882354,55.294117647058826,8.823529411764707
E00135571,139,50,11,39,89,71,18,35.97122302158273,7.913669064748201,28.05755395683453,64.02877697841727,51.07913669064749,12.949640287769784
E00135572,146,44,11,33,102,79,23,30.136986301369863,7.534246575342466,22.602739726027394,69.86301369863014,54.109589041095894,15.753424657534246
E00135573,95,33,9,24,62,52,10,34.73684210526316,9.473684210526317,25.263157894736842,65.26315789473685,54.736842105263165,10.526315789473683
E00135574,49,25,8,17,24,22,2,51.02040816326531,16.3265306122449,34.69387755102041,48.97959183673469,44.89795918367347,4.081632653061225
E00135575,114,41,10,31,73,57,16,35.96491228070175,8.771929824561402,27.192982456140353,64.03508771929825,50,14.035087719298245
E00135576,86,24,10,14,62,46,16,27.906976744186046,11.627906976744185,16.27906976744186,72.09302325581395,53.48837209302325,18.6046511627907
E00135577,103,37,14,23,66,49,17,35.92233009708738,13.592233009708737,22.330097087378643,64.07766990291263,47.57281553398058,16.50485436893204
E00135578,46,13,5,8,33,24,9,28.26086956521739,10.869565217391305,17.391304347826086,71.73913043478261,52.17391304347826,19.565217391304348
E00135579,80,33,17,16,47,38,9,41.25,21.25,20,58.75,47.5,11.25
E00135580,113,54,14,40,59,50,9,47.78761061946903,12.389380530973451,35.39823008849557,52.21238938053098,44.24778761061947,7.964601769911504
E00135581,97,31,16,15,66,52,14,31.958762886597935,16.49484536082474,15.463917525773196,68.04123711340206,53.608247422680414,14.432989690721648
E00135582,98,31,7,24,67,58,9,31.63265306122449,7.142857142857142,24.489795918367346,68.36734693877551,59.183673469387756,9.183673469387756
E00135583,123,50,22,28,73,57,16,40.65040650406504,17.88617886178862,22.76422764227642,59.34959349593496,46.34146341463415,13.008130081300814
E00135584,143,48,18,30,95,79,16,33.56643356643357,12.587412587412588,20.97902097902098,66.43356643356644,55.24475524475524,11.188811188811188
E00135585,51,20,9,11,31,27,4,39.21568627450981,17.647058823529413,21.568627450980394,60.78431372549019,52.94117647058824,7.8431372549019605
E00135586,91,32,13,19,59,46,13,35.16483516483517,14.285714285714285,20.87912087912088,64.83516483516483,50.54945054945055,14.285714285714285
E00135587,74,27,15,12,47,39,8,36.486486486486484,20.27027027027027,16.216216216216218,63.51351351351351,52.702702702702695,10.81081081081081
E00135588,86,17,7,10,69,54,15,19.767441860465116,8.13953488372093,11.627906976744185,80.23255813953489,62.7906976744186,17.441860465116278
E00135589,108,44,19,25,64,48,16,40.74074074074074,17.59259259259259,23.14814814814815,59.25925925925925,44.44444444444444,14.814814814814813
E00135590,106,42,14,28,64,51,13,39.62264150943396,13.20754716981132,26.41509433962264,60.37735849056604,48.113207547169814,12.264150943396226
E00135591,112,35,15,20,77,60,17,31.25,13.392857142857142,17.857142857142858,68.75,53.57142857142857,15.178571428571427
E00135592,175,58,14,44,117,95,22,33.14285714285714,8,25.142857142857146,66.85714285714286,54.285714285714285,12.571428571428573
E00135593,140,44,17,27,96,72,24,31.428571428571427,12.142857142857142,19.28571428571429,68.57142857142857,51.42857142857142,17.142857142857142
E00135594,109,41,16,25,68,56,12,37.61467889908257,14.678899082568808,22.93577981651376,62.38532110091744,51.37614678899083,11.009174311926607
E00135595,160,56,21,35,104,85,19,35,13.125,21.875,65,53.125,11.875
E00135596,232,83,31,52,149,100,49,35.775862068965516,13.36206896551724,22.413793103448278,64.22413793103449,43.103448275862064,21.120689655172413
E00135597,124,47,14,33,77,57,20,37.903225806451616,11.29032258064516,26.61290322580645,62.096774193548384,45.96774193548387,16.129032258064516
E00135598,88,27,11,16,61,51,10,30.681818181818183,12.5,18.181818181818183,69.31818181818183,57.95454545454546,11.363636363636363
E00135599,64,33,16,17,31,20,11,51.5625,25,26.5625,48.4375,31.25,17.1875
E00135600,107,47,23,24,60,48,12,43.925233644859816,21.49532710280374,22.429906542056074,56.074766355140184,44.85981308411215,11.214953271028037
E00135601,58,27,14,13,31,26,5,46.55172413793103,24.137931034482758,22.413793103448278,53.44827586206896,44.827586206896555,8.620689655172415
E00135602,128,37,19,18,91,69,22,28.90625,14.84375,14.0625,71.09375,53.90625,17.1875
E00135603,39,15,4,11,24,21,3,38.46153846153847,10.256410256410255,28.205128205128204,61.53846153846154,53.84615384615385,7.6923076923076925
E00135604,125,56,20,36,69,53,16,44.800000000000004,16,28.799999999999997,55.2,42.4,12.8
E00135605,48,16,4,12,32,23,9,33.33333333333333,8.333333333333332,25,66.66666666666666,47.91666666666667,18.75
E00135606,127,46,17,29,81,71,10,36.22047244094488,13.385826771653544,22.83464566929134,63.77952755905512,55.90551181102362,7.874015748031496
E00135607,81,32,10,22,49,40,9,39.50617283950617,12.345679012345679,27.160493827160494,60.49382716049383,49.382716049382715,11.11111111111111
E00135608,41,20,8,12,21,16,5,48.78048780487805,19.51219512195122,29.268292682926827,51.21951219512195,39.02439024390244,12.195121951219512
E00135609,47,21,6,15,26,20,6,44.680851063829785,12.76595744680851,31.914893617021278,55.319148936170215,42.5531914893617,12.76595744680851
E00135610,138,49,19,30,89,73,16,35.507246376811594,13.768115942028986,21.73913043478261,64.4927536231884,52.89855072463768,11.594202898550725
E00135611,70,29,14,15,41,29,12,41.42857142857143,20,21.428571428571427,58.57142857142858,41.42857142857143,17.142857142857142
E00135612,39,12,6,6,27,18,9,30.76923076923077,15.384615384615385,15.384615384615385,69.23076923076923,46.15384615384615,23.076923076923077
E00135613,45,17,8,9,28,21,7,37.77777777777778,17.77777777777778,20,62.22222222222222,46.666666666666664,15.555555555555555
E00135614,101,32,11,21,69,60,9,31.683168316831683,10.891089108910892,20.792079207920793,68.31683168316832,59.4059405940594,8.91089108910891
E00135615,65,26,9,17,39,33,6,40,13.846153846153847,26.153846153846157,60,50.76923076923077,9.230769230769232
E00135616,81,41,17,24,40,32,8,50.617283950617285,20.98765432098765,29.629629629629626,49.382716049382715,39.50617283950617,9.876543209876543
E00135617,96,32,10,22,64,48,16,33.33333333333333,10.416666666666668,22.916666666666664,66.66666666666666,50,16.666666666666664
E00135618,111,44,19,25,67,52,15,39.63963963963964,17.117117117117118,22.52252252252252,60.36036036036037,46.846846846846844,13.513513513513514
E00135622,175,66,33,33,109,79,30,37.714285714285715,18.857142857142858,18.857142857142858,62.28571428571429,45.14285714285714,17.142857142857142
E00135623,166,51,19,32,115,86,29,30.72289156626506,11.44578313253012,19.27710843373494,69.27710843373494,51.80722891566265,17.46987951807229
E00135624,167,48,14,34,119,93,26,28.74251497005988,8.383233532934131,20.359281437125748,71.25748502994011,55.688622754491014,15.568862275449103
E00135625,142,38,8,30,104,80,24,26.76056338028169,5.633802816901409,21.12676056338028,73.23943661971832,56.33802816901409,16.901408450704224
E00135626,73,18,4,14,55,45,10,24.65753424657534,5.47945205479452,19.17808219178082,75.34246575342466,61.64383561643836,13.698630136986301
E00135627,99,33,7,26,66,52,14,33.33333333333333,7.07070707070707,26.262626262626267,66.66666666666666,52.52525252525253,14.14141414141414
E00135628,60,22,7,15,38,30,8,36.666666666666664,11.666666666666666,25,63.33333333333333,50,13.333333333333334
E00135629,91,23,8,15,68,60,8,25.274725274725274,8.791208791208792,16.483516483516482,74.72527472527473,65.93406593406593,8.791208791208792
E00135630,137,43,12,31,94,76,18,31.386861313868614,8.75912408759124,22.62773722627737,68.61313868613139,55.47445255474452,13.138686131386862
E00135631,186,58,15,43,128,105,23,31.182795698924732,8.064516129032258,23.118279569892472,68.81720430107528,56.451612903225815,12.365591397849462
E00135633,103,26,10,16,77,61,16,25.24271844660194,9.70873786407767,15.53398058252427,74.75728155339806,59.22330097087378,15.53398058252427
E00135634,76,23,11,12,53,45,8,30.263157894736842,14.473684210526317,15.789473684210526,69.73684210526315,59.210526315789465,10.526315789473683
E00135635,196,49,11,38,147,123,24,25,5.612244897959184,19.387755102040817,75,62.755102040816325,12.244897959183673
E00135636,176,51,16,35,125,113,12,28.97727272727273,9.090909090909092,19.886363636363637,71.02272727272727,64.20454545454545,6.8181818181818175
E00135637,155,36,13,23,119,106,13,23.225806451612904,8.38709677419355,14.838709677419354,76.77419354838709,68.38709677419355,8.38709677419355
E00135638,157,47,12,35,110,97,13,29.936305732484076,7.643312101910828,22.29299363057325,70.06369426751591,61.78343949044586,8.280254777070063
E00135639,196,77,17,60,119,107,12,39.285714285714285,8.673469387755102,30.612244897959183,60.71428571428571,54.59183673469388,6.122448979591836
E00135640,140,36,9,27,104,92,12,25.71428571428571,6.428571428571428,19.28571428571429,74.28571428571429,65.71428571428571,8.571428571428571
E00135641,135,42,12,30,93,82,11,31.11111111111111,8.88888888888889,22.22222222222222,68.88888888888889,60.74074074074074,8.148148148148149
E00135642,171,56,19,37,115,105,10,32.748538011695906,11.11111111111111,21.637426900584796,67.2514619883041,61.40350877192983,5.847953216374268
E00135643,173,55,16,39,118,107,11,31.79190751445087,9.248554913294797,22.54335260115607,68.20809248554913,61.849710982658955,6.358381502890173
E00135644,138,52,10,42,86,74,12,37.68115942028986,7.246376811594203,30.434782608695656,62.31884057971014,53.62318840579711,8.695652173913043
E00135645,149,49,17,32,100,87,13,32.88590604026846,11.409395973154362,21.476510067114095,67.11409395973155,58.38926174496645,8.724832214765101
E00135646,205,69,29,40,136,120,16,33.65853658536586,14.146341463414632,19.51219512195122,66.34146341463415,58.536585365853654,7.804878048780488
E00135647,170,58,15,43,112,93,19,34.11764705882353,8.823529411764707,25.294117647058822,65.88235294117646,54.70588235294118,11.176470588235295
E00135648,77,26,9,17,51,43,8,33.76623376623377,11.688311688311687,22.07792207792208,66.23376623376623,55.84415584415584,10.38961038961039
E00135649,259,54,17,37,205,172,33,20.84942084942085,6.563706563706563,14.285714285714285,79.15057915057915,66.40926640926641,12.741312741312742
E00135650,152,48,15,33,104,100,4,31.57894736842105,9.868421052631579,21.710526315789476,68.42105263157895,65.78947368421053,2.631578947368421
E00135651,144,45,14,31,99,91,8,31.25,9.722222222222223,21.52777777777778,68.75,63.19444444444444,5.555555555555555
E00135652,172,54,10,44,118,100,18,31.3953488372093,5.813953488372093,25.581395348837212,68.6046511627907,58.139534883720934,10.465116279069768
E00135653,149,44,13,31,105,95,10,29.53020134228188,8.724832214765101,20.80536912751678,70.46979865771812,63.758389261744966,6.7114093959731544
E00135654,228,84,26,58,144,113,31,36.84210526315789,11.403508771929824,25.438596491228072,63.1578947368421,49.56140350877193,13.596491228070176
E00135655,150,50,14,36,100,82,18,33.33333333333333,9.333333333333334,24,66.66666666666666,54.666666666666664,12
E00135656,156,48,14,34,108,95,13,30.76923076923077,8.974358974358974,21.794871794871796,69.23076923076923,60.89743589743589,8.333333333333332
E00135657,161,46,16,30,115,96,19,28.57142857142857,9.937888198757763,18.633540372670808,71.42857142857143,59.62732919254658,11.801242236024844
E00135658,167,55,18,37,112,85,27,32.93413173652694,10.778443113772456,22.15568862275449,67.06586826347305,50.898203592814376,16.16766467065868
E00135659,132,41,10,31,91,82,9,31.060606060606062,7.575757575757576,23.484848484848484,68.93939393939394,62.121212121212125,6.8181818181818175
E00135660,105,45,16,29,60,46,14,42.857142857142854,15.238095238095239,27.61904761904762,57.14285714285714,43.80952380952381,13.333333333333334
E00135661,214,64,14,50,150,129,21,29.906542056074763,6.5420560747663545,23.364485981308412,70.09345794392523,60.280373831775705,9.813084112149532
E00135662,155,53,16,37,102,92,10,34.193548387096776,10.32258064516129,23.870967741935484,65.80645161290323,59.354838709677416,6.451612903225806
E00135663,117,43,15,28,74,65,9,36.75213675213676,12.82051282051282,23.931623931623932,63.24786324786324,55.55555555555556,7.6923076923076925
E00135664,177,58,19,39,119,104,15,32.7683615819209,10.734463276836157,22.033898305084744,67.2316384180791,58.75706214689266,8.47457627118644
E00135665,121,40,9,31,81,71,10,33.057851239669425,7.43801652892562,25.6198347107438,66.94214876033058,58.67768595041323,8.264462809917356
E00135666,272,89,19,70,183,156,27,32.720588235294116,6.985294117647059,25.735294117647058,67.27941176470588,57.35294117647059,9.926470588235293
E00135667,93,35,7,28,58,49,9,37.634408602150536,7.526881720430108,30.107526881720432,62.365591397849464,52.68817204301075,9.67741935483871
E00135668,148,45,12,33,103,84,19,30.405405405405407,8.108108108108109,22.2972972972973,69.5945945945946,56.75675675675676,12.837837837837837
E00135669,105,39,11,28,66,53,13,37.142857142857146,10.476190476190476,26.666666666666668,62.857142857142854,50.476190476190474,12.380952380952381
E00135670,126,34,8,26,92,72,20,26.984126984126984,6.349206349206349,20.634920634920633,73.01587301587301,57.14285714285714,15.873015873015872
E00135671,107,37,14,23,70,58,12,34.57943925233645,13.084112149532709,21.49532710280374,65.42056074766354,54.20560747663551,11.214953271028037
E00135672,163,52,16,36,111,95,16,31.901840490797547,9.815950920245399,22.085889570552148,68.09815950920245,58.282208588957054,9.815950920245399
E00135674,139,61,21,40,78,58,20,43.884892086330936,15.107913669064748,28.776978417266186,56.11510791366906,41.726618705035975,14.388489208633093
E00135675,118,42,12,30,76,61,15,35.59322033898305,10.16949152542373,25.423728813559322,64.40677966101694,51.69491525423729,12.711864406779661
E00135676,104,43,18,25,61,45,16,41.34615384615385,17.307692307692307,24.03846153846154,58.65384615384615,43.269230769230774,15.384615384615385
E00135677,133,55,25,30,78,57,21,41.35338345864661,18.796992481203006,22.55639097744361,58.64661654135338,42.857142857142854,15.789473684210526
E00135678,109,44,18,26,65,39,26,40.36697247706422,16.51376146788991,23.853211009174313,59.63302752293578,35.77981651376147,23.853211009174313
E00135679,101,43,16,27,58,47,11,42.57425742574257,15.841584158415841,26.732673267326735,57.42574257425742,46.53465346534654,10.891089108910892
E00135680,80,30,13,17,50,39,11,37.5,16.25,21.25,62.5,48.75,13.750000000000002
E00135681,110,41,14,27,69,57,12,37.27272727272727,12.727272727272727,24.545454545454547,62.727272727272734,51.81818181818182,10.909090909090908
E00135682,154,59,24,35,95,63,32,38.311688311688314,15.584415584415584,22.727272727272727,61.68831168831169,40.909090909090914,20.77922077922078
E00135683,151,56,20,36,95,73,22,37.086092715231786,13.245033112582782,23.841059602649008,62.913907284768214,48.34437086092716,14.56953642384106
E00135684,77,24,8,16,53,36,17,31.16883116883117,10.38961038961039,20.77922077922078,68.83116883116884,46.75324675324675,22.07792207792208
E00135685,124,37,15,22,87,70,17,29.838709677419356,12.096774193548388,17.741935483870968,70.16129032258065,56.451612903225815,13.709677419354838
E00135686,105,26,9,17,79,60,19,24.761904761904763,8.571428571428571,16.19047619047619,75.23809523809524,57.14285714285714,18.095238095238095
E00135687,102,24,8,16,78,66,12,23.52941176470588,7.8431372549019605,15.686274509803921,76.47058823529412,64.70588235294117,11.76470588235294
E00135688,124,35,12,23,89,75,14,28.225806451612907,9.67741935483871,18.548387096774192,71.7741935483871,60.483870967741936,11.29032258064516
E00135689,170,59,23,36,111,93,18,34.705882352941174,13.529411764705882,21.176470588235293,65.29411764705883,54.70588235294118,10.588235294117647
E00135690,186,59,20,39,127,107,20,31.72043010752688,10.75268817204301,20.967741935483872,68.27956989247312,57.52688172043011,10.75268817204301
E00135691,175,55,19,36,120,90,30,31.428571428571427,10.857142857142858,20.57142857142857,68.57142857142857,51.42857142857142,17.142857142857142
E00135692,131,45,12,33,86,75,11,34.35114503816794,9.16030534351145,25.190839694656486,65.64885496183206,57.25190839694656,8.396946564885496
E00135693,138,27,7,20,111,101,10,19.565217391304348,5.072463768115942,14.492753623188406,80.43478260869566,73.18840579710145,7.246376811594203
E00135694,82,32,10,22,50,49,1,39.02439024390244,12.195121951219512,26.82926829268293,60.97560975609756,59.756097560975604,1.2195121951219512
E00135695,150,34,7,27,116,99,17,22.666666666666664,4.666666666666667,18,77.33333333333333,66,11.333333333333332
E00135697,180,44,14,30,136,114,22,24.444444444444443,7.777777777777778,16.666666666666664,75.55555555555556,63.33333333333333,12.222222222222221
E00135698,111,32,10,22,79,59,20,28.82882882882883,9.00900900900901,19.81981981981982,71.17117117117117,53.153153153153156,18.01801801801802
E00135699,125,35,19,16,90,78,12,28.000000000000004,15.2,12.8,72,62.4,9.6
E00135700,78,21,12,9,57,40,17,26.923076923076923,15.384615384615385,11.538461538461538,73.07692307692307,51.28205128205128,21.794871794871796
E00135701,191,39,14,25,152,129,23,20.418848167539267,7.329842931937172,13.089005235602095,79.58115183246073,67.5392670157068,12.041884816753926
E00135702,41,11,2,9,30,27,3,26.82926829268293,4.878048780487805,21.951219512195124,73.17073170731707,65.85365853658537,7.317073170731707
E00135703,137,34,12,22,103,95,8,24.817518248175183,8.75912408759124,16.05839416058394,75.18248175182481,69.34306569343066,5.839416058394161
E00135704,90,27,13,14,63,59,4,30,14.444444444444443,15.555555555555555,70,65.55555555555556,4.444444444444445
E00135705,121,34,10,24,87,76,11,28.09917355371901,8.264462809917356,19.834710743801654,71.900826446281,62.8099173553719,9.090909090909092
E00135706,65,23,11,12,42,38,4,35.38461538461539,16.923076923076923,18.461538461538463,64.61538461538461,58.46153846153847,6.153846153846154
E00135707,123,33,6,27,90,77,13,26.82926829268293,4.878048780487805,21.951219512195124,73.17073170731707,62.601626016260155,10.569105691056912
E00135708,157,38,11,27,119,111,8,24.203821656050955,7.006369426751593,17.197452229299362,75.79617834394905,70.70063694267516,5.095541401273886
E00135709,157,39,12,27,118,105,13,24.840764331210192,7.643312101910828,17.197452229299362,75.15923566878982,66.87898089171973,8.280254777070063
E00135710,181,55,23,32,126,115,11,30.386740331491712,12.70718232044199,17.67955801104972,69.61325966850829,63.53591160220995,6.077348066298343
E00135711,89,38,14,24,51,44,7,42.69662921348314,15.730337078651685,26.96629213483146,57.30337078651685,49.43820224719101,7.865168539325842
E00135712,126,48,23,25,78,60,18,38.095238095238095,18.253968253968253,19.841269841269842,61.904761904761905,47.61904761904761,14.285714285714285
E00135713,105,48,14,34,57,45,12,45.714285714285715,13.333333333333334,32.38095238095238,54.285714285714285,42.857142857142854,11.428571428571429
E00135714,95,37,17,20,58,39,19,38.94736842105263,17.894736842105264,21.052631578947366,61.05263157894737,41.05263157894737,20
E00135715,149,65,30,35,84,61,23,43.624161073825505,20.13422818791946,23.48993288590604,56.375838926174495,40.939597315436245,15.436241610738255
E00135716,148,57,25,32,91,78,13,38.513513513513516,16.89189189189189,21.62162162162162,61.48648648648649,52.702702702702695,8.783783783783784
E00135717,81,35,15,20,46,35,11,43.20987654320987,18.51851851851852,24.691358024691358,56.79012345679012,43.20987654320987,13.580246913580247
E00135718,86,32,9,23,54,37,17,37.2093023255814,10.465116279069768,26.744186046511626,62.7906976744186,43.02325581395349,19.767441860465116
E00135719,101,33,9,24,68,54,14,32.67326732673268,8.91089108910891,23.762376237623762,67.32673267326733,53.46534653465347,13.861386138613863
E00135720,93,37,12,25,56,47,9,39.784946236559136,12.903225806451612,26.881720430107524,60.215053763440864,50.53763440860215,9.67741935483871
E00135721,146,53,11,42,93,70,23,36.3013698630137,7.534246575342466,28.767123287671232,63.6986301369863,47.94520547945205,15.753424657534246
E00135722,83,33,15,18,50,41,9,39.75903614457831,18.072289156626507,21.686746987951807,60.24096385542169,49.39759036144578,10.843373493975903
E00135723,92,39,13,26,53,44,9,42.391304347826086,14.130434782608695,28.26086956521739,57.608695652173914,47.82608695652174,9.782608695652174
E00135724,110,48,20,28,62,44,18,43.63636363636363,18.181818181818183,25.454545454545453,56.36363636363636,40,16.363636363636363
E00135725,126,36,12,24,90,76,14,28.57142857142857,9.523809523809524,19.047619047619047,71.42857142857143,60.317460317460316,11.11111111111111
E00135726,122,40,15,25,82,67,15,32.78688524590164,12.295081967213115,20.491803278688526,67.21311475409836,54.91803278688525,12.295081967213115
E00135727,105,35,8,27,70,61,9,33.33333333333333,7.6190476190476195,25.71428571428571,66.66666666666666,58.0952380952381,8.571428571428571
E00135729,77,22,5,17,55,47,8,28.57142857142857,6.493506493506493,22.07792207792208,71.42857142857143,61.038961038961034,10.38961038961039
E00135730,163,56,16,40,107,86,21,34.355828220858896,9.815950920245399,24.539877300613497,65.6441717791411,52.760736196319016,12.883435582822086
E00135731,155,43,12,31,112,95,17,27.741935483870968,7.741935483870968,20,72.25806451612902,61.29032258064516,10.967741935483872
E00135733,163,40,15,25,123,105,18,24.539877300613497,9.202453987730062,15.337423312883436,75.4601226993865,64.41717791411043,11.042944785276074
E00135734,223,66,26,40,157,130,27,29.596412556053814,11.659192825112108,17.937219730941703,70.4035874439462,58.29596412556054,12.10762331838565
E00135735,171,52,17,35,119,109,10,30.409356725146196,9.941520467836257,20.46783625730994,69.5906432748538,63.74269005847953,5.847953216374268
E00135736,142,36,7,29,106,93,13,25.352112676056336,4.929577464788732,20.422535211267608,74.64788732394366,65.49295774647888,9.15492957746479
E00135737,297,88,28,60,209,184,25,29.629629629629626,9.427609427609427,20.2020202020202,70.37037037037037,61.95286195286195,8.417508417508419
E00135740,117,28,9,19,89,69,20,23.931623931623932,7.6923076923076925,16.23931623931624,76.06837606837607,58.97435897435898,17.094017094017094
E00135741,95,20,5,15,75,62,13,21.052631578947366,5.263157894736842,15.789473684210526,78.94736842105263,65.26315789473685,13.684210526315791
E00135742,156,45,15,30,111,88,23,28.846153846153843,9.615384615384617,19.230769230769234,71.15384615384616,56.41025641025641,14.743589743589745
E00135743,68,18,4,14,50,44,6,26.47058823529412,5.88235294117647,20.588235294117645,73.52941176470588,64.70588235294117,8.823529411764707
E00135744,74,25,13,12,49,44,5,33.78378378378378,17.56756756756757,16.216216216216218,66.21621621621621,59.45945945945946,6.756756756756757
E00135745,36,11,3,8,25,16,9,30.555555555555557,8.333333333333332,22.22222222222222,69.44444444444444,44.44444444444444,25
E00135746,86,33,12,21,53,45,8,38.372093023255815,13.953488372093023,24.418604651162788,61.627906976744185,52.32558139534884,9.30232558139535
E00135747,80,30,13,17,50,46,4,37.5,16.25,21.25,62.5,57.49999999999999,5
E00135748,126,38,13,25,88,73,15,30.158730158730158,10.317460317460316,19.841269841269842,69.84126984126983,57.936507936507944,11.904761904761903
E00135749,121,42,22,20,79,60,19,34.710743801652896,18.181818181818183,16.528925619834713,65.28925619834712,49.586776859504134,15.702479338842975
E00135750,164,57,17,40,107,90,17,34.756097560975604,10.365853658536585,24.390243902439025,65.2439024390244,54.87804878048781,10.365853658536585
E00135752,139,37,14,23,102,80,22,26.618705035971225,10.071942446043165,16.546762589928058,73.38129496402878,57.55395683453237,15.827338129496402
E00135753,132,45,18,27,87,74,13,34.090909090909086,13.636363636363635,20.454545454545457,65.9090909090909,56.060606060606055,9.848484848484848
E00135754,212,70,16,54,142,118,24,33.0188679245283,7.547169811320755,25.471698113207548,66.98113207547169,55.660377358490564,11.320754716981133
E00135755,202,67,20,47,135,122,13,33.16831683168317,9.900990099009901,23.26732673267327,66.83168316831683,60.396039603960396,6.435643564356436
E00135756,131,30,9,21,101,81,20,22.900763358778626,6.870229007633588,16.030534351145036,77.09923664122137,61.832061068702295,15.267175572519085
E00135757,98,30,11,19,68,61,7,30.612244897959183,11.224489795918368,19.387755102040817,69.38775510204081,62.244897959183675,7.142857142857142
E00135758,130,36,18,18,94,73,21,27.692307692307693,13.846153846153847,13.846153846153847,72.3076923076923,56.15384615384615,16.153846153846153
E00135759,99,32,12,20,67,49,18,32.323232323232325,12.121212121212121,20.2020202020202,67.67676767676768,49.494949494949495,18.181818181818183
E00135760,158,54,19,35,104,85,19,34.177215189873415,12.025316455696203,22.151898734177212,65.82278481012658,53.79746835443038,12.025316455696203
E00135761,149,59,19,40,90,77,13,39.59731543624161,12.751677852348994,26.845637583892618,60.40268456375839,51.67785234899329,8.724832214765101
E00135762,140,42,11,31,98,76,22,30,7.857142857142857,22.142857142857142,70,54.285714285714285,15.714285714285714
E00135763,186,61,22,39,125,92,33,32.795698924731184,11.827956989247312,20.967741935483872,67.20430107526882,49.46236559139785,17.741935483870968
E00135764,225,71,30,41,154,129,25,31.555555555555554,13.333333333333334,18.22222222222222,68.44444444444444,57.333333333333336,11.11111111111111
E00135765,211,75,24,51,136,105,31,35.54502369668246,11.374407582938389,24.170616113744074,64.45497630331754,49.763033175355446,14.691943127962084
E00135766,177,60,21,39,117,86,31,33.89830508474576,11.864406779661017,22.033898305084744,66.10169491525424,48.58757062146893,17.51412429378531
E00135767,110,41,16,25,69,56,13,37.27272727272727,14.545454545454545,22.727272727272727,62.727272727272734,50.90909090909091,11.818181818181818
E00135768,139,49,20,29,90,71,19,35.25179856115108,14.388489208633093,20.863309352517987,64.74820143884892,51.07913669064749,13.66906474820144
E00135769,145,51,27,24,94,75,19,35.172413793103445,18.620689655172416,16.551724137931036,64.82758620689654,51.724137931034484,13.10344827586207
E00135770,169,56,14,42,113,81,32,33.13609467455622,8.284023668639055,24.85207100591716,66.86390532544378,47.928994082840234,18.93491124260355
E00135771,150,47,11,36,103,92,11,31.333333333333336,7.333333333333333,24,68.66666666666667,61.33333333333333,7.333333333333333
E00135772,85,38,14,24,47,42,5,44.70588235294118,16.470588235294116,28.235294117647058,55.294117647058826,49.411764705882355,5.88235294117647
E00135773,138,44,12,32,94,73,21,31.88405797101449,8.695652173913043,23.18840579710145,68.11594202898551,52.89855072463768,15.217391304347828
E00135774,139,42,15,27,97,78,19,30.215827338129497,10.79136690647482,19.424460431654676,69.7841726618705,56.11510791366906,13.66906474820144
E00135775,204,58,19,39,146,124,22,28.431372549019606,9.313725490196079,19.11764705882353,71.56862745098039,60.78431372549019,10.784313725490197
E00135776,268,59,21,38,209,195,14,22.01492537313433,7.835820895522389,14.17910447761194,77.98507462686567,72.76119402985076,5.223880597014925
E00135777,154,51,13,38,103,83,20,33.116883116883116,8.441558441558442,24.675324675324674,66.88311688311688,53.896103896103895,12.987012987012985
E00135778,134,35,10,25,99,83,16,26.119402985074625,7.462686567164178,18.65671641791045,73.88059701492537,61.940298507462686,11.940298507462686
E00135779,158,44,12,32,114,95,19,27.848101265822784,7.59493670886076,20.253164556962027,72.15189873417721,60.12658227848101,12.025316455696203
E00135780,284,81,26,55,203,180,23,28.52112676056338,9.15492957746479,19.366197183098592,71.47887323943662,63.38028169014085,8.098591549295776
E00135781,154,44,17,27,110,87,23,28.57142857142857,11.03896103896104,17.532467532467532,71.42857142857143,56.493506493506494,14.935064935064934
E00135782,201,53,23,30,148,116,32,26.368159203980102,11.442786069651742,14.925373134328357,73.6318407960199,57.711442786069654,15.92039800995025
E00135783,244,84,31,53,160,126,34,34.42622950819672,12.704918032786885,21.721311475409834,65.57377049180327,51.63934426229508,13.934426229508196
E00135784,222,73,31,42,149,103,46,32.88288288288289,13.963963963963963,18.91891891891892,67.11711711711712,46.3963963963964,20.72072072072072
E00135785,148,45,17,28,103,85,18,30.405405405405407,11.486486486486488,18.91891891891892,69.5945945945946,57.432432432432435,12.162162162162163
E00135786,172,46,23,23,126,96,30,26.744186046511626,13.372093023255813,13.372093023255813,73.25581395348837,55.81395348837209,17.441860465116278
E00135787,214,64,30,34,150,109,41,29.906542056074763,14.018691588785046,15.887850467289718,70.09345794392523,50.93457943925234,19.158878504672895
E00135788,146,35,13,22,111,80,31,23.972602739726025,8.904109589041095,15.068493150684931,76.02739726027397,54.794520547945204,21.232876712328768
E00135789,214,61,20,41,153,111,42,28.504672897196258,9.345794392523365,19.158878504672895,71.49532710280374,51.86915887850467,19.626168224299064
E00135790,161,50,15,35,111,94,17,31.05590062111801,9.316770186335404,21.73913043478261,68.94409937888199,58.38509316770186,10.559006211180124
E00135791,164,56,16,40,108,82,26,34.146341463414636,9.75609756097561,24.390243902439025,65.85365853658537,50,15.853658536585366
E00135792,187,49,15,34,138,107,31,26.203208556149733,8.0213903743315509,18.181818181818183,73.79679144385027,57.21925133689839,16.577540106951872
E00135793,111,42,19,23,69,51,18,37.83783783783784,17.117117117117118,20.72072072072072,62.16216216216216,45.94594594594595,16.216216216216218
E00135794,112,29,16,13,83,66,17,25.892857142857146,14.285714285714285,11.607142857142858,74.10714285714286,58.92857142857143,15.178571428571427
E00135795,108,41,16,25,67,52,15,37.96296296296296,14.814814814814813,23.14814814814815,62.03703703703704,48.148148148148145,13.88888888888889
E00135796,117,39,8,31,78,62,16,33.33333333333333,6.837606837606838,26.495726495726498,66.66666666666666,52.991452991452995,13.675213675213676
E00135797,127,37,9,28,90,74,16,29.133858267716533,7.086614173228346,22.04724409448819,70.86614173228347,58.26771653543307,12.598425196850393
E00135798,95,29,11,18,66,54,12,30.526315789473685,11.578947368421053,18.947368421052634,69.47368421052632,56.84210526315789,12.631578947368421
E00135799,158,61,26,35,97,81,16,38.607594936708864,16.455696202531644,22.151898734177212,61.39240506329114,51.26582278481012,10.126582278481013
E00135800,195,83,35,48,112,87,25,42.56410256410256,17.94871794871795,24.615384615384617,57.43589743589743,44.61538461538462,12.82051282051282
E00135801,207,61,26,35,146,105,41,29.468599033816425,12.560386473429952,16.908212560386474,70.53140096618358,50.72463768115942,19.806763285024154
E00135802,184,59,10,49,125,103,22,32.065217391304344,5.434782608695652,26.6304347826087,67.93478260869566,55.97826086956522,11.956521739130435
E00135803,191,74,28,46,117,92,25,38.7434554973822,14.659685863874344,24.083769633507853,61.25654450261781,48.167539267015705,13.089005235602095
E00135804,176,56,20,36,120,88,32,31.818181818181817,11.363636363636363,20.454545454545457,68.18181818181817,50,18.181818181818183
E00135805,216,70,23,47,146,119,27,32.407407407407405,10.648148148148149,21.75925925925926,67.5925925925926,55.092592592592595,12.5
E00135806,160,56,24,32,104,81,23,35,15,20,65,50.625,14.374999999999998
E00135807,296,99,37,62,197,160,37,33.44594594594595,12.5,20.945945945945947,66.55405405405406,54.054054054054056,12.5
E00135808,210,64,21,43,146,118,28,30.476190476190478,10,20.476190476190474,69.52380952380952,56.19047619047619,13.333333333333334
E00135809,154,48,21,27,106,82,24,31.16883116883117,13.636363636363635,17.532467532467532,68.83116883116884,53.246753246753244,15.584415584415584
E00135810,121,37,10,27,84,57,27,30.57851239669421,8.264462809917356,22.31404958677686,69.42148760330579,47.107438016528924,22.31404958677686
E00135811,155,56,19,37,99,79,20,36.12903225806451,12.258064516129032,23.870967741935484,63.87096774193548,50.967741935483865,12.903225806451612
E00135812,117,50,18,32,67,53,14,42.73504273504273,15.384615384615385,27.350427350427353,57.26495726495726,45.2991452991453,11.965811965811966
E00135813,157,45,19,26,112,83,29,28.662420382165603,12.101910828025478,16.560509554140125,71.3375796178344,52.86624203821656,18.471337579617835
E00135814,142,45,13,32,97,71,26,31.690140845070424,9.15492957746479,22.535211267605636,68.30985915492957,50,18.30985915492958
E00135815,262,75,29,46,187,148,39,28.62595419847328,11.068702290076336,17.557251908396946,71.37404580152672,56.48854961832062,14.885496183206106
E00135816,241,72,23,49,169,136,33,29.87551867219917,9.54356846473029,20.33195020746888,70.12448132780082,56.43153526970954,13.692946058091287
E00135817,188,62,22,40,126,103,23,32.97872340425532,11.702127659574469,21.27659574468085,67.02127659574468,54.78723404255319,12.23404255319149
E00135818,114,33,8,25,81,66,15,28.947368421052634,7.017543859649122,21.929824561403507,71.05263157894737,57.89473684210527,13.157894736842104
E00135819,160,57,18,39,103,86,17,35.625,11.25,24.375,64.375,53.75,10.625
E00135820,205,50,15,35,155,132,23,24.390243902439025,7.317073170731707,17.073170731707318,75.60975609756098,64.39024390243902,11.219512195121952
E00135821,219,71,17,54,148,124,24,32.42009132420091,7.76255707762557,24.65753424657534,67.57990867579909,56.62100456621004,10.95890410958904
E00135822,149,47,19,28,102,78,24,31.543624161073826,12.751677852348994,18.79194630872483,68.45637583892618,52.348993288590606,16.10738255033557
E00135823,125,47,23,24,78,61,17,37.6,18.4,19.2,62.4,48.8,13.600000000000001
E00135824,117,37,8,29,80,66,14,31.62393162393162,6.837606837606838,24.786324786324787,68.37606837606837,56.41025641025641,11.965811965811966
E00135825,140,47,12,35,93,63,30,33.57142857142857,8.571428571428571,25,66.42857142857143,45,21.428571428571427
E00135826,148,39,10,29,109,84,25,26.351351351351347,6.756756756756757,19.594594594594593,73.64864864864865,56.75675675675676,16.89189189189189
E00135827,120,43,14,29,77,56,21,35.833333333333336,11.666666666666666,24.166666666666668,64.16666666666667,46.666666666666664,17.5
E00135828,134,41,16,25,93,72,21,30.597014925373134,11.940298507462686,18.65671641791045,69.40298507462687,53.73134328358209,15.671641791044777
E00135829,148,44,17,27,104,76,28,29.72972972972973,11.486486486486488,18.243243243243242,70.27027027027027,51.35135135135135,18.91891891891892
E00135830,154,57,24,33,97,84,13,37.01298701298701,15.584415584415584,21.428571428571427,62.98701298701299,54.54545454545454,8.441558441558442
E00135831,109,28,7,21,81,65,16,25.688073394495415,6.422018348623854,19.26605504587156,74.31192660550458,59.63302752293578,14.678899082568808
E00135832,64,16,9,7,48,40,8,25,14.0625,10.9375,75,62.5,12.5
E00135833,139,47,11,36,92,80,12,33.81294964028777,7.913669064748201,25.899280575539567,66.18705035971223,57.55395683453237,8.633093525179856
E00135834,128,39,10,29,89,76,13,30.46875,7.8125,22.65625,69.53125,59.375,10.15625
E00135835,171,54,15,39,117,96,21,31.57894736842105,8.771929824561402,22.807017543859647,68.42105263157895,56.14035087719298,12.280701754385964
E00135836,140,51,13,38,89,79,10,36.42857142857142,9.285714285714286,27.142857142857142,63.57142857142857,56.42857142857143,7.142857142857142
E00135837,115,37,15,22,78,64,14,32.17391304347826,13.043478260869565,19.130434782608695,67.82608695652173,55.65217391304348,12.173913043478262
E00135838,74,18,6,12,56,45,11,24.324324324324326,8.108108108108109,16.216216216216218,75.67567567567568,60.810810810810814,14.864864864864865
E00135839,195,62,20,42,133,103,30,31.794871794871792,10.256410256410255,21.53846153846154,68.2051282051282,52.820512820512825,15.384615384615385
E00135840,138,46,22,24,92,78,14,33.33333333333333,15.942028985507244,17.391304347826086,66.66666666666666,56.52173913043478,10.144927536231885
E00135841,197,61,22,39,136,109,27,30.96446700507614,11.16751269035533,19.796954314720814,69.03553299492386,55.32994923857868,13.705583756345177
E00135842,188,58,24,34,130,105,25,30.851063829787233,12.76595744680851,18.085106382978726,69.14893617021278,55.85106382978723,13.297872340425531
E00135843,180,54,20,34,126,99,27,30,11.11111111111111,18.88888888888889,70,55.00000000000001,15
E00135844,176,51,17,34,125,100,25,28.97727272727273,9.659090909090908,19.318181818181817,71.02272727272727,56.81818181818182,14.204545454545455
E00135845,148,40,15,25,108,87,21,27.027027027027028,10.135135135135135,16.89189189189189,72.97297297297297,58.78378378378378,14.18918918918919
E00135846,90,33,15,18,57,42,15,36.666666666666664,16.666666666666664,20,63.33333333333333,46.666666666666664,16.666666666666664
E00135847,159,52,11,41,107,85,22,32.70440251572327,6.918238993710692,25.78616352201258,67.29559748427673,53.459119496855344,13.836477987421384
E00135848,132,38,15,23,94,68,26,28.78787878787879,11.363636363636363,17.424242424242426,71.21212121212122,51.515151515151516,19.696969696969695
E00135849,99,30,6,24,69,51,18,30.303030303030305,6.0606060606060606,24.242424242424242,69.6969696969697,51.515151515151516,18.181818181818183
E00135850,180,61,19,42,119,83,36,33.88888888888889,10.555555555555555,23.333333333333332,66.11111111111111,46.111111111111114,20
E00135851,202,68,26,42,134,101,33,33.663366336633665,12.871287128712872,20.792079207920793,66.33663366336634,50,16.33663366336634
E00135852,164,62,22,40,102,74,28,37.80487804878049,13.414634146341465,24.390243902439025,62.19512195121951,45.1219512195122,17.073170731707318
E00135853,128,46,12,34,82,65,17,35.9375,9.375,26.5625,64.0625,50.78125,13.28125
E00135854,105,36,17,19,69,52,17,34.285714285714285,16.19047619047619,18.095238095238095,65.71428571428571,49.523809523809526,16.19047619047619
E00135855,245,93,39,54,152,121,31,37.95918367346939,15.918367346938775,22.040816326530614,62.04081632653061,49.38775510204081,12.653061224489795
E00135856,152,47,12,35,105,82,23,30.92105263157895,7.894736842105263,23.026315789473685,69.07894736842105,53.94736842105263,15.131578947368421
E00135857,135,42,13,29,93,76,17,31.11111111111111,9.62962962962963,21.48148148148148,68.88888888888889,56.2962962962963,12.592592592592592
E00135858,151,42,17,25,109,88,21,27.81456953642384,11.258278145695364,16.55629139072848,72.18543046357617,58.27814569536424,13.90728476821192
E00135859,152,47,20,27,105,89,16,30.92105263157895,13.157894736842104,17.763157894736842,69.07894736842105,58.55263157894737,10.526315789473683
E00135860,200,61,20,41,139,111,28,30.5,10,20.5,69.5,55.50000000000001,14.000000000000002
E00169847,262,78,16,62,184,148,36,29.770992366412212,6.106870229007633,23.66412213740458,70.22900763358778,56.48854961832062,13.740458015267176
E00169848,212,53,14,39,159,137,22,25,6.60377358490566,18.39622641509434,75,64.62264150943396,10.377358490566039
E00169849,272,60,16,44,212,190,22,22.058823529411764,5.88235294117647,16.176470588235293,77.94117647058823,69.85294117647058,8.088235294117647
E00169850,130,33,18,15,97,81,16,25.384615384615383,13.846153846153847,11.538461538461538,74.61538461538461,62.30769230769231,12.307692307692308
E00169851,209,49,13,36,160,124,36,23.444976076555022,6.220095693779904,17.22488038277512,76.55502392344498,59.33014354066985,17.22488038277512
E00169852,11,5,3,2,6,5,1,45.45454545454545,27.27272727272727,18.181818181818183,54.54545454545454,45.45454545454545,9.090909090909092
E00169853,40,9,4,5,31,25,6,22.5,10,12.5,77.5,62.5,15
E00169854,32,11,5,6,21,15,6,34.375,15.625,18.75,65.625,46.875,18.75
E00169855,92,20,4,16,72,59,13,21.73913043478261,4.3478260869565215,17.391304347826086,78.26086956521739,64.13043478260869,14.130434782608695
E00169856,174,43,11,32,131,113,18,24.71264367816092,6.321839080459771,18.39080459770115,75.28735632183908,64.9425287356322,10.344827586206897
E00169857,179,55,18,37,124,106,18,30.726256983240223,10.05586592178771,20.670391061452513,69.27374301675978,59.217877094972074,10.05586592178771
E00169858,181,50,22,28,131,100,31,27.624309392265197,12.154696132596685,15.469613259668508,72.37569060773481,55.24861878453039,17.12707182320442
E00169859,181,56,15,41,125,104,21,30.939226519337016,8.287292817679557,22.65193370165746,69.06077348066299,57.4585635359116,11.602209944751381
E00169860,115,35,17,18,80,63,17,30.434782608695656,14.782608695652174,15.65217391304348,69.56521739130434,54.78260869565217,14.782608695652174
E00169861,556,14,7,7,542,435,107,2.5179856115107913,1.2589928057553956,1.2589928057553956,97.48201438848922,78.23741007194245,19.244604316546763
E00169862,153,38,10,28,115,93,22,24.836601307189543,6.535947712418301,18.30065359477124,75.16339869281046,60.78431372549019,14.37908496732026
E00169863,135,26,7,19,109,91,18,19.25925925925926,5.185185185185185,14.074074074074074,80.74074074074075,67.4074074074074,13.333333333333334
E00169865,181,55,16,39,126,108,18,30.386740331491712,8.83977900552486,21.54696132596685,69.61325966850829,59.66850828729282,9.94475138121547
E00169866,193,56,13,43,137,120,17,29.015544041450774,6.7357512953367875,22.279792746113987,70.98445595854922,62.17616580310881,8.808290155440414
E00169867,134,29,6,23,105,88,17,21.641791044776117,4.477611940298507,17.16417910447761,78.35820895522389,65.67164179104478,12.686567164179104
E00169868,107,30,9,21,77,56,21,28.037383177570092,8.411214953271028,19.626168224299064,71.96261682242991,52.336448598130836,19.626168224299064
E00184645,178,48,25,23,130,97,33,26.96629213483146,14.04494382022472,12.921348314606742,73.03370786516854,54.49438202247191,18.53932584269663
E00184646,121,38,15,23,83,68,15,31.40495867768595,12.396694214876034,19.00826446280992,68.59504132231406,56.19834710743802,12.396694214876034
E00184654,134,46,17,29,88,69,19,34.32835820895522,12.686567164179104,21.641791044776117,65.67164179104478,51.49253731343284,14.17910447761194
E00184658,252,48,20,28,204,157,47,19.047619047619047,7.936507936507936,11.11111111111111,80.95238095238095,62.301587301587304,18.650793650793652
E00184659,51,18,3,15,33,22,11,35.294117647058826,5.88235294117647,29.411764705882355,64.70588235294117,43.13725490196079,21.568627450980394
E00184668,218,62,23,39,156,132,24,28.440366972477065,10.550458715596331,17.889908256880734,71.55963302752293,60.550458715596335,11.009174311926607
E00184669,214,57,28,29,157,110,47,26.635514018691588,13.084112149532709,13.551401869158877,73.36448598130842,51.4018691588785,21.962616822429908
E00184670,189,51,10,41,138,111,27,26.984126984126984,5.291005291005291,21.693121693121693,73.01587301587301,58.730158730158735,14.285714285714285
E00184679,187,53,17,36,134,117,17,28.342245989304814,9.090909090909092,19.25133689839572,71.65775401069519,62.56684491978609,9.090909090909092
E00184682,85,21,7,14,64,45,19,24.705882352941178,8.235294117647058,16.470588235294116,75.29411764705883,52.94117647058824,22.35294117647059
E00184683,101,32,11,21,69,54,15,31.683168316831683,10.891089108910892,20.792079207920793,68.31683168316832,53.46534653465347,14.85148514851485
E00184684,245,57,12,45,188,169,19,23.26530612244898,4.8979591836734695,18.367346938775512,76.73469387755102,68.9795918367347,7.755102040816326
E00184686,73,22,5,17,51,42,9,30.136986301369863,6.8493150684931505,23.28767123287671,69.86301369863014,57.534246575342465,12.32876712328767
E00184693,46,12,6,6,34,30,4,26.08695652173913,13.043478260869565,13.043478260869565,73.91304347826086,65.21739130434783,8.695652173913043
E00184696,222,44,17,27,178,155,23,19.81981981981982,7.657657657657657,12.162162162162163,80.18018018018019,69.81981981981981,10.36036036036036
E00184699,197,52,14,38,145,125,20,26.39593908629442,7.1065989847715745,19.289340101522843,73.60406091370558,63.45177664974619,10.152284263959391
E00184700,130,39,11,28,91,75,16,30,8.461538461538462,21.53846153846154,70,57.692307692307686,12.307692307692308
E00184701,124,21,5,16,103,91,12,16.93548387096774,4.032258064516129,12.903225806451612,83.06451612903226,73.38709677419355,9.67741935483871
E00184704,141,43,14,29,98,82,16,30.49645390070922,9.929078014184398,20.56737588652482,69.50354609929079,58.156028368794324,11.347517730496454
E00184713,234,55,14,41,179,152,27,23.504273504273502,5.982905982905983,17.52136752136752,76.49572649572649,64.95726495726495,11.538461538461538
E00184717,254,82,26,56,172,142,30,32.28346456692913,10.236220472440944,22.04724409448819,67.71653543307087,55.90551181102362,11.811023622047244
E00184722,41,24,10,14,17,16,1,58.536585365853654,24.390243902439025,34.146341463414636,41.46341463414634,39.02439024390244,2.4390243902439024
E00184725,159,45,15,30,114,99,15,28.30188679245283,9.433962264150944,18.867924528301888,71.69811320754717,62.264150943396224,9.433962264150944
E00184726,36,16,3,13,20,17,3,44.44444444444444,8.333333333333332,36.11111111111111,55.55555555555556,47.22222222222222,8.333333333333332
