OA,ts0380001,ts0380002,ts0380003,ts0380004,ts0380005,ts0380006,ts0380007,ts0380002_PCT,ts0380003_PCT,ts0380004_PCT,ts0380005_PCT,ts0380006_PCT,ts0380007_PCT
E00096975,203,27,8,19,176,16,160,13.30049261083744,3.9408866995073892,9.35960591133005,86.69950738916256,7.8817733990147785,78.81773399014779
E00096976,259,38,13,25,221,22,199,14.671814671814673,5.019305019305019,9.652509652509652,85.32818532818533,8.494208494208493,76.83397683397683
E00096977,272,58,21,37,214,17,197,21.323529411764707,7.720588235294118,13.602941176470587,78.67647058823529,6.25,72.42647058823529
E00096978,307,53,15,38,254,28,226,17.263843648208468,4.88599348534202,12.37785016286645,82.73615635179154,9.120521172638437,73.61563517915309
E00096979,285,48,21,27,237,27,210,16.842105263157894,7.368421052631578,9.473684210526317,83.15789473684211,9.473684210526317,73.68421052631578
E00096980,284,71,43,28,213,25,188,25,15.140845070422534,9.859154929577464,75,8.80281690140845,66.19718309859155
E00096981,304,59,24,35,245,25,220,19.407894736842106,7.894736842105263,11.513157894736842,80.5921052631579,8.223684210526317,72.36842105263158
E00096982,363,63,26,37,300,30,270,17.355371900826448,7.162534435261708,10.192837465564738,82.64462809917356,8.264462809917356,74.3801652892562
E00096983,278,63,29,34,215,21,194,22.66187050359712,10.431654676258994,12.23021582733813,77.33812949640287,7.553956834532374,69.7841726618705
E00096984,265,74,33,41,191,30,161,27.92452830188679,12.452830188679245,15.471698113207546,72.0754716981132,11.320754716981133,60.75471698113207
E00096985,315,73,32,41,242,23,219,23.174603174603174,10.158730158730158,13.015873015873018,76.82539682539684,7.301587301587302,69.52380952380952
E00096986,301,73,41,32,228,24,204,24.25249169435216,13.621262458471762,10.631229235880399,75.74750830564784,7.973421926910299,67.77408637873754
E00096987,241,28,10,18,213,23,190,11.618257261410788,4.149377593360995,7.468879668049793,88.38174273858921,9.54356846473029,78.83817427385893
E00096988,345,57,22,35,288,30,258,16.52173913043478,6.3768115942028984,10.144927536231885,83.47826086956522,8.695652173913043,74.78260869565217
E00096990,285,59,23,36,226,24,202,20.701754385964914,8.070175438596491,12.631578947368421,79.2982456140351,8.421052631578947,70.87719298245614
E00096991,281,58,22,36,223,18,205,20.640569395017792,7.829181494661921,12.811387900355871,79.35943060498221,6.405693950177936,72.95373665480427
E00096992,343,53,16,37,290,24,266,15.451895043731778,4.664723032069971,10.787172011661808,84.54810495626822,6.997084548104956,77.55102040816327
E00096993,280,55,17,38,225,23,202,19.642857142857142,6.071428571428571,13.571428571428571,80.35714285714286,8.214285714285714,72.14285714285714
E00096994,267,34,9,25,233,12,221,12.734082397003746,3.3707865168539324,9.363295880149813,87.26591760299625,4.49438202247191,82.77153558052434
E00096995,268,44,16,28,224,16,208,16.417910447761194,5.970149253731343,10.44776119402985,83.5820895522388,5.970149253731343,77.61194029850746
E00096996,251,38,14,24,213,21,192,15.139442231075698,5.577689243027888,9.56175298804781,84.86055776892431,8.366533864541832,76.49402390438247
E00096997,303,39,14,25,264,24,240,12.871287128712872,4.62046204620462,8.25082508250825,87.12871287128714,7.920792079207921,79.20792079207921
E00096998,322,50,26,24,272,24,248,15.527950310559005,8.074534161490684,7.453416149068323,84.472049689441,7.453416149068323,77.01863354037268
E00097000,514,98,51,47,416,44,372,19.06614785992218,9.922178988326849,9.14396887159533,80.93385214007782,8.560311284046692,72.37354085603113
E00097001,385,145,107,38,240,17,223,37.66233766233766,27.79220779220779,9.87012987012987,62.33766233766234,4.415584415584416,57.92207792207792
E00097002,276,35,18,17,241,14,227,12.681159420289855,6.521739130434782,6.159420289855073,87.31884057971014,5.072463768115942,82.2463768115942
E00097003,258,72,38,34,186,9,177,27.906976744186046,14.728682170542637,13.178294573643413,72.09302325581395,3.488372093023256,68.6046511627907
E00097004,400,77,35,42,323,24,299,19.25,8.75,10.5,80.75,6,74.75
E00097005,249,33,15,18,216,14,202,13.253012048192772,6.024096385542169,7.228915662650602,86.74698795180723,5.622489959839357,81.12449799196787
E00097006,471,94,41,53,377,32,345,19.957537154989385,8.70488322717622,11.252653927813164,80.04246284501062,6.794055201698514,73.24840764331209
E00097007,292,59,27,32,233,13,220,20.205479452054796,9.246575342465754,10.95890410958904,79.7945205479452,4.4520547945205475,75.34246575342466
E00097008,409,66,23,43,343,23,320,16.13691931540342,5.623471882640587,10.513447432762836,83.86308068459658,5.623471882640587,78.239608801956
E00097009,398,78,37,41,320,18,302,19.597989949748744,9.296482412060302,10.301507537688442,80.40201005025126,4.522613065326634,75.87939698492463
E00097010,464,77,34,43,387,25,362,16.594827586206897,7.327586206896551,9.267241379310345,83.40517241379311,5.387931034482758,78.01724137931035
E00097011,260,77,43,34,183,15,168,29.615384615384617,16.538461538461537,13.076923076923078,70.38461538461539,5.769230769230769,64.61538461538461
E00097012,315,42,17,25,273,25,248,13.333333333333334,5.396825396825397,7.936507936507936,86.66666666666667,7.936507936507936,78.73015873015873
E00097013,360,36,9,27,324,41,283,10,2.5,7.5,90,11.38888888888889,78.61111111111111
E00097014,254,50,20,30,204,23,181,19.68503937007874,7.874015748031496,11.811023622047244,80.31496062992126,9.05511811023622,71.25984251968504
E00097015,304,102,70,32,202,10,192,33.55263157894737,23.026315789473685,10.526315789473683,66.44736842105263,3.289473684210526,63.1578947368421
E00097016,229,48,21,27,181,18,163,20.96069868995633,9.170305676855897,11.790393013100436,79.03930131004367,7.860262008733625,71.17903930131004
E00097017,257,56,24,32,201,14,187,21.78988326848249,9.33852140077821,12.45136186770428,78.21011673151752,5.447470817120623,72.76264591439688
E00097018,258,46,22,24,212,18,194,17.829457364341085,8.527131782945736,9.30232558139535,82.17054263565892,6.976744186046512,75.1937984496124
E00097019,242,66,29,37,176,16,160,27.27272727272727,11.983471074380166,15.289256198347106,72.72727272727273,6.6115702479338845,66.11570247933885
E00097020,240,42,26,16,198,17,181,17.5,10.833333333333334,6.666666666666667,82.5,7.083333333333333,75.41666666666667
E00097021,397,68,30,38,329,26,303,17.12846347607053,7.5566750629722925,9.571788413098236,82.87153652392946,6.54911838790932,76.32241813602015
E00097022,296,70,28,42,226,20,206,23.64864864864865,9.45945945945946,14.18918918918919,76.35135135135135,6.756756756756757,69.5945945945946
E00097023,268,41,13,28,227,19,208,15.298507462686567,4.850746268656716,10.44776119402985,84.70149253731343,7.08955223880597,77.61194029850746
E00097024,245,50,27,23,195,24,171,20.408163265306122,11.020408163265307,9.387755102040817,79.59183673469387,9.795918367346939,69.79591836734694
E00097025,261,57,28,29,204,15,189,21.839080459770116,10.727969348659004,11.11111111111111,78.16091954022988,5.747126436781609,72.41379310344827
E00097026,318,69,24,45,249,21,228,21.69811320754717,7.547169811320755,14.150943396226415,78.30188679245283,6.60377358490566,71.69811320754717
E00097027,339,87,42,45,252,13,239,25.663716814159294,12.389380530973451,13.274336283185843,74.33628318584071,3.8348082595870205,70.50147492625368
E00097028,301,76,29,47,225,21,204,25.249169435215947,9.634551495016613,15.614617940199334,74.75083056478405,6.976744186046512,67.77408637873754
E00097029,235,47,21,26,188,32,156,20,8.936170212765958,11.063829787234042,80,13.617021276595745,66.38297872340425
E00097030,357,77,35,42,280,18,262,21.568627450980394,9.803921568627452,11.76470588235294,78.43137254901961,5.042016806722689,73.38935574229691
E00097031,343,75,42,33,268,18,250,21.865889212827987,12.244897959183673,9.620991253644315,78.134110787172,5.247813411078718,72.8862973760933
E00097032,535,91,40,51,444,22,422,17.009345794392523,7.476635514018691,9.532710280373832,82.99065420560747,4.112149532710281,78.8785046728972
E00097033,339,78,33,45,261,18,243,23.008849557522122,9.734513274336283,13.274336283185843,76.99115044247787,5.3097345132743365,71.68141592920354
E00097034,251,52,25,27,199,23,176,20.717131474103585,9.9601593625498,10.756972111553784,79.2828685258964,9.163346613545817,70.1195219123506
E00097035,329,87,44,43,242,31,211,26.443768996960486,13.37386018237082,13.069908814589665,73.55623100303951,9.422492401215806,64.13373860182371
E00097036,246,74,43,31,172,23,149,30.081300813008134,17.479674796747968,12.601626016260163,69.91869918699187,9.34959349593496,60.56910569105691
E00097037,327,55,19,36,272,27,245,16.819571865443425,5.81039755351682,11.009174311926607,83.18042813455658,8.256880733944955,74.92354740061162
E00097038,248,53,27,26,195,13,182,21.370967741935484,10.887096774193548,10.483870967741936,78.62903225806451,5.241935483870968,73.38709677419355
E00097039,244,74,29,45,170,19,151,30.327868852459016,11.885245901639344,18.442622950819672,69.67213114754098,7.786885245901639,61.885245901639344
E00097040,453,81,25,56,372,46,326,17.880794701986755,5.518763796909492,12.362030905077264,82.11920529801324,10.154525386313466,71.96467991169978
E00097041,249,53,15,38,196,22,174,21.285140562248998,6.024096385542169,15.261044176706829,78.714859437751,8.835341365461847,69.87951807228916
E00097042,205,58,28,30,147,14,133,28.292682926829265,13.658536585365855,14.634146341463413,71.70731707317073,6.829268292682928,64.8780487804878
E00097043,359,62,28,34,297,23,274,17.270194986072422,7.7994428969359335,9.47075208913649,82.72980501392759,6.406685236768802,76.32311977715878
E00097044,215,55,27,28,160,19,141,25.581395348837212,12.558139534883722,13.023255813953488,74.4186046511628,8.837209302325581,65.58139534883722
E00097045,367,93,34,59,274,26,248,25.340599455040874,9.264305177111716,16.076294277929154,74.65940054495913,7.084468664850137,67.57493188010899
E00097046,329,47,15,32,282,28,254,14.285714285714285,4.5592705167173255,9.72644376899696,85.71428571428571,8.51063829787234,77.20364741641338
E00097047,341,56,25,31,285,18,267,16.422287390029325,7.331378299120235,9.090909090909092,83.57771260997067,5.278592375366569,78.2991202346041
E00097048,380,83,41,42,297,33,264,21.842105263157897,10.789473684210527,11.052631578947368,78.15789473684211,8.68421052631579,69.47368421052632
E00097049,254,69,33,36,185,16,169,27.165354330708663,12.992125984251967,14.173228346456693,72.83464566929135,6.299212598425196,66.53543307086615
E00097050,478,83,26,57,395,31,364,17.364016736401673,5.439330543933055,11.92468619246862,82.63598326359832,6.485355648535565,76.15062761506276
E00097051,607,80,33,47,527,48,479,13.179571663920923,5.436573311367381,7.742998352553541,86.82042833607908,7.907742998352553,78.91268533772653
E00097052,322,42,15,27,280,28,252,13.043478260869565,4.658385093167702,8.385093167701864,86.95652173913044,8.695652173913043,78.26086956521739
E00097053,313,48,23,25,265,19,246,15.335463258785943,7.348242811501597,7.987220447284344,84.66453674121406,6.070287539936102,78.59424920127796
E00097054,485,69,31,38,416,35,381,14.22680412371134,6.391752577319587,7.835051546391752,85.77319587628865,7.216494845360824,78.55670103092784
E00097055,263,59,20,39,204,13,191,22.433460076045627,7.604562737642586,14.82889733840304,77.56653992395437,4.942965779467681,72.6235741444867
E00097056,344,62,18,44,282,36,246,18.023255813953487,5.232558139534884,12.790697674418606,81.97674418604652,10.465116279069768,71.51162790697676
E00097057,243,42,11,31,201,21,180,17.28395061728395,4.526748971193416,12.757201646090536,82.71604938271605,8.641975308641975,74.07407407407408
E00097058,260,61,22,39,199,21,178,23.46153846153846,8.461538461538462,15,76.53846153846153,8.076923076923077,68.46153846153847
E00097059,331,73,25,48,258,25,233,22.054380664652566,7.552870090634441,14.501510574018129,77.94561933534743,7.552870090634441,70.39274924471299
E00097060,370,94,73,21,276,23,253,25.405405405405407,19.72972972972973,5.675675675675676,74.5945945945946,6.216216216216217,68.37837837837839
E00097061,274,54,28,26,220,19,201,19.708029197080293,10.218978102189782,9.48905109489051,80.2919708029197,6.934306569343065,73.35766423357664
E00097062,250,48,18,30,202,22,180,19.2,7.199999999999999,12,80.80000000000001,8.799999999999999,72
E00097063,204,23,10,13,181,16,165,11.27450980392157,4.901960784313726,6.372549019607843,88.72549019607843,7.8431372549019605,80.88235294117648
E00097064,326,80,31,49,246,31,215,24.539877300613497,9.509202453987731,15.030674846625766,75.4601226993865,9.509202453987731,65.95092024539878
E00097065,341,73,31,42,268,23,245,21.407624633431084,9.090909090909092,12.316715542521994,78.59237536656892,6.744868035190615,71.8475073313783
E00097066,280,80,49,31,200,18,182,28.57142857142857,17.5,11.071428571428571,71.42857142857143,6.428571428571428,65
E00097067,204,59,23,36,145,14,131,28.921568627450984,11.27450980392157,17.647058823529413,71.07843137254902,6.862745098039216,64.2156862745098
E00097068,257,71,22,49,186,13,173,27.626459143968873,8.560311284046692,19.06614785992218,72.37354085603113,5.058365758754864,67.31517509727627
E00097069,276,65,31,34,211,15,196,23.55072463768116,11.231884057971014,12.318840579710146,76.44927536231883,5.434782608695652,71.01449275362319
E00097070,237,51,13,38,186,14,172,21.518987341772153,5.485232067510549,16.033755274261605,78.48101265822784,5.9071729957805905,72.57383966244726
E00097071,276,62,21,41,214,28,186,22.463768115942027,7.608695652173914,14.855072463768115,77.53623188405797,10.144927536231885,67.3913043478261
E00097072,197,45,14,31,152,25,127,22.84263959390863,7.1065989847715745,15.736040609137056,77.15736040609137,12.690355329949238,64.46700507614213
E00097073,243,46,17,29,197,21,176,18.930041152263374,6.995884773662551,11.934156378600823,81.06995884773663,8.641975308641975,72.42798353909465
E00097074,196,49,19,30,147,12,135,25,9.693877551020408,15.306122448979592,75,6.122448979591836,68.87755102040816
E00097075,231,43,14,29,188,16,172,18.614718614718615,6.0606060606060606,12.554112554112553,81.38528138528139,6.926406926406926,74.45887445887446
E00097076,247,42,20,22,205,14,191,17.00404858299595,8.097165991902834,8.906882591093117,82.99595141700405,5.668016194331984,77.32793522267207
E00097077,331,63,35,28,268,22,246,19.033232628398792,10.574018126888216,8.459214501510575,80.96676737160121,6.646525679758309,74.32024169184291
E00097078,332,54,16,38,278,24,254,16.265060240963855,4.819277108433735,11.44578313253012,83.73493975903614,7.228915662650602,76.50602409638554
E00097079,258,52,27,25,206,9,197,20.155038759689923,10.465116279069768,9.689922480620156,79.84496124031007,3.488372093023256,76.35658914728683
E00097080,348,59,26,33,289,31,258,16.954022988505745,7.471264367816093,9.482758620689655,83.04597701149426,8.908045977011495,74.13793103448276
E00097081,293,53,24,29,240,14,226,18.088737201365188,8.19112627986348,9.897610921501707,81.91126279863481,4.778156996587031,77.13310580204778
E00097082,217,57,27,30,160,17,143,26.26728110599078,12.442396313364055,13.82488479262673,73.73271889400922,7.834101382488479,65.89861751152074
E00097083,269,37,13,24,232,17,215,13.754646840148698,4.83271375464684,8.921933085501859,86.2453531598513,6.319702602230483,79.92565055762083
E00097084,228,58,29,29,170,25,145,25.438596491228072,12.719298245614036,12.719298245614036,74.56140350877193,10.964912280701753,63.59649122807017
E00097085,255,47,18,29,208,18,190,18.43137254901961,7.0588235294117645,11.372549019607844,81.56862745098039,7.0588235294117645,74.50980392156863
E00097086,277,52,27,25,225,17,208,18.772563176895307,9.747292418772563,9.025270758122744,81.2274368231047,6.137184115523466,75.09025270758123
E00097087,271,63,22,41,208,15,193,23.247232472324722,8.118081180811808,15.129151291512915,76.75276752767527,5.535055350553505,71.21771217712177
E00097088,294,71,41,30,223,12,211,24.149659863945576,13.945578231292515,10.204081632653061,75.85034013605441,4.081632653061225,71.7687074829932
E00097089,310,60,24,36,250,12,238,19.35483870967742,7.741935483870968,11.612903225806452,80.64516129032258,3.870967741935484,76.77419354838709
E00097090,282,83,33,50,199,23,176,29.432624113475175,11.702127659574469,17.73049645390071,70.56737588652481,8.156028368794328,62.4113475177305
E00097091,243,40,12,28,203,14,189,16.46090534979424,4.938271604938271,11.522633744855968,83.53909465020575,5.761316872427984,77.77777777777779
E00097092,215,31,13,18,184,11,173,14.418604651162791,6.046511627906977,8.372093023255815,85.5813953488372,5.116279069767442,80.46511627906978
E00097093,291,57,22,35,234,14,220,19.587628865979383,7.560137457044673,12.027491408934708,80.41237113402062,4.810996563573884,75.60137457044674
E00097094,229,56,27,29,173,14,159,24.45414847161572,11.790393013100436,12.663755458515283,75.54585152838428,6.11353711790393,69.43231441048034
E00097095,222,47,21,26,175,20,155,21.17117117117117,9.45945945945946,11.711711711711711,78.82882882882883,9.00900900900901,69.81981981981981
E00097096,275,53,22,31,222,18,204,19.272727272727273,8,11.272727272727273,80.72727272727272,6.545454545454546,74.18181818181819
E00097098,190,48,26,22,142,24,118,25.263157894736842,13.684210526315791,11.578947368421053,74.73684210526315,12.631578947368421,62.10526315789474
E00097099,298,31,7,24,267,29,238,10.40268456375839,2.348993288590604,8.053691275167784,89.59731543624162,9.731543624161073,79.86577181208054
E00097100,290,62,27,35,228,17,211,21.379310344827587,9.310344827586208,12.068965517241379,78.62068965517241,5.862068965517241,72.75862068965517
E00097101,283,66,25,41,217,21,196,23.32155477031802,8.8339222614841,14.487632508833922,76.67844522968198,7.420494699646643,69.25795053003534
E00097102,239,46,16,30,193,18,175,19.246861924686193,6.694560669456067,12.552301255230125,80.75313807531381,7.531380753138076,73.22175732217573
E00097103,474,71,19,52,403,35,368,14.978902953586498,4.008438818565401,10.970464135021098,85.0210970464135,7.383966244725738,77.63713080168776
E00097104,336,66,21,45,270,24,246,19.642857142857142,6.25,13.392857142857142,80.35714285714286,7.142857142857142,73.21428571428571
E00097105,255,42,19,23,213,23,190,16.470588235294116,7.450980392156863,9.019607843137255,83.52941176470588,9.019607843137255,74.50980392156863
E00097106,314,45,10,35,269,25,244,14.331210191082802,3.1847133757961785,11.146496815286625,85.6687898089172,7.961783439490445,77.70700636942675
E00097107,302,35,11,24,267,24,243,11.589403973509933,3.642384105960265,7.9470198675496695,88.41059602649007,7.9470198675496695,80.4635761589404
E00097110,308,64,32,32,244,18,226,20.77922077922078,10.38961038961039,10.38961038961039,79.22077922077922,5.844155844155844,73.37662337662337
E00097111,314,57,22,35,257,18,239,18.152866242038215,7.006369426751593,11.146496815286625,81.84713375796179,5.7324840764331215,76.11464968152866
E00097112,320,54,18,36,266,33,233,16.875,5.625,11.25,83.125,10.3125,72.8125
E00097114,299,64,27,37,235,13,222,21.40468227424749,9.03010033444816,12.37458193979933,78.59531772575251,4.3478260869565215,74.24749163879598
E00097115,354,70,33,37,284,26,258,19.774011299435028,9.322033898305085,10.451977401129943,80.22598870056498,7.344632768361582,72.88135593220339
E00097116,200,48,23,25,152,20,132,24,11.5,12.5,76,10,66
E00097117,245,48,23,25,197,14,183,19.591836734693878,9.387755102040817,10.204081632653061,80.40816326530611,5.714285714285714,74.6938775510204
E00097118,253,58,34,24,195,17,178,22.92490118577075,13.438735177865613,9.486166007905137,77.07509881422925,6.719367588932807,70.35573122529645
E00097119,191,42,22,20,149,22,127,21.98952879581152,11.518324607329843,10.471204188481675,78.01047120418848,11.518324607329843,66.49214659685863
E00097120,205,35,13,22,170,20,150,17.073170731707318,6.341463414634147,10.731707317073171,82.92682926829268,9.75609756097561,73.17073170731707
E00097121,345,54,20,34,291,23,268,15.65217391304348,5.797101449275362,9.855072463768117,84.34782608695653,6.666666666666667,77.68115942028986
E00097122,198,50,23,27,148,12,136,25.252525252525253,11.616161616161616,13.636363636363635,74.74747474747475,6.0606060606060606,68.68686868686868
E00097123,328,60,19,41,268,14,254,18.29268292682927,5.7926829268292686,12.5,81.70731707317073,4.2682926829268295,77.4390243902439
E00097124,265,56,26,30,209,20,189,21.132075471698116,9.811320754716983,11.320754716981133,78.8679245283019,7.547169811320755,71.32075471698113
E00097125,286,61,26,35,225,16,209,21.328671328671327,9.090909090909092,12.237762237762238,78.67132867132867,5.594405594405594,73.07692307692307
E00097126,352,47,17,30,305,36,269,13.352272727272727,4.829545454545454,8.522727272727272,86.64772727272727,10.227272727272728,76.42045454545455
E00097127,355,102,67,35,253,10,243,28.732394366197184,18.87323943661972,9.859154929577464,71.26760563380282,2.8169014084507045,68.45070422535211
E00097128,245,30,11,19,215,16,199,12.244897959183673,4.489795918367347,7.755102040816326,87.75510204081633,6.530612244897959,81.22448979591836
E00097129,256,50,19,31,206,19,187,19.53125,7.421875,12.109375,80.46875,7.421875,73.046875
E00097130,466,95,22,73,371,35,336,20.386266094420602,4.721030042918455,15.665236051502147,79.6137339055794,7.510729613733906,72.1030042918455
E00097131,393,50,22,28,343,20,323,12.72264631043257,5.597964376590331,7.124681933842239,87.27735368956743,5.089058524173027,82.1882951653944
E00097132,275,58,32,26,217,22,195,21.09090909090909,11.636363636363637,9.454545454545455,78.9090909090909,8,70.9090909090909
E00097133,241,47,30,17,194,18,176,19.502074688796682,12.448132780082988,7.053941908713693,80.49792531120332,7.468879668049793,73.02904564315352
E00097134,233,30,12,18,203,19,184,12.875536480686694,5.150214592274678,7.725321888412018,87.1244635193133,8.15450643776824,78.96995708154506
E00097135,394,64,27,37,330,48,282,16.243654822335024,6.852791878172589,9.390862944162437,83.75634517766497,12.18274111675127,71.57360406091371
E00097136,222,56,34,22,166,15,151,25.225225225225223,15.315315315315313,9.90990990990991,74.77477477477478,6.756756756756757,68.01801801801803
E00097137,318,48,18,30,270,34,236,15.09433962264151,5.660377358490567,9.433962264150944,84.90566037735849,10.69182389937107,74.21383647798741
E00097138,151,17,2,15,134,11,123,11.258278145695364,1.3245033112582782,9.933774834437086,88.74172185430463,7.28476821192053,81.45695364238411
E00097139,282,51,21,30,231,20,211,18.085106382978726,7.446808510638298,10.638297872340425,81.91489361702128,7.092198581560284,74.822695035461
E00097140,187,32,9,23,155,9,146,17.11229946524064,4.81283422459893,12.299465240641712,82.88770053475936,4.81283422459893,78.07486631016043
E00097141,264,40,18,22,224,16,208,15.151515151515152,6.8181818181818175,8.333333333333332,84.84848484848484,6.0606060606060606,78.78787878787878
E00097142,367,49,13,36,318,36,282,13.35149863760218,3.5422343324250685,9.809264305177113,86.64850136239782,9.809264305177113,76.83923705722071
E00097143,241,44,20,24,197,18,179,18.25726141078838,8.29875518672199,9.95850622406639,81.74273858921161,7.468879668049793,74.27385892116183
E00097144,346,60,36,24,286,40,246,17.341040462427745,10.404624277456648,6.9364161849710975,82.65895953757226,11.560693641618498,71.09826589595376
E00097145,438,80,56,24,358,22,336,18.2648401826484,12.785388127853881,5.47945205479452,81.7351598173516,5.0228310502283104,76.71232876712328
E00097146,224,56,24,32,168,13,155,25,10.714285714285714,14.285714285714285,75,5.803571428571429,69.19642857142857
E00097147,208,68,33,35,140,8,132,32.69230769230769,15.865384615384615,16.826923076923077,67.3076923076923,3.8461538461538463,63.46153846153846
E00097148,377,71,41,30,306,20,286,18.83289124668435,10.875331564986737,7.957559681697612,81.16710875331566,5.305039787798409,75.86206896551724
E00097150,297,69,40,29,228,12,216,23.232323232323232,13.468013468013467,9.764309764309765,76.76767676767676,4.040404040404041,72.72727272727273
E00097151,579,90,39,51,489,29,460,15.544041450777202,6.7357512953367875,8.808290155440414,84.4559585492228,5.008635578583765,79.44732297063904
E00097152,285,67,33,34,218,20,198,23.50877192982456,11.578947368421053,11.929824561403509,76.49122807017544,7.017543859649122,69.47368421052632
E00097153,263,72,34,38,191,22,169,27.376425855513308,12.927756653992395,14.44866920152091,72.6235741444867,8.365019011406844,64.25855513307985
E00097154,186,45,16,29,141,18,123,24.193548387096776,8.60215053763441,15.591397849462366,75.80645161290323,9.67741935483871,66.12903225806451
E00097155,273,64,27,37,209,19,190,23.44322344322344,9.89010989010989,13.553113553113553,76.55677655677655,6.95970695970696,69.59706959706959
E00097156,267,38,15,23,229,16,213,14.232209737827715,5.617977528089887,8.614232209737828,85.76779026217228,5.992509363295881,79.7752808988764
E00097157,340,62,22,40,278,19,259,18.235294117647058,6.470588235294119,11.76470588235294,81.76470588235294,5.588235294117648,76.17647058823529
E00097158,249,48,22,26,201,21,180,19.27710843373494,8.835341365461847,10.441767068273093,80.72289156626506,8.433734939759036,72.28915662650603
E00097159,255,55,29,26,200,20,180,21.568627450980394,11.372549019607844,10.196078431372548,78.43137254901961,7.8431372549019605,70.58823529411765
E00097160,259,53,20,33,206,19,187,20.463320463320464,7.722007722007722,12.741312741312742,79.53667953667953,7.335907335907336,72.2007722007722
E00097161,194,37,13,24,157,15,142,19.072164948453608,6.701030927835052,12.371134020618557,80.9278350515464,7.731958762886598,73.19587628865979
E00097162,368,70,31,39,298,11,287,19.021739130434785,8.423913043478262,10.597826086956522,80.97826086956522,2.989130434782609,77.98913043478261
E00097163,322,56,21,35,266,19,247,17.391304347826086,6.521739130434782,10.869565217391305,82.6086956521739,5.900621118012422,76.70807453416148
E00097164,343,63,29,34,280,22,258,18.367346938775512,8.454810495626822,9.912536443148689,81.63265306122449,6.41399416909621,75.21865889212827
E00097166,248,46,22,24,202,29,173,18.548387096774192,8.870967741935484,9.67741935483871,81.45161290322581,11.693548387096774,69.75806451612904
E00097167,309,46,10,36,263,28,235,14.886731391585762,3.2362459546925564,11.650485436893204,85.11326860841424,9.06148867313916,76.05177993527508
E00097170,270,67,32,35,203,26,177,24.814814814814813,11.851851851851853,12.962962962962962,75.18518518518519,9.62962962962963,65.55555555555556
E00097171,256,77,37,40,179,16,163,30.078125,14.453125,15.625,69.921875,6.25,63.671875
E00097172,137,21,9,12,116,9,107,15.328467153284672,6.569343065693431,8.75912408759124,84.67153284671532,6.569343065693431,78.1021897810219
E00097173,193,28,14,14,165,13,152,14.507772020725387,7.253886010362693,7.253886010362693,85.49222797927462,6.7357512953367875,78.75647668393782
E00097174,284,44,16,28,240,25,215,15.492957746478872,5.633802816901409,9.859154929577464,84.50704225352112,8.80281690140845,75.70422535211267
E00097175,375,59,20,39,316,26,290,15.733333333333333,5.333333333333334,10.4,84.26666666666667,6.933333333333333,77.33333333333333
E00097176,150,24,9,15,126,11,115,16,6,10,84,7.333333333333333,76.66666666666667
E00097177,408,71,23,48,337,30,307,17.401960784313726,5.637254901960785,11.76470588235294,82.59803921568627,7.352941176470589,75.24509803921569
E00097178,282,50,22,28,232,24,208,17.73049645390071,7.801418439716312,9.929078014184398,82.26950354609929,8.51063829787234,73.75886524822694
E00097179,108,17,6,11,91,14,77,15.74074074074074,5.555555555555555,10.185185185185185,84.25925925925925,12.962962962962962,71.29629629629629
E00097180,381,76,33,43,305,15,290,19.94750656167979,8.661417322834646,11.286089238845145,80.0524934383202,3.937007874015748,76.11548556430446
E00097181,264,49,24,25,215,13,202,18.560606060606062,9.090909090909092,9.469696969696969,81.43939393939394,4.924242424242424,76.51515151515152
E00097182,282,78,39,39,204,16,188,27.659574468085108,13.829787234042554,13.829787234042554,72.3404255319149,5.673758865248227,66.66666666666666
E00097183,364,53,26,27,311,31,280,14.560439560439562,7.142857142857142,7.417582417582418,85.43956043956044,8.516483516483516,76.92307692307693
E00097184,362,60,23,37,302,28,274,16.574585635359114,6.353591160220995,10.220994475138122,83.42541436464089,7.734806629834254,75.69060773480662
E00097185,261,75,42,33,186,5,181,28.735632183908045,16.091954022988507,12.643678160919542,71.26436781609196,1.9157088122605364,69.34865900383141
E00097186,243,70,31,39,173,23,150,28.80658436213992,12.757201646090536,16.049382716049383,71.19341563786008,9.465020576131687,61.72839506172839
E00097187,403,82,34,48,321,24,297,20.34739454094293,8.436724565756824,11.910669975186105,79.65260545905707,5.955334987593052,73.69727047146401
E00097188,460,77,31,46,383,25,358,16.73913043478261,6.739130434782608,10,83.26086956521739,5.434782608695652,77.82608695652173
E00097189,394,63,23,40,331,35,296,15.989847715736042,5.83756345177665,10.152284263959391,84.01015228426397,8.883248730964468,75.1269035532995
E00097190,407,82,33,49,325,30,295,20.14742014742015,8.108108108108109,12.039312039312039,79.85257985257985,7.371007371007371,72.48157248157248
E00097191,347,63,21,42,284,26,258,18.155619596541786,6.051873198847262,12.103746397694524,81.84438040345822,7.492795389048991,74.35158501440922
E00097192,395,65,31,34,330,27,303,16.455696202531644,7.848101265822785,8.60759493670886,83.54430379746836,6.8354430379746836,76.70886075949367
E00097193,351,69,26,43,282,15,267,19.65811965811966,7.4074074074074066,12.250712250712251,80.34188034188034,4.273504273504273,76.06837606837607
E00097194,358,64,20,44,294,21,273,17.877094972067038,5.58659217877095,12.290502793296088,82.12290502793296,5.865921787709497,76.25698324022346
E00097195,347,81,32,49,266,23,243,23.34293948126801,9.221902017291066,14.121037463976945,76.657060518732,6.628242074927954,70.02881844380403
E00097196,150,28,16,12,122,5,117,18.666666666666668,10.666666666666668,8,81.33333333333333,3.3333333333333335,78
E00097197,236,37,16,21,199,20,179,15.677966101694915,6.779661016949152,8.898305084745763,84.32203389830508,8.47457627118644,75.84745762711864
E00097198,287,71,32,39,216,16,200,24.738675958188153,11.149825783972126,13.588850174216027,75.26132404181185,5.574912891986063,69.68641114982579
E00097199,288,66,34,32,222,17,205,22.916666666666664,11.805555555555555,11.11111111111111,77.08333333333334,5.902777777777778,71.18055555555556
E00097200,171,58,30,28,113,20,93,33.91812865497076,17.543859649122805,16.374269005847953,66.08187134502924,11.695906432748536,54.385964912280706
E00097201,234,70,40,30,164,7,157,29.914529914529915,17.094017094017094,12.82051282051282,70.08547008547008,2.9914529914529915,67.09401709401709
E00097202,292,62,34,28,230,19,211,21.232876712328768,11.643835616438356,9.58904109589041,78.76712328767124,6.506849315068493,72.26027397260275
E00097203,306,58,25,33,248,19,229,18.954248366013072,8.169934640522875,10.784313725490197,81.04575163398692,6.209150326797386,74.83660130718954
E00097204,188,55,26,29,133,20,113,29.25531914893617,13.829787234042554,15.425531914893616,70.74468085106383,10.638297872340425,60.1063829787234
E00097205,328,66,26,40,262,26,236,20.121951219512198,7.926829268292683,12.195121951219512,79.8780487804878,7.926829268292683,71.95121951219512
E00097206,281,39,13,26,242,15,227,13.87900355871886,4.6263345195729535,9.252669039145907,86.12099644128114,5.338078291814947,80.78291814946618
E00097207,303,47,15,32,256,18,238,15.51155115511551,4.9504950495049505,10.561056105610561,84.48844884488449,5.9405940594059405,78.54785478547855
E00097208,192,52,16,36,140,7,133,27.083333333333332,8.333333333333332,18.75,72.91666666666666,3.6458333333333335,69.27083333333334
E00097209,270,52,29,23,218,20,198,19.25925925925926,10.74074074074074,8.518518518518519,80.74074074074075,7.4074074074074066,73.33333333333333
E00097210,237,72,37,35,165,16,149,30.37974683544304,15.611814345991561,14.767932489451477,69.62025316455697,6.751054852320674,62.869198312236286
E00097211,235,45,14,31,190,25,165,19.148936170212767,5.957446808510639,13.191489361702127,80.85106382978722,10.638297872340425,70.2127659574468
E00097212,233,55,26,29,178,15,163,23.605150214592275,11.158798283261802,12.446351931330472,76.39484978540773,6.437768240343347,69.95708154506438
E00097213,251,48,26,22,203,12,191,19.12350597609562,10.358565737051793,8.764940239043826,80.87649402390437,4.780876494023905,76.09561752988047
E00097214,290,51,24,27,239,23,216,17.586206896551722,8.275862068965518,9.310344827586208,82.41379310344827,7.931034482758621,74.48275862068967
E00097215,233,63,31,32,170,11,159,27.038626609442062,13.304721030042918,13.733905579399142,72.96137339055794,4.721030042918455,68.24034334763948
E00097216,269,58,21,37,211,19,192,21.561338289962826,7.806691449814126,13.754646840148698,78.43866171003717,7.063197026022305,71.37546468401487
E00097217,191,46,26,20,145,8,137,24.083769633507853,13.612565445026178,10.471204188481675,75.91623036649214,4.18848167539267,71.72774869109948
E00097218,232,49,23,26,183,6,177,21.120689655172413,9.913793103448276,11.206896551724139,78.87931034482759,2.586206896551724,76.29310344827587
E00097219,208,62,26,36,146,14,132,29.807692307692307,12.5,17.307692307692307,70.1923076923077,6.730769230769231,63.46153846153846
E00097220,211,53,26,27,158,18,140,25.118483412322274,12.322274881516588,12.796208530805686,74.88151658767772,8.530805687203792,66.35071090047393
E00097221,247,55,30,25,192,13,179,22.267206477732792,12.145748987854251,10.121457489878543,77.7327935222672,5.263157894736842,72.46963562753037
E00097222,265,37,13,24,228,21,207,13.962264150943396,4.905660377358491,9.056603773584905,86.0377358490566,7.9245283018867925,78.11320754716982
E00097223,238,53,24,29,185,19,166,22.268907563025213,10.084033613445378,12.184873949579831,77.73109243697479,7.9831932773109235,69.74789915966386
E00097224,423,67,30,37,356,24,332,15.839243498817968,7.092198581560284,8.747044917257684,84.16075650118204,5.673758865248227,78.4869976359338
E00097225,296,29,10,19,267,16,251,9.797297297297296,3.3783783783783785,6.418918918918918,90.2027027027027,5.405405405405405,84.7972972972973
E00097226,250,42,11,31,208,14,194,16.8,4.3999999999999995,12.4,83.2,5.6000000000000005,77.60000000000001
E00097227,315,71,34,37,244,15,229,22.53968253968254,10.793650793650794,11.746031746031745,77.46031746031747,4.761904761904762,72.6984126984127
E00097228,350,61,18,43,289,20,269,17.42857142857143,5.142857142857142,12.285714285714286,82.57142857142857,5.714285714285714,76.85714285714286
E00097229,247,42,23,19,205,16,189,17.00404858299595,9.31174089068826,7.6923076923076925,82.99595141700405,6.477732793522267,76.51821862348179
E00097230,220,40,12,28,180,6,174,18.181818181818183,5.454545454545454,12.727272727272727,81.81818181818183,2.727272727272727,79.0909090909091
E00097231,185,47,23,24,138,10,128,25.405405405405407,12.432432432432433,12.972972972972974,74.5945945945946,5.405405405405405,69.1891891891892
E00097232,210,35,18,17,175,18,157,16.666666666666664,8.571428571428571,8.095238095238095,83.33333333333334,8.571428571428571,74.76190476190476
E00097233,265,42,15,27,223,24,199,15.849056603773585,5.660377358490567,10.18867924528302,84.15094339622642,9.056603773584905,75.09433962264151
E00097234,237,26,9,17,211,12,199,10.970464135021098,3.79746835443038,7.172995780590717,89.0295358649789,5.063291139240507,83.96624472573839
E00097235,320,44,18,26,276,26,250,13.750000000000002,5.625,8.125,86.25,8.125,78.125
E00097236,255,41,19,22,214,15,199,16.07843137254902,7.450980392156863,8.627450980392156,83.92156862745098,5.88235294117647,78.03921568627452
E00097237,224,80,44,36,144,15,129,35.714285714285715,19.642857142857142,16.071428571428573,64.28571428571429,6.696428571428571,57.58928571428571
E00097238,216,38,15,23,178,17,161,17.59259259259259,6.944444444444445,10.648148148148149,82.4074074074074,7.87037037037037,74.53703703703704
E00097239,309,52,20,32,257,27,230,16.828478964401295,6.472491909385113,10.355987055016183,83.1715210355987,8.737864077669903,74.4336569579288
E00097240,241,50,24,26,191,14,177,20.74688796680498,9.95850622406639,10.78838174273859,79.25311203319502,5.809128630705394,73.44398340248964
E00097241,203,58,22,36,145,12,133,28.57142857142857,10.83743842364532,17.733990147783253,71.42857142857143,5.911330049261084,65.51724137931035
E00097242,172,62,30,32,110,10,100,36.04651162790697,17.441860465116278,18.6046511627907,63.95348837209303,5.813953488372093,58.139534883720934
E00097243,286,40,8,32,246,21,225,13.986013986013987,2.797202797202797,11.188811188811188,86.01398601398601,7.3426573426573425,78.67132867132867
E00097244,356,61,24,37,295,30,265,17.134831460674157,6.741573033707865,10.393258426966293,82.86516853932584,8.426966292134832,74.43820224719101
E00097245,423,47,16,31,376,38,338,11.11111111111111,3.7825059101654848,7.328605200945626,88.88888888888889,8.983451536643026,79.90543735224587
E00097247,349,55,20,35,294,22,272,15.759312320916905,5.730659025787966,10.028653295128938,84.2406876790831,6.303724928366762,77.93696275071633
E00097248,284,52,23,29,232,14,218,18.30985915492958,8.098591549295776,10.211267605633804,81.69014084507043,4.929577464788732,76.76056338028168
E00097249,337,50,21,29,287,31,256,14.836795252225517,6.231454005934718,8.605341246290802,85.16320474777447,9.198813056379821,75.96439169139467
E00097250,282,41,16,25,241,14,227,14.539007092198581,5.673758865248227,8.865248226950355,85.46099290780141,4.964539007092199,80.49645390070921
E00097251,269,61,22,39,208,21,187,22.676579925650557,8.178438661710038,14.49814126394052,77.32342007434944,7.806691449814126,69.51672862453532
E00097252,394,48,18,30,346,35,311,12.18274111675127,4.568527918781726,7.614213197969544,87.81725888324873,8.883248730964468,78.93401015228426
E00097253,252,30,11,19,222,17,205,11.904761904761903,4.365079365079365,7.5396825396825395,88.09523809523809,6.746031746031746,81.34920634920636
E00097255,323,63,36,27,260,16,244,19.5046439628483,11.145510835913312,8.359133126934983,80.4953560371517,4.953560371517028,75.54179566563467
E00097256,268,35,11,24,233,22,211,13.059701492537313,4.104477611940299,8.955223880597014,86.94029850746269,8.208955223880597,78.73134328358209
E00097257,303,47,17,30,256,24,232,15.51155115511551,5.6105610561056105,9.900990099009901,84.48844884488449,7.920792079207921,76.56765676567657
E00097258,145,63,28,35,82,13,69,43.44827586206896,19.310344827586206,24.137931034482758,56.55172413793104,8.96551724137931,47.58620689655172
E00097259,278,54,19,35,224,18,206,19.424460431654676,6.83453237410072,12.589928057553957,80.57553956834532,6.474820143884892,74.10071942446042
E00097260,312,36,15,21,276,23,253,11.538461538461538,4.807692307692308,6.730769230769231,88.46153846153845,7.371794871794872,81.08974358974359
E00097261,300,52,14,38,248,23,225,17.333333333333336,4.666666666666667,12.666666666666668,82.66666666666667,7.666666666666666,75
E00097262,333,77,17,60,256,22,234,23.123123123123122,5.105105105105105,18.01801801801802,76.87687687687688,6.606606606606606,70.27027027027027
E00097263,288,36,13,23,252,28,224,12.5,4.513888888888888,7.986111111111111,87.5,9.722222222222223,77.77777777777779
E00097264,347,38,9,29,309,28,281,10.951008645533141,2.5936599423631126,8.357348703170029,89.04899135446685,8.069164265129682,80.97982708933718
E00097265,184,40,18,22,144,20,124,21.73913043478261,9.782608695652174,11.956521739130435,78.26086956521739,10.869565217391305,67.3913043478261
E00097266,253,35,13,22,218,28,190,13.83399209486166,5.138339920948617,8.695652173913043,86.16600790513834,11.067193675889328,75.09881422924902
E00097267,304,35,8,27,269,21,248,11.513157894736842,2.631578947368421,8.881578947368421,88.48684210526315,6.907894736842106,81.57894736842105
E00097268,256,53,14,39,203,14,189,20.703125,5.46875,15.234375,79.296875,5.46875,73.828125
E00097269,244,56,22,34,188,13,175,22.950819672131146,9.01639344262295,13.934426229508196,77.04918032786885,5.327868852459016,71.72131147540983
E00097270,288,54,28,26,234,21,213,18.75,9.722222222222223,9.027777777777777,81.25,7.291666666666667,73.95833333333334
E00097271,313,43,16,27,270,15,255,13.738019169329075,5.111821086261981,8.626198083067091,86.26198083067092,4.792332268370607,81.46964856230032
E00097272,275,76,38,38,199,15,184,27.636363636363637,13.818181818181818,13.818181818181818,72.36363636363636,5.454545454545454,66.9090909090909
E00097273,246,46,23,23,200,22,178,18.69918699186992,9.34959349593496,9.34959349593496,81.30081300813008,8.94308943089431,72.35772357723577
E00097274,245,38,12,26,207,33,174,15.510204081632653,4.8979591836734695,10.612244897959183,84.48979591836735,13.46938775510204,71.0204081632653
E00097276,241,74,47,27,167,22,145,30.70539419087137,19.502074688796682,11.20331950207469,69.29460580912863,9.12863070539419,60.16597510373444
E00097277,277,48,21,27,229,23,206,17.328519855595665,7.581227436823104,9.747292418772563,82.67148014440433,8.303249097472925,74.36823104693141
E00097278,265,60,26,34,205,21,184,22.641509433962266,9.811320754716983,12.830188679245284,77.35849056603774,7.9245283018867925,69.43396226415094
E00097279,295,49,24,25,246,22,224,16.610169491525422,8.135593220338983,8.47457627118644,83.38983050847457,7.457627118644068,75.9322033898305
E00097280,325,66,28,38,259,23,236,20.307692307692307,8.615384615384615,11.692307692307692,79.6923076923077,7.076923076923077,72.61538461538461
E00097281,340,85,40,45,255,13,242,25,11.76470588235294,13.23529411764706,75,3.823529411764706,71.17647058823529
E00097282,348,78,37,41,270,10,260,22.413793103448278,10.632183908045976,11.781609195402298,77.58620689655173,2.8735632183908044,74.71264367816092
E00097283,267,41,15,26,226,24,202,15.355805243445692,5.617977528089887,9.737827715355806,84.6441947565543,8.98876404494382,75.65543071161048
E00097284,215,73,41,32,142,12,130,33.95348837209302,19.069767441860467,14.883720930232558,66.04651162790698,5.5813953488372094,60.46511627906976
E00097285,220,66,33,33,154,14,140,30,15,15,70,6.363636363636363,63.63636363636363
E00097286,270,70,31,39,200,20,180,25.925925925925924,11.481481481481481,14.444444444444443,74.07407407407408,7.4074074074074066,66.66666666666666
E00097287,243,59,26,33,184,19,165,24.279835390946502,10.699588477366255,13.580246913580247,75.7201646090535,7.818930041152264,67.90123456790124
E00097288,260,52,21,31,208,17,191,20,8.076923076923077,11.923076923076923,80,6.538461538461539,73.46153846153847
E00097289,252,62,26,36,190,9,181,24.6031746031746,10.317460317460316,14.285714285714285,75.39682539682539,3.571428571428571,71.82539682539682
E00097290,297,87,54,33,210,13,197,29.292929292929294,18.181818181818183,11.11111111111111,70.70707070707071,4.377104377104377,66.32996632996633
E00097291,260,57,25,32,203,15,188,21.923076923076923,9.615384615384617,12.307692307692308,78.07692307692308,5.769230769230769,72.3076923076923
E00097292,316,57,25,32,259,16,243,18.037974683544302,7.9113924050632916,10.126582278481013,81.9620253164557,5.063291139240507,76.89873417721519
E00097293,313,48,26,22,265,17,248,15.335463258785943,8.30670926517572,7.0287539936102235,84.66453674121406,5.431309904153355,79.2332268370607
E00097294,294,83,48,35,211,9,202,28.2312925170068,16.3265306122449,11.904761904761903,71.7687074829932,3.061224489795918,68.70748299319727
E00097295,512,79,18,61,433,40,393,15.4296875,3.515625,11.9140625,84.5703125,7.8125,76.7578125
E00097296,346,53,24,29,293,28,265,15.31791907514451,6.9364161849710975,8.38150289017341,84.6820809248555,8.092485549132949,76.58959537572254
E00097297,370,91,63,28,279,26,253,24.594594594594597,17.027027027027028,7.567567567567568,75.4054054054054,7.027027027027027,68.37837837837839
E00097299,301,56,12,44,245,28,217,18.6046511627907,3.9867109634551494,14.61794019933555,81.3953488372093,9.30232558139535,72.09302325581395
E00097301,223,27,9,18,196,29,167,12.10762331838565,4.0358744394618835,8.071748878923767,87.89237668161435,13.004484304932735,74.88789237668162
E00097302,255,36,9,27,219,26,193,14.117647058823529,3.5294117647058822,10.588235294117647,85.88235294117646,10.196078431372548,75.68627450980392
E00097303,252,52,21,31,200,24,176,20.634920634920633,8.333333333333332,12.3015873015873,79.36507936507937,9.523809523809524,69.84126984126983
E00097304,355,49,15,34,306,32,274,13.802816901408452,4.225352112676056,9.577464788732394,86.19718309859155,9.014084507042254,77.1830985915493
E00097305,451,61,22,39,390,41,349,13.52549889135255,4.878048780487805,8.647450110864744,86.47450110864744,9.090909090909092,77.38359201773835
E00097306,385,56,27,29,329,39,290,14.545454545454545,7.012987012987012,7.532467532467532,85.45454545454545,10.129870129870131,75.32467532467533
E00097307,390,42,20,22,348,33,315,10.76923076923077,5.128205128205128,5.641025641025641,89.23076923076924,8.461538461538462,80.76923076923077
E00097308,270,37,14,23,233,21,212,13.703703703703704,5.185185185185185,8.518518518518519,86.29629629629629,7.777777777777778,78.51851851851852
E00097309,309,42,17,25,267,16,251,13.592233009708737,5.501618122977346,8.090614886731391,86.40776699029125,5.177993527508091,81.22977346278317
E00097310,218,36,12,24,182,10,172,16.51376146788991,5.5045871559633035,11.009174311926607,83.4862385321101,4.587155963302752,78.89908256880734
E00097311,317,76,30,46,241,27,214,23.974763406940063,9.46372239747634,14.511041009463725,76.02523659305994,8.517350157728707,67.50788643533123
E00097312,237,44,20,24,193,23,170,18.565400843881857,8.438818565400844,10.126582278481013,81.43459915611815,9.70464135021097,71.72995780590718
E00097313,274,63,33,30,211,18,193,22.99270072992701,12.043795620437956,10.948905109489052,77.00729927007299,6.569343065693431,70.43795620437956
E00097314,318,71,26,45,247,24,223,22.32704402515723,8.176100628930817,14.150943396226415,77.67295597484278,7.547169811320755,70.12578616352201
E00097315,263,59,19,40,204,26,178,22.433460076045627,7.224334600760455,15.209125475285171,77.56653992395437,9.885931558935361,67.68060836501901
E00097316,290,47,15,32,243,24,219,16.206896551724135,5.172413793103448,11.03448275862069,83.79310344827586,8.275862068965518,75.51724137931033
E00097317,251,56,25,31,195,21,174,22.31075697211155,9.9601593625498,12.350597609561753,77.68924302788844,8.366533864541832,69.32270916334662
E00097318,188,61,33,28,127,11,116,32.4468085106383,17.5531914893617,14.893617021276595,67.5531914893617,5.851063829787234,61.702127659574465
E00097319,240,64,36,28,176,16,160,26.666666666666668,15,11.666666666666666,73.33333333333333,6.666666666666667,66.66666666666666
E00097320,197,49,30,19,148,24,124,24.873096446700508,15.228426395939088,9.644670050761421,75.1269035532995,12.18274111675127,62.944162436548226
E00097321,237,52,15,37,185,13,172,21.940928270042196,6.329113924050633,15.611814345991561,78.05907172995781,5.485232067510549,72.57383966244726
E00097322,233,56,23,33,177,17,160,24.034334763948497,9.871244635193133,14.163090128755366,75.9656652360515,7.296137339055794,68.6695278969957
E00097324,189,29,13,16,160,17,143,15.343915343915343,6.878306878306878,8.465608465608465,84.65608465608466,8.994708994708994,75.66137566137566
E00097325,310,35,10,25,275,17,258,11.29032258064516,3.225806451612903,8.064516129032258,88.70967741935483,5.483870967741936,83.22580645161291
E00097326,301,54,23,31,247,13,234,17.940199335548172,7.641196013289036,10.299003322259136,82.05980066445183,4.318936877076411,77.74086378737542
E00097327,292,46,18,28,246,14,232,15.753424657534246,6.164383561643835,9.58904109589041,84.24657534246576,4.794520547945205,79.45205479452055
E00171977,364,101,72,29,263,25,238,27.747252747252748,19.78021978021978,7.967032967032966,72.25274725274726,6.868131868131869,65.38461538461539
E00171978,187,21,7,14,166,19,147,11.229946524064172,3.7433155080213902,7.4866310160427805,88.77005347593582,10.16042780748663,78.6096256684492
E00171979,246,46,12,34,200,19,181,18.69918699186992,4.878048780487805,13.821138211382115,81.30081300813008,7.723577235772358,73.57723577235772
E00171980,194,30,9,21,164,11,153,15.463917525773196,4.639175257731959,10.824742268041238,84.5360824742268,5.670103092783505,78.8659793814433
E00171981,162,13,4,9,149,17,132,8.024691358024691,2.4691358024691357,5.555555555555555,91.9753086419753,10.493827160493826,81.48148148148148
E00171982,261,37,19,18,224,20,204,14.17624521072797,7.2796934865900385,6.896551724137931,85.82375478927203,7.662835249042145,78.16091954022988
E00171983,344,29,12,17,315,24,291,8.430232558139535,3.488372093023256,4.941860465116279,91.56976744186046,6.976744186046512,84.59302325581395
E00171984,332,31,15,16,301,13,288,9.33734939759036,4.518072289156627,4.819277108433735,90.66265060240963,3.91566265060241,86.74698795180723
E00171985,280,21,4,17,259,26,233,7.5,1.4285714285714286,6.071428571428571,92.5,9.285714285714286,83.21428571428572
E00171986,307,41,12,29,266,18,248,13.355048859934854,3.908794788273615,9.446254071661238,86.64495114006515,5.863192182410423,80.78175895765473
E00171988,357,80,46,34,277,22,255,22.408963585434176,12.885154061624648,9.523809523809524,77.59103641456583,6.162464985994398,71.42857142857143
E00171989,280,58,27,31,222,12,210,20.714285714285715,9.642857142857144,11.071428571428571,79.28571428571428,4.285714285714286,75
E00171990,215,29,11,18,186,18,168,13.488372093023257,5.116279069767442,8.372093023255815,86.51162790697674,8.372093023255815,78.13953488372093
E00179286,362,53,16,37,309,33,276,14.64088397790055,4.41988950276243,10.220994475138122,85.35911602209944,9.116022099447514,76.24309392265194
E00179290,336,41,13,28,295,23,272,12.202380952380953,3.869047619047619,8.333333333333332,87.79761904761905,6.845238095238096,80.95238095238095
E00179291,337,50,17,33,287,27,260,14.836795252225517,5.044510385756676,9.792284866468842,85.16320474777447,8.011869436201781,77.1513353115727
E00179293,400,40,9,31,360,26,334,10,2.25,7.75,90,6.5,83.5
E00179300,448,55,23,32,393,26,367,12.276785714285714,5.133928571428571,7.142857142857142,87.72321428571429,5.803571428571429,81.91964285714286
E00179302,202,40,20,20,162,14,148,19.801980198019802,9.900990099009901,9.900990099009901,80.19801980198021,6.9306930693069315,73.26732673267327
E00179303,515,57,17,40,458,40,418,11.067961165048544,3.300970873786408,7.766990291262135,88.93203883495146,7.766990291262135,81.16504854368932
E00179305,140,15,6,9,125,8,117,10.714285714285714,4.285714285714286,6.428571428571428,89.28571428571429,5.714285714285714,83.57142857142857
E00179306,181,69,52,17,112,8,104,38.12154696132597,28.7292817679558,9.392265193370166,61.87845303867403,4.41988950276243,57.4585635359116
E00179311,161,29,7,22,132,8,124,18.012422360248447,4.3478260869565215,13.664596273291925,81.98757763975155,4.968944099378882,77.01863354037268
E00179314,135,15,6,9,120,5,115,11.11111111111111,4.444444444444445,6.666666666666667,88.88888888888889,3.7037037037037033,85.18518518518519
E00179319,343,28,9,19,315,17,298,8.16326530612245,2.623906705539359,5.539358600583091,91.83673469387756,4.956268221574344,86.88046647230321
E00179320,407,50,18,32,357,31,326,12.285012285012286,4.422604422604422,7.862407862407863,87.71498771498771,7.616707616707617,80.0982800982801
E00179321,578,56,14,42,522,29,493,9.688581314878892,2.422145328719723,7.26643598615917,90.3114186851211,5.017301038062284,85.29411764705883
E00179322,171,25,11,14,146,12,134,14.619883040935672,6.432748538011696,8.187134502923977,85.38011695906432,7.017543859649122,78.3625730994152
E00179324,295,34,13,21,261,26,235,11.525423728813559,4.406779661016949,7.118644067796611,88.47457627118645,8.813559322033898,79.66101694915254
E00179325,216,17,5,12,199,19,180,7.87037037037037,2.314814814814815,5.555555555555555,92.12962962962963,8.796296296296296,83.33333333333334
E00179327,426,53,24,29,373,20,353,12.44131455399061,5.633802816901409,6.807511737089202,87.55868544600939,4.694835680751173,82.86384976525821
E00179330,227,43,12,31,184,18,166,18.94273127753304,5.286343612334802,13.656387665198238,81.05726872246696,7.929515418502203,73.12775330396477
E00179333,321,47,11,36,274,21,253,14.641744548286603,3.4267912772585665,11.214953271028037,85.35825545171339,6.5420560747663545,78.81619937694704
E00179334,572,59,18,41,513,37,476,10.314685314685315,3.146853146853147,7.167832167832168,89.6853146853147,6.468531468531468,83.21678321678321
E00179342,131,22,7,15,109,14,95,16.793893129770993,5.343511450381679,11.450381679389313,83.20610687022901,10.687022900763358,72.51908396946564
E00179343,264,44,16,28,220,31,189,16.666666666666664,6.0606060606060606,10.606060606060606,83.33333333333334,11.742424242424242,71.5909090909091
E00179344,126,15,2,13,111,14,97,11.904761904761903,1.5873015873015872,10.317460317460316,88.09523809523809,11.11111111111111,76.98412698412699
E00179345,323,44,22,22,279,35,244,13.622291021671826,6.811145510835913,6.811145510835913,86.37770897832817,10.8359133126935,75.54179566563467
E00179346,422,55,21,34,367,38,329,13.033175355450238,4.976303317535545,8.056872037914692,86.96682464454977,9.004739336492891,77.96208530805687
E00179347,336,62,28,34,274,28,246,18.452380952380953,8.333333333333332,10.119047619047619,81.54761904761905,8.333333333333332,73.21428571428571
E00179348,482,51,11,40,431,39,392,10.58091286307054,2.2821576763485476,8.29875518672199,89.41908713692946,8.091286307053942,81.32780082987551
