OA,ts0380001,ts0380002,ts0380003,ts0380004,ts0380005,ts0380006,ts0380007,ts0380002_PCT,ts0380003_PCT,ts0380004_PCT,ts0380005_PCT,ts0380006_PCT,ts0380007_PCT
E00119782,290,37,8,29,253,34,219,12.758620689655173,2.7586206896551726,10,87.24137931034483,11.724137931034482,75.51724137931033
E00119783,345,30,8,22,315,26,289,8.695652173913043,2.318840579710145,6.3768115942028984,91.30434782608695,7.536231884057972,83.76811594202898
E00119784,313,43,13,30,270,19,251,13.738019169329075,4.15335463258786,9.584664536741213,86.26198083067092,6.070287539936102,80.19169329073482
E00119785,403,61,19,42,342,33,309,15.136476426799009,4.714640198511166,10.421836228287841,84.863523573201,8.188585607940446,76.67493796526055
E00119786,324,39,15,24,285,38,247,12.037037037037036,4.62962962962963,7.4074074074074066,87.96296296296296,11.728395061728394,76.23456790123457
E00119787,306,33,9,24,273,31,242,10.784313725490197,2.941176470588235,7.8431372549019605,89.2156862745098,10.130718954248366,79.08496732026144
E00119788,290,32,9,23,258,21,237,11.03448275862069,3.103448275862069,7.931034482758621,88.96551724137932,7.241379310344828,81.72413793103448
E00119789,325,50,13,37,275,23,252,15.384615384615385,4,11.384615384615385,84.61538461538461,7.076923076923077,77.53846153846153
E00119790,234,30,7,23,204,12,192,12.82051282051282,2.9914529914529915,9.82905982905983,87.17948717948718,5.128205128205128,82.05128205128204
E00119791,466,74,20,54,392,45,347,15.879828326180256,4.291845493562231,11.587982832618025,84.12017167381974,9.656652360515022,74.46351931330472
E00119792,321,47,13,34,274,23,251,14.641744548286603,4.049844236760125,10.59190031152648,85.35825545171339,7.165109034267912,78.19314641744548
E00119793,249,31,7,24,218,29,189,12.449799196787147,2.8112449799196786,9.63855421686747,87.55020080321285,11.646586345381527,75.90361445783132
E00119794,260,24,6,18,236,23,213,9.230769230769232,2.307692307692308,6.923076923076923,90.76923076923077,8.846153846153847,81.92307692307692
E00119795,274,35,6,29,239,22,217,12.773722627737227,2.18978102189781,10.583941605839415,87.22627737226277,8.02919708029197,79.1970802919708
E00119796,362,31,5,26,331,35,296,8.56353591160221,1.3812154696132597,7.18232044198895,91.4364640883978,9.668508287292818,81.76795580110497
E00119797,262,40,9,31,222,37,185,15.267175572519085,3.435114503816794,11.83206106870229,84.7328244274809,14.122137404580155,70.61068702290076
E00119798,256,24,5,19,232,24,208,9.375,1.953125,7.421875,90.625,9.375,81.25
E00119799,360,82,39,43,278,31,247,22.77777777777778,10.833333333333334,11.944444444444445,77.22222222222223,8.61111111111111,68.61111111111111
E00119800,335,87,54,33,248,30,218,25.970149253731346,16.119402985074625,9.850746268656717,74.02985074626865,8.955223880597014,65.07462686567163
E00119801,484,88,49,39,396,34,362,18.181818181818183,10.12396694214876,8.057851239669422,81.81818181818183,7.024793388429752,74.79338842975206
E00119802,292,34,10,24,258,32,226,11.643835616438356,3.4246575342465753,8.21917808219178,88.35616438356165,10.95890410958904,77.3972602739726
E00119803,315,72,29,43,243,26,217,22.857142857142858,9.206349206349207,13.65079365079365,77.14285714285715,8.253968253968253,68.88888888888889
E00119804,287,42,19,23,245,28,217,14.634146341463413,6.620209059233449,8.013937282229964,85.36585365853658,9.75609756097561,75.60975609756098
E00119805,340,53,14,39,287,31,256,15.588235294117647,4.117647058823529,11.470588235294118,84.41176470588235,9.117647058823529,75.29411764705883
E00119806,352,55,30,25,297,23,274,15.625,8.522727272727272,7.1022727272727275,84.375,6.534090909090909,77.8409090909091
E00119807,118,36,15,21,82,11,71,30.508474576271187,12.711864406779661,17.796610169491526,69.49152542372882,9.322033898305085,60.16949152542372
E00119808,176,22,8,14,154,13,141,12.5,4.545454545454546,7.954545454545454,87.5,7.386363636363637,80.11363636363636
E00119809,331,90,41,49,241,20,221,27.19033232628399,12.386706948640484,14.803625377643503,72.80966767371602,6.042296072507553,66.76737160120845
E00119810,330,42,17,25,288,23,265,12.727272727272727,5.151515151515151,7.575757575757576,87.27272727272727,6.969696969696971,80.3030303030303
E00119811,280,51,20,31,229,28,201,18.21428571428571,7.142857142857142,11.071428571428571,81.78571428571428,10,71.78571428571429
E00119812,395,107,44,63,288,36,252,27.088607594936708,11.139240506329113,15.949367088607595,72.9113924050633,9.113924050632912,63.79746835443038
E00119813,288,45,17,28,243,20,223,15.625,5.902777777777778,9.722222222222223,84.375,6.944444444444445,77.43055555555556
E00119814,299,60,11,49,239,17,222,20.066889632107024,3.678929765886288,16.387959866220736,79.93311036789298,5.68561872909699,74.24749163879598
E00119815,429,62,17,45,367,34,333,14.452214452214452,3.9627039627039626,10.48951048951049,85.54778554778555,7.925407925407925,77.62237762237763
E00119816,304,49,24,25,255,33,222,16.11842105263158,7.894736842105263,8.223684210526317,83.88157894736842,10.855263157894738,73.02631578947368
E00119817,402,55,20,35,347,25,322,13.681592039800993,4.975124378109453,8.706467661691542,86.31840796019901,6.218905472636816,80.09950248756219
E00119818,266,42,15,27,224,29,195,15.789473684210526,5.639097744360902,10.150375939849624,84.21052631578947,10.902255639097744,73.30827067669173
E00119819,302,40,13,27,262,21,241,13.245033112582782,4.304635761589404,8.940397350993377,86.75496688741721,6.95364238410596,79.80132450331125
E00119820,308,49,13,36,259,31,228,15.909090909090908,4.220779220779221,11.688311688311687,84.0909090909091,10.064935064935066,74.02597402597402
E00119821,373,67,22,45,306,26,280,17.962466487935657,5.898123324396782,12.064343163538874,82.03753351206434,6.970509383378016,75.06702412868633
E00119822,242,70,30,40,172,25,147,28.92561983471074,12.396694214876034,16.528925619834713,71.07438016528926,10.330578512396695,60.74380165289256
E00119823,221,51,15,36,170,19,151,23.076923076923077,6.787330316742081,16.289592760180994,76.92307692307693,8.597285067873303,68.32579185520362
E00119824,334,50,22,28,284,26,258,14.97005988023952,6.58682634730539,8.383233532934131,85.02994011976048,7.784431137724551,77.24550898203593
E00119825,424,77,32,45,347,28,319,18.160377358490564,7.547169811320755,10.61320754716981,81.83962264150944,6.60377358490566,75.23584905660378
E00119826,252,90,46,44,162,25,137,35.714285714285715,18.253968253968253,17.46031746031746,64.28571428571429,9.920634920634921,54.36507936507936
E00119827,313,29,8,21,284,27,257,9.26517571884984,2.5559105431309903,6.7092651757188495,90.73482428115017,8.626198083067091,82.10862619808307
E00119828,369,69,40,29,300,24,276,18.69918699186992,10.840108401084011,7.8590785907859075,81.30081300813008,6.504065040650407,74.79674796747967
E00119829,387,66,22,44,321,25,296,17.05426356589147,5.684754521963824,11.369509043927648,82.94573643410853,6.459948320413436,76.48578811369508
E00119830,357,40,11,29,317,30,287,11.204481792717088,3.081232492997199,8.123249299719888,88.79551820728291,8.403361344537815,80.3921568627451
E00119831,259,37,7,30,222,23,199,14.285714285714285,2.7027027027027026,11.583011583011583,85.71428571428571,8.880308880308881,76.83397683397683
E00119832,333,41,11,30,292,26,266,12.312312312312311,3.303303303303303,9.00900900900901,87.68768768768768,7.807807807807808,79.87987987987988
E00119833,254,46,12,34,208,18,190,18.11023622047244,4.724409448818897,13.385826771653544,81.88976377952756,7.086614173228346,74.80314960629921
E00119834,351,54,21,33,297,23,274,15.384615384615385,5.982905982905983,9.401709401709402,84.61538461538461,6.552706552706552,78.06267806267806
E00119835,268,66,30,36,202,27,175,24.62686567164179,11.194029850746269,13.432835820895523,75.3731343283582,10.074626865671641,65.29850746268657
E00119836,263,31,9,22,232,27,205,11.787072243346007,3.4220532319391634,8.365019011406844,88.212927756654,10.26615969581749,77.9467680608365
E00119837,406,47,16,31,359,16,343,11.576354679802956,3.9408866995073892,7.635467980295567,88.42364532019704,3.9408866995073892,84.48275862068965
E00119838,269,71,37,34,198,10,188,26.394052044609666,13.754646840148698,12.639405204460965,73.60594795539033,3.717472118959108,69.88847583643123
E00119839,269,48,17,31,221,28,193,17.843866171003718,6.319702602230483,11.524163568773234,82.15613382899627,10.408921933085502,71.74721189591078
E00119840,263,38,9,29,225,25,200,14.44866920152091,3.4220532319391634,11.02661596958175,85.55133079847909,9.505703422053232,76.04562737642586
E00119841,408,50,17,33,358,44,314,12.254901960784313,4.166666666666666,8.088235294117647,87.74509803921569,10.784313725490197,76.9607843137255
E00119842,441,46,22,24,395,30,365,10.430839002267573,4.988662131519274,5.442176870748299,89.56916099773242,6.802721088435375,82.76643990929705
E00119843,332,51,15,36,281,29,252,15.36144578313253,4.518072289156627,10.843373493975903,84.63855421686746,8.734939759036145,75.90361445783132
E00119844,370,81,33,48,289,34,255,21.891891891891895,8.91891891891892,12.972972972972974,78.10810810810811,9.18918918918919,68.91891891891892
E00119845,167,22,6,16,145,10,135,13.17365269461078,3.592814371257485,9.580838323353294,86.82634730538922,5.9880239520958085,80.83832335329342
E00119846,142,21,8,13,121,6,115,14.788732394366196,5.633802816901409,9.15492957746479,85.2112676056338,4.225352112676056,80.98591549295774
E00119847,343,56,21,35,287,37,250,16.3265306122449,6.122448979591836,10.204081632653061,83.6734693877551,10.787172011661808,72.8862973760933
E00119848,311,46,15,31,265,22,243,14.790996784565916,4.823151125401929,9.967845659163988,85.20900321543408,7.07395498392283,78.13504823151125
E00119849,155,28,12,16,127,8,119,18.064516129032256,7.741935483870968,10.32258064516129,81.93548387096774,5.161290322580645,76.77419354838709
E00119850,123,16,1,15,107,12,95,13.008130081300814,0.8130081300813009,12.195121951219512,86.99186991869918,9.75609756097561,77.23577235772358
E00119853,515,54,14,40,461,30,431,10.485436893203884,2.7184466019417477,7.766990291262135,89.51456310679612,5.825242718446602,83.68932038834951
E00119854,256,85,60,25,171,20,151,33.203125,23.4375,9.765625,66.796875,7.8125,58.984375
E00119855,240,44,14,30,196,15,181,18.333333333333332,5.833333333333333,12.5,81.66666666666667,6.25,75.41666666666667
E00119857,311,85,34,51,226,15,211,27.331189710610932,10.932475884244374,16.39871382636656,72.66881028938906,4.823151125401929,67.84565916398714
E00119858,394,86,54,32,308,38,270,21.82741116751269,13.705583756345177,8.121827411167512,78.1725888324873,9.644670050761421,68.52791878172589
E00119859,301,53,15,38,248,22,226,17.60797342192691,4.983388704318937,12.624584717607974,82.39202657807309,7.308970099667775,75.08305647840533
E00119860,166,17,7,10,149,9,140,10.240963855421686,4.216867469879518,6.024096385542169,89.7590361445783,5.421686746987952,84.33734939759037
E00119861,239,41,14,27,198,18,180,17.154811715481173,5.857740585774058,11.297071129707113,82.84518828451883,7.531380753138076,75.31380753138075
E00119862,315,56,24,32,259,27,232,17.77777777777778,7.6190476190476195,10.158730158730158,82.22222222222221,8.571428571428571,73.65079365079366
E00119864,254,45,11,34,209,21,188,17.716535433070867,4.330708661417323,13.385826771653544,82.28346456692913,8.267716535433072,74.01574803149606
E00119865,430,49,17,32,381,31,350,11.395348837209303,3.953488372093023,7.441860465116279,88.60465116279069,7.209302325581396,81.3953488372093
E00119866,351,37,10,27,314,38,276,10.541310541310542,2.849002849002849,7.6923076923076925,89.45868945868945,10.826210826210826,78.63247863247864
E00119867,252,59,25,34,193,19,174,23.41269841269841,9.920634920634921,13.492063492063492,76.5873015873016,7.5396825396825395,69.04761904761905
E00119868,333,52,15,37,281,17,264,15.615615615615615,4.504504504504505,11.11111111111111,84.38438438438438,5.105105105105105,79.27927927927928
E00119869,306,48,21,27,258,23,235,15.686274509803921,6.862745098039216,8.823529411764707,84.31372549019608,7.516339869281046,76.79738562091504
E00119870,384,59,22,37,325,35,290,15.364583333333334,5.729166666666666,9.635416666666668,84.63541666666666,9.114583333333332,75.52083333333334
E00119871,357,47,19,28,310,29,281,13.165266106442578,5.322128851540616,7.8431372549019605,86.83473389355743,8.123249299719888,78.71148459383754
E00119872,352,49,11,38,303,35,268,13.920454545454545,3.125,10.795454545454545,86.07954545454545,9.943181818181818,76.13636363636364
E00119873,272,43,10,33,229,25,204,15.808823529411764,3.6764705882352944,12.132352941176471,84.19117647058823,9.191176470588236,75
E00119874,216,25,2,23,191,23,168,11.574074074074074,0.9259259259259258,10.648148148148149,88.42592592592592,10.648148148148149,77.77777777777779
E00119875,352,40,19,21,312,22,290,11.363636363636363,5.3977272727272725,5.965909090909091,88.63636363636364,6.25,82.38636363636364
E00119876,336,26,7,19,310,27,283,7.738095238095238,2.083333333333333,5.654761904761905,92.26190476190477,8.035714285714286,84.22619047619048
E00119877,314,33,9,24,281,31,250,10.509554140127388,2.8662420382165608,7.643312101910828,89.49044585987261,9.872611464968154,79.61783439490446
E00119878,290,45,11,34,245,21,224,15.517241379310345,3.793103448275862,11.724137931034482,84.48275862068965,7.241379310344828,77.24137931034483
E00119879,375,34,13,21,341,24,317,9.066666666666666,3.4666666666666663,5.6000000000000005,90.93333333333334,6.4,84.53333333333333
E00119880,297,33,13,20,264,37,227,11.11111111111111,4.377104377104377,6.7340067340067336,88.88888888888889,12.457912457912458,76.43097643097643
E00119881,328,36,13,23,292,24,268,10.975609756097562,3.9634146341463414,7.01219512195122,89.02439024390245,7.317073170731707,81.70731707317073
E00119882,253,61,29,32,192,20,172,24.110671936758894,11.462450592885375,12.648221343873518,75.8893280632411,7.905138339920949,67.98418972332016
E00119883,284,33,15,18,251,22,229,11.619718309859154,5.28169014084507,6.338028169014084,88.38028169014085,7.746478873239436,80.63380281690141
E00119884,403,57,14,43,346,34,312,14.1439205955335,3.4739454094292808,10.669975186104217,85.8560794044665,8.436724565756824,77.41935483870968
E00119885,235,30,10,20,205,15,190,12.76595744680851,4.25531914893617,8.51063829787234,87.2340425531915,6.382978723404255,80.85106382978722
E00119886,329,39,19,20,290,30,260,11.854103343465045,5.775075987841945,6.079027355623101,88.14589665653494,9.118541033434651,79.0273556231003
E00119887,426,55,12,43,371,40,331,12.910798122065728,2.8169014084507045,10.093896713615024,87.08920187793427,9.389671361502346,77.69953051643192
E00119888,323,66,24,42,257,13,244,20.43343653250774,7.430340557275541,13.003095975232199,79.56656346749226,4.024767801857585,75.54179566563467
E00119889,292,41,16,25,251,24,227,14.04109589041096,5.47945205479452,8.561643835616438,85.95890410958904,8.21917808219178,77.73972602739725
E00119890,253,45,15,30,208,22,186,17.786561264822133,5.928853754940711,11.857707509881422,82.21343873517787,8.695652173913043,73.51778656126481
E00119891,310,41,11,30,269,38,231,13.225806451612904,3.5483870967741935,9.67741935483871,86.7741935483871,12.258064516129032,74.51612903225806
E00119892,347,43,14,29,304,24,280,12.39193083573487,4.034582132564841,8.357348703170029,87.60806916426513,6.9164265129683,80.69164265129683
E00119893,347,58,17,41,289,23,266,16.714697406340058,4.899135446685879,11.815561959654179,83.28530259365994,6.628242074927954,76.657060518732
E00119894,335,46,17,29,289,32,257,13.73134328358209,5.074626865671641,8.656716417910449,86.26865671641791,9.55223880597015,76.71641791044776
E00119895,247,49,13,36,198,27,171,19.838056680161944,5.263157894736842,14.5748987854251,80.16194331983806,10.931174089068826,69.23076923076923
E00119896,465,59,24,35,406,24,382,12.688172043010754,5.161290322580645,7.526881720430108,87.31182795698925,5.161290322580645,82.15053763440861
E00119897,321,24,4,20,297,41,256,7.476635514018691,1.2461059190031152,6.230529595015576,92.5233644859813,12.77258566978193,79.75077881619937
E00119898,297,59,18,41,238,27,211,19.865319865319865,6.0606060606060606,13.804713804713806,80.13468013468014,9.090909090909092,71.04377104377105
E00119899,364,64,35,29,300,41,259,17.582417582417584,9.615384615384617,7.967032967032966,82.41758241758241,11.263736263736265,71.15384615384616
E00119900,261,43,10,33,218,26,192,16.47509578544061,3.8314176245210727,12.643678160919542,83.5249042145594,9.961685823754788,73.5632183908046
E00119901,281,24,4,20,257,19,238,8.540925266903916,1.4234875444839856,7.11743772241993,91.45907473309609,6.761565836298933,84.69750889679716
E00119902,324,33,9,24,291,25,266,10.185185185185185,2.7777777777777777,7.4074074074074066,89.81481481481481,7.716049382716049,82.09876543209876
E00119903,292,38,13,25,254,22,232,13.013698630136986,4.4520547945205475,8.561643835616438,86.98630136986301,7.534246575342466,79.45205479452055
E00119904,395,26,7,19,369,34,335,6.582278481012659,1.7721518987341773,4.810126582278481,93.41772151898734,8.60759493670886,84.81012658227847
E00119905,314,38,12,26,276,23,253,12.101910828025478,3.821656050955414,8.280254777070063,87.89808917197452,7.32484076433121,80.57324840764332
E00119906,403,51,19,32,352,35,317,12.655086848635236,4.714640198511166,7.94044665012407,87.34491315136476,8.6848635235732,78.66004962779157
E00119907,278,46,10,36,232,28,204,16.546762589928058,3.5971223021582732,12.949640287769784,83.45323741007195,10.071942446043165,73.38129496402878
E00119908,322,28,10,18,294,22,272,8.695652173913043,3.1055900621118013,5.590062111801243,91.30434782608695,6.832298136645963,84.472049689441
E00119909,343,52,15,37,291,39,252,15.160349854227405,4.373177842565598,10.787172011661808,84.8396501457726,11.370262390670554,73.46938775510205
E00119910,342,56,20,36,286,21,265,16.374269005847953,5.847953216374268,10.526315789473683,83.62573099415205,6.140350877192982,77.48538011695906
E00119911,377,47,13,34,330,39,291,12.46684350132626,3.4482758620689653,9.018567639257293,87.53315649867373,10.344827586206897,77.18832891246684
E00119912,228,33,18,15,195,21,174,14.473684210526317,7.894736842105263,6.578947368421052,85.52631578947368,9.210526315789473,76.31578947368422
E00119913,227,41,14,27,186,25,161,18.06167400881057,6.167400881057269,11.894273127753303,81.93832599118943,11.013215859030836,70.92511013215858
E00119914,294,60,27,33,234,16,218,20.408163265306122,9.183673469387756,11.224489795918368,79.59183673469387,5.442176870748299,74.14965986394559
E00119915,351,65,30,35,286,23,263,18.51851851851852,8.547008547008547,9.971509971509972,81.48148148148148,6.552706552706552,74.92877492877493
E00119916,366,57,18,39,309,26,283,15.573770491803279,4.918032786885246,10.655737704918032,84.42622950819673,7.103825136612022,77.3224043715847
E00119917,262,47,26,21,215,12,203,17.938931297709924,9.923664122137405,8.015267175572518,82.06106870229007,4.580152671755725,77.48091603053436
E00119918,363,76,31,45,287,21,266,20.9366391184573,8.539944903581267,12.396694214876034,79.06336088154269,5.785123966942149,73.27823691460054
E00119919,331,72,23,49,259,20,239,21.75226586102719,6.948640483383686,14.803625377643503,78.24773413897282,6.042296072507553,72.20543806646525
E00119920,177,53,17,36,124,12,112,29.943502824858758,9.6045197740113,20.33898305084746,70.05649717514125,6.779661016949152,63.2768361581921
E00119921,365,65,27,38,300,25,275,17.80821917808219,7.397260273972603,10.41095890410959,82.1917808219178,6.8493150684931505,75.34246575342466
E00119922,319,64,26,38,255,22,233,20.06269592476489,8.150470219435736,11.912225705329153,79.9373040752351,6.896551724137931,73.04075235109718
E00119923,174,54,28,26,120,8,112,31.03448275862069,16.091954022988507,14.942528735632186,68.96551724137932,4.597701149425287,64.36781609195403
E00119924,239,56,26,30,183,12,171,23.430962343096233,10.87866108786611,12.552301255230125,76.56903765690377,5.02092050209205,71.54811715481172
E00119925,274,70,29,41,204,17,187,25.547445255474454,10.583941605839415,14.963503649635038,74.45255474452554,6.204379562043796,68.24817518248175
E00119926,429,80,30,50,349,21,328,18.64801864801865,6.993006993006993,11.655011655011654,81.35198135198135,4.895104895104895,76.45687645687646
E00119927,433,59,17,42,374,30,344,13.625866050808314,3.9260969976905313,9.699769053117784,86.37413394919169,6.928406466512701,79.44572748267899
E00119928,300,35,10,25,265,32,233,11.666666666666666,3.3333333333333335,8.333333333333332,88.33333333333333,10.666666666666668,77.66666666666666
E00119930,370,94,57,37,276,35,241,25.405405405405407,15.405405405405407,10,74.5945945945946,9.45945945945946,65.13513513513513
E00119931,425,75,33,42,350,38,312,17.647058823529413,7.764705882352942,9.88235294117647,82.35294117647058,8.941176470588236,73.41176470588235
E00119933,339,31,2,29,308,24,284,9.144542772861357,0.5899705014749262,8.55457227138643,90.85545722713864,7.079646017699115,83.77581120943954
E00119934,199,58,28,30,141,16,125,29.145728643216078,14.07035175879397,15.07537688442211,70.85427135678391,8.040201005025125,62.8140703517588
E00119935,290,27,3,24,263,23,240,9.310344827586208,1.0344827586206897,8.275862068965518,90.6896551724138,7.931034482758621,82.75862068965517
E00119936,357,39,11,28,318,37,281,10.92436974789916,3.081232492997199,7.8431372549019605,89.07563025210085,10.364145658263306,78.71148459383754
E00119937,360,37,7,30,323,22,301,10.277777777777777,1.9444444444444444,8.333333333333332,89.72222222222223,6.111111111111111,83.61111111111111
E00119938,419,115,64,51,304,27,277,27.44630071599045,15.274463007159905,12.17183770883055,72.55369928400954,6.443914081145586,66.10978520286396
E00119939,428,46,11,35,382,39,343,10.74766355140187,2.570093457943925,8.177570093457943,89.25233644859813,9.11214953271028,80.14018691588785
E00119940,211,49,21,28,162,12,150,23.22274881516588,9.95260663507109,13.270142180094787,76.77725118483413,5.687203791469194,71.09004739336493
E00119941,241,22,5,17,219,33,186,9.12863070539419,2.0746887966804977,7.053941908713693,90.87136929460581,13.692946058091287,77.17842323651453
E00119942,318,35,8,27,283,24,259,11.0062893081761,2.515723270440252,8.49056603773585,88.9937106918239,7.547169811320755,81.44654088050315
E00119943,353,55,10,45,298,33,265,15.58073654390935,2.8328611898017,12.747875354107649,84.41926345609065,9.34844192634561,75.07082152974505
E00119944,335,51,12,39,284,36,248,15.223880597014924,3.582089552238806,11.641791044776118,84.77611940298507,10.746268656716417,74.02985074626865
E00119945,281,27,7,20,254,27,227,9.608540925266903,2.491103202846975,7.11743772241993,90.39145907473309,9.608540925266903,80.78291814946618
E00119946,307,66,29,37,241,24,217,21.49837133550489,9.446254071661238,12.052117263843648,78.50162866449512,7.81758957654723,70.68403908794788
E00119947,253,42,19,23,211,20,191,16.600790513833992,7.5098814229249005,9.090909090909092,83.399209486166,7.905138339920949,75.49407114624506
E00119948,224,26,12,14,198,20,178,11.607142857142858,5.357142857142857,6.25,88.39285714285714,8.928571428571429,79.46428571428571
E00119949,281,38,13,25,243,28,215,13.523131672597867,4.6263345195729535,8.896797153024911,86.47686832740213,9.9644128113879,76.51245551601423
E00119950,266,40,17,23,226,20,206,15.037593984962406,6.390977443609022,8.646616541353383,84.9624060150376,7.518796992481203,77.44360902255639
E00119951,325,54,25,29,271,24,247,16.615384615384617,7.6923076923076925,8.923076923076923,83.38461538461537,7.384615384615385,76
E00119952,350,53,22,31,297,28,269,15.142857142857144,6.2857142857142865,8.857142857142856,84.85714285714285,8,76.85714285714286
E00119953,302,40,12,28,262,32,230,13.245033112582782,3.9735099337748347,9.271523178807946,86.75496688741721,10.596026490066226,76.15894039735099
E00119954,305,34,12,22,271,25,246,11.147540983606557,3.934426229508197,7.213114754098362,88.85245901639345,8.19672131147541,80.65573770491802
E00119955,228,39,11,28,189,17,172,17.105263157894736,4.824561403508771,12.280701754385964,82.89473684210526,7.456140350877193,75.43859649122807
E00119956,361,36,5,31,325,34,291,9.97229916897507,1.3850415512465373,8.587257617728532,90.02770083102493,9.418282548476455,80.60941828254848
E00119957,250,43,11,32,207,12,195,17.2,4.3999999999999995,12.8,82.8,4.8,78
E00119958,511,51,17,34,460,42,418,9.980430528375733,3.326810176125244,6.653620352250488,90.01956947162427,8.21917808219178,81.80039138943248
E00119959,297,43,8,35,254,29,225,14.47811447811448,2.6936026936026933,11.784511784511785,85.52188552188552,9.764309764309765,75.75757575757575
E00119961,367,53,18,35,314,29,285,14.441416893732969,4.904632152588556,9.536784741144414,85.55858310626702,7.901907356948229,77.65667574931881
E00119962,351,47,12,35,304,21,283,13.390313390313391,3.418803418803419,9.971509971509972,86.6096866096866,5.982905982905983,80.62678062678063
E00119963,283,63,23,40,220,19,201,22.261484098939928,8.12720848056537,14.13427561837456,77.73851590106007,6.713780918727916,71.02473498233216
E00119964,220,58,30,28,162,14,148,26.36363636363636,13.636363636363635,12.727272727272727,73.63636363636363,6.363636363636363,67.27272727272727
E00119965,412,83,32,51,329,23,306,20.145631067961165,7.766990291262135,12.37864077669903,79.85436893203884,5.582524271844661,74.27184466019418
E00119966,313,32,6,26,281,35,246,10.223642172523961,1.9169329073482428,8.30670926517572,89.77635782747603,11.182108626198083,78.59424920127796
E00119967,359,60,18,42,299,30,269,16.71309192200557,5.013927576601671,11.699164345403899,83.28690807799443,8.356545961002785,74.93036211699165
E00119968,122,18,5,13,104,19,85,14.754098360655737,4.098360655737705,10.655737704918032,85.24590163934425,15.573770491803279,69.67213114754098
E00119969,278,23,7,16,255,16,239,8.273381294964029,2.5179856115107913,5.755395683453238,91.72661870503596,5.755395683453238,85.97122302158273
E00119970,428,52,18,34,376,35,341,12.149532710280374,4.205607476635514,7.943925233644859,87.85046728971963,8.177570093457943,79.67289719626169
E00119971,342,63,30,33,279,35,244,18.421052631578945,8.771929824561402,9.649122807017543,81.57894736842105,10.23391812865497,71.34502923976608
E00119972,199,35,13,22,164,11,153,17.587939698492463,6.532663316582915,11.055276381909549,82.41206030150754,5.527638190954774,76.88442211055276
E00119973,314,40,17,23,274,36,238,12.738853503184714,5.414012738853503,7.32484076433121,87.26114649681529,11.464968152866243,75.79617834394905
E00119974,348,55,23,32,293,22,271,15.804597701149426,6.609195402298851,9.195402298850574,84.19540229885058,6.321839080459771,77.87356321839081
E00119975,362,91,58,33,271,17,254,25.13812154696133,16.022099447513813,9.116022099447514,74.86187845303867,4.696132596685083,70.1657458563536
E00119976,355,55,23,32,300,27,273,15.492957746478872,6.478873239436619,9.014084507042254,84.50704225352112,7.605633802816901,76.90140845070422
E00119977,123,13,5,8,110,7,103,10.569105691056912,4.0650406504065035,6.504065040650407,89.43089430894308,5.691056910569105,83.73983739837398
E00119978,343,55,23,32,288,19,269,16.034985422740526,6.705539358600583,9.329446064139942,83.96501457725948,5.539358600583091,78.4256559766764
E00119979,360,50,10,40,310,28,282,13.88888888888889,2.7777777777777777,11.11111111111111,86.11111111111111,7.777777777777778,78.33333333333333
E00119980,291,43,10,33,248,20,228,14.776632302405499,3.436426116838488,11.34020618556701,85.2233676975945,6.872852233676976,78.35051546391753
E00119981,383,63,25,38,320,20,300,16.449086161879894,6.527415143603134,9.921671018276761,83.5509138381201,5.221932114882506,78.3289817232376
E00119982,557,85,42,43,472,40,432,15.260323159784562,7.5403949730700175,7.719928186714542,84.73967684021544,7.1813285457809695,77.55834829443447
E00119983,425,43,18,25,382,29,353,10.117647058823529,4.235294117647059,5.88235294117647,89.88235294117646,6.8235294117647065,83.05882352941177
E00119984,249,24,7,17,225,21,204,9.63855421686747,2.8112449799196786,6.827309236947792,90.36144578313254,8.433734939759036,81.92771084337349
E00119985,462,43,10,33,419,35,384,9.307359307359308,2.1645021645021645,7.142857142857142,90.6926406926407,7.575757575757576,83.11688311688312
E00119986,285,59,21,38,226,18,208,20.701754385964914,7.368421052631578,13.333333333333334,79.2982456140351,6.315789473684211,72.98245614035088
E00119987,291,43,12,31,248,32,216,14.776632302405499,4.123711340206185,10.652920962199312,85.2233676975945,10.996563573883162,74.22680412371135
E00119988,327,32,8,24,295,21,274,9.785932721712538,2.4464831804281344,7.339449541284404,90.21406727828746,6.422018348623854,83.79204892966361
E00119989,299,27,10,17,272,28,244,9.03010033444816,3.3444816053511706,5.68561872909699,90.96989966555184,9.364548494983277,81.60535117056857
E00119990,346,64,32,32,282,15,267,18.497109826589593,9.248554913294797,9.248554913294797,81.5028901734104,4.335260115606936,77.16763005780348
E00119991,375,35,10,25,340,29,311,9.333333333333334,2.666666666666667,6.666666666666667,90.66666666666666,7.733333333333333,82.93333333333334
E00119992,531,114,88,26,417,21,396,21.468926553672315,16.57250470809793,4.8964218455743875,78.53107344632768,3.954802259887006,74.57627118644068
E00119993,369,43,12,31,326,34,292,11.653116531165312,3.2520325203252036,8.401084010840108,88.34688346883469,9.214092140921409,79.13279132791328
E00119994,269,41,13,28,228,22,206,15.241635687732341,4.83271375464684,10.408921933085502,84.75836431226766,8.178438661710038,76.57992565055763
E00119995,290,49,22,27,241,26,215,16.896551724137932,7.586206896551724,9.310344827586208,83.10344827586206,8.96551724137931,74.13793103448276
E00119996,363,44,12,32,319,20,299,12.121212121212121,3.3057851239669422,8.81542699724518,87.87878787878788,5.5096418732782375,82.36914600550963
E00119997,340,41,13,28,299,20,279,12.058823529411764,3.823529411764706,8.235294117647058,87.94117647058823,5.88235294117647,82.05882352941177
E00119998,285,45,15,30,240,22,218,15.789473684210526,5.263157894736842,10.526315789473683,84.21052631578947,7.719298245614035,76.49122807017544
E00119999,343,65,29,36,278,31,247,18.950437317784257,8.454810495626822,10.495626822157435,81.04956268221575,9.037900874635568,72.01166180758017
E00120000,287,35,13,22,252,25,227,12.195121951219512,4.529616724738676,7.665505226480835,87.8048780487805,8.710801393728223,79.09407665505228
E00120001,301,39,8,31,262,25,237,12.956810631229235,2.6578073089700998,10.299003322259136,87.04318936877077,8.305647840531561,78.7375415282392
E00120002,207,56,23,33,151,12,139,27.053140096618357,11.11111111111111,15.942028985507244,72.94685990338165,5.797101449275362,67.14975845410628
E00120003,297,62,24,38,235,21,214,20.875420875420875,8.080808080808081,12.794612794612794,79.12457912457911,7.07070707070707,72.05387205387206
E00120004,244,34,11,23,210,15,195,13.934426229508196,4.508196721311475,9.426229508196721,86.0655737704918,6.147540983606557,79.91803278688525
E00120005,288,43,16,27,245,21,224,14.930555555555555,5.555555555555555,9.375,85.06944444444444,7.291666666666667,77.77777777777779
E00120006,304,28,7,21,276,24,252,9.210526315789473,2.302631578947368,6.907894736842106,90.78947368421053,7.894736842105263,82.89473684210526
E00120007,347,48,20,28,299,21,278,13.8328530259366,5.763688760806916,8.069164265129682,86.1671469740634,6.051873198847262,80.11527377521614
E00120008,201,24,6,18,177,19,158,11.940298507462686,2.9850746268656714,8.955223880597014,88.05970149253731,9.45273631840796,78.60696517412936
E00120009,499,76,21,55,423,23,400,15.230460921843688,4.208416833667335,11.022044088176353,84.76953907815631,4.609218436873747,80.16032064128257
E00120011,346,71,33,38,275,33,242,20.520231213872833,9.53757225433526,10.982658959537572,79.47976878612717,9.53757225433526,69.94219653179191
E00120012,344,60,25,35,284,26,258,17.441860465116278,7.267441860465117,10.174418604651162,82.55813953488372,7.55813953488372,75
E00120013,377,106,67,39,271,18,253,28.116710875331563,17.771883289124666,10.344827586206897,71.88328912466844,4.774535809018567,67.10875331564988
E00120015,296,44,16,28,252,26,226,14.864864864864865,5.405405405405405,9.45945945945946,85.13513513513513,8.783783783783784,76.35135135135135
E00120016,351,49,19,30,302,16,286,13.96011396011396,5.413105413105413,8.547008547008547,86.03988603988604,4.5584045584045585,81.48148148148148
E00120017,331,43,11,32,288,38,250,12.990936555891238,3.3232628398791544,9.667673716012084,87.00906344410876,11.48036253776435,75.52870090634441
E00120018,317,59,18,41,258,28,230,18.61198738170347,5.678233438485805,12.933753943217665,81.38801261829653,8.832807570977918,72.55520504731862
E00120019,283,64,20,44,219,21,198,22.614840989399294,7.06713780918728,15.547703180212014,77.3851590106007,7.420494699646643,69.96466431095406
E00120020,284,48,22,26,236,31,205,16.901408450704224,7.746478873239436,9.15492957746479,83.09859154929578,10.915492957746478,72.1830985915493
E00120021,345,72,28,44,273,14,259,20.869565217391305,8.115942028985506,12.753623188405797,79.13043478260869,4.057971014492753,75.07246376811594
E00120022,259,34,9,25,225,27,198,13.127413127413126,3.474903474903475,9.652509652509652,86.87258687258688,10.424710424710424,76.44787644787645
E00120023,248,50,27,23,198,14,184,20.161290322580644,10.887096774193548,9.274193548387096,79.83870967741935,5.64516129032258,74.19354838709677
E00120024,413,72,23,49,341,38,303,17.433414043583532,5.569007263922518,11.864406779661017,82.56658595641646,9.200968523002421,73.36561743341404
E00120025,224,36,11,25,188,17,171,16.071428571428573,4.910714285714286,11.160714285714286,83.92857142857143,7.5892857142857135,76.33928571428571
E00120026,291,65,31,34,226,19,207,22.336769759450174,10.652920962199312,11.683848797250858,77.66323024054984,6.529209621993128,71.1340206185567
E00120027,471,67,24,43,404,30,374,14.225053078556263,5.095541401273886,9.129511677282377,85.77494692144374,6.369426751592357,79.40552016985139
E00120028,352,48,20,28,304,23,281,13.636363636363635,5.681818181818182,7.954545454545454,86.36363636363636,6.534090909090909,79.82954545454545
E00120029,337,70,27,43,267,21,246,20.77151335311573,8.011869436201781,12.759643916913946,79.22848664688428,6.231454005934718,72.99703264094956
E00120030,234,72,19,53,162,14,148,30.76923076923077,8.11965811965812,22.64957264957265,69.23076923076923,5.982905982905983,63.24786324786324
E00120031,220,45,16,29,175,19,156,20.454545454545457,7.2727272727272725,13.18181818181818,79.54545454545455,8.636363636363637,70.9090909090909
E00120032,287,62,20,42,225,21,204,21.602787456445995,6.968641114982578,14.634146341463413,78.397212543554,7.317073170731707,71.0801393728223
E00120033,292,61,22,39,231,19,212,20.89041095890411,7.534246575342466,13.356164383561644,79.1095890410959,6.506849315068493,72.6027397260274
E00120034,334,49,18,31,285,20,265,14.67065868263473,5.389221556886228,9.281437125748502,85.32934131736528,5.9880239520958085,79.34131736526946
E00120035,258,64,28,36,194,19,175,24.8062015503876,10.852713178294573,13.953488372093023,75.1937984496124,7.3643410852713185,67.82945736434108
E00120036,259,54,19,35,205,30,175,20.84942084942085,7.335907335907336,13.513513513513514,79.15057915057915,11.583011583011583,67.56756756756756
E00120037,305,79,38,41,226,25,201,25.901639344262296,12.459016393442624,13.442622950819672,74.09836065573771,8.19672131147541,65.90163934426229
E00120038,286,51,30,21,235,21,214,17.832167832167833,10.48951048951049,7.3426573426573425,82.16783216783216,7.3426573426573425,74.82517482517483
E00120039,295,56,16,40,239,29,210,18.983050847457626,5.423728813559322,13.559322033898304,81.01694915254237,9.830508474576272,71.1864406779661
E00120040,284,84,35,49,200,22,178,29.577464788732392,12.323943661971832,17.253521126760564,70.4225352112676,7.746478873239436,62.676056338028175
E00120041,180,64,20,44,116,15,101,35.55555555555556,11.11111111111111,24.444444444444443,64.44444444444444,8.333333333333332,56.111111111111114
E00120042,280,52,19,33,228,26,202,18.571428571428573,6.785714285714286,11.785714285714285,81.42857142857143,9.285714285714286,72.14285714285714
E00120043,371,62,20,42,309,24,285,16.711590296495956,5.3908355795148255,11.320754716981133,83.28840970350404,6.46900269541779,76.81940700808624
E00120044,296,54,24,30,242,25,217,18.243243243243242,8.108108108108109,10.135135135135135,81.75675675675676,8.445945945945946,73.3108108108108
E00120045,351,57,17,40,294,27,267,16.23931623931624,4.843304843304843,11.396011396011396,83.76068376068376,7.6923076923076925,76.06837606837607
E00120046,436,52,20,32,384,36,348,11.926605504587156,4.587155963302752,7.339449541284404,88.07339449541286,8.256880733944955,79.81651376146789
E00120047,215,24,7,17,191,30,161,11.162790697674419,3.255813953488372,7.906976744186046,88.83720930232558,13.953488372093023,74.88372093023256
E00120048,399,82,35,47,317,26,291,20.551378446115287,8.771929824561402,11.779448621553884,79.4486215538847,6.516290726817042,72.93233082706767
E00120049,180,87,45,42,93,16,77,48.333333333333336,25,23.333333333333332,51.66666666666667,8.88888888888889,42.77777777777778
E00120050,374,77,18,59,297,34,263,20.588235294117645,4.81283422459893,15.775401069518717,79.41176470588235,9.090909090909092,70.32085561497327
E00120051,312,44,22,22,268,19,249,14.102564102564102,7.051282051282051,7.051282051282051,85.8974358974359,6.089743589743589,79.8076923076923
E00120052,301,49,25,24,252,28,224,16.27906976744186,8.305647840531561,7.973421926910299,83.72093023255815,9.30232558139535,74.4186046511628
E00120053,294,46,18,28,248,22,226,15.646258503401361,6.122448979591836,9.523809523809524,84.35374149659864,7.482993197278912,76.87074829931973
E00120054,312,61,31,30,251,17,234,19.55128205128205,9.935897435897436,9.615384615384617,80.44871794871796,5.448717948717949,75
E00120055,269,47,19,28,222,21,201,17.472118959107807,7.063197026022305,10.408921933085502,82.5278810408922,7.806691449814126,74.72118959107806
E00120056,263,59,29,30,204,24,180,22.433460076045627,11.02661596958175,11.406844106463879,77.56653992395437,9.125475285171103,68.44106463878326
E00120057,333,84,26,58,249,24,225,25.225225225225223,7.807807807807808,17.417417417417415,74.77477477477478,7.207207207207207,67.56756756756756
E00120058,275,68,32,36,207,14,193,24.727272727272727,11.636363636363637,13.090909090909092,75.27272727272727,5.090909090909091,70.18181818181817
E00120059,323,73,26,47,250,16,234,22.60061919504644,8.04953560371517,14.551083591331269,77.39938080495357,4.953560371517028,72.44582043343654
E00120060,265,71,33,38,194,18,176,26.79245283018868,12.452830188679245,14.339622641509434,73.20754716981132,6.7924528301886795,66.41509433962264
E00120061,276,44,16,28,232,19,213,15.942028985507244,5.797101449275362,10.144927536231885,84.05797101449275,6.884057971014493,77.17391304347827
E00120062,244,47,15,32,197,29,168,19.262295081967213,6.147540983606557,13.114754098360656,80.73770491803278,11.885245901639344,68.85245901639344
E00120063,173,49,16,33,124,14,110,28.32369942196532,9.248554913294797,19.07514450867052,71.67630057803468,8.092485549132949,63.58381502890174
E00120064,280,51,15,36,229,18,211,18.21428571428571,5.357142857142857,12.857142857142856,81.78571428571428,6.428571428571428,75.35714285714286
E00120065,306,57,21,36,249,25,224,18.627450980392158,6.862745098039216,11.76470588235294,81.37254901960785,8.169934640522875,73.20261437908496
E00120066,228,58,23,35,170,12,158,25.438596491228072,10.087719298245613,15.350877192982457,74.56140350877193,5.263157894736842,69.2982456140351
E00120067,277,106,39,67,171,29,142,38.26714801444043,14.079422382671481,24.187725631768952,61.73285198555957,10.469314079422382,51.26353790613718
E00120068,335,42,14,28,293,28,265,12.53731343283582,4.179104477611941,8.358208955223882,87.46268656716418,8.358208955223882,79.1044776119403
E00120069,293,35,7,28,258,36,222,11.945392491467576,2.3890784982935154,9.556313993174061,88.05460750853243,12.286689419795222,75.76791808873719
E00120070,286,41,15,26,245,23,222,14.335664335664337,5.244755244755245,9.090909090909092,85.66433566433567,8.041958041958042,77.62237762237763
E00120071,323,49,11,38,274,36,238,15.170278637770899,3.4055727554179565,11.76470588235294,84.82972136222911,11.145510835913312,73.68421052631578
E00120072,386,74,40,34,312,27,285,19.170984455958546,10.362694300518134,8.808290155440414,80.82901554404145,6.994818652849741,73.83419689119171
E00120073,331,52,12,40,279,39,240,15.709969788519636,3.625377643504532,12.084592145015106,84.29003021148036,11.782477341389729,72.50755287009063
E00120074,347,43,14,29,304,37,267,12.39193083573487,4.034582132564841,8.357348703170029,87.60806916426513,10.662824207492795,76.94524495677233
E00120075,258,47,23,24,211,18,193,18.217054263565892,8.914728682170542,9.30232558139535,81.78294573643412,6.976744186046512,74.8062015503876
E00120076,277,36,10,26,241,24,217,12.996389891696749,3.6101083032490973,9.386281588447654,87.00361010830325,8.664259927797833,78.33935018050542
E00120078,321,62,22,40,259,27,232,19.314641744548286,6.853582554517133,12.461059190031152,80.68535825545172,8.411214953271028,72.27414330218068
E00120079,270,45,20,25,225,18,207,16.666666666666664,7.4074074074074066,9.25925925925926,83.33333333333334,6.666666666666667,76.66666666666667
E00120080,339,60,23,37,279,28,251,17.699115044247787,6.784660766961652,10.914454277286136,82.30088495575221,8.259587020648967,74.04129793510324
E00120081,284,57,15,42,227,23,204,20.070422535211268,5.28169014084507,14.788732394366196,79.92957746478874,8.098591549295776,71.83098591549296
E00120082,401,85,37,48,316,29,287,21.197007481296758,9.226932668329177,11.970074812967582,78.80299251870323,7.231920199501247,71.571072319202
E00120083,329,34,16,18,295,26,269,10.33434650455927,4.86322188449848,5.47112462006079,89.66565349544074,7.90273556231003,81.7629179331307
E00120084,446,91,39,52,355,44,311,20.40358744394619,8.74439461883408,11.659192825112108,79.5964125560538,9.865470852017937,69.73094170403587
E00120085,300,50,13,37,250,24,226,16.666666666666664,4.333333333333334,12.333333333333334,83.33333333333334,8,75.33333333333333
E00120086,344,55,17,38,289,37,252,15.988372093023257,4.941860465116279,11.046511627906977,84.01162790697676,10.755813953488373,73.25581395348837
E00120087,357,79,32,47,278,24,254,22.128851540616246,8.96358543417367,13.165266106442578,77.87114845938376,6.722689075630252,71.1484593837535
E00120088,304,55,22,33,249,41,208,18.092105263157894,7.236842105263158,10.855263157894738,81.9078947368421,13.486842105263158,68.42105263157895
E00120089,219,50,22,28,169,28,141,22.831050228310502,10.045662100456621,12.785388127853881,77.1689497716895,12.785388127853881,64.38356164383562
E00120090,287,48,12,36,239,20,219,16.72473867595819,4.181184668989547,12.543554006968641,83.27526132404182,6.968641114982578,76.30662020905923
E00120091,301,32,8,24,269,28,241,10.631229235880399,2.6578073089700998,7.973421926910299,89.3687707641196,9.30232558139535,80.06644518272425
E00120092,296,61,34,27,235,21,214,20.60810810810811,11.486486486486488,9.121621621621621,79.3918918918919,7.094594594594595,72.2972972972973
E00120093,384,60,25,35,324,25,299,15.625,6.510416666666667,9.114583333333332,84.375,6.510416666666667,77.86458333333334
E00120094,306,48,15,33,258,44,214,15.686274509803921,4.901960784313726,10.784313725490197,84.31372549019608,14.37908496732026,69.93464052287581
E00120095,311,48,16,32,263,30,233,15.434083601286176,5.144694533762058,10.289389067524116,84.56591639871382,9.646302250803858,74.91961414790997
E00120096,271,44,15,29,227,24,203,16.236162361623617,5.535055350553505,10.70110701107011,83.76383763837639,8.856088560885608,74.90774907749078
E00120097,263,30,8,22,233,30,203,11.406844106463879,3.041825095057034,8.365019011406844,88.59315589353612,11.406844106463879,77.18631178707224
E00120098,358,35,16,19,323,26,297,9.776536312849162,4.4692737430167595,5.307262569832402,90.22346368715084,7.262569832402235,82.9608938547486
E00120099,292,59,27,32,233,22,211,20.205479452054796,9.246575342465754,10.95890410958904,79.7945205479452,7.534246575342466,72.26027397260275
E00120100,351,65,27,38,286,32,254,18.51851851851852,7.6923076923076925,10.826210826210826,81.48148148148148,9.116809116809117,72.36467236467237
E00120101,224,52,18,34,172,24,148,23.214285714285715,8.035714285714286,15.178571428571427,76.78571428571429,10.714285714285714,66.07142857142857
E00120102,230,52,21,31,178,13,165,22.608695652173914,9.130434782608695,13.478260869565217,77.39130434782608,5.6521739130434785,71.73913043478261
E00120103,396,58,24,34,338,20,318,14.646464646464647,6.0606060606060606,8.585858585858585,85.35353535353535,5.05050505050505,80.3030303030303
E00120104,205,47,21,26,158,20,138,22.926829268292686,10.24390243902439,12.682926829268293,77.07317073170732,9.75609756097561,67.31707317073172
E00120105,181,23,4,19,158,14,144,12.70718232044199,2.209944751381215,10.497237569060774,87.29281767955801,7.734806629834254,79.55801104972376
E00120106,252,56,24,32,196,25,171,22.22222222222222,9.523809523809524,12.698412698412698,77.77777777777779,9.920634920634921,67.85714285714286
E00120107,313,41,13,28,272,39,233,13.099041533546327,4.15335463258786,8.945686900958465,86.90095846645367,12.460063897763577,74.4408945686901
E00120108,212,56,20,36,156,15,141,26.41509433962264,9.433962264150944,16.9811320754717,73.58490566037736,7.0754716981132075,66.50943396226415
E00120109,275,55,28,27,220,12,208,20,10.181818181818182,9.818181818181818,80,4.363636363636364,75.63636363636364
E00120110,337,35,9,26,302,37,265,10.385756676557865,2.6706231454005933,7.71513353115727,89.61424332344214,10.979228486646884,78.63501483679525
E00120111,408,80,38,42,328,39,289,19.607843137254903,9.313725490196079,10.294117647058822,80.3921568627451,9.558823529411764,70.83333333333334
E00120112,237,61,33,28,176,21,155,25.738396624472575,13.924050632911392,11.814345991561181,74.26160337552743,8.860759493670885,65.40084388185655
E00120113,321,54,22,32,267,30,237,16.822429906542055,6.853582554517133,9.968847352024921,83.17757009345794,9.345794392523365,73.83177570093457
E00120114,369,53,17,36,316,39,277,14.363143631436316,4.607046070460704,9.75609756097561,85.63685636856368,10.569105691056912,75.06775067750678
E00120115,299,44,14,30,255,28,227,14.715719063545151,4.682274247491638,10.033444816053512,85.28428093645485,9.364548494983277,75.91973244147158
E00120116,336,54,17,37,282,20,262,16.071428571428573,5.059523809523809,11.011904761904761,83.92857142857143,5.952380952380952,77.97619047619048
E00120117,396,60,19,41,336,37,299,15.151515151515152,4.797979797979798,10.353535353535353,84.84848484848484,9.343434343434344,75.5050505050505
E00120118,169,17,3,14,152,21,131,10.059171597633137,1.7751479289940828,8.284023668639055,89.94082840236686,12.42603550295858,77.51479289940828
E00120119,582,65,19,46,517,36,481,11.168384879725087,3.264604810996564,7.903780068728522,88.8316151202749,6.185567010309279,82.64604810996563
E00120120,337,82,31,51,255,34,221,24.33234421364985,9.198813056379821,15.133531157270031,75.66765578635015,10.089020771513352,65.57863501483679
E00120121,352,53,15,38,299,23,276,15.056818181818182,4.261363636363636,10.795454545454545,84.94318181818183,6.534090909090909,78.4090909090909
E00120122,497,58,15,43,439,45,394,11.670020120724347,3.0181086519114686,8.651911468812877,88.32997987927565,9.054325955734406,79.27565392354124
E00120123,281,35,8,27,246,28,218,12.455516014234876,2.8469750889679712,9.608540925266903,87.54448398576513,9.9644128113879,77.58007117437722
E00120124,323,46,22,24,277,25,252,14.241486068111456,6.811145510835913,7.430340557275541,85.75851393188854,7.739938080495357,78.0185758513932
E00120125,248,29,4,25,219,24,195,11.693548387096774,1.6129032258064515,10.080645161290322,88.30645161290323,9.67741935483871,78.62903225806451
E00120126,329,45,16,29,284,32,252,13.677811550151976,4.86322188449848,8.814589665653495,86.32218844984803,9.72644376899696,76.59574468085107
E00120127,324,42,12,30,282,28,254,12.962962962962962,3.7037037037037033,9.25925925925926,87.03703703703704,8.641975308641975,78.39506172839506
E00120128,313,46,19,27,267,23,244,14.696485623003195,6.070287539936102,8.626198083067091,85.3035143769968,7.348242811501597,77.95527156549521
E00120129,268,33,6,27,235,34,201,12.313432835820896,2.2388059701492535,10.074626865671641,87.68656716417911,12.686567164179104,75
E00120130,345,47,6,41,298,24,274,13.623188405797102,1.7391304347826086,11.884057971014492,86.37681159420289,6.956521739130435,79.42028985507247
E00120131,374,47,14,33,327,34,293,12.566844919786096,3.7433155080213902,8.823529411764707,87.43315508021391,9.090909090909092,78.34224598930481
E00120132,321,57,16,41,264,30,234,17.75700934579439,4.984423676012461,12.77258566978193,82.2429906542056,9.345794392523365,72.89719626168224
E00120134,610,82,25,57,528,58,470,13.442622950819672,4.098360655737705,9.344262295081968,86.55737704918033,9.508196721311474,77.04918032786885
E00120135,276,35,12,23,241,29,212,12.681159420289855,4.3478260869565215,8.333333333333332,87.31884057971014,10.507246376811594,76.81159420289855
E00120137,323,63,15,48,260,39,221,19.5046439628483,4.643962848297214,14.860681114551083,80.4953560371517,12.074303405572756,68.42105263157895
E00120138,408,81,40,41,327,39,288,19.852941176470587,9.803921568627452,10.049019607843137,80.14705882352942,9.558823529411764,70.58823529411765
E00120139,380,50,13,37,330,37,293,13.157894736842104,3.421052631578948,9.736842105263158,86.8421052631579,9.736842105263158,77.10526315789473
E00120140,188,45,16,29,143,16,127,23.93617021276596,8.51063829787234,15.425531914893616,76.06382978723404,8.51063829787234,67.5531914893617
E00120141,332,39,14,25,293,25,268,11.74698795180723,4.216867469879518,7.530120481927711,88.25301204819277,7.530120481927711,80.72289156626506
E00120142,362,44,16,28,318,28,290,12.154696132596685,4.41988950276243,7.734806629834254,87.84530386740332,7.734806629834254,80.11049723756905
E00120143,396,60,25,35,336,36,300,15.151515151515152,6.313131313131313,8.83838383838384,84.84848484848484,9.090909090909092,75.75757575757575
E00120145,521,75,29,46,446,40,406,14.39539347408829,5.566218809980806,8.829174664107486,85.6046065259117,7.677543186180421,77.92706333973129
E00120146,389,49,18,31,340,27,313,12.596401028277635,4.627249357326478,7.969151670951156,87.40359897172236,6.940874035989718,80.46272493573264
E00120147,334,53,22,31,281,25,256,15.868263473053892,6.58682634730539,9.281437125748502,84.13173652694611,7.48502994011976,76.64670658682635
E00120148,274,41,12,29,233,28,205,14.963503649635038,4.37956204379562,10.583941605839415,85.03649635036497,10.218978102189782,74.81751824817519
E00120149,302,45,16,29,257,18,239,14.90066225165563,5.298013245033113,9.602649006622517,85.09933774834437,5.960264900662252,79.13907284768213
E00120150,303,39,8,31,264,30,234,12.871287128712872,2.6402640264026402,10.231023102310232,87.12871287128714,9.900990099009901,77.22772277227723
E00120151,317,37,11,26,280,21,259,11.67192429022082,3.4700315457413247,8.201892744479496,88.32807570977917,6.624605678233439,81.70347003154575
E00120152,308,39,10,29,269,19,250,12.662337662337661,3.2467532467532463,9.415584415584416,87.33766233766234,6.1688311688311686,81.16883116883116
E00120153,377,60,17,43,317,38,279,15.915119363395224,4.509283819628647,11.405835543766578,84.08488063660478,10.079575596816976,74.0053050397878
E00120154,340,34,15,19,306,30,276,10,4.411764705882353,5.588235294117648,90,8.823529411764707,81.17647058823529
E00120155,372,34,10,24,338,38,300,9.13978494623656,2.6881720430107525,6.451612903225806,90.86021505376344,10.21505376344086,80.64516129032258
E00120157,326,51,15,36,275,28,247,15.644171779141105,4.601226993865031,11.042944785276074,84.3558282208589,8.588957055214724,75.76687116564416
E00120158,301,57,15,42,244,28,216,18.93687707641196,4.983388704318937,13.953488372093023,81.06312292358804,9.30232558139535,71.76079734219269
E00120160,485,54,23,31,431,28,403,11.134020618556702,4.742268041237113,6.391752577319587,88.8659793814433,5.77319587628866,83.09278350515464
E00120161,266,46,17,29,220,24,196,17.293233082706767,6.390977443609022,10.902255639097744,82.70676691729322,9.022556390977442,73.68421052631578
E00120162,290,36,11,25,254,21,233,12.413793103448276,3.793103448275862,8.620689655172415,87.58620689655172,7.241379310344828,80.3448275862069
E00120163,370,77,35,42,293,42,251,20.81081081081081,9.45945945945946,11.351351351351353,79.1891891891892,11.351351351351353,67.83783783783784
E00120164,344,69,30,39,275,23,252,20.058139534883722,8.720930232558139,11.337209302325581,79.94186046511628,6.686046511627906,73.25581395348837
E00120165,322,76,31,45,246,25,221,23.60248447204969,9.627329192546584,13.975155279503104,76.3975155279503,7.763975155279502,68.63354037267081
E00120166,400,51,17,34,349,33,316,12.75,4.25,8.5,87.25,8.25,79
E00120167,329,44,15,29,285,26,259,13.37386018237082,4.5592705167173255,8.814589665653495,86.62613981762918,7.90273556231003,78.72340425531915
E00120168,293,54,18,36,239,29,210,18.43003412969283,6.143344709897611,12.286689419795222,81.56996587030717,9.897610921501707,71.67235494880546
E00120169,312,70,33,37,242,32,210,22.435897435897438,10.576923076923077,11.858974358974358,77.56410256410257,10.256410256410255,67.3076923076923
E00120170,236,59,25,34,177,28,149,25,10.59322033898305,14.40677966101695,75,11.864406779661017,63.13559322033898
E00120171,154,24,8,16,130,12,118,15.584415584415584,5.194805194805195,10.38961038961039,84.4155844155844,7.792207792207792,76.62337662337663
E00120172,227,35,6,29,192,13,179,15.418502202643172,2.643171806167401,12.77533039647577,84.58149779735683,5.726872246696035,78.8546255506608
E00120173,246,35,8,27,211,24,187,14.227642276422763,3.2520325203252036,10.975609756097562,85.77235772357723,9.75609756097561,76.01626016260163
E00120174,247,35,14,21,212,22,190,14.17004048582996,5.668016194331984,8.502024291497975,85.82995951417004,8.906882591093117,76.92307692307693
E00120175,138,21,9,12,117,17,100,15.217391304347828,6.521739130434782,8.695652173913043,84.78260869565217,12.318840579710146,72.46376811594203
E00120176,174,20,3,17,154,21,133,11.494252873563218,1.7241379310344827,9.770114942528735,88.50574712643679,12.068965517241379,76.4367816091954
E00120177,270,34,13,21,236,28,208,12.592592592592592,4.814814814814815,7.777777777777778,87.4074074074074,10.37037037037037,77.03703703703704
E00120178,271,68,27,41,203,14,189,25.092250922509223,9.96309963099631,15.129151291512915,74.90774907749078,5.166051660516605,69.74169741697416
E00120179,339,40,12,28,299,31,268,11.799410029498524,3.5398230088495577,8.259587020648967,88.20058997050147,9.144542772861357,79.05604719764013
E00169646,270,32,4,28,238,25,213,11.851851851851853,1.4814814814814816,10.37037037037037,88.14814814814815,9.25925925925926,78.88888888888889
E00169647,358,32,8,24,326,26,300,8.938547486033519,2.2346368715083798,6.70391061452514,91.06145251396647,7.262569832402235,83.79888268156425
E00169648,405,39,9,30,366,32,334,9.62962962962963,2.2222222222222223,7.4074074074074066,90.37037037037037,7.901234567901234,82.46913580246914
E00169649,386,44,18,26,342,20,322,11.398963730569948,4.66321243523316,6.7357512953367875,88.60103626943005,5.181347150259067,83.41968911917098
E00169650,281,23,9,14,258,20,238,8.185053380782918,3.202846975088968,4.98220640569395,91.81494661921708,7.11743772241993,84.69750889679716
E00169651,342,53,14,39,289,34,255,15.497076023391813,4.093567251461988,11.403508771929824,84.50292397660819,9.941520467836257,74.56140350877193
E00169652,282,28,8,20,254,21,233,9.929078014184398,2.8368794326241136,7.092198581560284,90.0709219858156,7.446808510638298,82.62411347517731
E00169653,268,40,14,26,228,16,212,14.925373134328357,5.223880597014925,9.701492537313433,85.07462686567165,5.970149253731343,79.1044776119403
E00169654,320,58,24,34,262,24,238,18.125,7.5,10.625,81.875,7.5,74.375
E00169655,367,40,10,30,327,24,303,10.899182561307901,2.7247956403269753,8.174386920980927,89.10081743869209,6.539509536784741,82.56130790190736
E00169656,282,17,3,14,265,19,246,6.028368794326241,1.0638297872340425,4.964539007092199,93.97163120567376,6.73758865248227,87.2340425531915
E00169657,350,40,11,29,310,30,280,11.428571428571429,3.1428571428571432,8.285714285714285,88.57142857142857,8.571428571428571,80
E00169658,324,48,13,35,276,37,239,14.814814814814813,4.012345679012346,10.802469135802468,85.18518518518519,11.419753086419753,73.76543209876543
E00169659,318,34,14,20,284,25,259,10.69182389937107,4.40251572327044,6.289308176100629,89.30817610062893,7.861635220125786,81.44654088050315
E00169660,300,39,14,25,261,22,239,13,4.666666666666667,8.333333333333332,87,7.333333333333333,79.66666666666666
E00169661,373,31,14,17,342,25,317,8.310991957104557,3.753351206434316,4.557640750670242,91.68900804289544,6.702412868632708,84.98659517426273
E00169662,268,22,4,18,246,31,215,8.208955223880597,1.4925373134328357,6.7164179104477615,91.7910447761194,11.567164179104477,80.22388059701493
E00169663,187,31,9,22,156,14,142,16.577540106951872,4.81283422459893,11.76470588235294,83.42245989304813,7.4866310160427805,75.93582887700535
E00169664,179,35,20,15,144,13,131,19.553072625698324,11.1731843575419,8.379888268156424,80.44692737430168,7.262569832402235,73.18435754189943
E00169665,396,108,56,52,288,29,259,27.27272727272727,14.14141414141414,13.131313131313133,72.72727272727273,7.3232323232323235,65.40404040404042
E00169666,220,36,7,29,184,23,161,16.363636363636363,3.1818181818181817,13.18181818181818,83.63636363636363,10.454545454545453,73.18181818181819
E00169667,122,17,1,16,105,6,99,13.934426229508196,0.819672131147541,13.114754098360656,86.0655737704918,4.918032786885246,81.14754098360656
E00169668,289,37,6,31,252,24,228,12.802768166089965,2.0761245674740483,10.726643598615917,87.19723183391004,8.304498269896193,78.89273356401384
E00169669,266,25,0,25,241,19,222,9.398496240601503,0,9.398496240601503,90.6015037593985,7.142857142857142,83.45864661654136
E00169670,259,18,8,10,241,25,216,6.94980694980695,3.088803088803089,3.861003861003861,93.05019305019306,9.652509652509652,83.3976833976834
E00169671,319,41,18,23,278,24,254,12.852664576802509,5.6426332288401255,7.210031347962382,87.14733542319749,7.523510971786834,79.62382445141067
E00189331,342,23,5,18,319,27,292,6.725146198830409,1.461988304093567,5.263157894736842,93.27485380116958,7.894736842105263,85.38011695906432
E00189332,339,36,11,25,303,15,288,10.619469026548673,3.2448377581120944,7.374631268436578,89.38053097345133,4.424778761061947,84.95575221238938
E00189345,334,37,11,26,297,28,269,11.077844311377245,3.293413173652695,7.784431137724551,88.92215568862275,8.383233532934131,80.53892215568862
E00189353,205,17,12,5,188,10,178,8.292682926829269,5.853658536585367,2.4390243902439024,91.70731707317074,4.878048780487805,86.82926829268293
E00189360,206,22,7,15,184,16,168,10.679611650485436,3.3980582524271843,7.281553398058252,89.32038834951457,7.766990291262135,81.55339805825243
E00189363,341,55,13,42,286,22,264,16.129032258064516,3.812316715542522,12.316715542521994,83.87096774193549,6.451612903225806,77.41935483870968
E00189364,299,54,25,29,245,30,215,18.06020066889632,8.361204013377927,9.698996655518394,81.93979933110369,10.033444816053512,71.90635451505017
E00189367,225,36,13,23,189,15,174,16,5.777777777777778,10.222222222222223,84,6.666666666666667,77.33333333333333
E00189374,220,31,9,22,189,12,177,14.09090909090909,4.090909090909091,10,85.9090909090909,5.454545454545454,80.45454545454545
E00189384,357,92,41,51,265,29,236,25.770308123249297,11.484593837535014,14.285714285714285,74.2296918767507,8.123249299719888,66.1064425770308
E00189385,308,60,42,18,248,30,218,19.480519480519483,13.636363636363635,5.844155844155844,80.51948051948052,9.740259740259742,70.77922077922078
E00189389,177,37,12,25,140,18,122,20.903954802259886,6.779661016949152,14.124293785310735,79.09604519774011,10.16949152542373,68.92655367231639
E00189400,249,37,10,27,212,26,186,14.859437751004014,4.016064257028113,10.843373493975903,85.14056224899599,10.441767068273093,74.69879518072288
E00189406,211,32,12,20,179,16,163,15.165876777251185,5.687203791469194,9.47867298578199,84.83412322274881,7.5829383886255926,77.25118483412322
E00189408,273,28,8,20,245,23,222,10.256410256410255,2.93040293040293,7.326007326007327,89.74358974358975,8.424908424908425,81.31868131868131
E00189416,226,69,26,43,157,13,144,30.53097345132743,11.504424778761061,19.02654867256637,69.46902654867256,5.752212389380531,63.716814159292035
E00189420,321,40,8,32,281,31,250,12.461059190031152,2.4922118380062304,9.968847352024921,87.53894080996885,9.657320872274143,77.88161993769471
E00189427,309,39,12,27,270,20,250,12.62135922330097,3.8834951456310676,8.737864077669903,87.37864077669903,6.472491909385113,80.90614886731392
E00189431,309,42,19,23,267,16,251,13.592233009708737,6.148867313915858,7.443365695792881,86.40776699029125,5.177993527508091,81.22977346278317
