OA,ts0380001,ts0380002,ts0380003,ts0380004,ts0380005,ts0380006,ts0380007,ts0380002_PCT,ts0380003_PCT,ts0380004_PCT,ts0380005_PCT,ts0380006_PCT,ts0380007_PCT
E00104453,278,101,55,46,177,15,162,36.330935251798564,19.784172661870503,16.546762589928058,63.66906474820144,5.39568345323741,58.27338129496403
E00104454,312,64,31,33,248,18,230,20.51282051282051,9.935897435897436,10.576923076923077,79.48717948717949,5.769230769230769,73.71794871794873
E00104455,337,75,29,46,262,25,237,22.255192878338278,8.605341246290802,13.649851632047477,77.74480712166172,7.418397626112759,70.32640949554896
E00104456,283,44,21,23,239,30,209,15.547703180212014,7.420494699646643,8.12720848056537,84.45229681978799,10.60070671378092,73.85159010600707
E00104457,283,56,15,41,227,23,204,19.78798586572438,5.30035335689046,14.487632508833922,80.21201413427562,8.12720848056537,72.08480565371025
E00104458,255,71,31,40,184,16,168,27.84313725490196,12.156862745098039,15.686274509803921,72.15686274509804,6.2745098039215685,65.88235294117646
E00104459,250,56,20,36,194,23,171,22.400000000000002,8,14.399999999999999,77.60000000000001,9.2,68.4
E00104460,386,68,29,39,318,23,295,17.616580310880828,7.512953367875648,10.103626943005182,82.38341968911918,5.958549222797927,76.42487046632125
E00104461,309,76,38,38,233,34,199,24.59546925566343,12.297734627831716,12.297734627831716,75.40453074433657,11.003236245954692,64.40129449838187
E00104462,258,62,32,30,196,23,173,24.031007751937985,12.4031007751938,11.627906976744185,75.96899224806202,8.914728682170542,67.05426356589147
E00104463,238,52,27,25,186,31,155,21.84873949579832,11.344537815126051,10.504201680672269,78.15126050420169,13.025210084033615,65.12605042016807
E00104464,298,78,32,46,220,18,202,26.174496644295303,10.738255033557047,15.436241610738255,73.8255033557047,6.0402684563758395,67.78523489932886
E00104465,300,71,26,45,229,18,211,23.666666666666668,8.666666666666668,15,76.33333333333333,6,70.33333333333334
E00104466,224,50,18,32,174,18,156,22.321428571428573,8.035714285714286,14.285714285714285,77.67857142857143,8.035714285714286,69.64285714285714
E00104467,289,80,36,44,209,17,192,27.68166089965398,12.45674740484429,15.22491349480969,72.31833910034602,5.88235294117647,66.43598615916954
E00104468,416,103,46,57,313,24,289,24.759615384615387,11.057692307692307,13.701923076923078,75.24038461538461,5.769230769230769,69.47115384615384
E00104469,213,47,23,24,166,12,154,22.065727699530516,10.7981220657277,11.267605633802818,77.93427230046949,5.633802816901409,72.30046948356808
E00104470,252,83,46,37,169,23,146,32.93650793650794,18.253968253968253,14.682539682539684,67.06349206349206,9.126984126984127,57.936507936507944
E00104471,228,60,28,32,168,22,146,26.31578947368421,12.280701754385964,14.035087719298245,73.68421052631578,9.649122807017543,64.03508771929825
E00104472,367,73,18,55,294,30,264,19.891008174386922,4.904632152588556,14.986376021798364,80.10899182561307,8.174386920980927,71.93460490463215
E00104473,237,50,18,32,187,22,165,21.09704641350211,7.59493670886076,13.502109704641349,78.90295358649789,9.282700421940929,69.62025316455697
E00104474,254,43,15,28,211,18,193,16.92913385826772,5.905511811023622,11.023622047244094,83.07086614173228,7.086614173228346,75.98425196850394
E00104475,240,49,26,23,191,24,167,20.416666666666668,10.833333333333334,9.583333333333334,79.58333333333333,10,69.58333333333333
E00104476,327,38,20,18,289,33,256,11.62079510703364,6.116207951070336,5.5045871559633035,88.37920489296636,10.091743119266056,78.2874617737003
E00104477,272,106,54,52,166,22,144,38.970588235294116,19.852941176470587,19.11764705882353,61.029411764705884,8.088235294117647,52.94117647058824
E00104478,239,61,26,35,178,18,160,25.523012552301257,10.87866108786611,14.644351464435147,74.47698744769873,7.531380753138076,66.94560669456067
E00104479,292,49,18,31,243,24,219,16.78082191780822,6.164383561643835,10.616438356164384,83.21917808219177,8.21917808219178,75
E00104480,196,38,15,23,158,27,131,19.387755102040817,7.653061224489796,11.73469387755102,80.61224489795919,13.77551020408163,66.83673469387756
E00104481,294,62,37,25,232,26,206,21.08843537414966,12.585034013605442,8.503401360544217,78.91156462585033,8.843537414965986,70.06802721088435
E00104482,254,62,30,32,192,14,178,24.409448818897637,11.811023622047244,12.598425196850393,75.59055118110236,5.511811023622047,70.07874015748031
E00104483,215,54,27,27,161,22,139,25.116279069767444,12.558139534883722,12.558139534883722,74.88372093023256,10.232558139534884,64.65116279069767
E00104484,277,53,24,29,224,20,204,19.133574007220215,8.664259927797833,10.469314079422382,80.86642599277978,7.2202166064981945,73.6462093862816
E00104485,288,54,14,40,234,24,210,18.75,4.861111111111112,13.88888888888889,81.25,8.333333333333332,72.91666666666666
E00104486,263,57,30,27,206,18,188,21.673003802281368,11.406844106463879,10.26615969581749,78.32699619771863,6.844106463878327,71.48288973384031
E00104487,268,113,87,26,155,22,133,42.16417910447761,32.46268656716418,9.701492537313433,57.83582089552238,8.208955223880597,49.62686567164179
E00104488,244,77,47,30,167,12,155,31.557377049180328,19.262295081967213,12.295081967213115,68.44262295081968,4.918032786885246,63.52459016393443
E00104489,289,47,17,30,242,32,210,16.26297577854671,5.88235294117647,10.380622837370241,83.73702422145328,11.072664359861593,72.66435986159169
E00104490,262,39,20,19,223,29,194,14.885496183206106,7.633587786259542,7.251908396946565,85.1145038167939,11.068702290076336,74.04580152671755
E00104491,347,75,34,41,272,31,241,21.613832853025936,9.798270893371757,11.815561959654179,78.38616714697406,8.93371757925072,69.45244956772333
E00104492,209,40,19,21,169,16,153,19.138755980861244,9.090909090909092,10.047846889952153,80.86124401913875,7.655502392344498,73.20574162679426
E00104493,305,54,27,27,251,26,225,17.704918032786885,8.852459016393443,8.852459016393443,82.29508196721311,8.524590163934425,73.77049180327869
E00104494,275,41,11,30,234,30,204,14.909090909090908,4,10.909090909090908,85.0909090909091,10.909090909090908,74.18181818181819
E00104495,286,51,18,33,235,21,214,17.832167832167833,6.293706293706294,11.538461538461538,82.16783216783216,7.3426573426573425,74.82517482517483
E00104496,259,69,33,36,190,16,174,26.640926640926644,12.741312741312742,13.8996138996139,73.35907335907336,6.177606177606178,67.18146718146718
E00104497,468,61,27,34,407,48,359,13.034188034188036,5.769230769230769,7.264957264957266,86.96581196581197,10.256410256410255,76.70940170940172
E00104498,297,79,38,41,218,24,194,26.599326599326602,12.794612794612794,13.804713804713806,73.4006734006734,8.080808080808081,65.31986531986533
E00104499,313,67,36,31,246,26,220,21.405750798722046,11.501597444089457,9.904153354632587,78.59424920127796,8.30670926517572,70.28753993610223
E00104500,264,71,22,49,193,19,174,26.89393939393939,8.333333333333332,18.560606060606062,73.10606060606061,7.196969696969697,65.9090909090909
E00104501,239,53,21,32,186,18,168,22.17573221757322,8.786610878661087,13.389121338912133,77.82426778242679,7.531380753138076,70.29288702928869
E00104502,167,75,48,27,92,12,80,44.91017964071856,28.74251497005988,16.16766467065868,55.08982035928144,7.18562874251497,47.90419161676647
E00104503,228,41,22,19,187,19,168,17.982456140350877,9.649122807017543,8.333333333333332,82.01754385964912,8.333333333333332,73.68421052631578
E00104504,286,56,23,33,230,26,204,19.58041958041958,8.041958041958042,11.538461538461538,80.41958041958041,9.090909090909092,71.32867132867133
E00104505,264,67,30,37,197,24,173,25.37878787878788,11.363636363636363,14.015151515151514,74.62121212121212,9.090909090909092,65.53030303030303
E00104506,285,40,15,25,245,23,222,14.035087719298245,5.263157894736842,8.771929824561402,85.96491228070175,8.070175438596491,77.89473684210526
E00104507,359,60,19,41,299,34,265,16.71309192200557,5.2924791086350975,11.420612813370473,83.28690807799443,9.47075208913649,73.81615598885793
E00104508,278,84,40,44,194,16,178,30.215827338129497,14.388489208633093,15.827338129496402,69.7841726618705,5.755395683453238,64.02877697841727
E00104509,264,74,35,39,190,22,168,28.030303030303028,13.257575757575758,14.772727272727273,71.96969696969697,8.333333333333332,63.63636363636363
E00104510,264,65,30,35,199,14,185,24.62121212121212,11.363636363636363,13.257575757575758,75.37878787878788,5.303030303030303,70.07575757575758
E00104511,243,62,34,28,181,15,166,25.514403292181072,13.991769547325102,11.522633744855968,74.48559670781893,6.172839506172839,68.3127572016461
E00104512,247,72,34,38,175,17,158,29.1497975708502,13.765182186234817,15.384615384615385,70.8502024291498,6.882591093117409,63.96761133603239
E00104513,233,62,28,34,171,24,147,26.609442060085836,12.017167381974248,14.592274678111588,73.39055793991416,10.300429184549357,63.0901287553648
E00104514,249,58,23,35,191,18,173,23.293172690763054,9.236947791164658,14.056224899598394,76.70682730923694,7.228915662650602,69.47791164658635
E00104515,229,54,28,26,175,12,163,23.580786026200872,12.22707423580786,11.353711790393014,76.41921397379913,5.240174672489083,71.17903930131004
E00104516,305,92,56,36,213,16,197,30.16393442622951,18.360655737704917,11.80327868852459,69.83606557377048,5.245901639344262,64.59016393442623
E00104517,212,83,45,38,129,12,117,39.15094339622642,21.22641509433962,17.92452830188679,60.84905660377359,5.660377358490567,55.188679245283026
E00104518,370,149,82,67,221,17,204,40.27027027027027,22.162162162162165,18.10810810810811,59.72972972972973,4.594594594594595,55.13513513513514
E00104519,357,44,13,31,313,29,284,12.324929971988796,3.6414565826330536,8.683473389355742,87.6750700280112,8.123249299719888,79.55182072829132
E00104520,312,81,32,49,231,21,210,25.961538461538463,10.256410256410255,15.705128205128204,74.03846153846155,6.730769230769231,67.3076923076923
E00104521,181,73,33,40,108,7,101,40.331491712707184,18.23204419889503,22.099447513812155,59.66850828729282,3.867403314917127,55.80110497237569
E00104522,247,97,62,35,150,12,138,39.27125506072874,25.101214574898783,14.17004048582996,60.72874493927125,4.8582995951417,55.87044534412956
E00104523,315,47,16,31,268,24,244,14.920634920634921,5.079365079365079,9.841269841269842,85.07936507936508,7.6190476190476195,77.46031746031747
E00104524,256,61,26,35,195,13,182,23.828125,10.15625,13.671875,76.171875,5.078125,71.09375
E00104525,256,90,50,40,166,15,151,35.15625,19.53125,15.625,64.84375,5.859375,58.984375
E00104526,297,66,30,36,231,20,211,22.22222222222222,10.1010101010101,12.121212121212121,77.77777777777779,6.7340067340067336,71.04377104377105
E00104527,376,28,7,21,348,30,318,7.446808510638298,1.8617021276595744,5.585106382978723,92.5531914893617,7.9787234042553195,84.57446808510637
E00104528,313,32,10,22,281,24,257,10.223642172523961,3.1948881789137378,7.0287539936102235,89.77635782747603,7.667731629392971,82.10862619808307
E00104529,202,46,18,28,156,16,140,22.772277227722775,8.91089108910891,13.861386138613863,77.22772277227723,7.920792079207921,69.3069306930693
E00104530,270,46,14,32,224,36,188,17.037037037037038,5.185185185185185,11.851851851851853,82.96296296296296,13.333333333333334,69.62962962962963
E00104531,319,47,23,24,272,19,253,14.733542319749215,7.210031347962382,7.523510971786834,85.26645768025078,5.956112852664576,79.3103448275862
E00104532,302,44,5,39,258,29,229,14.56953642384106,1.6556291390728477,12.91390728476821,85.43046357615894,9.602649006622517,75.82781456953643
E00104533,348,52,15,37,296,32,264,14.942528735632186,4.310344827586207,10.632183908045976,85.0574712643678,9.195402298850574,75.86206896551724
E00104534,365,37,12,25,328,23,305,10.136986301369863,3.287671232876712,6.8493150684931505,89.86301369863014,6.301369863013699,83.56164383561644
E00104535,253,46,20,26,207,15,192,18.181818181818183,7.905138339920949,10.276679841897234,81.81818181818183,5.928853754940711,75.8893280632411
E00104536,309,43,12,31,266,33,233,13.915857605177994,3.8834951456310676,10.032362459546926,86.08414239482201,10.679611650485436,75.40453074433657
E00104537,228,63,27,36,165,21,144,27.631578947368425,11.842105263157894,15.789473684210526,72.36842105263158,9.210526315789473,63.1578947368421
E00104538,276,39,14,25,237,29,208,14.130434782608695,5.072463768115942,9.057971014492754,85.86956521739131,10.507246376811594,75.36231884057972
E00104539,306,59,27,32,247,20,227,19.28104575163399,8.823529411764707,10.457516339869281,80.71895424836602,6.535947712418301,74.18300653594771
E00104540,226,56,29,27,170,12,158,24.778761061946902,12.831858407079647,11.946902654867257,75.22123893805309,5.3097345132743365,69.91150442477876
E00104541,237,70,32,38,167,23,144,29.535864978902953,13.502109704641349,16.033755274261605,70.46413502109705,9.70464135021097,60.75949367088608
E00104542,212,85,40,45,127,12,115,40.09433962264151,18.867924528301888,21.22641509433962,59.905660377358494,5.660377358490567,54.24528301886793
E00104543,225,73,32,41,152,12,140,32.44444444444444,14.222222222222221,18.22222222222222,67.55555555555556,5.333333333333334,62.22222222222222
E00104544,219,59,29,30,160,11,149,26.94063926940639,13.24200913242009,13.698630136986301,73.0593607305936,5.0228310502283104,68.0365296803653
E00104545,231,73,36,37,158,14,144,31.601731601731604,15.584415584415584,16.017316017316016,68.3982683982684,6.0606060606060606,62.33766233766234
E00104546,436,72,38,34,364,35,329,16.51376146788991,8.715596330275229,7.79816513761468,83.4862385321101,8.027522935779817,75.45871559633028
E00104547,358,96,48,48,262,26,236,26.81564245810056,13.40782122905028,13.40782122905028,73.18435754189943,7.262569832402235,65.92178770949721
E00104548,252,53,21,32,199,26,173,21.03174603174603,8.333333333333332,12.698412698412698,78.96825396825396,10.317460317460316,68.65079365079364
E00104549,289,63,34,29,226,20,206,21.79930795847751,11.76470588235294,10.034602076124568,78.20069204152249,6.920415224913495,71.280276816609
E00104550,289,56,23,33,233,29,204,19.377162629757784,7.958477508650519,11.418685121107266,80.62283737024222,10.034602076124568,70.58823529411765
E00104551,229,52,18,34,177,11,166,22.707423580786028,7.860262008733625,14.847161572052403,77.29257641921397,4.8034934497816595,72.48908296943232
E00104552,246,76,39,37,170,14,156,30.89430894308943,15.853658536585366,15.040650406504067,69.10569105691057,5.691056910569105,63.41463414634146
E00104553,288,49,23,26,239,39,200,17.01388888888889,7.986111111111111,9.027777777777777,82.98611111111111,13.541666666666666,69.44444444444444
E00104554,241,47,20,27,194,32,162,19.502074688796682,8.29875518672199,11.20331950207469,80.49792531120332,13.278008298755188,67.21991701244814
E00104555,435,96,44,52,339,42,297,22.06896551724138,10.114942528735632,11.954022988505747,77.93103448275862,9.655172413793103,68.27586206896552
E00104556,233,39,9,30,194,23,171,16.738197424892704,3.862660944206009,12.875536480686694,83.2618025751073,9.871244635193133,73.39055793991416
E00104557,300,46,18,28,254,24,230,15.333333333333332,6,9.333333333333334,84.66666666666667,8,76.66666666666667
E00104558,297,61,26,35,236,21,215,20.53872053872054,8.754208754208754,11.784511784511785,79.46127946127946,7.07070707070707,72.39057239057239
E00104559,245,50,24,26,195,19,176,20.408163265306122,9.795918367346939,10.612244897959183,79.59183673469387,7.755102040816326,71.83673469387755
E00104560,277,61,26,35,216,21,195,22.021660649819495,9.386281588447654,12.63537906137184,77.9783393501805,7.581227436823104,70.3971119133574
E00104561,268,53,27,26,215,21,194,19.776119402985074,10.074626865671641,9.701492537313433,80.22388059701493,7.835820895522389,72.38805970149254
E00104562,275,67,32,35,208,21,187,24.363636363636363,11.636363636363637,12.727272727272727,75.63636363636364,7.636363636363637,68
E00104563,258,94,60,34,164,16,148,36.434108527131784,23.25581395348837,13.178294573643413,63.565891472868216,6.2015503875969,57.36434108527132
E00104564,263,71,35,36,192,16,176,26.996197718631176,13.307984790874524,13.688212927756654,73.00380228136882,6.083650190114068,66.92015209125475
E00104566,273,62,24,38,211,17,194,22.71062271062271,8.791208791208792,13.91941391941392,77.2893772893773,6.227106227106227,71.06227106227107
E00104567,318,52,17,35,266,38,228,16.352201257861633,5.345911949685535,11.0062893081761,83.64779874213836,11.949685534591195,71.69811320754717
E00104568,307,53,19,34,254,33,221,17.263843648208468,6.188925081433225,11.074918566775244,82.73615635179154,10.749185667752444,71.9869706840391
E00104569,322,48,17,31,274,25,249,14.906832298136646,5.279503105590062,9.627329192546584,85.09316770186336,7.763975155279502,77.32919254658384
E00104570,285,41,16,25,244,22,222,14.385964912280702,5.614035087719298,8.771929824561402,85.6140350877193,7.719298245614035,77.89473684210526
E00104572,326,60,23,37,266,35,231,18.404907975460123,7.05521472392638,11.349693251533742,81.59509202453987,10.736196319018406,70.85889570552148
E00104573,284,48,21,27,236,37,199,16.901408450704224,7.394366197183098,9.507042253521126,83.09859154929578,13.028169014084506,70.07042253521126
E00104574,305,58,25,33,247,21,226,19.01639344262295,8.19672131147541,10.819672131147541,80.98360655737706,6.885245901639345,74.09836065573771
E00104575,271,55,21,34,216,39,177,20.29520295202952,7.7490774907749085,12.546125461254611,79.70479704797047,14.391143911439114,65.31365313653137
E00104576,371,47,16,31,324,29,295,12.668463611859837,4.31266846361186,8.355795148247978,87.33153638814017,7.816711590296496,79.51482479784366
E00104577,374,51,23,28,323,32,291,13.636363636363635,6.149732620320856,7.4866310160427805,86.36363636363636,8.55614973262032,77.80748663101605
E00104578,313,67,26,41,246,32,214,21.405750798722046,8.30670926517572,13.099041533546327,78.59424920127796,10.223642172523961,68.370607028754
E00104579,218,53,20,33,165,18,147,24.31192660550459,9.174311926605505,15.137614678899084,75.68807339449542,8.256880733944955,67.43119266055045
E00104580,290,62,21,41,228,18,210,21.379310344827587,7.241379310344828,14.13793103448276,78.62068965517241,6.206896551724138,72.41379310344827
E00104581,267,68,31,37,199,15,184,25.468164794007492,11.610486891385769,13.857677902621724,74.53183520599251,5.617977528089887,68.91385767790263
E00104582,253,62,39,23,191,21,170,24.50592885375494,15.41501976284585,9.090909090909092,75.49407114624506,8.300395256916996,67.19367588932806
E00104583,370,125,81,44,245,20,225,33.78378378378378,21.891891891891895,11.891891891891893,66.21621621621621,5.405405405405405,60.810810810810814
E00104584,274,61,26,35,213,25,188,22.26277372262774,9.48905109489051,12.773722627737227,77.73722627737226,9.124087591240876,68.61313868613139
E00104585,270,69,29,40,201,18,183,25.555555555555554,10.74074074074074,14.814814814814813,74.44444444444444,6.666666666666667,67.77777777777779
E00104586,273,75,44,31,198,16,182,27.472527472527474,16.117216117216117,11.355311355311356,72.52747252747253,5.86080586080586,66.66666666666666
E00104587,211,90,51,39,121,14,107,42.65402843601896,24.170616113744074,18.48341232227488,57.345971563981045,6.6350710900473935,50.71090047393365
E00104588,203,59,38,21,144,16,128,29.064039408866993,18.7192118226601,10.344827586206897,70.93596059113301,7.8817733990147785,63.05418719211823
E00104589,274,67,31,36,207,21,186,24.45255474452555,11.313868613138686,13.138686131386862,75.54744525547446,7.664233576642336,67.88321167883211
E00104590,230,47,16,31,183,21,162,20.434782608695652,6.956521739130435,13.478260869565217,79.56521739130434,9.130434782608695,70.43478260869566
E00104591,288,37,15,22,251,24,227,12.847222222222221,5.208333333333334,7.638888888888889,87.15277777777779,8.333333333333332,78.81944444444444
E00104592,325,91,43,48,234,23,211,28.000000000000004,13.230769230769232,14.76923076923077,72,7.076923076923077,64.92307692307693
E00104593,302,80,36,44,222,14,208,26.490066225165563,11.920529801324504,14.56953642384106,73.50993377483444,4.635761589403973,68.87417218543047
E00104594,322,66,30,36,256,23,233,20.496894409937887,9.316770186335404,11.180124223602485,79.5031055900621,7.142857142857142,72.36024844720497
E00104595,314,48,19,29,266,27,239,15.286624203821656,6.050955414012739,9.235668789808917,84.71337579617835,8.598726114649681,76.11464968152866
E00104596,257,39,16,23,218,18,200,15.17509727626459,6.22568093385214,8.949416342412452,84.8249027237354,7.003891050583658,77.82101167315176
E00104597,241,78,43,35,163,15,148,32.365145228215766,17.842323651452283,14.522821576763487,67.63485477178423,6.224066390041494,61.41078838174274
E00104598,215,50,13,37,165,14,151,23.25581395348837,6.046511627906977,17.209302325581397,76.74418604651163,6.511627906976744,70.23255813953489
E00104600,316,74,33,41,242,27,215,23.417721518987342,10.443037974683545,12.974683544303797,76.58227848101265,8.544303797468354,68.0379746835443
E00104601,267,47,15,32,220,28,192,17.60299625468165,5.617977528089887,11.985018726591761,82.39700374531836,10.486891385767791,71.91011235955057
E00104602,373,67,37,30,306,27,279,17.962466487935657,9.919571045576408,8.04289544235925,82.03753351206434,7.238605898123325,74.79892761394102
E00104603,110,33,20,13,77,4,73,30,18.181818181818183,11.818181818181818,70,3.6363636363636362,66.36363636363637
E00104604,441,89,39,50,352,30,322,20.181405895691608,8.843537414965986,11.337868480725625,79.81859410430839,6.802721088435375,73.01587301587301
E00104605,548,119,56,63,429,31,398,21.715328467153284,10.218978102189782,11.496350364963504,78.28467153284672,5.656934306569343,72.62773722627736
E00104606,447,106,52,54,341,36,305,23.713646532438478,11.6331096196868,12.080536912751679,76.28635346756153,8.053691275167784,68.23266219239373
E00104607,249,45,14,31,204,18,186,18.072289156626507,5.622489959839357,12.449799196787147,81.92771084337349,7.228915662650602,74.69879518072288
E00104608,242,68,35,33,174,19,155,28.09917355371901,14.46280991735537,13.636363636363635,71.900826446281,7.851239669421488,64.0495867768595
E00104609,251,79,50,29,172,25,147,31.47410358565737,19.9203187250996,11.553784860557768,68.52589641434263,9.9601593625498,58.56573705179283
E00104610,343,88,38,50,255,12,243,25.65597667638484,11.078717201166182,14.577259475218659,74.34402332361516,3.498542274052478,70.8454810495627
E00104611,332,66,18,48,266,37,229,19.879518072289155,5.421686746987952,14.457831325301203,80.12048192771084,11.144578313253012,68.97590361445783
E00104612,361,67,31,36,294,43,251,18.559556786703602,8.587257617728532,9.97229916897507,81.4404432132964,11.911357340720222,69.52908587257618
E00104613,506,78,26,52,428,40,388,15.41501976284585,5.138339920948617,10.276679841897234,84.58498023715416,7.905138339920949,76.6798418972332
E00104614,274,68,35,33,206,21,185,24.817518248175183,12.773722627737227,12.043795620437956,75.18248175182481,7.664233576642336,67.51824817518248
E00104615,347,104,52,52,243,19,224,29.971181556195965,14.985590778097983,14.985590778097983,70.02881844380403,5.475504322766571,64.55331412103746
E00104616,347,70,21,49,277,21,256,20.172910662824208,6.051873198847262,14.121037463976945,79.82708933717579,6.051873198847262,73.77521613832853
E00104617,435,81,38,43,354,30,324,18.620689655172416,8.735632183908045,9.885057471264368,81.37931034482759,6.896551724137931,74.48275862068967
E00104618,248,73,45,28,175,15,160,29.435483870967744,18.14516129032258,11.29032258064516,70.56451612903226,6.048387096774194,64.51612903225806
E00104619,227,73,35,38,154,14,140,32.158590308370044,15.418502202643172,16.740088105726873,67.84140969162996,6.167400881057269,61.67400881057269
E00104620,338,76,31,45,262,20,242,22.485207100591715,9.171597633136095,13.313609467455622,77.51479289940828,5.9171597633136095,71.59763313609467
E00104621,187,40,26,14,147,21,126,21.390374331550802,13.903743315508022,7.4866310160427805,78.6096256684492,11.229946524064172,67.37967914438502
E00104622,450,105,37,68,345,39,306,23.333333333333332,8.222222222222223,15.11111111111111,76.66666666666667,8.666666666666668,68
E00104623,226,73,34,39,153,20,133,32.30088495575221,15.04424778761062,17.25663716814159,67.69911504424779,8.849557522123893,58.849557522123895
E00104624,303,85,31,54,218,16,202,28.052805280528055,10.231023102310232,17.82178217821782,71.94719471947195,5.2805280528052805,66.66666666666666
E00104626,245,34,11,23,211,24,187,13.877551020408163,4.489795918367347,9.387755102040817,86.12244897959184,9.795918367346939,76.32653061224491
E00104627,294,48,17,31,246,26,220,16.3265306122449,5.782312925170068,10.54421768707483,83.6734693877551,8.843537414965986,74.82993197278913
E00104628,298,47,16,31,251,22,229,15.771812080536913,5.369127516778524,10.40268456375839,84.22818791946308,7.38255033557047,76.84563758389261
E00104629,340,52,21,31,288,31,257,15.294117647058824,6.176470588235294,9.117647058823529,84.70588235294117,9.117647058823529,75.58823529411765
E00104630,295,49,26,23,246,22,224,16.610169491525422,8.813559322033898,7.796610169491526,83.38983050847457,7.457627118644068,75.9322033898305
E00104632,333,47,19,28,286,29,257,14.114114114114114,5.7057057057057055,8.408408408408409,85.88588588588588,8.708708708708707,77.17717717717719
E00104633,260,42,19,23,218,17,201,16.153846153846153,7.307692307692308,8.846153846153847,83.84615384615385,6.538461538461539,77.3076923076923
E00104634,283,56,19,37,227,25,202,19.78798586572438,6.713780918727916,13.074204946996467,80.21201413427562,8.8339222614841,71.37809187279152
E00104635,320,53,21,32,267,29,238,16.5625,6.5625,10,83.4375,9.0625,74.375
E00104636,260,81,29,52,179,22,157,31.153846153846153,11.153846153846155,20,68.84615384615384,8.461538461538462,60.38461538461538
E00104637,219,79,45,34,140,14,126,36.07305936073059,20.54794520547945,15.52511415525114,63.926940639269404,6.392694063926941,57.534246575342465
E00104638,244,66,38,28,178,14,164,27.049180327868854,15.573770491803279,11.475409836065573,72.95081967213115,5.737704918032787,67.21311475409836
E00104639,268,108,71,37,160,20,140,40.298507462686565,26.492537313432834,13.805970149253731,59.70149253731343,7.462686567164178,52.23880597014925
E00104641,252,73,35,38,179,20,159,28.968253968253972,13.88888888888889,15.079365079365079,71.03174603174604,7.936507936507936,63.095238095238095
E00104642,285,64,22,42,221,21,200,22.45614035087719,7.719298245614035,14.736842105263156,77.54385964912281,7.368421052631578,70.17543859649122
E00104643,315,84,50,34,231,23,208,26.666666666666668,15.873015873015872,10.793650793650794,73.33333333333333,7.301587301587302,66.03174603174602
E00104644,290,71,36,35,219,7,212,24.482758620689655,12.413793103448276,12.068965517241379,75.51724137931033,2.413793103448276,73.10344827586206
E00104645,233,77,40,37,156,20,136,33.047210300429185,17.167381974248926,15.879828326180256,66.95278969957081,8.583690987124463,58.36909871244635
E00104646,299,82,36,46,217,26,191,27.424749163879596,12.040133779264215,15.384615384615385,72.5752508361204,8.695652173913043,63.87959866220736
E00104647,295,80,33,47,215,25,190,27.11864406779661,11.186440677966102,15.932203389830507,72.88135593220339,8.47457627118644,64.40677966101694
E00104648,485,77,33,44,408,32,376,15.876288659793813,6.804123711340206,9.072164948453608,84.12371134020619,6.5979381443298974,77.5257731958763
E00104649,258,74,44,30,184,23,161,28.68217054263566,17.05426356589147,11.627906976744185,71.31782945736434,8.914728682170542,62.4031007751938
E00104650,235,85,39,46,150,13,137,36.17021276595745,16.595744680851062,19.574468085106382,63.829787234042556,5.531914893617021,58.29787234042553
E00104651,272,83,51,32,189,23,166,30.514705882352942,18.75,11.76470588235294,69.48529411764706,8.455882352941178,61.029411764705884
E00104652,326,78,41,37,248,18,230,23.92638036809816,12.576687116564417,11.349693251533742,76.07361963190185,5.521472392638037,70.5521472392638
E00104653,282,61,26,35,221,28,193,21.631205673758867,9.219858156028367,12.411347517730496,78.36879432624113,9.929078014184398,68.43971631205675
E00104654,320,59,24,35,261,27,234,18.4375,7.5,10.9375,81.5625,8.4375,73.125
E00104655,267,70,28,42,197,25,172,26.217228464419474,10.486891385767791,15.730337078651685,73.78277153558052,9.363295880149813,64.41947565543072
E00104656,334,56,25,31,278,45,233,16.766467065868262,7.48502994011976,9.281437125748502,83.23353293413174,13.47305389221557,69.76047904191617
E00104657,291,47,20,27,244,34,210,16.151202749140893,6.872852233676976,9.278350515463918,83.8487972508591,11.683848797250858,72.16494845360825
E00104658,245,52,24,28,193,16,177,21.224489795918366,9.795918367346939,11.428571428571429,78.77551020408163,6.530612244897959,72.24489795918367
E00104659,273,57,23,34,216,22,194,20.87912087912088,8.424908424908425,12.454212454212454,79.12087912087912,8.058608058608058,71.06227106227107
E00104661,321,57,26,31,264,18,246,17.75700934579439,8.09968847352025,9.657320872274143,82.2429906542056,5.607476635514018,76.63551401869158
E00104662,486,82,29,53,404,55,349,16.872427983539097,5.967078189300412,10.905349794238683,83.1275720164609,11.316872427983538,71.81069958847736
E00104663,322,39,9,30,283,38,245,12.111801242236025,2.7950310559006213,9.316770186335404,87.88819875776397,11.801242236024844,76.08695652173914
E00104664,306,56,26,30,250,28,222,18.30065359477124,8.49673202614379,9.803921568627452,81.69934640522875,9.15032679738562,72.54901960784314
E00104665,371,86,32,54,285,39,246,23.180592991913745,8.62533692722372,14.555256064690028,76.81940700808624,10.512129380053908,66.30727762803235
E00104666,284,60,30,30,224,28,196,21.12676056338028,10.56338028169014,10.56338028169014,78.87323943661971,9.859154929577464,69.01408450704226
E00104667,233,67,37,30,166,19,147,28.75536480686695,15.879828326180256,12.875536480686694,71.24463519313305,8.15450643776824,63.0901287553648
E00104668,276,71,37,34,205,17,188,25.724637681159418,13.405797101449277,12.318840579710146,74.27536231884058,6.159420289855073,68.11594202898551
E00104669,250,77,32,45,173,22,151,30.8,12.8,18,69.19999999999999,8.799999999999999,60.4
E00104670,247,52,28,24,195,18,177,21.052631578947366,11.336032388663968,9.7165991902834,78.94736842105263,7.28744939271255,71.65991902834008
E00104671,265,48,20,28,217,21,196,18.11320754716981,7.547169811320755,10.566037735849058,81.88679245283019,7.9245283018867925,73.9622641509434
E00104672,283,43,18,25,240,18,222,15.19434628975265,6.36042402826855,8.8339222614841,84.80565371024736,6.36042402826855,78.4452296819788
E00104673,295,59,22,37,236,18,218,20,7.457627118644068,12.54237288135593,80,6.101694915254238,73.89830508474576
E00104674,270,78,37,41,192,17,175,28.888888888888886,13.703703703703704,15.185185185185185,71.11111111111111,6.296296296296296,64.81481481481481
E00104675,246,73,26,47,173,22,151,29.67479674796748,10.569105691056912,19.10569105691057,70.32520325203252,8.94308943089431,61.382113821138205
E00104676,331,56,22,34,275,21,254,16.91842900302115,6.646525679758309,10.27190332326284,83.08157099697885,6.3444108761329305,76.73716012084593
E00104677,235,84,49,35,151,16,135,35.74468085106383,20.851063829787233,14.893617021276595,64.25531914893618,6.808510638297872,57.446808510638306
E00104678,391,50,17,33,341,45,296,12.787723785166241,4.3478260869565215,8.439897698209718,87.21227621483376,11.508951406649617,75.70332480818415
E00104679,219,52,20,32,167,10,157,23.74429223744292,9.1324200913242,14.61187214611872,76.25570776255708,4.5662100456621,71.68949771689498
E00104680,230,70,44,26,160,17,143,30.434782608695656,19.130434782608695,11.304347826086957,69.56521739130434,7.391304347826087,62.17391304347826
E00104681,295,74,40,34,221,28,193,25.08474576271186,13.559322033898304,11.525423728813559,74.91525423728814,9.491525423728813,65.42372881355932
E00104682,258,45,8,37,213,25,188,17.441860465116278,3.10077519379845,14.34108527131783,82.55813953488372,9.689922480620156,72.86821705426357
E00104683,309,79,51,28,230,19,211,25.5663430420712,16.50485436893204,9.06148867313916,74.4336569579288,6.148867313915858,68.28478964401295
E00104684,156,27,18,9,129,14,115,17.307692307692307,11.538461538461538,5.769230769230769,82.6923076923077,8.974358974358974,73.71794871794873
E00104685,403,74,38,36,329,43,286,18.36228287841191,9.429280397022332,8.933002481389577,81.6377171215881,10.669975186104217,70.96774193548387
E00104686,534,145,64,81,389,36,353,27.153558052434455,11.985018726591761,15.168539325842698,72.84644194756554,6.741573033707865,66.10486891385767
E00104687,274,78,40,38,196,18,178,28.467153284671532,14.5985401459854,13.86861313868613,71.53284671532847,6.569343065693431,64.96350364963503
E00104688,255,72,41,31,183,17,166,28.235294117647058,16.07843137254902,12.156862745098039,71.76470588235294,6.666666666666667,65.09803921568627
E00104689,303,51,15,36,252,31,221,16.831683168316832,4.9504950495049505,11.881188118811881,83.16831683168317,10.231023102310232,72.93729372937293
E00104690,252,51,21,30,201,24,177,20.238095238095237,8.333333333333332,11.904761904761903,79.76190476190477,9.523809523809524,70.23809523809523
E00104691,211,37,9,28,174,20,154,17.535545023696685,4.265402843601896,13.270142180094787,82.46445497630332,9.47867298578199,72.98578199052133
E00104692,304,82,49,33,222,19,203,26.973684210526315,16.11842105263158,10.855263157894738,73.02631578947368,6.25,66.77631578947368
E00104693,318,62,21,41,256,28,228,19.49685534591195,6.60377358490566,12.89308176100629,80.50314465408806,8.80503144654088,71.69811320754717
E00104694,300,37,13,24,263,24,239,12.333333333333334,4.333333333333334,8,87.66666666666667,8,79.66666666666666
E00104695,281,53,23,30,228,22,206,18.86120996441281,8.185053380782918,10.676156583629894,81.13879003558719,7.829181494661921,73.30960854092527
E00104696,299,45,16,29,254,22,232,15.050167224080269,5.351170568561873,9.698996655518394,84.94983277591973,7.357859531772576,77.59197324414716
E00104697,307,70,29,41,237,21,216,22.80130293159609,9.446254071661238,13.355048859934854,77.19869706840392,6.840390879478828,70.35830618892508
E00104698,323,36,11,25,287,31,256,11.145510835913312,3.4055727554179565,7.739938080495357,88.85448916408669,9.597523219814242,79.25696594427245
E00104699,289,71,30,41,218,20,198,24.567474048442904,10.380622837370241,14.186851211072666,75.4325259515571,6.920415224913495,68.5121107266436
E00104700,220,39,16,23,181,18,163,17.727272727272727,7.2727272727272725,10.454545454545453,82.27272727272728,8.181818181818182,74.0909090909091
E00104701,294,72,32,40,222,31,191,24.489795918367346,10.884353741496598,13.60544217687075,75.51020408163265,10.54421768707483,64.96598639455783
E00104702,256,41,18,23,215,27,188,16.015625,7.03125,8.984375,83.984375,10.546875,73.4375
E00104703,336,90,64,26,246,27,219,26.785714285714285,19.047619047619047,7.738095238095238,73.21428571428571,8.035714285714286,65.17857142857143
E00104704,316,55,16,39,261,28,233,17.405063291139243,5.063291139240507,12.341772151898734,82.59493670886076,8.860759493670885,73.73417721518987
E00104705,264,54,21,33,210,22,188,20.454545454545457,7.954545454545454,12.5,79.54545454545455,8.333333333333332,71.21212121212122
E00104706,324,57,25,32,267,23,244,17.59259259259259,7.716049382716049,9.876543209876543,82.4074074074074,7.098765432098765,75.30864197530865
E00104707,399,60,20,40,339,21,318,15.037593984962406,5.012531328320802,10.025062656641603,84.9624060150376,5.263157894736842,79.69924812030075
E00104708,294,53,24,29,241,31,210,18.027210884353742,8.16326530612245,9.863945578231291,81.97278911564626,10.54421768707483,71.42857142857143
E00104709,249,62,22,40,187,28,159,24.899598393574294,8.835341365461847,16.06425702811245,75.1004016064257,11.244979919678714,63.85542168674698
E00104710,109,23,6,17,86,10,76,21.100917431192663,5.5045871559633035,15.59633027522936,78.89908256880734,9.174311926605505,69.72477064220183
E00104711,214,60,26,34,154,16,138,28.037383177570092,12.149532710280374,15.887850467289718,71.96261682242991,7.476635514018691,64.48598130841121
E00104712,342,88,49,39,254,17,237,25.730994152046783,14.327485380116958,11.403508771929824,74.26900584795322,4.970760233918129,69.2982456140351
E00104713,348,78,31,47,270,24,246,22.413793103448278,8.908045977011495,13.505747126436782,77.58620689655173,6.896551724137931,70.6896551724138
E00104714,488,107,45,62,381,19,362,21.92622950819672,9.221311475409836,12.704918032786885,78.07377049180327,3.8934426229508197,74.18032786885246
E00104715,390,84,41,43,306,30,276,21.53846153846154,10.512820512820513,11.025641025641026,78.46153846153847,7.6923076923076925,70.76923076923077
E00104716,293,89,46,43,204,21,183,30.37542662116041,15.699658703071673,14.675767918088736,69.6245733788396,7.167235494880546,62.45733788395904
E00104717,237,74,35,39,163,11,152,31.223628691983123,14.767932489451477,16.455696202531644,68.77637130801688,4.641350210970464,64.13502109704642
E00104718,327,82,44,38,245,19,226,25.076452599388375,13.455657492354739,11.62079510703364,74.92354740061162,5.81039755351682,69.1131498470948
E00104719,354,81,30,51,273,28,245,22.88135593220339,8.47457627118644,14.40677966101695,77.11864406779661,7.909604519774012,69.2090395480226
E00104720,271,67,26,41,204,21,183,24.723247232472325,9.59409594095941,15.129151291512915,75.27675276752768,7.7490774907749085,67.52767527675276
E00104721,285,67,32,35,218,27,191,23.50877192982456,11.228070175438596,12.280701754385964,76.49122807017544,9.473684210526317,67.01754385964912
E00104722,291,87,29,58,204,15,189,29.896907216494846,9.965635738831615,19.93127147766323,70.10309278350515,5.154639175257731,64.94845360824742
E00104723,233,48,23,25,185,18,167,20.600858369098713,9.871244635193133,10.72961373390558,79.39914163090128,7.725321888412018,71.67381974248927
E00104725,452,81,31,50,371,34,337,17.920353982300885,6.8584070796460175,11.061946902654867,82.07964601769912,7.52212389380531,74.5575221238938
E00104726,529,89,36,53,440,42,398,16.824196597353495,6.805293005671078,10.01890359168242,83.1758034026465,7.9395085066162565,75.23629489603024
E00104727,260,67,33,34,193,12,181,25.769230769230766,12.692307692307692,13.076923076923078,74.23076923076923,4.615384615384616,69.61538461538461
E00104729,503,97,49,48,406,31,375,19.284294234592444,9.74155069582505,9.542743538767395,80.71570576540755,6.163021868787276,74.55268389662028
E00104731,291,95,52,43,196,25,171,32.64604810996563,17.869415807560138,14.776632302405499,67.35395189003437,8.59106529209622,58.76288659793815
E00104732,282,70,32,38,212,28,184,24.822695035460992,11.347517730496454,13.47517730496454,75.177304964539,9.929078014184398,65.24822695035462
E00104733,194,89,51,38,105,19,86,45.876288659793815,26.288659793814436,19.587628865979383,54.123711340206185,9.793814432989691,44.329896907216494
E00104734,414,66,30,36,348,34,314,15.942028985507244,7.246376811594203,8.695652173913043,84.05797101449275,8.212560386473431,75.84541062801932
E00104735,380,84,47,37,296,30,266,22.105263157894736,12.368421052631579,9.736842105263158,77.89473684210526,7.894736842105263,70
E00104736,275,51,21,30,224,15,209,18.545454545454547,7.636363636363637,10.909090909090908,81.45454545454545,5.454545454545454,76
E00104737,274,47,14,33,227,23,204,17.153284671532848,5.109489051094891,12.043795620437956,82.84671532846716,8.394160583941606,74.45255474452554
E00104738,278,57,26,31,221,24,197,20.503597122302157,9.352517985611511,11.151079136690647,79.49640287769785,8.633093525179856,70.86330935251799
E00104739,214,38,17,21,176,20,156,17.75700934579439,7.943925233644859,9.813084112149532,82.2429906542056,9.345794392523365,72.89719626168224
E00104740,241,57,36,21,184,17,167,23.651452282157674,14.937759336099585,8.71369294605809,76.34854771784232,7.053941908713693,69.29460580912863
E00104741,291,86,38,48,205,12,193,29.553264604810998,13.058419243986256,16.49484536082474,70.44673539518901,4.123711340206185,66.32302405498281
E00104742,302,80,41,39,222,20,202,26.490066225165563,13.57615894039735,12.91390728476821,73.50993377483444,6.622516556291391,66.88741721854305
E00104743,358,58,25,33,300,34,266,16.201117318435752,6.983240223463687,9.217877094972067,83.79888268156425,9.497206703910614,74.30167597765363
E00104744,262,81,35,46,181,17,164,30.916030534351147,13.358778625954198,17.557251908396946,69.08396946564885,6.488549618320611,62.59541984732825
E00104745,325,63,30,33,262,25,237,19.384615384615383,9.230769230769232,10.153846153846153,80.61538461538461,7.6923076923076925,72.92307692307692
E00104746,327,68,29,39,259,18,241,20.795107033639145,8.868501529051988,11.926605504587156,79.20489296636084,5.5045871559633035,73.70030581039755
E00104749,304,66,25,41,238,23,215,21.710526315789476,8.223684210526317,13.486842105263158,78.28947368421053,7.565789473684211,70.72368421052632
E00104750,307,75,33,42,232,12,220,24.429967426710096,10.749185667752444,13.680781758957655,75.57003257328991,3.908794788273615,71.66123778501628
E00104751,322,69,37,32,253,32,221,21.428571428571427,11.490683229813664,9.937888198757763,78.57142857142857,9.937888198757763,68.63354037267081
E00104752,310,79,41,38,231,18,213,25.483870967741932,13.225806451612904,12.258064516129032,74.51612903225806,5.806451612903226,68.70967741935485
E00104753,332,80,42,38,252,19,233,24.096385542168676,12.650602409638553,11.44578313253012,75.90361445783132,5.72289156626506,70.18072289156626
E00104754,284,47,17,30,237,26,211,16.549295774647888,5.985915492957746,10.56338028169014,83.45070422535211,9.15492957746479,74.29577464788733
E00104755,293,89,45,44,204,14,190,30.37542662116041,15.358361774744028,15.017064846416384,69.6245733788396,4.778156996587031,64.84641638225256
E00104756,264,70,42,28,194,14,180,26.515151515151516,15.909090909090908,10.606060606060606,73.48484848484848,5.303030303030303,68.18181818181817
E00104757,167,34,11,23,133,19,114,20.359281437125748,6.58682634730539,13.77245508982036,79.64071856287424,11.377245508982035,68.26347305389223
E00104758,280,42,15,27,238,15,223,15,5.357142857142857,9.642857142857144,85,5.357142857142857,79.64285714285714
E00104760,389,94,48,46,295,21,274,24.164524421593832,12.339331619537274,11.825192802056556,75.83547557840618,5.3984575835475574,70.4370179948586
E00104761,378,99,62,37,279,31,248,26.190476190476193,16.402116402116402,9.788359788359788,73.80952380952381,8.201058201058201,65.60846560846561
E00104763,458,85,39,46,373,30,343,18.5589519650655,8.51528384279476,10.043668122270741,81.4410480349345,6.550218340611353,74.89082969432314
E00104764,264,114,66,48,150,11,139,43.18181818181818,25,18.181818181818183,56.81818181818182,4.166666666666666,52.65151515151515
E00104765,303,79,40,39,224,24,200,26.072607260726073,13.2013201320132,12.871287128712872,73.92739273927393,7.920792079207921,66.006600660066
E00104766,306,77,40,37,229,21,208,25.163398692810457,13.071895424836603,12.091503267973856,74.83660130718954,6.862745098039216,67.97385620915033
E00104767,313,72,25,47,241,13,228,23.003194888178914,7.987220447284344,15.015974440894569,76.99680511182109,4.15335463258786,72.84345047923323
E00104768,422,57,28,29,365,37,328,13.507109004739338,6.6350710900473935,6.872037914691943,86.49289099526067,8.767772511848342,77.72511848341233
E00104769,246,82,38,44,164,15,149,33.33333333333333,15.447154471544716,17.88617886178862,66.66666666666666,6.097560975609756,60.56910569105691
E00104770,445,77,35,42,368,28,340,17.303370786516854,7.865168539325842,9.438202247191011,82.69662921348313,6.292134831460674,76.40449438202246
E00104771,248,58,24,34,190,15,175,23.387096774193548,9.67741935483871,13.709677419354838,76.61290322580645,6.048387096774194,70.56451612903226
E00104772,313,101,53,48,212,13,199,32.26837060702875,16.93290734824281,15.335463258785943,67.73162939297124,4.15335463258786,63.578274760383394
E00104773,381,102,57,45,279,21,258,26.77165354330709,14.960629921259844,11.811023622047244,73.22834645669292,5.511811023622047,67.71653543307087
E00104774,343,89,50,39,254,25,229,25.94752186588921,14.577259475218659,11.370262390670554,74.05247813411079,7.288629737609329,66.76384839650146
E00104775,296,51,23,28,245,24,221,17.22972972972973,7.77027027027027,9.45945945945946,82.77027027027027,8.108108108108109,74.66216216216216
E00104776,226,74,43,31,152,18,134,32.743362831858406,19.02654867256637,13.716814159292035,67.2566371681416,7.964601769911504,59.29203539823009
E00104777,250,55,29,26,195,18,177,22,11.600000000000001,10.4,78,7.199999999999999,70.8
E00104778,295,81,41,40,214,22,192,27.45762711864407,13.898305084745763,13.559322033898304,72.54237288135593,7.457627118644068,65.08474576271186
E00104779,496,112,46,66,384,34,350,22.58064516129032,9.274193548387096,13.306451612903224,77.41935483870968,6.854838709677419,70.56451612903226
E00104780,234,73,41,32,161,12,149,31.196581196581196,17.52136752136752,13.675213675213676,68.80341880341881,5.128205128205128,63.67521367521367
E00104781,375,124,81,43,251,23,228,33.06666666666666,21.6,11.466666666666667,66.93333333333334,6.133333333333333,60.8
E00104782,276,63,35,28,213,11,202,22.82608695652174,12.681159420289855,10.144927536231885,77.17391304347827,3.985507246376811,73.18840579710145
E00104785,296,62,30,32,234,11,223,20.945945945945947,10.135135135135135,10.81081081081081,79.05405405405406,3.7162162162162162,75.33783783783784
E00104786,274,87,63,24,187,14,173,31.751824817518248,22.99270072992701,8.75912408759124,68.24817518248175,5.109489051094891,63.138686131386855
E00104787,315,77,39,38,238,21,217,24.444444444444443,12.380952380952381,12.063492063492063,75.55555555555556,6.666666666666667,68.88888888888889
E00104788,238,87,62,25,151,7,144,36.554621848739494,26.05042016806723,10.504201680672269,63.4453781512605,2.941176470588235,60.50420168067227
E00104789,260,61,24,37,199,22,177,23.46153846153846,9.230769230769232,14.23076923076923,76.53846153846153,8.461538461538462,68.07692307692308
E00104790,308,60,27,33,248,30,218,19.480519480519483,8.766233766233766,10.714285714285714,80.51948051948052,9.740259740259742,70.77922077922078
E00104791,273,83,35,48,190,14,176,30.4029304029304,12.82051282051282,17.582417582417584,69.59706959706959,5.128205128205128,64.46886446886447
E00104792,273,67,29,38,206,24,182,24.54212454212454,10.622710622710622,13.91941391941392,75.45787545787546,8.791208791208792,66.66666666666666
E00104793,274,92,43,49,182,22,160,33.57664233576642,15.693430656934307,17.88321167883212,66.42335766423358,8.02919708029197,58.3941605839416
E00104794,299,64,29,35,235,23,212,21.40468227424749,9.698996655518394,11.705685618729097,78.59531772575251,7.6923076923076925,70.903010033444815
E00104795,384,54,21,33,330,36,294,14.0625,5.46875,8.59375,85.9375,9.375,76.5625
E00104796,543,81,28,53,462,39,423,14.917127071823206,5.156537753222836,9.760589318600369,85.0828729281768,7.18232044198895,77.90055248618785
E00104797,337,68,34,34,269,23,246,20.178041543026705,10.089020771513352,10.089020771513352,79.82195845697329,6.824925816023739,72.99703264094956
E00104798,341,123,77,46,218,20,198,36.070381231671554,22.58064516129032,13.48973607038123,63.929618768328446,5.865102639296188,58.06451612903226
E00104799,349,88,43,45,261,18,243,25.214899713467048,12.320916905444127,12.893982808022923,74.78510028653295,5.157593123209169,69.62750716332378
E00104800,245,67,38,29,178,14,164,27.346938775510203,15.510204081632653,11.83673469387755,72.6530612244898,5.714285714285714,66.93877551020408
E00104801,346,80,36,44,266,36,230,23.121387283236995,10.404624277456648,12.716763005780345,76.878612716763,10.404624277456648,66.47398843930635
E00104802,315,77,42,35,238,20,218,24.444444444444443,13.333333333333334,11.11111111111111,75.55555555555556,6.349206349206349,69.2063492063492
E00104803,248,102,67,35,146,26,120,41.12903225806452,27.016129032258064,14.112903225806454,58.87096774193549,10.483870967741936,48.38709677419355
E00104804,331,68,27,41,263,28,235,20.54380664652568,8.157099697885197,12.386706948640484,79.45619335347432,8.459214501510575,70.99697885196375
E00104805,386,47,17,30,339,34,305,12.176165803108809,4.404145077720207,7.772020725388601,87.8238341968912,8.808290155440414,79.01554404145078
E00104806,259,41,17,24,218,19,199,15.83011583011583,6.563706563706563,9.266409266409266,84.16988416988417,7.335907335907336,76.83397683397683
E00104807,241,61,25,36,180,26,154,25.311203319502074,10.37344398340249,14.937759336099585,74.68879668049793,10.78838174273859,63.90041493775933
E00104808,257,68,29,39,189,23,166,26.459143968871597,11.284046692607005,15.17509727626459,73.54085603112841,8.949416342412452,64.59143968871595
E00104809,310,55,18,37,255,19,236,17.741935483870968,5.806451612903226,11.935483870967742,82.25806451612904,6.129032258064516,76.12903225806451
E00104810,302,34,12,22,268,28,240,11.258278145695364,3.9735099337748347,7.28476821192053,88.74172185430463,9.271523178807946,79.47019867549669
E00104812,252,67,32,35,185,20,165,26.58730158730159,12.698412698412698,13.88888888888889,73.4126984126984,7.936507936507936,65.47619047619048
E00104813,313,60,23,37,253,32,221,19.169329073482427,7.348242811501597,11.821086261980831,80.83067092651757,10.223642172523961,70.6070287539936
E00104814,298,78,45,33,220,26,194,26.174496644295303,15.100671140939598,11.073825503355705,73.8255033557047,8.724832214765101,65.1006711409396
E00104815,306,68,28,40,238,29,209,22.22222222222222,9.15032679738562,13.071895424836603,77.77777777777779,9.477124183006536,68.30065359477125
E00104816,267,75,35,40,192,13,179,28.08988764044944,13.108614232209737,14.981273408239701,71.91011235955057,4.868913857677903,67.04119850187266
E00104817,197,36,17,19,161,14,147,18.274111675126903,8.629441624365482,9.644670050761421,81.7258883248731,7.1065989847715745,74.61928934010153
E00104818,359,57,24,33,302,31,271,15.87743732590529,6.685236768802229,9.192200557103064,84.12256267409471,8.635097493036211,75.4874651810585
E00104819,237,34,10,24,203,18,185,14.345991561181433,4.219409282700422,10.126582278481013,85.65400843881856,7.59493670886076,78.05907172995781
E00104820,224,54,29,25,170,10,160,24.107142857142858,12.946428571428573,11.160714285714286,75.89285714285714,4.464285714285714,71.42857142857143
E00104821,315,51,26,25,264,26,238,16.19047619047619,8.253968253968253,7.936507936507936,83.80952380952381,8.253968253968253,75.55555555555556
E00104822,246,59,23,36,187,26,161,23.983739837398375,9.34959349593496,14.634146341463413,76.01626016260163,10.569105691056912,65.4471544715447
E00104823,284,57,25,32,227,12,215,20.070422535211268,8.80281690140845,11.267605633802818,79.92957746478874,4.225352112676056,75.70422535211267
E00104824,372,117,68,49,255,25,230,31.451612903225808,18.27956989247312,13.172043010752688,68.54838709677419,6.720430107526881,61.82795698924731
E00104825,249,70,34,36,179,24,155,28.11244979919679,13.654618473895583,14.457831325301203,71.8875502008032,9.63855421686747,62.24899598393574
E00104826,326,72,32,40,254,25,229,22.085889570552148,9.815950920245399,12.269938650306749,77.91411042944786,7.668711656441718,70.24539877300614
E00104827,332,108,55,53,224,18,206,32.53012048192771,16.566265060240966,15.963855421686745,67.46987951807229,5.421686746987952,62.048192771084345
E00104828,285,60,33,27,225,29,196,21.052631578947366,11.578947368421053,9.473684210526317,78.94736842105263,10.175438596491228,68.77192982456141
E00104829,261,50,23,27,211,26,185,19.157088122605366,8.812260536398467,10.344827586206897,80.84291187739464,9.961685823754788,70.88122605363985
E00104830,376,75,34,41,301,21,280,19.9468085106383,9.042553191489363,10.904255319148938,80.0531914893617,5.585106382978723,74.46808510638297
E00104831,184,46,16,30,138,10,128,25,8.695652173913043,16.304347826086957,75,5.434782608695652,69.56521739130434
E00104832,312,55,17,38,257,27,230,17.628205128205128,5.448717948717949,12.179487179487179,82.37179487179486,8.653846153846153,73.71794871794873
E00104833,326,106,59,47,220,23,197,32.515337423312886,18.098159509202453,14.417177914110429,67.48466257668711,7.05521472392638,60.42944785276073
E00104834,420,152,94,58,268,23,245,36.19047619047619,22.380952380952383,13.80952380952381,63.8095238095238,5.476190476190476,58.333333333333336
E00104835,425,85,37,48,340,29,311,20,8.705882352941176,11.294117647058824,80,6.8235294117647065,73.1764705882353
E00104836,273,53,19,34,220,19,201,19.413919413919416,6.95970695970696,12.454212454212454,80.58608058608058,6.95970695970696,73.62637362637363
E00104837,250,57,33,24,193,17,176,22.8,13.200000000000001,9.6,77.2,6.800000000000001,70.39999999999999
E00104838,207,53,25,28,154,11,143,25.60386473429952,12.077294685990339,13.526570048309178,74.39613526570048,5.314009661835748,69.08212560386472
E00104839,314,135,86,49,179,21,158,42.99363057324841,27.388535031847134,15.605095541401273,57.00636942675159,6.687898089171974,50.318471337579616
E00104840,319,78,37,41,241,25,216,24.45141065830721,11.598746081504702,12.852664576802509,75.54858934169279,7.836990595611286,67.7115987460815
E00104841,313,63,20,43,250,20,230,20.12779552715655,6.3897763578274756,13.738019169329075,79.87220447284345,6.3897763578274756,73.48242811501598
E00104842,610,99,44,55,511,61,450,16.229508196721312,7.213114754098362,9.01639344262295,83.77049180327869,10,73.77049180327869
E00104843,323,78,42,36,245,18,227,24.148606811145513,13.003095975232199,11.145510835913312,75.85139318885449,5.572755417956656,70.27863777089783
E00104844,318,69,29,40,249,15,234,21.69811320754717,9.119496855345911,12.578616352201259,78.30188679245283,4.716981132075472,73.58490566037736
E00104845,322,66,28,38,256,29,227,20.496894409937887,8.695652173913043,11.801242236024844,79.5031055900621,9.006211180124224,70.4968944099379
E00104846,352,68,23,45,284,28,256,19.318181818181817,6.534090909090909,12.784090909090908,80.68181818181817,7.954545454545454,72.72727272727273
E00104847,440,56,15,41,384,37,347,12.727272727272727,3.4090909090909087,9.318181818181818,87.27272727272727,8.409090909090908,78.86363636363637
E00104848,138,42,19,23,96,9,87,30.434782608695656,13.768115942028986,16.666666666666664,69.56521739130434,6.521739130434782,63.04347826086957
E00104849,305,35,7,28,270,31,239,11.475409836065573,2.2950819672131146,9.180327868852459,88.52459016393442,10.163934426229508,78.36065573770492
E00104850,300,54,19,35,246,33,213,18,6.333333333333334,11.666666666666666,82,11,71
E00104851,254,58,17,41,196,20,176,22.83464566929134,6.692913385826772,16.141732283464567,77.16535433070865,7.874015748031496,69.29133858267717
E00104852,295,59,26,33,236,25,211,20,8.813559322033898,11.186440677966102,80,8.47457627118644,71.52542372881356
E00104853,258,44,20,24,214,22,192,17.05426356589147,7.751937984496124,9.30232558139535,82.94573643410853,8.527131782945736,74.4186046511628
E00104854,257,56,19,37,201,28,173,21.78988326848249,7.392996108949417,14.396887159533073,78.21011673151752,10.894941634241246,67.31517509727627
E00104855,252,43,15,28,209,9,200,17.063492063492063,5.952380952380952,11.11111111111111,82.93650793650794,3.571428571428571,79.36507936507937
E00104856,557,89,30,59,468,44,424,15.978456014362658,5.385996409335727,10.59245960502693,84.02154398563735,7.899461400359066,76.12208258527828
E00104857,320,59,16,43,261,28,233,18.4375,5,13.4375,81.5625,8.75,72.8125
E00104858,178,43,16,27,135,12,123,24.15730337078652,8.98876404494382,15.168539325842698,75.84269662921348,6.741573033707865,69.10112359550563
E00104859,268,39,13,26,229,26,203,14.55223880597015,4.850746268656716,9.701492537313433,85.44776119402985,9.701492537313433,75.74626865671642
E00104860,275,51,17,34,224,29,195,18.545454545454547,6.181818181818182,12.363636363636363,81.45454545454545,10.545454545454545,70.9090909090909
E00104861,269,70,29,41,199,16,183,26.022304832713754,10.780669144981413,15.241635687732341,73.97769516728626,5.947955390334572,68.02973977695167
E00104862,289,87,44,43,202,27,175,30.103806228373703,15.22491349480969,14.878892733564014,69.8961937716263,9.342560553633218,60.553633217993074
E00104863,296,57,25,32,239,24,215,19.256756756756758,8.445945945945946,10.81081081081081,80.74324324324324,8.108108108108109,72.63513513513513
E00104864,260,68,34,34,192,13,179,26.153846153846157,13.076923076923078,13.076923076923078,73.84615384615385,5,68.84615384615384
E00104865,312,75,42,33,237,19,218,24.03846153846154,13.461538461538462,10.576923076923077,75.96153846153845,6.089743589743589,69.87179487179486
E00104866,360,84,38,46,276,23,253,23.333333333333332,10.555555555555555,12.777777777777777,76.66666666666667,6.388888888888888,70.27777777777777
E00104867,230,81,47,34,149,20,129,35.21739130434783,20.434782608695652,14.782608695652174,64.78260869565217,8.695652173913043,56.086956521739125
E00104868,304,76,37,39,228,27,201,25,12.171052631578947,12.828947368421053,75,8.881578947368421,66.11842105263158
E00104869,272,80,31,49,192,15,177,29.411764705882355,11.397058823529411,18.014705882352942,70.58823529411765,5.514705882352941,65.07352941176471
E00104870,337,60,24,36,277,21,256,17.804154302670625,7.121661721068249,10.682492581602373,82.19584569732937,6.231454005934718,75.96439169139467
E00104871,222,29,14,15,193,18,175,13.063063063063062,6.306306306306306,6.756756756756757,86.93693693693693,8.108108108108109,78.82882882882883
E00104872,337,75,37,38,262,26,236,22.255192878338278,10.979228486646884,11.275964391691394,77.74480712166172,7.71513353115727,70.02967359050444
E00104873,334,102,52,50,232,26,206,30.538922155688624,15.568862275449103,14.97005988023952,69.46107784431138,7.784431137724551,61.67664670658682
E00104874,278,80,30,50,198,16,182,28.776978417266186,10.79136690647482,17.985611510791365,71.22302158273382,5.755395683453238,65.46762589928058
E00104875,231,60,34,26,171,14,157,25.97402597402597,14.71861471861472,11.255411255411255,74.02597402597402,6.0606060606060606,67.96536796536796
E00104876,160,69,37,32,91,9,82,43.125,23.125,20,56.875,5.625,51.24999999999999
E00104877,285,66,35,31,219,14,205,23.157894736842106,12.280701754385964,10.87719298245614,76.84210526315789,4.912280701754386,71.9298245614035
E00104878,278,64,24,40,214,22,192,23.021582733812952,8.633093525179856,14.388489208633093,76.97841726618705,7.913669064748201,69.06474820143885
E00104879,222,55,27,28,167,22,145,24.774774774774773,12.162162162162163,12.612612612612612,75.22522522522522,9.90990990990991,65.31531531531532
E00104880,232,65,25,40,167,20,147,28.01724137931034,10.775862068965516,17.24137931034483,71.98275862068965,8.620689655172415,63.36206896551724
E00104881,230,84,43,41,146,13,133,36.52173913043478,18.695652173913043,17.82608695652174,63.47826086956522,5.6521739130434785,57.826086956521735
E00104882,276,92,48,44,184,15,169,33.33333333333333,17.391304347826086,15.942028985507244,66.66666666666666,5.434782608695652,61.23188405797102
E00104883,299,79,43,36,220,16,204,26.421404682274247,14.381270903010032,12.040133779264215,73.57859531772574,5.351170568561873,68.22742474916387
E00104884,250,72,35,37,178,13,165,28.799999999999997,14.000000000000002,14.799999999999999,71.2,5.2,66
E00104885,445,101,45,56,344,25,319,22.696629213483146,10.112359550561797,12.584269662921349,77.30337078651685,5.617977528089887,71.68539325842697
E00104886,242,77,43,34,165,24,141,31.818181818181817,17.768595041322314,14.049586776859504,68.18181818181817,9.917355371900827,58.26446280991735
E00104887,228,64,23,41,164,16,148,28.07017543859649,10.087719298245613,17.982456140350877,71.9298245614035,7.017543859649122,64.91228070175438
E00104888,315,61,23,38,254,15,239,19.365079365079367,7.301587301587302,12.063492063492063,80.63492063492063,4.761904761904762,75.87301587301587
E00104889,272,84,39,45,188,21,167,30.88235294117647,14.338235294117647,16.544117647058822,69.11764705882352,7.720588235294118,61.39705882352941
E00104890,545,126,57,69,419,42,377,23.119266055045873,10.458715596330276,12.660550458715598,76.88073394495413,7.706422018348624,69.1743119266055
E00104891,218,65,31,34,153,20,133,29.81651376146789,14.220183486238533,15.59633027522936,70.18348623853211,9.174311926605505,61.00917431192661
E00104892,182,83,48,35,99,9,90,45.604395604395606,26.373626373626376,19.230769230769234,54.395604395604394,4.945054945054945,49.45054945054945
E00104893,210,74,41,33,136,20,116,35.23809523809524,19.523809523809526,15.714285714285714,64.76190476190476,9.523809523809524,55.23809523809524
E00104894,291,81,33,48,210,22,188,27.835051546391753,11.34020618556701,16.49484536082474,72.16494845360825,7.560137457044673,64.60481099656357
E00104895,234,72,30,42,162,21,141,30.76923076923077,12.82051282051282,17.94871794871795,69.23076923076923,8.974358974358974,60.256410256410255
E00104896,279,68,32,36,211,27,184,24.372759856630825,11.469534050179211,12.903225806451612,75.62724014336918,9.67741935483871,65.94982078853047
E00104897,287,68,28,40,219,18,201,23.693379790940767,9.75609756097561,13.937282229965156,76.30662020905923,6.2717770034843205,70.03484320557492
E00104898,331,86,40,46,245,18,227,25.981873111782477,12.084592145015106,13.897280966767372,74.01812688821752,5.438066465256798,68.58006042296071
E00104899,186,94,55,39,92,11,81,50.53763440860215,29.56989247311828,20.967741935483872,49.46236559139785,5.913978494623656,43.54838709677419
E00104900,206,114,63,51,92,13,79,55.33980582524271,30.582524271844658,24.75728155339806,44.66019417475729,6.310679611650485,38.349514563106794
E00104901,313,120,77,43,193,16,177,38.33865814696485,24.600638977635782,13.738019169329075,61.66134185303515,5.111821086261981,56.54952076677316
E00104902,346,88,40,48,258,27,231,25.43352601156069,11.560693641618498,13.872832369942195,74.56647398843931,7.803468208092486,66.76300578034682
E00104903,276,72,41,31,204,18,186,26.08695652173913,14.855072463768115,11.231884057971014,73.91304347826086,6.521739130434782,67.3913043478261
E00104904,188,84,47,37,104,3,101,44.680851063829785,25,19.680851063829788,55.319148936170215,1.5957446808510638,53.72340425531915
E00104905,239,56,24,32,183,15,168,23.430962343096233,10.0418410041841,13.389121338912133,76.56903765690377,6.2761506276150625,70.29288702928869
E00104906,209,49,17,32,160,16,144,23.444976076555022,8.133971291866029,15.311004784688995,76.55502392344498,7.655502392344498,68.89952153110048
E00104907,319,84,41,43,235,20,215,26.332288401253916,12.852664576802509,13.479623824451412,73.66771159874608,6.269592476489027,67.39811912225704
E00104908,263,61,29,32,202,23,179,23.193916349809886,11.02661596958175,12.167300380228136,76.80608365019012,8.745247148288973,68.06083650190115
E00104909,264,59,29,30,205,32,173,22.348484848484848,10.984848484848484,11.363636363636363,77.65151515151516,12.121212121212121,65.53030303030303
E00104910,256,64,41,23,192,14,178,25,16.015625,8.984375,75,5.46875,69.53125
E00104911,317,172,80,92,145,13,132,54.25867507886435,25.236593059936908,29.02208201892745,45.74132492113564,4.100946372239748,41.6403785488959
E00104912,256,55,22,33,201,21,180,21.484375,8.59375,12.890625,78.515625,8.203125,70.3125
E00104913,261,67,26,41,194,23,171,25.67049808429119,9.961685823754788,15.708812260536398,74.32950191570882,8.812260536398467,65.51724137931035
E00104914,282,48,18,30,234,24,210,17.02127659574468,6.382978723404255,10.638297872340425,82.97872340425532,8.51063829787234,74.46808510638297
E00104915,321,102,49,53,219,33,186,31.775700934579437,15.264797507788161,16.510903426791277,68.22429906542055,10.2803738317757,57.943925233644855
E00104916,298,57,19,38,241,23,218,19.12751677852349,6.375838926174497,12.751677852348994,80.87248322147651,7.718120805369128,73.15436241610739
E00104917,344,94,44,50,250,17,233,27.325581395348834,12.790697674418606,14.534883720930234,72.67441860465115,4.941860465116279,67.73255813953489
E00104918,230,86,53,33,144,13,131,37.391304347826086,23.043478260869566,14.347826086956522,62.60869565217392,5.6521739130434785,56.95652173913044
E00104919,282,63,22,41,219,30,189,22.340425531914892,7.801418439716312,14.539007092198581,77.6595744680851,10.638297872340425,67.02127659574468
E00104920,267,65,31,34,202,27,175,24.344569288389515,11.610486891385769,12.734082397003746,75.65543071161048,10.112359550561797,65.54307116104869
E00104921,242,58,35,23,184,15,169,23.96694214876033,14.46280991735537,9.50413223140496,76.03305785123968,6.198347107438017,69.83471074380165
E00104922,286,54,18,36,232,20,212,18.88111888111888,6.293706293706294,12.587412587412588,81.11888111888112,6.993006993006993,74.12587412587412
E00104923,270,40,8,32,230,24,206,14.814814814814813,2.9629629629629632,11.851851851851853,85.18518518518519,8.88888888888889,76.29629629629629
E00104924,213,58,26,32,155,13,142,27.230046948356808,12.206572769953052,15.023474178403756,72.76995305164318,6.103286384976526,66.66666666666666
E00104925,270,69,32,37,201,19,182,25.555555555555554,11.851851851851853,13.703703703703704,74.44444444444444,7.037037037037037,67.4074074074074
E00104926,319,72,25,47,247,34,213,22.570532915360502,7.836990595611286,14.733542319749215,77.4294670846395,10.658307210031348,66.77115987460816
E00104927,300,73,29,44,227,24,203,24.333333333333336,9.666666666666666,14.666666666666666,75.66666666666667,8,67.66666666666666
E00104928,333,60,18,42,273,24,249,18.01801801801802,5.405405405405405,12.612612612612612,81.98198198198197,7.207207207207207,74.77477477477478
E00104929,235,46,19,27,189,21,168,19.574468085106382,8.085106382978724,11.48936170212766,80.42553191489363,8.936170212765958,71.48936170212767
E00104930,205,69,35,34,136,10,126,33.65853658536586,17.073170731707318,16.585365853658537,66.34146341463415,4.878048780487805,61.46341463414634
E00104932,321,77,38,39,244,27,217,23.98753894080997,11.838006230529595,12.149532710280374,76.01246105919003,8.411214953271028,67.601246105919
E00104933,235,87,47,40,148,22,126,37.02127659574468,20,17.02127659574468,62.97872340425532,9.361702127659575,53.61702127659574
E00104934,213,48,23,25,165,16,149,22.535211267605636,10.7981220657277,11.737089201877934,77.46478873239437,7.511737089201878,69.95305164319248
E00104935,292,66,37,29,226,19,207,22.602739726027394,12.67123287671233,9.931506849315069,77.3972602739726,6.506849315068493,70.8904109589041
E00104936,271,53,20,33,218,27,191,19.557195571955717,7.380073800738007,12.177121771217712,80.44280442804428,9.96309963099631,70.47970479704797
E00104937,383,71,34,37,312,34,278,18.5378590078329,8.87728459530026,9.660574412532636,81.4621409921671,8.87728459530026,72.58485639686684
E00104938,308,80,42,38,228,20,208,25.97402597402597,13.636363636363635,12.337662337662337,74.02597402597402,6.493506493506493,67.53246753246754
E00104940,260,68,39,29,192,20,172,26.153846153846157,15,11.153846153846155,73.84615384615385,7.6923076923076925,66.15384615384615
E00104941,301,56,34,22,245,19,226,18.6046511627907,11.295681063122924,7.308970099667775,81.3953488372093,6.312292358803987,75.08305647840533
E00104942,277,68,32,36,209,14,195,24.548736462093864,11.552346570397113,12.996389891696749,75.45126353790613,5.054151624548736,70.3971119133574
E00104943,349,64,22,42,285,27,258,18.33810888252149,6.303724928366762,12.034383954154727,81.66189111747852,7.736389684813753,73.92550143266476
E00104944,308,58,21,37,250,33,217,18.83116883116883,6.8181818181818175,12.012987012987013,81.16883116883116,10.714285714285714,70.45454545454545
E00104945,343,63,20,43,280,35,245,18.367346938775512,5.830903790087463,12.536443148688047,81.63265306122449,10.204081632653061,71.42857142857143
E00104946,324,54,21,33,270,27,243,16.666666666666664,6.481481481481481,10.185185185185185,83.33333333333334,8.333333333333332,75
E00104947,324,40,20,20,284,25,259,12.345679012345679,6.172839506172839,6.172839506172839,87.65432098765432,7.716049382716049,79.93827160493827
E00104948,285,41,12,29,244,29,215,14.385964912280702,4.2105263157894735,10.175438596491228,85.6140350877193,10.175438596491228,75.43859649122807
E00104949,276,34,15,19,242,34,208,12.318840579710146,5.434782608695652,6.884057971014493,87.68115942028986,12.318840579710146,75.36231884057972
E00104950,342,83,30,53,259,21,238,24.269005847953213,8.771929824561402,15.497076023391813,75.73099415204678,6.140350877192982,69.5906432748538
E00104951,264,61,21,40,203,29,174,23.106060606060606,7.954545454545454,15.151515151515152,76.89393939393939,10.984848484848484,65.9090909090909
E00104952,313,46,20,26,267,26,241,14.696485623003195,6.3897763578274756,8.30670926517572,85.3035143769968,8.30670926517572,76.99680511182109
E00104953,239,42,14,28,197,20,177,17.573221757322173,5.857740585774058,11.715481171548117,82.42677824267783,8.368200836820083,74.05857740585773
E00104954,237,41,15,26,196,27,169,17.29957805907173,6.329113924050633,10.970464135021098,82.70042194092827,11.39240506329114,71.30801687763713
E00104955,223,39,17,22,184,21,163,17.48878923766816,7.623318385650224,9.865470852017937,82.51121076233184,9.417040358744394,73.09417040358744
E00104956,297,44,16,28,253,29,224,14.814814814814813,5.387205387205387,9.427609427609427,85.18518518518519,9.764309764309765,75.42087542087542
E00104957,265,54,17,37,211,26,185,20.37735849056604,6.415094339622642,13.962264150943396,79.62264150943396,9.811320754716983,69.81132075471697
E00104958,395,58,24,34,337,31,306,14.683544303797468,6.075949367088607,8.60759493670886,85.31645569620252,7.848101265822785,77.46835443037975
E00104959,444,78,37,41,366,35,331,17.56756756756757,8.333333333333332,9.234234234234235,82.43243243243244,7.882882882882883,74.54954954954955
E00104960,314,33,8,25,281,32,249,10.509554140127388,2.547770700636943,7.961783439490445,89.49044585987261,10.191082802547772,79.29936305732484
E00104961,399,92,45,47,307,39,268,23.05764411027569,11.278195488721805,11.779448621553884,76.94235588972431,9.774436090225564,67.16791979949875
E00104962,404,58,18,40,346,28,318,14.356435643564355,4.455445544554455,9.900990099009901,85.64356435643565,6.9306930693069315,78.71287128712872
E00104963,386,83,34,49,303,27,276,21.502590673575128,8.808290155440414,12.694300518134716,78.49740932642487,6.994818652849741,71.50259067357513
E00104965,271,40,14,26,231,24,207,14.760147601476014,5.166051660516605,9.59409594095941,85.23985239852398,8.856088560885608,76.38376383763837
E00104966,272,53,24,29,219,16,203,19.485294117647058,8.823529411764707,10.661764705882353,80.51470588235294,5.88235294117647,74.63235294117648
E00104967,298,45,16,29,253,29,224,15.100671140939598,5.369127516778524,9.731543624161073,84.8993288590604,9.731543624161073,75.16778523489933
E00104968,304,61,32,29,243,17,226,20.065789473684212,10.526315789473683,9.539473684210527,79.93421052631578,5.592105263157895,74.3421052631579
E00104969,344,92,53,39,252,16,236,26.744186046511626,15.406976744186046,11.337209302325581,73.25581395348837,4.651162790697675,68.6046511627907
E00104970,211,96,58,38,115,14,101,45.497630331753555,27.488151658767773,18.009478672985782,54.502369668246445,6.6350710900473935,47.867298578199055
E00104971,322,54,19,35,268,25,243,16.77018633540373,5.900621118012422,10.869565217391305,83.22981366459628,7.763975155279502,75.46583850931677
E00104972,260,61,32,29,199,27,172,23.46153846153846,12.307692307692308,11.153846153846155,76.53846153846153,10.384615384615385,66.15384615384615
E00104973,292,78,42,36,214,22,192,26.71232876712329,14.383561643835616,12.32876712328767,73.28767123287672,7.534246575342466,65.75342465753424
E00104974,319,61,23,38,258,30,228,19.122257053291534,7.210031347962382,11.912225705329153,80.87774294670847,9.404388714733543,71.47335423197492
E00104975,307,81,43,38,226,17,209,26.384364820846905,14.006514657980457,12.37785016286645,73.61563517915309,5.537459283387622,68.07817589576547
E00104976,358,105,64,41,253,31,222,29.329608938547487,17.877094972067038,11.452513966480447,70.6703910614525,8.659217877094973,62.01117318435754
E00104977,333,103,67,36,230,19,211,30.930930930930934,20.12012012012012,10.81081081081081,69.06906906906907,5.7057057057057055,63.36336336336337
E00104978,322,42,19,23,280,24,256,13.043478260869565,5.900621118012422,7.142857142857142,86.95652173913044,7.453416149068323,79.5031055900621
E00104979,328,66,23,43,262,18,244,20.121951219512198,7.01219512195122,13.109756097560975,79.8780487804878,5.487804878048781,74.39024390243902
E00104980,289,93,53,40,196,19,177,32.17993079584775,18.33910034602076,13.84083044982699,67.82006920415225,6.5743944636678195,61.245674740484425
E00104981,254,100,53,47,154,20,134,39.37007874015748,20.866141732283463,18.503937007874015,60.629921259842526,7.874015748031496,52.75590551181102
E00104982,179,66,38,28,113,12,101,36.87150837988827,21.22905027932961,15.64245810055866,63.128491620111724,6.70391061452514,56.424581005586596
E00104983,242,79,42,37,163,23,140,32.64462809917356,17.355371900826448,15.289256198347106,67.35537190082644,9.50413223140496,57.85123966942148
E00104984,236,51,28,23,185,18,167,21.610169491525426,11.864406779661017,9.745762711864407,78.38983050847457,7.627118644067797,70.76271186440678
E00104985,312,55,21,34,257,27,230,17.628205128205128,6.730769230769231,10.897435897435898,82.37179487179486,8.653846153846153,73.71794871794873
E00104986,294,55,18,37,239,20,219,18.70748299319728,6.122448979591836,12.585034013605442,81.29251700680273,6.802721088435375,74.48979591836735
E00104987,242,70,41,29,172,15,157,28.92561983471074,16.94214876033058,11.983471074380166,71.07438016528926,6.198347107438017,64.87603305785123
E00104988,219,47,29,18,172,15,157,21.461187214611872,13.24200913242009,8.21917808219178,78.53881278538812,6.8493150684931505,71.68949771689498
E00104989,256,47,25,22,209,22,187,18.359375,9.765625,8.59375,81.640625,8.59375,73.046875
E00104990,145,74,48,26,71,8,63,51.03448275862069,33.10344827586207,17.93103448275862,48.96551724137931,5.517241379310345,43.44827586206896
E00104991,372,95,41,54,277,23,254,25.537634408602152,11.021505376344086,14.516129032258066,74.46236559139786,6.182795698924731,68.27956989247312
E00104992,239,50,19,31,189,26,163,20.920502092050206,7.949790794979079,12.97071129707113,79.07949790794979,10.87866108786611,68.20083682008368
E00104993,300,61,24,37,239,26,213,20.333333333333332,8,12.333333333333334,79.66666666666666,8.666666666666668,71
E00104994,289,78,32,46,211,22,189,26.989619377162633,11.072664359861593,15.916955017301039,73.01038062283737,7.612456747404845,65.39792387543253
E00104995,203,40,17,23,163,18,145,19.704433497536947,8.374384236453201,11.330049261083744,80.29556650246306,8.866995073891626,71.42857142857143
E00104996,239,43,16,27,196,17,179,17.99163179916318,6.694560669456067,11.297071129707113,82.00836820083683,7.112970711297072,74.89539748953975
E00104997,258,53,22,31,205,32,173,20.54263565891473,8.527131782945736,12.015503875968992,79.45736434108527,12.4031007751938,67.05426356589147
E00104998,279,58,26,32,221,24,197,20.78853046594982,9.31899641577061,11.469534050179211,79.21146953405018,8.60215053763441,70.60931899641577
E00104999,283,57,30,27,226,34,192,20.141342756183743,10.60070671378092,9.540636042402827,79.85865724381625,12.014134275618375,67.84452296819788
E00105000,277,61,34,27,216,19,197,22.021660649819495,12.274368231046932,9.747292418772563,77.9783393501805,6.859205776173286,71.11913357400722
E00105001,263,56,14,42,207,18,189,21.292775665399237,5.323193916349809,15.96958174904943,78.70722433460075,6.844106463878327,71.86311787072243
E00105002,219,46,27,19,173,11,162,21.00456621004566,12.32876712328767,8.67579908675799,78.99543378995433,5.0228310502283104,73.97260273972603
E00105003,237,60,24,36,177,22,155,25.31645569620253,10.126582278481013,15.18987341772152,74.68354430379746,9.282700421940929,65.40084388185655
E00105004,396,68,21,47,328,47,281,17.17171717171717,5.303030303030303,11.868686868686869,82.82828282828282,11.868686868686869,70.95959595959596
E00105005,291,50,18,32,241,21,220,17.18213058419244,6.185567010309279,10.996563573883162,82.81786941580756,7.216494845360824,75.60137457044674
E00105006,269,73,26,47,196,23,173,27.137546468401485,9.66542750929368,17.472118959107807,72.86245353159852,8.550185873605948,64.31226765799256
E00105007,300,79,39,40,221,20,201,26.333333333333332,13,13.333333333333334,73.66666666666667,6.666666666666667,67
E00105008,262,53,21,32,209,15,194,20.229007633587788,8.015267175572518,12.213740458015266,79.77099236641222,5.7251908396946565,74.04580152671755
E00105009,413,69,19,50,344,38,306,16.707021791767556,4.600484261501211,12.106537530266344,83.29297820823246,9.200968523002421,74.09200968523002
E00105010,323,63,31,32,260,28,232,19.5046439628483,9.597523219814242,9.907120743034056,80.4953560371517,8.6687306501548,71.8266253869969
E00105011,285,48,20,28,237,29,208,16.842105263157894,7.017543859649122,9.824561403508772,83.15789473684211,10.175438596491228,72.98245614035088
E00105012,302,78,35,43,224,20,204,25.82781456953642,11.589403973509933,14.23841059602649,74.17218543046357,6.622516556291391,67.54966887417218
E00105013,234,92,46,46,142,16,126,39.31623931623932,19.65811965811966,19.65811965811966,60.68376068376068,6.837606837606838,53.84615384615385
E00105014,279,44,13,31,235,16,219,15.770609318996415,4.659498207885305,11.11111111111111,84.22939068100358,5.734767025089606,78.49462365591397
E00105015,272,59,22,37,213,19,194,21.691176470588236,8.088235294117647,13.602941176470587,78.30882352941177,6.985294117647059,71.32352941176471
E00105016,427,132,58,74,295,29,266,30.913348946135834,13.583138173302109,17.330210772833723,69.08665105386417,6.791569086651054,62.295081967213115
E00105017,279,61,29,32,218,17,201,21.863799283154123,10.39426523297491,11.469534050179211,78.13620071684588,6.093189964157706,72.04301075268818
E00105018,370,86,31,55,284,22,262,23.243243243243246,8.378378378378379,14.864864864864865,76.75675675675676,5.9459459459459465,70.8108108108108
E00105020,263,56,27,29,207,19,188,21.292775665399237,10.26615969581749,11.02661596958175,78.70722433460075,7.224334600760455,71.48288973384031
E00105021,497,98,47,51,399,41,358,19.718309859154928,9.456740442655935,10.261569416498995,80.28169014084507,8.249496981891348,72.03219315895373
E00105022,292,71,36,35,221,17,204,24.315068493150687,12.32876712328767,11.986301369863012,75.68493150684932,5.821917808219178,69.86301369863014
E00105023,326,71,34,37,255,24,231,21.779141104294478,10.429447852760736,11.349693251533742,78.22085889570552,7.361963190184049,70.85889570552148
E00105024,484,80,34,46,404,37,367,16.528925619834713,7.024793388429752,9.50413223140496,83.47107438016529,7.644628099173553,75.82644628099173
E00105025,283,83,48,35,200,19,181,29.328621908127207,16.96113074204947,12.36749116607774,70.6713780918728,6.713780918727916,63.957597173144876
E00105026,243,57,20,37,186,24,162,23.456790123456788,8.23045267489712,15.22633744855967,76.5432098765432,9.876543209876543,66.66666666666666
E00105027,269,94,48,46,175,14,161,34.94423791821561,17.843866171003718,17.100371747211895,65.05576208178438,5.204460966542751,59.85130111524164
E00105028,341,76,25,51,265,27,238,22.28739002932551,7.331378299120235,14.95601173020528,77.71260997067448,7.9178885630498534,69.79472140762464
E00105029,265,45,19,26,220,24,196,16.9811320754717,7.169811320754717,9.811320754716983,83.01886792452831,9.056603773584905,73.9622641509434
E00105030,380,46,13,33,334,29,305,12.105263157894736,3.421052631578948,8.68421052631579,87.89473684210526,7.631578947368421,80.26315789473685
E00105031,360,106,56,50,254,17,237,29.444444444444446,15.555555555555555,13.88888888888889,70.55555555555556,4.722222222222222,65.83333333333333
E00105032,294,54,19,35,240,19,221,18.367346938775512,6.462585034013606,11.904761904761903,81.63265306122449,6.462585034013606,75.17006802721087
E00105033,292,76,40,36,216,19,197,26.027397260273972,13.698630136986301,12.32876712328767,73.97260273972603,6.506849315068493,67.46575342465754
E00105034,263,42,18,24,221,19,202,15.96958174904943,6.844106463878327,9.125475285171103,84.03041825095056,7.224334600760455,76.80608365019012
E00105035,297,39,8,31,258,26,232,13.131313131313133,2.6936026936026933,10.437710437710438,86.86868686868688,8.754208754208754,78.11447811447812
E00105037,287,54,22,32,233,19,214,18.81533101045296,7.665505226480835,11.149825783972126,81.18466898954703,6.620209059233449,74.56445993031359
E00105038,260,43,15,28,217,19,198,16.538461538461537,5.769230769230769,10.76923076923077,83.46153846153847,7.307692307692308,76.15384615384615
E00105039,274,57,24,33,217,21,196,20.802919708029197,8.75912408759124,12.043795620437956,79.1970802919708,7.664233576642336,71.53284671532847
E00105040,250,68,39,29,182,15,167,27.200000000000003,15.6,11.600000000000001,72.8,6,66.8
E00105041,189,81,45,36,108,10,98,42.857142857142854,23.809523809523807,19.047619047619047,57.14285714285714,5.291005291005291,51.85185185185185
E00105042,370,74,28,46,296,37,259,20,7.567567567567568,12.432432432432433,80,10,70
E00105043,304,67,39,28,237,19,218,22.039473684210524,12.828947368421053,9.210526315789473,77.96052631578947,6.25,71.71052631578947
E00105044,325,113,69,44,212,16,196,34.76923076923077,21.23076923076923,13.538461538461538,65.23076923076923,4.923076923076923,60.30769230769231
E00105045,279,78,36,42,201,12,189,27.956989247311824,12.903225806451612,15.053763440860216,72.04301075268818,4.301075268817205,67.74193548387096
E00105046,266,56,28,28,210,15,195,21.052631578947366,10.526315789473683,10.526315789473683,78.94736842105263,5.639097744360902,73.30827067669173
E00105047,259,51,24,27,208,16,192,19.69111969111969,9.266409266409266,10.424710424710424,80.3088803088803,6.177606177606178,74.13127413127413
E00105048,387,54,7,47,333,42,291,13.953488372093023,1.8087855297157622,12.144702842377262,86.04651162790698,10.852713178294573,75.1937984496124
E00105049,418,42,10,32,376,57,319,10.047846889952153,2.3923444976076556,7.655502392344498,89.95215311004785,13.636363636363635,76.31578947368422
E00105050,613,73,11,62,540,41,499,11.908646003262643,1.794453507340946,10.114192495921696,88.09135399673735,6.688417618270799,81.40293637846656
E00105051,543,96,43,53,447,39,408,17.67955801104972,7.918968692449356,9.760589318600369,82.32044198895028,7.18232044198895,75.13812154696133
E00105053,513,71,20,51,442,37,405,13.840155945419102,3.898635477582846,9.941520467836257,86.15984405458089,7.212475633528265,78.94736842105263
E00105054,415,90,37,53,325,40,285,21.686746987951807,8.91566265060241,12.771084337349398,78.3132530120482,9.63855421686747,68.67469879518072
E00105055,524,63,13,50,461,43,418,12.022900763358779,2.480916030534351,9.541984732824428,87.97709923664122,8.206106870229007,79.77099236641222
E00105056,423,59,16,43,364,46,318,13.947990543735225,3.7825059101654848,10.16548463356974,86.05200945626478,10.874704491725769,75.177304964539
E00105058,317,41,11,30,276,23,253,12.933753943217665,3.4700315457413247,9.46372239747634,87.06624605678233,7.255520504731862,79.81072555205047
E00105059,308,37,5,32,271,26,245,12.012987012987013,1.6233766233766231,10.38961038961039,87.98701298701299,8.441558441558442,79.54545454545455
E00105061,268,53,14,39,215,21,194,19.776119402985074,5.223880597014925,14.55223880597015,80.22388059701493,7.835820895522389,72.38805970149254
E00105062,331,81,47,34,250,15,235,24.47129909365559,14.19939577039275,10.27190332326284,75.52870090634441,4.531722054380665,70.99697885196375
E00105063,358,58,18,40,300,26,274,16.201117318435752,5.027932960893855,11.1731843575419,83.79888268156425,7.262569832402235,76.53631284916202
E00105064,223,71,33,38,152,16,136,31.838565022421523,14.798206278026907,17.040358744394617,68.16143497757847,7.174887892376682,60.98654708520179
E00105065,557,115,64,51,442,36,406,20.646319569120287,11.490125673249551,9.156193895870736,79.35368043087972,6.463195691202872,72.89048473967684
E00105066,124,30,9,21,94,7,87,24.193548387096776,7.258064516129033,16.93548387096774,75.80645161290323,5.64516129032258,70.16129032258065
E00105067,146,37,12,25,109,12,97,25.34246575342466,8.21917808219178,17.123287671232877,74.65753424657534,8.21917808219178,66.43835616438356
E00105068,185,44,22,22,141,14,127,23.783783783783786,11.891891891891893,11.891891891891893,76.21621621621621,7.567567567567568,68.64864864864865
E00105069,278,72,44,28,206,17,189,25.899280575539567,15.827338129496402,10.071942446043165,74.10071942446042,6.115107913669065,67.98561151079137
E00105070,235,61,33,28,174,12,162,25.957446808510635,14.042553191489363,11.914893617021278,74.04255319148936,5.106382978723404,68.93617021276596
E00105071,305,75,28,47,230,23,207,24.59016393442623,9.180327868852459,15.40983606557377,75.40983606557377,7.540983606557377,67.8688524590164
E00105072,266,68,28,40,198,28,170,25.563909774436087,10.526315789473683,15.037593984962406,74.43609022556392,10.526315789473683,63.90977443609023
E00105073,264,66,24,42,198,22,176,25,9.090909090909092,15.909090909090908,75,8.333333333333332,66.66666666666666
E00105074,226,59,28,31,167,17,150,26.10619469026549,12.389380530973451,13.716814159292035,73.89380530973452,7.52212389380531,66.3716814159292
E00105075,192,61,36,25,131,11,120,31.770833333333332,18.75,13.020833333333334,68.22916666666666,5.729166666666666,62.5
E00105077,508,74,23,51,434,34,400,14.566929133858267,4.52755905511811,10.039370078740157,85.43307086614173,6.692913385826772,78.74015748031496
E00105078,410,64,17,47,346,34,312,15.609756097560975,4.146341463414634,11.463414634146343,84.39024390243902,8.292682926829269,76.09756097560975
E00105079,573,73,9,64,500,41,459,12.739965095986038,1.5706806282722512,11.169284467713787,87.26003490401396,7.155322862129145,80.10471204188482
E00105080,3205,369,39,330,2836,230,2606,11.513260530421217,1.216848673946958,10.29641185647426,88.48673946957878,7.17628705148206,81.31045241809673
E00105081,359,65,26,39,294,24,270,18.105849582172702,7.242339832869081,10.86350974930362,81.89415041782729,6.685236768802229,75.20891364902506
E00105082,340,91,50,41,249,22,227,26.764705882352942,14.705882352941178,12.058823529411764,73.23529411764706,6.470588235294119,66.76470588235294
E00105083,268,61,27,34,207,28,179,22.761194029850746,10.074626865671641,12.686567164179104,77.23880597014924,10.44776119402985,66.7910447761194
E00105084,413,48,11,37,365,33,332,11.62227602905569,2.663438256658596,8.958837772397095,88.37772397094432,7.990314769975787,80.38740920096852
E00105085,310,77,35,42,233,21,212,24.838709677419356,11.29032258064516,13.548387096774196,75.16129032258064,6.774193548387098,68.38709677419355
E00105086,306,36,16,20,270,31,239,11.76470588235294,5.228758169934641,6.535947712418301,88.23529411764706,10.130718954248366,78.10457516339869
E00105087,304,106,65,41,198,22,176,34.868421052631575,21.38157894736842,13.486842105263158,65.13157894736842,7.236842105263158,57.89473684210527
E00105088,277,54,23,31,223,13,210,19.494584837545126,8.303249097472925,11.191335740072201,80.50541516245488,4.693140794223827,75.81227436823104
E00105089,241,42,11,31,199,24,175,17.42738589211618,4.564315352697095,12.863070539419086,82.57261410788381,9.95850622406639,72.61410788381743
E00105090,247,30,9,21,217,18,199,12.145748987854251,3.643724696356275,8.502024291497975,87.85425101214574,7.28744939271255,80.5668016194332
E00105091,314,75,31,44,239,22,217,23.88535031847134,9.872611464968154,14.012738853503185,76.11464968152866,7.006369426751593,69.10828025477707
E00105092,303,65,30,35,238,31,207,21.45214521452145,9.900990099009901,11.55115511551155,78.54785478547855,10.231023102310232,68.31683168316832
E00105093,422,36,14,22,386,44,342,8.530805687203792,3.3175355450236967,5.213270142180095,91.4691943127962,10.42654028436019,81.04265402843602
E00105094,210,43,19,24,167,15,152,20.476190476190474,9.047619047619047,11.428571428571429,79.52380952380952,7.142857142857142,72.38095238095238
E00105096,436,67,33,34,369,30,339,15.36697247706422,7.568807339449542,7.79816513761468,84.63302752293578,6.8807339449541285,77.75229357798165
E00105098,297,66,35,31,231,31,200,22.22222222222222,11.784511784511785,10.437710437710438,77.77777777777779,10.437710437710438,67.34006734006735
E00105099,263,52,23,29,211,26,185,19.771863117870723,8.745247148288973,11.02661596958175,80.22813688212928,9.885931558935361,70.34220532319392
E00105101,303,53,16,37,250,31,219,17.491749174917494,5.2805280528052805,12.211221122112212,82.50825082508251,10.231023102310232,72.27722772277228
E00105102,278,55,18,37,223,26,197,19.784172661870503,6.474820143884892,13.309352517985612,80.2158273381295,9.352517985611511,70.86330935251799
E00105104,315,33,7,26,282,29,253,10.476190476190476,2.2222222222222223,8.253968253968253,89.52380952380953,9.206349206349207,80.31746031746032
E00105106,387,45,13,32,342,41,301,11.627906976744185,3.359173126614987,8.2687338501292,88.37209302325581,10.594315245478036,77.77777777777779
E00105107,301,58,12,46,243,29,214,19.269102990033225,3.9867109634551494,15.282392026578073,80.73089700996677,9.634551495016613,71.09634551495017
E00105108,324,44,13,31,280,33,247,13.580246913580247,4.012345679012346,9.5679012345679,86.41975308641975,10.185185185185185,76.23456790123457
E00105109,463,66,22,44,397,28,369,14.254859611231103,4.751619870410368,9.503239740820735,85.7451403887689,6.047516198704104,79.6976241900648
E00105110,223,62,39,23,161,14,147,27.802690582959645,17.48878923766816,10.31390134529148,72.19730941704036,6.278026905829597,65.91928251121077
E00105111,308,87,53,34,221,16,205,28.246753246753247,17.20779220779221,11.03896103896104,71.75324675324676,5.194805194805195,66.55844155844156
E00105112,345,90,44,46,255,25,230,26.08695652173913,12.753623188405797,13.333333333333334,73.91304347826086,7.246376811594203,66.66666666666666
E00105113,423,64,19,45,359,38,321,15.130023640661939,4.491725768321513,10.638297872340425,84.86997635933807,8.983451536643026,75.88652482269504
E00105114,406,94,61,33,312,33,279,23.15270935960591,15.024630541871922,8.12807881773399,76.84729064039408,8.12807881773399,68.7192118226601
E00105115,276,60,27,33,216,25,191,21.73913043478261,9.782608695652174,11.956521739130435,78.26086956521739,9.057971014492754,69.20289855072464
E00105116,389,105,57,48,284,30,254,26.99228791773779,14.652956298200515,12.339331619537274,73.00771208226222,7.712082262210797,65.29562982005142
E00105117,309,61,34,27,248,14,234,19.741100323624593,11.003236245954692,8.737864077669903,80.2588996763754,4.53074433656958,75.72815533980582
E00105119,293,67,36,31,226,23,203,22.866894197952217,12.286689419795222,10.580204778156997,77.13310580204778,7.849829351535837,69.28327645051195
E00105120,215,46,25,21,169,14,155,21.3953488372093,11.627906976744185,9.767441860465116,78.6046511627907,6.511627906976744,72.09302325581395
E00105121,373,71,34,37,302,29,273,19.034852546916888,9.115281501340483,9.919571045576408,80.9651474530831,7.774798927613941,73.19034852546918
E00105122,104,27,10,17,77,9,68,25.961538461538463,9.615384615384617,16.346153846153847,74.03846153846155,8.653846153846153,65.38461538461539
E00105123,423,110,43,67,313,25,288,26.004728132387704,10.16548463356974,15.839243498817968,73.99527186761229,5.91016548463357,68.08510638297872
E00105124,250,68,31,37,182,17,165,27.200000000000003,12.4,14.799999999999999,72.8,6.800000000000001,66
E00105125,296,92,51,41,204,20,184,31.08108108108108,17.22972972972973,13.85135135135135,68.91891891891892,6.756756756756757,62.16216216216216
E00105126,163,61,37,24,102,11,91,37.423312883435585,22.699386503067483,14.723926380368098,62.57668711656442,6.748466257668712,55.828220858895705
E00105127,249,41,15,26,208,19,189,16.46586345381526,6.024096385542169,10.441767068273093,83.53413654618474,7.630522088353414,75.90361445783132
E00105128,232,40,10,30,192,21,171,17.24137931034483,4.310344827586207,12.931034482758621,82.75862068965517,9.051724137931034,73.70689655172413
E00105129,247,57,26,31,190,17,173,23.076923076923077,10.526315789473683,12.550607287449392,76.92307692307693,6.882591093117409,70.04048582995951
E00105130,241,57,26,31,184,15,169,23.651452282157674,10.78838174273859,12.863070539419086,76.34854771784232,6.224066390041494,70.12448132780082
E00105131,279,70,31,39,209,27,182,25.089605734767023,11.11111111111111,13.978494623655912,74.91039426523297,9.67741935483871,65.23297491039428
E00105132,220,53,27,26,167,26,141,24.09090909090909,12.272727272727273,11.818181818181818,75.9090909090909,11.818181818181818,64.0909090909091
E00105133,240,54,17,37,186,25,161,22.5,7.083333333333333,15.416666666666668,77.5,10.416666666666668,67.08333333333333
E00105134,297,73,25,48,224,25,199,24.579124579124578,8.417508417508419,16.161616161616163,75.42087542087542,8.417508417508419,67.003367003367
E00105135,238,46,17,29,192,25,167,19.327731092436977,7.142857142857142,12.184873949579831,80.67226890756302,10.504201680672269,70.16806722689076
E00105136,275,48,15,33,227,22,205,17.454545454545457,5.454545454545454,12,82.54545454545455,8,74.54545454545455
E00105137,280,48,17,31,232,31,201,17.142857142857142,6.071428571428571,11.071428571428571,82.85714285714286,11.071428571428571,71.78571428571429
E00105138,209,44,21,23,165,14,151,21.052631578947366,10.047846889952153,11.004784688995215,78.94736842105263,6.698564593301436,72.24880382775119
E00105139,303,105,76,29,198,25,173,34.65346534653465,25.082508250825082,9.570957095709572,65.34653465346535,8.25082508250825,57.0957095709571
E00105140,343,65,25,40,278,28,250,18.950437317784257,7.288629737609329,11.661807580174926,81.04956268221575,8.16326530612245,72.8862973760933
E00105141,260,34,11,23,226,31,195,13.076923076923078,4.230769230769231,8.846153846153847,86.92307692307692,11.923076923076923,75
E00105142,284,62,26,36,222,26,196,21.830985915492956,9.15492957746479,12.676056338028168,78.16901408450704,9.15492957746479,69.01408450704226
E00105143,301,47,19,28,254,37,217,15.614617940199334,6.312292358803987,9.30232558139535,84.38538205980066,12.29235880398671,72.09302325581395
E00105144,282,46,14,32,236,26,210,16.312056737588655,4.964539007092199,11.347517730496454,83.68794326241135,9.219858156028367,74.46808510638297
E00105145,346,67,22,45,279,42,237,19.36416184971098,6.358381502890173,13.005780346820808,80.63583815028902,12.138728323699421,68.4971098265896
E00105146,297,72,41,31,225,21,204,24.242424242424242,13.804713804713806,10.437710437710438,75.75757575757575,7.07070707070707,68.68686868686868
E00105147,279,41,10,31,238,25,213,14.695340501792115,3.584229390681003,11.11111111111111,85.30465949820788,8.960573476702509,76.34408602150538
E00105148,256,60,25,35,196,24,172,23.4375,9.765625,13.671875,76.5625,9.375,67.1875
E00105149,277,46,14,32,231,23,208,16.60649819494585,5.054151624548736,11.552346570397113,83.39350180505414,8.303249097472925,75.09025270758123
E00105150,245,29,16,13,216,17,199,11.83673469387755,6.530612244897959,5.3061224489795915,88.16326530612245,6.938775510204081,81.22448979591836
E00105151,220,49,28,21,171,20,151,22.272727272727273,12.727272727272727,9.545454545454547,77.72727272727272,9.090909090909092,68.63636363636364
E00105152,286,52,19,33,234,22,212,18.181818181818183,6.643356643356643,11.538461538461538,81.81818181818183,7.6923076923076925,74.12587412587412
E00105153,219,66,37,29,153,11,142,30.136986301369863,16.894977168949772,13.24200913242009,69.86301369863014,5.0228310502283104,64.84018264840182
E00105154,258,71,39,32,187,18,169,27.51937984496124,15.11627906976744,12.4031007751938,72.48062015503875,6.976744186046512,65.50387596899225
E00105155,320,62,20,42,258,29,229,19.375,6.25,13.125,80.625,9.0625,71.5625
E00105156,547,106,24,82,441,47,394,19.378427787934186,4.387568555758683,14.990859232175502,80.62157221206581,8.592321755027422,72.0292504570384
E00105157,281,68,30,38,213,14,199,24.199288256227756,10.676156583629894,13.523131672597867,75.80071174377224,4.98220640569395,70.8185053380783
E00105158,362,71,34,37,291,22,269,19.613259668508288,9.392265193370166,10.220994475138122,80.38674033149171,6.077348066298343,74.30939226519338
E00105159,436,88,35,53,348,23,325,20.18348623853211,8.027522935779817,12.155963302752294,79.81651376146789,5.275229357798166,74.54128440366972
E00105160,371,90,37,53,281,7,274,24.258760107816713,9.973045822102426,14.285714285714285,75.74123989218329,1.8867924528301887,73.8544474393531
E00105161,284,101,55,46,183,15,168,35.563380281690144,19.366197183098592,16.19718309859155,64.43661971830986,5.28169014084507,59.154929577464785
E00105162,269,75,43,32,194,16,178,27.881040892193308,15.985130111524162,11.895910780669144,72.11895910780669,5.947955390334572,66.17100371747212
E00105163,330,80,47,33,250,26,224,24.242424242424242,14.242424242424242,10,75.75757575757575,7.878787878787878,67.87878787878789
E00105164,300,58,26,32,242,21,221,19.333333333333332,8.666666666666668,10.666666666666668,80.66666666666666,7.000000000000001,73.66666666666667
E00105165,294,63,30,33,231,21,210,21.428571428571427,10.204081632653061,11.224489795918368,78.57142857142857,7.142857142857142,71.42857142857143
E00105166,293,63,21,42,230,23,207,21.501706484641637,7.167235494880546,14.334470989761092,78.49829351535837,7.849829351535837,70.64846416382252
E00105167,293,57,31,26,236,25,211,19.453924914675767,10.580204778156997,8.873720136518772,80.54607508532423,8.532423208191126,72.01365187713311
E00105168,252,93,45,48,159,14,145,36.904761904761905,17.857142857142858,19.047619047619047,63.095238095238095,5.555555555555555,57.53968253968254
E00105169,292,75,31,44,217,22,195,25.684931506849317,10.616438356164384,15.068493150684931,74.31506849315068,7.534246575342466,66.78082191780823
E00105170,274,54,18,36,220,24,196,19.708029197080293,6.569343065693431,13.138686131386862,80.2919708029197,8.75912408759124,71.53284671532847
E00105171,279,74,30,44,205,25,180,26.523297491039425,10.75268817204301,15.770609318996415,73.47670250896059,8.960573476702509,64.51612903225806
E00105172,371,59,17,42,312,24,288,15.902964959568733,4.5822102425876015,11.320754716981133,84.09703504043127,6.46900269541779,77.62803234501348
E00105173,287,58,21,37,229,25,204,20.209059233449477,7.317073170731707,12.89198606271777,79.79094076655052,8.710801393728223,71.0801393728223
E00105174,307,51,20,31,256,31,225,16.612377850162865,6.514657980456026,10.097719869706841,83.38762214983714,10.097719869706841,73.28990228013029
E00105175,280,64,20,44,216,26,190,22.857142857142858,7.142857142857142,15.714285714285714,77.14285714285715,9.285714285714286,67.85714285714286
E00105176,346,80,25,55,266,24,242,23.121387283236995,7.225433526011561,15.895953757225435,76.878612716763,6.9364161849710975,69.94219653179191
E00105177,251,77,50,27,174,19,155,30.677290836653388,19.9203187250996,10.756972111553784,69.32270916334662,7.569721115537849,61.75298804780876
E00105178,252,61,27,34,191,23,168,24.206349206349206,10.714285714285714,13.492063492063492,75.79365079365078,9.126984126984127,66.66666666666666
E00105179,481,126,75,51,355,37,318,26.195426195426197,15.592515592515593,10.602910602910603,73.8045738045738,7.6923076923076925,66.11226611226611
E00105180,249,54,18,36,195,24,171,21.686746987951807,7.228915662650602,14.457831325301203,78.3132530120482,9.63855421686747,68.67469879518072
E00105181,206,78,45,33,128,9,119,37.86407766990291,21.844660194174757,16.019417475728158,62.13592233009708,4.368932038834951,57.76699029126213
E00105182,257,65,39,26,192,16,176,25.291828793774318,15.17509727626459,10.116731517509727,74.70817120622569,6.22568093385214,68.48249027237354
E00105183,472,73,21,52,399,41,358,15.466101694915254,4.4491525423728815,11.016949152542372,84.53389830508475,8.686440677966102,75.84745762711864
E00105184,340,64,25,39,276,28,248,18.823529411764707,7.352941176470589,11.470588235294118,81.17647058823529,8.235294117647058,72.94117647058823
E00105186,379,78,29,49,301,32,269,20.58047493403694,7.651715039577836,12.928759894459102,79.41952506596306,8.443271767810026,70.97625329815304
E00105188,270,34,15,19,236,27,209,12.592592592592592,5.555555555555555,7.037037037037037,87.4074074074074,10,77.4074074074074
E00105189,302,72,32,40,230,21,209,23.841059602649008,10.596026490066226,13.245033112582782,76.15894039735099,6.95364238410596,69.20529801324503
E00105190,347,83,41,42,264,30,234,23.919308357348704,11.815561959654179,12.103746397694524,76.0806916426513,8.645533141210375,67.43515850144092
E00105191,222,65,34,31,157,11,146,29.27927927927928,15.315315315315313,13.963963963963963,70.72072072072072,4.954954954954955,65.76576576576578
E00105192,432,81,29,52,351,27,324,18.75,6.712962962962964,12.037037037037036,81.25,6.25,75
E00105193,296,85,49,36,211,13,198,28.716216216216218,16.554054054054053,12.162162162162163,71.28378378378379,4.391891891891892,66.8918918918919
E00105194,344,94,52,42,250,33,217,27.325581395348834,15.11627906976744,12.209302325581394,72.67441860465115,9.593023255813954,63.08139534883721
E00105195,287,53,26,27,234,29,205,18.466898954703833,9.059233449477352,9.40766550522648,81.53310104529616,10.104529616724738,71.42857142857143
E00105196,250,67,32,35,183,26,157,26.8,12.8,14.000000000000002,73.2,10.4,62.8
E00105197,292,64,28,36,228,24,204,21.91780821917808,9.58904109589041,12.32876712328767,78.08219178082192,8.21917808219178,69.86301369863014
E00105198,222,46,21,25,176,8,168,20.72072072072072,9.45945945945946,11.26126126126126,79.27927927927928,3.6036036036036037,75.67567567567568
E00105199,245,43,13,30,202,29,173,17.551020408163264,5.3061224489795915,12.244897959183673,82.44897959183673,11.83673469387755,70.61224489795919
E00105200,353,69,26,43,284,29,255,19.54674220963173,7.365439093484419,12.181303116147308,80.45325779036827,8.21529745042493,72.23796033994334
E00105201,274,34,15,19,240,26,214,12.408759124087592,5.474452554744526,6.934306569343065,87.59124087591242,9.48905109489051,78.1021897810219
E00105202,236,66,31,35,170,13,157,27.966101694915253,13.135593220338984,14.83050847457627,72.03389830508475,5.508474576271186,66.52542372881356
E00105203,319,76,35,41,243,19,224,23.824451410658305,10.9717868338558,12.852664576802509,76.17554858934169,5.956112852664576,70.21943573667711
E00105204,327,68,33,35,259,31,228,20.795107033639145,10.091743119266056,10.703363914373089,79.20489296636084,9.480122324159021,69.72477064220183
E00105205,272,59,32,27,213,11,202,21.691176470588236,11.76470588235294,9.926470588235293,78.30882352941177,4.044117647058823,74.26470588235294
E00105206,282,41,11,30,241,29,212,14.539007092198581,3.900709219858156,10.638297872340425,85.46099290780141,10.28368794326241,75.177304964539
E00105207,299,68,22,46,231,31,200,22.74247491638796,7.357859531772576,15.384615384615385,77.25752508361204,10.367892976588628,66.88963210702342
E00105208,145,34,11,23,111,6,105,23.448275862068964,7.586206896551724,15.862068965517242,76.55172413793103,4.137931034482759,72.41379310344827
E00105209,319,44,15,29,275,32,243,13.793103448275861,4.702194357366771,9.090909090909092,86.20689655172413,10.031347962382444,76.17554858934169
E00105211,269,66,40,26,203,13,190,24.53531598513011,14.869888475836431,9.66542750929368,75.46468401486989,4.83271375464684,70.63197026022306
E00105212,282,64,31,33,218,16,202,22.69503546099291,10.99290780141844,11.702127659574469,77.30496453900709,5.673758865248227,71.63120567375887
E00105213,275,68,32,36,207,11,196,24.727272727272727,11.636363636363637,13.090909090909092,75.27272727272727,4,71.27272727272728
E00105214,325,87,32,55,238,15,223,26.769230769230766,9.846153846153847,16.923076923076923,73.23076923076923,4.615384615384616,68.61538461538461
E00105215,301,81,34,47,220,12,208,26.910299003322258,11.295681063122924,15.614617940199334,73.08970099667775,3.9867109634551494,69.10299003322258
E00105216,345,91,49,42,254,19,235,26.3768115942029,14.202898550724639,12.173913043478262,73.62318840579711,5.507246376811594,68.11594202898551
E00105217,227,53,33,20,174,19,155,23.348017621145374,14.537444933920703,8.81057268722467,76.65198237885463,8.370044052863436,68.28193832599119
E00105218,477,57,23,34,420,41,379,11.949685534591195,4.821802935010482,7.127882599580712,88.0503144654088,8.59538784067086,79.45492662473794
E00105219,248,64,32,32,184,12,172,25.806451612903224,12.903225806451612,12.903225806451612,74.19354838709677,4.838709677419355,69.35483870967742
E00105220,254,70,35,35,184,14,170,27.559055118110237,13.779527559055119,13.779527559055119,72.44094488188976,5.511811023622047,66.92913385826772
E00105221,244,70,37,33,174,24,150,28.688524590163933,15.163934426229508,13.524590163934427,71.31147540983606,9.836065573770492,61.47540983606557
E00105222,309,69,35,34,240,20,220,22.330097087378643,11.326860841423949,11.003236245954692,77.66990291262135,6.472491909385113,71.19741100323624
E00105223,249,71,36,35,178,15,163,28.514056224899598,14.457831325301203,14.056224899598394,71.4859437751004,6.024096385542169,65.46184738955823
E00105224,227,54,31,23,173,18,155,23.788546255506606,13.656387665198238,10.13215859030837,76.2114537444934,7.929515418502203,68.28193832599119
E00105225,259,75,43,32,184,17,167,28.957528957528954,16.602316602316602,12.355212355212355,71.04247104247105,6.563706563706563,64.47876447876449
E00105226,224,59,34,25,165,11,154,26.339285714285715,15.178571428571427,11.160714285714286,73.66071428571429,4.910714285714286,68.75
E00105227,478,173,76,97,305,33,272,36.19246861924686,15.899581589958158,20.292887029288703,63.80753138075313,6.903765690376569,56.903765690376574
E00105228,173,104,79,25,69,3,66,60.115606936416185,45.664739884393065,14.450867052023122,39.884393063583815,1.7341040462427744,38.15028901734104
E00105229,250,59,27,32,191,19,172,23.599999999999998,10.8,12.8,76.4,7.6,68.8
E00105230,280,103,66,37,177,11,166,36.78571428571429,23.57142857142857,13.214285714285715,63.21428571428571,3.9285714285714284,59.285714285714285
E00105231,198,61,31,30,137,17,120,30.808080808080806,15.656565656565657,15.151515151515152,69.1919191919192,8.585858585858585,60.60606060606061
E00105232,255,82,48,34,173,13,160,32.15686274509804,18.823529411764707,13.333333333333334,67.84313725490196,5.098039215686274,62.745098039215684
E00105233,286,81,46,35,205,15,190,28.321678321678323,16.083916083916083,12.237762237762238,71.67832167832168,5.244755244755245,66.43356643356644
E00105234,208,42,22,20,166,15,151,20.192307692307693,10.576923076923077,9.615384615384617,79.8076923076923,7.211538461538461,72.59615384615384
E00105235,234,49,17,32,185,15,170,20.94017094017094,7.264957264957266,13.675213675213676,79.05982905982906,6.41025641025641,72.64957264957265
E00105236,233,52,29,23,181,15,166,22.317596566523605,12.446351931330472,9.871244635193133,77.6824034334764,6.437768240343347,71.24463519313305
E00105237,272,66,30,36,206,16,190,24.264705882352942,11.029411764705882,13.23529411764706,75.73529411764706,5.88235294117647,69.85294117647058
E00105238,220,61,29,32,159,20,139,27.727272727272727,13.18181818181818,14.545454545454545,72.27272727272728,9.090909090909092,63.18181818181819
E00105239,169,62,32,30,107,11,96,36.68639053254438,18.93491124260355,17.75147928994083,63.31360946745562,6.508875739644971,56.80473372781065
E00105240,193,67,38,29,126,11,115,34.715025906735754,19.689119170984455,15.025906735751295,65.28497409326425,5.699481865284974,59.58549222797927
E00105241,246,67,38,29,179,15,164,27.235772357723576,15.447154471544716,11.788617886178862,72.76422764227642,6.097560975609756,66.66666666666666
E00105242,185,63,28,35,122,13,109,34.054054054054056,15.135135135135137,18.91891891891892,65.94594594594595,7.027027027027027,58.91891891891892
E00105243,184,51,24,27,133,10,123,27.717391304347828,13.043478260869565,14.673913043478262,72.28260869565217,5.434782608695652,66.84782608695652
E00105244,366,95,53,42,271,18,253,25.956284153005466,14.48087431693989,11.475409836065573,74.04371584699454,4.918032786885246,69.12568306010928
E00105245,476,85,38,47,391,39,352,17.857142857142858,7.9831932773109235,9.873949579831933,82.14285714285714,8.193277310924369,73.94957983193278
E00105246,359,67,27,40,292,29,263,18.662952646239557,7.520891364902507,11.142061281337048,81.33704735376045,8.07799442896936,73.25905292479109
E00105247,609,118,52,66,491,35,456,19.376026272578,8.538587848932677,10.83743842364532,80.623973727422,5.747126436781609,74.8768472906404
E00105248,270,69,36,33,201,12,189,25.555555555555554,13.333333333333334,12.222222222222221,74.44444444444444,4.444444444444445,70
E00105249,273,52,27,25,221,21,200,19.047619047619047,9.89010989010989,9.157509157509157,80.95238095238095,7.6923076923076925,73.26007326007326
E00105250,320,63,30,33,257,29,228,19.6875,9.375,10.3125,80.3125,9.0625,71.25
E00105251,291,65,35,30,226,37,189,22.336769759450174,12.027491408934708,10.309278350515463,77.66323024054984,12.714776632302405,64.94845360824742
E00105252,333,65,36,29,268,27,241,19.51951951951952,10.81081081081081,8.708708708708707,80.48048048048048,8.108108108108109,72.37237237237237
E00105253,228,71,36,35,157,22,135,31.140350877192986,15.789473684210526,15.350877192982457,68.85964912280701,9.649122807017543,59.210526315789465
E00105254,431,89,46,43,342,25,317,20.649651972157773,10.672853828306264,9.976798143851507,79.35034802784223,5.800464037122969,73.54988399071925
E00105255,327,103,59,44,224,18,206,31.49847094801223,18.04281345565749,13.455657492354739,68.50152905198776,5.5045871559633035,62.99694189602446
E00105256,217,82,45,37,135,10,125,37.78801843317972,20.737327188940093,17.050691244239633,62.21198156682027,4.6082949308755765,57.6036866359447
E00105257,330,86,38,48,244,23,221,26.060606060606062,11.515151515151516,14.545454545454545,73.93939393939394,6.969696969696971,66.96969696969697
E00105258,353,85,38,47,268,33,235,24.07932011331445,10.764872521246458,13.314447592067987,75.92067988668555,9.34844192634561,66.57223796033995
E00105259,268,89,60,29,179,20,159,33.2089552238806,22.388059701492537,10.820895522388058,66.7910447761194,7.462686567164178,59.32835820895522
E00105260,550,108,46,62,442,27,415,19.636363636363637,8.363636363636363,11.272727272727273,80.36363636363636,4.909090909090909,75.45454545454545
E00105261,369,133,89,44,236,25,211,36.043360433604335,24.119241192411923,11.924119241192411,63.956639566395665,6.775067750677506,57.18157181571816
E00105262,438,82,33,49,356,36,320,18.72146118721461,7.534246575342466,11.187214611872145,81.27853881278538,8.21917808219178,73.0593607305936
E00105263,216,66,32,34,150,11,139,30.555555555555557,14.814814814814813,15.74074074074074,69.44444444444444,5.092592592592593,64.35185185185185
E00105264,262,86,41,45,176,14,162,32.82442748091603,15.648854961832063,17.17557251908397,67.17557251908397,5.343511450381679,61.832061068702295
E00105265,237,98,55,43,139,10,129,41.35021097046413,23.20675105485232,18.143459915611814,58.64978902953587,4.219409282700422,54.43037974683544
E00105266,229,50,29,21,179,15,164,21.83406113537118,12.663755458515283,9.170305676855897,78.16593886462883,6.550218340611353,71.61572052401746
E00105267,276,109,78,31,167,23,144,39.492753623188406,28.26086956521739,11.231884057971014,60.507246376811594,8.333333333333332,52.17391304347826
E00105268,216,80,55,25,136,17,119,37.03703703703704,25.462962962962965,11.574074074074074,62.96296296296296,7.87037037037037,55.092592592592595
E00105269,293,74,37,37,219,16,203,25.25597269624573,12.627986348122866,12.627986348122866,74.74402730375427,5.460750853242321,69.28327645051195
E00105270,269,87,34,53,182,6,176,32.342007434944236,12.639405204460965,19.702602230483272,67.65799256505576,2.2304832713754648,65.4275092936803
E00105271,257,82,47,35,175,12,163,31.906614785992215,18.28793774319066,13.618677042801556,68.09338521400778,4.669260700389105,63.42412451361867
E00105272,230,42,21,21,188,18,170,18.26086956521739,9.130434782608695,9.130434782608695,81.73913043478261,7.82608695652174,73.91304347826086
E00105273,231,62,36,26,169,9,160,26.83982683982684,15.584415584415584,11.255411255411255,73.16017316017316,3.896103896103896,69.26406926406926
E00105274,280,66,26,40,214,28,186,23.57142857142857,9.285714285714286,14.285714285714285,76.42857142857142,10,66.42857142857143
E00105275,356,70,31,39,286,30,256,19.662921348314608,8.707865168539326,10.955056179775282,80.33707865168539,8.426966292134832,71.91011235955057
E00105276,218,66,34,32,152,15,137,30.275229357798167,15.59633027522936,14.678899082568808,69.72477064220183,6.8807339449541285,62.84403669724771
E00105277,225,43,22,21,182,20,162,19.11111111111111,9.777777777777779,9.333333333333334,80.88888888888889,8.88888888888889,72
E00105278,281,73,34,39,208,26,182,25.97864768683274,12.099644128113878,13.87900355871886,74.02135231316726,9.252669039145907,64.76868327402136
E00105279,335,109,48,61,226,15,211,32.537313432835816,14.328358208955224,18.208955223880597,67.46268656716417,4.477611940298507,62.98507462686567
E00105280,290,76,31,45,214,22,192,26.20689655172414,10.689655172413794,15.517241379310345,73.79310344827587,7.586206896551724,66.20689655172414
E00105281,187,78,53,25,109,5,104,41.711229946524064,28.342245989304814,13.368983957219251,58.288770053475936,2.6737967914438503,55.61497326203209
E00105282,312,96,49,47,216,20,196,30.76923076923077,15.705128205128204,15.064102564102564,69.23076923076923,6.41025641025641,62.82051282051282
E00105283,244,61,34,27,183,20,163,25,13.934426229508196,11.065573770491802,75,8.19672131147541,66.80327868852459
E00105284,326,79,41,38,247,15,232,24.233128834355828,12.576687116564417,11.65644171779141,75.76687116564416,4.601226993865031,71.16564417177914
E00105285,197,91,54,37,106,14,92,46.192893401015226,27.411167512690355,18.781725888324875,53.80710659898477,7.1065989847715745,46.7005076142132
E00105286,327,70,34,36,257,15,242,21.406727828746178,10.397553516819572,11.009174311926607,78.59327217125383,4.587155963302752,74.00611620795107
E00105287,217,101,76,25,116,12,104,46.54377880184332,35.02304147465438,11.52073732718894,53.45622119815668,5.529953917050691,47.926267281105986
E00105289,202,76,51,25,126,17,109,37.62376237623762,25.247524752475247,12.376237623762377,62.37623762376238,8.415841584158416,53.960396039603964
E00105290,236,107,70,37,129,15,114,45.33898305084746,29.66101694915254,15.677966101694915,54.66101694915254,6.3559322033898304,48.30508474576271
E00105292,288,44,21,23,244,29,215,15.277777777777779,7.291666666666667,7.986111111111111,84.72222222222221,10.069444444444445,74.65277777777779
E00105293,341,80,32,48,261,24,237,23.46041055718475,9.3841642228739,14.076246334310852,76.53958944281524,7.038123167155426,69.50146627565982
E00105294,291,88,52,36,203,18,185,30.240549828178693,17.869415807560138,12.371134020618557,69.7594501718213,6.185567010309279,63.57388316151202
E00105295,257,72,45,27,185,18,167,28.01556420233463,17.509727626459142,10.505836575875486,71.98443579766537,7.003891050583658,64.98054474708171
E00105296,291,75,31,44,216,11,205,25.773195876288657,10.652920962199312,15.120274914089347,74.22680412371135,3.7800687285223367,70.44673539518901
E00105297,243,74,40,34,169,15,154,30.45267489711934,16.46090534979424,13.991769547325102,69.54732510288066,6.172839506172839,63.37448559670782
E00105298,193,74,40,34,119,15,104,38.34196891191709,20.72538860103627,17.616580310880828,61.6580310880829,7.772020725388601,53.8860103626943
E00105299,492,120,63,57,372,31,341,24.390243902439025,12.804878048780488,11.585365853658537,75.60975609756098,6.300813008130081,69.3089430894309
E00105300,287,82,34,48,205,24,181,28.57142857142857,11.846689895470384,16.72473867595819,71.42857142857143,8.362369337979095,63.06620209059234
E00105301,252,56,29,27,196,8,188,22.22222222222222,11.507936507936508,10.714285714285714,77.77777777777779,3.1746031746031744,74.60317460317461
E00105302,212,71,34,37,141,11,130,33.490566037735846,16.037735849056602,17.452830188679243,66.50943396226415,5.188679245283019,61.32075471698113
E00105303,378,91,40,51,287,22,265,24.074074074074073,10.582010582010582,13.492063492063492,75.92592592592592,5.82010582010582,70.1058201058201
E00105304,231,70,40,30,161,12,149,30.303030303030305,17.316017316017316,12.987012987012985,69.6969696969697,5.194805194805195,64.5021645021645
E00105305,315,92,52,40,223,17,206,29.20634920634921,16.507936507936506,12.698412698412698,70.7936507936508,5.396825396825397,65.39682539682539
E00105306,107,41,15,26,66,8,58,38.31775700934579,14.018691588785046,24.299065420560748,61.6822429906542,7.476635514018691,54.20560747663551
E00105307,254,167,125,42,87,7,80,65.74803149606299,49.21259842519685,16.535433070866144,34.25196850393701,2.7559055118110236,31.496062992125985
E00105308,258,97,54,43,161,17,144,37.5968992248062,20.930232558139537,16.666666666666664,62.4031007751938,6.5891472868217065,55.81395348837209
E00105309,246,54,23,31,192,17,175,21.951219512195124,9.34959349593496,12.601626016260163,78.04878048780488,6.910569105691057,71.13821138211382
E00105310,313,84,42,42,229,11,218,26.837060702875398,13.418530351437699,13.418530351437699,73.1629392971246,3.5143769968051117,69.6485623003195
E00105311,281,51,21,30,230,15,215,18.14946619217082,7.473309608540925,10.676156583629894,81.85053380782918,5.338078291814947,76.51245551601423
E00105312,179,23,4,19,156,16,140,12.849162011173185,2.2346368715083798,10.614525139664805,87.15083798882681,8.938547486033519,78.2122905027933
E00105313,277,38,14,24,239,23,216,13.718411552346572,5.054151624548736,8.664259927797833,86.28158844765343,8.303249097472925,77.9783393501805
E00105314,207,83,50,33,124,12,112,40.09661835748793,24.154589371980677,15.942028985507244,59.90338164251207,5.797101449275362,54.106280193236714
E00105315,416,80,27,53,336,27,309,19.230769230769234,6.490384615384616,12.740384615384615,80.76923076923077,6.490384615384616,74.27884615384616
E00105316,344,84,41,43,260,19,241,24.418604651162788,11.918604651162791,12.5,75.5813953488372,5.523255813953488,70.05813953488372
E00105317,484,92,36,56,392,26,366,19.00826446280992,7.43801652892562,11.570247933884298,80.99173553719008,5.371900826446281,75.6198347107438
E00105318,496,99,42,57,397,35,362,19.959677419354836,8.46774193548387,11.491935483870968,80.04032258064517,7.056451612903227,72.98387096774194
E00105319,284,76,46,30,208,16,192,26.76056338028169,16.19718309859155,10.56338028169014,73.23943661971832,5.633802816901409,67.6056338028169
E00105320,186,50,26,24,136,9,127,26.881720430107524,13.978494623655912,12.903225806451612,73.11827956989248,4.838709677419355,68.27956989247312
E00105321,273,63,39,24,210,22,188,23.076923076923077,14.285714285714285,8.791208791208792,76.92307692307693,8.058608058608058,68.86446886446886
E00105322,283,65,29,36,218,9,209,22.968197879858657,10.247349823321555,12.7208480565371,77.03180212014135,3.180212014134275,73.85159010600707
E00105323,242,49,29,20,193,23,170,20.24793388429752,11.983471074380166,8.264462809917356,79.75206611570248,9.50413223140496,70.24793388429752
E00105324,325,71,35,36,254,19,235,21.846153846153847,10.76923076923077,11.076923076923077,78.15384615384615,5.846153846153846,72.3076923076923
E00105325,462,100,43,57,362,31,331,21.645021645021643,9.307359307359308,12.337662337662337,78.35497835497836,6.70995670995671,71.64502164502164
E00105326,256,29,7,22,227,22,205,11.328125,2.734375,8.59375,88.671875,8.59375,80.078125
E00105327,350,85,36,49,265,37,228,24.285714285714285,10.285714285714285,14.000000000000002,75.71428571428571,10.571428571428571,65.14285714285715
E00105328,212,51,21,30,161,18,143,24.056603773584907,9.90566037735849,14.150943396226415,75.94339622641509,8.49056603773585,67.45283018867924
E00105329,306,97,52,45,209,16,193,31.699346405228756,16.99346405228758,14.705882352941178,68.30065359477125,5.228758169934641,63.0718954248366
E00105330,234,71,34,37,163,13,150,30.34188034188034,14.529914529914532,15.81196581196581,69.65811965811966,5.555555555555555,64.1025641025641
E00105331,286,89,42,47,197,10,187,31.11888111888112,14.685314685314685,16.433566433566433,68.88111888111888,3.4965034965034967,65.38461538461539
E00105332,288,78,40,38,210,23,187,27.083333333333332,13.88888888888889,13.194444444444445,72.91666666666666,7.986111111111111,64.93055555555556
E00105333,297,80,42,38,217,15,202,26.936026936026934,14.14141414141414,12.794612794612794,73.06397306397307,5.05050505050505,68.01346801346801
E00105334,261,79,51,28,182,13,169,30.268199233716476,19.54022988505747,10.727969348659004,69.73180076628353,4.980842911877394,64.75095785440614
E00105335,500,117,56,61,383,25,358,23.400000000000002,11.200000000000001,12.2,76.6,5,71.6
E00105336,405,94,46,48,311,20,291,23.209876543209877,11.358024691358025,11.851851851851853,76.79012345679013,4.938271604938271,71.85185185185186
E00105337,350,102,38,64,248,19,229,29.142857142857142,10.857142857142858,18.285714285714285,70.85714285714285,5.428571428571429,65.42857142857143
E00105338,305,103,70,33,202,22,180,33.77049180327869,22.950819672131146,10.819672131147541,66.22950819672131,7.213114754098362,59.01639344262295
E00105339,321,86,42,44,235,16,219,26.791277258566975,13.084112149532709,13.707165109034266,73.20872274143302,4.984423676012461,68.22429906542055
E00105340,284,76,37,39,208,13,195,26.76056338028169,13.028169014084506,13.732394366197184,73.23943661971832,4.577464788732395,68.66197183098592
E00105341,368,98,56,42,270,15,255,26.6304347826087,15.217391304347828,11.41304347826087,73.36956521739131,4.076086956521739,69.29347826086956
E00105342,558,104,51,53,454,35,419,18.63799283154122,9.13978494623656,9.498207885304659,81.36200716845879,6.272401433691756,75.08960573476703
E00105343,347,106,53,53,241,27,214,30.547550432276655,15.273775216138327,15.273775216138327,69.45244956772333,7.780979827089338,61.67146974063401
E00105344,281,99,54,45,182,22,160,35.231316725978644,19.217081850533805,16.014234875444842,64.76868327402136,7.829181494661921,56.93950177935944
E00105345,322,77,38,39,245,21,224,23.91304347826087,11.801242236024844,12.111801242236025,76.08695652173914,6.521739130434782,69.56521739130434
E00105346,316,114,55,59,202,20,182,36.075949367088604,17.405063291139243,18.670886075949365,63.92405063291139,6.329113924050633,57.59493670886076
E00105347,369,98,56,42,271,22,249,26.558265582655828,15.176151761517614,11.38211382113821,73.44173441734418,5.9620596205962055,67.47967479674797
E00105348,228,77,43,34,151,13,138,33.771929824561404,18.859649122807017,14.912280701754385,66.22807017543859,5.701754385964912,60.526315789473685
E00105349,454,94,52,42,360,21,339,20.704845814977972,11.45374449339207,9.251101321585903,79.29515418502203,4.6255506607929515,74.66960352422907
E00105350,526,119,59,60,407,31,376,22.623574144486692,11.216730038022813,11.406844106463879,77.3764258555133,5.893536121673003,71.48288973384031
E00105351,232,59,30,29,173,8,165,25.43103448275862,12.931034482758621,12.5,74.56896551724138,3.4482758620689653,71.12068965517241
E00105352,220,71,34,37,149,7,142,32.27272727272727,15.454545454545453,16.818181818181817,67.72727272727272,3.1818181818181817,64.54545454545455
E00105353,397,143,102,41,254,12,242,36.02015113350126,25.692695214105793,10.327455919395465,63.97984886649874,3.022670025188917,60.957178841309826
E00105354,273,51,24,27,222,14,208,18.681318681318682,8.791208791208792,9.89010989010989,81.31868131868131,5.128205128205128,76.19047619047619
E00105356,262,65,44,21,197,11,186,24.80916030534351,16.793893129770993,8.015267175572518,75.19083969465649,4.198473282442748,70.99236641221374
E00105357,286,67,39,28,219,20,199,23.426573426573427,13.636363636363635,9.79020979020979,76.57342657342657,6.993006993006993,69.58041958041959
E00105358,302,59,22,37,243,17,226,19.5364238410596,7.28476821192053,12.251655629139073,80.4635761589404,5.629139072847682,74.83443708609272
E00105359,253,92,64,28,161,14,147,36.36363636363637,25.296442687747035,11.067193675889328,63.63636363636363,5.533596837944664,58.10276679841897
E00105360,267,90,57,33,177,7,170,33.70786516853933,21.34831460674157,12.359550561797752,66.29213483146067,2.6217228464419478,63.670411985018724
E00105361,257,86,48,38,171,12,159,33.46303501945525,18.67704280155642,14.785992217898833,66.53696498054474,4.669260700389105,61.86770428015564
E00105362,315,80,53,27,235,15,220,25.396825396825395,16.825396825396826,8.571428571428571,74.60317460317461,4.761904761904762,69.84126984126983
E00105363,295,54,27,27,241,16,225,18.305084745762713,9.152542372881356,9.152542372881356,81.69491525423729,5.423728813559322,76.27118644067797
E00105364,321,88,53,35,233,11,222,27.41433021806853,16.510903426791277,10.903426791277258,72.58566978193146,3.4267912772585665,69.1588785046729
E00105365,225,63,35,28,162,18,144,28.000000000000004,15.555555555555555,12.444444444444445,72,8,64
E00105366,180,87,54,33,93,7,86,48.333333333333336,30,18.333333333333332,51.66666666666667,3.888888888888889,47.77777777777778
E00105367,223,94,54,40,129,10,119,42.152466367713004,24.2152466367713,17.937219730941703,57.847533632286996,4.484304932735426,53.36322869955157
E00105368,301,82,39,43,219,22,197,27.242524916943523,12.956810631229235,14.285714285714285,72.75747508305648,7.308970099667775,65.4485049833887
E00105369,369,77,32,45,292,23,269,20.867208672086722,8.672086720867208,12.195121951219512,79.13279132791328,6.233062330623306,72.89972899728997
E00105370,129,53,32,21,76,6,70,41.08527131782946,24.8062015503876,16.27906976744186,58.91472868217055,4.651162790697675,54.263565891472865
E00105371,203,56,26,30,147,15,132,27.586206896551722,12.807881773399016,14.77832512315271,72.41379310344827,7.389162561576355,65.02463054187191
E00105372,114,51,26,25,63,8,55,44.73684210526316,22.807017543859647,21.929824561403507,55.26315789473685,7.017543859649122,48.24561403508772
E00105373,204,72,42,30,132,18,114,35.294117647058826,20.588235294117645,14.705882352941178,64.70588235294117,8.823529411764707,55.88235294117647
E00105374,259,87,48,39,172,12,160,33.59073359073359,18.53281853281853,15.057915057915059,66.40926640926641,4.633204633204633,61.77606177606177
E00105375,194,51,22,29,143,8,135,26.288659793814436,11.34020618556701,14.948453608247423,73.71134020618557,4.123711340206185,69.58762886597938
E00105376,203,64,32,32,139,14,125,31.527093596059114,15.763546798029557,15.763546798029557,68.4729064039409,6.896551724137931,61.57635467980296
E00105377,331,101,51,50,230,19,211,30.513595166163142,15.407854984894259,15.105740181268882,69.48640483383686,5.740181268882175,63.74622356495468
E00105378,309,96,49,47,213,13,200,31.06796116504854,15.857605177993527,15.210355987055015,68.93203883495146,4.207119741100324,64.72491909385113
E00105379,191,58,34,24,133,5,128,30.36649214659686,17.801047120418847,12.56544502617801,69.63350785340315,2.6178010471204187,67.01570680628272
E00105380,238,70,37,33,168,13,155,29.411764705882355,15.546218487394958,13.865546218487395,70.58823529411765,5.46218487394958,65.12605042016807
E00105381,155,83,54,29,72,2,70,53.5483870967742,34.83870967741935,18.70967741935484,46.45161290322581,1.2903225806451613,45.16129032258064
E00105382,201,100,61,39,101,6,95,49.75124378109453,30.34825870646766,19.402985074626866,50.24875621890548,2.9850746268656714,47.2636815920398
E00105383,262,74,34,40,188,16,172,28.24427480916031,12.977099236641221,15.267175572519085,71.7557251908397,6.106870229007633,65.64885496183206
E00105384,249,76,46,30,173,10,163,30.522088353413658,18.473895582329316,12.048192771084338,69.47791164658635,4.016064257028113,65.46184738955823
E00105385,275,80,43,37,195,13,182,29.09090909090909,15.636363636363637,13.454545454545455,70.9090909090909,4.7272727272727275,66.18181818181819
E00105386,292,58,27,31,234,18,216,19.863013698630137,9.246575342465754,10.616438356164384,80.13698630136986,6.164383561643835,73.97260273972603
E00105387,301,91,61,30,210,21,189,30.23255813953488,20.26578073089701,9.966777408637874,69.76744186046511,6.976744186046512,62.7906976744186
E00105388,223,71,41,30,152,9,143,31.838565022421523,18.385650224215247,13.452914798206278,68.16143497757847,4.0358744394618835,64.12556053811659
E00105389,381,69,31,38,312,18,294,18.11023622047244,8.136482939632545,9.973753280839896,81.88976377952756,4.724409448818897,77.16535433070865
E00105390,301,79,43,36,222,19,203,26.245847176079735,14.285714285714285,11.960132890365449,73.75415282392026,6.312292358803987,67.44186046511628
E00105391,282,67,43,24,215,21,194,23.75886524822695,15.24822695035461,8.51063829787234,76.24113475177306,7.446808510638298,68.79432624113475
E00105392,266,74,45,29,192,16,176,27.819548872180448,16.917293233082706,10.902255639097744,72.18045112781954,6.015037593984962,66.16541353383458
E00105393,225,111,68,43,114,11,103,49.333333333333336,30.22222222222222,19.11111111111111,50.66666666666667,4.888888888888889,45.77777777777778
E00105394,293,71,31,40,222,18,204,24.2320819112628,10.580204778156997,13.651877133105803,75.76791808873719,6.143344709897611,69.6245733788396
E00105395,249,61,31,30,188,14,174,24.497991967871485,12.449799196787147,12.048192771084338,75.50200803212851,5.622489959839357,69.87951807228916
E00105396,241,69,28,41,172,13,159,28.63070539419087,11.618257261410788,17.012448132780083,71.36929460580913,5.394190871369295,65.97510373443983
E00105397,295,87,43,44,208,10,198,29.491525423728817,14.576271186440678,14.915254237288137,70.50847457627118,3.389830508474576,67.11864406779661
E00105398,280,79,40,39,201,18,183,28.214285714285715,14.285714285714285,13.928571428571429,71.78571428571429,6.428571428571428,65.35714285714286
E00105399,328,44,20,24,284,25,259,13.414634146341465,6.097560975609756,7.317073170731707,86.58536585365853,7.621951219512195,78.96341463414635
E00105400,312,81,42,39,231,22,209,25.961538461538463,13.461538461538462,12.5,74.03846153846155,7.051282051282051,66.98717948717949
E00105401,250,48,32,16,202,19,183,19.2,12.8,6.4,80.80000000000001,7.6,73.2
E00105403,168,37,20,17,131,12,119,22.023809523809522,11.904761904761903,10.119047619047619,77.97619047619048,7.142857142857142,70.83333333333334
E00105404,296,59,28,31,237,27,210,19.93243243243243,9.45945945945946,10.472972972972974,80.06756756756756,9.121621621621621,70.94594594594594
E00105405,286,68,30,38,218,25,193,23.776223776223777,10.48951048951049,13.286713286713287,76.22377622377621,8.741258741258742,67.48251748251748
E00105406,224,67,39,28,157,15,142,29.910714285714285,17.410714285714285,12.5,70.08928571428571,6.696428571428571,63.39285714285714
E00105407,271,62,36,26,209,13,196,22.878228782287824,13.284132841328415,9.59409594095941,77.12177121771218,4.797047970479705,72.32472324723247
E00105408,126,24,11,13,102,13,89,19.047619047619047,8.73015873015873,10.317460317460316,80.95238095238095,10.317460317460316,70.63492063492063
E00105409,376,82,25,57,294,26,268,21.808510638297875,6.648936170212766,15.159574468085108,78.19148936170212,6.914893617021277,71.27659574468085
E00105410,265,71,39,32,194,28,166,26.79245283018868,14.716981132075471,12.075471698113208,73.20754716981132,10.566037735849058,62.64150943396226
E00105411,246,75,37,38,171,20,151,30.48780487804878,15.040650406504067,15.447154471544716,69.51219512195121,8.130081300813007,61.382113821138205
E00105412,396,84,33,51,312,31,281,21.21212121212121,8.333333333333332,12.878787878787879,78.78787878787878,7.828282828282829,70.95959595959596
E00105413,384,90,42,48,294,38,256,23.4375,10.9375,12.5,76.5625,9.895833333333332,66.66666666666666
E00105414,257,91,54,37,166,18,148,35.40856031128405,21.011673151750973,14.396887159533073,64.59143968871595,7.003891050583658,57.58754863813229
E00105415,364,97,41,56,267,32,235,26.64835164835165,11.263736263736265,15.384615384615385,73.35164835164835,8.791208791208792,64.56043956043956
E00105417,314,106,50,56,208,13,195,33.75796178343949,15.92356687898089,17.8343949044586,66.2420382165605,4.140127388535031,62.101910828025474
E00105418,278,65,32,33,213,19,194,23.381294964028775,11.510791366906476,11.870503597122301,76.61870503597122,6.83453237410072,69.7841726618705
E00105419,306,71,44,27,235,19,216,23.202614379084967,14.37908496732026,8.823529411764707,76.79738562091504,6.209150326797386,70.58823529411765
E00105420,217,96,51,45,121,10,111,44.23963133640553,23.502304147465438,20.737327188940093,55.76036866359447,4.6082949308755765,51.1520737327189
E00105421,256,87,46,41,169,14,155,33.984375,17.96875,16.015625,66.015625,5.46875,60.546875
E00105422,320,57,25,32,263,19,244,17.8125,7.8125,10,82.1875,5.9375,76.25
E00105423,288,72,41,31,216,21,195,25,14.23611111111111,10.76388888888889,75,7.291666666666667,67.70833333333334
E00105424,300,60,28,32,240,23,217,20,9.333333333333334,10.666666666666668,80,7.666666666666666,72.33333333333334
E00105425,273,67,36,31,206,15,191,24.54212454212454,13.186813186813188,11.355311355311356,75.45787545787546,5.4945054945054945,69.96336996336996
E00105426,227,75,41,34,152,8,144,33.03964757709251,18.06167400881057,14.977973568281937,66.96035242290749,3.524229074889868,63.436123348017624
E00105427,293,85,46,39,208,13,195,29.01023890784983,15.699658703071673,13.310580204778159,70.98976109215018,4.436860068259386,66.55290102389078
E00105428,285,72,41,31,213,14,199,25.263157894736842,14.385964912280702,10.87719298245614,74.73684210526315,4.912280701754386,69.82456140350877
E00105429,288,72,27,45,216,12,204,25,9.375,15.625,75,4.166666666666666,70.83333333333334
E00105430,257,85,43,42,172,12,160,33.07392996108949,16.731517509727624,16.342412451361866,66.9260700389105,4.669260700389105,62.2568093385214
E00105431,268,83,40,43,185,23,162,30.970149253731343,14.925373134328357,16.044776119402986,69.02985074626866,8.582089552238806,60.447761194029844
E00105432,301,78,43,35,223,13,210,25.91362126245847,14.285714285714285,11.627906976744185,74.08637873754152,4.318936877076411,69.76744186046511
E00105433,241,40,15,25,201,17,184,16.59751037344398,6.224066390041494,10.37344398340249,83.40248962655602,7.053941908713693,76.34854771784232
E00105434,279,68,30,38,211,23,188,24.372759856630825,10.75268817204301,13.620071684587815,75.62724014336918,8.24372759856631,67.38351254480287
E00105435,323,64,20,44,259,32,227,19.814241486068113,6.191950464396285,13.622291021671826,80.18575851393189,9.907120743034056,70.27863777089783
E00105436,281,51,20,31,230,12,218,18.14946619217082,7.11743772241993,11.032028469750891,81.85053380782918,4.270462633451958,77.58007117437722
E00105437,302,60,28,32,242,24,218,19.867549668874172,9.271523178807946,10.596026490066226,80.13245033112582,7.9470198675496695,72.18543046357617
E00105438,280,85,48,37,195,23,172,30.357142857142854,17.142857142857142,13.214285714285715,69.64285714285714,8.214285714285714,61.42857142857143
E00105439,291,67,30,37,224,13,211,23.02405498281787,10.309278350515463,12.714776632302405,76.97594501718214,4.4673539518900345,72.5085910652921
E00105440,380,88,40,48,292,26,266,23.157894736842106,10.526315789473683,12.631578947368421,76.84210526315789,6.842105263157896,70
E00105441,324,87,48,39,237,21,216,26.851851851851855,14.814814814814813,12.037037037037036,73.14814814814815,6.481481481481481,66.66666666666666
E00105442,339,112,75,37,227,18,209,33.03834808259587,22.123893805309734,10.914454277286136,66.96165191740413,5.3097345132743365,61.6519174041298
E00105443,269,91,51,40,178,18,160,33.82899628252788,18.95910780669145,14.869888475836431,66.17100371747212,6.691449814126393,59.479553903345725
E00105444,284,89,51,38,195,14,181,31.338028169014088,17.95774647887324,13.380281690140844,68.66197183098592,4.929577464788732,63.732394366197184
E00105445,273,71,39,32,202,15,187,26.00732600732601,14.285714285714285,11.72161172161172,73.992673992674,5.4945054945054945,68.4981684981685
E00105446,301,78,39,39,223,22,201,25.91362126245847,12.956810631229235,12.956810631229235,74.08637873754152,7.308970099667775,66.77740863787376
E00105447,270,53,23,30,217,14,203,19.62962962962963,8.518518518518519,11.11111111111111,80.37037037037037,5.185185185185185,75.18518518518519
E00105448,330,94,51,43,236,25,211,28.484848484848484,15.454545454545453,13.030303030303031,71.51515151515152,7.575757575757576,63.93939393939394
E00105449,412,62,27,35,350,22,328,15.048543689320388,6.553398058252427,8.495145631067961,84.9514563106796,5.339805825242718,79.6116504854369
E00105450,316,60,29,31,256,26,230,18.9873417721519,9.177215189873419,9.81012658227848,81.0126582278481,8.227848101265822,72.78481012658227
E00105451,311,92,55,37,219,22,197,29.581993569131832,17.684887459807076,11.89710610932476,70.41800643086816,7.07395498392283,63.344051446945336
E00105452,248,64,32,32,184,10,174,25.806451612903224,12.903225806451612,12.903225806451612,74.19354838709677,4.032258064516129,70.16129032258065
E00105453,272,54,18,36,218,22,196,19.852941176470587,6.61764705882353,13.23529411764706,80.14705882352942,8.088235294117647,72.05882352941177
E00105454,223,92,54,38,131,13,118,41.25560538116592,24.2152466367713,17.040358744394617,58.744394618834086,5.829596412556054,52.91479820627802
E00105455,249,46,20,26,203,15,188,18.473895582329316,8.032128514056225,10.441767068273093,81.52610441767068,6.024096385542169,75.50200803212851
E00105456,288,73,48,25,215,19,196,25.34722222222222,16.666666666666664,8.680555555555555,74.65277777777779,6.597222222222222,68.05555555555556
E00105457,354,120,85,35,234,16,218,33.89830508474576,24.01129943502825,9.887005649717514,66.10169491525424,4.519774011299435,61.5819209039548
E00105458,283,93,46,47,190,13,177,32.86219081272085,16.25441696113074,16.607773851590103,67.13780918727915,4.593639575971731,62.544169611307424
E00105459,379,79,41,38,300,27,273,20.844327176781004,10.817941952506596,10.026385224274406,79.15567282321899,7.12401055408971,72.0316622691293
E00105460,254,45,16,29,209,20,189,17.716535433070867,6.299212598425196,11.41732283464567,82.28346456692913,7.874015748031496,74.40944881889764
E00105461,232,65,24,41,167,13,154,28.01724137931034,10.344827586206897,17.67241379310345,71.98275862068965,5.603448275862069,66.37931034482759
E00105462,279,52,27,25,227,20,207,18.63799283154122,9.67741935483871,8.960573476702509,81.36200716845879,7.168458781362006,74.19354838709677
E00105463,234,54,25,29,180,21,159,23.076923076923077,10.683760683760683,12.393162393162394,76.92307692307693,8.974358974358974,67.94871794871796
E00105464,269,36,15,21,233,29,204,13.382899628252787,5.5762081784386615,7.806691449814126,86.61710037174721,10.780669144981413,75.8364312267658
E00105465,195,76,43,33,119,13,106,38.97435897435898,22.05128205128205,16.923076923076923,61.02564102564103,6.666666666666667,54.35897435897436
E00105466,314,48,15,33,266,24,242,15.286624203821656,4.777070063694268,10.509554140127388,84.71337579617835,7.643312101910828,77.07006369426752
E00105467,233,55,22,33,178,20,158,23.605150214592275,9.44206008583691,14.163090128755366,76.39484978540773,8.583690987124463,67.81115879828327
E00105468,330,96,52,44,234,19,215,29.09090909090909,15.757575757575756,13.333333333333334,70.9090909090909,5.757575757575758,65.15151515151516
E00105469,333,72,34,38,261,22,239,21.62162162162162,10.21021021021021,11.411411411411411,78.37837837837837,6.606606606606606,71.77177177177178
E00105470,251,83,45,38,168,13,155,33.067729083665334,17.928286852589643,15.139442231075698,66.93227091633466,5.179282868525896,61.75298804780876
E00105472,301,55,27,28,246,26,220,18.272425249169437,8.970099667774086,9.30232558139535,81.72757475083057,8.637873754152823,73.08970099667775
E00105473,230,54,25,29,176,21,155,23.47826086956522,10.869565217391305,12.608695652173912,76.52173913043478,9.130434782608695,67.3913043478261
E00105474,346,54,25,29,292,18,274,15.606936416184972,7.225433526011561,8.38150289017341,84.39306358381504,5.202312138728324,79.1907514450867
E00105475,259,60,21,39,199,15,184,23.166023166023166,8.108108108108109,15.057915057915059,76.83397683397683,5.7915057915057915,71.04247104247105
E00105476,313,59,26,33,254,20,234,18.849840255591054,8.30670926517572,10.543130990415335,81.15015974440894,6.3897763578274756,74.76038338658148
E00105477,340,101,53,48,239,18,221,29.705882352941178,15.588235294117647,14.117647058823529,70.29411764705881,5.294117647058823,65
E00105478,307,79,41,38,228,19,209,25.732899022801302,13.355048859934854,12.37785016286645,74.2671009771987,6.188925081433225,68.07817589576547
E00105479,262,86,48,38,176,15,161,32.82442748091603,18.3206106870229,14.50381679389313,67.17557251908397,5.7251908396946565,61.45038167938931
E00105480,309,78,39,39,231,17,214,25.24271844660194,12.62135922330097,12.62135922330097,74.75728155339806,5.501618122977346,69.25566343042071
E00105481,339,46,23,23,293,25,268,13.569321533923304,6.784660766961652,6.784660766961652,86.4306784660767,7.374631268436578,79.05604719764013
E00105482,277,77,27,50,200,17,183,27.79783393501805,9.747292418772563,18.050541516245488,72.20216606498195,6.137184115523466,66.06498194945848
E00105483,279,48,18,30,231,14,217,17.20430107526882,6.451612903225806,10.75268817204301,82.79569892473118,5.017921146953405,77.77777777777779
E00105484,326,47,18,29,279,30,249,14.417177914110429,5.521472392638037,8.895705521472392,85.58282208588957,9.202453987730062,76.38036809815951
E00105485,291,67,36,31,224,14,210,23.02405498281787,12.371134020618557,10.652920962199312,76.97594501718214,4.810996563573884,72.16494845360825
E00105486,392,87,46,41,305,24,281,22.193877551020407,11.73469387755102,10.459183673469388,77.8061224489796,6.122448979591836,71.68367346938776
E00105487,235,65,32,33,170,10,160,27.659574468085108,13.617021276595745,14.042553191489363,72.3404255319149,4.25531914893617,68.08510638297872
E00105488,211,49,21,28,162,19,143,23.22274881516588,9.95260663507109,13.270142180094787,76.77725118483413,9.004739336492891,67.77251184834124
E00105489,278,78,40,38,200,15,185,28.05755395683453,14.388489208633093,13.66906474820144,71.94244604316546,5.39568345323741,66.54676258992805
E00105490,334,72,27,45,262,23,239,21.55688622754491,8.08383233532934,13.47305389221557,78.44311377245509,6.88622754491018,71.55688622754491
E00105491,197,60,28,32,137,8,129,30.456852791878177,14.213197969543149,16.243654822335024,69.54314720812182,4.060913705583756,65.48223350253807
E00105492,208,74,38,36,134,10,124,35.57692307692308,18.269230769230766,17.307692307692307,64.42307692307693,4.807692307692308,59.61538461538461
E00105493,393,103,62,41,290,18,272,26.208651399491096,15.776081424936386,10.432569974554708,73.79134860050891,4.580152671755725,69.21119592875317
E00105494,233,71,35,36,162,16,146,30.472103004291846,15.021459227467812,15.450643776824036,69.52789699570815,6.866952789699571,62.66094420600859
E00105495,288,74,32,42,214,14,200,25.694444444444443,11.11111111111111,14.583333333333334,74.30555555555556,4.861111111111112,69.44444444444444
E00105496,247,58,33,25,189,8,181,23.481781376518217,13.360323886639677,10.121457489878543,76.51821862348179,3.2388663967611335,73.27935222672065
E00105497,196,63,35,28,133,16,117,32.142857142857146,17.857142857142858,14.285714285714285,67.85714285714286,8.16326530612245,59.693877551020414
E00105498,417,90,48,42,327,25,302,21.58273381294964,11.510791366906476,10.071942446043165,78.41726618705036,5.995203836930456,72.42206235011992
E00105499,408,129,86,43,279,25,254,31.61764705882353,21.07843137254902,10.53921568627451,68.38235294117648,6.127450980392156,62.254901960784316
E00105500,294,89,39,50,205,25,180,30.272108843537417,13.26530612244898,17.006802721088434,69.72789115646259,8.503401360544217,61.224489795918366
E00105501,246,65,29,36,181,9,172,26.422764227642276,11.788617886178862,14.634146341463413,73.57723577235772,3.6585365853658534,69.91869918699187
E00105502,289,92,49,43,197,17,180,31.833910034602077,16.955017301038062,14.878892733564014,68.16608996539793,5.88235294117647,62.28373702422145
E00105503,216,68,36,32,148,10,138,31.48148148148148,16.666666666666664,14.814814814814813,68.51851851851852,4.62962962962963,63.888888888888886
E00105504,309,72,37,35,237,21,216,23.300970873786408,11.974110032362459,11.326860841423949,76.69902912621359,6.796116504854369,69.90291262135922
E00105505,300,87,50,37,213,12,201,28.999999999999996,16.666666666666664,12.333333333333334,71,4,67
E00105506,172,58,28,30,114,9,105,33.72093023255814,16.27906976744186,17.441860465116278,66.27906976744185,5.232558139534884,61.04651162790697
E00105507,190,58,31,27,132,13,119,30.526315789473685,16.315789473684212,14.210526315789473,69.47368421052632,6.842105263157896,62.63157894736842
E00105508,135,33,19,14,102,12,90,24.444444444444443,14.074074074074074,10.37037037037037,75.55555555555556,8.88888888888889,66.66666666666666
E00105509,270,72,44,28,198,16,182,26.666666666666668,16.296296296296298,10.37037037037037,73.33333333333333,5.9259259259259265,67.4074074074074
E00105510,251,65,34,31,186,10,176,25.89641434262948,13.545816733067728,12.350597609561753,74.10358565737052,3.9840637450199203,70.1195219123506
E00105511,507,118,56,62,389,35,354,23.274161735700197,11.045364891518737,12.22879684418146,76.72583826429981,6.903353057199212,69.8224852071006
E00105512,448,124,63,61,324,20,304,27.67857142857143,14.0625,13.616071428571427,72.32142857142857,4.464285714285714,67.85714285714286
E00105513,289,87,57,30,202,21,181,30.103806228373703,19.72318339100346,10.380622837370241,69.8961937716263,7.26643598615917,62.629757785467135
E00105514,334,89,50,39,245,12,233,26.646706586826348,14.97005988023952,11.676646706586826,73.35329341317365,3.592814371257485,69.76047904191617
E00105515,300,54,27,27,246,24,222,18,9,9,82,8,74
E00105517,480,103,38,65,377,32,345,21.458333333333332,7.916666666666666,13.541666666666666,78.54166666666667,6.666666666666667,71.875
E00105518,521,79,40,39,442,42,400,15.163147792706333,7.677543186180421,7.485604606525912,84.83685220729367,8.061420345489443,76.77543186180422
E00105519,375,65,27,38,310,31,279,17.333333333333336,7.199999999999999,10.133333333333333,82.66666666666667,8.266666666666666,74.4
E00105520,221,83,38,45,138,19,119,37.55656108597285,17.194570135746606,20.361990950226243,62.44343891402715,8.597285067873303,53.84615384615385
E00105521,239,70,41,29,169,13,156,29.288702928870293,17.154811715481173,12.133891213389122,70.7112970711297,5.439330543933055,65.27196652719665
E00105522,300,68,33,35,232,15,217,22.666666666666664,11,11.666666666666666,77.33333333333333,5,72.33333333333334
E00105523,246,73,41,32,173,11,162,29.67479674796748,16.666666666666664,13.008130081300814,70.32520325203252,4.471544715447155,65.85365853658537
E00105524,273,61,39,22,212,17,195,22.344322344322347,14.285714285714285,8.058608058608058,77.65567765567766,6.227106227106227,71.42857142857143
E00105525,271,71,37,34,200,16,184,26.199261992619927,13.653136531365314,12.546125461254611,73.80073800738008,5.904059040590406,67.89667896678966
E00105526,122,18,6,12,104,12,92,14.754098360655737,4.918032786885246,9.836065573770492,85.24590163934425,9.836065573770492,75.40983606557377
E00105527,255,36,16,20,219,17,202,14.117647058823529,6.2745098039215685,7.8431372549019605,85.88235294117646,6.666666666666667,79.2156862745098
E00105528,298,57,22,35,241,29,212,19.12751677852349,7.38255033557047,11.74496644295302,80.87248322147651,9.731543624161073,71.14093959731544
E00105529,313,61,24,37,252,28,224,19.488817891373802,7.667731629392971,11.821086261980831,80.5111821086262,8.945686900958465,71.56549520766772
E00105530,272,62,24,38,210,25,185,22.794117647058822,8.823529411764707,13.970588235294118,77.20588235294117,9.191176470588236,68.01470588235294
E00105531,335,96,50,46,239,33,206,28.65671641791045,14.925373134328357,13.73134328358209,71.34328358208955,9.850746268656717,61.49253731343284
E00105532,279,99,47,52,180,20,160,35.483870967741936,16.845878136200717,18.63799283154122,64.51612903225806,7.168458781362006,57.34767025089605
E00105533,259,95,51,44,164,20,144,36.67953667953668,19.69111969111969,16.988416988416986,63.32046332046332,7.722007722007722,55.5984555984556
E00105534,212,57,25,32,155,17,138,26.88679245283019,11.79245283018868,15.09433962264151,73.11320754716981,8.018867924528301,65.09433962264151
E00105535,245,52,23,29,193,14,179,21.224489795918366,9.387755102040817,11.83673469387755,78.77551020408163,5.714285714285714,73.06122448979592
E00105536,264,90,51,39,174,17,157,34.090909090909086,19.318181818181817,14.772727272727273,65.9090909090909,6.4393939393939394,59.46969696969697
E00105537,294,79,38,41,215,19,196,26.87074829931973,12.925170068027212,13.945578231292515,73.12925170068027,6.462585034013606,66.66666666666666
E00105538,277,94,44,50,183,17,166,33.935018050541515,15.884476534296029,18.050541516245488,66.06498194945848,6.137184115523466,59.92779783393502
E00105539,260,93,49,44,167,16,151,35.76923076923077,18.846153846153847,16.923076923076923,64.23076923076924,6.153846153846154,58.07692307692308
E00105540,251,55,23,32,196,13,183,21.91235059760956,9.163346613545817,12.749003984063744,78.08764940239044,5.179282868525896,72.90836653386454
E00105541,213,90,49,41,123,14,109,42.25352112676056,23.004694835680752,19.248826291079812,57.74647887323944,6.572769953051644,51.173708920187785
E00105542,242,83,51,32,159,14,145,34.29752066115703,21.074380165289256,13.223140495867769,65.70247933884298,5.785123966942149,59.917355371900825
E00105543,230,73,44,29,157,12,145,31.73913043478261,19.130434782608695,12.608695652173912,68.26086956521739,5.217391304347826,63.04347826086957
E00105544,265,66,40,26,199,15,184,24.90566037735849,15.09433962264151,9.811320754716983,75.09433962264151,5.660377358490567,69.43396226415094
E00105545,261,56,26,30,205,21,184,21.455938697318008,9.961685823754788,11.494252873563218,78.544061302682,8.045977011494253,70.49808429118774
E00105546,245,68,34,34,177,6,171,27.755102040816325,13.877551020408163,13.877551020408163,72.24489795918367,2.4489795918367347,69.79591836734694
E00105547,291,47,16,31,244,14,230,16.151202749140893,5.498281786941581,10.652920962199312,83.8487972508591,4.810996563573884,79.03780068728523
E00105548,430,75,38,37,355,24,331,17.441860465116278,8.837209302325581,8.604651162790699,82.55813953488372,5.5813953488372094,76.9767441860465
E00105549,253,76,48,28,177,10,167,30.039525691699602,18.972332015810274,11.067193675889328,69.96047430830039,3.9525691699604746,66.00790513833992
E00105550,220,61,32,29,159,16,143,27.727272727272727,14.545454545454545,13.18181818181818,72.27272727272728,7.2727272727272725,65
E00105551,286,50,18,32,236,22,214,17.482517482517483,6.293706293706294,11.188811188811188,82.51748251748252,7.6923076923076925,74.82517482517483
E00105552,255,77,44,33,178,13,165,30.19607843137255,17.254901960784313,12.941176470588237,69.80392156862744,5.098039215686274,64.70588235294117
E00105553,240,46,22,24,194,15,179,19.166666666666668,9.166666666666666,10,80.83333333333333,6.25,74.58333333333333
E00105554,218,50,23,27,168,21,147,22.93577981651376,10.550458715596331,12.385321100917432,77.06422018348624,9.63302752293578,67.43119266055045
E00105555,247,92,63,29,155,13,142,37.24696356275304,25.506072874493928,11.740890688259109,62.75303643724697,5.263157894736842,57.48987854251012
E00105556,228,51,22,29,177,19,158,22.36842105263158,9.649122807017543,12.719298245614036,77.63157894736842,8.333333333333332,69.2982456140351
E00105557,284,66,36,30,218,9,209,23.239436619718308,12.676056338028168,10.56338028169014,76.76056338028168,3.169014084507042,73.59154929577466
E00105558,233,66,30,36,167,13,154,28.32618025751073,12.875536480686694,15.450643776824036,71.67381974248927,5.579399141630901,66.09442060085837
E00105559,204,46,29,17,158,13,145,22.54901960784314,14.215686274509803,8.333333333333332,77.45098039215686,6.372549019607843,71.07843137254902
E00105560,177,42,14,28,135,9,126,23.728813559322035,7.909604519774012,15.819209039548024,76.27118644067797,5.084745762711865,71.1864406779661
E00105561,257,57,18,39,200,25,175,22.17898832684825,7.003891050583658,15.17509727626459,77.82101167315176,9.72762645914397,68.09338521400778
E00105562,236,69,25,44,167,18,149,29.23728813559322,10.59322033898305,18.64406779661017,70.76271186440678,7.627118644067797,63.13559322033898
E00105563,238,65,37,28,173,10,163,27.310924369747898,15.546218487394958,11.76470588235294,72.68907563025209,4.201680672268908,68.4873949579832
E00105564,326,88,24,64,238,25,213,26.993865030674847,7.361963190184049,19.631901840490798,73.00613496932516,7.668711656441718,65.33742331288343
E00105565,132,60,33,27,72,6,66,45.45454545454545,25,20.454545454545457,54.54545454545454,4.545454545454546,50
E00105566,297,90,32,58,207,27,180,30.303030303030305,10.774410774410773,19.52861952861953,69.6969696969697,9.090909090909092,60.60606060606061
E00105568,229,80,35,45,149,25,124,34.93449781659388,15.283842794759824,19.65065502183406,65.06550218340611,10.91703056768559,54.14847161572053
E00105569,404,137,73,64,267,23,244,33.910891089108915,18.06930693069307,15.841584158415841,66.0891089108911,5.693069306930694,60.396039603960396
E00105570,244,61,22,39,183,9,174,25,9.01639344262295,15.983606557377051,75,3.6885245901639343,71.31147540983606
E00105572,214,45,20,25,169,11,158,21.02803738317757,9.345794392523365,11.682242990654206,78.97196261682244,5.14018691588785,73.83177570093457
E00105573,343,88,50,38,255,15,240,25.65597667638484,14.577259475218659,11.078717201166182,74.34402332361516,4.373177842565598,69.97084548104957
E00105574,151,44,21,23,107,15,92,29.13907284768212,13.90728476821192,15.2317880794702,70.86092715231787,9.933774834437086,60.9271523178808
E00105575,228,46,23,23,182,12,170,20.175438596491226,10.087719298245613,10.087719298245613,79.82456140350878,5.263157894736842,74.56140350877193
E00105576,189,40,16,24,149,13,136,21.164021164021165,8.465608465608465,12.698412698412698,78.83597883597884,6.878306878306878,71.95767195767195
E00105577,206,62,39,23,144,9,135,30.097087378640776,18.932038834951456,11.165048543689322,69.90291262135922,4.368932038834951,65.53398058252428
E00105578,157,72,44,28,85,10,75,45.85987261146497,28.02547770700637,17.8343949044586,54.14012738853503,6.369426751592357,47.77070063694268
E00105579,273,56,34,22,217,14,203,20.51282051282051,12.454212454212454,8.058608058608058,79.48717948717949,5.128205128205128,74.35897435897436
E00105580,204,71,42,29,133,13,120,34.80392156862745,20.588235294117645,14.215686274509803,65.19607843137256,6.372549019607843,58.82352941176471
E00105581,163,47,21,26,116,14,102,28.834355828220858,12.883435582822086,15.950920245398773,71.16564417177914,8.588957055214724,62.57668711656442
E00105583,255,71,31,40,184,13,171,27.84313725490196,12.156862745098039,15.686274509803921,72.15686274509804,5.098039215686274,67.05882352941175
E00105584,226,74,46,28,152,9,143,32.743362831858406,20.353982300884958,12.389380530973451,67.2566371681416,3.982300884955752,63.27433628318584
E00105585,231,57,23,34,174,19,155,24.675324675324674,9.956709956709958,14.71861471861472,75.32467532467533,8.225108225108226,67.09956709956711
E00105586,141,33,10,23,108,15,93,23.404255319148938,7.092198581560284,16.312056737588655,76.59574468085107,10.638297872340425,65.95744680851064
E00105587,336,78,44,34,258,28,230,23.214285714285715,13.095238095238097,10.119047619047619,76.78571428571429,8.333333333333332,68.45238095238095
E00105588,226,45,17,28,181,20,161,19.911504424778762,7.52212389380531,12.389380530973451,80.08849557522124,8.849557522123893,71.23893805309734
E00105589,249,93,40,53,156,13,143,37.34939759036144,16.06425702811245,21.285140562248998,62.65060240963856,5.220883534136546,57.42971887550201
E00105590,271,67,31,36,204,18,186,24.723247232472325,11.439114391143912,13.284132841328415,75.27675276752768,6.642066420664207,68.63468634686348
E00105591,237,68,30,38,169,18,151,28.691983122362867,12.658227848101266,16.033755274261605,71.30801687763713,7.59493670886076,63.71308016877637
E00105592,208,59,29,30,149,12,137,28.365384615384613,13.942307692307693,14.423076923076922,71.63461538461539,5.769230769230769,65.86538461538461
E00105593,289,92,56,36,197,25,172,31.833910034602077,19.377162629757784,12.45674740484429,68.16608996539793,8.650519031141869,59.515570934256054
E00105594,235,68,30,38,167,11,156,28.936170212765955,12.76595744680851,16.170212765957448,71.06382978723404,4.680851063829787,66.38297872340425
E00105595,401,103,58,45,298,25,273,25.6857855361596,14.463840399002494,11.221945137157107,74.3142144638404,6.234413965087282,68.07980049875312
E00105596,261,47,22,25,214,19,195,18.007662835249043,8.42911877394636,9.578544061302683,81.99233716475096,7.2796934865900385,74.71264367816092
E00105597,298,73,36,37,225,16,209,24.496644295302016,12.080536912751679,12.416107382550337,75.50335570469798,5.369127516778524,70.13422818791946
E00105598,274,51,23,28,223,18,205,18.613138686131386,8.394160583941606,10.218978102189782,81.38686131386861,6.569343065693431,74.81751824817519
E00105599,259,61,32,29,198,19,179,23.552123552123554,12.355212355212355,11.196911196911197,76.44787644787645,7.335907335907336,69.1119691119691
E00105600,241,74,35,39,167,27,140,30.70539419087137,14.522821576763487,16.182572614107883,69.29460580912863,11.20331950207469,58.09128630705395
E00105601,205,50,30,20,155,15,140,24.390243902439025,14.634146341463413,9.75609756097561,75.60975609756098,7.317073170731707,68.29268292682927
E00105602,173,58,32,26,115,12,103,33.52601156069364,18.497109826589593,15.028901734104046,66.47398843930635,6.9364161849710975,59.53757225433526
E00105603,117,33,18,15,84,0,84,28.205128205128204,15.384615384615385,12.82051282051282,71.7948717948718,0,71.7948717948718
E00105604,252,75,42,33,177,9,168,29.761904761904763,16.666666666666664,13.095238095238097,70.23809523809523,3.571428571428571,66.66666666666666
E00105605,400,80,35,45,320,26,294,20,8.75,11.25,80,6.5,73.5
E00105606,252,54,15,39,198,28,170,21.428571428571427,5.952380952380952,15.476190476190476,78.57142857142857,11.11111111111111,67.46031746031747
E00105607,238,81,42,39,157,17,140,34.03361344537815,17.647058823529413,16.386554621848738,65.96638655462185,7.142857142857142,58.82352941176471
E00105608,276,69,30,39,207,18,189,25,10.869565217391305,14.130434782608695,75,6.521739130434782,68.47826086956522
E00105609,302,72,26,46,230,16,214,23.841059602649008,8.609271523178808,15.2317880794702,76.15894039735099,5.298013245033113,70.86092715231787
E00105610,287,66,30,36,221,19,202,22.99651567944251,10.452961672473867,12.543554006968641,77.00348432055749,6.620209059233449,70.38327526132404
E00105611,266,67,28,39,199,15,184,25.18796992481203,10.526315789473683,14.661654135338345,74.81203007518798,5.639097744360902,69.17293233082707
E00105612,362,70,32,38,292,25,267,19.337016574585636,8.83977900552486,10.497237569060774,80.66298342541437,6.906077348066299,73.75690607734806
E00105613,251,55,28,27,196,18,178,21.91235059760956,11.155378486055776,10.756972111553784,78.08764940239044,7.171314741035857,70.91633466135458
E00105614,277,92,42,50,185,8,177,33.2129963898917,15.162454873646208,18.050541516245488,66.78700361010831,2.888086642599278,63.898916967509024
E00105615,321,70,33,37,251,16,235,21.806853582554517,10.2803738317757,11.526479750778815,78.19314641744548,4.984423676012461,73.20872274143302
E00105616,333,71,28,43,262,15,247,21.32132132132132,8.408408408408409,12.912912912912914,78.67867867867868,4.504504504504505,74.17417417417418
E00105617,284,70,35,35,214,24,190,24.647887323943664,12.323943661971832,12.323943661971832,75.35211267605634,8.450704225352112,66.90140845070422
E00105618,305,42,16,26,263,20,243,13.77049180327869,5.245901639344262,8.524590163934425,86.22950819672131,6.557377049180328,79.67213114754098
E00105619,258,92,51,41,166,15,151,35.65891472868217,19.767441860465116,15.891472868217054,64.34108527131784,5.813953488372093,58.52713178294574
E00105620,247,58,32,26,189,14,175,23.481781376518217,12.955465587044534,10.526315789473683,76.51821862348179,5.668016194331984,70.8502024291498
E00105621,320,98,46,52,222,26,196,30.625000000000004,14.374999999999998,16.25,69.375,8.125,61.25000000000001
E00105622,243,58,23,35,185,13,172,23.868312757201647,9.465020576131687,14.40329218106996,76.13168724279835,5.349794238683128,70.78189300411523
E00105624,267,45,16,29,222,28,194,16.853932584269664,5.992509363295881,10.861423220973784,83.14606741573034,10.486891385767791,72.65917602996255
E00105625,260,60,20,40,200,22,178,23.076923076923077,7.6923076923076925,15.384615384615385,76.92307692307693,8.461538461538462,68.46153846153847
E00105626,265,44,14,30,221,20,201,16.60377358490566,5.283018867924529,11.320754716981133,83.39622641509435,7.547169811320755,75.84905660377359
E00105627,279,50,15,35,229,25,204,17.921146953405017,5.376344086021505,12.544802867383511,82.07885304659499,8.960573476702509,73.11827956989248
E00105628,185,61,38,23,124,5,119,32.972972972972975,20.54054054054054,12.432432432432433,67.02702702702703,2.7027027027027026,64.32432432432432
E00105629,265,56,33,23,209,23,186,21.132075471698116,12.452830188679245,8.679245283018867,78.8679245283019,8.679245283018867,70.18867924528301
E00105630,298,87,43,44,211,20,191,29.194630872483224,14.429530201342283,14.76510067114094,70.80536912751678,6.7114093959731544,64.09395973154362
E00105631,346,87,41,46,259,17,242,25.14450867052023,11.849710982658959,13.294797687861271,74.85549132947978,4.913294797687861,69.94219653179191
E00105632,318,100,48,52,218,28,190,31.446540880503143,15.09433962264151,16.352201257861633,68.55345911949685,8.80503144654088,59.74842767295597
E00105633,220,63,35,28,157,17,140,28.636363636363637,15.909090909090908,12.727272727272727,71.36363636363636,7.727272727272727,63.63636363636363
E00105634,241,57,26,31,184,18,166,23.651452282157674,10.78838174273859,12.863070539419086,76.34854771784232,7.468879668049793,68.87966804979253
E00105635,243,65,30,35,178,25,153,26.748971193415638,12.345679012345679,14.40329218106996,73.25102880658436,10.2880658436214,62.96296296296296
E00105636,234,100,72,28,134,8,126,42.73504273504273,30.76923076923077,11.965811965811966,57.26495726495726,3.418803418803419,53.84615384615385
E00105637,327,91,43,48,236,23,213,27.82874617737003,13.149847094801222,14.678899082568808,72.17125382262996,7.033639143730887,65.13761467889908
E00105638,269,31,13,18,238,24,214,11.524163568773234,4.83271375464684,6.691449814126393,88.47583643122677,8.921933085501859,79.5539033457249
E00105639,414,94,54,40,320,36,284,22.705314009661837,13.043478260869565,9.66183574879227,77.29468599033817,8.695652173913043,68.59903381642512
E00105640,204,69,46,23,135,16,119,33.82352941176471,22.54901960784314,11.27450980392157,66.17647058823529,7.8431372549019605,58.333333333333336
E00105641,233,62,38,24,171,15,156,26.609442060085836,16.30901287553648,10.300429184549357,73.39055793991416,6.437768240343347,66.95278969957081
E00105642,331,43,15,28,288,29,259,12.990936555891238,4.531722054380665,8.459214501510575,87.00906344410876,8.761329305135952,78.24773413897282
E00105643,218,59,34,25,159,16,143,27.06422018348624,15.59633027522936,11.46788990825688,72.93577981651376,7.339449541284404,65.59633027522935
E00105644,275,65,29,36,210,23,187,23.636363636363637,10.545454545454545,13.090909090909092,76.36363636363637,8.363636363636363,68
E00105645,236,60,34,26,176,14,162,25.423728813559322,14.40677966101695,11.016949152542372,74.57627118644068,5.932203389830509,68.64406779661016
E00105646,171,45,26,19,126,12,114,26.31578947368421,15.204678362573098,11.11111111111111,73.68421052631578,7.017543859649122,66.66666666666666
E00105648,277,53,25,28,224,25,199,19.133574007220215,9.025270758122744,10.108303249097473,80.86642599277978,9.025270758122744,71.84115523465704
E00105649,290,62,24,38,228,26,202,21.379310344827587,8.275862068965518,13.10344827586207,78.62068965517241,8.96551724137931,69.6551724137931
E00105650,303,69,25,44,234,16,218,22.772277227722775,8.25082508250825,14.521452145214523,77.22772277227723,5.2805280528052805,71.94719471947195
E00105651,340,83,45,38,257,26,231,24.41176470588235,13.23529411764706,11.176470588235295,75.58823529411765,7.647058823529412,67.94117647058823
E00105652,270,67,37,30,203,16,187,24.814814814814813,13.703703703703704,11.11111111111111,75.18518518518519,5.9259259259259265,69.25925925925925
E00105653,295,64,31,33,231,17,214,21.694915254237287,10.508474576271185,11.186440677966102,78.30508474576271,5.762711864406779,72.54237288135593
E00105654,208,78,41,37,130,17,113,37.5,19.71153846153846,17.78846153846154,62.5,8.173076923076923,54.32692307692307
E00105655,292,66,31,35,226,28,198,22.602739726027394,10.616438356164384,11.986301369863012,77.3972602739726,9.58904109589041,67.8082191780822
E00105656,333,98,57,41,235,21,214,29.429429429429426,17.117117117117118,12.312312312312311,70.57057057057057,6.306306306306306,64.26426426426426
E00105657,198,60,34,26,138,13,125,30.303030303030305,17.17171717171717,13.131313131313133,69.6969696969697,6.565656565656567,63.13131313131313
E00105658,273,73,37,36,200,27,173,26.73992673992674,13.553113553113553,13.186813186813188,73.26007326007326,9.89010989010989,63.369963369963365
E00105660,280,108,64,44,172,16,156,38.57142857142858,22.857142857142858,15.714285714285714,61.42857142857143,5.714285714285714,55.714285714285715
E00105661,350,86,44,42,264,35,229,24.571428571428573,12.571428571428573,12,75.42857142857143,10,65.42857142857143
E00105662,250,87,53,34,163,21,142,34.8,21.2,13.600000000000001,65.2,8.4,56.8
E00105663,312,77,30,47,235,24,211,24.679487179487182,9.615384615384617,15.064102564102564,75.32051282051282,7.6923076923076925,67.62820512820514
E00105664,356,84,50,34,272,27,245,23.595505617977526,14.04494382022472,9.550561797752808,76.40449438202246,7.584269662921349,68.82022471910112
E00105665,264,80,46,34,184,21,163,30.303030303030305,17.424242424242426,12.878787878787879,69.6969696969697,7.954545454545454,61.74242424242424
E00105666,311,92,57,35,219,22,197,29.581993569131832,18.327974276527332,11.254019292604502,70.41800643086816,7.07395498392283,63.344051446945336
E00105667,345,68,28,40,277,21,256,19.710144927536234,8.115942028985506,11.594202898550725,80.28985507246377,6.086956521739131,74.20289855072464
E00105668,265,44,19,25,221,13,208,16.60377358490566,7.169811320754717,9.433962264150944,83.39622641509435,4.905660377358491,78.49056603773586
E00105670,220,57,32,25,163,23,140,25.90909090909091,14.545454545454545,11.363636363636363,74.0909090909091,10.454545454545453,63.63636363636363
E00105671,309,50,15,35,259,20,239,16.181229773462782,4.854368932038835,11.326860841423949,83.81877022653723,6.472491909385113,77.34627831715211
E00105672,226,33,10,23,193,17,176,14.601769911504425,4.424778761061947,10.176991150442479,85.39823008849558,7.52212389380531,77.87610619469027
E00105673,265,70,35,35,195,10,185,26.41509433962264,13.20754716981132,13.20754716981132,73.58490566037736,3.7735849056603774,69.81132075471697
E00105674,273,79,34,45,194,25,169,28.93772893772894,12.454212454212454,16.483516483516482,71.06227106227107,9.157509157509157,61.904761904761905
E00105675,290,75,35,40,215,20,195,25.862068965517242,12.068965517241379,13.793103448275861,74.13793103448276,6.896551724137931,67.24137931034483
E00105676,274,61,22,39,213,27,186,22.26277372262774,8.02919708029197,14.233576642335766,77.73722627737226,9.854014598540147,67.88321167883211
E00105677,205,70,35,35,135,8,127,34.146341463414636,17.073170731707318,17.073170731707318,65.85365853658537,3.902439024390244,61.951219512195124
E00105678,343,85,50,35,258,22,236,24.78134110787172,14.577259475218659,10.204081632653061,75.21865889212827,6.41399416909621,68.80466472303208
E00105679,287,80,48,32,207,29,178,27.874564459930312,16.72473867595819,11.149825783972126,72.12543554006969,10.104529616724738,62.02090592334495
E00105680,324,60,26,34,264,26,238,18.51851851851852,8.024691358024691,10.493827160493826,81.48148148148148,8.024691358024691,73.4567901234568
E00105681,166,65,30,35,101,14,87,39.1566265060241,18.072289156626507,21.084337349397593,60.8433734939759,8.433734939759036,52.40963855421686
E00105682,299,63,25,38,236,15,221,21.070234113712374,8.361204013377927,12.709030100334449,78.92976588628763,5.016722408026756,73.91304347826086
E00105683,324,73,26,47,251,17,234,22.530864197530864,8.024691358024691,14.506172839506174,77.46913580246914,5.246913580246913,72.22222222222221
E00105684,259,75,34,41,184,22,162,28.957528957528954,13.127413127413126,15.83011583011583,71.04247104247105,8.494208494208493,62.54826254826254
E00105685,411,81,32,49,330,33,297,19.708029197080293,7.785888077858881,11.922141119221411,80.2919708029197,8.02919708029197,72.26277372262774
E00105686,235,82,46,36,153,23,130,34.8936170212766,19.574468085106382,15.319148936170212,65.1063829787234,9.787234042553191,55.319148936170215
E00105687,274,77,32,45,197,18,179,28.102189781021895,11.678832116788321,16.423357664233578,71.8978102189781,6.569343065693431,65.32846715328468
E00105688,307,68,30,38,239,17,222,22.149837133550488,9.77198697068404,12.37785016286645,77.85016286644951,5.537459283387622,72.31270358306189
E00105689,230,67,25,42,163,16,147,29.130434782608695,10.869565217391305,18.26086956521739,70.86956521739131,6.956521739130435,63.91304347826087
E00105690,295,78,40,38,217,12,205,26.440677966101696,13.559322033898304,12.88135593220339,73.5593220338983,4.067796610169491,69.49152542372882
E00105691,207,72,41,31,135,17,118,34.78260869565217,19.806763285024154,14.975845410628018,65.21739130434783,8.212560386473431,57.00483091787439
E00105692,239,55,20,35,184,24,160,23.01255230125523,8.368200836820083,14.644351464435147,76.98744769874477,10.0418410041841,66.94560669456067
E00105693,370,70,25,45,300,25,275,18.91891891891892,6.756756756756757,12.162162162162163,81.08108108108108,6.756756756756757,74.32432432432432
E00105694,318,88,47,41,230,26,204,27.67295597484277,14.779874213836477,12.89308176100629,72.32704402515722,8.176100628930817,64.15094339622641
E00105695,248,56,37,19,192,25,167,22.58064516129032,14.919354838709678,7.661290322580645,77.41935483870968,10.080645161290322,67.33870967741935
E00105696,261,74,32,42,187,10,177,28.35249042145594,12.260536398467432,16.091954022988507,71.64750957854406,3.8314176245210727,67.81609195402298
E00105697,352,87,49,38,265,21,244,24.71590909090909,13.920454545454545,10.795454545454545,75.2840909090909,5.965909090909091,69.31818181818183
E00105698,225,68,35,33,157,14,143,30.22222222222222,15.555555555555555,14.666666666666666,69.77777777777779,6.222222222222222,63.55555555555556
E00105699,122,9,4,5,113,8,105,7.377049180327869,3.278688524590164,4.098360655737705,92.62295081967213,6.557377049180328,86.0655737704918
E00105700,278,34,14,20,244,19,225,12.23021582733813,5.0359712230215825,7.1942446043165464,87.76978417266187,6.83453237410072,80.93525179856115
E00105701,254,54,16,38,200,33,167,21.25984251968504,6.299212598425196,14.960629921259844,78.74015748031496,12.992125984251967,65.74803149606299
E00105703,264,44,12,32,220,28,192,16.666666666666664,4.545454545454546,12.121212121212121,83.33333333333334,10.606060606060606,72.72727272727273
E00105704,185,71,41,30,114,8,106,38.37837837837838,22.162162162162165,16.216216216216218,61.62162162162163,4.324324324324325,57.2972972972973
E00105705,388,72,29,43,316,18,298,18.556701030927837,7.474226804123711,11.082474226804123,81.44329896907216,4.639175257731959,76.80412371134021
E00105706,285,40,16,24,245,31,214,14.035087719298245,5.614035087719298,8.421052631578947,85.96491228070175,10.87719298245614,75.08771929824562
E00105707,285,60,25,35,225,32,193,21.052631578947366,8.771929824561402,12.280701754385964,78.94736842105263,11.228070175438596,67.71929824561404
E00105708,296,49,17,32,247,23,224,16.554054054054053,5.743243243243244,10.81081081081081,83.44594594594594,7.77027027027027,75.67567567567568
E00105710,275,50,21,29,225,23,202,18.181818181818183,7.636363636363637,10.545454545454545,81.81818181818183,8.363636363636363,73.45454545454545
E00105711,265,42,11,31,223,33,190,15.849056603773585,4.150943396226415,11.69811320754717,84.15094339622642,12.452830188679245,71.69811320754717
E00105712,280,56,17,39,224,24,200,20,6.071428571428571,13.928571428571429,80,8.571428571428571,71.42857142857143
E00105713,264,67,35,32,197,27,170,25.37878787878788,13.257575757575758,12.121212121212121,74.62121212121212,10.227272727272728,64.39393939393939
E00105714,293,56,20,36,237,24,213,19.112627986348123,6.825938566552901,12.286689419795222,80.88737201365188,8.19112627986348,72.6962457337884
E00105715,213,46,20,26,167,23,144,21.5962441314554,9.389671361502346,12.206572769953052,78.40375586854461,10.7981220657277,67.6056338028169
E00105716,272,59,22,37,213,26,187,21.691176470588236,8.088235294117647,13.602941176470587,78.30882352941177,9.558823529411764,68.75
E00105717,229,73,29,44,156,15,141,31.877729257641924,12.663755458515283,19.213973799126638,68.12227074235808,6.550218340611353,61.572052401746724
E00105718,277,66,32,34,211,12,199,23.826714801444044,11.552346570397113,12.274368231046932,76.17328519855594,4.332129963898916,71.84115523465704
E00105719,274,93,59,34,181,18,163,33.941605839416056,21.532846715328464,12.408759124087592,66.05839416058394,6.569343065693431,59.48905109489051
E00105720,301,73,45,28,228,18,210,24.25249169435216,14.950166112956811,9.30232558139535,75.74750830564784,5.980066445182724,69.76744186046511
E00105721,331,76,20,56,255,25,230,22.9607250755287,6.042296072507553,16.91842900302115,77.0392749244713,7.552870090634441,69.48640483383686
E00105722,261,47,25,22,214,24,190,18.007662835249043,9.578544061302683,8.42911877394636,81.99233716475096,9.195402298850574,72.79693486590038
E00105723,274,64,30,34,210,16,194,23.357664233576642,10.948905109489052,12.408759124087592,76.64233576642336,5.839416058394161,70.8029197080292
E00105724,346,72,31,41,274,16,258,20.809248554913296,8.959537572254336,11.849710982658959,79.1907514450867,4.624277456647398,74.56647398843931
E00105725,306,93,57,36,213,19,194,30.392156862745097,18.627450980392158,11.76470588235294,69.6078431372549,6.209150326797386,63.39869281045751
E00105726,290,68,24,44,222,20,202,23.448275862068964,8.275862068965518,15.172413793103448,76.55172413793103,6.896551724137931,69.6551724137931
E00105727,301,71,33,38,230,23,207,23.588039867109632,10.96345514950166,12.624584717607974,76.41196013289037,7.641196013289036,68.77076411960132
E00105728,237,69,34,35,168,17,151,29.11392405063291,14.345991561181433,14.767932489451477,70.88607594936708,7.172995780590717,63.71308016877637
E00105729,278,89,44,45,189,17,172,32.014388489208635,15.827338129496402,16.18705035971223,67.98561151079137,6.115107913669065,61.87050359712231
E00105730,269,90,51,39,179,16,163,33.457249070631974,18.95910780669145,14.49814126394052,66.54275092936803,5.947955390334572,60.594795539033456
E00105731,249,74,28,46,175,17,158,29.71887550200803,11.244979919678714,18.473895582329316,70.28112449799197,6.827309236947792,63.45381526104418
E00105732,264,78,34,44,186,20,166,29.545454545454547,12.878787878787879,16.666666666666664,70.45454545454545,7.575757575757576,62.878787878787875
E00105733,207,63,34,29,144,12,132,30.434782608695656,16.425120772946862,14.009661835748794,69.56521739130434,5.797101449275362,63.76811594202898
E00105734,258,79,41,38,179,19,160,30.620155038759687,15.891472868217054,14.728682170542637,69.37984496124031,7.3643410852713185,62.01550387596899
E00105735,302,103,53,50,199,15,184,34.105960264900666,17.549668874172188,16.55629139072848,65.89403973509934,4.966887417218543,60.9271523178808
E00105736,281,73,26,47,208,22,186,25.97864768683274,9.252669039145907,16.72597864768683,74.02135231316726,7.829181494661921,66.19217081850533
E00105738,193,54,24,30,139,5,134,27.979274611398964,12.435233160621761,15.544041450777202,72.02072538860104,2.5906735751295336,69.43005181347151
E00105739,229,62,26,36,167,19,148,27.074235807860266,11.353711790393014,15.72052401746725,72.92576419213974,8.296943231441048,64.62882096069869
E00105740,273,92,40,52,181,14,167,33.6996336996337,14.652014652014653,19.047619047619047,66.30036630036629,5.128205128205128,61.172161172161175
E00105741,227,85,41,44,142,10,132,37.44493392070485,18.06167400881057,19.383259911894275,62.55506607929515,4.405286343612335,58.14977973568281
E00105742,267,75,36,39,192,21,171,28.08988764044944,13.48314606741573,14.606741573033707,71.91011235955057,7.865168539325842,64.04494382022472
E00105743,261,41,10,31,220,20,200,15.708812260536398,3.8314176245210727,11.877394636015326,84.2911877394636,7.662835249042145,76.62835249042146
E00105744,280,60,31,29,220,20,200,21.428571428571427,11.071428571428571,10.357142857142858,78.57142857142857,7.142857142857142,71.42857142857143
E00105745,284,65,21,44,219,22,197,22.887323943661972,7.394366197183098,15.492957746478872,77.11267605633803,7.746478873239436,69.36619718309859
E00105746,217,54,29,25,163,17,146,24.88479262672811,13.36405529953917,11.52073732718894,75.11520737327189,7.834101382488479,67.2811059907834
E00105747,285,50,20,30,235,20,215,17.543859649122805,7.017543859649122,10.526315789473683,82.45614035087719,7.017543859649122,75.43859649122807
E00105748,262,43,18,25,219,21,198,16.412213740458014,6.870229007633588,9.541984732824428,83.58778625954199,8.015267175572518,75.57251908396947
E00105749,263,55,24,31,208,25,183,20.912547528517113,9.125475285171103,11.787072243346007,79.08745247148289,9.505703422053232,69.58174904942965
E00105750,274,53,20,33,221,24,197,19.34306569343066,7.2992700729927,12.043795620437956,80.65693430656934,8.75912408759124,71.8978102189781
E00105751,198,40,17,23,158,15,143,20.2020202020202,8.585858585858585,11.616161616161616,79.7979797979798,7.575757575757576,72.22222222222221
E00105752,257,40,17,23,217,19,198,15.56420233463035,6.614785992217899,8.949416342412452,84.43579766536965,7.392996108949417,77.04280155642024
E00105753,177,79,43,36,98,8,90,44.632768361581924,24.293785310734464,20.33898305084746,55.367231638418076,4.519774011299435,50.847457627118644
E00105754,253,63,28,35,190,18,172,24.90118577075099,11.067193675889328,13.83399209486166,75.09881422924902,7.114624505928854,67.98418972332016
E00105755,254,69,44,25,185,13,172,27.165354330708663,17.322834645669293,9.84251968503937,72.83464566929135,5.118110236220472,67.71653543307087
E00105756,247,71,30,41,176,14,162,28.74493927125506,12.145748987854251,16.599190283400812,71.25506072874494,5.668016194331984,65.58704453441295
E00105757,271,80,44,36,191,11,180,29.520295202952028,16.236162361623617,13.284132841328415,70.47970479704797,4.059040590405904,66.42066420664207
E00105758,318,86,46,40,232,18,214,27.044025157232703,14.465408805031446,12.578616352201259,72.95597484276729,5.660377358490567,67.29559748427673
E00105759,241,70,29,41,171,21,150,29.045643153526974,12.033195020746888,17.012448132780083,70.95435684647303,8.71369294605809,62.24066390041494
E00105760,233,74,32,42,159,14,145,31.759656652360512,13.733905579399142,18.025751072961373,68.24034334763948,6.008583690987124,62.231759656652365
E00105761,115,42,26,16,73,2,71,36.52173913043478,22.608695652173914,13.91304347826087,63.47826086956522,1.7391304347826086,61.73913043478261
E00105762,277,68,28,40,209,18,191,24.548736462093864,10.108303249097473,14.440433212996389,75.45126353790613,6.4981949458483745,68.95306859205776
E00105763,254,57,29,28,197,16,181,22.440944881889763,11.41732283464567,11.023622047244094,77.55905511811024,6.299212598425196,71.25984251968504
E00105764,348,84,32,52,264,20,244,24.137931034482758,9.195402298850574,14.942528735632186,75.86206896551724,5.747126436781609,70.11494252873564
E00105765,226,61,25,36,165,16,149,26.991150442477874,11.061946902654867,15.929203539823009,73.00884955752213,7.079646017699115,65.929203539823
E00105766,202,52,24,28,150,12,138,25.742574257425744,11.881188118811881,13.861386138613863,74.25742574257426,5.9405940594059405,68.31683168316832
E00105767,220,87,48,39,133,11,122,39.54545454545455,21.818181818181817,17.727272727272727,60.45454545454545,5,55.45454545454545
E00105768,266,75,38,37,191,15,176,28.195488721804512,14.285714285714285,13.909774436090224,71.80451127819549,5.639097744360902,66.16541353383458
E00105769,267,87,51,36,180,18,162,32.58426966292135,19.101123595505616,13.48314606741573,67.41573033707866,6.741573033707865,60.67415730337079
E00105770,250,60,26,34,190,15,175,24,10.4,13.600000000000001,76,6,70
E00105771,227,70,34,36,157,11,146,30.837004405286343,14.977973568281937,15.859030837004406,69.16299559471366,4.845814977973569,64.31718061674009
E00105772,281,69,33,36,212,23,189,24.555160142348754,11.743772241992882,12.811387900355871,75.44483985765125,8.185053380782918,67.25978647686833
E00105773,269,100,53,47,169,20,149,37.174721189591075,19.702602230483272,17.472118959107807,62.825278810408925,7.434944237918216,55.39033457249071
E00105774,244,64,33,31,180,17,163,26.229508196721312,13.524590163934427,12.704918032786885,73.77049180327869,6.967213114754098,66.80327868852459
E00105775,248,55,28,27,193,19,174,22.177419354838708,11.29032258064516,10.887096774193548,77.82258064516128,7.661290322580645,70.16129032258065
E00105776,227,60,24,36,167,12,155,26.431718061674008,10.572687224669604,15.859030837004406,73.568281938326,5.286343612334802,68.28193832599119
E00105777,265,72,32,40,193,17,176,27.169811320754718,12.075471698113208,15.09433962264151,72.83018867924528,6.415094339622642,66.41509433962264
E00105778,251,54,25,29,197,10,187,21.51394422310757,9.9601593625498,11.553784860557768,78.48605577689243,3.9840637450199203,74.5019920318725
E00105780,317,71,25,46,246,31,215,22.397476340694006,7.886435331230284,14.511041009463725,77.60252365930599,9.779179810725552,67.82334384858044
E00105781,280,58,22,36,222,15,207,20.714285714285715,7.857142857142857,12.857142857142856,79.28571428571428,5.357142857142857,73.92857142857143
E00105782,326,102,59,43,224,13,211,31.28834355828221,18.098159509202453,13.190184049079754,68.71165644171779,3.9877300613496933,64.7239263803681
E00105783,234,69,36,33,165,12,153,29.48717948717949,15.384615384615385,14.102564102564102,70.51282051282051,5.128205128205128,65.38461538461539
E00105784,420,81,32,49,339,26,313,19.28571428571429,7.6190476190476195,11.666666666666666,80.71428571428572,6.190476190476191,74.52380952380952
E00105785,257,56,24,32,201,20,181,21.78988326848249,9.33852140077821,12.45136186770428,78.21011673151752,7.782101167315175,70.42801556420234
E00105786,285,56,25,31,229,32,197,19.649122807017545,8.771929824561402,10.87719298245614,80.35087719298247,11.228070175438596,69.12280701754386
E00105787,267,58,24,34,209,18,191,21.722846441947567,8.98876404494382,12.734082397003746,78.27715355805243,6.741573033707865,71.53558052434457
E00105788,244,47,12,35,197,26,171,19.262295081967213,4.918032786885246,14.344262295081966,80.73770491803278,10.655737704918032,70.08196721311475
E00105789,275,67,26,41,208,13,195,24.363636363636363,9.454545454545455,14.909090909090908,75.63636363636364,4.7272727272727275,70.9090909090909
E00105791,214,51,26,25,163,16,147,23.83177570093458,12.149532710280374,11.682242990654206,76.16822429906543,7.476635514018691,68.69158878504673
E00105792,287,67,37,30,220,24,196,23.34494773519164,12.89198606271777,10.452961672473867,76.65505226480836,8.362369337979095,68.29268292682927
E00105793,300,67,25,42,233,24,209,22.333333333333332,8.333333333333332,14.000000000000002,77.66666666666666,8,69.66666666666667
E00105794,300,65,31,34,235,24,211,21.666666666666668,10.333333333333334,11.333333333333332,78.33333333333333,8,70.33333333333334
E00105795,241,66,22,44,175,24,151,27.385892116182575,9.12863070539419,18.25726141078838,72.61410788381743,9.95850622406639,62.655601659751035
E00105796,203,86,39,47,117,13,104,42.364532019704434,19.21182266009852,23.15270935960591,57.635467980295566,6.403940886699508,51.231527093596064
E00105797,275,90,45,45,185,22,163,32.72727272727273,16.363636363636363,16.363636363636363,67.27272727272727,8,59.27272727272728
E00105798,228,62,39,23,166,11,155,27.192982456140353,17.105263157894736,10.087719298245613,72.80701754385966,4.824561403508771,67.98245614035088
E00105799,338,89,36,53,249,20,229,26.331360946745562,10.650887573964498,15.680473372781064,73.66863905325444,5.9171597633136095,67.75147928994083
E00105800,316,62,29,33,254,38,216,19.62025316455696,9.177215189873419,10.443037974683545,80.37974683544303,12.025316455696203,68.35443037974683
E00105801,330,65,26,39,265,28,237,19.696969696969695,7.878787878787878,11.818181818181818,80.3030303030303,8.484848484848486,71.81818181818181
E00105802,274,75,42,33,199,15,184,27.37226277372263,15.328467153284672,12.043795620437956,72.62773722627736,5.474452554744526,67.15328467153284
E00105803,315,80,40,40,235,21,214,25.396825396825395,12.698412698412698,12.698412698412698,74.60317460317461,6.666666666666667,67.93650793650794
E00105804,394,106,48,58,288,23,265,26.903553299492383,12.18274111675127,14.720812182741117,73.09644670050761,5.83756345177665,67.25888324873097
E00105805,485,129,65,64,356,24,332,26.5979381443299,13.402061855670103,13.195876288659795,73.4020618556701,4.948453608247423,68.45360824742268
E00105806,243,54,24,30,189,19,170,22.22222222222222,9.876543209876543,12.345679012345679,77.77777777777779,7.818930041152264,69.95884773662551
E00105807,231,58,29,29,173,10,163,25.108225108225106,12.554112554112553,12.554112554112553,74.89177489177489,4.329004329004329,70.56277056277057
E00105808,311,78,51,27,233,20,213,25.080385852090032,16.39871382636656,8.681672025723474,74.91961414790997,6.430868167202572,68.48874598070739
E00105809,246,75,30,45,171,12,159,30.48780487804878,12.195121951219512,18.29268292682927,69.51219512195121,4.878048780487805,64.63414634146342
E00105810,254,80,41,39,174,18,156,31.496062992125985,16.141732283464567,15.354330708661418,68.50393700787401,7.086614173228346,61.417322834645674
E00105811,294,64,25,39,230,26,204,21.768707482993197,8.503401360544217,13.26530612244898,78.2312925170068,8.843537414965986,69.38775510204081
E00105812,320,48,16,32,272,24,248,15,5,10,85,7.5,77.5
E00105813,225,45,21,24,180,21,159,20,9.333333333333334,10.666666666666668,80,9.333333333333334,70.66666666666667
E00105815,269,57,22,35,212,32,180,21.189591078066915,8.178438661710038,13.011152416356877,78.81040892193309,11.895910780669144,66.91449814126395
E00105816,263,33,14,19,230,25,205,12.547528517110266,5.323193916349809,7.224334600760455,87.45247148288973,9.505703422053232,77.9467680608365
E00105817,513,83,35,48,430,41,389,16.17933723196881,6.82261208576998,9.35672514619883,83.82066276803118,7.992202729044834,75.82846003898635
E00105818,234,56,25,31,178,22,156,23.931623931623932,10.683760683760683,13.247863247863249,76.06837606837607,9.401709401709402,66.66666666666666
E00105819,228,75,54,21,153,18,135,32.89473684210527,23.684210526315788,9.210526315789473,67.10526315789474,7.894736842105263,59.210526315789465
E00105820,409,92,39,53,317,30,287,22.493887530562347,9.5354523227383865,12.95843520782396,77.50611246943765,7.334963325183375,70.17114914425427
E00105821,278,74,38,36,204,16,188,26.618705035971225,13.66906474820144,12.949640287769784,73.38129496402878,5.755395683453238,67.62589928057554
E00105822,259,60,28,32,199,14,185,23.166023166023166,10.81081081081081,12.355212355212355,76.83397683397683,5.405405405405405,71.42857142857143
E00105823,377,126,67,59,251,23,228,33.42175066312997,17.771883289124666,15.649867374005305,66.57824933687002,6.10079575596817,60.47745358090185
E00105824,302,92,31,61,210,22,188,30.4635761589404,10.264900662251655,20.198675496688743,69.5364238410596,7.28476821192053,62.251655629139066
E00105825,320,102,53,49,218,18,200,31.874999999999996,16.5625,15.312500000000002,68.125,5.625,62.5
E00105826,293,48,20,28,245,39,206,16.38225255972696,6.825938566552901,9.556313993174061,83.61774744027304,13.310580204778159,70.30716723549489
E00105827,557,58,22,36,499,44,455,10.412926391382406,3.949730700179533,6.463195691202872,89.5870736086176,7.899461400359066,81.68761220825853
E00105828,238,56,26,30,182,20,162,23.52941176470588,10.92436974789916,12.605042016806722,76.47058823529412,8.403361344537815,68.0672268907563
E00105829,271,72,26,46,199,14,185,26.56826568265683,9.59409594095941,16.974169741697416,73.43173431734317,5.166051660516605,68.26568265682657
E00105830,458,86,27,59,372,42,330,18.777292576419214,5.895196506550218,12.882096069868995,81.22270742358079,9.170305676855897,72.0524017467249
E00105831,273,56,31,25,217,18,199,20.51282051282051,11.355311355311356,9.157509157509157,79.48717948717949,6.593406593406594,72.89377289377289
E00105832,210,71,33,38,139,15,124,33.80952380952381,15.714285714285714,18.095238095238095,66.19047619047619,7.142857142857142,59.04761904761905
E00105833,208,51,19,32,157,13,144,24.519230769230766,9.134615384615383,15.384615384615385,75.48076923076923,6.25,69.23076923076923
E00105834,444,166,99,67,278,31,247,37.38738738738739,22.2972972972973,15.090090090090092,62.612612612612615,6.981981981981981,55.63063063063063
E00105835,323,54,11,43,269,24,245,16.718266253869967,3.4055727554179565,13.312693498452013,83.28173374613003,7.430340557275541,75.85139318885449
E00105836,288,55,16,39,233,27,206,19.09722222222222,5.555555555555555,13.541666666666666,80.90277777777779,9.375,71.52777777777779
E00105837,291,69,34,35,222,18,204,23.711340206185564,11.683848797250858,12.027491408934708,76.28865979381443,6.185567010309279,70.10309278350515
E00105838,440,69,32,37,371,35,336,15.681818181818183,7.2727272727272725,8.409090909090908,84.31818181818181,7.954545454545454,76.36363636363637
E00105839,283,66,27,39,217,22,195,23.32155477031802,9.540636042402827,13.780918727915195,76.67844522968198,7.773851590106007,68.90459363957598
E00105840,392,70,21,49,322,28,294,17.857142857142858,5.357142857142857,12.5,82.14285714285714,7.142857142857142,75
E00105841,277,50,21,29,227,22,205,18.050541516245488,7.581227436823104,10.469314079422382,81.94945848375451,7.9422382671480145,74.0072202166065
E00105842,353,94,40,54,259,11,248,26.628895184135974,11.3314447592068,15.29745042492918,73.37110481586402,3.1161473087818696,70.25495750708215
E00105843,283,47,11,36,236,30,206,16.607773851590103,3.8869257950530036,12.7208480565371,83.3922261484099,10.60070671378092,72.79151943462897
E00105844,274,36,12,24,238,26,212,13.138686131386862,4.37956204379562,8.75912408759124,86.86131386861314,9.48905109489051,77.37226277372264
E00105845,253,52,26,26,201,20,181,20.55335968379447,10.276679841897234,10.276679841897234,79.44664031620553,7.905138339920949,71.54150197628458
E00105846,223,41,13,28,182,22,160,18.385650224215247,5.829596412556054,12.556053811659194,81.61434977578476,9.865470852017937,71.74887892376681
E00105847,213,37,10,27,176,18,158,17.370892018779344,4.694835680751173,12.676056338028168,82.62910798122066,8.450704225352112,74.17840375586854
E00105848,192,26,8,18,166,18,148,13.541666666666666,4.166666666666666,9.375,86.45833333333334,9.375,77.08333333333334
E00105849,191,42,14,28,149,21,128,21.98952879581152,7.329842931937172,14.659685863874344,78.01047120418848,10.99476439790576,67.01570680628272
E00105850,305,66,28,38,239,23,216,21.639344262295083,9.180327868852459,12.459016393442624,78.36065573770492,7.540983606557377,70.81967213114754
E00105851,316,92,48,44,224,26,198,29.11392405063291,15.18987341772152,13.924050632911392,70.88607594936708,8.227848101265822,62.65822784810127
E00105852,265,70,28,42,195,13,182,26.41509433962264,10.566037735849058,15.849056603773585,73.58490566037736,4.905660377358491,68.67924528301886
E00105853,200,88,40,48,112,16,96,44,20,24,56.00000000000001,8,48
E00105854,156,31,9,22,125,15,110,19.871794871794872,5.769230769230769,14.102564102564102,80.12820512820514,9.615384615384617,70.51282051282051
E00105855,263,46,22,24,217,18,199,17.490494296577946,8.365019011406844,9.125475285171103,82.50950570342205,6.844106463878327,75.66539923954373
E00105856,272,60,16,44,212,14,198,22.058823529411764,5.88235294117647,16.176470588235293,77.94117647058823,5.147058823529411,72.79411764705883
E00105857,280,55,15,40,225,23,202,19.642857142857142,5.357142857142857,14.285714285714285,80.35714285714286,8.214285714285714,72.14285714285714
E00105858,131,20,6,14,111,15,96,15.267175572519085,4.580152671755725,10.687022900763358,84.7328244274809,11.450381679389313,73.2824427480916
E00105859,424,89,30,59,335,34,301,20.99056603773585,7.0754716981132075,13.915094339622641,79.00943396226415,8.018867924528301,70.99056603773585
E00105860,352,52,24,28,300,34,266,14.772727272727273,6.8181818181818175,7.954545454545454,85.22727272727273,9.659090909090908,75.56818181818183
E00105861,374,54,20,34,320,25,295,14.43850267379679,5.347593582887701,9.090909090909092,85.56149732620321,6.684491978609626,78.87700534759358
E00105862,300,84,40,44,216,19,197,28.000000000000004,13.333333333333334,14.666666666666666,72,6.333333333333334,65.66666666666666
E00105863,228,68,37,31,160,14,146,29.82456140350877,16.228070175438596,13.596491228070176,70.17543859649122,6.140350877192982,64.03508771929825
E00105864,300,55,22,33,245,15,230,18.333333333333332,7.333333333333333,11,81.66666666666667,5,76.66666666666667
E00105865,259,42,16,26,217,29,188,16.216216216216218,6.177606177606178,10.038610038610038,83.78378378378379,11.196911196911197,72.58687258687259
E00105866,309,61,28,33,248,18,230,19.741100323624593,9.06148867313916,10.679611650485436,80.2588996763754,5.825242718446602,74.4336569579288
E00105867,270,63,23,40,207,28,179,23.333333333333332,8.518518518518519,14.814814814814813,76.66666666666667,10.37037037037037,66.2962962962963
E00105868,200,43,16,27,157,20,137,21.5,8,13.5,78.5,10,68.5
E00105869,299,65,23,42,234,21,213,21.73913043478261,7.6923076923076925,14.046822742474916,78.26086956521739,7.023411371237458,71.23745819397993
E00105870,321,62,27,35,259,24,235,19.314641744548286,8.411214953271028,10.903426791277258,80.68535825545172,7.476635514018691,73.20872274143302
E00105871,231,66,39,27,165,15,150,28.57142857142857,16.883116883116884,11.688311688311687,71.42857142857143,6.493506493506493,64.93506493506493
E00105872,259,58,25,33,201,19,182,22.393822393822393,9.652509652509652,12.741312741312742,77.60617760617761,7.335907335907336,70.27027027027027
E00105873,316,105,56,49,211,22,189,33.22784810126582,17.72151898734177,15.50632911392405,66.77215189873418,6.962025316455696,59.81012658227848
E00105874,265,62,30,32,203,12,191,23.39622641509434,11.320754716981133,12.075471698113208,76.60377358490567,4.528301886792453,72.0754716981132
E00105875,248,59,30,29,189,27,162,23.790322580645164,12.096774193548388,11.693548387096774,76.20967741935483,10.887096774193548,65.32258064516128
E00105876,268,83,41,42,185,14,171,30.970149253731343,15.298507462686567,15.671641791044777,69.02985074626866,5.223880597014925,63.80597014925373
E00105877,342,71,31,40,271,35,236,20.760233918128655,9.064327485380117,11.695906432748536,79.23976608187134,10.23391812865497,69.00584795321637
E00105878,114,19,7,12,95,11,84,16.666666666666664,6.140350877192982,10.526315789473683,83.33333333333334,9.649122807017543,73.68421052631578
E00105879,251,57,30,27,194,21,173,22.709163346613543,11.952191235059761,10.756972111553784,77.29083665338645,8.366533864541832,68.92430278884463
E00105880,317,49,19,30,268,25,243,15.457413249211358,5.993690851735016,9.46372239747634,84.54258675078864,7.886435331230284,76.65615141955836
E00105881,217,41,13,28,176,19,157,18.89400921658986,5.990783410138248,12.903225806451612,81.10599078341014,8.755760368663594,72.35023041474655
E00105882,395,73,27,46,322,46,276,18.48101265822785,6.8354430379746836,11.645569620253164,81.51898734177216,11.645569620253164,69.87341772151898
E00105883,113,16,5,11,97,7,90,14.15929203539823,4.424778761061947,9.734513274336283,85.84070796460178,6.1946902654867255,79.64601769911505
E00105884,476,71,30,41,405,32,373,14.915966386554622,6.302521008403361,8.61344537815126,85.08403361344537,6.722689075630252,78.36134453781513
E00105885,134,21,5,16,113,15,98,15.671641791044777,3.731343283582089,11.940298507462686,84.32835820895522,11.194029850746269,73.13432835820896
E00105886,453,81,35,46,372,44,328,17.880794701986755,7.72626931567329,10.154525386313466,82.11920529801324,9.713024282560706,72.40618101545255
E00105887,174,32,9,23,142,12,130,18.39080459770115,5.172413793103448,13.218390804597702,81.60919540229885,6.896551724137931,74.71264367816092
E00105888,201,32,7,25,169,19,150,15.92039800995025,3.482587064676617,12.437810945273633,84.07960199004975,9.45273631840796,74.6268656716418
E00105889,241,45,14,31,196,21,175,18.672199170124482,5.809128630705394,12.863070539419086,81.32780082987551,8.71369294605809,72.61410788381743
E00105890,264,39,10,29,225,23,202,14.772727272727273,3.787878787878788,10.984848484848484,85.22727272727273,8.712121212121213,76.51515151515152
E00105891,354,70,24,46,284,23,261,19.774011299435028,6.779661016949152,12.994350282485875,80.22598870056498,6.497175141242938,73.72881355932203
E00105892,286,77,37,40,209,20,189,26.923076923076923,12.937062937062937,13.986013986013987,73.07692307692307,6.993006993006993,66.08391608391608
E00105893,312,60,20,40,252,19,233,19.230769230769234,6.41025641025641,12.82051282051282,80.76923076923077,6.089743589743589,74.67948717948718
E00105894,298,53,23,30,245,29,216,17.78523489932886,7.718120805369128,10.06711409395973,82.21476510067114,9.731543624161073,72.48322147651007
E00105895,229,54,26,28,175,15,160,23.580786026200872,11.353711790393014,12.22707423580786,76.41921397379913,6.550218340611353,69.86899563318777
E00105896,155,29,10,19,126,9,117,18.70967741935484,6.451612903225806,12.258064516129032,81.29032258064515,5.806451612903226,75.48387096774194
E00105897,206,31,8,23,175,21,154,15.048543689320388,3.8834951456310676,11.165048543689322,84.9514563106796,10.194174757281553,74.75728155339806
E00105898,188,43,19,24,145,12,133,22.872340425531913,10.106382978723403,12.76595744680851,77.12765957446808,6.382978723404255,70.74468085106383
E00105899,241,58,19,39,183,15,168,24.066390041493776,7.883817427385892,16.182572614107883,75.93360995850622,6.224066390041494,69.70954356846472
E00105900,186,54,21,33,132,17,115,29.03225806451613,11.29032258064516,17.741935483870968,70.96774193548387,9.13978494623656,61.82795698924731
E00105901,263,50,19,31,213,21,192,19.011406844106464,7.224334600760455,11.787072243346007,80.98859315589354,7.984790874524715,73.00380228136882
E00105902,130,14,5,9,116,10,106,10.76923076923077,3.8461538461538463,6.923076923076923,89.23076923076924,7.6923076923076925,81.53846153846153
E00105903,109,14,6,8,95,13,82,12.844036697247708,5.5045871559633035,7.339449541284404,87.1559633027523,11.926605504587156,75.22935779816514
E00105904,164,35,12,23,129,18,111,21.341463414634145,7.317073170731707,14.02439024390244,78.65853658536585,10.975609756097562,67.6829268292683
E00105905,388,78,30,48,310,38,272,20.103092783505154,7.731958762886598,12.371134020618557,79.89690721649485,9.793814432989691,70.10309278350515
E00105906,164,29,15,14,135,22,113,17.682926829268293,9.146341463414634,8.536585365853659,82.3170731707317,13.414634146341465,68.90243902439023
E00105907,152,23,8,15,129,9,120,15.131578947368421,5.263157894736842,9.868421052631579,84.86842105263158,5.921052631578947,78.94736842105263
E00105908,313,43,16,27,270,18,252,13.738019169329075,5.111821086261981,8.626198083067091,86.26198083067092,5.7507987220447285,80.5111821086262
E00105909,234,47,22,25,187,16,171,20.085470085470085,9.401709401709402,10.683760683760683,79.91452991452992,6.837606837606838,73.07692307692307
E00105910,242,53,27,26,189,13,176,21.90082644628099,11.15702479338843,10.743801652892563,78.099173553719,5.371900826446281,72.72727272727273
E00105911,253,53,22,31,200,28,172,20.948616600790515,8.695652173913043,12.25296442687747,79.05138339920948,11.067193675889328,67.98418972332016
E00105912,293,60,16,44,233,28,205,20.477815699658702,5.460750853242321,15.017064846416384,79.5221843003413,9.556313993174061,69.96587030716724
E00105913,274,53,18,35,221,24,197,19.34306569343066,6.569343065693431,12.773722627737227,80.65693430656934,8.75912408759124,71.8978102189781
E00105914,264,47,21,26,217,27,190,17.803030303030305,7.954545454545454,9.848484848484848,82.1969696969697,10.227272727272728,71.96969696969697
E00105916,279,53,14,39,226,27,199,18.996415770609318,5.017921146953405,13.978494623655912,81.00358422939068,9.67741935483871,71.32616487455196
E00105917,167,39,17,22,128,7,121,23.353293413173652,10.179640718562874,13.17365269461078,76.64670658682635,4.191616766467066,72.45508982035929
E00105918,227,35,13,22,192,19,173,15.418502202643172,5.726872246696035,9.691629955947137,84.58149779735683,8.370044052863436,76.2114537444934
E00105919,243,91,60,31,152,13,139,37.4485596707819,24.691358024691358,12.757201646090536,62.55144032921811,5.349794238683128,57.20164609053497
E00105920,278,60,24,36,218,24,194,21.58273381294964,8.633093525179856,12.949640287769784,78.41726618705036,8.633093525179856,69.7841726618705
E00105921,393,84,28,56,309,28,281,21.374045801526716,7.124681933842239,14.249363867684478,78.62595419847328,7.124681933842239,71.50127226463104
E00105923,201,69,31,38,132,14,118,34.32835820895522,15.422885572139302,18.90547263681592,65.67164179104478,6.965174129353234,58.70646766169154
E00105924,164,50,22,28,114,8,106,30.48780487804878,13.414634146341465,17.073170731707318,69.51219512195121,4.878048780487805,64.63414634146342
E00105925,388,64,22,42,324,34,290,16.49484536082474,5.670103092783505,10.824742268041238,83.50515463917526,8.762886597938143,74.74226804123711
E00105926,301,100,36,64,201,20,181,33.222591362126245,11.960132890365449,21.262458471760798,66.77740863787376,6.64451827242525,60.13289036544851
E00105927,213,82,46,36,131,9,122,38.497652582159624,21.5962441314554,16.901408450704224,61.502347417840376,4.225352112676056,57.27699530516433
E00105928,285,76,30,46,209,25,184,26.666666666666668,10.526315789473683,16.140350877192983,73.33333333333333,8.771929824561402,64.56140350877193
E00105929,249,57,18,39,192,24,168,22.89156626506024,7.228915662650602,15.66265060240964,77.10843373493977,9.63855421686747,67.46987951807229
E00105930,289,67,33,34,222,23,199,23.18339100346021,11.418685121107266,11.76470588235294,76.8166089965398,7.958477508650519,68.85813148788927
E00105931,291,71,23,48,220,17,203,24.398625429553263,7.903780068728522,16.49484536082474,75.60137457044674,5.841924398625429,69.7594501718213
E00105932,491,142,77,65,349,31,318,28.920570264765782,15.682281059063136,13.238289205702646,71.07942973523421,6.313645621181263,64.76578411405295
E00105933,268,43,11,32,225,19,206,16.044776119402986,4.104477611940299,11.940298507462686,83.95522388059702,7.08955223880597,76.86567164179104
E00105934,275,52,17,35,223,22,201,18.90909090909091,6.181818181818182,12.727272727272727,81.0909090909091,8,73.0909090909091
E00105935,286,46,15,31,240,26,214,16.083916083916083,5.244755244755245,10.839160839160838,83.91608391608392,9.090909090909092,74.82517482517483
E00105936,279,64,30,34,215,20,195,22.939068100358423,10.75268817204301,12.186379928315413,77.06093189964157,7.168458781362006,69.89247311827957
E00105937,225,57,22,35,168,16,152,25.333333333333336,9.777777777777779,15.555555555555555,74.66666666666667,7.111111111111111,67.55555555555556
E00105938,251,72,30,42,179,17,162,28.68525896414343,11.952191235059761,16.733067729083665,71.31474103585657,6.772908366533864,64.5418326693227
E00105939,285,67,29,38,218,19,199,23.50877192982456,10.175438596491228,13.333333333333334,76.49122807017544,6.666666666666667,69.82456140350877
E00105940,284,65,22,43,219,16,203,22.887323943661972,7.746478873239436,15.140845070422534,77.11267605633803,5.633802816901409,71.47887323943662
E00105941,280,69,31,38,211,28,183,24.642857142857146,11.071428571428571,13.571428571428571,75.35714285714286,10,65.35714285714286
E00105942,236,50,23,27,186,16,170,21.1864406779661,9.745762711864407,11.440677966101696,78.8135593220339,6.779661016949152,72.03389830508475
E00105943,247,54,24,30,193,13,180,21.86234817813765,9.7165991902834,12.145748987854251,78.13765182186235,5.263157894736842,72.8744939271255
E00105944,177,73,42,31,104,16,88,41.24293785310734,23.728813559322035,17.51412429378531,58.75706214689266,9.03954802259887,49.717514124293785
E00105945,216,75,40,35,141,11,130,34.72222222222222,18.51851851851852,16.203703703703702,65.27777777777779,5.092592592592593,60.18518518518518
E00105946,324,77,43,34,247,25,222,23.765432098765434,13.271604938271606,10.493827160493826,76.23456790123457,7.716049382716049,68.51851851851852
E00105947,308,69,33,36,239,23,216,22.4025974025974,10.714285714285714,11.688311688311687,77.59740259740259,7.467532467532467,70.12987012987013
E00105948,235,57,25,32,178,22,156,24.25531914893617,10.638297872340425,13.617021276595745,75.74468085106383,9.361702127659575,66.38297872340425
E00105949,497,72,29,43,425,45,380,14.486921529175051,5.8350100603621735,8.651911468812877,85.51307847082495,9.054325955734406,76.45875251509054
E00105950,261,64,33,31,197,14,183,24.521072796934863,12.643678160919542,11.877394636015326,75.47892720306514,5.363984674329502,70.11494252873564
E00105951,325,75,36,39,250,27,223,23.076923076923077,11.076923076923077,12,76.92307692307693,8.307692307692308,68.61538461538461
E00105952,280,91,45,46,189,13,176,32.5,16.071428571428573,16.428571428571427,67.5,4.642857142857143,62.857142857142854
E00105953,240,58,29,29,182,15,167,24.166666666666668,12.083333333333334,12.083333333333334,75.83333333333333,6.25,69.58333333333333
E00105954,207,72,38,34,135,20,115,34.78260869565217,18.357487922705314,16.425120772946862,65.21739130434783,9.66183574879227,55.55555555555556
E00105955,296,74,39,35,222,12,210,25,13.175675675675674,11.824324324324325,75,4.054054054054054,70.94594594594594
E00105956,155,63,41,22,92,6,86,40.64516129032258,26.451612903225808,14.193548387096774,59.354838709677416,3.870967741935484,55.483870967741936
E00105957,247,57,32,25,190,20,170,23.076923076923077,12.955465587044534,10.121457489878543,76.92307692307693,8.097165991902834,68.82591093117408
E00105958,205,60,35,25,145,16,129,29.268292682926827,17.073170731707318,12.195121951219512,70.73170731707317,7.804878048780488,62.926829268292686
E00105959,562,145,71,74,417,45,372,25.800711743772244,12.633451957295375,13.167259786476867,74.19928825622776,8.007117437722421,66.19217081850533
E00105960,241,57,30,27,184,8,176,23.651452282157674,12.448132780082988,11.20331950207469,76.34854771784232,3.319502074688797,73.02904564315352
E00105961,225,71,35,36,154,12,142,31.555555555555554,15.555555555555555,16,68.44444444444444,5.333333333333334,63.11111111111111
E00105962,265,64,22,42,201,9,192,24.150943396226417,8.30188679245283,15.849056603773585,75.84905660377359,3.3962264150943398,72.45283018867924
E00105963,460,88,44,44,372,34,338,19.130434782608695,9.565217391304348,9.565217391304348,80.8695652173913,7.391304347826087,73.47826086956522
E00105964,278,68,33,35,210,10,200,24.46043165467626,11.870503597122301,12.589928057553957,75.53956834532374,3.5971223021582732,71.94244604316546
E00105965,264,66,41,25,198,18,180,25,15.530303030303031,9.469696969696969,75,6.8181818181818175,68.18181818181817
E00105966,344,52,25,27,292,29,263,15.11627906976744,7.267441860465117,7.848837209302325,84.88372093023256,8.430232558139535,76.45348837209302
E00105967,244,48,20,28,196,16,180,19.672131147540984,8.19672131147541,11.475409836065573,80.32786885245902,6.557377049180328,73.77049180327869
E00105968,218,54,29,25,164,15,149,24.770642201834864,13.302752293577983,11.46788990825688,75.22935779816514,6.8807339449541285,68.34862385321101
E00105969,201,50,24,26,151,15,136,24.875621890547265,11.940298507462686,12.935323383084576,75.12437810945273,7.462686567164178,67.66169154228857
E00105970,382,103,49,54,279,16,263,26.96335078534031,12.827225130890053,14.136125654450263,73.03664921465969,4.18848167539267,68.84816753926701
E00105971,515,128,67,61,387,31,356,24.854368932038835,13.009708737864079,11.844660194174757,75.14563106796116,6.019417475728155,69.12621359223301
E00105972,273,83,42,41,190,15,175,30.4029304029304,15.384615384615385,15.018315018315018,69.59706959706959,5.4945054945054945,64.1025641025641
E00105973,350,80,47,33,270,31,239,22.857142857142858,13.428571428571429,9.428571428571429,77.14285714285715,8.857142857142856,68.28571428571428
E00105974,323,121,86,35,202,17,185,37.461300309597526,26.625386996904027,10.8359133126935,62.538699690402474,5.263157894736842,57.27554179566563
E00105976,261,70,20,50,191,25,166,26.81992337164751,7.662835249042145,19.157088122605366,73.18007662835248,9.578544061302683,63.601532567049816
E00105977,334,62,24,38,272,24,248,18.562874251497004,7.18562874251497,11.377245508982035,81.437125748502993,7.18562874251497,74.25149700598801
E00105978,210,54,29,25,156,14,142,25.71428571428571,13.80952380952381,11.904761904761903,74.28571428571429,6.666666666666667,67.61904761904762
E00105979,309,85,26,59,224,18,206,27.508090614886733,8.414239482200648,19.093851132686083,72.49190938511327,5.825242718446602,66.66666666666666
E00105980,306,83,37,46,223,22,201,27.124183006535947,12.091503267973856,15.032679738562091,72.87581699346404,7.18954248366013,65.68627450980392
E00105981,276,57,24,33,219,16,203,20.652173913043477,8.695652173913043,11.956521739130435,79.34782608695652,5.797101449275362,73.55072463768117
E00105982,410,142,74,68,268,19,249,34.63414634146341,18.048780487804876,16.585365853658537,65.3658536585366,4.634146341463414,60.731707317073166
E00105983,294,34,15,19,260,26,234,11.564625850340136,5.1020408163265305,6.462585034013606,88.43537414965986,8.843537414965986,79.59183673469387
E00105984,242,56,28,28,186,18,168,23.140495867768596,11.570247933884298,11.570247933884298,76.85950413223141,7.43801652892562,69.42148760330579
E00105985,285,53,22,31,232,20,212,18.596491228070175,7.719298245614035,10.87719298245614,81.40350877192982,7.017543859649122,74.3859649122807
E00105986,585,101,55,46,484,30,454,17.264957264957264,9.401709401709402,7.863247863247863,82.73504273504273,5.128205128205128,77.60683760683762
E00105987,296,72,31,41,224,25,199,24.324324324324326,10.472972972972974,13.85135135135135,75.67567567567568,8.445945945945946,67.22972972972973
E00105988,500,97,54,43,403,38,365,19.400000000000002,10.8,8.6,80.60000000000001,7.6,73
E00105989,177,56,28,28,121,21,100,31.63841807909605,15.819209039548024,15.819209039548024,68.36158192090396,11.864406779661017,56.49717514124294
E00105990,292,84,41,43,208,25,183,28.767123287671232,14.04109589041096,14.726027397260275,71.23287671232876,8.561643835616438,62.671232876712324
E00105991,363,34,9,25,329,30,299,9.366391184573002,2.479338842975207,6.887052341597796,90.633608815427,8.264462809917356,82.36914600550963
E00105992,268,64,29,35,204,30,174,23.88059701492537,10.820895522388058,13.059701492537313,76.11940298507463,11.194029850746269,64.92537313432835
E00105993,327,54,22,32,273,30,243,16.51376146788991,6.727828746177369,9.785932721712538,83.4862385321101,9.174311926605505,74.31192660550458
E00105994,327,46,14,32,281,36,245,14.067278287461773,4.281345565749235,9.785932721712538,85.93272171253822,11.009174311926607,74.92354740061162
E00105995,275,62,31,31,213,16,197,22.545454545454547,11.272727272727273,11.272727272727273,77.45454545454545,5.818181818181818,71.63636363636363
E00105996,304,68,35,33,236,22,214,22.36842105263158,11.513157894736842,10.855263157894738,77.63157894736842,7.236842105263158,70.39473684210526
E00105997,322,47,21,26,275,32,243,14.596273291925465,6.521739130434782,8.074534161490684,85.40372670807453,9.937888198757763,75.46583850931677
E00105998,330,65,29,36,265,24,241,19.696969696969695,8.787878787878787,10.909090909090908,80.3030303030303,7.2727272727272725,73.03030303030303
E00105999,229,69,42,27,160,14,146,30.131004366812224,18.340611353711793,11.790393013100436,69.86899563318777,6.11353711790393,63.75545851528385
E00106000,290,75,31,44,215,19,196,25.862068965517242,10.689655172413794,15.172413793103448,74.13793103448276,6.551724137931035,67.58620689655173
E00106001,169,47,18,29,122,14,108,27.810650887573964,10.650887573964498,17.159763313609467,72.18934911242604,8.284023668639055,63.905325443786985
E00106002,232,48,17,31,184,15,169,20.689655172413794,7.327586206896551,13.36206896551724,79.3103448275862,6.4655172413793105,72.84482758620689
E00106003,327,103,58,45,224,13,211,31.49847094801223,17.737003058103976,13.761467889908257,68.50152905198776,3.9755351681957185,64.52599388379205
E00106004,244,62,25,37,182,25,157,25.40983606557377,10.245901639344263,15.163934426229508,74.59016393442623,10.245901639344263,64.34426229508196
E00106005,284,55,24,31,229,21,208,19.366197183098592,8.450704225352112,10.915492957746478,80.63380281690141,7.394366197183098,73.23943661971832
E00106006,215,55,23,32,160,13,147,25.581395348837212,10.69767441860465,14.883720930232558,74.4186046511628,6.046511627906977,68.37209302325581
E00106007,221,55,19,36,166,15,151,24.8868778280543,8.597285067873303,16.289592760180994,75.1131221719457,6.787330316742081,68.32579185520362
E00106008,284,89,54,35,195,19,176,31.338028169014088,19.014084507042252,12.323943661971832,68.66197183098592,6.690140845070422,61.97183098591549
E00106009,281,94,58,36,187,18,169,33.45195729537366,20.640569395017792,12.811387900355871,66.54804270462633,6.405693950177936,60.14234875444839
E00106010,293,63,23,40,230,20,210,21.501706484641637,7.849829351535837,13.651877133105803,78.49829351535837,6.825938566552901,71.67235494880546
E00106011,234,56,28,28,178,15,163,23.931623931623932,11.965811965811966,11.965811965811966,76.06837606837607,6.41025641025641,69.65811965811966
E00106012,375,65,34,31,310,33,277,17.333333333333336,9.066666666666666,8.266666666666666,82.66666666666667,8.799999999999999,73.86666666666667
E00106013,320,118,54,64,202,20,182,36.875,16.875,20,63.125,6.25,56.875
E00106014,184,84,55,29,100,8,92,45.65217391304348,29.891304347826086,15.760869565217392,54.347826086956516,4.3478260869565215,50
E00106015,358,77,33,44,281,31,250,21.508379888268156,9.217877094972067,12.290502793296088,78.49162011173185,8.659217877094973,69.83240223463687
E00106016,244,57,30,27,187,24,163,23.36065573770492,12.295081967213115,11.065573770491802,76.63934426229508,9.836065573770492,66.80327868852459
E00106018,276,60,39,21,216,21,195,21.73913043478261,14.130434782608695,7.608695652173914,78.26086956521739,7.608695652173914,70.65217391304348
E00106019,298,57,35,22,241,30,211,19.12751677852349,11.74496644295302,7.38255033557047,80.87248322147651,10.06711409395973,70.80536912751678
E00106020,376,59,26,33,317,38,279,15.691489361702127,6.914893617021277,8.77659574468085,84.30851063829788,10.106382978723403,74.20212765957447
E00106021,369,76,26,50,293,26,267,20.59620596205962,7.046070460704606,13.550135501355012,79.40379403794037,7.046070460704606,72.35772357723577
E00106022,304,56,26,30,248,21,227,18.421052631578945,8.552631578947368,9.868421052631579,81.57894736842105,6.907894736842106,74.67105263157895
E00106023,283,73,40,33,210,24,186,25.795053003533567,14.13427561837456,11.66077738515901,74.20494699646643,8.480565371024735,65.7243816254417
E00106024,559,95,46,49,464,35,429,16.99463327370304,8.228980322003578,8.765652951699463,83.00536672629696,6.261180679785331,76.74418604651163
E00106025,328,53,21,32,275,29,246,16.158536585365855,6.402439024390244,9.75609756097561,83.84146341463415,8.841463414634147,75
E00106026,316,66,26,40,250,20,230,20.88607594936709,8.227848101265822,12.658227848101266,79.11392405063292,6.329113924050633,72.78481012658227
E00106027,245,61,29,32,184,20,164,24.897959183673468,11.83673469387755,13.061224489795919,75.10204081632654,8.16326530612245,66.93877551020408
E00106028,287,66,29,37,221,24,197,22.99651567944251,10.104529616724738,12.89198606271777,77.00348432055749,8.362369337979095,68.6411149825784
E00106029,292,41,18,23,251,26,225,14.04109589041096,6.164383561643835,7.876712328767123,85.95890410958904,8.904109589041095,77.05479452054794
E00106030,179,33,14,19,146,21,125,18.435754189944134,7.82122905027933,10.614525139664805,81.56424581005587,11.731843575418994,69.83240223463687
E00106031,107,20,3,17,87,9,78,18.69158878504673,2.803738317757009,15.887850467289718,81.30841121495327,8.411214953271028,72.89719626168224
E00106032,246,42,18,24,204,24,180,17.073170731707318,7.317073170731707,9.75609756097561,82.92682926829268,9.75609756097561,73.17073170731707
E00106033,292,69,26,43,223,23,200,23.63013698630137,8.904109589041095,14.726027397260275,76.36986301369863,7.876712328767123,68.4931506849315
E00106034,341,61,18,43,280,18,262,17.888563049853374,5.278592375366569,12.609970674486803,82.11143695014663,5.278592375366569,76.83284457478005
E00106035,245,56,21,35,189,21,168,22.857142857142858,8.571428571428571,14.285714285714285,77.14285714285715,8.571428571428571,68.57142857142857
E00106036,280,82,31,51,198,20,178,29.28571428571429,11.071428571428571,18.21428571428571,70.71428571428572,7.142857142857142,63.57142857142857
E00106037,238,54,25,29,184,19,165,22.689075630252102,10.504201680672269,12.184873949579831,77.31092436974791,7.9831932773109235,69.32773109243698
E00106038,217,75,28,47,142,13,129,34.56221198156682,12.903225806451612,21.658986175115206,65.43778801843318,5.990783410138248,59.44700460829493
E00106039,327,74,38,36,253,29,224,22.629969418960243,11.62079510703364,11.009174311926607,77.37003058103976,8.868501529051988,68.50152905198776
E00106040,236,60,18,42,176,26,150,25.423728813559322,7.627118644067797,17.796610169491526,74.57627118644068,11.016949152542372,63.559322033898304
E00106041,257,55,32,23,202,17,185,21.40077821011673,12.45136186770428,8.949416342412452,78.59922178988327,6.614785992217899,71.98443579766537
E00106042,285,70,38,32,215,17,198,24.561403508771928,13.333333333333334,11.228070175438596,75.43859649122807,5.964912280701754,69.47368421052632
E00106043,311,101,52,49,210,31,179,32.475884244372985,16.720257234726688,15.755627009646304,67.52411575562701,9.967845659163988,57.556270096463024
E00106044,346,69,37,32,277,25,252,19.942196531791907,10.69364161849711,9.248554913294797,80.05780346820809,7.225433526011561,72.83236994219652
E00106045,570,102,41,61,468,39,429,17.894736842105264,7.192982456140351,10.701754385964913,82.10526315789474,6.842105263157896,75.26315789473685
E00106046,262,61,32,29,201,19,182,23.282442748091604,12.213740458015266,11.068702290076336,76.7175572519084,7.251908396946565,69.46564885496184
E00106047,195,38,17,21,157,15,142,19.48717948717949,8.717948717948717,10.76923076923077,80.51282051282051,7.6923076923076925,72.82051282051282
E00106048,229,77,37,40,152,11,141,33.624454148471614,16.157205240174672,17.46724890829694,66.37554585152839,4.8034934497816595,61.572052401746724
E00106049,264,105,47,58,159,12,147,39.77272727272727,17.803030303030305,21.96969696969697,60.22727272727273,4.545454545454546,55.68181818181818
E00106050,297,53,22,31,244,24,220,17.845117845117844,7.4074074074074066,10.437710437710438,82.15488215488216,8.080808080808081,74.07407407407408
E00106051,204,83,49,34,121,12,109,40.68627450980392,24.019607843137255,16.666666666666664,59.31372549019608,5.88235294117647,53.431372549019606
E00106052,375,116,71,45,259,20,239,30.933333333333334,18.933333333333334,12,69.06666666666666,5.333333333333334,63.733333333333334
E00106053,298,69,28,41,229,17,212,23.154362416107382,9.395973154362416,13.758389261744966,76.84563758389261,5.704697986577181,71.14093959731544
E00106054,321,66,30,36,255,11,244,20.5607476635514,9.345794392523365,11.214953271028037,79.43925233644859,3.4267912772585665,76.01246105919003
E00106055,299,68,31,37,231,19,212,22.74247491638796,10.367892976588628,12.37458193979933,77.25752508361204,6.354515050167224,70.903010033444815
E00106056,204,47,23,24,157,18,139,23.03921568627451,11.27450980392157,11.76470588235294,76.9607843137255,8.823529411764707,68.13725490196079
E00106057,381,105,53,52,276,17,259,27.559055118110237,13.910761154855644,13.648293963254593,72.44094488188976,4.4619422572178475,67.97900262467192
E00106058,312,92,45,47,220,24,196,29.48717948717949,14.423076923076922,15.064102564102564,70.51282051282051,7.6923076923076925,62.82051282051282
E00106061,348,79,37,42,269,21,248,22.701149425287355,10.632183908045976,12.068965517241379,77.29885057471265,6.0344827586206895,71.26436781609196
E00106062,272,69,33,36,203,18,185,25.36764705882353,12.132352941176471,13.23529411764706,74.63235294117648,6.61764705882353,68.01470588235294
E00106063,245,65,35,30,180,18,162,26.53061224489796,14.285714285714285,12.244897959183673,73.46938775510205,7.346938775510205,66.12244897959184
E00106064,286,50,18,32,236,25,211,17.482517482517483,6.293706293706294,11.188811188811188,82.51748251748252,8.741258741258742,73.77622377622379
E00106065,248,52,25,27,196,24,172,20.967741935483872,10.080645161290322,10.887096774193548,79.03225806451613,9.67741935483871,69.35483870967742
E00106066,250,75,42,33,175,13,162,30,16.8,13.200000000000001,70,5.2,64.8
E00106067,280,71,29,42,209,19,190,25.357142857142854,10.357142857142858,15,74.64285714285714,6.785714285714286,67.85714285714286
E00106068,285,64,34,30,221,17,204,22.45614035087719,11.929824561403509,10.526315789473683,77.54385964912281,5.964912280701754,71.57894736842105
E00106069,380,84,40,44,296,21,275,22.105263157894736,10.526315789473683,11.578947368421053,77.89473684210526,5.526315789473684,72.36842105263158
E00106070,285,93,45,48,192,24,168,32.631578947368425,15.789473684210526,16.842105263157894,67.36842105263158,8.421052631578947,58.94736842105262
E00106071,241,73,37,36,168,15,153,30.29045643153527,15.352697095435685,14.937759336099585,69.70954356846472,6.224066390041494,63.48547717842323
E00106072,178,80,56,24,98,13,85,44.9438202247191,31.46067415730337,13.48314606741573,55.0561797752809,7.303370786516854,47.752808988764045
E00106073,364,66,35,31,298,27,271,18.13186813186813,9.615384615384617,8.516483516483516,81.86813186813187,7.417582417582418,74.45054945054946
E00106074,239,46,22,24,193,15,178,19.246861924686193,9.205020920502092,10.0418410041841,80.75313807531381,6.2761506276150625,74.47698744769873
E00106075,312,79,41,38,233,19,214,25.320512820512818,13.141025641025642,12.179487179487179,74.67948717948718,6.089743589743589,68.58974358974359
E00106076,235,94,55,39,141,7,134,40,23.404255319148938,16.595744680851062,60,2.9787234042553195,57.02127659574469
E00106077,286,71,32,39,215,19,196,24.825174825174827,11.188811188811188,13.636363636363635,75.17482517482517,6.643356643356643,68.53146853146853
E00106078,304,83,42,41,221,8,213,27.302631578947366,13.815789473684212,13.486842105263158,72.69736842105263,2.631578947368421,70.06578947368422
E00106079,245,90,48,42,155,12,143,36.734693877551024,19.591836734693878,17.142857142857142,63.26530612244898,4.8979591836734695,58.36734693877551
E00106080,248,69,37,32,179,14,165,27.82258064516129,14.919354838709678,12.903225806451612,72.17741935483872,5.64516129032258,66.53225806451613
E00106081,258,47,22,25,211,25,186,18.217054263565892,8.527131782945736,9.689922480620156,81.78294573643412,9.689922480620156,72.09302325581395
E00106082,238,52,27,25,186,15,171,21.84873949579832,11.344537815126051,10.504201680672269,78.15126050420169,6.302521008403361,71.84873949579831
E00106083,420,210,150,60,210,16,194,50,35.714285714285715,14.285714285714285,50,3.8095238095238098,46.19047619047619
E00106084,325,67,36,31,258,23,235,20.615384615384617,11.076923076923077,9.538461538461538,79.38461538461539,7.076923076923077,72.3076923076923
E00106085,274,88,46,42,186,14,172,32.11678832116788,16.78832116788321,15.328467153284672,67.88321167883211,5.109489051094891,62.77372262773723
E00106086,326,103,60,43,223,19,204,31.595092024539877,18.404907975460123,13.190184049079754,68.40490797546013,5.828220858895705,62.57668711656442
E00106087,234,64,26,38,170,21,149,27.350427350427353,11.11111111111111,16.23931623931624,72.64957264957265,8.974358974358974,63.67521367521367
E00106088,277,87,45,42,190,5,185,31.40794223826715,16.24548736462094,15.162454873646208,68.59205776173285,1.8050541516245486,66.78700361010831
E00106089,299,79,43,36,220,18,202,26.421404682274247,14.381270903010032,12.040133779264215,73.57859531772574,6.0200668896321075,67.55852842809364
E00106090,265,84,48,36,181,13,168,31.69811320754717,18.11320754716981,13.584905660377359,68.30188679245282,4.905660377358491,63.39622641509434
E00106091,298,97,60,37,201,17,184,32.5503355704698,20.13422818791946,12.416107382550337,67.4496644295302,5.704697986577181,61.74496644295302
E00106092,273,87,50,37,186,17,169,31.868131868131865,18.315018315018314,13.553113553113553,68.13186813186813,6.227106227106227,61.904761904761905
E00106093,290,83,38,45,207,20,187,28.620689655172416,13.10344827586207,15.517241379310345,71.37931034482759,6.896551724137931,64.48275862068965
E00106094,280,52,24,28,228,29,199,18.571428571428573,8.571428571428571,10,81.42857142857143,10.357142857142858,71.07142857142857
E00106095,245,56,24,32,189,19,170,22.857142857142858,9.795918367346939,13.061224489795919,77.14285714285715,7.755102040816326,69.38775510204081
E00106096,323,65,26,39,258,14,244,20.123839009287924,8.04953560371517,12.074303405572756,79.87616099071208,4.3343653250774,75.54179566563467
E00106098,243,60,28,32,183,23,160,24.691358024691358,11.522633744855968,13.168724279835391,75.30864197530865,9.465020576131687,65.84362139917695
E00106099,220,67,36,31,153,13,140,30.454545454545457,16.363636363636363,14.09090909090909,69.54545454545455,5.909090909090909,63.63636363636363
E00106100,198,77,42,35,121,15,106,38.88888888888889,21.21212121212121,17.67676767676768,61.111111111111114,7.575757575757576,53.535353535353536
E00106101,376,70,31,39,306,16,290,18.617021276595743,8.24468085106383,10.372340425531915,81.38297872340425,4.25531914893617,77.12765957446808
E00106102,452,109,53,56,343,37,306,24.11504424778761,11.725663716814159,12.389380530973451,75.88495575221239,8.185840707964601,67.69911504424779
E00106103,370,119,47,72,251,24,227,32.16216216216216,12.702702702702704,19.45945945945946,67.83783783783784,6.486486486486487,61.35135135135135
E00106104,550,110,48,62,440,38,402,20,8.727272727272728,11.272727272727273,80,6.909090909090909,73.0909090909091
E00106105,312,59,22,37,253,27,226,18.91025641025641,7.051282051282051,11.858974358974358,81.08974358974359,8.653846153846153,72.43589743589743
E00106106,289,53,19,34,236,27,209,18.33910034602076,6.5743944636678195,11.76470588235294,81.66089965397923,9.342560553633218,72.31833910034602
E00106107,274,51,24,27,223,20,203,18.613138686131386,8.75912408759124,9.854014598540147,81.38686131386861,7.2992700729927,74.08759124087592
E00106108,357,60,32,28,297,24,273,16.80672268907563,8.96358543417367,7.8431372549019605,83.19327731092437,6.722689075630252,76.47058823529412
E00106109,381,74,27,47,307,20,287,19.42257217847769,7.086614173228346,12.335958005249344,80.5774278215223,5.2493438320209975,75.32808398950131
E00106110,273,91,40,51,182,23,159,33.33333333333333,14.652014652014653,18.681318681318682,66.66666666666666,8.424908424908425,58.24175824175825
E00106111,264,73,35,38,191,24,167,27.65151515151515,13.257575757575758,14.393939393939394,72.34848484848484,9.090909090909092,63.25757575757576
E00106112,278,74,21,53,204,28,176,26.618705035971225,7.553956834532374,19.06474820143885,73.38129496402878,10.071942446043165,63.30935251798561
E00106113,276,68,23,45,208,23,185,24.637681159420293,8.333333333333332,16.304347826086957,75.36231884057972,8.333333333333332,67.02898550724638
E00106114,106,17,9,8,89,7,82,16.037735849056602,8.49056603773585,7.547169811320755,83.9622641509434,6.60377358490566,77.35849056603774
E00106115,297,48,16,32,249,27,222,16.161616161616163,5.387205387205387,10.774410774410773,83.83838383838383,9.090909090909092,74.74747474747475
E00106116,147,44,22,22,103,5,98,29.931972789115648,14.965986394557824,14.965986394557824,70.06802721088435,3.4013605442176873,66.66666666666666
E00106117,311,83,44,39,228,18,210,26.688102893890676,14.14790996784566,12.540192926045016,73.31189710610933,5.787781350482315,67.52411575562701
E00106118,209,77,43,34,132,13,119,36.84210526315789,20.574162679425836,16.267942583732058,63.1578947368421,6.220095693779904,56.9377990430622
E00106119,234,67,29,38,167,14,153,28.63247863247863,12.393162393162394,16.23931623931624,71.36752136752136,5.982905982905983,65.38461538461539
E00106120,327,71,45,26,256,8,248,21.712538226299692,13.761467889908257,7.951070336391437,78.2874617737003,2.4464831804281344,75.84097859327217
E00106121,311,78,35,43,233,23,210,25.080385852090032,11.254019292604502,13.826366559485532,74.91961414790997,7.395498392282958,67.52411575562701
E00106122,253,70,37,33,183,16,167,27.66798418972332,14.624505928853754,13.043478260869565,72.33201581027669,6.324110671936759,66.00790513833992
E00106123,289,88,51,37,201,16,185,30.44982698961938,17.647058823529413,12.802768166089965,69.55017301038062,5.536332179930796,64.01384083044984
E00106124,270,84,41,43,186,12,174,31.11111111111111,15.185185185185185,15.925925925925927,68.88888888888889,4.444444444444445,64.44444444444444
E00106125,296,99,42,57,197,12,185,33.44594594594595,14.18918918918919,19.256756756756758,66.55405405405406,4.054054054054054,62.5
E00106126,350,111,58,53,239,15,224,31.71428571428571,16.57142857142857,15.142857142857144,68.28571428571428,4.285714285714286,64
E00106127,330,96,48,48,234,23,211,29.09090909090909,14.545454545454545,14.545454545454545,70.9090909090909,6.969696969696971,63.93939393939394
E00106128,269,70,23,47,199,23,176,26.022304832713754,8.550185873605948,17.472118959107807,73.97769516728626,8.550185873605948,65.4275092936803
E00106129,317,80,33,47,237,19,218,25.236593059936908,10.410094637223976,14.826498422712934,74.76340694006309,5.993690851735016,68.76971608832808
E00106130,277,85,46,39,192,13,179,30.685920577617328,16.60649819494585,14.079422382671481,69.31407942238266,4.693140794223827,64.62093862815884
E00106131,380,60,23,37,320,23,297,15.789473684210526,6.052631578947368,9.736842105263158,84.21052631578947,6.052631578947368,78.15789473684211
E00171774,251,49,19,30,202,19,183,19.52191235059761,7.569721115537849,11.952191235059761,80.47808764940238,7.569721115537849,72.90836653386454
E00171777,322,53,15,38,269,24,245,16.459627329192546,4.658385093167702,11.801242236024844,83.54037267080744,7.453416149068323,76.08695652173914
E00171778,257,36,16,20,221,15,206,14.007782101167315,6.22568093385214,7.782101167315175,85.99221789883269,5.836575875486381,80.1556420233463
E00171780,304,36,6,30,268,17,251,11.842105263157894,1.9736842105263157,9.868421052631579,88.1578947368421,5.592105263157895,82.56578947368422
E00171781,272,17,9,8,255,13,242,6.25,3.308823529411765,2.941176470588235,93.75,4.779411764705882,88.97058823529412
E00171783,296,37,10,27,259,16,243,12.5,3.3783783783783785,9.121621621621621,87.5,5.405405405405405,82.0945945945946
E00171785,347,36,20,16,311,26,285,10.37463976945245,5.763688760806916,4.610951008645533,89.62536023054754,7.492795389048991,82.13256484149855
E00171786,330,84,44,40,246,14,232,25.454545454545453,13.333333333333334,12.121212121212121,74.54545454545455,4.242424242424243,70.3030303030303
E00171788,311,27,6,21,284,12,272,8.681672025723474,1.929260450160772,6.752411575562702,91.31832797427653,3.858520900321544,87.45980707395499
E00171789,361,34,8,26,327,31,296,9.418282548476455,2.21606648199446,7.202216066481995,90.58171745152355,8.587257617728532,81.99445983379502
E00171791,211,48,32,16,163,10,153,22.748815165876778,15.165876777251185,7.5829383886255926,77.25118483412322,4.739336492890995,72.51184834123224
E00171792,247,49,14,35,198,20,178,19.838056680161944,5.668016194331984,14.17004048582996,80.16194331983806,8.097165991902834,72.06477732793523
E00171797,271,45,16,29,226,32,194,16.605166051660518,5.904059040590406,10.70110701107011,83.39483394833948,11.808118081180812,71.58671586715867
E00171799,469,57,10,47,412,41,371,12.153518123667377,2.1321961620469083,10.021321961620469,87.84648187633263,8.742004264392325,79.1044776119403
E00171800,337,52,21,31,285,24,261,15.43026706231454,6.231454005934718,9.198813056379821,84.56973293768546,7.121661721068249,77.44807121661721
E00171802,263,60,27,33,203,18,185,22.813688212927758,10.26615969581749,12.547528517110266,77.18631178707224,6.844106463878327,70.34220532319392
E00171803,323,41,13,28,282,11,271,12.693498452012383,4.024767801857585,8.6687306501548,87.30650154798761,3.4055727554179565,83.90092879256966
E00171805,354,47,19,28,307,32,275,13.27683615819209,5.367231638418079,7.909604519774012,86.7231638418079,9.03954802259887,77.68361581920904
E00171806,307,55,27,28,252,27,225,17.91530944625407,8.794788273615636,9.120521172638437,82.08469055374593,8.794788273615636,73.28990228013029
E00171808,249,55,25,30,194,15,179,22.08835341365462,10.040160642570282,12.048192771084338,77.91164658634538,6.024096385542169,71.8875502008032
E00171809,267,131,69,62,136,9,127,49.063670411985015,25.842696629213485,23.220973782771537,50.936329588014985,3.3707865168539324,47.565543071161045
E00171811,347,125,62,63,222,24,198,36.023054755043226,17.86743515850144,18.155619596541786,63.976945244956774,6.9164265129683,57.06051873198847
E00171813,323,47,23,24,276,34,242,14.551083591331269,7.120743034055728,7.430340557275541,85.44891640866872,10.526315789473683,74.92260061919505
E00171814,492,147,80,67,345,20,325,29.878048780487802,16.260162601626014,13.617886178861788,70.1219512195122,4.0650406504065035,66.05691056910568
E00171816,322,37,16,21,285,29,256,11.490683229813664,4.968944099378882,6.521739130434782,88.50931677018633,9.006211180124224,79.5031055900621
E00171817,352,37,13,24,315,22,293,10.511363636363637,3.6931818181818183,6.8181818181818175,89.48863636363636,6.25,83.23863636363636
E00171819,307,55,16,39,252,21,231,17.91530944625407,5.211726384364821,12.703583061889251,82.08469055374593,6.840390879478828,75.2442996742671
E00171820,359,41,19,22,318,28,290,11.420612813370473,5.2924791086350975,6.128133704735376,88.57938718662952,7.7994428969359335,80.77994428969359
E00171822,266,55,21,34,211,17,194,20.676691729323306,7.894736842105263,12.781954887218044,79.32330827067669,6.390977443609022,72.93233082706767
E00171825,292,53,14,39,239,23,216,18.15068493150685,4.794520547945205,13.356164383561644,81.84931506849315,7.876712328767123,73.97260273972603
E00171827,194,38,13,25,156,18,138,19.587628865979383,6.701030927835052,12.886597938144329,80.41237113402062,9.278350515463918,71.1340206185567
E00171828,516,49,1,48,467,60,407,9.496124031007753,0.1937984496124031,9.30232558139535,90.50387596899225,11.627906976744185,78.87596899224806
E00171830,251,71,31,40,180,20,160,28.286852589641438,12.350597609561753,15.936254980079681,71.71314741035857,7.968127490039841,63.745019920318725
E00171831,228,40,20,20,188,17,171,17.543859649122805,8.771929824561402,8.771929824561402,82.45614035087719,7.456140350877193,75
E00171833,303,55,24,31,248,25,223,18.151815181518153,7.920792079207921,10.231023102310232,81.84818481848185,8.25082508250825,73.5973597359736
E00171834,515,52,10,42,463,19,444,10.097087378640776,1.9417475728155338,8.155339805825243,89.90291262135922,3.6893203883495143,86.2135922330097
E00171836,164,36,17,19,128,12,116,21.951219512195124,10.365853658536585,11.585365853658537,78.04878048780488,7.317073170731707,70.73170731707317
E00171837,215,59,24,35,156,13,143,27.44186046511628,11.162790697674419,16.27906976744186,72.55813953488372,6.046511627906977,66.51162790697674
E00171839,292,62,29,33,230,19,211,21.232876712328768,9.931506849315069,11.301369863013697,78.76712328767124,6.506849315068493,72.26027397260275
E00171841,347,40,12,28,307,19,288,11.527377521613833,3.45821325648415,8.069164265129682,88.47262247838617,5.475504322766571,82.9971181556196
E00171842,307,81,41,40,226,26,200,26.384364820846905,13.355048859934854,13.029315960912053,73.61563517915309,8.469055374592834,65.14657980456026
E00171844,569,63,17,46,506,39,467,11.072056239015819,2.987697715289982,8.084358523725834,88.92794376098419,6.854130052724078,82.0738137082601
E00171845,377,64,21,43,313,25,288,16.976127320954905,5.570291777188329,11.405835543766578,83.0238726790451,6.631299734748011,76.39257294429707
E00171847,237,45,21,24,192,17,175,18.9873417721519,8.860759493670885,10.126582278481013,81.0126582278481,7.172995780590717,73.83966244725738
E00171848,339,40,12,28,299,27,272,11.799410029498524,3.5398230088495577,8.259587020648967,88.20058997050147,7.964601769911504,80.23598820058997
E00171850,345,28,9,19,317,28,289,8.115942028985506,2.608695652173913,5.507246376811594,91.88405797101449,8.115942028985506,83.76811594202898
E00171855,326,40,20,20,286,24,262,12.269938650306749,6.134969325153374,6.134969325153374,87.73006134969326,7.361963190184049,80.3680981595092
E00171856,376,56,23,33,320,33,287,14.893617021276595,6.117021276595745,8.77659574468085,85.1063829787234,8.77659574468085,76.32978723404256
E00171858,288,52,19,33,236,18,218,18.055555555555554,6.597222222222222,11.458333333333332,81.94444444444444,6.25,75.69444444444444
E00171859,300,50,24,26,250,23,227,16.666666666666664,8,8.666666666666668,83.33333333333334,7.666666666666666,75.66666666666667
E00171861,375,31,7,24,344,28,316,8.266666666666666,1.866666666666667,6.4,91.73333333333333,7.466666666666668,84.26666666666667
E00171862,307,33,19,14,274,19,255,10.749185667752444,6.188925081433225,4.5602605863192185,89.25081433224756,6.188925081433225,83.06188925081433
E00171864,224,63,39,24,161,17,144,28.125,17.410714285714285,10.714285714285714,71.875,7.5892857142857135,64.28571428571429
E00171865,424,87,40,47,337,23,314,20.5188679245283,9.433962264150944,11.084905660377359,79.48113207547169,5.4245283018867925,74.05660377358491
E00171867,176,50,28,22,126,15,111,28.40909090909091,15.909090909090908,12.5,71.5909090909091,8.522727272727272,63.06818181818182
E00171869,650,249,75,174,401,55,346,38.30769230769231,11.538461538461538,26.769230769230766,61.69230769230769,8.461538461538462,53.230769230769226
E00171870,313,96,77,19,217,19,198,30.670926517571885,24.600638977635782,6.070287539936102,69.32907348242811,6.070287539936102,63.25878594249201
E00171873,395,52,20,32,343,24,319,13.164556962025317,5.063291139240507,8.10126582278481,86.83544303797468,6.075949367088607,80.75949367088607
E00171875,152,12,4,8,140,9,131,7.894736842105263,2.631578947368421,5.263157894736842,92.10526315789474,5.921052631578947,86.18421052631578
E00171878,314,94,40,54,220,11,209,29.936305732484076,12.738853503184714,17.197452229299362,70.06369426751591,3.5031847133757963,66.56050955414013
E00171881,281,59,21,38,222,26,196,20.99644128113879,7.473309608540925,13.523131672597867,79.00355871886121,9.252669039145907,69.7508896797153
E00171942,299,59,32,27,240,22,218,19.732441471571907,10.702341137123746,9.03010033444816,80.2675585284281,7.357859531772576,72.90969899665552
E00171943,278,35,9,26,243,17,226,12.589928057553957,3.237410071942446,9.352517985611511,87.41007194244604,6.115107913669065,81.29496402877699
E00171945,554,51,22,29,503,33,470,9.2057761732852,3.9711191335740073,5.234657039711191,90.7942238267148,5.956678700361011,84.83754512635379
E00171946,403,52,14,38,351,28,323,12.903225806451612,3.4739454094292808,9.429280397022332,87.09677419354838,6.9478908188585615,80.14888337468983
E00171948,196,37,12,25,159,14,145,18.877551020408163,6.122448979591836,12.755102040816327,81.12244897959184,7.142857142857142,73.9795918367347
E00171949,175,33,15,18,142,18,124,18.857142857142858,8.571428571428571,10.285714285714285,81.14285714285714,10.285714285714285,70.85714285714285
E00171951,235,29,14,15,206,21,185,12.340425531914894,5.957446808510639,6.382978723404255,87.65957446808511,8.936170212765958,78.72340425531915
E00171953,343,35,11,24,308,19,289,10.204081632653061,3.206997084548105,6.997084548104956,89.79591836734694,5.539358600583091,84.25655976676384
E00171954,443,61,17,44,382,23,359,13.769751693002258,3.837471783295711,9.932279909706546,86.23024830699775,5.191873589164786,81.03837471783297
E00183223,321,56,27,29,265,27,238,17.445482866043612,8.411214953271028,9.034267912772584,82.55451713395638,8.411214953271028,74.14330218068535
E00183224,155,31,10,21,124,8,116,20,6.451612903225806,13.548387096774196,80,5.161290322580645,74.83870967741936
E00183225,160,64,35,29,96,6,90,40,21.875,18.125,60,3.75,56.25
E00183226,163,17,4,13,146,9,137,10.429447852760736,2.4539877300613497,7.975460122699387,89.57055214723927,5.521472392638037,84.04907975460122
E00183227,323,33,8,25,290,27,263,10.21671826625387,2.476780185758514,7.739938080495357,89.78328173374614,8.359133126934983,81.42414860681114
E00183228,270,41,11,30,229,18,211,15.185185185185185,4.074074074074074,11.11111111111111,84.81481481481481,6.666666666666667,78.14814814814814
E00183229,457,37,13,24,420,29,391,8.096280087527353,2.8446389496717726,5.25164113785558,91.90371991247265,6.3457330415754925,85.55798687089715
E00183230,177,27,6,21,150,17,133,15.254237288135593,3.389830508474576,11.864406779661017,84.7457627118644,9.6045197740113,75.14124293785311
E00183231,135,40,19,21,95,6,89,29.629629629629626,14.074074074074074,15.555555555555555,70.37037037037037,4.444444444444445,65.92592592592592
E00183232,339,56,22,34,283,15,268,16.519174041297934,6.489675516224189,10.029498525073747,83.48082595870207,4.424778761061947,79.05604719764013
E00183233,192,36,13,23,156,17,139,18.75,6.770833333333333,11.979166666666668,81.25,8.854166666666668,72.39583333333334
E00183234,119,17,6,11,102,2,100,14.285714285714285,5.042016806722689,9.243697478991598,85.71428571428571,1.680672268907563,84.03361344537815
E00183235,331,24,6,18,307,16,291,7.250755287009064,1.812688821752266,5.438066465256798,92.74924471299094,4.833836858006042,87.91540785498489
E00183236,325,30,4,26,295,38,257,9.230769230769232,1.2307692307692308,8,90.76923076923077,11.692307692307692,79.07692307692308
E00183237,367,33,10,23,334,25,309,8.991825613079019,2.7247956403269753,6.267029972752043,91.00817438692098,6.811989100817439,84.19618528610354
E00183238,200,21,10,11,179,18,161,10.5,5,5.5,89.5,9,80.5
E00183239,345,93,51,42,252,16,236,26.956521739130434,14.782608695652174,12.173913043478262,73.04347826086956,4.63768115942029,68.40579710144927
E00183240,212,31,5,26,181,22,159,14.622641509433961,2.358490566037736,12.264150943396226,85.37735849056604,10.377358490566039,75
E00183241,537,43,13,30,494,41,453,8.007448789571695,2.4208566108007448,5.58659217877095,91.9925512104283,7.635009310986965,84.35754189944134
E00183242,236,103,59,44,133,9,124,43.64406779661017,25,18.64406779661017,56.355932203389834,3.8135593220338984,52.54237288135594
E00183243,273,25,7,18,248,17,231,9.157509157509157,2.564102564102564,6.593406593406594,90.84249084249085,6.227106227106227,84.61538461538461
E00183244,281,40,20,20,241,15,226,14.23487544483986,7.11743772241993,7.11743772241993,85.76512455516014,5.338078291814947,80.42704626334519
E00183245,165,21,6,15,144,13,131,12.727272727272727,3.6363636363636362,9.090909090909092,87.27272727272727,7.878787878787878,79.39393939393939
E00183246,154,17,4,13,137,8,129,11.03896103896104,2.5974025974025974,8.441558441558442,88.96103896103897,5.194805194805195,83.76623376623377
E00183247,141,16,9,7,125,9,116,11.347517730496454,6.382978723404255,4.964539007092199,88.65248226950354,6.382978723404255,82.26950354609929
E00183248,460,52,18,34,408,38,370,11.304347826086957,3.91304347826087,7.391304347826087,88.69565217391305,8.26086956521739,80.43478260869566
E00183249,203,40,21,19,163,9,154,19.704433497536947,10.344827586206897,9.35960591133005,80.29556650246306,4.433497536945813,75.86206896551724
E00183250,281,24,8,16,257,19,238,8.540925266903916,2.8469750889679712,5.6939501779359425,91.45907473309609,6.761565836298933,84.69750889679716
E00183251,338,51,23,28,287,22,265,15.088757396449704,6.8047337278106506,8.284023668639055,84.91124260355029,6.508875739644971,78.40236686390533
E00183252,512,45,14,31,467,40,427,8.7890625,2.734375,6.0546875,91.2109375,7.8125,83.3984375
E00183253,293,30,3,27,263,19,244,10.238907849829351,1.023890784982935,9.215017064846416,89.76109215017065,6.484641638225256,83.27645051194538
E00183254,529,37,12,25,492,42,450,6.994328922495274,2.2684310018903595,4.725897920604915,93.00567107750473,7.9395085066162565,85.06616257088847
E00183255,142,46,29,17,96,10,86,32.3943661971831,20.422535211267608,11.971830985915492,67.6056338028169,7.042253521126761,60.56338028169014
E00183256,395,43,15,28,352,28,324,10.886075949367088,3.79746835443038,7.088607594936709,89.1139240506329,7.088607594936709,82.02531645569621
E00183257,250,35,9,26,215,21,194,14.000000000000002,3.5999999999999996,10.4,86,8.4,77.60000000000001
E00183258,331,26,10,16,305,31,274,7.854984894259818,3.0211480362537766,4.833836858006042,92.14501510574019,9.365558912386707,82.77945619335347
E00183259,231,61,29,32,170,22,148,26.406926406926406,12.554112554112553,13.852813852813853,73.59307359307358,9.523809523809524,64.06926406926407
E00183260,489,82,29,53,407,35,372,16.768916155419223,5.930470347648262,10.838445807770961,83.23108384458078,7.157464212678937,76.07361963190185
E00183261,468,63,23,40,405,35,370,13.461538461538462,4.914529914529915,8.547008547008547,86.53846153846155,7.478632478632479,79.05982905982906
E00183262,278,53,24,29,225,14,211,19.06474820143885,8.633093525179856,10.431654676258994,80.93525179856115,5.0359712230215825,75.89928057553958
E00183263,112,29,14,15,83,3,80,25.892857142857146,12.5,13.392857142857142,74.10714285714286,2.6785714285714284,71.42857142857143
E00183264,410,30,8,22,380,26,354,7.317073170731707,1.951219512195122,5.365853658536586,92.6829268292683,6.341463414634147,86.34146341463415
E00183265,271,32,12,20,239,9,230,11.808118081180812,4.428044280442804,7.380073800738007,88.19188191881919,3.3210332103321036,84.87084870848709
E00183266,473,159,52,107,314,60,254,33.61522198731501,10.993657505285412,22.621564482029598,66.38477801268499,12.684989429175475,53.69978858350951
E00183267,385,28,12,16,357,25,332,7.2727272727272725,3.116883116883117,4.1558441558441555,92.72727272727272,6.493506493506493,86.23376623376623
E00183268,462,36,13,23,426,35,391,7.792207792207792,2.813852813852814,4.978354978354979,92.20779220779221,7.575757575757576,84.63203463203463
E00183269,245,38,20,18,207,25,182,15.510204081632653,8.16326530612245,7.346938775510205,84.48979591836735,10.204081632653061,74.28571428571429
E00183270,317,39,19,20,278,28,250,12.302839116719243,5.993690851735016,6.309148264984227,87.69716088328076,8.832807570977918,78.86435331230284
E00183271,388,30,12,18,358,30,328,7.731958762886598,3.0927835051546393,4.639175257731959,92.26804123711341,7.731958762886598,84.5360824742268
E00183272,150,28,12,16,122,9,113,18.666666666666668,8,10.666666666666668,81.33333333333333,6,75.33333333333333
E00183273,412,53,10,43,359,35,324,12.864077669902912,2.4271844660194173,10.436893203883495,87.13592233009709,8.495145631067961,78.64077669902912
E00183274,297,73,33,40,224,16,208,24.579124579124578,11.11111111111111,13.468013468013467,75.42087542087542,5.387205387205387,70.03367003367003
E00183275,586,64,13,51,522,54,468,10.921501706484642,2.218430034129693,8.70307167235495,89.07849829351537,9.215017064846416,79.86348122866895
E00183276,311,45,21,24,266,40,226,14.469453376205788,6.752411575562702,7.717041800643088,85.53054662379421,12.861736334405144,72.66881028938906
E00183277,292,38,10,28,254,24,230,13.013698630136986,3.4246575342465753,9.58904109589041,86.98630136986301,8.21917808219178,78.76712328767124
E00183278,624,46,12,34,578,55,523,7.371794871794872,1.9230769230769231,5.448717948717949,92.62820512820514,8.814102564102564,83.81410256410257
E00183279,175,27,7,20,148,11,137,15.428571428571427,4,11.428571428571429,84.57142857142857,6.2857142857142865,78.28571428571428
E00183280,438,90,29,61,348,28,320,20.54794520547945,6.621004566210045,13.926940639269406,79.45205479452055,6.392694063926941,73.0593607305936
E00183281,457,60,30,30,397,25,372,13.129102844638949,6.564551422319474,6.564551422319474,86.87089715536105,5.470459518599562,81.4004376367615
E00183282,420,79,23,56,341,25,316,18.80952380952381,5.476190476190476,13.333333333333334,81.19047619047619,5.952380952380952,75.23809523809524
E00183283,393,43,10,33,350,27,323,10.941475826972011,2.5445292620865136,8.396946564885496,89.05852417302799,6.870229007633588,82.1882951653944
E00183284,362,67,25,42,295,24,271,18.50828729281768,6.906077348066299,11.602209944751381,81.49171270718232,6.629834254143646,74.86187845303867
E00183285,319,88,38,50,231,13,218,27.586206896551722,11.912225705329153,15.673981191222571,72.41379310344827,4.075235109717868,68.3385579937304
E00183286,394,30,8,22,364,28,336,7.614213197969544,2.030456852791878,5.583756345177665,92.38578680203045,7.1065989847715745,85.27918781725889
E00183287,435,45,16,29,390,23,367,10.344827586206897,3.67816091954023,6.666666666666667,89.65517241379311,5.287356321839081,84.36781609195401
E00183288,449,113,57,56,336,23,313,25.16703786191537,12.694877505567929,12.47216035634744,74.83296213808464,5.122494432071269,69.71046770601336
E00183289,497,42,11,31,455,31,424,8.450704225352112,2.2132796780684103,6.237424547283702,91.54929577464789,6.237424547283702,85.3118712273642
E00183290,245,54,30,24,191,21,170,22.040816326530614,12.244897959183673,9.795918367346939,77.9591836734694,8.571428571428571,69.38775510204081
E00183291,140,22,6,16,118,18,100,15.714285714285714,4.285714285714286,11.428571428571429,84.28571428571429,12.857142857142856,71.42857142857143
E00183292,260,74,41,33,186,19,167,28.46153846153846,15.769230769230768,12.692307692307692,71.53846153846153,7.307692307692308,64.23076923076924
E00183293,297,59,24,35,238,24,214,19.865319865319865,8.080808080808081,11.784511784511785,80.13468013468014,8.080808080808081,72.05387205387206
E00183294,291,39,16,23,252,20,232,13.402061855670103,5.498281786941581,7.903780068728522,86.5979381443299,6.872852233676976,79.72508591065292
E00183295,563,87,10,77,476,35,441,15.452930728241562,1.7761989342806392,13.676731793960922,84.54706927175843,6.216696269982238,78.3303730017762
E00183296,170,76,46,30,94,7,87,44.70588235294118,27.058823529411764,17.647058823529413,55.294117647058826,4.117647058823529,51.17647058823529
E00183297,252,51,14,37,201,13,188,20.238095238095237,5.555555555555555,14.682539682539684,79.76190476190477,5.158730158730158,74.60317460317461
E00183298,181,16,3,13,165,12,153,8.83977900552486,1.6574585635359116,7.18232044198895,91.16022099447514,6.629834254143646,84.5303867403315
E00183299,919,356,118,238,563,77,486,38.737758433079435,12.840043525571273,25.897714907508163,61.26224156692056,8.37867247007617,52.8835690968444
E00183300,443,34,12,22,409,39,370,7.674943566591422,2.708803611738149,4.966139954853273,92.32505643340858,8.803611738148984,83.52144469525959
E00183301,519,60,23,37,459,33,426,11.560693641618498,4.431599229287091,7.129094412331407,88.4393063583815,6.358381502890173,82.08092485549133
E00183302,345,76,43,33,269,18,251,22.028985507246375,12.46376811594203,9.565217391304348,77.97101449275362,5.217391304347826,72.7536231884058
E00183303,166,21,4,17,145,8,137,12.650602409638553,2.4096385542168677,10.240963855421686,87.34939759036145,4.819277108433735,82.53012048192771
E00183304,121,51,30,21,70,3,67,42.14876033057851,24.793388429752067,17.355371900826448,57.85123966942148,2.479338842975207,55.371900826446286
E00183305,387,39,10,29,348,43,305,10.077519379844961,2.5839793281653747,7.493540051679587,89.92248062015504,11.11111111111111,78.81136950904393
E00183306,364,48,17,31,316,35,281,13.186813186813188,4.670329670329671,8.516483516483516,86.81318681318682,9.615384615384617,77.1978021978022
E00183307,286,28,7,21,258,16,242,9.79020979020979,2.4475524475524475,7.3426573426573425,90.20979020979021,5.594405594405594,84.61538461538461
E00183308,819,109,3,106,710,114,596,13.30891330891331,0.3663003663003663,12.942612942612945,86.6910866910867,13.91941391941392,72.77167277167277
E00183309,224,26,6,20,198,15,183,11.607142857142858,2.6785714285714284,8.928571428571429,88.39285714285714,6.696428571428571,81.69642857142857
E00183310,239,26,10,16,213,11,202,10.87866108786611,4.184100418410042,6.694560669456067,89.1213389121339,4.602510460251046,84.51882845188284
E00183311,334,34,10,24,300,22,278,10.179640718562874,2.9940119760479043,7.18562874251497,89.82035928143712,6.58682634730539,83.23353293413174
E00183312,551,116,34,82,435,43,392,21.052631578947366,6.170598911070781,14.882032667876588,78.94736842105263,7.80399274047187,71.14337568058076
E00183313,451,60,21,39,391,30,361,13.303769401330376,4.656319290465632,8.647450110864744,86.69623059866962,6.651884700665188,80.04434589800444
E00183314,913,125,21,104,788,77,711,13.691128148959475,2.3001095290251916,11.391018619934282,86.30887185104052,8.433734939759036,77.8751369112815
E00183315,536,84,17,67,452,47,405,15.671641791044777,3.171641791044776,12.5,84.32835820895522,8.768656716417912,75.55970149253731
