OA,ts0380001,ts0380002,ts0380003,ts0380004,ts0380005,ts0380006,ts0380007,ts0380002_PCT,ts0380003_PCT,ts0380004_PCT,ts0380005_PCT,ts0380006_PCT,ts0380007_PCT
E00155864,290,56,29,27,234,21,213,19.310344827586206,10,9.310344827586208,80.6896551724138,7.241379310344828,73.44827586206897
E00155865,259,51,20,31,208,20,188,19.69111969111969,7.722007722007722,11.96911196911197,80.3088803088803,7.722007722007722,72.58687258687259
E00155866,357,35,9,26,322,22,300,9.803921568627452,2.5210084033613445,7.282913165266107,90.19607843137256,6.162464985994398,84.03361344537815
E00155867,369,40,13,27,329,32,297,10.840108401084011,3.523035230352303,7.317073170731707,89.15989159891599,8.672086720867208,80.48780487804879
E00155868,362,63,31,32,299,31,268,17.403314917127073,8.56353591160221,8.83977900552486,82.59668508287292,8.56353591160221,74.03314917127072
E00155869,267,34,14,20,233,21,212,12.734082397003746,5.2434456928838955,7.490636704119851,87.26591760299625,7.865168539325842,79.40074906367042
E00155870,308,46,14,32,262,29,233,14.935064935064934,4.545454545454546,10.38961038961039,85.06493506493507,9.415584415584416,75.64935064935064
E00155871,365,44,19,25,321,28,293,12.054794520547945,5.205479452054795,6.8493150684931505,87.94520547945206,7.671232876712329,80.27397260273973
E00155872,302,60,27,33,242,20,222,19.867549668874172,8.940397350993377,10.927152317880795,80.13245033112582,6.622516556291391,73.50993377483444
E00155873,383,37,13,24,346,31,315,9.660574412532636,3.3942558746736298,6.266318537859007,90.33942558746736,8.093994778067886,82.24543080939948
E00155875,327,19,4,15,308,28,280,5.81039755351682,1.2232415902140672,4.587155963302752,94.18960244648318,8.56269113149847,85.62691131498471
E00155876,337,82,52,30,255,22,233,24.33234421364985,15.43026706231454,8.902077151335313,75.66765578635015,6.528189910979229,69.13946587537092
E00155877,216,48,18,30,168,22,146,22.22222222222222,8.333333333333332,13.88888888888889,77.77777777777779,10.185185185185185,67.5925925925926
E00155878,277,33,12,21,244,20,224,11.913357400722022,4.332129963898916,7.581227436823104,88.08664259927798,7.2202166064981945,80.86642599277978
E00155879,329,49,16,33,280,29,251,14.893617021276595,4.86322188449848,10.030395136778116,85.1063829787234,8.814589665653495,76.29179331306992
E00155880,302,39,13,26,263,17,246,12.91390728476821,4.304635761589404,8.609271523178808,87.08609271523179,5.629139072847682,81.45695364238411
E00155881,255,57,37,20,198,13,185,22.35294117647059,14.50980392156863,7.8431372549019605,77.64705882352942,5.098039215686274,72.54901960784314
E00155882,360,134,79,55,226,19,207,37.22222222222222,21.944444444444443,15.277777777777779,62.77777777777778,5.277777777777778,57.49999999999999
E00155883,403,52,19,33,351,23,328,12.903225806451612,4.714640198511166,8.188585607940446,87.09677419354838,5.707196029776675,81.38957816377172
E00155884,360,55,16,39,305,26,279,15.277777777777779,4.444444444444445,10.833333333333334,84.72222222222221,7.222222222222221,77.5
E00155885,374,39,13,26,335,27,308,10.427807486631016,3.4759358288770055,6.951871657754011,89.57219251336899,7.219251336898395,82.35294117647058
E00155886,227,41,17,24,186,23,163,18.06167400881057,7.488986784140969,10.572687224669604,81.93832599118943,10.13215859030837,71.80616740088107
E00155887,218,48,23,25,170,14,156,22.018348623853214,10.550458715596331,11.46788990825688,77.98165137614679,6.422018348623854,71.55963302752293
E00155888,375,57,21,36,318,28,290,15.2,5.6000000000000005,9.6,84.8,7.466666666666668,77.33333333333333
E00155889,480,70,26,44,410,42,368,14.583333333333334,5.416666666666667,9.166666666666666,85.41666666666666,8.75,76.66666666666667
E00155890,351,30,4,26,321,24,297,8.547008547008547,1.1396011396011396,7.4074074074074066,91.45299145299145,6.837606837606838,84.61538461538461
E00155891,366,53,18,35,313,26,287,14.48087431693989,4.918032786885246,9.562841530054644,85.51912568306011,7.103825136612022,78.41530054644808
E00155892,308,61,30,31,247,24,223,19.805194805194805,9.740259740259742,10.064935064935066,80.1948051948052,7.792207792207792,72.40259740259741
E00155893,334,49,20,29,285,19,266,14.67065868263473,5.9880239520958085,8.682634730538922,85.32934131736528,5.688622754491018,79.64071856287424
E00155894,374,49,15,34,325,31,294,13.101604278074866,4.0106951871657754,9.090909090909092,86.89839572192514,8.288770053475936,78.6096256684492
E00155895,360,36,12,24,324,26,298,10,3.3333333333333335,6.666666666666667,90,7.222222222222221,82.77777777777777
E00155896,329,43,14,29,286,25,261,13.069908814589665,4.25531914893617,8.814589665653495,86.93009118541033,7.598784194528875,79.33130699088146
E00155897,325,39,11,28,286,18,268,12,3.3846153846153846,8.615384615384615,88,5.538461538461538,82.46153846153847
E00155898,320,24,8,16,296,32,264,7.5,2.5,5,92.5,10,82.5
E00155899,129,20,12,8,109,12,97,15.503875968992247,9.30232558139535,6.2015503875969,84.49612403100775,9.30232558139535,75.1937984496124
E00155900,285,37,24,13,248,18,230,12.982456140350877,8.421052631578947,4.56140350877193,87.01754385964912,6.315789473684211,80.7017543859649
E00155901,308,16,0,16,292,14,278,5.194805194805195,0,5.194805194805195,94.8051948051948,4.545454545454546,90.25974025974025
E00155902,325,28,6,22,297,23,274,8.615384615384615,1.8461538461538463,6.769230769230769,91.38461538461539,7.076923076923077,84.3076923076923
E00155903,384,52,17,35,332,34,298,13.541666666666666,4.427083333333334,9.114583333333332,86.45833333333334,8.854166666666668,77.60416666666666
E00155904,358,33,10,23,325,29,296,9.217877094972067,2.793296089385475,6.424581005586592,90.78212290502793,8.100558659217876,82.68156424581005
E00155906,341,47,23,24,294,25,269,13.78299120234604,6.744868035190615,7.038123167155426,86.21700879765396,7.331378299120235,78.88563049853371
E00155907,310,50,23,27,260,23,237,16.129032258064516,7.419354838709677,8.709677419354838,83.87096774193549,7.419354838709677,76.45161290322581
E00155908,391,88,52,36,303,22,281,22.506393861892583,13.299232736572892,9.207161125319693,77.49360613810742,5.626598465473146,71.86700767263427
E00155909,394,41,12,29,353,28,325,10.406091370558377,3.0456852791878175,7.3604060913705585,89.59390862944161,7.1065989847715745,82.48730964467005
E00155910,339,56,27,29,283,23,260,16.519174041297934,7.964601769911504,8.55457227138643,83.48082595870207,6.784660766961652,76.69616519174042
E00155911,334,35,10,25,299,39,260,10.479041916167663,2.9940119760479043,7.48502994011976,89.52095808383234,11.676646706586826,77.84431137724552
E00155912,324,41,16,25,283,31,252,12.654320987654321,4.938271604938271,7.716049382716049,87.34567901234568,9.5679012345679,77.77777777777779
E00155914,403,50,17,33,353,27,326,12.40694789081886,4.218362282878412,8.188585607940446,87.59305210918114,6.699751861042183,80.89330024813896
E00155915,323,56,22,34,267,22,245,17.3374613003096,6.811145510835913,10.526315789473683,82.6625386996904,6.811145510835913,75.85139318885449
E00155916,336,54,28,26,282,23,259,16.071428571428573,8.333333333333332,7.738095238095238,83.92857142857143,6.845238095238096,77.08333333333334
E00155917,328,42,10,32,286,28,258,12.804878048780488,3.048780487804878,9.75609756097561,87.1951219512195,8.536585365853659,78.65853658536585
E00155918,309,53,14,39,256,29,227,17.15210355987055,4.53074433656958,12.62135922330097,82.84789644012946,9.385113268608414,73.46278317152104
E00155919,284,74,31,43,210,22,188,26.056338028169012,10.915492957746478,15.140845070422534,73.94366197183099,7.746478873239436,66.19718309859155
E00155920,344,61,22,39,283,29,254,17.732558139534884,6.395348837209303,11.337209302325581,82.26744186046511,8.430232558139535,73.83720930232558
E00155921,284,31,13,18,253,26,227,10.915492957746478,4.577464788732395,6.338028169014084,89.08450704225352,9.15492957746479,79.92957746478874
E00155922,313,44,19,25,269,31,238,14.057507987220447,6.070287539936102,7.987220447284344,85.94249201277955,9.904153354632587,76.03833865814697
E00155923,335,41,10,31,294,26,268,12.238805970149254,2.9850746268656714,9.253731343283581,87.76119402985074,7.761194029850746,80
E00155924,269,44,23,21,225,22,203,16.356877323420075,8.550185873605948,7.806691449814126,83.64312267657994,8.178438661710038,75.46468401486989
E00155925,322,45,17,28,277,24,253,13.975155279503104,5.279503105590062,8.695652173913043,86.0248447204969,7.453416149068323,78.57142857142857
E00155926,341,36,10,26,305,30,275,10.557184750733137,2.932551319648094,7.624633431085044,89.44281524926686,8.797653958944283,80.64516129032258
E00155927,298,24,0,24,274,23,251,8.053691275167784,0,8.053691275167784,91.94630872483222,7.718120805369128,84.22818791946308
E00155928,376,48,20,28,328,26,302,12.76595744680851,5.319148936170213,7.446808510638298,87.2340425531915,6.914893617021277,80.31914893617021
E00155929,349,45,16,29,304,27,277,12.893982808022923,4.584527220630372,8.30945558739255,87.10601719197709,7.736389684813753,79.36962750716332
E00155930,206,66,22,44,140,23,117,32.038834951456316,10.679611650485436,21.35922330097087,67.96116504854369,11.165048543689322,56.79611650485437
E00155931,366,44,16,28,322,35,287,12.021857923497267,4.371584699453552,7.650273224043716,87.97814207650273,9.562841530054644,78.41530054644808
E00155932,349,61,24,37,288,33,255,17.478510028653297,6.876790830945559,10.601719197707736,82.52148997134671,9.455587392550143,73.06590257879655
E00155933,360,65,24,41,295,37,258,18.055555555555554,6.666666666666667,11.38888888888889,81.94444444444444,10.277777777777777,71.66666666666667
E00155934,372,52,18,34,320,25,295,13.978494623655912,4.838709677419355,9.13978494623656,86.02150537634408,6.720430107526881,79.3010752688172
E00155935,356,52,14,38,304,35,269,14.606741573033707,3.932584269662921,10.674157303370785,85.39325842696628,9.831460674157304,75.56179775280899
E00155936,319,46,22,24,273,30,243,14.420062695924765,6.896551724137931,7.523510971786834,85.57993730407524,9.404388714733543,76.17554858934169
E00155937,280,47,16,31,233,32,201,16.785714285714285,5.714285714285714,11.071428571428571,83.21428571428572,11.428571428571429,71.78571428571429
E00155938,423,66,31,35,357,31,326,15.602836879432624,7.328605200945626,8.274231678486997,84.39716312056737,7.328605200945626,77.06855791962175
E00155940,332,41,14,27,291,33,258,12.349397590361445,4.216867469879518,8.132530120481928,87.65060240963855,9.939759036144578,77.71084337349397
E00155941,318,91,63,28,227,29,198,28.61635220125786,19.81132075471698,8.80503144654088,71.38364779874213,9.119496855345911,62.264150943396224
E00155942,260,43,18,25,217,15,202,16.538461538461537,6.923076923076923,9.615384615384617,83.46153846153847,5.769230769230769,77.6923076923077
E00155943,379,55,20,35,324,38,286,14.511873350923482,5.277044854881266,9.234828496042216,85.4881266490765,10.026385224274406,75.46174142480211
E00155944,318,83,29,54,235,15,220,26.10062893081761,9.119496855345911,16.9811320754717,73.89937106918238,4.716981132075472,69.18238993710692
E00155945,278,67,33,34,211,21,190,24.100719424460433,11.870503597122301,12.23021582733813,75.89928057553958,7.553956834532374,68.34532374100719
E00155946,280,66,24,42,214,20,194,23.57142857142857,8.571428571428571,15,76.42857142857142,7.142857142857142,69.28571428571428
E00155947,260,31,11,20,229,34,195,11.923076923076923,4.230769230769231,7.6923076923076925,88.07692307692308,13.076923076923078,75
E00155948,242,58,32,26,184,28,156,23.96694214876033,13.223140495867769,10.743801652892563,76.03305785123968,11.570247933884298,64.46280991735537
E00155949,337,63,34,29,274,22,252,18.694362017804153,10.089020771513352,8.605341246290802,81.30563798219585,6.528189910979229,74.77744807121661
E00155950,251,55,20,35,196,23,173,21.91235059760956,7.968127490039841,13.94422310756972,78.08764940239044,9.163346613545817,68.92430278884463
E00155951,314,54,19,35,260,25,235,17.197452229299362,6.050955414012739,11.146496815286625,82.80254777070064,7.961783439490445,74.84076433121018
E00155952,252,36,8,28,216,19,197,14.285714285714285,3.1746031746031744,11.11111111111111,85.71428571428571,7.5396825396825395,78.17460317460318
E00155953,383,42,14,28,341,34,307,10.966057441253264,3.6553524804177546,7.310704960835509,89.03394255874673,8.87728459530026,80.15665796344648
E00155954,378,45,16,29,333,29,304,11.904761904761903,4.232804232804233,7.671957671957672,88.09523809523809,7.671957671957672,80.42328042328042
E00155955,376,44,21,23,332,43,289,11.702127659574469,5.585106382978723,6.117021276595745,88.29787234042553,11.436170212765957,76.86170212765957
E00155956,242,27,7,20,215,18,197,11.15702479338843,2.8925619834710745,8.264462809917356,88.84297520661157,7.43801652892562,81.40495867768594
E00155957,318,37,15,22,281,21,260,11.635220125786164,4.716981132075472,6.918238993710692,88.36477987421384,6.60377358490566,81.76100628930818
E00155958,284,26,8,18,258,19,239,9.15492957746479,2.8169014084507045,6.338028169014084,90.84507042253522,6.690140845070422,84.15492957746478
E00155959,309,52,13,39,257,23,234,16.828478964401295,4.207119741100324,12.62135922330097,83.1715210355987,7.443365695792881,75.72815533980582
E00155961,265,46,20,26,219,21,198,17.358490566037734,7.547169811320755,9.811320754716983,82.64150943396227,7.9245283018867925,74.71698113207546
E00155962,223,27,9,18,196,22,174,12.10762331838565,4.0358744394618835,8.071748878923767,87.89237668161435,9.865470852017937,78.02690582959642
E00155963,285,49,26,23,236,17,219,17.192982456140353,9.12280701754386,8.070175438596491,82.80701754385966,5.964912280701754,76.84210526315789
E00155964,280,41,10,31,239,31,208,14.642857142857144,3.571428571428571,11.071428571428571,85.35714285714285,11.071428571428571,74.28571428571429
E00155965,369,31,9,22,338,29,309,8.401084010840108,2.4390243902439024,5.9620596205962055,91.59891598915989,7.8590785907859075,83.73983739837398
E00155966,354,45,13,32,309,26,283,12.711864406779661,3.672316384180791,9.03954802259887,87.28813559322035,7.344632768361582,79.94350282485875
E00155967,436,43,10,33,393,36,357,9.862385321100918,2.293577981651376,7.568807339449542,90.13761467889908,8.256880733944955,81.88073394495413
E00155968,309,37,15,22,272,23,249,11.974110032362459,4.854368932038835,7.119741100323624,88.02588996763754,7.443365695792881,80.58252427184466
E00155969,324,46,12,34,278,31,247,14.19753086419753,3.7037037037037033,10.493827160493826,85.80246913580247,9.5679012345679,76.23456790123457
E00155970,368,64,19,45,304,29,275,17.391304347826086,5.163043478260869,12.228260869565217,82.6086956521739,7.880434782608696,74.72826086956522
E00155971,252,29,8,21,223,19,204,11.507936507936508,3.1746031746031744,8.333333333333332,88.4920634920635,7.5396825396825395,80.95238095238095
E00155972,259,43,20,23,216,19,197,16.602316602316602,7.722007722007722,8.880308880308881,83.3976833976834,7.335907335907336,76.06177606177607
E00155975,207,21,9,12,186,13,173,10.144927536231885,4.3478260869565215,5.797101449275362,89.85507246376811,6.280193236714976,83.57487922705315
E00155976,275,24,4,20,251,21,230,8.727272727272728,1.4545454545454546,7.2727272727272725,91.27272727272727,7.636363636363637,83.63636363636363
E00155977,262,21,1,20,241,21,220,8.015267175572518,0.38167938931297707,7.633587786259542,91.98473282442748,8.015267175572518,83.96946564885496
E00155978,252,31,6,25,221,30,191,12.3015873015873,2.380952380952381,9.920634920634921,87.6984126984127,11.904761904761903,75.79365079365078
E00155979,301,30,6,24,271,23,248,9.966777408637874,1.9933554817275747,7.973421926910299,90.03322259136213,7.641196013289036,82.39202657807309
E00155980,505,65,21,44,440,35,405,12.871287128712872,4.1584158415841586,8.712871287128712,87.12871287128714,6.9306930693069315,80.19801980198021
E00155981,354,44,15,29,310,28,282,12.429378531073446,4.23728813559322,8.192090395480225,87.57062146892656,7.909604519774012,79.66101694915254
E00155982,336,56,17,39,280,34,246,16.666666666666664,5.059523809523809,11.607142857142858,83.33333333333334,10.119047619047619,73.21428571428571
E00155983,304,44,26,18,260,19,241,14.473684210526317,8.552631578947368,5.921052631578947,85.52631578947368,6.25,79.27631578947368
E00155984,391,37,14,23,354,44,310,9.462915601023019,3.580562659846547,5.88235294117647,90.53708439897699,11.253196930946292,79.28388746803068
E00155985,309,39,8,31,270,30,240,12.62135922330097,2.5889967637540456,10.032362459546926,87.37864077669903,9.70873786407767,77.66990291262135
E00155986,275,52,23,29,223,30,193,18.90909090909091,8.363636363636363,10.545454545454545,81.0909090909091,10.909090909090908,70.18181818181817
E00155987,312,90,55,35,222,17,205,28.846153846153843,17.628205128205128,11.217948717948719,71.15384615384616,5.448717948717949,65.7051282051282
E00155988,268,70,33,37,198,15,183,26.119402985074625,12.313432835820896,13.805970149253731,73.88059701492537,5.597014925373134,68.28358208955224
E00155989,364,72,28,44,292,18,274,19.78021978021978,7.6923076923076925,12.087912087912088,80.21978021978022,4.945054945054945,75.27472527472527
E00155990,311,68,29,39,243,11,232,21.864951768488748,9.32475884244373,12.540192926045016,78.13504823151125,3.536977491961415,74.59807073954984
E00155991,298,59,18,41,239,14,225,19.798657718120804,6.0402684563758395,13.758389261744966,80.20134228187919,4.697986577181208,75.50335570469798
E00155992,271,34,13,21,237,18,219,12.546125461254611,4.797047970479705,7.7490774907749085,87.4538745387454,6.642066420664207,80.81180811808119
E00155993,285,43,11,32,242,23,219,15.087719298245613,3.8596491228070176,11.228070175438596,84.91228070175438,8.070175438596491,76.84210526315789
E00155994,284,37,6,31,247,22,225,13.028169014084506,2.112676056338028,10.915492957746478,86.97183098591549,7.746478873239436,79.22535211267606
E00155996,331,37,12,25,294,33,261,11.178247734138973,3.625377643504532,7.552870090634441,88.82175226586104,9.969788519637463,78.85196374622356
E00155997,312,37,10,27,275,36,239,11.858974358974358,3.205128205128205,8.653846153846153,88.14102564102564,11.538461538461538,76.6025641025641
E00155998,460,96,38,58,364,36,328,20.869565217391305,8.26086956521739,12.608695652173912,79.13043478260869,7.82608695652174,71.30434782608695
E00155999,346,59,21,38,287,21,266,17.052023121387283,6.069364161849711,10.982658959537572,82.94797687861272,6.069364161849711,76.878612716763
E00156000,287,71,37,34,216,21,195,24.738675958188153,12.89198606271777,11.846689895470384,75.26132404181185,7.317073170731707,67.94425087108013
E00156001,351,42,15,27,309,30,279,11.965811965811966,4.273504273504273,7.6923076923076925,88.03418803418803,8.547008547008547,79.48717948717949
E00156002,267,35,8,27,232,21,211,13.108614232209737,2.9962546816479403,10.112359550561797,86.89138576779027,7.865168539325842,79.02621722846442
E00156003,430,78,30,48,352,31,321,18.13953488372093,6.976744186046512,11.162790697674419,81.86046511627907,7.209302325581396,74.65116279069768
E00156004,338,45,15,30,293,25,268,13.313609467455622,4.437869822485207,8.875739644970414,86.68639053254438,7.396449704142012,79.28994082840237
E00156005,396,39,11,28,357,38,319,9.848484848484848,2.7777777777777777,7.07070707070707,90.15151515151516,9.595959595959595,80.55555555555556
E00156006,339,36,15,21,303,27,276,10.619469026548673,4.424778761061947,6.1946902654867255,89.38053097345133,7.964601769911504,81.41592920353983
E00156007,253,40,16,24,213,16,197,15.810276679841898,6.324110671936759,9.486166007905137,84.18972332015811,6.324110671936759,77.86561264822134
E00156008,335,48,18,30,287,21,266,14.328358208955224,5.3731343283582085,8.955223880597014,85.67164179104478,6.26865671641791,79.40298507462687
E00156009,354,22,7,15,332,17,315,6.214689265536723,1.977401129943503,4.23728813559322,93.78531073446328,4.80225988700565,88.98305084745762
E00156012,333,46,24,22,287,20,267,13.813813813813812,7.207207207207207,6.606606606606606,86.18618618618619,6.006006006006006,80.18018018018019
E00156013,375,45,17,28,330,21,309,12,4.533333333333333,7.466666666666668,88,5.6000000000000005,82.39999999999999
E00156014,353,41,16,25,312,37,275,11.614730878186968,4.53257790368272,7.0821529745042495,88.38526912181302,10.48158640226629,77.90368271954674
E00156015,370,61,30,31,309,28,281,16.486486486486488,8.108108108108109,8.378378378378379,83.51351351351352,7.567567567567568,75.94594594594595
E00156016,401,57,17,40,344,23,321,14.214463840399002,4.239401496259352,9.975062344139651,85.785536159601,5.7356608478802995,80.0498753117207
E00156017,428,44,16,28,384,27,357,10.2803738317757,3.7383177570093453,6.5420560747663545,89.7196261682243,6.308411214953271,83.41121495327103
E00156018,318,51,23,28,267,26,241,16.037735849056602,7.232704402515723,8.80503144654088,83.9622641509434,8.176100628930817,75.78616352201259
E00156019,497,52,23,29,445,35,410,10.46277665995976,4.627766599597585,5.8350100603621735,89.53722334004024,7.042253521126761,82.49496981891348
E00156020,322,45,23,22,277,22,255,13.975155279503104,7.142857142857142,6.832298136645963,86.0248447204969,6.832298136645963,79.19254658385093
E00156021,466,73,33,40,393,24,369,15.665236051502147,7.081545064377683,8.583690987124463,84.33476394849787,5.150214592274678,79.18454935622317
E00156022,358,32,8,24,326,16,310,8.938547486033519,2.2346368715083798,6.70391061452514,91.06145251396647,4.4692737430167595,86.59217877094973
E00156023,343,29,12,17,314,22,292,8.454810495626822,3.498542274052478,4.956268221574344,91.54518950437318,6.41399416909621,85.13119533527697
E00156024,406,33,12,21,373,22,351,8.12807881773399,2.955665024630542,5.172413793103448,91.87192118226602,5.41871921182266,86.45320197044335
E00156025,339,36,10,26,303,22,281,10.619469026548673,2.949852507374631,7.669616519174041,89.38053097345133,6.489675516224189,82.89085545722715
E00156026,501,98,73,25,403,28,375,19.560878243512974,14.570858283433132,4.990019960079841,80.43912175648703,5.588822355289421,74.8502994011976
E00156027,355,50,23,27,305,28,277,14.084507042253522,6.478873239436619,7.605633802816901,85.91549295774648,7.887323943661972,78.0281690140845
E00156028,294,39,13,26,255,28,227,13.26530612244898,4.421768707482993,8.843537414965986,86.73469387755102,9.523809523809524,77.21088435374149
E00156029,312,31,7,24,281,29,252,9.935897435897436,2.2435897435897436,7.6923076923076925,90.06410256410257,9.294871794871796,80.76923076923077
E00156030,385,19,10,9,366,40,326,4.935064935064935,2.5974025974025974,2.3376623376623376,95.06493506493506,10.38961038961039,84.67532467532467
E00156031,364,28,9,19,336,33,303,7.6923076923076925,2.4725274725274726,5.21978021978022,92.3076923076923,9.065934065934066,83.24175824175825
E00156032,340,39,12,27,301,27,274,11.470588235294118,3.5294117647058822,7.941176470588235,88.52941176470588,7.941176470588235,80.58823529411765
E00156033,402,39,7,32,363,32,331,9.701492537313433,1.7412935323383085,7.960199004975125,90.29850746268657,7.960199004975125,82.33830845771143
E00156034,322,30,6,24,292,22,270,9.316770186335404,1.8633540372670807,7.453416149068323,90.6832298136646,6.832298136645963,83.85093167701864
E00156035,394,38,14,24,356,33,323,9.644670050761421,3.5532994923857872,6.091370558375635,90.35532994923858,8.375634517766498,81.97969543147208
E00156036,242,31,11,20,211,23,188,12.8099173553719,4.545454545454546,8.264462809917356,87.19008264462809,9.50413223140496,77.68595041322314
E00156037,333,27,9,18,306,35,271,8.108108108108109,2.7027027027027026,5.405405405405405,91.8918918918919,10.51051051051051,81.38138138138137
E00156038,410,44,11,33,366,29,337,10.731707317073171,2.682926829268293,8.048780487804878,89.26829268292683,7.073170731707316,82.1951219512195
E00156039,359,32,7,25,327,37,290,8.913649025069638,1.9498607242339834,6.963788300835655,91.08635097493037,10.30640668523677,80.77994428969359
E00156040,276,31,12,19,245,23,222,11.231884057971014,4.3478260869565215,6.884057971014493,88.76811594202898,8.333333333333332,80.43478260869566
E00156041,422,97,42,55,325,29,296,22.985781990521325,9.95260663507109,13.033175355450238,77.01421800947867,6.872037914691943,70.14218009478674
E00156042,377,45,10,35,332,28,304,11.936339522546419,2.6525198938992043,9.283819628647215,88.06366047745358,7.427055702917771,80.63660477453581
E00156043,285,29,4,25,256,22,234,10.175438596491228,1.4035087719298245,8.771929824561402,89.82456140350877,7.719298245614035,82.10526315789474
E00156044,322,25,9,16,297,25,272,7.763975155279502,2.7950310559006213,4.968944099378882,92.2360248447205,7.763975155279502,84.472049689441
E00156045,387,76,39,37,311,36,275,19.638242894056848,10.077519379844961,9.560723514211885,80.36175710594316,9.30232558139535,71.0594315245478
E00156046,305,51,19,32,254,21,233,16.721311475409838,6.229508196721312,10.491803278688524,83.27868852459017,6.885245901639345,76.39344262295083
E00156047,335,69,24,45,266,14,252,20.597014925373134,7.164179104477612,13.432835820895523,79.40298507462687,4.179104477611941,75.22388059701493
E00156048,341,45,13,32,296,26,270,13.196480938416421,3.812316715542522,9.3841642228739,86.80351906158357,7.624633431085044,79.17888563049853
E00156049,430,60,21,39,370,38,332,13.953488372093023,4.883720930232558,9.069767441860465,86.04651162790698,8.837209302325581,77.20930232558139
E00156050,344,23,3,20,321,25,296,6.686046511627906,0.872093023255814,5.813953488372093,93.31395348837209,7.267441860465117,86.04651162790698
E00156051,302,47,13,34,255,26,229,15.562913907284766,4.304635761589404,11.258278145695364,84.43708609271523,8.609271523178808,75.82781456953643
E00156052,288,43,16,27,245,24,221,14.930555555555555,5.555555555555555,9.375,85.06944444444444,8.333333333333332,76.73611111111111
E00156053,371,42,16,26,329,30,299,11.320754716981133,4.31266846361186,7.008086253369273,88.67924528301887,8.086253369272237,80.59299191374663
E00156054,392,80,29,51,312,40,272,20.408163265306122,7.3979591836734695,13.010204081632654,79.59183673469387,10.204081632653061,69.38775510204081
E00156055,360,54,16,38,306,43,263,15,4.444444444444445,10.555555555555555,85,11.944444444444445,73.05555555555556
E00156056,417,46,21,25,371,25,346,11.031175059952037,5.0359712230215825,5.995203836930456,88.96882494004797,5.995203836930456,82.9736211031175
E00156057,419,73,31,42,346,17,329,17.42243436754177,7.398568019093078,10.023866348448687,82.57756563245823,4.05727923627685,78.52028639618138
E00156058,319,33,12,21,286,23,263,10.344827586206897,3.761755485893417,6.583072100313479,89.65517241379311,7.210031347962382,82.44514106583071
E00156059,328,47,20,27,281,21,260,14.329268292682926,6.097560975609756,8.231707317073171,85.67073170731707,6.402439024390244,79.26829268292683
E00156060,205,45,26,19,160,14,146,21.951219512195124,12.682926829268293,9.268292682926829,78.04878048780488,6.829268292682928,71.21951219512195
E00156061,313,69,32,37,244,31,213,22.044728434504794,10.223642172523961,11.821086261980831,77.95527156549521,9.904153354632587,68.05111821086261
E00156062,313,58,19,39,255,25,230,18.53035143769968,6.070287539936102,12.460063897763577,81.46964856230032,7.987220447284344,73.48242811501598
E00156063,335,44,11,33,291,19,272,13.134328358208954,3.2835820895522385,9.850746268656717,86.86567164179104,5.6716417910447765,81.19402985074626
E00156064,333,50,21,29,283,35,248,15.015015015015015,6.306306306306306,8.708708708708707,84.98498498498499,10.51051051051051,74.47447447447448
E00156065,367,49,16,33,318,29,289,13.35149863760218,4.35967302452316,8.991825613079019,86.64850136239782,7.901907356948229,78.7465940054496
E00156066,313,52,16,36,261,18,243,16.61341853035144,5.111821086261981,11.501597444089457,83.38658146964856,5.7507987220447285,77.63578274760383
E00156067,352,44,20,24,308,24,284,12.5,5.681818181818182,6.8181818181818175,87.5,6.8181818181818175,80.68181818181817
E00156068,328,55,22,33,273,29,244,16.76829268292683,6.707317073170732,10.060975609756099,83.23170731707317,8.841463414634147,74.39024390243902
E00156069,313,48,18,30,265,20,245,15.335463258785943,5.7507987220447285,9.584664536741213,84.66453674121406,6.3897763578274756,78.27476038338658
E00156070,306,72,41,31,234,20,214,23.52941176470588,13.398692810457517,10.130718954248366,76.47058823529412,6.535947712418301,69.93464052287581
E00156071,314,56,16,40,258,17,241,17.8343949044586,5.095541401273886,12.738853503184714,82.16560509554141,5.414012738853503,76.75159235668791
E00156072,365,63,27,36,302,24,278,17.26027397260274,7.397260273972603,9.863013698630137,82.73972602739727,6.575342465753424,76.16438356164383
E00156073,441,76,33,43,365,33,332,17.233560090702948,7.482993197278912,9.750566893424036,82.76643990929705,7.482993197278912,75.28344671201815
E00156074,360,58,22,36,302,25,277,16.11111111111111,6.111111111111111,10,83.88888888888889,6.944444444444445,76.94444444444444
E00156075,382,57,29,28,325,20,305,14.921465968586386,7.591623036649215,7.329842931937172,85.07853403141361,5.2356020942408374,79.84293193717278
E00156076,205,41,17,24,164,18,146,20,8.292682926829269,11.707317073170733,80,8.780487804878048,71.21951219512195
E00156077,376,36,16,20,340,26,314,9.574468085106384,4.25531914893617,5.319148936170213,90.42553191489363,6.914893617021277,83.51063829787235
E00156078,369,34,14,20,335,23,312,9.214092140921409,3.7940379403794036,5.420054200542006,90.78590785907859,6.233062330623306,84.5528455284553
E00156079,368,37,11,26,331,28,303,10.054347826086957,2.989130434782609,7.065217391304348,89.94565217391305,7.608695652173914,82.33695652173914
E00156080,356,28,6,22,328,18,310,7.865168539325842,1.6853932584269662,6.179775280898876,92.13483146067416,5.056179775280898,87.07865168539325
E00156081,406,34,14,20,372,26,346,8.374384236453201,3.4482758620689653,4.926108374384237,91.62561576354679,6.403940886699508,85.22167487684729
E00156082,410,30,5,25,380,36,344,7.317073170731707,1.2195121951219512,6.097560975609756,92.6829268292683,8.780487804878048,83.90243902439025
E00156083,379,57,25,32,322,17,305,15.03957783641161,6.596306068601583,8.443271767810026,84.96042216358839,4.485488126649076,80.47493403693932
E00156084,431,51,19,32,380,31,349,11.832946635730858,4.408352668213457,7.424593967517401,88.16705336426914,7.192575406032482,80.97447795823666
E00156085,371,45,17,28,326,36,290,12.129380053908356,4.5822102425876015,7.547169811320755,87.87061994609164,9.703504043126685,78.16711590296495
E00156086,543,74,43,31,469,40,429,13.627992633517497,7.918968692449356,5.70902394106814,86.3720073664825,7.366482504604052,79.00552486187846
E00156087,612,65,24,41,547,35,512,10.620915032679738,3.9215686274509802,6.699346405228758,89.37908496732027,5.718954248366013,83.66013071895425
E00156088,313,30,7,23,283,23,260,9.584664536741213,2.2364217252396164,7.348242811501597,90.41533546325878,7.348242811501597,83.06709265175719
E00156089,421,54,13,41,367,24,343,12.826603325415679,3.0878859857482186,9.73871733966746,87.17339667458432,5.7007125890736345,81.47268408551069
E00156090,282,49,17,32,233,22,211,17.375886524822697,6.028368794326241,11.347517730496454,82.62411347517731,7.801418439716312,74.822695035461
E00156091,409,106,52,54,303,13,290,25.91687041564792,12.71393643031785,13.202933985330073,74.08312958435208,3.1784841075794623,70.90464547677261
E00156092,258,39,12,27,219,21,198,15.11627906976744,4.651162790697675,10.465116279069768,84.88372093023256,8.13953488372093,76.74418604651163
E00156093,304,36,18,18,268,29,239,11.842105263157894,5.921052631578947,5.921052631578947,88.1578947368421,9.539473684210527,78.61842105263158
E00156094,331,41,16,25,290,30,260,12.386706948640484,4.833836858006042,7.552870090634441,87.61329305135952,9.06344410876133,78.54984894259819
E00156095,361,33,10,23,328,21,307,9.141274238227147,2.7700831024930745,6.3711911357340725,90.85872576177285,5.8171745152354575,85.0415512465374
E00156096,474,75,43,32,399,35,364,15.822784810126583,9.071729957805907,6.751054852320674,84.17721518987342,7.383966244725738,76.79324894514767
E00156097,457,41,15,26,416,20,396,8.971553610503284,3.282275711159737,5.689277899343545,91.02844638949672,4.3763676148796495,86.65207877461707
E00156098,242,51,27,24,191,7,184,21.074380165289256,11.15702479338843,9.917355371900827,78.92561983471074,2.8925619834710745,76.03305785123968
E00156099,452,50,15,35,402,29,373,11.061946902654867,3.3185840707964607,7.7433628318584065,88.93805309734513,6.415929203539823,82.52212389380531
E00156100,393,51,20,31,342,26,316,12.977099236641221,5.089058524173027,7.888040712468193,87.02290076335878,6.615776081424936,80.40712468193384
E00156101,348,55,19,36,293,22,271,15.804597701149426,5.459770114942529,10.344827586206897,84.19540229885058,6.321839080459771,77.87356321839081
E00156102,277,70,34,36,207,25,182,25.27075812274368,12.274368231046932,12.996389891696749,74.72924187725631,9.025270758122744,65.70397111913357
E00156103,425,84,37,47,341,32,309,19.76470588235294,8.705882352941176,11.058823529411764,80.23529411764706,7.529411764705881,72.70588235294117
E00156104,307,45,16,29,262,15,247,14.65798045602606,5.211726384364821,9.446254071661238,85.34201954397395,4.88599348534202,80.45602605863192
E00156106,284,40,15,25,244,19,225,14.084507042253522,5.28169014084507,8.80281690140845,85.91549295774648,6.690140845070422,79.22535211267606
E00156107,302,65,31,34,237,14,223,21.52317880794702,10.264900662251655,11.258278145695364,78.47682119205298,4.635761589403973,73.84105960264901
E00156108,278,37,20,17,241,19,222,13.309352517985612,7.1942446043165464,6.115107913669065,86.6906474820144,6.83453237410072,79.85611510791367
E00156110,239,43,19,24,196,20,176,17.99163179916318,7.949790794979079,10.0418410041841,82.00836820083683,8.368200836820083,73.64016736401673
E00156111,345,40,9,31,305,29,276,11.594202898550725,2.608695652173913,8.985507246376812,88.40579710144928,8.405797101449275,80
E00156112,405,64,35,29,341,30,311,15.802469135802468,8.641975308641975,7.160493827160494,84.19753086419753,7.4074074074074066,76.79012345679013
E00156113,440,97,41,56,343,28,315,22.045454545454547,9.318181818181818,12.727272727272727,77.95454545454545,6.363636363636363,71.5909090909091
E00156114,314,62,27,35,252,25,227,19.745222929936308,8.598726114649681,11.146496815286625,80.2547770700637,7.961783439490445,72.29299363057325
E00156115,149,24,5,19,125,11,114,16.10738255033557,3.3557046979865772,12.751677852348994,83.89261744966443,7.38255033557047,76.51006711409396
E00156116,341,42,12,30,299,25,274,12.316715542521994,3.519061583577713,8.797653958944283,87.68328445747801,7.331378299120235,80.35190615835776
E00156118,305,14,7,7,291,27,264,4.590163934426229,2.2950819672131146,2.2950819672131146,95.40983606557377,8.852459016393443,86.55737704918033
E00156119,349,24,7,17,325,19,306,6.876790830945559,2.005730659025788,4.871060171919771,93.12320916905445,5.444126074498568,87.67908309455588
E00156120,274,19,0,19,255,24,231,6.934306569343065,0,6.934306569343065,93.06569343065694,8.75912408759124,84.30656934306569
E00156121,274,22,6,16,252,11,241,8.02919708029197,2.18978102189781,5.839416058394161,91.970802919708035,4.014598540145985,87.95620437956204
E00156123,284,25,4,21,259,15,244,8.80281690140845,1.4084507042253522,7.394366197183098,91.19718309859155,5.28169014084507,85.91549295774648
E00156124,397,48,19,29,349,31,318,12.090680100755668,4.785894206549118,7.304785894206549,87.90931989924434,7.8085642317380355,80.10075566750629
E00156126,389,56,19,37,333,26,307,14.395886889460154,4.884318766066838,9.511568123393316,85.60411311053984,6.683804627249357,78.9203084832905
E00156127,327,55,15,40,272,23,249,16.819571865443425,4.587155963302752,12.232415902140673,83.18042813455658,7.033639143730887,76.14678899082568
E00156128,335,60,26,34,275,25,250,17.91044776119403,7.761194029850746,10.149253731343283,82.08955223880598,7.462686567164178,74.6268656716418
E00156129,264,36,15,21,228,29,199,13.636363636363635,5.681818181818182,7.954545454545454,86.36363636363636,10.984848484848484,75.37878787878788
E00156130,327,26,9,17,301,31,270,7.951070336391437,2.7522935779816518,5.198776758409786,92.04892966360856,9.480122324159021,82.56880733944955
E00156131,271,32,8,24,239,27,212,11.808118081180812,2.952029520295203,8.856088560885608,88.19188191881919,9.96309963099631,78.22878228782287
E00156132,319,30,6,24,289,17,272,9.404388714733543,1.8808777429467085,7.523510971786834,90.59561128526646,5.329153605015674,85.26645768025078
E00156133,216,16,4,12,200,13,187,7.4074074074074066,1.8518518518518516,5.555555555555555,92.5925925925926,6.018518518518518,86.57407407407408
E00156134,342,61,28,33,281,14,267,17.83625730994152,8.187134502923977,9.649122807017543,82.16374269005848,4.093567251461988,78.0701754385965
E00156135,393,64,25,39,329,38,291,16.28498727735369,6.361323155216285,9.923664122137405,83.7150127226463,9.669211195928753,74.04580152671755
E00156136,323,44,16,28,279,20,259,13.622291021671826,4.953560371517028,8.6687306501548,86.37770897832817,6.191950464396285,80.18575851393189
E00156137,320,86,42,44,234,26,208,26.875,13.125,13.750000000000002,73.125,8.125,65
E00156138,341,54,10,44,287,22,265,15.835777126099707,2.932551319648094,12.903225806451612,84.1642228739003,6.451612903225806,77.71260997067448
E00156139,310,31,8,23,279,32,247,10,2.5806451612903225,7.419354838709677,90,10.32258064516129,79.6774193548387
E00156140,382,47,15,32,335,32,303,12.30366492146597,3.926701570680628,8.37696335078534,87.69633507853402,8.37696335078534,79.31937172774869
E00156141,375,53,16,37,322,31,291,14.133333333333335,4.266666666666667,9.866666666666667,85.86666666666667,8.266666666666666,77.60000000000001
E00156142,327,42,16,26,285,21,264,12.844036697247708,4.892966360856269,7.951070336391437,87.1559633027523,6.422018348623854,80.73394495412845
E00156143,359,54,26,28,305,32,273,15.041782729805014,7.242339832869081,7.7994428969359335,84.958217270195,8.913649025069638,76.04456824512535
E00156144,337,28,9,19,309,16,293,8.30860534124629,2.6706231454005933,5.637982195845697,91.69139465875371,4.747774480712167,86.94362017804154
E00156145,354,70,31,39,284,18,266,19.774011299435028,8.757062146892656,11.016949152542372,80.22598870056498,5.084745762711865,75.14124293785311
E00156146,262,34,14,20,228,17,211,12.977099236641221,5.343511450381679,7.633587786259542,87.02290076335878,6.488549618320611,80.53435114503816
E00156148,442,50,22,28,392,13,379,11.312217194570136,4.97737556561086,6.334841628959276,88.68778280542986,2.941176470588235,85.74660633484163
E00156149,324,57,21,36,267,19,248,17.59259259259259,6.481481481481481,11.11111111111111,82.4074074074074,5.864197530864197,76.5432098765432
E00156150,355,36,7,29,319,36,283,10.140845070422536,1.971830985915493,8.169014084507042,89.85915492957747,10.140845070422536,79.71830985915493
E00156151,250,50,16,34,200,23,177,20,6.4,13.600000000000001,80,9.2,70.8
E00156152,384,83,33,50,301,23,278,21.614583333333336,8.59375,13.020833333333334,78.38541666666666,5.989583333333334,72.39583333333334
E00156153,285,30,12,18,255,25,230,10.526315789473683,4.2105263157894735,6.315789473684211,89.47368421052632,8.771929824561402,80.7017543859649
E00156154,255,54,22,32,201,26,175,21.176470588235293,8.627450980392156,12.549019607843137,78.82352941176471,10.196078431372548,68.62745098039215
E00156155,502,97,34,63,405,26,379,19.322709163346612,6.772908366533864,12.549800796812749,80.67729083665338,5.179282868525896,75.4980079681275
E00156156,383,60,22,38,323,31,292,15.66579634464752,5.7441253263707575,9.921671018276761,84.33420365535248,8.093994778067886,76.2402088772846
E00156157,283,63,25,38,220,19,201,22.261484098939928,8.8339222614841,13.427561837455832,77.73851590106007,6.713780918727916,71.02473498233216
E00156158,392,25,7,18,367,42,325,6.377551020408164,1.7857142857142856,4.591836734693878,93.62244897959184,10.714285714285714,82.90816326530613
E00156159,364,31,14,17,333,29,304,8.516483516483516,3.8461538461538463,4.670329670329671,91.48351648351648,7.967032967032966,83.51648351648352
E00156160,224,48,16,32,176,20,156,21.428571428571427,7.142857142857142,14.285714285714285,78.57142857142857,8.928571428571429,69.64285714285714
E00156161,307,27,9,18,280,26,254,8.794788273615636,2.9315960912052117,5.863192182410423,91.20521172638436,8.469055374592834,82.73615635179154
E00156162,468,53,12,41,415,25,390,11.324786324786325,2.564102564102564,8.76068376068376,88.67521367521367,5.3418803418803416,83.33333333333334
E00156163,291,61,29,32,230,28,202,20.962199312714777,9.965635738831615,10.996563573883162,79.03780068728523,9.621993127147768,69.41580756013745
E00156164,399,130,75,55,269,25,244,32.581453634085214,18.796992481203006,13.784461152882205,67.41854636591479,6.265664160401002,61.152882205513784
E00156165,336,33,11,22,303,26,277,9.821428571428571,3.273809523809524,6.547619047619048,90.17857142857143,7.738095238095238,82.44047619047619
E00156166,303,19,2,17,284,30,254,6.270627062706271,0.6600660066006601,5.6105610561056105,93.72937293729373,9.900990099009901,83.82838283828383
E00156167,342,27,14,13,315,32,283,7.894736842105263,4.093567251461988,3.8011695906432745,92.10526315789474,9.35672514619883,82.7485380116959
E00156168,301,29,5,24,272,28,244,9.634551495016613,1.6611295681063125,7.973421926910299,90.36544850498339,9.30232558139535,81.06312292358804
E00156169,308,33,8,25,275,16,259,10.714285714285714,2.5974025974025974,8.116883116883116,89.28571428571429,5.194805194805195,84.0909090909091
E00156170,318,46,25,21,272,20,252,14.465408805031446,7.861635220125786,6.60377358490566,85.53459119496856,6.289308176100629,79.24528301886792
E00156171,331,23,5,18,308,31,277,6.948640483383686,1.5105740181268883,5.438066465256798,93.05135951661632,9.365558912386707,83.68580060422961
E00156172,257,38,18,20,219,16,203,14.785992217898833,7.003891050583658,7.782101167315175,85.21400778210116,6.22568093385214,78.98832684824903
E00156173,307,33,17,16,274,20,254,10.749185667752444,5.537459283387622,5.211726384364821,89.25081433224756,6.514657980456026,82.73615635179154
E00156174,308,40,10,30,268,22,246,12.987012987012985,3.2467532467532463,9.740259740259742,87.01298701298701,7.142857142857142,79.87012987012987
E00156175,387,49,9,40,338,27,311,12.661498708010335,2.3255813953488373,10.335917312661499,87.33850129198967,6.976744186046512,80.36175710594316
E00156176,299,36,5,31,263,26,237,12.040133779264215,1.6722408026755853,10.367892976588628,87.95986622073578,8.695652173913043,79.26421404682274
E00156177,366,72,29,43,294,25,269,19.672131147540984,7.923497267759563,11.748633879781421,80.32786885245902,6.830601092896176,73.49726775956285
E00156178,197,33,9,24,164,15,149,16.751269035532996,4.568527918781726,12.18274111675127,83.24873096446701,7.614213197969544,75.63451776649747
E00156179,306,70,29,41,236,21,215,22.875816993464053,9.477124183006536,13.398692810457517,77.12418300653596,6.862745098039216,70.26143790849673
E00156180,359,44,11,33,315,26,289,12.256267409470752,3.064066852367688,9.192200557103064,87.74373259052925,7.242339832869081,80.50139275766016
E00156181,423,40,12,28,383,28,355,9.456264775413711,2.8368794326241136,6.619385342789598,90.54373522458629,6.619385342789598,83.92434988179669
E00156182,381,29,9,20,352,32,320,7.611548556430446,2.3622047244094486,5.2493438320209975,92.38845144356955,8.398950131233596,83.98950131233596
E00156184,142,11,5,6,131,14,117,7.746478873239436,3.5211267605633805,4.225352112676056,92.25352112676056,9.859154929577464,82.3943661971831
E00156185,351,38,9,29,313,23,290,10.826210826210826,2.564102564102564,8.262108262108262,89.17378917378917,6.552706552706552,82.62108262108262
E00156186,274,14,5,9,260,17,243,5.109489051094891,1.824817518248175,3.2846715328467155,94.8905109489051,6.204379562043796,88.6861313868613
E00156187,271,55,20,35,216,24,192,20.29520295202952,7.380073800738007,12.915129151291513,79.70479704797047,8.856088560885608,70.84870848708486
E00156188,380,41,12,29,339,32,307,10.789473684210527,3.1578947368421053,7.631578947368421,89.21052631578948,8.421052631578947,80.78947368421052
E00156189,305,36,10,26,269,19,250,11.80327868852459,3.278688524590164,8.524590163934425,88.19672131147541,6.229508196721312,81.9672131147541
E00156190,407,35,7,28,372,32,340,8.5995085995086,1.71990171990172,6.87960687960688,91.4004914004914,7.862407862407863,83.53808353808354
E00156191,337,48,15,33,289,22,267,14.243323442136498,4.451038575667656,9.792284866468842,85.7566765578635,6.528189910979229,79.22848664688428
E00156192,305,36,17,19,269,24,245,11.80327868852459,5.573770491803279,6.229508196721312,88.19672131147541,7.868852459016394,80.32786885245902
E00156193,328,38,16,22,290,29,261,11.585365853658537,4.878048780487805,6.707317073170732,88.41463414634147,8.841463414634147,79.57317073170732
E00156194,293,26,11,15,267,24,243,8.873720136518772,3.754266211604096,5.1194539249146755,91.12627986348123,8.19112627986348,82.93515358361775
E00156195,258,27,13,14,231,23,208,10.465116279069768,5.038759689922481,5.426356589147287,89.53488372093024,8.914728682170542,80.62015503875969
E00156196,460,85,51,34,375,40,335,18.478260869565215,11.08695652173913,7.391304347826087,81.52173913043478,8.695652173913043,72.82608695652173
E00156197,458,28,8,20,430,34,396,6.11353711790393,1.7467248908296942,4.366812227074235,93.88646288209607,7.423580786026202,86.46288209606988
E00156198,306,41,10,31,265,22,243,13.398692810457517,3.2679738562091507,10.130718954248366,86.60130718954248,7.18954248366013,79.41176470588235
E00156199,353,58,22,36,295,24,271,16.43059490084986,6.232294617563739,10.198300283286118,83.56940509915015,6.79886685552408,76.77053824362606
E00156201,437,48,24,24,389,31,358,10.983981693363845,5.491990846681922,5.491990846681922,89.01601830663616,7.093821510297483,81.92219679633868
E00156202,345,42,12,30,303,24,279,12.173913043478262,3.4782608695652173,8.695652173913043,87.82608695652175,6.956521739130435,80.8695652173913
E00156203,220,48,23,25,172,18,154,21.818181818181817,10.454545454545453,11.363636363636363,78.18181818181819,8.181818181818182,70
E00156204,386,55,29,26,331,38,293,14.248704663212436,7.512953367875648,6.7357512953367875,85.75129533678756,9.844559585492227,75.90673575129534
E00156205,397,58,20,38,339,28,311,14.609571788413097,5.037783375314862,9.571788413098236,85.3904282115869,7.052896725440807,78.33753148614609
E00156206,352,42,15,27,310,19,291,11.931818181818182,4.261363636363636,7.670454545454546,88.06818181818183,5.3977272727272725,82.67045454545455
E00156207,420,44,13,31,376,43,333,10.476190476190476,3.0952380952380953,7.380952380952381,89.52380952380953,10.238095238095237,79.28571428571428
E00156208,407,63,33,30,344,37,307,15.47911547911548,8.108108108108109,7.371007371007371,84.52088452088452,9.090909090909092,75.42997542997543
E00156209,413,85,34,51,328,30,298,20.581113801452787,8.232445520581114,12.34866828087167,79.41888619854721,7.263922518159806,72.15496368038741
E00156210,245,50,18,32,195,11,184,20.408163265306122,7.346938775510205,13.061224489795919,79.59183673469387,4.489795918367347,75.10204081632654
E00156211,256,34,13,21,222,20,202,13.28125,5.078125,8.203125,86.71875,7.8125,78.90625
E00156212,385,52,16,36,333,38,295,13.506493506493506,4.1558441558441555,9.35064935064935,86.49350649350649,9.87012987012987,76.62337662337663
E00156213,311,38,12,26,273,21,252,12.218649517684888,3.858520900321544,8.360128617363344,87.78135048231512,6.752411575562702,81.02893890675242
E00156214,255,33,11,22,222,22,200,12.941176470588237,4.313725490196078,8.627450980392156,87.05882352941177,8.627450980392156,78.43137254901961
E00156215,310,36,9,27,274,45,229,11.612903225806452,2.903225806451613,8.709677419354838,88.38709677419355,14.516129032258066,73.87096774193549
E00156216,392,55,26,29,337,21,316,14.030612244897958,6.63265306122449,7.3979591836734695,85.96938775510205,5.357142857142857,80.61224489795919
E00156217,272,33,11,22,239,28,211,12.132352941176471,4.044117647058823,8.088235294117647,87.86764705882352,10.294117647058822,77.57352941176471
E00156218,336,82,36,46,254,11,243,24.404761904761905,10.714285714285714,13.690476190476192,75.59523809523809,3.273809523809524,72.32142857142857
E00156219,267,40,17,23,227,25,202,14.981273408239701,6.367041198501873,8.614232209737828,85.0187265917603,9.363295880149813,75.65543071161048
E00156220,221,31,13,18,190,18,172,14.027149321266968,5.88235294117647,8.144796380090497,85.97285067873304,8.144796380090497,77.82805429864254
E00156221,376,65,28,37,311,18,293,17.287234042553195,7.446808510638298,9.840425531914894,82.7127659574468,4.787234042553192,77.92553191489363
E00156222,304,59,27,32,245,13,232,19.407894736842106,8.881578947368421,10.526315789473683,80.5921052631579,4.276315789473684,76.31578947368422
E00156223,325,42,13,29,283,31,252,12.923076923076923,4,8.923076923076923,87.07692307692308,9.538461538461538,77.53846153846153
E00156224,139,24,7,17,115,15,100,17.26618705035971,5.0359712230215825,12.23021582733813,82.73381294964028,10.79136690647482,71.94244604316546
E00156225,258,30,15,15,228,22,206,11.627906976744185,5.813953488372093,5.813953488372093,88.37209302325581,8.527131782945736,79.84496124031007
E00156226,293,60,21,39,233,30,203,20.477815699658702,7.167235494880546,13.310580204778159,79.5221843003413,10.238907849829351,69.28327645051195
E00156227,324,33,9,24,291,24,267,10.185185185185185,2.7777777777777777,7.4074074074074066,89.81481481481481,7.4074074074074066,82.4074074074074
E00156228,309,62,25,37,247,22,225,20.06472491909385,8.090614886731391,11.974110032362459,79.93527508090615,7.119741100323624,72.81553398058253
E00156229,313,61,27,34,252,22,230,19.488817891373802,8.626198083067091,10.86261980830671,80.5111821086262,7.0287539936102235,73.48242811501598
E00156230,344,78,35,43,266,31,235,22.674418604651162,10.174418604651162,12.5,77.32558139534885,9.011627906976743,68.31395348837209
E00156231,344,45,12,33,299,34,265,13.08139534883721,3.488372093023256,9.593023255813954,86.9186046511628,9.883720930232558,77.03488372093024
E00156232,328,41,19,22,287,25,262,12.5,5.7926829268292686,6.707317073170732,87.5,7.621951219512195,79.8780487804878
E00156233,326,36,10,26,290,38,252,11.042944785276074,3.067484662576687,7.975460122699387,88.95705521472392,11.65644171779141,77.30061349693251
E00156234,310,37,12,25,273,25,248,11.935483870967742,3.870967741935484,8.064516129032258,88.06451612903226,8.064516129032258,80
E00156235,295,31,8,23,264,37,227,10.508474576271185,2.711864406779661,7.796610169491526,89.49152542372882,12.54237288135593,76.94915254237287
E00156236,319,33,6,27,286,26,260,10.344827586206897,1.8808777429467085,8.463949843260188,89.65517241379311,8.150470219435736,81.50470219435736
E00156237,298,38,14,24,260,22,238,12.751677852348994,4.697986577181208,8.053691275167784,87.24832214765101,7.38255033557047,79.86577181208054
E00156238,250,73,41,32,177,14,163,29.2,16.400000000000002,12.8,70.8,5.6000000000000005,65.2
E00156239,252,32,14,18,220,20,200,12.698412698412698,5.555555555555555,7.142857142857142,87.3015873015873,7.936507936507936,79.36507936507937
E00156240,261,56,23,33,205,21,184,21.455938697318008,8.812260536398467,12.643678160919542,78.544061302682,8.045977011494253,70.49808429118774
E00156241,307,34,10,24,273,24,249,11.074918566775244,3.257328990228013,7.81758957654723,88.92508143322475,7.81758957654723,81.10749185667753
E00156242,229,28,4,24,201,15,186,12.22707423580786,1.7467248908296942,10.480349344978166,87.77292576419214,6.550218340611353,81.22270742358079
E00156243,296,31,6,25,265,17,248,10.472972972972974,2.027027027027027,8.445945945945946,89.52702702702703,5.743243243243244,83.78378378378379
E00156244,392,43,18,25,349,21,328,10.96938775510204,4.591836734693878,6.377551020408164,89.03061224489795,5.357142857142857,83.6734693877551
E00156245,238,30,15,15,208,22,186,12.605042016806722,6.302521008403361,6.302521008403361,87.39495798319328,9.243697478991598,78.15126050420169
E00156246,235,42,13,29,193,17,176,17.872340425531917,5.531914893617021,12.340425531914894,82.12765957446808,7.234042553191489,74.8936170212766
E00156247,429,72,35,37,357,23,334,16.783216783216783,8.158508158508159,8.624708624708624,83.21678321678321,5.361305361305361,77.85547785547784
E00156248,260,36,18,18,224,10,214,13.846153846153847,6.923076923076923,6.923076923076923,86.15384615384616,3.8461538461538463,82.3076923076923
E00156249,328,43,18,25,285,37,248,13.109756097560975,5.487804878048781,7.621951219512195,86.89024390243902,11.28048780487805,75.60975609756098
E00156250,270,42,18,24,228,27,201,15.555555555555555,6.666666666666667,8.88888888888889,84.44444444444444,10,74.44444444444444
E00156251,334,23,9,14,311,30,281,6.88622754491018,2.694610778443114,4.191616766467066,93.11377245508982,8.982035928143713,84.13173652694611
E00156252,313,31,12,19,282,26,256,9.904153354632587,3.8338658146964857,6.070287539936102,90.09584664536742,8.30670926517572,81.78913738019169
E00156253,312,35,9,26,277,22,255,11.217948717948719,2.8846153846153846,8.333333333333332,88.78205128205127,7.051282051282051,81.73076923076923
E00156254,276,39,14,25,237,20,217,14.130434782608695,5.072463768115942,9.057971014492754,85.86956521739131,7.246376811594203,78.62318840579711
E00156255,268,38,14,24,230,25,205,14.17910447761194,5.223880597014925,8.955223880597014,85.82089552238806,9.328358208955224,76.49253731343283
E00156256,297,35,11,24,262,22,240,11.784511784511785,3.7037037037037033,8.080808080808081,88.21548821548821,7.4074074074074066,80.8080808080808
E00156257,324,44,17,27,280,25,255,13.580246913580247,5.246913580246913,8.333333333333332,86.41975308641975,7.716049382716049,78.70370370370371
E00156258,261,69,24,45,192,11,181,26.436781609195403,9.195402298850574,17.24137931034483,73.5632183908046,4.21455938697318,69.34865900383141
E00156259,236,33,12,21,203,12,191,13.983050847457626,5.084745762711865,8.898305084745763,86.01694915254238,5.084745762711865,80.9322033898305
E00156260,351,30,11,19,321,32,289,8.547008547008547,3.133903133903134,5.413105413105413,91.45299145299145,9.116809116809117,82.33618233618233
E00156261,441,68,26,42,373,26,347,15.419501133786847,5.895691609977324,9.523809523809524,84.58049886621315,5.895691609977324,78.68480725623583
E00156262,292,39,18,21,253,26,227,13.356164383561644,6.164383561643835,7.191780821917808,86.64383561643835,8.904109589041095,77.73972602739725
E00156263,291,55,21,34,236,24,212,18.900343642611684,7.216494845360824,11.683848797250858,81.09965635738831,8.24742268041237,72.85223367697594
E00156264,304,34,13,21,270,19,251,11.18421052631579,4.276315789473684,6.907894736842106,88.81578947368422,6.25,82.56578947368422
E00156265,332,45,18,27,287,29,258,13.55421686746988,5.421686746987952,8.132530120481928,86.44578313253012,8.734939759036145,77.71084337349397
E00156266,377,43,17,26,334,31,303,11.405835543766578,4.509283819628647,6.896551724137931,88.59416445623343,8.222811671087534,80.37135278514589
E00156267,274,33,6,27,241,24,217,12.043795620437956,2.18978102189781,9.854014598540147,87.95620437956204,8.75912408759124,79.1970802919708
E00156268,334,48,20,28,286,20,266,14.37125748502994,5.9880239520958085,8.383233532934131,85.62874251497006,5.9880239520958085,79.64071856287424
E00156269,295,42,16,26,253,19,234,14.237288135593221,5.423728813559322,8.813559322033898,85.76271186440678,6.440677966101695,79.3220338983051
E00156270,320,39,16,23,281,27,254,12.1875,5,7.187499999999999,87.8125,8.4375,79.375
E00156271,242,45,14,31,197,27,170,18.59504132231405,5.785123966942149,12.8099173553719,81.40495867768594,11.15702479338843,70.24793388429752
E00156272,272,51,26,25,221,20,201,18.75,9.558823529411764,9.191176470588236,81.25,7.352941176470589,73.89705882352942
E00156273,229,54,27,27,175,15,160,23.580786026200872,11.790393013100436,11.790393013100436,76.41921397379913,6.550218340611353,69.86899563318777
E00156274,231,32,14,18,199,15,184,13.852813852813853,6.0606060606060606,7.792207792207792,86.14718614718615,6.493506493506493,79.65367965367966
E00156275,224,40,11,29,184,17,167,17.857142857142858,4.910714285714286,12.946428571428573,82.14285714285714,7.5892857142857135,74.55357142857143
E00156276,297,44,21,23,253,28,225,14.814814814814813,7.07070707070707,7.744107744107744,85.18518518518519,9.427609427609427,75.75757575757575
E00156277,367,48,18,30,319,31,288,13.079019073569482,4.904632152588556,8.174386920980927,86.92098092643052,8.446866485013624,78.4741144414169
E00156278,311,37,13,24,274,19,255,11.89710610932476,4.180064308681672,7.717041800643088,88.10289389067523,6.109324758842444,81.9935691318328
E00156279,341,33,8,25,308,23,285,9.67741935483871,2.346041055718475,7.331378299120235,90.32258064516128,6.744868035190615,83.57771260997067
E00156280,290,20,4,16,270,18,252,6.896551724137931,1.3793103448275863,5.517241379310345,93.10344827586206,6.206896551724138,86.89655172413792
E00156281,316,46,18,28,270,24,246,14.556962025316455,5.69620253164557,8.860759493670885,85.44303797468355,7.59493670886076,77.84810126582279
E00156282,298,57,26,31,241,14,227,19.12751677852349,8.724832214765101,10.40268456375839,80.87248322147651,4.697986577181208,76.1744966442953
E00170383,250,18,5,13,232,13,219,7.199999999999999,2,5.2,92.80000000000001,5.2,87.6
E00170384,295,25,9,16,270,21,249,8.47457627118644,3.050847457627119,5.423728813559322,91.52542372881356,7.118644067796611,84.40677966101696
E00170385,223,28,13,15,195,13,182,12.556053811659194,5.829596412556054,6.726457399103139,87.4439461883408,5.829596412556054,81.61434977578476
E00170386,206,20,2,18,186,20,166,9.70873786407767,0.9708737864077669,8.737864077669903,90.29126213592234,9.70873786407767,80.58252427184466
E00170387,374,100,70,30,274,35,239,26.737967914438503,18.71657754010695,8.0213903743315509,73.2620320855615,9.358288770053475,63.903743315508024
E00170388,469,42,18,24,427,32,395,8.955223880597014,3.8379530916844353,5.11727078891258,91.04477611940298,6.823027718550106,84.22174840085287
E00170389,263,27,10,17,236,13,223,10.26615969581749,3.802281368821293,6.4638783269961975,89.73384030418251,4.942965779467681,84.79087452471484
E00170390,241,23,7,16,218,10,208,9.54356846473029,2.904564315352697,6.639004149377594,90.45643153526972,4.149377593360995,86.30705394190872
E00170391,286,26,8,18,260,17,243,9.090909090909092,2.797202797202797,6.293706293706294,90.9090909090909,5.944055944055944,84.96503496503497
E00170392,236,18,3,15,218,17,201,7.627118644067797,1.2711864406779663,6.3559322033898304,92.37288135593221,7.203389830508475,85.16949152542372
E00170393,316,46,17,29,270,26,244,14.556962025316455,5.379746835443038,9.177215189873419,85.44303797468355,8.227848101265822,77.21518987341773
E00170394,299,54,20,34,245,26,219,18.06020066889632,6.688963210702341,11.37123745819398,81.93979933110369,8.695652173913043,73.24414715719062
E00170396,275,29,10,19,246,18,228,10.545454545454545,3.6363636363636362,6.909090909090909,89.45454545454545,6.545454545454546,82.9090909090909
E00170397,276,39,14,25,237,26,211,14.130434782608695,5.072463768115942,9.057971014492754,85.86956521739131,9.420289855072465,76.44927536231883
E00170398,236,29,9,20,207,10,197,12.288135593220339,3.8135593220338984,8.47457627118644,87.71186440677965,4.23728813559322,83.47457627118644
E00170399,320,41,12,29,279,18,261,12.812499999999998,3.75,9.0625,87.1875,5.625,81.5625
E00170400,263,28,7,21,235,14,221,10.646387832699618,2.6615969581749046,7.984790874524715,89.35361216730038,5.323193916349809,84.03041825095056
E00170402,364,23,6,17,341,22,319,6.318681318681318,1.6483516483516485,4.670329670329671,93.68131868131869,6.043956043956044,87.63736263736264
E00170403,1372,494,170,324,878,133,745,36.005830903790084,12.39067055393586,23.61516034985423,63.99416909620991,9.693877551020408,54.3002915451895
E00170404,360,26,5,21,334,22,312,7.222222222222221,1.3888888888888888,5.833333333333333,92.77777777777779,6.111111111111111,86.66666666666667
E00170405,495,44,8,36,451,31,420,8.88888888888889,1.6161616161616161,7.2727272727272725,91.11111111111111,6.262626262626263,84.84848484848484
E00170406,279,21,0,21,258,32,226,7.526881720430108,0,7.526881720430108,92.47311827956989,11.469534050179211,81.00358422939068
E00170407,359,34,14,20,325,28,297,9.47075208913649,3.8997214484679668,5.571030640668524,90.5292479108635,7.7994428969359335,82.72980501392759
E00170408,307,29,6,23,278,28,250,9.446254071661238,1.9543973941368076,7.491856677524431,90.55374592833876,9.120521172638437,81.43322475570032
E00170409,381,45,12,33,336,34,302,11.811023622047244,3.149606299212598,8.661417322834646,88.18897637795276,8.923884514435695,79.26509186351706
E00170410,229,27,17,10,202,22,180,11.790393013100436,7.423580786026202,4.366812227074235,88.20960698689956,9.606986899563319,78.60262008733623
E00170411,317,20,6,14,297,19,278,6.309148264984227,1.8927444794952681,4.416403785488959,93.69085173501577,5.993690851735016,87.69716088328076
E00190475,294,21,4,17,273,18,255,7.142857142857142,1.3605442176870748,5.782312925170068,92.85714285714286,6.122448979591836,86.73469387755102
E00190476,328,16,2,14,312,27,285,4.878048780487805,0.6097560975609756,4.2682926829268295,95.1219512195122,8.231707317073171,86.89024390243902
E00190477,294,51,18,33,243,26,217,17.346938775510203,6.122448979591836,11.224489795918368,82.6530612244898,8.843537414965986,73.80952380952381
E00190478,312,32,12,20,280,27,253,10.256410256410255,3.8461538461538463,6.41025641025641,89.74358974358975,8.653846153846153,81.08974358974359
E00190480,363,42,11,31,321,24,297,11.570247933884298,3.0303030303030303,8.539944903581267,88.42975206611571,6.6115702479338845,81.81818181818183
E00190483,291,18,7,11,273,21,252,6.185567010309279,2.405498281786942,3.7800687285223367,93.81443298969072,7.216494845360824,86.5979381443299
E00190484,295,59,40,19,236,24,212,20,13.559322033898304,6.440677966101695,80,8.135593220338983,71.86440677966101
E00190487,293,31,10,21,262,18,244,10.580204778156997,3.4129692832764507,7.167235494880546,89.419795221843,6.143344709897611,83.27645051194538
E00190488,369,83,56,27,286,26,260,22.493224932249323,15.176151761517614,7.317073170731707,77.50677506775068,7.046070460704606,70.46070460704607
E00190489,331,25,7,18,306,28,278,7.552870090634441,2.1148036253776437,5.438066465256798,92.44712990936556,8.459214501510575,83.98791540785498
E00190491,437,29,12,17,408,25,383,6.636155606407322,2.745995423340961,3.8901601830663615,93.36384439359267,5.720823798627003,87.64302059496568
E00190492,170,68,28,40,102,12,90,40,16.470588235294116,23.52941176470588,60,7.0588235294117645,52.94117647058824
E00190494,316,19,3,16,297,26,271,6.012658227848101,0.949367088607595,5.063291139240507,93.9873417721519,8.227848101265822,85.75949367088607
E00190496,331,32,11,21,299,23,276,9.667673716012084,3.3232628398791544,6.3444108761329305,90.33232628398792,6.948640483383686,83.38368580060424
E00190497,322,20,0,20,302,15,287,6.211180124223603,0,6.211180124223603,93.7888198757764,4.658385093167702,89.13043478260869
E00190504,270,30,8,22,240,20,220,11.11111111111111,2.9629629629629632,8.148148148148149,88.88888888888889,7.4074074074074066,81.48148148148148
E00190505,294,14,7,7,280,15,265,4.761904761904762,2.380952380952381,2.380952380952381,95.23809523809523,5.1020408163265305,90.1360544217687
E00190507,225,29,8,21,196,9,187,12.88888888888889,3.5555555555555554,9.333333333333334,87.1111111111111,4,83.11111111111111
E00190508,365,43,18,25,322,17,305,11.78082191780822,4.931506849315069,6.8493150684931505,88.21917808219179,4.657534246575342,83.56164383561644
E00190510,248,80,54,26,168,11,157,32.25806451612903,21.774193548387096,10.483870967741936,67.74193548387096,4.435483870967742,63.306451612903224
E00190511,277,22,6,16,255,20,235,7.9422382671480145,2.166064981949458,5.776173285198556,92.05776173285199,7.2202166064981945,84.83754512635379
E00190514,121,40,20,20,81,9,72,33.057851239669425,16.528925619834713,16.528925619834713,66.94214876033058,7.43801652892562,59.50413223140496
E00190516,286,23,9,14,263,17,246,8.041958041958042,3.146853146853147,4.895104895104895,91.95804195804196,5.944055944055944,86.01398601398601
E00190517,595,44,7,37,551,26,525,7.394957983193278,1.1764705882352942,6.218487394957983,92.60504201680672,4.369747899159663,88.23529411764706
E00190518,332,36,15,21,296,24,272,10.843373493975903,4.518072289156627,6.325301204819277,89.1566265060241,7.228915662650602,81.92771084337349
E00190519,356,29,9,20,327,18,309,8.146067415730338,2.528089887640449,5.617977528089887,91.85393258426966,5.056179775280898,86.79775280898876
E00190520,360,17,8,9,343,19,324,4.722222222222222,2.2222222222222223,2.5,95.27777777777777,5.277777777777778,90
E00190522,303,18,5,13,285,13,272,5.9405940594059405,1.65016501650165,4.29042904290429,94.05940594059405,4.29042904290429,89.76897689768977
E00190523,336,38,15,23,298,27,271,11.30952380952381,4.464285714285714,6.845238095238096,88.69047619047619,8.035714285714286,80.65476190476191
E00190524,412,29,10,19,383,22,361,7.038834951456311,2.4271844660194173,4.611650485436893,92.96116504854369,5.339805825242718,87.62135922330097
