OA,ts0590001,ts0590002,ts0590003,ts0590004,ts0590005,ts0590006,ts0590007,ts0590002_PCT,ts0590003_PCT,ts0590004_PCT,ts0590005_PCT,ts0590006_PCT,ts0590007_PCT
E00084325,139,40,13,27,99,81,18,28.776978417266186,9.352517985611511,19.424460431654676,71.22302158273382,58.27338129496403,12.949640287769784
E00084326,145,30,10,20,115,101,14,20.689655172413794,6.896551724137931,13.793103448275861,79.3103448275862,69.6551724137931,9.655172413793103
E00084328,105,33,12,21,72,64,8,31.428571428571427,11.428571428571429,20,68.57142857142857,60.952380952380956,7.6190476190476195
E00084329,164,50,21,29,114,96,18,30.48780487804878,12.804878048780488,17.682926829268293,69.51219512195121,58.536585365853654,10.975609756097562
E00084330,277,61,29,32,216,191,25,22.021660649819495,10.469314079422382,11.552346570397113,77.9783393501805,68.95306859205776,9.025270758122744
E00084331,66,22,7,15,44,44,0,33.33333333333333,10.606060606060606,22.727272727272727,66.66666666666666,66.66666666666666,0
E00084332,219,62,27,35,157,135,22,28.31050228310502,12.32876712328767,15.981735159817351,71.68949771689498,61.64383561643836,10.045662100456621
E00084333,200,43,10,33,157,136,21,21.5,5,16.5,78.5,68,10.5
E00084334,163,48,15,33,115,104,11,29.447852760736197,9.202453987730062,20.245398773006134,70.5521472392638,63.80368098159509,6.748466257668712
E00084336,217,69,20,49,148,134,14,31.797235023041477,9.216589861751153,22.58064516129032,68.20276497695853,61.75115207373272,6.451612903225806
E00084337,104,24,7,17,80,70,10,23.076923076923077,6.730769230769231,16.346153846153847,76.92307692307693,67.3076923076923,9.615384615384617
E00084338,141,33,9,24,108,93,15,23.404255319148938,6.382978723404255,17.02127659574468,76.59574468085107,65.95744680851064,10.638297872340425
E00084339,251,81,25,56,170,154,16,32.27091633466135,9.9601593625498,22.31075697211155,67.729083665338635,61.354581673306775,6.374501992031872
E00084340,178,39,11,28,139,122,17,21.910112359550563,6.179775280898876,15.730337078651685,78.08988764044943,68.53932584269663,9.550561797752808
E00084341,174,53,15,38,121,98,23,30.45977011494253,8.620689655172415,21.839080459770116,69.54022988505747,56.32183908045977,13.218390804597702
E00084342,187,76,23,53,111,94,17,40.64171122994652,12.299465240641712,28.342245989304814,59.35828877005348,50.26737967914438,9.090909090909092
E00084343,183,66,25,41,117,103,14,36.0655737704918,13.661202185792352,22.404371584699454,63.934426229508205,56.284153005464475,7.650273224043716
E00084344,140,51,17,34,89,77,12,36.42857142857142,12.142857142857142,24.285714285714285,63.57142857142857,55.00000000000001,8.571428571428571
E00084345,113,27,7,20,86,81,5,23.893805309734514,6.1946902654867255,17.699115044247787,76.10619469026548,71.68141592920354,4.424778761061947
E00084347,146,37,14,23,109,94,15,25.34246575342466,9.58904109589041,15.753424657534246,74.65753424657534,64.38356164383562,10.273972602739725
E00084348,151,48,18,30,103,87,16,31.788079470198678,11.920529801324504,19.867549668874172,68.21192052980133,57.615894039735096,10.596026490066226
E00084349,186,65,14,51,121,93,28,34.946236559139784,7.526881720430108,27.419354838709676,65.05376344086021,50,15.053763440860216
E00084350,182,53,26,27,129,111,18,29.120879120879124,14.285714285714285,14.835164835164836,70.87912087912088,60.98901098901099,9.89010989010989
E00084351,157,39,9,30,118,102,16,24.840764331210192,5.7324840764331215,19.10828025477707,75.15923566878982,64.96815286624204,10.191082802547772
E00084352,163,40,13,27,123,102,21,24.539877300613497,7.975460122699387,16.56441717791411,75.4601226993865,62.57668711656442,12.883435582822086
E00084353,220,62,24,38,158,146,12,28.18181818181818,10.909090909090908,17.272727272727273,71.81818181818181,66.36363636363637,5.454545454545454
E00084355,125,26,6,20,99,86,13,20.8,4.8,16,79.2,68.8,10.4
E00084356,122,30,10,20,92,83,9,24.59016393442623,8.19672131147541,16.39344262295082,75.40983606557377,68.0327868852459,7.377049180327869
E00084357,116,34,17,17,82,72,10,29.310344827586203,14.655172413793101,14.655172413793101,70.6896551724138,62.06896551724138,8.620689655172415
E00084358,142,32,14,18,110,99,11,22.535211267605636,9.859154929577464,12.676056338028168,77.46478873239437,69.71830985915493,7.746478873239436
E00084359,143,44,15,29,99,91,8,30.76923076923077,10.48951048951049,20.27972027972028,69.23076923076923,63.63636363636363,5.594405594405594
E00084360,115,34,9,25,81,73,8,29.565217391304348,7.82608695652174,21.73913043478261,70.43478260869566,63.47826086956522,6.956521739130435
E00084361,155,37,13,24,118,95,23,23.870967741935484,8.38709677419355,15.483870967741936,76.12903225806451,61.29032258064516,14.838709677419354
E00084362,191,47,16,31,144,109,35,24.60732984293194,8.37696335078534,16.230366492146597,75.39267015706807,57.06806282722513,18.32460732984293
E00084363,190,47,20,27,143,127,16,24.736842105263158,10.526315789473683,14.210526315789473,75.26315789473685,66.84210526315789,8.421052631578947
E00084364,214,56,26,30,158,145,13,26.168224299065418,12.149532710280374,14.018691588785046,73.83177570093457,67.7570093457944,6.074766355140187
E00084365,190,53,14,39,137,129,8,27.89473684210526,7.368421052631578,20.526315789473685,72.10526315789474,67.89473684210526,4.2105263157894735
E00084366,135,50,13,37,85,71,14,37.03703703703704,9.62962962962963,27.40740740740741,62.96296296296296,52.59259259259259,10.37037037037037
E00084367,161,46,16,30,115,105,10,28.57142857142857,9.937888198757763,18.633540372670808,71.42857142857143,65.21739130434783,6.211180124223603
E00084368,134,36,8,28,98,93,5,26.865671641791046,5.970149253731343,20.8955223880597,73.13432835820896,69.40298507462687,3.731343283582089
E00084369,171,41,20,21,130,119,11,23.976608187134502,11.695906432748536,12.280701754385964,76.0233918128655,69.5906432748538,6.432748538011696
E00084370,141,30,9,21,111,102,9,21.27659574468085,6.382978723404255,14.893617021276595,78.72340425531915,72.3404255319149,6.382978723404255
E00084371,249,58,19,39,191,174,17,23.293172690763054,7.630522088353414,15.66265060240964,76.70682730923694,69.87951807228916,6.827309236947792
E00084372,134,30,10,20,104,96,8,22.388059701492537,7.462686567164178,14.925373134328357,77.61194029850746,71.64179104477611,5.970149253731343
E00084373,155,43,17,26,112,104,8,27.741935483870968,10.967741935483872,16.7741935483871,72.25806451612902,67.0967741935484,5.161290322580645
E00084374,164,49,18,31,115,103,12,29.878048780487802,10.975609756097562,18.902439024390244,70.1219512195122,62.80487804878049,7.317073170731707
E00084375,159,54,11,43,105,94,11,33.9622641509434,6.918238993710692,27.044025157232703,66.0377358490566,59.11949685534591,6.918238993710692
E00084376,183,39,9,30,144,129,15,21.311475409836063,4.918032786885246,16.39344262295082,78.68852459016394,70.49180327868852,8.19672131147541
E00084377,158,40,14,26,118,106,12,25.31645569620253,8.860759493670885,16.455696202531644,74.68354430379746,67.08860759493672,7.59493670886076
E00084378,161,50,23,27,111,103,8,31.05590062111801,14.285714285714285,16.77018633540373,68.94409937888199,63.975155279503106,4.968944099378882
E00084379,116,25,6,19,91,82,9,21.551724137931032,5.172413793103448,16.379310344827587,78.44827586206897,70.6896551724138,7.758620689655173
E00084380,128,28,11,17,100,92,8,21.875,8.59375,13.28125,78.125,71.875,6.25
E00084381,177,44,16,28,133,112,21,24.858757062146893,9.03954802259887,15.819209039548024,75.14124293785311,63.2768361581921,11.864406779661017
E00084382,152,36,13,23,116,96,20,23.684210526315788,8.552631578947368,15.131578947368421,76.31578947368422,63.1578947368421,13.157894736842104
E00084383,173,41,22,19,132,121,11,23.699421965317917,12.716763005780345,10.982658959537572,76.30057803468208,69.94219653179191,6.358381502890173
E00084384,149,38,10,28,111,103,8,25.503355704697988,6.7114093959731544,18.79194630872483,74.49664429530202,69.12751677852349,5.369127516778524
E00084385,89,14,5,9,75,67,8,15.730337078651685,5.617977528089887,10.112359550561797,84.26966292134831,75.28089887640449,8.98876404494382
E00084386,161,46,18,28,115,104,11,28.57142857142857,11.180124223602485,17.391304347826086,71.42857142857143,64.59627329192547,6.832298136645963
E00084387,128,32,8,24,96,84,12,25,6.25,18.75,75,65.625,9.375
E00084388,141,34,9,25,107,88,19,24.113475177304963,6.382978723404255,17.73049645390071,75.88652482269504,62.4113475177305,13.47517730496454
E00084389,90,33,7,26,57,53,4,36.666666666666664,7.777777777777778,28.888888888888886,63.33333333333333,58.88888888888889,4.444444444444445
E00084390,157,48,12,36,109,97,12,30.573248407643312,7.643312101910828,22.929936305732486,69.42675159235668,61.78343949044586,7.643312101910828
E00084391,169,46,15,31,123,114,9,27.218934911242602,8.875739644970414,18.34319526627219,72.7810650887574,67.45562130177515,5.325443786982249
E00084392,168,56,18,38,112,98,14,33.33333333333333,10.714285714285714,22.61904761904762,66.66666666666666,58.333333333333336,8.333333333333332
E00084393,148,41,16,25,107,96,11,27.7027027027027,10.81081081081081,16.89189189189189,72.2972972972973,64.86486486486487,7.4324324324324325
E00084394,194,56,20,36,138,122,16,28.865979381443296,10.309278350515463,18.556701030927837,71.1340206185567,62.88659793814433,8.24742268041237
E00084395,114,35,9,26,79,68,11,30.701754385964914,7.894736842105263,22.807017543859647,69.2982456140351,59.64912280701754,9.649122807017543
E00084396,233,67,20,47,166,154,12,28.75536480686695,8.583690987124463,20.171673819742487,71.24463519313305,66.09442060085837,5.150214592274678
E00084397,183,54,14,40,129,119,10,29.508196721311474,7.650273224043716,21.85792349726776,70.49180327868852,65.02732240437157,5.46448087431694
E00084398,138,29,7,22,109,102,7,21.014492753623188,5.072463768115942,15.942028985507244,78.98550724637681,73.91304347826086,5.072463768115942
E00084399,138,44,11,33,94,82,12,31.88405797101449,7.971014492753622,23.91304347826087,68.11594202898551,59.42028985507246,8.695652173913043
E00084400,183,64,20,44,119,103,16,34.97267759562842,10.92896174863388,24.043715846994534,65.02732240437157,56.284153005464475,8.743169398907105
E00084401,226,47,13,34,179,158,21,20.79646017699115,5.752212389380531,15.04424778761062,79.20353982300885,69.91150442477876,9.29203539823009
E00084402,217,49,18,31,168,143,25,22.58064516129032,8.294930875576037,14.285714285714285,77.41935483870968,65.89861751152074,11.52073732718894
E00084403,267,75,28,47,192,181,11,28.08988764044944,10.486891385767791,17.60299625468165,71.91011235955057,67.79026217228464,4.119850187265917
E00084404,184,53,13,40,131,124,7,28.804347826086957,7.065217391304348,21.73913043478261,71.19565217391305,67.3913043478261,3.804347826086957
E00084405,216,70,15,55,146,126,20,32.407407407407405,6.944444444444445,25.462962962962965,67.5925925925926,58.333333333333336,9.25925925925926
E00084406,233,66,18,48,167,145,22,28.32618025751073,7.725321888412018,20.600858369098713,71.67381974248927,62.231759656652365,9.44206008583691
E00084407,206,87,24,63,119,107,12,42.23300970873786,11.650485436893204,30.582524271844658,57.76699029126213,51.94174757281553,5.825242718446602
E00084408,186,38,9,29,148,134,14,20.43010752688172,4.838709677419355,15.591397849462366,79.56989247311827,72.04301075268818,7.526881720430108
E00084409,159,42,12,30,117,104,13,26.41509433962264,7.547169811320755,18.867924528301888,73.58490566037736,65.40880503144653,8.176100628930817
E00084410,162,38,12,26,124,112,12,23.456790123456788,7.4074074074074066,16.049382716049383,76.5432098765432,69.1358024691358,7.4074074074074066
E00084411,222,69,21,48,153,138,15,31.08108108108108,9.45945945945946,21.62162162162162,68.91891891891892,62.16216216216216,6.756756756756757
E00084412,201,44,14,30,157,149,8,21.890547263681594,6.965174129353234,14.925373134328357,78.1094527363184,74.12935323383084,3.9800995024875623
E00084413,151,51,20,31,100,86,14,33.77483443708609,13.245033112582782,20.52980132450331,66.22516556291392,56.95364238410596,9.271523178807946
E00084414,197,49,21,28,148,129,19,24.873096446700508,10.65989847715736,14.213197969543149,75.1269035532995,65.48223350253807,9.644670050761421
E00084415,143,47,16,31,96,85,11,32.86713286713287,11.188811188811188,21.678321678321677,67.13286713286713,59.44055944055944,7.6923076923076925
E00084416,218,53,21,32,165,149,16,24.31192660550459,9.63302752293578,14.678899082568808,75.68807339449542,68.34862385321101,7.339449541284404
E00084417,203,52,14,38,151,138,13,25.615763546798032,6.896551724137931,18.7192118226601,74.38423645320196,67.98029556650246,6.403940886699508
E00084418,237,68,25,43,169,151,18,28.691983122362867,10.548523206751055,18.143459915611814,71.30801687763713,63.71308016877637,7.59493670886076
E00084419,128,38,12,26,90,74,16,29.6875,9.375,20.3125,70.3125,57.8125,12.5
E00084420,147,52,16,36,95,86,9,35.374149659863946,10.884353741496598,24.489795918367346,64.62585034013605,58.50340136054422,6.122448979591836
E00084421,166,47,19,28,119,109,10,28.313253012048197,11.44578313253012,16.867469879518072,71.6867469879518,65.66265060240963,6.024096385542169
E00084422,140,47,17,30,93,85,8,33.57142857142857,12.142857142857142,21.428571428571427,66.42857142857143,60.71428571428571,5.714285714285714
E00084423,133,42,14,28,91,71,20,31.57894736842105,10.526315789473683,21.052631578947366,68.42105263157895,53.383458646616546,15.037593984962406
E00084424,139,47,12,35,92,78,14,33.81294964028777,8.633093525179856,25.179856115107913,66.18705035971223,56.11510791366906,10.071942446043165
E00084425,171,55,24,31,116,97,19,32.16374269005848,14.035087719298245,18.128654970760234,67.83625730994152,56.72514619883041,11.11111111111111
E00084426,191,47,14,33,144,128,16,24.60732984293194,7.329842931937172,17.277486910994764,75.39267015706807,67.01570680628272,8.37696335078534
E00084427,251,85,22,63,166,158,8,33.86454183266932,8.764940239043826,25.099601593625497,66.13545816733067,62.94820717131474,3.187250996015936
E00084428,164,46,13,33,118,98,20,28.04878048780488,7.926829268292683,20.121951219512198,71.95121951219512,59.756097560975604,12.195121951219512
E00084429,166,40,11,29,126,106,20,24.096385542168676,6.626506024096386,17.46987951807229,75.90361445783132,63.85542168674698,12.048192771084338
E00084430,196,74,27,47,122,109,13,37.755102040816325,13.77551020408163,23.97959183673469,62.244897959183675,55.61224489795919,6.63265306122449
E00084431,276,75,13,62,201,184,17,27.173913043478258,4.710144927536232,22.463768115942027,72.82608695652173,66.66666666666666,6.159420289855073
E00084432,204,64,12,52,140,127,13,31.372549019607842,5.88235294117647,25.49019607843137,68.62745098039215,62.254901960784316,6.372549019607843
E00084433,240,78,29,49,162,147,15,32.5,12.083333333333334,20.416666666666668,67.5,61.25000000000001,6.25
E00084434,266,92,40,52,174,161,13,34.58646616541353,15.037593984962406,19.548872180451127,65.41353383458647,60.526315789473685,4.887218045112782
E00084435,147,51,18,33,96,86,10,34.69387755102041,12.244897959183673,22.448979591836736,65.3061224489796,58.50340136054422,6.802721088435375
E00084436,143,35,11,24,108,93,15,24.475524475524477,7.6923076923076925,16.783216783216783,75.52447552447552,65.03496503496503,10.48951048951049
E00084437,281,77,31,46,204,177,27,27.402135231316727,11.032028469750891,16.370106761565836,72.59786476868328,62.989323843416365,9.608540925266903
E00084438,197,51,18,33,146,137,9,25.888324873096447,9.137055837563452,16.751269035532996,74.11167512690355,69.54314720812182,4.568527918781726
E00084439,85,29,10,19,56,52,4,34.11764705882353,11.76470588235294,22.35294117647059,65.88235294117646,61.1764705882353,4.705882352941177
E00084443,127,29,10,19,98,89,9,22.83464566929134,7.874015748031496,14.960629921259844,77.16535433070865,70.07874015748031,7.086614173228346
E00084444,97,25,5,20,72,63,9,25.773195876288657,5.154639175257731,20.618556701030926,74.22680412371135,64.94845360824742,9.278350515463918
E00084445,164,41,26,15,123,100,23,25,15.853658536585366,9.146341463414634,75,60.97560975609756,14.02439024390244
E00084446,128,40,17,23,88,67,21,31.25,13.28125,17.96875,68.75,52.34375,16.40625
E00084447,207,54,18,36,153,119,34,26.08695652173913,8.695652173913043,17.391304347826086,73.91304347826086,57.48792270531401,16.425120772946862
E00084450,132,44,16,28,88,70,18,33.33333333333333,12.121212121212121,21.21212121212121,66.66666666666666,53.03030303030303,13.636363636363635
E00084451,143,37,16,21,106,87,19,25.874125874125873,11.188811188811188,14.685314685314685,74.12587412587412,60.83916083916085,13.286713286713287
E00084453,164,47,22,25,117,97,20,28.65853658536585,13.414634146341465,15.24390243902439,71.34146341463415,59.14634146341463,12.195121951219512
E00084454,161,37,16,21,124,103,21,22.981366459627328,9.937888198757763,13.043478260869565,77.01863354037268,63.975155279503106,13.043478260869565
E00084456,70,21,9,12,49,43,6,30,12.857142857142856,17.142857142857142,70,61.42857142857143,8.571428571428571
E00084457,114,36,17,19,78,56,22,31.57894736842105,14.912280701754385,16.666666666666664,68.42105263157895,49.122807017543856,19.298245614035086
E00084458,127,38,15,23,89,77,12,29.92125984251969,11.811023622047244,18.11023622047244,70.07874015748031,60.629921259842526,9.448818897637794
E00084459,197,58,15,43,139,121,18,29.441624365482234,7.614213197969544,21.82741116751269,70.55837563451777,61.42131979695431,9.137055837563452
E00084460,116,28,9,19,88,81,7,24.137931034482758,7.758620689655173,16.379310344827587,75.86206896551724,69.82758620689656,6.0344827586206895
E00084461,165,49,17,32,116,107,9,29.6969696969697,10.303030303030303,19.393939393939394,70.3030303030303,64.84848484848484,5.454545454545454
E00084462,163,49,10,39,114,98,16,30.061349693251532,6.134969325153374,23.92638036809816,69.93865030674846,60.122699386503065,9.815950920245399
E00084463,92,30,9,21,62,53,9,32.608695652173914,9.782608695652174,22.82608695652174,67.3913043478261,57.608695652173914,9.782608695652174
E00084464,173,51,12,39,122,108,14,29.47976878612717,6.9364161849710975,22.54335260115607,70.52023121387283,62.42774566473989,8.092485549132949
E00084465,122,34,7,27,88,75,13,27.86885245901639,5.737704918032787,22.131147540983605,72.1311475409836,61.47540983606557,10.655737704918032
E00084466,237,62,19,43,175,150,25,26.160337552742618,8.016877637130802,18.143459915611814,73.83966244725738,63.29113924050633,10.548523206751055
E00084467,283,81,23,58,202,174,28,28.621908127208478,8.12720848056537,20.49469964664311,71.37809187279152,61.48409893992933,9.89399293286219
E00084468,198,55,20,35,143,125,18,27.77777777777778,10.1010101010101,17.67676767676768,72.22222222222221,63.13131313131313,9.090909090909092
E00084469,136,27,6,21,109,98,11,19.852941176470587,4.411764705882353,15.441176470588236,80.14705882352942,72.05882352941177,8.088235294117647
E00084470,129,38,14,24,91,76,15,29.457364341085274,10.852713178294573,18.6046511627907,70.54263565891473,58.91472868217055,11.627906976744185
E00084471,180,49,14,35,131,117,14,27.22222222222222,7.777777777777778,19.444444444444446,72.77777777777777,65,7.777777777777778
E00084472,115,30,7,23,85,65,20,26.08695652173913,6.086956521739131,20,73.91304347826086,56.52173913043478,17.391304347826086
E00084473,174,49,16,33,125,112,13,28.160919540229884,9.195402298850574,18.96551724137931,71.83908045977012,64.36781609195403,7.471264367816093
E00084474,135,32,9,23,103,87,16,23.703703703703706,6.666666666666667,17.037037037037038,76.29629629629629,64.44444444444444,11.851851851851853
E00084475,171,58,17,41,113,103,10,33.91812865497076,9.941520467836257,23.976608187134502,66.08187134502924,60.23391812865497,5.847953216374268
E00084476,139,33,9,24,106,91,15,23.741007194244602,6.474820143884892,17.26618705035971,76.2589928057554,65.46762589928058,10.79136690647482
E00084477,129,21,10,11,108,98,10,16.27906976744186,7.751937984496124,8.527131782945736,83.72093023255815,75.96899224806202,7.751937984496124
E00084478,128,38,18,20,90,87,3,29.6875,14.0625,15.625,70.3125,67.96875,2.34375
E00084479,147,42,12,30,105,101,4,28.57142857142857,8.16326530612245,20.408163265306122,71.42857142857143,68.70748299319727,2.7210884353741496
E00084480,136,34,14,20,102,87,15,25,10.294117647058822,14.705882352941178,75,63.970588235294116,11.029411764705882
E00084481,242,79,31,48,163,145,18,32.64462809917356,12.8099173553719,19.834710743801654,67.35537190082644,59.917355371900825,7.43801652892562
E00084482,159,40,16,24,119,102,17,25.157232704402517,10.062893081761008,15.09433962264151,74.84276729559748,64.15094339622641,10.69182389937107
E00084483,150,39,16,23,111,97,14,26,10.666666666666668,15.333333333333332,74,64.66666666666666,9.333333333333334
E00084484,152,53,18,35,99,85,14,34.868421052631575,11.842105263157894,23.026315789473685,65.13157894736842,55.92105263157895,9.210526315789473
E00084485,124,52,14,38,72,55,17,41.935483870967744,11.29032258064516,30.64516129032258,58.06451612903226,44.354838709677416,13.709677419354838
E00084486,148,54,21,33,94,82,12,36.486486486486484,14.18918918918919,22.2972972972973,63.51351351351351,55.4054054054054,8.108108108108109
E00084487,129,36,11,25,93,87,6,27.906976744186046,8.527131782945736,19.379844961240313,72.09302325581395,67.44186046511628,4.651162790697675
E00084488,185,58,22,36,127,113,14,31.351351351351354,11.891891891891893,19.45945945945946,68.64864864864865,61.08108108108108,7.567567567567568
E00084489,149,47,22,25,102,91,11,31.543624161073826,14.76510067114094,16.778523489932887,68.45637583892618,61.07382550335571,7.38255033557047
E00084490,158,42,11,31,116,102,14,26.582278481012654,6.962025316455696,19.62025316455696,73.41772151898735,64.55696202531645,8.860759493670885
E00084491,203,51,18,33,152,135,17,25.12315270935961,8.866995073891626,16.25615763546798,74.8768472906404,66.50246305418719,8.374384236453201
E00084492,108,33,8,25,75,67,8,30.555555555555557,7.4074074074074066,23.14814814814815,69.44444444444444,62.03703703703704,7.4074074074074066
E00084493,156,39,13,26,117,107,10,25,8.333333333333332,16.666666666666664,75,68.58974358974359,6.41025641025641
E00084495,154,53,9,44,101,89,12,34.41558441558442,5.844155844155844,28.57142857142857,65.5844155844156,57.7922077922078,7.792207792207792
E00084496,131,39,12,27,92,83,9,29.770992366412212,9.16030534351145,20.610687022900763,70.22900763358778,63.358778625954194,6.870229007633588
E00084497,147,60,18,42,87,74,13,40.816326530612244,12.244897959183673,28.57142857142857,59.183673469387756,50.34013605442177,8.843537414965986
E00084498,136,59,17,42,77,67,10,43.38235294117647,12.5,30.88235294117647,56.61764705882353,49.26470588235294,7.352941176470589
E00084499,137,58,16,42,79,70,9,42.33576642335766,11.678832116788321,30.656934306569344,57.66423357664233,51.09489051094891,6.569343065693431
E00084500,175,68,20,48,107,91,16,38.857142857142854,11.428571428571429,27.42857142857143,61.142857142857146,52,9.142857142857142
E00084501,88,33,6,27,55,44,11,37.5,6.8181818181818175,30.681818181818183,62.5,50,12.5
E00084502,169,47,10,37,122,112,10,27.810650887573964,5.9171597633136095,21.893491124260358,72.18934911242604,66.27218934911244,5.9171597633136095
E00084503,135,47,18,29,88,81,7,34.81481481481482,13.333333333333334,21.48148148148148,65.18518518518519,60,5.185185185185185
E00084504,254,68,23,45,186,164,22,26.77165354330709,9.05511811023622,17.716535433070867,73.22834645669292,64.56692913385827,8.661417322834646
E00084505,163,50,18,32,113,100,13,30.67484662576687,11.042944785276074,19.631901840490798,69.32515337423312,61.34969325153374,7.975460122699387
E00084506,191,60,21,39,131,114,17,31.413612565445025,10.99476439790576,20.418848167539267,68.58638743455498,59.68586387434554,8.900523560209423
E00084508,234,65,27,38,169,147,22,27.77777777777778,11.538461538461538,16.23931623931624,72.22222222222221,62.82051282051282,9.401709401709402
E00084509,188,46,13,33,142,131,11,24.46808510638298,6.914893617021277,17.5531914893617,75.53191489361703,69.68085106382979,5.851063829787234
E00084510,198,46,13,33,152,132,20,23.232323232323232,6.565656565656567,16.666666666666664,76.76767676767676,66.66666666666666,10.1010101010101
E00084511,188,48,18,30,140,124,16,25.53191489361702,9.574468085106384,15.957446808510639,74.46808510638297,65.95744680851064,8.51063829787234
E00084513,179,41,10,31,138,116,22,22.905027932960895,5.58659217877095,17.318435754189945,77.09497206703911,64.80446927374301,12.290502793296088
E00084517,167,47,13,34,120,105,15,28.143712574850298,7.784431137724551,20.359281437125748,71.8562874251497,62.874251497005986,8.982035928143713
E00084518,190,40,11,29,150,128,22,21.052631578947366,5.7894736842105265,15.263157894736842,78.94736842105263,67.36842105263158,11.578947368421053
E00084519,167,51,14,37,116,105,11,30.538922155688624,8.383233532934131,22.15568862275449,69.46107784431138,62.874251497005986,6.58682634730539
E00084520,272,63,16,47,209,175,34,23.161764705882355,5.88235294117647,17.27941176470588,76.83823529411765,64.33823529411765,12.5
E00084522,199,49,18,31,150,128,22,24.623115577889447,9.045226130653267,15.577889447236181,75.37688442211056,64.321608040201,11.055276381909549
E00084523,174,35,13,22,139,125,14,20.114942528735632,7.471264367816093,12.643678160919542,79.88505747126436,71.83908045977012,8.045977011494253
E00084524,118,44,17,27,74,67,7,37.28813559322034,14.40677966101695,22.88135593220339,62.71186440677966,56.779661016949156,5.932203389830509
E00084525,144,32,10,22,112,96,16,22.22222222222222,6.944444444444445,15.277777777777779,77.77777777777779,66.66666666666666,11.11111111111111
E00084526,185,31,10,21,154,131,23,16.756756756756758,5.405405405405405,11.351351351351353,83.24324324324324,70.8108108108108,12.432432432432433
E00084527,181,45,14,31,136,116,20,24.861878453038674,7.734806629834254,17.12707182320442,75.13812154696133,64.08839779005525,11.049723756906078
E00084528,174,37,15,22,137,128,9,21.26436781609195,8.620689655172415,12.643678160919542,78.73563218390804,73.5632183908046,5.172413793103448
E00084529,177,46,18,28,131,114,17,25.98870056497175,10.16949152542373,15.819209039548024,74.01129943502825,64.40677966101694,9.6045197740113
E00084530,179,46,16,30,133,115,18,25.69832402234637,8.938547486033519,16.75977653631285,74.30167597765363,64.24581005586593,10.05586592178771
E00084531,194,46,19,27,148,127,21,23.711340206185564,9.793814432989691,13.917525773195877,76.28865979381443,65.4639175257732,10.824742268041238
E00084532,174,51,17,34,123,108,15,29.310344827586203,9.770114942528735,19.54022988505747,70.6896551724138,62.06896551724138,8.620689655172415
E00084533,184,53,14,39,131,114,17,28.804347826086957,7.608695652173914,21.195652173913043,71.19565217391305,61.95652173913043,9.239130434782608
E00084534,181,43,12,31,138,123,15,23.756906077348066,6.629834254143646,17.12707182320442,76.24309392265194,67.95580110497238,8.287292817679557
E00084535,232,55,18,37,177,162,15,23.70689655172414,7.758620689655173,15.948275862068966,76.29310344827587,69.82758620689656,6.4655172413793105
E00084536,159,51,21,30,108,91,17,32.075471698113205,13.20754716981132,18.867924528301888,67.9245283018868,57.23270440251572,10.69182389937107
E00084537,176,44,15,29,132,113,19,25,8.522727272727272,16.477272727272727,75,64.20454545454545,10.795454545454545
E00084538,156,28,12,16,128,118,10,17.94871794871795,7.6923076923076925,10.256410256410255,82.05128205128204,75.64102564102564,6.41025641025641
E00084539,228,43,18,25,185,161,24,18.859649122807017,7.894736842105263,10.964912280701753,81.14035087719299,70.6140350877193,10.526315789473683
E00084540,195,55,20,35,140,124,16,28.205128205128204,10.256410256410255,17.94871794871795,71.7948717948718,63.589743589743584,8.205128205128204
E00084541,316,77,32,45,239,189,50,24.367088607594937,10.126582278481013,14.240506329113925,75.63291139240506,59.81012658227848,15.822784810126583
E00084542,130,33,11,22,97,88,9,25.384615384615383,8.461538461538462,16.923076923076923,74.61538461538461,67.6923076923077,6.923076923076923
E00084543,201,55,26,29,146,124,22,27.363184079601986,12.935323383084576,14.427860696517413,72.636815920398,61.69154228855721,10.945273631840797
E00084544,132,50,17,33,82,70,12,37.878787878787875,12.878787878787879,25,62.121212121212125,53.03030303030303,9.090909090909092
E00084546,134,39,9,30,95,85,10,29.1044776119403,6.7164179104477615,22.388059701492537,70.8955223880597,63.43283582089553,7.462686567164178
E00084547,184,30,7,23,154,134,20,16.304347826086957,3.804347826086957,12.5,83.69565217391305,72.82608695652173,10.869565217391305
E00084548,233,72,29,43,161,139,22,30.90128755364807,12.446351931330472,18.4549356223176,69.09871244635193,59.65665236051502,9.44206008583691
E00084549,210,57,28,29,153,128,25,27.142857142857142,13.333333333333334,13.80952380952381,72.85714285714285,60.952380952380956,11.904761904761903
E00084550,158,43,14,29,115,104,11,27.21518987341772,8.860759493670885,18.354430379746837,72.78481012658227,65.82278481012658,6.962025316455696
E00084551,132,33,6,27,99,88,11,25,4.545454545454546,20.454545454545457,75,66.66666666666666,8.333333333333332
E00084552,168,34,7,27,134,120,14,20.238095238095237,4.166666666666666,16.071428571428573,79.76190476190477,71.42857142857143,8.333333333333332
E00084553,153,34,8,26,119,105,14,22.22222222222222,5.228758169934641,16.99346405228758,77.77777777777779,68.62745098039215,9.15032679738562
E00084554,165,31,5,26,134,122,12,18.787878787878785,3.0303030303030303,15.757575757575756,81.21212121212122,73.93939393939394,7.2727272727272725
E00084555,164,40,13,27,124,108,16,24.390243902439025,7.926829268292683,16.463414634146343,75.60975609756098,65.85365853658537,9.75609756097561
E00084556,109,33,5,28,76,68,8,30.275229357798167,4.587155963302752,25.688073394495415,69.72477064220183,62.38532110091744,7.339449541284404
E00084557,118,30,9,21,88,77,11,25.423728813559322,7.627118644067797,17.796610169491526,74.57627118644068,65.2542372881356,9.322033898305085
E00084558,158,40,7,33,118,104,14,25.31645569620253,4.430379746835443,20.88607594936709,74.68354430379746,65.82278481012658,8.860759493670885
E00084559,121,21,6,15,100,89,11,17.355371900826448,4.958677685950414,12.396694214876034,82.64462809917356,73.55371900826447,9.090909090909092
E00084560,144,40,21,19,104,97,7,27.77777777777778,14.583333333333334,13.194444444444445,72.22222222222221,67.36111111111111,4.861111111111112
E00084561,192,51,16,35,141,121,20,26.5625,8.333333333333332,18.229166666666664,73.4375,63.020833333333336,10.416666666666668
E00084562,128,24,6,18,104,88,16,18.75,4.6875,14.0625,81.25,68.75,12.5
E00084563,142,28,11,17,114,101,13,19.718309859154928,7.746478873239436,11.971830985915492,80.28169014084507,71.12676056338029,9.15492957746479
E00084564,148,38,14,24,110,91,19,25.675675675675674,9.45945945945946,16.216216216216218,74.32432432432432,61.48648648648649,12.837837837837837
E00084565,162,46,21,25,116,101,15,28.39506172839506,12.962962962962962,15.432098765432098,71.60493827160494,62.34567901234568,9.25925925925926
E00084566,157,33,11,22,124,111,13,21.019108280254777,7.006369426751593,14.012738853503185,78.98089171974523,70.70063694267516,8.280254777070063
E00084567,182,45,16,29,137,116,21,24.725274725274726,8.791208791208792,15.934065934065933,75.27472527472527,63.73626373626373,11.538461538461538
E00084568,154,42,11,31,112,95,17,27.27272727272727,7.142857142857142,20.12987012987013,72.72727272727273,61.68831168831169,11.03896103896104
E00084569,203,50,15,35,153,122,31,24.63054187192118,7.389162561576355,17.24137931034483,75.36945812807882,60.09852216748769,15.270935960591133
E00084570,141,36,11,25,105,90,15,25.53191489361702,7.801418439716312,17.73049645390071,74.46808510638297,63.829787234042556,10.638297872340425
E00084571,78,25,10,15,53,41,12,32.05128205128205,12.82051282051282,19.230769230769234,67.94871794871796,52.56410256410257,15.384615384615385
E00084572,165,39,14,25,126,103,23,23.636363636363637,8.484848484848486,15.151515151515152,76.36363636363637,62.42424242424243,13.939393939393941
E00084573,145,38,13,25,107,92,15,26.20689655172414,8.96551724137931,17.24137931034483,73.79310344827587,63.44827586206897,10.344827586206897
E00084575,104,30,9,21,74,67,7,28.846153846153843,8.653846153846153,20.192307692307693,71.15384615384616,64.42307692307693,6.730769230769231
E00084576,131,34,9,25,97,88,9,25.954198473282442,6.870229007633588,19.083969465648856,74.04580152671755,67.17557251908397,6.870229007633588
E00084577,159,37,19,18,122,102,20,23.270440251572328,11.949685534591195,11.320754716981133,76.72955974842768,64.15094339622641,12.578616352201259
E00084578,304,91,29,62,213,155,58,29.93421052631579,9.539473684210527,20.394736842105264,70.06578947368422,50.98684210526315,19.078947368421055
E00084579,151,47,15,32,104,90,14,31.125827814569533,9.933774834437086,21.192052980132452,68.87417218543047,59.60264900662252,9.271523178807946
E00084580,147,34,13,21,113,100,13,23.12925170068027,8.843537414965986,14.285714285714285,76.87074829931973,68.02721088435374,8.843537414965986
E00084582,152,45,16,29,107,95,12,29.605263157894733,10.526315789473683,19.078947368421055,70.39473684210526,62.5,7.894736842105263
E00084583,152,47,16,31,105,92,13,30.92105263157895,10.526315789473683,20.394736842105264,69.07894736842105,60.526315789473685,8.552631578947368
E00084584,157,55,23,32,102,93,9,35.03184713375796,14.64968152866242,20.382165605095544,64.96815286624204,59.23566878980891,5.7324840764331215
E00084585,157,39,18,21,118,97,21,24.840764331210192,11.464968152866243,13.375796178343949,75.15923566878982,61.78343949044586,13.375796178343949
E00084586,85,28,9,19,57,48,9,32.94117647058823,10.588235294117647,22.35294117647059,67.05882352941175,56.470588235294116,10.588235294117647
E00084587,148,51,15,36,97,89,8,34.45945945945946,10.135135135135135,24.324324324324326,65.54054054054053,60.13513513513513,5.405405405405405
E00084588,175,54,16,38,121,105,16,30.857142857142854,9.142857142857142,21.714285714285715,69.14285714285714,60,9.142857142857142
E00084589,168,51,25,26,117,102,15,30.357142857142854,14.880952380952381,15.476190476190476,69.64285714285714,60.71428571428571,8.928571428571429
E00084590,123,25,10,15,98,92,6,20.32520325203252,8.130081300813007,12.195121951219512,79.67479674796748,74.79674796747967,4.878048780487805
E00084591,178,53,22,31,125,102,23,29.775280898876407,12.359550561797752,17.415730337078653,70.2247191011236,57.30337078651685,12.921348314606742
E00084592,163,50,20,30,113,99,14,30.67484662576687,12.269938650306749,18.404907975460123,69.32515337423312,60.73619631901841,8.588957055214724
E00084593,140,34,12,22,106,88,18,24.285714285714285,8.571428571428571,15.714285714285714,75.71428571428571,62.857142857142854,12.857142857142856
E00084594,149,35,8,27,114,99,15,23.48993288590604,5.369127516778524,18.120805369127517,76.51006711409396,66.44295302013423,10.06711409395973
E00084595,192,47,16,31,145,121,24,24.479166666666664,8.333333333333332,16.145833333333336,75.52083333333334,63.020833333333336,12.5
E00084596,145,46,17,29,99,84,15,31.724137931034484,11.724137931034482,20,68.27586206896552,57.931034482758626,10.344827586206897
E00084597,157,44,16,28,113,92,21,28.02547770700637,10.191082802547772,17.8343949044586,71.97452229299363,58.59872611464968,13.375796178343949
E00084598,107,28,11,17,79,69,10,26.168224299065418,10.2803738317757,15.887850467289718,73.83177570093457,64.48598130841121,9.345794392523365
E00084599,55,16,11,5,39,34,5,29.09090909090909,20,9.090909090909092,70.9090909090909,61.81818181818181,9.090909090909092
E00084600,148,36,12,24,112,92,20,24.324324324324326,8.108108108108109,16.216216216216218,75.67567567567568,62.16216216216216,13.513513513513514
E00084601,146,37,12,25,109,92,17,25.34246575342466,8.21917808219178,17.123287671232877,74.65753424657534,63.013698630136986,11.643835616438356
E00084602,134,29,11,18,105,89,16,21.641791044776117,8.208955223880597,13.432835820895523,78.35820895522389,66.4179104477612,11.940298507462686
E00084603,126,38,10,28,88,85,3,30.158730158730158,7.936507936507936,22.22222222222222,69.84126984126983,67.46031746031747,2.380952380952381
E00084604,111,34,16,18,77,62,15,30.630630630630627,14.414414414414415,16.216216216216218,69.36936936936937,55.85585585585585,13.513513513513514
E00084605,168,45,19,26,123,111,12,26.785714285714285,11.30952380952381,15.476190476190476,73.21428571428571,66.07142857142857,7.142857142857142
E00084606,127,32,11,21,95,78,17,25.196850393700785,8.661417322834646,16.535433070866144,74.80314960629921,61.417322834645674,13.385826771653544
E00084607,163,38,13,25,125,109,16,23.31288343558282,7.975460122699387,15.337423312883436,76.68711656441718,66.87116564417178,9.815950920245399
E00084608,140,32,13,19,108,97,11,22.857142857142858,9.285714285714286,13.571428571428571,77.14285714285715,69.28571428571428,7.857142857142857
E00084609,164,49,17,32,115,98,17,29.878048780487802,10.365853658536585,19.51219512195122,70.1219512195122,59.756097560975604,10.365853658536585
E00084610,175,53,23,30,122,115,7,30.28571428571429,13.142857142857142,17.142857142857142,69.71428571428572,65.71428571428571,4
E00084611,177,52,17,35,125,111,14,29.37853107344633,9.6045197740113,19.774011299435028,70.62146892655367,62.71186440677966,7.909604519774012
E00084612,189,47,17,30,142,128,14,24.867724867724867,8.994708994708994,15.873015873015872,75.13227513227513,67.72486772486772,7.4074074074074066
E00084613,166,42,15,27,124,115,9,25.301204819277107,9.036144578313253,16.265060240963855,74.69879518072288,69.27710843373494,5.421686746987952
E00084615,171,48,13,35,123,108,15,28.07017543859649,7.602339181286549,20.46783625730994,71.9298245614035,63.1578947368421,8.771929824561402
E00084616,151,35,13,22,116,97,19,23.178807947019866,8.609271523178808,14.56953642384106,76.82119205298014,64.23841059602648,12.582781456953644
E00084617,198,49,24,25,149,129,20,24.747474747474747,12.121212121212121,12.626262626262626,75.25252525252525,65.15151515151516,10.1010101010101
E00084618,182,44,12,32,138,117,21,24.175824175824175,6.593406593406594,17.582417582417584,75.82417582417582,64.28571428571429,11.538461538461538
E00084619,187,59,22,37,128,104,24,31.550802139037433,11.76470588235294,19.786096256684495,68.44919786096256,55.61497326203209,12.834224598930483
E00084620,183,51,18,33,132,115,17,27.86885245901639,9.836065573770492,18.0327868852459,72.1311475409836,62.841530054644814,9.289617486338798
E00084621,161,41,9,32,120,112,8,25.465838509316768,5.590062111801243,19.875776397515526,74.53416149068323,69.56521739130434,4.968944099378882
E00084622,160,38,11,27,122,109,13,23.75,6.875000000000001,16.875,76.25,68.125,8.125
E00084623,103,27,0,27,76,71,5,26.21359223300971,0,26.21359223300971,73.7864077669903,68.93203883495146,4.854368932038835
E00084624,191,49,16,33,142,124,18,25.654450261780106,8.37696335078534,17.277486910994764,74.3455497382199,64.92146596858639,9.424083769633508
E00084625,137,41,14,27,96,82,14,29.927007299270077,10.218978102189782,19.708029197080293,70.07299270072993,59.854014598540154,10.218978102189782
E00084626,99,31,10,21,68,55,13,31.313131313131315,10.1010101010101,21.21212121212121,68.68686868686868,55.55555555555556,13.131313131313133
E00084627,110,33,8,25,77,65,12,30,7.2727272727272725,22.727272727272727,70,59.09090909090909,10.909090909090908
E00084628,154,50,19,31,104,87,17,32.467532467532465,12.337662337662337,20.12987012987013,67.53246753246754,56.493506493506494,11.03896103896104
E00084629,196,48,15,33,148,133,15,24.489795918367346,7.653061224489796,16.83673469387755,75.51020408163265,67.85714285714286,7.653061224489796
E00084630,166,34,11,23,132,110,22,20.481927710843372,6.626506024096386,13.855421686746988,79.51807228915662,66.26506024096386,13.253012048192772
E00084631,167,43,12,31,124,97,27,25.748502994011975,7.18562874251497,18.562874251497004,74.25149700598801,58.08383233532935,16.16766467065868
E00084632,153,40,14,26,113,96,17,26.143790849673206,9.15032679738562,16.99346405228758,73.8562091503268,62.745098039215684,11.11111111111111
E00084633,113,26,7,19,87,72,15,23.008849557522122,6.1946902654867255,16.8141592920354,76.99115044247787,63.716814159292035,13.274336283185843
E00084635,93,24,8,16,69,56,13,25.806451612903224,8.60215053763441,17.20430107526882,74.19354838709677,60.215053763440864,13.978494623655912
E00084636,312,57,21,36,255,210,45,18.269230769230766,6.730769230769231,11.538461538461538,81.73076923076923,67.3076923076923,14.423076923076922
E00084637,210,51,15,36,159,133,26,24.285714285714285,7.142857142857142,17.142857142857142,75.71428571428571,63.33333333333333,12.380952380952381
E00084638,142,38,9,29,104,96,8,26.76056338028169,6.338028169014084,20.422535211267608,73.23943661971832,67.6056338028169,5.633802816901409
E00084639,168,41,15,26,127,119,8,24.404761904761905,8.928571428571429,15.476190476190476,75.59523809523809,70.83333333333334,4.761904761904762
E00084640,173,34,10,24,139,117,22,19.653179190751445,5.780346820809249,13.872832369942195,80.34682080924856,67.63005780346822,12.716763005780345
E00084641,191,54,21,33,137,116,21,28.272251308900525,10.99476439790576,17.277486910994764,71.72774869109948,60.73298429319372,10.99476439790576
E00084642,100,29,6,23,71,57,14,28.999999999999996,6,23,71,56.99999999999999,14.000000000000002
E00084643,183,55,29,26,128,113,15,30.05464480874317,15.846994535519126,14.207650273224044,69.94535519125684,61.74863387978142,8.19672131147541
E00084644,144,36,7,29,108,95,13,25,4.861111111111112,20.13888888888889,75,65.97222222222221,9.027777777777777
E00084645,190,47,17,30,143,122,21,24.736842105263158,8.947368421052632,15.789473684210526,75.26315789473685,64.21052631578948,11.052631578947368
E00084646,189,46,23,23,143,115,28,24.33862433862434,12.16931216931217,12.16931216931217,75.66137566137566,60.84656084656085,14.814814814814813
E00084647,91,21,4,17,70,64,6,23.076923076923077,4.395604395604396,18.681318681318682,76.92307692307693,70.32967032967034,6.593406593406594
E00084648,175,51,23,28,124,98,26,29.142857142857142,13.142857142857142,16,70.85714285714285,56.00000000000001,14.857142857142858
E00084649,163,39,20,19,124,110,14,23.92638036809816,12.269938650306749,11.65644171779141,76.07361963190185,67.48466257668711,8.588957055214724
E00084650,200,50,15,35,150,133,17,25,7.5,17.5,75,66.5,8.5
E00084651,194,49,19,30,145,126,19,25.257731958762886,9.793814432989691,15.463917525773196,74.74226804123711,64.94845360824742,9.793814432989691
E00084652,168,38,16,22,130,115,15,22.61904761904762,9.523809523809524,13.095238095238097,77.38095238095238,68.45238095238095,8.928571428571429
E00084653,161,43,17,26,118,96,22,26.70807453416149,10.559006211180124,16.149068322981368,73.29192546583852,59.62732919254658,13.664596273291925
E00084654,173,52,21,31,121,96,25,30.057803468208093,12.138728323699421,17.91907514450867,69.94219653179191,55.49132947976878,14.450867052023122
E00084655,193,37,13,24,156,123,33,19.170984455958546,6.7357512953367875,12.435233160621761,80.82901554404145,63.730569948186535,17.098445595854923
E00084656,233,55,20,35,178,155,23,23.605150214592275,8.583690987124463,15.021459227467812,76.39484978540773,66.52360515021459,9.871244635193133
E00084657,185,45,11,34,140,123,17,24.324324324324326,5.9459459459459465,18.37837837837838,75.67567567567568,66.48648648648648,9.18918918918919
E00084658,154,45,19,26,109,91,18,29.22077922077922,12.337662337662337,16.883116883116884,70.77922077922078,59.09090909090909,11.688311688311687
E00084659,203,40,15,25,163,153,10,19.704433497536947,7.389162561576355,12.31527093596059,80.29556650246306,75.36945812807882,4.926108374384237
E00084660,188,51,18,33,137,123,14,27.127659574468083,9.574468085106384,17.5531914893617,72.87234042553192,65.42553191489363,7.446808510638298
E00084661,145,42,8,34,103,95,8,28.965517241379313,5.517241379310345,23.448275862068964,71.03448275862068,65.51724137931035,5.517241379310345
E00084662,114,42,14,28,72,68,4,36.84210526315789,12.280701754385964,24.561403508771928,63.1578947368421,59.64912280701754,3.508771929824561
E00084664,149,38,10,28,111,101,10,25.503355704697988,6.7114093959731544,18.79194630872483,74.49664429530202,67.78523489932886,6.7114093959731544
E00084666,201,48,18,30,153,136,17,23.88059701492537,8.955223880597014,14.925373134328357,76.11940298507463,67.66169154228857,8.45771144278607
E00084667,183,52,20,32,131,120,11,28.415300546448087,10.92896174863388,17.48633879781421,71.58469945355192,65.57377049180327,6.0109289617486334
E00084668,184,42,22,20,142,127,15,22.82608695652174,11.956521739130435,10.869565217391305,77.17391304347827,69.02173913043478,8.152173913043478
E00084669,143,50,11,39,93,81,12,34.96503496503497,7.6923076923076925,27.27272727272727,65.03496503496503,56.64335664335665,8.391608391608392
E00084670,216,55,20,35,161,140,21,25.462962962962965,9.25925925925926,16.203703703703702,74.53703703703704,64.81481481481481,9.722222222222223
E00084671,185,46,15,31,139,126,13,24.864864864864867,8.108108108108109,16.756756756756758,75.13513513513513,68.10810810810811,7.027027027027027
E00084674,175,48,11,37,127,101,26,27.42857142857143,6.2857142857142865,21.142857142857142,72.57142857142857,57.714285714285715,14.857142857142858
E00084678,133,30,14,16,103,76,27,22.55639097744361,10.526315789473683,12.030075187969924,77.44360902255639,57.14285714285714,20.30075187969925
E00084679,161,61,18,43,100,87,13,37.88819875776397,11.180124223602485,26.70807453416149,62.11180124223602,54.037267080745345,8.074534161490684
E00084680,303,64,24,40,239,215,24,21.122112211221122,7.920792079207921,13.2013201320132,78.87788778877888,70.95709570957096,7.920792079207921
E00084681,110,28,9,19,82,71,11,25.454545454545453,8.181818181818182,17.272727272727273,74.54545454545455,64.54545454545455,10
E00084682,93,21,11,10,72,63,9,22.58064516129032,11.827956989247312,10.75268817204301,77.41935483870968,67.74193548387096,9.67741935483871
E00084683,208,67,21,46,141,130,11,32.21153846153847,10.096153846153847,22.115384615384613,67.78846153846155,62.5,5.288461538461538
E00084684,221,56,17,39,165,149,16,25.339366515837103,7.6923076923076925,17.647058823529413,74.6606334841629,67.42081447963801,7.239819004524888
E00084686,218,46,14,32,172,148,24,21.100917431192663,6.422018348623854,14.678899082568808,78.89908256880734,67.88990825688074,11.009174311926607
E00084687,201,45,11,34,156,137,19,22.388059701492537,5.472636815920398,16.91542288557214,77.61194029850746,68.1592039800995,9.45273631840796
E00084688,172,44,15,29,128,116,12,25.581395348837212,8.720930232558139,16.86046511627907,74.4186046511628,67.44186046511628,6.976744186046512
E00084690,232,53,14,39,179,163,16,22.844827586206897,6.0344827586206895,16.810344827586206,77.15517241379311,70.25862068965517,6.896551724137931
E00084691,155,37,17,20,118,108,10,23.870967741935484,10.967741935483872,12.903225806451612,76.12903225806451,69.6774193548387,6.451612903225806
E00084692,103,40,18,22,63,59,4,38.83495145631068,17.475728155339805,21.35922330097087,61.165048543689316,57.28155339805825,3.8834951456310676
E00084693,144,33,11,22,111,99,12,22.916666666666664,7.638888888888889,15.277777777777779,77.08333333333334,68.75,8.333333333333332
E00084694,129,28,10,18,101,91,10,21.705426356589147,7.751937984496124,13.953488372093023,78.29457364341084,70.54263565891473,7.751937984496124
E00084695,128,32,12,20,96,78,18,25,9.375,15.625,75,60.9375,14.0625
E00084696,191,43,18,25,148,132,16,22.5130890052356,9.424083769633508,13.089005235602095,77.4869109947644,69.10994764397905,8.37696335078534
E00084697,175,49,17,32,126,114,12,28.000000000000004,9.714285714285714,18.285714285714285,72,65.14285714285715,6.857142857142858
E00084698,133,39,13,26,94,77,17,29.32330827067669,9.774436090225564,19.548872180451127,70.67669172932331,57.89473684210527,12.781954887218044
E00084699,167,48,16,32,119,105,14,28.74251497005988,9.580838323353294,19.16167664670659,71.25748502994011,62.874251497005986,8.383233532934131
E00084700,168,46,19,27,122,103,19,27.380952380952383,11.30952380952381,16.071428571428573,72.61904761904762,61.30952380952381,11.30952380952381
E00084701,135,40,19,21,95,82,13,29.629629629629626,14.074074074074074,15.555555555555555,70.37037037037037,60.74074074074074,9.62962962962963
E00084702,183,43,19,24,140,121,19,23.497267759562842,10.382513661202186,13.114754098360656,76.50273224043715,66.12021857923497,10.382513661202186
E00084703,124,33,9,24,91,83,8,26.61290322580645,7.258064516129033,19.35483870967742,73.38709677419355,66.93548387096774,6.451612903225806
E00084704,169,40,9,31,129,115,14,23.668639053254438,5.325443786982249,18.34319526627219,76.33136094674556,68.04733727810651,8.284023668639055
E00084705,126,40,13,27,86,78,8,31.746031746031743,10.317460317460316,21.428571428571427,68.25396825396825,61.904761904761905,6.349206349206349
E00084706,111,25,7,18,86,70,16,22.52252252252252,6.306306306306306,16.216216216216218,77.47747747747748,63.06306306306306,14.414414414414415
E00084707,130,32,13,19,98,79,19,24.615384615384617,10,14.615384615384617,75.38461538461539,60.76923076923077,14.615384615384617
E00084708,168,51,18,33,117,101,16,30.357142857142854,10.714285714285714,19.642857142857142,69.64285714285714,60.11904761904761,9.523809523809524
E00084709,160,39,15,24,121,104,17,24.375,9.375,15,75.625,65,10.625
E00084710,157,47,13,34,110,96,14,29.936305732484076,8.280254777070063,21.656050955414013,70.06369426751591,61.146496815286625,8.9171974522293
E00084711,137,48,20,28,89,76,13,35.03649635036496,14.5985401459854,20.437956204379564,64.96350364963503,55.47445255474452,9.48905109489051
E00084712,196,41,15,26,155,147,8,20.918367346938776,7.653061224489796,13.26530612244898,79.08163265306123,75,4.081632653061225
E00084713,185,47,12,35,138,127,11,25.405405405405407,6.486486486486487,18.91891891891892,74.5945945945946,68.64864864864865,5.9459459459459465
E00084715,91,29,4,25,62,55,7,31.868131868131865,4.395604395604396,27.472527472527474,68.13186813186813,60.43956043956044,7.6923076923076925
E00084716,83,26,5,21,57,50,7,31.32530120481928,6.024096385542169,25.301204819277107,68.67469879518072,60.24096385542169,8.433734939759036
E00084717,171,46,14,32,125,115,10,26.900584795321635,8.187134502923977,18.71345029239766,73.09941520467837,67.2514619883041,5.847953216374268
E00084718,164,53,22,31,111,100,11,32.31707317073171,13.414634146341465,18.902439024390244,67.6829268292683,60.97560975609756,6.707317073170732
E00084719,175,48,20,28,127,105,22,27.42857142857143,11.428571428571429,16,72.57142857142857,60,12.571428571428573
E00084720,147,49,19,30,98,86,12,33.33333333333333,12.925170068027212,20.408163265306122,66.66666666666666,58.50340136054422,8.16326530612245
E00084721,138,37,13,24,101,91,10,26.811594202898554,9.420289855072465,17.391304347826086,73.18840579710145,65.94202898550725,7.246376811594203
E00084722,191,51,21,30,140,128,12,26.701570680628272,10.99476439790576,15.706806282722512,73.29842931937172,67.01570680628272,6.282722513089005
E00084723,131,41,18,23,90,73,17,31.297709923664126,13.740458015267176,17.557251908396946,68.70229007633588,55.72519083969466,12.977099236641221
E00084724,183,44,12,32,139,124,15,24.043715846994534,6.557377049180328,17.48633879781421,75.95628415300546,67.75956284153006,8.19672131147541
E00084725,161,40,13,27,121,109,12,24.84472049689441,8.074534161490684,16.77018633540373,75.15527950310559,67.70186335403726,7.453416149068323
E00084726,174,47,15,32,127,105,22,27.011494252873565,8.620689655172415,18.39080459770115,72.98850574712644,60.3448275862069,12.643678160919542
E00084727,166,39,14,25,127,108,19,23.49397590361446,8.433734939759036,15.060240963855422,76.50602409638554,65.06024096385542,11.44578313253012
E00084728,132,21,7,14,111,93,18,15.909090909090908,5.303030303030303,10.606060606060606,84.0909090909091,70.45454545454545,13.636363636363635
E00084729,152,42,21,21,110,96,14,27.631578947368425,13.815789473684212,13.815789473684212,72.36842105263158,63.1578947368421,9.210526315789473
E00084730,186,52,19,33,134,124,10,27.956989247311824,10.21505376344086,17.741935483870968,72.04301075268818,66.66666666666666,5.376344086021505
E00084731,187,51,25,26,136,116,20,27.27272727272727,13.368983957219251,13.903743315508022,72.72727272727273,62.03208556149733,10.695187165775401
E00084732,279,67,26,41,212,184,28,24.014336917562723,9.31899641577061,14.695340501792115,75.98566308243727,65.94982078853047,10.03584229390681
E00084733,160,47,22,25,113,92,21,29.375,13.750000000000002,15.625,70.625,57.49999999999999,13.125
E00084734,212,55,16,39,157,140,17,25.943396226415093,7.547169811320755,18.39622641509434,74.05660377358491,66.0377358490566,8.018867924528301
E00084735,162,38,10,28,124,107,17,23.456790123456788,6.172839506172839,17.28395061728395,76.5432098765432,66.0493827160494,10.493827160493826
E00084736,188,54,21,33,134,110,24,28.723404255319153,11.170212765957446,17.5531914893617,71.27659574468085,58.51063829787234,12.76595744680851
E00084737,181,51,18,33,130,110,20,28.176795580110497,9.94475138121547,18.23204419889503,71.8232044198895,60.773480662983424,11.049723756906078
E00084738,81,20,7,13,61,47,14,24.691358024691358,8.641975308641975,16.049382716049383,75.30864197530865,58.0246913580247,17.28395061728395
E00084739,207,70,25,45,137,112,25,33.81642512077295,12.077294685990339,21.73913043478261,66.18357487922705,54.106280193236714,12.077294685990339
E00084740,145,41,20,21,104,86,18,28.27586206896552,13.793103448275861,14.482758620689657,71.72413793103448,59.310344827586206,12.413793103448276
E00084742,130,37,10,27,93,69,24,28.46153846153846,7.6923076923076925,20.76923076923077,71.53846153846153,53.07692307692308,18.461538461538463
E00084744,171,49,22,27,122,88,34,28.654970760233915,12.865497076023392,15.789473684210526,71.34502923976608,51.461988304093566,19.883040935672515
E00084745,163,46,19,27,117,93,24,28.22085889570552,11.65644171779141,16.56441717791411,71.77914110429448,57.05521472392638,14.723926380368098
E00084746,144,39,9,30,105,84,21,27.083333333333332,6.25,20.833333333333336,72.91666666666666,58.333333333333336,14.583333333333334
E00084747,148,46,22,24,102,88,14,31.08108108108108,14.864864864864865,16.216216216216218,68.91891891891892,59.45945945945946,9.45945945945946
E00084748,174,55,20,35,119,103,16,31.60919540229885,11.494252873563218,20.114942528735632,68.39080459770115,59.195402298850574,9.195402298850574
E00084749,193,53,23,30,140,104,36,27.461139896373055,11.917098445595855,15.544041450777202,72.53886010362694,53.8860103626943,18.65284974093264
E00084750,102,26,11,15,76,60,16,25.49019607843137,10.784313725490197,14.705882352941178,74.50980392156863,58.82352941176471,15.686274509803921
E00084751,156,47,20,27,109,90,19,30.128205128205128,12.82051282051282,17.307692307692307,69.87179487179486,57.692307692307686,12.179487179487179
E00084752,124,37,13,24,87,74,13,29.838709677419356,10.483870967741936,19.35483870967742,70.16129032258065,59.67741935483871,10.483870967741936
E00084753,227,60,17,43,167,131,36,26.431718061674008,7.488986784140969,18.94273127753304,73.568281938326,57.70925110132159,15.859030837004406
E00084754,165,50,17,33,115,90,25,30.303030303030305,10.303030303030303,20,69.6969696969697,54.54545454545454,15.151515151515152
E00084755,169,41,10,31,128,102,26,24.2603550295858,5.9171597633136095,18.34319526627219,75.7396449704142,60.35502958579882,15.384615384615385
E00084756,272,70,21,49,202,160,42,25.735294117647058,7.720588235294118,18.014705882352942,74.26470588235294,58.82352941176471,15.441176470588236
E00084757,160,54,20,34,106,86,20,33.75,12.5,21.25,66.25,53.75,12.5
E00084758,155,46,13,33,109,93,16,29.677419354838708,8.38709677419355,21.29032258064516,70.3225806451613,60,10.32258064516129
E00084759,163,53,16,37,110,82,28,32.515337423312886,9.815950920245399,22.699386503067483,67.48466257668711,50.306748466257666,17.177914110429448
E00084760,158,50,18,32,108,84,24,31.645569620253166,11.39240506329114,20.253164556962027,68.35443037974683,53.16455696202531,15.18987341772152
E00084761,108,32,13,19,76,67,9,29.629629629629626,12.037037037037036,17.59259259259259,70.37037037037037,62.03703703703704,8.333333333333332
E00084762,144,37,11,26,107,77,30,25.694444444444443,7.638888888888889,18.055555555555554,74.30555555555556,53.47222222222222,20.833333333333336
E00084763,118,42,17,25,76,59,17,35.59322033898305,14.40677966101695,21.1864406779661,64.40677966101694,50,14.40677966101695
E00084764,120,37,15,22,83,72,11,30.833333333333336,12.5,18.333333333333332,69.16666666666667,60,9.166666666666666
E00084765,119,41,16,25,78,62,16,34.45378151260504,13.445378151260504,21.008403361344538,65.54621848739495,52.10084033613446,13.445378151260504
E00084766,128,36,12,24,92,59,33,28.125,9.375,18.75,71.875,46.09375,25.78125
E00084767,158,46,22,24,112,91,21,29.11392405063291,13.924050632911392,15.18987341772152,70.88607594936708,57.59493670886076,13.291139240506327
E00084769,142,44,22,22,98,75,23,30.985915492957744,15.492957746478872,15.492957746478872,69.01408450704226,52.816901408450704,16.19718309859155
E00084771,67,15,6,9,52,38,14,22.388059701492537,8.955223880597014,13.432835820895523,77.61194029850746,56.71641791044776,20.8955223880597
E00084772,66,24,14,10,42,32,10,36.36363636363637,21.21212121212121,15.151515151515152,63.63636363636363,48.484848484848484,15.151515151515152
E00084773,171,44,17,27,127,97,30,25.730994152046783,9.941520467836257,15.789473684210526,74.26900584795322,56.72514619883041,17.543859649122805
E00084774,99,37,17,20,62,52,10,37.37373737373738,17.17171717171717,20.2020202020202,62.62626262626263,52.52525252525253,10.1010101010101
E00084775,89,25,9,16,64,50,14,28.08988764044944,10.112359550561797,17.97752808988764,71.91011235955057,56.17977528089888,15.730337078651685
E00084776,147,39,20,19,108,80,28,26.53061224489796,13.60544217687075,12.925170068027212,73.46938775510205,54.421768707483,19.047619047619047
E00084777,122,31,14,17,91,75,16,25.40983606557377,11.475409836065573,13.934426229508196,74.59016393442623,61.47540983606557,13.114754098360656
E00084778,175,49,20,29,126,94,32,28.000000000000004,11.428571428571429,16.57142857142857,72,53.714285714285715,18.285714285714285
E00084779,148,44,13,31,104,80,24,29.72972972972973,8.783783783783784,20.945945945945947,70.27027027027027,54.054054054054056,16.216216216216218
E00084780,136,40,17,23,96,69,27,29.411764705882355,12.5,16.911764705882355,70.58823529411765,50.73529411764706,19.852941176470587
E00084781,90,37,12,25,53,45,8,41.11111111111111,13.333333333333334,27.77777777777778,58.88888888888889,50,8.88888888888889
E00084782,104,33,17,16,71,56,15,31.73076923076923,16.346153846153847,15.384615384615385,68.26923076923077,53.84615384615385,14.423076923076922
E00084783,196,63,19,44,133,110,23,32.142857142857146,9.693877551020408,22.448979591836736,67.85714285714286,56.12244897959183,11.73469387755102
E00084784,187,52,16,36,135,124,11,27.807486631016044,8.55614973262032,19.25133689839572,72.19251336898395,66.31016042780749,5.88235294117647
E00084785,130,27,12,15,103,92,11,20.76923076923077,9.230769230769232,11.538461538461538,79.23076923076923,70.76923076923077,8.461538461538462
E00084786,147,48,11,37,99,85,14,32.6530612244898,7.482993197278912,25.170068027210885,67.3469387755102,57.82312925170068,9.523809523809524
E00084787,148,35,13,22,113,100,13,23.64864864864865,8.783783783783784,14.864864864864865,76.35135135135135,67.56756756756756,8.783783783783784
E00084788,174,41,16,25,133,121,12,23.563218390804597,9.195402298850574,14.367816091954023,76.4367816091954,69.54022988505747,6.896551724137931
E00084789,182,59,19,40,123,111,12,32.417582417582416,10.43956043956044,21.978021978021978,67.58241758241759,60.98901098901099,6.593406593406594
E00084790,177,42,13,29,135,124,11,23.728813559322035,7.344632768361582,16.38418079096045,76.27118644067797,70.05649717514125,6.214689265536723
E00084791,151,44,13,31,107,91,16,29.13907284768212,8.609271523178808,20.52980132450331,70.86092715231787,60.264900662251655,10.596026490066226
E00084792,159,29,9,20,130,117,13,18.238993710691823,5.660377358490567,12.578616352201259,81.76100628930818,73.58490566037736,8.176100628930817
E00084793,159,48,17,31,111,98,13,30.18867924528302,10.69182389937107,19.49685534591195,69.81132075471697,61.63522012578616,8.176100628930817
E00084794,153,46,14,32,107,90,17,30.065359477124183,9.15032679738562,20.915032679738562,69.93464052287581,58.82352941176471,11.11111111111111
E00084795,178,55,17,38,123,108,15,30.89887640449438,9.550561797752808,21.34831460674157,69.10112359550563,60.67415730337079,8.426966292134832
E00084796,90,17,7,10,73,59,14,18.88888888888889,7.777777777777778,11.11111111111111,81.11111111111111,65.55555555555556,15.555555555555555
E00084797,234,69,25,44,165,143,22,29.48717948717949,10.683760683760683,18.803418803418804,70.51282051282051,61.111111111111114,9.401709401709402
E00084798,181,56,21,35,125,118,7,30.939226519337016,11.602209944751381,19.337016574585636,69.06077348066299,65.19337016574586,3.867403314917127
E00084799,184,61,19,42,123,110,13,33.15217391304348,10.326086956521738,22.82608695652174,66.84782608695652,59.78260869565217,7.065217391304348
E00084800,179,46,13,33,133,116,17,25.69832402234637,7.262569832402235,18.435754189944134,74.30167597765363,64.80446927374301,9.497206703910614
E00084801,215,64,22,42,151,138,13,29.767441860465116,10.232558139534884,19.53488372093023,70.23255813953489,64.18604651162791,6.046511627906977
E00084802,147,43,11,32,104,95,9,29.25170068027211,7.482993197278912,21.768707482993197,70.74829931972789,64.62585034013605,6.122448979591836
E00084803,146,37,12,25,109,96,13,25.34246575342466,8.21917808219178,17.123287671232877,74.65753424657534,65.75342465753424,8.904109589041095
E00084804,137,30,9,21,107,96,11,21.897810218978105,6.569343065693431,15.328467153284672,78.1021897810219,70.07299270072993,8.02919708029197
E00084805,211,53,16,37,158,142,16,25.118483412322274,7.5829383886255926,17.535545023696685,74.88151658767772,67.29857819905213,7.5829383886255926
E00084806,143,33,8,25,110,103,7,23.076923076923077,5.594405594405594,17.482517482517483,76.92307692307693,72.02797202797203,4.895104895104895
E00084807,139,37,12,25,102,91,11,26.618705035971225,8.633093525179856,17.985611510791365,73.38129496402878,65.46762589928058,7.913669064748201
E00084808,163,48,14,34,115,108,7,29.447852760736197,8.588957055214724,20.858895705521473,70.5521472392638,66.25766871165644,4.294478527607362
E00084809,101,26,9,17,75,67,8,25.742574257425744,8.91089108910891,16.831683168316832,74.25742574257426,66.33663366336634,7.920792079207921
E00084810,79,18,7,11,61,49,12,22.78481012658228,8.860759493670885,13.924050632911392,77.21518987341773,62.0253164556962,15.18987341772152
E00084811,194,41,11,30,153,135,18,21.1340206185567,5.670103092783505,15.463917525773196,78.8659793814433,69.58762886597938,9.278350515463918
E00084812,190,35,6,29,155,148,7,18.421052631578945,3.1578947368421053,15.263157894736842,81.57894736842105,77.89473684210526,3.684210526315789
E00084813,124,39,12,27,85,81,4,31.451612903225808,9.67741935483871,21.774193548387096,68.54838709677419,65.32258064516128,3.225806451612903
E00084814,140,41,12,29,99,83,16,29.28571428571429,8.571428571428571,20.714285714285715,70.71428571428572,59.285714285714285,11.428571428571429
E00084815,92,18,7,11,74,66,8,19.565217391304348,7.608695652173914,11.956521739130435,80.43478260869566,71.73913043478261,8.695652173913043
E00084816,164,58,20,38,106,101,5,35.36585365853659,12.195121951219512,23.170731707317074,64.63414634146342,61.58536585365854,3.048780487804878
E00084817,118,46,11,35,72,66,6,38.983050847457626,9.322033898305085,29.66101694915254,61.016949152542374,55.932203389830505,5.084745762711865
E00084818,86,24,10,14,62,50,12,27.906976744186046,11.627906976744185,16.27906976744186,72.09302325581395,58.139534883720934,13.953488372093023
E00084819,194,54,14,40,140,122,18,27.835051546391753,7.216494845360824,20.618556701030926,72.16494845360825,62.88659793814433,9.278350515463918
E00084820,163,36,12,24,127,113,14,22.085889570552148,7.361963190184049,14.723926380368098,77.91411042944786,69.32515337423312,8.588957055214724
E00084821,132,31,11,20,101,90,11,23.484848484848484,8.333333333333332,15.151515151515152,76.51515151515152,68.18181818181817,8.333333333333332
E00084822,149,33,8,25,116,104,12,22.14765100671141,5.369127516778524,16.778523489932887,77.85234899328859,69.79865771812081,8.053691275167784
E00084823,149,39,13,26,110,97,13,26.174496644295303,8.724832214765101,17.449664429530202,73.8255033557047,65.1006711409396,8.724832214765101
E00084824,117,26,12,14,91,76,15,22.22222222222222,10.256410256410255,11.965811965811966,77.77777777777779,64.95726495726495,12.82051282051282
E00084825,161,43,16,27,118,108,10,26.70807453416149,9.937888198757763,16.77018633540373,73.29192546583852,67.08074534161491,6.211180124223603
E00084826,97,28,8,20,69,62,7,28.865979381443296,8.24742268041237,20.618556701030926,71.1340206185567,63.91752577319587,7.216494845360824
E00084827,170,49,15,34,121,101,20,28.823529411764703,8.823529411764707,20,71.17647058823529,59.411764705882355,11.76470588235294
E00084828,195,45,10,35,150,137,13,23.076923076923077,5.128205128205128,17.94871794871795,76.92307692307693,70.25641025641025,6.666666666666667
E00084829,170,39,10,29,131,109,22,22.941176470588236,5.88235294117647,17.058823529411764,77.05882352941177,64.11764705882354,12.941176470588237
E00084830,167,34,13,21,133,118,15,20.359281437125748,7.784431137724551,12.574850299401197,79.64071856287424,70.65868263473054,8.982035928143713
E00084831,65,25,12,13,40,35,5,38.46153846153847,18.461538461538463,20,61.53846153846154,53.84615384615385,7.6923076923076925
E00084832,130,50,14,36,80,71,9,38.46153846153847,10.76923076923077,27.692307692307693,61.53846153846154,54.61538461538461,6.923076923076923
E00084833,114,38,11,27,76,67,9,33.33333333333333,9.649122807017543,23.684210526315788,66.66666666666666,58.77192982456141,7.894736842105263
E00084834,158,48,16,32,110,95,15,30.37974683544304,10.126582278481013,20.253164556962027,69.62025316455697,60.12658227848101,9.49367088607595
E00084836,126,40,19,21,86,77,9,31.746031746031743,15.079365079365079,16.666666666666664,68.25396825396825,61.111111111111114,7.142857142857142
E00084837,100,30,10,20,70,60,10,30,10,20,70,60,10
E00084838,173,55,15,40,118,106,12,31.79190751445087,8.670520231213873,23.121387283236995,68.20809248554913,61.27167630057804,6.9364161849710975
E00084839,147,30,10,20,117,102,15,20.408163265306122,6.802721088435375,13.60544217687075,79.59183673469387,69.38775510204081,10.204081632653061
E00084840,142,57,12,45,85,75,10,40.140845070422536,8.450704225352112,31.690140845070424,59.859154929577464,52.816901408450704,7.042253521126761
E00084841,99,24,12,12,75,59,16,24.242424242424242,12.121212121212121,12.121212121212121,75.75757575757575,59.59595959595959,16.161616161616163
E00084842,113,34,17,17,79,67,12,30.08849557522124,15.04424778761062,15.04424778761062,69.91150442477876,59.29203539823009,10.619469026548673
E00084843,149,56,18,38,93,85,8,37.58389261744966,12.080536912751679,25.503355704697988,62.41610738255034,57.04697986577181,5.369127516778524
E00084844,158,45,16,29,113,95,18,28.48101265822785,10.126582278481013,18.354430379746837,71.51898734177216,60.12658227848101,11.39240506329114
E00084845,154,58,21,37,96,83,13,37.66233766233766,13.636363636363635,24.025974025974026,62.33766233766234,53.896103896103895,8.441558441558442
E00084846,137,41,9,32,96,87,9,29.927007299270077,6.569343065693431,23.357664233576642,70.07299270072993,63.503649635036496,6.569343065693431
E00084847,151,59,20,39,92,76,16,39.0728476821192,13.245033112582782,25.82781456953642,60.9271523178808,50.331125827814574,10.596026490066226
E00084848,97,32,10,22,65,52,13,32.98969072164948,10.309278350515463,22.68041237113402,67.0103092783505,53.608247422680414,13.402061855670103
E00084849,146,33,11,22,113,98,15,22.602739726027394,7.534246575342466,15.068493150684931,77.3972602739726,67.12328767123287,10.273972602739725
E00084850,117,36,12,24,81,68,13,30.76923076923077,10.256410256410255,20.51282051282051,69.23076923076923,58.119658119658126,11.11111111111111
E00084851,169,60,22,38,109,101,8,35.50295857988166,13.017751479289942,22.485207100591715,64.49704142011834,59.76331360946746,4.733727810650888
E00084852,163,42,18,24,121,103,18,25.766871165644172,11.042944785276074,14.723926380368098,74.23312883435584,63.190184049079754,11.042944785276074
E00084853,142,38,16,22,104,90,14,26.76056338028169,11.267605633802818,15.492957746478872,73.23943661971832,63.38028169014085,9.859154929577464
E00084854,133,32,16,16,101,90,11,24.06015037593985,12.030075187969924,12.030075187969924,75.93984962406014,67.66917293233082,8.270676691729323
E00084855,124,32,11,21,92,84,8,25.806451612903224,8.870967741935484,16.93548387096774,74.19354838709677,67.74193548387096,6.451612903225806
E00084856,152,44,13,31,108,85,23,28.947368421052634,8.552631578947368,20.394736842105264,71.05263157894737,55.92105263157895,15.131578947368421
E00084857,146,26,9,17,120,97,23,17.80821917808219,6.164383561643835,11.643835616438356,82.1917808219178,66.43835616438356,15.753424657534246
E00084858,195,46,24,22,149,121,28,23.589743589743588,12.307692307692308,11.282051282051283,76.41025641025641,62.05128205128205,14.358974358974358
E00084859,142,41,14,27,101,93,8,28.87323943661972,9.859154929577464,19.014084507042252,71.12676056338029,65.49295774647888,5.633802816901409
E00084860,121,34,9,25,87,75,12,28.09917355371901,7.43801652892562,20.66115702479339,71.900826446281,61.98347107438017,9.917355371900827
E00084861,146,41,16,25,105,96,9,28.08219178082192,10.95890410958904,17.123287671232877,71.91780821917808,65.75342465753424,6.164383561643835
E00084862,215,56,21,35,159,130,29,26.046511627906977,9.767441860465116,16.27906976744186,73.95348837209302,60.46511627906976,13.488372093023257
E00084863,229,67,29,38,162,141,21,29.257641921397383,12.663755458515283,16.593886462882097,70.74235807860262,61.572052401746724,9.170305676855897
E00084864,242,57,21,36,185,154,31,23.553719008264462,8.677685950413224,14.87603305785124,76.44628099173553,63.63636363636363,12.8099173553719
E00084865,173,37,6,31,136,116,20,21.38728323699422,3.4682080924855487,17.91907514450867,78.61271676300578,67.05202312138728,11.560693641618498
E00084866,189,52,20,32,137,120,17,27.513227513227513,10.582010582010582,16.93121693121693,72.4867724867725,63.49206349206349,8.994708994708994
E00084867,166,49,21,28,117,103,14,29.518072289156628,12.650602409638553,16.867469879518072,70.48192771084338,62.048192771084345,8.433734939759036
E00084868,196,45,12,33,151,134,17,22.95918367346939,6.122448979591836,16.83673469387755,77.04081632653062,68.36734693877551,8.673469387755102
E00084869,224,57,16,41,167,133,34,25.44642857142857,7.142857142857142,18.303571428571427,74.55357142857143,59.375,15.178571428571427
E00084870,212,46,16,30,166,140,26,21.69811320754717,7.547169811320755,14.150943396226415,78.30188679245283,66.0377358490566,12.264150943396226
E00084871,244,45,15,30,199,161,38,18.442622950819672,6.147540983606557,12.295081967213115,81.55737704918032,65.98360655737704,15.573770491803279
E00084872,114,37,8,29,77,71,6,32.45614035087719,7.017543859649122,25.438596491228072,67.54385964912281,62.28070175438597,5.263157894736842
E00084873,156,35,10,25,121,106,15,22.435897435897438,6.41025641025641,16.025641025641026,77.56410256410257,67.94871794871796,9.615384615384617
E00084874,179,39,13,26,140,122,18,21.787709497206702,7.262569832402235,14.52513966480447,78.2122905027933,68.15642458100558,10.05586592178771
E00084875,193,32,9,23,161,146,15,16.580310880829018,4.66321243523316,11.917098445595855,83.41968911917098,75.64766839378238,7.772020725388601
E00084876,156,36,11,25,120,104,16,23.076923076923077,7.051282051282051,16.025641025641026,76.92307692307693,66.66666666666666,10.256410256410255
E00084877,206,56,27,29,150,114,36,27.184466019417474,13.106796116504855,14.077669902912621,72.81553398058253,55.33980582524271,17.475728155339805
E00084878,158,32,13,19,126,115,11,20.253164556962027,8.227848101265822,12.025316455696203,79.74683544303798,72.78481012658227,6.962025316455696
E00084879,185,38,9,29,147,129,18,20.54054054054054,4.864864864864865,15.675675675675677,79.45945945945945,69.72972972972973,9.72972972972973
E00084880,212,49,18,31,163,137,26,23.11320754716981,8.49056603773585,14.622641509433961,76.88679245283019,64.62264150943396,12.264150943396226
E00084881,153,44,11,33,109,98,11,28.75816993464052,7.18954248366013,21.568627450980394,71.24183006535948,64.05228758169935,7.18954248366013
E00084882,231,65,25,40,166,137,29,28.13852813852814,10.822510822510822,17.316017316017316,71.86147186147186,59.307359307359306,12.554112554112553
E00084883,147,25,7,18,122,103,19,17.006802721088434,4.761904761904762,12.244897959183673,82.99319727891157,70.06802721088435,12.925170068027212
E00084884,197,51,20,31,146,114,32,25.888324873096447,10.152284263959391,15.736040609137056,74.11167512690355,57.868020304568525,16.243654822335024
E00084885,151,34,8,26,117,98,19,22.516556291390728,5.298013245033113,17.218543046357617,77.48344370860927,64.90066225165563,12.582781456953644
E00084886,151,26,6,20,125,115,10,17.218543046357617,3.9735099337748347,13.245033112582782,82.78145695364239,76.15894039735099,6.622516556291391
E00084887,149,30,9,21,119,98,21,20.13422818791946,6.0402684563758395,14.093959731543624,79.86577181208054,65.77181208053692,14.093959731543624
E00084888,177,48,13,35,129,109,20,27.11864406779661,7.344632768361582,19.774011299435028,72.88135593220339,61.5819209039548,11.299435028248588
E00084889,143,42,12,30,101,89,12,29.37062937062937,8.391608391608392,20.97902097902098,70.62937062937063,62.23776223776224,8.391608391608392
E00084891,199,47,18,29,152,130,22,23.618090452261306,9.045226130653267,14.572864321608039,76.38190954773869,65.32663316582915,11.055276381909549
E00084892,145,27,7,20,118,101,17,18.620689655172416,4.827586206896552,13.793103448275861,81.37931034482759,69.6551724137931,11.724137931034482
E00084893,200,44,14,30,156,148,8,22,7.000000000000001,15,78,74,4
E00084894,198,33,11,22,165,144,21,16.666666666666664,5.555555555555555,11.11111111111111,83.33333333333334,72.72727272727273,10.606060606060606
E00084895,180,52,14,38,128,114,14,28.888888888888886,7.777777777777778,21.11111111111111,71.11111111111111,63.33333333333333,7.777777777777778
E00084896,154,42,7,35,112,98,14,27.27272727272727,4.545454545454546,22.727272727272727,72.72727272727273,63.63636363636363,9.090909090909092
E00084897,183,54,19,35,129,118,11,29.508196721311474,10.382513661202186,19.12568306010929,70.49180327868852,64.48087431693989,6.0109289617486334
E00084898,139,22,7,15,117,94,23,15.827338129496402,5.0359712230215825,10.79136690647482,84.17266187050359,67.62589928057554,16.546762589928058
E00084899,152,29,10,19,123,101,22,19.078947368421055,6.578947368421052,12.5,80.92105263157895,66.44736842105263,14.473684210526317
E00084900,165,44,17,27,121,110,11,26.666666666666668,10.303030303030303,16.363636363636363,73.33333333333333,66.66666666666666,6.666666666666667
E00084901,212,54,19,35,158,136,22,25.471698113207548,8.962264150943396,16.50943396226415,74.52830188679245,64.15094339622641,10.377358490566039
E00084902,204,41,11,30,163,140,23,20.098039215686274,5.392156862745098,14.705882352941178,79.90196078431373,68.62745098039215,11.27450980392157
E00084903,172,38,13,25,134,121,13,22.093023255813954,7.55813953488372,14.534883720930234,77.90697674418605,70.34883720930233,7.55813953488372
E00084904,183,42,13,29,141,129,12,22.950819672131146,7.103825136612022,15.846994535519126,77.04918032786885,70.49180327868852,6.557377049180328
E00084905,179,47,12,35,132,120,12,26.256983240223462,6.70391061452514,19.553072625698324,73.74301675977654,67.0391061452514,6.70391061452514
E00084906,160,38,11,27,122,107,15,23.75,6.875000000000001,16.875,76.25,66.875,9.375
E00084907,129,45,23,22,84,77,7,34.883720930232556,17.829457364341085,17.05426356589147,65.11627906976744,59.68992248062015,5.426356589147287
E00084908,132,33,11,22,99,87,12,25,8.333333333333332,16.666666666666664,75,65.9090909090909,9.090909090909092
E00084909,170,37,15,22,133,118,15,21.764705882352942,8.823529411764707,12.941176470588237,78.23529411764706,69.41176470588235,8.823529411764707
E00084910,158,32,5,27,126,119,7,20.253164556962027,3.1645569620253164,17.088607594936708,79.74683544303798,75.31645569620254,4.430379746835443
E00084911,124,41,21,20,83,69,14,33.064516129032256,16.93548387096774,16.129032258064516,66.93548387096774,55.64516129032258,11.29032258064516
E00084912,112,22,6,16,90,83,7,19.642857142857142,5.357142857142857,14.285714285714285,80.35714285714286,74.10714285714286,6.25
E00084913,158,35,7,28,123,110,13,22.151898734177212,4.430379746835443,17.72151898734177,77.84810126582279,69.62025316455697,8.227848101265822
E00084914,162,48,24,24,114,101,13,29.629629629629626,14.814814814814813,14.814814814814813,70.37037037037037,62.34567901234568,8.024691358024691
E00084915,116,36,17,19,80,64,16,31.03448275862069,14.655172413793101,16.379310344827587,68.96551724137932,55.172413793103445,13.793103448275861
E00084916,133,49,14,35,84,75,9,36.84210526315789,10.526315789473683,26.31578947368421,63.1578947368421,56.390977443609025,6.7669172932330826
E00084917,124,37,10,27,87,78,9,29.838709677419356,8.064516129032258,21.774193548387096,70.16129032258065,62.903225806451616,7.258064516129033
E00084918,149,42,12,30,107,92,15,28.187919463087248,8.053691275167784,20.13422818791946,71.81208053691275,61.74496644295302,10.06711409395973
E00084919,159,65,18,47,94,87,7,40.88050314465409,11.320754716981133,29.559748427672954,59.11949685534591,54.71698113207547,4.40251572327044
E00084920,183,43,22,21,140,119,21,23.497267759562842,12.021857923497267,11.475409836065573,76.50273224043715,65.02732240437157,11.475409836065573
E00084921,157,42,16,26,115,103,12,26.751592356687897,10.191082802547772,16.560509554140125,73.24840764331209,65.60509554140127,7.643312101910828
E00084922,108,21,5,16,87,72,15,19.444444444444446,4.62962962962963,14.814814814814813,80.55555555555556,66.66666666666666,13.88888888888889
E00084923,150,35,14,21,115,96,19,23.333333333333332,9.333333333333334,14.000000000000002,76.66666666666667,64,12.666666666666668
E00084924,175,47,23,24,128,110,18,26.857142857142858,13.142857142857142,13.714285714285715,73.14285714285714,62.857142857142854,10.285714285714285
E00084925,178,44,8,36,134,121,13,24.719101123595504,4.49438202247191,20.224719101123593,75.28089887640449,67.97752808988764,7.303370786516854
E00084926,149,43,15,28,106,95,11,28.859060402684566,10.06711409395973,18.79194630872483,71.14093959731544,63.758389261744966,7.38255033557047
E00084927,144,41,16,25,103,92,11,28.47222222222222,11.11111111111111,17.36111111111111,71.52777777777779,63.888888888888886,7.638888888888889
E00084928,139,36,7,29,103,91,12,25.899280575539567,5.0359712230215825,20.863309352517987,74.10071942446042,65.46762589928058,8.633093525179856
E00084929,137,43,16,27,94,83,11,31.386861313868614,11.678832116788321,19.708029197080293,68.61313868613139,60.58394160583942,8.02919708029197
E00084930,155,40,12,28,115,99,16,25.806451612903224,7.741935483870968,18.064516129032256,74.19354838709677,63.87096774193548,10.32258064516129
E00084931,179,54,24,30,125,105,20,30.16759776536313,13.40782122905028,16.75977653631285,69.83240223463687,58.659217877094974,11.1731843575419
E00084932,161,40,14,26,121,110,11,24.84472049689441,8.695652173913043,16.149068322981368,75.15527950310559,68.32298136645963,6.832298136645963
E00084933,147,43,10,33,104,94,10,29.25170068027211,6.802721088435375,22.448979591836736,70.74829931972789,63.94557823129252,6.802721088435375
E00084934,196,30,11,19,166,141,25,15.306122448979592,5.612244897959184,9.693877551020408,84.6938775510204,71.93877551020408,12.755102040816327
E00084935,155,25,6,19,130,105,25,16.129032258064516,3.870967741935484,12.258064516129032,83.87096774193549,67.74193548387096,16.129032258064516
E00084936,187,38,16,22,149,134,15,20.32085561497326,8.55614973262032,11.76470588235294,79.67914438502673,71.65775401069519,8.0213903743315509
E00084937,123,24,6,18,99,82,17,19.51219512195122,4.878048780487805,14.634146341463413,80.48780487804879,66.66666666666666,13.821138211382115
E00084938,232,78,20,58,154,138,16,33.62068965517241,8.620689655172415,25,66.37931034482759,59.48275862068966,6.896551724137931
E00084939,166,50,17,33,116,98,18,30.120481927710845,10.240963855421686,19.879518072289155,69.87951807228916,59.036144578313255,10.843373493975903
E00084940,245,60,19,41,185,155,30,24.489795918367346,7.755102040816326,16.73469387755102,75.51020408163265,63.26530612244898,12.244897959183673
E00084941,119,37,13,24,82,75,7,31.092436974789916,10.92436974789916,20.168067226890756,68.90756302521008,63.02521008403361,5.88235294117647
E00084942,116,37,13,24,79,67,12,31.896551724137932,11.206896551724139,20.689655172413794,68.10344827586206,57.758620689655174,10.344827586206897
E00084944,143,48,16,32,95,86,9,33.56643356643357,11.188811188811188,22.377622377622377,66.43356643356644,60.13986013986013,6.293706293706294
E00084945,155,50,16,34,105,92,13,32.25806451612903,10.32258064516129,21.935483870967744,67.74193548387096,59.354838709677416,8.38709677419355
E00084946,132,39,12,27,93,84,9,29.545454545454547,9.090909090909092,20.454545454545457,70.45454545454545,63.63636363636363,6.8181818181818175
E00084947,171,60,19,41,111,92,19,35.08771929824561,11.11111111111111,23.976608187134502,64.91228070175438,53.80116959064327,11.11111111111111
E00084948,163,53,17,36,110,98,12,32.515337423312886,10.429447852760736,22.085889570552148,67.48466257668711,60.122699386503065,7.361963190184049
E00084949,152,52,13,39,100,90,10,34.21052631578947,8.552631578947368,25.657894736842106,65.78947368421053,59.210526315789465,6.578947368421052
E00084950,137,44,11,33,93,80,13,32.11678832116788,8.02919708029197,24.087591240875913,67.88321167883211,58.3941605839416,9.48905109489051
E00084951,150,47,15,32,103,88,15,31.333333333333336,10,21.333333333333336,68.66666666666667,58.666666666666664,10
E00084952,175,59,20,39,116,103,13,33.714285714285715,11.428571428571429,22.285714285714285,66.28571428571428,58.857142857142854,7.428571428571429
E00084954,230,63,17,46,167,145,22,27.391304347826086,7.391304347826087,20,72.60869565217392,63.04347826086957,9.565217391304348
E00084955,198,56,15,41,142,125,17,28.28282828282828,7.575757575757576,20.707070707070706,71.71717171717171,63.13131313131313,8.585858585858585
E00084957,157,50,21,29,107,87,20,31.84713375796178,13.375796178343949,18.471337579617835,68.15286624203821,55.4140127388535,12.738853503184714
E00084958,220,68,29,39,152,139,13,30.909090909090907,13.18181818181818,17.727272727272727,69.0909090909091,63.18181818181819,5.909090909090909
E00084959,226,49,23,26,177,158,19,21.68141592920354,10.176991150442479,11.504424778761061,78.31858407079646,69.91150442477876,8.4070796460177
E00084960,171,52,18,34,119,107,12,30.409356725146196,10.526315789473683,19.883040935672515,69.5906432748538,62.57309941520468,7.017543859649122
E00084961,207,58,25,33,149,133,16,28.019323671497588,12.077294685990339,15.942028985507244,71.98067632850241,64.25120772946859,7.729468599033816
E00084962,226,72,28,44,154,135,19,31.858407079646017,12.389380530973451,19.469026548672566,68.14159292035397,59.73451327433629,8.4070796460177
E00084963,140,43,13,30,97,86,11,30.714285714285715,9.285714285714286,21.428571428571427,69.28571428571428,61.42857142857143,7.857142857142857
E00084964,175,57,22,35,118,102,16,32.57142857142858,12.571428571428573,20,67.42857142857143,58.285714285714285,9.142857142857142
E00084965,152,45,12,33,107,99,8,29.605263157894733,7.894736842105263,21.710526315789476,70.39473684210526,65.13157894736842,5.263157894736842
E00084966,172,51,12,39,121,105,16,29.651162790697676,6.976744186046512,22.674418604651162,70.34883720930233,61.04651162790697,9.30232558139535
E00084967,119,26,8,18,93,77,16,21.84873949579832,6.722689075630252,15.126050420168067,78.15126050420169,64.70588235294117,13.445378151260504
E00084968,295,86,28,58,209,189,20,29.152542372881356,9.491525423728813,19.661016949152543,70.84745762711864,64.0677966101695,6.779661016949152
E00084969,90,23,7,16,67,62,5,25.555555555555554,7.777777777777778,17.77777777777778,74.44444444444444,68.88888888888889,5.555555555555555
E00084970,191,55,21,34,136,124,12,28.79581151832461,10.99476439790576,17.801047120418847,71.20418848167539,64.92146596858639,6.282722513089005
E00084971,104,33,14,19,71,63,8,31.73076923076923,13.461538461538462,18.269230769230766,68.26923076923077,60.57692307692307,7.6923076923076925
E00084972,177,41,10,31,136,126,10,23.163841807909606,5.649717514124294,17.51412429378531,76.8361581920904,71.1864406779661,5.649717514124294
E00084973,77,22,8,14,55,49,6,28.57142857142857,10.38961038961039,18.181818181818183,71.42857142857143,63.63636363636363,7.792207792207792
E00084974,193,75,23,52,118,104,14,38.860103626943,11.917098445595855,26.94300518134715,61.13989637305699,53.8860103626943,7.253886010362693
E00084975,105,31,11,20,74,62,12,29.523809523809526,10.476190476190476,19.047619047619047,70.47619047619048,59.04761904761905,11.428571428571429
E00084976,244,45,15,30,199,175,24,18.442622950819672,6.147540983606557,12.295081967213115,81.55737704918032,71.72131147540983,9.836065573770492
E00084978,119,31,12,19,88,78,10,26.05042016806723,10.084033613445378,15.966386554621847,73.94957983193278,65.54621848739495,8.403361344537815
E00084979,129,44,10,34,85,78,7,34.10852713178294,7.751937984496124,26.356589147286826,65.89147286821705,60.46511627906976,5.426356589147287
E00084980,128,48,14,34,80,74,6,37.5,10.9375,26.5625,62.5,57.8125,4.6875
E00084981,167,61,25,36,106,98,8,36.52694610778443,14.97005988023952,21.55688622754491,63.47305389221557,58.68263473053892,4.790419161676647
E00084982,149,44,10,34,105,93,12,29.53020134228188,6.7114093959731544,22.818791946308725,70.46979865771812,62.41610738255034,8.053691275167784
E00084983,71,21,8,13,50,42,8,29.577464788732392,11.267605633802818,18.30985915492958,70.4225352112676,59.154929577464785,11.267605633802818
E00084984,145,46,18,28,99,86,13,31.724137931034484,12.413793103448276,19.310344827586206,68.27586206896552,59.310344827586206,8.96551724137931
E00084985,162,51,22,29,111,102,9,31.48148148148148,13.580246913580247,17.901234567901234,68.51851851851852,62.96296296296296,5.555555555555555
E00084986,156,55,15,40,101,92,9,35.256410256410255,9.615384615384617,25.64102564102564,64.74358974358975,58.97435897435898,5.769230769230769
E00084987,111,36,13,23,75,63,12,32.432432432432435,11.711711711711711,20.72072072072072,67.56756756756756,56.75675675675676,10.81081081081081
E00084988,126,51,10,41,75,71,4,40.476190476190474,7.936507936507936,32.53968253968254,59.523809523809526,56.34920634920635,3.1746031746031744
E00084990,158,49,18,31,109,102,7,31.0126582278481,11.39240506329114,19.62025316455696,68.9873417721519,64.55696202531645,4.430379746835443
E00084991,125,35,11,24,90,82,8,28.000000000000004,8.799999999999999,19.2,72,65.60000000000001,6.4
E00084992,126,38,15,23,88,79,9,30.158730158730158,11.904761904761903,18.253968253968253,69.84126984126983,62.698412698412696,7.142857142857142
E00084993,183,65,22,43,118,102,16,35.51912568306011,12.021857923497267,23.497267759562842,64.48087431693989,55.73770491803278,8.743169398907105
E00084994,98,26,7,19,72,67,5,26.53061224489796,7.142857142857142,19.387755102040817,73.46938775510205,68.36734693877551,5.1020408163265305
E00084995,97,30,7,23,67,57,10,30.927835051546392,7.216494845360824,23.711340206185564,69.0721649484536,58.76288659793815,10.309278350515463
E00084996,137,44,16,28,93,81,12,32.11678832116788,11.678832116788321,20.437956204379564,67.88321167883211,59.12408759124088,8.75912408759124
E00084997,156,50,21,29,106,96,10,32.05128205128205,13.461538461538462,18.58974358974359,67.94871794871796,61.53846153846154,6.41025641025641
E00084998,176,47,12,35,129,110,19,26.704545454545453,6.8181818181818175,19.886363636363637,73.29545454545455,62.5,10.795454545454545
E00084999,94,31,10,21,63,55,8,32.97872340425532,10.638297872340425,22.340425531914892,67.02127659574468,58.51063829787234,8.51063829787234
E00085000,148,40,13,27,108,99,9,27.027027027027028,8.783783783783784,18.243243243243242,72.97297297297297,66.8918918918919,6.081081081081082
E00175371,159,27,13,14,132,119,13,16.9811320754717,8.176100628930817,8.80503144654088,83.01886792452831,74.84276729559748,8.176100628930817
E00175372,131,34,14,20,97,88,9,25.954198473282442,10.687022900763358,15.267175572519085,74.04580152671755,67.17557251908397,6.870229007633588
E00175373,166,29,8,21,137,123,14,17.46987951807229,4.819277108433735,12.650602409638553,82.53012048192771,74.09638554216868,8.433734939759036
E00175374,149,41,18,23,108,90,18,27.516778523489933,12.080536912751679,15.436241610738255,72.48322147651007,60.40268456375839,12.080536912751679
E00175377,249,58,18,40,191,170,21,23.293172690763054,7.228915662650602,16.06425702811245,76.70682730923694,68.27309236947792,8.433734939759036
E00175379,153,41,12,29,112,93,19,26.797385620915033,7.8431372549019605,18.954248366013072,73.20261437908496,60.78431372549019,12.418300653594772
E00175380,202,51,17,34,151,127,24,25.247524752475247,8.415841584158416,16.831683168316832,74.75247524752476,62.87128712871287,11.881188118811881
E00175382,137,23,3,20,114,98,16,16.78832116788321,2.18978102189781,14.5985401459854,83.21167883211679,71.53284671532847,11.678832116788321
E00175383,156,36,12,24,120,93,27,23.076923076923077,7.6923076923076925,15.384615384615385,76.92307692307693,59.61538461538461,17.307692307692307
E00175384,116,37,15,22,79,74,5,31.896551724137932,12.931034482758621,18.96551724137931,68.10344827586206,63.793103448275865,4.310344827586207
E00175385,210,54,23,31,156,130,26,25.71428571428571,10.952380952380953,14.761904761904763,74.28571428571429,61.904761904761905,12.380952380952381
E00175387,70,20,10,10,50,40,10,28.57142857142857,14.285714285714285,14.285714285714285,71.42857142857143,57.14285714285714,14.285714285714285
E00175389,78,16,6,10,62,52,10,20.51282051282051,7.6923076923076925,12.82051282051282,79.48717948717949,66.66666666666666,12.82051282051282
E00175390,74,25,10,15,49,46,3,33.78378378378378,13.513513513513514,20.27027027027027,66.21621621621621,62.16216216216216,4.054054054054054
E00175391,244,47,11,36,197,179,18,19.262295081967213,4.508196721311475,14.754098360655737,80.73770491803278,73.36065573770492,7.377049180327869
E00175392,185,13,2,11,172,141,31,7.027027027027027,1.0810810810810811,5.9459459459459465,92.97297297297298,76.21621621621621,16.756756756756758
E00175393,245,22,7,15,223,184,39,8.979591836734693,2.857142857142857,6.122448979591836,91.02040816326532,75.10204081632654,15.918367346938775
E00175394,176,17,7,10,159,148,11,9.659090909090908,3.977272727272727,5.681818181818182,90.3409090909091,84.0909090909091,6.25
E00175395,133,16,5,11,117,102,15,12.030075187969924,3.7593984962406015,8.270676691729323,87.96992481203007,76.69172932330827,11.278195488721805
E00175396,197,15,4,11,182,160,22,7.614213197969544,2.030456852791878,5.583756345177665,92.38578680203045,81.21827411167513,11.16751269035533
E00175397,184,20,8,12,164,147,17,10.869565217391305,4.3478260869565215,6.521739130434782,89.13043478260869,79.8913043478261,9.239130434782608
E00175398,122,11,4,7,111,93,18,9.01639344262295,3.278688524590164,5.737704918032787,90.98360655737704,76.22950819672131,14.754098360655737
E00175399,94,25,10,15,69,60,9,26.595744680851062,10.638297872340425,15.957446808510639,73.40425531914893,63.829787234042556,9.574468085106384
E00175400,101,32,11,21,69,58,11,31.683168316831683,10.891089108910892,20.792079207920793,68.31683168316832,57.42574257425742,10.891089108910892
E00175401,139,42,9,33,97,88,9,30.215827338129497,6.474820143884892,23.741007194244602,69.7841726618705,63.30935251798561,6.474820143884892
E00175402,67,33,13,20,34,29,5,49.25373134328358,19.402985074626866,29.850746268656714,50.74626865671642,43.28358208955223,7.462686567164178
E00175403,99,26,9,17,73,68,5,26.262626262626267,9.090909090909092,17.17171717171717,73.73737373737373,68.68686868686868,5.05050505050505
E00175404,231,50,11,39,181,155,26,21.645021645021643,4.761904761904762,16.883116883116884,78.35497835497836,67.09956709956711,11.255411255411255
E00175405,187,53,25,28,134,102,32,28.342245989304814,13.368983957219251,14.973262032085561,71.65775401069519,54.54545454545454,17.11229946524064
E00175406,208,54,21,33,154,123,31,25.961538461538463,10.096153846153847,15.865384615384615,74.03846153846155,59.13461538461539,14.903846153846153
E00175407,218,38,10,28,180,158,22,17.431192660550458,4.587155963302752,12.844036697247708,82.56880733944955,72.47706422018348,10.091743119266056
E00175410,129,24,7,17,105,90,15,18.6046511627907,5.426356589147287,13.178294573643413,81.3953488372093,69.76744186046511,11.627906976744185
E00175411,127,18,7,11,109,95,14,14.173228346456693,5.511811023622047,8.661417322834646,85.8267716535433,74.80314960629921,11.023622047244094
E00175412,227,60,16,44,167,136,31,26.431718061674008,7.048458149779736,19.383259911894275,73.568281938326,59.91189427312775,13.656387665198238
E00175413,232,52,24,28,180,160,20,22.413793103448278,10.344827586206897,12.068965517241379,77.58620689655173,68.96551724137932,8.620689655172415
E00175414,230,61,22,39,169,143,26,26.521739130434785,9.565217391304348,16.956521739130434,73.47826086956522,62.17391304347826,11.304347826086957
E00175415,199,48,13,35,151,131,20,24.120603015075375,6.532663316582915,17.587939698492463,75.87939698492463,65.82914572864321,10.050251256281408
E00175416,206,37,11,26,169,138,31,17.96116504854369,5.339805825242718,12.62135922330097,82.03883495145631,66.99029126213593,15.048543689320388
E00175417,101,20,4,16,81,75,6,19.801980198019802,3.9603960396039604,15.841584158415841,80.19801980198021,74.25742574257426,5.9405940594059405
E00175418,113,23,5,18,90,75,15,20.353982300884958,4.424778761061947,15.929203539823009,79.64601769911505,66.3716814159292,13.274336283185843
E00175419,83,11,6,5,72,68,4,13.253012048192772,7.228915662650602,6.024096385542169,86.74698795180723,81.92771084337349,4.819277108433735
E00175420,149,47,16,31,102,93,9,31.543624161073826,10.738255033557047,20.80536912751678,68.45637583892618,62.41610738255034,6.0402684563758395
E00175421,125,21,7,14,104,90,14,16.8,5.6000000000000005,11.200000000000001,83.2,72,11.200000000000001
E00175422,179,42,12,30,137,124,13,23.463687150837988,6.70391061452514,16.75977653631285,76.53631284916202,69.27374301675978,7.262569832402235
E00175423,169,49,15,34,120,103,17,28.994082840236686,8.875739644970414,20.118343195266274,71.00591715976331,60.946745562130175,10.059171597633137
E00175424,193,36,6,30,157,140,17,18.65284974093264,3.1088082901554404,15.544041450777202,81.34715025906736,72.53886010362694,8.808290155440414
E00175425,281,65,27,38,216,192,24,23.131672597864767,9.608540925266903,13.523131672597867,76.86832740213522,68.32740213523132,8.540925266903916
E00175426,85,14,5,9,71,60,11,16.470588235294116,5.88235294117647,10.588235294117647,83.52941176470588,70.58823529411765,12.941176470588237
E00175427,148,32,8,24,116,99,17,21.62162162162162,5.405405405405405,16.216216216216218,78.37837837837837,66.8918918918919,11.486486486486488
E00175428,123,22,9,13,101,94,7,17.88617886178862,7.317073170731707,10.569105691056912,82.11382113821138,76.42276422764228,5.691056910569105
E00175429,77,22,11,11,55,48,7,28.57142857142857,14.285714285714285,14.285714285714285,71.42857142857143,62.33766233766234,9.090909090909092
E00175430,182,37,11,26,145,138,7,20.32967032967033,6.043956043956044,14.285714285714285,79.67032967032966,75.82417582417582,3.8461538461538463
E00175431,155,38,10,28,117,102,15,24.516129032258064,6.451612903225806,18.064516129032256,75.48387096774194,65.80645161290323,9.67741935483871
E00175433,77,27,11,16,50,38,12,35.064935064935064,14.285714285714285,20.77922077922078,64.93506493506493,49.35064935064935,15.584415584415584
E00175434,220,57,14,43,163,154,9,25.90909090909091,6.363636363636363,19.545454545454547,74.0909090909091,70,4.090909090909091
E00175436,223,42,18,24,181,155,26,18.83408071748879,8.071748878923767,10.762331838565023,81.16591928251121,69.50672645739911,11.659192825112108
E00175437,190,38,14,24,152,125,27,20,7.368421052631578,12.631578947368421,80,65.78947368421053,14.210526315789473
E00175439,182,43,23,20,139,111,28,23.626373626373624,12.637362637362637,10.989010989010989,76.37362637362637,60.98901098901099,15.384615384615385
E00175440,110,16,4,12,94,76,18,14.545454545454545,3.6363636363636362,10.909090909090908,85.45454545454545,69.0909090909091,16.363636363636363
E00175441,75,16,3,13,59,59,0,21.333333333333336,4,17.333333333333336,78.66666666666666,78.66666666666666,0
E00175442,233,61,23,38,172,153,19,26.180257510729614,9.871244635193133,16.30901287553648,73.8197424892704,65.66523605150213,8.15450643776824
E00175443,172,38,11,27,134,127,7,22.093023255813954,6.395348837209303,15.69767441860465,77.90697674418605,73.83720930232558,4.069767441860465
E00175444,106,22,9,13,84,72,12,20.754716981132077,8.49056603773585,12.264150943396226,79.24528301886792,67.9245283018868,11.320754716981133
E00175445,169,42,10,32,127,115,12,24.85207100591716,5.9171597633136095,18.93491124260355,75.14792899408283,68.04733727810651,7.100591715976331
E00175446,189,41,10,31,148,130,18,21.693121693121693,5.291005291005291,16.402116402116402,78.3068783068783,68.78306878306879,9.523809523809524
E00175447,216,35,8,27,181,151,30,16.203703703703702,3.7037037037037033,12.5,83.79629629629629,69.9074074074074,13.88888888888889
E00175448,86,23,7,16,63,55,8,26.744186046511626,8.13953488372093,18.6046511627907,73.25581395348837,63.95348837209303,9.30232558139535
E00175449,120,20,4,16,100,90,10,16.666666666666664,3.3333333333333335,13.333333333333334,83.33333333333334,75,8.333333333333332
E00175450,154,34,12,22,120,104,16,22.07792207792208,7.792207792207792,14.285714285714285,77.92207792207793,67.53246753246754,10.38961038961039
E00175451,152,35,13,22,117,102,15,23.026315789473685,8.552631578947368,14.473684210526317,76.97368421052632,67.10526315789474,9.868421052631579
E00175452,87,18,7,11,69,63,6,20.689655172413794,8.045977011494253,12.643678160919542,79.3103448275862,72.41379310344827,6.896551724137931
E00175454,81,10,3,7,71,63,8,12.345679012345679,3.7037037037037033,8.641975308641975,87.65432098765432,77.77777777777779,9.876543209876543
E00175455,292,64,19,45,228,190,38,21.91780821917808,6.506849315068493,15.41095890410959,78.08219178082192,65.06849315068493,13.013698630136986
E00175459,103,28,13,15,75,63,12,27.184466019417474,12.62135922330097,14.563106796116504,72.81553398058253,61.165048543689316,11.650485436893204
E00175460,130,33,13,20,97,88,9,25.384615384615383,10,15.384615384615385,74.61538461538461,67.6923076923077,6.923076923076923
E00175461,124,33,11,22,91,86,5,26.61290322580645,8.870967741935484,17.741935483870968,73.38709677419355,69.35483870967742,4.032258064516129
E00175462,94,20,6,14,74,64,10,21.27659574468085,6.382978723404255,14.893617021276595,78.72340425531915,68.08510638297872,10.638297872340425
E00175463,224,46,18,28,178,153,25,20.535714285714285,8.035714285714286,12.5,79.46428571428571,68.30357142857143,11.160714285714286
E00175464,155,46,18,28,109,95,14,29.677419354838708,11.612903225806452,18.064516129032256,70.3225806451613,61.29032258064516,9.032258064516128
E00175465,270,61,25,36,209,168,41,22.59259259259259,9.25925925925926,13.333333333333334,77.4074074074074,62.22222222222222,15.185185185185185
E00175466,79,14,2,12,65,54,11,17.72151898734177,2.5316455696202533,15.18987341772152,82.27848101265823,68.35443037974683,13.924050632911392
E00175467,116,44,14,30,72,61,11,37.93103448275862,12.068965517241379,25.862068965517242,62.06896551724138,52.58620689655172,9.482758620689655
E00175468,146,34,11,23,112,100,12,23.28767123287671,7.534246575342466,15.753424657534246,76.71232876712328,68.4931506849315,8.21917808219178
E00175469,216,44,10,34,172,142,30,20.37037037037037,4.62962962962963,15.74074074074074,79.62962962962963,65.74074074074075,13.88888888888889
E00175470,222,47,13,34,175,144,31,21.17117117117117,5.8558558558558556,15.315315315315313,78.82882882882883,64.86486486486487,13.963963963963963
E00175471,169,42,15,27,127,111,16,24.85207100591716,8.875739644970414,15.976331360946746,75.14792899408283,65.68047337278107,9.467455621301776
E00175472,271,69,31,38,202,176,26,25.461254612546124,11.439114391143912,14.022140221402212,74.53874538745387,64.94464944649447,9.59409594095941
E00175473,218,45,18,27,173,138,35,20.642201834862387,8.256880733944955,12.385321100917432,79.35779816513761,63.30275229357798,16.055045871559635
E00175474,191,44,17,27,147,127,20,23.036649214659686,8.900523560209423,14.136125654450263,76.96335078534031,66.49214659685863,10.471204188481675
E00175475,72,16,3,13,56,47,9,22.22222222222222,4.166666666666666,18.055555555555554,77.77777777777779,65.27777777777779,12.5
E00175476,223,55,21,34,168,141,27,24.663677130044842,9.417040358744394,15.246636771300448,75.33632286995515,63.22869955156951,12.10762331838565
E00175477,227,51,17,34,176,152,24,22.46696035242291,7.488986784140969,14.977973568281937,77.5330396475771,66.96035242290749,10.572687224669604
E00175478,215,60,21,39,155,134,21,27.906976744186046,9.767441860465116,18.13953488372093,72.09302325581395,62.32558139534884,9.767441860465116
E00175479,266,51,19,32,215,185,30,19.172932330827066,7.142857142857142,12.030075187969924,80.82706766917293,69.54887218045113,11.278195488721805
E00175480,181,49,18,31,132,111,21,27.071823204419886,9.94475138121547,17.12707182320442,72.92817679558011,61.32596685082873,11.602209944751381
E00175481,178,46,16,30,132,113,19,25.842696629213485,8.98876404494382,16.853932584269664,74.15730337078652,63.48314606741573,10.674157303370785
E00175483,148,42,13,29,106,91,15,28.37837837837838,8.783783783783784,19.594594594594593,71.62162162162163,61.48648648648649,10.135135135135135
E00175485,153,37,9,28,116,106,10,24.183006535947712,5.88235294117647,18.30065359477124,75.81699346405229,69.28104575163398,6.535947712418301
E00175486,181,33,10,23,148,138,10,18.23204419889503,5.524861878453039,12.70718232044199,81.76795580110497,76.24309392265194,5.524861878453039
E00175487,198,40,14,26,158,147,11,20.2020202020202,7.07070707070707,13.131313131313133,79.7979797979798,74.24242424242425,5.555555555555555
E00175488,235,62,18,44,173,155,18,26.382978723404253,7.659574468085106,18.72340425531915,73.61702127659574,65.95744680851064,7.659574468085106
E00175490,186,52,18,34,134,122,12,27.956989247311824,9.67741935483871,18.27956989247312,72.04301075268818,65.59139784946237,6.451612903225806
E00175491,198,51,15,36,147,129,18,25.757575757575758,7.575757575757576,18.181818181818183,74.24242424242425,65.15151515151516,9.090909090909092
E00175492,203,50,17,33,153,134,19,24.63054187192118,8.374384236453201,16.25615763546798,75.36945812807882,66.00985221674877,9.35960591133005
E00175493,159,29,12,17,130,106,24,18.238993710691823,7.547169811320755,10.69182389937107,81.76100628930818,66.66666666666666,15.09433962264151
E00175494,199,49,16,33,150,131,19,24.623115577889447,8.040201005025125,16.582914572864322,75.37688442211056,65.82914572864321,9.547738693467336
E00175495,74,14,5,9,60,56,4,18.91891891891892,6.756756756756757,12.162162162162163,81.08108108108108,75.67567567567568,5.405405405405405
E00175496,143,38,9,29,105,93,12,26.573426573426573,6.293706293706294,20.27972027972028,73.42657342657343,65.03496503496503,8.391608391608392
E00175497,157,22,2,20,135,121,14,14.012738853503185,1.2738853503184715,12.738853503184714,85.98726114649682,77.07006369426752,8.9171974522293
E00175498,156,24,8,16,132,111,21,15.384615384615385,5.128205128205128,10.256410256410255,84.61538461538461,71.15384615384616,13.461538461538462
E00175499,171,34,12,22,137,123,14,19.883040935672515,7.017543859649122,12.865497076023392,80.11695906432749,71.9298245614035,8.187134502923977
E00175500,175,50,15,35,125,117,8,28.57142857142857,8.571428571428571,20,71.42857142857143,66.85714285714286,4.571428571428571
E00175502,217,44,23,21,173,140,33,20.276497695852534,10.599078341013826,9.67741935483871,79.72350230414746,64.51612903225806,15.207373271889402
E00175504,179,36,16,20,143,127,16,20.11173184357542,8.938547486033519,11.1731843575419,79.88826815642457,70.94972067039106,8.938547486033519
E00175505,192,39,19,20,153,138,15,20.3125,9.895833333333332,10.416666666666668,79.6875,71.875,7.8125
E00175506,209,40,11,29,169,143,26,19.138755980861244,5.263157894736842,13.875598086124402,80.86124401913875,68.42105263157895,12.440191387559809
E00175507,153,34,16,18,119,109,10,22.22222222222222,10.457516339869281,11.76470588235294,77.77777777777779,71.24183006535948,6.535947712418301
E00175508,111,26,10,16,85,72,13,23.423423423423422,9.00900900900901,14.414414414414415,76.57657657657657,64.86486486486487,11.711711711711711
E00175509,202,45,14,31,157,136,21,22.277227722772277,6.9306930693069315,15.346534653465346,77.72277227722772,67.32673267326733,10.396039603960396
E00175511,139,33,11,22,106,94,12,23.741007194244602,7.913669064748201,15.827338129496402,76.2589928057554,67.62589928057554,8.633093525179856
E00183422,238,58,22,36,180,150,30,24.369747899159663,9.243697478991598,15.126050420168067,75.63025210084034,63.02521008403361,12.605042016806722
E00183424,138,16,5,11,122,108,14,11.594202898550725,3.6231884057971016,7.971014492753622,88.40579710144928,78.26086956521739,10.144927536231885
E00183430,189,37,17,20,152,137,15,19.576719576719576,8.994708994708994,10.582010582010582,80.42328042328042,72.4867724867725,7.936507936507936
E00183431,192,40,18,22,152,114,38,20.833333333333336,9.375,11.458333333333332,79.16666666666666,59.375,19.791666666666664
E00183437,211,66,24,42,145,132,13,31.27962085308057,11.374407582938389,19.90521327014218,68.72037914691943,62.55924170616114,6.161137440758294
E00183438,147,21,0,21,126,110,16,14.285714285714285,0,14.285714285714285,85.71428571428571,74.82993197278913,10.884353741496598
E00183439,188,13,4,9,175,150,25,6.914893617021277,2.127659574468085,4.787234042553192,93.08510638297872,79.7872340425532,13.297872340425531
E00183440,81,16,6,10,65,56,9,19.753086419753085,7.4074074074074066,12.345679012345679,80.24691358024691,69.1358024691358,11.11111111111111
E00183441,132,35,19,16,97,91,6,26.515151515151516,14.393939393939394,12.121212121212121,73.48484848484848,68.93939393939394,4.545454545454546
E00183442,159,33,4,29,126,112,14,20.754716981132077,2.515723270440252,18.238993710691823,79.24528301886792,70.44025157232704,8.80503144654088
E00183443,155,47,19,28,108,92,16,30.32258064516129,12.258064516129032,18.064516129032256,69.6774193548387,59.354838709677416,10.32258064516129
E00183444,92,23,8,15,69,54,15,25,8.695652173913043,16.304347826086957,75,58.69565217391305,16.304347826086957
E00183445,289,42,10,32,247,217,30,14.53287197231834,3.4602076124567476,11.072664359861593,85.46712802768167,75.08650519031141,10.380622837370241
E00183446,197,55,22,33,142,116,26,27.918781725888326,11.16751269035533,16.751269035532996,72.08121827411168,58.88324873096447,13.19796954314721
E00183447,126,36,9,27,90,69,21,28.57142857142857,7.142857142857142,21.428571428571427,71.42857142857143,54.761904761904766,16.666666666666664
E00183448,233,65,23,42,168,145,23,27.896995708154503,9.871244635193133,18.025751072961373,72.1030042918455,62.231759656652365,9.871244635193133
E00183449,169,38,10,28,131,117,14,22.485207100591715,5.9171597633136095,16.56804733727811,77.51479289940828,69.23076923076923,8.284023668639055
E00183450,217,60,20,40,157,135,22,27.64976958525346,9.216589861751153,18.433179723502306,72.35023041474655,62.21198156682027,10.138248847926267
E00183451,134,37,17,20,97,89,8,27.611940298507463,12.686567164179104,14.925373134328357,72.38805970149254,66.4179104477612,5.970149253731343
E00183452,204,45,18,27,159,131,28,22.058823529411764,8.823529411764707,13.23529411764706,77.94117647058823,64.2156862745098,13.725490196078432
E00183453,124,32,14,18,92,77,15,25.806451612903224,11.29032258064516,14.516129032258066,74.19354838709677,62.096774193548384,12.096774193548388
E00183454,225,60,21,39,165,141,24,26.666666666666668,9.333333333333334,17.333333333333336,73.33333333333333,62.66666666666667,10.666666666666668
E00183455,180,36,12,24,144,111,33,20,6.666666666666667,13.333333333333334,80,61.66666666666667,18.333333333333332
E00183456,108,34,12,22,74,67,7,31.48148148148148,11.11111111111111,20.37037037037037,68.51851851851852,62.03703703703704,6.481481481481481
E00183457,263,73,18,55,190,160,30,27.756653992395435,6.844106463878327,20.912547528517113,72.24334600760456,60.836501901140686,11.406844106463879
E00183458,145,30,9,21,115,91,24,20.689655172413794,6.206896551724138,14.482758620689657,79.3103448275862,62.758620689655174,16.551724137931036
E00183459,59,15,4,11,44,38,6,25.423728813559322,6.779661016949152,18.64406779661017,74.57627118644068,64.40677966101694,10.16949152542373
E00183460,142,34,10,24,108,86,22,23.943661971830984,7.042253521126761,16.901408450704224,76.05633802816901,60.56338028169014,15.492957746478872
E00183461,184,35,12,23,149,124,25,19.021739130434785,6.521739130434782,12.5,80.97826086956522,67.3913043478261,13.586956521739129
E00183462,261,44,16,28,217,181,36,16.85823754789272,6.130268199233716,10.727969348659004,83.14176245210729,69.34865900383141,13.793103448275861
E00183463,92,22,7,15,70,62,8,23.91304347826087,7.608695652173914,16.304347826086957,76.08695652173914,67.3913043478261,8.695652173913043
E00183464,140,22,6,16,118,107,11,15.714285714285714,4.285714285714286,11.428571428571429,84.28571428571429,76.42857142857142,7.857142857142857
E00183465,353,67,23,44,286,258,28,18.980169971671387,6.515580736543909,12.464589235127479,81.01983002832861,73.08781869688386,7.932011331444759
E00183466,228,39,14,25,189,167,22,17.105263157894736,6.140350877192982,10.964912280701753,82.89473684210526,73.24561403508771,9.649122807017543
E00183467,230,32,9,23,198,176,22,13.91304347826087,3.91304347826087,10,86.08695652173914,76.52173913043478,9.565217391304348
E00183468,247,21,6,15,226,191,35,8.502024291497975,2.42914979757085,6.0728744939271255,91.49797570850203,77.32793522267207,14.17004048582996
E00183469,196,32,8,24,164,146,18,16.3265306122449,4.081632653061225,12.244897959183673,83.6734693877551,74.48979591836735,9.183673469387756
E00183470,336,44,15,29,292,266,26,13.095238095238097,4.464285714285714,8.630952380952381,86.90476190476191,79.16666666666666,7.738095238095238
E00183471,75,18,4,14,57,48,9,24,5.333333333333334,18.666666666666668,76,64,12
E00183472,92,22,5,17,70,66,4,23.91304347826087,5.434782608695652,18.478260869565215,76.08695652173914,71.73913043478261,4.3478260869565215
E00183473,299,72,30,42,227,186,41,24.08026755852843,10.033444816053512,14.046822742474916,75.91973244147158,62.207357859531776,13.712374581939798
E00183625,161,31,8,23,130,106,24,19.25465838509317,4.968944099378882,14.285714285714285,80.74534161490683,65.83850931677019,14.906832298136646
E00183626,199,38,17,21,161,146,15,19.09547738693467,8.542713567839195,10.552763819095476,80.90452261306532,73.36683417085426,7.537688442211055
E00183627,189,41,12,29,148,127,21,21.693121693121693,6.349206349206349,15.343915343915343,78.3068783068783,67.1957671957672,11.11111111111111
E00183628,77,11,5,6,66,60,6,14.285714285714285,6.493506493506493,7.792207792207792,85.71428571428571,77.92207792207793,7.792207792207792
E00183629,237,57,22,35,180,163,17,24.050632911392405,9.282700421940929,14.767932489451477,75.9493670886076,68.77637130801688,7.172995780590717
E00183630,109,21,6,15,88,72,16,19.26605504587156,5.5045871559633035,13.761467889908257,80.73394495412845,66.05504587155964,14.678899082568808
E00183631,189,12,5,7,177,161,16,6.349206349206349,2.6455026455026456,3.7037037037037033,93.65079365079364,85.18518518518519,8.465608465608465
E00183632,197,24,10,14,173,151,22,12.18274111675127,5.0761421319796955,7.1065989847715745,87.81725888324873,76.6497461928934,11.16751269035533
E00183633,86,19,8,11,67,60,7,22.093023255813954,9.30232558139535,12.790697674418606,77.90697674418605,69.76744186046511,8.13953488372093
E00183634,247,45,7,38,202,176,26,18.218623481781375,2.834008097165992,15.384615384615385,81.78137651821862,71.25506072874494,10.526315789473683
E00183635,173,35,13,22,138,121,17,20.23121387283237,7.514450867052023,12.716763005780345,79.76878612716763,69.94219653179191,9.826589595375722
E00183636,211,37,13,24,174,149,25,17.535545023696685,6.161137440758294,11.374407582938389,82.46445497630332,70.61611374407583,11.848341232227488
E00183637,321,55,23,32,266,245,21,17.133956386292834,7.165109034267912,9.968847352024921,82.86604361370716,76.32398753894081,6.5420560747663545
E00183638,65,12,3,9,53,48,5,18.461538461538463,4.615384615384616,13.846153846153847,81.53846153846153,73.84615384615385,7.6923076923076925
E00183639,290,63,18,45,227,204,23,21.72413793103448,6.206896551724138,15.517241379310345,78.27586206896552,70.34482758620689,7.931034482758621
E00183640,129,31,8,23,98,80,18,24.031007751937985,6.2015503875969,17.829457364341085,75.96899224806202,62.01550387596899,13.953488372093023
E00183641,96,14,7,7,82,71,11,14.583333333333334,7.291666666666667,7.291666666666667,85.41666666666666,73.95833333333334,11.458333333333332
E00183642,243,56,15,41,187,163,24,23.045267489711936,6.172839506172839,16.872427983539097,76.95473251028807,67.07818930041152,9.876543209876543
E00183643,154,46,13,33,108,98,10,29.87012987012987,8.441558441558442,21.428571428571427,70.12987012987013,63.63636363636363,6.493506493506493
E00183644,240,66,23,43,174,161,13,27.500000000000004,9.583333333333334,17.916666666666668,72.5,67.08333333333333,5.416666666666667
E00183645,180,45,20,25,135,122,13,25,11.11111111111111,13.88888888888889,75,67.77777777777779,7.222222222222221
E00183646,194,46,11,35,148,125,23,23.711340206185564,5.670103092783505,18.04123711340206,76.28865979381443,64.43298969072166,11.855670103092782
E00183647,94,24,6,18,70,55,15,25.53191489361702,6.382978723404255,19.148936170212767,74.46808510638297,58.51063829787234,15.957446808510639
E00183648,113,47,36,11,66,54,12,41.5929203539823,31.858407079646017,9.734513274336283,58.4070796460177,47.78761061946903,10.619469026548673
E00183649,80,20,7,13,60,48,12,25,8.75,16.25,75,60,15
E00183650,7,6,1,5,1,1,0,85.71428571428571,14.285714285714285,71.42857142857143,14.285714285714285,14.285714285714285,0
E00183651,3,0,0,0,3,3,0,0,0,0,100,100,0
E00183652,109,27,7,20,82,70,12,24.770642201834864,6.422018348623854,18.34862385321101,75.22935779816514,64.22018348623854,11.009174311926607
E00183653,175,43,11,32,132,118,14,24.571428571428573,6.2857142857142865,18.285714285714285,75.42857142857143,67.42857142857143,8
E00183654,311,69,23,46,242,203,39,22.186495176848876,7.395498392282958,14.790996784565916,77.81350482315112,65.27331189710611,12.540192926045016
E00183655,266,55,17,38,211,175,36,20.676691729323306,6.390977443609022,14.285714285714285,79.32330827067669,65.78947368421053,13.533834586466165
E00183656,184,28,8,20,156,138,18,15.217391304347828,4.3478260869565215,10.869565217391305,84.78260869565217,75,9.782608695652174
E00183657,132,26,10,16,106,86,20,19.696969696969695,7.575757575757576,12.121212121212121,80.3030303030303,65.15151515151516,15.151515151515152
E00183658,124,19,5,14,105,100,5,15.32258064516129,4.032258064516129,11.29032258064516,84.67741935483872,80.64516129032258,4.032258064516129
E00183659,264,55,29,26,209,186,23,20.833333333333336,10.984848484848484,9.848484848484848,79.16666666666666,70.45454545454545,8.712121212121213
E00183660,158,25,10,15,133,120,13,15.822784810126583,6.329113924050633,9.49367088607595,84.17721518987342,75.9493670886076,8.227848101265822
E00183661,112,16,7,9,96,87,9,14.285714285714285,6.25,8.035714285714286,85.71428571428571,77.67857142857143,8.035714285714286
E00183662,204,32,10,22,172,146,26,15.686274509803921,4.901960784313726,10.784313725490197,84.31372549019608,71.56862745098039,12.745098039215685
E00183663,140,28,8,20,112,102,10,20,5.714285714285714,14.285714285714285,80,72.85714285714285,7.142857142857142
E00183664,142,20,4,16,122,104,18,14.084507042253522,2.8169014084507045,11.267605633802818,85.91549295774648,73.23943661971832,12.676056338028168
E00183665,230,46,16,30,184,161,23,20,6.956521739130435,13.043478260869565,80,70,10
E00183666,192,44,13,31,148,129,19,22.916666666666664,6.770833333333333,16.145833333333336,77.08333333333334,67.1875,9.895833333333332
E00183667,65,12,4,8,53,45,8,18.461538461538463,6.153846153846154,12.307692307692308,81.53846153846153,69.23076923076923,12.307692307692308
E00183668,257,41,7,34,216,188,28,15.953307392996107,2.7237354085603114,13.229571984435799,84.04669260700389,73.15175097276264,10.894941634241246
E00183669,264,29,13,16,235,205,30,10.984848484848484,4.924242424242424,6.0606060606060606,89.01515151515152,77.65151515151516,11.363636363636363
E00183670,71,5,0,5,66,64,2,7.042253521126761,0,7.042253521126761,92.95774647887323,90.14084507042254,2.8169014084507045
E00183671,279,58,19,39,221,190,31,20.78853046594982,6.810035842293908,13.978494623655912,79.21146953405018,68.10035842293907,11.11111111111111
E00183672,109,20,5,15,89,82,7,18.34862385321101,4.587155963302752,13.761467889908257,81.65137614678899,75.22935779816514,6.422018348623854
E00183673,277,63,24,39,214,191,23,22.743682310469314,8.664259927797833,14.079422382671481,77.25631768953069,68.95306859205776,8.303249097472925
E00183674,71,13,8,5,58,52,6,18.30985915492958,11.267605633802818,7.042253521126761,81.69014084507043,73.23943661971832,8.450704225352112
E00183675,254,39,15,24,215,180,35,15.354330708661418,5.905511811023622,9.448818897637794,84.64566929133859,70.86614173228347,13.779527559055119
E00183676,135,23,3,20,112,92,20,17.037037037037038,2.2222222222222223,14.814814814814813,82.96296296296296,68.14814814814815,14.814814814814813
E00183677,123,38,8,30,85,79,6,30.89430894308943,6.504065040650407,24.390243902439025,69.10569105691057,64.22764227642277,4.878048780487805
E00183678,188,34,9,25,154,129,25,18.085106382978726,4.787234042553192,13.297872340425531,81.91489361702128,68.61702127659575,13.297872340425531
E00183679,278,62,21,41,216,193,23,22.302158273381295,7.553956834532374,14.748201438848922,77.6978417266187,69.42446043165468,8.273381294964029
E00183680,179,43,17,26,136,129,7,24.022346368715084,9.497206703910614,14.52513966480447,75.97765363128491,72.06703910614524,3.910614525139665
E00183681,298,72,30,42,226,197,29,24.161073825503358,10.06711409395973,14.093959731543624,75.83892617449665,66.10738255033557,9.731543624161073
E00183682,189,49,17,32,140,124,16,25.925925925925924,8.994708994708994,16.93121693121693,74.07407407407408,65.60846560846561,8.465608465608465
E00183683,163,42,11,31,121,100,21,25.766871165644172,6.748466257668712,19.018404907975462,74.23312883435584,61.34969325153374,12.883435582822086
E00183684,152,35,10,25,117,106,11,23.026315789473685,6.578947368421052,16.447368421052634,76.97368421052632,69.73684210526315,7.236842105263158
E00183685,238,44,10,34,194,173,21,18.487394957983195,4.201680672268908,14.285714285714285,81.5126050420168,72.68907563025209,8.823529411764707
E00183686,112,29,12,17,83,72,11,25.892857142857146,10.714285714285714,15.178571428571427,74.10714285714286,64.28571428571429,9.821428571428571
E00183687,177,38,13,25,139,125,14,21.468926553672315,7.344632768361582,14.124293785310735,78.53107344632768,70.62146892655367,7.909604519774012
E00183688,129,36,16,20,93,87,6,27.906976744186046,12.4031007751938,15.503875968992247,72.09302325581395,67.44186046511628,4.651162790697675
E00183689,340,51,19,32,289,259,30,15,5.588235294117648,9.411764705882353,85,76.17647058823529,8.823529411764707
E00183690,107,28,12,16,79,73,6,26.168224299065418,11.214953271028037,14.953271028037381,73.83177570093457,68.22429906542055,5.607476635514018
E00183691,334,58,16,42,276,245,31,17.365269461077844,4.790419161676647,12.574850299401197,82.63473053892216,73.35329341317365,9.281437125748502
E00183692,239,31,5,26,208,191,17,12.97071129707113,2.092050209205021,10.87866108786611,87.02928870292888,79.9163179916318,7.112970711297072
E00183693,210,25,11,14,185,172,13,11.904761904761903,5.238095238095238,6.666666666666667,88.09523809523809,81.9047619047619,6.190476190476191
E00183694,148,43,15,28,105,94,11,29.054054054054053,10.135135135135135,18.91891891891892,70.94594594594594,63.51351351351351,7.4324324324324325
E00183695,233,38,9,29,195,165,30,16.30901287553648,3.862660944206009,12.446351931330472,83.69098712446352,70.81545064377683,12.875536480686694
E00183696,76,20,7,13,56,49,7,26.31578947368421,9.210526315789473,17.105263157894736,73.68421052631578,64.47368421052632,9.210526315789473
E00183697,200,33,13,20,167,150,17,16.5,6.5,10,83.5,75,8.5
E00183698,217,30,12,18,187,163,24,13.82488479262673,5.529953917050691,8.294930875576037,86.17511520737328,75.11520737327189,11.059907834101383
E00183703,108,13,1,12,95,86,9,12.037037037037036,0.9259259259259258,11.11111111111111,87.96296296296296,79.62962962962963,8.333333333333332
E00183704,235,32,5,27,203,182,21,13.617021276595745,2.127659574468085,11.48936170212766,86.38297872340426,77.4468085106383,8.936170212765958
E00183705,119,24,11,13,95,75,20,20.168067226890756,9.243697478991598,10.92436974789916,79.83193277310924,63.02521008403361,16.80672268907563
E00183706,262,32,8,24,230,205,25,12.213740458015266,3.0534351145038165,9.16030534351145,87.78625954198473,78.2442748091603,9.541984732824428
E00183707,166,38,14,24,128,108,20,22.89156626506024,8.433734939759036,14.457831325301203,77.10843373493977,65.06024096385542,12.048192771084338
E00183708,4,1,0,1,3,3,0,25,0,25,75,75,0
E00183709,267,60,16,44,207,183,24,22.47191011235955,5.992509363295881,16.479400749063668,77.52808988764045,68.53932584269663,8.98876404494382
