OA,ts0380001,ts0380002,ts0380003,ts0380004,ts0380005,ts0380006,ts0380007,ts0380002_PCT,ts0380003_PCT,ts0380004_PCT,ts0380005_PCT,ts0380006_PCT,ts0380007_PCT
E00160881,336,52,23,29,284,22,262,15.476190476190476,6.845238095238096,8.630952380952381,84.52380952380952,6.547619047619048,77.97619047619048
E00160882,423,63,19,44,360,27,333,14.893617021276595,4.491725768321513,10.401891252955082,85.1063829787234,6.382978723404255,78.72340425531915
E00160884,330,48,22,26,282,15,267,14.545454545454545,6.666666666666667,7.878787878787878,85.45454545454545,4.545454545454546,80.9090909090909
E00160885,327,61,26,35,266,16,250,18.654434250764528,7.951070336391437,10.703363914373089,81.34556574923548,4.892966360856269,76.45259938837921
E00160886,326,63,29,34,263,27,236,19.32515337423313,8.895705521472392,10.429447852760736,80.67484662576688,8.282208588957054,72.39263803680981
E00160887,366,63,27,36,303,25,278,17.21311475409836,7.377049180327869,9.836065573770492,82.78688524590164,6.830601092896176,75.95628415300546
E00160888,474,76,29,47,398,34,364,16.033755274261605,6.118143459915612,9.915611814345992,83.96624472573839,7.172995780590717,76.79324894514767
E00160889,347,44,21,23,303,26,277,12.680115273775217,6.051873198847262,6.628242074927954,87.31988472622479,7.492795389048991,79.82708933717579
E00160890,359,72,20,52,287,28,259,20.055710306406684,5.571030640668524,14.484679665738161,79.94428969359332,7.7994428969359335,72.14484679665738
E00160891,343,42,14,28,301,15,286,12.244897959183673,4.081632653061225,8.16326530612245,87.75510204081633,4.373177842565598,83.38192419825073
E00160892,432,64,24,40,368,29,339,14.814814814814813,5.555555555555555,9.25925925925926,85.18518518518519,6.712962962962964,78.47222222222221
E00160893,308,41,22,19,267,18,249,13.311688311688311,7.142857142857142,6.1688311688311686,86.68831168831169,5.844155844155844,80.84415584415584
E00160894,310,36,11,25,274,18,256,11.612903225806452,3.5483870967741935,8.064516129032258,88.38709677419355,5.806451612903226,82.58064516129032
E00160895,273,73,31,42,200,22,178,26.73992673992674,11.355311355311356,15.384615384615385,73.26007326007326,8.058608058608058,65.2014652014652
E00160896,418,55,15,40,363,26,337,13.157894736842104,3.588516746411483,9.569377990430622,86.8421052631579,6.220095693779904,80.622009569378
E00160897,421,54,21,33,367,18,349,12.826603325415679,4.98812351543943,7.8384798099762465,87.17339667458432,4.275534441805226,82.89786223277909
E00160898,316,69,31,38,247,19,228,21.835443037974684,9.81012658227848,12.025316455696203,78.16455696202532,6.012658227848101,72.15189873417721
E00160899,326,57,28,29,269,23,246,17.484662576687114,8.588957055214724,8.895705521472392,82.51533742331289,7.05521472392638,75.4601226993865
E00160900,429,59,24,35,370,25,345,13.752913752913754,5.594405594405594,8.158508158508159,86.24708624708624,5.827505827505827,80.41958041958041
E00160901,391,67,19,48,324,16,308,17.135549872122763,4.859335038363171,12.27621483375959,82.86445012787725,4.092071611253197,78.77237851662404
E00160902,362,60,24,36,302,21,281,16.574585635359114,6.629834254143646,9.94475138121547,83.42541436464089,5.801104972375691,77.62430939226519
E00160903,303,75,37,38,228,13,215,24.752475247524753,12.211221122112212,12.541254125412541,75.24752475247524,4.29042904290429,70.95709570957096
E00160904,410,82,31,51,328,21,307,20,7.560975609756097,12.439024390243903,80,5.121951219512195,74.8780487804878
E00160905,258,43,17,26,215,20,195,16.666666666666664,6.5891472868217065,10.077519379844961,83.33333333333334,7.751937984496124,75.5813953488372
E00160906,380,56,23,33,324,17,307,14.736842105263156,6.052631578947368,8.68421052631579,85.26315789473684,4.473684210526316,80.78947368421052
E00160907,434,58,24,34,376,33,343,13.36405529953917,5.529953917050691,7.834101382488479,86.63594470046083,7.603686635944701,79.03225806451613
E00160908,442,55,22,33,387,19,368,12.44343891402715,4.97737556561086,7.46606334841629,87.55656108597285,4.298642533936651,83.2579185520362
E00160909,285,33,17,16,252,28,224,11.578947368421053,5.964912280701754,5.614035087719298,88.42105263157895,9.824561403508772,78.59649122807018
E00160910,476,65,28,37,411,23,388,13.655462184873949,5.88235294117647,7.773109243697479,86.34453781512606,4.831932773109244,81.5126050420168
E00160911,296,45,18,27,251,20,231,15.202702702702704,6.081081081081082,9.121621621621621,84.7972972972973,6.756756756756757,78.04054054054053
E00160912,395,59,25,34,336,25,311,14.936708860759493,6.329113924050633,8.60759493670886,85.0632911392405,6.329113924050633,78.73417721518987
E00160913,353,50,21,29,303,19,284,14.164305949008499,5.94900849858357,8.21529745042493,85.8356940509915,5.382436260623229,80.45325779036827
E00160914,421,49,17,32,372,38,334,11.63895486935867,4.038004750593824,7.600950118764846,88.36104513064133,9.026128266033254,79.33491686460808
E00160915,435,58,27,31,377,18,359,13.333333333333334,6.206896551724138,7.126436781609195,86.66666666666667,4.137931034482759,82.5287356321839
E00160916,270,38,15,23,232,19,213,14.074074074074074,5.555555555555555,8.518518518518519,85.92592592592592,7.037037037037037,78.88888888888889
E00160917,312,52,23,29,260,21,239,16.666666666666664,7.371794871794872,9.294871794871796,83.33333333333334,6.730769230769231,76.6025641025641
E00160918,411,91,54,37,320,23,297,22.14111922141119,13.138686131386862,9.002433090024331,77.85888077858881,5.59610705596107,72.26277372262774
E00160919,418,52,22,30,366,18,348,12.440191387559809,5.263157894736842,7.177033492822966,87.5598086124402,4.30622009569378,83.25358851674642
E00160920,294,32,10,22,262,22,240,10.884353741496598,3.4013605442176873,7.482993197278912,89.1156462585034,7.482993197278912,81.63265306122449
E00160921,431,92,38,54,339,33,306,21.34570765661253,8.816705336426914,12.529002320185615,78.65429234338747,7.65661252900232,70.99767981438515
E00160922,352,47,24,23,305,14,291,13.352272727272727,6.8181818181818175,6.534090909090909,86.64772727272727,3.977272727272727,82.67045454545455
E00160923,378,50,14,36,328,29,299,13.227513227513226,3.7037037037037033,9.523809523809524,86.77248677248677,7.671957671957672,79.1005291005291
E00160924,428,54,24,30,374,21,353,12.616822429906541,5.607476635514018,7.009345794392523,87.38317757009347,4.906542056074766,82.4766355140187
E00160925,320,56,31,25,264,14,250,17.5,9.6875,7.8125,82.5,4.375,78.125
E00160926,413,104,50,54,309,15,294,25.181598062954,12.106537530266344,13.075060532687651,74.818401937046,3.631961259079903,71.1864406779661
E00160928,311,40,19,21,271,20,251,12.861736334405144,6.109324758842444,6.752411575562702,87.13826366559485,6.430868167202572,80.70739549839229
E00160929,288,63,32,31,225,24,201,21.875,11.11111111111111,10.76388888888889,78.125,8.333333333333332,69.79166666666666
E00160930,211,69,41,28,142,19,123,32.70142180094787,19.431279620853083,13.270142180094787,67.29857819905213,9.004739336492891,58.29383886255924
E00160931,284,53,19,34,231,15,216,18.661971830985916,6.690140845070422,11.971830985915492,81.33802816901408,5.28169014084507,76.05633802816901
E00160932,450,69,31,38,381,16,365,15.333333333333332,6.888888888888889,8.444444444444445,84.66666666666667,3.5555555555555554,81.11111111111111
E00160933,422,68,31,37,354,26,328,16.113744075829384,7.345971563981042,8.767772511848342,83.88625592417061,6.161137440758294,77.72511848341233
E00160934,319,55,20,35,264,24,240,17.24137931034483,6.269592476489027,10.9717868338558,82.75862068965517,7.523510971786834,75.23510971786834
E00160935,274,30,6,24,244,23,221,10.948905109489052,2.18978102189781,8.75912408759124,89.05109489051095,8.394160583941606,80.65693430656934
E00160936,387,77,31,46,310,20,290,19.896640826873384,8.010335917312661,11.886304909560723,80.10335917312662,5.167958656330749,74.93540051679587
E00160937,324,66,29,37,258,18,240,20.37037037037037,8.950617283950617,11.419753086419753,79.62962962962963,5.555555555555555,74.07407407407408
E00160938,199,27,10,17,172,13,159,13.5678391959799,5.025125628140704,8.542713567839195,86.4321608040201,6.532663316582915,79.89949748743719
E00160939,370,52,19,33,318,36,282,14.054054054054054,5.135135135135135,8.91891891891892,85.94594594594595,9.72972972972973,76.21621621621621
E00160940,293,44,22,22,249,21,228,15.017064846416384,7.508532423208192,7.508532423208192,84.98293515358361,7.167235494880546,77.81569965870307
E00160941,352,60,27,33,292,26,266,17.045454545454543,7.670454545454546,9.375,82.95454545454545,7.386363636363637,75.56818181818183
E00160942,285,32,12,20,253,19,234,11.228070175438596,4.2105263157894735,7.017543859649122,88.7719298245614,6.666666666666667,82.10526315789474
E00160943,270,28,10,18,242,19,223,10.37037037037037,3.7037037037037033,6.666666666666667,89.62962962962962,7.037037037037037,82.5925925925926
E00160944,356,85,51,34,271,20,251,23.876404494382022,14.325842696629213,9.550561797752808,76.12359550561798,5.617977528089887,70.50561797752809
E00160945,291,44,16,28,247,16,231,15.120274914089347,5.498281786941581,9.621993127147768,84.87972508591065,5.498281786941581,79.38144329896907
E00160946,271,53,30,23,218,12,206,19.557195571955717,11.07011070110701,8.487084870848708,80.44280442804428,4.428044280442804,76.01476014760148
E00160947,336,54,20,34,282,31,251,16.071428571428573,5.952380952380952,10.119047619047619,83.92857142857143,9.226190476190476,74.70238095238095
E00160948,327,73,29,44,254,7,247,22.32415902140673,8.868501529051988,13.455657492354739,77.67584097859327,2.1406727828746175,75.53516819571865
E00160949,242,52,21,31,190,25,165,21.487603305785125,8.677685950413224,12.8099173553719,78.51239669421489,10.330578512396695,68.18181818181817
E00160950,439,58,21,37,381,42,339,13.211845102505695,4.783599088838269,8.428246013667426,86.78815489749431,9.567198177676538,77.22095671981776
E00160951,346,57,17,40,289,31,258,16.473988439306357,4.913294797687861,11.560693641618498,83.52601156069365,8.959537572254336,74.56647398843931
E00160952,238,70,35,35,168,16,152,29.411764705882355,14.705882352941178,14.705882352941178,70.58823529411765,6.722689075630252,63.86554621848739
E00160953,341,57,19,38,284,25,259,16.715542521994134,5.571847507331378,11.143695014662756,83.28445747800586,7.331378299120235,75.95307917888563
E00160954,393,50,23,27,343,19,324,12.72264631043257,5.852417302798982,6.870229007633588,87.27735368956743,4.8346055979643765,82.44274809160305
E00160955,284,54,26,28,230,18,212,19.014084507042252,9.15492957746479,9.859154929577464,80.98591549295774,6.338028169014084,74.64788732394366
E00160956,293,37,12,25,256,17,239,12.627986348122866,4.09556313993174,8.532423208191126,87.37201365187714,5.802047781569966,81.56996587030717
E00160957,255,45,15,30,210,28,182,17.647058823529413,5.88235294117647,11.76470588235294,82.35294117647058,10.980392156862745,71.37254901960785
E00160958,289,56,27,29,233,17,216,19.377162629757784,9.342560553633218,10.034602076124568,80.62283737024222,5.88235294117647,74.74048442906575
E00160959,384,66,28,38,318,30,288,17.1875,7.291666666666667,9.895833333333332,82.8125,7.8125,75
E00160960,287,49,16,33,238,25,213,17.073170731707318,5.574912891986063,11.498257839721255,82.92682926829268,8.710801393728223,74.21602787456446
E00160961,322,46,20,26,276,21,255,14.285714285714285,6.211180124223603,8.074534161490684,85.71428571428571,6.521739130434782,79.19254658385093
E00160962,307,54,22,32,253,27,226,17.58957654723127,7.166123778501629,10.423452768729643,82.41042345276874,8.794788273615636,73.61563517915309
E00160963,289,51,26,25,238,18,220,17.647058823529413,8.996539792387544,8.650519031141869,82.35294117647058,6.228373702422145,76.12456747404845
E00160964,343,66,25,41,277,19,258,19.24198250728863,7.288629737609329,11.9533527696793,80.75801749271136,5.539358600583091,75.21865889212827
E00160965,341,57,30,27,284,23,261,16.715542521994134,8.797653958944283,7.9178885630498534,83.28445747800586,6.744868035190615,76.53958944281524
E00160966,293,45,19,26,248,24,224,15.358361774744028,6.484641638225256,8.873720136518772,84.64163822525597,8.19112627986348,76.45051194539249
E00160967,298,36,12,24,262,20,242,12.080536912751679,4.026845637583892,8.053691275167784,87.91946308724832,6.7114093959731544,81.20805369127517
E00160968,312,59,29,30,253,26,227,18.91025641025641,9.294871794871796,9.615384615384617,81.08974358974359,8.333333333333332,72.75641025641025
E00160969,368,51,17,34,317,21,296,13.858695652173914,4.619565217391304,9.239130434782608,86.1413043478261,5.706521739130435,80.43478260869566
E00160970,316,47,14,33,269,20,249,14.873417721518987,4.430379746835443,10.443037974683545,85.12658227848101,6.329113924050633,78.79746835443038
E00160971,302,43,11,32,259,24,235,14.23841059602649,3.642384105960265,10.596026490066226,85.76158940397352,7.9470198675496695,77.81456953642383
E00160972,267,36,13,23,231,21,210,13.48314606741573,4.868913857677903,8.614232209737828,86.51685393258427,7.865168539325842,78.65168539325843
E00160973,349,59,27,32,290,24,266,16.9054441260745,7.736389684813753,9.169054441260744,83.0945558739255,6.876790830945559,76.21776504297995
E00160974,343,52,24,28,291,18,273,15.160349854227405,6.997084548104956,8.16326530612245,84.8396501457726,5.247813411078718,79.59183673469387
E00160975,364,46,16,30,318,25,293,12.637362637362637,4.395604395604396,8.241758241758241,87.36263736263736,6.868131868131869,80.4945054945055
E00160976,363,70,31,39,293,16,277,19.28374655647383,8.539944903581267,10.743801652892563,80.71625344352617,4.40771349862259,76.30853994490359
E00160977,317,61,23,38,256,19,237,19.242902208201894,7.255520504731862,11.987381703470032,80.7570977917981,5.993690851735016,74.76340694006309
E00160978,303,64,29,35,239,14,225,21.122112211221122,9.570957095709572,11.55115511551155,78.87788778877888,4.62046204620462,74.25742574257426
E00160979,348,45,21,24,303,26,277,12.931034482758621,6.0344827586206895,6.896551724137931,87.06896551724138,7.471264367816093,79.59770114942529
E00160980,324,48,20,28,276,26,250,14.814814814814813,6.172839506172839,8.641975308641975,85.18518518518519,8.024691358024691,77.1604938271605
E00160981,413,72,29,43,341,38,303,17.433414043583532,7.021791767554479,10.411622276029057,82.56658595641646,9.200968523002421,73.36561743341404
E00160982,259,23,9,14,236,19,217,8.880308880308881,3.474903474903475,5.405405405405405,91.11969111969111,7.335907335907336,83.78378378378379
E00160983,332,104,79,25,228,19,209,31.32530120481928,23.795180722891565,7.530120481927711,68.67469879518072,5.72289156626506,62.951807228915655
E00160984,273,46,17,29,227,28,199,16.84981684981685,6.227106227106227,10.622710622710622,83.15018315018315,10.256410256410255,72.89377289377289
E00160985,360,53,19,34,307,19,288,14.722222222222223,5.277777777777778,9.444444444444445,85.27777777777777,5.277777777777778,80
E00160986,296,40,21,19,256,21,235,13.513513513513514,7.094594594594595,6.418918918918918,86.48648648648648,7.094594594594595,79.3918918918919
E00160987,342,49,20,29,293,22,271,14.327485380116958,5.847953216374268,8.47953216374269,85.67251461988305,6.432748538011696,79.23976608187134
E00160988,274,53,33,20,221,16,205,19.34306569343066,12.043795620437956,7.2992700729927,80.65693430656934,5.839416058394161,74.81751824817519
E00160989,339,66,25,41,273,26,247,19.469026548672566,7.374631268436578,12.094395280235988,80.53097345132744,7.669616519174041,72.86135693215338
E00160990,316,62,16,46,254,24,230,19.62025316455696,5.063291139240507,14.556962025316455,80.37974683544303,7.59493670886076,72.78481012658227
E00160991,408,68,32,36,340,32,308,16.666666666666664,7.8431372549019605,8.823529411764707,83.33333333333334,7.8431372549019605,75.49019607843137
E00160992,339,49,24,25,290,24,266,14.454277286135694,7.079646017699115,7.374631268436578,85.54572271386431,7.079646017699115,78.46607669616519
E00160993,329,54,21,33,275,29,246,16.41337386018237,6.382978723404255,10.030395136778116,83.58662613981764,8.814589665653495,74.77203647416414
E00160994,350,70,36,34,280,13,267,20,10.285714285714285,9.714285714285714,80,3.7142857142857144,76.28571428571429
E00160995,319,55,22,33,264,31,233,17.24137931034483,6.896551724137931,10.344827586206897,82.75862068965517,9.717868338557993,73.04075235109718
E00160996,385,58,23,35,327,22,305,15.064935064935064,5.974025974025974,9.090909090909092,84.93506493506493,5.714285714285714,79.22077922077922
E00160997,307,58,23,35,249,27,222,18.892508143322477,7.491856677524431,11.400651465798045,81.10749185667753,8.794788273615636,72.31270358306189
E00160998,393,56,27,29,337,28,309,14.249363867684478,6.870229007633588,7.37913486005089,85.75063613231552,7.124681933842239,78.62595419847328
E00160999,391,76,22,54,315,10,305,19.437340153452684,5.626598465473146,13.810741687979538,80.56265984654732,2.557544757033248,78.00511508951406
E00161000,315,69,28,41,246,19,227,21.904761904761905,8.88888888888889,13.015873015873018,78.0952380952381,6.031746031746032,72.06349206349206
E00161001,438,131,87,44,307,23,284,29.908675799086758,19.863013698630137,10.045662100456621,70.09132420091323,5.251141552511415,64.84018264840182
E00161003,300,62,25,37,238,19,219,20.666666666666668,8.333333333333332,12.333333333333334,79.33333333333333,6.333333333333334,73
E00161004,357,61,27,34,296,23,273,17.086834733893557,7.563025210084033,9.523809523809524,82.91316526610645,6.442577030812324,76.47058823529412
E00161005,348,57,26,31,291,25,266,16.379310344827587,7.471264367816093,8.908045977011495,83.62068965517241,7.183908045977011,76.4367816091954
E00161006,380,66,21,45,314,20,294,17.36842105263158,5.526315789473684,11.842105263157894,82.63157894736842,5.263157894736842,77.36842105263158
E00161007,312,55,18,37,257,16,241,17.628205128205128,5.769230769230769,11.858974358974358,82.37179487179486,5.128205128205128,77.24358974358975
E00161008,446,67,29,38,379,25,354,15.022421524663676,6.502242152466367,8.520179372197308,84.97757847533633,5.605381165919283,79.37219730941703
E00161009,390,56,26,30,334,16,318,14.358974358974358,6.666666666666667,7.6923076923076925,85.64102564102564,4.102564102564102,81.53846153846153
E00161010,357,64,28,36,293,14,279,17.92717086834734,7.8431372549019605,10.084033613445378,82.07282913165265,3.9215686274509802,78.15126050420169
E00161011,329,58,23,35,271,21,250,17.62917933130699,6.990881458966565,10.638297872340425,82.37082066869301,6.382978723404255,75.98784194528876
E00161012,336,56,27,29,280,19,261,16.666666666666664,8.035714285714286,8.630952380952381,83.33333333333334,5.654761904761905,77.67857142857143
E00161013,298,50,18,32,248,13,235,16.778523489932887,6.0402684563758395,10.738255033557047,83.22147651006712,4.3624161073825505,78.85906040268456
E00161014,346,50,23,27,296,16,280,14.450867052023122,6.6473988439306355,7.803468208092486,85.54913294797689,4.624277456647398,80.92485549132948
E00161015,419,59,19,40,360,22,338,14.081145584725538,4.534606205250596,9.54653937947494,85.91885441527445,5.250596658711217,80.66825775656325
E00161017,537,97,47,50,440,30,410,18.063314711359403,8.752327746741155,9.31098696461825,81.9366852886406,5.58659217877095,76.35009310986965
E00161018,388,63,20,43,325,21,304,16.237113402061855,5.154639175257731,11.082474226804123,83.76288659793815,5.412371134020619,78.35051546391753
E00161019,433,58,27,31,375,21,354,13.394919168591224,6.235565819861432,7.159353348729793,86.60508083140877,4.849884526558892,81.75519630484989
E00161020,299,65,27,38,234,10,224,21.73913043478261,9.03010033444816,12.709030100334449,78.26086956521739,3.3444816053511706,74.91638795986621
E00161021,354,57,17,40,297,8,289,16.101694915254235,4.80225988700565,11.299435028248588,83.89830508474576,2.2598870056497176,81.63841807909604
E00161022,280,45,11,34,235,18,217,16.071428571428573,3.9285714285714284,12.142857142857142,83.92857142857143,6.428571428571428,77.5
E00161023,277,36,14,22,241,14,227,12.996389891696749,5.054151624548736,7.9422382671480145,87.00361010830325,5.054151624548736,81.94945848375451
E00161024,285,39,14,25,246,19,227,13.684210526315791,4.912280701754386,8.771929824561402,86.31578947368422,6.666666666666667,79.64912280701755
E00161025,287,48,25,23,239,20,219,16.72473867595819,8.710801393728223,8.013937282229964,83.27526132404182,6.968641114982578,76.30662020905923
E00161026,370,42,19,23,328,17,311,11.351351351351353,5.135135135135135,6.216216216216217,88.64864864864866,4.594594594594595,84.05405405405405
E00161027,452,60,29,31,392,25,367,13.274336283185843,6.415929203539823,6.8584070796460175,86.72566371681415,5.530973451327434,81.19469026548673
E00161028,379,42,26,16,337,14,323,11.081794195250659,6.860158311345646,4.221635883905013,88.91820580474933,3.6939313984168867,85.22427440633246
E00161029,326,48,16,32,278,15,263,14.723926380368098,4.9079754601226995,9.815950920245399,85.2760736196319,4.601226993865031,80.67484662576688
E00161030,458,80,39,41,378,23,355,17.46724890829694,8.51528384279476,8.951965065502183,82.53275109170306,5.021834061135371,77.51091703056768
E00161031,298,31,4,27,267,18,249,10.40268456375839,1.342281879194631,9.060402684563758,89.59731543624162,6.0402684563758395,83.55704697986577
E00161032,336,35,11,24,301,26,275,10.416666666666668,3.273809523809524,7.142857142857142,89.58333333333334,7.738095238095238,81.84523809523809
E00161033,348,27,8,19,321,26,295,7.758620689655173,2.2988505747126435,5.459770114942529,92.24137931034483,7.471264367816093,84.77011494252874
E00161034,363,45,13,32,318,33,285,12.396694214876034,3.581267217630854,8.81542699724518,87.60330578512396,9.090909090909092,78.51239669421489
E00161035,307,25,7,18,282,21,261,8.143322475570033,2.2801302931596092,5.863192182410423,91.85667752442997,6.840390879478828,85.01628664495115
E00161036,335,36,8,28,299,22,277,10.746268656716417,2.3880597014925375,8.358208955223882,89.25373134328358,6.567164179104477,82.68656716417911
E00161037,316,35,9,26,281,17,264,11.075949367088606,2.848101265822785,8.227848101265822,88.92405063291139,5.379746835443038,83.54430379746836
E00161038,342,36,8,28,306,21,285,10.526315789473683,2.3391812865497075,8.187134502923977,89.47368421052632,6.140350877192982,83.33333333333334
E00161039,283,51,20,31,232,19,213,18.021201413427562,7.06713780918728,10.954063604240282,81.97879858657244,6.713780918727916,75.26501766784452
E00161040,347,44,13,31,303,21,282,12.680115273775217,3.7463976945244957,8.93371757925072,87.31988472622479,6.051873198847262,81.26801152737752
E00161041,308,28,4,24,280,29,251,9.090909090909092,1.2987012987012987,7.792207792207792,90.9090909090909,9.415584415584416,81.4935064935065
E00161043,276,25,10,15,251,28,223,9.057971014492754,3.6231884057971016,5.434782608695652,90.94202898550725,10.144927536231885,80.79710144927536
E00161044,437,44,24,20,393,25,368,10.068649885583524,5.491990846681922,4.576659038901601,89.93135011441647,5.720823798627003,84.21052631578947
E00161045,287,81,41,40,206,22,184,28.222996515679444,14.285714285714285,13.937282229965156,71.77700348432056,7.665505226480835,64.11149825783971
E00161046,368,40,12,28,328,25,303,10.869565217391305,3.260869565217391,7.608695652173914,89.13043478260869,6.7934782608695645,82.33695652173914
E00161047,353,36,13,23,317,19,298,10.198300283286118,3.6827195467422094,6.515580736543909,89.80169971671388,5.382436260623229,84.41926345609065
E00161048,367,30,11,19,337,30,307,8.174386920980927,2.997275204359673,5.177111716621254,91.82561307901908,8.174386920980927,83.65122615803816
E00161049,363,44,16,28,319,26,293,12.121212121212121,4.40771349862259,7.7134986225895315,87.87878787878788,7.162534435261708,80.71625344352617
E00161050,317,25,3,22,292,15,277,7.886435331230284,0.9463722397476341,6.940063091482649,92.11356466876973,4.73186119873817,87.38170347003155
E00161051,259,34,10,24,225,19,206,13.127413127413126,3.861003861003861,9.266409266409266,86.87258687258688,7.335907335907336,79.53667953667953
E00161052,240,30,6,24,210,16,194,12.5,2.5,10,87.5,6.666666666666667,80.83333333333333
E00161053,333,23,3,20,310,32,278,6.906906906906906,0.9009009009009009,6.006006006006006,93.09309309309309,9.60960960960961,83.48348348348348
E00161054,299,28,7,21,271,21,250,9.364548494983277,2.341137123745819,7.023411371237458,90.63545150501672,7.023411371237458,83.61204013377926
E00161055,292,23,8,15,269,19,250,7.876712328767123,2.73972602739726,5.136986301369863,92.12328767123287,6.506849315068493,85.61643835616438
E00161056,324,22,14,8,302,22,280,6.790123456790123,4.320987654320987,2.4691358024691357,93.20987654320987,6.790123456790123,86.41975308641975
E00161057,266,21,7,14,245,20,225,7.894736842105263,2.631578947368421,5.263157894736842,92.10526315789474,7.518796992481203,84.58646616541353
E00161058,264,23,11,12,241,13,228,8.712121212121213,4.166666666666666,4.545454545454546,91.28787878787878,4.924242424242424,86.36363636363636
E00161059,464,29,8,21,435,16,419,6.25,1.7241379310344827,4.525862068965517,93.75,3.4482758620689653,90.30172413793103
E00161060,291,39,17,22,252,11,241,13.402061855670103,5.841924398625429,7.560137457044673,86.5979381443299,3.7800687285223367,82.81786941580756
E00161062,324,52,18,34,272,16,256,16.049382716049383,5.555555555555555,10.493827160493826,83.9506172839506,4.938271604938271,79.01234567901234
E00161063,399,66,30,36,333,27,306,16.541353383458645,7.518796992481203,9.022556390977442,83.45864661654136,6.7669172932330826,76.69172932330827
E00161064,429,56,22,34,373,20,353,13.053613053613052,5.128205128205128,7.925407925407925,86.94638694638695,4.662004662004662,82.28438228438229
E00161065,376,56,25,31,320,25,295,14.893617021276595,6.648936170212766,8.24468085106383,85.1063829787234,6.648936170212766,78.45744680851064
E00161066,387,44,24,20,343,22,321,11.369509043927648,6.2015503875969,5.167958656330749,88.63049095607235,5.684754521963824,82.94573643410853
E00161067,354,48,20,28,306,20,286,13.559322033898304,5.649717514124294,7.909604519774012,86.4406779661017,5.649717514124294,80.7909604519774
E00161068,373,46,22,24,327,17,310,12.332439678284182,5.898123324396782,6.434316353887399,87.66756032171583,4.557640750670242,83.10991957104558
E00161069,353,55,19,36,298,22,276,15.58073654390935,5.382436260623229,10.198300283286118,84.41926345609065,6.232294617563739,78.18696883852692
E00161070,299,67,32,35,232,17,215,22.40802675585284,10.702341137123746,11.705685618729097,77.59197324414716,5.68561872909699,71.90635451505017
E00161071,430,54,23,31,376,30,346,12.558139534883722,5.348837209302325,7.209302325581396,87.44186046511628,6.976744186046512,80.46511627906978
E00161072,390,50,25,25,340,18,322,12.82051282051282,6.41025641025641,6.41025641025641,87.17948717948718,4.615384615384616,82.564102564102555
E00161074,318,32,7,25,286,17,269,10.062893081761008,2.20125786163522,7.861635220125786,89.937106918239,5.345911949685535,84.59119496855347
E00161075,269,32,8,24,237,16,221,11.895910780669144,2.973977695167286,8.921933085501859,88.10408921933085,5.947955390334572,82.15613382899627
E00161076,326,43,16,27,283,28,255,13.190184049079754,4.9079754601226995,8.282208588957054,86.80981595092024,8.588957055214724,78.22085889570552
E00161077,284,37,12,25,247,18,229,13.028169014084506,4.225352112676056,8.80281690140845,86.97183098591549,6.338028169014084,80.63380281690141
E00161078,327,31,7,24,296,25,271,9.480122324159021,2.1406727828746175,7.339449541284404,90.51987767584097,7.64525993883792,82.87461773700305
E00161079,300,31,7,24,269,17,252,10.333333333333334,2.3333333333333335,8,89.66666666666666,5.666666666666666,84
E00161080,309,45,17,28,264,16,248,14.563106796116504,5.501618122977346,9.06148867313916,85.43689320388349,5.177993527508091,80.2588996763754
E00161082,314,46,15,31,268,21,247,14.64968152866242,4.777070063694268,9.872611464968154,85.35031847133759,6.687898089171974,78.6624203821656
E00161083,304,33,12,21,271,21,250,10.855263157894738,3.9473684210526314,6.907894736842106,89.14473684210526,6.907894736842106,82.23684210526315
E00161084,408,40,13,27,368,25,343,9.803921568627452,3.1862745098039214,6.61764705882353,90.19607843137256,6.127450980392156,84.06862745098039
E00161085,262,35,18,17,227,17,210,13.358778625954198,6.870229007633588,6.488549618320611,86.64122137404581,6.488549618320611,80.1526717557252
E00161086,276,48,22,26,228,16,212,17.391304347826086,7.971014492753622,9.420289855072465,82.6086956521739,5.797101449275362,76.81159420289855
E00161087,315,56,23,33,259,33,226,17.77777777777778,7.301587301587302,10.476190476190476,82.22222222222221,10.476190476190476,71.74603174603175
E00161088,287,41,19,22,246,20,226,14.285714285714285,6.620209059233449,7.665505226480835,85.71428571428571,6.968641114982578,78.74564459930313
E00161089,307,50,27,23,257,8,249,16.286644951140065,8.794788273615636,7.491856677524431,83.71335504885994,2.6058631921824107,81.10749185667753
E00161090,318,57,31,26,261,25,236,17.92452830188679,9.748427672955975,8.176100628930817,82.0754716981132,7.861635220125786,74.21383647798741
E00161091,255,24,7,17,231,14,217,9.411764705882353,2.7450980392156863,6.666666666666667,90.58823529411765,5.490196078431373,85.09803921568627
E00161092,297,27,7,20,270,22,248,9.090909090909092,2.356902356902357,6.7340067340067336,90.9090909090909,7.4074074074074066,83.5016835016835
E00161093,262,31,14,17,231,26,205,11.83206106870229,5.343511450381679,6.488549618320611,88.16793893129771,9.923664122137405,78.2442748091603
E00161094,292,39,14,25,253,22,231,13.356164383561644,4.794520547945205,8.561643835616438,86.64383561643835,7.534246575342466,79.1095890410959
E00161095,341,45,13,32,296,25,271,13.196480938416421,3.812316715542522,9.3841642228739,86.80351906158357,7.331378299120235,79.47214076246334
E00161096,304,28,11,17,276,16,260,9.210526315789473,3.618421052631579,5.592105263157895,90.78947368421053,5.263157894736842,85.52631578947368
E00161097,318,48,17,31,270,24,246,15.09433962264151,5.345911949685535,9.748427672955975,84.90566037735849,7.547169811320755,77.35849056603774
E00161098,273,25,6,19,248,21,227,9.157509157509157,2.197802197802198,6.95970695970696,90.84249084249085,7.6923076923076925,83.15018315018315
E00161099,398,51,20,31,347,29,318,12.814070351758794,5.025125628140704,7.788944723618091,87.1859296482412,7.2864321608040195,79.89949748743719
E00161100,339,57,22,35,282,20,262,16.8141592920354,6.489675516224189,10.32448377581121,83.1858407079646,5.899705014749262,77.28613569321534
E00161101,317,32,11,21,285,42,243,10.094637223974763,3.4700315457413247,6.624605678233439,89.90536277602523,13.249211356466878,76.65615141955836
E00161102,365,60,24,36,305,22,283,16.43835616438356,6.575342465753424,9.863013698630137,83.56164383561644,6.027397260273973,77.53424657534246
E00161103,386,43,16,27,343,35,308,11.139896373056994,4.145077720207254,6.994818652849741,88.86010362694302,9.067357512953368,79.79274611398964
E00161104,333,60,21,39,273,15,258,18.01801801801802,6.306306306306306,11.711711711711711,81.98198198198197,4.504504504504505,77.47747747747748
E00161106,328,48,19,29,280,16,264,14.634146341463413,5.7926829268292686,8.841463414634147,85.36585365853658,4.878048780487805,80.48780487804879
E00161107,303,26,12,14,277,28,249,8.58085808580858,3.9603960396039604,4.62046204620462,91.41914191419141,9.24092409240924,82.17821782178217
E00161108,282,29,10,19,253,26,227,10.28368794326241,3.546099290780142,6.73758865248227,89.71631205673759,9.219858156028367,80.49645390070921
E00161109,328,68,34,34,260,14,246,20.73170731707317,10.365853658536585,10.365853658536585,79.26829268292683,4.2682926829268295,75
E00161110,284,53,26,27,231,10,221,18.661971830985916,9.15492957746479,9.507042253521126,81.33802816901408,3.5211267605633805,77.8169014084507
E00161111,237,43,21,22,194,18,176,18.143459915611814,8.860759493670885,9.282700421940929,81.85654008438819,7.59493670886076,74.26160337552743
E00161112,320,67,27,40,253,15,238,20.9375,8.4375,12.5,79.0625,4.6875,74.375
E00161114,298,32,7,25,266,26,240,10.738255033557047,2.348993288590604,8.389261744966444,89.26174496644296,8.724832214765101,80.53691275167785
E00161115,298,31,6,25,267,28,239,10.40268456375839,2.013422818791946,8.389261744966444,89.59731543624162,9.395973154362416,80.20134228187919
E00161116,299,34,12,22,265,20,245,11.37123745819398,4.013377926421405,7.357859531772576,88.62876254180601,6.688963210702341,81.93979933110369
E00161117,286,41,14,27,245,26,219,14.335664335664337,4.895104895104895,9.44055944055944,85.66433566433567,9.090909090909092,76.57342657342657
E00161118,307,36,10,26,271,34,237,11.726384364820847,3.257328990228013,8.469055374592834,88.27361563517914,11.074918566775244,77.19869706840392
E00161119,242,37,13,24,205,21,184,15.289256198347106,5.371900826446281,9.917355371900827,84.71074380165288,8.677685950413224,76.03305785123968
E00161120,267,32,11,21,235,17,218,11.985018726591761,4.119850187265917,7.865168539325842,88.01498127340824,6.367041198501873,81.64794007490637
E00161121,371,33,12,21,338,33,305,8.89487870619946,3.234501347708895,5.660377358490567,91.10512129380054,8.89487870619946,82.21024258760107
E00161122,272,66,29,37,206,21,185,24.264705882352942,10.661764705882353,13.602941176470587,75.73529411764706,7.720588235294118,68.01470588235294
E00161123,311,92,37,55,219,17,202,29.581993569131832,11.89710610932476,17.684887459807076,70.41800643086816,5.466237942122187,64.95176848874597
E00161124,375,57,17,40,318,25,293,15.2,4.533333333333333,10.666666666666668,84.8,6.666666666666667,78.13333333333333
E00161125,402,59,25,34,343,23,320,14.676616915422885,6.218905472636816,8.45771144278607,85.3233830845771,5.721393034825871,79.60199004975125
E00161127,318,48,13,35,270,16,254,15.09433962264151,4.088050314465408,11.0062893081761,84.90566037735849,5.031446540880504,79.87421383647799
E00161128,252,31,11,20,221,11,210,12.3015873015873,4.365079365079365,7.936507936507936,87.6984126984127,4.365079365079365,83.33333333333334
E00161129,285,32,14,18,253,18,235,11.228070175438596,4.912280701754386,6.315789473684211,88.7719298245614,6.315789473684211,82.45614035087719
E00161130,518,113,70,43,405,27,378,21.814671814671815,13.513513513513514,8.301158301158301,78.18532818532819,5.212355212355212,72.97297297297297
E00161131,202,41,16,25,161,21,140,20.2970297029703,7.920792079207921,12.376237623762377,79.70297029702971,10.396039603960396,69.3069306930693
E00161133,237,32,16,16,205,8,197,13.502109704641349,6.751054852320674,6.751054852320674,86.49789029535864,3.375527426160337,83.12236286919831
E00161134,351,52,15,37,299,30,269,14.814814814814813,4.273504273504273,10.541310541310542,85.18518518518519,8.547008547008547,76.63817663817663
E00161135,374,74,36,38,300,21,279,19.786096256684495,9.62566844919786,10.16042780748663,80.21390374331551,5.614973262032086,74.59893048128342
E00161136,395,46,19,27,349,30,319,11.645569620253164,4.810126582278481,6.8354430379746836,88.35443037974684,7.59493670886076,80.75949367088607
E00161137,320,70,38,32,250,20,230,21.875,11.875,10,78.125,6.25,71.875
E00161138,337,81,34,47,256,18,238,24.03560830860534,10.089020771513352,13.94658753709199,75.96439169139467,5.341246290801187,70.62314540059347
E00161139,313,54,20,34,259,18,241,17.252396166134183,6.3897763578274756,10.86261980830671,82.74760383386581,5.7507987220447285,76.99680511182109
E00161140,350,59,25,34,291,20,271,16.857142857142858,7.142857142857142,9.714285714285714,83.14285714285714,5.714285714285714,77.42857142857143
E00161141,397,59,20,39,338,18,320,14.86146095717884,5.037783375314862,9.82367758186398,85.13853904282117,4.534005037783375,80.60453400503779
E00161142,405,35,13,22,370,24,346,8.641975308641975,3.2098765432098766,5.432098765432099,91.35802469135803,5.9259259259259265,85.4320987654321
E00161143,309,39,15,24,270,22,248,12.62135922330097,4.854368932038835,7.766990291262135,87.37864077669903,7.119741100323624,80.2588996763754
E00161144,339,44,16,28,295,23,272,12.979351032448378,4.71976401179941,8.259587020648967,87.02064896755162,6.784660766961652,80.23598820058997
E00161145,239,33,16,17,206,15,191,13.807531380753138,6.694560669456067,7.112970711297072,86.19246861924687,6.2761506276150625,79.9163179916318
E00161146,398,61,31,30,337,30,307,15.326633165829145,7.788944723618091,7.537688442211055,84.67336683417085,7.537688442211055,77.1356783919598
E00161147,336,67,23,44,269,13,256,19.940476190476193,6.845238095238096,13.095238095238097,80.05952380952381,3.869047619047619,76.19047619047619
E00161148,395,58,31,27,337,12,325,14.683544303797468,7.848101265822785,6.8354430379746836,85.31645569620252,3.0379746835443036,82.27848101265823
E00161149,355,56,25,31,299,19,280,15.774647887323944,7.042253521126761,8.732394366197182,84.22535211267605,5.352112676056338,78.87323943661971
E00161150,357,58,24,34,299,27,272,16.246498599439775,6.722689075630252,9.523809523809524,83.75350140056022,7.563025210084033,76.19047619047619
E00161151,355,64,29,35,291,26,265,18.028169014084508,8.169014084507042,9.859154929577464,81.97183098591549,7.323943661971831,74.64788732394366
E00161152,530,87,34,53,443,18,425,16.41509433962264,6.415094339622642,10,83.58490566037736,3.3962264150943398,80.18867924528303
E00161155,406,49,14,35,357,19,338,12.068965517241379,3.4482758620689653,8.620689655172415,87.93103448275862,4.679802955665025,83.2512315270936
E00161156,539,61,24,37,478,24,454,11.317254174397032,4.452690166975881,6.8645640074211505,88.68274582560296,4.452690166975881,84.2300556586271
E00161157,310,42,20,22,268,19,249,13.548387096774196,6.451612903225806,7.096774193548387,86.45161290322581,6.129032258064516,80.3225806451613
E00161158,323,47,20,27,276,27,249,14.551083591331269,6.191950464396285,8.359133126934983,85.44891640866872,8.359133126934983,77.08978328173374
E00161159,339,48,20,28,291,20,271,14.15929203539823,5.899705014749262,8.259587020648967,85.84070796460178,5.899705014749262,79.9410029498525
E00161160,317,44,11,33,273,20,253,13.880126182965299,3.4700315457413247,10.410094637223976,86.1198738170347,6.309148264984227,79.81072555205047
E00161161,315,69,29,40,246,21,225,21.904761904761905,9.206349206349207,12.698412698412698,78.0952380952381,6.666666666666667,71.42857142857143
E00161162,439,63,28,35,376,17,359,14.350797266514807,6.378132118451026,7.972665148063782,85.6492027334852,3.8724373576309796,81.77676537585421
E00161163,314,51,23,28,263,28,235,16.24203821656051,7.32484076433121,8.9171974522293,83.7579617834395,8.9171974522293,74.84076433121018
E00161164,358,64,30,34,294,23,271,17.877094972067038,8.379888268156424,9.497206703910614,82.12290502793296,6.424581005586592,75.69832402234637
E00161165,279,38,10,28,241,24,217,13.620071684587815,3.584229390681003,10.03584229390681,86.37992831541219,8.60215053763441,77.77777777777779
E00161166,224,59,29,30,165,19,146,26.339285714285715,12.946428571428573,13.392857142857142,73.66071428571429,8.482142857142858,65.17857142857143
E00161167,320,54,24,30,266,17,249,16.875,7.5,9.375,83.125,5.3125,77.8125
E00161168,286,46,16,30,240,14,226,16.083916083916083,5.594405594405594,10.48951048951049,83.91608391608392,4.895104895104895,79.02097902097903
E00161169,270,63,28,35,207,7,200,23.333333333333332,10.37037037037037,12.962962962962962,76.66666666666667,2.5925925925925926,74.07407407407408
E00161170,314,54,22,32,260,23,237,17.197452229299362,7.006369426751593,10.191082802547772,82.80254777070064,7.32484076433121,75.47770700636943
E00161171,286,22,4,18,264,23,241,7.6923076923076925,1.3986013986013985,6.293706293706294,92.3076923076923,8.041958041958042,84.26573426573427
E00161172,308,52,17,35,256,24,232,16.883116883116884,5.51948051948052,11.363636363636363,83.11688311688312,7.792207792207792,75.32467532467533
E00161173,372,59,24,35,313,24,289,15.86021505376344,6.451612903225806,9.408602150537634,84.13978494623656,6.451612903225806,77.68817204301075
E00161174,356,68,26,42,288,29,259,19.101123595505616,7.303370786516854,11.797752808988763,80.89887640449437,8.146067415730338,72.75280898876404
E00161175,323,50,16,34,273,14,259,15.479876160990713,4.953560371517028,10.526315789473683,84.52012383900929,4.3343653250774,80.18575851393189
E00161176,314,46,22,24,268,20,248,14.64968152866242,7.006369426751593,7.643312101910828,85.35031847133759,6.369426751592357,78.98089171974523
E00161177,350,50,17,33,300,23,277,14.285714285714285,4.857142857142857,9.428571428571429,85.71428571428571,6.571428571428571,79.14285714285715
E00161178,346,29,10,19,317,28,289,8.38150289017341,2.8901734104046244,5.491329479768786,91.61849710982659,8.092485549132949,83.52601156069365
E00161179,291,44,13,31,247,26,221,15.120274914089347,4.4673539518900345,10.652920962199312,84.87972508591065,8.934707903780069,75.94501718213058
E00161180,315,51,25,26,264,18,246,16.19047619047619,7.936507936507936,8.253968253968253,83.80952380952381,5.714285714285714,78.0952380952381
E00161181,348,48,20,28,300,21,279,13.793103448275861,5.747126436781609,8.045977011494253,86.20689655172413,6.0344827586206895,80.17241379310344
E00161182,235,31,14,17,204,19,185,13.191489361702127,5.957446808510639,7.234042553191489,86.80851063829788,8.085106382978724,78.72340425531915
E00161183,279,66,27,39,213,16,197,23.655913978494624,9.67741935483871,13.978494623655912,76.34408602150538,5.734767025089606,70.60931899641577
E00161184,304,47,26,21,257,36,221,15.460526315789474,8.552631578947368,6.907894736842106,84.53947368421053,11.842105263157894,72.69736842105263
E00161185,315,45,25,20,270,18,252,14.285714285714285,7.936507936507936,6.349206349206349,85.71428571428571,5.714285714285714,80
E00161186,353,57,25,32,296,25,271,16.147308781869686,7.0821529745042495,9.06515580736544,83.85269121813032,7.0821529745042495,76.77053824362606
E00161187,390,66,31,35,324,29,295,16.923076923076923,7.948717948717948,8.974358974358974,83.07692307692308,7.435897435897436,75.64102564102564
E00161188,477,81,25,56,396,29,367,16.9811320754717,5.2410901467505235,11.740041928721174,83.01886792452831,6.079664570230608,76.93920335429769
E00161189,364,51,29,22,313,13,300,14.010989010989011,7.967032967032966,6.043956043956044,85.98901098901099,3.571428571428571,82.41758241758241
E00161190,345,52,24,28,293,20,273,15.072463768115943,6.956521739130435,8.115942028985506,84.92753623188406,5.797101449275362,79.13043478260869
E00161191,244,19,4,15,225,10,215,7.786885245901639,1.639344262295082,6.147540983606557,92.21311475409836,4.098360655737705,88.11475409836066
E00161192,344,55,23,32,289,22,267,15.988372093023257,6.686046511627906,9.30232558139535,84.01162790697676,6.395348837209303,77.61627906976744
E00161193,385,85,36,49,300,22,278,22.07792207792208,9.35064935064935,12.727272727272727,77.92207792207793,5.714285714285714,72.20779220779221
E00161194,257,88,44,44,169,15,154,34.24124513618677,17.120622568093385,17.120622568093385,65.75875486381322,5.836575875486381,59.92217898832685
E00161195,450,73,28,45,377,24,353,16.22222222222222,6.222222222222222,10,83.77777777777777,5.333333333333334,78.44444444444446
E00161196,266,67,36,31,199,11,188,25.18796992481203,13.533834586466165,11.654135338345863,74.81203007518798,4.135338345864661,70.67669172932331
E00161198,348,63,26,37,285,19,266,18.103448275862068,7.471264367816093,10.632183908045976,81.89655172413794,5.459770114942529,76.4367816091954
E00161199,391,56,28,28,335,17,318,14.322250639386189,7.161125319693094,7.161125319693094,85.6777493606138,4.3478260869565215,81.32992327365729
E00161200,279,46,14,32,233,17,216,16.48745519713262,5.017921146953405,11.469534050179211,83.51254480286738,6.093189964157706,77.41935483870968
E00161201,270,47,20,27,223,20,203,17.40740740740741,7.4074074074074066,10,82.5925925925926,7.4074074074074066,75.18518518518519
E00161202,324,35,16,19,289,16,273,10.802469135802468,4.938271604938271,5.864197530864197,89.19753086419753,4.938271604938271,84.25925925925925
E00167689,517,56,17,39,461,32,429,10.831721470019342,3.2882011605415857,7.543520309477756,89.16827852998065,6.189555125725339,82.97872340425532
E00167691,410,19,2,17,391,34,357,4.634146341463414,0.4878048780487805,4.146341463414634,95.36585365853658,8.292682926829269,87.07317073170732
E00167692,368,63,29,34,305,25,280,17.119565217391305,7.880434782608696,9.239130434782608,82.88043478260869,6.7934782608695645,76.08695652173914
E00167693,277,47,17,30,230,16,214,16.967509025270758,6.137184115523466,10.830324909747292,83.03249097472924,5.776173285198556,77.25631768953069
E00167694,310,41,16,25,269,17,252,13.225806451612904,5.161290322580645,8.064516129032258,86.7741935483871,5.483870967741936,81.29032258064515
E00167695,265,41,13,28,224,19,205,15.471698113207546,4.905660377358491,10.566037735849058,84.52830188679246,7.169811320754717,77.35849056603774
E00167696,325,44,16,28,281,19,262,13.538461538461538,4.923076923076923,8.615384615384615,86.46153846153845,5.846153846153846,80.61538461538461
E00167697,276,33,14,19,243,23,220,11.956521739130435,5.072463768115942,6.884057971014493,88.04347826086956,8.333333333333332,79.71014492753623
E00167698,271,36,11,25,235,23,212,13.284132841328415,4.059040590405904,9.22509225092251,86.71586715867159,8.487084870848708,78.22878228782287
E00167699,216,26,5,21,190,17,173,12.037037037037036,2.314814814814815,9.722222222222223,87.96296296296296,7.87037037037037,80.0925925925926
E00167700,257,36,12,24,221,19,202,14.007782101167315,4.669260700389105,9.33852140077821,85.99221789883269,7.392996108949417,78.59922178988327
E00167701,306,42,14,28,264,14,250,13.725490196078432,4.57516339869281,9.15032679738562,86.27450980392157,4.57516339869281,81.69934640522875
E00167702,300,29,6,23,271,34,237,9.666666666666666,2,7.666666666666666,90.33333333333333,11.333333333333332,79
E00167703,383,30,6,24,353,16,337,7.83289817232376,1.5665796344647518,6.266318537859007,92.16710182767625,4.177545691906006,87.98955613577023
E00167704,269,38,21,17,231,14,217,14.12639405204461,7.806691449814126,6.319702602230483,85.87360594795538,5.204460966542751,80.66914498141264
E00167705,270,57,25,32,213,20,193,21.11111111111111,9.25925925925926,11.851851851851853,78.88888888888889,7.4074074074074066,71.48148148148148
E00167706,251,29,2,27,222,22,200,11.553784860557768,0.796812749003984,10.756972111553784,88.44621513944223,8.764940239043826,79.6812749003984
E00188561,367,23,8,15,344,23,321,6.267029972752043,2.17983651226158,4.087193460490464,93.73297002724796,6.267029972752043,87.46594005449592
E00188564,374,36,12,24,338,31,307,9.62566844919786,3.2085561497326207,6.417112299465241,90.37433155080214,8.288770053475936,82.0855614973262
E00188570,370,31,6,25,339,33,306,8.378378378378379,1.6216216216216217,6.756756756756757,91.62162162162161,8.91891891891892,82.70270270270271
E00188583,293,32,14,18,261,22,239,10.921501706484642,4.778156996587031,6.143344709897611,89.07849829351537,7.508532423208192,81.56996587030717
E00188594,347,14,6,8,333,16,317,4.034582132564841,1.729106628242075,2.3054755043227666,95.96541786743515,4.610951008645533,91.35446685878964
E00188600,191,25,8,17,166,13,153,13.089005235602095,4.18848167539267,8.900523560209423,86.91099476439791,6.806282722513089,80.10471204188482
E00188602,309,43,18,25,266,8,258,13.915857605177994,5.825242718446602,8.090614886731391,86.08414239482201,2.5889967637540456,83.49514563106796
E00188609,265,23,10,13,242,6,236,8.679245283018867,3.7735849056603774,4.905660377358491,91.32075471698113,2.2641509433962264,89.05660377358491
E00188613,282,14,1,13,268,16,252,4.964539007092199,0.3546099290780142,4.609929078014184,95.0354609929078,5.673758865248227,89.36170212765957
E00188614,316,22,4,18,294,14,280,6.962025316455696,1.2658227848101267,5.69620253164557,93.0379746835443,4.430379746835443,88.60759493670885
E00188615,272,47,19,28,225,9,216,17.27941176470588,6.985294117647059,10.294117647058822,82.72058823529412,3.308823529411765,79.41176470588235
E00188619,253,43,17,26,210,9,201,16.99604743083004,6.719367588932807,10.276679841897234,83.00395256916995,3.557312252964427,79.44664031620553
E00188649,268,43,15,28,225,11,214,16.044776119402986,5.597014925373134,10.44776119402985,83.95522388059702,4.104477611940299,79.8507462686567
E00188652,281,23,9,14,258,18,240,8.185053380782918,3.202846975088968,4.98220640569395,91.81494661921708,6.405693950177936,85.40925266903915
E00188654,195,77,39,38,118,10,108,39.48717948717949,20,19.48717948717949,60.51282051282051,5.128205128205128,55.38461538461539
E00188657,238,43,17,26,195,16,179,18.067226890756302,7.142857142857142,10.92436974789916,81.9327731092437,6.722689075630252,75.21008403361344
E00188660,319,64,24,40,255,24,231,20.06269592476489,7.523510971786834,12.539184952978054,79.9373040752351,7.523510971786834,72.41379310344827
E00188676,372,68,31,37,304,22,282,18.27956989247312,8.333333333333332,9.946236559139784,81.72043010752688,5.913978494623656,75.80645161290323
E00188681,301,19,4,15,282,24,258,6.312292358803987,1.3289036544850499,4.983388704318937,93.68770764119601,7.973421926910299,85.71428571428571
E00188683,368,31,11,20,337,24,313,8.423913043478262,2.989130434782609,5.434782608695652,91.57608695652173,6.521739130434782,85.05434782608695
E00188696,296,28,9,19,268,10,258,9.45945945945946,3.040540540540541,6.418918918918918,90.54054054054053,3.3783783783783785,87.16216216216216
E00188701,335,23,3,20,312,31,281,6.865671641791045,0.8955223880597015,5.970149253731343,93.13432835820895,9.253731343283581,83.88059701492537
E00188708,301,9,4,5,292,13,279,2.990033222591362,1.3289036544850499,1.6611295681063125,97.00996677740864,4.318936877076411,92.69102990033223
E00188717,360,39,16,23,321,15,306,10.833333333333334,4.444444444444445,6.388888888888888,89.16666666666667,4.166666666666666,85
E00188719,248,21,10,11,227,8,219,8.46774193548387,4.032258064516129,4.435483870967742,91.53225806451613,3.225806451612903,88.30645161290323
E00188720,331,47,10,37,284,20,264,14.19939577039275,3.0211480362537766,11.178247734138973,85.80060422960725,6.042296072507553,79.7583081570997
E00188726,354,30,17,13,324,21,303,8.47457627118644,4.80225988700565,3.672316384180791,91.52542372881356,5.932203389830509,85.59322033898306
E00188733,339,49,15,34,290,20,270,14.454277286135694,4.424778761061947,10.029498525073747,85.54572271386431,5.899705014749262,79.64601769911505
E00188737,361,25,3,22,336,30,306,6.9252077562326875,0.8310249307479225,6.094182825484765,93.07479224376732,8.310249307479225,84.7645429362881
E00188743,225,28,9,19,197,11,186,12.444444444444445,4,8.444444444444445,87.55555555555556,4.888888888888889,82.66666666666667
E00188748,178,39,20,19,139,10,129,21.910112359550563,11.235955056179774,10.674157303370785,78.08988764044943,5.617977528089887,72.47191011235955
E00188750,345,51,22,29,294,18,276,14.782608695652174,6.3768115942028984,8.405797101449275,85.21739130434783,5.217391304347826,80
E00188751,267,41,21,20,226,7,219,15.355805243445692,7.865168539325842,7.490636704119851,84.6441947565543,2.6217228464419478,82.02247191011236
