OA,ts0590001,ts0590002,ts0590003,ts0590004,ts0590005,ts0590006,ts0590007,ts0590002_PCT,ts0590003_PCT,ts0590004_PCT,ts0590005_PCT,ts0590006_PCT,ts0590007_PCT
E00157750,161,49,16,33,112,90,22,30.434782608695656,9.937888198757763,20.496894409937887,69.56521739130434,55.90062111801242,13.664596273291925
E00157751,54,15,11,4,39,27,12,27.77777777777778,20.37037037037037,7.4074074074074066,72.22222222222221,50,22.22222222222222
E00157752,169,55,19,36,114,87,27,32.544378698224854,11.242603550295858,21.301775147928996,67.45562130177515,51.4792899408284,15.976331360946746
E00157753,164,24,6,18,140,107,33,14.634146341463413,3.6585365853658534,10.975609756097562,85.36585365853658,65.2439024390244,20.121951219512198
E00157754,198,44,17,27,154,127,27,22.22222222222222,8.585858585858585,13.636363636363635,77.77777777777779,64.14141414141415,13.636363636363635
E00157755,174,39,10,29,135,113,22,22.413793103448278,5.747126436781609,16.666666666666664,77.58620689655173,64.9425287356322,12.643678160919542
E00157756,106,33,12,21,73,62,11,31.132075471698112,11.320754716981133,19.81132075471698,68.86792452830188,58.490566037735846,10.377358490566039
E00157757,61,17,6,11,44,37,7,27.86885245901639,9.836065573770492,18.0327868852459,72.1311475409836,60.65573770491803,11.475409836065573
E00157758,189,56,26,30,133,78,55,29.629629629629626,13.756613756613756,15.873015873015872,70.37037037037037,41.269841269841265,29.100529100529098
E00157759,103,25,8,17,78,60,18,24.271844660194176,7.766990291262135,16.50485436893204,75.72815533980582,58.252427184466015,17.475728155339805
E00157760,209,57,16,41,152,131,21,27.27272727272727,7.655502392344498,19.617224880382775,72.72727272727273,62.67942583732058,10.047846889952153
E00157761,171,55,14,41,116,95,21,32.16374269005848,8.187134502923977,23.976608187134502,67.83625730994152,55.55555555555556,12.280701754385964
E00157762,185,58,19,39,127,111,16,31.351351351351354,10.27027027027027,21.08108108108108,68.64864864864865,60,8.64864864864865
E00157763,202,63,23,40,139,119,20,31.18811881188119,11.386138613861387,19.801980198019802,68.8118811881188,58.91089108910891,9.900990099009901
E00157764,158,45,16,29,113,99,14,28.48101265822785,10.126582278481013,18.354430379746837,71.51898734177216,62.65822784810127,8.860759493670885
E00157765,154,42,13,29,112,80,32,27.27272727272727,8.441558441558442,18.83116883116883,72.72727272727273,51.94805194805194,20.77922077922078
E00157766,154,41,21,20,113,98,15,26.623376623376622,13.636363636363635,12.987012987012985,73.37662337662337,63.63636363636363,9.740259740259742
E00157767,192,55,15,40,137,114,23,28.645833333333332,7.8125,20.833333333333336,71.35416666666666,59.375,11.979166666666668
E00157768,130,42,16,26,88,76,12,32.30769230769231,12.307692307692308,20,67.6923076923077,58.46153846153847,9.230769230769232
E00157769,218,55,19,36,163,140,23,25.229357798165136,8.715596330275229,16.51376146788991,74.77064220183486,64.22018348623854,10.550458715596331
E00157770,171,42,11,31,129,102,27,24.561403508771928,6.432748538011696,18.128654970760234,75.43859649122807,59.64912280701754,15.789473684210526
E00157771,123,44,21,23,79,71,8,35.77235772357724,17.073170731707318,18.69918699186992,64.22764227642277,57.72357723577236,6.504065040650407
E00157772,121,37,13,24,84,72,12,30.57851239669421,10.743801652892563,19.834710743801654,69.42148760330579,59.50413223140496,9.917355371900827
E00157773,92,27,8,19,65,55,10,29.347826086956523,8.695652173913043,20.652173913043477,70.65217391304348,59.78260869565217,10.869565217391305
E00157774,130,40,17,23,90,73,17,30.76923076923077,13.076923076923078,17.692307692307693,69.23076923076923,56.15384615384615,13.076923076923078
E00157775,142,37,16,21,105,87,18,26.056338028169012,11.267605633802818,14.788732394366196,73.94366197183099,61.267605633802816,12.676056338028168
E00157776,148,52,17,35,96,85,11,35.13513513513514,11.486486486486488,23.64864864864865,64.86486486486487,57.432432432432435,7.4324324324324325
E00157777,215,65,20,45,150,132,18,30.23255813953488,9.30232558139535,20.930232558139537,69.76744186046511,61.395348837209305,8.372093023255815
E00157778,185,58,22,36,127,104,23,31.351351351351354,11.891891891891893,19.45945945945946,68.64864864864865,56.21621621621622,12.432432432432433
E00157779,215,63,23,40,152,133,19,29.30232558139535,10.69767441860465,18.6046511627907,70.69767441860465,61.86046511627907,8.837209302325581
E00157780,195,48,19,29,147,117,30,24.615384615384617,9.7435897435897445,14.871794871794872,75.38461538461539,60,15.384615384615385
E00157781,165,58,19,39,107,89,18,35.15151515151515,11.515151515151516,23.636363636363637,64.84848484848484,53.939393939393945,10.909090909090908
E00157782,115,28,11,17,87,77,10,24.347826086956523,9.565217391304348,14.782608695652174,75.65217391304347,66.95652173913044,8.695652173913043
E00157783,318,93,35,58,225,187,38,29.245283018867923,11.0062893081761,18.238993710691823,70.75471698113208,58.80503144654088,11.949685534591195
E00157784,161,38,12,26,123,102,21,23.60248447204969,7.453416149068323,16.149068322981368,76.3975155279503,63.35403726708074,13.043478260869565
E00157785,139,63,21,42,76,66,10,45.32374100719424,15.107913669064748,30.215827338129497,54.67625899280576,47.482014388489205,7.1942446043165464
E00157786,147,37,10,27,110,85,25,25.170068027210885,6.802721088435375,18.367346938775512,74.82993197278913,57.82312925170068,17.006802721088434
E00157787,142,45,18,27,97,84,13,31.690140845070424,12.676056338028168,19.014084507042252,68.30985915492957,59.154929577464785,9.15492957746479
E00157788,157,36,8,28,121,101,20,22.929936305732486,5.095541401273886,17.8343949044586,77.07006369426752,64.3312101910828,12.738853503184714
E00157789,179,49,18,31,130,114,16,27.37430167597765,10.05586592178771,17.318435754189945,72.62569832402235,63.687150837988824,8.938547486033519
E00157790,149,59,20,39,90,77,13,39.59731543624161,13.422818791946309,26.174496644295303,60.40268456375839,51.67785234899329,8.724832214765101
E00157791,262,57,17,40,205,168,37,21.755725190839694,6.488549618320611,15.267175572519085,78.2442748091603,64.12213740458014,14.122137404580155
E00157792,130,33,10,23,97,86,11,25.384615384615383,7.6923076923076925,17.692307692307693,74.61538461538461,66.15384615384615,8.461538461538462
E00157793,139,40,15,25,99,82,17,28.776978417266186,10.79136690647482,17.985611510791365,71.22302158273382,58.992805755395686,12.23021582733813
E00157794,136,44,15,29,92,83,9,32.35294117647059,11.029411764705882,21.323529411764707,67.64705882352942,61.029411764705884,6.61764705882353
E00157795,145,35,9,26,110,90,20,24.137931034482758,6.206896551724138,17.93103448275862,75.86206896551724,62.06896551724138,13.793103448275861
E00157796,113,27,9,18,86,73,13,23.893805309734514,7.964601769911504,15.929203539823009,76.10619469026548,64.60176991150442,11.504424778761061
E00157797,157,24,6,18,133,106,27,15.286624203821656,3.821656050955414,11.464968152866243,84.71337579617835,67.51592356687898,17.197452229299362
E00157798,114,29,12,17,85,76,9,25.438596491228072,10.526315789473683,14.912280701754385,74.56140350877193,66.66666666666666,7.894736842105263
E00157799,143,57,22,35,86,74,12,39.86013986013986,15.384615384615385,24.475524475524477,60.13986013986013,51.74825174825175,8.391608391608392
E00157800,137,52,14,38,85,77,8,37.95620437956204,10.218978102189782,27.73722627737226,62.04379562043796,56.20437956204379,5.839416058394161
E00157801,108,23,4,19,85,70,15,21.296296296296298,3.7037037037037033,17.59259259259259,78.70370370370371,64.81481481481481,13.88888888888889
E00157802,151,43,20,23,108,93,15,28.47682119205298,13.245033112582782,15.2317880794702,71.52317880794702,61.58940397350994,9.933774834437086
E00157803,115,36,10,26,79,69,10,31.30434782608696,8.695652173913043,22.608695652173914,68.69565217391305,60,8.695652173913043
E00157804,136,27,9,18,109,92,17,19.852941176470587,6.61764705882353,13.23529411764706,80.14705882352942,67.64705882352942,12.5
E00157806,122,25,11,14,97,85,12,20.491803278688526,9.01639344262295,11.475409836065573,79.50819672131148,69.67213114754098,9.836065573770492
E00157807,141,38,12,26,103,90,13,26.95035460992908,8.51063829787234,18.439716312056735,73.04964539007092,63.829787234042556,9.219858156028367
E00157808,182,43,18,25,139,117,22,23.626373626373624,9.89010989010989,13.736263736263737,76.37362637362637,64.28571428571429,12.087912087912088
E00157810,185,55,12,43,130,108,22,29.72972972972973,6.486486486486487,23.243243243243246,70.27027027027027,58.37837837837838,11.891891891891893
E00157811,169,52,14,38,117,105,12,30.76923076923077,8.284023668639055,22.485207100591715,69.23076923076923,62.1301775147929,7.100591715976331
E00157812,173,49,18,31,124,108,16,28.32369942196532,10.404624277456648,17.91907514450867,71.67630057803468,62.42774566473989,9.248554913294797
E00157813,154,39,12,27,115,96,19,25.324675324675322,7.792207792207792,17.532467532467532,74.67532467532467,62.33766233766234,12.337662337662337
E00157814,171,43,10,33,128,104,24,25.146198830409354,5.847953216374268,19.298245614035086,74.85380116959064,60.81871345029239,14.035087719298245
E00157815,170,52,25,27,118,99,19,30.58823529411765,14.705882352941178,15.88235294117647,69.41176470588235,58.235294117647065,11.176470588235295
E00157816,156,43,15,28,113,96,17,27.564102564102566,9.615384615384617,17.94871794871795,72.43589743589743,61.53846153846154,10.897435897435898
E00157817,146,26,7,19,120,108,12,17.80821917808219,4.794520547945205,13.013698630136986,82.1917808219178,73.97260273972603,8.21917808219178
E00157818,181,34,6,28,147,124,23,18.784530386740332,3.314917127071823,15.469613259668508,81.21546961325967,68.50828729281768,12.70718232044199
E00157819,65,16,5,11,49,38,11,24.615384615384617,7.6923076923076925,16.923076923076923,75.38461538461539,58.46153846153847,16.923076923076923
E00157820,151,47,11,36,104,96,8,31.125827814569533,7.28476821192053,23.841059602649008,68.87417218543047,63.576158940397356,5.298013245033113
E00157821,140,45,21,24,95,77,18,32.142857142857146,15,17.142857142857142,67.85714285714286,55.00000000000001,12.857142857142856
E00157822,165,45,9,36,120,106,14,27.27272727272727,5.454545454545454,21.818181818181817,72.72727272727273,64.24242424242425,8.484848484848486
E00157823,109,36,10,26,73,62,11,33.02752293577982,9.174311926605505,23.853211009174313,66.97247706422019,56.88073394495413,10.091743119266056
E00157824,173,48,15,33,125,113,12,27.74566473988439,8.670520231213873,19.07514450867052,72.25433526011561,65.3179190751445,6.9364161849710975
E00157825,158,49,18,31,109,93,16,31.0126582278481,11.39240506329114,19.62025316455696,68.9873417721519,58.86075949367089,10.126582278481013
E00157826,166,44,24,20,122,114,8,26.506024096385545,14.457831325301203,12.048192771084338,73.49397590361446,68.67469879518072,4.819277108433735
E00157827,226,67,17,50,159,140,19,29.646017699115045,7.52212389380531,22.123893805309734,70.35398230088495,61.94690265486725,8.4070796460177
E00157828,161,49,12,37,112,93,19,30.434782608695656,7.453416149068323,22.981366459627328,69.56521739130434,57.7639751552795,11.801242236024844
E00157829,169,56,21,35,113,96,17,33.13609467455622,12.42603550295858,20.710059171597635,66.86390532544378,56.80473372781065,10.059171597633137
E00157830,144,47,17,30,97,85,12,32.63888888888889,11.805555555555555,20.833333333333336,67.36111111111111,59.02777777777778,8.333333333333332
E00157831,169,39,18,21,130,96,34,23.076923076923077,10.650887573964498,12.42603550295858,76.92307692307693,56.80473372781065,20.118343195266274
E00157832,160,45,14,31,115,99,16,28.125,8.75,19.375,71.875,61.875,10
E00157833,163,42,10,32,121,108,13,25.766871165644172,6.134969325153374,19.631901840490798,74.23312883435584,66.25766871165644,7.975460122699387
E00157834,137,37,14,23,100,88,12,27.00729927007299,10.218978102189782,16.78832116788321,72.99270072992701,64.23357664233576,8.75912408759124
E00157835,148,35,15,20,113,93,20,23.64864864864865,10.135135135135135,13.513513513513514,76.35135135135135,62.83783783783784,13.513513513513514
E00157836,75,28,10,18,47,40,7,37.333333333333336,13.333333333333334,24,62.66666666666667,53.333333333333336,9.333333333333334
E00157837,99,37,13,24,62,49,13,37.37373737373738,13.131313131313133,24.242424242424242,62.62626262626263,49.494949494949495,13.131313131313133
E00157838,154,49,13,36,105,95,10,31.818181818181817,8.441558441558442,23.376623376623375,68.18181818181817,61.68831168831169,6.493506493506493
E00157839,177,46,12,34,131,117,14,25.98870056497175,6.779661016949152,19.2090395480226,74.01129943502825,66.10169491525424,7.909604519774012
E00157840,215,57,24,33,158,137,21,26.51162790697674,11.162790697674419,15.348837209302326,73.48837209302326,63.72093023255814,9.767441860465116
E00157841,97,36,9,27,61,49,12,37.11340206185567,9.278350515463918,27.835051546391753,62.88659793814433,50.51546391752577,12.371134020618557
E00157842,145,41,12,29,104,89,15,28.27586206896552,8.275862068965518,20,71.72413793103448,61.37931034482759,10.344827586206897
E00157843,123,30,11,19,93,74,19,24.390243902439025,8.94308943089431,15.447154471544716,75.60975609756098,60.16260162601627,15.447154471544716
E00157844,179,49,25,24,130,112,18,27.37430167597765,13.966480446927374,13.40782122905028,72.62569832402235,62.56983240223464,10.05586592178771
E00157845,153,33,17,16,120,86,34,21.568627450980394,11.11111111111111,10.457516339869281,78.43137254901961,56.209150326797385,22.22222222222222
E00157846,149,38,12,26,111,88,23,25.503355704697988,8.053691275167784,17.449664429530202,74.49664429530202,59.06040268456376,15.436241610738255
E00157847,142,37,15,22,105,76,29,26.056338028169012,10.56338028169014,15.492957746478872,73.94366197183099,53.52112676056338,20.422535211267608
E00157848,141,39,16,23,102,76,26,27.659574468085108,11.347517730496454,16.312056737588655,72.3404255319149,53.90070921985816,18.439716312056735
E00157849,153,45,24,21,108,74,34,29.411764705882355,15.686274509803921,13.725490196078432,70.58823529411765,48.366013071895424,22.22222222222222
E00157850,152,49,22,27,103,83,20,32.23684210526316,14.473684210526317,17.763157894736842,67.76315789473685,54.60526315789473,13.157894736842104
E00157851,194,73,30,43,121,83,38,37.628865979381445,15.463917525773196,22.164948453608247,62.371134020618555,42.78350515463917,19.587628865979383
E00157852,186,36,18,18,150,129,21,19.35483870967742,9.67741935483871,9.67741935483871,80.64516129032258,69.35483870967742,11.29032258064516
E00157853,282,42,21,21,240,213,27,14.893617021276595,7.446808510638298,7.446808510638298,85.1063829787234,75.53191489361703,9.574468085106384
E00157854,141,42,12,30,99,66,33,29.78723404255319,8.51063829787234,21.27659574468085,70.2127659574468,46.808510638297875,23.404255319148938
E00157855,216,52,17,35,164,135,29,24.074074074074073,7.87037037037037,16.203703703703702,75.92592592592592,62.5,13.425925925925927
E00157856,190,57,26,31,133,95,38,30,13.684210526315791,16.315789473684212,70,50,20
E00157857,168,51,22,29,117,78,39,30.357142857142854,13.095238095238097,17.261904761904763,69.64285714285714,46.42857142857143,23.214285714285715
E00157858,155,40,22,18,115,92,23,25.806451612903224,14.193548387096774,11.612903225806452,74.19354838709677,59.354838709677416,14.838709677419354
E00157859,158,50,15,35,108,85,23,31.645569620253166,9.49367088607595,22.151898734177212,68.35443037974683,53.79746835443038,14.556962025316455
E00157860,179,41,16,25,138,109,29,22.905027932960895,8.938547486033519,13.966480446927374,77.09497206703911,60.893854748603346,16.201117318435752
E00157861,155,37,14,23,118,86,32,23.870967741935484,9.032258064516128,14.838709677419354,76.12903225806451,55.483870967741936,20.64516129032258
E00157862,166,53,21,32,113,83,30,31.92771084337349,12.650602409638553,19.27710843373494,68.07228915662651,50,18.072289156626507
E00157863,150,43,16,27,107,81,26,28.666666666666668,10.666666666666668,18,71.33333333333334,54,17.333333333333336
E00157864,216,56,20,36,160,124,36,25.925925925925924,9.25925925925926,16.666666666666664,74.07407407407408,57.407407407407405,16.666666666666664
E00157865,155,44,16,28,111,90,21,28.387096774193548,10.32258064516129,18.064516129032256,71.61290322580646,58.06451612903226,13.548387096774196
E00157866,127,27,10,17,100,80,20,21.25984251968504,7.874015748031496,13.385826771653544,78.74015748031496,62.99212598425197,15.748031496062993
E00157867,177,49,27,22,128,110,18,27.683615819209038,15.254237288135593,12.429378531073446,72.31638418079096,62.14689265536724,10.16949152542373
E00157868,88,29,11,18,59,47,12,32.95454545454545,12.5,20.454545454545457,67.04545454545455,53.40909090909091,13.636363636363635
E00157869,166,24,9,15,142,123,19,14.457831325301203,5.421686746987952,9.036144578313253,85.54216867469879,74.09638554216868,11.44578313253012
E00157870,179,38,11,27,141,119,22,21.22905027932961,6.145251396648044,15.083798882681565,78.77094972067039,66.4804469273743,12.290502793296088
E00157871,187,49,22,27,138,101,37,26.203208556149733,11.76470588235294,14.43850267379679,73.79679144385027,54.01069518716578,19.786096256684495
E00157872,175,45,18,27,130,105,25,25.71428571428571,10.285714285714285,15.428571428571427,74.28571428571429,60,14.285714285714285
E00157873,194,65,31,34,129,92,37,33.50515463917525,15.979381443298967,17.525773195876287,66.49484536082474,47.42268041237113,19.072164948453608
E00157874,67,26,12,14,41,29,12,38.80597014925373,17.91044776119403,20.8955223880597,61.19402985074627,43.28358208955223,17.91044776119403
E00157875,158,56,31,25,102,81,21,35.44303797468354,19.62025316455696,15.822784810126583,64.55696202531645,51.26582278481012,13.291139240506327
E00157876,177,46,16,30,131,114,17,25.98870056497175,9.03954802259887,16.94915254237288,74.01129943502825,64.40677966101694,9.6045197740113
E00157877,160,44,18,26,116,97,19,27.500000000000004,11.25,16.25,72.5,60.62499999999999,11.875
E00157878,194,53,21,32,141,115,26,27.31958762886598,10.824742268041238,16.49484536082474,72.68041237113401,59.27835051546392,13.402061855670103
E00157879,169,60,21,39,109,91,18,35.50295857988166,12.42603550295858,23.076923076923077,64.49704142011834,53.84615384615385,10.650887573964498
E00157880,155,37,14,23,118,103,15,23.870967741935484,9.032258064516128,14.838709677419354,76.12903225806451,66.45161290322581,9.67741935483871
E00157882,166,36,15,21,130,106,24,21.686746987951807,9.036144578313253,12.650602409638553,78.3132530120482,63.85542168674698,14.457831325301203
E00157884,178,45,22,23,133,115,18,25.280898876404496,12.359550561797752,12.921348314606742,74.71910112359551,64.60674157303372,10.112359550561797
E00157885,156,42,14,28,114,103,11,26.923076923076923,8.974358974358974,17.94871794871795,73.07692307692307,66.02564102564102,7.051282051282051
E00157886,202,74,31,43,128,114,14,36.633663366336634,15.346534653465346,21.287128712871286,63.366336633663366,56.43564356435643,6.9306930693069315
E00157888,108,38,8,30,70,63,7,35.18518518518518,7.4074074074074066,27.77777777777778,64.81481481481481,58.333333333333336,6.481481481481481
E00157889,162,49,17,32,113,98,15,30.246913580246915,10.493827160493826,19.753086419753085,69.75308641975309,60.49382716049383,9.25925925925926
E00157890,169,34,12,22,135,116,19,20.118343195266274,7.100591715976331,13.017751479289942,79.88165680473372,68.63905325443787,11.242603550295858
E00157891,159,47,18,29,112,96,16,29.559748427672954,11.320754716981133,18.238993710691823,70.44025157232704,60.37735849056604,10.062893081761008
E00157892,108,32,12,20,76,68,8,29.629629629629626,11.11111111111111,18.51851851851852,70.37037037037037,62.96296296296296,7.4074074074074066
E00157893,144,34,8,26,110,92,18,23.61111111111111,5.555555555555555,18.055555555555554,76.38888888888889,63.888888888888886,12.5
E00157894,154,38,10,28,116,104,12,24.675324675324674,6.493506493506493,18.181818181818183,75.32467532467533,67.53246753246754,7.792207792207792
E00157895,134,40,14,26,94,78,16,29.850746268656714,10.44776119402985,19.402985074626866,70.1492537313433,58.2089552238806,11.940298507462686
E00157896,168,53,27,26,115,103,12,31.547619047619047,16.071428571428573,15.476190476190476,68.45238095238095,61.30952380952381,7.142857142857142
E00157897,145,33,13,20,112,96,16,22.758620689655174,8.96551724137931,13.793103448275861,77.24137931034483,66.20689655172414,11.03448275862069
E00157898,154,51,28,23,103,85,18,33.116883116883116,18.181818181818183,14.935064935064934,66.88311688311688,55.1948051948052,11.688311688311687
E00157899,221,56,18,38,165,136,29,25.339366515837103,8.144796380090497,17.194570135746606,74.6606334841629,61.53846153846154,13.122171945701359
E00157900,196,64,27,37,132,115,17,32.6530612244898,13.77551020408163,18.877551020408163,67.3469387755102,58.673469387755105,8.673469387755102
E00157901,157,50,20,30,107,90,17,31.84713375796178,12.738853503184714,19.10828025477707,68.15286624203821,57.324840764331206,10.828025477707007
E00157902,173,44,12,32,129,110,19,25.43352601156069,6.9364161849710975,18.497109826589593,74.56647398843931,63.58381502890174,10.982658959537572
E00157903,188,52,30,22,136,114,22,27.659574468085108,15.957446808510639,11.702127659574469,72.3404255319149,60.63829787234043,11.702127659574469
E00157904,149,38,15,23,111,90,21,25.503355704697988,10.06711409395973,15.436241610738255,74.49664429530202,60.40268456375839,14.093959731543624
E00157906,143,42,15,27,101,82,19,29.37062937062937,10.48951048951049,18.88111888111888,70.62937062937063,57.34265734265735,13.286713286713287
E00157907,188,50,14,36,138,117,21,26.595744680851062,7.446808510638298,19.148936170212767,73.40425531914893,62.23404255319149,11.170212765957446
E00157908,169,39,16,23,130,112,18,23.076923076923077,9.467455621301776,13.609467455621301,76.92307692307693,66.27218934911244,10.650887573964498
E00157909,168,36,10,26,132,111,21,21.428571428571427,5.952380952380952,15.476190476190476,78.57142857142857,66.07142857142857,12.5
E00157911,198,40,17,23,158,131,27,20.2020202020202,8.585858585858585,11.616161616161616,79.7979797979798,66.16161616161617,13.636363636363635
E00157912,173,55,19,36,118,96,22,31.79190751445087,10.982658959537572,20.809248554913296,68.20809248554913,55.49132947976878,12.716763005780345
E00157914,206,63,30,33,143,110,33,30.582524271844658,14.563106796116504,16.019417475728158,69.41747572815534,53.398058252427184,16.019417475728158
E00157915,150,45,19,26,105,76,29,30,12.666666666666668,17.333333333333336,70,50.66666666666667,19.333333333333332
E00157916,158,54,14,40,104,89,15,34.177215189873415,8.860759493670885,25.31645569620253,65.82278481012658,56.32911392405063,9.49367088607595
E00157917,186,63,19,44,123,105,18,33.87096774193548,10.21505376344086,23.655913978494624,66.12903225806451,56.451612903225815,9.67741935483871
E00157918,142,47,14,33,95,84,11,33.098591549295776,9.859154929577464,23.239436619718308,66.90140845070422,59.154929577464785,7.746478873239436
E00157919,168,48,14,34,120,105,15,28.57142857142857,8.333333333333332,20.238095238095237,71.42857142857143,62.5,8.928571428571429
E00157920,162,34,17,17,128,109,19,20.98765432098765,10.493827160493826,10.493827160493826,79.01234567901234,67.28395061728395,11.728395061728394
E00157921,135,35,12,23,100,89,11,25.925925925925924,8.88888888888889,17.037037037037038,74.07407407407408,65.92592592592592,8.148148148148149
E00157922,193,60,24,36,133,122,11,31.088082901554404,12.435233160621761,18.65284974093264,68.9119170984456,63.212435233160626,5.699481865284974
E00157923,175,45,15,30,130,112,18,25.71428571428571,8.571428571428571,17.142857142857142,74.28571428571429,64,10.285714285714285
E00157924,210,46,17,29,164,138,26,21.904761904761905,8.095238095238095,13.80952380952381,78.0952380952381,65.71428571428571,12.380952380952381
E00157925,154,39,17,22,115,98,17,25.324675324675322,11.03896103896104,14.285714285714285,74.67532467532467,63.63636363636363,11.03896103896104
E00157926,52,23,5,18,29,24,5,44.230769230769226,9.615384615384617,34.61538461538461,55.769230769230774,46.15384615384615,9.615384615384617
E00157927,190,68,25,43,122,108,14,35.78947368421053,13.157894736842104,22.63157894736842,64.21052631578948,56.84210526315789,7.368421052631578
E00157928,186,39,14,25,147,127,20,20.967741935483872,7.526881720430108,13.440860215053762,79.03225806451613,68.27956989247312,10.75268817204301
E00157930,178,63,19,44,115,102,13,35.39325842696629,10.674157303370785,24.719101123595504,64.60674157303372,57.30337078651685,7.303370786516854
E00157931,231,86,30,56,145,128,17,37.22943722943723,12.987012987012985,24.242424242424242,62.77056277056276,55.41125541125541,7.35930735930736
E00157932,204,71,27,44,133,114,19,34.80392156862745,13.23529411764706,21.568627450980394,65.19607843137256,55.88235294117647,9.313725490196079
E00157933,210,74,30,44,136,123,13,35.23809523809524,14.285714285714285,20.952380952380953,64.76190476190476,58.57142857142858,6.190476190476191
E00157934,45,18,6,12,27,23,4,40,13.333333333333334,26.666666666666668,60,51.11111111111111,8.88888888888889
E00157935,222,73,30,43,149,134,15,32.88288288288289,13.513513513513514,19.36936936936937,67.11711711711712,60.36036036036037,6.756756756756757
E00157936,94,39,14,25,55,51,4,41.48936170212766,14.893617021276595,26.595744680851062,58.51063829787234,54.25531914893617,4.25531914893617
E00157937,42,21,8,13,21,17,4,50,19.047619047619047,30.952380952380953,50,40.476190476190474,9.523809523809524
E00157938,187,63,23,40,124,115,9,33.68983957219251,12.299465240641712,21.390374331550802,66.31016042780749,61.49732620320856,4.81283422459893
E00157939,178,62,27,35,116,99,17,34.831460674157306,15.168539325842698,19.662921348314608,65.1685393258427,55.61797752808989,9.550561797752808
E00157940,246,76,24,52,170,152,18,30.89430894308943,9.75609756097561,21.138211382113823,69.10569105691057,61.78861788617886,7.317073170731707
E00157941,212,66,26,40,146,129,17,31.132075471698112,12.264150943396226,18.867924528301888,68.86792452830188,60.84905660377359,8.018867924528301
E00157942,235,65,26,39,170,143,27,27.659574468085108,11.063829787234042,16.595744680851062,72.3404255319149,60.851063829787236,11.48936170212766
E00157943,228,68,27,41,160,148,12,29.82456140350877,11.842105263157894,17.982456140350877,70.17543859649122,64.91228070175438,5.263157894736842
E00157944,189,73,28,45,116,100,16,38.62433862433862,14.814814814814813,23.809523809523807,61.37566137566137,52.910052910052904,8.465608465608465
E00157945,176,75,28,47,101,88,13,42.61363636363637,15.909090909090908,26.704545454545453,57.38636363636363,50,7.386363636363637
E00157946,175,74,30,44,101,95,6,42.285714285714285,17.142857142857142,25.142857142857146,57.714285714285715,54.285714285714285,3.428571428571429
E00157947,273,73,32,41,200,173,27,26.73992673992674,11.72161172161172,15.018315018315018,73.26007326007326,63.369963369963365,9.89010989010989
E00157948,210,67,33,34,143,129,14,31.9047619047619,15.714285714285714,16.19047619047619,68.0952380952381,61.42857142857143,6.666666666666667
E00157949,196,70,27,43,126,107,19,35.714285714285715,13.77551020408163,21.93877551020408,64.28571428571429,54.59183673469388,9.693877551020408
E00157950,203,56,21,35,147,120,27,27.586206896551722,10.344827586206897,17.24137931034483,72.41379310344827,59.11330049261084,13.30049261083744
E00157951,273,67,28,39,206,178,28,24.54212454212454,10.256410256410255,14.285714285714285,75.45787545787546,65.2014652014652,10.256410256410255
E00157952,236,93,49,44,143,132,11,39.40677966101695,20.76271186440678,18.64406779661017,60.59322033898306,55.932203389830505,4.661016949152542
E00157953,168,44,19,25,124,88,36,26.190476190476193,11.30952380952381,14.880952380952381,73.80952380952381,52.38095238095239,21.428571428571427
E00157954,179,61,34,27,118,82,36,34.07821229050279,18.994413407821227,15.083798882681565,65.92178770949721,45.81005586592179,20.11173184357542
E00157955,138,26,13,13,112,82,30,18.84057971014493,9.420289855072465,9.420289855072465,81.15942028985508,59.42028985507246,21.73913043478261
E00157956,132,41,25,16,91,66,25,31.060606060606062,18.939393939393938,12.121212121212121,68.93939393939394,50,18.939393939393938
E00157957,139,39,17,22,100,75,25,28.05755395683453,12.23021582733813,15.827338129496402,71.94244604316546,53.956834532374096,17.985611510791365
E00157958,175,46,22,24,129,104,25,26.285714285714285,12.571428571428573,13.714285714285715,73.71428571428571,59.42857142857143,14.285714285714285
E00157959,167,46,25,21,121,99,22,27.54491017964072,14.97005988023952,12.574850299401197,72.45508982035929,59.281437125748504,13.17365269461078
E00157960,245,59,22,37,186,150,36,24.081632653061224,8.979591836734693,15.10204081632653,75.91836734693878,61.224489795918366,14.69387755102041
E00157961,207,52,20,32,155,118,37,25.120772946859905,9.66183574879227,15.458937198067632,74.8792270531401,57.00483091787439,17.874396135265698
E00157962,195,51,24,27,144,118,26,26.153846153846157,12.307692307692308,13.846153846153847,73.84615384615385,60.51282051282051,13.333333333333334
E00157963,137,45,21,24,92,64,28,32.846715328467155,15.328467153284672,17.51824817518248,67.15328467153284,46.715328467153284,20.437956204379564
E00157964,248,41,20,21,207,156,51,16.532258064516128,8.064516129032258,8.46774193548387,83.46774193548387,62.903225806451616,20.56451612903226
E00157965,94,19,9,10,75,52,23,20.212765957446805,9.574468085106384,10.638297872340425,79.7872340425532,55.319148936170215,24.46808510638298
E00157966,162,42,23,19,120,79,41,25.925925925925924,14.19753086419753,11.728395061728394,74.07407407407408,48.76543209876543,25.308641975308642
E00157967,133,37,16,21,96,62,34,27.819548872180448,12.030075187969924,15.789473684210526,72.18045112781954,46.616541353383454,25.563909774436087
E00157968,121,20,10,10,101,68,33,16.528925619834713,8.264462809917356,8.264462809917356,83.47107438016529,56.19834710743802,27.27272727272727
E00157969,194,31,15,16,163,142,21,15.979381443298967,7.731958762886598,8.24742268041237,84.02061855670104,73.19587628865979,10.824742268041238
E00157970,212,60,27,33,152,118,34,28.30188679245283,12.735849056603774,15.566037735849056,71.69811320754717,55.660377358490564,16.037735849056602
E00157971,172,53,19,34,119,99,20,30.813953488372093,11.046511627906977,19.767441860465116,69.18604651162791,57.55813953488372,11.627906976744185
E00157972,228,67,33,34,161,120,41,29.385964912280706,14.473684210526317,14.912280701754385,70.6140350877193,52.63157894736842,17.982456140350877
E00157973,162,40,20,20,122,98,24,24.691358024691358,12.345679012345679,12.345679012345679,75.30864197530865,60.49382716049383,14.814814814814813
E00157974,226,60,27,33,166,125,41,26.548672566371685,11.946902654867257,14.601769911504425,73.45132743362832,55.309734513274336,18.141592920353983
E00157975,176,48,18,30,128,110,18,27.27272727272727,10.227272727272728,17.045454545454543,72.72727272727273,62.5,10.227272727272728
E00157976,170,38,14,24,132,120,12,22.35294117647059,8.235294117647058,14.117647058823529,77.64705882352942,70.58823529411765,7.0588235294117645
E00157977,102,18,10,8,84,70,14,17.647058823529413,9.803921568627452,7.8431372549019605,82.35294117647058,68.62745098039215,13.725490196078432
E00157978,158,43,16,27,115,93,22,27.21518987341772,10.126582278481013,17.088607594936708,72.78481012658227,58.86075949367089,13.924050632911392
E00157980,145,23,3,20,122,104,18,15.862068965517242,2.0689655172413794,13.793103448275861,84.13793103448276,71.72413793103448,12.413793103448276
E00157981,176,23,8,15,153,124,29,13.068181818181818,4.545454545454546,8.522727272727272,86.93181818181817,70.45454545454545,16.477272727272727
E00157982,197,43,19,24,154,122,32,21.82741116751269,9.644670050761421,12.18274111675127,78.1725888324873,61.92893401015228,16.243654822335024
E00157983,95,13,7,6,82,72,10,13.684210526315791,7.368421052631578,6.315789473684211,86.31578947368422,75.78947368421053,10.526315789473683
E00157984,234,39,11,28,195,165,30,16.666666666666664,4.700854700854701,11.965811965811966,83.33333333333334,70.51282051282051,12.82051282051282
E00157985,189,34,17,17,155,123,32,17.989417989417987,8.994708994708994,8.994708994708994,82.01058201058201,65.07936507936508,16.93121693121693
E00157986,143,25,5,20,118,99,19,17.482517482517483,3.4965034965034967,13.986013986013987,82.51748251748252,69.23076923076923,13.286713286713287
E00157987,183,30,13,17,153,128,25,16.39344262295082,7.103825136612022,9.289617486338798,83.60655737704919,69.94535519125684,13.661202185792352
E00157988,205,59,23,36,146,116,30,28.780487804878046,11.219512195121952,17.560975609756095,71.21951219512195,56.58536585365853,14.634146341463413
E00157989,275,63,31,32,212,170,42,22.90909090909091,11.272727272727273,11.636363636363637,77.0909090909091,61.81818181818181,15.272727272727273
E00157990,116,37,11,26,79,62,17,31.896551724137932,9.482758620689655,22.413793103448278,68.10344827586206,53.44827586206896,14.655172413793101
E00157992,241,44,18,26,197,168,29,18.25726141078838,7.468879668049793,10.78838174273859,81.74273858921161,69.70954356846472,12.033195020746888
E00157994,250,55,15,40,195,167,28,22,6,16,78,66.8,11.200000000000001
E00157995,191,57,23,34,134,112,22,29.84293193717277,12.041884816753926,17.801047120418847,70.15706806282722,58.63874345549738,11.518324607329843
E00157996,237,59,18,41,178,160,18,24.894514767932492,7.59493670886076,17.29957805907173,75.10548523206751,67.51054852320675,7.59493670886076
E00157997,293,70,22,48,223,192,31,23.890784982935152,7.508532423208192,16.38225255972696,76.10921501706484,65.52901023890784,10.580204778156997
E00157998,138,42,15,27,96,84,12,30.434782608695656,10.869565217391305,19.565217391304348,69.56521739130434,60.86956521739131,8.695652173913043
E00157999,256,69,23,46,187,159,28,26.953125,8.984375,17.96875,73.046875,62.109375,10.9375
E00158001,265,71,29,42,194,174,20,26.79245283018868,10.943396226415095,15.849056603773585,73.20754716981132,65.66037735849056,7.547169811320755
E00158002,125,35,12,23,90,67,23,28.000000000000004,9.6,18.4,72,53.6,18.4
E00158003,126,38,17,21,88,66,22,30.158730158730158,13.492063492063492,16.666666666666664,69.84126984126983,52.38095238095239,17.46031746031746
E00158004,161,60,26,34,101,79,22,37.267080745341616,16.149068322981368,21.11801242236025,62.732919254658384,49.06832298136646,13.664596273291925
E00158005,109,31,15,16,78,66,12,28.440366972477065,13.761467889908257,14.678899082568808,71.55963302752293,60.550458715596335,11.009174311926607
E00158006,150,56,29,27,94,76,18,37.333333333333336,19.333333333333332,18,62.66666666666667,50.66666666666667,12
E00158007,109,37,21,16,72,56,16,33.94495412844037,19.26605504587156,14.678899082568808,66.05504587155964,51.37614678899083,14.678899082568808
E00158008,93,28,12,16,65,52,13,30.107526881720432,12.903225806451612,17.20430107526882,69.89247311827957,55.91397849462365,13.978494623655912
E00158009,165,61,29,32,104,84,20,36.96969696969697,17.575757575757574,19.393939393939394,63.030303030303024,50.90909090909091,12.121212121212121
E00158010,146,45,20,25,101,76,25,30.82191780821918,13.698630136986301,17.123287671232877,69.17808219178082,52.054794520547944,17.123287671232877
E00158011,65,20,6,14,45,44,1,30.76923076923077,9.230769230769232,21.53846153846154,69.23076923076923,67.6923076923077,1.5384615384615385
E00158012,127,46,20,26,81,55,26,36.22047244094488,15.748031496062993,20.47244094488189,63.77952755905512,43.30708661417323,20.47244094488189
E00158013,130,40,19,21,90,63,27,30.76923076923077,14.615384615384617,16.153846153846153,69.23076923076923,48.46153846153846,20.76923076923077
E00158014,111,38,17,21,73,51,22,34.234234234234236,15.315315315315313,18.91891891891892,65.76576576576578,45.94594594594595,19.81981981981982
E00158015,110,25,10,15,85,70,15,22.727272727272727,9.090909090909092,13.636363636363635,77.27272727272727,63.63636363636363,13.636363636363635
E00158016,133,42,20,22,91,67,24,31.57894736842105,15.037593984962406,16.541353383458645,68.42105263157895,50.37593984962406,18.045112781954884
E00158017,142,45,15,30,97,84,13,31.690140845070424,10.56338028169014,21.12676056338028,68.30985915492957,59.154929577464785,9.15492957746479
E00158018,136,41,11,30,95,71,24,30.14705882352941,8.088235294117647,22.058823529411764,69.85294117647058,52.20588235294118,17.647058823529413
E00158019,164,34,13,21,130,103,27,20.73170731707317,7.926829268292683,12.804878048780488,79.26829268292683,62.80487804878049,16.463414634146343
E00158020,159,32,14,18,127,114,13,20.125786163522015,8.80503144654088,11.320754716981133,79.87421383647799,71.69811320754717,8.176100628930817
E00158021,141,28,11,17,113,81,32,19.858156028368796,7.801418439716312,12.056737588652481,80.1418439716312,57.446808510638306,22.69503546099291
E00158022,130,43,16,27,87,75,12,33.07692307692307,12.307692307692308,20.76923076923077,66.92307692307692,57.692307692307686,9.230769230769232
E00158023,171,47,22,25,124,101,23,27.485380116959064,12.865497076023392,14.619883040935672,72.51461988304094,59.06432748538012,13.450292397660817
E00158024,156,48,23,25,108,94,14,30.76923076923077,14.743589743589745,16.025641025641026,69.23076923076923,60.256410256410255,8.974358974358974
E00158025,169,56,26,30,113,78,35,33.13609467455622,15.384615384615385,17.75147928994083,66.86390532544378,46.15384615384615,20.710059171597635
E00158026,60,15,7,8,45,36,9,25,11.666666666666666,13.333333333333334,75,60,15
E00158027,189,53,22,31,136,105,31,28.04232804232804,11.64021164021164,16.402116402116402,71.95767195767195,55.55555555555556,16.402116402116402
E00158028,160,38,17,21,122,92,30,23.75,10.625,13.125,76.25,57.49999999999999,18.75
E00158029,157,43,23,20,114,77,37,27.388535031847134,14.64968152866242,12.738853503184714,72.61146496815286,49.044585987261144,23.56687898089172
E00158030,135,50,29,21,85,47,38,37.03703703703704,21.48148148148148,15.555555555555555,62.96296296296296,34.81481481481482,28.14814814814815
E00158031,144,51,25,26,93,63,30,35.41666666666667,17.36111111111111,18.055555555555554,64.58333333333334,43.75,20.833333333333336
E00158032,139,35,11,24,104,83,21,25.179856115107913,7.913669064748201,17.26618705035971,74.82014388489209,59.71223021582733,15.107913669064748
E00158033,162,61,24,37,101,77,24,37.65432098765432,14.814814814814813,22.839506172839506,62.34567901234568,47.53086419753087,14.814814814814813
E00158034,148,55,27,28,93,53,40,37.16216216216216,18.243243243243242,18.91891891891892,62.83783783783784,35.810810810810814,27.027027027027028
E00158035,160,52,17,35,108,67,41,32.5,10.625,21.875,67.5,41.875,25.624999999999996
E00158036,164,46,24,22,118,82,36,28.04878048780488,14.634146341463413,13.414634146341465,71.95121951219512,50,21.951219512195124
E00158037,176,60,23,37,116,85,31,34.090909090909086,13.068181818181818,21.022727272727273,65.9090909090909,48.29545454545455,17.613636363636363
E00158038,166,43,15,28,123,109,14,25.903614457831324,9.036144578313253,16.867469879518072,74.09638554216868,65.66265060240963,8.433734939759036
E00158039,181,51,24,27,130,88,42,28.176795580110497,13.259668508287293,14.917127071823206,71.8232044198895,48.61878453038674,23.204419889502763
E00158040,118,32,7,25,86,66,20,27.11864406779661,5.932203389830509,21.1864406779661,72.88135593220339,55.932203389830505,16.94915254237288
E00158041,187,42,16,26,145,128,17,22.459893048128343,8.55614973262032,13.903743315508022,77.54010695187165,68.44919786096256,9.090909090909092
E00158042,170,42,16,26,128,98,30,24.705882352941178,9.411764705882353,15.294117647058824,75.29411764705883,57.647058823529406,17.647058823529413
E00158043,198,44,24,20,154,113,41,22.22222222222222,12.121212121212121,10.1010101010101,77.77777777777779,57.07070707070707,20.707070707070706
E00158044,172,45,19,26,127,102,25,26.16279069767442,11.046511627906977,15.11627906976744,73.83720930232558,59.30232558139535,14.534883720930234
E00158045,158,54,32,22,104,74,30,34.177215189873415,20.253164556962027,13.924050632911392,65.82278481012658,46.835443037974684,18.9873417721519
E00158046,101,20,9,11,81,70,11,19.801980198019802,8.91089108910891,10.891089108910892,80.19801980198021,69.3069306930693,10.891089108910892
E00158048,153,40,19,21,113,98,15,26.143790849673206,12.418300653594772,13.725490196078432,73.8562091503268,64.05228758169935,9.803921568627452
E00158049,177,52,29,23,125,93,32,29.37853107344633,16.38418079096045,12.994350282485875,70.62146892655367,52.54237288135594,18.07909604519774
E00158050,148,37,18,19,111,93,18,25,12.162162162162163,12.837837837837837,75,62.83783783783784,12.162162162162163
E00167821,198,14,8,6,184,157,27,7.07070707070707,4.040404040404041,3.0303030303030303,92.92929292929293,79.29292929292929,13.636363636363635
E00167823,135,25,12,13,110,92,18,18.51851851851852,8.88888888888889,9.62962962962963,81.48148148148148,68.14814814814815,13.333333333333334
E00167824,120,28,10,18,92,79,13,23.333333333333332,8.333333333333332,15,76.66666666666667,65.83333333333333,10.833333333333334
E00167825,150,36,8,28,114,97,17,24,5.333333333333334,18.666666666666668,76,64.66666666666666,11.333333333333332
E00167827,131,45,13,32,86,76,10,34.35114503816794,9.923664122137405,24.427480916030532,65.64885496183206,58.01526717557252,7.633587786259542
E00167828,151,36,9,27,115,96,19,23.841059602649008,5.960264900662252,17.880794701986755,76.15894039735099,63.576158940397356,12.582781456953644
E00167829,212,64,19,45,148,116,32,30.18867924528302,8.962264150943396,21.22641509433962,69.81132075471697,54.71698113207547,15.09433962264151
E00167830,180,61,23,38,119,98,21,33.88888888888889,12.777777777777777,21.11111111111111,66.11111111111111,54.44444444444444,11.666666666666666
E00167831,103,21,7,14,82,66,16,20.388349514563107,6.796116504854369,13.592233009708737,79.6116504854369,64.07766990291263,15.53398058252427
E00167832,121,28,11,17,93,80,13,23.140495867768596,9.090909090909092,14.049586776859504,76.85950413223141,66.11570247933885,10.743801652892563
E00180561,158,34,18,16,124,114,10,21.518987341772153,11.39240506329114,10.126582278481013,78.48101265822784,72.15189873417721,6.329113924050633
E00180562,37,11,3,8,26,23,3,29.72972972972973,8.108108108108109,21.62162162162162,70.27027027027027,62.16216216216216,8.108108108108109
E00180565,136,34,13,21,102,89,13,25,9.558823529411764,15.441176470588236,75,65.44117647058823,9.558823529411764
E00180569,111,21,7,14,90,79,11,18.91891891891892,6.306306306306306,12.612612612612612,81.08108108108108,71.17117117117117,9.90990990990991
E00180574,205,88,38,50,117,102,15,42.926829268292686,18.536585365853657,24.390243902439025,57.073170731707314,49.75609756097561,7.317073170731707
E00180576,271,35,13,22,236,208,28,12.915129151291513,4.797047970479705,8.118081180811808,87.08487084870849,76.75276752767527,10.33210332103321
E00180584,279,35,14,21,244,212,32,12.544802867383511,5.017921146953405,7.526881720430108,87.45519713261649,75.98566308243727,11.469534050179211
E00180585,175,23,15,8,152,130,22,13.142857142857142,8.571428571428571,4.571428571428571,86.85714285714286,74.28571428571429,12.571428571428573
E00180589,154,47,15,32,107,91,16,30.519480519480517,9.740259740259742,20.77922077922078,69.48051948051948,59.09090909090909,10.38961038961039
E00180590,264,36,11,25,228,193,35,13.636363636363635,4.166666666666666,9.469696969696969,86.36363636363636,73.10606060606061,13.257575757575758
E00180594,283,46,12,34,237,201,36,16.25441696113074,4.240282685512367,12.014134275618375,83.74558303886926,71.02473498233216,12.7208480565371
E00180595,118,36,17,19,82,71,11,30.508474576271187,14.40677966101695,16.101694915254235,69.49152542372882,60.16949152542372,9.322033898305085
E00180597,75,18,6,12,57,49,8,24,8,16,76,65.33333333333333,10.666666666666668
E00180621,175,52,22,30,123,100,23,29.714285714285715,12.571428571428573,17.142857142857142,70.28571428571428,57.14285714285714,13.142857142857142
E00180630,164,30,4,26,134,105,29,18.29268292682927,2.4390243902439024,15.853658536585366,81.70731707317073,64.02439024390245,17.682926829268293
E00180632,232,46,13,33,186,146,40,19.82758620689655,5.603448275862069,14.224137931034484,80.17241379310344,62.93103448275862,17.24137931034483
E00180633,295,33,14,19,262,219,43,11.186440677966102,4.745762711864407,6.440677966101695,88.8135593220339,74.23728813559322,14.576271186440678
E00180637,79,14,6,8,65,55,10,17.72151898734177,7.59493670886076,10.126582278481013,82.27848101265823,69.62025316455697,12.658227848101266
E00180642,253,34,17,17,219,190,29,13.438735177865613,6.719367588932807,6.719367588932807,86.56126482213439,75.09881422924902,11.462450592885375
E00180643,145,48,13,35,97,78,19,33.10344827586207,8.96551724137931,24.137931034482758,66.89655172413794,53.79310344827586,13.10344827586207
E00180644,144,35,15,20,109,93,16,24.305555555555554,10.416666666666668,13.88888888888889,75.69444444444444,64.58333333333334,11.11111111111111
E00180645,54,16,4,12,38,28,10,29.629629629629626,7.4074074074074066,22.22222222222222,70.37037037037037,51.85185185185185,18.51851851851852
E00180647,213,76,29,47,137,122,15,35.68075117370892,13.615023474178404,22.065727699530516,64.31924882629107,57.27699530516433,7.042253521126761
E00180649,323,41,8,33,282,248,34,12.693498452012383,2.476780185758514,10.21671826625387,87.30650154798761,76.78018575851394,10.526315789473683
