OA,ts0380001,ts0380002,ts0380003,ts0380004,ts0380005,ts0380006,ts0380007,ts0380002_PCT,ts0380003_PCT,ts0380004_PCT,ts0380005_PCT,ts0380006_PCT,ts0380007_PCT
E00107872,340,26,7,19,314,29,285,7.647058823529412,2.0588235294117645,5.588235294117648,92.3529411764706,8.529411764705882,83.82352941176471
E00107873,291,21,4,17,270,29,241,7.216494845360824,1.3745704467353952,5.841924398625429,92.78350515463917,9.965635738831615,82.81786941580756
E00107874,390,44,20,24,346,36,310,11.282051282051283,5.128205128205128,6.153846153846154,88.71794871794872,9.230769230769232,79.48717948717949
E00107875,376,37,11,26,339,29,310,9.840425531914894,2.925531914893617,6.914893617021277,90.1595744680851,7.712765957446808,82.4468085106383
E00107876,334,33,12,21,301,31,270,9.880239520958083,3.592814371257485,6.287425149700598,90.11976047904191,9.281437125748502,80.83832335329342
E00107877,327,41,14,27,286,26,260,12.538226299694188,4.281345565749235,8.256880733944955,87.46177370030581,7.951070336391437,79.51070336391437
E00107878,311,24,12,12,287,16,271,7.717041800643088,3.858520900321544,3.858520900321544,92.28295819935691,5.144694533762058,87.13826366559485
E00107879,304,32,8,24,272,21,251,10.526315789473683,2.631578947368421,7.894736842105263,89.47368421052632,6.907894736842106,82.56578947368422
E00107880,414,37,14,23,377,21,356,8.937198067632849,3.3816425120772946,5.555555555555555,91.06280193236715,5.072463768115942,85.99033816425121
E00107881,172,30,14,16,142,12,130,17.441860465116278,8.13953488372093,9.30232558139535,82.55813953488372,6.976744186046512,75.5813953488372
E00107882,324,30,8,22,294,24,270,9.25925925925926,2.4691358024691357,6.790123456790123,90.74074074074075,7.4074074074074066,83.33333333333334
E00107883,360,41,14,27,319,24,295,11.38888888888889,3.888888888888889,7.5,88.61111111111111,6.666666666666667,81.94444444444444
E00107884,321,51,17,34,270,16,254,15.887850467289718,5.29595015576324,10.59190031152648,84.11214953271028,4.984423676012461,79.12772585669782
E00107885,353,38,14,24,315,22,293,10.764872521246458,3.9660056657223794,6.79886685552408,89.23512747875354,6.232294617563739,83.0028328611898
E00107886,303,45,14,31,258,25,233,14.85148514851485,4.62046204620462,10.231023102310232,85.14851485148515,8.25082508250825,76.89768976897689
E00107887,379,60,21,39,319,24,295,15.8311345646438,5.540897097625329,10.29023746701847,84.1688654353562,6.33245382585752,77.83641160949868
E00107888,281,45,17,28,236,18,218,16.014234875444842,6.049822064056939,9.9644128113879,83.98576512455516,6.405693950177936,77.58007117437722
E00107889,272,29,12,17,243,16,227,10.661764705882353,4.411764705882353,6.25,89.33823529411765,5.88235294117647,83.45588235294117
E00107890,344,44,6,38,300,33,267,12.790697674418606,1.744186046511628,11.046511627906977,87.20930232558139,9.593023255813954,77.61627906976744
E00107891,333,35,13,22,298,14,284,10.51051051051051,3.903903903903904,6.606606606606606,89.4894894894895,4.2042042042042045,85.28528528528528
E00107892,277,34,13,21,243,17,226,12.274368231046932,4.693140794223827,7.581227436823104,87.72563176895306,6.137184115523466,81.58844765342961
E00107893,333,52,19,33,281,24,257,15.615615615615615,5.7057057057057055,9.90990990990991,84.38438438438438,7.207207207207207,77.17717717717719
E00107894,323,41,12,29,282,22,260,12.693498452012383,3.7151702786377707,8.978328173374612,87.30650154798761,6.811145510835913,80.4953560371517
E00107895,287,52,21,31,235,24,211,18.118466898954704,7.317073170731707,10.801393728222997,81.8815331010453,8.362369337979095,73.5191637630662
E00107896,322,26,10,16,296,30,266,8.074534161490684,3.1055900621118013,4.968944099378882,91.92546583850931,9.316770186335404,82.6086956521739
E00107897,315,55,25,30,260,18,242,17.46031746031746,7.936507936507936,9.523809523809524,82.53968253968253,5.714285714285714,76.82539682539684
E00107898,355,56,19,37,299,32,267,15.774647887323944,5.352112676056338,10.422535211267606,84.22535211267605,9.014084507042254,75.21126760563381
E00107899,255,38,10,28,217,24,193,14.901960784313726,3.9215686274509802,10.980392156862745,85.09803921568627,9.411764705882353,75.68627450980392
E00107900,350,39,10,29,311,27,284,11.142857142857142,2.857142857142857,8.285714285714285,88.85714285714286,7.7142857142857135,81.14285714285714
E00107901,332,29,3,26,303,27,276,8.734939759036145,0.9036144578313252,7.83132530120482,91.26506024096386,8.132530120481928,83.13253012048193
E00107902,412,123,71,52,289,14,275,29.85436893203883,17.233009708737864,12.62135922330097,70.14563106796116,3.3980582524271843,66.74757281553399
E00107903,318,29,9,20,289,26,263,9.119496855345911,2.8301886792452833,6.289308176100629,90.88050314465409,8.176100628930817,82.70440251572327
E00107904,401,45,17,28,356,27,329,11.221945137157107,4.239401496259352,6.982543640897755,88.7780548628429,6.733167082294264,82.04488778054862
E00107905,354,31,8,23,323,27,296,8.757062146892656,2.2598870056497176,6.497175141242938,91.24293785310734,7.627118644067797,83.61581920903954
E00107906,328,27,11,16,301,28,273,8.231707317073171,3.353658536585366,4.878048780487805,91.76829268292683,8.536585365853659,83.23170731707317
E00107907,285,49,12,37,236,22,214,17.192982456140353,4.2105263157894735,12.982456140350877,82.80701754385966,7.719298245614035,75.08771929824562
E00107908,347,40,10,30,307,20,287,11.527377521613833,2.881844380403458,8.645533141210375,88.47262247838617,5.763688760806916,82.70893371757924
E00107909,344,38,11,27,306,29,277,11.046511627906977,3.1976744186046515,7.848837209302325,88.95348837209302,8.430232558139535,80.52325581395348
E00107910,313,28,11,17,285,25,260,8.945686900958465,3.5143769968051117,5.431309904153355,91.05431309904152,7.987220447284344,83.06709265175719
E00107911,265,44,18,26,221,29,192,16.60377358490566,6.7924528301886795,9.811320754716983,83.39622641509435,10.943396226415095,72.45283018867924
E00107912,317,29,3,26,288,25,263,9.14826498422713,0.9463722397476341,8.201892744479496,90.85173501577287,7.886435331230284,82.96529968454259
E00107913,257,40,18,22,217,23,194,15.56420233463035,7.003891050583658,8.560311284046692,84.43579766536965,8.949416342412452,75.4863813229572
E00107914,186,56,32,24,130,12,118,30.107526881720432,17.20430107526882,12.903225806451612,69.89247311827957,6.451612903225806,63.44086021505376
E00107915,384,73,29,44,311,23,288,19.010416666666664,7.552083333333333,11.458333333333332,80.98958333333334,5.989583333333334,75
E00107916,209,60,29,31,149,14,135,28.708133971291865,13.875598086124402,14.832535885167463,71.29186602870813,6.698564593301436,64.5933014354067
E00107917,313,27,12,15,286,27,259,8.626198083067091,3.8338658146964857,4.792332268370607,91.3738019169329,8.626198083067091,82.74760383386581
E00107918,338,37,15,22,301,36,265,10.946745562130179,4.437869822485207,6.508875739644971,89.05325443786982,10.650887573964498,78.40236686390533
E00107919,311,32,12,20,279,14,265,10.289389067524116,3.858520900321544,6.430868167202572,89.71061093247589,4.501607717041801,85.20900321543408
E00107920,286,50,18,32,236,16,220,17.482517482517483,6.293706293706294,11.188811188811188,82.51748251748252,5.594405594405594,76.92307692307693
E00107921,334,39,14,25,295,19,276,11.676646706586826,4.191616766467066,7.48502994011976,88.32335329341318,5.688622754491018,82.63473053892216
E00107922,311,43,12,31,268,21,247,13.826366559485532,3.858520900321544,9.967845659163988,86.17363344051448,6.752411575562702,79.42122186495176
E00107923,320,39,14,25,281,34,247,12.1875,4.375,7.8125,87.8125,10.625,77.1875
E00107924,245,50,20,30,195,24,171,20.408163265306122,8.16326530612245,12.244897959183673,79.59183673469387,9.795918367346939,69.79591836734694
E00107925,350,36,11,25,314,19,295,10.285714285714285,3.1428571428571432,7.142857142857142,89.71428571428571,5.428571428571429,84.28571428571429
E00107926,282,32,7,25,250,20,230,11.347517730496454,2.4822695035460995,8.865248226950355,88.65248226950354,7.092198581560284,81.56028368794325
E00107927,269,40,17,23,229,19,210,14.869888475836431,6.319702602230483,8.550185873605948,85.13011152416357,7.063197026022305,78.06691449814126
E00107928,289,20,5,15,269,19,250,6.920415224913495,1.7301038062283738,5.190311418685121,93.07958477508652,6.5743944636678195,86.50519031141869
E00107929,306,40,9,31,266,18,248,13.071895424836603,2.941176470588235,10.130718954248366,86.9281045751634,5.88235294117647,81.04575163398692
E00107930,316,31,10,21,285,29,256,9.81012658227848,3.1645569620253164,6.6455696202531636,90.18987341772153,9.177215189873419,81.0126582278481
E00107931,323,36,6,30,287,29,258,11.145510835913312,1.8575851393188854,9.287925696594428,88.85448916408669,8.978328173374612,79.87616099071208
E00107932,335,35,8,27,300,25,275,10.44776119402985,2.3880597014925375,8.059701492537313,89.55223880597015,7.462686567164178,82.08955223880598
E00107933,302,29,10,19,273,17,256,9.602649006622517,3.3112582781456954,6.291390728476822,90.39735099337747,5.629139072847682,84.76821192052981
E00107934,284,25,10,15,259,17,242,8.80281690140845,3.5211267605633805,5.28169014084507,91.19718309859155,5.985915492957746,85.2112676056338
E00107935,323,37,12,25,286,17,269,11.455108359133128,3.7151702786377707,7.739938080495357,88.54489164086688,5.263157894736842,83.28173374613003
E00107936,357,48,11,37,309,35,274,13.445378151260504,3.081232492997199,10.364145658263306,86.5546218487395,9.803921568627452,76.75070028011206
E00107937,353,35,7,28,318,27,291,9.91501416430595,1.9830028328611897,7.932011331444759,90.08498583569406,7.64872521246459,82.43626062322946
E00107938,317,45,13,32,272,36,236,14.195583596214512,4.100946372239748,10.094637223974763,85.8044164037855,11.35646687697161,74.44794952681389
E00107939,295,34,15,19,261,28,233,11.525423728813559,5.084745762711865,6.440677966101695,88.47457627118645,9.491525423728813,78.98305084745762
E00107940,273,18,5,13,255,28,227,6.593406593406594,1.8315018315018317,4.761904761904762,93.4065934065934,10.256410256410255,83.15018315018315
E00107941,279,73,27,46,206,16,190,26.16487455197133,9.67741935483871,16.48745519713262,73.83512544802868,5.734767025089606,68.10035842293907
E00107942,309,39,12,27,270,22,248,12.62135922330097,3.8834951456310676,8.737864077669903,87.37864077669903,7.119741100323624,80.2588996763754
E00107943,291,25,6,19,266,24,242,8.59106529209622,2.0618556701030926,6.529209621993128,91.40893470790378,8.24742268041237,83.16151202749141
E00107944,246,53,22,31,193,18,175,21.544715447154474,8.94308943089431,12.601626016260163,78.45528455284553,7.317073170731707,71.13821138211382
E00107945,308,48,21,27,260,18,242,15.584415584415584,6.8181818181818175,8.766233766233766,84.4155844155844,5.844155844155844,78.57142857142857
E00107946,278,37,6,31,241,23,218,13.309352517985612,2.158273381294964,11.151079136690647,86.6906474820144,8.273381294964029,78.41726618705036
E00107947,260,66,35,31,194,21,173,25.384615384615383,13.461538461538462,11.923076923076923,74.61538461538461,8.076923076923077,66.53846153846153
E00107948,287,42,9,33,245,18,227,14.634146341463413,3.1358885017421603,11.498257839721255,85.36585365853658,6.2717770034843205,79.09407665505228
E00107949,270,49,16,33,221,16,205,18.14814814814815,5.9259259259259265,12.222222222222221,81.85185185185185,5.9259259259259265,75.92592592592592
E00107950,304,44,14,30,260,21,239,14.473684210526317,4.605263157894736,9.868421052631579,85.52631578947368,6.907894736842106,78.61842105263158
E00107951,308,47,12,35,261,14,247,15.259740259740258,3.896103896103896,11.363636363636363,84.74025974025975,4.545454545454546,80.1948051948052
E00107952,304,54,23,31,250,22,228,17.763157894736842,7.565789473684211,10.197368421052632,82.23684210526315,7.236842105263158,75
E00107953,289,38,13,25,251,15,236,13.148788927335639,4.498269896193772,8.650519031141869,86.85121107266436,5.190311418685121,81.66089965397923
E00107954,307,32,8,24,275,22,253,10.423452768729643,2.6058631921824107,7.81758957654723,89.57654723127035,7.166123778501629,82.41042345276874
E00107955,283,31,6,25,252,30,222,10.954063604240282,2.1201413427561837,8.8339222614841,89.04593639575971,10.60070671378092,78.4452296819788
E00107956,318,34,6,28,284,22,262,10.69182389937107,1.8867924528301887,8.80503144654088,89.30817610062893,6.918238993710692,82.38993710691824
E00107957,354,38,7,31,316,32,284,10.734463276836157,1.977401129943503,8.757062146892656,89.26553672316385,9.03954802259887,80.22598870056498
E00107958,370,39,10,29,331,32,299,10.54054054054054,2.7027027027027026,7.837837837837839,89.45945945945945,8.64864864864865,80.8108108108108
E00107959,336,33,12,21,303,30,273,9.821428571428571,3.571428571428571,6.25,90.17857142857143,8.928571428571429,81.25
E00107960,413,43,15,28,370,25,345,10.411622276029057,3.631961259079903,6.779661016949152,89.58837772397095,6.053268765133172,83.53510895883777
E00107961,296,39,10,29,257,27,230,13.175675675675674,3.3783783783783785,9.797297297297296,86.82432432432432,9.121621621621621,77.7027027027027
E00107962,304,65,26,39,239,13,226,21.38157894736842,8.552631578947368,12.828947368421053,78.61842105263158,4.276315789473684,74.3421052631579
E00107963,267,43,24,19,224,22,202,16.10486891385768,8.98876404494382,7.116104868913857,83.89513108614233,8.239700374531834,75.65543071161048
E00107964,336,34,9,25,302,27,275,10.119047619047619,2.6785714285714284,7.440476190476191,89.88095238095238,8.035714285714286,81.84523809523809
E00107965,360,62,30,32,298,20,278,17.22222222222222,8.333333333333332,8.88888888888889,82.77777777777777,5.555555555555555,77.22222222222223
E00107966,356,62,30,32,294,20,274,17.415730337078653,8.426966292134832,8.98876404494382,82.58426966292134,5.617977528089887,76.96629213483146
E00107967,300,44,17,27,256,26,230,14.666666666666666,5.666666666666666,9,85.33333333333334,8.666666666666668,76.66666666666667
E00107968,333,60,25,35,273,28,245,18.01801801801802,7.5075075075075075,10.51051051051051,81.98198198198197,8.408408408408409,73.57357357357357
E00107969,223,35,7,28,188,26,162,15.695067264573993,3.1390134529147984,12.556053811659194,84.30493273542601,11.659192825112108,72.6457399103139
E00107970,362,52,25,27,310,22,288,14.3646408839779,6.906077348066299,7.458563535911603,85.6353591160221,6.077348066298343,79.55801104972376
E00107971,346,49,14,35,297,26,271,14.16184971098266,4.046242774566474,10.115606936416185,85.83815028901735,7.514450867052023,78.32369942196532
E00107972,332,49,20,29,283,15,268,14.759036144578314,6.024096385542169,8.734939759036145,85.2409638554217,4.518072289156627,80.72289156626506
E00107973,296,36,14,22,260,19,241,12.162162162162163,4.72972972972973,7.4324324324324325,87.83783783783784,6.418918918918918,81.41891891891892
E00107974,391,50,12,38,341,27,314,12.787723785166241,3.0690537084398977,9.718670076726342,87.21227621483376,6.905370843989769,80.30690537084399
E00107975,360,50,15,35,310,22,288,13.88888888888889,4.166666666666666,9.722222222222223,86.11111111111111,6.111111111111111,80
E00107976,301,34,8,26,267,37,230,11.295681063122924,2.6578073089700998,8.637873754152823,88.70431893687709,12.29235880398671,76.41196013289037
E00107977,350,34,5,29,316,33,283,9.714285714285714,1.4285714285714286,8.285714285714285,90.28571428571428,9.428571428571429,80.85714285714286
E00107978,321,60,25,35,261,27,234,18.69158878504673,7.78816199376947,10.903426791277258,81.30841121495327,8.411214953271028,72.89719626168224
E00107979,226,79,41,38,147,12,135,34.95575221238938,18.141592920353983,16.8141592920354,65.04424778761062,5.3097345132743365,59.73451327433629
E00107980,333,59,23,36,274,24,250,17.71771771771772,6.906906906906906,10.81081081081081,82.28228228228228,7.207207207207207,75.07507507507508
E00107981,228,49,21,28,179,14,165,21.49122807017544,9.210526315789473,12.280701754385964,78.50877192982456,6.140350877192982,72.36842105263158
E00107982,243,37,17,20,206,12,194,15.22633744855967,6.995884773662551,8.23045267489712,84.77366255144034,4.938271604938271,79.83539094650206
E00107983,219,28,7,21,191,17,174,12.785388127853881,3.1963470319634704,9.58904109589041,87.21461187214612,7.76255707762557,79.45205479452055
E00107984,198,27,10,17,171,8,163,13.636363636363635,5.05050505050505,8.585858585858585,86.36363636363636,4.040404040404041,82.32323232323232
E00107985,370,51,17,34,319,23,296,13.783783783783784,4.594594594594595,9.18918918918919,86.21621621621621,6.216216216216217,80
E00107986,455,83,42,41,372,36,336,18.24175824175824,9.230769230769232,9.010989010989011,81.75824175824175,7.9120879120879115,73.84615384615385
E00107987,313,54,27,27,259,20,239,17.252396166134183,8.626198083067091,8.626198083067091,82.74760383386581,6.3897763578274756,76.35782747603834
E00107988,323,65,28,37,258,17,241,20.123839009287924,8.6687306501548,11.455108359133128,79.87616099071208,5.263157894736842,74.61300309597523
E00107989,381,36,14,22,345,27,318,9.448818897637794,3.674540682414698,5.774278215223097,90.5511811023622,7.086614173228346,83.46456692913385
E00107990,375,44,13,31,331,22,309,11.733333333333333,3.4666666666666663,8.266666666666666,88.26666666666667,5.866666666666666,82.39999999999999
E00107991,355,42,16,26,313,27,286,11.830985915492958,4.507042253521127,7.323943661971831,88.16901408450704,7.605633802816901,80.56338028169014
E00107992,426,59,33,26,367,25,342,13.849765258215962,7.746478873239436,6.103286384976526,86.15023474178403,5.868544600938967,80.28169014084507
E00107993,319,42,14,28,277,33,244,13.166144200626958,4.38871473354232,8.77742946708464,86.83385579937304,10.344827586206897,76.48902821316614
E00107994,254,26,11,15,228,13,215,10.236220472440944,4.330708661417323,5.905511811023622,89.76377952755905,5.118110236220472,84.64566929133859
E00107995,463,52,20,32,411,36,375,11.23110151187905,4.319654427645788,6.911447084233262,88.76889848812095,7.775377969762419,80.99352051835854
E00107996,365,43,13,30,322,13,309,11.78082191780822,3.5616438356164384,8.21917808219178,88.21917808219179,3.5616438356164384,84.65753424657534
E00107997,344,59,22,37,285,28,257,17.151162790697676,6.395348837209303,10.755813953488373,82.84883720930233,8.13953488372093,74.70930232558139
E00107998,280,30,12,18,250,22,228,10.714285714285714,4.285714285714286,6.428571428571428,89.28571428571429,7.857142857142857,81.42857142857143
E00107999,263,49,23,26,214,16,198,18.631178707224336,8.745247148288973,9.885931558935361,81.36882129277566,6.083650190114068,75.2851711026616
E00108000,331,58,22,36,273,27,246,17.522658610271904,6.646525679758309,10.876132930513595,82.4773413897281,8.157099697885197,74.32024169184291
E00108001,241,30,5,25,211,17,194,12.448132780082988,2.0746887966804977,10.37344398340249,87.55186721991701,7.053941908713693,80.49792531120332
E00108002,281,29,7,22,252,18,234,10.320284697508896,2.491103202846975,7.829181494661921,89.6797153024911,6.405693950177936,83.27402135231317
E00108003,318,38,12,26,280,18,262,11.949685534591195,3.7735849056603774,8.176100628930817,88.0503144654088,5.660377358490567,82.38993710691824
E00108004,264,40,7,33,224,18,206,15.151515151515152,2.6515151515151514,12.5,84.84848484848484,6.8181818181818175,78.03030303030303
E00108005,211,45,22,23,166,21,145,21.32701421800948,10.42654028436019,10.90047393364929,78.67298578199052,9.95260663507109,68.72037914691943
E00108006,341,65,25,40,276,19,257,19.06158357771261,7.331378299120235,11.730205278592376,80.93841642228739,5.571847507331378,75.366568914956
E00108007,307,55,25,30,252,19,233,17.91530944625407,8.143322475570033,9.77198697068404,82.08469055374593,6.188925081433225,75.8957654723127
E00108008,276,76,40,36,200,23,177,27.536231884057973,14.492753623188406,13.043478260869565,72.46376811594203,8.333333333333332,64.13043478260869
E00108009,253,46,18,28,207,23,184,18.181818181818183,7.114624505928854,11.067193675889328,81.81818181818183,9.090909090909092,72.72727272727273
E00108010,316,68,27,41,248,20,228,21.518987341772153,8.544303797468354,12.974683544303797,78.48101265822784,6.329113924050633,72.15189873417721
E00108011,366,83,39,44,283,30,253,22.6775956284153,10.655737704918032,12.021857923497267,77.3224043715847,8.19672131147541,69.12568306010928
E00108012,343,46,20,26,297,14,283,13.411078717201166,5.830903790087463,7.580174927113703,86.58892128279884,4.081632653061225,82.5072886297376
E00108013,274,63,21,42,211,11,200,22.99270072992701,7.664233576642336,15.328467153284672,77.00729927007299,4.014598540145985,72.99270072992701
E00108014,290,34,11,23,256,15,241,11.724137931034482,3.793103448275862,7.931034482758621,88.27586206896552,5.172413793103448,83.10344827586206
E00108015,282,65,33,32,217,11,206,23.04964539007092,11.702127659574469,11.347517730496454,76.95035460992908,3.900709219858156,73.04964539007092
E00108016,360,44,22,22,316,25,291,12.222222222222221,6.111111111111111,6.111111111111111,87.77777777777777,6.944444444444445,80.83333333333333
E00108017,420,67,31,36,353,31,322,15.95238095238095,7.380952380952381,8.571428571428571,84.04761904761905,7.380952380952381,76.66666666666667
E00108018,244,68,36,32,176,20,156,27.86885245901639,14.754098360655737,13.114754098360656,72.1311475409836,8.19672131147541,63.934426229508205
E00108019,427,71,28,43,356,23,333,16.627634660421545,6.557377049180328,10.070257611241217,83.37236533957847,5.386416861826698,77.98594847775175
E00108020,338,61,35,26,277,18,259,18.04733727810651,10.355029585798817,7.6923076923076925,81.95266272189349,5.325443786982249,76.62721893491124
E00108021,220,47,21,26,173,16,157,21.363636363636363,9.545454545454547,11.818181818181818,78.63636363636364,7.2727272727272725,71.36363636363636
E00108022,370,60,28,32,310,23,287,16.216216216216218,7.567567567567568,8.64864864864865,83.78378378378379,6.216216216216217,77.56756756756756
E00108023,345,60,29,31,285,21,264,17.391304347826086,8.405797101449275,8.985507246376812,82.6086956521739,6.086956521739131,76.52173913043478
E00108024,346,56,25,31,290,17,273,16.184971098265898,7.225433526011561,8.959537572254336,83.8150289017341,4.913294797687861,78.90173410404624
E00108025,297,45,18,27,252,30,222,15.151515151515152,6.0606060606060606,9.090909090909092,84.84848484848484,10.1010101010101,74.74747474747475
E00108026,296,61,26,35,235,16,219,20.60810810810811,8.783783783783784,11.824324324324325,79.3918918918919,5.405405405405405,73.98648648648648
E00108027,360,59,29,30,301,17,284,16.38888888888889,8.055555555555555,8.333333333333332,83.61111111111111,4.722222222222222,78.88888888888889
E00108028,334,77,40,37,257,23,234,23.053892215568865,11.976047904191617,11.077844311377245,76.94610778443113,6.88622754491018,70.05988023952095
E00108029,317,58,26,32,259,14,245,18.29652996845426,8.201892744479496,10.094637223974763,81.70347003154575,4.416403785488959,77.28706624605678
E00108030,481,132,84,48,349,20,329,27.442827442827443,17.463617463617464,9.97920997920998,72.55717255717255,4.158004158004158,68.3991683991684
E00108032,270,39,14,25,231,15,216,14.444444444444443,5.185185185185185,9.25925925925926,85.55555555555556,5.555555555555555,80
E00108033,424,133,89,44,291,22,269,31.367924528301888,20.99056603773585,10.377358490566039,68.63207547169812,5.188679245283019,63.443396226415096
E00108034,266,45,21,24,221,26,195,16.917293233082706,7.894736842105263,9.022556390977442,83.0827067669173,9.774436090225564,73.30827067669173
E00108035,346,54,26,28,292,26,266,15.606936416184972,7.514450867052023,8.092485549132949,84.39306358381504,7.514450867052023,76.878612716763
E00108036,360,52,22,30,308,24,284,14.444444444444443,6.111111111111111,8.333333333333332,85.55555555555556,6.666666666666667,78.88888888888889
E00108037,483,79,35,44,404,18,386,16.35610766045549,7.246376811594203,9.109730848861282,83.64389233954451,3.7267080745341614,79.91718426501035
E00108038,302,57,30,27,245,18,227,18.874172185430464,9.933774834437086,8.940397350993377,81.12582781456953,5.960264900662252,75.16556291390728
E00108039,297,47,23,24,250,16,234,15.824915824915825,7.744107744107744,8.080808080808081,84.17508417508418,5.387205387205387,78.78787878787878
E00108040,326,51,20,31,275,13,262,15.644171779141105,6.134969325153374,9.509202453987731,84.3558282208589,3.9877300613496933,80.3680981595092
E00108041,440,82,31,51,358,27,331,18.636363636363637,7.045454545454545,11.59090909090909,81.36363636363636,6.136363636363637,75.22727272727273
E00108042,344,65,24,41,279,16,263,18.8953488372093,6.976744186046512,11.918604651162791,81.1046511627907,4.651162790697675,76.45348837209302
E00108043,296,46,17,29,250,18,232,15.54054054054054,5.743243243243244,9.797297297297296,84.45945945945947,6.081081081081082,78.37837837837837
E00108044,401,63,31,32,338,24,314,15.710723192019952,7.73067331670823,7.98004987531172,84.28927680798004,5.985037406483791,78.30423940149626
E00108045,295,49,18,31,246,18,228,16.610169491525422,6.101694915254238,10.508474576271185,83.38983050847457,6.101694915254238,77.28813559322035
E00108046,299,50,20,30,249,23,226,16.722408026755854,6.688963210702341,10.033444816053512,83.27759197324414,7.6923076923076925,75.58528428093646
E00108047,289,53,23,30,236,11,225,18.33910034602076,7.958477508650519,10.380622837370241,81.66089965397923,3.8062283737024223,77.85467128027682
E00108048,443,90,38,52,353,30,323,20.31602708803612,8.577878103837472,11.738148984198645,79.68397291196389,6.772009029345373,72.91196388261851
E00108049,409,70,31,39,339,27,312,17.114914425427873,7.579462102689487,9.5354523227383865,82.88508557457213,6.601466992665037,76.28361858190709
E00108050,385,77,43,34,308,28,280,20,11.168831168831169,8.831168831168831,80,7.2727272727272725,72.72727272727273
E00108051,304,53,32,21,251,26,225,17.434210526315788,10.526315789473683,6.907894736842106,82.56578947368422,8.552631578947368,74.01315789473685
E00108053,274,49,20,29,225,18,207,17.88321167883212,7.2992700729927,10.583941605839415,82.11678832116789,6.569343065693431,75.54744525547446
E00108054,291,48,18,30,243,18,225,16.49484536082474,6.185567010309279,10.309278350515463,83.50515463917526,6.185567010309279,77.31958762886599
E00108055,362,72,26,46,290,27,263,19.88950276243094,7.18232044198895,12.70718232044199,80.11049723756905,7.458563535911603,72.65193370165746
E00108056,444,74,34,40,370,27,343,16.666666666666664,7.657657657657657,9.00900900900901,83.33333333333334,6.081081081081082,77.25225225225225
E00108057,454,62,31,31,392,32,360,13.656387665198238,6.828193832599119,6.828193832599119,86.34361233480176,7.048458149779736,79.29515418502203
E00108058,307,69,34,35,238,16,222,22.475570032573287,11.074918566775244,11.400651465798045,77.52442996742671,5.211726384364821,72.31270358306189
E00108059,327,60,31,29,267,18,249,18.34862385321101,9.480122324159021,8.868501529051988,81.65137614678899,5.5045871559633035,76.14678899082568
E00108060,329,58,27,31,271,18,253,17.62917933130699,8.206686930091186,9.422492401215806,82.37082066869301,5.47112462006079,76.89969604863222
E00108062,520,112,61,51,408,34,374,21.53846153846154,11.73076923076923,9.807692307692308,78.46153846153847,6.538461538461539,71.92307692307692
E00108063,332,59,23,36,273,23,250,17.771084337349397,6.927710843373494,10.843373493975903,82.2289156626506,6.927710843373494,75.30120481927712
E00108064,321,87,42,45,234,15,219,27.102803738317753,13.084112149532709,14.018691588785046,72.89719626168224,4.672897196261682,68.22429906542055
E00108066,322,60,34,26,262,23,239,18.633540372670808,10.559006211180124,8.074534161490684,81.36645962732919,7.142857142857142,74.22360248447205
E00108067,228,57,26,31,171,14,157,25,11.403508771929824,13.596491228070176,75,6.140350877192982,68.85964912280701
E00108069,323,120,85,35,203,21,182,37.15170278637771,26.31578947368421,10.8359133126935,62.848297213622295,6.5015479876160995,56.34674922600619
E00108070,315,67,36,31,248,12,236,21.26984126984127,11.428571428571429,9.841269841269842,78.73015873015873,3.8095238095238098,74.92063492063492
E00108071,326,86,47,39,240,14,226,26.380368098159508,14.417177914110429,11.96319018404908,73.61963190184049,4.294478527607362,69.32515337423312
E00108072,256,56,23,33,200,17,183,21.875,8.984375,12.890625,78.125,6.640625,71.484375
E00108073,347,43,13,30,304,25,279,12.39193083573487,3.7463976945244957,8.645533141210375,87.60806916426513,7.204610951008646,80.403458213256485
E00108074,338,80,42,38,258,21,237,23.668639053254438,12.42603550295858,11.242603550295858,76.33136094674556,6.21301775147929,70.11834319526628
E00108075,286,50,23,27,236,24,212,17.482517482517483,8.041958041958042,9.44055944055944,82.51748251748252,8.391608391608392,74.12587412587412
E00108076,303,56,28,28,247,26,221,18.48184818481848,9.24092409240924,9.24092409240924,81.51815181518151,8.58085808580858,72.93729372937293
E00108077,338,50,22,28,288,25,263,14.792899408284024,6.508875739644971,8.284023668639055,85.20710059171599,7.396449704142012,77.81065088757396
E00108078,363,57,22,35,306,25,281,15.702479338842975,6.0606060606060606,9.641873278236915,84.29752066115702,6.887052341597796,77.41046831955923
E00108079,261,31,13,18,230,24,206,11.877394636015326,4.980842911877394,6.896551724137931,88.12260536398468,9.195402298850574,78.9272030651341
E00108080,252,83,35,48,169,16,153,32.93650793650794,13.88888888888889,19.047619047619047,67.06349206349206,6.349206349206349,60.71428571428571
E00108081,364,66,24,42,298,19,279,18.13186813186813,6.593406593406594,11.538461538461538,81.86813186813187,5.21978021978022,76.64835164835165
E00108082,344,71,32,39,273,13,260,20.63953488372093,9.30232558139535,11.337209302325581,79.36046511627907,3.77906976744186,75.5813953488372
E00108083,302,55,23,32,247,16,231,18.211920529801322,7.6158940397351,10.596026490066226,81.78807947019867,5.298013245033113,76.49006622516556
E00108084,309,34,9,25,275,18,257,11.003236245954692,2.912621359223301,8.090614886731391,88.9967637540453,5.825242718446602,83.1715210355987
E00108085,253,35,16,19,218,21,197,13.83399209486166,6.324110671936759,7.5098814229249005,86.16600790513834,8.300395256916996,77.86561264822134
E00108086,287,71,32,39,216,13,203,24.738675958188153,11.149825783972126,13.588850174216027,75.26132404181185,4.529616724738676,70.73170731707317
E00108087,303,74,32,42,229,21,208,24.422442244224424,10.561056105610561,13.861386138613863,75.57755775577559,6.9306930693069315,68.64686468646865
E00108088,278,48,18,30,230,19,211,17.26618705035971,6.474820143884892,10.79136690647482,82.73381294964028,6.83453237410072,75.89928057553958
E00108089,287,69,33,36,218,18,200,24.041811846689896,11.498257839721255,12.543554006968641,75.9581881533101,6.2717770034843205,69.68641114982579
E00108090,257,58,27,31,199,14,185,22.56809338521401,10.505836575875486,12.062256809338521,77.431906614786,5.447470817120623,71.98443579766537
E00108091,369,54,30,24,315,28,287,14.634146341463413,8.130081300813007,6.504065040650407,85.36585365853658,7.588075880758807,77.77777777777779
E00108092,295,40,11,29,255,25,230,13.559322033898304,3.728813559322034,9.830508474576272,86.4406779661017,8.47457627118644,77.96610169491525
E00108094,365,47,15,32,318,32,286,12.876712328767123,4.10958904109589,8.767123287671232,87.12328767123287,8.767123287671232,78.35616438356165
E00108095,238,22,8,14,216,20,196,9.243697478991598,3.361344537815126,5.88235294117647,90.75630252100841,8.403361344537815,82.35294117647058
E00108096,327,38,19,19,289,22,267,11.62079510703364,5.81039755351682,5.81039755351682,88.37920489296636,6.727828746177369,81.65137614678899
E00108097,332,49,16,33,283,24,259,14.759036144578314,4.819277108433735,9.939759036144578,85.2409638554217,7.228915662650602,78.01204819277109
E00108098,270,42,18,24,228,22,206,15.555555555555555,6.666666666666667,8.88888888888889,84.44444444444444,8.148148148148149,76.29629629629629
E00108099,369,38,16,22,331,27,304,10.29810298102981,4.336043360433604,5.9620596205962055,89.70189701897019,7.317073170731707,82.38482384823848
E00108100,336,61,29,32,275,23,252,18.154761904761905,8.630952380952381,9.523809523809524,81.84523809523809,6.845238095238096,75
E00108101,315,47,21,26,268,18,250,14.920634920634921,6.666666666666667,8.253968253968253,85.07936507936508,5.714285714285714,79.36507936507937
E00108102,381,85,38,47,296,29,267,22.30971128608924,9.973753280839896,12.335958005249344,77.69028871391076,7.611548556430446,70.07874015748031
E00108103,343,65,38,27,278,23,255,18.950437317784257,11.078717201166182,7.871720116618077,81.04956268221575,6.705539358600583,74.34402332361516
E00108104,306,42,18,24,264,24,240,13.725490196078432,5.88235294117647,7.8431372549019605,86.27450980392157,7.8431372549019605,78.43137254901961
E00108105,261,44,14,30,217,25,192,16.85823754789272,5.363984674329502,11.494252873563218,83.14176245210729,9.578544061302683,73.5632183908046
E00108106,267,24,10,14,243,26,217,8.98876404494382,3.7453183520599254,5.2434456928838955,91.01123595505618,9.737827715355806,81.27340823970037
E00108107,268,62,22,40,206,18,188,23.134328358208954,8.208955223880597,14.925373134328357,76.86567164179104,6.7164179104477615,70.1492537313433
E00108108,263,27,7,20,236,12,224,10.26615969581749,2.6615969581749046,7.604562737642586,89.73384030418251,4.562737642585551,85.17110266159695
E00108109,199,23,13,10,176,14,162,11.557788944723619,6.532663316582915,5.025125628140704,88.44221105527639,7.035175879396985,81.4070351758794
E00108110,417,49,14,35,368,47,321,11.750599520383693,3.357314148681055,8.393285371702639,88.2494004796163,11.270983213429256,76.97841726618705
E00108111,267,30,12,18,237,13,224,11.235955056179774,4.49438202247191,6.741573033707865,88.76404494382022,4.868913857677903,83.89513108614233
E00108112,256,27,7,20,229,22,207,10.546875,2.734375,7.8125,89.453125,8.59375,80.859375
E00108113,274,22,7,15,252,19,233,8.02919708029197,2.5547445255474455,5.474452554744526,91.970802919708035,6.934306569343065,85.03649635036497
E00108114,311,38,13,25,273,28,245,12.218649517684888,4.180064308681672,8.038585209003216,87.78135048231512,9.003215434083602,78.77813504823152
E00108115,311,24,6,18,287,17,270,7.717041800643088,1.929260450160772,5.787781350482315,92.28295819935691,5.466237942122187,86.81672025723472
E00108116,276,29,8,21,247,19,228,10.507246376811594,2.898550724637681,7.608695652173914,89.4927536231884,6.884057971014493,82.6086956521739
E00108117,281,29,11,18,252,19,233,10.320284697508896,3.9145907473309607,6.405693950177936,89.6797153024911,6.761565836298933,82.91814946619218
E00108118,386,111,70,41,275,25,250,28.756476683937827,18.134715025906736,10.621761658031089,71.24352331606218,6.476683937823833,64.76683937823834
E00108119,123,15,2,13,108,8,100,12.195121951219512,1.6260162601626018,10.569105691056912,87.8048780487805,6.504065040650407,81.30081300813008
E00108120,301,50,21,29,251,14,237,16.611295681063122,6.976744186046512,9.634551495016613,83.38870431893687,4.651162790697675,78.7375415282392
E00108121,301,56,29,27,245,23,222,18.6046511627907,9.634551495016613,8.970099667774086,81.3953488372093,7.641196013289036,73.75415282392026
E00108122,371,74,43,31,297,15,282,19.946091644204852,11.590296495956872,8.355795148247978,80.05390835579514,4.0431266846361185,76.01078167115904
E00108123,419,64,33,31,355,25,330,15.274463007159905,7.875894988066825,7.398568019093078,84.7255369928401,5.966587112171838,78.75894988066825
E00108124,316,54,25,29,262,25,237,17.088607594936708,7.9113924050632916,9.177215189873419,82.91139240506328,7.9113924050632916,75
E00108125,310,50,28,22,260,17,243,16.129032258064516,9.032258064516128,7.096774193548387,83.87096774193549,5.483870967741936,78.38709677419354
E00108126,373,103,56,47,270,21,249,27.61394101876676,15.013404825737265,12.600536193029491,72.38605898123325,5.630026809651475,66.75603217158177
E00108127,458,100,55,45,358,32,326,21.83406113537118,12.008733624454148,9.82532751091703,78.16593886462883,6.986899563318777,71.17903930131004
E00108128,342,93,46,47,249,12,237,27.192982456140353,13.450292397660817,13.742690058479532,72.80701754385966,3.508771929824561,69.2982456140351
E00108129,230,44,19,25,186,11,175,19.130434782608695,8.26086956521739,10.869565217391305,80.8695652173913,4.782608695652174,76.08695652173914
E00108130,312,45,17,28,267,32,235,14.423076923076922,5.448717948717949,8.974358974358974,85.57692307692307,10.256410256410255,75.32051282051282
E00108132,332,59,24,35,273,24,249,17.771084337349397,7.228915662650602,10.542168674698797,82.2289156626506,7.228915662650602,75
E00108133,302,62,36,26,240,23,217,20.52980132450331,11.920529801324504,8.609271523178808,79.47019867549669,7.6158940397351,71.8543046357616
E00108134,314,54,26,28,260,18,242,17.197452229299362,8.280254777070063,8.9171974522293,82.80254777070064,5.7324840764331215,77.07006369426752
E00108135,141,33,20,13,108,10,98,23.404255319148938,14.184397163120568,9.219858156028367,76.59574468085107,7.092198581560284,69.50354609929079
E00108136,430,76,29,47,354,28,326,17.674418604651162,6.744186046511628,10.930232558139535,82.32558139534883,6.511627906976744,75.81395348837209
E00108137,296,58,23,35,238,19,219,19.594594594594593,7.77027027027027,11.824324324324325,80.4054054054054,6.418918918918918,73.98648648648648
E00108138,272,49,18,31,223,12,211,18.014705882352942,6.61764705882353,11.397058823529411,81.98529411764706,4.411764705882353,77.57352941176471
E00108139,313,54,22,32,259,18,241,17.252396166134183,7.0287539936102235,10.223642172523961,82.74760383386581,5.7507987220447285,76.99680511182109
E00108140,389,73,31,42,316,27,289,18.76606683804627,7.969151670951156,10.796915167095115,81.23393316195373,6.940874035989718,74.293059125964
E00108141,319,41,16,25,278,27,251,12.852664576802509,5.015673981191222,7.836990595611286,87.14733542319749,8.463949843260188,78.68338557993731
E00108142,339,68,31,37,271,21,250,20.058997050147493,9.144542772861357,10.914454277286136,79.9410029498525,6.1946902654867255,73.74631268436578
E00108143,336,51,18,33,285,13,272,15.178571428571427,5.357142857142857,9.821428571428571,84.82142857142857,3.869047619047619,80.95238095238095
E00108144,441,68,30,38,373,19,354,15.419501133786847,6.802721088435375,8.616780045351474,84.58049886621315,4.308390022675737,80.27210884353741
E00108145,340,50,18,32,290,16,274,14.705882352941178,5.294117647058823,9.411764705882353,85.29411764705883,4.705882352941177,80.58823529411765
E00108146,356,52,22,30,304,18,286,14.606741573033707,6.179775280898876,8.426966292134832,85.39325842696628,5.056179775280898,80.33707865168539
E00108147,378,47,17,30,331,23,308,12.433862433862434,4.497354497354497,7.936507936507936,87.56613756613757,6.084656084656085,81.48148148148148
E00108148,310,52,24,28,258,12,246,16.7741935483871,7.741935483870968,9.032258064516128,83.22580645161291,3.870967741935484,79.35483870967742
E00108149,357,69,37,32,288,19,269,19.327731092436977,10.364145658263306,8.96358543417367,80.67226890756302,5.322128851540616,75.35014005602241
E00108150,484,68,31,37,416,33,383,14.049586776859504,6.40495867768595,7.644628099173553,85.9504132231405,6.8181818181818175,79.13223140495867
E00108151,302,37,14,23,265,13,252,12.251655629139073,4.635761589403973,7.6158940397351,87.74834437086093,4.304635761589404,83.44370860927152
E00108152,393,89,41,48,304,12,292,22.646310432569976,10.432569974554708,12.213740458015266,77.35368956743002,3.0534351145038165,74.30025445292621
E00108153,300,57,21,36,243,15,228,19,7.000000000000001,12,81,5,76
E00108154,518,110,45,65,408,25,383,21.235521235521233,8.687258687258687,12.548262548262548,78.76447876447877,4.826254826254826,73.93822393822393
E00108156,543,98,40,58,445,15,430,18.047882136279927,7.366482504604052,10.681399631675875,81.95211786372008,2.7624309392265194,79.18968692449356
E00108157,476,67,27,40,409,24,385,14.07563025210084,5.6722689075630255,8.403361344537815,85.92436974789915,5.042016806722689,80.88235294117648
E00108158,296,75,35,40,221,16,205,25.33783783783784,11.824324324324325,13.513513513513514,74.66216216216216,5.405405405405405,69.25675675675676
E00108159,289,68,31,37,221,13,208,23.52941176470588,10.726643598615917,12.802768166089965,76.47058823529412,4.498269896193772,71.97231833910035
E00108160,536,68,29,39,468,28,440,12.686567164179104,5.410447761194029,7.276119402985075,87.31343283582089,5.223880597014925,82.08955223880598
E00108161,289,42,16,26,247,15,232,14.53287197231834,5.536332179930796,8.996539792387544,85.46712802768167,5.190311418685121,80.27681660899654
E00108162,235,43,15,28,192,21,171,18.29787234042553,6.382978723404255,11.914893617021278,81.70212765957446,8.936170212765958,72.76595744680851
E00108163,347,68,39,29,279,11,268,19.596541786743515,11.239193083573488,8.357348703170029,80.403458213256485,3.170028818443804,77.23342939481267
E00108164,233,63,30,33,170,15,155,27.038626609442062,12.875536480686694,14.163090128755366,72.96137339055794,6.437768240343347,66.52360515021459
E00108166,238,49,15,34,189,10,179,20.588235294117645,6.302521008403361,14.285714285714285,79.41176470588235,4.201680672268908,75.21008403361344
E00108167,345,66,32,34,279,15,264,19.130434782608695,9.27536231884058,9.855072463768117,80.8695652173913,4.3478260869565215,76.52173913043478
E00108168,294,71,30,41,223,14,209,24.149659863945576,10.204081632653061,13.945578231292515,75.85034013605441,4.761904761904762,71.08843537414967
E00108169,337,61,28,33,276,15,261,18.100890207715135,8.30860534124629,9.792284866468842,81.89910979228486,4.451038575667656,77.44807121661721
E00108170,306,56,31,25,250,29,221,18.30065359477124,10.130718954248366,8.169934640522875,81.69934640522875,9.477124183006536,72.22222222222221
E00108171,296,60,30,30,236,21,215,20.27027027027027,10.135135135135135,10.135135135135135,79.72972972972973,7.094594594594595,72.63513513513513
E00108173,384,55,22,33,329,29,300,14.322916666666666,5.729166666666666,8.59375,85.67708333333334,7.552083333333333,78.125
E00108174,300,50,28,22,250,25,225,16.666666666666664,9.333333333333334,7.333333333333333,83.33333333333334,8.333333333333332,75
E00108175,286,52,17,35,234,15,219,18.181818181818183,5.944055944055944,12.237762237762238,81.81818181818183,5.244755244755245,76.57342657342657
E00108176,266,47,24,23,219,11,208,17.669172932330827,9.022556390977442,8.646616541353383,82.33082706766918,4.135338345864661,78.19548872180451
E00108177,310,68,34,34,242,22,220,21.935483870967744,10.967741935483872,10.967741935483872,78.06451612903226,7.096774193548387,70.96774193548387
E00108178,264,48,21,27,216,25,191,18.181818181818183,7.954545454545454,10.227272727272728,81.81818181818183,9.469696969696969,72.34848484848484
E00108179,283,51,28,23,232,29,203,18.021201413427562,9.89399293286219,8.12720848056537,81.97879858657244,10.247349823321555,71.73144876325088
E00108180,278,45,22,23,233,12,221,16.18705035971223,7.913669064748201,8.273381294964029,83.81294964028777,4.316546762589928,79.49640287769785
E00108181,333,49,18,31,284,27,257,14.714714714714713,5.405405405405405,9.30930930930931,85.28528528528528,8.108108108108109,77.17717717717719
E00108182,461,87,28,59,374,22,352,18.872017353579178,6.073752711496746,12.79826464208243,81.12798264642083,4.772234273318872,76.35574837310195
E00108183,284,46,23,23,238,15,223,16.19718309859155,8.098591549295776,8.098591549295776,83.80281690140845,5.28169014084507,78.52112676056338
E00108184,401,56,19,37,345,40,305,13.96508728179551,4.738154613466334,9.226932668329177,86.0349127182045,9.975062344139651,76.05985037406484
E00108185,299,46,18,28,253,17,236,15.384615384615385,6.0200668896321075,9.364548494983277,84.61538461538461,5.68561872909699,78.92976588628763
E00108186,303,44,23,21,259,28,231,14.521452145214523,7.590759075907591,6.9306930693069315,85.47854785478548,9.24092409240924,76.23762376237624
E00108187,325,41,18,23,284,23,261,12.615384615384615,5.538461538461538,7.076923076923077,87.38461538461539,7.076923076923077,80.3076923076923
E00108188,248,49,17,32,199,17,182,19.758064516129032,6.854838709677419,12.903225806451612,80.24193548387096,6.854838709677419,73.38709677419355
E00108189,286,55,29,26,231,15,216,19.230769230769234,10.13986013986014,9.090909090909092,80.76923076923077,5.244755244755245,75.52447552447552
E00108190,293,40,16,24,253,20,233,13.651877133105803,5.460750853242321,8.19112627986348,86.3481228668942,6.825938566552901,79.5221843003413
E00108191,265,58,24,34,207,18,189,21.88679245283019,9.056603773584905,12.830188679245284,78.11320754716982,6.7924528301886795,71.32075471698113
E00108192,354,54,21,33,300,24,276,15.254237288135593,5.932203389830509,9.322033898305085,84.7457627118644,6.779661016949152,77.96610169491525
E00108193,317,42,9,33,275,32,243,13.249211356466878,2.8391167192429023,10.410094637223976,86.75078864353313,10.094637223974763,76.65615141955836
E00108194,535,51,20,31,484,29,455,9.532710280373832,3.7383177570093453,5.794392523364486,90.46728971962617,5.420560747663552,85.04672897196261
E00108195,340,49,12,37,291,25,266,14.411764705882351,3.5294117647058822,10.882352941176471,85.58823529411764,7.352941176470589,78.23529411764706
E00108196,312,54,16,38,258,27,231,17.307692307692307,5.128205128205128,12.179487179487179,82.6923076923077,8.653846153846153,74.03846153846155
E00108197,326,51,17,34,275,17,258,15.644171779141105,5.214723926380368,10.429447852760736,84.3558282208589,5.214723926380368,79.14110429447852
E00108198,358,77,52,25,281,27,254,21.508379888268156,14.52513966480447,6.983240223463687,78.49162011173185,7.5418994413407825,70.94972067039106
E00108199,302,44,15,29,258,13,245,14.56953642384106,4.966887417218543,9.602649006622517,85.43046357615894,4.304635761589404,81.12582781456953
E00108200,273,60,28,32,213,16,197,21.978021978021978,10.256410256410255,11.72161172161172,78.02197802197803,5.86080586080586,72.16117216117216
E00108201,307,37,12,25,270,20,250,12.052117263843648,3.908794788273615,8.143322475570033,87.94788273615634,6.514657980456026,81.43322475570032
E00108202,241,33,12,21,208,23,185,13.692946058091287,4.979253112033195,8.71369294605809,86.30705394190872,9.54356846473029,76.76348547717843
E00108203,345,58,25,33,287,21,266,16.81159420289855,7.246376811594203,9.565217391304348,83.18840579710145,6.086956521739131,77.10144927536233
E00108204,306,47,17,30,259,15,244,15.359477124183007,5.555555555555555,9.803921568627452,84.640522875817,4.901960784313726,79.73856209150327
E00108205,518,116,64,52,402,26,376,22.393822393822393,12.355212355212355,10.038610038610038,77.60617760617761,5.019305019305019,72.58687258687259
E00108206,188,60,25,35,128,14,114,31.914893617021278,13.297872340425531,18.617021276595743,68.08510638297872,7.446808510638298,60.63829787234043
E00108207,267,39,17,22,228,15,213,14.606741573033707,6.367041198501873,8.239700374531834,85.39325842696628,5.617977528089887,79.7752808988764
E00108208,275,72,37,35,203,11,192,26.181818181818183,13.454545454545455,12.727272727272727,73.81818181818181,4,69.81818181818183
E00108209,262,75,47,28,187,15,172,28.62595419847328,17.938931297709924,10.687022900763358,71.37404580152672,5.7251908396946565,65.64885496183206
E00108210,349,86,28,58,263,16,247,24.641833810888254,8.022922636103152,16.6189111747851,75.35816618911176,4.584527220630372,70.77363896848138
E00108211,302,58,36,22,244,14,230,19.205298013245034,11.920529801324504,7.28476821192053,80.79470198675497,4.635761589403973,76.15894039735099
E00108212,382,66,32,34,316,21,295,17.277486910994764,8.37696335078534,8.900523560209423,82.72251308900523,5.49738219895288,77.22513089005236
E00108213,297,60,35,25,237,17,220,20.2020202020202,11.784511784511785,8.417508417508419,79.7979797979798,5.723905723905724,74.07407407407408
E00108214,320,75,28,47,245,14,231,23.4375,8.75,14.6875,76.5625,4.375,72.1875
E00108215,341,49,23,26,292,20,272,14.369501466275661,6.744868035190615,7.624633431085044,85.63049853372434,5.865102639296188,79.76539589442815
E00108216,348,57,25,32,291,25,266,16.379310344827587,7.183908045977011,9.195402298850574,83.62068965517241,7.183908045977011,76.4367816091954
E00108217,239,67,36,31,172,24,148,28.03347280334728,15.062761506276152,12.97071129707113,71.96652719665272,10.0418410041841,61.92468619246861
E00108218,220,77,36,41,143,9,134,35,16.363636363636363,18.636363636363637,65,4.090909090909091,60.909090909090914
E00108219,346,77,37,40,269,14,255,22.254335260115607,10.69364161849711,11.560693641618498,77.74566473988439,4.046242774566474,73.69942196531792
E00108220,314,108,72,36,206,17,189,34.394904458598724,22.929936305732486,11.464968152866243,65.60509554140127,5.414012738853503,60.19108280254777
E00108221,278,77,38,39,201,18,183,27.697841726618705,13.66906474820144,14.028776978417264,72.3021582733813,6.474820143884892,65.82733812949641
E00108222,269,69,37,32,200,19,181,25.650557620817843,13.754646840148698,11.895910780669144,74.34944237918215,7.063197026022305,67.28624535315984
E00108223,302,76,45,31,226,15,211,25.165562913907287,14.90066225165563,10.264900662251655,74.83443708609272,4.966887417218543,69.86754966887418
E00108224,267,87,44,43,180,13,167,32.58426966292135,16.479400749063668,16.10486891385768,67.41573033707866,4.868913857677903,62.546816479400746
E00108225,303,77,44,33,226,21,205,25.412541254125415,14.521452145214523,10.891089108910892,74.58745874587459,6.9306930693069315,67.65676567656766
E00108226,304,66,26,40,238,24,214,21.710526315789476,8.552631578947368,13.157894736842104,78.28947368421053,7.894736842105263,70.39473684210526
E00108227,296,71,48,23,225,19,206,23.986486486486484,16.216216216216218,7.77027027027027,76.01351351351352,6.418918918918918,69.5945945945946
E00108228,269,72,42,30,197,9,188,26.765799256505574,15.613382899628252,11.152416356877323,73.23420074349443,3.3457249070631967,69.88847583643123
E00108229,264,77,39,38,187,21,166,29.166666666666668,14.772727272727273,14.393939393939394,70.83333333333334,7.954545454545454,62.878787878787875
E00108230,319,55,28,27,264,24,240,17.24137931034483,8.77742946708464,8.463949843260188,82.75862068965517,7.523510971786834,75.23510971786834
E00108231,341,75,41,34,266,16,250,21.994134897360702,12.023460410557185,9.970674486803519,78.00586510263929,4.69208211143695,73.31378299120234
E00108232,235,68,34,34,167,19,148,28.936170212765955,14.468085106382977,14.468085106382977,71.06382978723404,8.085106382978724,62.97872340425532
E00108233,308,85,43,42,223,22,201,27.5974025974026,13.96103896103896,13.636363636363635,72.40259740259741,7.142857142857142,65.25974025974025
E00108234,417,76,32,44,341,37,304,18.225419664268586,7.673860911270983,10.551558752997602,81.77458033573141,8.872901678657074,72.90167865707434
E00108235,386,64,23,41,322,27,295,16.580310880829018,5.958549222797927,10.621761658031089,83.41968911917098,6.994818652849741,76.42487046632125
E00108236,196,34,14,20,162,10,152,17.346938775510203,7.142857142857142,10.204081632653061,82.6530612244898,5.1020408163265305,77.55102040816327
E00108237,259,32,10,22,227,18,209,12.355212355212355,3.861003861003861,8.494208494208493,87.64478764478764,6.94980694980695,80.6949806949807
E00108238,335,34,12,22,301,17,284,10.149253731343283,3.582089552238806,6.567164179104477,89.8507462686567,5.074626865671641,84.77611940298507
E00108239,341,57,20,37,284,28,256,16.715542521994134,5.865102639296188,10.850439882697946,83.28445747800586,8.211143695014663,75.0733137829912
E00108240,247,59,27,32,188,17,171,23.88663967611336,10.931174089068826,12.955465587044534,76.11336032388664,6.882591093117409,69.23076923076923
E00108241,285,45,14,31,240,24,216,15.789473684210526,4.912280701754386,10.87719298245614,84.21052631578947,8.421052631578947,75.78947368421053
E00108242,320,49,21,28,271,20,251,15.312500000000002,6.5625,8.75,84.6875,6.25,78.4375
E00108243,230,28,8,20,202,11,191,12.173913043478262,3.4782608695652173,8.695652173913043,87.82608695652175,4.782608695652174,83.04347826086956
E00108244,287,54,22,32,233,18,215,18.81533101045296,7.665505226480835,11.149825783972126,81.18466898954703,6.2717770034843205,74.91289198606272
E00108245,397,123,62,61,274,15,259,30.982367758186395,15.617128463476071,15.365239294710328,69.0176322418136,3.7783375314861463,65.23929471032746
E00108246,341,61,28,33,280,33,247,17.888563049853374,8.211143695014663,9.67741935483871,82.11143695014663,9.67741935483871,72.43401759530792
E00108247,340,84,56,28,256,23,233,24.705882352941178,16.470588235294116,8.235294117647058,75.29411764705883,6.764705882352941,68.52941176470588
E00108248,311,59,23,36,252,16,236,18.971061093247588,7.395498392282958,11.57556270096463,81.02893890675242,5.144694533762058,75.88424437299035
E00108249,259,62,29,33,197,17,180,23.93822393822394,11.196911196911197,12.741312741312742,76.06177606177607,6.563706563706563,69.4980694980695
E00108250,286,65,24,41,221,11,210,22.727272727272727,8.391608391608392,14.335664335664337,77.27272727272727,3.8461538461538463,73.42657342657343
E00108251,375,64,29,35,311,28,283,17.066666666666666,7.733333333333333,9.333333333333334,82.93333333333334,7.466666666666668,75.46666666666667
E00108252,360,65,30,35,295,28,267,18.055555555555554,8.333333333333332,9.722222222222223,81.94444444444444,7.777777777777778,74.16666666666667
E00108253,275,48,17,31,227,23,204,17.454545454545457,6.181818181818182,11.272727272727273,82.54545454545455,8.363636363636363,74.18181818181819
E00108254,329,73,28,45,256,24,232,22.188449848024316,8.51063829787234,13.677811550151976,77.81155015197568,7.29483282674772,70.51671732522796
E00108255,333,46,22,24,287,23,264,13.813813813813812,6.606606606606606,7.207207207207207,86.18618618618619,6.906906906906906,79.27927927927928
E00108256,272,46,18,28,226,12,214,16.911764705882355,6.61764705882353,10.294117647058822,83.08823529411765,4.411764705882353,78.67647058823529
E00108257,262,76,33,43,186,16,170,29.00763358778626,12.595419847328243,16.412213740458014,70.99236641221374,6.106870229007633,64.8854961832061
E00108258,356,68,34,34,288,12,276,19.101123595505616,9.550561797752808,9.550561797752808,80.89887640449437,3.3707865168539324,77.52808988764045
E00108259,268,66,38,28,202,13,189,24.62686567164179,14.17910447761194,10.44776119402985,75.3731343283582,4.850746268656716,70.52238805970148
E00108260,336,85,35,50,251,24,227,25.297619047619047,10.416666666666668,14.880952380952381,74.70238095238095,7.142857142857142,67.55952380952381
E00108261,337,76,34,42,261,18,243,22.551928783382788,10.089020771513352,12.462908011869436,77.44807121661721,5.341246290801187,72.10682492581603
E00108262,220,56,28,28,164,14,150,25.454545454545453,12.727272727272727,12.727272727272727,74.54545454545455,6.363636363636363,68.18181818181817
E00108263,367,82,38,44,285,19,266,22.3433242506812,10.354223433242508,11.989100817438691,77.65667574931881,5.177111716621254,72.47956403269755
E00108264,246,60,26,34,186,14,172,24.390243902439025,10.569105691056912,13.821138211382115,75.60975609756098,5.691056910569105,69.91869918699187
E00108265,287,36,11,25,251,28,223,12.543554006968641,3.8327526132404177,8.710801393728223,87.45644599303137,9.75609756097561,77.70034843205575
E00108266,338,65,30,35,273,10,263,19.230769230769234,8.875739644970414,10.355029585798817,80.76923076923077,2.9585798816568047,77.81065088757396
E00108267,283,61,35,26,222,30,192,21.554770318021202,12.36749116607774,9.187279151943462,78.4452296819788,10.60070671378092,67.84452296819788
E00108268,260,65,32,33,195,19,176,25,12.307692307692308,12.692307692307692,75,7.307692307692308,67.6923076923077
E00108269,326,69,37,32,257,21,236,21.165644171779142,11.349693251533742,9.815950920245399,78.83435582822086,6.441717791411043,72.39263803680981
E00108270,256,51,32,19,205,17,188,19.921875,12.5,7.421875,80.078125,6.640625,73.4375
E00108271,209,70,42,28,139,15,124,33.49282296650718,20.095693779904305,13.397129186602871,66.50717703349282,7.177033492822966,59.33014354066985
E00108272,199,60,54,6,139,8,131,30.15075376884422,27.1356783919598,3.015075376884422,69.84924623115577,4.0201005025125625,65.82914572864321
E00108273,446,79,31,48,367,21,346,17.713004484304935,6.950672645739911,10.762331838565023,82.28699551569507,4.708520179372197,77.57847533632287
E00108274,328,53,25,28,275,19,256,16.158536585365855,7.621951219512195,8.536585365853659,83.84146341463415,5.7926829268292686,78.04878048780488
E00108275,322,60,25,35,262,32,230,18.633540372670808,7.763975155279502,10.869565217391305,81.36645962732919,9.937888198757763,71.42857142857143
E00108276,320,66,31,35,254,18,236,20.625,9.6875,10.9375,79.375,5.625,73.75
E00108277,306,59,34,25,247,19,228,19.28104575163399,11.11111111111111,8.169934640522875,80.71895424836602,6.209150326797386,74.50980392156863
E00108278,236,72,33,39,164,25,139,30.508474576271187,13.983050847457626,16.52542372881356,69.49152542372882,10.59322033898305,58.89830508474576
E00108279,288,59,30,29,229,14,215,20.48611111111111,10.416666666666668,10.069444444444445,79.51388888888889,4.861111111111112,74.65277777777779
E00108280,112,34,17,17,78,13,65,30.357142857142854,15.178571428571427,15.178571428571427,69.64285714285714,11.607142857142858,58.03571428571429
E00108281,317,55,25,30,262,18,244,17.350157728706623,7.886435331230284,9.46372239747634,82.64984227129337,5.678233438485805,76.97160883280758
E00108282,281,55,31,24,226,12,214,19.572953736654807,11.032028469750891,8.540925266903916,80.42704626334519,4.270462633451958,76.15658362989323
E00108283,356,85,38,47,271,17,254,23.876404494382022,10.674157303370785,13.202247191011235,76.12359550561798,4.775280898876404,71.34831460674157
E00108284,381,68,28,40,313,18,295,17.84776902887139,7.349081364829396,10.498687664041995,82.1522309711286,4.724409448818897,77.42782152230971
E00108285,292,56,31,25,236,21,215,19.17808219178082,10.616438356164384,8.561643835616438,80.82191780821918,7.191780821917808,73.63013698630137
E00108286,295,51,25,26,244,12,232,17.28813559322034,8.47457627118644,8.813559322033898,82.71186440677965,4.067796610169491,78.64406779661017
E00108287,355,72,38,34,283,23,260,20.281690140845072,10.704225352112676,9.577464788732394,79.71830985915493,6.478873239436619,73.23943661971832
E00108288,366,51,18,33,315,16,299,13.934426229508196,4.918032786885246,9.01639344262295,86.0655737704918,4.371584699453552,81.69398907103826
E00108289,344,62,27,35,282,19,263,18.023255813953487,7.848837209302325,10.174418604651162,81.97674418604652,5.523255813953488,76.45348837209302
E00108290,464,90,28,62,374,33,341,19.396551724137932,6.0344827586206895,13.36206896551724,80.60344827586206,7.112068965517242,73.49137931034483
E00108291,294,68,33,35,226,21,205,23.12925170068027,11.224489795918368,11.904761904761903,76.87074829931973,7.142857142857142,69.72789115646259
E00108292,361,70,33,37,291,15,276,19.390581717451525,9.141274238227147,10.249307479224377,80.60941828254848,4.1551246537396125,76.45429362880887
E00108293,329,70,31,39,259,22,237,21.27659574468085,9.422492401215806,11.854103343465045,78.72340425531915,6.68693009118541,72.03647416413374
E00108294,320,46,21,25,274,28,246,14.374999999999998,6.5625,7.8125,85.625,8.75,76.875
E00108296,305,36,12,24,269,17,252,11.80327868852459,3.934426229508197,7.868852459016394,88.19672131147541,5.573770491803279,82.62295081967214
E00108297,324,55,25,30,269,23,246,16.97530864197531,7.716049382716049,9.25925925925926,83.0246913580247,7.098765432098765,75.92592592592592
E00108298,310,58,21,37,252,18,234,18.70967741935484,6.774193548387098,11.935483870967742,81.29032258064515,5.806451612903226,75.48387096774194
E00108299,363,66,32,34,297,12,285,18.181818181818183,8.81542699724518,9.366391184573002,81.81818181818183,3.3057851239669422,78.51239669421489
E00108300,402,57,25,32,345,28,317,14.17910447761194,6.218905472636816,7.960199004975125,85.82089552238806,6.965174129353234,78.85572139303483
E00108301,409,59,27,32,350,27,323,14.425427872860636,6.601466992665037,7.823960880195599,85.57457212713936,6.601466992665037,78.97310513447434
E00108302,308,60,34,26,248,17,231,19.480519480519483,11.03896103896104,8.441558441558442,80.51948051948052,5.51948051948052,75
E00108304,258,60,32,28,198,10,188,23.25581395348837,12.4031007751938,10.852713178294573,76.74418604651163,3.875968992248062,72.86821705426357
E00108305,254,48,23,25,206,23,183,18.89763779527559,9.05511811023622,9.84251968503937,81.10236220472441,9.05511811023622,72.04724409448819
E00108306,269,49,19,30,220,22,198,18.21561338289963,7.063197026022305,11.152416356877323,81.78438661710037,8.178438661710038,73.60594795539033
E00108307,332,52,27,25,280,23,257,15.66265060240964,8.132530120481928,7.530120481927711,84.33734939759037,6.927710843373494,77.40963855421687
E00108308,309,55,25,30,254,19,235,17.79935275080906,8.090614886731391,9.70873786407767,82.20064724919094,6.148867313915858,76.05177993527508
E00108309,393,66,29,37,327,19,308,16.793893129770993,7.37913486005089,9.414758269720101,83.20610687022901,4.8346055979643765,78.37150127226464
E00108310,395,74,30,44,321,31,290,18.734177215189874,7.59493670886076,11.139240506329113,81.26582278481013,7.848101265822785,73.41772151898735
E00108311,301,57,26,31,244,20,224,18.93687707641196,8.637873754152823,10.299003322259136,81.06312292358804,6.64451827242525,74.4186046511628
E00108312,319,70,33,37,249,13,236,21.9435736677116,10.344827586206897,11.598746081504702,78.0564263322884,4.075235109717868,73.98119122257053
E00108313,414,57,30,27,357,28,329,13.768115942028986,7.246376811594203,6.521739130434782,86.23188405797102,6.763285024154589,79.46859903381642
E00108314,306,65,27,38,241,20,221,21.241830065359476,8.823529411764707,12.418300653594772,78.75816993464052,6.535947712418301,72.22222222222221
E00108315,288,50,24,26,238,13,225,17.36111111111111,8.333333333333332,9.027777777777777,82.63888888888889,4.513888888888888,78.125
E00108316,411,47,18,29,364,23,341,11.435523114355231,4.37956204379562,7.0559610705596105,88.56447688564477,5.59610705596107,82.9683698296837
E00108317,458,112,53,59,346,23,323,24.45414847161572,11.572052401746726,12.882096069868995,75.54585152838428,5.021834061135371,70.52401746724891
E00108318,335,58,25,33,277,18,259,17.313432835820898,7.462686567164178,9.850746268656717,82.68656716417911,5.3731343283582085,77.31343283582089
E00108319,280,84,37,47,196,24,172,30,13.214285714285715,16.785714285714285,70,8.571428571428571,61.42857142857143
E00108320,256,67,32,35,189,15,174,26.171875,12.5,13.671875,73.828125,5.859375,67.96875
E00108321,379,68,32,36,311,20,291,17.941952506596305,8.443271767810026,9.498680738786279,82.05804749340369,5.277044854881266,76.78100263852242
E00108322,364,89,33,56,275,22,253,24.45054945054945,9.065934065934066,15.384615384615385,75.54945054945054,6.043956043956044,69.5054945054945
E00108323,317,49,29,20,268,14,254,15.457413249211358,9.14826498422713,6.309148264984227,84.54258675078864,4.416403785488959,80.12618296529969
E00108324,408,120,57,63,288,16,272,29.411764705882355,13.970588235294118,15.441176470588236,70.58823529411765,3.9215686274509802,66.66666666666666
E00108325,448,101,43,58,347,29,318,22.544642857142858,9.598214285714286,12.946428571428573,77.45535714285714,6.4732142857142865,70.98214285714286
E00108326,411,84,40,44,327,19,308,20.437956204379564,9.732360097323602,10.70559610705596,79.56204379562044,4.622871046228711,74.93917274939173
E00108327,338,68,33,35,270,24,246,20.118343195266274,9.763313609467456,10.355029585798817,79.88165680473372,7.100591715976331,72.7810650887574
E00108328,300,62,25,37,238,17,221,20.666666666666668,8.333333333333332,12.333333333333334,79.33333333333333,5.666666666666666,73.66666666666667
E00108329,301,50,28,22,251,17,234,16.611295681063122,9.30232558139535,7.308970099667775,83.38870431893687,5.647840531561462,77.74086378737542
E00108330,313,55,25,30,258,28,230,17.57188498402556,7.987220447284344,9.584664536741213,82.42811501597444,8.945686900958465,73.48242811501598
E00108331,450,95,44,51,355,21,334,21.11111111111111,9.777777777777779,11.333333333333332,78.88888888888889,4.666666666666667,74.22222222222223
E00108332,346,53,21,32,293,29,264,15.31791907514451,6.069364161849711,9.248554913294797,84.6820809248555,8.38150289017341,76.30057803468208
E00108333,349,68,32,36,281,12,269,19.484240687679083,9.169054441260744,10.315186246418339,80.51575931232091,3.4383954154727796,77.07736389684814
E00108334,342,68,35,33,274,24,250,19.883040935672515,10.23391812865497,9.649122807017543,80.11695906432749,7.017543859649122,73.09941520467837
E00108335,330,79,33,46,251,16,235,23.939393939393938,10,13.939393939393941,76.06060606060606,4.848484848484849,71.21212121212122
E00108336,387,72,32,40,315,18,297,18.6046511627907,8.2687338501292,10.335917312661499,81.3953488372093,4.651162790697675,76.74418604651163
E00108337,254,58,24,34,196,12,184,22.83464566929134,9.448818897637794,13.385826771653544,77.16535433070865,4.724409448818897,72.44094488188976
E00108338,286,61,37,24,225,13,212,21.328671328671327,12.937062937062937,8.391608391608392,78.67132867132867,4.545454545454546,74.12587412587412
E00108339,317,62,28,34,255,15,240,19.558359621451103,8.832807570977918,10.725552050473187,80.4416403785489,4.73186119873817,75.70977917981072
E00108340,291,68,25,43,223,27,196,23.367697594501717,8.59106529209622,14.776632302405499,76.6323024054983,9.278350515463918,67.35395189003437
E00108341,326,56,18,38,270,18,252,17.177914110429448,5.521472392638037,11.65644171779141,82.82208588957054,5.521472392638037,77.30061349693251
E00108342,455,77,26,51,378,39,339,16.923076923076923,5.714285714285714,11.20879120879121,83.07692307692308,8.571428571428571,74.50549450549451
E00108343,376,61,21,40,315,21,294,16.22340425531915,5.585106382978723,10.638297872340425,83.77659574468085,5.585106382978723,78.19148936170212
E00108344,242,43,23,20,199,14,185,17.768595041322314,9.50413223140496,8.264462809917356,82.23140495867769,5.785123966942149,76.44628099173553
E00108345,344,38,16,22,306,25,281,11.046511627906977,4.651162790697675,6.395348837209303,88.95348837209302,7.267441860465117,81.68604651162791
E00108346,290,40,21,19,250,29,221,13.793103448275861,7.241379310344828,6.551724137931035,86.20689655172413,10,76.20689655172413
E00108347,270,57,30,27,213,15,198,21.11111111111111,11.11111111111111,10,78.88888888888889,5.555555555555555,73.33333333333333
E00108348,304,40,15,25,264,29,235,13.157894736842104,4.934210526315789,8.223684210526317,86.8421052631579,9.539473684210527,77.30263157894737
E00108349,413,66,20,46,347,31,316,15.980629539951574,4.8426150121065374,11.138014527845035,84.01937046004842,7.506053268765134,76.51331719128329
E00108350,324,59,20,39,265,22,243,18.209876543209877,6.172839506172839,12.037037037037036,81.79012345679013,6.790123456790123,75
E00108351,224,62,18,44,162,12,150,27.67857142857143,8.035714285714286,19.642857142857142,72.32142857142857,5.357142857142857,66.96428571428571
E00108353,318,48,22,26,270,25,245,15.09433962264151,6.918238993710692,8.176100628930817,84.90566037735849,7.861635220125786,77.04402515723271
E00108354,318,45,14,31,273,25,248,14.150943396226415,4.40251572327044,9.748427672955975,85.84905660377359,7.861635220125786,77.9874213836478
E00108355,281,65,27,38,216,14,202,23.131672597864767,9.608540925266903,13.523131672597867,76.86832740213522,4.98220640569395,71.88612099644128
E00108356,298,26,7,19,272,22,250,8.724832214765101,2.348993288590604,6.375838926174497,91.2751677852349,7.38255033557047,83.89261744966443
E00108357,238,39,14,25,199,17,182,16.386554621848738,5.88235294117647,10.504201680672269,83.61344537815127,7.142857142857142,76.47058823529412
E00108358,300,60,22,38,240,19,221,20,7.333333333333333,12.666666666666668,80,6.333333333333334,73.66666666666667
E00108359,218,59,27,32,159,19,140,27.06422018348624,12.385321100917432,14.678899082568808,72.93577981651376,8.715596330275229,64.22018348623854
E00108360,312,30,9,21,282,27,255,9.615384615384617,2.8846153846153846,6.730769230769231,90.38461538461539,8.653846153846153,81.73076923076923
E00108361,320,41,12,29,279,26,253,12.812499999999998,3.75,9.0625,87.1875,8.125,79.0625
E00108362,308,53,26,27,255,27,228,17.20779220779221,8.441558441558442,8.766233766233766,82.79220779220779,8.766233766233766,74.02597402597402
E00108363,287,48,16,32,239,17,222,16.72473867595819,5.574912891986063,11.149825783972126,83.27526132404182,5.923344947735192,77.35191637630662
E00108364,286,45,21,24,241,26,215,15.734265734265735,7.3426573426573425,8.391608391608392,84.26573426573427,9.090909090909092,75.17482517482517
E00108365,373,101,59,42,272,25,247,27.07774798927614,15.81769436997319,11.26005361930295,72.92225201072387,6.702412868632708,66.21983914209115
E00108366,294,66,32,34,228,20,208,22.448979591836736,10.884353741496598,11.564625850340136,77.55102040816327,6.802721088435375,70.74829931972789
E00108367,391,54,17,37,337,19,318,13.810741687979538,4.3478260869565215,9.462915601023019,86.18925831202046,4.859335038363171,81.32992327365729
E00108368,381,36,12,24,345,26,319,9.448818897637794,3.149606299212598,6.299212598425196,90.5511811023622,6.824146981627297,83.72703412073491
E00108369,491,59,21,38,432,26,406,12.016293279022404,4.276985743380855,7.739307535641547,87.9837067209776,5.295315682281059,82.68839103869654
E00108370,303,60,19,41,243,29,214,19.801980198019802,6.270627062706271,13.531353135313532,80.19801980198021,9.570957095709572,70.62706270627062
E00108371,450,73,27,46,377,26,351,16.22222222222222,6,10.222222222222223,83.77777777777777,5.777777777777778,78
E00108372,298,47,13,34,251,24,227,15.771812080536913,4.3624161073825505,11.409395973154362,84.22818791946308,8.053691275167784,76.1744966442953
E00108373,250,44,16,28,206,24,182,17.599999999999998,6.4,11.200000000000001,82.39999999999999,9.6,72.8
E00108374,270,55,26,29,215,23,192,20.37037037037037,9.62962962962963,10.74074074074074,79.62962962962963,8.518518518518519,71.11111111111111
E00108375,339,59,25,34,280,29,251,17.404129793510325,7.374631268436578,10.029498525073747,82.59587020648968,8.55457227138643,74.04129793510324
E00108376,347,54,20,34,293,28,265,15.561959654178676,5.763688760806916,9.798270893371757,84.43804034582134,8.069164265129682,76.36887608069163
E00108377,309,46,25,21,263,21,242,14.886731391585762,8.090614886731391,6.796116504854369,85.11326860841424,6.796116504854369,78.31715210355988
E00108378,366,61,23,38,305,27,278,16.666666666666664,6.284153005464481,10.382513661202186,83.33333333333334,7.377049180327869,75.95628415300546
E00108379,271,27,14,13,244,25,219,9.96309963099631,5.166051660516605,4.797047970479705,90.03690036900369,9.22509225092251,80.81180811808119
E00108380,421,71,28,43,350,20,330,16.864608076009503,6.65083135391924,10.21377672209026,83.1353919239905,4.750593824228028,78.38479809976246
E00108381,244,54,15,39,190,18,172,22.131147540983605,6.147540983606557,15.983606557377051,77.8688524590164,7.377049180327869,70.49180327868852
E00108382,298,52,21,31,246,21,225,17.449664429530202,7.046979865771812,10.40268456375839,82.5503355704698,7.046979865771812,75.50335570469798
E00108383,350,57,28,29,293,26,267,16.28571428571429,8,8.285714285714285,83.71428571428572,7.428571428571429,76.28571428571429
E00108384,394,58,14,44,336,28,308,14.720812182741117,3.5532994923857872,11.16751269035533,85.27918781725889,7.1065989847715745,78.1725888324873
E00108385,391,55,22,33,336,32,304,14.066496163682865,5.626598465473146,8.439897698209718,85.93350383631714,8.184143222506394,77.74936061381074
E00108386,391,39,14,25,352,43,309,9.974424552429667,3.580562659846547,6.3938618925831205,90.02557544757033,10.997442455242968,79.02813299232737
E00108387,342,41,14,27,301,19,282,11.988304093567251,4.093567251461988,7.894736842105263,88.01169590643275,5.555555555555555,82.45614035087719
E00108388,317,43,17,26,274,23,251,13.564668769716087,5.3627760252365935,8.201892744479496,86.43533123028391,7.255520504731862,79.17981072555204
E00108389,319,57,21,36,262,12,250,17.86833855799373,6.583072100313479,11.285266457680251,82.13166144200626,3.761755485893417,78.36990595611285
E00108390,366,59,28,31,307,27,280,16.120218579234972,7.650273224043716,8.469945355191257,83.87978142076503,7.377049180327869,76.50273224043715
E00108391,260,61,24,37,199,24,175,23.46153846153846,9.230769230769232,14.23076923076923,76.53846153846153,9.230769230769232,67.3076923076923
E00108392,298,55,25,30,243,24,219,18.456375838926174,8.389261744966444,10.06711409395973,81.54362416107382,8.053691275167784,73.48993288590604
E00108393,434,124,56,68,310,26,284,28.57142857142857,12.903225806451612,15.668202764976957,71.42857142857143,5.990783410138248,65.43778801843318
E00108394,277,43,12,31,234,24,210,15.523465703971121,4.332129963898916,11.191335740072201,84.47653429602889,8.664259927797833,75.81227436823104
E00108396,331,62,32,30,269,23,246,18.731117824773413,9.667673716012084,9.06344410876133,81.2688821752266,6.948640483383686,74.32024169184291
E00108397,356,63,30,33,293,35,258,17.696629213483146,8.426966292134832,9.269662921348315,82.30337078651685,9.831460674157304,72.47191011235955
E00108398,342,60,25,35,282,22,260,17.543859649122805,7.309941520467836,10.23391812865497,82.45614035087719,6.432748538011696,76.0233918128655
E00108399,376,60,21,39,316,29,287,15.957446808510639,5.585106382978723,10.372340425531915,84.04255319148936,7.712765957446808,76.32978723404256
E00108400,244,66,32,34,178,23,155,27.049180327868854,13.114754098360656,13.934426229508196,72.95081967213115,9.426229508196721,63.52459016393443
E00108401,275,45,19,26,230,18,212,16.363636363636363,6.909090909090909,9.454545454545455,83.63636363636363,6.545454545454546,77.0909090909091
E00108402,237,53,28,25,184,20,164,22.362869198312236,11.814345991561181,10.548523206751055,77.63713080168776,8.438818565400844,69.19831223628692
E00108403,308,52,21,31,256,13,243,16.883116883116884,6.8181818181818175,10.064935064935066,83.11688311688312,4.220779220779221,78.8961038961039
E00108404,321,38,15,23,283,25,258,11.838006230529595,4.672897196261682,7.165109034267912,88.1619937694704,7.78816199376947,80.37383177570094
E00108405,439,44,13,31,395,33,362,10.022779043280181,2.9612756264236904,7.061503416856492,89.97722095671982,7.517084282460136,82.46013667425967
E00108406,395,69,30,39,326,26,300,17.468354430379744,7.59493670886076,9.873417721518987,82.53164556962025,6.582278481012659,75.9493670886076
E00108407,301,26,9,17,275,14,261,8.637873754152823,2.990033222591362,5.647840531561462,91.36212624584718,4.651162790697675,86.71096345514951
E00108408,381,58,21,37,323,23,300,15.223097112860891,5.511811023622047,9.711286089238845,84.7769028871391,6.036745406824147,78.74015748031496
E00108409,210,25,11,14,185,16,169,11.904761904761903,5.238095238095238,6.666666666666667,88.09523809523809,7.6190476190476195,80.47619047619048
E00108410,332,37,11,26,295,24,271,11.144578313253012,3.313253012048193,7.83132530120482,88.85542168674698,7.228915662650602,81.62650602409639
E00108412,491,98,43,55,393,26,367,19.95926680244399,8.757637474541752,11.201629327902241,80.04073319755601,5.295315682281059,74.74541751527495
E00108413,329,36,11,25,293,14,279,10.94224924012158,3.343465045592705,7.598784194528875,89.05775075987842,4.25531914893617,84.80243161094225
E00108414,343,30,12,18,313,24,289,8.746355685131196,3.498542274052478,5.247813411078718,91.25364431486881,6.997084548104956,84.25655976676384
E00108415,316,26,8,18,290,19,271,8.227848101265822,2.5316455696202533,5.69620253164557,91.77215189873418,6.012658227848101,85.75949367088607
E00108416,278,27,5,22,251,28,223,9.712230215827338,1.7985611510791366,7.913669064748201,90.28776978417267,10.071942446043165,80.2158273381295
E00108417,385,48,17,31,337,34,303,12.467532467532468,4.415584415584416,8.051948051948052,87.53246753246754,8.831168831168831,78.70129870129871
E00108418,502,72,22,50,430,51,379,14.342629482071715,4.382470119521913,9.9601593625498,85.65737051792829,10.159362549800797,75.4980079681275
E00108419,427,52,21,31,375,27,348,12.177985948477751,4.918032786885246,7.259953161592506,87.82201405152225,6.323185011709602,81.49882903981265
E00108420,312,48,20,28,264,21,243,15.384615384615385,6.41025641025641,8.974358974358974,84.61538461538461,6.730769230769231,77.88461538461539
E00108421,317,50,19,31,267,20,247,15.772870662460567,5.993690851735016,9.779179810725552,84.22712933753942,6.309148264984227,77.91798107255521
E00108422,459,47,15,32,412,36,376,10.239651416122005,3.2679738562091507,6.971677559912854,89.76034858387798,7.8431372549019605,81.91721132897604
E00108423,267,33,14,19,234,20,214,12.359550561797752,5.2434456928838955,7.116104868913857,87.64044943820225,7.490636704119851,80.14981273408239
E00108424,433,45,14,31,388,25,363,10.392609699769054,3.233256351039261,7.159353348729793,89.60739030023095,5.773672055427252,83.83371824480369
E00108425,281,39,12,27,242,20,222,13.87900355871886,4.270462633451958,9.608540925266903,86.12099644128114,7.11743772241993,79.00355871886121
E00108426,608,52,19,33,556,34,522,8.552631578947368,3.125,5.427631578947369,91.44736842105263,5.592105263157895,85.85526315789474
E00108427,295,75,29,46,220,17,203,25.423728813559322,9.830508474576272,15.593220338983052,74.57627118644068,5.762711864406779,68.8135593220339
E00108428,294,29,11,18,265,14,251,9.863945578231291,3.741496598639456,6.122448979591836,90.1360544217687,4.761904761904762,85.37414965986395
E00108429,296,38,16,22,258,20,238,12.837837837837837,5.405405405405405,7.4324324324324325,87.16216216216216,6.756756756756757,80.4054054054054
E00108430,216,88,44,44,128,12,116,40.74074074074074,20.37037037037037,20.37037037037037,59.25925925925925,5.555555555555555,53.70370370370371
E00171449,232,25,10,15,207,25,182,10.775862068965516,4.310344827586207,6.4655172413793105,89.22413793103449,10.775862068965516,78.44827586206897
E00171450,190,18,7,11,172,12,160,9.473684210526317,3.684210526315789,5.7894736842105265,90.52631578947368,6.315789473684211,84.21052631578947
E00171451,394,33,8,25,361,30,331,8.375634517766498,2.030456852791878,6.345177664974619,91.6243654822335,7.614213197969544,84.01015228426397
E00171452,220,30,10,20,190,18,172,13.636363636363635,4.545454545454546,9.090909090909092,86.36363636363636,8.181818181818182,78.18181818181819
E00171453,275,20,5,15,255,25,230,7.2727272727272725,1.8181818181818181,5.454545454545454,92.72727272727272,9.090909090909092,83.63636363636363
E00182405,339,58,19,39,281,23,258,17.10914454277286,5.604719764011799,11.504424778761061,82.89085545722715,6.784660766961652,76.10619469026548
E00182406,454,95,34,61,359,15,344,20.92511013215859,7.488986784140969,13.43612334801762,79.07488986784142,3.303964757709251,75.77092511013215
E00182407,380,73,40,33,307,20,287,19.210526315789473,10.526315789473683,8.68421052631579,80.78947368421052,5.263157894736842,75.52631578947368
E00182414,330,14,5,9,316,15,301,4.242424242424243,1.5151515151515151,2.727272727272727,95.75757575757575,4.545454545454546,91.21212121212122
E00182415,429,85,35,50,344,24,320,19.813519813519815,8.158508158508159,11.655011655011654,80.1864801864802,5.594405594405594,74.5920745920746
E00182416,712,27,5,22,685,38,647,3.7921348314606744,0.7022471910112359,3.089887640449438,96.20786516853933,5.337078651685393,90.87078651685393
E00182418,105,16,6,10,89,10,79,15.238095238095239,5.714285714285714,9.523809523809524,84.76190476190476,9.523809523809524,75.23809523809524
E00182419,178,22,5,17,156,12,144,12.359550561797752,2.8089887640449436,9.550561797752808,87.64044943820225,6.741573033707865,80.89887640449437
E00182424,113,10,7,3,103,7,96,8.849557522123893,6.1946902654867255,2.6548672566371683,91.1504424778761,6.1946902654867255,84.95575221238938
E00182428,211,33,13,20,178,13,165,15.639810426540285,6.161137440758294,9.47867298578199,84.36018957345972,6.161137440758294,78.19905213270142
E00182429,468,66,21,45,402,32,370,14.102564102564102,4.487179487179487,9.615384615384617,85.8974358974359,6.837606837606838,79.05982905982906
E00182436,499,69,21,48,430,32,398,13.827655310621243,4.208416833667335,9.619238476953909,86.17234468937876,6.4128256513026045,79.75951903807615
E00182439,173,22,17,5,151,13,138,12.716763005780345,9.826589595375722,2.8901734104046244,87.28323699421965,7.514450867052023,79.76878612716763
E00182446,170,33,8,25,137,7,130,19.411764705882355,4.705882352941177,14.705882352941178,80.58823529411765,4.117647058823529,76.47058823529412
E00182447,245,37,15,22,208,9,199,15.10204081632653,6.122448979591836,8.979591836734693,84.89795918367346,3.6734693877551026,81.22448979591836
E00182448,287,70,26,44,217,23,194,24.390243902439025,9.059233449477352,15.33101045296167,75.60975609756098,8.013937282229964,67.59581881533101
E00182451,145,32,10,22,113,8,105,22.06896551724138,6.896551724137931,15.172413793103448,77.93103448275862,5.517241379310345,72.41379310344827
E00182456,254,12,4,8,242,16,226,4.724409448818897,1.574803149606299,3.149606299212598,95.2755905511811,6.299212598425196,88.9763779527559
E00182461,260,21,6,15,239,10,229,8.076923076923077,2.307692307692308,5.769230769230769,91.92307692307692,3.8461538461538463,88.07692307692308
E00182462,356,36,13,23,320,19,301,10.112359550561797,3.651685393258427,6.460674157303371,89.8876404494382,5.337078651685393,84.5505617977528
E00182464,582,26,6,20,556,42,514,4.4673539518900345,1.0309278350515463,3.436426116838488,95.53264604810997,7.216494845360824,88.31615120274914
E00182470,323,47,13,34,276,23,253,14.551083591331269,4.024767801857585,10.526315789473683,85.44891640866872,7.120743034055728,78.328173374613
E00182471,599,35,13,22,564,44,520,5.843071786310518,2.1702838063439067,3.672787979966611,94.15692821368948,7.345575959933222,86.81135225375625
E00182478,273,35,14,21,238,17,221,12.82051282051282,5.128205128205128,7.6923076923076925,87.17948717948718,6.227106227106227,80.95238095238095
E00182479,188,11,0,11,177,10,167,5.851063829787234,0,5.851063829787234,94.14893617021278,5.319148936170213,88.82978723404256
E00182487,202,39,15,24,163,15,148,19.306930693069308,7.425742574257425,11.881188118811881,80.6930693069307,7.425742574257425,73.26732673267327
E00182488,168,27,11,16,141,15,126,16.071428571428573,6.547619047619048,9.523809523809524,83.92857142857143,8.928571428571429,75
E00182491,130,17,8,9,113,8,105,13.076923076923078,6.153846153846154,6.923076923076923,86.92307692307692,6.153846153846154,80.76923076923077
E00182494,568,37,13,24,531,25,506,6.514084507042253,2.2887323943661975,4.225352112676056,93.48591549295774,4.401408450704225,89.08450704225352
E00182501,523,43,13,30,480,23,457,8.221797323135755,2.48565965583174,5.736137667304015,91.77820267686424,4.397705544933078,87.38049713193116
E00182503,213,7,1,6,206,18,188,3.286384976525822,0.4694835680751174,2.8169014084507045,96.71361502347418,8.450704225352112,88.26291079812206
E00182504,137,25,14,11,112,7,105,18.248175182481752,10.218978102189782,8.02919708029197,81.75182481751825,5.109489051094891,76.64233576642336
E00182506,532,86,31,55,446,36,410,16.165413533834585,5.827067669172932,10.338345864661653,83.83458646616542,6.7669172932330826,77.06766917293233
E00182516,183,12,6,6,171,9,162,6.557377049180328,3.278688524590164,3.278688524590164,93.44262295081968,4.918032786885246,88.52459016393442
E00182518,170,19,4,15,151,12,139,11.176470588235295,2.3529411764705883,8.823529411764707,88.8235294117647,7.0588235294117645,81.76470588235294
