OA,ts0590001,ts0590002,ts0590003,ts0590004,ts0590005,ts0590006,ts0590007,ts0590002_PCT,ts0590003_PCT,ts0590004_PCT,ts0590005_PCT,ts0590006_PCT,ts0590007_PCT
E00139175,87,34,15,19,53,45,8,39.08045977011494,17.24137931034483,21.839080459770116,60.91954022988506,51.724137931034484,9.195402298850574
E00139176,81,37,16,21,44,36,8,45.67901234567901,19.753086419753085,25.925925925925924,54.32098765432099,44.44444444444444,9.876543209876543
E00139178,98,43,19,24,55,40,15,43.87755102040816,19.387755102040817,24.489795918367346,56.12244897959183,40.816326530612244,15.306122448979592
E00139179,164,61,18,43,103,82,21,37.19512195121951,10.975609756097562,26.21951219512195,62.80487804878049,50,12.804878048780488
E00139180,135,49,18,31,86,63,23,36.2962962962963,13.333333333333334,22.962962962962962,63.70370370370371,46.666666666666664,17.037037037037038
E00139181,109,42,10,32,67,56,11,38.53211009174312,9.174311926605505,29.357798165137616,61.46788990825688,51.37614678899083,10.091743119266056
E00139182,131,45,12,33,86,79,7,34.35114503816794,9.16030534351145,25.190839694656486,65.64885496183206,60.30534351145038,5.343511450381679
E00139183,137,49,15,34,88,64,24,35.76642335766424,10.948905109489052,24.817518248175183,64.23357664233576,46.715328467153284,17.51824817518248
E00139184,113,40,12,28,73,60,13,35.39823008849557,10.619469026548673,24.778761061946902,64.60176991150442,53.09734513274337,11.504424778761061
E00139185,79,26,8,18,53,47,6,32.91139240506329,10.126582278481013,22.78481012658228,67.08860759493672,59.49367088607595,7.59493670886076
E00139186,109,37,11,26,72,54,18,33.94495412844037,10.091743119266056,23.853211009174313,66.05504587155964,49.54128440366973,16.51376146788991
E00139187,73,32,8,24,41,32,9,43.83561643835616,10.95890410958904,32.87671232876712,56.16438356164384,43.83561643835616,12.32876712328767
E00139188,135,48,11,37,87,65,22,35.55555555555556,8.148148148148149,27.40740740740741,64.44444444444444,48.148148148148145,16.296296296296298
E00139189,142,48,18,30,94,75,19,33.80281690140845,12.676056338028168,21.12676056338028,66.19718309859155,52.816901408450704,13.380281690140844
E00139190,74,30,9,21,44,31,13,40.54054054054054,12.162162162162163,28.37837837837838,59.45945945945946,41.891891891891895,17.56756756756757
E00139191,122,43,14,29,79,66,13,35.24590163934426,11.475409836065573,23.770491803278688,64.75409836065575,54.09836065573771,10.655737704918032
E00139192,130,41,11,30,89,80,9,31.538461538461537,8.461538461538462,23.076923076923077,68.46153846153847,61.53846153846154,6.923076923076923
E00139193,110,35,10,25,75,63,12,31.818181818181817,9.090909090909092,22.727272727272727,68.18181818181817,57.27272727272727,10.909090909090908
E00139194,154,50,16,34,104,95,9,32.467532467532465,10.38961038961039,22.07792207792208,67.53246753246754,61.68831168831169,5.844155844155844
E00139195,146,50,11,39,96,78,18,34.24657534246575,7.534246575342466,26.71232876712329,65.75342465753424,53.42465753424658,12.32876712328767
E00139196,134,56,17,39,78,72,6,41.7910447761194,12.686567164179104,29.1044776119403,58.2089552238806,53.73134328358209,4.477611940298507
E00139197,136,60,13,47,76,71,5,44.11764705882353,9.558823529411764,34.55882352941176,55.88235294117647,52.20588235294118,3.6764705882352944
E00139198,129,52,17,35,77,59,18,40.310077519379846,13.178294573643413,27.131782945736433,59.68992248062015,45.73643410852713,13.953488372093023
E00139199,118,46,12,34,72,57,15,38.983050847457626,10.16949152542373,28.8135593220339,61.016949152542374,48.30508474576271,12.711864406779661
E00139200,96,40,21,19,56,48,8,41.66666666666667,21.875,19.791666666666664,58.333333333333336,50,8.333333333333332
E00139201,91,31,7,24,60,51,9,34.065934065934066,7.6923076923076925,26.373626373626376,65.93406593406593,56.043956043956044,9.89010989010989
E00139202,102,34,15,19,68,53,15,33.33333333333333,14.705882352941178,18.627450980392158,66.66666666666666,51.9607843137255,14.705882352941178
E00139203,109,35,14,21,74,56,18,32.11009174311927,12.844036697247708,19.26605504587156,67.88990825688074,51.37614678899083,16.51376146788991
E00139204,90,32,9,23,58,50,8,35.55555555555556,10,25.555555555555554,64.44444444444444,55.55555555555556,8.88888888888889
E00139205,122,38,11,27,84,70,14,31.147540983606557,9.01639344262295,22.131147540983605,68.85245901639344,57.377049180327866,11.475409836065573
E00139206,117,45,10,35,72,65,7,38.46153846153847,8.547008547008547,29.914529914529915,61.53846153846154,55.55555555555556,5.982905982905983
E00139207,207,68,23,45,139,118,21,32.850241545893724,11.11111111111111,21.73913043478261,67.14975845410628,57.00483091787439,10.144927536231885
E00139208,220,64,18,46,156,127,29,29.09090909090909,8.181818181818182,20.909090909090907,70.9090909090909,57.72727272727273,13.18181818181818
E00139209,71,26,10,16,45,38,7,36.61971830985916,14.084507042253522,22.535211267605636,63.38028169014085,53.52112676056338,9.859154929577464
E00139210,78,30,10,20,48,41,7,38.46153846153847,12.82051282051282,25.64102564102564,61.53846153846154,52.56410256410257,8.974358974358974
E00139211,111,32,3,29,79,66,13,28.82882882882883,2.7027027027027026,26.126126126126124,71.17117117117117,59.45945945945946,11.711711711711711
E00139212,86,30,11,19,56,50,6,34.883720930232556,12.790697674418606,22.093023255813954,65.11627906976744,58.139534883720934,6.976744186046512
E00139213,59,27,9,18,32,25,7,45.76271186440678,15.254237288135593,30.508474576271187,54.23728813559322,42.3728813559322,11.864406779661017
E00139214,67,20,8,12,47,37,10,29.850746268656714,11.940298507462686,17.91044776119403,70.1492537313433,55.223880597014926,14.925373134328357
E00139215,108,29,8,21,79,69,10,26.851851851851855,7.4074074074074066,19.444444444444446,73.14814814814815,63.888888888888886,9.25925925925926
E00139216,105,33,9,24,72,63,9,31.428571428571427,8.571428571428571,22.857142857142858,68.57142857142857,60,8.571428571428571
E00139218,164,60,10,50,104,89,15,36.58536585365854,6.097560975609756,30.48780487804878,63.41463414634146,54.268292682926834,9.146341463414634
E00139219,112,41,14,27,71,60,11,36.607142857142854,12.5,24.107142857142858,63.39285714285714,53.57142857142857,9.821428571428571
E00139220,118,43,12,31,75,63,12,36.440677966101696,10.16949152542373,26.27118644067797,63.559322033898304,53.38983050847458,10.16949152542373
E00139221,97,28,11,17,69,63,6,28.865979381443296,11.34020618556701,17.525773195876287,71.1340206185567,64.94845360824742,6.185567010309279
E00139222,60,25,11,14,35,27,8,41.66666666666667,18.333333333333332,23.333333333333332,58.333333333333336,45,13.333333333333334
E00139223,113,58,28,30,55,47,8,51.32743362831859,24.778761061946902,26.548672566371685,48.67256637168141,41.5929203539823,7.079646017699115
E00139224,168,63,18,45,105,91,14,37.5,10.714285714285714,26.785714285714285,62.5,54.166666666666664,8.333333333333332
E00139225,92,28,6,22,64,54,10,30.434782608695656,6.521739130434782,23.91304347826087,69.56521739130434,58.69565217391305,10.869565217391305
E00139226,119,47,14,33,72,60,12,39.49579831932773,11.76470588235294,27.73109243697479,60.50420168067227,50.42016806722689,10.084033613445378
E00139227,89,32,9,23,57,50,7,35.95505617977528,10.112359550561797,25.842696629213485,64.04494382022472,56.17977528089888,7.865168539325842
E00139228,165,59,18,41,106,93,13,35.75757575757576,10.909090909090908,24.848484848484848,64.24242424242425,56.36363636363636,7.878787878787878
E00139229,105,31,10,21,74,66,8,29.523809523809526,9.523809523809524,20,70.47619047619048,62.857142857142854,7.6190476190476195
E00139230,111,39,8,31,72,59,13,35.13513513513514,7.207207207207207,27.927927927927925,64.86486486486487,53.153153153153156,11.711711711711711
E00139231,120,43,16,27,77,63,14,35.833333333333336,13.333333333333334,22.5,64.16666666666667,52.5,11.666666666666666
E00139232,80,26,10,16,54,42,12,32.5,12.5,20,67.5,52.5,15
E00139233,61,21,15,6,40,34,6,34.42622950819672,24.59016393442623,9.836065573770492,65.57377049180327,55.73770491803278,9.836065573770492
E00139234,166,58,22,36,108,86,22,34.93975903614458,13.253012048192772,21.686746987951807,65.06024096385542,51.80722891566265,13.253012048192772
E00139235,93,37,21,16,56,41,15,39.784946236559136,22.58064516129032,17.20430107526882,60.215053763440864,44.086021505376344,16.129032258064516
E00139236,92,29,13,16,63,46,17,31.521739130434785,14.130434782608695,17.391304347826086,68.47826086956522,50,18.478260869565215
E00139237,118,34,13,21,84,57,27,28.8135593220339,11.016949152542372,17.796610169491526,71.1864406779661,48.30508474576271,22.88135593220339
E00139238,92,38,13,25,54,43,11,41.30434782608695,14.130434782608695,27.173913043478258,58.69565217391305,46.73913043478261,11.956521739130435
E00139239,58,25,9,16,33,22,11,43.103448275862064,15.517241379310345,27.586206896551722,56.896551724137936,37.93103448275862,18.96551724137931
E00139240,96,27,8,19,69,45,24,28.125,8.333333333333332,19.791666666666664,71.875,46.875,25
E00139241,92,26,11,15,66,50,16,28.26086956521739,11.956521739130435,16.304347826086957,71.73913043478261,54.347826086956516,17.391304347826086
E00139242,164,47,18,29,117,67,50,28.65853658536585,10.975609756097562,17.682926829268293,71.34146341463415,40.853658536585364,30.48780487804878
E00139243,142,49,14,35,93,60,33,34.50704225352113,9.859154929577464,24.647887323943664,65.49295774647888,42.25352112676056,23.239436619718308
E00139244,117,36,18,18,81,58,23,30.76923076923077,15.384615384615385,15.384615384615385,69.23076923076923,49.572649572649574,19.65811965811966
E00139245,97,33,10,23,64,55,9,34.02061855670103,10.309278350515463,23.711340206185564,65.97938144329896,56.70103092783505,9.278350515463918
E00139246,113,44,18,26,69,53,16,38.93805309734513,15.929203539823009,23.008849557522122,61.06194690265486,46.902654867256636,14.15929203539823
E00139247,223,83,27,56,140,113,27,37.219730941704036,12.10762331838565,25.112107623318387,62.78026905829597,50.672645739910315,12.10762331838565
E00139248,142,50,24,26,92,82,10,35.2112676056338,16.901408450704224,18.30985915492958,64.7887323943662,57.74647887323944,7.042253521126761
E00139249,104,30,4,26,74,61,13,28.846153846153843,3.8461538461538463,25,71.15384615384616,58.65384615384615,12.5
E00139250,202,55,16,39,147,120,27,27.22772277227723,7.920792079207921,19.306930693069308,72.77227722772277,59.4059405940594,13.366336633663368
E00139251,189,57,13,44,132,108,24,30.158730158730158,6.878306878306878,23.28042328042328,69.84126984126983,57.14285714285714,12.698412698412698
E00139252,195,62,22,40,133,113,20,31.794871794871792,11.282051282051283,20.51282051282051,68.2051282051282,57.948717948717956,10.256410256410255
E00139253,286,99,42,57,187,145,42,34.61538461538461,14.685314685314685,19.93006993006993,65.38461538461539,50.6993006993007,14.685314685314685
E00139254,163,51,19,32,112,75,37,31.28834355828221,11.65644171779141,19.631901840490798,68.71165644171779,46.012269938650306,22.699386503067483
E00139255,51,18,6,12,33,26,7,35.294117647058826,11.76470588235294,23.52941176470588,64.70588235294117,50.98039215686274,13.725490196078432
E00139256,94,27,16,11,67,56,11,28.723404255319153,17.02127659574468,11.702127659574469,71.27659574468085,59.57446808510638,11.702127659574469
E00139257,94,30,9,21,64,51,13,31.914893617021278,9.574468085106384,22.340425531914892,68.08510638297872,54.25531914893617,13.829787234042554
E00139258,82,30,10,20,52,37,15,36.58536585365854,12.195121951219512,24.390243902439025,63.41463414634146,45.1219512195122,18.29268292682927
E00139259,192,63,23,40,129,99,30,32.8125,11.979166666666668,20.833333333333336,67.1875,51.5625,15.625
E00139260,134,46,17,29,88,67,21,34.32835820895522,12.686567164179104,21.641791044776117,65.67164179104478,50,15.671641791044777
E00139261,72,28,8,20,44,38,6,38.88888888888889,11.11111111111111,27.77777777777778,61.111111111111114,52.77777777777778,8.333333333333332
E00139262,133,50,27,23,83,64,19,37.59398496240601,20.30075187969925,17.293233082706767,62.40601503759399,48.1203007518797,14.285714285714285
E00139263,88,38,15,23,50,35,15,43.18181818181818,17.045454545454543,26.136363636363637,56.81818181818182,39.77272727272727,17.045454545454543
E00139264,63,15,3,12,48,30,18,23.809523809523807,4.761904761904762,19.047619047619047,76.19047619047619,47.61904761904761,28.57142857142857
E00139265,36,14,9,5,22,20,2,38.88888888888889,25,13.88888888888889,61.111111111111114,55.55555555555556,5.555555555555555
E00139266,88,29,13,16,59,51,8,32.95454545454545,14.772727272727273,18.181818181818183,67.04545454545455,57.95454545454546,9.090909090909092
E00139267,58,22,9,13,36,29,7,37.93103448275862,15.517241379310345,22.413793103448278,62.06896551724138,50,12.068965517241379
E00139268,92,34,15,19,58,42,16,36.95652173913043,16.304347826086957,20.652173913043477,63.04347826086957,45.65217391304348,17.391304347826086
E00139269,168,71,32,39,97,77,20,42.26190476190476,19.047619047619047,23.214285714285715,57.738095238095234,45.83333333333333,11.904761904761903
E00139270,188,56,18,38,132,96,36,29.78723404255319,9.574468085106384,20.212765957446805,70.2127659574468,51.06382978723404,19.148936170212767
E00139271,138,50,16,34,88,77,11,36.231884057971016,11.594202898550725,24.637681159420293,63.76811594202898,55.79710144927537,7.971014492753622
E00139272,114,52,30,22,62,35,27,45.614035087719294,26.31578947368421,19.298245614035086,54.385964912280706,30.701754385964914,23.684210526315788
E00139273,124,48,14,34,76,61,15,38.70967741935484,11.29032258064516,27.419354838709676,61.29032258064516,49.193548387096776,12.096774193548388
E00139274,141,46,15,31,95,68,27,32.62411347517731,10.638297872340425,21.98581560283688,67.37588652482269,48.226950354609926,19.148936170212767
E00139275,114,43,17,26,71,59,12,37.719298245614034,14.912280701754385,22.807017543859647,62.28070175438597,51.75438596491229,10.526315789473683
E00139276,132,49,14,35,83,71,12,37.121212121212125,10.606060606060606,26.515151515151516,62.878787878787875,53.78787878787878,9.090909090909092
E00139278,133,61,16,45,72,60,12,45.86466165413533,12.030075187969924,33.83458646616541,54.13533834586466,45.11278195488722,9.022556390977442
E00139279,167,66,20,46,101,86,15,39.52095808383233,11.976047904191617,27.54491017964072,60.47904191616767,51.49700598802395,8.982035928143713
E00139280,122,48,18,30,74,53,21,39.34426229508197,14.754098360655737,24.59016393442623,60.65573770491803,43.44262295081967,17.21311475409836
E00139281,137,37,11,26,100,86,14,27.00729927007299,8.02919708029197,18.97810218978102,72.99270072992701,62.77372262773723,10.218978102189782
E00139282,96,41,15,26,55,51,4,42.70833333333333,15.625,27.083333333333332,57.291666666666664,53.125,4.166666666666666
E00139283,91,47,22,25,44,39,5,51.64835164835166,24.175824175824175,27.472527472527474,48.35164835164835,42.857142857142854,5.4945054945054945
E00139284,99,35,19,16,64,53,11,35.35353535353536,19.19191919191919,16.161616161616163,64.64646464646465,53.535353535353536,11.11111111111111
E00139285,115,44,15,29,71,65,6,38.26086956521739,13.043478260869565,25.217391304347824,61.73913043478261,56.52173913043478,5.217391304347826
E00139286,187,69,26,43,118,89,29,36.898395721925134,13.903743315508022,22.994652406417114,63.101604278074866,47.593582887700535,15.508021390374333
E00139287,83,30,16,14,53,39,14,36.144578313253014,19.27710843373494,16.867469879518072,63.85542168674698,46.98795180722892,16.867469879518072
E00139288,155,56,26,30,99,68,31,36.12903225806451,16.7741935483871,19.35483870967742,63.87096774193548,43.87096774193549,20
E00139289,84,29,13,16,55,43,12,34.523809523809526,15.476190476190476,19.047619047619047,65.47619047619048,51.19047619047619,14.285714285714285
E00139290,126,37,10,27,89,56,33,29.365079365079367,7.936507936507936,21.428571428571427,70.63492063492063,44.44444444444444,26.190476190476193
E00139291,85,30,8,22,55,42,13,35.294117647058826,9.411764705882353,25.882352941176475,64.70588235294117,49.411764705882355,15.294117647058824
E00139292,106,30,15,15,76,50,26,28.30188679245283,14.150943396226415,14.150943396226415,71.69811320754717,47.16981132075472,24.528301886792452
E00139293,70,24,9,15,46,31,15,34.285714285714285,12.857142857142856,21.428571428571427,65.71428571428571,44.285714285714285,21.428571428571427
E00139294,44,15,5,10,29,23,6,34.090909090909086,11.363636363636363,22.727272727272727,65.9090909090909,52.27272727272727,13.636363636363635
E00139295,50,16,10,6,34,25,9,32,20,12,68,50,18
E00139296,49,20,8,12,29,21,8,40.816326530612244,16.3265306122449,24.489795918367346,59.183673469387756,42.857142857142854,16.3265306122449
E00139297,54,23,10,13,31,25,6,42.592592592592595,18.51851851851852,24.074074074074073,57.407407407407405,46.2962962962963,11.11111111111111
E00139298,45,15,6,9,30,18,12,33.33333333333333,13.333333333333334,20,66.66666666666666,40,26.666666666666668
E00139299,135,50,17,33,85,53,32,37.03703703703704,12.592592592592592,24.444444444444443,62.96296296296296,39.25925925925926,23.703703703703706
E00139300,90,37,23,14,53,47,6,41.11111111111111,25.555555555555554,15.555555555555555,58.88888888888889,52.22222222222223,6.666666666666667
E00139301,147,52,22,30,95,66,29,35.374149659863946,14.965986394557824,20.408163265306122,64.62585034013605,44.89795918367347,19.727891156462583
E00139302,199,70,25,45,129,102,27,35.175879396984925,12.562814070351758,22.613065326633166,64.82412060301507,51.256281407035175,13.5678391959799
E00139303,125,52,20,32,73,59,14,41.6,16,25.6,58.4,47.199999999999996,11.200000000000001
E00139304,89,30,10,20,59,38,21,33.70786516853933,11.235955056179774,22.47191011235955,66.29213483146067,42.69662921348314,23.595505617977526
E00139305,154,53,22,31,101,67,34,34.41558441558442,14.285714285714285,20.12987012987013,65.5844155844156,43.506493506493506,22.07792207792208
E00139306,138,54,17,37,84,54,30,39.130434782608695,12.318840579710146,26.811594202898554,60.86956521739131,39.130434782608695,21.73913043478261
E00139307,68,18,2,16,50,33,17,26.47058823529412,2.941176470588235,23.52941176470588,73.52941176470588,48.529411764705884,25
E00139308,62,17,5,12,45,30,15,27.419354838709676,8.064516129032258,19.35483870967742,72.58064516129032,48.38709677419355,24.193548387096776
E00139309,158,66,11,55,92,83,9,41.77215189873418,6.962025316455696,34.810126582278485,58.22784810126582,52.53164556962025,5.69620253164557
E00139310,126,59,21,38,67,59,8,46.82539682539682,16.666666666666664,30.158730158730158,53.17460317460318,46.82539682539682,6.349206349206349
E00139311,120,51,14,37,69,58,11,42.5,11.666666666666666,30.833333333333336,57.49999999999999,48.333333333333336,9.166666666666666
E00139312,107,40,8,32,67,56,11,37.38317757009346,7.476635514018691,29.906542056074763,62.616822429906534,52.336448598130836,10.2803738317757
E00139313,113,40,13,27,73,67,6,35.39823008849557,11.504424778761061,23.893805309734514,64.60176991150442,59.29203539823009,5.3097345132743365
E00139314,118,39,15,24,79,65,14,33.05084745762712,12.711864406779661,20.33898305084746,66.94915254237289,55.08474576271186,11.864406779661017
E00139315,109,39,18,21,70,66,4,35.77981651376147,16.51376146788991,19.26605504587156,64.22018348623854,60.550458715596335,3.669724770642202
E00139316,138,50,19,31,88,68,20,36.231884057971016,13.768115942028986,22.463768115942027,63.76811594202898,49.275362318840585,14.492753623188406
E00139317,115,44,17,27,71,58,13,38.26086956521739,14.782608695652174,23.47826086956522,61.73913043478261,50.43478260869565,11.304347826086957
E00139318,36,8,5,3,28,21,7,22.22222222222222,13.88888888888889,8.333333333333332,77.77777777777779,58.333333333333336,19.444444444444446
E00139319,72,33,12,21,39,32,7,45.83333333333333,16.666666666666664,29.166666666666668,54.166666666666664,44.44444444444444,9.722222222222223
E00139320,98,38,16,22,60,47,13,38.775510204081634,16.3265306122449,22.448979591836736,61.224489795918366,47.95918367346938,13.26530612244898
E00139321,99,52,22,30,47,39,8,52.52525252525253,22.22222222222222,30.303030303030305,47.474747474747474,39.39393939393939,8.080808080808081
E00139322,148,57,21,36,91,76,15,38.513513513513516,14.18918918918919,24.324324324324326,61.48648648648649,51.35135135135135,10.135135135135135
E00139323,112,48,16,32,64,49,15,42.857142857142854,14.285714285714285,28.57142857142857,57.14285714285714,43.75,13.392857142857142
E00139324,177,48,20,28,129,103,26,27.11864406779661,11.299435028248588,15.819209039548024,72.88135593220339,58.19209039548022,14.689265536723164
E00139326,152,42,17,25,110,80,30,27.631578947368425,11.18421052631579,16.447368421052634,72.36842105263158,52.63157894736842,19.736842105263158
E00139328,87,35,18,17,52,36,16,40.229885057471265,20.689655172413794,19.54022988505747,59.77011494252874,41.37931034482759,18.39080459770115
E00139330,90,30,17,13,60,45,15,33.33333333333333,18.88888888888889,14.444444444444443,66.66666666666666,50,16.666666666666664
E00139331,121,32,9,23,89,62,27,26.446280991735538,7.43801652892562,19.00826446280992,73.55371900826447,51.2396694214876,22.31404958677686
E00139332,135,51,19,32,84,50,34,37.77777777777778,14.074074074074074,23.703703703703706,62.22222222222222,37.03703703703704,25.185185185185183
E00139333,183,69,24,45,114,83,31,37.704918032786885,13.114754098360656,24.59016393442623,62.295081967213115,45.3551912568306,16.939890710382514
E00139334,127,53,20,33,74,57,17,41.732283464566926,15.748031496062993,25.984251968503933,58.26771653543307,44.881889763779526,13.385826771653544
E00139335,92,34,13,21,58,48,10,36.95652173913043,14.130434782608695,22.82608695652174,63.04347826086957,52.17391304347826,10.869565217391305
E00139336,73,35,20,15,38,26,12,47.94520547945205,27.397260273972602,20.54794520547945,52.054794520547944,35.61643835616438,16.43835616438356
E00139337,136,41,15,26,95,74,21,30.14705882352941,11.029411764705882,19.11764705882353,69.85294117647058,54.41176470588235,15.441176470588236
E00139338,120,39,10,29,81,60,21,32.5,8.333333333333332,24.166666666666668,67.5,50,17.5
E00139339,148,46,14,32,102,83,19,31.08108108108108,9.45945945945946,21.62162162162162,68.91891891891892,56.08108108108109,12.837837837837837
E00139340,169,54,13,41,115,93,22,31.952662721893493,7.6923076923076925,24.2603550295858,68.04733727810651,55.02958579881657,13.017751479289942
E00139341,89,34,9,25,55,45,10,38.20224719101123,10.112359550561797,28.08988764044944,61.79775280898876,50.56179775280899,11.235955056179774
E00139342,183,69,20,49,114,97,17,37.704918032786885,10.92896174863388,26.775956284153008,62.295081967213115,53.00546448087432,9.289617486338798
E00139343,65,17,7,10,48,34,14,26.153846153846157,10.76923076923077,15.384615384615385,73.84615384615385,52.307692307692314,21.53846153846154
E00139345,165,66,15,51,99,80,19,40,9.090909090909092,30.909090909090907,60,48.484848484848484,11.515151515151516
E00139346,67,24,10,14,43,28,15,35.82089552238806,14.925373134328357,20.8955223880597,64.17910447761194,41.7910447761194,22.388059701492537
E00139347,51,16,11,5,35,22,13,31.372549019607842,21.568627450980394,9.803921568627452,68.62745098039215,43.13725490196079,25.49019607843137
E00139348,125,47,18,29,78,57,21,37.6,14.399999999999999,23.200000000000003,62.4,45.6,16.8
E00139349,97,32,13,19,65,46,19,32.98969072164948,13.402061855670103,19.587628865979383,67.0103092783505,47.42268041237113,19.587628865979383
E00139350,151,58,22,36,93,62,31,38.41059602649007,14.56953642384106,23.841059602649008,61.58940397350994,41.05960264900662,20.52980132450331
E00139351,137,49,21,28,88,62,26,35.76642335766424,15.328467153284672,20.437956204379564,64.23357664233576,45.25547445255474,18.97810218978102
E00139352,114,40,15,25,74,56,18,35.08771929824561,13.157894736842104,21.929824561403507,64.91228070175438,49.122807017543856,15.789473684210526
E00139353,45,17,8,9,28,23,5,37.77777777777778,17.77777777777778,20,62.22222222222222,51.11111111111111,11.11111111111111
E00139354,80,28,11,17,52,46,6,35,13.750000000000002,21.25,65,57.49999999999999,7.5
E00139355,92,36,13,23,56,38,18,39.130434782608695,14.130434782608695,25,60.86956521739131,41.30434782608695,19.565217391304348
E00139356,96,29,13,16,67,48,19,30.208333333333332,13.541666666666666,16.666666666666664,69.79166666666666,50,19.791666666666664
E00139357,127,51,19,32,76,56,20,40.15748031496063,14.960629921259844,25.196850393700785,59.84251968503938,44.09448818897638,15.748031496062993
E00139358,110,44,16,28,66,46,20,40,14.545454545454545,25.454545454545453,60,41.81818181818181,18.181818181818183
E00139359,131,50,23,27,81,66,15,38.16793893129771,17.557251908396946,20.610687022900763,61.832061068702295,50.38167938931297,11.450381679389313
E00139360,77,27,11,16,50,45,5,35.064935064935064,14.285714285714285,20.77922077922078,64.93506493506493,58.44155844155844,6.493506493506493
E00139361,133,48,20,28,85,76,9,36.09022556390977,15.037593984962406,21.052631578947366,63.90977443609023,57.14285714285714,6.7669172932330826
E00139362,147,44,9,35,103,91,12,29.931972789115648,6.122448979591836,23.809523809523807,70.06802721088435,61.904761904761905,8.16326530612245
E00139363,131,40,8,32,91,74,17,30.53435114503817,6.106870229007633,24.427480916030532,69.46564885496184,56.48854961832062,12.977099236641221
E00139364,128,48,16,32,80,67,13,37.5,12.5,25,62.5,52.34375,10.15625
E00139365,107,43,12,31,64,57,7,40.18691588785047,11.214953271028037,28.971962616822427,59.813084112149525,53.271028037383175,6.5420560747663545
E00139366,130,53,12,41,77,71,6,40.76923076923077,9.230769230769232,31.538461538461537,59.23076923076923,54.61538461538461,4.615384615384616
E00139367,172,63,17,46,109,82,27,36.627906976744185,9.883720930232558,26.744186046511626,63.372093023255815,47.674418604651166,15.69767441860465
E00139368,90,27,10,17,63,59,4,30,11.11111111111111,18.88888888888889,70,65.55555555555556,4.444444444444445
E00139369,117,47,21,26,70,59,11,40.17094017094017,17.94871794871795,22.22222222222222,59.82905982905983,50.427350427350426,9.401709401709402
E00139371,78,30,10,20,48,43,5,38.46153846153847,12.82051282051282,25.64102564102564,61.53846153846154,55.12820512820513,6.41025641025641
E00139372,143,50,10,40,93,78,15,34.96503496503497,6.993006993006993,27.972027972027973,65.03496503496503,54.54545454545454,10.48951048951049
E00139374,143,54,17,37,89,73,16,37.76223776223776,11.888111888111888,25.874125874125873,62.23776223776224,51.048951048951054,11.188811188811188
E00139375,113,40,12,28,73,58,15,35.39823008849557,10.619469026548673,24.778761061946902,64.60176991150442,51.32743362831859,13.274336283185843
E00139376,86,33,11,22,53,48,5,38.372093023255815,12.790697674418606,25.581395348837212,61.627906976744185,55.81395348837209,5.813953488372093
E00139377,126,49,13,36,77,66,11,38.88888888888889,10.317460317460316,28.57142857142857,61.111111111111114,52.38095238095239,8.73015873015873
E00139378,139,48,11,37,91,79,12,34.53237410071942,7.913669064748201,26.618705035971225,65.46762589928058,56.83453237410072,8.633093525179856
E00139379,90,34,11,23,56,46,10,37.77777777777778,12.222222222222221,25.555555555555554,62.22222222222222,51.11111111111111,11.11111111111111
E00139380,143,69,16,53,74,66,8,48.25174825174825,11.188811188811188,37.06293706293706,51.74825174825175,46.15384615384615,5.594405594405594
E00139381,143,49,16,33,94,77,17,34.26573426573427,11.188811188811188,23.076923076923077,65.73426573426573,53.84615384615385,11.888111888111888
E00139382,159,65,18,47,94,85,9,40.88050314465409,11.320754716981133,29.559748427672954,59.11949685534591,53.459119496855344,5.660377358490567
E00139383,193,78,22,56,115,103,12,40.41450777202073,11.398963730569948,29.015544041450774,59.58549222797927,53.36787564766839,6.217616580310881
E00139384,105,30,10,20,75,63,12,28.57142857142857,9.523809523809524,19.047619047619047,71.42857142857143,60,11.428571428571429
E00139385,144,55,24,31,89,82,7,38.19444444444444,16.666666666666664,21.52777777777778,61.80555555555556,56.94444444444444,4.861111111111112
E00139386,74,30,11,19,44,37,7,40.54054054054054,14.864864864864865,25.675675675675674,59.45945945945946,50,9.45945945945946
E00139387,133,54,22,32,79,61,18,40.6015037593985,16.541353383458645,24.06015037593985,59.3984962406015,45.86466165413533,13.533834586466165
E00139388,149,62,31,31,87,65,22,41.61073825503356,20.80536912751678,20.80536912751678,58.38926174496645,43.624161073825505,14.76510067114094
E00139389,97,38,18,20,59,47,12,39.175257731958766,18.556701030927837,20.618556701030926,60.824742268041234,48.45360824742268,12.371134020618557
E00139390,48,23,10,13,25,22,3,47.91666666666667,20.833333333333336,27.083333333333332,52.083333333333336,45.83333333333333,6.25
E00139391,120,48,25,23,72,55,17,40,20.833333333333336,19.166666666666668,60,45.83333333333333,14.166666666666666
E00139392,108,37,12,25,71,56,15,34.25925925925926,11.11111111111111,23.14814814814815,65.74074074074075,51.85185185185185,13.88888888888889
E00139393,113,46,21,25,67,53,14,40.707964601769916,18.58407079646018,22.123893805309734,59.29203539823009,46.902654867256636,12.389380530973451
E00139395,65,32,9,23,33,27,6,49.23076923076923,13.846153846153847,35.38461538461539,50.76923076923077,41.53846153846154,9.230769230769232
E00139396,117,36,8,28,81,68,13,30.76923076923077,6.837606837606838,23.931623931623932,69.23076923076923,58.119658119658126,11.11111111111111
E00139397,133,47,12,35,86,79,7,35.338345864661655,9.022556390977442,26.31578947368421,64.66165413533834,59.3984962406015,5.263157894736842
E00139398,139,47,9,38,92,77,15,33.81294964028777,6.474820143884892,27.33812949640288,66.18705035971223,55.39568345323741,10.79136690647482
E00139399,105,36,8,28,69,61,8,34.285714285714285,7.6190476190476195,26.666666666666668,65.71428571428571,58.0952380952381,7.6190476190476195
E00139400,122,38,11,27,84,81,3,31.147540983606557,9.01639344262295,22.131147540983605,68.85245901639344,66.39344262295081,2.459016393442623
E00139401,136,35,9,26,101,81,20,25.735294117647058,6.61764705882353,19.11764705882353,74.26470588235294,59.55882352941176,14.705882352941178
E00139402,79,23,5,18,56,47,9,29.11392405063291,6.329113924050633,22.78481012658228,70.88607594936708,59.49367088607595,11.39240506329114
E00139403,155,41,12,29,114,105,9,26.451612903225808,7.741935483870968,18.70967741935484,73.54838709677419,67.74193548387096,5.806451612903226
E00139404,108,47,11,36,61,56,5,43.51851851851852,10.185185185185185,33.33333333333333,56.481481481481474,51.85185185185185,4.62962962962963
E00139405,103,37,12,25,66,61,5,35.92233009708738,11.650485436893204,24.271844660194176,64.07766990291263,59.22330097087378,4.854368932038835
E00139406,110,42,12,30,68,58,10,38.18181818181819,10.909090909090908,27.27272727272727,61.81818181818181,52.72727272727272,9.090909090909092
E00139407,115,35,7,28,80,76,4,30.434782608695656,6.086956521739131,24.347826086956523,69.56521739130434,66.08695652173913,3.4782608695652173
E00139408,119,39,4,35,80,72,8,32.773109243697476,3.361344537815126,29.411764705882355,67.22689075630252,60.50420168067227,6.722689075630252
E00139409,106,43,12,31,63,57,6,40.56603773584906,11.320754716981133,29.245283018867923,59.43396226415094,53.77358490566038,5.660377358490567
E00139410,115,41,13,28,74,65,9,35.65217391304348,11.304347826086957,24.347826086956523,64.34782608695652,56.52173913043478,7.82608695652174
E00139411,130,48,13,35,82,82,0,36.92307692307693,10,26.923076923076923,63.07692307692307,63.07692307692307,0
E00139412,95,36,8,28,59,51,8,37.89473684210527,8.421052631578947,29.47368421052631,62.10526315789474,53.68421052631579,8.421052631578947
E00139413,106,41,14,27,65,65,0,38.67924528301887,13.20754716981132,25.471698113207548,61.32075471698113,61.32075471698113,0
E00139414,108,37,13,24,71,61,10,34.25925925925926,12.037037037037036,22.22222222222222,65.74074074074075,56.481481481481474,9.25925925925926
E00139415,154,49,9,40,105,95,10,31.818181818181817,5.844155844155844,25.97402597402597,68.18181818181817,61.68831168831169,6.493506493506493
E00139416,129,44,13,31,85,71,14,34.10852713178294,10.077519379844961,24.031007751937985,65.89147286821705,55.03875968992248,10.852713178294573
E00139417,110,29,11,18,81,75,6,26.36363636363636,10,16.363636363636363,73.63636363636363,68.18181818181817,5.454545454545454
E00139418,90,23,0,23,67,60,7,25.555555555555554,0,25.555555555555554,74.44444444444444,66.66666666666666,7.777777777777778
E00139419,106,29,9,20,77,76,1,27.358490566037734,8.49056603773585,18.867924528301888,72.64150943396226,71.69811320754717,0.9433962264150944
E00139420,88,24,8,16,64,56,8,27.27272727272727,9.090909090909092,18.181818181818183,72.72727272727273,63.63636363636363,9.090909090909092
E00139421,110,41,14,27,69,58,11,37.27272727272727,12.727272727272727,24.545454545454547,62.727272727272734,52.72727272727272,10
E00139422,161,33,11,22,128,120,8,20.496894409937887,6.832298136645963,13.664596273291925,79.5031055900621,74.53416149068323,4.968944099378882
E00139424,123,31,8,23,92,80,12,25.203252032520325,6.504065040650407,18.69918699186992,74.79674796747967,65.04065040650406,9.75609756097561
E00139425,148,53,14,39,95,90,5,35.810810810810814,9.45945945945946,26.351351351351347,64.1891891891892,60.810810810810814,3.3783783783783785
E00139426,103,31,15,16,72,66,6,30.097087378640776,14.563106796116504,15.53398058252427,69.90291262135922,64.07766990291263,5.825242718446602
E00139427,68,21,6,15,47,46,1,30.88235294117647,8.823529411764707,22.058823529411764,69.11764705882352,67.64705882352942,1.4705882352941175
E00139428,107,35,13,22,72,64,8,32.71028037383177,12.149532710280374,20.5607476635514,67.28971962616822,59.813084112149525,7.476635514018691
E00139429,162,50,16,34,112,101,11,30.864197530864196,9.876543209876543,20.98765432098765,69.1358024691358,62.34567901234568,6.790123456790123
E00139430,168,50,16,34,118,110,8,29.761904761904763,9.523809523809524,20.238095238095237,70.23809523809523,65.47619047619048,4.761904761904762
E00139431,156,48,10,38,108,86,22,30.76923076923077,6.41025641025641,24.358974358974358,69.23076923076923,55.12820512820513,14.102564102564102
E00139432,110,33,12,21,77,72,5,30,10.909090909090908,19.090909090909093,70,65.45454545454545,4.545454545454546
E00139433,146,47,11,36,99,94,5,32.19178082191781,7.534246575342466,24.65753424657534,67.8082191780822,64.38356164383562,3.4246575342465753
E00139434,123,40,10,30,83,77,6,32.52032520325203,8.130081300813007,24.390243902439025,67.47967479674797,62.601626016260155,4.878048780487805
E00139435,130,38,6,32,92,79,13,29.230769230769234,4.615384615384616,24.615384615384617,70.76923076923077,60.76923076923077,10
E00139436,101,28,5,23,73,65,8,27.722772277227726,4.9504950495049505,22.772277227722775,72.27722772277228,64.35643564356435,7.920792079207921
E00139437,132,47,8,39,85,77,8,35.60606060606061,6.0606060606060606,29.545454545454547,64.39393939393939,58.333333333333336,6.0606060606060606
E00139438,131,37,8,29,94,82,12,28.24427480916031,6.106870229007633,22.137404580152673,71.7557251908397,62.59541984732825,9.16030534351145
E00139439,148,34,14,20,114,101,13,22.972972972972975,9.45945945945946,13.513513513513514,77.02702702702703,68.24324324324324,8.783783783783784
E00139440,142,29,6,23,113,99,14,20.422535211267608,4.225352112676056,16.19718309859155,79.5774647887324,69.71830985915493,9.859154929577464
E00139441,184,60,18,42,124,112,12,32.608695652173914,9.782608695652174,22.82608695652174,67.3913043478261,60.86956521739131,6.521739130434782
E00139442,153,40,13,27,113,95,18,26.143790849673206,8.49673202614379,17.647058823529413,73.8562091503268,62.091503267973856,11.76470588235294
E00139443,208,48,13,35,160,135,25,23.076923076923077,6.25,16.826923076923077,76.92307692307693,64.90384615384616,12.01923076923077
E00139444,156,38,7,31,118,99,19,24.358974358974358,4.487179487179487,19.871794871794872,75.64102564102564,63.46153846153846,12.179487179487179
E00139445,180,37,9,28,143,129,14,20.555555555555554,5,15.555555555555555,79.44444444444444,71.66666666666667,7.777777777777778
E00139446,155,41,11,30,114,99,15,26.451612903225808,7.096774193548387,19.35483870967742,73.54838709677419,63.87096774193548,9.67741935483871
E00139447,177,55,21,34,122,103,19,31.07344632768362,11.864406779661017,19.2090395480226,68.92655367231639,58.19209039548022,10.734463276836157
E00139448,182,52,17,35,130,114,16,28.57142857142857,9.340659340659341,19.230769230769234,71.42857142857143,62.637362637362635,8.791208791208792
E00139449,149,46,16,30,103,92,11,30.87248322147651,10.738255033557047,20.13422818791946,69.12751677852349,61.74496644295302,7.38255033557047
E00139450,172,38,13,25,134,122,12,22.093023255813954,7.55813953488372,14.534883720930234,77.90697674418605,70.93023255813954,6.976744186046512
E00139451,215,66,19,47,149,124,25,30.697674418604652,8.837209302325581,21.86046511627907,69.30232558139535,57.674418604651166,11.627906976744185
E00139452,165,42,14,28,123,101,22,25.454545454545453,8.484848484848486,16.969696969696972,74.54545454545455,61.212121212121204,13.333333333333334
E00139453,122,41,12,29,81,71,10,33.60655737704918,9.836065573770492,23.770491803278688,66.39344262295081,58.19672131147541,8.19672131147541
E00139454,186,45,16,29,141,120,21,24.193548387096776,8.60215053763441,15.591397849462366,75.80645161290323,64.51612903225806,11.29032258064516
E00139455,113,21,3,18,92,76,16,18.58407079646018,2.6548672566371683,15.929203539823009,81.41592920353983,67.2566371681416,14.15929203539823
E00139456,94,28,7,21,66,55,11,29.78723404255319,7.446808510638298,22.340425531914892,70.2127659574468,58.51063829787234,11.702127659574469
E00139457,123,31,5,26,92,83,9,25.203252032520325,4.0650406504065035,21.138211382113823,74.79674796747967,67.47967479674797,7.317073170731707
E00139458,123,39,17,22,84,79,5,31.70731707317073,13.821138211382115,17.88617886178862,68.29268292682927,64.22764227642277,4.0650406504065035
E00139459,305,76,25,51,229,205,24,24.91803278688525,8.19672131147541,16.721311475409838,75.08196721311475,67.21311475409836,7.868852459016394
E00139460,152,46,12,34,106,97,9,30.263157894736842,7.894736842105263,22.36842105263158,69.73684210526315,63.81578947368421,5.921052631578947
E00139461,143,43,17,26,100,87,13,30.069930069930066,11.888111888111888,18.181818181818183,69.93006993006993,60.83916083916085,9.090909090909092
E00139462,95,25,7,18,70,66,4,26.31578947368421,7.368421052631578,18.947368421052634,73.68421052631578,69.47368421052632,4.2105263157894735
E00139464,125,47,16,31,78,70,8,37.6,12.8,24.8,62.4,56.00000000000001,6.4
E00139465,97,26,8,18,71,63,8,26.804123711340207,8.24742268041237,18.556701030927837,73.19587628865979,64.94845360824742,8.24742268041237
E00139466,157,48,9,39,109,94,15,30.573248407643312,5.7324840764331215,24.840764331210192,69.42675159235668,59.87261146496815,9.554140127388536
E00139467,131,47,15,32,84,74,10,35.87786259541985,11.450381679389313,24.427480916030532,64.12213740458014,56.48854961832062,7.633587786259542
E00139468,112,21,5,16,91,86,5,18.75,4.464285714285714,14.285714285714285,81.25,76.78571428571429,4.464285714285714
E00139469,113,30,5,25,83,75,8,26.548672566371685,4.424778761061947,22.123893805309734,73.45132743362832,66.3716814159292,7.079646017699115
E00139470,51,17,5,12,34,30,4,33.33333333333333,9.803921568627452,23.52941176470588,66.66666666666666,58.82352941176471,7.8431372549019605
E00139471,192,52,16,36,140,122,18,27.083333333333332,8.333333333333332,18.75,72.91666666666666,63.541666666666664,9.375
E00139472,110,32,3,29,78,70,8,29.09090909090909,2.727272727272727,26.36363636363636,70.9090909090909,63.63636363636363,7.2727272727272725
E00139473,70,26,10,16,44,44,0,37.142857142857146,14.285714285714285,22.857142857142858,62.857142857142854,62.857142857142854,0
E00139474,121,38,13,25,83,73,10,31.40495867768595,10.743801652892563,20.66115702479339,68.59504132231406,60.33057851239669,8.264462809917356
E00139475,79,17,6,11,62,57,5,21.518987341772153,7.59493670886076,13.924050632911392,78.48101265822784,72.15189873417721,6.329113924050633
E00139476,104,33,11,22,71,62,9,31.73076923076923,10.576923076923077,21.153846153846153,68.26923076923077,59.61538461538461,8.653846153846153
E00139477,77,13,0,13,64,60,4,16.883116883116884,0,16.883116883116884,83.11688311688312,77.92207792207793,5.194805194805195
E00139478,97,21,6,15,76,60,16,21.649484536082475,6.185567010309279,15.463917525773196,78.35051546391753,61.855670103092784,16.49484536082474
E00139479,97,23,6,17,74,67,7,23.711340206185564,6.185567010309279,17.525773195876287,76.28865979381443,69.0721649484536,7.216494845360824
E00139480,79,12,4,8,67,61,6,15.18987341772152,5.063291139240507,10.126582278481013,84.81012658227847,77.21518987341773,7.59493670886076
E00139481,123,30,11,19,93,79,14,24.390243902439025,8.94308943089431,15.447154471544716,75.60975609756098,64.22764227642277,11.38211382113821
E00139482,73,21,9,12,52,48,4,28.767123287671232,12.32876712328767,16.43835616438356,71.23287671232876,65.75342465753424,5.47945205479452
E00139483,91,36,9,27,55,52,3,39.56043956043956,9.89010989010989,29.67032967032967,60.43956043956044,57.14285714285714,3.296703296703297
E00139484,119,32,10,22,87,76,11,26.89075630252101,8.403361344537815,18.487394957983195,73.10924369747899,63.86554621848739,9.243697478991598
E00139485,84,28,9,19,56,51,5,33.33333333333333,10.714285714285714,22.61904761904762,66.66666666666666,60.71428571428571,5.952380952380952
E00139486,104,30,5,25,74,62,12,28.846153846153843,4.807692307692308,24.03846153846154,71.15384615384616,59.61538461538461,11.538461538461538
E00139487,101,32,15,17,69,58,11,31.683168316831683,14.85148514851485,16.831683168316832,68.31683168316832,57.42574257425742,10.891089108910892
E00139488,100,32,13,19,68,64,4,32,13,19,68,64,4
E00139489,130,38,17,21,92,84,8,29.230769230769234,13.076923076923078,16.153846153846153,70.76923076923077,64.61538461538461,6.153846153846154
E00139490,76,24,5,19,52,49,3,31.57894736842105,6.578947368421052,25,68.42105263157895,64.47368421052632,3.9473684210526314
E00139491,82,31,12,19,51,43,8,37.80487804878049,14.634146341463413,23.170731707317074,62.19512195121951,52.4390243902439,9.75609756097561
E00139492,143,33,10,23,110,100,10,23.076923076923077,6.993006993006993,16.083916083916083,76.92307692307693,69.93006993006993,6.993006993006993
E00139494,111,35,13,22,76,59,17,31.53153153153153,11.711711711711711,19.81981981981982,68.46846846846847,53.153153153153156,15.315315315315313
E00139495,131,36,13,23,95,80,15,27.480916030534353,9.923664122137405,17.557251908396946,72.51908396946564,61.06870229007634,11.450381679389313
E00139496,107,31,11,20,76,64,12,28.971962616822427,10.2803738317757,18.69158878504673,71.02803738317756,59.813084112149525,11.214953271028037
E00139497,133,41,8,33,92,79,13,30.82706766917293,6.015037593984962,24.81203007518797,69.17293233082707,59.3984962406015,9.774436090225564
E00139498,292,67,21,46,225,199,26,22.945205479452056,7.191780821917808,15.753424657534246,77.05479452054794,68.15068493150685,8.904109589041095
E00139499,119,36,8,28,83,71,12,30.252100840336134,6.722689075630252,23.52941176470588,69.74789915966386,59.66386554621849,10.084033613445378
E00139500,111,33,15,18,78,72,6,29.72972972972973,13.513513513513514,16.216216216216218,70.27027027027027,64.86486486486487,5.405405405405405
E00139501,76,35,14,21,41,36,5,46.05263157894737,18.421052631578945,27.631578947368425,53.94736842105263,47.368421052631575,6.578947368421052
E00139502,119,39,10,29,80,74,6,32.773109243697476,8.403361344537815,24.369747899159663,67.22689075630252,62.18487394957983,5.042016806722689
E00139504,111,36,9,27,75,64,11,32.432432432432435,8.108108108108109,24.324324324324326,67.56756756756756,57.65765765765766,9.90990990990991
E00139505,108,36,15,21,72,63,9,33.33333333333333,13.88888888888889,19.444444444444446,66.66666666666666,58.333333333333336,8.333333333333332
E00139506,119,40,13,27,79,71,8,33.61344537815126,10.92436974789916,22.689075630252102,66.38655462184873,59.66386554621849,6.722689075630252
E00139507,128,32,12,20,96,83,13,25,9.375,15.625,75,64.84375,10.15625
E00139508,119,34,9,25,85,71,14,28.57142857142857,7.563025210084033,21.008403361344538,71.42857142857143,59.66386554621849,11.76470588235294
E00139509,125,45,19,26,80,71,9,36,15.2,20.8,64,56.8,7.199999999999999
E00139510,76,27,8,19,49,45,4,35.526315789473685,10.526315789473683,25,64.47368421052632,59.210526315789465,5.263157894736842
E00139511,108,42,11,31,66,62,4,38.88888888888889,10.185185185185185,28.703703703703702,61.111111111111114,57.407407407407405,3.7037037037037033
E00139512,82,31,8,23,51,49,2,37.80487804878049,9.75609756097561,28.04878048780488,62.19512195121951,59.756097560975604,2.4390243902439024
E00139513,74,23,3,20,51,47,4,31.08108108108108,4.054054054054054,27.027027027027028,68.91891891891892,63.51351351351351,5.405405405405405
E00139514,108,35,13,22,73,68,5,32.407407407407405,12.037037037037036,20.37037037037037,67.5925925925926,62.96296296296296,4.62962962962963
E00139515,148,34,11,23,114,98,16,22.972972972972975,7.4324324324324325,15.54054054054054,77.02702702702703,66.21621621621621,10.81081081081081
E00139516,150,34,11,23,116,98,18,22.666666666666664,7.333333333333333,15.333333333333332,77.33333333333333,65.33333333333333,12
E00139517,103,31,10,21,72,62,10,30.097087378640776,9.70873786407767,20.388349514563107,69.90291262135922,60.19417475728155,9.70873786407767
E00139518,111,31,9,22,80,68,12,27.927927927927925,8.108108108108109,19.81981981981982,72.07207207207207,61.261261261261254,10.81081081081081
E00139519,108,28,6,22,80,71,9,25.925925925925924,5.555555555555555,20.37037037037037,74.07407407407408,65.74074074074075,8.333333333333332
E00139520,81,22,3,19,59,53,6,27.160493827160494,3.7037037037037033,23.456790123456788,72.8395061728395,65.4320987654321,7.4074074074074066
E00139521,91,31,10,21,60,48,12,34.065934065934066,10.989010989010989,23.076923076923077,65.93406593406593,52.74725274725275,13.186813186813188
E00139522,75,26,3,23,49,46,3,34.66666666666667,4,30.666666666666664,65.33333333333333,61.33333333333333,4
E00139523,91,33,8,25,58,56,2,36.26373626373626,8.791208791208792,27.472527472527474,63.73626373626373,61.53846153846154,2.197802197802198
E00139524,37,15,6,9,22,22,0,40.54054054054054,16.216216216216218,24.324324324324326,59.45945945945946,59.45945945945946,0
E00139525,64,15,4,11,49,39,10,23.4375,6.25,17.1875,76.5625,60.9375,15.625
E00139526,153,43,9,34,110,96,14,28.104575163398692,5.88235294117647,22.22222222222222,71.89542483660131,62.745098039215684,9.15032679738562
E00139527,114,37,16,21,77,70,7,32.45614035087719,14.035087719298245,18.421052631578945,67.54385964912281,61.40350877192983,6.140350877192982
E00139528,102,34,15,19,68,60,8,33.33333333333333,14.705882352941178,18.627450980392158,66.66666666666666,58.82352941176471,7.8431372549019605
E00139529,125,45,16,29,80,71,9,36,12.8,23.200000000000003,64,56.8,7.199999999999999
E00139530,122,32,12,20,90,78,12,26.229508196721312,9.836065573770492,16.39344262295082,73.77049180327869,63.934426229508205,9.836065573770492
E00139531,127,39,10,29,88,68,20,30.708661417322837,7.874015748031496,22.83464566929134,69.29133858267717,53.54330708661418,15.748031496062993
E00139532,90,34,6,28,56,48,8,37.77777777777778,6.666666666666667,31.11111111111111,62.22222222222222,53.333333333333336,8.88888888888889
E00139533,91,36,8,28,55,47,8,39.56043956043956,8.791208791208792,30.76923076923077,60.43956043956044,51.64835164835166,8.791208791208792
E00139534,188,43,15,28,145,117,28,22.872340425531913,7.9787234042553195,14.893617021276595,77.12765957446808,62.23404255319149,14.893617021276595
E00139535,101,35,8,27,66,57,9,34.65346534653465,7.920792079207921,26.732673267326735,65.34653465346535,56.43564356435643,8.91089108910891
E00139536,127,36,7,29,91,81,10,28.346456692913385,5.511811023622047,22.83464566929134,71.65354330708661,63.77952755905512,7.874015748031496
E00139537,140,40,18,22,100,86,14,28.57142857142857,12.857142857142856,15.714285714285714,71.42857142857143,61.42857142857143,10
E00139538,84,28,6,22,56,48,8,33.33333333333333,7.142857142857142,26.190476190476193,66.66666666666666,57.14285714285714,9.523809523809524
E00139539,50,20,9,11,30,23,7,40,18,22,60,46,14.000000000000002
E00139540,123,43,11,32,80,65,15,34.959349593495936,8.94308943089431,26.01626016260163,65.04065040650406,52.84552845528455,12.195121951219512
E00139541,85,38,10,28,47,38,9,44.70588235294118,11.76470588235294,32.94117647058823,55.294117647058826,44.70588235294118,10.588235294117647
E00139542,262,68,21,47,194,169,25,25.954198473282442,8.015267175572518,17.938931297709924,74.04580152671755,64.50381679389314,9.541984732824428
E00139543,125,39,14,25,86,75,11,31.2,11.200000000000001,20,68.8,60,8.799999999999999
E00139544,96,32,8,24,64,51,13,33.33333333333333,8.333333333333332,25,66.66666666666666,53.125,13.541666666666666
E00139545,136,37,5,32,99,87,12,27.205882352941174,3.6764705882352944,23.52941176470588,72.79411764705883,63.970588235294116,8.823529411764707
E00139546,79,18,4,14,61,57,4,22.78481012658228,5.063291139240507,17.72151898734177,77.21518987341773,72.15189873417721,5.063291139240507
E00139547,99,35,12,23,64,60,4,35.35353535353536,12.121212121212121,23.232323232323232,64.64646464646465,60.60606060606061,4.040404040404041
E00139548,123,42,12,30,81,75,6,34.146341463414636,9.75609756097561,24.390243902439025,65.85365853658537,60.97560975609756,4.878048780487805
E00139549,108,38,13,25,70,57,13,35.18518518518518,12.037037037037036,23.14814814814815,64.81481481481481,52.77777777777778,12.037037037037036
E00139550,32,12,4,8,20,18,2,37.5,12.5,25,62.5,56.25,6.25
E00139551,110,34,12,22,76,65,11,30.909090909090907,10.909090909090908,20,69.0909090909091,59.09090909090909,10
E00139552,116,33,11,22,83,69,14,28.448275862068968,9.482758620689655,18.96551724137931,71.55172413793103,59.48275862068966,12.068965517241379
E00139553,110,34,6,28,76,69,7,30.909090909090907,5.454545454545454,25.454545454545453,69.0909090909091,62.727272727272734,6.363636363636363
E00139554,106,34,8,26,72,68,4,32.075471698113205,7.547169811320755,24.528301886792452,67.9245283018868,64.15094339622641,3.7735849056603774
E00139555,110,36,6,30,74,69,5,32.72727272727273,5.454545454545454,27.27272727272727,67.27272727272727,62.727272727272734,4.545454545454546
E00139556,107,34,13,21,73,66,7,31.775700934579437,12.149532710280374,19.626168224299064,68.22429906542055,61.6822429906542,6.5420560747663545
E00139557,113,36,12,24,77,63,14,31.858407079646017,10.619469026548673,21.238938053097346,68.14159292035397,55.75221238938053,12.389380530973451
E00139558,107,38,14,24,69,62,7,35.51401869158878,13.084112149532709,22.429906542056074,64.48598130841121,57.943925233644855,6.5420560747663545
E00139559,70,26,5,21,44,35,9,37.142857142857146,7.142857142857142,30,62.857142857142854,50,12.857142857142856
E00139560,99,37,14,23,62,54,8,37.37373737373738,14.14141414141414,23.232323232323232,62.62626262626263,54.54545454545454,8.080808080808081
E00139561,116,38,11,27,78,73,5,32.758620689655174,9.482758620689655,23.275862068965516,67.24137931034483,62.93103448275862,4.310344827586207
E00139562,79,26,13,13,53,51,2,32.91139240506329,16.455696202531644,16.455696202531644,67.08860759493672,64.55696202531645,2.5316455696202533
E00139563,112,29,6,23,83,72,11,25.892857142857146,5.357142857142857,20.535714285714285,74.10714285714286,64.28571428571429,9.821428571428571
E00139564,111,42,11,31,69,59,10,37.83783783783784,9.90990990990991,27.927927927927925,62.16216216216216,53.153153153153156,9.00900900900901
E00139565,70,20,2,18,50,44,6,28.57142857142857,2.857142857142857,25.71428571428571,71.42857142857143,62.857142857142854,8.571428571428571
E00139566,131,48,20,28,83,76,7,36.6412213740458,15.267175572519085,21.374045801526716,63.358778625954194,58.01526717557252,5.343511450381679
E00139567,100,27,9,18,73,66,7,27,9,18,73,66,7.000000000000001
E00139568,184,55,12,43,129,121,8,29.891304347826086,6.521739130434782,23.369565217391305,70.1086956521739,65.76086956521739,4.3478260869565215
E00139569,157,42,10,32,115,95,20,26.751592356687897,6.369426751592357,20.382165605095544,73.24840764331209,60.509554140127385,12.738853503184714
E00139572,104,43,12,31,61,54,7,41.34615384615385,11.538461538461538,29.807692307692307,58.65384615384615,51.92307692307693,6.730769230769231
E00139573,200,48,17,31,152,131,21,24,8.5,15.5,76,65.5,10.5
E00139574,130,43,14,29,87,81,6,33.07692307692307,10.76923076923077,22.30769230769231,66.92307692307692,62.30769230769231,4.615384615384616
E00139575,109,32,6,26,77,70,7,29.357798165137616,5.5045871559633035,23.853211009174313,70.64220183486239,64.22018348623854,6.422018348623854
E00139576,279,67,21,46,212,171,41,24.014336917562723,7.526881720430108,16.48745519713262,75.98566308243727,61.29032258064516,14.695340501792115
E00139577,96,27,9,18,69,63,6,28.125,9.375,18.75,71.875,65.625,6.25
E00139578,105,35,7,28,70,60,10,33.33333333333333,6.666666666666667,26.666666666666668,66.66666666666666,57.14285714285714,9.523809523809524
E00139579,96,32,9,23,64,58,6,33.33333333333333,9.375,23.958333333333336,66.66666666666666,60.416666666666664,6.25
E00139580,64,12,3,9,52,45,7,18.75,4.6875,14.0625,81.25,70.3125,10.9375
E00139581,178,63,20,43,115,100,15,35.39325842696629,11.235955056179774,24.15730337078652,64.60674157303372,56.17977528089888,8.426966292134832
E00139582,108,39,12,27,69,61,8,36.11111111111111,11.11111111111111,25,63.888888888888886,56.481481481481474,7.4074074074074066
E00139583,185,45,11,34,140,124,16,24.324324324324326,5.9459459459459465,18.37837837837838,75.67567567567568,67.02702702702703,8.64864864864865
E00139585,102,40,7,33,62,55,7,39.21568627450981,6.862745098039216,32.35294117647059,60.78431372549019,53.92156862745098,6.862745098039216
E00139586,109,41,13,28,68,52,16,37.61467889908257,11.926605504587156,25.688073394495415,62.38532110091744,47.706422018348626,14.678899082568808
E00139587,138,36,12,24,102,96,6,26.08695652173913,8.695652173913043,17.391304347826086,73.91304347826086,69.56521739130434,4.3478260869565215
E00139588,148,42,12,30,106,90,16,28.37837837837838,8.108108108108109,20.27027027027027,71.62162162162163,60.810810810810814,10.81081081081081
E00139589,141,31,12,19,110,96,14,21.98581560283688,8.51063829787234,13.47517730496454,78.01418439716312,68.08510638297872,9.929078014184398
E00139590,143,45,12,33,98,88,10,31.46853146853147,8.391608391608392,23.076923076923077,68.53146853146853,61.53846153846154,6.993006993006993
E00139591,125,38,15,23,87,76,11,30.4,12,18.4,69.6,60.8,8.799999999999999
E00139592,106,29,4,25,77,69,8,27.358490566037734,3.7735849056603774,23.58490566037736,72.64150943396226,65.09433962264151,7.547169811320755
E00139593,68,22,9,13,46,38,8,32.35294117647059,13.23529411764706,19.11764705882353,67.64705882352942,55.88235294117647,11.76470588235294
E00139594,123,29,5,24,94,83,11,23.577235772357724,4.0650406504065035,19.51219512195122,76.42276422764228,67.47967479674797,8.94308943089431
E00139595,79,26,8,18,53,49,4,32.91139240506329,10.126582278481013,22.78481012658228,67.08860759493672,62.0253164556962,5.063291139240507
E00139596,51,16,3,13,35,35,0,31.372549019607842,5.88235294117647,25.49019607843137,68.62745098039215,68.62745098039215,0
E00139597,114,30,10,20,84,70,14,26.31578947368421,8.771929824561402,17.543859649122805,73.68421052631578,61.40350877192983,12.280701754385964
E00139598,87,20,12,8,67,59,8,22.988505747126435,13.793103448275861,9.195402298850574,77.01149425287356,67.81609195402298,9.195402298850574
E00139599,117,44,13,31,73,69,4,37.60683760683761,11.11111111111111,26.495726495726498,62.39316239316239,58.97435897435898,3.418803418803419
E00139600,94,26,9,17,68,54,14,27.659574468085108,9.574468085106384,18.085106382978726,72.3404255319149,57.446808510638306,14.893617021276595
E00139601,108,35,5,30,73,73,0,32.407407407407405,4.62962962962963,27.77777777777778,67.5925925925926,67.5925925925926,0
E00139602,83,27,10,17,56,50,6,32.53012048192771,12.048192771084338,20.481927710843372,67.46987951807229,60.24096385542169,7.228915662650602
E00139603,105,31,10,21,74,66,8,29.523809523809526,9.523809523809524,20,70.47619047619048,62.857142857142854,7.6190476190476195
E00139604,113,43,8,35,70,65,5,38.05309734513274,7.079646017699115,30.973451327433626,61.94690265486725,57.52212389380531,4.424778761061947
E00139605,78,36,9,27,42,35,7,46.15384615384615,11.538461538461538,34.61538461538461,53.84615384615385,44.871794871794876,8.974358974358974
E00139606,90,30,8,22,60,57,3,33.33333333333333,8.88888888888889,24.444444444444443,66.66666666666666,63.33333333333333,3.3333333333333335
E00139607,95,20,4,16,75,69,6,21.052631578947366,4.2105263157894735,16.842105263157894,78.94736842105263,72.63157894736842,6.315789473684211
E00139608,134,42,13,29,92,81,11,31.343283582089555,9.701492537313433,21.641791044776117,68.65671641791045,60.447761194029844,8.208955223880597
E00139609,67,28,6,22,39,33,6,41.7910447761194,8.955223880597014,32.83582089552239,58.2089552238806,49.25373134328358,8.955223880597014
E00139610,75,12,4,8,63,56,7,16,5.333333333333334,10.666666666666668,84,74.66666666666667,9.333333333333334
E00139611,87,32,6,26,55,51,4,36.7816091954023,6.896551724137931,29.88505747126437,63.2183908045977,58.620689655172406,4.597701149425287
E00139612,94,24,9,15,70,63,7,25.53191489361702,9.574468085106384,15.957446808510639,74.46808510638297,67.02127659574468,7.446808510638298
E00139613,115,34,12,22,81,69,12,29.565217391304348,10.434782608695652,19.130434782608695,70.43478260869566,60,10.434782608695652
E00139614,118,33,11,22,85,77,8,27.966101694915253,9.322033898305085,18.64406779661017,72.03389830508475,65.2542372881356,6.779661016949152
E00139615,92,27,6,21,65,62,3,29.347826086956523,6.521739130434782,22.82608695652174,70.65217391304348,67.3913043478261,3.260869565217391
E00139616,109,33,6,27,76,63,13,30.275229357798167,5.5045871559633035,24.770642201834864,69.72477064220183,57.798165137614674,11.926605504587156
E00139617,95,26,8,18,69,64,5,27.368421052631582,8.421052631578947,18.947368421052634,72.63157894736842,67.36842105263158,5.263157894736842
E00139618,79,20,1,19,59,50,9,25.31645569620253,1.2658227848101267,24.050632911392405,74.68354430379746,63.29113924050633,11.39240506329114
E00139619,141,45,15,30,96,87,9,31.914893617021278,10.638297872340425,21.27659574468085,68.08510638297872,61.702127659574465,6.382978723404255
E00139621,84,17,3,14,67,58,9,20.238095238095237,3.571428571428571,16.666666666666664,79.76190476190477,69.04761904761905,10.714285714285714
E00139622,121,33,16,17,88,79,9,27.27272727272727,13.223140495867769,14.049586776859504,72.72727272727273,65.28925619834712,7.43801652892562
E00139623,132,28,10,18,104,91,13,21.21212121212121,7.575757575757576,13.636363636363635,78.78787878787878,68.93939393939394,9.848484848484848
E00139624,148,38,14,24,110,93,17,25.675675675675674,9.45945945945946,16.216216216216218,74.32432432432432,62.83783783783784,11.486486486486488
E00139625,114,44,9,35,70,62,8,38.59649122807017,7.894736842105263,30.701754385964914,61.40350877192983,54.385964912280706,7.017543859649122
E00139626,125,30,8,22,95,86,9,24,6.4,17.599999999999998,76,68.8,7.199999999999999
E00139627,140,48,14,34,92,83,9,34.285714285714285,10,24.285714285714285,65.71428571428571,59.285714285714285,6.428571428571428
E00139628,73,17,6,11,56,53,3,23.28767123287671,8.21917808219178,15.068493150684931,76.71232876712328,72.6027397260274,4.10958904109589
E00139629,106,27,5,22,79,71,8,25.471698113207548,4.716981132075472,20.754716981132077,74.52830188679245,66.98113207547169,7.547169811320755
E00139630,61,19,10,9,42,42,0,31.147540983606557,16.39344262295082,14.754098360655737,68.85245901639344,68.85245901639344,0
E00139631,96,33,12,21,63,58,5,34.375,12.5,21.875,65.625,60.416666666666664,5.208333333333334
E00139632,137,47,12,35,90,79,11,34.306569343065696,8.75912408759124,25.547445255474454,65.69343065693431,57.66423357664233,8.02919708029197
E00139633,95,25,6,19,70,61,9,26.31578947368421,6.315789473684211,20,73.68421052631578,64.21052631578948,9.473684210526317
E00139634,196,47,12,35,149,124,25,23.97959183673469,6.122448979591836,17.857142857142858,76.0204081632653,63.26530612244898,12.755102040816327
E00139635,102,22,8,14,80,69,11,21.568627450980394,7.8431372549019605,13.725490196078432,78.43137254901961,67.64705882352942,10.784313725490197
E00139636,138,32,9,23,106,92,14,23.18840579710145,6.521739130434782,16.666666666666664,76.81159420289855,66.66666666666666,10.144927536231885
E00139637,87,37,9,28,50,39,11,42.5287356321839,10.344827586206897,32.18390804597701,57.47126436781609,44.827586206896555,12.643678160919542
E00139638,181,56,16,40,125,114,11,30.939226519337016,8.83977900552486,22.099447513812155,69.06077348066299,62.98342541436463,6.077348066298343
E00139639,106,34,10,24,72,63,9,32.075471698113205,9.433962264150944,22.641509433962266,67.9245283018868,59.43396226415094,8.49056603773585
E00139640,139,44,14,30,95,84,11,31.654676258992804,10.071942446043165,21.58273381294964,68.34532374100719,60.431654676258994,7.913669064748201
E00139641,132,48,13,35,84,70,14,36.36363636363637,9.848484848484848,26.515151515151516,63.63636363636363,53.03030303030303,10.606060606060606
E00139642,139,45,11,34,94,84,10,32.37410071942446,7.913669064748201,24.46043165467626,67.62589928057554,60.431654676258994,7.1942446043165464
E00139643,124,37,7,30,87,78,9,29.838709677419356,5.64516129032258,24.193548387096776,70.16129032258065,62.903225806451616,7.258064516129033
E00139644,115,33,10,23,82,71,11,28.695652173913043,8.695652173913043,20,71.30434782608695,61.73913043478261,9.565217391304348
E00139645,127,34,7,27,93,81,12,26.77165354330709,5.511811023622047,21.25984251968504,73.22834645669292,63.77952755905512,9.448818897637794
E00139646,112,27,3,24,85,74,11,24.107142857142858,2.6785714285714284,21.428571428571427,75.89285714285714,66.07142857142857,9.821428571428571
E00139647,116,35,7,28,81,71,10,30.17241379310345,6.0344827586206895,24.137931034482758,69.82758620689656,61.206896551724135,8.620689655172415
E00139648,129,40,12,28,89,78,11,31.007751937984494,9.30232558139535,21.705426356589147,68.9922480620155,60.46511627906976,8.527131782945736
E00139649,147,34,6,28,113,99,14,23.12925170068027,4.081632653061225,19.047619047619047,76.87074829931973,67.3469387755102,9.523809523809524
E00139650,171,39,14,25,132,107,25,22.807017543859647,8.187134502923977,14.619883040935672,77.19298245614034,62.57309941520468,14.619883040935672
E00139651,116,33,7,26,83,76,7,28.448275862068968,6.0344827586206895,22.413793103448278,71.55172413793103,65.51724137931035,6.0344827586206895
E00139652,133,42,14,28,91,84,7,31.57894736842105,10.526315789473683,21.052631578947366,68.42105263157895,63.1578947368421,5.263157894736842
E00139653,181,43,10,33,138,120,18,23.756906077348066,5.524861878453039,18.23204419889503,76.24309392265194,66.29834254143645,9.94475138121547
E00139655,154,37,10,27,117,104,13,24.025974025974026,6.493506493506493,17.532467532467532,75.97402597402598,67.53246753246754,8.441558441558442
E00139656,120,35,11,24,85,70,15,29.166666666666668,9.166666666666666,20,70.83333333333334,58.333333333333336,12.5
E00139657,184,59,16,43,125,112,13,32.065217391304344,8.695652173913043,23.369565217391305,67.93478260869566,60.86956521739131,7.065217391304348
E00139658,110,25,6,19,85,78,7,22.727272727272727,5.454545454545454,17.272727272727273,77.27272727272727,70.9090909090909,6.363636363636363
E00139659,126,31,9,22,95,85,10,24.6031746031746,7.142857142857142,17.46031746031746,75.39682539682539,67.46031746031747,7.936507936507936
E00139660,98,18,8,10,80,73,7,18.367346938775512,8.16326530612245,10.204081632653061,81.63265306122449,74.48979591836735,7.142857142857142
E00139661,139,38,14,24,101,91,10,27.33812949640288,10.071942446043165,17.26618705035971,72.66187050359713,65.46762589928058,7.1942446043165464
E00139662,180,39,11,28,141,126,15,21.666666666666668,6.111111111111111,15.555555555555555,78.33333333333333,70,8.333333333333332
E00139663,103,30,5,25,73,66,7,29.126213592233007,4.854368932038835,24.271844660194176,70.87378640776699,64.07766990291263,6.796116504854369
E00139664,114,29,10,19,85,77,8,25.438596491228072,8.771929824561402,16.666666666666664,74.56140350877193,67.54385964912281,7.017543859649122
E00139665,130,42,9,33,88,73,15,32.30769230769231,6.923076923076923,25.384615384615383,67.6923076923077,56.15384615384615,11.538461538461538
E00139666,52,15,4,11,37,29,8,28.846153846153843,7.6923076923076925,21.153846153846153,71.15384615384616,55.769230769230774,15.384615384615385
E00139667,94,36,11,25,58,47,11,38.297872340425535,11.702127659574469,26.595744680851062,61.702127659574465,50,11.702127659574469
E00139668,138,30,4,26,108,94,14,21.73913043478261,2.898550724637681,18.84057971014493,78.26086956521739,68.11594202898551,10.144927536231885
E00139670,101,30,12,18,71,57,14,29.7029702970297,11.881188118811881,17.82178217821782,70.29702970297029,56.43564356435643,13.861386138613863
E00139672,140,37,8,29,103,86,17,26.42857142857143,5.714285714285714,20.714285714285715,73.57142857142858,61.42857142857143,12.142857142857142
E00139673,192,67,20,47,125,107,18,34.89583333333333,10.416666666666668,24.479166666666664,65.10416666666666,55.729166666666664,9.375
E00139674,117,31,9,22,86,77,9,26.495726495726498,7.6923076923076925,18.803418803418804,73.50427350427351,65.8119658119658,7.6923076923076925
E00139675,127,44,12,32,83,70,13,34.645669291338585,9.448818897637794,25.196850393700785,65.35433070866141,55.118110236220474,10.236220472440944
E00139676,93,35,7,28,58,49,9,37.634408602150536,7.526881720430108,30.107526881720432,62.365591397849464,52.68817204301075,9.67741935483871
E00139678,134,45,12,33,89,75,14,33.582089552238806,8.955223880597014,24.62686567164179,66.4179104477612,55.970149253731336,10.44776119402985
E00139679,88,36,14,22,52,37,15,40.909090909090914,15.909090909090908,25,59.09090909090909,42.04545454545455,17.045454545454543
E00139680,126,39,13,26,87,78,9,30.952380952380953,10.317460317460316,20.634920634920633,69.04761904761905,61.904761904761905,7.142857142857142
E00139681,112,31,8,23,81,74,7,27.67857142857143,7.142857142857142,20.535714285714285,72.32142857142857,66.07142857142857,6.25
E00139682,126,37,9,28,89,82,7,29.365079365079367,7.142857142857142,22.22222222222222,70.63492063492063,65.07936507936508,5.555555555555555
E00139684,108,31,11,20,77,70,7,28.703703703703702,10.185185185185185,18.51851851851852,71.29629629629629,64.81481481481481,6.481481481481481
E00139685,115,39,16,23,76,72,4,33.91304347826087,13.91304347826087,20,66.08695652173913,62.60869565217392,3.4782608695652173
E00139686,123,35,9,26,88,67,21,28.455284552845526,7.317073170731707,21.138211382113823,71.54471544715447,54.47154471544715,17.073170731707318
E00139687,138,51,16,35,87,76,11,36.95652173913043,11.594202898550725,25.36231884057971,63.04347826086957,55.072463768115945,7.971014492753622
E00139688,111,29,6,23,82,71,11,26.126126126126124,5.405405405405405,20.72072072072072,73.87387387387388,63.96396396396396,9.90990990990991
E00139689,276,94,41,53,182,112,70,34.05797101449276,14.855072463768115,19.202898550724637,65.94202898550725,40.57971014492754,25.36231884057971
E00139690,99,31,11,20,68,40,28,31.313131313131315,11.11111111111111,20.2020202020202,68.68686868686868,40.4040404040404,28.28282828282828
E00139691,82,32,10,22,50,33,17,39.02439024390244,12.195121951219512,26.82926829268293,60.97560975609756,40.243902439024396,20.73170731707317
E00139692,143,43,17,26,100,72,28,30.069930069930066,11.888111888111888,18.181818181818183,69.93006993006993,50.349650349650354,19.58041958041958
E00139693,148,39,15,24,109,76,33,26.351351351351347,10.135135135135135,16.216216216216218,73.64864864864865,51.35135135135135,22.2972972972973
E00139694,167,60,20,40,107,77,30,35.92814371257485,11.976047904191617,23.952095808383234,64.07185628742515,46.10778443113773,17.964071856287426
E00139696,95,16,7,9,79,65,14,16.842105263157894,7.368421052631578,9.473684210526317,83.15789473684211,68.42105263157895,14.736842105263156
E00139697,208,58,26,32,150,123,27,27.884615384615387,12.5,15.384615384615385,72.11538461538461,59.13461538461539,12.980769230769232
E00139698,145,44,24,20,101,83,18,30.344827586206897,16.551724137931036,13.793103448275861,69.6551724137931,57.24137931034483,12.413793103448276
E00139700,218,64,23,41,154,112,42,29.357798165137616,10.550458715596331,18.807339449541285,70.64220183486239,51.37614678899083,19.26605504587156
E00139701,104,43,15,28,61,45,16,41.34615384615385,14.423076923076922,26.923076923076923,58.65384615384615,43.269230769230774,15.384615384615385
E00139702,129,35,12,23,94,76,18,27.131782945736433,9.30232558139535,17.829457364341085,72.86821705426357,58.91472868217055,13.953488372093023
E00139703,177,59,17,42,118,108,10,33.33333333333333,9.6045197740113,23.728813559322035,66.66666666666666,61.016949152542374,5.649717514124294
E00139704,120,36,13,23,84,55,29,30,10.833333333333334,19.166666666666668,70,45.83333333333333,24.166666666666668
E00139705,116,33,15,18,83,71,12,28.448275862068968,12.931034482758621,15.517241379310345,71.55172413793103,61.206896551724135,10.344827586206897
E00139706,114,43,21,22,71,54,17,37.719298245614034,18.421052631578945,19.298245614035086,62.28070175438597,47.368421052631575,14.912280701754385
E00139707,166,58,27,31,108,69,39,34.93975903614458,16.265060240963855,18.67469879518072,65.06024096385542,41.566265060240966,23.49397590361446
E00139708,120,40,16,24,80,61,19,33.33333333333333,13.333333333333334,20,66.66666666666666,50.83333333333333,15.833333333333332
E00139709,78,29,11,18,49,36,13,37.17948717948718,14.102564102564102,23.076923076923077,62.82051282051282,46.15384615384615,16.666666666666664
E00139710,199,69,31,38,130,93,37,34.67336683417086,15.577889447236181,19.09547738693467,65.32663316582915,46.733668341708544,18.592964824120603
E00139711,127,45,20,25,82,62,20,35.43307086614173,15.748031496062993,19.68503937007874,64.56692913385827,48.818897637795274,15.748031496062993
E00139712,93,36,10,26,57,50,7,38.70967741935484,10.75268817204301,27.956989247311824,61.29032258064516,53.76344086021505,7.526881720430108
E00139713,94,36,9,27,58,53,5,38.297872340425535,9.574468085106384,28.723404255319153,61.702127659574465,56.38297872340425,5.319148936170213
E00139714,117,48,10,38,69,62,7,41.02564102564102,8.547008547008547,32.47863247863248,58.97435897435898,52.991452991452995,5.982905982905983
E00139715,105,32,11,21,73,66,7,30.476190476190478,10.476190476190476,20,69.52380952380952,62.857142857142854,6.666666666666667
E00139716,150,39,3,36,111,99,12,26,2,24,74,66,8
E00139717,69,23,7,16,46,40,6,33.33333333333333,10.144927536231885,23.18840579710145,66.66666666666666,57.971014492753625,8.695652173913043
E00139718,137,51,19,32,86,74,12,37.22627737226277,13.86861313868613,23.357664233576642,62.77372262773723,54.01459854014598,8.75912408759124
E00139719,119,38,17,21,81,64,17,31.932773109243694,14.285714285714285,17.647058823529413,68.0672268907563,53.78151260504202,14.285714285714285
E00139720,94,28,10,18,66,56,10,29.78723404255319,10.638297872340425,19.148936170212767,70.2127659574468,59.57446808510638,10.638297872340425
E00139721,117,43,18,25,74,65,9,36.75213675213676,15.384615384615385,21.367521367521366,63.24786324786324,55.55555555555556,7.6923076923076925
E00139722,132,40,12,28,92,72,20,30.303030303030305,9.090909090909092,21.21212121212121,69.6969696969697,54.54545454545454,15.151515151515152
E00139723,63,15,8,7,48,36,12,23.809523809523807,12.698412698412698,11.11111111111111,76.19047619047619,57.14285714285714,19.047619047619047
E00139724,96,24,11,13,72,59,13,25,11.458333333333332,13.541666666666666,75,61.458333333333336,13.541666666666666
E00139725,51,16,12,4,35,29,6,31.372549019607842,23.52941176470588,7.8431372549019605,68.62745098039215,56.86274509803921,11.76470588235294
E00139726,96,27,11,16,69,58,11,28.125,11.458333333333332,16.666666666666664,71.875,60.416666666666664,11.458333333333332
E00139727,135,40,10,30,95,83,12,29.629629629629626,7.4074074074074066,22.22222222222222,70.37037037037037,61.48148148148148,8.88888888888889
E00139728,98,31,10,21,67,62,5,31.63265306122449,10.204081632653061,21.428571428571427,68.36734693877551,63.26530612244898,5.1020408163265305
E00139729,110,38,13,25,72,65,7,34.54545454545455,11.818181818181818,22.727272727272727,65.45454545454545,59.09090909090909,6.363636363636363
E00139730,150,42,13,29,108,90,18,28.000000000000004,8.666666666666668,19.333333333333332,72,60,12
E00139731,16,5,2,3,11,11,0,31.25,12.5,18.75,68.75,68.75,0
E00139732,96,32,9,23,64,58,6,33.33333333333333,9.375,23.958333333333336,66.66666666666666,60.416666666666664,6.25
E00139733,109,30,6,24,79,71,8,27.522935779816514,5.5045871559633035,22.018348623853214,72.47706422018348,65.13761467889908,7.339449541284404
E00139734,107,35,12,23,72,61,11,32.71028037383177,11.214953271028037,21.49532710280374,67.28971962616822,57.009345794392516,10.2803738317757
E00139735,95,25,7,18,70,62,8,26.31578947368421,7.368421052631578,18.947368421052634,73.68421052631578,65.26315789473685,8.421052631578947
E00139736,115,34,13,21,81,73,8,29.565217391304348,11.304347826086957,18.26086956521739,70.43478260869566,63.47826086956522,6.956521739130435
E00139737,129,36,17,19,93,74,19,27.906976744186046,13.178294573643413,14.728682170542637,72.09302325581395,57.36434108527132,14.728682170542637
E00139738,123,38,18,20,85,63,22,30.89430894308943,14.634146341463413,16.260162601626014,69.10569105691057,51.21951219512195,17.88617886178862
E00139739,125,40,11,29,85,75,10,32,8.799999999999999,23.200000000000003,68,60,8
E00139740,272,73,26,47,199,168,31,26.838235294117645,9.558823529411764,17.27941176470588,73.16176470588235,61.76470588235294,11.397058823529411
E00139741,197,55,23,32,142,109,33,27.918781725888326,11.6751269035533,16.243654822335024,72.08121827411168,55.32994923857868,16.751269035532996
E00139742,130,45,16,29,85,70,15,34.61538461538461,12.307692307692308,22.30769230769231,65.38461538461539,53.84615384615385,11.538461538461538
E00139743,126,46,16,30,80,73,7,36.507936507936506,12.698412698412698,23.809523809523807,63.49206349206349,57.936507936507944,5.555555555555555
E00139744,104,31,7,24,73,64,9,29.807692307692307,6.730769230769231,23.076923076923077,70.1923076923077,61.53846153846154,8.653846153846153
E00139745,103,32,15,17,71,59,12,31.06796116504854,14.563106796116504,16.50485436893204,68.93203883495146,57.28155339805825,11.650485436893204
E00139746,123,41,17,24,82,75,7,33.33333333333333,13.821138211382115,19.51219512195122,66.66666666666666,60.97560975609756,5.691056910569105
E00139747,116,37,14,23,79,78,1,31.896551724137932,12.068965517241379,19.82758620689655,68.10344827586206,67.24137931034483,0.8620689655172413
E00139748,125,38,9,29,87,71,16,30.4,7.199999999999999,23.200000000000003,69.6,56.8,12.8
E00139749,145,41,16,25,104,78,26,28.27586206896552,11.03448275862069,17.24137931034483,71.72413793103448,53.79310344827586,17.93103448275862
E00139750,98,37,14,23,61,50,11,37.755102040816325,14.285714285714285,23.46938775510204,62.244897959183675,51.02040816326531,11.224489795918368
E00139751,176,39,17,22,137,107,30,22.15909090909091,9.659090909090908,12.5,77.8409090909091,60.79545454545454,17.045454545454543
E00139752,157,48,13,35,109,94,15,30.573248407643312,8.280254777070063,22.29299363057325,69.42675159235668,59.87261146496815,9.554140127388536
E00139753,156,42,11,31,114,90,24,26.923076923076923,7.051282051282051,19.871794871794872,73.07692307692307,57.692307692307686,15.384615384615385
E00139755,79,28,10,18,51,46,5,35.44303797468354,12.658227848101266,22.78481012658228,64.55696202531645,58.22784810126582,6.329113924050633
E00139756,114,42,18,24,72,63,9,36.84210526315789,15.789473684210526,21.052631578947366,63.1578947368421,55.26315789473685,7.894736842105263
E00139757,102,34,14,20,68,59,9,33.33333333333333,13.725490196078432,19.607843137254903,66.66666666666666,57.84313725490197,8.823529411764707
E00139758,116,45,10,35,71,66,5,38.793103448275865,8.620689655172415,30.17241379310345,61.206896551724135,56.896551724137936,4.310344827586207
E00139759,104,29,7,22,75,66,9,27.884615384615387,6.730769230769231,21.153846153846153,72.11538461538461,63.46153846153846,8.653846153846153
E00139760,104,30,11,19,74,67,7,28.846153846153843,10.576923076923077,18.269230769230766,71.15384615384616,64.42307692307693,6.730769230769231
E00139761,114,42,13,29,72,65,7,36.84210526315789,11.403508771929824,25.438596491228072,63.1578947368421,57.01754385964912,6.140350877192982
E00139762,103,29,11,18,74,63,11,28.155339805825243,10.679611650485436,17.475728155339805,71.84466019417476,61.165048543689316,10.679611650485436
E00139763,143,29,7,22,114,92,22,20.27972027972028,4.895104895104895,15.384615384615385,79.72027972027972,64.33566433566433,15.384615384615385
E00139764,73,36,12,24,37,31,6,49.31506849315068,16.43835616438356,32.87671232876712,50.68493150684932,42.465753424657535,8.21917808219178
E00139765,103,26,7,19,77,63,14,25.24271844660194,6.796116504854369,18.446601941747574,74.75728155339806,61.165048543689316,13.592233009708737
E00139766,215,79,33,46,136,109,27,36.74418604651163,15.348837209302326,21.3953488372093,63.25581395348837,50.697674418604656,12.558139534883722
E00139767,272,80,29,51,192,166,26,29.411764705882355,10.661764705882353,18.75,70.58823529411765,61.029411764705884,9.558823529411764
E00139768,126,43,16,27,83,70,13,34.12698412698413,12.698412698412698,21.428571428571427,65.87301587301587,55.55555555555556,10.317460317460316
E00139769,105,37,9,28,68,58,10,35.23809523809524,8.571428571428571,26.666666666666668,64.76190476190476,55.23809523809524,9.523809523809524
E00139770,108,37,8,29,71,63,8,34.25925925925926,7.4074074074074066,26.851851851851855,65.74074074074075,58.333333333333336,7.4074074074074066
E00139771,114,51,8,43,63,57,6,44.73684210526316,7.017543859649122,37.719298245614034,55.26315789473685,50,5.263157894736842
E00139772,180,51,6,45,129,112,17,28.333333333333332,3.3333333333333335,25,71.66666666666667,62.22222222222222,9.444444444444445
E00139773,138,47,18,29,91,80,11,34.05797101449276,13.043478260869565,21.014492753623188,65.94202898550725,57.971014492753625,7.971014492753622
E00139774,72,19,6,13,53,42,11,26.38888888888889,8.333333333333332,18.055555555555554,73.61111111111111,58.333333333333336,15.277777777777779
E00139775,111,38,11,27,73,63,10,34.234234234234236,9.90990990990991,24.324324324324326,65.76576576576578,56.75675675675676,9.00900900900901
E00139776,137,40,13,27,97,84,13,29.1970802919708,9.48905109489051,19.708029197080293,70.8029197080292,61.31386861313869,9.48905109489051
E00139777,174,65,19,46,109,89,20,37.35632183908046,10.919540229885058,26.436781609195403,62.643678160919535,51.14942528735632,11.494252873563218
E00139778,82,32,15,17,50,39,11,39.02439024390244,18.29268292682927,20.73170731707317,60.97560975609756,47.5609756097561,13.414634146341465
E00139779,116,49,25,24,67,46,21,42.241379310344826,21.551724137931032,20.689655172413794,57.758620689655174,39.6551724137931,18.103448275862068
E00139780,80,31,16,15,49,42,7,38.75,20,18.75,61.25000000000001,52.5,8.75
E00139781,153,47,14,33,106,81,25,30.718954248366014,9.15032679738562,21.568627450980394,69.28104575163398,52.94117647058824,16.33986928104575
E00139782,164,65,33,32,99,65,34,39.63414634146341,20.121951219512198,19.51219512195122,60.36585365853659,39.63414634146341,20.73170731707317
E00139783,39,16,5,11,23,18,5,41.02564102564102,12.82051282051282,28.205128205128204,58.97435897435898,46.15384615384615,12.82051282051282
E00139784,94,33,14,19,61,50,11,35.1063829787234,14.893617021276595,20.212765957446805,64.8936170212766,53.191489361702125,11.702127659574469
E00139785,133,37,10,27,96,70,26,27.819548872180448,7.518796992481203,20.30075187969925,72.18045112781954,52.63157894736842,19.548872180451127
E00139786,166,51,27,24,115,94,21,30.72289156626506,16.265060240963855,14.457831325301203,69.27710843373494,56.62650602409639,12.650602409638553
E00139787,154,50,13,37,104,90,14,32.467532467532465,8.441558441558442,24.025974025974026,67.53246753246754,58.44155844155844,9.090909090909092
E00139788,145,46,16,30,99,84,15,31.724137931034484,11.03448275862069,20.689655172413794,68.27586206896552,57.931034482758626,10.344827586206897
E00139789,139,49,20,29,90,70,20,35.25179856115108,14.388489208633093,20.863309352517987,64.74820143884892,50.35971223021583,14.388489208633093
E00139790,159,54,26,28,105,67,38,33.9622641509434,16.352201257861633,17.61006289308176,66.0377358490566,42.138364779874216,23.89937106918239
E00139792,140,56,7,49,84,74,10,40,5,35,60,52.85714285714286,7.142857142857142
E00139793,96,33,6,27,63,52,11,34.375,6.25,28.125,65.625,54.166666666666664,11.458333333333332
E00139794,130,43,9,34,87,69,18,33.07692307692307,6.923076923076923,26.153846153846157,66.92307692307692,53.07692307692308,13.846153846153847
E00139795,218,73,28,45,145,113,32,33.48623853211009,12.844036697247708,20.642201834862387,66.5137614678899,51.8348623853211,14.678899082568808
E00139796,134,43,12,31,91,67,24,32.08955223880597,8.955223880597014,23.134328358208954,67.91044776119402,50,17.91044776119403
E00139797,138,51,20,31,87,69,18,36.95652173913043,14.492753623188406,22.463768115942027,63.04347826086957,50,13.043478260869565
E00139798,143,51,20,31,92,78,14,35.66433566433567,13.986013986013987,21.678321678321677,64.33566433566433,54.54545454545454,9.79020979020979
E00139799,128,44,17,27,84,62,22,34.375,13.28125,21.09375,65.625,48.4375,17.1875
E00139800,124,40,19,21,84,60,24,32.25806451612903,15.32258064516129,16.93548387096774,67.74193548387096,48.38709677419355,19.35483870967742
E00139801,157,51,9,42,106,75,31,32.48407643312102,5.7324840764331215,26.751592356687897,67.51592356687898,47.77070063694268,19.745222929936308
E00139802,131,45,18,27,86,63,23,34.35114503816794,13.740458015267176,20.610687022900763,65.64885496183206,48.091603053435115,17.557251908396946
E00139803,118,35,11,24,83,66,17,29.66101694915254,9.322033898305085,20.33898305084746,70.33898305084746,55.932203389830505,14.40677966101695
E00139804,112,34,8,26,78,60,18,30.357142857142854,7.142857142857142,23.214285714285715,69.64285714285714,53.57142857142857,16.071428571428573
E00139806,130,49,25,24,81,63,18,37.69230769230769,19.230769230769234,18.461538461538463,62.30769230769231,48.46153846153846,13.846153846153847
E00139807,121,36,12,24,85,59,26,29.75206611570248,9.917355371900827,19.834710743801654,70.24793388429752,48.760330578512395,21.487603305785125
E00139808,112,31,7,24,81,56,25,27.67857142857143,6.25,21.428571428571427,72.32142857142857,50,22.321428571428573
E00139811,146,50,27,23,96,68,28,34.24657534246575,18.493150684931507,15.753424657534246,65.75342465753424,46.57534246575342,19.17808219178082
E00139812,99,33,10,23,66,52,14,33.33333333333333,10.1010101010101,23.232323232323232,66.66666666666666,52.52525252525253,14.14141414141414
E00139813,56,19,6,13,37,31,6,33.92857142857143,10.714285714285714,23.214285714285715,66.07142857142857,55.35714285714286,10.714285714285714
E00139814,104,35,11,24,69,52,17,33.65384615384615,10.576923076923077,23.076923076923077,66.34615384615384,50,16.346153846153847
E00139815,180,57,18,39,123,77,46,31.666666666666664,10,21.666666666666668,68.33333333333333,42.77777777777778,25.555555555555554
E00139816,140,58,18,40,82,65,17,41.42857142857143,12.857142857142856,28.57142857142857,58.57142857142858,46.42857142857143,12.142857142857142
E00139817,230,55,22,33,175,125,50,23.91304347826087,9.565217391304348,14.347826086956522,76.08695652173914,54.347826086956516,21.73913043478261
E00139818,265,35,3,32,230,188,42,13.20754716981132,1.1320754716981132,12.075471698113208,86.79245283018868,70.94339622641509,15.849056603773585
E00139820,185,63,17,46,122,98,24,34.054054054054056,9.18918918918919,24.864864864864867,65.94594594594595,52.972972972972975,12.972972972972974
E00139821,109,31,12,19,78,56,22,28.440366972477065,11.009174311926607,17.431192660550458,71.55963302752293,51.37614678899083,20.18348623853211
E00139823,239,75,30,45,164,113,51,31.380753138075313,12.552301255230125,18.828451882845187,68.6192468619247,47.28033472803347,21.338912133891213
E00139824,142,44,14,30,98,80,18,30.985915492957744,9.859154929577464,21.12676056338028,69.01408450704226,56.33802816901409,12.676056338028168
E00139825,70,18,7,11,52,39,13,25.71428571428571,10,15.714285714285714,74.28571428571429,55.714285714285715,18.571428571428573
E00139826,112,47,19,28,65,53,12,41.964285714285715,16.964285714285715,25,58.03571428571429,47.32142857142857,10.714285714285714
E00139827,143,29,4,25,114,98,16,20.27972027972028,2.797202797202797,17.482517482517483,79.72027972027972,68.53146853146853,11.188811188811188
E00139828,138,36,12,24,102,79,23,26.08695652173913,8.695652173913043,17.391304347826086,73.91304347826086,57.2463768115942,16.666666666666664
E00139829,117,39,22,17,78,61,17,33.33333333333333,18.803418803418804,14.529914529914532,66.66666666666666,52.13675213675214,14.529914529914532
E00139830,89,25,8,17,64,51,13,28.08988764044944,8.98876404494382,19.101123595505616,71.91011235955057,57.30337078651685,14.606741573033707
E00139831,152,44,10,34,108,81,27,28.947368421052634,6.578947368421052,22.36842105263158,71.05263157894737,53.289473684210535,17.763157894736842
E00139833,140,53,12,41,87,73,14,37.857142857142854,8.571428571428571,29.28571428571429,62.142857142857146,52.142857142857146,10
E00139834,163,53,14,39,110,86,24,32.515337423312886,8.588957055214724,23.92638036809816,67.48466257668711,52.760736196319016,14.723926380368098
E00139835,85,32,11,21,53,39,14,37.64705882352941,12.941176470588237,24.705882352941178,62.35294117647059,45.88235294117647,16.470588235294116
E00139836,64,29,14,15,35,27,8,45.3125,21.875,23.4375,54.6875,42.1875,12.5
E00139837,136,43,9,34,93,77,16,31.61764705882353,6.61764705882353,25,68.38235294117648,56.61764705882353,11.76470588235294
E00139838,104,36,23,13,68,54,14,34.61538461538461,22.115384615384613,12.5,65.38461538461539,51.92307692307693,13.461538461538462
E00139839,165,60,18,42,105,90,15,36.36363636363637,10.909090909090908,25.454545454545453,63.63636363636363,54.54545454545454,9.090909090909092
E00139840,145,56,15,41,89,73,16,38.62068965517241,10.344827586206897,28.27586206896552,61.37931034482759,50.3448275862069,11.03448275862069
E00139841,82,31,13,18,51,45,6,37.80487804878049,15.853658536585366,21.951219512195124,62.19512195121951,54.87804878048781,7.317073170731707
E00139842,68,32,12,20,36,26,10,47.05882352941176,17.647058823529413,29.411764705882355,52.94117647058824,38.23529411764706,14.705882352941178
E00139843,147,57,18,39,90,65,25,38.775510204081634,12.244897959183673,26.53061224489796,61.224489795918366,44.21768707482993,17.006802721088434
E00139844,174,55,22,33,119,73,46,31.60919540229885,12.643678160919542,18.96551724137931,68.39080459770115,41.95402298850575,26.436781609195403
E00139845,142,53,23,30,89,61,28,37.32394366197183,16.19718309859155,21.12676056338028,62.676056338028175,42.95774647887324,19.718309859154928
E00139846,112,45,22,23,67,47,20,40.17857142857143,19.642857142857142,20.535714285714285,59.82142857142857,41.964285714285715,17.857142857142858
E00139847,121,34,17,17,87,51,36,28.09917355371901,14.049586776859504,14.049586776859504,71.900826446281,42.14876033057851,29.75206611570248
E00139848,127,53,16,37,74,61,13,41.732283464566926,12.598425196850393,29.133858267716533,58.26771653543307,48.031496062992126,10.236220472440944
E00139849,220,77,23,54,143,113,30,35,10.454545454545453,24.545454545454547,65,51.36363636363637,13.636363636363635
E00139850,119,55,21,34,64,42,22,46.21848739495798,17.647058823529413,28.57142857142857,53.78151260504202,35.294117647058826,18.487394957983195
E00139851,53,27,9,18,26,16,10,50.943396226415096,16.9811320754717,33.9622641509434,49.056603773584904,30.18867924528302,18.867924528301888
E00139852,113,43,16,27,70,54,16,38.05309734513274,14.15929203539823,23.893805309734514,61.94690265486725,47.78761061946903,14.15929203539823
E00139853,109,35,9,26,74,51,23,32.11009174311927,8.256880733944955,23.853211009174313,67.88990825688074,46.788990825688074,21.100917431192663
E00139854,96,36,18,18,60,53,7,37.5,18.75,18.75,62.5,55.208333333333336,7.291666666666667
E00139855,137,54,22,32,83,63,20,39.416058394160586,16.05839416058394,23.357664233576642,60.58394160583942,45.98540145985402,14.5985401459854
E00139856,138,46,17,29,92,61,31,33.33333333333333,12.318840579710146,21.014492753623188,66.66666666666666,44.20289855072464,22.463768115942027
E00139857,140,42,18,24,98,65,33,30,12.857142857142856,17.142857142857142,70,46.42857142857143,23.57142857142857
E00139858,216,64,21,43,152,99,53,29.629629629629626,9.722222222222223,19.90740740740741,70.37037037037037,45.83333333333333,24.537037037037038
E00139859,92,39,16,23,53,42,11,42.391304347826086,17.391304347826086,25,57.608695652173914,45.65217391304348,11.956521739130435
E00139860,104,34,10,24,70,59,11,32.69230769230769,9.615384615384617,23.076923076923077,67.3076923076923,56.730769230769226,10.576923076923077
E00139861,105,37,11,26,68,59,9,35.23809523809524,10.476190476190476,24.761904761904763,64.76190476190476,56.19047619047619,8.571428571428571
E00139862,159,53,14,39,106,88,18,33.33333333333333,8.80503144654088,24.528301886792452,66.66666666666666,55.34591194968554,11.320754716981133
E00139863,135,49,24,25,86,56,30,36.2962962962963,17.77777777777778,18.51851851851852,63.70370370370371,41.48148148148148,22.22222222222222
E00139864,119,43,20,23,76,67,9,36.134453781512605,16.80672268907563,19.327731092436977,63.86554621848739,56.30252100840336,7.563025210084033
E00139865,86,27,10,17,59,44,15,31.3953488372093,11.627906976744185,19.767441860465116,68.6046511627907,51.162790697674424,17.441860465116278
E00139866,88,29,10,19,59,50,9,32.95454545454545,11.363636363636363,21.59090909090909,67.04545454545455,56.81818181818182,10.227272727272728
E00139867,187,65,22,43,122,98,24,34.75935828877005,11.76470588235294,22.994652406417114,65.24064171122996,52.406417112299465,12.834224598930483
E00139868,75,25,12,13,50,36,14,33.33333333333333,16,17.333333333333336,66.66666666666666,48,18.666666666666668
E00139869,110,41,22,19,69,51,18,37.27272727272727,20,17.272727272727273,62.727272727272734,46.36363636363636,16.363636363636363
E00139870,187,42,21,21,145,81,64,22.459893048128343,11.229946524064172,11.229946524064172,77.54010695187165,43.31550802139038,34.22459893048128
E00139871,192,64,27,37,128,105,23,33.33333333333333,14.0625,19.270833333333336,66.66666666666666,54.6875,11.979166666666668
E00139872,117,40,17,23,77,61,16,34.18803418803419,14.529914529914532,19.65811965811966,65.8119658119658,52.13675213675214,13.675213675213676
E00139873,106,30,14,16,76,58,18,28.30188679245283,13.20754716981132,15.09433962264151,71.69811320754717,54.71698113207547,16.9811320754717
E00139874,171,47,19,28,124,75,49,27.485380116959064,11.11111111111111,16.374269005847953,72.51461988304094,43.859649122807014,28.654970760233915
E00139875,136,59,27,32,77,53,24,43.38235294117647,19.852941176470587,23.52941176470588,56.61764705882353,38.970588235294116,17.647058823529413
E00139876,200,65,29,36,135,94,41,32.5,14.499999999999998,18,67.5,47,20.5
E00139877,116,38,9,29,78,58,20,32.758620689655174,7.758620689655173,25,67.24137931034483,50,17.24137931034483
E00139878,88,27,4,23,61,43,18,30.681818181818183,4.545454545454546,26.136363636363637,69.31818181818183,48.86363636363637,20.454545454545457
E00139879,110,32,9,23,78,52,26,29.09090909090909,8.181818181818182,20.909090909090907,70.9090909090909,47.27272727272727,23.636363636363637
E00139880,108,40,13,27,68,53,15,37.03703703703704,12.037037037037036,25,62.96296296296296,49.074074074074076,13.88888888888889
E00139881,132,46,19,27,86,68,18,34.84848484848485,14.393939393939394,20.454545454545457,65.15151515151516,51.515151515151516,13.636363636363635
E00139882,106,35,10,25,71,53,18,33.0188679245283,9.433962264150944,23.58490566037736,66.98113207547169,50,16.9811320754717
E00139883,98,34,8,26,64,45,19,34.69387755102041,8.16326530612245,26.53061224489796,65.3061224489796,45.91836734693878,19.387755102040817
E00139884,81,31,9,22,50,38,12,38.2716049382716,11.11111111111111,27.160493827160494,61.72839506172839,46.913580246913575,14.814814814814813
E00139885,129,47,16,31,82,63,19,36.434108527131784,12.4031007751938,24.031007751937985,63.565891472868216,48.837209302325576,14.728682170542637
E00139886,118,28,8,20,90,67,23,23.728813559322035,6.779661016949152,16.94915254237288,76.27118644067797,56.779661016949156,19.491525423728813
E00139887,118,43,9,34,75,50,25,36.440677966101696,7.627118644067797,28.8135593220339,63.559322033898304,42.3728813559322,21.1864406779661
E00139888,165,60,19,41,105,78,27,36.36363636363637,11.515151515151516,24.848484848484848,63.63636363636363,47.27272727272727,16.363636363636363
E00139889,161,52,19,33,109,90,19,32.298136645962735,11.801242236024844,20.496894409937887,67.70186335403726,55.90062111801242,11.801242236024844
E00139890,111,41,12,29,70,60,10,36.93693693693694,10.81081081081081,26.126126126126124,63.06306306306306,54.054054054054056,9.00900900900901
E00139891,117,33,16,17,84,65,19,28.205128205128204,13.675213675213676,14.529914529914532,71.7948717948718,55.55555555555556,16.23931623931624
E00139892,165,69,22,47,96,78,18,41.81818181818181,13.333333333333334,28.484848484848484,58.18181818181818,47.27272727272727,10.909090909090908
E00139893,103,28,11,17,75,63,12,27.184466019417474,10.679611650485436,16.50485436893204,72.81553398058253,61.165048543689316,11.650485436893204
E00139894,190,62,20,42,128,103,25,32.631578947368425,10.526315789473683,22.105263157894736,67.36842105263158,54.21052631578947,13.157894736842104
E00139895,155,44,18,26,111,63,48,28.387096774193548,11.612903225806452,16.7741935483871,71.61290322580646,40.64516129032258,30.967741935483872
E00139896,97,30,5,25,67,51,16,30.927835051546392,5.154639175257731,25.773195876288657,69.0721649484536,52.57731958762887,16.49484536082474
E00139897,131,37,7,30,94,81,13,28.24427480916031,5.343511450381679,22.900763358778626,71.7557251908397,61.832061068702295,9.923664122137405
E00139898,169,54,21,33,115,97,18,31.952662721893493,12.42603550295858,19.526627218934912,68.04733727810651,57.396449704142015,10.650887573964498
E00139899,257,84,28,56,173,126,47,32.68482490272373,10.894941634241246,21.78988326848249,67.31517509727627,49.0272373540856,18.28793774319066
E00139900,161,42,16,26,119,86,33,26.08695652173913,9.937888198757763,16.149068322981368,73.91304347826086,53.41614906832298,20.496894409937887
E00139901,75,33,9,24,42,35,7,44,12,32,56.00000000000001,46.666666666666664,9.333333333333334
E00139902,100,43,12,31,57,47,10,43,12,31,56.99999999999999,47,10
E00139903,133,51,12,39,82,71,11,38.34586466165413,9.022556390977442,29.32330827067669,61.65413533834586,53.383458646616546,8.270676691729323
E00139904,142,41,13,28,101,89,12,28.87323943661972,9.15492957746479,19.718309859154928,71.12676056338029,62.676056338028175,8.450704225352112
E00139905,147,47,13,34,100,82,18,31.97278911564626,8.843537414965986,23.12925170068027,68.02721088435374,55.78231292517006,12.244897959183673
E00139906,143,52,20,32,91,75,16,36.36363636363637,13.986013986013987,22.377622377622377,63.63636363636363,52.44755244755245,11.188811188811188
E00139907,131,47,16,31,84,71,13,35.87786259541985,12.213740458015266,23.66412213740458,64.12213740458014,54.19847328244275,9.923664122137405
E00139908,131,43,5,38,88,64,24,32.82442748091603,3.816793893129771,29.00763358778626,67.17557251908397,48.854961832061065,18.3206106870229
E00139909,125,44,14,30,81,62,19,35.199999999999996,11.200000000000001,24,64.8,49.6,15.2
E00139910,126,47,16,31,79,58,21,37.301587301587304,12.698412698412698,24.6031746031746,62.698412698412696,46.03174603174603,16.666666666666664
E00139911,96,38,10,28,58,50,8,39.58333333333333,10.416666666666668,29.166666666666668,60.416666666666664,52.083333333333336,8.333333333333332
E00139912,163,60,9,51,103,82,21,36.809815950920246,5.521472392638037,31.28834355828221,63.190184049079754,50.306748466257666,12.883435582822086
E00139913,155,53,13,40,102,85,17,34.193548387096776,8.38709677419355,25.806451612903224,65.80645161290323,54.83870967741935,10.967741935483872
E00139914,114,45,16,29,69,54,15,39.473684210526315,14.035087719298245,25.438596491228072,60.526315789473685,47.368421052631575,13.157894736842104
E00139915,85,30,12,18,55,43,12,35.294117647058826,14.117647058823529,21.176470588235293,64.70588235294117,50.588235294117645,14.117647058823529
E00139916,92,38,17,21,54,38,16,41.30434782608695,18.478260869565215,22.82608695652174,58.69565217391305,41.30434782608695,17.391304347826086
E00139917,98,37,19,18,61,46,15,37.755102040816325,19.387755102040817,18.367346938775512,62.244897959183675,46.93877551020408,15.306122448979592
E00139918,115,45,16,29,70,59,11,39.130434782608695,13.91304347826087,25.217391304347824,60.86956521739131,51.30434782608696,9.565217391304348
E00139919,158,50,20,30,108,71,37,31.645569620253166,12.658227848101266,18.9873417721519,68.35443037974683,44.936708860759495,23.417721518987342
E00139920,121,40,12,28,81,70,11,33.057851239669425,9.917355371900827,23.140495867768596,66.94214876033058,57.85123966942148,9.090909090909092
E00139921,117,41,22,19,76,52,24,35.04273504273504,18.803418803418804,16.23931623931624,64.95726495726495,44.44444444444444,20.51282051282051
E00139922,136,47,12,35,89,73,16,34.55882352941176,8.823529411764707,25.735294117647058,65.44117647058823,53.67647058823529,11.76470588235294
E00139923,131,56,17,39,75,56,19,42.74809160305343,12.977099236641221,29.770992366412212,57.25190839694656,42.74809160305343,14.50381679389313
E00139924,125,43,18,25,82,72,10,34.4,14.399999999999999,20,65.60000000000001,57.599999999999994,8
E00139925,130,56,27,29,74,65,9,43.07692307692308,20.76923076923077,22.30769230769231,56.92307692307692,50,6.923076923076923
E00139926,129,51,23,28,78,61,17,39.53488372093023,17.829457364341085,21.705426356589147,60.46511627906976,47.286821705426355,13.178294573643413
E00139927,147,40,18,22,107,89,18,27.2108843537415,12.244897959183673,14.965986394557824,72.78911564625851,60.544217687074834,12.244897959183673
E00139928,113,47,11,36,66,56,10,41.5929203539823,9.734513274336283,31.858407079646017,58.4070796460177,49.557522123893804,8.849557522123893
E00139929,153,46,12,34,107,89,18,30.065359477124183,7.8431372549019605,22.22222222222222,69.93464052287581,58.16993464052288,11.76470588235294
E00139930,151,43,15,28,108,89,19,28.47682119205298,9.933774834437086,18.543046357615893,71.52317880794702,58.94039735099338,12.582781456953644
E00139931,113,42,11,31,71,65,6,37.16814159292036,9.734513274336283,27.43362831858407,62.83185840707964,57.52212389380531,5.3097345132743365
E00139932,121,37,21,16,84,65,19,30.57851239669421,17.355371900826448,13.223140495867769,69.42148760330579,53.71900826446281,15.702479338842975
E00139933,107,49,15,34,58,54,4,45.794392523364486,14.018691588785046,31.775700934579437,54.20560747663551,50.467289719626166,3.7383177570093453
E00139934,132,44,11,33,88,66,22,33.33333333333333,8.333333333333332,25,66.66666666666666,50,16.666666666666664
E00139935,131,55,12,43,76,64,12,41.98473282442748,9.16030534351145,32.82442748091603,58.01526717557252,48.854961832061065,9.16030534351145
E00139936,146,58,22,36,88,76,12,39.726027397260275,15.068493150684931,24.65753424657534,60.273972602739725,52.054794520547944,8.21917808219178
E00139937,272,88,29,59,184,139,45,32.35294117647059,10.661764705882353,21.691176470588236,67.64705882352942,51.10294117647059,16.544117647058822
E00139938,80,28,7,21,52,45,7,35,8.75,26.25,65,56.25,8.75
E00139939,157,61,22,39,96,70,26,38.853503184713375,14.012738853503185,24.840764331210192,61.146496815286625,44.5859872611465,16.560509554140125
E00139940,136,53,21,32,83,53,30,38.970588235294116,15.441176470588236,23.52941176470588,61.029411764705884,38.970588235294116,22.058823529411764
E00139941,182,61,22,39,121,79,42,33.51648351648351,12.087912087912088,21.428571428571427,66.48351648351648,43.40659340659341,23.076923076923077
E00139942,129,34,14,20,95,83,12,26.356589147286826,10.852713178294573,15.503875968992247,73.64341085271317,64.34108527131784,9.30232558139535
E00139943,125,38,14,24,87,63,24,30.4,11.200000000000001,19.2,69.6,50.4,19.2
E00139944,114,34,15,19,80,70,10,29.82456140350877,13.157894736842104,16.666666666666664,70.17543859649122,61.40350877192983,8.771929824561402
E00139945,153,55,16,39,98,76,22,35.947712418300654,10.457516339869281,25.49019607843137,64.05228758169935,49.673202614379086,14.37908496732026
E00139946,144,43,12,31,101,81,20,29.86111111111111,8.333333333333332,21.52777777777778,70.13888888888889,56.25,13.88888888888889
E00139947,127,47,20,27,80,72,8,37.00787401574803,15.748031496062993,21.25984251968504,62.99212598425197,56.69291338582677,6.299212598425196
E00139948,109,44,17,27,65,52,13,40.36697247706422,15.59633027522936,24.770642201834864,59.63302752293578,47.706422018348626,11.926605504587156
E00139949,193,54,17,37,139,128,11,27.979274611398964,8.808290155440414,19.170984455958546,72.02072538860104,66.32124352331607,5.699481865284974
E00139951,148,44,11,33,104,94,10,29.72972972972973,7.4324324324324325,22.2972972972973,70.27027027027027,63.51351351351351,6.756756756756757
E00139952,185,54,17,37,131,115,16,29.18918918918919,9.18918918918919,20,70.8108108108108,62.16216216216216,8.64864864864865
E00139953,108,48,17,31,60,54,6,44.44444444444444,15.74074074074074,28.703703703703702,55.55555555555556,50,5.555555555555555
E00139954,109,41,10,31,68,59,9,37.61467889908257,9.174311926605505,28.440366972477065,62.38532110091744,54.12844036697248,8.256880733944955
E00139955,83,22,5,17,61,55,6,26.506024096385545,6.024096385542169,20.481927710843372,73.49397590361446,66.26506024096386,7.228915662650602
E00139957,128,48,15,33,80,67,13,37.5,11.71875,25.78125,62.5,52.34375,10.15625
E00139958,227,69,18,51,158,134,24,30.396475770925107,7.929515418502203,22.46696035242291,69.60352422907489,59.03083700440529,10.572687224669604
E00139959,140,46,15,31,94,80,14,32.857142857142854,10.714285714285714,22.142857142857142,67.14285714285714,57.14285714285714,10
E00139960,104,36,8,28,68,59,9,34.61538461538461,7.6923076923076925,26.923076923076923,65.38461538461539,56.730769230769226,8.653846153846153
E00139961,114,36,13,23,78,70,8,31.57894736842105,11.403508771929824,20.175438596491226,68.42105263157895,61.40350877192983,7.017543859649122
E00139962,97,30,6,24,67,64,3,30.927835051546392,6.185567010309279,24.742268041237114,69.0721649484536,65.97938144329896,3.0927835051546393
E00139963,130,36,8,28,94,78,16,27.692307692307693,6.153846153846154,21.53846153846154,72.3076923076923,60,12.307692307692308
E00139964,140,45,13,32,95,81,14,32.142857142857146,9.285714285714286,22.857142857142858,67.85714285714286,57.85714285714286,10
E00139965,218,55,22,33,163,135,28,25.229357798165136,10.091743119266056,15.137614678899084,74.77064220183486,61.92660550458715,12.844036697247708
E00139966,120,33,7,26,87,79,8,27.500000000000004,5.833333333333333,21.666666666666668,72.5,65.83333333333333,6.666666666666667
E00139967,136,28,8,20,108,93,15,20.588235294117645,5.88235294117647,14.705882352941178,79.41176470588235,68.38235294117648,11.029411764705882
E00139968,108,40,14,26,68,58,10,37.03703703703704,12.962962962962962,24.074074074074073,62.96296296296296,53.70370370370371,9.25925925925926
E00139969,267,66,15,51,201,175,26,24.719101123595504,5.617977528089887,19.101123595505616,75.28089887640449,65.54307116104869,9.737827715355806
E00139970,94,24,6,18,70,60,10,25.53191489361702,6.382978723404255,19.148936170212767,74.46808510638297,63.829787234042556,10.638297872340425
E00139971,149,49,13,36,100,85,15,32.88590604026846,8.724832214765101,24.161073825503358,67.11409395973155,57.04697986577181,10.06711409395973
E00139972,159,44,12,32,115,104,11,27.67295597484277,7.547169811320755,20.125786163522015,72.32704402515722,65.40880503144653,6.918238993710692
E00139973,136,48,18,30,88,71,17,35.294117647058826,13.23529411764706,22.058823529411764,64.70588235294117,52.20588235294118,12.5
E00139974,117,26,10,16,91,78,13,22.22222222222222,8.547008547008547,13.675213675213676,77.77777777777779,66.66666666666666,11.11111111111111
E00139975,107,31,14,17,76,63,13,28.971962616822427,13.084112149532709,15.887850467289718,71.02803738317756,58.87850467289719,12.149532710280374
E00139976,134,39,13,26,95,77,18,29.1044776119403,9.701492537313433,19.402985074626866,70.8955223880597,57.46268656716418,13.432835820895523
E00139977,132,45,17,28,87,69,18,34.090909090909086,12.878787878787879,21.21212121212121,65.9090909090909,52.27272727272727,13.636363636363635
E00139978,112,24,5,19,88,80,8,21.428571428571427,4.464285714285714,16.964285714285715,78.57142857142857,71.42857142857143,7.142857142857142
E00139979,144,47,12,35,97,85,12,32.63888888888889,8.333333333333332,24.305555555555554,67.36111111111111,59.02777777777778,8.333333333333332
E00139980,206,59,21,38,147,95,52,28.640776699029125,10.194174757281553,18.446601941747574,71.35922330097088,46.116504854368934,25.24271844660194
E00139981,58,23,4,19,35,28,7,39.6551724137931,6.896551724137931,32.758620689655174,60.3448275862069,48.275862068965516,12.068965517241379
E00139982,149,49,12,37,100,62,38,32.88590604026846,8.053691275167784,24.832214765100673,67.11409395973155,41.61073825503356,25.503355704697988
E00139983,205,68,30,38,137,98,39,33.170731707317074,14.634146341463413,18.536585365853657,66.82926829268293,47.80487804878049,19.024390243902438
E00139984,97,31,7,24,66,54,12,31.958762886597935,7.216494845360824,24.742268041237114,68.04123711340206,55.670103092783506,12.371134020618557
E00139985,80,30,9,21,50,36,14,37.5,11.25,26.25,62.5,45,17.5
E00139986,198,63,16,47,135,71,64,31.818181818181817,8.080808080808081,23.737373737373737,68.18181818181817,35.858585858585855,32.323232323232325
E00139987,144,44,19,25,100,65,35,30.555555555555557,13.194444444444445,17.36111111111111,69.44444444444444,45.13888888888889,24.305555555555554
E00139988,125,48,24,24,77,52,25,38.4,19.2,19.2,61.6,41.6,20
E00139989,173,59,24,35,114,80,34,34.104046242774565,13.872832369942195,20.23121387283237,65.89595375722543,46.24277456647399,19.653179190751445
E00139990,66,17,4,13,49,41,8,25.757575757575758,6.0606060606060606,19.696969696969695,74.24242424242425,62.121212121212125,12.121212121212121
E00139991,85,32,17,15,53,33,20,37.64705882352941,20,17.647058823529413,62.35294117647059,38.82352941176471,23.52941176470588
E00139993,131,39,14,25,92,61,31,29.770992366412212,10.687022900763358,19.083969465648856,70.22900763358778,46.56488549618321,23.66412213740458
E00139994,164,47,20,27,117,83,34,28.65853658536585,12.195121951219512,16.463414634146343,71.34146341463415,50.609756097560975,20.73170731707317
E00139995,215,76,30,46,139,97,42,35.348837209302324,13.953488372093023,21.3953488372093,64.65116279069767,45.11627906976744,19.53488372093023
E00139996,94,29,13,16,65,51,14,30.851063829787233,13.829787234042554,17.02127659574468,69.14893617021278,54.25531914893617,14.893617021276595
E00139997,99,32,14,18,67,56,11,32.323232323232325,14.14141414141414,18.181818181818183,67.67676767676768,56.56565656565656,11.11111111111111
E00139998,122,32,10,22,90,79,11,26.229508196721312,8.19672131147541,18.0327868852459,73.77049180327869,64.75409836065575,9.01639344262295
E00139999,113,44,17,27,69,52,17,38.93805309734513,15.04424778761062,23.893805309734514,61.06194690265486,46.017699115044245,15.04424778761062
E00140000,140,37,6,31,103,82,21,26.42857142857143,4.285714285714286,22.142857142857142,73.57142857142858,58.57142857142858,15
E00140001,145,53,22,31,92,61,31,36.55172413793103,15.172413793103448,21.379310344827587,63.44827586206897,42.06896551724138,21.379310344827587
E00140002,94,38,11,27,56,45,11,40.42553191489361,11.702127659574469,28.723404255319153,59.57446808510638,47.87234042553192,11.702127659574469
E00140003,120,52,24,28,68,54,14,43.333333333333336,20,23.333333333333332,56.666666666666664,45,11.666666666666666
E00140004,140,49,17,32,91,69,22,35,12.142857142857142,22.857142857142858,65,49.28571428571429,15.714285714285714
E00140005,153,50,18,32,103,86,17,32.6797385620915,11.76470588235294,20.915032679738562,67.3202614379085,56.209150326797385,11.11111111111111
E00140006,159,32,15,17,127,103,24,20.125786163522015,9.433962264150944,10.69182389937107,79.87421383647799,64.77987421383648,15.09433962264151
E00140007,129,49,16,33,80,70,10,37.98449612403101,12.4031007751938,25.581395348837212,62.01550387596899,54.263565891472865,7.751937984496124
E00140008,89,37,18,19,52,34,18,41.57303370786517,20.224719101123593,21.34831460674157,58.42696629213483,38.20224719101123,20.224719101123593
E00140009,72,28,15,13,44,38,6,38.88888888888889,20.833333333333336,18.055555555555554,61.111111111111114,52.77777777777778,8.333333333333332
E00140010,129,47,22,25,82,48,34,36.434108527131784,17.05426356589147,19.379844961240313,63.565891472868216,37.2093023255814,26.356589147286826
E00140011,111,47,19,28,64,51,13,42.34234234234234,17.117117117117118,25.225225225225223,57.65765765765766,45.94594594594595,11.711711711711711
E00140012,124,36,17,19,88,50,38,29.03225806451613,13.709677419354838,15.32258064516129,70.96774193548387,40.32258064516129,30.64516129032258
E00140013,144,34,12,22,110,65,45,23.61111111111111,8.333333333333332,15.277777777777779,76.38888888888889,45.13888888888889,31.25
E00140014,99,29,6,23,70,47,23,29.292929292929294,6.0606060606060606,23.232323232323232,70.70707070707071,47.474747474747474,23.232323232323232
E00140015,145,56,18,38,89,71,18,38.62068965517241,12.413793103448276,26.20689655172414,61.37931034482759,48.96551724137931,12.413793103448276
E00140016,136,42,19,23,94,70,24,30.88235294117647,13.970588235294118,16.911764705882355,69.11764705882352,51.470588235294116,17.647058823529413
E00140017,167,56,16,40,111,91,20,33.532934131736525,9.580838323353294,23.952095808383234,66.46706586826348,54.49101796407185,11.976047904191617
E00140018,117,52,24,28,65,47,18,44.44444444444444,20.51282051282051,23.931623931623932,55.55555555555556,40.17094017094017,15.384615384615385
E00140019,86,26,9,17,60,35,25,30.23255813953488,10.465116279069768,19.767441860465116,69.76744186046511,40.69767441860465,29.069767441860467
E00140020,98,38,17,21,60,43,17,38.775510204081634,17.346938775510203,21.428571428571427,61.224489795918366,43.87755102040816,17.346938775510203
E00140021,97,38,15,23,59,47,12,39.175257731958766,15.463917525773196,23.711340206185564,60.824742268041234,48.45360824742268,12.371134020618557
E00140022,113,33,8,25,80,61,19,29.20353982300885,7.079646017699115,22.123893805309734,70.79646017699115,53.98230088495575,16.8141592920354
E00140023,141,49,17,32,92,59,33,34.751773049645394,12.056737588652481,22.69503546099291,65.24822695035462,41.843971631205676,23.404255319148938
E00140024,90,30,7,23,60,43,17,33.33333333333333,7.777777777777778,25.555555555555554,66.66666666666666,47.77777777777778,18.88888888888889
E00140025,58,18,11,7,40,29,11,31.03448275862069,18.96551724137931,12.068965517241379,68.96551724137932,50,18.96551724137931
E00140026,77,20,5,15,57,37,20,25.97402597402597,6.493506493506493,19.480519480519483,74.02597402597402,48.05194805194805,25.97402597402597
E00140027,113,37,16,21,76,41,35,32.743362831858406,14.15929203539823,18.58407079646018,67.2566371681416,36.283185840707965,30.973451327433626
E00140028,112,32,14,18,80,49,31,28.57142857142857,12.5,16.071428571428573,71.42857142857143,43.75,27.67857142857143
E00140029,148,43,18,25,105,86,19,29.054054054054053,12.162162162162163,16.89189189189189,70.94594594594594,58.108108108108105,12.837837837837837
E00140030,120,38,7,31,82,66,16,31.666666666666664,5.833333333333333,25.833333333333336,68.33333333333333,55.00000000000001,13.333333333333334
E00140031,64,22,9,13,42,30,12,34.375,14.0625,20.3125,65.625,46.875,18.75
E00140032,125,42,16,26,83,73,10,33.6,12.8,20.8,66.4,58.4,8
E00140033,79,32,11,21,47,40,7,40.50632911392405,13.924050632911392,26.582278481012654,59.49367088607595,50.63291139240506,8.860759493670885
E00140034,101,27,7,20,74,62,12,26.732673267326735,6.9306930693069315,19.801980198019802,73.26732673267327,61.386138613861384,11.881188118811881
E00140035,107,38,15,23,69,59,10,35.51401869158878,14.018691588785046,21.49532710280374,64.48598130841121,55.140186915887845,9.345794392523365
E00140036,124,34,14,20,90,79,11,27.419354838709676,11.29032258064516,16.129032258064516,72.58064516129032,63.70967741935484,8.870967741935484
E00140037,118,29,5,24,89,73,16,24.576271186440678,4.23728813559322,20.33898305084746,75.42372881355932,61.86440677966102,13.559322033898304
E00140038,135,38,11,27,97,88,9,28.14814814814815,8.148148148148149,20,71.85185185185186,65.18518518518519,6.666666666666667
E00140039,153,40,8,32,113,95,18,26.143790849673206,5.228758169934641,20.915032679738562,73.8562091503268,62.091503267973856,11.76470588235294
E00140040,121,34,9,25,87,75,12,28.09917355371901,7.43801652892562,20.66115702479339,71.900826446281,61.98347107438017,9.917355371900827
E00140041,68,20,9,11,48,42,6,29.411764705882355,13.23529411764706,16.176470588235293,70.58823529411765,61.76470588235294,8.823529411764707
E00140042,129,40,12,28,89,76,13,31.007751937984494,9.30232558139535,21.705426356589147,68.9922480620155,58.91472868217055,10.077519379844961
E00140043,95,19,9,10,76,67,9,20,9.473684210526317,10.526315789473683,80,70.52631578947368,9.473684210526317
E00140044,274,73,17,56,201,166,35,26.642335766423358,6.204379562043796,20.437956204379564,73.35766423357664,60.58394160583942,12.773722627737227
E00140045,122,48,15,33,74,69,5,39.34426229508197,12.295081967213115,27.049180327868854,60.65573770491803,56.557377049180324,4.098360655737705
E00140046,88,31,8,23,57,52,5,35.22727272727273,9.090909090909092,26.136363636363637,64.77272727272727,59.09090909090909,5.681818181818182
E00140047,140,41,11,30,99,82,17,29.28571428571429,7.857142857142857,21.428571428571427,70.71428571428572,58.57142857142858,12.142857142857142
E00140048,38,12,6,6,26,24,2,31.57894736842105,15.789473684210526,15.789473684210526,68.42105263157895,63.1578947368421,5.263157894736842
E00140049,200,55,15,40,145,127,18,27.500000000000004,7.5,20,72.5,63.5,9
E00140050,123,41,12,29,82,76,6,33.33333333333333,9.75609756097561,23.577235772357724,66.66666666666666,61.78861788617886,4.878048780487805
E00140051,112,37,11,26,75,60,15,33.035714285714285,9.821428571428571,23.214285714285715,66.96428571428571,53.57142857142857,13.392857142857142
E00140052,74,19,5,14,55,51,4,25.675675675675674,6.756756756756757,18.91891891891892,74.32432432432432,68.91891891891892,5.405405405405405
E00140054,114,38,6,32,76,66,10,33.33333333333333,5.263157894736842,28.07017543859649,66.66666666666666,57.89473684210527,8.771929824561402
E00140055,104,35,5,30,69,58,11,33.65384615384615,4.807692307692308,28.846153846153843,66.34615384615384,55.769230769230774,10.576923076923077
E00140056,122,35,13,22,87,73,14,28.688524590163933,10.655737704918032,18.0327868852459,71.31147540983606,59.83606557377049,11.475409836065573
E00140057,108,35,6,29,73,61,12,32.407407407407405,5.555555555555555,26.851851851851855,67.5925925925926,56.481481481481474,11.11111111111111
E00140058,103,39,11,28,64,53,11,37.86407766990291,10.679611650485436,27.184466019417474,62.13592233009708,51.45631067961165,10.679611650485436
E00140059,135,36,11,25,99,87,12,26.666666666666668,8.148148148148149,18.51851851851852,73.33333333333333,64.44444444444444,8.88888888888889
E00140060,84,24,11,13,60,57,3,28.57142857142857,13.095238095238097,15.476190476190476,71.42857142857143,67.85714285714286,3.571428571428571
E00140061,99,38,13,25,61,57,4,38.38383838383838,13.131313131313133,25.252525252525253,61.61616161616161,57.57575757575758,4.040404040404041
E00140062,96,33,13,20,63,56,7,34.375,13.541666666666666,20.833333333333336,65.625,58.333333333333336,7.291666666666667
E00140063,144,46,10,36,98,85,13,31.944444444444443,6.944444444444445,25,68.05555555555556,59.02777777777778,9.027777777777777
E00140064,74,25,11,14,49,45,4,33.78378378378378,14.864864864864865,18.91891891891892,66.21621621621621,60.810810810810814,5.405405405405405
E00140065,88,25,4,21,63,57,6,28.40909090909091,4.545454545454546,23.863636363636363,71.5909090909091,64.77272727272727,6.8181818181818175
E00140066,107,31,5,26,76,70,6,28.971962616822427,4.672897196261682,24.299065420560748,71.02803738317756,65.42056074766354,5.607476635514018
E00140067,291,83,21,62,208,170,38,28.52233676975945,7.216494845360824,21.305841924398624,71.47766323024055,58.4192439862543,13.058419243986256
E00140068,117,32,9,23,85,76,9,27.350427350427353,7.6923076923076925,19.65811965811966,72.64957264957265,64.95726495726495,7.6923076923076925
E00140069,68,27,11,16,41,24,17,39.705882352941174,16.176470588235293,23.52941176470588,60.29411764705882,35.294117647058826,25
E00140070,116,44,7,37,72,58,14,37.93103448275862,6.0344827586206895,31.896551724137932,62.06896551724138,50,12.068965517241379
E00140071,188,53,22,31,135,106,29,28.191489361702125,11.702127659574469,16.48936170212766,71.80851063829788,56.38297872340425,15.425531914893616
E00140072,97,25,5,20,72,63,9,25.773195876288657,5.154639175257731,20.618556701030926,74.22680412371135,64.94845360824742,9.278350515463918
E00140073,192,52,10,42,140,128,12,27.083333333333332,5.208333333333334,21.875,72.91666666666666,66.66666666666666,6.25
E00140074,135,32,6,26,103,95,8,23.703703703703706,4.444444444444445,19.25925925925926,76.29629629629629,70.37037037037037,5.9259259259259265
E00140075,213,75,28,47,138,131,7,35.2112676056338,13.145539906103288,22.065727699530516,64.7887323943662,61.502347417840376,3.286384976525822
E00140077,127,41,11,30,86,78,8,32.28346456692913,8.661417322834646,23.62204724409449,67.71653543307087,61.417322834645674,6.299212598425196
E00140078,124,27,5,22,97,85,12,21.774193548387096,4.032258064516129,17.741935483870968,78.2258064516129,68.54838709677419,9.67741935483871
E00140079,113,31,2,29,82,75,7,27.43362831858407,1.7699115044247788,25.663716814159294,72.56637168141593,66.3716814159292,6.1946902654867255
E00140080,110,39,12,27,71,68,3,35.45454545454545,10.909090909090908,24.545454545454547,64.54545454545455,61.81818181818181,2.727272727272727
E00140081,89,29,10,19,60,54,6,32.58426966292135,11.235955056179774,21.34831460674157,67.41573033707866,60.67415730337079,6.741573033707865
E00140082,72,26,8,18,46,42,4,36.11111111111111,11.11111111111111,25,63.888888888888886,58.333333333333336,5.555555555555555
E00140083,151,37,9,28,114,96,18,24.503311258278146,5.960264900662252,18.543046357615893,75.49668874172185,63.576158940397356,11.920529801324504
E00140084,158,48,11,37,110,104,6,30.37974683544304,6.962025316455696,23.417721518987342,69.62025316455697,65.82278481012658,3.79746835443038
E00140085,104,37,13,24,67,62,5,35.57692307692308,12.5,23.076923076923077,64.42307692307693,59.61538461538461,4.807692307692308
E00140086,96,24,8,16,72,64,8,25,8.333333333333332,16.666666666666664,75,66.66666666666666,8.333333333333332
E00140087,155,40,12,28,115,103,12,25.806451612903224,7.741935483870968,18.064516129032256,74.19354838709677,66.45161290322581,7.741935483870968
E00140088,174,50,15,35,124,104,20,28.735632183908045,8.620689655172415,20.114942528735632,71.26436781609196,59.77011494252874,11.494252873563218
E00140089,40,17,5,12,23,20,3,42.5,12.5,30,57.49999999999999,50,7.5
E00140090,135,45,11,34,90,83,7,33.33333333333333,8.148148148148149,25.185185185185183,66.66666666666666,61.48148148148148,5.185185185185185
E00140091,148,39,10,29,109,95,14,26.351351351351347,6.756756756756757,19.594594594594593,73.64864864864865,64.1891891891892,9.45945945945946
E00140092,104,39,14,25,65,59,6,37.5,13.461538461538462,24.03846153846154,62.5,56.730769230769226,5.769230769230769
E00140093,146,38,3,35,108,94,14,26.027397260273972,2.054794520547945,23.972602739726025,73.97260273972603,64.38356164383562,9.58904109589041
E00140094,116,43,14,29,73,66,7,37.06896551724138,12.068965517241379,25,62.93103448275862,56.896551724137936,6.0344827586206895
E00140097,52,13,4,9,39,36,3,25,7.6923076923076925,17.307692307692307,75,69.23076923076923,5.769230769230769
E00140098,55,19,4,15,36,34,2,34.54545454545455,7.2727272727272725,27.27272727272727,65.45454545454545,61.81818181818181,3.6363636363636362
E00140099,117,35,8,27,82,75,7,29.914529914529915,6.837606837606838,23.076923076923077,70.08547008547008,64.1025641025641,5.982905982905983
E00140100,107,34,9,25,73,64,9,31.775700934579437,8.411214953271028,23.364485981308412,68.22429906542055,59.813084112149525,8.411214953271028
E00140101,126,45,14,31,81,73,8,35.714285714285715,11.11111111111111,24.6031746031746,64.28571428571429,57.936507936507944,6.349206349206349
E00140102,110,43,14,29,67,62,5,39.09090909090909,12.727272727272727,26.36363636363636,60.909090909090914,56.36363636363636,4.545454545454546
E00140103,97,28,8,20,69,57,12,28.865979381443296,8.24742268041237,20.618556701030926,71.1340206185567,58.76288659793815,12.371134020618557
E00140104,126,30,11,19,96,82,14,23.809523809523807,8.73015873015873,15.079365079365079,76.19047619047619,65.07936507936508,11.11111111111111
E00140105,82,34,6,28,48,42,6,41.46341463414634,7.317073170731707,34.146341463414636,58.536585365853654,51.21951219512195,7.317073170731707
E00140106,150,32,10,22,118,100,18,21.333333333333336,6.666666666666667,14.666666666666666,78.66666666666666,66.66666666666666,12
E00140107,98,37,8,29,61,52,9,37.755102040816325,8.16326530612245,29.591836734693878,62.244897959183675,53.06122448979592,9.183673469387756
E00140108,79,33,9,24,46,40,6,41.77215189873418,11.39240506329114,30.37974683544304,58.22784810126582,50.63291139240506,7.59493670886076
E00140109,91,29,6,23,62,49,13,31.868131868131865,6.593406593406594,25.274725274725274,68.13186813186813,53.84615384615385,14.285714285714285
E00140110,75,35,8,27,40,39,1,46.666666666666664,10.666666666666668,36,53.333333333333336,52,1.3333333333333335
E00140111,118,43,15,28,75,66,9,36.440677966101696,12.711864406779661,23.728813559322035,63.559322033898304,55.932203389830505,7.627118644067797
E00140112,86,33,12,21,53,50,3,38.372093023255815,13.953488372093023,24.418604651162788,61.627906976744185,58.139534883720934,3.488372093023256
E00140113,129,50,10,40,79,71,8,38.759689922480625,7.751937984496124,31.007751937984494,61.240310077519375,55.03875968992248,6.2015503875969
E00140114,96,32,10,22,64,53,11,33.33333333333333,10.416666666666668,22.916666666666664,66.66666666666666,55.208333333333336,11.458333333333332
E00140115,118,42,14,28,76,68,8,35.59322033898305,11.864406779661017,23.728813559322035,64.40677966101694,57.6271186440678,6.779661016949152
E00140116,202,48,15,33,154,133,21,23.762376237623762,7.425742574257425,16.33663366336634,76.23762376237624,65.84158415841584,10.396039603960396
E00140117,81,30,9,21,51,47,4,37.03703703703704,11.11111111111111,25.925925925925924,62.96296296296296,58.0246913580247,4.938271604938271
E00140118,120,36,7,29,84,75,9,30,5.833333333333333,24.166666666666668,70,62.5,7.5
E00140119,113,42,13,29,71,67,4,37.16814159292036,11.504424778761061,25.663716814159294,62.83185840707964,59.29203539823009,3.5398230088495577
E00140120,187,56,15,41,131,113,18,29.946524064171122,8.0213903743315509,21.92513368983957,70.05347593582889,60.42780748663101,9.62566844919786
E00140121,161,43,9,34,118,100,18,26.70807453416149,5.590062111801243,21.11801242236025,73.29192546583852,62.11180124223602,11.180124223602485
E00140122,116,39,13,26,77,68,9,33.62068965517241,11.206896551724139,22.413793103448278,66.37931034482759,58.620689655172406,7.758620689655173
E00140123,130,48,19,29,82,68,14,36.92307692307693,14.615384615384617,22.30769230769231,63.07692307692307,52.307692307692314,10.76923076923077
E00140124,231,50,19,31,181,164,17,21.645021645021643,8.225108225108226,13.41991341991342,78.35497835497836,70.995670995671,7.35930735930736
E00140125,42,17,11,6,25,23,2,40.476190476190474,26.190476190476193,14.285714285714285,59.523809523809526,54.761904761904766,4.761904761904762
E00140126,148,39,8,31,109,96,13,26.351351351351347,5.405405405405405,20.945945945945947,73.64864864864865,64.86486486486487,8.783783783783784
E00140127,85,25,10,15,60,48,12,29.411764705882355,11.76470588235294,17.647058823529413,70.58823529411765,56.470588235294116,14.117647058823529
E00140128,115,31,9,22,84,74,10,26.956521739130434,7.82608695652174,19.130434782608695,73.04347826086956,64.34782608695652,8.695652173913043
E00140129,122,34,10,24,88,81,7,27.86885245901639,8.19672131147541,19.672131147540984,72.1311475409836,66.39344262295081,5.737704918032787
E00140130,191,47,14,33,144,118,26,24.60732984293194,7.329842931937172,17.277486910994764,75.39267015706807,61.78010471204188,13.612565445026178
E00140131,127,50,13,37,77,67,10,39.37007874015748,10.236220472440944,29.133858267716533,60.629921259842526,52.75590551181102,7.874015748031496
E00140132,118,33,8,25,85,76,9,27.966101694915253,6.779661016949152,21.1864406779661,72.03389830508475,64.40677966101694,7.627118644067797
E00140133,37,22,8,14,15,13,2,59.45945945945946,21.62162162162162,37.83783783783784,40.54054054054054,35.13513513513514,5.405405405405405
E00140134,82,24,6,18,58,58,0,29.268292682926827,7.317073170731707,21.951219512195124,70.73170731707317,70.73170731707317,0
E00140135,119,44,9,35,75,72,3,36.97478991596639,7.563025210084033,29.411764705882355,63.02521008403361,60.50420168067227,2.5210084033613445
E00140136,146,53,15,38,93,84,9,36.3013698630137,10.273972602739725,26.027397260273972,63.6986301369863,57.534246575342465,6.164383561643835
E00140137,110,31,11,20,79,73,6,28.18181818181818,10,18.181818181818183,71.81818181818181,66.36363636363637,5.454545454545454
E00140138,111,44,17,27,67,57,10,39.63963963963964,15.315315315315313,24.324324324324326,60.36036036036037,51.35135135135135,9.00900900900901
E00140139,65,20,9,11,45,39,6,30.76923076923077,13.846153846153847,16.923076923076923,69.23076923076923,60,9.230769230769232
E00140140,115,36,3,33,79,65,14,31.30434782608696,2.608695652173913,28.695652173913043,68.69565217391305,56.52173913043478,12.173913043478262
E00140141,99,25,6,19,74,65,9,25.252525252525253,6.0606060606060606,19.19191919191919,74.74747474747475,65.65656565656566,9.090909090909092
E00140142,116,40,13,27,76,66,10,34.48275862068966,11.206896551724139,23.275862068965516,65.51724137931035,56.896551724137936,8.620689655172415
E00140143,96,26,10,16,70,61,9,27.083333333333332,10.416666666666668,16.666666666666664,72.91666666666666,63.541666666666664,9.375
E00140144,161,35,8,27,126,114,12,21.73913043478261,4.968944099378882,16.77018633540373,78.26086956521739,70.80745341614907,7.453416149068323
E00140145,88,31,13,18,57,48,9,35.22727272727273,14.772727272727273,20.454545454545457,64.77272727272727,54.54545454545454,10.227272727272728
E00140146,122,37,11,26,85,75,10,30.327868852459016,9.01639344262295,21.311475409836063,69.67213114754098,61.47540983606557,8.19672131147541
E00140147,117,34,10,24,83,74,9,29.059829059829063,8.547008547008547,20.51282051282051,70.94017094017094,63.24786324786324,7.6923076923076925
E00140148,102,29,11,18,73,67,6,28.431372549019606,10.784313725490197,17.647058823529413,71.56862745098039,65.68627450980392,5.88235294117647
E00140149,98,33,12,21,65,60,5,33.6734693877551,12.244897959183673,21.428571428571427,66.3265306122449,61.224489795918366,5.1020408163265305
E00140150,143,45,11,34,98,79,19,31.46853146853147,7.6923076923076925,23.776223776223777,68.53146853146853,55.24475524475524,13.286713286713287
E00140151,55,14,4,10,41,33,8,25.454545454545453,7.2727272727272725,18.181818181818183,74.54545454545455,60,14.545454545454545
E00140152,118,42,13,29,76,75,1,35.59322033898305,11.016949152542372,24.576271186440678,64.40677966101694,63.559322033898304,0.847457627118644
E00140153,108,39,14,25,69,60,9,36.11111111111111,12.962962962962962,23.14814814814815,63.888888888888886,55.55555555555556,8.333333333333332
E00140154,145,38,6,32,107,93,14,26.20689655172414,4.137931034482759,22.06896551724138,73.79310344827587,64.13793103448275,9.655172413793103
E00140155,133,35,12,23,98,90,8,26.31578947368421,9.022556390977442,17.293233082706767,73.68421052631578,67.66917293233082,6.015037593984962
E00140156,74,34,9,25,40,38,2,45.94594594594595,12.162162162162163,33.78378378378378,54.054054054054056,51.35135135135135,2.7027027027027026
E00140157,65,23,1,22,42,34,8,35.38461538461539,1.5384615384615385,33.84615384615385,64.61538461538461,52.307692307692314,12.307692307692308
E00140158,117,34,8,26,83,74,9,29.059829059829063,6.837606837606838,22.22222222222222,70.94017094017094,63.24786324786324,7.6923076923076925
E00140159,122,40,11,29,82,78,4,32.78688524590164,9.01639344262295,23.770491803278688,67.21311475409836,63.934426229508205,3.278688524590164
E00140161,66,23,3,20,43,37,6,34.84848484848485,4.545454545454546,30.303030303030305,65.15151515151516,56.060606060606055,9.090909090909092
E00140162,96,27,10,17,69,60,9,28.125,10.416666666666668,17.708333333333336,71.875,62.5,9.375
E00140163,167,45,6,39,122,113,9,26.94610778443114,3.592814371257485,23.353293413173652,73.05389221556887,67.66467065868264,5.389221556886228
E00140164,118,33,13,20,85,72,13,27.966101694915253,11.016949152542372,16.94915254237288,72.03389830508475,61.016949152542374,11.016949152542372
E00140165,120,47,12,35,73,66,7,39.166666666666664,10,29.166666666666668,60.83333333333333,55.00000000000001,5.833333333333333
E00140166,64,22,6,16,42,39,3,34.375,9.375,25,65.625,60.9375,4.6875
E00140167,110,36,10,26,74,63,11,32.72727272727273,9.090909090909092,23.636363636363637,67.27272727272727,57.27272727272727,10
E00140168,73,29,6,23,44,37,7,39.726027397260275,8.21917808219178,31.506849315068493,60.273972602739725,50.68493150684932,9.58904109589041
E00140169,85,35,11,24,50,46,4,41.17647058823529,12.941176470588237,28.235294117647058,58.82352941176471,54.11764705882353,4.705882352941177
E00140170,77,27,6,21,50,45,5,35.064935064935064,7.792207792207792,27.27272727272727,64.93506493506493,58.44155844155844,6.493506493506493
E00140171,95,34,5,29,61,54,7,35.78947368421053,5.263157894736842,30.526315789473685,64.21052631578948,56.84210526315789,7.368421052631578
E00140172,98,37,11,26,61,61,0,37.755102040816325,11.224489795918368,26.53061224489796,62.244897959183675,62.244897959183675,0
E00140173,68,20,7,13,48,47,1,29.411764705882355,10.294117647058822,19.11764705882353,70.58823529411765,69.11764705882352,1.4705882352941175
E00140175,73,23,4,19,50,47,3,31.506849315068493,5.47945205479452,26.027397260273972,68.4931506849315,64.38356164383562,4.10958904109589
E00140176,132,39,12,27,93,82,11,29.545454545454547,9.090909090909092,20.454545454545457,70.45454545454545,62.121212121212125,8.333333333333332
E00140177,65,19,5,14,46,39,7,29.230769230769234,7.6923076923076925,21.53846153846154,70.76923076923077,60,10.76923076923077
E00140178,197,54,16,38,143,121,22,27.411167512690355,8.121827411167512,19.289340101522843,72.58883248730965,61.42131979695431,11.16751269035533
E00140179,92,32,8,24,60,57,3,34.78260869565217,8.695652173913043,26.08695652173913,65.21739130434783,61.95652173913043,3.260869565217391
E00140180,65,18,5,13,47,40,7,27.692307692307693,7.6923076923076925,20,72.3076923076923,61.53846153846154,10.76923076923077
E00140181,78,23,4,19,55,45,10,29.48717948717949,5.128205128205128,24.358974358974358,70.51282051282051,57.692307692307686,12.82051282051282
E00140182,108,36,15,21,72,60,12,33.33333333333333,13.88888888888889,19.444444444444446,66.66666666666666,55.55555555555556,11.11111111111111
E00140183,112,33,10,23,79,64,15,29.464285714285715,8.928571428571429,20.535714285714285,70.53571428571429,57.14285714285714,13.392857142857142
E00140184,76,30,10,20,46,35,11,39.473684210526315,13.157894736842104,26.31578947368421,60.526315789473685,46.05263157894737,14.473684210526317
E00140185,78,31,11,20,47,38,9,39.743589743589745,14.102564102564102,25.64102564102564,60.256410256410255,48.717948717948715,11.538461538461538
E00140186,113,34,8,26,79,73,6,30.08849557522124,7.079646017699115,23.008849557522122,69.91150442477876,64.60176991150442,5.3097345132743365
E00140187,91,35,8,27,56,46,10,38.46153846153847,8.791208791208792,29.67032967032967,61.53846153846154,50.54945054945055,10.989010989010989
E00140188,135,37,12,25,98,87,11,27.40740740740741,8.88888888888889,18.51851851851852,72.5925925925926,64.44444444444444,8.148148148148149
E00140189,134,49,11,38,85,74,11,36.56716417910448,8.208955223880597,28.35820895522388,63.43283582089553,55.223880597014926,8.208955223880597
E00140190,94,32,13,19,62,53,9,34.04255319148936,13.829787234042554,20.212765957446805,65.95744680851064,56.38297872340425,9.574468085106384
E00140191,103,33,8,25,70,63,7,32.038834951456316,7.766990291262135,24.271844660194176,67.96116504854369,61.165048543689316,6.796116504854369
E00140192,121,41,9,32,80,74,6,33.88429752066116,7.43801652892562,26.446280991735538,66.11570247933885,61.15702479338842,4.958677685950414
E00140193,107,31,6,25,76,70,6,28.971962616822427,5.607476635514018,23.364485981308412,71.02803738317756,65.42056074766354,5.607476635514018
E00140194,63,24,10,14,39,30,9,38.095238095238095,15.873015873015872,22.22222222222222,61.904761904761905,47.61904761904761,14.285714285714285
E00140195,121,56,16,40,65,58,7,46.28099173553719,13.223140495867769,33.057851239669425,53.71900826446281,47.93388429752066,5.785123966942149
E00140196,133,36,4,32,97,84,13,27.06766917293233,3.007518796992481,24.06015037593985,72.93233082706767,63.1578947368421,9.774436090225564
E00140197,81,26,8,18,55,49,6,32.098765432098766,9.876543209876543,22.22222222222222,67.90123456790124,60.49382716049383,7.4074074074074066
E00140198,69,30,11,19,39,38,1,43.47826086956522,15.942028985507244,27.536231884057973,56.52173913043478,55.072463768115945,1.4492753623188406
E00140199,119,32,4,28,87,78,9,26.89075630252101,3.361344537815126,23.52941176470588,73.10924369747899,65.54621848739495,7.563025210084033
E00140200,103,32,6,26,71,68,3,31.06796116504854,5.825242718446602,25.24271844660194,68.93203883495146,66.01941747572816,2.912621359223301
E00140201,50,17,1,16,33,29,4,34,2,32,66,57.99999999999999,8
E00140202,76,42,13,29,34,33,1,55.26315789473685,17.105263157894736,38.15789473684211,44.73684210526316,43.42105263157895,1.3157894736842104
E00140203,111,37,9,28,74,64,10,33.33333333333333,8.108108108108109,25.225225225225223,66.66666666666666,57.65765765765766,9.00900900900901
E00140204,76,30,7,23,46,43,3,39.473684210526315,9.210526315789473,30.263157894736842,60.526315789473685,56.57894736842105,3.9473684210526314
E00140205,96,33,5,28,63,59,4,34.375,5.208333333333334,29.166666666666668,65.625,61.458333333333336,4.166666666666666
E00140206,83,17,7,10,66,59,7,20.481927710843372,8.433734939759036,12.048192771084338,79.51807228915662,71.08433734939759,8.433734939759036
E00140207,75,30,9,21,45,42,3,40,12,28.000000000000004,60,56.00000000000001,4
E00140208,81,19,0,19,62,55,7,23.456790123456788,0,23.456790123456788,76.5432098765432,67.90123456790124,8.641975308641975
E00140209,103,38,15,23,65,58,7,36.89320388349515,14.563106796116504,22.330097087378643,63.10679611650486,56.310679611650485,6.796116504854369
E00140210,80,33,10,23,47,46,1,41.25,12.5,28.749999999999996,58.75,57.49999999999999,1.25
E00140211,84,27,8,19,57,50,7,32.142857142857146,9.523809523809524,22.61904761904762,67.85714285714286,59.523809523809526,8.333333333333332
E00140212,105,36,6,30,69,63,6,34.285714285714285,5.714285714285714,28.57142857142857,65.71428571428571,60,5.714285714285714
E00140213,105,30,6,24,75,68,7,28.57142857142857,5.714285714285714,22.857142857142858,71.42857142857143,64.76190476190476,6.666666666666667
E00140214,117,40,17,23,77,72,5,34.18803418803419,14.529914529914532,19.65811965811966,65.8119658119658,61.53846153846154,4.273504273504273
E00140215,137,44,8,36,93,85,8,32.11678832116788,5.839416058394161,26.277372262773724,67.88321167883211,62.04379562043796,5.839416058394161
E00140216,84,28,7,21,56,53,3,33.33333333333333,8.333333333333332,25,66.66666666666666,63.095238095238095,3.571428571428571
E00140217,104,33,9,24,71,58,13,31.73076923076923,8.653846153846153,23.076923076923077,68.26923076923077,55.769230769230774,12.5
E00140218,60,18,7,11,42,39,3,30,11.666666666666666,18.333333333333332,70,65,5
E00140219,108,27,9,18,81,71,10,25,8.333333333333332,16.666666666666664,75,65.74074074074075,9.25925925925926
E00140221,136,42,14,28,94,83,11,30.88235294117647,10.294117647058822,20.588235294117645,69.11764705882352,61.029411764705884,8.088235294117647
E00140222,140,39,9,30,101,90,11,27.857142857142858,6.428571428571428,21.428571428571427,72.14285714285714,64.28571428571429,7.857142857142857
E00140223,108,34,4,30,74,59,15,31.48148148148148,3.7037037037037033,27.77777777777778,68.51851851851852,54.629629629629626,13.88888888888889
E00140224,114,24,8,16,90,81,9,21.052631578947366,7.017543859649122,14.035087719298245,78.94736842105263,71.05263157894737,7.894736842105263
E00140225,91,29,10,19,62,58,4,31.868131868131865,10.989010989010989,20.87912087912088,68.13186813186813,63.73626373626373,4.395604395604396
E00140226,105,39,8,31,66,56,10,37.142857142857146,7.6190476190476195,29.523809523809526,62.857142857142854,53.333333333333336,9.523809523809524
E00140227,135,29,13,16,106,94,12,21.48148148148148,9.62962962962963,11.851851851851853,78.51851851851852,69.62962962962963,8.88888888888889
E00140228,57,17,3,14,40,38,2,29.82456140350877,5.263157894736842,24.561403508771928,70.17543859649122,66.66666666666666,3.508771929824561
E00140229,102,35,15,20,67,59,8,34.31372549019608,14.705882352941178,19.607843137254903,65.68627450980392,57.84313725490197,7.8431372549019605
E00140230,138,38,10,28,100,88,12,27.536231884057973,7.246376811594203,20.28985507246377,72.46376811594203,63.76811594202898,8.695652173913043
E00140231,101,40,14,26,61,52,9,39.603960396039604,13.861386138613863,25.742574257425744,60.396039603960396,51.48514851485149,8.91089108910891
E00140232,121,35,11,24,86,67,19,28.92561983471074,9.090909090909092,19.834710743801654,71.07438016528926,55.371900826446286,15.702479338842975
E00140233,123,35,21,14,88,76,12,28.455284552845526,17.073170731707318,11.38211382113821,71.54471544715447,61.78861788617886,9.75609756097561
E00140234,155,43,10,33,112,99,13,27.741935483870968,6.451612903225806,21.29032258064516,72.25806451612902,63.87096774193548,8.38709677419355
E00140235,160,49,12,37,111,97,14,30.625000000000004,7.5,23.125,69.375,60.62499999999999,8.75
E00140236,101,39,13,26,62,55,7,38.613861386138616,12.871287128712872,25.742574257425744,61.386138613861384,54.45544554455446,6.9306930693069315
E00140237,116,34,9,25,82,76,6,29.310344827586203,7.758620689655173,21.551724137931032,70.6896551724138,65.51724137931035,5.172413793103448
E00140238,90,29,10,19,61,55,6,32.22222222222222,11.11111111111111,21.11111111111111,67.77777777777779,61.111111111111114,6.666666666666667
E00140239,118,32,12,20,86,69,17,27.11864406779661,10.16949152542373,16.94915254237288,72.88135593220339,58.47457627118644,14.40677966101695
E00140240,133,41,10,31,92,79,13,30.82706766917293,7.518796992481203,23.308270676691727,69.17293233082707,59.3984962406015,9.774436090225564
E00140241,106,30,7,23,76,65,11,28.30188679245283,6.60377358490566,21.69811320754717,71.69811320754717,61.32075471698113,10.377358490566039
E00140242,133,35,6,29,98,89,9,26.31578947368421,4.511278195488721,21.804511278195488,73.68421052631578,66.9172932330827,6.7669172932330826
E00140243,209,66,18,48,143,125,18,31.57894736842105,8.61244019138756,22.966507177033492,68.42105263157895,59.80861244019139,8.61244019138756
E00140244,108,46,16,30,62,56,6,42.592592592592595,14.814814814814813,27.77777777777778,57.407407407407405,51.85185185185185,5.555555555555555
E00140245,61,17,9,8,44,32,12,27.86885245901639,14.754098360655737,13.114754098360656,72.1311475409836,52.459016393442624,19.672131147540984
E00140246,89,26,10,16,63,56,7,29.213483146067414,11.235955056179774,17.97752808988764,70.78651685393258,62.92134831460674,7.865168539325842
E00140247,111,36,4,32,75,62,13,32.432432432432435,3.6036036036036037,28.82882882882883,67.56756756756756,55.85585585585585,11.711711711711711
E00140248,113,42,8,34,71,67,4,37.16814159292036,7.079646017699115,30.08849557522124,62.83185840707964,59.29203539823009,3.5398230088495577
E00176337,175,47,9,38,128,116,12,26.857142857142858,5.142857142857142,21.714285714285715,73.14285714285714,66.28571428571428,6.857142857142858
E00176339,281,70,18,52,211,189,22,24.91103202846975,6.405693950177936,18.505338078291814,75.08896797153025,67.25978647686833,7.829181494661921
E00176341,168,34,11,23,134,120,14,20.238095238095237,6.547619047619048,13.690476190476192,79.76190476190477,71.42857142857143,8.333333333333332
E00176344,88,27,6,21,61,55,6,30.681818181818183,6.8181818181818175,23.863636363636363,69.31818181818183,62.5,6.8181818181818175
E00176345,114,43,10,33,71,62,9,37.719298245614034,8.771929824561402,28.947368421052634,62.28070175438597,54.385964912280706,7.894736842105263
E00176346,203,62,15,47,141,123,18,30.541871921182267,7.389162561576355,23.15270935960591,69.45812807881774,60.591133004926114,8.866995073891626
E00176347,115,38,13,25,77,67,10,33.04347826086956,11.304347826086957,21.73913043478261,66.95652173913044,58.26086956521739,8.695652173913043
E00176348,112,43,18,25,69,50,19,38.392857142857146,16.071428571428573,22.321428571428573,61.60714285714286,44.642857142857146,16.964285714285715
E00176349,130,45,22,23,85,66,19,34.61538461538461,16.923076923076923,17.692307692307693,65.38461538461539,50.76923076923077,14.615384615384617
E00176350,94,16,6,10,78,65,13,17.02127659574468,6.382978723404255,10.638297872340425,82.97872340425532,69.14893617021278,13.829787234042554
E00176351,125,28,7,21,97,87,10,22.400000000000002,5.6000000000000005,16.8,77.60000000000001,69.6,8
E00176352,194,52,17,35,142,117,25,26.804123711340207,8.762886597938143,18.04123711340206,73.19587628865979,60.30927835051546,12.886597938144329
E00176353,203,75,27,48,128,98,30,36.94581280788177,13.30049261083744,23.645320197044335,63.05418719211823,48.275862068965516,14.77832512315271
E00176354,128,40,16,24,88,74,14,31.25,12.5,18.75,68.75,57.8125,10.9375
E00176355,111,44,19,25,67,61,6,39.63963963963964,17.117117117117118,22.52252252252252,60.36036036036037,54.95495495495496,5.405405405405405
E00176356,218,58,21,37,160,132,28,26.605504587155966,9.63302752293578,16.972477064220186,73.39449541284404,60.550458715596335,12.844036697247708
E00176357,201,49,19,30,152,131,21,24.378109452736318,9.45273631840796,14.925373134328357,75.62189054726367,65.17412935323384,10.44776119402985
E00176358,137,33,9,24,104,88,16,24.087591240875913,6.569343065693431,17.51824817518248,75.91240875912408,64.23357664233576,11.678832116788321
E00176359,206,54,18,36,152,115,37,26.21359223300971,8.737864077669903,17.475728155339805,73.7864077669903,55.8252427184466,17.96116504854369
E00176360,142,42,19,23,100,82,18,29.577464788732392,13.380281690140844,16.19718309859155,70.4225352112676,57.74647887323944,12.676056338028168
E00176361,130,42,18,24,88,67,21,32.30769230769231,13.846153846153847,18.461538461538463,67.6923076923077,51.53846153846153,16.153846153846153
E00176362,129,41,14,27,88,74,14,31.782945736434108,10.852713178294573,20.930232558139537,68.21705426356588,57.36434108527132,10.852713178294573
E00176363,218,49,14,35,169,153,16,22.477064220183486,6.422018348623854,16.055045871559635,77.52293577981652,70.18348623853211,7.339449541284404
E00190015,111,40,6,34,71,58,13,36.03603603603604,5.405405405405405,30.630630630630627,63.96396396396396,52.25225225225225,11.711711711711711
E00190016,185,45,13,32,140,122,18,24.324324324324326,7.027027027027027,17.2972972972973,75.67567567567568,65.94594594594595,9.72972972972973
E00190017,203,56,18,38,147,107,40,27.586206896551722,8.866995073891626,18.7192118226601,72.41379310344827,52.70935960591133,19.704433497536947
E00190018,139,33,8,25,106,86,20,23.741007194244602,5.755395683453238,17.985611510791365,76.2589928057554,61.87050359712231,14.388489208633093
E00190021,141,34,14,20,107,94,13,24.113475177304963,9.929078014184398,14.184397163120568,75.88652482269504,66.66666666666666,9.219858156028367
E00190022,220,59,22,37,161,134,27,26.81818181818182,10,16.818181818181817,73.18181818181819,60.909090909090914,12.272727272727273
E00190023,173,42,13,29,131,101,30,24.277456647398843,7.514450867052023,16.76300578034682,75.72254335260115,58.38150289017341,17.341040462427745
E00190026,95,24,6,18,71,59,12,25.263157894736842,6.315789473684211,18.947368421052634,74.73684210526315,62.10526315789474,12.631578947368421
E00190027,179,36,11,25,143,124,19,20.11173184357542,6.145251396648044,13.966480446927374,79.88826815642457,69.27374301675978,10.614525139664805
E00190028,132,39,17,22,93,77,16,29.545454545454547,12.878787878787879,16.666666666666664,70.45454545454545,58.333333333333336,12.121212121212121
E00190029,113,24,7,17,89,75,14,21.238938053097346,6.1946902654867255,15.04424778761062,78.76106194690266,66.3716814159292,12.389380530973451
E00190031,103,41,12,29,62,36,26,39.80582524271845,11.650485436893204,28.155339805825243,60.19417475728155,34.95145631067961,25.24271844660194
E00190032,193,45,14,31,148,131,17,23.316062176165804,7.253886010362693,16.06217616580311,76.68393782383419,67.87564766839378,8.808290155440414
E00190033,174,38,10,28,136,112,24,21.839080459770116,5.747126436781609,16.091954022988507,78.16091954022988,64.36781609195403,13.793103448275861
E00190035,98,30,10,20,68,58,10,30.612244897959183,10.204081632653061,20.408163265306122,69.38775510204081,59.183673469387756,10.204081632653061
E00190038,155,27,10,17,128,102,26,17.419354838709676,6.451612903225806,10.967741935483872,82.58064516129032,65.80645161290323,16.7741935483871
E00190040,203,48,12,36,155,144,11,23.645320197044335,5.911330049261084,17.733990147783253,76.35467980295566,70.93596059113301,5.41871921182266
E00190041,189,30,11,19,159,143,16,15.873015873015872,5.82010582010582,10.052910052910052,84.12698412698413,75.66137566137566,8.465608465608465
E00190042,184,46,11,35,138,113,25,25,5.978260869565218,19.021739130434785,75,61.41304347826087,13.586956521739129
E00190043,117,32,11,21,85,63,22,27.350427350427353,9.401709401709402,17.94871794871795,72.64957264957265,53.84615384615385,18.803418803418804
E00190044,248,136,86,50,112,75,37,54.83870967741935,34.67741935483871,20.161290322580644,45.16129032258064,30.241935483870968,14.919354838709678
E00190051,181,43,9,34,138,119,19,23.756906077348066,4.972375690607735,18.784530386740332,76.24309392265194,65.74585635359117,10.497237569060774
E00190054,151,51,17,34,100,94,6,33.77483443708609,11.258278145695364,22.516556291390728,66.22516556291392,62.251655629139066,3.9735099337748347
E00190057,270,38,9,29,232,199,33,14.074074074074074,3.3333333333333335,10.74074074074074,85.92592592592592,73.70370370370371,12.222222222222221
E00190059,173,37,8,29,136,117,19,21.38728323699422,4.624277456647398,16.76300578034682,78.61271676300578,67.63005780346822,10.982658959537572
E00190060,178,37,7,30,141,126,15,20.786516853932586,3.932584269662921,16.853932584269664,79.21348314606742,70.78651685393258,8.426966292134832
E00190064,152,41,12,29,111,100,11,26.973684210526315,7.894736842105263,19.078947368421055,73.02631578947368,65.78947368421053,7.236842105263158
E00190065,224,45,7,38,179,165,14,20.089285714285715,3.125,16.964285714285715,79.91071428571429,73.66071428571429,6.25
E00190066,226,39,14,25,187,171,16,17.25663716814159,6.1946902654867255,11.061946902654867,82.7433628318584,75.66371681415929,7.079646017699115
E00190067,179,45,12,33,134,117,17,25.139664804469277,6.70391061452514,18.435754189944134,74.86033519553072,65.36312849162012,9.497206703910614
E00190068,119,37,14,23,82,70,12,31.092436974789916,11.76470588235294,19.327731092436977,68.90756302521008,58.82352941176471,10.084033613445378
E00190069,150,42,7,35,108,98,10,28.000000000000004,4.666666666666667,23.333333333333332,72,65.33333333333333,6.666666666666667
E00190070,98,31,7,24,67,61,6,31.63265306122449,7.142857142857142,24.489795918367346,68.36734693877551,62.244897959183675,6.122448979591836
E00190071,200,47,9,38,153,126,27,23.5,4.5,19,76.5,63,13.5
E00190072,218,46,10,36,172,141,31,21.100917431192663,4.587155963302752,16.51376146788991,78.89908256880734,64.6788990825688,14.220183486238533
E00190074,169,43,12,31,126,112,14,25.443786982248522,7.100591715976331,18.34319526627219,74.55621301775149,66.27218934911244,8.284023668639055
E00190077,208,45,12,33,163,145,18,21.634615384615387,5.769230769230769,15.865384615384615,78.36538461538461,69.71153846153845,8.653846153846153
E00190079,124,53,20,33,71,61,10,42.74193548387097,16.129032258064516,26.61290322580645,57.25806451612904,49.193548387096776,8.064516129032258
E00190080,121,23,7,16,98,84,14,19.00826446280992,5.785123966942149,13.223140495867769,80.99173553719008,69.42148760330579,11.570247933884298
E00190082,104,34,6,28,70,57,13,32.69230769230769,5.769230769230769,26.923076923076923,67.3076923076923,54.807692307692314,12.5
E00190089,208,45,17,28,163,148,15,21.634615384615387,8.173076923076923,13.461538461538462,78.36538461538461,71.15384615384616,7.211538461538461
E00190091,190,51,18,33,139,108,31,26.842105263157894,9.473684210526317,17.36842105263158,73.15789473684211,56.84210526315789,16.315789473684212
E00190093,151,24,5,19,127,106,21,15.894039735099339,3.3112582781456954,12.582781456953644,84.10596026490066,70.19867549668875,13.90728476821192
E00190095,175,21,9,12,154,139,15,12,5.142857142857142,6.857142857142858,88,79.42857142857143,8.571428571428571
E00190096,141,43,14,29,98,72,26,30.49645390070922,9.929078014184398,20.56737588652482,69.50354609929079,51.06382978723404,18.439716312056735
E00190097,179,34,12,22,145,132,13,18.994413407821227,6.70391061452514,12.290502793296088,81.00558659217877,73.74301675977654,7.262569832402235
E00190100,126,44,10,34,82,67,15,34.92063492063492,7.936507936507936,26.984126984126984,65.07936507936508,53.17460317460318,11.904761904761903
E00190101,208,30,5,25,178,153,25,14.423076923076922,2.403846153846154,12.01923076923077,85.57692307692307,73.5576923076923,12.01923076923077
E00190102,158,37,12,25,121,107,14,23.417721518987342,7.59493670886076,15.822784810126583,76.58227848101265,67.72151898734177,8.860759493670885
E00190103,205,46,14,32,159,136,23,22.439024390243905,6.829268292682928,15.609756097560975,77.5609756097561,66.34146341463415,11.219512195121952
E00190104,238,53,13,40,185,157,28,22.268907563025213,5.46218487394958,16.80672268907563,77.73109243697479,65.96638655462185,11.76470588235294
E00190105,74,26,11,15,48,35,13,35.13513513513514,14.864864864864865,20.27027027027027,64.86486486486487,47.2972972972973,17.56756756756757
E00190106,243,58,13,45,185,165,20,23.868312757201647,5.349794238683128,18.51851851851852,76.13168724279835,67.90123456790124,8.23045267489712
E00190107,193,30,12,18,163,145,18,15.544041450777202,6.217616580310881,9.32642487046632,84.4559585492228,75.12953367875647,9.32642487046632
E00190108,124,26,5,21,98,89,9,20.967741935483872,4.032258064516129,16.93548387096774,79.03225806451613,71.7741935483871,7.258064516129033
E00190109,211,52,21,31,159,126,33,24.644549763033176,9.95260663507109,14.691943127962084,75.35545023696683,59.71563981042654,15.639810426540285
E00190111,105,36,16,20,69,60,9,34.285714285714285,15.238095238095239,19.047619047619047,65.71428571428571,57.14285714285714,8.571428571428571
E00190114,213,48,11,37,165,143,22,22.535211267605636,5.164319248826291,17.370892018779344,77.46478873239437,67.13615023474179,10.328638497652582
E00190115,175,56,19,37,119,83,36,32,10.857142857142858,21.142857142857142,68,47.42857142857143,20.57142857142857
E00190117,153,51,22,29,102,76,26,33.33333333333333,14.37908496732026,18.954248366013072,66.66666666666666,49.673202614379086,16.99346405228758
E00190118,149,48,15,33,101,87,14,32.21476510067114,10.06711409395973,22.14765100671141,67.78523489932886,58.38926174496645,9.395973154362416
E00190119,145,47,11,36,98,74,24,32.41379310344827,7.586206896551724,24.82758620689655,67.58620689655173,51.03448275862069,16.551724137931036
E00190120,140,33,5,28,107,89,18,23.57142857142857,3.571428571428571,20,76.42857142857142,63.57142857142857,12.857142857142856
E00190121,149,38,7,31,111,96,15,25.503355704697988,4.697986577181208,20.80536912751678,74.49664429530202,64.42953020134227,10.06711409395973
E00190125,161,39,8,31,122,105,17,24.22360248447205,4.968944099378882,19.25465838509317,75.77639751552795,65.21739130434783,10.559006211180124
E00190126,226,50,12,38,176,154,22,22.123893805309734,5.3097345132743365,16.8141592920354,77.87610619469027,68.14159292035397,9.734513274336283
E00190129,183,49,16,33,134,113,21,26.775956284153008,8.743169398907105,18.0327868852459,73.224043715847,61.74863387978142,11.475409836065573
E00190130,162,45,10,35,117,104,13,27.77777777777778,6.172839506172839,21.604938271604937,72.22222222222221,64.19753086419753,8.024691358024691
E00190131,179,40,9,31,139,119,20,22.3463687150838,5.027932960893855,17.318435754189945,77.6536312849162,66.4804469273743,11.1731843575419
E00190132,140,45,12,33,95,82,13,32.142857142857146,8.571428571428571,23.57142857142857,67.85714285714286,58.57142857142858,9.285714285714286
E00190134,190,43,9,34,147,137,10,22.63157894736842,4.736842105263158,17.894736842105264,77.36842105263158,72.10526315789474,5.263157894736842
E00190135,48,20,6,14,28,25,3,41.66666666666667,12.5,29.166666666666668,58.333333333333336,52.083333333333336,6.25
E00190136,165,40,9,31,125,112,13,24.242424242424242,5.454545454545454,18.787878787878785,75.75757575757575,67.87878787878789,7.878787878787878
E00190137,210,46,10,36,164,137,27,21.904761904761905,4.761904761904762,17.142857142857142,78.0952380952381,65.23809523809524,12.857142857142856
E00190138,99,41,10,31,58,50,8,41.41414141414141,10.1010101010101,31.313131313131315,58.58585858585859,50.505050505050505,8.080808080808081
E00190139,217,24,9,15,193,155,38,11.059907834101383,4.147465437788019,6.912442396313365,88.94009216589862,71.42857142857143,17.51152073732719
E00190140,209,50,17,33,159,131,28,23.923444976076556,8.133971291866029,15.789473684210526,76.07655502392345,62.67942583732058,13.397129186602871
E00190141,110,32,7,25,78,68,10,29.09090909090909,6.363636363636363,22.727272727272727,70.9090909090909,61.81818181818181,9.090909090909092
E00190142,118,31,12,19,87,56,31,26.27118644067797,10.16949152542373,16.101694915254235,73.72881355932203,47.45762711864407,26.27118644067797
