OA,ts0590001,ts0590002,ts0590003,ts0590004,ts0590005,ts0590006,ts0590007,ts0590002_PCT,ts0590003_PCT,ts0590004_PCT,ts0590005_PCT,ts0590006_PCT,ts0590007_PCT
E00024141,162,44,13,31,118,104,14,27.160493827160494,8.024691358024691,19.1358024691358,72.8395061728395,64.19753086419753,8.641975308641975
E00024142,128,45,15,30,83,65,18,35.15625,11.71875,23.4375,64.84375,50.78125,14.0625
E00024143,172,57,19,38,115,106,9,33.13953488372093,11.046511627906977,22.093023255813954,66.86046511627907,61.627906976744185,5.232558139534884
E00024144,135,50,16,34,85,74,11,37.03703703703704,11.851851851851853,25.185185185185183,62.96296296296296,54.81481481481482,8.148148148148149
E00024145,169,53,17,36,116,99,17,31.360946745562128,10.059171597633137,21.301775147928996,68.63905325443787,58.57988165680473,10.059171597633137
E00024146,122,53,17,36,69,62,7,43.44262295081967,13.934426229508196,29.508196721311474,56.557377049180324,50.81967213114754,5.737704918032787
E00024147,140,45,15,30,95,85,10,32.142857142857146,10.714285714285714,21.428571428571427,67.85714285714286,60.71428571428571,7.142857142857142
E00024148,194,60,18,42,134,118,16,30.927835051546392,9.278350515463918,21.649484536082475,69.0721649484536,60.824742268041234,8.24742268041237
E00024150,101,37,8,29,64,56,8,36.633663366336634,7.920792079207921,28.71287128712871,63.366336633663366,55.44554455445545,7.920792079207921
E00024151,149,47,17,30,102,91,11,31.543624161073826,11.409395973154362,20.13422818791946,68.45637583892618,61.07382550335571,7.38255033557047
E00024152,96,32,9,23,64,50,14,33.33333333333333,9.375,23.958333333333336,66.66666666666666,52.083333333333336,14.583333333333334
E00024153,145,53,14,39,92,85,7,36.55172413793103,9.655172413793103,26.89655172413793,63.44827586206897,58.620689655172406,4.827586206896552
E00024154,160,51,14,37,109,100,9,31.874999999999996,8.75,23.125,68.125,62.5,5.625
E00024155,122,41,14,27,81,72,9,33.60655737704918,11.475409836065573,22.131147540983605,66.39344262295081,59.01639344262295,7.377049180327869
E00024156,140,49,19,30,91,78,13,35,13.571428571428571,21.428571428571427,65,55.714285714285715,9.285714285714286
E00024157,161,71,17,54,90,81,9,44.099378881987576,10.559006211180124,33.54037267080746,55.90062111801242,50.31055900621118,5.590062111801243
E00024158,121,53,14,39,68,56,12,43.80165289256198,11.570247933884298,32.231404958677686,56.19834710743802,46.28099173553719,9.917355371900827
E00024159,83,29,11,18,54,46,8,34.93975903614458,13.253012048192772,21.686746987951807,65.06024096385542,55.42168674698795,9.63855421686747
E00024160,137,51,12,39,86,82,4,37.22627737226277,8.75912408759124,28.467153284671532,62.77372262773723,59.854014598540154,2.9197080291970803
E00024161,173,55,17,38,118,112,6,31.79190751445087,9.826589595375722,21.965317919075144,68.20809248554913,64.73988439306359,3.4682080924855487
E00024162,160,53,9,44,107,96,11,33.125,5.625,27.500000000000004,66.875,60,6.875000000000001
E00024163,104,36,7,29,68,50,18,34.61538461538461,6.730769230769231,27.884615384615387,65.38461538461539,48.07692307692308,17.307692307692307
E00024164,211,63,20,43,148,129,19,29.85781990521327,9.47867298578199,20.379146919431278,70.14218009478674,61.137440758293835,9.004739336492891
E00024165,52,15,0,15,37,27,10,28.846153846153843,0,28.846153846153843,71.15384615384616,51.92307692307693,19.230769230769234
E00024166,151,48,17,31,103,96,7,31.788079470198678,11.258278145695364,20.52980132450331,68.21192052980133,63.576158940397356,4.635761589403973
E00024167,131,29,9,20,102,89,13,22.137404580152673,6.870229007633588,15.267175572519085,77.86259541984732,67.93893129770993,9.923664122137405
E00024168,126,39,16,23,87,78,9,30.952380952380953,12.698412698412698,18.253968253968253,69.04761904761905,61.904761904761905,7.142857142857142
E00024169,94,26,0,26,68,60,8,27.659574468085108,0,27.659574468085108,72.3404255319149,63.829787234042556,8.51063829787234
E00024170,120,38,10,28,82,75,7,31.666666666666664,8.333333333333332,23.333333333333332,68.33333333333333,62.5,5.833333333333333
E00024171,197,50,17,33,147,127,20,25.380710659898476,8.629441624365482,16.751269035532996,74.61928934010153,64.46700507614213,10.152284263959391
E00024172,127,42,13,29,85,80,5,33.07086614173229,10.236220472440944,22.83464566929134,66.92913385826772,62.99212598425197,3.937007874015748
E00024173,72,24,5,19,48,42,6,33.33333333333333,6.944444444444445,26.38888888888889,66.66666666666666,58.333333333333336,8.333333333333332
E00024175,146,67,20,47,79,70,9,45.89041095890411,13.698630136986301,32.19178082191781,54.109589041095894,47.94520547945205,6.164383561643835
E00024176,159,36,11,25,123,106,17,22.641509433962266,6.918238993710692,15.723270440251572,77.35849056603774,66.66666666666666,10.69182389937107
E00024177,234,67,18,49,167,155,12,28.63247863247863,7.6923076923076925,20.94017094017094,71.36752136752136,66.23931623931624,5.128205128205128
E00024178,184,59,23,36,125,105,20,32.065217391304344,12.5,19.565217391304348,67.93478260869566,57.065217391304344,10.869565217391305
E00024179,184,64,22,42,120,96,24,34.78260869565217,11.956521739130435,22.82608695652174,65.21739130434783,52.17391304347826,13.043478260869565
E00024180,174,50,25,25,124,102,22,28.735632183908045,14.367816091954023,14.367816091954023,71.26436781609196,58.620689655172406,12.643678160919542
E00024181,132,45,12,33,87,71,16,34.090909090909086,9.090909090909092,25,65.9090909090909,53.78787878787878,12.121212121212121
E00024182,106,22,14,8,84,75,9,20.754716981132077,13.20754716981132,7.547169811320755,79.24528301886792,70.75471698113208,8.49056603773585
E00024183,238,63,20,43,175,144,31,26.47058823529412,8.403361344537815,18.067226890756302,73.52941176470588,60.50420168067227,13.025210084033615
E00024184,143,46,21,25,97,80,17,32.16783216783217,14.685314685314685,17.482517482517483,67.83216783216784,55.94405594405595,11.888111888111888
E00024185,89,33,10,23,56,47,9,37.07865168539326,11.235955056179774,25.842696629213485,62.92134831460674,52.80898876404494,10.112359550561797
E00024186,143,38,14,24,105,94,11,26.573426573426573,9.79020979020979,16.783216783216783,73.42657342657343,65.73426573426573,7.6923076923076925
E00024187,159,40,12,28,119,108,11,25.157232704402517,7.547169811320755,17.61006289308176,74.84276729559748,67.9245283018868,6.918238993710692
E00024188,127,33,12,21,94,68,26,25.984251968503933,9.448818897637794,16.535433070866144,74.01574803149606,53.54330708661418,20.47244094488189
E00024190,77,24,3,21,53,46,7,31.16883116883117,3.896103896103896,27.27272727272727,68.83116883116884,59.74025974025974,9.090909090909092
E00024191,111,43,20,23,68,59,9,38.73873873873874,18.01801801801802,20.72072072072072,61.261261261261254,53.153153153153156,8.108108108108109
E00024192,248,64,19,45,184,162,22,25.806451612903224,7.661290322580645,18.14516129032258,74.19354838709677,65.32258064516128,8.870967741935484
E00024193,164,47,16,31,117,96,21,28.65853658536585,9.75609756097561,18.902439024390244,71.34146341463415,58.536585365853654,12.804878048780488
E00024194,141,40,11,29,101,86,15,28.368794326241137,7.801418439716312,20.56737588652482,71.63120567375887,60.99290780141844,10.638297872340425
E00024195,129,39,12,27,90,84,6,30.23255813953488,9.30232558139535,20.930232558139537,69.76744186046511,65.11627906976744,4.651162790697675
E00024196,128,37,17,20,91,80,11,28.90625,13.28125,15.625,71.09375,62.5,8.59375
E00024197,140,37,8,29,103,96,7,26.42857142857143,5.714285714285714,20.714285714285715,73.57142857142858,68.57142857142857,5
E00024198,129,40,11,29,89,75,14,31.007751937984494,8.527131782945736,22.48062015503876,68.9922480620155,58.139534883720934,10.852713178294573
E00024200,155,43,16,27,112,92,20,27.741935483870968,10.32258064516129,17.419354838709676,72.25806451612902,59.354838709677416,12.903225806451612
E00024201,155,36,13,23,119,104,15,23.225806451612904,8.38709677419355,14.838709677419354,76.77419354838709,67.0967741935484,9.67741935483871
E00024202,162,39,12,27,123,112,11,24.074074074074073,7.4074074074074066,16.666666666666664,75.92592592592592,69.1358024691358,6.790123456790123
E00024203,141,35,8,27,106,87,19,24.822695035460992,5.673758865248227,19.148936170212767,75.177304964539,61.702127659574465,13.47517730496454
E00024204,113,40,12,28,73,64,9,35.39823008849557,10.619469026548673,24.778761061946902,64.60176991150442,56.63716814159292,7.964601769911504
E00024205,143,35,10,25,108,89,19,24.475524475524477,6.993006993006993,17.482517482517483,75.52447552447552,62.23776223776224,13.286713286713287
E00024206,104,23,3,20,81,73,8,22.115384615384613,2.8846153846153846,19.230769230769234,77.88461538461539,70.1923076923077,7.6923076923076925
E00024207,175,60,16,44,115,104,11,34.285714285714285,9.142857142857142,25.142857142857146,65.71428571428571,59.42857142857143,6.2857142857142865
E00024208,278,79,28,51,199,172,27,28.41726618705036,10.071942446043165,18.345323741007196,71.58273381294964,61.87050359712231,9.712230215827338
E00024210,152,42,14,28,110,105,5,27.631578947368425,9.210526315789473,18.421052631578945,72.36842105263158,69.07894736842105,3.289473684210526
E00024211,146,42,11,31,104,93,11,28.767123287671232,7.534246575342466,21.232876712328768,71.23287671232876,63.6986301369863,7.534246575342466
E00024212,147,36,13,23,111,102,9,24.489795918367346,8.843537414965986,15.646258503401361,75.51020408163265,69.38775510204081,6.122448979591836
E00024213,100,30,12,18,70,65,5,30,12,18,70,65,5
E00024215,161,52,14,38,109,97,12,32.298136645962735,8.695652173913043,23.60248447204969,67.70186335403726,60.24844720496895,7.453416149068323
E00024216,181,63,21,42,118,112,6,34.806629834254146,11.602209944751381,23.204419889502763,65.19337016574586,61.87845303867403,3.314917127071823
E00024217,154,48,13,35,106,98,8,31.16883116883117,8.441558441558442,22.727272727272727,68.83116883116884,63.63636363636363,5.194805194805195
E00024218,140,30,9,21,110,98,12,21.428571428571427,6.428571428571428,15,78.57142857142857,70,8.571428571428571
E00024219,285,82,35,47,203,181,22,28.771929824561404,12.280701754385964,16.49122807017544,71.2280701754386,63.50877192982456,7.719298245614035
E00024220,96,25,3,22,71,64,7,26.041666666666668,3.125,22.916666666666664,73.95833333333334,66.66666666666666,7.291666666666667
E00024221,118,23,10,13,95,86,9,19.491525423728813,8.47457627118644,11.016949152542372,80.50847457627118,72.88135593220339,7.627118644067797
E00024222,234,55,14,41,179,156,23,23.504273504273502,5.982905982905983,17.52136752136752,76.49572649572649,66.66666666666666,9.82905982905983
E00024223,235,61,22,39,174,153,21,25.957446808510635,9.361702127659575,16.595744680851062,74.04255319148936,65.1063829787234,8.936170212765958
E00024224,172,48,18,30,124,102,22,27.906976744186046,10.465116279069768,17.441860465116278,72.09302325581395,59.30232558139535,12.790697674418606
E00024225,264,62,19,43,202,171,31,23.484848484848484,7.196969696969697,16.28787878787879,76.51515151515152,64.77272727272727,11.742424242424242
E00024226,131,40,11,29,91,78,13,30.53435114503817,8.396946564885496,22.137404580152673,69.46564885496184,59.541984732824424,9.923664122137405
E00024227,144,38,17,21,106,89,17,26.38888888888889,11.805555555555555,14.583333333333334,73.61111111111111,61.80555555555556,11.805555555555555
E00024228,158,39,8,31,119,95,24,24.68354430379747,5.063291139240507,19.62025316455696,75.31645569620254,60.12658227848101,15.18987341772152
E00024229,113,40,14,26,73,62,11,35.39823008849557,12.389380530973451,23.008849557522122,64.60176991150442,54.86725663716814,9.734513274336283
E00024230,104,42,9,33,62,55,7,40.38461538461539,8.653846153846153,31.73076923076923,59.61538461538461,52.88461538461539,6.730769230769231
E00024231,120,29,11,18,91,79,12,24.166666666666668,9.166666666666666,15,75.83333333333333,65.83333333333333,10
E00024232,73,29,8,21,44,41,3,39.726027397260275,10.95890410958904,28.767123287671232,60.273972602739725,56.16438356164384,4.10958904109589
E00024233,167,51,15,36,116,107,9,30.538922155688624,8.982035928143713,21.55688622754491,69.46107784431138,64.07185628742515,5.389221556886228
E00024234,170,54,23,31,116,95,21,31.76470588235294,13.529411764705882,18.235294117647058,68.23529411764706,55.88235294117647,12.352941176470589
E00024235,133,55,20,35,78,73,5,41.35338345864661,15.037593984962406,26.31578947368421,58.64661654135338,54.88721804511278,3.7593984962406015
E00024236,174,43,16,27,131,118,13,24.71264367816092,9.195402298850574,15.517241379310345,75.28735632183908,67.81609195402298,7.471264367816093
E00024237,129,40,9,31,89,81,8,31.007751937984494,6.976744186046512,24.031007751937985,68.9922480620155,62.7906976744186,6.2015503875969
E00024238,118,32,17,15,86,74,12,27.11864406779661,14.40677966101695,12.711864406779661,72.88135593220339,62.71186440677966,10.16949152542373
E00024239,165,53,16,37,112,103,9,32.121212121212125,9.696969696969697,22.424242424242426,67.87878787878789,62.42424242424243,5.454545454545454
E00024240,117,37,7,30,80,69,11,31.62393162393162,5.982905982905983,25.64102564102564,68.37606837606837,58.97435897435898,9.401709401709402
E00024241,138,34,11,23,104,90,14,24.637681159420293,7.971014492753622,16.666666666666664,75.36231884057972,65.21739130434783,10.144927536231885
E00024242,71,15,5,10,56,47,9,21.12676056338028,7.042253521126761,14.084507042253522,78.87323943661971,66.19718309859155,12.676056338028168
E00024243,109,27,8,19,82,72,10,24.770642201834864,7.339449541284404,17.431192660550458,75.22935779816514,66.05504587155964,9.174311926605505
E00024244,128,40,12,28,88,79,9,31.25,9.375,21.875,68.75,61.71875,7.03125
E00024245,98,20,6,14,78,66,12,20.408163265306122,6.122448979591836,14.285714285714285,79.59183673469387,67.3469387755102,12.244897959183673
E00024246,107,30,8,22,77,67,10,28.037383177570092,7.476635514018691,20.5607476635514,71.96261682242991,62.616822429906534,9.345794392523365
E00024247,118,40,13,27,78,65,13,33.89830508474576,11.016949152542372,22.88135593220339,66.10169491525424,55.08474576271186,11.016949152542372
E00024248,113,31,9,22,82,73,9,27.43362831858407,7.964601769911504,19.469026548672566,72.56637168141593,64.60176991150442,7.964601769911504
E00024249,178,48,15,33,130,114,16,26.96629213483146,8.426966292134832,18.53932584269663,73.03370786516854,64.04494382022472,8.98876404494382
E00024250,129,39,15,24,90,83,7,30.23255813953488,11.627906976744185,18.6046511627907,69.76744186046511,64.34108527131784,5.426356589147287
E00024251,149,47,18,29,102,89,13,31.543624161073826,12.080536912751679,19.463087248322147,68.45637583892618,59.73154362416108,8.724832214765101
E00024252,180,33,11,22,147,128,19,18.333333333333332,6.111111111111111,12.222222222222221,81.66666666666667,71.11111111111111,10.555555555555555
E00024253,111,32,6,26,79,69,10,28.82882882882883,5.405405405405405,23.423423423423422,71.17117117117117,62.16216216216216,9.00900900900901
E00024254,73,31,7,24,42,33,9,42.465753424657535,9.58904109589041,32.87671232876712,57.534246575342465,45.20547945205479,12.32876712328767
E00024255,127,31,12,19,96,84,12,24.409448818897637,9.448818897637794,14.960629921259844,75.59055118110236,66.14173228346458,9.448818897637794
E00024256,110,36,9,27,74,67,7,32.72727272727273,8.181818181818182,24.545454545454547,67.27272727272727,60.909090909090914,6.363636363636363
E00024257,102,35,12,23,67,61,6,34.31372549019608,11.76470588235294,22.54901960784314,65.68627450980392,59.80392156862745,5.88235294117647
E00024258,106,32,7,25,74,66,8,30.18867924528302,6.60377358490566,23.58490566037736,69.81132075471697,62.264150943396224,7.547169811320755
E00024259,153,49,27,22,104,84,20,32.02614379084967,17.647058823529413,14.37908496732026,67.97385620915033,54.90196078431373,13.071895424836603
E00024260,109,24,10,14,85,70,15,22.018348623853214,9.174311926605505,12.844036697247708,77.98165137614679,64.22018348623854,13.761467889908257
E00024261,136,42,19,23,94,75,19,30.88235294117647,13.970588235294118,16.911764705882355,69.11764705882352,55.14705882352941,13.970588235294118
E00024262,128,34,11,23,94,83,11,26.5625,8.59375,17.96875,73.4375,64.84375,8.59375
E00024263,169,43,18,25,126,107,19,25.443786982248522,10.650887573964498,14.792899408284024,74.55621301775149,63.31360946745562,11.242603550295858
E00024264,136,35,16,19,101,92,9,25.735294117647058,11.76470588235294,13.970588235294118,74.26470588235294,67.64705882352942,6.61764705882353
E00024265,121,36,11,25,85,69,16,29.75206611570248,9.090909090909092,20.66115702479339,70.24793388429752,57.02479338842975,13.223140495867769
E00024266,166,42,12,30,124,107,17,25.301204819277107,7.228915662650602,18.072289156626507,74.69879518072288,64.45783132530121,10.240963855421686
E00024267,136,34,7,27,102,88,14,25,5.147058823529411,19.852941176470587,75,64.70588235294117,10.294117647058822
E00024268,106,34,14,20,72,62,10,32.075471698113205,13.20754716981132,18.867924528301888,67.9245283018868,58.490566037735846,9.433962264150944
E00024269,156,56,24,32,100,85,15,35.8974358974359,15.384615384615385,20.51282051282051,64.1025641025641,54.48717948717948,9.615384615384617
E00024270,108,25,1,24,83,70,13,23.14814814814815,0.9259259259259258,22.22222222222222,76.85185185185185,64.81481481481481,12.037037037037036
E00024271,113,34,11,23,79,71,8,30.08849557522124,9.734513274336283,20.353982300884958,69.91150442477876,62.83185840707964,7.079646017699115
E00024272,70,26,10,16,44,39,5,37.142857142857146,14.285714285714285,22.857142857142858,62.857142857142854,55.714285714285715,7.142857142857142
E00024273,104,29,8,21,75,62,13,27.884615384615387,7.6923076923076925,20.192307692307693,72.11538461538461,59.61538461538461,12.5
E00024274,120,37,16,21,83,66,17,30.833333333333336,13.333333333333334,17.5,69.16666666666667,55.00000000000001,14.166666666666666
E00024275,111,38,13,25,73,65,8,34.234234234234236,11.711711711711711,22.52252252252252,65.76576576576578,58.55855855855856,7.207207207207207
E00024276,117,50,15,35,67,61,6,42.73504273504273,12.82051282051282,29.914529914529915,57.26495726495726,52.13675213675214,5.128205128205128
E00024277,114,29,7,22,85,75,10,25.438596491228072,6.140350877192982,19.298245614035086,74.56140350877193,65.78947368421053,8.771929824561402
E00024278,169,52,15,37,117,105,12,30.76923076923077,8.875739644970414,21.893491124260358,69.23076923076923,62.1301775147929,7.100591715976331
E00024279,91,28,3,25,63,58,5,30.76923076923077,3.296703296703297,27.472527472527474,69.23076923076923,63.73626373626373,5.4945054945054945
E00024280,146,50,12,38,96,90,6,34.24657534246575,8.21917808219178,26.027397260273972,65.75342465753424,61.64383561643836,4.10958904109589
E00024281,152,46,16,30,106,98,8,30.263157894736842,10.526315789473683,19.736842105263158,69.73684210526315,64.47368421052632,5.263157894736842
E00024282,206,45,12,33,161,146,15,21.844660194174757,5.825242718446602,16.019417475728158,78.15533980582524,70.87378640776699,7.281553398058252
E00024283,86,37,14,23,49,42,7,43.02325581395349,16.27906976744186,26.744186046511626,56.97674418604651,48.837209302325576,8.13953488372093
E00024284,128,54,17,37,74,71,3,42.1875,13.28125,28.90625,57.8125,55.46875,2.34375
E00024285,118,39,12,27,79,72,7,33.05084745762712,10.16949152542373,22.88135593220339,66.94915254237289,61.016949152542374,5.932203389830509
E00024286,110,35,11,24,75,68,7,31.818181818181817,10,21.818181818181817,68.18181818181817,61.81818181818181,6.363636363636363
E00024287,120,45,15,30,75,64,11,37.5,12.5,25,62.5,53.333333333333336,9.166666666666666
E00024288,153,63,17,46,90,82,8,41.17647058823529,11.11111111111111,30.065359477124183,58.82352941176471,53.59477124183007,5.228758169934641
E00024289,154,42,18,24,112,101,11,27.27272727272727,11.688311688311687,15.584415584415584,72.72727272727273,65.5844155844156,7.142857142857142
E00024290,41,8,3,5,33,30,3,19.51219512195122,7.317073170731707,12.195121951219512,80.48780487804879,73.17073170731707,7.317073170731707
E00024291,134,46,10,36,88,78,10,34.32835820895522,7.462686567164178,26.865671641791046,65.67164179104478,58.2089552238806,7.462686567164178
E00024292,133,39,10,29,94,84,10,29.32330827067669,7.518796992481203,21.804511278195488,70.67669172932331,63.1578947368421,7.518796992481203
E00024293,143,36,12,24,107,99,8,25.174825174825177,8.391608391608392,16.783216783216783,74.82517482517483,69.23076923076923,5.594405594405594
E00024294,151,40,9,31,111,102,9,26.490066225165563,5.960264900662252,20.52980132450331,73.50993377483444,67.54966887417218,5.960264900662252
E00024295,149,46,16,30,103,94,9,30.87248322147651,10.738255033557047,20.13422818791946,69.12751677852349,63.08724832214765,6.0402684563758395
E00024296,105,32,7,25,73,68,5,30.476190476190478,6.666666666666667,23.809523809523807,69.52380952380952,64.76190476190476,4.761904761904762
E00024297,123,39,9,30,84,81,3,31.70731707317073,7.317073170731707,24.390243902439025,68.29268292682927,65.85365853658537,2.4390243902439024
E00024298,124,40,12,28,84,73,11,32.25806451612903,9.67741935483871,22.58064516129032,67.74193548387096,58.87096774193549,8.870967741935484
E00024299,111,36,9,27,75,62,13,32.432432432432435,8.108108108108109,24.324324324324326,67.56756756756756,55.85585585585585,11.711711711711711
E00024300,172,58,16,42,114,103,11,33.72093023255814,9.30232558139535,24.418604651162788,66.27906976744185,59.883720930232556,6.395348837209303
E00024301,74,24,4,20,50,44,6,32.432432432432435,5.405405405405405,27.027027027027028,67.56756756756756,59.45945945945946,8.108108108108109
E00024302,88,35,15,20,53,49,4,39.77272727272727,17.045454545454543,22.727272727272727,60.22727272727273,55.68181818181818,4.545454545454546
E00024303,91,29,7,22,62,58,4,31.868131868131865,7.6923076923076925,24.175824175824175,68.13186813186813,63.73626373626373,4.395604395604396
E00024304,107,27,9,18,80,70,10,25.233644859813083,8.411214953271028,16.822429906542055,74.76635514018692,65.42056074766354,9.345794392523365
E00024305,139,43,10,33,96,83,13,30.935251798561154,7.1942446043165464,23.741007194244602,69.06474820143885,59.71223021582733,9.352517985611511
E00024306,100,28,6,22,72,67,5,28.000000000000004,6,22,72,67,5
E00024307,85,31,5,26,54,47,7,36.470588235294116,5.88235294117647,30.58823529411765,63.52941176470588,55.294117647058826,8.235294117647058
E00024308,160,46,8,38,114,103,11,28.749999999999996,5,23.75,71.25,64.375,6.875000000000001
E00024309,95,35,13,22,60,55,5,36.84210526315789,13.684210526315791,23.157894736842106,63.1578947368421,57.89473684210527,5.263157894736842
E00024310,144,34,7,27,110,97,13,23.61111111111111,4.861111111111112,18.75,76.38888888888889,67.36111111111111,9.027777777777777
E00024311,188,50,14,36,138,124,14,26.595744680851062,7.446808510638298,19.148936170212767,73.40425531914893,65.95744680851064,7.446808510638298
E00024312,146,38,4,34,108,99,9,26.027397260273972,2.73972602739726,23.28767123287671,73.97260273972603,67.8082191780822,6.164383561643835
E00024314,138,36,8,28,102,85,17,26.08695652173913,5.797101449275362,20.28985507246377,73.91304347826086,61.59420289855072,12.318840579710146
E00024315,84,28,4,24,56,49,7,33.33333333333333,4.761904761904762,28.57142857142857,66.66666666666666,58.333333333333336,8.333333333333332
E00024316,99,30,11,19,69,63,6,30.303030303030305,11.11111111111111,19.19191919191919,69.6969696969697,63.63636363636363,6.0606060606060606
E00024317,124,45,19,26,79,65,14,36.29032258064516,15.32258064516129,20.967741935483872,63.70967741935484,52.41935483870967,11.29032258064516
E00024318,134,39,10,29,95,89,6,29.1044776119403,7.462686567164178,21.641791044776117,70.8955223880597,66.4179104477612,4.477611940298507
E00024319,240,53,21,32,187,157,30,22.083333333333332,8.75,13.333333333333334,77.91666666666667,65.41666666666667,12.5
E00024320,117,37,15,22,80,63,17,31.62393162393162,12.82051282051282,18.803418803418804,68.37606837606837,53.84615384615385,14.529914529914532
E00024321,144,36,10,26,108,91,17,25,6.944444444444445,18.055555555555554,75,63.19444444444444,11.805555555555555
E00024322,194,51,15,36,143,121,22,26.288659793814436,7.731958762886598,18.556701030927837,73.71134020618557,62.371134020618555,11.34020618556701
E00024323,130,46,12,34,84,69,15,35.38461538461539,9.230769230769232,26.153846153846157,64.61538461538461,53.07692307692308,11.538461538461538
E00024324,176,38,13,25,138,120,18,21.59090909090909,7.386363636363637,14.204545454545455,78.4090909090909,68.18181818181817,10.227272727272728
E00024325,138,42,16,26,96,82,14,30.434782608695656,11.594202898550725,18.84057971014493,69.56521739130434,59.42028985507246,10.144927536231885
E00024326,133,38,12,26,95,91,4,28.57142857142857,9.022556390977442,19.548872180451127,71.42857142857143,68.42105263157895,3.007518796992481
E00024327,102,29,9,20,73,65,8,28.431372549019606,8.823529411764707,19.607843137254903,71.56862745098039,63.725490196078425,7.8431372549019605
E00024328,124,33,8,25,91,83,8,26.61290322580645,6.451612903225806,20.161290322580644,73.38709677419355,66.93548387096774,6.451612903225806
E00024329,244,60,15,45,184,156,28,24.59016393442623,6.147540983606557,18.442622950819672,75.40983606557377,63.934426229508205,11.475409836065573
E00024330,95,26,13,13,69,61,8,27.368421052631582,13.684210526315791,13.684210526315791,72.63157894736842,64.21052631578948,8.421052631578947
E00024331,182,48,13,35,134,122,12,26.373626373626376,7.142857142857142,19.230769230769234,73.62637362637363,67.03296703296702,6.593406593406594
E00024332,194,45,13,32,149,131,18,23.195876288659793,6.701030927835052,16.49484536082474,76.80412371134021,67.5257731958763,9.278350515463918
E00024333,126,45,14,31,81,73,8,35.714285714285715,11.11111111111111,24.6031746031746,64.28571428571429,57.936507936507944,6.349206349206349
E00024334,139,30,10,20,109,99,10,21.58273381294964,7.1942446043165464,14.388489208633093,78.41726618705036,71.22302158273382,7.1942446043165464
E00024335,125,35,15,20,90,78,12,28.000000000000004,12,16,72,62.4,9.6
E00024336,154,38,16,22,116,88,28,24.675324675324674,10.38961038961039,14.285714285714285,75.32467532467533,57.14285714285714,18.181818181818183
E00024337,159,43,11,32,116,99,17,27.044025157232703,6.918238993710692,20.125786163522015,72.95597484276729,62.264150943396224,10.69182389937107
E00024338,132,46,10,36,86,79,7,34.84848484848485,7.575757575757576,27.27272727272727,65.15151515151516,59.84848484848485,5.303030303030303
E00024339,138,41,14,27,97,90,7,29.71014492753623,10.144927536231885,19.565217391304348,70.28985507246377,65.21739130434783,5.072463768115942
E00024340,202,58,13,45,144,129,15,28.71287128712871,6.435643564356436,22.277227722772277,71.28712871287128,63.86138613861386,7.425742574257425
E00024341,132,27,7,20,105,99,6,20.454545454545457,5.303030303030303,15.151515151515152,79.54545454545455,75,4.545454545454546
E00024342,141,50,15,35,91,82,9,35.46099290780142,10.638297872340425,24.822695035460992,64.53900709219859,58.156028368794324,6.382978723404255
E00024343,102,28,9,19,74,71,3,27.450980392156865,8.823529411764707,18.627450980392158,72.54901960784314,69.6078431372549,2.941176470588235
E00024344,135,43,13,30,92,88,4,31.851851851851855,9.62962962962963,22.22222222222222,68.14814814814815,65.18518518518519,2.9629629629629632
E00024345,102,31,6,25,71,67,4,30.392156862745097,5.88235294117647,24.509803921568626,69.6078431372549,65.68627450980392,3.9215686274509802
E00024346,99,30,4,26,69,61,8,30.303030303030305,4.040404040404041,26.262626262626267,69.6969696969697,61.61616161616161,8.080808080808081
E00024347,151,50,18,32,101,81,20,33.11258278145696,11.920529801324504,21.192052980132452,66.88741721854305,53.64238410596026,13.245033112582782
E00024348,138,26,7,19,112,96,16,18.84057971014493,5.072463768115942,13.768115942028986,81.15942028985508,69.56521739130434,11.594202898550725
E00024349,162,43,12,31,119,99,20,26.543209876543212,7.4074074074074066,19.1358024691358,73.4567901234568,61.111111111111114,12.345679012345679
E00024350,104,33,12,21,71,60,11,31.73076923076923,11.538461538461538,20.192307692307693,68.26923076923077,57.692307692307686,10.576923076923077
E00024351,178,50,12,38,128,101,27,28.08988764044944,6.741573033707865,21.34831460674157,71.91011235955057,56.74157303370787,15.168539325842698
E00024352,154,40,10,30,114,95,19,25.97402597402597,6.493506493506493,19.480519480519483,74.02597402597402,61.68831168831169,12.337662337662337
E00024353,101,22,6,16,79,71,8,21.782178217821784,5.9405940594059405,15.841584158415841,78.21782178217822,70.29702970297029,7.920792079207921
E00024354,149,41,17,24,108,81,27,27.516778523489933,11.409395973154362,16.10738255033557,72.48322147651007,54.36241610738255,18.120805369127517
E00024355,161,53,17,36,108,93,15,32.91925465838509,10.559006211180124,22.36024844720497,67.08074534161491,57.7639751552795,9.316770186335404
E00024356,225,50,11,39,175,147,28,22.22222222222222,4.888888888888889,17.333333333333336,77.77777777777779,65.33333333333333,12.444444444444445
E00024357,138,40,14,26,98,80,18,28.985507246376812,10.144927536231885,18.84057971014493,71.01449275362319,57.971014492753625,13.043478260869565
E00024358,94,30,9,21,64,55,9,31.914893617021278,9.574468085106384,22.340425531914892,68.08510638297872,58.51063829787234,9.574468085106384
E00024359,237,64,23,41,173,152,21,27.004219409282697,9.70464135021097,17.29957805907173,72.9957805907173,64.13502109704642,8.860759493670885
E00024360,133,31,12,19,102,85,17,23.308270676691727,9.022556390977442,14.285714285714285,76.69172932330827,63.90977443609023,12.781954887218044
E00024361,160,48,23,25,112,91,21,30,14.374999999999998,15.625,70,56.875,13.125
E00024362,143,39,16,23,104,82,22,27.27272727272727,11.188811188811188,16.083916083916083,72.72727272727273,57.34265734265735,15.384615384615385
E00024363,174,45,15,30,129,113,16,25.862068965517242,8.620689655172415,17.24137931034483,74.13793103448276,64.9425287356322,9.195402298850574
E00024364,130,34,9,25,96,81,15,26.153846153846157,6.923076923076923,19.230769230769234,73.84615384615385,62.30769230769231,11.538461538461538
E00024365,152,38,12,26,114,102,12,25,7.894736842105263,17.105263157894736,75,67.10526315789474,7.894736842105263
E00024366,105,52,8,44,53,49,4,49.523809523809526,7.6190476190476195,41.904761904761905,50.476190476190474,46.666666666666664,3.8095238095238098
E00024367,157,86,22,64,71,64,7,54.77707006369427,14.012738853503185,40.76433121019109,45.22292993630573,40.76433121019109,4.45859872611465
E00024369,137,58,19,39,79,74,5,42.33576642335766,13.86861313868613,28.467153284671532,57.66423357664233,54.01459854014598,3.64963503649635
E00024370,186,84,25,59,102,95,7,45.16129032258064,13.440860215053762,31.72043010752688,54.83870967741935,51.075268817204304,3.763440860215054
E00024371,122,51,12,39,71,64,7,41.80327868852459,9.836065573770492,31.967213114754102,58.19672131147541,52.459016393442624,5.737704918032787
E00024372,138,51,10,41,87,79,8,36.95652173913043,7.246376811594203,29.71014492753623,63.04347826086957,57.2463768115942,5.797101449275362
E00024373,91,50,15,35,41,36,5,54.94505494505495,16.483516483516482,38.46153846153847,45.05494505494506,39.56043956043956,5.4945054945054945
E00024374,93,41,7,34,52,48,4,44.086021505376344,7.526881720430108,36.55913978494624,55.91397849462365,51.61290322580645,4.301075268817205
E00024375,152,73,19,54,79,71,8,48.026315789473685,12.5,35.526315789473685,51.973684210526315,46.71052631578947,5.263157894736842
E00024376,162,67,16,51,95,87,8,41.358024691358025,9.876543209876543,31.48148148148148,58.64197530864198,53.70370370370371,4.938271604938271
E00024377,103,55,10,45,48,48,0,53.398058252427184,9.70873786407767,43.689320388349515,46.601941747572816,46.601941747572816,0
E00024378,185,97,22,75,88,77,11,52.43243243243243,11.891891891891893,40.54054054054054,47.56756756756757,41.62162162162162,5.9459459459459465
E00024379,156,76,18,58,80,68,12,48.717948717948715,11.538461538461538,37.17948717948718,51.28205128205128,43.58974358974359,7.6923076923076925
E00024380,113,50,13,37,63,52,11,44.24778761061947,11.504424778761061,32.743362831858406,55.75221238938053,46.017699115044245,9.734513274336283
E00024381,128,51,22,29,77,67,10,39.84375,17.1875,22.65625,60.15625,52.34375,7.8125
E00024383,141,50,14,36,91,81,10,35.46099290780142,9.929078014184398,25.53191489361702,64.53900709219859,57.446808510638306,7.092198581560284
E00024384,115,61,16,45,54,45,9,53.04347826086957,13.91304347826087,39.130434782608695,46.95652173913044,39.130434782608695,7.82608695652174
E00024385,156,51,13,38,105,93,12,32.69230769230769,8.333333333333332,24.358974358974358,67.3076923076923,59.61538461538461,7.6923076923076925
E00024386,212,70,17,53,142,117,25,33.0188679245283,8.018867924528301,25,66.98113207547169,55.188679245283026,11.79245283018868
E00024387,188,97,27,70,91,85,6,51.59574468085106,14.361702127659576,37.234042553191486,48.40425531914894,45.21276595744681,3.1914893617021276
E00024388,131,48,6,42,83,73,10,36.6412213740458,4.580152671755725,32.06106870229007,63.358778625954194,55.72519083969466,7.633587786259542
E00024389,178,54,15,39,124,106,18,30.337078651685395,8.426966292134832,21.910112359550563,69.66292134831461,59.55056179775281,10.112359550561797
E00024391,117,46,17,29,71,63,8,39.31623931623932,14.529914529914532,24.786324786324787,60.68376068376068,53.84615384615385,6.837606837606838
E00024392,182,79,24,55,103,97,6,43.40659340659341,13.186813186813188,30.21978021978022,56.59340659340659,53.2967032967033,3.296703296703297
E00024394,115,36,12,24,79,67,12,31.30434782608696,10.434782608695652,20.869565217391305,68.69565217391305,58.26086956521739,10.434782608695652
E00024395,122,42,7,35,80,69,11,34.42622950819672,5.737704918032787,28.688524590163933,65.57377049180327,56.557377049180324,9.01639344262295
E00024396,119,50,14,36,69,61,8,42.016806722689076,11.76470588235294,30.252100840336134,57.98319327731093,51.26050420168067,6.722689075630252
E00024397,119,48,9,39,71,63,8,40.33613445378151,7.563025210084033,32.773109243697476,59.66386554621849,52.94117647058824,6.722689075630252
E00024398,202,56,12,44,146,138,8,27.722772277227726,5.9405940594059405,21.782178217821784,72.27722772277228,68.31683168316832,3.9603960396039604
E00024399,143,36,11,25,107,95,12,25.174825174825177,7.6923076923076925,17.482517482517483,74.82517482517483,66.43356643356644,8.391608391608392
E00024400,128,54,26,28,74,68,6,42.1875,20.3125,21.875,57.8125,53.125,4.6875
E00024401,228,72,24,48,156,138,18,31.57894736842105,10.526315789473683,21.052631578947366,68.42105263157895,60.526315789473685,7.894736842105263
E00024402,136,37,14,23,99,93,6,27.205882352941174,10.294117647058822,16.911764705882355,72.79411764705883,68.38235294117648,4.411764705882353
E00024403,71,24,5,19,47,47,0,33.80281690140845,7.042253521126761,26.76056338028169,66.19718309859155,66.19718309859155,0
E00024404,138,34,7,27,104,99,5,24.637681159420293,5.072463768115942,19.565217391304348,75.36231884057972,71.73913043478261,3.6231884057971016
E00024405,175,91,24,67,84,78,6,52,13.714285714285715,38.285714285714285,48,44.57142857142857,3.428571428571429
E00024406,127,62,15,47,65,61,4,48.818897637795274,11.811023622047244,37.00787401574803,51.181102362204726,48.031496062992126,3.149606299212598
E00024407,144,57,19,38,87,82,5,39.58333333333333,13.194444444444445,26.38888888888889,60.416666666666664,56.94444444444444,3.4722222222222223
E00024408,155,78,21,57,77,61,16,50.32258064516129,13.548387096774196,36.774193548387096,49.67741935483871,39.35483870967742,10.32258064516129
E00024409,178,85,32,53,93,90,3,47.752808988764045,17.97752808988764,29.775280898876407,52.24719101123596,50.56179775280899,1.6853932584269662
E00024410,162,70,21,49,92,87,5,43.20987654320987,12.962962962962962,30.246913580246915,56.79012345679012,53.70370370370371,3.0864197530864197
E00024411,199,92,25,67,107,98,9,46.231155778894475,12.562814070351758,33.66834170854271,53.768844221105525,49.246231155778894,4.522613065326634
E00024412,112,47,9,38,65,56,9,41.964285714285715,8.035714285714286,33.92857142857143,58.03571428571429,50,8.035714285714286
E00024413,186,67,13,54,119,113,6,36.02150537634409,6.989247311827956,29.03225806451613,63.97849462365591,60.752688172043015,3.225806451612903
E00024416,34,9,3,6,25,19,6,26.47058823529412,8.823529411764707,17.647058823529413,73.52941176470588,55.88235294117647,17.647058823529413
E00024417,126,61,22,39,65,59,6,48.41269841269841,17.46031746031746,30.952380952380953,51.587301587301596,46.82539682539682,4.761904761904762
E00024418,101,44,13,31,57,53,4,43.56435643564357,12.871287128712872,30.693069306930692,56.43564356435643,52.475247524752476,3.9603960396039604
E00024419,146,79,24,55,67,66,1,54.109589041095894,16.43835616438356,37.67123287671233,45.89041095890411,45.20547945205479,0.684931506849315
E00024420,72,37,6,31,35,35,0,51.388888888888886,8.333333333333332,43.05555555555556,48.61111111111111,48.61111111111111,0
E00024421,74,36,5,31,38,36,2,48.64864864864865,6.756756756756757,41.891891891891895,51.35135135135135,48.64864864864865,2.7027027027027026
E00024422,178,84,23,61,94,85,9,47.19101123595505,12.921348314606742,34.26966292134831,52.80898876404494,47.752808988764045,5.056179775280898
E00024423,162,80,23,57,82,76,6,49.382716049382715,14.19753086419753,35.18518518518518,50.617283950617285,46.913580246913575,3.7037037037037033
E00024424,116,43,12,31,73,67,6,37.06896551724138,10.344827586206897,26.72413793103448,62.93103448275862,57.758620689655174,5.172413793103448
E00024425,69,34,17,17,35,35,0,49.275362318840585,24.637681159420293,24.637681159420293,50.72463768115942,50.72463768115942,0
E00024426,94,43,12,31,51,43,8,45.744680851063826,12.76595744680851,32.97872340425532,54.25531914893617,45.744680851063826,8.51063829787234
E00024427,82,37,11,26,45,42,3,45.1219512195122,13.414634146341465,31.70731707317073,54.87804878048781,51.21951219512195,3.6585365853658534
E00024428,122,50,13,37,72,67,5,40.98360655737705,10.655737704918032,30.327868852459016,59.01639344262295,54.91803278688525,4.098360655737705
E00024429,158,64,21,43,94,87,7,40.50632911392405,13.291139240506327,27.21518987341772,59.49367088607595,55.06329113924051,4.430379746835443
E00024430,64,30,6,24,34,34,0,46.875,9.375,37.5,53.125,53.125,0
E00024431,55,27,7,20,28,27,1,49.09090909090909,12.727272727272727,36.36363636363637,50.90909090909091,49.09090909090909,1.8181818181818181
E00024432,40,12,6,6,28,27,1,30,15,15,70,67.5,2.5
E00024433,49,23,4,19,26,21,5,46.93877551020408,8.16326530612245,38.775510204081634,53.06122448979592,42.857142857142854,10.204081632653061
E00024434,123,60,19,41,63,56,7,48.78048780487805,15.447154471544716,33.33333333333333,51.21951219512195,45.52845528455284,5.691056910569105
E00024435,81,43,9,34,38,35,3,53.086419753086425,11.11111111111111,41.9753086419753,46.913580246913575,43.20987654320987,3.7037037037037033
E00024436,120,50,16,34,70,69,1,41.66666666666667,13.333333333333334,28.333333333333332,58.333333333333336,57.49999999999999,0.8333333333333334
E00024437,83,32,7,25,51,46,5,38.55421686746988,8.433734939759036,30.120481927710845,61.44578313253012,55.42168674698795,6.024096385542169
E00024438,69,20,7,13,49,44,5,28.985507246376812,10.144927536231885,18.84057971014493,71.01449275362319,63.76811594202898,7.246376811594203
E00024439,29,8,5,3,21,18,3,27.586206896551722,17.24137931034483,10.344827586206897,72.41379310344827,62.06896551724138,10.344827586206897
E00024440,89,27,9,18,62,54,8,30.337078651685395,10.112359550561797,20.224719101123593,69.66292134831461,60.67415730337079,8.98876404494382
E00024441,77,31,12,19,46,42,4,40.25974025974026,15.584415584415584,24.675324675324674,59.74025974025974,54.54545454545454,5.194805194805195
E00024442,153,52,9,43,101,92,9,33.98692810457516,5.88235294117647,28.104575163398692,66.01307189542483,60.130718954248366,5.88235294117647
E00024443,158,87,21,66,71,71,0,55.06329113924051,13.291139240506327,41.77215189873418,44.936708860759495,44.936708860759495,0
E00024444,89,32,11,21,57,53,4,35.95505617977528,12.359550561797752,23.595505617977526,64.04494382022472,59.55056179775281,4.49438202247191
E00024445,133,43,11,32,90,81,9,32.33082706766917,8.270676691729323,24.06015037593985,67.66917293233082,60.902255639097746,6.7669172932330826
E00024446,102,50,14,36,52,48,4,49.01960784313725,13.725490196078432,35.294117647058826,50.98039215686274,47.05882352941176,3.9215686274509802
E00024447,208,82,22,60,126,114,12,39.42307692307692,10.576923076923077,28.846153846153843,60.57692307692307,54.807692307692314,5.769230769230769
E00024448,134,51,7,44,83,78,5,38.059701492537314,5.223880597014925,32.83582089552239,61.940298507462686,58.2089552238806,3.731343283582089
E00024449,140,48,20,28,92,83,9,34.285714285714285,14.285714285714285,20,65.71428571428571,59.285714285714285,6.428571428571428
E00024450,148,78,23,55,70,62,8,52.702702702702695,15.54054054054054,37.16216216216216,47.2972972972973,41.891891891891895,5.405405405405405
E00024451,136,51,10,41,85,78,7,37.5,7.352941176470589,30.14705882352941,62.5,57.35294117647059,5.147058823529411
E00024452,145,65,21,44,80,73,7,44.827586206896555,14.482758620689657,30.344827586206897,55.172413793103445,50.3448275862069,4.827586206896552
E00024453,127,70,21,49,57,53,4,55.118110236220474,16.535433070866144,38.582677165354326,44.881889763779526,41.732283464566926,3.149606299212598
E00024454,133,68,25,43,65,59,6,51.127819548872175,18.796992481203006,32.33082706766917,48.87218045112782,44.3609022556391,4.511278195488721
E00024455,125,61,21,40,64,56,8,48.8,16.8,32,51.2,44.800000000000004,6.4
E00024456,148,70,23,47,78,70,8,47.2972972972973,15.54054054054054,31.756756756756754,52.702702702702695,47.2972972972973,5.405405405405405
E00024457,138,52,17,35,86,72,14,37.68115942028986,12.318840579710146,25.36231884057971,62.31884057971014,52.17391304347826,10.144927536231885
E00024458,69,27,8,19,42,38,4,39.130434782608695,11.594202898550725,27.536231884057973,60.86956521739131,55.072463768115945,5.797101449275362
E00024459,128,54,15,39,74,70,4,42.1875,11.71875,30.46875,57.8125,54.6875,3.125
E00024460,116,43,9,34,73,63,10,37.06896551724138,7.758620689655173,29.310344827586203,62.93103448275862,54.310344827586206,8.620689655172415
E00024461,119,56,13,43,63,60,3,47.05882352941176,10.92436974789916,36.134453781512605,52.94117647058824,50.42016806722689,2.5210084033613445
E00024462,117,58,17,41,59,56,3,49.572649572649574,14.529914529914532,35.04273504273504,50.427350427350426,47.863247863247864,2.564102564102564
E00024463,161,52,13,39,109,93,16,32.298136645962735,8.074534161490684,24.22360248447205,67.70186335403726,57.7639751552795,9.937888198757763
E00024464,112,47,14,33,65,54,11,41.964285714285715,12.5,29.464285714285715,58.03571428571429,48.214285714285715,9.821428571428571
E00024465,139,47,9,38,92,88,4,33.81294964028777,6.474820143884892,27.33812949640288,66.18705035971223,63.30935251798561,2.877697841726619
E00024466,130,37,5,32,93,81,12,28.46153846153846,3.8461538461538463,24.615384615384617,71.53846153846153,62.30769230769231,9.230769230769232
E00024467,117,47,16,31,70,64,6,40.17094017094017,13.675213675213676,26.495726495726498,59.82905982905983,54.700854700854705,5.128205128205128
E00024468,140,47,9,38,93,83,10,33.57142857142857,6.428571428571428,27.142857142857142,66.42857142857143,59.285714285714285,7.142857142857142
E00024469,158,70,13,57,88,76,12,44.303797468354425,8.227848101265822,36.075949367088604,55.69620253164557,48.10126582278481,7.59493670886076
E00024470,174,54,9,45,120,113,7,31.03448275862069,5.172413793103448,25.862068965517242,68.96551724137932,64.9425287356322,4.022988505747127
E00024471,81,24,5,19,57,51,6,29.629629629629626,6.172839506172839,23.456790123456788,70.37037037037037,62.96296296296296,7.4074074074074066
E00024472,165,53,17,36,112,102,10,32.121212121212125,10.303030303030303,21.818181818181817,67.87878787878789,61.81818181818181,6.0606060606060606
E00024473,163,53,14,39,110,100,10,32.515337423312886,8.588957055214724,23.92638036809816,67.48466257668711,61.34969325153374,6.134969325153374
E00024474,113,39,7,32,74,67,7,34.51327433628318,6.1946902654867255,28.31858407079646,65.48672566371681,59.29203539823009,6.1946902654867255
E00024475,188,74,21,53,114,102,12,39.361702127659576,11.170212765957446,28.191489361702125,60.63829787234043,54.25531914893617,6.382978723404255
E00024476,163,49,12,37,114,104,10,30.061349693251532,7.361963190184049,22.699386503067483,69.93865030674846,63.80368098159509,6.134969325153374
E00024477,149,39,13,26,110,99,11,26.174496644295303,8.724832214765101,17.449664429530202,73.8255033557047,66.44295302013423,7.38255033557047
E00024478,154,54,21,33,100,88,12,35.064935064935064,13.636363636363635,21.428571428571427,64.93506493506493,57.14285714285714,7.792207792207792
E00024479,104,28,5,23,76,63,13,26.923076923076923,4.807692307692308,22.115384615384613,73.07692307692307,60.57692307692307,12.5
E00024480,157,48,15,33,109,87,22,30.573248407643312,9.554140127388536,21.019108280254777,69.42675159235668,55.4140127388535,14.012738853503185
E00024481,178,55,21,34,123,98,25,30.89887640449438,11.797752808988763,19.101123595505616,69.10112359550563,55.0561797752809,14.04494382022472
E00024482,154,43,15,28,111,88,23,27.92207792207792,9.740259740259742,18.181818181818183,72.07792207792207,57.14285714285714,14.935064935064934
E00024483,67,24,7,17,43,38,5,35.82089552238806,10.44776119402985,25.37313432835821,64.17910447761194,56.71641791044776,7.462686567164178
E00024484,154,63,16,47,91,83,8,40.909090909090914,10.38961038961039,30.519480519480517,59.09090909090909,53.896103896103895,5.194805194805195
E00024485,164,57,16,41,107,94,13,34.756097560975604,9.75609756097561,25,65.2439024390244,57.3170731707317,7.926829268292683
E00024486,85,34,10,24,51,45,6,40,11.76470588235294,28.235294117647058,60,52.94117647058824,7.0588235294117645
E00024487,175,61,19,42,114,107,7,34.85714285714286,10.857142857142858,24,65.14285714285715,61.142857142857146,4
E00024488,113,28,11,17,85,62,23,24.778761061946902,9.734513274336283,15.04424778761062,75.22123893805309,54.86725663716814,20.353982300884958
E00024489,124,35,13,22,89,65,24,28.225806451612907,10.483870967741936,17.741935483870968,71.7741935483871,52.41935483870967,19.35483870967742
E00024490,95,31,8,23,64,59,5,32.631578947368425,8.421052631578947,24.210526315789473,67.36842105263158,62.10526315789474,5.263157894736842
E00024491,156,42,10,32,114,87,27,26.923076923076923,6.41025641025641,20.51282051282051,73.07692307692307,55.769230769230774,17.307692307692307
E00024492,96,36,11,25,60,50,10,37.5,11.458333333333332,26.041666666666668,62.5,52.083333333333336,10.416666666666668
E00024493,140,45,17,28,95,85,10,32.142857142857146,12.142857142857142,20,67.85714285714286,60.71428571428571,7.142857142857142
E00024494,97,32,11,21,65,52,13,32.98969072164948,11.34020618556701,21.649484536082475,67.0103092783505,53.608247422680414,13.402061855670103
E00024495,121,42,11,31,79,75,4,34.710743801652896,9.090909090909092,25.6198347107438,65.28925619834712,61.98347107438017,3.3057851239669422
E00024496,90,28,8,20,62,57,5,31.11111111111111,8.88888888888889,22.22222222222222,68.88888888888889,63.33333333333333,5.555555555555555
E00024497,113,45,15,30,68,57,11,39.823008849557525,13.274336283185843,26.548672566371685,60.17699115044248,50.442477876106196,9.734513274336283
E00024498,174,70,21,49,104,91,13,40.229885057471265,12.068965517241379,28.160919540229884,59.77011494252874,52.29885057471264,7.471264367816093
E00024499,103,45,13,32,58,52,6,43.689320388349515,12.62135922330097,31.06796116504854,56.310679611650485,50.48543689320388,5.825242718446602
E00024500,141,62,17,45,79,63,16,43.97163120567376,12.056737588652481,31.914893617021278,56.02836879432624,44.680851063829785,11.347517730496454
E00024501,99,38,15,23,61,57,4,38.38383838383838,15.151515151515152,23.232323232323232,61.61616161616161,57.57575757575758,4.040404040404041
E00024502,142,65,21,44,77,69,8,45.774647887323944,14.788732394366196,30.985915492957744,54.22535211267606,48.59154929577465,5.633802816901409
E00024503,195,46,18,28,149,135,14,23.589743589743588,9.230769230769232,14.358974358974358,76.41025641025641,69.23076923076923,7.179487179487179
E00024504,159,59,17,42,100,89,11,37.10691823899371,10.69182389937107,26.41509433962264,62.893081761006286,55.9748427672956,6.918238993710692
E00024505,203,67,22,45,136,122,14,33.004926108374384,10.83743842364532,22.167487684729064,66.99507389162561,60.09852216748769,6.896551724137931
E00024506,152,55,18,37,97,89,8,36.18421052631579,11.842105263157894,24.342105263157894,63.81578947368421,58.55263157894737,5.263157894736842
E00024507,163,52,16,36,111,97,14,31.901840490797547,9.815950920245399,22.085889570552148,68.09815950920245,59.50920245398773,8.588957055214724
E00024508,108,34,5,29,74,65,9,31.48148148148148,4.62962962962963,26.851851851851855,68.51851851851852,60.18518518518518,8.333333333333332
E00024509,69,27,5,22,42,39,3,39.130434782608695,7.246376811594203,31.88405797101449,60.86956521739131,56.52173913043478,4.3478260869565215
E00024510,157,37,12,25,120,111,9,23.56687898089172,7.643312101910828,15.92356687898089,76.43312101910828,70.70063694267516,5.7324840764331215
E00024511,108,35,7,28,73,68,5,32.407407407407405,6.481481481481481,25.925925925925924,67.5925925925926,62.96296296296296,4.62962962962963
E00024512,99,37,10,27,62,61,1,37.37373737373738,10.1010101010101,27.27272727272727,62.62626262626263,61.61616161616161,1.0101010101010102
E00024513,122,52,9,43,70,63,7,42.62295081967213,7.377049180327869,35.24590163934426,57.377049180327866,51.63934426229508,5.737704918032787
E00024514,93,36,11,25,57,51,6,38.70967741935484,11.827956989247312,26.881720430107524,61.29032258064516,54.83870967741935,6.451612903225806
E00024515,126,46,9,37,80,75,5,36.507936507936506,7.142857142857142,29.365079365079367,63.49206349206349,59.523809523809526,3.968253968253968
E00024516,126,42,16,26,84,77,7,33.33333333333333,12.698412698412698,20.634920634920633,66.66666666666666,61.111111111111114,5.555555555555555
E00024517,131,35,8,27,96,89,7,26.717557251908396,6.106870229007633,20.610687022900763,73.2824427480916,67.93893129770993,5.343511450381679
E00024518,160,55,20,35,105,82,23,34.375,12.5,21.875,65.625,51.24999999999999,14.374999999999998
E00024519,150,44,8,36,106,97,9,29.333333333333332,5.333333333333334,24,70.66666666666667,64.66666666666666,6
E00024520,169,53,17,36,116,93,23,31.360946745562128,10.059171597633137,21.301775147928996,68.63905325443787,55.02958579881657,13.609467455621301
E00024521,108,23,12,11,85,73,12,21.296296296296298,11.11111111111111,10.185185185185185,78.70370370370371,67.5925925925926,11.11111111111111
E00024522,143,37,13,24,106,96,10,25.874125874125873,9.090909090909092,16.783216783216783,74.12587412587412,67.13286713286713,6.993006993006993
E00024523,138,45,12,33,93,76,17,32.608695652173914,8.695652173913043,23.91304347826087,67.3913043478261,55.072463768115945,12.318840579710146
E00024524,113,36,10,26,77,65,12,31.858407079646017,8.849557522123893,23.008849557522122,68.14159292035397,57.52212389380531,10.619469026548673
E00024525,117,39,16,23,78,64,14,33.33333333333333,13.675213675213676,19.65811965811966,66.66666666666666,54.700854700854705,11.965811965811966
E00024526,153,40,9,31,113,100,13,26.143790849673206,5.88235294117647,20.26143790849673,73.8562091503268,65.359477124183,8.49673202614379
E00024527,168,51,20,31,117,93,24,30.357142857142854,11.904761904761903,18.452380952380953,69.64285714285714,55.35714285714286,14.285714285714285
E00024528,156,46,17,29,110,90,20,29.48717948717949,10.897435897435898,18.58974358974359,70.51282051282051,57.692307692307686,12.82051282051282
E00024529,151,42,12,30,109,90,19,27.81456953642384,7.9470198675496695,19.867549668874172,72.18543046357617,59.60264900662252,12.582781456953644
E00024530,152,50,18,32,102,80,22,32.89473684210527,11.842105263157894,21.052631578947366,67.10526315789474,52.63157894736842,14.473684210526317
E00024531,164,55,20,35,109,75,34,33.53658536585366,12.195121951219512,21.341463414634145,66.46341463414635,45.73170731707317,20.73170731707317
E00024532,126,33,18,15,93,75,18,26.190476190476193,14.285714285714285,11.904761904761903,73.80952380952381,59.523809523809526,14.285714285714285
E00024533,145,51,28,23,94,75,19,35.172413793103445,19.310344827586206,15.862068965517242,64.82758620689654,51.724137931034484,13.10344827586207
E00024535,240,84,23,61,156,123,33,35,9.583333333333334,25.416666666666664,65,51.24999999999999,13.750000000000002
E00024536,147,42,19,23,105,87,18,28.57142857142857,12.925170068027212,15.646258503401361,71.42857142857143,59.183673469387756,12.244897959183673
E00024537,61,20,3,17,41,37,4,32.78688524590164,4.918032786885246,27.86885245901639,67.21311475409836,60.65573770491803,6.557377049180328
E00024538,157,65,24,41,92,85,7,41.40127388535032,15.286624203821656,26.11464968152866,58.59872611464968,54.14012738853503,4.45859872611465
E00024539,58,22,8,14,36,35,1,37.93103448275862,13.793103448275861,24.137931034482758,62.06896551724138,60.3448275862069,1.7241379310344827
E00024540,160,74,24,50,86,84,2,46.25,15,31.25,53.75,52.5,1.25
E00024541,176,90,29,61,86,78,8,51.13636363636363,16.477272727272727,34.659090909090914,48.86363636363637,44.31818181818182,4.545454545454546
E00024542,92,20,9,11,72,64,8,21.73913043478261,9.782608695652174,11.956521739130435,78.26086956521739,69.56521739130434,8.695652173913043
E00024543,77,23,7,16,54,54,0,29.87012987012987,9.090909090909092,20.77922077922078,70.12987012987013,70.12987012987013,0
E00024544,148,63,20,43,85,76,9,42.567567567567565,13.513513513513514,29.054054054054053,57.432432432432435,51.35135135135135,6.081081081081082
E00024545,92,33,13,20,59,52,7,35.869565217391305,14.130434782608695,21.73913043478261,64.13043478260869,56.52173913043478,7.608695652173914
E00024546,83,36,9,27,47,46,1,43.373493975903614,10.843373493975903,32.53012048192771,56.62650602409639,55.42168674698795,1.2048192771084338
E00024547,79,26,7,19,53,49,4,32.91139240506329,8.860759493670885,24.050632911392405,67.08860759493672,62.0253164556962,5.063291139240507
E00024548,125,52,13,39,73,64,9,41.6,10.4,31.2,58.4,51.2,7.199999999999999
E00024551,152,79,22,57,73,70,3,51.973684210526315,14.473684210526317,37.5,48.026315789473685,46.05263157894737,1.9736842105263157
E00024552,155,70,26,44,85,85,0,45.16129032258064,16.7741935483871,28.387096774193548,54.83870967741935,54.83870967741935,0
E00024553,159,78,24,54,81,75,6,49.056603773584904,15.09433962264151,33.9622641509434,50.943396226415096,47.16981132075472,3.7735849056603774
E00024554,149,75,23,52,74,73,1,50.33557046979866,15.436241610738255,34.899328859060404,49.664429530201346,48.99328859060403,0.6711409395973155
E00024555,70,33,7,26,37,32,5,47.14285714285714,10,37.142857142857146,52.85714285714286,45.714285714285715,7.142857142857142
E00024556,126,50,18,32,76,74,2,39.682539682539684,14.285714285714285,25.396825396825395,60.317460317460316,58.730158730158735,1.5873015873015872
E00024557,142,59,19,40,83,75,8,41.54929577464789,13.380281690140844,28.169014084507044,58.45070422535211,52.816901408450704,5.633802816901409
E00024558,93,47,9,38,46,42,4,50.53763440860215,9.67741935483871,40.86021505376344,49.46236559139785,45.16129032258064,4.301075268817205
E00024559,153,77,23,54,76,73,3,50.326797385620914,15.032679738562091,35.294117647058826,49.673202614379086,47.712418300653596,1.9607843137254901
E00024560,140,68,22,46,72,69,3,48.57142857142857,15.714285714285714,32.857142857142854,51.42857142857142,49.28571428571429,2.142857142857143
E00024561,206,101,35,66,105,98,7,49.029126213592235,16.990291262135923,32.038834951456316,50.970873786407765,47.57281553398058,3.3980582524271843
E00024562,148,57,13,44,91,87,4,38.513513513513516,8.783783783783784,29.72972972972973,61.48648648648649,58.78378378378378,2.7027027027027026
E00024563,144,67,14,53,77,75,2,46.52777777777778,9.722222222222223,36.80555555555556,53.47222222222222,52.083333333333336,1.3888888888888888
E00024565,135,57,14,43,78,60,18,42.22222222222222,10.37037037037037,31.851851851851855,57.77777777777777,44.44444444444444,13.333333333333334
E00024566,145,68,23,45,77,72,5,46.89655172413793,15.862068965517242,31.03448275862069,53.103448275862064,49.6551724137931,3.4482758620689653
E00024567,151,53,10,43,98,92,6,35.099337748344375,6.622516556291391,28.47682119205298,64.90066225165563,60.9271523178808,3.9735099337748347
E00024568,175,73,21,52,102,98,4,41.714285714285715,12,29.714285714285715,58.285714285714285,56.00000000000001,2.2857142857142856
E00024569,95,45,11,34,50,50,0,47.368421052631575,11.578947368421053,35.78947368421053,52.63157894736842,52.63157894736842,0
E00024570,141,61,20,41,80,67,13,43.262411347517734,14.184397163120568,29.078014184397162,56.73758865248227,47.5177304964539,9.219858156028367
E00024571,148,64,16,48,84,75,9,43.24324324324324,10.81081081081081,32.432432432432435,56.75675675675676,50.67567567567568,6.081081081081082
E00024572,83,21,5,16,62,55,7,25.301204819277107,6.024096385542169,19.27710843373494,74.69879518072288,66.26506024096386,8.433734939759036
E00024573,147,68,20,48,79,71,8,46.25850340136054,13.60544217687075,32.6530612244898,53.74149659863946,48.29931972789115,5.442176870748299
E00024574,123,27,8,19,96,82,14,21.951219512195124,6.504065040650407,15.447154471544716,78.04878048780488,66.66666666666666,11.38211382113821
E00024575,118,56,21,35,62,62,0,47.45762711864407,17.796610169491526,29.66101694915254,52.54237288135594,52.54237288135594,0
E00024576,151,52,8,44,99,81,18,34.437086092715234,5.298013245033113,29.13907284768212,65.56291390728477,53.64238410596026,11.920529801324504
E00024577,138,46,14,32,92,80,12,33.33333333333333,10.144927536231885,23.18840579710145,66.66666666666666,57.971014492753625,8.695652173913043
E00024578,131,40,12,28,91,78,13,30.53435114503817,9.16030534351145,21.374045801526716,69.46564885496184,59.541984732824424,9.923664122137405
E00024579,145,46,13,33,99,88,11,31.724137931034484,8.96551724137931,22.758620689655174,68.27586206896552,60.689655172413794,7.586206896551724
E00024580,120,42,7,35,78,72,6,35,5.833333333333333,29.166666666666668,65,60,5
E00024581,77,27,10,17,50,43,7,35.064935064935064,12.987012987012985,22.07792207792208,64.93506493506493,55.84415584415584,9.090909090909092
E00024582,150,53,18,35,97,87,10,35.333333333333336,12,23.333333333333332,64.66666666666666,57.99999999999999,6.666666666666667
E00024583,127,40,13,27,87,80,7,31.496062992125985,10.236220472440944,21.25984251968504,68.50393700787401,62.99212598425197,5.511811023622047
E00024584,120,59,12,47,61,52,9,49.166666666666664,10,39.166666666666664,50.83333333333333,43.333333333333336,7.5
E00024585,189,52,14,38,137,127,10,27.513227513227513,7.4074074074074066,20.105820105820104,72.4867724867725,67.1957671957672,5.291005291005291
E00024586,123,48,15,33,75,63,12,39.02439024390244,12.195121951219512,26.82926829268293,60.97560975609756,51.21951219512195,9.75609756097561
E00024587,75,27,6,21,48,39,9,36,8,28.000000000000004,64,52,12
E00024588,129,43,12,31,86,86,0,33.33333333333333,9.30232558139535,24.031007751937985,66.66666666666666,66.66666666666666,0
E00024589,170,46,13,33,124,105,19,27.058823529411764,7.647058823529412,19.411764705882355,72.94117647058823,61.76470588235294,11.176470588235295
E00024590,146,48,16,32,98,79,19,32.87671232876712,10.95890410958904,21.91780821917808,67.12328767123287,54.109589041095894,13.013698630136986
E00024591,148,38,13,25,110,100,10,25.675675675675674,8.783783783783784,16.89189189189189,74.32432432432432,67.56756756756756,6.756756756756757
E00024592,143,43,12,31,100,88,12,30.069930069930066,8.391608391608392,21.678321678321677,69.93006993006993,61.53846153846154,8.391608391608392
E00024593,83,19,10,9,64,54,10,22.89156626506024,12.048192771084338,10.843373493975903,77.10843373493977,65.06024096385542,12.048192771084338
E00024594,67,19,6,13,48,45,3,28.35820895522388,8.955223880597014,19.402985074626866,71.64179104477611,67.16417910447761,4.477611940298507
E00024595,139,42,13,29,97,94,3,30.215827338129497,9.352517985611511,20.863309352517987,69.7841726618705,67.62589928057554,2.158273381294964
E00024596,99,35,7,28,64,54,10,35.35353535353536,7.07070707070707,28.28282828282828,64.64646464646465,54.54545454545454,10.1010101010101
E00024597,121,31,11,20,90,76,14,25.6198347107438,9.090909090909092,16.528925619834713,74.3801652892562,62.8099173553719,11.570247933884298
E00024598,94,37,8,29,57,57,0,39.361702127659576,8.51063829787234,30.851063829787233,60.63829787234043,60.63829787234043,0
E00024599,91,27,9,18,64,58,6,29.67032967032967,9.89010989010989,19.78021978021978,70.32967032967034,63.73626373626373,6.593406593406594
E00024600,148,33,9,24,115,108,7,22.2972972972973,6.081081081081082,16.216216216216218,77.7027027027027,72.97297297297297,4.72972972972973
E00024601,242,72,16,56,170,153,17,29.75206611570248,6.6115702479338845,23.140495867768596,70.24793388429752,63.22314049586777,7.024793388429752
E00024602,142,40,12,28,102,94,8,28.169014084507044,8.450704225352112,19.718309859154928,71.83098591549296,66.19718309859155,5.633802816901409
E00024603,91,32,8,24,59,53,6,35.16483516483517,8.791208791208792,26.373626373626376,64.83516483516483,58.24175824175825,6.593406593406594
E00024604,170,47,11,36,123,112,11,27.647058823529413,6.470588235294119,21.176470588235293,72.35294117647058,65.88235294117646,6.470588235294119
E00024605,220,73,20,53,147,131,16,33.18181818181819,9.090909090909092,24.09090909090909,66.81818181818183,59.54545454545455,7.2727272727272725
E00024606,169,46,17,29,123,107,16,27.218934911242602,10.059171597633137,17.159763313609467,72.7810650887574,63.31360946745562,9.467455621301776
E00024607,97,26,7,19,71,67,4,26.804123711340207,7.216494845360824,19.587628865979383,73.19587628865979,69.0721649484536,4.123711340206185
E00024608,140,36,7,29,104,93,11,25.71428571428571,5,20.714285714285715,74.28571428571429,66.42857142857143,7.857142857142857
E00024609,81,32,13,19,49,48,1,39.50617283950617,16.049382716049383,23.456790123456788,60.49382716049383,59.25925925925925,1.2345679012345678
E00024610,135,54,20,34,81,65,16,40,14.814814814814813,25.185185185185183,60,48.148148148148145,11.851851851851853
E00024611,113,43,14,29,70,63,7,38.05309734513274,12.389380530973451,25.663716814159294,61.94690265486725,55.75221238938053,6.1946902654867255
E00024612,255,78,25,53,177,164,13,30.58823529411765,9.803921568627452,20.784313725490197,69.41176470588235,64.31372549019608,5.098039215686274
E00024613,114,47,16,31,67,61,6,41.228070175438596,14.035087719298245,27.192982456140353,58.77192982456141,53.50877192982456,5.263157894736842
E00024614,137,39,14,25,98,88,10,28.467153284671532,10.218978102189782,18.248175182481752,71.53284671532847,64.23357664233576,7.2992700729927
E00024615,93,40,16,24,53,48,5,43.01075268817204,17.20430107526882,25.806451612903224,56.98924731182796,51.61290322580645,5.376344086021505
E00024616,124,44,10,34,80,68,12,35.483870967741936,8.064516129032258,27.419354838709676,64.51612903225806,54.83870967741935,9.67741935483871
E00024617,118,43,20,23,75,68,7,36.440677966101696,16.94915254237288,19.491525423728813,63.559322033898304,57.6271186440678,5.932203389830509
E00024618,113,28,11,17,85,73,12,24.778761061946902,9.734513274336283,15.04424778761062,75.22123893805309,64.60176991150442,10.619469026548673
E00024619,124,42,11,31,82,77,5,33.87096774193548,8.870967741935484,25,66.12903225806451,62.096774193548384,4.032258064516129
E00024620,179,66,21,45,113,104,9,36.87150837988827,11.731843575418994,25.139664804469277,63.128491620111724,58.10055865921788,5.027932960893855
E00024621,147,63,17,46,84,75,9,42.857142857142854,11.564625850340136,31.292517006802722,57.14285714285714,51.02040816326531,6.122448979591836
E00024622,111,31,8,23,80,70,10,27.927927927927925,7.207207207207207,20.72072072072072,72.07207207207207,63.06306306306306,9.00900900900901
E00024623,153,56,18,38,97,86,11,36.60130718954248,11.76470588235294,24.836601307189543,63.39869281045751,56.209150326797385,7.18954248366013
E00024624,168,79,16,63,89,89,0,47.023809523809526,9.523809523809524,37.5,52.976190476190474,52.976190476190474,0
E00024625,184,75,26,49,109,102,7,40.76086956521739,14.130434782608695,26.6304347826087,59.2391304347826,55.434782608695656,3.804347826086957
E00024626,209,72,22,50,137,123,14,34.44976076555024,10.526315789473683,23.923444976076556,65.55023923444976,58.85167464114832,6.698564593301436
E00024627,154,52,19,33,102,95,7,33.76623376623377,12.337662337662337,21.428571428571427,66.23376623376623,61.68831168831169,4.545454545454546
E00024628,114,47,20,27,67,55,12,41.228070175438596,17.543859649122805,23.684210526315788,58.77192982456141,48.24561403508772,10.526315789473683
E00024629,118,38,17,21,80,68,12,32.20338983050847,14.40677966101695,17.796610169491526,67.79661016949152,57.6271186440678,10.16949152542373
E00024630,137,44,12,32,93,86,7,32.11678832116788,8.75912408759124,23.357664233576642,67.88321167883211,62.77372262773723,5.109489051094891
E00024631,114,47,20,27,67,66,1,41.228070175438596,17.543859649122805,23.684210526315788,58.77192982456141,57.89473684210527,0.8771929824561403
E00024632,133,46,6,40,87,79,8,34.58646616541353,4.511278195488721,30.075187969924812,65.41353383458647,59.3984962406015,6.015037593984962
E00024633,146,71,13,58,75,67,8,48.63013698630137,8.904109589041095,39.726027397260275,51.369863013698634,45.89041095890411,5.47945205479452
E00024634,149,60,13,47,89,77,12,40.26845637583892,8.724832214765101,31.543624161073826,59.73154362416108,51.67785234899329,8.053691275167784
E00024635,154,41,15,26,113,98,15,26.623376623376622,9.740259740259742,16.883116883116884,73.37662337662337,63.63636363636363,9.740259740259742
E00024636,232,57,18,39,175,161,14,24.568965517241377,7.758620689655173,16.810344827586206,75.43103448275862,69.39655172413794,6.0344827586206895
E00024637,92,29,5,24,63,56,7,31.521739130434785,5.434782608695652,26.08695652173913,68.47826086956522,60.86956521739131,7.608695652173914
E00024638,155,39,16,23,116,103,13,25.161290322580644,10.32258064516129,14.838709677419354,74.83870967741936,66.45161290322581,8.38709677419355
E00024639,121,32,9,23,89,83,6,26.446280991735538,7.43801652892562,19.00826446280992,73.55371900826447,68.59504132231406,4.958677685950414
E00024640,105,39,13,26,66,61,5,37.142857142857146,12.380952380952381,24.761904761904763,62.857142857142854,58.0952380952381,4.761904761904762
E00024641,104,29,9,20,75,71,4,27.884615384615387,8.653846153846153,19.230769230769234,72.11538461538461,68.26923076923077,3.8461538461538463
E00024642,115,41,16,25,74,67,7,35.65217391304348,13.91304347826087,21.73913043478261,64.34782608695652,58.26086956521739,6.086956521739131
E00024643,131,31,7,24,100,89,11,23.66412213740458,5.343511450381679,18.3206106870229,76.33587786259542,67.93893129770993,8.396946564885496
E00024644,42,13,5,8,29,27,2,30.952380952380953,11.904761904761903,19.047619047619047,69.04761904761905,64.28571428571429,4.761904761904762
E00024645,154,64,19,45,90,82,8,41.55844155844156,12.337662337662337,29.22077922077922,58.44155844155844,53.246753246753244,5.194805194805195
E00024646,135,61,11,50,74,70,4,45.18518518518518,8.148148148148149,37.03703703703704,54.81481481481482,51.85185185185185,2.9629629629629632
E00024647,96,29,8,21,67,67,0,30.208333333333332,8.333333333333332,21.875,69.79166666666666,69.79166666666666,0
E00024648,109,48,15,33,61,57,4,44.03669724770643,13.761467889908257,30.275229357798167,55.96330275229357,52.293577981651374,3.669724770642202
E00024649,79,35,11,24,44,41,3,44.303797468354425,13.924050632911392,30.37974683544304,55.69620253164557,51.89873417721519,3.79746835443038
E00024650,129,61,14,47,68,63,5,47.286821705426355,10.852713178294573,36.434108527131784,52.71317829457365,48.837209302325576,3.875968992248062
E00024651,109,29,5,24,80,71,9,26.605504587155966,4.587155963302752,22.018348623853214,73.39449541284404,65.13761467889908,8.256880733944955
E00024652,67,24,10,14,43,39,4,35.82089552238806,14.925373134328357,20.8955223880597,64.17910447761194,58.2089552238806,5.970149253731343
E00024653,189,99,40,59,90,80,10,52.38095238095239,21.164021164021165,31.216931216931215,47.61904761904761,42.32804232804233,5.291005291005291
E00024654,136,40,8,32,96,90,6,29.411764705882355,5.88235294117647,23.52941176470588,70.58823529411765,66.17647058823529,4.411764705882353
E00024655,132,53,7,46,79,73,6,40.15151515151515,5.303030303030303,34.84848484848485,59.84848484848485,55.3030303030303,4.545454545454546
E00024656,107,50,12,38,57,49,8,46.728971962616825,11.214953271028037,35.51401869158878,53.271028037383175,45.794392523364486,7.476635514018691
E00024657,73,31,5,26,42,41,1,42.465753424657535,6.8493150684931505,35.61643835616438,57.534246575342465,56.16438356164384,1.36986301369863
E00024659,144,53,16,37,91,84,7,36.80555555555556,11.11111111111111,25.694444444444443,63.19444444444444,58.333333333333336,4.861111111111112
E00024660,14,6,3,3,8,6,2,42.857142857142854,21.428571428571427,21.428571428571427,57.14285714285714,42.857142857142854,14.285714285714285
E00024661,152,46,13,33,106,98,8,30.263157894736842,8.552631578947368,21.710526315789476,69.73684210526315,64.47368421052632,5.263157894736842
E00024662,146,43,11,32,103,92,11,29.45205479452055,7.534246575342466,21.91780821917808,70.54794520547945,63.013698630136986,7.534246575342466
E00024663,156,54,17,37,102,85,17,34.61538461538461,10.897435897435898,23.717948717948715,65.38461538461539,54.48717948717948,10.897435897435898
E00024664,152,40,13,27,112,102,10,26.31578947368421,8.552631578947368,17.763157894736842,73.68421052631578,67.10526315789474,6.578947368421052
E00024665,178,53,18,35,125,106,19,29.775280898876407,10.112359550561797,19.662921348314608,70.2247191011236,59.55056179775281,10.674157303370785
E00024666,188,60,11,49,128,118,10,31.914893617021278,5.851063829787234,26.063829787234045,68.08510638297872,62.76595744680851,5.319148936170213
E00024667,133,51,18,33,82,73,9,38.34586466165413,13.533834586466165,24.81203007518797,61.65413533834586,54.88721804511278,6.7669172932330826
E00024668,121,42,7,35,79,70,9,34.710743801652896,5.785123966942149,28.92561983471074,65.28925619834712,57.85123966942148,7.43801652892562
E00024669,141,58,6,52,83,75,8,41.13475177304964,4.25531914893617,36.87943262411347,58.86524822695035,53.191489361702125,5.673758865248227
E00024670,148,60,18,42,88,78,10,40.54054054054054,12.162162162162163,28.37837837837838,59.45945945945946,52.702702702702695,6.756756756756757
E00024671,142,62,24,38,80,77,3,43.66197183098591,16.901408450704224,26.76056338028169,56.33802816901409,54.22535211267606,2.112676056338028
E00024672,50,24,6,18,26,25,1,48,12,36,52,50,2
E00024673,138,46,13,33,92,82,10,33.33333333333333,9.420289855072465,23.91304347826087,66.66666666666666,59.42028985507246,7.246376811594203
E00024674,124,43,10,33,81,76,5,34.67741935483871,8.064516129032258,26.61290322580645,65.32258064516128,61.29032258064516,4.032258064516129
E00024675,73,28,9,19,45,38,7,38.35616438356164,12.32876712328767,26.027397260273972,61.64383561643836,52.054794520547944,9.58904109589041
E00024676,160,59,15,44,101,95,6,36.875,9.375,27.500000000000004,63.125,59.375,3.75
E00024677,140,44,10,34,96,83,13,31.428571428571427,7.142857142857142,24.285714285714285,68.57142857142857,59.285714285714285,9.285714285714286
E00024678,195,75,16,59,120,103,17,38.46153846153847,8.205128205128204,30.256410256410255,61.53846153846154,52.820512820512825,8.717948717948717
E00024679,94,45,9,36,49,44,5,47.87234042553192,9.574468085106384,38.297872340425535,52.12765957446809,46.808510638297875,5.319148936170213
E00024680,162,55,19,36,107,96,11,33.95061728395062,11.728395061728394,22.22222222222222,66.0493827160494,59.25925925925925,6.790123456790123
E00024681,182,67,20,47,115,102,13,36.81318681318682,10.989010989010989,25.82417582417583,63.18681318681318,56.043956043956044,7.142857142857142
E00024682,119,39,10,29,80,70,10,32.773109243697476,8.403361344537815,24.369747899159663,67.22689075630252,58.82352941176471,8.403361344537815
E00024683,150,59,17,42,91,89,2,39.33333333333333,11.333333333333332,28.000000000000004,60.66666666666667,59.333333333333336,1.3333333333333335
E00024684,128,53,14,39,75,69,6,41.40625,10.9375,30.46875,58.59375,53.90625,4.6875
E00024685,128,54,22,32,74,66,8,42.1875,17.1875,25,57.8125,51.5625,6.25
E00024686,169,57,14,43,112,101,11,33.72781065088758,8.284023668639055,25.443786982248522,66.27218934911244,59.76331360946746,6.508875739644971
E00024687,196,78,15,63,118,107,11,39.795918367346935,7.653061224489796,32.142857142857146,60.204081632653065,54.59183673469388,5.612244897959184
E00024688,125,31,8,23,94,80,14,24.8,6.4,18.4,75.2,64,11.200000000000001
E00024689,135,46,23,23,89,78,11,34.074074074074076,17.037037037037038,17.037037037037038,65.92592592592592,57.77777777777777,8.148148148148149
E00024690,135,47,11,36,88,80,8,34.81481481481482,8.148148148148149,26.666666666666668,65.18518518518519,59.25925925925925,5.9259259259259265
E00024691,154,50,13,37,104,86,18,32.467532467532465,8.441558441558442,24.025974025974026,67.53246753246754,55.84415584415584,11.688311688311687
E00024692,144,55,13,42,89,80,9,38.19444444444444,9.027777777777777,29.166666666666668,61.80555555555556,55.55555555555556,6.25
E00024693,123,33,4,29,90,84,6,26.82926829268293,3.2520325203252036,23.577235772357724,73.17073170731707,68.29268292682927,4.878048780487805
E00024694,111,38,14,24,73,59,14,34.234234234234236,12.612612612612612,21.62162162162162,65.76576576576578,53.153153153153156,12.612612612612612
E00024695,150,41,15,26,109,102,7,27.333333333333332,10,17.333333333333336,72.66666666666667,68,4.666666666666667
E00024696,81,21,0,21,60,55,5,25.925925925925924,0,25.925925925925924,74.07407407407408,67.90123456790124,6.172839506172839
E00024697,130,29,3,26,101,87,14,22.30769230769231,2.307692307692308,20,77.6923076923077,66.92307692307692,10.76923076923077
E00024698,175,50,10,40,125,109,16,28.57142857142857,5.714285714285714,22.857142857142858,71.42857142857143,62.28571428571429,9.142857142857142
E00024699,200,52,12,40,148,129,19,26,6,20,74,64.5,9.5
E00024700,111,29,5,24,82,71,11,26.126126126126124,4.504504504504505,21.62162162162162,73.87387387387388,63.96396396396396,9.90990990990991
E00024701,158,49,13,36,109,103,6,31.0126582278481,8.227848101265822,22.78481012658228,68.9873417721519,65.18987341772153,3.79746835443038
E00024702,142,36,10,26,106,99,7,25.352112676056336,7.042253521126761,18.30985915492958,74.64788732394366,69.71830985915493,4.929577464788732
E00024703,193,75,16,59,118,110,8,38.860103626943,8.290155440414509,30.569948186528496,61.13989637305699,56.994818652849744,4.145077720207254
E00024705,90,27,8,19,63,55,8,30,8.88888888888889,21.11111111111111,70,61.111111111111114,8.88888888888889
E00024706,151,52,15,37,99,89,10,34.437086092715234,9.933774834437086,24.503311258278146,65.56291390728477,58.94039735099338,6.622516556291391
E00024708,166,51,18,33,115,91,24,30.72289156626506,10.843373493975903,19.879518072289155,69.27710843373494,54.81927710843374,14.457831325301203
E00024709,140,41,15,26,99,86,13,29.28571428571429,10.714285714285714,18.571428571428573,70.71428571428572,61.42857142857143,9.285714285714286
E00024710,100,33,18,15,67,58,9,33,18,15,67,57.99999999999999,9
E00024711,166,44,9,35,122,110,12,26.506024096385545,5.421686746987952,21.084337349397593,73.49397590361446,66.26506024096386,7.228915662650602
E00024712,144,42,13,29,102,93,9,29.166666666666668,9.027777777777777,20.13888888888889,70.83333333333334,64.58333333333334,6.25
E00024713,71,31,11,20,40,35,5,43.66197183098591,15.492957746478872,28.169014084507044,56.33802816901409,49.29577464788733,7.042253521126761
E00024714,143,40,11,29,103,94,9,27.972027972027973,7.6923076923076925,20.27972027972028,72.02797202797203,65.73426573426573,6.293706293706294
E00024715,135,38,12,26,97,88,9,28.14814814814815,8.88888888888889,19.25925925925926,71.85185185185186,65.18518518518519,6.666666666666667
E00024716,164,45,11,34,119,108,11,27.439024390243905,6.707317073170732,20.73170731707317,72.5609756097561,65.85365853658537,6.707317073170732
E00024717,105,34,13,21,71,62,9,32.38095238095238,12.380952380952381,20,67.61904761904762,59.04761904761905,8.571428571428571
E00024718,135,42,16,26,93,76,17,31.11111111111111,11.851851851851853,19.25925925925926,68.88888888888889,56.2962962962963,12.592592592592592
E00024719,95,32,7,25,63,53,10,33.68421052631579,7.368421052631578,26.31578947368421,66.3157894736842,55.78947368421052,10.526315789473683
E00024720,117,44,11,33,73,66,7,37.60683760683761,9.401709401709402,28.205128205128204,62.39316239316239,56.41025641025641,5.982905982905983
E00024721,105,26,13,13,79,61,18,24.761904761904763,12.380952380952381,12.380952380952381,75.23809523809524,58.0952380952381,17.142857142857142
E00024722,148,33,12,21,115,91,24,22.2972972972973,8.108108108108109,14.18918918918919,77.7027027027027,61.48648648648649,16.216216216216218
E00024723,120,35,13,22,85,75,10,29.166666666666668,10.833333333333334,18.333333333333332,70.83333333333334,62.5,8.333333333333332
E00024724,183,58,22,36,125,95,30,31.693989071038253,12.021857923497267,19.672131147540984,68.30601092896174,51.91256830601093,16.39344262295082
E00024725,130,42,17,25,88,79,9,32.30769230769231,13.076923076923078,19.230769230769234,67.6923076923077,60.76923076923077,6.923076923076923
E00024726,168,48,16,32,120,100,20,28.57142857142857,9.523809523809524,19.047619047619047,71.42857142857143,59.523809523809526,11.904761904761903
E00024727,129,38,11,27,91,75,16,29.457364341085274,8.527131782945736,20.930232558139537,70.54263565891473,58.139534883720934,12.4031007751938
E00024728,41,7,1,6,34,29,5,17.073170731707318,2.4390243902439024,14.634146341463413,82.92682926829268,70.73170731707317,12.195121951219512
E00024729,173,48,15,33,125,117,8,27.74566473988439,8.670520231213873,19.07514450867052,72.25433526011561,67.63005780346822,4.624277456647398
E00024730,112,29,10,19,83,73,10,25.892857142857146,8.928571428571429,16.964285714285715,74.10714285714286,65.17857142857143,8.928571428571429
E00024731,137,38,6,32,99,93,6,27.73722627737226,4.37956204379562,23.357664233576642,72.26277372262774,67.88321167883211,4.37956204379562
E00024732,152,38,14,24,114,103,11,25,9.210526315789473,15.789473684210526,75,67.76315789473685,7.236842105263158
E00024733,153,34,13,21,119,101,18,22.22222222222222,8.49673202614379,13.725490196078432,77.77777777777779,66.01307189542483,11.76470588235294
E00024734,126,35,12,23,91,81,10,27.77777777777778,9.523809523809524,18.253968253968253,72.22222222222221,64.28571428571429,7.936507936507936
E00024735,113,29,11,18,84,77,7,25.663716814159294,9.734513274336283,15.929203539823009,74.33628318584071,68.14159292035397,6.1946902654867255
E00024736,125,33,10,23,92,85,7,26.400000000000002,8,18.4,73.6,68,5.6000000000000005
E00024737,37,10,4,6,27,26,1,27.027027027027028,10.81081081081081,16.216216216216218,72.97297297297297,70.27027027027027,2.7027027027027026
E00024738,143,42,11,31,101,82,19,29.37062937062937,7.6923076923076925,21.678321678321677,70.62937062937063,57.34265734265735,13.286713286713287
E00024739,128,33,11,22,95,81,14,25.78125,8.59375,17.1875,74.21875,63.28125,10.9375
E00024740,131,39,10,29,92,87,5,29.770992366412212,7.633587786259542,22.137404580152673,70.22900763358778,66.41221374045801,3.816793893129771
E00024741,216,55,18,37,161,133,28,25.462962962962965,8.333333333333332,17.12962962962963,74.53703703703704,61.57407407407407,12.962962962962962
E00024742,152,45,11,34,107,97,10,29.605263157894733,7.236842105263158,22.36842105263158,70.39473684210526,63.81578947368421,6.578947368421052
E00024743,50,22,4,18,28,27,1,44,8,36,56.00000000000001,54,2
E00024744,144,32,6,26,112,100,12,22.22222222222222,4.166666666666666,18.055555555555554,77.77777777777779,69.44444444444444,8.333333333333332
E00024745,170,43,14,29,127,109,18,25.294117647058822,8.235294117647058,17.058823529411764,74.70588235294117,64.11764705882354,10.588235294117647
E00024746,138,35,8,27,103,92,11,25.36231884057971,5.797101449275362,19.565217391304348,74.63768115942028,66.66666666666666,7.971014492753622
E00024747,150,37,9,28,113,98,15,24.666666666666668,6,18.666666666666668,75.33333333333333,65.33333333333333,10
E00024748,136,42,12,30,94,84,10,30.88235294117647,8.823529411764707,22.058823529411764,69.11764705882352,61.76470588235294,7.352941176470589
E00024749,92,30,11,19,62,54,8,32.608695652173914,11.956521739130435,20.652173913043477,67.3913043478261,58.69565217391305,8.695652173913043
E00024750,82,27,16,11,55,44,11,32.926829268292686,19.51219512195122,13.414634146341465,67.07317073170732,53.65853658536586,13.414634146341465
E00024751,170,35,14,21,135,118,17,20.588235294117645,8.235294117647058,12.352941176470589,79.41176470588235,69.41176470588235,10
E00024752,130,34,11,23,96,87,9,26.153846153846157,8.461538461538462,17.692307692307693,73.84615384615385,66.92307692307692,6.923076923076923
E00024753,139,36,14,22,103,92,11,25.899280575539567,10.071942446043165,15.827338129496402,74.10071942446042,66.18705035971223,7.913669064748201
E00024754,85,23,8,15,62,62,0,27.058823529411764,9.411764705882353,17.647058823529413,72.94117647058823,72.94117647058823,0
E00024755,155,36,13,23,119,109,10,23.225806451612904,8.38709677419355,14.838709677419354,76.77419354838709,70.3225806451613,6.451612903225806
E00024756,171,46,11,35,125,97,28,26.900584795321635,6.432748538011696,20.46783625730994,73.09941520467837,56.72514619883041,16.374269005847953
E00024757,173,31,7,24,142,121,21,17.91907514450867,4.046242774566474,13.872832369942195,82.08092485549133,69.94219653179191,12.138728323699421
E00024758,99,25,8,17,74,67,7,25.252525252525253,8.080808080808081,17.17171717171717,74.74747474747475,67.67676767676768,7.07070707070707
E00024759,220,67,21,46,153,137,16,30.454545454545457,9.545454545454547,20.909090909090907,69.54545454545455,62.272727272727266,7.2727272727272725
E00024760,138,40,12,28,98,82,16,28.985507246376812,8.695652173913043,20.28985507246377,71.01449275362319,59.42028985507246,11.594202898550725
E00024761,123,35,18,17,88,74,14,28.455284552845526,14.634146341463413,13.821138211382115,71.54471544715447,60.16260162601627,11.38211382113821
E00024762,138,43,18,25,95,83,12,31.15942028985507,13.043478260869565,18.115942028985508,68.84057971014492,60.14492753623188,8.695652173913043
E00024763,123,32,8,24,91,78,13,26.01626016260163,6.504065040650407,19.51219512195122,73.98373983739837,63.41463414634146,10.569105691056912
E00024764,93,27,9,18,66,57,9,29.03225806451613,9.67741935483871,19.35483870967742,70.96774193548387,61.29032258064516,9.67741935483871
E00024765,198,70,15,55,128,115,13,35.35353535353536,7.575757575757576,27.77777777777778,64.64646464646465,58.080808080808076,6.565656565656567
E00024766,185,54,14,40,131,112,19,29.18918918918919,7.567567567567568,21.62162162162162,70.8108108108108,60.54054054054055,10.27027027027027
E00024767,85,20,6,14,65,56,9,23.52941176470588,7.0588235294117645,16.470588235294116,76.47058823529412,65.88235294117646,10.588235294117647
E00024768,210,47,14,33,163,143,20,22.380952380952383,6.666666666666667,15.714285714285714,77.61904761904762,68.0952380952381,9.523809523809524
E00024769,125,40,13,27,85,64,21,32,10.4,21.6,68,51.2,16.8
E00024770,83,30,10,20,53,44,9,36.144578313253014,12.048192771084338,24.096385542168676,63.85542168674698,53.01204819277109,10.843373493975903
E00024771,110,25,7,18,85,71,14,22.727272727272727,6.363636363636363,16.363636363636363,77.27272727272727,64.54545454545455,12.727272727272727
E00024772,164,56,9,47,108,90,18,34.146341463414636,5.487804878048781,28.65853658536585,65.85365853658537,54.87804878048781,10.975609756097562
E00024773,140,45,14,31,95,78,17,32.142857142857146,10,22.142857142857142,67.85714285714286,55.714285714285715,12.142857142857142
E00024774,118,37,14,23,81,71,10,31.35593220338983,11.864406779661017,19.491525423728813,68.64406779661016,60.16949152542372,8.47457627118644
E00024775,143,46,18,28,97,87,10,32.16783216783217,12.587412587412588,19.58041958041958,67.83216783216784,60.83916083916085,6.993006993006993
E00024776,129,39,12,27,90,79,11,30.23255813953488,9.30232558139535,20.930232558139537,69.76744186046511,61.240310077519375,8.527131782945736
E00024777,160,54,13,41,106,86,20,33.75,8.125,25.624999999999996,66.25,53.75,12.5
E00024778,138,25,7,18,113,97,16,18.115942028985508,5.072463768115942,13.043478260869565,81.88405797101449,70.28985507246377,11.594202898550725
E00024779,175,42,14,28,133,114,19,24,8,16,76,65.14285714285715,10.857142857142858
E00024780,127,43,12,31,84,75,9,33.85826771653544,9.448818897637794,24.409448818897637,66.14173228346458,59.055118110236215,7.086614173228346
E00024781,149,49,14,35,100,89,11,32.88590604026846,9.395973154362416,23.48993288590604,67.11409395973155,59.73154362416108,7.38255033557047
E00024782,138,35,14,21,103,92,11,25.36231884057971,10.144927536231885,15.217391304347828,74.63768115942028,66.66666666666666,7.971014492753622
E00024783,217,55,16,39,162,137,25,25.34562211981567,7.373271889400922,17.972350230414747,74.65437788018433,63.133640552995395,11.52073732718894
E00024784,155,48,12,36,107,93,14,30.967741935483872,7.741935483870968,23.225806451612904,69.03225806451613,60,9.032258064516128
E00024785,234,54,17,37,180,159,21,23.076923076923077,7.264957264957266,15.81196581196581,76.92307692307693,67.94871794871796,8.974358974358974
E00024786,63,17,3,14,46,41,5,26.984126984126984,4.761904761904762,22.22222222222222,73.01587301587301,65.07936507936508,7.936507936507936
E00024787,229,58,18,40,171,138,33,25.327510917030565,7.860262008733625,17.46724890829694,74.67248908296943,60.26200873362445,14.41048034934498
E00024788,139,43,17,26,96,88,8,30.935251798561154,12.23021582733813,18.705035971223023,69.06474820143885,63.30935251798561,5.755395683453238
E00024789,149,41,7,34,108,92,16,27.516778523489933,4.697986577181208,22.818791946308725,72.48322147651007,61.74496644295302,10.738255033557047
E00024790,138,43,12,31,95,88,7,31.15942028985507,8.695652173913043,22.463768115942027,68.84057971014492,63.76811594202898,5.072463768115942
E00024791,132,38,8,30,94,85,9,28.78787878787879,6.0606060606060606,22.727272727272727,71.21212121212122,64.39393939393939,6.8181818181818175
E00024792,105,32,6,26,73,68,5,30.476190476190478,5.714285714285714,24.761904761904763,69.52380952380952,64.76190476190476,4.761904761904762
E00024793,139,37,11,26,102,89,13,26.618705035971225,7.913669064748201,18.705035971223023,73.38129496402878,64.02877697841727,9.352517985611511
E00024794,229,63,17,46,166,138,28,27.510917030567683,7.423580786026202,20.087336244541483,72.48908296943232,60.26200873362445,12.22707423580786
E00024796,150,35,12,23,115,106,9,23.333333333333332,8,15.333333333333332,76.66666666666667,70.66666666666667,6
E00024797,185,49,17,32,136,110,26,26.486486486486488,9.18918918918919,17.2972972972973,73.51351351351352,59.45945945945946,14.054054054054054
E00024798,99,30,10,20,69,60,9,30.303030303030305,10.1010101010101,20.2020202020202,69.6969696969697,60.60606060606061,9.090909090909092
E00024799,57,15,4,11,42,37,5,26.31578947368421,7.017543859649122,19.298245614035086,73.68421052631578,64.91228070175438,8.771929824561402
E00024800,127,32,10,22,95,86,9,25.196850393700785,7.874015748031496,17.322834645669293,74.80314960629921,67.71653543307087,7.086614173228346
E00024801,171,51,17,34,120,101,19,29.82456140350877,9.941520467836257,19.883040935672515,70.17543859649122,59.06432748538012,11.11111111111111
E00024802,144,43,12,31,101,91,10,29.86111111111111,8.333333333333332,21.52777777777778,70.13888888888889,63.19444444444444,6.944444444444445
E00024803,139,49,17,32,90,82,8,35.25179856115108,12.23021582733813,23.021582733812952,64.74820143884892,58.992805755395686,5.755395683453238
E00024804,226,55,17,38,171,155,16,24.336283185840706,7.52212389380531,16.8141592920354,75.66371681415929,68.58407079646017,7.079646017699115
E00024805,214,60,25,35,154,138,16,28.037383177570092,11.682242990654206,16.355140186915886,71.96261682242991,64.48598130841121,7.476635514018691
E00024806,122,43,16,27,79,69,10,35.24590163934426,13.114754098360656,22.131147540983605,64.75409836065575,56.557377049180324,8.19672131147541
E00024807,72,18,4,14,54,50,4,25,5.555555555555555,19.444444444444446,75,69.44444444444444,5.555555555555555
E00024808,155,42,10,32,113,100,13,27.09677419354839,6.451612903225806,20.64516129032258,72.90322580645162,64.51612903225806,8.38709677419355
E00024809,203,70,21,49,133,118,15,34.48275862068966,10.344827586206897,24.137931034482758,65.51724137931035,58.128078817733986,7.389162561576355
E00024810,144,43,17,26,101,84,17,29.86111111111111,11.805555555555555,18.055555555555554,70.13888888888889,58.333333333333336,11.805555555555555
E00024811,181,44,14,30,137,126,11,24.30939226519337,7.734806629834254,16.574585635359114,75.69060773480662,69.61325966850829,6.077348066298343
E00024812,127,36,14,22,91,77,14,28.346456692913385,11.023622047244094,17.322834645669293,71.65354330708661,60.629921259842526,11.023622047244094
E00024813,121,29,7,22,92,79,13,23.96694214876033,5.785123966942149,18.181818181818183,76.03305785123968,65.28925619834712,10.743801652892563
E00024814,170,42,18,24,128,117,11,24.705882352941178,10.588235294117647,14.117647058823529,75.29411764705883,68.82352941176471,6.470588235294119
E00024815,151,35,13,22,116,103,13,23.178807947019866,8.609271523178808,14.56953642384106,76.82119205298014,68.21192052980133,8.609271523178808
E00024816,163,45,10,35,118,106,12,27.607361963190186,6.134969325153374,21.472392638036812,72.39263803680981,65.03067484662577,7.361963190184049
E00024817,134,38,7,31,96,83,13,28.35820895522388,5.223880597014925,23.134328358208954,71.64179104477611,61.940298507462686,9.701492537313433
E00024819,106,31,7,24,75,71,4,29.245283018867923,6.60377358490566,22.641509433962266,70.75471698113208,66.98113207547169,3.7735849056603774
E00024820,162,33,6,27,129,123,6,20.37037037037037,3.7037037037037033,16.666666666666664,79.62962962962963,75.92592592592592,3.7037037037037033
E00024821,69,19,8,11,50,49,1,27.536231884057973,11.594202898550725,15.942028985507244,72.46376811594203,71.01449275362319,1.4492753623188406
E00024822,147,46,7,39,101,82,19,31.292517006802722,4.761904761904762,26.53061224489796,68.70748299319727,55.78231292517006,12.925170068027212
E00024823,137,49,7,42,88,73,15,35.76642335766424,5.109489051094891,30.656934306569344,64.23357664233576,53.284671532846716,10.948905109489052
E00024824,198,45,10,35,153,131,22,22.727272727272727,5.05050505050505,17.67676767676768,77.27272727272727,66.16161616161617,11.11111111111111
E00024825,261,52,26,26,209,184,25,19.923371647509576,9.961685823754788,9.961685823754788,80.07662835249042,70.49808429118774,9.578544061302683
E00024827,186,50,19,31,136,116,20,26.881720430107524,10.21505376344086,16.666666666666664,73.11827956989248,62.365591397849464,10.75268817204301
E00024828,114,29,7,22,85,67,18,25.438596491228072,6.140350877192982,19.298245614035086,74.56140350877193,58.77192982456141,15.789473684210526
E00024829,201,58,12,46,143,125,18,28.855721393034827,5.970149253731343,22.885572139303484,71.14427860696517,62.189054726368155,8.955223880597014
E00024830,202,45,14,31,157,138,19,22.277227722772277,6.9306930693069315,15.346534653465346,77.72277227722772,68.31683168316832,9.405940594059405
E00024831,164,38,12,26,126,116,10,23.170731707317074,7.317073170731707,15.853658536585366,76.82926829268293,70.73170731707317,6.097560975609756
E00024832,220,53,10,43,167,147,20,24.09090909090909,4.545454545454546,19.545454545454547,75.9090909090909,66.81818181818183,9.090909090909092
E00024833,169,54,13,41,115,102,13,31.952662721893493,7.6923076923076925,24.2603550295858,68.04733727810651,60.35502958579882,7.6923076923076925
E00024834,203,48,17,31,155,139,16,23.645320197044335,8.374384236453201,15.270935960591133,76.35467980295566,68.4729064039409,7.8817733990147785
E00024835,132,38,6,32,94,85,9,28.78787878787879,4.545454545454546,24.242424242424242,71.21212121212122,64.39393939393939,6.8181818181818175
E00024836,157,45,22,23,112,98,14,28.662420382165603,14.012738853503185,14.64968152866242,71.3375796178344,62.42038216560509,8.9171974522293
E00024837,299,62,16,46,237,207,30,20.735785953177256,5.351170568561873,15.384615384615385,79.26421404682274,69.23076923076923,10.033444816053512
E00024838,126,31,10,21,95,84,11,24.6031746031746,7.936507936507936,16.666666666666664,75.39682539682539,66.66666666666666,8.73015873015873
E00024839,112,28,12,16,84,72,12,25,10.714285714285714,14.285714285714285,75,64.28571428571429,10.714285714285714
E00024840,134,40,10,30,94,81,13,29.850746268656714,7.462686567164178,22.388059701492537,70.1492537313433,60.447761194029844,9.701492537313433
E00024841,37,12,7,5,25,24,1,32.432432432432435,18.91891891891892,13.513513513513514,67.56756756756756,64.86486486486487,2.7027027027027026
E00024842,92,28,2,26,64,61,3,30.434782608695656,2.1739130434782608,28.26086956521739,69.56521739130434,66.30434782608695,3.260869565217391
E00024843,148,36,13,23,112,102,10,24.324324324324326,8.783783783783784,15.54054054054054,75.67567567567568,68.91891891891892,6.756756756756757
E00024844,139,37,8,29,102,92,10,26.618705035971225,5.755395683453238,20.863309352517987,73.38129496402878,66.18705035971223,7.1942446043165464
E00024845,187,49,11,38,138,113,25,26.203208556149733,5.88235294117647,20.32085561497326,73.79679144385027,60.42780748663101,13.368983957219251
E00024846,161,41,7,34,120,108,12,25.465838509316768,4.3478260869565215,21.11801242236025,74.53416149068323,67.08074534161491,7.453416149068323
E00024847,144,39,8,31,105,92,13,27.083333333333332,5.555555555555555,21.52777777777778,72.91666666666666,63.888888888888886,9.027777777777777
E00024848,122,46,12,34,76,73,3,37.704918032786885,9.836065573770492,27.86885245901639,62.295081967213115,59.83606557377049,2.459016393442623
E00024849,128,37,6,31,91,73,18,28.90625,4.6875,24.21875,71.09375,57.03125,14.0625
E00024850,113,38,14,24,75,65,10,33.6283185840708,12.389380530973451,21.238938053097346,66.3716814159292,57.52212389380531,8.849557522123893
E00024851,128,37,9,28,91,79,12,28.90625,7.03125,21.875,71.09375,61.71875,9.375
E00024852,139,43,9,34,96,82,14,30.935251798561154,6.474820143884892,24.46043165467626,69.06474820143885,58.992805755395686,10.071942446043165
E00024853,125,42,14,28,83,72,11,33.6,11.200000000000001,22.400000000000002,66.4,57.599999999999994,8.799999999999999
E00024854,86,21,7,14,65,58,7,24.418604651162788,8.13953488372093,16.27906976744186,75.5813953488372,67.44186046511628,8.13953488372093
E00024855,151,45,12,33,106,98,8,29.80132450331126,7.9470198675496695,21.85430463576159,70.19867549668875,64.90066225165563,5.298013245033113
E00024856,110,38,11,27,72,63,9,34.54545454545455,10,24.545454545454547,65.45454545454545,57.27272727272727,8.181818181818182
E00024857,46,15,5,10,31,31,0,32.608695652173914,10.869565217391305,21.73913043478261,67.3913043478261,67.3913043478261,0
E00024858,109,27,6,21,82,72,10,24.770642201834864,5.5045871559633035,19.26605504587156,75.22935779816514,66.05504587155964,9.174311926605505
E00024859,100,36,8,28,64,58,6,36,8,28.000000000000004,64,57.99999999999999,6
E00024860,156,48,13,35,108,89,19,30.76923076923077,8.333333333333332,22.435897435897438,69.23076923076923,57.05128205128205,12.179487179487179
E00024861,124,24,3,21,100,86,14,19.35483870967742,2.4193548387096775,16.93548387096774,80.64516129032258,69.35483870967742,11.29032258064516
E00024862,110,34,10,24,76,60,16,30.909090909090907,9.090909090909092,21.818181818181817,69.0909090909091,54.54545454545454,14.545454545454545
E00024863,171,37,10,27,134,119,15,21.637426900584796,5.847953216374268,15.789473684210526,78.3625730994152,69.5906432748538,8.771929824561402
E00024864,135,43,17,26,92,85,7,31.851851851851855,12.592592592592592,19.25925925925926,68.14814814814815,62.96296296296296,5.185185185185185
E00024865,153,43,19,24,110,96,14,28.104575163398692,12.418300653594772,15.686274509803921,71.89542483660131,62.745098039215684,9.15032679738562
E00024866,185,48,9,39,137,121,16,25.945945945945947,4.864864864864865,21.08108108108108,74.05405405405405,65.4054054054054,8.64864864864865
E00024867,161,52,13,39,109,98,11,32.298136645962735,8.074534161490684,24.22360248447205,67.70186335403726,60.86956521739131,6.832298136645963
E00024868,110,27,7,20,83,77,6,24.545454545454547,6.363636363636363,18.181818181818183,75.45454545454545,70,5.454545454545454
E00024870,150,44,5,39,106,103,3,29.333333333333332,3.3333333333333335,26,70.66666666666667,68.66666666666667,2
E00024871,84,31,10,21,53,46,7,36.904761904761905,11.904761904761903,25,63.095238095238095,54.761904761904766,8.333333333333332
E00024872,152,40,13,27,112,93,19,26.31578947368421,8.552631578947368,17.763157894736842,73.68421052631578,61.18421052631579,12.5
E00024873,109,34,7,27,75,68,7,31.19266055045872,6.422018348623854,24.770642201834864,68.80733944954129,62.38532110091744,6.422018348623854
E00024874,126,35,10,25,91,77,14,27.77777777777778,7.936507936507936,19.841269841269842,72.22222222222221,61.111111111111114,11.11111111111111
E00024875,91,19,0,19,72,63,9,20.87912087912088,0,20.87912087912088,79.12087912087912,69.23076923076923,9.89010989010989
E00024876,86,24,11,13,62,55,7,27.906976744186046,12.790697674418606,15.11627906976744,72.09302325581395,63.95348837209303,8.13953488372093
E00024877,126,37,9,28,89,82,7,29.365079365079367,7.142857142857142,22.22222222222222,70.63492063492063,65.07936507936508,5.555555555555555
E00024878,100,31,11,20,69,59,10,31,11,20,69,59,10
E00024879,129,39,14,25,90,78,12,30.23255813953488,10.852713178294573,19.379844961240313,69.76744186046511,60.46511627906976,9.30232558139535
E00024880,154,47,13,34,107,85,22,30.519480519480517,8.441558441558442,22.07792207792208,69.48051948051948,55.1948051948052,14.285714285714285
E00024881,161,38,15,23,123,109,14,23.60248447204969,9.316770186335404,14.285714285714285,76.3975155279503,67.70186335403726,8.695652173913043
E00024882,131,30,13,17,101,88,13,22.900763358778626,9.923664122137405,12.977099236641221,77.09923664122137,67.17557251908397,9.923664122137405
E00024883,157,41,13,28,116,93,23,26.11464968152866,8.280254777070063,17.8343949044586,73.88535031847134,59.23566878980891,14.64968152866242
E00024884,120,39,13,26,81,74,7,32.5,10.833333333333334,21.666666666666668,67.5,61.66666666666667,5.833333333333333
E00024885,175,47,14,33,128,112,16,26.857142857142858,8,18.857142857142858,73.14285714285714,64,9.142857142857142
E00024886,115,37,9,28,78,69,9,32.17391304347826,7.82608695652174,24.347826086956523,67.82608695652173,60,7.82608695652174
E00024887,155,40,14,26,115,98,17,25.806451612903224,9.032258064516128,16.7741935483871,74.19354838709677,63.2258064516129,10.967741935483872
E00024888,157,33,10,23,124,108,16,21.019108280254777,6.369426751592357,14.64968152866242,78.98089171974523,68.78980891719745,10.191082802547772
E00024889,125,29,10,19,96,84,12,23.200000000000003,8,15.2,76.8,67.2,9.6
E00024891,141,38,9,29,103,90,13,26.95035460992908,6.382978723404255,20.56737588652482,73.04964539007092,63.829787234042556,9.219858156028367
E00024892,158,36,7,29,122,104,18,22.78481012658228,4.430379746835443,18.354430379746837,77.21518987341773,65.82278481012658,11.39240506329114
E00024893,155,48,8,40,107,100,7,30.967741935483872,5.161290322580645,25.806451612903224,69.03225806451613,64.51612903225806,4.516129032258064
E00024894,150,38,14,24,112,90,22,25.333333333333336,9.333333333333334,16,74.66666666666667,60,14.666666666666666
E00024895,134,42,10,32,92,79,13,31.343283582089555,7.462686567164178,23.88059701492537,68.65671641791045,58.95522388059702,9.701492537313433
E00024896,88,22,5,17,66,59,7,25,5.681818181818182,19.318181818181817,75,67.04545454545455,7.954545454545454
E00024897,173,50,20,30,123,117,6,28.901734104046245,11.560693641618498,17.341040462427745,71.09826589595376,67.63005780346822,3.4682080924855487
E00024898,151,53,13,40,98,87,11,35.099337748344375,8.609271523178808,26.490066225165563,64.90066225165563,57.615894039735096,7.28476821192053
E00024899,150,59,21,38,91,79,12,39.33333333333333,14.000000000000002,25.333333333333336,60.66666666666667,52.666666666666664,8
E00024900,175,50,17,33,125,117,8,28.57142857142857,9.714285714285714,18.857142857142858,71.42857142857143,66.85714285714286,4.571428571428571
E00024901,137,28,10,18,109,99,10,20.437956204379564,7.2992700729927,13.138686131386862,79.56204379562044,72.26277372262774,7.2992700729927
E00024902,235,67,16,51,168,129,39,28.510638297872344,6.808510638297872,21.70212765957447,71.48936170212767,54.8936170212766,16.595744680851062
E00024903,133,39,10,29,94,83,11,29.32330827067669,7.518796992481203,21.804511278195488,70.67669172932331,62.40601503759399,8.270676691729323
E00024904,148,39,12,27,109,85,24,26.351351351351347,8.108108108108109,18.243243243243242,73.64864864864865,57.432432432432435,16.216216216216218
E00024905,122,37,11,26,85,70,15,30.327868852459016,9.01639344262295,21.311475409836063,69.67213114754098,57.377049180327866,12.295081967213115
E00024906,134,44,16,28,90,75,15,32.83582089552239,11.940298507462686,20.8955223880597,67.16417910447761,55.970149253731336,11.194029850746269
E00024907,137,41,19,22,96,81,15,29.927007299270077,13.86861313868613,16.05839416058394,70.07299270072993,59.12408759124088,10.948905109489052
E00024908,148,49,12,37,99,89,10,33.108108108108105,8.108108108108109,25,66.8918918918919,60.13513513513513,6.756756756756757
E00024909,185,54,19,35,131,123,8,29.18918918918919,10.27027027027027,18.91891891891892,70.8108108108108,66.48648648648648,4.324324324324325
E00024910,131,47,19,28,84,74,10,35.87786259541985,14.50381679389313,21.374045801526716,64.12213740458014,56.48854961832062,7.633587786259542
E00024911,156,55,18,37,101,94,7,35.256410256410255,11.538461538461538,23.717948717948715,64.74358974358975,60.256410256410255,4.487179487179487
E00024912,114,25,5,20,89,77,12,21.929824561403507,4.385964912280701,17.543859649122805,78.0701754385965,67.54385964912281,10.526315789473683
E00024913,144,40,9,31,104,85,19,27.77777777777778,6.25,21.52777777777778,72.22222222222221,59.02777777777778,13.194444444444445
E00024914,157,47,10,37,110,99,11,29.936305732484076,6.369426751592357,23.56687898089172,70.06369426751591,63.05732484076433,7.006369426751593
E00024915,118,32,11,21,86,77,9,27.11864406779661,9.322033898305085,17.796610169491526,72.88135593220339,65.2542372881356,7.627118644067797
E00024916,100,31,7,24,69,64,5,31,7.000000000000001,24,69,64,5
E00024917,146,48,18,30,98,83,15,32.87671232876712,12.32876712328767,20.54794520547945,67.12328767123287,56.849315068493155,10.273972602739725
E00024918,152,37,8,29,115,106,9,24.342105263157894,5.263157894736842,19.078947368421055,75.6578947368421,69.73684210526315,5.921052631578947
E00024919,153,58,13,45,95,77,18,37.908496732026144,8.49673202614379,29.411764705882355,62.091503267973856,50.326797385620914,11.76470588235294
E00024920,132,33,11,22,99,83,16,25,8.333333333333332,16.666666666666664,75,62.878787878787875,12.121212121212121
E00024921,144,48,15,33,96,82,14,33.33333333333333,10.416666666666668,22.916666666666664,66.66666666666666,56.94444444444444,9.722222222222223
E00024922,153,38,12,26,115,97,18,24.836601307189543,7.8431372549019605,16.99346405228758,75.16339869281046,63.39869281045751,11.76470588235294
E00024923,131,37,10,27,94,78,16,28.24427480916031,7.633587786259542,20.610687022900763,71.7557251908397,59.541984732824424,12.213740458015266
E00024924,144,35,16,19,109,95,14,24.305555555555554,11.11111111111111,13.194444444444445,75.69444444444444,65.97222222222221,9.722222222222223
E00024925,138,54,17,37,84,72,12,39.130434782608695,12.318840579710146,26.811594202898554,60.86956521739131,52.17391304347826,8.695652173913043
E00024926,188,64,18,46,124,109,15,34.04255319148936,9.574468085106384,24.46808510638298,65.95744680851064,57.97872340425532,7.9787234042553195
E00024927,145,46,15,31,99,83,16,31.724137931034484,10.344827586206897,21.379310344827587,68.27586206896552,57.24137931034483,11.03448275862069
E00024929,112,47,17,30,65,60,5,41.964285714285715,15.178571428571427,26.785714285714285,58.03571428571429,53.57142857142857,4.464285714285714
E00024930,128,44,14,30,84,73,11,34.375,10.9375,23.4375,65.625,57.03125,8.59375
E00024932,116,42,13,29,74,65,9,36.206896551724135,11.206896551724139,25,63.793103448275865,56.03448275862068,7.758620689655173
E00024933,167,51,18,33,116,109,7,30.538922155688624,10.778443113772456,19.760479041916167,69.46107784431138,65.26946107784431,4.191616766467066
E00024934,135,44,12,32,91,84,7,32.592592592592595,8.88888888888889,23.703703703703706,67.4074074074074,62.22222222222222,5.185185185185185
E00024935,114,36,11,25,78,69,9,31.57894736842105,9.649122807017543,21.929824561403507,68.42105263157895,60.526315789473685,7.894736842105263
E00024937,133,28,8,20,105,95,10,21.052631578947366,6.015037593984962,15.037593984962406,78.94736842105263,71.42857142857143,7.518796992481203
E00024938,148,49,10,39,99,89,10,33.108108108108105,6.756756756756757,26.351351351351347,66.8918918918919,60.13513513513513,6.756756756756757
E00024939,127,41,9,32,86,79,7,32.28346456692913,7.086614173228346,25.196850393700785,67.71653543307087,62.20472440944882,5.511811023622047
E00024940,107,30,10,20,77,71,6,28.037383177570092,9.345794392523365,18.69158878504673,71.96261682242991,66.35514018691589,5.607476635514018
E00024941,140,40,9,31,100,87,13,28.57142857142857,6.428571428571428,22.142857142857142,71.42857142857143,62.142857142857146,9.285714285714286
E00024942,128,36,10,26,92,85,7,28.125,7.8125,20.3125,71.875,66.40625,5.46875
E00024943,120,38,14,24,82,72,10,31.666666666666664,11.666666666666666,20,68.33333333333333,60,8.333333333333332
E00024944,180,60,20,40,120,101,19,33.33333333333333,11.11111111111111,22.22222222222222,66.66666666666666,56.111111111111114,10.555555555555555
E00024945,123,34,10,24,89,79,10,27.64227642276423,8.130081300813007,19.51219512195122,72.35772357723577,64.22764227642277,8.130081300813007
E00024946,83,26,6,20,57,48,9,31.32530120481928,7.228915662650602,24.096385542168676,68.67469879518072,57.831325301204814,10.843373493975903
E00024947,232,65,16,49,167,146,21,28.01724137931034,6.896551724137931,21.120689655172413,71.98275862068965,62.93103448275862,9.051724137931034
E00024948,130,22,8,14,108,95,13,16.923076923076923,6.153846153846154,10.76923076923077,83.07692307692308,73.07692307692307,10
E00024949,106,35,12,23,71,53,18,33.0188679245283,11.320754716981133,21.69811320754717,66.98113207547169,50,16.9811320754717
E00024950,66,27,8,19,39,35,4,40.909090909090914,12.121212121212121,28.78787878787879,59.09090909090909,53.03030303030303,6.0606060606060606
E00024951,140,45,15,30,95,83,12,32.142857142857146,10.714285714285714,21.428571428571427,67.85714285714286,59.285714285714285,8.571428571428571
E00024952,143,47,10,37,96,85,11,32.86713286713287,6.993006993006993,25.874125874125873,67.13286713286713,59.44055944055944,7.6923076923076925
E00024953,142,50,12,38,92,83,9,35.2112676056338,8.450704225352112,26.76056338028169,64.7887323943662,58.45070422535211,6.338028169014084
E00024954,126,39,11,28,87,78,9,30.952380952380953,8.73015873015873,22.22222222222222,69.04761904761905,61.904761904761905,7.142857142857142
E00024955,97,36,5,31,61,53,8,37.11340206185567,5.154639175257731,31.958762886597935,62.88659793814433,54.63917525773196,8.24742268041237
E00024956,99,32,8,24,67,63,4,32.323232323232325,8.080808080808081,24.242424242424242,67.67676767676768,63.63636363636363,4.040404040404041
E00024958,111,32,9,23,79,68,11,28.82882882882883,8.108108108108109,20.72072072072072,71.17117117117117,61.261261261261254,9.90990990990991
E00024959,65,30,10,20,35,32,3,46.15384615384615,15.384615384615385,30.76923076923077,53.84615384615385,49.23076923076923,4.615384615384616
E00024960,161,49,14,35,112,97,15,30.434782608695656,8.695652173913043,21.73913043478261,69.56521739130434,60.24844720496895,9.316770186335404
E00024961,138,39,9,30,99,92,7,28.26086956521739,6.521739130434782,21.73913043478261,71.73913043478261,66.66666666666666,5.072463768115942
E00024962,148,47,17,30,101,83,18,31.756756756756754,11.486486486486488,20.27027027027027,68.24324324324324,56.08108108108109,12.162162162162163
E00024963,165,38,9,29,127,117,10,23.03030303030303,5.454545454545454,17.575757575757574,76.96969696969697,70.9090909090909,6.0606060606060606
E00024964,115,26,8,18,89,83,6,22.608695652173914,6.956521739130435,15.65217391304348,77.39130434782608,72.17391304347827,5.217391304347826
E00024965,102,29,9,20,73,66,7,28.431372549019606,8.823529411764707,19.607843137254903,71.56862745098039,64.70588235294117,6.862745098039216
E00024966,174,40,17,23,134,106,28,22.988505747126435,9.770114942528735,13.218390804597702,77.01149425287356,60.91954022988506,16.091954022988507
E00024967,188,44,14,30,144,122,22,23.404255319148938,7.446808510638298,15.957446808510639,76.59574468085107,64.8936170212766,11.702127659574469
E00024968,146,38,13,25,108,90,18,26.027397260273972,8.904109589041095,17.123287671232877,73.97260273972603,61.64383561643836,12.32876712328767
E00024969,157,47,19,28,110,106,4,29.936305732484076,12.101910828025478,17.8343949044586,70.06369426751591,67.51592356687898,2.547770700636943
E00024970,293,53,18,35,240,211,29,18.088737201365188,6.143344709897611,11.945392491467576,81.91126279863481,72.01365187713311,9.897610921501707
E00024971,261,73,19,54,188,157,31,27.969348659003828,7.2796934865900385,20.689655172413794,72.03065134099617,60.15325670498084,11.877394636015326
E00024972,289,82,27,55,207,179,28,28.373702422145332,9.342560553633218,19.031141868512112,71.62629757785467,61.93771626297578,9.688581314878892
E00024973,140,34,8,26,106,90,16,24.285714285714285,5.714285714285714,18.571428571428573,75.71428571428571,64.28571428571429,11.428571428571429
E00024974,116,35,8,27,81,75,6,30.17241379310345,6.896551724137931,23.275862068965516,69.82758620689656,64.65517241379311,5.172413793103448
E00024975,109,35,8,27,74,65,9,32.11009174311927,7.339449541284404,24.770642201834864,67.88990825688074,59.63302752293578,8.256880733944955
E00024976,145,39,12,27,106,94,12,26.89655172413793,8.275862068965518,18.620689655172416,73.10344827586206,64.82758620689654,8.275862068965518
E00024977,152,26,2,24,126,106,20,17.105263157894736,1.3157894736842104,15.789473684210526,82.89473684210526,69.73684210526315,13.157894736842104
E00024978,137,28,10,18,109,94,15,20.437956204379564,7.2992700729927,13.138686131386862,79.56204379562044,68.61313868613139,10.948905109489052
E00024979,153,35,10,25,118,101,17,22.875816993464053,6.535947712418301,16.33986928104575,77.12418300653596,66.01307189542483,11.11111111111111
E00024980,135,23,9,14,112,101,11,17.037037037037038,6.666666666666667,10.37037037037037,82.96296296296296,74.81481481481481,8.148148148148149
E00024981,164,30,9,21,134,121,13,18.29268292682927,5.487804878048781,12.804878048780488,81.70731707317073,73.78048780487805,7.926829268292683
E00024982,166,39,11,28,127,118,9,23.49397590361446,6.626506024096386,16.867469879518072,76.50602409638554,71.08433734939759,5.421686746987952
E00024983,127,32,13,19,95,85,10,25.196850393700785,10.236220472440944,14.960629921259844,74.80314960629921,66.92913385826772,7.874015748031496
E00024984,199,43,15,28,156,130,26,21.608040201005025,7.537688442211055,14.07035175879397,78.39195979899498,65.32663316582915,13.06532663316583
E00024986,75,24,9,15,51,48,3,32,12,20,68,64,4
E00024987,168,40,12,28,128,109,19,23.809523809523807,7.142857142857142,16.666666666666664,76.19047619047619,64.88095238095238,11.30952380952381
E00024988,179,52,24,28,127,107,20,29.05027932960894,13.40782122905028,15.64245810055866,70.94972067039106,59.77653631284916,11.1731843575419
E00024989,116,49,21,28,67,53,14,42.241379310344826,18.103448275862068,24.137931034482758,57.758620689655174,45.689655172413794,12.068965517241379
E00024990,153,50,16,34,103,97,6,32.6797385620915,10.457516339869281,22.22222222222222,67.3202614379085,63.39869281045751,3.9215686274509802
E00024991,117,41,15,26,76,64,12,35.04273504273504,12.82051282051282,22.22222222222222,64.95726495726495,54.700854700854705,10.256410256410255
E00024992,151,43,13,30,108,94,14,28.47682119205298,8.609271523178808,19.867549668874172,71.52317880794702,62.251655629139066,9.271523178807946
E00024993,135,29,9,20,106,94,12,21.48148148148148,6.666666666666667,14.814814814814813,78.51851851851852,69.62962962962963,8.88888888888889
E00024994,87,30,11,19,57,49,8,34.48275862068966,12.643678160919542,21.839080459770116,65.51724137931035,56.32183908045977,9.195402298850574
E00024995,139,33,11,22,106,95,11,23.741007194244602,7.913669064748201,15.827338129496402,76.2589928057554,68.34532374100719,7.913669064748201
E00024996,151,55,17,38,96,83,13,36.423841059602644,11.258278145695364,25.165562913907287,63.576158940397356,54.966887417218544,8.609271523178808
E00024997,114,37,8,29,77,68,9,32.45614035087719,7.017543859649122,25.438596491228072,67.54385964912281,59.64912280701754,7.894736842105263
E00024998,171,38,12,26,133,106,27,22.22222222222222,7.017543859649122,15.204678362573098,77.77777777777779,61.98830409356725,15.789473684210526
E00024999,126,36,7,29,90,82,8,28.57142857142857,5.555555555555555,23.015873015873016,71.42857142857143,65.07936507936508,6.349206349206349
E00025000,172,54,18,36,118,102,16,31.3953488372093,10.465116279069768,20.930232558139537,68.6046511627907,59.30232558139535,9.30232558139535
E00025001,184,66,21,45,118,99,19,35.869565217391305,11.41304347826087,24.456521739130434,64.13043478260869,53.80434782608695,10.326086956521738
E00025002,148,39,8,31,109,97,12,26.351351351351347,5.405405405405405,20.945945945945947,73.64864864864865,65.54054054054053,8.108108108108109
E00025003,78,19,4,15,59,52,7,24.358974358974358,5.128205128205128,19.230769230769234,75.64102564102564,66.66666666666666,8.974358974358974
E00025004,269,63,17,46,206,181,25,23.42007434944238,6.319702602230483,17.100371747211895,76.57992565055763,67.28624535315984,9.293680297397769
E00025005,142,38,11,27,104,86,18,26.76056338028169,7.746478873239436,19.014084507042252,73.23943661971832,60.56338028169014,12.676056338028168
E00171673,92,33,19,14,59,53,6,35.869565217391305,20.652173913043477,15.217391304347828,64.13043478260869,57.608695652173914,6.521739130434782
E00171674,143,33,9,24,110,102,8,23.076923076923077,6.293706293706294,16.783216783216783,76.92307692307693,71.32867132867133,5.594405594405594
E00171675,82,16,8,8,66,60,6,19.51219512195122,9.75609756097561,9.75609756097561,80.48780487804879,73.17073170731707,7.317073170731707
E00171676,119,14,4,10,105,96,9,11.76470588235294,3.361344537815126,8.403361344537815,88.23529411764706,80.67226890756302,7.563025210084033
E00171677,83,21,8,13,62,58,4,25.301204819277107,9.63855421686747,15.66265060240964,74.69879518072288,69.87951807228916,4.819277108433735
E00171678,131,17,4,13,114,99,15,12.977099236641221,3.0534351145038165,9.923664122137405,87.02290076335878,75.57251908396947,11.450381679389313
E00171679,133,31,13,18,102,88,14,23.308270676691727,9.774436090225564,13.533834586466165,76.69172932330827,66.16541353383458,10.526315789473683
E00171680,113,29,9,20,84,74,10,25.663716814159294,7.964601769911504,17.699115044247787,74.33628318584071,65.48672566371681,8.849557522123893
E00171681,82,35,9,26,47,43,4,42.68292682926829,10.975609756097562,31.70731707317073,57.3170731707317,52.4390243902439,4.878048780487805
E00171682,98,20,6,14,78,69,9,20.408163265306122,6.122448979591836,14.285714285714285,79.59183673469387,70.40816326530613,9.183673469387756
E00171683,145,29,8,21,116,102,14,20,5.517241379310345,14.482758620689657,80,70.34482758620689,9.655172413793103
E00171684,328,68,25,43,260,227,33,20.73170731707317,7.621951219512195,13.109756097560975,79.26829268292683,69.20731707317073,10.060975609756099
E00171685,132,37,7,30,95,88,7,28.030303030303028,5.303030303030303,22.727272727272727,71.96969696969697,66.66666666666666,5.303030303030303
E00171686,179,37,16,21,142,117,25,20.670391061452513,8.938547486033519,11.731843575418994,79.3296089385475,65.36312849162012,13.966480446927374
E00171687,202,45,7,38,157,133,24,22.277227722772277,3.4653465346534658,18.81188118811881,77.72277227722772,65.84158415841584,11.881188118811881
E00171688,178,55,11,44,123,103,20,30.89887640449438,6.179775280898876,24.719101123595504,69.10112359550563,57.865168539325836,11.235955056179774
E00171689,194,43,8,35,151,130,21,22.164948453608247,4.123711340206185,18.04123711340206,77.83505154639175,67.0103092783505,10.824742268041238
E00171690,98,27,11,16,71,61,10,27.55102040816326,11.224489795918368,16.3265306122449,72.44897959183673,62.244897959183675,10.204081632653061
E00171691,103,29,16,13,74,70,4,28.155339805825243,15.53398058252427,12.62135922330097,71.84466019417476,67.96116504854369,3.8834951456310676
E00171692,140,58,19,39,82,79,3,41.42857142857143,13.571428571428571,27.857142857142858,58.57142857142858,56.42857142857143,2.142857142857143
E00171693,117,51,18,33,66,59,7,43.58974358974359,15.384615384615385,28.205128205128204,56.41025641025641,50.427350427350426,5.982905982905983
E00171694,146,52,10,42,94,87,7,35.61643835616438,6.8493150684931505,28.767123287671232,64.38356164383562,59.589041095890416,4.794520547945205
E00171695,226,36,9,27,190,167,23,15.929203539823009,3.982300884955752,11.946902654867257,84.070796460177,73.89380530973452,10.176991150442479
E00171696,165,45,16,29,120,108,12,27.27272727272727,9.696969696969697,17.575757575757574,72.72727272727273,65.45454545454545,7.2727272727272725
E00171697,175,41,8,33,134,115,19,23.42857142857143,4.571428571428571,18.857142857142858,76.57142857142857,65.71428571428571,10.857142857142858
E00171698,174,48,13,35,126,105,21,27.586206896551722,7.471264367816093,20.114942528735632,72.41379310344827,60.3448275862069,12.068965517241379
E00171699,137,33,9,24,104,88,16,24.087591240875913,6.569343065693431,17.51824817518248,75.91240875912408,64.23357664233576,11.678832116788321
E00171700,169,36,12,24,133,118,15,21.301775147928996,7.100591715976331,14.201183431952662,78.69822485207101,69.8224852071006,8.875739644970414
E00171701,177,51,11,40,126,106,20,28.8135593220339,6.214689265536723,22.598870056497177,71.1864406779661,59.887005649717516,11.299435028248588
E00171702,170,37,11,26,133,112,21,21.764705882352942,6.470588235294119,15.294117647058824,78.23529411764706,65.88235294117646,12.352941176470589
E00171703,86,25,4,21,61,56,5,29.069767441860467,4.651162790697675,24.418604651162788,70.93023255813954,65.11627906976744,5.813953488372093
E00171704,152,34,9,25,118,104,14,22.36842105263158,5.921052631578947,16.447368421052634,77.63157894736842,68.42105263157895,9.210526315789473
E00171706,141,36,20,16,105,78,27,25.53191489361702,14.184397163120568,11.347517730496454,74.46808510638297,55.319148936170215,19.148936170212767
E00171707,166,46,16,30,120,94,26,27.710843373493976,9.63855421686747,18.072289156626507,72.28915662650603,56.62650602409639,15.66265060240964
E00181417,72,19,4,15,53,51,2,26.38888888888889,5.555555555555555,20.833333333333336,73.61111111111111,70.83333333333334,2.7777777777777777
E00181421,216,39,10,29,177,150,27,18.055555555555554,4.62962962962963,13.425925925925927,81.94444444444444,69.44444444444444,12.5
E00181425,284,69,26,43,215,191,24,24.295774647887324,9.15492957746479,15.140845070422534,75.70422535211267,67.25352112676056,8.450704225352112
E00181427,102,39,9,30,63,63,0,38.23529411764706,8.823529411764707,29.411764705882355,61.76470588235294,61.76470588235294,0
E00181428,72,26,5,21,46,45,1,36.11111111111111,6.944444444444445,29.166666666666668,63.888888888888886,62.5,1.3888888888888888
E00181429,105,13,1,12,92,80,12,12.380952380952381,0.9523809523809524,11.428571428571429,87.61904761904762,76.19047619047619,11.428571428571429
E00181430,133,44,14,30,89,80,9,33.08270676691729,10.526315789473683,22.55639097744361,66.9172932330827,60.150375939849624,6.7669172932330826
E00181435,167,62,18,44,105,93,12,37.12574850299401,10.778443113772456,26.34730538922156,62.874251497005986,55.688622754491014,7.18562874251497
E00181437,161,29,10,19,132,116,16,18.012422360248447,6.211180124223603,11.801242236024844,81.98757763975155,72.04968944099379,9.937888198757763
E00181438,239,65,25,40,174,154,20,27.19665271966527,10.460251046025103,16.736401673640167,72.80334728033473,64.43514644351464,8.368200836820083
E00181442,300,61,20,41,239,222,17,20.333333333333332,6.666666666666667,13.666666666666666,79.66666666666666,74,5.666666666666666
E00181444,129,18,2,16,111,88,23,13.953488372093023,1.550387596899225,12.4031007751938,86.04651162790698,68.21705426356588,17.829457364341085
E00181446,101,25,11,14,76,65,11,24.752475247524753,10.891089108910892,13.861386138613863,75.24752475247524,64.35643564356435,10.891089108910892
E00181448,162,64,14,50,98,98,0,39.50617283950617,8.641975308641975,30.864197530864196,60.49382716049383,60.49382716049383,0
E00181451,226,68,16,52,158,138,20,30.08849557522124,7.079646017699115,23.008849557522122,69.91150442477876,61.06194690265486,8.849557522123893
E00181452,192,30,6,24,162,144,18,15.625,3.125,12.5,84.375,75,9.375
E00181453,36,7,2,5,29,28,1,19.444444444444446,5.555555555555555,13.88888888888889,80.55555555555556,77.77777777777779,2.7777777777777777
E00181456,311,60,18,42,251,218,33,19.292604501607716,5.787781350482315,13.504823151125404,80.70739549839229,70.09646302250803,10.610932475884244
E00181460,160,31,9,22,129,123,6,19.375,5.625,13.750000000000002,80.625,76.875,3.75
E00181462,54,25,6,19,29,24,5,46.2962962962963,11.11111111111111,35.18518518518518,53.70370370370371,44.44444444444444,9.25925925925926
E00181463,81,22,6,16,59,56,3,27.160493827160494,7.4074074074074066,19.753086419753085,72.8395061728395,69.1358024691358,3.7037037037037033
E00181465,26,5,1,4,21,20,1,19.230769230769234,3.8461538461538463,15.384615384615385,80.76923076923077,76.92307692307693,3.8461538461538463
E00181469,109,49,15,34,60,56,4,44.95412844036697,13.761467889908257,31.19266055045872,55.04587155963303,51.37614678899083,3.669724770642202
E00181470,89,43,25,18,46,40,6,48.31460674157304,28.08988764044944,20.224719101123593,51.68539325842697,44.9438202247191,6.741573033707865
E00181471,59,23,7,16,36,35,1,38.983050847457626,11.864406779661017,27.11864406779661,61.016949152542374,59.32203389830508,1.694915254237288
E00181473,120,65,11,54,55,47,8,54.166666666666664,9.166666666666666,45,45.83333333333333,39.166666666666664,6.666666666666667
E00181475,110,39,8,31,71,68,3,35.45454545454545,7.2727272727272725,28.18181818181818,64.54545454545455,61.81818181818181,2.727272727272727
E00181476,134,49,11,38,85,73,12,36.56716417910448,8.208955223880597,28.35820895522388,63.43283582089553,54.47761194029851,8.955223880597014
E00181479,120,47,17,30,73,62,11,39.166666666666664,14.166666666666666,25,60.83333333333333,51.66666666666667,9.166666666666666
E00181481,180,58,22,36,122,107,15,32.22222222222222,12.222222222222221,20,67.77777777777779,59.44444444444444,8.333333333333332
E00181489,205,114,43,71,91,79,12,55.60975609756098,20.975609756097562,34.63414634146341,44.390243902439025,38.53658536585366,5.853658536585367
E00181491,115,30,8,22,85,75,10,26.08695652173913,6.956521739130435,19.130434782608695,73.91304347826086,65.21739130434783,8.695652173913043
E00181492,180,38,6,32,142,116,26,21.11111111111111,3.3333333333333335,17.77777777777778,78.88888888888889,64.44444444444444,14.444444444444443
E00181493,128,39,14,25,89,67,22,30.46875,10.9375,19.53125,69.53125,52.34375,17.1875
E00181494,106,36,14,22,70,65,5,33.9622641509434,13.20754716981132,20.754716981132077,66.0377358490566,61.32075471698113,4.716981132075472
E00181496,59,29,6,23,30,30,0,49.152542372881356,10.16949152542373,38.983050847457626,50.847457627118644,50.847457627118644,0
E00181497,256,72,27,45,184,148,36,28.125,10.546875,17.578125,71.875,57.8125,14.0625
E00181499,50,22,6,16,28,25,3,44,12,32,56.00000000000001,50,6
E00181500,71,32,7,25,39,38,1,45.07042253521127,9.859154929577464,35.2112676056338,54.929577464788736,53.52112676056338,1.4084507042253522
E00181501,131,38,9,29,93,75,18,29.00763358778626,6.870229007633588,22.137404580152673,70.99236641221374,57.25190839694656,13.740458015267176
E00181502,126,67,14,53,59,51,8,53.17460317460318,11.11111111111111,42.06349206349206,46.82539682539682,40.476190476190474,6.349206349206349
