OA,ts0380001,ts0380002,ts0380003,ts0380004,ts0380005,ts0380006,ts0380007,ts0380002_PCT,ts0380003_PCT,ts0380004_PCT,ts0380005_PCT,ts0380006_PCT,ts0380007_PCT
E00024141,367,47,23,24,320,23,297,12.806539509536785,6.267029972752043,6.539509536784741,87.19346049046321,6.267029972752043,80.92643051771117
E00024142,270,44,20,24,226,16,210,16.296296296296298,7.4074074074074066,8.88888888888889,83.7037037037037,5.9259259259259265,77.77777777777779
E00024143,346,48,18,30,298,11,287,13.872832369942195,5.202312138728324,8.670520231213873,86.1271676300578,3.1791907514450863,82.94797687861272
E00024144,261,57,33,24,204,18,186,21.839080459770116,12.643678160919542,9.195402298850574,78.16091954022988,6.896551724137931,71.26436781609196
E00024145,370,61,32,29,309,30,279,16.486486486486488,8.64864864864865,7.837837837837839,83.51351351351352,8.108108108108109,75.4054054054054
E00024146,299,40,13,27,259,26,233,13.377926421404682,4.3478260869565215,9.03010033444816,86.62207357859532,8.695652173913043,77.92642140468227
E00024147,308,60,20,40,248,22,226,19.480519480519483,6.493506493506493,12.987012987012985,80.51948051948052,7.142857142857142,73.37662337662337
E00024148,356,42,16,26,314,19,295,11.797752808988763,4.49438202247191,7.303370786516854,88.20224719101124,5.337078651685393,82.86516853932584
E00024150,236,51,20,31,185,17,168,21.610169491525426,8.47457627118644,13.135593220338984,78.38983050847457,7.203389830508475,71.1864406779661
E00024151,301,42,25,17,259,19,240,13.953488372093023,8.305647840531561,5.647840531561462,86.04651162790698,6.312292358803987,79.734219269103
E00024152,334,75,39,36,259,14,245,22.45508982035928,11.676646706586826,10.778443113772456,77.54491017964071,4.191616766467066,73.35329341317365
E00024153,315,37,20,17,278,14,264,11.746031746031745,6.349206349206349,5.396825396825397,88.25396825396825,4.444444444444445,83.80952380952381
E00024154,352,80,41,39,272,26,246,22.727272727272727,11.647727272727272,11.079545454545455,77.27272727272727,7.386363636363637,69.88636363636364
E00024155,298,67,32,35,231,18,213,22.483221476510067,10.738255033557047,11.74496644295302,77.51677852348993,6.0402684563758395,71.47651006711409
E00024156,374,85,43,42,289,30,259,22.727272727272727,11.497326203208557,11.229946524064172,77.27272727272727,8.0213903743315509,69.25133689839572
E00024157,396,48,25,23,348,15,333,12.121212121212121,6.313131313131313,5.808080808080808,87.87878787878788,3.787878787878788,84.0909090909091
E00024158,340,93,41,52,247,13,234,27.35294117647059,12.058823529411764,15.294117647058824,72.6470588235294,3.823529411764706,68.82352941176471
E00024159,253,47,25,22,206,20,186,18.57707509881423,9.881422924901186,8.695652173913043,81.42292490118577,7.905138339920949,73.51778656126481
E00024160,322,50,21,29,272,15,257,15.527950310559005,6.521739130434782,9.006211180124224,84.472049689441,4.658385093167702,79.8136645962733
E00024161,343,58,27,31,285,24,261,16.909620991253643,7.871720116618077,9.037900874635568,83.09037900874635,6.997084548104956,76.0932944606414
E00024162,313,50,21,29,263,27,236,15.974440894568689,6.7092651757188495,9.26517571884984,84.02555910543131,8.626198083067091,75.39936102236422
E00024163,278,56,35,21,222,14,208,20.14388489208633,12.589928057553957,7.553956834532374,79.85611510791367,5.0359712230215825,74.82014388489209
E00024164,394,64,30,34,330,30,300,16.243654822335024,7.614213197969544,8.629441624365482,83.75634517766497,7.614213197969544,76.14213197969542
E00024165,182,65,34,31,117,9,108,35.714285714285715,18.681318681318682,17.032967032967033,64.28571428571429,4.945054945054945,59.34065934065934
E00024166,354,88,33,55,266,35,231,24.858757062146893,9.322033898305085,15.53672316384181,75.14124293785311,9.887005649717514,65.2542372881356
E00024167,323,80,49,31,243,12,231,24.76780185758514,15.170278637770899,9.597523219814242,75.23219814241486,3.7151702786377707,71.51702786377709
E00024168,282,60,29,31,222,24,198,21.27659574468085,10.28368794326241,10.99290780141844,78.72340425531915,8.51063829787234,70.2127659574468
E00024169,224,56,18,38,168,12,156,25,8.035714285714286,16.964285714285715,75,5.357142857142857,69.64285714285714
E00024170,282,66,34,32,216,20,196,23.404255319148938,12.056737588652481,11.347517730496454,76.59574468085107,7.092198581560284,69.50354609929079
E00024171,411,57,24,33,354,22,332,13.86861313868613,5.839416058394161,8.02919708029197,86.13138686131386,5.35279805352798,80.7785888077859
E00024172,297,50,16,34,247,10,237,16.835016835016837,5.387205387205387,11.447811447811448,83.16498316498317,3.3670033670033668,79.7979797979798
E00024173,233,78,45,33,155,8,147,33.47639484978541,19.313304721030043,14.163090128755366,66.52360515021459,3.4334763948497855,63.0901287553648
E00024175,329,49,24,25,280,19,261,14.893617021276595,7.29483282674772,7.598784194528875,85.1063829787234,5.775075987841945,79.33130699088146
E00024176,314,44,17,27,270,21,249,14.012738853503185,5.414012738853503,8.598726114649681,85.98726114649682,6.687898089171974,79.29936305732484
E00024177,387,35,10,25,352,37,315,9.043927648578812,2.5839793281653747,6.459948320413436,90.95607235142118,9.560723514211885,81.3953488372093
E00024178,350,45,13,32,305,36,269,12.857142857142856,3.7142857142857144,9.142857142857142,87.14285714285714,10.285714285714285,76.85714285714286
E00024179,338,54,21,33,284,21,263,15.976331360946746,6.21301775147929,9.763313609467456,84.02366863905326,6.21301775147929,77.81065088757396
E00024180,291,35,12,23,256,18,238,12.027491408934708,4.123711340206185,7.903780068728522,87.97250859106529,6.185567010309279,81.78694158075601
E00024181,267,36,11,25,231,22,209,13.48314606741573,4.119850187265917,9.363295880149813,86.51685393258427,8.239700374531834,78.27715355805243
E00024182,254,45,25,20,209,21,188,17.716535433070867,9.84251968503937,7.874015748031496,82.28346456692913,8.267716535433072,74.01574803149606
E00024183,428,42,19,23,386,47,339,9.813084112149532,4.439252336448598,5.373831775700935,90.18691588785047,10.981308411214954,79.2056074766355
E00024184,311,50,22,28,261,20,241,16.077170418006432,7.07395498392283,9.003215434083602,83.92282958199357,6.430868167202572,77.491961414791
E00024185,216,34,19,15,182,16,166,15.74074074074074,8.796296296296296,6.944444444444445,84.25925925925925,7.4074074074074066,76.85185185185185
E00024186,305,39,19,20,266,22,244,12.786885245901638,6.229508196721312,6.557377049180328,87.21311475409837,7.213114754098362,80
E00024187,326,37,14,23,289,29,260,11.349693251533742,4.294478527607362,7.05521472392638,88.65030674846625,8.895705521472392,79.75460122699386
E00024188,341,87,66,21,254,31,223,25.513196480938415,19.35483870967742,6.158357771260997,74.48680351906158,9.090909090909092,65.39589442815249
E00024190,246,58,32,26,188,13,175,23.577235772357724,13.008130081300814,10.569105691056912,76.42276422764228,5.284552845528456,71.13821138211382
E00024191,294,63,30,33,231,19,212,21.428571428571427,10.204081632653061,11.224489795918368,78.57142857142857,6.462585034013606,72.10884353741497
E00024192,493,73,29,44,420,31,389,14.807302231237324,5.88235294117647,8.924949290060852,85.19269776876268,6.288032454361055,78.90466531440163
E00024193,357,61,21,40,296,21,275,17.086834733893557,5.88235294117647,11.204481792717088,82.91316526610645,5.88235294117647,77.03081232492998
E00024194,287,61,25,36,226,20,206,21.254355400696863,8.710801393728223,12.543554006968641,78.74564459930313,6.968641114982578,71.77700348432056
E00024195,276,64,37,27,212,11,201,23.18840579710145,13.405797101449277,9.782608695652174,76.81159420289855,3.985507246376811,72.82608695652173
E00024196,250,45,18,27,205,26,179,18,7.199999999999999,10.8,82,10.4,71.6
E00024197,287,48,13,35,239,21,218,16.72473867595819,4.529616724738676,12.195121951219512,83.27526132404182,7.317073170731707,75.9581881533101
E00024198,294,67,26,41,227,25,202,22.789115646258505,8.843537414965986,13.945578231292515,77.21088435374149,8.503401360544217,68.70748299319727
E00024200,305,81,53,28,224,18,206,26.557377049180324,17.37704918032787,9.180327868852459,73.44262295081967,5.901639344262295,67.54098360655738
E00024201,313,50,15,35,263,22,241,15.974440894568689,4.792332268370607,11.182108626198083,84.02555910543131,7.0287539936102235,76.99680511182109
E00024202,329,41,11,30,288,27,261,12.462006079027356,3.343465045592705,9.118541033434651,87.53799392097264,8.206686930091186,79.33130699088146
E00024203,312,59,22,37,253,31,222,18.91025641025641,7.051282051282051,11.858974358974358,81.08974358974359,9.935897435897436,71.15384615384616
E00024204,257,47,26,21,210,22,188,18.28793774319066,10.116731517509727,8.171206225680933,81.71206225680933,8.560311284046692,73.15175097276264
E00024205,280,56,22,34,224,17,207,20,7.857142857142857,12.142857142857142,80,6.071428571428571,73.92857142857143
E00024206,251,57,35,22,194,16,178,22.709163346613543,13.94422310756972,8.764940239043826,77.29083665338645,6.374501992031872,70.91633466135458
E00024207,338,63,29,34,275,21,254,18.639053254437872,8.579881656804734,10.059171597633137,81.36094674556213,6.21301775147929,75.14792899408283
E00024208,551,124,60,64,427,31,396,22.50453720508167,10.88929219600726,11.61524500907441,77.49546279491834,5.626134301270418,71.86932849364791
E00024210,301,55,23,32,246,30,216,18.272425249169437,7.641196013289036,10.631229235880399,81.72757475083057,9.966777408637874,71.76079734219269
E00024211,310,53,20,33,257,24,233,17.096774193548388,6.451612903225806,10.64516129032258,82.9032258064516,7.741935483870968,75.16129032258064
E00024212,265,46,21,25,219,14,205,17.358490566037734,7.9245283018867925,9.433962264150944,82.64150943396227,5.283018867924529,77.35849056603774
E00024213,249,70,44,26,179,14,165,28.11244979919679,17.670682730923694,10.441767068273093,71.8875502008032,5.622489959839357,66.26506024096386
E00024215,374,120,76,44,254,23,231,32.085561497326204,20.32085561497326,11.76470588235294,67.9144385026738,6.149732620320856,61.76470588235294
E00024216,428,97,48,49,331,27,304,22.66355140186916,11.214953271028037,11.448598130841122,77.33644859813083,6.308411214953271,71.02803738317756
E00024217,318,66,25,41,252,22,230,20.754716981132077,7.861635220125786,12.89308176100629,79.24528301886792,6.918238993710692,72.32704402515722
E00024218,281,81,47,34,200,18,182,28.825622775800714,16.72597864768683,12.099644128113878,71.17437722419929,6.405693950177936,64.76868327402136
E00024219,550,75,29,46,475,34,441,13.636363636363635,5.2727272727272725,8.363636363636363,86.36363636363636,6.181818181818182,80.18181818181817
E00024220,169,37,19,18,132,12,120,21.893491124260358,11.242603550295858,10.650887573964498,78.10650887573965,7.100591715976331,71.00591715976331
E00024221,221,51,24,27,170,13,157,23.076923076923077,10.85972850678733,12.217194570135746,76.92307692307693,5.88235294117647,71.04072398190046
E00024222,404,58,20,38,346,30,316,14.356435643564355,4.9504950495049505,9.405940594059405,85.64356435643565,7.425742574257425,78.21782178217822
E00024223,440,75,27,48,365,33,332,17.045454545454543,6.136363636363637,10.909090909090908,82.95454545454545,7.5,75.45454545454545
E00024224,326,70,31,39,256,17,239,21.472392638036812,9.509202453987731,11.96319018404908,78.52760736196319,5.214723926380368,73.31288343558282
E00024225,494,91,29,62,403,27,376,18.421052631578945,5.870445344129554,12.550607287449392,81.57894736842105,5.465587044534413,76.11336032388664
E00024226,209,39,14,25,170,28,142,18.660287081339714,6.698564593301436,11.961722488038278,81.3397129186603,13.397129186602871,67.94258373205741
E00024227,250,50,18,32,200,18,182,20,7.199999999999999,12.8,80,7.199999999999999,72.8
E00024228,363,88,39,49,275,12,263,24.242424242424242,10.743801652892563,13.498622589531681,75.75757575757575,3.3057851239669422,72.45179063360881
E00024229,311,92,44,48,219,31,188,29.581993569131832,14.14790996784566,15.434083601286176,70.41800643086816,9.967845659163988,60.45016077170418
E00024230,261,70,42,28,191,16,175,26.81992337164751,16.091954022988507,10.727969348659004,73.18007662835248,6.130268199233716,67.04980842911877
E00024231,249,61,29,32,188,17,171,24.497991967871485,11.646586345381527,12.851405622489958,75.50200803212851,6.827309236947792,68.67469879518072
E00024232,220,62,36,26,158,12,146,28.18181818181818,16.363636363636363,11.818181818181818,71.81818181818181,5.454545454545454,66.36363636363637
E00024233,313,51,24,27,262,20,242,16.293929712460063,7.667731629392971,8.626198083067091,83.70607028753993,6.3897763578274756,77.31629392971246
E00024234,323,42,11,31,281,21,260,13.003095975232199,3.4055727554179565,9.597523219814242,86.9969040247678,6.5015479876160995,80.4953560371517
E00024235,402,99,54,45,303,24,279,24.62686567164179,13.432835820895523,11.194029850746269,75.3731343283582,5.970149253731343,69.40298507462687
E00024236,334,57,21,36,277,25,252,17.065868263473057,6.287425149700598,10.778443113772456,82.93413173652695,7.48502994011976,75.44910179640718
E00024237,281,52,26,26,229,16,213,18.505338078291814,9.252669039145907,9.252669039145907,81.49466192170819,5.6939501779359425,75.80071174377224
E00024238,357,94,48,46,263,27,236,26.330532212885156,13.445378151260504,12.885154061624648,73.66946778711485,7.563025210084033,66.1064425770308
E00024239,334,36,18,18,298,25,273,10.778443113772456,5.389221556886228,5.389221556886228,89.22155688622755,7.48502994011976,81.73652694610777
E00024240,251,38,21,17,213,27,186,15.139442231075698,8.366533864541832,6.772908366533864,84.86055776892431,10.756972111553784,74.10358565737052
E00024241,267,42,14,28,225,17,208,15.730337078651685,5.2434456928838955,10.486891385767791,84.26966292134831,6.367041198501873,77.90262172284645
E00024242,264,49,22,27,215,22,193,18.560606060606062,8.333333333333332,10.227272727272728,81.43939393939394,8.333333333333332,73.10606060606061
E00024243,282,65,26,39,217,20,197,23.04964539007092,9.219858156028367,13.829787234042554,76.95035460992908,7.092198581560284,69.8581560283688
E00024244,269,40,16,24,229,16,213,14.869888475836431,5.947955390334572,8.921933085501859,85.13011152416357,5.947955390334572,79.182156133829
E00024245,217,47,21,26,170,14,156,21.658986175115206,9.67741935483871,11.981566820276496,78.3410138248848,6.451612903225806,71.88940092165899
E00024246,285,43,21,22,242,20,222,15.087719298245613,7.368421052631578,7.719298245614035,84.91228070175438,7.017543859649122,77.89473684210526
E00024247,265,47,16,31,218,30,188,17.735849056603772,6.037735849056604,11.69811320754717,82.26415094339623,11.320754716981133,70.94339622641509
E00024248,275,65,26,39,210,26,184,23.636363636363637,9.454545454545455,14.181818181818182,76.36363636363637,9.454545454545455,66.9090909090909
E00024249,314,39,13,26,275,22,253,12.420382165605096,4.140127388535031,8.280254777070063,87.57961783439491,7.006369426751593,80.57324840764332
E00024250,308,41,17,24,267,38,229,13.311688311688311,5.51948051948052,7.792207792207792,86.68831168831169,12.337662337662337,74.35064935064936
E00024251,315,33,13,20,282,23,259,10.476190476190476,4.1269841269841265,6.349206349206349,89.52380952380953,7.301587301587302,82.22222222222221
E00024252,344,70,28,42,274,19,255,20.348837209302324,8.13953488372093,12.209302325581394,79.65116279069767,5.523255813953488,74.12790697674419
E00024253,245,48,24,24,197,15,182,19.591836734693878,9.795918367346939,9.795918367346939,80.40816326530611,6.122448979591836,74.28571428571429
E00024254,215,62,34,28,153,15,138,28.837209302325583,15.813953488372093,13.023255813953488,71.16279069767441,6.976744186046512,64.18604651162791
E00024255,281,92,39,53,189,18,171,32.74021352313167,13.87900355871886,18.86120996441281,67.25978647686833,6.405693950177936,60.854092526690394
E00024256,382,90,42,48,292,17,275,23.56020942408377,10.99476439790576,12.56544502617801,76.43979057591623,4.450261780104712,71.98952879581152
E00024257,307,69,37,32,238,12,226,22.475570032573287,12.052117263843648,10.423452768729643,77.52442996742671,3.908794788273615,73.61563517915309
E00024258,278,55,32,23,223,14,209,19.784172661870503,11.510791366906476,8.273381294964029,80.2158273381295,5.0359712230215825,75.17985611510791
E00024259,313,38,13,25,275,29,246,12.140575079872203,4.15335463258786,7.987220447284344,87.8594249201278,9.26517571884984,78.59424920127796
E00024260,228,40,16,24,188,15,173,17.543859649122805,7.017543859649122,10.526315789473683,82.45614035087719,6.578947368421052,75.87719298245614
E00024261,323,47,11,36,276,28,248,14.551083591331269,3.4055727554179565,11.145510835913312,85.44891640866872,8.6687306501548,76.78018575851394
E00024262,288,62,16,46,226,26,200,21.52777777777778,5.555555555555555,15.972222222222221,78.47222222222221,9.027777777777777,69.44444444444444
E00024263,356,63,21,42,293,25,268,17.696629213483146,5.8988764044943816,11.797752808988763,82.30337078651685,7.02247191011236,75.28089887640449
E00024264,287,55,20,35,232,25,207,19.16376306620209,6.968641114982578,12.195121951219512,80.8362369337979,8.710801393728223,72.12543554006969
E00024265,269,51,18,33,218,19,199,18.95910780669145,6.691449814126393,12.267657992565056,81.04089219330855,7.063197026022305,73.97769516728626
E00024266,279,32,11,21,247,25,222,11.469534050179211,3.942652329749104,7.526881720430108,88.5304659498208,8.960573476702509,79.56989247311827
E00024267,281,37,14,23,244,14,230,13.167259786476867,4.98220640569395,8.185053380782918,86.83274021352312,4.98220640569395,81.85053380782918
E00024268,265,59,24,35,206,19,187,22.264150943396228,9.056603773584905,13.20754716981132,77.73584905660378,7.169811320754717,70.56603773584905
E00024269,285,49,23,26,236,21,215,17.192982456140353,8.070175438596491,9.12280701754386,82.80701754385966,7.368421052631578,75.43859649122807
E00024270,271,55,25,30,216,22,194,20.29520295202952,9.22509225092251,11.07011070110701,79.70479704797047,8.118081180811808,71.58671586715867
E00024271,223,33,13,20,190,8,182,14.798206278026907,5.829596412556054,8.968609865470851,85.20179372197309,3.587443946188341,81.61434977578476
E00024272,214,54,23,31,160,17,143,25.233644859813083,10.74766355140187,14.485981308411214,74.76635514018692,7.943925233644859,66.82242990654206
E00024273,219,40,18,22,179,15,164,18.2648401826484,8.21917808219178,10.045662100456621,81.7351598173516,6.8493150684931505,74.88584474885845
E00024274,294,68,28,40,226,36,190,23.12925170068027,9.523809523809524,13.60544217687075,76.87074829931973,12.244897959183673,64.62585034013605
E00024275,243,45,18,27,198,18,180,18.51851851851852,7.4074074074074066,11.11111111111111,81.48148148148148,7.4074074074074066,74.07407407407408
E00024276,394,95,37,58,299,13,286,24.111675126903553,9.390862944162437,14.720812182741117,75.88832487309645,3.2994923857868024,72.58883248730965
E00024277,304,64,34,30,240,18,222,21.052631578947366,11.18421052631579,9.868421052631579,78.94736842105263,5.921052631578947,73.02631578947368
E00024278,339,60,25,35,279,18,261,17.699115044247787,7.374631268436578,10.32448377581121,82.30088495575221,5.3097345132743365,76.99115044247787
E00024279,236,73,33,40,163,16,147,30.93220338983051,13.983050847457626,16.94915254237288,69.0677966101695,6.779661016949152,62.28813559322034
E00024280,417,99,46,53,318,17,301,23.741007194244602,11.031175059952037,12.709832134292565,76.2589928057554,4.07673860911271,72.18225419664267
E00024281,425,109,55,54,316,15,301,25.647058823529413,12.941176470588237,12.705882352941176,74.3529411764706,3.5294117647058822,70.82352941176471
E00024282,382,44,19,25,338,24,314,11.518324607329843,4.973821989528796,6.544502617801047,88.48167539267016,6.282722513089005,82.19895287958116
E00024283,263,75,28,47,188,10,178,28.517110266159694,10.646387832699618,17.870722433460077,71.48288973384031,3.802281368821293,67.68060836501901
E00024284,367,69,36,33,298,15,283,18.80108991825613,9.809264305177113,8.991825613079019,81.19891008174388,4.087193460490464,77.11171662125341
E00024285,332,110,56,54,222,11,211,33.13253012048193,16.867469879518072,16.265060240963855,66.86746987951807,3.313253012048193,63.55421686746988
E00024286,314,89,49,40,225,15,210,28.343949044585987,15.605095541401273,12.738853503184714,71.656050955414,4.777070063694268,66.87898089171973
E00024287,337,76,45,31,261,19,242,22.551928783382788,13.353115727002967,9.198813056379821,77.44807121661721,5.637982195845697,71.81008902077151
E00024288,384,73,34,39,311,25,286,19.010416666666664,8.854166666666668,10.15625,80.98958333333334,6.510416666666667,74.47916666666666
E00024289,321,58,36,22,263,25,238,18.06853582554517,11.214953271028037,6.853582554517133,81.93146417445483,7.78816199376947,74.14330218068535
E00024290,239,129,88,41,110,8,102,53.97489539748954,36.82008368200837,17.154811715481173,46.02510460251046,3.3472803347280333,42.67782426778243
E00024291,291,51,20,31,240,22,218,17.525773195876287,6.872852233676976,10.652920962199312,82.4742268041237,7.560137457044673,74.91408934707904
E00024292,276,55,18,37,221,17,204,19.92753623188406,6.521739130434782,13.405797101449277,80.07246376811594,6.159420289855073,73.91304347826086
E00024293,310,42,20,22,268,25,243,13.548387096774196,6.451612903225806,7.096774193548387,86.45161290322581,8.064516129032258,78.38709677419354
E00024294,314,74,39,35,240,15,225,23.56687898089172,12.420382165605096,11.146496815286625,76.43312101910828,4.777070063694268,71.656050955414
E00024295,337,62,25,37,275,24,251,18.397626112759642,7.418397626112759,10.979228486646884,81.60237388724035,7.121661721068249,74.4807121661721
E00024296,255,65,29,36,190,20,170,25.49019607843137,11.372549019607844,14.117647058823529,74.50980392156863,7.8431372549019605,66.66666666666666
E00024297,276,61,23,38,215,17,198,22.10144927536232,8.333333333333332,13.768115942028986,77.89855072463769,6.159420289855073,71.73913043478261
E00024298,311,80,31,49,231,11,220,25.723472668810288,9.967845659163988,15.755627009646304,74.27652733118971,3.536977491961415,70.7395498392283
E00024299,263,54,23,31,209,14,195,20.53231939163498,8.745247148288973,11.787072243346007,79.46768060836501,5.323193916349809,74.1444866920152
E00024300,412,95,43,52,317,29,288,23.058252427184467,10.436893203883495,12.62135922330097,76.94174757281553,7.038834951456311,69.90291262135922
E00024301,230,71,38,33,159,16,143,30.869565217391305,16.52173913043478,14.347826086956522,69.1304347826087,6.956521739130435,62.17391304347826
E00024302,236,61,29,32,175,17,158,25.847457627118644,12.288135593220339,13.559322033898304,74.15254237288136,7.203389830508475,66.94915254237289
E00024303,203,45,18,27,158,17,141,22.167487684729064,8.866995073891626,13.30049261083744,77.83251231527095,8.374384236453201,69.45812807881774
E00024304,309,75,45,30,234,12,222,24.271844660194176,14.563106796116504,9.70873786407767,75.72815533980582,3.8834951456310676,71.84466019417476
E00024305,300,46,21,25,254,19,235,15.333333333333332,7.000000000000001,8.333333333333332,84.66666666666667,6.333333333333334,78.33333333333333
E00024306,261,55,27,28,206,8,198,21.0727969348659,10.344827586206897,10.727969348659004,78.9272030651341,3.065134099616858,75.86206896551724
E00024307,326,84,39,45,242,10,232,25.766871165644172,11.96319018404908,13.803680981595093,74.23312883435584,3.067484662576687,71.16564417177914
E00024308,320,53,23,30,267,30,237,16.5625,7.187499999999999,9.375,83.4375,9.375,74.0625
E00024309,249,58,30,28,191,24,167,23.293172690763054,12.048192771084338,11.244979919678714,76.70682730923694,9.63855421686747,67.06827309236948
E00024310,291,52,17,35,239,24,215,17.869415807560138,5.841924398625429,12.027491408934708,82.13058419243985,8.24742268041237,73.8831615120275
E00024311,402,71,27,44,331,28,303,17.66169154228856,6.7164179104477615,10.945273631840797,82.33830845771143,6.965174129353234,75.3731343283582
E00024312,287,56,18,38,231,22,209,19.51219512195122,6.2717770034843205,13.240418118466899,80.48780487804879,7.665505226480835,72.82229965156795
E00024314,346,75,43,32,271,25,246,21.67630057803468,12.427745664739884,9.248554913294797,78.32369942196532,7.225433526011561,71.09826589595376
E00024315,274,73,31,42,201,13,188,26.642335766423358,11.313868613138686,15.328467153284672,73.35766423357664,4.744525547445255,68.61313868613139
E00024316,425,105,56,49,320,14,306,24.705882352941178,13.176470588235295,11.529411764705882,75.29411764705883,3.294117647058824,72
E00024317,451,111,57,54,340,24,316,24.6119733924612,12.638580931263856,11.973392461197339,75.3880266075388,5.321507760532151,70.06651884700665
E00024318,420,80,35,45,340,21,319,19.047619047619047,8.333333333333332,10.714285714285714,80.95238095238095,5,75.95238095238095
E00024319,404,73,23,50,331,39,292,18.06930693069307,5.693069306930694,12.376237623762377,81.93069306930693,9.653465346534654,72.27722772277228
E00024320,291,48,17,31,243,30,213,16.49484536082474,5.841924398625429,10.652920962199312,83.50515463917526,10.309278350515463,73.19587628865979
E00024321,271,31,9,22,240,20,220,11.439114391143912,3.3210332103321036,8.118081180811808,88.56088560885608,7.380073800738007,81.18081180811808
E00024322,440,72,22,50,368,43,325,16.363636363636363,5,11.363636363636363,83.63636363636363,9.772727272727273,73.86363636363636
E00024323,286,36,12,24,250,24,226,12.587412587412588,4.195804195804196,8.391608391608392,87.41258741258741,8.391608391608392,79.02097902097903
E00024324,314,41,18,23,273,18,255,13.05732484076433,5.7324840764331215,7.32484076433121,86.94267515923568,5.7324840764331215,81.21019108280255
E00024325,280,39,12,27,241,24,217,13.928571428571429,4.285714285714286,9.642857142857144,86.07142857142858,8.571428571428571,77.5
E00024326,294,72,28,44,222,14,208,24.489795918367346,9.523809523809524,14.965986394557824,75.51020408163265,4.761904761904762,70.74829931972789
E00024327,281,64,29,35,217,18,199,22.77580071174377,10.320284697508896,12.455516014234876,77.22419928825623,6.405693950177936,70.8185053380783
E00024328,258,48,24,24,210,20,190,18.6046511627907,9.30232558139535,9.30232558139535,81.3953488372093,7.751937984496124,73.64341085271317
E00024329,473,47,16,31,426,40,386,9.936575052854122,3.382663847780127,6.553911205073996,90.06342494714588,8.456659619450317,81.60676532769557
E00024330,226,68,28,40,158,17,141,30.08849557522124,12.389380530973451,17.699115044247787,69.91150442477876,7.52212389380531,62.38938053097345
E00024331,306,47,20,27,259,23,236,15.359477124183007,6.535947712418301,8.823529411764707,84.640522875817,7.516339869281046,77.12418300653596
E00024332,404,59,13,46,345,31,314,14.603960396039604,3.217821782178218,11.386138613861387,85.39603960396039,7.673267326732673,77.72277227722772
E00024333,289,69,41,28,220,15,205,23.875432525951556,14.186851211072666,9.688581314878892,76.12456747404845,5.190311418685121,70.93425605536332
E00024334,286,61,19,42,225,13,212,21.328671328671327,6.643356643356643,14.685314685314685,78.67132867132867,4.545454545454546,74.12587412587412
E00024335,256,50,19,31,206,17,189,19.53125,7.421875,12.109375,80.46875,6.640625,73.828125
E00024336,318,47,14,33,271,32,239,14.779874213836477,4.40251572327044,10.377358490566039,85.22012578616352,10.062893081761008,75.15723270440252
E00024337,295,28,8,20,267,25,242,9.491525423728813,2.711864406779661,6.779661016949152,90.5084745762712,8.47457627118644,82.03389830508473
E00024338,295,50,18,32,245,23,222,16.94915254237288,6.101694915254238,10.847457627118644,83.05084745762711,7.796610169491526,75.2542372881356
E00024339,258,32,15,17,226,20,206,12.4031007751938,5.813953488372093,6.5891472868217065,87.59689922480621,7.751937984496124,79.84496124031007
E00024340,393,52,19,33,341,35,306,13.231552162849871,4.8346055979643765,8.396946564885496,86.76844783715013,8.9058524173028,77.86259541984732
E00024341,376,90,44,46,286,26,260,23.93617021276596,11.702127659574469,12.23404255319149,76.06382978723404,6.914893617021277,69.14893617021278
E00024342,385,83,40,43,302,24,278,21.558441558441558,10.38961038961039,11.168831168831169,78.44155844155844,6.233766233766234,72.20779220779221
E00024343,306,72,30,42,234,14,220,23.52941176470588,9.803921568627452,13.725490196078432,76.47058823529412,4.57516339869281,71.89542483660131
E00024344,375,92,61,31,283,20,263,24.53333333333333,16.266666666666666,8.266666666666666,75.46666666666667,5.333333333333334,70.13333333333334
E00024345,300,67,30,37,233,11,222,22.333333333333332,10,12.333333333333334,77.66666666666666,3.6666666666666665,74
E00024346,228,46,20,26,182,9,173,20.175438596491226,8.771929824561402,11.403508771929824,79.82456140350878,3.9473684210526314,75.87719298245614
E00024347,329,50,13,37,279,22,257,15.19756838905775,3.951367781155015,11.246200607902736,84.80243161094225,6.68693009118541,78.11550151975683
E00024348,276,33,7,26,243,21,222,11.956521739130435,2.536231884057971,9.420289855072465,88.04347826086956,7.608695652173914,80.43478260869566
E00024349,303,28,16,12,275,19,256,9.24092409240924,5.2805280528052805,3.9603960396039604,90.75907590759076,6.270627062706271,84.48844884488449
E00024350,244,45,14,31,199,22,177,18.442622950819672,5.737704918032787,12.704918032786885,81.55737704918032,9.01639344262295,72.54098360655738
E00024351,378,53,19,34,325,39,286,14.02116402116402,5.026455026455026,8.994708994708994,85.97883597883597,10.317460317460316,75.66137566137566
E00024352,274,29,13,16,245,26,219,10.583941605839415,4.744525547445255,5.839416058394161,89.41605839416059,9.48905109489051,79.92700729927007
E00024353,237,35,17,18,202,25,177,14.767932489451477,7.172995780590717,7.59493670886076,85.23206751054853,10.548523206751055,74.68354430379746
E00024354,336,38,20,18,298,25,273,11.30952380952381,5.952380952380952,5.357142857142857,88.69047619047619,7.440476190476191,81.25
E00024355,314,39,20,19,275,15,260,12.420382165605096,6.369426751592357,6.050955414012739,87.57961783439491,4.777070063694268,82.80254777070064
E00024356,409,41,12,29,368,34,334,10.024449877750612,2.93398533007335,7.090464547677261,89.97555012224939,8.312958435207824,81.66259168704157
E00024357,266,32,13,19,234,23,211,12.030075187969924,4.887218045112782,7.142857142857142,87.96992481203007,8.646616541353383,79.32330827067669
E00024358,265,36,11,25,229,27,202,13.584905660377359,4.150943396226415,9.433962264150944,86.41509433962264,10.18867924528302,76.22641509433963
E00024359,414,43,19,24,371,23,348,10.38647342995169,4.5893719806763285,5.797101449275362,89.61352657004831,5.555555555555555,84.05797101449275
E00024360,239,28,13,15,211,19,192,11.715481171548117,5.439330543933055,6.2761506276150625,88.28451882845188,7.949790794979079,80.3347280334728
E00024361,329,39,14,25,290,32,258,11.854103343465045,4.25531914893617,7.598784194528875,88.14589665653494,9.72644376899696,78.419452887538
E00024362,343,51,26,25,292,33,259,14.868804664723031,7.580174927113703,7.288629737609329,85.13119533527697,9.620991253644315,75.51020408163265
E00024363,337,49,17,32,288,28,260,14.540059347181009,5.044510385756676,9.495548961424333,85.45994065281899,8.30860534124629,77.1513353115727
E00024364,239,47,18,29,192,22,170,19.665271966527197,7.531380753138076,12.133891213389122,80.3347280334728,9.205020920502092,71.1297071129707
E00024365,311,37,16,21,274,24,250,11.89710610932476,5.144694533762058,6.752411575562702,88.10289389067523,7.717041800643088,80.38585209003215
E00024366,356,76,43,33,280,8,272,21.34831460674157,12.07865168539326,9.269662921348315,78.65168539325843,2.247191011235955,76.40449438202246
E00024367,513,87,47,40,426,22,404,16.95906432748538,9.161793372319687,7.797270955165692,83.04093567251462,4.28849902534113,78.75243664717348
E00024369,421,74,34,40,347,21,326,17.577197149643705,8.076009501187649,9.501187648456057,82.42280285035629,4.98812351543943,77.43467933491686
E00024370,540,79,39,40,461,10,451,14.629629629629628,7.222222222222221,7.4074074074074066,85.37037037037038,1.8518518518518516,83.51851851851852
E00024371,345,79,49,30,266,4,262,22.89855072463768,14.202898550724639,8.695652173913043,77.10144927536233,1.1594202898550725,75.94202898550725
E00024372,497,61,35,26,436,15,421,12.273641851106639,7.042253521126761,5.23138832997988,87.72635814889335,3.0181086519114686,84.70824949698189
E00024373,319,60,29,31,259,11,248,18.808777429467085,9.090909090909092,9.717868338557993,81.19122257053291,3.4482758620689653,77.74294670846395
E00024374,305,57,28,29,248,8,240,18.688524590163937,9.180327868852459,9.508196721311474,81.31147540983606,2.622950819672131,78.68852459016394
E00024375,428,65,42,23,363,17,346,15.186915887850466,9.813084112149532,5.373831775700935,84.81308411214953,3.9719626168224296,80.8411214953271
E00024376,449,61,30,31,388,32,356,13.585746102449889,6.6815144766147,6.904231625835189,86.41425389755011,7.126948775055679,79.28730512249443
E00024377,329,51,20,31,278,8,270,15.501519756838904,6.079027355623101,9.422492401215806,84.49848024316108,2.43161094224924,82.06686930091185
E00024378,565,67,41,26,498,17,481,11.858407079646017,7.256637168141593,4.601769911504425,88.14159292035399,3.0088495575221237,85.13274336283186
E00024379,408,33,13,20,375,9,366,8.088235294117647,3.1862745098039214,4.901960784313726,91.91176470588235,2.2058823529411766,89.70588235294117
E00024380,359,52,27,25,307,14,293,14.484679665738161,7.520891364902507,6.963788300835655,85.51532033426183,3.8997214484679668,81.61559888579387
E00024381,377,67,37,30,310,8,302,17.771883289124666,9.814323607427056,7.957559681697612,82.22811671087533,2.122015915119363,80.10610079575596
E00024383,526,71,33,38,455,18,437,13.498098859315588,6.273764258555133,7.224334600760455,86.50190114068441,3.4220532319391634,83.07984790874525
E00024384,335,41,18,23,294,16,278,12.238805970149254,5.3731343283582085,6.865671641791045,87.76119402985074,4.776119402985075,82.98507462686567
E00024385,379,58,32,26,321,18,303,15.303430079155673,8.443271767810026,6.860158311345646,84.69656992084433,4.749340369393139,79.94722955145119
E00024386,469,64,36,28,405,18,387,13.646055437100213,7.675906183368871,5.970149253731343,86.35394456289978,3.8379530916844353,82.51599147121536
E00024387,596,96,63,33,500,14,486,16.10738255033557,10.570469798657719,5.5369127516778525,83.89261744966443,2.348993288590604,81.54362416107382
E00024388,349,61,31,30,288,14,274,17.478510028653297,8.882521489971348,8.595988538681947,82.52148997134671,4.011461318051576,78.51002865329512
E00024389,366,73,43,30,293,21,272,19.94535519125683,11.748633879781421,8.19672131147541,80.05464480874316,5.737704918032787,74.31693989071039
E00024391,239,52,20,32,187,21,166,21.75732217573222,8.368200836820083,13.389121338912133,78.24267782426779,8.786610878661087,69.4560669456067
E00024392,530,72,40,32,458,12,446,13.584905660377359,7.547169811320755,6.037735849056604,86.41509433962264,2.2641509433962264,84.15094339622642
E00024394,278,55,25,30,223,15,208,19.784172661870503,8.992805755395683,10.79136690647482,80.2158273381295,5.39568345323741,74.82014388489209
E00024395,311,56,27,29,255,10,245,18.006430868167204,8.681672025723474,9.32475884244373,81.9935691318328,3.215434083601286,78.77813504823152
E00024396,310,65,27,38,245,17,228,20.967741935483872,8.709677419354838,12.258064516129032,79.03225806451613,5.483870967741936,73.54838709677419
E00024397,330,63,31,32,267,17,250,19.090909090909093,9.393939393939393,9.696969696969697,80.9090909090909,5.151515151515151,75.75757575757575
E00024398,492,127,79,48,365,34,331,25.8130081300813,16.056910569105693,9.75609756097561,74.1869918699187,6.910569105691057,67.27642276422763
E00024399,340,83,44,39,257,13,244,24.41176470588235,12.941176470588237,11.470588235294118,75.58823529411765,3.823529411764706,71.76470588235294
E00024400,303,66,33,33,237,6,231,21.782178217821784,10.891089108910892,10.891089108910892,78.21782178217822,1.9801980198019802,76.23762376237624
E00024401,540,66,31,35,474,29,445,12.222222222222221,5.7407407407407405,6.481481481481481,87.77777777777777,5.37037037037037,82.4074074074074
E00024402,374,114,78,36,260,26,234,30.481283422459892,20.855614973262032,9.62566844919786,69.5187165775401,6.951871657754011,62.56684491978609
E00024403,206,66,36,30,140,17,123,32.038834951456316,17.475728155339805,14.563106796116504,67.96116504854369,8.25242718446602,59.70873786407766
E00024404,262,51,23,28,211,19,192,19.46564885496183,8.778625954198473,10.687022900763358,80.53435114503816,7.251908396946565,73.2824427480916
E00024405,493,52,28,24,441,11,430,10.547667342799189,5.679513184584178,4.86815415821501,89.4523326572008,2.231237322515213,87.2210953346856
E00024406,470,67,40,27,403,8,395,14.255319148936172,8.51063829787234,5.74468085106383,85.74468085106382,1.702127659574468,84.04255319148936
E00024407,530,131,71,60,399,19,380,24.71698113207547,13.39622641509434,11.320754716981133,75.28301886792454,3.5849056603773586,71.69811320754717
E00024408,513,116,65,51,397,25,372,22.612085769980506,12.670565302144249,9.941520467836257,77.38791423001949,4.8732943469785575,72.51461988304094
E00024409,518,81,42,39,437,13,424,15.637065637065636,8.108108108108109,7.5289575289575295,84.36293436293437,2.5096525096525095,81.85328185328186
E00024410,528,49,32,17,479,19,460,9.280303030303031,6.0606060606060606,3.2196969696969697,90.71969696969697,3.5984848484848486,87.12121212121212
E00024411,486,81,44,37,405,10,395,16.666666666666664,9.053497942386832,7.613168724279835,83.33333333333334,2.05761316872428,81.27572016460906
E00024412,333,49,24,25,284,8,276,14.714714714714713,7.207207207207207,7.5075075075075075,85.28528528528528,2.4024024024024024,82.88288288288288
E00024413,518,74,54,20,444,19,425,14.285714285714285,10.424710424710424,3.861003861003861,85.71428571428571,3.667953667953668,82.04633204633205
E00024416,200,61,40,21,139,5,134,30.5,20,10.5,69.5,2.5,67
E00024417,411,58,28,30,353,12,341,14.111922141119221,6.81265206812652,7.2992700729927,85.88807785888078,2.9197080291970803,82.9683698296837
E00024418,331,60,27,33,271,12,259,18.12688821752266,8.157099697885197,9.969788519637463,81.87311178247734,3.625377643504532,78.24773413897282
E00024419,389,44,24,20,345,10,335,11.311053984575835,6.169665809768637,5.141388174807198,88.68894601542416,2.570694087403599,86.11825192802056
E00024420,293,50,26,24,243,4,239,17.064846416382252,8.873720136518772,8.19112627986348,82.93515358361775,1.3651877133105803,81.56996587030717
E00024421,301,60,33,27,241,11,230,19.93355481727575,10.96345514950166,8.970099667774086,80.06644518272425,3.6544850498338874,76.41196013289037
E00024422,490,60,25,35,430,10,420,12.244897959183673,5.1020408163265305,7.142857142857142,87.75510204081633,2.0408163265306123,85.71428571428571
E00024423,424,56,31,25,368,8,360,13.20754716981132,7.311320754716981,5.89622641509434,86.79245283018868,1.8867924528301887,84.90566037735849
E00024424,287,42,18,24,245,9,236,14.634146341463413,6.2717770034843205,8.362369337979095,85.36585365853658,3.1358885017421603,82.22996515679442
E00024425,299,81,54,27,218,5,213,27.09030100334448,18.06020066889632,9.03010033444816,72.90969899665552,1.6722408026755853,71.23745819397993
E00024426,289,43,18,25,246,14,232,14.878892733564014,6.228373702422145,8.650519031141869,85.12110726643598,4.844290657439446,80.27681660899654
E00024427,277,46,27,19,231,10,221,16.60649819494585,9.747292418772563,6.859205776173286,83.39350180505414,3.6101083032490973,79.78339350180505
E00024428,363,43,21,22,320,12,308,11.84573002754821,5.785123966942149,6.0606060606060606,88.1542699724518,3.3057851239669422,84.84848484848484
E00024429,442,49,32,17,393,16,377,11.085972850678733,7.239819004524888,3.8461538461538463,88.91402714932126,3.619909502262444,85.29411764705883
E00024430,251,69,46,23,182,10,172,27.490039840637447,18.326693227091635,9.163346613545817,72.50996015936255,3.9840637450199203,68.52589641434263
E00024431,289,86,51,35,203,3,200,29.757785467128027,17.647058823529413,12.110726643598616,70.24221453287197,1.0380622837370241,69.20415224913495
E00024432,145,69,30,39,76,7,69,47.58620689655172,20.689655172413794,26.89655172413793,52.41379310344828,4.827586206896552,47.58620689655172
E00024433,277,65,35,30,212,18,194,23.465703971119133,12.63537906137184,10.830324909747292,76.53429602888086,6.4981949458483745,70.03610108303249
E00024434,413,79,41,38,334,20,314,19.128329297820823,9.927360774818402,9.200968523002421,80.87167070217917,4.8426150121065374,76.02905569007264
E00024435,286,46,20,26,240,12,228,16.083916083916083,6.993006993006993,9.090909090909092,83.91608391608392,4.195804195804196,79.72027972027972
E00024436,376,89,47,42,287,12,275,23.670212765957448,12.5,11.170212765957446,76.32978723404256,3.1914893617021276,73.13829787234043
E00024437,328,92,55,37,236,19,217,28.04878048780488,16.76829268292683,11.28048780487805,71.95121951219512,5.7926829268292686,66.15853658536585
E00024438,299,94,60,34,205,14,191,31.438127090301005,20.066889632107024,11.37123745819398,68.56187290969899,4.682274247491638,63.87959866220736
E00024439,182,78,54,24,104,4,100,42.857142857142854,29.67032967032967,13.186813186813188,57.14285714285714,2.197802197802198,54.94505494505495
E00024440,269,77,36,41,192,9,183,28.624535315985128,13.382899628252787,15.241635687732341,71.37546468401487,3.3457249070631967,68.02973977695167
E00024441,237,64,32,32,173,10,163,27.004219409282697,13.502109704641349,13.502109704641349,72.9957805907173,4.219409282700422,68.77637130801688
E00024442,320,56,24,32,264,20,244,17.5,7.5,10,82.5,6.25,76.25
E00024443,481,61,27,34,420,27,393,12.681912681912683,5.613305613305614,7.0686070686070686,87.31808731808732,5.613305613305614,81.70478170478171
E00024444,245,75,46,29,170,13,157,30.612244897959183,18.775510204081634,11.83673469387755,69.38775510204081,5.3061224489795915,64.08163265306122
E00024445,376,61,34,27,315,8,307,16.22340425531915,9.042553191489363,7.180851063829788,83.77659574468085,2.127659574468085,81.64893617021278
E00024446,443,86,43,43,357,14,343,19.41309255079007,9.706546275395034,9.706546275395034,80.58690744920993,3.160270880361174,77.42663656884876
E00024447,507,67,31,36,440,29,411,13.214990138067062,6.11439842209073,7.100591715976331,86.78500986193293,5.719921104536489,81.06508875739645
E00024448,476,58,23,35,418,20,398,12.184873949579831,4.831932773109244,7.352941176470589,87.81512605042016,4.201680672268908,83.61344537815127
E00024449,360,51,29,22,309,10,299,14.166666666666666,8.055555555555555,6.111111111111111,85.83333333333333,2.7777777777777777,83.05555555555556
E00024450,501,64,32,32,437,14,423,12.77445109780439,6.387225548902195,6.387225548902195,87.2255489021956,2.7944111776447107,84.4311377245509
E00024451,349,43,20,23,306,12,294,12.320916905444127,5.730659025787966,6.59025787965616,87.67908309455588,3.4383954154727796,84.2406876790831
E00024452,401,60,29,31,341,20,321,14.962593516209477,7.231920199501247,7.73067331670823,85.03740648379052,4.987531172069826,80.0498753117207
E00024453,391,68,32,36,323,12,311,17.391304347826086,8.184143222506394,9.207161125319693,82.6086956521739,3.0690537084398977,79.53964194373401
E00024454,447,39,14,25,408,15,393,8.724832214765101,3.131991051454139,5.592841163310962,91.2751677852349,3.3557046979865772,87.91946308724832
E00024455,342,75,46,29,267,14,253,21.929824561403507,13.450292397660817,8.47953216374269,78.0701754385965,4.093567251461988,73.9766081871345
E00024456,480,55,20,35,425,22,403,11.458333333333332,4.166666666666666,7.291666666666667,88.54166666666666,4.583333333333333,83.95833333333333
E00024457,330,39,18,21,291,20,271,11.818181818181818,5.454545454545454,6.363636363636363,88.18181818181819,6.0606060606060606,82.12121212121211
E00024458,225,80,50,30,145,13,132,35.55555555555556,22.22222222222222,13.333333333333334,64.44444444444444,5.777777777777778,58.666666666666664
E00024459,454,51,21,30,403,12,391,11.233480176211454,4.6255506607929515,6.607929515418502,88.76651982378854,2.643171806167401,86.12334801762115
E00024460,346,69,39,30,277,13,264,19.942196531791907,11.271676300578035,8.670520231213873,80.05780346820809,3.7572254335260116,76.30057803468208
E00024461,418,61,32,29,357,14,343,14.5933014354067,7.655502392344498,6.937799043062201,85.4066985645933,3.349282296650718,82.05741626794259
E00024462,310,33,17,16,277,7,270,10.64516129032258,5.483870967741936,5.161290322580645,89.35483870967742,2.258064516129032,87.09677419354838
E00024463,386,59,35,24,327,18,309,15.284974093264248,9.067357512953368,6.217616580310881,84.71502590673575,4.66321243523316,80.05181347150258
E00024464,302,46,27,19,256,13,243,15.2317880794702,8.940397350993377,6.291390728476822,84.76821192052981,4.304635761589404,80.4635761589404
E00024465,328,48,21,27,280,16,264,14.634146341463413,6.402439024390244,8.231707317073171,85.36585365853658,4.878048780487805,80.48780487804879
E00024466,298,55,24,31,243,19,224,18.456375838926174,8.053691275167784,10.40268456375839,81.54362416107382,6.375838926174497,75.16778523489933
E00024467,284,63,25,38,221,16,205,22.183098591549296,8.80281690140845,13.380281690140844,77.8169014084507,5.633802816901409,72.1830985915493
E00024468,321,38,14,24,283,14,269,11.838006230529595,4.361370716510903,7.476635514018691,88.1619937694704,4.361370716510903,83.8006230529595
E00024469,367,44,19,25,323,14,309,11.989100817438691,5.177111716621254,6.811989100817439,88.0108991825613,3.8147138964577656,84.19618528610354
E00024470,414,55,21,34,359,20,339,13.285024154589372,5.072463768115942,8.212560386473431,86.71497584541062,4.830917874396135,81.88405797101449
E00024471,245,65,37,28,180,6,174,26.53061224489796,15.10204081632653,11.428571428571429,73.46938775510205,2.4489795918367347,71.0204081632653
E00024472,328,43,17,26,285,18,267,13.109756097560975,5.182926829268292,7.926829268292683,86.89024390243902,5.487804878048781,81.40243902439023
E00024473,310,47,21,26,263,20,243,15.161290322580644,6.774193548387098,8.38709677419355,84.83870967741936,6.451612903225806,78.38709677419354
E00024474,250,48,22,26,202,17,185,19.2,8.799999999999999,10.4,80.80000000000001,6.800000000000001,74
E00024475,396,45,22,23,351,24,327,11.363636363636363,5.555555555555555,5.808080808080808,88.63636363636364,6.0606060606060606,82.57575757575758
E00024476,317,37,15,22,280,28,252,11.67192429022082,4.73186119873817,6.940063091482649,88.32807570977917,8.832807570977918,79.49526813880126
E00024477,321,55,21,34,266,22,244,17.133956386292834,6.5420560747663545,10.59190031152648,82.86604361370716,6.853582554517133,76.01246105919003
E00024478,380,69,35,34,311,17,294,18.157894736842106,9.210526315789473,8.947368421052632,81.84210526315789,4.473684210526316,77.36842105263158
E00024479,250,54,27,27,196,16,180,21.6,10.8,10.8,78.4,6.4,72
E00024480,276,48,20,28,228,15,213,17.391304347826086,7.246376811594203,10.144927536231885,82.6086956521739,5.434782608695652,77.17391304347827
E00024481,343,36,10,26,307,23,284,10.495626822157435,2.9154518950437316,7.580174927113703,89.50437317784257,6.705539358600583,82.79883381924198
E00024482,326,31,8,23,295,23,272,9.509202453987731,2.4539877300613497,7.05521472392638,90.49079754601227,7.05521472392638,83.43558282208589
E00024483,244,43,16,27,201,28,173,17.62295081967213,6.557377049180328,11.065573770491802,82.37704918032787,11.475409836065573,70.90163934426229
E00024484,496,75,29,46,421,16,405,15.120967741935484,5.846774193548387,9.274193548387096,84.87903225806451,3.225806451612903,81.65322580645162
E00024485,442,86,40,46,356,29,327,19.457013574660635,9.049773755656108,10.407239819004525,80.54298642533936,6.561085972850679,73.98190045248869
E00024486,242,47,27,20,195,6,189,19.421487603305785,11.15702479338843,8.264462809917356,80.57851239669421,2.479338842975207,78.099173553719
E00024487,393,63,29,34,330,23,307,16.030534351145036,7.37913486005089,8.651399491094146,83.96946564885496,5.852417302798982,78.11704834605598
E00024488,290,33,18,15,257,20,237,11.379310344827587,6.206896551724138,5.172413793103448,88.62068965517241,6.896551724137931,81.72413793103448
E00024489,309,37,14,23,272,25,247,11.974110032362459,4.53074433656958,7.443365695792881,88.02588996763754,8.090614886731391,79.93527508090615
E00024490,259,50,28,22,209,20,189,19.305019305019304,10.81081081081081,8.494208494208493,80.6949806949807,7.722007722007722,72.97297297297297
E00024491,336,40,14,26,296,24,272,11.904761904761903,4.166666666666666,7.738095238095238,88.09523809523809,7.142857142857142,80.95238095238095
E00024492,298,62,35,27,236,15,221,20.80536912751678,11.74496644295302,9.060402684563758,79.19463087248322,5.033557046979865,74.16107382550335
E00024493,368,96,63,33,272,17,255,26.08695652173913,17.119565217391305,8.967391304347826,73.91304347826086,4.619565217391304,69.29347826086956
E00024494,281,39,14,25,242,30,212,13.87900355871886,4.98220640569395,8.896797153024911,86.12099644128114,10.676156583629894,75.44483985765125
E00024495,286,53,22,31,233,12,221,18.53146853146853,7.6923076923076925,10.839160839160838,81.46853146853147,4.195804195804196,77.27272727272727
E00024496,267,69,34,35,198,26,172,25.842696629213485,12.734082397003746,13.108614232209737,74.15730337078652,9.737827715355806,64.41947565543072
E00024497,351,93,43,50,258,19,239,26.495726495726498,12.250712250712251,14.245014245014245,73.50427350427351,5.413105413105413,68.09116809116809
E00024498,433,52,19,33,381,27,354,12.009237875288683,4.387990762124711,7.621247113163972,87.99076212471132,6.235565819861432,81.75519630484989
E00024499,426,81,41,40,345,23,322,19.014084507042252,9.624413145539906,9.389671361502346,80.98591549295774,5.39906103286385,75.5868544600939
E00024500,321,38,18,20,283,16,267,11.838006230529595,5.607476635514018,6.230529595015576,88.1619937694704,4.984423676012461,83.17757009345794
E00024501,282,41,22,19,241,22,219,14.539007092198581,7.801418439716312,6.73758865248227,85.46099290780141,7.801418439716312,77.6595744680851
E00024502,477,88,50,38,389,11,378,18.448637316561843,10.482180293501047,7.966457023060797,81.55136268343816,2.3060796645702304,79.24528301886792
E00024503,414,56,22,34,358,18,340,13.526570048309178,5.314009661835748,8.212560386473431,86.47342995169082,4.3478260869565215,82.1256038647343
E00024504,448,98,42,56,350,22,328,21.875,9.375,12.5,78.125,4.910714285714286,73.21428571428571
E00024505,554,95,47,48,459,15,444,17.14801444043321,8.483754512635379,8.664259927797833,82.85198555956678,2.707581227436823,80.14440433212997
E00024506,421,77,40,37,344,18,326,18.28978622327791,9.501187648456057,8.788598574821853,81.71021377672209,4.275534441805226,77.43467933491686
E00024507,332,49,10,39,283,22,261,14.759036144578314,3.0120481927710845,11.74698795180723,85.2409638554217,6.626506024096386,78.6144578313253
E00024508,255,54,26,28,201,20,181,21.176470588235293,10.196078431372548,10.980392156862745,78.82352941176471,7.8431372549019605,70.98039215686275
E00024509,250,88,56,32,162,4,158,35.199999999999996,22.400000000000002,12.8,64.8,1.6,63.2
E00024510,323,43,10,33,280,26,254,13.312693498452013,3.0959752321981426,10.21671826625387,86.687306501548,8.04953560371517,78.63777089783281
E00024511,370,97,54,43,273,20,253,26.216216216216214,14.594594594594595,11.621621621621623,73.78378378378379,5.405405405405405,68.37837837837839
E00024512,316,89,46,43,227,12,215,28.164556962025316,14.556962025316455,13.60759493670886,71.83544303797468,3.79746835443038,68.0379746835443
E00024513,336,65,38,27,271,14,257,19.345238095238095,11.30952380952381,8.035714285714286,80.65476190476191,4.166666666666666,76.48809523809523
E00024514,304,68,36,32,236,18,218,22.36842105263158,11.842105263157894,10.526315789473683,77.63157894736842,5.921052631578947,71.71052631578947
E00024515,335,79,52,27,256,19,237,23.582089552238806,15.522388059701491,8.059701492537313,76.4179104477612,5.6716417910447765,70.74626865671641
E00024516,421,97,61,36,324,13,311,23.040380047505938,14.489311163895488,8.551068883610451,76.95961995249407,3.0878859857482186,73.87173396674585
E00024517,287,49,18,31,238,25,213,17.073170731707318,6.2717770034843205,10.801393728222997,82.92682926829268,8.710801393728223,74.21602787456446
E00024518,336,42,17,25,294,22,272,12.5,5.059523809523809,7.440476190476191,87.5,6.547619047619048,80.95238095238095
E00024519,311,39,16,23,272,27,245,12.540192926045016,5.144694533762058,7.395498392282958,87.45980707395499,8.681672025723474,78.77813504823152
E00024520,363,72,32,40,291,22,269,19.834710743801654,8.81542699724518,11.019283746556475,80.16528925619835,6.0606060606060606,74.10468319559229
E00024521,280,64,24,40,216,25,191,22.857142857142858,8.571428571428571,14.285714285714285,77.14285714285715,8.928571428571429,68.21428571428572
E00024522,276,40,16,24,236,21,215,14.492753623188406,5.797101449275362,8.695652173913043,85.5072463768116,7.608695652173914,77.89855072463769
E00024523,314,38,12,26,276,27,249,12.101910828025478,3.821656050955414,8.280254777070063,87.89808917197452,8.598726114649681,79.29936305732484
E00024524,265,38,13,25,227,15,212,14.339622641509434,4.905660377358491,9.433962264150944,85.66037735849056,5.660377358490567,80
E00024525,271,50,22,28,221,23,198,18.45018450184502,8.118081180811808,10.33210332103321,81.54981549815497,8.487084870848708,73.06273062730627
E00024526,308,38,21,17,270,17,253,12.337662337662337,6.8181818181818175,5.51948051948052,87.66233766233766,5.51948051948052,82.14285714285714
E00024527,346,32,13,19,314,23,291,9.248554913294797,3.7572254335260116,5.491329479768786,90.7514450867052,6.6473988439306355,84.10404624277457
E00024528,322,34,8,26,288,26,262,10.559006211180124,2.484472049689441,8.074534161490684,89.44099378881988,8.074534161490684,81.36645962732919
E00024529,334,46,21,25,288,29,259,13.77245508982036,6.287425149700598,7.48502994011976,86.22754491017965,8.682634730538922,77.54491017964071
E00024530,380,73,46,27,307,18,289,19.210526315789473,12.105263157894736,7.105263157894736,80.78947368421052,4.736842105263158,76.05263157894737
E00024531,337,32,12,20,305,24,281,9.495548961424333,3.5608308605341246,5.934718100890208,90.50445103857567,7.121661721068249,83.38278931750742
E00024532,289,58,34,24,231,26,205,20.069204152249135,11.76470588235294,8.304498269896193,79.93079584775087,8.996539792387544,70.93425605536332
E00024533,333,37,15,22,296,33,263,11.11111111111111,4.504504504504505,6.606606606606606,88.88888888888889,9.90990990990991,78.97897897897897
E00024535,500,68,29,39,432,39,393,13.600000000000001,5.800000000000001,7.8,86.4,7.8,78.60000000000001
E00024536,302,30,13,17,272,34,238,9.933774834437086,4.304635761589404,5.629139072847682,90.06622516556291,11.258278145695364,78.80794701986756
E00024537,373,45,25,20,328,8,320,12.064343163538874,6.702412868632708,5.361930294906166,87.93565683646113,2.1447721179624666,85.79088471849866
E00024538,425,44,21,23,381,7,374,10.352941176470589,4.941176470588235,5.411764705882352,89.64705882352942,1.647058823529412,88
E00024539,248,72,40,32,176,8,168,29.03225806451613,16.129032258064516,12.903225806451612,70.96774193548387,3.225806451612903,67.74193548387096
E00024540,500,59,31,28,441,14,427,11.799999999999999,6.2,5.6000000000000005,88.2,2.8000000000000003,85.39999999999999
E00024541,583,75,46,29,508,21,487,12.864493996569468,7.890222984562607,4.974271012006861,87.13550600343054,3.6020583190394513,83.53344768439108
E00024542,264,64,38,26,200,12,188,24.242424242424242,14.393939393939394,9.848484848484848,75.75757575757575,4.545454545454546,71.21212121212122
E00024543,254,48,31,17,206,9,197,18.89763779527559,12.204724409448819,6.692913385826772,81.10236220472441,3.543307086614173,77.55905511811024
E00024544,401,62,35,27,339,13,326,15.46134663341646,8.728179551122196,6.733167082294264,84.53865336658353,3.2418952618453867,81.29675810473816
E00024545,300,62,35,27,238,10,228,20.666666666666668,11.666666666666666,9,79.33333333333333,3.3333333333333335,76
E00024546,331,63,44,19,268,11,257,19.033232628398792,13.293051359516618,5.740181268882175,80.96676737160121,3.3232628398791544,77.64350453172206
E00024547,245,84,47,37,161,4,157,34.285714285714285,19.183673469387756,15.10204081632653,65.71428571428571,1.6326530612244898,64.08163265306122
E00024548,415,66,36,30,349,11,338,15.903614457831324,8.674698795180722,7.228915662650602,84.09638554216868,2.6506024096385543,81.44578313253012
E00024551,443,77,41,36,366,21,345,17.381489841986454,9.255079006772009,8.126410835214447,82.61851015801355,4.740406320541761,77.87810383747178
E00024552,513,65,35,30,448,17,431,12.670565302144249,6.82261208576998,5.847953216374268,87.32943469785575,3.313840155945419,84.01559454191033
E00024553,405,47,24,23,358,14,344,11.604938271604938,5.9259259259259265,5.679012345679013,88.39506172839506,3.45679012345679,84.93827160493828
E00024554,435,64,33,31,371,8,363,14.71264367816092,7.586206896551724,7.126436781609195,85.28735632183908,1.839080459770115,83.44827586206897
E00024555,253,61,35,26,192,17,175,24.110671936758894,13.83399209486166,10.276679841897234,75.8893280632411,6.719367588932807,69.1699604743083
E00024556,380,55,28,27,325,13,312,14.473684210526317,7.368421052631578,7.105263157894736,85.52631578947368,3.421052631578948,82.10526315789474
E00024557,383,50,30,20,333,10,323,13.054830287206268,7.83289817232376,5.221932114882506,86.94516971279373,2.610966057441253,84.33420365535248
E00024558,370,68,34,34,302,4,298,18.37837837837838,9.18918918918919,9.18918918918919,81.62162162162161,1.0810810810810811,80.54054054054053
E00024559,385,67,37,30,318,5,313,17.402597402597404,9.61038961038961,7.792207792207792,82.5974025974026,1.2987012987012987,81.2987012987013
E00024560,395,49,29,20,346,8,338,12.405063291139239,7.341772151898734,5.063291139240507,87.59493670886076,2.0253164556962027,85.56962025316456
E00024561,490,64,23,41,426,20,406,13.061224489795919,4.6938775510204085,8.36734693877551,86.93877551020408,4.081632653061225,82.85714285714286
E00024562,412,80,47,33,332,8,324,19.41747572815534,11.407766990291263,8.009708737864079,80.58252427184466,1.9417475728155338,78.64077669902912
E00024563,410,42,26,16,368,11,357,10.24390243902439,6.341463414634147,3.902439024390244,89.75609756097562,2.682926829268293,87.07317073170732
E00024565,421,75,40,35,346,13,333,17.81472684085511,9.501187648456057,8.31353919239905,82.18527315914488,3.0878859857482186,79.09738717339667
E00024566,441,83,44,39,358,11,347,18.820861678004537,9.977324263038549,8.843537414965986,81.17913832199547,2.494331065759637,78.68480725623583
E00024567,407,78,39,39,329,16,313,19.164619164619165,9.582309582309582,9.582309582309582,80.83538083538083,3.9312039312039313,76.90417690417691
E00024568,601,51,16,35,550,18,532,8.48585690515807,2.6622296173044924,5.823627287853577,91.51414309484193,2.995008319467554,88.51913477537437
E00024569,320,45,27,18,275,5,270,14.0625,8.4375,5.625,85.9375,1.5625,84.375
E00024570,416,55,28,27,361,15,346,13.221153846153847,6.730769230769231,6.490384615384616,86.77884615384616,3.6057692307692304,83.17307692307693
E00024571,435,44,23,21,391,13,378,10.114942528735632,5.287356321839081,4.827586206896552,89.88505747126436,2.9885057471264367,86.89655172413792
E00024572,240,56,32,24,184,12,172,23.333333333333332,13.333333333333334,10,76.66666666666667,5,71.66666666666667
E00024573,607,151,106,45,456,25,431,24.87644151565074,17.462932454695224,7.413509060955518,75.12355848434926,4.118616144975288,71.00494233937397
E00024574,254,45,20,25,209,17,192,17.716535433070867,7.874015748031496,9.84251968503937,82.28346456692913,6.692913385826772,75.59055118110236
E00024575,338,42,21,21,296,9,287,12.42603550295858,6.21301775147929,6.21301775147929,87.57396449704143,2.6627218934911245,84.91124260355029
E00024576,437,109,55,54,328,23,305,24.94279176201373,12.585812356979407,12.356979405034325,75.05720823798627,5.263157894736842,69.79405034324942
E00024577,328,69,28,41,259,12,247,21.036585365853657,8.536585365853659,12.5,78.96341463414635,3.6585365853658534,75.3048780487805
E00024578,281,61,32,29,220,12,208,21.70818505338078,11.387900355871885,10.320284697508896,78.29181494661923,4.270462633451958,74.02135231316726
E00024579,291,51,25,26,240,16,224,17.525773195876287,8.59106529209622,8.934707903780069,82.4742268041237,5.498281786941581,76.97594501718214
E00024580,270,55,26,29,215,13,202,20.37037037037037,9.62962962962963,10.74074074074074,79.62962962962963,4.814814814814815,74.81481481481481
E00024581,263,88,52,36,175,10,165,33.460076045627375,19.771863117870723,13.688212927756654,66.53992395437263,3.802281368821293,62.737642585551335
E00024582,330,42,20,22,288,13,275,12.727272727272727,6.0606060606060606,6.666666666666667,87.27272727272727,3.939393939393939,83.33333333333334
E00024583,375,63,25,38,312,15,297,16.8,6.666666666666667,10.133333333333333,83.2,4,79.2
E00024584,368,74,50,24,294,12,282,20.108695652173914,13.586956521739129,6.521739130434782,79.8913043478261,3.260869565217391,76.63043478260869
E00024585,472,83,38,45,389,18,371,17.584745762711865,8.050847457627118,9.533898305084746,82.41525423728814,3.8135593220338984,78.60169491525424
E00024586,434,67,33,34,367,22,345,15.43778801843318,7.603686635944701,7.834101382488479,84.56221198156682,5.0691244239631335,79.49308755760369
E00024587,199,58,35,23,141,6,135,29.145728643216078,17.587939698492463,11.557788944723619,70.85427135678391,3.015075376884422,67.8391959798995
E00024588,298,47,17,30,251,15,236,15.771812080536913,5.704697986577181,10.06711409395973,84.22818791946308,5.033557046979865,79.19463087248322
E00024589,344,68,29,39,276,19,257,19.767441860465116,8.430232558139535,11.337209302325581,80.23255813953489,5.523255813953488,74.70930232558139
E00024590,351,54,27,27,297,29,268,15.384615384615385,7.6923076923076925,7.6923076923076925,84.61538461538461,8.262108262108262,76.35327635327636
E00024591,289,52,21,31,237,22,215,17.99307958477509,7.26643598615917,10.726643598615917,82.00692041522491,7.612456747404845,74.39446366782006
E00024592,276,43,18,25,233,20,213,15.579710144927535,6.521739130434782,9.057971014492754,84.42028985507247,7.246376811594203,77.17391304347827
E00024593,254,82,53,29,172,12,160,32.28346456692913,20.866141732283463,11.41732283464567,67.71653543307087,4.724409448818897,62.99212598425197
E00024594,204,60,26,34,144,18,126,29.411764705882355,12.745098039215685,16.666666666666664,70.58823529411765,8.823529411764707,61.76470588235294
E00024595,320,82,50,32,238,11,227,25.624999999999996,15.625,10,74.375,3.4375000000000004,70.9375
E00024596,363,122,79,43,241,10,231,33.608815426997246,21.763085399449036,11.84573002754821,66.39118457300276,2.7548209366391188,63.63636363636363
E00024597,294,61,31,30,233,22,211,20.74829931972789,10.54421768707483,10.204081632653061,79.25170068027211,7.482993197278912,71.7687074829932
E00024598,258,79,45,34,179,11,168,30.620155038759687,17.441860465116278,13.178294573643413,69.37984496124031,4.263565891472868,65.11627906976744
E00024599,297,104,57,47,193,15,178,35.01683501683502,19.19191919191919,15.824915824915825,64.98316498316498,5.05050505050505,59.93265993265994
E00024600,338,58,23,35,280,20,260,17.159763313609467,6.8047337278106506,10.355029585798817,82.84023668639054,5.9171597633136095,76.92307692307693
E00024601,423,78,24,54,345,30,315,18.439716312056735,5.673758865248227,12.76595744680851,81.56028368794325,7.092198581560284,74.46808510638297
E00024602,291,61,26,35,230,21,209,20.962199312714777,8.934707903780069,12.027491408934708,79.03780068728523,7.216494845360824,71.8213058419244
E00024603,361,103,61,42,258,8,250,28.53185595567867,16.897506925207757,11.634349030470915,71.46814404432132,2.21606648199446,69.25207756232687
E00024604,310,55,20,35,255,17,238,17.741935483870968,6.451612903225806,11.29032258064516,82.25806451612904,5.483870967741936,76.77419354838709
E00024605,480,71,34,37,409,21,388,14.791666666666666,7.083333333333333,7.708333333333334,85.20833333333333,4.375,80.83333333333333
E00024606,428,71,38,33,357,23,334,16.588785046728972,8.878504672897195,7.710280373831775,83.41121495327103,5.373831775700935,78.03738317757009
E00024607,260,70,40,30,190,21,169,26.923076923076923,15.384615384615385,11.538461538461538,73.07692307692307,8.076923076923077,65
E00024608,267,53,27,26,214,14,200,19.850187265917604,10.112359550561797,9.737827715355806,80.14981273408239,5.2434456928838955,74.90636704119851
E00024609,231,59,34,25,172,10,162,25.541125541125542,14.71861471861472,10.822510822510822,74.45887445887446,4.329004329004329,70.12987012987013
E00024610,356,72,30,42,284,11,273,20.224719101123593,8.426966292134832,11.797752808988763,79.7752808988764,3.089887640449438,76.68539325842697
E00024611,317,92,57,35,225,28,197,29.02208201892745,17.981072555205046,11.041009463722396,70.97791798107255,8.832807570977918,62.14511041009464
E00024612,616,122,57,65,494,36,458,19.805194805194805,9.253246753246753,10.55194805194805,80.1948051948052,5.844155844155844,74.35064935064936
E00024613,294,67,32,35,227,16,211,22.789115646258505,10.884353741496598,11.904761904761903,77.21088435374149,5.442176870748299,71.7687074829932
E00024614,332,70,26,44,262,19,243,21.084337349397593,7.83132530120482,13.253012048192772,78.91566265060241,5.72289156626506,73.19277108433735
E00024615,237,80,43,37,157,10,147,33.755274261603375,18.143459915611814,15.611814345991561,66.24472573839662,4.219409282700422,62.0253164556962
E00024616,320,60,31,29,260,18,242,18.75,9.6875,9.0625,81.25,5.625,75.625
E00024617,378,99,66,33,279,16,263,26.190476190476193,17.46031746031746,8.73015873015873,73.80952380952381,4.232804232804233,69.57671957671958
E00024618,260,60,29,31,200,16,184,23.076923076923077,11.153846153846155,11.923076923076923,76.92307692307693,6.153846153846154,70.76923076923077
E00024619,376,76,31,45,300,23,277,20.212765957446805,8.24468085106383,11.96808510638298,79.7872340425532,6.117021276595745,73.67021276595744
E00024620,499,113,71,42,386,13,373,22.645290581162325,14.228456913827655,8.41683366733467,77.35470941883767,2.6052104208416833,74.74949899799599
E00024621,377,73,37,36,304,14,290,19.363395225464192,9.814323607427056,9.549071618037134,80.63660477453581,3.7135278514588856,76.92307692307693
E00024622,258,51,28,23,207,12,195,19.767441860465116,10.852713178294573,8.914728682170542,80.23255813953489,4.651162790697675,75.5813953488372
E00024623,418,36,16,20,382,8,374,8.61244019138756,3.827751196172249,4.784688995215311,91.38755980861244,1.9138755980861244,89.47368421052632
E00024624,581,100,38,62,481,21,460,17.21170395869191,6.540447504302927,10.671256454388985,82.78829604130809,3.614457831325301,79.17383820998279
E00024625,564,76,48,28,488,21,467,13.47517730496454,8.51063829787234,4.964539007092199,86.52482269503547,3.723404255319149,82.80141843971631
E00024626,550,64,23,41,486,22,464,11.636363636363637,4.181818181818182,7.454545454545454,88.36363636363636,4,84.36363636363636
E00024627,337,42,18,24,295,18,277,12.462908011869436,5.341246290801187,7.121661721068249,87.53709198813057,5.341246290801187,82.19584569732937
E00024628,297,70,25,45,227,14,213,23.56902356902357,8.417508417508419,15.151515151515152,76.43097643097643,4.713804713804714,71.71717171717171
E00024629,282,59,31,28,223,10,213,20.921985815602838,10.99290780141844,9.929078014184398,79.07801418439716,3.546099290780142,75.53191489361703
E00024630,354,70,30,40,284,17,267,19.774011299435028,8.47457627118644,11.299435028248588,80.22598870056498,4.80225988700565,75.42372881355932
E00024631,316,52,35,17,264,9,255,16.455696202531644,11.075949367088606,5.379746835443038,83.54430379746836,2.848101265822785,80.69620253164557
E00024632,506,42,22,20,464,14,450,8.300395256916996,4.3478260869565215,3.9525691699604746,91.699604743083,2.766798418972332,88.93280632411067
E00024633,537,72,35,37,465,17,448,13.40782122905028,6.517690875232775,6.890130353817504,86.59217877094973,3.165735567970205,83.42644320297951
E00024634,454,44,19,25,410,17,393,9.691629955947137,4.185022026431718,5.506607929515418,90.30837004405286,3.7444933920704844,86.56387665198237
E00024635,285,41,17,24,244,23,221,14.385964912280702,5.964912280701754,8.421052631578947,85.6140350877193,8.070175438596491,77.54385964912281
E00024636,472,90,45,45,382,40,342,19.06779661016949,9.533898305084746,9.533898305084746,80.9322033898305,8.47457627118644,72.45762711864407
E00024637,181,32,16,16,149,10,139,17.67955801104972,8.83977900552486,8.83977900552486,82.32044198895028,5.524861878453039,76.79558011049724
E00024638,318,47,18,29,271,18,253,14.779874213836477,5.660377358490567,9.119496855345911,85.22012578616352,5.660377358490567,79.55974842767296
E00024639,262,52,20,32,210,11,199,19.84732824427481,7.633587786259542,12.213740458015266,80.1526717557252,4.198473282442748,75.95419847328245
E00024640,219,54,31,23,165,18,147,24.65753424657534,14.15525114155251,10.50228310502283,75.34246575342466,8.21917808219178,67.12328767123287
E00024641,211,34,12,22,177,18,159,16.113744075829384,5.687203791469194,10.42654028436019,83.88625592417061,8.530805687203792,75.35545023696683
E00024642,251,48,23,25,203,10,193,19.12350597609562,9.163346613545817,9.9601593625498,80.87649402390437,3.9840637450199203,76.89243027888446
E00024643,247,45,20,25,202,21,181,18.218623481781375,8.097165991902834,10.121457489878543,81.78137651821862,8.502024291497975,73.27935222672065
E00024644,180,65,42,23,115,10,105,36.11111111111111,23.333333333333332,12.777777777777777,63.888888888888886,5.555555555555555,58.333333333333336
E00024645,417,65,34,31,352,18,334,15.587529976019185,8.15347721822542,7.434052757793765,84.41247002398082,4.316546762589928,80.0959232613909
E00024646,392,47,20,27,345,10,335,11.989795918367346,5.1020408163265305,6.887755102040815,88.01020408163265,2.5510204081632653,85.45918367346938
E00024647,252,46,22,24,206,24,182,18.253968253968253,8.73015873015873,9.523809523809524,81.74603174603175,9.523809523809524,72.22222222222221
E00024648,267,27,11,16,240,10,230,10.112359550561797,4.119850187265917,5.992509363295881,89.8876404494382,3.7453183520599254,86.14232209737828
E00024649,304,71,43,28,233,11,222,23.355263157894736,14.144736842105262,9.210526315789473,76.64473684210526,3.618421052631579,73.02631578947368
E00024650,387,68,32,36,319,12,307,17.571059431524546,8.2687338501292,9.30232558139535,82.42894056847545,3.10077519379845,79.32816537467701
E00024651,314,56,32,24,258,12,246,17.8343949044586,10.191082802547772,7.643312101910828,82.16560509554141,3.821656050955414,78.343949044586
E00024652,220,69,43,26,151,10,141,31.363636363636367,19.545454545454547,11.818181818181818,68.63636363636364,4.545454545454546,64.0909090909091
E00024653,475,87,49,38,388,20,368,18.31578947368421,10.31578947368421,8,81.6842105263158,4.2105263157894735,77.47368421052632
E00024654,313,60,25,35,253,19,234,19.169329073482427,7.987220447284344,11.182108626198083,80.83067092651757,6.070287539936102,74.76038338658148
E00024655,395,77,41,36,318,9,309,19.49367088607595,10.379746835443038,9.113924050632912,80.50632911392405,2.278481012658228,78.22784810126582
E00024656,283,43,15,28,240,11,229,15.19434628975265,5.30035335689046,9.89399293286219,84.80565371024736,3.8869257950530036,80.91872791519434
E00024657,259,59,31,28,200,8,192,22.779922779922778,11.96911196911197,10.81081081081081,77.22007722007721,3.088803088803089,74.13127413127413
E00024659,347,49,20,29,298,18,280,14.121037463976945,5.763688760806916,8.357348703170029,85.87896253602305,5.187319884726225,80.69164265129683
E00024660,172,74,38,36,98,7,91,43.02325581395349,22.093023255813954,20.930232558139537,56.97674418604651,4.069767441860465,52.90697674418605
E00024661,365,45,22,23,320,16,304,12.32876712328767,6.027397260273973,6.301369863013699,87.67123287671232,4.383561643835616,83.28767123287672
E00024662,303,49,19,30,254,24,230,16.17161716171617,6.270627062706271,9.900990099009901,83.82838283828383,7.920792079207921,75.9075907590759
E00024663,352,63,26,37,289,13,276,17.897727272727273,7.386363636363637,10.511363636363637,82.10227272727273,3.6931818181818183,78.4090909090909
E00024664,311,52,26,26,259,18,241,16.720257234726688,8.360128617363344,8.360128617363344,83.27974276527331,5.787781350482315,77.491961414791
E00024665,416,87,42,45,329,26,303,20.91346153846154,10.096153846153847,10.817307692307693,79.08653846153845,6.25,72.83653846153845
E00024666,424,62,30,32,362,25,337,14.622641509433961,7.0754716981132075,7.547169811320755,85.37735849056604,5.89622641509434,79.48113207547169
E00024667,338,61,32,29,277,25,252,18.04733727810651,9.467455621301776,8.579881656804734,81.95266272189349,7.396449704142012,74.55621301775149
E00024668,351,39,19,20,312,9,303,11.11111111111111,5.413105413105413,5.698005698005698,88.88888888888889,2.564102564102564,86.32478632478633
E00024669,520,71,42,29,449,11,438,13.653846153846153,8.076923076923077,5.5769230769230775,86.34615384615385,2.1153846153846154,84.23076923076923
E00024670,413,65,29,36,348,22,326,15.738498789346247,7.021791767554479,8.716707021791766,84.26150121065376,5.326876513317192,78.93462469733656
E00024671,460,84,51,33,376,13,363,18.26086956521739,11.08695652173913,7.173913043478261,81.73913043478261,2.8260869565217392,78.91304347826087
E00024672,250,74,45,29,176,7,169,29.599999999999998,18,11.600000000000001,70.39999999999999,2.8000000000000003,67.60000000000001
E00024673,339,56,29,27,283,17,266,16.519174041297934,8.55457227138643,7.964601769911504,83.48082595870207,5.014749262536873,78.46607669616519
E00024674,366,51,29,22,315,18,297,13.934426229508196,7.923497267759563,6.0109289617486334,86.0655737704918,4.918032786885246,81.14754098360656
E00024675,267,52,22,30,215,13,202,19.475655430711612,8.239700374531834,11.235955056179774,80.52434456928839,4.868913857677903,75.65543071161048
E00024676,508,69,46,23,439,10,429,13.582677165354331,9.05511811023622,4.52755905511811,86.41732283464567,1.968503937007874,84.4488188976378
E00024677,334,62,21,41,272,24,248,18.562874251497004,6.287425149700598,12.275449101796406,81.437125748502993,7.18562874251497,74.25149700598801
E00024678,536,63,33,30,473,23,450,11.753731343283583,6.156716417910448,5.597014925373134,88.24626865671642,4.291044776119403,83.95522388059702
E00024679,402,76,40,36,326,7,319,18.90547263681592,9.950248756218906,8.955223880597014,81.09452736318407,1.7412935323383085,79.35323383084577
E00024680,401,49,22,27,352,17,335,12.219451371571072,5.486284289276807,6.733167082294264,87.78054862842892,4.239401496259352,83.54114713216958
E00024681,418,56,20,36,362,21,341,13.397129186602871,4.784688995215311,8.61244019138756,86.60287081339713,5.023923444976076,81.57894736842105
E00024682,348,83,41,42,265,17,248,23.850574712643677,11.781609195402298,12.068965517241379,76.14942528735632,4.885057471264368,71.26436781609196
E00024683,357,44,16,28,313,9,304,12.324929971988796,4.481792717086835,7.8431372549019605,87.6750700280112,2.5210084033613445,85.15406162464986
E00024684,346,70,34,36,276,5,271,20.23121387283237,9.826589595375722,10.404624277456648,79.76878612716763,1.4450867052023122,78.32369942196532
E00024685,328,57,25,32,271,14,257,17.378048780487802,7.621951219512195,9.75609756097561,82.6219512195122,4.2682926829268295,78.35365853658537
E00024686,361,58,32,26,303,22,281,16.06648199445983,8.86426592797784,7.202216066481995,83.93351800554017,6.094182825484765,77.8393351800554
E00024687,585,55,30,25,530,17,513,9.401709401709402,5.128205128205128,4.273504273504273,90.5982905982906,2.905982905982906,87.6923076923077
E00024688,288,55,24,31,233,17,216,19.09722222222222,8.333333333333332,10.76388888888889,80.90277777777779,5.902777777777778,75
E00024689,278,46,16,30,232,14,218,16.546762589928058,5.755395683453238,10.79136690647482,83.45323741007195,5.0359712230215825,78.41726618705036
E00024690,300,61,30,31,239,24,215,20.333333333333332,10,10.333333333333334,79.66666666666666,8,71.66666666666667
E00024691,352,66,40,26,286,17,269,18.75,11.363636363636363,7.386363636363637,81.25,4.829545454545454,76.42045454545455
E00024692,328,61,30,31,267,20,247,18.597560975609756,9.146341463414634,9.451219512195122,81.40243902439023,6.097560975609756,75.3048780487805
E00024693,351,83,49,34,268,20,248,23.646723646723647,13.96011396011396,9.686609686609685,76.35327635327636,5.698005698005698,70.65527065527066
E00024694,369,94,55,39,275,33,242,25.474254742547426,14.905149051490515,10.569105691056912,74.52574525745257,8.94308943089431,65.58265582655827
E00024695,354,78,33,45,276,21,255,22.033898305084744,9.322033898305085,12.711864406779661,77.96610169491525,5.932203389830509,72.03389830508475
E00024696,282,93,52,41,189,22,167,32.97872340425532,18.439716312056735,14.539007092198581,67.02127659574468,7.801418439716312,59.21985815602837
E00024697,223,36,18,18,187,13,174,16.143497757847534,8.071748878923767,8.071748878923767,83.85650224215246,5.829596412556054,78.02690582959642
E00024698,333,41,18,23,292,29,263,12.312312312312311,5.405405405405405,6.906906906906906,87.68768768768768,8.708708708708707,78.97897897897897
E00024699,446,76,30,46,370,24,346,17.040358744394617,6.726457399103139,10.31390134529148,82.95964125560538,5.381165919282512,77.57847533632287
E00024700,316,83,54,29,233,17,216,26.265822784810126,17.088607594936708,9.177215189873419,73.73417721518987,5.379746835443038,68.35443037974683
E00024701,339,68,28,40,271,17,254,20.058997050147493,8.259587020648967,11.799410029498524,79.9410029498525,5.014749262536873,74.92625368731564
E00024702,329,67,31,36,262,26,236,20.364741641337385,9.422492401215806,10.94224924012158,79.63525835866263,7.90273556231003,71.73252279635258
E00024703,459,45,22,23,414,15,399,9.803921568627452,4.793028322440087,5.010893246187364,90.19607843137256,3.2679738562091507,86.9281045751634
E00024705,230,41,12,29,189,31,158,17.82608695652174,5.217391304347826,12.608695652173912,82.17391304347827,13.478260869565217,68.69565217391305
E00024706,273,53,22,31,220,29,191,19.413919413919416,8.058608058608058,11.355311355311356,80.58608058608058,10.622710622710622,69.96336996336996
E00024708,341,40,11,29,301,23,278,11.730205278592376,3.225806451612903,8.504398826979472,88.26979472140762,6.744868035190615,81.52492668621701
E00024709,330,71,26,45,259,36,223,21.515151515151516,7.878787878787878,13.636363636363635,78.48484848484848,10.909090909090908,67.57575757575758
E00024710,224,46,23,23,178,21,157,20.535714285714285,10.267857142857142,10.267857142857142,79.46428571428571,9.375,70.08928571428571
E00024711,306,51,17,34,255,17,238,16.666666666666664,5.555555555555555,11.11111111111111,83.33333333333334,5.555555555555555,77.77777777777779
E00024712,289,79,34,45,210,17,193,27.33564013840831,11.76470588235294,15.570934256055363,72.66435986159169,5.88235294117647,66.78200692041523
E00024713,175,69,32,37,106,18,88,39.42857142857143,18.285714285714285,21.142857142857142,60.57142857142858,10.285714285714285,50.28571428571429
E00024714,290,69,24,45,221,13,208,23.79310344827586,8.275862068965518,15.517241379310345,76.20689655172413,4.482758620689655,71.72413793103448
E00024715,339,96,31,65,243,22,221,28.31858407079646,9.144542772861357,19.174041297935105,71.68141592920354,6.489675516224189,65.19174041297934
E00024716,324,73,33,40,251,19,232,22.530864197530864,10.185185185185185,12.345679012345679,77.46913580246914,5.864197530864197,71.60493827160494
E00024717,261,91,44,47,170,19,151,34.865900383141764,16.85823754789272,18.007662835249043,65.13409961685824,7.2796934865900385,57.8544061302682
E00024718,233,43,13,30,190,16,174,18.4549356223176,5.579399141630901,12.875536480686694,81.54506437768241,6.866952789699571,74.67811158798283
E00024719,223,47,18,29,176,11,165,21.076233183856502,8.071748878923767,13.004484304932735,78.9237668161435,4.932735426008969,73.99103139013454
E00024720,266,61,27,34,205,28,177,22.932330827067666,10.150375939849624,12.781954887218044,77.06766917293233,10.526315789473683,66.54135338345864
E00024721,193,27,8,19,166,17,149,13.989637305699482,4.145077720207254,9.844559585492227,86.01036269430051,8.808290155440414,77.2020725388601
E00024722,368,45,19,26,323,35,288,12.228260869565217,5.163043478260869,7.065217391304348,87.77173913043478,9.510869565217392,78.26086956521739
E00024723,295,39,15,24,256,19,237,13.220338983050848,5.084745762711865,8.135593220338983,86.77966101694915,6.440677966101695,80.33898305084746
E00024724,384,63,21,42,321,21,300,16.40625,5.46875,10.9375,83.59375,5.46875,78.125
E00024725,263,38,20,18,225,31,194,14.44866920152091,7.604562737642586,6.844106463878327,85.55133079847909,11.787072243346007,73.76425855513308
E00024726,285,49,19,30,236,29,207,17.192982456140353,6.666666666666667,10.526315789473683,82.80701754385966,10.175438596491228,72.63157894736842
E00024727,270,44,24,20,226,23,203,16.296296296296298,8.88888888888889,7.4074074074074066,83.7037037037037,8.518518518518519,75.18518518518519
E00024728,128,38,25,13,90,8,82,29.6875,19.53125,10.15625,70.3125,6.25,64.0625
E00024729,334,72,25,47,262,16,246,21.55688622754491,7.48502994011976,14.071856287425149,78.44311377245509,4.790419161676647,73.65269461077844
E00024730,284,86,50,36,198,16,182,30.28169014084507,17.6056338028169,12.676056338028168,69.71830985915493,5.633802816901409,64.08450704225352
E00024731,314,71,33,38,243,18,225,22.611464968152866,10.509554140127388,12.101910828025478,77.38853503184714,5.7324840764331215,71.656050955414
E00024732,295,59,28,31,236,12,224,20,9.491525423728813,10.508474576271185,80,4.067796610169491,75.9322033898305
E00024733,290,52,18,34,238,26,212,17.93103448275862,6.206896551724138,11.724137931034482,82.06896551724138,8.96551724137931,73.10344827586206
E00024734,248,52,24,28,196,13,183,20.967741935483872,9.67741935483871,11.29032258064516,79.03225806451613,5.241935483870968,73.79032258064517
E00024735,242,56,31,25,186,23,163,23.140495867768596,12.8099173553719,10.330578512396695,76.85950413223141,9.50413223140496,67.35537190082644
E00024736,221,55,20,35,166,19,147,24.8868778280543,9.049773755656108,15.837104072398189,75.1131221719457,8.597285067873303,66.51583710407239
E00024737,215,125,79,46,90,14,76,58.139534883720934,36.74418604651163,21.3953488372093,41.86046511627907,6.511627906976744,35.348837209302324
E00024738,284,48,18,30,236,17,219,16.901408450704224,6.338028169014084,10.56338028169014,83.09859154929578,5.985915492957746,77.11267605633803
E00024739,256,70,35,35,186,12,174,27.34375,13.671875,13.671875,72.65625,4.6875,67.96875
E00024740,267,56,20,36,211,23,188,20.973782771535582,7.490636704119851,13.48314606741573,79.02621722846442,8.614232209737828,70.4119850187266
E00024741,408,58,18,40,350,34,316,14.215686274509803,4.411764705882353,9.803921568627452,85.7843137254902,8.333333333333332,77.45098039215686
E00024742,295,64,28,36,231,22,209,21.694915254237287,9.491525423728813,12.203389830508476,78.30508474576271,7.457627118644068,70.84745762711864
E00024743,219,90,45,45,129,9,120,41.0958904109589,20.54794520547945,20.54794520547945,58.9041095890411,4.10958904109589,54.794520547945204
E00024744,331,85,48,37,246,16,230,25.6797583081571,14.501510574018129,11.178247734138973,74.32024169184291,4.833836858006042,69.48640483383686
E00024745,363,62,21,41,301,37,264,17.079889807162534,5.785123966942149,11.294765840220386,82.92011019283747,10.192837465564738,72.72727272727273
E00024746,239,40,17,23,199,22,177,16.736401673640167,7.112970711297072,9.623430962343097,83.26359832635984,9.205020920502092,74.05857740585773
E00024747,237,52,25,27,185,31,154,21.940928270042196,10.548523206751055,11.39240506329114,78.05907172995781,13.080168776371309,64.9789029535865
E00024748,297,80,37,43,217,15,202,26.936026936026934,12.457912457912458,14.47811447811448,73.06397306397307,5.05050505050505,68.01346801346801
E00024749,236,34,10,24,202,19,183,14.40677966101695,4.23728813559322,10.16949152542373,85.59322033898306,8.050847457627118,77.54237288135593
E00024750,220,33,11,22,187,22,165,15,5,10,85,10,75
E00024751,335,29,12,17,306,36,270,8.656716417910449,3.582089552238806,5.074626865671641,91.34328358208955,10.746268656716417,80.59701492537313
E00024752,255,42,23,19,213,23,190,16.470588235294116,9.019607843137255,7.450980392156863,83.52941176470588,9.019607843137255,74.50980392156863
E00024753,280,53,26,27,227,20,207,18.928571428571427,9.285714285714286,9.642857142857144,81.07142857142857,7.142857142857142,73.92857142857143
E00024754,194,45,24,21,149,25,124,23.195876288659793,12.371134020618557,10.824742268041238,76.80412371134021,12.886597938144329,63.91752577319587
E00024755,284,41,17,24,243,20,223,14.43661971830986,5.985915492957746,8.450704225352112,85.56338028169014,7.042253521126761,78.52112676056338
E00024756,307,30,12,18,277,20,257,9.77198697068404,3.908794788273615,5.863192182410423,90.22801302931596,6.514657980456026,83.71335504885994
E00024757,321,42,19,23,279,16,263,13.084112149532709,5.919003115264798,7.165109034267912,86.91588785046729,4.984423676012461,81.93146417445483
E00024758,276,56,25,31,220,14,206,20.28985507246377,9.057971014492754,11.231884057971014,79.71014492753623,5.072463768115942,74.63768115942028
E00024759,453,71,33,38,382,19,363,15.673289183222957,7.28476821192053,8.388520971302428,84.32671081677704,4.194260485651214,80.13245033112582
E00024760,333,58,31,27,275,20,255,17.417417417417415,9.30930930930931,8.108108108108109,82.58258258258259,6.006006006006006,76.57657657657657
E00024761,251,47,21,26,204,18,186,18.725099601593627,8.366533864541832,10.358565737051793,81.27490039840637,7.171314741035857,74.10358565737052
E00024762,310,42,21,21,268,14,254,13.548387096774196,6.774193548387098,6.774193548387098,86.45161290322581,4.516129032258064,81.93548387096774
E00024763,268,19,10,9,249,6,243,7.08955223880597,3.731343283582089,3.3582089552238807,92.91044776119402,2.2388059701492535,90.67164179104478
E00024764,243,49,27,22,194,22,172,20.16460905349794,11.11111111111111,9.053497942386832,79.83539094650206,9.053497942386832,70.78189300411523
E00024765,447,81,36,45,366,22,344,18.120805369127517,8.053691275167784,10.06711409395973,81.87919463087249,4.921700223713646,76.95749440715883
E00024766,398,67,22,45,331,26,305,16.834170854271356,5.527638190954774,11.306532663316583,83.16582914572864,6.532663316582915,76.63316582914574
E00024767,251,61,27,34,190,21,169,24.302788844621514,10.756972111553784,13.545816733067728,75.69721115537848,8.366533864541832,67.33067729083665
E00024768,399,58,23,35,341,30,311,14.536340852130325,5.764411027568922,8.771929824561402,85.46365914786968,7.518796992481203,77.94486215538848
E00024769,276,39,16,23,237,25,212,14.130434782608695,5.797101449275362,8.333333333333332,85.86956521739131,9.057971014492754,76.81159420289855
E00024770,253,44,23,21,209,27,182,17.391304347826086,9.090909090909092,8.300395256916996,82.6086956521739,10.67193675889328,71.93675889328063
E00024771,283,64,33,31,219,19,200,22.614840989399294,11.66077738515901,10.954063604240282,77.3851590106007,6.713780918727916,70.6713780918728
E00024772,344,54,30,24,290,36,254,15.69767441860465,8.720930232558139,6.976744186046512,84.30232558139535,10.465116279069768,73.83720930232558
E00024773,355,94,55,39,261,22,239,26.478873239436616,15.492957746478872,10.985915492957748,73.52112676056338,6.197183098591549,67.32394366197182
E00024774,211,28,15,13,183,21,162,13.270142180094787,7.109004739336493,6.161137440758294,86.7298578199052,9.95260663507109,76.77725118483413
E00024775,259,41,14,27,218,13,205,15.83011583011583,5.405405405405405,10.424710424710424,84.16988416988417,5.019305019305019,79.15057915057915
E00024776,293,41,17,24,252,23,229,13.993174061433447,5.802047781569966,8.19112627986348,86.00682593856655,7.849829351535837,78.15699658703072
E00024777,288,29,14,15,259,15,244,10.069444444444445,4.861111111111112,5.208333333333334,89.93055555555556,5.208333333333334,84.72222222222221
E00024778,247,40,20,20,207,25,182,16.194331983805668,8.097165991902834,8.097165991902834,83.80566801619433,10.121457489878543,73.68421052631578
E00024779,301,42,16,26,259,20,239,13.953488372093023,5.3156146179401995,8.637873754152823,86.04651162790698,6.64451827242525,79.40199335548172
E00024780,277,41,14,27,236,12,224,14.801444043321299,5.054151624548736,9.747292418772563,85.1985559566787,4.332129963898916,80.86642599277978
E00024781,335,82,45,37,253,25,228,24.47761194029851,13.432835820895523,11.044776119402986,75.5223880597015,7.462686567164178,68.05970149253731
E00024782,253,30,10,20,223,13,210,11.857707509881422,3.9525691699604746,7.905138339920949,88.14229249011858,5.138339920948617,83.00395256916995
E00024783,420,46,17,29,374,31,343,10.952380952380953,4.0476190476190474,6.904761904761905,89.04761904761904,7.380952380952381,81.66666666666667
E00024784,355,58,20,38,297,36,261,16.338028169014084,5.633802816901409,10.704225352112676,83.66197183098592,10.140845070422536,73.52112676056338
E00024785,441,78,30,48,363,26,337,17.687074829931973,6.802721088435375,10.884353741496598,82.31292517006803,5.895691609977324,76.41723356009071
E00024786,191,58,34,24,133,11,122,30.36649214659686,17.801047120418847,12.56544502617801,69.63350785340315,5.7591623036649215,63.87434554973822
E00024787,459,69,28,41,390,43,347,15.032679738562091,6.1002178649237475,8.932461873638346,84.9673202614379,9.368191721132897,75.59912854030502
E00024788,326,46,22,24,280,28,252,14.11042944785276,6.748466257668712,7.361963190184049,85.88957055214725,8.588957055214724,77.30061349693251
E00024789,335,63,30,33,272,20,252,18.80597014925373,8.955223880597014,9.850746268656717,81.19402985074626,5.970149253731343,75.22388059701493
E00024790,299,69,29,40,230,24,206,23.076923076923077,9.698996655518394,13.377926421404682,76.92307692307693,8.02675585284281,68.89632107023411
E00024791,268,43,16,27,225,24,201,16.044776119402986,5.970149253731343,10.074626865671641,83.95522388059702,8.955223880597014,75
E00024792,272,99,55,44,173,20,153,36.39705882352941,20.22058823529412,16.176470588235293,63.60294117647059,7.352941176470589,56.25
E00024793,299,62,29,33,237,19,218,20.735785953177256,9.698996655518394,11.036789297658862,79.26421404682274,6.354515050167224,72.90969899665552
E00024794,435,73,27,46,362,21,341,16.7816091954023,6.206896551724138,10.574712643678161,83.2183908045977,4.827586206896552,78.39080459770115
E00024796,291,40,19,21,251,29,222,13.745704467353953,6.529209621993128,7.216494845360824,86.25429553264605,9.965635738831615,76.28865979381443
E00024797,322,40,11,29,282,31,251,12.422360248447205,3.4161490683229814,9.006211180124224,87.5776397515528,9.627329192546584,77.95031055900621
E00024798,240,55,27,28,185,15,170,22.916666666666664,11.25,11.666666666666666,77.08333333333334,6.25,70.83333333333334
E00024799,145,34,21,13,111,9,102,23.448275862068964,14.482758620689657,8.96551724137931,76.55172413793103,6.206896551724138,70.34482758620689
E00024800,271,48,22,26,223,12,211,17.712177121771216,8.118081180811808,9.59409594095941,82.28782287822878,4.428044280442804,77.85977859778598
E00024801,379,68,31,37,311,26,285,17.941952506596305,8.179419525065963,9.762532981530343,82.05804749340369,6.860158311345646,75.19788918205805
E00024802,266,37,11,26,229,29,200,13.909774436090224,4.135338345864661,9.774436090225564,86.09022556390977,10.902255639097744,75.18796992481202
E00024803,291,51,21,30,240,19,221,17.525773195876287,7.216494845360824,10.309278350515463,82.4742268041237,6.529209621993128,75.94501718213058
E00024804,399,51,24,27,348,28,320,12.781954887218044,6.015037593984962,6.7669172932330826,87.21804511278195,7.017543859649122,80.20050125313283
E00024805,382,61,26,35,321,28,293,15.968586387434556,6.806282722513089,9.162303664921465,84.03141361256544,7.329842931937172,76.70157068062828
E00024806,295,70,31,39,225,31,194,23.728813559322035,10.508474576271185,13.220338983050848,76.27118644067797,10.508474576271185,65.76271186440678
E00024807,175,38,15,23,137,7,130,21.714285714285715,8.571428571428571,13.142857142857142,78.28571428571428,4,74.28571428571429
E00024808,287,29,7,22,258,18,240,10.104529616724738,2.4390243902439024,7.665505226480835,89.89547038327527,6.2717770034843205,83.62369337979094
E00024809,398,73,30,43,325,23,302,18.341708542713565,7.537688442211055,10.804020100502512,81.65829145728644,5.778894472361809,75.87939698492463
E00024810,276,51,27,24,225,24,201,18.478260869565215,9.782608695652174,8.695652173913043,81.52173913043478,8.695652173913043,72.82608695652173
E00024811,408,89,35,54,319,28,291,21.813725490196077,8.57843137254902,13.23529411764706,78.18627450980392,6.862745098039216,71.32352941176471
E00024812,287,63,33,30,224,21,203,21.951219512195124,11.498257839721255,10.452961672473867,78.04878048780488,7.317073170731707,70.73170731707317
E00024813,299,53,19,34,246,21,225,17.725752508361204,6.354515050167224,11.37123745819398,82.2742474916388,7.023411371237458,75.25083612040135
E00024814,380,70,39,31,310,24,286,18.421052631578945,10.263157894736842,8.157894736842106,81.57894736842105,6.315789473684211,75.26315789473685
E00024815,308,50,19,31,258,14,244,16.233766233766232,6.1688311688311686,10.064935064935066,83.76623376623377,4.545454545454546,79.22077922077922
E00024816,342,47,23,24,295,24,271,13.742690058479532,6.725146198830409,7.017543859649122,86.25730994152046,7.017543859649122,79.23976608187134
E00024817,257,43,14,29,214,24,190,16.731517509727624,5.447470817120623,11.284046692607005,83.26848249027238,9.33852140077821,73.92996108949417
E00024819,274,100,67,33,174,13,161,36.496350364963504,24.45255474452555,12.043795620437956,63.503649635036496,4.744525547445255,58.75912408759124
E00024820,331,58,33,25,273,26,247,17.522658610271904,9.969788519637463,7.552870090634441,82.4773413897281,7.854984894259818,74.62235649546828
E00024821,285,100,67,33,185,9,176,35.08771929824561,23.50877192982456,11.578947368421053,64.91228070175438,3.1578947368421053,61.75438596491228
E00024822,308,56,28,28,252,23,229,18.181818181818183,9.090909090909092,9.090909090909092,81.81818181818183,7.467532467532467,74.35064935064936
E00024823,333,76,46,30,257,23,234,22.822822822822822,13.813813813813812,9.00900900900901,77.17717717717719,6.906906906906906,70.27027027027027
E00024824,363,43,20,23,320,27,293,11.84573002754821,5.5096418732782375,6.336088154269973,88.1542699724518,7.43801652892562,80.71625344352617
E00024825,425,36,7,29,389,29,360,8.470588235294118,1.647058823529412,6.8235294117647065,91.52941176470588,6.8235294117647065,84.70588235294117
E00024827,322,34,14,20,288,26,262,10.559006211180124,4.3478260869565215,6.211180124223603,89.44099378881988,8.074534161490684,81.36645962732919
E00024828,205,30,6,24,175,17,158,14.634146341463413,2.9268292682926833,11.707317073170733,85.36585365853658,8.292682926829269,77.07317073170732
E00024829,349,47,20,27,302,26,276,13.46704871060172,5.730659025787966,7.736389684813753,86.53295128939828,7.4498567335243555,79.08309455587393
E00024830,440,104,46,58,336,23,313,23.636363636363637,10.454545454545453,13.18181818181818,76.36363636363637,5.227272727272727,71.13636363636363
E00024831,324,63,31,32,261,15,246,19.444444444444446,9.5679012345679,9.876543209876543,80.55555555555556,4.62962962962963,75.92592592592592
E00024832,419,75,32,43,344,34,310,17.899761336515514,7.637231503579953,10.26252983293556,82.10023866348448,8.1145584725537,73.9856801909308
E00024833,378,88,36,52,290,28,262,23.28042328042328,9.523809523809524,13.756613756613756,76.71957671957672,7.4074074074074066,69.31216931216932
E00024834,330,49,16,33,281,30,251,14.84848484848485,4.848484848484849,10,85.15151515151516,9.090909090909092,76.06060606060606
E00024835,279,61,25,36,218,24,194,21.863799283154123,8.960573476702509,12.903225806451612,78.13620071684588,8.60215053763441,69.53405017921148
E00024836,325,51,20,31,274,18,256,15.692307692307692,6.153846153846154,9.538461538461538,84.3076923076923,5.538461538461538,78.76923076923077
E00024837,477,52,21,31,425,42,383,10.90146750524109,4.40251572327044,6.498951781970649,89.09853249475891,8.80503144654088,80.29350104821803
E00024838,317,83,46,37,234,16,218,26.18296529968454,14.511041009463725,11.67192429022082,73.81703470031546,5.047318611987381,68.76971608832808
E00024839,230,56,24,32,174,9,165,24.347826086956523,10.434782608695652,13.91304347826087,75.65217391304347,3.91304347826087,71.73913043478261
E00024840,351,87,48,39,264,8,256,24.786324786324787,13.675213675213676,11.11111111111111,75.21367521367522,2.2792022792022792,72.93447293447294
E00024841,179,79,37,42,100,14,86,44.134078212290504,20.670391061452513,23.463687150837988,55.865921787709496,7.82122905027933,48.04469273743017
E00024842,223,57,18,39,166,14,152,25.56053811659193,8.071748878923767,17.48878923766816,74.43946188340807,6.278026905829597,68.16143497757847
E00024843,277,57,22,35,220,23,197,20.577617328519857,7.9422382671480145,12.63537906137184,79.42238267148014,8.303249097472925,71.11913357400722
E00024844,291,55,26,29,236,12,224,18.900343642611684,8.934707903780069,9.965635738831615,81.09965635738831,4.123711340206185,76.97594501718214
E00024845,408,79,34,45,329,32,297,19.362745098039216,8.333333333333332,11.029411764705882,80.63725490196079,7.8431372549019605,72.79411764705883
E00024846,336,64,33,31,272,15,257,19.047619047619047,9.821428571428571,9.226190476190476,80.95238095238095,4.464285714285714,76.48809523809523
E00024847,322,77,34,43,245,17,228,23.91304347826087,10.559006211180124,13.354037267080745,76.08695652173914,5.279503105590062,70.80745341614907
E00024848,292,58,20,38,234,18,216,19.863013698630137,6.8493150684931505,13.013698630136986,80.13698630136986,6.164383561643835,73.97260273972603
E00024849,294,65,31,34,229,18,211,22.108843537414966,10.54421768707483,11.564625850340136,77.89115646258503,6.122448979591836,71.7687074829932
E00024850,244,54,24,30,190,18,172,22.131147540983605,9.836065573770492,12.295081967213115,77.8688524590164,7.377049180327869,70.49180327868852
E00024851,271,52,22,30,219,11,208,19.18819188191882,8.118081180811808,11.07011070110701,80.81180811808119,4.059040590405904,76.75276752767527
E00024852,327,76,42,34,251,27,224,23.24159021406728,12.844036697247708,10.397553516819572,76.75840978593273,8.256880733944955,68.50152905198776
E00024853,303,54,30,24,249,26,223,17.82178217821782,9.900990099009901,7.920792079207921,82.17821782178217,8.58085808580858,73.5973597359736
E00024854,207,48,29,19,159,12,147,23.18840579710145,14.009661835748794,9.178743961352657,76.81159420289855,5.797101449275362,71.01449275362319
E00024855,334,63,20,43,271,27,244,18.862275449101794,5.9880239520958085,12.874251497005988,81.1377245508982,8.08383233532934,73.05389221556887
E00024856,353,85,42,43,268,18,250,24.07932011331445,11.89801699716714,12.181303116147308,75.92067988668555,5.099150141643059,70.82152974504248
E00024857,167,54,23,31,113,10,103,32.33532934131736,13.77245508982036,18.562874251497004,67.66467065868264,5.9880239520958085,61.67664670658682
E00024858,271,47,29,18,224,16,208,17.343173431734318,10.70110701107011,6.642066420664207,82.65682656826569,5.904059040590406,76.75276752767527
E00024859,276,70,29,41,206,15,191,25.36231884057971,10.507246376811594,14.855072463768115,74.63768115942028,5.434782608695652,69.20289855072464
E00024860,345,83,46,37,262,20,242,24.057971014492754,13.333333333333334,10.72463768115942,75.94202898550725,5.797101449275362,70.14492753623188
E00024861,280,46,19,27,234,30,204,16.428571428571427,6.785714285714286,9.642857142857144,83.57142857142857,10.714285714285714,72.85714285714285
E00024862,266,71,40,31,195,11,184,26.691729323308273,15.037593984962406,11.654135338345863,73.30827067669173,4.135338345864661,69.17293233082707
E00024863,309,33,10,23,276,32,244,10.679611650485436,3.2362459546925564,7.443365695792881,89.32038834951457,10.355987055016183,78.96440129449837
E00024864,262,46,16,30,216,23,193,17.557251908396946,6.106870229007633,11.450381679389313,82.44274809160305,8.778625954198473,73.66412213740458
E00024865,322,74,29,45,248,30,218,22.981366459627328,9.006211180124224,13.975155279503104,77.01863354037268,9.316770186335404,67.70186335403726
E00024866,408,90,46,44,318,31,287,22.058823529411764,11.27450980392157,10.784313725490197,77.94117647058823,7.598039215686274,70.34313725490196
E00024867,365,75,39,36,290,31,259,20.54794520547945,10.684931506849315,9.863013698630137,79.45205479452055,8.493150684931507,70.95890410958904
E00024868,247,59,26,33,188,18,170,23.88663967611336,10.526315789473683,13.360323886639677,76.11336032388664,7.28744939271255,68.82591093117408
E00024870,306,62,34,28,244,22,222,20.26143790849673,11.11111111111111,9.15032679738562,79.73856209150327,7.18954248366013,72.54901960784314
E00024871,227,70,32,38,157,25,132,30.837004405286343,14.096916299559473,16.740088105726873,69.16299559471366,11.013215859030836,58.14977973568281
E00024872,323,61,21,40,262,17,245,18.885448916408667,6.5015479876160995,12.38390092879257,81.11455108359134,5.263157894736842,75.85139318885449
E00024873,236,65,26,39,171,17,154,27.54237288135593,11.016949152542372,16.52542372881356,72.45762711864407,7.203389830508475,65.2542372881356
E00024874,288,59,22,37,229,15,214,20.48611111111111,7.638888888888889,12.847222222222221,79.51388888888889,5.208333333333334,74.30555555555556
E00024875,234,74,33,41,160,23,137,31.62393162393162,14.102564102564102,17.52136752136752,68.37606837606837,9.82905982905983,58.54700854700855
E00024876,255,66,29,37,189,20,169,25.882352941176475,11.372549019607844,14.50980392156863,74.11764705882354,7.8431372549019605,66.27450980392156
E00024877,308,72,33,39,236,20,216,23.376623376623375,10.714285714285714,12.662337662337661,76.62337662337663,6.493506493506493,70.12987012987013
E00024878,270,72,38,34,198,23,175,26.666666666666668,14.074074074074074,12.592592592592592,73.33333333333333,8.518518518518519,64.81481481481481
E00024879,307,53,18,35,254,31,223,17.263843648208468,5.863192182410423,11.400651465798045,82.73615635179154,10.097719869706841,72.63843648208469
E00024880,335,93,49,44,242,26,216,27.761194029850746,14.626865671641792,13.134328358208954,72.23880597014926,7.761194029850746,64.4776119402985
E00024881,335,71,32,39,264,25,239,21.19402985074627,9.55223880597015,11.641791044776118,78.80597014925374,7.462686567164178,71.34328358208955
E00024882,287,54,20,34,233,19,214,18.81533101045296,6.968641114982578,11.846689895470384,81.18466898954703,6.620209059233449,74.56445993031359
E00024883,324,49,20,29,275,31,244,15.123456790123457,6.172839506172839,8.950617283950617,84.87654320987654,9.5679012345679,75.30864197530865
E00024884,256,55,31,24,201,22,179,21.484375,12.109375,9.375,78.515625,8.59375,69.921875
E00024885,351,57,27,30,294,28,266,16.23931623931624,7.6923076923076925,8.547008547008547,83.76068376068376,7.977207977207977,75.78347578347578
E00024886,250,57,30,27,193,12,181,22.8,12,10.8,77.2,4.8,72.39999999999999
E00024887,315,63,25,38,252,30,222,20,7.936507936507936,12.063492063492063,80,9.523809523809524,70.47619047619048
E00024888,294,46,16,30,248,14,234,15.646258503401361,5.442176870748299,10.204081632653061,84.35374149659864,4.761904761904762,79.59183673469387
E00024889,300,65,35,30,235,22,213,21.666666666666668,11.666666666666666,10,78.33333333333333,7.333333333333333,71
E00024891,299,42,17,25,257,34,223,14.046822742474916,5.68561872909699,8.361204013377927,85.95317725752508,11.37123745819398,74.5819397993311
E00024892,295,44,22,22,251,32,219,14.915254237288137,7.457627118644068,7.457627118644068,85.08474576271186,10.847457627118644,74.23728813559322
E00024893,356,66,28,38,290,19,271,18.53932584269663,7.865168539325842,10.674157303370785,81.46067415730337,5.337078651685393,76.12359550561798
E00024894,304,40,15,25,264,27,237,13.157894736842104,4.934210526315789,8.223684210526317,86.8421052631579,8.881578947368421,77.96052631578947
E00024895,315,59,29,30,256,24,232,18.73015873015873,9.206349206349207,9.523809523809524,81.26984126984127,7.6190476190476195,73.65079365079366
E00024896,205,44,18,26,161,14,147,21.463414634146343,8.780487804878048,12.682926829268293,78.53658536585367,6.829268292682928,71.70731707317073
E00024897,371,46,17,29,325,19,306,12.398921832884097,4.5822102425876015,7.816711590296496,87.6010781671159,5.121293800539084,82.47978436657682
E00024898,326,55,20,35,271,18,253,16.87116564417178,6.134969325153374,10.736196319018406,83.12883435582822,5.521472392638037,77.60736196319019
E00024899,308,48,21,27,260,25,235,15.584415584415584,6.8181818181818175,8.766233766233766,84.4155844155844,8.116883116883116,76.2987012987013
E00024900,371,71,24,47,300,26,274,19.137466307277627,6.46900269541779,12.668463611859837,80.86253369272237,7.008086253369273,73.8544474393531
E00024901,301,33,15,18,268,15,253,10.96345514950166,4.983388704318937,5.980066445182724,89.03654485049833,4.983388704318937,84.0531561461794
E00024902,439,55,22,33,384,43,341,12.52847380410023,5.0113895216400905,7.517084282460136,87.47152619589977,9.79498861047836,77.67653758542141
E00024903,280,38,22,16,242,19,223,13.571428571428571,7.857142857142857,5.714285714285714,86.42857142857143,6.785714285714286,79.64285714285714
E00024904,283,34,9,25,249,25,224,12.014134275618375,3.180212014134275,8.8339222614841,87.98586572438163,8.8339222614841,79.15194346289752
E00024905,269,38,13,25,231,27,204,14.12639405204461,4.83271375464684,9.293680297397769,85.87360594795538,10.037174721189592,75.8364312267658
E00024906,309,66,32,34,243,25,218,21.35922330097087,10.355987055016183,11.003236245954692,78.64077669902912,8.090614886731391,70.55016181229773
E00024907,290,61,22,39,229,24,205,21.03448275862069,7.586206896551724,13.448275862068964,78.96551724137932,8.275862068965518,70.6896551724138
E00024908,309,34,16,18,275,14,261,11.003236245954692,5.177993527508091,5.825242718446602,88.9967637540453,4.53074433656958,84.46601941747572
E00024909,337,56,15,41,281,22,259,16.61721068249258,4.451038575667656,12.166172106824925,83.38278931750742,6.528189910979229,76.8545994065282
E00024910,360,61,21,40,299,29,270,16.944444444444446,5.833333333333333,11.11111111111111,83.05555555555556,8.055555555555555,75
E00024911,315,50,26,24,265,30,235,15.873015873015872,8.253968253968253,7.6190476190476195,84.12698412698413,9.523809523809524,74.60317460317461
E00024912,251,53,24,29,198,17,181,21.115537848605577,9.56175298804781,11.553784860557768,78.88446215139442,6.772908366533864,72.11155378486056
E00024913,305,45,15,30,260,32,228,14.754098360655737,4.918032786885246,9.836065573770492,85.24590163934425,10.491803278688524,74.75409836065575
E00024914,320,47,22,25,273,23,250,14.6875,6.875000000000001,7.8125,85.3125,7.187499999999999,78.125
E00024915,239,36,16,20,203,15,188,15.062761506276152,6.694560669456067,8.368200836820083,84.93723849372385,6.2761506276150625,78.66108786610879
E00024916,234,46,24,22,188,20,168,19.65811965811966,10.256410256410255,9.401709401709402,80.34188034188034,8.547008547008547,71.7948717948718
E00024917,380,98,61,37,282,14,268,25.789473684210527,16.05263157894737,9.736842105263158,74.21052631578947,3.684210526315789,70.52631578947368
E00024918,310,50,22,28,260,34,226,16.129032258064516,7.096774193548387,9.032258064516128,83.87096774193549,10.967741935483872,72.90322580645162
E00024919,340,48,27,21,292,23,269,14.117647058823529,7.941176470588235,6.176470588235294,85.88235294117646,6.764705882352941,79.11764705882352
E00024920,310,57,28,29,253,16,237,18.387096774193548,9.032258064516128,9.35483870967742,81.61290322580645,5.161290322580645,76.45161290322581
E00024921,275,42,17,25,233,16,217,15.272727272727273,6.181818181818182,9.090909090909092,84.72727272727273,5.818181818181818,78.9090909090909
E00024922,297,29,8,21,268,24,244,9.764309764309765,2.6936026936026933,7.07070707070707,90.23569023569024,8.080808080808081,82.15488215488216
E00024923,273,54,24,30,219,26,193,19.78021978021978,8.791208791208792,10.989010989010989,80.21978021978022,9.523809523809524,70.6959706959707
E00024924,310,45,23,22,265,30,235,14.516129032258066,7.419354838709677,7.096774193548387,85.48387096774194,9.67741935483871,75.80645161290323
E00024925,325,47,15,32,278,17,261,14.461538461538462,4.615384615384616,9.846153846153847,85.53846153846155,5.230769230769231,80.3076923076923
E00024926,398,49,17,32,349,30,319,12.311557788944723,4.271356783919598,8.040201005025125,87.68844221105527,7.537688442211055,80.15075376884423
E00024927,312,54,17,37,258,37,221,17.307692307692307,5.448717948717949,11.858974358974358,82.6923076923077,11.858974358974358,70.83333333333334
E00024929,309,68,33,35,241,21,220,22.006472491909385,10.679611650485436,11.326860841423949,77.99352750809061,6.796116504854369,71.19741100323624
E00024930,330,81,37,44,249,17,232,24.545454545454547,11.212121212121213,13.333333333333334,75.45454545454545,5.151515151515151,70.3030303030303
E00024932,298,57,32,25,241,9,232,19.12751677852349,10.738255033557047,8.389261744966444,80.87248322147651,3.0201342281879198,77.85234899328859
E00024933,399,87,40,47,312,29,283,21.804511278195488,10.025062656641603,11.779448621553884,78.19548872180451,7.268170426065162,70.92731829573935
E00024934,290,69,33,36,221,22,199,23.79310344827586,11.379310344827587,12.413793103448276,76.20689655172413,7.586206896551724,68.62068965517241
E00024935,241,72,34,38,169,17,152,29.87551867219917,14.107883817427386,15.767634854771783,70.12448132780082,7.053941908713693,63.07053941908713
E00024937,265,47,20,27,218,15,203,17.735849056603772,7.547169811320755,10.18867924528302,82.26415094339623,5.660377358490567,76.60377358490567
E00024938,396,79,50,29,317,22,295,19.94949494949495,12.626262626262626,7.3232323232323235,80.05050505050505,5.555555555555555,74.4949494949495
E00024939,253,55,17,38,198,22,176,21.73913043478261,6.719367588932807,15.019762845849801,78.26086956521739,8.695652173913043,69.56521739130434
E00024940,257,66,31,35,191,19,172,25.680933852140075,12.062256809338521,13.618677042801556,74.31906614785993,7.392996108949417,66.9260700389105
E00024941,280,45,18,27,235,31,204,16.071428571428573,6.428571428571428,9.642857142857144,83.92857142857143,11.071428571428571,72.85714285714285
E00024942,308,80,41,39,228,20,208,25.97402597402597,13.311688311688311,12.662337662337661,74.02597402597402,6.493506493506493,67.53246753246754
E00024943,302,68,30,38,234,19,215,22.516556291390728,9.933774834437086,12.582781456953644,77.48344370860927,6.291390728476822,71.19205298013244
E00024944,338,61,21,40,277,18,259,18.04733727810651,6.21301775147929,11.834319526627219,81.95266272189349,5.325443786982249,76.62721893491124
E00024945,266,52,27,25,214,22,192,19.548872180451127,10.150375939849624,9.398496240601503,80.45112781954887,8.270676691729323,72.18045112781954
E00024946,241,76,47,29,165,15,150,31.535269709543567,19.502074688796682,12.033195020746888,68.46473029045643,6.224066390041494,62.24066390041494
E00024947,483,82,34,48,401,40,361,16.977225672877847,7.039337474120083,9.937888198757763,83.02277432712215,8.281573498964804,74.74120082815735
E00024948,234,49,24,25,185,20,165,20.94017094017094,10.256410256410255,10.683760683760683,79.05982905982906,8.547008547008547,70.51282051282051
E00024949,238,56,27,29,182,19,163,23.52941176470588,11.344537815126051,12.184873949579831,76.47058823529412,7.9831932773109235,68.4873949579832
E00024950,192,43,21,22,149,13,136,22.395833333333336,10.9375,11.458333333333332,77.60416666666666,6.770833333333333,70.83333333333334
E00024951,294,61,30,31,233,15,218,20.74829931972789,10.204081632653061,10.54421768707483,79.25170068027211,5.1020408163265305,74.14965986394559
E00024952,377,70,29,41,307,21,286,18.56763925729443,7.6923076923076925,10.875331564986737,81.43236074270557,5.570291777188329,75.86206896551724
E00024953,403,79,40,39,324,24,300,19.602977667493796,9.925558312655088,9.67741935483871,80.39702233250621,5.955334987593052,74.44168734491315
E00024954,258,49,17,32,209,23,186,18.992248062015506,6.5891472868217065,12.4031007751938,81.0077519379845,8.914728682170542,72.09302325581395
E00024955,271,77,36,41,194,14,180,28.413284132841326,13.284132841328415,15.129151291512915,71.58671586715867,5.166051660516605,66.42066420664207
E00024956,318,83,46,37,235,15,220,26.10062893081761,14.465408805031446,11.635220125786164,73.89937106918238,4.716981132075472,69.18238993710692
E00024958,289,66,36,30,223,21,202,22.837370242214533,12.45674740484429,10.380622837370241,77.16262975778547,7.26643598615917,69.8961937716263
E00024959,202,68,37,31,134,7,127,33.663366336633665,18.316831683168317,15.346534653465346,66.33663366336634,3.4653465346534658,62.87128712871287
E00024960,333,58,32,26,275,20,255,17.417417417417415,9.60960960960961,7.807807807807808,82.58258258258259,6.006006006006006,76.57657657657657
E00024961,328,92,49,43,236,27,209,28.04878048780488,14.939024390243901,13.109756097560975,71.95121951219512,8.231707317073171,63.71951219512195
E00024962,326,55,16,39,271,18,253,16.87116564417178,4.9079754601226995,11.96319018404908,83.12883435582822,5.521472392638037,77.60736196319019
E00024963,314,48,19,29,266,21,245,15.286624203821656,6.050955414012739,9.235668789808917,84.71337579617835,6.687898089171974,78.02547770700637
E00024964,236,67,39,28,169,22,147,28.389830508474578,16.52542372881356,11.864406779661017,71.61016949152543,9.322033898305085,62.28813559322034
E00024965,269,72,41,31,197,11,186,26.765799256505574,15.241635687732341,11.524163568773234,73.23420074349443,4.089219330855019,69.14498141263941
E00024966,331,40,12,28,291,42,249,12.084592145015106,3.625377643504532,8.459214501510575,87.91540785498489,12.688821752265861,75.22658610271903
E00024967,328,42,15,27,286,28,258,12.804878048780488,4.573170731707317,8.231707317073171,87.1951219512195,8.536585365853659,78.65853658536585
E00024968,257,38,14,24,219,18,201,14.785992217898833,5.447470817120623,9.33852140077821,85.21400778210116,7.003891050583658,78.21011673151752
E00024969,348,66,39,27,282,19,263,18.96551724137931,11.206896551724139,7.758620689655173,81.03448275862068,5.459770114942529,75.57471264367817
E00024970,510,60,25,35,450,41,409,11.76470588235294,4.901960784313726,6.862745098039216,88.23529411764706,8.03921568627451,80.19607843137256
E00024971,470,64,16,48,406,29,377,13.617021276595745,3.404255319148936,10.212765957446807,86.38297872340426,6.170212765957447,80.2127659574468
E00024972,497,49,17,32,448,39,409,9.859154929577464,3.420523138832998,6.438631790744467,90.14084507042254,7.847082494969819,82.29376257545272
E00024973,320,60,26,34,260,29,231,18.75,8.125,10.625,81.25,9.0625,72.1875
E00024974,285,64,30,34,221,15,206,22.45614035087719,10.526315789473683,11.929824561403509,77.54385964912281,5.263157894736842,72.28070175438597
E00024975,221,46,20,26,175,13,162,20.81447963800905,9.049773755656108,11.76470588235294,79.18552036199095,5.88235294117647,73.303167420814475
E00024976,240,51,27,24,189,10,179,21.25,11.25,10,78.75,4.166666666666666,74.58333333333333
E00024977,285,36,16,20,249,23,226,12.631578947368421,5.614035087719298,7.017543859649122,87.36842105263159,8.070175438596491,79.2982456140351
E00024978,269,50,17,33,219,18,201,18.587360594795538,6.319702602230483,12.267657992565056,81.41263940520446,6.691449814126393,74.72118959107806
E00024979,290,41,18,23,249,24,225,14.13793103448276,6.206896551724138,7.931034482758621,85.86206896551725,8.275862068965518,77.58620689655173
E00024980,273,62,25,37,211,14,197,22.71062271062271,9.157509157509157,13.553113553113553,77.2893772893773,5.128205128205128,72.16117216117216
E00024981,299,46,21,25,253,18,235,15.384615384615385,7.023411371237458,8.361204013377927,84.61538461538461,6.0200668896321075,78.59531772575251
E00024982,293,42,16,26,251,31,220,14.334470989761092,5.460750853242321,8.873720136518772,85.6655290102389,10.580204778156997,75.0853242320819
E00024983,271,53,23,30,218,22,196,19.557195571955717,8.487084870848708,11.07011070110701,80.44280442804428,8.118081180811808,72.32472324723247
E00024984,388,80,33,47,308,21,287,20.618556701030926,8.505154639175258,12.11340206185567,79.38144329896907,5.412371134020619,73.96907216494846
E00024986,241,78,45,33,163,12,151,32.365145228215766,18.672199170124482,13.692946058091287,67.63485477178423,4.979253112033195,62.655601659751035
E00024987,345,59,23,36,286,32,254,17.101449275362317,6.666666666666667,10.434782608695652,82.89855072463767,9.27536231884058,73.62318840579711
E00024988,367,54,21,33,313,13,300,14.713896457765669,5.722070844686648,8.991825613079019,85.28610354223434,3.5422343324250685,81.74386920980926
E00024989,358,85,48,37,273,26,247,23.743016759776538,13.40782122905028,10.335195530726256,76.25698324022346,7.262569832402235,68.99441340782123
E00024990,308,56,26,30,252,17,235,18.181818181818183,8.441558441558442,9.740259740259742,81.81818181818183,5.51948051948052,76.2987012987013
E00024991,323,82,47,35,241,23,218,25.386996904024766,14.551083591331269,10.8359133126935,74.61300309597523,7.120743034055728,67.49226006191951
E00024992,293,69,34,35,224,29,195,23.549488054607508,11.604095563139932,11.945392491467576,76.45051194539249,9.897610921501707,66.55290102389078
E00024993,260,48,23,25,212,24,188,18.461538461538463,8.846153846153847,9.615384615384617,81.53846153846153,9.230769230769232,72.3076923076923
E00024994,287,94,52,42,193,14,179,32.752613240418114,18.118466898954704,14.634146341463413,67.24738675958189,4.878048780487805,62.36933797909408
E00024995,278,63,31,32,215,19,196,22.66187050359712,11.151079136690647,11.510791366906476,77.33812949640287,6.83453237410072,70.50359712230215
E00024996,295,49,22,27,246,18,228,16.610169491525422,7.457627118644068,9.152542372881356,83.38983050847457,6.101694915254238,77.28813559322035
E00024997,280,57,32,25,223,38,185,20.357142857142858,11.428571428571429,8.928571428571429,79.64285714285714,13.571428571428571,66.07142857142857
E00024998,327,45,14,31,282,26,256,13.761467889908257,4.281345565749235,9.480122324159021,86.23853211009175,7.951070336391437,78.2874617737003
E00024999,275,70,31,39,205,21,184,25.454545454545453,11.272727272727273,14.181818181818182,74.54545454545455,7.636363636363637,66.9090909090909
E00025000,329,52,20,32,277,27,250,15.80547112462006,6.079027355623101,9.72644376899696,84.19452887537993,8.206686930091186,75.98784194528876
E00025001,329,45,19,26,284,24,260,13.677811550151976,5.775075987841945,7.90273556231003,86.32218844984803,7.29483282674772,79.0273556231003
E00025002,327,73,37,36,254,19,235,22.32415902140673,11.314984709480122,11.009174311926607,77.67584097859327,5.81039755351682,71.86544342507645
E00025003,210,50,21,29,160,15,145,23.809523809523807,10,13.80952380952381,76.19047619047619,7.142857142857142,69.04761904761905
E00025004,466,60,22,38,406,34,372,12.875536480686694,4.721030042918455,8.15450643776824,87.1244635193133,7.296137339055794,79.82832618025752
E00025005,264,43,18,25,221,32,189,16.28787878787879,6.8181818181818175,9.469696969696969,83.71212121212122,12.121212121212121,71.5909090909091
E00171673,283,91,39,52,192,12,180,32.15547703180212,13.780918727915195,18.374558303886925,67.84452296819788,4.240282685512367,63.60424028268551
E00171674,226,32,7,25,194,17,177,14.15929203539823,3.0973451327433628,11.061946902654867,85.84070796460178,7.52212389380531,78.31858407079646
E00171675,109,18,2,16,91,11,80,16.51376146788991,1.834862385321101,14.678899082568808,83.4862385321101,10.091743119266056,73.39449541284404
E00171676,190,26,17,9,164,5,159,13.684210526315791,8.947368421052632,4.736842105263158,86.31578947368422,2.631578947368421,83.6842105263158
E00171677,133,22,10,12,111,8,103,16.541353383458645,7.518796992481203,9.022556390977442,83.45864661654136,6.015037593984962,77.44360902255639
E00171678,204,21,13,8,183,19,164,10.294117647058822,6.372549019607843,3.9215686274509802,89.70588235294117,9.313725490196079,80.3921568627451
E00171679,277,40,15,25,237,11,226,14.440433212996389,5.415162454873646,9.025270758122744,85.5595667870036,3.9711191335740073,81.58844765342961
E00171680,186,18,10,8,168,14,154,9.67741935483871,5.376344086021505,4.301075268817205,90.32258064516128,7.526881720430108,82.79569892473118
E00171681,247,41,26,15,206,5,201,16.599190283400812,10.526315789473683,6.0728744939271255,83.40080971659918,2.0242914979757085,81.37651821862349
E00171682,251,41,13,28,210,5,205,16.334661354581673,5.179282868525896,11.155378486055776,83.66533864541833,1.9920318725099602,81.67330677290838
E00171683,268,40,15,25,228,21,207,14.925373134328357,5.597014925373134,9.328358208955224,85.07462686567165,7.835820895522389,77.23880597014924
E00171684,540,73,26,47,467,35,432,13.518518518518519,4.814814814814815,8.703703703703704,86.48148148148148,6.481481481481481,80
E00171685,262,39,20,19,223,14,209,14.885496183206106,7.633587786259542,7.251908396946565,85.1145038167939,5.343511450381679,79.77099236641222
E00171686,322,38,11,27,284,23,261,11.801242236024844,3.4161490683229814,8.385093167701864,88.19875776397515,7.142857142857142,81.05590062111801
E00171687,494,81,42,39,413,24,389,16.39676113360324,8.502024291497975,7.894736842105263,83.60323886639675,4.8582995951417,78.74493927125506
E00171688,343,68,30,38,275,19,256,19.825072886297377,8.746355685131196,11.078717201166182,80.17492711370262,5.539358600583091,74.63556851311954
E00171689,358,34,11,23,324,19,305,9.497206703910614,3.072625698324022,6.424581005586592,90.5027932960894,5.307262569832402,85.19553072625699
E00171690,234,55,24,31,179,16,163,23.504273504273502,10.256410256410255,13.247863247863249,76.49572649572649,6.837606837606838,69.65811965811966
E00171691,236,58,31,27,178,17,161,24.576271186440678,13.135593220338984,11.440677966101696,75.42372881355932,7.203389830508475,68.22033898305084
E00171692,516,206,166,40,310,16,294,39.922480620155035,32.17054263565892,7.751937984496124,60.07751937984496,3.10077519379845,56.97674418604651
E00171693,398,77,13,64,321,36,285,19.34673366834171,3.2663316582914574,16.08040201005025,80.65326633165829,9.045226130653267,71.60804020100502
E00171694,297,44,19,25,253,20,233,14.814814814814813,6.397306397306397,8.417508417508419,85.18518518518519,6.7340067340067336,78.45117845117845
E00171695,367,66,20,46,301,44,257,17.983651226158038,5.449591280653951,12.534059945504087,82.01634877384197,11.989100817438691,70.02724795640327
E00171696,292,36,16,20,256,17,239,12.32876712328767,5.47945205479452,6.8493150684931505,87.67123287671232,5.821917808219178,81.84931506849315
E00171697,334,30,13,17,304,19,285,8.982035928143713,3.8922155688622757,5.089820359281437,91.01796407185628,5.688622754491018,85.32934131736528
E00171698,305,36,10,26,269,21,248,11.80327868852459,3.278688524590164,8.524590163934425,88.19672131147541,6.885245901639345,81.31147540983606
E00171699,231,29,14,15,202,20,182,12.554112554112553,6.0606060606060606,6.493506493506493,87.44588744588745,8.658008658008658,78.78787878787878
E00171700,295,37,15,22,258,19,239,12.54237288135593,5.084745762711865,7.457627118644068,87.45762711864407,6.440677966101695,81.01694915254237
E00171701,385,48,20,28,337,37,300,12.467532467532468,5.194805194805195,7.2727272727272725,87.53246753246754,9.61038961038961,77.92207792207793
E00171702,319,25,10,15,294,27,267,7.836990595611286,3.1347962382445136,4.702194357366771,92.16300940438872,8.463949843260188,83.69905956112854
E00171703,176,21,8,13,155,17,138,11.931818181818182,4.545454545454546,7.386363636363637,88.06818181818183,9.659090909090908,78.4090909090909
E00171704,285,29,14,15,256,24,232,10.175438596491228,4.912280701754386,5.263157894736842,89.82456140350877,8.421052631578947,81.40350877192982
E00171706,345,49,30,19,296,32,264,14.202898550724639,8.695652173913043,5.507246376811594,85.79710144927536,9.27536231884058,76.52173913043478
E00171707,304,48,25,23,256,29,227,15.789473684210526,8.223684210526317,7.565789473684211,84.21052631578947,9.539473684210527,74.67105263157895
E00181417,184,39,22,17,145,8,137,21.195652173913043,11.956521739130435,9.239130434782608,78.80434782608695,4.3478260869565215,74.45652173913044
E00181421,385,20,7,13,365,22,343,5.194805194805195,1.8181818181818181,3.3766233766233764,94.8051948051948,5.714285714285714,89.0909090909091
E00181425,536,78,36,42,458,43,415,14.55223880597015,6.7164179104477615,7.835820895522389,85.44776119402985,8.022388059701493,77.42537313432835
E00181427,355,53,32,21,302,7,295,14.929577464788732,9.014084507042254,5.915492957746479,85.07042253521126,1.971830985915493,83.09859154929578
E00181428,329,55,25,30,274,8,266,16.717325227963524,7.598784194528875,9.118541033434651,83.28267477203647,2.43161094224924,80.85106382978722
E00181429,158,16,9,7,142,14,128,10.126582278481013,5.69620253164557,4.430379746835443,89.87341772151899,8.860759493670885,81.0126582278481
E00181430,312,69,31,38,243,19,224,22.115384615384613,9.935897435897436,12.179487179487179,77.88461538461539,6.089743589743589,71.7948717948718
E00181435,545,48,21,27,497,17,480,8.807339449541285,3.853211009174312,4.954128440366973,91.19266055045871,3.1192660550458715,88.07339449541286
E00181437,270,25,12,13,245,17,228,9.25925925925926,4.444444444444445,4.814814814814815,90.74074074074075,6.296296296296296,84.44444444444444
E00181438,425,73,41,32,352,33,319,17.176470588235293,9.647058823529411,7.529411764705881,82.82352941176471,7.764705882352942,75.05882352941177
E00181442,517,34,9,25,483,35,448,6.5764023210831715,1.7408123791102514,4.835589941972921,93.42359767891682,6.769825918762089,86.65377176015474
E00181444,176,19,4,15,157,16,141,10.795454545454545,2.272727272727273,8.522727272727272,89.20454545454545,9.090909090909092,80.11363636363636
E00181446,192,18,9,9,174,12,162,9.375,4.6875,4.6875,90.625,6.25,84.375
E00181448,458,43,14,29,415,11,404,9.388646288209607,3.056768558951965,6.331877729257641,90.61135371179039,2.4017467248908297,88.20960698689956
E00181451,461,46,18,28,415,24,391,9.97830802603037,3.9045553145336225,6.073752711496746,90.02169197396964,5.206073752711497,84.81561822125813
E00181452,279,36,11,25,243,9,234,12.903225806451612,3.942652329749104,8.960573476702509,87.09677419354838,3.225806451612903,83.87096774193549
E00181453,209,38,18,20,171,5,166,18.181818181818183,8.61244019138756,9.569377990430622,81.81818181818183,2.3923444976076556,79.42583732057416
E00181456,529,35,16,19,494,30,464,6.61625708884688,3.0245746691871456,3.5916824196597354,93.38374291115312,5.671077504725898,87.71266540642722
E00181460,329,52,19,33,277,9,268,15.80547112462006,5.775075987841945,10.030395136778116,84.19452887537993,2.735562310030395,81.45896656534954
E00181462,247,17,6,11,230,0,230,6.882591093117409,2.42914979757085,4.4534412955465585,93.11740890688259,0,93.11740890688259
E00181463,120,14,3,11,106,7,99,11.666666666666666,2.5,9.166666666666666,88.33333333333333,5.833333333333333,82.5
E00181465,107,65,46,19,42,3,39,60.747663551401864,42.99065420560748,17.75700934579439,39.25233644859813,2.803738317757009,36.44859813084112
E00181469,313,40,16,24,273,16,257,12.779552715654951,5.111821086261981,7.667731629392971,87.22044728434504,5.111821086261981,82.10862619808307
E00181470,219,36,6,30,183,21,162,16.43835616438356,2.73972602739726,13.698630136986301,83.56164383561644,9.58904109589041,73.97260273972603
E00181471,298,59,32,27,239,17,222,19.798657718120804,10.738255033557047,9.060402684563758,80.20134228187919,5.704697986577181,74.49664429530202
E00181473,616,49,30,19,567,11,556,7.954545454545454,4.870129870129871,3.0844155844155843,92.04545454545455,1.7857142857142856,90.25974025974025
E00181475,337,28,14,14,309,8,301,8.30860534124629,4.154302670623145,4.154302670623145,91.69139465875371,2.3738872403560833,89.31750741839762
E00181476,368,89,56,33,279,18,261,24.184782608695652,15.217391304347828,8.967391304347826,75.81521739130434,4.891304347826087,70.92391304347827
E00181479,310,48,29,19,262,5,257,15.483870967741936,9.35483870967742,6.129032258064516,84.51612903225806,1.6129032258064515,82.9032258064516
E00181481,313,42,12,30,271,23,248,13.418530351437699,3.8338658146964857,9.584664536741213,86.5814696485623,7.348242811501597,79.2332268370607
E00181489,578,25,8,17,553,7,546,4.325259515570934,1.384083044982699,2.941176470588235,95.67474048442907,1.2110726643598615,94.4636678200692
E00181491,153,26,6,20,127,10,117,16.99346405228758,3.9215686274509802,13.071895424836603,83.00653594771242,6.535947712418301,76.47058823529412
E00181492,307,41,17,24,266,15,251,13.355048859934854,5.537459283387622,7.81758957654723,86.64495114006515,4.88599348534202,81.75895765472313
E00181493,265,33,14,19,232,20,212,12.452830188679245,5.283018867924529,7.169811320754717,87.54716981132076,7.547169811320755,80
E00181494,480,58,27,31,422,13,409,12.083333333333334,5.625,6.458333333333334,87.91666666666667,2.7083333333333335,85.20833333333333
E00181496,152,13,4,9,139,6,133,8.552631578947368,2.631578947368421,5.921052631578947,91.44736842105263,3.9473684210526314,87.5
E00181497,509,61,22,39,448,38,410,11.984282907662083,4.322200392927308,7.662082514734774,88.01571709233792,7.465618860510806,80.55009823182712
E00181499,137,35,20,15,102,6,96,25.547445255474454,14.5985401459854,10.948905109489052,74.45255474452554,4.37956204379562,70.07299270072993
E00181500,217,29,15,14,188,3,185,13.36405529953917,6.912442396313365,6.451612903225806,86.63594470046083,1.3824884792626728,85.25345622119815
E00181501,309,59,19,40,250,11,239,19.093851132686083,6.148867313915858,12.944983818770226,80.90614886731392,3.559870550161812,77.34627831715211
E00181502,489,75,37,38,414,9,405,15.337423312883436,7.566462167689162,7.770961145194274,84.66257668711657,1.8404907975460123,82.82208588957054
