OA,ts0590001,ts0590002,ts0590003,ts0590004,ts0590005,ts0590006,ts0590007,ts0590002_PCT,ts0590003_PCT,ts0590004_PCT,ts0590005_PCT,ts0590006_PCT,ts0590007_PCT
E00029084,155,45,14,31,110,95,15,29.03225806451613,9.032258064516128,20,70.96774193548387,61.29032258064516,9.67741935483871
E00029085,135,37,17,20,98,86,12,27.40740740740741,12.592592592592592,14.814814814814813,72.5925925925926,63.70370370370371,8.88888888888889
E00029086,138,39,21,18,99,94,5,28.26086956521739,15.217391304347828,13.043478260869565,71.73913043478261,68.11594202898551,3.6231884057971016
E00029087,153,40,14,26,113,101,12,26.143790849673206,9.15032679738562,16.99346405228758,73.8562091503268,66.01307189542483,7.8431372549019605
E00029088,262,46,13,33,216,187,29,17.557251908396946,4.961832061068702,12.595419847328243,82.44274809160305,71.37404580152672,11.068702290076336
E00029089,175,60,22,38,115,103,12,34.285714285714285,12.571428571428573,21.714285714285715,65.71428571428571,58.857142857142854,6.857142857142858
E00029090,146,45,14,31,101,92,9,30.82191780821918,9.58904109589041,21.232876712328768,69.17808219178082,63.013698630136986,6.164383561643835
E00029091,141,38,17,21,103,86,17,26.95035460992908,12.056737588652481,14.893617021276595,73.04964539007092,60.99290780141844,12.056737588652481
E00029092,112,35,7,28,77,70,7,31.25,6.25,25,68.75,62.5,6.25
E00029093,225,76,16,60,149,130,19,33.77777777777778,7.111111111111111,26.666666666666668,66.22222222222223,57.77777777777777,8.444444444444445
E00029094,131,40,13,27,91,78,13,30.53435114503817,9.923664122137405,20.610687022900763,69.46564885496184,59.541984732824424,9.923664122137405
E00029095,133,34,8,26,99,81,18,25.563909774436087,6.015037593984962,19.548872180451127,74.43609022556392,60.902255639097746,13.533834586466165
E00029096,143,36,14,22,107,90,17,25.174825174825177,9.79020979020979,15.384615384615385,74.82517482517483,62.93706293706294,11.888111888111888
E00029097,149,47,18,29,102,92,10,31.543624161073826,12.080536912751679,19.463087248322147,68.45637583892618,61.74496644295302,6.7114093959731544
E00029098,150,47,14,33,103,89,14,31.333333333333336,9.333333333333334,22,68.66666666666667,59.333333333333336,9.333333333333334
E00029099,133,33,7,26,100,95,5,24.81203007518797,5.263157894736842,19.548872180451127,75.18796992481202,71.42857142857143,3.7593984962406015
E00029100,80,14,5,9,66,56,10,17.5,6.25,11.25,82.5,70,12.5
E00029101,130,40,13,27,90,84,6,30.76923076923077,10,20.76923076923077,69.23076923076923,64.61538461538461,4.615384615384616
E00029102,146,43,10,33,103,92,11,29.45205479452055,6.8493150684931505,22.602739726027394,70.54794520547945,63.013698630136986,7.534246575342466
E00029103,160,43,15,28,117,99,18,26.875,9.375,17.5,73.125,61.875,11.25
E00029104,143,34,11,23,109,97,12,23.776223776223777,7.6923076923076925,16.083916083916083,76.22377622377621,67.83216783216784,8.391608391608392
E00029105,152,50,9,41,102,91,11,32.89473684210527,5.921052631578947,26.973684210526315,67.10526315789474,59.86842105263158,7.236842105263158
E00029106,146,47,15,32,99,90,9,32.19178082191781,10.273972602739725,21.91780821917808,67.8082191780822,61.64383561643836,6.164383561643835
E00029107,124,41,13,28,83,74,9,33.064516129032256,10.483870967741936,22.58064516129032,66.93548387096774,59.67741935483871,7.258064516129033
E00029108,138,32,11,21,106,88,18,23.18840579710145,7.971014492753622,15.217391304347828,76.81159420289855,63.76811594202898,13.043478260869565
E00029109,139,33,7,26,106,94,12,23.741007194244602,5.0359712230215825,18.705035971223023,76.2589928057554,67.62589928057554,8.633093525179856
E00029110,19,7,3,4,12,11,1,36.84210526315789,15.789473684210526,21.052631578947366,63.1578947368421,57.89473684210527,5.263157894736842
E00029111,168,43,13,30,125,111,14,25.595238095238095,7.738095238095238,17.857142857142858,74.40476190476191,66.07142857142857,8.333333333333332
E00029112,119,29,6,23,90,82,8,24.369747899159663,5.042016806722689,19.327731092436977,75.63025210084034,68.90756302521008,6.722689075630252
E00029113,111,28,9,19,83,74,9,25.225225225225223,8.108108108108109,17.117117117117118,74.77477477477478,66.66666666666666,8.108108108108109
E00029114,142,30,7,23,112,102,10,21.12676056338028,4.929577464788732,16.19718309859155,78.87323943661971,71.83098591549296,7.042253521126761
E00029115,27,8,3,5,19,16,3,29.629629629629626,11.11111111111111,18.51851851851852,70.37037037037037,59.25925925925925,11.11111111111111
E00029116,130,27,8,19,103,96,7,20.76923076923077,6.153846153846154,14.615384615384617,79.23076923076923,73.84615384615385,5.384615384615385
E00029117,130,41,11,30,89,75,14,31.538461538461537,8.461538461538462,23.076923076923077,68.46153846153847,57.692307692307686,10.76923076923077
E00029118,206,53,16,37,153,136,17,25.728155339805824,7.766990291262135,17.96116504854369,74.27184466019418,66.01941747572816,8.25242718446602
E00029119,100,29,17,12,71,58,13,28.999999999999996,17,12,71,57.99999999999999,13
E00029120,111,37,10,27,74,68,6,33.33333333333333,9.00900900900901,24.324324324324326,66.66666666666666,61.261261261261254,5.405405405405405
E00029121,78,17,6,11,61,54,7,21.794871794871796,7.6923076923076925,14.102564102564102,78.2051282051282,69.23076923076923,8.974358974358974
E00029122,151,42,15,27,109,95,14,27.81456953642384,9.933774834437086,17.880794701986755,72.18543046357617,62.913907284768214,9.271523178807946
E00029123,152,40,11,29,112,101,11,26.31578947368421,7.236842105263158,19.078947368421055,73.68421052631578,66.44736842105263,7.236842105263158
E00029124,150,36,15,21,114,102,12,24,10,14.000000000000002,76,68,8
E00029125,164,42,8,34,122,111,11,25.609756097560975,4.878048780487805,20.73170731707317,74.39024390243902,67.6829268292683,6.707317073170732
E00029126,141,40,6,34,101,93,8,28.368794326241137,4.25531914893617,24.113475177304963,71.63120567375887,65.95744680851064,5.673758865248227
E00029127,140,34,12,22,106,93,13,24.285714285714285,8.571428571428571,15.714285714285714,75.71428571428571,66.42857142857143,9.285714285714286
E00029128,132,30,5,25,102,87,15,22.727272727272727,3.787878787878788,18.939393939393938,77.27272727272727,65.9090909090909,11.363636363636363
E00029129,160,37,9,28,123,107,16,23.125,5.625,17.5,76.875,66.875,10
E00029130,121,37,11,26,84,76,8,30.57851239669421,9.090909090909092,21.487603305785125,69.42148760330579,62.8099173553719,6.6115702479338845
E00029131,123,33,9,24,90,82,8,26.82926829268293,7.317073170731707,19.51219512195122,73.17073170731707,66.66666666666666,6.504065040650407
E00029132,91,34,14,20,57,51,6,37.362637362637365,15.384615384615385,21.978021978021978,62.637362637362635,56.043956043956044,6.593406593406594
E00029133,122,35,13,22,87,75,12,28.688524590163933,10.655737704918032,18.0327868852459,71.31147540983606,61.47540983606557,9.836065573770492
E00029134,187,48,17,31,139,126,13,25.668449197860966,9.090909090909092,16.577540106951872,74.33155080213903,67.37967914438502,6.951871657754011
E00029135,246,56,20,36,190,176,14,22.76422764227642,8.130081300813007,14.634146341463413,77.23577235772358,71.54471544715447,5.691056910569105
E00029136,86,39,10,29,47,44,3,45.348837209302324,11.627906976744185,33.72093023255814,54.65116279069767,51.162790697674424,3.488372093023256
E00029137,93,33,10,23,60,52,8,35.483870967741936,10.75268817204301,24.731182795698924,64.51612903225806,55.91397849462365,8.60215053763441
E00029138,93,41,9,32,52,49,3,44.086021505376344,9.67741935483871,34.40860215053764,55.91397849462365,52.68817204301075,3.225806451612903
E00029139,131,53,12,41,78,70,8,40.458015267175576,9.16030534351145,31.297709923664126,59.541984732824424,53.43511450381679,6.106870229007633
E00029140,154,37,12,25,117,105,12,24.025974025974026,7.792207792207792,16.233766233766232,75.97402597402598,68.18181818181817,7.792207792207792
E00029141,144,42,13,29,102,94,8,29.166666666666668,9.027777777777777,20.13888888888889,70.83333333333334,65.27777777777779,5.555555555555555
E00029142,115,49,12,37,66,55,11,42.608695652173914,10.434782608695652,32.17391304347826,57.391304347826086,47.82608695652174,9.565217391304348
E00029143,126,45,15,30,81,76,5,35.714285714285715,11.904761904761903,23.809523809523807,64.28571428571429,60.317460317460316,3.968253968253968
E00029144,156,56,17,39,100,94,6,35.8974358974359,10.897435897435898,25,64.1025641025641,60.256410256410255,3.8461538461538463
E00029145,125,41,8,33,84,78,6,32.800000000000004,6.4,26.400000000000002,67.2,62.4,4.8
E00029146,60,22,3,19,38,32,6,36.666666666666664,5,31.666666666666664,63.33333333333333,53.333333333333336,10
E00029147,88,33,7,26,55,50,5,37.5,7.954545454545454,29.545454545454547,62.5,56.81818181818182,5.681818181818182
E00029148,117,33,5,28,84,78,6,28.205128205128204,4.273504273504273,23.931623931623932,71.7948717948718,66.66666666666666,5.128205128205128
E00029149,112,34,8,26,78,73,5,30.357142857142854,7.142857142857142,23.214285714285715,69.64285714285714,65.17857142857143,4.464285714285714
E00029150,112,31,9,22,81,72,9,27.67857142857143,8.035714285714286,19.642857142857142,72.32142857142857,64.28571428571429,8.035714285714286
E00029151,142,47,16,31,95,84,11,33.098591549295776,11.267605633802818,21.830985915492956,66.90140845070422,59.154929577464785,7.746478873239436
E00029153,144,49,22,27,95,86,9,34.02777777777778,15.277777777777779,18.75,65.97222222222221,59.72222222222222,6.25
E00029154,145,48,16,32,97,91,6,33.10344827586207,11.03448275862069,22.06896551724138,66.89655172413794,62.758620689655174,4.137931034482759
E00029155,147,37,4,33,110,103,7,25.170068027210885,2.7210884353741496,22.448979591836736,74.82993197278913,70.06802721088435,4.761904761904762
E00029156,123,30,2,28,93,88,5,24.390243902439025,1.6260162601626018,22.76422764227642,75.60975609756098,71.54471544715447,4.0650406504065035
E00029157,39,11,4,7,28,28,0,28.205128205128204,10.256410256410255,17.94871794871795,71.7948717948718,71.7948717948718,0
E00029158,214,56,12,44,158,143,15,26.168224299065418,5.607476635514018,20.5607476635514,73.83177570093457,66.82242990654206,7.009345794392523
E00029159,133,34,12,22,99,90,9,25.563909774436087,9.022556390977442,16.541353383458645,74.43609022556392,67.66917293233082,6.7669172932330826
E00029160,119,37,15,22,82,78,4,31.092436974789916,12.605042016806722,18.487394957983195,68.90756302521008,65.54621848739495,3.361344537815126
E00029161,81,20,6,14,61,52,9,24.691358024691358,7.4074074074074066,17.28395061728395,75.30864197530865,64.19753086419753,11.11111111111111
E00029162,82,21,7,14,61,56,5,25.609756097560975,8.536585365853659,17.073170731707318,74.39024390243902,68.29268292682927,6.097560975609756
E00029163,76,32,8,24,44,44,0,42.10526315789473,10.526315789473683,31.57894736842105,57.89473684210527,57.89473684210527,0
E00029164,96,27,4,23,69,64,5,28.125,4.166666666666666,23.958333333333336,71.875,66.66666666666666,5.208333333333334
E00029165,97,38,13,25,59,55,4,39.175257731958766,13.402061855670103,25.773195876288657,60.824742268041234,56.70103092783505,4.123711340206185
E00029167,110,40,10,30,70,59,11,36.36363636363637,9.090909090909092,27.27272727272727,63.63636363636363,53.63636363636364,10
E00029168,128,45,9,36,83,78,5,35.15625,7.03125,28.125,64.84375,60.9375,3.90625
E00029169,119,39,6,33,80,73,7,32.773109243697476,5.042016806722689,27.73109243697479,67.22689075630252,61.34453781512605,5.88235294117647
E00029170,131,52,18,34,79,70,9,39.69465648854962,13.740458015267176,25.954198473282442,60.30534351145038,53.43511450381679,6.870229007633588
E00029171,69,22,4,18,47,46,1,31.88405797101449,5.797101449275362,26.08695652173913,68.11594202898551,66.66666666666666,1.4492753623188406
E00029172,121,31,10,21,90,82,8,25.6198347107438,8.264462809917356,17.355371900826448,74.3801652892562,67.76859504132231,6.6115702479338845
E00029173,120,48,10,38,72,65,7,40,8.333333333333332,31.666666666666664,60,54.166666666666664,5.833333333333333
E00029174,193,56,14,42,137,117,20,29.015544041450774,7.253886010362693,21.761658031088082,70.98445595854922,60.62176165803109,10.362694300518134
E00029175,228,65,29,36,163,147,16,28.50877192982456,12.719298245614036,15.789473684210526,71.49122807017544,64.47368421052632,7.017543859649122
E00029176,174,50,15,35,124,105,19,28.735632183908045,8.620689655172415,20.114942528735632,71.26436781609196,60.3448275862069,10.919540229885058
E00029177,92,26,6,20,66,62,4,28.26086956521739,6.521739130434782,21.73913043478261,71.73913043478261,67.3913043478261,4.3478260869565215
E00029178,77,25,7,18,52,44,8,32.467532467532465,9.090909090909092,23.376623376623375,67.53246753246754,57.14285714285714,10.38961038961039
E00029179,177,41,9,32,136,128,8,23.163841807909606,5.084745762711865,18.07909604519774,76.8361581920904,72.31638418079096,4.519774011299435
E00029180,140,34,13,21,106,98,8,24.285714285714285,9.285714285714286,15,75.71428571428571,70,5.714285714285714
E00029181,189,39,10,29,150,136,14,20.634920634920633,5.291005291005291,15.343915343915343,79.36507936507937,71.95767195767195,7.4074074074074066
E00029182,122,32,10,22,90,77,13,26.229508196721312,8.19672131147541,18.0327868852459,73.77049180327869,63.114754098360656,10.655737704918032
E00029183,128,45,16,29,83,77,6,35.15625,12.5,22.65625,64.84375,60.15625,4.6875
E00029184,139,35,7,28,104,94,10,25.179856115107913,5.0359712230215825,20.14388489208633,74.82014388489209,67.62589928057554,7.1942446043165464
E00029185,164,42,12,30,122,110,12,25.609756097560975,7.317073170731707,18.29268292682927,74.39024390243902,67.07317073170732,7.317073170731707
E00029186,129,36,9,27,93,78,15,27.906976744186046,6.976744186046512,20.930232558139537,72.09302325581395,60.46511627906976,11.627906976744185
E00029187,260,66,16,50,194,179,15,25.384615384615383,6.153846153846154,19.230769230769234,74.61538461538461,68.84615384615384,5.769230769230769
E00029188,123,27,8,19,96,86,10,21.951219512195124,6.504065040650407,15.447154471544716,78.04878048780488,69.91869918699187,8.130081300813007
E00029189,175,57,18,39,118,110,8,32.57142857142858,10.285714285714285,22.285714285714285,67.42857142857143,62.857142857142854,4.571428571428571
E00029190,122,40,15,25,82,76,6,32.78688524590164,12.295081967213115,20.491803278688526,67.21311475409836,62.295081967213115,4.918032786885246
E00029191,142,34,14,20,108,95,13,23.943661971830984,9.859154929577464,14.084507042253522,76.05633802816901,66.90140845070422,9.15492957746479
E00029192,172,59,15,44,113,103,10,34.30232558139535,8.720930232558139,25.581395348837212,65.69767441860465,59.883720930232556,5.813953488372093
E00029193,212,44,12,32,168,149,19,20.754716981132077,5.660377358490567,15.09433962264151,79.24528301886792,70.28301886792453,8.962264150943396
E00029194,155,45,18,27,110,101,9,29.03225806451613,11.612903225806452,17.419354838709676,70.96774193548387,65.16129032258064,5.806451612903226
E00029195,64,23,5,18,41,38,3,35.9375,7.8125,28.125,64.0625,59.375,4.6875
E00029196,99,30,7,23,69,65,4,30.303030303030305,7.07070707070707,23.232323232323232,69.6969696969697,65.65656565656566,4.040404040404041
E00029197,156,41,7,34,115,101,14,26.282051282051285,4.487179487179487,21.794871794871796,73.71794871794873,64.74358974358975,8.974358974358974
E00029199,166,44,16,28,122,116,6,26.506024096385545,9.63855421686747,16.867469879518072,73.49397590361446,69.87951807228916,3.614457831325301
E00029200,235,71,22,49,164,145,19,30.21276595744681,9.361702127659575,20.851063829787233,69.7872340425532,61.702127659574465,8.085106382978724
E00029201,169,35,10,25,134,117,17,20.710059171597635,5.9171597633136095,14.792899408284024,79.28994082840237,69.23076923076923,10.059171597633137
E00029202,145,57,15,42,88,85,3,39.310344827586206,10.344827586206897,28.965517241379313,60.689655172413794,58.620689655172406,2.0689655172413794
E00029203,151,56,14,42,95,82,13,37.086092715231786,9.271523178807946,27.81456953642384,62.913907284768214,54.3046357615894,8.609271523178808
E00029204,166,57,24,33,109,100,9,34.33734939759036,14.457831325301203,19.879518072289155,65.66265060240963,60.24096385542169,5.421686746987952
E00029205,172,50,16,34,122,103,19,29.069767441860467,9.30232558139535,19.767441860465116,70.93023255813954,59.883720930232556,11.046511627906977
E00029206,155,50,13,37,105,87,18,32.25806451612903,8.38709677419355,23.870967741935484,67.74193548387096,56.12903225806451,11.612903225806452
E00029207,131,43,18,25,88,82,6,32.82442748091603,13.740458015267176,19.083969465648856,67.17557251908397,62.59541984732825,4.580152671755725
E00029208,138,42,18,24,96,86,10,30.434782608695656,13.043478260869565,17.391304347826086,69.56521739130434,62.31884057971014,7.246376811594203
E00029209,116,51,11,40,65,59,6,43.96551724137931,9.482758620689655,34.48275862068966,56.03448275862068,50.86206896551724,5.172413793103448
E00029210,139,50,21,29,89,81,8,35.97122302158273,15.107913669064748,20.863309352517987,64.02877697841727,58.27338129496403,5.755395683453238
E00029211,179,42,11,31,137,129,8,23.463687150837988,6.145251396648044,17.318435754189945,76.53631284916202,72.06703910614524,4.4692737430167595
E00029212,164,40,14,26,124,110,14,24.390243902439025,8.536585365853659,15.853658536585366,75.60975609756098,67.07317073170732,8.536585365853659
E00029213,154,51,29,22,103,92,11,33.116883116883116,18.83116883116883,14.285714285714285,66.88311688311688,59.74025974025974,7.142857142857142
E00029214,227,54,15,39,173,149,24,23.788546255506606,6.607929515418502,17.180616740088105,76.2114537444934,65.63876651982379,10.572687224669604
E00029215,207,74,28,46,133,105,28,35.748792270531396,13.526570048309178,22.22222222222222,64.25120772946859,50.72463768115942,13.526570048309178
E00029216,125,50,15,35,75,68,7,40,12,28.000000000000004,60,54.400000000000006,5.6000000000000005
E00029217,172,43,11,32,129,112,17,25,6.395348837209303,18.6046511627907,75,65.11627906976744,9.883720930232558
E00029218,143,47,25,22,96,78,18,32.86713286713287,17.482517482517483,15.384615384615385,67.13286713286713,54.54545454545454,12.587412587412588
E00029219,141,49,19,30,92,78,14,34.751773049645394,13.47517730496454,21.27659574468085,65.24822695035462,55.319148936170215,9.929078014184398
E00029220,140,46,22,24,94,77,17,32.857142857142854,15.714285714285714,17.142857142857142,67.14285714285714,55.00000000000001,12.142857142857142
E00029222,45,12,2,10,33,25,8,26.666666666666668,4.444444444444445,22.22222222222222,73.33333333333333,55.55555555555556,17.77777777777778
E00029223,112,37,13,24,75,65,10,33.035714285714285,11.607142857142858,21.428571428571427,66.96428571428571,58.03571428571429,8.928571428571429
E00029224,187,47,15,32,140,118,22,25.13368983957219,8.0213903743315509,17.11229946524064,74.8663101604278,63.101604278074866,11.76470588235294
E00029225,162,29,9,20,133,110,23,17.901234567901234,5.555555555555555,12.345679012345679,82.09876543209876,67.90123456790124,14.19753086419753
E00029226,163,37,10,27,126,112,14,22.699386503067483,6.134969325153374,16.56441717791411,77.30061349693251,68.71165644171779,8.588957055214724
E00029227,190,55,25,30,135,117,18,28.947368421052634,13.157894736842104,15.789473684210526,71.05263157894737,61.578947368421055,9.473684210526317
E00029228,202,53,17,36,149,124,25,26.237623762376238,8.415841584158416,17.82178217821782,73.76237623762376,61.386138613861384,12.376237623762377
E00029229,95,23,10,13,72,58,14,24.210526315789473,10.526315789473683,13.684210526315791,75.78947368421053,61.05263157894737,14.736842105263156
E00029230,200,66,21,45,134,117,17,33,10.5,22.5,67,58.5,8.5
E00029231,191,33,4,29,158,143,15,17.277486910994764,2.094240837696335,15.18324607329843,82.72251308900523,74.86910994764398,7.853403141361256
E00029232,181,62,31,31,119,103,16,34.25414364640884,17.12707182320442,17.12707182320442,65.74585635359117,56.9060773480663,8.83977900552486
E00029233,165,31,7,24,134,116,18,18.787878787878785,4.242424242424243,14.545454545454545,81.21212121212122,70.3030303030303,10.909090909090908
E00029234,178,59,24,35,119,93,26,33.146067415730336,13.48314606741573,19.662921348314608,66.85393258426966,52.24719101123596,14.606741573033707
E00029235,155,35,12,23,120,95,25,22.58064516129032,7.741935483870968,14.838709677419354,77.41935483870968,61.29032258064516,16.129032258064516
E00029236,120,42,19,23,78,70,8,35,15.833333333333332,19.166666666666668,65,58.333333333333336,6.666666666666667
E00029237,81,26,7,19,55,47,8,32.098765432098766,8.641975308641975,23.456790123456788,67.90123456790124,58.0246913580247,9.876543209876543
E00029238,133,33,13,20,100,89,11,24.81203007518797,9.774436090225564,15.037593984962406,75.18796992481202,66.9172932330827,8.270676691729323
E00029239,93,29,11,18,64,57,7,31.182795698924732,11.827956989247312,19.35483870967742,68.81720430107528,61.29032258064516,7.526881720430108
E00029240,172,45,17,28,127,113,14,26.16279069767442,9.883720930232558,16.27906976744186,73.83720930232558,65.69767441860465,8.13953488372093
E00029241,94,26,8,18,68,58,10,27.659574468085108,8.51063829787234,19.148936170212767,72.3404255319149,61.702127659574465,10.638297872340425
E00029242,145,37,16,21,108,99,9,25.517241379310345,11.03448275862069,14.482758620689657,74.48275862068967,68.27586206896552,6.206896551724138
E00029243,93,28,8,20,65,51,14,30.107526881720432,8.60215053763441,21.50537634408602,69.89247311827957,54.83870967741935,15.053763440860216
E00029244,209,57,19,38,152,128,24,27.27272727272727,9.090909090909092,18.181818181818183,72.72727272727273,61.24401913875598,11.483253588516746
E00029245,43,12,1,11,31,22,9,27.906976744186046,2.3255813953488373,25.581395348837212,72.09302325581395,51.162790697674424,20.930232558139537
E00029246,175,57,19,38,118,100,18,32.57142857142858,10.857142857142858,21.714285714285715,67.42857142857143,57.14285714285714,10.285714285714285
E00029247,173,60,28,32,113,91,22,34.68208092485549,16.184971098265898,18.497109826589593,65.3179190751445,52.601156069364166,12.716763005780345
E00029248,149,44,17,27,105,91,14,29.53020134228188,11.409395973154362,18.120805369127517,70.46979865771812,61.07382550335571,9.395973154362416
E00029249,167,54,22,32,113,92,21,32.33532934131736,13.17365269461078,19.16167664670659,67.66467065868264,55.08982035928144,12.574850299401197
E00029250,174,46,17,29,128,114,14,26.436781609195403,9.770114942528735,16.666666666666664,73.5632183908046,65.51724137931035,8.045977011494253
E00029251,174,62,31,31,112,92,20,35.63218390804598,17.81609195402299,17.81609195402299,64.36781609195403,52.87356321839081,11.494252873563218
E00029252,136,44,7,37,92,82,10,32.35294117647059,5.147058823529411,27.205882352941174,67.64705882352942,60.29411764705882,7.352941176470589
E00029253,163,43,14,29,120,106,14,26.380368098159508,8.588957055214724,17.791411042944784,73.61963190184049,65.03067484662577,8.588957055214724
E00029254,164,47,22,25,117,95,22,28.65853658536585,13.414634146341465,15.24390243902439,71.34146341463415,57.92682926829268,13.414634146341465
E00029255,160,53,18,35,107,93,14,33.125,11.25,21.875,66.875,58.12500000000001,8.75
E00029256,156,50,14,36,106,87,19,32.05128205128205,8.974358974358974,23.076923076923077,67.94871794871796,55.769230769230774,12.179487179487179
E00029257,157,49,20,29,108,86,22,31.210191082802545,12.738853503184714,18.471337579617835,68.78980891719745,54.77707006369427,14.012738853503185
E00029258,116,43,17,26,73,63,10,37.06896551724138,14.655172413793101,22.413793103448278,62.93103448275862,54.310344827586206,8.620689655172415
E00029259,106,33,11,22,73,59,14,31.132075471698112,10.377358490566039,20.754716981132077,68.86792452830188,55.660377358490564,13.20754716981132
E00029260,160,49,20,29,111,95,16,30.625000000000004,12.5,18.125,69.375,59.375,10
E00029261,157,54,25,29,103,91,12,34.394904458598724,15.92356687898089,18.471337579617835,65.60509554140127,57.961783439490446,7.643312101910828
E00029262,135,57,8,49,78,72,6,42.22222222222222,5.9259259259259265,36.2962962962963,57.77777777777777,53.333333333333336,4.444444444444445
E00029263,76,19,6,13,57,46,11,25,7.894736842105263,17.105263157894736,75,60.526315789473685,14.473684210526317
E00029264,187,54,17,37,133,111,22,28.87700534759358,9.090909090909092,19.786096256684495,71.12299465240642,59.35828877005348,11.76470588235294
E00029265,154,52,14,38,102,82,20,33.76623376623377,9.090909090909092,24.675324675324674,66.23376623376623,53.246753246753244,12.987012987012985
E00029266,118,40,10,30,78,67,11,33.89830508474576,8.47457627118644,25.423728813559322,66.10169491525424,56.779661016949156,9.322033898305085
E00029267,170,55,16,39,115,102,13,32.35294117647059,9.411764705882353,22.941176470588236,67.64705882352942,60,7.647058823529412
E00029268,126,37,16,21,89,78,11,29.365079365079367,12.698412698412698,16.666666666666664,70.63492063492063,61.904761904761905,8.73015873015873
E00029269,133,40,19,21,93,82,11,30.075187969924812,14.285714285714285,15.789473684210526,69.92481203007519,61.65413533834586,8.270676691729323
E00029270,172,35,10,25,137,123,14,20.348837209302324,5.813953488372093,14.534883720930234,79.65116279069767,71.51162790697676,8.13953488372093
E00029271,175,48,15,33,127,115,12,27.42857142857143,8.571428571428571,18.857142857142858,72.57142857142857,65.71428571428571,6.857142857142858
E00029272,176,54,19,35,122,113,9,30.681818181818183,10.795454545454545,19.886363636363637,69.31818181818183,64.20454545454545,5.113636363636364
E00029273,149,49,15,34,100,90,10,32.88590604026846,10.06711409395973,22.818791946308725,67.11409395973155,60.40268456375839,6.7114093959731544
E00029275,168,51,18,33,117,96,21,30.357142857142854,10.714285714285714,19.642857142857142,69.64285714285714,57.14285714285714,12.5
E00029276,177,61,20,41,116,101,15,34.463276836158194,11.299435028248588,23.163841807909606,65.5367231638418,57.06214689265536,8.47457627118644
E00029277,180,58,25,33,122,96,26,32.22222222222222,13.88888888888889,18.333333333333332,67.77777777777779,53.333333333333336,14.444444444444443
E00029278,146,36,9,27,110,104,6,24.65753424657534,6.164383561643835,18.493150684931507,75.34246575342466,71.23287671232876,4.10958904109589
E00029279,189,53,23,30,136,118,18,28.04232804232804,12.16931216931217,15.873015873015872,71.95767195767195,62.43386243386243,9.523809523809524
E00029280,136,34,7,27,102,80,22,25,5.147058823529411,19.852941176470587,75,58.82352941176471,16.176470588235293
E00029281,186,49,24,25,137,125,12,26.344086021505376,12.903225806451612,13.440860215053762,73.65591397849462,67.20430107526882,6.451612903225806
E00029282,95,30,12,18,65,62,3,31.57894736842105,12.631578947368421,18.947368421052634,68.42105263157895,65.26315789473685,3.1578947368421053
E00029283,140,47,15,32,93,85,8,33.57142857142857,10.714285714285714,22.857142857142858,66.42857142857143,60.71428571428571,5.714285714285714
E00029284,155,44,12,32,111,102,9,28.387096774193548,7.741935483870968,20.64516129032258,71.61290322580646,65.80645161290323,5.806451612903226
E00029285,178,39,16,23,139,128,11,21.910112359550563,8.98876404494382,12.921348314606742,78.08988764044943,71.91011235955057,6.179775280898876
E00029286,154,47,14,33,107,94,13,30.519480519480517,9.090909090909092,21.428571428571427,69.48051948051948,61.038961038961034,8.441558441558442
E00029287,150,42,12,30,108,98,10,28.000000000000004,8,20,72,65.33333333333333,6.666666666666667
E00029288,166,50,15,35,116,105,11,30.120481927710845,9.036144578313253,21.084337349397593,69.87951807228916,63.25301204819277,6.626506024096386
E00029289,149,47,10,37,102,101,1,31.543624161073826,6.7114093959731544,24.832214765100673,68.45637583892618,67.78523489932886,0.6711409395973155
E00029290,133,37,5,32,96,85,11,27.819548872180448,3.7593984962406015,24.06015037593985,72.18045112781954,63.90977443609023,8.270676691729323
E00029291,114,36,14,22,78,72,6,31.57894736842105,12.280701754385964,19.298245614035086,68.42105263157895,63.1578947368421,5.263157894736842
E00029292,160,47,10,37,113,99,14,29.375,6.25,23.125,70.625,61.875,8.75
E00029293,61,20,8,12,41,38,3,32.78688524590164,13.114754098360656,19.672131147540984,67.21311475409836,62.295081967213115,4.918032786885246
E00029294,29,11,6,5,18,17,1,37.93103448275862,20.689655172413794,17.24137931034483,62.06896551724138,58.620689655172406,3.4482758620689653
E00029295,204,53,19,34,151,134,17,25.98039215686275,9.313725490196079,16.666666666666664,74.01960784313727,65.68627450980392,8.333333333333332
E00029296,129,43,8,35,86,80,6,33.33333333333333,6.2015503875969,27.131782945736433,66.66666666666666,62.01550387596899,4.651162790697675
E00029297,54,20,3,17,34,29,5,37.03703703703704,5.555555555555555,31.48148148148148,62.96296296296296,53.70370370370371,9.25925925925926
E00029298,158,45,20,25,113,97,16,28.48101265822785,12.658227848101266,15.822784810126583,71.51898734177216,61.39240506329114,10.126582278481013
E00029299,133,52,21,31,81,80,1,39.097744360902254,15.789473684210526,23.308270676691727,60.902255639097746,60.150375939849624,0.7518796992481203
E00029300,133,32,10,22,101,88,13,24.06015037593985,7.518796992481203,16.541353383458645,75.93984962406014,66.16541353383458,9.774436090225564
E00029301,116,42,13,29,74,63,11,36.206896551724135,11.206896551724139,25,63.793103448275865,54.310344827586206,9.482758620689655
E00029302,94,36,12,24,58,49,9,38.297872340425535,12.76595744680851,25.53191489361702,61.702127659574465,52.12765957446809,9.574468085106384
E00029303,151,43,9,34,108,98,10,28.47682119205298,5.960264900662252,22.516556291390728,71.52317880794702,64.90066225165563,6.622516556291391
E00029304,150,38,9,29,112,100,12,25.333333333333336,6,19.333333333333332,74.66666666666667,66.66666666666666,8
E00029305,119,40,17,23,79,58,21,33.61344537815126,14.285714285714285,19.327731092436977,66.38655462184873,48.739495798319325,17.647058823529413
E00029306,132,44,9,35,88,80,8,33.33333333333333,6.8181818181818175,26.515151515151516,66.66666666666666,60.60606060606061,6.0606060606060606
E00029307,176,55,16,39,121,106,15,31.25,9.090909090909092,22.15909090909091,68.75,60.22727272727273,8.522727272727272
E00029308,97,24,6,18,73,63,10,24.742268041237114,6.185567010309279,18.556701030927837,75.25773195876289,64.94845360824742,10.309278350515463
E00029309,155,39,11,28,116,103,13,25.161290322580644,7.096774193548387,18.064516129032256,74.83870967741936,66.45161290322581,8.38709677419355
E00029310,101,28,12,16,73,66,7,27.722772277227726,11.881188118811881,15.841584158415841,72.27722772277228,65.34653465346535,6.9306930693069315
E00029311,160,45,14,31,115,100,15,28.125,8.75,19.375,71.875,62.5,9.375
E00029312,134,45,18,27,89,78,11,33.582089552238806,13.432835820895523,20.149253731343283,66.4179104477612,58.2089552238806,8.208955223880597
E00029313,153,53,20,33,100,91,9,34.64052287581699,13.071895424836603,21.568627450980394,65.359477124183,59.47712418300654,5.88235294117647
E00029314,164,46,18,28,118,102,16,28.04878048780488,10.975609756097562,17.073170731707318,71.95121951219512,62.19512195121951,9.75609756097561
E00029315,142,47,17,30,95,78,17,33.098591549295776,11.971830985915492,21.12676056338028,66.90140845070422,54.929577464788736,11.971830985915492
E00029316,102,30,11,19,72,54,18,29.411764705882355,10.784313725490197,18.627450980392158,70.58823529411765,52.94117647058824,17.647058823529413
E00029317,172,47,21,26,125,103,22,27.325581395348834,12.209302325581394,15.11627906976744,72.67441860465115,59.883720930232556,12.790697674418606
E00029318,142,41,9,32,101,87,14,28.87323943661972,6.338028169014084,22.535211267605636,71.12676056338029,61.267605633802816,9.859154929577464
E00029319,167,53,17,36,114,96,18,31.736526946107784,10.179640718562874,21.55688622754491,68.26347305389223,57.48502994011976,10.778443113772456
E00029320,140,39,14,25,101,81,20,27.857142857142858,10,17.857142857142858,72.14285714285714,57.85714285714286,14.285714285714285
E00029321,136,48,18,30,88,72,16,35.294117647058826,13.23529411764706,22.058823529411764,64.70588235294117,52.94117647058824,11.76470588235294
E00029322,173,54,17,37,119,93,26,31.213872832369944,9.826589595375722,21.38728323699422,68.78612716763006,53.75722543352601,15.028901734104046
E00029323,115,47,13,34,68,59,9,40.869565217391305,11.304347826086957,29.565217391304348,59.130434782608695,51.30434782608696,7.82608695652174
E00029324,118,41,13,28,77,68,9,34.74576271186441,11.016949152542372,23.728813559322035,65.2542372881356,57.6271186440678,7.627118644067797
E00029325,155,47,14,33,108,96,12,30.32258064516129,9.032258064516128,21.29032258064516,69.6774193548387,61.935483870967744,7.741935483870968
E00029326,145,39,11,28,106,97,9,26.89655172413793,7.586206896551724,19.310344827586206,73.10344827586206,66.89655172413794,6.206896551724138
E00029327,151,39,14,25,112,99,13,25.82781456953642,9.271523178807946,16.55629139072848,74.17218543046357,65.56291390728477,8.609271523178808
E00029328,163,51,18,33,112,102,10,31.28834355828221,11.042944785276074,20.245398773006134,68.71165644171779,62.57668711656442,6.134969325153374
E00029329,191,54,22,32,137,123,14,28.272251308900525,11.518324607329843,16.75392670157068,71.72774869109948,64.3979057591623,7.329842931937172
E00029330,176,54,12,42,122,106,16,30.681818181818183,6.8181818181818175,23.863636363636363,69.31818181818183,60.22727272727273,9.090909090909092
E00029331,171,44,11,33,127,119,8,25.730994152046783,6.432748538011696,19.298245614035086,74.26900584795322,69.5906432748538,4.678362573099415
E00029332,160,53,16,37,107,87,20,33.125,10,23.125,66.875,54.37499999999999,12.5
E00029333,189,51,22,29,138,122,16,26.984126984126984,11.64021164021164,15.343915343915343,73.01587301587301,64.55026455026454,8.465608465608465
E00029334,142,30,6,24,112,100,12,21.12676056338028,4.225352112676056,16.901408450704224,78.87323943661971,70.4225352112676,8.450704225352112
E00029335,143,42,16,26,101,86,15,29.37062937062937,11.188811188811188,18.181818181818183,70.62937062937063,60.13986013986013,10.48951048951049
E00029336,146,45,16,29,101,83,18,30.82191780821918,10.95890410958904,19.863013698630137,69.17808219178082,56.849315068493155,12.32876712328767
E00029337,125,32,12,20,93,80,13,25.6,9.6,16,74.4,64,10.4
E00029338,120,46,16,30,74,62,12,38.333333333333336,13.333333333333334,25,61.66666666666667,51.66666666666667,10
E00029339,108,33,15,18,75,60,15,30.555555555555557,13.88888888888889,16.666666666666664,69.44444444444444,55.55555555555556,13.88888888888889
E00029340,167,48,16,32,119,97,22,28.74251497005988,9.580838323353294,19.16167664670659,71.25748502994011,58.08383233532935,13.17365269461078
E00029341,188,55,19,36,133,113,20,29.25531914893617,10.106382978723403,19.148936170212767,70.74468085106383,60.1063829787234,10.638297872340425
E00029342,135,41,14,27,94,83,11,30.37037037037037,10.37037037037037,20,69.62962962962963,61.48148148148148,8.148148148148149
E00029343,59,20,4,16,39,36,3,33.89830508474576,6.779661016949152,27.11864406779661,66.10169491525424,61.016949152542374,5.084745762711865
E00029344,209,64,22,42,145,125,20,30.62200956937799,10.526315789473683,20.095693779904305,69.377990430622,59.80861244019139,9.569377990430622
E00029345,174,45,25,20,129,97,32,25.862068965517242,14.367816091954023,11.494252873563218,74.13793103448276,55.74712643678161,18.39080459770115
E00029346,116,38,12,26,78,67,11,32.758620689655174,10.344827586206897,22.413793103448278,67.24137931034483,57.758620689655174,9.482758620689655
E00029347,158,55,19,36,103,96,7,34.810126582278485,12.025316455696203,22.78481012658228,65.18987341772153,60.75949367088608,4.430379746835443
E00029348,152,47,16,31,105,95,10,30.92105263157895,10.526315789473683,20.394736842105264,69.07894736842105,62.5,6.578947368421052
E00029349,127,40,16,24,87,74,13,31.496062992125985,12.598425196850393,18.89763779527559,68.50393700787401,58.26771653543307,10.236220472440944
E00029350,165,47,19,28,118,94,24,28.484848484848484,11.515151515151516,16.969696969696972,71.51515151515152,56.96969696969697,14.545454545454545
E00029351,157,40,17,23,117,105,12,25.477707006369428,10.828025477707007,14.64968152866242,74.52229299363057,66.87898089171973,7.643312101910828
E00029352,138,39,7,32,99,94,5,28.26086956521739,5.072463768115942,23.18840579710145,71.73913043478261,68.11594202898551,3.6231884057971016
E00029353,145,42,15,27,103,78,25,28.965517241379313,10.344827586206897,18.620689655172416,71.03448275862068,53.79310344827586,17.24137931034483
E00029354,195,53,21,32,142,128,14,27.17948717948718,10.76923076923077,16.41025641025641,72.82051282051282,65.64102564102564,7.179487179487179
E00029355,174,49,18,31,125,100,25,28.160919540229884,10.344827586206897,17.81609195402299,71.83908045977012,57.47126436781609,14.367816091954023
E00029356,174,56,15,41,118,103,15,32.18390804597701,8.620689655172415,23.563218390804597,67.81609195402298,59.195402298850574,8.620689655172415
E00029357,165,41,15,26,124,102,22,24.848484848484848,9.090909090909092,15.757575757575756,75.15151515151514,61.81818181818181,13.333333333333334
E00029358,152,35,10,25,117,106,11,23.026315789473685,6.578947368421052,16.447368421052634,76.97368421052632,69.73684210526315,7.236842105263158
E00029359,149,38,14,24,111,88,23,25.503355704697988,9.395973154362416,16.10738255033557,74.49664429530202,59.06040268456376,15.436241610738255
E00029360,159,40,14,26,119,107,12,25.157232704402517,8.80503144654088,16.352201257861633,74.84276729559748,67.29559748427673,7.547169811320755
E00029361,153,41,15,26,112,92,20,26.797385620915033,9.803921568627452,16.99346405228758,73.20261437908496,60.130718954248366,13.071895424836603
E00029362,122,30,10,20,92,84,8,24.59016393442623,8.19672131147541,16.39344262295082,75.40983606557377,68.85245901639344,6.557377049180328
E00029363,105,47,11,36,58,57,1,44.761904761904766,10.476190476190476,34.285714285714285,55.23809523809524,54.285714285714285,0.9523809523809524
E00029364,146,49,16,33,97,91,6,33.56164383561644,10.95890410958904,22.602739726027394,66.43835616438356,62.328767123287676,4.10958904109589
E00029365,229,60,29,31,169,138,31,26.200873362445414,12.663755458515283,13.537117903930133,73.7991266375546,60.26200873362445,13.537117903930133
E00029366,132,37,12,25,95,81,14,28.030303030303028,9.090909090909092,18.939393939393938,71.96969696969697,61.36363636363637,10.606060606060606
E00029367,129,48,13,35,81,74,7,37.2093023255814,10.077519379844961,27.131782945736433,62.7906976744186,57.36434108527132,5.426356589147287
E00029368,151,44,10,34,107,98,9,29.13907284768212,6.622516556291391,22.516556291390728,70.86092715231787,64.90066225165563,5.960264900662252
E00029369,147,45,13,32,102,93,9,30.612244897959183,8.843537414965986,21.768707482993197,69.38775510204081,63.26530612244898,6.122448979591836
E00029370,160,32,8,24,128,108,20,20,5,15,80,67.5,12.5
E00029371,136,39,13,26,97,81,16,28.676470588235293,9.558823529411764,19.11764705882353,71.32352941176471,59.55882352941176,11.76470588235294
E00029373,184,50,15,35,134,115,19,27.173913043478258,8.152173913043478,19.021739130434785,72.82608695652173,62.5,10.326086956521738
E00029374,179,49,12,37,130,116,14,27.37430167597765,6.70391061452514,20.670391061452513,72.62569832402235,64.80446927374301,7.82122905027933
E00029375,139,40,8,32,99,78,21,28.776978417266186,5.755395683453238,23.021582733812952,71.22302158273382,56.11510791366906,15.107913669064748
E00029376,129,36,12,24,93,81,12,27.906976744186046,9.30232558139535,18.6046511627907,72.09302325581395,62.7906976744186,9.30232558139535
E00029377,216,52,18,34,164,149,15,24.074074074074073,8.333333333333332,15.74074074074074,75.92592592592592,68.98148148148148,6.944444444444445
E00029378,165,43,9,34,122,97,25,26.060606060606062,5.454545454545454,20.606060606060606,73.93939393939394,58.78787878787879,15.151515151515152
E00029379,180,54,13,41,126,108,18,30,7.222222222222221,22.77777777777778,70,60,10
E00029380,134,45,23,22,89,75,14,33.582089552238806,17.16417910447761,16.417910447761194,66.4179104477612,55.970149253731336,10.44776119402985
E00029381,146,37,10,27,109,90,19,25.34246575342466,6.8493150684931505,18.493150684931507,74.65753424657534,61.64383561643836,13.013698630136986
E00029382,161,42,17,25,119,103,16,26.08695652173913,10.559006211180124,15.527950310559005,73.91304347826086,63.975155279503106,9.937888198757763
E00029383,143,46,10,36,97,91,6,32.16783216783217,6.993006993006993,25.174825174825177,67.83216783216784,63.63636363636363,4.195804195804196
E00029384,115,37,8,29,78,66,12,32.17391304347826,6.956521739130435,25.217391304347824,67.82608695652173,57.391304347826086,10.434782608695652
E00029385,139,31,9,22,108,92,16,22.302158273381295,6.474820143884892,15.827338129496402,77.6978417266187,66.18705035971223,11.510791366906476
E00029386,164,49,14,35,115,103,12,29.878048780487802,8.536585365853659,21.341463414634145,70.1219512195122,62.80487804878049,7.317073170731707
E00029387,143,40,8,32,103,94,9,27.972027972027973,5.594405594405594,22.377622377622377,72.02797202797203,65.73426573426573,6.293706293706294
E00029388,179,46,16,30,133,114,19,25.69832402234637,8.938547486033519,16.75977653631285,74.30167597765363,63.687150837988824,10.614525139664805
E00029389,100,31,13,18,69,60,9,31,13,18,69,60,9
E00029390,186,50,16,34,136,125,11,26.881720430107524,8.60215053763441,18.27956989247312,73.11827956989248,67.20430107526882,5.913978494623656
E00029391,107,41,13,28,66,59,7,38.31775700934579,12.149532710280374,26.168224299065418,61.6822429906542,55.140186915887845,6.5420560747663545
E00029392,108,28,11,17,80,68,12,25.925925925925924,10.185185185185185,15.74074074074074,74.07407407407408,62.96296296296296,11.11111111111111
E00029393,148,35,14,21,113,98,15,23.64864864864865,9.45945945945946,14.18918918918919,76.35135135135135,66.21621621621621,10.135135135135135
E00029394,169,48,10,38,121,112,9,28.402366863905325,5.9171597633136095,22.485207100591715,71.59763313609467,66.27218934911244,5.325443786982249
E00029395,135,42,14,28,93,83,10,31.11111111111111,10.37037037037037,20.74074074074074,68.88888888888889,61.48148148148148,7.4074074074074066
E00029396,251,84,30,54,167,145,22,33.46613545816733,11.952191235059761,21.51394422310757,66.53386454183267,57.76892430278885,8.764940239043826
E00029397,131,35,12,23,96,89,7,26.717557251908396,9.16030534351145,17.557251908396946,73.2824427480916,67.93893129770993,5.343511450381679
E00029398,127,31,12,19,96,88,8,24.409448818897637,9.448818897637794,14.960629921259844,75.59055118110236,69.29133858267717,6.299212598425196
E00029399,136,41,19,22,95,81,14,30.14705882352941,13.970588235294118,16.176470588235293,69.85294117647058,59.55882352941176,10.294117647058822
E00029400,131,48,29,19,83,65,18,36.6412213740458,22.137404580152673,14.50381679389313,63.358778625954194,49.61832061068702,13.740458015267176
E00029401,149,47,22,25,102,91,11,31.543624161073826,14.76510067114094,16.778523489932887,68.45637583892618,61.07382550335571,7.38255033557047
E00029402,155,43,16,27,112,101,11,27.741935483870968,10.32258064516129,17.419354838709676,72.25806451612902,65.16129032258064,7.096774193548387
E00029403,99,26,11,15,73,64,9,26.262626262626267,11.11111111111111,15.151515151515152,73.73737373737373,64.64646464646465,9.090909090909092
E00029404,125,49,23,26,76,58,18,39.2,18.4,20.8,60.8,46.400000000000006,14.399999999999999
E00029405,140,36,12,24,104,87,17,25.71428571428571,8.571428571428571,17.142857142857142,74.28571428571429,62.142857142857146,12.142857142857142
E00029406,133,46,11,35,87,71,16,34.58646616541353,8.270676691729323,26.31578947368421,65.41353383458647,53.383458646616546,12.030075187969924
E00029407,105,29,5,24,76,67,9,27.61904761904762,4.761904761904762,22.857142857142858,72.38095238095238,63.8095238095238,8.571428571428571
E00029408,152,46,15,31,106,90,16,30.263157894736842,9.868421052631579,20.394736842105264,69.73684210526315,59.210526315789465,10.526315789473683
E00029409,106,29,8,21,77,70,7,27.358490566037734,7.547169811320755,19.81132075471698,72.64150943396226,66.0377358490566,6.60377358490566
E00029410,172,51,17,34,121,100,21,29.651162790697676,9.883720930232558,19.767441860465116,70.34883720930233,58.139534883720934,12.209302325581394
E00029411,133,39,13,26,94,88,6,29.32330827067669,9.774436090225564,19.548872180451127,70.67669172932331,66.16541353383458,4.511278195488721
E00029412,142,33,9,24,109,97,12,23.239436619718308,6.338028169014084,16.901408450704224,76.76056338028168,68.30985915492957,8.450704225352112
E00029413,180,52,18,34,128,113,15,28.888888888888886,10,18.88888888888889,71.11111111111111,62.77777777777778,8.333333333333332
E00029414,140,40,12,28,100,75,25,28.57142857142857,8.571428571428571,20,71.42857142857143,53.57142857142857,17.857142857142858
E00029415,179,55,18,37,124,101,23,30.726256983240223,10.05586592178771,20.670391061452513,69.27374301675978,56.424581005586596,12.849162011173185
E00029416,154,40,15,25,114,84,30,25.97402597402597,9.740259740259742,16.233766233766232,74.02597402597402,54.54545454545454,19.480519480519483
E00029417,162,52,20,32,110,78,32,32.098765432098766,12.345679012345679,19.753086419753085,67.90123456790124,48.148148148148145,19.753086419753085
E00029418,124,36,15,21,88,70,18,29.03225806451613,12.096774193548388,16.93548387096774,70.96774193548387,56.451612903225815,14.516129032258066
E00029419,129,41,9,32,88,79,9,31.782945736434108,6.976744186046512,24.8062015503876,68.21705426356588,61.240310077519375,6.976744186046512
E00029420,150,36,12,24,114,102,12,24,8,16,76,68,8
E00029421,130,35,12,23,95,81,14,26.923076923076923,9.230769230769232,17.692307692307693,73.07692307692307,62.30769230769231,10.76923076923077
E00029422,158,49,18,31,109,100,9,31.0126582278481,11.39240506329114,19.62025316455696,68.9873417721519,63.29113924050633,5.69620253164557
E00029423,121,37,20,17,84,73,11,30.57851239669421,16.528925619834713,14.049586776859504,69.42148760330579,60.33057851239669,9.090909090909092
E00029424,128,36,14,22,92,83,9,28.125,10.9375,17.1875,71.875,64.84375,7.03125
E00029425,191,56,20,36,135,118,17,29.31937172774869,10.471204188481675,18.848167539267017,70.68062827225131,61.78010471204188,8.900523560209423
E00029426,170,54,13,41,116,82,34,31.76470588235294,7.647058823529412,24.11764705882353,68.23529411764706,48.23529411764706,20
E00029427,135,31,9,22,104,89,15,22.962962962962962,6.666666666666667,16.296296296296298,77.03703703703704,65.92592592592592,11.11111111111111
E00029428,127,45,16,29,82,70,12,35.43307086614173,12.598425196850393,22.83464566929134,64.56692913385827,55.118110236220474,9.448818897637794
E00029429,134,33,13,20,101,87,14,24.62686567164179,9.701492537313433,14.925373134328357,75.3731343283582,64.92537313432835,10.44776119402985
E00029430,113,36,11,25,77,63,14,31.858407079646017,9.734513274336283,22.123893805309734,68.14159292035397,55.75221238938053,12.389380530973451
E00029431,176,49,18,31,127,111,16,27.84090909090909,10.227272727272728,17.613636363636363,72.1590909090909,63.06818181818182,9.090909090909092
E00029432,134,32,8,24,102,85,17,23.88059701492537,5.970149253731343,17.91044776119403,76.11940298507463,63.43283582089553,12.686567164179104
E00029433,168,53,14,39,115,94,21,31.547619047619047,8.333333333333332,23.214285714285715,68.45238095238095,55.952380952380956,12.5
E00029434,149,41,15,26,108,90,18,27.516778523489933,10.06711409395973,17.449664429530202,72.48322147651007,60.40268456375839,12.080536912751679
E00029435,151,43,15,28,108,92,16,28.47682119205298,9.933774834437086,18.543046357615893,71.52317880794702,60.9271523178808,10.596026490066226
E00029436,135,34,7,27,101,92,9,25.185185185185183,5.185185185185185,20,74.81481481481481,68.14814814814815,6.666666666666667
E00029437,135,44,16,28,91,83,8,32.592592592592595,11.851851851851853,20.74074074074074,67.4074074074074,61.48148148148148,5.9259259259259265
E00029438,145,57,24,33,88,77,11,39.310344827586206,16.551724137931036,22.758620689655174,60.689655172413794,53.103448275862064,7.586206896551724
E00029439,131,39,13,26,92,79,13,29.770992366412212,9.923664122137405,19.84732824427481,70.22900763358778,60.30534351145038,9.923664122137405
E00029440,125,42,20,22,83,74,9,33.6,16,17.599999999999998,66.4,59.199999999999996,7.199999999999999
E00029441,146,40,17,23,106,90,16,27.397260273972602,11.643835616438356,15.753424657534246,72.6027397260274,61.64383561643836,10.95890410958904
E00029442,145,57,30,27,88,56,32,39.310344827586206,20.689655172413794,18.620689655172416,60.689655172413794,38.62068965517241,22.06896551724138
E00029443,196,60,22,38,136,124,12,30.612244897959183,11.224489795918368,19.387755102040817,69.38775510204081,63.26530612244898,6.122448979591836
E00029444,114,40,16,24,74,58,16,35.08771929824561,14.035087719298245,21.052631578947366,64.91228070175438,50.877192982456144,14.035087719298245
E00029445,140,45,16,29,95,86,9,32.142857142857146,11.428571428571429,20.714285714285715,67.85714285714286,61.42857142857143,6.428571428571428
E00029446,144,33,16,17,111,93,18,22.916666666666664,11.11111111111111,11.805555555555555,77.08333333333334,64.58333333333334,12.5
E00029447,133,37,12,25,96,91,5,27.819548872180448,9.022556390977442,18.796992481203006,72.18045112781954,68.42105263157895,3.7593984962406015
E00029448,126,43,13,30,83,78,5,34.12698412698413,10.317460317460316,23.809523809523807,65.87301587301587,61.904761904761905,3.968253968253968
E00029449,133,31,8,23,102,92,10,23.308270676691727,6.015037593984962,17.293233082706767,76.69172932330827,69.17293233082707,7.518796992481203
E00029450,145,40,11,29,105,96,9,27.586206896551722,7.586206896551724,20,72.41379310344827,66.20689655172414,6.206896551724138
E00029451,149,41,12,29,108,95,13,27.516778523489933,8.053691275167784,19.463087248322147,72.48322147651007,63.758389261744966,8.724832214765101
E00029452,210,62,17,45,148,132,16,29.523809523809526,8.095238095238095,21.428571428571427,70.47619047619048,62.857142857142854,7.6190476190476195
E00029453,137,48,14,34,89,80,9,35.03649635036496,10.218978102189782,24.817518248175183,64.96350364963503,58.3941605839416,6.569343065693431
E00029454,174,51,18,33,123,116,7,29.310344827586203,10.344827586206897,18.96551724137931,70.6896551724138,66.66666666666666,4.022988505747127
E00029455,152,35,11,24,117,101,16,23.026315789473685,7.236842105263158,15.789473684210526,76.97368421052632,66.44736842105263,10.526315789473683
E00029456,133,27,5,22,106,95,11,20.30075187969925,3.7593984962406015,16.541353383458645,79.69924812030075,71.42857142857143,8.270676691729323
E00029457,142,44,15,29,98,85,13,30.985915492957744,10.56338028169014,20.422535211267608,69.01408450704226,59.859154929577464,9.15492957746479
E00029458,143,34,12,22,109,102,7,23.776223776223777,8.391608391608392,15.384615384615385,76.22377622377621,71.32867132867133,4.895104895104895
E00029459,114,44,9,35,70,65,5,38.59649122807017,7.894736842105263,30.701754385964914,61.40350877192983,57.01754385964912,4.385964912280701
E00029460,144,43,17,26,101,95,6,29.86111111111111,11.805555555555555,18.055555555555554,70.13888888888889,65.97222222222221,4.166666666666666
E00029461,53,21,9,12,32,27,5,39.62264150943396,16.9811320754717,22.641509433962266,60.37735849056604,50.943396226415096,9.433962264150944
E00029462,147,33,11,22,114,103,11,22.448979591836736,7.482993197278912,14.965986394557824,77.55102040816327,70.06802721088435,7.482993197278912
E00029463,101,29,8,21,72,65,7,28.71287128712871,7.920792079207921,20.792079207920793,71.28712871287128,64.35643564356435,6.9306930693069315
E00029464,138,31,3,28,107,94,13,22.463768115942027,2.1739130434782608,20.28985507246377,77.53623188405797,68.11594202898551,9.420289855072465
E00029465,162,37,14,23,125,113,12,22.839506172839506,8.641975308641975,14.19753086419753,77.1604938271605,69.75308641975309,7.4074074074074066
E00029466,269,63,16,47,206,192,14,23.42007434944238,5.947955390334572,17.472118959107807,76.57992565055763,71.37546468401487,5.204460966542751
E00029467,127,35,9,26,92,79,13,27.559055118110237,7.086614173228346,20.47244094488189,72.44094488188976,62.20472440944882,10.236220472440944
E00029468,205,47,16,31,158,146,12,22.926829268292686,7.804878048780488,15.121951219512194,77.07317073170732,71.21951219512195,5.853658536585367
E00029469,121,34,9,25,87,79,8,28.09917355371901,7.43801652892562,20.66115702479339,71.900826446281,65.28925619834712,6.6115702479338845
E00029470,122,25,6,19,97,87,10,20.491803278688526,4.918032786885246,15.573770491803279,79.50819672131148,71.31147540983606,8.19672131147541
E00029471,166,37,10,27,129,119,10,22.289156626506024,6.024096385542169,16.265060240963855,77.71084337349397,71.6867469879518,6.024096385542169
E00029472,147,34,10,24,113,106,7,23.12925170068027,6.802721088435375,16.3265306122449,76.87074829931973,72.10884353741497,4.761904761904762
E00029473,167,47,19,28,120,106,14,28.143712574850298,11.377245508982035,16.766467065868262,71.8562874251497,63.47305389221557,8.383233532934131
E00029474,161,44,17,27,117,108,9,27.32919254658385,10.559006211180124,16.77018633540373,72.67080745341616,67.08074534161491,5.590062111801243
E00029475,150,38,9,29,112,95,17,25.333333333333336,6,19.333333333333332,74.66666666666667,63.33333333333333,11.333333333333332
E00029476,149,45,17,28,104,94,10,30.201342281879196,11.409395973154362,18.79194630872483,69.79865771812081,63.08724832214765,6.7114093959731544
E00029477,180,40,16,24,140,131,9,22.22222222222222,8.88888888888889,13.333333333333334,77.77777777777779,72.77777777777777,5
E00029478,176,40,8,32,136,126,10,22.727272727272727,4.545454545454546,18.181818181818183,77.27272727272727,71.5909090909091,5.681818181818182
E00029479,153,38,13,25,115,99,16,24.836601307189543,8.49673202614379,16.33986928104575,75.16339869281046,64.70588235294117,10.457516339869281
E00029480,143,29,8,21,114,108,6,20.27972027972028,5.594405594405594,14.685314685314685,79.72027972027972,75.52447552447552,4.195804195804196
E00029481,171,48,20,28,123,110,13,28.07017543859649,11.695906432748536,16.374269005847953,71.9298245614035,64.32748538011695,7.602339181286549
E00029482,173,43,13,30,130,111,19,24.85549132947977,7.514450867052023,17.341040462427745,75.14450867052022,64.16184971098265,10.982658959537572
E00029483,184,48,13,35,136,124,12,26.08695652173913,7.065217391304348,19.021739130434785,73.91304347826086,67.3913043478261,6.521739130434782
E00029484,200,42,13,29,158,144,14,21,6.5,14.499999999999998,79,72,7.000000000000001
E00029485,186,43,15,28,143,127,16,23.118279569892472,8.064516129032258,15.053763440860216,76.88172043010752,68.27956989247312,8.60215053763441
E00029486,52,21,4,17,31,29,2,40.38461538461539,7.6923076923076925,32.69230769230769,59.61538461538461,55.769230769230774,3.8461538461538463
E00029487,228,31,13,18,197,177,20,13.596491228070176,5.701754385964912,7.894736842105263,86.40350877192982,77.63157894736842,8.771929824561402
E00029488,137,44,18,26,93,84,9,32.11678832116788,13.138686131386862,18.97810218978102,67.88321167883211,61.31386861313869,6.569343065693431
E00029489,197,56,22,34,141,131,10,28.426395939086298,11.16751269035533,17.258883248730964,71.57360406091371,66.49746192893402,5.0761421319796955
E00029490,107,28,6,22,79,67,12,26.168224299065418,5.607476635514018,20.5607476635514,73.83177570093457,62.616822429906534,11.214953271028037
E00029491,170,59,26,33,111,95,16,34.705882352941174,15.294117647058824,19.411764705882355,65.29411764705883,55.88235294117647,9.411764705882353
E00029492,170,39,16,23,131,113,18,22.941176470588236,9.411764705882353,13.529411764705882,77.05882352941177,66.47058823529412,10.588235294117647
E00029493,112,32,9,23,80,76,4,28.57142857142857,8.035714285714286,20.535714285714285,71.42857142857143,67.85714285714286,3.571428571428571
E00029494,128,40,6,34,88,78,10,31.25,4.6875,26.5625,68.75,60.9375,7.8125
E00029495,129,32,13,19,97,85,12,24.8062015503876,10.077519379844961,14.728682170542637,75.1937984496124,65.89147286821705,9.30232558139535
E00029496,158,59,15,44,99,87,12,37.34177215189873,9.49367088607595,27.848101265822784,62.65822784810127,55.06329113924051,7.59493670886076
E00029497,70,17,0,17,53,47,6,24.285714285714285,0,24.285714285714285,75.71428571428571,67.14285714285714,8.571428571428571
E00029498,127,37,6,31,90,80,10,29.133858267716533,4.724409448818897,24.409448818897637,70.86614173228347,62.99212598425197,7.874015748031496
E00029499,94,32,7,25,62,55,7,34.04255319148936,7.446808510638298,26.595744680851062,65.95744680851064,58.51063829787234,7.446808510638298
E00029500,145,48,16,32,97,85,12,33.10344827586207,11.03448275862069,22.06896551724138,66.89655172413794,58.620689655172406,8.275862068965518
E00029501,133,33,12,21,100,84,16,24.81203007518797,9.022556390977442,15.789473684210526,75.18796992481202,63.1578947368421,12.030075187969924
E00029502,159,55,11,44,104,97,7,34.59119496855346,6.918238993710692,27.67295597484277,65.40880503144653,61.0062893081761,4.40251572327044
E00029503,104,32,14,18,72,64,8,30.76923076923077,13.461538461538462,17.307692307692307,69.23076923076923,61.53846153846154,7.6923076923076925
E00029504,230,55,17,38,175,149,26,23.91304347826087,7.391304347826087,16.52173913043478,76.08695652173914,64.78260869565217,11.304347826086957
E00029505,184,52,20,32,132,121,11,28.26086956521739,10.869565217391305,17.391304347826086,71.73913043478261,65.76086956521739,5.978260869565218
E00029506,184,46,11,35,138,123,15,25,5.978260869565218,19.021739130434785,75,66.84782608695652,8.152173913043478
E00029507,86,23,6,17,63,57,6,26.744186046511626,6.976744186046512,19.767441860465116,73.25581395348837,66.27906976744185,6.976744186046512
E00029508,141,37,17,20,104,90,14,26.24113475177305,12.056737588652481,14.184397163120568,73.75886524822694,63.829787234042556,9.929078014184398
E00029509,179,60,23,37,119,100,19,33.5195530726257,12.849162011173185,20.670391061452513,66.4804469273743,55.865921787709496,10.614525139664805
E00029510,148,47,20,27,101,86,15,31.756756756756754,13.513513513513514,18.243243243243242,68.24324324324324,58.108108108108105,10.135135135135135
E00029511,257,59,20,39,198,177,21,22.957198443579767,7.782101167315175,15.17509727626459,77.04280155642024,68.8715953307393,8.171206225680933
E00029512,189,58,12,46,131,117,14,30.687830687830687,6.349206349206349,24.33862433862434,69.31216931216932,61.904761904761905,7.4074074074074066
E00029513,162,32,12,20,130,123,7,19.753086419753085,7.4074074074074066,12.345679012345679,80.24691358024691,75.92592592592592,4.320987654320987
E00029514,134,37,12,25,97,87,10,27.611940298507463,8.955223880597014,18.65671641791045,72.38805970149254,64.92537313432835,7.462686567164178
E00029515,168,40,9,31,128,120,8,23.809523809523807,5.357142857142857,18.452380952380953,76.19047619047619,71.42857142857143,4.761904761904762
E00029516,203,61,18,43,142,124,18,30.049261083743843,8.866995073891626,21.182266009852217,69.95073891625616,61.083743842364534,8.866995073891626
E00029517,173,51,16,35,122,109,13,29.47976878612717,9.248554913294797,20.23121387283237,70.52023121387283,63.005780346820806,7.514450867052023
E00029518,158,52,11,41,106,98,8,32.91139240506329,6.962025316455696,25.949367088607595,67.08860759493672,62.0253164556962,5.063291139240507
E00029519,166,44,13,31,122,109,13,26.506024096385545,7.83132530120482,18.67469879518072,73.49397590361446,65.66265060240963,7.83132530120482
E00029520,220,51,13,38,169,148,21,23.18181818181818,5.909090909090909,17.272727272727273,76.81818181818181,67.27272727272727,9.545454545454547
E00029521,183,54,17,37,129,111,18,29.508196721311474,9.289617486338798,20.21857923497268,70.49180327868852,60.65573770491803,9.836065573770492
E00029522,131,38,11,27,93,83,10,29.00763358778626,8.396946564885496,20.610687022900763,70.99236641221374,63.358778625954194,7.633587786259542
E00029523,160,38,9,29,122,106,16,23.75,5.625,18.125,76.25,66.25,10
E00029524,165,44,7,37,121,103,18,26.666666666666668,4.242424242424243,22.424242424242426,73.33333333333333,62.42424242424243,10.909090909090908
E00029525,112,36,10,26,76,70,6,32.142857142857146,8.928571428571429,23.214285714285715,67.85714285714286,62.5,5.357142857142857
E00029526,81,21,10,11,60,44,16,25.925925925925924,12.345679012345679,13.580246913580247,74.07407407407408,54.32098765432099,19.753086419753085
E00029527,135,50,21,29,85,78,7,37.03703703703704,15.555555555555555,21.48148148148148,62.96296296296296,57.77777777777777,5.185185185185185
E00029528,93,35,9,26,58,53,5,37.634408602150536,9.67741935483871,27.956989247311824,62.365591397849464,56.98924731182796,5.376344086021505
E00029529,58,19,7,12,39,33,6,32.758620689655174,12.068965517241379,20.689655172413794,67.24137931034483,56.896551724137936,10.344827586206897
E00029530,74,27,4,23,47,44,3,36.486486486486484,5.405405405405405,31.08108108108108,63.51351351351351,59.45945945945946,4.054054054054054
E00029531,98,38,12,26,60,58,2,38.775510204081634,12.244897959183673,26.53061224489796,61.224489795918366,59.183673469387756,2.0408163265306123
E00029532,83,33,7,26,50,46,4,39.75903614457831,8.433734939759036,31.32530120481928,60.24096385542169,55.42168674698795,4.819277108433735
E00029533,101,36,5,31,65,61,4,35.64356435643564,4.9504950495049505,30.693069306930692,64.35643564356435,60.396039603960396,3.9603960396039604
E00029534,127,39,7,32,88,79,9,30.708661417322837,5.511811023622047,25.196850393700785,69.29133858267717,62.20472440944882,7.086614173228346
E00029535,85,27,7,20,58,52,6,31.76470588235294,8.235294117647058,23.52941176470588,68.23529411764706,61.1764705882353,7.0588235294117645
E00029536,127,52,4,48,75,65,10,40.94488188976378,3.149606299212598,37.79527559055118,59.055118110236215,51.181102362204726,7.874015748031496
E00029537,97,40,11,29,57,53,4,41.23711340206185,11.34020618556701,29.896907216494846,58.76288659793815,54.63917525773196,4.123711340206185
E00029538,121,46,10,36,75,68,7,38.01652892561984,8.264462809917356,29.75206611570248,61.98347107438017,56.19834710743802,5.785123966942149
E00029539,146,50,21,29,96,81,15,34.24657534246575,14.383561643835616,19.863013698630137,65.75342465753424,55.47945205479452,10.273972602739725
E00029540,143,47,18,29,96,92,4,32.86713286713287,12.587412587412588,20.27972027972028,67.13286713286713,64.33566433566433,2.797202797202797
E00029541,135,42,17,25,93,85,8,31.11111111111111,12.592592592592592,18.51851851851852,68.88888888888889,62.96296296296296,5.9259259259259265
E00029542,169,43,14,29,126,110,16,25.443786982248522,8.284023668639055,17.159763313609467,74.55621301775149,65.08875739644971,9.467455621301776
E00029543,159,51,13,38,108,94,14,32.075471698113205,8.176100628930817,23.89937106918239,67.9245283018868,59.11949685534591,8.80503144654088
E00029544,240,83,27,56,157,136,21,34.583333333333336,11.25,23.333333333333332,65.41666666666667,56.666666666666664,8.75
E00029545,176,57,17,40,119,110,9,32.38636363636363,9.659090909090908,22.727272727272727,67.61363636363636,62.5,5.113636363636364
E00029546,168,48,8,40,120,108,12,28.57142857142857,4.761904761904762,23.809523809523807,71.42857142857143,64.28571428571429,7.142857142857142
E00029547,161,54,24,30,107,98,9,33.54037267080746,14.906832298136646,18.633540372670808,66.45962732919256,60.86956521739131,5.590062111801243
E00029548,115,36,16,20,79,67,12,31.30434782608696,13.91304347826087,17.391304347826086,68.69565217391305,58.26086956521739,10.434782608695652
E00029549,136,38,8,30,98,94,4,27.941176470588236,5.88235294117647,22.058823529411764,72.05882352941177,69.11764705882352,2.941176470588235
E00029550,176,43,14,29,133,121,12,24.431818181818183,7.954545454545454,16.477272727272727,75.56818181818183,68.75,6.8181818181818175
E00029551,268,68,13,55,200,169,31,25.37313432835821,4.850746268656716,20.522388059701495,74.6268656716418,63.059701492537314,11.567164179104477
E00029552,123,39,11,28,84,79,5,31.70731707317073,8.94308943089431,22.76422764227642,68.29268292682927,64.22764227642277,4.0650406504065035
E00029553,139,27,11,16,112,97,15,19.424460431654676,7.913669064748201,11.510791366906476,80.57553956834532,69.7841726618705,10.79136690647482
E00029554,144,32,8,24,112,99,13,22.22222222222222,5.555555555555555,16.666666666666664,77.77777777777779,68.75,9.027777777777777
E00029555,164,44,18,26,120,108,12,26.82926829268293,10.975609756097562,15.853658536585366,73.17073170731707,65.85365853658537,7.317073170731707
E00029556,175,37,13,24,138,125,13,21.142857142857142,7.428571428571429,13.714285714285715,78.85714285714286,71.42857142857143,7.428571428571429
E00029557,102,32,4,28,70,66,4,31.372549019607842,3.9215686274509802,27.450980392156865,68.62745098039215,64.70588235294117,3.9215686274509802
E00029558,135,42,14,28,93,78,15,31.11111111111111,10.37037037037037,20.74074074074074,68.88888888888889,57.77777777777777,11.11111111111111
E00029559,147,32,9,23,115,106,9,21.768707482993197,6.122448979591836,15.646258503401361,78.2312925170068,72.10884353741497,6.122448979591836
E00029560,138,46,14,32,92,85,7,33.33333333333333,10.144927536231885,23.18840579710145,66.66666666666666,61.59420289855072,5.072463768115942
E00029561,135,39,13,26,96,87,9,28.888888888888886,9.62962962962963,19.25925925925926,71.11111111111111,64.44444444444444,6.666666666666667
E00029562,139,39,12,27,100,85,15,28.05755395683453,8.633093525179856,19.424460431654676,71.94244604316546,61.15107913669065,10.79136690647482
E00029563,150,49,14,35,101,89,12,32.666666666666664,9.333333333333334,23.333333333333332,67.33333333333333,59.333333333333336,8
E00029564,144,41,11,30,103,83,20,28.47222222222222,7.638888888888889,20.833333333333336,71.52777777777779,57.638888888888886,13.88888888888889
E00029565,149,43,18,25,106,90,16,28.859060402684566,12.080536912751679,16.778523489932887,71.14093959731544,60.40268456375839,10.738255033557047
E00029566,167,36,13,23,131,108,23,21.55688622754491,7.784431137724551,13.77245508982036,78.44311377245509,64.67065868263472,13.77245508982036
E00029567,169,52,16,36,117,103,14,30.76923076923077,9.467455621301776,21.301775147928996,69.23076923076923,60.946745562130175,8.284023668639055
E00029568,75,22,7,15,53,44,9,29.333333333333332,9.333333333333334,20,70.66666666666667,58.666666666666664,12
E00029569,111,34,12,22,77,63,14,30.630630630630627,10.81081081081081,19.81981981981982,69.36936936936937,56.75675675675676,12.612612612612612
E00029570,146,36,15,21,110,98,12,24.65753424657534,10.273972602739725,14.383561643835616,75.34246575342466,67.12328767123287,8.21917808219178
E00029571,139,45,20,25,94,86,8,32.37410071942446,14.388489208633093,17.985611510791365,67.62589928057554,61.87050359712231,5.755395683453238
E00029572,96,27,7,20,69,55,14,28.125,7.291666666666667,20.833333333333336,71.875,57.291666666666664,14.583333333333334
E00029573,148,42,11,31,106,89,17,28.37837837837838,7.4324324324324325,20.945945945945947,71.62162162162163,60.13513513513513,11.486486486486488
E00029574,98,29,13,16,69,55,14,29.591836734693878,13.26530612244898,16.3265306122449,70.40816326530613,56.12244897959183,14.285714285714285
E00029575,148,46,11,35,102,86,16,31.08108108108108,7.4324324324324325,23.64864864864865,68.91891891891892,58.108108108108105,10.81081081081081
E00029576,119,37,12,25,82,69,13,31.092436974789916,10.084033613445378,21.008403361344538,68.90756302521008,57.98319327731093,10.92436974789916
E00029577,124,32,7,25,92,77,15,25.806451612903224,5.64516129032258,20.161290322580644,74.19354838709677,62.096774193548384,12.096774193548388
E00029578,83,23,4,19,60,45,15,27.710843373493976,4.819277108433735,22.89156626506024,72.28915662650603,54.21686746987952,18.072289156626507
E00029579,150,46,18,28,104,89,15,30.666666666666664,12,18.666666666666668,69.33333333333334,59.333333333333336,10
E00029580,140,39,9,30,101,83,18,27.857142857142858,6.428571428571428,21.428571428571427,72.14285714285714,59.285714285714285,12.857142857142856
E00029581,106,34,10,24,72,68,4,32.075471698113205,9.433962264150944,22.641509433962266,67.9245283018868,64.15094339622641,3.7735849056603774
E00029582,130,39,10,29,91,80,11,30,7.6923076923076925,22.30769230769231,70,61.53846153846154,8.461538461538462
E00029583,154,54,25,29,100,91,9,35.064935064935064,16.233766233766232,18.83116883116883,64.93506493506493,59.09090909090909,5.844155844155844
E00029584,132,29,13,16,103,88,15,21.96969696969697,9.848484848484848,12.121212121212121,78.03030303030303,66.66666666666666,11.363636363636363
E00029585,153,48,18,30,105,91,14,31.372549019607842,11.76470588235294,19.607843137254903,68.62745098039215,59.47712418300654,9.15032679738562
E00029586,121,31,8,23,90,78,12,25.6198347107438,6.6115702479338845,19.00826446280992,74.3801652892562,64.46280991735537,9.917355371900827
E00029587,186,58,17,41,128,114,14,31.182795698924732,9.13978494623656,22.043010752688172,68.81720430107528,61.29032258064516,7.526881720430108
E00029588,149,45,11,34,104,94,10,30.201342281879196,7.38255033557047,22.818791946308725,69.79865771812081,63.08724832214765,6.7114093959731544
E00029589,162,42,13,29,120,109,11,25.925925925925924,8.024691358024691,17.901234567901234,74.07407407407408,67.28395061728395,6.790123456790123
E00029590,116,43,8,35,73,62,11,37.06896551724138,6.896551724137931,30.17241379310345,62.93103448275862,53.44827586206896,9.482758620689655
E00029591,144,53,19,34,91,72,19,36.80555555555556,13.194444444444445,23.61111111111111,63.19444444444444,50,13.194444444444445
E00029592,120,35,9,26,85,74,11,29.166666666666668,7.5,21.666666666666668,70.83333333333334,61.66666666666667,9.166666666666666
E00029593,168,51,17,34,117,104,13,30.357142857142854,10.119047619047619,20.238095238095237,69.64285714285714,61.904761904761905,7.738095238095238
E00029594,169,45,11,34,124,108,16,26.627218934911244,6.508875739644971,20.118343195266274,73.37278106508876,63.905325443786985,9.467455621301776
E00029595,139,44,18,26,95,88,7,31.654676258992804,12.949640287769784,18.705035971223023,68.34532374100719,63.30935251798561,5.0359712230215825
E00029596,132,33,9,24,99,86,13,25,6.8181818181818175,18.181818181818183,75,65.15151515151516,9.848484848484848
E00029597,150,51,16,35,99,82,17,34,10.666666666666668,23.333333333333332,66,54.666666666666664,11.333333333333332
E00029598,153,61,22,39,92,86,6,39.869281045751634,14.37908496732026,25.49019607843137,60.130718954248366,56.209150326797385,3.9215686274509802
E00029599,156,44,11,33,112,103,9,28.205128205128204,7.051282051282051,21.153846153846153,71.7948717948718,66.02564102564102,5.769230769230769
E00029600,172,60,14,46,112,99,13,34.883720930232556,8.13953488372093,26.744186046511626,65.11627906976744,57.55813953488372,7.55813953488372
E00029601,145,41,10,31,104,95,9,28.27586206896552,6.896551724137931,21.379310344827587,71.72413793103448,65.51724137931035,6.206896551724138
E00029602,93,36,12,24,57,53,4,38.70967741935484,12.903225806451612,25.806451612903224,61.29032258064516,56.98924731182796,4.301075268817205
E00029603,147,51,22,29,96,83,13,34.69387755102041,14.965986394557824,19.727891156462583,65.3061224489796,56.4625850340136,8.843537414965986
E00029605,100,27,0,27,73,64,9,27,0,27,73,64,9
E00029606,116,35,11,24,81,75,6,30.17241379310345,9.482758620689655,20.689655172413794,69.82758620689656,64.65517241379311,5.172413793103448
E00029607,169,41,12,29,128,111,17,24.2603550295858,7.100591715976331,17.159763313609467,75.7396449704142,65.68047337278107,10.059171597633137
E00029608,138,44,17,27,94,84,10,31.88405797101449,12.318840579710146,19.565217391304348,68.11594202898551,60.86956521739131,7.246376811594203
E00029609,150,38,14,24,112,100,12,25.333333333333336,9.333333333333334,16,74.66666666666667,66.66666666666666,8
E00029610,99,32,9,23,67,65,2,32.323232323232325,9.090909090909092,23.232323232323232,67.67676767676768,65.65656565656566,2.0202020202020203
E00029611,172,47,17,30,125,110,15,27.325581395348834,9.883720930232558,17.441860465116278,72.67441860465115,63.95348837209303,8.720930232558139
E00029612,173,54,20,34,119,101,18,31.213872832369944,11.560693641618498,19.653179190751445,68.78612716763006,58.38150289017341,10.404624277456648
E00029613,162,48,16,32,114,92,22,29.629629629629626,9.876543209876543,19.753086419753085,70.37037037037037,56.79012345679012,13.580246913580247
E00029614,154,49,19,30,105,92,13,31.818181818181817,12.337662337662337,19.480519480519483,68.18181818181817,59.74025974025974,8.441558441558442
E00029615,150,46,14,32,104,94,10,30.666666666666664,9.333333333333334,21.333333333333336,69.33333333333334,62.66666666666667,6.666666666666667
E00029616,103,34,15,19,69,62,7,33.00970873786408,14.563106796116504,18.446601941747574,66.99029126213593,60.19417475728155,6.796116504854369
E00029617,151,54,20,34,97,91,6,35.76158940397351,13.245033112582782,22.516556291390728,64.23841059602648,60.264900662251655,3.9735099337748347
E00029618,150,44,14,30,106,91,15,29.333333333333332,9.333333333333334,20,70.66666666666667,60.66666666666667,10
E00029619,116,40,10,30,76,71,5,34.48275862068966,8.620689655172415,25.862068965517242,65.51724137931035,61.206896551724135,4.310344827586207
E00029620,136,48,17,31,88,77,11,35.294117647058826,12.5,22.794117647058822,64.70588235294117,56.61764705882353,8.088235294117647
E00029621,140,44,20,24,96,82,14,31.428571428571427,14.285714285714285,17.142857142857142,68.57142857142857,58.57142857142858,10
E00029622,154,49,7,42,105,91,14,31.818181818181817,4.545454545454546,27.27272727272727,68.18181818181817,59.09090909090909,9.090909090909092
E00029623,147,58,26,32,89,77,12,39.455782312925166,17.687074829931973,21.768707482993197,60.544217687074834,52.38095238095239,8.16326530612245
E00029624,179,51,21,30,128,113,15,28.49162011173184,11.731843575418994,16.75977653631285,71.50837988826815,63.128491620111724,8.379888268156424
E00029625,174,63,21,42,111,101,10,36.206896551724135,12.068965517241379,24.137931034482758,63.793103448275865,58.04597701149425,5.747126436781609
E00029626,162,46,15,31,116,96,20,28.39506172839506,9.25925925925926,19.1358024691358,71.60493827160494,59.25925925925925,12.345679012345679
E00029627,181,62,22,40,119,103,16,34.25414364640884,12.154696132596685,22.099447513812155,65.74585635359117,56.9060773480663,8.83977900552486
E00029628,147,54,23,31,93,81,12,36.734693877551024,15.646258503401361,21.08843537414966,63.26530612244898,55.10204081632652,8.16326530612245
E00029629,138,32,9,23,106,95,11,23.18840579710145,6.521739130434782,16.666666666666664,76.81159420289855,68.84057971014492,7.971014492753622
E00029630,121,36,11,25,85,76,9,29.75206611570248,9.090909090909092,20.66115702479339,70.24793388429752,62.8099173553719,7.43801652892562
E00029631,121,38,19,19,83,77,6,31.40495867768595,15.702479338842975,15.702479338842975,68.59504132231406,63.63636363636363,4.958677685950414
E00029632,170,70,24,46,100,94,6,41.17647058823529,14.117647058823529,27.058823529411764,58.82352941176471,55.294117647058826,3.5294117647058822
E00029633,107,29,11,18,78,69,9,27.102803738317753,10.2803738317757,16.822429906542055,72.89719626168224,64.48598130841121,8.411214953271028
E00029634,104,29,9,20,75,67,8,27.884615384615387,8.653846153846153,19.230769230769234,72.11538461538461,64.42307692307693,7.6923076923076925
E00029635,191,47,11,36,144,124,20,24.60732984293194,5.7591623036649215,18.848167539267017,75.39267015706807,64.92146596858639,10.471204188481675
E00029636,167,54,24,30,113,102,11,32.33532934131736,14.37125748502994,17.964071856287426,67.66467065868264,61.07784431137725,6.58682634730539
E00029637,117,40,18,22,77,67,10,34.18803418803419,15.384615384615385,18.803418803418804,65.8119658119658,57.26495726495726,8.547008547008547
E00029638,265,65,26,39,200,169,31,24.528301886792452,9.811320754716983,14.716981132075471,75.47169811320755,63.77358490566037,11.69811320754717
E00029639,147,54,14,40,93,77,16,36.734693877551024,9.523809523809524,27.2108843537415,63.26530612244898,52.38095238095239,10.884353741496598
E00029640,191,68,13,55,123,108,15,35.602094240837694,6.806282722513089,28.79581151832461,64.3979057591623,56.54450261780105,7.853403141361256
E00029641,169,76,32,44,93,81,12,44.97041420118343,18.93491124260355,26.035502958579883,55.02958579881657,47.928994082840234,7.100591715976331
E00029642,179,47,10,37,132,119,13,26.256983240223462,5.58659217877095,20.670391061452513,73.74301675977654,66.4804469273743,7.262569832402235
E00029643,125,40,17,23,85,73,12,32,13.600000000000001,18.4,68,58.4,9.6
E00029644,142,48,14,34,94,80,14,33.80281690140845,9.859154929577464,23.943661971830984,66.19718309859155,56.33802816901409,9.859154929577464
E00029645,152,21,11,10,131,110,21,13.815789473684212,7.236842105263158,6.578947368421052,86.18421052631578,72.36842105263158,13.815789473684212
E00029646,145,40,16,24,105,97,8,27.586206896551722,11.03448275862069,16.551724137931036,72.41379310344827,66.89655172413794,5.517241379310345
E00029647,139,38,11,27,101,87,14,27.33812949640288,7.913669064748201,19.424460431654676,72.66187050359713,62.589928057553955,10.071942446043165
E00029648,138,39,9,30,99,81,18,28.26086956521739,6.521739130434782,21.73913043478261,71.73913043478261,58.69565217391305,13.043478260869565
E00029649,112,37,12,25,75,61,14,33.035714285714285,10.714285714285714,22.321428571428573,66.96428571428571,54.46428571428571,12.5
E00029650,121,47,24,23,74,67,7,38.84297520661157,19.834710743801654,19.00826446280992,61.15702479338842,55.371900826446286,5.785123966942149
E00029651,165,47,16,31,118,104,14,28.484848484848484,9.696969696969697,18.787878787878785,71.51515151515152,63.030303030303024,8.484848484848486
E00029652,106,30,3,27,76,68,8,28.30188679245283,2.8301886792452833,25.471698113207548,71.69811320754717,64.15094339622641,7.547169811320755
E00029653,100,28,7,21,72,60,12,28.000000000000004,7.000000000000001,21,72,60,12
E00029654,174,53,20,33,121,102,19,30.45977011494253,11.494252873563218,18.96551724137931,69.54022988505747,58.620689655172406,10.919540229885058
E00029655,101,22,10,12,79,71,8,21.782178217821784,9.900990099009901,11.881188118811881,78.21782178217822,70.29702970297029,7.920792079207921
E00029656,98,27,15,12,71,63,8,27.55102040816326,15.306122448979592,12.244897959183673,72.44897959183673,64.28571428571429,8.16326530612245
E00029657,145,38,19,19,107,90,17,26.20689655172414,13.10344827586207,13.10344827586207,73.79310344827587,62.06896551724138,11.724137931034482
E00029658,152,46,18,28,106,94,12,30.263157894736842,11.842105263157894,18.421052631578945,69.73684210526315,61.8421052631579,7.894736842105263
E00029659,132,45,13,32,87,76,11,34.090909090909086,9.848484848484848,24.242424242424242,65.9090909090909,57.57575757575758,8.333333333333332
E00029660,96,27,15,12,69,58,11,28.125,15.625,12.5,71.875,60.416666666666664,11.458333333333332
E00029661,178,51,19,32,127,114,13,28.651685393258425,10.674157303370785,17.97752808988764,71.34831460674157,64.04494382022472,7.303370786516854
E00029662,154,55,32,23,99,87,12,35.714285714285715,20.77922077922078,14.935064935064934,64.28571428571429,56.493506493506494,7.792207792207792
E00029663,108,43,16,27,65,59,6,39.81481481481482,14.814814814814813,25,60.18518518518518,54.629629629629626,5.555555555555555
E00029664,153,61,23,38,92,82,10,39.869281045751634,15.032679738562091,24.836601307189543,60.130718954248366,53.59477124183007,6.535947712418301
E00029665,185,39,11,28,146,119,27,21.08108108108108,5.9459459459459465,15.135135135135137,78.91891891891892,64.32432432432432,14.594594594594595
E00029666,137,34,16,18,103,82,21,24.817518248175183,11.678832116788321,13.138686131386862,75.18248175182481,59.854014598540154,15.328467153284672
E00029667,167,52,11,41,115,89,26,31.137724550898206,6.58682634730539,24.550898203592812,68.8622754491018,53.293413173652695,15.568862275449103
E00029668,125,40,14,26,85,68,17,32,11.200000000000001,20.8,68,54.400000000000006,13.600000000000001
E00029669,159,44,11,33,115,90,25,27.67295597484277,6.918238993710692,20.754716981132077,72.32704402515722,56.60377358490566,15.723270440251572
E00029670,163,50,16,34,113,99,14,30.67484662576687,9.815950920245399,20.858895705521473,69.32515337423312,60.73619631901841,8.588957055214724
E00029671,192,46,13,33,146,127,19,23.958333333333336,6.770833333333333,17.1875,76.04166666666666,66.14583333333334,9.895833333333332
E00029672,182,47,19,28,135,121,14,25.82417582417583,10.43956043956044,15.384615384615385,74.17582417582418,66.48351648351648,7.6923076923076925
E00029673,164,33,9,24,131,115,16,20.121951219512198,5.487804878048781,14.634146341463413,79.8780487804878,70.1219512195122,9.75609756097561
E00029674,156,35,12,23,121,102,19,22.435897435897438,7.6923076923076925,14.743589743589745,77.56410256410257,65.38461538461539,12.179487179487179
E00029675,50,19,10,9,31,27,4,38,20,18,62,54,8
E00029676,168,40,12,28,128,115,13,23.809523809523807,7.142857142857142,16.666666666666664,76.19047619047619,68.45238095238095,7.738095238095238
E00029677,119,30,8,22,89,75,14,25.210084033613445,6.722689075630252,18.487394957983195,74.78991596638656,63.02521008403361,11.76470588235294
E00029678,179,55,19,36,124,96,28,30.726256983240223,10.614525139664805,20.11173184357542,69.27374301675978,53.63128491620112,15.64245810055866
E00029679,141,40,17,23,101,82,19,28.368794326241137,12.056737588652481,16.312056737588655,71.63120567375887,58.156028368794324,13.47517730496454
E00029680,176,40,14,26,136,117,19,22.727272727272727,7.954545454545454,14.772727272727273,77.27272727272727,66.47727272727273,10.795454545454545
E00029681,140,38,11,27,102,85,17,27.142857142857142,7.857142857142857,19.28571428571429,72.85714285714285,60.71428571428571,12.142857142857142
E00029682,140,37,14,23,103,88,15,26.42857142857143,10,16.428571428571427,73.57142857142858,62.857142857142854,10.714285714285714
E00029683,127,31,13,18,96,86,10,24.409448818897637,10.236220472440944,14.173228346456693,75.59055118110236,67.71653543307087,7.874015748031496
E00029684,177,35,13,22,142,123,19,19.774011299435028,7.344632768361582,12.429378531073446,80.22598870056498,69.49152542372882,10.734463276836157
E00029685,147,28,8,20,119,92,27,19.047619047619047,5.442176870748299,13.60544217687075,80.95238095238095,62.585034013605444,18.367346938775512
E00029686,147,53,17,36,94,78,16,36.054421768707485,11.564625850340136,24.489795918367346,63.94557823129252,53.06122448979592,10.884353741496598
E00029687,162,49,21,28,113,91,22,30.246913580246915,12.962962962962962,17.28395061728395,69.75308641975309,56.17283950617284,13.580246913580247
E00029688,97,21,5,16,76,60,16,21.649484536082475,5.154639175257731,16.49484536082474,78.35051546391753,61.855670103092784,16.49484536082474
E00029689,159,37,13,24,122,97,25,23.270440251572328,8.176100628930817,15.09433962264151,76.72955974842768,61.0062893081761,15.723270440251572
E00029690,144,35,16,19,109,97,12,24.305555555555554,11.11111111111111,13.194444444444445,75.69444444444444,67.36111111111111,8.333333333333332
E00029691,124,34,8,26,90,77,13,27.419354838709676,6.451612903225806,20.967741935483872,72.58064516129032,62.096774193548384,10.483870967741936
E00029692,129,31,17,14,98,72,26,24.031007751937985,13.178294573643413,10.852713178294573,75.96899224806202,55.81395348837209,20.155038759689923
E00029693,138,33,11,22,105,93,12,23.91304347826087,7.971014492753622,15.942028985507244,76.08695652173914,67.3913043478261,8.695652173913043
E00029694,190,62,24,38,128,99,29,32.631578947368425,12.631578947368421,20,67.36842105263158,52.10526315789473,15.263157894736842
E00029695,118,40,15,25,78,69,9,33.89830508474576,12.711864406779661,21.1864406779661,66.10169491525424,58.47457627118644,7.627118644067797
E00029696,60,17,6,11,43,36,7,28.333333333333332,10,18.333333333333332,71.66666666666667,60,11.666666666666666
E00029697,151,42,14,28,109,90,19,27.81456953642384,9.271523178807946,18.543046357615893,72.18543046357617,59.60264900662252,12.582781456953644
E00029698,145,50,22,28,95,75,20,34.48275862068966,15.172413793103448,19.310344827586206,65.51724137931035,51.724137931034484,13.793103448275861
E00029699,136,48,21,27,88,71,17,35.294117647058826,15.441176470588236,19.852941176470587,64.70588235294117,52.20588235294118,12.5
E00029700,148,40,12,28,108,96,12,27.027027027027028,8.108108108108109,18.91891891891892,72.97297297297297,64.86486486486487,8.108108108108109
E00029701,181,43,16,27,138,117,21,23.756906077348066,8.83977900552486,14.917127071823206,76.24309392265194,64.64088397790056,11.602209944751381
E00029702,150,51,11,40,99,84,15,34,7.333333333333333,26.666666666666668,66,56.00000000000001,10
E00029703,121,30,9,21,91,78,13,24.793388429752067,7.43801652892562,17.355371900826448,75.20661157024794,64.46280991735537,10.743801652892563
E00029704,175,40,16,24,135,123,12,22.857142857142858,9.142857142857142,13.714285714285715,77.14285714285715,70.28571428571428,6.857142857142858
E00029705,161,39,16,23,122,106,16,24.22360248447205,9.937888198757763,14.285714285714285,75.77639751552795,65.83850931677019,9.937888198757763
E00029706,170,37,19,18,133,116,17,21.764705882352942,11.176470588235295,10.588235294117647,78.23529411764706,68.23529411764706,10
E00029707,209,43,10,33,166,133,33,20.574162679425836,4.784688995215311,15.789473684210526,79.42583732057416,63.63636363636363,15.789473684210526
E00029708,173,55,19,36,118,108,10,31.79190751445087,10.982658959537572,20.809248554913296,68.20809248554913,62.42774566473989,5.780346820809249
E00029709,105,27,5,22,78,62,16,25.71428571428571,4.761904761904762,20.952380952380953,74.28571428571429,59.04761904761905,15.238095238095239
E00029710,183,55,26,29,128,105,23,30.05464480874317,14.207650273224044,15.846994535519126,69.94535519125684,57.377049180327866,12.568306010928962
E00029711,199,54,16,38,145,126,19,27.1356783919598,8.040201005025125,19.09547738693467,72.8643216080402,63.31658291457286,9.547738693467336
E00029712,185,39,14,25,146,123,23,21.08108108108108,7.567567567567568,13.513513513513514,78.91891891891892,66.48648648648648,12.432432432432433
E00029713,147,43,7,36,104,91,13,29.25170068027211,4.761904761904762,24.489795918367346,70.74829931972789,61.904761904761905,8.843537414965986
E00029714,83,24,12,12,59,50,9,28.915662650602407,14.457831325301203,14.457831325301203,71.08433734939759,60.24096385542169,10.843373493975903
E00029715,119,33,9,24,86,78,8,27.73109243697479,7.563025210084033,20.168067226890756,72.26890756302521,65.54621848739495,6.722689075630252
E00029716,153,42,20,22,111,88,23,27.450980392156865,13.071895424836603,14.37908496732026,72.54901960784314,57.51633986928104,15.032679738562091
E00029718,131,41,8,33,90,74,16,31.297709923664126,6.106870229007633,25.190839694656486,68.70229007633588,56.48854961832062,12.213740458015266
E00029719,159,36,13,23,123,107,16,22.641509433962266,8.176100628930817,14.465408805031446,77.35849056603774,67.29559748427673,10.062893081761008
E00029720,156,43,11,32,113,95,18,27.564102564102566,7.051282051282051,20.51282051282051,72.43589743589743,60.89743589743589,11.538461538461538
E00029721,173,33,10,23,140,114,26,19.07514450867052,5.780346820809249,13.294797687861271,80.92485549132948,65.89595375722543,15.028901734104046
E00029722,197,42,15,27,155,125,30,21.31979695431472,7.614213197969544,13.705583756345177,78.68020304568529,63.45177664974619,15.228426395939088
E00029723,181,40,11,29,141,122,19,22.099447513812155,6.077348066298343,16.022099447513813,77.90055248618785,67.40331491712708,10.497237569060774
E00029724,140,23,8,15,117,95,22,16.428571428571427,5.714285714285714,10.714285714285714,83.57142857142857,67.85714285714286,15.714285714285714
E00029725,154,43,18,25,111,94,17,27.92207792207792,11.688311688311687,16.233766233766232,72.07792207792207,61.038961038961034,11.03896103896104
E00029726,148,44,17,27,104,94,10,29.72972972972973,11.486486486486488,18.243243243243242,70.27027027027027,63.51351351351351,6.756756756756757
E00029727,173,72,16,56,101,94,7,41.61849710982659,9.248554913294797,32.369942196531795,58.38150289017341,54.33526011560693,4.046242774566474
E00029728,144,46,16,30,98,89,9,31.944444444444443,11.11111111111111,20.833333333333336,68.05555555555556,61.80555555555556,6.25
E00029729,162,50,11,39,112,99,13,30.864197530864196,6.790123456790123,24.074074074074073,69.1358024691358,61.111111111111114,8.024691358024691
E00029730,168,51,21,30,117,102,15,30.357142857142854,12.5,17.857142857142858,69.64285714285714,60.71428571428571,8.928571428571429
E00029731,174,49,12,37,125,111,14,28.160919540229884,6.896551724137931,21.26436781609195,71.83908045977012,63.793103448275865,8.045977011494253
E00029732,131,30,5,25,101,90,11,22.900763358778626,3.816793893129771,19.083969465648856,77.09923664122137,68.70229007633588,8.396946564885496
E00029733,209,72,21,51,137,132,5,34.44976076555024,10.047846889952153,24.401913875598087,65.55023923444976,63.1578947368421,2.3923444976076556
E00029734,167,41,7,34,126,115,11,24.550898203592812,4.191616766467066,20.359281437125748,75.44910179640718,68.8622754491018,6.58682634730539
E00029735,147,37,9,28,110,96,14,25.170068027210885,6.122448979591836,19.047619047619047,74.82993197278913,65.3061224489796,9.523809523809524
E00029737,163,53,20,33,110,104,6,32.515337423312886,12.269938650306749,20.245398773006134,67.48466257668711,63.80368098159509,3.6809815950920246
E00029738,106,30,6,24,76,68,8,28.30188679245283,5.660377358490567,22.641509433962266,71.69811320754717,64.15094339622641,7.547169811320755
E00029739,133,36,11,25,97,90,7,27.06766917293233,8.270676691729323,18.796992481203006,72.93233082706767,67.66917293233082,5.263157894736842
E00029740,135,47,18,29,88,80,8,34.81481481481482,13.333333333333334,21.48148148148148,65.18518518518519,59.25925925925925,5.9259259259259265
E00029741,159,40,7,33,119,110,9,25.157232704402517,4.40251572327044,20.754716981132077,74.84276729559748,69.18238993710692,5.660377358490567
E00029742,176,59,18,41,117,105,12,33.52272727272727,10.227272727272728,23.295454545454543,66.47727272727273,59.65909090909091,6.8181818181818175
E00029743,167,33,11,22,134,122,12,19.760479041916167,6.58682634730539,13.17365269461078,80.23952095808383,73.05389221556887,7.18562874251497
E00029744,143,45,20,25,98,87,11,31.46853146853147,13.986013986013987,17.482517482517483,68.53146853146853,60.83916083916085,7.6923076923076925
E00029745,144,43,10,33,101,87,14,29.86111111111111,6.944444444444445,22.916666666666664,70.13888888888889,60.416666666666664,9.722222222222223
E00029746,153,49,10,39,104,96,8,32.02614379084967,6.535947712418301,25.49019607843137,67.97385620915033,62.745098039215684,5.228758169934641
E00029747,164,40,10,30,124,111,13,24.390243902439025,6.097560975609756,18.29268292682927,75.60975609756098,67.6829268292683,7.926829268292683
E00029748,143,47,11,36,96,91,5,32.86713286713287,7.6923076923076925,25.174825174825177,67.13286713286713,63.63636363636363,3.4965034965034967
E00029749,118,25,8,17,93,85,8,21.1864406779661,6.779661016949152,14.40677966101695,78.8135593220339,72.03389830508475,6.779661016949152
E00029750,140,35,8,27,105,99,6,25,5.714285714285714,19.28571428571429,75,70.71428571428572,4.285714285714286
E00029751,144,52,15,37,92,82,10,36.11111111111111,10.416666666666668,25.694444444444443,63.888888888888886,56.94444444444444,6.944444444444445
E00029752,156,48,21,27,108,101,7,30.76923076923077,13.461538461538462,17.307692307692307,69.23076923076923,64.74358974358975,4.487179487179487
E00029753,164,36,7,29,128,120,8,21.951219512195124,4.2682926829268295,17.682926829268293,78.04878048780488,73.17073170731707,4.878048780487805
E00029754,136,25,7,18,111,99,12,18.38235294117647,5.147058823529411,13.23529411764706,81.61764705882352,72.79411764705883,8.823529411764707
E00029755,46,16,8,8,30,29,1,34.78260869565217,17.391304347826086,17.391304347826086,65.21739130434783,63.04347826086957,2.1739130434782608
E00029756,149,43,9,34,106,95,11,28.859060402684566,6.0402684563758395,22.818791946308725,71.14093959731544,63.758389261744966,7.38255033557047
E00029757,135,39,11,28,96,87,9,28.888888888888886,8.148148148148149,20.74074074074074,71.11111111111111,64.44444444444444,6.666666666666667
E00029758,123,39,12,27,84,76,8,31.70731707317073,9.75609756097561,21.951219512195124,68.29268292682927,61.78861788617886,6.504065040650407
E00029759,165,46,11,35,119,103,16,27.878787878787882,6.666666666666667,21.21212121212121,72.12121212121212,62.42424242424243,9.696969696969697
E00029760,128,34,12,22,94,85,9,26.5625,9.375,17.1875,73.4375,66.40625,7.03125
E00029761,167,47,11,36,120,105,15,28.143712574850298,6.58682634730539,21.55688622754491,71.8562874251497,62.874251497005986,8.982035928143713
E00029762,101,36,11,25,65,57,8,35.64356435643564,10.891089108910892,24.752475247524753,64.35643564356435,56.43564356435643,7.920792079207921
E00029763,151,43,12,31,108,94,14,28.47682119205298,7.9470198675496695,20.52980132450331,71.52317880794702,62.251655629139066,9.271523178807946
E00029764,107,34,7,27,73,66,7,31.775700934579437,6.5420560747663545,25.233644859813083,68.22429906542055,61.6822429906542,6.5420560747663545
E00029765,168,40,11,29,128,118,10,23.809523809523807,6.547619047619048,17.261904761904763,76.19047619047619,70.23809523809523,5.952380952380952
E00029767,156,44,13,31,112,94,18,28.205128205128204,8.333333333333332,19.871794871794872,71.7948717948718,60.256410256410255,11.538461538461538
E00029768,190,47,16,31,143,136,7,24.736842105263158,8.421052631578947,16.315789473684212,75.26315789473685,71.57894736842105,3.684210526315789
E00029769,162,53,27,26,109,93,16,32.71604938271605,16.666666666666664,16.049382716049383,67.28395061728395,57.407407407407405,9.876543209876543
E00029770,144,37,14,23,107,100,7,25.694444444444443,9.722222222222223,15.972222222222221,74.30555555555556,69.44444444444444,4.861111111111112
E00029771,159,43,17,26,116,98,18,27.044025157232703,10.69182389937107,16.352201257861633,72.95597484276729,61.63522012578616,11.320754716981133
E00029772,130,43,12,31,87,76,11,33.07692307692307,9.230769230769232,23.846153846153847,66.92307692307692,58.46153846153847,8.461538461538462
E00029773,101,31,9,22,70,64,6,30.693069306930692,8.91089108910891,21.782178217821784,69.3069306930693,63.366336633663366,5.9405940594059405
E00029774,116,36,6,30,80,71,9,31.03448275862069,5.172413793103448,25.862068965517242,68.96551724137932,61.206896551724135,7.758620689655173
E00029775,149,32,9,23,117,104,13,21.476510067114095,6.0402684563758395,15.436241610738255,78.52348993288591,69.79865771812081,8.724832214765101
E00029776,194,65,20,45,129,113,16,33.50515463917525,10.309278350515463,23.195876288659793,66.49484536082474,58.24742268041238,8.24742268041237
E00029777,142,28,11,17,114,97,17,19.718309859154928,7.746478873239436,11.971830985915492,80.28169014084507,68.30985915492957,11.971830985915492
E00029778,104,29,11,18,75,73,2,27.884615384615387,10.576923076923077,17.307692307692307,72.11538461538461,70.1923076923077,1.9230769230769231
E00029779,192,60,20,40,132,112,20,31.25,10.416666666666668,20.833333333333336,68.75,58.333333333333336,10.416666666666668
E00029780,112,28,5,23,84,74,10,25,4.464285714285714,20.535714285714285,75,66.07142857142857,8.928571428571429
E00029781,158,42,16,26,116,96,20,26.582278481012654,10.126582278481013,16.455696202531644,73.41772151898735,60.75949367088608,12.658227848101266
E00029782,87,28,9,19,59,54,5,32.18390804597701,10.344827586206897,21.839080459770116,67.81609195402298,62.06896551724138,5.747126436781609
E00029783,185,41,20,21,144,119,25,22.162162162162165,10.81081081081081,11.351351351351353,77.83783783783784,64.32432432432432,13.513513513513514
E00029784,166,50,17,33,116,98,18,30.120481927710845,10.240963855421686,19.879518072289155,69.87951807228916,59.036144578313255,10.843373493975903
E00029785,147,43,15,28,104,91,13,29.25170068027211,10.204081632653061,19.047619047619047,70.74829931972789,61.904761904761905,8.843537414965986
E00029786,117,29,13,16,88,73,15,24.786324786324787,11.11111111111111,13.675213675213676,75.21367521367522,62.39316239316239,12.82051282051282
E00029787,130,35,10,25,95,74,21,26.923076923076923,7.6923076923076925,19.230769230769234,73.07692307692307,56.92307692307692,16.153846153846153
E00029788,183,57,22,35,126,110,16,31.147540983606557,12.021857923497267,19.12568306010929,68.85245901639344,60.10928961748634,8.743169398907105
E00029789,160,41,9,32,119,105,14,25.624999999999996,5.625,20,74.375,65.625,8.75
E00029790,130,49,18,31,81,56,25,37.69230769230769,13.846153846153847,23.846153846153847,62.30769230769231,43.07692307692308,19.230769230769234
E00029791,135,44,21,23,91,75,16,32.592592592592595,15.555555555555555,17.037037037037038,67.4074074074074,55.55555555555556,11.851851851851853
E00029792,122,33,15,18,89,65,24,27.049180327868854,12.295081967213115,14.754098360655737,72.95081967213115,53.278688524590166,19.672131147540984
E00029793,161,53,14,39,108,90,18,32.91925465838509,8.695652173913043,24.22360248447205,67.08074534161491,55.90062111801242,11.180124223602485
E00029794,130,38,12,26,92,71,21,29.230769230769234,9.230769230769232,20,70.76923076923077,54.61538461538461,16.153846153846153
E00029795,92,27,16,11,65,54,11,29.347826086956523,17.391304347826086,11.956521739130435,70.65217391304348,58.69565217391305,11.956521739130435
E00029796,100,34,10,24,66,59,7,34,10,24,66,59,7.000000000000001
E00029797,135,42,20,22,93,75,18,31.11111111111111,14.814814814814813,16.296296296296298,68.88888888888889,55.55555555555556,13.333333333333334
E00029798,115,31,13,18,84,75,9,26.956521739130434,11.304347826086957,15.65217391304348,73.04347826086956,65.21739130434783,7.82608695652174
E00029799,123,34,15,19,89,71,18,27.64227642276423,12.195121951219512,15.447154471544716,72.35772357723577,57.72357723577236,14.634146341463413
E00029800,113,28,10,18,85,68,17,24.778761061946902,8.849557522123893,15.929203539823009,75.22123893805309,60.17699115044248,15.04424778761062
E00029801,133,53,16,37,80,67,13,39.849624060150376,12.030075187969924,27.819548872180448,60.150375939849624,50.37593984962406,9.774436090225564
E00029802,140,44,18,26,96,85,11,31.428571428571427,12.857142857142856,18.571428571428573,68.57142857142857,60.71428571428571,7.857142857142857
E00029803,140,48,17,31,92,78,14,34.285714285714285,12.142857142857142,22.142857142857142,65.71428571428571,55.714285714285715,10
E00029804,135,30,6,24,105,98,7,22.22222222222222,4.444444444444445,17.77777777777778,77.77777777777779,72.5925925925926,5.185185185185185
E00029805,119,42,12,30,77,66,11,35.294117647058826,10.084033613445378,25.210084033613445,64.70588235294117,55.46218487394958,9.243697478991598
E00029806,147,35,12,23,112,99,13,23.809523809523807,8.16326530612245,15.646258503401361,76.19047619047619,67.3469387755102,8.843537414965986
E00029807,154,35,12,23,119,111,8,22.727272727272727,7.792207792207792,14.935064935064934,77.27272727272727,72.07792207792207,5.194805194805195
E00029808,173,52,21,31,121,106,15,30.057803468208093,12.138728323699421,17.91907514450867,69.94219653179191,61.27167630057804,8.670520231213873
E00029809,202,58,19,39,144,130,14,28.71287128712871,9.405940594059405,19.306930693069308,71.28712871287128,64.35643564356435,6.9306930693069315
E00029810,144,36,12,24,108,102,6,25,8.333333333333332,16.666666666666664,75,70.83333333333334,4.166666666666666
E00029811,96,22,11,11,74,61,13,22.916666666666664,11.458333333333332,11.458333333333332,77.08333333333334,63.541666666666664,13.541666666666666
E00029812,135,34,5,29,101,88,13,25.185185185185183,3.7037037037037033,21.48148148148148,74.81481481481481,65.18518518518519,9.62962962962963
E00029813,168,49,15,34,119,113,6,29.166666666666668,8.928571428571429,20.238095238095237,70.83333333333334,67.26190476190477,3.571428571428571
E00029814,110,29,11,18,81,70,11,26.36363636363636,10,16.363636363636363,73.63636363636363,63.63636363636363,10
E00029815,152,35,13,22,117,109,8,23.026315789473685,8.552631578947368,14.473684210526317,76.97368421052632,71.71052631578947,5.263157894736842
E00029816,158,41,11,30,117,104,13,25.949367088607595,6.962025316455696,18.9873417721519,74.0506329113924,65.82278481012658,8.227848101265822
E00029817,164,44,11,33,120,111,9,26.82926829268293,6.707317073170732,20.121951219512198,73.17073170731707,67.6829268292683,5.487804878048781
E00029818,103,44,13,31,59,48,11,42.71844660194174,12.62135922330097,30.097087378640776,57.28155339805825,46.601941747572816,10.679611650485436
E00029819,192,71,14,57,121,115,6,36.97916666666667,7.291666666666667,29.6875,63.020833333333336,59.895833333333336,3.125
E00029820,133,49,15,34,84,80,4,36.84210526315789,11.278195488721805,25.563909774436087,63.1578947368421,60.150375939849624,3.007518796992481
E00029821,7,2,2,0,5,5,0,28.57142857142857,28.57142857142857,0,71.42857142857143,71.42857142857143,0
E00029822,113,30,8,22,83,74,9,26.548672566371685,7.079646017699115,19.469026548672566,73.45132743362832,65.48672566371681,7.964601769911504
E00029823,133,35,11,24,98,88,10,26.31578947368421,8.270676691729323,18.045112781954884,73.68421052631578,66.16541353383458,7.518796992481203
E00029824,159,46,15,31,113,100,13,28.930817610062892,9.433962264150944,19.49685534591195,71.0691823899371,62.893081761006286,8.176100628930817
E00029825,154,53,10,43,101,93,8,34.41558441558442,6.493506493506493,27.92207792207792,65.5844155844156,60.3896103896104,5.194805194805195
E00029826,148,37,10,27,111,95,16,25,6.756756756756757,18.243243243243242,75,64.1891891891892,10.81081081081081
E00029827,188,57,19,38,131,113,18,30.319148936170215,10.106382978723403,20.212765957446805,69.68085106382979,60.1063829787234,9.574468085106384
E00029828,140,45,19,26,95,86,9,32.142857142857146,13.571428571428571,18.571428571428573,67.85714285714286,61.42857142857143,6.428571428571428
E00029829,140,41,13,28,99,88,11,29.28571428571429,9.285714285714286,20,70.71428571428572,62.857142857142854,7.857142857142857
E00029830,148,57,21,36,91,83,8,38.513513513513516,14.18918918918919,24.324324324324326,61.48648648648649,56.08108108108109,5.405405405405405
E00029831,124,40,8,32,84,77,7,32.25806451612903,6.451612903225806,25.806451612903224,67.74193548387096,62.096774193548384,5.64516129032258
E00029832,82,31,8,23,51,45,6,37.80487804878049,9.75609756097561,28.04878048780488,62.19512195121951,54.87804878048781,7.317073170731707
E00029833,120,33,11,22,87,79,8,27.500000000000004,9.166666666666666,18.333333333333332,72.5,65.83333333333333,6.666666666666667
E00029834,92,22,4,18,70,64,6,23.91304347826087,4.3478260869565215,19.565217391304348,76.08695652173914,69.56521739130434,6.521739130434782
E00029835,111,25,8,17,86,80,6,22.52252252252252,7.207207207207207,15.315315315315313,77.47747747747748,72.07207207207207,5.405405405405405
E00029837,152,33,10,23,119,112,7,21.710526315789476,6.578947368421052,15.131578947368421,78.28947368421053,73.68421052631578,4.605263157894736
E00029838,174,45,13,32,129,117,12,25.862068965517242,7.471264367816093,18.39080459770115,74.13793103448276,67.24137931034483,6.896551724137931
E00029839,156,51,18,33,105,100,5,32.69230769230769,11.538461538461538,21.153846153846153,67.3076923076923,64.1025641025641,3.205128205128205
E00029840,140,43,13,30,97,84,13,30.714285714285715,9.285714285714286,21.428571428571427,69.28571428571428,60,9.285714285714286
E00029841,174,44,16,28,130,117,13,25.287356321839084,9.195402298850574,16.091954022988507,74.71264367816092,67.24137931034483,7.471264367816093
E00029842,120,41,10,31,79,69,10,34.166666666666664,8.333333333333332,25.833333333333336,65.83333333333333,57.49999999999999,8.333333333333332
E00029843,146,37,9,28,109,96,13,25.34246575342466,6.164383561643835,19.17808219178082,74.65753424657534,65.75342465753424,8.904109589041095
E00029844,154,39,12,27,115,107,8,25.324675324675322,7.792207792207792,17.532467532467532,74.67532467532467,69.48051948051948,5.194805194805195
E00029845,153,41,11,30,112,102,10,26.797385620915033,7.18954248366013,19.607843137254903,73.20261437908496,66.66666666666666,6.535947712418301
E00029846,159,37,8,29,122,109,13,23.270440251572328,5.031446540880504,18.238993710691823,76.72955974842768,68.55345911949685,8.176100628930817
E00029847,170,44,13,31,126,111,15,25.882352941176475,7.647058823529412,18.235294117647058,74.11764705882354,65.29411764705883,8.823529411764707
E00029848,160,41,8,33,119,107,12,25.624999999999996,5,20.625,74.375,66.875,7.5
E00029849,140,40,13,27,100,91,9,28.57142857142857,9.285714285714286,19.28571428571429,71.42857142857143,65,6.428571428571428
E00029850,125,38,7,31,87,81,6,30.4,5.6000000000000005,24.8,69.6,64.8,4.8
E00029851,146,42,10,32,104,95,9,28.767123287671232,6.8493150684931505,21.91780821917808,71.23287671232876,65.06849315068493,6.164383561643835
E00029852,156,40,16,24,116,107,9,25.64102564102564,10.256410256410255,15.384615384615385,74.35897435897436,68.58974358974359,5.769230769230769
E00029853,119,38,9,29,81,75,6,31.932773109243694,7.563025210084033,24.369747899159663,68.0672268907563,63.02521008403361,5.042016806722689
E00029854,135,38,12,26,97,87,10,28.14814814814815,8.88888888888889,19.25925925925926,71.85185185185186,64.44444444444444,7.4074074074074066
E00029855,131,36,7,29,95,89,6,27.480916030534353,5.343511450381679,22.137404580152673,72.51908396946564,67.93893129770993,4.580152671755725
E00029856,101,28,9,19,73,66,7,27.722772277227726,8.91089108910891,18.81188118811881,72.27722772277228,65.34653465346535,6.9306930693069315
E00029857,123,45,13,32,78,72,6,36.58536585365854,10.569105691056912,26.01626016260163,63.41463414634146,58.536585365853654,4.878048780487805
E00029858,230,64,18,46,166,154,12,27.82608695652174,7.82608695652174,20,72.17391304347827,66.95652173913044,5.217391304347826
E00029859,178,42,12,30,136,119,17,23.595505617977526,6.741573033707865,16.853932584269664,76.40449438202246,66.85393258426966,9.550561797752808
E00029860,149,43,11,32,106,94,12,28.859060402684566,7.38255033557047,21.476510067114095,71.14093959731544,63.08724832214765,8.053691275167784
E00029861,94,21,4,17,73,63,10,22.340425531914892,4.25531914893617,18.085106382978726,77.6595744680851,67.02127659574468,10.638297872340425
E00029862,97,31,10,21,66,60,6,31.958762886597935,10.309278350515463,21.649484536082475,68.04123711340206,61.855670103092784,6.185567010309279
E00029863,124,31,15,16,93,78,15,25,12.096774193548388,12.903225806451612,75,62.903225806451616,12.096774193548388
E00029864,142,42,13,29,100,80,20,29.577464788732392,9.15492957746479,20.422535211267608,70.4225352112676,56.33802816901409,14.084507042253522
E00029865,108,38,11,27,70,61,9,35.18518518518518,10.185185185185185,25,64.81481481481481,56.481481481481474,8.333333333333332
E00029866,118,41,13,28,77,68,9,34.74576271186441,11.016949152542372,23.728813559322035,65.2542372881356,57.6271186440678,7.627118644067797
E00029867,113,29,6,23,84,78,6,25.663716814159294,5.3097345132743365,20.353982300884958,74.33628318584071,69.02654867256636,5.3097345132743365
E00029868,129,39,13,26,90,82,8,30.23255813953488,10.077519379844961,20.155038759689923,69.76744186046511,63.565891472868216,6.2015503875969
E00029869,126,32,8,24,94,84,10,25.396825396825395,6.349206349206349,19.047619047619047,74.60317460317461,66.66666666666666,7.936507936507936
E00029870,86,27,6,21,59,49,10,31.3953488372093,6.976744186046512,24.418604651162788,68.6046511627907,56.97674418604651,11.627906976744185
E00029871,163,31,9,22,132,117,15,19.018404907975462,5.521472392638037,13.496932515337424,80.98159509202453,71.77914110429448,9.202453987730062
E00029872,113,26,12,14,87,70,17,23.008849557522122,10.619469026548673,12.389380530973451,76.99115044247787,61.94690265486725,15.04424778761062
E00029873,173,56,22,34,117,98,19,32.369942196531795,12.716763005780345,19.653179190751445,67.63005780346822,56.64739884393064,10.982658959537572
E00029874,104,24,9,15,80,66,14,23.076923076923077,8.653846153846153,14.423076923076922,76.92307692307693,63.46153846153846,13.461538461538462
E00029875,107,36,14,22,71,56,15,33.64485981308411,13.084112149532709,20.5607476635514,66.35514018691589,52.336448598130836,14.018691588785046
E00029876,138,37,11,26,101,92,9,26.811594202898554,7.971014492753622,18.84057971014493,73.18840579710145,66.66666666666666,6.521739130434782
E00029877,116,35,10,25,81,72,9,30.17241379310345,8.620689655172415,21.551724137931032,69.82758620689656,62.06896551724138,7.758620689655173
E00029878,164,47,18,29,117,96,21,28.65853658536585,10.975609756097562,17.682926829268293,71.34146341463415,58.536585365853654,12.804878048780488
E00029879,161,48,20,28,113,90,23,29.81366459627329,12.422360248447205,17.391304347826086,70.1863354037267,55.90062111801242,14.285714285714285
E00029880,122,42,9,33,80,69,11,34.42622950819672,7.377049180327869,27.049180327868854,65.57377049180327,56.557377049180324,9.01639344262295
E00029881,89,28,13,15,61,49,12,31.46067415730337,14.606741573033707,16.853932584269664,68.53932584269663,55.0561797752809,13.48314606741573
E00029882,156,40,14,26,116,104,12,25.64102564102564,8.974358974358974,16.666666666666664,74.35897435897436,66.66666666666666,7.6923076923076925
E00029883,160,45,18,27,115,100,15,28.125,11.25,16.875,71.875,62.5,9.375
E00029884,124,36,10,26,88,78,10,29.03225806451613,8.064516129032258,20.967741935483872,70.96774193548387,62.903225806451616,8.064516129032258
E00029885,124,34,10,24,90,74,16,27.419354838709676,8.064516129032258,19.35483870967742,72.58064516129032,59.67741935483871,12.903225806451612
E00029886,124,33,11,22,91,78,13,26.61290322580645,8.870967741935484,17.741935483870968,73.38709677419355,62.903225806451616,10.483870967741936
E00029887,69,36,5,31,33,30,3,52.17391304347826,7.246376811594203,44.927536231884055,47.82608695652174,43.47826086956522,4.3478260869565215
E00029888,85,24,11,13,61,57,4,28.235294117647058,12.941176470588237,15.294117647058824,71.76470588235294,67.05882352941175,4.705882352941177
E00029889,142,37,5,32,105,92,13,26.056338028169012,3.5211267605633805,22.535211267605636,73.94366197183099,64.7887323943662,9.15492957746479
E00029890,162,49,14,35,113,95,18,30.246913580246915,8.641975308641975,21.604938271604937,69.75308641975309,58.64197530864198,11.11111111111111
E00029891,166,44,18,26,122,96,26,26.506024096385545,10.843373493975903,15.66265060240964,73.49397590361446,57.831325301204814,15.66265060240964
E00029892,141,33,13,20,108,91,17,23.404255319148938,9.219858156028367,14.184397163120568,76.59574468085107,64.53900709219859,12.056737588652481
E00029893,164,53,13,40,111,95,16,32.31707317073171,7.926829268292683,24.390243902439025,67.6829268292683,57.92682926829268,9.75609756097561
E00029894,120,33,11,22,87,76,11,27.500000000000004,9.166666666666666,18.333333333333332,72.5,63.33333333333333,9.166666666666666
E00029895,123,41,12,29,82,71,11,33.33333333333333,9.75609756097561,23.577235772357724,66.66666666666666,57.72357723577236,8.94308943089431
E00029896,146,44,18,26,102,87,15,30.136986301369863,12.32876712328767,17.80821917808219,69.86301369863014,59.589041095890416,10.273972602739725
E00029897,134,38,11,27,96,83,13,28.35820895522388,8.208955223880597,20.149253731343283,71.64179104477611,61.940298507462686,9.701492537313433
E00029898,160,46,10,36,114,96,18,28.749999999999996,6.25,22.5,71.25,60,11.25
E00029899,126,44,17,27,82,70,12,34.92063492063492,13.492063492063492,21.428571428571427,65.07936507936508,55.55555555555556,9.523809523809524
E00029900,134,34,10,24,100,82,18,25.37313432835821,7.462686567164178,17.91044776119403,74.6268656716418,61.19402985074627,13.432835820895523
E00029901,111,25,11,14,86,75,11,22.52252252252252,9.90990990990991,12.612612612612612,77.47747747747748,67.56756756756756,9.90990990990991
E00029902,128,50,13,37,78,71,7,39.0625,10.15625,28.90625,60.9375,55.46875,5.46875
E00029903,113,35,10,25,78,72,6,30.973451327433626,8.849557522123893,22.123893805309734,69.02654867256636,63.716814159292035,5.3097345132743365
E00029904,106,27,8,19,79,70,9,25.471698113207548,7.547169811320755,17.92452830188679,74.52830188679245,66.0377358490566,8.49056603773585
E00029905,137,35,13,22,102,91,11,25.547445255474454,9.48905109489051,16.05839416058394,74.45255474452554,66.42335766423358,8.02919708029197
E00029906,89,35,16,19,54,48,6,39.325842696629216,17.97752808988764,21.34831460674157,60.67415730337079,53.93258426966292,6.741573033707865
E00029907,127,44,8,36,83,78,5,34.645669291338585,6.299212598425196,28.346456692913385,65.35433070866141,61.417322834645674,3.937007874015748
E00029908,147,46,18,28,101,89,12,31.292517006802722,12.244897959183673,19.047619047619047,68.70748299319727,60.544217687074834,8.16326530612245
E00029909,166,52,17,35,114,94,20,31.32530120481928,10.240963855421686,21.084337349397593,68.67469879518072,56.62650602409639,12.048192771084338
E00029910,135,44,15,29,91,81,10,32.592592592592595,11.11111111111111,21.48148148148148,67.4074074074074,60,7.4074074074074066
E00029911,97,51,18,33,46,41,5,52.57731958762887,18.556701030927837,34.02061855670103,47.42268041237113,42.2680412371134,5.154639175257731
E00029912,150,43,19,24,107,82,25,28.666666666666668,12.666666666666668,16,71.33333333333334,54.666666666666664,16.666666666666664
E00029913,129,42,17,25,87,75,12,32.55813953488372,13.178294573643413,19.379844961240313,67.44186046511628,58.139534883720934,9.30232558139535
E00029914,140,52,20,32,88,80,8,37.142857142857146,14.285714285714285,22.857142857142858,62.857142857142854,57.14285714285714,5.714285714285714
E00029915,137,30,5,25,107,98,9,21.897810218978105,3.64963503649635,18.248175182481752,78.1021897810219,71.53284671532847,6.569343065693431
E00029916,119,33,11,22,86,75,11,27.73109243697479,9.243697478991598,18.487394957983195,72.26890756302521,63.02521008403361,9.243697478991598
E00029917,101,30,14,16,71,65,6,29.7029702970297,13.861386138613863,15.841584158415841,70.29702970297029,64.35643564356435,5.9405940594059405
E00029918,123,42,10,32,81,71,10,34.146341463414636,8.130081300813007,26.01626016260163,65.85365853658537,57.72357723577236,8.130081300813007
E00029919,170,42,12,30,128,106,22,24.705882352941178,7.0588235294117645,17.647058823529413,75.29411764705883,62.35294117647059,12.941176470588237
E00029920,97,33,9,24,64,57,7,34.02061855670103,9.278350515463918,24.742268041237114,65.97938144329896,58.76288659793815,7.216494845360824
E00029921,99,31,14,17,68,55,13,31.313131313131315,14.14141414141414,17.17171717171717,68.68686868686868,55.55555555555556,13.131313131313133
E00029922,205,50,17,33,155,129,26,24.390243902439025,8.292682926829269,16.097560975609756,75.60975609756098,62.926829268292686,12.682926829268293
E00029923,228,60,24,36,168,119,49,26.31578947368421,10.526315789473683,15.789473684210526,73.68421052631578,52.19298245614035,21.49122807017544
E00029924,194,48,17,31,146,118,28,24.742268041237114,8.762886597938143,15.979381443298967,75.25773195876289,60.824742268041234,14.432989690721648
E00029925,147,35,6,29,112,92,20,23.809523809523807,4.081632653061225,19.727891156462583,76.19047619047619,62.585034013605444,13.60544217687075
E00029926,96,30,10,20,66,58,8,31.25,10.416666666666668,20.833333333333336,68.75,60.416666666666664,8.333333333333332
E00029927,117,39,12,27,78,71,7,33.33333333333333,10.256410256410255,23.076923076923077,66.66666666666666,60.68376068376068,5.982905982905983
E00029928,76,24,11,13,52,46,6,31.57894736842105,14.473684210526317,17.105263157894736,68.42105263157895,60.526315789473685,7.894736842105263
E00029929,94,34,6,28,60,50,10,36.17021276595745,6.382978723404255,29.78723404255319,63.829787234042556,53.191489361702125,10.638297872340425
E00029930,137,46,13,33,91,79,12,33.57664233576642,9.48905109489051,24.087591240875913,66.42335766423358,57.66423357664233,8.75912408759124
E00029931,68,19,7,12,49,49,0,27.941176470588236,10.294117647058822,17.647058823529413,72.05882352941177,72.05882352941177,0
E00029932,108,40,20,20,68,56,12,37.03703703703704,18.51851851851852,18.51851851851852,62.96296296296296,51.85185185185185,11.11111111111111
E00029933,149,39,19,20,110,87,23,26.174496644295303,12.751677852348994,13.422818791946309,73.8255033557047,58.38926174496645,15.436241610738255
E00029934,126,42,15,27,84,70,14,33.33333333333333,11.904761904761903,21.428571428571427,66.66666666666666,55.55555555555556,11.11111111111111
E00029935,85,27,8,19,58,58,0,31.76470588235294,9.411764705882353,22.35294117647059,68.23529411764706,68.23529411764706,0
E00029936,115,46,20,26,69,57,12,40,17.391304347826086,22.608695652173914,60,49.56521739130435,10.434782608695652
E00029937,133,43,18,25,90,70,20,32.33082706766917,13.533834586466165,18.796992481203006,67.66917293233082,52.63157894736842,15.037593984962406
E00029938,167,62,23,39,105,83,22,37.12574850299401,13.77245508982036,23.353293413173652,62.874251497005986,49.700598802395206,13.17365269461078
E00029939,114,33,15,18,81,65,16,28.947368421052634,13.157894736842104,15.789473684210526,71.05263157894737,57.01754385964912,14.035087719298245
E00029940,138,50,18,32,88,75,13,36.231884057971016,13.043478260869565,23.18840579710145,63.76811594202898,54.347826086956516,9.420289855072465
E00029941,111,38,16,22,73,61,12,34.234234234234236,14.414414414414415,19.81981981981982,65.76576576576578,54.95495495495496,10.81081081081081
E00029942,130,39,11,28,91,81,10,30,8.461538461538462,21.53846153846154,70,62.30769230769231,7.6923076923076925
E00029943,116,36,12,24,80,68,12,31.03448275862069,10.344827586206897,20.689655172413794,68.96551724137932,58.620689655172406,10.344827586206897
E00029944,126,50,16,34,76,68,8,39.682539682539684,12.698412698412698,26.984126984126984,60.317460317460316,53.96825396825397,6.349206349206349
E00029945,129,41,14,27,88,79,9,31.782945736434108,10.852713178294573,20.930232558139537,68.21705426356588,61.240310077519375,6.976744186046512
E00029946,68,22,7,15,46,42,4,32.35294117647059,10.294117647058822,22.058823529411764,67.64705882352942,61.76470588235294,5.88235294117647
E00029947,107,44,18,26,63,48,15,41.1214953271028,16.822429906542055,24.299065420560748,58.87850467289719,44.85981308411215,14.018691588785046
E00029948,137,51,15,36,86,74,12,37.22627737226277,10.948905109489052,26.277372262773724,62.77372262773723,54.01459854014598,8.75912408759124
E00029949,111,28,14,14,83,76,7,25.225225225225223,12.612612612612612,12.612612612612612,74.77477477477478,68.46846846846847,6.306306306306306
E00029950,88,17,3,14,71,62,9,19.318181818181817,3.4090909090909087,15.909090909090908,80.68181818181817,70.45454545454545,10.227272727272728
E00029951,170,39,12,27,131,116,15,22.941176470588236,7.0588235294117645,15.88235294117647,77.05882352941177,68.23529411764706,8.823529411764707
E00029952,122,34,11,23,88,77,11,27.86885245901639,9.01639344262295,18.852459016393443,72.1311475409836,63.114754098360656,9.01639344262295
E00029953,142,42,9,33,100,94,6,29.577464788732392,6.338028169014084,23.239436619718308,70.4225352112676,66.19718309859155,4.225352112676056
E00029954,119,47,15,32,72,65,7,39.49579831932773,12.605042016806722,26.89075630252101,60.50420168067227,54.621848739495796,5.88235294117647
E00029955,129,42,12,30,87,76,11,32.55813953488372,9.30232558139535,23.25581395348837,67.44186046511628,58.91472868217055,8.527131782945736
E00029956,161,33,9,24,128,118,10,20.496894409937887,5.590062111801243,14.906832298136646,79.5031055900621,73.29192546583852,6.211180124223603
E00029957,134,41,10,31,93,82,11,30.597014925373134,7.462686567164178,23.134328358208954,69.40298507462687,61.19402985074627,8.208955223880597
E00029958,87,28,10,18,59,50,9,32.18390804597701,11.494252873563218,20.689655172413794,67.81609195402298,57.47126436781609,10.344827586206897
E00029959,141,38,14,24,103,91,12,26.95035460992908,9.929078014184398,17.02127659574468,73.04964539007092,64.53900709219859,8.51063829787234
E00029960,106,40,18,22,66,59,7,37.735849056603776,16.9811320754717,20.754716981132077,62.264150943396224,55.660377358490564,6.60377358490566
E00029961,135,38,7,31,97,85,12,28.14814814814815,5.185185185185185,22.962962962962962,71.85185185185186,62.96296296296296,8.88888888888889
E00029962,136,24,8,16,112,94,18,17.647058823529413,5.88235294117647,11.76470588235294,82.35294117647058,69.11764705882352,13.23529411764706
E00029963,134,36,15,21,98,88,10,26.865671641791046,11.194029850746269,15.671641791044777,73.13432835820896,65.67164179104478,7.462686567164178
E00029964,68,20,7,13,48,44,4,29.411764705882355,10.294117647058822,19.11764705882353,70.58823529411765,64.70588235294117,5.88235294117647
E00029965,124,30,5,25,94,83,11,24.193548387096776,4.032258064516129,20.161290322580644,75.80645161290323,66.93548387096774,8.870967741935484
E00029966,150,56,18,38,94,89,5,37.333333333333336,12,25.333333333333336,62.66666666666667,59.333333333333336,3.3333333333333335
E00029967,90,38,11,27,52,48,4,42.22222222222222,12.222222222222221,30,57.77777777777777,53.333333333333336,4.444444444444445
E00029968,139,29,8,21,110,105,5,20.863309352517987,5.755395683453238,15.107913669064748,79.13669064748201,75.53956834532374,3.5971223021582732
E00029969,61,21,7,14,40,34,6,34.42622950819672,11.475409836065573,22.950819672131146,65.57377049180327,55.73770491803278,9.836065573770492
E00029970,81,17,3,14,64,59,5,20.98765432098765,3.7037037037037033,17.28395061728395,79.01234567901234,72.8395061728395,6.172839506172839
E00029971,102,25,6,19,77,73,4,24.509803921568626,5.88235294117647,18.627450980392158,75.49019607843137,71.56862745098039,3.9215686274509802
E00029972,158,43,15,28,115,104,11,27.21518987341772,9.49367088607595,17.72151898734177,72.78481012658227,65.82278481012658,6.962025316455696
E00029973,38,14,6,8,24,21,3,36.84210526315789,15.789473684210526,21.052631578947366,63.1578947368421,55.26315789473685,7.894736842105263
E00029974,101,27,7,20,74,64,10,26.732673267326735,6.9306930693069315,19.801980198019802,73.26732673267327,63.366336633663366,9.900990099009901
E00029975,42,10,5,5,32,32,0,23.809523809523807,11.904761904761903,11.904761904761903,76.19047619047619,76.19047619047619,0
E00029976,176,43,16,27,133,122,11,24.431818181818183,9.090909090909092,15.340909090909092,75.56818181818183,69.31818181818183,6.25
E00029977,105,36,10,26,69,60,9,34.285714285714285,9.523809523809524,24.761904761904763,65.71428571428571,57.14285714285714,8.571428571428571
E00029978,194,52,15,37,142,128,14,26.804123711340207,7.731958762886598,19.072164948453608,73.19587628865979,65.97938144329896,7.216494845360824
E00029979,129,36,9,27,93,85,8,27.906976744186046,6.976744186046512,20.930232558139537,72.09302325581395,65.89147286821705,6.2015503875969
E00029980,167,58,16,42,109,97,12,34.73053892215569,9.580838323353294,25.149700598802394,65.26946107784431,58.08383233532935,7.18562874251497
E00029981,115,29,12,17,86,79,7,25.217391304347824,10.434782608695652,14.782608695652174,74.78260869565217,68.69565217391305,6.086956521739131
E00029982,169,46,12,34,123,109,14,27.218934911242602,7.100591715976331,20.118343195266274,72.7810650887574,64.49704142011834,8.284023668639055
E00029983,161,35,17,18,126,120,6,21.73913043478261,10.559006211180124,11.180124223602485,78.26086956521739,74.53416149068323,3.7267080745341614
E00029984,169,47,13,34,122,100,22,27.810650887573964,7.6923076923076925,20.118343195266274,72.18934911242604,59.171597633136095,13.017751479289942
E00029985,114,37,11,26,77,71,6,32.45614035087719,9.649122807017543,22.807017543859647,67.54385964912281,62.28070175438597,5.263157894736842
E00029986,95,20,5,15,75,65,10,21.052631578947366,5.263157894736842,15.789473684210526,78.94736842105263,68.42105263157895,10.526315789473683
E00029987,174,38,8,30,136,119,17,21.839080459770116,4.597701149425287,17.24137931034483,78.16091954022988,68.39080459770115,9.770114942528735
E00029988,175,47,11,36,128,115,13,26.857142857142858,6.2857142857142865,20.57142857142857,73.14285714285714,65.71428571428571,7.428571428571429
E00029989,188,40,11,29,148,136,12,21.27659574468085,5.851063829787234,15.425531914893616,78.72340425531915,72.3404255319149,6.382978723404255
E00029990,159,39,12,27,120,111,9,24.528301886792452,7.547169811320755,16.9811320754717,75.47169811320755,69.81132075471697,5.660377358490567
E00029991,147,43,15,28,104,89,15,29.25170068027211,10.204081632653061,19.047619047619047,70.74829931972789,60.544217687074834,10.204081632653061
E00029992,166,36,7,29,130,118,12,21.686746987951807,4.216867469879518,17.46987951807229,78.3132530120482,71.08433734939759,7.228915662650602
E00029993,135,40,12,28,95,82,13,29.629629629629626,8.88888888888889,20.74074074074074,70.37037037037037,60.74074074074074,9.62962962962963
E00029994,144,49,17,32,95,76,19,34.02777777777778,11.805555555555555,22.22222222222222,65.97222222222221,52.77777777777778,13.194444444444445
E00029995,132,36,12,24,96,84,12,27.27272727272727,9.090909090909092,18.181818181818183,72.72727272727273,63.63636363636363,9.090909090909092
E00029996,160,35,7,28,125,109,16,21.875,4.375,17.5,78.125,68.125,10
E00029997,137,25,9,16,112,104,8,18.248175182481752,6.569343065693431,11.678832116788321,81.75182481751825,75.91240875912408,5.839416058394161
E00029998,150,34,8,26,116,105,11,22.666666666666664,5.333333333333334,17.333333333333336,77.33333333333333,70,7.333333333333333
E00029999,92,26,1,25,66,58,8,28.26086956521739,1.0869565217391304,27.173913043478258,71.73913043478261,63.04347826086957,8.695652173913043
E00030000,160,45,20,25,115,94,21,28.125,12.5,15.625,71.875,58.75,13.125
E00030001,145,54,25,29,91,64,27,37.24137931034483,17.24137931034483,20,62.758620689655174,44.13793103448276,18.620689655172416
E00030002,167,48,15,33,119,108,11,28.74251497005988,8.982035928143713,19.760479041916167,71.25748502994011,64.67065868263472,6.58682634730539
E00030003,109,38,17,21,71,52,19,34.862385321100916,15.59633027522936,19.26605504587156,65.13761467889908,47.706422018348626,17.431192660550458
E00030004,130,48,17,31,82,53,29,36.92307692307693,13.076923076923078,23.846153846153847,63.07692307692307,40.76923076923077,22.30769230769231
E00030005,114,40,15,25,74,63,11,35.08771929824561,13.157894736842104,21.929824561403507,64.91228070175438,55.26315789473685,9.649122807017543
E00030006,185,65,29,36,120,92,28,35.13513513513514,15.675675675675677,19.45945945945946,64.86486486486487,49.72972972972973,15.135135135135137
E00030007,135,34,9,25,101,83,18,25.185185185185183,6.666666666666667,18.51851851851852,74.81481481481481,61.48148148148148,13.333333333333334
E00030008,132,31,13,18,101,77,24,23.484848484848484,9.848484848484848,13.636363636363635,76.51515151515152,58.333333333333336,18.181818181818183
E00030009,166,53,28,25,113,78,35,31.92771084337349,16.867469879518072,15.060240963855422,68.07228915662651,46.98795180722892,21.084337349397593
E00030011,245,93,36,57,152,92,60,37.95918367346939,14.69387755102041,23.26530612244898,62.04081632653061,37.55102040816327,24.489795918367346
E00030012,171,55,21,34,116,96,20,32.16374269005848,12.280701754385964,19.883040935672515,67.83625730994152,56.14035087719298,11.695906432748536
E00030013,132,37,14,23,95,77,18,28.030303030303028,10.606060606060606,17.424242424242426,71.96969696969697,58.333333333333336,13.636363636363635
E00030014,162,42,11,31,120,105,15,25.925925925925924,6.790123456790123,19.1358024691358,74.07407407407408,64.81481481481481,9.25925925925926
E00030015,135,39,13,26,96,89,7,28.888888888888886,9.62962962962963,19.25925925925926,71.11111111111111,65.92592592592592,5.185185185185185
E00030016,128,41,12,29,87,82,5,32.03125,9.375,22.65625,67.96875,64.0625,3.90625
E00030017,141,35,9,26,106,85,21,24.822695035460992,6.382978723404255,18.439716312056735,75.177304964539,60.28368794326241,14.893617021276595
E00030018,140,39,11,28,101,88,13,27.857142857142858,7.857142857142857,20,72.14285714285714,62.857142857142854,9.285714285714286
E00030019,186,47,14,33,139,118,21,25.268817204301076,7.526881720430108,17.741935483870968,74.73118279569893,63.44086021505376,11.29032258064516
E00030020,171,44,13,31,127,102,25,25.730994152046783,7.602339181286549,18.128654970760234,74.26900584795322,59.64912280701754,14.619883040935672
E00030021,81,29,8,21,52,45,7,35.80246913580247,9.876543209876543,25.925925925925924,64.19753086419753,55.55555555555556,8.641975308641975
E00030022,155,53,25,28,102,82,20,34.193548387096776,16.129032258064516,18.064516129032256,65.80645161290323,52.903225806451616,12.903225806451612
E00030023,170,52,24,28,118,91,27,30.58823529411765,14.117647058823529,16.470588235294116,69.41176470588235,53.529411764705884,15.88235294117647
E00030024,154,51,21,30,103,82,21,33.116883116883116,13.636363636363635,19.480519480519483,66.88311688311688,53.246753246753244,13.636363636363635
E00030025,90,22,12,10,68,57,11,24.444444444444443,13.333333333333334,11.11111111111111,75.55555555555556,63.33333333333333,12.222222222222221
E00030026,172,54,21,33,118,81,37,31.3953488372093,12.209302325581394,19.186046511627907,68.6046511627907,47.093023255813954,21.511627906976745
E00030027,109,41,16,25,68,51,17,37.61467889908257,14.678899082568808,22.93577981651376,62.38532110091744,46.788990825688074,15.59633027522936
E00030028,98,34,15,19,64,57,7,34.69387755102041,15.306122448979592,19.387755102040817,65.3061224489796,58.16326530612245,7.142857142857142
E00030029,129,33,19,14,96,72,24,25.581395348837212,14.728682170542637,10.852713178294573,74.4186046511628,55.81395348837209,18.6046511627907
E00030030,76,24,6,18,52,41,11,31.57894736842105,7.894736842105263,23.684210526315788,68.42105263157895,53.94736842105263,14.473684210526317
E00030031,69,24,11,13,45,41,4,34.78260869565217,15.942028985507244,18.84057971014493,65.21739130434783,59.42028985507246,5.797101449275362
E00030032,143,42,17,25,101,78,23,29.37062937062937,11.888111888111888,17.482517482517483,70.62937062937063,54.54545454545454,16.083916083916083
E00030033,164,46,23,23,118,94,24,28.04878048780488,14.02439024390244,14.02439024390244,71.95121951219512,57.3170731707317,14.634146341463413
E00030034,109,33,13,20,76,56,20,30.275229357798167,11.926605504587156,18.34862385321101,69.72477064220183,51.37614678899083,18.34862385321101
E00030035,148,54,19,35,94,82,12,36.486486486486484,12.837837837837837,23.64864864864865,63.51351351351351,55.4054054054054,8.108108108108109
E00030036,97,24,4,20,73,63,10,24.742268041237114,4.123711340206185,20.618556701030926,75.25773195876289,64.94845360824742,10.309278350515463
E00030037,152,46,22,24,106,86,20,30.263157894736842,14.473684210526317,15.789473684210526,69.73684210526315,56.57894736842105,13.157894736842104
E00030038,118,36,12,24,82,69,13,30.508474576271187,10.16949152542373,20.33898305084746,69.49152542372882,58.47457627118644,11.016949152542372
E00030039,125,37,12,25,88,71,17,29.599999999999998,9.6,20,70.39999999999999,56.8,13.600000000000001
E00030040,141,49,19,30,92,65,27,34.751773049645394,13.47517730496454,21.27659574468085,65.24822695035462,46.09929078014184,19.148936170212767
E00030041,106,30,14,16,76,58,18,28.30188679245283,13.20754716981132,15.09433962264151,71.69811320754717,54.71698113207547,16.9811320754717
E00030042,183,59,26,33,124,95,29,32.240437158469945,14.207650273224044,18.0327868852459,67.75956284153006,51.91256830601093,15.846994535519126
E00030043,138,47,23,24,91,68,23,34.05797101449276,16.666666666666664,17.391304347826086,65.94202898550725,49.275362318840585,16.666666666666664
E00030044,151,41,16,25,110,98,12,27.1523178807947,10.596026490066226,16.55629139072848,72.84768211920529,64.90066225165563,7.9470198675496695
E00030045,91,24,7,17,67,50,17,26.373626373626376,7.6923076923076925,18.681318681318682,73.62637362637363,54.94505494505495,18.681318681318682
E00168628,127,35,10,25,92,83,9,27.559055118110237,7.874015748031496,19.68503937007874,72.44094488188976,65.35433070866141,7.086614173228346
E00168630,140,33,8,25,107,96,11,23.57142857142857,5.714285714285714,17.857142857142858,76.42857142857142,68.57142857142857,7.857142857142857
E00168631,165,32,10,22,133,119,14,19.393939393939394,6.0606060606060606,13.333333333333334,80.60606060606061,72.12121212121212,8.484848484848486
E00177694,237,35,14,21,202,187,15,14.767932489451477,5.9071729957805905,8.860759493670885,85.23206751054853,78.90295358649789,6.329113924050633
E00177695,238,60,18,42,178,146,32,25.210084033613445,7.563025210084033,17.647058823529413,74.78991596638656,61.34453781512605,13.445378151260504
E00177697,149,41,4,37,108,94,14,27.516778523489933,2.684563758389262,24.832214765100673,72.48322147651007,63.08724832214765,9.395973154362416
E00177702,223,34,6,28,189,172,17,15.246636771300448,2.690582959641256,12.556053811659194,84.75336322869956,77.13004484304933,7.623318385650224
E00177705,68,15,7,8,53,48,5,22.058823529411764,10.294117647058822,11.76470588235294,77.94117647058823,70.58823529411765,7.352941176470589
E00177707,94,44,19,25,50,48,2,46.808510638297875,20.212765957446805,26.595744680851062,53.191489361702125,51.06382978723404,2.127659574468085
E00177709,168,47,13,34,121,109,12,27.976190476190478,7.738095238095238,20.238095238095237,72.02380952380952,64.88095238095238,7.142857142857142
E00177711,301,61,18,43,240,213,27,20.26578073089701,5.980066445182724,14.285714285714285,79.734219269103,70.7641196013289,8.970099667774086
E00177714,100,31,14,17,69,59,10,31,14.000000000000002,17,69,59,10
E00177715,85,19,6,13,66,59,7,22.35294117647059,7.0588235294117645,15.294117647058824,77.64705882352942,69.41176470588235,8.235294117647058
E00177716,222,53,22,31,169,138,31,23.873873873873876,9.90990990990991,13.963963963963963,76.12612612612612,62.16216216216216,13.963963963963963
E00177718,74,24,8,16,50,40,10,32.432432432432435,10.81081081081081,21.62162162162162,67.56756756756756,54.054054054054056,13.513513513513514
E00177720,73,15,5,10,58,53,5,20.54794520547945,6.8493150684931505,13.698630136986301,79.45205479452055,72.6027397260274,6.8493150684931505
E00177722,53,19,7,12,34,32,2,35.84905660377358,13.20754716981132,22.641509433962266,64.15094339622641,60.37735849056604,3.7735849056603774
E00177723,305,34,11,23,271,238,33,11.147540983606557,3.606557377049181,7.540983606557377,88.85245901639345,78.0327868852459,10.819672131147541
E00177725,201,34,14,20,167,155,12,16.91542288557214,6.965174129353234,9.950248756218906,83.08457711442786,77.11442786069652,5.970149253731343
E00177726,123,20,8,12,103,94,9,16.260162601626014,6.504065040650407,9.75609756097561,83.73983739837398,76.42276422764228,7.317073170731707
E00177730,340,48,8,40,292,255,37,14.117647058823529,2.3529411764705883,11.76470588235294,85.88235294117646,75,10.882352941176471
E00177731,149,46,17,29,103,84,19,30.87248322147651,11.409395973154362,19.463087248322147,69.12751677852349,56.375838926174495,12.751677852348994
E00177732,135,22,5,17,113,101,12,16.296296296296298,3.7037037037037033,12.592592592592592,83.7037037037037,74.81481481481481,8.88888888888889
E00177733,74,19,6,13,55,49,6,25.675675675675674,8.108108108108109,17.56756756756757,74.32432432432432,66.21621621621621,8.108108108108109
E00177736,156,45,20,25,111,92,19,28.846153846153843,12.82051282051282,16.025641025641026,71.15384615384616,58.97435897435898,12.179487179487179
E00177738,237,47,24,23,190,159,31,19.831223628691983,10.126582278481013,9.70464135021097,80.16877637130801,67.08860759493672,13.080168776371309
E00177739,107,37,19,18,70,56,14,34.57943925233645,17.75700934579439,16.822429906542055,65.42056074766354,52.336448598130836,13.084112149532709
E00177741,223,34,14,20,189,159,30,15.246636771300448,6.278026905829597,8.968609865470851,84.75336322869956,71.30044843049326,13.452914798206278
E00177743,64,23,11,12,41,36,5,35.9375,17.1875,18.75,64.0625,56.25,7.8125
E00177747,208,22,9,13,186,163,23,10.576923076923077,4.326923076923077,6.25,89.42307692307693,78.36538461538461,11.057692307692307
E00177748,99,34,16,18,65,60,5,34.34343434343434,16.161616161616163,18.181818181818183,65.65656565656566,60.60606060606061,5.05050505050505
E00177750,309,87,31,56,222,184,38,28.155339805825243,10.032362459546926,18.12297734627832,71.84466019417476,59.54692556634305,12.297734627831716
