OA,ts0380001,ts0380002,ts0380003,ts0380004,ts0380005,ts0380006,ts0380007,ts0380002_PCT,ts0380003_PCT,ts0380004_PCT,ts0380005_PCT,ts0380006_PCT,ts0380007_PCT
E00029084,248,39,12,27,209,21,188,15.725806451612904,4.838709677419355,10.887096774193548,84.2741935483871,8.46774193548387,75.80645161290323
E00029085,373,105,50,55,268,19,249,28.150134048257375,13.404825737265416,14.745308310991955,71.84986595174263,5.093833780160858,66.75603217158177
E00029086,348,100,48,52,248,30,218,28.735632183908045,13.793103448275861,14.942528735632186,71.26436781609196,8.620689655172415,62.643678160919535
E00029087,364,96,43,53,268,26,242,26.373626373626376,11.813186813186812,14.560439560439562,73.62637362637363,7.142857142857142,66.48351648351648
E00029088,467,73,30,43,394,32,362,15.631691648822269,6.423982869379015,9.207708779443255,84.36830835117773,6.852248394004283,77.51605995717344
E00029089,312,57,19,38,255,27,228,18.269230769230766,6.089743589743589,12.179487179487179,81.73076923076923,8.653846153846153,73.07692307692307
E00029090,284,47,21,26,237,20,217,16.549295774647888,7.394366197183098,9.15492957746479,83.45070422535211,7.042253521126761,76.40845070422534
E00029091,291,55,25,30,236,33,203,18.900343642611684,8.59106529209622,10.309278350515463,81.09965635738831,11.34020618556701,69.7594501718213
E00029092,248,69,32,37,179,19,160,27.82258064516129,12.903225806451612,14.919354838709678,72.17741935483872,7.661290322580645,64.51612903225806
E00029093,572,176,107,69,396,28,368,30.76923076923077,18.706293706293707,12.062937062937063,69.23076923076923,4.895104895104895,64.33566433566433
E00029094,250,30,8,22,220,22,198,12,3.2,8.799999999999999,88,8.799999999999999,79.2
E00029095,268,40,11,29,228,19,209,14.925373134328357,4.104477611940299,10.820895522388058,85.07462686567165,7.08955223880597,77.98507462686567
E00029096,287,64,27,37,223,22,201,22.299651567944252,9.40766550522648,12.89198606271777,77.70034843205575,7.665505226480835,70.03484320557492
E00029097,300,55,26,29,245,28,217,18.333333333333332,8.666666666666668,9.666666666666666,81.66666666666667,9.333333333333334,72.33333333333334
E00029098,270,29,8,21,241,11,230,10.74074074074074,2.9629629629629632,7.777777777777778,89.25925925925927,4.074074074074074,85.18518518518519
E00029099,322,79,33,46,243,28,215,24.53416149068323,10.248447204968944,14.285714285714285,75.46583850931677,8.695652173913043,66.77018633540372
E00029100,221,95,54,41,126,17,109,42.98642533936652,24.43438914027149,18.552036199095024,57.01357466063348,7.6923076923076925,49.321266968325794
E00029101,267,47,20,27,220,21,199,17.60299625468165,7.490636704119851,10.112359550561797,82.39700374531836,7.865168539325842,74.53183520599251
E00029102,273,37,10,27,236,24,212,13.553113553113553,3.6630036630036633,9.89010989010989,86.44688644688645,8.791208791208792,77.65567765567766
E00029103,310,37,13,24,273,32,241,11.935483870967742,4.193548387096775,7.741935483870968,88.06451612903226,10.32258064516129,77.74193548387098
E00029104,255,32,14,18,223,24,199,12.549019607843137,5.490196078431373,7.0588235294117645,87.45098039215686,9.411764705882353,78.03921568627452
E00029105,314,41,16,25,273,36,237,13.05732484076433,5.095541401273886,7.961783439490445,86.94267515923568,11.464968152866243,75.47770700636943
E00029106,327,41,18,23,286,23,263,12.538226299694188,5.5045871559633035,7.033639143730887,87.46177370030581,7.033639143730887,80.42813455657493
E00029107,253,56,27,29,197,29,168,22.134387351778656,10.67193675889328,11.462450592885375,77.86561264822134,11.462450592885375,66.40316205533597
E00029108,276,40,14,26,236,25,211,14.492753623188406,5.072463768115942,9.420289855072465,85.5072463768116,9.057971014492754,76.44927536231883
E00029109,263,42,21,21,221,14,207,15.96958174904943,7.984790874524715,7.984790874524715,84.03041825095056,5.323193916349809,78.70722433460075
E00029110,154,79,46,33,75,16,59,51.298701298701296,29.87012987012987,21.428571428571427,48.701298701298704,10.38961038961039,38.311688311688314
E00029111,348,65,25,40,283,30,253,18.67816091954023,7.183908045977011,11.494252873563218,81.32183908045977,8.620689655172415,72.70114942528735
E00029112,267,52,28,24,215,16,199,19.475655430711612,10.486891385767791,8.98876404494382,80.52434456928839,5.992509363295881,74.53183520599251
E00029113,284,67,33,34,217,19,198,23.591549295774648,11.619718309859154,11.971830985915492,76.40845070422534,6.690140845070422,69.71830985915493
E00029114,291,52,24,28,239,24,215,17.869415807560138,8.24742268041237,9.621993127147768,82.13058419243985,8.24742268041237,73.8831615120275
E00029115,160,85,58,27,75,4,71,53.125,36.25,16.875,46.875,2.5,44.375
E00029116,272,46,21,25,226,24,202,16.911764705882355,7.720588235294118,9.191176470588236,83.08823529411765,8.823529411764707,74.26470588235294
E00029117,294,70,28,42,224,16,208,23.809523809523807,9.523809523809524,14.285714285714285,76.19047619047619,5.442176870748299,70.74829931972789
E00029118,374,48,19,29,326,30,296,12.834224598930483,5.080213903743315,7.754010695187167,87.16577540106952,8.0213903743315509,79.14438502673798
E00029119,251,40,16,24,211,25,186,15.936254980079681,6.374501992031872,9.56175298804781,84.06374501992032,9.9601593625498,74.10358565737052
E00029120,245,41,17,24,204,25,179,16.73469387755102,6.938775510204081,9.795918367346939,83.26530612244898,10.204081632653061,73.06122448979592
E00029121,215,57,25,32,158,16,142,26.51162790697674,11.627906976744185,14.883720930232558,73.48837209302326,7.441860465116279,66.04651162790698
E00029122,314,59,26,33,255,29,226,18.789808917197455,8.280254777070063,10.509554140127388,81.21019108280255,9.235668789808917,71.97452229299363
E00029123,293,53,21,32,240,20,220,18.088737201365188,7.167235494880546,10.921501706484642,81.91126279863481,6.825938566552901,75.0853242320819
E00029124,298,49,27,22,249,16,233,16.44295302013423,9.060402684563758,7.38255033557047,83.55704697986577,5.369127516778524,78.18791946308725
E00029125,305,40,10,30,265,30,235,13.114754098360656,3.278688524590164,9.836065573770492,86.88524590163934,9.836065573770492,77.04918032786885
E00029126,254,43,17,26,211,20,191,16.92913385826772,6.692913385826772,10.236220472440944,83.07086614173228,7.874015748031496,75.19685039370079
E00029127,270,41,16,25,229,20,209,15.185185185185185,5.9259259259259265,9.25925925925926,84.81481481481481,7.4074074074074066,77.4074074074074
E00029128,239,41,18,23,198,21,177,17.154811715481173,7.531380753138076,9.623430962343097,82.84518828451883,8.786610878661087,74.05857740585773
E00029129,279,49,21,28,230,28,202,17.562724014336915,7.526881720430108,10.03584229390681,82.43727598566308,10.03584229390681,72.40143369175627
E00029130,257,49,25,24,208,18,190,19.06614785992218,9.72762645914397,9.33852140077821,80.93385214007782,7.003891050583658,73.92996108949417
E00029131,258,49,25,24,209,15,194,18.992248062015506,9.689922480620156,9.30232558139535,81.0077519379845,5.813953488372093,75.1937984496124
E00029132,296,96,54,42,200,12,188,32.432432432432435,18.243243243243242,14.18918918918919,67.56756756756756,4.054054054054054,63.51351351351351
E00029133,236,37,10,27,199,14,185,15.677966101694915,4.23728813559322,11.440677966101696,84.32203389830508,5.932203389830509,78.38983050847457
E00029134,292,39,14,25,253,22,231,13.356164383561644,4.794520547945205,8.561643835616438,86.64383561643835,7.534246575342466,79.1095890410959
E00029135,520,103,45,58,417,27,390,19.807692307692307,8.653846153846153,11.153846153846155,80.1923076923077,5.1923076923076925,75
E00029136,337,140,90,50,197,16,181,41.54302670623146,26.706231454005934,14.836795252225517,58.45697329376854,4.747774480712167,53.70919881305638
E00029137,290,83,44,39,207,17,190,28.620689655172416,15.172413793103448,13.448275862068964,71.37931034482759,5.862068965517241,65.51724137931035
E00029138,345,101,51,50,244,16,228,29.275362318840582,14.782608695652174,14.492753623188406,70.72463768115942,4.63768115942029,66.08695652173913
E00029139,392,110,63,47,282,18,264,28.061224489795915,16.071428571428573,11.989795918367346,71.93877551020408,4.591836734693878,67.3469387755102
E00029140,289,52,26,26,237,12,225,17.99307958477509,8.996539792387544,8.996539792387544,82.00692041522491,4.1522491349480966,77.85467128027682
E00029141,296,54,23,31,242,17,225,18.243243243243242,7.77027027027027,10.472972972972974,81.75675675675676,5.743243243243244,76.01351351351352
E00029142,279,69,30,39,210,22,188,24.731182795698924,10.75268817204301,13.978494623655912,75.26881720430107,7.885304659498208,67.38351254480287
E00029143,244,56,25,31,188,11,177,22.950819672131146,10.245901639344263,12.704918032786885,77.04918032786885,4.508196721311475,72.54098360655738
E00029144,425,132,82,50,293,15,278,31.058823529411768,19.294117647058822,11.76470588235294,68.94117647058823,3.5294117647058822,65.41176470588236
E00029145,343,129,88,41,214,27,187,37.60932944606414,25.65597667638484,11.9533527696793,62.390670553935855,7.871720116618077,54.518950437317784
E00029146,211,96,51,45,115,9,106,45.497630331753555,24.170616113744074,21.32701421800948,54.502369668246445,4.265402843601896,50.23696682464455
E00029147,294,68,27,41,226,15,211,23.12925170068027,9.183673469387756,13.945578231292515,76.87074829931973,5.1020408163265305,71.7687074829932
E00029148,240,49,26,23,191,7,184,20.416666666666668,10.833333333333334,9.583333333333334,79.58333333333333,2.9166666666666665,76.66666666666667
E00029149,300,66,38,28,234,17,217,22,12.666666666666668,9.333333333333334,78,5.666666666666666,72.33333333333334
E00029150,336,120,73,47,216,11,205,35.714285714285715,21.726190476190478,13.988095238095239,64.28571428571429,3.273809523809524,61.011904761904766
E00029151,293,67,31,36,226,25,201,22.866894197952217,10.580204778156997,12.286689419795222,77.13310580204778,8.532423208191126,68.60068259385666
E00029153,259,46,21,25,213,19,194,17.760617760617762,8.108108108108109,9.652509652509652,82.23938223938224,7.335907335907336,74.9034749034749
E00029154,226,47,19,28,179,18,161,20.79646017699115,8.4070796460177,12.389380530973451,79.20353982300885,7.964601769911504,71.23893805309734
E00029155,290,49,23,26,241,17,224,16.896551724137932,7.931034482758621,8.96551724137931,83.10344827586206,5.862068965517241,77.24137931034483
E00029156,325,82,38,44,243,21,222,25.23076923076923,11.692307692307692,13.538461538461538,74.76923076923076,6.461538461538462,68.3076923076923
E00029157,221,86,49,37,135,14,121,38.91402714932127,22.171945701357465,16.7420814479638,61.085972850678736,6.334841628959276,54.75113122171946
E00029158,458,120,57,63,338,47,291,26.200873362445414,12.445414847161572,13.755458515283841,73.7991266375546,10.262008733624455,63.53711790393013
E00029159,321,93,43,50,228,24,204,28.971962616822427,13.395638629283487,15.57632398753894,71.02803738317756,7.476635514018691,63.55140186915887
E00029160,304,99,43,56,205,18,187,32.56578947368421,14.144736842105262,18.421052631578945,67.43421052631578,5.921052631578947,61.51315789473685
E00029161,310,117,56,61,193,17,176,37.74193548387097,18.064516129032256,19.67741935483871,62.25806451612903,5.483870967741936,56.774193548387096
E00029162,222,65,33,32,157,26,131,29.27927927927928,14.864864864864865,14.414414414414415,70.72072072072072,11.711711711711711,59.009009009009006
E00029163,334,153,76,77,181,11,170,45.808383233532936,22.75449101796407,23.053892215568865,54.191616766467064,3.293413173652695,50.898203592814376
E00029164,335,89,46,43,246,15,231,26.56716417910448,13.73134328358209,12.835820895522387,73.43283582089552,4.477611940298507,68.95522388059702
E00029165,331,92,45,47,239,4,235,27.794561933534744,13.595166163141995,14.19939577039275,72.20543806646525,1.2084592145015105,70.99697885196375
E00029167,282,81,35,46,201,17,184,28.723404255319153,12.411347517730496,16.312056737588655,71.27659574468085,6.028368794326241,65.24822695035462
E00029168,312,77,44,33,235,15,220,24.679487179487182,14.102564102564102,10.576923076923077,75.32051282051282,4.807692307692308,70.51282051282051
E00029169,299,84,41,43,215,22,193,28.093645484949832,13.712374581939798,14.381270903010032,71.90635451505017,7.357859531772576,64.54849498327759
E00029170,370,83,38,45,287,27,260,22.432432432432435,10.27027027027027,12.162162162162163,77.56756756756756,7.297297297297297,70.27027027027027
E00029171,249,108,68,40,141,22,119,43.373493975903614,27.309236947791167,16.06425702811245,56.62650602409639,8.835341365461847,47.791164658634536
E00029172,362,110,61,49,252,16,236,30.386740331491712,16.85082872928177,13.535911602209943,69.61325966850829,4.41988950276243,65.19337016574586
E00029173,299,73,31,42,226,12,214,24.414715719063544,10.367892976588628,14.046822742474916,75.58528428093646,4.013377926421405,71.57190635451505
E00029174,380,78,35,43,302,25,277,20.526315789473685,9.210526315789473,11.31578947368421,79.47368421052632,6.578947368421052,72.89473684210527
E00029175,527,120,43,77,407,29,378,22.770398481973434,8.159392789373813,14.61100569259962,77.22960151802657,5.502846299810247,71.72675521821633
E00029176,320,51,17,34,269,21,248,15.937499999999998,5.3125,10.625,84.0625,6.5625,77.5
E00029177,241,78,44,34,163,11,152,32.365145228215766,18.25726141078838,14.107883817427386,67.63485477178423,4.564315352697095,63.07053941908713
E00029178,209,64,35,29,145,10,135,30.62200956937799,16.74641148325359,13.875598086124402,69.377990430622,4.784688995215311,64.5933014354067
E00029179,316,45,16,29,271,44,227,14.240506329113925,5.063291139240507,9.177215189873419,85.75949367088607,13.924050632911392,71.83544303797468
E00029180,261,43,13,30,218,19,199,16.47509578544061,4.980842911877394,11.494252873563218,83.5249042145594,7.2796934865900385,76.24521072796935
E00029181,334,59,29,30,275,26,249,17.664670658682635,8.682634730538922,8.982035928143713,82.33532934131736,7.784431137724551,74.55089820359282
E00029182,257,70,36,34,187,18,169,27.237354085603112,14.007782101167315,13.229571984435799,72.76264591439688,7.003891050583658,65.75875486381322
E00029183,270,67,32,35,203,16,187,24.814814814814813,11.851851851851853,12.962962962962962,75.18518518518519,5.9259259259259265,69.25925925925925
E00029184,279,45,20,25,234,27,207,16.129032258064516,7.168458781362006,8.960573476702509,83.87096774193549,9.67741935483871,74.19354838709677
E00029185,276,65,16,49,211,19,192,23.55072463768116,5.797101449275362,17.753623188405797,76.44927536231883,6.884057971014493,69.56521739130434
E00029186,260,49,20,29,211,18,193,18.846153846153847,7.6923076923076925,11.153846153846155,81.15384615384616,6.923076923076923,74.23076923076923
E00029187,462,65,20,45,397,33,364,14.06926406926407,4.329004329004329,9.740259740259742,85.93073593073593,7.142857142857142,78.78787878787878
E00029188,234,36,11,25,198,21,177,15.384615384615385,4.700854700854701,10.683760683760683,84.61538461538461,8.974358974358974,75.64102564102564
E00029189,404,84,36,48,320,20,300,20.792079207920793,8.91089108910891,11.881188118811881,79.20792079207921,4.9504950495049505,74.25742574257426
E00029190,228,45,16,29,183,11,172,19.736842105263158,7.017543859649122,12.719298245614036,80.26315789473685,4.824561403508771,75.43859649122807
E00029191,237,38,14,24,199,26,173,16.033755274261605,5.9071729957805905,10.126582278481013,83.96624472573839,10.970464135021098,72.9957805907173
E00029192,368,42,18,24,326,25,301,11.41304347826087,4.891304347826087,6.521739130434782,88.58695652173914,6.7934782608695645,81.79347826086956
E00029193,373,82,44,38,291,33,258,21.983914209115284,11.796246648793565,10.187667560321715,78.01608579088472,8.847184986595174,69.16890080428955
E00029194,324,50,27,23,274,20,254,15.432098765432098,8.333333333333332,7.098765432098765,84.5679012345679,6.172839506172839,78.39506172839506
E00029195,193,80,42,38,113,7,106,41.45077720207254,21.761658031088082,19.689119170984455,58.549222797927456,3.6269430051813467,54.92227979274611
E00029196,246,52,25,27,194,21,173,21.138211382113823,10.16260162601626,10.975609756097562,78.86178861788618,8.536585365853659,70.32520325203252
E00029197,267,40,10,30,227,23,204,14.981273408239701,3.7453183520599254,11.235955056179774,85.0187265917603,8.614232209737828,76.40449438202246
E00029199,289,39,13,26,250,27,223,13.494809688581316,4.498269896193772,8.996539792387544,86.50519031141869,9.342560553633218,77.16262975778547
E00029200,475,88,26,62,387,40,347,18.526315789473685,5.473684210526316,13.052631578947368,81.47368421052632,8.421052631578947,73.05263157894737
E00029201,300,45,23,22,255,23,232,15,7.666666666666666,7.333333333333333,85,7.666666666666666,77.33333333333333
E00029202,405,83,43,40,322,12,310,20.493827160493826,10.617283950617285,9.876543209876543,79.50617283950618,2.9629629629629632,76.5432098765432
E00029203,370,96,48,48,274,29,245,25.945945945945947,12.972972972972974,12.972972972972974,74.05405405405405,7.837837837837839,66.21621621621621
E00029204,348,79,43,36,269,19,250,22.701149425287355,12.35632183908046,10.344827586206897,77.29885057471265,5.459770114942529,71.83908045977012
E00029205,346,61,31,30,285,30,255,17.63005780346821,8.959537572254336,8.670520231213873,82.36994219653178,8.670520231213873,73.69942196531792
E00029206,342,69,27,42,273,26,247,20.175438596491226,7.894736842105263,12.280701754385964,79.82456140350878,7.602339181286549,72.22222222222221
E00029207,367,123,73,50,244,14,230,33.5149863760218,19.891008174386922,13.623978201634879,66.4850136239782,3.8147138964577656,62.67029972752044
E00029208,266,51,16,35,215,32,183,19.172932330827066,6.015037593984962,13.157894736842104,80.82706766917293,12.030075187969924,68.796992481203
E00029209,331,100,48,52,231,17,214,30.211480362537763,14.501510574018129,15.709969788519636,69.78851963746223,5.13595166163142,64.6525679758308
E00029210,344,70,41,29,274,24,250,20.348837209302324,11.918604651162791,8.430232558139535,79.65116279069767,6.976744186046512,72.67441860465115
E00029211,356,64,30,34,292,18,274,17.97752808988764,8.426966292134832,9.550561797752808,82.02247191011236,5.056179775280898,76.96629213483146
E00029212,338,67,29,38,271,21,250,19.82248520710059,8.579881656804734,11.242603550295858,80.1775147928994,6.21301775147929,73.96449704142012
E00029213,326,78,44,34,248,22,226,23.92638036809816,13.496932515337424,10.429447852760736,76.07361963190185,6.748466257668712,69.32515337423312
E00029214,482,79,35,44,403,34,369,16.390041493775932,7.261410788381744,9.12863070539419,83.60995850622407,7.053941908713693,76.55601659751036
E00029215,431,47,17,30,384,32,352,10.904872389791183,3.944315545243619,6.960556844547564,89.0951276102088,7.424593967517401,81.67053364269141
E00029216,339,65,30,35,274,22,252,19.174041297935105,8.849557522123893,10.32448377581121,80.8259587020649,6.489675516224189,74.33628318584071
E00029217,413,53,19,34,360,31,329,12.832929782082324,4.600484261501211,8.232445520581114,87.16707021791767,7.506053268765134,79.66101694915254
E00029218,352,49,20,29,303,22,281,13.920454545454545,5.681818181818182,8.238636363636363,86.07954545454545,6.25,79.82954545454545
E00029219,309,42,16,26,267,23,244,13.592233009708737,5.177993527508091,8.414239482200648,86.40776699029125,7.443365695792881,78.96440129449837
E00029220,333,59,31,28,274,20,254,17.71771771771772,9.30930930930931,8.408408408408409,82.28228228228228,6.006006006006006,76.27627627627628
E00029222,182,76,34,42,106,13,93,41.75824175824176,18.681318681318682,23.076923076923077,58.24175824175825,7.142857142857142,51.098901098901095
E00029223,278,63,28,35,215,27,188,22.66187050359712,10.071942446043165,12.589928057553957,77.33812949640287,9.712230215827338,67.62589928057554
E00029224,466,132,81,51,334,23,311,28.32618025751073,17.381974248927037,10.944206008583691,71.67381974248927,4.935622317596566,66.7381974248927
E00029225,261,48,18,30,213,26,187,18.39080459770115,6.896551724137931,11.494252873563218,81.60919540229885,9.961685823754788,71.64750957854406
E00029226,326,44,17,27,282,22,260,13.496932515337424,5.214723926380368,8.282208588957054,86.50306748466258,6.748466257668712,79.75460122699386
E00029227,360,43,21,22,317,30,287,11.944444444444445,5.833333333333333,6.111111111111111,88.05555555555556,8.333333333333332,79.72222222222223
E00029228,389,54,26,28,335,30,305,13.881748071979436,6.683804627249357,7.197943444730077,86.11825192802056,7.712082262210797,78.40616966580977
E00029229,265,55,25,30,210,19,191,20.754716981132077,9.433962264150944,11.320754716981133,79.24528301886792,7.169811320754717,72.0754716981132
E00029230,402,81,37,44,321,23,298,20.149253731343283,9.203980099502488,10.945273631840797,79.8507462686567,5.721393034825871,74.12935323383084
E00029231,285,42,12,30,243,24,219,14.736842105263156,4.2105263157894735,10.526315789473683,85.26315789473684,8.421052631578947,76.84210526315789
E00029232,397,76,26,50,321,32,289,19.143576826196472,6.54911838790932,12.594458438287154,80.85642317380352,8.060453400503778,72.79596977329975
E00029233,310,42,26,16,268,28,240,13.548387096774196,8.38709677419355,5.161290322580645,86.45161290322581,9.032258064516128,77.41935483870968
E00029234,357,47,16,31,310,31,279,13.165266106442578,4.481792717086835,8.683473389355742,86.83473389355743,8.683473389355742,78.15126050420169
E00029235,326,58,16,42,268,27,241,17.791411042944784,4.9079754601226995,12.883435582822086,82.20858895705521,8.282208588957054,73.92638036809815
E00029236,283,37,20,17,246,17,229,13.074204946996467,7.06713780918728,6.007067137809187,86.92579505300353,6.007067137809187,80.91872791519434
E00029237,228,54,21,33,174,18,156,23.684210526315788,9.210526315789473,14.473684210526317,76.31578947368422,7.894736842105263,68.42105263157895
E00029238,230,32,9,23,198,21,177,13.91304347826087,3.91304347826087,10,86.08695652173914,9.130434782608695,76.95652173913044
E00029239,266,100,47,53,166,19,147,37.59398496240601,17.669172932330827,19.924812030075188,62.40601503759399,7.142857142857142,55.26315789473685
E00029240,371,41,18,23,330,29,301,11.05121293800539,4.8517520215633425,6.199460916442049,88.94878706199461,7.816711590296496,81.13207547169812
E00029241,227,71,38,33,156,8,148,31.277533039647576,16.740088105726873,14.537444933920703,68.72246696035242,3.524229074889868,65.19823788546255
E00029242,321,75,38,37,246,20,226,23.364485981308412,11.838006230529595,11.526479750778815,76.63551401869158,6.230529595015576,70.40498442367601
E00029243,238,69,38,31,169,13,156,28.991596638655466,15.966386554621847,13.025210084033615,71.00840336134453,5.46218487394958,65.54621848739495
E00029244,439,47,24,23,392,29,363,10.70615034168565,5.466970387243736,5.239179954441914,89.29384965831434,6.605922551252847,82.6879271070615
E00029245,165,58,29,29,107,10,97,35.15151515151515,17.575757575757574,17.575757575757574,64.84848484848484,6.0606060606060606,58.78787878787879
E00029246,321,47,25,22,274,27,247,14.641744548286603,7.78816199376947,6.853582554517133,85.35825545171339,8.411214953271028,76.94704049844236
E00029247,351,35,8,27,316,22,294,9.971509971509972,2.2792022792022792,7.6923076923076925,90.02849002849003,6.267806267806268,83.76068376068376
E00029248,330,35,15,20,295,34,261,10.606060606060606,4.545454545454546,6.0606060606060606,89.39393939393939,10.303030303030303,79.0909090909091
E00029249,346,37,13,24,309,31,278,10.69364161849711,3.7572254335260116,6.9364161849710975,89.30635838150289,8.959537572254336,80.34682080924856
E00029250,340,48,13,35,292,27,265,14.117647058823529,3.823529411764706,10.294117647058822,85.88235294117646,7.941176470588235,77.94117647058823
E00029251,329,28,10,18,301,22,279,8.51063829787234,3.0395136778115504,5.47112462006079,91.48936170212765,6.68693009118541,84.80243161094225
E00029252,303,85,47,38,218,22,196,28.052805280528055,15.51155115511551,12.541254125412541,71.94719471947195,7.2607260726072615,64.68646864686468
E00029253,313,45,15,30,268,22,246,14.376996805111823,4.792332268370607,9.584664536741213,85.62300319488818,7.0287539936102235,78.59424920127796
E00029254,396,65,27,38,331,33,298,16.414141414141415,6.8181818181818175,9.595959595959595,83.58585858585859,8.333333333333332,75.25252525252525
E00029255,349,54,26,28,295,24,271,15.472779369627506,7.4498567335243555,8.022922636103152,84.5272206303725,6.876790830945559,77.65042979942693
E00029256,328,47,20,27,281,22,259,14.329268292682926,6.097560975609756,8.231707317073171,85.67073170731707,6.707317073170732,78.96341463414635
E00029257,356,50,13,37,306,12,294,14.04494382022472,3.651685393258427,10.393258426966293,85.95505617977528,3.3707865168539324,82.58426966292134
E00029258,303,65,30,35,238,21,217,21.45214521452145,9.900990099009901,11.55115511551155,78.54785478547855,6.9306930693069315,71.61716171617162
E00029259,239,24,12,12,215,17,198,10.0418410041841,5.02092050209205,5.02092050209205,89.9581589958159,7.112970711297072,82.84518828451883
E00029260,312,37,13,24,275,18,257,11.858974358974358,4.166666666666666,7.6923076923076925,88.14102564102564,5.769230769230769,82.37179487179486
E00029261,358,55,26,29,303,11,292,15.363128491620111,7.262569832402235,8.100558659217876,84.63687150837988,3.072625698324022,81.56424581005587
E00029262,299,58,20,38,241,29,212,19.39799331103679,6.688963210702341,12.709030100334449,80.60200668896321,9.698996655518394,70.903010033444815
E00029263,204,48,20,28,156,23,133,23.52941176470588,9.803921568627452,13.725490196078432,76.47058823529412,11.27450980392157,65.19607843137256
E00029264,411,50,26,24,361,41,320,12.165450121654501,6.326034063260341,5.839416058394161,87.8345498783455,9.975669099756692,77.85888077858881
E00029265,352,46,13,33,306,23,283,13.068181818181818,3.6931818181818183,9.375,86.93181818181817,6.534090909090909,80.39772727272727
E00029266,253,41,10,31,212,16,196,16.205533596837945,3.9525691699604746,12.25296442687747,83.79446640316206,6.324110671936759,77.4703557312253
E00029267,341,39,15,24,302,28,274,11.436950146627565,4.398826979472141,7.038123167155426,88.56304985337243,8.211143695014663,80.35190615835776
E00029268,343,98,47,51,245,16,229,28.57142857142857,13.702623906705538,14.868804664723031,71.42857142857143,4.664723032069971,66.76384839650146
E00029269,264,48,17,31,216,20,196,18.181818181818183,6.4393939393939394,11.742424242424242,81.81818181818183,7.575757575757576,74.24242424242425
E00029270,307,40,15,25,267,35,232,13.029315960912053,4.88599348534202,8.143322475570033,86.97068403908796,11.400651465798045,75.57003257328991
E00029271,330,42,9,33,288,15,273,12.727272727272727,2.727272727272727,10,87.27272727272727,4.545454545454546,82.72727272727273
E00029272,331,37,13,24,294,18,276,11.178247734138973,3.927492447129909,7.250755287009064,88.82175226586104,5.438066465256798,83.38368580060424
E00029273,292,33,14,19,259,26,233,11.301369863013697,4.794520547945205,6.506849315068493,88.6986301369863,8.904109589041095,79.7945205479452
E00029275,332,35,9,26,297,33,264,10.542168674698797,2.710843373493976,7.83132530120482,89.45783132530121,9.939759036144578,79.51807228915662
E00029276,393,59,27,32,334,47,287,15.012722646310433,6.870229007633588,8.142493638676845,84.98727735368958,11.959287531806616,73.02798982188295
E00029277,329,36,11,25,293,27,266,10.94224924012158,3.343465045592705,7.598784194528875,89.05775075987842,8.206686930091186,80.85106382978722
E00029278,303,59,30,29,244,24,220,19.471947194719473,9.900990099009901,9.570957095709572,80.52805280528052,7.920792079207921,72.60726072607261
E00029279,385,70,30,40,315,24,291,18.181818181818183,7.792207792207792,10.38961038961039,81.81818181818183,6.233766233766234,75.58441558441558
E00029280,297,41,12,29,256,24,232,13.804713804713806,4.040404040404041,9.764309764309765,86.19528619528619,8.080808080808081,78.11447811447812
E00029281,335,29,7,22,306,23,283,8.656716417910449,2.0895522388059704,6.567164179104477,91.34328358208955,6.865671641791045,84.4776119402985
E00029282,231,54,26,28,177,27,150,23.376623376623375,11.255411255411255,12.121212121212121,76.62337662337663,11.688311688311687,64.93506493506493
E00029283,248,56,30,26,192,13,179,22.58064516129032,12.096774193548388,10.483870967741936,77.41935483870968,5.241935483870968,72.17741935483872
E00029284,304,51,14,37,253,25,228,16.776315789473685,4.605263157894736,12.171052631578947,83.22368421052632,8.223684210526317,75
E00029285,296,42,20,22,254,25,229,14.18918918918919,6.756756756756757,7.4324324324324325,85.8108108108108,8.445945945945946,77.36486486486487
E00029286,296,51,26,25,245,24,221,17.22972972972973,8.783783783783784,8.445945945945946,82.77027027027027,8.108108108108109,74.66216216216216
E00029287,336,69,29,40,267,27,240,20.535714285714285,8.630952380952381,11.904761904761903,79.46428571428571,8.035714285714286,71.42857142857143
E00029288,305,51,24,27,254,25,229,16.721311475409838,7.868852459016394,8.852459016393443,83.27868852459017,8.19672131147541,75.08196721311475
E00029289,267,45,22,23,222,17,205,16.853932584269664,8.239700374531834,8.614232209737828,83.14606741573034,6.367041198501873,76.77902621722846
E00029290,240,43,20,23,197,17,180,17.916666666666668,8.333333333333332,9.583333333333334,82.08333333333333,7.083333333333333,75
E00029291,245,40,16,24,205,16,189,16.3265306122449,6.530612244897959,9.795918367346939,83.6734693877551,6.530612244897959,77.14285714285715
E00029292,294,54,20,34,240,25,215,18.367346938775512,6.802721088435375,11.564625850340136,81.63265306122449,8.503401360544217,73.12925170068027
E00029293,210,82,41,41,128,16,112,39.04761904761905,19.523809523809526,19.523809523809526,60.952380952380956,7.6190476190476195,53.333333333333336
E00029294,113,57,37,20,56,6,50,50.442477876106196,32.743362831858406,17.699115044247787,49.557522123893804,5.3097345132743365,44.24778761061947
E00029295,344,77,19,58,267,34,233,22.38372093023256,5.523255813953488,16.86046511627907,77.61627906976744,9.883720930232558,67.73255813953489
E00029296,271,60,30,30,211,15,196,22.14022140221402,11.07011070110701,11.07011070110701,77.85977859778598,5.535055350553505,72.32472324723247
E00029297,176,63,28,35,113,17,96,35.79545454545455,15.909090909090908,19.886363636363637,64.20454545454545,9.659090909090908,54.54545454545454
E00029298,358,57,23,34,301,25,276,15.921787709497206,6.424581005586592,9.497206703910614,84.07821229050279,6.983240223463687,77.09497206703911
E00029299,276,57,24,33,219,20,199,20.652173913043477,8.695652173913043,11.956521739130435,79.34782608695652,7.246376811594203,72.10144927536231
E00029300,245,32,9,23,213,26,187,13.061224489795919,3.6734693877551026,9.387755102040817,86.93877551020408,10.612244897959183,76.32653061224491
E00029301,354,72,26,46,282,29,253,20.33898305084746,7.344632768361582,12.994350282485875,79.66101694915254,8.192090395480225,71.46892655367232
E00029302,293,61,20,41,232,27,205,20.819112627986346,6.825938566552901,13.993174061433447,79.18088737201366,9.215017064846416,69.96587030716724
E00029303,319,55,23,32,264,15,249,17.24137931034483,7.210031347962382,10.031347962382444,82.75862068965517,4.702194357366771,78.0564263322884
E00029304,326,47,16,31,279,27,252,14.417177914110429,4.9079754601226995,9.509202453987731,85.58282208588957,8.282208588957054,77.30061349693251
E00029305,298,37,14,23,261,14,247,12.416107382550337,4.697986577181208,7.718120805369128,87.58389261744966,4.697986577181208,82.88590604026845
E00029306,268,63,36,27,205,18,187,23.507462686567166,13.432835820895523,10.074626865671641,76.49253731343283,6.7164179104477615,69.77611940298507
E00029307,426,65,28,37,361,32,329,15.258215962441316,6.572769953051644,8.685446009389672,84.74178403755869,7.511737089201878,77.23004694835682
E00029308,237,49,22,27,188,17,171,20.675105485232066,9.282700421940929,11.39240506329114,79.32489451476793,7.172995780590717,72.15189873417721
E00029309,340,56,24,32,284,22,262,16.470588235294116,7.0588235294117645,9.411764705882353,83.52941176470588,6.470588235294119,77.05882352941177
E00029310,225,42,22,20,183,18,165,18.666666666666668,9.777777777777779,8.88888888888889,81.33333333333333,8,73.33333333333333
E00029311,332,53,17,36,279,26,253,15.963855421686745,5.120481927710843,10.843373493975903,84.03614457831326,7.83132530120482,76.20481927710844
E00029312,285,40,13,27,245,30,215,14.035087719298245,4.56140350877193,9.473684210526317,85.96491228070175,10.526315789473683,75.43859649122807
E00029313,325,62,29,33,263,26,237,19.076923076923077,8.923076923076923,10.153846153846153,80.92307692307692,8,72.92307692307692
E00029314,350,33,13,20,317,29,288,9.428571428571429,3.7142857142857144,5.714285714285714,90.57142857142857,8.285714285714285,82.28571428571428
E00029315,305,44,21,23,261,32,229,14.426229508196723,6.885245901639345,7.540983606557377,85.57377049180329,10.491803278688524,75.08196721311475
E00029316,245,42,24,18,203,17,186,17.142857142857142,9.795918367346939,7.346938775510205,82.85714285714286,6.938775510204081,75.91836734693878
E00029317,376,40,11,29,336,34,302,10.638297872340425,2.925531914893617,7.712765957446808,89.36170212765957,9.042553191489363,80.31914893617021
E00029318,314,37,8,29,277,34,243,11.78343949044586,2.547770700636943,9.235668789808917,88.21656050955414,10.828025477707007,77.38853503184714
E00029319,335,38,18,20,297,30,267,11.343283582089553,5.3731343283582085,5.970149253731343,88.65671641791046,8.955223880597014,79.70149253731343
E00029320,324,30,9,21,294,33,261,9.25925925925926,2.7777777777777777,6.481481481481481,90.74074074074075,10.185185185185185,80.55555555555556
E00029321,317,46,18,28,271,32,239,14.511041009463725,5.678233438485805,8.832807570977918,85.48895899053628,10.094637223974763,75.39432176656152
E00029322,373,50,15,35,323,28,295,13.404825737265416,4.021447721179625,9.383378016085791,86.59517426273459,7.506702412868632,79.08847184986595
E00029323,259,36,10,26,223,22,201,13.8996138996139,3.861003861003861,10.038610038610038,86.10038610038609,8.494208494208493,77.60617760617761
E00029324,251,39,14,25,212,14,198,15.53784860557769,5.577689243027888,9.9601593625498,84.4621513944223,5.577689243027888,78.88446215139442
E00029325,333,54,17,37,279,22,257,16.216216216216218,5.105105105105105,11.11111111111111,83.78378378378379,6.606606606606606,77.17717717717719
E00029326,312,39,12,27,273,26,247,12.5,3.8461538461538463,8.653846153846153,87.5,8.333333333333332,79.16666666666666
E00029327,315,56,14,42,259,22,237,17.77777777777778,4.444444444444445,13.333333333333334,82.22222222222221,6.984126984126984,75.23809523809524
E00029328,320,52,21,31,268,21,247,16.25,6.5625,9.6875,83.75,6.5625,77.1875
E00029329,359,43,7,36,316,20,296,11.977715877437326,1.9498607242339834,10.027855153203342,88.02228412256268,5.571030640668524,82.45125348189416
E00029330,306,35,10,25,271,28,243,11.437908496732026,3.2679738562091507,8.169934640522875,88.56209150326796,9.15032679738562,79.41176470588235
E00029331,329,47,8,39,282,30,252,14.285714285714285,2.43161094224924,11.854103343465045,85.71428571428571,9.118541033434651,76.59574468085107
E00029332,326,38,11,27,288,31,257,11.65644171779141,3.374233128834356,8.282208588957054,88.34355828220859,9.509202453987731,78.83435582822086
E00029333,411,86,34,52,325,33,292,20.92457420924574,8.27250608272506,12.652068126520682,79.07542579075427,8.02919708029197,71.04622871046229
E00029334,259,39,10,29,220,24,196,15.057915057915059,3.861003861003861,11.196911196911197,84.94208494208493,9.266409266409266,75.67567567567568
E00029335,330,53,22,31,277,29,248,16.060606060606062,6.666666666666667,9.393939393939393,83.93939393939394,8.787878787878787,75.15151515151514
E00029336,298,27,5,22,271,25,246,9.060402684563758,1.6778523489932886,7.38255033557047,90.93959731543623,8.389261744966444,82.5503355704698
E00029337,273,42,17,25,231,27,204,15.384615384615385,6.227106227106227,9.157509157509157,84.61538461538461,9.89010989010989,74.72527472527473
E00029338,294,83,44,39,211,21,190,28.2312925170068,14.965986394557824,13.26530612244898,71.7687074829932,7.142857142857142,64.62585034013605
E00029339,283,55,21,34,228,25,203,19.434628975265017,7.420494699646643,12.014134275618375,80.56537102473497,8.8339222614841,71.73144876325088
E00029340,327,37,11,26,290,29,261,11.314984709480122,3.3639143730886847,7.951070336391437,88.68501529051987,8.868501529051988,79.81651376146789
E00029341,372,34,11,23,338,33,305,9.13978494623656,2.956989247311828,6.182795698924731,90.86021505376344,8.870967741935484,81.98924731182797
E00029342,287,44,22,22,243,24,219,15.33101045296167,7.665505226480835,7.665505226480835,84.66898954703834,8.362369337979095,76.30662020905923
E00029343,182,63,31,32,119,17,102,34.61538461538461,17.032967032967033,17.582417582417584,65.38461538461539,9.340659340659341,56.043956043956044
E00029344,392,42,15,27,350,29,321,10.714285714285714,3.826530612244898,6.887755102040815,89.28571428571429,7.3979591836734695,81.88775510204081
E00029345,341,43,12,31,298,34,264,12.609970674486803,3.519061583577713,9.090909090909092,87.3900293255132,9.970674486803519,77.41935483870968
E00029346,237,39,14,25,198,21,177,16.455696202531644,5.9071729957805905,10.548523206751055,83.54430379746836,8.860759493670885,74.68354430379746
E00029347,353,43,14,29,310,32,278,12.181303116147308,3.9660056657223794,8.21529745042493,87.81869688385268,9.06515580736544,78.75354107648725
E00029348,306,44,14,30,262,26,236,14.37908496732026,4.57516339869281,9.803921568627452,85.62091503267973,8.49673202614379,77.12418300653596
E00029349,292,40,19,21,252,20,232,13.698630136986301,6.506849315068493,7.191780821917808,86.3013698630137,6.8493150684931505,79.45205479452055
E00029350,326,35,10,25,291,33,258,10.736196319018406,3.067484662576687,7.668711656441718,89.2638036809816,10.122699386503067,79.14110429447852
E00029351,311,44,14,30,267,20,247,14.14790996784566,4.501607717041801,9.646302250803858,85.85209003215434,6.430868167202572,79.42122186495176
E00029352,290,41,17,24,249,20,229,14.13793103448276,5.862068965517241,8.275862068965518,85.86206896551725,6.896551724137931,78.96551724137932
E00029353,312,36,8,28,276,36,240,11.538461538461538,2.564102564102564,8.974358974358974,88.46153846153845,11.538461538461538,76.92307692307693
E00029354,376,60,25,35,316,37,279,15.957446808510639,6.648936170212766,9.308510638297872,84.04255319148936,9.840425531914894,74.20212765957447
E00029355,348,34,10,24,314,23,291,9.770114942528735,2.8735632183908044,6.896551724137931,90.22988505747126,6.609195402298851,83.62068965517241
E00029356,345,59,25,34,286,28,258,17.101449275362317,7.246376811594203,9.855072463768117,82.89855072463767,8.115942028985506,74.78260869565217
E00029357,359,39,16,23,320,26,294,10.86350974930362,4.456824512534819,6.406685236768802,89.13649025069638,7.242339832869081,81.89415041782729
E00029358,311,81,33,48,230,25,205,26.04501607717042,10.610932475884244,15.434083601286176,73.95498392282958,8.038585209003216,65.91639871382637
E00029359,271,38,18,20,233,32,201,14.022140221402212,6.642066420664207,7.380073800738007,85.97785977859779,11.808118081180812,74.16974169741697
E00029360,300,59,28,31,241,20,221,19.666666666666664,9.333333333333334,10.333333333333334,80.33333333333333,6.666666666666667,73.66666666666667
E00029361,322,51,19,32,271,31,240,15.838509316770185,5.900621118012422,9.937888198757763,84.16149068322981,9.627329192546584,74.53416149068323
E00029362,292,90,56,34,202,21,181,30.82191780821918,19.17808219178082,11.643835616438356,69.17808219178082,7.191780821917808,61.986301369863014
E00029363,289,88,34,54,201,16,185,30.44982698961938,11.76470588235294,18.685121107266436,69.55017301038062,5.536332179930796,64.01384083044984
E00029364,276,56,25,31,220,16,204,20.28985507246377,9.057971014492754,11.231884057971014,79.71014492753623,5.797101449275362,73.91304347826086
E00029365,449,67,20,47,382,30,352,14.92204899777283,4.4543429844097995,10.46770601336303,85.07795100222717,6.6815144766147,78.39643652561247
E00029366,276,75,37,38,201,19,182,27.173913043478258,13.405797101449277,13.768115942028986,72.82608695652173,6.884057971014493,65.94202898550725
E00029367,421,100,52,48,321,20,301,23.75296912114014,12.351543942992874,11.401425178147269,76.24703087885986,4.750593824228028,71.49643705463184
E00029368,276,41,13,28,235,21,214,14.855072463768115,4.710144927536232,10.144927536231885,85.14492753623189,7.608695652173914,77.53623188405797
E00029369,291,45,14,31,246,25,221,15.463917525773196,4.810996563573884,10.652920962199312,84.5360824742268,8.59106529209622,75.94501718213058
E00029370,272,44,19,25,228,23,205,16.176470588235293,6.985294117647059,9.191176470588236,83.82352941176471,8.455882352941178,75.36764705882352
E00029371,345,79,33,46,266,21,245,22.89855072463768,9.565217391304348,13.333333333333334,77.10144927536233,6.086956521739131,71.01449275362319
E00029373,346,44,12,32,302,23,279,12.716763005780345,3.4682080924855487,9.248554913294797,87.28323699421965,6.6473988439306355,80.63583815028902
E00029374,346,51,18,33,295,32,263,14.739884393063585,5.202312138728324,9.53757225433526,85.26011560693641,9.248554913294797,76.01156069364163
E00029375,265,37,12,25,228,25,203,13.962264150943396,4.528301886792453,9.433962264150944,86.0377358490566,9.433962264150944,76.60377358490567
E00029376,263,42,18,24,221,21,200,15.96958174904943,6.844106463878327,9.125475285171103,84.03041825095056,7.984790874524715,76.04562737642586
E00029377,350,60,25,35,290,28,262,17.142857142857142,7.142857142857142,10,82.85714285714286,8,74.85714285714286
E00029378,265,25,9,16,240,23,217,9.433962264150944,3.3962264150943398,6.037735849056604,90.56603773584906,8.679245283018867,81.88679245283019
E00029379,319,42,15,27,277,25,252,13.166144200626958,4.702194357366771,8.463949843260188,86.83385579937304,7.836990595611286,78.99686520376176
E00029380,286,38,9,29,248,27,221,13.286713286713287,3.146853146853147,10.13986013986014,86.7132867132867,9.44055944055944,77.27272727272727
E00029381,258,34,10,24,224,28,196,13.178294573643413,3.875968992248062,9.30232558139535,86.82170542635659,10.852713178294573,75.96899224806202
E00029382,273,43,11,32,230,26,204,15.75091575091575,4.029304029304029,11.72161172161172,84.24908424908425,9.523809523809524,74.72527472527473
E00029383,294,62,27,35,232,21,211,21.08843537414966,9.183673469387756,11.904761904761903,78.91156462585033,7.142857142857142,71.7687074829932
E00029384,230,57,24,33,173,14,159,24.782608695652176,10.434782608695652,14.347826086956522,75.21739130434783,6.086956521739131,69.1304347826087
E00029385,335,103,68,35,232,24,208,30.74626865671642,20.298507462686565,10.44776119402985,69.25373134328359,7.164179104477612,62.089552238805965
E00029386,269,45,18,27,224,16,208,16.728624535315987,6.691449814126393,10.037174721189592,83.27137546468401,5.947955390334572,77.32342007434944
E00029387,272,53,16,37,219,27,192,19.485294117647058,5.88235294117647,13.602941176470587,80.51470588235294,9.926470588235293,70.58823529411765
E00029388,318,50,19,31,268,20,248,15.723270440251572,5.9748427672955975,9.748427672955975,84.27672955974843,6.289308176100629,77.9874213836478
E00029389,252,85,37,48,167,15,152,33.730158730158735,14.682539682539684,19.047619047619047,66.26984126984127,5.952380952380952,60.317460317460316
E00029390,302,50,15,35,252,22,230,16.55629139072848,4.966887417218543,11.589403973509933,83.44370860927152,7.28476821192053,76.15894039735099
E00029391,255,59,20,39,196,20,176,23.137254901960784,7.8431372549019605,15.294117647058824,76.86274509803923,7.8431372549019605,69.01960784313725
E00029392,238,58,29,29,180,20,160,24.369747899159663,12.184873949579831,12.184873949579831,75.63025210084034,8.403361344537815,67.22689075630252
E00029393,300,41,18,23,259,25,234,13.666666666666666,6,7.666666666666666,86.33333333333333,8.333333333333332,78
E00029394,288,45,14,31,243,20,223,15.625,4.861111111111112,10.76388888888889,84.375,6.944444444444445,77.43055555555556
E00029395,288,67,28,39,221,20,201,23.26388888888889,9.722222222222223,13.541666666666666,76.73611111111111,6.944444444444445,69.79166666666666
E00029396,521,86,44,42,435,34,401,16.50671785028791,8.445297504798464,8.061420345489443,83.49328214971209,6.525911708253358,76.96737044145874
E00029397,285,60,33,27,225,22,203,21.052631578947366,11.578947368421053,9.473684210526317,78.94736842105263,7.719298245614035,71.2280701754386
E00029398,294,42,24,18,252,23,229,14.285714285714285,8.16326530612245,6.122448979591836,85.71428571428571,7.8231292517006805,77.89115646258503
E00029399,272,45,14,31,227,23,204,16.544117647058822,5.147058823529411,11.397058823529411,83.45588235294117,8.455882352941178,75
E00029400,270,45,21,24,225,22,203,16.666666666666664,7.777777777777778,8.88888888888889,83.33333333333334,8.148148148148149,75.18518518518519
E00029401,300,44,13,31,256,32,224,14.666666666666666,4.333333333333334,10.333333333333334,85.33333333333334,10.666666666666668,74.66666666666667
E00029402,351,45,15,30,306,21,285,12.82051282051282,4.273504273504273,8.547008547008547,87.17948717948718,5.982905982905983,81.19658119658119
E00029403,239,46,22,24,193,16,177,19.246861924686193,9.205020920502092,10.0418410041841,80.75313807531381,6.694560669456067,74.05857740585773
E00029404,333,60,24,36,273,21,252,18.01801801801802,7.207207207207207,10.81081081081081,81.98198198198197,6.306306306306306,75.67567567567568
E00029405,302,52,15,37,250,36,214,17.218543046357617,4.966887417218543,12.251655629139073,82.78145695364239,11.920529801324504,70.86092715231787
E00029406,233,35,14,21,198,19,179,15.021459227467812,6.008583690987124,9.012875536480687,84.97854077253218,8.15450643776824,76.82403433476395
E00029407,215,37,6,31,178,12,166,17.209302325581397,2.7906976744186047,14.418604651162791,82.7906976744186,5.5813953488372094,77.20930232558139
E00029408,293,27,5,22,266,27,239,9.215017064846416,1.7064846416382253,7.508532423208192,90.78498293515358,9.215017064846416,81.56996587030717
E00029409,231,31,14,17,200,30,170,13.41991341991342,6.0606060606060606,7.35930735930736,86.58008658008657,12.987012987012985,73.59307359307358
E00029410,387,57,22,35,330,27,303,14.728682170542637,5.684754521963824,9.043927648578812,85.27131782945736,6.976744186046512,78.29457364341084
E00029411,264,40,5,35,224,25,199,15.151515151515152,1.893939393939394,13.257575757575758,84.84848484848484,9.469696969696969,75.37878787878788
E00029412,248,40,13,27,208,23,185,16.129032258064516,5.241935483870968,10.887096774193548,83.87096774193549,9.274193548387096,74.59677419354838
E00029413,335,34,10,24,301,34,267,10.149253731343283,2.9850746268656714,7.164179104477612,89.8507462686567,10.149253731343283,79.70149253731343
E00029414,309,38,13,25,271,19,252,12.297734627831716,4.207119741100324,8.090614886731391,87.70226537216828,6.148867313915858,81.55339805825243
E00029415,344,24,6,18,320,29,291,6.976744186046512,1.744186046511628,5.232558139534884,93.02325581395348,8.430232558139535,84.59302325581395
E00029416,336,30,13,17,306,41,265,8.928571428571429,3.869047619047619,5.059523809523809,91.07142857142857,12.202380952380953,78.86904761904762
E00029417,364,46,16,30,318,24,294,12.637362637362637,4.395604395604396,8.241758241758241,87.36263736263736,6.593406593406594,80.76923076923077
E00029418,304,51,27,24,253,16,237,16.776315789473685,8.881578947368421,7.894736842105263,83.22368421052632,5.263157894736842,77.96052631578947
E00029419,275,43,15,28,232,19,213,15.636363636363637,5.454545454545454,10.181818181818182,84.36363636363636,6.909090909090909,77.45454545454545
E00029420,321,48,22,26,273,21,252,14.953271028037381,6.853582554517133,8.09968847352025,85.04672897196261,6.5420560747663545,78.50467289719626
E00029421,287,52,19,33,235,22,213,18.118466898954704,6.620209059233449,11.498257839721255,81.8815331010453,7.665505226480835,74.21602787456446
E00029422,341,70,30,40,271,34,237,20.527859237536656,8.797653958944283,11.730205278592376,79.47214076246334,9.970674486803519,69.50146627565982
E00029423,254,55,22,33,199,26,173,21.653543307086615,8.661417322834646,12.992125984251967,78.34645669291339,10.236220472440944,68.11023622047244
E00029424,261,34,16,18,227,30,197,13.026819923371647,6.130268199233716,6.896551724137931,86.97318007662835,11.494252873563218,75.47892720306514
E00029425,345,43,11,32,302,31,271,12.46376811594203,3.1884057971014492,9.27536231884058,87.53623188405797,8.985507246376812,78.55072463768116
E00029426,350,27,8,19,323,41,282,7.7142857142857135,2.2857142857142856,5.428571428571429,92.28571428571428,11.714285714285715,80.57142857142857
E00029427,295,49,16,33,246,19,227,16.610169491525422,5.423728813559322,11.186440677966102,83.38983050847457,6.440677966101695,76.94915254237287
E00029428,319,53,26,27,266,34,232,16.614420062695924,8.150470219435736,8.463949843260188,83.38557993730407,10.658307210031348,72.72727272727273
E00029429,285,22,10,12,263,21,242,7.719298245614035,3.508771929824561,4.2105263157894735,92.28070175438596,7.368421052631578,84.91228070175438
E00029430,284,50,23,27,234,17,217,17.6056338028169,8.098591549295776,9.507042253521126,82.3943661971831,5.985915492957746,76.40845070422534
E00029431,352,49,13,36,303,37,266,13.920454545454545,3.6931818181818183,10.227272727272728,86.07954545454545,10.511363636363637,75.56818181818183
E00029432,304,49,20,29,255,27,228,16.11842105263158,6.578947368421052,9.539473684210527,83.88157894736842,8.881578947368421,75
E00029433,342,40,13,27,302,26,276,11.695906432748536,3.8011695906432745,7.894736842105263,88.30409356725146,7.602339181286549,80.7017543859649
E00029434,343,55,22,33,288,26,262,16.034985422740526,6.41399416909621,9.620991253644315,83.96501457725948,7.580174927113703,76.38483965014578
E00029435,293,38,12,26,255,21,234,12.969283276450511,4.09556313993174,8.873720136518772,87.03071672354949,7.167235494880546,79.86348122866895
E00029436,284,42,17,25,242,20,222,14.788732394366196,5.985915492957746,8.80281690140845,85.2112676056338,7.042253521126761,78.16901408450704
E00029437,298,46,18,28,252,21,231,15.436241610738255,6.0402684563758395,9.395973154362416,84.56375838926175,7.046979865771812,77.51677852348993
E00029438,292,46,14,32,246,22,224,15.753424657534246,4.794520547945205,10.95890410958904,84.24657534246576,7.534246575342466,76.71232876712328
E00029439,389,96,48,48,293,34,259,24.67866323907455,12.339331619537274,12.339331619537274,75.32133676092545,8.740359897172237,66.58097686375322
E00029440,215,46,12,34,169,25,144,21.3953488372093,5.5813953488372094,15.813953488372093,78.6046511627907,11.627906976744185,66.97674418604652
E00029441,296,30,13,17,266,26,240,10.135135135135135,4.391891891891892,5.743243243243244,89.86486486486487,8.783783783783784,81.08108108108108
E00029442,309,38,19,19,271,20,251,12.297734627831716,6.148867313915858,6.148867313915858,87.70226537216828,6.472491909385113,81.22977346278317
E00029443,388,54,17,37,334,42,292,13.917525773195877,4.381443298969072,9.536082474226804,86.08247422680412,10.824742268041238,75.25773195876289
E00029444,256,29,13,16,227,22,205,11.328125,5.078125,6.25,88.671875,8.59375,80.078125
E00029445,251,35,12,23,216,16,200,13.94422310756972,4.780876494023905,9.163346613545817,86.05577689243027,6.374501992031872,79.6812749003984
E00029446,310,37,18,19,273,26,247,11.935483870967742,5.806451612903226,6.129032258064516,88.06451612903226,8.38709677419355,79.6774193548387
E00029447,276,32,11,21,244,21,223,11.594202898550725,3.985507246376811,7.608695652173914,88.40579710144928,7.608695652173914,80.79710144927536
E00029448,262,66,24,42,196,16,180,25.190839694656486,9.16030534351145,16.030534351145036,74.80916030534351,6.106870229007633,68.70229007633588
E00029449,223,34,13,21,189,21,168,15.246636771300448,5.829596412556054,9.417040358744394,84.75336322869956,9.417040358744394,75.33632286995515
E00029450,219,38,14,24,181,20,161,17.35159817351598,6.392694063926941,10.95890410958904,82.64840182648402,9.1324200913242,73.51598173515981
E00029451,314,50,21,29,264,25,239,15.92356687898089,6.687898089171974,9.235668789808917,84.07643312101911,7.961783439490445,76.11464968152866
E00029452,346,34,8,26,312,23,289,9.826589595375722,2.312138728323699,7.514450867052023,90.17341040462428,6.6473988439306355,83.52601156069365
E00029453,302,89,46,43,213,27,186,29.47019867549669,15.2317880794702,14.23841059602649,70.52980132450331,8.940397350993377,61.58940397350994
E00029454,298,50,18,32,248,28,220,16.778523489932887,6.0402684563758395,10.738255033557047,83.22147651006712,9.395973154362416,73.8255033557047
E00029455,308,44,18,26,264,21,243,14.285714285714285,5.844155844155844,8.441558441558442,85.71428571428571,6.8181818181818175,78.8961038961039
E00029456,261,52,23,29,209,22,187,19.923371647509576,8.812260536398467,11.11111111111111,80.07662835249042,8.42911877394636,71.64750957854406
E00029457,334,86,45,41,248,15,233,25.748502994011975,13.47305389221557,12.275449101796406,74.25149700598801,4.491017964071856,69.76047904191617
E00029458,219,48,20,28,171,17,154,21.91780821917808,9.1324200913242,12.785388127853881,78.08219178082192,7.76255707762557,70.31963470319634
E00029459,406,95,53,42,311,18,293,23.39901477832512,13.054187192118228,10.344827586206897,76.60098522167488,4.433497536945813,72.16748768472905
E00029460,331,85,46,39,246,28,218,25.6797583081571,13.897280966767372,11.782477341389729,74.32024169184291,8.459214501510575,65.86102719033232
E00029461,173,54,31,23,119,6,113,31.213872832369944,17.91907514450867,13.294797687861271,68.78612716763006,3.4682080924855487,65.3179190751445
E00029462,273,37,17,20,236,24,212,13.553113553113553,6.227106227106227,7.326007326007327,86.44688644688645,8.791208791208792,77.65567765567766
E00029463,213,48,26,22,165,21,144,22.535211267605636,12.206572769953052,10.328638497652582,77.46478873239437,9.859154929577464,67.6056338028169
E00029464,265,46,12,34,219,21,198,17.358490566037734,4.528301886792453,12.830188679245284,82.64150943396227,7.9245283018867925,74.71698113207546
E00029465,274,42,23,19,232,24,208,15.328467153284672,8.394160583941606,6.934306569343065,84.67153284671532,8.75912408759124,75.91240875912408
E00029466,485,69,17,52,416,53,363,14.22680412371134,3.5051546391752577,10.721649484536082,85.77319587628865,10.927835051546392,74.84536082474227
E00029467,241,52,23,29,189,18,171,21.57676348547718,9.54356846473029,12.033195020746888,78.42323651452283,7.468879668049793,70.95435684647303
E00029468,358,40,9,31,318,20,298,11.1731843575419,2.5139664804469275,8.659217877094973,88.8268156424581,5.58659217877095,83.24022346368714
E00029469,247,54,21,33,193,16,177,21.86234817813765,8.502024291497975,13.360323886639677,78.13765182186235,6.477732793522267,71.65991902834008
E00029470,235,52,28,24,183,13,170,22.127659574468083,11.914893617021278,10.212765957446807,77.87234042553192,5.531914893617021,72.3404255319149
E00029471,290,38,16,22,252,20,232,13.10344827586207,5.517241379310345,7.586206896551724,86.89655172413792,6.896551724137931,80
E00029472,263,45,9,36,218,20,198,17.110266159695815,3.4220532319391634,13.688212927756654,82.88973384030417,7.604562737642586,75.2851711026616
E00029473,336,59,16,43,277,23,254,17.559523809523807,4.761904761904762,12.797619047619047,82.44047619047619,6.845238095238096,75.59523809523809
E00029474,268,46,14,32,222,20,202,17.16417910447761,5.223880597014925,11.940298507462686,82.83582089552239,7.462686567164178,75.3731343283582
E00029475,358,95,60,35,263,28,235,26.536312849162012,16.75977653631285,9.776536312849162,73.46368715083798,7.82122905027933,65.64245810055866
E00029476,277,45,15,30,232,23,209,16.24548736462094,5.415162454873646,10.830324909747292,83.75451263537906,8.303249097472925,75.45126353790613
E00029477,303,52,16,36,251,25,226,17.16171617161716,5.2805280528052805,11.881188118811881,82.83828382838284,8.25082508250825,74.58745874587459
E00029478,322,59,18,41,263,28,235,18.32298136645963,5.590062111801243,12.732919254658384,81.67701863354037,8.695652173913043,72.98136645962732
E00029479,286,65,32,33,221,27,194,22.727272727272727,11.188811188811188,11.538461538461538,77.27272727272727,9.44055944055944,67.83216783216784
E00029480,291,37,14,23,254,22,232,12.714776632302405,4.810996563573884,7.903780068728522,87.2852233676976,7.560137457044673,79.72508591065292
E00029481,319,42,16,26,277,22,255,13.166144200626958,5.015673981191222,8.150470219435736,86.83385579937304,6.896551724137931,79.9373040752351
E00029482,292,43,18,25,249,22,227,14.726027397260275,6.164383561643835,8.561643835616438,85.27397260273972,7.534246575342466,77.73972602739725
E00029483,346,53,23,30,293,28,265,15.31791907514451,6.6473988439306355,8.670520231213873,84.6820809248555,8.092485549132949,76.58959537572254
E00029484,331,38,12,26,293,31,262,11.48036253776435,3.625377643504532,7.854984894259818,88.51963746223565,9.365558912386707,79.15407854984893
E00029485,359,66,31,35,293,33,260,18.384401114206128,8.635097493036211,9.749303621169917,81.61559888579387,9.192200557103064,72.42339832869081
E00029486,218,60,36,24,158,10,148,27.522935779816514,16.51376146788991,11.009174311926607,72.47706422018348,4.587155963302752,67.88990825688074
E00029487,320,57,21,36,263,19,244,17.8125,6.5625,11.25,82.1875,5.9375,76.25
E00029488,259,43,15,28,216,14,202,16.602316602316602,5.7915057915057915,10.81081081081081,83.3976833976834,5.405405405405405,77.99227799227799
E00029489,371,75,29,46,296,29,267,20.21563342318059,7.816711590296496,12.398921832884097,79.78436657681941,7.816711590296496,71.96765498652292
E00029490,263,55,22,33,208,13,195,20.912547528517113,8.365019011406844,12.547528517110266,79.08745247148289,4.942965779467681,74.1444866920152
E00029491,322,49,18,31,273,29,244,15.217391304347828,5.590062111801243,9.627329192546584,84.78260869565217,9.006211180124224,75.77639751552795
E00029492,282,42,18,24,240,18,222,14.893617021276595,6.382978723404255,8.51063829787234,85.1063829787234,6.382978723404255,78.72340425531915
E00029493,389,76,35,41,313,34,279,19.53727506426735,8.997429305912597,10.539845758354756,80.46272493573264,8.740359897172237,71.72236503856041
E00029494,250,42,13,29,208,23,185,16.8,5.2,11.600000000000001,83.2,9.2,74
E00029495,208,39,14,25,169,16,153,18.75,6.730769230769231,12.01923076923077,81.25,7.6923076923076925,73.5576923076923
E00029496,297,51,16,35,246,24,222,17.17171717171717,5.387205387205387,11.784511784511785,82.82828282828282,8.080808080808081,74.74747474747475
E00029497,214,84,57,27,130,13,117,39.25233644859813,26.635514018691588,12.616822429906541,60.747663551401864,6.074766355140187,54.67289719626168
E00029498,284,59,22,37,225,19,206,20.774647887323944,7.746478873239436,13.028169014084506,79.22535211267606,6.690140845070422,72.53521126760563
E00029499,242,66,26,40,176,17,159,27.27272727272727,10.743801652892563,16.528925619834713,72.72727272727273,7.024793388429752,65.70247933884298
E00029500,336,65,28,37,271,20,251,19.345238095238095,8.333333333333332,11.011904761904761,80.65476190476191,5.952380952380952,74.70238095238095
E00029501,308,73,29,44,235,21,214,23.7012987012987,9.415584415584416,14.285714285714285,76.2987012987013,6.8181818181818175,69.48051948051948
E00029502,326,66,22,44,260,19,241,20.245398773006134,6.748466257668712,13.496932515337424,79.75460122699386,5.828220858895705,73.92638036809815
E00029503,250,69,35,34,181,20,161,27.6,14.000000000000002,13.600000000000001,72.39999999999999,8,64.4
E00029504,436,52,22,30,384,36,348,11.926605504587156,5.045871559633028,6.8807339449541285,88.07339449541286,8.256880733944955,79.81651376146789
E00029505,326,53,17,36,273,30,243,16.257668711656443,5.214723926380368,11.042944785276074,83.74233128834356,9.202453987730062,74.5398773006135
E00029506,319,57,21,36,262,21,241,17.86833855799373,6.583072100313479,11.285266457680251,82.13166144200626,6.583072100313479,75.54858934169279
E00029507,175,24,12,12,151,20,131,13.714285714285715,6.857142857142858,6.857142857142858,86.28571428571429,11.428571428571429,74.85714285714286
E00029508,303,61,29,32,242,28,214,20.13201320132013,9.570957095709572,10.561056105610561,79.86798679867987,9.24092409240924,70.62706270627062
E00029509,361,61,25,36,300,33,267,16.897506925207757,6.9252077562326875,9.97229916897507,83.10249307479224,9.141274238227147,73.9612188365651
E00029510,303,47,15,32,256,38,218,15.51155115511551,4.9504950495049505,10.561056105610561,84.48844884488449,12.541254125412541,71.94719471947195
E00029511,511,78,34,44,433,45,388,15.264187866927593,6.653620352250488,8.610567514677104,84.73581213307241,8.806262230919765,75.92954990215264
E00029512,363,58,20,38,305,45,260,15.977961432506888,5.5096418732782375,10.46831955922865,84.02203856749311,12.396694214876034,71.62534435261708
E00029513,312,44,15,29,268,31,237,14.102564102564102,4.807692307692308,9.294871794871796,85.8974358974359,9.935897435897436,75.96153846153845
E00029514,255,43,13,30,212,21,191,16.862745098039216,5.098039215686274,11.76470588235294,83.13725490196079,8.235294117647058,74.90196078431373
E00029515,296,51,19,32,245,26,219,17.22972972972973,6.418918918918918,10.81081081081081,82.77027027027027,8.783783783783784,73.98648648648648
E00029516,362,46,9,37,316,30,286,12.70718232044199,2.4861878453038675,10.220994475138122,87.29281767955801,8.287292817679557,79.00552486187846
E00029517,353,69,24,45,284,33,251,19.54674220963173,6.79886685552408,12.747875354107649,80.45325779036827,9.34844192634561,71.10481586402267
E00029518,261,46,12,34,215,25,190,17.624521072796934,4.597701149425287,13.026819923371647,82.37547892720306,9.578544061302683,72.79693486590038
E00029519,318,43,12,31,275,31,244,13.522012578616351,3.7735849056603774,9.748427672955975,86.47798742138365,9.748427672955975,76.72955974842768
E00029520,403,65,26,39,338,29,309,16.129032258064516,6.451612903225806,9.67741935483871,83.87096774193549,7.196029776674938,76.67493796526055
E00029521,329,44,17,27,285,26,259,13.37386018237082,5.167173252279635,8.206686930091186,86.62613981762918,7.90273556231003,78.72340425531915
E00029522,244,48,13,35,196,14,182,19.672131147540984,5.327868852459016,14.344262295081966,80.32786885245902,5.737704918032787,74.59016393442623
E00029523,304,48,24,24,256,22,234,15.789473684210526,7.894736842105263,7.894736842105263,84.21052631578947,7.236842105263158,76.97368421052632
E00029524,295,50,14,36,245,23,222,16.94915254237288,4.745762711864407,12.203389830508476,83.05084745762711,7.796610169491526,75.2542372881356
E00029525,224,39,18,21,185,19,166,17.410714285714285,8.035714285714286,9.375,82.58928571428571,8.482142857142858,74.10714285714286
E00029526,220,66,27,39,154,15,139,30,12.272727272727273,17.727272727272727,70,6.8181818181818175,63.18181818181819
E00029527,374,100,39,61,274,21,253,26.737967914438503,10.427807486631016,16.31016042780749,73.2620320855615,5.614973262032086,67.64705882352942
E00029528,309,90,53,37,219,10,209,29.126213592233007,17.15210355987055,11.974110032362459,70.87378640776699,3.2362459546925564,67.63754045307444
E00029529,195,77,50,27,118,10,108,39.48717948717949,25.64102564102564,13.846153846153847,60.51282051282051,5.128205128205128,55.38461538461539
E00029530,231,91,48,43,140,12,128,39.39393939393939,20.77922077922078,18.614718614718615,60.60606060606061,5.194805194805195,55.41125541125541
E00029531,328,89,45,44,239,16,223,27.134146341463417,13.719512195121952,13.414634146341465,72.86585365853658,4.878048780487805,67.98780487804879
E00029532,284,74,46,28,210,16,194,26.056338028169012,16.19718309859155,9.859154929577464,73.94366197183099,5.633802816901409,68.30985915492957
E00029533,289,67,28,39,222,14,208,23.18339100346021,9.688581314878892,13.494809688581316,76.8166089965398,4.844290657439446,71.97231833910035
E00029534,334,91,42,49,243,18,225,27.245508982035926,12.574850299401197,14.67065868263473,72.75449101796407,5.389221556886228,67.36526946107784
E00029535,221,66,33,33,155,13,142,29.86425339366516,14.93212669683258,14.93212669683258,70.13574660633483,5.88235294117647,64.25339366515837
E00029536,404,136,88,48,268,18,250,33.663366336633665,21.782178217821784,11.881188118811881,66.33663366336634,4.455445544554455,61.88118811881188
E00029537,260,76,41,35,184,14,170,29.230769230769234,15.769230769230768,13.461538461538462,70.76923076923077,5.384615384615385,65.38461538461539
E00029538,282,67,27,40,215,12,203,23.75886524822695,9.574468085106384,14.184397163120568,76.24113475177306,4.25531914893617,71.98581560283688
E00029539,336,37,7,30,299,34,265,11.011904761904761,2.083333333333333,8.928571428571429,88.98809523809523,10.119047619047619,78.86904761904762
E00029540,286,47,23,24,239,32,207,16.433566433566433,8.041958041958042,8.391608391608392,83.56643356643356,11.188811188811188,72.37762237762237
E00029541,248,40,17,23,208,18,190,16.129032258064516,6.854838709677419,9.274193548387096,83.87096774193549,7.258064516129033,76.61290322580645
E00029542,323,55,25,30,268,28,240,17.027863777089784,7.739938080495357,9.287925696594428,82.97213622291022,8.6687306501548,74.30340557275542
E00029543,362,50,19,31,312,31,281,13.812154696132598,5.248618784530387,8.56353591160221,86.1878453038674,8.56353591160221,77.62430939226519
E00029544,455,62,22,40,393,36,357,13.626373626373626,4.835164835164836,8.791208791208792,86.37362637362638,7.9120879120879115,78.46153846153847
E00029545,318,30,14,16,288,19,269,9.433962264150944,4.40251572327044,5.031446540880504,90.56603773584906,5.9748427672955975,84.59119496855347
E00029546,333,66,25,41,267,31,236,19.81981981981982,7.5075075075075075,12.312312312312311,80.18018018018019,9.30930930930931,70.87087087087087
E00029547,384,74,32,42,310,25,285,19.270833333333336,8.333333333333332,10.9375,80.72916666666666,6.510416666666667,74.21875
E00029548,242,46,20,26,196,19,177,19.00826446280992,8.264462809917356,10.743801652892563,80.99173553719008,7.851239669421488,73.14049586776859
E00029549,309,78,43,35,231,29,202,25.24271844660194,13.915857605177994,11.326860841423949,74.75728155339806,9.385113268608414,65.37216828478964
E00029550,306,34,9,25,272,14,258,11.11111111111111,2.941176470588235,8.169934640522875,88.88888888888889,4.57516339869281,84.31372549019608
E00029551,447,61,20,41,386,39,347,13.646532438478747,4.47427293064877,9.172259507829978,86.35346756152126,8.724832214765101,77.62863534675614
E00029552,247,54,22,32,193,14,179,21.86234817813765,8.906882591093117,12.955465587044534,78.13765182186235,5.668016194331984,72.46963562753037
E00029553,266,51,16,35,215,18,197,19.172932330827066,6.015037593984962,13.157894736842104,80.82706766917293,6.7669172932330826,74.06015037593986
E00029554,372,93,27,66,279,27,252,25,7.258064516129033,17.741935483870968,75,7.258064516129033,67.74193548387096
E00029555,311,51,19,32,260,20,240,16.39871382636656,6.109324758842444,10.289389067524116,83.60128617363344,6.430868167202572,77.17041800643086
E00029556,286,45,12,33,241,18,223,15.734265734265735,4.195804195804196,11.538461538461538,84.26573426573427,6.293706293706294,77.97202797202797
E00029557,249,61,22,39,188,14,174,24.497991967871485,8.835341365461847,15.66265060240964,75.50200803212851,5.622489959839357,69.87951807228916
E00029558,322,55,25,30,267,30,237,17.080745341614907,7.763975155279502,9.316770186335404,82.91925465838509,9.316770186335404,73.6024844720497
E00029559,260,31,9,22,229,27,202,11.923076923076923,3.4615384615384617,8.461538461538462,88.07692307692308,10.384615384615385,77.6923076923077
E00029560,312,64,19,45,248,31,217,20.51282051282051,6.089743589743589,14.423076923076922,79.48717948717949,9.935897435897436,69.55128205128204
E00029561,262,48,19,29,214,20,194,18.3206106870229,7.251908396946565,11.068702290076336,81.67938931297711,7.633587786259542,74.04580152671755
E00029562,296,44,17,27,252,31,221,14.864864864864865,5.743243243243244,9.121621621621621,85.13513513513513,10.472972972972974,74.66216216216216
E00029563,270,42,21,21,228,19,209,15.555555555555555,7.777777777777778,7.777777777777778,84.44444444444444,7.037037037037037,77.4074074074074
E00029564,297,50,26,24,247,20,227,16.835016835016837,8.754208754208754,8.080808080808081,83.16498316498317,6.7340067340067336,76.43097643097643
E00029565,318,38,18,20,280,36,244,11.949685534591195,5.660377358490567,6.289308176100629,88.0503144654088,11.320754716981133,76.72955974842768
E00029566,329,58,22,36,271,29,242,17.62917933130699,6.68693009118541,10.94224924012158,82.37082066869301,8.814589665653495,73.55623100303951
E00029567,308,34,12,22,274,23,251,11.03896103896104,3.896103896103896,7.142857142857142,88.96103896103897,7.467532467532467,81.4935064935065
E00029568,248,55,17,38,193,24,169,22.177419354838708,6.854838709677419,15.32258064516129,77.82258064516128,9.67741935483871,68.14516129032258
E00029569,226,44,20,24,182,21,161,19.469026548672566,8.849557522123893,10.619469026548673,80.53097345132744,9.29203539823009,71.23893805309734
E00029570,259,45,15,30,214,28,186,17.374517374517374,5.7915057915057915,11.583011583011583,82.62548262548263,10.81081081081081,71.81467181467181
E00029571,300,48,16,32,252,27,225,16,5.333333333333334,10.666666666666668,84,9,75
E00029572,224,46,14,32,178,14,164,20.535714285714285,6.25,14.285714285714285,79.46428571428571,6.25,73.21428571428571
E00029573,339,42,18,24,297,33,264,12.389380530973451,5.3097345132743365,7.079646017699115,87.61061946902655,9.734513274336283,77.87610619469027
E00029574,259,97,56,41,162,22,140,37.45173745173745,21.62162162162162,15.83011583011583,62.54826254826254,8.494208494208493,54.054054054054056
E00029575,284,37,20,17,247,33,214,13.028169014084506,7.042253521126761,5.985915492957746,86.97183098591549,11.619718309859154,75.35211267605634
E00029576,294,56,26,30,238,26,212,19.047619047619047,8.843537414965986,10.204081632653061,80.95238095238095,8.843537414965986,72.10884353741497
E00029577,265,59,27,32,206,24,182,22.264150943396228,10.18867924528302,12.075471698113208,77.73584905660378,9.056603773584905,68.67924528301886
E00029578,221,61,30,31,160,11,149,27.601809954751133,13.574660633484163,14.027149321266968,72.39819004524887,4.97737556561086,67.42081447963801
E00029579,319,64,33,31,255,23,232,20.06269592476489,10.344827586206897,9.717868338557993,79.9373040752351,7.210031347962382,72.72727272727273
E00029580,303,40,12,28,263,26,237,13.2013201320132,3.9603960396039604,9.24092409240924,86.79867986798679,8.58085808580858,78.21782178217822
E00029581,250,50,19,31,200,19,181,20,7.6,12.4,80,7.6,72.39999999999999
E00029582,276,48,15,33,228,24,204,17.391304347826086,5.434782608695652,11.956521739130435,82.6086956521739,8.695652173913043,73.91304347826086
E00029583,258,36,11,25,222,22,200,13.953488372093023,4.263565891472868,9.689922480620156,86.04651162790698,8.527131782945736,77.51937984496125
E00029584,312,51,21,30,261,25,236,16.346153846153847,6.730769230769231,9.615384615384617,83.65384615384616,8.012820512820513,75.64102564102564
E00029585,327,23,5,18,304,32,272,7.033639143730887,1.529051987767584,5.5045871559633035,92.96636085626912,9.785932721712538,83.18042813455658
E00029586,268,55,18,37,213,33,180,20.522388059701495,6.7164179104477615,13.805970149253731,79.47761194029852,12.313432835820896,67.16417910447761
E00029587,332,40,14,26,292,23,269,12.048192771084338,4.216867469879518,7.83132530120482,87.95180722891565,6.927710843373494,81.02409638554217
E00029588,291,51,15,36,240,18,222,17.525773195876287,5.154639175257731,12.371134020618557,82.4742268041237,6.185567010309279,76.28865979381443
E00029589,322,41,11,30,281,22,259,12.732919254658384,3.4161490683229814,9.316770186335404,87.26708074534162,6.832298136645963,80.43478260869566
E00029590,271,49,22,27,222,23,199,18.081180811808117,8.118081180811808,9.96309963099631,81.91881918819189,8.487084870848708,73.43173431734317
E00029591,343,51,19,32,292,26,266,14.868804664723031,5.539358600583091,9.329446064139942,85.13119533527697,7.580174927113703,77.55102040816327
E00029592,280,43,18,25,237,19,218,15.357142857142858,6.428571428571428,8.928571428571429,84.64285714285714,6.785714285714286,77.85714285714286
E00029593,345,65,34,31,280,32,248,18.84057971014493,9.855072463768117,8.985507246376812,81.15942028985508,9.27536231884058,71.8840579710145
E00029594,356,60,19,41,296,19,277,16.853932584269664,5.337078651685393,11.51685393258427,83.14606741573034,5.337078651685393,77.80898876404494
E00029595,299,65,25,40,234,20,214,21.73913043478261,8.361204013377927,13.377926421404682,78.26086956521739,6.688963210702341,71.57190635451505
E00029596,290,45,21,24,245,24,221,15.517241379310345,7.241379310344828,8.275862068965518,84.48275862068965,8.275862068965518,76.20689655172413
E00029597,315,48,14,34,267,19,248,15.238095238095239,4.444444444444445,10.793650793650794,84.76190476190476,6.031746031746032,78.73015873015873
E00029598,344,60,17,43,284,31,253,17.441860465116278,4.941860465116279,12.5,82.55813953488372,9.011627906976743,73.54651162790698
E00029599,323,42,19,23,281,32,249,13.003095975232199,5.88235294117647,7.120743034055728,86.9969040247678,9.907120743034056,77.08978328173374
E00029600,325,35,14,21,290,19,271,10.76923076923077,4.3076923076923075,6.461538461538462,89.23076923076924,5.846153846153846,83.38461538461537
E00029601,304,62,27,35,242,20,222,20.394736842105264,8.881578947368421,11.513157894736842,79.60526315789474,6.578947368421052,73.02631578947368
E00029602,243,72,43,29,171,17,154,29.629629629629626,17.695473251028808,11.934156378600823,70.37037037037037,6.995884773662551,63.37448559670782
E00029603,317,45,17,28,272,21,251,14.195583596214512,5.3627760252365935,8.832807570977918,85.8044164037855,6.624605678233439,79.17981072555204
E00029605,252,51,24,27,201,17,184,20.238095238095237,9.523809523809524,10.714285714285714,79.76190476190477,6.746031746031746,73.01587301587301
E00029606,304,55,25,30,249,21,228,18.092105263157894,8.223684210526317,9.868421052631579,81.9078947368421,6.907894736842106,75
E00029607,404,119,65,54,285,20,265,29.455445544554454,16.08910891089109,13.366336633663368,70.54455445544554,4.9504950495049505,65.5940594059406
E00029608,294,44,20,24,250,34,216,14.965986394557824,6.802721088435375,8.16326530612245,85.03401360544217,11.564625850340136,73.46938775510205
E00029609,367,60,32,28,307,21,286,16.348773841961854,8.71934604904632,7.629427792915531,83.65122615803816,5.722070844686648,77.9291553133515
E00029610,294,100,54,46,194,16,178,34.01360544217687,18.367346938775512,15.646258503401361,65.98639455782312,5.442176870748299,60.544217687074834
E00029611,362,47,14,33,315,20,295,12.98342541436464,3.867403314917127,9.116022099447514,87.01657458563537,5.524861878453039,81.49171270718232
E00029612,464,110,62,48,354,25,329,23.70689655172414,13.36206896551724,10.344827586206897,76.29310344827587,5.387931034482758,70.90517241379311
E00029613,330,44,21,23,286,29,257,13.333333333333334,6.363636363636363,6.969696969696971,86.66666666666667,8.787878787878787,77.87878787878788
E00029614,380,62,27,35,318,20,298,16.315789473684212,7.105263157894736,9.210526315789473,83.6842105263158,5.263157894736842,78.42105263157895
E00029615,301,40,14,26,261,35,226,13.2890365448505,4.651162790697675,8.637873754152823,86.71096345514951,11.627906976744185,75.08305647840533
E00029616,264,40,17,23,224,22,202,15.151515151515152,6.4393939393939394,8.712121212121213,84.84848484848484,8.333333333333332,76.51515151515152
E00029617,363,63,33,30,300,15,285,17.355371900826448,9.090909090909092,8.264462809917356,82.64462809917356,4.132231404958678,78.51239669421489
E00029618,348,51,25,26,297,22,275,14.655172413793101,7.183908045977011,7.471264367816093,85.34482758620689,6.321839080459771,79.02298850574712
E00029619,290,58,23,35,232,16,216,20,7.931034482758621,12.068965517241379,80,5.517241379310345,74.48275862068967
E00029620,327,50,20,30,277,26,251,15.29051987767584,6.116207951070336,9.174311926605505,84.70948012232415,7.951070336391437,76.75840978593273
E00029621,309,49,21,28,260,23,237,15.857605177993527,6.796116504854369,9.06148867313916,84.14239482200647,7.443365695792881,76.69902912621359
E00029622,302,37,12,25,265,19,246,12.251655629139073,3.9735099337748347,8.27814569536424,87.74834437086093,6.291390728476822,81.45695364238411
E00029623,354,68,30,38,286,28,258,19.2090395480226,8.47457627118644,10.734463276836157,80.7909604519774,7.909604519774012,72.88135593220339
E00029624,358,50,22,28,308,23,285,13.966480446927374,6.145251396648044,7.82122905027933,86.03351955307262,6.424581005586592,79.60893854748603
E00029625,367,64,28,36,303,34,269,17.43869209809264,7.629427792915531,9.809264305177113,82.56130790190736,9.264305177111716,73.29700272479565
E00029626,373,51,22,29,322,35,287,13.672922252010725,5.898123324396782,7.774798927613941,86.32707774798928,9.383378016085791,76.94369973190348
E00029627,376,46,20,26,330,26,304,12.23404255319149,5.319148936170213,6.914893617021277,87.7659574468085,6.914893617021277,80.85106382978722
E00029628,347,57,22,35,290,23,267,16.42651296829971,6.340057636887608,10.086455331412104,83.5734870317003,6.628242074927954,76.94524495677233
E00029629,349,67,26,41,282,22,260,19.197707736389685,7.4498567335243555,11.74785100286533,80.80229226361033,6.303724928366762,74.49856733524355
E00029630,336,68,35,33,268,27,241,20.238095238095237,10.416666666666668,9.821428571428571,79.76190476190477,8.035714285714286,71.72619047619048
E00029631,225,56,18,38,169,18,151,24.88888888888889,8,16.88888888888889,75.1111111111111,8,67.11111111111111
E00029632,396,77,31,46,319,21,298,19.444444444444446,7.828282828282829,11.616161616161616,80.55555555555556,5.303030303030303,75.25252525252525
E00029633,251,46,20,26,205,13,192,18.326693227091635,7.968127490039841,10.358565737051793,81.67330677290838,5.179282868525896,76.49402390438247
E00029634,225,40,18,22,185,6,179,17.77777777777778,8,9.777777777777779,82.22222222222221,2.666666666666667,79.55555555555556
E00029635,354,44,11,33,310,30,280,12.429378531073446,3.1073446327683616,9.322033898305085,87.57062146892656,8.47457627118644,79.09604519774011
E00029636,351,33,13,20,318,22,296,9.401709401709402,3.7037037037037033,5.698005698005698,90.5982905982906,6.267806267806268,84.33048433048434
E00029637,244,36,13,23,208,22,186,14.754098360655737,5.327868852459016,9.426229508196721,85.24590163934425,9.01639344262295,76.22950819672131
E00029638,405,51,13,38,354,34,320,12.592592592592592,3.2098765432098766,9.382716049382717,87.4074074074074,8.395061728395062,79.01234567901234
E00029639,297,46,17,29,251,26,225,15.488215488215488,5.723905723905724,9.764309764309765,84.51178451178451,8.754208754208754,75.75757575757575
E00029640,374,51,17,34,323,28,295,13.636363636363635,4.545454545454546,9.090909090909092,86.36363636363636,7.4866310160427805,78.87700534759358
E00029641,391,67,31,36,324,30,294,17.135549872122763,7.928388746803069,9.207161125319693,82.86445012787725,7.672634271099745,75.1918158567775
E00029642,300,36,7,29,264,26,238,12,2.3333333333333335,9.666666666666666,88,8.666666666666668,79.33333333333333
E00029643,259,46,14,32,213,24,189,17.760617760617762,5.405405405405405,12.355212355212355,82.23938223938224,9.266409266409266,72.97297297297297
E00029644,305,38,17,21,267,28,239,12.459016393442624,5.573770491803279,6.885245901639345,87.54098360655738,9.180327868852459,78.36065573770492
E00029645,236,35,4,31,201,31,170,14.83050847457627,1.694915254237288,13.135593220338984,85.16949152542372,13.135593220338984,72.03389830508475
E00029646,243,41,7,34,202,29,173,16.872427983539097,2.880658436213992,13.991769547325102,83.1275720164609,11.934156378600823,71.19341563786008
E00029647,231,31,4,27,200,18,182,13.41991341991342,1.7316017316017316,11.688311688311687,86.58008658008657,7.792207792207792,78.78787878787878
E00029648,266,30,17,13,236,23,213,11.278195488721805,6.390977443609022,4.887218045112782,88.7218045112782,8.646616541353383,80.07518796992481
E00029649,256,48,21,27,208,25,183,18.75,8.203125,10.546875,81.25,9.765625,71.484375
E00029650,264,42,21,21,222,18,204,15.909090909090908,7.954545454545454,7.954545454545454,84.0909090909091,6.8181818181818175,77.27272727272727
E00029651,308,34,12,22,274,20,254,11.03896103896104,3.896103896103896,7.142857142857142,88.96103896103897,6.493506493506493,82.46753246753246
E00029652,249,53,26,27,196,28,168,21.285140562248998,10.441767068273093,10.843373493975903,78.714859437751,11.244979919678714,67.46987951807229
E00029653,166,29,13,16,137,21,116,17.46987951807229,7.83132530120482,9.63855421686747,82.53012048192771,12.650602409638553,69.87951807228916
E00029654,315,39,12,27,276,33,243,12.380952380952381,3.8095238095238098,8.571428571428571,87.61904761904762,10.476190476190476,77.14285714285715
E00029655,223,55,20,35,168,8,160,24.663677130044842,8.968609865470851,15.695067264573993,75.33632286995515,3.587443946188341,71.74887892376681
E00029656,207,28,8,20,179,17,162,13.526570048309178,3.864734299516908,9.66183574879227,86.47342995169082,8.212560386473431,78.26086956521739
E00029657,290,37,15,22,253,39,214,12.758620689655173,5.172413793103448,7.586206896551724,87.24137931034483,13.448275862068964,73.79310344827587
E00029658,268,25,12,13,243,28,215,9.328358208955224,4.477611940298507,4.850746268656716,90.67164179104478,10.44776119402985,80.22388059701493
E00029659,314,75,39,36,239,25,214,23.88535031847134,12.420382165605096,11.464968152866243,76.11464968152866,7.961783439490445,68.15286624203821
E00029660,237,44,25,19,193,15,178,18.565400843881857,10.548523206751055,8.016877637130802,81.43459915611815,6.329113924050633,75.10548523206751
E00029661,432,57,23,34,375,36,339,13.194444444444445,5.324074074074074,7.87037037037037,86.80555555555556,8.333333333333332,78.47222222222221
E00029662,344,41,20,21,303,19,284,11.918604651162791,5.813953488372093,6.104651162790697,88.0813953488372,5.523255813953488,82.55813953488372
E00029663,264,72,41,31,192,18,174,27.27272727272727,15.530303030303031,11.742424242424242,72.72727272727273,6.8181818181818175,65.9090909090909
E00029664,343,46,18,28,297,18,279,13.411078717201166,5.247813411078718,8.16326530612245,86.58892128279884,5.247813411078718,81.34110787172013
E00029665,304,32,10,22,272,29,243,10.526315789473683,3.289473684210526,7.236842105263158,89.47368421052632,9.539473684210527,79.93421052631578
E00029666,283,44,18,26,239,31,208,15.547703180212014,6.36042402826855,9.187279151943462,84.45229681978799,10.954063604240282,73.4982332155477
E00029667,304,28,10,18,276,24,252,9.210526315789473,3.289473684210526,5.921052631578947,90.78947368421053,7.894736842105263,82.89473684210526
E00029668,263,48,23,25,215,23,192,18.250950570342205,8.745247148288973,9.505703422053232,81.74904942965779,8.745247148288973,73.00380228136882
E00029669,296,45,10,35,251,24,227,15.202702702702704,3.3783783783783785,11.824324324324325,84.7972972972973,8.108108108108109,76.6891891891892
E00029670,333,41,11,30,292,22,270,12.312312312312311,3.303303303303303,9.00900900900901,87.68768768768768,6.606606606606606,81.08108108108108
E00029671,370,35,9,26,335,32,303,9.45945945945946,2.4324324324324325,7.027027027027027,90.54054054054053,8.64864864864865,81.89189189189189
E00029672,326,43,15,28,283,41,242,13.190184049079754,4.601226993865031,8.588957055214724,86.80981595092024,12.576687116564417,74.23312883435584
E00029673,267,36,16,20,231,31,200,13.48314606741573,5.992509363295881,7.490636704119851,86.51685393258427,11.610486891385769,74.90636704119851
E00029674,291,38,8,30,253,30,223,13.058419243986256,2.7491408934707904,10.309278350515463,86.94158075601375,10.309278350515463,76.6323024054983
E00029675,118,38,18,20,80,5,75,32.20338983050847,15.254237288135593,16.94915254237288,67.79661016949152,4.23728813559322,63.559322033898304
E00029676,352,46,23,23,306,28,278,13.068181818181818,6.534090909090909,6.534090909090909,86.93181818181817,7.954545454545454,78.97727272727273
E00029677,230,28,8,20,202,16,186,12.173913043478262,3.4782608695652173,8.695652173913043,87.82608695652175,6.956521739130435,80.8695652173913
E00029678,340,28,8,20,312,36,276,8.235294117647058,2.3529411764705883,5.88235294117647,91.76470588235294,10.588235294117647,81.17647058823529
E00029679,231,25,11,14,206,20,186,10.822510822510822,4.761904761904762,6.0606060606060606,89.17748917748918,8.658008658008658,80.51948051948052
E00029680,328,34,8,26,294,30,264,10.365853658536585,2.4390243902439024,7.926829268292683,89.63414634146342,9.146341463414634,80.48780487804879
E00029681,279,50,14,36,229,36,193,17.921146953405017,5.017921146953405,12.903225806451612,82.07885304659499,12.903225806451612,69.17562724014337
E00029682,298,50,18,32,248,22,226,16.778523489932887,6.0402684563758395,10.738255033557047,83.22147651006712,7.38255033557047,75.83892617449665
E00029683,261,27,11,16,234,32,202,10.344827586206897,4.21455938697318,6.130268199233716,89.65517241379311,12.260536398467432,77.39463601532567
E00029684,302,32,6,26,270,26,244,10.596026490066226,1.9867549668874174,8.609271523178808,89.40397350993378,8.609271523178808,80.79470198675497
E00029685,282,52,18,34,230,22,208,18.439716312056735,6.382978723404255,12.056737588652481,81.56028368794325,7.801418439716312,73.75886524822694
E00029686,353,55,20,35,298,26,272,15.58073654390935,5.6657223796034,9.91501416430595,84.41926345609065,7.365439093484419,77.05382436260622
E00029687,354,52,15,37,302,24,278,14.689265536723164,4.23728813559322,10.451977401129943,85.31073446327684,6.779661016949152,78.53107344632768
E00029688,242,41,14,27,201,21,180,16.94214876033058,5.785123966942149,11.15702479338843,83.05785123966942,8.677685950413224,74.3801652892562
E00029689,299,44,20,24,255,23,232,14.715719063545151,6.688963210702341,8.02675585284281,85.28428093645485,7.6923076923076925,77.59197324414716
E00029690,298,60,20,40,238,20,218,20.13422818791946,6.7114093959731544,13.422818791946309,79.86577181208054,6.7114093959731544,73.15436241610739
E00029691,275,42,10,32,233,17,216,15.272727272727273,3.6363636363636362,11.636363636363637,84.72727272727273,6.181818181818182,78.54545454545455
E00029692,293,38,11,27,255,30,225,12.969283276450511,3.754266211604096,9.215017064846416,87.03071672354949,10.238907849829351,76.79180887372013
E00029693,277,41,9,32,236,18,218,14.801444043321299,3.2490974729241873,11.552346570397113,85.1985559566787,6.4981949458483745,78.70036101083032
E00029694,349,45,11,34,304,32,272,12.893982808022923,3.151862464183381,9.742120343839542,87.10601719197709,9.169054441260744,77.93696275071633
E00029695,249,50,21,29,199,14,185,20.080321285140563,8.433734939759036,11.646586345381527,79.91967871485943,5.622489959839357,74.29718875502009
E00029696,204,56,28,28,148,22,126,27.450980392156865,13.725490196078432,13.725490196078432,72.54901960784314,10.784313725490197,61.76470588235294
E00029697,333,44,17,27,289,27,262,13.213213213213212,5.105105105105105,8.108108108108109,86.78678678678679,8.108108108108109,78.67867867867868
E00029698,305,35,13,22,270,20,250,11.475409836065573,4.2622950819672125,7.213114754098362,88.52459016393442,6.557377049180328,81.9672131147541
E00029699,304,56,22,34,248,28,220,18.421052631578945,7.236842105263158,11.18421052631579,81.57894736842105,9.210526315789473,72.36842105263158
E00029700,311,62,33,29,249,29,220,19.935691318327976,10.610932475884244,9.32475884244373,80.06430868167203,9.32475884244373,70.7395498392283
E00029701,369,50,21,29,319,22,297,13.550135501355012,5.691056910569105,7.8590785907859075,86.44986449864498,5.9620596205962055,80.48780487804879
E00029702,350,56,26,30,294,17,277,16,7.428571428571429,8.571428571428571,84,4.857142857142857,79.14285714285715
E00029703,328,111,63,48,217,33,184,33.84146341463415,19.20731707317073,14.634146341463413,66.15853658536585,10.060975609756099,56.09756097560976
E00029704,317,59,14,45,258,37,221,18.61198738170347,4.416403785488959,14.195583596214512,81.38801261829653,11.67192429022082,69.71608832807571
E00029705,319,44,18,26,275,31,244,13.793103448275861,5.6426332288401255,8.150470219435736,86.20689655172413,9.717868338557993,76.48902821316614
E00029706,276,47,13,34,229,16,213,17.02898550724638,4.710144927536232,12.318840579710146,82.97101449275362,5.797101449275362,77.17391304347827
E00029707,441,54,21,33,387,30,357,12.244897959183673,4.761904761904762,7.482993197278912,87.75510204081633,6.802721088435375,80.95238095238095
E00029708,331,29,11,18,302,34,268,8.761329305135952,3.3232628398791544,5.438066465256798,91.23867069486404,10.27190332326284,80.96676737160121
E00029709,227,41,16,25,186,17,169,18.06167400881057,7.048458149779736,11.013215859030836,81.93832599118943,7.488986784140969,74.44933920704845
E00029710,341,56,20,36,285,27,258,16.422287390029325,5.865102639296188,10.557184750733137,83.57771260997067,7.9178885630498534,75.65982404692082
E00029711,334,42,16,26,292,34,258,12.574850299401197,4.790419161676647,7.784431137724551,87.42514970059881,10.179640718562874,77.24550898203593
E00029712,297,45,13,32,252,23,229,15.151515151515152,4.377104377104377,10.774410774410773,84.84848484848484,7.744107744107744,77.10437710437711
E00029713,368,49,22,27,319,21,298,13.31521739130435,5.978260869565218,7.336956521739131,86.68478260869566,5.706521739130435,80.97826086956522
E00029714,160,35,19,16,125,5,120,21.875,11.875,10,78.125,3.125,75
E00029715,229,55,20,35,174,15,159,24.017467248908297,8.73362445414847,15.283842794759824,75.9825327510917,6.550218340611353,69.43231441048034
E00029716,305,57,29,28,248,26,222,18.688524590163937,9.508196721311474,9.180327868852459,81.31147540983606,8.524590163934425,72.78688524590164
E00029718,262,29,13,16,233,20,213,11.068702290076336,4.961832061068702,6.106870229007633,88.93129770992367,7.633587786259542,81.29770992366412
E00029719,281,43,19,24,238,23,215,15.302491103202847,6.761565836298933,8.540925266903916,84.69750889679716,8.185053380782918,76.51245551601423
E00029720,295,33,10,23,262,29,233,11.186440677966102,3.389830508474576,7.796610169491526,88.8135593220339,9.830508474576272,78.98305084745762
E00029721,294,36,10,26,258,24,234,12.244897959183673,3.4013605442176873,8.843537414965986,87.75510204081633,8.16326530612245,79.59183673469387
E00029722,331,33,6,27,298,22,276,9.969788519637463,1.812688821752266,8.157099697885197,90.03021148036254,6.646525679758309,83.38368580060424
E00029723,260,26,8,18,234,32,202,10,3.076923076923077,6.923076923076923,90,12.307692307692308,77.6923076923077
E00029724,275,67,52,15,208,18,190,24.363636363636363,18.90909090909091,5.454545454545454,75.63636363636364,6.545454545454546,69.0909090909091
E00029725,260,28,13,15,232,19,213,10.76923076923077,5,5.769230769230769,89.23076923076924,7.307692307692308,81.92307692307692
E00029726,286,48,13,35,238,28,210,16.783216783216783,4.545454545454546,12.237762237762238,83.21678321678321,9.79020979020979,73.42657342657343
E00029727,363,85,36,49,278,42,236,23.415977961432507,9.917355371900827,13.498622589531681,76.5840220385675,11.570247933884298,65.0137741046832
E00029728,266,69,37,32,197,19,178,25.93984962406015,13.909774436090224,12.030075187969924,74.06015037593986,7.142857142857142,66.9172932330827
E00029729,330,57,26,31,273,26,247,17.272727272727273,7.878787878787878,9.393939393939393,82.72727272727273,7.878787878787878,74.84848484848486
E00029730,310,48,15,33,262,18,244,15.483870967741936,4.838709677419355,10.64516129032258,84.51612903225806,5.806451612903226,78.70967741935485
E00029731,341,62,22,40,279,32,247,18.181818181818183,6.451612903225806,11.730205278592376,81.81818181818183,9.3841642228739,72.43401759530792
E00029732,286,58,25,33,228,17,211,20.27972027972028,8.741258741258742,11.538461538461538,79.72027972027972,5.944055944055944,73.77622377622379
E00029733,413,96,42,54,317,23,294,23.24455205811138,10.16949152542373,13.075060532687651,76.75544794188862,5.569007263922518,71.1864406779661
E00029734,328,53,19,34,275,34,241,16.158536585365855,5.7926829268292686,10.365853658536585,83.84146341463415,10.365853658536585,73.47560975609755
E00029735,301,51,23,28,250,28,222,16.943521594684384,7.641196013289036,9.30232558139535,83.05647840531562,9.30232558139535,73.75415282392026
E00029737,283,45,12,33,238,28,210,15.901060070671377,4.240282685512367,11.66077738515901,84.09893992932862,9.89399293286219,74.20494699646643
E00029738,261,81,35,46,180,19,161,31.03448275862069,13.409961685823754,17.624521072796934,68.96551724137932,7.2796934865900385,61.68582375478927
E00029739,247,26,9,17,221,14,207,10.526315789473683,3.643724696356275,6.882591093117409,89.47368421052632,5.668016194331984,83.80566801619433
E00029740,262,37,8,29,225,16,209,14.122137404580155,3.0534351145038165,11.068702290076336,85.87786259541986,6.106870229007633,79.77099236641222
E00029741,267,36,14,22,231,12,219,13.48314606741573,5.2434456928838955,8.239700374531834,86.51685393258427,4.49438202247191,82.02247191011236
E00029742,336,77,24,53,259,20,239,22.916666666666664,7.142857142857142,15.773809523809524,77.08333333333334,5.952380952380952,71.13095238095238
E00029743,290,57,23,34,233,21,212,19.655172413793103,7.931034482758621,11.724137931034482,80.3448275862069,7.241379310344828,73.10344827586206
E00029744,257,47,16,31,210,18,192,18.28793774319066,6.22568093385214,12.062256809338521,81.71206225680933,7.003891050583658,74.70817120622569
E00029745,286,53,17,36,233,14,219,18.53146853146853,5.944055944055944,12.587412587412588,81.46853146853147,4.895104895104895,76.57342657342657
E00029746,271,37,16,21,234,25,209,13.653136531365314,5.904059040590406,7.7490774907749085,86.34686346863468,9.22509225092251,77.12177121771218
E00029747,278,68,26,42,210,25,185,24.46043165467626,9.352517985611511,15.107913669064748,75.53956834532374,8.992805755395683,66.54676258992805
E00029748,257,43,18,25,214,28,186,16.731517509727624,7.003891050583658,9.72762645914397,83.26848249027238,10.894941634241246,72.37354085603113
E00029749,253,72,33,39,181,18,163,28.458498023715418,13.043478260869565,15.41501976284585,71.54150197628458,7.114624505928854,64.42687747035573
E00029750,291,69,30,39,222,19,203,23.711340206185564,10.309278350515463,13.402061855670103,76.28865979381443,6.529209621993128,69.7594501718213
E00029751,264,34,11,23,230,14,216,12.878787878787879,4.166666666666666,8.712121212121213,87.12121212121212,5.303030303030303,81.81818181818183
E00029752,291,64,23,41,227,28,199,21.993127147766323,7.903780068728522,14.0893470790378,78.00687285223368,9.621993127147768,68.38487972508591
E00029753,290,48,16,32,242,20,222,16.551724137931036,5.517241379310345,11.03448275862069,83.44827586206897,6.896551724137931,76.55172413793103
E00029754,256,56,17,39,200,19,181,21.875,6.640625,15.234375,78.125,7.421875,70.703125
E00029755,178,76,45,31,102,18,84,42.69662921348314,25.280898876404496,17.415730337078653,57.30337078651685,10.112359550561797,47.19101123595505
E00029756,276,53,17,36,223,20,203,19.202898550724637,6.159420289855073,13.043478260869565,80.79710144927536,7.246376811594203,73.55072463768117
E00029757,266,38,19,19,228,24,204,14.285714285714285,7.142857142857142,7.142857142857142,85.71428571428571,9.022556390977442,76.69172932330827
E00029758,210,33,16,17,177,25,152,15.714285714285714,7.6190476190476195,8.095238095238095,84.28571428571429,11.904761904761903,72.38095238095238
E00029759,312,56,19,37,256,26,230,17.94871794871795,6.089743589743589,11.858974358974358,82.05128205128204,8.333333333333332,73.71794871794873
E00029760,256,47,17,30,209,21,188,18.359375,6.640625,11.71875,81.640625,8.203125,73.4375
E00029761,333,43,16,27,290,22,268,12.912912912912914,4.804804804804805,8.108108108108109,87.08708708708708,6.606606606606606,80.48048048048048
E00029762,256,68,26,42,188,18,170,26.5625,10.15625,16.40625,73.4375,7.03125,66.40625
E00029763,304,48,17,31,256,26,230,15.789473684210526,5.592105263157895,10.197368421052632,84.21052631578947,8.552631578947368,75.6578947368421
E00029764,235,59,26,33,176,18,158,25.106382978723403,11.063829787234042,14.042553191489363,74.8936170212766,7.659574468085106,67.23404255319149
E00029765,326,67,32,35,259,34,225,20.552147239263803,9.815950920245399,10.736196319018406,79.4478527607362,10.429447852760736,69.01840490797547
E00029767,291,32,10,22,259,15,244,10.996563573883162,3.436426116838488,7.560137457044673,89.00343642611683,5.154639175257731,83.8487972508591
E00029768,323,45,18,27,278,19,259,13.93188854489164,5.572755417956656,8.359133126934983,86.06811145510835,5.88235294117647,80.18575851393189
E00029769,379,99,66,33,280,26,254,26.121372031662272,17.41424802110818,8.70712401055409,73.87862796833772,6.860158311345646,67.01846965699208
E00029770,296,63,23,40,233,34,199,21.283783783783782,7.77027027027027,13.513513513513514,78.71621621621621,11.486486486486488,67.22972972972973
E00029771,308,40,14,26,268,22,246,12.987012987012985,4.545454545454546,8.441558441558442,87.01298701298701,7.142857142857142,79.87012987012987
E00029772,264,45,18,27,219,28,191,17.045454545454543,6.8181818181818175,10.227272727272728,82.95454545454545,10.606060606060606,72.34848484848484
E00029773,216,36,12,24,180,30,150,16.666666666666664,5.555555555555555,11.11111111111111,83.33333333333334,13.88888888888889,69.44444444444444
E00029774,285,68,32,36,217,26,191,23.859649122807017,11.228070175438596,12.631578947368421,76.14035087719299,9.12280701754386,67.01754385964912
E00029775,333,62,24,38,271,32,239,18.61861861861862,7.207207207207207,11.411411411411411,81.38138138138137,9.60960960960961,71.77177177177178
E00029776,414,82,38,44,332,30,302,19.806763285024154,9.178743961352657,10.628019323671497,80.19323671497585,7.246376811594203,72.94685990338165
E00029777,277,58,29,29,219,28,191,20.938628158844764,10.469314079422382,10.469314079422382,79.06137184115524,10.108303249097473,68.95306859205776
E00029778,253,70,20,50,183,20,163,27.66798418972332,7.905138339920949,19.76284584980237,72.33201581027669,7.905138339920949,64.42687747035573
E00029779,459,70,30,40,389,40,349,15.250544662309368,6.535947712418301,8.714596949891067,84.74945533769062,8.714596949891067,76.03485838779956
E00029780,251,46,31,15,205,23,182,18.326693227091635,12.350597609561753,5.9760956175298805,81.67330677290838,9.163346613545817,72.50996015936255
E00029781,265,31,7,24,234,34,200,11.69811320754717,2.6415094339622645,9.056603773584905,88.30188679245283,12.830188679245284,75.47169811320755
E00029782,213,67,36,31,146,16,130,31.455399061032864,16.901408450704224,14.553990610328638,68.54460093896714,7.511737089201878,61.03286384976526
E00029783,381,91,37,54,290,23,267,23.88451443569554,9.711286089238845,14.173228346456693,76.11548556430446,6.036745406824147,70.07874015748031
E00029784,347,56,16,40,291,30,261,16.138328530259365,4.610951008645533,11.527377521613833,83.86167146974063,8.645533141210375,75.21613832853026
E00029785,343,57,20,37,286,26,260,16.61807580174927,5.830903790087463,10.787172011661808,83.38192419825073,7.580174927113703,75.80174927113703
E00029786,287,45,5,40,242,34,208,15.6794425087108,1.7421602787456445,13.937282229965156,84.3205574912892,11.846689895470384,72.47386759581882
E00029787,281,40,18,22,241,31,210,14.23487544483986,6.405693950177936,7.829181494661921,85.76512455516014,11.032028469750891,74.73309608540926
E00029788,410,71,46,25,339,40,299,17.317073170731707,11.219512195121952,6.097560975609756,82.68292682926828,9.75609756097561,72.92682926829268
E00029789,277,36,16,20,241,29,212,12.996389891696749,5.776173285198556,7.2202166064981945,87.00361010830325,10.469314079422382,76.53429602888086
E00029790,241,38,12,26,203,17,186,15.767634854771783,4.979253112033195,10.78838174273859,84.23236514522821,7.053941908713693,77.17842323651453
E00029791,319,50,16,34,269,39,230,15.673981191222571,5.015673981191222,10.658307210031348,84.32601880877742,12.225705329153605,72.10031347962382
E00029792,293,43,10,33,250,46,204,14.675767918088736,3.4129692832764507,11.262798634812286,85.32423208191126,15.699658703071673,69.6245733788396
E00029793,329,34,15,19,295,35,260,10.33434650455927,4.5592705167173255,5.775075987841945,89.66565349544074,10.638297872340425,79.0273556231003
E00029794,313,40,11,29,273,40,233,12.779552715654951,3.5143769968051117,9.26517571884984,87.22044728434504,12.779552715654951,74.4408945686901
E00029795,289,53,21,32,236,33,203,18.33910034602076,7.26643598615917,11.072664359861593,81.66089965397923,11.418685121107266,70.24221453287197
E00029796,278,32,18,14,246,25,221,11.510791366906476,6.474820143884892,5.0359712230215825,88.48920863309353,8.992805755395683,79.49640287769785
E00029797,280,56,17,39,224,30,194,20,6.071428571428571,13.928571428571429,80,10.714285714285714,69.28571428571428
E00029798,281,54,22,32,227,27,200,19.217081850533805,7.829181494661921,11.387900355871885,80.78291814946618,9.608540925266903,71.17437722419929
E00029799,306,45,16,29,261,37,224,14.705882352941178,5.228758169934641,9.477124183006536,85.29411764705883,12.091503267973856,73.20261437908496
E00029800,303,42,8,34,261,32,229,13.861386138613863,2.6402640264026402,11.221122112211221,86.13861386138613,10.561056105610561,75.57755775577559
E00029801,280,43,17,26,237,28,209,15.357142857142858,6.071428571428571,9.285714285714286,84.64285714285714,10,74.64285714285714
E00029802,316,52,14,38,264,27,237,16.455696202531644,4.430379746835443,12.025316455696203,83.54430379746836,8.544303797468354,75
E00029803,285,23,9,14,262,28,234,8.070175438596491,3.1578947368421053,4.912280701754386,91.9298245614035,9.824561403508772,82.10526315789474
E00029804,280,34,19,15,246,24,222,12.142857142857142,6.785714285714286,5.357142857142857,87.85714285714286,8.571428571428571,79.28571428571428
E00029805,254,46,21,25,208,21,187,18.11023622047244,8.267716535433072,9.84251968503937,81.88976377952756,8.267716535433072,73.62204724409449
E00029806,298,21,8,13,277,31,246,7.046979865771812,2.684563758389262,4.3624161073825505,92.9530201342282,10.40268456375839,82.5503355704698
E00029807,275,52,23,29,223,18,205,18.90909090909091,8.363636363636363,10.545454545454545,81.0909090909091,6.545454545454546,74.54545454545455
E00029808,364,73,31,42,291,13,278,20.054945054945055,8.516483516483516,11.538461538461538,79.94505494505495,3.571428571428571,76.37362637362637
E00029809,366,54,21,33,312,28,284,14.754098360655737,5.737704918032787,9.01639344262295,85.24590163934425,7.650273224043716,77.59562841530054
E00029810,361,86,42,44,275,19,256,23.822714681440445,11.634349030470915,12.18836565096953,76.17728531855957,5.263157894736842,70.91412742382272
E00029811,204,48,20,28,156,12,144,23.52941176470588,9.803921568627452,13.725490196078432,76.47058823529412,5.88235294117647,70.58823529411765
E00029812,246,44,16,28,202,17,185,17.88617886178862,6.504065040650407,11.38211382113821,82.11382113821138,6.910569105691057,75.20325203252033
E00029813,289,46,12,34,243,16,227,15.916955017301039,4.1522491349480966,11.76470588235294,84.08304498269896,5.536332179930796,78.54671280276817
E00029814,243,57,30,27,186,17,169,23.456790123456788,12.345679012345679,11.11111111111111,76.5432098765432,6.995884773662551,69.54732510288066
E00029815,292,58,27,31,234,18,216,19.863013698630137,9.246575342465754,10.616438356164384,80.13698630136986,6.164383561643835,73.97260273972603
E00029816,302,66,36,30,236,26,210,21.85430463576159,11.920529801324504,9.933774834437086,78.1456953642384,8.609271523178808,69.5364238410596
E00029817,349,50,27,23,299,19,280,14.326647564469914,7.736389684813753,6.59025787965616,85.67335243553008,5.444126074498568,80.22922636103151
E00029818,337,73,29,44,264,16,248,21.66172106824926,8.605341246290802,13.056379821958458,78.33827893175074,4.747774480712167,73.59050445103857
E00029819,431,70,25,45,361,30,331,16.241299303944317,5.800464037122969,10.440835266821345,83.75870069605568,6.960556844547564,76.79814385150812
E00029820,430,93,42,51,337,18,319,21.627906976744185,9.767441860465116,11.86046511627907,78.37209302325581,4.186046511627907,74.18604651162791
E00029821,104,60,46,14,44,2,42,57.692307692307686,44.230769230769226,13.461538461538462,42.30769230769231,1.9230769230769231,40.38461538461539
E00029822,243,47,24,23,196,18,178,19.34156378600823,9.876543209876543,9.465020576131687,80.65843621399176,7.4074074074074066,73.25102880658436
E00029823,274,52,26,26,222,15,207,18.97810218978102,9.48905109489051,9.48905109489051,81.02189781021897,5.474452554744526,75.54744525547446
E00029824,316,49,22,27,267,22,245,15.50632911392405,6.962025316455696,8.544303797468354,84.49367088607595,6.962025316455696,77.53164556962025
E00029825,402,99,48,51,303,18,285,24.62686567164179,11.940298507462686,12.686567164179104,75.3731343283582,4.477611940298507,70.8955223880597
E00029826,275,59,24,35,216,21,195,21.454545454545453,8.727272727272728,12.727272727272727,78.54545454545455,7.636363636363637,70.9090909090909
E00029827,350,57,16,41,293,25,268,16.28571428571429,4.571428571428571,11.714285714285715,83.71428571428572,7.142857142857142,76.57142857142857
E00029828,315,71,32,39,244,15,229,22.53968253968254,10.158730158730158,12.380952380952381,77.46031746031747,4.761904761904762,72.6984126984127
E00029829,304,55,25,30,249,19,230,18.092105263157894,8.223684210526317,9.868421052631579,81.9078947368421,6.25,75.6578947368421
E00029830,354,64,30,34,290,16,274,18.07909604519774,8.47457627118644,9.6045197740113,81.92090395480226,4.519774011299435,77.40112994350282
E00029831,251,40,16,24,211,19,192,15.936254980079681,6.374501992031872,9.56175298804781,84.06374501992032,7.569721115537849,76.49402390438247
E00029832,174,34,11,23,140,10,130,19.54022988505747,6.321839080459771,13.218390804597702,80.45977011494253,5.747126436781609,74.71264367816092
E00029833,251,54,22,32,197,16,181,21.51394422310757,8.764940239043826,12.749003984063744,78.48605577689243,6.374501992031872,72.11155378486056
E00029834,238,56,28,28,182,21,161,23.52941176470588,11.76470588235294,11.76470588235294,76.47058823529412,8.823529411764707,67.64705882352942
E00029835,215,43,19,24,172,12,160,20,8.837209302325581,11.162790697674419,80,5.5813953488372094,74.4186046511628
E00029837,276,36,13,23,240,21,219,13.043478260869565,4.710144927536232,8.333333333333332,86.95652173913044,7.608695652173914,79.34782608695652
E00029838,306,42,17,25,264,25,239,13.725490196078432,5.555555555555555,8.169934640522875,86.27450980392157,8.169934640522875,78.10457516339869
E00029839,361,79,32,47,282,31,251,21.88365650969529,8.86426592797784,13.019390581717452,78.1163434903047,8.587257617728532,69.52908587257618
E00029840,303,55,22,33,248,22,226,18.151815181518153,7.2607260726072615,10.891089108910892,81.84818481848185,7.2607260726072615,74.58745874587459
E00029841,304,61,27,34,243,28,215,20.065789473684212,8.881578947368421,11.18421052631579,79.93421052631578,9.210526315789473,70.72368421052632
E00029842,245,42,20,22,203,23,180,17.142857142857142,8.16326530612245,8.979591836734693,82.85714285714286,9.387755102040817,73.46938775510205
E00029843,302,42,14,28,260,12,248,13.90728476821192,4.635761589403973,9.271523178807946,86.09271523178808,3.9735099337748347,82.11920529801324
E00029844,284,48,17,31,236,25,211,16.901408450704224,5.985915492957746,10.915492957746478,83.09859154929578,8.80281690140845,74.29577464788733
E00029845,288,44,14,30,244,15,229,15.277777777777779,4.861111111111112,10.416666666666668,84.72222222222221,5.208333333333334,79.51388888888889
E00029846,297,57,19,38,240,22,218,19.19191919191919,6.397306397306397,12.794612794612794,80.8080808080808,7.4074074074074066,73.4006734006734
E00029847,334,57,29,28,277,20,257,17.065868263473057,8.682634730538922,8.383233532934131,82.93413173652695,5.9880239520958085,76.94610778443113
E00029848,316,58,26,32,258,22,236,18.354430379746837,8.227848101265822,10.126582278481013,81.64556962025317,6.962025316455696,74.68354430379746
E00029849,321,83,40,43,238,17,221,25.85669781931464,12.461059190031152,13.395638629283487,74.14330218068535,5.29595015576324,68.84735202492212
E00029850,304,65,32,33,239,18,221,21.38157894736842,10.526315789473683,10.855263157894738,78.61842105263158,5.921052631578947,72.69736842105263
E00029851,298,60,26,34,238,17,221,20.13422818791946,8.724832214765101,11.409395973154362,79.86577181208054,5.704697986577181,74.16107382550335
E00029852,305,46,21,25,259,22,237,15.081967213114755,6.885245901639345,8.19672131147541,84.91803278688525,7.213114754098362,77.70491803278688
E00029853,261,45,28,17,216,25,191,17.24137931034483,10.727969348659004,6.513409961685824,82.75862068965517,9.578544061302683,73.18007662835248
E00029854,251,44,17,27,207,20,187,17.52988047808765,6.772908366533864,10.756972111553784,82.47011952191235,7.968127490039841,74.5019920318725
E00029855,246,43,16,27,203,15,188,17.479674796747968,6.504065040650407,10.975609756097562,82.52032520325203,6.097560975609756,76.42276422764228
E00029856,201,47,18,29,154,13,141,23.383084577114428,8.955223880597014,14.427860696517413,76.61691542288557,6.467661691542288,70.1492537313433
E00029857,205,26,9,17,179,13,166,12.682926829268293,4.390243902439024,8.292682926829269,87.3170731707317,6.341463414634147,80.97560975609757
E00029858,446,90,37,53,356,39,317,20.179372197309416,8.295964125560538,11.883408071748878,79.82062780269058,8.74439461883408,71.0762331838565
E00029859,314,48,16,32,266,20,246,15.286624203821656,5.095541401273886,10.191082802547772,84.71337579617835,6.369426751592357,78.343949044586
E00029860,291,56,25,31,235,27,208,19.243986254295535,8.59106529209622,10.652920962199312,80.75601374570446,9.278350515463918,71.47766323024055
E00029861,246,82,38,44,164,21,143,33.33333333333333,15.447154471544716,17.88617886178862,66.66666666666666,8.536585365853659,58.13008130081301
E00029862,257,75,37,38,182,16,166,29.18287937743191,14.396887159533073,14.785992217898833,70.8171206225681,6.22568093385214,64.59143968871595
E00029863,274,45,18,27,229,34,195,16.423357664233578,6.569343065693431,9.854014598540147,83.57664233576642,12.408759124087592,71.16788321167883
E00029864,319,34,7,27,285,29,256,10.658307210031348,2.19435736677116,8.463949843260188,89.34169278996865,9.090909090909092,80.25078369905955
E00029865,326,82,38,44,244,24,220,25.153374233128833,11.65644171779141,13.496932515337424,74.84662576687117,7.361963190184049,67.48466257668711
E00029866,287,69,20,49,218,19,199,24.041811846689896,6.968641114982578,17.073170731707318,75.9581881533101,6.620209059233449,69.33797909407666
E00029867,276,77,31,46,199,21,178,27.898550724637683,11.231884057971014,16.666666666666664,72.10144927536231,7.608695652173914,64.4927536231884
E00029868,313,67,27,40,246,18,228,21.405750798722046,8.626198083067091,12.779552715654951,78.59424920127796,5.7507987220447285,72.84345047923323
E00029869,297,78,47,31,219,20,199,26.262626262626267,15.824915824915825,10.437710437710438,73.73737373737373,6.7340067340067336,67.003367003367
E00029870,254,62,25,37,192,31,161,24.409448818897637,9.84251968503937,14.566929133858267,75.59055118110236,12.204724409448819,63.38582677165354
E00029871,300,36,13,23,264,25,239,12,4.333333333333334,7.666666666666666,88,8.333333333333332,79.66666666666666
E00029872,252,36,17,19,216,31,185,14.285714285714285,6.746031746031746,7.5396825396825395,85.71428571428571,12.3015873015873,73.4126984126984
E00029873,361,55,21,34,306,44,262,15.23545706371191,5.8171745152354575,9.418282548476455,84.7645429362881,12.18836565096953,72.57617728531855
E00029874,232,55,25,30,177,18,159,23.70689655172414,10.775862068965516,12.931034482758621,76.29310344827587,7.758620689655173,68.53448275862068
E00029875,267,58,25,33,209,25,184,21.722846441947567,9.363295880149813,12.359550561797752,78.27715355805243,9.363295880149813,68.91385767790263
E00029876,308,57,23,34,251,22,229,18.506493506493506,7.467532467532467,11.03896103896104,81.4935064935065,7.142857142857142,74.35064935064936
E00029877,306,63,18,45,243,26,217,20.588235294117645,5.88235294117647,14.705882352941178,79.41176470588235,8.49673202614379,70.91503267973856
E00029878,355,47,18,29,308,32,276,13.239436619718308,5.070422535211268,8.169014084507042,86.76056338028168,9.014084507042254,77.74647887323944
E00029879,360,60,19,41,300,36,264,16.666666666666664,5.277777777777778,11.38888888888889,83.33333333333334,10,73.33333333333333
E00029880,370,103,56,47,267,21,246,27.837837837837835,15.135135135135137,12.702702702702704,72.16216216216216,5.675675675675676,66.48648648648648
E00029881,260,67,35,32,193,9,184,25.769230769230766,13.461538461538462,12.307692307692308,74.23076923076923,3.4615384615384617,70.76923076923077
E00029882,328,35,14,21,293,27,266,10.670731707317072,4.2682926829268295,6.402439024390244,89.32926829268293,8.231707317073171,81.09756097560977
E00029883,331,45,13,32,286,33,253,13.595166163141995,3.927492447129909,9.667673716012084,86.404833836858,9.969788519637463,76.43504531722054
E00029884,273,58,16,42,215,29,186,21.245421245421245,5.86080586080586,15.384615384615385,78.75457875457876,10.622710622710622,68.13186813186813
E00029885,287,32,11,21,255,30,225,11.149825783972126,3.8327526132404177,7.317073170731707,88.85017421602788,10.452961672473867,78.397212543554
E00029886,253,41,14,27,212,31,181,16.205533596837945,5.533596837944664,10.67193675889328,83.79446640316206,12.25296442687747,71.54150197628458
E00029887,257,86,48,38,171,17,154,33.46303501945525,18.67704280155642,14.785992217898833,66.53696498054474,6.614785992217899,59.92217898832685
E00029888,190,47,27,20,143,17,126,24.736842105263158,14.210526315789473,10.526315789473683,75.26315789473685,8.947368421052632,66.3157894736842
E00029889,362,103,45,58,259,21,238,28.45303867403315,12.430939226519337,16.022099447513813,71.54696132596685,5.801104972375691,65.74585635359117
E00029890,268,42,17,25,226,17,209,15.671641791044777,6.343283582089552,9.328358208955224,84.32835820895522,6.343283582089552,77.98507462686567
E00029891,344,75,34,41,269,30,239,21.802325581395348,9.883720930232558,11.918604651162791,78.19767441860465,8.720930232558139,69.47674418604652
E00029892,312,69,39,30,243,30,213,22.115384615384613,12.5,9.615384615384617,77.88461538461539,9.615384615384617,68.26923076923077
E00029893,398,131,72,59,267,25,242,32.914572864321606,18.090452261306535,14.824120603015075,67.08542713567839,6.281407035175879,60.80402010050251
E00029894,276,56,28,28,220,25,195,20.28985507246377,10.144927536231885,10.144927536231885,79.71014492753623,9.057971014492754,70.65217391304348
E00029895,291,83,34,49,208,17,191,28.52233676975945,11.683848797250858,16.83848797250859,71.47766323024055,5.841924398625429,65.63573883161511
E00029896,282,34,15,19,248,29,219,12.056737588652481,5.319148936170213,6.73758865248227,87.94326241134752,10.28368794326241,77.6595744680851
E00029897,292,60,30,30,232,14,218,20.54794520547945,10.273972602739725,10.273972602739725,79.45205479452055,4.794520547945205,74.65753424657534
E00029898,280,34,13,21,246,26,220,12.142857142857142,4.642857142857143,7.5,87.85714285714286,9.285714285714286,78.57142857142857
E00029899,284,52,14,38,232,31,201,18.30985915492958,4.929577464788732,13.380281690140844,81.69014084507043,10.915492957746478,70.77464788732394
E00029900,340,79,37,42,261,31,230,23.235294117647058,10.882352941176471,12.352941176470589,76.76470588235294,9.117647058823529,67.64705882352942
E00029901,319,81,31,50,238,24,214,25.391849529780565,9.717868338557993,15.673981191222571,74.60815047021944,7.523510971786834,67.0846394984326
E00029902,283,72,33,39,211,20,191,25.4416961130742,11.66077738515901,13.780918727915195,74.55830388692578,7.06713780918728,67.49116607773851
E00029903,330,80,41,39,250,26,224,24.242424242424242,12.424242424242424,11.818181818181818,75.75757575757575,7.878787878787878,67.87878787878789
E00029904,292,78,34,44,214,21,193,26.71232876712329,11.643835616438356,15.068493150684931,73.28767123287672,7.191780821917808,66.0958904109589
E00029905,260,57,20,37,203,22,181,21.923076923076923,7.6923076923076925,14.23076923076923,78.07692307692308,8.461538461538462,69.61538461538461
E00029906,250,66,37,29,184,11,173,26.400000000000002,14.799999999999999,11.600000000000001,73.6,4.3999999999999995,69.19999999999999
E00029907,338,89,42,47,249,23,226,26.331360946745562,12.42603550295858,13.905325443786982,73.66863905325444,6.8047337278106506,66.86390532544378
E00029908,279,56,25,31,223,23,200,20.07168458781362,8.960573476702509,11.11111111111111,79.92831541218638,8.24372759856631,71.68458781362007
E00029909,371,46,10,36,325,44,281,12.398921832884097,2.6954177897574128,9.703504043126685,87.6010781671159,11.859838274932615,75.74123989218329
E00029910,321,61,24,37,260,35,225,19.003115264797508,7.476635514018691,11.526479750778815,80.99688473520249,10.903426791277258,70.09345794392523
E00029911,246,53,15,38,193,21,172,21.544715447154474,6.097560975609756,15.447154471544716,78.45528455284553,8.536585365853659,69.91869918699187
E00029912,357,37,10,27,320,23,297,10.364145658263306,2.801120448179272,7.563025210084033,89.6358543417367,6.442577030812324,83.19327731092437
E00029913,276,35,6,29,241,26,215,12.681159420289855,2.1739130434782608,10.507246376811594,87.31884057971014,9.420289855072465,77.89855072463769
E00029914,282,74,35,39,208,15,193,26.24113475177305,12.411347517730496,13.829787234042554,73.75886524822694,5.319148936170213,68.43971631205675
E00029915,293,53,23,30,240,19,221,18.088737201365188,7.849829351535837,10.238907849829351,81.91126279863481,6.484641638225256,75.42662116040955
E00029916,259,57,18,39,202,24,178,22.00772200772201,6.94980694980695,15.057915057915059,77.99227799227799,9.266409266409266,68.72586872586872
E00029917,243,57,33,24,186,27,159,23.456790123456788,13.580246913580247,9.876543209876543,76.5432098765432,11.11111111111111,65.4320987654321
E00029918,308,53,16,37,255,28,227,17.20779220779221,5.194805194805195,12.012987012987013,82.79220779220779,9.090909090909092,73.7012987012987
E00029919,349,62,28,34,287,30,257,17.765042979942695,8.022922636103152,9.742120343839542,82.23495702005731,8.595988538681947,73.63896848137536
E00029920,245,39,19,20,206,18,188,15.918367346938775,7.755102040816326,8.16326530612245,84.08163265306122,7.346938775510205,76.73469387755102
E00029921,218,40,10,30,178,17,161,18.34862385321101,4.587155963302752,13.761467889908257,81.65137614678899,7.79816513761468,73.85321100917432
E00029922,389,42,13,29,347,32,315,10.796915167095115,3.3419023136246784,7.455012853470437,89.20308483290489,8.226221079691516,80.97686375321337
E00029923,443,40,16,24,403,40,363,9.029345372460497,3.611738148984198,5.417607223476298,90.9706546275395,9.029345372460497,81.941309255079
E00029924,356,45,13,32,311,41,270,12.640449438202248,3.651685393258427,8.98876404494382,87.35955056179775,11.51685393258427,75.84269662921348
E00029925,311,45,13,32,266,37,229,14.469453376205788,4.180064308681672,10.289389067524116,85.53054662379421,11.89710610932476,73.63344051446946
E00029926,251,47,21,26,204,23,181,18.725099601593627,8.366533864541832,10.358565737051793,81.27490039840637,9.163346613545817,72.11155378486056
E00029927,287,52,13,39,235,21,214,18.118466898954704,4.529616724738676,13.588850174216027,81.8815331010453,7.317073170731707,74.56445993031359
E00029928,233,46,22,24,187,24,163,19.742489270386265,9.44206008583691,10.300429184549357,80.25751072961373,10.300429184549357,69.95708154506438
E00029929,214,61,34,27,153,16,137,28.504672897196258,15.887850467289718,12.616822429906541,71.49532710280374,7.476635514018691,64.01869158878505
E00029930,288,47,24,23,241,24,217,16.319444444444446,8.333333333333332,7.986111111111111,83.68055555555556,8.333333333333332,75.34722222222221
E00029931,235,50,27,23,185,24,161,21.27659574468085,11.48936170212766,9.787234042553191,78.72340425531915,10.212765957446807,68.51063829787233
E00029932,258,41,18,23,217,24,193,15.891472868217054,6.976744186046512,8.914728682170542,84.10852713178295,9.30232558139535,74.8062015503876
E00029933,381,121,66,55,260,23,237,31.758530183727036,17.322834645669293,14.435695538057743,68.24146981627297,6.036745406824147,62.20472440944882
E00029934,269,41,16,25,228,13,215,15.241635687732341,5.947955390334572,9.293680297397769,84.75836431226766,4.83271375464684,79.92565055762083
E00029935,249,57,25,32,192,25,167,22.89156626506024,10.040160642570282,12.851405622489958,77.10843373493977,10.040160642570282,67.06827309236948
E00029936,302,66,30,36,236,23,213,21.85430463576159,9.933774834437086,11.920529801324504,78.1456953642384,7.6158940397351,70.52980132450331
E00029937,250,22,5,17,228,28,200,8.799999999999999,2,6.800000000000001,91.2,11.200000000000001,80
E00029938,337,37,13,24,300,28,272,10.979228486646884,3.857566765578635,7.121661721068249,89.02077151335311,8.30860534124629,80.71216617210682
E00029939,260,27,11,16,233,20,213,10.384615384615385,4.230769230769231,6.153846153846154,89.61538461538461,7.6923076923076925,81.92307692307692
E00029940,313,49,19,30,264,31,233,15.654952076677317,6.070287539936102,9.584664536741213,84.34504792332268,9.904153354632587,74.4408945686901
E00029941,289,58,29,29,231,25,206,20.069204152249135,10.034602076124568,10.034602076124568,79.93079584775087,8.650519031141869,71.280276816609
E00029942,279,43,14,29,236,25,211,15.412186379928317,5.017921146953405,10.39426523297491,84.58781362007169,8.960573476702509,75.62724014336918
E00029943,266,62,37,25,204,16,188,23.308270676691727,13.909774436090224,9.398496240601503,76.69172932330827,6.015037593984962,70.67669172932331
E00029944,280,47,20,27,233,23,210,16.785714285714285,7.142857142857142,9.642857142857144,83.21428571428572,8.214285714285714,75
E00029945,269,47,27,20,222,38,184,17.472118959107807,10.037174721189592,7.434944237918216,82.5278810408922,14.12639405204461,68.40148698884758
E00029946,229,107,59,48,122,11,111,46.724890829694324,25.76419213973799,20.96069868995633,53.275109170305676,4.8034934497816595,48.47161572052402
E00029947,250,42,16,26,208,17,191,16.8,6.4,10.4,83.2,6.800000000000001,76.4
E00029948,298,63,32,31,235,22,213,21.140939597315437,10.738255033557047,10.40268456375839,78.85906040268456,7.38255033557047,71.47651006711409
E00029949,218,54,27,27,164,17,147,24.770642201834864,12.385321100917432,12.385321100917432,75.22935779816514,7.79816513761468,67.43119266055045
E00029950,191,44,23,21,147,15,132,23.036649214659686,12.041884816753926,10.99476439790576,76.96335078534031,7.853403141361256,69.10994764397905
E00029951,321,54,19,35,267,25,242,16.822429906542055,5.919003115264798,10.903426791277258,83.17757009345794,7.78816199376947,75.38940809968847
E00029952,222,42,18,24,180,20,160,18.91891891891892,8.108108108108109,10.81081081081081,81.08108108108108,9.00900900900901,72.07207207207207
E00029953,297,71,36,35,226,12,214,23.905723905723907,12.121212121212121,11.784511784511785,76.0942760942761,4.040404040404041,72.05387205387206
E00029954,277,61,33,28,216,26,190,22.021660649819495,11.913357400722022,10.108303249097473,77.9783393501805,9.386281588447654,68.59205776173285
E00029955,316,86,35,51,230,16,214,27.21518987341772,11.075949367088606,16.139240506329113,72.78481012658227,5.063291139240507,67.72151898734177
E00029956,323,83,42,41,240,23,217,25.696594427244584,13.003095975232199,12.693498452012383,74.30340557275542,7.120743034055728,67.18266253869969
E00029957,355,75,46,29,280,20,260,21.12676056338028,12.957746478873238,8.169014084507042,78.87323943661971,5.633802816901409,73.23943661971832
E00029958,233,69,42,27,164,18,146,29.613733905579398,18.025751072961373,11.587982832618025,70.3862660944206,7.725321888412018,62.66094420600859
E00029959,268,49,24,25,219,14,205,18.28358208955224,8.955223880597014,9.328358208955224,81.71641791044776,5.223880597014925,76.49253731343283
E00029960,264,76,32,44,188,12,176,28.78787878787879,12.121212121212121,16.666666666666664,71.21212121212122,4.545454545454546,66.66666666666666
E00029961,277,45,15,30,232,19,213,16.24548736462094,5.415162454873646,10.830324909747292,83.75451263537906,6.859205776173286,76.89530685920577
E00029962,284,56,23,33,228,16,212,19.718309859154928,8.098591549295776,11.619718309859154,80.28169014084507,5.633802816901409,74.64788732394366
E00029963,226,51,12,39,175,22,153,22.566371681415927,5.3097345132743365,17.25663716814159,77.43362831858407,9.734513274336283,67.69911504424779
E00029964,137,41,15,26,96,8,88,29.927007299270077,10.948905109489052,18.97810218978102,70.07299270072993,5.839416058394161,64.23357664233576
E00029965,217,37,11,26,180,19,161,17.050691244239633,5.0691244239631335,11.981566820276496,82.94930875576037,8.755760368663594,74.19354838709677
E00029966,295,60,27,33,235,19,216,20.33898305084746,9.152542372881356,11.186440677966102,79.66101694915254,6.440677966101695,73.22033898305085
E00029967,390,116,55,61,274,8,266,29.743589743589745,14.102564102564102,15.64102564102564,70.25641025641025,2.051282051282051,68.2051282051282
E00029968,258,52,19,33,206,19,187,20.155038759689923,7.3643410852713185,12.790697674418606,79.84496124031007,7.3643410852713185,72.48062015503875
E00029969,330,101,53,48,229,12,217,30.606060606060602,16.060606060606062,14.545454545454545,69.39393939393939,3.6363636363636362,65.75757575757576
E00029970,311,140,109,31,171,14,157,45.01607717041801,35.048231511254016,9.967845659163988,54.983922829581985,4.501607717041801,50.482315112540185
E00029971,262,55,21,34,207,18,189,20.99236641221374,8.015267175572518,12.977099236641221,79.00763358778626,6.870229007633588,72.13740458015268
E00029972,292,56,20,36,236,24,212,19.17808219178082,6.8493150684931505,12.32876712328767,80.82191780821918,8.21917808219178,72.6027397260274
E00029973,175,67,46,21,108,12,96,38.285714285714285,26.285714285714285,12,61.71428571428571,6.857142857142858,54.85714285714286
E00029974,243,82,35,47,161,19,142,33.744855967078195,14.40329218106996,19.34156378600823,66.2551440329218,7.818930041152264,58.43621399176955
E00029975,169,65,44,21,104,10,94,38.46153846153847,26.035502958579883,12.42603550295858,61.53846153846154,5.9171597633136095,55.62130177514793
E00029976,310,63,29,34,247,18,229,20.32258064516129,9.35483870967742,10.967741935483872,79.6774193548387,5.806451612903226,73.87096774193549
E00029977,271,87,50,37,184,18,166,32.10332103321033,18.45018450184502,13.653136531365314,67.89667896678966,6.642066420664207,61.254612546125465
E00029978,337,53,18,35,284,27,257,15.727002967359049,5.341246290801187,10.385756676557865,84.27299703264094,8.011869436201781,76.26112759643917
E00029979,304,73,28,45,231,14,217,24.013157894736842,9.210526315789473,14.802631578947366,75.98684210526315,4.605263157894736,71.38157894736842
E00029980,292,48,13,35,244,22,222,16.43835616438356,4.4520547945205475,11.986301369863012,83.56164383561644,7.534246575342466,76.02739726027397
E00029981,269,62,26,36,207,11,196,23.04832713754647,9.66542750929368,13.382899628252787,76.95167286245353,4.089219330855019,72.86245353159852
E00029982,300,66,29,37,234,23,211,22,9.666666666666666,12.333333333333334,78,7.666666666666666,70.33333333333334
E00029983,325,52,29,23,273,16,257,16,8.923076923076923,7.076923076923077,84,4.923076923076923,79.07692307692308
E00029984,317,53,21,32,264,19,245,16.7192429022082,6.624605678233439,10.094637223974763,83.2807570977918,5.993690851735016,77.28706624605678
E00029985,237,43,20,23,194,24,170,18.143459915611814,8.438818565400844,9.70464135021097,81.85654008438819,10.126582278481013,71.72995780590718
E00029986,251,66,33,33,185,21,164,26.294820717131472,13.147410358565736,13.147410358565736,73.70517928286853,8.366533864541832,65.33864541832669
E00029987,315,47,14,33,268,19,249,14.920634920634921,4.444444444444445,10.476190476190476,85.07936507936508,6.031746031746032,79.04761904761905
E00029988,315,37,7,30,278,23,255,11.746031746031745,2.2222222222222223,9.523809523809524,88.25396825396825,7.301587301587302,80.95238095238095
E00029989,330,52,22,30,278,16,262,15.757575757575756,6.666666666666667,9.090909090909092,84.24242424242424,4.848484848484849,79.39393939393939
E00029990,272,53,16,37,219,18,201,19.485294117647058,5.88235294117647,13.602941176470587,80.51470588235294,6.61764705882353,73.89705882352942
E00029991,258,52,29,23,206,21,185,20.155038759689923,11.24031007751938,8.914728682170542,79.84496124031007,8.13953488372093,71.70542635658916
E00029992,296,55,28,27,241,24,217,18.58108108108108,9.45945945945946,9.121621621621621,81.41891891891892,8.108108108108109,73.3108108108108
E00029993,256,41,20,21,215,21,194,16.015625,7.8125,8.203125,83.984375,8.203125,75.78125
E00029994,255,24,8,16,231,24,207,9.411764705882353,3.1372549019607843,6.2745098039215685,90.58823529411765,9.411764705882353,81.17647058823529
E00029995,289,51,24,27,238,16,222,17.647058823529413,8.304498269896193,9.342560553633218,82.35294117647058,5.536332179930796,76.8166089965398
E00029996,289,46,21,25,243,18,225,15.916955017301039,7.26643598615917,8.650519031141869,84.08304498269896,6.228373702422145,77.85467128027682
E00029997,240,32,13,19,208,22,186,13.333333333333334,5.416666666666667,7.916666666666666,86.66666666666667,9.166666666666666,77.5
E00029998,280,51,20,31,229,22,207,18.21428571428571,7.142857142857142,11.071428571428571,81.78571428571428,7.857142857142857,73.92857142857143
E00029999,193,37,17,20,156,16,140,19.170984455958546,8.808290155440414,10.362694300518134,80.82901554404145,8.290155440414509,72.53886010362694
E00030000,317,34,10,24,283,25,258,10.725552050473187,3.1545741324921135,7.570977917981073,89.27444794952682,7.886435331230284,81.38801261829653
E00030001,322,44,17,27,278,30,248,13.664596273291925,5.279503105590062,8.385093167701864,86.33540372670807,9.316770186335404,77.01863354037268
E00030002,354,78,30,48,276,36,240,22.033898305084744,8.47457627118644,13.559322033898304,77.96610169491525,10.16949152542373,67.79661016949152
E00030003,262,49,27,22,213,21,192,18.702290076335878,10.305343511450381,8.396946564885496,81.29770992366412,8.015267175572518,73.2824427480916
E00030004,323,43,18,25,280,29,251,13.312693498452013,5.572755417956656,7.739938080495357,86.687306501548,8.978328173374612,77.70897832817337
E00030005,291,46,15,31,245,25,220,15.807560137457044,5.154639175257731,10.652920962199312,84.19243986254295,8.59106529209622,75.60137457044674
E00030006,386,48,16,32,338,25,313,12.435233160621761,4.145077720207254,8.290155440414509,87.56476683937824,6.476683937823833,81.0880829015544
E00030007,307,38,11,27,269,24,245,12.37785016286645,3.5830618892508146,8.794788273615636,87.62214983713355,7.81758957654723,79.80456026058633
E00030008,298,50,17,33,248,29,219,16.778523489932887,5.704697986577181,11.073825503355705,83.22147651006712,9.731543624161073,73.48993288590604
E00030009,325,29,3,26,296,30,266,8.923076923076923,0.9230769230769231,8,91.07692307692308,9.230769230769232,81.84615384615384
E00030011,458,35,6,29,423,28,395,7.641921397379912,1.3100436681222707,6.331877729257641,92.35807860262008,6.11353711790393,86.24454148471615
E00030012,356,55,27,28,301,26,275,15.44943820224719,7.584269662921349,7.865168539325842,84.5505617977528,7.303370786516854,77.24719101123596
E00030013,280,40,16,24,240,29,211,14.285714285714285,5.714285714285714,8.571428571428571,85.71428571428571,10.357142857142858,75.35714285714286
E00030014,344,61,24,37,283,29,254,17.732558139534884,6.976744186046512,10.755813953488373,82.26744186046511,8.430232558139535,73.83720930232558
E00030015,307,78,34,44,229,23,206,25.407166123778502,11.074918566775244,14.332247557003258,74.5928338762215,7.491856677524431,67.10097719869707
E00030016,265,63,27,36,202,22,180,23.77358490566038,10.18867924528302,13.584905660377359,76.22641509433963,8.30188679245283,67.9245283018868
E00030017,308,44,15,29,264,31,233,14.285714285714285,4.870129870129871,9.415584415584416,85.71428571428571,10.064935064935066,75.64935064935064
E00030018,280,26,7,19,254,25,229,9.285714285714286,2.5,6.785714285714286,90.71428571428571,8.928571428571429,81.78571428571428
E00030019,366,44,15,29,322,35,287,12.021857923497267,4.098360655737705,7.923497267759563,87.97814207650273,9.562841530054644,78.41530054644808
E00030020,350,51,13,38,299,28,271,14.571428571428571,3.7142857142857144,10.857142857142858,85.42857142857143,8,77.42857142857143
E00030021,213,37,13,24,176,19,157,17.370892018779344,6.103286384976526,11.267605633802818,82.62910798122066,8.92018779342723,73.70892018779342
E00030022,345,42,12,30,303,28,275,12.173913043478262,3.4782608695652173,8.695652173913043,87.82608695652175,8.115942028985506,79.71014492753623
E00030023,389,44,13,31,345,28,317,11.311053984575835,3.3419023136246784,7.969151670951156,88.68894601542416,7.197943444730077,81.49100257069408
E00030024,332,42,15,27,290,35,255,12.650602409638553,4.518072289156627,8.132530120481928,87.34939759036145,10.542168674698797,76.80722891566265
E00030025,331,105,53,52,226,36,190,31.722054380664655,16.012084592145015,15.709969788519636,68.27794561933534,10.876132930513595,57.40181268882175
E00030026,341,27,11,16,314,19,295,7.9178885630498534,3.225806451612903,4.69208211143695,92.08211143695014,5.571847507331378,86.51026392961877
E00030027,286,38,11,27,248,24,224,13.286713286713287,3.8461538461538463,9.44055944055944,86.7132867132867,8.391608391608392,78.32167832167832
E00030028,254,52,22,30,202,17,185,20.47244094488189,8.661417322834646,11.811023622047244,79.52755905511812,6.692913385826772,72.83464566929135
E00030029,297,40,19,21,257,25,232,13.468013468013467,6.397306397306397,7.07070707070707,86.53198653198653,8.417508417508419,78.11447811447812
E00030030,240,48,18,30,192,28,164,20,7.5,12.5,80,11.666666666666666,68.33333333333333
E00030031,222,59,30,29,163,24,139,26.576576576576578,13.513513513513514,13.063063063063062,73.42342342342343,10.81081081081081,62.612612612612615
E00030032,286,34,12,22,252,24,228,11.888111888111888,4.195804195804196,7.6923076923076925,88.11188811188812,8.391608391608392,79.72027972027972
E00030033,353,62,19,43,291,31,260,17.56373937677054,5.382436260623229,12.181303116147308,82.43626062322946,8.78186968838527,73.65439093484419
E00030034,267,41,16,25,226,19,207,15.355805243445692,5.992509363295881,9.363295880149813,84.6441947565543,7.116104868913857,77.52808988764045
E00030035,339,41,12,29,298,34,264,12.094395280235988,3.5398230088495577,8.55457227138643,87.90560471976401,10.029498525073747,77.87610619469027
E00030036,251,64,32,32,187,21,166,25.49800796812749,12.749003984063744,12.749003984063744,74.5019920318725,8.366533864541832,66.13545816733067
E00030037,320,37,15,22,283,22,261,11.5625,4.6875,6.875000000000001,88.4375,6.875000000000001,81.5625
E00030038,279,40,10,30,239,29,210,14.336917562724013,3.584229390681003,10.75268817204301,85.66308243727599,10.39426523297491,75.26881720430107
E00030039,301,45,18,27,256,32,224,14.950166112956811,5.980066445182724,8.970099667774086,85.04983388704319,10.631229235880399,74.4186046511628
E00030040,301,38,8,30,263,14,249,12.624584717607974,2.6578073089700998,9.966777408637874,87.37541528239203,4.651162790697675,82.72425249169434
E00030041,260,69,25,44,191,31,160,26.53846153846154,9.615384615384617,16.923076923076923,73.46153846153847,11.923076923076923,61.53846153846154
E00030042,419,64,24,40,355,31,324,15.274463007159905,5.727923627684964,9.54653937947494,84.7255369928401,7.398568019093078,77.32696897374701
E00030043,314,36,16,20,278,27,251,11.464968152866243,5.095541401273886,6.369426751592357,88.53503184713377,8.598726114649681,79.93630573248409
E00030044,340,41,10,31,299,35,264,12.058823529411764,2.941176470588235,9.117647058823529,87.94117647058823,10.294117647058822,77.64705882352942
E00030045,240,51,24,27,189,15,174,21.25,10,11.25,78.75,6.25,72.5
E00168628,260,62,31,31,198,15,183,23.846153846153847,11.923076923076923,11.923076923076923,76.15384615384615,5.769230769230769,70.38461538461539
E00168630,261,73,31,42,188,25,163,27.969348659003828,11.877394636015326,16.091954022988507,72.03065134099617,9.578544061302683,62.45210727969349
E00168631,274,72,27,45,202,21,181,26.277372262773724,9.854014598540147,16.423357664233578,73.72262773722628,7.664233576642336,66.05839416058394
E00177694,311,41,12,29,270,27,243,13.183279742765272,3.858520900321544,9.32475884244373,86.81672025723472,8.681672025723474,78.13504823151125
E00177695,428,25,7,18,403,28,375,5.841121495327103,1.6355140186915886,4.205607476635514,94.1588785046729,6.5420560747663545,87.61682242990653
E00177697,283,41,13,28,242,25,217,14.487632508833922,4.593639575971731,9.89399293286219,85.51236749116607,8.8339222614841,76.67844522968198
E00177702,257,41,12,29,216,13,203,15.953307392996107,4.669260700389105,11.284046692607005,84.04669260700389,5.058365758754864,78.98832684824903
E00177705,100,29,10,19,71,10,61,28.999999999999996,10,19,71,10,61
E00177707,230,55,29,26,175,14,161,23.91304347826087,12.608695652173912,11.304347826086957,76.08695652173914,6.086956521739131,70
E00177709,322,62,22,40,260,27,233,19.25465838509317,6.832298136645963,12.422360248447205,80.74534161490683,8.385093167701864,72.36024844720497
E00177711,556,56,20,36,500,42,458,10.071942446043165,3.5971223021582732,6.474820143884892,89.92805755395683,7.553956834532374,82.37410071942446
E00177714,169,18,3,15,151,8,143,10.650887573964498,1.7751479289940828,8.875739644970414,89.3491124260355,4.733727810650888,84.61538461538461
E00177715,106,7,2,5,99,3,96,6.60377358490566,1.8867924528301887,4.716981132075472,93.39622641509435,2.8301886792452833,90.56603773584906
E00177716,397,21,8,13,376,39,337,5.289672544080604,2.0151133501259446,3.27455919395466,94.7103274559194,9.82367758186398,84.88664987405542
E00177718,181,23,7,16,158,9,149,12.70718232044199,3.867403314917127,8.83977900552486,87.29281767955801,4.972375690607735,82.32044198895028
E00177720,111,29,13,16,82,8,74,26.126126126126124,11.711711711711711,14.414414414414415,73.87387387387388,7.207207207207207,66.66666666666666
E00177722,109,33,15,18,76,5,71,30.275229357798167,13.761467889908257,16.51376146788991,69.72477064220183,4.587155963302752,65.13761467889908
E00177723,516,71,30,41,445,26,419,13.75968992248062,5.813953488372093,7.945736434108527,86.24031007751938,5.038759689922481,81.2015503875969
E00177725,357,67,23,44,290,23,267,18.76750700280112,6.442577030812324,12.324929971988796,81.23249299719888,6.442577030812324,74.78991596638656
E00177726,190,30,12,18,160,12,148,15.789473684210526,6.315789473684211,9.473684210526317,84.21052631578947,6.315789473684211,77.89473684210526
E00177730,523,59,23,36,464,40,424,11.281070745697896,4.397705544933078,6.8833652007648185,88.7189292543021,7.648183556405354,81.07074569789675
E00177731,311,34,15,19,277,26,251,10.932475884244374,4.823151125401929,6.109324758842444,89.06752411575563,8.360128617363344,80.70739549839229
E00177732,192,19,5,14,173,17,156,9.895833333333332,2.604166666666667,7.291666666666667,90.10416666666666,8.854166666666668,81.25
E00177733,125,8,2,6,117,9,108,6.4,1.6,4.8,93.60000000000001,7.199999999999999,86.4
E00177736,318,61,20,41,257,21,236,19.18238993710692,6.289308176100629,12.89308176100629,80.81761006289308,6.60377358490566,74.21383647798741
E00177738,369,26,10,16,343,25,318,7.046070460704606,2.710027100271003,4.336043360433604,92.95392953929539,6.775067750677506,86.1788617886179
E00177739,222,32,16,16,190,23,167,14.414414414414415,7.207207207207207,7.207207207207207,85.58558558558559,10.36036036036036,75.22522522522522
E00177741,359,17,4,13,342,26,316,4.735376044568245,1.1142061281337048,3.6211699164345403,95.26462395543176,7.242339832869081,88.02228412256268
E00177743,161,45,18,27,116,8,108,27.95031055900621,11.180124223602485,16.77018633540373,72.04968944099379,4.968944099378882,67.08074534161491
E00177747,242,34,8,26,208,17,191,14.049586776859504,3.3057851239669422,10.743801652892563,85.9504132231405,7.024793388429752,78.92561983471074
E00177748,251,50,19,31,201,13,188,19.9203187250996,7.569721115537849,12.350597609561753,80.0796812749004,5.179282868525896,74.9003984063745
E00177750,583,36,10,26,547,24,523,6.174957118353345,1.7152658662092626,4.459691252144083,93.82504288164665,4.1166380789022305,89.70840480274443
