OA,ts0590001,ts0590002,ts0590003,ts0590004,ts0590005,ts0590006,ts0590007,ts0590002_PCT,ts0590003_PCT,ts0590004_PCT,ts0590005_PCT,ts0590006_PCT,ts0590007_PCT
E00014043,122,22,13,9,100,74,26,18.0327868852459,10.655737704918032,7.377049180327869,81.9672131147541,60.65573770491803,21.311475409836063
E00014044,120,30,11,19,90,62,28,25,9.166666666666666,15.833333333333332,75,51.66666666666667,23.333333333333332
E00014045,119,33,14,19,86,50,36,27.73109243697479,11.76470588235294,15.966386554621847,72.26890756302521,42.016806722689076,30.252100840336134
E00014047,148,28,10,18,120,63,57,18.91891891891892,6.756756756756757,12.162162162162163,81.08108108108108,42.567567567567565,38.513513513513516
E00014048,103,19,11,8,84,41,43,18.446601941747574,10.679611650485436,7.766990291262135,81.55339805825243,39.80582524271845,41.74757281553398
E00014049,155,24,7,17,131,86,45,15.483870967741936,4.516129032258064,10.967741935483872,84.51612903225806,55.483870967741936,29.03225806451613
E00014050,74,19,5,14,55,43,12,25.675675675675674,6.756756756756757,18.91891891891892,74.32432432432432,58.108108108108105,16.216216216216218
E00014051,76,26,17,9,50,38,12,34.21052631578947,22.36842105263158,11.842105263157894,65.78947368421053,50,15.789473684210526
E00014052,102,31,20,11,71,52,19,30.392156862745097,19.607843137254903,10.784313725490197,69.6078431372549,50.98039215686274,18.627450980392158
E00014053,95,17,7,10,78,43,35,17.894736842105264,7.368421052631578,10.526315789473683,82.10526315789474,45.26315789473684,36.84210526315789
E00014054,102,17,10,7,85,62,23,16.666666666666664,9.803921568627452,6.862745098039216,83.33333333333334,60.78431372549019,22.54901960784314
E00014055,101,25,8,17,76,44,32,24.752475247524753,7.920792079207921,16.831683168316832,75.24752475247524,43.56435643564357,31.683168316831683
E00014056,121,45,16,29,76,59,17,37.1900826446281,13.223140495867769,23.96694214876033,62.8099173553719,48.760330578512395,14.049586776859504
E00014057,72,17,7,10,55,38,17,23.61111111111111,9.722222222222223,13.88888888888889,76.38888888888889,52.77777777777778,23.61111111111111
E00014058,85,26,13,13,59,41,18,30.58823529411765,15.294117647058824,15.294117647058824,69.41176470588235,48.23529411764706,21.176470588235293
E00014061,91,19,9,10,72,48,24,20.87912087912088,9.89010989010989,10.989010989010989,79.12087912087912,52.74725274725275,26.373626373626376
E00014062,90,29,10,19,61,35,26,32.22222222222222,11.11111111111111,21.11111111111111,67.77777777777779,38.88888888888889,28.888888888888886
E00014063,105,26,12,14,79,58,21,24.761904761904763,11.428571428571429,13.333333333333334,75.23809523809524,55.23809523809524,20
E00014064,128,30,15,15,98,58,40,23.4375,11.71875,11.71875,76.5625,45.3125,31.25
E00014065,115,36,10,26,79,52,27,31.30434782608696,8.695652173913043,22.608695652173914,68.69565217391305,45.21739130434783,23.47826086956522
E00014066,93,18,6,12,75,33,42,19.35483870967742,6.451612903225806,12.903225806451612,80.64516129032258,35.483870967741936,45.16129032258064
E00014067,152,36,15,21,116,72,44,23.684210526315788,9.868421052631579,13.815789473684212,76.31578947368422,47.368421052631575,28.947368421052634
E00014068,109,19,12,7,90,55,35,17.431192660550458,11.009174311926607,6.422018348623854,82.56880733944955,50.45871559633027,32.11009174311927
E00014069,121,15,5,10,106,63,43,12.396694214876034,4.132231404958678,8.264462809917356,87.60330578512396,52.066115702479344,35.53719008264463
E00014070,115,30,19,11,85,41,44,26.08695652173913,16.52173913043478,9.565217391304348,73.91304347826086,35.65217391304348,38.26086956521739
E00014071,111,19,8,11,92,46,46,17.117117117117118,7.207207207207207,9.90990990990991,82.88288288288288,41.44144144144144,41.44144144144144
E00014072,122,42,15,27,80,42,38,34.42622950819672,12.295081967213115,22.131147540983605,65.57377049180327,34.42622950819672,31.147540983606557
E00014073,107,19,8,11,88,60,28,17.75700934579439,7.476635514018691,10.2803738317757,82.2429906542056,56.074766355140184,26.168224299065418
E00014074,108,12,7,5,96,62,34,11.11111111111111,6.481481481481481,4.62962962962963,88.88888888888889,57.407407407407405,31.48148148148148
E00014075,127,19,11,8,108,60,48,14.960629921259844,8.661417322834646,6.299212598425196,85.03937007874016,47.24409448818898,37.79527559055118
E00014076,86,21,7,14,65,29,36,24.418604651162788,8.13953488372093,16.27906976744186,75.5813953488372,33.72093023255814,41.86046511627907
E00014077,132,39,18,21,93,66,27,29.545454545454547,13.636363636363635,15.909090909090908,70.45454545454545,50,20.454545454545457
E00014078,81,18,5,13,63,42,21,22.22222222222222,6.172839506172839,16.049382716049383,77.77777777777779,51.85185185185185,25.925925925925924
E00014079,90,22,11,11,68,35,33,24.444444444444443,12.222222222222221,12.222222222222221,75.55555555555556,38.88888888888889,36.666666666666664
E00014080,83,22,12,10,61,33,28,26.506024096385545,14.457831325301203,12.048192771084338,73.49397590361446,39.75903614457831,33.734939759036145
E00014081,88,20,7,13,68,28,40,22.727272727272727,7.954545454545454,14.772727272727273,77.27272727272727,31.818181818181817,45.45454545454545
E00014082,65,17,5,12,48,34,14,26.153846153846157,7.6923076923076925,18.461538461538463,73.84615384615385,52.307692307692314,21.53846153846154
E00014083,48,6,3,3,42,26,16,12.5,6.25,6.25,87.5,54.166666666666664,33.33333333333333
E00014084,50,12,3,9,38,23,15,24,6,18,76,46,30
E00014085,62,12,6,6,50,25,25,19.35483870967742,9.67741935483871,9.67741935483871,80.64516129032258,40.32258064516129,40.32258064516129
E00014086,137,36,21,15,101,34,67,26.277372262773724,15.328467153284672,10.948905109489052,73.72262773722628,24.817518248175183,48.9051094890511
E00014087,88,23,11,12,65,30,35,26.136363636363637,12.5,13.636363636363635,73.86363636363636,34.090909090909086,39.77272727272727
E00014088,73,4,4,0,69,30,39,5.47945205479452,5.47945205479452,0,94.52054794520548,41.0958904109589,53.42465753424658
E00014089,78,17,10,7,61,28,33,21.794871794871796,12.82051282051282,8.974358974358974,78.2051282051282,35.8974358974359,42.30769230769231
E00014090,96,23,13,10,73,30,43,23.958333333333336,13.541666666666666,10.416666666666668,76.04166666666666,31.25,44.79166666666667
E00014091,64,11,11,0,53,23,30,17.1875,17.1875,0,82.8125,35.9375,46.875
E00014092,68,11,5,6,57,28,29,16.176470588235293,7.352941176470589,8.823529411764707,83.82352941176471,41.17647058823529,42.64705882352941
E00014093,71,13,5,8,58,33,25,18.30985915492958,7.042253521126761,11.267605633802818,81.69014084507043,46.478873239436616,35.2112676056338
E00014094,83,11,3,8,72,37,35,13.253012048192772,3.614457831325301,9.63855421686747,86.74698795180723,44.57831325301205,42.168674698795186
E00014095,97,26,12,14,71,47,24,26.804123711340207,12.371134020618557,14.432989690721648,73.19587628865979,48.45360824742268,24.742268041237114
E00014096,97,24,12,12,73,42,31,24.742268041237114,12.371134020618557,12.371134020618557,75.25773195876289,43.29896907216495,31.958762886597935
E00014097,75,17,9,8,58,34,24,22.666666666666664,12,10.666666666666668,77.33333333333333,45.33333333333333,32
E00014098,73,17,10,7,56,30,26,23.28767123287671,13.698630136986301,9.58904109589041,76.71232876712328,41.0958904109589,35.61643835616438
E00014099,91,28,12,16,63,44,19,30.76923076923077,13.186813186813188,17.582417582417584,69.23076923076923,48.35164835164835,20.87912087912088
E00014100,113,24,11,13,89,50,39,21.238938053097346,9.734513274336283,11.504424778761061,78.76106194690266,44.24778761061947,34.51327433628318
E00014101,112,37,15,22,75,50,25,33.035714285714285,13.392857142857142,19.642857142857142,66.96428571428571,44.642857142857146,22.321428571428573
E00014102,93,15,4,11,78,46,32,16.129032258064516,4.301075268817205,11.827956989247312,83.87096774193549,49.46236559139785,34.40860215053764
E00014103,81,21,14,7,60,31,29,25.925925925925924,17.28395061728395,8.641975308641975,74.07407407407408,38.2716049382716,35.80246913580247
E00014104,115,18,11,7,97,47,50,15.65217391304348,9.565217391304348,6.086956521739131,84.34782608695653,40.869565217391305,43.47826086956522
E00014105,130,29,10,19,101,56,45,22.30769230769231,7.6923076923076925,14.615384615384617,77.6923076923077,43.07692307692308,34.61538461538461
E00014107,63,16,6,10,47,25,22,25.396825396825395,9.523809523809524,15.873015873015872,74.60317460317461,39.682539682539684,34.92063492063492
E00014108,122,41,19,22,81,32,49,33.60655737704918,15.573770491803279,18.0327868852459,66.39344262295081,26.229508196721312,40.16393442622951
E00014109,84,27,12,15,57,36,21,32.142857142857146,14.285714285714285,17.857142857142858,67.85714285714286,42.857142857142854,25
E00014110,74,21,9,12,53,45,8,28.37837837837838,12.162162162162163,16.216216216216218,71.62162162162163,60.810810810810814,10.81081081081081
E00014111,88,15,8,7,73,43,30,17.045454545454543,9.090909090909092,7.954545454545454,82.95454545454545,48.86363636363637,34.090909090909086
E00014112,140,47,12,35,93,75,18,33.57142857142857,8.571428571428571,25,66.42857142857143,53.57142857142857,12.857142857142856
E00014116,89,14,8,6,75,42,33,15.730337078651685,8.98876404494382,6.741573033707865,84.26966292134831,47.19101123595505,37.07865168539326
E00014117,111,26,15,11,85,47,38,23.423423423423422,13.513513513513514,9.90990990990991,76.57657657657657,42.34234234234234,34.234234234234236
E00014118,97,16,7,9,81,48,33,16.49484536082474,7.216494845360824,9.278350515463918,83.50515463917526,49.48453608247423,34.02061855670103
E00014119,148,48,24,24,100,52,48,32.432432432432435,16.216216216216218,16.216216216216218,67.56756756756756,35.13513513513514,32.432432432432435
E00014120,117,34,17,17,83,44,39,29.059829059829063,14.529914529914532,14.529914529914532,70.94017094017094,37.60683760683761,33.33333333333333
E00014121,67,23,16,7,44,23,21,34.32835820895522,23.88059701492537,10.44776119402985,65.67164179104478,34.32835820895522,31.343283582089555
E00014122,77,15,6,9,62,34,28,19.480519480519483,7.792207792207792,11.688311688311687,80.51948051948052,44.15584415584416,36.36363636363637
E00014123,164,44,24,20,120,69,51,26.82926829268293,14.634146341463413,12.195121951219512,73.17073170731707,42.073170731707314,31.097560975609756
E00014124,167,43,21,22,124,72,52,25.748502994011975,12.574850299401197,13.17365269461078,74.25149700598801,43.11377245508982,31.137724550898206
E00014125,122,36,26,10,86,53,33,29.508196721311474,21.311475409836063,8.19672131147541,70.49180327868852,43.44262295081967,27.049180327868854
E00014126,118,30,15,15,88,45,43,25.423728813559322,12.711864406779661,12.711864406779661,74.57627118644068,38.13559322033898,36.440677966101696
E00014127,109,19,5,14,90,54,36,17.431192660550458,4.587155963302752,12.844036697247708,82.56880733944955,49.54128440366973,33.02752293577982
E00014128,114,24,7,17,90,54,36,21.052631578947366,6.140350877192982,14.912280701754385,78.94736842105263,47.368421052631575,31.57894736842105
E00014129,64,9,5,4,55,30,25,14.0625,7.8125,6.25,85.9375,46.875,39.0625
E00014130,127,44,19,25,83,40,43,34.645669291338585,14.960629921259844,19.68503937007874,65.35433070866141,31.496062992125985,33.85826771653544
E00014131,77,18,9,9,59,41,18,23.376623376623375,11.688311688311687,11.688311688311687,76.62337662337663,53.246753246753244,23.376623376623375
E00014132,98,30,20,10,68,34,34,30.612244897959183,20.408163265306122,10.204081632653061,69.38775510204081,34.69387755102041,34.69387755102041
E00014133,101,15,8,7,86,49,37,14.85148514851485,7.920792079207921,6.9306930693069315,85.14851485148515,48.51485148514851,36.633663366336634
E00014134,93,16,8,8,77,49,28,17.20430107526882,8.60215053763441,8.60215053763441,82.79569892473118,52.68817204301075,30.107526881720432
E00014135,177,48,21,27,129,63,66,27.11864406779661,11.864406779661017,15.254237288135593,72.88135593220339,35.59322033898305,37.28813559322034
E00014136,67,16,10,6,51,27,24,23.88059701492537,14.925373134328357,8.955223880597014,76.11940298507463,40.298507462686565,35.82089552238806
E00014137,101,27,10,17,74,47,27,26.732673267326735,9.900990099009901,16.831683168316832,73.26732673267327,46.53465346534654,26.732673267326735
E00014138,181,25,16,9,156,86,70,13.812154696132598,8.83977900552486,4.972375690607735,86.1878453038674,47.51381215469613,38.67403314917127
E00014139,100,23,3,20,77,57,20,23,3,20,77,56.99999999999999,20
E00014140,123,23,11,12,100,67,33,18.69918699186992,8.94308943089431,9.75609756097561,81.30081300813008,54.47154471544715,26.82926829268293
E00014141,101,18,10,8,83,44,39,17.82178217821782,9.900990099009901,7.920792079207921,82.17821782178217,43.56435643564357,38.613861386138616
E00014142,127,18,7,11,109,50,59,14.173228346456693,5.511811023622047,8.661417322834646,85.8267716535433,39.37007874015748,46.45669291338583
E00014143,104,26,11,15,78,40,38,25,10.576923076923077,14.423076923076922,75,38.46153846153847,36.53846153846153
E00014144,119,25,13,12,94,52,42,21.008403361344538,10.92436974789916,10.084033613445378,78.99159663865547,43.69747899159664,35.294117647058826
E00014145,88,22,6,16,66,38,28,25,6.8181818181818175,18.181818181818183,75,43.18181818181818,31.818181818181817
E00014146,80,17,10,7,63,33,30,21.25,12.5,8.75,78.75,41.25,37.5
E00014147,107,18,12,6,89,54,35,16.822429906542055,11.214953271028037,5.607476635514018,83.17757009345794,50.467289719626166,32.71028037383177
E00014148,108,30,15,15,78,36,42,27.77777777777778,13.88888888888889,13.88888888888889,72.22222222222221,33.33333333333333,38.88888888888889
E00014149,55,17,9,8,38,32,6,30.909090909090907,16.363636363636363,14.545454545454545,69.0909090909091,58.18181818181818,10.909090909090908
E00014150,118,33,17,16,85,66,19,27.966101694915253,14.40677966101695,13.559322033898304,72.03389830508475,55.932203389830505,16.101694915254235
E00014151,252,83,30,53,169,136,33,32.93650793650794,11.904761904761903,21.03174603174603,67.06349206349206,53.96825396825397,13.095238095238097
E00014152,194,44,18,26,150,100,50,22.68041237113402,9.278350515463918,13.402061855670103,77.31958762886599,51.546391752577314,25.773195876288657
E00014153,108,29,14,15,79,59,20,26.851851851851855,12.962962962962962,13.88888888888889,73.14814814814815,54.629629629629626,18.51851851851852
E00014154,158,47,21,26,111,71,40,29.746835443037973,13.291139240506327,16.455696202531644,70.25316455696202,44.936708860759495,25.31645569620253
E00014155,102,24,12,12,78,45,33,23.52941176470588,11.76470588235294,11.76470588235294,76.47058823529412,44.11764705882353,32.35294117647059
E00014156,84,13,8,5,71,42,29,15.476190476190476,9.523809523809524,5.952380952380952,84.52380952380952,50,34.523809523809526
E00014157,181,60,21,39,121,93,28,33.14917127071823,11.602209944751381,21.54696132596685,66.85082872928176,51.38121546961326,15.469613259668508
E00014158,88,19,10,9,69,43,26,21.59090909090909,11.363636363636363,10.227272727272728,78.4090909090909,48.86363636363637,29.545454545454547
E00014159,99,20,9,11,79,43,36,20.2020202020202,9.090909090909092,11.11111111111111,79.7979797979798,43.43434343434344,36.36363636363637
E00014160,91,17,7,10,74,47,27,18.681318681318682,7.6923076923076925,10.989010989010989,81.31868131868131,51.64835164835166,29.67032967032967
E00014161,112,19,12,7,93,54,39,16.964285714285715,10.714285714285714,6.25,83.03571428571429,48.214285714285715,34.82142857142857
E00014162,196,56,23,33,140,96,44,28.57142857142857,11.73469387755102,16.83673469387755,71.42857142857143,48.97959183673469,22.448979591836736
E00014163,142,47,20,27,95,68,27,33.098591549295776,14.084507042253522,19.014084507042252,66.90140845070422,47.88732394366197,19.014084507042252
E00014164,103,35,10,25,68,51,17,33.980582524271846,9.70873786407767,24.271844660194176,66.01941747572816,49.51456310679612,16.50485436893204
E00014165,116,31,14,17,85,65,20,26.72413793103448,12.068965517241379,14.655172413793101,73.27586206896551,56.03448275862068,17.24137931034483
E00014166,71,18,8,10,53,40,13,25.352112676056336,11.267605633802818,14.084507042253522,74.64788732394366,56.33802816901409,18.30985915492958
E00014167,95,32,11,21,63,42,21,33.68421052631579,11.578947368421053,22.105263157894736,66.3157894736842,44.21052631578947,22.105263157894736
E00014168,111,31,15,16,80,52,28,27.927927927927925,13.513513513513514,14.414414414414415,72.07207207207207,46.846846846846844,25.225225225225223
E00014169,172,40,15,25,132,97,35,23.25581395348837,8.720930232558139,14.534883720930234,76.74418604651163,56.395348837209305,20.348837209302324
E00014170,123,32,18,14,91,72,19,26.01626016260163,14.634146341463413,11.38211382113821,73.98373983739837,58.536585365853654,15.447154471544716
E00014171,97,34,18,16,63,44,19,35.051546391752574,18.556701030927837,16.49484536082474,64.94845360824742,45.36082474226804,19.587628865979383
E00014172,142,49,20,29,93,72,21,34.50704225352113,14.084507042253522,20.422535211267608,65.49295774647888,50.70422535211267,14.788732394366196
E00014173,85,30,12,18,55,37,18,35.294117647058826,14.117647058823529,21.176470588235293,64.70588235294117,43.529411764705884,21.176470588235293
E00014174,154,21,6,15,133,84,49,13.636363636363635,3.896103896103896,9.740259740259742,86.36363636363636,54.54545454545454,31.818181818181817
E00014175,182,51,19,32,131,76,55,28.021978021978022,10.43956043956044,17.582417582417584,71.97802197802197,41.75824175824176,30.21978021978022
E00014176,149,44,20,24,105,83,22,29.53020134228188,13.422818791946309,16.10738255033557,70.46979865771812,55.70469798657718,14.76510067114094
E00014177,131,52,20,32,79,63,16,39.69465648854962,15.267175572519085,24.427480916030532,60.30534351145038,48.091603053435115,12.213740458015266
E00014178,81,32,15,17,49,37,12,39.50617283950617,18.51851851851852,20.98765432098765,60.49382716049383,45.67901234567901,14.814814814814813
E00014179,75,22,15,7,53,46,7,29.333333333333332,20,9.333333333333334,70.66666666666667,61.33333333333333,9.333333333333334
E00014180,144,40,22,18,104,65,39,27.77777777777778,15.277777777777779,12.5,72.22222222222221,45.13888888888889,27.083333333333332
E00014181,114,27,10,17,87,52,35,23.684210526315788,8.771929824561402,14.912280701754385,76.31578947368422,45.614035087719294,30.701754385964914
E00014183,95,13,5,8,82,41,41,13.684210526315791,5.263157894736842,8.421052631578947,86.31578947368422,43.15789473684211,43.15789473684211
E00014184,89,23,10,13,66,46,20,25.842696629213485,11.235955056179774,14.606741573033707,74.15730337078652,51.68539325842697,22.47191011235955
E00014185,124,32,15,17,92,45,47,25.806451612903224,12.096774193548388,13.709677419354838,74.19354838709677,36.29032258064516,37.903225806451616
E00014186,132,24,14,10,108,71,37,18.181818181818183,10.606060606060606,7.575757575757576,81.81818181818183,53.78787878787878,28.030303030303028
E00014187,111,23,9,14,88,56,32,20.72072072072072,8.108108108108109,12.612612612612612,79.27927927927928,50.45045045045045,28.82882882882883
E00014188,115,18,9,9,97,54,43,15.65217391304348,7.82608695652174,7.82608695652174,84.34782608695653,46.95652173913044,37.391304347826086
E00014189,88,14,6,8,74,34,40,15.909090909090908,6.8181818181818175,9.090909090909092,84.0909090909091,38.63636363636363,45.45454545454545
E00014190,94,10,5,5,84,42,42,10.638297872340425,5.319148936170213,5.319148936170213,89.36170212765957,44.680851063829785,44.680851063829785
E00014191,125,32,12,20,93,46,47,25.6,9.6,16,74.4,36.8,37.6
E00014192,145,36,20,16,109,68,41,24.82758620689655,13.793103448275861,11.03448275862069,75.17241379310344,46.89655172413793,28.27586206896552
E00014193,71,11,6,5,60,28,32,15.492957746478872,8.450704225352112,7.042253521126761,84.50704225352112,39.436619718309856,45.07042253521127
E00014194,82,16,8,8,66,33,33,19.51219512195122,9.75609756097561,9.75609756097561,80.48780487804879,40.243902439024396,40.243902439024396
E00014195,67,15,6,9,52,28,24,22.388059701492537,8.955223880597014,13.432835820895523,77.61194029850746,41.7910447761194,35.82089552238806
E00014196,85,19,1,18,66,28,38,22.35294117647059,1.1764705882352942,21.176470588235293,77.64705882352942,32.94117647058823,44.70588235294118
E00014197,108,26,11,15,82,44,38,24.074074074074073,10.185185185185185,13.88888888888889,75.92592592592592,40.74074074074074,35.18518518518518
E00014198,89,17,9,8,72,37,35,19.101123595505616,10.112359550561797,8.98876404494382,80.89887640449437,41.57303370786517,39.325842696629216
E00014199,91,13,9,4,78,41,37,14.285714285714285,9.89010989010989,4.395604395604396,85.71428571428571,45.05494505494506,40.65934065934066
E00014200,70,12,5,7,58,30,28,17.142857142857142,7.142857142857142,10,82.85714285714286,42.857142857142854,40
E00014201,116,26,19,7,90,52,38,22.413793103448278,16.379310344827587,6.0344827586206895,77.58620689655173,44.827586206896555,32.758620689655174
E00014202,122,18,8,10,104,54,50,14.754098360655737,6.557377049180328,8.19672131147541,85.24590163934425,44.26229508196721,40.98360655737705
E00014203,94,19,7,12,75,31,44,20.212765957446805,7.446808510638298,12.76595744680851,79.7872340425532,32.97872340425532,46.808510638297875
E00014204,111,29,11,18,82,31,51,26.126126126126124,9.90990990990991,16.216216216216218,73.87387387387388,27.927927927927925,45.94594594594595
E00014205,105,18,10,8,87,41,46,17.142857142857142,9.523809523809524,7.6190476190476195,82.85714285714286,39.04761904761905,43.80952380952381
E00014206,41,12,7,5,29,23,6,29.268292682926827,17.073170731707318,12.195121951219512,70.73170731707317,56.09756097560976,14.634146341463413
E00014207,120,30,16,14,90,53,37,25,13.333333333333334,11.666666666666666,75,44.166666666666664,30.833333333333336
E00014208,87,13,4,9,74,37,37,14.942528735632186,4.597701149425287,10.344827586206897,85.0574712643678,42.5287356321839,42.5287356321839
E00014209,95,22,10,12,73,36,37,23.157894736842106,10.526315789473683,12.631578947368421,76.84210526315789,37.89473684210527,38.94736842105263
E00014210,121,10,7,3,111,59,52,8.264462809917356,5.785123966942149,2.479338842975207,91.73553719008265,48.760330578512395,42.97520661157025
E00014211,109,30,17,13,79,43,36,27.522935779816514,15.59633027522936,11.926605504587156,72.47706422018348,39.44954128440367,33.02752293577982
E00014212,83,13,5,8,70,39,31,15.66265060240964,6.024096385542169,9.63855421686747,84.33734939759037,46.98795180722892,37.34939759036144
E00014213,86,13,3,10,73,47,26,15.11627906976744,3.488372093023256,11.627906976744185,84.88372093023256,54.65116279069767,30.23255813953488
E00014214,109,26,15,11,83,44,39,23.853211009174313,13.761467889908257,10.091743119266056,76.14678899082568,40.36697247706422,35.77981651376147
E00014215,76,20,7,13,56,31,25,26.31578947368421,9.210526315789473,17.105263157894736,73.68421052631578,40.78947368421053,32.89473684210527
E00014217,123,20,8,12,103,53,50,16.260162601626014,6.504065040650407,9.75609756097561,83.73983739837398,43.08943089430895,40.65040650406504
E00014218,165,18,4,14,147,75,72,10.909090909090908,2.4242424242424243,8.484848484848486,89.0909090909091,45.45454545454545,43.63636363636363
E00014219,40,14,8,6,26,14,12,35,20,15,65,35,30
E00014220,108,28,11,17,80,65,15,25.925925925925924,10.185185185185185,15.74074074074074,74.07407407407408,60.18518518518518,13.88888888888889
E00014221,142,42,15,27,100,71,29,29.577464788732392,10.56338028169014,19.014084507042252,70.4225352112676,50,20.422535211267608
E00014222,67,20,9,11,47,39,8,29.850746268656714,13.432835820895523,16.417910447761194,70.1492537313433,58.2089552238806,11.940298507462686
E00014223,105,22,10,12,83,41,42,20.952380952380953,9.523809523809524,11.428571428571429,79.04761904761905,39.04761904761905,40
E00014224,89,17,6,11,72,39,33,19.101123595505616,6.741573033707865,12.359550561797752,80.89887640449437,43.82022471910113,37.07865168539326
E00014225,76,18,10,8,58,31,27,23.684210526315788,13.157894736842104,10.526315789473683,76.31578947368422,40.78947368421053,35.526315789473685
E00014226,94,20,9,11,74,45,29,21.27659574468085,9.574468085106384,11.702127659574469,78.72340425531915,47.87234042553192,30.851063829787233
E00014227,161,25,14,11,136,75,61,15.527950310559005,8.695652173913043,6.832298136645963,84.472049689441,46.58385093167702,37.88819875776397
E00014228,52,14,7,7,38,27,11,26.923076923076923,13.461538461538462,13.461538461538462,73.07692307692307,51.92307692307693,21.153846153846153
E00014229,69,13,6,7,56,38,18,18.84057971014493,8.695652173913043,10.144927536231885,81.15942028985508,55.072463768115945,26.08695652173913
E00014230,109,19,13,6,90,60,30,17.431192660550458,11.926605504587156,5.5045871559633035,82.56880733944955,55.04587155963303,27.522935779816514
E00014231,87,22,7,15,65,28,37,25.287356321839084,8.045977011494253,17.24137931034483,74.71264367816092,32.18390804597701,42.5287356321839
E00014232,80,22,14,8,58,33,25,27.500000000000004,17.5,10,72.5,41.25,31.25
E00014233,42,13,8,5,29,25,4,30.952380952380953,19.047619047619047,11.904761904761903,69.04761904761905,59.523809523809526,9.523809523809524
E00014234,66,10,7,3,56,32,24,15.151515151515152,10.606060606060606,4.545454545454546,84.84848484848484,48.484848484848484,36.36363636363637
E00014236,70,20,4,16,50,35,15,28.57142857142857,5.714285714285714,22.857142857142858,71.42857142857143,50,21.428571428571427
E00014237,39,5,3,2,34,23,11,12.82051282051282,7.6923076923076925,5.128205128205128,87.17948717948718,58.97435897435898,28.205128205128204
E00014239,74,34,11,23,40,38,2,45.94594594594595,14.864864864864865,31.08108108108108,54.054054054054056,51.35135135135135,2.7027027027027026
E00014240,159,65,26,39,94,86,8,40.88050314465409,16.352201257861633,24.528301886792452,59.11949685534591,54.088050314465406,5.031446540880504
E00014241,60,33,16,17,27,20,7,55.00000000000001,26.666666666666668,28.333333333333332,45,33.33333333333333,11.666666666666666
E00014242,88,34,10,24,54,50,4,38.63636363636363,11.363636363636363,27.27272727272727,61.36363636363637,56.81818181818182,4.545454545454546
E00014244,78,34,17,17,44,31,13,43.58974358974359,21.794871794871796,21.794871794871796,56.41025641025641,39.743589743589745,16.666666666666664
E00014247,59,25,5,20,34,28,6,42.3728813559322,8.47457627118644,33.89830508474576,57.6271186440678,47.45762711864407,10.16949152542373
E00014248,92,26,9,17,66,48,18,28.26086956521739,9.782608695652174,18.478260869565215,71.73913043478261,52.17391304347826,19.565217391304348
E00014249,153,73,23,50,80,73,7,47.712418300653596,15.032679738562091,32.6797385620915,52.28758169934641,47.712418300653596,4.57516339869281
E00014250,77,39,17,22,38,28,10,50.649350649350644,22.07792207792208,28.57142857142857,49.35064935064935,36.36363636363637,12.987012987012985
E00014251,71,23,7,16,48,39,9,32.3943661971831,9.859154929577464,22.535211267605636,67.6056338028169,54.929577464788736,12.676056338028168
E00014252,97,25,13,12,72,45,27,25.773195876288657,13.402061855670103,12.371134020618557,74.22680412371135,46.391752577319586,27.835051546391753
E00014254,59,13,2,11,46,32,14,22.033898305084744,3.389830508474576,18.64406779661017,77.96610169491525,54.23728813559322,23.728813559322035
E00014255,90,22,11,11,68,39,29,24.444444444444443,12.222222222222221,12.222222222222221,75.55555555555556,43.333333333333336,32.22222222222222
E00014256,86,23,11,12,63,41,22,26.744186046511626,12.790697674418606,13.953488372093023,73.25581395348837,47.674418604651166,25.581395348837212
E00014257,99,25,15,10,74,52,22,25.252525252525253,15.151515151515152,10.1010101010101,74.74747474747475,52.52525252525253,22.22222222222222
E00014258,133,39,22,17,94,53,41,29.32330827067669,16.541353383458645,12.781954887218044,70.67669172932331,39.849624060150376,30.82706766917293
E00014260,75,17,7,10,58,42,16,22.666666666666664,9.333333333333334,13.333333333333334,77.33333333333333,56.00000000000001,21.333333333333336
E00014261,113,25,10,15,88,52,36,22.123893805309734,8.849557522123893,13.274336283185843,77.87610619469027,46.017699115044245,31.858407079646017
E00014262,106,16,7,9,90,62,28,15.09433962264151,6.60377358490566,8.49056603773585,84.90566037735849,58.490566037735846,26.41509433962264
E00014263,131,30,16,14,101,66,35,22.900763358778626,12.213740458015266,10.687022900763358,77.09923664122137,50.38167938931297,26.717557251908396
E00014264,131,26,16,10,105,58,47,19.84732824427481,12.213740458015266,7.633587786259542,80.1526717557252,44.274809160305345,35.87786259541985
E00014265,89,24,13,11,65,43,22,26.96629213483146,14.606741573033707,12.359550561797752,73.03370786516854,48.31460674157304,24.719101123595504
E00014266,125,25,14,11,100,57,43,20,11.200000000000001,8.799999999999999,80,45.6,34.4
E00014267,122,22,15,7,100,74,26,18.0327868852459,12.295081967213115,5.737704918032787,81.9672131147541,60.65573770491803,21.311475409836063
E00014268,135,20,11,9,115,82,33,14.814814814814813,8.148148148148149,6.666666666666667,85.18518518518519,60.74074074074074,24.444444444444443
E00014269,92,16,7,9,76,46,30,17.391304347826086,7.608695652173914,9.782608695652174,82.6086956521739,50,32.608695652173914
E00014270,56,22,10,12,34,20,14,39.285714285714285,17.857142857142858,21.428571428571427,60.71428571428571,35.714285714285715,25
E00014271,138,20,5,15,118,96,22,14.492753623188406,3.6231884057971016,10.869565217391305,85.5072463768116,69.56521739130434,15.942028985507244
E00014272,102,16,8,8,86,48,38,15.686274509803921,7.8431372549019605,7.8431372549019605,84.31372549019608,47.05882352941176,37.254901960784316
E00014273,94,17,12,5,77,41,36,18.085106382978726,12.76595744680851,5.319148936170213,81.91489361702128,43.61702127659575,38.297872340425535
E00014274,99,23,13,10,76,59,17,23.232323232323232,13.131313131313133,10.1010101010101,76.76767676767676,59.59595959595959,17.17171717171717
E00014275,143,30,16,14,113,77,36,20.97902097902098,11.188811188811188,9.79020979020979,79.02097902097903,53.84615384615385,25.174825174825177
E00014276,132,24,9,15,108,75,33,18.181818181818183,6.8181818181818175,11.363636363636363,81.81818181818183,56.81818181818182,25
E00014277,103,10,6,4,93,66,27,9.70873786407767,5.825242718446602,3.8834951456310676,90.29126213592234,64.07766990291263,26.21359223300971
E00014278,84,18,10,8,66,40,26,21.428571428571427,11.904761904761903,9.523809523809524,78.57142857142857,47.61904761904761,30.952380952380953
E00014279,57,8,3,5,49,28,21,14.035087719298245,5.263157894736842,8.771929824561402,85.96491228070175,49.122807017543856,36.84210526315789
E00014280,69,17,6,11,52,37,15,24.637681159420293,8.695652173913043,15.942028985507244,75.36231884057972,53.62318840579711,21.73913043478261
E00014282,140,36,13,23,104,71,33,25.71428571428571,9.285714285714286,16.428571428571427,74.28571428571429,50.71428571428571,23.57142857142857
E00014284,83,11,5,6,72,55,17,13.253012048192772,6.024096385542169,7.228915662650602,86.74698795180723,66.26506024096386,20.481927710843372
E00014285,124,23,12,11,101,66,35,18.548387096774192,9.67741935483871,8.870967741935484,81.45161290322581,53.2258064516129,28.225806451612907
E00014286,189,35,8,27,154,128,26,18.51851851851852,4.232804232804233,14.285714285714285,81.48148148148148,67.72486772486772,13.756613756613756
E00014287,60,14,7,7,46,34,12,23.333333333333332,11.666666666666666,11.666666666666666,76.66666666666667,56.666666666666664,20
E00014289,109,22,7,15,87,54,33,20.18348623853211,6.422018348623854,13.761467889908257,79.81651376146789,49.54128440366973,30.275229357798167
E00014290,114,31,17,14,83,53,30,27.192982456140353,14.912280701754385,12.280701754385964,72.80701754385966,46.49122807017544,26.31578947368421
E00014291,82,26,14,12,56,35,21,31.70731707317073,17.073170731707318,14.634146341463413,68.29268292682927,42.68292682926829,25.609756097560975
E00014292,106,23,13,10,83,45,38,21.69811320754717,12.264150943396226,9.433962264150944,78.30188679245283,42.45283018867924,35.84905660377358
E00014293,152,32,15,17,120,69,51,21.052631578947366,9.868421052631579,11.18421052631579,78.94736842105263,45.39473684210527,33.55263157894737
E00014294,48,16,9,7,32,26,6,33.33333333333333,18.75,14.583333333333334,66.66666666666666,54.166666666666664,12.5
E00014295,90,29,16,13,61,43,18,32.22222222222222,17.77777777777778,14.444444444444443,67.77777777777779,47.77777777777778,20
E00014296,110,21,4,17,89,64,25,19.090909090909093,3.6363636363636362,15.454545454545453,80.9090909090909,58.18181818181818,22.727272727272727
E00014297,103,18,7,11,85,50,35,17.475728155339805,6.796116504854369,10.679611650485436,82.52427184466019,48.54368932038835,33.980582524271846
E00014298,71,12,6,6,59,45,14,16.901408450704224,8.450704225352112,8.450704225352112,83.09859154929578,63.38028169014085,19.718309859154928
E00014299,123,31,16,15,92,61,31,25.203252032520325,13.008130081300814,12.195121951219512,74.79674796747967,49.59349593495935,25.203252032520325
E00014300,145,48,13,35,97,75,22,33.10344827586207,8.96551724137931,24.137931034482758,66.89655172413794,51.724137931034484,15.172413793103448
E00014301,150,59,20,39,91,72,19,39.33333333333333,13.333333333333334,26,60.66666666666667,48,12.666666666666668
E00014302,86,14,4,10,72,58,14,16.27906976744186,4.651162790697675,11.627906976744185,83.72093023255815,67.44186046511628,16.27906976744186
E00014303,99,31,16,15,68,55,13,31.313131313131315,16.161616161616163,15.151515151515152,68.68686868686868,55.55555555555556,13.131313131313133
E00014304,113,28,8,20,85,73,12,24.778761061946902,7.079646017699115,17.699115044247787,75.22123893805309,64.60176991150442,10.619469026548673
E00014305,240,111,44,67,129,108,21,46.25,18.333333333333332,27.916666666666668,53.75,45,8.75
E00014309,221,94,25,69,127,111,16,42.53393665158371,11.312217194570136,31.221719457013574,57.466063348416284,50.2262443438914,7.239819004524888
E00014310,105,31,7,24,74,64,10,29.523809523809526,6.666666666666667,22.857142857142858,70.47619047619048,60.952380952380956,9.523809523809524
E00014311,77,31,13,18,46,34,12,40.25974025974026,16.883116883116884,23.376623376623375,59.74025974025974,44.15584415584416,15.584415584415584
E00014312,174,59,26,33,115,86,29,33.90804597701149,14.942528735632186,18.96551724137931,66.0919540229885,49.42528735632184,16.666666666666664
E00014314,113,41,10,31,72,62,10,36.283185840707965,8.849557522123893,27.43362831858407,63.716814159292035,54.86725663716814,8.849557522123893
E00014315,44,21,7,14,23,17,6,47.72727272727273,15.909090909090908,31.818181818181817,52.27272727272727,38.63636363636363,13.636363636363635
E00014316,103,33,14,19,70,59,11,32.038834951456316,13.592233009708737,18.446601941747574,67.96116504854369,57.28155339805825,10.679611650485436
E00014321,102,48,27,21,54,43,11,47.05882352941176,26.47058823529412,20.588235294117645,52.94117647058824,42.15686274509804,10.784313725490197
E00014322,116,23,14,9,93,63,30,19.82758620689655,12.068965517241379,7.758620689655173,80.17241379310344,54.310344827586206,25.862068965517242
E00014323,129,58,24,34,71,63,8,44.96124031007752,18.6046511627907,26.356589147286826,55.03875968992248,48.837209302325576,6.2015503875969
E00014324,130,66,21,45,64,54,10,50.76923076923077,16.153846153846153,34.61538461538461,49.23076923076923,41.53846153846154,7.6923076923076925
E00014325,125,30,8,22,95,73,22,24,6.4,17.599999999999998,76,58.4,17.599999999999998
E00014326,120,30,12,18,90,64,26,25,10,15,75,53.333333333333336,21.666666666666668
E00014327,120,40,22,18,80,66,14,33.33333333333333,18.333333333333332,15,66.66666666666666,55.00000000000001,11.666666666666666
E00014328,163,50,24,26,113,91,22,30.67484662576687,14.723926380368098,15.950920245398773,69.32515337423312,55.828220858895705,13.496932515337424
E00014329,88,22,8,14,66,50,16,25,9.090909090909092,15.909090909090908,75,56.81818181818182,18.181818181818183
E00014330,97,33,22,11,64,35,29,34.02061855670103,22.68041237113402,11.34020618556701,65.97938144329896,36.08247422680412,29.896907216494846
E00014331,89,29,13,16,60,38,22,32.58426966292135,14.606741573033707,17.97752808988764,67.41573033707866,42.69662921348314,24.719101123595504
E00014332,81,18,10,8,63,31,32,22.22222222222222,12.345679012345679,9.876543209876543,77.77777777777779,38.2716049382716,39.50617283950617
E00014334,62,19,7,12,43,31,12,30.64516129032258,11.29032258064516,19.35483870967742,69.35483870967742,50,19.35483870967742
E00014335,98,28,18,10,70,61,9,28.57142857142857,18.367346938775512,10.204081632653061,71.42857142857143,62.244897959183675,9.183673469387756
E00014336,101,26,11,15,75,42,33,25.742574257425744,10.891089108910892,14.85148514851485,74.25742574257426,41.584158415841586,32.67326732673268
E00014337,32,18,7,11,14,12,2,56.25,21.875,34.375,43.75,37.5,6.25
E00014338,70,14,7,7,56,36,20,20,10,10,80,51.42857142857142,28.57142857142857
E00014339,87,19,12,7,68,36,32,21.839080459770116,13.793103448275861,8.045977011494253,78.16091954022988,41.37931034482759,36.7816091954023
E00014341,80,20,8,12,60,39,21,25,10,15,75,48.75,26.25
E00014342,114,14,7,7,100,41,59,12.280701754385964,6.140350877192982,6.140350877192982,87.71929824561403,35.96491228070175,51.75438596491229
E00014344,221,36,24,12,185,136,49,16.289592760180994,10.85972850678733,5.429864253393665,83.710407239819,61.53846153846154,22.171945701357465
E00014345,75,18,8,10,57,32,25,24,10.666666666666668,13.333333333333334,76,42.66666666666667,33.33333333333333
E00014347,118,20,10,10,98,52,46,16.94915254237288,8.47457627118644,8.47457627118644,83.05084745762711,44.06779661016949,38.983050847457626
E00014348,98,29,14,15,69,35,34,29.591836734693878,14.285714285714285,15.306122448979592,70.40816326530613,35.714285714285715,34.69387755102041
E00014351,88,14,5,9,74,35,39,15.909090909090908,5.681818181818182,10.227272727272728,84.0909090909091,39.77272727272727,44.31818181818182
E00014353,61,10,1,9,51,28,23,16.39344262295082,1.639344262295082,14.754098360655737,83.60655737704919,45.90163934426229,37.704918032786885
E00014354,169,52,19,33,117,66,51,30.76923076923077,11.242603550295858,19.526627218934912,69.23076923076923,39.053254437869825,30.17751479289941
E00014356,53,7,2,5,46,23,23,13.20754716981132,3.7735849056603774,9.433962264150944,86.79245283018868,43.39622641509434,43.39622641509434
E00014357,72,12,9,3,60,49,11,16.666666666666664,12.5,4.166666666666666,83.33333333333334,68.05555555555556,15.277777777777779
E00014358,70,17,4,13,53,18,35,24.285714285714285,5.714285714285714,18.571428571428573,75.71428571428571,25.71428571428571,50
E00014359,80,24,12,12,56,37,19,30,15,15,70,46.25,23.75
E00014360,84,20,13,7,64,28,36,23.809523809523807,15.476190476190476,8.333333333333332,76.19047619047619,33.33333333333333,42.857142857142854
E00014361,63,11,5,6,52,24,28,17.46031746031746,7.936507936507936,9.523809523809524,82.53968253968253,38.095238095238095,44.44444444444444
E00014362,107,26,12,14,81,44,37,24.299065420560748,11.214953271028037,13.084112149532709,75.70093457943925,41.1214953271028,34.57943925233645
E00014363,96,31,11,20,65,37,28,32.29166666666667,11.458333333333332,20.833333333333336,67.70833333333334,38.54166666666667,29.166666666666668
E00014364,69,22,9,13,47,37,10,31.88405797101449,13.043478260869565,18.84057971014493,68.11594202898551,53.62318840579711,14.492753623188406
E00014365,85,19,9,10,66,35,31,22.35294117647059,10.588235294117647,11.76470588235294,77.64705882352942,41.17647058823529,36.470588235294116
E00014366,61,8,3,5,53,24,29,13.114754098360656,4.918032786885246,8.19672131147541,86.88524590163934,39.34426229508197,47.540983606557376
E00014367,77,17,9,8,60,29,31,22.07792207792208,11.688311688311687,10.38961038961039,77.92207792207793,37.66233766233766,40.25974025974026
E00014368,100,26,12,14,74,38,36,26,12,14.000000000000002,74,38,36
E00014370,101,19,4,15,82,40,42,18.81188118811881,3.9603960396039604,14.85148514851485,81.1881188118812,39.603960396039604,41.584158415841586
E00014371,89,21,8,13,68,41,27,23.595505617977526,8.98876404494382,14.606741573033707,76.40449438202246,46.06741573033708,30.337078651685395
E00014372,99,19,7,12,80,40,40,19.19191919191919,7.07070707070707,12.121212121212121,80.8080808080808,40.4040404040404,40.4040404040404
E00014373,91,23,8,15,68,45,23,25.274725274725274,8.791208791208792,16.483516483516482,74.72527472527473,49.45054945054945,25.274725274725274
E00014374,179,44,16,28,135,64,71,24.581005586592177,8.938547486033519,15.64245810055866,75.41899441340783,35.754189944134076,39.66480446927375
E00014375,170,45,18,27,125,103,22,26.47058823529412,10.588235294117647,15.88235294117647,73.52941176470588,60.588235294117645,12.941176470588237
E00014376,160,30,11,19,130,106,24,18.75,6.875000000000001,11.875,81.25,66.25,15
E00014377,139,42,19,23,97,58,39,30.215827338129497,13.66906474820144,16.546762589928058,69.7841726618705,41.726618705035975,28.05755395683453
E00014378,184,43,15,28,141,101,40,23.369565217391305,8.152173913043478,15.217391304347828,76.63043478260869,54.891304347826086,21.73913043478261
E00014379,114,25,14,11,89,52,37,21.929824561403507,12.280701754385964,9.649122807017543,78.0701754385965,45.614035087719294,32.45614035087719
E00014380,104,20,12,8,84,45,39,19.230769230769234,11.538461538461538,7.6923076923076925,80.76923076923077,43.269230769230774,37.5
E00014381,116,34,14,20,82,57,25,29.310344827586203,12.068965517241379,17.24137931034483,70.6896551724138,49.137931034482754,21.551724137931032
E00014382,179,49,19,30,130,65,65,27.37430167597765,10.614525139664805,16.75977653631285,72.62569832402235,36.312849162011176,36.312849162011176
E00014383,114,16,1,15,98,51,47,14.035087719298245,0.8771929824561403,13.157894736842104,85.96491228070175,44.73684210526316,41.228070175438596
E00014384,104,28,18,10,76,42,34,26.923076923076923,17.307692307692307,9.615384615384617,73.07692307692307,40.38461538461539,32.69230769230769
E00014385,118,19,5,14,99,60,39,16.101694915254235,4.23728813559322,11.864406779661017,83.89830508474576,50.847457627118644,33.05084745762712
E00014386,156,37,18,19,119,92,27,23.717948717948715,11.538461538461538,12.179487179487179,76.28205128205127,58.97435897435898,17.307692307692307
E00014387,118,32,14,18,86,59,27,27.11864406779661,11.864406779661017,15.254237288135593,72.88135593220339,50,22.88135593220339
E00014388,114,20,8,12,94,63,31,17.543859649122805,7.017543859649122,10.526315789473683,82.45614035087719,55.26315789473685,27.192982456140353
E00014389,91,19,12,7,72,40,32,20.87912087912088,13.186813186813188,7.6923076923076925,79.12087912087912,43.956043956043956,35.16483516483517
E00014390,172,40,28,12,132,95,37,23.25581395348837,16.27906976744186,6.976744186046512,76.74418604651163,55.23255813953488,21.511627906976745
E00014391,167,26,12,14,141,59,82,15.568862275449103,7.18562874251497,8.383233532934131,84.4311377245509,35.32934131736527,49.101796407185624
E00014392,94,20,10,10,74,43,31,21.27659574468085,10.638297872340425,10.638297872340425,78.72340425531915,45.744680851063826,32.97872340425532
E00014393,112,32,10,22,80,50,30,28.57142857142857,8.928571428571429,19.642857142857142,71.42857142857143,44.642857142857146,26.785714285714285
E00014394,232,75,19,56,157,116,41,32.327586206896555,8.189655172413794,24.137931034482758,67.67241379310344,50,17.67241379310345
E00014395,111,23,16,7,88,47,41,20.72072072072072,14.414414414414415,6.306306306306306,79.27927927927928,42.34234234234234,36.93693693693694
E00014396,113,24,9,15,89,62,27,21.238938053097346,7.964601769911504,13.274336283185843,78.76106194690266,54.86725663716814,23.893805309734514
E00014397,187,30,10,20,157,110,47,16.042780748663102,5.347593582887701,10.695187165775401,83.9572192513369,58.82352941176471,25.13368983957219
E00014398,131,34,21,13,97,73,24,25.954198473282442,16.030534351145036,9.923664122137405,74.04580152671755,55.72519083969466,18.3206106870229
E00014399,64,14,8,6,50,35,15,21.875,12.5,9.375,78.125,54.6875,23.4375
E00014400,77,29,12,17,48,25,23,37.66233766233766,15.584415584415584,22.07792207792208,62.33766233766234,32.467532467532465,29.87012987012987
E00014401,80,24,8,16,56,29,27,30,10,20,70,36.25,33.75
E00014402,182,44,21,23,138,105,33,24.175824175824175,11.538461538461538,12.637362637362637,75.82417582417582,57.692307692307686,18.13186813186813
E00014403,79,18,8,10,61,34,27,22.78481012658228,10.126582278481013,12.658227848101266,77.21518987341773,43.037974683544306,34.177215189873415
E00014404,104,25,11,14,79,66,13,24.03846153846154,10.576923076923077,13.461538461538462,75.96153846153845,63.46153846153846,12.5
E00014405,71,14,9,5,57,38,19,19.718309859154928,12.676056338028168,7.042253521126761,80.28169014084507,53.52112676056338,26.76056338028169
E00014406,189,39,19,20,150,100,50,20.634920634920633,10.052910052910052,10.582010582010582,79.36507936507937,52.910052910052904,26.455026455026452
E00014407,133,43,14,29,90,72,18,32.33082706766917,10.526315789473683,21.804511278195488,67.66917293233082,54.13533834586466,13.533834586466165
E00014408,98,26,10,16,72,31,41,26.53061224489796,10.204081632653061,16.3265306122449,73.46938775510205,31.63265306122449,41.83673469387755
E00014409,121,20,5,15,101,58,43,16.528925619834713,4.132231404958678,12.396694214876034,83.47107438016529,47.93388429752066,35.53719008264463
E00014410,129,31,16,15,98,52,46,24.031007751937985,12.4031007751938,11.627906976744185,75.96899224806202,40.310077519379846,35.65891472868217
E00014411,100,20,8,12,80,34,46,20,8,12,80,34,46
E00014412,151,56,16,40,95,87,8,37.086092715231786,10.596026490066226,26.490066225165563,62.913907284768214,57.615894039735096,5.298013245033113
E00014413,81,19,9,10,62,32,30,23.456790123456788,11.11111111111111,12.345679012345679,76.5432098765432,39.50617283950617,37.03703703703704
E00014414,97,37,14,23,60,42,18,38.144329896907216,14.432989690721648,23.711340206185564,61.855670103092784,43.29896907216495,18.556701030927837
E00014415,184,62,28,34,122,99,23,33.69565217391305,15.217391304347828,18.478260869565215,66.30434782608695,53.80434782608695,12.5
E00014416,148,20,10,10,128,74,54,13.513513513513514,6.756756756756757,6.756756756756757,86.48648648648648,50,36.486486486486484
E00014417,93,24,11,13,69,36,33,25.806451612903224,11.827956989247312,13.978494623655912,74.19354838709677,38.70967741935484,35.483870967741936
E00014418,71,24,12,12,47,40,7,33.80281690140845,16.901408450704224,16.901408450704224,66.19718309859155,56.33802816901409,9.859154929577464
E00014419,166,51,28,23,115,100,15,30.72289156626506,16.867469879518072,13.855421686746988,69.27710843373494,60.24096385542169,9.036144578313253
E00014420,99,14,9,5,85,41,44,14.14141414141414,9.090909090909092,5.05050505050505,85.85858585858585,41.41414141414141,44.44444444444444
E00014421,120,25,7,18,95,44,51,20.833333333333336,5.833333333333333,15,79.16666666666666,36.666666666666664,42.5
E00014422,92,30,10,20,62,48,14,32.608695652173914,10.869565217391305,21.73913043478261,67.3913043478261,52.17391304347826,15.217391304347828
E00014423,99,31,14,17,68,48,20,31.313131313131315,14.14141414141414,17.17171717171717,68.68686868686868,48.484848484848484,20.2020202020202
E00014424,102,38,15,23,64,44,20,37.254901960784316,14.705882352941178,22.54901960784314,62.745098039215684,43.13725490196079,19.607843137254903
E00014425,93,22,7,15,71,55,16,23.655913978494624,7.526881720430108,16.129032258064516,76.34408602150538,59.13978494623656,17.20430107526882
E00014426,153,41,18,23,112,78,34,26.797385620915033,11.76470588235294,15.032679738562091,73.20261437908496,50.98039215686274,22.22222222222222
E00014427,115,33,15,18,82,37,45,28.695652173913043,13.043478260869565,15.65217391304348,71.30434782608695,32.17391304347826,39.130434782608695
E00014428,135,30,14,16,105,57,48,22.22222222222222,10.37037037037037,11.851851851851853,77.77777777777779,42.22222222222222,35.55555555555556
E00014429,198,55,18,37,143,95,48,27.77777777777778,9.090909090909092,18.68686868686869,72.22222222222221,47.97979797979798,24.242424242424242
E00014430,144,33,14,19,111,55,56,22.916666666666664,9.722222222222223,13.194444444444445,77.08333333333334,38.19444444444444,38.88888888888889
E00014431,141,29,13,16,112,73,39,20.56737588652482,9.219858156028367,11.347517730496454,79.43262411347519,51.77304964539007,27.659574468085108
E00014432,136,32,15,17,104,73,31,23.52941176470588,11.029411764705882,12.5,76.47058823529412,53.67647058823529,22.794117647058822
E00014433,139,22,11,11,117,90,27,15.827338129496402,7.913669064748201,7.913669064748201,84.17266187050359,64.74820143884892,19.424460431654676
E00014434,108,39,13,26,69,38,31,36.11111111111111,12.037037037037036,24.074074074074073,63.888888888888886,35.18518518518518,28.703703703703702
E00014435,101,33,13,20,68,32,36,32.67326732673268,12.871287128712872,19.801980198019802,67.32673267326733,31.683168316831683,35.64356435643564
E00014436,107,31,10,21,76,39,37,28.971962616822427,9.345794392523365,19.626168224299064,71.02803738317756,36.44859813084112,34.57943925233645
E00014437,101,19,9,10,82,50,32,18.81188118811881,8.91089108910891,9.900990099009901,81.1881188118812,49.504950495049506,31.683168316831683
E00014438,100,35,16,19,65,57,8,35,16,19,65,56.99999999999999,8
E00014439,75,23,10,13,52,45,7,30.666666666666664,13.333333333333334,17.333333333333336,69.33333333333334,60,9.333333333333334
E00014440,224,64,35,29,160,131,29,28.57142857142857,15.625,12.946428571428573,71.42857142857143,58.48214285714286,12.946428571428573
E00014441,182,55,20,35,127,92,35,30.21978021978022,10.989010989010989,19.230769230769234,69.78021978021978,50.54945054945055,19.230769230769234
E00014442,88,28,11,17,60,51,9,31.818181818181817,12.5,19.318181818181817,68.18181818181817,57.95454545454546,10.227272727272728
E00014446,123,47,21,26,76,60,16,38.21138211382114,17.073170731707318,21.138211382113823,61.78861788617886,48.78048780487805,13.008130081300814
E00014447,157,62,22,40,95,76,19,39.490445859872615,14.012738853503185,25.477707006369428,60.509554140127385,48.40764331210191,12.101910828025478
E00014448,104,40,14,26,64,53,11,38.46153846153847,13.461538461538462,25,61.53846153846154,50.96153846153846,10.576923076923077
E00014449,125,44,18,26,81,65,16,35.199999999999996,14.399999999999999,20.8,64.8,52,12.8
E00014450,107,39,17,22,68,53,15,36.44859813084112,15.887850467289718,20.5607476635514,63.55140186915887,49.532710280373834,14.018691588785046
E00014451,120,36,20,16,84,61,23,30,16.666666666666664,13.333333333333334,70,50.83333333333333,19.166666666666668
E00014452,233,69,18,51,164,126,38,29.613733905579398,7.725321888412018,21.888412017167383,70.3862660944206,54.077253218884124,16.30901287553648
E00014453,68,26,7,19,42,30,12,38.23529411764706,10.294117647058822,27.941176470588236,61.76470588235294,44.11764705882353,17.647058823529413
E00014454,131,17,5,12,114,90,24,12.977099236641221,3.816793893129771,9.16030534351145,87.02290076335878,68.70229007633588,18.3206106870229
E00014455,180,41,16,25,139,99,40,22.77777777777778,8.88888888888889,13.88888888888889,77.22222222222223,55.00000000000001,22.22222222222222
E00014456,150,34,15,19,116,78,38,22.666666666666664,10,12.666666666666668,77.33333333333333,52,25.333333333333336
E00014457,120,21,7,14,99,63,36,17.5,5.833333333333333,11.666666666666666,82.5,52.5,30
E00014458,123,39,21,18,84,51,33,31.70731707317073,17.073170731707318,14.634146341463413,68.29268292682927,41.46341463414634,26.82926829268293
E00014459,92,17,5,12,75,61,14,18.478260869565215,5.434782608695652,13.043478260869565,81.52173913043478,66.30434782608695,15.217391304347828
E00014460,167,53,28,25,114,72,42,31.736526946107784,16.766467065868262,14.97005988023952,68.26347305389223,43.11377245508982,25.149700598802394
E00014461,171,55,13,42,116,113,3,32.16374269005848,7.602339181286549,24.561403508771928,67.83625730994152,66.08187134502924,1.7543859649122806
E00014462,136,52,22,30,84,64,20,38.23529411764706,16.176470588235293,22.058823529411764,61.76470588235294,47.05882352941176,14.705882352941178
E00014463,65,20,10,10,45,32,13,30.76923076923077,15.384615384615385,15.384615384615385,69.23076923076923,49.23076923076923,20
E00014464,154,23,15,8,131,114,17,14.935064935064934,9.740259740259742,5.194805194805195,85.06493506493507,74.02597402597402,11.03896103896104
E00014465,111,35,20,15,76,62,14,31.53153153153153,18.01801801801802,13.513513513513514,68.46846846846847,55.85585585585585,12.612612612612612
E00014466,118,63,28,35,55,48,7,53.38983050847458,23.728813559322035,29.66101694915254,46.61016949152542,40.67796610169492,5.932203389830509
E00014468,111,43,13,30,68,59,9,38.73873873873874,11.711711711711711,27.027027027027028,61.261261261261254,53.153153153153156,8.108108108108109
E00014469,118,45,23,22,73,54,19,38.13559322033898,19.491525423728813,18.64406779661017,61.86440677966102,45.76271186440678,16.101694915254235
E00014470,138,63,25,38,75,68,7,45.65217391304348,18.115942028985508,27.536231884057973,54.347826086956516,49.275362318840585,5.072463768115942
E00014471,60,15,8,7,45,29,16,25,13.333333333333334,11.666666666666666,75,48.333333333333336,26.666666666666668
E00014473,118,25,8,17,93,50,43,21.1864406779661,6.779661016949152,14.40677966101695,78.8135593220339,42.3728813559322,36.440677966101696
E00014474,173,27,10,17,146,80,66,15.606936416184972,5.780346820809249,9.826589595375722,84.39306358381504,46.24277456647399,38.15028901734104
E00014475,101,18,9,9,83,64,19,17.82178217821782,8.91089108910891,8.91089108910891,82.17821782178217,63.366336633663366,18.81188118811881
E00014476,109,25,8,17,84,47,37,22.93577981651376,7.339449541284404,15.59633027522936,77.06422018348624,43.11926605504588,33.94495412844037
E00014477,74,21,9,12,53,27,26,28.37837837837838,12.162162162162163,16.216216216216218,71.62162162162163,36.486486486486484,35.13513513513514
E00014478,144,40,22,18,104,62,42,27.77777777777778,15.277777777777779,12.5,72.22222222222221,43.05555555555556,29.166666666666668
E00014479,90,21,6,15,69,48,21,23.333333333333332,6.666666666666667,16.666666666666664,76.66666666666667,53.333333333333336,23.333333333333332
E00014480,119,18,9,9,101,63,38,15.126050420168067,7.563025210084033,7.563025210084033,84.87394957983193,52.94117647058824,31.932773109243694
E00014481,105,36,22,14,69,49,20,34.285714285714285,20.952380952380953,13.333333333333334,65.71428571428571,46.666666666666664,19.047619047619047
E00014482,112,20,8,12,92,56,36,17.857142857142858,7.142857142857142,10.714285714285714,82.14285714285714,50,32.142857142857146
E00014483,98,25,8,17,73,49,24,25.510204081632654,8.16326530612245,17.346938775510203,74.48979591836735,50,24.489795918367346
E00014484,82,15,7,8,67,38,29,18.29268292682927,8.536585365853659,9.75609756097561,81.70731707317073,46.34146341463415,35.36585365853659
E00014485,97,25,12,13,72,35,37,25.773195876288657,12.371134020618557,13.402061855670103,74.22680412371135,36.08247422680412,38.144329896907216
E00014486,139,26,9,17,113,75,38,18.705035971223023,6.474820143884892,12.23021582733813,81.29496402877699,53.956834532374096,27.33812949640288
E00014487,128,29,14,15,99,58,41,22.65625,10.9375,11.71875,77.34375,45.3125,32.03125
E00014488,92,22,10,12,70,39,31,23.91304347826087,10.869565217391305,13.043478260869565,76.08695652173914,42.391304347826086,33.69565217391305
E00014489,77,16,9,7,61,33,28,20.77922077922078,11.688311688311687,9.090909090909092,79.22077922077922,42.857142857142854,36.36363636363637
E00014490,65,23,11,12,42,33,9,35.38461538461539,16.923076923076923,18.461538461538463,64.61538461538461,50.76923076923077,13.846153846153847
E00014491,146,24,9,15,122,67,55,16.43835616438356,6.164383561643835,10.273972602739725,83.56164383561644,45.89041095890411,37.67123287671233
E00014492,78,13,9,4,65,33,32,16.666666666666664,11.538461538461538,5.128205128205128,83.33333333333334,42.30769230769231,41.02564102564102
E00014493,109,25,12,13,84,49,35,22.93577981651376,11.009174311926607,11.926605504587156,77.06422018348624,44.95412844036697,32.11009174311927
E00014494,78,20,3,17,58,36,22,25.64102564102564,3.8461538461538463,21.794871794871796,74.35897435897436,46.15384615384615,28.205128205128204
E00014495,104,27,12,15,77,56,21,25.961538461538463,11.538461538461538,14.423076923076922,74.03846153846155,53.84615384615385,20.192307692307693
E00014496,94,19,11,8,75,38,37,20.212765957446805,11.702127659574469,8.51063829787234,79.7872340425532,40.42553191489361,39.361702127659576
E00014497,89,23,8,15,66,36,30,25.842696629213485,8.98876404494382,16.853932584269664,74.15730337078652,40.44943820224719,33.70786516853933
E00014498,60,14,6,8,46,28,18,23.333333333333332,10,13.333333333333334,76.66666666666667,46.666666666666664,30
E00014499,76,13,9,4,63,32,31,17.105263157894736,11.842105263157894,5.263157894736842,82.89473684210526,42.10526315789473,40.78947368421053
E00014500,70,18,10,8,52,28,24,25.71428571428571,14.285714285714285,11.428571428571429,74.28571428571429,40,34.285714285714285
E00014501,114,24,12,12,90,52,38,21.052631578947366,10.526315789473683,10.526315789473683,78.94736842105263,45.614035087719294,33.33333333333333
E00014502,61,16,9,7,45,24,21,26.229508196721312,14.754098360655737,11.475409836065573,73.77049180327869,39.34426229508197,34.42622950819672
E00014505,120,25,17,8,95,52,43,20.833333333333336,14.166666666666666,6.666666666666667,79.16666666666666,43.333333333333336,35.833333333333336
E00014506,90,21,8,13,69,36,33,23.333333333333332,8.88888888888889,14.444444444444443,76.66666666666667,40,36.666666666666664
E00014507,114,22,10,12,92,60,32,19.298245614035086,8.771929824561402,10.526315789473683,80.7017543859649,52.63157894736842,28.07017543859649
E00014508,98,18,10,8,80,45,35,18.367346938775512,10.204081632653061,8.16326530612245,81.63265306122449,45.91836734693878,35.714285714285715
E00014509,110,22,9,13,88,43,45,20,8.181818181818182,11.818181818181818,80,39.09090909090909,40.909090909090914
E00014510,90,15,10,5,75,46,29,16.666666666666664,11.11111111111111,5.555555555555555,83.33333333333334,51.11111111111111,32.22222222222222
E00014511,74,19,7,12,55,39,16,25.675675675675674,9.45945945945946,16.216216216216218,74.32432432432432,52.702702702702695,21.62162162162162
E00014512,94,19,9,10,75,43,32,20.212765957446805,9.574468085106384,10.638297872340425,79.7872340425532,45.744680851063826,34.04255319148936
E00014513,89,19,10,9,70,36,34,21.34831460674157,11.235955056179774,10.112359550561797,78.65168539325843,40.44943820224719,38.20224719101123
E00014514,107,17,11,6,90,49,41,15.887850467289718,10.2803738317757,5.607476635514018,84.11214953271028,45.794392523364486,38.31775700934579
E00014516,112,21,9,12,91,65,26,18.75,8.035714285714286,10.714285714285714,81.25,58.03571428571429,23.214285714285715
E00014518,101,23,12,11,78,48,30,22.772277227722775,11.881188118811881,10.891089108910892,77.22772277227723,47.524752475247524,29.7029702970297
E00014520,93,22,4,18,71,41,30,23.655913978494624,4.301075268817205,19.35483870967742,76.34408602150538,44.086021505376344,32.25806451612903
E00014521,101,24,9,15,77,39,38,23.762376237623762,8.91089108910891,14.85148514851485,76.23762376237624,38.613861386138616,37.62376237623762
E00014522,69,12,4,8,57,33,24,17.391304347826086,5.797101449275362,11.594202898550725,82.6086956521739,47.82608695652174,34.78260869565217
E00014523,114,20,9,11,94,39,55,17.543859649122805,7.894736842105263,9.649122807017543,82.45614035087719,34.21052631578947,48.24561403508772
E00014524,85,12,3,9,73,44,29,14.117647058823529,3.5294117647058822,10.588235294117647,85.88235294117646,51.76470588235295,34.11764705882353
E00014525,137,22,8,14,115,70,45,16.05839416058394,5.839416058394161,10.218978102189782,83.94160583941606,51.09489051094891,32.846715328467155
E00014526,65,18,8,10,47,25,22,27.692307692307693,12.307692307692308,15.384615384615385,72.3076923076923,38.46153846153847,33.84615384615385
E00014527,75,26,14,12,49,27,22,34.66666666666667,18.666666666666668,16,65.33333333333333,36,29.333333333333332
E00014528,109,23,10,13,86,48,38,21.100917431192663,9.174311926605505,11.926605504587156,78.89908256880734,44.03669724770643,34.862385321100916
E00014529,63,19,10,9,44,30,14,30.158730158730158,15.873015873015872,14.285714285714285,69.84126984126983,47.61904761904761,22.22222222222222
E00014530,88,33,18,15,55,26,29,37.5,20.454545454545457,17.045454545454543,62.5,29.545454545454547,32.95454545454545
E00014531,73,17,10,7,56,36,20,23.28767123287671,13.698630136986301,9.58904109589041,76.71232876712328,49.31506849315068,27.397260273972602
E00014532,68,14,9,5,54,29,25,20.588235294117645,13.23529411764706,7.352941176470589,79.41176470588235,42.64705882352941,36.76470588235294
E00014533,109,26,13,13,83,42,41,23.853211009174313,11.926605504587156,11.926605504587156,76.14678899082568,38.53211009174312,37.61467889908257
E00014534,81,21,8,13,60,37,23,25.925925925925924,9.876543209876543,16.049382716049383,74.07407407407408,45.67901234567901,28.39506172839506
E00014535,105,21,12,9,84,43,41,20,11.428571428571429,8.571428571428571,80,40.95238095238095,39.04761904761905
E00014536,82,23,14,9,59,39,20,28.04878048780488,17.073170731707318,10.975609756097562,71.95121951219512,47.5609756097561,24.390243902439025
E00014537,130,33,13,20,97,48,49,25.384615384615383,10,15.384615384615385,74.61538461538461,36.92307692307693,37.69230769230769
E00014538,100,26,15,11,74,41,33,26,15,11,74,41,33
E00014539,89,21,11,10,68,38,30,23.595505617977526,12.359550561797752,11.235955056179774,76.40449438202246,42.69662921348314,33.70786516853933
E00014540,93,15,8,7,78,44,34,16.129032258064516,8.60215053763441,7.526881720430108,83.87096774193549,47.31182795698925,36.55913978494624
E00014541,100,18,11,7,82,45,37,18,11,7.000000000000001,82,45,37
E00014542,113,26,12,14,87,43,44,23.008849557522122,10.619469026548673,12.389380530973451,76.99115044247787,38.05309734513274,38.93805309734513
E00014543,110,26,12,14,84,46,38,23.636363636363637,10.909090909090908,12.727272727272727,76.36363636363637,41.81818181818181,34.54545454545455
E00014544,93,15,10,5,78,43,35,16.129032258064516,10.75268817204301,5.376344086021505,83.87096774193549,46.236559139784944,37.634408602150536
E00014545,138,19,7,12,119,77,42,13.768115942028986,5.072463768115942,8.695652173913043,86.23188405797102,55.79710144927537,30.434782608695656
E00014546,113,26,6,20,87,47,40,23.008849557522122,5.3097345132743365,17.699115044247787,76.99115044247787,41.5929203539823,35.39823008849557
E00014547,190,28,12,16,162,77,85,14.736842105263156,6.315789473684211,8.421052631578947,85.26315789473684,40.526315789473685,44.73684210526316
E00014548,108,30,17,13,78,32,46,27.77777777777778,15.74074074074074,12.037037037037036,72.22222222222221,29.629629629629626,42.592592592592595
E00014549,114,21,10,11,93,50,43,18.421052631578945,8.771929824561402,9.649122807017543,81.57894736842105,43.859649122807014,37.719298245614034
E00014550,234,60,26,34,174,99,75,25.64102564102564,11.11111111111111,14.529914529914532,74.35897435897436,42.30769230769231,32.05128205128205
E00014551,137,24,12,12,113,65,48,17.51824817518248,8.75912408759124,8.75912408759124,82.48175182481752,47.44525547445255,35.03649635036496
E00014552,215,42,20,22,173,94,79,19.53488372093023,9.30232558139535,10.232558139534884,80.46511627906978,43.72093023255814,36.74418604651163
E00014553,85,17,6,11,68,32,36,20,7.0588235294117645,12.941176470588237,80,37.64705882352941,42.35294117647059
E00014554,114,11,1,10,103,52,51,9.649122807017543,0.8771929824561403,8.771929824561402,90.35087719298247,45.614035087719294,44.73684210526316
E00014555,90,18,7,11,72,44,28,20,7.777777777777778,12.222222222222221,80,48.888888888888886,31.11111111111111
E00014556,112,22,10,12,90,41,49,19.642857142857142,8.928571428571429,10.714285714285714,80.35714285714286,36.607142857142854,43.75
E00014557,136,26,15,11,110,81,29,19.11764705882353,11.029411764705882,8.088235294117647,80.88235294117648,59.55882352941176,21.323529411764707
E00014558,113,25,16,9,88,47,41,22.123893805309734,14.15929203539823,7.964601769911504,77.87610619469027,41.5929203539823,36.283185840707965
E00014559,141,17,12,5,124,68,56,12.056737588652481,8.51063829787234,3.546099290780142,87.94326241134752,48.226950354609926,39.71631205673759
E00014560,132,29,15,14,103,57,46,21.96969696969697,11.363636363636363,10.606060606060606,78.03030303030303,43.18181818181818,34.84848484848485
E00014561,93,30,12,18,63,38,25,32.25806451612903,12.903225806451612,19.35483870967742,67.74193548387096,40.86021505376344,26.881720430107524
E00014562,99,21,10,11,78,32,46,21.21212121212121,10.1010101010101,11.11111111111111,78.78787878787878,32.323232323232325,46.464646464646464
E00014563,102,20,9,11,82,48,34,19.607843137254903,8.823529411764707,10.784313725490197,80.3921568627451,47.05882352941176,33.33333333333333
E00014564,134,20,7,13,114,61,53,14.925373134328357,5.223880597014925,9.701492537313433,85.07462686567165,45.52238805970149,39.55223880597015
E00014565,104,15,9,6,89,55,34,14.423076923076922,8.653846153846153,5.769230769230769,85.57692307692307,52.88461538461539,32.69230769230769
E00014566,132,37,13,24,95,60,35,28.030303030303028,9.848484848484848,18.181818181818183,71.96969696969697,45.45454545454545,26.515151515151516
E00014567,160,30,13,17,130,83,47,18.75,8.125,10.625,81.25,51.87500000000001,29.375
E00014568,124,25,7,18,99,62,37,20.161290322580644,5.64516129032258,14.516129032258066,79.83870967741935,50,29.838709677419356
E00014569,119,51,20,31,68,58,10,42.857142857142854,16.80672268907563,26.05042016806723,57.14285714285714,48.739495798319325,8.403361344537815
E00014570,145,32,14,18,113,73,40,22.06896551724138,9.655172413793103,12.413793103448276,77.93103448275862,50.3448275862069,27.586206896551722
E00014571,150,34,12,22,116,66,50,22.666666666666664,8,14.666666666666666,77.33333333333333,44,33.33333333333333
E00014572,109,18,7,11,91,59,32,16.51376146788991,6.422018348623854,10.091743119266056,83.4862385321101,54.12844036697248,29.357798165137616
E00014573,112,24,8,16,88,54,34,21.428571428571427,7.142857142857142,14.285714285714285,78.57142857142857,48.214285714285715,30.357142857142854
E00014574,227,78,12,66,149,80,69,34.36123348017621,5.286343612334802,29.074889867841406,65.63876651982379,35.24229074889868,30.396475770925107
E00014575,129,25,9,16,104,59,45,19.379844961240313,6.976744186046512,12.4031007751938,80.62015503875969,45.73643410852713,34.883720930232556
E00014576,69,19,6,13,50,28,22,27.536231884057973,8.695652173913043,18.84057971014493,72.46376811594203,40.57971014492754,31.88405797101449
E00014577,108,26,17,9,82,46,36,24.074074074074073,15.74074074074074,8.333333333333332,75.92592592592592,42.592592592592595,33.33333333333333
E00014578,113,26,11,15,87,49,38,23.008849557522122,9.734513274336283,13.274336283185843,76.99115044247787,43.36283185840708,33.6283185840708
E00014579,107,22,11,11,85,43,42,20.5607476635514,10.2803738317757,10.2803738317757,79.43925233644859,40.18691588785047,39.25233644859813
E00014580,111,23,12,11,88,43,45,20.72072072072072,10.81081081081081,9.90990990990991,79.27927927927928,38.73873873873874,40.54054054054054
E00014581,108,28,16,12,80,42,38,25.925925925925924,14.814814814814813,11.11111111111111,74.07407407407408,38.88888888888889,35.18518518518518
E00014582,81,16,3,13,65,33,32,19.753086419753085,3.7037037037037033,16.049382716049383,80.24691358024691,40.74074074074074,39.50617283950617
E00014583,68,15,3,12,53,29,24,22.058823529411764,4.411764705882353,17.647058823529413,77.94117647058823,42.64705882352941,35.294117647058826
E00014584,117,24,7,17,93,52,41,20.51282051282051,5.982905982905983,14.529914529914532,79.48717948717949,44.44444444444444,35.04273504273504
E00014585,86,16,10,6,70,36,34,18.6046511627907,11.627906976744185,6.976744186046512,81.3953488372093,41.86046511627907,39.53488372093023
E00014586,68,13,6,7,55,28,27,19.11764705882353,8.823529411764707,10.294117647058822,80.88235294117648,41.17647058823529,39.705882352941174
E00014587,60,19,11,8,41,38,3,31.666666666666664,18.333333333333332,13.333333333333334,68.33333333333333,63.33333333333333,5
E00014588,64,17,6,11,47,29,18,26.5625,9.375,17.1875,73.4375,45.3125,28.125
E00014589,94,25,12,13,69,38,31,26.595744680851062,12.76595744680851,13.829787234042554,73.40425531914893,40.42553191489361,32.97872340425532
E00014590,127,28,12,16,99,55,44,22.04724409448819,9.448818897637794,12.598425196850393,77.95275590551181,43.30708661417323,34.645669291338585
E00014591,86,36,20,16,50,26,24,41.86046511627907,23.25581395348837,18.6046511627907,58.139534883720934,30.23255813953488,27.906976744186046
E00014592,99,23,13,10,76,49,27,23.232323232323232,13.131313131313133,10.1010101010101,76.76767676767676,49.494949494949495,27.27272727272727
E00014593,120,32,17,15,88,44,44,26.666666666666668,14.166666666666666,12.5,73.33333333333333,36.666666666666664,36.666666666666664
E00014594,84,16,5,11,68,34,34,19.047619047619047,5.952380952380952,13.095238095238097,80.95238095238095,40.476190476190474,40.476190476190474
E00014596,123,26,12,14,97,60,37,21.138211382113823,9.75609756097561,11.38211382113821,78.86178861788618,48.78048780487805,30.081300813008134
E00014598,100,20,9,11,80,39,41,20,9,11,80,39,41
E00014599,96,22,8,14,74,31,43,22.916666666666664,8.333333333333332,14.583333333333334,77.08333333333334,32.29166666666667,44.79166666666667
E00014600,98,28,10,18,70,43,27,28.57142857142857,10.204081632653061,18.367346938775512,71.42857142857143,43.87755102040816,27.55102040816326
E00014601,100,23,12,11,77,42,35,23,12,11,77,42,35
E00014602,77,28,17,11,49,44,5,36.36363636363637,22.07792207792208,14.285714285714285,63.63636363636363,57.14285714285714,6.493506493506493
E00014603,97,25,11,14,72,35,37,25.773195876288657,11.34020618556701,14.432989690721648,74.22680412371135,36.08247422680412,38.144329896907216
E00014604,56,26,9,17,30,22,8,46.42857142857143,16.071428571428573,30.357142857142854,53.57142857142857,39.285714285714285,14.285714285714285
E00014605,105,20,10,10,85,47,38,19.047619047619047,9.523809523809524,9.523809523809524,80.95238095238095,44.761904761904766,36.19047619047619
E00014606,47,13,3,10,34,20,14,27.659574468085108,6.382978723404255,21.27659574468085,72.3404255319149,42.5531914893617,29.78723404255319
E00014607,143,30,17,13,113,61,52,20.97902097902098,11.888111888111888,9.090909090909092,79.02097902097903,42.65734265734265,36.36363636363637
E00014609,84,23,7,16,61,30,31,27.380952380952383,8.333333333333332,19.047619047619047,72.61904761904762,35.714285714285715,36.904761904761905
E00014611,101,25,12,13,76,40,36,24.752475247524753,11.881188118811881,12.871287128712872,75.24752475247524,39.603960396039604,35.64356435643564
E00014612,61,13,5,8,48,29,19,21.311475409836063,8.19672131147541,13.114754098360656,78.68852459016394,47.540983606557376,31.147540983606557
E00014614,148,39,14,25,109,77,32,26.351351351351347,9.45945945945946,16.89189189189189,73.64864864864865,52.02702702702703,21.62162162162162
E00014615,125,52,17,35,73,67,6,41.6,13.600000000000001,28.000000000000004,58.4,53.6,4.8
E00014616,143,33,16,17,110,82,28,23.076923076923077,11.188811188811188,11.888111888111888,76.92307692307693,57.34265734265735,19.58041958041958
E00014617,183,37,13,24,146,91,55,20.21857923497268,7.103825136612022,13.114754098360656,79.78142076502732,49.72677595628415,30.05464480874317
E00014618,122,38,18,20,84,57,27,31.147540983606557,14.754098360655737,16.39344262295082,68.85245901639344,46.72131147540984,22.131147540983605
E00014619,110,54,21,33,56,49,7,49.09090909090909,19.090909090909093,30,50.90909090909091,44.54545454545455,6.363636363636363
E00014620,142,52,20,32,90,83,7,36.61971830985916,14.084507042253522,22.535211267605636,63.38028169014085,58.45070422535211,4.929577464788732
E00014621,247,80,26,54,167,131,36,32.388663967611336,10.526315789473683,21.86234817813765,67.61133603238866,53.036437246963565,14.5748987854251
E00014622,206,68,25,43,138,108,30,33.00970873786408,12.135922330097088,20.87378640776699,66.99029126213593,52.42718446601942,14.563106796116504
E00014623,128,34,12,22,94,79,15,26.5625,9.375,17.1875,73.4375,61.71875,11.71875
E00014624,84,32,10,22,52,50,2,38.095238095238095,11.904761904761903,26.190476190476193,61.904761904761905,59.523809523809526,2.380952380952381
E00014625,107,48,26,22,59,50,9,44.85981308411215,24.299065420560748,20.5607476635514,55.140186915887845,46.728971962616825,8.411214953271028
E00014626,91,35,8,27,56,54,2,38.46153846153847,8.791208791208792,29.67032967032967,61.53846153846154,59.34065934065934,2.197802197802198
E00014627,84,35,12,23,49,40,9,41.66666666666667,14.285714285714285,27.380952380952383,58.333333333333336,47.61904761904761,10.714285714285714
E00014628,100,34,10,24,66,56,10,34,10,24,66,56.00000000000001,10
E00014629,59,26,7,19,33,23,10,44.06779661016949,11.864406779661017,32.20338983050847,55.932203389830505,38.983050847457626,16.94915254237288
E00014630,51,21,8,13,30,27,3,41.17647058823529,15.686274509803921,25.49019607843137,58.82352941176471,52.94117647058824,5.88235294117647
E00014631,94,37,13,24,57,49,8,39.361702127659576,13.829787234042554,25.53191489361702,60.63829787234043,52.12765957446809,8.51063829787234
E00014632,92,40,11,29,52,46,6,43.47826086956522,11.956521739130435,31.521739130434785,56.52173913043478,50,6.521739130434782
E00014633,160,56,24,32,104,84,20,35,15,20,65,52.5,12.5
E00014634,83,18,6,12,65,46,19,21.686746987951807,7.228915662650602,14.457831325301203,78.3132530120482,55.42168674698795,22.89156626506024
E00014635,109,42,11,31,67,57,10,38.53211009174312,10.091743119266056,28.440366972477065,61.46788990825688,52.293577981651374,9.174311926605505
E00014636,163,56,20,36,107,88,19,34.355828220858896,12.269938650306749,22.085889570552148,65.6441717791411,53.987730061349694,11.65644171779141
E00014637,194,46,18,28,148,104,44,23.711340206185564,9.278350515463918,14.432989690721648,76.28865979381443,53.608247422680414,22.68041237113402
E00014638,91,37,17,20,54,36,18,40.65934065934066,18.681318681318682,21.978021978021978,59.34065934065934,39.56043956043956,19.78021978021978
E00014639,179,42,18,24,137,95,42,23.463687150837988,10.05586592178771,13.40782122905028,76.53631284916202,53.072625698324025,23.463687150837988
E00014640,160,45,12,33,115,83,32,28.125,7.5,20.625,71.875,51.87500000000001,20
E00014641,36,15,7,8,21,12,9,41.66666666666667,19.444444444444446,22.22222222222222,58.333333333333336,33.33333333333333,25
E00014642,344,71,26,45,273,216,57,20.63953488372093,7.55813953488372,13.08139534883721,79.36046511627907,62.7906976744186,16.569767441860463
E00014643,141,38,20,18,103,80,23,26.95035460992908,14.184397163120568,12.76595744680851,73.04964539007092,56.73758865248227,16.312056737588655
E00014644,208,63,25,38,145,119,26,30.288461538461537,12.01923076923077,18.269230769230766,69.71153846153845,57.21153846153846,12.5
E00014645,117,25,13,12,92,46,46,21.367521367521366,11.11111111111111,10.256410256410255,78.63247863247864,39.31623931623932,39.31623931623932
E00014646,131,27,14,13,104,48,56,20.610687022900763,10.687022900763358,9.923664122137405,79.38931297709924,36.6412213740458,42.74809160305343
E00014647,78,22,13,9,56,31,25,28.205128205128204,16.666666666666664,11.538461538461538,71.7948717948718,39.743589743589745,32.05128205128205
E00014648,99,17,6,11,82,32,50,17.17171717171717,6.0606060606060606,11.11111111111111,82.82828282828282,32.323232323232325,50.505050505050505
E00014649,97,19,8,11,78,43,35,19.587628865979383,8.24742268041237,11.34020618556701,80.41237113402062,44.329896907216494,36.08247422680412
E00014650,66,8,7,1,58,43,15,12.121212121212121,10.606060606060606,1.5151515151515151,87.87878787878788,65.15151515151516,22.727272727272727
E00014651,48,10,3,7,38,21,17,20.833333333333336,6.25,14.583333333333334,79.16666666666666,43.75,35.41666666666667
E00014652,207,35,15,20,172,65,107,16.908212560386474,7.246376811594203,9.66183574879227,83.09178743961353,31.40096618357488,51.690821256038646
E00014653,79,26,15,11,53,28,25,32.91139240506329,18.9873417721519,13.924050632911392,67.08860759493672,35.44303797468354,31.645569620253166
E00014654,74,15,9,6,59,41,18,20.27027027027027,12.162162162162163,8.108108108108109,79.72972972972973,55.4054054054054,24.324324324324326
E00014655,115,23,10,13,92,59,33,20,8.695652173913043,11.304347826086957,80,51.30434782608696,28.695652173913043
E00014656,71,17,6,11,54,35,19,23.943661971830984,8.450704225352112,15.492957746478872,76.05633802816901,49.29577464788733,26.76056338028169
E00014657,105,20,8,12,85,50,35,19.047619047619047,7.6190476190476195,11.428571428571429,80.95238095238095,47.61904761904761,33.33333333333333
E00014658,123,33,15,18,90,45,45,26.82926829268293,12.195121951219512,14.634146341463413,73.17073170731707,36.58536585365854,36.58536585365854
E00014659,125,18,8,10,107,67,40,14.399999999999999,6.4,8,85.6,53.6,32
E00014660,129,23,6,17,106,63,43,17.829457364341085,4.651162790697675,13.178294573643413,82.17054263565892,48.837209302325576,33.33333333333333
E00014662,106,33,13,20,73,33,40,31.132075471698112,12.264150943396226,18.867924528301888,68.86792452830188,31.132075471698112,37.735849056603776
E00014664,203,33,19,14,170,125,45,16.25615763546798,9.35960591133005,6.896551724137931,83.74384236453201,61.57635467980296,22.167487684729064
E00014665,107,35,15,20,72,45,27,32.71028037383177,14.018691588785046,18.69158878504673,67.28971962616822,42.05607476635514,25.233644859813083
E00014666,186,38,16,22,148,90,58,20.43010752688172,8.60215053763441,11.827956989247312,79.56989247311827,48.38709677419355,31.182795698924732
E00014667,150,43,13,30,107,82,25,28.666666666666668,8.666666666666668,20,71.33333333333334,54.666666666666664,16.666666666666664
E00014668,110,35,19,16,75,38,37,31.818181818181817,17.272727272727273,14.545454545454545,68.18181818181817,34.54545454545455,33.63636363636363
E00014669,108,34,18,16,74,43,31,31.48148148148148,16.666666666666664,14.814814814814813,68.51851851851852,39.81481481481482,28.703703703703702
E00014670,115,26,13,13,89,68,21,22.608695652173914,11.304347826086957,11.304347826086957,77.39130434782608,59.130434782608695,18.26086956521739
E00014671,92,17,11,6,75,40,35,18.478260869565215,11.956521739130435,6.521739130434782,81.52173913043478,43.47826086956522,38.04347826086957
E00014672,101,18,11,7,83,58,25,17.82178217821782,10.891089108910892,6.9306930693069315,82.17821782178217,57.42574257425742,24.752475247524753
E00014673,89,19,12,7,70,41,29,21.34831460674157,13.48314606741573,7.865168539325842,78.65168539325843,46.06741573033708,32.58426966292135
E00175087,249,66,25,41,183,132,51,26.506024096385545,10.040160642570282,16.46586345381526,73.49397590361446,53.01204819277109,20.481927710843372
E00175088,127,31,10,21,96,53,43,24.409448818897637,7.874015748031496,16.535433070866144,75.59055118110236,41.732283464566926,33.85826771653544
E00175089,99,25,8,17,74,39,35,25.252525252525253,8.080808080808081,17.17171717171717,74.74747474747475,39.39393939393939,35.35353535353536
E00175090,120,32,17,15,88,43,45,26.666666666666668,14.166666666666666,12.5,73.33333333333333,35.833333333333336,37.5
E00175091,64,19,10,9,45,22,23,29.6875,15.625,14.0625,70.3125,34.375,35.9375
E00175092,134,42,21,21,92,65,27,31.343283582089555,15.671641791044777,15.671641791044777,68.65671641791045,48.507462686567166,20.149253731343283
E00175095,123,47,20,27,76,72,4,38.21138211382114,16.260162601626014,21.951219512195124,61.78861788617886,58.536585365853654,3.2520325203252036
E00175097,48,12,7,5,36,20,16,25,14.583333333333334,10.416666666666668,75,41.66666666666667,33.33333333333333
E00175101,77,27,11,16,50,38,12,35.064935064935064,14.285714285714285,20.77922077922078,64.93506493506493,49.35064935064935,15.584415584415584
E00190362,166,56,20,36,110,84,26,33.734939759036145,12.048192771084338,21.686746987951807,66.26506024096386,50.602409638554214,15.66265060240964
E00190363,65,17,9,8,48,40,8,26.153846153846157,13.846153846153847,12.307692307692308,73.84615384615385,61.53846153846154,12.307692307692308
E00190364,83,33,11,22,50,49,1,39.75903614457831,13.253012048192772,26.506024096385545,60.24096385542169,59.036144578313255,1.2048192771084338
E00190365,114,19,9,10,95,48,47,16.666666666666664,7.894736842105263,8.771929824561402,83.33333333333334,42.10526315789473,41.228070175438596
E00190366,84,29,14,15,55,38,17,34.523809523809526,16.666666666666664,17.857142857142858,65.47619047619048,45.23809523809524,20.238095238095237
E00190367,123,43,17,26,80,69,11,34.959349593495936,13.821138211382115,21.138211382113823,65.04065040650406,56.09756097560976,8.94308943089431
E00190368,99,18,10,8,81,53,28,18.181818181818183,10.1010101010101,8.080808080808081,81.81818181818183,53.535353535353536,28.28282828282828
E00190369,122,40,17,23,82,72,10,32.78688524590164,13.934426229508196,18.852459016393443,67.21311475409836,59.01639344262295,8.19672131147541
E00190370,102,41,21,20,61,54,7,40.19607843137255,20.588235294117645,19.607843137254903,59.80392156862745,52.94117647058824,6.862745098039216
E00190371,172,62,15,47,110,99,11,36.04651162790697,8.720930232558139,27.325581395348834,63.95348837209303,57.55813953488372,6.395348837209303
E00190372,195,70,29,41,125,100,25,35.8974358974359,14.871794871794872,21.025641025641026,64.1025641025641,51.28205128205128,12.82051282051282
E00190373,109,20,11,9,89,58,31,18.34862385321101,10.091743119266056,8.256880733944955,81.65137614678899,53.21100917431193,28.440366972477065
E00190374,90,25,13,12,65,53,12,27.77777777777778,14.444444444444443,13.333333333333334,72.22222222222221,58.88888888888889,13.333333333333334
E00190375,180,61,16,45,119,102,17,33.88888888888889,8.88888888888889,25,66.11111111111111,56.666666666666664,9.444444444444445
E00190376,107,24,12,12,83,51,32,22.429906542056074,11.214953271028037,11.214953271028037,77.57009345794393,47.66355140186916,29.906542056074763
E00190377,173,33,10,23,140,85,55,19.07514450867052,5.780346820809249,13.294797687861271,80.92485549132948,49.13294797687861,31.79190751445087
E00190396,63,17,6,11,46,25,21,26.984126984126984,9.523809523809524,17.46031746031746,73.01587301587301,39.682539682539684,33.33333333333333
E00190404,86,20,5,15,66,38,28,23.25581395348837,5.813953488372093,17.441860465116278,76.74418604651163,44.18604651162791,32.55813953488372
E00190406,193,89,23,66,104,97,7,46.1139896373057,11.917098445595855,34.196891191709845,53.8860103626943,50.259067357512954,3.6269430051813467
E00190414,436,118,67,51,318,227,91,27.06422018348624,15.36697247706422,11.697247706422019,72.93577981651376,52.06422018348624,20.871559633027523
E00190417,170,33,11,22,137,105,32,19.411764705882355,6.470588235294119,12.941176470588237,80.58823529411765,61.76470588235294,18.823529411764707
E00190424,197,76,27,49,121,106,15,38.578680203045685,13.705583756345177,24.873096446700508,61.42131979695431,53.80710659898477,7.614213197969544
E00190428,144,59,33,26,85,62,23,40.97222222222222,22.916666666666664,18.055555555555554,59.02777777777778,43.05555555555556,15.972222222222221
E00190432,99,25,10,15,74,47,27,25.252525252525253,10.1010101010101,15.151515151515152,74.74747474747475,47.474747474747474,27.27272727272727
E00190443,132,60,24,36,72,66,6,45.45454545454545,18.181818181818183,27.27272727272727,54.54545454545454,50,4.545454545454546
E00190447,109,26,9,17,83,72,11,23.853211009174313,8.256880733944955,15.59633027522936,76.14678899082568,66.05504587155964,10.091743119266056
E00190448,152,31,13,18,121,87,34,20.394736842105264,8.552631578947368,11.842105263157894,79.60526315789474,57.23684210526315,22.36842105263158
E00190451,116,26,11,15,90,69,21,22.413793103448278,9.482758620689655,12.931034482758621,77.58620689655173,59.48275862068966,18.103448275862068
E00190462,214,75,22,53,139,123,16,35.046728971962615,10.2803738317757,24.766355140186917,64.95327102803739,57.476635514018696,7.476635514018691
E00190463,168,40,3,37,128,68,60,23.809523809523807,1.7857142857142856,22.023809523809522,76.19047619047619,40.476190476190474,35.714285714285715
E00190464,173,35,22,13,138,87,51,20.23121387283237,12.716763005780345,7.514450867052023,79.76878612716763,50.28901734104046,29.47976878612717
E00190466,235,74,30,44,161,131,30,31.48936170212766,12.76595744680851,18.72340425531915,68.51063829787233,55.74468085106383,12.76595744680851
E00190467,187,47,22,25,140,87,53,25.13368983957219,11.76470588235294,13.368983957219251,74.8663101604278,46.524064171122994,28.342245989304814
E00190468,111,30,13,17,81,47,34,27.027027027027028,11.711711711711711,15.315315315315313,72.97297297297297,42.34234234234234,30.630630630630627
