OA,ts0380001,ts0380002,ts0380003,ts0380004,ts0380005,ts0380006,ts0380007,ts0380002_PCT,ts0380003_PCT,ts0380004_PCT,ts0380005_PCT,ts0380006_PCT,ts0380007_PCT
E00014043,205,10,2,8,195,13,182,4.878048780487805,0.975609756097561,3.902439024390244,95.1219512195122,6.341463414634147,88.78048780487805
E00014044,238,16,3,13,222,20,202,6.722689075630252,1.2605042016806722,5.46218487394958,93.27731092436974,8.403361344537815,84.87394957983193
E00014045,229,13,5,8,216,10,206,5.676855895196507,2.1834061135371177,3.4934497816593884,94.32314410480349,4.366812227074235,89.95633187772926
E00014047,227,17,7,10,210,11,199,7.488986784140969,3.0837004405286343,4.405286343612335,92.51101321585902,4.845814977973569,87.66519823788546
E00014048,191,17,6,11,174,12,162,8.900523560209423,3.1413612565445024,5.7591623036649215,91.09947643979058,6.282722513089005,84.81675392670157
E00014049,255,25,10,15,230,15,215,9.803921568627452,3.9215686274509802,5.88235294117647,90.19607843137256,5.88235294117647,84.31372549019608
E00014050,154,20,6,14,134,3,131,12.987012987012985,3.896103896103896,9.090909090909092,87.01298701298701,1.948051948051948,85.06493506493507
E00014051,186,24,11,13,162,8,154,12.903225806451612,5.913978494623656,6.989247311827956,87.09677419354838,4.301075268817205,82.79569892473118
E00014052,217,50,24,26,167,8,159,23.04147465437788,11.059907834101383,11.981566820276496,76.95852534562212,3.686635944700461,73.27188940092167
E00014053,137,11,1,10,126,12,114,8.02919708029197,0.7299270072992701,7.2992700729927,91.970802919708035,8.75912408759124,83.21167883211679
E00014054,174,15,0,15,159,14,145,8.620689655172415,0,8.620689655172415,91.37931034482759,8.045977011494253,83.33333333333334
E00014055,225,18,9,9,207,6,201,8,4,4,92,2.666666666666667,89.33333333333333
E00014056,205,29,13,16,176,5,171,14.146341463414632,6.341463414634147,7.804878048780488,85.85365853658537,2.4390243902439024,83.41463414634146
E00014057,163,17,12,5,146,8,138,10.429447852760736,7.361963190184049,3.067484662576687,89.57055214723927,4.9079754601226995,84.66257668711657
E00014058,163,18,11,7,145,6,139,11.042944785276074,6.748466257668712,4.294478527607362,88.95705521472392,3.6809815950920246,85.2760736196319
E00014061,202,13,4,9,189,7,182,6.435643564356436,1.9801980198019802,4.455445544554455,93.56435643564357,3.4653465346534658,90.0990099009901
E00014062,206,15,5,10,191,4,187,7.281553398058252,2.4271844660194173,4.854368932038835,92.71844660194175,1.9417475728155338,90.77669902912622
E00014063,172,17,6,11,155,15,140,9.883720930232558,3.488372093023256,6.395348837209303,90.11627906976744,8.720930232558139,81.3953488372093
E00014064,249,14,0,14,235,12,223,5.622489959839357,0,5.622489959839357,94.37751004016064,4.819277108433735,89.5582329317269
E00014065,236,21,9,12,215,16,199,8.898305084745763,3.8135593220338984,5.084745762711865,91.10169491525424,6.779661016949152,84.32203389830508
E00014066,227,24,7,17,203,12,191,10.572687224669604,3.0837004405286343,7.488986784140969,89.42731277533039,5.286343612334802,84.14096916299559
E00014067,280,14,5,9,266,13,253,5,1.7857142857142856,3.214285714285714,95,4.642857142857143,90.35714285714286
E00014068,222,13,4,9,209,5,204,5.8558558558558556,1.8018018018018018,4.054054054054054,94.14414414414415,2.2522522522522523,91.8918918918919
E00014069,262,14,3,11,248,10,238,5.343511450381679,1.1450381679389312,4.198473282442748,94.65648854961832,3.816793893129771,90.83969465648855
E00014070,256,16,6,10,240,12,228,6.25,2.34375,3.90625,93.75,4.6875,89.0625
E00014071,243,17,6,11,226,11,215,6.995884773662551,2.4691358024691357,4.526748971193416,93.00411522633745,4.526748971193416,88.47736625514403
E00014072,271,17,8,9,254,13,241,6.273062730627306,2.952029520295203,3.3210332103321036,93.72693726937268,4.797047970479705,88.92988929889299
E00014073,197,7,1,6,190,11,179,3.5532994923857872,0.5076142131979695,3.0456852791878175,96.44670050761421,5.583756345177665,90.86294416243655
E00014074,228,20,5,15,208,13,195,8.771929824561402,2.1929824561403506,6.578947368421052,91.22807017543859,5.701754385964912,85.52631578947368
E00014075,225,14,4,10,211,9,202,6.222222222222222,1.7777777777777777,4.444444444444445,93.77777777777779,4,89.77777777777777
E00014076,206,18,7,11,188,12,176,8.737864077669903,3.3980582524271843,5.339805825242718,91.2621359223301,5.825242718446602,85.43689320388349
E00014077,241,26,9,17,215,10,205,10.78838174273859,3.7344398340248963,7.053941908713693,89.21161825726142,4.149377593360995,85.06224066390041
E00014078,174,19,12,7,155,13,142,10.919540229885058,6.896551724137931,4.022988505747127,89.08045977011494,7.471264367816093,81.60919540229885
E00014079,177,18,4,14,159,10,149,10.16949152542373,2.2598870056497176,7.909604519774012,89.83050847457628,5.649717514124294,84.18079096045197
E00014080,151,8,1,7,143,6,137,5.298013245033113,0.6622516556291391,4.635761589403973,94.70198675496688,3.9735099337748347,90.72847682119205
E00014081,193,7,7,0,186,8,178,3.6269430051813467,3.6269430051813467,0,96.37305699481865,4.145077720207254,92.2279792746114
E00014082,138,9,3,6,129,4,125,6.521739130434782,2.1739130434782608,4.3478260869565215,93.47826086956522,2.898550724637681,90.57971014492753
E00014083,137,8,0,8,129,6,123,5.839416058394161,0,5.839416058394161,94.16058394160584,4.37956204379562,89.78102189781022
E00014084,149,12,2,10,137,6,131,8.053691275167784,1.342281879194631,6.7114093959731544,91.94630872483222,4.026845637583892,87.91946308724832
E00014085,168,19,6,13,149,4,145,11.30952380952381,3.571428571428571,7.738095238095238,88.69047619047619,2.380952380952381,86.30952380952381
E00014086,287,40,15,25,247,8,239,13.937282229965156,5.2264808362369335,8.710801393728223,86.06271777003485,2.7874564459930316,83.27526132404182
E00014087,173,7,2,5,166,6,160,4.046242774566474,1.1560693641618496,2.8901734104046244,95.95375722543352,3.4682080924855487,92.48554913294798
E00014088,164,26,10,16,138,17,121,15.853658536585366,6.097560975609756,9.75609756097561,84.14634146341463,10.365853658536585,73.78048780487805
E00014089,166,25,5,20,141,6,135,15.060240963855422,3.0120481927710845,12.048192771084338,84.93975903614458,3.614457831325301,81.32530120481928
E00014090,158,2,0,2,156,6,150,1.2658227848101267,0,1.2658227848101267,98.73417721518987,3.79746835443038,94.9367088607595
E00014091,144,8,3,5,136,1,135,5.555555555555555,2.083333333333333,3.4722222222222223,94.44444444444444,0.6944444444444444,93.75
E00014092,126,10,3,7,116,3,113,7.936507936507936,2.380952380952381,5.555555555555555,92.06349206349206,2.380952380952381,89.68253968253968
E00014093,163,3,0,3,160,8,152,1.8404907975460123,0,1.8404907975460123,98.15950920245399,4.9079754601226995,93.25153374233128
E00014094,162,10,5,5,152,7,145,6.172839506172839,3.0864197530864197,3.0864197530864197,93.82716049382715,4.320987654320987,89.50617283950618
E00014095,164,14,8,6,150,8,142,8.536585365853659,4.878048780487805,3.6585365853658534,91.46341463414635,4.878048780487805,86.58536585365853
E00014096,181,9,0,9,172,6,166,4.972375690607735,0,4.972375690607735,95.02762430939227,3.314917127071823,91.71270718232044
E00014097,136,5,3,2,131,0,131,3.6764705882352944,2.2058823529411766,1.4705882352941175,96.32352941176471,0,96.32352941176471
E00014098,157,9,1,8,148,5,143,5.7324840764331215,0.6369426751592357,5.095541401273886,94.26751592356688,3.1847133757961785,91.0828025477707
E00014099,157,8,1,7,149,8,141,5.095541401273886,0.6369426751592357,4.45859872611465,94.90445859872611,5.095541401273886,89.80891719745223
E00014100,232,15,6,9,217,8,209,6.4655172413793105,2.586206896551724,3.8793103448275863,93.53448275862068,3.4482758620689653,90.08620689655173
E00014101,213,21,8,13,192,11,181,9.859154929577464,3.755868544600939,6.103286384976526,90.14084507042254,5.164319248826291,84.97652582159625
E00014102,179,16,9,7,163,7,156,8.938547486033519,5.027932960893855,3.910614525139665,91.06145251396647,3.910614525139665,87.15083798882681
E00014103,147,6,3,3,141,7,134,4.081632653061225,2.0408163265306123,2.0408163265306123,95.91836734693877,4.761904761904762,91.15646258503402
E00014104,213,14,8,6,199,8,191,6.572769953051644,3.755868544600939,2.8169014084507045,93.42723004694837,3.755868544600939,89.67136150234741
E00014105,223,21,8,13,202,8,194,9.417040358744394,3.587443946188341,5.829596412556054,90.5829596412556,3.587443946188341,86.99551569506725
E00014107,159,10,8,2,149,7,142,6.289308176100629,5.031446540880504,1.257861635220126,93.71069182389937,4.40251572327044,89.30817610062893
E00014108,241,19,7,12,222,8,214,7.883817427385892,2.904564315352697,4.979253112033195,92.11618257261411,3.319502074688797,88.79668049792531
E00014109,149,8,4,4,141,11,130,5.369127516778524,2.684563758389262,2.684563758389262,94.63087248322147,7.38255033557047,87.24832214765101
E00014110,223,59,26,33,164,18,146,26.45739910313901,11.659192825112108,14.798206278026907,73.54260089686099,8.071748878923767,65.47085201793722
E00014111,180,20,4,16,160,12,148,11.11111111111111,2.2222222222222223,8.88888888888889,88.88888888888889,6.666666666666667,82.22222222222221
E00014112,353,70,37,33,283,20,263,19.8300283286119,10.48158640226629,9.34844192634561,80.16997167138811,5.6657223796034,74.5042492917847
E00014116,181,9,4,5,172,1,171,4.972375690607735,2.209944751381215,2.7624309392265194,95.02762430939227,0.5524861878453038,94.47513812154696
E00014117,257,7,1,6,250,4,246,2.7237354085603114,0.38910505836575876,2.3346303501945527,97.27626459143968,1.556420233463035,95.71984435797665
E00014118,204,5,1,4,199,6,193,2.450980392156863,0.49019607843137253,1.9607843137254901,97.54901960784314,2.941176470588235,94.6078431372549
E00014119,276,23,6,17,253,14,239,8.333333333333332,2.1739130434782608,6.159420289855073,91.66666666666666,5.072463768115942,86.59420289855072
E00014120,213,20,11,9,193,0,193,9.389671361502346,5.164319248826291,4.225352112676056,90.61032863849765,0,90.61032863849765
E00014121,144,11,5,6,133,3,130,7.638888888888889,3.4722222222222223,4.166666666666666,92.36111111111111,2.083333333333333,90.27777777777779
E00014122,157,7,2,5,150,5,145,4.45859872611465,1.2738853503184715,3.1847133757961785,95.54140127388536,3.1847133757961785,92.35668789808918
E00014123,313,26,14,12,287,21,266,8.30670926517572,4.472843450479233,3.8338658146964857,91.69329073482429,6.7092651757188495,84.98402555910543
E00014124,535,50,23,27,485,26,459,9.345794392523365,4.299065420560748,5.046728971962617,90.65420560747664,4.859813084112149,85.79439252336448
E00014125,258,35,15,20,223,8,215,13.565891472868216,5.813953488372093,7.751937984496124,86.43410852713178,3.10077519379845,83.33333333333334
E00014126,260,24,8,16,236,16,220,9.230769230769232,3.076923076923077,6.153846153846154,90.76923076923077,6.153846153846154,84.61538461538461
E00014127,201,19,9,10,182,10,172,9.45273631840796,4.477611940298507,4.975124378109453,90.54726368159204,4.975124378109453,85.57213930348259
E00014128,189,22,4,18,167,15,152,11.64021164021164,2.1164021164021163,9.523809523809524,88.35978835978835,7.936507936507936,80.42328042328042
E00014129,102,7,2,5,95,2,93,6.862745098039216,1.9607843137254901,4.901960784313726,93.13725490196079,1.9607843137254901,91.17647058823529
E00014130,230,18,6,12,212,12,200,7.82608695652174,2.608695652173913,5.217391304347826,92.17391304347827,5.217391304347826,86.95652173913044
E00014131,138,17,8,9,121,5,116,12.318840579710146,5.797101449275362,6.521739130434782,87.68115942028986,3.6231884057971016,84.05797101449275
E00014132,182,17,7,10,165,5,160,9.340659340659341,3.8461538461538463,5.4945054945054945,90.65934065934066,2.7472527472527473,87.91208791208791
E00014133,184,10,2,8,174,13,161,5.434782608695652,1.0869565217391304,4.3478260869565215,94.56521739130434,7.065217391304348,87.5
E00014134,181,20,8,12,161,8,153,11.049723756906078,4.41988950276243,6.629834254143646,88.95027624309392,4.41988950276243,84.5303867403315
E00014135,417,19,7,12,398,10,388,4.556354916067146,1.6786570743405276,2.877697841726619,95.44364508393285,2.3980815347721824,93.04556354916068
E00014136,146,17,14,3,129,5,124,11.643835616438356,9.58904109589041,2.054794520547945,88.35616438356165,3.4246575342465753,84.93150684931507
E00014137,213,22,7,15,191,4,187,10.328638497652582,3.286384976525822,7.042253521126761,89.67136150234741,1.8779342723004695,87.79342723004694
E00014138,296,12,5,7,284,25,259,4.054054054054054,1.6891891891891893,2.364864864864865,95.94594594594594,8.445945945945946,87.5
E00014139,155,14,3,11,141,14,127,9.032258064516128,1.935483870967742,7.096774193548387,90.96774193548387,9.032258064516128,81.93548387096774
E00014140,201,11,1,10,190,8,182,5.472636815920398,0.4975124378109453,4.975124378109453,94.5273631840796,3.9800995024875623,90.54726368159204
E00014141,196,13,3,10,183,14,169,6.63265306122449,1.530612244897959,5.1020408163265305,93.36734693877551,7.142857142857142,86.22448979591837
E00014142,230,16,6,10,214,23,191,6.956521739130435,2.608695652173913,4.3478260869565215,93.04347826086956,10,83.04347826086956
E00014143,163,6,3,3,157,10,147,3.6809815950920246,1.8404907975460123,1.8404907975460123,96.31901840490798,6.134969325153374,90.1840490797546
E00014144,222,7,0,7,215,12,203,3.153153153153153,0,3.153153153153153,96.84684684684684,5.405405405405405,91.44144144144144
E00014145,162,9,3,6,153,8,145,5.555555555555555,1.8518518518518516,3.7037037037037033,94.44444444444444,4.938271604938271,89.50617283950618
E00014146,206,19,10,9,187,13,174,9.223300970873787,4.854368932038835,4.368932038834951,90.77669902912622,6.310679611650485,84.46601941747572
E00014147,186,12,5,7,174,17,157,6.451612903225806,2.6881720430107525,3.763440860215054,93.54838709677419,9.13978494623656,84.40860215053763
E00014148,207,10,2,8,197,8,189,4.830917874396135,0.966183574879227,3.864734299516908,95.16908212560386,3.864734299516908,91.30434782608695
E00014149,149,57,33,24,92,5,87,38.25503355704698,22.14765100671141,16.10738255033557,61.74496644295302,3.3557046979865772,58.38926174496645
E00014150,261,54,23,31,207,9,198,20.689655172413794,8.812260536398467,11.877394636015326,79.3103448275862,3.4482758620689653,75.86206896551724
E00014151,498,92,59,33,406,39,367,18.473895582329316,11.847389558232932,6.626506024096386,81.52610441767068,7.83132530120482,73.69477911646585
E00014152,296,54,19,35,242,10,232,18.243243243243242,6.418918918918918,11.824324324324325,81.75675675675676,3.3783783783783785,78.37837837837837
E00014153,213,41,8,33,172,10,162,19.248826291079812,3.755868544600939,15.492957746478872,80.75117370892019,4.694835680751173,76.05633802816901
E00014154,301,61,36,25,240,6,234,20.26578073089701,11.960132890365449,8.305647840531561,79.734219269103,1.9933554817275747,77.74086378737542
E00014155,154,11,6,5,143,2,141,7.142857142857142,3.896103896103896,3.2467532467532463,92.85714285714286,1.2987012987012987,91.55844155844156
E00014156,123,9,7,2,114,9,105,7.317073170731707,5.691056910569105,1.6260162601626018,92.6829268292683,7.317073170731707,85.36585365853658
E00014157,410,66,33,33,344,19,325,16.097560975609756,8.048780487804878,8.048780487804878,83.90243902439025,4.634146341463414,79.26829268292683
E00014158,139,16,4,12,123,5,118,11.510791366906476,2.877697841726619,8.633093525179856,88.48920863309353,3.5971223021582732,84.89208633093526
E00014159,172,19,7,12,153,11,142,11.046511627906977,4.069767441860465,6.976744186046512,88.95348837209302,6.395348837209303,82.55813953488372
E00014160,175,18,6,12,157,8,149,10.285714285714285,3.428571428571429,6.857142857142858,89.71428571428571,4.571428571428571,85.14285714285714
E00014161,201,17,7,10,184,10,174,8.45771144278607,3.482587064676617,4.975124378109453,91.54228855721394,4.975124378109453,86.56716417910447
E00014162,333,57,24,33,276,13,263,17.117117117117118,7.207207207207207,9.90990990990991,82.88288288288288,3.903903903903904,78.97897897897897
E00014163,265,51,26,25,214,17,197,19.245283018867926,9.811320754716983,9.433962264150944,80.75471698113208,6.415094339622642,74.33962264150942
E00014164,215,48,17,31,167,9,158,22.325581395348838,7.906976744186046,14.418604651162791,77.67441860465117,4.186046511627907,73.48837209302326
E00014165,218,40,17,23,178,18,160,18.34862385321101,7.79816513761468,10.550458715596331,81.65137614678899,8.256880733944955,73.39449541284404
E00014166,167,44,26,18,123,6,117,26.34730538922156,15.568862275449103,10.778443113772456,73.65269461077844,3.592814371257485,70.05988023952095
E00014167,195,32,18,14,163,14,149,16.41025641025641,9.230769230769232,7.179487179487179,83.58974358974359,7.179487179487179,76.41025641025641
E00014168,225,47,26,21,178,12,166,20.88888888888889,11.555555555555555,9.333333333333334,79.11111111111111,5.333333333333334,73.77777777777777
E00014169,288,44,27,17,244,9,235,15.277777777777779,9.375,5.902777777777778,84.72222222222221,3.125,81.59722222222221
E00014170,251,59,27,32,192,11,181,23.50597609561753,10.756972111553784,12.749003984063744,76.49402390438247,4.382470119521913,72.11155378486056
E00014171,208,54,35,19,154,7,147,25.961538461538463,16.826923076923077,9.134615384615383,74.03846153846155,3.3653846153846154,70.67307692307693
E00014172,244,32,17,15,212,6,206,13.114754098360656,6.967213114754098,6.147540983606557,86.88524590163934,2.459016393442623,84.42622950819673
E00014173,152,35,19,16,117,7,110,23.026315789473685,12.5,10.526315789473683,76.97368421052632,4.605263157894736,72.36842105263158
E00014174,265,22,13,9,243,15,228,8.30188679245283,4.905660377358491,3.3962264150943398,91.69811320754717,5.660377358490567,86.0377358490566
E00014175,293,44,12,32,249,18,231,15.017064846416384,4.09556313993174,10.921501706484642,84.98293515358361,6.143344709897611,78.839590443686
E00014176,268,59,24,35,209,12,197,22.01492537313433,8.955223880597014,13.059701492537313,77.98507462686567,4.477611940298507,73.50746268656717
E00014177,308,74,33,41,234,8,226,24.025974025974026,10.714285714285714,13.311688311688311,75.97402597402598,2.5974025974025974,73.37662337662337
E00014178,235,56,28,28,179,8,171,23.829787234042556,11.914893617021278,11.914893617021278,76.17021276595744,3.404255319148936,72.76595744680851
E00014179,167,27,14,13,140,9,131,16.16766467065868,8.383233532934131,7.784431137724551,83.8323353293413,5.389221556886228,78.44311377245509
E00014180,243,26,11,15,217,5,212,10.699588477366255,4.526748971193416,6.172839506172839,89.30041152263375,2.05761316872428,87.24279835390946
E00014181,189,30,14,16,159,6,153,15.873015873015872,7.4074074074074066,8.465608465608465,84.12698412698413,3.1746031746031744,80.95238095238095
E00014183,188,8,3,5,180,9,171,4.25531914893617,1.5957446808510638,2.6595744680851063,95.74468085106383,4.787234042553192,90.95744680851064
E00014184,239,39,17,22,200,12,188,16.317991631799163,7.112970711297072,9.205020920502092,83.68200836820083,5.02092050209205,78.66108786610879
E00014185,198,18,8,10,180,7,173,9.090909090909092,4.040404040404041,5.05050505050505,90.9090909090909,3.535353535353535,87.37373737373737
E00014186,182,18,7,11,164,4,160,9.89010989010989,3.8461538461538463,6.043956043956044,90.10989010989012,2.197802197802198,87.91208791208791
E00014187,210,14,5,9,196,11,185,6.666666666666667,2.380952380952381,4.285714285714286,93.33333333333333,5.238095238095238,88.09523809523809
E00014188,197,18,6,12,179,5,174,9.137055837563452,3.0456852791878175,6.091370558375635,90.86294416243655,2.5380710659898478,88.3248730964467
E00014189,174,9,3,6,165,10,155,5.172413793103448,1.7241379310344827,3.4482758620689653,94.82758620689656,5.747126436781609,89.08045977011494
E00014190,162,9,2,7,153,8,145,5.555555555555555,1.2345679012345678,4.320987654320987,94.44444444444444,4.938271604938271,89.50617283950618
E00014191,269,29,7,22,240,6,234,10.780669144981413,2.6022304832713754,8.178438661710038,89.21933085501858,2.2304832713754648,86.98884758364312
E00014192,261,25,13,12,236,12,224,9.578544061302683,4.980842911877394,4.597701149425287,90.42145593869732,4.597701149425287,85.82375478927203
E00014193,145,11,3,8,134,4,130,7.586206896551724,2.0689655172413794,5.517241379310345,92.41379310344827,2.7586206896551726,89.65517241379311
E00014194,140,3,2,1,137,6,131,2.142857142857143,1.4285714285714286,0.7142857142857143,97.85714285714285,4.285714285714286,93.57142857142857
E00014195,134,10,2,8,124,4,120,7.462686567164178,1.4925373134328357,5.970149253731343,92.53731343283582,2.9850746268656714,89.55223880597015
E00014196,152,5,2,3,147,7,140,3.289473684210526,1.3157894736842104,1.9736842105263157,96.71052631578947,4.605263157894736,92.10526315789474
E00014197,188,21,5,16,167,10,157,11.170212765957446,2.6595744680851063,8.51063829787234,88.82978723404256,5.319148936170213,83.51063829787235
E00014198,166,18,3,15,148,13,135,10.843373493975903,1.8072289156626504,9.036144578313253,89.1566265060241,7.83132530120482,81.32530120481928
E00014199,173,7,1,6,166,8,158,4.046242774566474,0.5780346820809248,3.4682080924855487,95.95375722543352,4.624277456647398,91.32947976878613
E00014200,144,12,3,9,132,10,122,8.333333333333332,2.083333333333333,6.25,91.66666666666666,6.944444444444445,84.72222222222221
E00014201,192,16,0,16,176,7,169,8.333333333333332,0,8.333333333333332,91.66666666666666,3.6458333333333335,88.02083333333334
E00014202,207,12,1,11,195,11,184,5.797101449275362,0.4830917874396135,5.314009661835748,94.20289855072464,5.314009661835748,88.88888888888889
E00014203,174,28,9,19,146,7,139,16.091954022988507,5.172413793103448,10.919540229885058,83.9080459770115,4.022988505747127,79.88505747126436
E00014204,236,10,3,7,226,14,212,4.23728813559322,1.2711864406779663,2.9661016949152543,95.76271186440678,5.932203389830509,89.83050847457628
E00014205,178,11,4,7,167,14,153,6.179775280898876,2.247191011235955,3.932584269662921,93.82022471910112,7.865168539325842,85.95505617977528
E00014206,101,10,6,4,91,6,85,9.900990099009901,5.9405940594059405,3.9603960396039604,90.0990099009901,5.9405940594059405,84.15841584158416
E00014207,254,38,20,18,216,17,199,14.960629921259844,7.874015748031496,7.086614173228346,85.03937007874016,6.692913385826772,78.34645669291339
E00014208,122,10,1,9,112,7,105,8.19672131147541,0.819672131147541,7.377049180327869,91.80327868852459,5.737704918032787,86.0655737704918
E00014209,178,9,2,7,169,4,165,5.056179775280898,1.1235955056179776,3.932584269662921,94.9438202247191,2.247191011235955,92.69662921348315
E00014210,212,18,4,14,194,11,183,8.49056603773585,1.8867924528301887,6.60377358490566,91.50943396226415,5.188679245283019,86.32075471698113
E00014211,190,13,6,7,177,12,165,6.842105263157896,3.1578947368421053,3.684210526315789,93.15789473684211,6.315789473684211,86.8421052631579
E00014212,142,10,2,8,132,4,128,7.042253521126761,1.4084507042253522,5.633802816901409,92.95774647887323,2.8169014084507045,90.14084507042254
E00014213,171,25,20,5,146,8,138,14.619883040935672,11.695906432748536,2.923976608187134,85.38011695906432,4.678362573099415,80.7017543859649
E00014214,241,9,0,9,232,13,219,3.7344398340248963,0,3.7344398340248963,96.2655601659751,5.394190871369295,90.87136929460581
E00014215,161,9,3,6,152,5,147,5.590062111801243,1.8633540372670807,3.7267080745341614,94.40993788819875,3.1055900621118013,91.30434782608695
E00014217,274,24,14,10,250,8,242,8.75912408759124,5.109489051094891,3.64963503649635,91.24087591240875,2.9197080291970803,88.32116788321169
E00014218,300,19,6,13,281,10,271,6.333333333333334,2,4.333333333333334,93.66666666666667,3.3333333333333335,90.33333333333333
E00014219,111,44,23,21,67,4,63,39.63963963963964,20.72072072072072,18.91891891891892,60.36036036036037,3.6036036036036037,56.75675675675676
E00014220,265,31,14,17,234,30,204,11.69811320754717,5.283018867924529,6.415094339622642,88.30188679245283,11.320754716981133,76.9811320754717
E00014221,256,41,21,20,215,6,209,16.015625,8.203125,7.8125,83.984375,2.34375,81.640625
E00014222,150,37,23,14,113,11,102,24.666666666666668,15.333333333333332,9.333333333333334,75.33333333333333,7.333333333333333,68
E00014223,194,12,0,12,182,12,170,6.185567010309279,0,6.185567010309279,93.81443298969072,6.185567010309279,87.62886597938144
E00014224,190,16,0,16,174,6,168,8.421052631578947,0,8.421052631578947,91.57894736842105,3.1578947368421053,88.42105263157895
E00014225,158,20,7,13,138,9,129,12.658227848101266,4.430379746835443,8.227848101265822,87.34177215189874,5.69620253164557,81.64556962025317
E00014226,193,27,10,17,166,13,153,13.989637305699482,5.181347150259067,8.808290155440414,86.01036269430051,6.7357512953367875,79.27461139896373
E00014227,298,18,7,11,280,5,275,6.0402684563758395,2.348993288590604,3.691275167785235,93.95973154362416,1.6778523489932886,92.28187919463086
E00014228,126,31,16,15,95,0,95,24.6031746031746,12.698412698412698,11.904761904761903,75.39682539682539,0,75.39682539682539
E00014229,139,11,1,10,128,4,124,7.913669064748201,0.7194244604316548,7.1942446043165464,92.08633093525181,2.877697841726619,89.20863309352518
E00014230,177,11,5,6,166,15,151,6.214689265536723,2.824858757062147,3.389830508474576,93.78531073446328,8.47457627118644,85.31073446327684
E00014231,199,14,2,12,185,7,178,7.035175879396985,1.0050251256281406,6.030150753768844,92.96482412060301,3.5175879396984926,89.44723618090453
E00014232,149,14,4,10,135,7,128,9.395973154362416,2.684563758389262,6.7114093959731544,90.60402684563759,4.697986577181208,85.90604026845638
E00014233,132,48,29,19,84,6,78,36.36363636363637,21.96969696969697,14.393939393939394,63.63636363636363,4.545454545454546,59.09090909090909
E00014234,173,24,8,16,149,11,138,13.872832369942195,4.624277456647398,9.248554913294797,86.1271676300578,6.358381502890173,79.76878612716763
E00014236,185,55,31,24,130,9,121,29.72972972972973,16.756756756756758,12.972972972972974,70.27027027027027,4.864864864864865,65.4054054054054
E00014237,118,24,16,8,94,1,93,20.33898305084746,13.559322033898304,6.779661016949152,79.66101694915254,0.847457627118644,78.8135593220339
E00014239,188,42,16,26,146,9,137,22.340425531914892,8.51063829787234,13.829787234042554,77.6595744680851,4.787234042553192,72.87234042553192
E00014240,482,93,43,50,389,28,361,19.294605809128633,8.921161825726141,10.37344398340249,80.70539419087137,5.809128630705394,74.89626556016597
E00014241,159,46,23,23,113,8,105,28.930817610062892,14.465408805031446,14.465408805031446,71.0691823899371,5.031446540880504,66.0377358490566
E00014242,259,51,28,23,208,16,192,19.69111969111969,10.81081081081081,8.880308880308881,80.3088803088803,6.177606177606178,74.13127413127413
E00014244,182,31,14,17,151,7,144,17.032967032967033,7.6923076923076925,9.340659340659341,82.96703296703298,3.8461538461538463,79.12087912087912
E00014247,158,23,16,7,135,6,129,14.556962025316455,10.126582278481013,4.430379746835443,85.44303797468355,3.79746835443038,81.64556962025317
E00014248,183,20,7,13,163,9,154,10.92896174863388,3.825136612021858,7.103825136612022,89.07103825136612,4.918032786885246,84.15300546448088
E00014249,481,101,54,47,380,16,364,20.997920997921,11.226611226611228,9.771309771309772,79.002079002079,3.3264033264033266,75.67567567567568
E00014250,174,37,21,16,137,4,133,21.26436781609195,12.068965517241379,9.195402298850574,78.73563218390804,2.2988505747126435,76.4367816091954
E00014251,133,14,10,4,119,9,110,10.526315789473683,7.518796992481203,3.007518796992481,89.47368421052632,6.7669172932330826,82.70676691729322
E00014252,193,28,10,18,165,16,149,14.507772020725387,5.181347150259067,9.32642487046632,85.49222797927462,8.290155440414509,77.2020725388601
E00014254,146,30,23,7,116,6,110,20.54794520547945,15.753424657534246,4.794520547945205,79.45205479452055,4.10958904109589,75.34246575342466
E00014255,153,20,4,16,133,7,126,13.071895424836603,2.6143790849673203,10.457516339869281,86.9281045751634,4.57516339869281,82.35294117647058
E00014256,165,23,7,16,142,13,129,13.939393939393941,4.242424242424243,9.696969696969697,86.06060606060606,7.878787878787878,78.18181818181819
E00014257,173,34,13,21,139,8,131,19.653179190751445,7.514450867052023,12.138728323699421,80.34682080924856,4.624277456647398,75.72254335260115
E00014258,286,33,19,14,253,15,238,11.538461538461538,6.643356643356643,4.895104895104895,88.46153846153845,5.244755244755245,83.21678321678321
E00014260,177,31,17,14,146,1,145,17.51412429378531,9.6045197740113,7.909604519774012,82.485875706214685,0.5649717514124294,81.92090395480226
E00014261,186,16,7,9,170,9,161,8.60215053763441,3.763440860215054,4.838709677419355,91.39784946236558,4.838709677419355,86.55913978494624
E00014262,181,16,9,7,165,12,153,8.83977900552486,4.972375690607735,3.867403314917127,91.16022099447514,6.629834254143646,84.5303867403315
E00014263,224,32,15,17,192,17,175,14.285714285714285,6.696428571428571,7.5892857142857135,85.71428571428571,7.5892857142857135,78.125
E00014264,225,11,1,10,214,10,204,4.888888888888889,0.4444444444444444,4.444444444444445,95.11111111111111,4.444444444444445,90.66666666666666
E00014265,152,11,4,7,141,12,129,7.236842105263158,2.631578947368421,4.605263157894736,92.76315789473685,7.894736842105263,84.86842105263158
E00014266,200,27,12,15,173,12,161,13.5,6,7.5,86.5,6,80.5
E00014267,250,24,6,18,226,10,216,9.6,2.4,7.199999999999999,90.4,4,86.4
E00014268,210,27,8,19,183,14,169,12.857142857142856,3.8095238095238098,9.047619047619047,87.14285714285714,6.666666666666667,80.47619047619048
E00014269,181,30,14,16,151,9,142,16.574585635359114,7.734806629834254,8.83977900552486,83.42541436464089,4.972375690607735,78.45303867403315
E00014270,147,28,12,16,119,6,113,19.047619047619047,8.16326530612245,10.884353741496598,80.95238095238095,4.081632653061225,76.87074829931973
E00014271,247,31,7,24,216,9,207,12.550607287449392,2.834008097165992,9.7165991902834,87.4493927125506,3.643724696356275,83.80566801619433
E00014272,268,9,1,8,259,1,258,3.3582089552238807,0.3731343283582089,2.9850746268656714,96.64179104477611,0.3731343283582089,96.26865671641791
E00014273,183,13,7,6,170,5,165,7.103825136612022,3.825136612021858,3.278688524590164,92.89617486338798,2.73224043715847,90.1639344262295
E00014274,202,16,10,6,186,6,180,7.920792079207921,4.9504950495049505,2.9702970297029703,92.07920792079209,2.9702970297029703,89.10891089108911
E00014275,242,12,6,6,230,9,221,4.958677685950414,2.479338842975207,2.479338842975207,95.0413223140496,3.71900826446281,91.32231404958677
E00014276,207,28,14,14,179,3,176,13.526570048309178,6.763285024154589,6.763285024154589,86.47342995169082,1.4492753623188406,85.02415458937197
E00014277,198,21,8,13,177,12,165,10.606060606060606,4.040404040404041,6.565656565656567,89.39393939393939,6.0606060606060606,83.33333333333334
E00014278,153,11,4,7,142,12,130,7.18954248366013,2.6143790849673203,4.57516339869281,92.81045751633987,7.8431372549019605,84.9673202614379
E00014279,155,23,9,14,132,11,121,14.838709677419354,5.806451612903226,9.032258064516128,85.16129032258064,7.096774193548387,78.06451612903226
E00014280,129,26,9,17,103,12,91,20.155038759689923,6.976744186046512,13.178294573643413,79.84496124031007,9.30232558139535,70.54263565891473
E00014282,324,43,21,22,281,13,268,13.271604938271606,6.481481481481481,6.790123456790123,86.72839506172839,4.012345679012346,82.71604938271605
E00014284,133,9,3,6,124,10,114,6.7669172932330826,2.2556390977443606,4.511278195488721,93.23308270676691,7.518796992481203,85.71428571428571
E00014285,227,10,4,6,217,13,204,4.405286343612335,1.762114537444934,2.643171806167401,95.59471365638767,5.726872246696035,89.86784140969164
E00014286,307,19,5,14,288,16,272,6.188925081433225,1.6286644951140066,4.5602605863192185,93.81107491856677,5.211726384364821,88.59934853420195
E00014287,113,26,13,13,87,6,81,23.008849557522122,11.504424778761061,11.504424778761061,76.99115044247787,5.3097345132743365,71.68141592920354
E00014289,206,29,12,17,177,13,164,14.077669902912621,5.825242718446602,8.25242718446602,85.92233009708737,6.310679611650485,79.6116504854369
E00014290,190,12,4,8,178,18,160,6.315789473684211,2.1052631578947367,4.2105263157894735,93.6842105263158,9.473684210526317,84.21052631578947
E00014291,148,29,16,13,119,5,114,19.594594594594593,10.81081081081081,8.783783783783784,80.4054054054054,3.3783783783783785,77.02702702702703
E00014292,215,23,2,21,192,14,178,10.69767441860465,0.9302325581395349,9.767441860465116,89.30232558139535,6.511627906976744,82.7906976744186
E00014293,251,19,1,18,232,7,225,7.569721115537849,0.398406374501992,7.171314741035857,92.43027888446214,2.788844621513944,89.64143426294821
E00014294,160,49,20,29,111,15,96,30.625000000000004,12.5,18.125,69.375,9.375,60
E00014295,224,38,24,14,186,11,175,16.964285714285715,10.714285714285714,6.25,83.03571428571429,4.910714285714286,78.125
E00014296,208,36,11,25,172,4,168,17.307692307692307,5.288461538461538,12.01923076923077,82.6923076923077,1.9230769230769231,80.76923076923077
E00014297,171,16,7,9,155,7,148,9.35672514619883,4.093567251461988,5.263157894736842,90.64327485380117,4.093567251461988,86.54970760233918
E00014298,153,32,17,15,121,12,109,20.915032679738562,11.11111111111111,9.803921568627452,79.08496732026144,7.8431372549019605,71.24183006535948
E00014299,235,24,5,19,211,14,197,10.212765957446807,2.127659574468085,8.085106382978724,89.7872340425532,5.957446808510639,83.82978723404256
E00014300,326,82,42,40,244,10,234,25.153374233128833,12.883435582822086,12.269938650306749,74.84662576687117,3.067484662576687,71.77914110429448
E00014301,408,103,55,48,305,20,285,25.245098039215684,13.480392156862745,11.76470588235294,74.75490196078431,4.901960784313726,69.85294117647058
E00014302,186,40,22,18,146,5,141,21.50537634408602,11.827956989247312,9.67741935483871,78.49462365591397,2.6881720430107525,75.80645161290323
E00014303,190,38,14,24,152,12,140,20,7.368421052631578,12.631578947368421,80,6.315789473684211,73.68421052631578
E00014304,237,47,21,26,190,7,183,19.831223628691983,8.860759493670885,10.970464135021098,80.16877637130801,2.9535864978902953,77.21518987341773
E00014305,543,108,56,52,435,18,417,19.88950276243094,10.313075506445673,9.576427255985267,80.11049723756905,3.314917127071823,76.79558011049724
E00014309,505,80,44,36,425,27,398,15.841584158415841,8.712871287128712,7.128712871287128,84.15841584158416,5.346534653465347,78.81188118811882
E00014310,220,36,22,14,184,3,181,16.363636363636363,10,6.363636363636363,83.63636363636363,1.3636363636363635,82.27272727272728
E00014311,201,45,27,18,156,8,148,22.388059701492537,13.432835820895523,8.955223880597014,77.61194029850746,3.9800995024875623,73.6318407960199
E00014312,383,78,43,35,305,17,288,20.365535248041773,11.22715404699739,9.138381201044385,79.63446475195822,4.43864229765013,75.19582245430809
E00014314,250,44,18,26,206,11,195,17.599999999999998,7.199999999999999,10.4,82.39999999999999,4.3999999999999995,78
E00014315,108,37,25,12,71,8,63,34.25925925925926,23.14814814814815,11.11111111111111,65.74074074074075,7.4074074074074066,58.333333333333336
E00014316,195,43,20,23,152,10,142,22.05128205128205,10.256410256410255,11.794871794871794,77.94871794871796,5.128205128205128,72.82051282051282
E00014321,240,42,19,23,198,10,188,17.5,7.916666666666666,9.583333333333334,82.5,4.166666666666666,78.33333333333333
E00014322,196,35,12,23,161,8,153,17.857142857142858,6.122448979591836,11.73469387755102,82.14285714285714,4.081632653061225,78.06122448979592
E00014323,332,75,37,38,257,13,244,22.590361445783135,11.144578313253012,11.44578313253012,77.40963855421687,3.91566265060241,73.49397590361446
E00014324,302,54,30,24,248,9,239,17.880794701986755,9.933774834437086,7.9470198675496695,82.11920529801324,2.980132450331126,79.13907284768213
E00014325,245,54,24,30,191,8,183,22.040816326530614,9.795918367346939,12.244897959183673,77.9591836734694,3.2653061224489797,74.6938775510204
E00014326,205,24,9,15,181,13,168,11.707317073170733,4.390243902439024,7.317073170731707,88.29268292682927,6.341463414634147,81.95121951219512
E00014327,220,50,30,20,170,3,167,22.727272727272727,13.636363636363635,9.090909090909092,77.27272727272727,1.3636363636363635,75.9090909090909
E00014328,345,81,47,34,264,16,248,23.47826086956522,13.623188405797102,9.855072463768117,76.52173913043478,4.63768115942029,71.8840579710145
E00014329,250,71,36,35,179,8,171,28.4,14.399999999999999,14.000000000000002,71.6,3.2,68.4
E00014330,188,14,3,11,174,11,163,7.446808510638298,1.5957446808510638,5.851063829787234,92.5531914893617,5.851063829787234,86.70212765957447
E00014331,193,7,2,5,186,7,179,3.6269430051813467,1.0362694300518136,2.5906735751295336,96.37305699481865,3.6269430051813467,92.74611398963731
E00014332,174,21,9,12,153,4,149,12.068965517241379,5.172413793103448,6.896551724137931,87.93103448275862,2.2988505747126435,85.63218390804597
E00014334,123,18,11,7,105,2,103,14.634146341463413,8.94308943089431,5.691056910569105,85.36585365853658,1.6260162601626018,83.73983739837398
E00014335,233,36,16,20,197,16,181,15.450643776824036,6.866952789699571,8.583690987124463,84.54935622317596,6.866952789699571,77.6824034334764
E00014336,189,4,0,4,185,5,180,2.1164021164021163,0,2.1164021164021163,97.88359788359789,2.6455026455026456,95.23809523809523
E00014337,120,49,34,15,71,3,68,40.833333333333336,28.333333333333332,12.5,59.166666666666664,2.5,56.666666666666664
E00014338,147,8,1,7,139,4,135,5.442176870748299,0.6802721088435374,4.761904761904762,94.5578231292517,2.7210884353741496,91.83673469387756
E00014339,157,10,5,5,147,10,137,6.369426751592357,3.1847133757961785,3.1847133757961785,93.63057324840764,6.369426751592357,87.26114649681529
E00014341,187,29,16,13,158,8,150,15.508021390374333,8.55614973262032,6.951871657754011,84.49197860962568,4.27807486631016,80.21390374331551
E00014342,177,13,5,8,164,13,151,7.344632768361582,2.824858757062147,4.519774011299435,92.65536723163842,7.344632768361582,85.31073446327684
E00014344,391,50,20,30,341,23,318,12.787723785166241,5.115089514066496,7.672634271099745,87.21227621483376,5.88235294117647,81.32992327365729
E00014345,148,13,7,6,135,4,131,8.783783783783784,4.72972972972973,4.054054054054054,91.21621621621621,2.7027027027027026,88.51351351351352
E00014347,205,11,6,5,194,13,181,5.365853658536586,2.9268292682926833,2.4390243902439024,94.6341463414634,6.341463414634147,88.29268292682927
E00014348,225,26,12,14,199,10,189,11.555555555555555,5.333333333333334,6.222222222222222,88.44444444444444,4.444444444444445,84
E00014351,147,6,2,4,141,5,136,4.081632653061225,1.3605442176870748,2.7210884353741496,95.91836734693877,3.4013605442176873,92.51700680272108
E00014353,127,12,4,8,115,7,108,9.448818897637794,3.149606299212598,6.299212598425196,90.5511811023622,5.511811023622047,85.03937007874016
E00014354,396,16,5,11,380,6,374,4.040404040404041,1.2626262626262625,2.7777777777777777,95.95959595959596,1.5151515151515151,94.44444444444444
E00014356,116,7,5,2,109,2,107,6.0344827586206895,4.310344827586207,1.7241379310344827,93.96551724137932,1.7241379310344827,92.24137931034483
E00014357,127,14,8,6,113,2,111,11.023622047244094,6.299212598425196,4.724409448818897,88.9763779527559,1.574803149606299,87.4015748031496
E00014358,135,10,4,6,125,5,120,7.4074074074074066,2.9629629629629632,4.444444444444445,92.5925925925926,3.7037037037037033,88.88888888888889
E00014359,148,6,2,4,142,4,138,4.054054054054054,1.3513513513513513,2.7027027027027026,95.94594594594594,2.7027027027027026,93.24324324324324
E00014360,174,11,1,10,163,5,158,6.321839080459771,0.5747126436781609,5.747126436781609,93.67816091954023,2.8735632183908044,90.80459770114942
E00014361,119,14,9,5,105,0,105,11.76470588235294,7.563025210084033,4.201680672268908,88.23529411764706,0,88.23529411764706
E00014362,233,15,7,8,218,8,210,6.437768240343347,3.004291845493562,3.4334763948497855,93.56223175965665,3.4334763948497855,90.12875536480686
E00014363,184,13,6,7,171,8,163,7.065217391304348,3.260869565217391,3.804347826086957,92.93478260869566,4.3478260869565215,88.58695652173914
E00014364,178,43,20,23,135,6,129,24.15730337078652,11.235955056179774,12.921348314606742,75.84269662921348,3.3707865168539324,72.47191011235955
E00014365,195,8,3,5,187,7,180,4.102564102564102,1.5384615384615385,2.564102564102564,95.8974358974359,3.5897435897435894,92.3076923076923
E00014366,152,5,2,3,147,4,143,3.289473684210526,1.3157894736842104,1.9736842105263157,96.71052631578947,2.631578947368421,94.07894736842105
E00014367,160,7,2,5,153,2,151,4.375,1.25,3.125,95.625,1.25,94.375
E00014368,181,12,4,8,169,4,165,6.629834254143646,2.209944751381215,4.41988950276243,93.37016574585635,2.209944751381215,91.16022099447514
E00014370,162,9,3,6,153,9,144,5.555555555555555,1.8518518518518516,3.7037037037037033,94.44444444444444,5.555555555555555,88.88888888888889
E00014371,185,12,4,8,173,15,158,6.486486486486487,2.1621621621621623,4.324324324324325,93.51351351351352,8.108108108108109,85.4054054054054
E00014372,198,19,4,15,179,11,168,9.595959595959595,2.0202020202020203,7.575757575757576,90.40404040404042,5.555555555555555,84.84848484848484
E00014373,177,23,6,17,154,6,148,12.994350282485875,3.389830508474576,9.6045197740113,87.00564971751412,3.389830508474576,83.61581920903954
E00014374,402,20,8,12,382,14,368,4.975124378109453,1.9900497512437811,2.9850746268656714,95.02487562189054,3.482587064676617,91.54228855721394
E00014375,391,84,53,31,307,18,289,21.483375959079286,13.554987212276215,7.928388746803069,78.51662404092072,4.603580562659847,73.91304347826086
E00014376,261,44,21,23,217,9,208,16.85823754789272,8.045977011494253,8.812260536398467,83.14176245210729,3.4482758620689653,79.6934865900383
E00014377,334,19,5,14,315,14,301,5.688622754491018,1.4970059880239521,4.191616766467066,94.311377245509,4.191616766467066,90.11976047904191
E00014378,288,30,8,22,258,13,245,10.416666666666668,2.7777777777777777,7.638888888888889,89.58333333333334,4.513888888888888,85.06944444444444
E00014379,284,13,2,11,271,12,259,4.577464788732395,0.7042253521126761,3.873239436619718,95.4225352112676,4.225352112676056,91.19718309859155
E00014380,268,21,10,11,247,10,237,7.835820895522389,3.731343283582089,4.104477611940299,92.16417910447761,3.731343283582089,88.43283582089553
E00014381,183,20,12,8,163,13,150,10.92896174863388,6.557377049180328,4.371584699453552,89.07103825136612,7.103825136612022,81.9672131147541
E00014382,433,14,4,10,419,17,402,3.233256351039261,0.9237875288683602,2.3094688221709005,96.76674364896074,3.9260969976905313,92.8406466512702
E00014383,253,14,4,10,239,6,233,5.533596837944664,1.5810276679841897,3.9525691699604746,94.46640316205533,2.371541501976284,92.09486166007905
E00014384,272,23,12,11,249,15,234,8.455882352941178,4.411764705882353,4.044117647058823,91.54411764705883,5.514705882352941,86.02941176470588
E00014385,248,8,2,6,240,8,232,3.225806451612903,0.8064516129032258,2.4193548387096775,96.7741935483871,3.225806451612903,93.54838709677419
E00014386,320,47,14,33,273,14,259,14.6875,4.375,10.3125,85.3125,4.375,80.9375
E00014387,267,23,9,14,244,9,235,8.614232209737828,3.3707865168539324,5.2434456928838955,91.38576779026218,3.3707865168539324,88.01498127340824
E00014388,196,14,9,5,182,15,167,7.142857142857142,4.591836734693878,2.5510204081632653,92.85714285714286,7.653061224489796,85.20408163265306
E00014389,186,14,4,10,172,7,165,7.526881720430108,2.1505376344086025,5.376344086021505,92.47311827956989,3.763440860215054,88.70967741935483
E00014390,381,9,3,6,372,7,365,2.3622047244094486,0.7874015748031495,1.574803149606299,97.63779527559055,1.837270341207349,95.8005249343832
E00014391,334,21,8,13,313,19,294,6.287425149700598,2.3952095808383236,3.8922155688622757,93.7125748502994,5.688622754491018,88.02395209580838
E00014392,215,20,6,14,195,14,181,9.30232558139535,2.7906976744186047,6.511627906976744,90.69767441860465,6.511627906976744,84.18604651162791
E00014393,279,30,14,16,249,9,240,10.75268817204301,5.017921146953405,5.734767025089606,89.24731182795699,3.225806451612903,86.02150537634408
E00014394,580,56,29,27,524,34,490,9.655172413793103,5,4.655172413793104,90.3448275862069,5.862068965517241,84.48275862068965
E00014395,175,27,16,11,148,9,139,15.428571428571427,9.142857142857142,6.2857142857142865,84.57142857142857,5.142857142857142,79.42857142857143
E00014396,259,36,10,26,223,11,212,13.8996138996139,3.861003861003861,10.038610038610038,86.10038610038609,4.247104247104247,81.85328185328186
E00014397,328,28,13,15,300,24,276,8.536585365853659,3.9634146341463414,4.573170731707317,91.46341463414635,7.317073170731707,84.14634146341463
E00014398,264,27,8,19,237,25,212,10.227272727272728,3.0303030303030303,7.196969696969697,89.77272727272727,9.469696969696969,80.3030303030303
E00014399,126,4,0,4,122,13,109,3.1746031746031744,0,3.1746031746031744,96.82539682539682,10.317460317460316,86.5079365079365
E00014400,137,13,3,10,124,3,121,9.48905109489051,2.18978102189781,7.2992700729927,90.51094890510949,2.18978102189781,88.32116788321169
E00014401,139,15,6,9,124,7,117,10.79136690647482,4.316546762589928,6.474820143884892,89.20863309352518,5.0359712230215825,84.17266187050359
E00014402,463,67,29,38,396,14,382,14.47084233261339,6.263498920086392,8.207343412526997,85.52915766738661,3.023758099352052,82.50539956803455
E00014403,192,18,8,10,174,8,166,9.375,4.166666666666666,5.208333333333334,90.625,4.166666666666666,86.45833333333334
E00014404,216,46,17,29,170,9,161,21.296296296296298,7.87037037037037,13.425925925925927,78.70370370370371,4.166666666666666,74.53703703703704
E00014405,154,14,5,9,140,9,131,9.090909090909092,3.2467532467532463,5.844155844155844,90.9090909090909,5.844155844155844,85.06493506493507
E00014406,344,26,16,10,318,9,309,7.55813953488372,4.651162790697675,2.9069767441860463,92.44186046511628,2.616279069767442,89.82558139534885
E00014407,327,66,39,27,261,10,251,20.18348623853211,11.926605504587156,8.256880733944955,79.81651376146789,3.058103975535168,76.75840978593273
E00014408,199,16,9,7,183,10,173,8.040201005025125,4.522613065326634,3.5175879396984926,91.95979899497488,5.025125628140704,86.93467336683418
E00014409,287,16,5,11,271,8,263,5.574912891986063,1.7421602787456445,3.8327526132404177,94.42508710801394,2.7874564459930316,91.63763066202091
E00014410,236,18,6,12,218,12,206,7.627118644067797,2.5423728813559325,5.084745762711865,92.37288135593221,5.084745762711865,87.28813559322035
E00014411,186,22,5,17,164,13,151,11.827956989247312,2.6881720430107525,9.13978494623656,88.17204301075269,6.989247311827956,81.18279569892472
E00014412,417,100,58,42,317,8,309,23.980815347721823,13.908872901678656,10.071942446043165,76.01918465227818,1.9184652278177456,74.10071942446042
E00014413,188,37,17,20,151,12,139,19.680851063829788,9.042553191489363,10.638297872340425,80.31914893617021,6.382978723404255,73.93617021276596
E00014414,243,57,31,26,186,13,173,23.456790123456788,12.757201646090536,10.699588477366255,76.5432098765432,5.349794238683128,71.19341563786008
E00014415,385,85,42,43,300,9,291,22.07792207792208,10.909090909090908,11.168831168831169,77.92207792207793,2.3376623376623376,75.58441558441558
E00014416,266,24,16,8,242,10,232,9.022556390977442,6.015037593984962,3.007518796992481,90.97744360902256,3.7593984962406015,87.21804511278195
E00014417,210,14,1,13,196,10,186,6.666666666666667,0.4761904761904762,6.190476190476191,93.33333333333333,4.761904761904762,88.57142857142857
E00014418,191,51,27,24,140,13,127,26.701570680628272,14.136125654450263,12.56544502617801,73.29842931937172,6.806282722513089,66.49214659685863
E00014419,359,63,32,31,296,11,285,17.548746518105848,8.913649025069638,8.635097493036211,82.45125348189416,3.064066852367688,79.38718662952647
E00014420,195,24,8,16,171,13,158,12.307692307692308,4.102564102564102,8.205128205128204,87.6923076923077,6.666666666666667,81.02564102564102
E00014421,223,13,5,8,210,6,204,5.829596412556054,2.242152466367713,3.587443946188341,94.17040358744396,2.690582959641256,91.4798206278027
E00014422,243,74,38,36,169,8,161,30.45267489711934,15.637860082304528,14.814814814814813,69.54732510288066,3.292181069958848,66.2551440329218
E00014423,245,55,20,35,190,13,177,22.448979591836736,8.16326530612245,14.285714285714285,77.55102040816327,5.3061224489795915,72.24489795918367
E00014424,263,47,22,25,216,6,210,17.870722433460077,8.365019011406844,9.505703422053232,82.12927756653993,2.2813688212927756,79.84790874524715
E00014425,241,43,26,17,198,12,186,17.842323651452283,10.78838174273859,7.053941908713693,82.15767634854771,4.979253112033195,77.17842323651453
E00014426,273,14,9,5,259,13,246,5.128205128205128,3.296703296703297,1.8315018315018317,94.87179487179486,4.761904761904762,90.10989010989012
E00014427,245,26,7,19,219,12,207,10.612244897959183,2.857142857142857,7.755102040816326,89.38775510204081,4.8979591836734695,84.48979591836735
E00014428,245,16,3,13,229,13,216,6.530612244897959,1.2244897959183674,5.3061224489795915,93.46938775510203,5.3061224489795915,88.16326530612245
E00014429,314,16,9,7,298,11,287,5.095541401273886,2.8662420382165608,2.229299363057325,94.90445859872611,3.5031847133757963,91.40127388535032
E00014430,213,16,4,12,197,13,184,7.511737089201878,1.8779342723004695,5.633802816901409,92.48826291079813,6.103286384976526,86.3849765258216
E00014431,220,37,16,21,183,9,174,16.818181818181817,7.2727272727272725,9.545454545454547,83.18181818181817,4.090909090909091,79.0909090909091
E00014432,229,29,13,16,200,14,186,12.663755458515283,5.676855895196507,6.986899563318777,87.33624454148472,6.11353711790393,81.22270742358079
E00014433,247,45,22,23,202,14,188,18.218623481781375,8.906882591093117,9.31174089068826,81.78137651821862,5.668016194331984,76.11336032388664
E00014434,221,20,11,9,201,9,192,9.049773755656108,4.97737556561086,4.072398190045249,90.9502262443439,4.072398190045249,86.87782805429865
E00014435,216,21,12,9,195,2,193,9.722222222222223,5.555555555555555,4.166666666666666,90.27777777777779,0.9259259259259258,89.35185185185185
E00014436,217,17,6,11,200,8,192,7.834101382488479,2.7649769585253456,5.0691244239631335,92.16589861751152,3.686635944700461,88.47926267281106
E00014437,190,15,6,9,175,7,168,7.894736842105263,3.1578947368421053,4.736842105263158,92.10526315789474,3.684210526315789,88.42105263157895
E00014438,225,70,32,38,155,10,145,31.11111111111111,14.222222222222221,16.88888888888889,68.88888888888889,4.444444444444445,64.44444444444444
E00014439,207,64,35,29,143,9,134,30.917874396135264,16.908212560386474,14.009661835748794,69.08212560386472,4.3478260869565215,64.73429951690821
E00014440,523,84,37,47,439,32,407,16.061185468451242,7.0745697896749515,8.98661567877629,83.93881453154876,6.118546845124283,77.82026768642447
E00014441,408,71,24,47,337,21,316,17.401960784313726,5.88235294117647,11.519607843137255,82.59803921568627,5.147058823529411,77.45098039215686
E00014442,213,54,29,25,159,11,148,25.352112676056336,13.615023474178404,11.737089201877934,74.64788732394366,5.164319248826291,69.48356807511738
E00014446,306,45,19,26,261,13,248,14.705882352941178,6.209150326797386,8.49673202614379,85.29411764705883,4.248366013071895,81.04575163398692
E00014447,367,54,22,32,313,10,303,14.713896457765669,5.994550408719346,8.71934604904632,85.28610354223434,2.7247956403269753,82.56130790190736
E00014448,302,68,36,32,234,12,222,22.516556291390728,11.920529801324504,10.596026490066226,77.48344370860927,3.9735099337748347,73.50993377483444
E00014449,284,57,24,33,227,12,215,20.070422535211268,8.450704225352112,11.619718309859154,79.92957746478874,4.225352112676056,75.70422535211267
E00014450,232,30,9,21,202,14,188,12.931034482758621,3.8793103448275863,9.051724137931034,87.06896551724138,6.0344827586206895,81.03448275862068
E00014451,236,34,14,20,202,14,188,14.40677966101695,5.932203389830509,8.47457627118644,85.59322033898306,5.932203389830509,79.66101694915254
E00014452,613,99,38,61,514,20,494,16.150081566068515,6.199021207177815,9.9510603588907,83.84991843393148,3.262642740619902,80.58727569331158
E00014453,179,40,25,15,139,7,132,22.3463687150838,13.966480446927374,8.379888268156424,77.6536312849162,3.910614525139665,73.74301675977654
E00014454,250,31,10,21,219,10,209,12.4,4,8.4,87.6,4,83.6
E00014455,293,42,9,33,251,14,237,14.334470989761092,3.0716723549488054,11.262798634812286,85.6655290102389,4.778156996587031,80.88737201365188
E00014456,309,36,17,19,273,16,257,11.650485436893204,5.501618122977346,6.148867313915858,88.3495145631068,5.177993527508091,83.1715210355987
E00014457,240,58,28,30,182,14,168,24.166666666666668,11.666666666666666,12.5,75.83333333333333,5.833333333333333,70
E00014458,264,27,11,16,237,15,222,10.227272727272728,4.166666666666666,6.0606060606060606,89.77272727272727,5.681818181818182,84.0909090909091
E00014459,211,43,24,19,168,12,156,20.379146919431278,11.374407582938389,9.004739336492891,79.62085308056872,5.687203791469194,73.93364928909952
E00014460,336,44,18,26,292,19,273,13.095238095238097,5.357142857142857,7.738095238095238,86.90476190476191,5.654761904761905,81.25
E00014461,526,136,100,36,390,29,361,25.85551330798479,19.011406844106464,6.844106463878327,74.1444866920152,5.513307984790875,68.63117870722434
E00014462,338,65,34,31,273,13,260,19.230769230769234,10.059171597633137,9.171597633136095,80.76923076923077,3.8461538461538463,76.92307692307693
E00014463,176,53,30,23,123,13,110,30.113636363636363,17.045454545454543,13.068181818181818,69.88636363636364,7.386363636363637,62.5
E00014464,278,28,16,12,250,13,237,10.071942446043165,5.755395683453238,4.316546762589928,89.92805755395683,4.676258992805756,85.25179856115108
E00014465,269,40,18,22,229,6,223,14.869888475836431,6.691449814126393,8.178438661710038,85.13011152416357,2.2304832713754648,82.8996282527881
E00014466,335,72,40,32,263,12,251,21.492537313432834,11.940298507462686,9.55223880597015,78.50746268656717,3.582089552238806,74.92537313432835
E00014468,324,66,35,31,258,11,247,20.37037037037037,10.802469135802468,9.5679012345679,79.62962962962963,3.3950617283950617,76.23456790123457
E00014469,297,50,25,25,247,12,235,16.835016835016837,8.417508417508419,8.417508417508419,83.16498316498317,4.040404040404041,79.12457912457911
E00014470,359,102,54,48,257,8,249,28.412256267409468,15.041782729805014,13.370473537604457,71.58774373259052,2.2284122562674096,69.35933147632312
E00014471,136,8,1,7,128,5,123,5.88235294117647,0.7352941176470588,5.147058823529411,94.11764705882352,3.6764705882352944,90.44117647058823
E00014473,204,12,5,7,192,18,174,5.88235294117647,2.450980392156863,3.431372549019608,94.11764705882352,8.823529411764707,85.29411764705883
E00014474,261,9,1,8,252,13,239,3.4482758620689653,0.38314176245210724,3.065134099616858,96.55172413793103,4.980842911877394,91.57088122605363
E00014475,173,19,3,16,154,14,140,10.982658959537572,1.7341040462427744,9.248554913294797,89.01734104046243,8.092485549132949,80.92485549132948
E00014476,168,16,6,10,152,9,143,9.523809523809524,3.571428571428571,5.952380952380952,90.47619047619048,5.357142857142857,85.11904761904762
E00014477,120,7,3,4,113,8,105,5.833333333333333,2.5,3.3333333333333335,94.16666666666667,6.666666666666667,87.5
E00014478,203,13,4,9,190,17,173,6.403940886699508,1.9704433497536946,4.433497536945813,93.59605911330048,8.374384236453201,85.22167487684729
E00014479,140,12,6,6,128,5,123,8.571428571428571,4.285714285714286,4.285714285714286,91.42857142857143,3.571428571428571,87.85714285714286
E00014480,181,9,1,8,172,11,161,4.972375690607735,0.5524861878453038,4.41988950276243,95.02762430939227,6.077348066298343,88.95027624309392
E00014481,221,25,16,9,196,15,181,11.312217194570136,7.239819004524888,4.072398190045249,88.68778280542986,6.787330316742081,81.90045248868778
E00014482,203,23,11,12,180,7,173,11.330049261083744,5.41871921182266,5.911330049261084,88.66995073891626,3.4482758620689653,85.22167487684729
E00014483,172,20,4,16,152,9,143,11.627906976744185,2.3255813953488373,9.30232558139535,88.37209302325581,5.232558139534884,83.13953488372093
E00014484,167,16,9,7,151,2,149,9.580838323353294,5.389221556886228,4.191616766467066,90.41916167664671,1.1976047904191618,89.22155688622755
E00014485,261,47,30,17,214,26,188,18.007662835249043,11.494252873563218,6.513409961685824,81.99233716475096,9.961685823754788,72.03065134099617
E00014486,257,17,5,12,240,13,227,6.614785992217899,1.9455252918287937,4.669260700389105,93.3852140077821,5.058365758754864,88.32684824902724
E00014487,232,14,5,9,218,10,208,6.0344827586206895,2.1551724137931036,3.8793103448275863,93.96551724137932,4.310344827586207,89.65517241379311
E00014488,159,11,5,6,148,10,138,6.918238993710692,3.1446540880503147,3.7735849056603774,93.08176100628931,6.289308176100629,86.79245283018868
E00014489,157,13,5,8,144,5,139,8.280254777070063,3.1847133757961785,5.095541401273886,91.71974522292994,3.1847133757961785,88.53503184713377
E00014490,156,35,20,15,121,3,118,22.435897435897438,12.82051282051282,9.615384615384617,77.56410256410257,1.9230769230769231,75.64102564102564
E00014491,255,32,8,24,223,11,212,12.549019607843137,3.1372549019607843,9.411764705882353,87.45098039215686,4.313725490196078,83.13725490196079
E00014492,131,12,2,10,119,8,111,9.16030534351145,1.5267175572519083,7.633587786259542,90.83969465648855,6.106870229007633,84.7328244274809
E00014493,229,29,9,20,200,12,188,12.663755458515283,3.9301310043668125,8.73362445414847,87.33624454148472,5.240174672489083,82.09606986899564
E00014494,195,37,19,18,158,15,143,18.974358974358974,9.7435897435897445,9.230769230769232,81.02564102564102,7.6923076923076925,73.33333333333333
E00014495,191,25,14,11,166,9,157,13.089005235602095,7.329842931937172,5.7591623036649215,86.91099476439791,4.712041884816754,82.19895287958116
E00014496,168,17,5,12,151,5,146,10.119047619047619,2.976190476190476,7.142857142857142,89.88095238095238,2.976190476190476,86.90476190476191
E00014497,176,17,5,12,159,8,151,9.659090909090908,2.840909090909091,6.8181818181818175,90.3409090909091,4.545454545454546,85.79545454545455
E00014498,120,11,4,7,109,6,103,9.166666666666666,3.3333333333333335,5.833333333333333,90.83333333333333,5,85.83333333333333
E00014499,151,15,7,8,136,12,124,9.933774834437086,4.635761589403973,5.298013245033113,90.06622516556291,7.9470198675496695,82.11920529801324
E00014500,118,8,4,4,110,3,107,6.779661016949152,3.389830508474576,3.389830508474576,93.22033898305084,2.5423728813559325,90.67796610169492
E00014501,190,18,3,15,172,9,163,9.473684210526317,1.5789473684210527,7.894736842105263,90.52631578947368,4.736842105263158,85.78947368421052
E00014502,148,12,3,9,136,8,128,8.108108108108109,2.027027027027027,6.081081081081082,91.8918918918919,5.405405405405405,86.48648648648648
E00014505,189,4,3,1,185,21,164,2.1164021164021163,1.5873015873015872,0.5291005291005291,97.88359788359789,11.11111111111111,86.77248677248677
E00014506,177,7,4,3,170,8,162,3.954802259887006,2.2598870056497176,1.694915254237288,96.045197740113,4.519774011299435,91.52542372881356
E00014507,240,15,7,8,225,7,218,6.25,2.9166666666666665,3.3333333333333335,93.75,2.9166666666666665,90.83333333333333
E00014508,181,9,3,6,172,11,161,4.972375690607735,1.6574585635359116,3.314917127071823,95.02762430939227,6.077348066298343,88.95027624309392
E00014509,165,9,2,7,156,10,146,5.454545454545454,1.2121212121212122,4.242424242424243,94.54545454545455,6.0606060606060606,88.48484848484848
E00014510,141,14,5,9,127,9,118,9.929078014184398,3.546099290780142,6.382978723404255,90.0709219858156,6.382978723404255,83.68794326241135
E00014511,151,8,2,6,143,10,133,5.298013245033113,1.3245033112582782,3.9735099337748347,94.70198675496688,6.622516556291391,88.0794701986755
E00014512,210,15,6,9,195,8,187,7.142857142857142,2.857142857142857,4.285714285714286,92.85714285714286,3.8095238095238098,89.04761904761904
E00014513,166,10,0,10,156,2,154,6.024096385542169,0,6.024096385542169,93.97590361445783,1.2048192771084338,92.7710843373494
E00014514,206,17,7,10,189,4,185,8.25242718446602,3.3980582524271843,4.854368932038835,91.74757281553399,1.9417475728155338,89.80582524271846
E00014516,241,22,6,16,219,11,208,9.12863070539419,2.4896265560165975,6.639004149377594,90.87136929460581,4.564315352697095,86.30705394190872
E00014518,174,4,1,3,170,7,163,2.2988505747126435,0.5747126436781609,1.7241379310344827,97.70114942528735,4.022988505747127,93.67816091954023
E00014520,222,12,2,10,210,7,203,5.405405405405405,0.9009009009009009,4.504504504504505,94.5945945945946,3.153153153153153,91.44144144144144
E00014521,194,7,2,5,187,5,182,3.608247422680412,1.0309278350515463,2.5773195876288657,96.3917525773196,2.5773195876288657,93.81443298969072
E00014522,156,9,5,4,147,6,141,5.769230769230769,3.205128205128205,2.564102564102564,94.23076923076923,3.8461538461538463,90.38461538461539
E00014523,282,10,1,9,272,9,263,3.546099290780142,0.3546099290780142,3.1914893617021276,96.45390070921985,3.1914893617021276,93.26241134751773
E00014524,224,8,1,7,216,9,207,3.571428571428571,0.4464285714285714,3.125,96.42857142857143,4.017857142857143,92.41071428571429
E00014525,246,7,3,4,239,5,234,2.8455284552845526,1.2195121951219512,1.6260162601626018,97.15447154471545,2.0325203252032518,95.1219512195122
E00014526,126,10,2,8,116,6,110,7.936507936507936,1.5873015873015872,6.349206349206349,92.06349206349206,4.761904761904762,87.3015873015873
E00014527,159,15,5,10,144,5,139,9.433962264150944,3.1446540880503147,6.289308176100629,90.56603773584906,3.1446540880503147,87.42138364779875
E00014528,231,14,3,11,217,7,210,6.0606060606060606,1.2987012987012987,4.761904761904762,93.93939393939394,3.0303030303030303,90.9090909090909
E00014529,118,11,2,9,107,1,106,9.322033898305085,1.694915254237288,7.627118644067797,90.67796610169492,0.847457627118644,89.83050847457628
E00014530,180,12,3,9,168,8,160,6.666666666666667,1.6666666666666667,5,93.33333333333333,4.444444444444445,88.88888888888889
E00014531,130,9,1,8,121,10,111,6.923076923076923,0.7692307692307693,6.153846153846154,93.07692307692308,7.6923076923076925,85.38461538461539
E00014532,168,15,5,10,153,8,145,8.928571428571429,2.976190476190476,5.952380952380952,91.07142857142857,4.761904761904762,86.30952380952381
E00014533,208,15,7,8,193,14,179,7.211538461538461,3.3653846153846154,3.8461538461538463,92.78846153846155,6.730769230769231,86.0576923076923
E00014534,153,16,3,13,137,6,131,10.457516339869281,1.9607843137254901,8.49673202614379,89.54248366013073,3.9215686274509802,85.62091503267973
E00014535,199,9,1,8,190,10,180,4.522613065326634,0.5025125628140703,4.0201005025125625,95.47738693467338,5.025125628140704,90.45226130653266
E00014536,171,9,1,8,162,4,158,5.263157894736842,0.5847953216374269,4.678362573099415,94.73684210526315,2.3391812865497075,92.39766081871345
E00014537,285,16,6,10,269,17,252,5.614035087719298,2.1052631578947367,3.508771929824561,94.38596491228071,5.964912280701754,88.42105263157895
E00014538,221,12,4,8,209,9,200,5.429864253393665,1.809954751131222,3.619909502262444,94.57013574660633,4.072398190045249,90.49773755656109
E00014539,221,19,4,15,202,13,189,8.597285067873303,1.809954751131222,6.787330316742081,91.4027149321267,5.88235294117647,85.52036199095022
E00014540,174,15,3,12,159,8,151,8.620689655172415,1.7241379310344827,6.896551724137931,91.37931034482759,4.597701149425287,86.7816091954023
E00014541,214,17,6,11,197,6,191,7.943925233644859,2.803738317757009,5.14018691588785,92.05607476635514,2.803738317757009,89.25233644859813
E00014542,205,6,1,5,199,8,191,2.9268292682926833,0.4878048780487805,2.4390243902439024,97.07317073170731,3.902439024390244,93.17073170731707
E00014543,188,17,7,10,171,8,163,9.042553191489363,3.723404255319149,5.319148936170213,90.95744680851064,4.25531914893617,86.70212765957447
E00014544,166,9,0,9,157,8,149,5.421686746987952,0,5.421686746987952,94.57831325301204,4.819277108433735,89.7590361445783
E00014545,225,23,12,11,202,14,188,10.222222222222223,5.333333333333334,4.888888888888889,89.77777777777777,6.222222222222222,83.55555555555556
E00014546,230,23,12,11,207,1,206,10,5.217391304347826,4.782608695652174,90,0.43478260869565216,89.56521739130436
E00014547,315,20,1,19,295,17,278,6.349206349206349,0.31746031746031744,6.031746031746032,93.65079365079364,5.396825396825397,88.25396825396825
E00014548,212,22,11,11,190,14,176,10.377358490566039,5.188679245283019,5.188679245283019,89.62264150943396,6.60377358490566,83.01886792452831
E00014549,206,18,11,7,188,6,182,8.737864077669903,5.339805825242718,3.3980582524271843,91.2621359223301,2.912621359223301,88.3495145631068
E00014550,537,51,11,40,486,7,479,9.497206703910614,2.0484171322160147,7.4487895716946,90.5027932960894,1.303538175046555,89.19925512104282
E00014551,207,12,0,12,195,7,188,5.797101449275362,0,5.797101449275362,94.20289855072464,3.3816425120772946,90.82125603864735
E00014552,430,57,11,46,373,23,350,13.25581395348837,2.558139534883721,10.69767441860465,86.74418604651163,5.348837209302325,81.3953488372093
E00014553,178,8,2,6,170,3,167,4.49438202247191,1.1235955056179776,3.3707865168539324,95.50561797752809,1.6853932584269662,93.82022471910112
E00014554,239,16,7,9,223,12,211,6.694560669456067,2.928870292887029,3.765690376569038,93.30543933054393,5.02092050209205,88.28451882845188
E00014555,174,29,12,17,145,13,132,16.666666666666664,6.896551724137931,9.770114942528735,83.33333333333334,7.471264367816093,75.86206896551724
E00014556,190,22,10,12,168,9,159,11.578947368421053,5.263157894736842,6.315789473684211,88.42105263157895,4.736842105263158,83.6842105263158
E00014557,243,43,21,22,200,16,184,17.695473251028808,8.641975308641975,9.053497942386832,82.3045267489712,6.584362139917696,75.7201646090535
E00014558,238,16,5,11,222,6,216,6.722689075630252,2.100840336134454,4.621848739495799,93.27731092436974,2.5210084033613445,90.75630252100841
E00014559,200,6,3,3,194,11,183,3,1.5,1.5,97,5.5,91.5
E00014560,240,15,4,11,225,4,221,6.25,1.6666666666666667,4.583333333333333,93.75,1.6666666666666667,92.08333333333333
E00014561,189,42,24,18,147,10,137,22.22222222222222,12.698412698412698,9.523809523809524,77.77777777777779,5.291005291005291,72.4867724867725
E00014562,204,21,6,15,183,6,177,10.294117647058822,2.941176470588235,7.352941176470589,89.70588235294117,2.941176470588235,86.76470588235294
E00014563,195,33,17,16,162,14,148,16.923076923076923,8.717948717948717,8.205128205128204,83.07692307692308,7.179487179487179,75.8974358974359
E00014564,232,18,14,4,214,10,204,7.758620689655173,6.0344827586206895,1.7241379310344827,92.24137931034483,4.310344827586207,87.93103448275862
E00014565,176,17,1,16,159,13,146,9.659090909090908,0.5681818181818182,9.090909090909092,90.3409090909091,7.386363636363637,82.95454545454545
E00014566,250,18,5,13,232,12,220,7.199999999999999,2,5.2,92.80000000000001,4.8,88
E00014567,319,43,26,17,276,23,253,13.479623824451412,8.150470219435736,5.329153605015674,86.52037617554859,7.210031347962382,79.3103448275862
E00014568,185,25,16,9,160,13,147,13.513513513513514,8.64864864864865,4.864864864864865,86.48648648648648,7.027027027027027,79.45945945945945
E00014569,230,36,22,14,194,13,181,15.65217391304348,9.565217391304348,6.086956521739131,84.34782608695653,5.6521739130434785,78.69565217391305
E00014570,242,15,6,9,227,19,208,6.198347107438017,2.479338842975207,3.71900826446281,93.80165289256198,7.851239669421488,85.9504132231405
E00014571,263,25,16,9,238,23,215,9.505703422053232,6.083650190114068,3.4220532319391634,90.49429657794677,8.745247148288973,81.74904942965779
E00014572,192,36,16,20,156,7,149,18.75,8.333333333333332,10.416666666666668,81.25,3.6458333333333335,77.60416666666666
E00014573,194,25,12,13,169,6,163,12.886597938144329,6.185567010309279,6.701030927835052,87.11340206185567,3.0927835051546393,84.02061855670104
E00014574,392,32,17,15,360,6,354,8.16326530612245,4.336734693877551,3.826530612244898,91.83673469387756,1.530612244897959,90.3061224489796
E00014575,237,11,5,6,226,13,213,4.641350210970464,2.109704641350211,2.5316455696202533,95.35864978902954,5.485232067510549,89.87341772151899
E00014576,196,40,13,27,156,10,146,20.408163265306122,6.63265306122449,13.77551020408163,79.59183673469387,5.1020408163265305,74.48979591836735
E00014577,263,22,8,14,241,5,236,8.365019011406844,3.041825095057034,5.323193916349809,91.63498098859316,1.9011406844106464,89.73384030418251
E00014578,231,6,2,4,225,9,216,2.5974025974025974,0.8658008658008658,1.7316017316017316,97.40259740259741,3.896103896103896,93.5064935064935
E00014579,269,16,8,8,253,6,247,5.947955390334572,2.973977695167286,2.973977695167286,94.05204460966543,2.2304832713754648,91.82156133828995
E00014580,252,14,6,8,238,11,227,5.555555555555555,2.380952380952381,3.1746031746031744,94.44444444444444,4.365079365079365,90.07936507936508
E00014581,221,30,15,15,191,8,183,13.574660633484163,6.787330316742081,6.787330316742081,86.42533936651584,3.619909502262444,82.80542986425338
E00014582,155,11,4,7,144,10,134,7.096774193548387,2.5806451612903225,4.516129032258064,92.90322580645162,6.451612903225806,86.45161290322581
E00014583,143,19,9,10,124,6,118,13.286713286713287,6.293706293706294,6.993006993006993,86.7132867132867,4.195804195804196,82.51748251748252
E00014584,213,23,13,10,190,14,176,10.7981220657277,6.103286384976526,4.694835680751173,89.2018779342723,6.572769953051644,82.62910798122066
E00014585,165,9,3,6,156,7,149,5.454545454545454,1.8181818181818181,3.6363636363636362,94.54545454545455,4.242424242424243,90.30303030303031
E00014586,132,9,5,4,123,0,123,6.8181818181818175,3.787878787878788,3.0303030303030303,93.18181818181817,0,93.18181818181817
E00014587,140,49,29,20,91,3,88,35,20.714285714285715,14.285714285714285,65,2.142857142857143,62.857142857142854
E00014588,116,11,4,7,105,7,98,9.482758620689655,3.4482758620689653,6.0344827586206895,90.51724137931035,6.0344827586206895,84.48275862068965
E00014589,161,9,5,4,152,6,146,5.590062111801243,3.1055900621118013,2.484472049689441,94.40993788819875,3.7267080745341614,90.6832298136646
E00014590,270,22,12,10,248,13,235,8.148148148148149,4.444444444444445,3.7037037037037033,91.85185185185185,4.814814814814815,87.03703703703704
E00014591,197,12,1,11,185,9,176,6.091370558375635,0.5076142131979695,5.583756345177665,93.90862944162437,4.568527918781726,89.34010152284264
E00014592,185,13,4,9,172,6,166,7.027027027027027,2.1621621621621623,4.864864864864865,92.97297297297298,3.2432432432432434,89.72972972972974
E00014593,227,13,2,11,214,14,200,5.726872246696035,0.881057268722467,4.845814977973569,94.27312775330397,6.167400881057269,88.10572687224669
E00014594,169,10,2,8,159,9,150,5.9171597633136095,1.183431952662722,4.733727810650888,94.0828402366864,5.325443786982249,88.75739644970415
E00014596,432,130,53,77,302,31,271,30.09259259259259,12.268518518518519,17.824074074074073,69.9074074074074,7.175925925925926,62.731481481481474
E00014598,196,10,7,3,186,11,175,5.1020408163265305,3.571428571428571,1.530612244897959,94.89795918367348,5.612244897959184,89.28571428571429
E00014599,199,7,2,5,192,13,179,3.5175879396984926,1.0050251256281406,2.512562814070352,96.4824120603015,6.532663316582915,89.9497487437186
E00014600,259,49,24,25,210,11,199,18.91891891891892,9.266409266409266,9.652509652509652,81.08108108108108,4.247104247104247,76.83397683397683
E00014601,175,17,4,13,158,12,146,9.714285714285714,2.2857142857142856,7.428571428571429,90.28571428571428,6.857142857142858,83.42857142857143
E00014602,184,42,23,19,142,13,129,22.82608695652174,12.5,10.326086956521738,77.17391304347827,7.065217391304348,70.1086956521739
E00014603,199,15,6,9,184,11,173,7.537688442211055,3.015075376884422,4.522613065326634,92.46231155778895,5.527638190954774,86.93467336683418
E00014604,199,50,24,26,149,8,141,25.125628140703515,12.060301507537687,13.06532663316583,74.87437185929649,4.0201005025125625,70.85427135678391
E00014605,186,16,6,10,170,13,157,8.60215053763441,3.225806451612903,5.376344086021505,91.39784946236558,6.989247311827956,84.40860215053763
E00014606,121,23,12,11,98,9,89,19.00826446280992,9.917355371900827,9.090909090909092,80.99173553719008,7.43801652892562,73.55371900826447
E00014607,268,12,3,9,256,12,244,4.477611940298507,1.1194029850746268,3.3582089552238807,95.52238805970148,4.477611940298507,91.04477611940298
E00014609,192,10,3,7,182,9,173,5.208333333333334,1.5625,3.6458333333333335,94.79166666666666,4.6875,90.10416666666666
E00014611,186,7,2,5,179,11,168,3.763440860215054,1.0752688172043012,2.6881720430107525,96.23655913978494,5.913978494623656,90.32258064516128
E00014612,111,5,2,3,106,7,99,4.504504504504505,1.8018018018018018,2.7027027027027026,95.4954954954955,6.306306306306306,89.1891891891892
E00014614,306,55,32,23,251,14,237,17.973856209150327,10.457516339869281,7.516339869281046,82.02614379084967,4.57516339869281,77.45098039215686
E00014615,343,52,36,16,291,16,275,15.160349854227405,10.495626822157435,4.664723032069971,84.8396501457726,4.664723032069971,80.17492711370262
E00014616,274,68,43,25,206,7,199,24.817518248175183,15.693430656934307,9.124087591240876,75.18248175182481,2.5547445255474455,72.62773722627736
E00014617,292,45,16,29,247,21,226,15.41095890410959,5.47945205479452,9.931506849315069,84.58904109589042,7.191780821917808,77.3972602739726
E00014618,274,48,17,31,226,16,210,17.51824817518248,6.204379562043796,11.313868613138686,82.48175182481752,5.839416058394161,76.64233576642336
E00014619,298,54,24,30,244,10,234,18.120805369127517,8.053691275167784,10.06711409395973,81.87919463087249,3.3557046979865772,78.52348993288591
E00014620,352,86,47,39,266,15,251,24.431818181818183,13.352272727272727,11.079545454545455,75.56818181818183,4.261363636363636,71.30681818181817
E00014621,537,55,32,23,482,22,460,10.242085661080075,5.95903165735568,4.283054003724395,89.75791433891993,4.0968342644320295,85.6610800744879
E00014622,466,88,49,39,378,18,360,18.88412017167382,10.515021459227468,8.369098712446352,81.11587982832617,3.862660944206009,77.25321888412017
E00014623,277,62,29,33,215,16,199,22.382671480144403,10.469314079422382,11.913357400722022,77.6173285198556,5.776173285198556,71.84115523465704
E00014624,239,51,27,24,188,6,182,21.338912133891213,11.297071129707113,10.0418410041841,78.66108786610879,2.510460251046025,76.15062761506276
E00014625,279,59,40,19,220,5,215,21.14695340501792,14.336917562724013,6.810035842293908,78.85304659498208,1.7921146953405016,77.06093189964157
E00014626,301,63,33,30,238,12,226,20.930232558139537,10.96345514950166,9.966777408637874,79.06976744186046,3.9867109634551494,75.08305647840533
E00014627,252,53,28,25,199,6,193,21.03174603174603,11.11111111111111,9.920634920634921,78.96825396825396,2.380952380952381,76.5873015873016
E00014628,311,61,41,20,250,11,239,19.614147909967848,13.183279742765272,6.430868167202572,80.38585209003215,3.536977491961415,76.84887459807074
E00014629,202,50,22,28,152,3,149,24.752475247524753,10.891089108910892,13.861386138613863,75.24752475247524,1.4851485148514851,73.76237623762376
E00014630,157,44,22,22,113,8,105,28.02547770700637,14.012738853503185,14.012738853503185,71.97452229299363,5.095541401273886,66.87898089171973
E00014631,313,75,37,38,238,7,231,23.961661341853034,11.821086261980831,12.140575079872203,76.03833865814697,2.2364217252396164,73.80191693290735
E00014632,303,55,27,28,248,11,237,18.151815181518153,8.91089108910891,9.24092409240924,81.84818481848185,3.6303630363036308,78.21782178217822
E00014633,296,58,31,27,238,21,217,19.594594594594593,10.472972972972974,9.121621621621621,80.4054054054054,7.094594594594595,73.3108108108108
E00014634,246,76,49,27,170,10,160,30.89430894308943,19.91869918699187,10.975609756097562,69.10569105691057,4.0650406504065035,65.04065040650406
E00014635,252,48,21,27,204,6,198,19.047619047619047,8.333333333333332,10.714285714285714,80.95238095238095,2.380952380952381,78.57142857142857
E00014636,437,179,95,84,258,20,238,40.96109839816934,21.73913043478261,19.221967963386728,59.03890160183066,4.576659038901601,54.46224256292906
E00014637,376,49,24,25,327,14,313,13.031914893617023,6.382978723404255,6.648936170212766,86.96808510638297,3.723404255319149,83.24468085106383
E00014638,213,46,23,23,167,7,160,21.5962441314554,10.7981220657277,10.7981220657277,78.40375586854461,3.286384976525822,75.11737089201877
E00014639,327,49,30,19,278,15,263,14.984709480122325,9.174311926605505,5.81039755351682,85.01529051987767,4.587155963302752,80.42813455657493
E00014640,300,43,19,24,257,15,242,14.333333333333334,6.333333333333334,8,85.66666666666667,5,80.66666666666666
E00014641,120,35,21,14,85,2,83,29.166666666666668,17.5,11.666666666666666,70.83333333333334,1.6666666666666667,69.16666666666667
E00014642,553,102,58,44,451,42,409,18.44484629294756,10.488245931283906,7.956600361663653,81.55515370705244,7.59493670886076,73.96021699819168
E00014643,251,26,13,13,225,14,211,10.358565737051793,5.179282868525896,5.179282868525896,89.64143426294821,5.577689243027888,84.06374501992032
E00014644,381,74,29,45,307,18,289,19.42257217847769,7.611548556430446,11.811023622047244,80.5774278215223,4.724409448818897,75.8530183727034
E00014645,222,29,16,13,193,10,183,13.063063063063062,7.207207207207207,5.8558558558558556,86.93693693693693,4.504504504504505,82.43243243243244
E00014646,283,25,13,12,258,8,250,8.8339222614841,4.593639575971731,4.240282685512367,91.16607773851591,2.8268551236749118,88.33922261484098
E00014647,157,16,8,8,141,12,129,10.191082802547772,5.095541401273886,5.095541401273886,89.80891719745223,7.643312101910828,82.16560509554141
E00014648,259,23,9,14,236,21,215,8.880308880308881,3.474903474903475,5.405405405405405,91.11969111969111,8.108108108108109,83.01158301158301
E00014649,206,17,7,10,189,13,176,8.25242718446602,3.3980582524271843,4.854368932038835,91.74757281553399,6.310679611650485,85.43689320388349
E00014650,129,15,6,9,114,9,105,11.627906976744185,4.651162790697675,6.976744186046512,88.37209302325581,6.976744186046512,81.3953488372093
E00014651,160,48,25,23,112,6,106,30,15.625,14.374999999999998,70,3.75,66.25
E00014652,380,13,6,7,367,17,350,3.421052631578948,1.5789473684210527,1.8421052631578945,96.57894736842105,4.473684210526316,92.10526315789474
E00014653,156,29,13,16,127,4,123,18.58974358974359,8.333333333333332,10.256410256410255,81.41025641025641,2.564102564102564,78.84615384615384
E00014654,162,40,15,25,122,8,114,24.691358024691358,9.25925925925926,15.432098765432098,75.30864197530865,4.938271604938271,70.37037037037037
E00014655,211,34,15,19,177,8,169,16.113744075829384,7.109004739336493,9.004739336492891,83.88625592417061,3.7914691943127963,80.09478672985783
E00014656,162,34,19,15,128,9,119,20.98765432098765,11.728395061728394,9.25925925925926,79.01234567901234,5.555555555555555,73.4567901234568
E00014657,181,13,3,10,168,4,164,7.18232044198895,1.6574585635359116,5.524861878453039,92.81767955801105,2.209944751381215,90.60773480662984
E00014658,293,23,3,20,270,15,255,7.849829351535837,1.023890784982935,6.825938566552901,92.15017064846417,5.1194539249146755,87.03071672354949
E00014659,211,19,11,8,192,5,187,9.004739336492891,5.213270142180095,3.7914691943127963,90.99526066350711,2.3696682464454977,88.62559241706161
E00014660,232,11,1,10,221,13,208,4.741379310344827,0.43103448275862066,4.310344827586207,95.25862068965517,5.603448275862069,89.65517241379311
E00014662,252,10,0,10,242,10,232,3.968253968253968,0,3.968253968253968,96.03174603174604,3.968253968253968,92.06349206349206
E00014664,357,68,53,15,289,15,274,19.047619047619047,14.84593837535014,4.201680672268908,80.95238095238095,4.201680672268908,76.75070028011206
E00014665,183,15,9,6,168,17,151,8.19672131147541,4.918032786885246,3.278688524590164,91.80327868852459,9.289617486338798,82.5136612021858
E00014666,361,34,13,21,327,12,315,9.418282548476455,3.6011080332409975,5.8171745152354575,90.58171745152355,3.32409972299169,87.25761772853186
E00014667,311,41,20,21,270,16,254,13.183279742765272,6.430868167202572,6.752411575562702,86.81672025723472,5.144694533762058,81.67202572347267
E00014668,206,5,0,5,201,9,192,2.4271844660194173,0,2.4271844660194173,97.57281553398059,4.368932038834951,93.20388349514563
E00014669,203,7,0,7,196,15,181,3.4482758620689653,0,3.4482758620689653,96.55172413793103,7.389162561576355,89.16256157635468
E00014670,199,24,6,18,175,16,159,12.060301507537687,3.015075376884422,9.045226130653267,87.93969849246231,8.040201005025125,79.89949748743719
E00014671,174,22,9,13,152,10,142,12.643678160919542,5.172413793103448,7.471264367816093,87.356321839080465,5.747126436781609,81.60919540229885
E00014672,176,18,7,11,158,9,149,10.227272727272728,3.977272727272727,6.25,89.77272727272727,5.113636363636364,84.6590909090909
E00014673,209,22,13,9,187,11,176,10.526315789473683,6.220095693779904,4.30622009569378,89.47368421052632,5.263157894736842,84.21052631578947
E00175087,533,146,69,77,387,30,357,27.392120075046904,12.94559099437148,14.446529080675422,72.6078799249531,5.628517823639775,66.97936210131333
E00175088,291,39,16,23,252,7,245,13.402061855670103,5.498281786941581,7.903780068728522,86.5979381443299,2.405498281786942,84.19243986254295
E00175089,178,7,1,6,171,9,162,3.932584269662921,0.5617977528089888,3.3707865168539324,96.06741573033707,5.056179775280898,91.01123595505618
E00175090,199,13,5,8,186,5,181,6.532663316582915,2.512562814070352,4.0201005025125625,93.46733668341709,2.512562814070352,90.95477386934674
E00175091,144,19,6,13,125,18,107,13.194444444444445,4.166666666666666,9.027777777777777,86.80555555555556,12.5,74.30555555555556
E00175092,311,49,24,25,262,15,247,15.755627009646304,7.717041800643088,8.038585209003216,84.2443729903537,4.823151125401929,79.42122186495176
E00175095,310,47,17,30,263,6,257,15.161290322580644,5.483870967741936,9.67741935483871,84.83870967741936,1.935483870967742,82.9032258064516
E00175097,185,13,2,11,172,11,161,7.027027027027027,1.0810810810810811,5.9459459459459465,92.97297297297298,5.9459459459459465,87.02702702702703
E00175101,224,68,43,25,156,13,143,30.357142857142854,19.196428571428573,11.160714285714286,69.64285714285714,5.803571428571429,63.83928571428571
E00190362,455,100,49,51,355,23,332,21.978021978021978,10.76923076923077,11.20879120879121,78.02197802197803,5.054945054945055,72.96703296703296
E00190363,146,26,11,15,120,5,115,17.80821917808219,7.534246575342466,10.273972602739725,82.1917808219178,3.4246575342465753,78.76712328767124
E00190364,263,77,37,40,186,12,174,29.277566539923956,14.068441064638785,15.209125475285171,70.72243346007605,4.562737642585551,66.15969581749049
E00190365,235,20,4,16,215,12,203,8.51063829787234,1.702127659574468,6.808510638297872,91.48936170212765,5.106382978723404,86.38297872340426
E00190366,228,58,34,24,170,13,157,25.438596491228072,14.912280701754385,10.526315789473683,74.56140350877193,5.701754385964912,68.85964912280701
E00190367,375,97,60,37,278,11,267,25.866666666666667,16,9.866666666666667,74.13333333333333,2.933333333333333,71.2
E00190368,234,39,25,14,195,11,184,16.666666666666664,10.683760683760683,5.982905982905983,83.33333333333334,4.700854700854701,78.63247863247864
E00190369,313,58,31,27,255,10,245,18.53035143769968,9.904153354632587,8.626198083067091,81.46964856230032,3.1948881789137378,78.27476038338658
E00190370,497,91,50,41,406,32,374,18.30985915492958,10.06036217303823,8.249496981891348,81.69014084507043,6.438631790744467,75.25150905432596
E00190371,390,62,33,29,328,10,318,15.897435897435896,8.461538461538462,7.435897435897436,84.1025641025641,2.564102564102564,81.53846153846153
E00190372,377,56,25,31,321,18,303,14.854111405835543,6.631299734748011,8.222811671087534,85.14588859416446,4.774535809018567,80.37135278514589
E00190373,170,25,14,11,145,9,136,14.705882352941178,8.235294117647058,6.470588235294119,85.29411764705883,5.294117647058823,80
E00190374,274,73,41,32,201,25,176,26.642335766423358,14.963503649635038,11.678832116788321,73.35766423357664,9.124087591240876,64.23357664233576
E00190375,512,87,48,39,425,18,407,16.9921875,9.375,7.6171875,83.0078125,3.515625,79.4921875
E00190376,199,12,7,5,187,22,165,6.030150753768844,3.5175879396984926,2.512562814070352,93.96984924623115,11.055276381909549,82.91457286432161
E00190377,269,28,8,20,241,12,229,10.408921933085502,2.973977695167286,7.434944237918216,89.59107806691449,4.4609665427509295,85.13011152416357
E00190396,113,10,2,8,103,5,98,8.849557522123893,1.7699115044247788,7.079646017699115,91.1504424778761,4.424778761061947,86.72566371681415
E00190404,220,27,9,18,193,19,174,12.272727272727273,4.090909090909091,8.181818181818182,87.72727272727273,8.636363636363637,79.0909090909091
E00190406,476,51,27,24,425,17,408,10.714285714285714,5.6722689075630255,5.042016806722689,89.28571428571429,3.571428571428571,85.71428571428571
E00190414,585,124,56,68,461,39,422,21.196581196581196,9.572649572649574,11.623931623931623,78.80341880341881,6.666666666666667,72.13675213675214
E00190417,292,36,21,15,256,19,237,12.32876712328767,7.191780821917808,5.136986301369863,87.67123287671232,6.506849315068493,81.16438356164383
E00190424,463,54,32,22,409,17,392,11.663066954643629,6.911447084233262,4.751619870410368,88.33693304535637,3.6717062634989204,84.66522678185746
E00190428,273,22,8,14,251,3,248,8.058608058608058,2.93040293040293,5.128205128205128,91.94139194139194,1.098901098901099,90.84249084249085
E00190432,150,19,8,11,131,9,122,12.666666666666668,5.333333333333334,7.333333333333333,87.33333333333333,6,81.33333333333333
E00190443,338,63,31,32,275,21,254,18.639053254437872,9.171597633136095,9.467455621301776,81.36094674556213,6.21301775147929,75.14792899408283
E00190447,276,64,37,27,212,9,203,23.18840579710145,13.405797101449277,9.782608695652174,76.81159420289855,3.260869565217391,73.55072463768117
E00190448,283,56,23,33,227,13,214,19.78798586572438,8.12720848056537,11.66077738515901,80.21201413427562,4.593639575971731,75.61837455830388
E00190451,287,40,18,22,247,13,234,13.937282229965156,6.2717770034843205,7.665505226480835,86.06271777003485,4.529616724738676,81.53310104529616
E00190462,476,83,36,47,393,12,381,17.436974789915965,7.563025210084033,9.873949579831933,82.56302521008404,2.5210084033613445,80.0420168067227
E00190463,505,70,29,41,435,40,395,13.861386138613863,5.742574257425743,8.118811881188119,86.13861386138613,7.920792079207921,78.21782178217822
E00190464,486,30,7,23,456,18,438,6.172839506172839,1.440329218106996,4.732510288065844,93.82716049382715,3.7037037037037033,90.12345679012346
E00190466,605,90,47,43,515,14,501,14.87603305785124,7.768595041322314,7.107438016528926,85.12396694214877,2.3140495867768593,82.8099173553719
E00190467,410,28,13,15,382,11,371,6.829268292682928,3.1707317073170733,3.6585365853658534,93.17073170731707,2.682926829268293,90.48780487804878
E00190468,264,26,8,18,238,15,223,9.848484848484848,3.0303030303030303,6.8181818181818175,90.15151515151516,5.681818181818182,84.46969696969697
