OA,ts0590001,ts0590002,ts0590003,ts0590004,ts0590005,ts0590006,ts0590007,ts0590002_PCT,ts0590003_PCT,ts0590004_PCT,ts0590005_PCT,ts0590006_PCT,ts0590007_PCT
E00073143,227,69,22,47,158,142,16,30.396475770925107,9.691629955947137,20.704845814977972,69.60352422907489,62.55506607929515,7.048458149779736
E00073145,204,60,28,32,144,131,13,29.411764705882355,13.725490196078432,15.686274509803921,70.58823529411765,64.2156862745098,6.372549019607843
E00073147,254,87,35,52,167,153,14,34.25196850393701,13.779527559055119,20.47244094488189,65.74803149606299,60.23622047244095,5.511811023622047
E00073148,189,49,12,37,140,126,14,25.925925925925924,6.349206349206349,19.576719576719576,74.07407407407408,66.66666666666666,7.4074074074074066
E00073150,286,79,36,43,207,194,13,27.62237762237762,12.587412587412588,15.034965034965033,72.37762237762237,67.83216783216784,4.545454545454546
E00073152,215,79,30,49,136,113,23,36.74418604651163,13.953488372093023,22.790697674418606,63.25581395348837,52.55813953488372,10.69767441860465
E00073153,288,109,37,72,179,156,23,37.84722222222222,12.847222222222221,25,62.15277777777778,54.166666666666664,7.986111111111111
E00073154,205,82,27,55,123,108,15,40,13.170731707317074,26.82926829268293,60,52.6829268292683,7.317073170731707
E00073155,218,59,20,39,159,138,21,27.06422018348624,9.174311926605505,17.889908256880734,72.93577981651376,63.30275229357798,9.63302752293578
E00073156,165,57,13,44,108,98,10,34.54545454545455,7.878787878787878,26.666666666666668,65.45454545454545,59.3939393939394,6.0606060606060606
E00073157,261,74,26,48,187,168,19,28.35249042145594,9.961685823754788,18.39080459770115,71.64750957854406,64.36781609195403,7.2796934865900385
E00073158,192,56,19,37,136,123,13,29.166666666666668,9.895833333333332,19.270833333333336,70.83333333333334,64.0625,6.770833333333333
E00073159,171,54,23,31,117,98,19,31.57894736842105,13.450292397660817,18.128654970760234,68.42105263157895,57.30994152046783,11.11111111111111
E00073160,240,69,23,46,171,139,32,28.749999999999996,9.583333333333334,19.166666666666668,71.25,57.91666666666667,13.333333333333334
E00073161,199,66,18,48,133,117,16,33.165829145728644,9.045226130653267,24.120603015075375,66.83417085427136,58.79396984924623,8.040201005025125
E00073162,252,75,31,44,177,154,23,29.761904761904763,12.3015873015873,17.46031746031746,70.23809523809523,61.111111111111114,9.126984126984127
E00073163,187,70,20,50,117,94,23,37.4331550802139,10.695187165775401,26.737967914438503,62.56684491978609,50.26737967914438,12.299465240641712
E00073164,194,55,12,43,139,123,16,28.350515463917525,6.185567010309279,22.164948453608247,71.64948453608247,63.4020618556701,8.24742268041237
E00073165,194,68,38,30,126,109,17,35.051546391752574,19.587628865979383,15.463917525773196,64.94845360824742,56.18556701030928,8.762886597938143
E00073166,193,68,20,48,125,109,16,35.233160621761655,10.362694300518134,24.870466321243523,64.76683937823834,56.476683937823836,8.290155440414509
E00073167,298,86,30,56,212,184,28,28.859060402684566,10.06711409395973,18.79194630872483,71.14093959731544,61.74496644295302,9.395973154362416
E00073168,210,69,28,41,141,124,17,32.857142857142854,13.333333333333334,19.523809523809526,67.14285714285714,59.04761904761905,8.095238095238095
E00073169,281,85,26,59,196,171,25,30.2491103202847,9.252669039145907,20.99644128113879,69.7508896797153,60.854092526690394,8.896797153024911
E00073170,312,82,39,43,230,208,22,26.282051282051285,12.5,13.782051282051283,73.71794871794873,66.66666666666666,7.051282051282051
E00073171,306,111,44,67,195,175,20,36.27450980392157,14.37908496732026,21.895424836601308,63.725490196078425,57.18954248366013,6.535947712418301
E00073172,161,59,14,45,102,88,14,36.64596273291926,8.695652173913043,27.95031055900621,63.35403726708074,54.6583850931677,8.695652173913043
E00073173,179,68,23,45,111,97,14,37.988826815642454,12.849162011173185,25.139664804469277,62.01117318435754,54.18994413407822,7.82122905027933
E00073174,192,67,27,40,125,107,18,34.89583333333333,14.0625,20.833333333333336,65.10416666666666,55.729166666666664,9.375
E00073176,208,63,25,38,145,133,12,30.288461538461537,12.01923076923077,18.269230769230766,69.71153846153845,63.942307692307686,5.769230769230769
E00073177,194,78,25,53,116,110,6,40.20618556701031,12.886597938144329,27.31958762886598,59.79381443298969,56.70103092783505,3.0927835051546393
E00073178,195,63,26,37,132,120,12,32.30769230769231,13.333333333333334,18.974358974358974,67.6923076923077,61.53846153846154,6.153846153846154
E00073179,200,56,23,33,144,125,19,28.000000000000004,11.5,16.5,72,62.5,9.5
E00073181,230,87,34,53,143,136,7,37.826086956521735,14.782608695652174,23.043478260869566,62.17391304347826,59.130434782608695,3.0434782608695654
E00073182,236,78,38,40,158,142,16,33.05084745762712,16.101694915254235,16.94915254237288,66.94915254237289,60.16949152542372,6.779661016949152
E00073183,159,32,5,27,127,111,16,20.125786163522015,3.1446540880503147,16.9811320754717,79.87421383647799,69.81132075471697,10.062893081761008
E00073184,150,45,11,34,105,95,10,30,7.333333333333333,22.666666666666664,70,63.33333333333333,6.666666666666667
E00073185,173,47,11,36,126,106,20,27.167630057803464,6.358381502890173,20.809248554913296,72.83236994219652,61.27167630057804,11.560693641618498
E00073186,156,45,11,34,111,95,16,28.846153846153843,7.051282051282051,21.794871794871796,71.15384615384616,60.89743589743589,10.256410256410255
E00073187,180,46,14,32,134,124,10,25.555555555555554,7.777777777777778,17.77777777777778,74.44444444444444,68.88888888888889,5.555555555555555
E00073188,121,41,8,33,80,71,9,33.88429752066116,6.6115702479338845,27.27272727272727,66.11570247933885,58.67768595041323,7.43801652892562
E00073189,161,47,11,36,114,100,14,29.19254658385093,6.832298136645963,22.36024844720497,70.80745341614907,62.11180124223602,8.695652173913043
E00073190,140,47,14,33,93,82,11,33.57142857142857,10,23.57142857142857,66.42857142857143,58.57142857142858,7.857142857142857
E00073191,124,42,11,31,82,76,6,33.87096774193548,8.870967741935484,25,66.12903225806451,61.29032258064516,4.838709677419355
E00073192,149,28,9,19,121,106,15,18.79194630872483,6.0402684563758395,12.751677852348994,81.20805369127517,71.14093959731544,10.06711409395973
E00073193,184,62,16,46,122,105,17,33.69565217391305,8.695652173913043,25,66.30434782608695,57.065217391304344,9.239130434782608
E00073194,126,36,10,26,90,83,7,28.57142857142857,7.936507936507936,20.634920634920633,71.42857142857143,65.87301587301587,5.555555555555555
E00073195,179,50,15,35,129,109,20,27.932960893854748,8.379888268156424,19.553072625698324,72.06703910614524,60.893854748603346,11.1731843575419
E00073196,93,28,10,18,65,60,5,30.107526881720432,10.75268817204301,19.35483870967742,69.89247311827957,64.51612903225806,5.376344086021505
E00073197,197,45,0,45,152,136,16,22.84263959390863,0,22.84263959390863,77.15736040609137,69.03553299492386,8.121827411167512
E00073198,79,18,4,14,61,60,1,22.78481012658228,5.063291139240507,17.72151898734177,77.21518987341773,75.9493670886076,1.2658227848101267
E00073199,134,41,14,27,93,75,18,30.597014925373134,10.44776119402985,20.149253731343283,69.40298507462687,55.970149253731336,13.432835820895523
E00073200,112,27,5,22,85,76,9,24.107142857142858,4.464285714285714,19.642857142857142,75.89285714285714,67.85714285714286,8.035714285714286
E00073201,135,42,13,29,93,79,14,31.11111111111111,9.62962962962963,21.48148148148148,68.88888888888889,58.51851851851851,10.37037037037037
E00073202,183,36,9,27,147,134,13,19.672131147540984,4.918032786885246,14.754098360655737,80.32786885245902,73.224043715847,7.103825136612022
E00073203,161,37,10,27,124,112,12,22.981366459627328,6.211180124223603,16.77018633540373,77.01863354037268,69.56521739130434,7.453416149068323
E00073204,171,48,13,35,123,110,13,28.07017543859649,7.602339181286549,20.46783625730994,71.9298245614035,64.32748538011695,7.602339181286549
E00073205,216,50,16,34,166,141,25,23.14814814814815,7.4074074074074066,15.74074074074074,76.85185185185185,65.27777777777779,11.574074074074074
E00073206,229,67,20,47,162,142,20,29.257641921397383,8.73362445414847,20.52401746724891,70.74235807860262,62.00873362445415,8.73362445414847
E00073207,148,46,12,34,102,91,11,31.08108108108108,8.108108108108109,22.972972972972975,68.91891891891892,61.48648648648649,7.4324324324324325
E00073208,103,35,14,21,68,61,7,33.980582524271846,13.592233009708737,20.388349514563107,66.01941747572816,59.22330097087378,6.796116504854369
E00073209,114,43,19,24,71,61,10,37.719298245614034,16.666666666666664,21.052631578947366,62.28070175438597,53.50877192982456,8.771929824561402
E00073210,218,60,18,42,158,132,26,27.522935779816514,8.256880733944955,19.26605504587156,72.47706422018348,60.550458715596335,11.926605504587156
E00073211,308,61,19,42,247,217,30,19.805194805194805,6.1688311688311686,13.636363636363635,80.1948051948052,70.45454545454545,9.740259740259742
E00073212,257,61,22,39,196,169,27,23.73540856031128,8.560311284046692,15.17509727626459,76.26459143968872,65.75875486381322,10.505836575875486
E00073213,214,27,7,20,187,148,39,12.616822429906541,3.2710280373831773,9.345794392523365,87.38317757009347,69.1588785046729,18.22429906542056
E00073214,191,43,7,36,148,130,18,22.5130890052356,3.664921465968586,18.848167539267017,77.4869109947644,68.06282722513089,9.424083769633508
E00073215,91,42,11,31,49,41,8,46.15384615384615,12.087912087912088,34.065934065934066,53.84615384615385,45.05494505494506,8.791208791208792
E00073216,142,41,11,30,101,89,12,28.87323943661972,7.746478873239436,21.12676056338028,71.12676056338029,62.676056338028175,8.450704225352112
E00073217,192,34,9,25,158,137,21,17.708333333333336,4.6875,13.020833333333334,82.29166666666666,71.35416666666666,10.9375
E00073218,211,62,16,46,149,120,29,29.383886255924168,7.5829383886255926,21.80094786729858,70.61611374407583,56.872037914691944,13.744075829383887
E00073219,107,44,12,32,63,55,8,41.1214953271028,11.214953271028037,29.906542056074763,58.87850467289719,51.4018691588785,7.476635514018691
E00073220,174,43,15,28,131,123,8,24.71264367816092,8.620689655172415,16.091954022988507,75.28735632183908,70.6896551724138,4.597701149425287
E00073221,153,45,17,28,108,101,7,29.411764705882355,11.11111111111111,18.30065359477124,70.58823529411765,66.01307189542483,4.57516339869281
E00073222,184,50,15,35,134,116,18,27.173913043478258,8.152173913043478,19.021739130434785,72.82608695652173,63.04347826086957,9.782608695652174
E00073223,187,46,12,34,141,108,33,24.598930481283425,6.417112299465241,18.181818181818183,75.40106951871658,57.75401069518716,17.647058823529413
E00073224,195,47,20,27,148,135,13,24.102564102564102,10.256410256410255,13.846153846153847,75.8974358974359,69.23076923076923,6.666666666666667
E00073225,289,69,25,44,220,194,26,23.875432525951556,8.650519031141869,15.22491349480969,76.12456747404845,67.1280276816609,8.996539792387544
E00073226,129,38,11,27,91,78,13,29.457364341085274,8.527131782945736,20.930232558139537,70.54263565891473,60.46511627906976,10.077519379844961
E00073227,183,44,15,29,139,128,11,24.043715846994534,8.19672131147541,15.846994535519126,75.95628415300546,69.94535519125684,6.0109289617486334
E00073228,227,57,22,35,170,147,23,25.11013215859031,9.691629955947137,15.418502202643172,74.8898678414097,64.75770925110133,10.13215859030837
E00073229,171,56,12,44,115,104,11,32.748538011695906,7.017543859649122,25.730994152046783,67.2514619883041,60.81871345029239,6.432748538011696
E00073230,223,59,13,46,164,148,16,26.45739910313901,5.829596412556054,20.62780269058296,73.54260089686099,66.3677130044843,7.174887892376682
E00073231,270,71,20,51,199,177,22,26.296296296296294,7.4074074074074066,18.88888888888889,73.70370370370371,65.55555555555556,8.148148148148149
E00073232,215,53,13,40,162,141,21,24.651162790697676,6.046511627906977,18.6046511627907,75.34883720930232,65.58139534883722,9.767441860465116
E00073233,157,54,13,41,103,88,15,34.394904458598724,8.280254777070063,26.11464968152866,65.60509554140127,56.05095541401274,9.554140127388536
E00073234,187,47,14,33,140,129,11,25.13368983957219,7.4866310160427805,17.647058823529413,74.8663101604278,68.98395721925134,5.88235294117647
E00073236,164,46,13,33,118,110,8,28.04878048780488,7.926829268292683,20.121951219512198,71.95121951219512,67.07317073170732,4.878048780487805
E00073237,238,50,16,34,188,167,21,21.008403361344538,6.722689075630252,14.285714285714285,78.99159663865547,70.16806722689076,8.823529411764707
E00073238,215,58,14,44,157,137,20,26.976744186046513,6.511627906976744,20.46511627906977,73.0232558139535,63.72093023255814,9.30232558139535
E00073239,333,67,19,48,266,241,25,20.12012012012012,5.7057057057057055,14.414414414414415,79.87987987987988,72.37237237237237,7.5075075075075075
E00073240,230,62,20,42,168,151,17,26.956521739130434,8.695652173913043,18.26086956521739,73.04347826086956,65.65217391304347,7.391304347826087
E00073241,196,41,12,29,155,140,15,20.918367346938776,6.122448979591836,14.795918367346939,79.08163265306123,71.42857142857143,7.653061224489796
E00073242,154,35,13,22,119,107,12,22.727272727272727,8.441558441558442,14.285714285714285,77.27272727272727,69.48051948051948,7.792207792207792
E00073243,180,52,6,46,128,112,16,28.888888888888886,3.3333333333333335,25.555555555555554,71.11111111111111,62.22222222222222,8.88888888888889
E00073245,196,57,16,41,139,126,13,29.081632653061224,8.16326530612245,20.918367346938776,70.91836734693877,64.28571428571429,6.63265306122449
E00073246,186,44,11,33,142,127,15,23.655913978494624,5.913978494623656,17.741935483870968,76.34408602150538,68.27956989247312,8.064516129032258
E00073247,193,57,22,35,136,122,14,29.533678756476682,11.398963730569948,18.134715025906736,70.46632124352331,63.212435233160626,7.253886010362693
E00073248,194,33,12,21,161,142,19,17.010309278350515,6.185567010309279,10.824742268041238,82.9896907216495,73.19587628865979,9.793814432989691
E00073249,57,8,3,5,49,37,12,14.035087719298245,5.263157894736842,8.771929824561402,85.96491228070175,64.91228070175438,21.052631578947366
E00073250,339,70,16,54,269,244,25,20.64896755162242,4.71976401179941,15.929203539823009,79.35103244837758,71.976401179941,7.374631268436578
E00073251,228,44,15,29,184,168,16,19.298245614035086,6.578947368421052,12.719298245614036,80.7017543859649,73.68421052631578,7.017543859649122
E00073252,216,61,22,39,155,143,12,28.240740740740737,10.185185185185185,18.055555555555554,71.75925925925925,66.20370370370371,5.555555555555555
E00073253,259,64,18,46,195,184,11,24.71042471042471,6.94980694980695,17.760617760617762,75.2895752895753,71.04247104247105,4.247104247104247
E00073254,203,49,18,31,154,140,14,24.137931034482758,8.866995073891626,15.270935960591133,75.86206896551724,68.96551724137932,6.896551724137931
E00073255,242,53,16,37,189,167,22,21.90082644628099,6.6115702479338845,15.289256198347106,78.099173553719,69.00826446280992,9.090909090909092
E00073256,224,63,19,44,161,145,16,28.125,8.482142857142858,19.642857142857142,71.875,64.73214285714286,7.142857142857142
E00073257,212,71,21,50,141,126,15,33.490566037735846,9.90566037735849,23.58490566037736,66.50943396226415,59.43396226415094,7.0754716981132075
E00073258,233,59,14,45,174,153,21,25.321888412017167,6.008583690987124,19.313304721030043,74.67811158798283,65.66523605150213,9.012875536480687
E00073259,136,43,15,28,93,75,18,31.61764705882353,11.029411764705882,20.588235294117645,68.38235294117648,55.14705882352941,13.23529411764706
E00073260,181,48,23,25,133,117,16,26.519337016574585,12.70718232044199,13.812154696132598,73.48066298342542,64.64088397790056,8.83977900552486
E00073261,142,50,14,36,92,81,11,35.2112676056338,9.859154929577464,25.352112676056336,64.7887323943662,57.04225352112676,7.746478873239436
E00073262,91,28,13,15,63,56,7,30.76923076923077,14.285714285714285,16.483516483516482,69.23076923076923,61.53846153846154,7.6923076923076925
E00073263,247,78,32,46,169,153,16,31.57894736842105,12.955465587044534,18.62348178137652,68.42105263157895,61.943319838056674,6.477732793522267
E00073264,175,63,27,36,112,97,15,36,15.428571428571427,20.57142857142857,64,55.42857142857143,8.571428571428571
E00073266,203,65,24,41,138,124,14,32.01970443349754,11.822660098522167,20.19704433497537,67.98029556650246,61.083743842364534,6.896551724137931
E00073267,139,53,15,38,86,82,4,38.1294964028777,10.79136690647482,27.33812949640288,61.87050359712231,58.992805755395686,2.877697841726619
E00073268,259,64,24,40,195,179,16,24.71042471042471,9.266409266409266,15.444015444015443,75.2895752895753,69.1119691119691,6.177606177606178
E00073269,237,81,29,52,156,143,13,34.177215189873415,12.236286919831224,21.940928270042196,65.82278481012658,60.337552742616026,5.485232067510549
E00073270,200,63,32,31,137,116,21,31.5,16,15.5,68.5,57.99999999999999,10.5
E00073271,263,67,20,47,196,178,18,25.475285171102662,7.604562737642586,17.870722433460077,74.52471482889734,67.68060836501901,6.844106463878327
E00073272,189,55,27,28,134,117,17,29.100529100529098,14.285714285714285,14.814814814814813,70.8994708994709,61.904761904761905,8.994708994708994
E00073273,160,43,13,30,117,96,21,26.875,8.125,18.75,73.125,60,13.125
E00073274,200,93,29,64,107,92,15,46.5,14.499999999999998,32,53.5,46,7.5
E00073276,175,70,35,35,105,93,12,40,20,20,60,53.142857142857146,6.857142857142858
E00073277,208,74,28,46,134,120,14,35.57692307692308,13.461538461538462,22.115384615384613,64.42307692307693,57.692307692307686,6.730769230769231
E00073278,219,73,25,48,146,120,26,33.33333333333333,11.415525114155251,21.91780821917808,66.66666666666666,54.794520547945204,11.87214611872146
E00073280,179,59,22,37,120,108,12,32.960893854748605,12.290502793296088,20.670391061452513,67.0391061452514,60.33519553072626,6.70391061452514
E00073281,224,82,33,49,142,128,14,36.607142857142854,14.732142857142858,21.875,63.39285714285714,57.14285714285714,6.25
E00073282,216,86,30,56,130,113,17,39.81481481481482,13.88888888888889,25.925925925925924,60.18518518518518,52.31481481481482,7.87037037037037
E00073283,184,53,23,30,131,111,20,28.804347826086957,12.5,16.304347826086957,71.19565217391305,60.32608695652174,10.869565217391305
E00073284,60,20,8,12,40,37,3,33.33333333333333,13.333333333333334,20,66.66666666666666,61.66666666666667,5
E00073285,197,66,21,45,131,109,22,33.50253807106599,10.65989847715736,22.84263959390863,66.49746192893402,55.32994923857868,11.16751269035533
E00073286,185,53,24,29,132,112,20,28.64864864864865,12.972972972972974,15.675675675675677,71.35135135135135,60.54054054054055,10.81081081081081
E00073287,170,56,21,35,114,94,20,32.94117647058823,12.352941176470589,20.588235294117645,67.05882352941175,55.294117647058826,11.76470588235294
E00073288,171,69,31,38,102,92,10,40.35087719298245,18.128654970760234,22.22222222222222,59.64912280701754,53.80116959064327,5.847953216374268
E00073289,200,66,25,41,134,122,12,33,12.5,20.5,67,61,6
E00073290,181,56,19,37,125,102,23,30.939226519337016,10.497237569060774,20.441988950276244,69.06077348066299,56.353591160220994,12.70718232044199
E00073291,191,70,24,46,121,97,24,36.64921465968586,12.56544502617801,24.083769633507853,63.35078534031413,50.78534031413613,12.56544502617801
E00073292,317,75,30,45,242,219,23,23.65930599369085,9.46372239747634,14.195583596214512,76.34069400630915,69.08517350157729,7.255520504731862
E00073293,203,68,19,49,135,110,25,33.497536945812804,9.35960591133005,24.137931034482758,66.50246305418719,54.187192118226605,12.31527093596059
E00073294,239,84,27,57,155,137,18,35.146443514644346,11.297071129707113,23.84937238493724,64.85355648535564,57.32217573221757,7.531380753138076
E00073295,170,65,19,46,105,85,20,38.23529411764706,11.176470588235295,27.058823529411764,61.76470588235294,50,11.76470588235294
E00073296,170,52,13,39,118,107,11,30.58823529411765,7.647058823529412,22.941176470588236,69.41176470588235,62.94117647058823,6.470588235294119
E00073297,203,62,24,38,141,120,21,30.541871921182267,11.822660098522167,18.7192118226601,69.45812807881774,59.11330049261084,10.344827586206897
E00073298,266,83,35,48,183,166,17,31.203007518796994,13.157894736842104,18.045112781954884,68.796992481203,62.40601503759399,6.390977443609022
E00073299,222,67,20,47,155,135,20,30.180180180180184,9.00900900900901,21.17117117117117,69.81981981981981,60.810810810810814,9.00900900900901
E00073300,160,41,15,26,119,105,14,25.624999999999996,9.375,16.25,74.375,65.625,8.75
E00073301,194,52,15,37,142,126,16,26.804123711340207,7.731958762886598,19.072164948453608,73.19587628865979,64.94845360824742,8.24742268041237
E00073302,157,47,11,36,110,99,11,29.936305732484076,7.006369426751593,22.929936305732486,70.06369426751591,63.05732484076433,7.006369426751593
E00073303,213,59,20,39,154,141,13,27.699530516431924,9.389671361502346,18.30985915492958,72.30046948356808,66.19718309859155,6.103286384976526
E00073304,145,49,11,38,96,86,10,33.793103448275865,7.586206896551724,26.20689655172414,66.20689655172414,59.310344827586206,6.896551724137931
E00073305,160,51,16,35,109,90,19,31.874999999999996,10,21.875,68.125,56.25,11.875
E00073306,118,30,10,20,88,73,15,25.423728813559322,8.47457627118644,16.94915254237288,74.57627118644068,61.86440677966102,12.711864406779661
E00073307,131,32,8,24,99,82,17,24.427480916030532,6.106870229007633,18.3206106870229,75.57251908396947,62.59541984732825,12.977099236641221
E00073308,145,48,13,35,97,87,10,33.10344827586207,8.96551724137931,24.137931034482758,66.89655172413794,60,6.896551724137931
E00073309,121,32,12,20,89,76,13,26.446280991735538,9.917355371900827,16.528925619834713,73.55371900826447,62.8099173553719,10.743801652892563
E00073310,150,45,8,37,105,93,12,30,5.333333333333334,24.666666666666668,70,62,8
E00073311,114,37,11,26,77,69,8,32.45614035087719,9.649122807017543,22.807017543859647,67.54385964912281,60.526315789473685,7.017543859649122
E00073312,153,44,13,31,109,101,8,28.75816993464052,8.49673202614379,20.26143790849673,71.24183006535948,66.01307189542483,5.228758169934641
E00073313,180,55,7,48,125,108,17,30.555555555555557,3.888888888888889,26.666666666666668,69.44444444444444,60,9.444444444444445
E00073314,65,30,12,18,35,30,5,46.15384615384615,18.461538461538463,27.692307692307693,53.84615384615385,46.15384615384615,7.6923076923076925
E00073315,80,30,7,23,50,43,7,37.5,8.75,28.749999999999996,62.5,53.75,8.75
E00073316,120,44,13,31,76,68,8,36.666666666666664,10.833333333333334,25.833333333333336,63.33333333333333,56.666666666666664,6.666666666666667
E00073317,133,42,14,28,91,83,8,31.57894736842105,10.526315789473683,21.052631578947366,68.42105263157895,62.40601503759399,6.015037593984962
E00073318,150,54,11,43,96,87,9,36,7.333333333333333,28.666666666666668,64,57.99999999999999,6
E00073319,293,69,21,48,224,202,22,23.549488054607508,7.167235494880546,16.38225255972696,76.45051194539249,68.94197952218431,7.508532423208192
E00073320,227,61,18,43,166,151,15,26.87224669603524,7.929515418502203,18.94273127753304,73.12775330396477,66.51982378854625,6.607929515418502
E00073321,166,43,18,25,123,113,10,25.903614457831324,10.843373493975903,15.060240963855422,74.09638554216868,68.07228915662651,6.024096385542169
E00073322,156,46,18,28,110,94,16,29.48717948717949,11.538461538461538,17.94871794871795,70.51282051282051,60.256410256410255,10.256410256410255
E00073323,140,38,6,32,102,87,15,27.142857142857142,4.285714285714286,22.857142857142858,72.85714285714285,62.142857142857146,10.714285714285714
E00073324,209,60,12,48,149,136,13,28.708133971291865,5.741626794258373,22.966507177033492,71.29186602870813,65.07177033492823,6.220095693779904
E00073325,216,55,17,38,161,141,20,25.462962962962965,7.87037037037037,17.59259259259259,74.53703703703704,65.27777777777779,9.25925925925926
E00073326,114,28,10,18,86,75,11,24.561403508771928,8.771929824561402,15.789473684210526,75.43859649122807,65.78947368421053,9.649122807017543
E00073327,173,50,9,41,123,113,10,28.901734104046245,5.202312138728324,23.699421965317917,71.09826589595376,65.3179190751445,5.780346820809249
E00073328,176,49,14,35,127,106,21,27.84090909090909,7.954545454545454,19.886363636363637,72.1590909090909,60.22727272727273,11.931818181818182
E00073329,149,43,15,28,106,96,10,28.859060402684566,10.06711409395973,18.79194630872483,71.14093959731544,64.42953020134227,6.7114093959731544
E00073330,185,58,16,42,127,105,22,31.351351351351354,8.64864864864865,22.702702702702705,68.64864864864865,56.75675675675676,11.891891891891893
E00073331,219,65,22,43,154,132,22,29.68036529680365,10.045662100456621,19.63470319634703,70.31963470319634,60.273972602739725,10.045662100456621
E00073332,163,50,14,36,113,100,13,30.67484662576687,8.588957055214724,22.085889570552148,69.32515337423312,61.34969325153374,7.975460122699387
E00073333,144,45,7,38,99,90,9,31.25,4.861111111111112,26.38888888888889,68.75,62.5,6.25
E00073334,164,60,24,36,104,92,12,36.58536585365854,14.634146341463413,21.951219512195124,63.41463414634146,56.09756097560976,7.317073170731707
E00073335,210,66,16,50,144,131,13,31.428571428571427,7.6190476190476195,23.809523809523807,68.57142857142857,62.38095238095238,6.190476190476191
E00073336,150,53,17,36,97,82,15,35.333333333333336,11.333333333333332,24,64.66666666666666,54.666666666666664,10
E00073337,158,50,13,37,108,98,10,31.645569620253166,8.227848101265822,23.417721518987342,68.35443037974683,62.0253164556962,6.329113924050633
E00073338,148,41,12,29,107,96,11,27.7027027027027,8.108108108108109,19.594594594594593,72.2972972972973,64.86486486486487,7.4324324324324325
E00073339,197,37,13,24,160,142,18,18.781725888324875,6.598984771573605,12.18274111675127,81.21827411167513,72.08121827411168,9.137055837563452
E00073340,157,26,7,19,131,125,6,16.560509554140125,4.45859872611465,12.101910828025478,83.43949044585987,79.61783439490446,3.821656050955414
E00073341,191,57,12,45,134,124,10,29.84293193717277,6.282722513089005,23.56020942408377,70.15706806282722,64.92146596858639,5.2356020942408374
E00073342,211,77,32,45,134,119,15,36.492890995260666,15.165876777251185,21.32701421800948,63.507109004739334,56.39810426540285,7.109004739336493
E00073343,206,54,11,43,152,139,13,26.21359223300971,5.339805825242718,20.87378640776699,73.7864077669903,67.47572815533981,6.310679611650485
E00073344,162,35,7,28,127,114,13,21.604938271604937,4.320987654320987,17.28395061728395,78.39506172839506,70.37037037037037,8.024691358024691
E00073345,106,27,7,20,79,69,10,25.471698113207548,6.60377358490566,18.867924528301888,74.52830188679245,65.09433962264151,9.433962264150944
E00073346,203,57,17,40,146,126,20,28.078817733990146,8.374384236453201,19.704433497536947,71.92118226600985,62.06896551724138,9.852216748768473
E00073347,116,29,8,21,87,86,1,25,6.896551724137931,18.103448275862068,75,74.13793103448276,0.8620689655172413
E00073348,183,36,6,30,147,135,12,19.672131147540984,3.278688524590164,16.39344262295082,80.32786885245902,73.77049180327869,6.557377049180328
E00073349,167,46,19,27,121,108,13,27.54491017964072,11.377245508982035,16.16766467065868,72.45508982035929,64.67065868263472,7.784431137724551
E00073350,202,51,15,36,151,137,14,25.247524752475247,7.425742574257425,17.82178217821782,74.75247524752476,67.82178217821783,6.9306930693069315
E00073351,151,51,12,39,100,91,9,33.77483443708609,7.9470198675496695,25.82781456953642,66.22516556291392,60.264900662251655,5.960264900662252
E00073352,113,39,6,33,74,66,8,34.51327433628318,5.3097345132743365,29.20353982300885,65.48672566371681,58.4070796460177,7.079646017699115
E00073353,231,42,8,34,189,176,13,18.181818181818183,3.463203463203463,14.71861471861472,81.81818181818183,76.19047619047619,5.627705627705628
E00073354,157,54,21,33,103,94,9,34.394904458598724,13.375796178343949,21.019108280254777,65.60509554140127,59.87261146496815,5.7324840764331215
E00073355,185,44,7,37,141,123,18,23.783783783783786,3.783783783783784,20,76.21621621621621,66.48648648648648,9.72972972972973
E00073356,201,55,19,36,146,125,21,27.363184079601986,9.45273631840796,17.91044776119403,72.636815920398,62.189054726368155,10.44776119402985
E00073357,159,49,17,32,110,89,21,30.81761006289308,10.69182389937107,20.125786163522015,69.18238993710692,55.9748427672956,13.20754716981132
E00073358,172,53,18,35,119,105,14,30.813953488372093,10.465116279069768,20.348837209302324,69.18604651162791,61.04651162790697,8.13953488372093
E00073359,162,37,10,27,125,114,11,22.839506172839506,6.172839506172839,16.666666666666664,77.1604938271605,70.37037037037037,6.790123456790123
E00073360,155,47,14,33,108,95,13,30.32258064516129,9.032258064516128,21.29032258064516,69.6774193548387,61.29032258064516,8.38709677419355
E00073361,133,31,7,24,102,90,12,23.308270676691727,5.263157894736842,18.045112781954884,76.69172932330827,67.66917293233082,9.022556390977442
E00073362,243,56,14,42,187,173,14,23.045267489711936,5.761316872427984,17.28395061728395,76.95473251028807,71.19341563786008,5.761316872427984
E00073363,182,64,26,38,118,105,13,35.16483516483517,14.285714285714285,20.87912087912088,64.83516483516483,57.692307692307686,7.142857142857142
E00073364,147,48,20,28,99,91,8,32.6530612244898,13.60544217687075,19.047619047619047,67.3469387755102,61.904761904761905,5.442176870748299
E00073365,169,47,12,35,122,113,9,27.810650887573964,7.100591715976331,20.710059171597635,72.18934911242604,66.86390532544378,5.325443786982249
E00073366,233,73,22,51,160,133,27,31.330472103004293,9.44206008583691,21.888412017167383,68.6695278969957,57.08154506437768,11.587982832618025
E00073367,163,47,17,30,116,108,8,28.834355828220858,10.429447852760736,18.404907975460123,71.16564417177914,66.25766871165644,4.9079754601226995
E00073368,157,44,9,35,113,105,8,28.02547770700637,5.7324840764331215,22.29299363057325,71.97452229299363,66.87898089171973,5.095541401273886
E00073369,161,49,11,38,112,101,11,30.434782608695656,6.832298136645963,23.60248447204969,69.56521739130434,62.732919254658384,6.832298136645963
E00073370,84,34,9,25,50,43,7,40.476190476190474,10.714285714285714,29.761904761904763,59.523809523809526,51.19047619047619,8.333333333333332
E00073371,85,29,7,22,56,54,2,34.11764705882353,8.235294117647058,25.882352941176475,65.88235294117646,63.52941176470588,2.3529411764705883
E00073372,83,34,5,29,49,42,7,40.963855421686745,6.024096385542169,34.93975903614458,59.036144578313255,50.602409638554214,8.433734939759036
E00073373,161,35,10,25,126,111,15,21.73913043478261,6.211180124223603,15.527950310559005,78.26086956521739,68.94409937888199,9.316770186335404
E00073374,213,53,11,42,160,142,18,24.88262910798122,5.164319248826291,19.718309859154928,75.11737089201877,66.66666666666666,8.450704225352112
E00073375,173,48,17,31,125,112,13,27.74566473988439,9.826589595375722,17.91907514450867,72.25433526011561,64.73988439306359,7.514450867052023
E00073376,141,29,5,24,112,101,11,20.56737588652482,3.546099290780142,17.02127659574468,79.43262411347519,71.63120567375887,7.801418439716312
E00073377,177,48,9,39,129,112,17,27.11864406779661,5.084745762711865,22.033898305084744,72.88135593220339,63.2768361581921,9.6045197740113
E00073378,187,45,19,26,142,126,16,24.06417112299465,10.16042780748663,13.903743315508022,75.93582887700535,67.37967914438502,8.55614973262032
E00073379,183,51,17,34,132,119,13,27.86885245901639,9.289617486338798,18.579234972677597,72.1311475409836,65.02732240437157,7.103825136612022
E00073380,193,69,19,50,124,108,16,35.751295336787564,9.844559585492227,25.906735751295333,64.24870466321244,55.95854922279793,8.290155440414509
E00073381,225,62,20,42,163,145,18,27.555555555555557,8.88888888888889,18.666666666666668,72.44444444444444,64.44444444444444,8
E00073382,223,70,24,46,153,137,16,31.390134529147986,10.762331838565023,20.62780269058296,68.60986547085201,61.43497757847533,7.174887892376682
E00073383,96,33,11,22,63,59,4,34.375,11.458333333333332,22.916666666666664,65.625,61.458333333333336,4.166666666666666
E00073384,250,86,34,52,164,151,13,34.4,13.600000000000001,20.8,65.60000000000001,60.4,5.2
E00073385,143,51,7,44,92,81,11,35.66433566433567,4.895104895104895,30.76923076923077,64.33566433566433,56.64335664335665,7.6923076923076925
E00073386,224,48,14,34,176,152,24,21.428571428571427,6.25,15.178571428571427,78.57142857142857,67.85714285714286,10.714285714285714
E00073387,122,40,12,28,82,74,8,32.78688524590164,9.836065573770492,22.950819672131146,67.21311475409836,60.65573770491803,6.557377049180328
E00073388,171,57,18,39,114,102,12,33.33333333333333,10.526315789473683,22.807017543859647,66.66666666666666,59.64912280701754,7.017543859649122
E00073389,216,51,20,31,165,149,16,23.61111111111111,9.25925925925926,14.351851851851851,76.38888888888889,68.98148148148148,7.4074074074074066
E00073390,188,55,15,40,133,122,11,29.25531914893617,7.9787234042553195,21.27659574468085,70.74468085106383,64.8936170212766,5.851063829787234
E00073391,180,51,13,38,129,121,8,28.333333333333332,7.222222222222221,21.11111111111111,71.66666666666667,67.22222222222223,4.444444444444445
E00073392,210,50,12,38,160,138,22,23.809523809523807,5.714285714285714,18.095238095238095,76.19047619047619,65.71428571428571,10.476190476190476
E00073393,176,54,17,37,122,104,18,30.681818181818183,9.659090909090908,21.022727272727273,69.31818181818183,59.09090909090909,10.227272727272728
E00073394,256,60,16,44,196,171,25,23.4375,6.25,17.1875,76.5625,66.796875,9.765625
E00073395,130,55,18,37,75,65,10,42.30769230769231,13.846153846153847,28.46153846153846,57.692307692307686,50,7.6923076923076925
E00073397,167,38,15,23,129,112,17,22.75449101796407,8.982035928143713,13.77245508982036,77.24550898203593,67.06586826347305,10.179640718562874
E00073398,190,50,17,33,140,123,17,26.31578947368421,8.947368421052632,17.36842105263158,73.68421052631578,64.73684210526316,8.947368421052632
E00073399,172,49,17,32,123,109,14,28.488372093023255,9.883720930232558,18.6046511627907,71.51162790697676,63.372093023255815,8.13953488372093
E00073400,193,50,17,33,143,133,10,25.906735751295333,8.808290155440414,17.098445595854923,74.09326424870466,68.9119170984456,5.181347150259067
E00073401,176,39,8,31,137,121,16,22.15909090909091,4.545454545454546,17.613636363636363,77.8409090909091,68.75,9.090909090909092
E00073402,179,48,17,31,131,120,11,26.81564245810056,9.497206703910614,17.318435754189945,73.18435754189943,67.0391061452514,6.145251396648044
E00073403,203,44,11,33,159,147,12,21.67487684729064,5.41871921182266,16.25615763546798,78.32512315270937,72.41379310344827,5.911330049261084
E00073404,189,38,10,28,151,141,10,20.105820105820104,5.291005291005291,14.814814814814813,79.8941798941799,74.60317460317461,5.291005291005291
E00073405,207,55,18,37,152,132,20,26.570048309178745,8.695652173913043,17.874396135265698,73.42995169082126,63.76811594202898,9.66183574879227
E00073406,180,52,16,36,128,113,15,28.888888888888886,8.88888888888889,20,71.11111111111111,62.77777777777778,8.333333333333332
E00073407,202,57,23,34,145,130,15,28.217821782178216,11.386138613861387,16.831683168316832,71.78217821782178,64.35643564356435,7.425742574257425
E00073408,189,62,17,45,127,110,17,32.804232804232804,8.994708994708994,23.809523809523807,67.1957671957672,58.201058201058196,8.994708994708994
E00073409,156,41,17,24,115,94,21,26.282051282051285,10.897435897435898,15.384615384615385,73.71794871794873,60.256410256410255,13.461538461538462
E00073410,184,41,7,34,143,132,11,22.282608695652172,3.804347826086957,18.478260869565215,77.71739130434783,71.73913043478261,5.978260869565218
E00073411,180,58,15,43,122,112,10,32.22222222222222,8.333333333333332,23.88888888888889,67.77777777777779,62.22222222222222,5.555555555555555
E00073412,224,54,15,39,170,152,18,24.107142857142858,6.696428571428571,17.410714285714285,75.89285714285714,67.85714285714286,8.035714285714286
E00073413,140,54,17,37,86,71,15,38.57142857142858,12.142857142857142,26.42857142857143,61.42857142857143,50.71428571428571,10.714285714285714
E00073414,159,62,36,26,97,91,6,38.9937106918239,22.641509433962266,16.352201257861633,61.0062893081761,57.23270440251572,3.7735849056603774
E00073415,138,33,21,12,105,94,11,23.91304347826087,15.217391304347828,8.695652173913043,76.08695652173914,68.11594202898551,7.971014492753622
E00073416,177,42,15,27,135,112,23,23.728813559322035,8.47457627118644,15.254237288135593,76.27118644067797,63.2768361581921,12.994350282485875
E00073419,215,47,19,28,168,150,18,21.86046511627907,8.837209302325581,13.023255813953488,78.13953488372093,69.76744186046511,8.372093023255815
E00073420,61,21,16,5,40,37,3,34.42622950819672,26.229508196721312,8.19672131147541,65.57377049180327,60.65573770491803,4.918032786885246
E00073421,119,59,40,19,60,56,4,49.57983193277311,33.61344537815126,15.966386554621847,50.42016806722689,47.05882352941176,3.361344537815126
E00073422,89,37,14,23,52,44,8,41.57303370786517,15.730337078651685,25.842696629213485,58.42696629213483,49.43820224719101,8.98876404494382
E00073423,113,36,19,17,77,60,17,31.858407079646017,16.8141592920354,15.04424778761062,68.14159292035397,53.09734513274337,15.04424778761062
E00073424,108,46,21,25,62,56,6,42.592592592592595,19.444444444444446,23.14814814814815,57.407407407407405,51.85185185185185,5.555555555555555
E00073425,146,46,25,21,100,88,12,31.506849315068493,17.123287671232877,14.383561643835616,68.4931506849315,60.273972602739725,8.21917808219178
E00073426,111,61,41,20,50,39,11,54.95495495495496,36.93693693693694,18.01801801801802,45.04504504504504,35.13513513513514,9.90990990990991
E00073431,228,108,71,37,120,88,32,47.368421052631575,31.140350877192986,16.228070175438596,52.63157894736842,38.59649122807017,14.035087719298245
E00073432,67,20,7,13,47,44,3,29.850746268656714,10.44776119402985,19.402985074626866,70.1492537313433,65.67164179104478,4.477611940298507
E00073433,193,84,60,24,109,89,20,43.523316062176164,31.088082901554404,12.435233160621761,56.476683937823836,46.1139896373057,10.362694300518134
E00073437,152,25,11,14,127,112,15,16.447368421052634,7.236842105263158,9.210526315789473,83.55263157894737,73.68421052631578,9.868421052631579
E00073439,214,41,12,29,173,151,22,19.158878504672895,5.607476635514018,13.551401869158877,80.8411214953271,70.56074766355141,10.2803738317757
E00073440,151,44,16,28,107,95,12,29.13907284768212,10.596026490066226,18.543046357615893,70.86092715231787,62.913907284768214,7.9470198675496695
E00073441,107,41,11,30,66,54,12,38.31775700934579,10.2803738317757,28.037383177570092,61.6822429906542,50.467289719626166,11.214953271028037
E00073442,202,61,25,36,141,119,22,30.198019801980198,12.376237623762377,17.82178217821782,69.80198019801979,58.91089108910891,10.891089108910892
E00073443,162,48,18,30,114,93,21,29.629629629629626,11.11111111111111,18.51851851851852,70.37037037037037,57.407407407407405,12.962962962962962
E00073444,144,38,15,23,106,94,12,26.38888888888889,10.416666666666668,15.972222222222221,73.61111111111111,65.27777777777779,8.333333333333332
E00073445,135,36,16,20,99,89,10,26.666666666666668,11.851851851851853,14.814814814814813,73.33333333333333,65.92592592592592,7.4074074074074066
E00073446,204,59,34,25,145,120,25,28.921568627450984,16.666666666666664,12.254901960784313,71.07843137254902,58.82352941176471,12.254901960784313
E00073447,120,44,16,28,76,66,10,36.666666666666664,13.333333333333334,23.333333333333332,63.33333333333333,55.00000000000001,8.333333333333332
E00073448,149,32,17,15,117,101,16,21.476510067114095,11.409395973154362,10.06711409395973,78.52348993288591,67.78523489932886,10.738255033557047
E00073449,134,21,11,10,113,98,15,15.671641791044777,8.208955223880597,7.462686567164178,84.32835820895522,73.13432835820896,11.194029850746269
E00073450,170,38,18,20,132,116,16,22.35294117647059,10.588235294117647,11.76470588235294,77.64705882352942,68.23529411764706,9.411764705882353
E00073451,169,32,12,20,137,113,24,18.93491124260355,7.100591715976331,11.834319526627219,81.06508875739645,66.86390532544378,14.201183431952662
E00073452,184,29,15,14,155,122,33,15.760869565217392,8.152173913043478,7.608695652173914,84.23913043478261,66.30434782608695,17.934782608695652
E00073453,153,43,23,20,110,90,20,28.104575163398692,15.032679738562091,13.071895424836603,71.89542483660131,58.82352941176471,13.071895424836603
E00073454,193,43,20,23,150,124,26,22.279792746113987,10.362694300518134,11.917098445595855,77.720207253886,64.24870466321244,13.471502590673575
E00073455,179,48,28,20,131,102,29,26.81564245810056,15.64245810055866,11.1731843575419,73.18435754189943,56.98324022346368,16.201117318435752
E00073456,165,36,15,21,129,109,20,21.818181818181817,9.090909090909092,12.727272727272727,78.18181818181819,66.06060606060606,12.121212121212121
E00073457,128,32,12,20,96,78,18,25,9.375,15.625,75,60.9375,14.0625
E00073458,192,42,15,27,150,122,28,21.875,7.8125,14.0625,78.125,63.541666666666664,14.583333333333334
E00073461,133,27,13,14,106,93,13,20.30075187969925,9.774436090225564,10.526315789473683,79.69924812030075,69.92481203007519,9.774436090225564
E00073462,198,71,29,42,127,103,24,35.858585858585855,14.646464646464647,21.21212121212121,64.14141414141415,52.02020202020202,12.121212121212121
E00073463,140,37,16,21,103,94,9,26.42857142857143,11.428571428571429,15,73.57142857142858,67.14285714285714,6.428571428571428
E00073464,190,66,37,29,124,105,19,34.73684210526316,19.473684210526315,15.263157894736842,65.26315789473685,55.26315789473685,10
E00073465,207,58,25,33,149,123,26,28.019323671497588,12.077294685990339,15.942028985507244,71.98067632850241,59.42028985507246,12.560386473429952
E00073466,222,57,40,17,165,145,20,25.675675675675674,18.01801801801802,7.657657657657657,74.32432432432432,65.31531531531532,9.00900900900901
E00073467,181,41,20,21,140,120,20,22.65193370165746,11.049723756906078,11.602209944751381,77.34806629834254,66.29834254143645,11.049723756906078
E00073468,212,76,31,45,136,115,21,35.84905660377358,14.622641509433961,21.22641509433962,64.15094339622641,54.24528301886793,9.90566037735849
E00073469,124,32,12,20,92,82,10,25.806451612903224,9.67741935483871,16.129032258064516,74.19354838709677,66.12903225806451,8.064516129032258
E00073470,224,47,21,26,177,164,13,20.982142857142858,9.375,11.607142857142858,79.01785714285714,73.21428571428571,5.803571428571429
E00073471,127,29,13,16,98,88,10,22.83464566929134,10.236220472440944,12.598425196850393,77.16535433070865,69.29133858267717,7.874015748031496
E00073472,150,39,27,12,111,89,22,26,18,8,74,59.333333333333336,14.666666666666666
E00073473,73,16,10,6,57,41,16,21.91780821917808,13.698630136986301,8.21917808219178,78.08219178082192,56.16438356164384,21.91780821917808
E00073474,100,26,10,16,74,58,16,26,10,16,74,57.99999999999999,16
E00073476,153,49,28,21,104,90,14,32.02614379084967,18.30065359477124,13.725490196078432,67.97385620915033,58.82352941176471,9.15032679738562
E00073477,143,40,20,20,103,80,23,27.972027972027973,13.986013986013987,13.986013986013987,72.02797202797203,55.94405594405595,16.083916083916083
E00073478,173,39,17,22,134,112,22,22.54335260115607,9.826589595375722,12.716763005780345,77.45664739884393,64.73988439306359,12.716763005780345
E00073479,136,34,18,16,102,80,22,25,13.23529411764706,11.76470588235294,75,58.82352941176471,16.176470588235293
E00073480,141,31,18,13,110,91,19,21.98581560283688,12.76595744680851,9.219858156028367,78.01418439716312,64.53900709219859,13.47517730496454
E00073481,260,65,27,38,195,146,49,25,10.384615384615385,14.615384615384617,75,56.15384615384615,18.846153846153847
E00073482,217,54,31,23,163,132,31,24.88479262672811,14.285714285714285,10.599078341013826,75.11520737327189,60.82949308755761,14.285714285714285
E00073483,190,61,30,31,129,104,25,32.10526315789474,15.789473684210526,16.315789473684212,67.89473684210526,54.736842105263165,13.157894736842104
E00073484,145,31,16,15,114,98,16,21.379310344827587,11.03448275862069,10.344827586206897,78.62068965517241,67.58620689655173,11.03448275862069
E00073485,117,32,18,14,85,74,11,27.350427350427353,15.384615384615385,11.965811965811966,72.64957264957265,63.24786324786324,9.401709401709402
E00073486,237,70,20,50,167,147,20,29.535864978902953,8.438818565400844,21.09704641350211,70.46413502109705,62.0253164556962,8.438818565400844
E00073487,173,46,24,22,127,109,18,26.589595375722542,13.872832369942195,12.716763005780345,73.41040462427746,63.005780346820806,10.404624277456648
E00073488,149,50,27,23,99,81,18,33.557046979865774,18.120805369127517,15.436241610738255,66.44295302013423,54.36241610738255,12.080536912751679
E00073489,158,32,15,17,126,101,25,20.253164556962027,9.49367088607595,10.759493670886076,79.74683544303798,63.92405063291139,15.822784810126583
E00073490,141,40,16,24,101,79,22,28.368794326241137,11.347517730496454,17.02127659574468,71.63120567375887,56.02836879432624,15.602836879432624
E00073491,186,48,29,19,138,117,21,25.806451612903224,15.591397849462366,10.21505376344086,74.19354838709677,62.903225806451616,11.29032258064516
E00073492,185,49,25,24,136,116,20,26.486486486486488,13.513513513513514,12.972972972972974,73.51351351351352,62.70270270270271,10.81081081081081
E00073493,183,41,28,13,142,124,18,22.404371584699454,15.300546448087433,7.103825136612022,77.59562841530054,67.75956284153006,9.836065573770492
E00073494,149,49,29,20,100,91,9,32.88590604026846,19.463087248322147,13.422818791946309,67.11409395973155,61.07382550335571,6.0402684563758395
E00073495,120,47,35,12,73,62,11,39.166666666666664,29.166666666666668,10,60.83333333333333,51.66666666666667,9.166666666666666
E00073496,220,74,44,30,146,120,26,33.63636363636363,20,13.636363636363635,66.36363636363637,54.54545454545454,11.818181818181818
E00073497,141,40,20,20,101,84,17,28.368794326241137,14.184397163120568,14.184397163120568,71.63120567375887,59.57446808510638,12.056737588652481
E00073498,149,27,12,15,122,97,25,18.120805369127517,8.053691275167784,10.06711409395973,81.87919463087249,65.1006711409396,16.778523489932887
E00073499,128,35,11,24,93,80,13,27.34375,8.59375,18.75,72.65625,62.5,10.15625
E00073500,202,69,43,26,133,114,19,34.15841584158416,21.287128712871286,12.871287128712872,65.84158415841584,56.43564356435643,9.405940594059405
E00073501,173,68,39,29,105,89,16,39.30635838150289,22.54335260115607,16.76300578034682,60.69364161849711,51.445086705202314,9.248554913294797
E00073502,195,54,26,28,141,123,18,27.692307692307693,13.333333333333334,14.358974358974358,72.3076923076923,63.07692307692307,9.230769230769232
E00073503,159,32,14,18,127,108,19,20.125786163522015,8.80503144654088,11.320754716981133,79.87421383647799,67.9245283018868,11.949685534591195
E00073504,145,55,25,30,90,71,19,37.93103448275862,17.24137931034483,20.689655172413794,62.06896551724138,48.96551724137931,13.10344827586207
E00073505,107,22,18,4,85,75,10,20.5607476635514,16.822429906542055,3.7383177570093453,79.43925233644859,70.09345794392523,9.345794392523365
E00073506,189,44,28,16,145,129,16,23.28042328042328,14.814814814814813,8.465608465608465,76.71957671957672,68.25396825396825,8.465608465608465
E00073507,96,21,6,15,75,62,13,21.875,6.25,15.625,78.125,64.58333333333334,13.541666666666666
E00073508,145,41,26,15,104,82,22,28.27586206896552,17.93103448275862,10.344827586206897,71.72413793103448,56.55172413793104,15.172413793103448
E00073509,185,40,17,23,145,123,22,21.62162162162162,9.18918918918919,12.432432432432433,78.37837837837837,66.48648648648648,11.891891891891893
E00073510,159,37,18,19,122,109,13,23.270440251572328,11.320754716981133,11.949685534591195,76.72955974842768,68.55345911949685,8.176100628930817
E00073511,162,42,22,20,120,106,14,25.925925925925924,13.580246913580247,12.345679012345679,74.07407407407408,65.4320987654321,8.641975308641975
E00073512,168,51,23,28,117,101,16,30.357142857142854,13.690476190476192,16.666666666666664,69.64285714285714,60.11904761904761,9.523809523809524
E00073513,211,40,16,24,171,142,29,18.95734597156398,7.5829383886255926,11.374407582938389,81.04265402843602,67.29857819905213,13.744075829383887
E00073514,175,71,40,31,104,95,9,40.57142857142857,22.857142857142858,17.71428571428571,59.42857142857143,54.285714285714285,5.142857142857142
E00073515,190,45,21,24,145,120,25,23.684210526315788,11.052631578947368,12.631578947368421,76.31578947368422,63.1578947368421,13.157894736842104
E00073516,218,65,39,26,153,127,26,29.81651376146789,17.889908256880734,11.926605504587156,70.18348623853211,58.256880733944946,11.926605504587156
E00073517,176,38,14,24,138,125,13,21.59090909090909,7.954545454545454,13.636363636363635,78.4090909090909,71.02272727272727,7.386363636363637
E00073518,160,38,25,13,122,102,20,23.75,15.625,8.125,76.25,63.74999999999999,12.5
E00073519,172,51,29,22,121,110,11,29.651162790697676,16.86046511627907,12.790697674418606,70.34883720930233,63.95348837209303,6.395348837209303
E00073520,214,41,15,26,173,138,35,19.158878504672895,7.009345794392523,12.149532710280374,80.8411214953271,64.48598130841121,16.355140186915886
E00073521,162,45,28,17,117,108,9,27.77777777777778,17.28395061728395,10.493827160493826,72.22222222222221,66.66666666666666,5.555555555555555
E00073522,166,51,22,29,115,99,16,30.72289156626506,13.253012048192772,17.46987951807229,69.27710843373494,59.63855421686747,9.63855421686747
E00073523,190,37,19,18,153,129,24,19.473684210526315,10,9.473684210526317,80.52631578947368,67.89473684210526,12.631578947368421
E00073524,168,42,15,27,126,97,29,25,8.928571428571429,16.071428571428573,75,57.738095238095234,17.261904761904763
E00073525,229,55,22,33,174,155,19,24.017467248908297,9.606986899563319,14.41048034934498,75.9825327510917,67.68558951965066,8.296943231441048
E00073526,149,45,29,16,104,94,10,30.201342281879196,19.463087248322147,10.738255033557047,69.79865771812081,63.08724832214765,6.7114093959731544
E00073527,145,37,20,17,108,95,13,25.517241379310345,13.793103448275861,11.724137931034482,74.48275862068967,65.51724137931035,8.96551724137931
E00073528,168,51,24,27,117,100,17,30.357142857142854,14.285714285714285,16.071428571428573,69.64285714285714,59.523809523809526,10.119047619047619
E00073529,120,36,29,7,84,75,9,30,24.166666666666668,5.833333333333333,70,62.5,7.5
E00073530,158,49,27,22,109,91,18,31.0126582278481,17.088607594936708,13.924050632911392,68.9873417721519,57.59493670886076,11.39240506329114
E00073531,221,60,30,30,161,134,27,27.149321266968325,13.574660633484163,13.574660633484163,72.85067873303167,60.633484162895925,12.217194570135746
E00073532,245,92,56,36,153,132,21,37.55102040816327,22.857142857142858,14.69387755102041,62.44897959183674,53.87755102040816,8.571428571428571
E00073533,141,49,20,29,92,66,26,34.751773049645394,14.184397163120568,20.56737588652482,65.24822695035462,46.808510638297875,18.439716312056735
E00073534,135,46,20,26,89,67,22,34.074074074074076,14.814814814814813,19.25925925925926,65.92592592592592,49.629629629629626,16.296296296296298
E00073535,135,31,12,19,104,86,18,22.962962962962962,8.88888888888889,14.074074074074074,77.03703703703704,63.70370370370371,13.333333333333334
E00073536,159,34,13,21,125,112,13,21.38364779874214,8.176100628930817,13.20754716981132,78.61635220125787,70.44025157232704,8.176100628930817
E00073537,217,48,20,28,169,143,26,22.119815668202765,9.216589861751153,12.903225806451612,77.88018433179722,65.89861751152074,11.981566820276496
E00073538,173,48,17,31,125,106,19,27.74566473988439,9.826589595375722,17.91907514450867,72.25433526011561,61.27167630057804,10.982658959537572
E00073539,131,28,13,15,103,91,12,21.374045801526716,9.923664122137405,11.450381679389313,78.62595419847328,69.46564885496184,9.16030534351145
E00073540,116,28,14,14,88,71,17,24.137931034482758,12.068965517241379,12.068965517241379,75.86206896551724,61.206896551724135,14.655172413793101
E00073541,170,51,27,24,119,107,12,30,15.88235294117647,14.117647058823529,70,62.94117647058823,7.0588235294117645
E00073542,158,44,31,13,114,93,21,27.848101265822784,19.62025316455696,8.227848101265822,72.15189873417721,58.86075949367089,13.291139240506327
E00073543,162,44,20,24,118,102,16,27.160493827160494,12.345679012345679,14.814814814814813,72.8395061728395,62.96296296296296,9.876543209876543
E00073544,160,43,18,25,117,92,25,26.875,11.25,15.625,73.125,57.49999999999999,15.625
E00073545,243,62,36,26,181,161,20,25.514403292181072,14.814814814814813,10.699588477366255,74.48559670781893,66.2551440329218,8.23045267489712
E00073546,178,73,53,20,105,92,13,41.01123595505618,29.775280898876407,11.235955056179774,58.98876404494382,51.68539325842697,7.303370786516854
E00073547,196,38,19,19,158,132,26,19.387755102040817,9.693877551020408,9.693877551020408,80.61224489795919,67.3469387755102,13.26530612244898
E00073548,201,79,43,36,122,110,12,39.30348258706468,21.393034825870647,17.91044776119403,60.69651741293532,54.72636815920397,5.970149253731343
E00073549,221,44,24,20,177,159,18,19.90950226244344,10.85972850678733,9.049773755656108,80.09049773755656,71.94570135746606,8.144796380090497
E00073550,150,38,16,22,112,96,16,25.333333333333336,10.666666666666668,14.666666666666666,74.66666666666667,64,10.666666666666668
E00073551,141,47,30,17,94,85,9,33.33333333333333,21.27659574468085,12.056737588652481,66.66666666666666,60.28368794326241,6.382978723404255
E00073552,146,49,30,19,97,78,19,33.56164383561644,20.54794520547945,13.013698630136986,66.43835616438356,53.42465753424658,13.013698630136986
E00073553,151,37,17,20,114,97,17,24.503311258278146,11.258278145695364,13.245033112582782,75.49668874172185,64.23841059602648,11.258278145695364
E00073554,133,52,29,23,81,64,17,39.097744360902254,21.804511278195488,17.293233082706767,60.902255639097746,48.1203007518797,12.781954887218044
E00073555,177,27,14,13,150,130,20,15.254237288135593,7.909604519774012,7.344632768361582,84.7457627118644,73.44632768361582,11.299435028248588
E00073556,111,36,21,15,75,69,6,32.432432432432435,18.91891891891892,13.513513513513514,67.56756756756756,62.16216216216216,5.405405405405405
E00073557,162,55,27,28,107,79,28,33.95061728395062,16.666666666666664,17.28395061728395,66.0493827160494,48.76543209876543,17.28395061728395
E00073558,189,56,23,33,133,114,19,29.629629629629626,12.16931216931217,17.46031746031746,70.37037037037037,60.317460317460316,10.052910052910052
E00073559,210,82,14,68,128,117,11,39.04761904761905,6.666666666666667,32.38095238095238,60.952380952380956,55.714285714285715,5.238095238095238
E00073560,180,44,11,33,136,126,10,24.444444444444443,6.111111111111111,18.333333333333332,75.55555555555556,70,5.555555555555555
E00073561,245,99,26,73,146,128,18,40.40816326530612,10.612244897959183,29.795918367346943,59.591836734693885,52.244897959183675,7.346938775510205
E00073562,229,71,20,51,158,141,17,31.004366812227076,8.73362445414847,22.270742358078603,68.99563318777294,61.572052401746724,7.423580786026202
E00073563,248,102,32,70,146,134,12,41.12903225806452,12.903225806451612,28.225806451612907,58.87096774193549,54.03225806451613,4.838709677419355
E00073564,209,83,21,62,126,115,11,39.71291866028708,10.047846889952153,29.665071770334926,60.28708133971292,55.02392344497608,5.263157894736842
E00073565,308,103,43,60,205,183,22,33.44155844155844,13.96103896103896,19.480519480519483,66.55844155844156,59.41558441558441,7.142857142857142
E00073566,114,32,11,21,82,71,11,28.07017543859649,9.649122807017543,18.421052631578945,71.9298245614035,62.28070175438597,9.649122807017543
E00073567,173,58,18,40,115,104,11,33.52601156069364,10.404624277456648,23.121387283236995,66.47398843930635,60.115606936416185,6.358381502890173
E00073568,230,75,21,54,155,142,13,32.608695652173914,9.130434782608695,23.47826086956522,67.3913043478261,61.73913043478261,5.6521739130434785
E00073569,271,93,27,66,178,160,18,34.31734317343174,9.96309963099631,24.354243542435423,65.68265682656826,59.040590405904055,6.642066420664207
E00073570,224,57,24,33,167,146,21,25.44642857142857,10.714285714285714,14.732142857142858,74.55357142857143,65.17857142857143,9.375
E00073571,233,85,30,55,148,131,17,36.48068669527897,12.875536480686694,23.605150214592275,63.519313304721024,56.22317596566524,7.296137339055794
E00073572,200,67,22,45,133,114,19,33.5,11,22.5,66.5,56.99999999999999,9.5
E00073573,300,97,31,66,203,176,27,32.33333333333333,10.333333333333334,22,67.66666666666666,58.666666666666664,9
E00073574,196,46,11,35,150,134,16,23.46938775510204,5.612244897959184,17.857142857142858,76.53061224489795,68.36734693877551,8.16326530612245
E00073575,261,104,39,65,157,143,14,39.84674329501915,14.942528735632186,24.904214559386972,60.15325670498084,54.78927203065134,5.363984674329502
E00073576,226,102,24,78,124,113,11,45.13274336283185,10.619469026548673,34.51327433628318,54.86725663716814,50,4.867256637168142
E00073577,200,71,26,45,129,122,7,35.5,13,22.5,64.5,61,3.5000000000000004
E00073578,230,89,33,56,141,129,12,38.69565217391304,14.347826086956522,24.347826086956523,61.30434782608696,56.086956521739125,5.217391304347826
E00073579,122,34,6,28,88,77,11,27.86885245901639,4.918032786885246,22.950819672131146,72.1311475409836,63.114754098360656,9.01639344262295
E00073580,226,63,18,45,163,148,15,27.876106194690266,7.964601769911504,19.911504424778762,72.12389380530973,65.48672566371681,6.637168141592921
E00073581,193,60,13,47,133,126,7,31.088082901554404,6.7357512953367875,24.352331606217618,68.9119170984456,65.28497409326425,3.6269430051813467
E00073582,229,57,12,45,172,155,17,24.890829694323145,5.240174672489083,19.65065502183406,75.10917030567686,67.68558951965066,7.423580786026202
E00073583,219,53,15,38,166,146,20,24.200913242009133,6.8493150684931505,17.35159817351598,75.79908675799086,66.66666666666666,9.1324200913242
E00073584,216,75,23,52,141,124,17,34.72222222222222,10.648148148148149,24.074074074074073,65.27777777777779,57.407407407407405,7.87037037037037
E00073585,230,66,21,45,164,144,20,28.695652173913043,9.130434782608695,19.565217391304348,71.30434782608695,62.60869565217392,8.695652173913043
E00073586,188,47,14,33,141,119,22,25,7.446808510638298,17.5531914893617,75,63.297872340425535,11.702127659574469
E00073587,237,51,15,36,186,168,18,21.518987341772153,6.329113924050633,15.18987341772152,78.48101265822784,70.88607594936708,7.59493670886076
E00073588,69,26,4,22,43,38,5,37.68115942028986,5.797101449275362,31.88405797101449,62.31884057971014,55.072463768115945,7.246376811594203
E00073589,99,23,5,18,76,68,8,23.232323232323232,5.05050505050505,18.181818181818183,76.76767676767676,68.68686868686868,8.080808080808081
E00073590,281,63,21,42,218,196,22,22.419928825622776,7.473309608540925,14.94661921708185,77.58007117437722,69.7508896797153,7.829181494661921
E00073591,143,41,15,26,102,90,12,28.671328671328673,10.48951048951049,18.181818181818183,71.32867132867133,62.93706293706294,8.391608391608392
E00073592,177,46,11,35,131,119,12,25.98870056497175,6.214689265536723,19.774011299435028,74.01129943502825,67.2316384180791,6.779661016949152
E00073593,183,47,12,35,136,130,6,25.683060109289617,6.557377049180328,19.12568306010929,74.31693989071039,71.03825136612022,3.278688524590164
E00073594,198,52,17,35,146,130,16,26.262626262626267,8.585858585858585,17.67676767676768,73.73737373737373,65.65656565656566,8.080808080808081
E00073595,207,65,29,36,142,127,15,31.40096618357488,14.009661835748794,17.391304347826086,68.59903381642512,61.35265700483091,7.246376811594203
E00073596,212,54,20,34,158,137,21,25.471698113207548,9.433962264150944,16.037735849056602,74.52830188679245,64.62264150943396,9.90566037735849
E00073597,301,91,32,59,210,201,9,30.23255813953488,10.631229235880399,19.601328903654487,69.76744186046511,66.77740863787376,2.990033222591362
E00073598,204,57,20,37,147,129,18,27.941176470588236,9.803921568627452,18.137254901960784,72.05882352941177,63.23529411764706,8.823529411764707
E00073599,128,39,10,29,89,78,11,30.46875,7.8125,22.65625,69.53125,60.9375,8.59375
E00073600,152,62,31,31,90,83,7,40.78947368421053,20.394736842105264,20.394736842105264,59.210526315789465,54.60526315789473,4.605263157894736
E00073601,146,46,17,29,100,79,21,31.506849315068493,11.643835616438356,19.863013698630137,68.4931506849315,54.109589041095894,14.383561643835616
E00073602,186,55,23,32,131,113,18,29.56989247311828,12.365591397849462,17.20430107526882,70.43010752688173,60.752688172043015,9.67741935483871
E00073603,195,73,26,47,122,99,23,37.43589743589744,13.333333333333334,24.102564102564102,62.56410256410256,50.76923076923077,11.794871794871794
E00073604,208,84,25,59,124,110,14,40.38461538461539,12.01923076923077,28.365384615384613,59.61538461538461,52.88461538461539,6.730769230769231
E00073605,135,35,7,28,100,92,8,25.925925925925924,5.185185185185185,20.74074074074074,74.07407407407408,68.14814814814815,5.9259259259259265
E00073606,206,68,28,40,138,126,12,33.00970873786408,13.592233009708737,19.41747572815534,66.99029126213593,61.165048543689316,5.825242718446602
E00073607,151,52,15,37,99,87,12,34.437086092715234,9.933774834437086,24.503311258278146,65.56291390728477,57.615894039735096,7.9470198675496695
E00073608,158,61,23,38,97,86,11,38.607594936708864,14.556962025316455,24.050632911392405,61.39240506329114,54.43037974683544,6.962025316455696
E00073609,185,58,21,37,127,110,17,31.351351351351354,11.351351351351353,20,68.64864864864865,59.45945945945946,9.18918918918919
E00073611,221,82,26,56,139,120,19,37.10407239819005,11.76470588235294,25.339366515837103,62.89592760180995,54.29864253393665,8.597285067873303
E00073612,152,49,14,35,103,97,6,32.23684210526316,9.210526315789473,23.026315789473685,67.76315789473685,63.81578947368421,3.9473684210526314
E00073613,137,50,16,34,87,84,3,36.496350364963504,11.678832116788321,24.817518248175183,63.503649635036496,61.31386861313869,2.18978102189781
E00073614,325,87,27,60,238,216,22,26.769230769230766,8.307692307692308,18.461538461538463,73.23076923076923,66.46153846153847,6.769230769230769
E00073615,210,54,10,44,156,146,10,25.71428571428571,4.761904761904762,20.952380952380953,74.28571428571429,69.52380952380952,4.761904761904762
E00073616,179,58,13,45,121,104,17,32.402234636871505,7.262569832402235,25.139664804469277,67.59776536312849,58.10055865921788,9.497206703910614
E00073617,132,43,13,30,89,81,8,32.57575757575758,9.848484848484848,22.727272727272727,67.42424242424242,61.36363636363637,6.0606060606060606
E00073618,137,46,21,25,91,84,7,33.57664233576642,15.328467153284672,18.248175182481752,66.42335766423358,61.31386861313869,5.109489051094891
E00073619,185,62,25,37,123,113,10,33.513513513513516,13.513513513513514,20,66.48648648648648,61.08108108108108,5.405405405405405
E00073620,155,51,20,31,104,87,17,32.903225806451616,12.903225806451612,20,67.0967741935484,56.12903225806451,10.967741935483872
E00073621,217,54,16,38,163,133,30,24.88479262672811,7.373271889400922,17.51152073732719,75.11520737327189,61.29032258064516,13.82488479262673
E00073622,142,58,19,39,84,83,1,40.845070422535215,13.380281690140844,27.464788732394368,59.154929577464785,58.45070422535211,0.7042253521126761
E00073623,179,63,15,48,116,97,19,35.19553072625698,8.379888268156424,26.81564245810056,64.80446927374301,54.18994413407822,10.614525139664805
E00073624,93,44,17,27,49,45,4,47.31182795698925,18.27956989247312,29.03225806451613,52.68817204301075,48.38709677419355,4.301075268817205
E00073625,166,72,34,38,94,82,12,43.373493975903614,20.481927710843372,22.89156626506024,56.62650602409639,49.39759036144578,7.228915662650602
E00073626,144,59,15,44,85,80,5,40.97222222222222,10.416666666666668,30.555555555555557,59.02777777777778,55.55555555555556,3.4722222222222223
E00073627,274,97,42,55,177,153,24,35.4014598540146,15.328467153284672,20.072992700729927,64.59854014598541,55.839416058394164,8.75912408759124
E00073628,85,33,12,21,52,46,6,38.82352941176471,14.117647058823529,24.705882352941178,61.1764705882353,54.11764705882353,7.0588235294117645
E00073629,201,86,23,63,115,103,12,42.78606965174129,11.442786069651742,31.343283582089555,57.2139303482587,51.243781094527364,5.970149253731343
E00073630,253,69,23,46,184,162,22,27.27272727272727,9.090909090909092,18.181818181818183,72.72727272727273,64.03162055335969,8.695652173913043
E00073631,167,63,18,45,104,96,8,37.72455089820359,10.778443113772456,26.94610778443114,62.27544910179641,57.48502994011976,4.790419161676647
E00073632,212,84,29,55,128,114,14,39.62264150943396,13.679245283018867,25.943396226415093,60.37735849056604,53.77358490566038,6.60377358490566
E00073633,156,52,16,36,104,91,13,33.33333333333333,10.256410256410255,23.076923076923077,66.66666666666666,58.333333333333336,8.333333333333332
E00073634,255,80,34,46,175,160,15,31.372549019607842,13.333333333333334,18.03921568627451,68.62745098039215,62.745098039215684,5.88235294117647
E00073635,191,71,28,43,120,98,22,37.17277486910995,14.659685863874344,22.5130890052356,62.82722513089005,51.30890052356021,11.518324607329843
E00073636,151,53,12,41,98,84,14,35.099337748344375,7.9470198675496695,27.1523178807947,64.90066225165563,55.62913907284768,9.271523178807946
E00073637,183,65,18,47,118,108,10,35.51912568306011,9.836065573770492,25.683060109289617,64.48087431693989,59.01639344262295,5.46448087431694
E00073638,148,45,18,27,103,91,12,30.405405405405407,12.162162162162163,18.243243243243242,69.5945945945946,61.48648648648649,8.108108108108109
E00073639,197,53,19,34,144,129,15,26.903553299492383,9.644670050761421,17.258883248730964,73.09644670050761,65.48223350253807,7.614213197969544
E00073640,165,65,20,45,100,88,12,39.39393939393939,12.121212121212121,27.27272727272727,60.60606060606061,53.333333333333336,7.2727272727272725
E00073641,163,53,18,35,110,98,12,32.515337423312886,11.042944785276074,21.472392638036812,67.48466257668711,60.122699386503065,7.361963190184049
E00073642,165,52,16,36,113,100,13,31.515151515151512,9.696969696969697,21.818181818181817,68.48484848484848,60.60606060606061,7.878787878787878
E00073643,163,57,17,40,106,94,12,34.96932515337423,10.429447852760736,24.539877300613497,65.03067484662577,57.668711656441715,7.361963190184049
E00073644,154,44,12,32,110,87,23,28.57142857142857,7.792207792207792,20.77922077922078,71.42857142857143,56.493506493506494,14.935064935064934
E00073645,117,42,15,27,75,70,5,35.8974358974359,12.82051282051282,23.076923076923077,64.1025641025641,59.82905982905983,4.273504273504273
E00073646,234,78,20,58,156,141,15,33.33333333333333,8.547008547008547,24.786324786324787,66.66666666666666,60.256410256410255,6.41025641025641
E00073647,191,60,22,38,131,119,12,31.413612565445025,11.518324607329843,19.895287958115183,68.58638743455498,62.30366492146597,6.282722513089005
E00073648,152,57,15,42,95,85,10,37.5,9.868421052631579,27.631578947368425,62.5,55.92105263157895,6.578947368421052
E00073649,144,45,18,27,99,87,12,31.25,12.5,18.75,68.75,60.416666666666664,8.333333333333332
E00073650,140,45,12,33,95,87,8,32.142857142857146,8.571428571428571,23.57142857142857,67.85714285714286,62.142857142857146,5.714285714285714
E00073651,230,75,26,49,155,134,21,32.608695652173914,11.304347826086957,21.304347826086957,67.3913043478261,58.26086956521739,9.130434782608695
E00073652,130,49,14,35,81,73,8,37.69230769230769,10.76923076923077,26.923076923076923,62.30769230769231,56.15384615384615,6.153846153846154
E00073653,71,19,7,12,52,45,7,26.76056338028169,9.859154929577464,16.901408450704224,73.23943661971832,63.38028169014085,9.859154929577464
E00073654,143,50,17,33,93,76,17,34.96503496503497,11.888111888111888,23.076923076923077,65.03496503496503,53.14685314685315,11.888111888111888
E00073655,181,55,17,38,126,108,18,30.386740331491712,9.392265193370166,20.994475138121548,69.61325966850829,59.66850828729282,9.94475138121547
E00073656,178,72,17,55,106,99,7,40.44943820224719,9.550561797752808,30.89887640449438,59.55056179775281,55.61797752808989,3.932584269662921
E00073657,115,36,13,23,79,73,6,31.30434782608696,11.304347826086957,20,68.69565217391305,63.47826086956522,5.217391304347826
E00073658,130,35,13,22,95,85,10,26.923076923076923,10,16.923076923076923,73.07692307692307,65.38461538461539,7.6923076923076925
E00073659,157,45,13,32,112,95,17,28.662420382165603,8.280254777070063,20.382165605095544,71.3375796178344,60.509554140127385,10.828025477707007
E00073660,150,51,18,33,99,90,9,34,12,22,66,60,6
E00073662,134,51,17,34,83,70,13,38.059701492537314,12.686567164179104,25.37313432835821,61.940298507462686,52.23880597014925,9.701492537313433
E00073663,122,44,8,36,78,74,4,36.0655737704918,6.557377049180328,29.508196721311474,63.934426229508205,60.65573770491803,3.278688524590164
E00073664,74,21,5,16,53,46,7,28.37837837837838,6.756756756756757,21.62162162162162,71.62162162162163,62.16216216216216,9.45945945945946
E00073665,138,42,15,27,96,86,10,30.434782608695656,10.869565217391305,19.565217391304348,69.56521739130434,62.31884057971014,7.246376811594203
E00073666,220,74,25,49,146,135,11,33.63636363636363,11.363636363636363,22.272727272727273,66.36363636363637,61.36363636363637,5
E00073667,243,73,20,53,170,156,14,30.04115226337449,8.23045267489712,21.810699588477366,69.95884773662551,64.19753086419753,5.761316872427984
E00073668,149,50,16,34,99,87,12,33.557046979865774,10.738255033557047,22.818791946308725,66.44295302013423,58.38926174496645,8.053691275167784
E00073669,140,52,17,35,88,76,12,37.142857142857146,12.142857142857142,25,62.857142857142854,54.285714285714285,8.571428571428571
E00073670,110,38,10,28,72,68,4,34.54545454545455,9.090909090909092,25.454545454545453,65.45454545454545,61.81818181818181,3.6363636363636362
E00073671,169,56,15,41,113,106,7,33.13609467455622,8.875739644970414,24.2603550295858,66.86390532544378,62.721893491124256,4.142011834319527
E00073672,194,60,17,43,134,120,14,30.927835051546392,8.762886597938143,22.164948453608247,69.0721649484536,61.855670103092784,7.216494845360824
E00073673,99,27,9,18,72,67,5,27.27272727272727,9.090909090909092,18.181818181818183,72.72727272727273,67.67676767676768,5.05050505050505
E00073674,158,46,11,35,112,102,10,29.11392405063291,6.962025316455696,22.151898734177212,70.88607594936708,64.55696202531645,6.329113924050633
E00073675,138,52,23,29,86,77,9,37.68115942028986,16.666666666666664,21.014492753623188,62.31884057971014,55.79710144927537,6.521739130434782
E00073676,203,72,20,52,131,115,16,35.467980295566505,9.852216748768473,25.615763546798032,64.5320197044335,56.65024630541872,7.8817733990147785
E00073677,110,45,12,33,65,55,10,40.909090909090914,10.909090909090908,30,59.09090909090909,50,9.090909090909092
E00073678,105,50,14,36,55,46,9,47.61904761904761,13.333333333333334,34.285714285714285,52.38095238095239,43.80952380952381,8.571428571428571
E00073679,76,20,3,17,56,53,3,26.31578947368421,3.9473684210526314,22.36842105263158,73.68421052631578,69.73684210526315,3.9473684210526314
E00073680,88,35,10,25,53,46,7,39.77272727272727,11.363636363636363,28.40909090909091,60.22727272727273,52.27272727272727,7.954545454545454
E00073681,142,61,39,22,81,77,4,42.95774647887324,27.464788732394368,15.492957746478872,57.04225352112676,54.22535211267606,2.8169014084507045
E00073682,155,55,25,30,100,86,14,35.483870967741936,16.129032258064516,19.35483870967742,64.51612903225806,55.483870967741936,9.032258064516128
E00073683,172,55,14,41,117,111,6,31.976744186046513,8.13953488372093,23.837209302325583,68.02325581395348,64.53488372093024,3.488372093023256
E00073684,156,52,24,28,104,86,18,33.33333333333333,15.384615384615385,17.94871794871795,66.66666666666666,55.12820512820513,11.538461538461538
E00073685,173,59,21,38,114,104,10,34.104046242774565,12.138728323699421,21.965317919075144,65.89595375722543,60.115606936416185,5.780346820809249
E00073688,150,55,15,40,95,80,15,36.666666666666664,10,26.666666666666668,63.33333333333333,53.333333333333336,10
E00073689,181,50,22,28,131,118,13,27.624309392265197,12.154696132596685,15.469613259668508,72.37569060773481,65.19337016574586,7.18232044198895
E00073690,182,68,25,43,114,104,10,37.362637362637365,13.736263736263737,23.626373626373624,62.637362637362635,57.14285714285714,5.4945054945054945
E00073691,174,55,18,37,119,107,12,31.60919540229885,10.344827586206897,21.26436781609195,68.39080459770115,61.49425287356321,6.896551724137931
E00073692,199,59,23,36,140,114,26,29.64824120603015,11.557788944723619,18.090452261306535,70.35175879396985,57.286432160804026,13.06532663316583
E00073693,228,66,22,44,162,138,24,28.947368421052634,9.649122807017543,19.298245614035086,71.05263157894737,60.526315789473685,10.526315789473683
E00073695,144,58,18,40,86,77,9,40.27777777777778,12.5,27.77777777777778,59.72222222222222,53.47222222222222,6.25
E00073696,129,47,17,30,82,69,13,36.434108527131784,13.178294573643413,23.25581395348837,63.565891472868216,53.48837209302325,10.077519379844961
E00073697,193,66,20,46,127,115,12,34.196891191709845,10.362694300518134,23.83419689119171,65.80310880829016,59.58549222797927,6.217616580310881
E00073698,235,77,35,42,158,139,19,32.76595744680851,14.893617021276595,17.872340425531917,67.23404255319149,59.148936170212764,8.085106382978724
E00073699,169,58,23,35,111,103,8,34.319526627218934,13.609467455621301,20.710059171597635,65.68047337278107,60.946745562130175,4.733727810650888
E00073700,92,27,7,20,65,55,10,29.347826086956523,7.608695652173914,21.73913043478261,70.65217391304348,59.78260869565217,10.869565217391305
E00073701,120,35,9,26,85,74,11,29.166666666666668,7.5,21.666666666666668,70.83333333333334,61.66666666666667,9.166666666666666
E00073702,142,38,12,26,104,94,10,26.76056338028169,8.450704225352112,18.30985915492958,73.23943661971832,66.19718309859155,7.042253521126761
E00073703,109,33,17,16,76,58,18,30.275229357798167,15.59633027522936,14.678899082568808,69.72477064220183,53.21100917431193,16.51376146788991
E00073704,99,36,12,24,63,55,8,36.36363636363637,12.121212121212121,24.242424242424242,63.63636363636363,55.55555555555556,8.080808080808081
E00073705,134,40,7,33,94,91,3,29.850746268656714,5.223880597014925,24.62686567164179,70.1492537313433,67.91044776119402,2.2388059701492535
E00073706,172,65,22,43,107,94,13,37.7906976744186,12.790697674418606,25,62.2093023255814,54.65116279069767,7.55813953488372
E00073707,129,40,15,25,89,76,13,31.007751937984494,11.627906976744185,19.379844961240313,68.9922480620155,58.91472868217055,10.077519379844961
E00073708,119,35,10,25,84,73,11,29.411764705882355,8.403361344537815,21.008403361344538,70.58823529411765,61.34453781512605,9.243697478991598
E00073709,146,49,18,31,97,81,16,33.56164383561644,12.32876712328767,21.232876712328768,66.43835616438356,55.47945205479452,10.95890410958904
E00073710,125,42,10,32,83,73,10,33.6,8,25.6,66.4,58.4,8
E00073711,208,66,18,48,142,128,14,31.73076923076923,8.653846153846153,23.076923076923077,68.26923076923077,61.53846153846154,6.730769230769231
E00073712,101,34,9,25,67,64,3,33.663366336633665,8.91089108910891,24.752475247524753,66.33663366336634,63.366336633663366,2.9702970297029703
E00073713,143,52,21,31,91,83,8,36.36363636363637,14.685314685314685,21.678321678321677,63.63636363636363,58.04195804195804,5.594405594405594
E00073714,107,36,12,24,71,66,5,33.64485981308411,11.214953271028037,22.429906542056074,66.35514018691589,61.6822429906542,4.672897196261682
E00073715,171,39,11,28,132,118,14,22.807017543859647,6.432748538011696,16.374269005847953,77.19298245614034,69.00584795321637,8.187134502923977
E00073716,74,36,8,28,38,32,6,48.64864864864865,10.81081081081081,37.83783783783784,51.35135135135135,43.24324324324324,8.108108108108109
E00073717,116,38,15,23,78,67,11,32.758620689655174,12.931034482758621,19.82758620689655,67.24137931034483,57.758620689655174,9.482758620689655
E00073718,158,42,12,30,116,105,11,26.582278481012654,7.59493670886076,18.9873417721519,73.41772151898735,66.45569620253164,6.962025316455696
E00073719,175,66,10,56,109,95,14,37.714285714285715,5.714285714285714,32,62.28571428571429,54.285714285714285,8
E00073720,152,50,11,39,102,83,19,32.89473684210527,7.236842105263158,25.657894736842106,67.10526315789474,54.60526315789473,12.5
E00073721,106,34,9,25,72,65,7,32.075471698113205,8.49056603773585,23.58490566037736,67.9245283018868,61.32075471698113,6.60377358490566
E00073722,195,71,13,58,124,107,17,36.41025641025641,6.666666666666667,29.743589743589745,63.589743589743584,54.871794871794876,8.717948717948717
E00073723,190,50,15,35,140,133,7,26.31578947368421,7.894736842105263,18.421052631578945,73.68421052631578,70,3.684210526315789
E00073724,174,58,22,36,116,106,10,33.33333333333333,12.643678160919542,20.689655172413794,66.66666666666666,60.91954022988506,5.747126436781609
E00073725,133,38,9,29,95,84,11,28.57142857142857,6.7669172932330826,21.804511278195488,71.42857142857143,63.1578947368421,8.270676691729323
E00073726,102,44,13,31,58,54,4,43.13725490196079,12.745098039215685,30.392156862745097,56.86274509803921,52.94117647058824,3.9215686274509802
E00073727,113,28,9,19,85,75,10,24.778761061946902,7.964601769911504,16.8141592920354,75.22123893805309,66.3716814159292,8.849557522123893
E00073728,140,41,10,31,99,93,6,29.28571428571429,7.142857142857142,22.142857142857142,70.71428571428572,66.42857142857143,4.285714285714286
E00073729,115,45,17,28,70,59,11,39.130434782608695,14.782608695652174,24.347826086956523,60.86956521739131,51.30434782608696,9.565217391304348
E00073730,128,52,24,28,76,68,8,40.625,18.75,21.875,59.375,53.125,6.25
E00073731,115,36,11,25,79,75,4,31.30434782608696,9.565217391304348,21.73913043478261,68.69565217391305,65.21739130434783,3.4782608695652173
E00073732,101,30,14,16,71,63,8,29.7029702970297,13.861386138613863,15.841584158415841,70.29702970297029,62.37623762376238,7.920792079207921
E00073733,113,38,12,26,75,66,9,33.6283185840708,10.619469026548673,23.008849557522122,66.3716814159292,58.4070796460177,7.964601769911504
E00073734,146,46,14,32,100,91,9,31.506849315068493,9.58904109589041,21.91780821917808,68.4931506849315,62.328767123287676,6.164383561643835
E00073735,151,35,8,27,116,104,12,23.178807947019866,5.298013245033113,17.880794701986755,76.82119205298014,68.87417218543047,7.9470198675496695
E00073736,159,50,14,36,109,96,13,31.446540880503143,8.80503144654088,22.641509433962266,68.55345911949685,60.37735849056604,8.176100628930817
E00073737,177,56,16,40,121,107,14,31.63841807909605,9.03954802259887,22.598870056497177,68.36158192090396,60.451977401129945,7.909604519774012
E00073738,152,55,15,40,97,84,13,36.18421052631579,9.868421052631579,26.31578947368421,63.81578947368421,55.26315789473685,8.552631578947368
E00073739,195,63,19,44,132,106,26,32.30769230769231,9.7435897435897445,22.564102564102566,67.6923076923077,54.35897435897436,13.333333333333334
E00073740,163,45,12,33,118,100,18,27.607361963190186,7.361963190184049,20.245398773006134,72.39263803680981,61.34969325153374,11.042944785276074
E00073741,134,49,21,28,85,78,7,36.56716417910448,15.671641791044777,20.8955223880597,63.43283582089553,58.2089552238806,5.223880597014925
E00073743,194,45,11,34,149,134,15,23.195876288659793,5.670103092783505,17.525773195876287,76.80412371134021,69.0721649484536,7.731958762886598
E00073744,177,71,22,49,106,86,20,40.11299435028249,12.429378531073446,27.683615819209038,59.887005649717516,48.58757062146893,11.299435028248588
E00073745,81,39,17,22,42,34,8,48.148148148148145,20.98765432098765,27.160493827160494,51.85185185185185,41.9753086419753,9.876543209876543
E00073746,163,45,11,34,118,106,12,27.607361963190186,6.748466257668712,20.858895705521473,72.39263803680981,65.03067484662577,7.361963190184049
E00073747,149,41,16,25,108,91,17,27.516778523489933,10.738255033557047,16.778523489932887,72.48322147651007,61.07382550335571,11.409395973154362
E00073748,277,90,27,63,187,160,27,32.49097472924188,9.747292418772563,22.743682310469314,67.50902527075813,57.761732851985556,9.747292418772563
E00073749,114,34,9,25,80,70,10,29.82456140350877,7.894736842105263,21.929824561403507,70.17543859649122,61.40350877192983,8.771929824561402
E00073750,132,41,8,33,91,82,9,31.060606060606062,6.0606060606060606,25,68.93939393939394,62.121212121212125,6.8181818181818175
E00073751,106,33,14,19,73,61,12,31.132075471698112,13.20754716981132,17.92452830188679,68.86792452830188,57.54716981132076,11.320754716981133
E00073752,254,78,22,56,176,150,26,30.708661417322837,8.661417322834646,22.04724409448819,69.29133858267717,59.055118110236215,10.236220472440944
E00073754,166,37,15,22,129,112,17,22.289156626506024,9.036144578313253,13.253012048192772,77.71084337349397,67.46987951807229,10.240963855421686
E00073755,105,35,12,23,70,62,8,33.33333333333333,11.428571428571429,21.904761904761905,66.66666666666666,59.04761904761905,7.6190476190476195
E00073756,65,18,5,13,47,34,13,27.692307692307693,7.6923076923076925,20,72.3076923076923,52.307692307692314,20
E00073757,155,40,12,28,115,98,17,25.806451612903224,7.741935483870968,18.064516129032256,74.19354838709677,63.2258064516129,10.967741935483872
E00073758,172,56,23,33,116,99,17,32.55813953488372,13.372093023255813,19.186046511627907,67.44186046511628,57.55813953488372,9.883720930232558
E00073759,173,47,20,27,126,108,18,27.167630057803464,11.560693641618498,15.606936416184972,72.83236994219652,62.42774566473989,10.404624277456648
E00073760,185,52,17,35,133,119,14,28.10810810810811,9.18918918918919,18.91891891891892,71.89189189189189,64.32432432432432,7.567567567567568
E00073761,220,67,19,48,153,136,17,30.454545454545457,8.636363636363637,21.818181818181817,69.54545454545455,61.81818181818181,7.727272727272727
E00073762,119,38,13,25,81,63,18,31.932773109243694,10.92436974789916,21.008403361344538,68.0672268907563,52.94117647058824,15.126050420168067
E00073763,163,43,15,28,120,106,14,26.380368098159508,9.202453987730062,17.177914110429448,73.61963190184049,65.03067484662577,8.588957055214724
E00073764,155,39,16,23,116,104,12,25.161290322580644,10.32258064516129,14.838709677419354,74.83870967741936,67.0967741935484,7.741935483870968
E00073765,122,36,6,30,86,76,10,29.508196721311474,4.918032786885246,24.59016393442623,70.49180327868852,62.295081967213115,8.19672131147541
E00073766,150,62,13,49,88,78,10,41.333333333333336,8.666666666666668,32.666666666666664,58.666666666666664,52,6.666666666666667
E00073767,183,56,17,39,127,117,10,30.601092896174865,9.289617486338798,21.311475409836063,69.39890710382514,63.934426229508205,5.46448087431694
E00073768,179,56,14,42,123,107,16,31.28491620111732,7.82122905027933,23.463687150837988,68.71508379888269,59.77653631284916,8.938547486033519
E00073769,138,35,9,26,103,88,15,25.36231884057971,6.521739130434782,18.84057971014493,74.63768115942028,63.76811594202898,10.869565217391305
E00073770,149,45,12,33,104,91,13,30.201342281879196,8.053691275167784,22.14765100671141,69.79865771812081,61.07382550335571,8.724832214765101
E00073771,145,39,10,29,106,95,11,26.89655172413793,6.896551724137931,20,73.10344827586206,65.51724137931035,7.586206896551724
E00073772,159,44,19,25,115,104,11,27.67295597484277,11.949685534591195,15.723270440251572,72.32704402515722,65.40880503144653,6.918238993710692
E00073773,151,49,20,29,102,92,10,32.450331125827816,13.245033112582782,19.205298013245034,67.54966887417218,60.9271523178808,6.622516556291391
E00073774,243,64,24,40,179,167,12,26.337448559670783,9.876543209876543,16.46090534979424,73.66255144032921,68.72427983539094,4.938271604938271
E00073775,213,70,21,49,143,125,18,32.863849765258216,9.859154929577464,23.004694835680752,67.13615023474179,58.68544600938967,8.450704225352112
E00073776,133,52,15,37,81,70,11,39.097744360902254,11.278195488721805,27.819548872180448,60.902255639097746,52.63157894736842,8.270676691729323
E00073777,93,27,8,19,66,58,8,29.03225806451613,8.60215053763441,20.43010752688172,70.96774193548387,62.365591397849464,8.60215053763441
E00073778,152,48,7,41,104,88,16,31.57894736842105,4.605263157894736,26.973684210526315,68.42105263157895,57.89473684210527,10.526315789473683
E00073779,129,45,19,26,84,69,15,34.883720930232556,14.728682170542637,20.155038759689923,65.11627906976744,53.48837209302325,11.627906976744185
E00073780,114,36,16,20,78,72,6,31.57894736842105,14.035087719298245,17.543859649122805,68.42105263157895,63.1578947368421,5.263157894736842
E00073781,186,60,19,41,126,108,18,32.25806451612903,10.21505376344086,22.043010752688172,67.74193548387096,58.06451612903226,9.67741935483871
E00073782,207,59,20,39,148,132,16,28.502415458937197,9.66183574879227,18.84057971014493,71.49758454106279,63.76811594202898,7.729468599033816
E00073783,169,51,12,39,118,111,7,30.17751479289941,7.100591715976331,23.076923076923077,69.8224852071006,65.68047337278107,4.142011834319527
E00073784,258,68,10,58,190,171,19,26.356589147286826,3.875968992248062,22.48062015503876,73.64341085271317,66.27906976744185,7.3643410852713185
E00073785,144,44,11,33,100,92,8,30.555555555555557,7.638888888888889,22.916666666666664,69.44444444444444,63.888888888888886,5.555555555555555
E00073786,197,67,20,47,130,127,3,34.01015228426396,10.152284263959391,23.85786802030457,65.98984771573603,64.46700507614213,1.5228426395939088
E00073787,208,81,29,52,127,105,22,38.94230769230769,13.942307692307693,25,61.057692307692314,50.480769230769226,10.576923076923077
E00073788,142,48,9,39,94,80,14,33.80281690140845,6.338028169014084,27.464788732394368,66.19718309859155,56.33802816901409,9.859154929577464
E00073789,186,57,11,46,129,112,17,30.64516129032258,5.913978494623656,24.731182795698924,69.35483870967742,60.215053763440864,9.13978494623656
E00073790,216,79,23,56,137,129,8,36.574074074074076,10.648148148148149,25.925925925925924,63.42592592592593,59.72222222222222,3.7037037037037033
E00073791,100,33,9,24,67,60,7,33,9,24,67,60,7.000000000000001
E00073792,158,63,22,41,95,79,16,39.87341772151899,13.924050632911392,25.949367088607595,60.12658227848101,50,10.126582278481013
E00073793,195,61,19,42,134,115,19,31.28205128205128,9.7435897435897445,21.53846153846154,68.71794871794872,58.97435897435898,9.7435897435897445
E00073794,189,46,12,34,143,132,11,24.33862433862434,6.349206349206349,17.989417989417987,75.66137566137566,69.84126984126983,5.82010582010582
E00073795,199,58,19,39,141,127,14,29.145728643216078,9.547738693467336,19.597989949748744,70.85427135678391,63.81909547738693,7.035175879396985
E00073796,88,25,12,13,63,58,5,28.40909090909091,13.636363636363635,14.772727272727273,71.5909090909091,65.9090909090909,5.681818181818182
E00073797,137,48,13,35,89,79,10,35.03649635036496,9.48905109489051,25.547445255474454,64.96350364963503,57.66423357664233,7.2992700729927
E00073798,159,41,12,29,118,104,14,25.78616352201258,7.547169811320755,18.238993710691823,74.21383647798741,65.40880503144653,8.80503144654088
E00073799,175,59,18,41,116,103,13,33.714285714285715,10.285714285714285,23.42857142857143,66.28571428571428,58.857142857142854,7.428571428571429
E00073800,98,36,18,18,62,51,11,36.734693877551024,18.367346938775512,18.367346938775512,63.26530612244898,52.04081632653062,11.224489795918368
E00073801,160,45,8,37,115,105,10,28.125,5,23.125,71.875,65.625,6.25
E00073802,153,35,9,26,118,101,17,22.875816993464053,5.88235294117647,16.99346405228758,77.12418300653596,66.01307189542483,11.11111111111111
E00073803,145,44,12,32,101,85,16,30.344827586206897,8.275862068965518,22.06896551724138,69.6551724137931,58.620689655172406,11.03448275862069
E00073804,106,33,10,23,73,63,10,31.132075471698112,9.433962264150944,21.69811320754717,68.86792452830188,59.43396226415094,9.433962264150944
E00073805,135,38,9,29,97,86,11,28.14814814814815,6.666666666666667,21.48148148148148,71.85185185185186,63.70370370370371,8.148148148148149
E00073806,109,37,10,27,72,65,7,33.94495412844037,9.174311926605505,24.770642201834864,66.05504587155964,59.63302752293578,6.422018348623854
E00073807,122,46,17,29,76,70,6,37.704918032786885,13.934426229508196,23.770491803278688,62.295081967213115,57.377049180327866,4.918032786885246
E00073808,106,47,10,37,59,53,6,44.339622641509436,9.433962264150944,34.90566037735849,55.660377358490564,50,5.660377358490567
E00073809,146,56,18,38,90,77,13,38.35616438356164,12.32876712328767,26.027397260273972,61.64383561643836,52.73972602739726,8.904109589041095
E00073810,154,49,16,33,105,93,12,31.818181818181817,10.38961038961039,21.428571428571427,68.18181818181817,60.3896103896104,7.792207792207792
E00073811,182,58,21,37,124,108,16,31.868131868131865,11.538461538461538,20.32967032967033,68.13186813186813,59.34065934065934,8.791208791208792
E00073812,146,49,15,34,97,85,12,33.56164383561644,10.273972602739725,23.28767123287671,66.43835616438356,58.21917808219178,8.21917808219178
E00073813,163,49,7,42,114,101,13,30.061349693251532,4.294478527607362,25.766871165644172,69.93865030674846,61.963190184049076,7.975460122699387
E00073814,197,58,15,43,139,124,15,29.441624365482234,7.614213197969544,21.82741116751269,70.55837563451777,62.944162436548226,7.614213197969544
E00073815,226,76,24,52,150,137,13,33.6283185840708,10.619469026548673,23.008849557522122,66.3716814159292,60.61946902654868,5.752212389380531
E00073816,139,47,17,30,92,80,12,33.81294964028777,12.23021582733813,21.58273381294964,66.18705035971223,57.55395683453237,8.633093525179856
E00073817,163,43,12,31,120,104,16,26.380368098159508,7.361963190184049,19.018404907975462,73.61963190184049,63.80368098159509,9.815950920245399
E00073818,174,59,24,35,115,90,25,33.90804597701149,13.793103448275861,20.114942528735632,66.0919540229885,51.724137931034484,14.367816091954023
E00073819,107,38,15,23,69,50,19,35.51401869158878,14.018691588785046,21.49532710280374,64.48598130841121,46.728971962616825,17.75700934579439
E00073820,127,29,7,22,98,82,16,22.83464566929134,5.511811023622047,17.322834645669293,77.16535433070865,64.56692913385827,12.598425196850393
E00073821,88,29,6,23,59,56,3,32.95454545454545,6.8181818181818175,26.136363636363637,67.04545454545455,63.63636363636363,3.4090909090909087
E00073822,212,69,29,40,143,118,25,32.54716981132076,13.679245283018867,18.867924528301888,67.45283018867924,55.660377358490564,11.79245283018868
E00073823,92,29,4,25,63,50,13,31.521739130434785,4.3478260869565215,27.173913043478258,68.47826086956522,54.347826086956516,14.130434782608695
E00073824,167,48,19,29,119,96,23,28.74251497005988,11.377245508982035,17.365269461077844,71.25748502994011,57.48502994011976,13.77245508982036
E00073825,190,65,27,38,125,105,20,34.21052631578947,14.210526315789473,20,65.78947368421053,55.26315789473685,10.526315789473683
E00073826,172,50,23,27,122,99,23,29.069767441860467,13.372093023255813,15.69767441860465,70.93023255813954,57.55813953488372,13.372093023255813
E00073827,228,73,27,46,155,125,30,32.01754385964912,11.842105263157894,20.175438596491226,67.98245614035088,54.824561403508774,13.157894736842104
E00073828,148,35,13,22,113,93,20,23.64864864864865,8.783783783783784,14.864864864864865,76.35135135135135,62.83783783783784,13.513513513513514
E00073829,156,43,16,27,113,98,15,27.564102564102566,10.256410256410255,17.307692307692307,72.43589743589743,62.82051282051282,9.615384615384617
E00073830,202,65,29,36,137,117,20,32.17821782178218,14.356435643564355,17.82178217821782,67.82178217821783,57.920792079207914,9.900990099009901
E00073831,157,44,9,35,113,100,13,28.02547770700637,5.7324840764331215,22.29299363057325,71.97452229299363,63.69426751592356,8.280254777070063
E00073832,141,51,20,31,90,75,15,36.17021276595745,14.184397163120568,21.98581560283688,63.829787234042556,53.191489361702125,10.638297872340425
E00073833,183,58,20,38,125,108,17,31.693989071038253,10.92896174863388,20.76502732240437,68.30601092896174,59.01639344262295,9.289617486338798
E00073834,117,42,11,31,75,61,14,35.8974358974359,9.401709401709402,26.495726495726498,64.1025641025641,52.13675213675214,11.965811965811966
E00073835,150,45,14,31,105,78,27,30,9.333333333333334,20.666666666666668,70,52,18
E00073836,71,25,10,15,46,36,10,35.2112676056338,14.084507042253522,21.12676056338028,64.7887323943662,50.70422535211267,14.084507042253522
E00073837,127,43,9,34,84,69,15,33.85826771653544,7.086614173228346,26.77165354330709,66.14173228346458,54.330708661417326,11.811023622047244
E00073838,158,60,24,36,98,78,20,37.9746835443038,15.18987341772152,22.78481012658228,62.0253164556962,49.36708860759494,12.658227848101266
E00073839,155,53,18,35,102,82,20,34.193548387096776,11.612903225806452,22.58064516129032,65.80645161290323,52.903225806451616,12.903225806451612
E00073840,149,44,20,24,105,86,19,29.53020134228188,13.422818791946309,16.10738255033557,70.46979865771812,57.71812080536913,12.751677852348994
E00073841,128,42,15,27,86,67,19,32.8125,11.71875,21.09375,67.1875,52.34375,14.84375
E00073842,180,60,17,43,120,101,19,33.33333333333333,9.444444444444445,23.88888888888889,66.66666666666666,56.111111111111114,10.555555555555555
E00073843,169,68,22,46,101,89,12,40.23668639053255,13.017751479289942,27.218934911242602,59.76331360946746,52.662721893491124,7.100591715976331
E00073844,147,53,21,32,94,72,22,36.054421768707485,14.285714285714285,21.768707482993197,63.94557823129252,48.97959183673469,14.965986394557824
E00073845,141,47,15,32,94,80,14,33.33333333333333,10.638297872340425,22.69503546099291,66.66666666666666,56.73758865248227,9.929078014184398
E00073846,120,42,19,23,78,68,10,35,15.833333333333332,19.166666666666668,65,56.666666666666664,8.333333333333332
E00073847,165,59,26,33,106,88,18,35.75757575757576,15.757575757575756,20,64.24242424242425,53.333333333333336,10.909090909090908
E00073848,180,61,20,41,119,103,16,33.88888888888889,11.11111111111111,22.77777777777778,66.11111111111111,57.22222222222222,8.88888888888889
E00073849,198,72,28,44,126,102,24,36.36363636363637,14.14141414141414,22.22222222222222,63.63636363636363,51.515151515151516,12.121212121212121
E00073850,123,34,9,25,89,72,17,27.64227642276423,7.317073170731707,20.32520325203252,72.35772357723577,58.536585365853654,13.821138211382115
E00073851,136,43,16,27,93,79,14,31.61764705882353,11.76470588235294,19.852941176470587,68.38235294117648,58.08823529411765,10.294117647058822
E00073852,143,68,21,47,75,70,5,47.55244755244755,14.685314685314685,32.86713286713287,52.44755244755245,48.95104895104895,3.4965034965034967
E00073853,181,65,21,44,116,106,10,35.91160220994475,11.602209944751381,24.30939226519337,64.08839779005525,58.5635359116022,5.524861878453039
E00073854,162,43,15,28,119,104,15,26.543209876543212,9.25925925925926,17.28395061728395,73.4567901234568,64.19753086419753,9.25925925925926
E00073855,131,31,10,21,100,89,11,23.66412213740458,7.633587786259542,16.030534351145036,76.33587786259542,67.93893129770993,8.396946564885496
E00073856,176,42,8,34,134,117,17,23.863636363636363,4.545454545454546,19.318181818181817,76.13636363636364,66.47727272727273,9.659090909090908
E00073857,209,62,22,40,147,132,15,29.665071770334926,10.526315789473683,19.138755980861244,70.33492822966507,63.1578947368421,7.177033492822966
E00073858,139,42,6,36,97,81,16,30.215827338129497,4.316546762589928,25.899280575539567,69.7841726618705,58.27338129496403,11.510791366906476
E00073859,333,89,26,63,244,232,12,26.726726726726728,7.807807807807808,18.91891891891892,73.27327327327328,69.66966966966966,3.6036036036036037
E00073860,39,18,6,12,21,16,5,46.15384615384615,15.384615384615385,30.76923076923077,53.84615384615385,41.02564102564102,12.82051282051282
E00073861,210,51,14,37,159,146,13,24.285714285714285,6.666666666666667,17.61904761904762,75.71428571428571,69.52380952380952,6.190476190476191
E00073862,313,96,33,63,217,194,23,30.670926517571885,10.543130990415335,20.12779552715655,69.32907348242811,61.980830670926515,7.348242811501597
E00073864,280,71,28,43,209,189,20,25.357142857142854,10,15.357142857142858,74.64285714285714,67.5,7.142857142857142
E00073865,174,56,17,39,118,108,10,32.18390804597701,9.770114942528735,22.413793103448278,67.81609195402298,62.06896551724138,5.747126436781609
E00073866,187,60,16,44,127,109,18,32.085561497326204,8.55614973262032,23.52941176470588,67.9144385026738,58.288770053475936,9.62566844919786
E00073867,163,56,19,37,107,96,11,34.355828220858896,11.65644171779141,22.699386503067483,65.6441717791411,58.895705521472394,6.748466257668712
E00073868,160,58,19,39,102,96,6,36.25,11.875,24.375,63.74999999999999,60,3.75
E00073869,155,57,20,37,98,90,8,36.774193548387096,12.903225806451612,23.870967741935484,63.2258064516129,58.06451612903226,5.161290322580645
E00073870,173,50,12,38,123,110,13,28.901734104046245,6.9364161849710975,21.965317919075144,71.09826589595376,63.58381502890174,7.514450867052023
E00073871,108,56,19,37,52,49,3,51.85185185185185,17.59259259259259,34.25925925925926,48.148148148148145,45.370370370370374,2.7777777777777777
E00073872,204,58,16,42,146,122,24,28.431372549019606,7.8431372549019605,20.588235294117645,71.56862745098039,59.80392156862745,11.76470588235294
E00073873,167,64,15,49,103,99,4,38.32335329341318,8.982035928143713,29.34131736526946,61.67664670658682,59.281437125748504,2.3952095808383236
E00073874,153,58,10,48,95,85,10,37.908496732026144,6.535947712418301,31.372549019607842,62.091503267973856,55.55555555555556,6.535947712418301
E00073875,209,70,23,47,139,123,16,33.49282296650718,11.004784688995215,22.48803827751196,66.50717703349282,58.85167464114832,7.655502392344498
E00073876,149,56,15,41,93,87,6,37.58389261744966,10.06711409395973,27.516778523489933,62.41610738255034,58.38926174496645,4.026845637583892
E00073877,206,58,16,42,148,121,27,28.155339805825243,7.766990291262135,20.388349514563107,71.84466019417476,58.7378640776699,13.106796116504855
E00073878,116,41,10,31,75,66,9,35.3448275862069,8.620689655172415,26.72413793103448,64.65517241379311,56.896551724137936,7.758620689655173
E00073879,173,62,21,41,111,100,11,35.83815028901734,12.138728323699421,23.699421965317917,64.16184971098265,57.80346820809249,6.358381502890173
E00073880,180,56,17,39,124,114,10,31.11111111111111,9.444444444444445,21.666666666666668,68.88888888888889,63.33333333333333,5.555555555555555
E00073881,197,65,23,42,132,118,14,32.99492385786802,11.6751269035533,21.31979695431472,67.00507614213198,59.89847715736041,7.1065989847715745
E00073882,175,68,25,43,107,94,13,38.857142857142854,14.285714285714285,24.571428571428573,61.142857142857146,53.714285714285715,7.428571428571429
E00073883,147,48,16,32,99,86,13,32.6530612244898,10.884353741496598,21.768707482993197,67.3469387755102,58.50340136054422,8.843537414965986
E00073884,149,55,18,37,94,84,10,36.91275167785235,12.080536912751679,24.832214765100673,63.08724832214765,56.375838926174495,6.7114093959731544
E00073885,164,54,15,39,110,94,16,32.926829268292686,9.146341463414634,23.78048780487805,67.07317073170732,57.3170731707317,9.75609756097561
E00073886,202,61,16,45,141,128,13,30.198019801980198,7.920792079207921,22.277227722772277,69.80198019801979,63.366336633663366,6.435643564356436
E00073887,203,72,31,41,131,112,19,35.467980295566505,15.270935960591133,20.19704433497537,64.5320197044335,55.172413793103445,9.35960591133005
E00073888,189,69,18,51,120,110,10,36.507936507936506,9.523809523809524,26.984126984126984,63.49206349206349,58.201058201058196,5.291005291005291
E00073889,141,44,11,33,97,91,6,31.20567375886525,7.801418439716312,23.404255319148938,68.79432624113475,64.53900709219859,4.25531914893617
E00073890,144,62,15,47,82,75,7,43.05555555555556,10.416666666666668,32.63888888888889,56.94444444444444,52.083333333333336,4.861111111111112
E00073891,178,62,20,42,116,100,16,34.831460674157306,11.235955056179774,23.595505617977526,65.1685393258427,56.17977528089888,8.98876404494382
E00073892,158,46,17,29,112,100,12,29.11392405063291,10.759493670886076,18.354430379746837,70.88607594936708,63.29113924050633,7.59493670886076
E00073893,194,70,26,44,124,111,13,36.08247422680412,13.402061855670103,22.68041237113402,63.91752577319587,57.21649484536082,6.701030927835052
E00073894,235,82,39,43,153,134,19,34.8936170212766,16.595744680851062,18.29787234042553,65.1063829787234,57.02127659574469,8.085106382978724
E00073895,168,41,13,28,127,113,14,24.404761904761905,7.738095238095238,16.666666666666664,75.59523809523809,67.26190476190477,8.333333333333332
E00073896,137,34,14,20,103,95,8,24.817518248175183,10.218978102189782,14.5985401459854,75.18248175182481,69.34306569343066,5.839416058394161
E00073897,221,67,24,43,154,141,13,30.316742081447963,10.85972850678733,19.457013574660635,69.68325791855203,63.80090497737556,5.88235294117647
E00073898,205,66,22,44,139,125,14,32.19512195121951,10.731707317073171,21.463414634146343,67.8048780487805,60.97560975609756,6.829268292682928
E00073899,207,66,24,42,141,134,7,31.88405797101449,11.594202898550725,20.28985507246377,68.11594202898551,64.73429951690821,3.3816425120772946
E00073900,205,61,24,37,144,120,24,29.756097560975608,11.707317073170733,18.048780487804876,70.24390243902438,58.536585365853654,11.707317073170733
E00073901,235,65,21,44,170,154,16,27.659574468085108,8.936170212765958,18.72340425531915,72.3404255319149,65.53191489361701,6.808510638297872
E00073902,186,62,23,39,124,105,19,33.33333333333333,12.365591397849462,20.967741935483872,66.66666666666666,56.451612903225815,10.21505376344086
E00073904,225,65,27,38,160,147,13,28.888888888888886,12,16.88888888888889,71.11111111111111,65.33333333333333,5.777777777777778
E00073905,355,72,31,41,283,265,18,20.281690140845072,8.732394366197182,11.549295774647888,79.71830985915493,74.64788732394366,5.070422535211268
E00073906,158,48,16,32,110,97,13,30.37974683544304,10.126582278481013,20.253164556962027,69.62025316455697,61.39240506329114,8.227848101265822
E00073907,189,54,12,42,135,119,16,28.57142857142857,6.349206349206349,22.22222222222222,71.42857142857143,62.96296296296296,8.465608465608465
E00073908,147,51,12,39,96,88,8,34.69387755102041,8.16326530612245,26.53061224489796,65.3061224489796,59.863945578231295,5.442176870748299
E00073909,118,41,12,29,77,71,6,34.74576271186441,10.16949152542373,24.576271186440678,65.2542372881356,60.16949152542372,5.084745762711865
E00073910,115,44,10,34,71,65,6,38.26086956521739,8.695652173913043,29.565217391304348,61.73913043478261,56.52173913043478,5.217391304347826
E00073911,162,44,15,29,118,99,19,27.160493827160494,9.25925925925926,17.901234567901234,72.8395061728395,61.111111111111114,11.728395061728394
E00073912,221,62,24,38,159,136,23,28.054298642533936,10.85972850678733,17.194570135746606,71.94570135746606,61.53846153846154,10.407239819004525
E00073913,173,53,12,41,120,110,10,30.63583815028902,6.9364161849710975,23.699421965317917,69.36416184971098,63.58381502890174,5.780346820809249
E00073914,197,67,19,48,130,117,13,34.01015228426396,9.644670050761421,24.36548223350254,65.98984771573603,59.390862944162436,6.598984771573605
E00073915,235,91,51,40,144,134,10,38.72340425531915,21.70212765957447,17.02127659574468,61.27659574468085,57.02127659574469,4.25531914893617
E00073916,153,45,24,21,108,95,13,29.411764705882355,15.686274509803921,13.725490196078432,70.58823529411765,62.091503267973856,8.49673202614379
E00073917,168,42,12,30,126,110,16,25,7.142857142857142,17.857142857142858,75,65.47619047619048,9.523809523809524
E00073918,143,43,16,27,100,82,18,30.069930069930066,11.188811188811188,18.88111888111888,69.93006993006993,57.34265734265735,12.587412587412588
E00073919,197,55,17,38,142,128,14,27.918781725888326,8.629441624365482,19.289340101522843,72.08121827411168,64.9746192893401,7.1065989847715745
E00073921,98,23,10,13,75,66,9,23.46938775510204,10.204081632653061,13.26530612244898,76.53061224489795,67.3469387755102,9.183673469387756
E00073922,191,54,11,43,137,119,18,28.272251308900525,5.7591623036649215,22.5130890052356,71.72774869109948,62.30366492146597,9.424083769633508
E00073923,195,60,17,43,135,115,20,30.76923076923077,8.717948717948717,22.05128205128205,69.23076923076923,58.97435897435898,10.256410256410255
E00073925,225,81,30,51,144,127,17,36,13.333333333333334,22.666666666666664,64,56.44444444444444,7.555555555555555
E00073926,246,50,19,31,196,178,18,20.32520325203252,7.723577235772358,12.601626016260163,79.67479674796748,72.35772357723577,7.317073170731707
E00073927,192,53,16,37,139,123,16,27.604166666666668,8.333333333333332,19.270833333333336,72.39583333333334,64.0625,8.333333333333332
E00073928,210,66,33,33,144,133,11,31.428571428571427,15.714285714285714,15.714285714285714,68.57142857142857,63.33333333333333,5.238095238095238
E00073929,151,43,10,33,108,103,5,28.47682119205298,6.622516556291391,21.85430463576159,71.52317880794702,68.21192052980133,3.3112582781456954
E00073930,136,45,16,29,91,72,19,33.088235294117645,11.76470588235294,21.323529411764707,66.91176470588235,52.94117647058824,13.970588235294118
E00073931,136,46,12,34,90,77,13,33.82352941176471,8.823529411764707,25,66.17647058823529,56.61764705882353,9.558823529411764
E00073932,154,55,22,33,99,93,6,35.714285714285715,14.285714285714285,21.428571428571427,64.28571428571429,60.3896103896104,3.896103896103896
E00073933,88,25,5,20,63,48,15,28.40909090909091,5.681818181818182,22.727272727272727,71.5909090909091,54.54545454545454,17.045454545454543
E00073934,135,41,11,30,94,78,16,30.37037037037037,8.148148148148149,22.22222222222222,69.62962962962963,57.77777777777777,11.851851851851853
E00073935,166,57,12,45,109,98,11,34.33734939759036,7.228915662650602,27.10843373493976,65.66265060240963,59.036144578313255,6.626506024096386
E00073936,86,32,7,25,54,47,7,37.2093023255814,8.13953488372093,29.069767441860467,62.7906976744186,54.65116279069767,8.13953488372093
E00073937,149,44,7,37,105,92,13,29.53020134228188,4.697986577181208,24.832214765100673,70.46979865771812,61.74496644295302,8.724832214765101
E00073938,104,35,6,29,69,63,6,33.65384615384615,5.769230769230769,27.884615384615387,66.34615384615384,60.57692307692307,5.769230769230769
E00073939,189,55,18,37,134,111,23,29.100529100529098,9.523809523809524,19.576719576719576,70.8994708994709,58.730158730158735,12.16931216931217
E00073940,97,25,6,19,72,65,7,25.773195876288657,6.185567010309279,19.587628865979383,74.22680412371135,67.0103092783505,7.216494845360824
E00073941,172,56,18,38,116,103,13,32.55813953488372,10.465116279069768,22.093023255813954,67.44186046511628,59.883720930232556,7.55813953488372
E00073942,112,49,11,38,63,47,16,43.75,9.821428571428571,33.92857142857143,56.25,41.964285714285715,14.285714285714285
E00073943,169,51,11,40,118,103,15,30.17751479289941,6.508875739644971,23.668639053254438,69.8224852071006,60.946745562130175,8.875739644970414
E00073944,96,39,9,30,57,49,8,40.625,9.375,31.25,59.375,51.041666666666664,8.333333333333332
E00073945,137,49,13,36,88,69,19,35.76642335766424,9.48905109489051,26.277372262773724,64.23357664233576,50.36496350364964,13.86861313868613
E00073946,167,50,19,31,117,106,11,29.94011976047904,11.377245508982035,18.562874251497004,70.05988023952095,63.47305389221557,6.58682634730539
E00073947,155,54,25,29,101,80,21,34.83870967741935,16.129032258064516,18.70967741935484,65.16129032258064,51.61290322580645,13.548387096774196
E00073948,122,46,7,39,76,70,6,37.704918032786885,5.737704918032787,31.967213114754102,62.295081967213115,57.377049180327866,4.918032786885246
E00073949,88,32,7,25,56,49,7,36.36363636363637,7.954545454545454,28.40909090909091,63.63636363636363,55.68181818181818,7.954545454545454
E00073950,121,41,15,26,80,71,9,33.88429752066116,12.396694214876034,21.487603305785125,66.11570247933885,58.67768595041323,7.43801652892562
E00073951,101,34,9,25,67,59,8,33.663366336633665,8.91089108910891,24.752475247524753,66.33663366336634,58.415841584158414,7.920792079207921
E00073952,114,33,8,25,81,72,9,28.947368421052634,7.017543859649122,21.929824561403507,71.05263157894737,63.1578947368421,7.894736842105263
E00073953,137,38,10,28,99,86,13,27.73722627737226,7.2992700729927,20.437956204379564,72.26277372262774,62.77372262773723,9.48905109489051
E00073954,107,36,9,27,71,61,10,33.64485981308411,8.411214953271028,25.233644859813083,66.35514018691589,57.009345794392516,9.345794392523365
E00073955,151,58,28,30,93,75,18,38.41059602649007,18.543046357615893,19.867549668874172,61.58940397350994,49.668874172185426,11.920529801324504
E00073956,136,41,12,29,95,81,14,30.14705882352941,8.823529411764707,21.323529411764707,69.85294117647058,59.55882352941176,10.294117647058822
E00073957,119,35,12,23,84,71,13,29.411764705882355,10.084033613445378,19.327731092436977,70.58823529411765,59.66386554621849,10.92436974789916
E00073958,155,46,15,31,109,92,17,29.677419354838708,9.67741935483871,20,70.3225806451613,59.354838709677416,10.967741935483872
E00073959,181,61,23,38,120,103,17,33.70165745856354,12.70718232044199,20.994475138121548,66.29834254143645,56.9060773480663,9.392265193370166
E00073960,140,45,15,30,95,76,19,32.142857142857146,10.714285714285714,21.428571428571427,67.85714285714286,54.285714285714285,13.571428571428571
E00073961,152,55,21,34,97,84,13,36.18421052631579,13.815789473684212,22.36842105263158,63.81578947368421,55.26315789473685,8.552631578947368
E00073962,164,55,13,42,109,94,15,33.53658536585366,7.926829268292683,25.609756097560975,66.46341463414635,57.3170731707317,9.146341463414634
E00073963,195,58,27,31,137,126,11,29.743589743589745,13.846153846153847,15.897435897435896,70.25641025641025,64.61538461538461,5.641025641025641
E00073964,169,62,21,41,107,96,11,36.68639053254438,12.42603550295858,24.2603550295858,63.31360946745562,56.80473372781065,6.508875739644971
E00073965,167,49,20,29,118,104,14,29.34131736526946,11.976047904191617,17.365269461077844,70.65868263473054,62.27544910179641,8.383233532934131
E00073966,117,42,13,29,75,65,10,35.8974358974359,11.11111111111111,24.786324786324787,64.1025641025641,55.55555555555556,8.547008547008547
E00073967,200,58,22,36,142,125,17,28.999999999999996,11,18,71,62.5,8.5
E00073968,184,60,23,37,124,103,21,32.608695652173914,12.5,20.108695652173914,67.3913043478261,55.97826086956522,11.41304347826087
E00073969,211,45,16,29,166,148,18,21.32701421800948,7.5829383886255926,13.744075829383887,78.67298578199052,70.14218009478674,8.530805687203792
E00073970,176,58,21,37,118,100,18,32.95454545454545,11.931818181818182,21.022727272727273,67.04545454545455,56.81818181818182,10.227272727272728
E00073971,190,74,15,59,116,103,13,38.94736842105263,7.894736842105263,31.05263157894737,61.05263157894737,54.21052631578947,6.842105263157896
E00073972,187,51,17,34,136,116,20,27.27272727272727,9.090909090909092,18.181818181818183,72.72727272727273,62.03208556149733,10.695187165775401
E00073973,199,59,20,39,140,121,19,29.64824120603015,10.050251256281408,19.597989949748744,70.35175879396985,60.80402010050251,9.547738693467336
E00073974,236,71,23,48,165,149,16,30.08474576271186,9.745762711864407,20.33898305084746,69.91525423728814,63.13559322033898,6.779661016949152
E00073975,174,52,13,39,122,92,30,29.88505747126437,7.471264367816093,22.413793103448278,70.11494252873564,52.87356321839081,17.24137931034483
E00073976,165,53,13,40,112,97,15,32.121212121212125,7.878787878787878,24.242424242424242,67.87878787878789,58.78787878787879,9.090909090909092
E00073977,249,61,17,44,188,166,22,24.497991967871485,6.827309236947792,17.670682730923694,75.50200803212851,66.66666666666666,8.835341365461847
E00073978,188,48,15,33,140,121,19,25.53191489361702,7.9787234042553195,17.5531914893617,74.46808510638297,64.36170212765957,10.106382978723403
E00073979,183,51,16,35,132,115,17,27.86885245901639,8.743169398907105,19.12568306010929,72.1311475409836,62.841530054644814,9.289617486338798
E00073980,171,58,23,35,113,96,17,33.91812865497076,13.450292397660817,20.46783625730994,66.08187134502924,56.14035087719298,9.941520467836257
E00073981,154,51,17,34,103,83,20,33.116883116883116,11.03896103896104,22.07792207792208,66.88311688311688,53.896103896103895,12.987012987012985
E00073982,140,49,20,29,91,76,15,35,14.285714285714285,20.714285714285715,65,54.285714285714285,10.714285714285714
E00073983,187,61,19,42,126,112,14,32.62032085561498,10.16042780748663,22.459893048128343,67.37967914438502,59.893048128342244,7.4866310160427805
E00073984,190,62,20,42,128,106,22,32.631578947368425,10.526315789473683,22.105263157894736,67.36842105263158,55.78947368421052,11.578947368421053
E00073985,141,48,15,33,93,79,14,34.04255319148936,10.638297872340425,23.404255319148938,65.95744680851064,56.02836879432624,9.929078014184398
E00073986,191,59,20,39,132,117,15,30.89005235602094,10.471204188481675,20.418848167539267,69.10994764397905,61.25654450261781,7.853403141361256
E00073987,170,46,18,28,124,105,19,27.058823529411764,10.588235294117647,16.470588235294116,72.94117647058823,61.76470588235294,11.176470588235295
E00073988,156,52,18,34,104,91,13,33.33333333333333,11.538461538461538,21.794871794871796,66.66666666666666,58.333333333333336,8.333333333333332
E00073989,195,43,10,33,152,136,16,22.05128205128205,5.128205128205128,16.923076923076923,77.94871794871796,69.74358974358974,8.205128205128204
E00073990,192,59,16,43,133,114,19,30.729166666666668,8.333333333333332,22.395833333333336,69.27083333333334,59.375,9.895833333333332
E00073991,221,79,21,58,142,131,11,35.74660633484163,9.502262443438914,26.244343891402718,64.25339366515837,59.276018099547514,4.97737556561086
E00073992,166,51,17,34,115,104,11,30.72289156626506,10.240963855421686,20.481927710843372,69.27710843373494,62.65060240963856,6.626506024096386
E00073993,165,53,13,40,112,103,9,32.121212121212125,7.878787878787878,24.242424242424242,67.87878787878789,62.42424242424243,5.454545454545454
E00073994,159,54,10,44,105,96,9,33.9622641509434,6.289308176100629,27.67295597484277,66.0377358490566,60.37735849056604,5.660377358490567
E00073995,169,45,12,33,124,110,14,26.627218934911244,7.100591715976331,19.526627218934912,73.37278106508876,65.08875739644971,8.284023668639055
E00073996,195,47,19,28,148,132,16,24.102564102564102,9.7435897435897445,14.358974358974358,75.8974358974359,67.6923076923077,8.205128205128204
E00073997,95,35,12,23,60,47,13,36.84210526315789,12.631578947368421,24.210526315789473,63.1578947368421,49.473684210526315,13.684210526315791
E00073998,163,56,15,41,107,96,11,34.355828220858896,9.202453987730062,25.153374233128833,65.6441717791411,58.895705521472394,6.748466257668712
E00073999,155,58,18,40,97,83,14,37.41935483870968,11.612903225806452,25.806451612903224,62.58064516129033,53.5483870967742,9.032258064516128
E00074000,155,56,17,39,99,91,8,36.12903225806451,10.967741935483872,25.161290322580644,63.87096774193548,58.70967741935483,5.161290322580645
E00074001,174,68,23,45,106,93,13,39.08045977011494,13.218390804597702,25.862068965517242,60.91954022988506,53.44827586206896,7.471264367816093
E00074002,157,25,6,19,132,123,9,15.92356687898089,3.821656050955414,12.101910828025478,84.07643312101911,78.343949044586,5.7324840764331215
E00074003,260,83,25,58,177,165,12,31.92307692307692,9.615384615384617,22.30769230769231,68.07692307692308,63.46153846153846,4.615384615384616
E00074006,151,71,30,41,80,76,4,47.019867549668874,19.867549668874172,27.1523178807947,52.980132450331126,50.331125827814574,2.6490066225165565
E00074007,191,28,12,16,163,149,14,14.659685863874344,6.282722513089005,8.37696335078534,85.34031413612566,78.01047120418848,7.329842931937172
E00074008,103,19,5,14,84,81,3,18.446601941747574,4.854368932038835,13.592233009708737,81.55339805825243,78.64077669902912,2.912621359223301
E00074009,168,75,24,51,93,85,8,44.642857142857146,14.285714285714285,30.357142857142854,55.35714285714286,50.595238095238095,4.761904761904762
E00074010,156,66,26,40,90,80,10,42.30769230769231,16.666666666666664,25.64102564102564,57.692307692307686,51.28205128205128,6.41025641025641
E00074011,132,58,21,37,74,63,11,43.93939393939394,15.909090909090908,28.030303030303028,56.060606060606055,47.72727272727273,8.333333333333332
E00074012,101,36,17,19,65,53,12,35.64356435643564,16.831683168316832,18.81188118811881,64.35643564356435,52.475247524752476,11.881188118811881
E00074013,185,72,23,49,113,105,8,38.91891891891892,12.432432432432433,26.486486486486488,61.08108108108108,56.75675675675676,4.324324324324325
E00074014,214,74,34,40,140,130,10,34.57943925233645,15.887850467289718,18.69158878504673,65.42056074766354,60.747663551401864,4.672897196261682
E00074016,143,64,27,37,79,67,12,44.75524475524475,18.88111888111888,25.874125874125873,55.24475524475524,46.85314685314685,8.391608391608392
E00074018,254,107,46,61,147,136,11,42.125984251968504,18.11023622047244,24.015748031496063,57.874015748031496,53.54330708661418,4.330708661417323
E00074019,126,56,16,40,70,61,9,44.44444444444444,12.698412698412698,31.746031746031743,55.55555555555556,48.41269841269841,7.142857142857142
E00074020,262,83,34,49,179,159,20,31.679389312977097,12.977099236641221,18.702290076335878,68.32061068702289,60.68702290076335,7.633587786259542
E00074021,142,72,27,45,70,62,8,50.70422535211267,19.014084507042252,31.690140845070424,49.29577464788733,43.66197183098591,5.633802816901409
E00074022,221,78,16,62,143,115,28,35.294117647058826,7.239819004524888,28.054298642533936,64.70588235294117,52.03619909502263,12.669683257918551
E00074023,228,81,21,60,147,129,18,35.526315789473685,9.210526315789473,26.31578947368421,64.47368421052632,56.57894736842105,7.894736842105263
E00074024,213,85,35,50,128,116,12,39.906103286384976,16.431924882629108,23.474178403755868,60.093896713615024,54.460093896713616,5.633802816901409
E00074025,197,80,35,45,117,101,16,40.609137055837564,17.766497461928935,22.84263959390863,59.390862944162436,51.26903553299492,8.121827411167512
E00074026,239,89,31,58,150,134,16,37.238493723849366,12.97071129707113,24.267782426778243,62.76150627615063,56.06694560669456,6.694560669456067
E00074027,105,48,17,31,57,49,8,45.714285714285715,16.19047619047619,29.523809523809526,54.285714285714285,46.666666666666664,7.6190476190476195
E00074028,149,68,25,43,81,70,11,45.63758389261745,16.778523489932887,28.859060402684566,54.36241610738255,46.97986577181208,7.38255033557047
E00074029,152,84,38,46,68,63,5,55.26315789473685,25,30.263157894736842,44.73684210526316,41.44736842105263,3.289473684210526
E00074030,54,31,14,17,23,22,1,57.407407407407405,25.925925925925924,31.48148148148148,42.592592592592595,40.74074074074074,1.8518518518518516
E00074032,104,52,23,29,52,43,9,50,22.115384615384613,27.884615384615387,50,41.34615384615385,8.653846153846153
E00074033,142,88,26,62,54,47,7,61.97183098591549,18.30985915492958,43.66197183098591,38.028169014084504,33.098591549295776,4.929577464788732
E00074034,147,61,17,44,86,80,6,41.49659863945578,11.564625850340136,29.931972789115648,58.50340136054422,54.421768707483,4.081632653061225
E00074037,76,37,14,23,39,33,6,48.68421052631579,18.421052631578945,30.263157894736842,51.31578947368421,43.42105263157895,7.894736842105263
E00074038,79,38,13,25,41,37,4,48.10126582278481,16.455696202531644,31.645569620253166,51.89873417721519,46.835443037974684,5.063291139240507
E00074041,126,43,18,25,83,65,18,34.12698412698413,14.285714285714285,19.841269841269842,65.87301587301587,51.587301587301596,14.285714285714285
E00074042,87,37,6,31,50,45,5,42.5287356321839,6.896551724137931,35.63218390804598,57.47126436781609,51.724137931034484,5.747126436781609
E00074045,154,68,24,44,86,71,15,44.15584415584416,15.584415584415584,28.57142857142857,55.84415584415584,46.103896103896105,9.740259740259742
E00074046,220,68,29,39,152,123,29,30.909090909090907,13.18181818181818,17.727272727272727,69.0909090909091,55.90909090909091,13.18181818181818
E00074047,125,53,19,34,72,65,7,42.4,15.2,27.200000000000003,57.599999999999994,52,5.6000000000000005
E00074048,160,54,16,38,106,88,18,33.75,10,23.75,66.25,55.00000000000001,11.25
E00074049,164,49,15,34,115,103,12,29.878048780487802,9.146341463414634,20.73170731707317,70.1219512195122,62.80487804878049,7.317073170731707
E00074050,97,38,9,29,59,56,3,39.175257731958766,9.278350515463918,29.896907216494846,60.824742268041234,57.73195876288659,3.0927835051546393
E00074051,230,65,21,44,165,145,20,28.26086956521739,9.130434782608695,19.130434782608695,71.73913043478261,63.04347826086957,8.695652173913043
E00074052,169,52,16,36,117,109,8,30.76923076923077,9.467455621301776,21.301775147928996,69.23076923076923,64.49704142011834,4.733727810650888
E00074053,227,84,21,63,143,126,17,37.00440528634361,9.251101321585903,27.75330396475771,62.99559471365639,55.50660792951542,7.488986784140969
E00074054,181,72,27,45,109,97,12,39.77900552486188,14.917127071823206,24.861878453038674,60.22099447513812,53.591160220994475,6.629834254143646
E00074055,274,103,50,53,171,148,23,37.591240875912405,18.248175182481752,19.34306569343066,62.40875912408759,54.01459854014598,8.394160583941606
E00074056,207,62,26,36,145,126,19,29.951690821256037,12.560386473429952,17.391304347826086,70.04830917874396,60.86956521739131,9.178743961352657
E00074057,197,70,29,41,127,109,18,35.53299492385787,14.720812182741117,20.812182741116754,64.46700507614213,55.32994923857868,9.137055837563452
E00074058,238,108,39,69,130,107,23,45.378151260504204,16.386554621848738,28.991596638655466,54.621848739495796,44.957983193277315,9.663865546218489
E00074060,182,51,17,34,131,118,13,28.021978021978022,9.340659340659341,18.681318681318682,71.97802197802197,64.83516483516483,7.142857142857142
E00074061,189,57,27,30,132,121,11,30.158730158730158,14.285714285714285,15.873015873015872,69.84126984126983,64.02116402116403,5.82010582010582
E00074062,174,48,19,29,126,112,14,27.586206896551722,10.919540229885058,16.666666666666664,72.41379310344827,64.36781609195403,8.045977011494253
E00074063,159,58,18,40,101,91,10,36.477987421383645,11.320754716981133,25.157232704402517,63.52201257861635,57.23270440251572,6.289308176100629
E00074064,165,43,11,32,122,110,12,26.060606060606062,6.666666666666667,19.393939393939394,73.93939393939394,66.66666666666666,7.2727272727272725
E00074065,140,42,9,33,98,89,9,30,6.428571428571428,23.57142857142857,70,63.57142857142857,6.428571428571428
E00074066,152,53,15,38,99,84,15,34.868421052631575,9.868421052631579,25,65.13157894736842,55.26315789473685,9.868421052631579
E00074067,156,50,17,33,106,95,11,32.05128205128205,10.897435897435898,21.153846153846153,67.94871794871796,60.89743589743589,7.051282051282051
E00074068,124,36,13,23,88,78,10,29.03225806451613,10.483870967741936,18.548387096774192,70.96774193548387,62.903225806451616,8.064516129032258
E00074069,141,52,15,37,89,78,11,36.87943262411347,10.638297872340425,26.24113475177305,63.12056737588653,55.319148936170215,7.801418439716312
E00074070,96,42,19,23,54,49,5,43.75,19.791666666666664,23.958333333333336,56.25,51.041666666666664,5.208333333333334
E00074071,63,21,8,13,42,38,4,33.33333333333333,12.698412698412698,20.634920634920633,66.66666666666666,60.317460317460316,6.349206349206349
E00074072,182,58,18,40,124,113,11,31.868131868131865,9.89010989010989,21.978021978021978,68.13186813186813,62.08791208791209,6.043956043956044
E00074073,156,47,15,32,109,99,10,30.128205128205128,9.615384615384617,20.51282051282051,69.87179487179486,63.46153846153846,6.41025641025641
E00074074,150,49,13,36,101,89,12,32.666666666666664,8.666666666666668,24,67.33333333333333,59.333333333333336,8
E00074075,170,54,22,32,116,104,12,31.76470588235294,12.941176470588237,18.823529411764707,68.23529411764706,61.1764705882353,7.0588235294117645
E00074076,169,62,20,42,107,98,9,36.68639053254438,11.834319526627219,24.85207100591716,63.31360946745562,57.98816568047337,5.325443786982249
E00074077,178,74,23,51,104,99,5,41.57303370786517,12.921348314606742,28.651685393258425,58.42696629213483,55.61797752808989,2.8089887640449436
E00074078,185,60,16,44,125,112,13,32.432432432432435,8.64864864864865,23.783783783783786,67.56756756756756,60.54054054054055,7.027027027027027
E00074079,197,60,23,37,137,115,22,30.456852791878177,11.6751269035533,18.781725888324875,69.54314720812182,58.37563451776649,11.16751269035533
E00074080,166,50,23,27,116,105,11,30.120481927710845,13.855421686746988,16.265060240963855,69.87951807228916,63.25301204819277,6.626506024096386
E00074081,291,70,39,31,221,185,36,24.054982817869416,13.402061855670103,10.652920962199312,75.94501718213058,63.57388316151202,12.371134020618557
E00074082,179,50,17,33,129,123,6,27.932960893854748,9.497206703910614,18.435754189944134,72.06703910614524,68.71508379888269,3.35195530726257
E00074083,163,42,10,32,121,88,33,25.766871165644172,6.134969325153374,19.631901840490798,74.23312883435584,53.987730061349694,20.245398773006134
E00074084,165,45,16,29,120,102,18,27.27272727272727,9.696969696969697,17.575757575757574,72.72727272727273,61.81818181818181,10.909090909090908
E00074085,126,45,14,31,81,72,9,35.714285714285715,11.11111111111111,24.6031746031746,64.28571428571429,57.14285714285714,7.142857142857142
E00074086,174,47,20,27,127,106,21,27.011494252873565,11.494252873563218,15.517241379310345,72.98850574712644,60.91954022988506,12.068965517241379
E00074087,196,51,20,31,145,122,23,26.02040816326531,10.204081632653061,15.816326530612246,73.9795918367347,62.244897959183675,11.73469387755102
E00074088,276,90,57,33,186,164,22,32.608695652173914,20.652173913043477,11.956521739130435,67.3913043478261,59.42028985507246,7.971014492753622
E00074089,212,57,21,36,155,141,14,26.88679245283019,9.90566037735849,16.9811320754717,73.11320754716981,66.50943396226415,6.60377358490566
E00074090,182,38,12,26,144,127,17,20.87912087912088,6.593406593406594,14.285714285714285,79.12087912087912,69.78021978021978,9.340659340659341
E00074091,156,38,12,26,118,97,21,24.358974358974358,7.6923076923076925,16.666666666666664,75.64102564102564,62.17948717948718,13.461538461538462
E00074092,169,46,16,30,123,107,16,27.218934911242602,9.467455621301776,17.75147928994083,72.7810650887574,63.31360946745562,9.467455621301776
E00074093,190,60,22,38,130,109,21,31.57894736842105,11.578947368421053,20,68.42105263157895,57.36842105263158,11.052631578947368
E00074094,187,46,9,37,141,117,24,24.598930481283425,4.81283422459893,19.786096256684495,75.40106951871658,62.56684491978609,12.834224598930483
E00074095,204,67,26,41,137,126,11,32.84313725490196,12.745098039215685,20.098039215686274,67.15686274509804,61.76470588235294,5.392156862745098
E00074096,178,56,20,36,122,104,18,31.46067415730337,11.235955056179774,20.224719101123593,68.53932584269663,58.42696629213483,10.112359550561797
E00074097,176,59,23,36,117,100,17,33.52272727272727,13.068181818181818,20.454545454545457,66.47727272727273,56.81818181818182,9.659090909090908
E00074098,171,58,27,31,113,98,15,33.91812865497076,15.789473684210526,18.128654970760234,66.08187134502924,57.30994152046783,8.771929824561402
E00074099,167,48,19,29,119,103,16,28.74251497005988,11.377245508982035,17.365269461077844,71.25748502994011,61.67664670658682,9.580838323353294
E00074100,176,57,19,38,119,101,18,32.38636363636363,10.795454545454545,21.59090909090909,67.61363636363636,57.38636363636363,10.227272727272728
E00074101,170,37,20,17,133,116,17,21.764705882352942,11.76470588235294,10,78.23529411764706,68.23529411764706,10
E00074102,141,55,23,32,86,74,12,39.00709219858156,16.312056737588655,22.69503546099291,60.99290780141844,52.4822695035461,8.51063829787234
E00074103,219,68,30,38,151,121,30,31.05022831050228,13.698630136986301,17.35159817351598,68.94977168949772,55.25114155251142,13.698630136986301
E00074104,204,54,28,26,150,141,9,26.47058823529412,13.725490196078432,12.745098039215685,73.52941176470588,69.11764705882352,4.411764705882353
E00074105,196,40,13,27,156,126,30,20.408163265306122,6.63265306122449,13.77551020408163,79.59183673469387,64.28571428571429,15.306122448979592
E00074106,168,61,22,39,107,80,27,36.30952380952381,13.095238095238097,23.214285714285715,63.69047619047619,47.61904761904761,16.071428571428573
E00074107,104,24,12,12,80,73,7,23.076923076923077,11.538461538461538,11.538461538461538,76.92307692307693,70.1923076923077,6.730769230769231
E00074108,191,64,23,41,127,107,20,33.50785340314136,12.041884816753926,21.465968586387437,66.49214659685863,56.02094240837696,10.471204188481675
E00074109,239,56,23,33,183,161,22,23.430962343096233,9.623430962343097,13.807531380753138,76.56903765690377,67.36401673640168,9.205020920502092
E00074110,190,37,16,21,153,129,24,19.473684210526315,8.421052631578947,11.052631578947368,80.52631578947368,67.89473684210526,12.631578947368421
E00074111,159,32,14,18,127,103,24,20.125786163522015,8.80503144654088,11.320754716981133,79.87421383647799,64.77987421383648,15.09433962264151
E00074112,178,56,32,24,122,106,16,31.46067415730337,17.97752808988764,13.48314606741573,68.53932584269663,59.55056179775281,8.98876404494382
E00074113,174,62,21,41,112,91,21,35.63218390804598,12.068965517241379,23.563218390804597,64.36781609195403,52.29885057471264,12.068965517241379
E00074114,205,54,16,38,151,134,17,26.34146341463415,7.804878048780488,18.536585365853657,73.65853658536585,65.3658536585366,8.292682926829269
E00074115,199,59,19,40,140,127,13,29.64824120603015,9.547738693467336,20.100502512562816,70.35175879396985,63.81909547738693,6.532663316582915
E00074116,257,79,26,53,178,156,22,30.739299610894943,10.116731517509727,20.622568093385212,69.26070038910505,60.70038910505836,8.560311284046692
E00074117,185,46,12,34,139,120,19,24.864864864864867,6.486486486486487,18.37837837837838,75.13513513513513,64.86486486486487,10.27027027027027
E00074118,157,46,16,30,111,104,7,29.29936305732484,10.191082802547772,19.10828025477707,70.70063694267516,66.2420382165605,4.45859872611465
E00074119,265,73,19,54,192,169,23,27.547169811320753,7.169811320754717,20.37735849056604,72.45283018867924,63.77358490566037,8.679245283018867
E00074120,230,60,19,41,170,146,24,26.08695652173913,8.26086956521739,17.82608695652174,73.91304347826086,63.47826086956522,10.434782608695652
E00074121,188,58,20,38,130,117,13,30.851063829787233,10.638297872340425,20.212765957446805,69.14893617021278,62.23404255319149,6.914893617021277
E00074122,116,28,12,16,88,74,14,24.137931034482758,10.344827586206897,13.793103448275861,75.86206896551724,63.793103448275865,12.068965517241379
E00074123,141,55,26,29,86,78,8,39.00709219858156,18.439716312056735,20.56737588652482,60.99290780141844,55.319148936170215,5.673758865248227
E00074124,168,46,11,35,122,115,7,27.380952380952383,6.547619047619048,20.833333333333336,72.61904761904762,68.45238095238095,4.166666666666666
E00074125,194,62,18,44,132,117,15,31.958762886597935,9.278350515463918,22.68041237113402,68.04123711340206,60.30927835051546,7.731958762886598
E00074126,202,64,13,51,138,125,13,31.683168316831683,6.435643564356436,25.247524752475247,68.31683168316832,61.88118811881188,6.435643564356436
E00074127,154,43,9,34,111,101,10,27.92207792207792,5.844155844155844,22.07792207792208,72.07792207792207,65.5844155844156,6.493506493506493
E00074128,174,56,16,40,118,99,19,32.18390804597701,9.195402298850574,22.988505747126435,67.81609195402298,56.896551724137936,10.919540229885058
E00074129,162,48,10,38,114,105,9,29.629629629629626,6.172839506172839,23.456790123456788,70.37037037037037,64.81481481481481,5.555555555555555
E00074130,197,61,17,44,136,120,16,30.96446700507614,8.629441624365482,22.33502538071066,69.03553299492386,60.913705583756354,8.121827411167512
E00074131,235,71,27,44,164,134,30,30.21276595744681,11.48936170212766,18.72340425531915,69.7872340425532,57.02127659574469,12.76595744680851
E00074132,143,42,9,33,101,90,11,29.37062937062937,6.293706293706294,23.076923076923077,70.62937062937063,62.93706293706294,7.6923076923076925
E00074133,152,47,10,37,105,92,13,30.92105263157895,6.578947368421052,24.342105263157894,69.07894736842105,60.526315789473685,8.552631578947368
E00074134,165,49,11,38,116,102,14,29.6969696969697,6.666666666666667,23.03030303030303,70.3030303030303,61.81818181818181,8.484848484848486
E00074135,210,54,12,42,156,142,14,25.71428571428571,5.714285714285714,20,74.28571428571429,67.61904761904762,6.666666666666667
E00074136,177,51,15,36,126,108,18,28.8135593220339,8.47457627118644,20.33898305084746,71.1864406779661,61.016949152542374,10.16949152542373
E00074137,208,44,14,30,164,148,16,21.153846153846153,6.730769230769231,14.423076923076922,78.84615384615384,71.15384615384616,7.6923076923076925
E00074138,162,50,8,42,112,99,13,30.864197530864196,4.938271604938271,25.925925925925924,69.1358024691358,61.111111111111114,8.024691358024691
E00074139,219,50,14,36,169,144,25,22.831050228310502,6.392694063926941,16.43835616438356,77.1689497716895,65.75342465753424,11.415525114155251
E00074140,141,38,10,28,103,94,9,26.95035460992908,7.092198581560284,19.858156028368796,73.04964539007092,66.66666666666666,6.382978723404255
E00074141,171,51,13,38,120,108,12,29.82456140350877,7.602339181286549,22.22222222222222,70.17543859649122,63.1578947368421,7.017543859649122
E00074142,190,54,24,30,136,122,14,28.421052631578945,12.631578947368421,15.789473684210526,71.57894736842105,64.21052631578948,7.368421052631578
E00074143,192,60,19,41,132,120,12,31.25,9.895833333333332,21.354166666666664,68.75,62.5,6.25
E00074144,172,55,23,32,117,103,14,31.976744186046513,13.372093023255813,18.6046511627907,68.02325581395348,59.883720930232556,8.13953488372093
E00074145,160,45,10,35,115,106,9,28.125,6.25,21.875,71.875,66.25,5.625
E00074146,177,50,8,42,127,113,14,28.24858757062147,4.519774011299435,23.728813559322035,71.75141242937853,63.84180790960452,7.909604519774012
E00074147,261,58,20,38,203,175,28,22.22222222222222,7.662835249042145,14.559386973180077,77.77777777777779,67.04980842911877,10.727969348659004
E00074148,193,52,9,43,141,127,14,26.94300518134715,4.66321243523316,22.279792746113987,73.05699481865285,65.80310880829016,7.253886010362693
E00074149,235,74,23,51,161,143,18,31.48936170212766,9.787234042553191,21.70212765957447,68.51063829787233,60.851063829787236,7.659574468085106
E00074150,119,33,11,22,86,81,5,27.73109243697479,9.243697478991598,18.487394957983195,72.26890756302521,68.0672268907563,4.201680672268908
E00074151,188,47,15,32,141,120,21,25,7.9787234042553195,17.02127659574468,75,63.829787234042556,11.170212765957446
E00074152,133,45,12,33,88,72,16,33.83458646616541,9.022556390977442,24.81203007518797,66.16541353383458,54.13533834586466,12.030075187969924
E00074153,160,48,17,31,112,104,8,30,10.625,19.375,70,65,5
E00074154,166,68,14,54,98,92,6,40.963855421686745,8.433734939759036,32.53012048192771,59.036144578313255,55.42168674698795,3.614457831325301
E00074155,187,49,19,30,138,124,14,26.203208556149733,10.16042780748663,16.042780748663102,73.79679144385027,66.31016042780749,7.4866310160427805
E00074156,168,48,21,27,120,110,10,28.57142857142857,12.5,16.071428571428573,71.42857142857143,65.47619047619048,5.952380952380952
E00074157,159,35,9,26,124,115,9,22.0125786163522,5.660377358490567,16.352201257861633,77.9874213836478,72.32704402515722,5.660377358490567
E00074158,182,55,13,42,127,110,17,30.21978021978022,7.142857142857142,23.076923076923077,69.78021978021978,60.43956043956044,9.340659340659341
E00074159,170,65,22,43,105,97,8,38.23529411764706,12.941176470588237,25.294117647058822,61.76470588235294,57.05882352941176,4.705882352941177
E00074160,176,54,22,32,122,110,12,30.681818181818183,12.5,18.181818181818183,69.31818181818183,62.5,6.8181818181818175
E00074161,248,59,11,48,189,167,22,23.790322580645164,4.435483870967742,19.35483870967742,76.20967741935483,67.33870967741935,8.870967741935484
E00074162,135,40,8,32,95,85,10,29.629629629629626,5.9259259259259265,23.703703703703706,70.37037037037037,62.96296296296296,7.4074074074074066
E00074163,158,56,17,39,102,95,7,35.44303797468354,10.759493670886076,24.68354430379747,64.55696202531645,60.12658227848101,4.430379746835443
E00074164,166,48,14,34,118,105,13,28.915662650602407,8.433734939759036,20.481927710843372,71.08433734939759,63.25301204819277,7.83132530120482
E00074165,179,69,14,55,110,99,11,38.547486033519554,7.82122905027933,30.726256983240223,61.452513966480446,55.3072625698324,6.145251396648044
E00074166,250,82,25,57,168,152,16,32.800000000000004,10,22.8,67.2,60.8,6.4
E00074167,129,39,8,31,90,78,12,30.23255813953488,6.2015503875969,24.031007751937985,69.76744186046511,60.46511627906976,9.30232558139535
E00074168,170,46,12,34,124,104,20,27.058823529411764,7.0588235294117645,20,72.94117647058823,61.1764705882353,11.76470588235294
E00074169,206,51,14,37,155,138,17,24.75728155339806,6.796116504854369,17.96116504854369,75.24271844660194,66.99029126213593,8.25242718446602
E00074170,220,62,27,35,158,139,19,28.18181818181818,12.272727272727273,15.909090909090908,71.81818181818181,63.18181818181819,8.636363636363637
E00074171,162,50,16,34,112,99,13,30.864197530864196,9.876543209876543,20.98765432098765,69.1358024691358,61.111111111111114,8.024691358024691
E00074172,186,42,12,30,144,132,12,22.58064516129032,6.451612903225806,16.129032258064516,77.41935483870968,70.96774193548387,6.451612903225806
E00074173,214,48,14,34,166,148,18,22.429906542056074,6.5420560747663545,15.887850467289718,77.57009345794393,69.1588785046729,8.411214953271028
E00074174,292,82,26,56,210,184,26,28.08219178082192,8.904109589041095,19.17808219178082,71.91780821917808,63.013698630136986,8.904109589041095
E00074175,236,69,20,49,167,143,24,29.23728813559322,8.47457627118644,20.76271186440678,70.76271186440678,60.59322033898306,10.16949152542373
E00074176,201,49,11,38,152,136,16,24.378109452736318,5.472636815920398,18.90547263681592,75.62189054726367,67.66169154228857,7.960199004975125
E00074177,155,50,15,35,105,92,13,32.25806451612903,9.67741935483871,22.58064516129032,67.74193548387096,59.354838709677416,8.38709677419355
E00074178,202,50,15,35,152,134,18,24.752475247524753,7.425742574257425,17.326732673267326,75.24752475247524,66.33663366336634,8.91089108910891
E00074179,183,52,16,36,131,120,11,28.415300546448087,8.743169398907105,19.672131147540984,71.58469945355192,65.57377049180327,6.0109289617486334
E00074180,243,64,19,45,179,166,13,26.337448559670783,7.818930041152264,18.51851851851852,73.66255144032921,68.3127572016461,5.349794238683128
E00074181,234,62,17,45,172,157,15,26.495726495726498,7.264957264957266,19.230769230769234,73.50427350427351,67.09401709401709,6.41025641025641
E00074182,91,32,12,20,59,53,6,35.16483516483517,13.186813186813188,21.978021978021978,64.83516483516483,58.24175824175825,6.593406593406594
E00074183,149,54,15,39,95,85,10,36.241610738255034,10.06711409395973,26.174496644295303,63.758389261744966,57.04697986577181,6.7114093959731544
E00074184,169,41,12,29,128,106,22,24.2603550295858,7.100591715976331,17.159763313609467,75.7396449704142,62.721893491124256,13.017751479289942
E00074185,192,38,13,25,154,136,18,19.791666666666664,6.770833333333333,13.020833333333334,80.20833333333334,70.83333333333334,9.375
E00074186,243,64,16,48,179,153,26,26.337448559670783,6.584362139917696,19.753086419753085,73.66255144032921,62.96296296296296,10.699588477366255
E00074187,183,51,11,40,132,118,14,27.86885245901639,6.0109289617486334,21.85792349726776,72.1311475409836,64.48087431693989,7.650273224043716
E00074188,148,48,15,33,100,87,13,32.432432432432435,10.135135135135135,22.2972972972973,67.56756756756756,58.78378378378378,8.783783783783784
E00074189,184,49,15,34,135,124,11,26.6304347826087,8.152173913043478,18.478260869565215,73.36956521739131,67.3913043478261,5.978260869565218
E00074190,205,64,19,45,141,122,19,31.21951219512195,9.268292682926829,21.951219512195124,68.78048780487805,59.512195121951216,9.268292682926829
E00074191,225,73,25,48,152,142,10,32.44444444444444,11.11111111111111,21.333333333333336,67.55555555555556,63.11111111111111,4.444444444444445
E00074193,142,56,17,39,86,75,11,39.436619718309856,11.971830985915492,27.464788732394368,60.56338028169014,52.816901408450704,7.746478873239436
E00074194,91,30,7,23,61,58,3,32.967032967032964,7.6923076923076925,25.274725274725274,67.03296703296702,63.73626373626373,3.296703296703297
E00074195,169,46,8,38,123,109,14,27.218934911242602,4.733727810650888,22.485207100591715,72.7810650887574,64.49704142011834,8.284023668639055
E00074197,108,30,11,19,78,71,7,27.77777777777778,10.185185185185185,17.59259259259259,72.22222222222221,65.74074074074075,6.481481481481481
E00074198,166,43,9,34,123,109,14,25.903614457831324,5.421686746987952,20.481927710843372,74.09638554216868,65.66265060240963,8.433734939759036
E00074199,190,58,23,35,132,121,11,30.526315789473685,12.105263157894736,18.421052631578945,69.47368421052632,63.68421052631579,5.7894736842105265
E00074200,154,44,11,33,110,95,15,28.57142857142857,7.142857142857142,21.428571428571427,71.42857142857143,61.68831168831169,9.740259740259742
E00074201,238,79,21,58,159,145,14,33.193277310924366,8.823529411764707,24.369747899159663,66.80672268907563,60.924369747899156,5.88235294117647
E00074202,214,58,15,43,156,142,14,27.102803738317753,7.009345794392523,20.093457943925234,72.89719626168224,66.35514018691589,6.5420560747663545
E00074203,75,22,4,18,53,47,6,29.333333333333332,5.333333333333334,24,70.66666666666667,62.66666666666667,8
E00074204,263,84,36,48,179,167,12,31.93916349809886,13.688212927756654,18.250950570342205,68.06083650190115,63.49809885931559,4.562737642585551
E00074205,137,47,12,35,90,79,11,34.306569343065696,8.75912408759124,25.547445255474454,65.69343065693431,57.66423357664233,8.02919708029197
E00074206,134,46,16,30,88,80,8,34.32835820895522,11.940298507462686,22.388059701492537,65.67164179104478,59.70149253731343,5.970149253731343
E00074207,190,64,18,46,126,109,17,33.68421052631579,9.473684210526317,24.210526315789473,66.3157894736842,57.36842105263158,8.947368421052632
E00074208,169,40,12,28,129,115,14,23.668639053254438,7.100591715976331,16.56804733727811,76.33136094674556,68.04733727810651,8.284023668639055
E00074209,192,59,25,34,133,125,8,30.729166666666668,13.020833333333334,17.708333333333336,69.27083333333334,65.10416666666666,4.166666666666666
E00074210,152,56,12,44,96,87,9,36.84210526315789,7.894736842105263,28.947368421052634,63.1578947368421,57.23684210526315,5.921052631578947
E00074211,175,62,20,42,113,108,5,35.42857142857142,11.428571428571429,24,64.57142857142857,61.71428571428571,2.857142857142857
E00074212,178,49,12,37,129,117,12,27.52808988764045,6.741573033707865,20.786516853932586,72.47191011235955,65.73033707865169,6.741573033707865
E00074213,117,33,8,25,84,73,11,28.205128205128204,6.837606837606838,21.367521367521366,71.7948717948718,62.39316239316239,9.401709401709402
E00074214,229,58,16,42,171,159,12,25.327510917030565,6.986899563318777,18.340611353711793,74.67248908296943,69.43231441048034,5.240174672489083
E00074215,173,58,12,46,115,85,30,33.52601156069364,6.9364161849710975,26.589595375722542,66.47398843930635,49.13294797687861,17.341040462427745
E00074216,145,42,17,25,103,92,11,28.965517241379313,11.724137931034482,17.24137931034483,71.03448275862068,63.44827586206897,7.586206896551724
E00074217,151,46,16,30,105,94,11,30.4635761589404,10.596026490066226,19.867549668874172,69.5364238410596,62.251655629139066,7.28476821192053
E00074218,134,41,11,30,93,80,13,30.597014925373134,8.208955223880597,22.388059701492537,69.40298507462687,59.70149253731343,9.701492537313433
E00074219,215,58,15,43,157,140,17,26.976744186046513,6.976744186046512,20,73.0232558139535,65.11627906976744,7.906976744186046
E00074220,240,66,21,45,174,156,18,27.500000000000004,8.75,18.75,72.5,65,7.5
E00074221,147,48,19,29,99,91,8,32.6530612244898,12.925170068027212,19.727891156462583,67.3469387755102,61.904761904761905,5.442176870748299
E00074222,103,29,5,24,74,71,3,28.155339805825243,4.854368932038835,23.300970873786408,71.84466019417476,68.93203883495146,2.912621359223301
E00074223,140,39,14,25,101,89,12,27.857142857142858,10,17.857142857142858,72.14285714285714,63.57142857142857,8.571428571428571
E00074224,129,40,13,27,89,81,8,31.007751937984494,10.077519379844961,20.930232558139537,68.9922480620155,62.7906976744186,6.2015503875969
E00074225,151,42,10,32,109,94,15,27.81456953642384,6.622516556291391,21.192052980132452,72.18543046357617,62.251655629139066,9.933774834437086
E00074226,161,48,13,35,113,95,18,29.81366459627329,8.074534161490684,21.73913043478261,70.1863354037267,59.006211180124225,11.180124223602485
E00074227,141,42,16,26,99,94,5,29.78723404255319,11.347517730496454,18.439716312056735,70.2127659574468,66.66666666666666,3.546099290780142
E00074228,248,34,14,20,214,191,23,13.709677419354838,5.64516129032258,8.064516129032258,86.29032258064517,77.01612903225806,9.274193548387096
E00074229,143,40,16,24,103,91,12,27.972027972027973,11.188811188811188,16.783216783216783,72.02797202797203,63.63636363636363,8.391608391608392
E00074230,291,60,15,45,231,209,22,20.618556701030926,5.154639175257731,15.463917525773196,79.38144329896907,71.8213058419244,7.560137457044673
E00074231,202,53,22,31,149,138,11,26.237623762376238,10.891089108910892,15.346534653465346,73.76237623762376,68.31683168316832,5.445544554455446
E00074232,65,26,7,19,39,33,6,40,10.76923076923077,29.230769230769234,60,50.76923076923077,9.230769230769232
E00074233,100,42,13,29,58,51,7,42,13,28.999999999999996,57.99999999999999,51,7.000000000000001
E00074234,161,44,13,31,117,102,15,27.32919254658385,8.074534161490684,19.25465838509317,72.67080745341616,63.35403726708074,9.316770186335404
E00074235,126,24,13,11,102,98,4,19.047619047619047,10.317460317460316,8.73015873015873,80.95238095238095,77.77777777777779,3.1746031746031744
E00074236,227,54,19,35,173,153,20,23.788546255506606,8.370044052863436,15.418502202643172,76.2114537444934,67.40088105726872,8.81057268722467
E00074237,300,85,36,49,215,191,24,28.333333333333332,12,16.333333333333332,71.66666666666667,63.66666666666667,8
E00074238,196,42,13,29,154,142,12,21.428571428571427,6.63265306122449,14.795918367346939,78.57142857142857,72.44897959183673,6.122448979591836
E00074240,250,79,27,52,171,149,22,31.6,10.8,20.8,68.4,59.599999999999994,8.799999999999999
E00074241,217,66,22,44,151,135,16,30.414746543778804,10.138248847926267,20.276497695852534,69.5852534562212,62.21198156682027,7.373271889400922
E00074243,226,45,19,26,181,163,18,19.911504424778762,8.4070796460177,11.504424778761061,80.08849557522124,72.12389380530973,7.964601769911504
E00074244,277,64,22,42,213,194,19,23.104693140794225,7.9422382671480145,15.162454873646208,76.89530685920577,70.03610108303249,6.859205776173286
E00074245,186,45,7,38,141,122,19,24.193548387096776,3.763440860215054,20.43010752688172,75.80645161290323,65.59139784946237,10.21505376344086
E00074246,207,55,11,44,152,135,17,26.570048309178745,5.314009661835748,21.256038647342994,73.42995169082126,65.21739130434783,8.212560386473431
E00074247,267,58,19,39,209,186,23,21.722846441947567,7.116104868913857,14.606741573033707,78.27715355805243,69.66292134831461,8.614232209737828
E00074248,202,55,22,33,147,124,23,27.22772277227723,10.891089108910892,16.33663366336634,72.77227722772277,61.386138613861384,11.386138613861387
E00074250,185,65,18,47,120,106,14,35.13513513513514,9.72972972972973,25.405405405405407,64.86486486486487,57.2972972972973,7.567567567567568
E00074251,218,48,12,36,170,142,28,22.018348623853214,5.5045871559633035,16.51376146788991,77.98165137614679,65.13761467889908,12.844036697247708
E00074252,208,57,20,37,151,138,13,27.403846153846157,9.615384615384617,17.78846153846154,72.59615384615384,66.34615384615384,6.25
E00074253,212,48,13,35,164,144,20,22.641509433962266,6.132075471698113,16.50943396226415,77.35849056603774,67.9245283018868,9.433962264150944
E00074254,153,37,18,19,116,97,19,24.183006535947712,11.76470588235294,12.418300653594772,75.81699346405229,63.39869281045751,12.418300653594772
E00074255,43,18,4,14,25,23,2,41.86046511627907,9.30232558139535,32.55813953488372,58.139534883720934,53.48837209302325,4.651162790697675
E00074256,198,62,25,37,136,118,18,31.313131313131315,12.626262626262626,18.68686868686869,68.68686868686868,59.59595959595959,9.090909090909092
E00074257,237,44,14,30,193,169,24,18.565400843881857,5.9071729957805905,12.658227848101266,81.43459915611815,71.30801687763713,10.126582278481013
E00074258,354,74,19,55,280,245,35,20.903954802259886,5.367231638418079,15.53672316384181,79.09604519774011,69.2090395480226,9.887005649717514
E00074259,107,37,14,23,70,59,11,34.57943925233645,13.084112149532709,21.49532710280374,65.42056074766354,55.140186915887845,10.2803738317757
E00074260,189,53,22,31,136,118,18,28.04232804232804,11.64021164021164,16.402116402116402,71.95767195767195,62.43386243386243,9.523809523809524
E00074261,212,73,23,50,139,123,16,34.43396226415094,10.849056603773585,23.58490566037736,65.56603773584906,58.01886792452831,7.547169811320755
E00074262,188,51,13,38,137,126,11,27.127659574468083,6.914893617021277,20.212765957446805,72.87234042553192,67.02127659574468,5.851063829787234
E00074263,225,59,20,39,166,149,17,26.222222222222225,8.88888888888889,17.333333333333336,73.77777777777777,66.22222222222223,7.555555555555555
E00074264,255,52,12,40,203,174,29,20.392156862745097,4.705882352941177,15.686274509803921,79.6078431372549,68.23529411764706,11.372549019607844
E00074265,232,60,18,42,172,147,25,25.862068965517242,7.758620689655173,18.103448275862068,74.13793103448276,63.36206896551724,10.775862068965516
E00074266,134,42,12,30,92,81,11,31.343283582089555,8.955223880597014,22.388059701492537,68.65671641791045,60.447761194029844,8.208955223880597
E00074267,117,35,10,25,82,65,17,29.914529914529915,8.547008547008547,21.367521367521366,70.08547008547008,55.55555555555556,14.529914529914532
E00074268,181,60,21,39,121,107,14,33.14917127071823,11.602209944751381,21.54696132596685,66.85082872928176,59.11602209944752,7.734806629834254
E00074269,125,38,14,24,87,75,12,30.4,11.200000000000001,19.2,69.6,60,9.6
E00074270,161,51,11,40,110,97,13,31.67701863354037,6.832298136645963,24.84472049689441,68.32298136645963,60.24844720496895,8.074534161490684
E00074271,79,27,11,16,52,38,14,34.177215189873415,13.924050632911392,20.253164556962027,65.82278481012658,48.10126582278481,17.72151898734177
E00074272,126,40,11,29,86,82,4,31.746031746031743,8.73015873015873,23.015873015873016,68.25396825396825,65.07936507936508,3.1746031746031744
E00074273,172,51,14,37,121,108,13,29.651162790697676,8.13953488372093,21.511627906976745,70.34883720930233,62.7906976744186,7.55813953488372
E00074274,124,39,15,24,85,80,5,31.451612903225808,12.096774193548388,19.35483870967742,68.54838709677419,64.51612903225806,4.032258064516129
E00074275,216,83,35,48,133,109,24,38.425925925925924,16.203703703703702,22.22222222222222,61.57407407407407,50.46296296296296,11.11111111111111
E00074276,176,63,14,49,113,105,8,35.79545454545455,7.954545454545454,27.84090909090909,64.20454545454545,59.65909090909091,4.545454545454546
E00074277,182,52,21,31,130,109,21,28.57142857142857,11.538461538461538,17.032967032967033,71.42857142857143,59.89010989010989,11.538461538461538
E00074278,151,55,17,38,96,79,17,36.423841059602644,11.258278145695364,25.165562913907287,63.576158940397356,52.317880794701985,11.258278145695364
E00074279,227,80,24,56,147,128,19,35.24229074889868,10.572687224669604,24.669603524229075,64.75770925110133,56.38766519823789,8.370044052863436
E00074280,138,51,12,39,87,74,13,36.95652173913043,8.695652173913043,28.26086956521739,63.04347826086957,53.62318840579711,9.420289855072465
E00074281,129,34,7,27,95,85,10,26.356589147286826,5.426356589147287,20.930232558139537,73.64341085271317,65.89147286821705,7.751937984496124
E00074282,190,59,16,43,131,118,13,31.05263157894737,8.421052631578947,22.63157894736842,68.94736842105263,62.10526315789474,6.842105263157896
E00074283,145,45,15,30,100,92,8,31.03448275862069,10.344827586206897,20.689655172413794,68.96551724137932,63.44827586206897,5.517241379310345
E00074284,86,29,9,20,57,47,10,33.72093023255814,10.465116279069768,23.25581395348837,66.27906976744185,54.65116279069767,11.627906976744185
E00074285,150,60,25,35,90,77,13,40,16.666666666666664,23.333333333333332,60,51.33333333333333,8.666666666666668
E00074286,122,39,12,27,83,75,8,31.967213114754102,9.836065573770492,22.131147540983605,68.0327868852459,61.47540983606557,6.557377049180328
E00074287,115,34,9,25,81,71,10,29.565217391304348,7.82608695652174,21.73913043478261,70.43478260869566,61.73913043478261,8.695652173913043
E00074288,224,60,20,40,164,147,17,26.785714285714285,8.928571428571429,17.857142857142858,73.21428571428571,65.625,7.5892857142857135
E00074289,149,44,14,30,105,83,22,29.53020134228188,9.395973154362416,20.13422818791946,70.46979865771812,55.70469798657718,14.76510067114094
E00074290,138,44,11,33,94,83,11,31.88405797101449,7.971014492753622,23.91304347826087,68.11594202898551,60.14492753623188,7.971014492753622
E00074291,122,44,10,34,78,72,6,36.0655737704918,8.19672131147541,27.86885245901639,63.934426229508205,59.01639344262295,4.918032786885246
E00074292,154,58,22,36,96,88,8,37.66233766233766,14.285714285714285,23.376623376623375,62.33766233766234,57.14285714285714,5.194805194805195
E00074293,165,55,16,39,110,89,21,33.33333333333333,9.696969696969697,23.636363636363637,66.66666666666666,53.939393939393945,12.727272727272727
E00074294,86,26,5,21,60,55,5,30.23255813953488,5.813953488372093,24.418604651162788,69.76744186046511,63.95348837209303,5.813953488372093
E00074295,163,51,9,42,112,96,16,31.28834355828221,5.521472392638037,25.766871165644172,68.71165644171779,58.895705521472394,9.815950920245399
E00074296,171,52,16,36,119,110,9,30.409356725146196,9.35672514619883,21.052631578947366,69.5906432748538,64.32748538011695,5.263157894736842
E00074297,219,71,33,38,148,131,17,32.42009132420091,15.068493150684931,17.35159817351598,67.57990867579909,59.817351598173516,7.76255707762557
E00074298,129,48,13,35,81,73,8,37.2093023255814,10.077519379844961,27.131782945736433,62.7906976744186,56.58914728682171,6.2015503875969
E00074299,139,43,17,26,96,84,12,30.935251798561154,12.23021582733813,18.705035971223023,69.06474820143885,60.431654676258994,8.633093525179856
E00074300,196,53,9,44,143,116,27,27.040816326530614,4.591836734693878,22.448979591836736,72.95918367346938,59.183673469387756,13.77551020408163
E00074301,143,49,26,23,94,73,21,34.26573426573427,18.181818181818183,16.083916083916083,65.73426573426573,51.048951048951054,14.685314685314685
E00074302,143,48,15,33,95,85,10,33.56643356643357,10.48951048951049,23.076923076923077,66.43356643356644,59.44055944055944,6.993006993006993
E00074303,112,36,14,22,76,66,10,32.142857142857146,12.5,19.642857142857142,67.85714285714286,58.92857142857143,8.928571428571429
E00074304,133,37,20,17,96,70,26,27.819548872180448,15.037593984962406,12.781954887218044,72.18045112781954,52.63157894736842,19.548872180451127
E00074306,111,31,9,22,80,64,16,27.927927927927925,8.108108108108109,19.81981981981982,72.07207207207207,57.65765765765766,14.414414414414415
E00074307,150,44,20,24,106,80,26,29.333333333333332,13.333333333333334,16,70.66666666666667,53.333333333333336,17.333333333333336
E00074308,109,39,14,25,70,57,13,35.77981651376147,12.844036697247708,22.93577981651376,64.22018348623854,52.293577981651374,11.926605504587156
E00074309,134,41,15,26,93,72,21,30.597014925373134,11.194029850746269,19.402985074626866,69.40298507462687,53.73134328358209,15.671641791044777
E00074310,119,36,17,19,83,58,25,30.252100840336134,14.285714285714285,15.966386554621847,69.74789915966386,48.739495798319325,21.008403361344538
E00074311,85,20,13,7,65,47,18,23.52941176470588,15.294117647058824,8.235294117647058,76.47058823529412,55.294117647058826,21.176470588235293
E00074312,136,29,11,18,107,88,19,21.323529411764707,8.088235294117647,13.23529411764706,78.67647058823529,64.70588235294117,13.970588235294118
E00074314,151,40,19,21,111,85,26,26.490066225165563,12.582781456953644,13.90728476821192,73.50993377483444,56.29139072847682,17.218543046357617
E00074315,115,32,12,20,83,55,28,27.82608695652174,10.434782608695652,17.391304347826086,72.17391304347827,47.82608695652174,24.347826086956523
E00074316,169,40,17,23,129,103,26,23.668639053254438,10.059171597633137,13.609467455621301,76.33136094674556,60.946745562130175,15.384615384615385
E00074317,143,45,16,29,98,81,17,31.46853146853147,11.188811188811188,20.27972027972028,68.53146853146853,56.64335664335665,11.888111888111888
E00074318,106,40,15,25,66,55,11,37.735849056603776,14.150943396226415,23.58490566037736,62.264150943396224,51.886792452830186,10.377358490566039
E00074319,155,59,22,37,96,81,15,38.064516129032256,14.193548387096774,23.870967741935484,61.935483870967744,52.25806451612903,9.67741935483871
E00074320,148,42,15,27,106,82,24,28.37837837837838,10.135135135135135,18.243243243243242,71.62162162162163,55.4054054054054,16.216216216216218
E00074321,165,58,23,35,107,84,23,35.15151515151515,13.939393939393941,21.21212121212121,64.84848484848484,50.90909090909091,13.939393939393941
E00074322,168,51,16,35,117,96,21,30.357142857142854,9.523809523809524,20.833333333333336,69.64285714285714,57.14285714285714,12.5
E00074323,146,53,22,31,93,74,19,36.3013698630137,15.068493150684931,21.232876712328768,63.6986301369863,50.68493150684932,13.013698630136986
E00074324,159,56,13,43,103,87,16,35.22012578616352,8.176100628930817,27.044025157232703,64.77987421383648,54.71698113207547,10.062893081761008
E00074325,118,43,14,29,75,60,15,36.440677966101696,11.864406779661017,24.576271186440678,63.559322033898304,50.847457627118644,12.711864406779661
E00074326,107,36,17,19,71,54,17,33.64485981308411,15.887850467289718,17.75700934579439,66.35514018691589,50.467289719626166,15.887850467289718
E00074327,18,2,0,2,16,13,3,11.11111111111111,0,11.11111111111111,88.88888888888889,72.22222222222221,16.666666666666664
E00074328,138,43,22,21,95,80,15,31.15942028985507,15.942028985507244,15.217391304347828,68.84057971014492,57.971014492753625,10.869565217391305
E00074329,157,51,13,38,106,81,25,32.48407643312102,8.280254777070063,24.203821656050955,67.51592356687898,51.59235668789809,15.92356687898089
E00074330,91,30,15,15,61,47,14,32.967032967032964,16.483516483516482,16.483516483516482,67.03296703296702,51.64835164835166,15.384615384615385
E00074331,153,54,11,43,99,70,29,35.294117647058826,7.18954248366013,28.104575163398692,64.70588235294117,45.751633986928105,18.954248366013072
E00074332,161,55,17,38,106,88,18,34.161490683229815,10.559006211180124,23.60248447204969,65.83850931677019,54.6583850931677,11.180124223602485
E00074333,154,47,20,27,107,84,23,30.519480519480517,12.987012987012985,17.532467532467532,69.48051948051948,54.54545454545454,14.935064935064934
E00074334,141,36,15,21,105,81,24,25.53191489361702,10.638297872340425,14.893617021276595,74.46808510638297,57.446808510638306,17.02127659574468
E00074335,158,52,19,33,106,95,11,32.91139240506329,12.025316455696203,20.88607594936709,67.08860759493672,60.12658227848101,6.962025316455696
E00074336,115,24,4,20,91,80,11,20.869565217391305,3.4782608695652173,17.391304347826086,79.13043478260869,69.56521739130434,9.565217391304348
E00074337,128,29,2,27,99,84,15,22.65625,1.5625,21.09375,77.34375,65.625,11.71875
E00074338,151,50,23,27,101,84,17,33.11258278145696,15.2317880794702,17.880794701986755,66.88741721854305,55.62913907284768,11.258278145695364
E00074339,132,43,17,26,89,71,18,32.57575757575758,12.878787878787879,19.696969696969695,67.42424242424242,53.78787878787878,13.636363636363635
E00074340,178,63,22,41,115,105,10,35.39325842696629,12.359550561797752,23.03370786516854,64.60674157303372,58.98876404494382,5.617977528089887
E00074341,164,50,9,41,114,91,23,30.48780487804878,5.487804878048781,25,69.51219512195121,55.487804878048784,14.02439024390244
E00074342,141,45,23,22,96,88,8,31.914893617021278,16.312056737588655,15.602836879432624,68.08510638297872,62.4113475177305,5.673758865248227
E00074343,121,28,10,18,93,84,9,23.140495867768596,8.264462809917356,14.87603305785124,76.85950413223141,69.42148760330579,7.43801652892562
E00074344,98,31,8,23,67,60,7,31.63265306122449,8.16326530612245,23.46938775510204,68.36734693877551,61.224489795918366,7.142857142857142
E00074345,130,45,20,25,85,71,14,34.61538461538461,15.384615384615385,19.230769230769234,65.38461538461539,54.61538461538461,10.76923076923077
E00074346,151,40,14,26,111,94,17,26.490066225165563,9.271523178807946,17.218543046357617,73.50993377483444,62.251655629139066,11.258278145695364
E00074347,151,56,11,45,95,81,14,37.086092715231786,7.28476821192053,29.80132450331126,62.913907284768214,53.64238410596026,9.271523178807946
E00074348,84,28,8,20,56,45,11,33.33333333333333,9.523809523809524,23.809523809523807,66.66666666666666,53.57142857142857,13.095238095238097
E00074349,147,40,8,32,107,91,16,27.2108843537415,5.442176870748299,21.768707482993197,72.78911564625851,61.904761904761905,10.884353741496598
E00074350,145,43,13,30,102,90,12,29.655172413793103,8.96551724137931,20.689655172413794,70.34482758620689,62.06896551724138,8.275862068965518
E00074351,127,43,12,31,84,66,18,33.85826771653544,9.448818897637794,24.409448818897637,66.14173228346458,51.96850393700787,14.173228346456693
E00074352,152,39,4,35,113,99,14,25.657894736842106,2.631578947368421,23.026315789473685,74.3421052631579,65.13157894736842,9.210526315789473
E00074353,153,44,15,29,109,92,17,28.75816993464052,9.803921568627452,18.954248366013072,71.24183006535948,60.130718954248366,11.11111111111111
E00074354,154,45,21,24,109,84,25,29.22077922077922,13.636363636363635,15.584415584415584,70.77922077922078,54.54545454545454,16.233766233766232
E00074355,149,49,21,28,100,81,19,32.88590604026846,14.093959731543624,18.79194630872483,67.11409395973155,54.36241610738255,12.751677852348994
E00074356,145,48,21,27,97,77,20,33.10344827586207,14.482758620689657,18.620689655172416,66.89655172413794,53.103448275862064,13.793103448275861
E00074357,145,57,20,37,88,74,14,39.310344827586206,13.793103448275861,25.517241379310345,60.689655172413794,51.03448275862069,9.655172413793103
E00074358,145,52,17,35,93,74,19,35.86206896551724,11.724137931034482,24.137931034482758,64.13793103448275,51.03448275862069,13.10344827586207
E00074359,115,38,15,23,77,67,10,33.04347826086956,13.043478260869565,20,66.95652173913044,58.26086956521739,8.695652173913043
E00074360,149,55,16,39,94,79,15,36.91275167785235,10.738255033557047,26.174496644295303,63.08724832214765,53.02013422818792,10.06711409395973
E00074361,164,58,17,41,106,86,20,35.36585365853659,10.365853658536585,25,64.63414634146342,52.4390243902439,12.195121951219512
E00074362,172,60,25,35,112,86,26,34.883720930232556,14.534883720930234,20.348837209302324,65.11627906976744,50,15.11627906976744
E00074363,156,55,16,39,101,88,13,35.256410256410255,10.256410256410255,25,64.74358974358975,56.41025641025641,8.333333333333332
E00074364,131,47,16,31,84,75,9,35.87786259541985,12.213740458015266,23.66412213740458,64.12213740458014,57.25190839694656,6.870229007633588
E00074365,131,44,11,33,87,70,17,33.587786259541986,8.396946564885496,25.190839694656486,66.41221374045801,53.43511450381679,12.977099236641221
E00074366,170,51,13,38,119,107,12,30,7.647058823529412,22.35294117647059,70,62.94117647058823,7.0588235294117645
E00074367,157,51,15,36,106,94,12,32.48407643312102,9.554140127388536,22.929936305732486,67.51592356687898,59.87261146496815,7.643312101910828
E00074368,175,55,19,36,120,109,11,31.428571428571427,10.857142857142858,20.57142857142857,68.57142857142857,62.28571428571429,6.2857142857142865
E00074369,127,35,8,27,92,78,14,27.559055118110237,6.299212598425196,21.25984251968504,72.44094488188976,61.417322834645674,11.023622047244094
E00074371,98,27,6,21,71,64,7,27.55102040816326,6.122448979591836,21.428571428571427,72.44897959183673,65.3061224489796,7.142857142857142
E00074372,115,40,9,31,75,67,8,34.78260869565217,7.82608695652174,26.956521739130434,65.21739130434783,58.26086956521739,6.956521739130435
E00074373,188,58,14,44,130,117,13,30.851063829787233,7.446808510638298,23.404255319148938,69.14893617021278,62.23404255319149,6.914893617021277
E00074374,119,52,17,35,67,63,4,43.69747899159664,14.285714285714285,29.411764705882355,56.30252100840336,52.94117647058824,3.361344537815126
E00074375,144,60,9,51,84,76,8,41.66666666666667,6.25,35.41666666666667,58.333333333333336,52.77777777777778,5.555555555555555
E00074376,173,62,18,44,111,95,16,35.83815028901734,10.404624277456648,25.43352601156069,64.16184971098265,54.91329479768786,9.248554913294797
E00074377,159,63,25,38,96,85,11,39.62264150943396,15.723270440251572,23.89937106918239,60.37735849056604,53.459119496855344,6.918238993710692
E00074378,146,39,15,24,107,91,16,26.71232876712329,10.273972602739725,16.43835616438356,73.28767123287672,62.328767123287676,10.95890410958904
E00074379,141,42,9,33,99,86,13,29.78723404255319,6.382978723404255,23.404255319148938,70.2127659574468,60.99290780141844,9.219858156028367
E00074380,151,44,15,29,107,92,15,29.13907284768212,9.933774834437086,19.205298013245034,70.86092715231787,60.9271523178808,9.933774834437086
E00074381,132,42,11,31,90,76,14,31.818181818181817,8.333333333333332,23.484848484848484,68.18181818181817,57.57575757575758,10.606060606060606
E00074382,151,36,9,27,115,98,17,23.841059602649008,5.960264900662252,17.880794701986755,76.15894039735099,64.90066225165563,11.258278145695364
E00074383,108,31,9,22,77,66,11,28.703703703703702,8.333333333333332,20.37037037037037,71.29629629629629,61.111111111111114,10.185185185185185
E00074384,116,38,9,29,78,73,5,32.758620689655174,7.758620689655173,25,67.24137931034483,62.93103448275862,4.310344827586207
E00074385,125,45,12,33,80,71,9,36,9.6,26.400000000000002,64,56.8,7.199999999999999
E00074386,150,60,19,41,90,81,9,40,12.666666666666668,27.333333333333332,60,54,6
E00074387,116,37,12,25,79,72,7,31.896551724137932,10.344827586206897,21.551724137931032,68.10344827586206,62.06896551724138,6.0344827586206895
E00074388,118,33,8,25,85,71,14,27.966101694915253,6.779661016949152,21.1864406779661,72.03389830508475,60.16949152542372,11.864406779661017
E00074389,129,47,14,33,82,71,11,36.434108527131784,10.852713178294573,25.581395348837212,63.565891472868216,55.03875968992248,8.527131782945736
E00074390,41,25,10,15,16,16,0,60.97560975609756,24.390243902439025,36.58536585365854,39.02439024390244,39.02439024390244,0
E00074391,72,25,6,19,47,40,7,34.72222222222222,8.333333333333332,26.38888888888889,65.27777777777779,55.55555555555556,9.722222222222223
E00074392,118,33,16,17,85,77,8,27.966101694915253,13.559322033898304,14.40677966101695,72.03389830508475,65.2542372881356,6.779661016949152
E00074393,112,45,13,32,67,59,8,40.17857142857143,11.607142857142858,28.57142857142857,59.82142857142857,52.67857142857143,7.142857142857142
E00074394,91,28,7,21,63,60,3,30.76923076923077,7.6923076923076925,23.076923076923077,69.23076923076923,65.93406593406593,3.296703296703297
E00074395,120,25,6,19,95,89,6,20.833333333333336,5,15.833333333333332,79.16666666666666,74.16666666666667,5
E00074396,183,54,12,42,129,118,11,29.508196721311474,6.557377049180328,22.950819672131146,70.49180327868852,64.48087431693989,6.0109289617486334
E00074397,129,49,8,41,80,69,11,37.98449612403101,6.2015503875969,31.782945736434108,62.01550387596899,53.48837209302325,8.527131782945736
E00074398,172,48,13,35,124,106,18,27.906976744186046,7.55813953488372,20.348837209302324,72.09302325581395,61.627906976744185,10.465116279069768
E00074399,230,59,13,46,171,152,19,25.65217391304348,5.6521739130434785,20,74.34782608695653,66.08695652173913,8.26086956521739
E00074400,243,76,26,50,167,152,15,31.275720164609055,10.699588477366255,20.5761316872428,68.72427983539094,62.55144032921811,6.172839506172839
E00074401,279,64,12,52,215,189,26,22.939068100358423,4.301075268817205,18.63799283154122,77.06093189964157,67.74193548387096,9.31899641577061
E00074402,246,71,26,45,175,153,22,28.86178861788618,10.569105691056912,18.29268292682927,71.13821138211382,62.19512195121951,8.94308943089431
E00074403,295,92,27,65,203,182,21,31.186440677966104,9.152542372881356,22.033898305084744,68.8135593220339,61.694915254237294,7.118644067796611
E00074404,203,51,16,35,152,133,19,25.12315270935961,7.8817733990147785,17.24137931034483,74.8768472906404,65.51724137931035,9.35960591133005
E00074405,242,62,14,48,180,165,15,25.6198347107438,5.785123966942149,19.834710743801654,74.3801652892562,68.18181818181817,6.198347107438017
E00074406,196,68,29,39,128,118,10,34.69387755102041,14.795918367346939,19.897959183673468,65.3061224489796,60.204081632653065,5.1020408163265305
E00074407,279,68,14,54,211,194,17,24.372759856630825,5.017921146953405,19.35483870967742,75.62724014336918,69.53405017921148,6.093189964157706
E00074408,241,55,17,38,186,167,19,22.821576763485478,7.053941908713693,15.767634854771783,77.17842323651453,69.29460580912863,7.883817427385892
E00074411,345,96,36,60,249,223,26,27.82608695652174,10.434782608695652,17.391304347826086,72.17391304347827,64.6376811594203,7.536231884057972
E00074412,131,47,13,34,84,78,6,35.87786259541985,9.923664122137405,25.954198473282442,64.12213740458014,59.541984732824424,4.580152671755725
E00074413,233,57,15,42,176,164,12,24.463519313304722,6.437768240343347,18.025751072961373,75.53648068669528,70.3862660944206,5.150214592274678
E00074414,194,48,16,32,146,135,11,24.742268041237114,8.24742268041237,16.49484536082474,75.25773195876289,69.58762886597938,5.670103092783505
E00074415,206,54,7,47,152,133,19,26.21359223300971,3.3980582524271843,22.815533980582526,73.7864077669903,64.56310679611651,9.223300970873787
E00074416,215,64,26,38,151,134,17,29.767441860465116,12.093023255813954,17.674418604651162,70.23255813953489,62.32558139534884,7.906976744186046
E00074417,220,34,11,23,186,170,16,15.454545454545453,5,10.454545454545453,84.54545454545455,77.27272727272727,7.2727272727272725
E00074418,172,29,6,23,143,128,15,16.86046511627907,3.488372093023256,13.372093023255813,83.13953488372093,74.4186046511628,8.720930232558139
E00074419,203,50,13,37,153,136,17,24.63054187192118,6.403940886699508,18.226600985221676,75.36945812807882,66.99507389162561,8.374384236453201
E00074420,240,50,15,35,190,167,23,20.833333333333336,6.25,14.583333333333334,79.16666666666666,69.58333333333333,9.583333333333334
E00074421,189,54,15,39,135,130,5,28.57142857142857,7.936507936507936,20.634920634920633,71.42857142857143,68.78306878306879,2.6455026455026456
E00074422,162,49,20,29,113,105,8,30.246913580246915,12.345679012345679,17.901234567901234,69.75308641975309,64.81481481481481,4.938271604938271
E00074423,220,56,20,36,164,135,29,25.454545454545453,9.090909090909092,16.363636363636363,74.54545454545455,61.36363636363637,13.18181818181818
E00074424,174,37,16,21,137,125,12,21.26436781609195,9.195402298850574,12.068965517241379,78.73563218390804,71.83908045977012,6.896551724137931
E00074425,188,62,19,43,126,114,12,32.97872340425532,10.106382978723403,22.872340425531913,67.02127659574468,60.63829787234043,6.382978723404255
E00074426,201,40,15,25,161,138,23,19.900497512437813,7.462686567164178,12.437810945273633,80.09950248756219,68.65671641791045,11.442786069651742
E00074427,210,39,7,32,171,151,20,18.571428571428573,3.3333333333333335,15.238095238095239,81.42857142857143,71.9047619047619,9.523809523809524
E00074428,214,53,18,35,161,148,13,24.766355140186917,8.411214953271028,16.355140186915886,75.23364485981308,69.1588785046729,6.074766355140187
E00074429,193,53,18,35,140,125,15,27.461139896373055,9.32642487046632,18.134715025906736,72.53886010362694,64.76683937823834,7.772020725388601
E00074430,210,49,21,28,161,134,27,23.333333333333332,10,13.333333333333334,76.66666666666667,63.8095238095238,12.857142857142856
E00074431,279,77,26,51,202,185,17,27.598566308243726,9.31899641577061,18.27956989247312,72.40143369175627,66.30824372759857,6.093189964157706
E00074432,239,67,22,45,172,161,11,28.03347280334728,9.205020920502092,18.828451882845187,71.96652719665272,67.36401673640168,4.602510460251046
E00074433,199,59,13,46,140,116,24,29.64824120603015,6.532663316582915,23.115577889447238,70.35175879396985,58.291457286432156,12.060301507537687
E00074434,155,49,15,34,106,92,14,31.61290322580645,9.67741935483871,21.935483870967744,68.38709677419355,59.354838709677416,9.032258064516128
E00074435,204,47,19,28,157,142,15,23.03921568627451,9.313725490196079,13.725490196078432,76.9607843137255,69.6078431372549,7.352941176470589
E00074436,227,58,22,36,169,150,19,25.55066079295154,9.691629955947137,15.859030837004406,74.44933920704845,66.07929515418502,8.370044052863436
E00074437,242,70,23,47,172,152,20,28.92561983471074,9.50413223140496,19.421487603305785,71.07438016528926,62.8099173553719,8.264462809917356
E00074438,218,78,19,59,140,128,12,35.77981651376147,8.715596330275229,27.06422018348624,64.22018348623854,58.71559633027523,5.5045871559633035
E00074439,97,29,7,22,68,61,7,29.896907216494846,7.216494845360824,22.68041237113402,70.10309278350515,62.88659793814433,7.216494845360824
E00165771,177,71,38,33,106,90,16,40.11299435028249,21.468926553672315,18.64406779661017,59.887005649717516,50.847457627118644,9.03954802259887
E00165772,88,25,12,13,63,53,10,28.40909090909091,13.636363636363635,14.772727272727273,71.5909090909091,60.22727272727273,11.363636363636363
E00174043,138,44,26,18,94,85,9,31.88405797101449,18.84057971014493,13.043478260869565,68.11594202898551,61.59420289855072,6.521739130434782
E00174044,192,63,30,33,129,116,13,32.8125,15.625,17.1875,67.1875,60.416666666666664,6.770833333333333
E00174046,144,39,18,21,105,83,22,27.083333333333332,12.5,14.583333333333334,72.91666666666666,57.638888888888886,15.277777777777779
E00174053,189,43,16,27,146,132,14,22.75132275132275,8.465608465608465,14.285714285714285,77.24867724867724,69.84126984126983,7.4074074074074066
E00174058,169,47,13,34,122,105,17,27.810650887573964,7.6923076923076925,20.118343195266274,72.18934911242604,62.1301775147929,10.059171597633137
E00174214,155,44,17,27,111,102,9,28.387096774193548,10.967741935483872,17.419354838709676,71.61290322580646,65.80645161290323,5.806451612903226
E00174215,139,45,16,29,94,85,9,32.37410071942446,11.510791366906476,20.863309352517987,67.62589928057554,61.15107913669065,6.474820143884892
E00174218,270,60,25,35,210,183,27,22.22222222222222,9.25925925925926,12.962962962962962,77.77777777777779,67.77777777777779,10
E00174220,61,23,7,16,38,23,15,37.704918032786885,11.475409836065573,26.229508196721312,62.295081967213115,37.704918032786885,24.59016393442623
E00174221,131,26,11,15,105,90,15,19.84732824427481,8.396946564885496,11.450381679389313,80.1526717557252,68.70229007633588,11.450381679389313
E00174225,113,22,10,12,91,88,3,19.469026548672566,8.849557522123893,10.619469026548673,80.53097345132744,77.87610619469027,2.6548672566371683
E00174226,185,44,18,26,141,132,9,23.783783783783786,9.72972972972973,14.054054054054054,76.21621621621621,71.35135135135135,4.864864864864865
E00174228,145,54,19,35,91,85,6,37.24137931034483,13.10344827586207,24.137931034482758,62.758620689655174,58.620689655172406,4.137931034482759
E00174229,224,64,23,41,160,145,15,28.57142857142857,10.267857142857142,18.303571428571427,71.42857142857143,64.73214285714286,6.696428571428571
E00174231,132,56,40,16,76,71,5,42.42424242424242,30.303030303030305,12.121212121212121,57.57575757575758,53.78787878787878,3.787878787878788
E00174232,226,51,11,40,175,163,12,22.566371681415927,4.867256637168142,17.699115044247787,77.43362831858407,72.12389380530973,5.3097345132743365
E00174234,281,56,21,35,225,206,19,19.9288256227758,7.473309608540925,12.455516014234876,80.0711743772242,73.30960854092527,6.761565836298933
E00174237,180,53,28,25,127,114,13,29.444444444444446,15.555555555555555,13.88888888888889,70.55555555555556,63.33333333333333,7.222222222222221
E00174239,53,18,6,12,35,26,9,33.9622641509434,11.320754716981133,22.641509433962266,66.0377358490566,49.056603773584904,16.9811320754717
E00174243,178,28,10,18,150,132,18,15.730337078651685,5.617977528089887,10.112359550561797,84.26966292134831,74.15730337078652,10.112359550561797
E00174245,96,26,11,15,70,62,8,27.083333333333332,11.458333333333332,15.625,72.91666666666666,64.58333333333334,8.333333333333332
E00174246,115,38,13,25,77,69,8,33.04347826086956,11.304347826086957,21.73913043478261,66.95652173913044,60,6.956521739130435
E00174248,150,24,11,13,126,112,14,16,7.333333333333333,8.666666666666668,84,74.66666666666667,9.333333333333334
E00174249,140,45,21,24,95,87,8,32.142857142857146,15,17.142857142857142,67.85714285714286,62.142857142857146,5.714285714285714
E00174251,290,84,15,69,206,189,17,28.965517241379313,5.172413793103448,23.79310344827586,71.03448275862068,65.17241379310344,5.862068965517241
E00174253,152,31,10,21,121,109,12,20.394736842105264,6.578947368421052,13.815789473684212,79.60526315789474,71.71052631578947,7.894736842105263
E00174254,112,30,8,22,82,71,11,26.785714285714285,7.142857142857142,19.642857142857142,73.21428571428571,63.39285714285714,9.821428571428571
E00174256,207,32,14,18,175,152,23,15.458937198067632,6.763285024154589,8.695652173913043,84.54106280193237,73.42995169082126,11.11111111111111
E00174257,256,31,8,23,225,199,26,12.109375,3.125,8.984375,87.890625,77.734375,10.15625
E00174259,155,33,15,18,122,111,11,21.29032258064516,9.67741935483871,11.612903225806452,78.70967741935485,71.61290322580646,7.096774193548387
E00174260,103,36,15,21,67,61,6,34.95145631067961,14.563106796116504,20.388349514563107,65.0485436893204,59.22330097087378,5.825242718446602
E00174262,196,51,29,22,145,131,14,26.02040816326531,14.795918367346939,11.224489795918368,73.9795918367347,66.83673469387756,7.142857142857142
E00174263,137,26,11,15,111,103,8,18.97810218978102,8.02919708029197,10.948905109489052,81.02189781021897,75.18248175182481,5.839416058394161
E00174273,148,62,30,32,86,76,10,41.891891891891895,20.27027027027027,21.62162162162162,58.108108108108105,51.35135135135135,6.756756756756757
E00174275,113,15,6,9,98,75,23,13.274336283185843,5.3097345132743365,7.964601769911504,86.72566371681415,66.3716814159292,20.353982300884958
E00174276,189,40,11,29,149,129,20,21.164021164021165,5.82010582010582,15.343915343915343,78.83597883597884,68.25396825396825,10.582010582010582
E00174277,181,22,15,7,159,135,24,12.154696132596685,8.287292817679557,3.867403314917127,87.84530386740332,74.58563535911603,13.259668508287293
E00174278,355,41,22,19,314,283,31,11.549295774647888,6.197183098591549,5.352112676056338,88.45070422535211,79.71830985915493,8.732394366197182
E00174279,130,36,14,22,94,89,5,27.692307692307693,10.76923076923077,16.923076923076923,72.3076923076923,68.46153846153847,3.8461538461538463
E00174280,109,30,6,24,79,72,7,27.522935779816514,5.5045871559633035,22.018348623853214,72.47706422018348,66.05504587155964,6.422018348623854
E00174281,146,39,14,25,107,98,9,26.71232876712329,9.58904109589041,17.123287671232877,73.28767123287672,67.12328767123287,6.164383561643835
E00174282,279,48,14,34,231,203,28,17.20430107526882,5.017921146953405,12.186379928315413,82.79569892473118,72.75985663082437,10.03584229390681
E00174283,167,42,13,29,125,111,14,25.149700598802394,7.784431137724551,17.365269461077844,74.8502994011976,66.46706586826348,8.383233532934131
E00174284,176,23,9,14,153,136,17,13.068181818181818,5.113636363636364,7.954545454545454,86.93181818181817,77.27272727272727,9.659090909090908
E00174286,180,33,9,24,147,139,8,18.333333333333332,5,13.333333333333334,81.66666666666667,77.22222222222223,4.444444444444445
E00174287,147,23,9,14,124,109,15,15.646258503401361,6.122448979591836,9.523809523809524,84.35374149659864,74.14965986394559,10.204081632653061
E00174288,154,52,21,31,102,94,8,33.76623376623377,13.636363636363635,20.12987012987013,66.23376623376623,61.038961038961034,5.194805194805195
E00174289,165,50,24,26,115,104,11,30.303030303030305,14.545454545454545,15.757575757575756,69.6969696969697,63.030303030303024,6.666666666666667
E00174290,98,34,11,23,64,59,5,34.69387755102041,11.224489795918368,23.46938775510204,65.3061224489796,60.204081632653065,5.1020408163265305
E00174291,236,49,22,27,187,170,17,20.76271186440678,9.322033898305085,11.440677966101696,79.23728813559322,72.03389830508475,7.203389830508475
E00174292,226,34,14,20,192,178,14,15.04424778761062,6.1946902654867255,8.849557522123893,84.95575221238938,78.76106194690266,6.1946902654867255
E00174293,240,70,40,30,170,147,23,29.166666666666668,16.666666666666664,12.5,70.83333333333334,61.25000000000001,9.583333333333334
E00174294,157,33,21,12,124,115,9,21.019108280254777,13.375796178343949,7.643312101910828,78.98089171974523,73.24840764331209,5.7324840764331215
E00174295,202,104,78,26,98,90,8,51.48514851485149,38.613861386138616,12.871287128712872,48.51485148514851,44.554455445544555,3.9603960396039604
E00174296,217,43,22,21,174,155,19,19.81566820276498,10.138248847926267,9.67741935483871,80.18433179723502,71.42857142857143,8.755760368663594
E00174298,82,38,29,9,44,41,3,46.34146341463415,35.36585365853659,10.975609756097562,53.65853658536586,50,3.6585365853658534
E00174299,232,43,9,34,189,172,17,18.53448275862069,3.8793103448275863,14.655172413793101,81.46551724137932,74.13793103448276,7.327586206896551
E00174300,177,17,9,8,160,149,11,9.6045197740113,5.084745762711865,4.519774011299435,90.3954802259887,84.18079096045197,6.214689265536723
E00174302,93,26,7,19,67,59,8,27.956989247311824,7.526881720430108,20.43010752688172,72.04301075268818,63.44086021505376,8.60215053763441
E00174303,180,28,16,12,152,132,20,15.555555555555555,8.88888888888889,6.666666666666667,84.44444444444444,73.33333333333333,11.11111111111111
E00174304,103,25,5,20,78,71,7,24.271844660194176,4.854368932038835,19.41747572815534,75.72815533980582,68.93203883495146,6.796116504854369
E00174305,83,33,15,18,50,38,12,39.75903614457831,18.072289156626507,21.686746987951807,60.24096385542169,45.78313253012048,14.457831325301203
E00174306,100,42,13,29,58,51,7,42,13,28.999999999999996,57.99999999999999,51,7.000000000000001
E00174307,121,49,30,19,72,56,16,40.49586776859504,24.793388429752067,15.702479338842975,59.50413223140496,46.28099173553719,13.223140495867769
E00174309,106,24,10,14,82,62,20,22.641509433962266,9.433962264150944,13.20754716981132,77.35849056603774,58.490566037735846,18.867924528301888
E00174311,137,17,5,12,120,107,13,12.408759124087592,3.64963503649635,8.75912408759124,87.59124087591242,78.1021897810219,9.48905109489051
E00174312,134,63,52,11,71,58,13,47.01492537313433,38.80597014925373,8.208955223880597,52.98507462686567,43.28358208955223,9.701492537313433
E00174313,131,28,8,20,103,88,15,21.374045801526716,6.106870229007633,15.267175572519085,78.62595419847328,67.17557251908397,11.450381679389313
E00174314,50,12,5,7,38,32,6,24,10,14.000000000000002,76,64,12
E00174315,215,70,21,49,145,121,24,32.55813953488372,9.767441860465116,22.790697674418606,67.44186046511628,56.27906976744186,11.162790697674419
E00174316,125,32,15,17,93,82,11,25.6,12,13.600000000000001,74.4,65.60000000000001,8.799999999999999
E00174317,98,11,2,9,87,82,5,11.224489795918368,2.0408163265306123,9.183673469387756,88.77551020408163,83.6734693877551,5.1020408163265305
E00174318,83,23,9,14,60,54,6,27.710843373493976,10.843373493975903,16.867469879518072,72.28915662650603,65.06024096385542,7.228915662650602
E00174319,77,40,17,23,37,34,3,51.94805194805194,22.07792207792208,29.87012987012987,48.05194805194805,44.15584415584416,3.896103896103896
E00174320,138,52,25,27,86,79,7,37.68115942028986,18.115942028985508,19.565217391304348,62.31884057971014,57.2463768115942,5.072463768115942
E00174321,105,68,44,24,37,36,1,64.76190476190476,41.904761904761905,22.857142857142858,35.23809523809524,34.285714285714285,0.9523809523809524
E00174322,61,31,14,17,30,26,4,50.81967213114754,22.950819672131146,27.86885245901639,49.18032786885246,42.62295081967213,6.557377049180328
E00174323,58,23,8,15,35,32,3,39.6551724137931,13.793103448275861,25.862068965517242,60.3448275862069,55.172413793103445,5.172413793103448
E00174324,137,56,39,17,81,65,16,40.87591240875913,28.467153284671532,12.408759124087592,59.12408759124088,47.44525547445255,11.678832116788321
E00174325,258,47,19,28,211,180,31,18.217054263565892,7.3643410852713185,10.852713178294573,81.78294573643412,69.76744186046511,12.015503875968992
E00174326,192,70,22,48,122,112,10,36.45833333333333,11.458333333333332,25,63.541666666666664,58.333333333333336,5.208333333333334
E00174327,216,62,26,36,154,139,15,28.703703703703702,12.037037037037036,16.666666666666664,71.29629629629629,64.35185185185185,6.944444444444445
E00174328,130,29,11,18,101,94,7,22.30769230769231,8.461538461538462,13.846153846153847,77.6923076923077,72.3076923076923,5.384615384615385
E00174329,174,40,15,25,134,123,11,22.988505747126435,8.620689655172415,14.367816091954023,77.01149425287356,70.6896551724138,6.321839080459771
E00174331,57,20,6,14,37,35,2,35.08771929824561,10.526315789473683,24.561403508771928,64.91228070175438,61.40350877192983,3.508771929824561
E00174332,168,55,15,40,113,96,17,32.73809523809524,8.928571428571429,23.809523809523807,67.26190476190477,57.14285714285714,10.119047619047619
E00174333,169,38,13,25,131,115,16,22.485207100591715,7.6923076923076925,14.792899408284024,77.51479289940828,68.04733727810651,9.467455621301776
E00178043,149,35,16,19,114,102,12,23.48993288590604,10.738255033557047,12.751677852348994,76.51006711409396,68.45637583892618,8.053691275167784
E00178044,172,42,20,22,130,118,12,24.418604651162788,11.627906976744185,12.790697674418606,75.5813953488372,68.6046511627907,6.976744186046512
E00178045,142,47,25,22,95,86,9,33.098591549295776,17.6056338028169,15.492957746478872,66.90140845070422,60.56338028169014,6.338028169014084
E00178046,320,153,110,43,167,142,25,47.8125,34.375,13.4375,52.1875,44.375,7.8125
E00178047,131,28,10,18,103,92,11,21.374045801526716,7.633587786259542,13.740458015267176,78.62595419847328,70.22900763358778,8.396946564885496
E00178048,116,10,3,7,106,88,18,8.620689655172415,2.586206896551724,6.0344827586206895,91.37931034482759,75.86206896551724,15.517241379310345
E00178049,182,27,10,17,155,143,12,14.835164835164836,5.4945054945054945,9.340659340659341,85.16483516483517,78.57142857142857,6.593406593406594
E00178050,118,71,25,46,47,41,6,60.16949152542372,21.1864406779661,38.983050847457626,39.83050847457627,34.74576271186441,5.084745762711865
E00178051,85,34,14,20,51,47,4,40,16.470588235294116,23.52941176470588,60,55.294117647058826,4.705882352941177
E00178052,180,64,20,44,116,103,13,35.55555555555556,11.11111111111111,24.444444444444443,64.44444444444444,57.22222222222222,7.222222222222221
E00178053,305,61,17,44,244,216,28,20,5.573770491803279,14.426229508196723,80,70.81967213114754,9.180327868852459
E00178054,136,45,7,38,91,78,13,33.088235294117645,5.147058823529411,27.941176470588236,66.91176470588235,57.35294117647059,9.558823529411764
E00178055,86,19,9,10,67,59,8,22.093023255813954,10.465116279069768,11.627906976744185,77.90697674418605,68.6046511627907,9.30232558139535
E00178056,192,98,70,28,94,78,16,51.041666666666664,36.45833333333333,14.583333333333334,48.95833333333333,40.625,8.333333333333332
E00178057,270,64,20,44,206,192,14,23.703703703703706,7.4074074074074066,16.296296296296298,76.29629629629629,71.11111111111111,5.185185185185185
E00178058,87,13,5,8,74,56,18,14.942528735632186,5.747126436781609,9.195402298850574,85.0574712643678,64.36781609195403,20.689655172413794
E00178059,211,29,14,15,182,159,23,13.744075829383887,6.6350710900473935,7.109004739336493,86.25592417061611,75.35545023696683,10.90047393364929
E00178060,265,35,11,24,230,199,31,13.20754716981132,4.150943396226415,9.056603773584905,86.79245283018868,75.09433962264151,11.69811320754717
E00178061,243,43,14,29,200,186,14,17.695473251028808,5.761316872427984,11.934156378600823,82.3045267489712,76.5432098765432,5.761316872427984
E00178062,238,51,13,38,187,170,17,21.428571428571427,5.46218487394958,15.966386554621847,78.57142857142857,71.42857142857143,7.142857142857142
E00178063,27,6,2,4,21,16,5,22.22222222222222,7.4074074074074066,14.814814814814813,77.77777777777779,59.25925925925925,18.51851851851852
E00178064,193,149,121,28,44,38,6,77.2020725388601,62.69430051813472,14.507772020725387,22.797927461139896,19.689119170984455,3.1088082901554404
E00178065,163,35,12,23,128,112,16,21.472392638036812,7.361963190184049,14.11042944785276,78.52760736196319,68.71165644171779,9.815950920245399
E00178066,172,63,49,14,109,102,7,36.627906976744185,28.488372093023255,8.13953488372093,63.372093023255815,59.30232558139535,4.069767441860465
E00178067,102,21,7,14,81,68,13,20.588235294117645,6.862745098039216,13.725490196078432,79.41176470588235,66.66666666666666,12.745098039215685
E00178068,88,31,14,17,57,50,7,35.22727272727273,15.909090909090908,19.318181818181817,64.77272727272727,56.81818181818182,7.954545454545454
E00178069,326,40,15,25,286,243,43,12.269938650306749,4.601226993865031,7.668711656441718,87.73006134969326,74.5398773006135,13.190184049079754
E00178070,134,38,15,23,96,87,9,28.35820895522388,11.194029850746269,17.16417910447761,71.64179104477611,64.92537313432835,6.7164179104477615
E00178071,140,31,10,21,109,104,5,22.142857142857142,7.142857142857142,15,77.85714285714286,74.28571428571429,3.571428571428571
E00178072,194,25,14,11,169,137,32,12.886597938144329,7.216494845360824,5.670103092783505,87.11340206185567,70.61855670103093,16.49484536082474
E00178073,152,13,6,7,139,118,21,8.552631578947368,3.9473684210526314,4.605263157894736,91.44736842105263,77.63157894736842,13.815789473684212
E00178074,201,69,28,41,132,104,28,34.32835820895522,13.930348258706468,20.398009950248756,65.67164179104478,51.741293532338304,13.930348258706468
E00178075,75,16,6,10,59,59,0,21.333333333333336,8,13.333333333333334,78.66666666666666,78.66666666666666,0
E00178076,222,20,8,12,202,183,19,9.00900900900901,3.6036036036036037,5.405405405405405,90.990990990991,82.43243243243244,8.558558558558559
E00178077,64,23,11,12,41,31,10,35.9375,17.1875,18.75,64.0625,48.4375,15.625
E00178078,48,25,11,14,23,22,1,52.083333333333336,22.916666666666664,29.166666666666668,47.91666666666667,45.83333333333333,2.083333333333333
E00178079,309,58,25,33,251,208,43,18.77022653721683,8.090614886731391,10.679611650485436,81.22977346278317,67.31391585760518,13.915857605177994
E00178080,168,86,33,53,82,78,4,51.19047619047619,19.642857142857142,31.547619047619047,48.80952380952381,46.42857142857143,2.380952380952381
E00178081,72,14,0,14,58,51,7,19.444444444444446,0,19.444444444444446,80.55555555555556,70.83333333333334,9.722222222222223
E00178082,173,38,8,30,135,123,12,21.965317919075144,4.624277456647398,17.341040462427745,78.03468208092485,71.09826589595376,6.9364161849710975
E00178083,193,48,23,25,145,123,22,24.870466321243523,11.917098445595855,12.953367875647666,75.12953367875647,63.730569948186535,11.398963730569948
E00178084,471,68,28,40,403,347,56,14.437367303609342,5.9447983014862,8.492569002123142,85.56263269639066,73.67303609341825,11.8895966029724
E00178085,80,22,7,15,58,49,9,27.500000000000004,8.75,18.75,72.5,61.25000000000001,11.25
E00178086,223,28,7,21,195,173,22,12.556053811659194,3.1390134529147984,9.417040358744394,87.4439461883408,77.57847533632287,9.865470852017937
E00178087,205,85,36,49,120,102,18,41.46341463414634,17.560975609756095,23.902439024390244,58.536585365853654,49.75609756097561,8.780487804878048
E00178088,102,11,4,7,91,80,11,10.784313725490197,3.9215686274509802,6.862745098039216,89.2156862745098,78.43137254901961,10.784313725490197
E00178089,135,71,20,51,64,52,12,52.59259259259259,14.814814814814813,37.77777777777778,47.40740740740741,38.51851851851852,8.88888888888889
E00178090,106,9,6,3,97,82,15,8.49056603773585,5.660377358490567,2.8301886792452833,91.50943396226415,77.35849056603774,14.150943396226415
E00178091,159,43,21,22,116,105,11,27.044025157232703,13.20754716981132,13.836477987421384,72.95597484276729,66.0377358490566,6.918238993710692
E00178092,226,62,23,39,164,147,17,27.43362831858407,10.176991150442479,17.25663716814159,72.56637168141593,65.04424778761062,7.52212389380531
E00178093,128,11,6,5,117,101,16,8.59375,4.6875,3.90625,91.40625,78.90625,12.5
E00178094,105,15,5,10,90,79,11,14.285714285714285,4.761904761904762,9.523809523809524,85.71428571428571,75.23809523809524,10.476190476190476
E00178095,86,25,8,17,61,56,5,29.069767441860467,9.30232558139535,19.767441860465116,70.93023255813954,65.11627906976744,5.813953488372093
E00178096,100,38,20,18,62,55,7,38,20,18,62,55.00000000000001,7.000000000000001
E00178097,83,10,1,9,73,53,20,12.048192771084338,1.2048192771084338,10.843373493975903,87.95180722891565,63.85542168674698,24.096385542168676
E00178098,139,27,9,18,112,101,11,19.424460431654676,6.474820143884892,12.949640287769784,80.57553956834532,72.66187050359713,7.913669064748201
E00178099,144,54,23,31,90,76,14,37.5,15.972222222222221,21.52777777777778,62.5,52.77777777777778,9.722222222222223
E00178100,148,40,11,29,108,100,8,27.027027027027028,7.4324324324324325,19.594594594594593,72.97297297297297,67.56756756756756,5.405405405405405
E00178101,182,24,11,13,158,144,14,13.186813186813188,6.043956043956044,7.142857142857142,86.81318681318682,79.12087912087912,7.6923076923076925
E00178102,163,62,13,49,101,88,13,38.036809815950924,7.975460122699387,30.061349693251532,61.963190184049076,53.987730061349694,7.975460122699387
E00178103,201,24,8,16,177,157,20,11.940298507462686,3.9800995024875623,7.960199004975125,88.05970149253731,78.1094527363184,9.950248756218906
E00178104,149,58,16,42,91,82,9,38.92617449664429,10.738255033557047,28.187919463087248,61.07382550335571,55.033557046979865,6.0402684563758395
E00178105,83,19,7,12,64,53,11,22.89156626506024,8.433734939759036,14.457831325301203,77.10843373493977,63.85542168674698,13.253012048192772
E00178106,157,54,36,18,103,73,30,34.394904458598724,22.929936305732486,11.464968152866243,65.60509554140127,46.496815286624205,19.10828025477707
E00178107,115,24,9,15,91,87,4,20.869565217391305,7.82608695652174,13.043478260869565,79.13043478260869,75.65217391304347,3.4782608695652173
E00178108,280,82,23,59,198,176,22,29.28571428571429,8.214285714285714,21.071428571428573,70.71428571428572,62.857142857142854,7.857142857142857
E00178109,125,15,6,9,110,93,17,12,4.8,7.199999999999999,88,74.4,13.600000000000001
E00178110,139,16,4,12,123,109,14,11.510791366906476,2.877697841726619,8.633093525179856,88.48920863309353,78.41726618705036,10.071942446043165
E00178111,63,16,10,6,47,41,6,25.396825396825395,15.873015873015872,9.523809523809524,74.60317460317461,65.07936507936508,9.523809523809524
E00178112,294,51,29,22,243,200,43,17.346938775510203,9.863945578231291,7.482993197278912,82.6530612244898,68.02721088435374,14.625850340136054
E00178113,134,43,9,34,91,83,8,32.08955223880597,6.7164179104477615,25.37313432835821,67.91044776119402,61.940298507462686,5.970149253731343
E00178114,211,71,45,26,140,126,14,33.649289099526065,21.32701421800948,12.322274881516588,66.35071090047393,59.71563981042654,6.6350710900473935
E00178115,101,7,3,4,94,83,11,6.9306930693069315,2.9702970297029703,3.9603960396039604,93.06930693069307,82.17821782178217,10.891089108910892
E00178116,58,34,16,18,24,21,3,58.620689655172406,27.586206896551722,31.03448275862069,41.37931034482759,36.206896551724135,5.172413793103448
E00178117,327,60,24,36,267,247,20,18.34862385321101,7.339449541284404,11.009174311926607,81.65137614678899,75.53516819571865,6.116207951070336
E00178118,245,39,11,28,206,186,20,15.918367346938775,4.489795918367347,11.428571428571429,84.08163265306122,75.91836734693878,8.16326530612245
E00178119,145,37,11,26,108,91,17,25.517241379310345,7.586206896551724,17.93103448275862,74.48275862068967,62.758620689655174,11.724137931034482
