OA,ts0380001,ts0380002,ts0380003,ts0380004,ts0380005,ts0380006,ts0380007,ts0380002_PCT,ts0380003_PCT,ts0380004_PCT,ts0380005_PCT,ts0380006_PCT,ts0380007_PCT
E00060556,333,51,26,25,282,23,259,15.315315315315313,7.807807807807808,7.5075075075075075,84.68468468468468,6.906906906906906,77.77777777777779
E00060557,312,48,14,34,264,20,244,15.384615384615385,4.487179487179487,10.897435897435898,84.61538461538461,6.41025641025641,78.2051282051282
E00060558,282,49,21,28,233,20,213,17.375886524822697,7.446808510638298,9.929078014184398,82.62411347517731,7.092198581560284,75.53191489361703
E00060559,332,42,21,21,290,22,268,12.650602409638553,6.325301204819277,6.325301204819277,87.34939759036145,6.626506024096386,80.72289156626506
E00060560,400,68,33,35,332,16,316,17,8.25,8.75,83,4,79
E00060561,299,67,23,44,232,12,220,22.40802675585284,7.6923076923076925,14.715719063545151,77.59197324414716,4.013377926421405,73.57859531772574
E00060562,267,43,18,25,224,14,210,16.10486891385768,6.741573033707865,9.363295880149813,83.89513108614233,5.2434456928838955,78.65168539325843
E00060563,417,60,28,32,357,29,328,14.388489208633093,6.71462829736211,7.673860911270983,85.61151079136691,6.954436450839328,78.65707434052757
E00060564,338,35,13,22,303,28,275,10.355029585798817,3.8461538461538463,6.508875739644971,89.64497041420118,8.284023668639055,81.36094674556213
E00060565,342,48,13,35,294,26,268,14.035087719298245,3.8011695906432745,10.23391812865497,85.96491228070175,7.602339181286549,78.3625730994152
E00060566,299,57,25,32,242,26,216,19.063545150501675,8.361204013377927,10.702341137123746,80.93645484949833,8.695652173913043,72.24080267558529
E00060567,346,68,39,29,278,19,259,19.653179190751445,11.271676300578035,8.38150289017341,80.34682080924856,5.491329479768786,74.85549132947978
E00060568,368,44,14,30,324,26,298,11.956521739130435,3.804347826086957,8.152173913043478,88.04347826086956,7.065217391304348,80.97826086956522
E00060569,390,62,21,41,328,24,304,15.897435897435896,5.384615384615385,10.512820512820513,84.1025641025641,6.153846153846154,77.94871794871796
E00060570,349,38,15,23,311,28,283,10.888252148997136,4.297994269340974,6.59025787965616,89.11174785100286,8.022922636103152,81.08882521489971
E00060571,366,45,18,27,321,26,295,12.295081967213115,4.918032786885246,7.377049180327869,87.70491803278688,7.103825136612022,80.60109289617486
E00060572,245,63,26,37,182,25,157,25.71428571428571,10.612244897959183,15.10204081632653,74.28571428571429,10.204081632653061,64.08163265306122
E00060573,545,65,16,49,480,34,446,11.926605504587156,2.9357798165137616,8.990825688073395,88.07339449541286,6.238532110091743,81.8348623853211
E00060574,361,76,39,37,285,24,261,21.052631578947366,10.80332409972299,10.249307479224377,78.94736842105263,6.64819944598338,72.29916897506925
E00060575,316,50,21,29,266,22,244,15.822784810126583,6.6455696202531636,9.177215189873419,84.17721518987342,6.962025316455696,77.21518987341773
E00060576,305,70,41,29,235,16,219,22.950819672131146,13.442622950819672,9.508196721311474,77.04918032786885,5.245901639344262,71.80327868852459
E00060577,348,64,28,36,284,20,264,18.39080459770115,8.045977011494253,10.344827586206897,81.60919540229885,5.747126436781609,75.86206896551724
E00060578,397,54,23,31,343,29,314,13.602015113350127,5.793450881612091,7.8085642317380355,86.39798488664987,7.304785894206549,79.09319899244332
E00060579,385,55,24,31,330,17,313,14.285714285714285,6.233766233766234,8.051948051948052,85.71428571428571,4.415584415584416,81.2987012987013
E00060580,224,48,22,26,176,16,160,21.428571428571427,9.821428571428571,11.607142857142858,78.57142857142857,7.142857142857142,71.42857142857143
E00060581,362,71,37,34,291,19,272,19.613259668508288,10.220994475138122,9.392265193370166,80.38674033149171,5.248618784530387,75.13812154696133
E00060582,340,58,26,32,282,18,264,17.058823529411764,7.647058823529412,9.411764705882353,82.94117647058825,5.294117647058823,77.64705882352942
E00060583,362,61,29,32,301,17,284,16.85082872928177,8.011049723756907,8.83977900552486,83.14917127071824,4.696132596685083,78.45303867403315
E00060584,282,51,18,33,231,17,214,18.085106382978726,6.382978723404255,11.702127659574469,81.91489361702128,6.028368794326241,75.88652482269504
E00060585,328,81,44,37,247,16,231,24.695121951219512,13.414634146341465,11.28048780487805,75.3048780487805,4.878048780487805,70.42682926829268
E00060586,257,59,28,31,198,14,184,22.957198443579767,10.894941634241246,12.062256809338521,77.04280155642024,5.447470817120623,71.59533073929961
E00060587,301,62,35,27,239,17,222,20.59800664451827,11.627906976744185,8.970099667774086,79.40199335548172,5.647840531561462,73.75415282392026
E00060588,268,53,26,27,215,12,203,19.776119402985074,9.701492537313433,10.074626865671641,80.22388059701493,4.477611940298507,75.74626865671642
E00060589,372,67,36,31,305,22,283,18.010752688172044,9.67741935483871,8.333333333333332,81.98924731182797,5.913978494623656,76.0752688172043
E00060590,408,102,52,50,306,15,291,25,12.745098039215685,12.254901960784313,75,3.6764705882352944,71.32352941176471
E00060591,299,85,47,38,214,11,203,28.428093645484946,15.719063545150503,12.709030100334449,71.57190635451505,3.678929765886288,67.89297658862876
E00060592,295,88,50,38,207,20,187,29.830508474576273,16.94915254237288,12.88135593220339,70.16949152542374,6.779661016949152,63.389830508474574
E00060593,280,61,38,23,219,8,211,21.785714285714285,13.571428571428571,8.214285714285714,78.21428571428571,2.857142857142857,75.35714285714286
E00060594,344,62,32,30,282,16,266,18.023255813953487,9.30232558139535,8.720930232558139,81.97674418604652,4.651162790697675,77.32558139534885
E00060595,263,66,38,28,197,16,181,25.09505703422053,14.44866920152091,10.646387832699618,74.90494296577947,6.083650190114068,68.8212927756654
E00060596,286,70,28,42,216,15,201,24.475524475524477,9.79020979020979,14.685314685314685,75.52447552447552,5.244755244755245,70.27972027972028
E00060597,220,61,33,28,159,14,145,27.727272727272727,15,12.727272727272727,72.27272727272728,6.363636363636363,65.9090909090909
E00060598,263,53,34,19,210,14,196,20.15209125475285,12.927756653992395,7.224334600760455,79.84790874524715,5.323193916349809,74.52471482889734
E00060599,263,74,37,37,189,19,170,28.13688212927757,14.068441064638785,14.068441064638785,71.86311787072243,7.224334600760455,64.63878326996198
E00060600,257,59,28,31,198,12,186,22.957198443579767,10.894941634241246,12.062256809338521,77.04280155642024,4.669260700389105,72.37354085603113
E00060601,248,75,40,35,173,10,163,30.241935483870968,16.129032258064516,14.112903225806454,69.75806451612904,4.032258064516129,65.7258064516129
E00060602,159,79,47,32,80,12,68,49.685534591194966,29.559748427672954,20.125786163522015,50.314465408805034,7.547169811320755,42.76729559748428
E00060603,223,56,28,28,167,13,154,25.112107623318387,12.556053811659194,12.556053811659194,74.88789237668162,5.829596412556054,69.05829596412556
E00060604,251,52,26,26,199,23,176,20.717131474103585,10.358565737051793,10.358565737051793,79.2828685258964,9.163346613545817,70.1195219123506
E00060605,285,63,30,33,222,20,202,22.105263157894736,10.526315789473683,11.578947368421053,77.89473684210526,7.017543859649122,70.87719298245614
E00060606,160,42,21,21,118,5,113,26.25,13.125,13.125,73.75,3.125,70.625
E00060607,208,40,14,26,168,12,156,19.230769230769234,6.730769230769231,12.5,80.76923076923077,5.769230769230769,75
E00060608,251,39,23,16,212,9,203,15.53784860557769,9.163346613545817,6.374501992031872,84.4621513944223,3.5856573705179287,80.87649402390437
E00060609,325,72,41,31,253,16,237,22.153846153846153,12.615384615384615,9.538461538461538,77.84615384615384,4.923076923076923,72.92307692307692
E00060610,254,75,44,31,179,18,161,29.527559055118108,17.322834645669293,12.204724409448819,70.47244094488188,7.086614173228346,63.38582677165354
E00060611,235,67,36,31,168,7,161,28.510638297872344,15.319148936170212,13.191489361702127,71.48936170212767,2.9787234042553195,68.51063829787233
E00060612,274,70,39,31,204,11,193,25.547445255474454,14.233576642335766,11.313868613138686,74.45255474452554,4.014598540145985,70.43795620437956
E00060613,305,101,61,40,204,13,191,33.114754098360656,20,13.114754098360656,66.88524590163935,4.2622950819672125,62.62295081967213
E00060614,354,77,31,46,277,12,265,21.75141242937853,8.757062146892656,12.994350282485875,78.24858757062147,3.389830508474576,74.85875706214689
E00060615,209,55,22,33,154,16,138,26.31578947368421,10.526315789473683,15.789473684210526,73.68421052631578,7.655502392344498,66.02870813397129
E00060616,117,44,27,17,73,3,70,37.60683760683761,23.076923076923077,14.529914529914532,62.39316239316239,2.564102564102564,59.82905982905983
E00060617,332,90,54,36,242,13,229,27.10843373493976,16.265060240963855,10.843373493975903,72.89156626506023,3.91566265060241,68.97590361445783
E00060618,204,61,28,33,143,14,129,29.901960784313726,13.725490196078432,16.176470588235293,70.09803921568627,6.862745098039216,63.23529411764706
E00060619,263,88,42,46,175,15,160,33.460076045627375,15.96958174904943,17.490494296577946,66.53992395437263,5.7034220532319395,60.836501901140686
E00060620,319,123,89,34,196,14,182,38.557993730407524,27.89968652037618,10.658307210031348,61.442006269592476,4.38871473354232,57.05329153605015
E00060621,357,89,41,48,268,14,254,24.92997198879552,11.484593837535014,13.445378151260504,75.07002801120449,3.9215686274509802,71.1484593837535
E00060622,357,84,50,34,273,12,261,23.52941176470588,14.005602240896359,9.523809523809524,76.47058823529412,3.361344537815126,73.10924369747899
E00060623,289,65,39,26,224,16,208,22.491349480968857,13.494809688581316,8.996539792387544,77.50865051903114,5.536332179930796,71.97231833910035
E00060624,366,81,46,35,285,10,275,22.131147540983605,12.568306010928962,9.562841530054644,77.8688524590164,2.73224043715847,75.13661202185791
E00060625,262,68,28,40,194,18,176,25.954198473282442,10.687022900763358,15.267175572519085,74.04580152671755,6.870229007633588,67.17557251908397
E00060627,318,46,24,22,272,12,260,14.465408805031446,7.547169811320755,6.918238993710692,85.53459119496856,3.7735849056603774,81.76100628930818
E00060628,257,89,53,36,168,12,156,34.63035019455253,20.622568093385212,14.007782101167315,65.36964980544747,4.669260700389105,60.70038910505836
E00060629,225,62,33,29,163,6,157,27.555555555555557,14.666666666666666,12.88888888888889,72.44444444444444,2.666666666666667,69.77777777777779
E00060630,262,56,31,25,206,14,192,21.374045801526716,11.83206106870229,9.541984732824428,78.62595419847328,5.343511450381679,73.2824427480916
E00060631,316,94,56,38,222,7,215,29.746835443037973,17.72151898734177,12.025316455696203,70.25316455696202,2.2151898734177213,68.0379746835443
E00060632,280,54,25,29,226,17,209,19.28571428571429,8.928571428571429,10.357142857142858,80.71428571428572,6.071428571428571,74.64285714285714
E00060633,240,44,18,26,196,17,179,18.333333333333332,7.5,10.833333333333334,81.66666666666667,7.083333333333333,74.58333333333333
E00060634,309,48,19,29,261,28,233,15.53398058252427,6.148867313915858,9.385113268608414,84.46601941747572,9.06148867313916,75.40453074433657
E00060635,249,53,22,31,196,21,175,21.285140562248998,8.835341365461847,12.449799196787147,78.714859437751,8.433734939759036,70.28112449799197
E00060636,318,55,20,35,263,32,231,17.29559748427673,6.289308176100629,11.0062893081761,82.70440251572327,10.062893081761008,72.64150943396226
E00060637,280,39,18,21,241,24,217,13.928571428571429,6.428571428571428,7.5,86.07142857142858,8.571428571428571,77.5
E00060638,244,60,23,37,184,20,164,24.59016393442623,9.426229508196721,15.163934426229508,75.40983606557377,8.19672131147541,67.21311475409836
E00060639,251,52,24,28,199,18,181,20.717131474103585,9.56175298804781,11.155378486055776,79.2828685258964,7.171314741035857,72.11155378486056
E00060640,292,80,44,36,212,23,189,27.397260273972602,15.068493150684931,12.32876712328767,72.6027397260274,7.876712328767123,64.72602739726028
E00060641,284,42,15,27,242,23,219,14.788732394366196,5.28169014084507,9.507042253521126,85.2112676056338,8.098591549295776,77.11267605633803
E00060643,417,89,32,57,328,23,305,21.34292565947242,7.673860911270983,13.66906474820144,78.65707434052757,5.515587529976019,73.14148681055156
E00060644,453,58,19,39,395,40,355,12.803532008830022,4.194260485651214,8.609271523178808,87.19646799116998,8.830022075055188,78.36644591611478
E00060645,259,39,13,26,220,30,190,15.057915057915059,5.019305019305019,10.038610038610038,84.94208494208493,11.583011583011583,73.35907335907336
E00060646,295,38,15,23,257,16,241,12.88135593220339,5.084745762711865,7.796610169491526,87.11864406779661,5.423728813559322,81.69491525423729
E00060647,314,59,31,28,255,30,225,18.789808917197455,9.872611464968154,8.9171974522293,81.21019108280255,9.554140127388536,71.656050955414
E00060648,308,59,25,34,249,25,224,19.155844155844157,8.116883116883116,11.03896103896104,80.84415584415584,8.116883116883116,72.72727272727273
E00060649,265,82,38,44,183,22,161,30.943396226415093,14.339622641509434,16.60377358490566,69.0566037735849,8.30188679245283,60.75471698113207
E00060650,288,44,18,26,244,17,227,15.277777777777779,6.25,9.027777777777777,84.72222222222221,5.902777777777778,78.81944444444444
E00060651,467,103,54,49,364,18,346,22.055674518201286,11.563169164882227,10.492505353319057,77.94432548179871,3.854389721627409,74.08993576017131
E00060652,341,40,15,25,301,45,256,11.730205278592376,4.398826979472141,7.331378299120235,88.26979472140762,13.196480938416421,75.0733137829912
E00060656,332,97,52,45,235,17,218,29.21686746987952,15.66265060240964,13.55421686746988,70.78313253012048,5.120481927710843,65.66265060240963
E00060659,352,61,28,33,291,15,276,17.329545454545457,7.954545454545454,9.375,82.67045454545455,4.261363636363636,78.4090909090909
E00060660,300,43,14,29,257,17,240,14.333333333333334,4.666666666666667,9.666666666666666,85.66666666666667,5.666666666666666,80
E00060661,348,67,35,32,281,20,261,19.25287356321839,10.057471264367816,9.195402298850574,80.74712643678161,5.747126436781609,75
E00060663,310,73,37,36,237,13,224,23.548387096774192,11.935483870967742,11.612903225806452,76.45161290322581,4.193548387096775,72.25806451612902
E00060664,375,132,70,62,243,16,227,35.199999999999996,18.666666666666668,16.53333333333333,64.8,4.266666666666667,60.53333333333333
E00060665,604,115,62,53,489,44,445,19.039735099337747,10.264900662251655,8.774834437086094,80.96026490066225,7.28476821192053,73.67549668874173
E00060666,337,105,59,46,232,23,209,31.15727002967359,17.50741839762611,13.649851632047477,68.84272997032642,6.824925816023739,62.01780415430267
E00060667,327,69,33,36,258,15,243,21.100917431192663,10.091743119266056,11.009174311926607,78.89908256880734,4.587155963302752,74.31192660550458
E00060668,298,59,25,34,239,13,226,19.798657718120804,8.389261744966444,11.409395973154362,80.20134228187919,4.3624161073825505,75.83892617449665
E00060669,342,126,74,52,216,8,208,36.84210526315789,21.637426900584796,15.204678362573098,63.1578947368421,2.3391812865497075,60.81871345029239
E00060670,318,68,28,40,250,24,226,21.38364779874214,8.80503144654088,12.578616352201259,78.61635220125787,7.547169811320755,71.0691823899371
E00060671,207,133,99,34,74,7,67,64.25120772946859,47.82608695652174,16.425120772946862,35.748792270531396,3.3816425120772946,32.367149758454104
E00060672,223,73,36,37,150,16,134,32.73542600896861,16.143497757847534,16.591928251121075,67.2645739910314,7.174887892376682,60.0896860986547
E00060673,246,43,16,27,203,21,182,17.479674796747968,6.504065040650407,10.975609756097562,82.52032520325203,8.536585365853659,73.98373983739837
E00060674,308,83,35,48,225,20,205,26.948051948051948,11.363636363636363,15.584415584415584,73.05194805194806,6.493506493506493,66.55844155844156
E00060675,245,38,16,22,207,29,178,15.510204081632653,6.530612244897959,8.979591836734693,84.48979591836735,11.83673469387755,72.6530612244898
E00060676,323,49,19,30,274,23,251,15.170278637770899,5.88235294117647,9.287925696594428,84.82972136222911,7.120743034055728,77.70897832817337
E00060677,224,75,52,23,149,13,136,33.482142857142854,23.214285714285715,10.267857142857142,66.51785714285714,5.803571428571429,60.71428571428571
E00060678,279,96,67,29,183,17,166,34.40860215053764,24.014336917562723,10.39426523297491,65.59139784946237,6.093189964157706,59.49820788530465
E00060679,349,44,15,29,305,18,287,12.607449856733524,4.297994269340974,8.30945558739255,87.39255014326648,5.157593123209169,82.23495702005731
E00060680,300,28,6,22,272,23,249,9.333333333333334,2,7.333333333333333,90.66666666666666,7.666666666666666,83
E00060681,549,68,24,44,481,37,444,12.386156648451731,4.371584699453552,8.014571948998178,87.61384335154827,6.739526411657559,80.87431693989072
E00060682,266,62,33,29,204,14,190,23.308270676691727,12.406015037593985,10.902255639097744,76.69172932330827,5.263157894736842,71.42857142857143
E00060683,295,93,54,39,202,18,184,31.52542372881356,18.305084745762713,13.220338983050848,68.47457627118644,6.101694915254238,62.37288135593221
E00060684,234,95,57,38,139,16,123,40.598290598290596,24.358974358974358,16.23931623931624,59.401709401709404,6.837606837606838,52.56410256410257
E00060685,534,56,23,33,478,26,452,10.486891385767791,4.307116104868914,6.179775280898876,89.51310861423221,4.868913857677903,84.6441947565543
E00060686,318,80,42,38,238,19,219,25.157232704402517,13.20754716981132,11.949685534591195,74.84276729559748,5.9748427672955975,68.86792452830188
E00060687,228,43,24,19,185,20,165,18.859649122807017,10.526315789473683,8.333333333333332,81.14035087719299,8.771929824561402,72.36842105263158
E00060688,249,28,9,19,221,16,205,11.244979919678714,3.614457831325301,7.630522088353414,88.75502008032129,6.425702811244979,82.32931726907631
E00060689,278,89,44,45,189,13,176,32.014388489208635,15.827338129496402,16.18705035971223,67.98561151079137,4.676258992805756,63.30935251798561
E00060690,269,74,37,37,195,20,175,27.509293680297397,13.754646840148698,13.754646840148698,72.4907063197026,7.434944237918216,65.05576208178438
E00060691,259,83,49,34,176,15,161,32.04633204633205,18.91891891891892,13.127413127413126,67.95366795366795,5.7915057915057915,62.16216216216216
E00060692,294,69,38,31,225,30,195,23.46938775510204,12.925170068027212,10.54421768707483,76.53061224489795,10.204081632653061,66.3265306122449
E00060693,198,47,24,23,151,18,133,23.737373737373737,12.121212121212121,11.616161616161616,76.26262626262627,9.090909090909092,67.17171717171718
E00060694,252,86,48,38,166,12,154,34.12698412698413,19.047619047619047,15.079365079365079,65.87301587301587,4.761904761904762,61.111111111111114
E00060695,205,66,38,28,139,19,120,32.19512195121951,18.536585365853657,13.658536585365855,67.8048780487805,9.268292682926829,58.536585365853654
E00060696,205,62,31,31,143,15,128,30.24390243902439,15.121951219512194,15.121951219512194,69.7560975609756,7.317073170731707,62.4390243902439
E00060697,429,108,67,41,321,18,303,25.174825174825177,15.61771561771562,9.557109557109557,74.82517482517483,4.195804195804196,70.62937062937063
E00060698,255,82,43,39,173,14,159,32.15686274509804,16.862745098039216,15.294117647058824,67.84313725490196,5.490196078431373,62.35294117647059
E00060699,321,65,40,25,256,13,243,20.24922118380062,12.461059190031152,7.78816199376947,79.75077881619937,4.049844236760125,75.70093457943925
E00060701,321,55,24,31,266,7,259,17.133956386292834,7.476635514018691,9.657320872274143,82.86604361370716,2.1806853582554515,80.68535825545172
E00060702,423,62,27,35,361,9,352,14.657210401891252,6.382978723404255,8.274231678486997,85.34278959810875,2.127659574468085,83.21513002364065
E00060703,241,114,65,49,127,5,122,47.30290456431535,26.970954356846473,20.33195020746888,52.69709543568465,2.0746887966804977,50.62240663900415
E00060704,270,49,26,23,221,9,212,18.14814814814815,9.62962962962963,8.518518518518519,81.85185185185185,3.3333333333333335,78.51851851851852
E00060705,294,39,18,21,255,14,241,13.26530612244898,6.122448979591836,7.142857142857142,86.73469387755102,4.761904761904762,81.97278911564626
E00060706,314,59,33,26,255,5,250,18.789808917197455,10.509554140127388,8.280254777070063,81.21019108280255,1.5923566878980893,79.61783439490446
E00060707,317,51,24,27,266,8,258,16.08832807570978,7.570977917981073,8.517350157728707,83.91167192429022,2.5236593059936907,81.38801261829653
E00060708,248,56,29,27,192,5,187,22.58064516129032,11.693548387096774,10.887096774193548,77.41935483870968,2.0161290322580645,75.40322580645162
E00060709,334,78,39,39,256,16,240,23.353293413173652,11.676646706586826,11.676646706586826,76.64670658682635,4.790419161676647,71.8562874251497
E00060710,280,45,20,25,235,12,223,16.071428571428573,7.142857142857142,8.928571428571429,83.92857142857143,4.285714285714286,79.64285714285714
E00060711,274,48,26,22,226,13,213,17.51824817518248,9.48905109489051,8.02919708029197,82.48175182481752,4.744525547445255,77.73722627737226
E00060712,486,54,24,30,432,15,417,11.11111111111111,4.938271604938271,6.172839506172839,88.88888888888889,3.0864197530864197,85.80246913580247
E00060713,244,39,20,19,205,14,191,15.983606557377051,8.19672131147541,7.786885245901639,84.01639344262296,5.737704918032787,78.27868852459017
E00060714,255,45,29,16,210,9,201,17.647058823529413,11.372549019607844,6.2745098039215685,82.35294117647058,3.5294117647058822,78.82352941176471
E00060715,332,49,20,29,283,13,270,14.759036144578314,6.024096385542169,8.734939759036145,85.2409638554217,3.91566265060241,81.32530120481928
E00060716,268,39,16,23,229,11,218,14.55223880597015,5.970149253731343,8.582089552238806,85.44776119402985,4.104477611940299,81.34328358208955
E00060717,365,64,32,32,301,19,282,17.534246575342465,8.767123287671232,8.767123287671232,82.46575342465754,5.205479452054795,77.26027397260275
E00060718,254,40,19,21,214,10,204,15.748031496062993,7.480314960629922,8.267716535433072,84.25196850393701,3.937007874015748,80.31496062992126
E00060719,291,41,21,20,250,5,245,14.0893470790378,7.216494845360824,6.872852233676976,85.91065292096219,1.718213058419244,84.19243986254295
E00060720,272,48,21,27,224,17,207,17.647058823529413,7.720588235294118,9.926470588235293,82.35294117647058,6.25,76.10294117647058
E00060721,358,71,44,27,287,16,271,19.832402234636874,12.290502793296088,7.5418994413407825,80.16759776536313,4.4692737430167595,75.69832402234637
E00060722,207,80,54,26,127,12,115,38.64734299516908,26.08695652173913,12.560386473429952,61.35265700483091,5.797101449275362,55.55555555555556
E00060723,201,86,51,35,115,9,106,42.78606965174129,25.37313432835821,17.412935323383085,57.2139303482587,4.477611940298507,52.736318407960205
E00060725,272,86,57,29,186,13,173,31.61764705882353,20.955882352941178,10.661764705882353,68.38235294117648,4.779411764705882,63.60294117647059
E00060726,194,23,15,8,171,6,165,11.855670103092782,7.731958762886598,4.123711340206185,88.14432989690721,3.0927835051546393,85.05154639175258
E00060727,356,70,28,42,286,12,274,19.662921348314608,7.865168539325842,11.797752808988763,80.33707865168539,3.3707865168539324,76.96629213483146
E00060728,332,40,17,23,292,10,282,12.048192771084338,5.120481927710843,6.927710843373494,87.95180722891565,3.0120481927710845,84.93975903614458
E00060729,231,70,33,37,161,15,146,30.303030303030305,14.285714285714285,16.017316017316016,69.6969696969697,6.493506493506493,63.20346320346321
E00060730,244,71,36,35,173,12,161,29.098360655737704,14.754098360655737,14.344262295081966,70.90163934426229,4.918032786885246,65.98360655737704
E00060731,239,61,31,30,178,12,166,25.523012552301257,12.97071129707113,12.552301255230125,74.47698744769873,5.02092050209205,69.4560669456067
E00060732,207,71,34,37,136,12,124,34.29951690821256,16.425120772946862,17.874396135265698,65.70048309178745,5.797101449275362,59.90338164251207
E00060733,181,60,29,31,121,9,112,33.14917127071823,16.022099447513813,17.12707182320442,66.85082872928176,4.972375690607735,61.87845303867403
E00060734,187,73,42,31,114,6,108,39.037433155080215,22.459893048128343,16.577540106951872,60.962566844919785,3.2085561497326207,57.75401069518716
E00060735,199,47,23,24,152,18,134,23.618090452261306,11.557788944723619,12.060301507537687,76.38190954773869,9.045226130653267,67.33668341708542
E00060736,265,51,29,22,214,22,192,19.245283018867926,10.943396226415095,8.30188679245283,80.75471698113208,8.30188679245283,72.45283018867924
E00060737,304,63,25,38,241,28,213,20.723684210526315,8.223684210526317,12.5,79.27631578947368,9.210526315789473,70.06578947368422
E00060738,212,69,45,24,143,15,128,32.54716981132076,21.22641509433962,11.320754716981133,67.45283018867924,7.0754716981132075,60.37735849056604
E00060739,325,59,17,42,266,28,238,18.153846153846153,5.230769230769231,12.923076923076923,81.84615384615384,8.615384615384615,73.23076923076923
E00060740,260,48,25,23,212,23,189,18.461538461538463,9.615384615384617,8.846153846153847,81.53846153846153,8.846153846153847,72.6923076923077
E00060741,300,94,56,38,206,18,188,31.333333333333336,18.666666666666668,12.666666666666668,68.66666666666667,6,62.66666666666667
E00060742,285,66,36,30,219,23,196,23.157894736842106,12.631578947368421,10.526315789473683,76.84210526315789,8.070175438596491,68.77192982456141
E00060743,252,78,44,34,174,19,155,30.952380952380953,17.46031746031746,13.492063492063492,69.04761904761905,7.5396825396825395,61.50793650793651
E00060744,364,104,47,57,260,10,250,28.57142857142857,12.912087912087914,15.659340659340659,71.42857142857143,2.7472527472527473,68.68131868131869
E00060745,460,117,50,67,343,19,324,25.43478260869565,10.869565217391305,14.565217391304348,74.56521739130434,4.130434782608695,70.43478260869566
E00060746,289,75,44,31,214,10,204,25.951557093425603,15.22491349480969,10.726643598615917,74.0484429065744,3.4602076124567476,70.58823529411765
E00060747,280,92,48,44,188,18,170,32.857142857142854,17.142857142857142,15.714285714285714,67.14285714285714,6.428571428571428,60.71428571428571
E00060748,318,89,50,39,229,12,217,27.9874213836478,15.723270440251572,12.264150943396226,72.0125786163522,3.7735849056603774,68.23899371069182
E00060749,260,48,28,20,212,24,188,18.461538461538463,10.76923076923077,7.6923076923076925,81.53846153846153,9.230769230769232,72.3076923076923
E00060750,298,47,24,23,251,19,232,15.771812080536913,8.053691275167784,7.718120805369128,84.22818791946308,6.375838926174497,77.85234899328859
E00060751,234,54,27,27,180,10,170,23.076923076923077,11.538461538461538,11.538461538461538,76.92307692307693,4.273504273504273,72.64957264957265
E00060752,332,54,27,27,278,14,264,16.265060240963855,8.132530120481928,8.132530120481928,83.73493975903614,4.216867469879518,79.51807228915662
E00060753,313,34,9,25,279,23,256,10.86261980830671,2.8753993610223643,7.987220447284344,89.1373801916933,7.348242811501597,81.78913738019169
E00060754,333,37,12,25,296,20,276,11.11111111111111,3.6036036036036037,7.5075075075075075,88.88888888888889,6.006006006006006,82.88288288288288
E00060755,258,56,26,30,202,24,178,21.705426356589147,10.077519379844961,11.627906976744185,78.29457364341084,9.30232558139535,68.9922480620155
E00060756,257,47,17,30,210,31,179,18.28793774319066,6.614785992217899,11.673151750972762,81.71206225680933,12.062256809338521,69.64980544747081
E00060757,271,65,33,32,206,29,177,23.985239852398525,12.177121771217712,11.808118081180812,76.01476014760148,10.70110701107011,65.31365313653137
E00060758,260,64,28,36,196,12,184,24.615384615384617,10.76923076923077,13.846153846153847,75.38461538461539,4.615384615384616,70.76923076923077
E00060759,316,50,22,28,266,14,252,15.822784810126583,6.962025316455696,8.860759493670885,84.17721518987342,4.430379746835443,79.74683544303798
E00060760,234,69,36,33,165,15,150,29.48717948717949,15.384615384615385,14.102564102564102,70.51282051282051,6.41025641025641,64.1025641025641
E00060762,201,47,26,21,154,18,136,23.383084577114428,12.935323383084576,10.44776119402985,76.61691542288557,8.955223880597014,67.66169154228857
E00060763,338,48,22,26,290,16,274,14.201183431952662,6.508875739644971,7.6923076923076925,85.79881656804734,4.733727810650888,81.06508875739645
E00060764,347,47,20,27,300,27,273,13.544668587896252,5.763688760806916,7.780979827089338,86.45533141210375,7.780979827089338,78.6743515850144
E00060765,345,50,28,22,295,28,267,14.492753623188406,8.115942028985506,6.3768115942028984,85.5072463768116,8.115942028985506,77.39130434782608
E00060766,343,45,16,29,298,25,273,13.119533527696792,4.664723032069971,8.454810495626822,86.88046647230321,7.288629737609329,79.59183673469387
E00060767,287,58,26,32,229,20,209,20.209059233449477,9.059233449477352,11.149825783972126,79.79094076655052,6.968641114982578,72.82229965156795
E00060768,289,76,40,36,213,9,204,26.297577854671278,13.84083044982699,12.45674740484429,73.70242214532871,3.1141868512110724,70.58823529411765
E00060769,283,62,29,33,221,6,215,21.908127208480565,10.247349823321555,11.66077738515901,78.09187279151944,2.1201413427561837,75.97173144876325
E00060770,255,70,29,41,185,15,170,27.450980392156865,11.372549019607844,16.07843137254902,72.54901960784314,5.88235294117647,66.66666666666666
E00060771,302,59,24,35,243,13,230,19.5364238410596,7.9470198675496695,11.589403973509933,80.4635761589404,4.304635761589404,76.15894039735099
E00060772,329,80,38,42,249,21,228,24.316109422492403,11.55015197568389,12.76595744680851,75.6838905775076,6.382978723404255,69.30091185410335
E00060773,321,76,25,51,245,14,231,23.67601246105919,7.78816199376947,15.887850467289718,76.32398753894081,4.361370716510903,71.96261682242991
E00060774,269,70,37,33,199,15,184,26.022304832713754,13.754646840148698,12.267657992565056,73.97769516728626,5.5762081784386615,68.40148698884758
E00060775,330,71,30,41,259,18,241,21.515151515151516,9.090909090909092,12.424242424242424,78.48484848484848,5.454545454545454,73.03030303030303
E00060776,287,74,36,38,213,14,199,25.78397212543554,12.543554006968641,13.240418118466899,74.21602787456446,4.878048780487805,69.33797909407666
E00060777,317,59,21,38,258,25,233,18.61198738170347,6.624605678233439,11.987381703470032,81.38801261829653,7.886435331230284,73.50157728706624
E00060778,175,39,17,22,136,16,120,22.285714285714285,9.714285714285714,12.571428571428573,77.71428571428571,9.142857142857142,68.57142857142857
E00060779,293,49,17,32,244,17,227,16.723549488054605,5.802047781569966,10.921501706484642,83.27645051194538,5.802047781569966,77.47440273037543
E00060780,271,43,16,27,228,17,211,15.867158671586715,5.904059040590406,9.96309963099631,84.13284132841329,6.273062730627306,77.85977859778598
E00060781,278,57,30,27,221,24,197,20.503597122302157,10.79136690647482,9.712230215827338,79.49640287769785,8.633093525179856,70.86330935251799
E00060782,232,32,16,16,200,20,180,13.793103448275861,6.896551724137931,6.896551724137931,86.20689655172413,8.620689655172415,77.58620689655173
E00060783,326,88,47,41,238,30,208,26.993865030674847,14.417177914110429,12.576687116564417,73.00613496932516,9.202453987730062,63.80368098159509
E00060784,301,56,29,27,245,13,232,18.6046511627907,9.634551495016613,8.970099667774086,81.3953488372093,4.318936877076411,77.0764119601329
E00060785,370,49,16,33,321,28,293,13.243243243243244,4.324324324324325,8.91891891891892,86.75675675675676,7.567567567567568,79.1891891891892
E00060786,398,56,19,37,342,27,315,14.07035175879397,4.773869346733668,9.296482412060302,85.92964824120602,6.78391959798995,79.14572864321609
E00060787,437,62,22,40,375,34,341,14.187643020594965,5.034324942791762,9.153318077803203,85.81235697940504,7.780320366132723,78.03203661327231
E00060788,266,47,21,26,219,28,191,17.669172932330827,7.894736842105263,9.774436090225564,82.33082706766918,10.526315789473683,71.80451127819549
E00060789,521,61,22,39,460,24,436,11.708253358925145,4.222648752399232,7.485604606525912,88.29174664107485,4.606525911708253,83.6852207293666
E00060790,348,60,28,32,288,32,256,17.24137931034483,8.045977011494253,9.195402298850574,82.75862068965517,9.195402298850574,73.5632183908046
E00060791,378,50,16,34,328,28,300,13.227513227513226,4.232804232804233,8.994708994708994,86.77248677248677,7.4074074074074066,79.36507936507937
E00060792,374,70,36,34,304,29,275,18.71657754010695,9.62566844919786,9.090909090909092,81.28342245989305,7.754010695187167,73.52941176470588
E00060793,316,47,22,25,269,17,252,14.873417721518987,6.962025316455696,7.9113924050632916,85.12658227848101,5.379746835443038,79.74683544303798
E00060794,389,58,21,37,331,36,295,14.910025706940875,5.3984575835475574,9.511568123393316,85.08997429305913,9.254498714652955,75.83547557840618
E00060795,295,57,30,27,238,18,220,19.322033898305087,10.16949152542373,9.152542372881356,80.67796610169492,6.101694915254238,74.57627118644068
E00060796,351,43,19,24,308,29,279,12.250712250712251,5.413105413105413,6.837606837606838,87.74928774928775,8.262108262108262,79.48717948717949
E00060797,318,51,20,31,267,20,247,16.037735849056602,6.289308176100629,9.748427672955975,83.9622641509434,6.289308176100629,77.67295597484278
E00060798,405,44,19,25,361,24,337,10.864197530864198,4.691358024691358,6.172839506172839,89.13580246913581,5.9259259259259265,83.20987654320989
E00060799,364,62,21,41,302,24,278,17.032967032967033,5.769230769230769,11.263736263736265,82.96703296703298,6.593406593406594,76.37362637362637
E00060800,275,65,24,41,210,16,194,23.636363636363637,8.727272727272728,14.909090909090908,76.36363636363637,5.818181818181818,70.54545454545455
E00060802,312,57,20,37,255,17,238,18.269230769230766,6.41025641025641,11.858974358974358,81.73076923076923,5.448717948717949,76.28205128205127
E00060803,385,70,27,43,315,34,281,18.181818181818183,7.012987012987012,11.168831168831169,81.81818181818183,8.831168831168831,72.98701298701299
E00060804,274,90,50,40,184,17,167,32.846715328467155,18.248175182481752,14.5985401459854,67.15328467153284,6.204379562043796,60.94890510948905
E00060805,332,44,16,28,288,18,270,13.253012048192772,4.819277108433735,8.433734939759036,86.74698795180723,5.421686746987952,81.32530120481928
E00060806,360,66,31,35,294,25,269,18.333333333333332,8.61111111111111,9.722222222222223,81.66666666666667,6.944444444444445,74.72222222222223
E00060807,521,83,32,51,438,28,410,15.930902111324377,6.142034548944338,9.788867562380037,84.06909788867563,5.3742802303262955,78.69481765834932
E00060808,336,53,26,27,283,26,257,15.773809523809524,7.738095238095238,8.035714285714286,84.22619047619048,7.738095238095238,76.48809523809523
E00060809,404,109,53,56,295,23,272,26.980198019801982,13.118811881188119,13.861386138613863,73.01980198019803,5.693069306930694,67.32673267326733
E00060810,225,48,27,21,177,9,168,21.333333333333336,12,9.333333333333334,78.66666666666666,4,74.66666666666667
E00060811,313,60,29,31,253,18,235,19.169329073482427,9.26517571884984,9.904153354632587,80.83067092651757,5.7507987220447285,75.07987220447284
E00060812,314,68,34,34,246,8,238,21.656050955414013,10.828025477707007,10.828025477707007,78.343949044586,2.547770700636943,75.79617834394905
E00060813,261,64,32,32,197,10,187,24.521072796934863,12.260536398467432,12.260536398467432,75.47892720306514,3.8314176245210727,71.64750957854406
E00060814,302,64,38,26,238,15,223,21.192052980132452,12.582781456953644,8.609271523178808,78.80794701986756,4.966887417218543,73.84105960264901
E00060815,226,61,38,23,165,11,154,26.991150442477874,16.8141592920354,10.176991150442479,73.00884955752213,4.867256637168142,68.14159292035397
E00060817,333,79,42,37,254,8,246,23.723723723723726,12.612612612612612,11.11111111111111,76.27627627627628,2.4024024024024024,73.87387387387388
E00060818,167,31,16,15,136,12,124,18.562874251497004,9.580838323353294,8.982035928143713,81.437125748502993,7.18562874251497,74.25149700598801
E00060819,165,41,22,19,124,7,117,24.848484848484848,13.333333333333334,11.515151515151516,75.15151515151514,4.242424242424243,70.9090909090909
E00060820,262,39,23,16,223,19,204,14.885496183206106,8.778625954198473,6.106870229007633,85.1145038167939,7.251908396946565,77.86259541984732
E00060821,286,61,32,29,225,11,214,21.328671328671327,11.188811188811188,10.13986013986014,78.67132867132867,3.8461538461538463,74.82517482517483
E00060822,274,76,44,32,198,12,186,27.73722627737226,16.05839416058394,11.678832116788321,72.26277372262774,4.37956204379562,67.88321167883211
E00060824,285,103,68,35,182,13,169,36.140350877192986,23.859649122807017,12.280701754385964,63.859649122807014,4.56140350877193,59.29824561403508
E00060825,211,68,28,40,143,13,130,32.22748815165877,13.270142180094787,18.95734597156398,67.77251184834124,6.161137440758294,61.61137440758294
E00060826,209,53,32,21,156,10,146,25.358851674641148,15.311004784688995,10.047846889952153,74.64114832535886,4.784688995215311,69.85645933014354
E00060827,375,123,61,62,252,19,233,32.800000000000004,16.266666666666666,16.53333333333333,67.2,5.066666666666666,62.133333333333326
E00060828,306,66,35,31,240,9,231,21.568627450980394,11.437908496732026,10.130718954248366,78.43137254901961,2.941176470588235,75.49019607843137
E00060829,266,60,25,35,206,15,191,22.55639097744361,9.398496240601503,13.157894736842104,77.44360902255639,5.639097744360902,71.80451127819549
E00060830,289,65,37,28,224,14,210,22.491349480968857,12.802768166089965,9.688581314878892,77.50865051903114,4.844290657439446,72.66435986159169
E00060831,262,80,52,28,182,10,172,30.53435114503817,19.84732824427481,10.687022900763358,69.46564885496184,3.816793893129771,65.64885496183206
E00060832,277,78,27,51,199,25,174,28.158844765342963,9.747292418772563,18.4115523465704,71.84115523465704,9.025270758122744,62.8158844765343
E00060833,287,49,16,33,238,22,216,17.073170731707318,5.574912891986063,11.498257839721255,82.92682926829268,7.665505226480835,75.26132404181185
E00060834,256,63,22,41,193,20,173,24.609375,8.59375,16.015625,75.390625,7.8125,67.578125
E00060835,334,43,20,23,291,26,265,12.874251497005988,5.9880239520958085,6.88622754491018,87.12574850299401,7.784431137724551,79.34131736526946
E00060836,255,64,31,33,191,15,176,25.098039215686274,12.156862745098039,12.941176470588237,74.90196078431373,5.88235294117647,69.01960784313725
E00060837,302,59,22,37,243,21,222,19.5364238410596,7.28476821192053,12.251655629139073,80.4635761589404,6.95364238410596,73.50993377483444
E00060838,291,44,19,25,247,30,217,15.120274914089347,6.529209621993128,8.59106529209622,84.87972508591065,10.309278350515463,74.5704467353952
E00060839,282,36,9,27,246,23,223,12.76595744680851,3.1914893617021276,9.574468085106384,87.2340425531915,8.156028368794328,79.07801418439716
E00060841,393,56,21,35,337,27,310,14.249363867684478,5.343511450381679,8.9058524173028,85.75063613231552,6.870229007633588,78.88040712468194
E00060842,536,49,23,26,487,48,439,9.14179104477612,4.291044776119403,4.850746268656716,90.85820895522389,8.955223880597014,81.90298507462687
E00060843,225,53,21,32,172,16,156,23.555555555555554,9.333333333333334,14.222222222222221,76.44444444444444,7.111111111111111,69.33333333333334
E00060844,330,41,19,22,289,25,264,12.424242424242424,5.757575757575758,6.666666666666667,87.57575757575758,7.575757575757576,80
E00060845,298,42,16,26,256,21,235,14.093959731543624,5.369127516778524,8.724832214765101,85.90604026845638,7.046979865771812,78.85906040268456
E00060846,388,71,28,43,317,29,288,18.298969072164947,7.216494845360824,11.082474226804123,81.70103092783505,7.474226804123711,74.22680412371135
E00060847,269,46,19,27,223,27,196,17.100371747211895,7.063197026022305,10.037174721189592,82.8996282527881,10.037174721189592,72.86245353159852
E00060848,545,35,11,24,510,45,465,6.422018348623854,2.0183486238532113,4.4036697247706424,93.57798165137615,8.256880733944955,85.3211009174312
E00060849,410,54,24,30,356,22,334,13.170731707317074,5.853658536585367,7.317073170731707,86.82926829268293,5.365853658536586,81.46341463414633
E00060850,306,28,12,16,278,20,258,9.15032679738562,3.9215686274509802,5.228758169934641,90.84967320261438,6.535947712418301,84.31372549019608
E00060851,308,27,10,17,281,30,251,8.766233766233766,3.2467532467532463,5.51948051948052,91.23376623376623,9.740259740259742,81.4935064935065
E00060852,285,49,23,26,236,18,218,17.192982456140353,8.070175438596491,9.12280701754386,82.80701754385966,6.315789473684211,76.49122807017544
E00060853,302,41,22,19,261,25,236,13.57615894039735,7.28476821192053,6.291390728476822,86.42384105960265,8.27814569536424,78.1456953642384
E00060854,323,55,19,36,268,20,248,17.027863777089784,5.88235294117647,11.145510835913312,82.97213622291022,6.191950464396285,76.78018575851394
E00060855,247,62,28,34,185,17,168,25.101214574898783,11.336032388663968,13.765182186234817,74.89878542510121,6.882591093117409,68.0161943319838
E00060856,259,45,20,25,214,23,191,17.374517374517374,7.722007722007722,9.652509652509652,82.62548262548263,8.880308880308881,73.74517374517374
E00060857,268,48,15,33,220,19,201,17.91044776119403,5.597014925373134,12.313432835820896,82.08955223880598,7.08955223880597,75
E00060858,223,61,34,27,162,25,137,27.3542600896861,15.246636771300448,12.10762331838565,72.6457399103139,11.210762331838566,61.43497757847533
E00060859,249,42,20,22,207,19,188,16.867469879518072,8.032128514056225,8.835341365461847,83.13253012048193,7.630522088353414,75.50200803212851
E00060860,265,70,39,31,195,20,175,26.41509433962264,14.716981132075471,11.69811320754717,73.58490566037736,7.547169811320755,66.0377358490566
E00060861,274,56,26,30,218,23,195,20.437956204379564,9.48905109489051,10.948905109489052,79.56204379562044,8.394160583941606,71.16788321167883
E00060862,235,50,21,29,185,16,169,21.27659574468085,8.936170212765958,12.340425531914894,78.72340425531915,6.808510638297872,71.91489361702128
E00060863,260,42,22,20,218,18,200,16.153846153846153,8.461538461538462,7.6923076923076925,83.84615384615385,6.923076923076923,76.92307692307693
E00060864,581,58,19,39,523,41,482,9.982788296041308,3.2702237521514634,6.712564543889846,90.0172117039587,7.056798623063683,82.96041308089501
E00060865,323,46,22,24,277,20,257,14.241486068111456,6.811145510835913,7.430340557275541,85.75851393188854,6.191950464396285,79.56656346749226
E00060866,217,30,13,17,187,13,174,13.82488479262673,5.990783410138248,7.834101382488479,86.17511520737328,5.990783410138248,80.18433179723502
E00060867,442,59,22,37,383,14,369,13.34841628959276,4.97737556561086,8.3710407239819,86.65158371040724,3.167420814479638,83.48416289592761
E00060868,467,60,31,29,407,16,391,12.84796573875803,6.638115631691649,6.209850107066381,87.15203426124198,3.4261241970021414,83.72591006423983
E00060869,233,104,59,45,129,18,111,44.63519313304721,25.321888412017167,19.313304721030043,55.36480686695279,7.725321888412018,47.63948497854077
E00060871,144,65,29,36,79,20,59,45.13888888888889,20.13888888888889,25,54.861111111111114,13.88888888888889,40.97222222222222
E00060873,155,71,32,39,84,7,77,45.806451612903224,20.64516129032258,25.161290322580644,54.19354838709678,4.516129032258064,49.67741935483871
E00060874,539,136,83,53,403,23,380,25.231910946196663,15.398886827458256,9.833024118738404,74.76808905380335,4.267161410018553,70.50092764378478
E00060875,297,66,39,27,231,13,218,22.22222222222222,13.131313131313133,9.090909090909092,77.77777777777779,4.377104377104377,73.4006734006734
E00060877,151,20,9,11,131,4,127,13.245033112582782,5.960264900662252,7.28476821192053,86.75496688741721,2.6490066225165565,84.10596026490066
E00060878,275,62,37,25,213,17,196,22.545454545454547,13.454545454545455,9.090909090909092,77.45454545454545,6.181818181818182,71.27272727272728
E00060880,255,42,13,29,213,19,194,16.470588235294116,5.098039215686274,11.372549019607844,83.52941176470588,7.450980392156863,76.07843137254902
E00060881,284,58,18,40,226,26,200,20.422535211267608,6.338028169014084,14.084507042253522,79.5774647887324,9.15492957746479,70.4225352112676
E00060882,313,47,14,33,266,30,236,15.015974440894569,4.472843450479233,10.543130990415335,84.98402555910543,9.584664536741213,75.39936102236422
E00060883,284,37,18,19,247,32,215,13.028169014084506,6.338028169014084,6.690140845070422,86.97183098591549,11.267605633802818,75.70422535211267
E00060885,286,34,16,18,252,24,228,11.888111888111888,5.594405594405594,6.293706293706294,88.11188811188812,8.391608391608392,79.72027972027972
E00060886,290,38,18,20,252,25,227,13.10344827586207,6.206896551724138,6.896551724137931,86.89655172413792,8.620689655172415,78.27586206896552
E00060887,309,39,18,21,270,19,251,12.62135922330097,5.825242718446602,6.796116504854369,87.37864077669903,6.148867313915858,81.22977346278317
E00060888,210,31,12,19,179,23,156,14.761904761904763,5.714285714285714,9.047619047619047,85.23809523809524,10.952380952380953,74.28571428571429
E00060889,296,44,18,26,252,25,227,14.864864864864865,6.081081081081082,8.783783783783784,85.13513513513513,8.445945945945946,76.6891891891892
E00060890,195,52,25,27,143,10,133,26.666666666666668,12.82051282051282,13.846153846153847,73.33333333333333,5.128205128205128,68.2051282051282
E00060891,357,52,21,31,305,30,275,14.565826330532214,5.88235294117647,8.683473389355742,85.43417366946778,8.403361344537815,77.03081232492998
E00060893,289,44,19,25,245,22,223,15.22491349480969,6.5743944636678195,8.650519031141869,84.77508650519032,7.612456747404845,77.16262975778547
E00060894,291,40,12,28,251,22,229,13.745704467353953,4.123711340206185,9.621993127147768,86.25429553264605,7.560137457044673,78.69415807560138
E00060895,358,41,14,27,317,17,300,11.452513966480447,3.910614525139665,7.5418994413407825,88.54748603351955,4.748603351955307,83.79888268156425
E00060896,268,76,41,35,192,14,178,28.35820895522388,15.298507462686567,13.059701492537313,71.64179104477611,5.223880597014925,66.4179104477612
E00060897,295,61,33,28,234,17,217,20.677966101694913,11.186440677966102,9.491525423728813,79.3220338983051,5.762711864406779,73.5593220338983
E00060898,239,78,52,26,161,14,147,32.63598326359833,21.75732217573222,10.87866108786611,67.36401673640168,5.857740585774058,61.50627615062761
E00060899,318,94,41,53,224,15,209,29.559748427672954,12.89308176100629,16.666666666666664,70.44025157232704,4.716981132075472,65.72327044025157
E00060900,327,58,26,32,269,13,256,17.737003058103976,7.951070336391437,9.785932721712538,82.26299694189603,3.9755351681957185,78.2874617737003
E00060901,271,52,23,29,219,13,206,19.18819188191882,8.487084870848708,10.70110701107011,80.81180811808119,4.797047970479705,76.01476014760148
E00060902,356,68,24,44,288,16,272,19.101123595505616,6.741573033707865,12.359550561797752,80.89887640449437,4.49438202247191,76.40449438202246
E00060903,317,59,28,31,258,15,243,18.61198738170347,8.832807570977918,9.779179810725552,81.38801261829653,4.73186119873817,76.65615141955836
E00060904,314,77,35,42,237,11,226,24.522292993630572,11.146496815286625,13.375796178343949,75.47770700636943,3.5031847133757963,71.97452229299363
E00060905,295,93,42,51,202,11,191,31.52542372881356,14.237288135593221,17.28813559322034,68.47457627118644,3.728813559322034,64.7457627118644
E00060906,154,40,22,18,114,2,112,25.97402597402597,14.285714285714285,11.688311688311687,74.02597402597402,1.2987012987012987,72.72727272727273
E00060907,292,103,63,40,189,12,177,35.273972602739725,21.575342465753426,13.698630136986301,64.72602739726028,4.10958904109589,60.61643835616438
E00060908,307,61,27,34,246,14,232,19.86970684039088,8.794788273615636,11.074918566775244,80.13029315960912,4.5602605863192185,75.57003257328991
E00060909,303,65,39,26,238,13,225,21.45214521452145,12.871287128712872,8.58085808580858,78.54785478547855,4.29042904290429,74.25742574257426
E00060910,325,75,37,38,250,14,236,23.076923076923077,11.384615384615385,11.692307692307692,76.92307692307693,4.3076923076923075,72.61538461538461
E00060911,308,55,28,27,253,5,248,17.857142857142858,9.090909090909092,8.766233766233766,82.14285714285714,1.6233766233766231,80.51948051948052
E00060912,322,80,38,42,242,17,225,24.84472049689441,11.801242236024844,13.043478260869565,75.15527950310559,5.279503105590062,69.87577639751554
E00060913,281,82,45,37,199,14,185,29.181494661921707,16.014234875444842,13.167259786476867,70.8185053380783,4.98220640569395,65.83629893238434
E00060914,338,84,48,36,254,26,228,24.85207100591716,14.201183431952662,10.650887573964498,75.14792899408283,7.6923076923076925,67.45562130177515
E00060915,316,97,65,32,219,12,207,30.69620253164557,20.569620253164558,10.126582278481013,69.30379746835443,3.79746835443038,65.50632911392405
E00060916,433,94,50,44,339,21,318,21.709006928406467,11.547344110854503,10.161662817551962,78.29099307159353,4.849884526558892,73.44110854503464
E00060917,313,50,17,33,263,22,241,15.974440894568689,5.431309904153355,10.543130990415335,84.02555910543131,7.0287539936102235,76.99680511182109
E00060918,318,52,27,25,266,20,246,16.352201257861633,8.49056603773585,7.861635220125786,83.64779874213836,6.289308176100629,77.35849056603774
E00060919,385,60,20,40,325,23,302,15.584415584415584,5.194805194805195,10.38961038961039,84.4155844155844,5.974025974025974,78.44155844155844
E00060920,243,92,59,33,151,10,141,37.86008230452675,24.279835390946502,13.580246913580247,62.139917695473244,4.11522633744856,58.0246913580247
E00060921,312,65,28,37,247,21,226,20.833333333333336,8.974358974358974,11.858974358974358,79.16666666666666,6.730769230769231,72.43589743589743
E00060922,308,69,31,38,239,28,211,22.4025974025974,10.064935064935066,12.337662337662337,77.59740259740259,9.090909090909092,68.5064935064935
E00060923,509,100,38,62,409,33,376,19.646365422396855,7.465618860510806,12.180746561886052,80.35363457760315,6.4833005893909625,73.87033398821218
E00060924,512,131,75,56,381,37,344,25.5859375,14.6484375,10.9375,74.4140625,7.2265625,67.1875
E00060925,289,40,18,22,249,19,230,13.84083044982699,6.228373702422145,7.612456747404845,86.159169550173,6.5743944636678195,79.58477508650519
E00060926,267,42,18,24,225,11,214,15.730337078651685,6.741573033707865,8.98876404494382,84.26966292134831,4.119850187265917,80.14981273408239
E00060927,252,61,23,38,191,23,168,24.206349206349206,9.126984126984127,15.079365079365079,75.79365079365078,9.126984126984127,66.66666666666666
E00060928,294,67,38,29,227,10,217,22.789115646258505,12.925170068027212,9.863945578231291,77.21088435374149,3.4013605442176873,73.80952380952381
E00060929,343,71,33,38,272,13,259,20.699708454810494,9.620991253644315,11.078717201166182,79.30029154518951,3.7900874635568513,75.51020408163265
E00060930,262,57,30,27,205,22,183,21.755725190839694,11.450381679389313,10.305343511450381,78.2442748091603,8.396946564885496,69.8473282442748
E00060931,242,67,27,40,175,15,160,27.685950413223143,11.15702479338843,16.528925619834713,72.31404958677686,6.198347107438017,66.11570247933885
E00060932,311,65,40,25,246,16,230,20.90032154340836,12.861736334405144,8.038585209003216,79.09967845659163,5.144694533762058,73.95498392282958
E00060933,309,64,29,35,245,18,227,20.711974110032365,9.385113268608414,11.326860841423949,79.28802588996764,5.825242718446602,73.46278317152104
E00060934,239,70,39,31,169,5,164,29.288702928870293,16.317991631799163,12.97071129707113,70.7112970711297,2.092050209205021,68.6192468619247
E00060935,265,69,37,32,196,19,177,26.037735849056602,13.962264150943396,12.075471698113208,73.9622641509434,7.169811320754717,66.79245283018868
E00060936,280,71,36,35,209,19,190,25.357142857142854,12.857142857142856,12.5,74.64285714285714,6.785714285714286,67.85714285714286
E00060937,340,66,25,41,274,18,256,19.411764705882355,7.352941176470589,12.058823529411764,80.58823529411765,5.294117647058823,75.29411764705883
E00060938,339,76,44,32,263,27,236,22.418879056047196,12.979351032448378,9.43952802359882,77.5811209439528,7.964601769911504,69.6165191740413
E00060939,313,65,31,34,248,23,225,20.766773162939298,9.904153354632587,10.86261980830671,79.2332268370607,7.348242811501597,71.8849840255591
E00060940,399,93,50,43,306,23,283,23.308270676691727,12.531328320802004,10.776942355889723,76.69172932330827,5.764411027568922,70.92731829573935
E00060941,310,63,36,27,247,15,232,20.32258064516129,11.612903225806452,8.709677419354838,79.6774193548387,4.838709677419355,74.83870967741936
E00060942,308,74,42,32,234,20,214,24.025974025974026,13.636363636363635,10.38961038961039,75.97402597402598,6.493506493506493,69.48051948051948
E00060943,342,73,26,47,269,22,247,21.34502923976608,7.602339181286549,13.742690058479532,78.65497076023392,6.432748538011696,72.22222222222221
E00060944,310,74,39,35,236,23,213,23.870967741935484,12.580645161290322,11.29032258064516,76.12903225806451,7.419354838709677,68.70967741935485
E00060945,323,69,33,36,254,17,237,21.36222910216718,10.21671826625387,11.145510835913312,78.63777089783281,5.263157894736842,73.37461300309597
E00060946,271,75,36,39,196,17,179,27.67527675276753,13.284132841328415,14.391143911439114,72.32472324723247,6.273062730627306,66.05166051660517
E00060947,297,76,30,46,221,15,206,25.589225589225588,10.1010101010101,15.488215488215488,74.41077441077442,5.05050505050505,69.36026936026936
E00060948,331,71,34,37,260,11,249,21.45015105740181,10.27190332326284,11.178247734138973,78.54984894259819,3.3232628398791544,75.22658610271903
E00060949,279,81,30,51,198,18,180,29.03225806451613,10.75268817204301,18.27956989247312,70.96774193548387,6.451612903225806,64.51612903225806
E00060950,311,97,40,57,214,7,207,31.189710610932476,12.861736334405144,18.327974276527332,68.81028938906752,2.2508038585209005,66.55948553054662
E00060951,173,58,32,26,115,8,107,33.52601156069364,18.497109826589593,15.028901734104046,66.47398843930635,4.624277456647398,61.849710982658955
E00060952,318,66,28,38,252,15,237,20.754716981132077,8.80503144654088,11.949685534591195,79.24528301886792,4.716981132075472,74.52830188679245
E00060953,320,61,31,30,259,19,240,19.0625,9.6875,9.375,80.9375,5.9375,75
E00060954,311,70,45,25,241,12,229,22.508038585209004,14.469453376205788,8.038585209003216,77.491961414791,3.858520900321544,73.63344051446946
E00060955,293,70,36,34,223,27,196,23.890784982935152,12.286689419795222,11.604095563139932,76.10921501706484,9.215017064846416,66.89419795221842
E00060956,320,167,103,64,153,11,142,52.1875,32.1875,20,47.8125,3.4375000000000004,44.375
E00060957,287,52,18,34,235,21,214,18.118466898954704,6.2717770034843205,11.846689895470384,81.8815331010453,7.317073170731707,74.56445993031359
E00060958,445,60,17,43,385,31,354,13.48314606741573,3.8202247191011236,9.662921348314606,86.51685393258427,6.96629213483146,79.5505617977528
E00060959,302,80,43,37,222,28,194,26.490066225165563,14.23841059602649,12.251655629139073,73.50993377483444,9.271523178807946,64.23841059602648
E00060960,259,55,27,28,204,20,184,21.235521235521233,10.424710424710424,10.81081081081081,78.76447876447877,7.722007722007722,71.04247104247105
E00060961,316,51,18,33,265,14,251,16.139240506329113,5.69620253164557,10.443037974683545,83.86075949367088,4.430379746835443,79.43037974683544
E00060962,230,51,17,34,179,23,156,22.17391304347826,7.391304347826087,14.782608695652174,77.82608695652173,10,67.82608695652173
E00060965,311,84,50,34,227,9,218,27.009646302250808,16.077170418006432,10.932475884244374,72.9903536977492,2.8938906752411575,70.09646302250803
E00060966,240,78,45,33,162,9,153,32.5,18.75,13.750000000000002,67.5,3.75,63.74999999999999
E00060967,559,117,71,46,442,35,407,20.930232558139537,12.701252236135957,8.228980322003578,79.06976744186046,6.261180679785331,72.80858676207514
E00060968,371,87,46,41,284,14,270,23.450134770889488,12.398921832884097,11.05121293800539,76.54986522911051,3.7735849056603774,72.77628032345014
E00060969,381,93,46,47,288,23,265,24.409448818897637,12.073490813648293,12.335958005249344,75.59055118110236,6.036745406824147,69.5538057742782
E00060970,297,72,40,32,225,21,204,24.242424242424242,13.468013468013467,10.774410774410773,75.75757575757575,7.07070707070707,68.68686868686868
E00060971,441,95,51,44,346,19,327,21.541950113378686,11.564625850340136,9.977324263038549,78.45804988662131,4.308390022675737,74.14965986394559
E00060972,350,61,36,25,289,15,274,17.42857142857143,10.285714285714285,7.142857142857142,82.57142857142857,4.285714285714286,78.28571428571428
E00060973,270,71,26,45,199,8,191,26.296296296296294,9.62962962962963,16.666666666666664,73.70370370370371,2.9629629629629632,70.74074074074073
E00060974,297,81,49,32,216,11,205,27.27272727272727,16.4983164983165,10.774410774410773,72.72727272727273,3.7037037037037033,69.02356902356902
E00060975,366,128,74,54,238,19,219,34.97267759562842,20.21857923497268,14.754098360655737,65.02732240437157,5.191256830601093,59.83606557377049
E00060976,375,64,26,38,311,16,295,17.066666666666666,6.933333333333333,10.133333333333333,82.93333333333334,4.266666666666667,78.66666666666666
E00060977,118,56,29,27,62,4,58,47.45762711864407,24.576271186440678,22.88135593220339,52.54237288135594,3.389830508474576,49.152542372881356
E00060978,316,72,35,37,244,15,229,22.78481012658228,11.075949367088606,11.708860759493671,77.21518987341773,4.746835443037975,72.46835443037975
E00060979,411,98,51,47,313,14,299,23.844282238442823,12.408759124087592,11.435523114355231,76.15571776155717,3.40632603406326,72.74939172749392
E00060981,334,58,26,32,276,15,261,17.365269461077844,7.784431137724551,9.580838323353294,82.63473053892216,4.491017964071856,78.1437125748503
E00060982,326,128,81,47,198,11,187,39.263803680981596,24.846625766871167,14.417177914110429,60.73619631901841,3.374233128834356,57.36196319018405
E00060983,344,85,46,39,259,20,239,24.709302325581394,13.372093023255813,11.337209302325581,75.29069767441861,5.813953488372093,69.47674418604652
E00060984,453,156,101,55,297,17,280,34.437086092715234,22.29580573951435,12.141280353200882,65.56291390728477,3.7527593818984544,61.81015452538632
E00060986,387,94,41,53,293,11,282,24.289405684754524,10.594315245478036,13.695090439276486,75.71059431524549,2.842377260981912,72.86821705426357
E00060987,460,99,48,51,361,8,353,21.521739130434785,10.434782608695652,11.08695652173913,78.47826086956522,1.7391304347826086,76.73913043478261
E00060988,432,84,42,42,348,15,333,19.444444444444446,9.722222222222223,9.722222222222223,80.55555555555556,3.4722222222222223,77.08333333333334
E00060989,438,46,23,23,392,13,379,10.50228310502283,5.251141552511415,5.251141552511415,89.49771689497716,2.968036529680365,86.5296803652968
E00060990,506,78,33,45,428,21,407,15.41501976284585,6.521739130434782,8.893280632411066,84.58498023715416,4.150197628458498,80.43478260869566
E00060991,321,46,18,28,275,10,265,14.330218068535824,5.607476635514018,8.722741433021806,85.66978193146417,3.115264797507788,82.55451713395638
E00060992,452,93,65,28,359,19,340,20.575221238938052,14.380530973451327,6.1946902654867255,79.42477876106194,4.20353982300885,75.22123893805309
E00060993,399,46,21,25,353,8,345,11.528822055137844,5.263157894736842,6.265664160401002,88.47117794486216,2.0050125313283207,86.46616541353383
E00060995,359,85,42,43,274,14,260,23.676880222841227,11.699164345403899,11.977715877437326,76.32311977715878,3.8997214484679668,72.42339832869081
E00060997,404,58,21,37,346,8,338,14.356435643564355,5.198019801980198,9.158415841584159,85.64356435643565,1.9801980198019802,83.66336633663366
E00060998,476,75,29,46,401,14,387,15.756302521008402,6.092436974789916,9.663865546218489,84.24369747899159,2.941176470588235,81.30252100840336
E00165819,382,66,32,34,316,19,297,17.277486910994764,8.37696335078534,8.900523560209423,82.72251308900523,4.973821989528796,77.74869109947645
E00174106,507,118,62,56,389,22,367,23.274161735700197,12.22879684418146,11.045364891518737,76.72583826429981,4.339250493096647,72.38658777120315
E00174107,295,108,66,42,187,9,178,36.610169491525426,22.372881355932204,14.237288135593221,63.389830508474574,3.050847457627119,60.33898305084746
E00174108,460,116,69,47,344,18,326,25.217391304347824,15,10.217391304347826,74.78260869565217,3.91304347826087,70.86956521739131
E00174109,293,62,34,28,231,24,207,21.160409556313994,11.604095563139932,9.556313993174061,78.839590443686,8.19112627986348,70.64846416382252
E00174110,126,22,12,10,104,3,101,17.46031746031746,9.523809523809524,7.936507936507936,82.53968253968253,2.380952380952381,80.15873015873017
E00174111,448,78,28,50,370,43,327,17.410714285714285,6.25,11.160714285714286,82.58928571428571,9.598214285714286,72.99107142857143
E00174112,426,71,23,48,355,29,326,16.666666666666664,5.39906103286385,11.267605633802818,83.33333333333334,6.807511737089202,76.52582159624414
E00174113,344,62,30,32,282,17,265,18.023255813953487,8.720930232558139,9.30232558139535,81.97674418604652,4.941860465116279,77.03488372093024
E00174114,434,66,30,36,368,24,344,15.207373271889402,6.912442396313365,8.294930875576037,84.7926267281106,5.529953917050691,79.26267281105991
E00174115,244,33,15,18,211,14,197,13.524590163934427,6.147540983606557,7.377049180327869,86.47540983606558,5.737704918032787,80.73770491803278
E00174116,186,85,61,24,101,8,93,45.69892473118279,32.795698924731184,12.903225806451612,54.3010752688172,4.301075268817205,50
E00174117,125,11,0,11,114,8,106,8.799999999999999,0,8.799999999999999,91.2,6.4,84.8
E00174118,373,109,41,68,264,75,189,29.2225201072386,10.991957104557642,18.230563002680967,70.77747989276139,20.10723860589812,50.67024128686327
E00174119,412,53,17,36,359,39,320,12.864077669902912,4.12621359223301,8.737864077669903,87.13592233009709,9.466019417475728,77.66990291262135
E00188176,276,44,26,18,232,10,222,15.942028985507244,9.420289855072465,6.521739130434782,84.05797101449275,3.6231884057971016,80.43478260869566
E00188190,289,23,9,14,266,22,244,7.958477508650519,3.1141868512110724,4.844290657439446,92.04152249134948,7.612456747404845,84.42906574394463
E00188194,309,31,11,20,278,28,250,10.032362459546926,3.559870550161812,6.472491909385113,89.96763754045307,9.06148867313916,80.90614886731392
E00188195,386,32,11,21,354,27,327,8.290155440414509,2.849740932642487,5.4404145077720205,91.70984455958549,6.994818652849741,84.71502590673575
E00188196,326,32,13,19,294,25,269,9.815950920245399,3.9877300613496933,5.828220858895705,90.1840490797546,7.668711656441718,82.51533742331289
E00188200,337,48,25,23,289,27,262,14.243323442136498,7.418397626112759,6.824925816023739,85.7566765578635,8.011869436201781,77.74480712166172
E00188211,370,20,3,17,350,25,325,5.405405405405405,0.8108108108108109,4.594594594594595,94.5945945945946,6.756756756756757,87.83783783783784
E00188215,369,32,11,21,337,11,326,8.672086720867208,2.9810298102981028,5.691056910569105,91.32791327913279,2.9810298102981028,88.34688346883469
E00188218,351,74,38,36,277,15,262,21.082621082621085,10.826210826210826,10.256410256410255,78.91737891737893,4.273504273504273,74.64387464387464
E00188220,416,78,32,46,338,13,325,18.75,7.6923076923076925,11.057692307692307,81.25,3.125,78.125
E00188221,348,32,12,20,316,22,294,9.195402298850574,3.4482758620689653,5.747126436781609,90.80459770114942,6.321839080459771,84.48275862068965
E00188224,379,65,23,42,314,28,286,17.150395778364118,6.068601583113456,11.081794195250659,82.84960422163589,7.387862796833773,75.46174142480211
E00188234,366,43,14,29,323,26,297,11.748633879781421,3.825136612021858,7.923497267759563,88.25136612021858,7.103825136612022,81.14754098360656
E00188237,405,35,15,20,370,20,350,8.641975308641975,3.7037037037037033,4.938271604938271,91.35802469135803,4.938271604938271,86.41975308641975
E00188239,322,43,22,21,279,7,272,13.354037267080745,6.832298136645963,6.521739130434782,86.64596273291926,2.1739130434782608,84.472049689441
E00188240,361,31,9,22,330,19,311,8.587257617728532,2.4930747922437675,6.094182825484765,91.41274238227147,5.263157894736842,86.14958448753463
E00188241,377,75,35,40,302,34,268,19.893899204244033,9.283819628647215,10.610079575596817,80.10610079575596,9.018567639257293,71.08753315649867
E00188245,336,27,7,20,309,21,288,8.035714285714286,2.083333333333333,5.952380952380952,91.96428571428571,6.25,85.71428571428571
E00188249,217,40,12,28,177,25,152,18.433179723502306,5.529953917050691,12.903225806451612,81.5668202764977,11.52073732718894,70.04608294930875
E00188254,307,118,50,68,189,15,174,38.43648208469055,16.286644951140065,22.149837133550488,61.563517915309454,4.88599348534202,56.67752442996743
E00188258,242,19,4,15,223,13,210,7.851239669421488,1.6528925619834711,6.198347107438017,92.14876033057851,5.371900826446281,86.77685950413223
E00188265,226,37,17,20,189,14,175,16.371681415929203,7.52212389380531,8.849557522123893,83.6283185840708,6.1946902654867255,77.43362831858407
E00188275,331,31,7,24,300,19,281,9.365558912386707,2.1148036253776437,7.250755287009064,90.6344410876133,5.740181268882175,84.89425981873111
E00188277,285,25,8,17,260,22,238,8.771929824561402,2.807017543859649,5.964912280701754,91.22807017543859,7.719298245614035,83.50877192982456
E00188281,353,22,7,15,331,19,312,6.232294617563739,1.9830028328611897,4.2492917847025495,93.76770538243626,5.382436260623229,88.38526912181302
E00188282,481,133,47,86,348,31,317,27.650727650727653,9.771309771309772,17.87941787941788,72.34927234927235,6.4449064449064455,65.9043659043659
E00188286,265,50,30,20,215,23,192,18.867924528301888,11.320754716981133,7.547169811320755,81.13207547169812,8.679245283018867,72.45283018867924
E00188293,372,24,6,18,348,17,331,6.451612903225806,1.6129032258064515,4.838709677419355,93.54838709677419,4.56989247311828,88.97849462365592
E00188312,317,58,24,34,259,26,233,18.29652996845426,7.570977917981073,10.725552050473187,81.70347003154575,8.201892744479496,73.50157728706624
E00188316,344,26,7,19,318,25,293,7.55813953488372,2.0348837209302326,5.523255813953488,92.44186046511628,7.267441860465117,85.17441860465115
E00188319,447,91,58,33,356,32,324,20.3579418344519,12.97539149888143,7.38255033557047,79.64205816554811,7.158836689038031,72.48322147651007
E00188331,276,63,25,38,213,25,188,22.82608695652174,9.057971014492754,13.768115942028986,77.17391304347827,9.057971014492754,68.11594202898551
