OA,ts0380001,ts0380002,ts0380003,ts0380004,ts0380005,ts0380006,ts0380007,ts0380002_PCT,ts0380003_PCT,ts0380004_PCT,ts0380005_PCT,ts0380006_PCT,ts0380007_PCT
E00097328,227,56,23,33,171,18,153,24.669603524229075,10.13215859030837,14.537444933920703,75.33039647577093,7.929515418502203,67.40088105726872
E00097329,270,44,13,31,226,18,208,16.296296296296298,4.814814814814815,11.481481481481481,83.7037037037037,6.666666666666667,77.03703703703704
E00097330,231,44,21,23,187,10,177,19.047619047619047,9.090909090909092,9.956709956709958,80.95238095238095,4.329004329004329,76.62337662337663
E00097331,200,51,29,22,149,10,139,25.5,14.499999999999998,11,74.5,5,69.5
E00097332,445,76,24,52,369,37,332,17.078651685393258,5.393258426966292,11.685393258426966,82.92134831460675,8.314606741573034,74.6067415730337
E00097333,279,29,4,25,250,21,229,10.39426523297491,1.4336917562724014,8.960573476702509,89.6057347670251,7.526881720430108,82.07885304659499
E00097335,178,49,21,28,129,11,118,27.52808988764045,11.797752808988763,15.730337078651685,72.47191011235955,6.179775280898876,66.29213483146067
E00097336,152,28,7,21,124,12,112,18.421052631578945,4.605263157894736,13.815789473684212,81.57894736842105,7.894736842105263,73.68421052631578
E00097337,222,38,11,27,184,19,165,17.117117117117118,4.954954954954955,12.162162162162163,82.88288288288288,8.558558558558559,74.32432432432432
E00097338,278,32,12,20,246,27,219,11.510791366906476,4.316546762589928,7.1942446043165464,88.48920863309353,9.712230215827338,78.77697841726618
E00097339,334,54,24,30,280,23,257,16.16766467065868,7.18562874251497,8.982035928143713,83.8323353293413,6.88622754491018,76.94610778443113
E00097340,288,74,33,41,214,15,199,25.694444444444443,11.458333333333332,14.23611111111111,74.30555555555556,5.208333333333334,69.09722222222221
E00097341,288,54,25,29,234,21,213,18.75,8.680555555555555,10.069444444444445,81.25,7.291666666666667,73.95833333333334
E00097342,247,54,20,34,193,15,178,21.86234817813765,8.097165991902834,13.765182186234817,78.13765182186235,6.0728744939271255,72.06477732793523
E00097343,207,58,27,31,149,10,139,28.019323671497588,13.043478260869565,14.975845410628018,71.98067632850241,4.830917874396135,67.14975845410628
E00097344,270,51,25,26,219,18,201,18.88888888888889,9.25925925925926,9.62962962962963,81.11111111111111,6.666666666666667,74.44444444444444
E00097345,262,52,20,32,210,19,191,19.84732824427481,7.633587786259542,12.213740458015266,80.1526717557252,7.251908396946565,72.90076335877863
E00097346,270,59,23,36,211,30,181,21.85185185185185,8.518518518518519,13.333333333333334,78.14814814814814,11.11111111111111,67.03703703703704
E00097347,229,36,12,24,193,22,171,15.72052401746725,5.240174672489083,10.480349344978166,84.27947598253274,9.606986899563319,74.67248908296943
E00097348,278,59,25,34,219,11,208,21.223021582733814,8.992805755395683,12.23021582733813,78.77697841726618,3.9568345323741005,74.82014388489209
E00097349,264,38,16,22,226,23,203,14.393939393939394,6.0606060606060606,8.333333333333332,85.60606060606061,8.712121212121213,76.89393939393939
E00097350,338,54,16,38,284,27,257,15.976331360946746,4.733727810650888,11.242603550295858,84.02366863905326,7.988165680473373,76.03550295857988
E00097351,264,46,22,24,218,18,200,17.424242424242426,8.333333333333332,9.090909090909092,82.57575757575758,6.8181818181818175,75.75757575757575
E00097352,497,74,30,44,423,36,387,14.88933601609658,6.036217303822937,8.853118712273641,85.11066398390342,7.2434607645875255,77.8672032193159
E00097353,292,54,19,35,238,18,220,18.493150684931507,6.506849315068493,11.986301369863012,81.5068493150685,6.164383561643835,75.34246575342466
E00097354,312,84,53,31,228,25,203,26.923076923076923,16.98717948717949,9.935897435897436,73.07692307692307,8.012820512820513,65.06410256410257
E00097355,469,69,36,33,400,30,370,14.712153518123666,7.675906183368871,7.036247334754798,85.28784648187633,6.396588486140725,78.89125799573561
E00097356,314,70,29,41,244,22,222,22.29299363057325,9.235668789808917,13.05732484076433,77.70700636942675,7.006369426751593,70.70063694267516
E00097357,271,43,16,27,228,27,201,15.867158671586715,5.904059040590406,9.96309963099631,84.13284132841329,9.96309963099631,74.16974169741697
E00097358,263,45,14,31,218,21,197,17.110266159695815,5.323193916349809,11.787072243346007,82.88973384030417,7.984790874524715,74.90494296577947
E00097359,297,32,13,19,265,21,244,10.774410774410773,4.377104377104377,6.397306397306397,89.22558922558923,7.07070707070707,82.15488215488216
E00097360,254,44,19,25,210,19,191,17.322834645669293,7.480314960629922,9.84251968503937,82.67716535433071,7.480314960629922,75.19685039370079
E00097361,292,71,38,33,221,16,205,24.315068493150687,13.013698630136986,11.301369863013697,75.68493150684932,5.47945205479452,70.2054794520548
E00097362,267,47,21,26,220,17,203,17.60299625468165,7.865168539325842,9.737827715355806,82.39700374531836,6.367041198501873,76.02996254681648
E00097363,393,50,17,33,343,34,309,12.72264631043257,4.325699745547073,8.396946564885496,87.27735368956743,8.651399491094146,78.62595419847328
E00097364,168,58,30,28,110,6,104,34.523809523809526,17.857142857142858,16.666666666666664,65.47619047619048,3.571428571428571,61.904761904761905
E00097365,274,85,43,42,189,21,168,31.02189781021898,15.693430656934307,15.328467153284672,68.97810218978103,7.664233576642336,61.31386861313869
E00097366,264,53,26,27,211,22,189,20.075757575757574,9.848484848484848,10.227272727272728,79.92424242424242,8.333333333333332,71.5909090909091
E00097367,237,55,23,32,182,16,166,23.20675105485232,9.70464135021097,13.502109704641349,76.79324894514767,6.751054852320674,70.042194092827
E00097368,283,67,39,28,216,18,198,23.674911660777383,13.780918727915195,9.89399293286219,76.32508833922262,6.36042402826855,69.96466431095406
E00097369,272,74,42,32,198,19,179,27.205882352941174,15.441176470588236,11.76470588235294,72.79411764705883,6.985294117647059,65.80882352941177
E00097370,557,79,27,52,478,32,446,14.183123877917414,4.847396768402154,9.33572710951526,85.81687612208259,5.745062836624776,80.07181328545781
E00097371,266,61,25,36,205,12,193,22.932330827067666,9.398496240601503,13.533834586466165,77.06766917293233,4.511278195488721,72.55639097744361
E00097372,279,115,68,47,164,14,150,41.21863799283154,24.372759856630825,16.845878136200717,58.78136200716846,5.017921146953405,53.76344086021505
E00097373,270,44,13,31,226,20,206,16.296296296296298,4.814814814814815,11.481481481481481,83.7037037037037,7.4074074074074066,76.29629629629629
E00097374,279,47,20,27,232,24,208,16.845878136200717,7.168458781362006,9.67741935483871,83.15412186379928,8.60215053763441,74.55197132616487
E00097375,298,46,26,20,252,22,230,15.436241610738255,8.724832214765101,6.7114093959731544,84.56375838926175,7.38255033557047,77.18120805369128
E00097376,241,50,20,30,191,17,174,20.74688796680498,8.29875518672199,12.448132780082988,79.25311203319502,7.053941908713693,72.19917012448133
E00097377,266,63,28,35,203,28,175,23.684210526315788,10.526315789473683,13.157894736842104,76.31578947368422,10.526315789473683,65.78947368421053
E00097378,248,67,42,25,181,7,174,27.016129032258064,16.93548387096774,10.080645161290322,72.98387096774194,2.82258064516129,70.16129032258065
E00097379,192,61,32,29,131,17,114,31.770833333333332,16.666666666666664,15.104166666666666,68.22916666666666,8.854166666666668,59.375
E00097380,258,47,20,27,211,22,189,18.217054263565892,7.751937984496124,10.465116279069768,81.78294573643412,8.527131782945736,73.25581395348837
E00097381,281,48,22,26,233,24,209,17.08185053380783,7.829181494661921,9.252669039145907,82.91814946619218,8.540925266903916,74.37722419928826
E00097382,264,71,38,33,193,16,177,26.89393939393939,14.393939393939394,12.5,73.10606060606061,6.0606060606060606,67.04545454545455
E00097383,259,39,19,20,220,14,206,15.057915057915059,7.335907335907336,7.722007722007722,84.94208494208493,5.405405405405405,79.53667953667953
E00097384,250,68,32,36,182,11,171,27.200000000000003,12.8,14.399999999999999,72.8,4.3999999999999995,68.4
E00097385,294,55,22,33,239,24,215,18.70748299319728,7.482993197278912,11.224489795918368,81.29251700680273,8.16326530612245,73.12925170068027
E00097386,275,61,18,43,214,26,188,22.181818181818183,6.545454545454546,15.636363636363637,77.81818181818181,9.454545454545455,68.36363636363636
E00097387,229,74,39,35,155,13,142,32.314410480349345,17.03056768558952,15.283842794759824,67.68558951965066,5.676855895196507,62.00873362445415
E00097388,276,75,41,34,201,15,186,27.173913043478258,14.855072463768115,12.318840579710146,72.82608695652173,5.434782608695652,67.3913043478261
E00097389,205,55,29,26,150,20,130,26.82926829268293,14.146341463414632,12.682926829268293,73.17073170731707,9.75609756097561,63.41463414634146
E00097390,288,81,44,37,207,17,190,28.125,15.277777777777779,12.847222222222221,71.875,5.902777777777778,65.97222222222221
E00097391,262,39,13,26,223,24,199,14.885496183206106,4.961832061068702,9.923664122137405,85.1145038167939,9.16030534351145,75.95419847328245
E00097392,316,96,44,52,220,17,203,30.37974683544304,13.924050632911392,16.455696202531644,69.62025316455697,5.379746835443038,64.24050632911393
E00097393,262,68,29,39,194,14,180,25.954198473282442,11.068702290076336,14.885496183206106,74.04580152671755,5.343511450381679,68.70229007633588
E00097394,268,57,22,35,211,26,185,21.26865671641791,8.208955223880597,13.059701492537313,78.73134328358209,9.701492537313433,69.02985074626866
E00097395,416,96,49,47,320,21,299,23.076923076923077,11.778846153846153,11.298076923076923,76.92307692307693,5.048076923076923,71.875
E00097396,401,72,36,36,329,12,317,17.955112219451372,8.977556109725686,8.977556109725686,82.04488778054862,2.9925187032418954,79.05236907730672
E00097397,301,66,35,31,235,22,213,21.92691029900332,11.627906976744185,10.299003322259136,78.07308970099668,7.308970099667775,70.7641196013289
E00097398,330,67,32,35,263,22,241,20.303030303030305,9.696969696969697,10.606060606060606,79.6969696969697,6.666666666666667,73.03030303030303
E00097399,273,78,37,41,195,13,182,28.57142857142857,13.553113553113553,15.018315018315018,71.42857142857143,4.761904761904762,66.66666666666666
E00097400,363,46,15,31,317,29,288,12.672176308539946,4.132231404958678,8.539944903581267,87.32782369146005,7.988980716253444,79.33884297520662
E00097401,448,92,31,61,356,28,328,20.535714285714285,6.919642857142858,13.616071428571427,79.46428571428571,6.25,73.21428571428571
E00097402,276,76,43,33,200,16,184,27.536231884057973,15.579710144927535,11.956521739130435,72.46376811594203,5.797101449275362,66.66666666666666
E00097403,197,60,34,26,137,15,122,30.456852791878177,17.258883248730964,13.19796954314721,69.54314720812182,7.614213197969544,61.92893401015228
E00097404,296,68,35,33,228,25,203,22.972972972972975,11.824324324324325,11.14864864864865,77.02702702702703,8.445945945945946,68.58108108108108
E00097405,271,74,38,36,197,19,178,27.30627306273063,14.022140221402212,13.284132841328415,72.69372693726937,7.011070110701106,65.68265682656826
E00097406,282,60,26,34,222,25,197,21.27659574468085,9.219858156028367,12.056737588652481,78.72340425531915,8.865248226950355,69.8581560283688
E00097407,276,61,33,28,215,17,198,22.10144927536232,11.956521739130435,10.144927536231885,77.89855072463769,6.159420289855073,71.73913043478261
E00097408,280,62,38,24,218,15,203,22.142857142857142,13.571428571428571,8.571428571428571,77.85714285714286,5.357142857142857,72.5
E00097409,313,57,21,36,256,22,234,18.210862619808307,6.7092651757188495,11.501597444089457,81.78913738019169,7.0287539936102235,74.76038338658148
E00097410,416,86,39,47,330,31,299,20.673076923076923,9.375,11.298076923076923,79.32692307692307,7.451923076923077,71.875
E00097411,307,55,18,37,252,21,231,17.91530944625407,5.863192182410423,12.052117263843648,82.08469055374593,6.840390879478828,75.2442996742671
E00097412,323,80,40,40,243,21,222,24.76780185758514,12.38390092879257,12.38390092879257,75.23219814241486,6.5015479876160995,68.73065015479877
E00097413,146,22,5,17,124,13,111,15.068493150684931,3.4246575342465753,11.643835616438356,84.93150684931507,8.904109589041095,76.02739726027397
E00097414,247,35,11,24,212,21,191,14.17004048582996,4.4534412955465585,9.7165991902834,85.82995951417004,8.502024291497975,77.32793522267207
E00097415,155,75,41,34,80,8,72,48.38709677419355,26.451612903225808,21.935483870967744,51.61290322580645,5.161290322580645,46.45161290322581
E00097416,229,55,27,28,174,13,161,24.017467248908297,11.790393013100436,12.22707423580786,75.9825327510917,5.676855895196507,70.3056768558952
E00097417,300,44,21,23,256,19,237,14.666666666666666,7.000000000000001,7.666666666666666,85.33333333333334,6.333333333333334,79
E00097418,270,46,16,30,224,23,201,17.037037037037038,5.9259259259259265,11.11111111111111,82.96296296296296,8.518518518518519,74.44444444444444
E00097419,274,51,19,32,223,13,210,18.613138686131386,6.934306569343065,11.678832116788321,81.38686131386861,4.744525547445255,76.64233576642336
E00097420,226,32,13,19,194,23,171,14.15929203539823,5.752212389380531,8.4070796460177,85.84070796460178,10.176991150442479,75.66371681415929
E00097421,235,45,16,29,190,20,170,19.148936170212767,6.808510638297872,12.340425531914894,80.85106382978722,8.51063829787234,72.3404255319149
E00097422,407,88,41,47,319,31,288,21.62162162162162,10.073710073710075,11.547911547911548,78.37837837837837,7.616707616707617,70.76167076167076
E00097423,208,54,26,28,154,16,138,25.961538461538463,12.5,13.461538461538462,74.03846153846155,7.6923076923076925,66.34615384615384
E00097424,202,63,33,30,139,17,122,31.18811881188119,16.33663366336634,14.85148514851485,68.8118811881188,8.415841584158416,60.396039603960396
E00097425,301,66,36,30,235,17,218,21.92691029900332,11.960132890365449,9.966777408637874,78.07308970099668,5.647840531561462,72.42524916943522
E00097426,214,61,21,40,153,11,142,28.504672897196258,9.813084112149532,18.69158878504673,71.49532710280374,5.14018691588785,66.35514018691589
E00097427,192,28,11,17,164,13,151,14.583333333333334,5.729166666666666,8.854166666666668,85.41666666666666,6.770833333333333,78.64583333333334
E00097428,226,61,24,37,165,25,140,26.991150442477874,10.619469026548673,16.371681415929203,73.00884955752213,11.061946902654867,61.94690265486725
E00097429,247,42,16,26,205,24,181,17.00404858299595,6.477732793522267,10.526315789473683,82.99595141700405,9.7165991902834,73.27935222672065
E00097430,230,38,9,29,192,28,164,16.52173913043478,3.91304347826087,12.608695652173912,83.47826086956522,12.173913043478262,71.30434782608695
E00097431,266,42,7,35,224,21,203,15.789473684210526,2.631578947368421,13.157894736842104,84.21052631578947,7.894736842105263,76.31578947368422
E00097432,332,50,19,31,282,29,253,15.060240963855422,5.72289156626506,9.33734939759036,84.93975903614458,8.734939759036145,76.20481927710844
E00097433,321,74,28,46,247,27,220,23.05295950155763,8.722741433021806,14.330218068535824,76.94704049844236,8.411214953271028,68.53582554517133
E00097434,210,68,33,35,142,14,128,32.38095238095238,15.714285714285714,16.666666666666664,67.61904761904762,6.666666666666667,60.952380952380956
E00097435,268,72,37,35,196,15,181,26.865671641791046,13.805970149253731,13.059701492537313,73.13432835820896,5.597014925373134,67.53731343283582
E00097436,352,68,31,37,284,31,253,19.318181818181817,8.806818181818182,10.511363636363637,80.68181818181817,8.806818181818182,71.875
E00097437,476,67,34,33,409,29,380,14.07563025210084,7.142857142857142,6.932773109243698,85.92436974789915,6.092436974789916,79.83193277310924
E00097438,209,45,27,18,164,11,153,21.5311004784689,12.918660287081341,8.61244019138756,78.4688995215311,5.263157894736842,73.20574162679426
E00097439,223,69,45,24,154,10,144,30.94170403587444,20.179372197309416,10.762331838565023,69.05829596412556,4.484304932735426,64.57399103139014
E00097440,172,38,23,15,134,10,124,22.093023255813954,13.372093023255813,8.720930232558139,77.90697674418605,5.813953488372093,72.09302325581395
E00097441,398,68,23,45,330,31,299,17.08542713567839,5.778894472361809,11.306532663316583,82.91457286432161,7.788944723618091,75.12562814070351
E00097442,273,66,21,45,207,35,172,24.175824175824175,7.6923076923076925,16.483516483516482,75.82417582417582,12.82051282051282,63.003663003663
E00097443,201,50,25,25,151,15,136,24.875621890547265,12.437810945273633,12.437810945273633,75.12437810945273,7.462686567164178,67.66169154228857
E00097444,207,37,16,21,170,20,150,17.874396135265698,7.729468599033816,10.144927536231885,82.1256038647343,9.66183574879227,72.46376811594203
E00097445,248,54,21,33,194,27,167,21.774193548387096,8.46774193548387,13.306451612903224,78.2258064516129,10.887096774193548,67.33870967741935
E00097446,315,80,39,41,235,23,212,25.396825396825395,12.380952380952381,13.015873015873018,74.60317460317461,7.301587301587302,67.3015873015873
E00097447,198,66,36,30,132,16,116,33.33333333333333,18.181818181818183,15.151515151515152,66.66666666666666,8.080808080808081,58.58585858585859
E00097448,212,78,32,46,134,23,111,36.79245283018868,15.09433962264151,21.69811320754717,63.20754716981132,10.849056603773585,52.358490566037744
E00097449,148,53,28,25,95,17,78,35.810810810810814,18.91891891891892,16.89189189189189,64.1891891891892,11.486486486486488,52.702702702702695
E00097450,128,57,32,25,71,11,60,44.53125,25,19.53125,55.46875,8.59375,46.875
E00097451,304,40,18,22,264,21,243,13.157894736842104,5.921052631578947,7.236842105263158,86.8421052631579,6.907894736842106,79.93421052631578
E00097452,300,72,29,43,228,21,207,24,9.666666666666666,14.333333333333334,76,7.000000000000001,69
E00097453,303,55,20,35,248,20,228,18.151815181518153,6.6006600660066,11.55115511551155,81.84818481848185,6.6006600660066,75.24752475247524
E00097454,315,59,28,31,256,18,238,18.73015873015873,8.88888888888889,9.841269841269842,81.26984126984127,5.714285714285714,75.55555555555556
E00097455,291,65,39,26,226,20,206,22.336769759450174,13.402061855670103,8.934707903780069,77.66323024054984,6.872852233676976,70.79037800687286
E00097456,281,35,10,25,246,26,220,12.455516014234876,3.558718861209965,8.896797153024911,87.54448398576513,9.252669039145907,78.29181494661923
E00097457,194,44,22,22,150,22,128,22.68041237113402,11.34020618556701,11.34020618556701,77.31958762886599,11.34020618556701,65.97938144329896
E00097458,258,75,40,35,183,16,167,29.069767441860467,15.503875968992247,13.565891472868216,70.93023255813954,6.2015503875969,64.72868217054264
E00097459,128,60,28,32,68,11,57,46.875,21.875,25,53.125,8.59375,44.53125
E00097460,186,70,33,37,116,17,99,37.634408602150536,17.741935483870968,19.892473118279568,62.365591397849464,9.13978494623656,53.2258064516129
E00097461,207,60,36,24,147,21,126,28.985507246376812,17.391304347826086,11.594202898550725,71.01449275362319,10.144927536231885,60.86956521739131
E00097462,235,60,30,30,175,19,156,25.53191489361702,12.76595744680851,12.76595744680851,74.46808510638297,8.085106382978724,66.38297872340425
E00097463,243,50,29,21,193,23,170,20.5761316872428,11.934156378600823,8.641975308641975,79.42386831275721,9.465020576131687,69.95884773662551
E00097464,227,62,33,29,165,15,150,27.312775330396477,14.537444933920703,12.77533039647577,72.68722466960352,6.607929515418502,66.07929515418502
E00097465,320,71,34,37,249,22,227,22.1875,10.625,11.5625,77.8125,6.875000000000001,70.9375
E00097466,520,113,27,86,407,64,343,21.73076923076923,5.1923076923076925,16.538461538461537,78.26923076923077,12.307692307692308,65.96153846153847
E00097467,268,51,22,29,217,10,207,19.029850746268657,8.208955223880597,10.820895522388058,80.97014925373134,3.731343283582089,77.23880597014924
E00097468,233,51,21,30,182,18,164,21.888412017167383,9.012875536480687,12.875536480686694,78.11158798283262,7.725321888412018,70.3862660944206
E00097469,215,46,18,28,169,13,156,21.3953488372093,8.372093023255815,13.023255813953488,78.6046511627907,6.046511627906977,72.55813953488372
E00097470,253,62,28,34,191,11,180,24.50592885375494,11.067193675889328,13.438735177865613,75.49407114624506,4.3478260869565215,71.14624505928853
E00097471,298,65,36,29,233,10,223,21.812080536912752,12.080536912751679,9.731543624161073,78.18791946308725,3.3557046979865772,74.83221476510067
E00097472,295,43,24,19,252,22,230,14.576271186440678,8.135593220338983,6.440677966101695,85.42372881355932,7.457627118644068,77.96610169491525
E00097473,205,55,29,26,150,8,142,26.82926829268293,14.146341463414632,12.682926829268293,73.17073170731707,3.902439024390244,69.26829268292683
E00097474,244,62,32,30,182,11,171,25.40983606557377,13.114754098360656,12.295081967213115,74.59016393442623,4.508196721311475,70.08196721311475
E00097475,315,52,18,34,263,24,239,16.507936507936506,5.714285714285714,10.793650793650794,83.4920634920635,7.6190476190476195,75.87301587301587
E00097476,240,56,24,32,184,17,167,23.333333333333332,10,13.333333333333334,76.66666666666667,7.083333333333333,69.58333333333333
E00097477,241,52,28,24,189,18,171,21.57676348547718,11.618257261410788,9.95850622406639,78.42323651452283,7.468879668049793,70.95435684647303
E00097478,287,78,33,45,209,16,193,27.177700348432055,11.498257839721255,15.6794425087108,72.82229965156795,5.574912891986063,67.24738675958189
E00097479,288,56,30,26,232,23,209,19.444444444444446,10.416666666666668,9.027777777777777,80.55555555555556,7.986111111111111,72.56944444444444
E00097480,173,67,36,31,106,9,97,38.72832369942196,20.809248554913296,17.91907514450867,61.27167630057804,5.202312138728324,56.06936416184971
E00097481,287,66,29,37,221,24,197,22.99651567944251,10.104529616724738,12.89198606271777,77.00348432055749,8.362369337979095,68.6411149825784
E00097482,326,39,14,25,287,24,263,11.96319018404908,4.294478527607362,7.668711656441718,88.03680981595092,7.361963190184049,80.67484662576688
E00097483,286,62,24,38,224,36,188,21.678321678321677,8.391608391608392,13.286713286713287,78.32167832167832,12.587412587412588,65.73426573426573
E00097484,273,46,17,29,227,21,206,16.84981684981685,6.227106227106227,10.622710622710622,83.15018315018315,7.6923076923076925,75.45787545787546
E00097485,253,40,16,24,213,17,196,15.810276679841898,6.324110671936759,9.486166007905137,84.18972332015811,6.719367588932807,77.4703557312253
E00097486,368,48,16,32,320,27,293,13.043478260869565,4.3478260869565215,8.695652173913043,86.95652173913044,7.336956521739131,79.61956521739131
E00097487,304,41,13,28,263,25,238,13.486842105263158,4.276315789473684,9.210526315789473,86.51315789473685,8.223684210526317,78.28947368421053
E00097488,340,33,7,26,307,30,277,9.705882352941178,2.0588235294117645,7.647058823529412,90.29411764705883,8.823529411764707,81.47058823529412
E00097489,272,42,11,31,230,28,202,15.441176470588236,4.044117647058823,11.397058823529411,84.55882352941177,10.294117647058822,74.26470588235294
E00097490,290,68,36,32,222,18,204,23.448275862068964,12.413793103448276,11.03448275862069,76.55172413793103,6.206896551724138,70.34482758620689
E00097491,251,42,20,22,209,18,191,16.733067729083665,7.968127490039841,8.764940239043826,83.26693227091634,7.171314741035857,76.09561752988047
E00097492,249,41,20,21,208,17,191,16.46586345381526,8.032128514056225,8.433734939759036,83.53413654618474,6.827309236947792,76.70682730923694
E00097493,264,41,20,21,223,13,210,15.530303030303031,7.575757575757576,7.954545454545454,84.46969696969697,4.924242424242424,79.54545454545455
E00097494,245,32,10,22,213,16,197,13.061224489795919,4.081632653061225,8.979591836734693,86.93877551020408,6.530612244897959,80.40816326530611
E00097495,285,52,20,32,233,23,210,18.24561403508772,7.017543859649122,11.228070175438596,81.75438596491227,8.070175438596491,73.68421052631578
E00097496,252,53,15,38,199,17,182,21.03174603174603,5.952380952380952,15.079365079365079,78.96825396825396,6.746031746031746,72.22222222222221
E00097497,167,42,24,18,125,9,116,25.149700598802394,14.37125748502994,10.778443113772456,74.8502994011976,5.389221556886228,69.46107784431138
E00097498,322,78,42,36,244,17,227,24.22360248447205,13.043478260869565,11.180124223602485,75.77639751552795,5.279503105590062,70.4968944099379
E00097499,327,61,28,33,266,19,247,18.654434250764528,8.56269113149847,10.091743119266056,81.34556574923548,5.81039755351682,75.53516819571865
E00097500,241,75,35,40,166,19,147,31.12033195020747,14.522821576763487,16.59751037344398,68.87966804979253,7.883817427385892,60.99585062240664
E00097501,330,59,33,26,271,16,255,17.87878787878788,10,7.878787878787878,82.12121212121211,4.848484848484849,77.27272727272727
E00097502,261,48,21,27,213,16,197,18.39080459770115,8.045977011494253,10.344827586206897,81.60919540229885,6.130268199233716,75.47892720306514
E00097503,273,53,23,30,220,16,204,19.413919413919416,8.424908424908425,10.989010989010989,80.58608058608058,5.86080586080586,74.72527472527473
E00097504,306,61,29,32,245,8,237,19.934640522875817,9.477124183006536,10.457516339869281,80.06535947712419,2.6143790849673203,77.45098039215686
E00097505,286,57,30,27,229,23,206,19.93006993006993,10.48951048951049,9.44055944055944,80.06993006993007,8.041958041958042,72.02797202797203
E00097506,268,48,16,32,220,17,203,17.91044776119403,5.970149253731343,11.940298507462686,82.08955223880598,6.343283582089552,75.74626865671642
E00097507,195,55,33,22,140,6,134,28.205128205128204,16.923076923076923,11.282051282051283,71.7948717948718,3.076923076923077,68.71794871794872
E00097508,226,34,16,18,192,13,179,15.04424778761062,7.079646017699115,7.964601769911504,84.95575221238938,5.752212389380531,79.20353982300885
E00097509,291,78,32,46,213,12,201,26.804123711340207,10.996563573883162,15.807560137457044,73.19587628865979,4.123711340206185,69.0721649484536
E00097510,274,59,22,37,215,13,202,21.532846715328464,8.02919708029197,13.503649635036496,78.46715328467153,4.744525547445255,73.72262773722628
E00097511,113,25,7,18,88,14,74,22.123893805309734,6.1946902654867255,15.929203539823009,77.87610619469027,12.389380530973451,65.48672566371681
E00097512,369,56,21,35,313,19,294,15.176151761517614,5.691056910569105,9.48509485094851,84.82384823848238,5.149051490514905,79.67479674796748
E00097513,299,62,25,37,237,18,219,20.735785953177256,8.361204013377927,12.37458193979933,79.26421404682274,6.0200668896321075,73.24414715719062
E00097514,248,55,27,28,193,11,182,22.177419354838708,10.887096774193548,11.29032258064516,77.82258064516128,4.435483870967742,73.38709677419355
E00097515,301,65,34,31,236,17,219,21.59468438538206,11.295681063122924,10.299003322259136,78.40531561461795,5.647840531561462,72.75747508305648
E00097516,302,85,43,42,217,14,203,28.14569536423841,14.23841059602649,13.90728476821192,71.8543046357616,4.635761589403973,67.21854304635761
E00097517,286,67,29,38,219,16,203,23.426573426573427,10.13986013986014,13.286713286713287,76.57342657342657,5.594405594405594,70.97902097902097
E00097518,250,52,25,27,198,21,177,20.8,10,10.8,79.2,8.4,70.8
E00097519,280,84,53,31,196,18,178,30,18.928571428571427,11.071428571428571,70,6.428571428571428,63.57142857142857
E00097520,266,64,38,26,202,10,192,24.06015037593985,14.285714285714285,9.774436090225564,75.93984962406014,3.7593984962406015,72.18045112781954
E00097521,316,60,33,27,256,23,233,18.9873417721519,10.443037974683545,8.544303797468354,81.0126582278481,7.2784810126582276,73.73417721518987
E00097522,309,73,40,33,236,17,219,23.624595469255663,12.944983818770226,10.679611650485436,76.37540453074433,5.501618122977346,70.87378640776699
E00097523,285,120,79,41,165,9,156,42.10526315789473,27.719298245614034,14.385964912280702,57.89473684210527,3.1578947368421053,54.736842105263165
E00097524,239,48,23,25,191,22,169,20.0836820083682,9.623430962343097,10.460251046025103,79.9163179916318,9.205020920502092,70.7112970711297
E00097525,286,70,35,35,216,20,196,24.475524475524477,12.237762237762238,12.237762237762238,75.52447552447552,6.993006993006993,68.53146853146853
E00097526,304,81,36,45,223,21,202,26.644736842105267,11.842105263157894,14.802631578947366,73.35526315789474,6.907894736842106,66.44736842105263
E00097527,275,55,30,25,220,21,199,20,10.909090909090908,9.090909090909092,80,7.636363636363637,72.36363636363636
E00097528,308,56,28,28,252,14,238,18.181818181818183,9.090909090909092,9.090909090909092,81.81818181818183,4.545454545454546,77.27272727272727
E00097529,378,90,48,42,288,26,262,23.809523809523807,12.698412698412698,11.11111111111111,76.19047619047619,6.878306878306878,69.31216931216932
E00097530,368,47,13,34,321,35,286,12.771739130434783,3.532608695652174,9.239130434782608,87.22826086956522,9.510869565217392,77.71739130434783
E00097531,305,62,23,39,243,15,228,20.327868852459016,7.540983606557377,12.786885245901638,79.67213114754098,4.918032786885246,74.75409836065575
E00097532,274,50,25,25,224,13,211,18.248175182481752,9.124087591240876,9.124087591240876,81.75182481751825,4.744525547445255,77.00729927007299
E00097533,251,48,19,29,203,15,188,19.12350597609562,7.569721115537849,11.553784860557768,80.87649402390437,5.9760956175298805,74.9003984063745
E00097534,252,60,29,31,192,17,175,23.809523809523807,11.507936507936508,12.3015873015873,76.19047619047619,6.746031746031746,69.44444444444444
E00097535,325,44,17,27,281,15,266,13.538461538461538,5.230769230769231,8.307692307692308,86.46153846153845,4.615384615384616,81.84615384615384
E00097536,218,75,31,44,143,13,130,34.403669724770644,14.220183486238533,20.18348623853211,65.59633027522935,5.963302752293578,59.63302752293578
E00097537,382,103,67,36,279,28,251,26.96335078534031,17.539267015706805,9.424083769633508,73.03664921465969,7.329842931937172,65.70680628272252
E00097538,313,40,15,25,273,22,251,12.779552715654951,4.792332268370607,7.987220447284344,87.22044728434504,7.0287539936102235,80.19169329073482
E00097539,301,59,29,30,242,19,223,19.601328903654487,9.634551495016613,9.966777408637874,80.39867109634552,6.312292358803987,74.08637873754152
E00097540,285,55,27,28,230,19,211,19.298245614035086,9.473684210526317,9.824561403508772,80.7017543859649,6.666666666666667,74.03508771929825
E00097541,201,67,32,35,134,15,119,33.33333333333333,15.92039800995025,17.412935323383085,66.66666666666666,7.462686567164178,59.20398009950249
E00097542,282,51,26,25,231,17,214,18.085106382978726,9.219858156028367,8.865248226950355,81.91489361702128,6.028368794326241,75.88652482269504
E00097543,277,52,25,27,225,20,205,18.772563176895307,9.025270758122744,9.747292418772563,81.2274368231047,7.2202166064981945,74.0072202166065
E00097544,164,26,11,15,138,13,125,15.853658536585366,6.707317073170732,9.146341463414634,84.14634146341463,7.926829268292683,76.21951219512195
E00097545,242,35,12,23,207,22,185,14.46280991735537,4.958677685950414,9.50413223140496,85.53719008264463,9.090909090909092,76.44628099173553
E00097546,288,44,11,33,244,27,217,15.277777777777779,3.8194444444444446,11.458333333333332,84.72222222222221,9.375,75.34722222222221
E00097547,411,40,8,32,371,41,330,9.732360097323602,1.9464720194647203,7.785888077858881,90.2676399026764,9.975669099756692,80.2919708029197
E00097548,259,58,27,31,201,24,177,22.393822393822393,10.424710424710424,11.96911196911197,77.60617760617761,9.266409266409266,68.33976833976834
E00097549,274,42,22,20,232,16,216,15.328467153284672,8.02919708029197,7.2992700729927,84.67153284671532,5.839416058394161,78.83211678832117
E00097550,189,54,31,23,135,7,128,28.57142857142857,16.402116402116402,12.16931216931217,71.42857142857143,3.7037037037037033,67.72486772486772
E00097551,410,86,44,42,324,24,300,20.975609756097562,10.731707317073171,10.24390243902439,79.02439024390245,5.853658536585367,73.17073170731707
E00097553,287,108,60,48,179,15,164,37.63066202090592,20.905923344947734,16.72473867595819,62.36933797909408,5.2264808362369335,57.14285714285714
E00097554,263,104,66,38,159,14,145,39.543726235741445,25.09505703422053,14.44866920152091,60.45627376425855,5.323193916349809,55.13307984790875
E00097555,366,59,25,34,307,33,274,16.120218579234972,6.830601092896176,9.289617486338798,83.87978142076503,9.01639344262295,74.86338797814209
E00097556,245,64,31,33,181,14,167,26.122448979591837,12.653061224489795,13.46938775510204,73.87755102040816,5.714285714285714,68.16326530612244
E00097557,246,44,21,23,202,9,193,17.88617886178862,8.536585365853659,9.34959349593496,82.11382113821138,3.6585365853658534,78.45528455284553
E00097558,209,71,41,30,138,8,130,33.97129186602871,19.617224880382775,14.354066985645932,66.02870813397129,3.827751196172249,62.20095693779905
E00097559,215,53,28,25,162,5,157,24.651162790697676,13.023255813953488,11.627906976744185,75.34883720930232,2.3255813953488373,73.0232558139535
E00097560,198,36,17,19,162,22,140,18.181818181818183,8.585858585858585,9.595959595959595,81.81818181818183,11.11111111111111,70.70707070707071
E00097561,184,39,22,17,145,21,124,21.195652173913043,11.956521739130435,9.239130434782608,78.80434782608695,11.41304347826087,67.3913043478261
E00097562,235,41,17,24,194,26,168,17.4468085106383,7.234042553191489,10.212765957446807,82.5531914893617,11.063829787234042,71.48936170212767
E00097563,282,57,18,39,225,28,197,20.212765957446805,6.382978723404255,13.829787234042554,79.7872340425532,9.929078014184398,69.8581560283688
E00097564,254,47,14,33,207,28,179,18.503937007874015,5.511811023622047,12.992125984251967,81.49606299212599,11.023622047244094,70.47244094488188
E00097565,353,65,23,42,288,36,252,18.413597733711047,6.515580736543909,11.89801699716714,81.58640226628894,10.198300283286118,71.38810198300283
E00097566,281,62,25,37,219,27,192,22.064056939501782,8.896797153024911,13.167259786476867,77.93594306049823,9.608540925266903,68.32740213523132
E00097567,211,46,18,28,165,15,150,21.80094786729858,8.530805687203792,13.270142180094787,78.19905213270142,7.109004739336493,71.09004739336493
E00097568,322,47,11,36,275,38,237,14.596273291925465,3.4161490683229814,11.180124223602485,85.40372670807453,11.801242236024844,73.6024844720497
E00097569,294,75,26,49,219,22,197,25.510204081632654,8.843537414965986,16.666666666666664,74.48979591836735,7.482993197278912,67.00680272108843
E00171125,251,60,30,30,191,25,166,23.904382470119522,11.952191235059761,11.952191235059761,76.09561752988047,9.9601593625498,66.13545816733067
E00171126,284,60,34,26,224,9,215,21.12676056338028,11.971830985915492,9.15492957746479,78.87323943661971,3.169014084507042,75.70422535211267
E00179294,163,23,5,18,140,9,131,14.11042944785276,3.067484662576687,11.042944785276074,85.88957055214725,5.521472392638037,80.3680981595092
E00179304,489,38,8,30,451,33,418,7.770961145194274,1.6359918200409,6.134969325153374,92.22903885480572,6.748466257668712,85.48057259713701
