OA,ts0590001,ts0590002,ts0590003,ts0590004,ts0590005,ts0590006,ts0590007,ts0590002_PCT,ts0590003_PCT,ts0590004_PCT,ts0590005_PCT,ts0590006_PCT,ts0590007_PCT
E00148494,105,40,14,26,65,41,24,38.095238095238095,13.333333333333334,24.761904761904763,61.904761904761905,39.04761904761905,22.857142857142858
E00148495,153,47,22,25,106,74,32,30.718954248366014,14.37908496732026,16.33986928104575,69.28104575163398,48.366013071895424,20.915032679738562
E00148496,95,39,19,20,56,44,12,41.05263157894737,20,21.052631578947366,58.94736842105262,46.31578947368421,12.631578947368421
E00148497,129,43,14,29,86,65,21,33.33333333333333,10.852713178294573,22.48062015503876,66.66666666666666,50.3875968992248,16.27906976744186
E00148498,169,56,22,34,113,81,32,33.13609467455622,13.017751479289942,20.118343195266274,66.86390532544378,47.928994082840234,18.93491124260355
E00148499,82,27,12,15,55,43,12,32.926829268292686,14.634146341463413,18.29268292682927,67.07317073170732,52.4390243902439,14.634146341463413
E00148500,105,46,15,31,59,41,18,43.80952380952381,14.285714285714285,29.523809523809526,56.19047619047619,39.04761904761905,17.142857142857142
E00148501,104,30,11,19,74,54,20,28.846153846153843,10.576923076923077,18.269230769230766,71.15384615384616,51.92307692307693,19.230769230769234
E00148502,135,53,20,33,82,49,33,39.25925925925926,14.814814814814813,24.444444444444443,60.74074074074074,36.2962962962963,24.444444444444443
E00148503,150,45,21,24,105,86,19,30,14.000000000000002,16,70,57.333333333333336,12.666666666666668
E00148504,160,49,19,30,111,92,19,30.625000000000004,11.875,18.75,69.375,57.49999999999999,11.875
E00148505,154,56,18,38,98,77,21,36.36363636363637,11.688311688311687,24.675324675324674,63.63636363636363,50,13.636363636363635
E00148506,173,54,14,40,119,103,16,31.213872832369944,8.092485549132949,23.121387283236995,68.78612716763006,59.53757225433526,9.248554913294797
E00148507,161,55,21,34,106,86,20,34.161490683229815,13.043478260869565,21.11801242236025,65.83850931677019,53.41614906832298,12.422360248447205
E00148508,151,69,17,52,82,59,23,45.6953642384106,11.258278145695364,34.437086092715234,54.3046357615894,39.0728476821192,15.2317880794702
E00148509,118,45,21,24,73,48,25,38.13559322033898,17.796610169491526,20.33898305084746,61.86440677966102,40.67796610169492,21.1864406779661
E00148510,53,22,9,13,31,26,5,41.509433962264154,16.9811320754717,24.528301886792452,58.490566037735846,49.056603773584904,9.433962264150944
E00148511,75,24,9,15,51,39,12,32,12,20,68,52,16
E00148512,182,55,20,35,127,93,34,30.21978021978022,10.989010989010989,19.230769230769234,69.78021978021978,51.098901098901095,18.681318681318682
E00148513,162,56,23,33,106,65,41,34.5679012345679,14.19753086419753,20.37037037037037,65.4320987654321,40.123456790123456,25.308641975308642
E00148514,168,64,25,39,104,89,15,38.095238095238095,14.880952380952381,23.214285714285715,61.904761904761905,52.976190476190474,8.928571428571429
E00148515,151,48,27,21,103,88,15,31.788079470198678,17.880794701986755,13.90728476821192,68.21192052980133,58.27814569536424,9.933774834437086
E00148516,188,62,28,34,126,96,30,32.97872340425532,14.893617021276595,18.085106382978726,67.02127659574468,51.06382978723404,15.957446808510639
E00148517,113,39,13,26,74,48,26,34.51327433628318,11.504424778761061,23.008849557522122,65.48672566371681,42.47787610619469,23.008849557522122
E00148518,133,49,18,31,84,52,32,36.84210526315789,13.533834586466165,23.308270676691727,63.1578947368421,39.097744360902254,24.06015037593985
E00148519,147,54,23,31,93,67,26,36.734693877551024,15.646258503401361,21.08843537414966,63.26530612244898,45.57823129251701,17.687074829931973
E00148520,53,18,6,12,35,27,8,33.9622641509434,11.320754716981133,22.641509433962266,66.0377358490566,50.943396226415096,15.09433962264151
E00148521,100,30,10,20,70,52,18,30,10,20,70,52,18
E00148522,222,60,19,41,162,120,42,27.027027027027028,8.558558558558559,18.46846846846847,72.97297297297297,54.054054054054056,18.91891891891892
E00148523,87,36,13,23,51,41,10,41.37931034482759,14.942528735632186,26.436781609195403,58.620689655172406,47.12643678160919,11.494252873563218
E00148524,52,18,8,10,34,22,12,34.61538461538461,15.384615384615385,19.230769230769234,65.38461538461539,42.30769230769231,23.076923076923077
E00148525,141,59,25,34,82,62,20,41.843971631205676,17.73049645390071,24.113475177304963,58.156028368794324,43.97163120567376,14.184397163120568
E00148526,156,63,24,39,93,74,19,40.38461538461539,15.384615384615385,25,59.61538461538461,47.43589743589743,12.179487179487179
E00148527,108,38,13,25,70,43,27,35.18518518518518,12.037037037037036,23.14814814814815,64.81481481481481,39.81481481481482,25
E00148528,135,41,24,17,94,59,35,30.37037037037037,17.77777777777778,12.592592592592592,69.62962962962963,43.7037037037037,25.925925925925924
E00148529,128,51,21,30,77,59,18,39.84375,16.40625,23.4375,60.15625,46.09375,14.0625
E00148530,140,48,16,32,92,74,18,34.285714285714285,11.428571428571429,22.857142857142858,65.71428571428571,52.85714285714286,12.857142857142856
E00148531,98,38,10,28,60,48,12,38.775510204081634,10.204081632653061,28.57142857142857,61.224489795918366,48.97959183673469,12.244897959183673
E00148533,130,27,10,17,103,88,15,20.76923076923077,7.6923076923076925,13.076923076923078,79.23076923076923,67.6923076923077,11.538461538461538
E00148534,233,69,19,50,164,138,26,29.613733905579398,8.15450643776824,21.45922746781116,70.3862660944206,59.227467811158796,11.158798283261802
E00148535,128,39,8,31,89,76,13,30.46875,6.25,24.21875,69.53125,59.375,10.15625
E00148537,230,72,24,48,158,143,15,31.30434782608696,10.434782608695652,20.869565217391305,68.69565217391305,62.17391304347826,6.521739130434782
E00148538,108,32,12,20,76,66,10,29.629629629629626,11.11111111111111,18.51851851851852,70.37037037037037,61.111111111111114,9.25925925925926
E00148539,185,64,19,45,121,110,11,34.5945945945946,10.27027027027027,24.324324324324326,65.4054054054054,59.45945945945946,5.9459459459459465
E00148540,157,36,10,26,121,111,10,22.929936305732486,6.369426751592357,16.560509554140125,77.07006369426752,70.70063694267516,6.369426751592357
E00148542,182,49,18,31,133,122,11,26.923076923076923,9.89010989010989,17.032967032967033,73.07692307692307,67.03296703296702,6.043956043956044
E00148543,176,41,9,32,135,118,17,23.295454545454543,5.113636363636364,18.181818181818183,76.70454545454545,67.04545454545455,9.659090909090908
E00148544,108,23,6,17,85,74,11,21.296296296296298,5.555555555555555,15.74074074074074,78.70370370370371,68.51851851851852,10.185185185185185
E00148545,106,32,13,19,74,72,2,30.18867924528302,12.264150943396226,17.92452830188679,69.81132075471697,67.9245283018868,1.8867924528301887
E00148546,84,20,5,15,64,58,6,23.809523809523807,5.952380952380952,17.857142857142858,76.19047619047619,69.04761904761905,7.142857142857142
E00148548,200,54,17,37,146,127,19,27,8.5,18.5,73,63.5,9.5
E00148550,204,75,31,44,129,102,27,36.76470588235294,15.196078431372548,21.568627450980394,63.23529411764706,50,13.23529411764706
E00148551,168,55,19,36,113,92,21,32.73809523809524,11.30952380952381,21.428571428571427,67.26190476190477,54.761904761904766,12.5
E00148552,160,63,31,32,97,76,21,39.375,19.375,20,60.62499999999999,47.5,13.125
E00148553,163,59,24,35,104,92,12,36.19631901840491,14.723926380368098,21.472392638036812,63.80368098159509,56.44171779141104,7.361963190184049
E00148554,188,69,27,42,119,94,25,36.702127659574465,14.361702127659576,22.340425531914892,63.297872340425535,50,13.297872340425531
E00148555,92,36,12,24,56,37,19,39.130434782608695,13.043478260869565,26.08695652173913,60.86956521739131,40.21739130434783,20.652173913043477
E00148556,64,19,8,11,45,36,9,29.6875,12.5,17.1875,70.3125,56.25,14.0625
E00148557,55,15,7,8,40,24,16,27.27272727272727,12.727272727272727,14.545454545454545,72.72727272727273,43.63636363636363,29.09090909090909
E00148558,123,45,19,26,78,61,17,36.58536585365854,15.447154471544716,21.138211382113823,63.41463414634146,49.59349593495935,13.821138211382115
E00148559,90,31,12,19,59,49,10,34.44444444444444,13.333333333333334,21.11111111111111,65.55555555555556,54.44444444444444,11.11111111111111
E00148560,127,45,17,28,82,63,19,35.43307086614173,13.385826771653544,22.04724409448819,64.56692913385827,49.60629921259843,14.960629921259844
E00148561,161,56,17,39,105,60,45,34.78260869565217,10.559006211180124,24.22360248447205,65.21739130434783,37.267080745341616,27.95031055900621
E00148562,116,41,15,26,75,68,7,35.3448275862069,12.931034482758621,22.413793103448278,64.65517241379311,58.620689655172406,6.0344827586206895
E00148563,108,30,9,21,78,60,18,27.77777777777778,8.333333333333332,19.444444444444446,72.22222222222221,55.55555555555556,16.666666666666664
E00148564,85,26,8,18,59,41,18,30.58823529411765,9.411764705882353,21.176470588235293,69.41176470588235,48.23529411764706,21.176470588235293
E00148565,254,74,24,50,180,150,30,29.133858267716533,9.448818897637794,19.68503937007874,70.86614173228347,59.055118110236215,11.811023622047244
E00148566,103,37,19,18,66,56,10,35.92233009708738,18.446601941747574,17.475728155339805,64.07766990291263,54.36893203883495,9.70873786407767
E00148567,73,21,8,13,52,45,7,28.767123287671232,10.95890410958904,17.80821917808219,71.23287671232876,61.64383561643836,9.58904109589041
E00148568,92,28,7,21,64,54,10,30.434782608695656,7.608695652173914,22.82608695652174,69.56521739130434,58.69565217391305,10.869565217391305
E00148569,207,66,27,39,141,109,32,31.88405797101449,13.043478260869565,18.84057971014493,68.11594202898551,52.65700483091788,15.458937198067632
E00148570,136,48,19,29,88,71,17,35.294117647058826,13.970588235294118,21.323529411764707,64.70588235294117,52.20588235294118,12.5
E00148571,120,37,11,26,83,64,19,30.833333333333336,9.166666666666666,21.666666666666668,69.16666666666667,53.333333333333336,15.833333333333332
E00148572,125,47,17,30,78,50,28,37.6,13.600000000000001,24,62.4,40,22.400000000000002
E00148573,148,51,16,35,97,77,20,34.45945945945946,10.81081081081081,23.64864864864865,65.54054054054053,52.02702702702703,13.513513513513514
E00148574,131,44,14,30,87,66,21,33.587786259541986,10.687022900763358,22.900763358778626,66.41221374045801,50.38167938931297,16.030534351145036
E00148575,109,39,16,23,70,61,9,35.77981651376147,14.678899082568808,21.100917431192663,64.22018348623854,55.96330275229357,8.256880733944955
E00148576,81,19,12,7,62,46,16,23.456790123456788,14.814814814814813,8.641975308641975,76.5432098765432,56.79012345679012,19.753086419753085
E00148577,109,39,17,22,70,62,8,35.77981651376147,15.59633027522936,20.18348623853211,64.22018348623854,56.88073394495413,7.339449541284404
E00148578,71,24,10,14,47,29,18,33.80281690140845,14.084507042253522,19.718309859154928,66.19718309859155,40.845070422535215,25.352112676056336
E00148579,168,64,26,38,104,88,16,38.095238095238095,15.476190476190476,22.61904761904762,61.904761904761905,52.38095238095239,9.523809523809524
E00148580,76,30,10,20,46,35,11,39.473684210526315,13.157894736842104,26.31578947368421,60.526315789473685,46.05263157894737,14.473684210526317
E00148581,154,61,28,33,93,75,18,39.61038961038961,18.181818181818183,21.428571428571427,60.3896103896104,48.701298701298704,11.688311688311687
E00148582,92,32,12,20,60,43,17,34.78260869565217,13.043478260869565,21.73913043478261,65.21739130434783,46.73913043478261,18.478260869565215
E00148583,115,47,17,30,68,47,21,40.869565217391305,14.782608695652174,26.08695652173913,59.130434782608695,40.869565217391305,18.26086956521739
E00148584,153,58,21,37,95,73,22,37.908496732026144,13.725490196078432,24.183006535947712,62.091503267973856,47.712418300653596,14.37908496732026
E00148585,183,64,21,43,119,91,28,34.97267759562842,11.475409836065573,23.497267759562842,65.02732240437157,49.72677595628415,15.300546448087433
E00148586,148,52,22,30,96,80,16,35.13513513513514,14.864864864864865,20.27027027027027,64.86486486486487,54.054054054054056,10.81081081081081
E00148587,95,33,12,21,62,47,15,34.73684210526316,12.631578947368421,22.105263157894736,65.26315789473685,49.473684210526315,15.789473684210526
E00148588,156,51,21,30,105,68,37,32.69230769230769,13.461538461538462,19.230769230769234,67.3076923076923,43.58974358974359,23.717948717948715
E00148589,51,20,9,11,31,20,11,39.21568627450981,17.647058823529413,21.568627450980394,60.78431372549019,39.21568627450981,21.568627450980394
E00148590,132,44,11,33,88,82,6,33.33333333333333,8.333333333333332,25,66.66666666666666,62.121212121212125,4.545454545454546
E00148591,165,37,6,31,128,118,10,22.424242424242426,3.6363636363636362,18.787878787878785,77.57575757575758,71.51515151515152,6.0606060606060606
E00148592,119,36,10,26,83,73,10,30.252100840336134,8.403361344537815,21.84873949579832,69.74789915966386,61.34453781512605,8.403361344537815
E00148593,173,51,12,39,122,105,17,29.47976878612717,6.9364161849710975,22.54335260115607,70.52023121387283,60.69364161849711,9.826589595375722
E00148595,194,55,12,43,139,114,25,28.350515463917525,6.185567010309279,22.164948453608247,71.64948453608247,58.76288659793815,12.886597938144329
E00148596,119,43,13,30,76,67,9,36.134453781512605,10.92436974789916,25.210084033613445,63.86554621848739,56.30252100840336,7.563025210084033
E00148597,138,45,16,29,93,84,9,32.608695652173914,11.594202898550725,21.014492753623188,67.3913043478261,60.86956521739131,6.521739130434782
E00148598,152,46,19,27,106,90,16,30.263157894736842,12.5,17.763157894736842,69.73684210526315,59.210526315789465,10.526315789473683
E00148599,116,32,11,21,84,65,19,27.586206896551722,9.482758620689655,18.103448275862068,72.41379310344827,56.03448275862068,16.379310344827587
E00148600,108,29,12,17,79,69,10,26.851851851851855,11.11111111111111,15.74074074074074,73.14814814814815,63.888888888888886,9.25925925925926
E00148601,160,48,17,31,112,101,11,30,10.625,19.375,70,63.125,6.875000000000001
E00148602,181,48,15,33,133,120,13,26.519337016574585,8.287292817679557,18.23204419889503,73.48066298342542,66.29834254143645,7.18232044198895
E00148603,163,40,12,28,123,112,11,24.539877300613497,7.361963190184049,17.177914110429448,75.4601226993865,68.71165644171779,6.748466257668712
E00148604,156,52,15,37,104,92,12,33.33333333333333,9.615384615384617,23.717948717948715,66.66666666666666,58.97435897435898,7.6923076923076925
E00148605,166,52,15,37,114,95,19,31.32530120481928,9.036144578313253,22.289156626506024,68.67469879518072,57.22891566265061,11.44578313253012
E00148606,248,71,25,46,177,155,22,28.62903225806452,10.080645161290322,18.548387096774192,71.37096774193549,62.5,8.870967741935484
E00148607,152,43,9,34,109,101,8,28.289473684210524,5.921052631578947,22.36842105263158,71.71052631578947,66.44736842105263,5.263157894736842
E00148608,150,53,22,31,97,85,12,35.333333333333336,14.666666666666666,20.666666666666668,64.66666666666666,56.666666666666664,8
E00148609,160,41,14,27,119,109,10,25.624999999999996,8.75,16.875,74.375,68.125,6.25
E00148610,149,39,10,29,110,92,18,26.174496644295303,6.7114093959731544,19.463087248322147,73.8255033557047,61.74496644295302,12.080536912751679
E00148611,139,47,13,34,92,80,12,33.81294964028777,9.352517985611511,24.46043165467626,66.18705035971223,57.55395683453237,8.633093525179856
E00148612,126,32,5,27,94,83,11,25.396825396825395,3.968253968253968,21.428571428571427,74.60317460317461,65.87301587301587,8.73015873015873
E00148613,155,52,13,39,103,96,7,33.5483870967742,8.38709677419355,25.161290322580644,66.45161290322581,61.935483870967744,4.516129032258064
E00148614,162,39,17,22,123,117,6,24.074074074074073,10.493827160493826,13.580246913580247,75.92592592592592,72.22222222222221,3.7037037037037033
E00148615,208,66,25,41,142,117,25,31.73076923076923,12.01923076923077,19.71153846153846,68.26923076923077,56.25,12.01923076923077
E00148616,92,24,7,17,68,56,12,26.08695652173913,7.608695652173914,18.478260869565215,73.91304347826086,60.86956521739131,13.043478260869565
E00148617,210,41,14,27,169,161,8,19.523809523809526,6.666666666666667,12.857142857142856,80.47619047619048,76.66666666666667,3.8095238095238098
E00148619,150,39,16,23,111,97,14,26,10.666666666666668,15.333333333333332,74,64.66666666666666,9.333333333333334
E00148620,78,21,11,10,57,44,13,26.923076923076923,14.102564102564102,12.82051282051282,73.07692307692307,56.41025641025641,16.666666666666664
E00148621,110,37,9,28,73,60,13,33.63636363636363,8.181818181818182,25.454545454545453,66.36363636363637,54.54545454545454,11.818181818181818
E00148622,138,40,8,32,98,84,14,28.985507246376812,5.797101449275362,23.18840579710145,71.01449275362319,60.86956521739131,10.144927536231885
E00148623,147,49,19,30,98,79,19,33.33333333333333,12.925170068027212,20.408163265306122,66.66666666666666,53.74149659863946,12.925170068027212
E00148624,209,68,22,46,141,119,22,32.535885167464116,10.526315789473683,22.00956937799043,67.46411483253588,56.9377990430622,10.526315789473683
E00148625,138,42,16,26,96,83,13,30.434782608695656,11.594202898550725,18.84057971014493,69.56521739130434,60.14492753623188,9.420289855072465
E00148626,95,34,13,21,61,54,7,35.78947368421053,13.684210526315791,22.105263157894736,64.21052631578948,56.84210526315789,7.368421052631578
E00148627,123,37,12,25,86,73,13,30.081300813008134,9.75609756097561,20.32520325203252,69.91869918699187,59.34959349593496,10.569105691056912
E00148628,162,56,17,39,106,94,12,34.5679012345679,10.493827160493826,24.074074074074073,65.4320987654321,58.0246913580247,7.4074074074074066
E00148629,149,38,12,26,111,97,14,25.503355704697988,8.053691275167784,17.449664429530202,74.49664429530202,65.1006711409396,9.395973154362416
E00148630,143,50,16,34,93,77,16,34.96503496503497,11.188811188811188,23.776223776223777,65.03496503496503,53.84615384615385,11.188811188811188
E00148631,102,38,7,31,64,56,8,37.254901960784316,6.862745098039216,30.392156862745097,62.745098039215684,54.90196078431373,7.8431372549019605
E00148632,59,16,3,13,43,36,7,27.11864406779661,5.084745762711865,22.033898305084744,72.88135593220339,61.016949152542374,11.864406779661017
E00148633,163,51,14,37,112,101,11,31.28834355828221,8.588957055214724,22.699386503067483,68.71165644171779,61.963190184049076,6.748466257668712
E00148634,120,43,14,29,77,68,9,35.833333333333336,11.666666666666666,24.166666666666668,64.16666666666667,56.666666666666664,7.5
E00148635,95,30,13,17,65,58,7,31.57894736842105,13.684210526315791,17.894736842105264,68.42105263157895,61.05263157894737,7.368421052631578
E00148636,90,30,10,20,60,26,34,33.33333333333333,11.11111111111111,22.22222222222222,66.66666666666666,28.888888888888886,37.77777777777778
E00148637,119,32,11,21,87,66,21,26.89075630252101,9.243697478991598,17.647058823529413,73.10924369747899,55.46218487394958,17.647058823529413
E00148638,151,49,23,26,102,68,34,32.450331125827816,15.2317880794702,17.218543046357617,67.54966887417218,45.033112582781456,22.516556291390728
E00148639,131,51,21,30,80,61,19,38.93129770992366,16.030534351145036,22.900763358778626,61.06870229007634,46.56488549618321,14.50381679389313
E00148640,93,32,12,20,61,48,13,34.40860215053764,12.903225806451612,21.50537634408602,65.59139784946237,51.61290322580645,13.978494623655912
E00148641,118,39,16,23,79,69,10,33.05084745762712,13.559322033898304,19.491525423728813,66.94915254237289,58.47457627118644,8.47457627118644
E00148642,149,51,18,33,98,72,26,34.22818791946309,12.080536912751679,22.14765100671141,65.77181208053692,48.322147651006716,17.449664429530202
E00148643,120,37,12,25,83,62,21,30.833333333333336,10,20.833333333333336,69.16666666666667,51.66666666666667,17.5
E00148644,99,34,10,24,65,62,3,34.34343434343434,10.1010101010101,24.242424242424242,65.65656565656566,62.62626262626263,3.0303030303030303
E00148645,128,39,14,25,89,79,10,30.46875,10.9375,19.53125,69.53125,61.71875,7.8125
E00148646,120,43,13,30,77,56,21,35.833333333333336,10.833333333333334,25,64.16666666666667,46.666666666666664,17.5
E00148647,139,41,21,20,98,78,20,29.496402877697843,15.107913669064748,14.388489208633093,70.50359712230215,56.11510791366906,14.388489208633093
E00148648,137,42,16,26,95,82,13,30.656934306569344,11.678832116788321,18.97810218978102,69.34306569343066,59.854014598540154,9.48905109489051
E00148649,186,54,23,31,132,111,21,29.03225806451613,12.365591397849462,16.666666666666664,70.96774193548387,59.67741935483871,11.29032258064516
E00148650,130,37,14,23,93,73,20,28.46153846153846,10.76923076923077,17.692307692307693,71.53846153846153,56.15384615384615,15.384615384615385
E00148651,188,61,21,40,127,107,20,32.4468085106383,11.170212765957446,21.27659574468085,67.5531914893617,56.91489361702128,10.638297872340425
E00148652,124,44,20,24,80,66,14,35.483870967741936,16.129032258064516,19.35483870967742,64.51612903225806,53.2258064516129,11.29032258064516
E00148653,177,61,25,36,116,101,15,34.463276836158194,14.124293785310735,20.33898305084746,65.5367231638418,57.06214689265536,8.47457627118644
E00148654,121,42,7,35,79,66,13,34.710743801652896,5.785123966942149,28.92561983471074,65.28925619834712,54.54545454545454,10.743801652892563
E00148655,187,70,23,47,117,102,15,37.4331550802139,12.299465240641712,25.13368983957219,62.56684491978609,54.54545454545454,8.0213903743315509
E00148656,92,24,9,15,68,57,11,26.08695652173913,9.782608695652174,16.304347826086957,73.91304347826086,61.95652173913043,11.956521739130435
E00148657,95,35,15,20,60,44,16,36.84210526315789,15.789473684210526,21.052631578947366,63.1578947368421,46.31578947368421,16.842105263157894
E00148658,113,34,8,26,79,66,13,30.08849557522124,7.079646017699115,23.008849557522122,69.91150442477876,58.4070796460177,11.504424778761061
E00148659,109,35,9,26,74,61,13,32.11009174311927,8.256880733944955,23.853211009174313,67.88990825688074,55.96330275229357,11.926605504587156
E00148660,39,12,6,6,27,23,4,30.76923076923077,15.384615384615385,15.384615384615385,69.23076923076923,58.97435897435898,10.256410256410255
E00148661,150,52,24,28,98,86,12,34.66666666666667,16,18.666666666666668,65.33333333333333,57.333333333333336,8
E00148662,136,53,13,40,83,71,12,38.970588235294116,9.558823529411764,29.411764705882355,61.029411764705884,52.20588235294118,8.823529411764707
E00148663,140,43,14,29,97,82,15,30.714285714285715,10,20.714285714285715,69.28571428571428,58.57142857142858,10.714285714285714
E00148664,137,41,15,26,96,83,13,29.927007299270077,10.948905109489052,18.97810218978102,70.07299270072993,60.58394160583942,9.48905109489051
E00148665,111,40,16,24,71,61,10,36.03603603603604,14.414414414414415,21.62162162162162,63.96396396396396,54.95495495495496,9.00900900900901
E00148666,124,40,11,29,84,76,8,32.25806451612903,8.870967741935484,23.387096774193548,67.74193548387096,61.29032258064516,6.451612903225806
E00148667,140,50,17,33,90,73,17,35.714285714285715,12.142857142857142,23.57142857142857,64.28571428571429,52.142857142857146,12.142857142857142
E00148668,145,48,15,33,97,85,12,33.10344827586207,10.344827586206897,22.758620689655174,66.89655172413794,58.620689655172406,8.275862068965518
E00148669,129,41,16,25,88,78,10,31.782945736434108,12.4031007751938,19.379844961240313,68.21705426356588,60.46511627906976,7.751937984496124
E00148670,271,76,24,52,195,173,22,28.044280442804425,8.856088560885608,19.18819188191882,71.95571955719558,63.837638376383765,8.118081180811808
E00148671,139,42,14,28,97,81,16,30.215827338129497,10.071942446043165,20.14388489208633,69.7841726618705,58.27338129496403,11.510791366906476
E00148672,148,45,23,22,103,84,19,30.405405405405407,15.54054054054054,14.864864864864865,69.5945945945946,56.75675675675676,12.837837837837837
E00148673,122,49,22,27,73,60,13,40.16393442622951,18.0327868852459,22.131147540983605,59.83606557377049,49.18032786885246,10.655737704918032
E00148674,141,40,9,31,101,83,18,28.368794326241137,6.382978723404255,21.98581560283688,71.63120567375887,58.86524822695035,12.76595744680851
E00148675,272,85,31,54,187,158,29,31.25,11.397058823529411,19.852941176470587,68.75,58.08823529411765,10.661764705882353
E00148676,108,35,10,25,73,55,18,32.407407407407405,9.25925925925926,23.14814814814815,67.5925925925926,50.92592592592593,16.666666666666664
E00148677,119,35,9,26,84,64,20,29.411764705882355,7.563025210084033,21.84873949579832,70.58823529411765,53.78151260504202,16.80672268907563
E00148678,155,58,17,41,97,87,10,37.41935483870968,10.967741935483872,26.451612903225808,62.58064516129033,56.12903225806451,6.451612903225806
E00148679,101,38,14,24,63,48,15,37.62376237623762,13.861386138613863,23.762376237623762,62.37623762376238,47.524752475247524,14.85148514851485
E00148680,177,69,19,50,108,103,5,38.983050847457626,10.734463276836157,28.24858757062147,61.016949152542374,58.19209039548022,2.824858757062147
E00148681,95,32,15,17,63,44,19,33.68421052631579,15.789473684210526,17.894736842105264,66.3157894736842,46.31578947368421,20
E00148682,98,42,21,21,56,40,16,42.857142857142854,21.428571428571427,21.428571428571427,57.14285714285714,40.816326530612244,16.3265306122449
E00148683,61,28,8,20,33,29,4,45.90163934426229,13.114754098360656,32.78688524590164,54.09836065573771,47.540983606557376,6.557377049180328
E00148686,91,38,12,26,53,43,10,41.75824175824176,13.186813186813188,28.57142857142857,58.24175824175825,47.25274725274725,10.989010989010989
E00148687,129,41,16,25,88,81,7,31.782945736434108,12.4031007751938,19.379844961240313,68.21705426356588,62.7906976744186,5.426356589147287
E00148688,159,62,32,30,97,74,23,38.9937106918239,20.125786163522015,18.867924528301888,61.0062893081761,46.540880503144656,14.465408805031446
E00148689,82,29,11,18,53,41,12,35.36585365853659,13.414634146341465,21.951219512195124,64.63414634146342,50,14.634146341463413
E00148690,82,22,7,15,60,50,10,26.82926829268293,8.536585365853659,18.29268292682927,73.17073170731707,60.97560975609756,12.195121951219512
E00148691,146,61,25,36,85,79,6,41.78082191780822,17.123287671232877,24.65753424657534,58.21917808219178,54.109589041095894,4.10958904109589
E00148692,134,47,14,33,87,73,14,35.07462686567165,10.44776119402985,24.62686567164179,64.92537313432835,54.47761194029851,10.44776119402985
E00148693,155,46,12,34,109,93,16,29.677419354838708,7.741935483870968,21.935483870967744,70.3225806451613,60,10.32258064516129
E00148694,149,55,22,33,94,79,15,36.91275167785235,14.76510067114094,22.14765100671141,63.08724832214765,53.02013422818792,10.06711409395973
E00148695,172,54,21,33,118,88,30,31.3953488372093,12.209302325581394,19.186046511627907,68.6046511627907,51.162790697674424,17.441860465116278
E00148696,153,58,22,36,95,78,17,37.908496732026144,14.37908496732026,23.52941176470588,62.091503267973856,50.98039215686274,11.11111111111111
E00148697,76,25,9,16,51,44,7,32.89473684210527,11.842105263157894,21.052631578947366,67.10526315789474,57.89473684210527,9.210526315789473
E00148698,184,59,22,37,125,109,16,32.065217391304344,11.956521739130435,20.108695652173914,67.93478260869566,59.2391304347826,8.695652173913043
E00148699,110,39,20,19,71,47,24,35.45454545454545,18.181818181818183,17.272727272727273,64.54545454545455,42.72727272727273,21.818181818181817
E00148700,151,52,16,36,99,82,17,34.437086092715234,10.596026490066226,23.841059602649008,65.56291390728477,54.3046357615894,11.258278145695364
E00148701,130,52,14,38,78,71,7,40,10.76923076923077,29.230769230769234,60,54.61538461538461,5.384615384615385
E00148702,113,44,14,30,69,57,12,38.93805309734513,12.389380530973451,26.548672566371685,61.06194690265486,50.442477876106196,10.619469026548673
E00148703,141,38,11,27,103,87,16,26.95035460992908,7.801418439716312,19.148936170212767,73.04964539007092,61.702127659574465,11.347517730496454
E00148704,149,54,10,44,95,79,16,36.241610738255034,6.7114093959731544,29.53020134228188,63.758389261744966,53.02013422818792,10.738255033557047
E00148705,146,49,13,36,97,79,18,33.56164383561644,8.904109589041095,24.65753424657534,66.43835616438356,54.109589041095894,12.32876712328767
E00148706,101,48,19,29,53,45,8,47.524752475247524,18.81188118811881,28.71287128712871,52.475247524752476,44.554455445544555,7.920792079207921
E00148707,111,25,8,17,86,78,8,22.52252252252252,7.207207207207207,15.315315315315313,77.47747747747748,70.27027027027027,7.207207207207207
E00148708,107,41,15,26,66,50,16,38.31775700934579,14.018691588785046,24.299065420560748,61.6822429906542,46.728971962616825,14.953271028037381
E00148709,171,51,18,33,120,116,4,29.82456140350877,10.526315789473683,19.298245614035086,70.17543859649122,67.83625730994152,2.3391812865497075
E00148710,141,47,21,26,94,78,16,33.33333333333333,14.893617021276595,18.439716312056735,66.66666666666666,55.319148936170215,11.347517730496454
E00148711,114,33,15,18,81,67,14,28.947368421052634,13.157894736842104,15.789473684210526,71.05263157894737,58.77192982456141,12.280701754385964
E00148712,142,55,18,37,87,74,13,38.732394366197184,12.676056338028168,26.056338028169012,61.267605633802816,52.112676056338024,9.15492957746479
E00148713,149,53,16,37,96,83,13,35.57046979865772,10.738255033557047,24.832214765100673,64.42953020134227,55.70469798657718,8.724832214765101
E00148714,66,23,5,18,43,39,4,34.84848484848485,7.575757575757576,27.27272727272727,65.15151515151516,59.09090909090909,6.0606060606060606
E00148715,121,36,13,23,85,77,8,29.75206611570248,10.743801652892563,19.00826446280992,70.24793388429752,63.63636363636363,6.6115702479338845
E00148716,151,56,20,36,95,84,11,37.086092715231786,13.245033112582782,23.841059602649008,62.913907284768214,55.62913907284768,7.28476821192053
E00148717,84,29,11,18,55,45,10,34.523809523809526,13.095238095238097,21.428571428571427,65.47619047619048,53.57142857142857,11.904761904761903
E00148718,127,34,11,23,93,80,13,26.77165354330709,8.661417322834646,18.11023622047244,73.22834645669292,62.99212598425197,10.236220472440944
E00148719,140,33,8,25,107,91,16,23.57142857142857,5.714285714285714,17.857142857142858,76.42857142857142,65,11.428571428571429
E00148723,122,49,14,35,73,59,14,40.16393442622951,11.475409836065573,28.688524590163933,59.83606557377049,48.36065573770492,11.475409836065573
E00148724,134,44,15,29,90,69,21,32.83582089552239,11.194029850746269,21.641791044776117,67.16417910447761,51.49253731343284,15.671641791044777
E00148725,77,24,8,16,53,41,12,31.16883116883117,10.38961038961039,20.77922077922078,68.83116883116884,53.246753246753244,15.584415584415584
E00148726,65,25,10,15,40,31,9,38.46153846153847,15.384615384615385,23.076923076923077,61.53846153846154,47.69230769230769,13.846153846153847
E00148727,148,66,15,51,82,61,21,44.5945945945946,10.135135135135135,34.45945945945946,55.4054054054054,41.21621621621622,14.18918918918919
E00148728,86,35,17,18,51,39,12,40.69767441860465,19.767441860465116,20.930232558139537,59.30232558139535,45.348837209302324,13.953488372093023
E00148729,76,28,10,18,48,35,13,36.84210526315789,13.157894736842104,23.684210526315788,63.1578947368421,46.05263157894737,17.105263157894736
E00148730,70,22,4,18,48,42,6,31.428571428571427,5.714285714285714,25.71428571428571,68.57142857142857,60,8.571428571428571
E00148731,160,57,19,38,103,80,23,35.625,11.875,23.75,64.375,50,14.374999999999998
E00148732,114,44,17,27,70,60,10,38.59649122807017,14.912280701754385,23.684210526315788,61.40350877192983,52.63157894736842,8.771929824561402
E00148733,172,62,22,40,110,88,22,36.04651162790697,12.790697674418606,23.25581395348837,63.95348837209303,51.162790697674424,12.790697674418606
E00148734,64,23,14,9,41,27,14,35.9375,21.875,14.0625,64.0625,42.1875,21.875
E00148735,83,34,17,17,49,35,14,40.963855421686745,20.481927710843372,20.481927710843372,59.036144578313255,42.168674698795186,16.867469879518072
E00148736,75,22,8,14,53,37,16,29.333333333333332,10.666666666666668,18.666666666666668,70.66666666666667,49.333333333333336,21.333333333333336
E00148737,126,37,14,23,89,73,16,29.365079365079367,11.11111111111111,18.253968253968253,70.63492063492063,57.936507936507944,12.698412698412698
E00148738,126,41,12,29,85,69,16,32.53968253968254,9.523809523809524,23.015873015873016,67.46031746031747,54.761904761904766,12.698412698412698
E00148739,148,54,17,37,94,76,18,36.486486486486484,11.486486486486488,25,63.51351351351351,51.35135135135135,12.162162162162163
E00148740,194,48,17,31,146,116,30,24.742268041237114,8.762886597938143,15.979381443298967,75.25773195876289,59.79381443298969,15.463917525773196
E00148741,136,30,11,19,106,88,18,22.058823529411764,8.088235294117647,13.970588235294118,77.94117647058823,64.70588235294117,13.23529411764706
E00148742,100,24,6,18,76,62,14,24,6,18,76,62,14.000000000000002
E00148743,193,55,21,34,138,109,29,28.497409326424872,10.880829015544041,17.616580310880828,71.50259067357513,56.476683937823836,15.025906735751295
E00148744,118,31,11,20,87,72,15,26.27118644067797,9.322033898305085,16.94915254237288,73.72881355932203,61.016949152542374,12.711864406779661
E00148745,181,59,23,36,122,104,18,32.59668508287293,12.70718232044199,19.88950276243094,67.40331491712708,57.4585635359116,9.94475138121547
E00148746,146,57,22,35,89,64,25,39.04109589041096,15.068493150684931,23.972602739726025,60.95890410958904,43.83561643835616,17.123287671232877
E00148747,154,45,15,30,109,78,31,29.22077922077922,9.740259740259742,19.480519480519483,70.77922077922078,50.649350649350644,20.12987012987013
E00148748,80,28,9,19,52,45,7,35,11.25,23.75,65,56.25,8.75
E00148750,190,54,18,36,136,114,22,28.421052631578945,9.473684210526317,18.947368421052634,71.57894736842105,60,11.578947368421053
E00148751,236,72,29,43,164,135,29,30.508474576271187,12.288135593220339,18.220338983050848,69.49152542372882,57.20338983050848,12.288135593220339
E00148752,201,66,27,39,135,111,24,32.83582089552239,13.432835820895523,19.402985074626866,67.16417910447761,55.223880597014926,11.940298507462686
E00148753,147,51,18,33,96,81,15,34.69387755102041,12.244897959183673,22.448979591836736,65.3061224489796,55.10204081632652,10.204081632653061
E00148754,116,38,18,20,78,65,13,32.758620689655174,15.517241379310345,17.24137931034483,67.24137931034483,56.03448275862068,11.206896551724139
E00148755,154,60,21,39,94,69,25,38.961038961038966,13.636363636363635,25.324675324675322,61.038961038961034,44.8051948051948,16.233766233766232
E00148756,129,45,12,33,84,65,19,34.883720930232556,9.30232558139535,25.581395348837212,65.11627906976744,50.3875968992248,14.728682170542637
E00148757,130,44,18,26,86,67,19,33.84615384615385,13.846153846153847,20,66.15384615384615,51.53846153846153,14.615384615384617
E00148758,87,42,15,27,45,40,5,48.275862068965516,17.24137931034483,31.03448275862069,51.724137931034484,45.97701149425287,5.747126436781609
E00148759,142,49,13,36,93,78,15,34.50704225352113,9.15492957746479,25.352112676056336,65.49295774647888,54.929577464788736,10.56338028169014
E00148760,171,54,23,31,117,86,31,31.57894736842105,13.450292397660817,18.128654970760234,68.42105263157895,50.29239766081871,18.128654970760234
E00148761,130,42,14,28,88,67,21,32.30769230769231,10.76923076923077,21.53846153846154,67.6923076923077,51.53846153846153,16.153846153846153
E00148762,143,54,16,38,89,70,19,37.76223776223776,11.188811188811188,26.573426573426573,62.23776223776224,48.95104895104895,13.286713286713287
E00148763,155,45,14,31,110,97,13,29.03225806451613,9.032258064516128,20,70.96774193548387,62.58064516129033,8.38709677419355
E00148764,141,35,12,23,106,94,12,24.822695035460992,8.51063829787234,16.312056737588655,75.177304964539,66.66666666666666,8.51063829787234
E00148765,197,62,27,35,135,108,27,31.472081218274113,13.705583756345177,17.766497461928935,68.52791878172589,54.82233502538071,13.705583756345177
E00148766,128,41,10,31,87,65,22,32.03125,7.8125,24.21875,67.96875,50.78125,17.1875
E00148767,120,43,19,24,77,61,16,35.833333333333336,15.833333333333332,20,64.16666666666667,50.83333333333333,13.333333333333334
E00148768,187,55,20,35,132,107,25,29.411764705882355,10.695187165775401,18.71657754010695,70.58823529411765,57.21925133689839,13.368983957219251
E00148769,104,34,16,18,70,57,13,32.69230769230769,15.384615384615385,17.307692307692307,67.3076923076923,54.807692307692314,12.5
E00148770,146,49,15,34,97,86,11,33.56164383561644,10.273972602739725,23.28767123287671,66.43835616438356,58.9041095890411,7.534246575342466
E00148771,145,48,18,30,97,81,16,33.10344827586207,12.413793103448276,20.689655172413794,66.89655172413794,55.86206896551724,11.03448275862069
E00148772,173,63,27,36,110,95,15,36.41618497109826,15.606936416184972,20.809248554913296,63.58381502890174,54.91329479768786,8.670520231213873
E00148773,100,35,13,22,65,53,12,35,13,22,65,53,12
E00148774,154,51,20,31,103,84,19,33.116883116883116,12.987012987012985,20.12987012987013,66.88311688311688,54.54545454545454,12.337662337662337
E00148775,166,52,17,35,114,93,21,31.32530120481928,10.240963855421686,21.084337349397593,68.67469879518072,56.024096385542165,12.650602409638553
E00148776,130,47,16,31,83,71,12,36.15384615384615,12.307692307692308,23.846153846153847,63.84615384615384,54.61538461538461,9.230769230769232
E00148777,97,32,8,24,65,52,13,32.98969072164948,8.24742268041237,24.742268041237114,67.0103092783505,53.608247422680414,13.402061855670103
E00148778,172,50,8,42,122,96,26,29.069767441860467,4.651162790697675,24.418604651162788,70.93023255813954,55.81395348837209,15.11627906976744
E00148779,206,75,28,47,131,109,22,36.407766990291265,13.592233009708737,22.815533980582526,63.59223300970874,52.9126213592233,10.679611650485436
E00148780,181,67,24,43,114,93,21,37.01657458563536,13.259668508287293,23.756906077348066,62.98342541436463,51.38121546961326,11.602209944751381
E00148781,181,58,21,37,123,106,17,32.04419889502763,11.602209944751381,20.441988950276244,67.95580110497238,58.5635359116022,9.392265193370166
E00148782,159,44,19,25,115,99,16,27.67295597484277,11.949685534591195,15.723270440251572,72.32704402515722,62.264150943396224,10.062893081761008
E00148783,161,59,24,35,102,69,33,36.64596273291926,14.906832298136646,21.73913043478261,63.35403726708074,42.857142857142854,20.496894409937887
E00148784,161,62,21,41,99,76,23,38.50931677018634,13.043478260869565,25.465838509316768,61.49068322981367,47.20496894409938,14.285714285714285
E00148785,119,44,15,29,75,59,16,36.97478991596639,12.605042016806722,24.369747899159663,63.02521008403361,49.57983193277311,13.445378151260504
E00148786,125,38,14,24,87,71,16,30.4,11.200000000000001,19.2,69.6,56.8,12.8
E00148787,133,49,13,36,84,61,23,36.84210526315789,9.774436090225564,27.06766917293233,63.1578947368421,45.86466165413533,17.293233082706767
E00148788,120,41,15,26,79,55,24,34.166666666666664,12.5,21.666666666666668,65.83333333333333,45.83333333333333,20
E00148789,155,57,15,42,98,79,19,36.774193548387096,9.67741935483871,27.09677419354839,63.2258064516129,50.967741935483865,12.258064516129032
E00148790,159,58,18,40,101,75,26,36.477987421383645,11.320754716981133,25.157232704402517,63.52201257861635,47.16981132075472,16.352201257861633
E00148791,80,21,8,13,59,45,14,26.25,10,16.25,73.75,56.25,17.5
E00148792,208,62,20,42,146,112,34,29.807692307692307,9.615384615384617,20.192307692307693,70.1923076923077,53.84615384615385,16.346153846153847
E00148793,113,35,10,25,78,63,15,30.973451327433626,8.849557522123893,22.123893805309734,69.02654867256636,55.75221238938053,13.274336283185843
E00148794,106,46,18,28,60,50,10,43.39622641509434,16.9811320754717,26.41509433962264,56.60377358490566,47.16981132075472,9.433962264150944
E00148795,104,38,17,21,66,50,16,36.53846153846153,16.346153846153847,20.192307692307693,63.46153846153846,48.07692307692308,15.384615384615385
E00148796,153,54,25,29,99,76,23,35.294117647058826,16.33986928104575,18.954248366013072,64.70588235294117,49.673202614379086,15.032679738562091
E00148797,115,51,25,26,64,46,18,44.34782608695652,21.73913043478261,22.608695652173914,55.65217391304348,40,15.65217391304348
E00148798,147,53,16,37,94,75,19,36.054421768707485,10.884353741496598,25.170068027210885,63.94557823129252,51.02040816326531,12.925170068027212
E00148799,150,54,21,33,96,73,23,36,14.000000000000002,22,64,48.66666666666667,15.333333333333332
E00148800,137,50,25,25,87,61,26,36.496350364963504,18.248175182481752,18.248175182481752,63.503649635036496,44.52554744525548,18.97810218978102
E00148801,163,50,14,36,113,89,24,30.67484662576687,8.588957055214724,22.085889570552148,69.32515337423312,54.601226993865026,14.723926380368098
E00148802,201,63,25,38,138,110,28,31.343283582089555,12.437810945273633,18.90547263681592,68.65671641791045,54.72636815920397,13.930348258706468
E00148803,237,82,28,54,155,128,27,34.59915611814346,11.814345991561181,22.78481012658228,65.40084388185655,54.008438818565395,11.39240506329114
E00148804,154,63,22,41,91,71,20,40.909090909090914,14.285714285714285,26.623376623376622,59.09090909090909,46.103896103896105,12.987012987012985
E00148805,133,52,25,27,81,64,17,39.097744360902254,18.796992481203006,20.30075187969925,60.902255639097746,48.1203007518797,12.781954887218044
E00148806,100,34,10,24,66,56,10,34,10,24,66,56.00000000000001,10
E00148807,139,42,10,32,97,81,16,30.215827338129497,7.1942446043165464,23.021582733812952,69.7841726618705,58.27338129496403,11.510791366906476
E00148808,168,64,26,38,104,81,23,38.095238095238095,15.476190476190476,22.61904761904762,61.904761904761905,48.214285714285715,13.690476190476192
E00148809,151,50,13,37,101,66,35,33.11258278145696,8.609271523178808,24.503311258278146,66.88741721854305,43.70860927152318,23.178807947019866
E00148810,125,34,13,21,91,60,31,27.200000000000003,10.4,16.8,72.8,48,24.8
E00148811,122,38,13,25,84,69,15,31.147540983606557,10.655737704918032,20.491803278688526,68.85245901639344,56.557377049180324,12.295081967213115
E00148812,131,46,14,32,85,57,28,35.11450381679389,10.687022900763358,24.427480916030532,64.8854961832061,43.51145038167939,21.374045801526716
E00148813,142,42,15,27,100,87,13,29.577464788732392,10.56338028169014,19.014084507042252,70.4225352112676,61.267605633802816,9.15492957746479
E00148814,122,32,15,17,90,63,27,26.229508196721312,12.295081967213115,13.934426229508196,73.77049180327869,51.63934426229508,22.131147540983605
E00148815,93,33,11,22,60,45,15,35.483870967741936,11.827956989247312,23.655913978494624,64.51612903225806,48.38709677419355,16.129032258064516
E00148816,159,46,16,30,113,93,20,28.930817610062892,10.062893081761008,18.867924528301888,71.0691823899371,58.490566037735846,12.578616352201259
E00148817,117,39,16,23,78,66,12,33.33333333333333,13.675213675213676,19.65811965811966,66.66666666666666,56.41025641025641,10.256410256410255
E00148818,151,57,28,29,94,75,19,37.74834437086093,18.543046357615893,19.205298013245034,62.251655629139066,49.668874172185426,12.582781456953644
E00148819,130,43,10,33,87,72,15,33.07692307692307,7.6923076923076925,25.384615384615383,66.92307692307692,55.38461538461539,11.538461538461538
E00148820,126,35,10,25,91,77,14,27.77777777777778,7.936507936507936,19.841269841269842,72.22222222222221,61.111111111111114,11.11111111111111
E00148821,126,39,23,16,87,66,21,30.952380952380953,18.253968253968253,12.698412698412698,69.04761904761905,52.38095238095239,16.666666666666664
E00148822,171,57,17,40,114,94,20,33.33333333333333,9.941520467836257,23.391812865497073,66.66666666666666,54.97076023391813,11.695906432748536
E00148823,57,21,8,13,36,33,3,36.84210526315789,14.035087719298245,22.807017543859647,63.1578947368421,57.89473684210527,5.263157894736842
E00148824,116,35,10,25,81,62,19,30.17241379310345,8.620689655172415,21.551724137931032,69.82758620689656,53.44827586206896,16.379310344827587
E00148825,132,43,13,30,89,75,14,32.57575757575758,9.848484848484848,22.727272727272727,67.42424242424242,56.81818181818182,10.606060606060606
E00148826,116,45,14,31,71,59,12,38.793103448275865,12.068965517241379,26.72413793103448,61.206896551724135,50.86206896551724,10.344827586206897
E00148827,148,48,13,35,100,80,20,32.432432432432435,8.783783783783784,23.64864864864865,67.56756756756756,54.054054054054056,13.513513513513514
E00148828,103,49,17,32,54,38,16,47.57281553398058,16.50485436893204,31.06796116504854,52.42718446601942,36.89320388349515,15.53398058252427
E00148829,134,41,14,27,93,79,14,30.597014925373134,10.44776119402985,20.149253731343283,69.40298507462687,58.95522388059702,10.44776119402985
E00148830,254,92,28,64,162,139,23,36.22047244094488,11.023622047244094,25.196850393700785,63.77952755905512,54.7244094488189,9.05511811023622
E00148831,159,59,22,37,100,80,20,37.10691823899371,13.836477987421384,23.270440251572328,62.893081761006286,50.314465408805034,12.578616352201259
E00148832,149,58,21,37,91,73,18,38.92617449664429,14.093959731543624,24.832214765100673,61.07382550335571,48.99328859060403,12.080536912751679
E00148833,82,29,14,15,53,44,9,35.36585365853659,17.073170731707318,18.29268292682927,64.63414634146342,53.65853658536586,10.975609756097562
E00148834,106,39,14,25,67,48,19,36.79245283018868,13.20754716981132,23.58490566037736,63.20754716981132,45.28301886792453,17.92452830188679
E00148835,120,43,11,32,77,64,13,35.833333333333336,9.166666666666666,26.666666666666668,64.16666666666667,53.333333333333336,10.833333333333334
E00148836,119,48,19,29,71,58,13,40.33613445378151,15.966386554621847,24.369747899159663,59.66386554621849,48.739495798319325,10.92436974789916
E00148837,140,44,14,30,96,81,15,31.428571428571427,10,21.428571428571427,68.57142857142857,57.85714285714286,10.714285714285714
E00148838,144,42,7,35,102,81,21,29.166666666666668,4.861111111111112,24.305555555555554,70.83333333333334,56.25,14.583333333333334
E00148839,181,60,27,33,121,95,26,33.14917127071823,14.917127071823206,18.23204419889503,66.85082872928176,52.48618784530387,14.3646408839779
E00148840,123,40,13,27,83,72,11,32.52032520325203,10.569105691056912,21.951219512195124,67.47967479674797,58.536585365853654,8.94308943089431
E00148841,150,54,14,40,96,85,11,36,9.333333333333334,26.666666666666668,64,56.666666666666664,7.333333333333333
E00148842,122,33,8,25,89,78,11,27.049180327868854,6.557377049180328,20.491803278688526,72.95081967213115,63.934426229508205,9.01639344262295
E00148843,145,43,13,30,102,85,17,29.655172413793103,8.96551724137931,20.689655172413794,70.34482758620689,58.620689655172406,11.724137931034482
E00148844,219,87,31,56,132,95,37,39.726027397260275,14.15525114155251,25.570776255707763,60.273972602739725,43.37899543378995,16.894977168949772
E00148845,115,32,14,18,83,72,11,27.82608695652174,12.173913043478262,15.65217391304348,72.17391304347827,62.60869565217392,9.565217391304348
E00148846,73,29,10,19,44,36,8,39.726027397260275,13.698630136986301,26.027397260273972,60.273972602739725,49.31506849315068,10.95890410958904
E00148847,226,86,33,53,140,85,55,38.05309734513274,14.601769911504425,23.451327433628318,61.94690265486725,37.610619469026545,24.336283185840706
E00148848,222,75,39,36,147,89,58,33.78378378378378,17.56756756756757,16.216216216216218,66.21621621621621,40.090090090090094,26.126126126126124
E00148849,83,33,13,20,50,36,14,39.75903614457831,15.66265060240964,24.096385542168676,60.24096385542169,43.373493975903614,16.867469879518072
E00148850,133,55,25,30,78,50,28,41.35338345864661,18.796992481203006,22.55639097744361,58.64661654135338,37.59398496240601,21.052631578947366
E00148851,123,42,17,25,81,60,21,34.146341463414636,13.821138211382115,20.32520325203252,65.85365853658537,48.78048780487805,17.073170731707318
E00148852,58,20,10,10,38,27,11,34.48275862068966,17.24137931034483,17.24137931034483,65.51724137931035,46.55172413793103,18.96551724137931
E00148853,105,41,23,18,64,45,19,39.04761904761905,21.904761904761905,17.142857142857142,60.952380952380956,42.857142857142854,18.095238095238095
E00148854,88,37,15,22,51,35,16,42.04545454545455,17.045454545454543,25,57.95454545454546,39.77272727272727,18.181818181818183
E00148855,82,32,18,14,50,30,20,39.02439024390244,21.951219512195124,17.073170731707318,60.97560975609756,36.58536585365854,24.390243902439025
E00148856,196,60,22,38,136,103,33,30.612244897959183,11.224489795918368,19.387755102040817,69.38775510204081,52.55102040816326,16.83673469387755
E00148857,211,75,34,41,136,91,45,35.54502369668246,16.113744075829384,19.431279620853083,64.45497630331754,43.127962085308056,21.32701421800948
E00148858,234,77,28,49,157,114,43,32.9059829059829,11.965811965811966,20.94017094017094,67.09401709401709,48.717948717948715,18.37606837606838
E00148859,161,55,24,31,106,87,19,34.161490683229815,14.906832298136646,19.25465838509317,65.83850931677019,54.037267080745345,11.801242236024844
E00148860,186,79,29,50,107,85,22,42.473118279569896,15.591397849462366,26.881720430107524,57.52688172043011,45.69892473118279,11.827956989247312
E00148861,117,38,19,19,79,54,25,32.47863247863248,16.23931623931624,16.23931623931624,67.52136752136752,46.15384615384615,21.367521367521366
E00148862,110,39,17,22,71,50,21,35.45454545454545,15.454545454545453,20,64.54545454545455,45.45454545454545,19.090909090909093
E00148863,142,62,16,46,80,59,21,43.66197183098591,11.267605633802818,32.3943661971831,56.33802816901409,41.54929577464789,14.788732394366196
E00148864,185,60,24,36,125,86,39,32.432432432432435,12.972972972972974,19.45945945945946,67.56756756756756,46.48648648648649,21.08108108108108
E00148865,150,50,24,26,100,82,18,33.33333333333333,16,17.333333333333336,66.66666666666666,54.666666666666664,12
E00148867,105,32,7,25,73,70,3,30.476190476190478,6.666666666666667,23.809523809523807,69.52380952380952,66.66666666666666,2.857142857142857
E00148868,114,37,10,27,77,65,12,32.45614035087719,8.771929824561402,23.684210526315788,67.54385964912281,57.01754385964912,10.526315789473683
E00148869,122,44,18,26,78,61,17,36.0655737704918,14.754098360655737,21.311475409836063,63.934426229508205,50,13.934426229508196
E00148870,123,40,14,26,83,65,18,32.52032520325203,11.38211382113821,21.138211382113823,67.47967479674797,52.84552845528455,14.634146341463413
E00148871,90,31,16,15,59,50,9,34.44444444444444,17.77777777777778,16.666666666666664,65.55555555555556,55.55555555555556,10
E00148872,127,34,5,29,93,78,15,26.77165354330709,3.937007874015748,22.83464566929134,73.22834645669292,61.417322834645674,11.811023622047244
E00148873,83,27,18,9,56,41,15,32.53012048192771,21.686746987951807,10.843373493975903,67.46987951807229,49.39759036144578,18.072289156626507
E00148874,114,34,9,25,80,60,20,29.82456140350877,7.894736842105263,21.929824561403507,70.17543859649122,52.63157894736842,17.543859649122805
E00148875,188,68,16,52,120,96,24,36.17021276595745,8.51063829787234,27.659574468085108,63.829787234042556,51.06382978723404,12.76595744680851
E00148877,120,37,10,27,83,71,12,30.833333333333336,8.333333333333332,22.5,69.16666666666667,59.166666666666664,10
E00148878,129,45,16,29,84,74,10,34.883720930232556,12.4031007751938,22.48062015503876,65.11627906976744,57.36434108527132,7.751937984496124
E00148879,113,32,5,27,81,58,23,28.31858407079646,4.424778761061947,23.893805309734514,71.68141592920354,51.32743362831859,20.353982300884958
E00148880,108,39,15,24,69,57,12,36.11111111111111,13.88888888888889,22.22222222222222,63.888888888888886,52.77777777777778,11.11111111111111
E00148881,122,57,23,34,65,49,16,46.72131147540984,18.852459016393443,27.86885245901639,53.278688524590166,40.16393442622951,13.114754098360656
E00148882,173,56,22,34,117,90,27,32.369942196531795,12.716763005780345,19.653179190751445,67.63005780346822,52.02312138728323,15.606936416184972
E00148883,116,37,15,22,79,59,20,31.896551724137932,12.931034482758621,18.96551724137931,68.10344827586206,50.86206896551724,17.24137931034483
E00148885,111,38,15,23,73,59,14,34.234234234234236,13.513513513513514,20.72072072072072,65.76576576576578,53.153153153153156,12.612612612612612
E00148886,226,50,12,38,176,149,27,22.123893805309734,5.3097345132743365,16.8141592920354,77.87610619469027,65.929203539823,11.946902654867257
E00148887,162,64,20,44,98,79,19,39.50617283950617,12.345679012345679,27.160493827160494,60.49382716049383,48.76543209876543,11.728395061728394
E00148888,151,50,18,32,101,84,17,33.11258278145696,11.920529801324504,21.192052980132452,66.88741721854305,55.62913907284768,11.258278145695364
E00148889,141,43,15,28,98,80,18,30.49645390070922,10.638297872340425,19.858156028368796,69.50354609929079,56.73758865248227,12.76595744680851
E00148890,131,47,18,29,84,59,25,35.87786259541985,13.740458015267176,22.137404580152673,64.12213740458014,45.038167938931295,19.083969465648856
E00148891,193,61,20,41,132,105,27,31.606217616580313,10.362694300518134,21.243523316062177,68.39378238341969,54.40414507772021,13.989637305699482
E00148893,224,63,17,46,161,135,26,28.125,7.5892857142857135,20.535714285714285,71.875,60.26785714285714,11.607142857142858
E00148894,188,64,21,43,124,87,37,34.04255319148936,11.170212765957446,22.872340425531913,65.95744680851064,46.27659574468085,19.680851063829788
E00148895,86,28,13,15,58,47,11,32.55813953488372,15.11627906976744,17.441860465116278,67.44186046511628,54.65116279069767,12.790697674418606
E00148896,170,53,23,30,117,96,21,31.176470588235293,13.529411764705882,17.647058823529413,68.82352941176471,56.470588235294116,12.352941176470589
E00148897,162,52,12,40,110,95,15,32.098765432098766,7.4074074074074066,24.691358024691358,67.90123456790124,58.64197530864198,9.25925925925926
E00148898,105,35,17,18,70,46,24,33.33333333333333,16.19047619047619,17.142857142857142,66.66666666666666,43.80952380952381,22.857142857142858
E00148899,86,28,12,16,58,40,18,32.55813953488372,13.953488372093023,18.6046511627907,67.44186046511628,46.51162790697674,20.930232558139537
E00148900,107,41,16,25,66,51,15,38.31775700934579,14.953271028037381,23.364485981308412,61.6822429906542,47.66355140186916,14.018691588785046
E00148901,128,54,28,26,74,52,22,42.1875,21.875,20.3125,57.8125,40.625,17.1875
E00148902,160,56,16,40,104,77,27,35,10,25,65,48.125,16.875
E00148903,147,49,21,28,98,66,32,33.33333333333333,14.285714285714285,19.047619047619047,66.66666666666666,44.89795918367347,21.768707482993197
E00148904,111,43,12,31,68,49,19,38.73873873873874,10.81081081081081,27.927927927927925,61.261261261261254,44.14414414414414,17.117117117117118
E00148905,102,46,15,31,56,39,17,45.09803921568628,14.705882352941178,30.392156862745097,54.90196078431373,38.23529411764706,16.666666666666664
E00148906,95,33,8,25,62,55,7,34.73684210526316,8.421052631578947,26.31578947368421,65.26315789473685,57.89473684210527,7.368421052631578
E00148907,164,47,16,31,117,104,13,28.65853658536585,9.75609756097561,18.902439024390244,71.34146341463415,63.41463414634146,7.926829268292683
E00148908,136,45,10,35,91,83,8,33.088235294117645,7.352941176470589,25.735294117647058,66.91176470588235,61.029411764705884,5.88235294117647
E00148909,102,19,7,12,83,68,15,18.627450980392158,6.862745098039216,11.76470588235294,81.37254901960785,66.66666666666666,14.705882352941178
E00148910,119,35,11,24,84,80,4,29.411764705882355,9.243697478991598,20.168067226890756,70.58823529411765,67.22689075630252,3.361344537815126
E00148911,202,61,16,45,141,133,8,30.198019801980198,7.920792079207921,22.277227722772277,69.80198019801979,65.84158415841584,3.9603960396039604
E00148912,204,59,18,41,145,128,17,28.921568627450984,8.823529411764707,20.098039215686274,71.07843137254902,62.745098039215684,8.333333333333332
E00148913,100,28,6,22,72,54,18,28.000000000000004,6,22,72,54,18
E00148914,163,51,13,38,112,98,14,31.28834355828221,7.975460122699387,23.31288343558282,68.71165644171779,60.122699386503065,8.588957055214724
E00148915,171,54,18,36,117,104,13,31.57894736842105,10.526315789473683,21.052631578947366,68.42105263157895,60.81871345029239,7.602339181286549
E00148916,116,37,6,31,79,65,14,31.896551724137932,5.172413793103448,26.72413793103448,68.10344827586206,56.03448275862068,12.068965517241379
E00148917,176,40,9,31,136,121,15,22.727272727272727,5.113636363636364,17.613636363636363,77.27272727272727,68.75,8.522727272727272
E00148918,175,41,17,24,134,118,16,23.42857142857143,9.714285714285714,13.714285714285715,76.57142857142857,67.42857142857143,9.142857142857142
E00148919,112,39,18,21,73,66,7,34.82142857142857,16.071428571428573,18.75,65.17857142857143,58.92857142857143,6.25
E00148920,177,59,18,41,118,104,14,33.33333333333333,10.16949152542373,23.163841807909606,66.66666666666666,58.75706214689266,7.909604519774012
E00148921,161,39,13,26,122,107,15,24.22360248447205,8.074534161490684,16.149068322981368,75.77639751552795,66.45962732919256,9.316770186335404
E00148922,158,44,14,30,114,106,8,27.848101265822784,8.860759493670885,18.9873417721519,72.15189873417721,67.08860759493672,5.063291139240507
E00148923,154,37,9,28,117,101,16,24.025974025974026,5.844155844155844,18.181818181818183,75.97402597402598,65.5844155844156,10.38961038961039
E00148924,180,49,24,25,131,113,18,27.22222222222222,13.333333333333334,13.88888888888889,72.77777777777777,62.77777777777778,10
E00148925,123,26,8,18,97,81,16,21.138211382113823,6.504065040650407,14.634146341463413,78.86178861788618,65.85365853658537,13.008130081300814
E00148926,206,49,11,38,157,144,13,23.78640776699029,5.339805825242718,18.446601941747574,76.2135922330097,69.90291262135922,6.310679611650485
E00148927,108,25,11,14,83,74,9,23.14814814814815,10.185185185185185,12.962962962962962,76.85185185185185,68.51851851851852,8.333333333333332
E00148930,295,65,21,44,230,197,33,22.033898305084744,7.118644067796611,14.915254237288137,77.96610169491525,66.77966101694915,11.186440677966102
E00148931,188,43,14,29,145,128,17,22.872340425531913,7.446808510638298,15.425531914893616,77.12765957446808,68.08510638297872,9.042553191489363
E00148932,132,32,15,17,100,85,15,24.242424242424242,11.363636363636363,12.878787878787879,75.75757575757575,64.39393939393939,11.363636363636363
E00148933,162,42,7,35,120,111,9,25.925925925925924,4.320987654320987,21.604938271604937,74.07407407407408,68.51851851851852,5.555555555555555
E00148934,148,49,10,39,99,88,11,33.108108108108105,6.756756756756757,26.351351351351347,66.8918918918919,59.45945945945946,7.4324324324324325
E00148935,143,50,16,34,93,83,10,34.96503496503497,11.188811188811188,23.776223776223777,65.03496503496503,58.04195804195804,6.993006993006993
E00148936,140,52,13,39,88,77,11,37.142857142857146,9.285714285714286,27.857142857142858,62.857142857142854,55.00000000000001,7.857142857142857
E00148937,84,27,7,20,57,49,8,32.142857142857146,8.333333333333332,23.809523809523807,67.85714285714286,58.333333333333336,9.523809523809524
E00148938,134,39,12,27,95,83,12,29.1044776119403,8.955223880597014,20.149253731343283,70.8955223880597,61.940298507462686,8.955223880597014
E00148939,129,46,12,34,83,72,11,35.65891472868217,9.30232558139535,26.356589147286826,64.34108527131784,55.81395348837209,8.527131782945736
E00148940,129,36,10,26,93,84,9,27.906976744186046,7.751937984496124,20.155038759689923,72.09302325581395,65.11627906976744,6.976744186046512
E00148941,151,42,11,31,109,101,8,27.81456953642384,7.28476821192053,20.52980132450331,72.18543046357617,66.88741721854305,5.298013245033113
E00148942,183,48,18,30,135,121,14,26.229508196721312,9.836065573770492,16.39344262295082,73.77049180327869,66.12021857923497,7.650273224043716
E00148943,178,69,18,51,109,93,16,38.764044943820224,10.112359550561797,28.651685393258425,61.23595505617978,52.24719101123596,8.98876404494382
E00148944,131,33,11,22,98,87,11,25.190839694656486,8.396946564885496,16.793893129770993,74.80916030534351,66.41221374045801,8.396946564885496
E00148945,141,46,13,33,95,85,10,32.62411347517731,9.219858156028367,23.404255319148938,67.37588652482269,60.28368794326241,7.092198581560284
E00148946,157,42,15,27,115,96,19,26.751592356687897,9.554140127388536,17.197452229299362,73.24840764331209,61.146496815286625,12.101910828025478
E00148947,150,31,7,24,119,106,13,20.666666666666668,4.666666666666667,16,79.33333333333333,70.66666666666667,8.666666666666668
E00148948,199,49,12,37,150,125,25,24.623115577889447,6.030150753768844,18.592964824120603,75.37688442211056,62.8140703517588,12.562814070351758
E00148949,150,38,12,26,112,100,12,25.333333333333336,8,17.333333333333336,74.66666666666667,66.66666666666666,8
E00148950,187,61,21,40,126,120,6,32.62032085561498,11.229946524064172,21.390374331550802,67.37967914438502,64.171122994652407,3.2085561497326207
E00148952,186,39,8,31,147,129,18,20.967741935483872,4.301075268817205,16.666666666666664,79.03225806451613,69.35483870967742,9.67741935483871
E00148953,100,32,7,25,68,53,15,32,7.000000000000001,25,68,53,15
E00148954,155,55,18,37,100,85,15,35.483870967741936,11.612903225806452,23.870967741935484,64.51612903225806,54.83870967741935,9.67741935483871
E00148955,132,40,10,30,92,83,9,30.303030303030305,7.575757575757576,22.727272727272727,69.6969696969697,62.878787878787875,6.8181818181818175
E00148956,207,68,17,51,139,125,14,32.850241545893724,8.212560386473431,24.637681159420293,67.14975845410628,60.38647342995169,6.763285024154589
E00148957,168,59,17,42,109,91,18,35.11904761904761,10.119047619047619,25,64.88095238095238,54.166666666666664,10.714285714285714
E00148958,97,34,14,20,63,55,8,35.051546391752574,14.432989690721648,20.618556701030926,64.94845360824742,56.70103092783505,8.24742268041237
E00148959,141,31,4,27,110,103,7,21.98581560283688,2.8368794326241136,19.148936170212767,78.01418439716312,73.04964539007092,4.964539007092199
E00148960,131,39,13,26,92,75,17,29.770992366412212,9.923664122137405,19.84732824427481,70.22900763358778,57.25190839694656,12.977099236641221
E00148961,149,42,12,30,107,91,16,28.187919463087248,8.053691275167784,20.13422818791946,71.81208053691275,61.07382550335571,10.738255033557047
E00148962,189,28,5,23,161,143,18,14.814814814814813,2.6455026455026456,12.16931216931217,85.18518518518519,75.66137566137566,9.523809523809524
E00148963,228,68,21,47,160,139,21,29.82456140350877,9.210526315789473,20.614035087719298,70.17543859649122,60.96491228070175,9.210526315789473
E00148964,233,62,19,43,171,147,24,26.609442060085836,8.15450643776824,18.4549356223176,73.39055793991416,63.0901287553648,10.300429184549357
E00148965,146,40,8,32,106,93,13,27.397260273972602,5.47945205479452,21.91780821917808,72.6027397260274,63.6986301369863,8.904109589041095
E00148967,221,52,14,38,169,150,19,23.52941176470588,6.334841628959276,17.194570135746606,76.47058823529412,67.87330316742081,8.597285067873303
E00148968,235,67,10,57,168,153,15,28.510638297872344,4.25531914893617,24.25531914893617,71.48936170212767,65.1063829787234,6.382978723404255
E00148969,176,48,21,27,128,112,16,27.27272727272727,11.931818181818182,15.340909090909092,72.72727272727273,63.63636363636363,9.090909090909092
E00148970,159,45,8,37,114,104,10,28.30188679245283,5.031446540880504,23.270440251572328,71.69811320754717,65.40880503144653,6.289308176100629
E00148973,162,43,6,37,119,106,13,26.543209876543212,3.7037037037037033,22.839506172839506,73.4567901234568,65.4320987654321,8.024691358024691
E00148974,135,39,17,22,96,82,14,28.888888888888886,12.592592592592592,16.296296296296298,71.11111111111111,60.74074074074074,10.37037037037037
E00148975,117,32,10,22,85,69,16,27.350427350427353,8.547008547008547,18.803418803418804,72.64957264957265,58.97435897435898,13.675213675213676
E00148976,129,44,14,30,85,73,12,34.10852713178294,10.852713178294573,23.25581395348837,65.89147286821705,56.58914728682171,9.30232558139535
E00148977,153,53,11,42,100,86,14,34.64052287581699,7.18954248366013,27.450980392156865,65.359477124183,56.209150326797385,9.15032679738562
E00148978,115,35,7,28,80,64,16,30.434782608695656,6.086956521739131,24.347826086956523,69.56521739130434,55.65217391304348,13.91304347826087
E00148979,145,48,12,36,97,85,12,33.10344827586207,8.275862068965518,24.82758620689655,66.89655172413794,58.620689655172406,8.275862068965518
E00148980,129,42,14,28,87,76,11,32.55813953488372,10.852713178294573,21.705426356589147,67.44186046511628,58.91472868217055,8.527131782945736
E00148981,129,36,10,26,93,81,12,27.906976744186046,7.751937984496124,20.155038759689923,72.09302325581395,62.7906976744186,9.30232558139535
E00148982,138,50,12,38,88,80,8,36.231884057971016,8.695652173913043,27.536231884057973,63.76811594202898,57.971014492753625,5.797101449275362
E00148983,167,52,10,42,115,103,12,31.137724550898206,5.9880239520958085,25.149700598802394,68.8622754491018,61.67664670658682,7.18562874251497
E00148984,153,36,7,29,117,104,13,23.52941176470588,4.57516339869281,18.954248366013072,76.47058823529412,67.97385620915033,8.49673202614379
E00148985,159,29,11,18,130,114,16,18.238993710691823,6.918238993710692,11.320754716981133,81.76100628930818,71.69811320754717,10.062893081761008
E00148986,110,27,10,17,83,75,8,24.545454545454547,9.090909090909092,15.454545454545453,75.45454545454545,68.18181818181817,7.2727272727272725
E00148987,117,39,9,30,78,71,7,33.33333333333333,7.6923076923076925,25.64102564102564,66.66666666666666,60.68376068376068,5.982905982905983
E00148988,111,24,7,17,87,77,10,21.62162162162162,6.306306306306306,15.315315315315313,78.37837837837837,69.36936936936937,9.00900900900901
E00148989,89,27,1,26,62,60,2,30.337078651685395,1.1235955056179776,29.213483146067414,69.66292134831461,67.41573033707866,2.247191011235955
E00148990,141,41,11,30,100,89,11,29.078014184397162,7.801418439716312,21.27659574468085,70.92198581560284,63.12056737588653,7.801418439716312
E00148991,151,47,16,31,104,88,16,31.125827814569533,10.596026490066226,20.52980132450331,68.87417218543047,58.27814569536424,10.596026490066226
E00148992,144,40,12,28,104,95,9,27.77777777777778,8.333333333333332,19.444444444444446,72.22222222222221,65.97222222222221,6.25
E00148993,173,50,16,34,123,110,13,28.901734104046245,9.248554913294797,19.653179190751445,71.09826589595376,63.58381502890174,7.514450867052023
E00148994,83,28,7,21,55,45,10,33.734939759036145,8.433734939759036,25.301204819277107,66.26506024096386,54.21686746987952,12.048192771084338
E00148995,161,46,13,33,115,102,13,28.57142857142857,8.074534161490684,20.496894409937887,71.42857142857143,63.35403726708074,8.074534161490684
E00148996,150,51,17,34,99,83,16,34,11.333333333333332,22.666666666666664,66,55.333333333333336,10.666666666666668
E00148997,143,27,7,20,116,102,14,18.88111888111888,4.895104895104895,13.986013986013987,81.11888111888112,71.32867132867133,9.79020979020979
E00148998,137,54,12,42,83,75,8,39.416058394160586,8.75912408759124,30.656934306569344,60.58394160583942,54.74452554744526,5.839416058394161
E00148999,120,41,14,27,79,73,6,34.166666666666664,11.666666666666666,22.5,65.83333333333333,60.83333333333333,5
E00149000,130,31,12,19,99,83,16,23.846153846153847,9.230769230769232,14.615384615384617,76.15384615384615,63.84615384615384,12.307692307692308
E00149001,142,51,12,39,91,82,9,35.91549295774648,8.450704225352112,27.464788732394368,64.08450704225352,57.74647887323944,6.338028169014084
E00149002,106,33,11,22,73,66,7,31.132075471698112,10.377358490566039,20.754716981132077,68.86792452830188,62.264150943396224,6.60377358490566
E00149003,152,49,19,30,103,90,13,32.23684210526316,12.5,19.736842105263158,67.76315789473685,59.210526315789465,8.552631578947368
E00149004,123,42,18,24,81,73,8,34.146341463414636,14.634146341463413,19.51219512195122,65.85365853658537,59.34959349593496,6.504065040650407
E00149005,142,54,13,41,88,78,10,38.028169014084504,9.15492957746479,28.87323943661972,61.97183098591549,54.929577464788736,7.042253521126761
E00149006,118,47,11,36,71,64,7,39.83050847457627,9.322033898305085,30.508474576271187,60.16949152542372,54.23728813559322,5.932203389830509
E00149007,118,33,10,23,85,80,5,27.966101694915253,8.47457627118644,19.491525423728813,72.03389830508475,67.79661016949152,4.23728813559322
E00149008,147,42,11,31,105,90,15,28.57142857142857,7.482993197278912,21.08843537414966,71.42857142857143,61.224489795918366,10.204081632653061
E00149009,96,26,7,19,70,60,10,27.083333333333332,7.291666666666667,19.791666666666664,72.91666666666666,62.5,10.416666666666668
E00149010,118,37,8,29,81,73,8,31.35593220338983,6.779661016949152,24.576271186440678,68.64406779661016,61.86440677966102,6.779661016949152
E00149011,73,26,9,17,47,43,4,35.61643835616438,12.32876712328767,23.28767123287671,64.38356164383562,58.9041095890411,5.47945205479452
E00149012,132,37,13,24,95,81,14,28.030303030303028,9.848484848484848,18.181818181818183,71.96969696969697,61.36363636363637,10.606060606060606
E00149013,147,50,15,35,97,86,11,34.01360544217687,10.204081632653061,23.809523809523807,65.98639455782312,58.50340136054422,7.482993197278912
E00149014,148,39,16,23,109,87,22,26.351351351351347,10.81081081081081,15.54054054054054,73.64864864864865,58.78378378378378,14.864864864864865
E00149015,102,37,13,24,65,56,9,36.27450980392157,12.745098039215685,23.52941176470588,63.725490196078425,54.90196078431373,8.823529411764707
E00149016,137,41,12,29,96,83,13,29.927007299270077,8.75912408759124,21.16788321167883,70.07299270072993,60.58394160583942,9.48905109489051
E00149017,135,36,11,25,99,83,16,26.666666666666668,8.148148148148149,18.51851851851852,73.33333333333333,61.48148148148148,11.851851851851853
E00149018,177,55,17,38,122,107,15,31.07344632768362,9.6045197740113,21.468926553672315,68.92655367231639,60.451977401129945,8.47457627118644
E00149019,144,39,9,30,105,95,10,27.083333333333332,6.25,20.833333333333336,72.91666666666666,65.97222222222221,6.944444444444445
E00149020,140,40,6,34,100,85,15,28.57142857142857,4.285714285714286,24.285714285714285,71.42857142857143,60.71428571428571,10.714285714285714
E00149021,113,37,18,19,76,67,9,32.743362831858406,15.929203539823009,16.8141592920354,67.2566371681416,59.29203539823009,7.964601769911504
E00149023,99,27,11,16,72,59,13,27.27272727272727,11.11111111111111,16.161616161616163,72.72727272727273,59.59595959595959,13.131313131313133
E00149024,114,33,11,22,81,69,12,28.947368421052634,9.649122807017543,19.298245614035086,71.05263157894737,60.526315789473685,10.526315789473683
E00149025,153,41,13,28,112,105,7,26.797385620915033,8.49673202614379,18.30065359477124,73.20261437908496,68.62745098039215,4.57516339869281
E00149027,119,41,15,26,78,67,11,34.45378151260504,12.605042016806722,21.84873949579832,65.54621848739495,56.30252100840336,9.243697478991598
E00149028,171,41,9,32,130,114,16,23.976608187134502,5.263157894736842,18.71345029239766,76.0233918128655,66.66666666666666,9.35672514619883
E00149029,171,48,16,32,123,108,15,28.07017543859649,9.35672514619883,18.71345029239766,71.9298245614035,63.1578947368421,8.771929824561402
E00149030,135,49,18,31,86,79,7,36.2962962962963,13.333333333333334,22.962962962962962,63.70370370370371,58.51851851851851,5.185185185185185
E00149031,125,31,9,22,94,82,12,24.8,7.199999999999999,17.599999999999998,75.2,65.60000000000001,9.6
E00149032,138,48,15,33,90,84,6,34.78260869565217,10.869565217391305,23.91304347826087,65.21739130434783,60.86956521739131,4.3478260869565215
E00149033,132,38,10,28,94,82,12,28.78787878787879,7.575757575757576,21.21212121212121,71.21212121212122,62.121212121212125,9.090909090909092
E00165997,180,37,9,28,143,129,14,20.555555555555554,5,15.555555555555555,79.44444444444444,71.66666666666667,7.777777777777778
E00165998,190,60,12,48,130,117,13,31.57894736842105,6.315789473684211,25.263157894736842,68.42105263157895,61.578947368421055,6.842105263157896
E00165999,142,39,15,24,103,92,11,27.464788732394368,10.56338028169014,16.901408450704224,72.53521126760563,64.7887323943662,7.746478873239436
E00166000,118,43,15,28,75,67,8,36.440677966101696,12.711864406779661,23.728813559322035,63.559322033898304,56.779661016949156,6.779661016949152
E00166001,832,90,13,77,742,558,184,10.817307692307693,1.5625,9.254807692307693,89.1826923076923,67.0673076923077,22.115384615384613
E00166002,163,45,13,32,118,108,10,27.607361963190186,7.975460122699387,19.631901840490798,72.39263803680981,66.25766871165644,6.134969325153374
E00166003,167,45,12,33,122,109,13,26.94610778443114,7.18562874251497,19.760479041916167,73.05389221556887,65.26946107784431,7.784431137724551
E00166004,168,39,4,35,129,120,9,23.214285714285715,2.380952380952381,20.833333333333336,76.78571428571429,71.42857142857143,5.357142857142857
E00166005,89,24,7,17,65,42,23,26.96629213483146,7.865168539325842,19.101123595505616,73.03370786516854,47.19101123595505,25.842696629213485
E00166006,204,54,19,35,150,129,21,26.47058823529412,9.313725490196079,17.15686274509804,73.52941176470588,63.23529411764706,10.294117647058822
E00166007,208,59,23,36,149,125,24,28.365384615384613,11.057692307692307,17.307692307692307,71.63461538461539,60.09615384615385,11.538461538461538
E00166008,202,56,13,43,146,123,23,27.722772277227726,6.435643564356436,21.287128712871286,72.27722772277228,60.89108910891089,11.386138613861387
E00166009,158,33,12,21,125,113,12,20.88607594936709,7.59493670886076,13.291139240506327,79.11392405063292,71.51898734177216,7.59493670886076
E00166010,125,28,6,22,97,80,17,22.400000000000002,4.8,17.599999999999998,77.60000000000001,64,13.600000000000001
E00166011,118,36,9,27,82,73,9,30.508474576271187,7.627118644067797,22.88135593220339,69.49152542372882,61.86440677966102,7.627118644067797
E00166012,108,33,13,20,75,64,11,30.555555555555557,12.037037037037036,18.51851851851852,69.44444444444444,59.25925925925925,10.185185185185185
E00166013,172,68,21,47,104,94,10,39.53488372093023,12.209302325581394,27.325581395348834,60.46511627906976,54.65116279069767,5.813953488372093
E00166014,182,53,18,35,129,112,17,29.120879120879124,9.89010989010989,19.230769230769234,70.87912087912088,61.53846153846154,9.340659340659341
E00166015,81,40,12,28,41,33,8,49.382716049382715,14.814814814814813,34.5679012345679,50.617283950617285,40.74074074074074,9.876543209876543
E00166016,211,61,19,42,150,132,18,28.90995260663507,9.004739336492891,19.90521327014218,71.09004739336493,62.55924170616114,8.530805687203792
E00166017,132,43,15,28,89,79,10,32.57575757575758,11.363636363636363,21.21212121212121,67.42424242424242,59.84848484848485,7.575757575757576
E00166018,194,65,19,46,129,106,23,33.50515463917525,9.793814432989691,23.711340206185564,66.49484536082474,54.63917525773196,11.855670103092782
E00166020,91,35,16,19,56,41,15,38.46153846153847,17.582417582417584,20.87912087912088,61.53846153846154,45.05494505494506,16.483516483516482
E00186526,83,15,3,12,68,58,10,18.072289156626507,3.614457831325301,14.457831325301203,81.92771084337349,69.87951807228916,12.048192771084338
E00186529,234,68,24,44,166,139,27,29.059829059829063,10.256410256410255,18.803418803418804,70.94017094017094,59.401709401709404,11.538461538461538
E00186530,75,21,8,13,54,47,7,28.000000000000004,10.666666666666668,17.333333333333336,72,62.66666666666667,9.333333333333334
E00186532,76,26,9,17,50,47,3,34.21052631578947,11.842105263157894,22.36842105263158,65.78947368421053,61.8421052631579,3.9473684210526314
E00186537,231,60,16,44,171,152,19,25.97402597402597,6.926406926406926,19.047619047619047,74.02597402597402,65.80086580086581,8.225108225108226
E00186542,235,69,16,53,166,148,18,29.361702127659573,6.808510638297872,22.5531914893617,70.63829787234043,62.97872340425532,7.659574468085106
E00186552,262,82,26,56,180,141,39,31.297709923664126,9.923664122137405,21.374045801526716,68.70229007633588,53.81679389312977,14.885496183206106
E00186553,28,6,1,5,22,21,1,21.428571428571427,3.571428571428571,17.857142857142858,78.57142857142857,75,3.571428571428571
E00186554,128,44,12,32,84,70,14,34.375,9.375,25,65.625,54.6875,10.9375
E00186555,28,14,10,4,14,9,5,50,35.714285714285715,14.285714285714285,50,32.142857142857146,17.857142857142858
E00186559,80,18,2,16,62,56,6,22.5,2.5,20,77.5,70,7.5
E00186560,240,53,14,39,187,160,27,22.083333333333332,5.833333333333333,16.25,77.91666666666667,66.66666666666666,11.25
E00186564,125,34,10,24,91,75,16,27.200000000000003,8,19.2,72.8,60,12.8
E00186568,209,75,39,36,134,87,47,35.88516746411483,18.660287081339714,17.22488038277512,64.11483253588517,41.62679425837321,22.48803827751196
E00186571,191,29,8,21,162,145,17,15.18324607329843,4.18848167539267,10.99476439790576,84.81675392670157,75.91623036649214,8.900523560209423
E00186574,31,6,0,6,25,19,6,19.35483870967742,0,19.35483870967742,80.64516129032258,61.29032258064516,19.35483870967742
E00186576,216,66,23,43,150,126,24,30.555555555555557,10.648148148148149,19.90740740740741,69.44444444444444,58.333333333333336,11.11111111111111
E00186577,216,48,11,37,168,146,22,22.22222222222222,5.092592592592593,17.12962962962963,77.77777777777779,67.5925925925926,10.185185185185185
E00186584,167,41,17,24,126,103,23,24.550898203592812,10.179640718562874,14.37125748502994,75.44910179640718,61.67664670658682,13.77245508982036
E00186585,170,51,17,34,119,105,14,30,10,20,70,61.76470588235294,8.235294117647058
E00186591,148,51,21,30,97,86,11,34.45945945945946,14.18918918918919,20.27027027027027,65.54054054054053,58.108108108108105,7.4324324324324325
E00186596,67,27,11,16,40,30,10,40.298507462686565,16.417910447761194,23.88059701492537,59.70149253731343,44.776119402985074,14.925373134328357
E00186606,149,42,14,28,107,95,12,28.187919463087248,9.395973154362416,18.79194630872483,71.81208053691275,63.758389261744966,8.053691275167784
E00186609,223,43,13,30,180,151,29,19.282511210762333,5.829596412556054,13.452914798206278,80.71748878923766,67.71300448430493,13.004484304932735
E00186611,128,26,7,19,102,88,14,20.3125,5.46875,14.84375,79.6875,68.75,10.9375
E00186615,154,40,13,27,114,102,12,25.97402597402597,8.441558441558442,17.532467532467532,74.02597402597402,66.23376623376623,7.792207792207792
E00186625,92,18,3,15,74,63,11,19.565217391304348,3.260869565217391,16.304347826086957,80.43478260869566,68.47826086956522,11.956521739130435
E00186628,97,27,8,19,70,58,12,27.835051546391753,8.24742268041237,19.587628865979383,72.16494845360825,59.79381443298969,12.371134020618557
E00186630,172,39,13,26,133,116,17,22.674418604651162,7.55813953488372,15.11627906976744,77.32558139534885,67.44186046511628,9.883720930232558
E00186632,130,46,15,31,84,73,11,35.38461538461539,11.538461538461538,23.846153846153847,64.61538461538461,56.15384615384615,8.461538461538462
E00186633,314,78,19,59,236,203,33,24.840764331210192,6.050955414012739,18.789808917197455,75.15923566878982,64.64968152866241,10.509554140127388
E00186638,167,57,21,36,110,88,22,34.13173652694611,12.574850299401197,21.55688622754491,65.86826347305389,52.69461077844312,13.17365269461078
E00186640,134,29,9,20,105,88,17,21.641791044776117,6.7164179104477615,14.925373134328357,78.35820895522389,65.67164179104478,12.686567164179104
E00186650,64,21,8,13,43,36,7,32.8125,12.5,20.3125,67.1875,56.25,10.9375
E00186656,356,68,14,54,288,262,26,19.101123595505616,3.932584269662921,15.168539325842698,80.89887640449437,73.59550561797754,7.303370786516854
