OA,ts0590001,ts0590002,ts0590003,ts0590004,ts0590005,ts0590006,ts0590007,ts0590002_PCT,ts0590003_PCT,ts0590004_PCT,ts0590005_PCT,ts0590006_PCT,ts0590007_PCT
E00070587,122,22,11,11,100,90,10,18.0327868852459,9.01639344262295,9.01639344262295,81.9672131147541,73.77049180327869,8.19672131147541
E00070588,167,51,19,32,116,98,18,30.538922155688624,11.377245508982035,19.16167664670659,69.46107784431138,58.68263473053892,10.778443113772456
E00070589,95,31,9,22,64,55,9,32.631578947368425,9.473684210526317,23.157894736842106,67.36842105263158,57.89473684210527,9.473684210526317
E00070590,182,60,24,36,122,99,23,32.967032967032964,13.186813186813188,19.78021978021978,67.03296703296702,54.395604395604394,12.637362637362637
E00070591,133,43,11,32,90,78,12,32.33082706766917,8.270676691729323,24.06015037593985,67.66917293233082,58.64661654135338,9.022556390977442
E00070592,121,41,16,25,80,58,22,33.88429752066116,13.223140495867769,20.66115702479339,66.11570247933885,47.93388429752066,18.181818181818183
E00070593,162,49,14,35,113,103,10,30.246913580246915,8.641975308641975,21.604938271604937,69.75308641975309,63.580246913580254,6.172839506172839
E00070594,166,53,16,37,113,102,11,31.92771084337349,9.63855421686747,22.289156626506024,68.07228915662651,61.44578313253012,6.626506024096386
E00070595,153,62,21,41,91,79,12,40.52287581699346,13.725490196078432,26.797385620915033,59.47712418300654,51.633986928104584,7.8431372549019605
E00070596,239,65,36,29,174,148,26,27.19665271966527,15.062761506276152,12.133891213389122,72.80334728033473,61.92468619246861,10.87866108786611
E00070597,145,45,10,35,100,87,13,31.03448275862069,6.896551724137931,24.137931034482758,68.96551724137932,60,8.96551724137931
E00070598,141,36,20,16,105,89,16,25.53191489361702,14.184397163120568,11.347517730496454,74.46808510638297,63.12056737588653,11.347517730496454
E00070599,108,40,15,25,68,51,17,37.03703703703704,13.88888888888889,23.14814814814815,62.96296296296296,47.22222222222222,15.74074074074074
E00070600,117,28,8,20,89,84,5,23.931623931623932,6.837606837606838,17.094017094017094,76.06837606837607,71.7948717948718,4.273504273504273
E00070601,140,46,9,37,94,86,8,32.857142857142854,6.428571428571428,26.42857142857143,67.14285714285714,61.42857142857143,5.714285714285714
E00070602,187,79,27,52,108,92,16,42.24598930481284,14.43850267379679,27.807486631016044,57.75401069518716,49.19786096256685,8.55614973262032
E00070603,199,55,14,41,144,123,21,27.63819095477387,7.035175879396985,20.603015075376884,72.36180904522614,61.80904522613066,10.552763819095476
E00070604,130,51,18,33,79,67,12,39.23076923076923,13.846153846153847,25.384615384615383,60.76923076923077,51.53846153846153,9.230769230769232
E00070605,110,37,9,28,73,65,8,33.63636363636363,8.181818181818182,25.454545454545453,66.36363636363637,59.09090909090909,7.2727272727272725
E00070606,159,51,18,33,108,91,17,32.075471698113205,11.320754716981133,20.754716981132077,67.9245283018868,57.23270440251572,10.69182389937107
E00070607,161,52,23,29,109,95,14,32.298136645962735,14.285714285714285,18.012422360248447,67.70186335403726,59.006211180124225,8.695652173913043
E00070608,129,43,15,28,86,67,19,33.33333333333333,11.627906976744185,21.705426356589147,66.66666666666666,51.93798449612403,14.728682170542637
E00070609,106,38,15,23,68,60,8,35.84905660377358,14.150943396226415,21.69811320754717,64.15094339622641,56.60377358490566,7.547169811320755
E00070610,97,38,10,28,59,52,7,39.175257731958766,10.309278350515463,28.865979381443296,60.824742268041234,53.608247422680414,7.216494845360824
E00070611,100,33,14,19,67,54,13,33,14.000000000000002,19,67,54,13
E00070612,112,40,16,24,72,53,19,35.714285714285715,14.285714285714285,21.428571428571427,64.28571428571429,47.32142857142857,16.964285714285715
E00070613,140,47,23,24,93,68,25,33.57142857142857,16.428571428571427,17.142857142857142,66.42857142857143,48.57142857142857,17.857142857142858
E00070614,226,63,19,44,163,140,23,27.876106194690266,8.4070796460177,19.469026548672566,72.12389380530973,61.94690265486725,10.176991150442479
E00070615,129,44,9,35,85,68,17,34.10852713178294,6.976744186046512,27.131782945736433,65.89147286821705,52.71317829457365,13.178294573643413
E00070616,121,35,14,21,86,62,24,28.92561983471074,11.570247933884298,17.355371900826448,71.07438016528926,51.2396694214876,19.834710743801654
E00070617,144,45,19,26,99,76,23,31.25,13.194444444444445,18.055555555555554,68.75,52.77777777777778,15.972222222222221
E00070618,108,33,8,25,75,59,16,30.555555555555557,7.4074074074074066,23.14814814814815,69.44444444444444,54.629629629629626,14.814814814814813
E00070619,110,32,13,19,78,58,20,29.09090909090909,11.818181818181818,17.272727272727273,70.9090909090909,52.72727272727272,18.181818181818183
E00070620,151,41,10,31,110,98,12,27.1523178807947,6.622516556291391,20.52980132450331,72.84768211920529,64.90066225165563,7.9470198675496695
E00070622,172,50,16,34,122,108,14,29.069767441860467,9.30232558139535,19.767441860465116,70.93023255813954,62.7906976744186,8.13953488372093
E00070623,209,71,25,46,138,115,23,33.97129186602871,11.961722488038278,22.00956937799043,66.02870813397129,55.02392344497608,11.004784688995215
E00070624,112,24,7,17,88,71,17,21.428571428571427,6.25,15.178571428571427,78.57142857142857,63.39285714285714,15.178571428571427
E00070625,143,45,10,35,98,76,22,31.46853146853147,6.993006993006993,24.475524475524477,68.53146853146853,53.14685314685315,15.384615384615385
E00070626,183,41,13,28,142,120,22,22.404371584699454,7.103825136612022,15.300546448087433,77.59562841530054,65.57377049180327,12.021857923497267
E00070627,139,36,11,25,103,87,16,25.899280575539567,7.913669064748201,17.985611510791365,74.10071942446042,62.589928057553955,11.510791366906476
E00070628,112,25,5,20,87,68,19,22.321428571428573,4.464285714285714,17.857142857142858,77.67857142857143,60.71428571428571,16.964285714285715
E00070629,140,37,12,25,103,90,13,26.42857142857143,8.571428571428571,17.857142857142858,73.57142857142858,64.28571428571429,9.285714285714286
E00070630,145,50,13,37,95,86,9,34.48275862068966,8.96551724137931,25.517241379310345,65.51724137931035,59.310344827586206,6.206896551724138
E00070631,228,66,14,52,162,144,18,28.947368421052634,6.140350877192982,22.807017543859647,71.05263157894737,63.1578947368421,7.894736842105263
E00070632,126,34,12,22,92,83,9,26.984126984126984,9.523809523809524,17.46031746031746,73.01587301587301,65.87301587301587,7.142857142857142
E00070633,158,50,19,31,108,95,13,31.645569620253166,12.025316455696203,19.62025316455696,68.35443037974683,60.12658227848101,8.227848101265822
E00070634,182,62,13,49,120,104,16,34.065934065934066,7.142857142857142,26.923076923076923,65.93406593406593,57.14285714285714,8.791208791208792
E00070635,160,58,23,35,102,84,18,36.25,14.374999999999998,21.875,63.74999999999999,52.5,11.25
E00070636,145,40,6,34,105,92,13,27.586206896551722,4.137931034482759,23.448275862068964,72.41379310344827,63.44827586206897,8.96551724137931
E00070637,121,43,12,31,78,65,13,35.53719008264463,9.917355371900827,25.6198347107438,64.46280991735537,53.71900826446281,10.743801652892563
E00070638,127,45,16,29,82,68,14,35.43307086614173,12.598425196850393,22.83464566929134,64.56692913385827,53.54330708661418,11.023622047244094
E00070639,62,25,12,13,37,35,2,40.32258064516129,19.35483870967742,20.967741935483872,59.67741935483871,56.451612903225815,3.225806451612903
E00070640,100,39,10,29,61,50,11,39,10,28.999999999999996,61,50,11
E00070641,207,58,14,44,149,130,19,28.019323671497588,6.763285024154589,21.256038647342994,71.98067632850241,62.80193236714976,9.178743961352657
E00070642,88,27,8,19,61,49,12,30.681818181818183,9.090909090909092,21.59090909090909,69.31818181818183,55.68181818181818,13.636363636363635
E00070643,95,31,6,25,64,57,7,32.631578947368425,6.315789473684211,26.31578947368421,67.36842105263158,60,7.368421052631578
E00070644,150,47,9,38,103,89,14,31.333333333333336,6,25.333333333333336,68.66666666666667,59.333333333333336,9.333333333333334
E00070645,174,60,12,48,114,102,12,34.48275862068966,6.896551724137931,27.586206896551722,65.51724137931035,58.620689655172406,6.896551724137931
E00070646,237,69,31,38,168,139,29,29.11392405063291,13.080168776371309,16.033755274261605,70.88607594936708,58.64978902953587,12.236286919831224
E00070647,122,39,11,28,83,76,7,31.967213114754102,9.01639344262295,22.950819672131146,68.0327868852459,62.295081967213115,5.737704918032787
E00070648,136,45,11,34,91,80,11,33.088235294117645,8.088235294117647,25,66.91176470588235,58.82352941176471,8.088235294117647
E00070649,146,54,16,38,92,81,11,36.986301369863014,10.95890410958904,26.027397260273972,63.013698630136986,55.47945205479452,7.534246575342466
E00070650,122,47,9,38,75,63,12,38.52459016393443,7.377049180327869,31.147540983606557,61.47540983606557,51.63934426229508,9.836065573770492
E00070651,145,48,7,41,97,85,12,33.10344827586207,4.827586206896552,28.27586206896552,66.89655172413794,58.620689655172406,8.275862068965518
E00070652,109,36,15,21,73,50,23,33.02752293577982,13.761467889908257,19.26605504587156,66.97247706422019,45.87155963302752,21.100917431192663
E00070653,128,44,17,27,84,67,17,34.375,13.28125,21.09375,65.625,52.34375,13.28125
E00070654,125,50,23,27,75,62,13,40,18.4,21.6,60,49.6,10.4
E00070656,74,23,9,14,51,30,21,31.08108108108108,12.162162162162163,18.91891891891892,68.91891891891892,40.54054054054054,28.37837837837838
E00070657,149,55,15,40,94,77,17,36.91275167785235,10.06711409395973,26.845637583892618,63.08724832214765,51.67785234899329,11.409395973154362
E00070658,106,45,20,25,61,48,13,42.45283018867924,18.867924528301888,23.58490566037736,57.54716981132076,45.28301886792453,12.264150943396226
E00070659,119,45,18,27,74,52,22,37.81512605042017,15.126050420168067,22.689075630252102,62.18487394957983,43.69747899159664,18.487394957983195
E00070660,125,51,22,29,74,53,21,40.8,17.599999999999998,23.200000000000003,59.199999999999996,42.4,16.8
E00070661,48,16,2,14,32,26,6,33.33333333333333,4.166666666666666,29.166666666666668,66.66666666666666,54.166666666666664,12.5
E00070663,74,20,12,8,54,43,11,27.027027027027028,16.216216216216218,10.81081081081081,72.97297297297297,58.108108108108105,14.864864864864865
E00070664,226,80,32,48,146,110,36,35.39823008849557,14.15929203539823,21.238938053097346,64.60176991150442,48.67256637168141,15.929203539823009
E00070665,110,47,19,28,63,52,11,42.72727272727273,17.272727272727273,25.454545454545453,57.27272727272727,47.27272727272727,10
E00070666,91,31,6,25,60,36,24,34.065934065934066,6.593406593406594,27.472527472527474,65.93406593406593,39.56043956043956,26.373626373626376
E00070667,90,38,16,22,52,35,17,42.22222222222222,17.77777777777778,24.444444444444443,57.77777777777777,38.88888888888889,18.88888888888889
E00070668,100,27,10,17,73,45,28,27,10,17,73,45,28.000000000000004
E00070669,238,77,29,48,161,113,48,32.35294117647059,12.184873949579831,20.168067226890756,67.64705882352942,47.47899159663865,20.168067226890756
E00070670,55,28,12,16,27,19,8,50.90909090909091,21.818181818181817,29.09090909090909,49.09090909090909,34.54545454545455,14.545454545454545
E00070671,173,48,20,28,125,87,38,27.74566473988439,11.560693641618498,16.184971098265898,72.25433526011561,50.28901734104046,21.965317919075144
E00070673,112,35,13,22,77,57,20,31.25,11.607142857142858,19.642857142857142,68.75,50.89285714285714,17.857142857142858
E00070674,153,32,7,25,121,104,17,20.915032679738562,4.57516339869281,16.33986928104575,79.08496732026144,67.97385620915033,11.11111111111111
E00070675,142,48,12,36,94,78,16,33.80281690140845,8.450704225352112,25.352112676056336,66.19718309859155,54.929577464788736,11.267605633802818
E00070676,105,38,15,23,67,51,16,36.19047619047619,14.285714285714285,21.904761904761905,63.8095238095238,48.57142857142857,15.238095238095239
E00070678,74,15,6,9,59,40,19,20.27027027027027,8.108108108108109,12.162162162162163,79.72972972972973,54.054054054054056,25.675675675675674
E00070680,80,30,5,25,50,33,17,37.5,6.25,31.25,62.5,41.25,21.25
E00070681,85,33,10,23,52,47,5,38.82352941176471,11.76470588235294,27.058823529411764,61.1764705882353,55.294117647058826,5.88235294117647
E00070682,84,29,10,19,55,46,9,34.523809523809526,11.904761904761903,22.61904761904762,65.47619047619048,54.761904761904766,10.714285714285714
E00070684,156,47,15,32,109,91,18,30.128205128205128,9.615384615384617,20.51282051282051,69.87179487179486,58.333333333333336,11.538461538461538
E00070685,82,21,9,12,61,54,7,25.609756097560975,10.975609756097562,14.634146341463413,74.39024390243902,65.85365853658537,8.536585365853659
E00070686,113,23,11,12,90,73,17,20.353982300884958,9.734513274336283,10.619469026548673,79.64601769911505,64.60176991150442,15.04424778761062
E00070687,143,50,16,34,93,78,15,34.96503496503497,11.188811188811188,23.776223776223777,65.03496503496503,54.54545454545454,10.48951048951049
E00070688,125,35,8,27,90,68,22,28.000000000000004,6.4,21.6,72,54.400000000000006,17.599999999999998
E00070689,127,37,10,27,90,72,18,29.133858267716533,7.874015748031496,21.25984251968504,70.86614173228347,56.69291338582677,14.173228346456693
E00070691,210,64,22,42,146,114,32,30.476190476190478,10.476190476190476,20,69.52380952380952,54.285714285714285,15.238095238095239
E00070692,55,19,7,12,36,29,7,34.54545454545455,12.727272727272727,21.818181818181817,65.45454545454545,52.72727272727272,12.727272727272727
E00070693,153,45,17,28,108,79,29,29.411764705882355,11.11111111111111,18.30065359477124,70.58823529411765,51.633986928104584,18.954248366013072
E00070694,141,46,14,32,95,68,27,32.62411347517731,9.929078014184398,22.69503546099291,67.37588652482269,48.226950354609926,19.148936170212767
E00070695,200,65,20,45,135,89,46,32.5,10,22.5,67.5,44.5,23
E00070696,118,34,11,23,84,60,24,28.8135593220339,9.322033898305085,19.491525423728813,71.1864406779661,50.847457627118644,20.33898305084746
E00070697,59,14,2,12,45,33,12,23.728813559322035,3.389830508474576,20.33898305084746,76.27118644067797,55.932203389830505,20.33898305084746
E00070698,107,40,14,26,67,53,14,37.38317757009346,13.084112149532709,24.299065420560748,62.616822429906534,49.532710280373834,13.084112149532709
E00070699,237,89,28,61,148,117,31,37.552742616033754,11.814345991561181,25.738396624472575,62.447257383966246,49.36708860759494,13.080168776371309
E00070700,162,48,20,28,114,78,36,29.629629629629626,12.345679012345679,17.28395061728395,70.37037037037037,48.148148148148145,22.22222222222222
E00070701,151,47,16,31,104,76,28,31.125827814569533,10.596026490066226,20.52980132450331,68.87417218543047,50.331125827814574,18.543046357615893
E00070702,131,41,14,27,90,73,17,31.297709923664126,10.687022900763358,20.610687022900763,68.70229007633588,55.72519083969466,12.977099236641221
E00070703,227,76,34,42,151,123,28,33.480176211453745,14.977973568281937,18.502202643171806,66.51982378854625,54.18502202643172,12.334801762114537
E00070706,177,60,20,40,117,87,30,33.89830508474576,11.299435028248588,22.598870056497177,66.10169491525424,49.152542372881356,16.94915254237288
E00070707,119,44,11,33,75,53,22,36.97478991596639,9.243697478991598,27.73109243697479,63.02521008403361,44.537815126050425,18.487394957983195
E00070708,129,43,26,17,86,60,26,33.33333333333333,20.155038759689923,13.178294573643413,66.66666666666666,46.51162790697674,20.155038759689923
E00070711,113,39,17,22,74,52,22,34.51327433628318,15.04424778761062,19.469026548672566,65.48672566371681,46.017699115044245,19.469026548672566
E00070715,122,44,15,29,78,55,23,36.0655737704918,12.295081967213115,23.770491803278688,63.934426229508205,45.08196721311475,18.852459016393443
E00070716,121,41,10,31,80,59,21,33.88429752066116,8.264462809917356,25.6198347107438,66.11570247933885,48.760330578512395,17.355371900826448
E00070717,107,37,16,21,70,57,13,34.57943925233645,14.953271028037381,19.626168224299064,65.42056074766354,53.271028037383175,12.149532710280374
E00070718,46,17,8,9,29,21,8,36.95652173913043,17.391304347826086,19.565217391304348,63.04347826086957,45.65217391304348,17.391304347826086
E00070719,131,50,24,26,81,53,28,38.16793893129771,18.3206106870229,19.84732824427481,61.832061068702295,40.458015267175576,21.374045801526716
E00070720,100,33,10,23,67,50,17,33,10,23,67,50,17
E00070721,131,22,9,13,109,91,18,16.793893129770993,6.870229007633588,9.923664122137405,83.20610687022901,69.46564885496184,13.740458015267176
E00070722,162,58,20,38,104,91,13,35.80246913580247,12.345679012345679,23.456790123456788,64.19753086419753,56.17283950617284,8.024691358024691
E00070723,145,52,14,38,93,73,20,35.86206896551724,9.655172413793103,26.20689655172414,64.13793103448275,50.3448275862069,13.793103448275861
E00070724,237,51,18,33,186,158,28,21.518987341772153,7.59493670886076,13.924050632911392,78.48101265822784,66.66666666666666,11.814345991561181
E00070726,173,54,16,38,119,103,16,31.213872832369944,9.248554913294797,21.965317919075144,68.78612716763006,59.53757225433526,9.248554913294797
E00070727,191,57,19,38,134,114,20,29.84293193717277,9.947643979057592,19.895287958115183,70.15706806282722,59.68586387434554,10.471204188481675
E00070728,160,52,18,34,108,96,12,32.5,11.25,21.25,67.5,60,7.5
E00070729,156,46,20,26,110,94,16,29.48717948717949,12.82051282051282,16.666666666666664,70.51282051282051,60.256410256410255,10.256410256410255
E00070730,79,22,9,13,57,42,15,27.848101265822784,11.39240506329114,16.455696202531644,72.15189873417721,53.16455696202531,18.9873417721519
E00070731,237,75,37,38,162,118,44,31.645569620253166,15.611814345991561,16.033755274261605,68.35443037974683,49.789029535864984,18.565400843881857
E00070732,73,22,5,17,51,31,20,30.136986301369863,6.8493150684931505,23.28767123287671,69.86301369863014,42.465753424657535,27.397260273972602
E00070733,137,45,9,36,92,71,21,32.846715328467155,6.569343065693431,26.277372262773724,67.15328467153284,51.82481751824818,15.328467153284672
E00070735,155,48,10,38,107,86,21,30.967741935483872,6.451612903225806,24.516129032258064,69.03225806451613,55.483870967741936,13.548387096774196
E00070736,134,45,13,32,89,76,13,33.582089552238806,9.701492537313433,23.88059701492537,66.4179104477612,56.71641791044776,9.701492537313433
E00070737,165,61,20,41,104,91,13,36.96969696969697,12.121212121212121,24.848484848484848,63.030303030303024,55.15151515151515,7.878787878787878
E00070738,109,34,10,24,75,62,13,31.19266055045872,9.174311926605505,22.018348623853214,68.80733944954129,56.88073394495413,11.926605504587156
E00070739,98,27,7,20,71,57,14,27.55102040816326,7.142857142857142,20.408163265306122,72.44897959183673,58.16326530612245,14.285714285714285
E00070740,116,41,11,30,75,57,18,35.3448275862069,9.482758620689655,25.862068965517242,64.65517241379311,49.137931034482754,15.517241379310345
E00070741,115,39,14,25,76,54,22,33.91304347826087,12.173913043478262,21.73913043478261,66.08695652173913,46.95652173913044,19.130434782608695
E00070742,112,34,5,29,78,57,21,30.357142857142854,4.464285714285714,25.892857142857146,69.64285714285714,50.89285714285714,18.75
E00070743,81,19,6,13,62,50,12,23.456790123456788,7.4074074074074066,16.049382716049383,76.5432098765432,61.72839506172839,14.814814814814813
E00070744,177,43,17,26,134,92,42,24.293785310734464,9.6045197740113,14.689265536723164,75.70621468926554,51.9774011299435,23.728813559322035
E00070745,110,40,12,28,70,56,14,36.36363636363637,10.909090909090908,25.454545454545453,63.63636363636363,50.90909090909091,12.727272727272727
E00070746,104,34,16,18,70,52,18,32.69230769230769,15.384615384615385,17.307692307692307,67.3076923076923,50,17.307692307692307
E00070747,166,54,11,43,112,80,32,32.53012048192771,6.626506024096386,25.903614457831324,67.46987951807229,48.19277108433735,19.27710843373494
E00070748,64,26,9,17,38,29,9,40.625,14.0625,26.5625,59.375,45.3125,14.0625
E00070749,240,80,27,53,160,112,48,33.33333333333333,11.25,22.083333333333332,66.66666666666666,46.666666666666664,20
E00070750,155,49,21,28,106,73,33,31.61290322580645,13.548387096774196,18.064516129032256,68.38709677419355,47.096774193548384,21.29032258064516
E00070751,124,45,15,30,79,56,23,36.29032258064516,12.096774193548388,24.193548387096776,63.70967741935484,45.16129032258064,18.548387096774192
E00070752,57,18,5,13,39,28,11,31.57894736842105,8.771929824561402,22.807017543859647,68.42105263157895,49.122807017543856,19.298245614035086
E00070753,73,17,5,12,56,39,17,23.28767123287671,6.8493150684931505,16.43835616438356,76.71232876712328,53.42465753424658,23.28767123287671
E00070754,173,49,18,31,124,85,39,28.32369942196532,10.404624277456648,17.91907514450867,71.67630057803468,49.13294797687861,22.54335260115607
E00070755,164,52,18,34,112,85,27,31.70731707317073,10.975609756097562,20.73170731707317,68.29268292682927,51.829268292682926,16.463414634146343
E00070756,116,44,13,31,72,47,25,37.93103448275862,11.206896551724139,26.72413793103448,62.06896551724138,40.51724137931034,21.551724137931032
E00070757,78,28,6,22,50,42,8,35.8974358974359,7.6923076923076925,28.205128205128204,64.1025641025641,53.84615384615385,10.256410256410255
E00070758,140,40,15,25,100,67,33,28.57142857142857,10.714285714285714,17.857142857142858,71.42857142857143,47.85714285714286,23.57142857142857
E00070759,104,38,16,22,66,51,15,36.53846153846153,15.384615384615385,21.153846153846153,63.46153846153846,49.03846153846153,14.423076923076922
E00070760,111,35,16,19,76,49,27,31.53153153153153,14.414414414414415,17.117117117117118,68.46846846846847,44.14414414414414,24.324324324324326
E00070761,100,37,20,17,63,44,19,37,20,17,63,44,19
E00070762,123,48,24,24,75,68,7,39.02439024390244,19.51219512195122,19.51219512195122,60.97560975609756,55.28455284552846,5.691056910569105
E00070763,109,34,10,24,75,65,10,31.19266055045872,9.174311926605505,22.018348623853214,68.80733944954129,59.63302752293578,9.174311926605505
E00070764,76,35,4,31,41,32,9,46.05263157894737,5.263157894736842,40.78947368421053,53.94736842105263,42.10526315789473,11.842105263157894
E00070765,66,23,11,12,43,30,13,34.84848484848485,16.666666666666664,18.181818181818183,65.15151515151516,45.45454545454545,19.696969696969695
E00070766,111,35,7,28,76,56,20,31.53153153153153,6.306306306306306,25.225225225225223,68.46846846846847,50.45045045045045,18.01801801801802
E00070767,80,25,11,14,55,36,19,31.25,13.750000000000002,17.5,68.75,45,23.75
E00070768,96,37,18,19,59,39,20,38.54166666666667,18.75,19.791666666666664,61.458333333333336,40.625,20.833333333333336
E00070769,114,31,13,18,83,58,25,27.192982456140353,11.403508771929824,15.789473684210526,72.80701754385966,50.877192982456144,21.929824561403507
E00070770,145,53,27,26,92,60,32,36.55172413793103,18.620689655172416,17.93103448275862,63.44827586206897,41.37931034482759,22.06896551724138
E00070771,167,66,29,37,101,79,22,39.52095808383233,17.365269461077844,22.15568862275449,60.47904191616767,47.30538922155689,13.17365269461078
E00070772,197,66,22,44,131,87,44,33.50253807106599,11.16751269035533,22.33502538071066,66.49746192893402,44.16243654822335,22.33502538071066
E00070773,41,21,8,13,20,9,11,51.21951219512195,19.51219512195122,31.70731707317073,48.78048780487805,21.951219512195124,26.82926829268293
E00070774,162,59,14,45,103,69,34,36.41975308641975,8.641975308641975,27.77777777777778,63.580246913580254,42.592592592592595,20.98765432098765
E00070775,136,64,19,45,72,55,17,47.05882352941176,13.970588235294118,33.088235294117645,52.94117647058824,40.44117647058824,12.5
E00070776,133,45,12,33,88,66,22,33.83458646616541,9.022556390977442,24.81203007518797,66.16541353383458,49.62406015037594,16.541353383458645
E00070777,107,35,14,21,72,53,19,32.71028037383177,13.084112149532709,19.626168224299064,67.28971962616822,49.532710280373834,17.75700934579439
E00070778,184,73,24,49,111,69,42,39.67391304347826,13.043478260869565,26.6304347826087,60.32608695652174,37.5,22.82608695652174
E00070780,88,36,10,26,52,44,8,40.909090909090914,11.363636363636363,29.545454545454547,59.09090909090909,50,9.090909090909092
E00070781,147,47,9,38,100,78,22,31.97278911564626,6.122448979591836,25.850340136054424,68.02721088435374,53.06122448979592,14.965986394557824
E00070782,135,52,17,35,83,64,19,38.51851851851852,12.592592592592592,25.925925925925924,61.48148148148148,47.40740740740741,14.074074074074074
E00070784,164,62,24,38,102,70,32,37.80487804878049,14.634146341463413,23.170731707317074,62.19512195121951,42.68292682926829,19.51219512195122
E00070785,169,63,32,31,106,67,39,37.278106508875744,18.93491124260355,18.34319526627219,62.721893491124256,39.64497041420118,23.076923076923077
E00070786,89,31,11,20,58,37,21,34.831460674157306,12.359550561797752,22.47191011235955,65.1685393258427,41.57303370786517,23.595505617977526
E00070787,69,31,18,13,38,27,11,44.927536231884055,26.08695652173913,18.84057971014493,55.072463768115945,39.130434782608695,15.942028985507244
E00070788,82,19,11,8,63,31,32,23.170731707317074,13.414634146341465,9.75609756097561,76.82926829268293,37.80487804878049,39.02439024390244
E00070789,69,23,7,16,46,29,17,33.33333333333333,10.144927536231885,23.18840579710145,66.66666666666666,42.028985507246375,24.637681159420293
E00070790,95,35,16,19,60,34,26,36.84210526315789,16.842105263157894,20,63.1578947368421,35.78947368421053,27.368421052631582
E00070791,282,81,21,60,201,160,41,28.723404255319153,7.446808510638298,21.27659574468085,71.27659574468085,56.73758865248227,14.539007092198581
E00070792,267,76,30,46,191,152,39,28.46441947565543,11.235955056179774,17.228464419475657,71.53558052434457,56.92883895131086,14.606741573033707
E00070793,165,62,24,38,103,77,26,37.57575757575757,14.545454545454545,23.03030303030303,62.42424242424243,46.666666666666664,15.757575757575756
E00070794,74,26,12,14,48,32,16,35.13513513513514,16.216216216216218,18.91891891891892,64.86486486486487,43.24324324324324,21.62162162162162
E00070795,65,24,6,18,41,33,8,36.92307692307693,9.230769230769232,27.692307692307693,63.07692307692307,50.76923076923077,12.307692307692308
E00070796,179,62,21,41,117,102,15,34.63687150837989,11.731843575418994,22.905027932960895,65.36312849162012,56.98324022346368,8.379888268156424
E00070797,175,61,20,41,114,91,23,34.85714285714286,11.428571428571429,23.42857142857143,65.14285714285715,52,13.142857142857142
E00070798,103,36,14,22,67,38,29,34.95145631067961,13.592233009708737,21.35922330097087,65.0485436893204,36.89320388349515,28.155339805825243
E00070799,264,82,32,50,182,152,30,31.060606060606062,12.121212121212121,18.939393939393938,68.93939393939394,57.57575757575758,11.363636363636363
E00070800,235,71,19,52,164,142,22,30.21276595744681,8.085106382978724,22.127659574468083,69.7872340425532,60.42553191489362,9.361702127659575
E00070801,215,61,23,38,154,114,40,28.37209302325581,10.69767441860465,17.674418604651162,71.62790697674419,53.02325581395348,18.6046511627907
E00070802,196,66,23,43,130,109,21,33.6734693877551,11.73469387755102,21.93877551020408,66.3265306122449,55.61224489795919,10.714285714285714
E00070803,216,68,27,41,148,111,37,31.48148148148148,12.5,18.98148148148148,68.51851851851852,51.388888888888886,17.12962962962963
E00070804,128,42,21,21,86,56,30,32.8125,16.40625,16.40625,67.1875,43.75,23.4375
E00070805,47,23,8,15,24,21,3,48.93617021276596,17.02127659574468,31.914893617021278,51.06382978723404,44.680851063829785,6.382978723404255
E00070806,98,31,10,21,67,49,18,31.63265306122449,10.204081632653061,21.428571428571427,68.36734693877551,50,18.367346938775512
E00070807,119,33,16,17,86,58,28,27.73109243697479,13.445378151260504,14.285714285714285,72.26890756302521,48.739495798319325,23.52941176470588
E00070808,174,64,27,37,110,79,31,36.7816091954023,15.517241379310345,21.26436781609195,63.2183908045977,45.40229885057471,17.81609195402299
E00070809,113,41,18,23,72,51,21,36.283185840707965,15.929203539823009,20.353982300884958,63.716814159292035,45.13274336283185,18.58407079646018
E00070810,158,50,19,31,108,73,35,31.645569620253166,12.025316455696203,19.62025316455696,68.35443037974683,46.20253164556962,22.151898734177212
E00070811,144,42,11,31,102,76,26,29.166666666666668,7.638888888888889,21.52777777777778,70.83333333333334,52.77777777777778,18.055555555555554
E00070812,90,25,9,16,65,47,18,27.77777777777778,10,17.77777777777778,72.22222222222221,52.22222222222223,20
E00070813,104,39,18,21,65,43,22,37.5,17.307692307692307,20.192307692307693,62.5,41.34615384615385,21.153846153846153
E00070814,132,54,20,34,78,51,27,40.909090909090914,15.151515151515152,25.757575757575758,59.09090909090909,38.63636363636363,20.454545454545457
E00070815,129,31,11,20,98,80,18,24.031007751937985,8.527131782945736,15.503875968992247,75.96899224806202,62.01550387596899,13.953488372093023
E00070816,93,28,14,14,65,47,18,30.107526881720432,15.053763440860216,15.053763440860216,69.89247311827957,50.53763440860215,19.35483870967742
E00070817,227,86,33,53,141,96,45,37.88546255506608,14.537444933920703,23.348017621145374,62.11453744493392,42.290748898678416,19.823788546255507
E00070818,212,79,25,54,133,98,35,37.264150943396224,11.79245283018868,25.471698113207548,62.735849056603776,46.22641509433962,16.50943396226415
E00070819,105,38,11,27,67,53,14,36.19047619047619,10.476190476190476,25.71428571428571,63.8095238095238,50.476190476190474,13.333333333333334
E00070820,110,38,12,26,72,56,16,34.54545454545455,10.909090909090908,23.636363636363637,65.45454545454545,50.90909090909091,14.545454545454545
E00070821,136,52,25,27,84,64,20,38.23529411764706,18.38235294117647,19.852941176470587,61.76470588235294,47.05882352941176,14.705882352941178
E00070822,130,42,12,30,88,58,30,32.30769230769231,9.230769230769232,23.076923076923077,67.6923076923077,44.61538461538462,23.076923076923077
E00070823,114,47,17,30,67,51,16,41.228070175438596,14.912280701754385,26.31578947368421,58.77192982456141,44.73684210526316,14.035087719298245
E00070824,152,62,21,41,90,65,25,40.78947368421053,13.815789473684212,26.973684210526315,59.210526315789465,42.76315789473684,16.447368421052634
E00070825,89,30,11,19,59,53,6,33.70786516853933,12.359550561797752,21.34831460674157,66.29213483146067,59.55056179775281,6.741573033707865
E00070826,98,33,15,18,65,47,18,33.6734693877551,15.306122448979592,18.367346938775512,66.3265306122449,47.95918367346938,18.367346938775512
E00070827,131,49,30,19,82,65,17,37.404580152671755,22.900763358778626,14.50381679389313,62.59541984732825,49.61832061068702,12.977099236641221
E00070828,85,34,16,18,51,40,11,40,18.823529411764707,21.176470588235293,60,47.05882352941176,12.941176470588237
E00070829,149,54,22,32,95,74,21,36.241610738255034,14.76510067114094,21.476510067114095,63.758389261744966,49.664429530201346,14.093959731543624
E00070830,120,42,14,28,78,59,19,35,11.666666666666666,23.333333333333332,65,49.166666666666664,15.833333333333332
E00070831,162,57,19,38,105,86,19,35.18518518518518,11.728395061728394,23.456790123456788,64.81481481481481,53.086419753086425,11.728395061728394
E00070832,169,61,21,40,108,84,24,36.09467455621302,12.42603550295858,23.668639053254438,63.905325443786985,49.70414201183432,14.201183431952662
E00070833,119,42,17,25,77,62,15,35.294117647058826,14.285714285714285,21.008403361344538,64.70588235294117,52.10084033613446,12.605042016806722
E00070834,180,67,27,40,113,86,27,37.22222222222222,15,22.22222222222222,62.77777777777778,47.77777777777778,15
E00070835,131,50,22,28,81,58,23,38.16793893129771,16.793893129770993,21.374045801526716,61.832061068702295,44.274809160305345,17.557251908396946
E00070836,168,43,18,25,125,66,59,25.595238095238095,10.714285714285714,14.880952380952381,74.40476190476191,39.285714285714285,35.11904761904761
E00070837,90,31,12,19,59,50,9,34.44444444444444,13.333333333333334,21.11111111111111,65.55555555555556,55.55555555555556,10
E00070838,183,38,18,20,145,126,19,20.76502732240437,9.836065573770492,10.92896174863388,79.23497267759562,68.85245901639344,10.382513661202186
E00070841,59,20,6,14,39,32,7,33.89830508474576,10.16949152542373,23.728813559322035,66.10169491525424,54.23728813559322,11.864406779661017
E00070842,178,71,38,33,107,73,34,39.8876404494382,21.34831460674157,18.53932584269663,60.1123595505618,41.01123595505618,19.101123595505616
E00070843,152,62,27,35,90,71,19,40.78947368421053,17.763157894736842,23.026315789473685,59.210526315789465,46.71052631578947,12.5
E00070844,127,39,10,29,88,77,11,30.708661417322837,7.874015748031496,22.83464566929134,69.29133858267717,60.629921259842526,8.661417322834646
E00070845,196,70,33,37,126,90,36,35.714285714285715,16.83673469387755,18.877551020408163,64.28571428571429,45.91836734693878,18.367346938775512
E00070846,146,53,18,35,93,62,31,36.3013698630137,12.32876712328767,23.972602739726025,63.6986301369863,42.465753424657535,21.232876712328768
E00070847,191,70,29,41,121,93,28,36.64921465968586,15.18324607329843,21.465968586387437,63.35078534031413,48.69109947643979,14.659685863874344
E00070848,136,33,14,19,103,83,20,24.264705882352942,10.294117647058822,13.970588235294118,75.73529411764706,61.029411764705884,14.705882352941178
E00070849,63,22,5,17,41,30,11,34.92063492063492,7.936507936507936,26.984126984126984,65.07936507936508,47.61904761904761,17.46031746031746
E00070850,124,40,15,25,84,61,23,32.25806451612903,12.096774193548388,20.161290322580644,67.74193548387096,49.193548387096776,18.548387096774192
E00070851,132,41,21,20,91,67,24,31.060606060606062,15.909090909090908,15.151515151515152,68.93939393939394,50.75757575757576,18.181818181818183
E00070852,115,35,10,25,80,59,21,30.434782608695656,8.695652173913043,21.73913043478261,69.56521739130434,51.30434782608696,18.26086956521739
E00070853,195,63,21,42,132,108,24,32.30769230769231,10.76923076923077,21.53846153846154,67.6923076923077,55.38461538461539,12.307692307692308
E00070854,101,44,14,30,57,40,17,43.56435643564357,13.861386138613863,29.7029702970297,56.43564356435643,39.603960396039604,16.831683168316832
E00070855,92,30,12,18,62,46,16,32.608695652173914,13.043478260869565,19.565217391304348,67.3913043478261,50,17.391304347826086
E00070856,129,36,17,19,93,70,23,27.906976744186046,13.178294573643413,14.728682170542637,72.09302325581395,54.263565891472865,17.829457364341085
E00070857,187,61,18,43,126,96,30,32.62032085561498,9.62566844919786,22.994652406417114,67.37967914438502,51.33689839572193,16.042780748663102
E00070858,114,29,6,23,85,71,14,25.438596491228072,5.263157894736842,20.175438596491226,74.56140350877193,62.28070175438597,12.280701754385964
E00070859,149,53,21,32,96,49,47,35.57046979865772,14.093959731543624,21.476510067114095,64.42953020134227,32.88590604026846,31.543624161073826
E00070860,131,36,12,24,95,62,33,27.480916030534353,9.16030534351145,18.3206106870229,72.51908396946564,47.32824427480916,25.190839694656486
E00070861,181,57,23,34,124,86,38,31.491712707182316,12.70718232044199,18.784530386740332,68.50828729281768,47.51381215469613,20.994475138121548
E00070862,116,35,9,26,81,70,11,30.17241379310345,7.758620689655173,22.413793103448278,69.82758620689656,60.3448275862069,9.482758620689655
E00070863,216,56,17,39,160,136,24,25.925925925925924,7.87037037037037,18.055555555555554,74.07407407407408,62.96296296296296,11.11111111111111
E00070865,113,47,8,39,66,60,6,41.5929203539823,7.079646017699115,34.51327433628318,58.4070796460177,53.09734513274337,5.3097345132743365
E00070866,166,57,25,32,109,90,19,34.33734939759036,15.060240963855422,19.27710843373494,65.66265060240963,54.21686746987952,11.44578313253012
E00070867,145,49,17,32,96,84,12,33.793103448275865,11.724137931034482,22.06896551724138,66.20689655172414,57.931034482758626,8.275862068965518
E00070868,127,27,12,15,100,89,11,21.25984251968504,9.448818897637794,11.811023622047244,78.74015748031496,70.07874015748031,8.661417322834646
E00070869,68,22,9,13,46,38,8,32.35294117647059,13.23529411764706,19.11764705882353,67.64705882352942,55.88235294117647,11.76470588235294
E00070870,138,50,13,37,88,77,11,36.231884057971016,9.420289855072465,26.811594202898554,63.76811594202898,55.79710144927537,7.971014492753622
E00070871,132,46,13,33,86,74,12,34.84848484848485,9.848484848484848,25,65.15151515151516,56.060606060606055,9.090909090909092
E00070872,315,94,35,59,221,170,51,29.841269841269842,11.11111111111111,18.73015873015873,70.15873015873015,53.96825396825397,16.19047619047619
E00070873,107,33,9,24,74,59,15,30.8411214953271,8.411214953271028,22.429906542056074,69.1588785046729,55.140186915887845,14.018691588785046
E00070874,74,31,9,22,43,35,8,41.891891891891895,12.162162162162163,29.72972972972973,58.108108108108105,47.2972972972973,10.81081081081081
E00070875,64,17,7,10,47,35,12,26.5625,10.9375,15.625,73.4375,54.6875,18.75
E00070876,101,29,8,21,72,60,12,28.71287128712871,7.920792079207921,20.792079207920793,71.28712871287128,59.4059405940594,11.881188118811881
E00070877,94,28,12,16,66,54,12,29.78723404255319,12.76595744680851,17.02127659574468,70.2127659574468,57.446808510638306,12.76595744680851
E00070878,118,40,7,33,78,67,11,33.89830508474576,5.932203389830509,27.966101694915253,66.10169491525424,56.779661016949156,9.322033898305085
E00070879,98,48,21,27,50,45,5,48.97959183673469,21.428571428571427,27.55102040816326,51.02040816326531,45.91836734693878,5.1020408163265305
E00070880,116,45,17,28,71,58,13,38.793103448275865,14.655172413793101,24.137931034482758,61.206896551724135,50,11.206896551724139
E00070881,120,33,11,22,87,78,9,27.500000000000004,9.166666666666666,18.333333333333332,72.5,65,7.5
E00070882,141,42,9,33,99,89,10,29.78723404255319,6.382978723404255,23.404255319148938,70.2127659574468,63.12056737588653,7.092198581560284
E00070883,130,38,10,28,92,77,15,29.230769230769234,7.6923076923076925,21.53846153846154,70.76923076923077,59.23076923076923,11.538461538461538
E00070884,93,43,14,29,50,40,10,46.236559139784944,15.053763440860216,31.182795698924732,53.76344086021505,43.01075268817204,10.75268817204301
E00070885,123,39,16,23,84,74,10,31.70731707317073,13.008130081300814,18.69918699186992,68.29268292682927,60.16260162601627,8.130081300813007
E00070886,144,41,18,23,103,81,22,28.47222222222222,12.5,15.972222222222221,71.52777777777779,56.25,15.277777777777779
E00070887,135,48,11,37,87,76,11,35.55555555555556,8.148148148148149,27.40740740740741,64.44444444444444,56.2962962962963,8.148148148148149
E00070888,107,31,12,19,76,63,13,28.971962616822427,11.214953271028037,17.75700934579439,71.02803738317756,58.87850467289719,12.149532710280374
E00070889,78,21,8,13,57,40,17,26.923076923076923,10.256410256410255,16.666666666666664,73.07692307692307,51.28205128205128,21.794871794871796
E00070890,167,56,29,27,111,80,31,33.532934131736525,17.365269461077844,16.16766467065868,66.46706586826348,47.90419161676647,18.562874251497004
E00070891,118,37,9,28,81,62,19,31.35593220338983,7.627118644067797,23.728813559322035,68.64406779661016,52.54237288135594,16.101694915254235
E00070892,124,34,15,19,90,74,16,27.419354838709676,12.096774193548388,15.32258064516129,72.58064516129032,59.67741935483871,12.903225806451612
E00070893,85,37,12,25,48,46,2,43.529411764705884,14.117647058823529,29.411764705882355,56.470588235294116,54.11764705882353,2.3529411764705883
E00070894,115,37,9,28,78,71,7,32.17391304347826,7.82608695652174,24.347826086956523,67.82608695652173,61.73913043478261,6.086956521739131
E00070895,141,42,9,33,99,90,9,29.78723404255319,6.382978723404255,23.404255319148938,70.2127659574468,63.829787234042556,6.382978723404255
E00070896,198,71,22,49,127,111,16,35.858585858585855,11.11111111111111,24.747474747474747,64.14141414141415,56.060606060606055,8.080808080808081
E00070897,133,46,6,40,87,75,12,34.58646616541353,4.511278195488721,30.075187969924812,65.41353383458647,56.390977443609025,9.022556390977442
E00070898,77,29,10,19,48,43,5,37.66233766233766,12.987012987012985,24.675324675324674,62.33766233766234,55.84415584415584,6.493506493506493
E00070899,186,61,18,43,125,106,19,32.795698924731184,9.67741935483871,23.118279569892472,67.20430107526882,56.98924731182796,10.21505376344086
E00070900,101,34,11,23,67,58,9,33.663366336633665,10.891089108910892,22.772277227722775,66.33663366336634,57.42574257425742,8.91089108910891
E00070901,85,24,4,20,61,51,10,28.235294117647058,4.705882352941177,23.52941176470588,71.76470588235294,60,11.76470588235294
E00070902,105,33,8,25,72,58,14,31.428571428571427,7.6190476190476195,23.809523809523807,68.57142857142857,55.23809523809524,13.333333333333334
E00070903,114,35,9,26,79,63,16,30.701754385964914,7.894736842105263,22.807017543859647,69.2982456140351,55.26315789473685,14.035087719298245
E00070904,116,38,11,27,78,62,16,32.758620689655174,9.482758620689655,23.275862068965516,67.24137931034483,53.44827586206896,13.793103448275861
E00070905,70,28,11,17,42,37,5,40,15.714285714285714,24.285714285714285,60,52.85714285714286,7.142857142857142
E00070906,108,39,15,24,69,57,12,36.11111111111111,13.88888888888889,22.22222222222222,63.888888888888886,52.77777777777778,11.11111111111111
E00070907,194,65,20,45,129,104,25,33.50515463917525,10.309278350515463,23.195876288659793,66.49484536082474,53.608247422680414,12.886597938144329
E00070908,69,31,15,16,38,34,4,44.927536231884055,21.73913043478261,23.18840579710145,55.072463768115945,49.275362318840585,5.797101449275362
E00070909,141,49,13,36,92,71,21,34.751773049645394,9.219858156028367,25.53191489361702,65.24822695035462,50.35460992907801,14.893617021276595
E00070910,140,52,22,30,88,75,13,37.142857142857146,15.714285714285714,21.428571428571427,62.857142857142854,53.57142857142857,9.285714285714286
E00070911,115,34,14,20,81,66,15,29.565217391304348,12.173913043478262,17.391304347826086,70.43478260869566,57.391304347826086,13.043478260869565
E00070912,174,61,17,44,113,99,14,35.05747126436782,9.770114942528735,25.287356321839084,64.9425287356322,56.896551724137936,8.045977011494253
E00070913,97,42,16,26,55,43,12,43.29896907216495,16.49484536082474,26.804123711340207,56.70103092783505,44.329896907216494,12.371134020618557
E00070914,125,36,12,24,89,79,10,28.799999999999997,9.6,19.2,71.2,63.2,8
E00070916,109,32,9,23,77,65,12,29.357798165137616,8.256880733944955,21.100917431192663,70.64220183486239,59.63302752293578,11.009174311926607
E00070917,94,42,19,23,52,40,12,44.680851063829785,20.212765957446805,24.46808510638298,55.319148936170215,42.5531914893617,12.76595744680851
E00070918,148,55,17,38,93,77,16,37.16216216216216,11.486486486486488,25.675675675675674,62.83783783783784,52.02702702702703,10.81081081081081
E00070919,112,41,16,25,71,59,12,36.607142857142854,14.285714285714285,22.321428571428573,63.39285714285714,52.67857142857143,10.714285714285714
E00070920,171,51,18,33,120,91,29,29.82456140350877,10.526315789473683,19.298245614035086,70.17543859649122,53.216374269005854,16.95906432748538
E00070921,139,59,15,44,80,73,7,42.44604316546763,10.79136690647482,31.654676258992804,57.55395683453237,52.51798561151079,5.0359712230215825
E00070922,102,30,9,21,72,62,10,29.411764705882355,8.823529411764707,20.588235294117645,70.58823529411765,60.78431372549019,9.803921568627452
E00070923,135,38,9,29,97,82,15,28.14814814814815,6.666666666666667,21.48148148148148,71.85185185185186,60.74074074074074,11.11111111111111
E00070924,91,35,13,22,56,53,3,38.46153846153847,14.285714285714285,24.175824175824175,61.53846153846154,58.24175824175825,3.296703296703297
E00070925,233,94,34,60,139,109,30,40.343347639484975,14.592274678111588,25.75107296137339,59.65665236051502,46.78111587982833,12.875536480686694
E00070926,104,33,8,25,71,59,12,31.73076923076923,7.6923076923076925,24.03846153846154,68.26923076923077,56.730769230769226,11.538461538461538
E00070927,145,46,25,21,99,68,31,31.724137931034484,17.24137931034483,14.482758620689657,68.27586206896552,46.89655172413793,21.379310344827587
E00070928,103,30,16,14,73,60,13,29.126213592233007,15.53398058252427,13.592233009708737,70.87378640776699,58.252427184466015,12.62135922330097
E00070929,162,66,20,46,96,79,17,40.74074074074074,12.345679012345679,28.39506172839506,59.25925925925925,48.76543209876543,10.493827160493826
E00070931,146,45,12,33,101,80,21,30.82191780821918,8.21917808219178,22.602739726027394,69.17808219178082,54.794520547945204,14.383561643835616
E00070932,158,55,14,41,103,86,17,34.810126582278485,8.860759493670885,25.949367088607595,65.18987341772153,54.43037974683544,10.759493670886076
E00070933,131,40,19,21,91,68,23,30.53435114503817,14.50381679389313,16.030534351145036,69.46564885496184,51.908396946564885,17.557251908396946
E00070934,138,54,20,34,84,69,15,39.130434782608695,14.492753623188406,24.637681159420293,60.86956521739131,50,10.869565217391305
E00070935,119,49,22,27,70,51,19,41.17647058823529,18.487394957983195,22.689075630252102,58.82352941176471,42.857142857142854,15.966386554621847
E00070936,152,55,18,37,97,68,29,36.18421052631579,11.842105263157894,24.342105263157894,63.81578947368421,44.73684210526316,19.078947368421055
E00070937,171,56,27,29,115,82,33,32.748538011695906,15.789473684210526,16.95906432748538,67.2514619883041,47.953216374269005,19.298245614035086
E00070938,198,73,26,47,125,94,31,36.868686868686865,13.131313131313133,23.737373737373737,63.13131313131313,47.474747474747474,15.656565656565657
E00070939,195,59,25,34,136,96,40,30.256410256410255,12.82051282051282,17.435897435897434,69.74358974358974,49.23076923076923,20.51282051282051
E00070940,190,62,27,35,128,100,28,32.631578947368425,14.210526315789473,18.421052631578945,67.36842105263158,52.63157894736842,14.736842105263156
E00070941,130,36,17,19,94,76,18,27.692307692307693,13.076923076923078,14.615384615384617,72.3076923076923,58.46153846153847,13.846153846153847
E00070942,167,56,30,26,111,79,32,33.532934131736525,17.964071856287426,15.568862275449103,66.46706586826348,47.30538922155689,19.16167664670659
E00070943,58,19,8,11,39,31,8,32.758620689655174,13.793103448275861,18.96551724137931,67.24137931034483,53.44827586206896,13.793103448275861
E00070944,168,61,16,45,107,67,40,36.30952380952381,9.523809523809524,26.785714285714285,63.69047619047619,39.88095238095239,23.809523809523807
E00070945,92,29,13,16,63,44,19,31.521739130434785,14.130434782608695,17.391304347826086,68.47826086956522,47.82608695652174,20.652173913043477
E00070946,115,48,16,32,67,43,24,41.73913043478261,13.91304347826087,27.82608695652174,58.26086956521739,37.391304347826086,20.869565217391305
E00070947,65,17,4,13,48,33,15,26.153846153846157,6.153846153846154,20,73.84615384615385,50.76923076923077,23.076923076923077
E00070948,82,28,12,16,54,35,19,34.146341463414636,14.634146341463413,19.51219512195122,65.85365853658537,42.68292682926829,23.170731707317074
E00070949,159,61,24,37,98,74,24,38.36477987421384,15.09433962264151,23.270440251572328,61.63522012578616,46.540880503144656,15.09433962264151
E00070950,98,36,14,22,62,53,9,36.734693877551024,14.285714285714285,22.448979591836736,63.26530612244898,54.08163265306123,9.183673469387756
E00070951,150,54,19,35,96,67,29,36,12.666666666666668,23.333333333333332,64,44.666666666666664,19.333333333333332
E00070952,69,15,7,8,54,33,21,21.73913043478261,10.144927536231885,11.594202898550725,78.26086956521739,47.82608695652174,30.434782608695656
E00070953,54,23,11,12,31,26,5,42.592592592592595,20.37037037037037,22.22222222222222,57.407407407407405,48.148148148148145,9.25925925925926
E00070954,84,32,12,20,52,36,16,38.095238095238095,14.285714285714285,23.809523809523807,61.904761904761905,42.857142857142854,19.047619047619047
E00070955,247,77,30,47,170,144,26,31.17408906882591,12.145748987854251,19.02834008097166,68.82591093117408,58.2995951417004,10.526315789473683
E00070956,127,39,13,26,88,65,23,30.708661417322837,10.236220472440944,20.47244094488189,69.29133858267717,51.181102362204726,18.11023622047244
E00070957,165,64,23,41,101,82,19,38.78787878787879,13.939393939393941,24.848484848484848,61.212121212121204,49.696969696969695,11.515151515151516
E00070958,109,45,13,32,64,45,19,41.284403669724774,11.926605504587156,29.357798165137616,58.71559633027523,41.284403669724774,17.431192660550458
E00070959,85,26,11,15,59,45,14,30.58823529411765,12.941176470588237,17.647058823529413,69.41176470588235,52.94117647058824,16.470588235294116
E00070960,66,17,7,10,49,32,17,25.757575757575758,10.606060606060606,15.151515151515152,74.24242424242425,48.484848484848484,25.757575757575758
E00070961,153,41,17,24,112,80,32,26.797385620915033,11.11111111111111,15.686274509803921,73.20261437908496,52.28758169934641,20.915032679738562
E00070962,191,74,32,42,117,87,30,38.7434554973822,16.75392670157068,21.98952879581152,61.25654450261781,45.54973821989529,15.706806282722512
E00070963,137,56,25,31,81,56,25,40.87591240875913,18.248175182481752,22.62773722627737,59.12408759124088,40.87591240875913,18.248175182481752
E00070964,141,56,21,35,85,68,17,39.71631205673759,14.893617021276595,24.822695035460992,60.28368794326241,48.226950354609926,12.056737588652481
E00070965,137,47,23,24,90,61,29,34.306569343065696,16.78832116788321,17.51824817518248,65.69343065693431,44.52554744525548,21.16788321167883
E00070966,106,43,18,25,63,42,21,40.56603773584906,16.9811320754717,23.58490566037736,59.43396226415094,39.62264150943396,19.81132075471698
E00070967,126,47,16,31,79,52,27,37.301587301587304,12.698412698412698,24.6031746031746,62.698412698412696,41.269841269841265,21.428571428571427
E00070968,106,29,13,16,77,57,20,27.358490566037734,12.264150943396226,15.09433962264151,72.64150943396226,53.77358490566038,18.867924528301888
E00070969,192,65,24,41,127,89,38,33.85416666666667,12.5,21.354166666666664,66.14583333333334,46.35416666666667,19.791666666666664
E00070970,113,35,15,20,78,56,22,30.973451327433626,13.274336283185843,17.699115044247787,69.02654867256636,49.557522123893804,19.469026548672566
E00070971,125,37,14,23,88,62,26,29.599999999999998,11.200000000000001,18.4,70.39999999999999,49.6,20.8
E00070972,113,37,11,26,76,58,18,32.743362831858406,9.734513274336283,23.008849557522122,67.2566371681416,51.32743362831859,15.929203539823009
E00070973,99,25,11,14,74,60,14,25.252525252525253,11.11111111111111,14.14141414141414,74.74747474747475,60.60606060606061,14.14141414141414
E00070974,138,38,22,16,100,65,35,27.536231884057973,15.942028985507244,11.594202898550725,72.46376811594203,47.10144927536232,25.36231884057971
E00070975,159,47,16,31,112,89,23,29.559748427672954,10.062893081761008,19.49685534591195,70.44025157232704,55.9748427672956,14.465408805031446
E00070976,201,60,26,34,141,108,33,29.850746268656714,12.935323383084576,16.91542288557214,70.1492537313433,53.73134328358209,16.417910447761194
E00070977,79,29,12,17,50,36,14,36.708860759493675,15.18987341772152,21.518987341772153,63.29113924050633,45.56962025316456,17.72151898734177
E00070978,104,49,17,32,55,36,19,47.11538461538461,16.346153846153847,30.76923076923077,52.88461538461539,34.61538461538461,18.269230769230766
E00070979,126,43,20,23,83,53,30,34.12698412698413,15.873015873015872,18.253968253968253,65.87301587301587,42.06349206349206,23.809523809523807
E00070980,197,64,27,37,133,98,35,32.48730964467005,13.705583756345177,18.781725888324875,67.51269035532995,49.746192893401016,17.766497461928935
E00070981,116,48,23,25,68,44,24,41.37931034482759,19.82758620689655,21.551724137931032,58.620689655172406,37.93103448275862,20.689655172413794
E00070982,141,46,15,31,95,66,29,32.62411347517731,10.638297872340425,21.98581560283688,67.37588652482269,46.808510638297875,20.56737588652482
E00070983,209,69,30,39,140,117,23,33.014354066985646,14.354066985645932,18.660287081339714,66.98564593301435,55.980861244019145,11.004784688995215
E00070984,140,39,14,25,101,77,24,27.857142857142858,10,17.857142857142858,72.14285714285714,55.00000000000001,17.142857142857142
E00070985,159,56,27,29,103,78,25,35.22012578616352,16.9811320754717,18.238993710691823,64.77987421383648,49.056603773584904,15.723270440251572
E00070986,171,51,22,29,120,94,26,29.82456140350877,12.865497076023392,16.95906432748538,70.17543859649122,54.97076023391813,15.204678362573098
E00070987,127,38,13,25,89,73,16,29.92125984251969,10.236220472440944,19.68503937007874,70.07874015748031,57.48031496062992,12.598425196850393
E00070988,165,49,23,26,116,87,29,29.6969696969697,13.939393939393941,15.757575757575756,70.3030303030303,52.72727272727272,17.575757575757574
E00070989,174,63,28,35,111,94,17,36.206896551724135,16.091954022988507,20.114942528735632,63.793103448275865,54.02298850574713,9.770114942528735
E00070990,217,78,38,40,139,87,52,35.944700460829495,17.51152073732719,18.433179723502306,64.0552995391705,40.09216589861751,23.963133640552993
E00070991,196,77,30,47,119,101,18,39.285714285714285,15.306122448979592,23.97959183673469,60.71428571428571,51.53061224489795,9.183673469387756
E00070992,117,43,17,26,74,56,18,36.75213675213676,14.529914529914532,22.22222222222222,63.24786324786324,47.863247863247864,15.384615384615385
E00070993,186,62,24,38,124,98,26,33.33333333333333,12.903225806451612,20.43010752688172,66.66666666666666,52.68817204301075,13.978494623655912
E00070994,99,30,10,20,69,57,12,30.303030303030305,10.1010101010101,20.2020202020202,69.6969696969697,57.57575757575758,12.121212121212121
E00070995,115,32,9,23,83,57,26,27.82608695652174,7.82608695652174,20,72.17391304347827,49.56521739130435,22.608695652173914
E00070996,187,77,35,42,110,85,25,41.17647058823529,18.71657754010695,22.459893048128343,58.82352941176471,45.45454545454545,13.368983957219251
E00070997,207,75,33,42,132,90,42,36.231884057971016,15.942028985507244,20.28985507246377,63.76811594202898,43.47826086956522,20.28985507246377
E00070998,140,46,18,28,94,57,37,32.857142857142854,12.857142857142856,20,67.14285714285714,40.714285714285715,26.42857142857143
E00070999,195,62,29,33,133,76,57,31.794871794871792,14.871794871794872,16.923076923076923,68.2051282051282,38.97435897435898,29.230769230769234
E00071001,129,31,15,16,98,83,15,24.031007751937985,11.627906976744185,12.4031007751938,75.96899224806202,64.34108527131784,11.627906976744185
E00071002,77,34,11,23,43,37,6,44.15584415584416,14.285714285714285,29.87012987012987,55.84415584415584,48.05194805194805,7.792207792207792
E00071003,131,45,18,27,86,72,14,34.35114503816794,13.740458015267176,20.610687022900763,65.64885496183206,54.961832061068705,10.687022900763358
E00071004,99,41,16,25,58,52,6,41.41414141414141,16.161616161616163,25.252525252525253,58.58585858585859,52.52525252525253,6.0606060606060606
E00071005,101,26,9,17,75,62,13,25.742574257425744,8.91089108910891,16.831683168316832,74.25742574257426,61.386138613861384,12.871287128712872
E00071006,178,57,14,43,121,103,18,32.02247191011236,7.865168539325842,24.15730337078652,67.97752808988764,57.865168539325836,10.112359550561797
E00071007,74,24,3,21,50,39,11,32.432432432432435,4.054054054054054,28.37837837837838,67.56756756756756,52.702702702702695,14.864864864864865
E00071008,248,76,26,50,172,144,28,30.64516129032258,10.483870967741936,20.161290322580644,69.35483870967742,58.06451612903226,11.29032258064516
E00071009,123,27,10,17,96,75,21,21.951219512195124,8.130081300813007,13.821138211382115,78.04878048780488,60.97560975609756,17.073170731707318
E00071011,133,34,11,23,99,78,21,25.563909774436087,8.270676691729323,17.293233082706767,74.43609022556392,58.64661654135338,15.789473684210526
E00071012,122,43,18,25,79,59,20,35.24590163934426,14.754098360655737,20.491803278688526,64.75409836065575,48.36065573770492,16.39344262295082
E00071013,128,40,13,27,88,78,10,31.25,10.15625,21.09375,68.75,60.9375,7.8125
E00071014,94,30,9,21,64,54,10,31.914893617021278,9.574468085106384,22.340425531914892,68.08510638297872,57.446808510638306,10.638297872340425
E00071015,188,55,19,36,133,112,21,29.25531914893617,10.106382978723403,19.148936170212767,70.74468085106383,59.57446808510638,11.170212765957446
E00071016,71,34,17,17,37,27,10,47.88732394366197,23.943661971830984,23.943661971830984,52.112676056338024,38.028169014084504,14.084507042253522
E00071017,146,62,22,40,84,74,10,42.465753424657535,15.068493150684931,27.397260273972602,57.534246575342465,50.68493150684932,6.8493150684931505
E00071018,152,55,14,41,97,83,14,36.18421052631579,9.210526315789473,26.973684210526315,63.81578947368421,54.60526315789473,9.210526315789473
E00071019,96,33,8,25,63,58,5,34.375,8.333333333333332,26.041666666666668,65.625,60.416666666666664,5.208333333333334
E00071020,97,33,14,19,64,60,4,34.02061855670103,14.432989690721648,19.587628865979383,65.97938144329896,61.855670103092784,4.123711340206185
E00071021,125,60,20,40,65,54,11,48,16,32,52,43.2,8.799999999999999
E00071022,126,50,14,36,76,60,16,39.682539682539684,11.11111111111111,28.57142857142857,60.317460317460316,47.61904761904761,12.698412698412698
E00071023,174,47,13,34,127,110,17,27.011494252873565,7.471264367816093,19.54022988505747,72.98850574712644,63.2183908045977,9.770114942528735
E00071024,120,39,12,27,81,71,10,32.5,10,22.5,67.5,59.166666666666664,8.333333333333332
E00071025,152,55,20,35,97,84,13,36.18421052631579,13.157894736842104,23.026315789473685,63.81578947368421,55.26315789473685,8.552631578947368
E00071026,123,54,25,29,69,58,11,43.90243902439025,20.32520325203252,23.577235772357724,56.09756097560976,47.15447154471545,8.94308943089431
E00071027,155,49,14,35,106,93,13,31.61290322580645,9.032258064516128,22.58064516129032,68.38709677419355,60,8.38709677419355
E00071028,131,45,14,31,86,74,12,34.35114503816794,10.687022900763358,23.66412213740458,65.64885496183206,56.48854961832062,9.16030534351145
E00071029,119,44,9,35,75,62,13,36.97478991596639,7.563025210084033,29.411764705882355,63.02521008403361,52.10084033613446,10.92436974789916
E00071030,89,38,10,28,51,47,4,42.69662921348314,11.235955056179774,31.46067415730337,57.30337078651685,52.80898876404494,4.49438202247191
E00071031,155,47,20,27,108,83,25,30.32258064516129,12.903225806451612,17.419354838709676,69.6774193548387,53.5483870967742,16.129032258064516
E00071032,177,67,42,25,110,87,23,37.85310734463277,23.728813559322035,14.124293785310735,62.14689265536724,49.152542372881356,12.994350282485875
E00071033,157,64,22,42,93,81,12,40.76433121019109,14.012738853503185,26.751592356687897,59.23566878980891,51.59235668789809,7.643312101910828
E00071034,145,53,16,37,92,74,18,36.55172413793103,11.03448275862069,25.517241379310345,63.44827586206897,51.03448275862069,12.413793103448276
E00071035,125,53,15,38,72,62,10,42.4,12,30.4,57.599999999999994,49.6,8
E00071036,115,31,6,25,84,69,15,26.956521739130434,5.217391304347826,21.73913043478261,73.04347826086956,60,13.043478260869565
E00071037,155,39,15,24,116,99,17,25.161290322580644,9.67741935483871,15.483870967741936,74.83870967741936,63.87096774193548,10.967741935483872
E00071038,165,48,12,36,117,100,17,29.09090909090909,7.2727272727272725,21.818181818181817,70.9090909090909,60.60606060606061,10.303030303030303
E00071039,197,56,21,35,141,112,29,28.426395939086298,10.65989847715736,17.766497461928935,71.57360406091371,56.852791878172596,14.720812182741117
E00071040,294,83,32,51,211,184,27,28.2312925170068,10.884353741496598,17.346938775510203,71.7687074829932,62.585034013605444,9.183673469387756
E00071041,209,62,18,44,147,129,18,29.665071770334926,8.61244019138756,21.052631578947366,70.33492822966507,61.72248803827751,8.61244019138756
E00071042,283,69,17,52,214,176,38,24.381625441696116,6.007067137809187,18.374558303886925,75.61837455830388,62.19081272084806,13.427561837455832
E00071044,157,42,15,27,115,98,17,26.751592356687897,9.554140127388536,17.197452229299362,73.24840764331209,62.42038216560509,10.828025477707007
E00071045,114,37,9,28,77,61,16,32.45614035087719,7.894736842105263,24.561403508771928,67.54385964912281,53.50877192982456,14.035087719298245
E00071046,119,24,6,18,95,74,21,20.168067226890756,5.042016806722689,15.126050420168067,79.83193277310924,62.18487394957983,17.647058823529413
E00071047,57,17,2,15,40,32,8,29.82456140350877,3.508771929824561,26.31578947368421,70.17543859649122,56.14035087719298,14.035087719298245
E00071048,130,34,3,31,96,88,8,26.153846153846157,2.307692307692308,23.846153846153847,73.84615384615385,67.6923076923077,6.153846153846154
E00071049,141,47,11,36,94,81,13,33.33333333333333,7.801418439716312,25.53191489361702,66.66666666666666,57.446808510638306,9.219858156028367
E00071050,168,48,7,41,120,112,8,28.57142857142857,4.166666666666666,24.404761904761905,71.42857142857143,66.66666666666666,4.761904761904762
E00071051,123,34,7,27,89,74,15,27.64227642276423,5.691056910569105,21.951219512195124,72.35772357723577,60.16260162601627,12.195121951219512
E00071052,154,47,16,31,107,90,17,30.519480519480517,10.38961038961039,20.12987012987013,69.48051948051948,58.44155844155844,11.03896103896104
E00071053,138,48,16,32,90,75,15,34.78260869565217,11.594202898550725,23.18840579710145,65.21739130434783,54.347826086956516,10.869565217391305
E00071054,108,27,12,15,81,66,15,25,11.11111111111111,13.88888888888889,75,61.111111111111114,13.88888888888889
E00071055,160,42,10,32,118,98,20,26.25,6.25,20,73.75,61.25000000000001,12.5
E00071056,94,31,12,19,63,55,8,32.97872340425532,12.76595744680851,20.212765957446805,67.02127659574468,58.51063829787234,8.51063829787234
E00071057,146,60,17,43,86,72,14,41.0958904109589,11.643835616438356,29.45205479452055,58.9041095890411,49.31506849315068,9.58904109589041
E00071058,110,29,8,21,81,70,11,26.36363636363636,7.2727272727272725,19.090909090909093,73.63636363636363,63.63636363636363,10
E00071059,124,36,9,27,88,76,12,29.03225806451613,7.258064516129033,21.774193548387096,70.96774193548387,61.29032258064516,9.67741935483871
E00071060,124,57,17,40,67,54,13,45.96774193548387,13.709677419354838,32.25806451612903,54.03225806451613,43.54838709677419,10.483870967741936
E00071061,130,32,11,21,98,88,10,24.615384615384617,8.461538461538462,16.153846153846153,75.38461538461539,67.6923076923077,7.6923076923076925
E00071062,126,43,9,34,83,71,12,34.12698412698413,7.142857142857142,26.984126984126984,65.87301587301587,56.34920634920635,9.523809523809524
E00071063,252,75,28,47,177,142,35,29.761904761904763,11.11111111111111,18.650793650793652,70.23809523809523,56.34920634920635,13.88888888888889
E00071064,121,45,11,34,76,66,10,37.1900826446281,9.090909090909092,28.09917355371901,62.8099173553719,54.54545454545454,8.264462809917356
E00071065,92,39,13,26,53,45,8,42.391304347826086,14.130434782608695,28.26086956521739,57.608695652173914,48.91304347826087,8.695652173913043
E00071067,125,37,10,27,88,80,8,29.599999999999998,8,21.6,70.39999999999999,64,6.4
E00071068,51,16,4,12,35,31,4,31.372549019607842,7.8431372549019605,23.52941176470588,68.62745098039215,60.78431372549019,7.8431372549019605
E00071069,126,42,12,30,84,72,12,33.33333333333333,9.523809523809524,23.809523809523807,66.66666666666666,57.14285714285714,9.523809523809524
E00071070,95,45,9,36,50,41,9,47.368421052631575,9.473684210526317,37.89473684210527,52.63157894736842,43.15789473684211,9.473684210526317
E00071072,126,52,16,36,74,66,8,41.269841269841265,12.698412698412698,28.57142857142857,58.730158730158735,52.38095238095239,6.349206349206349
E00071073,109,34,11,23,75,63,12,31.19266055045872,10.091743119266056,21.100917431192663,68.80733944954129,57.798165137614674,11.009174311926607
E00071074,170,59,14,45,111,99,12,34.705882352941174,8.235294117647058,26.47058823529412,65.29411764705883,58.235294117647065,7.0588235294117645
E00071075,202,57,21,36,145,120,25,28.217821782178216,10.396039603960396,17.82178217821782,71.78217821782178,59.4059405940594,12.376237623762377
E00071076,147,46,13,33,101,84,17,31.292517006802722,8.843537414965986,22.448979591836736,68.70748299319727,57.14285714285714,11.564625850340136
E00071077,175,49,17,32,126,107,19,28.000000000000004,9.714285714285714,18.285714285714285,72,61.142857142857146,10.857142857142858
E00071078,159,45,16,29,114,100,14,28.30188679245283,10.062893081761008,18.238993710691823,71.69811320754717,62.893081761006286,8.80503144654088
E00071079,127,32,7,25,95,85,10,25.196850393700785,5.511811023622047,19.68503937007874,74.80314960629921,66.92913385826772,7.874015748031496
E00071080,138,38,9,29,100,80,20,27.536231884057973,6.521739130434782,21.014492753623188,72.46376811594203,57.971014492753625,14.492753623188406
E00071081,157,56,11,45,101,86,15,35.6687898089172,7.006369426751593,28.662420382165603,64.3312101910828,54.77707006369427,9.554140127388536
E00071082,182,53,17,36,129,116,13,29.120879120879124,9.340659340659341,19.78021978021978,70.87912087912088,63.73626373626373,7.142857142857142
E00071083,208,47,12,35,161,130,31,22.596153846153847,5.769230769230769,16.826923076923077,77.40384615384616,62.5,14.903846153846153
E00071084,140,46,14,32,94,81,13,32.857142857142854,10,22.857142857142858,67.14285714285714,57.85714285714286,9.285714285714286
E00071085,170,51,15,36,119,103,16,30,8.823529411764707,21.176470588235293,70,60.588235294117645,9.411764705882353
E00071086,162,45,20,25,117,100,17,27.77777777777778,12.345679012345679,15.432098765432098,72.22222222222221,61.72839506172839,10.493827160493826
E00071087,168,45,15,30,123,109,14,26.785714285714285,8.928571428571429,17.857142857142858,73.21428571428571,64.88095238095238,8.333333333333332
E00071088,178,37,13,24,141,115,26,20.786516853932586,7.303370786516854,13.48314606741573,79.21348314606742,64.60674157303372,14.606741573033707
E00071089,297,85,17,68,212,185,27,28.619528619528616,5.723905723905724,22.895622895622896,71.38047138047138,62.2895622895623,9.090909090909092
E00071090,157,53,20,33,104,93,11,33.75796178343949,12.738853503184714,21.019108280254777,66.2420382165605,59.23566878980891,7.006369426751593
E00071091,201,58,20,38,143,123,20,28.855721393034827,9.950248756218906,18.90547263681592,71.14427860696517,61.19402985074627,9.950248756218906
E00071092,217,63,14,49,154,133,21,29.03225806451613,6.451612903225806,22.58064516129032,70.96774193548387,61.29032258064516,9.67741935483871
E00071093,25,9,4,5,16,12,4,36,16,20,64,48,16
E00071094,145,35,11,24,110,92,18,24.137931034482758,7.586206896551724,16.551724137931036,75.86206896551724,63.44827586206897,12.413793103448276
E00071095,116,44,16,28,72,53,19,37.93103448275862,13.793103448275861,24.137931034482758,62.06896551724138,45.689655172413794,16.379310344827587
E00071096,140,43,15,28,97,70,27,30.714285714285715,10.714285714285714,20,69.28571428571428,50,19.28571428571429
E00071097,294,73,22,51,221,171,50,24.829931972789115,7.482993197278912,17.346938775510203,75.17006802721087,58.16326530612245,17.006802721088434
E00071098,117,34,9,25,83,61,22,29.059829059829063,7.6923076923076925,21.367521367521366,70.94017094017094,52.13675213675214,18.803418803418804
E00071099,181,68,24,44,113,87,26,37.569060773480665,13.259668508287293,24.30939226519337,62.430939226519335,48.06629834254144,14.3646408839779
E00071100,128,48,12,36,80,69,11,37.5,9.375,28.125,62.5,53.90625,8.59375
E00071101,175,60,18,42,115,97,18,34.285714285714285,10.285714285714285,24,65.71428571428571,55.42857142857143,10.285714285714285
E00071102,239,84,34,50,155,102,53,35.146443514644346,14.225941422594143,20.920502092050206,64.85355648535564,42.67782426778243,22.17573221757322
E00071103,222,66,25,41,156,125,31,29.72972972972973,11.26126126126126,18.46846846846847,70.27027027027027,56.30630630630631,13.963963963963963
E00071104,130,44,12,32,86,60,26,33.84615384615385,9.230769230769232,24.615384615384617,66.15384615384615,46.15384615384615,20
E00071105,102,33,13,20,69,48,21,32.35294117647059,12.745098039215685,19.607843137254903,67.64705882352942,47.05882352941176,20.588235294117645
E00071106,254,67,19,48,187,160,27,26.37795275590551,7.480314960629922,18.89763779527559,73.62204724409449,62.99212598425197,10.62992125984252
E00071107,154,50,14,36,104,90,14,32.467532467532465,9.090909090909092,23.376623376623375,67.53246753246754,58.44155844155844,9.090909090909092
E00071108,149,49,16,33,100,79,21,32.88590604026846,10.738255033557047,22.14765100671141,67.11409395973155,53.02013422818792,14.093959731543624
E00071109,109,31,12,19,78,68,10,28.440366972477065,11.009174311926607,17.431192660550458,71.55963302752293,62.38532110091744,9.174311926605505
E00071110,145,54,15,39,91,71,20,37.24137931034483,10.344827586206897,26.89655172413793,62.758620689655174,48.96551724137931,13.793103448275861
E00071111,115,40,15,25,75,58,17,34.78260869565217,13.043478260869565,21.73913043478261,65.21739130434783,50.43478260869565,14.782608695652174
E00071112,186,68,25,43,118,91,27,36.55913978494624,13.440860215053762,23.118279569892472,63.44086021505376,48.924731182795696,14.516129032258066
E00071113,142,53,16,37,89,81,8,37.32394366197183,11.267605633802818,26.056338028169012,62.676056338028175,57.04225352112676,5.633802816901409
E00071114,119,46,13,33,73,67,6,38.655462184873954,10.92436974789916,27.73109243697479,61.34453781512605,56.30252100840336,5.042016806722689
E00071115,84,27,4,23,57,54,3,32.142857142857146,4.761904761904762,27.380952380952383,67.85714285714286,64.28571428571429,3.571428571428571
E00071116,159,51,14,37,108,81,27,32.075471698113205,8.80503144654088,23.270440251572328,67.9245283018868,50.943396226415096,16.9811320754717
E00071117,165,49,17,32,116,111,5,29.6969696969697,10.303030303030303,19.393939393939394,70.3030303030303,67.27272727272727,3.0303030303030303
E00071118,142,40,14,26,102,87,15,28.169014084507044,9.859154929577464,18.30985915492958,71.83098591549296,61.267605633802816,10.56338028169014
E00071119,121,27,7,20,94,85,9,22.31404958677686,5.785123966942149,16.528925619834713,77.68595041322314,70.24793388429752,7.43801652892562
E00071120,272,82,28,54,190,152,38,30.14705882352941,10.294117647058822,19.852941176470587,69.85294117647058,55.88235294117647,13.970588235294118
E00071121,109,29,10,19,80,69,11,26.605504587155966,9.174311926605505,17.431192660550458,73.39449541284404,63.30275229357798,10.091743119266056
E00071122,77,24,11,13,53,45,8,31.16883116883117,14.285714285714285,16.883116883116884,68.83116883116884,58.44155844155844,10.38961038961039
E00071123,137,37,9,28,100,82,18,27.00729927007299,6.569343065693431,20.437956204379564,72.99270072992701,59.854014598540154,13.138686131386862
E00071124,115,31,5,26,84,76,8,26.956521739130434,4.3478260869565215,22.608695652173914,73.04347826086956,66.08695652173913,6.956521739130435
E00071125,180,47,11,36,133,110,23,26.111111111111114,6.111111111111111,20,73.88888888888889,61.111111111111114,12.777777777777777
E00071126,102,28,6,22,74,61,13,27.450980392156865,5.88235294117647,21.568627450980394,72.54901960784314,59.80392156862745,12.745098039215685
E00071127,146,43,10,33,103,93,10,29.45205479452055,6.8493150684931505,22.602739726027394,70.54794520547945,63.6986301369863,6.8493150684931505
E00071128,118,29,8,21,89,77,12,24.576271186440678,6.779661016949152,17.796610169491526,75.42372881355932,65.2542372881356,10.16949152542373
E00071129,101,37,5,32,64,54,10,36.633663366336634,4.9504950495049505,31.683168316831683,63.366336633663366,53.46534653465347,9.900990099009901
E00071130,116,28,9,19,88,72,16,24.137931034482758,7.758620689655173,16.379310344827587,75.86206896551724,62.06896551724138,13.793103448275861
E00071131,137,33,13,20,104,94,10,24.087591240875913,9.48905109489051,14.5985401459854,75.91240875912408,68.61313868613139,7.2992700729927
E00071132,130,43,14,29,87,68,19,33.07692307692307,10.76923076923077,22.30769230769231,66.92307692307692,52.307692307692314,14.615384615384617
E00071133,147,51,15,36,96,83,13,34.69387755102041,10.204081632653061,24.489795918367346,65.3061224489796,56.4625850340136,8.843537414965986
E00071134,169,55,13,42,114,96,18,32.544378698224854,7.6923076923076925,24.85207100591716,67.45562130177515,56.80473372781065,10.650887573964498
E00071135,176,47,16,31,129,113,16,26.704545454545453,9.090909090909092,17.613636363636363,73.29545454545455,64.20454545454545,9.090909090909092
E00071136,142,52,13,39,90,75,15,36.61971830985916,9.15492957746479,27.464788732394368,63.38028169014085,52.816901408450704,10.56338028169014
E00071137,119,36,12,24,83,77,6,30.252100840336134,10.084033613445378,20.168067226890756,69.74789915966386,64.70588235294117,5.042016806722689
E00071138,172,42,15,27,130,117,13,24.418604651162788,8.720930232558139,15.69767441860465,75.5813953488372,68.02325581395348,7.55813953488372
E00071139,171,37,7,30,134,115,19,21.637426900584796,4.093567251461988,17.543859649122805,78.3625730994152,67.2514619883041,11.11111111111111
E00071140,132,30,6,24,102,87,15,22.727272727272727,4.545454545454546,18.181818181818183,77.27272727272727,65.9090909090909,11.363636363636363
E00071141,145,52,14,38,93,84,9,35.86206896551724,9.655172413793103,26.20689655172414,64.13793103448275,57.931034482758626,6.206896551724138
E00071142,141,48,14,34,93,79,14,34.04255319148936,9.929078014184398,24.113475177304963,65.95744680851064,56.02836879432624,9.929078014184398
E00071143,142,55,19,36,87,70,17,38.732394366197184,13.380281690140844,25.352112676056336,61.267605633802816,49.29577464788733,11.971830985915492
E00071144,143,40,8,32,103,86,17,27.972027972027973,5.594405594405594,22.377622377622377,72.02797202797203,60.13986013986013,11.888111888111888
E00071145,122,51,17,34,71,53,18,41.80327868852459,13.934426229508196,27.86885245901639,58.19672131147541,43.44262295081967,14.754098360655737
E00071146,93,29,11,18,64,57,7,31.182795698924732,11.827956989247312,19.35483870967742,68.81720430107528,61.29032258064516,7.526881720430108
E00071147,125,33,14,19,92,81,11,26.400000000000002,11.200000000000001,15.2,73.6,64.8,8.799999999999999
E00071148,119,39,15,24,80,67,13,32.773109243697476,12.605042016806722,20.168067226890756,67.22689075630252,56.30252100840336,10.92436974789916
E00071149,41,15,8,7,26,22,4,36.58536585365854,19.51219512195122,17.073170731707318,63.41463414634146,53.65853658536586,9.75609756097561
E00071150,67,13,8,5,54,49,5,19.402985074626866,11.940298507462686,7.462686567164178,80.59701492537313,73.13432835820896,7.462686567164178
E00071151,106,35,9,26,71,63,8,33.0188679245283,8.49056603773585,24.528301886792452,66.98113207547169,59.43396226415094,7.547169811320755
E00071152,91,19,4,15,72,61,11,20.87912087912088,4.395604395604396,16.483516483516482,79.12087912087912,67.03296703296702,12.087912087912088
E00071153,140,47,17,30,93,79,14,33.57142857142857,12.142857142857142,21.428571428571427,66.42857142857143,56.42857142857143,10
E00071154,57,23,5,18,34,31,3,40.35087719298245,8.771929824561402,31.57894736842105,59.64912280701754,54.385964912280706,5.263157894736842
E00071155,160,45,13,32,115,101,14,28.125,8.125,20,71.875,63.125,8.75
E00071156,121,37,16,21,84,73,11,30.57851239669421,13.223140495867769,17.355371900826448,69.42148760330579,60.33057851239669,9.090909090909092
E00071157,142,43,19,24,99,82,17,30.28169014084507,13.380281690140844,16.901408450704224,69.71830985915493,57.74647887323944,11.971830985915492
E00071158,130,50,15,35,80,69,11,38.46153846153847,11.538461538461538,26.923076923076923,61.53846153846154,53.07692307692308,8.461538461538462
E00071159,162,60,17,43,102,82,20,37.03703703703704,10.493827160493826,26.543209876543212,62.96296296296296,50.617283950617285,12.345679012345679
E00071160,119,40,11,29,79,57,22,33.61344537815126,9.243697478991598,24.369747899159663,66.38655462184873,47.89915966386555,18.487394957983195
E00071161,144,47,20,27,97,86,11,32.63888888888889,13.88888888888889,18.75,67.36111111111111,59.72222222222222,7.638888888888889
E00071162,135,43,14,29,92,74,18,31.851851851851855,10.37037037037037,21.48148148148148,68.14814814814815,54.81481481481482,13.333333333333334
E00071163,160,49,21,28,111,98,13,30.625000000000004,13.125,17.5,69.375,61.25000000000001,8.125
E00071164,159,43,9,34,116,100,16,27.044025157232703,5.660377358490567,21.38364779874214,72.95597484276729,62.893081761006286,10.062893081761008
E00071165,138,49,18,31,89,72,17,35.507246376811594,13.043478260869565,22.463768115942027,64.4927536231884,52.17391304347826,12.318840579710146
E00071166,180,50,16,34,130,118,12,27.77777777777778,8.88888888888889,18.88888888888889,72.22222222222221,65.55555555555556,6.666666666666667
E00071167,159,44,15,29,115,92,23,27.67295597484277,9.433962264150944,18.238993710691823,72.32704402515722,57.861635220125784,14.465408805031446
E00071168,139,47,12,35,92,85,7,33.81294964028777,8.633093525179856,25.179856115107913,66.18705035971223,61.15107913669065,5.0359712230215825
E00071169,131,29,8,21,102,90,12,22.137404580152673,6.106870229007633,16.030534351145036,77.86259541984732,68.70229007633588,9.16030534351145
E00071170,134,41,9,32,93,75,18,30.597014925373134,6.7164179104477615,23.88059701492537,69.40298507462687,55.970149253731336,13.432835820895523
E00071171,113,49,23,26,64,53,11,43.36283185840708,20.353982300884958,23.008849557522122,56.63716814159292,46.902654867256636,9.734513274336283
E00071172,105,42,14,28,63,52,11,40,13.333333333333334,26.666666666666668,60,49.523809523809526,10.476190476190476
E00071173,214,59,22,37,155,124,31,27.570093457943923,10.2803738317757,17.289719626168225,72.42990654205607,57.943925233644855,14.485981308411214
E00071174,111,27,12,15,84,70,14,24.324324324324326,10.81081081081081,13.513513513513514,75.67567567567568,63.06306306306306,12.612612612612612
E00071175,140,57,24,33,83,62,21,40.714285714285715,17.142857142857142,23.57142857142857,59.285714285714285,44.285714285714285,15
E00071176,144,53,19,34,91,75,16,36.80555555555556,13.194444444444445,23.61111111111111,63.19444444444444,52.083333333333336,11.11111111111111
E00071177,119,35,8,27,84,78,6,29.411764705882355,6.722689075630252,22.689075630252102,70.58823529411765,65.54621848739495,5.042016806722689
E00071178,148,50,11,39,98,86,12,33.78378378378378,7.4324324324324325,26.351351351351347,66.21621621621621,58.108108108108105,8.108108108108109
E00071179,177,65,17,48,112,100,12,36.72316384180791,9.6045197740113,27.11864406779661,63.2768361581921,56.49717514124294,6.779661016949152
E00071180,136,37,10,27,99,85,14,27.205882352941174,7.352941176470589,19.852941176470587,72.79411764705883,62.5,10.294117647058822
E00071181,150,42,10,32,108,96,12,28.000000000000004,6.666666666666667,21.333333333333336,72,64,8
E00071182,132,35,13,22,97,81,16,26.515151515151516,9.848484848484848,16.666666666666664,73.48484848484848,61.36363636363637,12.121212121212121
E00071183,131,39,12,27,92,70,22,29.770992366412212,9.16030534351145,20.610687022900763,70.22900763358778,53.43511450381679,16.793893129770993
E00071184,152,59,18,41,93,68,25,38.81578947368421,11.842105263157894,26.973684210526315,61.18421052631579,44.73684210526316,16.447368421052634
E00071185,209,58,22,36,151,102,49,27.751196172248804,10.526315789473683,17.22488038277512,72.24880382775119,48.803827751196174,23.444976076555022
E00071186,92,20,9,11,72,56,16,21.73913043478261,9.782608695652174,11.956521739130435,78.26086956521739,60.86956521739131,17.391304347826086
E00071187,60,22,12,10,38,28,10,36.666666666666664,20,16.666666666666664,63.33333333333333,46.666666666666664,16.666666666666664
E00071188,106,37,16,21,69,54,15,34.90566037735849,15.09433962264151,19.81132075471698,65.09433962264151,50.943396226415096,14.150943396226415
E00071189,139,52,24,28,87,65,22,37.410071942446045,17.26618705035971,20.14388489208633,62.589928057553955,46.76258992805755,15.827338129496402
E00071190,87,32,11,21,55,42,13,36.7816091954023,12.643678160919542,24.137931034482758,63.2183908045977,48.275862068965516,14.942528735632186
E00071191,178,72,27,45,106,77,29,40.44943820224719,15.168539325842698,25.280898876404496,59.55056179775281,43.258426966292134,16.292134831460675
E00071192,89,32,14,18,57,43,14,35.95505617977528,15.730337078651685,20.224719101123593,64.04494382022472,48.31460674157304,15.730337078651685
E00071193,144,54,26,28,90,66,24,37.5,18.055555555555554,19.444444444444446,62.5,45.83333333333333,16.666666666666664
E00071194,126,41,17,24,85,54,31,32.53968253968254,13.492063492063492,19.047619047619047,67.46031746031747,42.857142857142854,24.6031746031746
E00071195,130,48,16,32,82,57,25,36.92307692307693,12.307692307692308,24.615384615384617,63.07692307692307,43.84615384615385,19.230769230769234
E00071196,133,46,14,32,87,70,17,34.58646616541353,10.526315789473683,24.06015037593985,65.41353383458647,52.63157894736842,12.781954887218044
E00071197,73,30,8,22,43,28,15,41.0958904109589,10.95890410958904,30.136986301369863,58.9041095890411,38.35616438356164,20.54794520547945
E00071198,55,15,8,7,40,30,10,27.27272727272727,14.545454545454545,12.727272727272727,72.72727272727273,54.54545454545454,18.181818181818183
E00071199,82,24,4,20,58,45,13,29.268292682926827,4.878048780487805,24.390243902439025,70.73170731707317,54.87804878048781,15.853658536585366
E00071201,127,55,16,39,72,59,13,43.30708661417323,12.598425196850393,30.708661417322837,56.69291338582677,46.45669291338583,10.236220472440944
E00071202,204,62,11,51,142,106,36,30.392156862745097,5.392156862745098,25,69.6078431372549,51.9607843137255,17.647058823529413
E00071203,129,41,18,23,88,57,31,31.782945736434108,13.953488372093023,17.829457364341085,68.21705426356588,44.18604651162791,24.031007751937985
E00071204,240,55,18,37,185,151,34,22.916666666666664,7.5,15.416666666666668,77.08333333333334,62.916666666666664,14.166666666666666
E00071205,75,28,7,21,47,39,8,37.333333333333336,9.333333333333334,28.000000000000004,62.66666666666667,52,10.666666666666668
E00071206,64,30,5,25,34,29,5,46.875,7.8125,39.0625,53.125,45.3125,7.8125
E00071207,160,48,16,32,112,73,39,30,10,20,70,45.625,24.375
E00071209,61,23,11,12,38,32,6,37.704918032786885,18.0327868852459,19.672131147540984,62.295081967213115,52.459016393442624,9.836065573770492
E00071210,58,21,11,10,37,31,6,36.206896551724135,18.96551724137931,17.24137931034483,63.793103448275865,53.44827586206896,10.344827586206897
E00071211,93,24,7,17,69,54,15,25.806451612903224,7.526881720430108,18.27956989247312,74.19354838709677,58.06451612903226,16.129032258064516
E00071212,235,79,26,53,156,119,37,33.61702127659574,11.063829787234042,22.5531914893617,66.38297872340425,50.638297872340424,15.74468085106383
E00071213,130,49,19,30,81,63,18,37.69230769230769,14.615384615384617,23.076923076923077,62.30769230769231,48.46153846153846,13.846153846153847
E00071214,129,43,19,24,86,63,23,33.33333333333333,14.728682170542637,18.6046511627907,66.66666666666666,48.837209302325576,17.829457364341085
E00071215,57,23,8,15,34,27,7,40.35087719298245,14.035087719298245,26.31578947368421,59.64912280701754,47.368421052631575,12.280701754385964
E00071216,192,59,26,33,133,102,31,30.729166666666668,13.541666666666666,17.1875,69.27083333333334,53.125,16.145833333333336
E00071217,154,52,18,34,102,83,19,33.76623376623377,11.688311688311687,22.07792207792208,66.23376623376623,53.896103896103895,12.337662337662337
E00071218,129,41,14,27,88,76,12,31.782945736434108,10.852713178294573,20.930232558139537,68.21705426356588,58.91472868217055,9.30232558139535
E00071219,62,32,6,26,30,20,10,51.61290322580645,9.67741935483871,41.935483870967744,48.38709677419355,32.25806451612903,16.129032258064516
E00168505,168,42,11,31,126,104,22,25,6.547619047619048,18.452380952380953,75,61.904761904761905,13.095238095238097
E00168506,165,61,26,35,104,62,42,36.96969696969697,15.757575757575756,21.21212121212121,63.030303030303024,37.57575757575757,25.454545454545453
E00168508,123,32,9,23,91,64,27,26.01626016260163,7.317073170731707,18.69918699186992,73.98373983739837,52.03252032520326,21.951219512195124
E00168510,154,48,17,31,106,72,34,31.16883116883117,11.03896103896104,20.12987012987013,68.83116883116884,46.75324675324675,22.07792207792208
E00168511,112,38,16,22,74,59,15,33.92857142857143,14.285714285714285,19.642857142857142,66.07142857142857,52.67857142857143,13.392857142857142
E00168513,128,40,11,29,88,55,33,31.25,8.59375,22.65625,68.75,42.96875,25.78125
E00168514,205,80,36,44,125,91,34,39.02439024390244,17.560975609756095,21.463414634146343,60.97560975609756,44.390243902439025,16.585365853658537
E00168516,134,37,8,29,97,89,8,27.611940298507463,5.970149253731343,21.641791044776117,72.38805970149254,66.4179104477612,5.970149253731343
E00168517,74,24,6,18,50,42,8,32.432432432432435,8.108108108108109,24.324324324324326,67.56756756756756,56.75675675675676,10.81081081081081
E00168519,53,13,4,9,40,35,5,24.528301886792452,7.547169811320755,16.9811320754717,75.47169811320755,66.0377358490566,9.433962264150944
E00168520,73,23,3,20,50,38,12,31.506849315068493,4.10958904109589,27.397260273972602,68.4931506849315,52.054794520547944,16.43835616438356
E00168522,175,39,11,28,136,117,19,22.285714285714285,6.2857142857142865,16,77.71428571428571,66.85714285714286,10.857142857142858
E00168524,164,42,14,28,122,107,15,25.609756097560975,8.536585365853659,17.073170731707318,74.39024390243902,65.2439024390244,9.146341463414634
E00168525,171,45,12,33,126,110,16,26.31578947368421,7.017543859649122,19.298245614035086,73.68421052631578,64.32748538011695,9.35672514619883
E00168527,159,45,13,32,114,92,22,28.30188679245283,8.176100628930817,20.125786163522015,71.69811320754717,57.861635220125784,13.836477987421384
E00168528,74,28,12,16,46,36,10,37.83783783783784,16.216216216216218,21.62162162162162,62.16216216216216,48.64864864864865,13.513513513513514
E00168530,182,47,11,36,135,112,23,25.82417582417583,6.043956043956044,19.78021978021978,74.17582417582418,61.53846153846154,12.637362637362637
E00168531,151,52,15,37,99,78,21,34.437086092715234,9.933774834437086,24.503311258278146,65.56291390728477,51.65562913907284,13.90728476821192
E00168533,144,48,19,29,96,61,35,33.33333333333333,13.194444444444445,20.13888888888889,66.66666666666666,42.36111111111111,24.305555555555554
E00168534,152,39,11,28,113,77,36,25.657894736842106,7.236842105263158,18.421052631578945,74.3421052631579,50.6578947368421,23.684210526315788
E00168536,304,72,23,49,232,187,45,23.684210526315788,7.565789473684211,16.11842105263158,76.31578947368422,61.51315789473685,14.802631578947366
E00168538,117,38,10,28,79,53,26,32.47863247863248,8.547008547008547,23.931623931623932,67.52136752136752,45.2991452991453,22.22222222222222
E00187154,102,33,17,16,69,62,7,32.35294117647059,16.666666666666664,15.686274509803921,67.64705882352942,60.78431372549019,6.862745098039216
E00187155,142,47,20,27,95,50,45,33.098591549295776,14.084507042253522,19.014084507042252,66.90140845070422,35.2112676056338,31.690140845070424
E00187156,197,59,23,36,138,115,23,29.949238578680205,11.6751269035533,18.274111675126903,70.05076142131979,58.37563451776649,11.6751269035533
E00187157,148,54,20,34,94,61,33,36.486486486486484,13.513513513513514,22.972972972972975,63.51351351351351,41.21621621621622,22.2972972972973
E00187184,188,48,12,36,140,128,12,25.53191489361702,6.382978723404255,19.148936170212767,74.46808510638297,68.08510638297872,6.382978723404255
E00187187,194,61,18,43,133,100,33,31.443298969072163,9.278350515463918,22.164948453608247,68.55670103092784,51.546391752577314,17.010309278350515
E00187201,66,19,4,15,47,40,7,28.78787878787879,6.0606060606060606,22.727272727272727,71.21212121212122,60.60606060606061,10.606060606060606
E00187224,138,33,11,22,105,87,18,23.91304347826087,7.971014492753622,15.942028985507244,76.08695652173914,63.04347826086957,13.043478260869565
E00187227,236,70,19,51,166,137,29,29.66101694915254,8.050847457627118,21.610169491525426,70.33898305084746,58.05084745762712,12.288135593220339
E00187232,218,53,21,32,165,145,20,24.31192660550459,9.63302752293578,14.678899082568808,75.68807339449542,66.5137614678899,9.174311926605505
E00187238,308,83,17,66,225,180,45,26.948051948051948,5.51948051948052,21.428571428571427,73.05194805194806,58.44155844155844,14.61038961038961
E00187241,51,19,9,10,32,27,5,37.254901960784316,17.647058823529413,19.607843137254903,62.745098039215684,52.94117647058824,9.803921568627452
E00187245,115,22,8,14,93,82,11,19.130434782608695,6.956521739130435,12.173913043478262,80.8695652173913,71.30434782608695,9.565217391304348
E00187284,176,42,13,29,134,109,25,23.863636363636363,7.386363636363637,16.477272727272727,76.13636363636364,61.93181818181818,14.204545454545455
E00187285,115,34,10,24,81,72,9,29.565217391304348,8.695652173913043,20.869565217391305,70.43478260869566,62.60869565217392,7.82608695652174
E00187291,60,22,11,11,38,35,3,36.666666666666664,18.333333333333332,18.333333333333332,63.33333333333333,58.333333333333336,5
E00187292,219,47,18,29,172,150,22,21.461187214611872,8.21917808219178,13.24200913242009,78.53881278538812,68.4931506849315,10.045662100456621
E00187294,112,22,5,17,90,72,18,19.642857142857142,4.464285714285714,15.178571428571427,80.35714285714286,64.28571428571429,16.071428571428573
E00187298,167,47,16,31,120,98,22,28.143712574850298,9.580838323353294,18.562874251497004,71.8562874251497,58.68263473053892,13.17365269461078
E00187303,133,42,12,30,91,66,25,31.57894736842105,9.022556390977442,22.55639097744361,68.42105263157895,49.62406015037594,18.796992481203006
E00187314,151,41,9,32,110,88,22,27.1523178807947,5.960264900662252,21.192052980132452,72.84768211920529,58.27814569536424,14.56953642384106
E00187315,152,32,14,18,120,100,20,21.052631578947366,9.210526315789473,11.842105263157894,78.94736842105263,65.78947368421053,13.157894736842104
