OA,ts0590001,ts0590002,ts0590003,ts0590004,ts0590005,ts0590006,ts0590007,ts0590002_PCT,ts0590003_PCT,ts0590004_PCT,ts0590005_PCT,ts0590006_PCT,ts0590007_PCT
E00027655,153,30,9,21,123,103,20,19.607843137254903,5.88235294117647,13.725490196078432,80.3921568627451,67.3202614379085,13.071895424836603
E00027656,81,28,7,21,53,48,5,34.5679012345679,8.641975308641975,25.925925925925924,65.4320987654321,59.25925925925925,6.172839506172839
E00027657,205,45,15,30,160,138,22,21.951219512195124,7.317073170731707,14.634146341463413,78.04878048780488,67.31707317073172,10.731707317073171
E00027658,186,46,16,30,140,126,14,24.731182795698924,8.60215053763441,16.129032258064516,75.26881720430107,67.74193548387096,7.526881720430108
E00027659,69,20,6,14,49,39,10,28.985507246376812,8.695652173913043,20.28985507246377,71.01449275362319,56.52173913043478,14.492753623188406
E00027661,84,23,7,16,61,52,9,27.380952380952383,8.333333333333332,19.047619047619047,72.61904761904762,61.904761904761905,10.714285714285714
E00027662,184,56,18,38,128,115,13,30.434782608695656,9.782608695652174,20.652173913043477,69.56521739130434,62.5,7.065217391304348
E00027663,71,27,9,18,44,40,4,38.028169014084504,12.676056338028168,25.352112676056336,61.97183098591549,56.33802816901409,5.633802816901409
E00027664,116,48,10,38,68,60,8,41.37931034482759,8.620689655172415,32.758620689655174,58.620689655172406,51.724137931034484,6.896551724137931
E00027665,143,30,4,26,113,105,8,20.97902097902098,2.797202797202797,18.181818181818183,79.02097902097903,73.42657342657343,5.594405594405594
E00027666,88,29,8,21,59,54,5,32.95454545454545,9.090909090909092,23.863636363636363,67.04545454545455,61.36363636363637,5.681818181818182
E00027667,104,26,6,20,78,65,13,25,5.769230769230769,19.230769230769234,75,62.5,12.5
E00027668,110,28,12,16,82,73,9,25.454545454545453,10.909090909090908,14.545454545454545,74.54545454545455,66.36363636363637,8.181818181818182
E00027669,107,29,7,22,78,65,13,27.102803738317753,6.5420560747663545,20.5607476635514,72.89719626168224,60.747663551401864,12.149532710280374
E00027670,255,68,13,55,187,170,17,26.666666666666668,5.098039215686274,21.568627450980394,73.33333333333333,66.66666666666666,6.666666666666667
E00027671,167,62,19,43,105,95,10,37.12574850299401,11.377245508982035,25.748502994011975,62.874251497005986,56.886227544910184,5.9880239520958085
E00027672,121,33,12,21,88,76,12,27.27272727272727,9.917355371900827,17.355371900826448,72.72727272727273,62.8099173553719,9.917355371900827
E00027673,122,29,3,26,93,76,17,23.770491803278688,2.459016393442623,21.311475409836063,76.22950819672131,62.295081967213115,13.934426229508196
E00027674,142,37,12,25,105,94,11,26.056338028169012,8.450704225352112,17.6056338028169,73.94366197183099,66.19718309859155,7.746478873239436
E00027675,182,67,25,42,115,99,16,36.81318681318682,13.736263736263737,23.076923076923077,63.18681318681318,54.395604395604394,8.791208791208792
E00027676,142,32,8,24,110,102,8,22.535211267605636,5.633802816901409,16.901408450704224,77.46478873239437,71.83098591549296,5.633802816901409
E00027677,194,65,22,43,129,118,11,33.50515463917525,11.34020618556701,22.164948453608247,66.49484536082474,60.824742268041234,5.670103092783505
E00027678,195,56,13,43,139,127,12,28.717948717948715,6.666666666666667,22.05128205128205,71.28205128205128,65.12820512820512,6.153846153846154
E00027679,167,61,10,51,106,86,20,36.52694610778443,5.9880239520958085,30.538922155688624,63.47305389221557,51.49700598802395,11.976047904191617
E00027680,136,40,10,30,96,87,9,29.411764705882355,7.352941176470589,22.058823529411764,70.58823529411765,63.970588235294116,6.61764705882353
E00027681,169,61,19,42,108,96,12,36.09467455621302,11.242603550295858,24.85207100591716,63.905325443786985,56.80473372781065,7.100591715976331
E00027682,65,19,5,14,46,41,5,29.230769230769234,7.6923076923076925,21.53846153846154,70.76923076923077,63.07692307692307,7.6923076923076925
E00027683,81,34,6,28,47,43,4,41.9753086419753,7.4074074074074066,34.5679012345679,58.0246913580247,53.086419753086425,4.938271604938271
E00027684,164,55,18,37,109,101,8,33.53658536585366,10.975609756097562,22.5609756097561,66.46341463414635,61.58536585365854,4.878048780487805
E00027685,153,53,16,37,100,92,8,34.64052287581699,10.457516339869281,24.183006535947712,65.359477124183,60.130718954248366,5.228758169934641
E00027686,138,53,21,32,85,73,12,38.405797101449274,15.217391304347828,23.18840579710145,61.59420289855072,52.89855072463768,8.695652173913043
E00027687,157,44,19,25,113,101,12,28.02547770700637,12.101910828025478,15.92356687898089,71.97452229299363,64.3312101910828,7.643312101910828
E00027688,110,26,4,22,84,79,5,23.636363636363637,3.6363636363636362,20,76.36363636363637,71.81818181818181,4.545454545454546
E00027689,120,30,8,22,90,77,13,25,6.666666666666667,18.333333333333332,75,64.16666666666667,10.833333333333334
E00027690,111,55,19,36,56,52,4,49.549549549549546,17.117117117117118,32.432432432432435,50.45045045045045,46.846846846846844,3.6036036036036037
E00027691,152,60,12,48,92,86,6,39.473684210526315,7.894736842105263,31.57894736842105,60.526315789473685,56.57894736842105,3.9473684210526314
E00027693,141,52,8,44,89,80,9,36.87943262411347,5.673758865248227,31.20567375886525,63.12056737588653,56.73758865248227,6.382978723404255
E00027694,139,48,12,36,91,81,10,34.53237410071942,8.633093525179856,25.899280575539567,65.46762589928058,58.27338129496403,7.1942446043165464
E00027695,135,60,9,51,75,74,1,44.44444444444444,6.666666666666667,37.77777777777778,55.55555555555556,54.81481481481482,0.7407407407407408
E00027696,96,29,12,17,67,52,15,30.208333333333332,12.5,17.708333333333336,69.79166666666666,54.166666666666664,15.625
E00027697,113,48,14,34,65,60,5,42.47787610619469,12.389380530973451,30.08849557522124,57.52212389380531,53.09734513274337,4.424778761061947
E00027698,145,52,11,41,93,80,13,35.86206896551724,7.586206896551724,28.27586206896552,64.13793103448275,55.172413793103445,8.96551724137931
E00027699,155,70,17,53,85,81,4,45.16129032258064,10.967741935483872,34.193548387096776,54.83870967741935,52.25806451612903,2.5806451612903225
E00027700,140,53,10,43,87,86,1,37.857142857142854,7.142857142857142,30.714285714285715,62.142857142857146,61.42857142857143,0.7142857142857143
E00027701,151,54,15,39,97,87,10,35.76158940397351,9.933774834437086,25.82781456953642,64.23841059602648,57.615894039735096,6.622516556291391
E00027702,128,47,19,28,81,73,8,36.71875,14.84375,21.875,63.28125,57.03125,6.25
E00027703,152,63,15,48,89,78,11,41.44736842105263,9.868421052631579,31.57894736842105,58.55263157894737,51.31578947368421,7.236842105263158
E00027704,135,47,12,35,88,79,9,34.81481481481482,8.88888888888889,25.925925925925924,65.18518518518519,58.51851851851851,6.666666666666667
E00027705,141,57,10,47,84,72,12,40.42553191489361,7.092198581560284,33.33333333333333,59.57446808510638,51.06382978723404,8.51063829787234
E00027706,99,31,7,24,68,64,4,31.313131313131315,7.07070707070707,24.242424242424242,68.68686868686868,64.64646464646465,4.040404040404041
E00027707,141,46,9,37,95,86,9,32.62411347517731,6.382978723404255,26.24113475177305,67.37588652482269,60.99290780141844,6.382978723404255
E00027708,146,50,11,39,96,83,13,34.24657534246575,7.534246575342466,26.71232876712329,65.75342465753424,56.849315068493155,8.904109589041095
E00027709,124,57,11,46,67,64,3,45.96774193548387,8.870967741935484,37.096774193548384,54.03225806451613,51.61290322580645,2.4193548387096775
E00027710,137,61,18,43,76,71,5,44.52554744525548,13.138686131386862,31.386861313868614,55.47445255474452,51.82481751824818,3.64963503649635
E00027711,88,27,7,20,61,57,4,30.681818181818183,7.954545454545454,22.727272727272727,69.31818181818183,64.77272727272727,4.545454545454546
E00027712,132,47,14,33,85,76,9,35.60606060606061,10.606060606060606,25,64.39393939393939,57.57575757575758,6.8181818181818175
E00027713,127,42,8,34,85,76,9,33.07086614173229,6.299212598425196,26.77165354330709,66.92913385826772,59.84251968503938,7.086614173228346
E00027714,155,48,13,35,107,94,13,30.967741935483872,8.38709677419355,22.58064516129032,69.03225806451613,60.64516129032258,8.38709677419355
E00027715,168,64,21,43,104,91,13,38.095238095238095,12.5,25.595238095238095,61.904761904761905,54.166666666666664,7.738095238095238
E00027716,119,35,5,30,84,74,10,29.411764705882355,4.201680672268908,25.210084033613445,70.58823529411765,62.18487394957983,8.403361344537815
E00027717,128,35,13,22,93,82,11,27.34375,10.15625,17.1875,72.65625,64.0625,8.59375
E00027718,152,52,15,37,100,94,6,34.21052631578947,9.868421052631579,24.342105263157894,65.78947368421053,61.8421052631579,3.9473684210526314
E00027719,131,43,15,28,88,83,5,32.82442748091603,11.450381679389313,21.374045801526716,67.17557251908397,63.358778625954194,3.816793893129771
E00027720,141,39,12,27,102,91,11,27.659574468085108,8.51063829787234,19.148936170212767,72.3404255319149,64.53900709219859,7.801418439716312
E00027721,149,38,9,29,111,91,20,25.503355704697988,6.0402684563758395,19.463087248322147,74.49664429530202,61.07382550335571,13.422818791946309
E00027722,275,63,18,45,212,182,30,22.90909090909091,6.545454545454546,16.363636363636363,77.0909090909091,66.18181818181819,10.909090909090908
E00027723,130,46,11,35,84,77,7,35.38461538461539,8.461538461538462,26.923076923076923,64.61538461538461,59.23076923076923,5.384615384615385
E00027724,186,44,19,25,142,131,11,23.655913978494624,10.21505376344086,13.440860215053762,76.34408602150538,70.43010752688173,5.913978494623656
E00027725,124,29,12,17,95,86,9,23.387096774193548,9.67741935483871,13.709677419354838,76.61290322580645,69.35483870967742,7.258064516129033
E00027726,117,38,15,23,79,67,12,32.47863247863248,12.82051282051282,19.65811965811966,67.52136752136752,57.26495726495726,10.256410256410255
E00027727,118,39,11,28,79,71,8,33.05084745762712,9.322033898305085,23.728813559322035,66.94915254237289,60.16949152542372,6.779661016949152
E00027728,78,29,9,20,49,39,10,37.17948717948718,11.538461538461538,25.64102564102564,62.82051282051282,50,12.82051282051282
E00027729,120,37,11,26,83,77,6,30.833333333333336,9.166666666666666,21.666666666666668,69.16666666666667,64.16666666666667,5
E00027730,114,35,19,16,79,70,9,30.701754385964914,16.666666666666664,14.035087719298245,69.2982456140351,61.40350877192983,7.894736842105263
E00027731,111,32,6,26,79,75,4,28.82882882882883,5.405405405405405,23.423423423423422,71.17117117117117,67.56756756756756,3.6036036036036037
E00027732,130,40,8,32,90,82,8,30.76923076923077,6.153846153846154,24.615384615384617,69.23076923076923,63.07692307692307,6.153846153846154
E00027733,75,27,4,23,48,44,4,36,5.333333333333334,30.666666666666664,64,58.666666666666664,5.333333333333334
E00027734,176,49,15,34,127,107,20,27.84090909090909,8.522727272727272,19.318181818181817,72.1590909090909,60.79545454545454,11.363636363636363
E00027735,110,40,6,34,70,58,12,36.36363636363637,5.454545454545454,30.909090909090907,63.63636363636363,52.72727272727272,10.909090909090908
E00027736,121,40,12,28,81,71,10,33.057851239669425,9.917355371900827,23.140495867768596,66.94214876033058,58.67768595041323,8.264462809917356
E00027738,84,33,6,27,51,46,5,39.285714285714285,7.142857142857142,32.142857142857146,60.71428571428571,54.761904761904766,5.952380952380952
E00027739,114,30,5,25,84,77,7,26.31578947368421,4.385964912280701,21.929824561403507,73.68421052631578,67.54385964912281,6.140350877192982
E00027740,76,19,7,12,57,52,5,25,9.210526315789473,15.789473684210526,75,68.42105263157895,6.578947368421052
E00027741,226,61,19,42,165,146,19,26.991150442477874,8.4070796460177,18.58407079646018,73.00884955752213,64.60176991150442,8.4070796460177
E00027742,142,35,10,25,107,91,16,24.647887323943664,7.042253521126761,17.6056338028169,75.35211267605634,64.08450704225352,11.267605633802818
E00027743,145,29,7,22,116,99,17,20,4.827586206896552,15.172413793103448,80,68.27586206896552,11.724137931034482
E00027744,145,47,9,38,98,85,13,32.41379310344827,6.206896551724138,26.20689655172414,67.58620689655173,58.620689655172406,8.96551724137931
E00027745,148,35,8,27,113,102,11,23.64864864864865,5.405405405405405,18.243243243243242,76.35135135135135,68.91891891891892,7.4324324324324325
E00027746,119,57,17,40,62,56,6,47.89915966386555,14.285714285714285,33.61344537815126,52.10084033613446,47.05882352941176,5.042016806722689
E00027747,136,53,14,39,83,74,9,38.970588235294116,10.294117647058822,28.676470588235293,61.029411764705884,54.41176470588235,6.61764705882353
E00027748,95,31,9,22,64,59,5,32.631578947368425,9.473684210526317,23.157894736842106,67.36842105263158,62.10526315789474,5.263157894736842
E00027749,179,68,27,41,111,103,8,37.988826815642454,15.083798882681565,22.905027932960895,62.01117318435754,57.54189944134078,4.4692737430167595
E00027750,104,42,11,31,62,53,9,40.38461538461539,10.576923076923077,29.807692307692307,59.61538461538461,50.96153846153846,8.653846153846153
E00027751,103,38,12,26,65,57,8,36.89320388349515,11.650485436893204,25.24271844660194,63.10679611650486,55.33980582524271,7.766990291262135
E00027752,234,99,35,64,135,127,8,42.30769230769231,14.957264957264957,27.350427350427353,57.692307692307686,54.27350427350427,3.418803418803419
E00027753,172,72,18,54,100,86,14,41.86046511627907,10.465116279069768,31.3953488372093,58.139534883720934,50,8.13953488372093
E00027754,149,58,23,35,91,86,5,38.92617449664429,15.436241610738255,23.48993288590604,61.07382550335571,57.71812080536913,3.3557046979865772
E00027755,136,52,17,35,84,71,13,38.23529411764706,12.5,25.735294117647058,61.76470588235294,52.20588235294118,9.558823529411764
E00027756,105,45,14,31,60,60,0,42.857142857142854,13.333333333333334,29.523809523809526,57.14285714285714,57.14285714285714,0
E00027757,159,68,26,42,91,79,12,42.76729559748428,16.352201257861633,26.41509433962264,57.23270440251572,49.685534591194966,7.547169811320755
E00027758,139,60,21,39,79,76,3,43.16546762589928,15.107913669064748,28.05755395683453,56.83453237410072,54.67625899280576,2.158273381294964
E00027759,154,60,19,41,94,89,5,38.961038961038966,12.337662337662337,26.623376623376622,61.038961038961034,57.7922077922078,3.2467532467532463
E00027760,211,104,34,70,107,94,13,49.28909952606635,16.113744075829384,33.175355450236964,50.71090047393365,44.54976303317535,6.161137440758294
E00027761,49,19,6,13,30,25,5,38.775510204081634,12.244897959183673,26.53061224489796,61.224489795918366,51.02040816326531,10.204081632653061
E00027762,110,37,9,28,73,68,5,33.63636363636363,8.181818181818182,25.454545454545453,66.36363636363637,61.81818181818181,4.545454545454546
E00027763,140,53,17,36,87,80,7,37.857142857142854,12.142857142857142,25.71428571428571,62.142857142857146,57.14285714285714,5
E00027764,130,56,15,41,74,66,8,43.07692307692308,11.538461538461538,31.538461538461537,56.92307692307692,50.76923076923077,6.153846153846154
E00027765,212,64,20,44,148,137,11,30.18867924528302,9.433962264150944,20.754716981132077,69.81132075471697,64.62264150943396,5.188679245283019
E00027766,111,34,8,26,77,72,5,30.630630630630627,7.207207207207207,23.423423423423422,69.36936936936937,64.86486486486487,4.504504504504505
E00027767,66,31,9,22,35,33,2,46.96969696969697,13.636363636363635,33.33333333333333,53.03030303030303,50,3.0303030303030303
E00027768,69,37,8,29,32,31,1,53.62318840579711,11.594202898550725,42.028985507246375,46.3768115942029,44.927536231884055,1.4492753623188406
E00027769,97,41,9,32,56,52,4,42.2680412371134,9.278350515463918,32.98969072164948,57.73195876288659,53.608247422680414,4.123711340206185
E00027770,73,27,5,22,46,40,6,36.986301369863014,6.8493150684931505,30.136986301369863,63.013698630136986,54.794520547945204,8.21917808219178
E00027771,62,14,9,5,48,41,7,22.58064516129032,14.516129032258066,8.064516129032258,77.41935483870968,66.12903225806451,11.29032258064516
E00027772,38,16,5,11,22,21,1,42.10526315789473,13.157894736842104,28.947368421052634,57.89473684210527,55.26315789473685,2.631578947368421
E00027773,38,14,2,12,24,23,1,36.84210526315789,5.263157894736842,31.57894736842105,63.1578947368421,60.526315789473685,2.631578947368421
E00027776,48,12,3,9,36,32,4,25,6.25,18.75,75,66.66666666666666,8.333333333333332
E00027777,82,27,9,18,55,47,8,32.926829268292686,10.975609756097562,21.951219512195124,67.07317073170732,57.3170731707317,9.75609756097561
E00027778,72,17,3,14,55,46,9,23.61111111111111,4.166666666666666,19.444444444444446,76.38888888888889,63.888888888888886,12.5
E00027779,108,37,10,27,71,61,10,34.25925925925926,9.25925925925926,25,65.74074074074075,56.481481481481474,9.25925925925926
E00027780,161,51,19,32,110,91,19,31.67701863354037,11.801242236024844,19.875776397515526,68.32298136645963,56.52173913043478,11.801242236024844
E00027781,243,70,13,57,173,145,28,28.80658436213992,5.349794238683128,23.456790123456788,71.19341563786008,59.67078189300411,11.522633744855968
E00027782,185,62,9,53,123,106,17,33.513513513513516,4.864864864864865,28.64864864864865,66.48648648648648,57.2972972972973,9.18918918918919
E00027783,106,47,13,34,59,52,7,44.339622641509436,12.264150943396226,32.075471698113205,55.660377358490564,49.056603773584904,6.60377358490566
E00027784,224,71,20,51,153,137,16,31.69642857142857,8.928571428571429,22.767857142857142,68.30357142857143,61.16071428571429,7.142857142857142
E00027785,99,30,13,17,69,58,11,30.303030303030305,13.131313131313133,17.17171717171717,69.6969696969697,58.58585858585859,11.11111111111111
E00027786,102,21,13,8,81,58,23,20.588235294117645,12.745098039215685,7.8431372549019605,79.41176470588235,56.86274509803921,22.54901960784314
E00027787,101,33,10,23,68,57,11,32.67326732673268,9.900990099009901,22.772277227722775,67.32673267326733,56.43564356435643,10.891089108910892
E00027788,143,55,25,30,88,73,15,38.46153846153847,17.482517482517483,20.97902097902098,61.53846153846154,51.048951048951054,10.48951048951049
E00027790,136,28,5,23,108,91,17,20.588235294117645,3.6764705882352944,16.911764705882355,79.41176470588235,66.91176470588235,12.5
E00027791,146,39,10,29,107,97,10,26.71232876712329,6.8493150684931505,19.863013698630137,73.28767123287672,66.43835616438356,6.8493150684931505
E00027792,112,42,9,33,70,60,10,37.5,8.035714285714286,29.464285714285715,62.5,53.57142857142857,8.928571428571429
E00027793,139,42,13,29,97,87,10,30.215827338129497,9.352517985611511,20.863309352517987,69.7841726618705,62.589928057553955,7.1942446043165464
E00027794,148,43,14,29,105,83,22,29.054054054054053,9.45945945945946,19.594594594594593,70.94594594594594,56.08108108108109,14.864864864864865
E00027795,139,34,12,22,105,94,11,24.46043165467626,8.633093525179856,15.827338129496402,75.53956834532374,67.62589928057554,7.913669064748201
E00027796,137,21,2,19,116,99,17,15.328467153284672,1.4598540145985401,13.86861313868613,84.67153284671532,72.26277372262774,12.408759124087592
E00027797,153,53,18,35,100,95,5,34.64052287581699,11.76470588235294,22.875816993464053,65.359477124183,62.091503267973856,3.2679738562091507
E00027798,128,44,12,32,84,68,16,34.375,9.375,25,65.625,53.125,12.5
E00027799,158,56,20,36,102,92,10,35.44303797468354,12.658227848101266,22.78481012658228,64.55696202531645,58.22784810126582,6.329113924050633
E00027800,136,46,16,30,90,79,11,33.82352941176471,11.76470588235294,22.058823529411764,66.17647058823529,58.08823529411765,8.088235294117647
E00027801,125,32,11,21,93,84,9,25.6,8.799999999999999,16.8,74.4,67.2,7.199999999999999
E00027802,136,44,12,32,92,84,8,32.35294117647059,8.823529411764707,23.52941176470588,67.64705882352942,61.76470588235294,5.88235294117647
E00027803,179,66,15,51,113,107,6,36.87150837988827,8.379888268156424,28.49162011173184,63.128491620111724,59.77653631284916,3.35195530726257
E00027804,136,49,22,27,87,78,9,36.029411764705884,16.176470588235293,19.852941176470587,63.970588235294116,57.35294117647059,6.61764705882353
E00027805,163,46,14,32,117,103,14,28.22085889570552,8.588957055214724,19.631901840490798,71.77914110429448,63.190184049079754,8.588957055214724
E00027806,96,32,9,23,64,56,8,33.33333333333333,9.375,23.958333333333336,66.66666666666666,58.333333333333336,8.333333333333332
E00027807,91,29,13,16,62,52,10,31.868131868131865,14.285714285714285,17.582417582417584,68.13186813186813,57.14285714285714,10.989010989010989
E00027808,165,49,13,36,116,97,19,29.6969696969697,7.878787878787878,21.818181818181817,70.3030303030303,58.78787878787879,11.515151515151516
E00027809,103,33,12,21,70,67,3,32.038834951456316,11.650485436893204,20.388349514563107,67.96116504854369,65.0485436893204,2.912621359223301
E00027810,91,26,6,20,65,60,5,28.57142857142857,6.593406593406594,21.978021978021978,71.42857142857143,65.93406593406593,5.4945054945054945
E00027811,188,41,12,29,147,132,15,21.808510638297875,6.382978723404255,15.425531914893616,78.19148936170212,70.2127659574468,7.9787234042553195
E00027812,116,40,19,21,76,69,7,34.48275862068966,16.379310344827587,18.103448275862068,65.51724137931035,59.48275862068966,6.0344827586206895
E00027813,214,54,16,38,160,141,19,25.233644859813083,7.476635514018691,17.75700934579439,74.76635514018692,65.88785046728972,8.878504672897195
E00027814,136,43,12,31,93,82,11,31.61764705882353,8.823529411764707,22.794117647058822,68.38235294117648,60.29411764705882,8.088235294117647
E00027815,208,53,14,39,155,136,19,25.48076923076923,6.730769230769231,18.75,74.51923076923077,65.38461538461539,9.134615384615383
E00027816,127,46,13,33,81,72,9,36.22047244094488,10.236220472440944,25.984251968503933,63.77952755905512,56.69291338582677,7.086614173228346
E00027817,137,40,20,20,97,80,17,29.1970802919708,14.5985401459854,14.5985401459854,70.8029197080292,58.3941605839416,12.408759124087592
E00027818,198,40,11,29,158,143,15,20.2020202020202,5.555555555555555,14.646464646464647,79.7979797979798,72.22222222222221,7.575757575757576
E00027819,149,59,20,39,90,74,16,39.59731543624161,13.422818791946309,26.174496644295303,60.40268456375839,49.664429530201346,10.738255033557047
E00027820,104,44,16,28,60,53,7,42.30769230769231,15.384615384615385,26.923076923076923,57.692307692307686,50.96153846153846,6.730769230769231
E00027821,86,36,14,22,50,44,6,41.86046511627907,16.27906976744186,25.581395348837212,58.139534883720934,51.162790697674424,6.976744186046512
E00027822,152,36,10,26,116,90,26,23.684210526315788,6.578947368421052,17.105263157894736,76.31578947368422,59.210526315789465,17.105263157894736
E00027823,116,33,20,13,83,70,13,28.448275862068968,17.24137931034483,11.206896551724139,71.55172413793103,60.3448275862069,11.206896551724139
E00027824,84,27,6,21,57,51,6,32.142857142857146,7.142857142857142,25,67.85714285714286,60.71428571428571,7.142857142857142
E00027825,136,35,10,25,101,80,21,25.735294117647058,7.352941176470589,18.38235294117647,74.26470588235294,58.82352941176471,15.441176470588236
E00027826,131,40,15,25,91,79,12,30.53435114503817,11.450381679389313,19.083969465648856,69.46564885496184,60.30534351145038,9.16030534351145
E00027827,123,31,7,24,92,82,10,25.203252032520325,5.691056910569105,19.51219512195122,74.79674796747967,66.66666666666666,8.130081300813007
E00027828,93,34,11,23,59,51,8,36.55913978494624,11.827956989247312,24.731182795698924,63.44086021505376,54.83870967741935,8.60215053763441
E00027829,104,31,5,26,73,65,8,29.807692307692307,4.807692307692308,25,70.1923076923077,62.5,7.6923076923076925
E00027830,136,34,13,21,102,87,15,25,9.558823529411764,15.441176470588236,75,63.970588235294116,11.029411764705882
E00027831,120,41,15,26,79,66,13,34.166666666666664,12.5,21.666666666666668,65.83333333333333,55.00000000000001,10.833333333333334
E00027832,125,34,7,27,91,75,16,27.200000000000003,5.6000000000000005,21.6,72.8,60,12.8
E00027833,141,34,11,23,107,97,10,24.113475177304963,7.801418439716312,16.312056737588655,75.88652482269504,68.79432624113475,7.092198581560284
E00027834,93,22,5,17,71,68,3,23.655913978494624,5.376344086021505,18.27956989247312,76.34408602150538,73.11827956989248,3.225806451612903
E00027835,144,33,8,25,111,100,11,22.916666666666664,5.555555555555555,17.36111111111111,77.08333333333334,69.44444444444444,7.638888888888889
E00027836,106,28,7,21,78,67,11,26.41509433962264,6.60377358490566,19.81132075471698,73.58490566037736,63.20754716981132,10.377358490566039
E00027837,117,34,10,24,83,76,7,29.059829059829063,8.547008547008547,20.51282051282051,70.94017094017094,64.95726495726495,5.982905982905983
E00027838,111,34,11,23,77,75,2,30.630630630630627,9.90990990990991,20.72072072072072,69.36936936936937,67.56756756756756,1.8018018018018018
E00027839,141,39,13,26,102,88,14,27.659574468085108,9.219858156028367,18.439716312056735,72.3404255319149,62.4113475177305,9.929078014184398
E00027840,140,36,11,25,104,97,7,25.71428571428571,7.857142857142857,17.857142857142858,74.28571428571429,69.28571428571428,5
E00027841,96,24,4,20,72,61,11,25,4.166666666666666,20.833333333333336,75,63.541666666666664,11.458333333333332
E00027842,166,44,14,30,122,104,18,26.506024096385545,8.433734939759036,18.072289156626507,73.49397590361446,62.65060240963856,10.843373493975903
E00027843,116,32,9,23,84,69,15,27.586206896551722,7.758620689655173,19.82758620689655,72.41379310344827,59.48275862068966,12.931034482758621
E00027844,140,37,12,25,103,88,15,26.42857142857143,8.571428571428571,17.857142857142858,73.57142857142858,62.857142857142854,10.714285714285714
E00027845,130,33,10,23,97,80,17,25.384615384615383,7.6923076923076925,17.692307692307693,74.61538461538461,61.53846153846154,13.076923076923078
E00027846,103,29,8,21,74,64,10,28.155339805825243,7.766990291262135,20.388349514563107,71.84466019417476,62.13592233009708,9.70873786407767
E00027847,110,37,4,33,73,62,11,33.63636363636363,3.6363636363636362,30,66.36363636363637,56.36363636363636,10
E00027848,41,12,2,10,29,27,2,29.268292682926827,4.878048780487805,24.390243902439025,70.73170731707317,65.85365853658537,4.878048780487805
E00027849,147,46,15,31,101,93,8,31.292517006802722,10.204081632653061,21.08843537414966,68.70748299319727,63.26530612244898,5.442176870748299
E00027850,164,36,14,22,128,117,11,21.951219512195124,8.536585365853659,13.414634146341465,78.04878048780488,71.34146341463415,6.707317073170732
E00027851,134,37,8,29,97,87,10,27.611940298507463,5.970149253731343,21.641791044776117,72.38805970149254,64.92537313432835,7.462686567164178
E00027852,102,26,12,14,76,63,13,25.49019607843137,11.76470588235294,13.725490196078432,74.50980392156863,61.76470588235294,12.745098039215685
E00027853,123,36,10,26,87,80,7,29.268292682926827,8.130081300813007,21.138211382113823,70.73170731707317,65.04065040650406,5.691056910569105
E00027854,127,32,10,22,95,87,8,25.196850393700785,7.874015748031496,17.322834645669293,74.80314960629921,68.50393700787401,6.299212598425196
E00027855,173,44,7,37,129,110,19,25.43352601156069,4.046242774566474,21.38728323699422,74.56647398843931,63.58381502890174,10.982658959537572
E00027856,131,28,9,19,103,92,11,21.374045801526716,6.870229007633588,14.50381679389313,78.62595419847328,70.22900763358778,8.396946564885496
E00027857,125,35,9,26,90,83,7,28.000000000000004,7.199999999999999,20.8,72,66.4,5.6000000000000005
E00027858,162,43,13,30,119,107,12,26.543209876543212,8.024691358024691,18.51851851851852,73.4567901234568,66.0493827160494,7.4074074074074066
E00027859,106,23,3,20,83,77,6,21.69811320754717,2.8301886792452833,18.867924528301888,78.30188679245283,72.64150943396226,5.660377358490567
E00027861,135,32,15,17,103,98,5,23.703703703703706,11.11111111111111,12.592592592592592,76.29629629629629,72.5925925925926,3.7037037037037033
E00027862,143,29,10,19,114,107,7,20.27972027972028,6.993006993006993,13.286713286713287,79.72027972027972,74.82517482517483,4.895104895104895
E00027863,80,42,8,34,38,35,3,52.5,10,42.5,47.5,43.75,3.75
E00027865,131,30,13,17,101,89,12,22.900763358778626,9.923664122137405,12.977099236641221,77.09923664122137,67.93893129770993,9.16030534351145
E00027866,133,38,11,27,95,88,7,28.57142857142857,8.270676691729323,20.30075187969925,71.42857142857143,66.16541353383458,5.263157894736842
E00027867,130,28,10,18,102,88,14,21.53846153846154,7.6923076923076925,13.846153846153847,78.46153846153847,67.6923076923077,10.76923076923077
E00027868,107,34,12,22,73,68,5,31.775700934579437,11.214953271028037,20.5607476635514,68.22429906542055,63.55140186915887,4.672897196261682
E00027869,195,46,14,32,149,127,22,23.589743589743588,7.179487179487179,16.41025641025641,76.41025641025641,65.12820512820512,11.282051282051283
E00027870,153,37,7,30,116,97,19,24.183006535947712,4.57516339869281,19.607843137254903,75.81699346405229,63.39869281045751,12.418300653594772
E00027871,135,36,7,29,99,93,6,26.666666666666668,5.185185185185185,21.48148148148148,73.33333333333333,68.88888888888889,4.444444444444445
E00027872,145,41,10,31,104,95,9,28.27586206896552,6.896551724137931,21.379310344827587,71.72413793103448,65.51724137931035,6.206896551724138
E00027873,134,40,15,25,94,82,12,29.850746268656714,11.194029850746269,18.65671641791045,70.1492537313433,61.19402985074627,8.955223880597014
E00027874,144,29,9,20,115,102,13,20.13888888888889,6.25,13.88888888888889,79.86111111111111,70.83333333333334,9.027777777777777
E00027875,120,24,7,17,96,86,10,20,5.833333333333333,14.166666666666666,80,71.66666666666667,8.333333333333332
E00027876,149,29,8,21,120,111,9,19.463087248322147,5.369127516778524,14.093959731543624,80.53691275167785,74.49664429530202,6.0402684563758395
E00027877,113,25,5,20,88,62,26,22.123893805309734,4.424778761061947,17.699115044247787,77.87610619469027,54.86725663716814,23.008849557522122
E00027878,135,37,17,20,98,79,19,27.40740740740741,12.592592592592592,14.814814814814813,72.5925925925926,58.51851851851851,14.074074074074074
E00027879,122,23,6,17,99,76,23,18.852459016393443,4.918032786885246,13.934426229508196,81.14754098360656,62.295081967213115,18.852459016393443
E00027880,151,39,15,24,112,98,14,25.82781456953642,9.933774834437086,15.894039735099339,74.17218543046357,64.90066225165563,9.271523178807946
E00027881,148,41,17,24,107,91,16,27.7027027027027,11.486486486486488,16.216216216216218,72.2972972972973,61.48648648648649,10.81081081081081
E00027882,125,35,11,24,90,77,13,28.000000000000004,8.799999999999999,19.2,72,61.6,10.4
E00027884,91,25,5,20,66,63,3,27.472527472527474,5.4945054945054945,21.978021978021978,72.52747252747253,69.23076923076923,3.296703296703297
E00027886,54,16,5,11,38,35,3,29.629629629629626,9.25925925925926,20.37037037037037,70.37037037037037,64.81481481481481,5.555555555555555
E00027887,200,52,12,40,148,137,11,26,6,20,74,68.5,5.5
E00027888,110,29,7,22,81,73,8,26.36363636363636,6.363636363636363,20,73.63636363636363,66.36363636363637,7.2727272727272725
E00027889,99,26,7,19,73,67,6,26.262626262626267,7.07070707070707,19.19191919191919,73.73737373737373,67.67676767676768,6.0606060606060606
E00027891,130,32,4,28,98,87,11,24.615384615384617,3.076923076923077,21.53846153846154,75.38461538461539,66.92307692307692,8.461538461538462
E00027892,123,42,16,26,81,75,6,34.146341463414636,13.008130081300814,21.138211382113823,65.85365853658537,60.97560975609756,4.878048780487805
E00027893,137,47,11,36,90,80,10,34.306569343065696,8.02919708029197,26.277372262773724,65.69343065693431,58.3941605839416,7.2992700729927
E00027894,126,30,6,24,96,88,8,23.809523809523807,4.761904761904762,19.047619047619047,76.19047619047619,69.84126984126983,6.349206349206349
E00027895,109,17,7,10,92,84,8,15.59633027522936,6.422018348623854,9.174311926605505,84.40366972477065,77.06422018348624,7.339449541284404
E00027897,151,49,13,36,102,80,22,32.450331125827816,8.609271523178808,23.841059602649008,67.54966887417218,52.980132450331126,14.56953642384106
E00027898,112,38,12,26,74,70,4,33.92857142857143,10.714285714285714,23.214285714285715,66.07142857142857,62.5,3.571428571428571
E00027899,160,46,10,36,114,97,17,28.749999999999996,6.25,22.5,71.25,60.62499999999999,10.625
E00027900,73,25,11,14,48,44,4,34.24657534246575,15.068493150684931,19.17808219178082,65.75342465753424,60.273972602739725,5.47945205479452
E00027901,135,41,8,33,94,81,13,30.37037037037037,5.9259259259259265,24.444444444444443,69.62962962962963,60,9.62962962962963
E00027902,170,51,16,35,119,106,13,30,9.411764705882353,20.588235294117645,70,62.35294117647059,7.647058823529412
E00027903,127,58,10,48,69,63,6,45.66929133858268,7.874015748031496,37.79527559055118,54.330708661417326,49.60629921259843,4.724409448818897
E00027904,118,30,8,22,88,82,6,25.423728813559322,6.779661016949152,18.64406779661017,74.57627118644068,69.49152542372882,5.084745762711865
E00027905,161,33,8,25,128,120,8,20.496894409937887,4.968944099378882,15.527950310559005,79.5031055900621,74.53416149068323,4.968944099378882
E00027906,125,37,9,28,88,78,10,29.599999999999998,7.199999999999999,22.400000000000002,70.39999999999999,62.4,8
E00027907,126,28,6,22,98,86,12,22.22222222222222,4.761904761904762,17.46031746031746,77.77777777777779,68.25396825396825,9.523809523809524
E00027908,152,40,17,23,112,95,17,26.31578947368421,11.18421052631579,15.131578947368421,73.68421052631578,62.5,11.18421052631579
E00027909,149,32,8,24,117,107,10,21.476510067114095,5.369127516778524,16.10738255033557,78.52348993288591,71.81208053691275,6.7114093959731544
E00027910,140,35,13,22,105,92,13,25,9.285714285714286,15.714285714285714,75,65.71428571428571,9.285714285714286
E00027911,71,20,7,13,51,46,5,28.169014084507044,9.859154929577464,18.30985915492958,71.83098591549296,64.7887323943662,7.042253521126761
E00027912,84,18,5,13,66,57,9,21.428571428571427,5.952380952380952,15.476190476190476,78.57142857142857,67.85714285714286,10.714285714285714
E00027913,136,45,19,26,91,79,12,33.088235294117645,13.970588235294118,19.11764705882353,66.91176470588235,58.08823529411765,8.823529411764707
E00027914,118,27,6,21,91,79,12,22.88135593220339,5.084745762711865,17.796610169491526,77.11864406779661,66.94915254237289,10.16949152542373
E00027915,155,31,9,22,124,109,15,20,5.806451612903226,14.193548387096774,80,70.3225806451613,9.67741935483871
E00027916,153,34,10,24,119,104,15,22.22222222222222,6.535947712418301,15.686274509803921,77.77777777777779,67.97385620915033,9.803921568627452
E00027917,156,37,16,21,119,104,15,23.717948717948715,10.256410256410255,13.461538461538462,76.28205128205127,66.66666666666666,9.615384615384617
E00027918,128,50,13,37,78,74,4,39.0625,10.15625,28.90625,60.9375,57.8125,3.125
E00027919,143,48,11,37,95,82,13,33.56643356643357,7.6923076923076925,25.874125874125873,66.43356643356644,57.34265734265735,9.090909090909092
E00027920,203,54,13,41,149,127,22,26.60098522167488,6.403940886699508,20.19704433497537,73.39901477832512,62.5615763546798,10.83743842364532
E00027921,210,50,12,38,160,123,37,23.809523809523807,5.714285714285714,18.095238095238095,76.19047619047619,58.57142857142858,17.61904761904762
E00027922,120,35,9,26,85,74,11,29.166666666666668,7.5,21.666666666666668,70.83333333333334,61.66666666666667,9.166666666666666
E00027923,179,43,11,32,136,119,17,24.022346368715084,6.145251396648044,17.877094972067038,75.97765363128491,66.4804469273743,9.497206703910614
E00027924,135,39,15,24,96,88,8,28.888888888888886,11.11111111111111,17.77777777777778,71.11111111111111,65.18518518518519,5.9259259259259265
E00027925,109,29,9,20,80,63,17,26.605504587155966,8.256880733944955,18.34862385321101,73.39449541284404,57.798165137614674,15.59633027522936
E00027926,184,40,10,30,144,126,18,21.73913043478261,5.434782608695652,16.304347826086957,78.26086956521739,68.47826086956522,9.782608695652174
E00027927,208,53,12,41,155,130,25,25.48076923076923,5.769230769230769,19.71153846153846,74.51923076923077,62.5,12.01923076923077
E00027928,168,49,14,35,119,105,14,29.166666666666668,8.333333333333332,20.833333333333336,70.83333333333334,62.5,8.333333333333332
E00027929,206,50,17,33,156,130,26,24.271844660194176,8.25242718446602,16.019417475728158,75.72815533980582,63.10679611650486,12.62135922330097
E00027930,155,43,7,36,112,104,8,27.741935483870968,4.516129032258064,23.225806451612904,72.25806451612902,67.0967741935484,5.161290322580645
E00027931,108,23,6,17,85,76,9,21.296296296296298,5.555555555555555,15.74074074074074,78.70370370370371,70.37037037037037,8.333333333333332
E00027932,124,31,10,21,93,84,9,25,8.064516129032258,16.93548387096774,75,67.74193548387096,7.258064516129033
E00027933,123,44,21,23,79,62,17,35.77235772357724,17.073170731707318,18.69918699186992,64.22764227642277,50.40650406504065,13.821138211382115
E00027934,129,26,9,17,103,96,7,20.155038759689923,6.976744186046512,13.178294573643413,79.84496124031007,74.4186046511628,5.426356589147287
E00027935,167,48,18,30,119,110,9,28.74251497005988,10.778443113772456,17.964071856287426,71.25748502994011,65.86826347305389,5.389221556886228
E00027936,111,34,8,26,77,65,12,30.630630630630627,7.207207207207207,23.423423423423422,69.36936936936937,58.55855855855856,10.81081081081081
E00027937,109,26,6,20,83,76,7,23.853211009174313,5.5045871559633035,18.34862385321101,76.14678899082568,69.72477064220183,6.422018348623854
E00027938,134,37,18,19,97,73,24,27.611940298507463,13.432835820895523,14.17910447761194,72.38805970149254,54.47761194029851,17.91044776119403
E00027940,110,21,7,14,89,81,8,19.090909090909093,6.363636363636363,12.727272727272727,80.9090909090909,73.63636363636363,7.2727272727272725
E00027941,112,30,5,25,82,73,9,26.785714285714285,4.464285714285714,22.321428571428573,73.21428571428571,65.17857142857143,8.035714285714286
E00027942,184,45,6,39,139,120,19,24.456521739130434,3.260869565217391,21.195652173913043,75.54347826086956,65.21739130434783,10.326086956521738
E00027943,101,27,5,22,74,65,9,26.732673267326735,4.9504950495049505,21.782178217821784,73.26732673267327,64.35643564356435,8.91089108910891
E00027944,141,38,16,22,103,91,12,26.95035460992908,11.347517730496454,15.602836879432624,73.04964539007092,64.53900709219859,8.51063829787234
E00027945,133,37,7,30,96,87,9,27.819548872180448,5.263157894736842,22.55639097744361,72.18045112781954,65.41353383458647,6.7669172932330826
E00027946,128,32,7,25,96,83,13,25,5.46875,19.53125,75,64.84375,10.15625
E00027947,129,28,10,18,101,82,19,21.705426356589147,7.751937984496124,13.953488372093023,78.29457364341084,63.565891472868216,14.728682170542637
E00027948,144,36,12,24,108,94,14,25,8.333333333333332,16.666666666666664,75,65.27777777777779,9.722222222222223
E00027949,99,26,7,19,73,64,9,26.262626262626267,7.07070707070707,19.19191919191919,73.73737373737373,64.64646464646465,9.090909090909092
E00027950,176,48,11,37,128,103,25,27.27272727272727,6.25,21.022727272727273,72.72727272727273,58.52272727272727,14.204545454545455
E00027951,116,33,10,23,83,69,14,28.448275862068968,8.620689655172415,19.82758620689655,71.55172413793103,59.48275862068966,12.068965517241379
E00027952,130,35,11,24,95,75,20,26.923076923076923,8.461538461538462,18.461538461538463,73.07692307692307,57.692307692307686,15.384615384615385
E00027953,171,38,12,26,133,113,20,22.22222222222222,7.017543859649122,15.204678362573098,77.77777777777779,66.08187134502924,11.695906432748536
E00027954,145,43,15,28,102,93,9,29.655172413793103,10.344827586206897,19.310344827586206,70.34482758620689,64.13793103448275,6.206896551724138
E00027955,138,29,7,22,109,94,15,21.014492753623188,5.072463768115942,15.942028985507244,78.98550724637681,68.11594202898551,10.869565217391305
E00027956,150,35,6,29,115,108,7,23.333333333333332,4,19.333333333333332,76.66666666666667,72,4.666666666666667
E00027957,95,34,8,26,61,56,5,35.78947368421053,8.421052631578947,27.368421052631582,64.21052631578948,58.94736842105262,5.263157894736842
E00027958,94,37,12,25,57,51,6,39.361702127659576,12.76595744680851,26.595744680851062,60.63829787234043,54.25531914893617,6.382978723404255
E00027959,147,31,10,21,116,97,19,21.08843537414966,6.802721088435375,14.285714285714285,78.91156462585033,65.98639455782312,12.925170068027212
E00027960,169,42,8,34,127,115,12,24.85207100591716,4.733727810650888,20.118343195266274,75.14792899408283,68.04733727810651,7.100591715976331
E00027961,160,36,4,32,124,102,22,22.5,2.5,20,77.5,63.74999999999999,13.750000000000002
E00027962,128,44,12,32,84,79,5,34.375,9.375,25,65.625,61.71875,3.90625
E00027963,315,78,28,50,237,202,35,24.761904761904763,8.88888888888889,15.873015873015872,75.23809523809524,64.12698412698413,11.11111111111111
E00027964,222,45,14,31,177,155,22,20.27027027027027,6.306306306306306,13.963963963963963,79.72972972972973,69.81981981981981,9.90990990990991
E00027965,134,36,10,26,98,88,10,26.865671641791046,7.462686567164178,19.402985074626866,73.13432835820896,65.67164179104478,7.462686567164178
E00027966,125,48,15,33,77,71,6,38.4,12,26.400000000000002,61.6,56.8,4.8
E00027967,93,32,5,27,61,55,6,34.40860215053764,5.376344086021505,29.03225806451613,65.59139784946237,59.13978494623656,6.451612903225806
E00027968,107,32,5,27,75,66,9,29.906542056074763,4.672897196261682,25.233644859813083,70.09345794392523,61.6822429906542,8.411214953271028
E00027969,167,43,15,28,124,109,15,25.748502994011975,8.982035928143713,16.766467065868262,74.25149700598801,65.26946107784431,8.982035928143713
E00027970,115,33,8,25,82,79,3,28.695652173913043,6.956521739130435,21.73913043478261,71.30434782608695,68.69565217391305,2.608695652173913
E00027971,219,39,13,26,180,157,23,17.80821917808219,5.93607305936073,11.87214611872146,82.1917808219178,71.68949771689498,10.50228310502283
E00027972,120,41,6,35,79,68,11,34.166666666666664,5,29.166666666666668,65.83333333333333,56.666666666666664,9.166666666666666
E00027973,91,32,10,22,59,58,1,35.16483516483517,10.989010989010989,24.175824175824175,64.83516483516483,63.73626373626373,1.098901098901099
E00027974,136,32,10,22,104,96,8,23.52941176470588,7.352941176470589,16.176470588235293,76.47058823529412,70.58823529411765,5.88235294117647
E00027975,163,52,10,42,111,97,14,31.901840490797547,6.134969325153374,25.766871165644172,68.09815950920245,59.50920245398773,8.588957055214724
E00027976,126,28,9,19,98,85,13,22.22222222222222,7.142857142857142,15.079365079365079,77.77777777777779,67.46031746031747,10.317460317460316
E00027977,136,38,10,28,98,88,10,27.941176470588236,7.352941176470589,20.588235294117645,72.05882352941177,64.70588235294117,7.352941176470589
E00027978,92,30,11,19,62,50,12,32.608695652173914,11.956521739130435,20.652173913043477,67.3913043478261,54.347826086956516,13.043478260869565
E00027979,107,32,9,23,75,68,7,29.906542056074763,8.411214953271028,21.49532710280374,70.09345794392523,63.55140186915887,6.5420560747663545
E00027980,157,45,11,34,112,103,9,28.662420382165603,7.006369426751593,21.656050955414013,71.3375796178344,65.60509554140127,5.7324840764331215
E00027981,178,47,11,36,131,121,10,26.40449438202247,6.179775280898876,20.224719101123593,73.59550561797754,67.97752808988764,5.617977528089887
E00027983,178,41,14,27,137,126,11,23.03370786516854,7.865168539325842,15.168539325842698,76.96629213483146,70.78651685393258,6.179775280898876
E00027984,56,15,2,13,41,37,4,26.785714285714285,3.571428571428571,23.214285714285715,73.21428571428571,66.07142857142857,7.142857142857142
E00027985,112,29,6,23,83,75,8,25.892857142857146,5.357142857142857,20.535714285714285,74.10714285714286,66.96428571428571,7.142857142857142
E00027986,130,46,11,35,84,78,6,35.38461538461539,8.461538461538462,26.923076923076923,64.61538461538461,60,4.615384615384616
E00027987,85,26,6,20,59,53,6,30.58823529411765,7.0588235294117645,23.52941176470588,69.41176470588235,62.35294117647059,7.0588235294117645
E00027988,146,50,14,36,96,89,7,34.24657534246575,9.58904109589041,24.65753424657534,65.75342465753424,60.95890410958904,4.794520547945205
E00027989,125,40,11,29,85,83,2,32,8.799999999999999,23.200000000000003,68,66.4,1.6
E00027990,103,25,7,18,78,71,7,24.271844660194176,6.796116504854369,17.475728155339805,75.72815533980582,68.93203883495146,6.796116504854369
E00027991,78,31,9,22,47,40,7,39.743589743589745,11.538461538461538,28.205128205128204,60.256410256410255,51.28205128205128,8.974358974358974
E00027992,130,43,12,31,87,80,7,33.07692307692307,9.230769230769232,23.846153846153847,66.92307692307692,61.53846153846154,5.384615384615385
E00027993,165,37,8,29,128,114,14,22.424242424242426,4.848484848484849,17.575757575757574,77.57575757575758,69.0909090909091,8.484848484848486
E00027994,65,21,5,16,44,39,5,32.30769230769231,7.6923076923076925,24.615384615384617,67.6923076923077,60,7.6923076923076925
E00027995,209,54,19,35,155,139,16,25.837320574162682,9.090909090909092,16.74641148325359,74.16267942583733,66.50717703349282,7.655502392344498
E00027996,133,33,10,23,100,84,16,24.81203007518797,7.518796992481203,17.293233082706767,75.18796992481202,63.1578947368421,12.030075187969924
E00027997,160,41,14,27,119,108,11,25.624999999999996,8.75,16.875,74.375,67.5,6.875000000000001
E00027998,144,39,15,24,105,91,14,27.083333333333332,10.416666666666668,16.666666666666664,72.91666666666666,63.19444444444444,9.722222222222223
E00027999,128,25,5,20,103,87,16,19.53125,3.90625,15.625,80.46875,67.96875,12.5
E00028000,137,35,14,21,102,84,18,25.547445255474454,10.218978102189782,15.328467153284672,74.45255474452554,61.31386861313869,13.138686131386862
E00028001,57,17,3,14,40,38,2,29.82456140350877,5.263157894736842,24.561403508771928,70.17543859649122,66.66666666666666,3.508771929824561
E00028002,103,27,3,24,76,71,5,26.21359223300971,2.912621359223301,23.300970873786408,73.7864077669903,68.93203883495146,4.854368932038835
E00028003,83,25,10,15,58,51,7,30.120481927710845,12.048192771084338,18.072289156626507,69.87951807228916,61.44578313253012,8.433734939759036
E00028004,143,35,10,25,108,100,8,24.475524475524477,6.993006993006993,17.482517482517483,75.52447552447552,69.93006993006993,5.594405594405594
E00028005,157,40,13,27,117,103,14,25.477707006369428,8.280254777070063,17.197452229299362,74.52229299363057,65.60509554140127,8.9171974522293
E00028006,182,49,17,32,133,125,8,26.923076923076923,9.340659340659341,17.582417582417584,73.07692307692307,68.68131868131869,4.395604395604396
E00028007,148,42,14,28,106,90,16,28.37837837837838,9.45945945945946,18.91891891891892,71.62162162162163,60.810810810810814,10.81081081081081
E00028008,157,37,10,27,120,110,10,23.56687898089172,6.369426751592357,17.197452229299362,76.43312101910828,70.06369426751591,6.369426751592357
E00028009,106,38,9,29,68,62,6,35.84905660377358,8.49056603773585,27.358490566037734,64.15094339622641,58.490566037735846,5.660377358490567
E00028010,103,46,18,28,57,54,3,44.66019417475729,17.475728155339805,27.184466019417474,55.33980582524271,52.42718446601942,2.912621359223301
E00028011,108,33,10,23,75,69,6,30.555555555555557,9.25925925925926,21.296296296296298,69.44444444444444,63.888888888888886,5.555555555555555
E00028012,130,31,7,24,99,91,8,23.846153846153847,5.384615384615385,18.461538461538463,76.15384615384615,70,6.153846153846154
E00028013,109,27,8,19,82,72,10,24.770642201834864,7.339449541284404,17.431192660550458,75.22935779816514,66.05504587155964,9.174311926605505
E00028014,110,27,6,21,83,77,6,24.545454545454547,5.454545454545454,19.090909090909093,75.45454545454545,70,5.454545454545454
E00028015,217,47,15,32,170,140,30,21.658986175115206,6.912442396313365,14.746543778801843,78.3410138248848,64.51612903225806,13.82488479262673
E00028016,122,31,7,24,91,82,9,25.40983606557377,5.737704918032787,19.672131147540984,74.59016393442623,67.21311475409836,7.377049180327869
E00028017,83,29,11,18,54,51,3,34.93975903614458,13.253012048192772,21.686746987951807,65.06024096385542,61.44578313253012,3.614457831325301
E00028018,223,43,11,32,180,156,24,19.282511210762333,4.932735426008969,14.349775784753364,80.71748878923766,69.95515695067265,10.762331838565023
E00028019,137,35,9,26,102,94,8,25.547445255474454,6.569343065693431,18.97810218978102,74.45255474452554,68.61313868613139,5.839416058394161
E00028020,110,23,8,15,87,79,8,20.909090909090907,7.2727272727272725,13.636363636363635,79.0909090909091,71.81818181818181,7.2727272727272725
E00028021,84,18,4,14,66,54,12,21.428571428571427,4.761904761904762,16.666666666666664,78.57142857142857,64.28571428571429,14.285714285714285
E00028022,140,36,10,26,104,95,9,25.71428571428571,7.142857142857142,18.571428571428573,74.28571428571429,67.85714285714286,6.428571428571428
E00028023,144,31,10,21,113,99,14,21.52777777777778,6.944444444444445,14.583333333333334,78.47222222222221,68.75,9.722222222222223
E00028024,155,43,9,34,112,101,11,27.741935483870968,5.806451612903226,21.935483870967744,72.25806451612902,65.16129032258064,7.096774193548387
E00028025,166,39,14,25,127,115,12,23.49397590361446,8.433734939759036,15.060240963855422,76.50602409638554,69.27710843373494,7.228915662650602
E00028026,69,12,4,8,57,51,6,17.391304347826086,5.797101449275362,11.594202898550725,82.6086956521739,73.91304347826086,8.695652173913043
E00028027,103,31,9,22,72,66,6,30.097087378640776,8.737864077669903,21.35922330097087,69.90291262135922,64.07766990291263,5.825242718446602
E00028028,271,75,24,51,196,174,22,27.67527675276753,8.856088560885608,18.81918819188192,72.32472324723247,64.20664206642066,8.118081180811808
E00028029,73,16,6,10,57,44,13,21.91780821917808,8.21917808219178,13.698630136986301,78.08219178082192,60.273972602739725,17.80821917808219
E00028030,116,26,9,17,90,73,17,22.413793103448278,7.758620689655173,14.655172413793101,77.58620689655173,62.93103448275862,14.655172413793101
E00028031,161,49,17,32,112,107,5,30.434782608695656,10.559006211180124,19.875776397515526,69.56521739130434,66.45962732919256,3.1055900621118013
E00028032,129,26,5,21,103,89,14,20.155038759689923,3.875968992248062,16.27906976744186,79.84496124031007,68.9922480620155,10.852713178294573
E00028033,137,33,11,22,104,87,17,24.087591240875913,8.02919708029197,16.05839416058394,75.91240875912408,63.503649635036496,12.408759124087592
E00028034,112,27,8,19,85,77,8,24.107142857142858,7.142857142857142,16.964285714285715,75.89285714285714,68.75,7.142857142857142
E00028035,134,54,18,36,80,71,9,40.298507462686565,13.432835820895523,26.865671641791046,59.70149253731343,52.98507462686567,6.7164179104477615
E00028036,156,50,12,38,106,87,19,32.05128205128205,7.6923076923076925,24.358974358974358,67.94871794871796,55.769230769230774,12.179487179487179
E00028037,161,46,16,30,115,102,13,28.57142857142857,9.937888198757763,18.633540372670808,71.42857142857143,63.35403726708074,8.074534161490684
E00028038,148,31,8,23,117,104,13,20.945945945945947,5.405405405405405,15.54054054054054,79.05405405405406,70.27027027027027,8.783783783783784
E00028039,149,38,11,27,111,101,10,25.503355704697988,7.38255033557047,18.120805369127517,74.49664429530202,67.78523489932886,6.7114093959731544
E00028040,145,46,8,38,99,89,10,31.724137931034484,5.517241379310345,26.20689655172414,68.27586206896552,61.37931034482759,6.896551724137931
E00028041,96,32,8,24,64,57,7,33.33333333333333,8.333333333333332,25,66.66666666666666,59.375,7.291666666666667
E00028042,104,28,8,20,76,70,6,26.923076923076923,7.6923076923076925,19.230769230769234,73.07692307692307,67.3076923076923,5.769230769230769
E00028043,124,30,4,26,94,82,12,24.193548387096776,3.225806451612903,20.967741935483872,75.80645161290323,66.12903225806451,9.67741935483871
E00028044,170,45,5,40,125,112,13,26.47058823529412,2.941176470588235,23.52941176470588,73.52941176470588,65.88235294117646,7.647058823529412
E00028045,132,27,8,19,105,96,9,20.454545454545457,6.0606060606060606,14.393939393939394,79.54545454545455,72.72727272727273,6.8181818181818175
E00028046,117,34,13,21,83,75,8,29.059829059829063,11.11111111111111,17.94871794871795,70.94017094017094,64.1025641025641,6.837606837606838
E00028047,117,30,5,25,87,80,7,25.64102564102564,4.273504273504273,21.367521367521366,74.35897435897436,68.37606837606837,5.982905982905983
E00028048,108,30,5,25,78,66,12,27.77777777777778,4.62962962962963,23.14814814814815,72.22222222222221,61.111111111111114,11.11111111111111
E00028049,203,50,17,33,153,143,10,24.63054187192118,8.374384236453201,16.25615763546798,75.36945812807882,70.44334975369459,4.926108374384237
E00028050,93,33,18,15,60,53,7,35.483870967741936,19.35483870967742,16.129032258064516,64.51612903225806,56.98924731182796,7.526881720430108
E00028051,167,32,9,23,135,131,4,19.16167664670659,5.389221556886228,13.77245508982036,80.83832335329342,78.44311377245509,2.3952095808383236
E00028052,122,49,15,34,73,62,11,40.16393442622951,12.295081967213115,27.86885245901639,59.83606557377049,50.81967213114754,9.01639344262295
E00028053,121,30,8,22,91,78,13,24.793388429752067,6.6115702479338845,18.181818181818183,75.20661157024794,64.46280991735537,10.743801652892563
E00028054,188,55,14,41,133,119,14,29.25531914893617,7.446808510638298,21.808510638297875,70.74468085106383,63.297872340425535,7.446808510638298
E00028055,150,47,13,34,103,93,10,31.333333333333336,8.666666666666668,22.666666666666664,68.66666666666667,62,6.666666666666667
E00028056,145,35,14,21,110,97,13,24.137931034482758,9.655172413793103,14.482758620689657,75.86206896551724,66.89655172413794,8.96551724137931
E00028057,182,46,9,37,136,122,14,25.274725274725274,4.945054945054945,20.32967032967033,74.72527472527473,67.03296703296702,7.6923076923076925
E00028058,43,13,2,11,30,27,3,30.23255813953488,4.651162790697675,25.581395348837212,69.76744186046511,62.7906976744186,6.976744186046512
E00028059,141,29,8,21,112,100,12,20.56737588652482,5.673758865248227,14.893617021276595,79.43262411347519,70.92198581560284,8.51063829787234
E00028060,180,49,12,37,131,125,6,27.22222222222222,6.666666666666667,20.555555555555554,72.77777777777777,69.44444444444444,3.3333333333333335
E00028061,105,37,12,25,68,57,11,35.23809523809524,11.428571428571429,23.809523809523807,64.76190476190476,54.285714285714285,10.476190476190476
E00028062,160,51,22,29,109,97,12,31.874999999999996,13.750000000000002,18.125,68.125,60.62499999999999,7.5
E00028063,88,31,11,20,57,52,5,35.22727272727273,12.5,22.727272727272727,64.77272727272727,59.09090909090909,5.681818181818182
E00028064,98,30,5,25,68,60,8,30.612244897959183,5.1020408163265305,25.510204081632654,69.38775510204081,61.224489795918366,8.16326530612245
E00028065,99,21,6,15,78,72,6,21.21212121212121,6.0606060606060606,15.151515151515152,78.78787878787878,72.72727272727273,6.0606060606060606
E00028066,150,35,8,27,115,100,15,23.333333333333332,5.333333333333334,18,76.66666666666667,66.66666666666666,10
E00028067,196,46,20,26,150,132,18,23.46938775510204,10.204081632653061,13.26530612244898,76.53061224489795,67.3469387755102,9.183673469387756
E00028068,134,40,7,33,94,87,7,29.850746268656714,5.223880597014925,24.62686567164179,70.1492537313433,64.92537313432835,5.223880597014925
E00028069,147,29,4,25,118,105,13,19.727891156462583,2.7210884353741496,17.006802721088434,80.27210884353741,71.42857142857143,8.843537414965986
E00028070,154,45,15,30,109,86,23,29.22077922077922,9.740259740259742,19.480519480519483,70.77922077922078,55.84415584415584,14.935064935064934
E00028071,178,45,15,30,133,118,15,25.280898876404496,8.426966292134832,16.853932584269664,74.71910112359551,66.29213483146067,8.426966292134832
E00028072,145,42,12,30,103,89,14,28.965517241379313,8.275862068965518,20.689655172413794,71.03448275862068,61.37931034482759,9.655172413793103
E00028073,221,40,14,26,181,153,28,18.099547511312217,6.334841628959276,11.76470588235294,81.90045248868778,69.23076923076923,12.669683257918551
E00028074,177,32,8,24,145,137,8,18.07909604519774,4.519774011299435,13.559322033898304,81.92090395480226,77.40112994350282,4.519774011299435
E00028075,117,33,11,22,84,76,8,28.205128205128204,9.401709401709402,18.803418803418804,71.7948717948718,64.95726495726495,6.837606837606838
E00028076,143,44,11,33,99,83,16,30.76923076923077,7.6923076923076925,23.076923076923077,69.23076923076923,58.04195804195804,11.188811188811188
E00028077,133,27,7,20,106,85,21,20.30075187969925,5.263157894736842,15.037593984962406,79.69924812030075,63.90977443609023,15.789473684210526
E00028078,160,41,13,28,119,103,16,25.624999999999996,8.125,17.5,74.375,64.375,10
E00028079,92,31,7,24,61,56,5,33.69565217391305,7.608695652173914,26.08695652173913,66.30434782608695,60.86956521739131,5.434782608695652
E00028080,106,19,5,14,87,84,3,17.92452830188679,4.716981132075472,13.20754716981132,82.0754716981132,79.24528301886792,2.8301886792452833
E00028081,159,44,14,30,115,106,9,27.67295597484277,8.80503144654088,18.867924528301888,72.32704402515722,66.66666666666666,5.660377358490567
E00028082,118,20,7,13,98,79,19,16.94915254237288,5.932203389830509,11.016949152542372,83.05084745762711,66.94915254237289,16.101694915254235
E00028083,129,29,13,16,100,82,18,22.48062015503876,10.077519379844961,12.4031007751938,77.51937984496125,63.565891472868216,13.953488372093023
E00028084,140,47,19,28,93,78,15,33.57142857142857,13.571428571428571,20,66.42857142857143,55.714285714285715,10.714285714285714
E00028085,154,20,6,14,134,115,19,12.987012987012985,3.896103896103896,9.090909090909092,87.01298701298701,74.67532467532467,12.337662337662337
E00028086,161,38,10,28,123,107,16,23.60248447204969,6.211180124223603,17.391304347826086,76.3975155279503,66.45962732919256,9.937888198757763
E00028087,143,38,8,30,105,92,13,26.573426573426573,5.594405594405594,20.97902097902098,73.42657342657343,64.33566433566433,9.090909090909092
E00028088,162,53,17,36,109,95,14,32.71604938271605,10.493827160493826,22.22222222222222,67.28395061728395,58.64197530864198,8.641975308641975
E00028089,155,41,14,27,114,97,17,26.451612903225808,9.032258064516128,17.419354838709676,73.54838709677419,62.58064516129033,10.967741935483872
E00028090,92,35,8,27,57,49,8,38.04347826086957,8.695652173913043,29.347826086956523,61.95652173913043,53.2608695652174,8.695652173913043
E00028091,121,34,12,22,87,83,4,28.09917355371901,9.917355371900827,18.181818181818183,71.900826446281,68.59504132231406,3.3057851239669422
E00028092,49,14,2,12,35,35,0,28.57142857142857,4.081632653061225,24.489795918367346,71.42857142857143,71.42857142857143,0
E00028093,150,27,12,15,123,112,11,18,8,10,82,74.66666666666667,7.333333333333333
E00028094,111,35,13,22,76,62,14,31.53153153153153,11.711711711711711,19.81981981981982,68.46846846846847,55.85585585585585,12.612612612612612
E00028095,104,26,5,21,78,69,9,25,4.807692307692308,20.192307692307693,75,66.34615384615384,8.653846153846153
E00028096,312,47,14,33,265,239,26,15.064102564102564,4.487179487179487,10.576923076923077,84.93589743589743,76.6025641025641,8.333333333333332
E00028097,148,37,7,30,111,107,4,25,4.72972972972973,20.27027027027027,75,72.2972972972973,2.7027027027027026
E00028098,117,35,8,27,82,73,9,29.914529914529915,6.837606837606838,23.076923076923077,70.08547008547008,62.39316239316239,7.6923076923076925
E00028099,179,42,18,24,137,126,11,23.463687150837988,10.05586592178771,13.40782122905028,76.53631284916202,70.39106145251397,6.145251396648044
E00028100,193,51,17,34,142,125,17,26.42487046632124,8.808290155440414,17.616580310880828,73.57512953367875,64.76683937823834,8.808290155440414
E00028101,151,49,14,35,102,93,9,32.450331125827816,9.271523178807946,23.178807947019866,67.54966887417218,61.58940397350994,5.960264900662252
E00028102,213,51,15,36,162,146,16,23.943661971830984,7.042253521126761,16.901408450704224,76.05633802816901,68.54460093896714,7.511737089201878
E00028103,135,45,14,31,90,81,9,33.33333333333333,10.37037037037037,22.962962962962962,66.66666666666666,60,6.666666666666667
E00028104,234,56,21,35,178,148,30,23.931623931623932,8.974358974358974,14.957264957264957,76.06837606837607,63.24786324786324,12.82051282051282
E00028105,170,46,15,31,124,106,18,27.058823529411764,8.823529411764707,18.235294117647058,72.94117647058823,62.35294117647059,10.588235294117647
E00028106,106,40,13,27,66,62,4,37.735849056603776,12.264150943396226,25.471698113207548,62.264150943396224,58.490566037735846,3.7735849056603774
E00028107,244,51,17,34,193,166,27,20.901639344262296,6.967213114754098,13.934426229508196,79.09836065573771,68.0327868852459,11.065573770491802
E00028108,99,33,10,23,66,60,6,33.33333333333333,10.1010101010101,23.232323232323232,66.66666666666666,60.60606060606061,6.0606060606060606
E00028110,229,62,17,45,167,155,12,27.074235807860266,7.423580786026202,19.65065502183406,72.92576419213974,67.68558951965066,5.240174672489083
E00028111,127,52,15,37,75,71,4,40.94488188976378,11.811023622047244,29.133858267716533,59.055118110236215,55.90551181102362,3.149606299212598
E00028113,127,53,11,42,74,66,8,41.732283464566926,8.661417322834646,33.07086614173229,58.26771653543307,51.96850393700787,6.299212598425196
E00028114,190,55,17,38,135,125,10,28.947368421052634,8.947368421052632,20,71.05263157894737,65.78947368421053,5.263157894736842
E00028115,105,45,13,32,60,56,4,42.857142857142854,12.380952380952381,30.476190476190478,57.14285714285714,53.333333333333336,3.8095238095238098
E00028116,104,33,7,26,71,64,7,31.73076923076923,6.730769230769231,25,68.26923076923077,61.53846153846154,6.730769230769231
E00028117,137,53,16,37,84,78,6,38.68613138686132,11.678832116788321,27.00729927007299,61.31386861313869,56.934306569343065,4.37956204379562
E00028118,172,45,16,29,127,112,15,26.16279069767442,9.30232558139535,16.86046511627907,73.83720930232558,65.11627906976744,8.720930232558139
E00028119,178,38,11,27,140,131,9,21.34831460674157,6.179775280898876,15.168539325842698,78.65168539325843,73.59550561797754,5.056179775280898
E00028120,123,23,8,15,100,87,13,18.69918699186992,6.504065040650407,12.195121951219512,81.30081300813008,70.73170731707317,10.569105691056912
E00028121,163,43,16,27,120,104,16,26.380368098159508,9.815950920245399,16.56441717791411,73.61963190184049,63.80368098159509,9.815950920245399
E00028122,126,36,15,21,90,79,11,28.57142857142857,11.904761904761903,16.666666666666664,71.42857142857143,62.698412698412696,8.73015873015873
E00028123,146,39,5,34,107,102,5,26.71232876712329,3.4246575342465753,23.28767123287671,73.28767123287672,69.86301369863014,3.4246575342465753
E00028124,106,24,5,19,82,72,10,22.641509433962266,4.716981132075472,17.92452830188679,77.35849056603774,67.9245283018868,9.433962264150944
E00028125,137,35,7,28,102,90,12,25.547445255474454,5.109489051094891,20.437956204379564,74.45255474452554,65.69343065693431,8.75912408759124
E00028126,116,27,9,18,89,76,13,23.275862068965516,7.758620689655173,15.517241379310345,76.72413793103449,65.51724137931035,11.206896551724139
E00028127,131,41,14,27,90,74,16,31.297709923664126,10.687022900763358,20.610687022900763,68.70229007633588,56.48854961832062,12.213740458015266
E00028128,222,45,18,27,177,152,25,20.27027027027027,8.108108108108109,12.162162162162163,79.72972972972973,68.46846846846847,11.26126126126126
E00028129,115,35,9,26,80,75,5,30.434782608695656,7.82608695652174,22.608695652173914,69.56521739130434,65.21739130434783,4.3478260869565215
E00028130,114,26,4,22,88,74,14,22.807017543859647,3.508771929824561,19.298245614035086,77.19298245614034,64.91228070175438,12.280701754385964
E00028131,141,33,8,25,108,101,7,23.404255319148938,5.673758865248227,17.73049645390071,76.59574468085107,71.63120567375887,4.964539007092199
E00028132,152,45,18,27,107,89,18,29.605263157894733,11.842105263157894,17.763157894736842,70.39473684210526,58.55263157894737,11.842105263157894
E00028133,193,56,19,37,137,119,18,29.015544041450774,9.844559585492227,19.170984455958546,70.98445595854922,61.6580310880829,9.32642487046632
E00028134,171,54,16,38,117,106,11,31.57894736842105,9.35672514619883,22.22222222222222,68.42105263157895,61.98830409356725,6.432748538011696
E00028135,74,17,2,15,57,50,7,22.972972972972975,2.7027027027027026,20.27027027027027,77.02702702702703,67.56756756756756,9.45945945945946
E00028136,123,31,9,22,92,82,10,25.203252032520325,7.317073170731707,17.88617886178862,74.79674796747967,66.66666666666666,8.130081300813007
E00028137,126,40,13,27,86,74,12,31.746031746031743,10.317460317460316,21.428571428571427,68.25396825396825,58.730158730158735,9.523809523809524
E00028138,136,37,6,31,99,91,8,27.205882352941174,4.411764705882353,22.794117647058822,72.79411764705883,66.91176470588235,5.88235294117647
E00028139,188,48,17,31,140,123,17,25.53191489361702,9.042553191489363,16.48936170212766,74.46808510638297,65.42553191489363,9.042553191489363
E00028140,158,38,12,26,120,98,22,24.050632911392405,7.59493670886076,16.455696202531644,75.9493670886076,62.0253164556962,13.924050632911392
E00028141,135,33,7,26,102,89,13,24.444444444444443,5.185185185185185,19.25925925925926,75.55555555555556,65.92592592592592,9.62962962962963
E00028142,122,39,12,27,83,67,16,31.967213114754102,9.836065573770492,22.131147540983605,68.0327868852459,54.91803278688525,13.114754098360656
E00028143,101,17,5,12,84,75,9,16.831683168316832,4.9504950495049505,11.881188118811881,83.16831683168317,74.25742574257426,8.91089108910891
E00028144,162,34,9,25,128,113,15,20.98765432098765,5.555555555555555,15.432098765432098,79.01234567901234,69.75308641975309,9.25925925925926
E00028145,166,38,14,24,128,115,13,22.89156626506024,8.433734939759036,14.457831325301203,77.10843373493977,69.27710843373494,7.83132530120482
E00028146,145,26,6,20,119,111,8,17.93103448275862,4.137931034482759,13.793103448275861,82.06896551724138,76.55172413793103,5.517241379310345
E00028147,237,50,15,35,187,157,30,21.09704641350211,6.329113924050633,14.767932489451477,78.90295358649789,66.24472573839662,12.658227848101266
E00028148,144,36,13,23,108,94,14,25,9.027777777777777,15.972222222222221,75,65.27777777777779,9.722222222222223
E00028149,113,51,14,37,62,55,7,45.13274336283185,12.389380530973451,32.743362831858406,54.86725663716814,48.67256637168141,6.1946902654867255
E00028150,118,29,5,24,89,88,1,24.576271186440678,4.23728813559322,20.33898305084746,75.42372881355932,74.57627118644068,0.847457627118644
E00028151,124,48,11,37,76,71,5,38.70967741935484,8.870967741935484,29.838709677419356,61.29032258064516,57.25806451612904,4.032258064516129
E00028152,133,26,5,21,107,96,11,19.548872180451127,3.7593984962406015,15.789473684210526,80.45112781954887,72.18045112781954,8.270676691729323
E00028153,112,26,7,19,86,74,12,23.214285714285715,6.25,16.964285714285715,76.78571428571429,66.07142857142857,10.714285714285714
E00028154,99,28,9,19,71,63,8,28.28282828282828,9.090909090909092,19.19191919191919,71.71717171717171,63.63636363636363,8.080808080808081
E00028155,146,46,11,35,100,89,11,31.506849315068493,7.534246575342466,23.972602739726025,68.4931506849315,60.95890410958904,7.534246575342466
E00028156,83,43,14,29,40,40,0,51.80722891566265,16.867469879518072,34.93975903614458,48.19277108433735,48.19277108433735,0
E00028157,95,21,8,13,74,63,11,22.105263157894736,8.421052631578947,13.684210526315791,77.89473684210526,66.3157894736842,11.578947368421053
E00028158,122,61,22,39,61,57,4,50,18.0327868852459,31.967213114754102,50,46.72131147540984,3.278688524590164
E00028159,177,44,13,31,133,109,24,24.858757062146893,7.344632768361582,17.51412429378531,75.14124293785311,61.5819209039548,13.559322033898304
E00028161,145,57,15,42,88,81,7,39.310344827586206,10.344827586206897,28.965517241379313,60.689655172413794,55.86206896551724,4.827586206896552
E00028162,117,57,15,42,60,53,7,48.717948717948715,12.82051282051282,35.8974358974359,51.28205128205128,45.2991452991453,5.982905982905983
E00028163,114,47,16,31,67,61,6,41.228070175438596,14.035087719298245,27.192982456140353,58.77192982456141,53.50877192982456,5.263157894736842
E00028164,160,65,25,40,95,93,2,40.625,15.625,25,59.375,58.12500000000001,1.25
E00028165,154,57,16,41,97,87,10,37.01298701298701,10.38961038961039,26.623376623376622,62.98701298701299,56.493506493506494,6.493506493506493
E00028166,271,75,17,58,196,186,10,27.67527675276753,6.273062730627306,21.40221402214022,72.32472324723247,68.63468634686348,3.6900369003690034
E00028167,124,50,17,33,74,68,6,40.32258064516129,13.709677419354838,26.61290322580645,59.67741935483871,54.83870967741935,4.838709677419355
E00028168,112,42,10,32,70,61,9,37.5,8.928571428571429,28.57142857142857,62.5,54.46428571428571,8.035714285714286
E00028169,128,41,8,33,87,77,10,32.03125,6.25,25.78125,67.96875,60.15625,7.8125
E00028170,129,52,12,40,77,68,9,40.310077519379846,9.30232558139535,31.007751937984494,59.68992248062015,52.71317829457365,6.976744186046512
E00028171,149,50,11,39,99,86,13,33.557046979865774,7.38255033557047,26.174496644295303,66.44295302013423,57.71812080536913,8.724832214765101
E00028172,209,63,17,46,146,130,16,30.14354066985646,8.133971291866029,22.00956937799043,69.85645933014354,62.20095693779905,7.655502392344498
E00028173,151,67,21,46,84,75,9,44.370860927152314,13.90728476821192,30.4635761589404,55.62913907284768,49.668874172185426,5.960264900662252
E00028174,92,41,12,29,51,44,7,44.565217391304344,13.043478260869565,31.521739130434785,55.434782608695656,47.82608695652174,7.608695652173914
E00028176,148,36,13,23,112,104,8,24.324324324324326,8.783783783783784,15.54054054054054,75.67567567567568,70.27027027027027,5.405405405405405
E00028177,126,25,9,16,101,85,16,19.841269841269842,7.142857142857142,12.698412698412698,80.15873015873017,67.46031746031747,12.698412698412698
E00028178,132,43,14,29,89,80,9,32.57575757575758,10.606060606060606,21.96969696969697,67.42424242424242,60.60606060606061,6.8181818181818175
E00028180,120,29,8,21,91,82,9,24.166666666666668,6.666666666666667,17.5,75.83333333333333,68.33333333333333,7.5
E00028181,137,63,15,48,74,62,12,45.98540145985402,10.948905109489052,35.03649635036496,54.01459854014598,45.25547445255474,8.75912408759124
E00028182,122,49,15,34,73,63,10,40.16393442622951,12.295081967213115,27.86885245901639,59.83606557377049,51.63934426229508,8.19672131147541
E00028183,131,51,15,36,80,71,9,38.93129770992366,11.450381679389313,27.480916030534353,61.06870229007634,54.19847328244275,6.870229007633588
E00028184,60,26,9,17,34,34,0,43.333333333333336,15,28.333333333333332,56.666666666666664,56.666666666666664,0
E00028185,105,36,10,26,69,61,8,34.285714285714285,9.523809523809524,24.761904761904763,65.71428571428571,58.0952380952381,7.6190476190476195
E00028186,112,49,18,31,63,59,4,43.75,16.071428571428573,27.67857142857143,56.25,52.67857142857143,3.571428571428571
E00028187,110,39,11,28,71,68,3,35.45454545454545,10,25.454545454545453,64.54545454545455,61.81818181818181,2.727272727272727
E00028188,115,55,10,45,60,54,6,47.82608695652174,8.695652173913043,39.130434782608695,52.17391304347826,46.95652173913044,5.217391304347826
E00028189,64,33,13,20,31,30,1,51.5625,20.3125,31.25,48.4375,46.875,1.5625
E00028190,119,63,21,42,56,52,4,52.94117647058824,17.647058823529413,35.294117647058826,47.05882352941176,43.69747899159664,3.361344537815126
E00028191,159,50,13,37,109,94,15,31.446540880503143,8.176100628930817,23.270440251572328,68.55345911949685,59.11949685534591,9.433962264150944
E00028192,154,35,11,24,119,98,21,22.727272727272727,7.142857142857142,15.584415584415584,77.27272727272727,63.63636363636363,13.636363636363635
E00028193,139,49,19,30,90,85,5,35.25179856115108,13.66906474820144,21.58273381294964,64.74820143884892,61.15107913669065,3.5971223021582732
E00028194,152,33,8,25,119,103,16,21.710526315789476,5.263157894736842,16.447368421052634,78.28947368421053,67.76315789473685,10.526315789473683
E00028195,145,41,14,27,104,87,17,28.27586206896552,9.655172413793103,18.620689655172416,71.72413793103448,60,11.724137931034482
E00028196,123,29,12,17,94,76,18,23.577235772357724,9.75609756097561,13.821138211382115,76.42276422764228,61.78861788617886,14.634146341463413
E00028197,168,49,24,25,119,100,19,29.166666666666668,14.285714285714285,14.880952380952381,70.83333333333334,59.523809523809526,11.30952380952381
E00028198,194,52,21,31,142,112,30,26.804123711340207,10.824742268041238,15.979381443298967,73.19587628865979,57.73195876288659,15.463917525773196
E00028199,186,43,12,31,143,130,13,23.118279569892472,6.451612903225806,16.666666666666664,76.88172043010752,69.89247311827957,6.989247311827956
E00028200,149,33,15,18,116,101,15,22.14765100671141,10.06711409395973,12.080536912751679,77.85234899328859,67.78523489932886,10.06711409395973
E00028201,133,34,10,24,99,88,11,25.563909774436087,7.518796992481203,18.045112781954884,74.43609022556392,66.16541353383458,8.270676691729323
E00028202,170,56,23,33,114,97,17,32.94117647058823,13.529411764705882,19.411764705882355,67.05882352941175,57.05882352941176,10
E00028203,125,48,12,36,77,68,9,38.4,9.6,28.799999999999997,61.6,54.400000000000006,7.199999999999999
E00028204,143,46,12,34,97,83,14,32.16783216783217,8.391608391608392,23.776223776223777,67.83216783216784,58.04195804195804,9.79020979020979
E00028205,174,71,25,46,103,84,19,40.804597701149426,14.367816091954023,26.436781609195403,59.195402298850574,48.275862068965516,10.919540229885058
E00028206,177,47,18,29,130,106,24,26.55367231638418,10.16949152542373,16.38418079096045,73.44632768361582,59.887005649717516,13.559322033898304
E00028207,160,41,15,26,119,106,13,25.624999999999996,9.375,16.25,74.375,66.25,8.125
E00028208,174,54,18,36,120,95,25,31.03448275862069,10.344827586206897,20.689655172413794,68.96551724137932,54.59770114942529,14.367816091954023
E00028209,94,25,9,16,69,61,8,26.595744680851062,9.574468085106384,17.02127659574468,73.40425531914893,64.8936170212766,8.51063829787234
E00028210,157,50,18,32,107,90,17,31.84713375796178,11.464968152866243,20.382165605095544,68.15286624203821,57.324840764331206,10.828025477707007
E00028211,98,24,15,9,74,61,13,24.489795918367346,15.306122448979592,9.183673469387756,75.51020408163265,62.244897959183675,13.26530612244898
E00028212,126,39,11,28,87,68,19,30.952380952380953,8.73015873015873,22.22222222222222,69.04761904761905,53.96825396825397,15.079365079365079
E00028213,152,51,16,35,101,84,17,33.55263157894737,10.526315789473683,23.026315789473685,66.44736842105263,55.26315789473685,11.18421052631579
E00028214,150,44,13,31,106,93,13,29.333333333333332,8.666666666666668,20.666666666666668,70.66666666666667,62,8.666666666666668
E00028215,153,47,16,31,106,86,20,30.718954248366014,10.457516339869281,20.26143790849673,69.28104575163398,56.209150326797385,13.071895424836603
E00028216,167,54,23,31,113,83,30,32.33532934131736,13.77245508982036,18.562874251497004,67.66467065868264,49.700598802395206,17.964071856287426
E00028217,138,34,6,28,104,87,17,24.637681159420293,4.3478260869565215,20.28985507246377,75.36231884057972,63.04347826086957,12.318840579710146
E00028218,211,57,24,33,154,123,31,27.014218009478675,11.374407582938389,15.639810426540285,72.98578199052133,58.29383886255924,14.691943127962084
E00028219,133,43,14,29,90,76,14,32.33082706766917,10.526315789473683,21.804511278195488,67.66917293233082,57.14285714285714,10.526315789473683
E00028220,134,46,19,27,88,78,10,34.32835820895522,14.17910447761194,20.149253731343283,65.67164179104478,58.2089552238806,7.462686567164178
E00028221,110,29,8,21,81,70,11,26.36363636363636,7.2727272727272725,19.090909090909093,73.63636363636363,63.63636363636363,10
E00028222,135,25,9,16,110,93,17,18.51851851851852,6.666666666666667,11.851851851851853,81.48148148148148,68.88888888888889,12.592592592592592
E00028223,147,30,6,24,117,101,16,20.408163265306122,4.081632653061225,16.3265306122449,79.59183673469387,68.70748299319727,10.884353741496598
E00028224,227,50,25,25,177,150,27,22.026431718061673,11.013215859030836,11.013215859030836,77.97356828193833,66.07929515418502,11.894273127753303
E00028225,142,38,13,25,104,94,10,26.76056338028169,9.15492957746479,17.6056338028169,73.23943661971832,66.19718309859155,7.042253521126761
E00028226,94,26,6,20,68,60,8,27.659574468085108,6.382978723404255,21.27659574468085,72.3404255319149,63.829787234042556,8.51063829787234
E00028227,49,15,8,7,34,34,0,30.612244897959183,16.3265306122449,14.285714285714285,69.38775510204081,69.38775510204081,0
E00028228,109,25,3,22,84,77,7,22.93577981651376,2.7522935779816518,20.18348623853211,77.06422018348624,70.64220183486239,6.422018348623854
E00028229,130,34,13,21,96,82,14,26.153846153846157,10,16.153846153846153,73.84615384615385,63.07692307692307,10.76923076923077
E00028230,167,74,23,51,93,90,3,44.31137724550898,13.77245508982036,30.538922155688624,55.688622754491014,53.89221556886228,1.7964071856287425
E00028231,170,56,12,44,114,109,5,32.94117647058823,7.0588235294117645,25.882352941176475,67.05882352941175,64.11764705882354,2.941176470588235
E00028232,114,55,18,37,59,54,5,48.24561403508772,15.789473684210526,32.45614035087719,51.75438596491229,47.368421052631575,4.385964912280701
E00028233,102,39,4,35,63,57,6,38.23529411764706,3.9215686274509802,34.31372549019608,61.76470588235294,55.88235294117647,5.88235294117647
E00028235,32,5,1,4,27,23,4,15.625,3.125,12.5,84.375,71.875,12.5
E00028236,166,62,19,43,104,93,11,37.34939759036144,11.44578313253012,25.903614457831324,62.65060240963856,56.024096385542165,6.626506024096386
E00028237,129,46,17,29,83,73,10,35.65891472868217,13.178294573643413,22.48062015503876,64.34108527131784,56.58914728682171,7.751937984496124
E00028238,95,40,11,29,55,51,4,42.10526315789473,11.578947368421053,30.526315789473685,57.89473684210527,53.68421052631579,4.2105263157894735
E00028239,125,47,14,33,78,70,8,37.6,11.200000000000001,26.400000000000002,62.4,56.00000000000001,6.4
E00028240,95,32,5,27,63,60,3,33.68421052631579,5.263157894736842,28.421052631578945,66.3157894736842,63.1578947368421,3.1578947368421053
E00028241,138,56,18,38,82,77,5,40.57971014492754,13.043478260869565,27.536231884057973,59.42028985507246,55.79710144927537,3.6231884057971016
E00028242,196,58,22,36,138,117,21,29.591836734693878,11.224489795918368,18.367346938775512,70.40816326530613,59.693877551020414,10.714285714285714
E00028243,139,60,15,45,79,73,6,43.16546762589928,10.79136690647482,32.37410071942446,56.83453237410072,52.51798561151079,4.316546762589928
E00028244,132,65,16,49,67,62,5,49.24242424242424,12.121212121212121,37.121212121212125,50.75757575757576,46.96969696969697,3.787878787878788
E00028245,99,42,10,32,57,50,7,42.42424242424242,10.1010101010101,32.323232323232325,57.57575757575758,50.505050505050505,7.07070707070707
E00028246,132,53,11,42,79,70,9,40.15151515151515,8.333333333333332,31.818181818181817,59.84848484848485,53.03030303030303,6.8181818181818175
E00028247,190,72,20,52,118,109,9,37.89473684210527,10.526315789473683,27.368421052631582,62.10526315789474,57.36842105263158,4.736842105263158
E00028248,137,50,9,41,87,77,10,36.496350364963504,6.569343065693431,29.927007299270077,63.503649635036496,56.20437956204379,7.2992700729927
E00028249,111,37,16,21,74,65,9,33.33333333333333,14.414414414414415,18.91891891891892,66.66666666666666,58.55855855855856,8.108108108108109
E00028250,169,68,12,56,101,93,8,40.23668639053255,7.100591715976331,33.13609467455622,59.76331360946746,55.02958579881657,4.733727810650888
E00028251,131,48,14,34,83,77,6,36.6412213740458,10.687022900763358,25.954198473282442,63.358778625954194,58.778625954198475,4.580152671755725
E00028252,129,61,16,45,68,64,4,47.286821705426355,12.4031007751938,34.883720930232556,52.71317829457365,49.6124031007752,3.10077519379845
E00028253,116,53,12,41,63,61,2,45.689655172413794,10.344827586206897,35.3448275862069,54.310344827586206,52.58620689655172,1.7241379310344827
E00028254,115,37,7,30,78,71,7,32.17391304347826,6.086956521739131,26.08695652173913,67.82608695652173,61.73913043478261,6.086956521739131
E00028255,91,41,12,29,50,48,2,45.05494505494506,13.186813186813188,31.868131868131865,54.94505494505495,52.74725274725275,2.197802197802198
E00028256,125,48,17,31,77,69,8,38.4,13.600000000000001,24.8,61.6,55.2,6.4
E00028257,142,57,16,41,85,79,6,40.140845070422536,11.267605633802818,28.87323943661972,59.859154929577464,55.633802816901415,4.225352112676056
E00028258,156,61,20,41,95,87,8,39.1025641025641,12.82051282051282,26.282051282051285,60.89743589743589,55.769230769230774,5.128205128205128
E00028259,166,65,17,48,101,85,16,39.1566265060241,10.240963855421686,28.915662650602407,60.8433734939759,51.204819277108435,9.63855421686747
E00028260,137,54,16,38,83,80,3,39.416058394160586,11.678832116788321,27.73722627737226,60.58394160583942,58.3941605839416,2.18978102189781
E00028261,115,58,13,45,57,53,4,50.43478260869565,11.304347826086957,39.130434782608695,49.56521739130435,46.08695652173913,3.4782608695652173
E00028262,140,56,15,41,84,71,13,40,10.714285714285714,29.28571428571429,60,50.71428571428571,9.285714285714286
E00028263,130,23,7,16,107,98,9,17.692307692307693,5.384615384615385,12.307692307692308,82.3076923076923,75.38461538461539,6.923076923076923
E00028264,147,39,9,30,108,103,5,26.53061224489796,6.122448979591836,20.408163265306122,73.46938775510205,70.06802721088435,3.4013605442176873
E00028265,74,21,3,18,53,51,2,28.37837837837838,4.054054054054054,24.324324324324326,71.62162162162163,68.91891891891892,2.7027027027027026
E00028266,43,16,2,14,27,27,0,37.2093023255814,4.651162790697675,32.55813953488372,62.7906976744186,62.7906976744186,0
E00028267,118,32,9,23,86,77,9,27.11864406779661,7.627118644067797,19.491525423728813,72.88135593220339,65.2542372881356,7.627118644067797
E00028268,149,51,13,38,98,90,8,34.22818791946309,8.724832214765101,25.503355704697988,65.77181208053692,60.40268456375839,5.369127516778524
E00028269,178,55,15,40,123,100,23,30.89887640449438,8.426966292134832,22.47191011235955,69.10112359550563,56.17977528089888,12.921348314606742
E00028270,166,43,12,31,123,101,22,25.903614457831324,7.228915662650602,18.67469879518072,74.09638554216868,60.8433734939759,13.253012048192772
E00028271,101,28,10,18,73,67,6,27.722772277227726,9.900990099009901,17.82178217821782,72.27722772277228,66.33663366336634,5.9405940594059405
E00028272,152,39,10,29,113,95,18,25.657894736842106,6.578947368421052,19.078947368421055,74.3421052631579,62.5,11.842105263157894
E00028273,166,62,14,48,104,96,8,37.34939759036144,8.433734939759036,28.915662650602407,62.65060240963856,57.831325301204814,4.819277108433735
E00028274,194,66,17,49,128,112,16,34.02061855670103,8.762886597938143,25.257731958762886,65.97938144329896,57.73195876288659,8.24742268041237
E00028275,79,24,6,18,55,48,7,30.37974683544304,7.59493670886076,22.78481012658228,69.62025316455697,60.75949367088608,8.860759493670885
E00028276,150,50,14,36,100,83,17,33.33333333333333,9.333333333333334,24,66.66666666666666,55.333333333333336,11.333333333333332
E00028277,124,45,15,30,79,76,3,36.29032258064516,12.096774193548388,24.193548387096776,63.70967741935484,61.29032258064516,2.4193548387096775
E00028278,132,59,14,45,73,68,5,44.696969696969695,10.606060606060606,34.090909090909086,55.3030303030303,51.515151515151516,3.787878787878788
E00028279,165,59,17,42,106,93,13,35.75757575757576,10.303030303030303,25.454545454545453,64.24242424242425,56.36363636363636,7.878787878787878
E00028280,141,47,9,38,94,81,13,33.33333333333333,6.382978723404255,26.95035460992908,66.66666666666666,57.446808510638306,9.219858156028367
E00028281,113,29,5,24,84,73,11,25.663716814159294,4.424778761061947,21.238938053097346,74.33628318584071,64.60176991150442,9.734513274336283
E00028282,54,25,11,14,29,22,7,46.2962962962963,20.37037037037037,25.925925925925924,53.70370370370371,40.74074074074074,12.962962962962962
E00028283,68,24,9,15,44,44,0,35.294117647058826,13.23529411764706,22.058823529411764,64.70588235294117,64.70588235294117,0
E00028284,172,49,12,37,123,102,21,28.488372093023255,6.976744186046512,21.511627906976745,71.51162790697676,59.30232558139535,12.209302325581394
E00028285,226,42,14,28,184,161,23,18.58407079646018,6.1946902654867255,12.389380530973451,81.41592920353983,71.23893805309734,10.176991150442479
E00028286,92,30,6,24,62,54,8,32.608695652173914,6.521739130434782,26.08695652173913,67.3913043478261,58.69565217391305,8.695652173913043
E00028287,136,44,22,22,92,80,12,32.35294117647059,16.176470588235293,16.176470588235293,67.64705882352942,58.82352941176471,8.823529411764707
E00028288,174,55,18,37,119,105,14,31.60919540229885,10.344827586206897,21.26436781609195,68.39080459770115,60.3448275862069,8.045977011494253
E00028289,115,29,5,24,86,76,10,25.217391304347824,4.3478260869565215,20.869565217391305,74.78260869565217,66.08695652173913,8.695652173913043
E00028290,129,32,3,29,97,88,9,24.8062015503876,2.3255813953488373,22.48062015503876,75.1937984496124,68.21705426356588,6.976744186046512
E00028291,49,10,0,10,39,36,3,20.408163265306122,0,20.408163265306122,79.59183673469387,73.46938775510205,6.122448979591836
E00028292,249,72,17,55,177,165,12,28.915662650602407,6.827309236947792,22.08835341365462,71.08433734939759,66.26506024096386,4.819277108433735
E00028293,140,41,9,32,99,88,11,29.28571428571429,6.428571428571428,22.857142857142858,70.71428571428572,62.857142857142854,7.857142857142857
E00028294,103,27,11,16,76,65,11,26.21359223300971,10.679611650485436,15.53398058252427,73.7864077669903,63.10679611650486,10.679611650485436
E00028295,54,16,4,12,38,33,5,29.629629629629626,7.4074074074074066,22.22222222222222,70.37037037037037,61.111111111111114,9.25925925925926
E00028296,119,33,10,23,86,77,9,27.73109243697479,8.403361344537815,19.327731092436977,72.26890756302521,64.70588235294117,7.563025210084033
E00028297,203,56,14,42,147,125,22,27.586206896551722,6.896551724137931,20.689655172413794,72.41379310344827,61.57635467980296,10.83743842364532
E00028298,145,39,6,33,106,87,19,26.89655172413793,4.137931034482759,22.758620689655174,73.10344827586206,60,13.10344827586207
E00028299,82,23,10,13,59,48,11,28.04878048780488,12.195121951219512,15.853658536585366,71.95121951219512,58.536585365853654,13.414634146341465
E00028300,236,57,13,44,179,152,27,24.152542372881356,5.508474576271186,18.64406779661017,75.84745762711864,64.40677966101694,11.440677966101696
E00028301,98,34,11,23,64,52,12,34.69387755102041,11.224489795918368,23.46938775510204,65.3061224489796,53.06122448979592,12.244897959183673
E00028302,146,34,6,28,112,101,11,23.28767123287671,4.10958904109589,19.17808219178082,76.71232876712328,69.17808219178082,7.534246575342466
E00028304,97,23,8,15,74,70,4,23.711340206185564,8.24742268041237,15.463917525773196,76.28865979381443,72.16494845360825,4.123711340206185
E00028305,87,35,15,20,52,47,5,40.229885057471265,17.24137931034483,22.988505747126435,59.77011494252874,54.02298850574713,5.747126436781609
E00028307,226,62,18,44,164,143,21,27.43362831858407,7.964601769911504,19.469026548672566,72.56637168141593,63.27433628318584,9.29203539823009
E00028308,109,40,14,26,69,60,9,36.69724770642202,12.844036697247708,23.853211009174313,63.30275229357798,55.04587155963303,8.256880733944955
E00028309,133,28,9,19,105,90,15,21.052631578947366,6.7669172932330826,14.285714285714285,78.94736842105263,67.66917293233082,11.278195488721805
E00028311,170,45,8,37,125,107,18,26.47058823529412,4.705882352941177,21.764705882352942,73.52941176470588,62.94117647058823,10.588235294117647
E00028312,182,53,16,37,129,111,18,29.120879120879124,8.791208791208792,20.32967032967033,70.87912087912088,60.98901098901099,9.89010989010989
E00028313,140,46,13,33,94,82,12,32.857142857142854,9.285714285714286,23.57142857142857,67.14285714285714,58.57142857142858,8.571428571428571
E00028314,146,33,8,25,113,101,12,22.602739726027394,5.47945205479452,17.123287671232877,77.3972602739726,69.17808219178082,8.21917808219178
E00028315,55,22,10,12,33,29,4,40,18.181818181818183,21.818181818181817,60,52.72727272727272,7.2727272727272725
E00028316,100,22,5,17,78,68,10,22,5,17,78,68,10
E00028317,42,8,0,8,34,34,0,19.047619047619047,0,19.047619047619047,80.95238095238095,80.95238095238095,0
E00028318,134,41,9,32,93,88,5,30.597014925373134,6.7164179104477615,23.88059701492537,69.40298507462687,65.67164179104478,3.731343283582089
E00028319,69,16,6,10,53,43,10,23.18840579710145,8.695652173913043,14.492753623188406,76.81159420289855,62.31884057971014,14.492753623188406
E00028320,173,47,11,36,126,106,20,27.167630057803464,6.358381502890173,20.809248554913296,72.83236994219652,61.27167630057804,11.560693641618498
E00028321,126,40,17,23,86,72,14,31.746031746031743,13.492063492063492,18.253968253968253,68.25396825396825,57.14285714285714,11.11111111111111
E00028322,116,31,9,22,85,66,19,26.72413793103448,7.758620689655173,18.96551724137931,73.27586206896551,56.896551724137936,16.379310344827587
E00028323,183,37,13,24,146,126,20,20.21857923497268,7.103825136612022,13.114754098360656,79.78142076502732,68.85245901639344,10.92896174863388
E00028324,195,49,13,36,146,122,24,25.128205128205128,6.666666666666667,18.461538461538463,74.87179487179488,62.56410256410256,12.307692307692308
E00028325,149,38,10,28,111,88,23,25.503355704697988,6.7114093959731544,18.79194630872483,74.49664429530202,59.06040268456376,15.436241610738255
E00028327,138,34,6,28,104,95,9,24.637681159420293,4.3478260869565215,20.28985507246377,75.36231884057972,68.84057971014492,6.521739130434782
E00172361,139,41,15,26,98,88,10,29.496402877697843,10.79136690647482,18.705035971223023,70.50359712230215,63.30935251798561,7.1942446043165464
E00172362,164,45,15,30,119,111,8,27.439024390243905,9.146341463414634,18.29268292682927,72.5609756097561,67.6829268292683,4.878048780487805
E00172363,140,63,23,40,77,59,18,45,16.428571428571427,28.57142857142857,55.00000000000001,42.142857142857146,12.857142857142856
E00172364,97,36,6,30,61,57,4,37.11340206185567,6.185567010309279,30.927835051546392,62.88659793814433,58.76288659793815,4.123711340206185
E00172365,94,43,16,27,51,51,0,45.744680851063826,17.02127659574468,28.723404255319153,54.25531914893617,54.25531914893617,0
E00172366,91,37,9,28,54,50,4,40.65934065934066,9.89010989010989,30.76923076923077,59.34065934065934,54.94505494505495,4.395604395604396
E00172367,194,45,15,30,149,134,15,23.195876288659793,7.731958762886598,15.463917525773196,76.80412371134021,69.0721649484536,7.731958762886598
E00172368,239,53,23,30,186,164,22,22.17573221757322,9.623430962343097,12.552301255230125,77.82426778242679,68.6192468619247,9.205020920502092
E00172369,208,41,14,27,167,140,27,19.71153846153846,6.730769230769231,12.980769230769232,80.28846153846155,67.3076923076923,12.980769230769232
E00172370,169,54,22,32,115,101,14,31.952662721893493,13.017751479289942,18.93491124260355,68.04733727810651,59.76331360946746,8.284023668639055
E00172371,74,16,10,6,58,50,8,21.62162162162162,13.513513513513514,8.108108108108109,78.37837837837837,67.56756756756756,10.81081081081081
E00181718,64,14,4,10,50,47,3,21.875,6.25,15.625,78.125,73.4375,4.6875
E00181719,128,39,12,27,89,81,8,30.46875,9.375,21.09375,69.53125,63.28125,6.25
E00181724,258,49,12,37,209,183,26,18.992248062015506,4.651162790697675,14.34108527131783,81.0077519379845,70.93023255813954,10.077519379844961
E00181725,150,35,13,22,115,101,14,23.333333333333332,8.666666666666668,14.666666666666666,76.66666666666667,67.33333333333333,9.333333333333334
E00181726,177,36,12,24,141,126,15,20.33898305084746,6.779661016949152,13.559322033898304,79.66101694915254,71.1864406779661,8.47457627118644
E00181731,145,25,8,17,120,104,16,17.24137931034483,5.517241379310345,11.724137931034482,82.75862068965517,71.72413793103448,11.03448275862069
E00181735,188,38,10,28,150,126,24,20.212765957446805,5.319148936170213,14.893617021276595,79.7872340425532,67.02127659574468,12.76595744680851
E00181740,137,37,3,34,100,87,13,27.00729927007299,2.18978102189781,24.817518248175183,72.99270072992701,63.503649635036496,9.48905109489051
E00181741,372,54,17,37,318,269,49,14.516129032258066,4.56989247311828,9.946236559139784,85.48387096774194,72.31182795698925,13.172043010752688
E00181743,67,14,5,9,53,49,4,20.8955223880597,7.462686567164178,13.432835820895523,79.1044776119403,73.13432835820896,5.970149253731343
E00181745,134,30,9,21,104,83,21,22.388059701492537,6.7164179104477615,15.671641791044777,77.61194029850746,61.940298507462686,15.671641791044777
E00181750,123,31,9,22,92,81,11,25.203252032520325,7.317073170731707,17.88617886178862,74.79674796747967,65.85365853658537,8.94308943089431
E00181752,144,71,20,51,73,69,4,49.30555555555556,13.88888888888889,35.41666666666667,50.69444444444444,47.91666666666667,2.7777777777777777
E00181757,76,19,4,15,57,51,6,25,5.263157894736842,19.736842105263158,75,67.10526315789474,7.894736842105263
E00181759,278,68,17,51,210,179,31,24.46043165467626,6.115107913669065,18.345323741007196,75.53956834532374,64.38848920863309,11.151079136690647
E00181760,111,41,8,33,70,69,1,36.93693693693694,7.207207207207207,29.72972972972973,63.06306306306306,62.16216216216216,0.9009009009009009
E00181761,58,21,6,15,37,35,2,36.206896551724135,10.344827586206897,25.862068965517242,63.793103448275865,60.3448275862069,3.4482758620689653
E00181764,179,30,8,22,149,127,22,16.75977653631285,4.4692737430167595,12.290502793296088,83.24022346368714,70.94972067039106,12.290502793296088
E00181767,40,19,2,17,21,21,0,47.5,5,42.5,52.5,52.5,0
E00181768,228,37,10,27,191,162,29,16.228070175438596,4.385964912280701,11.842105263157894,83.77192982456141,71.05263157894737,12.719298245614036
E00181770,137,42,9,33,95,90,5,30.656934306569344,6.569343065693431,24.087591240875913,69.34306569343066,65.69343065693431,3.64963503649635
E00181781,154,42,11,31,112,99,13,27.27272727272727,7.142857142857142,20.12987012987013,72.72727272727273,64.28571428571429,8.441558441558442
E00181782,97,47,12,35,50,48,2,48.45360824742268,12.371134020618557,36.08247422680412,51.546391752577314,49.48453608247423,2.0618556701030926
E00181785,276,57,17,40,219,195,24,20.652173913043477,6.159420289855073,14.492753623188406,79.34782608695652,70.65217391304348,8.695652173913043
E00181789,225,78,19,59,147,127,20,34.66666666666667,8.444444444444445,26.222222222222225,65.33333333333333,56.44444444444444,8.88888888888889
E00181798,279,60,29,31,219,182,37,21.50537634408602,10.39426523297491,11.11111111111111,78.49462365591397,65.23297491039428,13.261648745519713
E00181802,275,56,16,40,219,201,18,20.363636363636363,5.818181818181818,14.545454545454545,79.63636363636364,73.0909090909091,6.545454545454546
E00181806,161,53,17,36,108,101,7,32.91925465838509,10.559006211180124,22.36024844720497,67.08074534161491,62.732919254658384,4.3478260869565215
E00181810,163,45,14,31,118,94,24,27.607361963190186,8.588957055214724,19.018404907975462,72.39263803680981,57.668711656441715,14.723926380368098
E00181818,78,21,8,13,57,50,7,26.923076923076923,10.256410256410255,16.666666666666664,73.07692307692307,64.1025641025641,8.974358974358974
E00181821,91,27,4,23,64,52,12,29.67032967032967,4.395604395604396,25.274725274725274,70.32967032967034,57.14285714285714,13.186813186813188
