OA,ts0590001,ts0590002,ts0590003,ts0590004,ts0590005,ts0590006,ts0590007,ts0590002_PCT,ts0590003_PCT,ts0590004_PCT,ts0590005_PCT,ts0590006_PCT,ts0590007_PCT
E00115488,198,53,16,37,145,123,22,26.767676767676768,8.080808080808081,18.68686868686869,73.23232323232324,62.121212121212125,11.11111111111111
E00115489,136,44,17,27,92,75,17,32.35294117647059,12.5,19.852941176470587,67.64705882352942,55.14705882352941,12.5
E00115490,114,35,11,24,79,63,16,30.701754385964914,9.649122807017543,21.052631578947366,69.2982456140351,55.26315789473685,14.035087719298245
E00115491,163,45,13,32,118,102,16,27.607361963190186,7.975460122699387,19.631901840490798,72.39263803680981,62.57668711656442,9.815950920245399
E00115492,158,38,12,26,120,102,18,24.050632911392405,7.59493670886076,16.455696202531644,75.9493670886076,64.55696202531645,11.39240506329114
E00115493,216,63,25,38,153,122,31,29.166666666666668,11.574074074074074,17.59259259259259,70.83333333333334,56.481481481481474,14.351851851851851
E00115494,164,40,10,30,124,103,21,24.390243902439025,6.097560975609756,18.29268292682927,75.60975609756098,62.80487804878049,12.804878048780488
E00115495,169,42,13,29,127,110,17,24.85207100591716,7.6923076923076925,17.159763313609467,75.14792899408283,65.08875739644971,10.059171597633137
E00115496,107,30,10,20,77,61,16,28.037383177570092,9.345794392523365,18.69158878504673,71.96261682242991,57.009345794392516,14.953271028037381
E00115497,98,27,7,20,71,62,9,27.55102040816326,7.142857142857142,20.408163265306122,72.44897959183673,63.26530612244898,9.183673469387756
E00115498,161,43,10,33,118,99,19,26.70807453416149,6.211180124223603,20.496894409937887,73.29192546583852,61.49068322981367,11.801242236024844
E00115499,116,27,12,15,89,82,7,23.275862068965516,10.344827586206897,12.931034482758621,76.72413793103449,70.6896551724138,6.0344827586206895
E00115500,277,69,25,44,208,180,28,24.90974729241877,9.025270758122744,15.884476534296029,75.09025270758123,64.98194945848375,10.108303249097473
E00115501,125,24,9,15,101,78,23,19.2,7.199999999999999,12,80.80000000000001,62.4,18.4
E00115502,162,48,15,33,114,99,15,29.629629629629626,9.25925925925926,20.37037037037037,70.37037037037037,61.111111111111114,9.25925925925926
E00115503,119,40,14,26,79,72,7,33.61344537815126,11.76470588235294,21.84873949579832,66.38655462184873,60.50420168067227,5.88235294117647
E00115504,146,46,11,35,100,85,15,31.506849315068493,7.534246575342466,23.972602739726025,68.4931506849315,58.21917808219178,10.273972602739725
E00115505,143,37,7,30,106,93,13,25.874125874125873,4.895104895104895,20.97902097902098,74.12587412587412,65.03496503496503,9.090909090909092
E00115506,131,39,8,31,92,75,17,29.770992366412212,6.106870229007633,23.66412213740458,70.22900763358778,57.25190839694656,12.977099236641221
E00115507,175,52,16,36,123,107,16,29.714285714285715,9.142857142857142,20.57142857142857,70.28571428571428,61.142857142857146,9.142857142857142
E00115508,148,47,14,33,101,93,8,31.756756756756754,9.45945945945946,22.2972972972973,68.24324324324324,62.83783783783784,5.405405405405405
E00115509,60,14,4,10,46,32,14,23.333333333333332,6.666666666666667,16.666666666666664,76.66666666666667,53.333333333333336,23.333333333333332
E00115510,249,57,17,40,192,164,28,22.89156626506024,6.827309236947792,16.06425702811245,77.10843373493977,65.86345381526104,11.244979919678714
E00115511,170,47,17,30,123,104,19,27.647058823529413,10,17.647058823529413,72.35294117647058,61.1764705882353,11.176470588235295
E00115512,138,49,22,27,89,72,17,35.507246376811594,15.942028985507244,19.565217391304348,64.4927536231884,52.17391304347826,12.318840579710146
E00115513,203,41,13,28,162,146,16,20.19704433497537,6.403940886699508,13.793103448275861,79.80295566502463,71.92118226600985,7.8817733990147785
E00115514,134,44,11,33,90,78,12,32.83582089552239,8.208955223880597,24.62686567164179,67.16417910447761,58.2089552238806,8.955223880597014
E00115515,145,46,15,31,99,85,14,31.724137931034484,10.344827586206897,21.379310344827587,68.27586206896552,58.620689655172406,9.655172413793103
E00115516,105,30,10,20,75,61,14,28.57142857142857,9.523809523809524,19.047619047619047,71.42857142857143,58.0952380952381,13.333333333333334
E00115517,166,51,14,37,115,99,16,30.72289156626506,8.433734939759036,22.289156626506024,69.27710843373494,59.63855421686747,9.63855421686747
E00115518,165,42,15,27,123,108,15,25.454545454545453,9.090909090909092,16.363636363636363,74.54545454545455,65.45454545454545,9.090909090909092
E00115519,193,50,16,34,143,130,13,25.906735751295333,8.290155440414509,17.616580310880828,74.09326424870466,67.35751295336787,6.7357512953367875
E00115520,162,43,10,33,119,102,17,26.543209876543212,6.172839506172839,20.37037037037037,73.4567901234568,62.96296296296296,10.493827160493826
E00115521,184,43,10,33,141,116,25,23.369565217391305,5.434782608695652,17.934782608695652,76.63043478260869,63.04347826086957,13.586956521739129
E00115522,202,57,18,39,145,125,20,28.217821782178216,8.91089108910891,19.306930693069308,71.78217821782178,61.88118811881188,9.900990099009901
E00115523,129,37,13,24,92,78,14,28.68217054263566,10.077519379844961,18.6046511627907,71.31782945736434,60.46511627906976,10.852713178294573
E00115524,139,39,11,28,100,87,13,28.05755395683453,7.913669064748201,20.14388489208633,71.94244604316546,62.589928057553955,9.352517985611511
E00115525,72,17,9,8,55,49,6,23.61111111111111,12.5,11.11111111111111,76.38888888888889,68.05555555555556,8.333333333333332
E00115526,151,38,12,26,113,97,16,25.165562913907287,7.9470198675496695,17.218543046357617,74.83443708609272,64.23841059602648,10.596026490066226
E00115527,131,36,8,28,95,78,17,27.480916030534353,6.106870229007633,21.374045801526716,72.51908396946564,59.541984732824424,12.977099236641221
E00115528,136,32,8,24,104,84,20,23.52941176470588,5.88235294117647,17.647058823529413,76.47058823529412,61.76470588235294,14.705882352941178
E00115529,149,50,11,39,99,88,11,33.557046979865774,7.38255033557047,26.174496644295303,66.44295302013423,59.06040268456376,7.38255033557047
E00115530,116,40,13,27,76,62,14,34.48275862068966,11.206896551724139,23.275862068965516,65.51724137931035,53.44827586206896,12.068965517241379
E00115531,103,26,11,15,77,63,14,25.24271844660194,10.679611650485436,14.563106796116504,74.75728155339806,61.165048543689316,13.592233009708737
E00115532,133,42,12,30,91,76,15,31.57894736842105,9.022556390977442,22.55639097744361,68.42105263157895,57.14285714285714,11.278195488721805
E00115533,142,48,13,35,94,83,11,33.80281690140845,9.15492957746479,24.647887323943664,66.19718309859155,58.45070422535211,7.746478873239436
E00115534,145,49,15,34,96,81,15,33.793103448275865,10.344827586206897,23.448275862068964,66.20689655172414,55.86206896551724,10.344827586206897
E00115535,143,42,19,23,101,88,13,29.37062937062937,13.286713286713287,16.083916083916083,70.62937062937063,61.53846153846154,9.090909090909092
E00115536,187,59,22,37,128,112,16,31.550802139037433,11.76470588235294,19.786096256684495,68.44919786096256,59.893048128342244,8.55614973262032
E00115537,161,37,7,30,124,111,13,22.981366459627328,4.3478260869565215,18.633540372670808,77.01863354037268,68.94409937888199,8.074534161490684
E00115538,111,45,14,31,66,61,5,40.54054054054054,12.612612612612612,27.927927927927925,59.45945945945946,54.95495495495496,4.504504504504505
E00115539,164,56,18,38,108,92,16,34.146341463414636,10.975609756097562,23.170731707317074,65.85365853658537,56.09756097560976,9.75609756097561
E00115540,169,49,16,33,120,102,18,28.994082840236686,9.467455621301776,19.526627218934912,71.00591715976331,60.35502958579882,10.650887573964498
E00115541,189,58,15,43,131,118,13,30.687830687830687,7.936507936507936,22.75132275132275,69.31216931216932,62.43386243386243,6.878306878306878
E00115542,144,48,15,33,96,87,9,33.33333333333333,10.416666666666668,22.916666666666664,66.66666666666666,60.416666666666664,6.25
E00115543,129,51,18,33,78,68,10,39.53488372093023,13.953488372093023,25.581395348837212,60.46511627906976,52.71317829457365,7.751937984496124
E00115544,214,72,23,49,142,129,13,33.64485981308411,10.74766355140187,22.897196261682243,66.35514018691589,60.280373831775705,6.074766355140187
E00115545,158,40,12,28,118,107,11,25.31645569620253,7.59493670886076,17.72151898734177,74.68354430379746,67.72151898734177,6.962025316455696
E00115546,164,54,18,36,110,99,11,32.926829268292686,10.975609756097562,21.951219512195124,67.07317073170732,60.36585365853659,6.707317073170732
E00115547,141,49,17,32,92,80,12,34.751773049645394,12.056737588652481,22.69503546099291,65.24822695035462,56.73758865248227,8.51063829787234
E00115548,180,62,17,45,118,101,17,34.44444444444444,9.444444444444445,25,65.55555555555556,56.111111111111114,9.444444444444445
E00115549,161,44,17,27,117,99,18,27.32919254658385,10.559006211180124,16.77018633540373,72.67080745341616,61.49068322981367,11.180124223602485
E00115550,145,34,8,26,111,96,15,23.448275862068964,5.517241379310345,17.93103448275862,76.55172413793103,66.20689655172414,10.344827586206897
E00115551,102,30,12,18,72,66,6,29.411764705882355,11.76470588235294,17.647058823529413,70.58823529411765,64.70588235294117,5.88235294117647
E00115552,99,25,9,16,74,56,18,25.252525252525253,9.090909090909092,16.161616161616163,74.74747474747475,56.56565656565656,18.181818181818183
E00115553,162,41,20,21,121,97,24,25.308641975308642,12.345679012345679,12.962962962962962,74.69135802469135,59.876543209876544,14.814814814814813
E00115554,146,42,13,29,104,92,12,28.767123287671232,8.904109589041095,19.863013698630137,71.23287671232876,63.013698630136986,8.21917808219178
E00115555,173,57,19,38,116,98,18,32.947976878612714,10.982658959537572,21.965317919075144,67.05202312138728,56.64739884393064,10.404624277456648
E00115556,138,47,7,40,91,83,8,34.05797101449276,5.072463768115942,28.985507246376812,65.94202898550725,60.14492753623188,5.797101449275362
E00115557,91,30,10,20,61,57,4,32.967032967032964,10.989010989010989,21.978021978021978,67.03296703296702,62.637362637362635,4.395604395604396
E00115558,177,50,16,34,127,111,16,28.24858757062147,9.03954802259887,19.2090395480226,71.75141242937853,62.71186440677966,9.03954802259887
E00115559,162,43,14,29,119,99,20,26.543209876543212,8.641975308641975,17.901234567901234,73.4567901234568,61.111111111111114,12.345679012345679
E00115560,209,58,13,45,151,137,14,27.751196172248804,6.220095693779904,21.5311004784689,72.24880382775119,65.55023923444976,6.698564593301436
E00115561,120,43,16,27,77,67,10,35.833333333333336,13.333333333333334,22.5,64.16666666666667,55.833333333333336,8.333333333333332
E00115562,149,40,9,31,109,99,10,26.845637583892618,6.0402684563758395,20.80536912751678,73.15436241610739,66.44295302013423,6.7114093959731544
E00115563,136,45,16,29,91,77,14,33.088235294117645,11.76470588235294,21.323529411764707,66.91176470588235,56.61764705882353,10.294117647058822
E00115564,209,66,29,37,143,117,26,31.57894736842105,13.875598086124402,17.703349282296653,68.42105263157895,55.980861244019145,12.440191387559809
E00115565,94,26,12,14,68,54,14,27.659574468085108,12.76595744680851,14.893617021276595,72.3404255319149,57.446808510638306,14.893617021276595
E00115566,131,44,11,33,87,72,15,33.587786259541986,8.396946564885496,25.190839694656486,66.41221374045801,54.961832061068705,11.450381679389313
E00115567,142,41,9,32,101,92,9,28.87323943661972,6.338028169014084,22.535211267605636,71.12676056338029,64.7887323943662,6.338028169014084
E00115568,126,36,10,26,90,79,11,28.57142857142857,7.936507936507936,20.634920634920633,71.42857142857143,62.698412698412696,8.73015873015873
E00115569,118,31,9,22,87,78,9,26.27118644067797,7.627118644067797,18.64406779661017,73.72881355932203,66.10169491525424,7.627118644067797
E00115570,125,37,14,23,88,73,15,29.599999999999998,11.200000000000001,18.4,70.39999999999999,58.4,12
E00115571,146,34,16,18,112,99,13,23.28767123287671,10.95890410958904,12.32876712328767,76.71232876712328,67.8082191780822,8.904109589041095
E00115572,278,72,25,47,206,175,31,25.899280575539567,8.992805755395683,16.906474820143885,74.10071942446042,62.94964028776978,11.151079136690647
E00115573,307,77,25,52,230,195,35,25.0814332247557,8.143322475570033,16.938110749185668,74.9185667752443,63.51791530944625,11.400651465798045
E00115574,129,29,9,20,100,86,14,22.48062015503876,6.976744186046512,15.503875968992247,77.51937984496125,66.66666666666666,10.852713178294573
E00115575,185,49,19,30,136,126,10,26.486486486486488,10.27027027027027,16.216216216216218,73.51351351351352,68.10810810810811,5.405405405405405
E00115576,134,35,9,26,99,86,13,26.119402985074625,6.7164179104477615,19.402985074626866,73.88059701492537,64.17910447761194,9.701492537313433
E00115577,104,27,5,22,77,70,7,25.961538461538463,4.807692307692308,21.153846153846153,74.03846153846155,67.3076923076923,6.730769230769231
E00115578,160,39,12,27,121,103,18,24.375,7.5,16.875,75.625,64.375,11.25
E00115579,165,53,27,26,112,96,16,32.121212121212125,16.363636363636363,15.757575757575756,67.87878787878789,58.18181818181818,9.696969696969697
E00115580,130,41,18,23,89,73,16,31.538461538461537,13.846153846153847,17.692307692307693,68.46153846153847,56.15384615384615,12.307692307692308
E00115581,179,44,15,29,135,115,20,24.581005586592177,8.379888268156424,16.201117318435752,75.41899441340783,64.24581005586593,11.1731843575419
E00115582,89,32,10,22,57,48,9,35.95505617977528,11.235955056179774,24.719101123595504,64.04494382022472,53.93258426966292,10.112359550561797
E00115583,97,31,9,22,66,59,7,31.958762886597935,9.278350515463918,22.68041237113402,68.04123711340206,60.824742268041234,7.216494845360824
E00115584,124,42,11,31,82,70,12,33.87096774193548,8.870967741935484,25,66.12903225806451,56.451612903225815,9.67741935483871
E00115585,141,36,12,24,105,91,14,25.53191489361702,8.51063829787234,17.02127659574468,74.46808510638297,64.53900709219859,9.929078014184398
E00115586,117,33,9,24,84,75,9,28.205128205128204,7.6923076923076925,20.51282051282051,71.7948717948718,64.1025641025641,7.6923076923076925
E00115587,167,51,21,30,116,99,17,30.538922155688624,12.574850299401197,17.964071856287426,69.46107784431138,59.281437125748504,10.179640718562874
E00115588,114,43,15,28,71,61,10,37.719298245614034,13.157894736842104,24.561403508771928,62.28070175438597,53.50877192982456,8.771929824561402
E00115589,159,42,15,27,117,97,20,26.41509433962264,9.433962264150944,16.9811320754717,73.58490566037736,61.0062893081761,12.578616352201259
E00115590,131,30,9,21,101,87,14,22.900763358778626,6.870229007633588,16.030534351145036,77.09923664122137,66.41221374045801,10.687022900763358
E00115591,281,60,23,37,221,177,44,21.352313167259787,8.185053380782918,13.167259786476867,78.64768683274022,62.989323843416365,15.658362989323843
E00115592,77,18,8,10,59,53,6,23.376623376623375,10.38961038961039,12.987012987012985,76.62337662337663,68.83116883116884,7.792207792207792
E00115593,125,39,14,25,86,73,13,31.2,11.200000000000001,20,68.8,58.4,10.4
E00115594,130,37,12,25,93,75,18,28.46153846153846,9.230769230769232,19.230769230769234,71.53846153846153,57.692307692307686,13.846153846153847
E00115595,161,39,13,26,122,101,21,24.22360248447205,8.074534161490684,16.149068322981368,75.77639751552795,62.732919254658384,13.043478260869565
E00115596,103,26,5,21,77,70,7,25.24271844660194,4.854368932038835,20.388349514563107,74.75728155339806,67.96116504854369,6.796116504854369
E00115597,121,44,16,28,77,70,7,36.36363636363637,13.223140495867769,23.140495867768596,63.63636363636363,57.85123966942148,5.785123966942149
E00115598,161,47,14,33,114,98,16,29.19254658385093,8.695652173913043,20.496894409937887,70.80745341614907,60.86956521739131,9.937888198757763
E00115599,178,52,19,33,126,113,13,29.213483146067414,10.674157303370785,18.53932584269663,70.78651685393258,63.48314606741573,7.303370786516854
E00115600,113,36,14,22,77,67,10,31.858407079646017,12.389380530973451,19.469026548672566,68.14159292035397,59.29203539823009,8.849557522123893
E00115601,117,32,16,16,85,76,9,27.350427350427353,13.675213675213676,13.675213675213676,72.64957264957265,64.95726495726495,7.6923076923076925
E00115602,77,19,9,10,58,47,11,24.675324675324674,11.688311688311687,12.987012987012985,75.32467532467533,61.038961038961034,14.285714285714285
E00115603,75,15,8,7,60,47,13,20,10.666666666666668,9.333333333333334,80,62.66666666666667,17.333333333333336
E00115604,143,33,13,20,110,95,15,23.076923076923077,9.090909090909092,13.986013986013987,76.92307692307693,66.43356643356644,10.48951048951049
E00115606,141,34,12,22,107,91,16,24.113475177304963,8.51063829787234,15.602836879432624,75.88652482269504,64.53900709219859,11.347517730496454
E00115607,149,41,18,23,108,99,9,27.516778523489933,12.080536912751679,15.436241610738255,72.48322147651007,66.44295302013423,6.0402684563758395
E00115608,136,37,19,18,99,89,10,27.205882352941174,13.970588235294118,13.23529411764706,72.79411764705883,65.44117647058823,7.352941176470589
E00115609,149,57,28,29,92,78,14,38.25503355704698,18.79194630872483,19.463087248322147,61.74496644295302,52.348993288590606,9.395973154362416
E00115610,124,41,12,29,83,74,9,33.064516129032256,9.67741935483871,23.387096774193548,66.93548387096774,59.67741935483871,7.258064516129033
E00115611,93,38,16,22,55,46,9,40.86021505376344,17.20430107526882,23.655913978494624,59.13978494623656,49.46236559139785,9.67741935483871
E00115612,171,62,23,39,109,96,13,36.25730994152047,13.450292397660817,22.807017543859647,63.74269005847953,56.14035087719298,7.602339181286549
E00115613,120,43,15,28,77,62,15,35.833333333333336,12.5,23.333333333333332,64.16666666666667,51.66666666666667,12.5
E00115614,139,68,31,37,71,52,19,48.92086330935252,22.302158273381295,26.618705035971225,51.07913669064749,37.410071942446045,13.66906474820144
E00115615,158,46,19,27,112,94,18,29.11392405063291,12.025316455696203,17.088607594936708,70.88607594936708,59.49367088607595,11.39240506329114
E00115616,87,26,9,17,61,49,12,29.88505747126437,10.344827586206897,19.54022988505747,70.11494252873564,56.32183908045977,13.793103448275861
E00115617,127,48,16,32,79,69,10,37.79527559055118,12.598425196850393,25.196850393700785,62.20472440944882,54.330708661417326,7.874015748031496
E00115618,124,47,14,33,77,65,12,37.903225806451616,11.29032258064516,26.61290322580645,62.096774193548384,52.41935483870967,9.67741935483871
E00115619,110,41,17,24,69,60,9,37.27272727272727,15.454545454545453,21.818181818181817,62.727272727272734,54.54545454545454,8.181818181818182
E00115620,115,43,18,25,72,57,15,37.391304347826086,15.65217391304348,21.73913043478261,62.60869565217392,49.56521739130435,13.043478260869565
E00115621,127,48,22,26,79,63,16,37.79527559055118,17.322834645669293,20.47244094488189,62.20472440944882,49.60629921259843,12.598425196850393
E00115622,137,41,16,25,96,86,10,29.927007299270077,11.678832116788321,18.248175182481752,70.07299270072993,62.77372262773723,7.2992700729927
E00115623,140,51,21,30,89,78,11,36.42857142857142,15,21.428571428571427,63.57142857142857,55.714285714285715,7.857142857142857
E00115624,236,52,17,35,184,144,40,22.033898305084744,7.203389830508475,14.83050847457627,77.96610169491525,61.016949152542374,16.94915254237288
E00115625,113,42,13,29,71,59,12,37.16814159292036,11.504424778761061,25.663716814159294,62.83185840707964,52.21238938053098,10.619469026548673
E00115626,86,30,14,16,56,48,8,34.883720930232556,16.27906976744186,18.6046511627907,65.11627906976744,55.81395348837209,9.30232558139535
E00115627,162,47,17,30,115,102,13,29.01234567901235,10.493827160493826,18.51851851851852,70.98765432098766,62.96296296296296,8.024691358024691
E00115629,125,48,16,32,77,65,12,38.4,12.8,25.6,61.6,52,9.6
E00115630,162,53,21,32,109,91,18,32.71604938271605,12.962962962962962,19.753086419753085,67.28395061728395,56.17283950617284,11.11111111111111
E00115631,129,44,19,25,85,77,8,34.10852713178294,14.728682170542637,19.379844961240313,65.89147286821705,59.68992248062015,6.2015503875969
E00115632,138,42,20,22,96,76,20,30.434782608695656,14.492753623188406,15.942028985507244,69.56521739130434,55.072463768115945,14.492753623188406
E00115633,169,48,18,30,121,91,30,28.402366863905325,10.650887573964498,17.75147928994083,71.59763313609467,53.84615384615385,17.75147928994083
E00115634,178,58,21,37,120,101,19,32.58426966292135,11.797752808988763,20.786516853932586,67.41573033707866,56.74157303370787,10.674157303370785
E00115635,80,25,7,18,55,48,7,31.25,8.75,22.5,68.75,60,8.75
E00115636,195,59,17,42,136,114,22,30.256410256410255,8.717948717948717,21.53846153846154,69.74358974358974,58.46153846153847,11.282051282051283
E00115637,160,51,23,28,109,91,18,31.874999999999996,14.374999999999998,17.5,68.125,56.875,11.25
E00115638,117,38,18,20,79,67,12,32.47863247863248,15.384615384615385,17.094017094017094,67.52136752136752,57.26495726495726,10.256410256410255
E00115639,80,30,12,18,50,42,8,37.5,15,22.5,62.5,52.5,10
E00115640,151,61,21,40,90,82,8,40.397350993377486,13.90728476821192,26.490066225165563,59.60264900662252,54.3046357615894,5.298013245033113
E00115641,144,46,20,26,98,76,22,31.944444444444443,13.88888888888889,18.055555555555554,68.05555555555556,52.77777777777778,15.277777777777779
E00115642,212,79,24,55,133,105,28,37.264150943396224,11.320754716981133,25.943396226415093,62.735849056603776,49.528301886792455,13.20754716981132
E00115643,167,48,21,27,119,94,25,28.74251497005988,12.574850299401197,16.16766467065868,71.25748502994011,56.287425149700596,14.97005988023952
E00115644,156,46,11,35,110,92,18,29.48717948717949,7.051282051282051,22.435897435897438,70.51282051282051,58.97435897435898,11.538461538461538
E00115645,164,47,21,26,117,101,16,28.65853658536585,12.804878048780488,15.853658536585366,71.34146341463415,61.58536585365854,9.75609756097561
E00115646,153,49,14,35,104,82,22,32.02614379084967,9.15032679738562,22.875816993464053,67.97385620915033,53.59477124183007,14.37908496732026
E00115647,99,26,11,15,73,62,11,26.262626262626267,11.11111111111111,15.151515151515152,73.73737373737373,62.62626262626263,11.11111111111111
E00115648,111,32,8,24,79,71,8,28.82882882882883,7.207207207207207,21.62162162162162,71.17117117117117,63.96396396396396,7.207207207207207
E00115649,102,40,9,31,62,49,13,39.21568627450981,8.823529411764707,30.392156862745097,60.78431372549019,48.03921568627451,12.745098039215685
E00115650,159,46,14,32,113,98,15,28.930817610062892,8.80503144654088,20.125786163522015,71.0691823899371,61.63522012578616,9.433962264150944
E00115652,133,42,15,27,91,79,12,31.57894736842105,11.278195488721805,20.30075187969925,68.42105263157895,59.3984962406015,9.022556390977442
E00115653,151,43,11,32,108,95,13,28.47682119205298,7.28476821192053,21.192052980132452,71.52317880794702,62.913907284768214,8.609271523178808
E00115655,154,43,17,26,111,94,17,27.92207792207792,11.03896103896104,16.883116883116884,72.07792207792207,61.038961038961034,11.03896103896104
E00115656,172,67,30,37,105,89,16,38.95348837209303,17.441860465116278,21.511627906976745,61.04651162790697,51.74418604651163,9.30232558139535
E00115657,205,65,15,50,140,120,20,31.70731707317073,7.317073170731707,24.390243902439025,68.29268292682927,58.536585365853654,9.75609756097561
E00115658,206,59,20,39,147,121,26,28.640776699029125,9.70873786407767,18.932038834951456,71.35922330097088,58.7378640776699,12.62135922330097
E00115659,100,31,15,16,69,57,12,31,15,16,69,56.99999999999999,12
E00115661,167,64,27,37,103,75,28,38.32335329341318,16.16766467065868,22.15568862275449,61.67664670658682,44.91017964071856,16.766467065868262
E00115662,125,35,10,25,90,63,27,28.000000000000004,8,20,72,50.4,21.6
E00115664,208,57,15,42,151,130,21,27.403846153846157,7.211538461538461,20.192307692307693,72.59615384615384,62.5,10.096153846153847
E00115665,153,38,9,29,115,102,13,24.836601307189543,5.88235294117647,18.954248366013072,75.16339869281046,66.66666666666666,8.49673202614379
E00115666,150,47,20,27,103,97,6,31.333333333333336,13.333333333333334,18,68.66666666666667,64.66666666666666,4
E00115667,157,49,19,30,108,90,18,31.210191082802545,12.101910828025478,19.10828025477707,68.78980891719745,57.324840764331206,11.464968152866243
E00115668,168,41,13,28,127,113,14,24.404761904761905,7.738095238095238,16.666666666666664,75.59523809523809,67.26190476190477,8.333333333333332
E00115669,195,55,23,32,140,128,12,28.205128205128204,11.794871794871794,16.41025641025641,71.7948717948718,65.64102564102564,6.153846153846154
E00115671,290,76,30,46,214,176,38,26.20689655172414,10.344827586206897,15.862068965517242,73.79310344827587,60.689655172413794,13.10344827586207
E00115672,160,39,14,25,121,94,27,24.375,8.75,15.625,75.625,58.75,16.875
E00115673,166,57,14,43,109,97,12,34.33734939759036,8.433734939759036,25.903614457831324,65.66265060240963,58.43373493975904,7.228915662650602
E00115674,163,47,17,30,116,96,20,28.834355828220858,10.429447852760736,18.404907975460123,71.16564417177914,58.895705521472394,12.269938650306749
E00115675,118,41,18,23,77,69,8,34.74576271186441,15.254237288135593,19.491525423728813,65.2542372881356,58.47457627118644,6.779661016949152
E00115676,91,20,10,10,71,66,5,21.978021978021978,10.989010989010989,10.989010989010989,78.02197802197803,72.52747252747253,5.4945054945054945
E00115677,152,49,14,35,103,87,16,32.23684210526316,9.210526315789473,23.026315789473685,67.76315789473685,57.23684210526315,10.526315789473683
E00115678,144,39,10,29,105,87,18,27.083333333333332,6.944444444444445,20.13888888888889,72.91666666666666,60.416666666666664,12.5
E00115679,144,40,13,27,104,91,13,27.77777777777778,9.027777777777777,18.75,72.22222222222221,63.19444444444444,9.027777777777777
E00115680,171,47,15,32,124,106,18,27.485380116959064,8.771929824561402,18.71345029239766,72.51461988304094,61.98830409356725,10.526315789473683
E00115681,137,39,17,22,98,88,10,28.467153284671532,12.408759124087592,16.05839416058394,71.53284671532847,64.23357664233576,7.2992700729927
E00115682,133,33,12,21,100,91,9,24.81203007518797,9.022556390977442,15.789473684210526,75.18796992481202,68.42105263157895,6.7669172932330826
E00115683,127,56,17,39,71,65,6,44.09448818897638,13.385826771653544,30.708661417322837,55.90551181102362,51.181102362204726,4.724409448818897
E00115684,156,53,20,33,103,82,21,33.97435897435898,12.82051282051282,21.153846153846153,66.02564102564102,52.56410256410257,13.461538461538462
E00115685,135,46,16,30,89,72,17,34.074074074074076,11.851851851851853,22.22222222222222,65.92592592592592,53.333333333333336,12.592592592592592
E00115686,115,36,11,25,79,70,9,31.30434782608696,9.565217391304348,21.73913043478261,68.69565217391305,60.86956521739131,7.82608695652174
E00115687,246,74,29,45,172,143,29,30.081300813008134,11.788617886178862,18.29268292682927,69.91869918699187,58.13008130081301,11.788617886178862
E00115688,101,37,10,27,64,54,10,36.633663366336634,9.900990099009901,26.732673267326735,63.366336633663366,53.46534653465347,9.900990099009901
E00115689,107,36,10,26,71,56,15,33.64485981308411,9.345794392523365,24.299065420560748,66.35514018691589,52.336448598130836,14.018691588785046
E00115690,134,35,13,22,99,86,13,26.119402985074625,9.701492537313433,16.417910447761194,73.88059701492537,64.17910447761194,9.701492537313433
E00115691,97,21,6,15,76,69,7,21.649484536082475,6.185567010309279,15.463917525773196,78.35051546391753,71.1340206185567,7.216494845360824
E00115692,134,43,19,24,91,78,13,32.08955223880597,14.17910447761194,17.91044776119403,67.91044776119402,58.2089552238806,9.701492537313433
E00115693,140,39,8,31,101,95,6,27.857142857142858,5.714285714285714,22.142857142857142,72.14285714285714,67.85714285714286,4.285714285714286
E00115694,122,29,10,19,93,86,7,23.770491803278688,8.19672131147541,15.573770491803279,76.22950819672131,70.49180327868852,5.737704918032787
E00115695,178,59,20,39,119,96,23,33.146067415730336,11.235955056179774,21.910112359550563,66.85393258426966,53.93258426966292,12.921348314606742
E00115696,140,48,14,34,92,71,21,34.285714285714285,10,24.285714285714285,65.71428571428571,50.71428571428571,15
E00115697,179,57,17,40,122,108,14,31.843575418994412,9.497206703910614,22.3463687150838,68.15642458100558,60.33519553072626,7.82122905027933
E00115698,171,55,13,42,116,95,21,32.16374269005848,7.602339181286549,24.561403508771928,67.83625730994152,55.55555555555556,12.280701754385964
E00115699,68,25,11,14,43,40,3,36.76470588235294,16.176470588235293,20.588235294117645,63.23529411764706,58.82352941176471,4.411764705882353
E00115700,103,29,12,17,74,60,14,28.155339805825243,11.650485436893204,16.50485436893204,71.84466019417476,58.252427184466015,13.592233009708737
E00115701,178,53,10,43,125,108,17,29.775280898876407,5.617977528089887,24.15730337078652,70.2247191011236,60.67415730337079,9.550561797752808
E00115702,155,47,21,26,108,95,13,30.32258064516129,13.548387096774196,16.7741935483871,69.6774193548387,61.29032258064516,8.38709677419355
E00115703,89,21,8,13,68,60,8,23.595505617977526,8.98876404494382,14.606741573033707,76.40449438202246,67.41573033707866,8.98876404494382
E00115704,128,40,11,29,88,82,6,31.25,8.59375,22.65625,68.75,64.0625,4.6875
E00115705,149,53,17,36,96,83,13,35.57046979865772,11.409395973154362,24.161073825503358,64.42953020134227,55.70469798657718,8.724832214765101
E00115706,174,57,19,38,117,94,23,32.758620689655174,10.919540229885058,21.839080459770116,67.24137931034483,54.02298850574713,13.218390804597702
E00115707,134,27,7,20,107,99,8,20.149253731343283,5.223880597014925,14.925373134328357,79.8507462686567,73.88059701492537,5.970149253731343
E00115708,126,41,21,20,85,75,10,32.53968253968254,16.666666666666664,15.873015873015872,67.46031746031747,59.523809523809526,7.936507936507936
E00115709,133,51,21,30,82,67,15,38.34586466165413,15.789473684210526,22.55639097744361,61.65413533834586,50.37593984962406,11.278195488721805
E00115710,86,28,10,18,58,46,12,32.55813953488372,11.627906976744185,20.930232558139537,67.44186046511628,53.48837209302325,13.953488372093023
E00115711,186,49,14,35,137,116,21,26.344086021505376,7.526881720430108,18.817204301075268,73.65591397849462,62.365591397849464,11.29032258064516
E00115712,156,42,13,29,114,93,21,26.923076923076923,8.333333333333332,18.58974358974359,73.07692307692307,59.61538461538461,13.461538461538462
E00115713,174,51,24,27,123,108,15,29.310344827586203,13.793103448275861,15.517241379310345,70.6896551724138,62.06896551724138,8.620689655172415
E00115714,183,57,29,28,126,107,19,31.147540983606557,15.846994535519126,15.300546448087433,68.85245901639344,58.46994535519126,10.382513661202186
E00115715,154,39,11,28,115,103,12,25.324675324675322,7.142857142857142,18.181818181818183,74.67532467532467,66.88311688311688,7.792207792207792
E00115716,182,54,24,30,128,113,15,29.67032967032967,13.186813186813188,16.483516483516482,70.32967032967034,62.08791208791209,8.241758241758241
E00115717,131,42,8,34,89,77,12,32.06106870229007,6.106870229007633,25.954198473282442,67.93893129770993,58.778625954198475,9.16030534351145
E00115718,157,43,17,26,114,99,15,27.388535031847134,10.828025477707007,16.560509554140125,72.61146496815286,63.05732484076433,9.554140127388536
E00115719,249,79,23,56,170,146,24,31.72690763052209,9.236947791164658,22.48995983935743,68.27309236947792,58.63453815261044,9.63855421686747
E00115720,174,57,21,36,117,103,14,32.758620689655174,12.068965517241379,20.689655172413794,67.24137931034483,59.195402298850574,8.045977011494253
E00115721,164,53,14,39,111,96,15,32.31707317073171,8.536585365853659,23.78048780487805,67.6829268292683,58.536585365853654,9.146341463414634
E00115722,66,25,13,12,41,32,9,37.878787878787875,19.696969696969695,18.181818181818183,62.121212121212125,48.484848484848484,13.636363636363635
E00115723,152,33,4,29,119,105,14,21.710526315789476,2.631578947368421,19.078947368421055,78.28947368421053,69.07894736842105,9.210526315789473
E00115724,152,46,16,30,106,89,17,30.263157894736842,10.526315789473683,19.736842105263158,69.73684210526315,58.55263157894737,11.18421052631579
E00115725,160,51,14,37,109,95,14,31.874999999999996,8.75,23.125,68.125,59.375,8.75
E00115726,149,39,17,22,110,90,20,26.174496644295303,11.409395973154362,14.76510067114094,73.8255033557047,60.40268456375839,13.422818791946309
E00115727,146,46,19,27,100,93,7,31.506849315068493,13.013698630136986,18.493150684931507,68.4931506849315,63.6986301369863,4.794520547945205
E00115728,158,51,16,35,107,85,22,32.278481012658226,10.126582278481013,22.151898734177212,67.72151898734177,53.79746835443038,13.924050632911392
E00115729,122,35,10,25,87,66,21,28.688524590163933,8.19672131147541,20.491803278688526,71.31147540983606,54.09836065573771,17.21311475409836
E00115730,214,47,19,28,167,145,22,21.962616822429908,8.878504672897195,13.084112149532709,78.03738317757009,67.7570093457944,10.2803738317757
E00115731,142,48,15,33,94,82,12,33.80281690140845,10.56338028169014,23.239436619718308,66.19718309859155,57.74647887323944,8.450704225352112
E00115732,184,42,16,26,142,118,24,22.82608695652174,8.695652173913043,14.130434782608695,77.17391304347827,64.13043478260869,13.043478260869565
E00115733,168,43,15,28,125,99,26,25.595238095238095,8.928571428571429,16.666666666666664,74.40476190476191,58.92857142857143,15.476190476190476
E00115734,198,48,14,34,150,130,20,24.242424242424242,7.07070707070707,17.17171717171717,75.75757575757575,65.65656565656566,10.1010101010101
E00115735,206,54,25,29,152,128,24,26.21359223300971,12.135922330097088,14.077669902912621,73.7864077669903,62.13592233009708,11.650485436893204
E00115736,310,94,41,53,216,164,52,30.32258064516129,13.225806451612904,17.096774193548388,69.6774193548387,52.903225806451616,16.7741935483871
E00115737,188,60,28,32,128,107,21,31.914893617021278,14.893617021276595,17.02127659574468,68.08510638297872,56.91489361702128,11.170212765957446
E00115738,173,44,23,21,129,108,21,25.43352601156069,13.294797687861271,12.138728323699421,74.56647398843931,62.42774566473989,12.138728323699421
E00115739,147,45,19,26,102,77,25,30.612244897959183,12.925170068027212,17.687074829931973,69.38775510204081,52.38095238095239,17.006802721088434
E00115741,224,60,18,42,164,134,30,26.785714285714285,8.035714285714286,18.75,73.21428571428571,59.82142857142857,13.392857142857142
E00115742,251,81,28,53,170,146,24,32.27091633466135,11.155378486055776,21.115537848605577,67.729083665338635,58.16733067729084,9.56175298804781
E00115743,214,47,20,27,167,149,18,21.962616822429908,9.345794392523365,12.616822429906541,78.03738317757009,69.62616822429906,8.411214953271028
E00115744,146,33,13,20,113,99,14,22.602739726027394,8.904109589041095,13.698630136986301,77.3972602739726,67.8082191780822,9.58904109589041
E00115745,164,57,24,33,107,84,23,34.756097560975604,14.634146341463413,20.121951219512198,65.2439024390244,51.21951219512195,14.02439024390244
E00115746,194,53,18,35,141,125,16,27.31958762886598,9.278350515463918,18.04123711340206,72.68041237113401,64.43298969072166,8.24742268041237
E00115747,176,56,21,35,120,92,28,31.818181818181817,11.931818181818182,19.886363636363637,68.18181818181817,52.27272727272727,15.909090909090908
E00115748,137,35,10,25,102,82,20,25.547445255474454,7.2992700729927,18.248175182481752,74.45255474452554,59.854014598540154,14.5985401459854
E00115749,180,53,9,44,127,105,22,29.444444444444446,5,24.444444444444443,70.55555555555556,58.333333333333336,12.222222222222221
E00115750,207,55,17,38,152,135,17,26.570048309178745,8.212560386473431,18.357487922705314,73.42995169082126,65.21739130434783,8.212560386473431
E00115751,179,51,25,26,128,98,30,28.49162011173184,13.966480446927374,14.52513966480447,71.50837988826815,54.7486033519553,16.75977653631285
E00115752,179,52,22,30,127,114,13,29.05027932960894,12.290502793296088,16.75977653631285,70.94972067039106,63.687150837988824,7.262569832402235
E00115753,89,29,12,17,60,48,12,32.58426966292135,13.48314606741573,19.101123595505616,67.41573033707866,53.93258426966292,13.48314606741573
E00115754,147,53,14,39,94,75,19,36.054421768707485,9.523809523809524,26.53061224489796,63.94557823129252,51.02040816326531,12.925170068027212
E00115755,114,32,10,22,82,76,6,28.07017543859649,8.771929824561402,19.298245614035086,71.9298245614035,66.66666666666666,5.263157894736842
E00115756,105,36,13,23,69,60,9,34.285714285714285,12.380952380952381,21.904761904761905,65.71428571428571,57.14285714285714,8.571428571428571
E00115758,95,32,11,21,63,55,8,33.68421052631579,11.578947368421053,22.105263157894736,66.3157894736842,57.89473684210527,8.421052631578947
E00115759,173,49,13,36,124,100,24,28.32369942196532,7.514450867052023,20.809248554913296,71.67630057803468,57.80346820809249,13.872832369942195
E00115760,131,42,13,29,89,73,16,32.06106870229007,9.923664122137405,22.137404580152673,67.93893129770993,55.72519083969466,12.213740458015266
E00115761,124,39,10,29,85,77,8,31.451612903225808,8.064516129032258,23.387096774193548,68.54838709677419,62.096774193548384,6.451612903225806
E00115762,116,30,10,20,86,71,15,25.862068965517242,8.620689655172415,17.24137931034483,74.13793103448276,61.206896551724135,12.931034482758621
E00115763,126,39,19,20,87,78,9,30.952380952380953,15.079365079365079,15.873015873015872,69.04761904761905,61.904761904761905,7.142857142857142
E00115764,148,50,15,35,98,88,10,33.78378378378378,10.135135135135135,23.64864864864865,66.21621621621621,59.45945945945946,6.756756756756757
E00115765,104,34,9,25,70,58,12,32.69230769230769,8.653846153846153,24.03846153846154,67.3076923076923,55.769230769230774,11.538461538461538
E00115766,105,38,13,25,67,53,14,36.19047619047619,12.380952380952381,23.809523809523807,63.8095238095238,50.476190476190474,13.333333333333334
E00115767,163,37,15,22,126,106,20,22.699386503067483,9.202453987730062,13.496932515337424,77.30061349693251,65.03067484662577,12.269938650306749
E00115768,148,45,14,31,103,90,13,30.405405405405407,9.45945945945946,20.945945945945947,69.5945945945946,60.810810810810814,8.783783783783784
E00115769,171,50,20,30,121,103,18,29.239766081871345,11.695906432748536,17.543859649122805,70.76023391812866,60.23391812865497,10.526315789473683
E00115770,61,23,11,12,38,36,2,37.704918032786885,18.0327868852459,19.672131147540984,62.295081967213115,59.01639344262295,3.278688524590164
E00115771,44,14,2,12,30,24,6,31.818181818181817,4.545454545454546,27.27272727272727,68.18181818181817,54.54545454545454,13.636363636363635
E00115772,75,26,13,13,49,43,6,34.66666666666667,17.333333333333336,17.333333333333336,65.33333333333333,57.333333333333336,8
E00115773,91,39,14,25,52,45,7,42.857142857142854,15.384615384615385,27.472527472527474,57.14285714285714,49.45054945054945,7.6923076923076925
E00115774,95,34,7,27,61,53,8,35.78947368421053,7.368421052631578,28.421052631578945,64.21052631578948,55.78947368421052,8.421052631578947
E00115775,183,52,10,42,131,111,20,28.415300546448087,5.46448087431694,22.950819672131146,71.58469945355192,60.65573770491803,10.92896174863388
E00115776,117,40,12,28,77,66,11,34.18803418803419,10.256410256410255,23.931623931623932,65.8119658119658,56.41025641025641,9.401709401709402
E00115777,158,51,17,34,107,87,20,32.278481012658226,10.759493670886076,21.518987341772153,67.72151898734177,55.06329113924051,12.658227848101266
E00115778,113,29,12,17,84,73,11,25.663716814159294,10.619469026548673,15.04424778761062,74.33628318584071,64.60176991150442,9.734513274336283
E00115779,169,38,9,29,131,99,32,22.485207100591715,5.325443786982249,17.159763313609467,77.51479289940828,58.57988165680473,18.93491124260355
E00115780,111,38,22,16,73,47,26,34.234234234234236,19.81981981981982,14.414414414414415,65.76576576576578,42.34234234234234,23.423423423423422
E00115781,147,46,12,34,101,90,11,31.292517006802722,8.16326530612245,23.12925170068027,68.70748299319727,61.224489795918366,7.482993197278912
E00115782,351,103,48,55,248,213,35,29.34472934472934,13.675213675213676,15.669515669515668,70.65527065527066,60.68376068376068,9.971509971509972
E00115783,234,67,25,42,167,140,27,28.63247863247863,10.683760683760683,17.94871794871795,71.36752136752136,59.82905982905983,11.538461538461538
E00115785,82,23,7,16,59,45,14,28.04878048780488,8.536585365853659,19.51219512195122,71.95121951219512,54.87804878048781,17.073170731707318
E00115786,184,60,26,34,124,96,28,32.608695652173914,14.130434782608695,18.478260869565215,67.3913043478261,52.17391304347826,15.217391304347828
E00115787,163,51,21,30,112,92,20,31.28834355828221,12.883435582822086,18.404907975460123,68.71165644171779,56.44171779141104,12.269938650306749
E00115788,153,50,21,29,103,79,24,32.6797385620915,13.725490196078432,18.954248366013072,67.3202614379085,51.633986928104584,15.686274509803921
E00115789,152,43,14,29,109,93,16,28.289473684210524,9.210526315789473,19.078947368421055,71.71052631578947,61.18421052631579,10.526315789473683
E00115790,135,52,20,32,83,66,17,38.51851851851852,14.814814814814813,23.703703703703706,61.48148148148148,48.888888888888886,12.592592592592592
E00115791,121,37,14,23,84,64,20,30.57851239669421,11.570247933884298,19.00826446280992,69.42148760330579,52.892561983471076,16.528925619834713
E00115792,108,33,13,20,75,57,18,30.555555555555557,12.037037037037036,18.51851851851852,69.44444444444444,52.77777777777778,16.666666666666664
E00115793,108,20,6,14,88,62,26,18.51851851851852,5.555555555555555,12.962962962962962,81.48148148148148,57.407407407407405,24.074074074074073
E00115794,149,41,13,28,108,92,16,27.516778523489933,8.724832214765101,18.79194630872483,72.48322147651007,61.74496644295302,10.738255033557047
E00115795,161,50,24,26,111,90,21,31.05590062111801,14.906832298136646,16.149068322981368,68.94409937888199,55.90062111801242,13.043478260869565
E00115796,188,70,20,50,118,101,17,37.234042553191486,10.638297872340425,26.595744680851062,62.76595744680851,53.72340425531915,9.042553191489363
E00115797,206,66,21,45,140,115,25,32.038834951456316,10.194174757281553,21.844660194174757,67.96116504854369,55.8252427184466,12.135922330097088
E00115798,215,68,18,50,147,127,20,31.627906976744185,8.372093023255815,23.25581395348837,68.37209302325581,59.06976744186046,9.30232558139535
E00115799,143,44,17,27,99,79,20,30.76923076923077,11.888111888111888,18.88111888111888,69.23076923076923,55.24475524475524,13.986013986013987
E00115800,143,49,18,31,94,80,14,34.26573426573427,12.587412587412588,21.678321678321677,65.73426573426573,55.94405594405595,9.79020979020979
E00115801,166,43,13,30,123,101,22,25.903614457831324,7.83132530120482,18.072289156626507,74.09638554216868,60.8433734939759,13.253012048192772
E00115802,155,51,11,40,104,90,14,32.903225806451616,7.096774193548387,25.806451612903224,67.0967741935484,58.06451612903226,9.032258064516128
E00115803,99,34,14,20,65,56,9,34.34343434343434,14.14141414141414,20.2020202020202,65.65656565656566,56.56565656565656,9.090909090909092
E00115804,126,46,21,25,80,67,13,36.507936507936506,16.666666666666664,19.841269841269842,63.49206349206349,53.17460317460318,10.317460317460316
E00115805,182,43,12,31,139,126,13,23.626373626373624,6.593406593406594,17.032967032967033,76.37362637362637,69.23076923076923,7.142857142857142
E00115806,174,65,22,43,109,94,15,37.35632183908046,12.643678160919542,24.71264367816092,62.643678160919535,54.02298850574713,8.620689655172415
E00115808,170,51,25,26,119,104,15,30,14.705882352941178,15.294117647058824,70,61.1764705882353,8.823529411764707
E00115809,155,43,18,25,112,97,15,27.741935483870968,11.612903225806452,16.129032258064516,72.25806451612902,62.58064516129033,9.67741935483871
E00115810,103,34,16,18,69,60,9,33.00970873786408,15.53398058252427,17.475728155339805,66.99029126213593,58.252427184466015,8.737864077669903
E00115811,123,46,10,36,77,61,16,37.39837398373984,8.130081300813007,29.268292682926827,62.601626016260155,49.59349593495935,13.008130081300814
E00115812,186,56,16,40,130,111,19,30.107526881720432,8.60215053763441,21.50537634408602,69.89247311827957,59.67741935483871,10.21505376344086
E00115813,176,52,23,29,124,106,18,29.545454545454547,13.068181818181818,16.477272727272727,70.45454545454545,60.22727272727273,10.227272727272728
E00115814,167,39,14,25,128,110,18,23.353293413173652,8.383233532934131,14.97005988023952,76.64670658682635,65.86826347305389,10.778443113772456
E00115815,148,33,6,27,115,101,14,22.2972972972973,4.054054054054054,18.243243243243242,77.7027027027027,68.24324324324324,9.45945945945946
E00115816,223,65,25,40,158,133,25,29.14798206278027,11.210762331838566,17.937219730941703,70.85201793721974,59.64125560538116,11.210762331838566
E00115817,136,28,9,19,108,89,19,20.588235294117645,6.61764705882353,13.970588235294118,79.41176470588235,65.44117647058823,13.970588235294118
E00115818,191,54,19,35,137,116,21,28.272251308900525,9.947643979057592,18.32460732984293,71.72774869109948,60.73298429319372,10.99476439790576
E00115819,195,51,16,35,144,122,22,26.153846153846157,8.205128205128204,17.94871794871795,73.84615384615385,62.56410256410256,11.282051282051283
E00115820,170,47,20,27,123,107,16,27.647058823529413,11.76470588235294,15.88235294117647,72.35294117647058,62.94117647058823,9.411764705882353
E00115821,178,44,14,30,134,106,28,24.719101123595504,7.865168539325842,16.853932584269664,75.28089887640449,59.55056179775281,15.730337078651685
E00115822,205,71,23,48,134,106,28,34.63414634146341,11.219512195121952,23.414634146341466,65.3658536585366,51.707317073170735,13.658536585365855
E00115823,164,53,26,27,111,95,16,32.31707317073171,15.853658536585366,16.463414634146343,67.6829268292683,57.92682926829268,9.75609756097561
E00115824,159,49,16,33,110,80,30,30.81761006289308,10.062893081761008,20.754716981132077,69.18238993710692,50.314465408805034,18.867924528301888
E00115825,216,74,31,43,142,121,21,34.25925925925926,14.351851851851851,19.90740740740741,65.74074074074075,56.018518518518526,9.722222222222223
E00115826,84,23,11,12,61,48,13,27.380952380952383,13.095238095238097,14.285714285714285,72.61904761904762,57.14285714285714,15.476190476190476
E00115827,193,76,29,47,117,88,29,39.37823834196891,15.025906735751295,24.352331606217618,60.62176165803109,45.59585492227979,15.025906735751295
E00115828,155,46,14,32,109,93,16,29.677419354838708,9.032258064516128,20.64516129032258,70.3225806451613,60,10.32258064516129
E00115829,170,60,27,33,110,87,23,35.294117647058826,15.88235294117647,19.411764705882355,64.70588235294117,51.17647058823529,13.529411764705882
E00115830,156,49,17,32,107,89,18,31.41025641025641,10.897435897435898,20.51282051282051,68.58974358974359,57.05128205128205,11.538461538461538
E00115831,136,42,12,30,94,75,19,30.88235294117647,8.823529411764707,22.058823529411764,69.11764705882352,55.14705882352941,13.970588235294118
E00115832,266,77,33,44,189,152,37,28.947368421052634,12.406015037593985,16.541353383458645,71.05263157894737,57.14285714285714,13.909774436090224
E00115833,134,39,14,25,95,59,36,29.1044776119403,10.44776119402985,18.65671641791045,70.8955223880597,44.02985074626866,26.865671641791046
E00115834,186,53,18,35,133,115,18,28.49462365591398,9.67741935483871,18.817204301075268,71.50537634408603,61.82795698924731,9.67741935483871
E00115835,162,59,25,34,103,85,18,36.41975308641975,15.432098765432098,20.98765432098765,63.580246913580254,52.46913580246913,11.11111111111111
E00115836,169,57,23,34,112,93,19,33.72781065088758,13.609467455621301,20.118343195266274,66.27218934911244,55.02958579881657,11.242603550295858
E00115837,127,39,14,25,88,74,14,30.708661417322837,11.023622047244094,19.68503937007874,69.29133858267717,58.26771653543307,11.023622047244094
E00115838,40,16,8,8,24,23,1,40,20,20,60,57.49999999999999,2.5
E00115839,162,58,22,36,104,84,20,35.80246913580247,13.580246913580247,22.22222222222222,64.19753086419753,51.85185185185185,12.345679012345679
E00168112,178,39,10,29,139,123,16,21.910112359550563,5.617977528089887,16.292134831460675,78.08988764044943,69.10112359550563,8.98876404494382
E00168114,175,49,14,35,126,104,22,28.000000000000004,8,20,72,59.42857142857143,12.571428571428573
E00168115,171,55,29,26,116,97,19,32.16374269005848,16.95906432748538,15.204678362573098,67.83625730994152,56.72514619883041,11.11111111111111
E00168116,147,39,19,20,108,77,31,26.53061224489796,12.925170068027212,13.60544217687075,73.46938775510205,52.38095238095239,21.08843537414966
E00168117,75,32,9,23,43,33,10,42.66666666666667,12,30.666666666666664,57.333333333333336,44,13.333333333333334
E00168118,151,42,11,31,109,92,17,27.81456953642384,7.28476821192053,20.52980132450331,72.18543046357617,60.9271523178808,11.258278145695364
E00168119,349,92,37,55,257,212,45,26.36103151862464,10.601719197707736,15.759312320916905,73.63896848137536,60.74498567335244,12.893982808022923
E00168121,135,39,14,25,96,78,18,28.888888888888886,10.37037037037037,18.51851851851852,71.11111111111111,57.77777777777777,13.333333333333334
E00179914,277,74,25,49,203,182,21,26.714801444043324,9.025270758122744,17.689530685920577,73.28519855595668,65.70397111913357,7.581227436823104
E00179917,257,56,13,43,201,177,24,21.78988326848249,5.058365758754864,16.731517509727624,78.21011673151752,68.8715953307393,9.33852140077821
E00179920,80,22,7,15,58,50,8,27.500000000000004,8.75,18.75,72.5,62.5,10
E00179921,222,66,26,40,156,128,28,29.72972972972973,11.711711711711711,18.01801801801802,70.27027027027027,57.65765765765766,12.612612612612612
E00179931,64,19,7,12,45,41,4,29.6875,10.9375,18.75,70.3125,64.0625,6.25
E00179932,130,36,8,28,94,79,15,27.692307692307693,6.153846153846154,21.53846153846154,72.3076923076923,60.76923076923077,11.538461538461538
E00179947,100,33,14,19,67,62,5,33,14.000000000000002,19,67,62,5
E00179951,266,69,20,49,197,165,32,25.93984962406015,7.518796992481203,18.421052631578945,74.06015037593986,62.03007518796993,12.030075187969924
E00179954,100,27,8,19,73,58,15,27,8,19,73,57.99999999999999,15
E00179955,43,13,4,9,30,28,2,30.23255813953488,9.30232558139535,20.930232558139537,69.76744186046511,65.11627906976744,4.651162790697675
E00179958,280,79,31,48,201,164,37,28.214285714285715,11.071428571428571,17.142857142857142,71.78571428571429,58.57142857142858,13.214285714285715
E00179971,271,53,17,36,218,179,39,19.557195571955717,6.273062730627306,13.284132841328415,80.44280442804428,66.05166051660517,14.391143911439114
E00179975,104,29,10,19,75,68,7,27.884615384615387,9.615384615384617,18.269230769230766,72.11538461538461,65.38461538461539,6.730769230769231
E00179976,225,62,20,42,163,134,29,27.555555555555557,8.88888888888889,18.666666666666668,72.44444444444444,59.55555555555555,12.88888888888889
E00179977,547,32,9,23,515,384,131,5.850091407678245,1.6453382084095063,4.204753199268739,94.14990859232175,70.20109689213893,23.948811700182816
E00179978,39,7,3,4,32,27,5,17.94871794871795,7.6923076923076925,10.256410256410255,82.05128205128204,69.23076923076923,12.82051282051282
