OA,ts0380001,ts0380002,ts0380003,ts0380004,ts0380005,ts0380006,ts0380007,ts0380002_PCT,ts0380003_PCT,ts0380004_PCT,ts0380005_PCT,ts0380006_PCT,ts0380007_PCT
E00044139,252,74,39,35,178,8,170,29.365079365079367,15.476190476190476,13.88888888888889,70.63492063492063,3.1746031746031744,67.46031746031747
E00044140,289,54,20,34,235,15,220,18.685121107266436,6.920415224913495,11.76470588235294,81.31487889273356,5.190311418685121,76.12456747404845
E00044141,269,53,30,23,216,15,201,19.702602230483272,11.152416356877323,8.550185873605948,80.29739776951673,5.5762081784386615,74.72118959107806
E00044142,291,63,33,30,228,19,209,21.649484536082475,11.34020618556701,10.309278350515463,78.35051546391753,6.529209621993128,71.8213058419244
E00044143,280,59,25,34,221,19,202,21.071428571428573,8.928571428571429,12.142857142857142,78.92857142857143,6.785714285714286,72.14285714285714
E00044144,231,83,44,39,148,8,140,35.93073593073593,19.047619047619047,16.883116883116884,64.06926406926407,3.463203463203463,60.60606060606061
E00044145,330,108,67,41,222,14,208,32.72727272727273,20.303030303030305,12.424242424242424,67.27272727272727,4.242424242424243,63.030303030303024
E00044146,334,81,31,50,253,27,226,24.251497005988025,9.281437125748502,14.97005988023952,75.74850299401199,8.08383233532934,67.66467065868264
E00044147,252,95,48,47,157,11,146,37.698412698412696,19.047619047619047,18.650793650793652,62.301587301587304,4.365079365079365,57.936507936507944
E00044148,318,73,36,37,245,17,228,22.955974842767297,11.320754716981133,11.635220125786164,77.04402515723271,5.345911949685535,71.69811320754717
E00044149,234,56,29,27,178,7,171,23.931623931623932,12.393162393162394,11.538461538461538,76.06837606837607,2.9914529914529915,73.07692307692307
E00044150,258,75,40,35,183,15,168,29.069767441860467,15.503875968992247,13.565891472868216,70.93023255813954,5.813953488372093,65.11627906976744
E00044151,375,92,46,46,283,15,268,24.53333333333333,12.266666666666666,12.266666666666666,75.46666666666667,4,71.46666666666667
E00044152,261,55,28,27,206,18,188,21.0727969348659,10.727969348659004,10.344827586206897,78.9272030651341,6.896551724137931,72.03065134099617
E00044153,337,68,32,36,269,23,246,20.178041543026705,9.495548961424333,10.682492581602373,79.82195845697329,6.824925816023739,72.99703264094956
E00044154,242,65,34,31,177,10,167,26.859504132231404,14.049586776859504,12.8099173553719,73.14049586776859,4.132231404958678,69.00826446280992
E00044155,196,74,41,33,122,9,113,37.755102040816325,20.918367346938776,16.83673469387755,62.244897959183675,4.591836734693878,57.6530612244898
E00044156,279,70,34,36,209,11,198,25.089605734767023,12.186379928315413,12.903225806451612,74.91039426523297,3.942652329749104,70.96774193548387
E00044157,291,64,39,25,227,18,209,21.993127147766323,13.402061855670103,8.59106529209622,78.00687285223368,6.185567010309279,71.8213058419244
E00044158,247,54,27,27,193,9,184,21.86234817813765,10.931174089068826,10.931174089068826,78.13765182186235,3.643724696356275,74.49392712550608
E00044159,298,61,29,32,237,32,205,20.469798657718123,9.731543624161073,10.738255033557047,79.53020134228188,10.738255033557047,68.79194630872483
E00044160,304,68,38,30,236,14,222,22.36842105263158,12.5,9.868421052631579,77.63157894736842,4.605263157894736,73.02631578947368
E00044161,285,60,24,36,225,24,201,21.052631578947366,8.421052631578947,12.631578947368421,78.94736842105263,8.421052631578947,70.52631578947368
E00044162,297,76,38,38,221,18,203,25.589225589225588,12.794612794612794,12.794612794612794,74.41077441077442,6.0606060606060606,68.35016835016835
E00044163,250,88,44,44,162,10,152,35.199999999999996,17.599999999999998,17.599999999999998,64.8,4,60.8
E00044164,310,116,60,56,194,22,172,37.41935483870968,19.35483870967742,18.064516129032256,62.58064516129033,7.096774193548387,55.483870967741936
E00044165,336,53,13,40,283,26,257,15.773809523809524,3.869047619047619,11.904761904761903,84.22619047619048,7.738095238095238,76.48809523809523
E00044166,249,75,40,35,174,13,161,30.120481927710845,16.06425702811245,14.056224899598394,69.87951807228916,5.220883534136546,64.65863453815261
E00044167,237,86,46,40,151,22,129,36.28691983122363,19.40928270042194,16.877637130801688,63.71308016877637,9.282700421940929,54.43037974683544
E00044168,153,75,41,34,78,7,71,49.01960784313725,26.797385620915033,22.22222222222222,50.98039215686274,4.57516339869281,46.40522875816993
E00044169,268,74,43,31,194,13,181,27.611940298507463,16.044776119402986,11.567164179104477,72.38805970149254,4.850746268656716,67.53731343283582
E00044170,267,57,27,30,210,19,191,21.34831460674157,10.112359550561797,11.235955056179774,78.65168539325843,7.116104868913857,71.53558052434457
E00044171,265,77,45,32,188,16,172,29.056603773584904,16.9811320754717,12.075471698113208,70.94339622641509,6.037735849056604,64.90566037735849
E00044172,271,63,35,28,208,19,189,23.247232472324722,12.915129151291513,10.33210332103321,76.75276752767527,7.011070110701106,69.74169741697416
E00044173,285,48,23,25,237,13,224,16.842105263157894,8.070175438596491,8.771929824561402,83.15789473684211,4.56140350877193,78.59649122807018
E00044174,191,51,27,24,140,16,124,26.701570680628272,14.136125654450263,12.56544502617801,73.29842931937172,8.37696335078534,64.92146596858639
E00044175,305,72,32,40,233,14,219,23.60655737704918,10.491803278688524,13.114754098360656,76.39344262295083,4.590163934426229,71.80327868852459
E00044176,173,48,26,22,125,7,118,27.74566473988439,15.028901734104046,12.716763005780345,72.25433526011561,4.046242774566474,68.20809248554913
E00044177,357,63,29,34,294,18,276,17.647058823529413,8.123249299719888,9.523809523809524,82.35294117647058,5.042016806722689,77.31092436974791
E00044178,263,72,44,28,191,17,174,27.376425855513308,16.730038022813687,10.646387832699618,72.6235741444867,6.4638783269961975,66.15969581749049
E00044179,146,49,34,15,97,6,91,33.56164383561644,23.28767123287671,10.273972602739725,66.43835616438356,4.10958904109589,62.328767123287676
E00044180,224,117,73,44,107,16,91,52.23214285714286,32.589285714285715,19.642857142857142,47.767857142857146,7.142857142857142,40.625
E00044181,193,46,25,21,147,15,132,23.83419689119171,12.953367875647666,10.880829015544041,76.16580310880829,7.772020725388601,68.39378238341969
E00044182,248,60,30,30,188,22,166,24.193548387096776,12.096774193548388,12.096774193548388,75.80645161290323,8.870967741935484,66.93548387096774
E00044183,235,65,24,41,170,25,145,27.659574468085108,10.212765957446807,17.4468085106383,72.3404255319149,10.638297872340425,61.702127659574465
E00044185,305,53,23,30,252,19,233,17.37704918032787,7.540983606557377,9.836065573770492,82.62295081967214,6.229508196721312,76.39344262295083
E00044187,276,87,55,32,189,18,171,31.521739130434785,19.92753623188406,11.594202898550725,68.47826086956522,6.521739130434782,61.95652173913043
E00044188,241,60,33,27,181,8,173,24.896265560165975,13.692946058091287,11.20331950207469,75.10373443983403,3.319502074688797,71.78423236514523
E00044189,272,48,18,30,224,20,204,17.647058823529413,6.61764705882353,11.029411764705882,82.35294117647058,7.352941176470589,75
E00044190,274,60,29,31,214,24,190,21.897810218978105,10.583941605839415,11.313868613138686,78.1021897810219,8.75912408759124,69.34306569343066
E00044191,512,62,21,41,450,32,418,12.109375,4.1015625,8.0078125,87.890625,6.25,81.640625
E00044193,288,72,33,39,216,16,200,25,11.458333333333332,13.541666666666666,75,5.555555555555555,69.44444444444444
E00044194,226,45,17,28,181,12,169,19.911504424778762,7.52212389380531,12.389380530973451,80.08849557522124,5.3097345132743365,74.77876106194691
E00044195,119,62,35,27,57,6,51,52.10084033613446,29.411764705882355,22.689075630252102,47.89915966386555,5.042016806722689,42.857142857142854
E00044196,268,77,41,36,191,15,176,28.73134328358209,15.298507462686567,13.432835820895523,71.26865671641791,5.597014925373134,65.67164179104478
E00044197,236,55,34,21,181,13,168,23.30508474576271,14.40677966101695,8.898305084745763,76.69491525423729,5.508474576271186,71.1864406779661
E00044198,264,91,54,37,173,16,157,34.46969696969697,20.454545454545457,14.015151515151514,65.53030303030303,6.0606060606060606,59.46969696969697
E00044199,338,172,121,51,166,14,152,50.887573964497044,35.798816568047336,15.088757396449704,49.112426035502956,4.142011834319527,44.97041420118343
E00044200,414,81,41,40,333,18,315,19.565217391304348,9.903381642512077,9.66183574879227,80.43478260869566,4.3478260869565215,76.08695652173914
E00044201,355,67,37,30,288,14,274,18.87323943661972,10.422535211267606,8.450704225352112,81.12676056338029,3.943661971830986,77.1830985915493
E00044202,295,51,22,29,244,13,231,17.28813559322034,7.457627118644068,9.830508474576272,82.71186440677965,4.406779661016949,78.30508474576271
E00044203,239,63,35,28,176,9,167,26.359832635983267,14.644351464435147,11.715481171548117,73.64016736401673,3.765690376569038,69.8744769874477
E00044204,280,66,34,32,214,11,203,23.57142857142857,12.142857142857142,11.428571428571429,76.42857142857142,3.9285714285714284,72.5
E00044205,323,64,26,38,259,17,242,19.814241486068113,8.04953560371517,11.76470588235294,80.18575851393189,5.263157894736842,74.92260061919505
E00044206,314,52,26,26,262,19,243,16.560509554140125,8.280254777070063,8.280254777070063,83.43949044585987,6.050955414012739,77.38853503184714
E00044207,292,55,32,23,237,26,211,18.835616438356166,10.95890410958904,7.876712328767123,81.16438356164383,8.904109589041095,72.26027397260275
E00044208,326,32,19,13,294,15,279,9.815950920245399,5.828220858895705,3.9877300613496933,90.1840490797546,4.601226993865031,85.58282208588957
E00044209,298,60,28,32,238,22,216,20.13422818791946,9.395973154362416,10.738255033557047,79.86577181208054,7.38255033557047,72.48322147651007
E00044210,289,88,55,33,201,14,187,30.44982698961938,19.031141868512112,11.418685121107266,69.55017301038062,4.844290657439446,64.70588235294117
E00044211,213,59,27,32,154,16,138,27.699530516431924,12.676056338028168,15.023474178403756,72.30046948356808,7.511737089201878,64.7887323943662
E00044212,275,130,76,54,145,14,131,47.27272727272727,27.636363636363637,19.636363636363637,52.72727272727272,5.090909090909091,47.63636363636364
E00044213,345,86,40,46,259,30,229,24.92753623188406,11.594202898550725,13.333333333333334,75.07246376811594,8.695652173913043,66.3768115942029
E00044214,289,54,27,27,235,20,215,18.685121107266436,9.342560553633218,9.342560553633218,81.31487889273356,6.920415224913495,74.39446366782006
E00044216,333,160,103,57,173,10,163,48.048048048048045,30.930930930930934,17.117117117117118,51.95195195195195,3.003003003003003,48.94894894894895
E00044217,236,83,49,34,153,10,143,35.16949152542373,20.76271186440678,14.40677966101695,64.83050847457628,4.23728813559322,60.59322033898306
E00044218,304,44,15,29,260,28,232,14.473684210526317,4.934210526315789,9.539473684210527,85.52631578947368,9.210526315789473,76.31578947368422
E00044219,292,46,15,31,246,23,223,15.753424657534246,5.136986301369863,10.616438356164384,84.24657534246576,7.876712328767123,76.36986301369863
E00044220,277,51,22,29,226,23,203,18.4115523465704,7.9422382671480145,10.469314079422382,81.58844765342961,8.303249097472925,73.28519855595668
E00044221,167,46,27,19,121,5,116,27.54491017964072,16.16766467065868,11.377245508982035,72.45508982035929,2.9940119760479043,69.46107784431138
E00044222,425,49,24,25,376,24,352,11.529411764705882,5.647058823529412,5.88235294117647,88.47058823529412,5.647058823529412,82.82352941176471
E00044224,292,70,31,39,222,26,196,23.972602739726025,10.616438356164384,13.356164383561644,76.02739726027397,8.904109589041095,67.12328767123287
E00044226,372,81,28,53,291,28,263,21.774193548387096,7.526881720430108,14.24731182795699,78.2258064516129,7.526881720430108,70.6989247311828
E00044227,245,79,41,38,166,17,149,32.244897959183675,16.73469387755102,15.510204081632653,67.75510204081633,6.938775510204081,60.816326530612244
E00044228,225,67,36,31,158,11,147,29.777777777777775,16,13.777777777777779,70.22222222222221,4.888888888888889,65.33333333333333
E00044230,173,81,50,31,92,6,86,46.82080924855491,28.901734104046245,17.91907514450867,53.179190751445084,3.4682080924855487,49.71098265895954
E00044231,168,49,23,26,119,14,105,29.166666666666668,13.690476190476192,15.476190476190476,70.83333333333334,8.333333333333332,62.5
E00044232,271,74,47,27,197,20,177,27.30627306273063,17.343173431734318,9.96309963099631,72.69372693726937,7.380073800738007,65.31365313653137
E00044233,279,85,48,37,194,18,176,30.46594982078853,17.20430107526882,13.261648745519713,69.53405017921148,6.451612903225806,63.08243727598566
E00044234,261,65,29,36,196,23,173,24.904214559386972,11.11111111111111,13.793103448275861,75.09578544061303,8.812260536398467,66.28352490421456
E00044235,150,55,24,31,95,14,81,36.666666666666664,16,20.666666666666668,63.33333333333333,9.333333333333334,54
E00044236,369,57,19,38,312,24,288,15.447154471544716,5.149051490514905,10.29810298102981,84.5528455284553,6.504065040650407,78.04878048780488
E00044237,397,142,68,74,255,16,239,35.768261964735515,17.12846347607053,18.639798488664987,64.23173803526448,4.030226700251889,60.20151133501259
E00044238,259,39,14,25,220,20,200,15.057915057915059,5.405405405405405,9.652509652509652,84.94208494208493,7.722007722007722,77.22007722007721
E00044239,260,66,42,24,194,16,178,25.384615384615383,16.153846153846153,9.230769230769232,74.61538461538461,6.153846153846154,68.46153846153847
E00044240,286,50,15,35,236,23,213,17.482517482517483,5.244755244755245,12.237762237762238,82.51748251748252,8.041958041958042,74.47552447552448
E00044241,319,53,26,27,266,19,247,16.614420062695924,8.150470219435736,8.463949843260188,83.38557993730407,5.956112852664576,77.4294670846395
E00044242,364,51,16,35,313,24,289,14.010989010989011,4.395604395604396,9.615384615384617,85.98901098901099,6.593406593406594,79.3956043956044
E00044243,235,52,26,26,183,19,164,22.127659574468083,11.063829787234042,11.063829787234042,77.87234042553192,8.085106382978724,69.7872340425532
E00044244,294,88,39,49,206,16,190,29.931972789115648,13.26530612244898,16.666666666666664,70.06802721088435,5.442176870748299,64.62585034013605
E00044245,484,84,32,52,400,34,366,17.355371900826448,6.6115702479338845,10.743801652892563,82.64462809917356,7.024793388429752,75.6198347107438
E00044246,259,53,22,31,206,14,192,20.463320463320464,8.494208494208493,11.96911196911197,79.53667953667953,5.405405405405405,74.13127413127413
E00044247,348,37,15,22,311,23,288,10.632183908045976,4.310344827586207,6.321839080459771,89.36781609195403,6.609195402298851,82.75862068965517
E00044248,264,55,24,31,209,20,189,20.833333333333336,9.090909090909092,11.742424242424242,79.16666666666666,7.575757575757576,71.5909090909091
E00044249,280,64,34,30,216,14,202,22.857142857142858,12.142857142857142,10.714285714285714,77.14285714285715,5,72.14285714285714
E00044250,268,73,31,42,195,18,177,27.238805970149254,11.567164179104477,15.671641791044777,72.76119402985076,6.7164179104477615,66.04477611940298
E00044251,241,57,28,29,184,19,165,23.651452282157674,11.618257261410788,12.033195020746888,76.34854771784232,7.883817427385892,68.46473029045643
E00044252,299,70,37,33,229,11,218,23.411371237458194,12.37458193979933,11.036789297658862,76.58862876254182,3.678929765886288,72.90969899665552
E00044253,248,46,21,25,202,18,184,18.548387096774192,8.46774193548387,10.080645161290322,81.45161290322581,7.258064516129033,74.19354838709677
E00044254,238,73,38,35,165,15,150,30.672268907563026,15.966386554621847,14.705882352941178,69.32773109243698,6.302521008403361,63.02521008403361
E00044256,335,78,42,36,257,15,242,23.283582089552237,12.53731343283582,10.746268656716417,76.71641791044776,4.477611940298507,72.23880597014926
E00044257,334,88,47,41,246,28,218,26.34730538922156,14.071856287425149,12.275449101796406,73.65269461077844,8.383233532934131,65.26946107784431
E00044259,221,50,25,25,171,19,152,22.624434389140273,11.312217194570136,11.312217194570136,77.37556561085974,8.597285067873303,68.77828054298642
E00044260,297,77,40,37,220,22,198,25.925925925925924,13.468013468013467,12.457912457912458,74.07407407407408,7.4074074074074066,66.66666666666666
E00044261,290,86,43,43,204,17,187,29.655172413793103,14.827586206896552,14.827586206896552,70.34482758620689,5.862068965517241,64.48275862068965
E00044262,298,75,31,44,223,17,206,25.16778523489933,10.40268456375839,14.76510067114094,74.83221476510067,5.704697986577181,69.12751677852349
E00044263,263,48,22,26,215,24,191,18.250950570342205,8.365019011406844,9.885931558935361,81.74904942965779,9.125475285171103,72.6235741444867
E00044264,268,63,23,40,205,18,187,23.507462686567166,8.582089552238806,14.925373134328357,76.49253731343283,6.7164179104477615,69.77611940298507
E00044265,283,90,39,51,193,19,174,31.802120141342755,13.780918727915195,18.021201413427562,68.19787985865725,6.713780918727916,61.48409893992933
E00044266,242,71,27,44,171,6,165,29.338842975206614,11.15702479338843,18.181818181818183,70.66115702479338,2.479338842975207,68.18181818181817
E00044267,236,44,18,26,192,21,171,18.64406779661017,7.627118644067797,11.016949152542372,81.35593220338984,8.898305084745763,72.45762711864407
E00044268,451,64,27,37,387,36,351,14.19068736141907,5.986696230598669,8.2039911308204,85.80931263858092,7.982261640798225,77.8270509977827
E00044269,269,57,28,29,212,18,194,21.189591078066915,10.408921933085502,10.780669144981413,78.81040892193309,6.691449814126393,72.11895910780669
E00044270,248,62,26,36,186,14,172,25,10.483870967741936,14.516129032258066,75,5.64516129032258,69.35483870967742
E00044271,320,102,40,62,218,19,199,31.874999999999996,12.5,19.375,68.125,5.9375,62.18749999999999
E00044272,312,86,45,41,226,20,206,27.564102564102566,14.423076923076922,13.141025641025642,72.43589743589743,6.41025641025641,66.02564102564102
E00044273,242,57,30,27,185,16,169,23.553719008264462,12.396694214876034,11.15702479338843,76.44628099173553,6.6115702479338845,69.83471074380165
E00044275,449,171,104,67,278,24,254,38.084632516703785,23.16258351893096,14.92204899777283,61.915367483296215,5.3452115812917596,56.57015590200446
E00044276,162,73,37,36,89,10,79,45.06172839506173,22.839506172839506,22.22222222222222,54.93827160493827,6.172839506172839,48.76543209876543
E00044278,322,64,25,39,258,20,238,19.875776397515526,7.763975155279502,12.111801242236025,80.12422360248446,6.211180124223603,73.91304347826086
E00044279,292,62,32,30,230,18,212,21.232876712328768,10.95890410958904,10.273972602739725,78.76712328767124,6.164383561643835,72.6027397260274
E00044281,280,55,25,30,225,21,204,19.642857142857142,8.928571428571429,10.714285714285714,80.35714285714286,7.5,72.85714285714285
E00044283,235,64,29,35,171,17,154,27.23404255319149,12.340425531914894,14.893617021276595,72.76595744680851,7.234042553191489,65.53191489361701
E00044284,235,47,20,27,188,12,176,20,8.51063829787234,11.48936170212766,80,5.106382978723404,74.8936170212766
E00044285,283,48,17,31,235,31,204,16.96113074204947,6.007067137809187,10.954063604240282,83.03886925795054,10.954063604240282,72.08480565371025
E00044286,312,64,27,37,248,26,222,20.51282051282051,8.653846153846153,11.858974358974358,79.48717948717949,8.333333333333332,71.15384615384616
E00044287,265,51,23,28,214,26,188,19.245283018867926,8.679245283018867,10.566037735849058,80.75471698113208,9.811320754716983,70.94339622641509
E00044288,237,58,32,26,179,16,163,24.47257383966245,13.502109704641349,10.970464135021098,75.52742616033755,6.751054852320674,68.77637130801688
E00044289,241,50,21,29,191,17,174,20.74688796680498,8.71369294605809,12.033195020746888,79.25311203319502,7.053941908713693,72.19917012448133
E00044290,216,48,13,35,168,13,155,22.22222222222222,6.018518518518518,16.203703703703702,77.77777777777779,6.018518518518518,71.75925925925925
E00044291,300,55,25,30,245,21,224,18.333333333333332,8.333333333333332,10,81.66666666666667,7.000000000000001,74.66666666666667
E00044292,201,57,29,28,144,15,129,28.35820895522388,14.427860696517413,13.930348258706468,71.64179104477611,7.462686567164178,64.17910447761194
E00044293,215,59,25,34,156,17,139,27.44186046511628,11.627906976744185,15.813953488372093,72.55813953488372,7.906976744186046,64.65116279069767
E00044294,319,56,25,31,263,25,238,17.55485893416928,7.836990595611286,9.717868338557993,82.44514106583071,7.836990595611286,74.60815047021944
E00044295,249,58,21,37,191,14,177,23.293172690763054,8.433734939759036,14.859437751004014,76.70682730923694,5.622489959839357,71.08433734939759
E00044296,280,53,18,35,227,25,202,18.928571428571427,6.428571428571428,12.5,81.07142857142857,8.928571428571429,72.14285714285714
E00044297,293,35,12,23,258,36,222,11.945392491467576,4.09556313993174,7.849829351535837,88.05460750853243,12.286689419795222,75.76791808873719
E00044298,241,46,23,23,195,17,178,19.08713692946058,9.54356846473029,9.54356846473029,80.91286307053942,7.053941908713693,73.85892116182573
E00044299,252,37,14,23,215,17,198,14.682539682539684,5.555555555555555,9.126984126984127,85.31746031746032,6.746031746031746,78.57142857142857
E00044300,330,44,15,29,286,37,249,13.333333333333334,4.545454545454546,8.787878787878787,86.66666666666667,11.212121212121213,75.45454545454545
E00044301,418,52,21,31,366,36,330,12.440191387559809,5.023923444976076,7.4162679425837315,87.5598086124402,8.61244019138756,78.94736842105263
E00044302,364,64,24,40,300,27,273,17.582417582417584,6.593406593406594,10.989010989010989,82.41758241758241,7.417582417582418,75
E00044303,272,35,16,19,237,23,214,12.867647058823529,5.88235294117647,6.985294117647059,87.13235294117648,8.455882352941178,78.67647058823529
E00044304,294,42,16,26,252,24,228,14.285714285714285,5.442176870748299,8.843537414965986,85.71428571428571,8.16326530612245,77.55102040816327
E00044305,291,49,13,36,242,27,215,16.83848797250859,4.4673539518900345,12.371134020618557,83.16151202749141,9.278350515463918,73.8831615120275
E00044306,285,42,17,25,243,15,228,14.736842105263156,5.964912280701754,8.771929824561402,85.26315789473684,5.263157894736842,80
E00044307,296,54,17,37,242,25,217,18.243243243243242,5.743243243243244,12.5,81.75675675675676,8.445945945945946,73.3108108108108
E00044308,313,61,28,33,252,27,225,19.488817891373802,8.945686900958465,10.543130990415335,80.5111821086262,8.626198083067091,71.8849840255591
E00044309,311,63,23,40,248,21,227,20.257234726688104,7.395498392282958,12.861736334405144,79.7427652733119,6.752411575562702,72.9903536977492
E00044310,232,65,27,38,167,20,147,28.01724137931034,11.637931034482758,16.379310344827587,71.98275862068965,8.620689655172415,63.36206896551724
E00044311,270,41,12,29,229,27,202,15.185185185185185,4.444444444444445,10.74074074074074,84.81481481481481,10,74.81481481481481
E00044312,290,58,26,32,232,19,213,20,8.96551724137931,11.03448275862069,80,6.551724137931035,73.44827586206897
E00044313,286,48,21,27,238,26,212,16.783216783216783,7.3426573426573425,9.44055944055944,83.21678321678321,9.090909090909092,74.12587412587412
E00044314,268,44,19,25,224,21,203,16.417910447761194,7.08955223880597,9.328358208955224,83.5820895522388,7.835820895522389,75.74626865671642
E00044315,302,55,21,34,247,21,226,18.211920529801322,6.95364238410596,11.258278145695364,81.78807947019867,6.95364238410596,74.83443708609272
E00044316,314,47,18,29,267,24,243,14.968152866242038,5.7324840764331215,9.235668789808917,85.03184713375796,7.643312101910828,77.38853503184714
E00044317,287,74,33,41,213,15,198,25.78397212543554,11.498257839721255,14.285714285714285,74.21602787456446,5.2264808362369335,68.98954703832753
E00044318,231,61,32,29,170,17,153,26.406926406926406,13.852813852813853,12.554112554112553,73.59307359307358,7.35930735930736,66.23376623376623
E00044319,257,53,29,24,204,29,175,20.622568093385212,11.284046692607005,9.33852140077821,79.37743190661479,11.284046692607005,68.09338521400778
E00044320,281,58,24,34,223,21,202,20.640569395017792,8.540925266903916,12.099644128113878,79.35943060498221,7.473309608540925,71.88612099644128
E00044321,224,66,29,37,158,13,145,29.464285714285715,12.946428571428573,16.517857142857142,70.53571428571429,5.803571428571429,64.73214285714286
E00044322,303,56,23,33,247,22,225,18.48184818481848,7.590759075907591,10.891089108910892,81.51815181518151,7.2607260726072615,74.25742574257426
E00044323,269,98,48,50,171,17,154,36.43122676579926,17.843866171003718,18.587360594795538,63.56877323420075,6.319702602230483,57.249070631970255
E00044324,289,72,29,43,217,24,193,24.91349480968858,10.034602076124568,14.878892733564014,75.08650519031141,8.304498269896193,66.78200692041523
E00044325,372,90,45,45,282,23,259,24.193548387096776,12.096774193548388,12.096774193548388,75.80645161290323,6.182795698924731,69.6236559139785
E00044327,372,101,54,47,271,18,253,27.1505376344086,14.516129032258066,12.634408602150538,72.84946236559139,4.838709677419355,68.01075268817203
E00044328,338,74,33,41,264,16,248,21.893491124260358,9.763313609467456,12.1301775147929,78.10650887573965,4.733727810650888,73.37278106508876
E00044329,323,76,41,35,247,20,227,23.52941176470588,12.693498452012383,10.8359133126935,76.47058823529412,6.191950464396285,70.27863777089783
E00044330,240,90,56,34,150,11,139,37.5,23.333333333333332,14.166666666666666,62.5,4.583333333333333,57.91666666666667
E00044331,347,88,43,45,259,14,245,25.360230547550433,12.39193083573487,12.968299711815561,74.63976945244957,4.034582132564841,70.60518731988472
E00044332,311,75,41,34,236,14,222,24.115755627009648,13.183279742765272,10.932475884244374,75.88424437299035,4.501607717041801,71.38263665594855
E00044333,115,24,16,8,91,5,86,20.869565217391305,13.91304347826087,6.956521739130435,79.13043478260869,4.3478260869565215,74.78260869565217
E00044336,232,60,26,34,172,13,159,25.862068965517242,11.206896551724139,14.655172413793101,74.13793103448276,5.603448275862069,68.53448275862068
E00044337,272,67,38,29,205,14,191,24.63235294117647,13.970588235294118,10.661764705882353,75.36764705882352,5.147058823529411,70.22058823529412
E00044338,273,59,28,31,214,16,198,21.611721611721613,10.256410256410255,11.355311355311356,78.3882783882784,5.86080586080586,72.52747252747253
E00044339,258,69,35,34,189,18,171,26.744186046511626,13.565891472868216,13.178294573643413,73.25581395348837,6.976744186046512,66.27906976744185
E00044340,225,68,34,34,157,15,142,30.22222222222222,15.11111111111111,15.11111111111111,69.77777777777779,6.666666666666667,63.11111111111111
E00044341,212,51,30,21,161,17,144,24.056603773584907,14.150943396226415,9.90566037735849,75.94339622641509,8.018867924528301,67.9245283018868
E00044342,211,58,25,33,153,10,143,27.488151658767773,11.848341232227488,15.639810426540285,72.51184834123224,4.739336492890995,67.77251184834124
E00044343,185,58,34,24,127,16,111,31.351351351351354,18.37837837837838,12.972972972972974,68.64864864864865,8.64864864864865,60
E00044344,228,67,40,27,161,13,148,29.385964912280706,17.543859649122805,11.842105263157894,70.6140350877193,5.701754385964912,64.91228070175438
E00044345,218,70,33,37,148,20,128,32.11009174311927,15.137614678899084,16.972477064220186,67.88990825688074,9.174311926605505,58.71559633027523
E00044346,233,63,40,23,170,18,152,27.038626609442062,17.167381974248926,9.871244635193133,72.96137339055794,7.725321888412018,65.23605150214593
E00044347,216,61,24,37,155,15,140,28.240740740740737,11.11111111111111,17.12962962962963,71.75925925925925,6.944444444444445,64.81481481481481
E00044348,217,77,42,35,140,13,127,35.483870967741936,19.35483870967742,16.129032258064516,64.51612903225806,5.990783410138248,58.525345622119815
E00044349,223,65,38,27,158,13,145,29.14798206278027,17.040358744394617,12.10762331838565,70.85201793721974,5.829596412556054,65.02242152466367
E00044350,199,96,66,30,103,6,97,48.24120603015075,33.165829145728644,15.07537688442211,51.75879396984925,3.015075376884422,48.743718592964825
E00044351,228,67,38,29,161,10,151,29.385964912280706,16.666666666666664,12.719298245614036,70.6140350877193,4.385964912280701,66.22807017543859
E00044352,281,75,36,39,206,15,191,26.690391459074732,12.811387900355871,13.87900355871886,73.30960854092527,5.338078291814947,67.97153024911033
E00044353,227,59,34,25,168,14,154,25.991189427312776,14.977973568281937,11.013215859030836,74.00881057268722,6.167400881057269,67.84140969162996
E00044354,254,70,37,33,184,15,169,27.559055118110237,14.566929133858267,12.992125984251967,72.44094488188976,5.905511811023622,66.53543307086615
E00044355,504,129,76,53,375,48,327,25.595238095238095,15.079365079365079,10.515873015873016,74.40476190476191,9.523809523809524,64.88095238095238
E00044356,330,67,23,44,263,19,244,20.303030303030305,6.969696969696971,13.333333333333334,79.6969696969697,5.757575757575758,73.93939393939394
E00044357,191,61,35,26,130,9,121,31.93717277486911,18.32460732984293,13.612565445026178,68.06282722513089,4.712041884816754,63.35078534031413
E00044358,309,71,28,43,238,24,214,22.97734627831715,9.06148867313916,13.915857605177994,77.02265372168284,7.766990291262135,69.25566343042071
E00044359,165,56,31,25,109,13,96,33.939393939393945,18.787878787878785,15.151515151515152,66.06060606060606,7.878787878787878,58.18181818181818
E00044360,223,60,30,30,163,23,140,26.905829596412556,13.452914798206278,13.452914798206278,73.09417040358744,10.31390134529148,62.78026905829597
E00044361,245,76,40,36,169,16,153,31.020408163265305,16.3265306122449,14.69387755102041,68.9795918367347,6.530612244897959,62.44897959183674
E00044362,300,63,26,37,237,25,212,21,8.666666666666668,12.333333333333334,79,8.333333333333332,70.66666666666667
E00044363,287,62,29,33,225,22,203,21.602787456445995,10.104529616724738,11.498257839721255,78.397212543554,7.665505226480835,70.73170731707317
E00044364,287,68,36,32,219,12,207,23.693379790940767,12.543554006968641,11.149825783972126,76.30662020905923,4.181184668989547,72.12543554006969
E00044365,351,77,46,31,274,14,260,21.937321937321936,13.105413105413104,8.831908831908832,78.06267806267806,3.9886039886039883,74.07407407407408
E00044366,318,58,26,32,260,32,228,18.238993710691823,8.176100628930817,10.062893081761008,81.76100628930818,10.062893081761008,71.69811320754717
E00044367,301,84,31,53,217,18,199,27.906976744186046,10.299003322259136,17.60797342192691,72.09302325581395,5.980066445182724,66.11295681063123
E00044368,269,51,18,33,218,19,199,18.95910780669145,6.691449814126393,12.267657992565056,81.04089219330855,7.063197026022305,73.97769516728626
E00044369,210,61,31,30,149,13,136,29.04761904761905,14.761904761904763,14.285714285714285,70.95238095238095,6.190476190476191,64.76190476190476
E00044370,366,56,24,32,310,27,283,15.300546448087433,6.557377049180328,8.743169398907105,84.69945355191257,7.377049180327869,77.3224043715847
E00044371,307,63,26,37,244,26,218,20.521172638436482,8.469055374592834,12.052117263843648,79.47882736156352,8.469055374592834,71.00977198697068
E00044372,270,40,16,24,230,20,210,14.814814814814813,5.9259259259259265,8.88888888888889,85.18518518518519,7.4074074074074066,77.77777777777779
E00044373,242,71,35,36,171,7,164,29.338842975206614,14.46280991735537,14.87603305785124,70.66115702479338,2.8925619834710745,67.76859504132231
E00044374,223,59,32,27,164,15,149,26.45739910313901,14.349775784753364,12.10762331838565,73.54260089686099,6.726457399103139,66.81614349775785
E00044375,165,71,42,29,94,11,83,43.03030303030303,25.454545454545453,17.575757575757574,56.96969696969697,6.666666666666667,50.303030303030305
E00044376,151,47,23,24,104,4,100,31.125827814569533,15.2317880794702,15.894039735099339,68.87417218543047,2.6490066225165565,66.22516556291392
E00044377,198,62,35,27,136,12,124,31.313131313131315,17.67676767676768,13.636363636363635,68.68686868686868,6.0606060606060606,62.62626262626263
E00044378,196,57,30,27,139,18,121,29.081632653061224,15.306122448979592,13.77551020408163,70.91836734693877,9.183673469387756,61.73469387755102
E00044379,382,86,48,38,296,19,277,22.5130890052356,12.56544502617801,9.947643979057592,77.4869109947644,4.973821989528796,72.5130890052356
E00044381,204,45,24,21,159,12,147,22.058823529411764,11.76470588235294,10.294117647058822,77.94117647058823,5.88235294117647,72.05882352941177
E00044382,225,48,32,16,177,18,159,21.333333333333336,14.222222222222221,7.111111111111111,78.66666666666666,8,70.66666666666667
E00044383,431,68,26,42,363,29,334,15.777262180974477,6.0324825986078885,9.744779582366588,84.22273781902551,6.728538283062645,77.49419953596288
E00044384,162,51,29,22,111,7,104,31.48148148148148,17.901234567901234,13.580246913580247,68.51851851851852,4.320987654320987,64.19753086419753
E00044385,314,75,39,36,239,27,212,23.88535031847134,12.420382165605096,11.464968152866243,76.11464968152866,8.598726114649681,67.51592356687898
E00044386,290,80,38,42,210,21,189,27.586206896551722,13.10344827586207,14.482758620689657,72.41379310344827,7.241379310344828,65.17241379310344
E00044387,281,141,88,53,140,13,127,50.177935943060504,31.316725978647685,18.86120996441281,49.8220640569395,4.6263345195729535,45.195729537366546
E00044388,241,67,28,39,174,14,160,27.800829875518673,11.618257261410788,16.182572614107883,72.19917012448133,5.809128630705394,66.39004149377593
E00044389,240,48,16,32,192,25,167,20,6.666666666666667,13.333333333333334,80,10.416666666666668,69.58333333333333
E00044390,219,62,34,28,157,19,138,28.31050228310502,15.52511415525114,12.785388127853881,71.68949771689498,8.67579908675799,63.013698630136986
E00044391,238,68,35,33,170,15,155,28.57142857142857,14.705882352941178,13.865546218487395,71.42857142857143,6.302521008403361,65.12605042016807
E00044392,254,49,13,36,205,22,183,19.291338582677163,5.118110236220472,14.173228346456693,80.70866141732283,8.661417322834646,72.04724409448819
E00044393,265,58,24,34,207,22,185,21.88679245283019,9.056603773584905,12.830188679245284,78.11320754716982,8.30188679245283,69.81132075471697
E00044394,202,50,23,27,152,11,141,24.752475247524753,11.386138613861387,13.366336633663368,75.24752475247524,5.445544554455446,69.80198019801979
E00044395,236,65,34,31,171,20,151,27.54237288135593,14.40677966101695,13.135593220338984,72.45762711864407,8.47457627118644,63.983050847457626
E00044396,274,44,19,25,230,11,219,16.05839416058394,6.934306569343065,9.124087591240876,83.94160583941606,4.014598540145985,79.92700729927007
E00044397,338,76,33,43,262,16,246,22.485207100591715,9.763313609467456,12.721893491124261,77.51479289940828,4.733727810650888,72.7810650887574
E00044398,210,60,34,26,150,13,137,28.57142857142857,16.19047619047619,12.380952380952381,71.42857142857143,6.190476190476191,65.23809523809524
E00044399,258,107,63,44,151,9,142,41.47286821705426,24.418604651162788,17.05426356589147,58.52713178294574,3.488372093023256,55.03875968992248
E00044401,246,77,43,34,169,17,152,31.300813008130078,17.479674796747968,13.821138211382115,68.69918699186992,6.910569105691057,61.78861788617886
E00044403,286,67,35,32,219,17,202,23.426573426573427,12.237762237762238,11.188811188811188,76.57342657342657,5.944055944055944,70.62937062937063
E00044404,240,58,30,28,182,10,172,24.166666666666668,12.5,11.666666666666666,75.83333333333333,4.166666666666666,71.66666666666667
E00044405,320,76,27,49,244,16,228,23.75,8.4375,15.312500000000002,76.25,5,71.25
E00044406,237,52,18,34,185,14,171,21.940928270042196,7.59493670886076,14.345991561181433,78.05907172995781,5.9071729957805905,72.15189873417721
E00044407,172,51,26,25,121,14,107,29.651162790697676,15.11627906976744,14.534883720930234,70.34883720930233,8.13953488372093,62.2093023255814
E00044408,316,105,51,54,211,20,191,33.22784810126582,16.139240506329113,17.088607594936708,66.77215189873418,6.329113924050633,60.44303797468354
E00044409,225,58,28,30,167,14,153,25.77777777777778,12.444444444444445,13.333333333333334,74.22222222222223,6.222222222222222,68
E00044410,244,52,20,32,192,21,171,21.311475409836063,8.19672131147541,13.114754098360656,78.68852459016394,8.60655737704918,70.08196721311475
E00044411,270,54,28,26,216,16,200,20,10.37037037037037,9.62962962962963,80,5.9259259259259265,74.07407407407408
E00044412,202,56,37,19,146,9,137,27.722772277227726,18.316831683168317,9.405940594059405,72.27722772277228,4.455445544554455,67.82178217821783
E00044413,272,71,35,36,201,13,188,26.10294117647059,12.867647058823529,13.23529411764706,73.89705882352942,4.779411764705882,69.11764705882352
E00044414,204,79,48,31,125,10,115,38.72549019607843,23.52941176470588,15.196078431372548,61.274509803921575,4.901960784313726,56.372549019607845
E00044415,267,85,43,42,182,14,168,31.835205992509362,16.10486891385768,15.730337078651685,68.16479400749064,5.2434456928838955,62.92134831460674
E00044416,127,22,11,11,105,7,98,17.322834645669293,8.661417322834646,8.661417322834646,82.67716535433071,5.511811023622047,77.16535433070865
E00044417,298,68,39,29,230,19,211,22.818791946308725,13.087248322147651,9.731543624161073,77.18120805369128,6.375838926174497,70.80536912751678
E00044419,230,84,45,39,146,16,130,36.52173913043478,19.565217391304348,16.956521739130434,63.47826086956522,6.956521739130435,56.52173913043478
E00044420,239,61,41,20,178,12,166,25.523012552301257,17.154811715481173,8.368200836820083,74.47698744769873,5.02092050209205,69.4560669456067
E00044421,382,99,71,28,283,37,246,25.916230366492147,18.586387434554975,7.329842931937172,74.08376963350786,9.68586387434555,64.3979057591623
E00044422,498,72,38,34,426,42,384,14.457831325301203,7.630522088353414,6.827309236947792,85.54216867469879,8.433734939759036,77.10843373493977
E00044423,244,55,24,31,189,19,170,22.540983606557376,9.836065573770492,12.704918032786885,77.45901639344262,7.786885245901639,69.67213114754098
E00044424,265,78,25,53,187,18,169,29.433962264150942,9.433962264150944,20,70.56603773584905,6.7924528301886795,63.77358490566037
E00044425,271,77,41,36,194,12,182,28.413284132841326,15.129151291512915,13.284132841328415,71.58671586715867,4.428044280442804,67.15867158671587
E00044426,302,75,39,36,227,25,202,24.834437086092713,12.91390728476821,11.920529801324504,75.16556291390728,8.27814569536424,66.88741721854305
E00044427,428,101,43,58,327,22,305,23.598130841121495,10.046728971962617,13.551401869158877,76.4018691588785,5.14018691588785,71.26168224299066
E00044428,318,76,27,49,242,17,225,23.89937106918239,8.49056603773585,15.40880503144654,76.10062893081762,5.345911949685535,70.75471698113208
E00044429,296,69,36,33,227,20,207,23.31081081081081,12.162162162162163,11.14864864864865,76.6891891891892,6.756756756756757,69.93243243243244
E00044430,203,69,34,35,134,16,118,33.99014778325123,16.748768472906402,17.24137931034483,66.00985221674877,7.8817733990147785,58.128078817733986
E00044431,310,92,48,44,218,21,197,29.677419354838708,15.483870967741936,14.193548387096774,70.3225806451613,6.774193548387098,63.54838709677419
E00044432,195,70,39,31,125,10,115,35.8974358974359,20,15.897435897435896,64.1025641025641,5.128205128205128,58.97435897435898
E00044433,267,56,32,24,211,15,196,20.973782771535582,11.985018726591761,8.98876404494382,79.02621722846442,5.617977528089887,73.40823970037454
E00044434,260,54,17,37,206,22,184,20.76923076923077,6.538461538461539,14.23076923076923,79.23076923076923,8.461538461538462,70.76923076923077
E00044435,190,60,30,30,130,10,120,31.57894736842105,15.789473684210526,15.789473684210526,68.42105263157895,5.263157894736842,63.1578947368421
E00044437,233,52,23,29,181,19,162,22.317596566523605,9.871244635193133,12.446351931330472,77.6824034334764,8.15450643776824,69.52789699570815
E00044438,282,92,69,23,190,16,174,32.62411347517731,24.46808510638298,8.156028368794328,67.37588652482269,5.673758865248227,61.702127659574465
E00044439,254,82,36,46,172,18,154,32.28346456692913,14.173228346456693,18.11023622047244,67.71653543307087,7.086614173228346,60.629921259842526
E00044440,189,55,28,27,134,14,120,29.100529100529098,14.814814814814813,14.285714285714285,70.8994708994709,7.4074074074074066,63.49206349206349
E00044441,160,50,24,26,110,8,102,31.25,15,16.25,68.75,5,63.74999999999999
E00044442,279,71,32,39,208,23,185,25.448028673835125,11.469534050179211,13.978494623655912,74.55197132616487,8.24372759856631,66.30824372759857
E00044443,256,50,18,32,206,32,174,19.53125,7.03125,12.5,80.46875,12.5,67.96875
E00044444,248,77,44,33,171,19,152,31.048387096774192,17.741935483870968,13.306451612903224,68.95161290322581,7.661290322580645,61.29032258064516
E00044445,310,65,28,37,245,27,218,20.967741935483872,9.032258064516128,11.935483870967742,79.03225806451613,8.709677419354838,70.3225806451613
E00044446,191,69,41,28,122,11,111,36.12565445026178,21.465968586387437,14.659685863874344,63.87434554973822,5.7591623036649215,58.1151832460733
E00044447,252,46,25,21,206,15,191,18.253968253968253,9.920634920634921,8.333333333333332,81.74603174603175,5.952380952380952,75.79365079365078
E00044448,236,39,16,23,197,24,173,16.52542372881356,6.779661016949152,9.745762711864407,83.47457627118644,10.16949152542373,73.30508474576271
E00044449,377,69,26,43,308,24,284,18.30238726790451,6.896551724137931,11.405835543766578,81.6976127320955,6.36604774535809,75.3315649867374
E00044451,375,97,57,40,278,28,250,25.866666666666667,15.2,10.666666666666668,74.13333333333333,7.466666666666668,66.66666666666666
E00044452,264,78,45,33,186,18,168,29.545454545454547,17.045454545454543,12.5,70.45454545454545,6.8181818181818175,63.63636363636363
E00044454,331,81,34,47,250,12,238,24.47129909365559,10.27190332326284,14.19939577039275,75.52870090634441,3.625377643504532,71.90332326283988
E00044455,607,111,52,59,496,40,456,18.28665568369028,8.5667215815486,9.71993410214168,81.71334431630972,6.589785831960461,75.12355848434926
E00044457,222,61,35,26,161,11,150,27.47747747747748,15.765765765765765,11.711711711711711,72.52252252252252,4.954954954954955,67.56756756756756
E00044458,362,65,26,39,297,28,269,17.955801104972377,7.18232044198895,10.773480662983426,82.04419889502762,7.734806629834254,74.30939226519338
E00044460,374,83,37,46,291,10,281,22.192513368983956,9.893048128342247,12.299465240641712,77.80748663101605,2.6737967914438503,75.1336898395722
E00044461,185,61,33,28,124,7,117,32.972972972972975,17.83783783783784,15.135135135135137,67.02702702702703,3.783783783783784,63.24324324324324
E00044463,297,72,35,37,225,19,206,24.242424242424242,11.784511784511785,12.457912457912458,75.75757575757575,6.397306397306397,69.36026936026936
E00044464,234,60,24,36,174,15,159,25.64102564102564,10.256410256410255,15.384615384615385,74.35897435897436,6.41025641025641,67.94871794871796
E00044465,248,86,52,34,162,8,154,34.67741935483871,20.967741935483872,13.709677419354838,65.32258064516128,3.225806451612903,62.096774193548384
E00044466,265,63,30,33,202,15,187,23.77358490566038,11.320754716981133,12.452830188679245,76.22641509433963,5.660377358490567,70.56603773584905
E00044467,339,97,56,41,242,13,229,28.613569321533923,16.519174041297934,12.094395280235988,71.38643067846607,3.8348082595870205,67.55162241887905
E00044468,375,80,42,38,295,26,269,21.333333333333336,11.200000000000001,10.133333333333333,78.66666666666666,6.933333333333333,71.73333333333333
E00044469,323,81,41,40,242,20,222,25.077399380804955,12.693498452012383,12.38390092879257,74.92260061919505,6.191950464396285,68.73065015479877
E00044470,311,52,22,30,259,19,240,16.720257234726688,7.07395498392283,9.646302250803858,83.27974276527331,6.109324758842444,77.17041800643086
E00044471,206,59,41,18,147,19,128,28.640776699029125,19.902912621359224,8.737864077669903,71.35922330097088,9.223300970873787,62.13592233009708
E00044472,285,35,13,22,250,23,227,12.280701754385964,4.56140350877193,7.719298245614035,87.71929824561403,8.070175438596491,79.64912280701755
E00044473,284,73,39,34,211,6,205,25.704225352112676,13.732394366197184,11.971830985915492,74.29577464788733,2.112676056338028,72.1830985915493
E00044474,289,63,25,38,226,14,212,21.79930795847751,8.650519031141869,13.148788927335639,78.20069204152249,4.844290657439446,73.35640138408304
E00044475,295,66,36,30,229,12,217,22.372881355932204,12.203389830508476,10.16949152542373,77.62711864406779,4.067796610169491,73.5593220338983
E00044476,344,89,31,58,255,26,229,25.872093023255815,9.011627906976743,16.86046511627907,74.12790697674419,7.55813953488372,66.56976744186046
E00044477,305,78,29,49,227,29,198,25.573770491803277,9.508196721311474,16.065573770491802,74.42622950819671,9.508196721311474,64.91803278688525
E00044478,312,47,17,30,265,23,242,15.064102564102564,5.448717948717949,9.615384615384617,84.93589743589743,7.371794871794872,77.56410256410257
E00044479,275,57,34,23,218,15,203,20.727272727272727,12.363636363636363,8.363636363636363,79.27272727272727,5.454545454545454,73.81818181818181
E00044480,236,68,34,34,168,16,152,28.8135593220339,14.40677966101695,14.40677966101695,71.1864406779661,6.779661016949152,64.40677966101694
E00044481,272,51,21,30,221,22,199,18.75,7.720588235294118,11.029411764705882,81.25,8.088235294117647,73.16176470588235
E00044482,212,38,16,22,174,21,153,17.92452830188679,7.547169811320755,10.377358490566039,82.0754716981132,9.90566037735849,72.16981132075472
E00044483,334,97,70,27,237,20,217,29.041916167664674,20.958083832335326,8.08383233532934,70.95808383233533,5.9880239520958085,64.97005988023952
E00044484,261,51,20,31,210,22,188,19.54022988505747,7.662835249042145,11.877394636015326,80.45977011494253,8.42911877394636,72.03065134099617
E00044485,283,55,24,31,228,27,201,19.434628975265017,8.480565371024735,10.954063604240282,80.56537102473497,9.540636042402827,71.02473498233216
E00044486,267,56,25,31,211,29,182,20.973782771535582,9.363295880149813,11.610486891385769,79.02621722846442,10.861423220973784,68.16479400749064
E00044487,329,46,19,27,283,36,247,13.98176291793313,5.775075987841945,8.206686930091186,86.01823708206688,10.94224924012158,75.07598784194529
E00044488,237,62,26,36,175,20,155,26.160337552742618,10.970464135021098,15.18987341772152,73.83966244725738,8.438818565400844,65.40084388185655
E00044489,304,54,20,34,250,20,230,17.763157894736842,6.578947368421052,11.18421052631579,82.23684210526315,6.578947368421052,75.6578947368421
E00044490,266,59,30,29,207,17,190,22.18045112781955,11.278195488721805,10.902255639097744,77.81954887218046,6.390977443609022,71.42857142857143
E00044491,324,77,46,31,247,18,229,23.765432098765434,14.19753086419753,9.5679012345679,76.23456790123457,5.555555555555555,70.67901234567901
E00044492,227,78,41,37,149,13,136,34.36123348017621,18.06167400881057,16.299559471365637,65.63876651982379,5.726872246696035,59.91189427312775
E00044493,223,61,32,29,162,24,138,27.3542600896861,14.349775784753364,13.004484304932735,72.6457399103139,10.762331838565023,61.88340807174888
E00044494,257,56,30,26,201,19,182,21.78988326848249,11.673151750972762,10.116731517509727,78.21011673151752,7.392996108949417,70.8171206225681
E00044495,212,64,35,29,148,11,137,30.18867924528302,16.50943396226415,13.679245283018867,69.81132075471697,5.188679245283019,64.62264150943396
E00044496,345,82,35,47,263,23,240,23.768115942028984,10.144927536231885,13.623188405797102,76.23188405797102,6.666666666666667,69.56521739130434
E00044497,360,69,18,51,291,29,262,19.166666666666668,5,14.166666666666666,80.83333333333333,8.055555555555555,72.77777777777777
E00044498,249,49,22,27,200,23,177,19.67871485943775,8.835341365461847,10.843373493975903,80.32128514056225,9.236947791164658,71.08433734939759
E00044499,319,63,26,37,256,32,224,19.74921630094044,8.150470219435736,11.598746081504702,80.25078369905955,10.031347962382444,70.21943573667711
E00044500,302,79,35,44,223,11,212,26.158940397350992,11.589403973509933,14.56953642384106,73.84105960264901,3.642384105960265,70.19867549668875
E00044501,247,60,36,24,187,22,165,24.291497975708502,14.5748987854251,9.7165991902834,75.7085020242915,8.906882591093117,66.80161943319838
E00044502,378,81,37,44,297,23,274,21.428571428571427,9.788359788359788,11.64021164021164,78.57142857142857,6.084656084656085,72.4867724867725
E00044505,257,62,28,34,195,16,179,24.124513618677042,10.894941634241246,13.229571984435799,75.87548638132296,6.22568093385214,69.64980544747081
E00044508,311,52,19,33,259,30,229,16.720257234726688,6.109324758842444,10.610932475884244,83.27974276527331,9.646302250803858,73.63344051446946
E00044509,149,70,41,29,79,10,69,46.97986577181208,27.516778523489933,19.463087248322147,53.02013422818792,6.7114093959731544,46.308724832214764
E00044510,291,63,31,32,228,16,212,21.649484536082475,10.652920962199312,10.996563573883162,78.35051546391753,5.498281786941581,72.85223367697594
E00044511,214,56,27,29,158,20,138,26.168224299065418,12.616822429906541,13.551401869158877,73.83177570093457,9.345794392523365,64.48598130841121
E00044512,274,79,43,36,195,18,177,28.832116788321166,15.693430656934307,13.138686131386862,71.16788321167883,6.569343065693431,64.59854014598541
E00044513,162,53,37,16,109,13,96,32.71604938271605,22.839506172839506,9.876543209876543,67.28395061728395,8.024691358024691,59.25925925925925
E00044514,289,52,18,34,237,26,211,17.99307958477509,6.228373702422145,11.76470588235294,82.00692041522491,8.996539792387544,73.01038062283737
E00044515,291,74,31,43,217,14,203,25.42955326460481,10.652920962199312,14.776632302405499,74.5704467353952,4.810996563573884,69.7594501718213
E00044516,307,67,39,28,240,22,218,21.824104234527688,12.703583061889251,9.120521172638437,78.17589576547232,7.166123778501629,71.00977198697068
E00044517,302,92,48,44,210,11,199,30.4635761589404,15.894039735099339,14.56953642384106,69.5364238410596,3.642384105960265,65.89403973509934
E00044518,252,52,25,27,200,18,182,20.634920634920633,9.920634920634921,10.714285714285714,79.36507936507937,7.142857142857142,72.22222222222221
E00044519,421,84,30,54,337,27,310,19.95249406175772,7.1258907363420425,12.826603325415679,80.04750593824228,6.413301662707839,73.63420427553444
E00044520,254,71,36,35,183,19,164,27.95275590551181,14.173228346456693,13.779527559055119,72.04724409448819,7.480314960629922,64.56692913385827
E00044521,237,85,46,39,152,11,141,35.86497890295359,19.40928270042194,16.455696202531644,64.13502109704642,4.641350210970464,59.49367088607595
E00044522,278,60,35,25,218,16,202,21.58273381294964,12.589928057553957,8.992805755395683,78.41726618705036,5.755395683453238,72.66187050359713
E00044523,297,63,34,29,234,18,216,21.21212121212121,11.447811447811448,9.764309764309765,78.78787878787878,6.0606060606060606,72.72727272727273
E00044524,298,72,39,33,226,17,209,24.161073825503358,13.087248322147651,11.073825503355705,75.83892617449665,5.704697986577181,70.13422818791946
E00044525,240,65,34,31,175,15,160,27.083333333333332,14.166666666666666,12.916666666666668,72.91666666666666,6.25,66.66666666666666
E00044526,220,58,38,20,162,13,149,26.36363636363636,17.272727272727273,9.090909090909092,73.63636363636363,5.909090909090909,67.72727272727272
E00044527,262,79,39,40,183,11,172,30.15267175572519,14.885496183206106,15.267175572519085,69.8473282442748,4.198473282442748,65.64885496183206
E00044528,304,53,28,25,251,22,229,17.434210526315788,9.210526315789473,8.223684210526317,82.56578947368422,7.236842105263158,75.32894736842105
E00044529,253,68,40,28,185,15,170,26.877470355731226,15.810276679841898,11.067193675889328,73.12252964426878,5.928853754940711,67.19367588932806
E00044530,336,72,33,39,264,31,233,21.428571428571427,9.821428571428571,11.607142857142858,78.57142857142857,9.226190476190476,69.34523809523809
E00044531,404,99,52,47,305,13,292,24.504950495049506,12.871287128712872,11.633663366336634,75.4950495049505,3.217821782178218,72.27722772277228
E00044532,242,73,45,28,169,23,146,30.165289256198346,18.59504132231405,11.570247933884298,69.83471074380165,9.50413223140496,60.33057851239669
E00044533,384,91,44,47,293,24,269,23.697916666666664,11.458333333333332,12.239583333333332,76.30208333333334,6.25,70.05208333333334
E00044534,215,71,43,28,144,12,132,33.02325581395349,20,13.023255813953488,66.97674418604652,5.5813953488372094,61.395348837209305
E00044535,287,80,33,47,207,15,192,27.874564459930312,11.498257839721255,16.376306620209057,72.12543554006969,5.2264808362369335,66.89895470383276
E00044536,302,68,32,36,234,29,205,22.516556291390728,10.596026490066226,11.920529801324504,77.48344370860927,9.602649006622517,67.88079470198676
E00044537,378,113,66,47,265,16,249,29.894179894179896,17.46031746031746,12.433862433862434,70.1058201058201,4.232804232804233,65.87301587301587
E00044538,311,86,39,47,225,25,200,27.652733118971064,12.540192926045016,15.112540192926044,72.34726688102894,8.038585209003216,64.30868167202573
E00044539,325,38,12,26,287,32,255,11.692307692307692,3.6923076923076925,8,88.3076923076923,9.846153846153847,78.46153846153847
E00044540,411,47,15,32,364,29,335,11.435523114355231,3.64963503649635,7.785888077858881,88.56447688564477,7.0559610705596105,81.50851581508516
E00044541,302,39,16,23,263,19,244,12.91390728476821,5.298013245033113,7.6158940397351,87.08609271523179,6.291390728476822,80.79470198675497
E00044542,305,57,19,38,248,27,221,18.688524590163937,6.229508196721312,12.459016393442624,81.31147540983606,8.852459016393443,72.45901639344262
E00044543,237,75,39,36,162,8,154,31.645569620253166,16.455696202531644,15.18987341772152,68.35443037974683,3.375527426160337,64.9789029535865
E00044544,282,46,18,28,236,21,215,16.312056737588655,6.382978723404255,9.929078014184398,83.68794326241135,7.446808510638298,76.24113475177306
E00044545,107,47,29,18,60,8,52,43.925233644859816,27.102803738317753,16.822429906542055,56.074766355140184,7.476635514018691,48.598130841121495
E00044546,288,45,15,30,243,16,227,15.625,5.208333333333334,10.416666666666668,84.375,5.555555555555555,78.81944444444444
E00044547,271,39,15,24,232,28,204,14.391143911439114,5.535055350553505,8.856088560885608,85.60885608856088,10.33210332103321,75.27675276752768
E00044548,283,65,31,34,218,28,190,22.968197879858657,10.954063604240282,12.014134275618375,77.03180212014135,9.89399293286219,67.13780918727915
E00044549,248,67,32,35,181,23,158,27.016129032258064,12.903225806451612,14.112903225806454,72.98387096774194,9.274193548387096,63.70967741935484
E00044550,252,59,30,29,193,22,171,23.41269841269841,11.904761904761903,11.507936507936508,76.5873015873016,8.73015873015873,67.85714285714286
E00044551,262,57,20,37,205,16,189,21.755725190839694,7.633587786259542,14.122137404580155,78.2442748091603,6.106870229007633,72.13740458015268
E00044552,287,39,15,24,248,20,228,13.588850174216027,5.2264808362369335,8.362369337979095,86.41114982578398,6.968641114982578,79.44250871080139
E00044553,304,48,15,33,256,26,230,15.789473684210526,4.934210526315789,10.855263157894738,84.21052631578947,8.552631578947368,75.6578947368421
E00044554,178,69,33,36,109,9,100,38.764044943820224,18.53932584269663,20.224719101123593,61.23595505617978,5.056179775280898,56.17977528089888
E00044555,221,48,20,28,173,15,158,21.71945701357466,9.049773755656108,12.669683257918551,78.28054298642535,6.787330316742081,71.49321266968326
E00044556,252,46,14,32,206,16,190,18.253968253968253,5.555555555555555,12.698412698412698,81.74603174603175,6.349206349206349,75.39682539682539
E00044557,259,58,24,34,201,25,176,22.393822393822393,9.266409266409266,13.127413127413126,77.60617760617761,9.652509652509652,67.95366795366795
E00044558,267,53,27,26,214,20,194,19.850187265917604,10.112359550561797,9.737827715355806,80.14981273408239,7.490636704119851,72.65917602996255
E00044559,348,81,39,42,267,19,248,23.275862068965516,11.206896551724139,12.068965517241379,76.72413793103449,5.459770114942529,71.26436781609196
E00044560,316,51,27,24,265,11,254,16.139240506329113,8.544303797468354,7.59493670886076,83.86075949367088,3.481012658227848,80.37974683544303
E00044561,275,67,34,33,208,15,193,24.363636363636363,12.363636363636363,12,75.63636363636364,5.454545454545454,70.18181818181817
E00044562,295,91,44,47,204,21,183,30.847457627118647,14.915254237288137,15.932203389830507,69.15254237288136,7.118644067796611,62.03389830508475
E00044563,156,70,33,37,86,9,77,44.871794871794876,21.153846153846153,23.717948717948715,55.12820512820513,5.769230769230769,49.358974358974365
E00044564,249,47,15,32,202,15,187,18.87550200803213,6.024096385542169,12.851405622489958,81.12449799196787,6.024096385542169,75.1004016064257
E00044565,326,59,20,39,267,24,243,18.098159509202453,6.134969325153374,11.96319018404908,81.90184049079755,7.361963190184049,74.5398773006135
E00044566,208,75,50,25,133,10,123,36.05769230769231,24.03846153846154,12.01923076923077,63.942307692307686,4.807692307692308,59.13461538461539
E00044567,249,61,32,29,188,16,172,24.497991967871485,12.851405622489958,11.646586345381527,75.50200803212851,6.425702811244979,69.07630522088354
E00044568,280,59,18,41,221,26,195,21.071428571428573,6.428571428571428,14.642857142857144,78.92857142857143,9.285714285714286,69.64285714285714
E00044569,288,71,36,35,217,12,205,24.65277777777778,12.5,12.152777777777777,75.34722222222221,4.166666666666666,71.18055555555556
E00044570,231,113,65,48,118,21,97,48.917748917748916,28.13852813852814,20.77922077922078,51.082251082251084,9.090909090909092,41.99134199134199
E00044571,236,91,55,36,145,15,130,38.559322033898304,23.30508474576271,15.254237288135593,61.440677966101696,6.3559322033898304,55.08474576271186
E00044572,249,65,22,43,184,14,170,26.104417670682732,8.835341365461847,17.269076305220885,73.89558232931726,5.622489959839357,68.27309236947792
E00044573,258,71,36,35,187,18,169,27.51937984496124,13.953488372093023,13.565891472868216,72.48062015503875,6.976744186046512,65.50387596899225
E00044574,221,90,51,39,131,6,125,40.723981900452486,23.076923076923077,17.647058823529413,59.276018099547514,2.7149321266968327,56.56108597285068
E00044575,241,96,58,38,145,15,130,39.83402489626556,24.066390041493776,15.767634854771783,60.16597510373444,6.224066390041494,53.941908713692946
E00044576,262,72,27,45,190,16,174,27.480916030534353,10.305343511450381,17.17557251908397,72.51908396946564,6.106870229007633,66.41221374045801
E00044577,277,70,37,33,207,15,192,25.27075812274368,13.357400722021662,11.913357400722022,74.72924187725631,5.415162454873646,69.31407942238266
E00044578,336,73,29,44,263,29,234,21.726190476190478,8.630952380952381,13.095238095238097,78.27380952380952,8.630952380952381,69.64285714285714
E00044579,272,51,17,34,221,22,199,18.75,6.25,12.5,81.25,8.088235294117647,73.16176470588235
E00044580,273,50,23,27,223,16,207,18.315018315018314,8.424908424908425,9.89010989010989,81.68498168498168,5.86080586080586,75.82417582417582
E00044581,323,53,14,39,270,26,244,16.408668730650156,4.3343653250774,12.074303405572756,83.59133126934985,8.04953560371517,75.54179566563467
E00044582,266,66,31,35,200,11,189,24.81203007518797,11.654135338345863,13.157894736842104,75.18796992481202,4.135338345864661,71.05263157894737
E00044583,263,55,26,29,208,16,192,20.912547528517113,9.885931558935361,11.02661596958175,79.08745247148289,6.083650190114068,73.00380228136882
E00044584,288,63,23,40,225,26,199,21.875,7.986111111111111,13.88888888888889,78.125,9.027777777777777,69.09722222222221
E00044585,354,79,38,41,275,29,246,22.316384180790962,10.734463276836157,11.581920903954803,77.68361581920904,8.192090395480225,69.49152542372882
E00044587,284,43,23,20,241,23,218,15.140845070422534,8.098591549295776,7.042253521126761,84.85915492957746,8.098591549295776,76.76056338028168
E00044588,292,54,22,32,238,27,211,18.493150684931507,7.534246575342466,10.95890410958904,81.5068493150685,9.246575342465754,72.26027397260275
E00044589,203,91,56,35,112,13,99,44.827586206896555,27.586206896551722,17.24137931034483,55.172413793103445,6.403940886699508,48.76847290640394
E00044590,256,72,37,35,184,17,167,28.125,14.453125,13.671875,71.875,6.640625,65.234375
E00044591,270,41,18,23,229,19,210,15.185185185185185,6.666666666666667,8.518518518518519,84.81481481481481,7.037037037037037,77.77777777777779
E00044592,291,67,38,29,224,24,200,23.02405498281787,13.058419243986256,9.965635738831615,76.97594501718214,8.24742268041237,68.72852233676976
E00044593,261,74,31,43,187,15,172,28.35249042145594,11.877394636015326,16.47509578544061,71.64750957854406,5.747126436781609,65.90038314176245
E00044594,385,181,140,41,204,20,184,47.01298701298701,36.36363636363637,10.649350649350648,52.98701298701298,5.194805194805195,47.79220779220779
E00044595,291,80,41,39,211,17,194,27.491408934707906,14.0893470790378,13.402061855670103,72.5085910652921,5.841924398625429,66.66666666666666
E00044596,261,57,26,31,204,25,179,21.839080459770116,9.961685823754788,11.877394636015326,78.16091954022988,9.578544061302683,68.5823754789272
E00044597,313,61,26,35,252,19,233,19.488817891373802,8.30670926517572,11.182108626198083,80.5111821086262,6.070287539936102,74.4408945686901
E00044598,296,49,26,23,247,30,217,16.554054054054053,8.783783783783784,7.77027027027027,83.44594594594594,10.135135135135135,73.3108108108108
E00044599,254,43,17,26,211,15,196,16.92913385826772,6.692913385826772,10.236220472440944,83.07086614173228,5.905511811023622,77.16535433070865
E00044600,262,45,17,28,217,18,199,17.17557251908397,6.488549618320611,10.687022900763358,82.82442748091603,6.870229007633588,75.95419847328245
E00044601,285,48,20,28,237,25,212,16.842105263157894,7.017543859649122,9.824561403508772,83.15789473684211,8.771929824561402,74.3859649122807
E00044602,217,47,18,29,170,18,152,21.658986175115206,8.294930875576037,13.36405529953917,78.3410138248848,8.294930875576037,70.04608294930875
E00044603,311,40,16,24,271,22,249,12.861736334405144,5.144694533762058,7.717041800643088,87.13826366559485,7.07395498392283,80.06430868167203
E00044604,275,69,28,41,206,13,193,25.09090909090909,10.181818181818182,14.909090909090908,74.90909090909092,4.7272727272727275,70.18181818181817
E00044605,282,44,17,27,238,20,218,15.602836879432624,6.028368794326241,9.574468085106384,84.39716312056737,7.092198581560284,77.30496453900709
E00044606,267,59,32,27,208,30,178,22.09737827715356,11.985018726591761,10.112359550561797,77.90262172284645,11.235955056179774,66.66666666666666
E00044607,265,41,9,32,224,28,196,15.471698113207546,3.3962264150943398,12.075471698113208,84.52830188679246,10.566037735849058,73.9622641509434
E00044608,267,50,16,34,217,20,197,18.726591760299627,5.992509363295881,12.734082397003746,81.27340823970037,7.490636704119851,73.78277153558052
E00044609,268,54,19,35,214,16,198,20.149253731343283,7.08955223880597,13.059701492537313,79.8507462686567,5.970149253731343,73.88059701492537
E00044610,313,47,20,27,266,21,245,15.015974440894569,6.3897763578274756,8.626198083067091,84.98402555910543,6.7092651757188495,78.27476038338658
E00044611,270,54,22,32,216,29,187,20,8.148148148148149,11.851851851851853,80,10.74074074074074,69.25925925925925
E00044612,318,40,14,26,278,19,259,12.578616352201259,4.40251572327044,8.176100628930817,87.42138364779875,5.9748427672955975,81.44654088050315
E00044613,208,68,36,32,140,14,126,32.69230769230769,17.307692307692307,15.384615384615385,67.3076923076923,6.730769230769231,60.57692307692307
E00044614,329,49,18,31,280,30,250,14.893617021276595,5.47112462006079,9.422492401215806,85.1063829787234,9.118541033434651,75.98784194528876
E00044615,259,55,24,31,204,20,184,21.235521235521233,9.266409266409266,11.96911196911197,78.76447876447877,7.722007722007722,71.04247104247105
E00044616,272,64,27,37,208,16,192,23.52941176470588,9.926470588235293,13.602941176470587,76.47058823529412,5.88235294117647,70.58823529411765
E00044617,281,65,30,35,216,21,195,23.131672597864767,10.676156583629894,12.455516014234876,76.86832740213522,7.473309608540925,69.3950177935943
E00044618,298,54,25,29,244,26,218,18.120805369127517,8.389261744966444,9.731543624161073,81.87919463087249,8.724832214765101,73.15436241610739
E00044619,268,42,16,26,226,19,207,15.671641791044777,5.970149253731343,9.701492537313433,84.32835820895522,7.08955223880597,77.23880597014924
E00044620,270,55,25,30,215,24,191,20.37037037037037,9.25925925925926,11.11111111111111,79.62962962962963,8.88888888888889,70.74074074074073
E00044621,215,39,14,25,176,12,164,18.13953488372093,6.511627906976744,11.627906976744185,81.86046511627907,5.5813953488372094,76.27906976744187
E00044622,179,56,30,26,123,14,109,31.28491620111732,16.75977653631285,14.52513966480447,68.71508379888269,7.82122905027933,60.893854748603346
E00044623,260,43,14,29,217,25,192,16.538461538461537,5.384615384615385,11.153846153846155,83.46153846153847,9.615384615384617,73.84615384615385
E00044624,274,34,12,22,240,17,223,12.408759124087592,4.37956204379562,8.02919708029197,87.59124087591242,6.204379562043796,81.38686131386861
E00044625,250,65,24,41,185,15,170,26,9.6,16.400000000000002,74,6,68
E00044626,314,66,35,31,248,28,220,21.019108280254777,11.146496815286625,9.872611464968154,78.98089171974523,8.9171974522293,70.06369426751591
E00044627,254,53,33,20,201,19,182,20.866141732283463,12.992125984251967,7.874015748031496,79.13385826771653,7.480314960629922,71.65354330708661
E00044628,263,61,23,38,202,26,176,23.193916349809886,8.745247148288973,14.44866920152091,76.80608365019012,9.885931558935361,66.92015209125475
E00044629,321,63,27,36,258,22,236,19.626168224299064,8.411214953271028,11.214953271028037,80.37383177570094,6.853582554517133,73.5202492211838
E00044630,209,39,15,24,170,30,140,18.660287081339714,7.177033492822966,11.483253588516746,81.3397129186603,14.354066985645932,66.98564593301435
E00044631,266,69,28,41,197,24,173,25.93984962406015,10.526315789473683,15.413533834586465,74.06015037593986,9.022556390977442,65.0375939849624
E00044632,390,98,30,68,292,32,260,25.128205128205128,7.6923076923076925,17.435897435897434,74.87179487179488,8.205128205128204,66.66666666666666
E00044633,247,76,34,42,171,13,158,30.76923076923077,13.765182186234817,17.00404858299595,69.23076923076923,5.263157894736842,63.96761133603239
E00044634,269,79,39,40,190,12,178,29.36802973977695,14.49814126394052,14.869888475836431,70.63197026022306,4.4609665427509295,66.17100371747212
E00044635,154,67,46,21,87,6,81,43.506493506493506,29.87012987012987,13.636363636363635,56.493506493506494,3.896103896103896,52.5974025974026
E00044636,241,58,29,29,183,11,172,24.066390041493776,12.033195020746888,12.033195020746888,75.93360995850622,4.564315352697095,71.36929460580913
E00044637,257,53,24,29,204,12,192,20.622568093385212,9.33852140077821,11.284046692607005,79.37743190661479,4.669260700389105,74.70817120622569
E00044638,265,63,22,41,202,26,176,23.77358490566038,8.30188679245283,15.471698113207546,76.22641509433963,9.811320754716983,66.41509433962264
E00044639,243,40,17,23,203,25,178,16.46090534979424,6.995884773662551,9.465020576131687,83.53909465020575,10.2880658436214,73.25102880658436
E00044640,141,61,33,28,80,13,67,43.262411347517734,23.404255319148938,19.858156028368796,56.73758865248227,9.219858156028367,47.5177304964539
E00044641,301,113,50,63,188,23,165,37.54152823920266,16.611295681063122,20.930232558139537,62.45847176079734,7.641196013289036,54.81727574750831
E00044642,273,109,71,38,164,12,152,39.92673992673993,26.00732600732601,13.91941391941392,60.07326007326007,4.395604395604396,55.67765567765568
E00044644,290,64,33,31,226,17,209,22.06896551724138,11.379310344827587,10.689655172413794,77.93103448275862,5.862068965517241,72.06896551724138
E00044645,237,38,13,25,199,21,178,16.033755274261605,5.485232067510549,10.548523206751055,83.96624472573839,8.860759493670885,75.10548523206751
E00044646,440,182,123,59,258,32,226,41.36363636363637,27.954545454545453,13.40909090909091,58.63636363636363,7.2727272727272725,51.36363636363637
E00044647,292,49,15,34,243,26,217,16.78082191780822,5.136986301369863,11.643835616438356,83.21917808219177,8.904109589041095,74.31506849315068
E00044648,338,71,32,39,267,32,235,21.005917159763314,9.467455621301776,11.538461538461538,78.99408284023669,9.467455621301776,69.5266272189349
E00044649,276,75,39,36,201,12,189,27.173913043478258,14.130434782608695,13.043478260869565,72.82608695652173,4.3478260869565215,68.47826086956522
E00044650,328,64,29,35,264,27,237,19.51219512195122,8.841463414634147,10.670731707317072,80.48780487804879,8.231707317073171,72.2560975609756
E00044651,510,41,15,26,469,52,417,8.03921568627451,2.941176470588235,5.098039215686274,91.96078431372548,10.196078431372548,81.76470588235294
E00044652,249,43,13,30,206,22,184,17.269076305220885,5.220883534136546,12.048192771084338,82.73092369477911,8.835341365461847,73.89558232931726
E00044653,286,59,22,37,227,27,200,20.62937062937063,7.6923076923076925,12.937062937062937,79.37062937062937,9.44055944055944,69.93006993006993
E00044655,240,51,20,31,189,27,162,21.25,8.333333333333332,12.916666666666668,78.75,11.25,67.5
E00044656,308,42,15,27,266,25,241,13.636363636363635,4.870129870129871,8.766233766233766,86.36363636363636,8.116883116883116,78.24675324675324
E00044657,295,69,33,36,226,21,205,23.389830508474578,11.186440677966102,12.203389830508476,76.61016949152543,7.118644067796611,69.49152542372882
E00044658,452,54,20,34,398,37,361,11.946902654867257,4.424778761061947,7.52212389380531,88.05309734513274,8.185840707964601,79.86725663716814
E00044659,159,67,47,20,92,12,80,42.138364779874216,29.559748427672954,12.578616352201259,57.861635220125784,7.547169811320755,50.314465408805034
E00044660,263,41,15,26,222,19,203,15.5893536121673,5.7034220532319395,9.885931558935361,84.4106463878327,7.224334600760455,77.18631178707224
E00044661,311,58,25,33,253,32,221,18.64951768488746,8.038585209003216,10.610932475884244,81.35048231511254,10.289389067524116,71.06109324758843
E00044662,259,103,65,38,156,10,146,39.768339768339764,25.096525096525095,14.671814671814673,60.231660231660236,3.861003861003861,56.37065637065637
E00044663,276,83,37,46,193,17,176,30.07246376811594,13.405797101449277,16.666666666666664,69.92753623188406,6.159420289855073,63.76811594202898
E00044664,282,67,40,27,215,20,195,23.75886524822695,14.184397163120568,9.574468085106384,76.24113475177306,7.092198581560284,69.14893617021278
E00044665,357,108,67,41,249,25,224,30.252100840336134,18.76750700280112,11.484593837535014,69.74789915966386,7.002801120448179,62.745098039215684
E00044666,254,68,29,39,186,15,171,26.77165354330709,11.41732283464567,15.354330708661418,73.22834645669292,5.905511811023622,67.32283464566929
E00044668,289,69,39,30,220,17,203,23.875432525951556,13.494809688581316,10.380622837370241,76.12456747404845,5.88235294117647,70.24221453287197
E00044669,269,61,26,35,208,27,181,22.676579925650557,9.66542750929368,13.011152416356877,77.32342007434944,10.037174721189592,67.28624535315984
E00044670,261,60,25,35,201,21,180,22.988505747126435,9.578544061302683,13.409961685823754,77.01149425287356,8.045977011494253,68.96551724137932
E00044671,175,48,22,26,127,16,111,27.42857142857143,12.571428571428573,14.857142857142858,72.57142857142857,9.142857142857142,63.42857142857142
E00044672,274,65,39,26,209,12,197,23.722627737226276,14.233576642335766,9.48905109489051,76.27737226277372,4.37956204379562,71.8978102189781
E00044673,252,66,25,41,186,17,169,26.190476190476193,9.920634920634921,16.26984126984127,73.80952380952381,6.746031746031746,67.06349206349206
E00044674,270,60,29,31,210,19,191,22.22222222222222,10.74074074074074,11.481481481481481,77.77777777777779,7.037037037037037,70.74074074074073
E00044675,476,102,47,55,374,38,336,21.428571428571427,9.873949579831933,11.554621848739496,78.57142857142857,7.9831932773109235,70.58823529411765
E00044676,252,90,40,50,162,11,151,35.714285714285715,15.873015873015872,19.841269841269842,64.28571428571429,4.365079365079365,59.92063492063492
E00044677,287,51,26,25,236,23,213,17.770034843205575,9.059233449477352,8.710801393728223,82.22996515679442,8.013937282229964,74.21602787456446
E00044682,253,57,29,28,196,14,182,22.529644268774703,11.462450592885375,11.067193675889328,77.4703557312253,5.533596837944664,71.93675889328063
E00044683,278,48,21,27,230,25,205,17.26618705035971,7.553956834532374,9.712230215827338,82.73381294964028,8.992805755395683,73.7410071942446
E00044684,348,29,12,17,319,27,292,8.333333333333332,3.4482758620689653,4.885057471264368,91.66666666666666,7.758620689655173,83.9080459770115
E00044685,310,83,38,45,227,23,204,26.7741935483871,12.258064516129032,14.516129032258066,73.22580645161291,7.419354838709677,65.80645161290323
E00044686,342,111,69,42,231,20,211,32.45614035087719,20.175438596491226,12.280701754385964,67.54385964912281,5.847953216374268,61.69590643274854
E00044687,241,38,14,24,203,20,183,15.767634854771783,5.809128630705394,9.95850622406639,84.23236514522821,8.29875518672199,75.93360995850622
E00044688,239,51,29,22,188,18,170,21.338912133891213,12.133891213389122,9.205020920502092,78.66108786610879,7.531380753138076,71.1297071129707
E00044689,325,83,42,41,242,16,226,25.538461538461537,12.923076923076923,12.615384615384615,74.46153846153845,4.923076923076923,69.53846153846153
E00044690,311,85,41,44,226,26,200,27.331189710610932,13.183279742765272,14.14790996784566,72.66881028938906,8.360128617363344,64.30868167202573
E00044691,238,55,22,33,183,18,165,23.10924369747899,9.243697478991598,13.865546218487395,76.89075630252101,7.563025210084033,69.32773109243698
E00044692,300,117,64,53,183,13,170,39,21.333333333333336,17.666666666666668,61,4.333333333333334,56.666666666666664
E00044693,276,61,26,35,215,33,182,22.10144927536232,9.420289855072465,12.681159420289855,77.89855072463769,11.956521739130435,65.94202898550725
E00044695,302,101,55,46,201,17,184,33.443708609271525,18.211920529801322,15.2317880794702,66.55629139072848,5.629139072847682,60.9271523178808
E00044696,345,100,74,26,245,19,226,28.985507246376812,21.44927536231884,7.536231884057972,71.01449275362319,5.507246376811594,65.5072463768116
E00044697,201,80,41,39,121,13,108,39.800995024875625,20.398009950248756,19.402985074626866,60.19900497512438,6.467661691542288,53.73134328358209
E00044698,224,20,4,16,204,21,183,8.928571428571429,1.7857142857142856,7.142857142857142,91.07142857142857,9.375,81.69642857142857
E00044699,316,120,83,37,196,18,178,37.9746835443038,26.265822784810126,11.708860759493671,62.0253164556962,5.69620253164557,56.32911392405063
E00044700,271,49,19,30,222,29,193,18.081180811808117,7.011070110701106,11.07011070110701,81.91881918819189,10.70110701107011,71.21771217712177
E00044701,382,96,51,45,286,20,266,25.13089005235602,13.350785340314136,11.780104712041885,74.86910994764398,5.2356020942408374,69.63350785340315
E00044702,259,42,18,24,217,18,199,16.216216216216218,6.94980694980695,9.266409266409266,83.78378378378379,6.94980694980695,76.83397683397683
E00044703,232,41,17,24,191,13,178,17.67241379310345,7.327586206896551,10.344827586206897,82.32758620689656,5.603448275862069,76.72413793103449
E00044704,272,78,47,31,194,16,178,28.676470588235293,17.27941176470588,11.397058823529411,71.32352941176471,5.88235294117647,65.44117647058823
E00044705,242,68,24,44,174,18,156,28.09917355371901,9.917355371900827,18.181818181818183,71.900826446281,7.43801652892562,64.46280991735537
E00044706,297,63,30,33,234,18,216,21.21212121212121,10.1010101010101,11.11111111111111,78.78787878787878,6.0606060606060606,72.72727272727273
E00044707,286,90,42,48,196,19,177,31.46853146853147,14.685314685314685,16.783216783216783,68.53146853146853,6.643356643356643,61.88811188811189
E00044708,259,70,31,39,189,13,176,27.027027027027028,11.96911196911197,15.057915057915059,72.97297297297297,5.019305019305019,67.95366795366795
E00044709,261,62,32,30,199,20,179,23.754789272030653,12.260536398467432,11.494252873563218,76.24521072796935,7.662835249042145,68.5823754789272
E00044710,267,69,31,38,198,17,181,25.842696629213485,11.610486891385769,14.232209737827715,74.15730337078652,6.367041198501873,67.79026217228464
E00044711,277,73,30,43,204,18,186,26.353790613718413,10.830324909747292,15.523465703971121,73.6462093862816,6.4981949458483745,67.14801444043322
E00044712,362,143,93,50,219,14,205,39.50276243093923,25.69060773480663,13.812154696132598,60.49723756906077,3.867403314917127,56.62983425414365
E00044713,281,73,38,35,208,21,187,25.97864768683274,13.523131672597867,12.455516014234876,74.02135231316726,7.473309608540925,66.54804270462633
E00044714,264,53,24,29,211,14,197,20.075757575757574,9.090909090909092,10.984848484848484,79.92424242424242,5.303030303030303,74.62121212121212
E00044715,305,67,30,37,238,22,216,21.9672131147541,9.836065573770492,12.131147540983607,78.0327868852459,7.213114754098362,70.81967213114754
E00044716,406,124,59,65,282,24,258,30.541871921182267,14.532019704433496,16.00985221674877,69.45812807881774,5.911330049261084,63.54679802955665
E00044717,261,74,25,49,187,10,177,28.35249042145594,9.578544061302683,18.773946360153257,71.64750957854406,3.8314176245210727,67.81609195402298
E00044718,315,47,16,31,268,21,247,14.920634920634921,5.079365079365079,9.841269841269842,85.07936507936508,6.666666666666667,78.41269841269842
E00044720,288,61,30,31,227,19,208,21.180555555555554,10.416666666666668,10.76388888888889,78.81944444444444,6.597222222222222,72.22222222222221
E00044721,303,56,30,26,247,16,231,18.48184818481848,9.900990099009901,8.58085808580858,81.51815181518151,5.2805280528052805,76.23762376237624
E00044724,267,74,34,40,193,15,178,27.715355805243448,12.734082397003746,14.981273408239701,72.28464419475655,5.617977528089887,66.66666666666666
E00044725,273,46,20,26,227,18,209,16.84981684981685,7.326007326007327,9.523809523809524,83.15018315018315,6.593406593406594,76.55677655677655
E00044726,277,48,17,31,229,32,197,17.328519855595665,6.137184115523466,11.191335740072201,82.67148014440433,11.552346570397113,71.11913357400722
E00044728,318,81,48,33,237,26,211,25.471698113207548,15.09433962264151,10.377358490566039,74.52830188679245,8.176100628930817,66.35220125786164
E00044730,254,51,15,36,203,24,179,20.078740157480315,5.905511811023622,14.173228346456693,79.92125984251969,9.448818897637794,70.47244094488188
E00044731,242,45,20,25,197,32,165,18.59504132231405,8.264462809917356,10.330578512396695,81.40495867768594,13.223140495867769,68.18181818181817
E00044732,424,56,15,41,368,36,332,13.20754716981132,3.5377358490566038,9.669811320754718,86.79245283018868,8.49056603773585,78.30188679245283
E00044733,228,48,23,25,180,16,164,21.052631578947366,10.087719298245613,10.964912280701753,78.94736842105263,7.017543859649122,71.9298245614035
E00044734,212,59,24,35,153,16,137,27.830188679245282,11.320754716981133,16.50943396226415,72.16981132075472,7.547169811320755,64.62264150943396
E00044735,241,59,30,29,182,24,158,24.481327800829874,12.448132780082988,12.033195020746888,75.51867219917013,9.95850622406639,65.56016597510373
E00044737,265,64,24,40,201,13,188,24.150943396226417,9.056603773584905,15.09433962264151,75.84905660377359,4.905660377358491,70.94339622641509
E00044738,484,96,42,54,388,23,365,19.834710743801654,8.677685950413224,11.15702479338843,80.16528925619835,4.75206611570248,75.41322314049587
E00044739,221,60,32,28,161,16,145,27.149321266968325,14.479638009049776,12.669683257918551,72.85067873303167,7.239819004524888,65.61085972850678
E00044740,353,109,61,48,244,21,223,30.878186968838527,17.280453257790366,13.59773371104816,69.12181303116147,5.94900849858357,63.172804532577906
E00044741,292,64,28,36,228,22,206,21.91780821917808,9.58904109589041,12.32876712328767,78.08219178082192,7.534246575342466,70.54794520547945
E00044743,279,78,42,36,201,22,179,27.956989247311824,15.053763440860216,12.903225806451612,72.04301075268818,7.885304659498208,64.15770609318996
E00044744,265,91,51,40,174,13,161,34.33962264150943,19.245283018867926,15.09433962264151,65.66037735849056,4.905660377358491,60.75471698113207
E00044745,297,73,42,31,224,20,204,24.579124579124578,14.14141414141414,10.437710437710438,75.42087542087542,6.7340067340067336,68.68686868686868
E00044746,360,97,47,50,263,30,233,26.944444444444443,13.055555555555557,13.88888888888889,73.05555555555556,8.333333333333332,64.72222222222223
E00044748,346,81,40,41,265,10,255,23.410404624277454,11.560693641618498,11.849710982658959,76.58959537572254,2.8901734104046244,73.69942196531792
E00044749,284,80,35,45,204,6,198,28.169014084507044,12.323943661971832,15.845070422535212,71.83098591549296,2.112676056338028,69.71830985915493
E00044750,299,60,20,40,239,26,213,20.066889632107024,6.688963210702341,13.377926421404682,79.93311036789298,8.695652173913043,71.23745819397993
E00044751,344,56,22,34,288,22,266,16.27906976744186,6.395348837209303,9.883720930232558,83.72093023255815,6.395348837209303,77.32558139534885
E00044752,289,64,28,36,225,9,216,22.145328719723185,9.688581314878892,12.45674740484429,77.85467128027682,3.1141868512110724,74.74048442906575
E00044753,310,74,37,37,236,15,221,23.870967741935484,11.935483870967742,11.935483870967742,76.12903225806451,4.838709677419355,71.29032258064515
E00044754,363,102,40,62,261,14,247,28.09917355371901,11.019283746556475,17.079889807162534,71.900826446281,3.8567493112947657,68.04407713498622
E00044755,326,127,68,59,199,21,178,38.95705521472393,20.858895705521473,18.098159509202453,61.04294478527608,6.441717791411043,54.601226993865026
E00044756,275,71,27,44,204,24,180,25.818181818181817,9.818181818181818,16,74.18181818181819,8.727272727272728,65.45454545454545
E00044757,313,73,33,40,240,18,222,23.322683706070286,10.543130990415335,12.779552715654951,76.6773162939297,5.7507987220447285,70.92651757188499
E00044759,447,86,46,40,361,28,333,19.23937360178971,10.290827740492169,8.94854586129754,80.76062639821029,6.263982102908278,74.49664429530202
E00044760,272,70,37,33,202,11,191,25.735294117647058,13.602941176470587,12.132352941176471,74.26470588235294,4.044117647058823,70.22058823529412
E00044761,306,87,49,38,219,12,207,28.431372549019606,16.013071895424837,12.418300653594772,71.56862745098039,3.9215686274509802,67.64705882352942
E00044762,340,94,47,47,246,16,230,27.647058823529413,13.823529411764707,13.823529411764707,72.35294117647058,4.705882352941177,67.64705882352942
E00044763,267,71,35,36,196,8,188,26.591760299625467,13.108614232209737,13.48314606741573,73.40823970037454,2.9962546816479403,70.4119850187266
E00044764,203,83,36,47,120,13,107,40.88669950738916,17.733990147783253,23.15270935960591,59.11330049261084,6.403940886699508,52.70935960591133
E00044765,186,52,34,18,134,8,126,27.956989247311824,18.27956989247312,9.67741935483871,72.04301075268818,4.301075268817205,67.74193548387096
E00044766,275,70,31,39,205,16,189,25.454545454545453,11.272727272727273,14.181818181818182,74.54545454545455,5.818181818181818,68.72727272727272
E00044767,419,149,116,33,270,14,256,35.56085918854415,27.684964200477324,7.875894988066825,64.43914081145584,3.341288782816229,61.09785202863962
E00044768,267,76,42,34,191,9,182,28.46441947565543,15.730337078651685,12.734082397003746,71.53558052434457,3.3707865168539324,68.16479400749064
E00044769,294,64,32,32,230,16,214,21.768707482993197,10.884353741496598,10.884353741496598,78.2312925170068,5.442176870748299,72.78911564625851
E00044770,282,63,35,28,219,20,199,22.340425531914892,12.411347517730496,9.929078014184398,77.6595744680851,7.092198581560284,70.56737588652481
E00044771,264,74,37,37,190,19,171,28.030303030303028,14.015151515151514,14.015151515151514,71.96969696969697,7.196969696969697,64.77272727272727
E00044772,245,65,32,33,180,23,157,26.53061224489796,13.061224489795919,13.46938775510204,73.46938775510205,9.387755102040817,64.08163265306122
E00044773,171,73,40,33,98,6,92,42.69005847953216,23.391812865497073,19.298245614035086,57.30994152046783,3.508771929824561,53.80116959064327
E00044774,357,139,76,63,218,14,204,38.93557422969188,21.288515406162464,17.647058823529413,61.06442577030813,3.9215686274509802,57.14285714285714
E00044775,234,53,27,26,181,7,174,22.64957264957265,11.538461538461538,11.11111111111111,77.35042735042735,2.9914529914529915,74.35897435897436
E00044776,283,92,49,43,191,12,179,32.50883392226148,17.314487632508836,15.19434628975265,67.49116607773851,4.240282685512367,63.25088339222616
E00044777,302,62,29,33,240,12,228,20.52980132450331,9.602649006622517,10.927152317880795,79.47019867549669,3.9735099337748347,75.49668874172185
E00044778,302,100,64,36,202,11,191,33.11258278145696,21.192052980132452,11.920529801324504,66.88741721854305,3.642384105960265,63.24503311258278
E00044779,271,54,27,27,217,29,188,19.92619926199262,9.96309963099631,9.96309963099631,80.07380073800738,10.70110701107011,69.37269372693727
E00044780,209,58,23,35,151,12,139,27.751196172248804,11.004784688995215,16.74641148325359,72.24880382775119,5.741626794258373,66.50717703349282
E00044781,280,71,41,30,209,12,197,25.357142857142854,14.642857142857144,10.714285714285714,74.64285714285714,4.285714285714286,70.35714285714286
E00044782,291,71,36,35,220,18,202,24.398625429553263,12.371134020618557,12.027491408934708,75.60137457044674,6.185567010309279,69.41580756013745
E00044783,211,75,30,45,136,10,126,35.54502369668246,14.218009478672986,21.32701421800948,64.45497630331754,4.739336492890995,59.71563981042654
E00044784,286,70,37,33,216,15,201,24.475524475524477,12.937062937062937,11.538461538461538,75.52447552447552,5.244755244755245,70.27972027972028
E00044785,256,66,36,30,190,11,179,25.78125,14.0625,11.71875,74.21875,4.296875,69.921875
E00044786,241,70,36,34,171,12,159,29.045643153526974,14.937759336099585,14.107883817427386,70.95435684647303,4.979253112033195,65.97510373443983
E00044787,323,81,44,37,242,20,222,25.077399380804955,13.622291021671826,11.455108359133128,74.92260061919505,6.191950464396285,68.73065015479877
E00044788,319,92,49,43,227,11,216,28.84012539184953,15.360501567398119,13.479623824451412,71.15987460815047,3.4482758620689653,67.7115987460815
E00044789,310,106,65,41,204,9,195,34.193548387096776,20.967741935483872,13.225806451612904,65.80645161290323,2.903225806451613,62.903225806451616
E00044790,397,135,75,60,262,15,247,34.005037783375315,18.89168765743073,15.113350125944585,65.99496221662469,3.7783375314861463,62.21662468513854
E00044791,280,99,65,34,181,11,170,35.35714285714286,23.214285714285715,12.142857142857142,64.64285714285715,3.9285714285714284,60.71428571428571
E00044792,279,71,35,36,208,16,192,25.448028673835125,12.544802867383511,12.903225806451612,74.55197132616487,5.734767025089606,68.81720430107528
E00044793,264,63,35,28,201,12,189,23.863636363636363,13.257575757575758,10.606060606060606,76.13636363636364,4.545454545454546,71.5909090909091
E00044794,271,90,48,42,181,16,165,33.210332103321036,17.712177121771216,15.498154981549817,66.78966789667896,5.904059040590406,60.88560885608856
E00044795,160,38,22,16,122,14,108,23.75,13.750000000000002,10,76.25,8.75,67.5
E00044796,245,68,37,31,177,16,161,27.755102040816325,15.10204081632653,12.653061224489795,72.24489795918367,6.530612244897959,65.71428571428571
E00044797,291,105,56,49,186,18,168,36.08247422680412,19.243986254295535,16.83848797250859,63.91752577319587,6.185567010309279,57.73195876288659
E00044798,369,87,36,51,282,22,260,23.577235772357724,9.75609756097561,13.821138211382115,76.42276422764228,5.9620596205962055,70.46070460704607
E00044799,244,68,28,40,176,15,161,27.86885245901639,11.475409836065573,16.39344262295082,72.1311475409836,6.147540983606557,65.98360655737704
E00044800,241,46,33,13,195,14,181,19.08713692946058,13.692946058091287,5.394190871369295,80.91286307053942,5.809128630705394,75.10373443983403
E00044801,307,68,36,32,239,26,213,22.149837133550488,11.726384364820847,10.423452768729643,77.85016286644951,8.469055374592834,69.38110749185668
E00044802,269,61,34,27,208,12,196,22.676579925650557,12.639405204460965,10.037174721189592,77.32342007434944,4.4609665427509295,72.86245353159852
E00044803,325,88,41,47,237,28,209,27.076923076923077,12.615384615384615,14.461538461538462,72.92307692307692,8.615384615384615,64.3076923076923
E00044804,281,62,31,31,219,10,209,22.064056939501782,11.032028469750891,11.032028469750891,77.93594306049823,3.558718861209965,74.37722419928826
E00044805,327,80,48,32,247,12,235,24.464831804281346,14.678899082568808,9.785932721712538,75.53516819571865,3.669724770642202,71.86544342507645
E00044806,286,63,29,34,223,20,203,22.02797202797203,10.13986013986014,11.888111888111888,77.97202797202797,6.993006993006993,70.97902097902097
E00044807,197,76,37,39,121,13,108,38.578680203045685,18.781725888324875,19.796954314720814,61.42131979695431,6.598984771573605,54.82233502538071
E00044808,279,71,32,39,208,12,196,25.448028673835125,11.469534050179211,13.978494623655912,74.55197132616487,4.301075268817205,70.25089605734766
E00044809,194,62,36,26,132,18,114,31.958762886597935,18.556701030927837,13.402061855670103,68.04123711340206,9.278350515463918,58.76288659793815
E00044810,266,66,35,31,200,19,181,24.81203007518797,13.157894736842104,11.654135338345863,75.18796992481202,7.142857142857142,68.04511278195488
E00044811,262,72,42,30,190,15,175,27.480916030534353,16.030534351145036,11.450381679389313,72.51908396946564,5.7251908396946565,66.79389312977099
E00044812,356,84,39,45,272,23,249,23.595505617977526,10.955056179775282,12.640449438202248,76.40449438202246,6.460674157303371,69.9438202247191
E00044813,277,87,42,45,190,29,161,31.40794223826715,15.162454873646208,16.24548736462094,68.59205776173285,10.469314079422382,58.12274368231047
E00044814,330,96,57,39,234,22,212,29.09090909090909,17.272727272727273,11.818181818181818,70.9090909090909,6.666666666666667,64.24242424242425
E00044815,274,69,35,34,205,14,191,25.18248175182482,12.773722627737227,12.408759124087592,74.81751824817519,5.109489051094891,69.7080291970803
E00044816,294,68,36,32,226,20,206,23.12925170068027,12.244897959183673,10.884353741496598,76.87074829931973,6.802721088435375,70.06802721088435
E00044817,268,71,37,34,197,11,186,26.492537313432834,13.805970149253731,12.686567164179104,73.50746268656717,4.104477611940299,69.40298507462687
E00044818,258,124,78,46,134,12,122,48.06201550387597,30.23255813953488,17.829457364341085,51.93798449612403,4.651162790697675,47.286821705426355
E00044819,275,67,29,38,208,16,192,24.363636363636363,10.545454545454545,13.818181818181818,75.63636363636364,5.818181818181818,69.81818181818183
E00044820,303,99,50,49,204,14,190,32.67326732673268,16.5016501650165,16.17161716171617,67.32673267326733,4.62046204620462,62.70627062706271
E00044821,274,87,41,46,187,15,172,31.751824817518248,14.963503649635038,16.78832116788321,68.24817518248175,5.474452554744526,62.77372262773723
E00044822,272,76,38,38,196,17,179,27.941176470588236,13.970588235294118,13.970588235294118,72.05882352941177,6.25,65.80882352941177
E00044823,294,58,34,24,236,18,218,19.727891156462583,11.564625850340136,8.16326530612245,80.27210884353741,6.122448979591836,74.14965986394559
E00044824,290,68,34,34,222,12,210,23.448275862068964,11.724137931034482,11.724137931034482,76.55172413793103,4.137931034482759,72.41379310344827
E00044825,245,48,24,24,197,14,183,19.591836734693878,9.795918367346939,9.795918367346939,80.40816326530611,5.714285714285714,74.6938775510204
E00044826,301,98,55,43,203,19,184,32.55813953488372,18.272425249169437,14.285714285714285,67.44186046511628,6.312292358803987,61.12956810631229
E00044827,317,83,38,45,234,9,225,26.18296529968454,11.987381703470032,14.195583596214512,73.81703470031546,2.8391167192429023,70.97791798107255
E00044828,156,61,40,21,95,14,81,39.1025641025641,25.64102564102564,13.461538461538462,60.89743589743589,8.974358974358974,51.92307692307693
E00044829,271,67,39,28,204,21,183,24.723247232472325,14.391143911439114,10.33210332103321,75.27675276752768,7.7490774907749085,67.52767527675276
E00044830,242,70,27,43,172,19,153,28.92561983471074,11.15702479338843,17.768595041322314,71.07438016528926,7.851239669421488,63.22314049586777
E00044831,281,91,47,44,190,14,176,32.38434163701068,16.72597864768683,15.658362989323843,67.61565836298932,4.98220640569395,62.63345195729537
E00044832,258,67,35,32,191,17,174,25.968992248062015,13.565891472868216,12.4031007751938,74.03100775193798,6.5891472868217065,67.44186046511628
E00044833,488,56,27,29,432,12,420,11.475409836065573,5.532786885245901,5.942622950819672,88.52459016393442,2.459016393442623,86.0655737704918
E00044835,248,80,38,42,168,10,158,32.25806451612903,15.32258064516129,16.93548387096774,67.74193548387096,4.032258064516129,63.70967741935484
E00044836,161,66,36,30,95,6,89,40.993788819875775,22.36024844720497,18.633540372670808,59.006211180124225,3.7267080745341614,55.27950310559007
E00044837,218,79,40,39,139,12,127,36.23853211009174,18.34862385321101,17.889908256880734,63.76146788990825,5.5045871559633035,58.256880733944946
E00044838,273,57,26,31,216,14,202,20.87912087912088,9.523809523809524,11.355311355311356,79.12087912087912,5.128205128205128,73.992673992674
E00044839,310,42,18,24,268,13,255,13.548387096774196,5.806451612903226,7.741935483870968,86.45161290322581,4.193548387096775,82.25806451612904
E00044841,185,51,19,32,134,7,127,27.56756756756757,10.27027027027027,17.2972972972973,72.43243243243244,3.783783783783784,68.64864864864865
E00044842,276,54,24,30,222,18,204,19.565217391304348,8.695652173913043,10.869565217391305,80.43478260869566,6.521739130434782,73.91304347826086
E00044843,266,51,16,35,215,17,198,19.172932330827066,6.015037593984962,13.157894736842104,80.82706766917293,6.390977443609022,74.43609022556392
E00044844,386,45,15,30,341,24,317,11.658031088082902,3.8860103626943006,7.772020725388601,88.3419689119171,6.217616580310881,82.12435233160622
E00044845,321,62,22,40,259,27,232,19.314641744548286,6.853582554517133,12.461059190031152,80.68535825545172,8.411214953271028,72.27414330218068
E00044846,287,54,28,26,233,19,214,18.81533101045296,9.75609756097561,9.059233449477352,81.18466898954703,6.620209059233449,74.56445993031359
E00044847,331,55,18,37,276,18,258,16.61631419939577,5.438066465256798,11.178247734138973,83.38368580060424,5.438066465256798,77.94561933534743
E00044848,262,46,27,19,216,17,199,17.557251908396946,10.305343511450381,7.251908396946565,82.44274809160305,6.488549618320611,75.95419847328245
E00044849,229,44,13,31,185,12,173,19.213973799126638,5.676855895196507,13.537117903930133,80.78602620087337,5.240174672489083,75.54585152838428
E00044850,302,64,24,40,238,14,224,21.192052980132452,7.9470198675496695,13.245033112582782,78.80794701986756,4.635761589403973,74.17218543046357
E00044851,317,55,21,34,262,21,241,17.350157728706623,6.624605678233439,10.725552050473187,82.64984227129337,6.624605678233439,76.02523659305994
E00044852,389,53,25,28,336,19,317,13.624678663239074,6.426735218508997,7.197943444730077,86.37532133676092,4.884318766066838,81.49100257069408
E00044853,215,55,22,33,160,9,151,25.581395348837212,10.232558139534884,15.348837209302326,74.4186046511628,4.186046511627907,70.23255813953489
E00044854,308,39,14,25,269,18,251,12.662337662337661,4.545454545454546,8.116883116883116,87.33766233766234,5.844155844155844,81.4935064935065
E00044855,251,53,24,29,198,19,179,21.115537848605577,9.56175298804781,11.553784860557768,78.88446215139442,7.569721115537849,71.31474103585657
E00044856,434,131,83,48,303,27,276,30.184331797235025,19.12442396313364,11.059907834101383,69.81566820276498,6.221198156682028,63.594470046082954
E00044857,212,47,24,23,165,18,147,22.169811320754718,11.320754716981133,10.849056603773585,77.83018867924528,8.49056603773585,69.33962264150944
E00044858,388,60,19,41,328,22,306,15.463917525773196,4.896907216494846,10.56701030927835,84.5360824742268,5.670103092783505,78.8659793814433
E00044859,263,57,16,41,206,16,190,21.673003802281368,6.083650190114068,15.5893536121673,78.32699619771863,6.083650190114068,72.24334600760456
E00044860,375,71,27,44,304,23,281,18.933333333333334,7.199999999999999,11.733333333333333,81.06666666666666,6.133333333333333,74.93333333333332
E00044861,150,48,18,30,102,10,92,32,12,20,68,6.666666666666667,61.33333333333333
E00044862,355,52,19,33,303,26,277,14.647887323943662,5.352112676056338,9.295774647887324,85.35211267605634,7.323943661971831,78.0281690140845
E00044863,339,77,33,44,262,35,227,22.71386430678466,9.734513274336283,12.979351032448378,77.28613569321534,10.32448377581121,66.96165191740413
E00044864,261,68,38,30,193,25,168,26.053639846743295,14.559386973180077,11.494252873563218,73.9463601532567,9.578544061302683,64.36781609195403
E00044865,335,53,27,26,282,27,255,15.82089552238806,8.059701492537313,7.761194029850746,84.17910447761194,8.059701492537313,76.11940298507463
E00044866,192,77,51,26,115,7,108,40.10416666666667,26.5625,13.541666666666666,59.895833333333336,3.6458333333333335,56.25
E00044867,270,59,30,29,211,19,192,21.85185185185185,11.11111111111111,10.74074074074074,78.14814814814814,7.037037037037037,71.11111111111111
E00044868,290,72,35,37,218,14,204,24.82758620689655,12.068965517241379,12.758620689655173,75.17241379310344,4.827586206896552,70.34482758620689
E00044869,199,59,32,27,140,14,126,29.64824120603015,16.08040201005025,13.5678391959799,70.35175879396985,7.035175879396985,63.31658291457286
E00044870,251,83,40,43,168,13,155,33.067729083665334,15.936254980079681,17.131474103585656,66.93227091633466,5.179282868525896,61.75298804780876
E00044871,277,77,48,29,200,15,185,27.79783393501805,17.328519855595665,10.469314079422382,72.20216606498195,5.415162454873646,66.78700361010831
E00044872,193,57,35,22,136,16,120,29.533678756476682,18.134715025906736,11.398963730569948,70.46632124352331,8.290155440414509,62.17616580310881
E00044873,280,64,39,25,216,13,203,22.857142857142858,13.928571428571429,8.928571428571429,77.14285714285715,4.642857142857143,72.5
E00044874,259,67,32,35,192,10,182,25.868725868725868,12.355212355212355,13.513513513513514,74.13127413127413,3.861003861003861,70.27027027027027
E00044875,218,60,32,28,158,6,152,27.522935779816514,14.678899082568808,12.844036697247708,72.47706422018348,2.7522935779816518,69.72477064220183
E00044876,241,62,30,32,179,16,163,25.72614107883817,12.448132780082988,13.278008298755188,74.27385892116183,6.639004149377594,67.63485477178423
E00044877,327,108,64,44,219,15,204,33.02752293577982,19.571865443425075,13.455657492354739,66.97247706422019,4.587155963302752,62.38532110091744
E00044878,305,56,31,25,249,23,226,18.360655737704917,10.163934426229508,8.19672131147541,81.63934426229508,7.540983606557377,74.09836065573771
E00044879,197,74,43,31,123,13,110,37.56345177664975,21.82741116751269,15.736040609137056,62.43654822335025,6.598984771573605,55.83756345177665
E00044880,259,60,25,35,199,13,186,23.166023166023166,9.652509652509652,13.513513513513514,76.83397683397683,5.019305019305019,71.81467181467181
E00044881,293,51,26,25,242,14,228,17.4061433447099,8.873720136518772,8.532423208191126,82.5938566552901,4.778156996587031,77.81569965870307
E00044882,291,67,33,34,224,18,206,23.02405498281787,11.34020618556701,11.683848797250858,76.97594501718214,6.185567010309279,70.79037800687286
E00044883,127,37,11,26,90,10,80,29.133858267716533,8.661417322834646,20.47244094488189,70.86614173228347,7.874015748031496,62.99212598425197
E00044884,231,71,37,34,160,14,146,30.735930735930733,16.017316017316016,14.71861471861472,69.26406926406926,6.0606060606060606,63.20346320346321
E00044885,291,92,50,42,199,18,181,31.615120274914087,17.18213058419244,14.432989690721648,68.38487972508591,6.185567010309279,62.19931271477663
E00044886,332,67,31,36,265,23,242,20.180722891566266,9.33734939759036,10.843373493975903,79.81927710843374,6.927710843373494,72.89156626506023
E00044887,281,74,40,34,207,30,177,26.334519572953734,14.23487544483986,12.099644128113878,73.66548042704626,10.676156583629894,62.989323843416365
E00044888,302,80,53,27,222,10,212,26.490066225165563,17.549668874172188,8.940397350993377,73.50993377483444,3.3112582781456954,70.19867549668875
E00044889,231,80,55,25,151,14,137,34.63203463203463,23.809523809523807,10.822510822510822,65.36796536796537,6.0606060606060606,59.307359307359306
E00044890,264,75,30,45,189,9,180,28.40909090909091,11.363636363636363,17.045454545454543,71.5909090909091,3.4090909090909087,68.18181818181817
E00044891,274,76,50,26,198,11,187,27.73722627737226,18.248175182481752,9.48905109489051,72.26277372262774,4.014598540145985,68.24817518248175
E00044892,320,66,31,35,254,13,241,20.625,9.6875,10.9375,79.375,4.0625,75.3125
E00044893,329,83,45,38,246,22,224,25.227963525835868,13.677811550151976,11.55015197568389,74.77203647416414,6.68693009118541,68.08510638297872
E00044894,221,63,31,32,158,12,146,28.50678733031674,14.027149321266968,14.479638009049776,71.49321266968326,5.429864253393665,66.06334841628959
E00044895,271,62,30,32,209,15,194,22.878228782287824,11.07011070110701,11.808118081180812,77.12177121771218,5.535055350553505,71.58671586715867
E00044896,337,58,30,28,279,14,265,17.210682492581604,8.902077151335313,8.30860534124629,82.7893175074184,4.154302670623145,78.63501483679525
E00044897,264,65,37,28,199,8,191,24.62121212121212,14.015151515151514,10.606060606060606,75.37878787878788,3.0303030303030303,72.34848484848484
E00044898,311,45,20,25,266,30,236,14.469453376205788,6.430868167202572,8.038585209003216,85.53054662379421,9.646302250803858,75.88424437299035
E00044899,286,42,14,28,244,28,216,14.685314685314685,4.895104895104895,9.79020979020979,85.3146853146853,9.79020979020979,75.52447552447552
E00044900,294,69,36,33,225,22,203,23.46938775510204,12.244897959183673,11.224489795918368,76.53061224489795,7.482993197278912,69.04761904761905
E00044901,299,67,31,36,232,30,202,22.40802675585284,10.367892976588628,12.040133779264215,77.59197324414716,10.033444816053512,67.55852842809364
E00044902,284,68,33,35,216,30,186,23.943661971830984,11.619718309859154,12.323943661971832,76.05633802816901,10.56338028169014,65.49295774647888
E00044903,208,31,15,16,177,21,156,14.903846153846153,7.211538461538461,7.6923076923076925,85.09615384615384,10.096153846153847,75
E00044904,297,44,22,22,253,32,221,14.814814814814813,7.4074074074074066,7.4074074074074066,85.18518518518519,10.774410774410773,74.41077441077442
E00044905,241,52,19,33,189,12,177,21.57676348547718,7.883817427385892,13.692946058091287,78.42323651452283,4.979253112033195,73.44398340248964
E00044906,397,54,25,29,343,35,308,13.602015113350127,6.297229219143577,7.304785894206549,86.39798488664987,8.816120906801007,77.58186397984886
E00044907,128,61,34,27,67,11,56,47.65625,26.5625,21.09375,52.34375,8.59375,43.75
E00044908,259,62,27,35,197,8,189,23.93822393822394,10.424710424710424,13.513513513513514,76.06177606177607,3.088803088803089,72.97297297297297
E00044909,256,42,16,26,214,22,192,16.40625,6.25,10.15625,83.59375,8.59375,75
E00044910,384,122,71,51,262,31,231,31.770833333333332,18.489583333333336,13.28125,68.22916666666666,8.072916666666668,60.15625
E00044911,235,52,17,35,183,15,168,22.127659574468083,7.234042553191489,14.893617021276595,77.87234042553192,6.382978723404255,71.48936170212767
E00044912,201,68,39,29,133,24,109,33.83084577114428,19.402985074626866,14.427860696517413,66.16915422885572,11.940298507462686,54.22885572139303
E00044913,279,75,34,41,204,20,184,26.881720430107524,12.186379928315413,14.695340501792115,73.11827956989248,7.168458781362006,65.94982078853047
E00044914,301,52,27,25,249,28,221,17.275747508305646,8.970099667774086,8.305647840531561,82.72425249169434,9.30232558139535,73.421926910299
E00044915,267,64,39,25,203,18,185,23.970037453183522,14.606741573033707,9.363295880149813,76.02996254681648,6.741573033707865,69.28838951310861
E00044916,348,93,43,50,255,20,235,26.72413793103448,12.35632183908046,14.367816091954023,73.27586206896551,5.747126436781609,67.52873563218391
E00044917,260,49,22,27,211,18,193,18.846153846153847,8.461538461538462,10.384615384615385,81.15384615384616,6.923076923076923,74.23076923076923
E00044918,280,53,21,32,227,18,209,18.928571428571427,7.5,11.428571428571429,81.07142857142857,6.428571428571428,74.64285714285714
E00044919,281,58,19,39,223,17,206,20.640569395017792,6.761565836298933,13.87900355871886,79.35943060498221,6.049822064056939,73.30960854092527
E00044920,288,62,19,43,226,25,201,21.52777777777778,6.597222222222222,14.930555555555555,78.47222222222221,8.680555555555555,69.79166666666666
E00044921,225,55,18,37,170,11,159,24.444444444444443,8,16.444444444444446,75.55555555555556,4.888888888888889,70.66666666666667
E00044922,227,47,21,26,180,17,163,20.704845814977972,9.251101321585903,11.45374449339207,79.29515418502203,7.488986784140969,71.80616740088107
E00044923,297,57,12,45,240,27,213,19.19191919191919,4.040404040404041,15.151515151515152,80.8080808080808,9.090909090909092,71.71717171717171
E00044925,266,44,18,26,222,23,199,16.541353383458645,6.7669172932330826,9.774436090225564,83.45864661654136,8.646616541353383,74.81203007518798
E00044926,392,101,44,57,291,22,269,25.765306122448976,11.224489795918368,14.540816326530612,74.23469387755102,5.612244897959184,68.62244897959184
E00044927,296,49,19,30,247,23,224,16.554054054054053,6.418918918918918,10.135135135135135,83.44594594594594,7.77027027027027,75.67567567567568
E00044928,269,91,43,48,178,16,162,33.82899628252788,15.985130111524162,17.843866171003718,66.17100371747212,5.947955390334572,60.223048327137555
E00044929,300,64,26,38,236,19,217,21.333333333333336,8.666666666666668,12.666666666666668,78.66666666666666,6.333333333333334,72.33333333333334
E00044930,365,63,29,34,302,37,265,17.26027397260274,7.9452054794520555,9.315068493150685,82.73972602739727,10.136986301369863,72.6027397260274
E00044931,402,96,63,33,306,33,273,23.88059701492537,15.671641791044777,8.208955223880597,76.11940298507463,8.208955223880597,67.91044776119402
E00044932,284,93,44,49,191,11,180,32.74647887323944,15.492957746478872,17.253521126760564,67.25352112676056,3.873239436619718,63.38028169014085
E00044933,264,80,48,32,184,17,167,30.303030303030305,18.181818181818183,12.121212121212121,69.6969696969697,6.4393939393939394,63.25757575757576
E00044934,291,121,58,63,170,12,158,41.580756013745706,19.93127147766323,21.649484536082475,58.4192439862543,4.123711340206185,54.29553264604811
E00044935,383,97,50,47,286,24,262,25.326370757180154,13.054830287206268,12.27154046997389,74.67362924281984,6.266318537859007,68.40731070496084
E00044936,314,100,50,50,214,19,195,31.84713375796178,15.92356687898089,15.92356687898089,68.15286624203821,6.050955414012739,62.101910828025474
E00044937,294,72,33,39,222,21,201,24.489795918367346,11.224489795918368,13.26530612244898,75.51020408163265,7.142857142857142,68.36734693877551
E00044938,229,64,25,39,165,15,150,27.947598253275107,10.91703056768559,17.03056768558952,72.0524017467249,6.550218340611353,65.50218340611353
E00044939,311,92,44,48,219,16,203,29.581993569131832,14.14790996784566,15.434083601286176,70.41800643086816,5.144694533762058,65.27331189710611
E00044940,327,90,42,48,237,21,216,27.522935779816514,12.844036697247708,14.678899082568808,72.47706422018348,6.422018348623854,66.05504587155964
E00044941,337,80,45,35,257,29,228,23.738872403560833,13.353115727002967,10.385756676557865,76.26112759643917,8.605341246290802,67.65578635014838
E00044942,273,53,26,27,220,16,204,19.413919413919416,9.523809523809524,9.89010989010989,80.58608058608058,5.86080586080586,74.72527472527473
E00044943,350,79,44,35,271,22,249,22.57142857142857,12.571428571428573,10,77.42857142857143,6.2857142857142865,71.14285714285714
E00044944,364,37,10,27,327,32,295,10.164835164835164,2.7472527472527473,7.417582417582418,89.83516483516483,8.791208791208792,81.04395604395604
E00044945,147,45,23,22,102,7,95,30.612244897959183,15.646258503401361,14.965986394557824,69.38775510204081,4.761904761904762,64.62585034013605
E00044946,178,52,24,28,126,9,117,29.213483146067414,13.48314606741573,15.730337078651685,70.78651685393258,5.056179775280898,65.73033707865169
E00044947,137,43,23,20,94,12,82,31.386861313868614,16.78832116788321,14.5985401459854,68.61313868613139,8.75912408759124,59.854014598540154
E00044948,307,70,32,38,237,17,220,22.80130293159609,10.423452768729643,12.37785016286645,77.19869706840392,5.537459283387622,71.66123778501628
E00044949,273,38,21,17,235,29,206,13.91941391941392,7.6923076923076925,6.227106227106227,86.08058608058609,10.622710622710622,75.45787545787546
E00044950,425,58,24,34,367,26,341,13.647058823529413,5.647058823529412,8,86.3529411764706,6.11764705882353,80.23529411764706
E00044951,265,54,20,34,211,17,194,20.37735849056604,7.547169811320755,12.830188679245284,79.62264150943396,6.415094339622642,73.20754716981132
E00044952,221,76,38,38,145,15,130,34.38914027149321,17.194570135746606,17.194570135746606,65.61085972850678,6.787330316742081,58.82352941176471
E00044953,279,76,37,39,203,23,180,27.24014336917563,13.261648745519713,13.978494623655912,72.75985663082437,8.24372759856631,64.51612903225806
E00044954,271,67,28,39,204,26,178,24.723247232472325,10.33210332103321,14.391143911439114,75.27675276752768,9.59409594095941,65.68265682656826
E00044955,274,53,27,26,221,17,204,19.34306569343066,9.854014598540147,9.48905109489051,80.65693430656934,6.204379562043796,74.45255474452554
E00044956,199,78,44,34,121,9,112,39.19597989949749,22.110552763819097,17.08542713567839,60.80402010050251,4.522613065326634,56.28140703517588
E00044957,234,62,32,30,172,20,152,26.495726495726498,13.675213675213676,12.82051282051282,73.50427350427351,8.547008547008547,64.95726495726495
E00044958,152,37,17,20,115,7,108,24.342105263157894,11.18421052631579,13.157894736842104,75.6578947368421,4.605263157894736,71.05263157894737
E00044959,314,72,38,34,242,27,215,22.929936305732486,12.101910828025478,10.828025477707007,77.07006369426752,8.598726114649681,68.47133757961782
E00044960,194,58,25,33,136,16,120,29.896907216494846,12.886597938144329,17.010309278350515,70.10309278350515,8.24742268041237,61.855670103092784
E00044961,263,69,30,39,194,22,172,26.23574144486692,11.406844106463879,14.82889733840304,73.76425855513308,8.365019011406844,65.39923954372624
E00044962,263,68,34,34,195,19,176,25.85551330798479,12.927756653992395,12.927756653992395,74.1444866920152,7.224334600760455,66.92015209125475
E00044963,399,73,38,35,326,20,306,18.295739348370926,9.523809523809524,8.771929824561402,81.70426065162907,5.012531328320802,76.69172932330827
E00044964,192,61,26,35,131,22,109,31.770833333333332,13.541666666666666,18.229166666666664,68.22916666666666,11.458333333333332,56.770833333333336
E00044965,251,68,30,38,183,14,169,27.091633466135455,11.952191235059761,15.139442231075698,72.90836653386454,5.577689243027888,67.33067729083665
E00044966,293,64,32,32,229,12,217,21.843003412969285,10.921501706484642,10.921501706484642,78.15699658703072,4.09556313993174,74.06143344709898
E00044967,251,56,23,33,195,12,183,22.31075697211155,9.163346613545817,13.147410358565736,77.68924302788844,4.780876494023905,72.90836653386454
E00044968,257,40,19,21,217,27,190,15.56420233463035,7.392996108949417,8.171206225680933,84.43579766536965,10.505836575875486,73.92996108949417
E00044969,306,79,34,45,227,18,209,25.816993464052292,11.11111111111111,14.705882352941178,74.18300653594771,5.88235294117647,68.30065359477125
E00044970,245,65,35,30,180,12,168,26.53061224489796,14.285714285714285,12.244897959183673,73.46938775510205,4.8979591836734695,68.57142857142857
E00044971,237,68,35,33,169,15,154,28.691983122362867,14.767932489451477,13.924050632911392,71.30801687763713,6.329113924050633,64.9789029535865
E00044972,263,83,39,44,180,15,165,31.55893536121673,14.82889733840304,16.730038022813687,68.44106463878326,5.7034220532319395,62.737642585551335
E00044973,223,47,28,19,176,16,160,21.076233183856502,12.556053811659194,8.520179372197308,78.9237668161435,7.174887892376682,71.74887892376681
E00044974,402,89,43,46,313,39,274,22.139303482587064,10.696517412935323,11.442786069651742,77.86069651741293,9.701492537313433,68.1592039800995
E00044975,261,86,43,43,175,19,156,32.95019157088122,16.47509578544061,16.47509578544061,67.04980842911877,7.2796934865900385,59.77011494252874
E00044976,234,70,34,36,164,18,146,29.914529914529915,14.529914529914532,15.384615384615385,70.08547008547008,7.6923076923076925,62.39316239316239
E00044977,321,84,47,37,237,21,216,26.168224299065418,14.641744548286603,11.526479750778815,73.83177570093457,6.5420560747663545,67.28971962616822
E00044978,277,70,28,42,207,16,191,25.27075812274368,10.108303249097473,15.162454873646208,74.72924187725631,5.776173285198556,68.95306859205776
E00044979,243,62,24,38,181,25,156,25.514403292181072,9.876543209876543,15.637860082304528,74.48559670781893,10.2880658436214,64.19753086419753
E00044980,312,136,88,48,176,22,154,43.58974358974359,28.205128205128204,15.384615384615385,56.41025641025641,7.051282051282051,49.358974358974365
E00044981,280,97,63,34,183,21,162,34.64285714285714,22.5,12.142857142857142,65.35714285714286,7.5,57.85714285714286
E00044982,266,77,41,36,189,16,173,28.947368421052634,15.413533834586465,13.533834586466165,71.05263157894737,6.015037593984962,65.0375939849624
E00044983,275,79,31,48,196,19,177,28.72727272727273,11.272727272727273,17.454545454545457,71.27272727272728,6.909090909090909,64.36363636363637
E00044984,236,84,40,44,152,18,134,35.59322033898305,16.94915254237288,18.64406779661017,64.40677966101694,7.627118644067797,56.779661016949156
E00044985,232,51,28,23,181,22,159,21.982758620689655,12.068965517241379,9.913793103448276,78.01724137931035,9.482758620689655,68.53448275862068
E00044986,308,63,21,42,245,20,225,20.454545454545457,6.8181818181818175,13.636363636363635,79.54545454545455,6.493506493506493,73.05194805194806
E00044987,277,88,50,38,189,18,171,31.768953068592058,18.050541516245488,13.718411552346572,68.23104693140795,6.4981949458483745,61.73285198555957
E00044988,245,80,40,40,165,16,149,32.6530612244898,16.3265306122449,16.3265306122449,67.3469387755102,6.530612244897959,60.816326530612244
E00044989,339,75,31,44,264,24,240,22.123893805309734,9.144542772861357,12.979351032448378,77.87610619469027,7.079646017699115,70.79646017699115
E00044990,256,66,31,35,190,26,164,25.78125,12.109375,13.671875,74.21875,10.15625,64.0625
E00044991,240,66,31,35,174,15,159,27.500000000000004,12.916666666666668,14.583333333333334,72.5,6.25,66.25
E00044992,276,53,16,37,223,23,200,19.202898550724637,5.797101449275362,13.405797101449277,80.79710144927536,8.333333333333332,72.46376811594203
E00044993,292,71,34,37,221,18,203,24.315068493150687,11.643835616438356,12.67123287671233,75.68493150684932,6.164383561643835,69.52054794520548
E00044994,329,54,25,29,275,34,241,16.41337386018237,7.598784194528875,8.814589665653495,83.58662613981764,10.33434650455927,73.25227963525836
E00044995,278,55,17,38,223,35,188,19.784172661870503,6.115107913669065,13.66906474820144,80.2158273381295,12.589928057553957,67.62589928057554
E00044996,241,71,22,49,170,17,153,29.460580912863072,9.12863070539419,20.33195020746888,70.53941908713693,7.053941908713693,63.48547717842323
E00044997,289,42,16,26,247,19,228,14.53287197231834,5.536332179930796,8.996539792387544,85.46712802768167,6.5743944636678195,78.89273356401384
E00044998,262,57,21,36,205,16,189,21.755725190839694,8.015267175572518,13.740458015267176,78.2442748091603,6.106870229007633,72.13740458015268
E00045000,281,55,19,36,226,20,206,19.572953736654807,6.761565836298933,12.811387900355871,80.42704626334519,7.11743772241993,73.30960854092527
E00045001,261,41,10,31,220,24,196,15.708812260536398,3.8314176245210727,11.877394636015326,84.2911877394636,9.195402298850574,75.09578544061303
E00045002,262,87,41,46,175,16,159,33.20610687022901,15.648854961832063,17.557251908396946,66.79389312977099,6.106870229007633,60.68702290076335
E00045003,214,62,31,31,152,9,143,28.971962616822427,14.485981308411214,14.485981308411214,71.02803738317756,4.205607476635514,66.82242990654206
E00045004,251,56,25,31,195,24,171,22.31075697211155,9.9601593625498,12.350597609561753,77.68924302788844,9.56175298804781,68.12749003984064
E00045005,242,48,21,27,194,28,166,19.834710743801654,8.677685950413224,11.15702479338843,80.16528925619835,11.570247933884298,68.59504132231406
E00045006,301,52,24,28,249,14,235,17.275747508305646,7.973421926910299,9.30232558139535,82.72425249169434,4.651162790697675,78.07308970099668
E00045007,334,82,42,40,252,30,222,24.550898203592812,12.574850299401197,11.976047904191617,75.44910179640718,8.982035928143713,66.46706586826348
E00045008,345,79,42,37,266,30,236,22.89855072463768,12.173913043478262,10.72463768115942,77.10144927536233,8.695652173913043,68.40579710144927
E00045009,266,48,16,32,218,18,200,18.045112781954884,6.015037593984962,12.030075187969924,81.95488721804512,6.7669172932330826,75.18796992481202
E00045010,286,55,21,34,231,23,208,19.230769230769234,7.3426573426573425,11.888111888111888,80.76923076923077,8.041958041958042,72.72727272727273
E00045011,221,55,31,24,166,12,154,24.8868778280543,14.027149321266968,10.85972850678733,75.1131221719457,5.429864253393665,69.68325791855203
E00045012,230,41,11,30,189,15,174,17.82608695652174,4.782608695652174,13.043478260869565,82.17391304347827,6.521739130434782,75.65217391304347
E00045013,317,55,20,35,262,26,236,17.350157728706623,6.309148264984227,11.041009463722396,82.64984227129337,8.201892744479496,74.44794952681389
E00045014,290,56,26,30,234,15,219,19.310344827586206,8.96551724137931,10.344827586206897,80.6896551724138,5.172413793103448,75.51724137931033
E00045015,263,57,23,34,206,12,194,21.673003802281368,8.745247148288973,12.927756653992395,78.32699619771863,4.562737642585551,73.76425855513308
E00045016,270,51,23,28,219,32,187,18.88888888888889,8.518518518518519,10.37037037037037,81.11111111111111,11.851851851851853,69.25925925925925
E00045017,264,59,24,35,205,15,190,22.348484848484848,9.090909090909092,13.257575757575758,77.65151515151516,5.681818181818182,71.96969696969697
E00045018,304,60,31,29,244,22,222,19.736842105263158,10.197368421052632,9.539473684210527,80.26315789473685,7.236842105263158,73.02631578947368
E00045019,254,80,31,49,174,13,161,31.496062992125985,12.204724409448819,19.291338582677163,68.50393700787401,5.118110236220472,63.38582677165354
E00045020,276,54,18,36,222,17,205,19.565217391304348,6.521739130434782,13.043478260869565,80.43478260869566,6.159420289855073,74.27536231884058
E00045021,260,36,16,20,224,30,194,13.846153846153847,6.153846153846154,7.6923076923076925,86.15384615384616,11.538461538461538,74.61538461538461
E00045022,297,92,48,44,205,28,177,30.976430976430976,16.161616161616163,14.814814814814813,69.02356902356902,9.427609427609427,59.59595959595959
E00045023,210,67,31,36,143,16,127,31.9047619047619,14.761904761904763,17.142857142857142,68.0952380952381,7.6190476190476195,60.476190476190474
E00045024,303,104,62,42,199,20,179,34.32343234323432,20.462046204620464,13.861386138613863,65.67656765676567,6.6006600660066,59.07590759075908
E00045025,241,36,14,22,205,30,175,14.937759336099585,5.809128630705394,9.12863070539419,85.06224066390041,12.448132780082988,72.61410788381743
E00045026,298,60,28,32,238,19,219,20.13422818791946,9.395973154362416,10.738255033557047,79.86577181208054,6.375838926174497,73.48993288590604
E00045027,242,79,44,35,163,11,152,32.64462809917356,18.181818181818183,14.46280991735537,67.35537190082644,4.545454545454546,62.8099173553719
E00045028,233,64,30,34,169,19,150,27.467811158798284,12.875536480686694,14.592274678111588,72.53218884120172,8.15450643776824,64.37768240343348
E00045029,287,73,41,32,214,31,183,25.435540069686414,14.285714285714285,11.149825783972126,74.56445993031359,10.801393728222997,63.76306620209059
E00045030,326,74,36,38,252,26,226,22.699386503067483,11.042944785276074,11.65644171779141,77.30061349693251,7.975460122699387,69.32515337423312
E00045031,337,68,35,33,269,21,248,20.178041543026705,10.385756676557865,9.792284866468842,79.82195845697329,6.231454005934718,73.59050445103857
E00045032,330,51,23,28,279,36,243,15.454545454545453,6.969696969696971,8.484848484848486,84.54545454545455,10.909090909090908,73.63636363636363
E00045033,232,62,36,26,170,15,155,26.72413793103448,15.517241379310345,11.206896551724139,73.27586206896551,6.4655172413793105,66.8103448275862
E00045034,230,71,42,29,159,16,143,30.869565217391305,18.26086956521739,12.608695652173912,69.1304347826087,6.956521739130435,62.17391304347826
E00045035,313,43,15,28,270,24,246,13.738019169329075,4.792332268370607,8.945686900958465,86.26198083067092,7.667731629392971,78.59424920127796
E00045036,301,63,20,43,238,30,208,20.930232558139537,6.64451827242525,14.285714285714285,79.06976744186046,9.966777408637874,69.10299003322258
E00045037,345,70,26,44,275,32,243,20.28985507246377,7.536231884057972,12.753623188405797,79.71014492753623,9.27536231884058,70.43478260869566
E00045038,587,71,30,41,516,42,474,12.095400340715502,5.110732538330494,6.984667802385008,87.9045996592845,7.155025553662692,80.7495741056218
E00045039,340,45,19,26,295,31,264,13.23529411764706,5.588235294117648,7.647058823529412,86.76470588235294,9.117647058823529,77.64705882352942
E00045040,236,64,30,34,172,29,143,27.11864406779661,12.711864406779661,14.40677966101695,72.88135593220339,12.288135593220339,60.59322033898306
E00045041,436,52,14,38,384,36,348,11.926605504587156,3.211009174311927,8.715596330275229,88.07339449541286,8.256880733944955,79.81651376146789
E00045042,304,61,31,30,243,17,226,20.065789473684212,10.197368421052632,9.868421052631579,79.93421052631578,5.592105263157895,74.3421052631579
E00045043,273,61,21,40,212,22,190,22.344322344322347,7.6923076923076925,14.652014652014653,77.65567765567766,8.058608058608058,69.59706959706959
E00045044,282,57,28,29,225,20,205,20.212765957446805,9.929078014184398,10.28368794326241,79.7872340425532,7.092198581560284,72.69503546099291
E00045045,540,134,85,49,406,32,374,24.814814814814813,15.74074074074074,9.074074074074074,75.18518518518519,5.9259259259259265,69.25925925925925
E00045046,247,59,24,35,188,30,158,23.88663967611336,9.7165991902834,14.17004048582996,76.11336032388664,12.145748987854251,63.96761133603239
E00045047,224,47,20,27,177,27,150,20.982142857142858,8.928571428571429,12.053571428571429,79.01785714285714,12.053571428571429,66.96428571428571
E00045048,281,43,20,23,238,23,215,15.302491103202847,7.11743772241993,8.185053380782918,84.69750889679716,8.185053380782918,76.51245551601423
E00045049,327,57,24,33,270,15,255,17.431192660550458,7.339449541284404,10.091743119266056,82.56880733944955,4.587155963302752,77.98165137614679
E00045050,264,60,30,30,204,13,191,22.727272727272727,11.363636363636363,11.363636363636363,77.27272727272727,4.924242424242424,72.34848484848484
E00045051,331,82,33,49,249,28,221,24.773413897280967,9.969788519637463,14.803625377643503,75.22658610271903,8.459214501510575,66.76737160120845
E00045052,244,70,39,31,174,24,150,28.688524590163933,15.983606557377051,12.704918032786885,71.31147540983606,9.836065573770492,61.47540983606557
E00045053,228,42,14,28,186,26,160,18.421052631578945,6.140350877192982,12.280701754385964,81.57894736842105,11.403508771929824,70.17543859649122
E00045054,294,83,38,45,211,19,192,28.2312925170068,12.925170068027212,15.306122448979592,71.7687074829932,6.462585034013606,65.3061224489796
E00045055,268,56,21,35,212,29,183,20.8955223880597,7.835820895522389,13.059701492537313,79.1044776119403,10.820895522388058,68.28358208955224
E00045056,286,72,35,37,214,22,192,25.174825174825177,12.237762237762238,12.937062937062937,74.82517482517483,7.6923076923076925,67.13286713286713
E00045057,298,69,28,41,229,20,209,23.154362416107382,9.395973154362416,13.758389261744966,76.84563758389261,6.7114093959731544,70.13422818791946
E00045058,222,43,20,23,179,13,166,19.36936936936937,9.00900900900901,10.36036036036036,80.63063063063063,5.8558558558558556,74.77477477477478
E00045059,306,70,25,45,236,23,213,22.875816993464053,8.169934640522875,14.705882352941178,77.12418300653596,7.516339869281046,69.6078431372549
E00045060,238,73,29,44,165,17,148,30.672268907563026,12.184873949579831,18.487394957983195,69.32773109243698,7.142857142857142,62.18487394957983
E00045061,252,74,26,48,178,19,159,29.365079365079367,10.317460317460316,19.047619047619047,70.63492063492063,7.5396825396825395,63.095238095238095
E00045062,250,54,22,32,196,15,181,21.6,8.799999999999999,12.8,78.4,6,72.39999999999999
E00045063,314,55,24,31,259,33,226,17.51592356687898,7.643312101910828,9.872611464968154,82.48407643312102,10.509554140127388,71.97452229299363
E00045064,311,47,18,29,264,19,245,15.112540192926044,5.787781350482315,9.32475884244373,84.88745980707395,6.109324758842444,78.77813504823152
E00045065,426,100,47,53,326,36,290,23.474178403755868,11.032863849765258,12.44131455399061,76.52582159624414,8.450704225352112,68.07511737089203
E00045066,256,49,20,29,207,20,187,19.140625,7.8125,11.328125,80.859375,7.8125,73.046875
E00045067,335,74,24,50,261,33,228,22.08955223880597,7.164179104477612,14.925373134328357,77.91044776119404,9.850746268656717,68.05970149253731
E00045068,258,65,32,33,193,24,169,25.1937984496124,12.4031007751938,12.790697674418606,74.8062015503876,9.30232558139535,65.50387596899225
E00045070,296,93,55,38,203,22,181,31.41891891891892,18.58108108108108,12.837837837837837,68.58108108108108,7.4324324324324325,61.14864864864865
E00045071,336,96,60,36,240,22,218,28.57142857142857,17.857142857142858,10.714285714285714,71.42857142857143,6.547619047619048,64.88095238095238
E00045072,322,66,27,39,256,24,232,20.496894409937887,8.385093167701864,12.111801242236025,79.5031055900621,7.453416149068323,72.04968944099379
E00045073,391,58,22,36,333,46,287,14.83375959079284,5.626598465473146,9.207161125319693,85.16624040920716,11.76470588235294,73.40153452685422
E00045074,282,44,18,26,238,36,202,15.602836879432624,6.382978723404255,9.219858156028367,84.39716312056737,12.76595744680851,71.63120567375887
E00045075,512,69,32,37,443,33,410,13.4765625,6.25,7.2265625,86.5234375,6.4453125,80.078125
E00045076,283,60,24,36,223,22,201,21.20141342756184,8.480565371024735,12.7208480565371,78.79858657243817,7.773851590106007,71.02473498233216
E00165666,417,102,44,58,315,17,298,24.46043165467626,10.551558752997602,13.908872901678656,75.53956834532374,4.07673860911271,71.46282973621103
E00165667,186,31,11,20,155,16,139,16.666666666666664,5.913978494623656,10.75268817204301,83.33333333333334,8.60215053763441,74.73118279569893
E00170199,166,9,0,9,157,9,148,5.421686746987952,0,5.421686746987952,94.57831325301204,5.421686746987952,89.1566265060241
E00170200,329,47,12,35,282,27,255,14.285714285714285,3.64741641337386,10.638297872340425,85.71428571428571,8.206686930091186,77.50759878419453
E00170201,111,19,14,5,92,6,86,17.117117117117118,12.612612612612612,4.504504504504505,82.88288288288288,5.405405405405405,77.47747747747748
E00170202,290,74,37,37,216,21,195,25.517241379310345,12.758620689655173,12.758620689655173,74.48275862068967,7.241379310344828,67.24137931034483
E00170203,232,96,53,43,136,17,119,41.37931034482759,22.844827586206897,18.53448275862069,58.620689655172406,7.327586206896551,51.293103448275865
E00170204,292,63,33,30,229,21,208,21.575342465753426,11.301369863013697,10.273972602739725,78.42465753424658,7.191780821917808,71.23287671232876
E00170205,201,33,15,18,168,11,157,16.417910447761194,7.462686567164178,8.955223880597014,83.5820895522388,5.472636815920398,78.1094527363184
E00170206,202,39,15,24,163,10,153,19.306930693069308,7.425742574257425,11.881188118811881,80.6930693069307,4.9504950495049505,75.74257425742574
E00170207,426,30,10,20,396,32,364,7.042253521126761,2.3474178403755865,4.694835680751173,92.95774647887323,7.511737089201878,85.44600938967136
E00170208,286,50,23,27,236,40,196,17.482517482517483,8.041958041958042,9.44055944055944,82.51748251748252,13.986013986013987,68.53146853146853
E00170209,325,29,10,19,296,18,278,8.923076923076923,3.076923076923077,5.846153846153846,91.07692307692308,5.538461538461538,85.53846153846155
E00170211,303,56,21,35,247,21,226,18.48184818481848,6.9306930693069315,11.55115511551155,81.51815181518151,6.9306930693069315,74.58745874587459
E00170212,489,52,25,27,437,42,395,10.633946830265849,5.112474437627812,5.521472392638037,89.36605316973414,8.588957055214724,80.77709611451944
E00170213,261,66,39,27,195,19,176,25.287356321839084,14.942528735632186,10.344827586206897,74.71264367816092,7.2796934865900385,67.43295019157088
E00170215,289,50,22,28,239,20,219,17.301038062283737,7.612456747404845,9.688581314878892,82.69896193771626,6.920415224913495,75.77854671280276
E00170216,387,73,36,37,314,33,281,18.863049095607234,9.30232558139535,9.560723514211885,81.13695090439276,8.527131782945736,72.60981912144703
E00170217,368,36,10,26,332,21,311,9.782608695652174,2.717391304347826,7.065217391304348,90.21739130434783,5.706521739130435,84.51086956521739
E00170218,201,31,8,23,170,7,163,15.422885572139302,3.9800995024875623,11.442786069651742,84.5771144278607,3.482587064676617,81.09452736318407
E00170219,247,56,32,24,191,13,178,22.672064777327936,12.955465587044534,9.7165991902834,77.32793522267207,5.263157894736842,72.06477732793523
E00170220,341,91,47,44,250,17,233,26.68621700879765,13.78299120234604,12.903225806451612,73.31378299120234,4.9853372434017595,68.32844574780059
E00170221,306,47,20,27,259,30,229,15.359477124183007,6.535947712418301,8.823529411764707,84.640522875817,9.803921568627452,74.83660130718954
E00170222,115,27,7,20,88,13,75,23.47826086956522,6.086956521739131,17.391304347826086,76.52173913043478,11.304347826086957,65.21739130434783
E00170223,204,31,15,16,173,16,157,15.196078431372548,7.352941176470589,7.8431372549019605,84.80392156862744,7.8431372549019605,76.9607843137255
E00170224,194,23,8,15,171,12,159,11.855670103092782,4.123711340206185,7.731958762886598,88.14432989690721,6.185567010309279,81.95876288659794
E00170225,330,103,55,48,227,19,208,31.212121212121215,16.666666666666664,14.545454545454545,68.78787878787878,5.757575757575758,63.030303030303024
E00170226,237,63,34,29,174,12,162,26.582278481012654,14.345991561181433,12.236286919831224,73.41772151898735,5.063291139240507,68.35443037974683
E00170227,201,45,17,28,156,12,144,22.388059701492537,8.45771144278607,13.930348258706468,77.61194029850746,5.970149253731343,71.64179104477611
E00170228,382,46,18,28,336,20,316,12.041884816753926,4.712041884816754,7.329842931937172,87.95811518324608,5.2356020942408374,82.72251308900523
E00170229,262,39,18,21,223,14,209,14.885496183206106,6.870229007633588,8.015267175572518,85.1145038167939,5.343511450381679,79.77099236641222
E00170230,300,40,8,32,260,11,249,13.333333333333334,2.666666666666667,10.666666666666668,86.66666666666667,3.6666666666666665,83
E00170231,301,62,23,39,239,22,217,20.59800664451827,7.641196013289036,12.956810631229235,79.40199335548172,7.308970099667775,72.09302325581395
E00170232,167,31,14,17,136,25,111,18.562874251497004,8.383233532934131,10.179640718562874,81.437125748502993,14.97005988023952,66.46706586826348
E00170233,314,34,13,21,280,18,262,10.828025477707007,4.140127388535031,6.687898089171974,89.171974522293,5.7324840764331215,83.43949044585987
E00170234,465,75,25,50,390,29,361,16.129032258064516,5.376344086021505,10.75268817204301,83.87096774193549,6.236559139784946,77.63440860215054
E00170235,619,123,64,59,496,46,450,19.87075928917609,10.339256865912763,9.531502423263328,80.12924071082391,7.431340872374798,72.6978998384491
E00170236,278,40,16,24,238,27,211,14.388489208633093,5.755395683453238,8.633093525179856,85.61151079136691,9.712230215827338,75.89928057553958
E00170237,232,66,39,27,166,17,149,28.448275862068968,16.810344827586206,11.637931034482758,71.55172413793103,7.327586206896551,64.22413793103449
E00170238,143,78,49,29,65,10,55,54.54545454545454,34.26573426573427,20.27972027972028,45.45454545454545,6.993006993006993,38.46153846153847
E00170239,349,82,39,43,267,25,242,23.49570200573066,11.174785100286533,12.320916905444127,76.50429799426934,7.163323782234957,69.34097421203438
E00170240,606,76,31,45,530,29,501,12.541254125412541,5.115511551155116,7.425742574257425,87.45874587458746,4.785478547854786,82.67326732673267
E00170241,533,131,62,69,402,31,371,24.577861163227016,11.632270168855536,12.94559099437148,75.42213883677297,5.816135084427768,69.60600375234522
E00170244,218,70,35,35,148,12,136,32.11009174311927,16.055045871559635,16.055045871559635,67.88990825688074,5.5045871559633035,62.38532110091744
E00170245,337,92,43,49,245,22,223,27.299703264094955,12.759643916913946,14.540059347181009,72.70029673590504,6.528189910979229,66.17210682492582
E00170247,558,147,80,67,411,28,383,26.344086021505376,14.336917562724013,12.007168458781361,73.65591397849462,5.017921146953405,68.63799283154121
E00170248,265,45,24,21,220,24,196,16.9811320754717,9.056603773584905,7.9245283018867925,83.01886792452831,9.056603773584905,73.9622641509434
E00182865,311,77,38,39,234,15,219,24.758842443729904,12.218649517684888,12.540192926045016,75.2411575562701,4.823151125401929,70.41800643086816
E00182866,564,45,19,26,519,27,492,7.9787234042553195,3.368794326241135,4.609929078014184,92.02127659574468,4.787234042553192,87.2340425531915
E00182867,151,10,2,8,141,9,132,6.622516556291391,1.3245033112582782,5.298013245033113,93.37748344370861,5.960264900662252,87.41721854304636
E00182868,427,42,17,25,385,27,358,9.836065573770492,3.9812646370023423,5.85480093676815,90.1639344262295,6.323185011709602,83.8407494145199
E00182869,335,30,11,19,305,15,290,8.955223880597014,3.2835820895522385,5.6716417910447765,91.04477611940298,4.477611940298507,86.56716417910447
E00182870,158,43,17,26,115,9,106,27.21518987341772,10.759493670886076,16.455696202531644,72.78481012658227,5.69620253164557,67.08860759493672
E00182871,248,65,35,30,183,9,174,26.209677419354836,14.112903225806454,12.096774193548388,73.79032258064517,3.6290322580645165,70.16129032258065
E00182873,402,43,18,25,359,20,339,10.696517412935323,4.477611940298507,6.218905472636816,89.30348258706468,4.975124378109453,84.32835820895522
E00182874,130,11,5,6,119,9,110,8.461538461538462,3.8461538461538463,4.615384615384616,91.53846153846153,6.923076923076923,84.61538461538461
E00182875,521,39,12,27,482,44,438,7.485604606525912,2.3032629558541267,5.182341650671785,92.51439539347409,8.445297504798464,84.06909788867563
E00182878,420,165,95,70,255,13,242,39.285714285714285,22.61904761904762,16.666666666666664,60.71428571428571,3.0952380952380953,57.61904761904761
E00182879,321,25,8,17,296,22,274,7.78816199376947,2.4922118380062304,5.29595015576324,92.21183800623052,6.853582554517133,85.35825545171339
E00182880,224,51,31,20,173,16,157,22.767857142857142,13.839285714285715,8.928571428571429,77.23214285714286,7.142857142857142,70.08928571428571
E00182881,493,142,80,62,351,23,328,28.803245436105477,16.227180527383368,12.57606490872211,71.19675456389453,4.665314401622718,66.5314401622718
E00182883,522,58,13,45,464,26,438,11.11111111111111,2.490421455938697,8.620689655172415,88.88888888888889,4.980842911877394,83.9080459770115
E00182884,238,13,1,12,225,19,206,5.46218487394958,0.42016806722689076,5.042016806722689,94.53781512605042,7.9831932773109235,86.5546218487395
E00182888,379,26,11,15,353,24,329,6.860158311345646,2.9023746701846966,3.95778364116095,93.13984168865436,6.33245382585752,86.80738786279683
E00182890,589,39,6,33,550,49,501,6.621392190152801,1.0186757215619695,5.602716468590832,93.3786078098472,8.31918505942275,85.05942275042445
E00182891,216,18,8,10,198,18,180,8.333333333333332,3.7037037037037033,4.62962962962963,91.66666666666666,8.333333333333332,83.33333333333334
E00182892,319,99,59,40,220,18,202,31.03448275862069,18.495297805642632,12.539184952978054,68.96551724137932,5.6426332288401255,63.322884012539184
E00182894,421,122,71,51,299,19,280,28.978622327790976,16.864608076009503,12.114014251781473,71.02137767220903,4.513064133016627,66.5083135391924
E00182899,151,100,86,14,51,6,45,66.22516556291392,56.95364238410596,9.271523178807946,33.77483443708609,3.9735099337748347,29.80132450331126
E00182901,205,49,19,30,156,22,134,23.902439024390244,9.268292682926829,14.634146341463413,76.09756097560975,10.731707317073171,65.3658536585366
E00182902,154,18,4,14,136,8,128,11.688311688311687,2.5974025974025974,9.090909090909092,88.31168831168831,5.194805194805195,83.11688311688312
E00182903,344,31,5,26,313,24,289,9.011627906976743,1.4534883720930232,7.55813953488372,90.98837209302324,6.976744186046512,84.01162790697676
E00182904,329,40,14,26,289,32,257,12.158054711246201,4.25531914893617,7.90273556231003,87.84194528875379,9.72644376899696,78.11550151975683
E00182905,128,33,11,22,95,8,87,25.78125,8.59375,17.1875,74.21875,6.25,67.96875
E00182906,202,79,43,36,123,9,114,39.10891089108911,21.287128712871286,17.82178217821782,60.89108910891089,4.455445544554455,56.43564356435643
E00182908,519,68,18,50,451,31,420,13.102119460500964,3.4682080924855487,9.633911368015415,86.89788053949904,5.973025048169557,80.92485549132948
E00182909,387,46,22,24,341,32,309,11.886304909560723,5.684754521963824,6.2015503875969,88.11369509043928,8.2687338501292,79.84496124031007
E00182910,251,50,24,26,201,21,180,19.9203187250996,9.56175298804781,10.358565737051793,80.0796812749004,8.366533864541832,71.71314741035857
E00182912,512,84,21,63,428,35,393,16.40625,4.1015625,12.3046875,83.59375,6.8359375,76.7578125
E00182917,271,66,36,30,205,11,194,24.354243542435423,13.284132841328415,11.07011070110701,75.64575645756457,4.059040590405904,71.58671586715867
E00182918,250,140,105,35,110,7,103,56.00000000000001,42,14.000000000000002,44,2.8000000000000003,41.199999999999996
E00182919,244,55,28,27,189,14,175,22.540983606557376,11.475409836065573,11.065573770491802,77.45901639344262,5.737704918032787,71.72131147540983
E00182920,212,19,5,14,193,18,175,8.962264150943396,2.358490566037736,6.60377358490566,91.0377358490566,8.49056603773585,82.54716981132076
E00182921,119,32,19,13,87,5,82,26.89075630252101,15.966386554621847,10.92436974789916,73.10924369747899,4.201680672268908,68.90756302521008
E00182922,484,40,12,28,444,31,413,8.264462809917356,2.479338842975207,5.785123966942149,91.73553719008265,6.40495867768595,85.3305785123967
E00182923,232,52,23,29,180,16,164,22.413793103448278,9.913793103448276,12.5,77.58620689655173,6.896551724137931,70.6896551724138
E00182924,133,17,6,11,116,15,101,12.781954887218044,4.511278195488721,8.270676691729323,87.21804511278195,11.278195488721805,75.93984962406014
E00182925,128,29,16,13,99,6,93,22.65625,12.5,10.15625,77.34375,4.6875,72.65625
