OA,ts0590001,ts0590002,ts0590003,ts0590004,ts0590005,ts0590006,ts0590007,ts0590002_PCT,ts0590003_PCT,ts0590004_PCT,ts0590005_PCT,ts0590006_PCT,ts0590007_PCT
E00044139,90,33,11,22,57,51,6,36.666666666666664,12.222222222222221,24.444444444444443,63.33333333333333,56.666666666666664,6.666666666666667
E00044140,175,53,15,38,122,107,15,30.28571428571429,8.571428571428571,21.714285714285715,69.71428571428572,61.142857142857146,8.571428571428571
E00044141,120,34,7,27,86,78,8,28.333333333333332,5.833333333333333,22.5,71.66666666666667,65,6.666666666666667
E00044142,129,50,19,31,79,75,4,38.759689922480625,14.728682170542637,24.031007751937985,61.240310077519375,58.139534883720934,3.10077519379845
E00044143,141,37,10,27,104,96,8,26.24113475177305,7.092198581560284,19.148936170212767,73.75886524822694,68.08510638297872,5.673758865248227
E00044144,78,21,7,14,57,50,7,26.923076923076923,8.974358974358974,17.94871794871795,73.07692307692307,64.1025641025641,8.974358974358974
E00044145,122,40,9,31,82,74,8,32.78688524590164,7.377049180327869,25.40983606557377,67.21311475409836,60.65573770491803,6.557377049180328
E00044146,152,62,17,45,90,88,2,40.78947368421053,11.18421052631579,29.605263157894733,59.210526315789465,57.89473684210527,1.3157894736842104
E00044147,76,35,9,26,41,40,1,46.05263157894737,11.842105263157894,34.21052631578947,53.94736842105263,52.63157894736842,1.3157894736842104
E00044148,136,33,7,26,103,94,9,24.264705882352942,5.147058823529411,19.11764705882353,75.73529411764706,69.11764705882352,6.61764705882353
E00044149,98,31,4,27,67,61,6,31.63265306122449,4.081632653061225,27.55102040816326,68.36734693877551,62.244897959183675,6.122448979591836
E00044150,91,33,8,25,58,47,11,36.26373626373626,8.791208791208792,27.472527472527474,63.73626373626373,51.64835164835166,12.087912087912088
E00044151,196,54,15,39,142,127,15,27.55102040816326,7.653061224489796,19.897959183673468,72.44897959183673,64.79591836734694,7.653061224489796
E00044152,110,35,9,26,75,66,9,31.818181818181817,8.181818181818182,23.636363636363637,68.18181818181817,60,8.181818181818182
E00044153,158,45,13,32,113,100,13,28.48101265822785,8.227848101265822,20.253164556962027,71.51898734177216,63.29113924050633,8.227848101265822
E00044154,94,31,12,19,63,63,0,32.97872340425532,12.76595744680851,20.212765957446805,67.02127659574468,67.02127659574468,0
E00044155,64,20,5,15,44,41,3,31.25,7.8125,23.4375,68.75,64.0625,4.6875
E00044156,117,36,8,28,81,69,12,30.76923076923077,6.837606837606838,23.931623931623932,69.23076923076923,58.97435897435898,10.256410256410255
E00044157,131,35,9,26,96,90,6,26.717557251908396,6.870229007633588,19.84732824427481,73.2824427480916,68.70229007633588,4.580152671755725
E00044158,107,44,10,34,63,57,6,41.1214953271028,9.345794392523365,31.775700934579437,58.87850467289719,53.271028037383175,5.607476635514018
E00044159,129,32,8,24,97,85,12,24.8062015503876,6.2015503875969,18.6046511627907,75.1937984496124,65.89147286821705,9.30232558139535
E00044160,135,38,7,31,97,90,7,28.14814814814815,5.185185185185185,22.962962962962962,71.85185185185186,66.66666666666666,5.185185185185185
E00044161,157,39,13,26,118,104,14,24.840764331210192,8.280254777070063,16.560509554140125,75.15923566878982,66.2420382165605,8.9171974522293
E00044162,137,43,16,27,94,87,7,31.386861313868614,11.678832116788321,19.708029197080293,68.61313868613139,63.503649635036496,5.109489051094891
E00044163,90,29,6,23,61,54,7,32.22222222222222,6.666666666666667,25.555555555555554,67.77777777777779,60,7.777777777777778
E00044164,127,40,9,31,87,82,5,31.496062992125985,7.086614173228346,24.409448818897637,68.50393700787401,64.56692913385827,3.937007874015748
E00044165,191,55,17,38,136,125,11,28.79581151832461,8.900523560209423,19.895287958115183,71.20418848167539,65.44502617801047,5.7591623036649215
E00044166,84,27,6,21,57,52,5,32.142857142857146,7.142857142857142,25,67.85714285714286,61.904761904761905,5.952380952380952
E00044167,86,26,6,20,60,53,7,30.23255813953488,6.976744186046512,23.25581395348837,69.76744186046511,61.627906976744185,8.13953488372093
E00044168,56,13,2,11,43,37,6,23.214285714285715,3.571428571428571,19.642857142857142,76.78571428571429,66.07142857142857,10.714285714285714
E00044169,114,37,14,23,77,70,7,32.45614035087719,12.280701754385964,20.175438596491226,67.54385964912281,61.40350877192983,6.140350877192982
E00044170,123,35,7,28,88,79,9,28.455284552845526,5.691056910569105,22.76422764227642,71.54471544715447,64.22764227642277,7.317073170731707
E00044171,97,27,5,22,70,60,10,27.835051546391753,5.154639175257731,22.68041237113402,72.16494845360825,61.855670103092784,10.309278350515463
E00044172,126,39,13,26,87,79,8,30.952380952380953,10.317460317460316,20.634920634920633,69.04761904761905,62.698412698412696,6.349206349206349
E00044173,118,40,13,27,78,71,7,33.89830508474576,11.016949152542372,22.88135593220339,66.10169491525424,60.16949152542372,5.932203389830509
E00044174,75,23,2,21,52,51,1,30.666666666666664,2.666666666666667,28.000000000000004,69.33333333333334,68,1.3333333333333335
E00044175,121,46,16,30,75,71,4,38.01652892561984,13.223140495867769,24.793388429752067,61.98347107438017,58.67768595041323,3.3057851239669422
E00044176,59,29,6,23,30,29,1,49.152542372881356,10.16949152542373,38.983050847457626,50.847457627118644,49.152542372881356,1.694915254237288
E00044177,148,42,14,28,106,96,10,28.37837837837838,9.45945945945946,18.91891891891892,71.62162162162163,64.86486486486487,6.756756756756757
E00044178,98,35,11,24,63,56,7,35.714285714285715,11.224489795918368,24.489795918367346,64.28571428571429,57.14285714285714,7.142857142857142
E00044179,44,11,5,6,33,29,4,25,11.363636363636363,13.636363636363635,75,65.9090909090909,9.090909090909092
E00044180,31,10,1,9,21,20,1,32.25806451612903,3.225806451612903,29.03225806451613,67.74193548387096,64.51612903225806,3.225806451612903
E00044181,82,36,10,26,46,39,7,43.90243902439025,12.195121951219512,31.70731707317073,56.09756097560976,47.5609756097561,8.536585365853659
E00044182,96,31,8,23,65,65,0,32.29166666666667,8.333333333333332,23.958333333333336,67.70833333333334,67.70833333333334,0
E00044183,98,35,7,28,63,60,3,35.714285714285715,7.142857142857142,28.57142857142857,64.28571428571429,61.224489795918366,3.061224489795918
E00044185,152,44,12,32,108,99,9,28.947368421052634,7.894736842105263,21.052631578947366,71.05263157894737,65.13157894736842,5.921052631578947
E00044187,106,33,14,19,73,69,4,31.132075471698112,13.20754716981132,17.92452830188679,68.86792452830188,65.09433962264151,3.7735849056603774
E00044188,82,42,17,25,40,35,5,51.21951219512195,20.73170731707317,30.48780487804878,48.78048780487805,42.68292682926829,6.097560975609756
E00044189,110,35,9,26,75,75,0,31.818181818181817,8.181818181818182,23.636363636363637,68.18181818181817,68.18181818181817,0
E00044190,138,42,14,28,96,86,10,30.434782608695656,10.144927536231885,20.28985507246377,69.56521739130434,62.31884057971014,7.246376811594203
E00044191,185,108,43,65,77,69,8,58.37837837837838,23.243243243243246,35.13513513513514,41.62162162162162,37.2972972972973,4.324324324324325
E00044193,125,47,21,26,78,71,7,37.6,16.8,20.8,62.4,56.8,5.6000000000000005
E00044194,95,37,13,24,58,55,3,38.94736842105263,13.684210526315791,25.263157894736842,61.05263157894737,57.89473684210527,3.1578947368421053
E00044195,23,8,2,6,15,14,1,34.78260869565217,8.695652173913043,26.08695652173913,65.21739130434783,60.86956521739131,4.3478260869565215
E00044196,117,42,12,30,75,69,6,35.8974358974359,10.256410256410255,25.64102564102564,64.1025641025641,58.97435897435898,5.128205128205128
E00044197,98,35,8,27,63,57,6,35.714285714285715,8.16326530612245,27.55102040816326,64.28571428571429,58.16326530612245,6.122448979591836
E00044198,99,36,9,27,63,55,8,36.36363636363637,9.090909090909092,27.27272727272727,63.63636363636363,55.55555555555556,8.080808080808081
E00044199,70,29,7,22,41,40,1,41.42857142857143,10,31.428571428571427,58.57142857142858,57.14285714285714,1.4285714285714286
E00044200,151,66,18,48,85,79,6,43.70860927152318,11.920529801324504,31.788079470198678,56.29139072847682,52.317880794701985,3.9735099337748347
E00044201,128,46,10,36,82,73,9,35.9375,7.8125,28.125,64.0625,57.03125,7.03125
E00044202,143,52,13,39,91,82,9,36.36363636363637,9.090909090909092,27.27272727272727,63.63636363636363,57.34265734265735,6.293706293706294
E00044203,97,28,12,16,69,64,5,28.865979381443296,12.371134020618557,16.49484536082474,71.1340206185567,65.97938144329896,5.154639175257731
E00044204,113,54,22,32,59,52,7,47.78761061946903,19.469026548672566,28.31858407079646,52.21238938053098,46.017699115044245,6.1946902654867255
E00044205,132,51,18,33,81,72,9,38.63636363636363,13.636363636363635,25,61.36363636363637,54.54545454545454,6.8181818181818175
E00044206,126,42,12,30,84,77,7,33.33333333333333,9.523809523809524,23.809523809523807,66.66666666666666,61.111111111111114,5.555555555555555
E00044207,102,32,12,20,70,66,4,31.372549019607842,11.76470588235294,19.607843137254903,68.62745098039215,64.70588235294117,3.9215686274509802
E00044208,129,44,14,30,85,80,5,34.10852713178294,10.852713178294573,23.25581395348837,65.89147286821705,62.01550387596899,3.875968992248062
E00044209,128,51,11,40,77,69,8,39.84375,8.59375,31.25,60.15625,53.90625,6.25
E00044210,102,33,8,25,69,64,5,32.35294117647059,7.8431372549019605,24.509803921568626,67.64705882352942,62.745098039215684,4.901960784313726
E00044211,59,20,9,11,39,32,7,33.89830508474576,15.254237288135593,18.64406779661017,66.10169491525424,54.23728813559322,11.864406779661017
E00044212,80,28,12,16,52,46,6,35,15,20,65,57.49999999999999,7.5
E00044213,159,48,9,39,111,105,6,30.18867924528302,5.660377358490567,24.528301886792452,69.81132075471697,66.0377358490566,3.7735849056603774
E00044214,140,41,15,26,99,85,14,29.28571428571429,10.714285714285714,18.571428571428573,70.71428571428572,60.71428571428571,10
E00044216,67,27,7,20,40,39,1,40.298507462686565,10.44776119402985,29.850746268656714,59.70149253731343,58.2089552238806,1.4925373134328357
E00044217,71,31,8,23,40,35,5,43.66197183098591,11.267605633802818,32.3943661971831,56.33802816901409,49.29577464788733,7.042253521126761
E00044218,142,39,10,29,103,91,12,27.464788732394368,7.042253521126761,20.422535211267608,72.53521126760563,64.08450704225352,8.450704225352112
E00044219,137,30,7,23,107,91,16,21.897810218978105,5.109489051094891,16.78832116788321,78.1021897810219,66.42335766423358,11.678832116788321
E00044220,149,36,10,26,113,101,12,24.161073825503358,6.7114093959731544,17.449664429530202,75.83892617449665,67.78523489932886,8.053691275167784
E00044221,69,22,7,15,47,46,1,31.88405797101449,10.144927536231885,21.73913043478261,68.11594202898551,66.66666666666666,1.4492753623188406
E00044222,196,60,11,49,136,125,11,30.612244897959183,5.612244897959184,25,69.38775510204081,63.775510204081634,5.612244897959184
E00044224,152,44,10,34,108,99,9,28.947368421052634,6.578947368421052,22.36842105263158,71.05263157894737,65.13157894736842,5.921052631578947
E00044226,186,48,18,30,138,125,13,25.806451612903224,9.67741935483871,16.129032258064516,74.19354838709677,67.20430107526882,6.989247311827956
E00044227,90,26,10,16,64,56,8,28.888888888888886,11.11111111111111,17.77777777777778,71.11111111111111,62.22222222222222,8.88888888888889
E00044228,76,24,6,18,52,48,4,31.57894736842105,7.894736842105263,23.684210526315788,68.42105263157895,63.1578947368421,5.263157894736842
E00044230,53,20,3,17,33,30,3,37.735849056603776,5.660377358490567,32.075471698113205,62.264150943396224,56.60377358490566,5.660377358490567
E00044231,66,17,2,15,49,47,2,25.757575757575758,3.0303030303030303,22.727272727272727,74.24242424242425,71.21212121212122,3.0303030303030303
E00044232,100,42,12,30,58,57,1,42,12,30,57.99999999999999,56.99999999999999,1
E00044233,97,42,12,30,55,48,7,43.29896907216495,12.371134020618557,30.927835051546392,56.70103092783505,49.48453608247423,7.216494845360824
E00044234,136,41,11,30,95,88,7,30.14705882352941,8.088235294117647,22.058823529411764,69.85294117647058,64.70588235294117,5.147058823529411
E00044235,65,16,4,12,49,47,2,24.615384615384617,6.153846153846154,18.461538461538463,75.38461538461539,72.3076923076923,3.076923076923077
E00044236,181,56,22,34,125,103,22,30.939226519337016,12.154696132596685,18.784530386740332,69.06077348066299,56.9060773480663,12.154696132596685
E00044237,125,45,12,33,80,66,14,36,9.6,26.400000000000002,64,52.800000000000004,11.200000000000001
E00044238,135,31,12,19,104,90,14,22.962962962962962,8.88888888888889,14.074074074074074,77.03703703703704,66.66666666666666,10.37037037037037
E00044239,108,38,5,33,70,65,5,35.18518518518518,4.62962962962963,30.555555555555557,64.81481481481481,60.18518518518518,4.62962962962963
E00044240,141,44,10,34,97,85,12,31.20567375886525,7.092198581560284,24.113475177304963,68.79432624113475,60.28368794326241,8.51063829787234
E00044241,161,38,10,28,123,102,21,23.60248447204969,6.211180124223603,17.391304347826086,76.3975155279503,63.35403726708074,13.043478260869565
E00044242,221,54,18,36,167,144,23,24.43438914027149,8.144796380090497,16.289592760180994,75.56561085972851,65.15837104072398,10.407239819004525
E00044243,130,28,11,17,102,87,15,21.53846153846154,8.461538461538462,13.076923076923078,78.46153846153847,66.92307692307692,11.538461538461538
E00044244,106,27,7,20,79,69,10,25.471698113207548,6.60377358490566,18.867924528301888,74.52830188679245,65.09433962264151,9.433962264150944
E00044245,253,66,19,47,187,159,28,26.08695652173913,7.5098814229249005,18.57707509881423,73.91304347826086,62.845849802371546,11.067193675889328
E00044246,113,37,11,26,76,63,13,32.743362831858406,9.734513274336283,23.008849557522122,67.2566371681416,55.75221238938053,11.504424778761061
E00044247,189,47,18,29,142,117,25,24.867724867724867,9.523809523809524,15.343915343915343,75.13227513227513,61.904761904761905,13.227513227513226
E00044248,129,29,11,18,100,88,12,22.48062015503876,8.527131782945736,13.953488372093023,77.51937984496125,68.21705426356588,9.30232558139535
E00044249,116,30,6,24,86,77,9,25.862068965517242,5.172413793103448,20.689655172413794,74.13793103448276,66.37931034482759,7.758620689655173
E00044250,100,29,11,18,71,57,14,28.999999999999996,11,18,71,56.99999999999999,14.000000000000002
E00044251,101,35,20,15,66,65,1,34.65346534653465,19.801980198019802,14.85148514851485,65.34653465346535,64.35643564356435,0.9900990099009901
E00044252,136,41,15,26,95,77,18,30.14705882352941,11.029411764705882,19.11764705882353,69.85294117647058,56.61764705882353,13.23529411764706
E00044253,126,39,2,37,87,79,8,30.952380952380953,1.5873015873015872,29.365079365079367,69.04761904761905,62.698412698412696,6.349206349206349
E00044254,86,19,5,14,67,67,0,22.093023255813954,5.813953488372093,16.27906976744186,77.90697674418605,77.90697674418605,0
E00044256,158,33,4,29,125,101,24,20.88607594936709,2.5316455696202533,18.354430379746837,79.11392405063292,63.92405063291139,15.18987341772152
E00044257,115,29,7,22,86,78,8,25.217391304347824,6.086956521739131,19.130434782608695,74.78260869565217,67.82608695652173,6.956521739130435
E00044259,97,26,5,21,71,63,8,26.804123711340207,5.154639175257731,21.649484536082475,73.19587628865979,64.94845360824742,8.24742268041237
E00044260,99,31,10,21,68,63,5,31.313131313131315,10.1010101010101,21.21212121212121,68.68686868686868,63.63636363636363,5.05050505050505
E00044261,117,42,13,29,75,63,12,35.8974358974359,11.11111111111111,24.786324786324787,64.1025641025641,53.84615384615385,10.256410256410255
E00044262,102,34,11,23,68,60,8,33.33333333333333,10.784313725490197,22.54901960784314,66.66666666666666,58.82352941176471,7.8431372549019605
E00044263,130,31,12,19,99,83,16,23.846153846153847,9.230769230769232,14.615384615384617,76.15384615384615,63.84615384615384,12.307692307692308
E00044264,101,41,9,32,60,55,5,40.5940594059406,8.91089108910891,31.683168316831683,59.4059405940594,54.45544554455446,4.9504950495049505
E00044265,107,42,13,29,65,58,7,39.25233644859813,12.149532710280374,27.102803738317753,60.747663551401864,54.20560747663551,6.5420560747663545
E00044266,94,31,4,27,63,58,5,32.97872340425532,4.25531914893617,28.723404255319153,67.02127659574468,61.702127659574465,5.319148936170213
E00044267,100,31,10,21,69,61,8,31,10,21,69,61,8
E00044268,228,52,10,42,176,146,30,22.807017543859647,4.385964912280701,18.421052631578945,77.19298245614034,64.03508771929825,13.157894736842104
E00044269,102,38,22,16,64,43,21,37.254901960784316,21.568627450980394,15.686274509803921,62.745098039215684,42.15686274509804,20.588235294117645
E00044270,103,29,7,22,74,61,13,28.155339805825243,6.796116504854369,21.35922330097087,71.84466019417476,59.22330097087378,12.62135922330097
E00044271,133,38,7,31,95,84,11,28.57142857142857,5.263157894736842,23.308270676691727,71.42857142857143,63.1578947368421,8.270676691729323
E00044272,111,40,12,28,71,63,8,36.03603603603604,10.81081081081081,25.225225225225223,63.96396396396396,56.75675675675676,7.207207207207207
E00044273,97,40,9,31,57,52,5,41.23711340206185,9.278350515463918,31.958762886597935,58.76288659793815,53.608247422680414,5.154639175257731
E00044275,141,44,12,32,97,87,10,31.20567375886525,8.51063829787234,22.69503546099291,68.79432624113475,61.702127659574465,7.092198581560284
E00044276,56,18,5,13,38,32,6,32.142857142857146,8.928571428571429,23.214285714285715,67.85714285714286,57.14285714285714,10.714285714285714
E00044278,191,48,10,38,143,133,10,25.13089005235602,5.2356020942408374,19.895287958115183,74.86910994764398,69.63350785340315,5.2356020942408374
E00044279,154,39,8,31,115,100,15,25.324675324675322,5.194805194805195,20.12987012987013,74.67532467532467,64.93506493506493,9.740259740259742
E00044281,129,36,7,29,93,85,8,27.906976744186046,5.426356589147287,22.48062015503876,72.09302325581395,65.89147286821705,6.2015503875969
E00044283,108,32,10,22,76,72,4,29.629629629629626,9.25925925925926,20.37037037037037,70.37037037037037,66.66666666666666,3.7037037037037033
E00044284,131,31,7,24,100,88,12,23.66412213740458,5.343511450381679,18.3206106870229,76.33587786259542,67.17557251908397,9.16030534351145
E00044285,151,40,11,29,111,100,11,26.490066225165563,7.28476821192053,19.205298013245034,73.50993377483444,66.22516556291392,7.28476821192053
E00044286,129,43,14,29,86,73,13,33.33333333333333,10.852713178294573,22.48062015503876,66.66666666666666,56.58914728682171,10.077519379844961
E00044287,142,43,10,33,99,85,14,30.28169014084507,7.042253521126761,23.239436619718308,69.71830985915493,59.859154929577464,9.859154929577464
E00044288,109,41,16,25,68,64,4,37.61467889908257,14.678899082568808,22.93577981651376,62.38532110091744,58.71559633027523,3.669724770642202
E00044289,127,37,10,27,90,83,7,29.133858267716533,7.874015748031496,21.25984251968504,70.86614173228347,65.35433070866141,5.511811023622047
E00044290,120,27,6,21,93,87,6,22.5,5,17.5,77.5,72.5,5
E00044291,146,33,9,24,113,106,7,22.602739726027394,6.164383561643835,16.43835616438356,77.3972602739726,72.6027397260274,4.794520547945205
E00044292,90,22,11,11,68,67,1,24.444444444444443,12.222222222222221,12.222222222222221,75.55555555555556,74.44444444444444,1.1111111111111112
E00044293,88,26,9,17,62,53,9,29.545454545454547,10.227272727272728,19.318181818181817,70.45454545454545,60.22727272727273,10.227272727272728
E00044294,160,45,16,29,115,94,21,28.125,10,18.125,71.875,58.75,13.125
E00044295,110,25,8,17,85,74,11,22.727272727272727,7.2727272727272725,15.454545454545453,77.27272727272727,67.27272727272727,10
E00044296,123,27,8,19,96,84,12,21.951219512195124,6.504065040650407,15.447154471544716,78.04878048780488,68.29268292682927,9.75609756097561
E00044297,161,42,6,36,119,109,10,26.08695652173913,3.7267080745341614,22.36024844720497,73.91304347826086,67.70186335403726,6.211180124223603
E00044298,114,34,7,27,80,72,8,29.82456140350877,6.140350877192982,23.684210526315788,70.17543859649122,63.1578947368421,7.017543859649122
E00044299,134,45,12,33,89,82,7,33.582089552238806,8.955223880597014,24.62686567164179,66.4179104477612,61.19402985074627,5.223880597014925
E00044300,139,39,12,27,100,83,17,28.05755395683453,8.633093525179856,19.424460431654676,71.94244604316546,59.71223021582733,12.23021582733813
E00044301,214,65,26,39,149,125,24,30.373831775700932,12.149532710280374,18.22429906542056,69.62616822429906,58.41121495327103,11.214953271028037
E00044302,161,58,22,36,103,77,26,36.024844720496894,13.664596273291925,22.36024844720497,63.975155279503106,47.82608695652174,16.149068322981368
E00044303,140,33,10,23,107,98,9,23.57142857142857,7.142857142857142,16.428571428571427,76.42857142857142,70,6.428571428571428
E00044304,142,39,10,29,103,94,9,27.464788732394368,7.042253521126761,20.422535211267608,72.53521126760563,66.19718309859155,6.338028169014084
E00044305,154,37,8,29,117,104,13,24.025974025974026,5.194805194805195,18.83116883116883,75.97402597402598,67.53246753246754,8.441558441558442
E00044306,168,45,13,32,123,115,8,26.785714285714285,7.738095238095238,19.047619047619047,73.21428571428571,68.45238095238095,4.761904761904762
E00044307,154,35,10,25,119,100,19,22.727272727272727,6.493506493506493,16.233766233766232,77.27272727272727,64.93506493506493,12.337662337662337
E00044308,136,41,10,31,95,91,4,30.14705882352941,7.352941176470589,22.794117647058822,69.85294117647058,66.91176470588235,2.941176470588235
E00044309,163,42,10,32,121,103,18,25.766871165644172,6.134969325153374,19.631901840490798,74.23312883435584,63.190184049079754,11.042944785276074
E00044310,69,29,6,23,40,35,5,42.028985507246375,8.695652173913043,33.33333333333333,57.971014492753625,50.72463768115942,7.246376811594203
E00044311,137,44,19,25,93,86,7,32.11678832116788,13.86861313868613,18.248175182481752,67.88321167883211,62.77372262773723,5.109489051094891
E00044312,136,35,9,26,101,88,13,25.735294117647058,6.61764705882353,19.11764705882353,74.26470588235294,64.70588235294117,9.558823529411764
E00044313,134,32,7,25,102,89,13,23.88059701492537,5.223880597014925,18.65671641791045,76.11940298507463,66.4179104477612,9.701492537313433
E00044314,126,38,8,30,88,82,6,30.158730158730158,6.349206349206349,23.809523809523807,69.84126984126983,65.07936507936508,4.761904761904762
E00044315,170,45,16,29,125,114,11,26.47058823529412,9.411764705882353,17.058823529411764,73.52941176470588,67.05882352941175,6.470588235294119
E00044316,166,46,13,33,120,111,9,27.710843373493976,7.83132530120482,19.879518072289155,72.28915662650603,66.86746987951807,5.421686746987952
E00044317,121,45,6,39,76,69,7,37.1900826446281,4.958677685950414,32.231404958677686,62.8099173553719,57.02479338842975,5.785123966942149
E00044318,69,24,3,21,45,39,6,34.78260869565217,4.3478260869565215,30.434782608695656,65.21739130434783,56.52173913043478,8.695652173913043
E00044319,107,33,8,25,74,63,11,30.8411214953271,7.476635514018691,23.364485981308412,69.1588785046729,58.87850467289719,10.2803738317757
E00044320,123,39,13,26,84,72,12,31.70731707317073,10.569105691056912,21.138211382113823,68.29268292682927,58.536585365853654,9.75609756097561
E00044321,103,30,12,18,73,65,8,29.126213592233007,11.650485436893204,17.475728155339805,70.87378640776699,63.10679611650486,7.766990291262135
E00044322,144,42,8,34,102,93,9,29.166666666666668,5.555555555555555,23.61111111111111,70.83333333333334,64.58333333333334,6.25
E00044323,82,24,5,19,58,52,6,29.268292682926827,6.097560975609756,23.170731707317074,70.73170731707317,63.41463414634146,7.317073170731707
E00044324,100,23,4,19,77,67,10,23,4,19,77,67,10
E00044325,113,48,12,36,65,58,7,42.47787610619469,10.619469026548673,31.858407079646017,57.52212389380531,51.32743362831859,6.1946902654867255
E00044327,154,54,8,46,100,91,9,35.064935064935064,5.194805194805195,29.87012987012987,64.93506493506493,59.09090909090909,5.844155844155844
E00044328,119,49,6,43,70,66,4,41.17647058823529,5.042016806722689,36.134453781512605,58.82352941176471,55.46218487394958,3.361344537815126
E00044329,109,36,9,27,73,69,4,33.02752293577982,8.256880733944955,24.770642201834864,66.97247706422019,63.30275229357798,3.669724770642202
E00044330,53,22,3,19,31,31,0,41.509433962264154,5.660377358490567,35.84905660377358,58.490566037735846,58.490566037735846,0
E00044331,114,45,8,37,69,61,8,39.473684210526315,7.017543859649122,32.45614035087719,60.526315789473685,53.50877192982456,7.017543859649122
E00044332,111,49,10,39,62,57,5,44.14414414414414,9.00900900900901,35.13513513513514,55.85585585585585,51.35135135135135,4.504504504504505
E00044333,39,15,2,13,24,19,5,38.46153846153847,5.128205128205128,33.33333333333333,61.53846153846154,48.717948717948715,12.82051282051282
E00044336,83,27,7,20,56,49,7,32.53012048192771,8.433734939759036,24.096385542168676,67.46987951807229,59.036144578313255,8.433734939759036
E00044337,111,26,5,21,85,79,6,23.423423423423422,4.504504504504505,18.91891891891892,76.57657657657657,71.17117117117117,5.405405405405405
E00044338,109,34,3,31,75,67,8,31.19266055045872,2.7522935779816518,28.440366972477065,68.80733944954129,61.46788990825688,7.339449541284404
E00044339,98,34,11,23,64,60,4,34.69387755102041,11.224489795918368,23.46938775510204,65.3061224489796,61.224489795918366,4.081632653061225
E00044340,89,25,0,25,64,57,7,28.08988764044944,0,28.08988764044944,71.91011235955057,64.04494382022472,7.865168539325842
E00044341,81,32,10,22,49,45,4,39.50617283950617,12.345679012345679,27.160493827160494,60.49382716049383,55.55555555555556,4.938271604938271
E00044342,82,22,4,18,60,53,7,26.82926829268293,4.878048780487805,21.951219512195124,73.17073170731707,64.63414634146342,8.536585365853659
E00044343,67,26,8,18,41,35,6,38.80597014925373,11.940298507462686,26.865671641791046,61.19402985074627,52.23880597014925,8.955223880597014
E00044344,95,20,5,15,75,69,6,21.052631578947366,5.263157894736842,15.789473684210526,78.94736842105263,72.63157894736842,6.315789473684211
E00044345,86,21,4,17,65,62,3,24.418604651162788,4.651162790697675,19.767441860465116,75.5813953488372,72.09302325581395,3.488372093023256
E00044346,103,34,6,28,69,63,6,33.00970873786408,5.825242718446602,27.184466019417474,66.99029126213593,61.165048543689316,5.825242718446602
E00044347,63,16,7,9,47,44,3,25.396825396825395,11.11111111111111,14.285714285714285,74.60317460317461,69.84126984126983,4.761904761904762
E00044348,74,26,5,21,48,44,4,35.13513513513514,6.756756756756757,28.37837837837838,64.86486486486487,59.45945945945946,5.405405405405405
E00044349,89,23,6,17,66,59,7,25.842696629213485,6.741573033707865,19.101123595505616,74.15730337078652,66.29213483146067,7.865168539325842
E00044350,38,16,5,11,22,20,2,42.10526315789473,13.157894736842104,28.947368421052634,57.89473684210527,52.63157894736842,5.263157894736842
E00044351,65,35,12,23,30,24,6,53.84615384615385,18.461538461538463,35.38461538461539,46.15384615384615,36.92307692307693,9.230769230769232
E00044352,112,41,14,27,71,62,9,36.607142857142854,12.5,24.107142857142858,63.39285714285714,55.35714285714286,8.035714285714286
E00044353,74,23,4,19,51,43,8,31.08108108108108,5.405405405405405,25.675675675675674,68.91891891891892,58.108108108108105,10.81081081081081
E00044354,110,28,6,22,82,71,11,25.454545454545453,5.454545454545454,20,74.54545454545455,64.54545454545455,10
E00044355,205,61,12,49,144,124,20,29.756097560975608,5.853658536585367,23.902439024390244,70.24390243902438,60.48780487804878,9.75609756097561
E00044356,153,40,10,30,113,89,24,26.143790849673206,6.535947712418301,19.607843137254903,73.8562091503268,58.16993464052288,15.686274509803921
E00044357,62,21,7,14,41,40,1,33.87096774193548,11.29032258064516,22.58064516129032,66.12903225806451,64.51612903225806,1.6129032258064515
E00044358,145,45,13,32,100,86,14,31.03448275862069,8.96551724137931,22.06896551724138,68.96551724137932,59.310344827586206,9.655172413793103
E00044359,55,13,4,9,42,39,3,23.636363636363637,7.2727272727272725,16.363636363636363,76.36363636363637,70.9090909090909,5.454545454545454
E00044360,79,29,11,18,50,41,9,36.708860759493675,13.924050632911392,22.78481012658228,63.29113924050633,51.89873417721519,11.39240506329114
E00044361,83,22,4,18,61,53,8,26.506024096385545,4.819277108433735,21.686746987951807,73.49397590361446,63.85542168674698,9.63855421686747
E00044362,87,16,10,6,71,54,17,18.39080459770115,11.494252873563218,6.896551724137931,81.60919540229885,62.06896551724138,19.54022988505747
E00044363,141,43,12,31,98,82,16,30.49645390070922,8.51063829787234,21.98581560283688,69.50354609929079,58.156028368794324,11.347517730496454
E00044364,65,26,10,16,39,39,0,40,15.384615384615385,24.615384615384617,60,60,0
E00044365,132,52,17,35,80,70,10,39.39393939393939,12.878787878787879,26.515151515151516,60.60606060606061,53.03030303030303,7.575757575757576
E00044366,124,35,11,24,89,82,7,28.225806451612907,8.870967741935484,19.35483870967742,71.7741935483871,66.12903225806451,5.64516129032258
E00044367,118,34,5,29,84,76,8,28.8135593220339,4.23728813559322,24.576271186440678,71.1864406779661,64.40677966101694,6.779661016949152
E00044368,151,55,16,39,96,83,13,36.423841059602644,10.596026490066226,25.82781456953642,63.576158940397356,54.966887417218544,8.609271523178808
E00044369,78,30,7,23,48,47,1,38.46153846153847,8.974358974358974,29.48717948717949,61.53846153846154,60.256410256410255,1.282051282051282
E00044370,181,54,11,43,127,110,17,29.83425414364641,6.077348066298343,23.756906077348066,70.1657458563536,60.773480662983424,9.392265193370166
E00044371,164,39,13,26,125,112,13,23.78048780487805,7.926829268292683,15.853658536585366,76.21951219512195,68.29268292682927,7.926829268292683
E00044372,135,42,5,37,93,82,11,31.11111111111111,3.7037037037037033,27.40740740740741,68.88888888888889,60.74074074074074,8.148148148148149
E00044373,93,33,3,30,60,52,8,35.483870967741936,3.225806451612903,32.25806451612903,64.51612903225806,55.91397849462365,8.60215053763441
E00044374,96,35,13,22,61,52,9,36.45833333333333,13.541666666666666,22.916666666666664,63.541666666666664,54.166666666666664,9.375
E00044375,41,15,1,14,26,26,0,36.58536585365854,2.4390243902439024,34.146341463414636,63.41463414634146,63.41463414634146,0
E00044376,54,19,5,14,35,33,2,35.18518518518518,9.25925925925926,25.925925925925924,64.81481481481481,61.111111111111114,3.7037037037037033
E00044377,59,16,3,13,43,40,3,27.11864406779661,5.084745762711865,22.033898305084744,72.88135593220339,67.79661016949152,5.084745762711865
E00044378,63,20,4,16,43,40,3,31.746031746031743,6.349206349206349,25.396825396825395,68.25396825396825,63.49206349206349,4.761904761904762
E00044379,100,41,12,29,59,55,4,41,12,28.999999999999996,59,55.00000000000001,4
E00044381,86,24,5,19,62,56,6,27.906976744186046,5.813953488372093,22.093023255813954,72.09302325581395,65.11627906976744,6.976744186046512
E00044382,82,33,8,25,49,45,4,40.243902439024396,9.75609756097561,30.48780487804878,59.756097560975604,54.87804878048781,4.878048780487805
E00044383,194,46,25,21,148,120,28,23.711340206185564,12.886597938144329,10.824742268041238,76.28865979381443,61.855670103092784,14.432989690721648
E00044384,46,16,0,16,30,28,2,34.78260869565217,0,34.78260869565217,65.21739130434783,60.86956521739131,4.3478260869565215
E00044385,126,41,7,34,85,74,11,32.53968253968254,5.555555555555555,26.984126984126984,67.46031746031747,58.730158730158735,8.73015873015873
E00044386,125,36,10,26,89,72,17,28.799999999999997,8,20.8,71.2,57.599999999999994,13.600000000000001
E00044387,69,25,10,15,44,37,7,36.231884057971016,14.492753623188406,21.73913043478261,63.76811594202898,53.62318840579711,10.144927536231885
E00044388,101,26,7,19,75,73,2,25.742574257425744,6.9306930693069315,18.81188118811881,74.25742574257426,72.27722772277228,1.9801980198019802
E00044389,97,33,13,20,64,54,10,34.02061855670103,13.402061855670103,20.618556701030926,65.97938144329896,55.670103092783506,10.309278350515463
E00044390,78,26,5,21,52,49,3,33.33333333333333,6.41025641025641,26.923076923076923,66.66666666666666,62.82051282051282,3.8461538461538463
E00044391,101,29,9,20,72,61,11,28.71287128712871,8.91089108910891,19.801980198019802,71.28712871287128,60.396039603960396,10.891089108910892
E00044392,115,30,9,21,85,67,18,26.08695652173913,7.82608695652174,18.26086956521739,73.91304347826086,58.26086956521739,15.65217391304348
E00044393,118,22,4,18,96,86,10,18.64406779661017,3.389830508474576,15.254237288135593,81.35593220338984,72.88135593220339,8.47457627118644
E00044394,92,23,3,20,69,60,9,25,3.260869565217391,21.73913043478261,75,65.21739130434783,9.782608695652174
E00044395,99,34,9,25,65,55,10,34.34343434343434,9.090909090909092,25.252525252525253,65.65656565656566,55.55555555555556,10.1010101010101
E00044396,130,37,10,27,93,76,17,28.46153846153846,7.6923076923076925,20.76923076923077,71.53846153846153,58.46153846153847,13.076923076923078
E00044397,131,30,9,21,101,76,25,22.900763358778626,6.870229007633588,16.030534351145036,77.09923664122137,58.01526717557252,19.083969465648856
E00044398,86,24,7,17,62,56,6,27.906976744186046,8.13953488372093,19.767441860465116,72.09302325581395,65.11627906976744,6.976744186046512
E00044399,76,24,3,21,52,48,4,31.57894736842105,3.9473684210526314,27.631578947368425,68.42105263157895,63.1578947368421,5.263157894736842
E00044401,58,27,6,21,31,25,6,46.55172413793103,10.344827586206897,36.206896551724135,53.44827586206896,43.103448275862064,10.344827586206897
E00044403,90,37,11,26,53,47,6,41.11111111111111,12.222222222222221,28.888888888888886,58.88888888888889,52.22222222222223,6.666666666666667
E00044404,95,32,13,19,63,58,5,33.68421052631579,13.684210526315791,20,66.3157894736842,61.05263157894737,5.263157894736842
E00044405,131,38,12,26,93,87,6,29.00763358778626,9.16030534351145,19.84732824427481,70.99236641221374,66.41221374045801,4.580152671755725
E00044406,98,29,7,22,69,64,5,29.591836734693878,7.142857142857142,22.448979591836736,70.40816326530613,65.3061224489796,5.1020408163265305
E00044407,59,18,0,18,41,36,5,30.508474576271187,0,30.508474576271187,69.49152542372882,61.016949152542374,8.47457627118644
E00044408,108,36,9,27,72,67,5,33.33333333333333,8.333333333333332,25,66.66666666666666,62.03703703703704,4.62962962962963
E00044409,87,26,8,18,61,57,4,29.88505747126437,9.195402298850574,20.689655172413794,70.11494252873564,65.51724137931035,4.597701149425287
E00044410,99,36,15,21,63,53,10,36.36363636363637,15.151515151515152,21.21212121212121,63.63636363636363,53.535353535353536,10.1010101010101
E00044411,102,35,9,26,67,60,7,34.31372549019608,8.823529411764707,25.49019607843137,65.68627450980392,58.82352941176471,6.862745098039216
E00044412,67,16,6,10,51,44,7,23.88059701492537,8.955223880597014,14.925373134328357,76.11940298507463,65.67164179104478,10.44776119402985
E00044413,116,45,13,32,71,62,9,38.793103448275865,11.206896551724139,27.586206896551722,61.206896551724135,53.44827586206896,7.758620689655173
E00044414,51,19,12,7,32,26,6,37.254901960784316,23.52941176470588,13.725490196078432,62.745098039215684,50.98039215686274,11.76470588235294
E00044415,73,33,10,23,40,38,2,45.20547945205479,13.698630136986301,31.506849315068493,54.794520547945204,52.054794520547944,2.73972602739726
E00044416,58,16,7,9,42,39,3,27.586206896551722,12.068965517241379,15.517241379310345,72.41379310344827,67.24137931034483,5.172413793103448
E00044417,110,37,10,27,73,63,10,33.63636363636363,9.090909090909092,24.545454545454547,66.36363636363637,57.27272727272727,9.090909090909092
E00044419,73,17,6,11,56,48,8,23.28767123287671,8.21917808219178,15.068493150684931,76.71232876712328,65.75342465753424,10.95890410958904
E00044420,83,27,9,18,56,52,4,32.53012048192771,10.843373493975903,21.686746987951807,67.46987951807229,62.65060240963856,4.819277108433735
E00044421,158,36,8,28,122,107,15,22.78481012658228,5.063291139240507,17.72151898734177,77.21518987341773,67.72151898734177,9.49367088607595
E00044422,248,47,8,39,201,160,41,18.951612903225808,3.225806451612903,15.725806451612904,81.04838709677419,64.51612903225806,16.532258064516128
E00044423,124,28,9,19,96,88,8,22.58064516129032,7.258064516129033,15.32258064516129,77.41935483870968,70.96774193548387,6.451612903225806
E00044424,99,27,14,13,72,65,7,27.27272727272727,14.14141414141414,13.131313131313133,72.72727272727273,65.65656565656566,7.07070707070707
E00044425,120,37,7,30,83,80,3,30.833333333333336,5.833333333333333,25,69.16666666666667,66.66666666666666,2.5
E00044426,136,36,12,24,100,92,8,26.47058823529412,8.823529411764707,17.647058823529413,73.52941176470588,67.64705882352942,5.88235294117647
E00044427,220,52,16,36,168,150,18,23.636363636363637,7.2727272727272725,16.363636363636363,76.36363636363637,68.18181818181817,8.181818181818182
E00044428,144,46,12,34,98,87,11,31.944444444444443,8.333333333333332,23.61111111111111,68.05555555555556,60.416666666666664,7.638888888888889
E00044429,119,40,5,35,79,75,4,33.61344537815126,4.201680672268908,29.411764705882355,66.38655462184873,63.02521008403361,3.361344537815126
E00044430,84,24,5,19,60,55,5,28.57142857142857,5.952380952380952,22.61904761904762,71.42857142857143,65.47619047619048,5.952380952380952
E00044431,120,37,14,23,83,72,11,30.833333333333336,11.666666666666666,19.166666666666668,69.16666666666667,60,9.166666666666666
E00044432,57,18,5,13,39,38,1,31.57894736842105,8.771929824561402,22.807017543859647,68.42105263157895,66.66666666666666,1.7543859649122806
E00044433,118,43,15,28,75,69,6,36.440677966101696,12.711864406779661,23.728813559322035,63.559322033898304,58.47457627118644,5.084745762711865
E00044434,117,32,7,25,85,75,10,27.350427350427353,5.982905982905983,21.367521367521366,72.64957264957265,64.1025641025641,8.547008547008547
E00044435,71,31,4,27,40,36,4,43.66197183098591,5.633802816901409,38.028169014084504,56.33802816901409,50.70422535211267,5.633802816901409
E00044437,102,20,7,13,82,74,8,19.607843137254903,6.862745098039216,12.745098039215685,80.3921568627451,72.54901960784314,7.8431372549019605
E00044438,106,34,7,27,72,68,4,32.075471698113205,6.60377358490566,25.471698113207548,67.9245283018868,64.15094339622641,3.7735849056603774
E00044439,99,28,11,17,71,66,5,28.28282828282828,11.11111111111111,17.17171717171717,71.71717171717171,66.66666666666666,5.05050505050505
E00044440,79,20,1,19,59,53,6,25.31645569620253,1.2658227848101267,24.050632911392405,74.68354430379746,67.08860759493672,7.59493670886076
E00044441,74,25,9,16,49,46,3,33.78378378378378,12.162162162162163,21.62162162162162,66.21621621621621,62.16216216216216,4.054054054054054
E00044442,113,36,8,28,77,68,9,31.858407079646017,7.079646017699115,24.778761061946902,68.14159292035397,60.17699115044248,7.964601769911504
E00044443,110,27,10,17,83,83,0,24.545454545454547,9.090909090909092,15.454545454545453,75.45454545454545,75.45454545454545,0
E00044444,84,20,6,14,64,56,8,23.809523809523807,7.142857142857142,16.666666666666664,76.19047619047619,66.66666666666666,9.523809523809524
E00044445,147,44,11,33,103,89,14,29.931972789115648,7.482993197278912,22.448979591836736,70.06802721088435,60.544217687074834,9.523809523809524
E00044446,65,23,5,18,42,41,1,35.38461538461539,7.6923076923076925,27.692307692307693,64.61538461538461,63.07692307692307,1.5384615384615385
E00044447,100,25,7,18,75,71,4,25,7.000000000000001,18,75,71,4
E00044448,109,27,6,21,82,74,8,24.770642201834864,5.5045871559633035,19.26605504587156,75.22935779816514,67.88990825688074,7.339449541284404
E00044449,204,44,13,31,160,137,23,21.568627450980394,6.372549019607843,15.196078431372548,78.43137254901961,67.15686274509804,11.27450980392157
E00044451,164,50,20,30,114,104,10,30.48780487804878,12.195121951219512,18.29268292682927,69.51219512195121,63.41463414634146,6.097560975609756
E00044452,118,32,7,25,86,77,9,27.11864406779661,5.932203389830509,21.1864406779661,72.88135593220339,65.2542372881356,7.627118644067797
E00044454,128,42,12,30,86,79,7,32.8125,9.375,23.4375,67.1875,61.71875,5.46875
E00044455,293,64,10,54,229,205,24,21.843003412969285,3.4129692832764507,18.43003412969283,78.15699658703072,69.96587030716724,8.19112627986348
E00044457,100,31,9,22,69,64,5,31,9,22,69,64,5
E00044458,182,49,16,33,133,127,6,26.923076923076923,8.791208791208792,18.13186813186813,73.07692307692307,69.78021978021978,3.296703296703297
E00044460,159,38,6,32,121,113,8,23.89937106918239,3.7735849056603774,20.125786163522015,76.10062893081762,71.0691823899371,5.031446540880504
E00044461,61,16,5,11,45,41,4,26.229508196721312,8.19672131147541,18.0327868852459,73.77049180327869,67.21311475409836,6.557377049180328
E00044463,137,51,16,35,86,77,9,37.22627737226277,11.678832116788321,25.547445255474454,62.77372262773723,56.20437956204379,6.569343065693431
E00044464,85,26,9,17,59,54,5,30.58823529411765,10.588235294117647,20,69.41176470588235,63.52941176470588,5.88235294117647
E00044465,84,24,4,20,60,60,0,28.57142857142857,4.761904761904762,23.809523809523807,71.42857142857143,71.42857142857143,0
E00044466,116,43,15,28,73,65,8,37.06896551724138,12.931034482758621,24.137931034482758,62.93103448275862,56.03448275862068,6.896551724137931
E00044467,131,43,10,33,88,77,11,32.82442748091603,7.633587786259542,25.190839694656486,67.17557251908397,58.778625954198475,8.396946564885496
E00044468,146,48,18,30,98,89,9,32.87671232876712,12.32876712328767,20.54794520547945,67.12328767123287,60.95890410958904,6.164383561643835
E00044469,122,26,5,21,96,87,9,21.311475409836063,4.098360655737705,17.21311475409836,78.68852459016394,71.31147540983606,7.377049180327869
E00044470,147,41,13,28,106,97,9,27.89115646258503,8.843537414965986,19.047619047619047,72.10884353741497,65.98639455782312,6.122448979591836
E00044471,81,35,5,30,46,43,3,43.20987654320987,6.172839506172839,37.03703703703704,56.79012345679012,53.086419753086425,3.7037037037037033
E00044472,132,39,9,30,93,86,7,29.545454545454547,6.8181818181818175,22.727272727272727,70.45454545454545,65.15151515151516,5.303030303030303
E00044473,143,25,10,15,118,106,12,17.482517482517483,6.993006993006993,10.48951048951049,82.51748251748252,74.12587412587412,8.391608391608392
E00044474,130,45,11,34,85,73,12,34.61538461538461,8.461538461538462,26.153846153846157,65.38461538461539,56.15384615384615,9.230769230769232
E00044475,121,34,8,26,87,84,3,28.09917355371901,6.6115702479338845,21.487603305785125,71.900826446281,69.42148760330579,2.479338842975207
E00044476,151,51,18,33,100,86,14,33.77483443708609,11.920529801324504,21.85430463576159,66.22516556291392,56.95364238410596,9.271523178807946
E00044477,147,45,12,33,102,84,18,30.612244897959183,8.16326530612245,22.448979591836736,69.38775510204081,57.14285714285714,12.244897959183673
E00044478,173,42,14,28,131,120,11,24.277456647398843,8.092485549132949,16.184971098265898,75.72254335260115,69.36416184971098,6.358381502890173
E00044479,125,29,13,16,96,82,14,23.200000000000003,10.4,12.8,76.8,65.60000000000001,11.200000000000001
E00044480,99,29,6,23,70,62,8,29.292929292929294,6.0606060606060606,23.232323232323232,70.70707070707071,62.62626262626263,8.080808080808081
E00044481,115,40,13,27,75,71,4,34.78260869565217,11.304347826086957,23.47826086956522,65.21739130434783,61.73913043478261,3.4782608695652173
E00044482,98,30,10,20,68,67,1,30.612244897959183,10.204081632653061,20.408163265306122,69.38775510204081,68.36734693877551,1.0204081632653061
E00044483,143,37,8,29,106,100,6,25.874125874125873,5.594405594405594,20.27972027972028,74.12587412587412,69.93006993006993,4.195804195804196
E00044484,134,38,16,22,96,88,8,28.35820895522388,11.940298507462686,16.417910447761194,71.64179104477611,65.67164179104478,5.970149253731343
E00044485,131,30,9,21,101,89,12,22.900763358778626,6.870229007633588,16.030534351145036,77.09923664122137,67.93893129770993,9.16030534351145
E00044486,112,28,7,21,84,73,11,25,6.25,18.75,75,65.17857142857143,9.821428571428571
E00044487,152,51,16,35,101,86,15,33.55263157894737,10.526315789473683,23.026315789473685,66.44736842105263,56.57894736842105,9.868421052631579
E00044488,95,24,3,21,71,61,10,25.263157894736842,3.1578947368421053,22.105263157894736,74.73684210526315,64.21052631578948,10.526315789473683
E00044489,139,38,7,31,101,87,14,27.33812949640288,5.0359712230215825,22.302158273381295,72.66187050359713,62.589928057553955,10.071942446043165
E00044490,125,38,5,33,87,80,7,30.4,4,26.400000000000002,69.6,64,5.6000000000000005
E00044491,102,34,7,27,68,61,7,33.33333333333333,6.862745098039216,26.47058823529412,66.66666666666666,59.80392156862745,6.862745098039216
E00044492,73,36,4,32,37,35,2,49.31506849315068,5.47945205479452,43.83561643835616,50.68493150684932,47.94520547945205,2.73972602739726
E00044493,96,36,5,31,60,56,4,37.5,5.208333333333334,32.29166666666667,62.5,58.333333333333336,4.166666666666666
E00044494,120,34,8,26,86,83,3,28.333333333333332,6.666666666666667,21.666666666666668,71.66666666666667,69.16666666666667,2.5
E00044495,92,24,12,12,68,62,6,26.08695652173913,13.043478260869565,13.043478260869565,73.91304347826086,67.3913043478261,6.521739130434782
E00044496,114,39,13,26,75,69,6,34.21052631578947,11.403508771929824,22.807017543859647,65.78947368421053,60.526315789473685,5.263157894736842
E00044497,198,50,13,37,148,125,23,25.252525252525253,6.565656565656567,18.68686868686869,74.74747474747475,63.13131313131313,11.616161616161616
E00044498,134,34,14,20,100,80,20,25.37313432835821,10.44776119402985,14.925373134328357,74.6268656716418,59.70149253731343,14.925373134328357
E00044499,172,43,13,30,129,111,18,25,7.55813953488372,17.441860465116278,75,64.53488372093024,10.465116279069768
E00044500,120,38,10,28,82,73,9,31.666666666666664,8.333333333333332,23.333333333333332,68.33333333333333,60.83333333333333,7.5
E00044501,116,28,7,21,88,80,8,24.137931034482758,6.0344827586206895,18.103448275862068,75.86206896551724,68.96551724137932,6.896551724137931
E00044502,189,53,17,36,136,121,15,28.04232804232804,8.994708994708994,19.047619047619047,71.95767195767195,64.02116402116403,7.936507936507936
E00044505,139,40,10,30,99,85,14,28.776978417266186,7.1942446043165464,21.58273381294964,71.22302158273382,61.15107913669065,10.071942446043165
E00044508,148,49,10,39,99,85,14,33.108108108108105,6.756756756756757,26.351351351351347,66.8918918918919,57.432432432432435,9.45945945945946
E00044509,49,12,1,11,37,32,5,24.489795918367346,2.0408163265306123,22.448979591836736,75.51020408163265,65.3061224489796,10.204081632653061
E00044510,127,33,11,22,94,78,16,25.984251968503933,8.661417322834646,17.322834645669293,74.01574803149606,61.417322834645674,12.598425196850393
E00044511,106,41,12,29,65,55,10,38.67924528301887,11.320754716981133,27.358490566037734,61.32075471698113,51.886792452830186,9.433962264150944
E00044512,116,41,10,31,75,69,6,35.3448275862069,8.620689655172415,26.72413793103448,64.65517241379311,59.48275862068966,5.172413793103448
E00044513,63,26,13,13,37,31,6,41.269841269841265,20.634920634920633,20.634920634920633,58.730158730158735,49.2063492063492,9.523809523809524
E00044514,150,43,9,34,107,98,9,28.666666666666668,6,22.666666666666664,71.33333333333334,65.33333333333333,6
E00044515,125,44,13,31,81,78,3,35.199999999999996,10.4,24.8,64.8,62.4,2.4
E00044516,115,39,6,33,76,69,7,33.91304347826087,5.217391304347826,28.695652173913043,66.08695652173913,60,6.086956521739131
E00044517,112,44,14,30,68,65,3,39.285714285714285,12.5,26.785714285714285,60.71428571428571,58.03571428571429,2.6785714285714284
E00044518,115,28,10,18,87,75,12,24.347826086956523,8.695652173913043,15.65217391304348,75.65217391304347,65.21739130434783,10.434782608695652
E00044519,213,55,14,41,158,139,19,25.821596244131456,6.572769953051644,19.248826291079812,74.17840375586854,65.25821596244131,8.92018779342723
E00044520,84,35,7,28,49,43,6,41.66666666666667,8.333333333333332,33.33333333333333,58.333333333333336,51.19047619047619,7.142857142857142
E00044521,89,20,4,16,69,65,4,22.47191011235955,4.49438202247191,17.97752808988764,77.52808988764045,73.03370786516854,4.49438202247191
E00044522,107,42,8,34,65,55,10,39.25233644859813,7.476635514018691,31.775700934579437,60.747663551401864,51.4018691588785,9.345794392523365
E00044523,124,39,13,26,85,72,13,31.451612903225808,10.483870967741936,20.967741935483872,68.54838709677419,58.06451612903226,10.483870967741936
E00044524,123,35,9,26,88,79,9,28.455284552845526,7.317073170731707,21.138211382113823,71.54471544715447,64.22764227642277,7.317073170731707
E00044525,91,34,7,27,57,56,1,37.362637362637365,7.6923076923076925,29.67032967032967,62.637362637362635,61.53846153846154,1.098901098901099
E00044526,82,19,0,19,63,57,6,23.170731707317074,0,23.170731707317074,76.82926829268293,69.51219512195121,7.317073170731707
E00044527,106,30,8,22,76,70,6,28.30188679245283,7.547169811320755,20.754716981132077,71.69811320754717,66.0377358490566,5.660377358490567
E00044528,133,34,11,23,99,93,6,25.563909774436087,8.270676691729323,17.293233082706767,74.43609022556392,69.92481203007519,4.511278195488721
E00044529,103,29,10,19,74,69,5,28.155339805825243,9.70873786407767,18.446601941747574,71.84466019417476,66.99029126213593,4.854368932038835
E00044530,156,41,11,30,115,102,13,26.282051282051285,7.051282051282051,19.230769230769234,73.71794871794873,65.38461538461539,8.333333333333332
E00044531,157,50,11,39,107,96,11,31.84713375796178,7.006369426751593,24.840764331210192,68.15286624203821,61.146496815286625,7.006369426751593
E00044532,98,22,8,14,76,72,4,22.448979591836736,8.16326530612245,14.285714285714285,77.55102040816327,73.46938775510205,4.081632653061225
E00044533,162,48,13,35,114,100,14,29.629629629629626,8.024691358024691,21.604938271604937,70.37037037037037,61.72839506172839,8.641975308641975
E00044534,93,24,9,15,69,65,4,25.806451612903224,9.67741935483871,16.129032258064516,74.19354838709677,69.89247311827957,4.301075268817205
E00044535,133,49,14,35,84,76,8,36.84210526315789,10.526315789473683,26.31578947368421,63.1578947368421,57.14285714285714,6.015037593984962
E00044536,143,36,9,27,107,96,11,25.174825174825177,6.293706293706294,18.88111888111888,74.82517482517483,67.13286713286713,7.6923076923076925
E00044537,102,41,11,30,61,57,4,40.19607843137255,10.784313725490197,29.411764705882355,59.80392156862745,55.88235294117647,3.9215686274509802
E00044538,128,35,11,24,93,82,11,27.34375,8.59375,18.75,72.65625,64.0625,8.59375
E00044539,209,48,14,34,161,144,17,22.966507177033492,6.698564593301436,16.267942583732058,77.03349282296651,68.89952153110048,8.133971291866029
E00044540,213,57,22,35,156,117,39,26.76056338028169,10.328638497652582,16.431924882629108,73.23943661971832,54.929577464788736,18.30985915492958
E00044541,187,41,12,29,146,134,12,21.92513368983957,6.417112299465241,15.508021390374333,78.07486631016043,71.65775401069519,6.417112299465241
E00044542,140,48,18,30,92,74,18,34.285714285714285,12.857142857142856,21.428571428571427,65.71428571428571,52.85714285714286,12.857142857142856
E00044543,106,28,8,20,78,75,3,26.41509433962264,7.547169811320755,18.867924528301888,73.58490566037736,70.75471698113208,2.8301886792452833
E00044544,130,34,16,18,96,76,20,26.153846153846157,12.307692307692308,13.846153846153847,73.84615384615385,58.46153846153847,15.384615384615385
E00044545,24,6,1,5,18,15,3,25,4.166666666666666,20.833333333333336,75,62.5,12.5
E00044546,120,34,10,24,86,80,6,28.333333333333332,8.333333333333332,20,71.66666666666667,66.66666666666666,5
E00044547,124,32,10,22,92,78,14,25.806451612903224,8.064516129032258,17.741935483870968,74.19354838709677,62.903225806451616,11.29032258064516
E00044548,116,33,11,22,83,75,8,28.448275862068968,9.482758620689655,18.96551724137931,71.55172413793103,64.65517241379311,6.896551724137931
E00044549,113,37,10,27,76,75,1,32.743362831858406,8.849557522123893,23.893805309734514,67.2566371681416,66.3716814159292,0.8849557522123894
E00044550,107,36,7,29,71,65,6,33.64485981308411,6.5420560747663545,27.102803738317753,66.35514018691589,60.747663551401864,5.607476635514018
E00044551,123,32,7,25,91,84,7,26.01626016260163,5.691056910569105,20.32520325203252,73.98373983739837,68.29268292682927,5.691056910569105
E00044552,148,36,16,20,112,102,10,24.324324324324326,10.81081081081081,13.513513513513514,75.67567567567568,68.91891891891892,6.756756756756757
E00044553,155,40,15,25,115,99,16,25.806451612903224,9.67741935483871,16.129032258064516,74.19354838709677,63.87096774193548,10.32258064516129
E00044554,46,15,3,12,31,25,6,32.608695652173914,6.521739130434782,26.08695652173913,67.3913043478261,54.347826086956516,13.043478260869565
E00044555,112,36,7,29,76,70,6,32.142857142857146,6.25,25.892857142857146,67.85714285714286,62.5,5.357142857142857
E00044556,107,34,8,26,73,62,11,31.775700934579437,7.476635514018691,24.299065420560748,68.22429906542055,57.943925233644855,10.2803738317757
E00044557,123,38,12,26,85,76,9,30.89430894308943,9.75609756097561,21.138211382113823,69.10569105691057,61.78861788617886,7.317073170731707
E00044558,101,31,12,19,70,61,9,30.693069306930692,11.881188118811881,18.81188118811881,69.3069306930693,60.396039603960396,8.91089108910891
E00044559,129,42,7,35,87,72,15,32.55813953488372,5.426356589147287,27.131782945736433,67.44186046511628,55.81395348837209,11.627906976744185
E00044560,148,50,9,41,98,86,12,33.78378378378378,6.081081081081082,27.7027027027027,66.21621621621621,58.108108108108105,8.108108108108109
E00044561,130,42,10,32,88,82,6,32.30769230769231,7.6923076923076925,24.615384615384617,67.6923076923077,63.07692307692307,4.615384615384616
E00044562,123,39,13,26,84,75,9,31.70731707317073,10.569105691056912,21.138211382113823,68.29268292682927,60.97560975609756,7.317073170731707
E00044563,49,14,3,11,35,35,0,28.57142857142857,6.122448979591836,22.448979591836736,71.42857142857143,71.42857142857143,0
E00044564,131,41,6,35,90,84,6,31.297709923664126,4.580152671755725,26.717557251908396,68.70229007633588,64.12213740458014,4.580152671755725
E00044565,152,48,15,33,104,90,14,31.57894736842105,9.868421052631579,21.710526315789476,68.42105263157895,59.210526315789465,9.210526315789473
E00044566,65,20,6,14,45,43,2,30.76923076923077,9.230769230769232,21.53846153846154,69.23076923076923,66.15384615384615,3.076923076923077
E00044567,114,37,6,31,77,72,5,32.45614035087719,5.263157894736842,27.192982456140353,67.54385964912281,63.1578947368421,4.385964912280701
E00044568,126,27,9,18,99,82,17,21.428571428571427,7.142857142857142,14.285714285714285,78.57142857142857,65.07936507936508,13.492063492063492
E00044569,120,35,0,35,85,81,4,29.166666666666668,0,29.166666666666668,70.83333333333334,67.5,3.3333333333333335
E00044570,47,16,3,13,31,28,3,34.04255319148936,6.382978723404255,27.659574468085108,65.95744680851064,59.57446808510638,6.382978723404255
E00044571,82,20,5,15,62,57,5,24.390243902439025,6.097560975609756,18.29268292682927,75.60975609756098,69.51219512195121,6.097560975609756
E00044572,95,14,0,14,81,75,6,14.736842105263156,0,14.736842105263156,85.26315789473684,78.94736842105263,6.315789473684211
E00044573,126,46,7,39,80,69,11,36.507936507936506,5.555555555555555,30.952380952380953,63.49206349206349,54.761904761904766,8.73015873015873
E00044574,75,21,4,17,54,48,6,28.000000000000004,5.333333333333334,22.666666666666664,72,64,8
E00044575,59,24,5,19,35,32,3,40.67796610169492,8.47457627118644,32.20338983050847,59.32203389830508,54.23728813559322,5.084745762711865
E00044576,119,36,12,24,83,73,10,30.252100840336134,10.084033613445378,20.168067226890756,69.74789915966386,61.34453781512605,8.403361344537815
E00044577,109,39,12,27,70,63,7,35.77981651376147,11.009174311926607,24.770642201834864,64.22018348623854,57.798165137614674,6.422018348623854
E00044578,164,44,16,28,120,102,18,26.82926829268293,9.75609756097561,17.073170731707318,73.17073170731707,62.19512195121951,10.975609756097562
E00044579,124,36,8,28,88,83,5,29.03225806451613,6.451612903225806,22.58064516129032,70.96774193548387,66.93548387096774,4.032258064516129
E00044580,120,36,8,28,84,72,12,30,6.666666666666667,23.333333333333332,70,60,10
E00044581,169,54,17,37,115,106,9,31.952662721893493,10.059171597633137,21.893491124260358,68.04733727810651,62.721893491124256,5.325443786982249
E00044582,125,38,3,35,87,82,5,30.4,2.4,28.000000000000004,69.6,65.60000000000001,4
E00044583,93,33,12,21,60,51,9,35.483870967741936,12.903225806451612,22.58064516129032,64.51612903225806,54.83870967741935,9.67741935483871
E00044584,123,35,10,25,88,78,10,28.455284552845526,8.130081300813007,20.32520325203252,71.54471544715447,63.41463414634146,8.130081300813007
E00044585,152,64,24,40,88,74,14,42.10526315789473,15.789473684210526,26.31578947368421,57.89473684210527,48.68421052631579,9.210526315789473
E00044587,133,36,12,24,97,88,9,27.06766917293233,9.022556390977442,18.045112781954884,72.93233082706767,66.16541353383458,6.7669172932330826
E00044588,130,44,14,30,86,74,12,33.84615384615385,10.76923076923077,23.076923076923077,66.15384615384615,56.92307692307692,9.230769230769232
E00044589,48,15,4,11,33,32,1,31.25,8.333333333333332,22.916666666666664,68.75,66.66666666666666,2.083333333333333
E00044590,111,35,13,22,76,71,5,31.53153153153153,11.711711711711711,19.81981981981982,68.46846846846847,63.96396396396396,4.504504504504505
E00044591,125,29,10,19,96,85,11,23.200000000000003,8,15.2,76.8,68,8.799999999999999
E00044592,130,44,7,37,86,83,3,33.84615384615385,5.384615384615385,28.46153846153846,66.15384615384615,63.84615384615384,2.307692307692308
E00044593,102,29,8,21,73,69,4,28.431372549019606,7.8431372549019605,20.588235294117645,71.56862745098039,67.64705882352942,3.9215686274509802
E00044594,122,43,12,31,79,71,8,35.24590163934426,9.836065573770492,25.40983606557377,64.75409836065575,58.19672131147541,6.557377049180328
E00044595,107,36,9,27,71,65,6,33.64485981308411,8.411214953271028,25.233644859813083,66.35514018691589,60.747663551401864,5.607476635514018
E00044596,144,45,8,37,99,94,5,31.25,5.555555555555555,25.694444444444443,68.75,65.27777777777779,3.4722222222222223
E00044597,137,46,15,31,91,77,14,33.57664233576642,10.948905109489052,22.62773722627737,66.42335766423358,56.20437956204379,10.218978102189782
E00044598,136,47,17,30,89,82,7,34.55882352941176,12.5,22.058823529411764,65.44117647058823,60.29411764705882,5.147058823529411
E00044599,131,32,10,22,99,79,20,24.427480916030532,7.633587786259542,16.793893129770993,75.57251908396947,60.30534351145038,15.267175572519085
E00044600,137,36,13,23,101,83,18,26.277372262773724,9.48905109489051,16.78832116788321,73.72262773722628,60.58394160583942,13.138686131386862
E00044601,123,39,12,27,84,77,7,31.70731707317073,9.75609756097561,21.951219512195124,68.29268292682927,62.601626016260155,5.691056910569105
E00044602,68,25,9,16,43,38,5,36.76470588235294,13.23529411764706,23.52941176470588,63.23529411764706,55.88235294117647,7.352941176470589
E00044603,149,35,9,26,114,102,12,23.48993288590604,6.0402684563758395,17.449664429530202,76.51006711409396,68.45637583892618,8.053691275167784
E00044604,112,28,9,19,84,65,19,25,8.035714285714286,16.964285714285715,75,58.03571428571429,16.964285714285715
E00044605,140,41,16,25,99,80,19,29.28571428571429,11.428571428571429,17.857142857142858,70.71428571428572,57.14285714285714,13.571428571428571
E00044606,98,33,13,20,65,53,12,33.6734693877551,13.26530612244898,20.408163265306122,66.3265306122449,54.08163265306123,12.244897959183673
E00044607,121,37,15,22,84,79,5,30.57851239669421,12.396694214876034,18.181818181818183,69.42148760330579,65.28925619834712,4.132231404958678
E00044608,111,30,4,26,81,70,11,27.027027027027028,3.6036036036036037,23.423423423423422,72.97297297297297,63.06306306306306,9.90990990990991
E00044609,120,28,6,22,92,82,10,23.333333333333332,5,18.333333333333332,76.66666666666667,68.33333333333333,8.333333333333332
E00044610,141,47,16,31,94,85,9,33.33333333333333,11.347517730496454,21.98581560283688,66.66666666666666,60.28368794326241,6.382978723404255
E00044611,108,33,11,22,75,64,11,30.555555555555557,10.185185185185185,20.37037037037037,69.44444444444444,59.25925925925925,10.185185185185185
E00044612,167,47,16,31,120,107,13,28.143712574850298,9.580838323353294,18.562874251497004,71.8562874251497,64.07185628742515,7.784431137724551
E00044613,101,22,4,18,79,73,6,21.782178217821784,3.9603960396039604,17.82178217821782,78.21782178217822,72.27722772277228,5.9405940594059405
E00044614,153,34,8,26,119,94,25,22.22222222222222,5.228758169934641,16.99346405228758,77.77777777777779,61.43790849673203,16.33986928104575
E00044615,104,34,8,26,70,66,4,32.69230769230769,7.6923076923076925,25,67.3076923076923,63.46153846153846,3.8461538461538463
E00044616,120,35,13,22,85,72,13,29.166666666666668,10.833333333333334,18.333333333333332,70.83333333333334,60,10.833333333333334
E00044617,92,29,7,22,63,59,4,31.521739130434785,7.608695652173914,23.91304347826087,68.47826086956522,64.13043478260869,4.3478260869565215
E00044618,150,36,9,27,114,101,13,24,6,18,76,67.33333333333333,8.666666666666668
E00044619,154,44,7,37,110,88,22,28.57142857142857,4.545454545454546,24.025974025974026,71.42857142857143,57.14285714285714,14.285714285714285
E00044620,122,44,8,36,78,73,5,36.0655737704918,6.557377049180328,29.508196721311474,63.934426229508205,59.83606557377049,4.098360655737705
E00044621,127,32,7,25,95,87,8,25.196850393700785,5.511811023622047,19.68503937007874,74.80314960629921,68.50393700787401,6.299212598425196
E00044622,79,27,6,21,52,46,6,34.177215189873415,7.59493670886076,26.582278481012654,65.82278481012658,58.22784810126582,7.59493670886076
E00044623,118,24,3,21,94,81,13,20.33898305084746,2.5423728813559325,17.796610169491526,79.66101694915254,68.64406779661016,11.016949152542372
E00044624,144,38,15,23,106,96,10,26.38888888888889,10.416666666666668,15.972222222222221,73.61111111111111,66.66666666666666,6.944444444444445
E00044625,104,28,6,22,76,67,9,26.923076923076923,5.769230769230769,21.153846153846153,73.07692307692307,64.42307692307693,8.653846153846153
E00044626,160,38,9,29,122,106,16,23.75,5.625,18.125,76.25,66.25,10
E00044627,136,36,10,26,100,87,13,26.47058823529412,7.352941176470589,19.11764705882353,73.52941176470588,63.970588235294116,9.558823529411764
E00044628,126,42,11,31,84,77,7,33.33333333333333,8.73015873015873,24.6031746031746,66.66666666666666,61.111111111111114,5.555555555555555
E00044629,158,48,17,31,110,99,11,30.37974683544304,10.759493670886076,19.62025316455696,69.62025316455697,62.65822784810127,6.962025316455696
E00044630,89,29,12,17,60,54,6,32.58426966292135,13.48314606741573,19.101123595505616,67.41573033707866,60.67415730337079,6.741573033707865
E00044631,126,40,9,31,86,80,6,31.746031746031743,7.142857142857142,24.6031746031746,68.25396825396825,63.49206349206349,4.761904761904762
E00044632,167,61,26,35,106,97,9,36.52694610778443,15.568862275449103,20.958083832335326,63.47305389221557,58.08383233532935,5.389221556886228
E00044633,103,28,12,16,75,62,13,27.184466019417474,11.650485436893204,15.53398058252427,72.81553398058253,60.19417475728155,12.62135922330097
E00044634,111,41,20,21,70,60,10,36.93693693693694,18.01801801801802,18.91891891891892,63.06306306306306,54.054054054054056,9.00900900900901
E00044635,31,14,2,12,17,16,1,45.16129032258064,6.451612903225806,38.70967741935484,54.83870967741935,51.61290322580645,3.225806451612903
E00044636,104,33,10,23,71,68,3,31.73076923076923,9.615384615384617,22.115384615384613,68.26923076923077,65.38461538461539,2.8846153846153846
E00044637,129,31,12,19,98,83,15,24.031007751937985,9.30232558139535,14.728682170542637,75.96899224806202,64.34108527131784,11.627906976744185
E00044638,117,39,9,30,78,70,8,33.33333333333333,7.6923076923076925,25.64102564102564,66.66666666666666,59.82905982905983,6.837606837606838
E00044639,130,31,9,22,99,91,8,23.846153846153847,6.923076923076923,16.923076923076923,76.15384615384615,70,6.153846153846154
E00044640,39,11,3,8,28,28,0,28.205128205128204,7.6923076923076925,20.51282051282051,71.7948717948718,71.7948717948718,0
E00044641,120,49,6,43,71,65,6,40.833333333333336,5,35.833333333333336,59.166666666666664,54.166666666666664,5
E00044642,62,19,4,15,43,34,9,30.64516129032258,6.451612903225806,24.193548387096776,69.35483870967742,54.83870967741935,14.516129032258066
E00044644,100,32,11,21,68,56,12,32,11,21,68,56.00000000000001,12
E00044645,93,33,12,21,60,53,7,35.483870967741936,12.903225806451612,22.58064516129032,64.51612903225806,56.98924731182796,7.526881720430108
E00044646,122,34,10,24,88,73,15,27.86885245901639,8.19672131147541,19.672131147540984,72.1311475409836,59.83606557377049,12.295081967213115
E00044647,134,32,8,24,102,88,14,23.88059701492537,5.970149253731343,17.91044776119403,76.11940298507463,65.67164179104478,10.44776119402985
E00044648,142,48,20,28,94,90,4,33.80281690140845,14.084507042253522,19.718309859154928,66.19718309859155,63.38028169014085,2.8169014084507045
E00044649,111,43,14,29,68,65,3,38.73873873873874,12.612612612612612,26.126126126126124,61.261261261261254,58.55855855855856,2.7027027027027026
E00044650,155,39,12,27,116,96,20,25.161290322580644,7.741935483870968,17.419354838709676,74.83870967741936,61.935483870967744,12.903225806451612
E00044651,305,62,18,44,243,204,39,20.327868852459016,5.901639344262295,14.426229508196723,79.67213114754098,66.88524590163935,12.786885245901638
E00044652,122,29,5,24,93,83,10,23.770491803278688,4.098360655737705,19.672131147540984,76.22950819672131,68.0327868852459,8.19672131147541
E00044653,138,35,11,24,103,90,13,25.36231884057971,7.971014492753622,17.391304347826086,74.63768115942028,65.21739130434783,9.420289855072465
E00044655,93,29,4,25,64,54,10,31.182795698924732,4.301075268817205,26.881720430107524,68.81720430107528,58.06451612903226,10.75268817204301
E00044656,166,50,14,36,116,101,15,30.120481927710845,8.433734939759036,21.686746987951807,69.87951807228916,60.8433734939759,9.036144578313253
E00044657,129,33,9,24,96,87,9,25.581395348837212,6.976744186046512,18.6046511627907,74.4186046511628,67.44186046511628,6.976744186046512
E00044658,272,88,15,73,184,162,22,32.35294117647059,5.514705882352941,26.838235294117645,67.64705882352942,59.55882352941176,8.088235294117647
E00044659,39,14,1,13,25,22,3,35.8974358974359,2.564102564102564,33.33333333333333,64.1025641025641,56.41025641025641,7.6923076923076925
E00044660,135,31,10,21,104,92,12,22.962962962962962,7.4074074074074066,15.555555555555555,77.03703703703704,68.14814814814815,8.88888888888889
E00044661,157,53,12,41,104,91,13,33.75796178343949,7.643312101910828,26.11464968152866,66.2420382165605,57.961783439490446,8.280254777070063
E00044662,80,26,7,19,54,50,4,32.5,8.75,23.75,67.5,62.5,5
E00044663,105,27,6,21,78,74,4,25.71428571428571,5.714285714285714,20,74.28571428571429,70.47619047619048,3.8095238095238098
E00044664,113,44,7,37,69,64,5,38.93805309734513,6.1946902654867255,32.743362831858406,61.06194690265486,56.63716814159292,4.424778761061947
E00044665,151,43,12,31,108,98,10,28.47682119205298,7.9470198675496695,20.52980132450331,71.52317880794702,64.90066225165563,6.622516556291391
E00044666,120,32,6,26,88,75,13,26.666666666666668,5,21.666666666666668,73.33333333333333,62.5,10.833333333333334
E00044668,112,23,2,21,89,79,10,20.535714285714285,1.7857142857142856,18.75,79.46428571428571,70.53571428571429,8.928571428571429
E00044669,122,30,7,23,92,89,3,24.59016393442623,5.737704918032787,18.852459016393443,75.40983606557377,72.95081967213115,2.459016393442623
E00044670,77,36,7,29,41,34,7,46.75324675324675,9.090909090909092,37.66233766233766,53.246753246753244,44.15584415584416,9.090909090909092
E00044671,60,22,6,16,38,32,6,36.666666666666664,10,26.666666666666668,63.33333333333333,53.333333333333336,10
E00044672,116,36,12,24,80,75,5,31.03448275862069,10.344827586206897,20.689655172413794,68.96551724137932,64.65517241379311,4.310344827586207
E00044673,114,30,8,22,84,77,7,26.31578947368421,7.017543859649122,19.298245614035086,73.68421052631578,67.54385964912281,6.140350877192982
E00044674,127,47,11,36,80,74,6,37.00787401574803,8.661417322834646,28.346456692913385,62.99212598425197,58.26771653543307,4.724409448818897
E00044675,251,58,16,42,193,167,26,23.107569721115535,6.374501992031872,16.733067729083665,76.89243027888446,66.53386454183267,10.358565737051793
E00044676,75,21,6,15,54,46,8,28.000000000000004,8,20,72,61.33333333333333,10.666666666666668
E00044677,132,36,8,28,96,83,13,27.27272727272727,6.0606060606060606,21.21212121212121,72.72727272727273,62.878787878787875,9.848484848484848
E00044682,114,35,6,29,79,71,8,30.701754385964914,5.263157894736842,25.438596491228072,69.2982456140351,62.28070175438597,7.017543859649122
E00044683,135,36,8,28,99,81,18,26.666666666666668,5.9259259259259265,20.74074074074074,73.33333333333333,60,13.333333333333334
E00044684,170,44,8,36,126,99,27,25.882352941176475,4.705882352941177,21.176470588235293,74.11764705882354,58.235294117647065,15.88235294117647
E00044685,103,32,11,21,71,60,11,31.06796116504854,10.679611650485436,20.388349514563107,68.93203883495146,58.252427184466015,10.679611650485436
E00044686,140,39,7,32,101,89,12,27.857142857142858,5,22.857142857142858,72.14285714285714,63.57142857142857,8.571428571428571
E00044687,118,34,16,18,84,79,5,28.8135593220339,13.559322033898304,15.254237288135593,71.1864406779661,66.94915254237289,4.23728813559322
E00044688,119,26,6,20,93,84,9,21.84873949579832,5.042016806722689,16.80672268907563,78.15126050420169,70.58823529411765,7.563025210084033
E00044689,131,47,14,33,84,75,9,35.87786259541985,10.687022900763358,25.190839694656486,64.12213740458014,57.25190839694656,6.870229007633588
E00044690,128,43,9,34,85,80,5,33.59375,7.03125,26.5625,66.40625,62.5,3.90625
E00044691,118,27,5,22,91,79,12,22.88135593220339,4.23728813559322,18.64406779661017,77.11864406779661,66.94915254237289,10.16949152542373
E00044692,93,25,6,19,68,60,8,26.881720430107524,6.451612903225806,20.43010752688172,73.11827956989248,64.51612903225806,8.60215053763441
E00044693,115,29,5,24,86,80,6,25.217391304347824,4.3478260869565215,20.869565217391305,74.78260869565217,69.56521739130434,5.217391304347826
E00044695,91,22,3,19,69,65,4,24.175824175824175,3.296703296703297,20.87912087912088,75.82417582417582,71.42857142857143,4.395604395604396
E00044696,138,47,8,39,91,77,14,34.05797101449276,5.797101449275362,28.26086956521739,65.94202898550725,55.79710144927537,10.144927536231885
E00044697,61,19,4,15,42,33,9,31.147540983606557,6.557377049180328,24.59016393442623,68.85245901639344,54.09836065573771,14.754098360655737
E00044698,138,32,6,26,106,95,11,23.18840579710145,4.3478260869565215,18.84057971014493,76.81159420289855,68.84057971014492,7.971014492753622
E00044699,64,21,7,14,43,43,0,32.8125,10.9375,21.875,67.1875,67.1875,0
E00044700,119,31,3,28,88,84,4,26.05042016806723,2.5210084033613445,23.52941176470588,73.94957983193278,70.58823529411765,3.361344537815126
E00044701,154,55,7,48,99,89,10,35.714285714285715,4.545454545454546,31.16883116883117,64.28571428571429,57.7922077922078,6.493506493506493
E00044702,127,39,9,30,88,81,7,30.708661417322837,7.086614173228346,23.62204724409449,69.29133858267717,63.77952755905512,5.511811023622047
E00044703,115,44,11,33,71,61,10,38.26086956521739,9.565217391304348,28.695652173913043,61.73913043478261,53.04347826086957,8.695652173913043
E00044704,119,37,9,28,82,78,4,31.092436974789916,7.563025210084033,23.52941176470588,68.90756302521008,65.54621848739495,3.361344537815126
E00044705,114,35,10,25,79,67,12,30.701754385964914,8.771929824561402,21.929824561403507,69.2982456140351,58.77192982456141,10.526315789473683
E00044706,130,37,9,28,93,84,9,28.46153846153846,6.923076923076923,21.53846153846154,71.53846153846153,64.61538461538461,6.923076923076923
E00044707,128,40,10,30,88,79,9,31.25,7.8125,23.4375,68.75,61.71875,7.03125
E00044708,125,40,10,30,85,78,7,32,8,24,68,62.4,5.6000000000000005
E00044709,104,30,3,27,74,65,9,28.846153846153843,2.8846153846153846,25.961538461538463,71.15384615384616,62.5,8.653846153846153
E00044710,126,40,13,27,86,77,9,31.746031746031743,10.317460317460316,21.428571428571427,68.25396825396825,61.111111111111114,7.142857142857142
E00044711,112,32,5,27,80,73,7,28.57142857142857,4.464285714285714,24.107142857142858,71.42857142857143,65.17857142857143,6.25
E00044712,108,46,14,32,62,57,5,42.592592592592595,12.962962962962962,29.629629629629626,57.407407407407405,52.77777777777778,4.62962962962963
E00044713,127,35,8,27,92,84,8,27.559055118110237,6.299212598425196,21.25984251968504,72.44094488188976,66.14173228346458,6.299212598425196
E00044714,137,46,16,30,91,83,8,33.57664233576642,11.678832116788321,21.897810218978105,66.42335766423358,60.58394160583942,5.839416058394161
E00044715,139,42,10,32,97,91,6,30.215827338129497,7.1942446043165464,23.021582733812952,69.7841726618705,65.46762589928058,4.316546762589928
E00044716,154,51,12,39,103,98,5,33.116883116883116,7.792207792207792,25.324675324675322,66.88311688311688,63.63636363636363,3.2467532467532463
E00044717,96,31,5,26,65,52,13,32.29166666666667,5.208333333333334,27.083333333333332,67.70833333333334,54.166666666666664,13.541666666666666
E00044718,164,46,14,32,118,106,12,28.04878048780488,8.536585365853659,19.51219512195122,71.95121951219512,64.63414634146342,7.317073170731707
E00044720,126,43,15,28,83,78,5,34.12698412698413,11.904761904761903,22.22222222222222,65.87301587301587,61.904761904761905,3.968253968253968
E00044721,142,40,8,32,102,94,8,28.169014084507044,5.633802816901409,22.535211267605636,71.83098591549296,66.19718309859155,5.633802816901409
E00044724,88,30,7,23,58,43,15,34.090909090909086,7.954545454545454,26.136363636363637,65.9090909090909,48.86363636363637,17.045454545454543
E00044725,145,40,15,25,105,95,10,27.586206896551722,10.344827586206897,17.24137931034483,72.41379310344827,65.51724137931035,6.896551724137931
E00044726,131,33,9,24,98,80,18,25.190839694656486,6.870229007633588,18.3206106870229,74.80916030534351,61.06870229007634,13.740458015267176
E00044728,142,51,15,36,91,82,9,35.91549295774648,10.56338028169014,25.352112676056336,64.08450704225352,57.74647887323944,6.338028169014084
E00044730,126,25,7,18,101,93,8,19.841269841269842,5.555555555555555,14.285714285714285,80.15873015873017,73.80952380952381,6.349206349206349
E00044731,113,21,3,18,92,82,10,18.58407079646018,2.6548672566371683,15.929203539823009,81.41592920353983,72.56637168141593,8.849557522123893
E00044732,230,50,15,35,180,159,21,21.73913043478261,6.521739130434782,15.217391304347828,78.26086956521739,69.1304347826087,9.130434782608695
E00044733,124,33,4,29,91,87,4,26.61290322580645,3.225806451612903,23.387096774193548,73.38709677419355,70.16129032258065,3.225806451612903
E00044734,76,26,6,20,50,47,3,34.21052631578947,7.894736842105263,26.31578947368421,65.78947368421053,61.8421052631579,3.9473684210526314
E00044735,100,25,9,16,75,71,4,25,9,16,75,71,4
E00044737,97,33,12,21,64,54,10,34.02061855670103,12.371134020618557,21.649484536082475,65.97938144329896,55.670103092783506,10.309278350515463
E00044738,234,66,15,51,168,148,20,28.205128205128204,6.41025641025641,21.794871794871796,71.7948717948718,63.24786324786324,8.547008547008547
E00044739,109,33,8,25,76,70,6,30.275229357798167,7.339449541284404,22.93577981651376,69.72477064220183,64.22018348623854,5.5045871559633035
E00044740,135,36,9,27,99,81,18,26.666666666666668,6.666666666666667,20,73.33333333333333,60,13.333333333333334
E00044741,143,37,12,25,106,94,12,25.874125874125873,8.391608391608392,17.482517482517483,74.12587412587412,65.73426573426573,8.391608391608392
E00044743,134,39,11,28,95,89,6,29.1044776119403,8.208955223880597,20.8955223880597,70.8955223880597,66.4179104477612,4.477611940298507
E00044744,84,28,7,21,56,53,3,33.33333333333333,8.333333333333332,25,66.66666666666666,63.095238095238095,3.571428571428571
E00044745,103,39,7,32,64,59,5,37.86407766990291,6.796116504854369,31.06796116504854,62.13592233009708,57.28155339805825,4.854368932038835
E00044746,140,41,12,29,99,87,12,29.28571428571429,8.571428571428571,20.714285714285715,70.71428571428572,62.142857142857146,8.571428571428571
E00044748,143,55,14,41,88,81,7,38.46153846153847,9.79020979020979,28.671328671328673,61.53846153846154,56.64335664335665,4.895104895104895
E00044749,135,46,15,31,89,77,12,34.074074074074076,11.11111111111111,22.962962962962962,65.92592592592592,57.03703703703704,8.88888888888889
E00044750,169,47,11,36,122,103,19,27.810650887573964,6.508875739644971,21.301775147928996,72.18934911242604,60.946745562130175,11.242603550295858
E00044751,166,44,11,33,122,114,8,26.506024096385545,6.626506024096386,19.879518072289155,73.49397590361446,68.67469879518072,4.819277108433735
E00044752,145,41,5,36,104,95,9,28.27586206896552,3.4482758620689653,24.82758620689655,71.72413793103448,65.51724137931035,6.206896551724138
E00044753,106,37,12,25,69,63,6,34.90566037735849,11.320754716981133,23.58490566037736,65.09433962264151,59.43396226415094,5.660377358490567
E00044754,101,37,10,27,64,59,5,36.633663366336634,9.900990099009901,26.732673267326735,63.366336633663366,58.415841584158414,4.9504950495049505
E00044755,110,31,4,27,79,70,9,28.18181818181818,3.6363636363636362,24.545454545454547,71.81818181818181,63.63636363636363,8.181818181818182
E00044756,132,51,15,36,81,73,8,38.63636363636363,11.363636363636363,27.27272727272727,61.36363636363637,55.3030303030303,6.0606060606060606
E00044757,112,44,10,34,68,61,7,39.285714285714285,8.928571428571429,30.357142857142854,60.71428571428571,54.46428571428571,6.25
E00044759,218,69,18,51,149,139,10,31.65137614678899,8.256880733944955,23.394495412844037,68.34862385321101,63.76146788990825,4.587155963302752
E00044760,104,46,14,32,58,57,1,44.230769230769226,13.461538461538462,30.76923076923077,55.769230769230774,54.807692307692314,0.9615384615384616
E00044761,104,35,10,25,69,64,5,33.65384615384615,9.615384615384617,24.03846153846154,66.34615384615384,61.53846153846154,4.807692307692308
E00044762,115,43,8,35,72,65,7,37.391304347826086,6.956521739130435,30.434782608695656,62.60869565217392,56.52173913043478,6.086956521739131
E00044763,86,34,12,22,52,44,8,39.53488372093023,13.953488372093023,25.581395348837212,60.46511627906976,51.162790697674424,9.30232558139535
E00044764,85,22,4,18,63,57,6,25.882352941176475,4.705882352941177,21.176470588235293,74.11764705882354,67.05882352941175,7.0588235294117645
E00044765,69,27,8,19,42,42,0,39.130434782608695,11.594202898550725,27.536231884057973,60.86956521739131,60.86956521739131,0
E00044766,103,45,10,35,58,52,6,43.689320388349515,9.70873786407767,33.980582524271846,56.310679611650485,50.48543689320388,5.825242718446602
E00044767,157,52,10,42,105,95,10,33.12101910828025,6.369426751592357,26.751592356687897,66.87898089171973,60.509554140127385,6.369426751592357
E00044768,112,40,9,31,72,72,0,35.714285714285715,8.035714285714286,27.67857142857143,64.28571428571429,64.28571428571429,0
E00044769,139,43,11,32,96,93,3,30.935251798561154,7.913669064748201,23.021582733812952,69.06474820143885,66.90647482014388,2.158273381294964
E00044770,115,30,10,20,85,72,13,26.08695652173913,8.695652173913043,17.391304347826086,73.91304347826086,62.60869565217392,11.304347826086957
E00044771,97,27,5,22,70,67,3,27.835051546391753,5.154639175257731,22.68041237113402,72.16494845360825,69.0721649484536,3.0927835051546393
E00044772,116,46,11,35,70,62,8,39.6551724137931,9.482758620689655,30.17241379310345,60.3448275862069,53.44827586206896,6.896551724137931
E00044773,42,16,6,10,26,19,7,38.095238095238095,14.285714285714285,23.809523809523807,61.904761904761905,45.23809523809524,16.666666666666664
E00044774,109,39,10,29,70,68,2,35.77981651376147,9.174311926605505,26.605504587155966,64.22018348623854,62.38532110091744,1.834862385321101
E00044775,100,36,13,23,64,60,4,36,13,23,64,60,4
E00044776,82,35,5,30,47,44,3,42.68292682926829,6.097560975609756,36.58536585365854,57.3170731707317,53.65853658536586,3.6585365853658534
E00044777,112,37,4,33,75,69,6,33.035714285714285,3.571428571428571,29.464285714285715,66.96428571428571,61.60714285714286,5.357142857142857
E00044778,63,25,5,20,38,34,4,39.682539682539684,7.936507936507936,31.746031746031743,60.317460317460316,53.96825396825397,6.349206349206349
E00044779,125,50,11,39,75,72,3,40,8.799999999999999,31.2,60,57.599999999999994,2.4
E00044780,80,26,4,22,54,47,7,32.5,5,27.500000000000004,67.5,58.75,8.75
E00044781,120,26,7,19,94,86,8,21.666666666666668,5.833333333333333,15.833333333333332,78.33333333333333,71.66666666666667,6.666666666666667
E00044782,117,43,7,36,74,70,4,36.75213675213676,5.982905982905983,30.76923076923077,63.24786324786324,59.82905982905983,3.418803418803419
E00044783,85,28,10,18,57,48,9,32.94117647058823,11.76470588235294,21.176470588235293,67.05882352941175,56.470588235294116,10.588235294117647
E00044784,123,42,10,32,81,72,9,34.146341463414636,8.130081300813007,26.01626016260163,65.85365853658537,58.536585365853654,7.317073170731707
E00044785,91,49,15,34,42,36,6,53.84615384615385,16.483516483516482,37.362637362637365,46.15384615384615,39.56043956043956,6.593406593406594
E00044786,90,31,6,25,59,51,8,34.44444444444444,6.666666666666667,27.77777777777778,65.55555555555556,56.666666666666664,8.88888888888889
E00044787,134,51,18,33,83,77,6,38.059701492537314,13.432835820895523,24.62686567164179,61.940298507462686,57.46268656716418,4.477611940298507
E00044788,120,39,17,22,81,71,10,32.5,14.166666666666666,18.333333333333332,67.5,59.166666666666664,8.333333333333332
E00044789,81,33,11,22,48,42,6,40.74074074074074,13.580246913580247,27.160493827160494,59.25925925925925,51.85185185185185,7.4074074074074066
E00044790,94,38,9,29,56,56,0,40.42553191489361,9.574468085106384,30.851063829787233,59.57446808510638,59.57446808510638,0
E00044791,115,46,9,37,69,61,8,40,7.82608695652174,32.17391304347826,60,53.04347826086957,6.956521739130435
E00044792,112,38,8,30,74,69,5,33.92857142857143,7.142857142857142,26.785714285714285,66.07142857142857,61.60714285714286,4.464285714285714
E00044793,116,41,6,35,75,71,4,35.3448275862069,5.172413793103448,30.17241379310345,64.65517241379311,61.206896551724135,3.4482758620689653
E00044794,104,39,10,29,65,55,10,37.5,9.615384615384617,27.884615384615387,62.5,52.88461538461539,9.615384615384617
E00044795,50,18,4,14,32,31,1,36,8,28.000000000000004,64,62,2
E00044796,103,30,6,24,73,59,14,29.126213592233007,5.825242718446602,23.300970873786408,70.87378640776699,57.28155339805825,13.592233009708737
E00044797,74,31,10,21,43,38,5,41.891891891891895,13.513513513513514,28.37837837837838,58.108108108108105,51.35135135135135,6.756756756756757
E00044798,144,54,17,37,90,87,3,37.5,11.805555555555555,25.694444444444443,62.5,60.416666666666664,2.083333333333333
E00044799,107,29,11,18,78,68,10,27.102803738317753,10.2803738317757,16.822429906542055,72.89719626168224,63.55140186915887,9.345794392523365
E00044800,122,43,10,33,79,73,6,35.24590163934426,8.19672131147541,27.049180327868854,64.75409836065575,59.83606557377049,4.918032786885246
E00044801,146,38,8,30,108,98,10,26.027397260273972,5.47945205479452,20.54794520547945,73.97260273972603,67.12328767123287,6.8493150684931505
E00044802,109,29,3,26,80,71,9,26.605504587155966,2.7522935779816518,23.853211009174313,73.39449541284404,65.13761467889908,8.256880733944955
E00044803,153,53,15,38,100,92,8,34.64052287581699,9.803921568627452,24.836601307189543,65.359477124183,60.130718954248366,5.228758169934641
E00044804,117,37,10,27,80,73,7,31.62393162393162,8.547008547008547,23.076923076923077,68.37606837606837,62.39316239316239,5.982905982905983
E00044805,118,37,7,30,81,70,11,31.35593220338983,5.932203389830509,25.423728813559322,68.64406779661016,59.32203389830508,9.322033898305085
E00044806,115,41,7,34,74,72,2,35.65217391304348,6.086956521739131,29.565217391304348,64.34782608695652,62.60869565217392,1.7391304347826086
E00044807,63,24,5,19,39,38,1,38.095238095238095,7.936507936507936,30.158730158730158,61.904761904761905,60.317460317460316,1.5873015873015872
E00044808,105,41,12,29,64,60,4,39.04761904761905,11.428571428571429,27.61904761904762,60.952380952380956,57.14285714285714,3.8095238095238098
E00044809,81,27,5,22,54,48,6,33.33333333333333,6.172839506172839,27.160493827160494,66.66666666666666,59.25925925925925,7.4074074074074066
E00044810,105,37,7,30,68,64,4,35.23809523809524,6.666666666666667,28.57142857142857,64.76190476190476,60.952380952380956,3.8095238095238098
E00044811,110,31,10,21,79,74,5,28.18181818181818,9.090909090909092,19.090909090909093,71.81818181818181,67.27272727272727,4.545454545454546
E00044812,122,49,9,40,73,73,0,40.16393442622951,7.377049180327869,32.78688524590164,59.83606557377049,59.83606557377049,0
E00044813,107,31,9,22,76,71,5,28.971962616822427,8.411214953271028,20.5607476635514,71.02803738317756,66.35514018691589,4.672897196261682
E00044814,128,54,16,38,74,65,9,42.1875,12.5,29.6875,57.8125,50.78125,7.03125
E00044815,100,29,5,24,71,64,7,28.999999999999996,5,24,71,64,7.000000000000001
E00044816,122,34,10,24,88,80,8,27.86885245901639,8.19672131147541,19.672131147540984,72.1311475409836,65.57377049180327,6.557377049180328
E00044817,115,48,9,39,67,58,9,41.73913043478261,7.82608695652174,33.91304347826087,58.26086956521739,50.43478260869565,7.82608695652174
E00044818,73,25,5,20,48,45,3,34.24657534246575,6.8493150684931505,27.397260273972602,65.75342465753424,61.64383561643836,4.10958904109589
E00044819,106,41,9,32,65,58,7,38.67924528301887,8.49056603773585,30.18867924528302,61.32075471698113,54.71698113207547,6.60377358490566
E00044820,113,31,7,24,82,73,9,27.43362831858407,6.1946902654867255,21.238938053097346,72.56637168141593,64.60176991150442,7.964601769911504
E00044821,104,34,7,27,70,66,4,32.69230769230769,6.730769230769231,25.961538461538463,67.3076923076923,63.46153846153846,3.8461538461538463
E00044822,82,35,1,34,47,40,7,42.68292682926829,1.2195121951219512,41.46341463414634,57.3170731707317,48.78048780487805,8.536585365853659
E00044823,111,36,9,27,75,67,8,32.432432432432435,8.108108108108109,24.324324324324326,67.56756756756756,60.36036036036037,7.207207207207207
E00044824,105,36,9,27,69,59,10,34.285714285714285,8.571428571428571,25.71428571428571,65.71428571428571,56.19047619047619,9.523809523809524
E00044825,104,35,6,29,69,64,5,33.65384615384615,5.769230769230769,27.884615384615387,66.34615384615384,61.53846153846154,4.807692307692308
E00044826,112,40,13,27,72,64,8,35.714285714285715,11.607142857142858,24.107142857142858,64.28571428571429,57.14285714285714,7.142857142857142
E00044827,111,50,11,39,61,57,4,45.04504504504504,9.90990990990991,35.13513513513514,54.95495495495496,51.35135135135135,3.6036036036036037
E00044828,38,13,2,11,25,21,4,34.21052631578947,5.263157894736842,28.947368421052634,65.78947368421053,55.26315789473685,10.526315789473683
E00044829,103,38,9,29,65,61,4,36.89320388349515,8.737864077669903,28.155339805825243,63.10679611650486,59.22330097087378,3.8834951456310676
E00044830,98,39,10,29,59,58,1,39.795918367346935,10.204081632653061,29.591836734693878,60.204081632653065,59.183673469387756,1.0204081632653061
E00044831,106,29,12,17,77,65,12,27.358490566037734,11.320754716981133,16.037735849056602,72.64150943396226,61.32075471698113,11.320754716981133
E00044832,113,35,12,23,78,74,4,30.973451327433626,10.619469026548673,20.353982300884958,69.02654867256636,65.48672566371681,3.5398230088495577
E00044833,147,78,21,57,69,62,7,53.06122448979592,14.285714285714285,38.775510204081634,46.93877551020408,42.17687074829932,4.761904761904762
E00044835,68,29,12,17,39,37,2,42.64705882352941,17.647058823529413,25,57.35294117647059,54.41176470588235,2.941176470588235
E00044836,56,16,7,9,40,40,0,28.57142857142857,12.5,16.071428571428573,71.42857142857143,71.42857142857143,0
E00044837,61,18,2,16,43,39,4,29.508196721311474,3.278688524590164,26.229508196721312,70.49180327868852,63.934426229508205,6.557377049180328
E00044838,120,37,11,26,83,66,17,30.833333333333336,9.166666666666666,21.666666666666668,69.16666666666667,55.00000000000001,14.166666666666666
E00044839,141,54,14,40,87,76,11,38.297872340425535,9.929078014184398,28.368794326241137,61.702127659574465,53.90070921985816,7.801418439716312
E00044841,66,27,16,11,39,32,7,40.909090909090914,24.242424242424242,16.666666666666664,59.09090909090909,48.484848484848484,10.606060606060606
E00044842,121,50,14,36,71,63,8,41.32231404958678,11.570247933884298,29.75206611570248,58.67768595041323,52.066115702479344,6.6115702479338845
E00044843,92,30,7,23,62,50,12,32.608695652173914,7.608695652173914,25,67.3913043478261,54.347826086956516,13.043478260869565
E00044844,149,50,17,33,99,86,13,33.557046979865774,11.409395973154362,22.14765100671141,66.44295302013423,57.71812080536913,8.724832214765101
E00044845,116,40,9,31,76,72,4,34.48275862068966,7.758620689655173,26.72413793103448,65.51724137931035,62.06896551724138,3.4482758620689653
E00044846,109,38,10,28,71,68,3,34.862385321100916,9.174311926605505,25.688073394495415,65.13761467889908,62.38532110091744,2.7522935779816518
E00044847,137,48,15,33,89,79,10,35.03649635036496,10.948905109489052,24.087591240875913,64.96350364963503,57.66423357664233,7.2992700729927
E00044848,118,23,6,17,95,89,6,19.491525423728813,5.084745762711865,14.40677966101695,80.50847457627118,75.42372881355932,5.084745762711865
E00044849,146,41,14,27,105,87,18,28.08219178082192,9.58904109589041,18.493150684931507,71.91780821917808,59.589041095890416,12.32876712328767
E00044850,106,47,9,38,59,55,4,44.339622641509436,8.49056603773585,35.84905660377358,55.660377358490564,51.886792452830186,3.7735849056603774
E00044851,153,50,13,37,103,96,7,32.6797385620915,8.49673202614379,24.183006535947712,67.3202614379085,62.745098039215684,4.57516339869281
E00044852,170,61,14,47,109,102,7,35.88235294117647,8.235294117647058,27.647058823529413,64.11764705882354,60,4.117647058823529
E00044853,116,33,15,18,83,72,11,28.448275862068968,12.931034482758621,15.517241379310345,71.55172413793103,62.06896551724138,9.482758620689655
E00044854,135,46,12,34,89,80,9,34.074074074074076,8.88888888888889,25.185185185185183,65.92592592592592,59.25925925925925,6.666666666666667
E00044855,112,27,6,21,85,76,9,24.107142857142858,5.357142857142857,18.75,75.89285714285714,67.85714285714286,8.035714285714286
E00044856,172,35,14,21,137,113,24,20.348837209302324,8.13953488372093,12.209302325581394,79.65116279069767,65.69767441860465,13.953488372093023
E00044857,109,28,0,28,81,68,13,25.688073394495415,0,25.688073394495415,74.31192660550458,62.38532110091744,11.926605504587156
E00044858,167,57,19,38,110,94,16,34.13173652694611,11.377245508982035,22.75449101796407,65.86826347305389,56.287425149700596,9.580838323353294
E00044859,154,47,16,31,107,95,12,30.519480519480517,10.38961038961039,20.12987012987013,69.48051948051948,61.68831168831169,7.792207792207792
E00044860,154,49,7,42,105,96,9,31.818181818181817,4.545454545454546,27.27272727272727,68.18181818181817,62.33766233766234,5.844155844155844
E00044861,57,17,7,10,40,33,7,29.82456140350877,12.280701754385964,17.543859649122805,70.17543859649122,57.89473684210527,12.280701754385964
E00044862,171,50,19,31,121,103,18,29.239766081871345,11.11111111111111,18.128654970760234,70.76023391812866,60.23391812865497,10.526315789473683
E00044863,187,41,12,29,146,131,15,21.92513368983957,6.417112299465241,15.508021390374333,78.07486631016043,70.05347593582889,8.0213903743315509
E00044864,107,35,8,27,72,63,9,32.71028037383177,7.476635514018691,25.233644859813083,67.28971962616822,58.87850467289719,8.411214953271028
E00044865,138,40,9,31,98,91,7,28.985507246376812,6.521739130434782,22.463768115942027,71.01449275362319,65.94202898550725,5.072463768115942
E00044866,67,18,7,11,49,44,5,26.865671641791046,10.44776119402985,16.417910447761194,73.13432835820896,65.67164179104478,7.462686567164178
E00044867,117,35,3,32,82,73,9,29.914529914529915,2.564102564102564,27.350427350427353,70.08547008547008,62.39316239316239,7.6923076923076925
E00044868,106,38,6,32,68,59,9,35.84905660377358,5.660377358490567,30.18867924528302,64.15094339622641,55.660377358490564,8.49056603773585
E00044869,92,28,9,19,64,54,10,30.434782608695656,9.782608695652174,20.652173913043477,69.56521739130434,58.69565217391305,10.869565217391305
E00044870,111,39,11,28,72,65,7,35.13513513513514,9.90990990990991,25.225225225225223,64.86486486486487,58.55855855855856,6.306306306306306
E00044871,89,38,9,29,51,48,3,42.69662921348314,10.112359550561797,32.58426966292135,57.30337078651685,53.93258426966292,3.3707865168539324
E00044872,54,15,0,15,39,34,5,27.77777777777778,0,27.77777777777778,72.22222222222221,62.96296296296296,9.25925925925926
E00044873,113,36,8,28,77,75,2,31.858407079646017,7.079646017699115,24.778761061946902,68.14159292035397,66.3716814159292,1.7699115044247788
E00044874,96,34,8,26,62,57,5,35.41666666666667,8.333333333333332,27.083333333333332,64.58333333333334,59.375,5.208333333333334
E00044875,98,34,11,23,64,64,0,34.69387755102041,11.224489795918368,23.46938775510204,65.3061224489796,65.3061224489796,0
E00044876,82,33,6,27,49,45,4,40.243902439024396,7.317073170731707,32.926829268292686,59.756097560975604,54.87804878048781,4.878048780487805
E00044877,129,39,14,25,90,85,5,30.23255813953488,10.852713178294573,19.379844961240313,69.76744186046511,65.89147286821705,3.875968992248062
E00044878,137,43,7,36,94,90,4,31.386861313868614,5.109489051094891,26.277372262773724,68.61313868613139,65.69343065693431,2.9197080291970803
E00044879,60,16,1,15,44,39,5,26.666666666666668,1.6666666666666667,25,73.33333333333333,65,8.333333333333332
E00044880,143,35,11,24,108,94,14,24.475524475524477,7.6923076923076925,16.783216783216783,75.52447552447552,65.73426573426573,9.79020979020979
E00044881,137,34,6,28,103,90,13,24.817518248175183,4.37956204379562,20.437956204379564,75.18248175182481,65.69343065693431,9.48905109489051
E00044882,127,44,13,31,83,82,1,34.645669291338585,10.236220472440944,24.409448818897637,65.35433070866141,64.56692913385827,0.7874015748031495
E00044883,68,19,7,12,49,43,6,27.941176470588236,10.294117647058822,17.647058823529413,72.05882352941177,63.23529411764706,8.823529411764707
E00044884,114,38,11,27,76,70,6,33.33333333333333,9.649122807017543,23.684210526315788,66.66666666666666,61.40350877192983,5.263157894736842
E00044885,104,31,9,22,73,70,3,29.807692307692307,8.653846153846153,21.153846153846153,70.1923076923077,67.3076923076923,2.8846153846153846
E00044886,140,38,8,30,102,90,12,27.142857142857142,5.714285714285714,21.428571428571427,72.85714285714285,64.28571428571429,8.571428571428571
E00044887,126,35,5,30,91,79,12,27.77777777777778,3.968253968253968,23.809523809523807,72.22222222222221,62.698412698412696,9.523809523809524
E00044888,102,46,13,33,56,48,8,45.09803921568628,12.745098039215685,32.35294117647059,54.90196078431373,47.05882352941176,7.8431372549019605
E00044889,65,26,9,17,39,39,0,40,13.846153846153847,26.153846153846157,60,60,0
E00044890,85,36,5,31,49,45,4,42.35294117647059,5.88235294117647,36.470588235294116,57.647058823529406,52.94117647058824,4.705882352941177
E00044891,101,36,10,26,65,56,9,35.64356435643564,9.900990099009901,25.742574257425744,64.35643564356435,55.44554455445545,8.91089108910891
E00044892,151,54,13,41,97,86,11,35.76158940397351,8.609271523178808,27.1523178807947,64.23841059602648,56.95364238410596,7.28476821192053
E00044893,126,47,11,36,79,71,8,37.301587301587304,8.73015873015873,28.57142857142857,62.698412698412696,56.34920634920635,6.349206349206349
E00044894,93,25,10,15,68,59,9,26.881720430107524,10.75268817204301,16.129032258064516,73.11827956989248,63.44086021505376,9.67741935483871
E00044895,137,35,9,26,102,89,13,25.547445255474454,6.569343065693431,18.97810218978102,74.45255474452554,64.96350364963503,9.48905109489051
E00044896,156,51,18,33,105,94,11,32.69230769230769,11.538461538461538,21.153846153846153,67.3076923076923,60.256410256410255,7.051282051282051
E00044897,109,28,4,24,81,72,9,25.688073394495415,3.669724770642202,22.018348623853214,74.31192660550458,66.05504587155964,8.256880733944955
E00044898,160,42,14,28,118,95,23,26.25,8.75,17.5,73.75,59.375,14.374999999999998
E00044899,155,37,12,25,118,109,9,23.870967741935484,7.741935483870968,16.129032258064516,76.12903225806451,70.3225806451613,5.806451612903226
E00044900,125,32,11,21,93,81,12,25.6,8.799999999999999,16.8,74.4,64.8,9.6
E00044901,139,33,5,28,106,94,12,23.741007194244602,3.5971223021582732,20.14388489208633,76.2589928057554,67.62589928057554,8.633093525179856
E00044902,114,40,11,29,74,65,9,35.08771929824561,9.649122807017543,25.438596491228072,64.91228070175438,57.01754385964912,7.894736842105263
E00044903,102,28,5,23,74,59,15,27.450980392156865,4.901960784313726,22.54901960784314,72.54901960784314,57.84313725490197,14.705882352941178
E00044904,150,36,10,26,114,100,14,24,6.666666666666667,17.333333333333336,76,66.66666666666666,9.333333333333334
E00044905,122,22,8,14,100,89,11,18.0327868852459,6.557377049180328,11.475409836065573,81.9672131147541,72.95081967213115,9.01639344262295
E00044906,215,51,16,35,164,136,28,23.72093023255814,7.441860465116279,16.27906976744186,76.27906976744187,63.25581395348837,13.023255813953488
E00044907,55,9,4,5,46,38,8,16.363636363636363,7.2727272727272725,9.090909090909092,83.63636363636363,69.0909090909091,14.545454545454545
E00044908,117,38,14,24,79,73,6,32.47863247863248,11.965811965811966,20.51282051282051,67.52136752136752,62.39316239316239,5.128205128205128
E00044909,125,41,13,28,84,73,11,32.800000000000004,10.4,22.400000000000002,67.2,58.4,8.799999999999999
E00044910,152,47,11,36,105,94,11,30.92105263157895,7.236842105263158,23.684210526315788,69.07894736842105,61.8421052631579,7.236842105263158
E00044911,124,35,8,27,89,79,10,28.225806451612907,6.451612903225806,21.774193548387096,71.7741935483871,63.70967741935484,8.064516129032258
E00044912,53,13,3,10,40,37,3,24.528301886792452,5.660377358490567,18.867924528301888,75.47169811320755,69.81132075471697,5.660377358490567
E00044913,150,37,16,21,113,94,19,24.666666666666668,10.666666666666668,14.000000000000002,75.33333333333333,62.66666666666667,12.666666666666668
E00044914,149,45,15,30,104,92,12,30.201342281879196,10.06711409395973,20.13422818791946,69.79865771812081,61.74496644295302,8.053691275167784
E00044915,109,30,10,20,79,67,12,27.522935779816514,9.174311926605505,18.34862385321101,72.47706422018348,61.46788990825688,11.009174311926607
E00044916,145,43,10,33,102,94,8,29.655172413793103,6.896551724137931,22.758620689655174,70.34482758620689,64.82758620689654,5.517241379310345
E00044917,122,41,13,28,81,75,6,33.60655737704918,10.655737704918032,22.950819672131146,66.39344262295081,61.47540983606557,4.918032786885246
E00044918,101,28,9,19,73,59,14,27.722772277227726,8.91089108910891,18.81188118811881,72.27722772277228,58.415841584158414,13.861386138613863
E00044919,118,34,8,26,84,74,10,28.8135593220339,6.779661016949152,22.033898305084744,71.1864406779661,62.71186440677966,8.47457627118644
E00044920,128,46,15,31,82,70,12,35.9375,11.71875,24.21875,64.0625,54.6875,9.375
E00044921,127,40,7,33,87,78,9,31.496062992125985,5.511811023622047,25.984251968503933,68.50393700787401,61.417322834645674,7.086614173228346
E00044922,86,33,8,25,53,42,11,38.372093023255815,9.30232558139535,29.069767441860467,61.627906976744185,48.837209302325576,12.790697674418606
E00044923,131,33,5,28,98,88,10,25.190839694656486,3.816793893129771,21.374045801526716,74.80916030534351,67.17557251908397,7.633587786259542
E00044925,104,34,9,25,70,63,7,32.69230769230769,8.653846153846153,24.03846153846154,67.3076923076923,60.57692307692307,6.730769230769231
E00044926,145,50,15,35,95,86,9,34.48275862068966,10.344827586206897,24.137931034482758,65.51724137931035,59.310344827586206,6.206896551724138
E00044927,134,40,11,29,94,85,9,29.850746268656714,8.208955223880597,21.641791044776117,70.1492537313433,63.43283582089553,6.7164179104477615
E00044928,112,35,13,22,77,65,12,31.25,11.607142857142858,19.642857142857142,68.75,58.03571428571429,10.714285714285714
E00044929,112,31,8,23,81,71,10,27.67857142857143,7.142857142857142,20.535714285714285,72.32142857142857,63.39285714285714,8.928571428571429
E00044930,147,33,7,26,114,103,11,22.448979591836736,4.761904761904762,17.687074829931973,77.55102040816327,70.06802721088435,7.482993197278912
E00044931,178,51,13,38,127,109,18,28.651685393258425,7.303370786516854,21.34831460674157,71.34831460674157,61.23595505617978,10.112359550561797
E00044932,116,28,10,18,88,77,11,24.137931034482758,8.620689655172415,15.517241379310345,75.86206896551724,66.37931034482759,9.482758620689655
E00044933,84,26,8,18,58,52,6,30.952380952380953,9.523809523809524,21.428571428571427,69.04761904761905,61.904761904761905,7.142857142857142
E00044934,68,29,8,21,39,34,5,42.64705882352941,11.76470588235294,30.88235294117647,57.35294117647059,50,7.352941176470589
E00044935,122,38,11,27,84,80,4,31.147540983606557,9.01639344262295,22.131147540983605,68.85245901639344,65.57377049180327,3.278688524590164
E00044936,110,44,10,34,66,64,2,40,9.090909090909092,30.909090909090907,60,58.18181818181818,1.8181818181818181
E00044937,92,30,8,22,62,62,0,32.608695652173914,8.695652173913043,23.91304347826087,67.3913043478261,67.3913043478261,0
E00044938,77,26,10,16,51,47,4,33.76623376623377,12.987012987012985,20.77922077922078,66.23376623376623,61.038961038961034,5.194805194805195
E00044939,109,30,9,21,79,73,6,27.522935779816514,8.256880733944955,19.26605504587156,72.47706422018348,66.97247706422019,5.5045871559633035
E00044940,117,49,11,38,68,68,0,41.88034188034188,9.401709401709402,32.47863247863248,58.119658119658126,58.119658119658126,0
E00044941,139,45,10,35,94,84,10,32.37410071942446,7.1942446043165464,25.179856115107913,67.62589928057554,60.431654676258994,7.1942446043165464
E00044942,116,31,6,25,85,80,5,26.72413793103448,5.172413793103448,21.551724137931032,73.27586206896551,68.96551724137932,4.310344827586207
E00044943,153,44,11,33,109,97,12,28.75816993464052,7.18954248366013,21.568627450980394,71.24183006535948,63.39869281045751,7.8431372549019605
E00044944,227,42,10,32,185,158,27,18.502202643171806,4.405286343612335,14.096916299559473,81.4977973568282,69.60352422907489,11.894273127753303
E00044945,56,10,1,9,46,46,0,17.857142857142858,1.7857142857142856,16.071428571428573,82.14285714285714,82.14285714285714,0
E00044946,70,18,7,11,52,52,0,25.71428571428571,10,15.714285714285714,74.28571428571429,74.28571428571429,0
E00044947,70,21,3,18,49,44,5,30,4.285714285714286,25.71428571428571,70,62.857142857142854,7.142857142857142
E00044948,92,36,11,25,56,54,2,39.130434782608695,11.956521739130435,27.173913043478258,60.86956521739131,58.69565217391305,2.1739130434782608
E00044949,141,36,12,24,105,95,10,25.53191489361702,8.51063829787234,17.02127659574468,74.46808510638297,67.37588652482269,7.092198581560284
E00044950,219,50,14,36,169,152,17,22.831050228310502,6.392694063926941,16.43835616438356,77.1689497716895,69.40639269406392,7.76255707762557
E00044951,132,40,7,33,92,82,10,30.303030303030305,5.303030303030303,25,69.6969696969697,62.121212121212125,7.575757575757576
E00044952,98,23,3,20,75,67,8,23.46938775510204,3.061224489795918,20.408163265306122,76.53061224489795,68.36734693877551,8.16326530612245
E00044953,124,39,7,32,85,78,7,31.451612903225808,5.64516129032258,25.806451612903224,68.54838709677419,62.903225806451616,5.64516129032258
E00044954,102,31,8,23,71,59,12,30.392156862745097,7.8431372549019605,22.54901960784314,69.6078431372549,57.84313725490197,11.76470588235294
E00044955,109,33,10,23,76,67,9,30.275229357798167,9.174311926605505,21.100917431192663,69.72477064220183,61.46788990825688,8.256880733944955
E00044956,69,17,4,13,52,45,7,24.637681159420293,5.797101449275362,18.84057971014493,75.36231884057972,65.21739130434783,10.144927536231885
E00044957,73,21,6,15,52,50,2,28.767123287671232,8.21917808219178,20.54794520547945,71.23287671232876,68.4931506849315,2.73972602739726
E00044958,70,20,4,16,50,44,6,28.57142857142857,5.714285714285714,22.857142857142858,71.42857142857143,62.857142857142854,8.571428571428571
E00044959,149,41,9,32,108,103,5,27.516778523489933,6.0402684563758395,21.476510067114095,72.48322147651007,69.12751677852349,3.3557046979865772
E00044960,83,27,3,24,56,51,5,32.53012048192771,3.614457831325301,28.915662650602407,67.46987951807229,61.44578313253012,6.024096385542169
E00044961,93,31,6,25,62,55,7,33.33333333333333,6.451612903225806,26.881720430107524,66.66666666666666,59.13978494623656,7.526881720430108
E00044962,97,27,2,25,70,65,5,27.835051546391753,2.0618556701030926,25.773195876288657,72.16494845360825,67.0103092783505,5.154639175257731
E00044963,119,43,8,35,76,61,15,36.134453781512605,6.722689075630252,29.411764705882355,63.86554621848739,51.26050420168067,12.605042016806722
E00044964,71,15,4,11,56,46,10,21.12676056338028,5.633802816901409,15.492957746478872,78.87323943661971,64.7887323943662,14.084507042253522
E00044965,90,28,7,21,62,62,0,31.11111111111111,7.777777777777778,23.333333333333332,68.88888888888889,68.88888888888889,0
E00044966,116,37,6,31,79,66,13,31.896551724137932,5.172413793103448,26.72413793103448,68.10344827586206,56.896551724137936,11.206896551724139
E00044967,80,33,7,26,47,43,4,41.25,8.75,32.5,58.75,53.75,5
E00044968,126,32,8,24,94,82,12,25.396825396825395,6.349206349206349,19.047619047619047,74.60317460317461,65.07936507936508,9.523809523809524
E00044969,111,34,8,26,77,74,3,30.630630630630627,7.207207207207207,23.423423423423422,69.36936936936937,66.66666666666666,2.7027027027027026
E00044970,113,27,10,17,86,78,8,23.893805309734514,8.849557522123893,15.04424778761062,76.10619469026548,69.02654867256636,7.079646017699115
E00044971,81,20,6,14,61,55,6,24.691358024691358,7.4074074074074066,17.28395061728395,75.30864197530865,67.90123456790124,7.4074074074074066
E00044972,102,25,8,17,77,67,10,24.509803921568626,7.8431372549019605,16.666666666666664,75.49019607843137,65.68627450980392,9.803921568627452
E00044973,100,24,6,18,76,67,9,24,6,18,76,67,9
E00044974,129,40,9,31,89,76,13,31.007751937984494,6.976744186046512,24.031007751937985,68.9922480620155,58.91472868217055,10.077519379844961
E00044975,93,25,6,19,68,62,6,26.881720430107524,6.451612903225806,20.43010752688172,73.11827956989248,66.66666666666666,6.451612903225806
E00044976,97,21,10,11,76,70,6,21.649484536082475,10.309278350515463,11.34020618556701,78.35051546391753,72.16494845360825,6.185567010309279
E00044977,122,26,3,23,96,83,13,21.311475409836063,2.459016393442623,18.852459016393443,78.68852459016394,68.0327868852459,10.655737704918032
E00044978,111,30,6,24,81,73,8,27.027027027027028,5.405405405405405,21.62162162162162,72.97297297297297,65.76576576576578,7.207207207207207
E00044979,108,29,6,23,79,71,8,26.851851851851855,5.555555555555555,21.296296296296298,73.14814814814815,65.74074074074075,7.4074074074074066
E00044980,98,25,8,17,73,67,6,25.510204081632654,8.16326530612245,17.346938775510203,74.48979591836735,68.36734693877551,6.122448979591836
E00044981,113,30,7,23,83,71,12,26.548672566371685,6.1946902654867255,20.353982300884958,73.45132743362832,62.83185840707964,10.619469026548673
E00044982,81,24,4,20,57,51,6,29.629629629629626,4.938271604938271,24.691358024691358,70.37037037037037,62.96296296296296,7.4074074074074066
E00044983,101,23,10,13,78,74,4,22.772277227722775,9.900990099009901,12.871287128712872,77.22772277227723,73.26732673267327,3.9603960396039604
E00044984,78,20,3,17,58,52,6,25.64102564102564,3.8461538461538463,21.794871794871796,74.35897435897436,66.66666666666666,7.6923076923076925
E00044985,96,32,8,24,64,56,8,33.33333333333333,8.333333333333332,25,66.66666666666666,58.333333333333336,8.333333333333332
E00044986,133,26,6,20,107,91,16,19.548872180451127,4.511278195488721,15.037593984962406,80.45112781954887,68.42105263157895,12.030075187969924
E00044987,95,33,7,26,62,57,5,34.73684210526316,7.368421052631578,27.368421052631582,65.26315789473685,60,5.263157894736842
E00044988,90,25,5,20,65,57,8,27.77777777777778,5.555555555555555,22.22222222222222,72.22222222222221,63.33333333333333,8.88888888888889
E00044989,150,47,10,37,103,96,7,31.333333333333336,6.666666666666667,24.666666666666668,68.66666666666667,64,4.666666666666667
E00044990,101,23,7,16,78,65,13,22.772277227722775,6.9306930693069315,15.841584158415841,77.22772277227723,64.35643564356435,12.871287128712872
E00044991,99,38,12,26,61,58,3,38.38383838383838,12.121212121212121,26.262626262626267,61.61616161616161,58.58585858585859,3.0303030303030303
E00044992,137,37,8,29,100,92,8,27.00729927007299,5.839416058394161,21.16788321167883,72.99270072992701,67.15328467153284,5.839416058394161
E00044993,112,23,6,17,89,84,5,20.535714285714285,5.357142857142857,15.178571428571427,79.46428571428571,75,4.464285714285714
E00044994,162,65,17,48,97,86,11,40.123456790123456,10.493827160493826,29.629629629629626,59.876543209876544,53.086419753086425,6.790123456790123
E00044995,159,44,10,34,115,101,14,27.67295597484277,6.289308176100629,21.38364779874214,72.32704402515722,63.52201257861635,8.80503144654088
E00044996,102,23,1,22,79,74,5,22.54901960784314,0.9803921568627451,21.568627450980394,77.45098039215686,72.54901960784314,4.901960784313726
E00044997,133,29,5,24,104,98,6,21.804511278195488,3.7593984962406015,18.045112781954884,78.19548872180451,73.68421052631578,4.511278195488721
E00044998,104,34,12,22,70,64,6,32.69230769230769,11.538461538461538,21.153846153846153,67.3076923076923,61.53846153846154,5.769230769230769
E00045000,134,23,3,20,111,101,10,17.16417910447761,2.2388059701492535,14.925373134328357,82.83582089552239,75.3731343283582,7.462686567164178
E00045001,135,34,10,24,101,83,18,25.185185185185183,7.4074074074074066,17.77777777777778,74.81481481481481,61.48148148148148,13.333333333333334
E00045002,113,33,1,32,80,78,2,29.20353982300885,0.8849557522123894,28.31858407079646,70.79646017699115,69.02654867256636,1.7699115044247788
E00045003,84,19,4,15,65,59,6,22.61904761904762,4.761904761904762,17.857142857142858,77.38095238095238,70.23809523809523,7.142857142857142
E00045004,124,36,10,26,88,78,10,29.03225806451613,8.064516129032258,20.967741935483872,70.96774193548387,62.903225806451616,8.064516129032258
E00045005,105,27,11,16,78,69,9,25.71428571428571,10.476190476190476,15.238095238095239,74.28571428571429,65.71428571428571,8.571428571428571
E00045006,179,46,8,38,133,116,17,25.69832402234637,4.4692737430167595,21.22905027932961,74.30167597765363,64.80446927374301,9.497206703910614
E00045007,150,34,10,24,116,107,9,22.666666666666664,6.666666666666667,16,77.33333333333333,71.33333333333334,6
E00045008,151,39,11,28,112,94,18,25.82781456953642,7.28476821192053,18.543046357615893,74.17218543046357,62.251655629139066,11.920529801324504
E00045009,119,35,15,20,84,71,13,29.411764705882355,12.605042016806722,16.80672268907563,70.58823529411765,59.66386554621849,10.92436974789916
E00045010,134,39,9,30,95,78,17,29.1044776119403,6.7164179104477615,22.388059701492537,70.8955223880597,58.2089552238806,12.686567164179104
E00045011,93,23,10,13,70,66,4,24.731182795698924,10.75268817204301,13.978494623655912,75.26881720430107,70.96774193548387,4.301075268817205
E00045012,129,30,8,22,99,93,6,23.25581395348837,6.2015503875969,17.05426356589147,76.74418604651163,72.09302325581395,4.651162790697675
E00045013,167,53,12,41,114,102,12,31.736526946107784,7.18562874251497,24.550898203592812,68.26347305389223,61.07784431137725,7.18562874251497
E00045014,140,39,13,26,101,86,15,27.857142857142858,9.285714285714286,18.571428571428573,72.14285714285714,61.42857142857143,10.714285714285714
E00045015,125,36,10,26,89,78,11,28.799999999999997,8,20.8,71.2,62.4,8.799999999999999
E00045016,111,38,12,26,73,67,6,34.234234234234236,10.81081081081081,23.423423423423422,65.76576576576578,60.36036036036037,5.405405405405405
E00045017,95,30,11,19,65,55,10,31.57894736842105,11.578947368421053,20,68.42105263157895,57.89473684210527,10.526315789473683
E00045018,131,34,4,30,97,93,4,25.954198473282442,3.0534351145038165,22.900763358778626,74.04580152671755,70.99236641221374,3.0534351145038165
E00045019,109,30,8,22,79,70,9,27.522935779816514,7.339449541284404,20.18348623853211,72.47706422018348,64.22018348623854,8.256880733944955
E00045020,100,34,16,18,66,59,7,34,16,18,66,59,7.000000000000001
E00045021,113,41,15,26,72,63,9,36.283185840707965,13.274336283185843,23.008849557522122,63.716814159292035,55.75221238938053,7.964601769911504
E00045022,126,45,13,32,81,73,8,35.714285714285715,10.317460317460316,25.396825396825395,64.28571428571429,57.936507936507944,6.349206349206349
E00045023,81,28,7,21,53,53,0,34.5679012345679,8.641975308641975,25.925925925925924,65.4320987654321,65.4320987654321,0
E00045024,92,33,14,19,59,50,9,35.869565217391305,15.217391304347828,20.652173913043477,64.13043478260869,54.347826086956516,9.782608695652174
E00045025,91,27,8,19,64,52,12,29.67032967032967,8.791208791208792,20.87912087912088,70.32967032967034,57.14285714285714,13.186813186813188
E00045026,145,36,15,21,109,98,11,24.82758620689655,10.344827586206897,14.482758620689657,75.17241379310344,67.58620689655173,7.586206896551724
E00045027,99,34,11,23,65,53,12,34.34343434343434,11.11111111111111,23.232323232323232,65.65656565656566,53.535353535353536,12.121212121212121
E00045028,119,44,12,32,75,68,7,36.97478991596639,10.084033613445378,26.89075630252101,63.02521008403361,57.14285714285714,5.88235294117647
E00045029,134,37,9,28,97,86,11,27.611940298507463,6.7164179104477615,20.8955223880597,72.38805970149254,64.17910447761194,8.208955223880597
E00045030,157,52,13,39,105,94,11,33.12101910828025,8.280254777070063,24.840764331210192,66.87898089171973,59.87261146496815,7.006369426751593
E00045031,148,45,15,30,103,92,11,30.405405405405407,10.135135135135135,20.27027027027027,69.5945945945946,62.16216216216216,7.4324324324324325
E00045032,127,45,13,32,82,71,11,35.43307086614173,10.236220472440944,25.196850393700785,64.56692913385827,55.90551181102362,8.661417322834646
E00045033,99,28,4,24,71,61,10,28.28282828282828,4.040404040404041,24.242424242424242,71.71717171717171,61.61616161616161,10.1010101010101
E00045034,89,26,8,18,63,59,4,29.213483146067414,8.98876404494382,20.224719101123593,70.78651685393258,66.29213483146067,4.49438202247191
E00045035,144,54,14,40,90,78,12,37.5,9.722222222222223,27.77777777777778,62.5,54.166666666666664,8.333333333333332
E00045036,108,34,13,21,74,62,12,31.48148148148148,12.037037037037036,19.444444444444446,68.51851851851852,57.407407407407405,11.11111111111111
E00045037,156,40,20,20,116,96,20,25.64102564102564,12.82051282051282,12.82051282051282,74.35897435897436,61.53846153846154,12.82051282051282
E00045038,278,77,36,41,201,160,41,27.697841726618705,12.949640287769784,14.748201438848922,72.3021582733813,57.55395683453237,14.748201438848922
E00045039,137,38,15,23,99,87,12,27.73722627737226,10.948905109489052,16.78832116788321,72.26277372262774,63.503649635036496,8.75912408759124
E00045040,99,27,11,16,72,56,16,27.27272727272727,11.11111111111111,16.161616161616163,72.72727272727273,56.56565656565656,16.161616161616163
E00045041,214,53,20,33,161,133,28,24.766355140186917,9.345794392523365,15.42056074766355,75.23364485981308,62.149532710280376,13.084112149532709
E00045042,141,43,7,36,98,91,7,30.49645390070922,4.964539007092199,25.53191489361702,69.50354609929079,64.53900709219859,4.964539007092199
E00045043,143,30,8,22,113,107,6,20.97902097902098,5.594405594405594,15.384615384615385,79.02097902097903,74.82517482517483,4.195804195804196
E00045044,136,29,9,20,107,96,11,21.323529411764707,6.61764705882353,14.705882352941178,78.67647058823529,70.58823529411765,8.088235294117647
E00045045,220,52,15,37,168,139,29,23.636363636363637,6.8181818181818175,16.818181818181817,76.36363636363637,63.18181818181819,13.18181818181818
E00045046,87,22,1,21,65,55,10,25.287356321839084,1.1494252873563218,24.137931034482758,74.71264367816092,63.2183908045977,11.494252873563218
E00045047,90,21,4,17,69,67,2,23.333333333333332,4.444444444444445,18.88888888888889,76.66666666666667,74.44444444444444,2.2222222222222223
E00045048,146,38,15,23,108,95,13,26.027397260273972,10.273972602739725,15.753424657534246,73.97260273972603,65.06849315068493,8.904109589041095
E00045049,155,46,12,34,109,101,8,29.677419354838708,7.741935483870968,21.935483870967744,70.3225806451613,65.16129032258064,5.161290322580645
E00045050,125,33,8,25,92,85,7,26.400000000000002,6.4,20,73.6,68,5.6000000000000005
E00045051,145,48,11,37,97,91,6,33.10344827586207,7.586206896551724,25.517241379310345,66.89655172413794,62.758620689655174,4.137931034482759
E00045052,100,23,3,20,77,73,4,23,3,20,77,73,4
E00045053,134,47,24,23,87,84,3,35.07462686567165,17.91044776119403,17.16417910447761,64.92537313432835,62.68656716417911,2.2388059701492535
E00045054,143,47,14,33,96,90,6,32.86713286713287,9.79020979020979,23.076923076923077,67.13286713286713,62.93706293706294,4.195804195804196
E00045055,136,42,10,32,94,85,9,30.88235294117647,7.352941176470589,23.52941176470588,69.11764705882352,62.5,6.61764705882353
E00045056,120,33,5,28,87,84,3,27.500000000000004,4.166666666666666,23.333333333333332,72.5,70,2.5
E00045057,136,42,10,32,94,85,9,30.88235294117647,7.352941176470589,23.52941176470588,69.11764705882352,62.5,6.61764705882353
E00045058,118,34,5,29,84,78,6,28.8135593220339,4.23728813559322,24.576271186440678,71.1864406779661,66.10169491525424,5.084745762711865
E00045059,122,31,11,20,91,71,20,25.40983606557377,9.01639344262295,16.39344262295082,74.59016393442623,58.19672131147541,16.39344262295082
E00045060,97,33,9,24,64,61,3,34.02061855670103,9.278350515463918,24.742268041237114,65.97938144329896,62.88659793814433,3.0927835051546393
E00045061,105,36,12,24,69,59,10,34.285714285714285,11.428571428571429,22.857142857142858,65.71428571428571,56.19047619047619,9.523809523809524
E00045062,114,27,5,22,87,75,12,23.684210526315788,4.385964912280701,19.298245614035086,76.31578947368422,65.78947368421053,10.526315789473683
E00045063,154,41,14,27,113,101,12,26.623376623376622,9.090909090909092,17.532467532467532,73.37662337662337,65.5844155844156,7.792207792207792
E00045064,184,38,12,26,146,132,14,20.652173913043477,6.521739130434782,14.130434782608695,79.34782608695652,71.73913043478261,7.608695652173914
E00045065,181,53,11,42,128,114,14,29.2817679558011,6.077348066298343,23.204419889502763,70.71823204419888,62.98342541436463,7.734806629834254
E00045066,131,32,7,25,99,86,13,24.427480916030532,5.343511450381679,19.083969465648856,75.57251908396947,65.64885496183206,9.923664122137405
E00045067,139,37,13,24,102,81,21,26.618705035971225,9.352517985611511,17.26618705035971,73.38129496402878,58.27338129496403,15.107913669064748
E00045068,110,31,6,25,79,65,14,28.18181818181818,5.454545454545454,22.727272727272727,71.81818181818181,59.09090909090909,12.727272727272727
E00045070,154,45,12,33,109,99,10,29.22077922077922,7.792207792207792,21.428571428571427,70.77922077922078,64.28571428571429,6.493506493506493
E00045071,125,44,7,37,81,74,7,35.199999999999996,5.6000000000000005,29.599999999999998,64.8,59.199999999999996,5.6000000000000005
E00045072,148,40,9,31,108,98,10,27.027027027027028,6.081081081081082,20.945945945945947,72.97297297297297,66.21621621621621,6.756756756756757
E00045073,141,49,19,30,92,72,20,34.751773049645394,13.47517730496454,21.27659574468085,65.24822695035462,51.06382978723404,14.184397163120568
E00045074,135,37,10,27,98,82,16,27.40740740740741,7.4074074074074066,20,72.5925925925926,60.74074074074074,11.851851851851853
E00045075,259,70,15,55,189,169,20,27.027027027027028,5.7915057915057915,21.235521235521233,72.97297297297297,65.25096525096525,7.722007722007722
E00045076,122,32,8,24,90,79,11,26.229508196721312,6.557377049180328,19.672131147540984,73.77049180327869,64.75409836065575,9.01639344262295
E00165666,196,57,13,44,139,126,13,29.081632653061224,6.63265306122449,22.448979591836736,70.91836734693877,64.28571428571429,6.63265306122449
E00165667,104,28,12,16,76,59,17,26.923076923076923,11.538461538461538,15.384615384615385,73.07692307692307,56.730769230769226,16.346153846153847
E00170199,77,18,5,13,59,56,3,23.376623376623375,6.493506493506493,16.883116883116884,76.62337662337663,72.72727272727273,3.896103896103896
E00170200,114,46,30,16,68,63,5,40.35087719298245,26.31578947368421,14.035087719298245,59.64912280701754,55.26315789473685,4.385964912280701
E00170201,42,16,4,12,26,23,3,38.095238095238095,9.523809523809524,28.57142857142857,61.904761904761905,54.761904761904766,7.142857142857142
E00170202,131,45,17,28,86,80,6,34.35114503816794,12.977099236641221,21.374045801526716,65.64885496183206,61.06870229007634,4.580152671755725
E00170203,68,19,10,9,49,44,5,27.941176470588236,14.705882352941178,13.23529411764706,72.05882352941177,64.70588235294117,7.352941176470589
E00170204,119,25,5,20,94,84,10,21.008403361344538,4.201680672268908,16.80672268907563,78.99159663865547,70.58823529411765,8.403361344537815
E00170205,111,25,6,19,86,81,5,22.52252252252252,5.405405405405405,17.117117117117118,77.47747747747748,72.97297297297297,4.504504504504505
E00170206,87,26,5,21,61,54,7,29.88505747126437,5.747126436781609,24.137931034482758,70.11494252873564,62.06896551724138,8.045977011494253
E00170207,244,53,13,40,191,160,31,21.721311475409834,5.327868852459016,16.39344262295082,78.27868852459017,65.57377049180327,12.704918032786885
E00170208,137,37,10,27,100,74,26,27.00729927007299,7.2992700729927,19.708029197080293,72.99270072992701,54.01459854014598,18.97810218978102
E00170209,188,35,10,25,153,133,20,18.617021276595743,5.319148936170213,13.297872340425531,81.38297872340425,70.74468085106383,10.638297872340425
E00170211,155,44,9,35,111,103,8,28.387096774193548,5.806451612903226,22.58064516129032,71.61290322580646,66.45161290322581,5.161290322580645
E00170212,300,60,13,47,240,210,30,20,4.333333333333334,15.666666666666668,80,70,10
E00170213,101,28,9,19,73,64,9,27.722772277227726,8.91089108910891,18.81188118811881,72.27722772277228,63.366336633663366,8.91089108910891
E00170215,161,53,14,39,108,96,12,32.91925465838509,8.695652173913043,24.22360248447205,67.08074534161491,59.62732919254658,7.453416149068323
E00170216,210,45,14,31,165,142,23,21.428571428571427,6.666666666666667,14.761904761904763,78.57142857142857,67.61904761904762,10.952380952380953
E00170217,224,49,12,37,175,156,19,21.875,5.357142857142857,16.517857142857142,78.125,69.64285714285714,8.482142857142858
E00170218,81,27,13,14,54,48,6,33.33333333333333,16.049382716049383,17.28395061728395,66.66666666666666,59.25925925925925,7.4074074074074066
E00170219,97,25,5,20,72,68,4,25.773195876288657,5.154639175257731,20.618556701030926,74.22680412371135,70.10309278350515,4.123711340206185
E00170220,121,40,7,33,81,69,12,33.057851239669425,5.785123966942149,27.27272727272727,66.94214876033058,57.02479338842975,9.917355371900827
E00170221,159,37,11,26,122,113,9,23.270440251572328,6.918238993710692,16.352201257861633,76.72955974842768,71.0691823899371,5.660377358490567
E00170222,56,12,8,4,44,40,4,21.428571428571427,14.285714285714285,7.142857142857142,78.57142857142857,71.42857142857143,7.142857142857142
E00170223,50,20,8,12,30,25,5,40,16,24,60,50,10
E00170224,90,29,5,24,61,58,3,32.22222222222222,5.555555555555555,26.666666666666668,67.77777777777779,64.44444444444444,3.3333333333333335
E00170225,95,35,7,28,60,59,1,36.84210526315789,7.368421052631578,29.47368421052631,63.1578947368421,62.10526315789474,1.0526315789473684
E00170226,101,30,12,18,71,54,17,29.7029702970297,11.881188118811881,17.82178217821782,70.29702970297029,53.46534653465347,16.831683168316832
E00170227,75,26,10,16,49,43,6,34.66666666666667,13.333333333333334,21.333333333333336,65.33333333333333,57.333333333333336,8
E00170228,221,49,16,33,172,163,9,22.171945701357465,7.239819004524888,14.93212669683258,77.82805429864254,73.7556561085973,4.072398190045249
E00170229,162,25,8,17,137,120,17,15.432098765432098,4.938271604938271,10.493827160493826,84.5679012345679,74.07407407407408,10.493827160493826
E00170230,86,45,24,21,41,37,4,52.32558139534884,27.906976744186046,24.418604651162788,47.674418604651166,43.02325581395349,4.651162790697675
E00170231,149,32,11,21,117,97,20,21.476510067114095,7.38255033557047,14.093959731543624,78.52348993288591,65.1006711409396,13.422818791946309
E00170232,105,12,0,12,93,84,9,11.428571428571429,0,11.428571428571429,88.57142857142857,80,8.571428571428571
E00170233,184,42,13,29,142,120,22,22.82608695652174,7.065217391304348,15.760869565217392,77.17391304347827,65.21739130434783,11.956521739130435
E00170234,159,55,25,30,104,94,10,34.59119496855346,15.723270440251572,18.867924528301888,65.40880503144653,59.11949685534591,6.289308176100629
E00170235,308,76,16,60,232,190,42,24.675324675324674,5.194805194805195,19.480519480519483,75.32467532467533,61.68831168831169,13.636363636363635
E00170236,132,29,3,26,103,91,12,21.96969696969697,2.272727272727273,19.696969696969695,78.03030303030303,68.93939393939394,9.090909090909092
E00170237,73,26,8,18,47,42,5,35.61643835616438,10.95890410958904,24.65753424657534,64.38356164383562,57.534246575342465,6.8493150684931505
E00170238,16,7,1,6,9,7,2,43.75,6.25,37.5,56.25,43.75,12.5
E00170239,158,45,9,36,113,101,12,28.48101265822785,5.69620253164557,22.78481012658228,71.51898734177216,63.92405063291139,7.59493670886076
E00170240,346,73,21,52,273,244,29,21.09826589595376,6.069364161849711,15.028901734104046,78.90173410404624,70.52023121387283,8.38150289017341
E00170241,261,64,13,51,197,184,13,24.521072796934863,4.980842911877394,19.54022988505747,75.47892720306514,70.49808429118774,4.980842911877394
E00170244,95,33,6,27,62,53,9,34.73684210526316,6.315789473684211,28.421052631578945,65.26315789473685,55.78947368421052,9.473684210526317
E00170245,158,42,13,29,116,110,6,26.582278481012654,8.227848101265822,18.354430379746837,73.41772151898735,69.62025316455697,3.79746835443038
E00170247,230,66,19,47,164,149,15,28.695652173913043,8.26086956521739,20.434782608695652,71.30434782608695,64.78260869565217,6.521739130434782
E00170248,141,35,10,25,106,93,13,24.822695035460992,7.092198581560284,17.73049645390071,75.177304964539,65.95744680851064,9.219858156028367
E00182865,144,33,7,26,111,93,18,22.916666666666664,4.861111111111112,18.055555555555554,77.08333333333334,64.58333333333334,12.5
E00182866,319,72,22,50,247,199,48,22.570532915360502,6.896551724137931,15.673981191222571,77.4294670846395,62.38244514106584,15.047021943573668
E00182867,106,17,4,13,89,79,10,16.037735849056602,3.7735849056603774,12.264150943396226,83.9622641509434,74.52830188679245,9.433962264150944
E00182868,271,49,10,39,222,202,20,18.081180811808117,3.6900369003690034,14.391143911439114,81.91881918819189,74.53874538745387,7.380073800738007
E00182869,207,40,12,28,167,153,14,19.32367149758454,5.797101449275362,13.526570048309178,80.67632850241546,73.91304347826086,6.763285024154589
E00182870,59,17,7,10,42,35,7,28.8135593220339,11.864406779661017,16.94915254237288,71.1864406779661,59.32203389830508,11.864406779661017
E00182871,76,28,5,23,48,47,1,36.84210526315789,6.578947368421052,30.263157894736842,63.1578947368421,61.8421052631579,1.3157894736842104
E00182873,256,45,9,36,211,182,29,17.578125,3.515625,14.0625,82.421875,71.09375,11.328125
E00182874,69,20,3,17,49,43,6,28.985507246376812,4.3478260869565215,24.637681159420293,71.01449275362319,62.31884057971014,8.695652173913043
E00182875,317,52,17,35,265,232,33,16.40378548895899,5.3627760252365935,11.041009463722396,83.59621451104101,73.18611987381703,10.410094637223976
E00182878,147,50,16,34,97,84,13,34.01360544217687,10.884353741496598,23.12925170068027,65.98639455782312,57.14285714285714,8.843537414965986
E00182879,172,32,9,23,140,120,20,18.6046511627907,5.232558139534884,13.372093023255813,81.3953488372093,69.76744186046511,11.627906976744185
E00182880,82,22,7,15,60,54,6,26.82926829268293,8.536585365853659,18.29268292682927,73.17073170731707,65.85365853658537,7.317073170731707
E00182881,172,39,13,26,133,122,11,22.674418604651162,7.55813953488372,15.11627906976744,77.32558139534885,70.93023255813954,6.395348837209303
E00182883,308,59,11,48,249,227,22,19.155844155844157,3.571428571428571,15.584415584415584,80.84415584415584,73.7012987012987,7.142857142857142
E00182884,136,18,4,14,118,97,21,13.23529411764706,2.941176470588235,10.294117647058822,86.76470588235294,71.32352941176471,15.441176470588236
E00182888,230,48,15,33,182,164,18,20.869565217391305,6.521739130434782,14.347826086956522,79.13043478260869,71.30434782608695,7.82608695652174
E00182890,366,74,15,59,292,261,31,20.21857923497268,4.098360655737705,16.120218579234972,79.78142076502732,71.31147540983606,8.469945355191257
E00182891,124,38,14,24,86,72,14,30.64516129032258,11.29032258064516,19.35483870967742,69.35483870967742,58.06451612903226,11.29032258064516
E00182892,111,46,13,33,65,60,5,41.44144144144144,11.711711711711711,29.72972972972973,58.55855855855856,54.054054054054056,4.504504504504505
E00182894,136,53,14,39,83,77,6,38.970588235294116,10.294117647058822,28.676470588235293,61.029411764705884,56.61764705882353,4.411764705882353
E00182899,12,3,0,3,9,8,1,25,0,25,75,66.66666666666666,8.333333333333332
E00182901,74,21,7,14,53,46,7,28.37837837837838,9.45945945945946,18.91891891891892,71.62162162162163,62.16216216216216,9.45945945945946
E00182902,91,13,1,12,78,73,5,14.285714285714285,1.098901098901099,13.186813186813188,85.71428571428571,80.21978021978022,5.4945054945054945
E00182903,225,42,8,34,183,164,19,18.666666666666668,3.5555555555555554,15.11111111111111,81.33333333333333,72.88888888888889,8.444444444444445
E00182904,181,46,12,34,135,125,10,25.41436464088398,6.629834254143646,18.784530386740332,74.58563535911603,69.06077348066299,5.524861878453039
E00182905,49,10,5,5,39,36,3,20.408163265306122,10.204081632653061,10.204081632653061,79.59183673469387,73.46938775510205,6.122448979591836
E00182906,61,19,1,18,42,37,5,31.147540983606557,1.639344262295082,29.508196721311474,68.85245901639344,60.65573770491803,8.19672131147541
E00182908,318,50,8,42,268,231,37,15.723270440251572,2.515723270440252,13.20754716981132,84.27672955974843,72.64150943396226,11.635220125786164
E00182909,212,58,15,43,154,130,24,27.358490566037734,7.0754716981132075,20.28301886792453,72.64150943396226,61.32075471698113,11.320754716981133
E00182910,128,31,8,23,97,91,6,24.21875,6.25,17.96875,75.78125,71.09375,4.6875
E00182912,114,69,46,23,45,44,1,60.526315789473685,40.35087719298245,20.175438596491226,39.473684210526315,38.59649122807017,0.8771929824561403
E00182917,107,36,4,32,71,64,7,33.64485981308411,3.7383177570093453,29.906542056074763,66.35514018691589,59.813084112149525,6.5420560747663545
E00182918,22,10,6,4,12,12,0,45.45454545454545,27.27272727272727,18.181818181818183,54.54545454545454,54.54545454545454,0
E00182919,110,40,10,30,70,65,5,36.36363636363637,9.090909090909092,27.27272727272727,63.63636363636363,59.09090909090909,4.545454545454546
E00182920,121,27,5,22,94,81,13,22.31404958677686,4.132231404958678,18.181818181818183,77.68595041322314,66.94214876033058,10.743801652892563
E00182921,41,14,0,14,27,24,3,34.146341463414636,0,34.146341463414636,65.85365853658537,58.536585365853654,7.317073170731707
E00182922,309,54,7,47,255,213,42,17.475728155339805,2.26537216828479,15.210355987055015,82.52427184466019,68.93203883495146,13.592233009708737
E00182923,84,27,8,19,57,51,6,32.142857142857146,9.523809523809524,22.61904761904762,67.85714285714286,60.71428571428571,7.142857142857142
E00182924,78,15,5,10,63,55,8,19.230769230769234,6.41025641025641,12.82051282051282,80.76923076923077,70.51282051282051,10.256410256410255
E00182925,37,11,2,9,26,26,0,29.72972972972973,5.405405405405405,24.324324324324326,70.27027027027027,70.27027027027027,0
