OA,ts0380001,ts0380002,ts0380003,ts0380004,ts0380005,ts0380006,ts0380007,ts0380002_PCT,ts0380003_PCT,ts0380004_PCT,ts0380005_PCT,ts0380006_PCT,ts0380007_PCT
E00049183,307,46,22,24,261,27,234,14.983713355048861,7.166123778501629,7.81758957654723,85.01628664495115,8.794788273615636,76.2214983713355
E00049184,405,62,15,47,343,49,294,15.308641975308642,3.7037037037037033,11.604938271604938,84.69135802469135,12.098765432098766,72.5925925925926
E00049185,324,56,23,33,268,26,242,17.28395061728395,7.098765432098765,10.185185185185185,82.71604938271605,8.024691358024691,74.69135802469135
E00049186,341,59,22,37,282,15,267,17.302052785923756,6.451612903225806,10.850439882697946,82.69794721407625,4.398826979472141,78.2991202346041
E00049187,268,50,14,36,218,30,188,18.65671641791045,5.223880597014925,13.432835820895523,81.34328358208955,11.194029850746269,70.1492537313433
E00049188,280,46,14,32,234,17,217,16.428571428571427,5,11.428571428571429,83.57142857142857,6.071428571428571,77.5
E00049190,308,73,34,39,235,28,207,23.7012987012987,11.03896103896104,12.662337662337661,76.2987012987013,9.090909090909092,67.20779220779221
E00049191,298,40,10,30,258,20,238,13.422818791946309,3.3557046979865772,10.06711409395973,86.57718120805369,6.7114093959731544,79.86577181208054
E00049192,237,49,19,30,188,31,157,20.675105485232066,8.016877637130802,12.658227848101266,79.32489451476793,13.080168776371309,66.24472573839662
E00049193,189,42,17,25,147,19,128,22.22222222222222,8.994708994708994,13.227513227513226,77.77777777777779,10.052910052910052,67.72486772486772
E00049194,264,62,26,36,202,31,171,23.484848484848484,9.848484848484848,13.636363636363635,76.51515151515152,11.742424242424242,64.77272727272727
E00049195,352,77,38,39,275,33,242,21.875,10.795454545454545,11.079545454545455,78.125,9.375,68.75
E00049196,327,38,7,31,289,23,266,11.62079510703364,2.1406727828746175,9.480122324159021,88.37920489296636,7.033639143730887,81.34556574923548
E00049197,337,61,25,36,276,23,253,18.100890207715135,7.418397626112759,10.682492581602373,81.89910979228486,6.824925816023739,75.07418397626114
E00049198,307,48,16,32,259,17,242,15.63517915309446,5.211726384364821,10.423452768729643,84.36482084690554,5.537459283387622,78.82736156351791
E00049199,288,52,15,37,236,21,215,18.055555555555554,5.208333333333334,12.847222222222221,81.94444444444444,7.291666666666667,74.65277777777779
E00049200,372,73,22,51,299,34,265,19.623655913978492,5.913978494623656,13.709677419354838,80.3763440860215,9.13978494623656,71.23655913978494
E00049201,295,43,13,30,252,27,225,14.576271186440678,4.406779661016949,10.16949152542373,85.42372881355932,9.152542372881356,76.27118644067797
E00049202,270,43,16,27,227,20,207,15.925925925925927,5.9259259259259265,10,84.07407407407408,7.4074074074074066,76.66666666666667
E00049203,291,54,19,35,237,18,219,18.556701030927837,6.529209621993128,12.027491408934708,81.44329896907216,6.185567010309279,75.25773195876289
E00049204,302,48,20,28,254,16,238,15.894039735099339,6.622516556291391,9.271523178807946,84.10596026490066,5.298013245033113,78.80794701986756
E00049205,321,70,34,36,251,18,233,21.806853582554517,10.59190031152648,11.214953271028037,78.19314641744548,5.607476635514018,72.58566978193146
E00049206,376,45,14,31,331,36,295,11.96808510638298,3.723404255319149,8.24468085106383,88.03191489361703,9.574468085106384,78.45744680851064
E00049207,453,65,22,43,388,35,353,14.348785871964681,4.856512141280353,9.492273730684326,85.65121412803532,7.72626931567329,77.92494481236203
E00049208,303,43,14,29,260,21,239,14.19141914191419,4.62046204620462,9.570957095709572,85.8085808580858,6.9306930693069315,78.87788778877888
E00049209,301,49,26,23,252,21,231,16.27906976744186,8.637873754152823,7.641196013289036,83.72093023255815,6.976744186046512,76.74418604651163
E00049210,330,57,23,34,273,21,252,17.272727272727273,6.969696969696971,10.303030303030303,82.72727272727273,6.363636363636363,76.36363636363637
E00049211,270,54,15,39,216,24,192,20,5.555555555555555,14.444444444444443,80,8.88888888888889,71.11111111111111
E00049212,306,59,20,39,247,21,226,19.28104575163399,6.535947712418301,12.745098039215685,80.71895424836602,6.862745098039216,73.8562091503268
E00049213,407,67,12,55,340,32,308,16.461916461916463,2.9484029484029484,13.513513513513514,83.53808353808354,7.862407862407863,75.67567567567568
E00049214,288,52,24,28,236,19,217,18.055555555555554,8.333333333333332,9.722222222222223,81.94444444444444,6.597222222222222,75.34722222222221
E00049215,226,34,10,24,192,21,171,15.04424778761062,4.424778761061947,10.619469026548673,84.95575221238938,9.29203539823009,75.66371681415929
E00049216,265,39,17,22,226,20,206,14.716981132075471,6.415094339622642,8.30188679245283,85.28301886792453,7.547169811320755,77.73584905660378
E00049217,252,29,10,19,223,25,198,11.507936507936508,3.968253968253968,7.5396825396825395,88.4920634920635,9.920634920634921,78.57142857142857
E00049218,341,61,23,38,280,26,254,17.888563049853374,6.744868035190615,11.143695014662756,82.11143695014663,7.624633431085044,74.48680351906158
E00049219,284,41,18,23,243,22,221,14.43661971830986,6.338028169014084,8.098591549295776,85.56338028169014,7.746478873239436,77.8169014084507
E00049220,297,37,7,30,260,25,235,12.457912457912458,2.356902356902357,10.1010101010101,87.54208754208754,8.417508417508419,79.12457912457911
E00049221,358,49,19,30,309,20,289,13.687150837988826,5.307262569832402,8.379888268156424,86.31284916201118,5.58659217877095,80.72625698324022
E00049222,316,51,20,31,265,26,239,16.139240506329113,6.329113924050633,9.81012658227848,83.86075949367088,8.227848101265822,75.63291139240506
E00049223,360,58,15,43,302,30,272,16.11111111111111,4.166666666666666,11.944444444444445,83.88888888888889,8.333333333333332,75.55555555555556
E00049224,271,46,19,27,225,25,200,16.974169741697416,7.011070110701106,9.96309963099631,83.02583025830258,9.22509225092251,73.80073800738008
E00049225,261,42,11,31,219,18,201,16.091954022988507,4.21455938697318,11.877394636015326,83.9080459770115,6.896551724137931,77.01149425287356
E00049226,318,37,9,28,281,25,256,11.635220125786164,2.8301886792452833,8.80503144654088,88.36477987421384,7.861635220125786,80.50314465408806
E00049227,336,42,13,29,294,24,270,12.5,3.869047619047619,8.630952380952381,87.5,7.142857142857142,80.35714285714286
E00049228,297,52,18,34,245,18,227,17.50841750841751,6.0606060606060606,11.447811447811448,82.49158249158249,6.0606060606060606,76.43097643097643
E00049229,464,100,23,77,364,26,338,21.551724137931032,4.956896551724138,16.594827586206897,78.44827586206897,5.603448275862069,72.84482758620689
E00049230,285,42,12,30,243,26,217,14.736842105263156,4.2105263157894735,10.526315789473683,85.26315789473684,9.12280701754386,76.14035087719299
E00049231,332,70,33,37,262,19,243,21.084337349397593,9.939759036144578,11.144578313253012,78.91566265060241,5.72289156626506,73.19277108433735
E00049232,295,44,16,28,251,24,227,14.915254237288137,5.423728813559322,9.491525423728813,85.08474576271186,8.135593220338983,76.94915254237287
E00049233,349,69,35,34,280,26,254,19.770773638968482,10.028653295128938,9.742120343839542,80.22922636103151,7.4498567335243555,72.77936962750717
E00049234,315,57,21,36,258,34,224,18.095238095238095,6.666666666666667,11.428571428571429,81.9047619047619,10.793650793650794,71.11111111111111
E00049235,331,78,30,48,253,31,222,23.564954682779458,9.06344410876133,14.501510574018129,76.43504531722054,9.365558912386707,67.06948640483384
E00049236,359,46,22,24,313,23,290,12.813370473537605,6.128133704735376,6.685236768802229,87.1866295264624,6.406685236768802,80.77994428969359
E00049237,326,55,23,32,271,27,244,16.87116564417178,7.05521472392638,9.815950920245399,83.12883435582822,8.282208588957054,74.84662576687117
E00049238,273,89,36,53,184,7,177,32.6007326007326,13.186813186813188,19.413919413919416,67.3992673992674,2.564102564102564,64.83516483516483
E00049239,256,42,15,27,214,13,201,16.40625,5.859375,10.546875,83.59375,5.078125,78.515625
E00049240,268,38,10,28,230,24,206,14.17910447761194,3.731343283582089,10.44776119402985,85.82089552238806,8.955223880597014,76.86567164179104
E00049241,275,31,9,22,244,27,217,11.272727272727273,3.272727272727273,8,88.72727272727273,9.818181818181818,78.9090909090909
E00049242,360,51,20,31,309,33,276,14.166666666666666,5.555555555555555,8.61111111111111,85.83333333333333,9.166666666666666,76.66666666666667
E00049243,319,35,17,18,284,27,257,10.9717868338558,5.329153605015674,5.6426332288401255,89.0282131661442,8.463949843260188,80.56426332288402
E00049244,331,66,34,32,265,14,251,19.939577039274926,10.27190332326284,9.667673716012084,80.06042296072508,4.229607250755287,75.83081570996978
E00049245,285,61,29,32,224,24,200,21.403508771929825,10.175438596491228,11.228070175438596,78.59649122807018,8.421052631578947,70.17543859649122
E00049246,273,50,24,26,223,17,206,18.315018315018314,8.791208791208792,9.523809523809524,81.68498168498168,6.227106227106227,75.45787545787546
E00049247,262,84,44,40,178,17,161,32.06106870229007,16.793893129770993,15.267175572519085,67.93893129770993,6.488549618320611,61.45038167938931
E00049248,300,45,16,29,255,19,236,15,5.333333333333334,9.666666666666666,85,6.333333333333334,78.66666666666666
E00049249,290,32,7,25,258,26,232,11.03448275862069,2.413793103448276,8.620689655172415,88.96551724137932,8.96551724137931,80
E00049250,272,60,27,33,212,24,188,22.058823529411764,9.926470588235293,12.132352941176471,77.94117647058823,8.823529411764707,69.11764705882352
E00049251,372,67,26,41,305,19,286,18.010752688172044,6.989247311827956,11.021505376344086,81.98924731182797,5.10752688172043,76.88172043010752
E00049252,328,84,48,36,244,21,223,25.609756097560975,14.634146341463413,10.975609756097562,74.39024390243902,6.402439024390244,67.98780487804879
E00049253,286,69,29,40,217,15,202,24.125874125874127,10.13986013986014,13.986013986013987,75.87412587412588,5.244755244755245,70.62937062937063
E00049254,343,69,35,34,274,23,251,20.11661807580175,10.204081632653061,9.912536443148689,79.88338192419825,6.705539358600583,73.17784256559767
E00049255,292,52,22,30,240,20,220,17.80821917808219,7.534246575342466,10.273972602739725,82.1917808219178,6.8493150684931505,75.34246575342466
E00049256,351,52,16,36,299,30,269,14.814814814814813,4.5584045584045585,10.256410256410255,85.18518518518519,8.547008547008547,76.63817663817663
E00049257,295,66,22,44,229,21,208,22.372881355932204,7.457627118644068,14.915254237288137,77.62711864406779,7.118644067796611,70.50847457627118
E00049258,285,63,33,30,222,28,194,22.105263157894736,11.578947368421053,10.526315789473683,77.89473684210526,9.824561403508772,68.0701754385965
E00049259,392,86,36,50,306,16,290,21.93877551020408,9.183673469387756,12.755102040816327,78.06122448979592,4.081632653061225,73.9795918367347
E00049260,439,85,41,44,354,28,326,19.362186788154897,9.339407744874716,10.022779043280181,80.6378132118451,6.378132118451026,74.25968109339408
E00049261,397,80,43,37,317,18,299,20.151133501259448,10.831234256926953,9.319899244332493,79.84886649874056,4.534005037783375,75.31486146095719
E00049262,405,87,30,57,318,16,302,21.48148148148148,7.4074074074074066,14.074074074074074,78.51851851851852,3.950617283950617,74.5679012345679
E00049263,273,86,50,36,187,13,174,31.5018315018315,18.315018315018314,13.186813186813188,68.4981684981685,4.761904761904762,63.73626373626373
E00049264,342,58,23,35,284,26,258,16.95906432748538,6.725146198830409,10.23391812865497,83.04093567251462,7.602339181286549,75.43859649122807
E00049265,351,75,34,41,276,25,251,21.367521367521366,9.686609686609685,11.68091168091168,78.63247863247864,7.122507122507122,71.50997150997152
E00049266,197,70,36,34,127,16,111,35.53299492385787,18.274111675126903,17.258883248730964,64.46700507614213,8.121827411167512,56.34517766497462
E00049267,413,126,85,41,287,26,261,30.508474576271187,20.581113801452787,9.927360774818402,69.49152542372882,6.2953995157385,63.19612590799032
E00049268,316,53,23,30,263,17,246,16.77215189873418,7.2784810126582276,9.49367088607595,83.22784810126582,5.379746835443038,77.84810126582279
E00049269,431,51,26,25,380,32,348,11.832946635730858,6.0324825986078885,5.800464037122969,88.16705336426914,7.424593967517401,80.74245939675174
E00049270,289,49,17,32,240,31,209,16.955017301038062,5.88235294117647,11.072664359861593,83.04498269896193,10.726643598615917,72.31833910034602
E00049271,261,51,17,34,210,15,195,19.54022988505747,6.513409961685824,13.026819923371647,80.45977011494253,5.747126436781609,74.71264367816092
E00049272,278,34,12,22,244,25,219,12.23021582733813,4.316546762589928,7.913669064748201,87.76978417266187,8.992805755395683,78.77697841726618
E00049273,294,36,12,24,258,28,230,12.244897959183673,4.081632653061225,8.16326530612245,87.75510204081633,9.523809523809524,78.2312925170068
E00049274,343,55,23,32,288,20,268,16.034985422740526,6.705539358600583,9.329446064139942,83.96501457725948,5.830903790087463,78.134110787172
E00049275,352,60,18,42,292,36,256,17.045454545454543,5.113636363636364,11.931818181818182,82.95454545454545,10.227272727272728,72.72727272727273
E00049276,275,50,13,37,225,24,201,18.181818181818183,4.7272727272727275,13.454545454545455,81.81818181818183,8.727272727272728,73.0909090909091
E00049277,263,72,29,43,191,23,168,27.376425855513308,11.02661596958175,16.34980988593156,72.6235741444867,8.745247148288973,63.87832699619772
E00049278,209,50,23,27,159,21,138,23.923444976076556,11.004784688995215,12.918660287081341,76.07655502392345,10.047846889952153,66.02870813397129
E00049279,322,42,17,25,280,32,248,13.043478260869565,5.279503105590062,7.763975155279502,86.95652173913044,9.937888198757763,77.01863354037268
E00049280,330,55,19,36,275,28,247,16.666666666666664,5.757575757575758,10.909090909090908,83.33333333333334,8.484848484848486,74.84848484848486
E00049281,339,49,17,32,290,31,259,14.454277286135694,5.014749262536873,9.43952802359882,85.54572271386431,9.144542772861357,76.40117994100295
E00049282,300,54,18,36,246,25,221,18,6,12,82,8.333333333333332,73.66666666666667
E00049283,431,86,45,41,345,33,312,19.953596287703014,10.440835266821345,9.51276102088167,80.04640371229699,7.65661252900232,72.38979118329466
E00049284,331,113,49,64,218,15,203,34.13897280966767,14.803625377643503,19.335347432024168,65.86102719033232,4.531722054380665,61.329305135951664
E00049285,299,63,25,38,236,14,222,21.070234113712374,8.361204013377927,12.709030100334449,78.92976588628763,4.682274247491638,74.24749163879598
E00049287,334,85,29,56,249,22,227,25.449101796407188,8.682634730538922,16.766467065868262,74.55089820359282,6.58682634730539,67.96407185628742
E00049288,194,75,39,36,119,13,106,38.659793814432994,20.103092783505154,18.556701030927837,61.34020618556701,6.701030927835052,54.63917525773196
E00049289,244,62,29,33,182,22,160,25.40983606557377,11.885245901639344,13.524590163934427,74.59016393442623,9.01639344262295,65.57377049180327
E00049290,341,78,37,41,263,15,248,22.87390029325513,10.850439882697946,12.023460410557185,77.12609970674487,4.398826979472141,72.72727272727273
E00049291,340,62,29,33,278,20,258,18.235294117647058,8.529411764705882,9.705882352941178,81.76470588235294,5.88235294117647,75.88235294117646
E00049292,279,62,26,36,217,14,203,22.22222222222222,9.31899641577061,12.903225806451612,77.77777777777779,5.017921146953405,72.75985663082437
E00049293,361,92,38,54,269,21,248,25.48476454293629,10.526315789473683,14.958448753462603,74.51523545706371,5.8171745152354575,68.69806094182826
E00049294,269,60,22,38,209,28,181,22.304832713754646,8.178438661710038,14.12639405204461,77.69516728624535,10.408921933085502,67.28624535315984
E00049295,260,49,21,28,211,13,198,18.846153846153847,8.076923076923077,10.76923076923077,81.15384615384616,5,76.15384615384615
E00049296,388,72,34,38,316,20,296,18.556701030927837,8.762886597938143,9.793814432989691,81.44329896907216,5.154639175257731,76.28865979381443
E00049297,255,46,18,28,209,24,185,18.03921568627451,7.0588235294117645,10.980392156862745,81.96078431372548,9.411764705882353,72.54901960784314
E00049298,280,64,35,29,216,29,187,22.857142857142858,12.5,10.357142857142858,77.14285714285715,10.357142857142858,66.78571428571428
E00049299,186,46,22,24,140,17,123,24.731182795698924,11.827956989247312,12.903225806451612,75.26881720430107,9.13978494623656,66.12903225806451
E00049300,239,61,21,40,178,11,167,25.523012552301257,8.786610878661087,16.736401673640167,74.47698744769873,4.602510460251046,69.8744769874477
E00049301,291,62,34,28,229,18,211,21.305841924398624,11.683848797250858,9.621993127147768,78.69415807560138,6.185567010309279,72.5085910652921
E00049302,380,73,34,39,307,26,281,19.210526315789473,8.947368421052632,10.263157894736842,80.78947368421052,6.842105263157896,73.94736842105263
E00049303,386,85,37,48,301,32,269,22.020725388601036,9.585492227979273,12.435233160621761,77.97927461139896,8.290155440414509,69.68911917098445
E00049304,250,64,25,39,186,13,173,25.6,10,15.6,74.4,5.2,69.19999999999999
E00049305,255,64,30,34,191,17,174,25.098039215686274,11.76470588235294,13.333333333333334,74.90196078431373,6.666666666666667,68.23529411764706
E00049306,297,84,31,53,213,25,188,28.28282828282828,10.437710437710438,17.845117845117844,71.71717171717171,8.417508417508419,63.2996632996633
E00049307,305,73,36,37,232,22,210,23.934426229508198,11.80327868852459,12.131147540983607,76.0655737704918,7.213114754098362,68.85245901639344
E00049308,363,90,43,47,273,11,262,24.793388429752067,11.84573002754821,12.947658402203857,75.20661157024794,3.0303030303030303,72.1763085399449
E00049311,292,69,23,46,223,18,205,23.63013698630137,7.876712328767123,15.753424657534246,76.36986301369863,6.164383561643835,70.2054794520548
E00049312,276,50,13,37,226,30,196,18.115942028985508,4.710144927536232,13.405797101449277,81.88405797101449,10.869565217391305,71.01449275362319
E00049313,311,48,17,31,263,24,239,15.434083601286176,5.466237942122187,9.967845659163988,84.56591639871382,7.717041800643088,76.84887459807074
E00049314,268,57,21,36,211,20,191,21.26865671641791,7.835820895522389,13.432835820895523,78.73134328358209,7.462686567164178,71.26865671641791
E00049315,317,63,25,38,254,21,233,19.873817034700316,7.886435331230284,11.987381703470032,80.12618296529969,6.624605678233439,73.50157728706624
E00049316,247,66,30,36,181,24,157,26.720647773279353,12.145748987854251,14.5748987854251,73.27935222672065,9.7165991902834,63.56275303643725
E00049317,233,51,20,31,182,15,167,21.888412017167383,8.583690987124463,13.304721030042918,78.11158798283262,6.437768240343347,71.67381974248927
E00049318,370,103,43,60,267,22,245,27.837837837837835,11.621621621621623,16.216216216216218,72.16216216216216,5.9459459459459465,66.21621621621621
E00049319,268,33,10,23,235,23,212,12.313432835820896,3.731343283582089,8.582089552238806,87.68656716417911,8.582089552238806,79.1044776119403
E00049320,240,38,15,23,202,17,185,15.833333333333332,6.25,9.583333333333334,84.16666666666667,7.083333333333333,77.08333333333334
E00049321,329,83,35,48,246,16,230,25.227963525835868,10.638297872340425,14.58966565349544,74.77203647416414,4.86322188449848,69.90881458966565
E00049322,309,80,46,34,229,28,201,25.88996763754045,14.886731391585762,11.003236245954692,74.11003236245955,9.06148867313916,65.0485436893204
E00049323,295,59,23,36,236,22,214,20,7.796610169491526,12.203389830508476,80,7.457627118644068,72.54237288135593
E00049324,283,57,19,38,226,22,204,20.141342756183743,6.713780918727916,13.427561837455832,79.85865724381625,7.773851590106007,72.08480565371025
E00049325,274,65,27,38,209,16,193,23.722627737226276,9.854014598540147,13.86861313868613,76.27737226277372,5.839416058394161,70.43795620437956
E00049326,368,72,25,47,296,32,264,19.565217391304348,6.7934782608695645,12.771739130434783,80.43478260869566,8.695652173913043,71.73913043478261
E00049327,291,66,34,32,225,23,202,22.68041237113402,11.683848797250858,10.996563573883162,77.31958762886599,7.903780068728522,69.41580756013745
E00049328,338,60,21,39,278,26,252,17.75147928994083,6.21301775147929,11.538461538461538,82.24852071005917,7.6923076923076925,74.55621301775149
E00049329,344,88,40,48,256,22,234,25.581395348837212,11.627906976744185,13.953488372093023,74.4186046511628,6.395348837209303,68.02325581395348
E00049330,345,78,40,38,267,24,243,22.608695652173914,11.594202898550725,11.014492753623188,77.39130434782608,6.956521739130435,70.43478260869566
E00049331,283,73,27,46,210,22,188,25.795053003533567,9.540636042402827,16.25441696113074,74.20494699646643,7.773851590106007,66.43109540636041
E00049332,328,72,33,39,256,21,235,21.951219512195124,10.060975609756099,11.890243902439025,78.04878048780488,6.402439024390244,71.64634146341463
E00049333,267,78,44,34,189,18,171,29.213483146067414,16.479400749063668,12.734082397003746,70.78651685393258,6.741573033707865,64.04494382022472
E00049334,230,54,22,32,176,20,156,23.47826086956522,9.565217391304348,13.91304347826087,76.52173913043478,8.695652173913043,67.82608695652173
E00049335,307,87,42,45,220,20,200,28.338762214983714,13.680781758957655,14.65798045602606,71.66123778501628,6.514657980456026,65.14657980456026
E00049336,323,68,28,40,255,13,242,21.052631578947366,8.6687306501548,12.38390092879257,78.94736842105263,4.024767801857585,74.92260061919505
E00049337,300,70,37,33,230,26,204,23.333333333333332,12.333333333333334,11,76.66666666666667,8.666666666666668,68
E00049338,274,74,36,38,200,11,189,27.00729927007299,13.138686131386862,13.86861313868613,72.99270072992701,4.014598540145985,68.97810218978103
E00049339,346,70,21,49,276,14,262,20.23121387283237,6.069364161849711,14.16184971098266,79.76878612716763,4.046242774566474,75.72254335260115
E00049340,405,82,43,39,323,12,311,20.246913580246915,10.617283950617285,9.62962962962963,79.75308641975309,2.9629629629629632,76.79012345679013
E00049341,307,92,65,27,215,13,202,29.967426710097723,21.172638436482085,8.794788273615636,70.03257328990227,4.234527687296417,65.79804560260585
E00049342,367,73,36,37,294,24,270,19.891008174386922,9.809264305177113,10.08174386920981,80.10899182561307,6.539509536784741,73.56948228882834
E00049343,334,74,38,36,260,15,245,22.15568862275449,11.377245508982035,10.778443113772456,77.84431137724552,4.491017964071856,73.35329341317365
E00049344,283,57,25,32,226,11,215,20.141342756183743,8.8339222614841,11.307420494699647,79.85865724381625,3.8869257950530036,75.97173144876325
E00049345,282,57,20,37,225,19,206,20.212765957446805,7.092198581560284,13.120567375886525,79.7872340425532,6.73758865248227,73.04964539007092
E00049346,280,69,35,34,211,9,202,24.642857142857146,12.5,12.142857142857142,75.35714285714286,3.214285714285714,72.14285714285714
E00049347,338,74,34,40,264,11,253,21.893491124260358,10.059171597633137,11.834319526627219,78.10650887573965,3.2544378698224854,74.85207100591717
E00049348,338,72,36,36,266,14,252,21.301775147928996,10.650887573964498,10.650887573964498,78.69822485207101,4.142011834319527,74.55621301775149
E00049349,308,57,29,28,251,13,238,18.506493506493506,9.415584415584416,9.090909090909092,81.4935064935065,4.220779220779221,77.27272727272727
E00049350,353,88,48,40,265,12,253,24.929178470254957,13.59773371104816,11.3314447592068,75.07082152974505,3.39943342776204,71.671388101983
E00049351,314,100,46,54,214,12,202,31.84713375796178,14.64968152866242,17.197452229299362,68.15286624203821,3.821656050955414,64.3312101910828
E00049352,417,89,37,52,328,31,297,21.34292565947242,8.872901678657074,12.470023980815348,78.65707434052757,7.434052757793765,71.22302158273382
E00049353,237,80,41,39,157,9,148,33.755274261603375,17.29957805907173,16.455696202531644,66.24472573839662,3.79746835443038,62.447257383966246
E00049354,309,65,31,34,244,20,224,21.035598705501616,10.032362459546926,11.003236245954692,78.96440129449837,6.472491909385113,72.49190938511327
E00049355,273,84,51,33,189,14,175,30.76923076923077,18.681318681318682,12.087912087912088,69.23076923076923,5.128205128205128,64.1025641025641
E00049356,371,68,32,36,303,26,277,18.328840970350406,8.62533692722372,9.703504043126685,81.6711590296496,7.008086253369273,74.66307277628033
E00049357,284,68,29,39,216,21,195,23.943661971830984,10.211267605633804,13.732394366197184,76.05633802816901,7.394366197183098,68.66197183098592
E00049358,402,71,29,42,331,19,312,17.66169154228856,7.213930348258707,10.44776119402985,82.33830845771143,4.72636815920398,77.61194029850746
E00049359,368,99,47,52,269,22,247,26.902173913043477,12.771739130434783,14.130434782608695,73.09782608695652,5.978260869565218,67.11956521739131
E00049362,274,62,31,31,212,13,199,22.62773722627737,11.313868613138686,11.313868613138686,77.37226277372264,4.744525547445255,72.62773722627736
E00049363,308,64,35,29,244,17,227,20.77922077922078,11.363636363636363,9.415584415584416,79.22077922077922,5.51948051948052,73.7012987012987
E00049365,282,68,36,32,214,17,197,24.113475177304963,12.76595744680851,11.347517730496454,75.88652482269504,6.028368794326241,69.8581560283688
E00049366,322,69,38,31,253,16,237,21.428571428571427,11.801242236024844,9.627329192546584,78.57142857142857,4.968944099378882,73.6024844720497
E00049368,306,58,29,29,248,22,226,18.954248366013072,9.477124183006536,9.477124183006536,81.04575163398692,7.18954248366013,73.8562091503268
E00049369,272,53,27,26,219,11,208,19.485294117647058,9.926470588235293,9.558823529411764,80.51470588235294,4.044117647058823,76.47058823529412
E00049370,340,68,38,30,272,20,252,20,11.176470588235295,8.823529411764707,80,5.88235294117647,74.11764705882354
E00049374,430,73,38,35,357,18,339,16.97674418604651,8.837209302325581,8.13953488372093,83.02325581395348,4.186046511627907,78.83720930232559
E00049375,466,109,53,56,357,6,351,23.390557939914164,11.373390557939913,12.017167381974248,76.60944206008584,1.2875536480686696,75.32188841201717
E00049376,302,79,43,36,223,11,212,26.158940397350992,14.23841059602649,11.920529801324504,73.84105960264901,3.642384105960265,70.19867549668875
E00049378,456,74,34,40,382,20,362,16.228070175438596,7.456140350877193,8.771929824561402,83.77192982456141,4.385964912280701,79.3859649122807
E00049379,350,80,52,28,270,12,258,22.857142857142858,14.857142857142858,8,77.14285714285715,3.428571428571429,73.71428571428571
E00049380,368,74,32,42,294,10,284,20.108695652173914,8.695652173913043,11.41304347826087,79.8913043478261,2.717391304347826,77.17391304347827
E00049381,307,68,34,34,239,13,226,22.149837133550488,11.074918566775244,11.074918566775244,77.85016286644951,4.234527687296417,73.61563517915309
E00049382,342,67,28,39,275,11,264,19.5906432748538,8.187134502923977,11.403508771929824,80.4093567251462,3.216374269005848,77.19298245614034
E00049383,384,92,52,40,292,25,267,23.958333333333336,13.541666666666666,10.416666666666668,76.04166666666666,6.510416666666667,69.53125
E00049384,341,70,43,27,271,11,260,20.527859237536656,12.609970674486803,7.9178885630498534,79.47214076246334,3.225806451612903,76.24633431085044
E00049385,400,81,36,45,319,21,298,20.25,9,11.25,79.75,5.25,74.5
E00049386,418,98,56,42,320,18,302,23.444976076555022,13.397129186602871,10.047846889952153,76.55502392344498,4.30622009569378,72.24880382775119
E00049387,267,46,20,26,221,19,202,17.228464419475657,7.490636704119851,9.737827715355806,82.77153558052434,7.116104868913857,75.65543071161048
E00049388,478,86,45,41,392,34,358,17.99163179916318,9.414225941422593,8.577405857740587,82.00836820083683,7.112970711297072,74.89539748953975
E00049389,335,80,40,40,255,20,235,23.88059701492537,11.940298507462686,11.940298507462686,76.11940298507463,5.970149253731343,70.1492537313433
E00049390,346,74,47,27,272,22,250,21.38728323699422,13.583815028901732,7.803468208092486,78.61271676300578,6.358381502890173,72.25433526011561
E00049391,304,88,49,39,216,15,201,28.947368421052634,16.11842105263158,12.828947368421053,71.05263157894737,4.934210526315789,66.11842105263158
E00049392,340,71,36,35,269,22,247,20.88235294117647,10.588235294117647,10.294117647058822,79.11764705882352,6.470588235294119,72.6470588235294
E00049393,335,70,38,32,265,33,232,20.8955223880597,11.343283582089553,9.55223880597015,79.1044776119403,9.850746268656717,69.25373134328359
E00049394,299,66,22,44,233,25,208,22.073578595317723,7.357859531772576,14.715719063545151,77.92642140468227,8.361204013377927,69.56521739130434
E00049395,563,106,52,54,457,23,434,18.82770870337478,9.236234458259325,9.591474245115453,81.17229129662522,4.085257548845471,77.08703374777976
E00049396,325,67,27,40,258,15,243,20.615384615384617,8.307692307692308,12.307692307692308,79.38461538461539,4.615384615384616,74.76923076923076
E00049397,413,83,31,52,330,17,313,20.09685230024213,7.506053268765134,12.590799031477,79.90314769975787,4.116222760290557,75.78692493946731
E00049398,299,58,24,34,241,35,206,19.39799331103679,8.02675585284281,11.37123745819398,80.60200668896321,11.705685618729097,68.89632107023411
E00049399,293,75,30,45,218,16,202,25.597269624573375,10.238907849829351,15.358361774744028,74.40273037542661,5.460750853242321,68.94197952218431
E00049400,279,65,34,31,214,15,199,23.297491039426525,12.186379928315413,11.11111111111111,76.70250896057348,5.376344086021505,71.32616487455196
E00049401,204,47,23,24,157,16,141,23.03921568627451,11.27450980392157,11.76470588235294,76.9607843137255,7.8431372549019605,69.11764705882352
E00049402,279,80,39,41,199,19,180,28.673835125448026,13.978494623655912,14.695340501792115,71.32616487455196,6.810035842293908,64.51612903225806
E00049403,405,63,31,32,342,21,321,15.555555555555555,7.654320987654321,7.901234567901234,84.44444444444444,5.185185185185185,79.25925925925927
E00049404,253,54,30,24,199,16,183,21.34387351778656,11.857707509881422,9.486166007905137,78.65612648221344,6.324110671936759,72.33201581027669
E00049405,289,71,39,32,218,21,197,24.567474048442904,13.494809688581316,11.072664359861593,75.4325259515571,7.26643598615917,68.16608996539793
E00049406,233,54,27,27,179,14,165,23.17596566523605,11.587982832618025,11.587982832618025,76.82403433476395,6.008583690987124,70.81545064377683
E00049407,280,51,20,31,229,12,217,18.21428571428571,7.142857142857142,11.071428571428571,81.78571428571428,4.285714285714286,77.5
E00049409,322,62,24,38,260,21,239,19.25465838509317,7.453416149068323,11.801242236024844,80.74534161490683,6.521739130434782,74.22360248447205
E00049410,196,31,12,19,165,16,149,15.816326530612246,6.122448979591836,9.693877551020408,84.18367346938776,8.16326530612245,76.0204081632653
E00049411,297,61,33,28,236,25,211,20.53872053872054,11.11111111111111,9.427609427609427,79.46127946127946,8.417508417508419,71.04377104377105
E00049412,372,71,22,49,301,23,278,19.086021505376344,5.913978494623656,13.172043010752688,80.91397849462365,6.182795698924731,74.73118279569893
E00049413,333,69,37,32,264,25,239,20.72072072072072,11.11111111111111,9.60960960960961,79.27927927927928,7.5075075075075075,71.77177177177178
E00049414,341,55,21,34,286,28,258,16.129032258064516,6.158357771260997,9.970674486803519,83.87096774193549,8.211143695014663,75.65982404692082
E00049415,389,69,33,36,320,17,303,17.737789203084834,8.483290488431876,9.254498714652955,82.26221079691517,4.370179948586118,77.89203084832906
E00049416,315,52,20,32,263,19,244,16.507936507936506,6.349206349206349,10.158730158730158,83.4920634920635,6.031746031746032,77.46031746031747
E00049417,294,66,33,33,228,20,208,22.448979591836736,11.224489795918368,11.224489795918368,77.55102040816327,6.802721088435375,70.74829931972789
E00049418,333,86,46,40,247,14,233,25.825825825825827,13.813813813813812,12.012012012012011,74.17417417417418,4.2042042042042045,69.96996996996997
E00049419,365,68,41,27,297,19,278,18.63013698630137,11.232876712328768,7.397260273972603,81.36986301369863,5.205479452054795,76.16438356164383
E00049420,326,68,34,34,258,28,230,20.858895705521473,10.429447852760736,10.429447852760736,79.14110429447852,8.588957055214724,70.5521472392638
E00049421,376,68,28,40,308,24,284,18.085106382978726,7.446808510638298,10.638297872340425,81.91489361702128,6.382978723404255,75.53191489361703
E00049422,319,59,24,35,260,15,245,18.495297805642632,7.523510971786834,10.9717868338558,81.50470219435736,4.702194357366771,76.8025078369906
E00049423,278,60,24,36,218,20,198,21.58273381294964,8.633093525179856,12.949640287769784,78.41726618705036,7.1942446043165464,71.22302158273382
E00049424,336,55,23,32,281,14,267,16.36904761904762,6.845238095238096,9.523809523809524,83.63095238095238,4.166666666666666,79.46428571428571
E00049425,307,47,17,30,260,12,248,15.309446254071663,5.537459283387622,9.77198697068404,84.69055374592834,3.908794788273615,80.78175895765473
E00049426,340,92,25,67,248,23,225,27.058823529411764,7.352941176470589,19.705882352941178,72.94117647058823,6.764705882352941,66.17647058823529
E00049427,301,42,16,26,259,26,233,13.953488372093023,5.3156146179401995,8.637873754152823,86.04651162790698,8.637873754152823,77.40863787375415
E00049428,306,56,26,30,250,15,235,18.30065359477124,8.49673202614379,9.803921568627452,81.69934640522875,4.901960784313726,76.79738562091504
E00049429,476,143,86,57,333,24,309,30.04201680672269,18.067226890756302,11.974789915966387,69.9579831932773,5.042016806722689,64.91596638655463
E00049430,246,62,25,37,184,15,169,25.203252032520325,10.16260162601626,15.040650406504067,74.79674796747967,6.097560975609756,68.69918699186992
E00049431,305,55,27,28,250,19,231,18.0327868852459,8.852459016393443,9.180327868852459,81.9672131147541,6.229508196721312,75.73770491803279
E00049432,347,57,32,25,290,17,273,16.42651296829971,9.221902017291066,7.204610951008646,83.5734870317003,4.899135446685879,78.6743515850144
E00049433,309,57,21,36,252,22,230,18.446601941747574,6.796116504854369,11.650485436893204,81.55339805825243,7.119741100323624,74.4336569579288
E00049434,324,76,42,34,248,15,233,23.456790123456788,12.962962962962962,10.493827160493826,76.5432098765432,4.62962962962963,71.91358024691358
E00049435,264,52,26,26,212,7,205,19.696969696969695,9.848484848484848,9.848484848484848,80.3030303030303,2.6515151515151514,77.65151515151516
E00049436,343,72,39,33,271,13,258,20.99125364431487,11.370262390670554,9.620991253644315,79.00874635568513,3.7900874635568513,75.21865889212827
E00049437,316,58,30,28,258,12,246,18.354430379746837,9.49367088607595,8.860759493670885,81.64556962025317,3.79746835443038,77.84810126582279
E00049438,288,35,15,20,253,23,230,12.152777777777777,5.208333333333334,6.944444444444445,87.84722222222221,7.986111111111111,79.86111111111111
E00049439,298,56,20,36,242,19,223,18.79194630872483,6.7114093959731544,12.080536912751679,81.20805369127517,6.375838926174497,74.83221476510067
E00049440,292,62,29,33,230,17,213,21.232876712328768,9.931506849315069,11.301369863013697,78.76712328767124,5.821917808219178,72.94520547945206
E00049441,270,72,37,35,198,16,182,26.666666666666668,13.703703703703704,12.962962962962962,73.33333333333333,5.9259259259259265,67.4074074074074
E00049442,326,41,18,23,285,30,255,12.576687116564417,5.521472392638037,7.05521472392638,87.42331288343557,9.202453987730062,78.22085889570552
E00049443,425,93,48,45,332,21,311,21.88235294117647,11.294117647058824,10.588235294117647,78.11764705882352,4.941176470588235,73.1764705882353
E00049444,289,49,21,28,240,19,221,16.955017301038062,7.26643598615917,9.688581314878892,83.04498269896193,6.5743944636678195,76.47058823529412
E00049445,284,64,28,36,220,18,202,22.535211267605636,9.859154929577464,12.676056338028168,77.46478873239437,6.338028169014084,71.12676056338029
E00049446,272,94,41,53,178,10,168,34.55882352941176,15.073529411764705,19.485294117647058,65.44117647058823,3.6764705882352944,61.76470588235294
E00049447,325,45,16,29,280,15,265,13.846153846153847,4.923076923076923,8.923076923076923,86.15384615384616,4.615384615384616,81.53846153846153
E00049448,321,62,28,34,259,19,240,19.314641744548286,8.722741433021806,10.59190031152648,80.68535825545172,5.919003115264798,74.76635514018692
E00049449,370,73,33,40,297,22,275,19.72972972972973,8.91891891891892,10.81081081081081,80.27027027027027,5.9459459459459465,74.32432432432432
E00049450,349,80,41,39,269,22,247,22.922636103151863,11.74785100286533,11.174785100286533,77.07736389684814,6.303724928366762,70.77363896848138
E00049451,291,60,29,31,231,26,205,20.618556701030926,9.965635738831615,10.652920962199312,79.38144329896907,8.934707903780069,70.44673539518901
E00049452,346,70,39,31,276,23,253,20.23121387283237,11.271676300578035,8.959537572254336,79.76878612716763,6.6473988439306355,73.121387283237
E00049453,297,72,37,35,225,13,212,24.242424242424242,12.457912457912458,11.784511784511785,75.75757575757575,4.377104377104377,71.38047138047138
E00049454,354,66,24,42,288,25,263,18.64406779661017,6.779661016949152,11.864406779661017,81.35593220338984,7.062146892655368,74.29378531073446
E00049455,282,71,32,39,211,18,193,25.177304964539005,11.347517730496454,13.829787234042554,74.822695035461,6.382978723404255,68.43971631205675
E00049456,345,76,34,42,269,14,255,22.028985507246375,9.855072463768117,12.173913043478262,77.97101449275362,4.057971014492753,73.91304347826086
E00049457,299,77,41,36,222,19,203,25.75250836120401,13.712374581939798,12.040133779264215,74.24749163879598,6.354515050167224,67.89297658862876
E00049458,286,45,18,27,241,21,220,15.734265734265735,6.293706293706294,9.44055944055944,84.26573426573427,7.3426573426573425,76.92307692307693
E00049459,330,38,16,22,292,26,266,11.515151515151516,4.848484848484849,6.666666666666667,88.48484848484848,7.878787878787878,80.60606060606061
E00049460,323,52,18,34,271,23,248,16.09907120743034,5.572755417956656,10.526315789473683,83.90092879256966,7.120743034055728,76.78018575851394
E00049461,299,93,46,47,206,17,189,31.103678929765888,15.384615384615385,15.719063545150503,68.89632107023411,5.68561872909699,63.21070234113713
E00049462,330,69,27,42,261,22,239,20.909090909090907,8.181818181818182,12.727272727272727,79.0909090909091,6.666666666666667,72.42424242424242
E00049463,340,81,43,38,259,18,241,23.823529411764703,12.647058823529411,11.176470588235295,76.17647058823529,5.294117647058823,70.88235294117648
E00049464,280,48,22,26,232,30,202,17.142857142857142,7.857142857142857,9.285714285714286,82.85714285714286,10.714285714285714,72.14285714285714
E00049465,326,49,16,33,277,32,245,15.030674846625766,4.9079754601226995,10.122699386503067,84.96932515337423,9.815950920245399,75.15337423312883
E00049466,265,46,17,29,219,18,201,17.358490566037734,6.415094339622642,10.943396226415095,82.64150943396227,6.7924528301886795,75.84905660377359
E00049467,261,55,24,31,206,19,187,21.0727969348659,9.195402298850574,11.877394636015326,78.9272030651341,7.2796934865900385,71.64750957854406
E00049468,299,54,29,25,245,12,233,18.06020066889632,9.698996655518394,8.361204013377927,81.93979933110369,4.013377926421405,77.92642140468227
E00049469,269,45,16,29,224,19,205,16.728624535315987,5.947955390334572,10.780669144981413,83.27137546468401,7.063197026022305,76.2081784386617
E00049470,293,57,24,33,236,29,207,19.453924914675767,8.19112627986348,11.262798634812286,80.54607508532423,9.897610921501707,70.64846416382252
E00049471,318,47,22,25,271,22,249,14.779874213836477,6.918238993710692,7.861635220125786,85.22012578616352,6.918238993710692,78.30188679245283
E00049472,262,65,30,35,197,27,170,24.80916030534351,11.450381679389313,13.358778625954198,75.19083969465649,10.305343511450381,64.8854961832061
E00049473,328,65,40,25,263,30,233,19.817073170731707,12.195121951219512,7.621951219512195,80.1829268292683,9.146341463414634,71.03658536585365
E00049474,281,72,43,29,209,18,191,25.622775800711743,15.302491103202847,10.320284697508896,74.37722419928826,6.405693950177936,67.97153024911033
E00049475,308,79,23,56,229,31,198,25.649350649350648,7.467532467532467,18.181818181818183,74.35064935064936,10.064935064935066,64.28571428571429
E00049476,334,70,25,45,264,17,247,20.958083832335326,7.48502994011976,13.47305389221557,79.04191616766467,5.089820359281437,73.95209580838323
E00049478,278,30,10,20,248,16,232,10.79136690647482,3.5971223021582732,7.1942446043165464,89.20863309352518,5.755395683453238,83.45323741007195
E00049479,237,69,31,38,168,16,152,29.11392405063291,13.080168776371309,16.033755274261605,70.88607594936708,6.751054852320674,64.13502109704642
E00049480,345,95,54,41,250,20,230,27.536231884057973,15.65217391304348,11.884057971014492,72.46376811594203,5.797101449275362,66.66666666666666
E00049481,301,66,37,29,235,11,224,21.92691029900332,12.29235880398671,9.634551495016613,78.07308970099668,3.6544850498338874,74.4186046511628
E00049482,442,59,21,38,383,29,354,13.34841628959276,4.751131221719457,8.597285067873303,86.65158371040724,6.561085972850679,80.09049773755656
E00049483,277,35,13,22,242,22,220,12.63537906137184,4.693140794223827,7.9422382671480145,87.36462093862815,7.9422382671480145,79.42238267148014
E00049484,311,39,14,25,272,23,249,12.540192926045016,4.501607717041801,8.038585209003216,87.45980707395499,7.395498392282958,80.06430868167203
E00049485,324,67,30,37,257,23,234,20.679012345679013,9.25925925925926,11.419753086419753,79.32098765432099,7.098765432098765,72.22222222222221
E00049486,258,41,21,20,217,14,203,15.891472868217054,8.13953488372093,7.751937984496124,84.10852713178295,5.426356589147287,78.68217054263566
E00049487,263,86,42,44,177,23,154,32.69961977186312,15.96958174904943,16.730038022813687,67.30038022813687,8.745247148288973,58.55513307984791
E00049488,295,51,28,23,244,7,237,17.28813559322034,9.491525423728813,7.796610169491526,82.71186440677965,2.3728813559322033,80.33898305084746
E00049489,294,31,10,21,263,17,246,10.54421768707483,3.4013605442176873,7.142857142857142,89.45578231292517,5.782312925170068,83.6734693877551
E00049490,313,64,19,45,249,27,222,20.447284345047922,6.070287539936102,14.376996805111823,79.55271565495208,8.626198083067091,70.92651757188499
E00049492,331,58,25,33,273,22,251,17.522658610271904,7.552870090634441,9.969788519637463,82.4773413897281,6.646525679758309,75.83081570996978
E00049493,290,77,30,47,213,17,196,26.551724137931032,10.344827586206897,16.206896551724135,73.44827586206897,5.862068965517241,67.58620689655173
E00049494,292,27,6,21,265,20,245,9.246575342465754,2.054794520547945,7.191780821917808,90.75342465753424,6.8493150684931505,83.9041095890411
E00049495,317,63,19,44,254,20,234,19.873817034700316,5.993690851735016,13.880126182965299,80.12618296529969,6.309148264984227,73.81703470031546
E00049496,294,63,35,28,231,11,220,21.428571428571427,11.904761904761903,9.523809523809524,78.57142857142857,3.741496598639456,74.82993197278913
E00049497,279,59,26,33,220,23,197,21.14695340501792,9.31899641577061,11.827956989247312,78.85304659498208,8.24372759856631,70.60931899641577
E00049498,269,66,25,41,203,25,178,24.53531598513011,9.293680297397769,15.241635687732341,75.46468401486989,9.293680297397769,66.17100371747212
E00049499,325,55,28,27,270,18,252,16.923076923076923,8.615384615384615,8.307692307692308,83.07692307692308,5.538461538461538,77.53846153846153
E00049500,298,68,31,37,230,26,204,22.818791946308725,10.40268456375839,12.416107382550337,77.18120805369128,8.724832214765101,68.45637583892618
E00049501,240,59,26,33,181,19,162,24.583333333333332,10.833333333333334,13.750000000000002,75.41666666666667,7.916666666666666,67.5
E00049502,247,16,5,11,231,30,201,6.477732793522267,2.0242914979757085,4.4534412955465585,93.52226720647774,12.145748987854251,81.37651821862349
E00049503,292,59,26,33,233,29,204,20.205479452054796,8.904109589041095,11.301369863013697,79.7945205479452,9.931506849315069,69.86301369863014
E00049504,266,69,41,28,197,19,178,25.93984962406015,15.413533834586465,10.526315789473683,74.06015037593986,7.142857142857142,66.9172932330827
E00049505,260,30,13,17,230,28,202,11.538461538461538,5,6.538461538461539,88.46153846153845,10.76923076923077,77.6923076923077
E00049506,335,67,26,41,268,35,233,20,7.761194029850746,12.238805970149254,80,10.44776119402985,69.55223880597015
E00049507,258,55,25,30,203,11,192,21.31782945736434,9.689922480620156,11.627906976744185,78.68217054263566,4.263565891472868,74.4186046511628
E00049508,307,40,11,29,267,23,244,13.029315960912053,3.5830618892508146,9.446254071661238,86.97068403908796,7.491856677524431,79.47882736156352
E00049509,249,62,33,29,187,13,174,24.899598393574294,13.253012048192772,11.646586345381527,75.1004016064257,5.220883534136546,69.87951807228916
E00049510,316,66,27,39,250,23,227,20.88607594936709,8.544303797468354,12.341772151898734,79.11392405063292,7.2784810126582276,71.83544303797468
E00049511,269,39,22,17,230,23,207,14.49814126394052,8.178438661710038,6.319702602230483,85.50185873605948,8.550185873605948,76.95167286245353
E00049512,337,48,15,33,289,33,256,14.243323442136498,4.451038575667656,9.792284866468842,85.7566765578635,9.792284866468842,75.96439169139467
E00049513,303,88,38,50,215,9,206,29.042904290429046,12.541254125412541,16.5016501650165,70.95709570957096,2.9702970297029703,67.98679867986799
E00049514,306,60,23,37,246,26,220,19.607843137254903,7.516339869281046,12.091503267973856,80.3921568627451,8.49673202614379,71.89542483660131
E00049515,267,47,17,30,220,28,192,17.60299625468165,6.367041198501873,11.235955056179774,82.39700374531836,10.486891385767791,71.91011235955057
E00049516,274,41,16,25,233,24,209,14.963503649635038,5.839416058394161,9.124087591240876,85.03649635036497,8.75912408759124,76.27737226277372
E00049517,254,67,33,34,187,24,163,26.37795275590551,12.992125984251967,13.385826771653544,73.62204724409449,9.448818897637794,64.1732283464567
E00049518,422,79,33,46,343,31,312,18.72037914691943,7.819905213270142,10.90047393364929,81.27962085308057,7.345971563981042,73.93364928909952
E00049519,316,67,24,43,249,25,224,21.202531645569618,7.59493670886076,13.60759493670886,78.79746835443038,7.9113924050632916,70.88607594936708
E00049520,320,75,44,31,245,25,220,23.4375,13.750000000000002,9.6875,76.5625,7.8125,68.75
E00049521,340,68,31,37,272,20,252,20,9.117647058823529,10.882352941176471,80,5.88235294117647,74.11764705882354
E00049522,306,49,23,26,257,30,227,16.013071895424837,7.516339869281046,8.49673202614379,83.98692810457517,9.803921568627452,74.18300653594771
E00049523,358,84,37,47,274,29,245,23.463687150837988,10.335195530726256,13.128491620111731,76.53631284916202,8.100558659217876,68.43575418994413
E00049524,507,100,48,52,407,35,372,19.723865877712033,9.467455621301776,10.256410256410255,80.27613412228797,6.903353057199212,73.37278106508876
E00049525,275,50,22,28,225,27,198,18.181818181818183,8,10.181818181818182,81.81818181818183,9.818181818181818,72
E00049527,298,50,24,26,248,17,231,16.778523489932887,8.053691275167784,8.724832214765101,83.22147651006712,5.704697986577181,77.51677852348993
E00049528,303,58,24,34,245,19,226,19.141914191419144,7.920792079207921,11.221122112211221,80.85808580858085,6.270627062706271,74.58745874587459
E00049529,232,61,37,24,171,13,158,26.29310344827586,15.948275862068966,10.344827586206897,73.70689655172413,5.603448275862069,68.10344827586206
E00049530,260,61,34,27,199,18,181,23.46153846153846,13.076923076923078,10.384615384615385,76.53846153846153,6.923076923076923,69.61538461538461
E00049531,304,70,30,40,234,18,216,23.026315789473685,9.868421052631579,13.157894736842104,76.97368421052632,5.921052631578947,71.05263157894737
E00049532,294,50,22,28,244,14,230,17.006802721088434,7.482993197278912,9.523809523809524,82.99319727891157,4.761904761904762,78.2312925170068
E00049533,313,63,24,39,250,22,228,20.12779552715655,7.667731629392971,12.460063897763577,79.87220447284345,7.0287539936102235,72.84345047923323
E00049534,471,85,41,44,386,36,350,18.046709129511676,8.70488322717622,9.341825902335456,81.95329087048833,7.643312101910828,74.3099787685775
E00049535,451,80,37,43,371,18,353,17.738359201773836,8.2039911308204,9.534368070953436,82.26164079822617,3.9911308203991127,78.27050997782705
E00049536,273,62,29,33,211,21,190,22.71062271062271,10.622710622710622,12.087912087912088,77.2893772893773,7.6923076923076925,69.59706959706959
E00049537,337,60,36,24,277,19,258,17.804154302670625,10.682492581602373,7.121661721068249,82.19584569732937,5.637982195845697,76.55786350148368
E00049538,479,60,16,44,419,37,382,12.526096033402922,3.3402922755741122,9.18580375782881,87.47390396659708,7.724425887265135,79.74947807933194
E00049539,274,46,21,25,228,22,206,16.78832116788321,7.664233576642336,9.124087591240876,83.21167883211679,8.02919708029197,75.18248175182481
E00049540,286,49,25,24,237,14,223,17.132867132867133,8.741258741258742,8.391608391608392,82.86713286713287,4.895104895104895,77.97202797202797
E00049541,307,29,16,13,278,33,245,9.446254071661238,5.211726384364821,4.234527687296417,90.55374592833876,10.749185667752444,79.80456026058633
E00049542,400,59,27,32,341,24,317,14.75,6.75,8,85.25,6,79.25
E00049543,326,66,31,35,260,15,245,20.245398773006134,9.509202453987731,10.736196319018406,79.75460122699386,4.601226993865031,75.15337423312883
E00049544,247,60,20,40,187,22,165,24.291497975708502,8.097165991902834,16.194331983805668,75.7085020242915,8.906882591093117,66.80161943319838
E00049545,403,66,35,31,337,21,316,16.377171215880892,8.6848635235732,7.6923076923076925,83.62282878411911,5.2109181141439205,78.41191066997519
E00049546,257,45,21,24,212,14,198,17.509727626459142,8.171206225680933,9.33852140077821,82.49027237354085,5.447470817120623,77.04280155642024
E00049547,331,54,22,32,277,32,245,16.314199395770395,6.646525679758309,9.667673716012084,83.68580060422961,9.667673716012084,74.01812688821752
E00049548,337,63,24,39,274,20,254,18.694362017804153,7.121661721068249,11.572700296735905,81.30563798219585,5.934718100890208,75.37091988130564
E00049549,368,47,14,33,321,35,286,12.771739130434783,3.804347826086957,8.967391304347826,87.22826086956522,9.510869565217392,77.71739130434783
E00049550,164,55,34,21,109,10,99,33.53658536585366,20.73170731707317,12.804878048780488,66.46341463414635,6.097560975609756,60.36585365853659
E00049551,295,49,21,28,246,18,228,16.610169491525422,7.118644067796611,9.491525423728813,83.38983050847457,6.101694915254238,77.28813559322035
E00049552,315,48,20,28,267,18,249,15.238095238095239,6.349206349206349,8.88888888888889,84.76190476190476,5.714285714285714,79.04761904761905
E00049553,327,48,20,28,279,29,250,14.678899082568808,6.116207951070336,8.56269113149847,85.3211009174312,8.868501529051988,76.45259938837921
E00049554,392,70,33,37,322,17,305,17.857142857142858,8.418367346938775,9.438775510204081,82.14285714285714,4.336734693877551,77.8061224489796
E00049556,387,57,22,35,330,29,301,14.728682170542637,5.684754521963824,9.043927648578812,85.27131782945736,7.493540051679587,77.77777777777779
E00049557,283,68,35,33,215,23,192,24.02826855123675,12.36749116607774,11.66077738515901,75.97173144876325,8.12720848056537,67.84452296819788
E00049558,299,59,29,30,240,22,218,19.732441471571907,9.698996655518394,10.033444816053512,80.2675585284281,7.357859531772576,72.90969899665552
E00049559,340,72,33,39,268,17,251,21.176470588235293,9.705882352941178,11.470588235294118,78.82352941176471,5,73.82352941176471
E00049560,272,55,26,29,217,23,194,20.22058823529412,9.558823529411764,10.661764705882353,79.77941176470588,8.455882352941178,71.32352941176471
E00049561,315,72,27,45,243,19,224,22.857142857142858,8.571428571428571,14.285714285714285,77.14285714285715,6.031746031746032,71.11111111111111
E00049562,348,68,33,35,280,16,264,19.54022988505747,9.482758620689655,10.057471264367816,80.45977011494253,4.597701149425287,75.86206896551724
E00049563,337,56,26,30,281,31,250,16.61721068249258,7.71513353115727,8.902077151335313,83.38278931750742,9.198813056379821,74.1839762611276
E00049564,323,51,25,26,272,28,244,15.789473684210526,7.739938080495357,8.04953560371517,84.21052631578947,8.6687306501548,75.54179566563467
E00049565,369,69,14,55,300,39,261,18.69918699186992,3.7940379403794036,14.905149051490515,81.30081300813008,10.569105691056912,70.73170731707317
E00049566,383,67,22,45,316,28,288,17.4934725848564,5.7441253263707575,11.74934725848564,82.50652741514361,7.310704960835509,75.19582245430809
E00049567,249,52,25,27,197,18,179,20.883534136546185,10.040160642570282,10.843373493975903,79.11646586345381,7.228915662650602,71.8875502008032
E00049568,370,75,28,47,295,24,271,20.27027027027027,7.567567567567568,12.702702702702704,79.72972972972973,6.486486486486487,73.24324324324324
E00049569,265,69,36,33,196,21,175,26.037735849056602,13.584905660377359,12.452830188679245,73.9622641509434,7.9245283018867925,66.0377358490566
E00049570,351,61,24,37,290,28,262,17.37891737891738,6.837606837606838,10.541310541310542,82.62108262108262,7.977207977207977,74.64387464387464
E00049571,335,49,18,31,286,24,262,14.626865671641792,5.3731343283582085,9.253731343283581,85.37313432835822,7.164179104477612,78.2089552238806
E00049572,273,66,29,37,207,19,188,24.175824175824175,10.622710622710622,13.553113553113553,75.82417582417582,6.95970695970696,68.86446886446886
E00049573,334,41,15,26,293,17,276,12.275449101796406,4.491017964071856,7.784431137724551,87.72455089820359,5.089820359281437,82.63473053892216
E00049574,306,59,26,33,247,23,224,19.28104575163399,8.49673202614379,10.784313725490197,80.71895424836602,7.516339869281046,73.20261437908496
E00049575,445,56,23,33,389,28,361,12.584269662921349,5.168539325842696,7.415730337078652,87.41573033707866,6.292134831460674,81.12359550561797
E00049576,282,54,28,26,228,19,209,19.148936170212767,9.929078014184398,9.219858156028367,80.85106382978722,6.73758865248227,74.11347517730496
E00049577,246,40,16,24,206,26,180,16.260162601626014,6.504065040650407,9.75609756097561,83.73983739837398,10.569105691056912,73.17073170731707
E00049578,264,55,23,32,209,23,186,20.833333333333336,8.712121212121213,12.121212121212121,79.16666666666666,8.712121212121213,70.45454545454545
E00049579,264,48,24,24,216,30,186,18.181818181818183,9.090909090909092,9.090909090909092,81.81818181818183,11.363636363636363,70.45454545454545
E00049580,338,40,10,30,298,23,275,11.834319526627219,2.9585798816568047,8.875739644970414,88.16568047337277,6.8047337278106506,81.36094674556213
E00049581,307,46,23,23,261,28,233,14.983713355048861,7.491856677524431,7.491856677524431,85.01628664495115,9.120521172638437,75.8957654723127
E00049582,274,73,34,39,201,22,179,26.642335766423358,12.408759124087592,14.233576642335766,73.35766423357664,8.02919708029197,65.32846715328468
E00049583,349,63,27,36,286,31,255,18.05157593123209,7.736389684813753,10.315186246418339,81.9484240687679,8.882521489971348,73.06590257879655
E00049584,309,30,8,22,279,24,255,9.70873786407767,2.5889967637540456,7.119741100323624,90.29126213592234,7.766990291262135,82.52427184466019
E00049585,300,57,21,36,243,34,209,19,7.000000000000001,12,81,11.333333333333332,69.66666666666667
E00049586,292,42,14,28,250,23,227,14.383561643835616,4.794520547945205,9.58904109589041,85.61643835616438,7.876712328767123,77.73972602739725
E00049587,281,49,10,39,232,19,213,17.437722419928825,3.558718861209965,13.87900355871886,82.56227758007117,6.761565836298933,75.80071174377224
E00049588,300,43,19,24,257,27,230,14.333333333333334,6.333333333333334,8,85.66666666666667,9,76.66666666666667
E00049589,292,54,26,28,238,21,217,18.493150684931507,8.904109589041095,9.58904109589041,81.5068493150685,7.191780821917808,74.31506849315068
E00049590,398,95,49,46,303,22,281,23.869346733668344,12.311557788944723,11.557788944723619,76.13065326633166,5.527638190954774,70.60301507537689
E00049591,314,63,26,37,251,29,222,20.063694267515924,8.280254777070063,11.78343949044586,79.93630573248409,9.235668789808917,70.70063694267516
E00049592,358,54,21,33,304,39,265,15.083798882681565,5.865921787709497,9.217877094972067,84.91620111731844,10.893854748603351,74.02234636871509
E00049593,431,88,40,48,343,40,303,20.417633410672853,9.280742459396752,11.1368909512761,79.58236658932715,9.280742459396752,70.30162412993039
E00049594,253,34,18,16,219,22,197,13.438735177865613,7.114624505928854,6.324110671936759,86.56126482213439,8.695652173913043,77.86561264822134
E00049595,253,45,18,27,208,23,185,17.786561264822133,7.114624505928854,10.67193675889328,82.21343873517787,9.090909090909092,73.12252964426878
E00049596,293,39,7,32,254,25,229,13.310580204778159,2.3890784982935154,10.921501706484642,86.68941979522185,8.532423208191126,78.15699658703072
E00049597,255,61,29,32,194,21,173,23.92156862745098,11.372549019607844,12.549019607843137,76.07843137254902,8.235294117647058,67.84313725490196
E00049598,234,34,9,25,200,27,173,14.529914529914532,3.8461538461538463,10.683760683760683,85.47008547008546,11.538461538461538,73.93162393162393
E00049599,241,34,13,21,207,20,187,14.107883817427386,5.394190871369295,8.71369294605809,85.89211618257261,8.29875518672199,77.59336099585063
E00049600,301,45,16,29,256,15,241,14.950166112956811,5.3156146179401995,9.634551495016613,85.04983388704319,4.983388704318937,80.06644518272425
E00049601,338,42,10,32,296,43,253,12.42603550295858,2.9585798816568047,9.467455621301776,87.57396449704143,12.721893491124261,74.85207100591717
E00049602,192,59,33,26,133,13,120,30.729166666666668,17.1875,13.541666666666666,69.27083333333334,6.770833333333333,62.5
E00049603,357,51,15,36,306,29,277,14.285714285714285,4.201680672268908,10.084033613445378,85.71428571428571,8.123249299719888,77.59103641456583
E00049604,288,39,13,26,249,17,232,13.541666666666666,4.513888888888888,9.027777777777777,86.45833333333334,5.902777777777778,80.55555555555556
E00049605,338,53,14,39,285,24,261,15.680473372781064,4.142011834319527,11.538461538461538,84.31952662721893,7.100591715976331,77.2189349112426
E00049606,515,129,73,56,386,24,362,25.04854368932039,14.174757281553399,10.87378640776699,74.9514563106796,4.660194174757281,70.29126213592232
E00049607,309,49,19,30,260,21,239,15.857605177993527,6.148867313915858,9.70873786407767,84.14239482200647,6.796116504854369,77.34627831715211
E00049608,413,53,22,31,360,47,313,12.832929782082324,5.326876513317192,7.506053268765134,87.16707021791767,11.380145278450362,75.78692493946731
E00049609,309,57,24,33,252,23,229,18.446601941747574,7.766990291262135,10.679611650485436,81.55339805825243,7.443365695792881,74.11003236245955
E00049610,371,53,19,34,318,27,291,14.285714285714285,5.121293800539084,9.164420485175203,85.71428571428571,7.277628032345014,78.4366576819407
E00049611,243,51,23,28,192,23,169,20.98765432098765,9.465020576131687,11.522633744855968,79.01234567901234,9.465020576131687,69.54732510288066
E00049612,348,49,16,33,299,26,273,14.080459770114942,4.597701149425287,9.482758620689655,85.91954022988506,7.471264367816093,78.44827586206897
E00049613,365,66,31,35,299,22,277,18.08219178082192,8.493150684931507,9.58904109589041,81.91780821917808,6.027397260273973,75.89041095890411
E00049614,345,61,25,36,284,29,255,17.681159420289855,7.246376811594203,10.434782608695652,82.31884057971014,8.405797101449275,73.91304347826086
E00049615,360,47,19,28,313,24,289,13.055555555555557,5.277777777777778,7.777777777777778,86.94444444444444,6.666666666666667,80.27777777777779
E00049616,275,44,17,27,231,22,209,16,6.181818181818182,9.818181818181818,84,8,76
E00049617,310,47,14,33,263,26,237,15.161290322580644,4.516129032258064,10.64516129032258,84.83870967741936,8.38709677419355,76.45161290322581
E00049618,297,58,20,38,239,22,217,19.52861952861953,6.7340067340067336,12.794612794612794,80.47138047138047,7.4074074074074066,73.06397306397307
E00049619,324,35,8,27,289,22,267,10.802469135802468,2.4691358024691357,8.333333333333332,89.19753086419753,6.790123456790123,82.4074074074074
E00049620,311,42,17,25,269,18,251,13.504823151125404,5.466237942122187,8.038585209003216,86.49517684887459,5.787781350482315,80.70739549839229
E00049621,471,123,62,61,348,25,323,26.11464968152866,13.163481953290871,12.951167728237792,73.88535031847134,5.3078556263269645,68.57749469214437
E00049622,332,66,33,33,266,21,245,19.879518072289155,9.939759036144578,9.939759036144578,80.12048192771084,6.325301204819277,73.79518072289156
E00049623,313,69,26,43,244,23,221,22.044728434504794,8.30670926517572,13.738019169329075,77.95527156549521,7.348242811501597,70.6070287539936
E00049624,387,82,47,35,305,25,280,21.188630490956072,12.144702842377262,9.043927648578812,78.81136950904393,6.459948320413436,72.3514211886305
E00049625,371,79,44,35,292,26,266,21.293800539083556,11.859838274932615,9.433962264150944,78.70619946091644,7.008086253369273,71.69811320754717
E00049626,337,38,20,18,299,31,268,11.275964391691394,5.934718100890208,5.341246290801187,88.72403560830861,9.198813056379821,79.52522255192879
E00049627,303,64,19,45,239,17,222,21.122112211221122,6.270627062706271,14.85148514851485,78.87788778877888,5.6105610561056105,73.26732673267327
E00049628,283,45,18,27,238,27,211,15.901060070671377,6.36042402826855,9.540636042402827,84.09893992932862,9.540636042402827,74.55830388692578
E00049629,259,43,14,29,216,23,193,16.602316602316602,5.405405405405405,11.196911196911197,83.3976833976834,8.880308880308881,74.5173745173745
E00049630,330,46,12,34,284,27,257,13.939393939393941,3.6363636363636362,10.303030303030303,86.06060606060606,8.181818181818182,77.87878787878788
E00049631,325,50,22,28,275,26,249,15.384615384615385,6.769230769230769,8.615384615384615,84.61538461538461,8,76.61538461538461
E00049632,290,40,14,26,250,23,227,13.793103448275861,4.827586206896552,8.96551724137931,86.20689655172413,7.931034482758621,78.27586206896552
E00049633,294,52,14,38,242,23,219,17.687074829931973,4.761904761904762,12.925170068027212,82.31292517006803,7.8231292517006805,74.48979591836735
E00049634,400,66,28,38,334,36,298,16.5,7.000000000000001,9.5,83.5,9,74.5
E00049635,243,41,19,22,202,27,175,16.872427983539097,7.818930041152264,9.053497942386832,83.1275720164609,11.11111111111111,72.0164609053498
E00049636,263,72,38,34,191,22,169,27.376425855513308,14.44866920152091,12.927756653992395,72.6235741444867,8.365019011406844,64.25855513307985
E00049637,357,59,22,37,298,25,273,16.5266106442577,6.162464985994398,10.364145658263306,83.4733893557423,7.002801120448179,76.47058823529412
E00049638,315,41,17,24,274,26,248,13.015873015873018,5.396825396825397,7.6190476190476195,86.98412698412699,8.253968253968253,78.73015873015873
E00049639,250,50,17,33,200,19,181,20,6.800000000000001,13.200000000000001,80,7.6,72.39999999999999
E00049640,292,43,20,23,249,24,225,14.726027397260275,6.8493150684931505,7.876712328767123,85.27397260273972,8.21917808219178,77.05479452054794
E00049641,220,40,14,26,180,25,155,18.181818181818183,6.363636363636363,11.818181818181818,81.81818181818183,11.363636363636363,70.45454545454545
E00049642,336,70,29,41,266,20,246,20.833333333333336,8.630952380952381,12.202380952380953,79.16666666666666,5.952380952380952,73.21428571428571
E00049643,328,51,24,27,277,18,259,15.548780487804878,7.317073170731707,8.231707317073171,84.45121951219512,5.487804878048781,78.96341463414635
E00049644,205,57,23,34,148,11,137,27.80487804878049,11.219512195121952,16.585365853658537,72.1951219512195,5.365853658536586,66.82926829268293
E00049645,314,38,17,21,276,24,252,12.101910828025478,5.414012738853503,6.687898089171974,87.89808917197452,7.643312101910828,80.2547770700637
E00049646,303,62,34,28,241,19,222,20.462046204620464,11.221122112211221,9.24092409240924,79.53795379537954,6.270627062706271,73.26732673267327
E00049647,257,31,15,16,226,19,207,12.062256809338521,5.836575875486381,6.22568093385214,87.93774319066148,7.392996108949417,80.54474708171206
E00049648,266,79,29,50,187,19,168,29.69924812030075,10.902255639097744,18.796992481203006,70.30075187969925,7.142857142857142,63.1578947368421
E00049649,294,43,23,20,251,19,232,14.625850340136054,7.8231292517006805,6.802721088435375,85.37414965986395,6.462585034013606,78.91156462585033
E00049650,252,65,26,39,187,19,168,25.793650793650798,10.317460317460316,15.476190476190476,74.20634920634922,7.5396825396825395,66.66666666666666
E00049651,201,65,26,39,136,9,127,32.33830845771145,12.935323383084576,19.402985074626866,67.66169154228857,4.477611940298507,63.18407960199005
E00049652,395,73,33,40,322,18,304,18.48101265822785,8.354430379746836,10.126582278481013,81.51898734177216,4.556962025316456,76.9620253164557
E00049653,283,56,27,29,227,21,206,19.78798586572438,9.540636042402827,10.247349823321555,80.21201413427562,7.420494699646643,72.79151943462897
E00049654,282,53,19,34,229,20,209,18.79432624113475,6.73758865248227,12.056737588652481,81.20567375886525,7.092198581560284,74.11347517730496
E00049655,272,58,18,40,214,21,193,21.323529411764707,6.61764705882353,14.705882352941178,78.67647058823529,7.720588235294118,70.95588235294117
E00049656,282,49,12,37,233,28,205,17.375886524822697,4.25531914893617,13.120567375886525,82.62411347517731,9.929078014184398,72.69503546099291
E00049657,316,64,25,39,252,24,228,20.253164556962027,7.9113924050632916,12.341772151898734,79.74683544303798,7.59493670886076,72.15189873417721
E00049658,278,49,20,29,229,23,206,17.62589928057554,7.1942446043165464,10.431654676258994,82.37410071942446,8.273381294964029,74.10071942446042
E00049659,297,42,17,25,255,22,233,14.14141414141414,5.723905723905724,8.417508417508419,85.85858585858585,7.4074074074074066,78.45117845117845
E00049660,321,97,53,44,224,8,216,30.218068535825545,16.510903426791277,13.707165109034266,69.78193146417445,2.4922118380062304,67.28971962616822
E00049661,272,46,21,25,226,28,198,16.911764705882355,7.720588235294118,9.191176470588236,83.08823529411765,10.294117647058822,72.79411764705883
E00049662,231,55,21,34,176,22,154,23.809523809523807,9.090909090909092,14.71861471861472,76.19047619047619,9.523809523809524,66.66666666666666
E00049663,309,63,21,42,246,15,231,20.388349514563107,6.796116504854369,13.592233009708737,79.6116504854369,4.854368932038835,74.75728155339806
E00049664,334,47,17,30,287,24,263,14.071856287425149,5.089820359281437,8.982035928143713,85.92814371257485,7.18562874251497,78.74251497005989
E00049665,285,72,47,25,213,15,198,25.263157894736842,16.49122807017544,8.771929824561402,74.73684210526315,5.263157894736842,69.47368421052632
E00049666,625,63,23,40,562,37,525,10.08,3.6799999999999997,6.4,89.92,5.92,84
E00049667,263,51,29,22,212,20,192,19.39163498098859,11.02661596958175,8.365019011406844,80.6083650190114,7.604562737642586,73.00380228136882
E00049668,311,46,20,26,265,33,232,14.790996784565916,6.430868167202572,8.360128617363344,85.20900321543408,10.610932475884244,74.59807073954984
E00049669,266,62,18,44,204,17,187,23.308270676691727,6.7669172932330826,16.541353383458645,76.69172932330827,6.390977443609022,70.30075187969925
E00049670,333,63,26,37,270,23,247,18.91891891891892,7.807807807807808,11.11111111111111,81.08108108108108,6.906906906906906,74.17417417417418
E00049671,372,29,8,21,343,28,315,7.795698924731183,2.1505376344086025,5.64516129032258,92.20430107526882,7.526881720430108,84.67741935483872
E00049672,269,56,18,38,213,16,197,20.817843866171003,6.691449814126393,14.12639405204461,79.182156133829,5.947955390334572,73.23420074349443
E00049673,291,33,9,24,258,26,232,11.34020618556701,3.0927835051546393,8.24742268041237,88.65979381443299,8.934707903780069,79.72508591065292
E00049674,342,54,19,35,288,37,251,15.789473684210526,5.555555555555555,10.23391812865497,84.21052631578947,10.818713450292398,73.39181286549707
E00049675,257,42,22,20,215,23,192,16.342412451361866,8.560311284046692,7.782101167315175,83.65758754863813,8.949416342412452,74.70817120622569
E00049676,253,35,17,18,218,18,200,13.83399209486166,6.719367588932807,7.114624505928854,86.16600790513834,7.114624505928854,79.05138339920948
E00049677,294,53,19,34,241,25,216,18.027210884353742,6.462585034013606,11.564625850340136,81.97278911564626,8.503401360544217,73.46938775510205
E00049678,275,59,23,36,216,25,191,21.454545454545453,8.363636363636363,13.090909090909092,78.54545454545455,9.090909090909092,69.45454545454545
E00049679,255,45,16,29,210,23,187,17.647058823529413,6.2745098039215685,11.372549019607844,82.35294117647058,9.019607843137255,73.33333333333333
E00049680,229,54,14,40,175,13,162,23.580786026200872,6.11353711790393,17.46724890829694,76.41921397379913,5.676855895196507,70.74235807860262
E00049681,421,69,24,45,352,30,322,16.389548693586697,5.7007125890736345,10.688836104513063,83.6104513064133,7.1258907363420425,76.48456057007125
E00049682,270,38,13,25,232,35,197,14.074074074074074,4.814814814814815,9.25925925925926,85.92592592592592,12.962962962962962,72.96296296296296
E00049683,388,106,56,50,282,33,249,27.31958762886598,14.432989690721648,12.886597938144329,72.68041237113401,8.505154639175258,64.17525773195877
E00049684,265,54,25,29,211,18,193,20.37735849056604,9.433962264150944,10.943396226415095,79.62264150943396,6.7924528301886795,72.83018867924528
E00049685,261,43,21,22,218,19,199,16.47509578544061,8.045977011494253,8.42911877394636,83.5249042145594,7.2796934865900385,76.24521072796935
E00049686,260,63,23,40,197,23,174,24.23076923076923,8.846153846153847,15.384615384615385,75.76923076923077,8.846153846153847,66.92307692307692
E00049687,295,67,24,43,228,14,214,22.71186440677966,8.135593220338983,14.576271186440678,77.28813559322035,4.745762711864407,72.54237288135593
E00049688,262,72,26,46,190,14,176,27.480916030534353,9.923664122137405,17.557251908396946,72.51908396946564,5.343511450381679,67.17557251908397
E00049689,351,48,12,36,303,42,261,13.675213675213676,3.418803418803419,10.256410256410255,86.32478632478633,11.965811965811966,74.35897435897436
E00049690,382,128,81,47,254,27,227,33.50785340314136,21.20418848167539,12.30366492146597,66.49214659685863,7.068062827225131,59.424083769633505
E00049691,316,63,24,39,253,17,236,19.936708860759495,7.59493670886076,12.341772151898734,80.0632911392405,5.379746835443038,74.68354430379746
E00049692,308,63,23,40,245,24,221,20.454545454545457,7.467532467532467,12.987012987012985,79.54545454545455,7.792207792207792,71.75324675324676
E00049693,303,50,15,35,253,36,217,16.5016501650165,4.9504950495049505,11.55115511551155,83.4983498349835,11.881188118811881,71.61716171617162
E00049694,332,61,22,39,271,31,240,18.373493975903614,6.626506024096386,11.74698795180723,81.62650602409639,9.33734939759036,72.28915662650603
E00049695,413,38,12,26,375,28,347,9.200968523002421,2.9055690072639226,6.2953995157385,90.79903147699758,6.779661016949152,84.01937046004842
E00049696,282,43,15,28,239,24,215,15.24822695035461,5.319148936170213,9.929078014184398,84.75177304964538,8.51063829787234,76.24113475177306
E00049697,251,60,17,43,191,21,170,23.904382470119522,6.772908366533864,17.131474103585656,76.09561752988047,8.366533864541832,67.729083665338635
E00049698,330,38,20,18,292,32,260,11.515151515151516,6.0606060606060606,5.454545454545454,88.48484848484848,9.696969696969697,78.78787878787878
E00049699,288,51,21,30,237,26,211,17.708333333333336,7.291666666666667,10.416666666666668,82.29166666666666,9.027777777777777,73.26388888888889
E00049700,394,110,57,53,284,15,269,27.918781725888326,14.467005076142131,13.451776649746192,72.08121827411168,3.807106598984772,68.2741116751269
E00049701,266,68,35,33,198,15,183,25.563909774436087,13.157894736842104,12.406015037593985,74.43609022556392,5.639097744360902,68.796992481203
E00049702,341,51,18,33,290,18,272,14.95601173020528,5.278592375366569,9.67741935483871,85.04398826979472,5.278592375366569,79.76539589442815
E00049703,282,62,27,35,220,17,203,21.98581560283688,9.574468085106384,12.411347517730496,78.01418439716312,6.028368794326241,71.98581560283688
E00049704,316,49,22,27,267,28,239,15.50632911392405,6.962025316455696,8.544303797468354,84.49367088607595,8.860759493670885,75.63291139240506
E00049705,245,57,28,29,188,24,164,23.26530612244898,11.428571428571429,11.83673469387755,76.73469387755102,9.795918367346939,66.93877551020408
E00049706,355,65,29,36,290,29,261,18.30985915492958,8.169014084507042,10.140845070422536,81.69014084507043,8.169014084507042,73.52112676056338
E00049707,313,68,31,37,245,33,212,21.72523961661342,9.904153354632587,11.821086261980831,78.27476038338658,10.543130990415335,67.73162939297124
E00049708,187,62,29,33,125,15,110,33.155080213903744,15.508021390374333,17.647058823529413,66.84491978609626,8.0213903743315509,58.82352941176471
E00049709,306,47,23,24,259,27,232,15.359477124183007,7.516339869281046,7.8431372549019605,84.640522875817,8.823529411764707,75.81699346405229
E00049710,288,52,24,28,236,23,213,18.055555555555554,8.333333333333332,9.722222222222223,81.94444444444444,7.986111111111111,73.95833333333334
E00049711,313,49,15,34,264,35,229,15.654952076677317,4.792332268370607,10.86261980830671,84.34504792332268,11.182108626198083,73.1629392971246
E00049712,352,50,6,44,302,26,276,14.204545454545455,1.7045454545454544,12.5,85.79545454545455,7.386363636363637,78.4090909090909
E00049713,270,33,17,16,237,23,214,12.222222222222221,6.296296296296296,5.9259259259259265,87.77777777777777,8.518518518518519,79.25925925925927
E00049714,317,47,13,34,270,19,251,14.826498422712934,4.100946372239748,10.725552050473187,85.17350157728707,5.993690851735016,79.17981072555204
E00049715,253,52,26,26,201,14,187,20.55335968379447,10.276679841897234,10.276679841897234,79.44664031620553,5.533596837944664,73.91304347826086
E00049716,315,52,21,31,263,24,239,16.507936507936506,6.666666666666667,9.841269841269842,83.4920634920635,7.6190476190476195,75.87301587301587
E00049717,292,66,31,35,226,38,188,22.602739726027394,10.616438356164384,11.986301369863012,77.3972602739726,13.013698630136986,64.38356164383562
E00049718,201,72,27,45,129,17,112,35.82089552238806,13.432835820895523,22.388059701492537,64.17910447761194,8.45771144278607,55.72139303482587
E00049719,272,54,16,38,218,26,192,19.852941176470587,5.88235294117647,13.970588235294118,80.14705882352942,9.558823529411764,70.58823529411765
E00049720,264,52,26,26,212,24,188,19.696969696969695,9.848484848484848,9.848484848484848,80.3030303030303,9.090909090909092,71.21212121212122
E00049721,267,35,12,23,232,27,205,13.108614232209737,4.49438202247191,8.614232209737828,86.89138576779027,10.112359550561797,76.77902621722846
E00049722,393,64,23,41,329,34,295,16.28498727735369,5.852417302798982,10.432569974554708,83.7150127226463,8.651399491094146,75.06361323155217
E00049723,282,56,27,29,226,13,213,19.858156028368796,9.574468085106384,10.28368794326241,80.1418439716312,4.609929078014184,75.53191489361703
E00049724,400,84,39,45,316,30,286,21,9.75,11.25,79,7.5,71.5
E00049725,345,47,12,35,298,26,272,13.623188405797102,3.4782608695652173,10.144927536231885,86.37681159420289,7.536231884057972,78.84057971014494
E00049726,287,63,33,30,224,23,201,21.951219512195124,11.498257839721255,10.452961672473867,78.04878048780488,8.013937282229964,70.03484320557492
E00049727,274,50,25,25,224,20,204,18.248175182481752,9.124087591240876,9.124087591240876,81.75182481751825,7.2992700729927,74.45255474452554
E00049728,290,58,23,35,232,16,216,20,7.931034482758621,12.068965517241379,80,5.517241379310345,74.48275862068967
E00049729,354,67,28,39,287,55,232,18.926553672316384,7.909604519774012,11.016949152542372,81.07344632768361,15.53672316384181,65.5367231638418
E00049730,298,45,17,28,253,16,237,15.100671140939598,5.704697986577181,9.395973154362416,84.8993288590604,5.369127516778524,79.53020134228188
E00049731,279,56,25,31,223,18,205,20.07168458781362,8.960573476702509,11.11111111111111,79.92831541218638,6.451612903225806,73.47670250896059
E00049732,366,36,14,22,330,27,303,9.836065573770492,3.825136612021858,6.0109289617486334,90.1639344262295,7.377049180327869,82.78688524590164
E00049733,257,57,27,30,200,30,170,22.17898832684825,10.505836575875486,11.673151750972762,77.82101167315176,11.673151750972762,66.14785992217898
E00049734,324,48,22,26,276,18,258,14.814814814814813,6.790123456790123,8.024691358024691,85.18518518518519,5.555555555555555,79.62962962962963
E00049735,463,95,39,56,368,32,336,20.518358531317496,8.423326133909287,12.095032397408207,79.48164146868251,6.911447084233262,72.57019438444925
E00049736,346,65,31,34,281,27,254,18.786127167630056,8.959537572254336,9.826589595375722,81.21387283236994,7.803468208092486,73.41040462427746
E00049737,392,67,28,39,325,23,302,17.091836734693878,7.142857142857142,9.948979591836734,82.90816326530613,5.86734693877551,77.04081632653062
E00049738,341,65,21,44,276,24,252,19.06158357771261,6.158357771260997,12.903225806451612,80.93841642228739,7.038123167155426,73.90029325513197
E00049739,326,73,34,39,253,17,236,22.392638036809817,10.429447852760736,11.96319018404908,77.60736196319019,5.214723926380368,72.39263803680981
E00049740,369,58,29,29,311,23,288,15.718157181571815,7.8590785907859075,7.8590785907859075,84.28184281842819,6.233062330623306,78.04878048780488
E00049741,328,64,28,36,264,26,238,19.51219512195122,8.536585365853659,10.975609756097562,80.48780487804879,7.926829268292683,72.5609756097561
E00049742,243,46,24,22,197,25,172,18.930041152263374,9.876543209876543,9.053497942386832,81.06995884773663,10.2880658436214,70.78189300411523
E00049743,336,57,25,32,279,40,239,16.964285714285715,7.440476190476191,9.523809523809524,83.03571428571429,11.904761904761903,71.13095238095238
E00049744,429,59,25,34,370,36,334,13.752913752913754,5.827505827505827,7.925407925407925,86.24708624708624,8.391608391608392,77.85547785547784
E00049745,369,57,20,37,312,17,295,15.447154471544716,5.420054200542006,10.02710027100271,84.5528455284553,4.607046070460704,79.94579945799458
E00049746,316,59,27,32,257,15,242,18.670886075949365,8.544303797468354,10.126582278481013,81.32911392405063,4.746835443037975,76.58227848101265
E00049747,334,63,32,31,271,19,252,18.862275449101794,9.580838323353294,9.281437125748502,81.1377245508982,5.688622754491018,75.44910179640718
E00049748,354,73,35,38,281,24,257,20.62146892655367,9.887005649717514,10.734463276836157,79.37853107344633,6.779661016949152,72.59887005649718
E00049749,329,73,29,44,256,9,247,22.188449848024316,8.814589665653495,13.37386018237082,77.81155015197568,2.735562310030395,75.07598784194529
E00049750,291,84,42,42,207,20,187,28.865979381443296,14.432989690721648,14.432989690721648,71.1340206185567,6.872852233676976,64.26116838487972
E00049751,361,65,20,45,296,28,268,18.005540166204987,5.540166204986149,12.465373961218837,81.99445983379502,7.756232686980609,74.23822714681441
E00049752,316,71,29,42,245,16,229,22.468354430379748,9.177215189873419,13.291139240506327,77.53164556962025,5.063291139240507,72.46835443037975
E00049753,239,62,30,32,177,18,159,25.94142259414226,12.552301255230125,13.389121338912133,74.05857740585773,7.531380753138076,66.52719665271967
E00049754,298,69,34,35,229,15,214,23.154362416107382,11.409395973154362,11.74496644295302,76.84563758389261,5.033557046979865,71.81208053691275
E00049755,271,73,36,37,198,17,181,26.937269372693727,13.284132841328415,13.653136531365314,73.06273062730627,6.273062730627306,66.78966789667896
E00049756,233,54,30,24,179,20,159,23.17596566523605,12.875536480686694,10.300429184549357,76.82403433476395,8.583690987124463,68.24034334763948
E00049757,231,72,33,39,159,9,150,31.16883116883117,14.285714285714285,16.883116883116884,68.83116883116884,3.896103896103896,64.93506493506493
E00049758,277,57,23,34,220,30,190,20.577617328519857,8.303249097472925,12.274368231046932,79.42238267148014,10.830324909747292,68.59205776173285
E00049759,415,74,37,37,341,26,315,17.83132530120482,8.91566265060241,8.91566265060241,82.16867469879519,6.265060240963856,75.90361445783132
E00049760,292,53,25,28,239,18,221,18.15068493150685,8.561643835616438,9.58904109589041,81.84931506849315,6.164383561643835,75.68493150684932
E00049761,294,56,24,32,238,26,212,19.047619047619047,8.16326530612245,10.884353741496598,80.95238095238095,8.843537414965986,72.10884353741497
E00049762,297,65,33,32,232,11,221,21.885521885521886,11.11111111111111,10.774410774410773,78.11447811447812,3.7037037037037033,74.41077441077442
E00049763,464,57,25,32,407,14,393,12.284482758620689,5.387931034482758,6.896551724137931,87.71551724137932,3.0172413793103448,84.69827586206897
E00049764,314,56,26,30,258,20,238,17.8343949044586,8.280254777070063,9.554140127388536,82.16560509554141,6.369426751592357,75.79617834394905
E00049765,371,89,44,45,282,10,272,23.98921832884097,11.859838274932615,12.129380053908356,76.01078167115904,2.6954177897574128,73.31536388140162
E00049766,457,91,37,54,366,43,323,19.912472647702405,8.096280087527353,11.816192560175056,80.0875273522976,9.409190371991247,70.67833698030634
E00049767,330,63,35,28,267,18,249,19.090909090909093,10.606060606060606,8.484848484848486,80.9090909090909,5.454545454545454,75.45454545454545
E00049768,244,94,50,44,150,11,139,38.52459016393443,20.491803278688526,18.0327868852459,61.47540983606557,4.508196721311475,56.9672131147541
E00049769,291,74,43,31,217,16,201,25.42955326460481,14.776632302405499,10.652920962199312,74.5704467353952,5.498281786941581,69.0721649484536
E00049770,288,61,28,33,227,5,222,21.180555555555554,9.722222222222223,11.458333333333332,78.81944444444444,1.7361111111111112,77.08333333333334
E00049771,389,64,31,33,325,10,315,16.452442159383033,7.969151670951156,8.483290488431876,83.54755784061697,2.570694087403599,80.97686375321337
E00049772,326,74,32,42,252,12,240,22.699386503067483,9.815950920245399,12.883435582822086,77.30061349693251,3.6809815950920246,73.61963190184049
E00049773,463,56,24,32,407,20,387,12.095032397408207,5.183585313174946,6.911447084233262,87.90496760259178,4.319654427645788,83.58531317494601
E00049775,366,87,43,44,279,21,258,23.770491803278688,11.748633879781421,12.021857923497267,76.22950819672131,5.737704918032787,70.49180327868852
E00049776,290,48,20,28,242,15,227,16.551724137931036,6.896551724137931,9.655172413793103,83.44827586206897,5.172413793103448,78.27586206896552
E00049777,317,61,35,26,256,14,242,19.242902208201894,11.041009463722396,8.201892744479496,80.7570977917981,4.416403785488959,76.34069400630915
E00049778,356,57,27,30,299,16,283,16.01123595505618,7.584269662921349,8.426966292134832,83.98876404494382,4.49438202247191,79.49438202247191
E00049779,374,62,30,32,312,17,295,16.577540106951872,8.0213903743315509,8.55614973262032,83.42245989304813,4.545454545454546,78.87700534759358
E00049780,343,61,29,32,282,15,267,17.784256559766764,8.454810495626822,9.329446064139942,82.21574344023324,4.373177842565598,77.84256559766763
E00049781,353,77,29,48,276,19,257,21.813031161473088,8.21529745042493,13.59773371104816,78.18696883852692,5.382436260623229,72.80453257790369
E00049782,302,71,45,26,231,24,207,23.509933774834437,14.90066225165563,8.609271523178808,76.49006622516556,7.9470198675496695,68.54304635761589
E00049783,293,90,49,41,203,16,187,30.716723549488055,16.723549488054605,13.993174061433447,69.28327645051195,5.460750853242321,63.82252559726962
E00049784,304,79,33,46,225,12,213,25.986842105263158,10.855263157894738,15.131578947368421,74.01315789473685,3.9473684210526314,70.06578947368422
E00049785,310,73,28,45,237,11,226,23.548387096774192,9.032258064516128,14.516129032258066,76.45161290322581,3.5483870967741935,72.90322580645162
E00049786,363,79,35,44,284,18,266,21.763085399449036,9.641873278236915,12.121212121212121,78.23691460055096,4.958677685950414,73.27823691460054
E00049787,348,110,42,68,238,19,219,31.60919540229885,12.068965517241379,19.54022988505747,68.39080459770115,5.459770114942529,62.93103448275862
E00049788,396,68,27,41,328,18,310,17.17171717171717,6.8181818181818175,10.353535353535353,82.82828282828282,4.545454545454546,78.28282828282829
E00049789,219,47,26,21,172,18,154,21.461187214611872,11.87214611872146,9.58904109589041,78.53881278538812,8.21917808219178,70.31963470319634
E00049791,217,62,30,32,155,8,147,28.57142857142857,13.82488479262673,14.746543778801843,71.42857142857143,3.686635944700461,67.74193548387096
E00049792,243,64,39,25,179,14,165,26.337448559670783,16.049382716049383,10.2880658436214,73.66255144032921,5.761316872427984,67.90123456790124
E00049793,306,71,34,37,235,18,217,23.202614379084967,11.11111111111111,12.091503267973856,76.79738562091504,5.88235294117647,70.91503267973856
E00049794,343,71,32,39,272,16,256,20.699708454810494,9.329446064139942,11.370262390670554,79.30029154518951,4.664723032069971,74.63556851311954
E00049795,301,34,10,24,267,28,239,11.295681063122924,3.322259136212625,7.973421926910299,88.70431893687709,9.30232558139535,79.40199335548172
E00049796,325,43,19,24,282,11,271,13.230769230769232,5.846153846153846,7.384615384615385,86.76923076923076,3.3846153846153846,83.38461538461537
E00049797,435,75,38,37,360,17,343,17.24137931034483,8.735632183908045,8.505747126436782,82.75862068965517,3.9080459770114944,78.85057471264368
E00049798,423,61,23,38,362,5,357,14.420803782505912,5.4373522458628845,8.983451536643026,85.57919621749409,1.1820330969267139,84.39716312056737
E00049799,285,83,51,32,202,15,187,29.122807017543863,17.894736842105264,11.228070175438596,70.87719298245614,5.263157894736842,65.6140350877193
E00049800,337,69,26,43,268,13,255,20.474777448071215,7.71513353115727,12.759643916913946,79.52522255192879,3.857566765578635,75.66765578635015
E00049801,379,146,100,46,233,18,215,38.522427440633244,26.385224274406333,12.137203166226913,61.477572559366756,4.749340369393139,56.72823218997362
E00049802,293,56,24,32,237,16,221,19.112627986348123,8.19112627986348,10.921501706484642,80.88737201365188,5.460750853242321,75.42662116040955
E00049803,424,89,45,44,335,15,320,20.99056603773585,10.61320754716981,10.377358490566039,79.00943396226415,3.5377358490566038,75.47169811320755
E00049804,262,53,22,31,209,30,179,20.229007633587788,8.396946564885496,11.83206106870229,79.77099236641222,11.450381679389313,68.32061068702289
E00049805,301,45,14,31,256,35,221,14.950166112956811,4.651162790697675,10.299003322259136,85.04983388704319,11.627906976744185,73.421926910299
E00049806,376,51,21,30,325,36,289,13.563829787234042,5.585106382978723,7.9787234042553195,86.43617021276596,9.574468085106384,76.86170212765957
E00049807,261,58,24,34,203,24,179,22.22222222222222,9.195402298850574,13.026819923371647,77.77777777777779,9.195402298850574,68.5823754789272
E00049808,303,70,34,36,233,22,211,23.1023102310231,11.221122112211221,11.881188118811881,76.89768976897689,7.2607260726072615,69.63696369636963
E00049809,312,68,38,30,244,22,222,21.794871794871796,12.179487179487179,9.615384615384617,78.2051282051282,7.051282051282051,71.15384615384616
E00049810,330,55,20,35,275,28,247,16.666666666666664,6.0606060606060606,10.606060606060606,83.33333333333334,8.484848484848486,74.84848484848486
E00049811,253,80,39,41,173,17,156,31.620553359683797,15.41501976284585,16.205533596837945,68.37944664031622,6.719367588932807,61.6600790513834
E00049812,286,54,22,32,232,27,205,18.88111888111888,7.6923076923076925,11.188811188811188,81.11888111888112,9.44055944055944,71.67832167832168
E00049813,262,41,16,25,221,26,195,15.648854961832063,6.106870229007633,9.541984732824428,84.35114503816794,9.923664122137405,74.42748091603053
E00049814,314,58,18,40,256,30,226,18.471337579617835,5.7324840764331215,12.738853503184714,81.52866242038218,9.554140127388536,71.97452229299363
E00049815,294,59,21,38,235,26,209,20.068027210884352,7.142857142857142,12.925170068027212,79.93197278911565,8.843537414965986,71.08843537414967
E00049816,361,53,22,31,308,22,286,14.681440443213297,6.094182825484765,8.587257617728532,85.3185595567867,6.094182825484765,79.22437673130193
E00049817,323,68,31,37,255,32,223,21.052631578947366,9.597523219814242,11.455108359133128,78.94736842105263,9.907120743034056,69.04024767801857
E00049818,245,50,23,27,195,25,170,20.408163265306122,9.387755102040817,11.020408163265307,79.59183673469387,10.204081632653061,69.38775510204081
E00049819,298,45,15,30,253,23,230,15.100671140939598,5.033557046979865,10.06711409395973,84.8993288590604,7.718120805369128,77.18120805369128
E00049820,334,79,41,38,255,23,232,23.652694610778443,12.275449101796406,11.377245508982035,76.34730538922156,6.88622754491018,69.46107784431138
E00049821,338,68,32,36,270,16,254,20.118343195266274,9.467455621301776,10.650887573964498,79.88165680473372,4.733727810650888,75.14792899408283
E00049822,150,45,17,28,105,16,89,30,11.333333333333332,18.666666666666668,70,10.666666666666668,59.333333333333336
E00049823,350,82,39,43,268,24,244,23.42857142857143,11.142857142857142,12.285714285714286,76.57142857142857,6.857142857142858,69.71428571428572
E00049824,320,60,32,28,260,32,228,18.75,10,8.75,81.25,10,71.25
E00049825,333,47,13,34,286,33,253,14.114114114114114,3.903903903903904,10.21021021021021,85.88588588588588,9.90990990990991,75.97597597597597
E00049826,348,60,19,41,288,24,264,17.24137931034483,5.459770114942529,11.781609195402298,82.75862068965517,6.896551724137931,75.86206896551724
E00049827,235,32,8,24,203,17,186,13.617021276595745,3.404255319148936,10.212765957446807,86.38297872340426,7.234042553191489,79.14893617021276
E00049828,314,88,37,51,226,26,200,28.02547770700637,11.78343949044586,16.24203821656051,71.97452229299363,8.280254777070063,63.69426751592356
E00049829,269,57,21,36,212,23,189,21.189591078066915,7.806691449814126,13.382899628252787,78.81040892193309,8.550185873605948,70.26022304832715
E00049830,278,48,16,32,230,25,205,17.26618705035971,5.755395683453238,11.510791366906476,82.73381294964028,8.992805755395683,73.7410071942446
E00049831,313,49,14,35,264,34,230,15.654952076677317,4.472843450479233,11.182108626198083,84.34504792332268,10.86261980830671,73.48242811501598
E00049832,285,63,31,32,222,31,191,22.105263157894736,10.87719298245614,11.228070175438596,77.89473684210526,10.87719298245614,67.01754385964912
E00049833,256,50,19,31,206,29,177,19.53125,7.421875,12.109375,80.46875,11.328125,69.140625
E00049834,313,42,12,30,271,28,243,13.418530351437699,3.8338658146964857,9.584664536741213,86.5814696485623,8.945686900958465,77.63578274760383
E00049835,269,46,20,26,223,22,201,17.100371747211895,7.434944237918216,9.66542750929368,82.8996282527881,8.178438661710038,74.72118959107806
E00049836,289,32,10,22,257,25,232,11.072664359861593,3.4602076124567476,7.612456747404845,88.92733564013841,8.650519031141869,80.27681660899654
E00049837,328,58,30,28,270,27,243,17.682926829268293,9.146341463414634,8.536585365853659,82.3170731707317,8.231707317073171,74.08536585365853
E00049838,320,46,12,34,274,28,246,14.374999999999998,3.75,10.625,85.625,8.75,76.875
E00049839,342,32,6,26,310,15,295,9.35672514619883,1.7543859649122806,7.602339181286549,90.64327485380117,4.385964912280701,86.25730994152046
E00049840,355,66,23,43,289,20,269,18.591549295774648,6.478873239436619,12.112676056338028,81.40845070422536,5.633802816901409,75.77464788732394
E00049841,297,67,33,34,230,18,212,22.55892255892256,11.11111111111111,11.447811447811448,77.44107744107744,6.0606060606060606,71.38047138047138
E00049842,172,61,31,30,111,21,90,35.46511627906977,18.023255813953487,17.441860465116278,64.53488372093024,12.209302325581394,52.32558139534884
E00049843,269,46,16,30,223,17,206,17.100371747211895,5.947955390334572,11.152416356877323,82.8996282527881,6.319702602230483,76.57992565055763
E00049844,303,55,23,32,248,24,224,18.151815181518153,7.590759075907591,10.561056105610561,81.84818481848185,7.920792079207921,73.92739273927393
E00049845,286,61,12,49,225,27,198,21.328671328671327,4.195804195804196,17.132867132867133,78.67132867132867,9.44055944055944,69.23076923076923
E00049846,301,57,19,38,244,30,214,18.93687707641196,6.312292358803987,12.624584717607974,81.06312292358804,9.966777408637874,71.09634551495017
E00049847,212,63,34,29,149,9,140,29.71698113207547,16.037735849056602,13.679245283018867,70.28301886792453,4.245283018867925,66.0377358490566
E00049848,306,42,23,19,264,23,241,13.725490196078432,7.516339869281046,6.209150326797386,86.27450980392157,7.516339869281046,78.75816993464052
E00049849,283,46,21,25,237,30,207,16.25441696113074,7.420494699646643,8.8339222614841,83.74558303886926,10.60070671378092,73.14487632508833
E00049850,278,51,23,28,227,16,211,18.345323741007196,8.273381294964029,10.071942446043165,81.65467625899281,5.755395683453238,75.89928057553958
E00049851,308,49,17,32,259,20,239,15.909090909090908,5.51948051948052,10.38961038961039,84.0909090909091,6.493506493506493,77.59740259740259
E00049852,300,38,11,27,262,28,234,12.666666666666668,3.6666666666666665,9,87.33333333333333,9.333333333333334,78
E00049853,287,71,24,47,216,22,194,24.738675958188153,8.362369337979095,16.376306620209057,75.26132404181185,7.665505226480835,67.59581881533101
E00049854,277,35,4,31,242,33,209,12.63537906137184,1.444043321299639,11.191335740072201,87.36462093862815,11.913357400722022,75.45126353790613
E00049855,305,44,12,32,261,21,240,14.426229508196723,3.934426229508197,10.491803278688524,85.57377049180329,6.885245901639345,78.68852459016394
E00049856,285,52,22,30,233,38,195,18.24561403508772,7.719298245614035,10.526315789473683,81.75438596491227,13.333333333333334,68.42105263157895
E00049857,292,61,26,35,231,18,213,20.89041095890411,8.904109589041095,11.986301369863012,79.1095890410959,6.164383561643835,72.94520547945206
E00049858,354,61,24,37,293,33,260,17.231638418079097,6.779661016949152,10.451977401129943,82.7683615819209,9.322033898305085,73.44632768361582
E00049859,269,55,25,30,214,18,196,20.44609665427509,9.293680297397769,11.152416356877323,79.5539033457249,6.691449814126393,72.86245353159852
E00049860,299,37,12,25,262,25,237,12.37458193979933,4.013377926421405,8.361204013377927,87.62541806020067,8.361204013377927,79.26421404682274
E00049861,276,47,19,28,229,31,198,17.02898550724638,6.884057971014493,10.144927536231885,82.97101449275362,11.231884057971014,71.73913043478261
E00049862,299,39,22,17,260,22,238,13.043478260869565,7.357859531772576,5.68561872909699,86.95652173913044,7.357859531772576,79.59866220735786
E00049863,334,62,29,33,272,24,248,18.562874251497004,8.682634730538922,9.880239520958083,81.437125748502993,7.18562874251497,74.25149700598801
E00049864,321,61,19,42,260,31,229,19.003115264797508,5.919003115264798,13.084112149532709,80.99688473520249,9.657320872274143,71.33956386292834
E00049865,252,60,21,39,192,23,169,23.809523809523807,8.333333333333332,15.476190476190476,76.19047619047619,9.126984126984127,67.06349206349206
E00049866,255,43,18,25,212,21,191,16.862745098039216,7.0588235294117645,9.803921568627452,83.13725490196079,8.235294117647058,74.90196078431373
E00049867,314,49,19,30,265,24,241,15.605095541401273,6.050955414012739,9.554140127388536,84.39490445859873,7.643312101910828,76.75159235668791
E00049868,315,40,14,26,275,31,244,12.698412698412698,4.444444444444445,8.253968253968253,87.3015873015873,9.841269841269842,77.46031746031747
E00049869,310,41,17,24,269,24,245,13.225806451612904,5.483870967741936,7.741935483870968,86.7741935483871,7.741935483870968,79.03225806451613
E00049870,409,46,17,29,363,38,325,11.246943765281173,4.156479217603912,7.090464547677261,88.75305623471883,9.290953545232274,79.46210268948656
E00049871,365,71,36,35,294,12,282,19.45205479452055,9.863013698630137,9.58904109589041,80.54794520547945,3.287671232876712,77.26027397260275
E00049872,310,36,11,25,274,27,247,11.612903225806452,3.5483870967741935,8.064516129032258,88.38709677419355,8.709677419354838,79.6774193548387
E00049873,193,47,19,28,146,21,125,24.352331606217618,9.844559585492227,14.507772020725387,75.64766839378238,10.880829015544041,64.76683937823834
E00049874,365,99,43,56,266,42,224,27.123287671232877,11.78082191780822,15.342465753424658,72.87671232876713,11.506849315068493,61.369863013698634
E00049875,332,57,25,32,275,32,243,17.16867469879518,7.530120481927711,9.63855421686747,82.83132530120481,9.63855421686747,73.19277108433735
E00049876,288,42,13,29,246,24,222,14.583333333333334,4.513888888888888,10.069444444444445,85.41666666666666,8.333333333333332,77.08333333333334
E00049877,259,57,30,27,202,23,179,22.00772200772201,11.583011583011583,10.424710424710424,77.99227799227799,8.880308880308881,69.1119691119691
E00049878,310,72,22,50,238,31,207,23.225806451612904,7.096774193548387,16.129032258064516,76.77419354838709,10,66.77419354838709
E00049879,352,68,27,41,284,17,267,19.318181818181817,7.670454545454546,11.647727272727272,80.68181818181817,4.829545454545454,75.85227272727273
E00049880,436,84,53,31,352,39,313,19.26605504587156,12.155963302752294,7.110091743119266,80.73394495412845,8.944954128440367,71.78899082568807
E00049881,331,70,21,49,261,27,234,21.148036253776432,6.3444108761329305,14.803625377643503,78.85196374622356,8.157099697885197,70.69486404833837
E00049882,390,44,12,32,346,24,322,11.282051282051283,3.076923076923077,8.205128205128204,88.71794871794872,6.153846153846154,82.564102564102555
E00049883,306,70,26,44,236,23,213,22.875816993464053,8.49673202614379,14.37908496732026,77.12418300653596,7.516339869281046,69.6078431372549
E00049884,259,45,7,38,214,22,192,17.374517374517374,2.7027027027027026,14.671814671814673,82.62548262548263,8.494208494208493,74.13127413127413
E00049885,227,62,33,29,165,6,159,27.312775330396477,14.537444933920703,12.77533039647577,72.68722466960352,2.643171806167401,70.04405286343612
E00049886,241,44,13,31,197,19,178,18.25726141078838,5.394190871369295,12.863070539419086,81.74273858921161,7.883817427385892,73.85892116182573
E00049887,321,46,19,27,275,31,244,14.330218068535824,5.919003115264798,8.411214953271028,85.66978193146417,9.657320872274143,76.01246105919003
E00049888,272,67,33,34,205,21,184,24.63235294117647,12.132352941176471,12.5,75.36764705882352,7.720588235294118,67.64705882352942
E00049889,305,50,22,28,255,13,242,16.39344262295082,7.213114754098362,9.180327868852459,83.60655737704919,4.2622950819672125,79.34426229508198
E00049890,515,101,44,57,414,43,371,19.611650485436893,8.54368932038835,11.067961165048544,80.3883495145631,8.349514563106796,72.03883495145631
E00049891,362,79,34,45,283,24,259,21.823204419889503,9.392265193370166,12.430939226519337,78.1767955801105,6.629834254143646,71.54696132596685
E00049892,417,101,49,52,316,13,303,24.22062350119904,11.750599520383693,12.470023980815348,75.77937649880096,3.117505995203837,72.66187050359713
E00049893,409,80,37,43,329,27,302,19.559902200489,9.04645476772616,10.513447432762836,80.440097799511,6.601466992665037,73.83863080684596
E00049894,379,79,31,48,300,34,266,20.844327176781004,8.179419525065963,12.66490765171504,79.15567282321899,8.970976253298153,70.18469656992085
E00049895,391,80,37,43,311,29,282,20.460358056265985,9.462915601023019,10.997442455242968,79.53964194373401,7.41687979539642,72.1227621483376
E00049896,270,77,35,42,193,26,167,28.51851851851852,12.962962962962962,15.555555555555555,71.48148148148148,9.62962962962963,61.85185185185185
E00049897,355,69,28,41,286,24,262,19.43661971830986,7.887323943661972,11.549295774647888,80.56338028169014,6.760563380281689,73.80281690140845
E00049898,487,103,61,42,384,39,345,21.149897330595483,12.525667351129362,8.624229979466119,78.85010266940452,8.008213552361395,70.84188911704312
E00049899,293,69,30,39,224,17,207,23.549488054607508,10.238907849829351,13.310580204778159,76.45051194539249,5.802047781569966,70.64846416382252
E00049900,237,52,26,26,185,11,174,21.940928270042196,10.970464135021098,10.970464135021098,78.05907172995781,4.641350210970464,73.41772151898735
E00049901,292,70,21,49,222,10,212,23.972602739726025,7.191780821917808,16.78082191780822,76.02739726027397,3.4246575342465753,72.6027397260274
E00049902,316,63,31,32,253,16,237,19.936708860759495,9.81012658227848,10.126582278481013,80.0632911392405,5.063291139240507,75
E00049903,363,45,18,27,318,23,295,12.396694214876034,4.958677685950414,7.43801652892562,87.60330578512396,6.336088154269973,81.26721763085399
E00049904,294,61,29,32,233,26,207,20.74829931972789,9.863945578231291,10.884353741496598,79.25170068027211,8.843537414965986,70.40816326530613
E00049905,256,65,34,31,191,16,175,25.390625,13.28125,12.109375,74.609375,6.25,68.359375
E00049906,382,75,28,47,307,31,276,19.63350785340314,7.329842931937172,12.30366492146597,80.36649214659685,8.115183246073299,72.25130890052355
E00049907,345,92,40,52,253,19,234,26.666666666666668,11.594202898550725,15.072463768115943,73.33333333333333,5.507246376811594,67.82608695652173
E00049908,224,68,34,34,156,20,136,30.357142857142854,15.178571428571427,15.178571428571427,69.64285714285714,8.928571428571429,60.71428571428571
E00049909,461,88,33,55,373,25,348,19.088937093275486,7.158351409978309,11.930585683297181,80.91106290672451,5.42299349240781,75.48806941431671
E00049910,292,74,31,43,218,16,202,25.34246575342466,10.616438356164384,14.726027397260275,74.65753424657534,5.47945205479452,69.17808219178082
E00049911,203,58,31,27,145,15,130,28.57142857142857,15.270935960591133,13.30049261083744,71.42857142857143,7.389162561576355,64.03940886699507
E00049912,352,61,20,41,291,22,269,17.329545454545457,5.681818181818182,11.647727272727272,82.67045454545455,6.25,76.42045454545455
E00049913,431,65,20,45,366,37,329,15.081206496519723,4.640371229698376,10.440835266821345,84.91879350348029,8.584686774941995,76.33410672853829
E00049914,407,86,30,56,321,37,284,21.13022113022113,7.371007371007371,13.75921375921376,78.86977886977887,9.090909090909092,69.77886977886978
E00049915,385,64,37,27,321,27,294,16.623376623376622,9.61038961038961,7.012987012987012,83.37662337662337,7.012987012987012,76.36363636363637
E00049916,307,63,29,34,244,13,231,20.521172638436482,9.446254071661238,11.074918566775244,79.47882736156352,4.234527687296417,75.2442996742671
E00049917,339,72,32,40,267,24,243,21.238938053097346,9.43952802359882,11.799410029498524,78.76106194690266,7.079646017699115,71.68141592920354
E00049918,299,44,18,26,255,33,222,14.715719063545151,6.0200668896321075,8.695652173913043,85.28428093645485,11.036789297658862,74.24749163879598
E00049919,300,44,19,25,256,23,233,14.666666666666666,6.333333333333334,8.333333333333332,85.33333333333334,7.666666666666666,77.66666666666666
E00049920,215,46,13,33,169,15,154,21.3953488372093,6.046511627906977,15.348837209302326,78.6046511627907,6.976744186046512,71.62790697674419
E00049921,226,34,9,25,192,16,176,15.04424778761062,3.982300884955752,11.061946902654867,84.95575221238938,7.079646017699115,77.87610619469027
E00049922,371,136,85,51,235,31,204,36.65768194070081,22.911051212938006,13.746630727762804,63.342318059299195,8.355795148247978,54.98652291105122
E00049923,330,66,30,36,264,30,234,20,9.090909090909092,10.909090909090908,80,9.090909090909092,70.9090909090909
E00049924,311,52,18,34,259,14,245,16.720257234726688,5.787781350482315,10.932475884244374,83.27974276527331,4.501607717041801,78.77813504823152
E00049925,370,78,35,43,292,27,265,21.08108108108108,9.45945945945946,11.621621621621623,78.91891891891892,7.297297297297297,71.62162162162163
E00049926,347,54,19,35,293,32,261,15.561959654178676,5.475504322766571,10.086455331412104,84.43804034582134,9.221902017291066,75.21613832853026
E00049927,205,50,21,29,155,17,138,24.390243902439025,10.24390243902439,14.146341463414632,75.60975609756098,8.292682926829269,67.31707317073172
E00049928,275,59,25,34,216,26,190,21.454545454545453,9.090909090909092,12.363636363636363,78.54545454545455,9.454545454545455,69.0909090909091
E00049929,306,58,19,39,248,22,226,18.954248366013072,6.209150326797386,12.745098039215685,81.04575163398692,7.18954248366013,73.8562091503268
E00049930,332,67,33,34,265,12,253,20.180722891566266,9.939759036144578,10.240963855421686,79.81927710843374,3.614457831325301,76.20481927710844
E00049931,266,47,15,32,219,18,201,17.669172932330827,5.639097744360902,12.030075187969924,82.33082706766918,6.7669172932330826,75.56390977443608
E00049932,326,37,14,23,289,23,266,11.349693251533742,4.294478527607362,7.05521472392638,88.65030674846625,7.05521472392638,81.59509202453987
E00049933,333,60,24,36,273,22,251,18.01801801801802,7.207207207207207,10.81081081081081,81.98198198198197,6.606606606606606,75.37537537537537
E00049935,350,79,35,44,271,19,252,22.57142857142857,10,12.571428571428573,77.42857142857143,5.428571428571429,72
E00049936,301,72,40,32,229,8,221,23.920265780730897,13.2890365448505,10.631229235880399,76.0797342192691,2.6578073089700998,73.421926910299
E00049937,249,55,30,25,194,25,169,22.08835341365462,12.048192771084338,10.040160642570282,77.91164658634538,10.040160642570282,67.8714859437751
E00049938,293,48,18,30,245,15,230,16.38225255972696,6.143344709897611,10.238907849829351,83.61774744027304,5.1194539249146755,78.49829351535837
E00049939,392,64,32,32,328,32,296,16.3265306122449,8.16326530612245,8.16326530612245,83.6734693877551,8.16326530612245,75.51020408163265
E00049940,357,78,36,42,279,18,261,21.84873949579832,10.084033613445378,11.76470588235294,78.15126050420169,5.042016806722689,73.10924369747899
E00049941,362,77,34,43,285,27,258,21.2707182320442,9.392265193370166,11.878453038674033,78.72928176795581,7.458563535911603,71.27071823204419
E00049942,251,61,23,38,190,14,176,24.302788844621514,9.163346613545817,15.139442231075698,75.69721115537848,5.577689243027888,70.1195219123506
E00049943,333,65,33,32,268,22,246,19.51951951951952,9.90990990990991,9.60960960960961,80.48048048048048,6.606606606606606,73.87387387387388
E00049944,290,60,25,35,230,21,209,20.689655172413794,8.620689655172415,12.068965517241379,79.3103448275862,7.241379310344828,72.06896551724138
E00049945,332,70,32,38,262,27,235,21.084337349397593,9.63855421686747,11.44578313253012,78.91566265060241,8.132530120481928,70.78313253012048
E00049946,324,68,23,45,256,23,233,20.98765432098765,7.098765432098765,13.88888888888889,79.01234567901234,7.098765432098765,71.91358024691358
E00049947,380,72,23,49,308,17,291,18.947368421052634,6.052631578947368,12.894736842105264,81.05263157894737,4.473684210526316,76.57894736842105
E00049948,311,56,15,41,255,19,236,18.006430868167204,4.823151125401929,13.183279742765272,81.9935691318328,6.109324758842444,75.88424437299035
E00049949,298,68,30,38,230,12,218,22.818791946308725,10.06711409395973,12.751677852348994,77.18120805369128,4.026845637583892,73.15436241610739
E00049950,286,65,32,33,221,25,196,22.727272727272727,11.188811188811188,11.538461538461538,77.27272727272727,8.741258741258742,68.53146853146853
E00049951,323,68,35,33,255,21,234,21.052631578947366,10.8359133126935,10.21671826625387,78.94736842105263,6.5015479876160995,72.44582043343654
E00049952,314,91,41,50,223,13,210,28.980891719745223,13.05732484076433,15.92356687898089,71.01910828025477,4.140127388535031,66.87898089171973
E00049953,266,63,30,33,203,28,175,23.684210526315788,11.278195488721805,12.406015037593985,76.31578947368422,10.526315789473683,65.78947368421053
E00049954,255,50,17,33,205,11,194,19.607843137254903,6.666666666666667,12.941176470588237,80.3921568627451,4.313725490196078,76.07843137254902
E00049955,324,80,52,28,244,14,230,24.691358024691358,16.049382716049383,8.641975308641975,75.30864197530865,4.320987654320987,70.98765432098766
E00049956,345,72,37,35,273,21,252,20.869565217391305,10.72463768115942,10.144927536231885,79.13043478260869,6.086956521739131,73.04347826086956
E00049957,396,93,40,53,303,10,293,23.484848484848484,10.1010101010101,13.383838383838384,76.51515151515152,2.525252525252525,73.98989898989899
E00049958,357,54,17,37,303,18,285,15.126050420168067,4.761904761904762,10.364145658263306,84.87394957983193,5.042016806722689,79.83193277310924
E00049959,321,69,35,34,252,13,239,21.49532710280374,10.903426791277258,10.59190031152648,78.50467289719626,4.049844236760125,74.45482866043614
E00049960,321,75,24,51,246,25,221,23.364485981308412,7.476635514018691,15.887850467289718,76.63551401869158,7.78816199376947,68.84735202492212
E00049961,316,68,26,42,248,25,223,21.518987341772153,8.227848101265822,13.291139240506327,78.48101265822784,7.9113924050632916,70.56962025316456
E00049962,539,63,22,41,476,27,449,11.688311688311687,4.081632653061225,7.606679035250464,88.31168831168831,5.009276437847866,83.30241187384044
E00049963,300,79,36,43,221,24,197,26.333333333333332,12,14.333333333333334,73.66666666666667,8,65.66666666666666
E00049964,284,59,28,31,225,24,201,20.774647887323944,9.859154929577464,10.915492957746478,79.22535211267606,8.450704225352112,70.77464788732394
E00049966,372,62,17,45,310,18,292,16.666666666666664,4.56989247311828,12.096774193548388,83.33333333333334,4.838709677419355,78.49462365591397
E00049967,320,59,32,27,261,17,244,18.4375,10,8.4375,81.5625,5.3125,76.25
E00049968,289,61,26,35,228,20,208,21.10726643598616,8.996539792387544,12.110726643598616,78.89273356401384,6.920415224913495,71.97231833910035
E00049969,319,69,31,38,250,21,229,21.630094043887148,9.717868338557993,11.912225705329153,78.36990595611285,6.583072100313479,71.78683385579937
E00049973,284,85,42,43,199,14,185,29.929577464788732,14.788732394366196,15.140845070422534,70.07042253521126,4.929577464788732,65.14084507042254
E00049974,341,58,21,37,283,14,269,17.008797653958943,6.158357771260997,10.850439882697946,82.99120234604106,4.105571847507331,78.88563049853371
E00049975,409,89,31,58,320,16,304,21.76039119804401,7.579462102689487,14.180929095354522,78.239608801956,3.9119804400977993,74.32762836185819
E00049976,437,84,45,39,353,26,327,19.221967963386728,10.297482837528605,8.924485125858125,80.77803203661327,5.949656750572083,74.8283752860412
E00049977,559,90,30,60,469,41,428,16.100178890876567,5.366726296958855,10.73345259391771,83.89982110912342,7.334525939177102,76.56529516994634
E00049980,323,64,31,33,259,26,233,19.814241486068113,9.597523219814242,10.21671826625387,80.18575851393189,8.04953560371517,72.13622291021672
E00049981,206,49,24,25,157,9,148,23.78640776699029,11.650485436893204,12.135922330097088,76.2135922330097,4.368932038834951,71.84466019417476
E00049982,369,80,44,36,289,17,272,21.680216802168022,11.924119241192411,9.75609756097561,78.31978319783198,4.607046070460704,73.71273712737127
E00049983,269,72,22,50,197,21,176,26.765799256505574,8.178438661710038,18.587360594795538,73.23420074349443,7.806691449814126,65.4275092936803
E00049985,249,52,23,29,197,20,177,20.883534136546185,9.236947791164658,11.646586345381527,79.11646586345381,8.032128514056225,71.08433734939759
E00049986,307,96,50,46,211,14,197,31.27035830618892,16.286644951140065,14.983713355048861,68.72964169381108,4.5602605863192185,64.16938110749186
E00049987,312,88,45,43,224,23,201,28.205128205128204,14.423076923076922,13.782051282051283,71.7948717948718,7.371794871794872,64.42307692307693
E00049988,290,57,22,35,233,27,206,19.655172413793103,7.586206896551724,12.068965517241379,80.3448275862069,9.310344827586208,71.03448275862068
E00049989,194,64,35,29,130,9,121,32.98969072164948,18.04123711340206,14.948453608247423,67.0103092783505,4.639175257731959,62.371134020618555
E00049990,265,59,30,29,206,15,191,22.264150943396228,11.320754716981133,10.943396226415095,77.73584905660378,5.660377358490567,72.0754716981132
E00049991,260,51,22,29,209,10,199,19.615384615384617,8.461538461538462,11.153846153846155,80.38461538461539,3.8461538461538463,76.53846153846153
E00049992,236,103,48,55,133,15,118,43.64406779661017,20.33898305084746,23.30508474576271,56.355932203389834,6.3559322033898304,50
E00049993,231,96,54,42,135,16,119,41.55844155844156,23.376623376623375,18.181818181818183,58.44155844155844,6.926406926406926,51.515151515151516
E00049994,269,76,38,38,193,9,184,28.25278810408922,14.12639405204461,14.12639405204461,71.74721189591078,3.3457249070631967,68.40148698884758
E00049995,290,76,31,45,214,12,202,26.20689655172414,10.689655172413794,15.517241379310345,73.79310344827587,4.137931034482759,69.6551724137931
E00049996,443,58,35,23,385,21,364,13.092550790067719,7.900677200902935,5.191873589164786,86.90744920993228,4.740406320541761,82.16704288939052
E00049997,361,91,48,43,270,21,249,25.20775623268698,13.29639889196676,11.911357340720222,74.79224376731301,5.8171745152354575,68.97506925207756
E00049999,290,86,42,44,204,17,187,29.655172413793103,14.482758620689657,15.172413793103448,70.34482758620689,5.862068965517241,64.48275862068965
E00050000,250,65,37,28,185,14,171,26,14.799999999999999,11.200000000000001,74,5.6000000000000005,68.4
E00050001,246,72,36,36,174,18,156,29.268292682926827,14.634146341463413,14.634146341463413,70.73170731707317,7.317073170731707,63.41463414634146
E00050002,385,74,34,40,311,8,303,19.22077922077922,8.831168831168831,10.38961038961039,80.77922077922078,2.0779220779220777,78.70129870129871
E00050003,245,58,31,27,187,15,172,23.6734693877551,12.653061224489795,11.020408163265307,76.32653061224491,6.122448979591836,70.20408163265306
E00050004,343,52,26,26,291,13,278,15.160349854227405,7.580174927113703,7.580174927113703,84.8396501457726,3.7900874635568513,81.04956268221575
E00050005,271,38,8,30,233,23,210,14.022140221402212,2.952029520295203,11.07011070110701,85.97785977859779,8.487084870848708,77.49077490774908
E00050010,373,53,27,26,320,30,290,14.209115281501342,7.238605898123325,6.970509383378016,85.79088471849866,8.04289544235925,77.7479892761394
E00050011,414,98,57,41,316,17,299,23.67149758454106,13.768115942028986,9.903381642512077,76.32850241545893,4.1062801932367154,72.22222222222221
E00050013,318,80,37,43,238,23,215,25.157232704402517,11.635220125786164,13.522012578616351,74.84276729559748,7.232704402515723,67.61006289308176
E00050014,406,91,43,48,315,26,289,22.413793103448278,10.591133004926109,11.822660098522167,77.58620689655173,6.403940886699508,71.18226600985221
E00050015,369,60,29,31,309,21,288,16.260162601626014,7.8590785907859075,8.401084010840108,83.73983739837398,5.691056910569105,78.04878048780488
E00050016,429,77,40,37,352,19,333,17.94871794871795,9.324009324009324,8.624708624708624,82.05128205128204,4.428904428904429,77.62237762237763
E00050017,366,70,22,48,296,21,275,19.12568306010929,6.0109289617486334,13.114754098360656,80.87431693989072,5.737704918032787,75.13661202185791
E00050018,361,74,45,29,287,18,269,20.498614958448755,12.465373961218837,8.033240997229916,79.50138504155125,4.986149584487535,74.51523545706371
E00050019,329,79,41,38,250,10,240,24.012158054711247,12.462006079027356,11.55015197568389,75.98784194528876,3.0395136778115504,72.94832826747721
E00050020,347,72,32,40,275,7,268,20.7492795389049,9.221902017291066,11.527377521613833,79.2507204610951,2.0172910662824206,77.23342939481267
E00050021,312,72,32,40,240,14,226,23.076923076923077,10.256410256410255,12.82051282051282,76.92307692307693,4.487179487179487,72.43589743589743
E00050022,434,73,38,35,361,13,348,16.82027649769585,8.755760368663594,8.064516129032258,83.17972350230414,2.995391705069124,80.18433179723502
E00050023,405,67,26,41,338,26,312,16.543209876543212,6.419753086419753,10.123456790123457,83.4567901234568,6.419753086419753,77.03703703703704
E00050024,363,64,33,31,299,17,282,17.63085399449036,9.090909090909092,8.539944903581267,82.36914600550963,4.683195592286501,77.68595041322314
E00050025,393,65,33,32,328,14,314,16.539440203562343,8.396946564885496,8.142493638676845,83.46055979643766,3.5623409669211195,79.89821882951654
E00050026,317,56,23,33,261,16,245,17.665615141955836,7.255520504731862,10.410094637223976,82.33438485804416,5.047318611987381,77.28706624605678
E00050027,330,41,25,16,289,20,269,12.424242424242424,7.575757575757576,4.848484848484849,87.57575757575758,6.0606060606060606,81.51515151515152
E00050028,398,73,32,41,325,15,310,18.341708542713565,8.040201005025125,10.301507537688442,81.65829145728644,3.7688442211055273,77.88944723618091
E00050029,344,67,27,40,277,15,262,19.476744186046513,7.848837209302325,11.627906976744185,80.52325581395348,4.3604651162790695,76.16279069767442
E00050030,373,67,37,30,306,16,290,17.962466487935657,9.919571045576408,8.04289544235925,82.03753351206434,4.289544235924933,77.7479892761394
E00050031,441,71,37,34,370,21,349,16.099773242630384,8.390022675736962,7.709750566893423,83.90022675736961,4.761904761904762,79.13832199546485
E00050032,394,64,23,41,330,22,308,16.243654822335024,5.83756345177665,10.406091370558377,83.75634517766497,5.583756345177665,78.1725888324873
E00050033,356,57,26,31,299,12,287,16.01123595505618,7.303370786516854,8.707865168539326,83.98876404494382,3.3707865168539324,80.6179775280899
E00050034,368,73,28,45,295,41,254,19.83695652173913,7.608695652173914,12.228260869565217,80.16304347826086,11.141304347826086,69.02173913043478
E00050035,335,71,25,46,264,11,253,21.19402985074627,7.462686567164178,13.73134328358209,78.80597014925374,3.2835820895522385,75.5223880597015
E00050036,333,60,27,33,273,9,264,18.01801801801802,8.108108108108109,9.90990990990991,81.98198198198197,2.7027027027027026,79.27927927927928
E00050037,365,62,40,22,303,13,290,16.986301369863014,10.95890410958904,6.027397260273973,83.01369863013699,3.5616438356164384,79.45205479452055
E00050038,395,74,30,44,321,10,311,18.734177215189874,7.59493670886076,11.139240506329113,81.26582278481013,2.5316455696202533,78.73417721518987
E00050039,409,81,45,36,328,21,307,19.80440097799511,11.00244498777506,8.80195599022005,80.1955990220049,5.134474327628362,75.06112469437653
E00050040,360,71,32,39,289,6,283,19.72222222222222,8.88888888888889,10.833333333333334,80.27777777777779,1.6666666666666667,78.61111111111111
E00050041,396,66,30,36,330,21,309,16.666666666666664,7.575757575757576,9.090909090909092,83.33333333333334,5.303030303030303,78.03030303030303
E00050042,359,65,33,32,294,9,285,18.105849582172702,9.192200557103064,8.913649025069638,81.89415041782729,2.5069637883008355,79.38718662952647
E00050043,374,64,32,32,310,8,302,17.11229946524064,8.55614973262032,8.55614973262032,82.88770053475936,2.13903743315508,80.74866310160428
E00050044,297,78,36,42,219,12,207,26.262626262626267,12.121212121212121,14.14141414141414,73.73737373737373,4.040404040404041,69.6969696969697
E00050046,328,72,38,34,256,10,246,21.951219512195124,11.585365853658537,10.365853658536585,78.04878048780488,3.048780487804878,75
E00050047,232,58,25,33,174,8,166,25,10.775862068965516,14.224137931034484,75,3.4482758620689653,71.55172413793103
E00050048,358,56,26,30,302,13,289,15.64245810055866,7.262569832402235,8.379888268156424,84.35754189944134,3.6312849162011176,80.72625698324022
E00050049,263,48,27,21,215,15,200,18.250950570342205,10.26615969581749,7.984790874524715,81.74904942965779,5.7034220532319395,76.04562737642586
E00050051,299,47,28,19,252,12,240,15.719063545150503,9.364548494983277,6.354515050167224,84.2809364548495,4.013377926421405,80.2675585284281
E00050052,354,83,39,44,271,23,248,23.44632768361582,11.016949152542372,12.429378531073446,76.55367231638418,6.497175141242938,70.05649717514125
E00050053,170,57,20,37,113,14,99,33.52941176470588,11.76470588235294,21.764705882352942,66.47058823529412,8.235294117647058,58.235294117647065
E00050054,276,52,21,31,224,18,206,18.84057971014493,7.608695652173914,11.231884057971014,81.15942028985508,6.521739130434782,74.63768115942028
E00050055,348,37,13,24,311,23,288,10.632183908045976,3.7356321839080464,6.896551724137931,89.36781609195403,6.609195402298851,82.75862068965517
E00050056,270,52,15,37,218,25,193,19.25925925925926,5.555555555555555,13.703703703703704,80.74074074074075,9.25925925925926,71.48148148148148
E00050057,359,65,20,45,294,32,262,18.105849582172702,5.571030640668524,12.534818941504177,81.89415041782729,8.913649025069638,72.98050139275766
E00050058,274,55,25,30,219,16,203,20.072992700729927,9.124087591240876,10.948905109489052,79.92700729927007,5.839416058394161,74.08759124087592
E00050059,313,53,20,33,260,12,248,16.93290734824281,6.3897763578274756,10.543130990415335,83.06709265175719,3.8338658146964857,79.2332268370607
E00050060,242,57,21,36,185,15,170,23.553719008264462,8.677685950413224,14.87603305785124,76.44628099173553,6.198347107438017,70.24793388429752
E00050061,208,59,32,27,149,16,133,28.365384615384613,15.384615384615385,12.980769230769232,71.63461538461539,7.6923076923076925,63.942307692307686
E00050062,294,55,26,29,239,21,218,18.70748299319728,8.843537414965986,9.863945578231291,81.29251700680273,7.142857142857142,74.14965986394559
E00050063,303,55,24,31,248,20,228,18.151815181518153,7.920792079207921,10.231023102310232,81.84818481848185,6.6006600660066,75.24752475247524
E00050064,313,53,29,24,260,24,236,16.93290734824281,9.26517571884984,7.667731629392971,83.06709265175719,7.667731629392971,75.39936102236422
E00050065,306,44,19,25,262,21,241,14.37908496732026,6.209150326797386,8.169934640522875,85.62091503267973,6.862745098039216,78.75816993464052
E00050066,381,137,81,56,244,15,229,35.958005249343834,21.25984251968504,14.698162729658792,64.04199475065617,3.937007874015748,60.10498687664042
E00050067,260,46,19,27,214,26,188,17.692307692307693,7.307692307692308,10.384615384615385,82.3076923076923,10,72.3076923076923
E00050068,233,38,13,25,195,31,164,16.30901287553648,5.579399141630901,10.72961373390558,83.69098712446352,13.304721030042918,70.3862660944206
E00050069,278,38,14,24,240,30,210,13.66906474820144,5.0359712230215825,8.633093525179856,86.33093525179856,10.79136690647482,75.53956834532374
E00050070,279,49,20,29,230,24,206,17.562724014336915,7.168458781362006,10.39426523297491,82.43727598566308,8.60215053763441,73.83512544802868
E00050071,315,61,18,43,254,27,227,19.365079365079367,5.714285714285714,13.65079365079365,80.63492063492063,8.571428571428571,72.06349206349206
E00050072,330,51,19,32,279,29,250,15.454545454545453,5.757575757575758,9.696969696969697,84.54545454545455,8.787878787878787,75.75757575757575
E00050073,279,79,38,41,200,15,185,28.31541218637993,13.620071684587815,14.695340501792115,71.68458781362007,5.376344086021505,66.30824372759857
E00050074,318,43,14,29,275,22,253,13.522012578616351,4.40251572327044,9.119496855345911,86.47798742138365,6.918238993710692,79.55974842767296
E00050075,286,51,27,24,235,31,204,17.832167832167833,9.44055944055944,8.391608391608392,82.16783216783216,10.839160839160838,71.32867132867133
E00050076,300,43,19,24,257,18,239,14.333333333333334,6.333333333333334,8,85.66666666666667,6,79.66666666666666
E00050077,252,44,18,26,208,22,186,17.46031746031746,7.142857142857142,10.317460317460316,82.53968253968253,8.73015873015873,73.80952380952381
E00050078,341,66,17,49,275,26,249,19.35483870967742,4.9853372434017595,14.369501466275661,80.64516129032258,7.624633431085044,73.02052785923753
E00050079,274,37,12,25,237,19,218,13.503649635036496,4.37956204379562,9.124087591240876,86.4963503649635,6.934306569343065,79.56204379562044
E00050080,280,46,14,32,234,25,209,16.428571428571427,5,11.428571428571429,83.57142857142857,8.928571428571429,74.64285714285714
E00050081,259,38,16,22,221,19,202,14.671814671814673,6.177606177606178,8.494208494208493,85.32818532818533,7.335907335907336,77.99227799227799
E00050082,320,63,37,26,257,21,236,19.6875,11.5625,8.125,80.3125,6.5625,73.75
E00050083,280,45,16,29,235,28,207,16.071428571428573,5.714285714285714,10.357142857142858,83.92857142857143,10,73.92857142857143
E00050084,324,66,23,43,258,23,235,20.37037037037037,7.098765432098765,13.271604938271606,79.62962962962963,7.098765432098765,72.53086419753086
E00050085,288,49,20,29,239,23,216,17.01388888888889,6.944444444444445,10.069444444444445,82.98611111111111,7.986111111111111,75
E00050086,274,39,14,25,235,16,219,14.233576642335766,5.109489051094891,9.124087591240876,85.76642335766424,5.839416058394161,79.92700729927007
E00050087,177,49,16,33,128,10,118,27.683615819209038,9.03954802259887,18.64406779661017,72.31638418079096,5.649717514124294,66.66666666666666
E00050088,247,47,22,25,200,19,181,19.02834008097166,8.906882591093117,10.121457489878543,80.97165991902834,7.6923076923076925,73.27935222672065
E00050089,356,85,42,43,271,23,248,23.876404494382022,11.797752808988763,12.07865168539326,76.12359550561798,6.460674157303371,69.66292134831461
E00050090,281,58,26,32,223,23,200,20.640569395017792,9.252669039145907,11.387900355871885,79.35943060498221,8.185053380782918,71.17437722419929
E00050091,215,51,25,26,164,19,145,23.72093023255814,11.627906976744185,12.093023255813954,76.27906976744187,8.837209302325581,67.44186046511628
E00050092,220,52,20,32,168,18,150,23.636363636363637,9.090909090909092,14.545454545454545,76.36363636363637,8.181818181818182,68.18181818181817
E00050093,249,44,14,30,205,17,188,17.670682730923694,5.622489959839357,12.048192771084338,82.32931726907631,6.827309236947792,75.50200803212851
E00050094,289,47,20,27,242,9,233,16.26297577854671,6.920415224913495,9.342560553633218,83.73702422145328,3.1141868512110724,80.62283737024222
E00050095,291,48,15,33,243,25,218,16.49484536082474,5.154639175257731,11.34020618556701,83.50515463917526,8.59106529209622,74.91408934707904
E00050096,332,75,32,43,257,31,226,22.590361445783135,9.63855421686747,12.951807228915662,77.40963855421687,9.33734939759036,68.07228915662651
E00050097,299,65,25,40,234,17,217,21.73913043478261,8.361204013377927,13.377926421404682,78.26086956521739,5.68561872909699,72.5752508361204
E00050098,285,68,22,46,217,22,195,23.859649122807017,7.719298245614035,16.140350877192983,76.14035087719299,7.719298245614035,68.42105263157895
E00050099,253,44,15,29,209,21,188,17.391304347826086,5.928853754940711,11.462450592885375,82.6086956521739,8.300395256916996,74.30830039525692
E00050100,260,40,12,28,220,27,193,15.384615384615385,4.615384615384616,10.76923076923077,84.61538461538461,10.384615384615385,74.23076923076923
E00050101,280,51,19,32,229,25,204,18.21428571428571,6.785714285714286,11.428571428571429,81.78571428571428,8.928571428571429,72.85714285714285
E00050102,245,75,39,36,170,24,146,30.612244897959183,15.918367346938775,14.69387755102041,69.38775510204081,9.795918367346939,59.591836734693885
E00050103,184,76,40,36,108,16,92,41.30434782608695,21.73913043478261,19.565217391304348,58.69565217391305,8.695652173913043,50
E00050104,273,37,14,23,236,32,204,13.553113553113553,5.128205128205128,8.424908424908425,86.44688644688645,11.72161172161172,74.72527472527473
E00050105,293,44,16,28,249,21,228,15.017064846416384,5.460750853242321,9.556313993174061,84.98293515358361,7.167235494880546,77.81569965870307
E00050106,259,51,21,30,208,19,189,19.69111969111969,8.108108108108109,11.583011583011583,80.3088803088803,7.335907335907336,72.97297297297297
E00050107,333,42,17,25,291,28,263,12.612612612612612,5.105105105105105,7.5075075075075075,87.38738738738738,8.408408408408409,78.97897897897897
E00050108,305,63,23,40,242,27,215,20.655737704918035,7.540983606557377,13.114754098360656,79.34426229508198,8.852459016393443,70.49180327868852
E00050109,308,59,27,32,249,29,220,19.155844155844157,8.766233766233766,10.38961038961039,80.84415584415584,9.415584415584416,71.42857142857143
E00050110,292,54,16,38,238,17,221,18.493150684931507,5.47945205479452,13.013698630136986,81.5068493150685,5.821917808219178,75.68493150684932
E00050111,334,47,12,35,287,36,251,14.071856287425149,3.592814371257485,10.479041916167663,85.92814371257485,10.778443113772456,75.1497005988024
E00050112,306,45,14,31,261,28,233,14.705882352941178,4.57516339869281,10.130718954248366,85.29411764705883,9.15032679738562,76.1437908496732
E00050113,289,55,22,33,234,21,213,19.031141868512112,7.612456747404845,11.418685121107266,80.96885813148789,7.26643598615917,73.70242214532871
E00050114,245,60,25,35,185,16,169,24.489795918367346,10.204081632653061,14.285714285714285,75.51020408163265,6.530612244897959,68.9795918367347
E00050115,236,44,22,22,192,17,175,18.64406779661017,9.322033898305085,9.322033898305085,81.35593220338984,7.203389830508475,74.15254237288136
E00050116,258,71,19,52,187,16,171,27.51937984496124,7.3643410852713185,20.155038759689923,72.48062015503875,6.2015503875969,66.27906976744185
E00050117,254,70,28,42,184,17,167,27.559055118110237,11.023622047244094,16.535433070866144,72.44094488188976,6.692913385826772,65.74803149606299
E00050118,313,69,37,32,244,21,223,22.044728434504794,11.821086261980831,10.223642172523961,77.95527156549521,6.7092651757188495,71.24600638977637
E00050119,269,53,28,25,216,18,198,19.702602230483272,10.408921933085502,9.293680297397769,80.29739776951673,6.691449814126393,73.60594795539033
E00050120,350,51,19,32,299,29,270,14.571428571428571,5.428571428571429,9.142857142857142,85.42857142857143,8.285714285714285,77.14285714285715
E00050121,335,63,26,37,272,26,246,18.80597014925373,7.761194029850746,11.044776119402986,81.19402985074626,7.761194029850746,73.43283582089552
E00050122,249,54,24,30,195,20,175,21.686746987951807,9.63855421686747,12.048192771084338,78.3132530120482,8.032128514056225,70.28112449799197
E00050123,203,42,22,20,161,22,139,20.689655172413794,10.83743842364532,9.852216748768473,79.3103448275862,10.83743842364532,68.4729064039409
E00050124,278,55,33,22,223,25,198,19.784172661870503,11.870503597122301,7.913669064748201,80.2158273381295,8.992805755395683,71.22302158273382
E00050125,284,34,8,26,250,31,219,11.971830985915492,2.8169014084507045,9.15492957746479,88.02816901408451,10.915492957746478,77.11267605633803
E00050126,219,44,18,26,175,18,157,20.091324200913242,8.21917808219178,11.87214611872146,79.90867579908677,8.21917808219178,71.68949771689498
E00050127,281,51,19,32,230,30,200,18.14946619217082,6.761565836298933,11.387900355871885,81.85053380782918,10.676156583629894,71.17437722419929
E00050128,319,59,29,30,260,23,237,18.495297805642632,9.090909090909092,9.404388714733543,81.50470219435736,7.210031347962382,74.29467084639498
E00050129,293,48,19,29,245,29,216,16.38225255972696,6.484641638225256,9.897610921501707,83.61774744027304,9.897610921501707,73.72013651877133
E00050130,322,56,17,39,266,29,237,17.391304347826086,5.279503105590062,12.111801242236025,82.6086956521739,9.006211180124224,73.6024844720497
E00050131,236,39,9,30,197,18,179,16.52542372881356,3.8135593220338984,12.711864406779661,83.47457627118644,7.627118644067797,75.84745762711864
E00050132,291,52,7,45,239,26,213,17.869415807560138,2.405498281786942,15.463917525773196,82.13058419243985,8.934707903780069,73.19587628865979
E00050133,276,69,29,40,207,17,190,25,10.507246376811594,14.492753623188406,75,6.159420289855073,68.84057971014492
E00050134,452,95,41,54,357,30,327,21.01769911504425,9.070796460176991,11.946902654867257,78.98230088495575,6.637168141592921,72.34513274336283
E00050135,209,44,23,21,165,24,141,21.052631578947366,11.004784688995215,10.047846889952153,78.94736842105263,11.483253588516746,67.46411483253588
E00050136,291,52,19,33,239,21,218,17.869415807560138,6.529209621993128,11.34020618556701,82.13058419243985,7.216494845360824,74.91408934707904
E00050137,332,72,27,45,260,35,225,21.686746987951807,8.132530120481928,13.55421686746988,78.3132530120482,10.542168674698797,67.7710843373494
E00050138,272,62,32,30,210,12,198,22.794117647058822,11.76470588235294,11.029411764705882,77.20588235294117,4.411764705882353,72.79411764705883
E00050139,474,105,48,57,369,51,318,22.151898734177212,10.126582278481013,12.025316455696203,77.84810126582279,10.759493670886076,67.08860759493672
E00050140,296,48,15,33,248,18,230,16.216216216216218,5.0675675675675675,11.14864864864865,83.78378378378379,6.081081081081082,77.7027027027027
E00050141,306,57,15,42,249,29,220,18.627450980392158,4.901960784313726,13.725490196078432,81.37254901960785,9.477124183006536,71.89542483660131
E00050142,297,64,29,35,233,21,212,21.548821548821547,9.764309764309765,11.784511784511785,78.45117845117845,7.07070707070707,71.38047138047138
E00050143,254,59,26,33,195,23,172,23.228346456692915,10.236220472440944,12.992125984251967,76.77165354330708,9.05511811023622,67.71653543307087
E00050144,262,73,38,35,189,15,174,27.86259541984733,14.50381679389313,13.358778625954198,72.13740458015268,5.7251908396946565,66.41221374045801
E00050145,281,48,19,29,233,16,217,17.08185053380783,6.761565836298933,10.320284697508896,82.91814946619218,5.6939501779359425,77.22419928825623
E00050146,232,49,19,30,183,21,162,21.120689655172413,8.189655172413794,12.931034482758621,78.87931034482759,9.051724137931034,69.82758620689656
E00050147,474,51,17,34,423,38,385,10.759493670886076,3.5864978902953584,7.172995780590717,89.24050632911393,8.016877637130802,81.22362869198312
E00050148,253,45,14,31,208,25,183,17.786561264822133,5.533596837944664,12.25296442687747,82.21343873517787,9.881422924901186,72.33201581027669
E00050149,298,45,14,31,253,25,228,15.100671140939598,4.697986577181208,10.40268456375839,84.8993288590604,8.389261744966444,76.51006711409396
E00050150,347,63,32,31,284,10,274,18.155619596541786,9.221902017291066,8.93371757925072,81.84438040345822,2.881844380403458,78.96253602305475
E00050151,280,27,7,20,253,24,229,9.642857142857144,2.5,7.142857142857142,90.35714285714286,8.571428571428571,81.78571428571428
E00050152,295,56,31,25,239,25,214,18.983050847457626,10.508474576271185,8.47457627118644,81.01694915254237,8.47457627118644,72.54237288135593
E00050153,404,111,51,60,293,23,270,27.475247524752476,12.623762376237623,14.85148514851485,72.52475247524752,5.693069306930694,66.83168316831683
E00050154,254,41,14,27,213,20,193,16.141732283464567,5.511811023622047,10.62992125984252,83.85826771653542,7.874015748031496,75.98425196850394
E00050155,288,51,22,29,237,21,216,17.708333333333336,7.638888888888889,10.069444444444445,82.29166666666666,7.291666666666667,75
E00050156,283,64,25,39,219,31,188,22.614840989399294,8.8339222614841,13.780918727915195,77.3851590106007,10.954063604240282,66.43109540636041
E00050157,367,48,14,34,319,42,277,13.079019073569482,3.8147138964577656,9.264305177111716,86.92098092643052,11.444141689373296,75.47683923705722
E00050158,241,62,26,36,179,15,164,25.72614107883817,10.78838174273859,14.937759336099585,74.27385892116183,6.224066390041494,68.04979253112033
E00050159,264,72,34,38,192,27,165,27.27272727272727,12.878787878787879,14.393939393939394,72.72727272727273,10.227272727272728,62.5
E00050160,329,38,13,25,291,34,257,11.55015197568389,3.951367781155015,7.598784194528875,88.44984802431611,10.33434650455927,78.11550151975683
E00050161,244,30,17,13,214,25,189,12.295081967213115,6.967213114754098,5.327868852459016,87.70491803278688,10.245901639344263,77.45901639344262
E00050163,243,49,22,27,194,21,173,20.16460905349794,9.053497942386832,11.11111111111111,79.83539094650206,8.641975308641975,71.19341563786008
E00050164,276,59,18,41,217,22,195,21.3768115942029,6.521739130434782,14.855072463768115,78.62318840579711,7.971014492753622,70.65217391304348
E00050165,166,39,22,17,127,18,109,23.49397590361446,13.253012048192772,10.240963855421686,76.50602409638554,10.843373493975903,65.66265060240963
E00050166,356,73,35,38,283,21,262,20.50561797752809,9.831460674157304,10.674157303370785,79.49438202247191,5.8988764044943816,73.59550561797754
E00050167,251,47,20,27,204,25,179,18.725099601593627,7.968127490039841,10.756972111553784,81.27490039840637,9.9601593625498,71.31474103585657
E00050168,340,50,16,34,290,28,262,14.705882352941178,4.705882352941177,10,85.29411764705883,8.235294117647058,77.05882352941177
E00050169,246,48,24,24,198,21,177,19.51219512195122,9.75609756097561,9.75609756097561,80.48780487804879,8.536585365853659,71.95121951219512
E00050170,302,64,20,44,238,27,211,21.192052980132452,6.622516556291391,14.56953642384106,78.80794701986756,8.940397350993377,69.86754966887418
E00050171,265,63,19,44,202,24,178,23.77358490566038,7.169811320754717,16.60377358490566,76.22641509433963,9.056603773584905,67.16981132075472
E00050172,249,53,27,26,196,20,176,21.285140562248998,10.843373493975903,10.441767068273093,78.714859437751,8.032128514056225,70.68273092369478
E00050173,270,37,11,26,233,31,202,13.703703703703704,4.074074074074074,9.62962962962963,86.29629629629629,11.481481481481481,74.81481481481481
E00050174,277,53,19,34,224,22,202,19.133574007220215,6.859205776173286,12.274368231046932,80.86642599277978,7.9422382671480145,72.92418772563177
E00050175,314,47,13,34,267,35,232,14.968152866242038,4.140127388535031,10.828025477707007,85.03184713375796,11.146496815286625,73.88535031847134
E00050176,318,68,25,43,250,31,219,21.38364779874214,7.861635220125786,13.522012578616351,78.61635220125787,9.748427672955975,68.86792452830188
E00050177,277,51,21,30,226,20,206,18.4115523465704,7.581227436823104,10.830324909747292,81.58844765342961,7.2202166064981945,74.36823104693141
E00050178,346,67,29,38,279,39,240,19.36416184971098,8.38150289017341,10.982658959537572,80.63583815028902,11.271676300578035,69.36416184971098
E00050179,387,50,20,30,337,51,286,12.919896640826872,5.167958656330749,7.751937984496124,87.08010335917312,13.178294573643413,73.90180878552972
E00050180,301,45,15,30,256,23,233,14.950166112956811,4.983388704318937,9.966777408637874,85.04983388704319,7.641196013289036,77.40863787375415
E00050181,264,38,7,31,226,19,207,14.393939393939394,2.6515151515151514,11.742424242424242,85.60606060606061,7.196969696969697,78.4090909090909
E00050182,330,66,29,37,264,20,244,20,8.787878787878787,11.212121212121213,80,6.0606060606060606,73.93939393939394
E00050183,319,77,32,45,242,21,221,24.137931034482758,10.031347962382444,14.106583072100312,75.86206896551724,6.583072100313479,69.27899686520375
E00171355,241,40,22,18,201,30,171,16.59751037344398,9.12863070539419,7.468879668049793,83.40248962655602,12.448132780082988,70.95435684647303
E00171357,303,57,21,36,246,24,222,18.81188118811881,6.9306930693069315,11.881188118811881,81.1881188118812,7.920792079207921,73.26732673267327
E00171358,225,25,10,15,200,9,191,11.11111111111111,4.444444444444445,6.666666666666667,88.88888888888889,4,84.88888888888889
E00171359,327,53,24,29,274,22,252,16.207951070336392,7.339449541284404,8.868501529051988,83.79204892966361,6.727828746177369,77.06422018348624
E00171360,504,76,30,46,428,33,395,15.079365079365079,5.952380952380952,9.126984126984127,84.92063492063492,6.547619047619048,78.37301587301587
E00171361,310,56,22,34,254,14,240,18.064516129032256,7.096774193548387,10.967741935483872,81.93548387096774,4.516129032258064,77.41935483870968
E00171362,202,47,24,23,155,7,148,23.26732673267327,11.881188118811881,11.386138613861387,76.73267326732673,3.4653465346534658,73.26732673267327
E00171363,215,22,10,12,193,9,184,10.232558139534884,4.651162790697675,5.5813953488372094,89.76744186046511,4.186046511627907,85.5813953488372
E00171364,287,40,15,25,247,13,234,13.937282229965156,5.2264808362369335,8.710801393728223,86.06271777003485,4.529616724738676,81.53310104529616
E00171367,462,69,19,50,393,50,343,14.935064935064934,4.112554112554113,10.822510822510822,85.06493506493507,10.822510822510822,74.24242424242425
E00171368,338,47,22,25,291,19,272,13.905325443786982,6.508875739644971,7.396449704142012,86.09467455621301,5.621301775147929,80.4733727810651
E00171369,349,56,21,35,293,23,270,16.045845272206304,6.017191977077363,10.028653295128938,83.95415472779369,6.59025787965616,77.36389684813754
E00171370,265,72,41,31,193,18,175,27.169811320754718,15.471698113207546,11.69811320754717,72.83018867924528,6.7924528301886795,66.0377358490566
E00181824,131,33,14,19,98,9,89,25.190839694656486,10.687022900763358,14.50381679389313,74.80916030534351,6.870229007633588,67.93893129770993
E00181825,283,57,23,34,226,9,217,20.141342756183743,8.12720848056537,12.014134275618375,79.85865724381625,3.180212014134275,76.67844522968198
E00181826,178,15,3,12,163,6,157,8.426966292134832,1.6853932584269662,6.741573033707865,91.57303370786516,3.3707865168539324,88.20224719101124
E00181827,354,58,29,29,296,12,284,16.38418079096045,8.192090395480225,8.192090395480225,83.61581920903954,3.389830508474576,80.22598870056498
E00181828,284,64,38,26,220,16,204,22.535211267605636,13.380281690140844,9.15492957746479,77.46478873239437,5.633802816901409,71.83098591549296
E00181829,199,41,29,12,158,14,144,20.603015075376884,14.572864321608039,6.030150753768844,79.39698492462311,7.035175879396985,72.36180904522614
E00181830,361,59,26,33,302,15,287,16.343490304709142,7.202216066481995,9.141274238227147,83.65650969529086,4.1551246537396125,79.50138504155125
E00181831,293,73,34,39,220,20,200,24.914675767918087,11.604095563139932,13.310580204778159,75.0853242320819,6.825938566552901,68.25938566552901
E00181832,332,43,16,27,289,20,269,12.951807228915662,4.819277108433735,8.132530120481928,87.04819277108435,6.024096385542169,81.02409638554217
E00181833,237,40,15,25,197,17,180,16.877637130801688,6.329113924050633,10.548523206751055,83.12236286919831,7.172995780590717,75.9493670886076
E00181839,415,78,39,39,337,24,313,18.795180722891565,9.397590361445783,9.397590361445783,81.20481927710843,5.783132530120482,75.42168674698794
E00181840,245,43,19,24,202,15,187,17.551020408163264,7.755102040816326,9.795918367346939,82.44897959183673,6.122448979591836,76.32653061224491
E00181841,304,59,26,33,245,12,233,19.407894736842106,8.552631578947368,10.855263157894738,80.5921052631579,3.9473684210526314,76.64473684210526
E00181842,363,70,28,42,293,23,270,19.28374655647383,7.7134986225895315,11.570247933884298,80.71625344352617,6.336088154269973,74.3801652892562
E00181843,419,54,14,40,365,41,324,12.887828162291171,3.341288782816229,9.54653937947494,87.11217183770883,9.785202863961814,77.32696897374701
E00181844,619,102,42,60,517,52,465,16.478190630048463,6.78513731825525,9.693053311793214,83.52180936995154,8.40064620355412,75.12116316639742
E00181845,227,47,32,15,180,11,169,20.704845814977972,14.096916299559473,6.607929515418502,79.29515418502203,4.845814977973569,74.44933920704845
E00181848,358,84,47,37,274,8,266,23.463687150837988,13.128491620111731,10.335195530726256,76.53631284916202,2.2346368715083798,74.30167597765363
E00181850,418,52,10,42,366,25,341,12.440191387559809,2.3923444976076556,10.047846889952153,87.5598086124402,5.980861244019139,81.57894736842105
E00181852,246,58,29,29,188,16,172,23.577235772357724,11.788617886178862,11.788617886178862,76.42276422764228,6.504065040650407,69.91869918699187
E00181855,281,47,11,36,234,22,212,16.72597864768683,3.9145907473309607,12.811387900355871,83.27402135231317,7.829181494661921,75.44483985765125
E00181857,269,39,15,24,230,11,219,14.49814126394052,5.5762081784386615,8.921933085501859,85.50185873605948,4.089219330855019,81.41263940520446
E00181858,157,22,5,17,135,14,121,14.012738853503185,3.1847133757961785,10.828025477707007,85.98726114649682,8.9171974522293,77.07006369426752
E00181862,229,47,20,27,182,21,161,20.52401746724891,8.73362445414847,11.790393013100436,79.47598253275109,9.170305676855897,70.3056768558952
E00181863,129,36,24,12,93,5,88,27.906976744186046,18.6046511627907,9.30232558139535,72.09302325581395,3.875968992248062,68.21705426356588
E00181866,526,47,14,33,479,37,442,8.935361216730039,2.6615969581749046,6.273764258555133,91.06463878326996,7.0342205323193925,84.03041825095056
E00181867,158,27,13,14,131,20,111,17.088607594936708,8.227848101265822,8.860759493670885,82.91139240506328,12.658227848101266,70.25316455696202
E00181871,493,132,86,46,361,28,333,26.774847870182555,17.44421906693712,9.330628803245435,73.22515212981745,5.679513184584178,67.54563894523326
E00181874,126,17,8,9,109,10,99,13.492063492063492,6.349206349206349,7.142857142857142,86.5079365079365,7.936507936507936,78.57142857142857
E00181876,440,42,12,30,398,20,378,9.545454545454547,2.727272727272727,6.8181818181818175,90.45454545454545,4.545454545454546,85.9090909090909
E00181877,296,60,23,37,236,30,206,20.27027027027027,7.77027027027027,12.5,79.72972972972973,10.135135135135135,69.5945945945946
E00181879,240,42,16,26,198,11,187,17.5,6.666666666666667,10.833333333333334,82.5,4.583333333333333,77.91666666666667
E00181885,406,51,17,34,355,34,321,12.561576354679804,4.1871921182266005,8.374384236453201,87.4384236453202,8.374384236453201,79.06403940886699
E00181887,482,115,63,52,367,30,337,23.858921161825727,13.070539419087138,10.78838174273859,76.14107883817427,6.224066390041494,69.91701244813278
E00181892,302,39,23,16,263,27,236,12.91390728476821,7.6158940397351,5.298013245033113,87.08609271523179,8.940397350993377,78.1456953642384
E00181893,372,52,16,36,320,35,285,13.978494623655912,4.301075268817205,9.67741935483871,86.02150537634408,9.408602150537634,76.61290322580645
E00181894,287,42,17,25,245,19,226,14.634146341463413,5.923344947735192,8.710801393728223,85.36585365853658,6.620209059233449,78.74564459930313
E00181896,210,22,10,12,188,7,181,10.476190476190476,4.761904761904762,5.714285714285714,89.52380952380953,3.3333333333333335,86.19047619047619
E00181898,216,32,11,21,184,14,170,14.814814814814813,5.092592592592593,9.722222222222223,85.18518518518519,6.481481481481481,78.70370370370371
E00181899,353,34,14,20,319,13,306,9.631728045325778,3.9660056657223794,5.6657223796034,90.36827195467421,3.6827195467422094,86.68555240793201
E00181900,157,14,7,7,143,4,139,8.9171974522293,4.45859872611465,4.45859872611465,91.0828025477707,2.547770700636943,88.53503184713377
E00181901,480,135,75,60,345,23,322,28.125,15.625,12.5,71.875,4.791666666666667,67.08333333333333
E00181902,148,92,61,31,56,7,49,62.16216216216216,41.21621621621622,20.945945945945947,37.83783783783784,4.72972972972973,33.108108108108105
E00181904,408,55,22,33,353,21,332,13.480392156862745,5.392156862745098,8.088235294117647,86.51960784313727,5.147058823529411,81.37254901960785
E00181906,344,35,12,23,309,20,289,10.174418604651162,3.488372093023256,6.686046511627906,89.82558139534885,5.813953488372093,84.01162790697676
E00181908,274,44,15,29,230,18,212,16.05839416058394,5.474452554744526,10.583941605839415,83.94160583941606,6.569343065693431,77.37226277372264
E00181909,593,49,21,28,544,29,515,8.263069139966273,3.541315345699832,4.721753794266442,91.73693086003372,4.8903878583473865,86.84654300168634
E00181910,199,30,7,23,169,13,156,15.07537688442211,3.5175879396984926,11.557788944723619,84.92462311557789,6.532663316582915,78.39195979899498
E00181911,387,75,44,31,312,12,300,19.379844961240313,11.369509043927648,8.010335917312661,80.62015503875969,3.10077519379845,77.51937984496125
E00181912,332,33,9,24,299,19,280,9.939759036144578,2.710843373493976,7.228915662650602,90.06024096385542,5.72289156626506,84.33734939759037
E00181915,232,31,10,21,201,18,183,13.36206896551724,4.310344827586207,9.051724137931034,86.63793103448276,7.758620689655173,78.87931034482759
E00181916,625,83,31,52,542,26,516,13.28,4.96,8.32,86.72,4.16,82.56
E00181917,347,60,28,32,287,13,274,17.29106628242075,8.069164265129682,9.221902017291066,82.70893371757924,3.7463976945244957,78.96253602305475
E00181919,166,15,6,9,151,10,141,9.036144578313253,3.614457831325301,5.421686746987952,90.96385542168674,6.024096385542169,84.93975903614458
E00181923,608,62,25,37,546,47,499,10.197368421052632,4.111842105263158,6.0855263157894735,89.80263157894737,7.730263157894737,82.07236842105263
