OA,ts0590001,ts0590002,ts0590003,ts0590004,ts0590005,ts0590006,ts0590007,ts0590002_PCT,ts0590003_PCT,ts0590004_PCT,ts0590005_PCT,ts0590006_PCT,ts0590007_PCT
W00003947,117,37,12,25,80,63,17,31.62393162393162,10.256410256410255,21.367521367521366,68.37606837606837,53.84615384615385,14.529914529914532
W00003948,113,37,16,21,76,67,9,32.743362831858406,14.15929203539823,18.58407079646018,67.2566371681416,59.29203539823009,7.964601769911504
W00003949,83,31,12,19,52,43,9,37.34939759036144,14.457831325301203,22.89156626506024,62.65060240963856,51.80722891566265,10.843373493975903
W00003950,94,36,17,19,58,49,9,38.297872340425535,18.085106382978726,20.212765957446805,61.702127659574465,52.12765957446809,9.574468085106384
W00003951,121,33,13,20,88,78,10,27.27272727272727,10.743801652892563,16.528925619834713,72.72727272727273,64.46280991735537,8.264462809917356
W00003952,83,27,9,18,56,47,9,32.53012048192771,10.843373493975903,21.686746987951807,67.46987951807229,56.62650602409639,10.843373493975903
W00003953,122,46,14,32,76,65,11,37.704918032786885,11.475409836065573,26.229508196721312,62.295081967213115,53.278688524590166,9.01639344262295
W00003954,112,40,14,26,72,59,13,35.714285714285715,12.5,23.214285714285715,64.28571428571429,52.67857142857143,11.607142857142858
W00003955,98,26,7,19,72,54,18,26.53061224489796,7.142857142857142,19.387755102040817,73.46938775510205,55.10204081632652,18.367346938775512
W00003956,143,43,15,28,100,81,19,30.069930069930066,10.48951048951049,19.58041958041958,69.93006993006993,56.64335664335665,13.286713286713287
W00003957,56,17,7,10,39,29,10,30.357142857142854,12.5,17.857142857142858,69.64285714285714,51.78571428571429,17.857142857142858
W00003958,135,33,8,25,102,82,20,24.444444444444443,5.9259259259259265,18.51851851851852,75.55555555555556,60.74074074074074,14.814814814814813
W00003960,132,56,16,40,76,70,6,42.42424242424242,12.121212121212121,30.303030303030305,57.57575757575758,53.03030303030303,4.545454545454546
W00003961,137,54,14,40,83,73,10,39.416058394160586,10.218978102189782,29.1970802919708,60.58394160583942,53.284671532846716,7.2992700729927
W00003962,103,24,5,19,79,74,5,23.300970873786408,4.854368932038835,18.446601941747574,76.69902912621359,71.84466019417476,4.854368932038835
W00003963,122,34,7,27,88,76,12,27.86885245901639,5.737704918032787,22.131147540983605,72.1311475409836,62.295081967213115,9.836065573770492
W00003964,122,39,8,31,83,70,13,31.967213114754102,6.557377049180328,25.40983606557377,68.0327868852459,57.377049180327866,10.655737704918032
W00003965,112,45,9,36,67,62,5,40.17857142857143,8.035714285714286,32.142857142857146,59.82142857142857,55.35714285714286,4.464285714285714
W00003966,128,39,12,27,89,81,8,30.46875,9.375,21.09375,69.53125,63.28125,6.25
W00003967,98,23,4,19,75,68,7,23.46938775510204,4.081632653061225,19.387755102040817,76.53061224489795,69.38775510204081,7.142857142857142
W00003968,119,39,7,32,80,71,9,32.773109243697476,5.88235294117647,26.89075630252101,67.22689075630252,59.66386554621849,7.563025210084033
W00003969,101,34,6,28,67,58,9,33.663366336633665,5.9405940594059405,27.722772277227726,66.33663366336634,57.42574257425742,8.91089108910891
W00003970,142,47,12,35,95,80,15,33.098591549295776,8.450704225352112,24.647887323943664,66.90140845070422,56.33802816901409,10.56338028169014
W00003971,126,33,8,25,93,86,7,26.190476190476193,6.349206349206349,19.841269841269842,73.80952380952381,68.25396825396825,5.555555555555555
W00003972,125,59,15,44,66,55,11,47.199999999999996,12,35.199999999999996,52.800000000000004,44,8.799999999999999
W00003973,152,44,12,32,108,91,17,28.947368421052634,7.894736842105263,21.052631578947366,71.05263157894737,59.86842105263158,11.18421052631579
W00003975,118,43,9,34,75,60,15,36.440677966101696,7.627118644067797,28.8135593220339,63.559322033898304,50.847457627118644,12.711864406779661
W00003976,86,29,8,21,57,49,8,33.72093023255814,9.30232558139535,24.418604651162788,66.27906976744185,56.97674418604651,9.30232558139535
W00003977,86,32,12,20,54,48,6,37.2093023255814,13.953488372093023,23.25581395348837,62.7906976744186,55.81395348837209,6.976744186046512
W00003978,103,45,7,38,58,54,4,43.689320388349515,6.796116504854369,36.89320388349515,56.310679611650485,52.42718446601942,3.8834951456310676
W00003979,61,24,11,13,37,32,5,39.34426229508197,18.0327868852459,21.311475409836063,60.65573770491803,52.459016393442624,8.19672131147541
W00003980,25,15,7,8,10,8,2,60,28.000000000000004,32,40,32,8
W00003981,51,19,8,11,32,29,3,37.254901960784316,15.686274509803921,21.568627450980394,62.745098039215684,56.86274509803921,5.88235294117647
W00003982,138,67,16,51,71,60,11,48.55072463768116,11.594202898550725,36.95652173913043,51.449275362318836,43.47826086956522,7.971014492753622
W00003983,154,53,26,27,101,89,12,34.41558441558442,16.883116883116884,17.532467532467532,65.5844155844156,57.7922077922078,7.792207792207792
W00003984,127,47,12,35,80,71,9,37.00787401574803,9.448818897637794,27.559055118110237,62.99212598425197,55.90551181102362,7.086614173228346
W00003986,122,42,3,39,80,73,7,34.42622950819672,2.459016393442623,31.967213114754102,65.57377049180327,59.83606557377049,5.737704918032787
W00003987,129,42,8,34,87,81,6,32.55813953488372,6.2015503875969,26.356589147286826,67.44186046511628,62.7906976744186,4.651162790697675
W00003988,133,63,31,32,70,64,6,47.368421052631575,23.308270676691727,24.06015037593985,52.63157894736842,48.1203007518797,4.511278195488721
W00003989,171,70,24,46,101,93,8,40.93567251461988,14.035087719298245,26.900584795321635,59.06432748538012,54.385964912280706,4.678362573099415
W00003990,117,28,8,20,89,80,9,23.931623931623932,6.837606837606838,17.094017094017094,76.06837606837607,68.37606837606837,7.6923076923076925
W00003991,143,29,14,15,114,105,9,20.27972027972028,9.79020979020979,10.48951048951049,79.72027972027972,73.42657342657343,6.293706293706294
W00003992,48,15,0,15,33,32,1,31.25,0,31.25,68.75,66.66666666666666,2.083333333333333
W00003993,103,35,17,18,68,57,11,33.980582524271846,16.50485436893204,17.475728155339805,66.01941747572816,55.33980582524271,10.679611650485436
W00003995,16,5,1,4,11,8,3,31.25,6.25,25,68.75,50,18.75
W00003996,72,18,10,8,54,51,3,25,13.88888888888889,11.11111111111111,75,70.83333333333334,4.166666666666666
W00003997,161,51,17,34,110,99,11,31.67701863354037,10.559006211180124,21.11801242236025,68.32298136645963,61.49068322981367,6.832298136645963
W00003998,96,44,19,25,52,46,6,45.83333333333333,19.791666666666664,26.041666666666668,54.166666666666664,47.91666666666667,6.25
W00003999,130,31,13,18,99,83,16,23.846153846153847,10,13.846153846153847,76.15384615384615,63.84615384615384,12.307692307692308
W00004001,74,39,15,24,35,31,4,52.702702702702695,20.27027027027027,32.432432432432435,47.2972972972973,41.891891891891895,5.405405405405405
W00004002,70,25,6,19,45,40,5,35.714285714285715,8.571428571428571,27.142857142857142,64.28571428571429,57.14285714285714,7.142857142857142
W00004003,104,32,12,20,72,65,7,30.76923076923077,11.538461538461538,19.230769230769234,69.23076923076923,62.5,6.730769230769231
W00004004,185,75,20,55,110,99,11,40.54054054054054,10.81081081081081,29.72972972972973,59.45945945945946,53.51351351351351,5.9459459459459465
W00004005,77,26,3,23,51,45,6,33.76623376623377,3.896103896103896,29.87012987012987,66.23376623376623,58.44155844155844,7.792207792207792
W00004006,77,23,5,18,54,46,8,29.87012987012987,6.493506493506493,23.376623376623375,70.12987012987013,59.74025974025974,10.38961038961039
W00004007,149,44,11,33,105,89,16,29.53020134228188,7.38255033557047,22.14765100671141,70.46979865771812,59.73154362416108,10.738255033557047
W00004008,79,24,12,12,55,46,9,30.37974683544304,15.18987341772152,15.18987341772152,69.62025316455697,58.22784810126582,11.39240506329114
W00004010,108,38,16,22,70,63,7,35.18518518518518,14.814814814814813,20.37037037037037,64.81481481481481,58.333333333333336,6.481481481481481
W00004011,44,11,0,11,33,32,1,25,0,25,75,72.72727272727273,2.272727272727273
W00004012,69,26,8,18,43,40,3,37.68115942028986,11.594202898550725,26.08695652173913,62.31884057971014,57.971014492753625,4.3478260869565215
W00004013,125,35,13,22,90,81,9,28.000000000000004,10.4,17.599999999999998,72,64.8,7.199999999999999
W00004014,59,24,8,16,35,28,7,40.67796610169492,13.559322033898304,27.11864406779661,59.32203389830508,47.45762711864407,11.864406779661017
W00004015,101,30,9,21,71,65,6,29.7029702970297,8.91089108910891,20.792079207920793,70.29702970297029,64.35643564356435,5.9405940594059405
W00004016,107,40,12,28,67,56,11,37.38317757009346,11.214953271028037,26.168224299065418,62.616822429906534,52.336448598130836,10.2803738317757
W00004017,105,38,9,29,67,67,0,36.19047619047619,8.571428571428571,27.61904761904762,63.8095238095238,63.8095238095238,0
W00004018,147,63,29,34,84,69,15,42.857142857142854,19.727891156462583,23.12925170068027,57.14285714285714,46.93877551020408,10.204081632653061
W00004019,99,44,13,31,55,46,9,44.44444444444444,13.131313131313133,31.313131313131315,55.55555555555556,46.464646464646464,9.090909090909092
W00004020,128,49,14,35,79,75,4,38.28125,10.9375,27.34375,61.71875,58.59375,3.125
W00004021,108,32,9,23,76,72,4,29.629629629629626,8.333333333333332,21.296296296296298,70.37037037037037,66.66666666666666,3.7037037037037033
W00004022,89,35,9,26,54,50,4,39.325842696629216,10.112359550561797,29.213483146067414,60.67415730337079,56.17977528089888,4.49438202247191
W00004023,79,31,13,18,48,44,4,39.24050632911392,16.455696202531644,22.78481012658228,60.75949367088608,55.69620253164557,5.063291139240507
W00004025,103,39,17,22,64,57,7,37.86407766990291,16.50485436893204,21.35922330097087,62.13592233009708,55.33980582524271,6.796116504854369
W00004026,95,21,4,17,74,67,7,22.105263157894736,4.2105263157894735,17.894736842105264,77.89473684210526,70.52631578947368,7.368421052631578
W00004027,130,58,24,34,72,62,10,44.61538461538462,18.461538461538463,26.153846153846157,55.38461538461539,47.69230769230769,7.6923076923076925
W00004028,137,81,38,43,56,46,10,59.12408759124088,27.73722627737226,31.386861313868614,40.87591240875913,33.57664233576642,7.2992700729927
W00004030,177,41,17,24,136,118,18,23.163841807909606,9.6045197740113,13.559322033898304,76.8361581920904,66.66666666666666,10.16949152542373
W00004031,168,47,14,33,121,105,16,27.976190476190478,8.333333333333332,19.642857142857142,72.02380952380952,62.5,9.523809523809524
W00004032,174,57,18,39,117,106,11,32.758620689655174,10.344827586206897,22.413793103448278,67.24137931034483,60.91954022988506,6.321839080459771
W00004033,195,66,18,48,129,121,8,33.84615384615385,9.230769230769232,24.615384615384617,66.15384615384615,62.05128205128205,4.102564102564102
W00004034,121,36,15,21,85,75,10,29.75206611570248,12.396694214876034,17.355371900826448,70.24793388429752,61.98347107438017,8.264462809917356
W00004035,162,65,25,40,97,82,15,40.123456790123456,15.432098765432098,24.691358024691358,59.876543209876544,50.617283950617285,9.25925925925926
W00004036,119,41,13,28,78,65,13,34.45378151260504,10.92436974789916,23.52941176470588,65.54621848739495,54.621848739495796,10.92436974789916
W00004037,141,46,14,32,95,83,12,32.62411347517731,9.929078014184398,22.69503546099291,67.37588652482269,58.86524822695035,8.51063829787234
W00004038,80,26,6,20,54,43,11,32.5,7.5,25,67.5,53.75,13.750000000000002
W00004039,78,22,2,20,56,50,6,28.205128205128204,2.564102564102564,25.64102564102564,71.7948717948718,64.1025641025641,7.6923076923076925
W00004040,87,34,11,23,53,47,6,39.08045977011494,12.643678160919542,26.436781609195403,60.91954022988506,54.02298850574713,6.896551724137931
W00004041,118,38,12,26,80,72,8,32.20338983050847,10.16949152542373,22.033898305084744,67.79661016949152,61.016949152542374,6.779661016949152
W00004042,109,31,11,20,78,69,9,28.440366972477065,10.091743119266056,18.34862385321101,71.55963302752293,63.30275229357798,8.256880733944955
W00004043,158,54,18,36,104,87,17,34.177215189873415,11.39240506329114,22.78481012658228,65.82278481012658,55.06329113924051,10.759493670886076
W00004044,146,38,9,29,108,103,5,26.027397260273972,6.164383561643835,19.863013698630137,73.97260273972603,70.54794520547945,3.4246575342465753
W00004045,120,44,11,33,76,70,6,36.666666666666664,9.166666666666666,27.500000000000004,63.33333333333333,58.333333333333336,5
W00004046,120,43,13,30,77,68,9,35.833333333333336,10.833333333333334,25,64.16666666666667,56.666666666666664,7.5
W00004047,115,47,17,30,68,61,7,40.869565217391305,14.782608695652174,26.08695652173913,59.130434782608695,53.04347826086957,6.086956521739131
W00004048,47,21,8,13,26,22,4,44.680851063829785,17.02127659574468,27.659574468085108,55.319148936170215,46.808510638297875,8.51063829787234
W00004049,118,33,9,24,85,73,12,27.966101694915253,7.627118644067797,20.33898305084746,72.03389830508475,61.86440677966102,10.16949152542373
W00004050,121,46,13,33,75,64,11,38.01652892561984,10.743801652892563,27.27272727272727,61.98347107438017,52.892561983471076,9.090909090909092
W00004051,99,32,10,22,67,58,9,32.323232323232325,10.1010101010101,22.22222222222222,67.67676767676768,58.58585858585859,9.090909090909092
W00004052,120,35,15,20,85,75,10,29.166666666666668,12.5,16.666666666666664,70.83333333333334,62.5,8.333333333333332
W00004053,124,34,4,30,90,81,9,27.419354838709676,3.225806451612903,24.193548387096776,72.58064516129032,65.32258064516128,7.258064516129033
W00004054,81,32,17,15,49,44,5,39.50617283950617,20.98765432098765,18.51851851851852,60.49382716049383,54.32098765432099,6.172839506172839
W00004055,130,29,7,22,101,91,10,22.30769230769231,5.384615384615385,16.923076923076923,77.6923076923077,70,7.6923076923076925
W00004056,111,28,9,19,83,75,8,25.225225225225223,8.108108108108109,17.117117117117118,74.77477477477478,67.56756756756756,7.207207207207207
W00004057,108,43,7,36,65,61,4,39.81481481481482,6.481481481481481,33.33333333333333,60.18518518518518,56.481481481481474,3.7037037037037033
W00004058,121,53,12,41,68,53,15,43.80165289256198,9.917355371900827,33.88429752066116,56.19834710743802,43.80165289256198,12.396694214876034
W00004059,150,51,12,39,99,90,9,34,8,26,66,60,6
W00004060,136,48,13,35,88,78,10,35.294117647058826,9.558823529411764,25.735294117647058,64.70588235294117,57.35294117647059,7.352941176470589
W00004061,117,42,13,29,75,62,13,35.8974358974359,11.11111111111111,24.786324786324787,64.1025641025641,52.991452991452995,11.11111111111111
W00004062,122,46,12,34,76,69,7,37.704918032786885,9.836065573770492,27.86885245901639,62.295081967213115,56.557377049180324,5.737704918032787
W00004063,107,39,11,28,68,55,13,36.44859813084112,10.2803738317757,26.168224299065418,63.55140186915887,51.4018691588785,12.149532710280374
W00004064,141,46,10,36,95,83,12,32.62411347517731,7.092198581560284,25.53191489361702,67.37588652482269,58.86524822695035,8.51063829787234
W00004065,161,54,13,41,107,100,7,33.54037267080746,8.074534161490684,25.465838509316768,66.45962732919256,62.11180124223602,4.3478260869565215
W00004066,69,27,3,24,42,38,4,39.130434782608695,4.3478260869565215,34.78260869565217,60.86956521739131,55.072463768115945,5.797101449275362
W00004067,132,53,12,41,79,70,9,40.15151515151515,9.090909090909092,31.060606060606062,59.84848484848485,53.03030303030303,6.8181818181818175
W00004068,37,18,6,12,19,18,1,48.64864864864865,16.216216216216218,32.432432432432435,51.35135135135135,48.64864864864865,2.7027027027027026
W00004069,56,17,0,17,39,36,3,30.357142857142854,0,30.357142857142854,69.64285714285714,64.28571428571429,5.357142857142857
W00004070,97,29,5,24,68,61,7,29.896907216494846,5.154639175257731,24.742268041237114,70.10309278350515,62.88659793814433,7.216494845360824
W00004072,126,42,9,33,84,80,4,33.33333333333333,7.142857142857142,26.190476190476193,66.66666666666666,63.49206349206349,3.1746031746031744
W00004073,254,71,18,53,183,155,28,27.95275590551181,7.086614173228346,20.866141732283463,72.04724409448819,61.023622047244096,11.023622047244094
W00004074,104,35,7,28,69,59,10,33.65384615384615,6.730769230769231,26.923076923076923,66.34615384615384,56.730769230769226,9.615384615384617
W00004075,257,67,16,51,190,173,17,26.07003891050584,6.22568093385214,19.844357976653697,73.92996108949417,67.31517509727627,6.614785992217899
W00004076,118,24,7,17,94,78,16,20.33898305084746,5.932203389830509,14.40677966101695,79.66101694915254,66.10169491525424,13.559322033898304
W00004077,112,37,10,27,75,68,7,33.035714285714285,8.928571428571429,24.107142857142858,66.96428571428571,60.71428571428571,6.25
W00004078,231,70,19,51,161,138,23,30.303030303030305,8.225108225108226,22.07792207792208,69.6969696969697,59.74025974025974,9.956709956709958
W00004079,150,43,10,33,107,99,8,28.666666666666668,6.666666666666667,22,71.33333333333334,66,5.333333333333334
W00004080,121,44,17,27,77,65,12,36.36363636363637,14.049586776859504,22.31404958677686,63.63636363636363,53.71900826446281,9.917355371900827
W00004081,153,37,7,30,116,106,10,24.183006535947712,4.57516339869281,19.607843137254903,75.81699346405229,69.28104575163398,6.535947712418301
W00004082,117,46,16,30,71,62,9,39.31623931623932,13.675213675213676,25.64102564102564,60.68376068376068,52.991452991452995,7.6923076923076925
W00004083,88,26,12,14,62,55,7,29.545454545454547,13.636363636363635,15.909090909090908,70.45454545454545,62.5,7.954545454545454
W00004084,124,53,14,39,71,68,3,42.74193548387097,11.29032258064516,31.451612903225808,57.25806451612904,54.83870967741935,2.4193548387096775
W00004085,165,55,17,38,110,99,11,33.33333333333333,10.303030303030303,23.03030303030303,66.66666666666666,60,6.666666666666667
W00004086,131,46,14,32,85,76,9,35.11450381679389,10.687022900763358,24.427480916030532,64.8854961832061,58.01526717557252,6.870229007633588
W00004087,83,27,6,21,56,51,5,32.53012048192771,7.228915662650602,25.301204819277107,67.46987951807229,61.44578313253012,6.024096385542169
W00004088,164,41,14,27,123,110,13,25,8.536585365853659,16.463414634146343,75,67.07317073170732,7.926829268292683
W00004089,126,31,4,27,95,84,11,24.6031746031746,3.1746031746031744,21.428571428571427,75.39682539682539,66.66666666666666,8.73015873015873
W00004090,150,52,21,31,98,92,6,34.66666666666667,14.000000000000002,20.666666666666668,65.33333333333333,61.33333333333333,4
W00004091,56,21,7,14,35,28,7,37.5,12.5,25,62.5,50,12.5
W00004092,93,36,12,24,57,48,9,38.70967741935484,12.903225806451612,25.806451612903224,61.29032258064516,51.61290322580645,9.67741935483871
W00004093,115,43,18,25,72,64,8,37.391304347826086,15.65217391304348,21.73913043478261,62.60869565217392,55.65217391304348,6.956521739130435
W00004094,77,27,8,19,50,43,7,35.064935064935064,10.38961038961039,24.675324675324674,64.93506493506493,55.84415584415584,9.090909090909092
W00004095,87,25,9,16,62,56,6,28.735632183908045,10.344827586206897,18.39080459770115,71.26436781609196,64.36781609195403,6.896551724137931
W00004096,155,50,15,35,105,93,12,32.25806451612903,9.67741935483871,22.58064516129032,67.74193548387096,60,7.741935483870968
W00004097,141,53,18,35,88,73,15,37.5886524822695,12.76595744680851,24.822695035460992,62.4113475177305,51.77304964539007,10.638297872340425
W00004098,130,47,14,33,83,79,4,36.15384615384615,10.76923076923077,25.384615384615383,63.84615384615384,60.76923076923077,3.076923076923077
W00004099,132,39,11,28,93,84,9,29.545454545454547,8.333333333333332,21.21212121212121,70.45454545454545,63.63636363636363,6.8181818181818175
W00004100,126,39,17,22,87,79,8,30.952380952380953,13.492063492063492,17.46031746031746,69.04761904761905,62.698412698412696,6.349206349206349
W00004101,153,55,10,45,98,91,7,35.947712418300654,6.535947712418301,29.411764705882355,64.05228758169935,59.47712418300654,4.57516339869281
W00004102,94,27,4,23,67,57,10,28.723404255319153,4.25531914893617,24.46808510638298,71.27659574468085,60.63829787234043,10.638297872340425
W00004103,149,60,15,45,89,81,8,40.26845637583892,10.06711409395973,30.201342281879196,59.73154362416108,54.36241610738255,5.369127516778524
W00004104,140,50,16,34,90,86,4,35.714285714285715,11.428571428571429,24.285714285714285,64.28571428571429,61.42857142857143,2.857142857142857
W00004105,191,54,13,41,137,131,6,28.272251308900525,6.806282722513089,21.465968586387437,71.72774869109948,68.58638743455498,3.1413612565445024
W00004106,97,44,18,26,53,46,7,45.36082474226804,18.556701030927837,26.804123711340207,54.63917525773196,47.42268041237113,7.216494845360824
W00004107,155,42,11,31,113,101,12,27.09677419354839,7.096774193548387,20,72.90322580645162,65.16129032258064,7.741935483870968
W00004108,172,62,12,50,110,97,13,36.04651162790697,6.976744186046512,29.069767441860467,63.95348837209303,56.395348837209305,7.55813953488372
W00004109,145,54,23,31,91,83,8,37.24137931034483,15.862068965517242,21.379310344827587,62.758620689655174,57.24137931034483,5.517241379310345
W00004110,145,46,11,35,99,90,9,31.724137931034484,7.586206896551724,24.137931034482758,68.27586206896552,62.06896551724138,6.206896551724138
W00004111,138,41,18,23,97,92,5,29.71014492753623,13.043478260869565,16.666666666666664,70.28985507246377,66.66666666666666,3.6231884057971016
W00004112,153,48,16,32,105,97,8,31.372549019607842,10.457516339869281,20.915032679738562,68.62745098039215,63.39869281045751,5.228758169934641
W00004113,130,38,13,25,92,85,7,29.230769230769234,10,19.230769230769234,70.76923076923077,65.38461538461539,5.384615384615385
W00004114,97,35,5,30,62,54,8,36.08247422680412,5.154639175257731,30.927835051546392,63.91752577319587,55.670103092783506,8.24742268041237
W00004115,115,32,10,22,83,79,4,27.82608695652174,8.695652173913043,19.130434782608695,72.17391304347827,68.69565217391305,3.4782608695652173
W00004116,104,32,9,23,72,69,3,30.76923076923077,8.653846153846153,22.115384615384613,69.23076923076923,66.34615384615384,2.8846153846153846
W00004117,164,52,18,34,112,100,12,31.70731707317073,10.975609756097562,20.73170731707317,68.29268292682927,60.97560975609756,7.317073170731707
W00004118,117,32,12,20,85,74,11,27.350427350427353,10.256410256410255,17.094017094017094,72.64957264957265,63.24786324786324,9.401709401709402
W00004119,89,29,15,14,60,53,7,32.58426966292135,16.853932584269664,15.730337078651685,67.41573033707866,59.55056179775281,7.865168539325842
W00004120,150,50,13,37,100,94,6,33.33333333333333,8.666666666666668,24.666666666666668,66.66666666666666,62.66666666666667,4
W00004121,112,37,11,26,75,65,10,33.035714285714285,9.821428571428571,23.214285714285715,66.96428571428571,58.03571428571429,8.928571428571429
W00004122,162,43,13,30,119,100,19,26.543209876543212,8.024691358024691,18.51851851851852,73.4567901234568,61.72839506172839,11.728395061728394
W00004123,62,21,1,20,41,39,2,33.87096774193548,1.6129032258064515,32.25806451612903,66.12903225806451,62.903225806451616,3.225806451612903
W00004124,77,26,6,20,51,42,9,33.76623376623377,7.792207792207792,25.97402597402597,66.23376623376623,54.54545454545454,11.688311688311687
W00004125,107,42,12,30,65,58,7,39.25233644859813,11.214953271028037,28.037383177570092,60.747663551401864,54.20560747663551,6.5420560747663545
W00004126,141,34,8,26,107,93,14,24.113475177304963,5.673758865248227,18.439716312056735,75.88652482269504,65.95744680851064,9.929078014184398
W00004127,128,46,11,35,82,71,11,35.9375,8.59375,27.34375,64.0625,55.46875,8.59375
W00004128,132,40,13,27,92,79,13,30.303030303030305,9.848484848484848,20.454545454545457,69.6969696969697,59.84848484848485,9.848484848484848
W00004129,163,54,15,39,109,104,5,33.12883435582822,9.202453987730062,23.92638036809816,66.87116564417178,63.80368098159509,3.067484662576687
W00004130,129,37,7,30,92,76,16,28.68217054263566,5.426356589147287,23.25581395348837,71.31782945736434,58.91472868217055,12.4031007751938
W00004131,155,57,14,43,98,89,9,36.774193548387096,9.032258064516128,27.741935483870968,63.2258064516129,57.41935483870968,5.806451612903226
W00004132,111,40,16,24,71,65,6,36.03603603603604,14.414414414414415,21.62162162162162,63.96396396396396,58.55855855855856,5.405405405405405
W00004133,124,40,16,24,84,78,6,32.25806451612903,12.903225806451612,19.35483870967742,67.74193548387096,62.903225806451616,4.838709677419355
W00004134,112,38,8,30,74,67,7,33.92857142857143,7.142857142857142,26.785714285714285,66.07142857142857,59.82142857142857,6.25
W00004135,175,62,8,54,113,104,9,35.42857142857142,4.571428571428571,30.857142857142854,64.57142857142857,59.42857142857143,5.142857142857142
W00004136,139,53,14,39,86,78,8,38.1294964028777,10.071942446043165,28.05755395683453,61.87050359712231,56.11510791366906,5.755395683453238
W00004137,140,46,13,33,94,86,8,32.857142857142854,9.285714285714286,23.57142857142857,67.14285714285714,61.42857142857143,5.714285714285714
W00004138,109,45,9,36,64,56,8,41.284403669724774,8.256880733944955,33.02752293577982,58.71559633027523,51.37614678899083,7.339449541284404
W00004139,151,44,9,35,107,91,16,29.13907284768212,5.960264900662252,23.178807947019866,70.86092715231787,60.264900662251655,10.596026490066226
W00004140,170,56,23,33,114,95,19,32.94117647058823,13.529411764705882,19.411764705882355,67.05882352941175,55.88235294117647,11.176470588235295
W00004141,132,40,19,21,92,74,18,30.303030303030305,14.393939393939394,15.909090909090908,69.6969696969697,56.060606060606055,13.636363636363635
W00004142,133,47,12,35,86,73,13,35.338345864661655,9.022556390977442,26.31578947368421,64.66165413533834,54.88721804511278,9.774436090225564
W00004143,162,53,19,34,109,88,21,32.71604938271605,11.728395061728394,20.98765432098765,67.28395061728395,54.32098765432099,12.962962962962962
W00004144,57,24,5,19,33,29,4,42.10526315789473,8.771929824561402,33.33333333333333,57.89473684210527,50.877192982456144,7.017543859649122
W00004145,172,59,27,32,113,100,13,34.30232558139535,15.69767441860465,18.6046511627907,65.69767441860465,58.139534883720934,7.55813953488372
W00004146,117,52,10,42,65,62,3,44.44444444444444,8.547008547008547,35.8974358974359,55.55555555555556,52.991452991452995,2.564102564102564
W00004147,188,67,30,37,121,100,21,35.638297872340424,15.957446808510639,19.680851063829788,64.36170212765957,53.191489361702125,11.170212765957446
W00004148,85,30,7,23,55,48,7,35.294117647058826,8.235294117647058,27.058823529411764,64.70588235294117,56.470588235294116,8.235294117647058
W00004149,104,32,10,22,72,65,7,30.76923076923077,9.615384615384617,21.153846153846153,69.23076923076923,62.5,6.730769230769231
W00004150,102,37,14,23,65,49,16,36.27450980392157,13.725490196078432,22.54901960784314,63.725490196078425,48.03921568627451,15.686274509803921
W00004151,150,51,15,36,99,85,14,34,10,24,66,56.666666666666664,9.333333333333334
W00004152,151,41,6,35,110,102,8,27.1523178807947,3.9735099337748347,23.178807947019866,72.84768211920529,67.54966887417218,5.298013245033113
W00004153,185,69,20,49,116,101,15,37.2972972972973,10.81081081081081,26.486486486486488,62.70270270270271,54.59459459459459,8.108108108108109
W00004154,158,44,4,40,114,95,19,27.848101265822784,2.5316455696202533,25.31645569620253,72.15189873417721,60.12658227848101,12.025316455696203
W00004155,52,28,14,14,24,23,1,53.84615384615385,26.923076923076923,26.923076923076923,46.15384615384615,44.230769230769226,1.9230769230769231
W00004157,239,93,20,73,146,129,17,38.912133891213394,8.368200836820083,30.543933054393307,61.08786610878661,53.97489539748954,7.112970711297072
W00004158,139,43,10,33,96,82,14,30.935251798561154,7.1942446043165464,23.741007194244602,69.06474820143885,58.992805755395686,10.071942446043165
W00004159,185,65,17,48,120,106,14,35.13513513513514,9.18918918918919,25.945945945945947,64.86486486486487,57.2972972972973,7.567567567567568
W00004160,54,19,10,9,35,30,5,35.18518518518518,18.51851851851852,16.666666666666664,64.81481481481481,55.55555555555556,9.25925925925926
W00004161,134,51,19,32,83,51,32,38.059701492537314,14.17910447761194,23.88059701492537,61.940298507462686,38.059701492537314,23.88059701492537
W00004162,149,48,22,26,101,74,27,32.21476510067114,14.76510067114094,17.449664429530202,67.78523489932886,49.664429530201346,18.120805369127517
W00004163,209,84,43,41,125,95,30,40.19138755980861,20.574162679425836,19.617224880382775,59.80861244019139,45.45454545454545,14.354066985645932
W00004164,105,34,12,22,71,57,14,32.38095238095238,11.428571428571429,20.952380952380953,67.61904761904762,54.285714285714285,13.333333333333334
W00004165,158,52,21,31,106,86,20,32.91139240506329,13.291139240506327,19.62025316455696,67.08860759493672,54.43037974683544,12.658227848101266
W00004166,148,50,28,22,98,66,32,33.78378378378378,18.91891891891892,14.864864864864865,66.21621621621621,44.5945945945946,21.62162162162162
W00004167,85,36,20,16,49,40,9,42.35294117647059,23.52941176470588,18.823529411764707,57.647058823529406,47.05882352941176,10.588235294117647
W00004168,192,74,29,45,118,83,35,38.54166666666667,15.104166666666666,23.4375,61.458333333333336,43.22916666666667,18.229166666666664
W00004169,166,60,20,40,106,90,16,36.144578313253014,12.048192771084338,24.096385542168676,63.85542168674698,54.21686746987952,9.63855421686747
W00004170,95,39,21,18,56,36,20,41.05263157894737,22.105263157894736,18.947368421052634,58.94736842105262,37.89473684210527,21.052631578947366
W00004171,130,47,15,32,83,76,7,36.15384615384615,11.538461538461538,24.615384615384617,63.84615384615384,58.46153846153847,5.384615384615385
W00004172,182,63,18,45,119,106,13,34.61538461538461,9.89010989010989,24.725274725274726,65.38461538461539,58.24175824175825,7.142857142857142
W00004173,78,23,9,14,55,46,9,29.48717948717949,11.538461538461538,17.94871794871795,70.51282051282051,58.97435897435898,11.538461538461538
W00004174,138,36,9,27,102,88,14,26.08695652173913,6.521739130434782,19.565217391304348,73.91304347826086,63.76811594202898,10.144927536231885
W00004175,119,39,11,28,80,69,11,32.773109243697476,9.243697478991598,23.52941176470588,67.22689075630252,57.98319327731093,9.243697478991598
W00004176,192,61,21,40,131,120,11,31.770833333333332,10.9375,20.833333333333336,68.22916666666666,62.5,5.729166666666666
W00004177,173,57,16,41,116,101,15,32.947976878612714,9.248554913294797,23.699421965317917,67.05202312138728,58.38150289017341,8.670520231213873
W00004178,153,42,17,25,111,91,20,27.450980392156865,11.11111111111111,16.33986928104575,72.54901960784314,59.47712418300654,13.071895424836603
W00004179,140,47,8,39,93,77,16,33.57142857142857,5.714285714285714,27.857142857142858,66.42857142857143,55.00000000000001,11.428571428571429
W00004180,161,49,15,34,112,101,11,30.434782608695656,9.316770186335404,21.11801242236025,69.56521739130434,62.732919254658384,6.832298136645963
W00004181,97,37,10,27,60,57,3,38.144329896907216,10.309278350515463,27.835051546391753,61.855670103092784,58.76288659793815,3.0927835051546393
W00004182,188,46,7,39,142,123,19,24.46808510638298,3.723404255319149,20.74468085106383,75.53191489361703,65.42553191489363,10.106382978723403
W00004183,68,24,7,17,44,41,3,35.294117647058826,10.294117647058822,25,64.70588235294117,60.29411764705882,4.411764705882353
W00004184,138,46,16,30,92,89,3,33.33333333333333,11.594202898550725,21.73913043478261,66.66666666666666,64.4927536231884,2.1739130434782608
W00004186,142,37,14,23,105,98,7,26.056338028169012,9.859154929577464,16.19718309859155,73.94366197183099,69.01408450704226,4.929577464788732
W00004188,92,26,8,18,66,53,13,28.26086956521739,8.695652173913043,19.565217391304348,71.73913043478261,57.608695652173914,14.130434782608695
W00004189,102,45,14,31,57,50,7,44.11764705882353,13.725490196078432,30.392156862745097,55.88235294117647,49.01960784313725,6.862745098039216
W00004190,100,35,12,23,65,59,6,35,12,23,65,59,6
W00004191,111,40,8,32,71,62,9,36.03603603603604,7.207207207207207,28.82882882882883,63.96396396396396,55.85585585585585,8.108108108108109
W00004192,172,45,13,32,127,111,16,26.16279069767442,7.55813953488372,18.6046511627907,73.83720930232558,64.53488372093024,9.30232558139535
W00004196,85,23,9,14,62,56,6,27.058823529411764,10.588235294117647,16.470588235294116,72.94117647058823,65.88235294117646,7.0588235294117645
W00004197,124,35,4,31,89,80,9,28.225806451612907,3.225806451612903,25,71.7741935483871,64.51612903225806,7.258064516129033
W00004198,83,33,13,20,50,43,7,39.75903614457831,15.66265060240964,24.096385542168676,60.24096385542169,51.80722891566265,8.433734939759036
W00004199,114,34,8,26,80,73,7,29.82456140350877,7.017543859649122,22.807017543859647,70.17543859649122,64.03508771929825,6.140350877192982
W00004200,147,64,18,46,83,76,7,43.53741496598639,12.244897959183673,31.292517006802722,56.4625850340136,51.70068027210885,4.761904761904762
W00004201,106,27,5,22,79,74,5,25.471698113207548,4.716981132075472,20.754716981132077,74.52830188679245,69.81132075471697,4.716981132075472
W00004202,134,36,15,21,98,76,22,26.865671641791046,11.194029850746269,15.671641791044777,73.13432835820896,56.71641791044776,16.417910447761194
W00004203,125,37,9,28,88,78,10,29.599999999999998,7.199999999999999,22.400000000000002,70.39999999999999,62.4,8
W00004204,125,24,6,18,101,88,13,19.2,4.8,14.399999999999999,80.80000000000001,70.39999999999999,10.4
W00004205,109,28,11,17,81,71,10,25.688073394495415,10.091743119266056,15.59633027522936,74.31192660550458,65.13761467889908,9.174311926605505
W00004206,93,28,7,21,65,54,11,30.107526881720432,7.526881720430108,22.58064516129032,69.89247311827957,58.06451612903226,11.827956989247312
W00004207,144,37,8,29,107,88,19,25.694444444444443,5.555555555555555,20.13888888888889,74.30555555555556,61.111111111111114,13.194444444444445
W00004208,31,15,4,11,16,14,2,48.38709677419355,12.903225806451612,35.483870967741936,51.61290322580645,45.16129032258064,6.451612903225806
W00004210,156,49,21,28,107,94,13,31.41025641025641,13.461538461538462,17.94871794871795,68.58974358974359,60.256410256410255,8.333333333333332
W00004211,122,33,7,26,89,75,14,27.049180327868854,5.737704918032787,21.311475409836063,72.95081967213115,61.47540983606557,11.475409836065573
W00004212,155,52,20,32,103,89,14,33.5483870967742,12.903225806451612,20.64516129032258,66.45161290322581,57.41935483870968,9.032258064516128
W00004213,92,23,5,18,69,63,6,25,5.434782608695652,19.565217391304348,75,68.47826086956522,6.521739130434782
W00004215,115,42,10,32,73,67,6,36.52173913043478,8.695652173913043,27.82608695652174,63.47826086956522,58.26086956521739,5.217391304347826
W00004216,100,28,3,25,72,66,6,28.000000000000004,3,25,72,66,6
W00004217,120,40,16,24,80,71,9,33.33333333333333,13.333333333333334,20,66.66666666666666,59.166666666666664,7.5
W00004218,135,32,4,28,103,92,11,23.703703703703706,2.9629629629629632,20.74074074074074,76.29629629629629,68.14814814814815,8.148148148148149
W00004220,136,45,13,32,91,83,8,33.088235294117645,9.558823529411764,23.52941176470588,66.91176470588235,61.029411764705884,5.88235294117647
W00004221,101,29,3,26,72,68,4,28.71287128712871,2.9702970297029703,25.742574257425744,71.28712871287128,67.32673267326733,3.9603960396039604
W00004222,114,52,13,39,62,55,7,45.614035087719294,11.403508771929824,34.21052631578947,54.385964912280706,48.24561403508772,6.140350877192982
W00004223,134,40,11,29,94,86,8,29.850746268656714,8.208955223880597,21.641791044776117,70.1492537313433,64.17910447761194,5.970149253731343
W00004224,105,25,6,19,80,72,8,23.809523809523807,5.714285714285714,18.095238095238095,76.19047619047619,68.57142857142857,7.6190476190476195
W00004225,146,54,17,37,92,78,14,36.986301369863014,11.643835616438356,25.34246575342466,63.013698630136986,53.42465753424658,9.58904109589041
W00004226,170,64,15,49,106,93,13,37.64705882352941,8.823529411764707,28.823529411764703,62.35294117647059,54.70588235294118,7.647058823529412
W00004227,137,51,14,37,86,81,5,37.22627737226277,10.218978102189782,27.00729927007299,62.77372262773723,59.12408759124088,3.64963503649635
W00004228,99,35,4,31,64,58,6,35.35353535353536,4.040404040404041,31.313131313131315,64.64646464646465,58.58585858585859,6.0606060606060606
W00004229,156,54,20,34,102,85,17,34.61538461538461,12.82051282051282,21.794871794871796,65.38461538461539,54.48717948717948,10.897435897435898
W00004230,109,31,6,25,78,65,13,28.440366972477065,5.5045871559633035,22.93577981651376,71.55963302752293,59.63302752293578,11.926605504587156
W00004232,148,34,7,27,114,109,5,22.972972972972975,4.72972972972973,18.243243243243242,77.02702702702703,73.64864864864865,3.3783783783783785
W00004233,156,42,12,30,114,107,7,26.923076923076923,7.6923076923076925,19.230769230769234,73.07692307692307,68.58974358974359,4.487179487179487
W00004234,124,32,12,20,92,79,13,25.806451612903224,9.67741935483871,16.129032258064516,74.19354838709677,63.70967741935484,10.483870967741936
W00004235,132,47,10,37,85,80,5,35.60606060606061,7.575757575757576,28.030303030303028,64.39393939393939,60.60606060606061,3.787878787878788
W00004236,136,50,12,38,86,70,16,36.76470588235294,8.823529411764707,27.941176470588236,63.23529411764706,51.470588235294116,11.76470588235294
W00004237,152,50,12,38,102,90,12,32.89473684210527,7.894736842105263,25,67.10526315789474,59.210526315789465,7.894736842105263
W00004238,126,30,8,22,96,92,4,23.809523809523807,6.349206349206349,17.46031746031746,76.19047619047619,73.01587301587301,3.1746031746031744
W00004239,112,41,12,29,71,62,9,36.607142857142854,10.714285714285714,25.892857142857146,63.39285714285714,55.35714285714286,8.035714285714286
W00004240,122,44,11,33,78,66,12,36.0655737704918,9.01639344262295,27.049180327868854,63.934426229508205,54.09836065573771,9.836065573770492
W00004241,147,37,11,26,110,103,7,25.170068027210885,7.482993197278912,17.687074829931973,74.82993197278913,70.06802721088435,4.761904761904762
W00004242,202,43,7,36,159,142,17,21.287128712871286,3.4653465346534658,17.82178217821782,78.71287128712872,70.29702970297029,8.415841584158416
W00004243,206,51,14,37,155,137,18,24.75728155339806,6.796116504854369,17.96116504854369,75.24271844660194,66.50485436893204,8.737864077669903
W00004244,117,29,8,21,88,79,9,24.786324786324787,6.837606837606838,17.94871794871795,75.21367521367522,67.52136752136752,7.6923076923076925
W00004245,121,27,8,19,94,84,10,22.31404958677686,6.6115702479338845,15.702479338842975,77.68595041322314,69.42148760330579,8.264462809917356
W00004246,247,63,20,43,184,161,23,25.506072874493928,8.097165991902834,17.408906882591094,74.49392712550608,65.18218623481782,9.31174089068826
W00004247,111,34,9,25,77,71,6,30.630630630630627,8.108108108108109,22.52252252252252,69.36936936936937,63.96396396396396,5.405405405405405
W00004248,168,43,17,26,125,99,26,25.595238095238095,10.119047619047619,15.476190476190476,74.40476190476191,58.92857142857143,15.476190476190476
W00004249,150,39,13,26,111,97,14,26,8.666666666666668,17.333333333333336,74,64.66666666666666,9.333333333333334
W00004250,202,53,13,40,149,133,16,26.237623762376238,6.435643564356436,19.801980198019802,73.76237623762376,65.84158415841584,7.920792079207921
W00004251,94,22,5,17,72,65,7,23.404255319148938,5.319148936170213,18.085106382978726,76.59574468085107,69.14893617021278,7.446808510638298
W00004252,291,69,23,46,222,185,37,23.711340206185564,7.903780068728522,15.807560137457044,76.28865979381443,63.57388316151202,12.714776632302405
W00004253,126,38,8,30,88,78,10,30.158730158730158,6.349206349206349,23.809523809523807,69.84126984126983,61.904761904761905,7.936507936507936
W00004254,170,44,12,32,126,105,21,25.882352941176475,7.0588235294117645,18.823529411764707,74.11764705882354,61.76470588235294,12.352941176470589
W00004255,235,66,20,46,169,150,19,28.085106382978726,8.51063829787234,19.574468085106382,71.91489361702128,63.829787234042556,8.085106382978724
W00004256,290,75,30,45,215,182,33,25.862068965517242,10.344827586206897,15.517241379310345,74.13793103448276,62.758620689655174,11.379310344827587
W00004257,170,51,17,34,119,95,24,30,10,20,70,55.88235294117647,14.117647058823529
W00004258,193,57,19,38,136,122,14,29.533678756476682,9.844559585492227,19.689119170984455,70.46632124352331,63.212435233160626,7.253886010362693
W00004259,242,41,9,32,201,174,27,16.94214876033058,3.71900826446281,13.223140495867769,83.05785123966942,71.900826446281,11.15702479338843
W00004260,193,48,13,35,145,124,21,24.870466321243523,6.7357512953367875,18.134715025906736,75.12953367875647,64.24870466321244,10.880829015544041
W00004261,148,47,10,37,101,93,8,31.756756756756754,6.756756756756757,25,68.24324324324324,62.83783783783784,5.405405405405405
W00004262,154,47,8,39,107,96,11,30.519480519480517,5.194805194805195,25.324675324675322,69.48051948051948,62.33766233766234,7.142857142857142
W00004263,132,39,10,29,93,80,13,29.545454545454547,7.575757575757576,21.96969696969697,70.45454545454545,60.60606060606061,9.848484848484848
W00004264,170,46,11,35,124,105,19,27.058823529411764,6.470588235294119,20.588235294117645,72.94117647058823,61.76470588235294,11.176470588235295
W00004265,177,53,30,23,124,108,16,29.943502824858758,16.94915254237288,12.994350282485875,70.05649717514125,61.016949152542374,9.03954802259887
W00004266,305,64,14,50,241,213,28,20.983606557377048,4.590163934426229,16.39344262295082,79.01639344262294,69.83606557377048,9.180327868852459
W00004267,157,43,11,32,114,98,16,27.388535031847134,7.006369426751593,20.382165605095544,72.61146496815286,62.42038216560509,10.191082802547772
W00004268,121,42,21,21,79,67,12,34.710743801652896,17.355371900826448,17.355371900826448,65.28925619834712,55.371900826446286,9.917355371900827
W00004269,127,44,10,34,83,78,5,34.645669291338585,7.874015748031496,26.77165354330709,65.35433070866141,61.417322834645674,3.937007874015748
W00004270,95,35,10,25,60,52,8,36.84210526315789,10.526315789473683,26.31578947368421,63.1578947368421,54.736842105263165,8.421052631578947
W00004271,136,39,6,33,97,83,14,28.676470588235293,4.411764705882353,24.264705882352942,71.32352941176471,61.029411764705884,10.294117647058822
W00004272,153,41,8,33,112,103,9,26.797385620915033,5.228758169934641,21.568627450980394,73.20261437908496,67.3202614379085,5.88235294117647
W00004274,147,38,10,28,109,89,20,25.850340136054424,6.802721088435375,19.047619047619047,74.14965986394559,60.544217687074834,13.60544217687075
W00004275,142,43,10,33,99,87,12,30.28169014084507,7.042253521126761,23.239436619718308,69.71830985915493,61.267605633802816,8.450704225352112
W00004276,168,45,8,37,123,109,14,26.785714285714285,4.761904761904762,22.023809523809522,73.21428571428571,64.88095238095238,8.333333333333332
W00004277,250,72,20,52,178,161,17,28.799999999999997,8,20.8,71.2,64.4,6.800000000000001
W00004278,115,33,6,27,82,72,10,28.695652173913043,5.217391304347826,23.47826086956522,71.30434782608695,62.60869565217392,8.695652173913043
W00004279,97,34,1,33,63,53,10,35.051546391752574,1.0309278350515463,34.02061855670103,64.94845360824742,54.63917525773196,10.309278350515463
W00004280,127,31,7,24,96,87,9,24.409448818897637,5.511811023622047,18.89763779527559,75.59055118110236,68.50393700787401,7.086614173228346
W00004281,132,44,10,34,88,81,7,33.33333333333333,7.575757575757576,25.757575757575758,66.66666666666666,61.36363636363637,5.303030303030303
W00004282,64,30,5,25,34,28,6,46.875,7.8125,39.0625,53.125,43.75,9.375
W00004283,84,25,4,21,59,53,6,29.761904761904763,4.761904761904762,25,70.23809523809523,63.095238095238095,7.142857142857142
W00004284,177,56,12,44,121,104,17,31.63841807909605,6.779661016949152,24.858757062146893,68.36158192090396,58.75706214689266,9.6045197740113
W00004285,155,41,6,35,114,98,16,26.451612903225808,3.870967741935484,22.58064516129032,73.54838709677419,63.2258064516129,10.32258064516129
W00004286,192,60,18,42,132,117,15,31.25,9.375,21.875,68.75,60.9375,7.8125
W00004288,121,35,8,27,86,77,9,28.92561983471074,6.6115702479338845,22.31404958677686,71.07438016528926,63.63636363636363,7.43801652892562
W00004289,169,57,15,42,112,101,11,33.72781065088758,8.875739644970414,24.85207100591716,66.27218934911244,59.76331360946746,6.508875739644971
W00004290,189,58,12,46,131,107,24,30.687830687830687,6.349206349206349,24.33862433862434,69.31216931216932,56.613756613756614,12.698412698412698
W00004291,187,43,12,31,144,116,28,22.994652406417114,6.417112299465241,16.577540106951872,77.00534759358288,62.03208556149733,14.973262032085561
W00004292,143,40,12,28,103,91,12,27.972027972027973,8.391608391608392,19.58041958041958,72.02797202797203,63.63636363636363,8.391608391608392
W00004293,119,36,12,24,83,75,8,30.252100840336134,10.084033613445378,20.168067226890756,69.74789915966386,63.02521008403361,6.722689075630252
W00004294,175,50,13,37,125,109,16,28.57142857142857,7.428571428571429,21.142857142857142,71.42857142857143,62.28571428571429,9.142857142857142
W00004295,117,35,8,27,82,76,6,29.914529914529915,6.837606837606838,23.076923076923077,70.08547008547008,64.95726495726495,5.128205128205128
W00004296,80,26,8,18,54,47,7,32.5,10,22.5,67.5,58.75,8.75
W00004297,141,43,12,31,98,83,15,30.49645390070922,8.51063829787234,21.98581560283688,69.50354609929079,58.86524822695035,10.638297872340425
W00004298,103,30,5,25,73,68,5,29.126213592233007,4.854368932038835,24.271844660194176,70.87378640776699,66.01941747572816,4.854368932038835
W00004299,68,16,4,12,52,46,6,23.52941176470588,5.88235294117647,17.647058823529413,76.47058823529412,67.64705882352942,8.823529411764707
W00004300,316,95,29,66,221,196,25,30.063291139240505,9.177215189873419,20.88607594936709,69.9367088607595,62.0253164556962,7.9113924050632916
W00004301,154,42,10,32,112,97,15,27.27272727272727,6.493506493506493,20.77922077922078,72.72727272727273,62.98701298701299,9.740259740259742
W00004302,129,38,10,28,91,57,34,29.457364341085274,7.751937984496124,21.705426356589147,70.54263565891473,44.18604651162791,26.356589147286826
W00004303,167,44,13,31,123,100,23,26.34730538922156,7.784431137724551,18.562874251497004,73.65269461077844,59.88023952095808,13.77245508982036
W00004304,73,20,7,13,53,47,6,27.397260273972602,9.58904109589041,17.80821917808219,72.6027397260274,64.38356164383562,8.21917808219178
W00004305,158,50,11,39,108,95,13,31.645569620253166,6.962025316455696,24.68354430379747,68.35443037974683,60.12658227848101,8.227848101265822
W00004306,151,51,18,33,100,81,19,33.77483443708609,11.920529801324504,21.85430463576159,66.22516556291392,53.64238410596026,12.582781456953644
W00004307,149,48,25,23,101,80,21,32.21476510067114,16.778523489932887,15.436241610738255,67.78523489932886,53.691275167785236,14.093959731543624
W00004308,132,35,9,26,97,75,22,26.515151515151516,6.8181818181818175,19.696969696969695,73.48484848484848,56.81818181818182,16.666666666666664
W00004309,113,37,19,18,76,71,5,32.743362831858406,16.8141592920354,15.929203539823009,67.2566371681416,62.83185840707964,4.424778761061947
W00004310,117,47,14,33,70,57,13,40.17094017094017,11.965811965811966,28.205128205128204,59.82905982905983,48.717948717948715,11.11111111111111
W00004311,73,29,14,15,44,30,14,39.726027397260275,19.17808219178082,20.54794520547945,60.273972602739725,41.0958904109589,19.17808219178082
W00004312,83,19,5,14,64,45,19,22.89156626506024,6.024096385542169,16.867469879518072,77.10843373493977,54.21686746987952,22.89156626506024
W00004313,138,55,17,38,83,69,14,39.85507246376812,12.318840579710146,27.536231884057973,60.14492753623188,50,10.144927536231885
W00004314,111,38,14,24,73,54,19,34.234234234234236,12.612612612612612,21.62162162162162,65.76576576576578,48.64864864864865,17.117117117117118
W00004315,140,48,15,33,92,81,11,34.285714285714285,10.714285714285714,23.57142857142857,65.71428571428571,57.85714285714286,7.857142857142857
W00004316,120,38,9,29,82,75,7,31.666666666666664,7.5,24.166666666666668,68.33333333333333,62.5,5.833333333333333
W00004317,181,67,20,47,114,105,9,37.01657458563536,11.049723756906078,25.96685082872928,62.98342541436463,58.011049723756905,4.972375690607735
W00004318,104,30,6,24,74,69,5,28.846153846153843,5.769230769230769,23.076923076923077,71.15384615384616,66.34615384615384,4.807692307692308
W00004320,134,45,14,31,89,75,14,33.582089552238806,10.44776119402985,23.134328358208954,66.4179104477612,55.970149253731336,10.44776119402985
W00004321,124,41,5,36,83,72,11,33.064516129032256,4.032258064516129,29.03225806451613,66.93548387096774,58.06451612903226,8.870967741935484
W00004322,141,38,10,28,103,101,2,26.95035460992908,7.092198581560284,19.858156028368796,73.04964539007092,71.63120567375887,1.4184397163120568
W00004323,111,40,9,31,71,63,8,36.03603603603604,8.108108108108109,27.927927927927925,63.96396396396396,56.75675675675676,7.207207207207207
W00004324,162,43,9,34,119,111,8,26.543209876543212,5.555555555555555,20.98765432098765,73.4567901234568,68.51851851851852,4.938271604938271
W00004325,77,20,6,14,57,53,4,25.97402597402597,7.792207792207792,18.181818181818183,74.02597402597402,68.83116883116884,5.194805194805195
W00004326,114,45,13,32,69,63,6,39.473684210526315,11.403508771929824,28.07017543859649,60.526315789473685,55.26315789473685,5.263157894736842
W00004327,150,46,20,26,104,95,9,30.666666666666664,13.333333333333334,17.333333333333336,69.33333333333334,63.33333333333333,6
W00004328,171,47,9,38,124,116,8,27.485380116959064,5.263157894736842,22.22222222222222,72.51461988304094,67.83625730994152,4.678362573099415
W00004329,143,48,10,38,95,89,6,33.56643356643357,6.993006993006993,26.573426573426573,66.43356643356644,62.23776223776224,4.195804195804196
W00004330,123,46,11,35,77,69,8,37.39837398373984,8.94308943089431,28.455284552845526,62.601626016260155,56.09756097560976,6.504065040650407
W00004331,117,33,10,23,84,73,11,28.205128205128204,8.547008547008547,19.65811965811966,71.7948717948718,62.39316239316239,9.401709401709402
W00004332,134,42,9,33,92,67,25,31.343283582089555,6.7164179104477615,24.62686567164179,68.65671641791045,50,18.65671641791045
W00004333,80,26,6,20,54,42,12,32.5,7.5,25,67.5,52.5,15
W00004334,90,40,10,30,50,50,0,44.44444444444444,11.11111111111111,33.33333333333333,55.55555555555556,55.55555555555556,0
W00004335,101,26,10,16,75,67,8,25.742574257425744,9.900990099009901,15.841584158415841,74.25742574257426,66.33663366336634,7.920792079207921
W00004336,106,41,14,27,65,53,12,38.67924528301887,13.20754716981132,25.471698113207548,61.32075471698113,50,11.320754716981133
W00004337,137,33,5,28,104,94,10,24.087591240875913,3.64963503649635,20.437956204379564,75.91240875912408,68.61313868613139,7.2992700729927
W00004338,90,29,13,16,61,55,6,32.22222222222222,14.444444444444443,17.77777777777778,67.77777777777779,61.111111111111114,6.666666666666667
W00004339,93,26,6,20,67,57,10,27.956989247311824,6.451612903225806,21.50537634408602,72.04301075268818,61.29032258064516,10.75268817204301
W00004340,135,46,16,30,89,80,9,34.074074074074076,11.851851851851853,22.22222222222222,65.92592592592592,59.25925925925925,6.666666666666667
W00004341,158,41,14,27,117,104,13,25.949367088607595,8.860759493670885,17.088607594936708,74.0506329113924,65.82278481012658,8.227848101265822
W00004342,141,41,12,29,100,90,10,29.078014184397162,8.51063829787234,20.56737588652482,70.92198581560284,63.829787234042556,7.092198581560284
W00004343,132,41,12,29,91,84,7,31.060606060606062,9.090909090909092,21.96969696969697,68.93939393939394,63.63636363636363,5.303030303030303
W00004344,158,50,11,39,108,96,12,31.645569620253166,6.962025316455696,24.68354430379747,68.35443037974683,60.75949367088608,7.59493670886076
W00004345,101,29,5,24,72,62,10,28.71287128712871,4.9504950495049505,23.762376237623762,71.28712871287128,61.386138613861384,9.900990099009901
W00004346,158,43,5,38,115,108,7,27.21518987341772,3.1645569620253164,24.050632911392405,72.78481012658227,68.35443037974683,4.430379746835443
W00004347,134,32,9,23,102,92,10,23.88059701492537,6.7164179104477615,17.16417910447761,76.11940298507463,68.65671641791045,7.462686567164178
W00004348,117,42,11,31,75,69,6,35.8974358974359,9.401709401709402,26.495726495726498,64.1025641025641,58.97435897435898,5.128205128205128
W00004349,110,34,9,25,76,70,6,30.909090909090907,8.181818181818182,22.727272727272727,69.0909090909091,63.63636363636363,5.454545454545454
W00004350,127,32,9,23,95,91,4,25.196850393700785,7.086614173228346,18.11023622047244,74.80314960629921,71.65354330708661,3.149606299212598
W00004351,160,49,10,39,111,98,13,30.625000000000004,6.25,24.375,69.375,61.25000000000001,8.125
W00004352,110,35,9,26,75,67,8,31.818181818181817,8.181818181818182,23.636363636363637,68.18181818181817,60.909090909090914,7.2727272727272725
W00004353,111,34,10,24,77,69,8,30.630630630630627,9.00900900900901,21.62162162162162,69.36936936936937,62.16216216216216,7.207207207207207
W00004354,114,29,6,23,85,82,3,25.438596491228072,5.263157894736842,20.175438596491226,74.56140350877193,71.9298245614035,2.631578947368421
W00004355,133,44,8,36,89,74,15,33.08270676691729,6.015037593984962,27.06766917293233,66.9172932330827,55.639097744360896,11.278195488721805
W00004356,130,39,6,33,91,84,7,30,4.615384615384616,25.384615384615383,70,64.61538461538461,5.384615384615385
W00004357,134,40,10,30,94,83,11,29.850746268656714,7.462686567164178,22.388059701492537,70.1492537313433,61.940298507462686,8.208955223880597
W00004358,73,30,8,22,43,39,4,41.0958904109589,10.95890410958904,30.136986301369863,58.9041095890411,53.42465753424658,5.47945205479452
W00004359,85,30,10,20,55,49,6,35.294117647058826,11.76470588235294,23.52941176470588,64.70588235294117,57.647058823529406,7.0588235294117645
W00004360,100,24,4,20,76,67,9,24,4,20,76,67,9
W00004361,36,14,2,12,22,16,6,38.88888888888889,5.555555555555555,33.33333333333333,61.111111111111114,44.44444444444444,16.666666666666664
W00004362,129,40,13,27,89,82,7,31.007751937984494,10.077519379844961,20.930232558139537,68.9922480620155,63.565891472868216,5.426356589147287
W00004363,148,37,7,30,111,88,23,25,4.72972972972973,20.27027027027027,75,59.45945945945946,15.54054054054054
W00004364,133,37,8,29,96,89,7,27.819548872180448,6.015037593984962,21.804511278195488,72.18045112781954,66.9172932330827,5.263157894736842
W00004365,144,47,18,29,97,87,10,32.63888888888889,12.5,20.13888888888889,67.36111111111111,60.416666666666664,6.944444444444445
W00004366,156,50,9,41,106,96,10,32.05128205128205,5.769230769230769,26.282051282051285,67.94871794871796,61.53846153846154,6.41025641025641
W00004367,158,41,15,26,117,108,9,25.949367088607595,9.49367088607595,16.455696202531644,74.0506329113924,68.35443037974683,5.69620253164557
W00004368,138,46,13,33,92,86,6,33.33333333333333,9.420289855072465,23.91304347826087,66.66666666666666,62.31884057971014,4.3478260869565215
W00004369,123,37,14,23,86,76,10,30.081300813008134,11.38211382113821,18.69918699186992,69.91869918699187,61.78861788617886,8.130081300813007
W00004370,141,51,19,32,90,80,10,36.17021276595745,13.47517730496454,22.69503546099291,63.829787234042556,56.73758865248227,7.092198581560284
W00004371,88,24,5,19,64,59,5,27.27272727272727,5.681818181818182,21.59090909090909,72.72727272727273,67.04545454545455,5.681818181818182
W00004372,186,52,6,46,134,117,17,27.956989247311824,3.225806451612903,24.731182795698924,72.04301075268818,62.903225806451616,9.13978494623656
W00004373,112,34,9,25,78,69,9,30.357142857142854,8.035714285714286,22.321428571428573,69.64285714285714,61.60714285714286,8.035714285714286
W00004374,117,25,6,19,92,81,11,21.367521367521366,5.128205128205128,16.23931623931624,78.63247863247864,69.23076923076923,9.401709401709402
W00004375,83,29,7,22,54,54,0,34.93975903614458,8.433734939759036,26.506024096385545,65.06024096385542,65.06024096385542,0
W00004376,62,24,6,18,38,34,4,38.70967741935484,9.67741935483871,29.03225806451613,61.29032258064516,54.83870967741935,6.451612903225806
W00004377,74,24,7,17,50,47,3,32.432432432432435,9.45945945945946,22.972972972972975,67.56756756756756,63.51351351351351,4.054054054054054
W00004378,88,25,9,16,63,55,8,28.40909090909091,10.227272727272728,18.181818181818183,71.5909090909091,62.5,9.090909090909092
W00004379,133,49,11,38,84,77,7,36.84210526315789,8.270676691729323,28.57142857142857,63.1578947368421,57.89473684210527,5.263157894736842
W00004380,107,29,0,29,78,71,7,27.102803738317753,0,27.102803738317753,72.89719626168224,66.35514018691589,6.5420560747663545
W00004381,180,42,10,32,138,117,21,23.333333333333332,5.555555555555555,17.77777777777778,76.66666666666667,65,11.666666666666666
W00004382,126,48,10,38,78,72,6,38.095238095238095,7.936507936507936,30.158730158730158,61.904761904761905,57.14285714285714,4.761904761904762
W00004383,63,24,8,16,39,35,4,38.095238095238095,12.698412698412698,25.396825396825395,61.904761904761905,55.55555555555556,6.349206349206349
W00004384,114,45,10,35,69,59,10,39.473684210526315,8.771929824561402,30.701754385964914,60.526315789473685,51.75438596491229,8.771929824561402
W00004385,82,28,7,21,54,48,6,34.146341463414636,8.536585365853659,25.609756097560975,65.85365853658537,58.536585365853654,7.317073170731707
W00004386,107,42,10,32,65,60,5,39.25233644859813,9.345794392523365,29.906542056074763,60.747663551401864,56.074766355140184,4.672897196261682
W00004387,108,29,5,24,79,68,11,26.851851851851855,4.62962962962963,22.22222222222222,73.14814814814815,62.96296296296296,10.185185185185185
W00004388,129,50,14,36,79,67,12,38.759689922480625,10.852713178294573,27.906976744186046,61.240310077519375,51.93798449612403,9.30232558139535
W00004389,124,47,10,37,77,69,8,37.903225806451616,8.064516129032258,29.838709677419356,62.096774193548384,55.64516129032258,6.451612903225806
W00004390,152,35,7,28,117,104,13,23.026315789473685,4.605263157894736,18.421052631578945,76.97368421052632,68.42105263157895,8.552631578947368
W00004391,81,32,10,22,49,44,5,39.50617283950617,12.345679012345679,27.160493827160494,60.49382716049383,54.32098765432099,6.172839506172839
W00004392,125,37,9,28,88,83,5,29.599999999999998,7.199999999999999,22.400000000000002,70.39999999999999,66.4,4
W00004393,144,39,9,30,105,93,12,27.083333333333332,6.25,20.833333333333336,72.91666666666666,64.58333333333334,8.333333333333332
W00004394,150,47,10,37,103,94,9,31.333333333333336,6.666666666666667,24.666666666666668,68.66666666666667,62.66666666666667,6
W00004395,132,37,8,29,95,83,12,28.030303030303028,6.0606060606060606,21.96969696969697,71.96969696969697,62.878787878787875,9.090909090909092
W00004396,134,49,12,37,85,74,11,36.56716417910448,8.955223880597014,27.611940298507463,63.43283582089553,55.223880597014926,8.208955223880597
W00004397,142,42,8,34,100,92,8,29.577464788732392,5.633802816901409,23.943661971830984,70.4225352112676,64.7887323943662,5.633802816901409
W00004398,104,33,9,24,71,63,8,31.73076923076923,8.653846153846153,23.076923076923077,68.26923076923077,60.57692307692307,7.6923076923076925
W00004399,131,37,11,26,94,80,14,28.24427480916031,8.396946564885496,19.84732824427481,71.7557251908397,61.06870229007634,10.687022900763358
W00004400,114,35,10,25,79,69,10,30.701754385964914,8.771929824561402,21.929824561403507,69.2982456140351,60.526315789473685,8.771929824561402
W00004401,114,43,12,31,71,67,4,37.719298245614034,10.526315789473683,27.192982456140353,62.28070175438597,58.77192982456141,3.508771929824561
W00004402,134,49,21,28,85,70,15,36.56716417910448,15.671641791044777,20.8955223880597,63.43283582089553,52.23880597014925,11.194029850746269
W00004403,117,42,15,27,75,60,15,35.8974358974359,12.82051282051282,23.076923076923077,64.1025641025641,51.28205128205128,12.82051282051282
W00004404,90,32,13,19,58,46,12,35.55555555555556,14.444444444444443,21.11111111111111,64.44444444444444,51.11111111111111,13.333333333333334
W00004405,169,60,27,33,109,84,25,35.50295857988166,15.976331360946746,19.526627218934912,64.49704142011834,49.70414201183432,14.792899408284024
W00004406,138,50,17,33,88,76,12,36.231884057971016,12.318840579710146,23.91304347826087,63.76811594202898,55.072463768115945,8.695652173913043
W00004407,104,28,6,22,76,57,19,26.923076923076923,5.769230769230769,21.153846153846153,73.07692307692307,54.807692307692314,18.269230769230766
W00004408,189,63,23,40,126,108,18,33.33333333333333,12.16931216931217,21.164021164021165,66.66666666666666,57.14285714285714,9.523809523809524
W00004409,129,42,17,25,87,74,13,32.55813953488372,13.178294573643413,19.379844961240313,67.44186046511628,57.36434108527132,10.077519379844961
W00004410,79,23,14,9,56,36,20,29.11392405063291,17.72151898734177,11.39240506329114,70.88607594936708,45.56962025316456,25.31645569620253
W00004411,127,40,13,27,87,70,17,31.496062992125985,10.236220472440944,21.25984251968504,68.50393700787401,55.118110236220474,13.385826771653544
W00004412,83,26,12,14,57,45,12,31.32530120481928,14.457831325301203,16.867469879518072,68.67469879518072,54.21686746987952,14.457831325301203
W00004413,119,38,8,30,81,72,9,31.932773109243694,6.722689075630252,25.210084033613445,68.0672268907563,60.50420168067227,7.563025210084033
W00004414,120,47,21,26,73,59,14,39.166666666666664,17.5,21.666666666666668,60.83333333333333,49.166666666666664,11.666666666666666
W00004415,87,29,10,19,58,46,12,33.33333333333333,11.494252873563218,21.839080459770116,66.66666666666666,52.87356321839081,13.793103448275861
W00004416,95,35,7,28,60,54,6,36.84210526315789,7.368421052631578,29.47368421052631,63.1578947368421,56.84210526315789,6.315789473684211
W00004417,85,31,13,18,54,44,10,36.470588235294116,15.294117647058824,21.176470588235293,63.52941176470588,51.76470588235295,11.76470588235294
W00004418,94,29,18,11,65,53,12,30.851063829787233,19.148936170212767,11.702127659574469,69.14893617021278,56.38297872340425,12.76595744680851
W00004419,95,30,12,18,65,56,9,31.57894736842105,12.631578947368421,18.947368421052634,68.42105263157895,58.94736842105262,9.473684210526317
W00004420,117,41,17,24,76,61,15,35.04273504273504,14.529914529914532,20.51282051282051,64.95726495726495,52.13675213675214,12.82051282051282
W00004421,118,40,16,24,78,61,17,33.89830508474576,13.559322033898304,20.33898305084746,66.10169491525424,51.69491525423729,14.40677966101695
W00004422,119,35,17,18,84,66,18,29.411764705882355,14.285714285714285,15.126050420168067,70.58823529411765,55.46218487394958,15.126050420168067
W00004423,94,30,16,14,64,47,17,31.914893617021278,17.02127659574468,14.893617021276595,68.08510638297872,50,18.085106382978726
W00004424,90,34,10,24,56,47,9,37.77777777777778,11.11111111111111,26.666666666666668,62.22222222222222,52.22222222222223,10
W00004425,123,37,12,25,86,68,18,30.081300813008134,9.75609756097561,20.32520325203252,69.91869918699187,55.28455284552846,14.634146341463413
W00004426,55,17,6,11,38,32,6,30.909090909090907,10.909090909090908,20,69.0909090909091,58.18181818181818,10.909090909090908
W00004427,118,37,15,22,81,67,14,31.35593220338983,12.711864406779661,18.64406779661017,68.64406779661016,56.779661016949156,11.864406779661017
W00004428,105,37,9,28,68,61,7,35.23809523809524,8.571428571428571,26.666666666666668,64.76190476190476,58.0952380952381,6.666666666666667
W00004429,132,30,10,20,102,86,16,22.727272727272727,7.575757575757576,15.151515151515152,77.27272727272727,65.15151515151516,12.121212121212121
W00004430,156,48,17,31,108,90,18,30.76923076923077,10.897435897435898,19.871794871794872,69.23076923076923,57.692307692307686,11.538461538461538
W00004431,177,50,22,28,127,97,30,28.24858757062147,12.429378531073446,15.819209039548024,71.75141242937853,54.80225988700565,16.94915254237288
W00004432,151,41,10,31,110,91,19,27.1523178807947,6.622516556291391,20.52980132450331,72.84768211920529,60.264900662251655,12.582781456953644
W00004433,123,40,12,28,83,75,8,32.52032520325203,9.75609756097561,22.76422764227642,67.47967479674797,60.97560975609756,6.504065040650407
W00004434,108,43,11,32,65,53,12,39.81481481481482,10.185185185185185,29.629629629629626,60.18518518518518,49.074074074074076,11.11111111111111
W00004435,108,31,10,21,77,70,7,28.703703703703702,9.25925925925926,19.444444444444446,71.29629629629629,64.81481481481481,6.481481481481481
W00004436,134,33,10,23,101,84,17,24.62686567164179,7.462686567164178,17.16417910447761,75.3731343283582,62.68656716417911,12.686567164179104
W00004437,101,28,10,18,73,63,10,27.722772277227726,9.900990099009901,17.82178217821782,72.27722772277228,62.37623762376238,9.900990099009901
W00004438,147,43,11,32,104,86,18,29.25170068027211,7.482993197278912,21.768707482993197,70.74829931972789,58.50340136054422,12.244897959183673
W00004439,99,28,9,19,71,60,11,28.28282828282828,9.090909090909092,19.19191919191919,71.71717171717171,60.60606060606061,11.11111111111111
W00004440,102,28,5,23,74,61,13,27.450980392156865,4.901960784313726,22.54901960784314,72.54901960784314,59.80392156862745,12.745098039215685
W00004441,118,59,12,47,59,50,9,50,10.16949152542373,39.83050847457627,50,42.3728813559322,7.627118644067797
W00004442,192,56,17,39,136,124,12,29.166666666666668,8.854166666666668,20.3125,70.83333333333334,64.58333333333334,6.25
W00004443,100,36,17,19,64,57,7,36,17,19,64,56.99999999999999,7.000000000000001
W00004444,111,46,16,30,65,56,9,41.44144144144144,14.414414414414415,27.027027027027028,58.55855855855856,50.45045045045045,8.108108108108109
W00004445,121,37,6,31,84,77,7,30.57851239669421,4.958677685950414,25.6198347107438,69.42148760330579,63.63636363636363,5.785123966942149
W00004446,108,48,12,36,60,48,12,44.44444444444444,11.11111111111111,33.33333333333333,55.55555555555556,44.44444444444444,11.11111111111111
W00004448,51,28,7,21,23,20,3,54.90196078431373,13.725490196078432,41.17647058823529,45.09803921568628,39.21568627450981,5.88235294117647
W00004449,135,55,23,32,80,64,16,40.74074074074074,17.037037037037038,23.703703703703706,59.25925925925925,47.40740740740741,11.851851851851853
W00004450,89,36,9,27,53,49,4,40.44943820224719,10.112359550561797,30.337078651685395,59.55056179775281,55.0561797752809,4.49438202247191
W00004451,83,30,5,25,53,48,5,36.144578313253014,6.024096385542169,30.120481927710845,63.85542168674698,57.831325301204814,6.024096385542169
W00004452,87,36,7,29,51,45,6,41.37931034482759,8.045977011494253,33.33333333333333,58.620689655172406,51.724137931034484,6.896551724137931
W00004453,134,45,11,34,89,84,5,33.582089552238806,8.208955223880597,25.37313432835821,66.4179104477612,62.68656716417911,3.731343283582089
W00004454,99,37,7,30,62,62,0,37.37373737373738,7.07070707070707,30.303030303030305,62.62626262626263,62.62626262626263,0
W00004455,141,46,18,28,95,80,15,32.62411347517731,12.76595744680851,19.858156028368796,67.37588652482269,56.73758865248227,10.638297872340425
W00004456,131,35,7,28,96,86,10,26.717557251908396,5.343511450381679,21.374045801526716,73.2824427480916,65.64885496183206,7.633587786259542
W00004457,99,45,8,37,54,45,9,45.45454545454545,8.080808080808081,37.37373737373738,54.54545454545454,45.45454545454545,9.090909090909092
W00004458,118,44,15,29,74,64,10,37.28813559322034,12.711864406779661,24.576271186440678,62.71186440677966,54.23728813559322,8.47457627118644
W00004459,69,20,6,14,49,43,6,28.985507246376812,8.695652173913043,20.28985507246377,71.01449275362319,62.31884057971014,8.695652173913043
W00004460,118,44,13,31,74,71,3,37.28813559322034,11.016949152542372,26.27118644067797,62.71186440677966,60.16949152542372,2.5423728813559325
W00004461,87,39,8,31,48,40,8,44.827586206896555,9.195402298850574,35.63218390804598,55.172413793103445,45.97701149425287,9.195402298850574
W00004462,84,35,9,26,49,45,4,41.66666666666667,10.714285714285714,30.952380952380953,58.333333333333336,53.57142857142857,4.761904761904762
W00004463,166,54,12,42,112,101,11,32.53012048192771,7.228915662650602,25.301204819277107,67.46987951807229,60.8433734939759,6.626506024096386
W00004464,80,31,11,20,49,46,3,38.75,13.750000000000002,25,61.25000000000001,57.49999999999999,3.75
W00004465,84,21,6,15,63,54,9,25,7.142857142857142,17.857142857142858,75,64.28571428571429,10.714285714285714
W00004466,75,36,14,22,39,34,5,48,18.666666666666668,29.333333333333332,52,45.33333333333333,6.666666666666667
W00004467,93,33,6,27,60,58,2,35.483870967741936,6.451612903225806,29.03225806451613,64.51612903225806,62.365591397849464,2.1505376344086025
W00004468,84,30,11,19,54,50,4,35.714285714285715,13.095238095238097,22.61904761904762,64.28571428571429,59.523809523809526,4.761904761904762
W00004469,105,60,20,40,45,38,7,57.14285714285714,19.047619047619047,38.095238095238095,42.857142857142854,36.19047619047619,6.666666666666667
W00004470,89,32,8,24,57,47,10,35.95505617977528,8.98876404494382,26.96629213483146,64.04494382022472,52.80898876404494,11.235955056179774
W00004471,110,39,9,30,71,58,13,35.45454545454545,8.181818181818182,27.27272727272727,64.54545454545455,52.72727272727272,11.818181818181818
W00004472,94,32,11,21,62,56,6,34.04255319148936,11.702127659574469,22.340425531914892,65.95744680851064,59.57446808510638,6.382978723404255
W00004473,95,40,6,34,55,47,8,42.10526315789473,6.315789473684211,35.78947368421053,57.89473684210527,49.473684210526315,8.421052631578947
W00004474,129,48,18,30,81,77,4,37.2093023255814,13.953488372093023,23.25581395348837,62.7906976744186,59.68992248062015,3.10077519379845
W00004475,124,44,14,30,80,73,7,35.483870967741936,11.29032258064516,24.193548387096776,64.51612903225806,58.87096774193549,5.64516129032258
W00004476,62,27,5,22,35,30,5,43.54838709677419,8.064516129032258,35.483870967741936,56.451612903225815,48.38709677419355,8.064516129032258
W00004477,105,30,8,22,75,61,14,28.57142857142857,7.6190476190476195,20.952380952380953,71.42857142857143,58.0952380952381,13.333333333333334
W00004478,105,28,10,18,77,70,7,26.666666666666668,9.523809523809524,17.142857142857142,73.33333333333333,66.66666666666666,6.666666666666667
W00004479,138,34,12,22,104,97,7,24.637681159420293,8.695652173913043,15.942028985507244,75.36231884057972,70.28985507246377,5.072463768115942
W00004482,117,42,18,24,75,69,6,35.8974358974359,15.384615384615385,20.51282051282051,64.1025641025641,58.97435897435898,5.128205128205128
W00004483,117,42,8,34,75,65,10,35.8974358974359,6.837606837606838,29.059829059829063,64.1025641025641,55.55555555555556,8.547008547008547
W00004484,154,40,9,31,114,94,20,25.97402597402597,5.844155844155844,20.12987012987013,74.02597402597402,61.038961038961034,12.987012987012985
W00004485,159,40,11,29,119,108,11,25.157232704402517,6.918238993710692,18.238993710691823,74.84276729559748,67.9245283018868,6.918238993710692
W00004486,166,60,20,40,106,89,17,36.144578313253014,12.048192771084338,24.096385542168676,63.85542168674698,53.6144578313253,10.240963855421686
W00004487,118,43,21,22,75,68,7,36.440677966101696,17.796610169491526,18.64406779661017,63.559322033898304,57.6271186440678,5.932203389830509
W00004488,83,30,10,20,53,42,11,36.144578313253014,12.048192771084338,24.096385542168676,63.85542168674698,50.602409638554214,13.253012048192772
W00004489,108,37,15,22,71,54,17,34.25925925925926,13.88888888888889,20.37037037037037,65.74074074074075,50,15.74074074074074
W00004490,105,36,10,26,69,53,16,34.285714285714285,9.523809523809524,24.761904761904763,65.71428571428571,50.476190476190474,15.238095238095239
W00004491,89,25,7,18,64,54,10,28.08988764044944,7.865168539325842,20.224719101123593,71.91011235955057,60.67415730337079,11.235955056179774
W00004492,83,24,8,16,59,45,14,28.915662650602407,9.63855421686747,19.27710843373494,71.08433734939759,54.21686746987952,16.867469879518072
W00004493,140,37,10,27,103,88,15,26.42857142857143,7.142857142857142,19.28571428571429,73.57142857142858,62.857142857142854,10.714285714285714
W00004494,160,53,17,36,107,95,12,33.125,10.625,22.5,66.875,59.375,7.5
W00004495,134,47,18,29,87,78,9,35.07462686567165,13.432835820895523,21.641791044776117,64.92537313432835,58.2089552238806,6.7164179104477615
W00004496,204,58,24,34,146,122,24,28.431372549019606,11.76470588235294,16.666666666666664,71.56862745098039,59.80392156862745,11.76470588235294
W00004497,160,45,7,38,115,101,14,28.125,4.375,23.75,71.875,63.125,8.75
W00004498,213,76,20,56,137,118,19,35.68075117370892,9.389671361502346,26.291079812206576,64.31924882629107,55.39906103286385,8.92018779342723
W00004499,93,19,2,17,74,61,13,20.43010752688172,2.1505376344086025,18.27956989247312,79.56989247311827,65.59139784946237,13.978494623655912
W00004500,142,48,10,38,94,86,8,33.80281690140845,7.042253521126761,26.76056338028169,66.19718309859155,60.56338028169014,5.633802816901409
W00004501,128,24,6,18,104,89,15,18.75,4.6875,14.0625,81.25,69.53125,11.71875
W00004502,153,45,8,37,108,92,16,29.411764705882355,5.228758169934641,24.183006535947712,70.58823529411765,60.130718954248366,10.457516339869281
W00004503,93,41,17,24,52,44,8,44.086021505376344,18.27956989247312,25.806451612903224,55.91397849462365,47.31182795698925,8.60215053763441
W00004504,162,41,15,26,121,102,19,25.308641975308642,9.25925925925926,16.049382716049383,74.69135802469135,62.96296296296296,11.728395061728394
W00004505,101,35,14,21,66,61,5,34.65346534653465,13.861386138613863,20.792079207920793,65.34653465346535,60.396039603960396,4.9504950495049505
W00004506,133,47,15,32,86,75,11,35.338345864661655,11.278195488721805,24.06015037593985,64.66165413533834,56.390977443609025,8.270676691729323
W00004507,225,61,11,50,164,137,27,27.111111111111114,4.888888888888889,22.22222222222222,72.88888888888889,60.88888888888889,12
W00004508,102,31,8,23,71,65,6,30.392156862745097,7.8431372549019605,22.54901960784314,69.6078431372549,63.725490196078425,5.88235294117647
W00004509,138,47,19,28,91,77,14,34.05797101449276,13.768115942028986,20.28985507246377,65.94202898550725,55.79710144927537,10.144927536231885
W00004510,200,62,21,41,138,120,18,31,10.5,20.5,69,60,9
W00004511,220,79,23,56,141,124,17,35.90909090909091,10.454545454545453,25.454545454545453,64.0909090909091,56.36363636363636,7.727272727272727
W00004512,151,49,14,35,102,91,11,32.450331125827816,9.271523178807946,23.178807947019866,67.54966887417218,60.264900662251655,7.28476821192053
W00004514,172,40,11,29,132,121,11,23.25581395348837,6.395348837209303,16.86046511627907,76.74418604651163,70.34883720930233,6.395348837209303
W00004515,103,37,9,28,66,58,8,35.92233009708738,8.737864077669903,27.184466019417474,64.07766990291263,56.310679611650485,7.766990291262135
W00004516,97,33,9,24,64,57,7,34.02061855670103,9.278350515463918,24.742268041237114,65.97938144329896,58.76288659793815,7.216494845360824
W00004517,111,30,9,21,81,78,3,27.027027027027028,8.108108108108109,18.91891891891892,72.97297297297297,70.27027027027027,2.7027027027027026
W00004518,113,34,10,24,79,69,10,30.08849557522124,8.849557522123893,21.238938053097346,69.91150442477876,61.06194690265486,8.849557522123893
W00004520,138,39,12,27,99,85,14,28.26086956521739,8.695652173913043,19.565217391304348,71.73913043478261,61.59420289855072,10.144927536231885
W00004521,138,46,14,32,92,83,9,33.33333333333333,10.144927536231885,23.18840579710145,66.66666666666666,60.14492753623188,6.521739130434782
W00004522,191,57,13,44,134,120,14,29.84293193717277,6.806282722513089,23.036649214659686,70.15706806282722,62.82722513089005,7.329842931937172
W00004523,130,43,12,31,87,76,11,33.07692307692307,9.230769230769232,23.846153846153847,66.92307692307692,58.46153846153847,8.461538461538462
W00004524,135,49,16,33,86,74,12,36.2962962962963,11.851851851851853,24.444444444444443,63.70370370370371,54.81481481481482,8.88888888888889
W00004525,155,48,18,30,107,99,8,30.967741935483872,11.612903225806452,19.35483870967742,69.03225806451613,63.87096774193548,5.161290322580645
W00004526,98,34,12,22,64,55,9,34.69387755102041,12.244897959183673,22.448979591836736,65.3061224489796,56.12244897959183,9.183673469387756
W00004527,211,59,14,45,152,128,24,27.96208530805687,6.6350710900473935,21.32701421800948,72.03791469194313,60.66350710900474,11.374407582938389
W00004528,127,36,9,27,91,83,8,28.346456692913385,7.086614173228346,21.25984251968504,71.65354330708661,65.35433070866141,6.299212598425196
W00004529,132,42,9,33,90,80,10,31.818181818181817,6.8181818181818175,25,68.18181818181817,60.60606060606061,7.575757575757576
W00004530,124,37,11,26,87,69,18,29.838709677419356,8.870967741935484,20.967741935483872,70.16129032258065,55.64516129032258,14.516129032258066
W00004531,89,30,5,25,59,53,6,33.70786516853933,5.617977528089887,28.08988764044944,66.29213483146067,59.55056179775281,6.741573033707865
W00004532,124,31,8,23,93,73,20,25,6.451612903225806,18.548387096774192,75,58.87096774193549,16.129032258064516
W00004533,114,54,13,41,60,57,3,47.368421052631575,11.403508771929824,35.96491228070175,52.63157894736842,50,2.631578947368421
W00004534,149,41,15,26,108,90,18,27.516778523489933,10.06711409395973,17.449664429530202,72.48322147651007,60.40268456375839,12.080536912751679
W00004535,132,48,17,31,84,73,11,36.36363636363637,12.878787878787879,23.484848484848484,63.63636363636363,55.3030303030303,8.333333333333332
W00004536,133,48,17,31,85,76,9,36.09022556390977,12.781954887218044,23.308270676691727,63.90977443609023,57.14285714285714,6.7669172932330826
W00004537,176,46,17,29,130,113,17,26.136363636363637,9.659090909090908,16.477272727272727,73.86363636363636,64.20454545454545,9.659090909090908
W00004538,152,42,16,26,110,93,17,27.631578947368425,10.526315789473683,17.105263157894736,72.36842105263158,61.18421052631579,11.18421052631579
W00004539,98,45,13,32,53,50,3,45.91836734693878,13.26530612244898,32.6530612244898,54.08163265306123,51.02040816326531,3.061224489795918
W00004540,106,40,10,30,66,62,4,37.735849056603776,9.433962264150944,28.30188679245283,62.264150943396224,58.490566037735846,3.7735849056603774
W00004541,128,46,17,29,82,78,4,35.9375,13.28125,22.65625,64.0625,60.9375,3.125
W00004542,120,43,10,33,77,70,7,35.833333333333336,8.333333333333332,27.500000000000004,64.16666666666667,58.333333333333336,5.833333333333333
W00004544,152,59,16,43,93,80,13,38.81578947368421,10.526315789473683,28.289473684210524,61.18421052631579,52.63157894736842,8.552631578947368
W00004545,155,46,11,35,109,99,10,29.677419354838708,7.096774193548387,22.58064516129032,70.3225806451613,63.87096774193548,6.451612903225806
W00004546,120,43,11,32,77,62,15,35.833333333333336,9.166666666666666,26.666666666666668,64.16666666666667,51.66666666666667,12.5
W00004547,132,43,13,30,89,82,7,32.57575757575758,9.848484848484848,22.727272727272727,67.42424242424242,62.121212121212125,5.303030303030303
W00004549,79,30,11,19,49,45,4,37.9746835443038,13.924050632911392,24.050632911392405,62.0253164556962,56.9620253164557,5.063291139240507
W00004550,114,49,19,30,65,57,8,42.98245614035088,16.666666666666664,26.31578947368421,57.01754385964912,50,7.017543859649122
W00004552,182,49,18,31,133,114,19,26.923076923076923,9.89010989010989,17.032967032967033,73.07692307692307,62.637362637362635,10.43956043956044
W00004553,156,53,15,38,103,94,9,33.97435897435898,9.615384615384617,24.358974358974358,66.02564102564102,60.256410256410255,5.769230769230769
W00004554,149,35,13,22,114,97,17,23.48993288590604,8.724832214765101,14.76510067114094,76.51006711409396,65.1006711409396,11.409395973154362
W00004555,142,59,15,44,83,70,13,41.54929577464789,10.56338028169014,30.985915492957744,58.45070422535211,49.29577464788733,9.15492957746479
W00004556,216,61,20,41,155,134,21,28.240740740740737,9.25925925925926,18.98148148148148,71.75925925925925,62.03703703703704,9.722222222222223
W00004557,148,44,13,31,104,97,7,29.72972972972973,8.783783783783784,20.945945945945947,70.27027027027027,65.54054054054053,4.72972972972973
W00004558,156,41,11,30,115,98,17,26.282051282051285,7.051282051282051,19.230769230769234,73.71794871794873,62.82051282051282,10.897435897435898
W00004559,100,38,9,29,62,52,10,38,9,28.999999999999996,62,52,10
W00004560,159,45,12,33,114,97,17,28.30188679245283,7.547169811320755,20.754716981132077,71.69811320754717,61.0062893081761,10.69182389937107
W00004561,61,22,4,18,39,33,6,36.0655737704918,6.557377049180328,29.508196721311474,63.934426229508205,54.09836065573771,9.836065573770492
W00004562,80,20,6,14,60,52,8,25,7.5,17.5,75,65,10
W00004563,104,33,11,22,71,64,7,31.73076923076923,10.576923076923077,21.153846153846153,68.26923076923077,61.53846153846154,6.730769230769231
W00004564,64,25,6,19,39,34,5,39.0625,9.375,29.6875,60.9375,53.125,7.8125
W00004565,130,50,14,36,80,69,11,38.46153846153847,10.76923076923077,27.692307692307693,61.53846153846154,53.07692307692308,8.461538461538462
W00004566,140,43,15,28,97,80,17,30.714285714285715,10.714285714285714,20,69.28571428571428,57.14285714285714,12.142857142857142
W00004567,45,18,8,10,27,26,1,40,17.77777777777778,22.22222222222222,60,57.77777777777777,2.2222222222222223
W00004568,153,37,16,21,116,104,12,24.183006535947712,10.457516339869281,13.725490196078432,75.81699346405229,67.97385620915033,7.8431372549019605
W00004569,62,23,3,20,39,34,5,37.096774193548384,4.838709677419355,32.25806451612903,62.903225806451616,54.83870967741935,8.064516129032258
W00004570,90,33,13,20,57,49,8,36.666666666666664,14.444444444444443,22.22222222222222,63.33333333333333,54.44444444444444,8.88888888888889
W00004571,162,55,18,37,107,90,17,33.95061728395062,11.11111111111111,22.839506172839506,66.0493827160494,55.55555555555556,10.493827160493826
W00004572,162,46,17,29,116,110,6,28.39506172839506,10.493827160493826,17.901234567901234,71.60493827160494,67.90123456790124,3.7037037037037033
W00004573,19,2,2,0,17,15,2,10.526315789473683,10.526315789473683,0,89.47368421052632,78.94736842105263,10.526315789473683
W00004574,138,43,17,26,95,73,22,31.15942028985507,12.318840579710146,18.84057971014493,68.84057971014492,52.89855072463768,15.942028985507244
W00004575,83,25,7,18,58,52,6,30.120481927710845,8.433734939759036,21.686746987951807,69.87951807228916,62.65060240963856,7.228915662650602
W00004576,130,46,19,27,84,70,14,35.38461538461539,14.615384615384617,20.76923076923077,64.61538461538461,53.84615384615385,10.76923076923077
W00004577,79,28,11,17,51,42,9,35.44303797468354,13.924050632911392,21.518987341772153,64.55696202531645,53.16455696202531,11.39240506329114
W00004578,84,33,12,21,51,48,3,39.285714285714285,14.285714285714285,25,60.71428571428571,57.14285714285714,3.571428571428571
W00004579,91,32,11,21,59,50,9,35.16483516483517,12.087912087912088,23.076923076923077,64.83516483516483,54.94505494505495,9.89010989010989
W00004580,82,28,7,21,54,45,9,34.146341463414636,8.536585365853659,25.609756097560975,65.85365853658537,54.87804878048781,10.975609756097562
W00004581,100,31,7,24,69,60,9,31,7.000000000000001,24,69,60,9
W00004582,134,43,13,30,91,78,13,32.08955223880597,9.701492537313433,22.388059701492537,67.91044776119402,58.2089552238806,9.701492537313433
W00004583,120,30,6,24,90,81,9,25,5,20,75,67.5,7.5
W00004584,105,28,10,18,77,69,8,26.666666666666668,9.523809523809524,17.142857142857142,73.33333333333333,65.71428571428571,7.6190476190476195
W00004586,116,39,14,25,77,64,13,33.62068965517241,12.068965517241379,21.551724137931032,66.37931034482759,55.172413793103445,11.206896551724139
W00004587,153,46,22,24,107,80,27,30.065359477124183,14.37908496732026,15.686274509803921,69.93464052287581,52.28758169934641,17.647058823529413
W00004588,104,37,11,26,67,61,6,35.57692307692308,10.576923076923077,25,64.42307692307693,58.65384615384615,5.769230769230769
W00004589,117,40,14,26,77,68,9,34.18803418803419,11.965811965811966,22.22222222222222,65.8119658119658,58.119658119658126,7.6923076923076925
W00004590,246,65,20,45,181,163,18,26.422764227642276,8.130081300813007,18.29268292682927,73.57723577235772,66.26016260162602,7.317073170731707
W00004591,129,31,14,17,98,88,10,24.031007751937985,10.852713178294573,13.178294573643413,75.96899224806202,68.21705426356588,7.751937984496124
W00004592,101,34,15,19,67,61,6,33.663366336633665,14.85148514851485,18.81188118811881,66.33663366336634,60.396039603960396,5.9405940594059405
W00004593,109,44,19,25,65,58,7,40.36697247706422,17.431192660550458,22.93577981651376,59.63302752293578,53.21100917431193,6.422018348623854
W00004594,129,39,17,22,90,80,10,30.23255813953488,13.178294573643413,17.05426356589147,69.76744186046511,62.01550387596899,7.751937984496124
W00004595,128,34,12,22,94,85,9,26.5625,9.375,17.1875,73.4375,66.40625,7.03125
W00004596,168,45,17,28,123,103,20,26.785714285714285,10.119047619047619,16.666666666666664,73.21428571428571,61.30952380952381,11.904761904761903
W00004597,99,32,11,21,67,59,8,32.323232323232325,11.11111111111111,21.21212121212121,67.67676767676768,59.59595959595959,8.080808080808081
W00004598,168,53,16,37,115,108,7,31.547619047619047,9.523809523809524,22.023809523809522,68.45238095238095,64.28571428571429,4.166666666666666
W00004599,140,33,6,27,107,93,14,23.57142857142857,4.285714285714286,19.28571428571429,76.42857142857142,66.42857142857143,10
W00004600,101,42,10,32,59,57,2,41.584158415841586,9.900990099009901,31.683168316831683,58.415841584158414,56.43564356435643,1.9801980198019802
W00004601,93,40,10,30,53,46,7,43.01075268817204,10.75268817204301,32.25806451612903,56.98924731182796,49.46236559139785,7.526881720430108
W00004602,101,48,10,38,53,49,4,47.524752475247524,9.900990099009901,37.62376237623762,52.475247524752476,48.51485148514851,3.9603960396039604
W00004603,111,37,7,30,74,70,4,33.33333333333333,6.306306306306306,27.027027027027028,66.66666666666666,63.06306306306306,3.6036036036036037
W00004604,100,31,7,24,69,63,6,31,7.000000000000001,24,69,63,6
W00004605,83,27,6,21,56,54,2,32.53012048192771,7.228915662650602,25.301204819277107,67.46987951807229,65.06024096385542,2.4096385542168677
W00004606,132,37,7,30,95,83,12,28.030303030303028,5.303030303030303,22.727272727272727,71.96969696969697,62.878787878787875,9.090909090909092
W00004607,122,45,11,34,77,71,6,36.885245901639344,9.01639344262295,27.86885245901639,63.114754098360656,58.19672131147541,4.918032786885246
W00004608,65,27,9,18,38,33,5,41.53846153846154,13.846153846153847,27.692307692307693,58.46153846153847,50.76923076923077,7.6923076923076925
W00004609,36,17,14,3,19,15,4,47.22222222222222,38.88888888888889,8.333333333333332,52.77777777777778,41.66666666666667,11.11111111111111
W00004610,113,45,12,33,68,60,8,39.823008849557525,10.619469026548673,29.20353982300885,60.17699115044248,53.09734513274337,7.079646017699115
W00004611,104,40,12,28,64,58,6,38.46153846153847,11.538461538461538,26.923076923076923,61.53846153846154,55.769230769230774,5.769230769230769
W00004612,72,31,6,25,41,36,5,43.05555555555556,8.333333333333332,34.72222222222222,56.94444444444444,50,6.944444444444445
W00004613,91,26,4,22,65,56,9,28.57142857142857,4.395604395604396,24.175824175824175,71.42857142857143,61.53846153846154,9.89010989010989
W00004614,94,31,10,21,63,63,0,32.97872340425532,10.638297872340425,22.340425531914892,67.02127659574468,67.02127659574468,0
W00004615,126,50,11,39,76,66,10,39.682539682539684,8.73015873015873,30.952380952380953,60.317460317460316,52.38095238095239,7.936507936507936
W00004616,95,28,6,22,67,60,7,29.47368421052631,6.315789473684211,23.157894736842106,70.52631578947368,63.1578947368421,7.368421052631578
W00004617,87,35,10,25,52,47,5,40.229885057471265,11.494252873563218,28.735632183908045,59.77011494252874,54.02298850574713,5.747126436781609
W00004618,77,29,9,20,48,43,5,37.66233766233766,11.688311688311687,25.97402597402597,62.33766233766234,55.84415584415584,6.493506493506493
W00004619,78,22,6,16,56,50,6,28.205128205128204,7.6923076923076925,20.51282051282051,71.7948717948718,64.1025641025641,7.6923076923076925
W00004620,108,43,8,35,65,56,9,39.81481481481482,7.4074074074074066,32.407407407407405,60.18518518518518,51.85185185185185,8.333333333333332
W00004621,84,27,5,22,57,52,5,32.142857142857146,5.952380952380952,26.190476190476193,67.85714285714286,61.904761904761905,5.952380952380952
W00004622,77,35,10,25,42,35,7,45.45454545454545,12.987012987012985,32.467532467532465,54.54545454545454,45.45454545454545,9.090909090909092
W00004623,147,56,9,47,91,81,10,38.095238095238095,6.122448979591836,31.97278911564626,61.904761904761905,55.10204081632652,6.802721088435375
W00004624,69,30,7,23,39,39,0,43.47826086956522,10.144927536231885,33.33333333333333,56.52173913043478,56.52173913043478,0
W00004625,92,33,4,29,59,54,5,35.869565217391305,4.3478260869565215,31.521739130434785,64.13043478260869,58.69565217391305,5.434782608695652
W00004626,91,50,14,36,41,34,7,54.94505494505495,15.384615384615385,39.56043956043956,45.05494505494506,37.362637362637365,7.6923076923076925
W00004627,103,46,18,28,57,46,11,44.66019417475729,17.475728155339805,27.184466019417474,55.33980582524271,44.66019417475729,10.679611650485436
W00004628,119,47,11,36,72,66,6,39.49579831932773,9.243697478991598,30.252100840336134,60.50420168067227,55.46218487394958,5.042016806722689
W00004629,112,47,11,36,65,60,5,41.964285714285715,9.821428571428571,32.142857142857146,58.03571428571429,53.57142857142857,4.464285714285714
W00004630,87,38,14,24,49,43,6,43.67816091954023,16.091954022988507,27.586206896551722,56.32183908045977,49.42528735632184,6.896551724137931
W00004631,114,32,11,21,82,69,13,28.07017543859649,9.649122807017543,18.421052631578945,71.9298245614035,60.526315789473685,11.403508771929824
W00004632,88,29,9,20,59,49,10,32.95454545454545,10.227272727272728,22.727272727272727,67.04545454545455,55.68181818181818,11.363636363636363
W00004633,124,58,30,28,66,53,13,46.774193548387096,24.193548387096776,22.58064516129032,53.2258064516129,42.74193548387097,10.483870967741936
W00004634,142,66,36,30,76,73,3,46.478873239436616,25.352112676056336,21.12676056338028,53.52112676056338,51.40845070422535,2.112676056338028
W00004635,106,30,10,20,76,54,22,28.30188679245283,9.433962264150944,18.867924528301888,71.69811320754717,50.943396226415096,20.754716981132077
W00004636,130,48,14,34,82,74,8,36.92307692307693,10.76923076923077,26.153846153846157,63.07692307692307,56.92307692307692,6.153846153846154
W00004637,146,53,26,27,93,84,9,36.3013698630137,17.80821917808219,18.493150684931507,63.6986301369863,57.534246575342465,6.164383561643835
W00004638,106,42,7,35,64,57,7,39.62264150943396,6.60377358490566,33.0188679245283,60.37735849056604,53.77358490566038,6.60377358490566
W00004639,151,39,15,24,112,102,10,25.82781456953642,9.933774834437086,15.894039735099339,74.17218543046357,67.54966887417218,6.622516556291391
W00004640,112,46,25,21,66,58,8,41.07142857142857,22.321428571428573,18.75,58.92857142857143,51.78571428571429,7.142857142857142
W00004641,92,37,16,21,55,47,8,40.21739130434783,17.391304347826086,22.82608695652174,59.78260869565217,51.08695652173913,8.695652173913043
W00004642,149,47,21,26,102,86,16,31.543624161073826,14.093959731543624,17.449664429530202,68.45637583892618,57.71812080536913,10.738255033557047
W00004643,150,62,36,26,88,73,15,41.333333333333336,24,17.333333333333336,58.666666666666664,48.66666666666667,10
W00004644,151,51,18,33,100,88,12,33.77483443708609,11.920529801324504,21.85430463576159,66.22516556291392,58.27814569536424,7.9470198675496695
W00004645,111,46,16,30,65,49,16,41.44144144144144,14.414414414414415,27.027027027027028,58.55855855855856,44.14414414414414,14.414414414414415
W00004646,123,67,40,27,56,51,5,54.47154471544715,32.52032520325203,21.951219512195124,45.52845528455284,41.46341463414634,4.0650406504065035
W00004647,118,32,13,19,86,67,19,27.11864406779661,11.016949152542372,16.101694915254235,72.88135593220339,56.779661016949156,16.101694915254235
W00004648,157,69,30,39,88,76,12,43.94904458598726,19.10828025477707,24.840764331210192,56.05095541401274,48.40764331210191,7.643312101910828
W00004649,124,49,18,31,75,65,10,39.516129032258064,14.516129032258066,25,60.483870967741936,52.41935483870967,8.064516129032258
W00004650,108,52,24,28,56,50,6,48.148148148148145,22.22222222222222,25.925925925925924,51.85185185185185,46.2962962962963,5.555555555555555
W00004651,95,39,21,18,56,53,3,41.05263157894737,22.105263157894736,18.947368421052634,58.94736842105262,55.78947368421052,3.1578947368421053
W00004652,127,56,25,31,71,59,12,44.09448818897638,19.68503937007874,24.409448818897637,55.90551181102362,46.45669291338583,9.448818897637794
W00004653,131,64,34,30,67,61,6,48.854961832061065,25.954198473282442,22.900763358778626,51.14503816793893,46.56488549618321,4.580152671755725
W00004654,110,49,24,25,61,47,14,44.54545454545455,21.818181818181817,22.727272727272727,55.45454545454545,42.72727272727273,12.727272727272727
W00004655,101,73,54,19,28,26,2,72.27722772277228,53.46534653465347,18.81188118811881,27.722772277227726,25.742574257425744,1.9801980198019802
W00004656,135,70,47,23,65,64,1,51.85185185185185,34.81481481481482,17.037037037037038,48.148148148148145,47.40740740740741,0.7407407407407408
W00004657,114,77,47,30,37,37,0,67.54385964912281,41.228070175438596,26.31578947368421,32.45614035087719,32.45614035087719,0
W00004658,122,69,41,28,53,48,5,56.557377049180324,33.60655737704918,22.950819672131146,43.44262295081967,39.34426229508197,4.098360655737705
W00004659,82,42,18,24,40,37,3,51.21951219512195,21.951219512195124,29.268292682926827,48.78048780487805,45.1219512195122,3.6585365853658534
W00004660,104,35,16,19,69,68,1,33.65384615384615,15.384615384615385,18.269230769230766,66.34615384615384,65.38461538461539,0.9615384615384616
W00004661,133,65,36,29,68,63,5,48.87218045112782,27.06766917293233,21.804511278195488,51.127819548872175,47.368421052631575,3.7593984962406015
W00004662,84,54,32,22,30,26,4,64.28571428571429,38.095238095238095,26.190476190476193,35.714285714285715,30.952380952380953,4.761904761904762
W00004663,96,57,28,29,39,36,3,59.375,29.166666666666668,30.208333333333332,40.625,37.5,3.125
W00004664,117,62,43,19,55,51,4,52.991452991452995,36.75213675213676,16.23931623931624,47.008547008547005,43.58974358974359,3.418803418803419
W00004665,145,52,11,41,93,86,7,35.86206896551724,7.586206896551724,28.27586206896552,64.13793103448275,59.310344827586206,4.827586206896552
W00004666,119,37,13,24,82,72,10,31.092436974789916,10.92436974789916,20.168067226890756,68.90756302521008,60.50420168067227,8.403361344537815
W00004667,129,33,8,25,96,86,10,25.581395348837212,6.2015503875969,19.379844961240313,74.4186046511628,66.66666666666666,7.751937984496124
W00004668,147,58,23,35,89,81,8,39.455782312925166,15.646258503401361,23.809523809523807,60.544217687074834,55.10204081632652,5.442176870748299
W00004669,143,42,9,33,101,87,14,29.37062937062937,6.293706293706294,23.076923076923077,70.62937062937063,60.83916083916085,9.79020979020979
W00004670,140,35,11,24,105,89,16,25,7.857142857142857,17.142857142857142,75,63.57142857142857,11.428571428571429
W00004671,93,32,13,19,61,54,7,34.40860215053764,13.978494623655912,20.43010752688172,65.59139784946237,58.06451612903226,7.526881720430108
W00004672,131,40,21,19,91,83,8,30.53435114503817,16.030534351145036,14.50381679389313,69.46564885496184,63.358778625954194,6.106870229007633
W00004673,152,43,8,35,109,96,13,28.289473684210524,5.263157894736842,23.026315789473685,71.71052631578947,63.1578947368421,8.552631578947368
W00004674,186,68,16,52,118,101,17,36.55913978494624,8.60215053763441,27.956989247311824,63.44086021505376,54.3010752688172,9.13978494623656
W00004675,154,47,13,34,107,95,12,30.519480519480517,8.441558441558442,22.07792207792208,69.48051948051948,61.68831168831169,7.792207792207792
W00004676,134,48,14,34,86,77,9,35.82089552238806,10.44776119402985,25.37313432835821,64.17910447761194,57.46268656716418,6.7164179104477615
W00004677,138,33,7,26,105,92,13,23.91304347826087,5.072463768115942,18.84057971014493,76.08695652173914,66.66666666666666,9.420289855072465
W00004678,131,39,8,31,92,81,11,29.770992366412212,6.106870229007633,23.66412213740458,70.22900763358778,61.832061068702295,8.396946564885496
W00004679,203,54,10,44,149,135,14,26.60098522167488,4.926108374384237,21.67487684729064,73.39901477832512,66.50246305418719,6.896551724137931
W00004680,129,49,16,33,80,72,8,37.98449612403101,12.4031007751938,25.581395348837212,62.01550387596899,55.81395348837209,6.2015503875969
W00004681,150,50,19,31,100,82,18,33.33333333333333,12.666666666666668,20.666666666666668,66.66666666666666,54.666666666666664,12
W00004682,99,42,11,31,57,53,4,42.42424242424242,11.11111111111111,31.313131313131315,57.57575757575758,53.535353535353536,4.040404040404041
W00004683,77,24,5,19,53,44,9,31.16883116883117,6.493506493506493,24.675324675324674,68.83116883116884,57.14285714285714,11.688311688311687
W00004684,112,42,12,30,70,61,9,37.5,10.714285714285714,26.785714285714285,62.5,54.46428571428571,8.035714285714286
W00004685,81,31,9,22,50,45,5,38.2716049382716,11.11111111111111,27.160493827160494,61.72839506172839,55.55555555555556,6.172839506172839
W00004686,122,32,9,23,90,67,23,26.229508196721312,7.377049180327869,18.852459016393443,73.77049180327869,54.91803278688525,18.852459016393443
W00004687,70,21,7,14,49,44,5,30,10,20,70,62.857142857142854,7.142857142857142
W00004688,82,29,8,21,53,48,5,35.36585365853659,9.75609756097561,25.609756097560975,64.63414634146342,58.536585365853654,6.097560975609756
W00004689,102,33,12,21,69,61,8,32.35294117647059,11.76470588235294,20.588235294117645,67.64705882352942,59.80392156862745,7.8431372549019605
W00004690,61,17,0,17,44,40,4,27.86885245901639,0,27.86885245901639,72.1311475409836,65.57377049180327,6.557377049180328
W00004691,118,44,13,31,74,62,12,37.28813559322034,11.016949152542372,26.27118644067797,62.71186440677966,52.54237288135594,10.16949152542373
W00004692,124,45,13,32,79,64,15,36.29032258064516,10.483870967741936,25.806451612903224,63.70967741935484,51.61290322580645,12.096774193548388
W00004693,156,55,24,31,101,75,26,35.256410256410255,15.384615384615385,19.871794871794872,64.74358974358975,48.07692307692308,16.666666666666664
W00004694,103,32,5,27,71,60,11,31.06796116504854,4.854368932038835,26.21359223300971,68.93203883495146,58.252427184466015,10.679611650485436
W00004695,97,28,12,16,69,65,4,28.865979381443296,12.371134020618557,16.49484536082474,71.1340206185567,67.0103092783505,4.123711340206185
W00004696,110,30,9,21,80,71,9,27.27272727272727,8.181818181818182,19.090909090909093,72.72727272727273,64.54545454545455,8.181818181818182
W00004697,69,26,10,16,43,32,11,37.68115942028986,14.492753623188406,23.18840579710145,62.31884057971014,46.3768115942029,15.942028985507244
W00004698,111,47,10,37,64,53,11,42.34234234234234,9.00900900900901,33.33333333333333,57.65765765765766,47.74774774774775,9.90990990990991
W00004699,114,34,11,23,80,71,9,29.82456140350877,9.649122807017543,20.175438596491226,70.17543859649122,62.28070175438597,7.894736842105263
W00004700,67,25,7,18,42,36,6,37.3134328358209,10.44776119402985,26.865671641791046,62.68656716417911,53.73134328358209,8.955223880597014
W00004701,69,23,8,15,46,38,8,33.33333333333333,11.594202898550725,21.73913043478261,66.66666666666666,55.072463768115945,11.594202898550725
W00004702,116,40,12,28,76,66,10,34.48275862068966,10.344827586206897,24.137931034482758,65.51724137931035,56.896551724137936,8.620689655172415
W00004703,74,30,14,16,44,38,6,40.54054054054054,18.91891891891892,21.62162162162162,59.45945945945946,51.35135135135135,8.108108108108109
W00004704,86,25,10,15,61,47,14,29.069767441860467,11.627906976744185,17.441860465116278,70.93023255813954,54.65116279069767,16.27906976744186
W00004705,108,36,18,18,72,58,14,33.33333333333333,16.666666666666664,16.666666666666664,66.66666666666666,53.70370370370371,12.962962962962962
W00010069,142,33,10,23,109,95,14,23.239436619718308,7.042253521126761,16.19718309859155,76.76056338028168,66.90140845070422,9.859154929577464
W00010070,78,27,10,17,51,37,14,34.61538461538461,12.82051282051282,21.794871794871796,65.38461538461539,47.43589743589743,17.94871794871795
W00010072,59,14,10,4,45,31,14,23.728813559322035,16.94915254237288,6.779661016949152,76.27118644067797,52.54237288135594,23.728813559322035
W00010073,109,86,69,17,23,19,4,78.89908256880734,63.30275229357798,15.59633027522936,21.100917431192663,17.431192660550458,3.669724770642202
W00010075,132,50,13,37,82,70,12,37.878787878787875,9.848484848484848,28.030303030303028,62.121212121212125,53.03030303030303,9.090909090909092
W00010076,91,31,6,25,60,53,7,34.065934065934066,6.593406593406594,27.472527472527474,65.93406593406593,58.24175824175825,7.6923076923076925
W00010078,231,66,13,53,165,147,18,28.57142857142857,5.627705627705628,22.943722943722943,71.42857142857143,63.63636363636363,7.792207792207792
W00010079,149,38,16,22,111,88,23,25.503355704697988,10.738255033557047,14.76510067114094,74.49664429530202,59.06040268456376,15.436241610738255
W00010081,164,49,12,37,115,109,6,29.878048780487802,7.317073170731707,22.5609756097561,70.1219512195122,66.46341463414635,3.6585365853658534
W00010082,77,20,8,12,57,49,8,25.97402597402597,10.38961038961039,15.584415584415584,74.02597402597402,63.63636363636363,10.38961038961039
W00010084,185,51,13,38,134,111,23,27.56756756756757,7.027027027027027,20.54054054054054,72.43243243243244,60,12.432432432432433
W00010085,92,32,6,26,60,47,13,34.78260869565217,6.521739130434782,28.26086956521739,65.21739130434783,51.08695652173913,14.130434782608695
W00010087,135,23,9,14,112,105,7,17.037037037037038,6.666666666666667,10.37037037037037,82.96296296296296,77.77777777777779,5.185185185185185
W00010090,121,37,21,16,84,75,9,30.57851239669421,17.355371900826448,13.223140495867769,69.42148760330579,61.98347107438017,7.43801652892562
W00010091,59,11,2,9,48,42,6,18.64406779661017,3.389830508474576,15.254237288135593,81.35593220338984,71.1864406779661,10.16949152542373
W00010093,111,34,21,13,77,64,13,30.630630630630627,18.91891891891892,11.711711711711711,69.36936936936937,57.65765765765766,11.711711711711711
W00010094,89,20,6,14,69,57,12,22.47191011235955,6.741573033707865,15.730337078651685,77.52808988764045,64.04494382022472,13.48314606741573
W00010096,52,18,7,11,34,31,3,34.61538461538461,13.461538461538462,21.153846153846153,65.38461538461539,59.61538461538461,5.769230769230769
W00010097,98,21,7,14,77,56,21,21.428571428571427,7.142857142857142,14.285714285714285,78.57142857142857,57.14285714285714,21.428571428571427
W00010233,159,34,10,24,125,110,15,21.38364779874214,6.289308176100629,15.09433962264151,78.61635220125787,69.18238993710692,9.433962264150944
W00010234,99,34,14,20,65,59,6,34.34343434343434,14.14141414141414,20.2020202020202,65.65656565656566,59.59595959595959,6.0606060606060606
W00010235,175,42,13,29,133,111,22,24,7.428571428571429,16.57142857142857,76,63.42857142857142,12.571428571428573
W00010236,118,31,10,21,87,68,19,26.27118644067797,8.47457627118644,17.796610169491526,73.72881355932203,57.6271186440678,16.101694915254235
W00010237,202,53,15,38,149,136,13,26.237623762376238,7.425742574257425,18.81188118811881,73.76237623762376,67.32673267326733,6.435643564356436
W00010238,191,46,11,35,145,129,16,24.083769633507853,5.7591623036649215,18.32460732984293,75.91623036649214,67.5392670157068,8.37696335078534
W00010239,46,7,1,6,39,32,7,15.217391304347828,2.1739130434782608,13.043478260869565,84.78260869565217,69.56521739130434,15.217391304347828
W00010240,102,28,11,17,74,65,9,27.450980392156865,10.784313725490197,16.666666666666664,72.54901960784314,63.725490196078425,8.823529411764707
W00010242,136,46,11,35,90,81,9,33.82352941176471,8.088235294117647,25.735294117647058,66.17647058823529,59.55882352941176,6.61764705882353
W00010243,128,30,6,24,98,85,13,23.4375,4.6875,18.75,76.5625,66.40625,10.15625
W00010244,96,37,11,26,59,50,9,38.54166666666667,11.458333333333332,27.083333333333332,61.458333333333336,52.083333333333336,9.375
W00010245,103,27,5,22,76,63,13,26.21359223300971,4.854368932038835,21.35922330097087,73.7864077669903,61.165048543689316,12.62135922330097
W00010246,131,20,6,14,111,94,17,15.267175572519085,4.580152671755725,10.687022900763358,84.7328244274809,71.7557251908397,12.977099236641221
W00010247,226,57,13,44,169,141,28,25.221238938053098,5.752212389380531,19.469026548672566,74.77876106194691,62.38938053097345,12.389380530973451
W00010248,240,55,12,43,185,155,30,22.916666666666664,5,17.916666666666668,77.08333333333334,64.58333333333334,12.5
W00010249,258,63,24,39,195,177,18,24.418604651162788,9.30232558139535,15.11627906976744,75.5813953488372,68.6046511627907,6.976744186046512
W00010250,230,53,15,38,177,161,16,23.043478260869566,6.521739130434782,16.52173913043478,76.95652173913044,70,6.956521739130435
W00010251,101,31,12,19,70,61,9,30.693069306930692,11.881188118811881,18.81188118811881,69.3069306930693,60.396039603960396,8.91089108910891
W00010252,96,17,7,10,79,61,18,17.708333333333336,7.291666666666667,10.416666666666668,82.29166666666666,63.541666666666664,18.75
W00010253,90,15,7,8,75,62,13,16.666666666666664,7.777777777777778,8.88888888888889,83.33333333333334,68.88888888888889,14.444444444444443
W00010254,54,17,7,10,37,33,4,31.48148148148148,12.962962962962962,18.51851851851852,68.51851851851852,61.111111111111114,7.4074074074074066
W00010255,74,27,11,16,47,41,6,36.486486486486484,14.864864864864865,21.62162162162162,63.51351351351351,55.4054054054054,8.108108108108109
W00010256,201,61,11,50,140,119,21,30.34825870646766,5.472636815920398,24.875621890547265,69.65174129353234,59.20398009950249,10.44776119402985
W00010257,154,52,12,40,102,92,10,33.76623376623377,7.792207792207792,25.97402597402597,66.23376623376623,59.74025974025974,6.493506493506493
W00010259,199,57,7,50,142,121,21,28.643216080402013,3.5175879396984926,25.125628140703515,71.35678391959799,60.80402010050251,10.552763819095476
W00010260,234,66,17,49,168,145,23,28.205128205128204,7.264957264957266,20.94017094017094,71.7948717948718,61.965811965811966,9.82905982905983
W00010261,185,45,12,33,140,114,26,24.324324324324326,6.486486486486487,17.83783783783784,75.67567567567568,61.62162162162163,14.054054054054054
W00010262,67,29,8,21,38,35,3,43.28358208955223,11.940298507462686,31.343283582089555,56.71641791044776,52.23880597014925,4.477611940298507
W00010263,154,32,12,20,122,102,20,20.77922077922078,7.792207792207792,12.987012987012985,79.22077922077922,66.23376623376623,12.987012987012985
W00010264,173,35,11,24,138,124,14,20.23121387283237,6.358381502890173,13.872832369942195,79.76878612716763,71.67630057803468,8.092485549132949
W00010265,9,8,7,1,1,0,1,88.88888888888889,77.77777777777779,11.11111111111111,11.11111111111111,0,11.11111111111111
W00010356,160,47,12,35,113,99,14,29.375,7.5,21.875,70.625,61.875,8.75
W00010365,107,41,11,30,66,58,8,38.31775700934579,10.2803738317757,28.037383177570092,61.6822429906542,54.20560747663551,7.476635514018691
W00010366,165,40,16,24,125,110,15,24.242424242424242,9.696969696969697,14.545454545454545,75.75757575757575,66.66666666666666,9.090909090909092
W00010368,190,40,12,28,150,132,18,21.052631578947366,6.315789473684211,14.736842105263156,78.94736842105263,69.47368421052632,9.473684210526317
W00010369,142,43,13,30,99,82,17,30.28169014084507,9.15492957746479,21.12676056338028,69.71830985915493,57.74647887323944,11.971830985915492
W00010372,62,23,5,18,39,39,0,37.096774193548384,8.064516129032258,29.03225806451613,62.903225806451616,62.903225806451616,0
W00010375,191,56,18,38,135,123,12,29.31937172774869,9.424083769633508,19.895287958115183,70.68062827225131,64.3979057591623,6.282722513089005
W00010376,184,99,53,46,85,72,13,53.80434782608695,28.804347826086957,25,46.19565217391305,39.130434782608695,7.065217391304348
W00010378,189,38,10,28,151,133,18,20.105820105820104,5.291005291005291,14.814814814814813,79.8941798941799,70.37037037037037,9.523809523809524
W00010380,150,20,5,15,130,113,17,13.333333333333334,3.3333333333333335,10,86.66666666666667,75.33333333333333,11.333333333333332
W00010384,120,34,20,14,86,74,12,28.333333333333332,16.666666666666664,11.666666666666666,71.66666666666667,61.66666666666667,10
W00010393,168,31,8,23,137,119,18,18.452380952380953,4.761904761904762,13.690476190476192,81.54761904761905,70.83333333333334,10.714285714285714
W00010394,186,43,16,27,143,115,28,23.118279569892472,8.60215053763441,14.516129032258066,76.88172043010752,61.82795698924731,15.053763440860216
W00010400,97,62,39,23,35,30,5,63.91752577319587,40.20618556701031,23.711340206185564,36.08247422680412,30.927835051546392,5.154639175257731
W00010403,75,14,5,9,61,58,3,18.666666666666668,6.666666666666667,12,81.33333333333333,77.33333333333333,4
W00010406,118,37,9,28,81,67,14,31.35593220338983,7.627118644067797,23.728813559322035,68.64406779661016,56.779661016949156,11.864406779661017
W00010411,153,41,9,32,112,102,10,26.797385620915033,5.88235294117647,20.915032679738562,73.20261437908496,66.66666666666666,6.535947712418301
W00010413,86,41,23,18,45,37,8,47.674418604651166,26.744186046511626,20.930232558139537,52.32558139534884,43.02325581395349,9.30232558139535
W00010414,50,17,5,12,33,26,7,34,10,24,66,52,14.000000000000002
W00010420,182,37,8,29,145,126,19,20.32967032967033,4.395604395604396,15.934065934065933,79.67032967032966,69.23076923076923,10.43956043956044
W00010431,95,30,8,22,65,58,7,31.57894736842105,8.421052631578947,23.157894736842106,68.42105263157895,61.05263157894737,7.368421052631578
W00010432,94,26,7,19,68,60,8,27.659574468085108,7.446808510638298,20.212765957446805,72.3404255319149,63.829787234042556,8.51063829787234
W00010433,165,31,11,20,134,113,21,18.787878787878785,6.666666666666667,12.121212121212121,81.21212121212122,68.48484848484848,12.727272727272727
W00010436,100,62,43,19,38,30,8,62,43,19,38,30,8
W00010438,189,52,14,38,137,129,8,27.513227513227513,7.4074074074074066,20.105820105820104,72.4867724867725,68.25396825396825,4.232804232804233
W00010442,126,37,9,28,89,77,12,29.365079365079367,7.142857142857142,22.22222222222222,70.63492063492063,61.111111111111114,9.523809523809524
W00010445,167,41,14,27,126,113,13,24.550898203592812,8.383233532934131,16.16766467065868,75.44910179640718,67.66467065868264,7.784431137724551
W00010446,114,43,5,38,71,60,11,37.719298245614034,4.385964912280701,33.33333333333333,62.28070175438597,52.63157894736842,9.649122807017543
