OA,ts0590001,ts0590002,ts0590003,ts0590004,ts0590005,ts0590006,ts0590007,ts0590002_PCT,ts0590003_PCT,ts0590004_PCT,ts0590005_PCT,ts0590006_PCT,ts0590007_PCT
E00164947,247,79,28,51,168,145,23,31.983805668016196,11.336032388663968,20.647773279352226,68.0161943319838,58.70445344129555,9.31174089068826
E00164948,169,57,18,39,112,94,18,33.72781065088758,10.650887573964498,23.076923076923077,66.27218934911244,55.62130177514793,10.650887573964498
E00164949,121,35,11,24,86,70,16,28.92561983471074,9.090909090909092,19.834710743801654,71.07438016528926,57.85123966942148,13.223140495867769
E00164950,229,69,32,37,160,133,27,30.131004366812224,13.973799126637553,16.157205240174672,69.86899563318777,58.07860262008734,11.790393013100436
E00164951,131,39,12,27,92,80,12,29.770992366412212,9.16030534351145,20.610687022900763,70.22900763358778,61.06870229007634,9.16030534351145
E00164952,111,43,19,24,68,58,10,38.73873873873874,17.117117117117118,21.62162162162162,61.261261261261254,52.25225225225225,9.00900900900901
E00164953,188,51,19,32,137,124,13,27.127659574468083,10.106382978723403,17.02127659574468,72.87234042553192,65.95744680851064,6.914893617021277
E00164954,174,52,18,34,122,104,18,29.88505747126437,10.344827586206897,19.54022988505747,70.11494252873564,59.77011494252874,10.344827586206897
E00164955,181,53,21,32,128,96,32,29.2817679558011,11.602209944751381,17.67955801104972,70.71823204419888,53.03867403314917,17.67955801104972
E00164956,170,46,16,30,124,113,11,27.058823529411764,9.411764705882353,17.647058823529413,72.94117647058823,66.47058823529412,6.470588235294119
E00164957,265,62,20,42,203,169,34,23.39622641509434,7.547169811320755,15.849056603773585,76.60377358490567,63.77358490566037,12.830188679245284
E00164958,122,40,14,26,82,66,16,32.78688524590164,11.475409836065573,21.311475409836063,67.21311475409836,54.09836065573771,13.114754098360656
E00164959,96,29,10,19,67,55,12,30.208333333333332,10.416666666666668,19.791666666666664,69.79166666666666,57.291666666666664,12.5
E00164960,182,55,23,32,127,115,12,30.21978021978022,12.637362637362637,17.582417582417584,69.78021978021978,63.18681318681318,6.593406593406594
E00164961,272,67,21,46,205,168,37,24.63235294117647,7.720588235294118,16.911764705882355,75.36764705882352,61.76470588235294,13.602941176470587
E00164962,130,53,14,39,77,58,19,40.76923076923077,10.76923076923077,30,59.23076923076923,44.61538461538462,14.615384615384617
E00164966,117,27,8,19,90,81,9,23.076923076923077,6.837606837606838,16.23931623931624,76.92307692307693,69.23076923076923,7.6923076923076925
E00164967,166,52,26,26,114,98,16,31.32530120481928,15.66265060240964,15.66265060240964,68.67469879518072,59.036144578313255,9.63855421686747
E00164968,173,50,17,33,123,104,19,28.901734104046245,9.826589595375722,19.07514450867052,71.09826589595376,60.115606936416185,10.982658959537572
E00164969,139,28,12,16,111,95,16,20.14388489208633,8.633093525179856,11.510791366906476,79.85611510791367,68.34532374100719,11.510791366906476
E00164970,183,57,19,38,126,112,14,31.147540983606557,10.382513661202186,20.76502732240437,68.85245901639344,61.20218579234973,7.650273224043716
E00164971,190,37,13,24,153,131,22,19.473684210526315,6.842105263157896,12.631578947368421,80.52631578947368,68.94736842105263,11.578947368421053
E00164972,268,39,16,23,229,202,27,14.55223880597015,5.970149253731343,8.582089552238806,85.44776119402985,75.3731343283582,10.074626865671641
E00164973,181,59,20,39,122,91,31,32.59668508287293,11.049723756906078,21.54696132596685,67.40331491712708,50.27624309392266,17.12707182320442
E00164974,181,56,33,23,125,94,31,30.939226519337016,18.23204419889503,12.70718232044199,69.06077348066299,51.93370165745856,17.12707182320442
E00164975,186,58,26,32,128,99,29,31.182795698924732,13.978494623655912,17.20430107526882,68.81720430107528,53.2258064516129,15.591397849462366
E00164976,183,48,22,26,135,104,31,26.229508196721312,12.021857923497267,14.207650273224044,73.77049180327869,56.830601092896174,16.939890710382514
E00164977,237,74,30,44,163,121,42,31.223628691983123,12.658227848101266,18.565400843881857,68.77637130801688,51.0548523206751,17.72151898734177
E00164978,141,35,19,16,106,74,32,24.822695035460992,13.47517730496454,11.347517730496454,75.177304964539,52.4822695035461,22.69503546099291
E00164979,191,48,10,38,143,122,21,25.13089005235602,5.2356020942408374,19.895287958115183,74.86910994764398,63.87434554973822,10.99476439790576
E00164980,131,35,12,23,96,73,23,26.717557251908396,9.16030534351145,17.557251908396946,73.2824427480916,55.72519083969466,17.557251908396946
E00164981,165,48,24,24,117,98,19,29.09090909090909,14.545454545454545,14.545454545454545,70.9090909090909,59.3939393939394,11.515151515151516
E00164982,173,60,31,29,113,90,23,34.68208092485549,17.91907514450867,16.76300578034682,65.3179190751445,52.02312138728323,13.294797687861271
E00164983,159,48,13,35,111,87,24,30.18867924528302,8.176100628930817,22.0125786163522,69.81132075471697,54.71698113207547,15.09433962264151
E00164984,204,62,26,36,142,123,19,30.392156862745097,12.745098039215685,17.647058823529413,69.6078431372549,60.29411764705882,9.313725490196079
E00164985,115,36,21,15,79,67,12,31.30434782608696,18.26086956521739,13.043478260869565,68.69565217391305,58.26086956521739,10.434782608695652
E00164986,127,49,19,30,78,66,12,38.582677165354326,14.960629921259844,23.62204724409449,61.417322834645674,51.96850393700787,9.448818897637794
E00164987,193,61,18,43,132,99,33,31.606217616580313,9.32642487046632,22.279792746113987,68.39378238341969,51.29533678756477,17.098445595854923
E00164988,124,43,18,25,81,61,20,34.67741935483871,14.516129032258066,20.161290322580644,65.32258064516128,49.193548387096776,16.129032258064516
E00164989,70,18,4,14,52,41,11,25.71428571428571,5.714285714285714,20,74.28571428571429,58.57142857142858,15.714285714285714
E00164990,202,73,21,52,129,108,21,36.13861386138614,10.396039603960396,25.742574257425744,63.86138613861386,53.46534653465347,10.396039603960396
E00164991,150,44,25,19,106,81,25,29.333333333333332,16.666666666666664,12.666666666666668,70.66666666666667,54,16.666666666666664
E00164992,206,74,18,56,132,108,24,35.92233009708738,8.737864077669903,27.184466019417474,64.07766990291263,52.42718446601942,11.650485436893204
E00164993,65,19,6,13,46,38,8,29.230769230769234,9.230769230769232,20,70.76923076923077,58.46153846153847,12.307692307692308
E00164994,167,54,16,38,113,83,30,32.33532934131736,9.580838323353294,22.75449101796407,67.66467065868264,49.700598802395206,17.964071856287426
E00164995,136,40,16,24,96,81,15,29.411764705882355,11.76470588235294,17.647058823529413,70.58823529411765,59.55882352941176,11.029411764705882
E00164996,202,68,25,43,134,109,25,33.663366336633665,12.376237623762377,21.287128712871286,66.33663366336634,53.960396039603964,12.376237623762377
E00164997,290,76,29,47,214,152,62,26.20689655172414,10,16.206896551724135,73.79310344827587,52.41379310344828,21.379310344827587
E00164998,100,41,19,22,59,41,18,41,19,22,59,41,18
E00164999,78,33,16,17,45,30,15,42.30769230769231,20.51282051282051,21.794871794871796,57.692307692307686,38.46153846153847,19.230769230769234
E00165000,122,43,20,23,79,64,15,35.24590163934426,16.39344262295082,18.852459016393443,64.75409836065575,52.459016393442624,12.295081967213115
E00165001,122,48,16,32,74,63,11,39.34426229508197,13.114754098360656,26.229508196721312,60.65573770491803,51.63934426229508,9.01639344262295
E00165002,82,35,18,17,47,29,18,42.68292682926829,21.951219512195124,20.73170731707317,57.3170731707317,35.36585365853659,21.951219512195124
E00165003,59,32,16,16,27,23,4,54.23728813559322,27.11864406779661,27.11864406779661,45.76271186440678,38.983050847457626,6.779661016949152
E00165004,155,55,19,36,100,87,13,35.483870967741936,12.258064516129032,23.225806451612904,64.51612903225806,56.12903225806451,8.38709677419355
E00165005,117,33,12,21,84,70,14,28.205128205128204,10.256410256410255,17.94871794871795,71.7948717948718,59.82905982905983,11.965811965811966
E00165006,123,41,17,24,82,58,24,33.33333333333333,13.821138211382115,19.51219512195122,66.66666666666666,47.15447154471545,19.51219512195122
E00165007,155,66,40,26,89,65,24,42.58064516129032,25.806451612903224,16.7741935483871,57.41935483870968,41.935483870967744,15.483870967741936
E00165008,67,20,8,12,47,33,14,29.850746268656714,11.940298507462686,17.91044776119403,70.1492537313433,49.25373134328358,20.8955223880597
E00165009,157,53,18,35,104,87,17,33.75796178343949,11.464968152866243,22.29299363057325,66.2420382165605,55.4140127388535,10.828025477707007
E00165010,87,29,7,22,58,51,7,33.33333333333333,8.045977011494253,25.287356321839084,66.66666666666666,58.620689655172406,8.045977011494253
E00165011,167,49,16,33,118,87,31,29.34131736526946,9.580838323353294,19.760479041916167,70.65868263473054,52.09580838323353,18.562874251497004
E00165012,80,25,11,14,55,35,20,31.25,13.750000000000002,17.5,68.75,43.75,25
E00165013,105,40,12,28,65,52,13,38.095238095238095,11.428571428571429,26.666666666666668,61.904761904761905,49.523809523809526,12.380952380952381
E00165014,92,34,12,22,58,46,12,36.95652173913043,13.043478260869565,23.91304347826087,63.04347826086957,50,13.043478260869565
E00165015,158,54,20,34,104,90,14,34.177215189873415,12.658227848101266,21.518987341772153,65.82278481012658,56.9620253164557,8.860759493670885
E00165016,101,27,14,13,74,55,19,26.732673267326735,13.861386138613863,12.871287128712872,73.26732673267327,54.45544554455446,18.81188118811881
E00165017,260,66,20,46,194,153,41,25.384615384615383,7.6923076923076925,17.692307692307693,74.61538461538461,58.84615384615385,15.769230769230768
E00165018,184,67,23,44,117,100,17,36.41304347826087,12.5,23.91304347826087,63.58695652173913,54.347826086956516,9.239130434782608
E00165019,256,68,25,43,188,156,32,26.5625,9.765625,16.796875,73.4375,60.9375,12.5
E00165020,162,44,14,30,118,92,26,27.160493827160494,8.641975308641975,18.51851851851852,72.8395061728395,56.79012345679012,16.049382716049383
E00165022,110,32,16,16,78,69,9,29.09090909090909,14.545454545454545,14.545454545454545,70.9090909090909,62.727272727272734,8.181818181818182
E00165023,198,67,35,32,131,104,27,33.83838383838384,17.67676767676768,16.161616161616163,66.16161616161617,52.52525252525253,13.636363636363635
E00165025,130,44,10,34,86,72,14,33.84615384615385,7.6923076923076925,26.153846153846157,66.15384615384615,55.38461538461539,10.76923076923077
E00165026,193,59,23,36,134,106,28,30.569948186528496,11.917098445595855,18.65284974093264,69.43005181347151,54.92227979274611,14.507772020725387
E00165027,163,48,16,32,115,94,21,29.447852760736197,9.815950920245399,19.631901840490798,70.5521472392638,57.668711656441715,12.883435582822086
E00165028,110,42,16,26,68,57,11,38.18181818181819,14.545454545454545,23.636363636363637,61.81818181818181,51.81818181818182,10
E00165029,117,36,16,20,81,67,14,30.76923076923077,13.675213675213676,17.094017094017094,69.23076923076923,57.26495726495726,11.965811965811966
E00165030,70,30,11,19,40,30,10,42.857142857142854,15.714285714285714,27.142857142857142,57.14285714285714,42.857142857142854,14.285714285714285
E00165031,225,74,32,42,151,104,47,32.88888888888889,14.222222222222221,18.666666666666668,67.11111111111111,46.22222222222222,20.88888888888889
E00165032,147,32,10,22,115,103,12,21.768707482993197,6.802721088435375,14.965986394557824,78.2312925170068,70.06802721088435,8.16326530612245
E00165033,95,26,7,19,69,55,14,27.368421052631582,7.368421052631578,20,72.63157894736842,57.89473684210527,14.736842105263156
E00165034,107,32,14,18,75,67,8,29.906542056074763,13.084112149532709,16.822429906542055,70.09345794392523,62.616822429906534,7.476635514018691
E00165035,171,63,14,49,108,89,19,36.84210526315789,8.187134502923977,28.654970760233915,63.1578947368421,52.046783625730995,11.11111111111111
E00165036,121,33,7,26,88,75,13,27.27272727272727,5.785123966942149,21.487603305785125,72.72727272727273,61.98347107438017,10.743801652892563
E00165037,192,51,19,32,141,123,18,26.5625,9.895833333333332,16.666666666666664,73.4375,64.0625,9.375
E00165038,109,41,21,20,68,56,12,37.61467889908257,19.26605504587156,18.34862385321101,62.38532110091744,51.37614678899083,11.009174311926607
E00165039,104,40,11,29,64,56,8,38.46153846153847,10.576923076923077,27.884615384615387,61.53846153846154,53.84615384615385,7.6923076923076925
E00165040,119,24,7,17,95,76,19,20.168067226890756,5.88235294117647,14.285714285714285,79.83193277310924,63.86554621848739,15.966386554621847
E00165041,131,58,18,40,73,62,11,44.274809160305345,13.740458015267176,30.53435114503817,55.72519083969466,47.32824427480916,8.396946564885496
E00165042,119,45,12,33,74,58,16,37.81512605042017,10.084033613445378,27.73109243697479,62.18487394957983,48.739495798319325,13.445378151260504
E00165043,140,35,16,19,105,93,12,25,11.428571428571429,13.571428571428571,75,66.42857142857143,8.571428571428571
E00165044,170,41,14,27,129,113,16,24.11764705882353,8.235294117647058,15.88235294117647,75.88235294117646,66.47058823529412,9.411764705882353
E00165045,127,35,13,22,92,78,14,27.559055118110237,10.236220472440944,17.322834645669293,72.44094488188976,61.417322834645674,11.023622047244094
E00165046,104,36,13,23,68,53,15,34.61538461538461,12.5,22.115384615384613,65.38461538461539,50.96153846153846,14.423076923076922
E00165047,213,34,8,26,179,148,31,15.96244131455399,3.755868544600939,12.206572769953052,84.03755868544602,69.48356807511738,14.553990610328638
E00165048,115,26,12,14,89,75,14,22.608695652173914,10.434782608695652,12.173913043478262,77.39130434782608,65.21739130434783,12.173913043478262
E00165049,269,76,17,59,193,147,46,28.25278810408922,6.319702602230483,21.933085501858738,71.74721189591078,54.646840148698885,17.100371747211895
E00165050,93,21,7,14,72,59,13,22.58064516129032,7.526881720430108,15.053763440860216,77.41935483870968,63.44086021505376,13.978494623655912
E00165051,146,39,14,25,107,89,18,26.71232876712329,9.58904109589041,17.123287671232877,73.28767123287672,60.95890410958904,12.32876712328767
E00165052,118,37,10,27,81,65,16,31.35593220338983,8.47457627118644,22.88135593220339,68.64406779661016,55.08474576271186,13.559322033898304
E00165053,40,13,5,8,27,24,3,32.5,12.5,20,67.5,60,7.5
E00165054,48,10,2,8,38,32,6,20.833333333333336,4.166666666666666,16.666666666666664,79.16666666666666,66.66666666666666,12.5
E00165055,116,32,11,21,84,69,15,27.586206896551722,9.482758620689655,18.103448275862068,72.41379310344827,59.48275862068966,12.931034482758621
E00165056,131,43,15,28,88,66,22,32.82442748091603,11.450381679389313,21.374045801526716,67.17557251908397,50.38167938931297,16.793893129770993
E00165057,132,40,6,34,92,84,8,30.303030303030305,4.545454545454546,25.757575757575758,69.6969696969697,63.63636363636363,6.0606060606060606
E00165058,114,30,10,20,84,75,9,26.31578947368421,8.771929824561402,17.543859649122805,73.68421052631578,65.78947368421053,7.894736842105263
E00165059,125,32,10,22,93,83,10,25.6,8,17.599999999999998,74.4,66.4,8
E00165060,212,59,19,40,153,124,29,27.830188679245282,8.962264150943396,18.867924528301888,72.16981132075472,58.490566037735846,13.679245283018867
E00165061,197,53,16,37,144,113,31,26.903553299492383,8.121827411167512,18.781725888324875,73.09644670050761,57.360406091370564,15.736040609137056
E00165062,158,60,26,34,98,85,13,37.9746835443038,16.455696202531644,21.518987341772153,62.0253164556962,53.79746835443038,8.227848101265822
E00165063,162,55,19,36,107,92,15,33.95061728395062,11.728395061728394,22.22222222222222,66.0493827160494,56.79012345679012,9.25925925925926
E00165064,152,58,14,44,94,83,11,38.15789473684211,9.210526315789473,28.947368421052634,61.8421052631579,54.60526315789473,7.236842105263158
E00165065,160,54,23,31,106,84,22,33.75,14.374999999999998,19.375,66.25,52.5,13.750000000000002
E00165066,106,34,21,13,72,63,9,32.075471698113205,19.81132075471698,12.264150943396226,67.9245283018868,59.43396226415094,8.49056603773585
E00165069,173,55,14,41,118,95,23,31.79190751445087,8.092485549132949,23.699421965317917,68.20809248554913,54.91329479768786,13.294797687861271
E00165070,130,47,11,36,83,65,18,36.15384615384615,8.461538461538462,27.692307692307693,63.84615384615384,50,13.846153846153847
E00165071,134,45,19,26,89,76,13,33.582089552238806,14.17910447761194,19.402985074626866,66.4179104477612,56.71641791044776,9.701492537313433
E00165072,127,39,13,26,88,83,5,30.708661417322837,10.236220472440944,20.47244094488189,69.29133858267717,65.35433070866141,3.937007874015748
E00165073,150,43,23,20,107,88,19,28.666666666666668,15.333333333333332,13.333333333333334,71.33333333333334,58.666666666666664,12.666666666666668
E00165074,161,46,17,29,115,103,12,28.57142857142857,10.559006211180124,18.012422360248447,71.42857142857143,63.975155279503106,7.453416149068323
E00165075,104,21,9,12,83,65,18,20.192307692307693,8.653846153846153,11.538461538461538,79.8076923076923,62.5,17.307692307692307
E00165076,85,26,6,20,59,48,11,30.58823529411765,7.0588235294117645,23.52941176470588,69.41176470588235,56.470588235294116,12.941176470588237
E00165077,113,41,23,18,72,65,7,36.283185840707965,20.353982300884958,15.929203539823009,63.716814159292035,57.52212389380531,6.1946902654867255
E00165078,126,32,10,22,94,79,15,25.396825396825395,7.936507936507936,17.46031746031746,74.60317460317461,62.698412698412696,11.904761904761903
E00165079,102,28,10,18,74,63,11,27.450980392156865,9.803921568627452,17.647058823529413,72.54901960784314,61.76470588235294,10.784313725490197
E00165080,74,23,11,12,51,42,9,31.08108108108108,14.864864864864865,16.216216216216218,68.91891891891892,56.75675675675676,12.162162162162163
E00165081,123,35,12,23,88,77,11,28.455284552845526,9.75609756097561,18.69918699186992,71.54471544715447,62.601626016260155,8.94308943089431
E00165082,145,35,13,22,110,92,18,24.137931034482758,8.96551724137931,15.172413793103448,75.86206896551724,63.44827586206897,12.413793103448276
E00165083,98,41,13,28,57,45,12,41.83673469387755,13.26530612244898,28.57142857142857,58.16326530612245,45.91836734693878,12.244897959183673
E00165084,164,51,16,35,113,90,23,31.097560975609756,9.75609756097561,21.341463414634145,68.90243902439023,54.87804878048781,14.02439024390244
E00165085,98,33,11,22,65,50,15,33.6734693877551,11.224489795918368,22.448979591836736,66.3265306122449,51.02040816326531,15.306122448979592
E00165086,165,45,14,31,120,101,19,27.27272727272727,8.484848484848486,18.787878787878785,72.72727272727273,61.212121212121204,11.515151515151516
E00165087,121,45,10,35,76,62,14,37.1900826446281,8.264462809917356,28.92561983471074,62.8099173553719,51.2396694214876,11.570247933884298
E00165088,161,52,16,36,109,99,10,32.298136645962735,9.937888198757763,22.36024844720497,67.70186335403726,61.49068322981367,6.211180124223603
E00165089,177,59,11,48,118,97,21,33.33333333333333,6.214689265536723,27.11864406779661,66.66666666666666,54.80225988700565,11.864406779661017
E00165090,135,36,12,24,99,80,19,26.666666666666668,8.88888888888889,17.77777777777778,73.33333333333333,59.25925925925925,14.074074074074074
E00165091,150,38,7,31,112,91,21,25.333333333333336,4.666666666666667,20.666666666666668,74.66666666666667,60.66666666666667,14.000000000000002
E00165092,176,59,25,34,117,102,15,33.52272727272727,14.204545454545455,19.318181818181817,66.47727272727273,57.95454545454546,8.522727272727272
E00165093,132,40,10,30,92,79,13,30.303030303030305,7.575757575757576,22.727272727272727,69.6969696969697,59.84848484848485,9.848484848484848
E00165094,145,33,10,23,112,100,12,22.758620689655174,6.896551724137931,15.862068965517242,77.24137931034483,68.96551724137932,8.275862068965518
E00165095,124,39,14,25,85,78,7,31.451612903225808,11.29032258064516,20.161290322580644,68.54838709677419,62.903225806451616,5.64516129032258
E00165096,128,44,10,34,84,75,9,34.375,7.8125,26.5625,65.625,58.59375,7.03125
E00165097,133,48,17,31,85,76,9,36.09022556390977,12.781954887218044,23.308270676691727,63.90977443609023,57.14285714285714,6.7669172932330826
E00165098,138,44,18,26,94,83,11,31.88405797101449,13.043478260869565,18.84057971014493,68.11594202898551,60.14492753623188,7.971014492753622
E00165099,112,32,9,23,80,72,8,28.57142857142857,8.035714285714286,20.535714285714285,71.42857142857143,64.28571428571429,7.142857142857142
E00165100,117,35,10,25,82,70,12,29.914529914529915,8.547008547008547,21.367521367521366,70.08547008547008,59.82905982905983,10.256410256410255
E00165101,123,47,18,29,76,62,14,38.21138211382114,14.634146341463413,23.577235772357724,61.78861788617886,50.40650406504065,11.38211382113821
E00165102,280,74,25,49,206,180,26,26.42857142857143,8.928571428571429,17.5,73.57142857142858,64.28571428571429,9.285714285714286
E00165103,173,48,17,31,125,115,10,27.74566473988439,9.826589595375722,17.91907514450867,72.25433526011561,66.47398843930635,5.780346820809249
E00165104,107,30,8,22,77,53,24,28.037383177570092,7.476635514018691,20.5607476635514,71.96261682242991,49.532710280373834,22.429906542056074
E00165105,136,50,18,32,86,74,12,36.76470588235294,13.23529411764706,23.52941176470588,63.23529411764706,54.41176470588235,8.823529411764707
E00165106,128,47,13,34,81,66,15,36.71875,10.15625,26.5625,63.28125,51.5625,11.71875
E00165107,114,34,13,21,80,70,10,29.82456140350877,11.403508771929824,18.421052631578945,70.17543859649122,61.40350877192983,8.771929824561402
E00165108,133,39,12,27,94,84,10,29.32330827067669,9.022556390977442,20.30075187969925,70.67669172932331,63.1578947368421,7.518796992481203
E00165109,115,38,13,25,77,57,20,33.04347826086956,11.304347826086957,21.73913043478261,66.95652173913044,49.56521739130435,17.391304347826086
E00165110,160,51,23,28,109,81,28,31.874999999999996,14.374999999999998,17.5,68.125,50.625,17.5
E00165111,141,38,12,26,103,79,24,26.95035460992908,8.51063829787234,18.439716312056735,73.04964539007092,56.02836879432624,17.02127659574468
E00165112,119,39,10,29,80,57,23,32.773109243697476,8.403361344537815,24.369747899159663,67.22689075630252,47.89915966386555,19.327731092436977
E00165113,165,55,20,35,110,81,29,33.33333333333333,12.121212121212121,21.21212121212121,66.66666666666666,49.09090909090909,17.575757575757574
E00165114,140,32,15,17,108,87,21,22.857142857142858,10.714285714285714,12.142857142857142,77.14285714285715,62.142857142857146,15
E00165115,154,61,24,37,93,74,19,39.61038961038961,15.584415584415584,24.025974025974026,60.3896103896104,48.05194805194805,12.337662337662337
E00165116,105,39,18,21,66,54,12,37.142857142857146,17.142857142857142,20,62.857142857142854,51.42857142857142,11.428571428571429
E00165117,171,60,25,35,111,81,30,35.08771929824561,14.619883040935672,20.46783625730994,64.91228070175438,47.368421052631575,17.543859649122805
E00165118,121,35,17,18,86,69,17,28.92561983471074,14.049586776859504,14.87603305785124,71.07438016528926,57.02479338842975,14.049586776859504
E00165119,137,57,29,28,80,60,20,41.605839416058394,21.16788321167883,20.437956204379564,58.3941605839416,43.79562043795621,14.5985401459854
E00165120,146,49,17,32,97,75,22,33.56164383561644,11.643835616438356,21.91780821917808,66.43835616438356,51.369863013698634,15.068493150684931
E00165121,118,43,26,17,75,60,15,36.440677966101696,22.033898305084744,14.40677966101695,63.559322033898304,50.847457627118644,12.711864406779661
E00165122,114,39,16,23,75,61,14,34.21052631578947,14.035087719298245,20.175438596491226,65.78947368421053,53.50877192982456,12.280701754385964
E00165123,112,34,12,22,78,66,12,30.357142857142854,10.714285714285714,19.642857142857142,69.64285714285714,58.92857142857143,10.714285714285714
E00165124,145,51,20,31,94,73,21,35.172413793103445,13.793103448275861,21.379310344827587,64.82758620689654,50.3448275862069,14.482758620689657
E00165125,161,45,14,31,116,93,23,27.95031055900621,8.695652173913043,19.25465838509317,72.04968944099379,57.7639751552795,14.285714285714285
E00165126,143,50,21,29,93,82,11,34.96503496503497,14.685314685314685,20.27972027972028,65.03496503496503,57.34265734265735,7.6923076923076925
E00165127,160,40,11,29,120,105,15,25,6.875000000000001,18.125,75,65.625,9.375
E00165128,181,40,15,25,141,120,21,22.099447513812155,8.287292817679557,13.812154696132598,77.90055248618785,66.29834254143645,11.602209944751381
E00165129,149,55,23,32,94,80,14,36.91275167785235,15.436241610738255,21.476510067114095,63.08724832214765,53.691275167785236,9.395973154362416
E00165130,227,56,26,30,171,150,21,24.669603524229075,11.45374449339207,13.215859030837004,75.33039647577093,66.07929515418502,9.251101321585903
E00165131,97,26,4,22,71,61,10,26.804123711340207,4.123711340206185,22.68041237113402,73.19587628865979,62.88659793814433,10.309278350515463
E00165132,100,32,9,23,68,56,12,32,9,23,68,56.00000000000001,12
E00165133,105,25,8,17,80,66,14,23.809523809523807,7.6190476190476195,16.19047619047619,76.19047619047619,62.857142857142854,13.333333333333334
E00165134,120,41,15,26,79,57,22,34.166666666666664,12.5,21.666666666666668,65.83333333333333,47.5,18.333333333333332
E00165135,170,58,17,41,112,81,31,34.11764705882353,10,24.11764705882353,65.88235294117646,47.647058823529406,18.235294117647058
E00165136,103,33,15,18,70,59,11,32.038834951456316,14.563106796116504,17.475728155339805,67.96116504854369,57.28155339805825,10.679611650485436
E00165137,166,37,16,21,129,100,29,22.289156626506024,9.63855421686747,12.650602409638553,77.71084337349397,60.24096385542169,17.46987951807229
E00165138,203,66,20,46,137,115,22,32.51231527093596,9.852216748768473,22.660098522167488,67.48768472906403,56.65024630541872,10.83743842364532
E00165139,168,43,11,32,125,103,22,25.595238095238095,6.547619047619048,19.047619047619047,74.40476190476191,61.30952380952381,13.095238095238097
E00165140,204,60,16,44,144,126,18,29.411764705882355,7.8431372549019605,21.568627450980394,70.58823529411765,61.76470588235294,8.823529411764707
E00165141,75,22,11,11,53,46,7,29.333333333333332,14.666666666666666,14.666666666666666,70.66666666666667,61.33333333333333,9.333333333333334
E00165142,118,38,10,28,80,70,10,32.20338983050847,8.47457627118644,23.728813559322035,67.79661016949152,59.32203389830508,8.47457627118644
E00165143,136,36,14,22,100,84,16,26.47058823529412,10.294117647058822,16.176470588235293,73.52941176470588,61.76470588235294,11.76470588235294
E00165144,109,25,14,11,84,74,10,22.93577981651376,12.844036697247708,10.091743119266056,77.06422018348624,67.88990825688074,9.174311926605505
E00165146,162,48,19,29,114,100,14,29.629629629629626,11.728395061728394,17.901234567901234,70.37037037037037,61.72839506172839,8.641975308641975
E00165147,174,50,19,31,124,109,15,28.735632183908045,10.919540229885058,17.81609195402299,71.26436781609196,62.643678160919535,8.620689655172415
E00165148,122,41,14,27,81,69,12,33.60655737704918,11.475409836065573,22.131147540983605,66.39344262295081,56.557377049180324,9.836065573770492
E00165149,151,50,14,36,101,85,16,33.11258278145696,9.271523178807946,23.841059602649008,66.88741721854305,56.29139072847682,10.596026490066226
E00165150,136,39,9,30,97,87,10,28.676470588235293,6.61764705882353,22.058823529411764,71.32352941176471,63.970588235294116,7.352941176470589
E00165151,187,36,11,25,151,130,21,19.25133689839572,5.88235294117647,13.368983957219251,80.74866310160428,69.5187165775401,11.229946524064172
E00165152,161,55,18,37,106,92,14,34.161490683229815,11.180124223602485,22.981366459627328,65.83850931677019,57.14285714285714,8.695652173913043
E00165153,156,46,12,34,110,95,15,29.48717948717949,7.6923076923076925,21.794871794871796,70.51282051282051,60.89743589743589,9.615384615384617
E00165154,223,49,10,39,174,149,25,21.973094170403588,4.484304932735426,17.48878923766816,78.02690582959642,66.81614349775785,11.210762331838566
E00165155,115,35,11,24,80,67,13,30.434782608695656,9.565217391304348,20.869565217391305,69.56521739130434,58.26086956521739,11.304347826086957
E00165156,121,40,11,29,81,62,19,33.057851239669425,9.090909090909092,23.96694214876033,66.94214876033058,51.2396694214876,15.702479338842975
E00165157,166,47,11,36,119,99,20,28.313253012048197,6.626506024096386,21.686746987951807,71.6867469879518,59.63855421686747,12.048192771084338
E00165158,118,47,21,26,71,60,11,39.83050847457627,17.796610169491526,22.033898305084744,60.16949152542372,50.847457627118644,9.322033898305085
E00165159,121,40,17,23,81,67,14,33.057851239669425,14.049586776859504,19.00826446280992,66.94214876033058,55.371900826446286,11.570247933884298
E00165160,156,42,21,21,114,104,10,26.923076923076923,13.461538461538462,13.461538461538462,73.07692307692307,66.66666666666666,6.41025641025641
E00165161,98,27,10,17,71,55,16,27.55102040816326,10.204081632653061,17.346938775510203,72.44897959183673,56.12244897959183,16.3265306122449
E00165162,148,55,27,28,93,69,24,37.16216216216216,18.243243243243242,18.91891891891892,62.83783783783784,46.62162162162162,16.216216216216218
E00165163,132,38,14,24,94,76,18,28.78787878787879,10.606060606060606,18.181818181818183,71.21212121212122,57.57575757575758,13.636363636363635
E00165164,162,51,20,31,111,87,24,31.48148148148148,12.345679012345679,19.1358024691358,68.51851851851852,53.70370370370371,14.814814814814813
E00165165,207,88,33,55,119,93,26,42.51207729468599,15.942028985507244,26.570048309178745,57.48792270531401,44.927536231884055,12.560386473429952
E00165166,138,43,13,30,95,78,17,31.15942028985507,9.420289855072465,21.73913043478261,68.84057971014492,56.52173913043478,12.318840579710146
E00165167,113,31,13,18,82,67,15,27.43362831858407,11.504424778761061,15.929203539823009,72.56637168141593,59.29203539823009,13.274336283185843
E00165168,46,16,4,12,30,28,2,34.78260869565217,8.695652173913043,26.08695652173913,65.21739130434783,60.86956521739131,4.3478260869565215
E00165169,57,20,4,16,37,29,8,35.08771929824561,7.017543859649122,28.07017543859649,64.91228070175438,50.877192982456144,14.035087719298245
E00165170,74,24,14,10,50,39,11,32.432432432432435,18.91891891891892,13.513513513513514,67.56756756756756,52.702702702702695,14.864864864864865
E00165171,110,32,18,14,78,59,19,29.09090909090909,16.363636363636363,12.727272727272727,70.9090909090909,53.63636363636364,17.272727272727273
E00165172,132,31,4,27,101,86,15,23.484848484848484,3.0303030303030303,20.454545454545457,76.51515151515152,65.15151515151516,11.363636363636363
E00165173,76,26,13,13,50,41,9,34.21052631578947,17.105263157894736,17.105263157894736,65.78947368421053,53.94736842105263,11.842105263157894
E00165176,184,52,24,28,132,110,22,28.26086956521739,13.043478260869565,15.217391304347828,71.73913043478261,59.78260869565217,11.956521739130435
E00165177,93,38,13,25,55,47,8,40.86021505376344,13.978494623655912,26.881720430107524,59.13978494623656,50.53763440860215,8.60215053763441
E00165178,76,29,11,18,47,40,7,38.15789473684211,14.473684210526317,23.684210526315788,61.8421052631579,52.63157894736842,9.210526315789473
E00165179,161,42,18,24,119,107,12,26.08695652173913,11.180124223602485,14.906832298136646,73.91304347826086,66.45962732919256,7.453416149068323
E00165180,177,55,19,36,122,104,18,31.07344632768362,10.734463276836157,20.33898305084746,68.92655367231639,58.75706214689266,10.16949152542373
E00165181,197,46,19,27,151,121,30,23.3502538071066,9.644670050761421,13.705583756345177,76.6497461928934,61.42131979695431,15.228426395939088
E00165182,119,33,7,26,86,79,7,27.73109243697479,5.88235294117647,21.84873949579832,72.26890756302521,66.38655462184873,5.88235294117647
E00165183,124,30,8,22,94,72,22,24.193548387096776,6.451612903225806,17.741935483870968,75.80645161290323,58.06451612903226,17.741935483870968
E00165184,158,48,21,27,110,73,37,30.37974683544304,13.291139240506327,17.088607594936708,69.62025316455697,46.20253164556962,23.417721518987342
E00165185,159,47,20,27,112,89,23,29.559748427672954,12.578616352201259,16.9811320754717,70.44025157232704,55.9748427672956,14.465408805031446
E00165186,158,50,21,29,108,85,23,31.645569620253166,13.291139240506327,18.354430379746837,68.35443037974683,53.79746835443038,14.556962025316455
E00165187,173,48,16,32,125,108,17,27.74566473988439,9.248554913294797,18.497109826589593,72.25433526011561,62.42774566473989,9.826589595375722
E00165188,76,23,10,13,53,40,13,30.263157894736842,13.157894736842104,17.105263157894736,69.73684210526315,52.63157894736842,17.105263157894736
E00165189,163,50,17,33,113,77,36,30.67484662576687,10.429447852760736,20.245398773006134,69.32515337423312,47.239263803680984,22.085889570552148
E00165190,156,46,16,30,110,87,23,29.48717948717949,10.256410256410255,19.230769230769234,70.51282051282051,55.769230769230774,14.743589743589745
E00165191,116,44,20,24,72,49,23,37.93103448275862,17.24137931034483,20.689655172413794,62.06896551724138,42.241379310344826,19.82758620689655
E00165192,173,52,21,31,121,100,21,30.057803468208093,12.138728323699421,17.91907514450867,69.94219653179191,57.80346820809249,12.138728323699421
E00165193,149,44,18,26,105,83,22,29.53020134228188,12.080536912751679,17.449664429530202,70.46979865771812,55.70469798657718,14.76510067114094
E00165194,184,64,18,46,120,91,29,34.78260869565217,9.782608695652174,25,65.21739130434783,49.45652173913043,15.760869565217392
E00165195,154,51,13,38,103,84,19,33.116883116883116,8.441558441558442,24.675324675324674,66.88311688311688,54.54545454545454,12.337662337662337
E00165196,89,26,13,13,63,41,22,29.213483146067414,14.606741573033707,14.606741573033707,70.78651685393258,46.06741573033708,24.719101123595504
E00165197,139,55,22,33,84,74,10,39.568345323741006,15.827338129496402,23.741007194244602,60.431654676258994,53.23741007194245,7.1942446043165464
E00165198,124,35,16,19,89,78,11,28.225806451612907,12.903225806451612,15.32258064516129,71.7741935483871,62.903225806451616,8.870967741935484
E00165199,57,20,8,12,37,28,9,35.08771929824561,14.035087719298245,21.052631578947366,64.91228070175438,49.122807017543856,15.789473684210526
E00165200,107,45,15,30,62,46,16,42.05607476635514,14.018691588785046,28.037383177570092,57.943925233644855,42.99065420560748,14.953271028037381
E00165201,138,31,7,24,107,81,26,22.463768115942027,5.072463768115942,17.391304347826086,77.53623188405797,58.69565217391305,18.84057971014493
E00165202,240,60,20,40,180,147,33,25,8.333333333333332,16.666666666666664,75,61.25000000000001,13.750000000000002
E00165203,153,49,17,32,104,75,29,32.02614379084967,11.11111111111111,20.915032679738562,67.97385620915033,49.01960784313725,18.954248366013072
E00165204,237,72,28,44,165,136,29,30.37974683544304,11.814345991561181,18.565400843881857,69.62025316455697,57.383966244725734,12.236286919831224
E00165205,174,33,7,26,141,120,21,18.96551724137931,4.022988505747127,14.942528735632186,81.03448275862068,68.96551724137932,12.068965517241379
E00165206,189,67,25,42,122,96,26,35.44973544973545,13.227513227513226,22.22222222222222,64.55026455026454,50.79365079365079,13.756613756613756
E00165207,255,75,36,39,180,136,44,29.411764705882355,14.117647058823529,15.294117647058824,70.58823529411765,53.333333333333336,17.254901960784313
E00165208,70,27,11,16,43,31,12,38.57142857142858,15.714285714285714,22.857142857142858,61.42857142857143,44.285714285714285,17.142857142857142
E00165209,185,53,21,32,132,96,36,28.64864864864865,11.351351351351353,17.2972972972973,71.35135135135135,51.891891891891895,19.45945945945946
E00165210,148,63,26,37,85,70,15,42.567567567567565,17.56756756756757,25,57.432432432432435,47.2972972972973,10.135135135135135
E00165211,140,42,16,26,98,82,16,30,11.428571428571429,18.571428571428573,70,58.57142857142858,11.428571428571429
E00165212,155,43,20,23,112,88,24,27.741935483870968,12.903225806451612,14.838709677419354,72.25806451612902,56.774193548387096,15.483870967741936
E00165213,145,49,13,36,96,59,37,33.793103448275865,8.96551724137931,24.82758620689655,66.20689655172414,40.689655172413794,25.517241379310345
E00165214,138,54,27,27,84,69,15,39.130434782608695,19.565217391304348,19.565217391304348,60.86956521739131,50,10.869565217391305
E00165215,189,67,23,44,122,87,35,35.44973544973545,12.16931216931217,23.28042328042328,64.55026455026454,46.03174603174603,18.51851851851852
E00165216,169,53,19,34,116,88,28,31.360946745562128,11.242603550295858,20.118343195266274,68.63905325443787,52.071005917159766,16.56804733727811
E00165217,185,46,20,26,139,95,44,24.864864864864867,10.81081081081081,14.054054054054054,75.13513513513513,51.35135135135135,23.783783783783786
E00165218,271,81,26,55,190,157,33,29.88929889298893,9.59409594095941,20.29520295202952,70.11070110701108,57.93357933579336,12.177121771217712
E00165219,128,50,19,31,78,67,11,39.0625,14.84375,24.21875,60.9375,52.34375,8.59375
E00165220,163,53,23,30,110,82,28,32.515337423312886,14.11042944785276,18.404907975460123,67.48466257668711,50.306748466257666,17.177914110429448
E00165221,137,38,16,22,99,81,18,27.73722627737226,11.678832116788321,16.05839416058394,72.26277372262774,59.12408759124088,13.138686131386862
E00165222,255,70,34,36,185,118,67,27.450980392156865,13.333333333333334,14.117647058823529,72.54901960784314,46.27450980392157,26.27450980392157
E00165223,137,43,16,27,94,76,18,31.386861313868614,11.678832116788321,19.708029197080293,68.61313868613139,55.47445255474452,13.138686131386862
E00165224,197,55,20,35,142,101,41,27.918781725888326,10.152284263959391,17.766497461928935,72.08121827411168,51.26903553299492,20.812182741116754
E00165225,155,52,21,31,103,67,36,33.5483870967742,13.548387096774196,20,66.45161290322581,43.225806451612904,23.225806451612904
E00165226,194,48,15,33,146,124,22,24.742268041237114,7.731958762886598,17.010309278350515,75.25773195876289,63.91752577319587,11.34020618556701
E00165227,209,50,17,33,159,136,23,23.923444976076556,8.133971291866029,15.789473684210526,76.07655502392345,65.07177033492823,11.004784688995215
E00165228,142,28,5,23,114,95,19,19.718309859154928,3.5211267605633805,16.19718309859155,80.28169014084507,66.90140845070422,13.380281690140844
E00165229,151,29,9,20,122,99,23,19.205298013245034,5.960264900662252,13.245033112582782,80.79470198675497,65.56291390728477,15.2317880794702
E00165230,181,48,15,33,133,115,18,26.519337016574585,8.287292817679557,18.23204419889503,73.48066298342542,63.53591160220995,9.94475138121547
E00165231,182,40,13,27,142,123,19,21.978021978021978,7.142857142857142,14.835164835164836,78.02197802197803,67.58241758241759,10.43956043956044
E00165232,119,28,11,17,91,79,12,23.52941176470588,9.243697478991598,14.285714285714285,76.47058823529412,66.38655462184873,10.084033613445378
E00165233,176,43,17,26,133,120,13,24.431818181818183,9.659090909090908,14.772727272727273,75.56818181818183,68.18181818181817,7.386363636363637
E00165234,201,54,18,36,147,123,24,26.865671641791046,8.955223880597014,17.91044776119403,73.13432835820896,61.19402985074627,11.940298507462686
E00165235,105,37,16,21,68,54,14,35.23809523809524,15.238095238095239,20,64.76190476190476,51.42857142857142,13.333333333333334
E00165236,166,42,15,27,124,101,23,25.301204819277107,9.036144578313253,16.265060240963855,74.69879518072288,60.8433734939759,13.855421686746988
E00165237,131,37,15,22,94,86,8,28.24427480916031,11.450381679389313,16.793893129770993,71.7557251908397,65.64885496183206,6.106870229007633
E00165238,183,52,15,37,131,109,22,28.415300546448087,8.19672131147541,20.21857923497268,71.58469945355192,59.56284153005464,12.021857923497267
E00165240,287,65,26,39,222,182,40,22.64808362369338,9.059233449477352,13.588850174216027,77.35191637630662,63.41463414634146,13.937282229965156
E00165241,195,57,23,34,138,123,15,29.230769230769234,11.794871794871794,17.435897435897434,70.76923076923077,63.07692307692307,7.6923076923076925
E00165242,100,35,13,22,65,56,9,35,13,22,65,56.00000000000001,9
E00165243,176,61,24,37,115,87,28,34.659090909090914,13.636363636363635,21.022727272727273,65.3409090909091,49.43181818181818,15.909090909090908
E00165244,60,20,9,11,40,30,10,33.33333333333333,15,18.333333333333332,66.66666666666666,50,16.666666666666664
E00165245,154,47,21,26,107,81,26,30.519480519480517,13.636363636363635,16.883116883116884,69.48051948051948,52.5974025974026,16.883116883116884
E00165246,105,33,11,22,72,49,23,31.428571428571427,10.476190476190476,20.952380952380953,68.57142857142857,46.666666666666664,21.904761904761905
E00165247,83,24,4,20,59,43,16,28.915662650602407,4.819277108433735,24.096385542168676,71.08433734939759,51.80722891566265,19.27710843373494
E00165248,144,36,18,18,108,79,29,25,12.5,12.5,75,54.861111111111114,20.13888888888889
E00165249,158,48,17,31,110,95,15,30.37974683544304,10.759493670886076,19.62025316455696,69.62025316455697,60.12658227848101,9.49367088607595
E00165251,205,68,13,55,137,110,27,33.170731707317074,6.341463414634147,26.82926829268293,66.82926829268293,53.65853658536586,13.170731707317074
E00165252,74,32,11,21,42,35,7,43.24324324324324,14.864864864864865,28.37837837837838,56.75675675675676,47.2972972972973,9.45945945945946
E00165253,156,44,10,34,112,93,19,28.205128205128204,6.41025641025641,21.794871794871796,71.7948717948718,59.61538461538461,12.179487179487179
E00165254,106,31,9,22,75,62,13,29.245283018867923,8.49056603773585,20.754716981132077,70.75471698113208,58.490566037735846,12.264150943396226
E00165255,200,57,23,34,143,122,21,28.499999999999996,11.5,17,71.5,61,10.5
E00165256,156,52,18,34,104,92,12,33.33333333333333,11.538461538461538,21.794871794871796,66.66666666666666,58.97435897435898,7.6923076923076925
E00165257,61,15,4,11,46,32,14,24.59016393442623,6.557377049180328,18.0327868852459,75.40983606557377,52.459016393442624,22.950819672131146
E00165258,159,57,22,35,102,64,38,35.84905660377358,13.836477987421384,22.0125786163522,64.15094339622641,40.25157232704403,23.89937106918239
E00165259,191,56,22,34,135,107,28,29.31937172774869,11.518324607329843,17.801047120418847,70.68062827225131,56.02094240837696,14.659685863874344
E00165262,145,36,9,27,109,79,30,24.82758620689655,6.206896551724138,18.620689655172416,75.17241379310344,54.48275862068965,20.689655172413794
E00165263,357,98,35,63,259,221,38,27.450980392156865,9.803921568627452,17.647058823529413,72.54901960784314,61.904761904761905,10.644257703081232
E00165264,213,50,14,36,163,138,25,23.474178403755868,6.572769953051644,16.901408450704224,76.52582159624414,64.7887323943662,11.737089201877934
E00165265,171,54,21,33,117,87,30,31.57894736842105,12.280701754385964,19.298245614035086,68.42105263157895,50.877192982456144,17.543859649122805
E00165266,117,43,8,35,74,63,11,36.75213675213676,6.837606837606838,29.914529914529915,63.24786324786324,53.84615384615385,9.401709401709402
E00165267,207,54,21,33,153,127,26,26.08695652173913,10.144927536231885,15.942028985507244,73.91304347826086,61.35265700483091,12.560386473429952
E00165268,183,52,14,38,131,111,20,28.415300546448087,7.650273224043716,20.76502732240437,71.58469945355192,60.65573770491803,10.92896174863388
E00165270,138,36,12,24,102,89,13,26.08695652173913,8.695652173913043,17.391304347826086,73.91304347826086,64.4927536231884,9.420289855072465
E00165271,164,40,14,26,124,100,24,24.390243902439025,8.536585365853659,15.853658536585366,75.60975609756098,60.97560975609756,14.634146341463413
E00165272,217,60,21,39,157,112,45,27.64976958525346,9.67741935483871,17.972350230414747,72.35023041474655,51.61290322580645,20.737327188940093
E00165273,169,53,17,36,116,82,34,31.360946745562128,10.059171597633137,21.301775147928996,68.63905325443787,48.5207100591716,20.118343195266274
E00165274,187,60,21,39,127,96,31,32.085561497326204,11.229946524064172,20.855614973262032,67.9144385026738,51.33689839572193,16.577540106951872
E00165275,169,44,17,27,125,88,37,26.035502958579883,10.059171597633137,15.976331360946746,73.96449704142012,52.071005917159766,21.893491124260358
E00165276,93,26,6,20,67,58,9,27.956989247311824,6.451612903225806,21.50537634408602,72.04301075268818,62.365591397849464,9.67741935483871
E00165277,163,44,22,22,119,93,26,26.993865030674847,13.496932515337424,13.496932515337424,73.00613496932516,57.05521472392638,15.950920245398773
E00165278,109,32,13,19,77,56,21,29.357798165137616,11.926605504587156,17.431192660550458,70.64220183486239,51.37614678899083,19.26605504587156
E00165279,64,20,9,11,44,35,9,31.25,14.0625,17.1875,68.75,54.6875,14.0625
E00165280,124,33,11,22,91,78,13,26.61290322580645,8.870967741935484,17.741935483870968,73.38709677419355,62.903225806451616,10.483870967741936
E00165283,131,43,22,21,88,68,20,32.82442748091603,16.793893129770993,16.030534351145036,67.17557251908397,51.908396946564885,15.267175572519085
E00165284,67,26,11,15,41,35,6,38.80597014925373,16.417910447761194,22.388059701492537,61.19402985074627,52.23880597014925,8.955223880597014
E00165285,126,41,11,30,85,64,21,32.53968253968254,8.73015873015873,23.809523809523807,67.46031746031747,50.79365079365079,16.666666666666664
E00165286,75,32,13,19,43,36,7,42.66666666666667,17.333333333333336,25.333333333333336,57.333333333333336,48,9.333333333333334
E00165287,116,35,13,22,81,74,7,30.17241379310345,11.206896551724139,18.96551724137931,69.82758620689656,63.793103448275865,6.0344827586206895
E00165288,149,51,13,38,98,83,15,34.22818791946309,8.724832214765101,25.503355704697988,65.77181208053692,55.70469798657718,10.06711409395973
E00165289,141,42,22,20,99,88,11,29.78723404255319,15.602836879432624,14.184397163120568,70.2127659574468,62.4113475177305,7.801418439716312
E00165290,109,38,11,27,71,57,14,34.862385321100916,10.091743119266056,24.770642201834864,65.13761467889908,52.293577981651374,12.844036697247708
E00165291,139,55,22,33,84,72,12,39.568345323741006,15.827338129496402,23.741007194244602,60.431654676258994,51.798561151079134,8.633093525179856
E00165292,82,24,10,14,58,46,12,29.268292682926827,12.195121951219512,17.073170731707318,70.73170731707317,56.09756097560976,14.634146341463413
E00165293,161,52,14,38,109,100,9,32.298136645962735,8.695652173913043,23.60248447204969,67.70186335403726,62.11180124223602,5.590062111801243
E00165294,89,27,9,18,62,50,12,30.337078651685395,10.112359550561797,20.224719101123593,69.66292134831461,56.17977528089888,13.48314606741573
E00165295,100,30,4,26,70,60,10,30,4,26,70,60,10
E00165296,161,57,14,43,104,89,15,35.40372670807454,8.695652173913043,26.70807453416149,64.59627329192547,55.27950310559007,9.316770186335404
E00165297,153,41,20,21,112,97,15,26.797385620915033,13.071895424836603,13.725490196078432,73.20261437908496,63.39869281045751,9.803921568627452
E00165298,81,27,10,17,54,44,10,33.33333333333333,12.345679012345679,20.98765432098765,66.66666666666666,54.32098765432099,12.345679012345679
E00165299,98,31,5,26,67,60,7,31.63265306122449,5.1020408163265305,26.53061224489796,68.36734693877551,61.224489795918366,7.142857142857142
E00165300,119,36,23,13,83,72,11,30.252100840336134,19.327731092436977,10.92436974789916,69.74789915966386,60.50420168067227,9.243697478991598
E00165301,108,31,14,17,77,63,14,28.703703703703702,12.962962962962962,15.74074074074074,71.29629629629629,58.333333333333336,12.962962962962962
E00165302,112,36,9,27,76,66,10,32.142857142857146,8.035714285714286,24.107142857142858,67.85714285714286,58.92857142857143,8.928571428571429
E00165303,99,39,9,30,60,47,13,39.39393939393939,9.090909090909092,30.303030303030305,60.60606060606061,47.474747474747474,13.131313131313133
E00165304,145,46,16,30,99,75,24,31.724137931034484,11.03448275862069,20.689655172413794,68.27586206896552,51.724137931034484,16.551724137931036
E00165305,160,55,26,29,105,83,22,34.375,16.25,18.125,65.625,51.87500000000001,13.750000000000002
E00165306,202,50,20,30,152,126,26,24.752475247524753,9.900990099009901,14.85148514851485,75.24752475247524,62.37623762376238,12.871287128712872
E00165307,153,47,20,27,106,92,14,30.718954248366014,13.071895424836603,17.647058823529413,69.28104575163398,60.130718954248366,9.15032679738562
E00165309,135,40,17,23,95,79,16,29.629629629629626,12.592592592592592,17.037037037037038,70.37037037037037,58.51851851851851,11.851851851851853
E00165310,120,29,8,21,91,76,15,24.166666666666668,6.666666666666667,17.5,75.83333333333333,63.33333333333333,12.5
E00165311,177,45,12,33,132,100,32,25.423728813559322,6.779661016949152,18.64406779661017,74.57627118644068,56.49717514124294,18.07909604519774
E00165312,114,36,21,15,78,56,22,31.57894736842105,18.421052631578945,13.157894736842104,68.42105263157895,49.122807017543856,19.298245614035086
E00165313,225,95,41,54,130,105,25,42.22222222222222,18.22222222222222,24,57.77777777777777,46.666666666666664,11.11111111111111
E00165314,142,47,19,28,95,70,25,33.098591549295776,13.380281690140844,19.718309859154928,66.90140845070422,49.29577464788733,17.6056338028169
E00165315,164,54,19,35,110,80,30,32.926829268292686,11.585365853658537,21.341463414634145,67.07317073170732,48.78048780487805,18.29268292682927
E00165316,123,38,14,24,85,67,18,30.89430894308943,11.38211382113821,19.51219512195122,69.10569105691057,54.47154471544715,14.634146341463413
E00165317,119,33,18,15,86,65,21,27.73109243697479,15.126050420168067,12.605042016806722,72.26890756302521,54.621848739495796,17.647058823529413
E00165318,76,22,9,13,54,42,12,28.947368421052634,11.842105263157894,17.105263157894736,71.05263157894737,55.26315789473685,15.789473684210526
E00165319,80,27,16,11,53,35,18,33.75,20,13.750000000000002,66.25,43.75,22.5
E00165320,170,51,23,28,119,92,27,30,13.529411764705882,16.470588235294116,70,54.11764705882353,15.88235294117647
E00165321,184,60,18,42,124,95,29,32.608695652173914,9.782608695652174,22.82608695652174,67.3913043478261,51.63043478260869,15.760869565217392
E00165322,62,24,9,15,38,31,7,38.70967741935484,14.516129032258066,24.193548387096776,61.29032258064516,50,11.29032258064516
E00165323,160,45,18,27,115,91,24,28.125,11.25,16.875,71.875,56.875,15
E00165324,103,37,11,26,66,53,13,35.92233009708738,10.679611650485436,25.24271844660194,64.07766990291263,51.45631067961165,12.62135922330097
E00165325,155,62,30,32,93,80,13,40,19.35483870967742,20.64516129032258,60,51.61290322580645,8.38709677419355
E00165326,238,53,12,41,185,161,24,22.268907563025213,5.042016806722689,17.22689075630252,77.73109243697479,67.64705882352942,10.084033613445378
E00165327,167,59,23,36,108,92,16,35.32934131736527,13.77245508982036,21.55688622754491,64.67065868263472,55.08982035928144,9.580838323353294
E00165329,139,43,17,26,96,81,15,30.935251798561154,12.23021582733813,18.705035971223023,69.06474820143885,58.27338129496403,10.79136690647482
E00165330,86,30,14,16,56,46,10,34.883720930232556,16.27906976744186,18.6046511627907,65.11627906976744,53.48837209302325,11.627906976744185
E00165331,132,44,15,29,88,69,19,33.33333333333333,11.363636363636363,21.96969696969697,66.66666666666666,52.27272727272727,14.393939393939394
E00165332,63,23,7,16,40,24,16,36.507936507936506,11.11111111111111,25.396825396825395,63.49206349206349,38.095238095238095,25.396825396825395
E00165333,192,55,28,27,137,101,36,28.645833333333332,14.583333333333334,14.0625,71.35416666666666,52.604166666666664,18.75
E00165334,146,52,22,30,94,69,25,35.61643835616438,15.068493150684931,20.54794520547945,64.38356164383562,47.26027397260274,17.123287671232877
E00165335,142,44,14,30,98,76,22,30.985915492957744,9.859154929577464,21.12676056338028,69.01408450704226,53.52112676056338,15.492957746478872
E00165336,143,48,17,31,95,75,20,33.56643356643357,11.888111888111888,21.678321678321677,66.43356643356644,52.44755244755245,13.986013986013987
E00165337,64,23,9,14,41,30,11,35.9375,14.0625,21.875,64.0625,46.875,17.1875
E00165338,208,52,20,32,156,118,38,25,9.615384615384617,15.384615384615385,75,56.730769230769226,18.269230769230766
E00165339,123,40,18,22,83,65,18,32.52032520325203,14.634146341463413,17.88617886178862,67.47967479674797,52.84552845528455,14.634146341463413
E00171597,190,61,29,32,129,94,35,32.10526315789474,15.263157894736842,16.842105263157894,67.89473684210526,49.473684210526315,18.421052631578945
E00171599,153,39,13,26,114,90,24,25.49019607843137,8.49673202614379,16.99346405228758,74.50980392156863,58.82352941176471,15.686274509803921
E00171600,177,103,58,45,74,44,30,58.19209039548022,32.7683615819209,25.423728813559322,41.80790960451977,24.858757062146893,16.94915254237288
E00171601,161,51,18,33,110,98,12,31.67701863354037,11.180124223602485,20.496894409937887,68.32298136645963,60.86956521739131,7.453416149068323
E00171602,161,51,23,28,110,92,18,31.67701863354037,14.285714285714285,17.391304347826086,68.32298136645963,57.14285714285714,11.180124223602485
E00171603,159,38,11,27,121,104,17,23.89937106918239,6.918238993710692,16.9811320754717,76.10062893081762,65.40880503144653,10.69182389937107
E00171604,108,18,8,10,90,74,16,16.666666666666664,7.4074074074074066,9.25925925925926,83.33333333333334,68.51851851851852,14.814814814814813
E00171605,88,16,3,13,72,57,15,18.181818181818183,3.4090909090909087,14.772727272727273,81.81818181818183,64.77272727272727,17.045454545454543
E00181273,288,82,33,49,206,179,27,28.47222222222222,11.458333333333332,17.01388888888889,71.52777777777779,62.15277777777778,9.375
E00181275,213,56,20,36,157,129,28,26.291079812206576,9.389671361502346,16.901408450704224,73.70892018779342,60.56338028169014,13.145539906103288
E00181278,133,40,15,25,93,63,30,30.075187969924812,11.278195488721805,18.796992481203006,69.92481203007519,47.368421052631575,22.55639097744361
E00181281,159,45,10,35,114,97,17,28.30188679245283,6.289308176100629,22.0125786163522,71.69811320754717,61.0062893081761,10.69182389937107
E00181282,160,50,16,34,110,95,15,31.25,10,21.25,68.75,59.375,9.375
E00181283,320,72,29,43,248,200,48,22.5,9.0625,13.4375,77.5,62.5,15
E00181284,175,60,22,38,115,92,23,34.285714285714285,12.571428571428573,21.714285714285715,65.71428571428571,52.57142857142857,13.142857142857142
E00181286,107,36,13,23,71,57,14,33.64485981308411,12.149532710280374,21.49532710280374,66.35514018691589,53.271028037383175,13.084112149532709
E00181290,127,41,19,22,86,69,17,32.28346456692913,14.960629921259844,17.322834645669293,67.71653543307087,54.330708661417326,13.385826771653544
E00181291,162,53,17,36,109,96,13,32.71604938271605,10.493827160493826,22.22222222222222,67.28395061728395,59.25925925925925,8.024691358024691
E00181292,201,50,12,38,151,128,23,24.875621890547265,5.970149253731343,18.90547263681592,75.12437810945273,63.681592039801,11.442786069651742
E00181295,248,78,23,55,170,145,25,31.451612903225808,9.274193548387096,22.177419354838708,68.54838709677419,58.46774193548387,10.080645161290322
E00181297,142,28,12,16,114,103,11,19.718309859154928,8.450704225352112,11.267605633802818,80.28169014084507,72.53521126760563,7.746478873239436
E00181301,151,51,19,32,100,85,15,33.77483443708609,12.582781456953644,21.192052980132452,66.22516556291392,56.29139072847682,9.933774834437086
E00181302,199,37,8,29,162,143,19,18.592964824120603,4.0201005025125625,14.572864321608039,81.4070351758794,71.85929648241206,9.547738693467336
E00181305,159,35,11,24,124,98,26,22.0125786163522,6.918238993710692,15.09433962264151,77.9874213836478,61.63522012578616,16.352201257861633
E00181306,30,11,4,7,19,17,2,36.666666666666664,13.333333333333334,23.333333333333332,63.33333333333333,56.666666666666664,6.666666666666667
E00181307,66,14,4,10,52,42,10,21.21212121212121,6.0606060606060606,15.151515151515152,78.78787878787878,63.63636363636363,15.151515151515152
E00181309,214,58,15,43,156,136,20,27.102803738317753,7.009345794392523,20.093457943925234,72.89719626168224,63.55140186915887,9.345794392523365
E00181311,218,64,21,43,154,124,30,29.357798165137616,9.63302752293578,19.724770642201836,70.64220183486239,56.88073394495413,13.761467889908257
E00181314,92,25,8,17,67,42,25,27.173913043478258,8.695652173913043,18.478260869565215,72.82608695652173,45.65217391304348,27.173913043478258
E00181320,216,62,12,50,154,133,21,28.703703703703702,5.555555555555555,23.14814814814815,71.29629629629629,61.57407407407407,9.722222222222223
E00181321,231,58,16,42,173,143,30,25.108225108225106,6.926406926406926,18.181818181818183,74.89177489177489,61.904761904761905,12.987012987012985
E00181322,112,28,5,23,84,69,15,25,4.464285714285714,20.535714285714285,75,61.60714285714286,13.392857142857142
E00181325,259,69,24,45,190,165,25,26.640926640926644,9.266409266409266,17.374517374517374,73.35907335907336,63.7065637065637,9.652509652509652
E00181326,65,21,5,16,44,39,5,32.30769230769231,7.6923076923076925,24.615384615384617,67.6923076923077,60,7.6923076923076925
E00181332,221,53,19,34,168,137,31,23.981900452488688,8.597285067873303,15.384615384615385,76.01809954751131,61.990950226244344,14.027149321266968
E00181335,62,15,3,12,47,41,6,24.193548387096776,4.838709677419355,19.35483870967742,75.80645161290323,66.12903225806451,9.67741935483871
E00181338,73,26,15,11,47,37,10,35.61643835616438,20.54794520547945,15.068493150684931,64.38356164383562,50.68493150684932,13.698630136986301
E00181341,82,16,7,9,66,59,7,19.51219512195122,8.536585365853659,10.975609756097562,80.48780487804879,71.95121951219512,8.536585365853659
E00181342,181,49,18,31,132,114,18,27.071823204419886,9.94475138121547,17.12707182320442,72.92817679558011,62.98342541436463,9.94475138121547
E00181349,253,62,18,44,191,167,24,24.50592885375494,7.114624505928854,17.391304347826086,75.49407114624506,66.00790513833992,9.486166007905137
E00181350,44,16,5,11,28,20,8,36.36363636363637,11.363636363636363,25,63.63636363636363,45.45454545454545,18.181818181818183
E00181351,189,42,12,30,147,124,23,22.22222222222222,6.349206349206349,15.873015873015872,77.77777777777779,65.60846560846561,12.16931216931217
E00181353,189,51,13,38,138,111,27,26.984126984126984,6.878306878306878,20.105820105820104,73.01587301587301,58.730158730158735,14.285714285714285
E00181355,178,43,14,29,135,111,24,24.15730337078652,7.865168539325842,16.292134831460675,75.84269662921348,62.35955056179775,13.48314606741573
E00181356,38,16,5,11,22,20,2,42.10526315789473,13.157894736842104,28.947368421052634,57.89473684210527,52.63157894736842,5.263157894736842
E00181360,196,55,15,40,141,125,16,28.061224489795915,7.653061224489796,20.408163265306122,71.93877551020408,63.775510204081634,8.16326530612245
E00181362,71,14,4,10,57,46,11,19.718309859154928,5.633802816901409,14.084507042253522,80.28169014084507,64.7887323943662,15.492957746478872
E00181381,147,28,13,15,119,100,19,19.047619047619047,8.843537414965986,10.204081632653061,80.95238095238095,68.02721088435374,12.925170068027212
E00181386,147,51,21,30,96,70,26,34.69387755102041,14.285714285714285,20.408163265306122,65.3061224489796,47.61904761904761,17.687074829931973
E00181392,147,36,11,25,111,90,21,24.489795918367346,7.482993197278912,17.006802721088434,75.51020408163265,61.224489795918366,14.285714285714285
E00181394,106,28,8,20,78,63,15,26.41509433962264,7.547169811320755,18.867924528301888,73.58490566037736,59.43396226415094,14.150943396226415
E00181397,301,97,27,70,204,169,35,32.22591362126246,8.970099667774086,23.25581395348837,67.77408637873754,56.14617940199336,11.627906976744185
E00181400,207,63,26,37,144,115,29,30.434782608695656,12.560386473429952,17.874396135265698,69.56521739130434,55.55555555555556,14.009661835748794
E00181401,297,83,25,58,214,183,31,27.946127946127948,8.417508417508419,19.52861952861953,72.05387205387206,61.61616161616161,10.437710437710438
E00181404,91,27,5,22,64,55,9,29.67032967032967,5.4945054945054945,24.175824175824175,70.32967032967034,60.43956043956044,9.89010989010989
E00181409,209,38,10,28,171,143,28,18.181818181818183,4.784688995215311,13.397129186602871,81.81818181818183,68.42105263157895,13.397129186602871
E00181410,157,46,13,33,111,88,23,29.29936305732484,8.280254777070063,21.019108280254777,70.70063694267516,56.05095541401274,14.64968152866242
