OA,ts0380001,ts0380002,ts0380003,ts0380004,ts0380005,ts0380006,ts0380007,ts0380002_PCT,ts0380003_PCT,ts0380004_PCT,ts0380005_PCT,ts0380006_PCT,ts0380007_PCT
E00082123,237,72,29,43,165,19,146,30.37974683544304,12.236286919831224,18.143459915611814,69.62025316455697,8.016877637130802,61.60337552742617
E00082124,470,79,24,55,391,45,346,16.80851063829787,5.106382978723404,11.702127659574469,83.19148936170212,9.574468085106384,73.61702127659574
E00082125,413,72,21,51,341,41,300,17.433414043583532,5.084745762711865,12.34866828087167,82.56658595641646,9.927360774818402,72.63922518159806
E00082126,333,56,19,37,277,34,243,16.816816816816818,5.7057057057057055,11.11111111111111,83.18318318318319,10.21021021021021,72.97297297297297
E00082127,273,33,13,20,240,21,219,12.087912087912088,4.761904761904762,7.326007326007327,87.91208791208791,7.6923076923076925,80.21978021978022
E00082128,315,45,17,28,270,21,249,14.285714285714285,5.396825396825397,8.88888888888889,85.71428571428571,6.666666666666667,79.04761904761905
E00082129,554,58,16,42,496,48,448,10.469314079422382,2.888086642599278,7.581227436823104,89.53068592057761,8.664259927797833,80.86642599277978
E00082130,360,66,33,33,294,36,258,18.333333333333332,9.166666666666666,9.166666666666666,81.66666666666667,10,71.66666666666667
E00082131,283,32,14,18,251,23,228,11.307420494699647,4.946996466431095,6.36042402826855,88.69257950530034,8.12720848056537,80.56537102473497
E00082132,427,34,5,29,393,43,350,7.962529274004685,1.1709601873536302,6.791569086651054,92.03747072599532,10.070257611241217,81.9672131147541
E00082133,317,43,14,29,274,33,241,13.564668769716087,4.416403785488959,9.14826498422713,86.43533123028391,10.410094637223976,76.02523659305994
E00082134,329,50,18,32,279,23,256,15.19756838905775,5.47112462006079,9.72644376899696,84.80243161094225,6.990881458966565,77.81155015197568
E00082135,324,37,4,33,287,31,256,11.419753086419753,1.2345679012345678,10.185185185185185,88.58024691358025,9.5679012345679,79.01234567901234
E00082136,375,41,6,35,334,39,295,10.933333333333334,1.6,9.333333333333334,89.06666666666668,10.4,78.66666666666666
E00082137,320,43,17,26,277,16,261,13.4375,5.3125,8.125,86.5625,5,81.5625
E00082138,354,30,6,24,324,24,300,8.47457627118644,1.694915254237288,6.779661016949152,91.52542372881356,6.779661016949152,84.7457627118644
E00082139,149,20,6,14,129,18,111,13.422818791946309,4.026845637583892,9.395973154362416,86.57718120805369,12.080536912751679,74.49664429530202
E00082140,244,28,7,21,216,26,190,11.475409836065573,2.8688524590163933,8.60655737704918,88.52459016393442,10.655737704918032,77.8688524590164
E00082141,400,51,14,37,349,38,311,12.75,3.5000000000000004,9.25,87.25,9.5,77.75
E00082142,350,52,17,35,298,23,275,14.857142857142858,4.857142857142857,10,85.14285714285714,6.571428571428571,78.57142857142857
E00082143,254,39,12,27,215,19,196,15.354330708661418,4.724409448818897,10.62992125984252,84.64566929133859,7.480314960629922,77.16535433070865
E00082145,249,39,14,25,210,13,197,15.66265060240964,5.622489959839357,10.040160642570282,84.33734939759037,5.220883534136546,79.11646586345381
E00082146,318,37,15,22,281,33,248,11.635220125786164,4.716981132075472,6.918238993710692,88.36477987421384,10.377358490566039,77.9874213836478
E00082147,221,28,11,17,193,21,172,12.669683257918551,4.97737556561086,7.6923076923076925,87.33031674208145,9.502262443438914,77.82805429864254
E00082148,417,45,18,27,372,25,347,10.79136690647482,4.316546762589928,6.474820143884892,89.20863309352518,5.995203836930456,83.21342925659472
E00082149,340,53,11,42,287,28,259,15.588235294117647,3.2352941176470593,12.352941176470589,84.41176470588235,8.235294117647058,76.17647058823529
E00082150,297,23,5,18,274,11,263,7.744107744107744,1.6835016835016834,6.0606060606060606,92.25589225589226,3.7037037037037033,88.55218855218855
E00082151,329,40,8,32,289,28,261,12.158054711246201,2.43161094224924,9.72644376899696,87.84194528875379,8.51063829787234,79.33130699088146
E00082152,261,26,5,21,235,14,221,9.961685823754788,1.9157088122605364,8.045977011494253,90.03831417624522,5.363984674329502,84.67432950191571
E00082153,205,19,5,14,186,12,174,9.268292682926829,2.4390243902439024,6.829268292682928,90.73170731707317,5.853658536585367,84.8780487804878
E00082154,373,25,7,18,348,31,317,6.702412868632708,1.876675603217158,4.825737265415549,93.2975871313673,8.310991957104557,84.98659517426273
E00082155,273,32,7,25,241,22,219,11.72161172161172,2.564102564102564,9.157509157509157,88.27838827838828,8.058608058608058,80.21978021978022
E00082156,186,30,18,12,156,22,134,16.129032258064516,9.67741935483871,6.451612903225806,83.87096774193549,11.827956989247312,72.04301075268818
E00082157,259,41,9,32,218,28,190,15.83011583011583,3.474903474903475,12.355212355212355,84.16988416988417,10.81081081081081,73.35907335907336
E00082158,242,25,10,15,217,21,196,10.330578512396695,4.132231404958678,6.198347107438017,89.6694214876033,8.677685950413224,80.99173553719008
E00082159,274,40,14,26,234,18,216,14.5985401459854,5.109489051094891,9.48905109489051,85.40145985401459,6.569343065693431,78.83211678832117
E00082160,269,33,9,24,236,19,217,12.267657992565056,3.3457249070631967,8.921933085501859,87.73234200743495,7.063197026022305,80.66914498141264
E00082161,320,42,13,29,278,14,264,13.125,4.0625,9.0625,86.875,4.375,82.5
E00082162,307,47,14,33,260,19,241,15.309446254071663,4.5602605863192185,10.749185667752444,84.69055374592834,6.188925081433225,78.50162866449512
E00082163,321,37,14,23,284,30,254,11.526479750778815,4.361370716510903,7.165109034267912,88.47352024922118,9.345794392523365,79.12772585669782
E00082164,314,55,19,36,259,27,232,17.51592356687898,6.050955414012739,11.464968152866243,82.48407643312102,8.598726114649681,73.88535031847134
E00082166,371,37,16,21,334,22,312,9.973045822102426,4.31266846361186,5.660377358490567,90.02695417789758,5.929919137466308,84.09703504043127
E00082167,335,43,11,32,292,37,255,12.835820895522387,3.2835820895522385,9.55223880597015,87.16417910447761,11.044776119402986,76.11940298507463
E00082168,292,30,10,20,262,30,232,10.273972602739725,3.4246575342465753,6.8493150684931505,89.72602739726028,10.273972602739725,79.45205479452055
E00082169,283,36,6,30,247,18,229,12.7208480565371,2.1201413427561837,10.60070671378092,87.27915194346289,6.36042402826855,80.91872791519434
E00082170,281,28,5,23,253,19,234,9.9644128113879,1.7793594306049825,8.185053380782918,90.0355871886121,6.761565836298933,83.27402135231317
E00082171,551,88,34,54,463,36,427,15.970961887477314,6.170598911070781,9.800362976406534,84.0290381125227,6.533575317604355,77.49546279491834
E00082172,267,25,9,16,242,16,226,9.363295880149813,3.3707865168539324,5.992509363295881,90.63670411985018,5.992509363295881,84.6441947565543
E00082173,337,55,16,39,282,32,250,16.320474777448073,4.747774480712167,11.572700296735905,83.67952522255193,9.495548961424333,74.1839762611276
E00082174,485,56,9,47,429,29,400,11.54639175257732,1.8556701030927836,9.690721649484537,88.45360824742268,5.979381443298969,82.4742268041237
E00082175,250,26,4,22,224,20,204,10.4,1.6,8.799999999999999,89.60000000000001,8,81.6
E00082176,324,50,16,34,274,24,250,15.432098765432098,4.938271604938271,10.493827160493826,84.5679012345679,7.4074074074074066,77.1604938271605
E00082177,295,36,14,22,259,20,239,12.203389830508476,4.745762711864407,7.457627118644068,87.79661016949153,6.779661016949152,81.01694915254237
E00082178,265,38,14,24,227,29,198,14.339622641509434,5.283018867924529,9.056603773584905,85.66037735849056,10.943396226415095,74.71698113207546
E00082179,489,54,20,34,435,38,397,11.042944785276074,4.08997955010225,6.952965235173824,88.95705521472392,7.770961145194274,81.18609406952966
E00082180,329,34,7,27,295,29,266,10.33434650455927,2.127659574468085,8.206686930091186,89.66565349544074,8.814589665653495,80.85106382978722
E00082182,217,15,5,10,202,17,185,6.912442396313365,2.3041474654377883,4.6082949308755765,93.08755760368663,7.834101382488479,85.25345622119815
E00082183,387,48,11,37,339,27,312,12.4031007751938,2.842377260981912,9.560723514211885,87.59689922480621,6.976744186046512,80.62015503875969
E00082184,453,33,6,27,420,21,399,7.28476821192053,1.3245033112582782,5.960264900662252,92.71523178807946,4.635761589403973,88.0794701986755
E00082185,443,78,27,51,365,29,336,17.607223476297968,6.094808126410835,11.512415349887133,82.39277652370203,6.5462753950338595,75.84650112866818
E00082186,358,41,10,31,317,29,288,11.452513966480447,2.793296089385475,8.659217877094973,88.54748603351955,8.100558659217876,80.44692737430168
E00082187,286,65,21,44,221,28,193,22.727272727272727,7.3426573426573425,15.384615384615385,77.27272727272727,9.79020979020979,67.48251748251748
E00082188,295,45,20,25,250,26,224,15.254237288135593,6.779661016949152,8.47457627118644,84.7457627118644,8.813559322033898,75.9322033898305
E00082189,294,44,11,33,250,23,227,14.965986394557824,3.741496598639456,11.224489795918368,85.03401360544217,7.8231292517006805,77.21088435374149
E00082190,385,59,17,42,326,21,305,15.324675324675324,4.415584415584416,10.909090909090908,84.67532467532467,5.454545454545454,79.22077922077922
E00082191,361,56,21,35,305,39,266,15.512465373961218,5.8171745152354575,9.695290858725762,84.48753462603878,10.80332409972299,73.68421052631578
E00082192,350,56,17,39,294,47,247,16,4.857142857142857,11.142857142857142,84,13.428571428571429,70.57142857142857
E00082193,195,28,7,21,167,15,152,14.358974358974358,3.5897435897435894,10.76923076923077,85.64102564102564,7.6923076923076925,77.94871794871796
E00082194,208,27,7,20,181,14,167,12.980769230769232,3.3653846153846154,9.615384615384617,87.01923076923077,6.730769230769231,80.28846153846155
E00082195,377,50,12,38,327,34,293,13.262599469496022,3.183023872679045,10.079575596816976,86.73740053050398,9.018567639257293,77.71883289124668
E00082196,368,64,34,30,304,23,281,17.391304347826086,9.239130434782608,8.152173913043478,82.6086956521739,6.25,76.3586956521739
E00082197,289,25,9,16,264,22,242,8.650519031141869,3.1141868512110724,5.536332179930796,91.34948096885813,7.612456747404845,83.73702422145328
E00082198,354,47,15,32,307,30,277,13.27683615819209,4.23728813559322,9.03954802259887,86.7231638418079,8.47457627118644,78.24858757062147
E00082199,364,38,14,24,326,29,297,10.43956043956044,3.8461538461538463,6.593406593406594,89.56043956043956,7.967032967032966,81.5934065934066
E00082200,343,59,32,27,284,35,249,17.20116618075802,9.329446064139942,7.871720116618077,82.79883381924198,10.204081632653061,72.59475218658892
E00082201,382,63,23,40,319,23,296,16.49214659685864,6.020942408376963,10.471204188481675,83.50785340314137,6.020942408376963,77.4869109947644
E00082202,236,61,23,38,175,23,152,25.847457627118644,9.745762711864407,16.101694915254235,74.15254237288136,9.745762711864407,64.40677966101694
E00082203,398,70,28,42,328,22,306,17.587939698492463,7.035175879396985,10.552763819095476,82.41206030150754,5.527638190954774,76.88442211055276
E00082204,376,47,15,32,329,28,301,12.5,3.9893617021276597,8.51063829787234,87.5,7.446808510638298,80.0531914893617
E00082205,340,88,35,53,252,10,242,25.882352941176475,10.294117647058822,15.588235294117647,74.11764705882354,2.941176470588235,71.17647058823529
E00082206,373,61,23,38,312,32,280,16.353887399463808,6.166219839142091,10.187667560321715,83.6461126005362,8.579088471849866,75.06702412868633
E00082207,469,65,25,40,404,33,371,13.859275053304904,5.330490405117271,8.528784648187633,86.14072494669509,7.036247334754798,79.1044776119403
E00082208,436,79,23,56,357,30,327,18.11926605504587,5.275229357798166,12.844036697247708,81.88073394495413,6.8807339449541285,75
E00082209,300,36,10,26,264,27,237,12,3.3333333333333335,8.666666666666668,88,9,79
E00082210,396,34,5,29,362,22,340,8.585858585858585,1.2626262626262625,7.3232323232323235,91.41414141414141,5.555555555555555,85.85858585858585
E00082211,417,44,14,30,373,38,335,10.551558752997602,3.357314148681055,7.1942446043165464,89.44844124700239,9.112709832134293,80.3357314148681
E00082212,392,64,18,46,328,28,300,16.3265306122449,4.591836734693878,11.73469387755102,83.6734693877551,7.142857142857142,76.53061224489795
E00082213,277,68,26,42,209,22,187,24.548736462093864,9.386281588447654,15.162454873646208,75.45126353790613,7.9422382671480145,67.50902527075813
E00082214,279,34,10,24,245,20,225,12.186379928315413,3.584229390681003,8.60215053763441,87.81362007168458,7.168458781362006,80.64516129032258
E00082215,352,56,27,29,296,18,278,15.909090909090908,7.670454545454546,8.238636363636363,84.0909090909091,5.113636363636364,78.97727272727273
E00082216,266,47,14,33,219,17,202,17.669172932330827,5.263157894736842,12.406015037593985,82.33082706766918,6.390977443609022,75.93984962406014
E00082217,136,62,26,36,74,14,60,45.588235294117645,19.11764705882353,26.47058823529412,54.41176470588235,10.294117647058822,44.11764705882353
E00082218,276,37,8,29,239,29,210,13.405797101449277,2.898550724637681,10.507246376811594,86.59420289855072,10.507246376811594,76.08695652173914
E00082219,301,26,7,19,275,26,249,8.637873754152823,2.3255813953488373,6.312292358803987,91.36212624584718,8.637873754152823,82.72425249169434
E00082220,308,48,11,37,260,18,242,15.584415584415584,3.571428571428571,12.012987012987013,84.4155844155844,5.844155844155844,78.57142857142857
E00082221,215,19,4,15,196,15,181,8.837209302325581,1.8604651162790697,6.976744186046512,91.16279069767442,6.976744186046512,84.18604651162791
E00082222,305,35,8,27,270,25,245,11.475409836065573,2.622950819672131,8.852459016393443,88.52459016393442,8.19672131147541,80.32786885245902
E00082223,339,38,15,23,301,26,275,11.209439528023598,4.424778761061947,6.784660766961652,88.79056047197639,7.669616519174041,81.12094395280236
E00082224,279,37,13,24,242,28,214,13.261648745519713,4.659498207885305,8.60215053763441,86.73835125448028,10.03584229390681,76.70250896057348
E00082225,293,28,5,23,265,20,245,9.556313993174061,1.7064846416382253,7.849829351535837,90.44368600682594,6.825938566552901,83.61774744027304
E00082226,313,54,17,37,259,23,236,17.252396166134183,5.431309904153355,11.821086261980831,82.74760383386581,7.348242811501597,75.39936102236422
E00082227,294,33,12,21,261,30,231,11.224489795918368,4.081632653061225,7.142857142857142,88.77551020408163,10.204081632653061,78.57142857142857
E00082228,384,40,11,29,344,35,309,10.416666666666668,2.864583333333333,7.552083333333333,89.58333333333334,9.114583333333332,80.46875
E00082229,322,59,16,43,263,24,239,18.32298136645963,4.968944099378882,13.354037267080745,81.67701863354037,7.453416149068323,74.22360248447205
E00082230,355,37,10,27,318,18,300,10.422535211267606,2.8169014084507045,7.605633802816901,89.5774647887324,5.070422535211268,84.50704225352112
E00082231,571,213,156,57,358,39,319,37.3029772329247,27.32049036777583,9.98248686514886,62.6970227670753,6.830122591943957,55.86690017513135
E00082232,186,21,7,14,165,21,144,11.29032258064516,3.763440860215054,7.526881720430108,88.70967741935483,11.29032258064516,77.41935483870968
E00082233,513,59,16,43,454,30,424,11.500974658869396,3.1189083820662766,8.382066276803119,88.4990253411306,5.847953216374268,82.65107212475633
E00082234,461,31,9,22,430,36,394,6.724511930585683,1.9522776572668112,4.772234273318872,93.27548806941431,7.809110629067245,85.46637744034707
E00082235,409,37,8,29,372,30,342,9.04645476772616,1.9559902200488997,7.090464547677261,90.95354523227384,7.334963325183375,83.61858190709046
E00082236,613,62,17,45,551,48,503,10.114192495921696,2.7732463295269167,7.3409461663947795,89.88580750407831,7.830342577487764,82.05546492659053
E00082237,334,43,10,33,291,27,264,12.874251497005988,2.9940119760479043,9.880239520958083,87.12574850299401,8.08383233532934,79.04191616766467
E00082238,356,64,25,39,292,21,271,17.97752808988764,7.02247191011236,10.955056179775282,82.02247191011236,5.8988764044943816,76.12359550561798
E00082239,499,83,35,48,416,31,385,16.63326653306613,7.014028056112225,9.619238476953909,83.36673346693387,6.212424849699398,77.15430861723446
E00082240,302,52,16,36,250,27,223,17.218543046357617,5.298013245033113,11.920529801324504,82.78145695364239,8.940397350993377,73.84105960264901
E00082241,384,62,28,34,322,20,302,16.145833333333336,7.291666666666667,8.854166666666668,83.85416666666666,5.208333333333334,78.64583333333334
E00082242,291,84,46,38,207,19,188,28.865979381443296,15.807560137457044,13.058419243986256,71.1340206185567,6.529209621993128,64.60481099656357
E00082243,457,122,68,54,335,26,309,26.695842450765866,14.87964989059081,11.816192560175056,73.30415754923413,5.689277899343545,67.6148796498906
E00082244,417,73,20,53,344,36,308,17.505995203836928,4.796163069544365,12.709832134292565,82.49400479616307,8.633093525179856,73.86091127098321
E00082245,496,85,38,47,411,31,380,17.137096774193548,7.661290322580645,9.475806451612904,82.86290322580645,6.25,76.61290322580645
E00082247,387,88,36,52,299,29,270,22.739018087855296,9.30232558139535,13.436692506459949,77.2609819121447,7.493540051679587,69.76744186046511
E00082248,356,47,19,28,309,26,283,13.202247191011235,5.337078651685393,7.865168539325842,86.79775280898876,7.303370786516854,79.49438202247191
E00082249,290,45,21,24,245,18,227,15.517241379310345,7.241379310344828,8.275862068965518,84.48275862068965,6.206896551724138,78.27586206896552
E00082250,286,34,13,21,252,25,227,11.888111888111888,4.545454545454546,7.3426573426573425,88.11188811188812,8.741258741258742,79.37062937062937
E00082251,288,40,13,27,248,24,224,13.88888888888889,4.513888888888888,9.375,86.11111111111111,8.333333333333332,77.77777777777779
E00082252,350,34,9,25,316,21,295,9.714285714285714,2.571428571428571,7.142857142857142,90.28571428571428,6,84.28571428571429
E00082253,300,55,12,43,245,13,232,18.333333333333332,4,14.333333333333334,81.66666666666667,4.333333333333334,77.33333333333333
E00082254,316,31,8,23,285,23,262,9.81012658227848,2.5316455696202533,7.2784810126582276,90.18987341772153,7.2784810126582276,82.91139240506328
E00082255,352,62,30,32,290,22,268,17.613636363636363,8.522727272727272,9.090909090909092,82.38636363636364,6.25,76.13636363636364
E00082256,380,58,19,39,322,34,288,15.263157894736842,5,10.263157894736842,84.73684210526315,8.947368421052632,75.78947368421053
E00082257,470,57,14,43,413,38,375,12.127659574468085,2.9787234042553195,9.148936170212766,87.87234042553192,8.085106382978724,79.7872340425532
E00082258,370,69,19,50,301,30,271,18.64864864864865,5.135135135135135,13.513513513513514,81.35135135135135,8.108108108108109,73.24324324324324
E00082259,310,39,13,26,271,25,246,12.580645161290322,4.193548387096775,8.38709677419355,87.41935483870968,8.064516129032258,79.35483870967742
E00082261,330,38,12,26,292,28,264,11.515151515151516,3.6363636363636362,7.878787878787878,88.48484848484848,8.484848484848486,80
E00082262,370,44,18,26,326,29,297,11.891891891891893,4.864864864864865,7.027027027027027,88.10810810810811,7.837837837837839,80.27027027027027
E00082263,474,90,34,56,384,25,359,18.9873417721519,7.172995780590717,11.814345991561181,81.0126582278481,5.274261603375527,75.73839662447257
E00082264,430,57,16,41,373,33,340,13.25581395348837,3.7209302325581395,9.534883720930234,86.74418604651163,7.674418604651163,79.06976744186046
E00082265,399,42,11,31,357,43,314,10.526315789473683,2.756892230576441,7.769423558897243,89.47368421052632,10.776942355889723,78.69674185463658
E00082266,485,43,11,32,442,53,389,8.8659793814433,2.268041237113402,6.5979381443298974,91.1340206185567,10.927835051546392,80.20618556701031
E00082267,291,30,7,23,261,22,239,10.309278350515463,2.405498281786942,7.903780068728522,89.69072164948454,7.560137457044673,82.13058419243985
E00082268,352,49,14,35,303,35,268,13.920454545454545,3.977272727272727,9.943181818181818,86.07954545454545,9.943181818181818,76.13636363636364
E00082269,234,24,4,20,210,25,185,10.256410256410255,1.7094017094017095,8.547008547008547,89.74358974358975,10.683760683760683,79.05982905982906
E00082270,354,41,18,23,313,26,287,11.581920903954803,5.084745762711865,6.497175141242938,88.4180790960452,7.344632768361582,81.07344632768361
E00082271,457,79,29,50,378,47,331,17.286652078774615,6.3457330415754925,10.940919037199125,82.71334792122538,10.284463894967178,72.42888402625822
E00082272,359,38,13,25,321,27,294,10.584958217270195,3.6211699164345403,6.963788300835655,89.41504178272982,7.520891364902507,81.89415041782729
E00082273,497,80,25,55,417,37,380,16.096579476861166,5.030181086519115,11.066398390342053,83.90342052313883,7.44466800804829,76.45875251509054
E00082274,305,31,8,23,274,26,248,10.163934426229508,2.622950819672131,7.540983606557377,89.8360655737705,8.524590163934425,81.31147540983606
E00082275,294,55,20,35,239,18,221,18.70748299319728,6.802721088435375,11.904761904761903,81.29251700680273,6.122448979591836,75.17006802721087
E00082276,103,24,9,15,79,5,74,23.300970873786408,8.737864077669903,14.563106796116504,76.69902912621359,4.854368932038835,71.84466019417476
E00082277,132,12,2,10,120,13,107,9.090909090909092,1.5151515151515151,7.575757575757576,90.9090909090909,9.848484848484848,81.06060606060606
E00082278,372,48,13,35,324,34,290,12.903225806451612,3.494623655913978,9.408602150537634,87.09677419354838,9.13978494623656,77.95698924731182
E00082279,300,46,12,34,254,20,234,15.333333333333332,4,11.333333333333332,84.66666666666667,6.666666666666667,78
E00082280,331,24,8,16,307,25,282,7.250755287009064,2.416918429003021,4.833836858006042,92.74924471299094,7.552870090634441,85.1963746223565
E00082281,334,59,20,39,275,30,245,17.664670658682635,5.9880239520958085,11.676646706586826,82.33532934131736,8.982035928143713,73.35329341317365
E00082282,353,38,9,29,315,37,278,10.764872521246458,2.5495750708215295,8.21529745042493,89.23512747875354,10.48158640226629,78.75354107648725
E00082283,303,42,13,29,261,19,242,13.861386138613863,4.29042904290429,9.570957095709572,86.13861386138613,6.270627062706271,79.86798679867987
E00082284,313,47,19,28,266,25,241,15.015974440894569,6.070287539936102,8.945686900958465,84.98402555910543,7.987220447284344,76.99680511182109
E00082285,345,50,12,38,295,31,264,14.492753623188406,3.4782608695652173,11.014492753623188,85.5072463768116,8.985507246376812,76.52173913043478
E00082286,311,37,8,29,274,19,255,11.89710610932476,2.572347266881029,9.32475884244373,88.10289389067523,6.109324758842444,81.9935691318328
E00082287,374,43,14,29,331,33,298,11.497326203208557,3.7433155080213902,7.754010695187167,88.50267379679144,8.823529411764707,79.67914438502673
E00082288,285,24,8,16,261,19,242,8.421052631578947,2.807017543859649,5.614035087719298,91.57894736842105,6.666666666666667,84.91228070175438
E00082289,385,46,10,36,339,20,319,11.948051948051948,2.5974025974025974,9.35064935064935,88.05194805194805,5.194805194805195,82.85714285714286
E00082290,410,68,22,46,342,32,310,16.585365853658537,5.365853658536586,11.219512195121952,83.41463414634146,7.804878048780488,75.60975609756098
E00082291,272,36,12,24,236,31,205,13.23529411764706,4.411764705882353,8.823529411764707,86.76470588235294,11.397058823529411,75.36764705882352
E00082292,347,45,10,35,302,28,274,12.968299711815561,2.881844380403458,10.086455331412104,87.03170028818444,8.069164265129682,78.96253602305475
E00082293,308,49,19,30,259,28,231,15.909090909090908,6.1688311688311686,9.740259740259742,84.0909090909091,9.090909090909092,75
E00082294,341,36,13,23,305,36,269,10.557184750733137,3.812316715542522,6.744868035190615,89.44281524926686,10.557184750733137,78.88563049853371
E00082295,290,35,8,27,255,20,235,12.068965517241379,2.7586206896551726,9.310344827586208,87.93103448275862,6.896551724137931,81.03448275862068
E00082296,399,44,16,28,355,43,312,11.027568922305765,4.010025062656641,7.017543859649122,88.97243107769424,10.776942355889723,78.19548872180451
E00082297,487,63,28,35,424,50,374,12.93634496919918,5.749486652977413,7.186858316221765,87.06365503080082,10.266940451745379,76.79671457905543
E00082298,348,47,16,31,301,24,277,13.505747126436782,4.597701149425287,8.908045977011495,86.49425287356321,6.896551724137931,79.59770114942529
E00082299,309,49,12,37,260,20,240,15.857605177993527,3.8834951456310676,11.974110032362459,84.14239482200647,6.472491909385113,77.66990291262135
E00082302,307,36,8,28,271,36,235,11.726384364820847,2.6058631921824107,9.120521172638437,88.27361563517914,11.726384364820847,76.54723127035831
E00082303,529,62,23,39,467,43,424,11.720226843100189,4.3478260869565215,7.372400756143667,88.27977315689981,8.128544423440454,80.15122873345936
E00082306,322,53,14,39,269,20,249,16.459627329192546,4.3478260869565215,12.111801242236025,83.54037267080744,6.211180124223603,77.32919254658384
E00082307,309,41,13,28,268,28,240,13.268608414239482,4.207119741100324,9.06148867313916,86.73139158576052,9.06148867313916,77.66990291262135
E00082308,311,75,35,40,236,10,226,24.115755627009648,11.254019292604502,12.861736334405144,75.88424437299035,3.215434083601286,72.66881028938906
E00082309,279,30,7,23,249,21,228,10.75268817204301,2.5089605734767026,8.24372759856631,89.24731182795699,7.526881720430108,81.72043010752688
E00082310,304,35,6,29,269,24,245,11.513157894736842,1.9736842105263157,9.539473684210527,88.48684210526315,7.894736842105263,80.5921052631579
E00082311,343,74,29,45,269,17,252,21.574344023323615,8.454810495626822,13.119533527696792,78.4256559766764,4.956268221574344,73.46938775510205
E00082312,222,59,29,30,163,19,144,26.576576576576578,13.063063063063062,13.513513513513514,73.42342342342343,8.558558558558559,64.86486486486487
E00082313,305,53,19,34,252,25,227,17.37704918032787,6.229508196721312,11.147540983606557,82.62295081967214,8.19672131147541,74.42622950819671
E00082314,300,55,24,31,245,26,219,18.333333333333332,8,10.333333333333334,81.66666666666667,8.666666666666668,73
E00082315,208,42,12,30,166,18,148,20.192307692307693,5.769230769230769,14.423076923076922,79.8076923076923,8.653846153846153,71.15384615384616
E00082316,301,52,16,36,249,23,226,17.275747508305646,5.3156146179401995,11.960132890365449,82.72425249169434,7.641196013289036,75.08305647840533
E00082317,254,38,9,29,216,20,196,14.960629921259844,3.543307086614173,11.41732283464567,85.03937007874016,7.874015748031496,77.16535433070865
E00082318,307,38,10,28,269,41,228,12.37785016286645,3.257328990228013,9.120521172638437,87.62214983713355,13.355048859934854,74.2671009771987
E00082319,240,32,7,25,208,25,183,13.333333333333334,2.9166666666666665,10.416666666666668,86.66666666666667,10.416666666666668,76.25
E00082320,223,27,9,18,196,19,177,12.10762331838565,4.0358744394618835,8.071748878923767,87.89237668161435,8.520179372197308,79.37219730941703
E00082321,327,45,19,26,282,24,258,13.761467889908257,5.81039755351682,7.951070336391437,86.23853211009175,7.339449541284404,78.89908256880734
E00082322,295,48,15,33,247,34,213,16.271186440677965,5.084745762711865,11.186440677966102,83.72881355932203,11.525423728813559,72.20338983050848
E00082323,277,42,9,33,235,17,218,15.162454873646208,3.2490974729241873,11.913357400722022,84.83754512635379,6.137184115523466,78.70036101083032
E00082324,313,50,23,27,263,28,235,15.974440894568689,7.348242811501597,8.626198083067091,84.02555910543131,8.945686900958465,75.07987220447284
E00082325,297,65,32,33,232,25,207,21.885521885521886,10.774410774410773,11.11111111111111,78.11447811447812,8.417508417508419,69.6969696969697
E00082326,350,60,24,36,290,22,268,17.142857142857142,6.857142857142858,10.285714285714285,82.85714285714286,6.2857142857142865,76.57142857142857
E00082327,379,64,28,36,315,33,282,16.886543535620053,7.387862796833773,9.498680738786279,83.11345646437994,8.70712401055409,74.40633245382587
E00082328,360,74,31,43,286,29,257,20.555555555555554,8.61111111111111,11.944444444444445,79.44444444444444,8.055555555555555,71.38888888888889
E00082329,281,59,20,39,222,23,199,20.99644128113879,7.11743772241993,13.87900355871886,79.00355871886121,8.185053380782918,70.8185053380783
E00082330,321,29,13,16,292,29,263,9.034267912772584,4.049844236760125,4.984423676012461,90.96573208722741,9.034267912772584,81.93146417445483
E00082331,222,34,15,19,188,21,167,15.315315315315313,6.756756756756757,8.558558558558559,84.68468468468468,9.45945945945946,75.22522522522522
E00082332,392,54,26,28,338,31,307,13.77551020408163,6.63265306122449,7.142857142857142,86.22448979591837,7.908163265306123,78.31632653061224
E00082333,255,28,8,20,227,24,203,10.980392156862745,3.1372549019607843,7.8431372549019605,89.01960784313725,9.411764705882353,79.6078431372549
E00082334,266,67,19,48,199,19,180,25.18796992481203,7.142857142857142,18.045112781954884,74.81203007518798,7.142857142857142,67.66917293233082
E00082336,267,39,16,23,228,24,204,14.606741573033707,5.992509363295881,8.614232209737828,85.39325842696628,8.98876404494382,76.40449438202246
E00082337,273,38,11,27,235,17,218,13.91941391941392,4.029304029304029,9.89010989010989,86.08058608058609,6.227106227106227,79.85347985347985
E00082338,276,43,11,32,233,24,209,15.579710144927535,3.985507246376811,11.594202898550725,84.42028985507247,8.695652173913043,75.72463768115942
E00082339,287,36,11,25,251,23,228,12.543554006968641,3.8327526132404177,8.710801393728223,87.45644599303137,8.013937282229964,79.44250871080139
E00082340,316,36,12,24,280,23,257,11.39240506329114,3.79746835443038,7.59493670886076,88.60759493670885,7.2784810126582276,81.32911392405063
E00082341,548,85,25,60,463,47,416,15.51094890510949,4.562043795620438,10.948905109489052,84.48905109489051,8.576642335766424,75.91240875912408
E00082342,243,55,28,27,188,15,173,22.633744855967077,11.522633744855968,11.11111111111111,77.36625514403292,6.172839506172839,71.19341563786008
E00082343,285,57,28,29,228,28,200,20,9.824561403508772,10.175438596491228,80,9.824561403508772,70.17543859649122
E00082344,281,51,9,42,230,22,208,18.14946619217082,3.202846975088968,14.94661921708185,81.85053380782918,7.829181494661921,74.02135231316726
E00082345,318,51,18,33,267,30,237,16.037735849056602,5.660377358490567,10.377358490566039,83.9622641509434,9.433962264150944,74.52830188679245
E00082346,294,44,14,30,250,21,229,14.965986394557824,4.761904761904762,10.204081632653061,85.03401360544217,7.142857142857142,77.89115646258503
E00082347,314,40,8,32,274,31,243,12.738853503184714,2.547770700636943,10.191082802547772,87.26114649681529,9.872611464968154,77.38853503184714
E00082348,271,42,20,22,229,19,210,15.498154981549817,7.380073800738007,8.118081180811808,84.50184501845018,7.011070110701106,77.49077490774908
E00082349,253,26,9,17,227,11,216,10.276679841897234,3.557312252964427,6.719367588932807,89.72332015810277,4.3478260869565215,85.37549407114624
E00082350,133,20,8,12,113,8,105,15.037593984962406,6.015037593984962,9.022556390977442,84.9624060150376,6.015037593984962,78.94736842105263
E00082351,271,36,11,25,235,21,214,13.284132841328415,4.059040590405904,9.22509225092251,86.71586715867159,7.7490774907749085,78.96678966789668
E00082352,252,49,16,33,203,21,182,19.444444444444446,6.349206349206349,13.095238095238097,80.55555555555556,8.333333333333332,72.22222222222221
E00082353,323,27,8,19,296,40,256,8.359133126934983,2.476780185758514,5.88235294117647,91.64086687306502,12.38390092879257,79.25696594427245
E00082354,310,51,25,26,259,26,233,16.451612903225808,8.064516129032258,8.38709677419355,83.54838709677419,8.38709677419355,75.16129032258064
E00082355,316,46,13,33,270,26,244,14.556962025316455,4.113924050632911,10.443037974683545,85.44303797468355,8.227848101265822,77.21518987341773
E00082356,274,35,8,27,239,29,210,12.773722627737227,2.9197080291970803,9.854014598540147,87.22627737226277,10.583941605839415,76.64233576642336
E00082357,360,62,18,44,298,29,269,17.22222222222222,5,12.222222222222221,82.77777777777777,8.055555555555555,74.72222222222223
E00082358,325,37,9,28,288,33,255,11.384615384615385,2.769230769230769,8.615384615384615,88.61538461538461,10.153846153846153,78.46153846153847
E00082359,415,39,12,27,376,30,346,9.397590361445783,2.891566265060241,6.506024096385541,90.60240963855422,7.228915662650602,83.37349397590361
E00082360,290,43,7,36,247,18,229,14.827586206896552,2.413793103448276,12.413793103448276,85.17241379310346,6.206896551724138,78.96551724137932
E00082361,233,37,15,22,196,15,181,15.879828326180256,6.437768240343347,9.44206008583691,84.12017167381974,6.437768240343347,77.6824034334764
E00082362,322,50,12,38,272,27,245,15.527950310559005,3.7267080745341614,11.801242236024844,84.472049689441,8.385093167701864,76.08695652173914
E00082363,284,59,27,32,225,30,195,20.774647887323944,9.507042253521126,11.267605633802818,79.22535211267606,10.56338028169014,68.66197183098592
E00082364,296,50,13,37,246,26,220,16.89189189189189,4.391891891891892,12.5,83.1081081081081,8.783783783783784,74.32432432432432
E00082365,351,64,20,44,287,27,260,18.233618233618234,5.698005698005698,12.535612535612536,81.76638176638177,7.6923076923076925,74.07407407407408
E00082366,339,66,30,36,273,24,249,19.469026548672566,8.849557522123893,10.619469026548673,80.53097345132744,7.079646017699115,73.45132743362832
E00082367,357,57,20,37,300,22,278,15.966386554621847,5.602240896358544,10.364145658263306,84.03361344537815,6.162464985994398,77.87114845938376
E00082368,377,47,12,35,330,20,310,12.46684350132626,3.183023872679045,9.283819628647215,87.53315649867373,5.305039787798409,82.22811671087533
E00082369,307,44,18,26,263,23,240,14.332247557003258,5.863192182410423,8.469055374592834,85.66775244299674,7.491856677524431,78.17589576547232
E00082371,164,21,10,11,143,8,135,12.804878048780488,6.097560975609756,6.707317073170732,87.1951219512195,4.878048780487805,82.3170731707317
E00082372,275,42,13,29,233,27,206,15.272727272727273,4.7272727272727275,10.545454545454545,84.72727272727273,9.818181818181818,74.90909090909092
E00082373,342,49,19,30,293,17,276,14.327485380116958,5.555555555555555,8.771929824561402,85.67251461988305,4.970760233918129,80.7017543859649
E00082374,297,38,15,23,259,28,231,12.794612794612794,5.05050505050505,7.744107744107744,87.20538720538721,9.427609427609427,77.77777777777779
E00082375,444,54,18,36,390,41,349,12.162162162162163,4.054054054054054,8.108108108108109,87.83783783783784,9.234234234234235,78.6036036036036
E00082376,338,42,12,30,296,28,268,12.42603550295858,3.5502958579881656,8.875739644970414,87.57396449704143,8.284023668639055,79.28994082840237
E00082377,109,11,3,8,98,8,90,10.091743119266056,2.7522935779816518,7.339449541284404,89.90825688073394,7.339449541284404,82.56880733944955
E00082378,276,69,28,41,207,32,175,25,10.144927536231885,14.855072463768115,75,11.594202898550725,63.40579710144928
E00082379,450,78,32,46,372,37,335,17.333333333333336,7.111111111111111,10.222222222222223,82.66666666666667,8.222222222222223,74.44444444444444
E00082380,339,46,11,35,293,37,256,13.569321533923304,3.2448377581120944,10.32448377581121,86.4306784660767,10.914454277286136,75.51622418879056
E00082381,277,52,20,32,225,24,201,18.772563176895307,7.2202166064981945,11.552346570397113,81.2274368231047,8.664259927797833,72.56317689530685
E00082382,255,52,21,31,203,11,192,20.392156862745097,8.235294117647058,12.156862745098039,79.6078431372549,4.313725490196078,75.29411764705883
E00082383,246,39,10,29,207,27,180,15.853658536585366,4.0650406504065035,11.788617886178862,84.14634146341463,10.975609756097562,73.17073170731707
E00082384,281,30,9,21,251,25,226,10.676156583629894,3.202846975088968,7.473309608540925,89.32384341637011,8.896797153024911,80.42704626334519
E00082386,343,43,15,28,300,22,278,12.536443148688047,4.373177842565598,8.16326530612245,87.46355685131195,6.41399416909621,81.04956268221575
E00082388,421,117,70,47,304,25,279,27.790973871733964,16.6270783847981,11.163895486935866,72.20902612826603,5.938242280285035,66.270783847981
E00082389,214,23,5,18,191,27,164,10.74766355140187,2.336448598130841,8.411214953271028,89.25233644859813,12.616822429906541,76.63551401869158
E00082390,212,32,9,23,180,20,160,15.09433962264151,4.245283018867925,10.849056603773585,84.90566037735849,9.433962264150944,75.47169811320755
E00082391,210,46,17,29,164,10,154,21.904761904761905,8.095238095238095,13.80952380952381,78.0952380952381,4.761904761904762,73.33333333333333
E00082392,317,54,21,33,263,26,237,17.034700315457414,6.624605678233439,10.410094637223976,82.96529968454259,8.201892744479496,74.76340694006309
E00082394,390,78,33,45,312,37,275,20,8.461538461538462,11.538461538461538,80,9.487179487179487,70.51282051282051
E00082395,248,25,9,16,223,24,199,10.080645161290322,3.6290322580645165,6.451612903225806,89.91935483870968,9.67741935483871,80.24193548387096
E00082396,363,51,14,37,312,33,279,14.049586776859504,3.8567493112947657,10.192837465564738,85.9504132231405,9.090909090909092,76.85950413223141
E00082397,174,41,16,25,133,7,126,23.563218390804597,9.195402298850574,14.367816091954023,76.4367816091954,4.022988505747127,72.41379310344827
E00082398,247,44,16,28,203,23,180,17.813765182186234,6.477732793522267,11.336032388663968,82.18623481781377,9.31174089068826,72.8744939271255
E00082399,336,40,13,27,296,28,268,11.904761904761903,3.869047619047619,8.035714285714286,88.09523809523809,8.333333333333332,79.76190476190477
E00082400,283,28,5,23,255,38,217,9.89399293286219,1.76678445229682,8.12720848056537,90.10600706713781,13.427561837455832,76.67844522968198
E00082401,270,45,16,29,225,32,193,16.666666666666664,5.9259259259259265,10.74074074074074,83.33333333333334,11.851851851851853,71.48148148148148
E00082402,189,30,10,20,159,14,145,15.873015873015872,5.291005291005291,10.582010582010582,84.12698412698413,7.4074074074074066,76.71957671957672
E00082403,397,77,28,49,320,31,289,19.395465994962215,7.052896725440807,12.34256926952141,80.60453400503779,7.8085642317380355,72.79596977329975
E00082404,424,57,22,35,367,32,335,13.443396226415095,5.188679245283019,8.254716981132075,86.55660377358491,7.547169811320755,79.00943396226415
E00082405,407,50,16,34,357,44,313,12.285012285012286,3.9312039312039313,8.353808353808354,87.71498771498771,10.81081081081081,76.90417690417691
E00082406,278,38,14,24,240,26,214,13.66906474820144,5.0359712230215825,8.633093525179856,86.33093525179856,9.352517985611511,76.97841726618705
E00082407,346,32,17,15,314,33,281,9.248554913294797,4.913294797687861,4.335260115606936,90.7514450867052,9.53757225433526,81.21387283236994
E00082408,470,54,14,40,416,42,374,11.48936170212766,2.9787234042553195,8.51063829787234,88.51063829787233,8.936170212765958,79.57446808510639
E00082409,321,63,25,38,258,28,230,19.626168224299064,7.78816199376947,11.838006230529595,80.37383177570094,8.722741433021806,71.65109034267913
E00082410,450,44,17,27,406,21,385,9.777777777777779,3.7777777777777777,6,90.22222222222223,4.666666666666667,85.55555555555556
E00082411,399,55,18,37,344,42,302,13.784461152882205,4.511278195488721,9.273182957393484,86.21553884711778,10.526315789473683,75.6892230576441
E00082412,324,55,22,33,269,35,234,16.97530864197531,6.790123456790123,10.185185185185185,83.0246913580247,10.802469135802468,72.22222222222221
E00082413,396,59,21,38,337,38,299,14.898989898989898,5.303030303030303,9.595959595959595,85.1010101010101,9.595959595959595,75.5050505050505
E00082414,292,47,18,29,245,26,219,16.095890410958905,6.164383561643835,9.931506849315069,83.9041095890411,8.904109589041095,75
E00082415,370,48,11,37,322,33,289,12.972972972972974,2.9729729729729732,10,87.02702702702703,8.91891891891892,78.10810810810811
E00082416,285,33,7,26,252,33,219,11.578947368421053,2.456140350877193,9.12280701754386,88.42105263157895,11.578947368421053,76.84210526315789
E00082417,346,40,10,30,306,38,268,11.560693641618498,2.8901734104046244,8.670520231213873,88.4393063583815,10.982658959537572,77.45664739884393
E00082419,339,28,5,23,311,31,280,8.259587020648967,1.4749262536873156,6.784660766961652,91.74041297935102,9.144542772861357,82.59587020648968
E00082420,389,95,50,45,294,48,246,24.42159383033419,12.853470437017995,11.568123393316196,75.57840616966581,12.339331619537274,63.239074550128535
E00082421,329,45,25,20,284,24,260,13.677811550151976,7.598784194528875,6.079027355623101,86.32218844984803,7.29483282674772,79.0273556231003
E00082422,284,31,13,18,253,25,228,10.915492957746478,4.577464788732395,6.338028169014084,89.08450704225352,8.80281690140845,80.28169014084507
E00082423,322,48,17,31,274,34,240,14.906832298136646,5.279503105590062,9.627329192546584,85.09316770186336,10.559006211180124,74.53416149068323
E00082424,455,43,21,22,412,45,367,9.45054945054945,4.615384615384616,4.835164835164836,90.54945054945055,9.89010989010989,80.65934065934066
E00082425,373,60,26,34,313,37,276,16.0857908847185,6.970509383378016,9.115281501340483,83.91420911528151,9.919571045576408,73.9946380697051
E00082426,330,47,15,32,283,23,260,14.242424242424242,4.545454545454546,9.696969696969697,85.75757575757575,6.969696969696971,78.78787878787878
E00082427,264,40,9,31,224,19,205,15.151515151515152,3.4090909090909087,11.742424242424242,84.84848484848484,7.196969696969697,77.65151515151516
E00082428,218,21,4,17,197,15,182,9.63302752293578,1.834862385321101,7.79816513761468,90.36697247706422,6.8807339449541285,83.4862385321101
E00082429,408,47,8,39,361,35,326,11.519607843137255,1.9607843137254901,9.558823529411764,88.48039215686273,8.57843137254902,79.90196078431373
E00082430,148,27,7,20,121,7,114,18.243243243243242,4.72972972972973,13.513513513513514,81.75675675675676,4.72972972972973,77.02702702702703
E00082431,273,47,15,32,226,19,207,17.216117216117215,5.4945054945054945,11.72161172161172,82.78388278388277,6.95970695970696,75.82417582417582
E00082432,270,36,14,22,234,22,212,13.333333333333334,5.185185185185185,8.148148148148149,86.66666666666667,8.148148148148149,78.51851851851852
E00082433,289,43,19,24,246,27,219,14.878892733564014,6.5743944636678195,8.304498269896193,85.12110726643598,9.342560553633218,75.77854671280276
E00082434,292,35,10,25,257,33,224,11.986301369863012,3.4246575342465753,8.561643835616438,88.01369863013699,11.301369863013697,76.71232876712328
E00082435,284,41,11,30,243,24,219,14.43661971830986,3.873239436619718,10.56338028169014,85.56338028169014,8.450704225352112,77.11267605633803
E00082436,334,45,18,27,289,23,266,13.47305389221557,5.389221556886228,8.08383233532934,86.52694610778443,6.88622754491018,79.64071856287424
E00082438,304,42,9,33,262,33,229,13.815789473684212,2.9605263157894735,10.855263157894738,86.18421052631578,10.855263157894738,75.32894736842105
E00082439,359,31,7,24,328,40,288,8.635097493036211,1.9498607242339834,6.685236768802229,91.36490250696379,11.142061281337048,80.22284122562674
E00082440,303,38,13,25,265,26,239,12.541254125412541,4.29042904290429,8.25082508250825,87.45874587458746,8.58085808580858,78.87788778877888
E00082441,219,44,14,30,175,15,160,20.091324200913242,6.392694063926941,13.698630136986301,79.90867579908677,6.8493150684931505,73.0593607305936
E00082442,333,63,16,47,270,36,234,18.91891891891892,4.804804804804805,14.114114114114114,81.08108108108108,10.81081081081081,70.27027027027027
E00082444,318,37,11,26,281,30,251,11.635220125786164,3.459119496855346,8.176100628930817,88.36477987421384,9.433962264150944,78.9308176100629
E00082445,404,83,35,48,321,28,293,20.544554455445542,8.663366336633663,11.881188118811881,79.45544554455446,6.9306930693069315,72.52475247524752
E00082446,365,34,11,23,331,30,301,9.315068493150685,3.0136986301369864,6.301369863013699,90.68493150684932,8.21917808219178,82.46575342465754
E00082447,301,43,14,29,258,21,237,14.285714285714285,4.651162790697675,9.634551495016613,85.71428571428571,6.976744186046512,78.7375415282392
E00082448,388,82,30,52,306,26,280,21.1340206185567,7.731958762886598,13.402061855670103,78.8659793814433,6.701030927835052,72.16494845360825
E00082449,453,74,32,42,379,39,340,16.335540838852097,7.06401766004415,9.271523178807946,83.6644591611479,8.609271523178808,75.05518763796908
E00082450,285,45,15,30,240,29,211,15.789473684210526,5.263157894736842,10.526315789473683,84.21052631578947,10.175438596491228,74.03508771929825
E00082451,364,38,11,27,326,18,308,10.43956043956044,3.021978021978022,7.417582417582418,89.56043956043956,4.945054945054945,84.61538461538461
E00082452,318,42,13,29,276,34,242,13.20754716981132,4.088050314465408,9.119496855345911,86.79245283018868,10.69182389937107,76.10062893081762
E00082453,310,36,10,26,274,28,246,11.612903225806452,3.225806451612903,8.38709677419355,88.38709677419355,9.032258064516128,79.35483870967742
E00082454,182,22,12,10,160,15,145,12.087912087912088,6.593406593406594,5.4945054945054945,87.91208791208791,8.241758241758241,79.67032967032966
E00082455,314,58,24,34,256,35,221,18.471337579617835,7.643312101910828,10.828025477707007,81.52866242038218,11.146496815286625,70.38216560509554
E00082456,271,72,37,35,199,22,177,26.56826568265683,13.653136531365314,12.915129151291513,73.43173431734317,8.118081180811808,65.31365313653137
E00082457,319,57,13,44,262,32,230,17.86833855799373,4.075235109717868,13.793103448275861,82.13166144200626,10.031347962382444,72.10031347962382
E00082458,264,37,10,27,227,28,199,14.015151515151514,3.787878787878788,10.227272727272728,85.98484848484848,10.606060606060606,75.37878787878788
E00082459,214,30,9,21,184,15,169,14.018691588785046,4.205607476635514,9.813084112149532,85.98130841121495,7.009345794392523,78.97196261682244
E00082460,290,51,17,34,239,27,212,17.586206896551722,5.862068965517241,11.724137931034482,82.41379310344827,9.310344827586208,73.10344827586206
E00082461,292,49,13,36,243,16,227,16.78082191780822,4.4520547945205475,12.32876712328767,83.21917808219177,5.47945205479452,77.73972602739725
E00082462,365,30,9,21,335,31,304,8.21917808219178,2.4657534246575343,5.7534246575342465,91.78082191780823,8.493150684931507,83.28767123287672
E00082463,319,64,36,28,255,27,228,20.06269592476489,11.285266457680251,8.77742946708464,79.9373040752351,8.463949843260188,71.47335423197492
E00082464,261,39,10,29,222,19,203,14.942528735632186,3.8314176245210727,11.11111111111111,85.0574712643678,7.2796934865900385,77.77777777777779
E00082465,294,27,5,22,267,24,243,9.183673469387756,1.7006802721088436,7.482993197278912,90.81632653061224,8.16326530612245,82.6530612244898
E00082466,294,57,19,38,237,18,219,19.387755102040817,6.462585034013606,12.925170068027212,80.61224489795919,6.122448979591836,74.48979591836735
E00082467,334,41,14,27,293,21,272,12.275449101796406,4.191616766467066,8.08383233532934,87.72455089820359,6.287425149700598,81.437125748502993
E00082468,275,40,11,29,235,26,209,14.545454545454545,4,10.545454545454545,85.45454545454545,9.454545454545455,76
E00082469,248,36,8,28,212,15,197,14.516129032258066,3.225806451612903,11.29032258064516,85.48387096774194,6.048387096774194,79.43548387096774
E00082470,214,29,5,24,185,16,169,13.551401869158877,2.336448598130841,11.214953271028037,86.44859813084112,7.476635514018691,78.97196261682244
E00082471,298,73,28,45,225,20,205,24.496644295302016,9.395973154362416,15.100671140939598,75.50335570469798,6.7114093959731544,68.79194630872483
E00082472,391,96,38,58,295,20,275,24.55242966751918,9.718670076726342,14.83375959079284,75.44757033248082,5.115089514066496,70.33248081841433
E00082473,329,51,20,31,278,41,237,15.501519756838904,6.079027355623101,9.422492401215806,84.49848024316108,12.462006079027356,72.03647416413374
E00082474,254,33,10,23,221,19,202,12.992125984251967,3.937007874015748,9.05511811023622,87.00787401574803,7.480314960629922,79.52755905511812
E00082475,177,36,14,22,141,12,129,20.33898305084746,7.909604519774012,12.429378531073446,79.66101694915254,6.779661016949152,72.88135593220339
E00082476,195,28,17,11,167,15,152,14.358974358974358,8.717948717948717,5.641025641025641,85.64102564102564,7.6923076923076925,77.94871794871796
E00082477,262,24,5,19,238,25,213,9.16030534351145,1.9083969465648856,7.251908396946565,90.83969465648855,9.541984732824428,81.29770992366412
E00082478,271,43,21,22,228,24,204,15.867158671586715,7.7490774907749085,8.118081180811808,84.13284132841329,8.856088560885608,75.27675276752768
E00082479,305,51,15,36,254,34,220,16.721311475409838,4.918032786885246,11.80327868852459,83.27868852459017,11.147540983606557,72.1311475409836
E00082480,321,47,17,30,274,35,239,14.641744548286603,5.29595015576324,9.345794392523365,85.35825545171339,10.903426791277258,74.45482866043614
E00082482,364,63,21,42,301,34,267,17.307692307692307,5.769230769230769,11.538461538461538,82.6923076923077,9.340659340659341,73.35164835164835
E00082483,372,37,13,24,335,30,305,9.946236559139784,3.494623655913978,6.451612903225806,90.05376344086021,8.064516129032258,81.98924731182797
E00082484,312,67,24,43,245,15,230,21.474358974358974,7.6923076923076925,13.782051282051283,78.52564102564102,4.807692307692308,73.71794871794873
E00082485,317,40,14,26,277,36,241,12.618296529968454,4.416403785488959,8.201892744479496,87.38170347003155,11.35646687697161,76.02523659305994
E00082486,317,43,14,29,274,20,254,13.564668769716087,4.416403785488959,9.14826498422713,86.43533123028391,6.309148264984227,80.12618296529969
E00082487,242,43,18,25,199,24,175,17.768595041322314,7.43801652892562,10.330578512396695,82.23140495867769,9.917355371900827,72.31404958677686
E00082488,308,40,16,24,268,32,236,12.987012987012985,5.194805194805195,7.792207792207792,87.01298701298701,10.38961038961039,76.62337662337663
E00082489,294,75,25,50,219,17,202,25.510204081632654,8.503401360544217,17.006802721088434,74.48979591836735,5.782312925170068,68.70748299319727
E00082490,366,78,28,50,288,24,264,21.311475409836063,7.650273224043716,13.661202185792352,78.68852459016394,6.557377049180328,72.1311475409836
E00082491,336,59,24,35,277,14,263,17.559523809523807,7.142857142857142,10.416666666666668,82.44047619047619,4.166666666666666,78.27380952380952
E00082492,318,54,22,32,264,20,244,16.9811320754717,6.918238993710692,10.062893081761008,83.01886792452831,6.289308176100629,76.72955974842768
E00082493,282,42,14,28,240,26,214,14.893617021276595,4.964539007092199,9.929078014184398,85.1063829787234,9.219858156028367,75.88652482269504
E00082494,227,50,20,30,177,28,149,22.026431718061673,8.81057268722467,13.215859030837004,77.97356828193833,12.334801762114537,65.63876651982379
E00082495,308,40,12,28,268,21,247,12.987012987012985,3.896103896103896,9.090909090909092,87.01298701298701,6.8181818181818175,80.1948051948052
E00082496,266,48,14,34,218,23,195,18.045112781954884,5.263157894736842,12.781954887218044,81.95488721804512,8.646616541353383,73.30827067669173
E00082497,226,43,17,26,183,20,163,19.02654867256637,7.52212389380531,11.504424778761061,80.97345132743364,8.849557522123893,72.12389380530973
E00082498,310,45,17,28,265,32,233,14.516129032258066,5.483870967741936,9.032258064516128,85.48387096774194,10.32258064516129,75.16129032258064
E00082499,252,32,7,25,220,23,197,12.698412698412698,2.7777777777777777,9.920634920634921,87.3015873015873,9.126984126984127,78.17460317460318
E00082500,321,38,11,27,283,33,250,11.838006230529595,3.4267912772585665,8.411214953271028,88.1619937694704,10.2803738317757,77.88161993769471
E00082501,254,30,8,22,224,15,209,11.811023622047244,3.149606299212598,8.661417322834646,88.18897637795276,5.905511811023622,82.28346456692913
E00082502,257,42,7,35,215,24,191,16.342412451361866,2.7237354085603114,13.618677042801556,83.65758754863813,9.33852140077821,74.31906614785993
E00082503,441,39,8,31,402,41,361,8.843537414965986,1.8140589569160999,7.029478458049887,91.15646258503402,9.297052154195011,81.85941043083899
E00082505,376,71,25,46,305,28,277,18.882978723404257,6.648936170212766,12.23404255319149,81.11702127659575,7.446808510638298,73.67021276595744
E00082506,377,59,19,40,318,22,296,15.649867374005305,5.039787798408488,10.610079575596817,84.3501326259947,5.835543766578249,78.51458885941645
E00082507,338,88,34,54,250,19,231,26.035502958579883,10.059171597633137,15.976331360946746,73.96449704142012,5.621301775147929,68.34319526627219
E00082508,295,63,23,40,232,15,217,21.35593220338983,7.796610169491526,13.559322033898304,78.64406779661017,5.084745762711865,73.5593220338983
E00082509,255,25,7,18,230,24,206,9.803921568627452,2.7450980392156863,7.0588235294117645,90.19607843137256,9.411764705882353,80.7843137254902
E00082510,337,96,51,45,241,26,215,28.486646884272997,15.133531157270031,13.353115727002967,71.51335311572701,7.71513353115727,63.798219584569736
E00082511,310,48,16,32,262,22,240,15.483870967741936,5.161290322580645,10.32258064516129,84.51612903225806,7.096774193548387,77.41935483870968
E00082512,377,39,9,30,338,34,304,10.344827586206897,2.3872679045092835,7.957559681697612,89.65517241379311,9.018567639257293,80.63660477453581
E00082513,286,65,23,42,221,24,197,22.727272727272727,8.041958041958042,14.685314685314685,77.27272727272727,8.391608391608392,68.88111888111888
E00082514,466,47,11,36,419,39,380,10.085836909871244,2.3605150214592276,7.725321888412018,89.91416309012875,8.369098712446352,81.54506437768241
E00082515,362,36,8,28,326,25,301,9.94475138121547,2.209944751381215,7.734806629834254,90.05524861878453,6.906077348066299,83.14917127071824
E00082516,267,26,8,18,241,27,214,9.737827715355806,2.9962546816479403,6.741573033707865,90.2621722846442,10.112359550561797,80.14981273408239
E00082517,448,75,27,48,373,37,336,16.741071428571427,6.026785714285714,10.714285714285714,83.25892857142857,8.258928571428571,75
E00082518,291,75,40,35,216,17,199,25.773195876288657,13.745704467353953,12.027491408934708,74.22680412371135,5.841924398625429,68.38487972508591
E00082519,325,43,9,34,282,31,251,13.230769230769232,2.769230769230769,10.461538461538462,86.76923076923076,9.538461538461538,77.23076923076924
E00082520,313,38,9,29,275,24,251,12.140575079872203,2.8753993610223643,9.26517571884984,87.8594249201278,7.667731629392971,80.19169329073482
E00082521,317,70,26,44,247,11,236,22.082018927444793,8.201892744479496,13.880126182965299,77.91798107255521,3.4700315457413247,74.44794952681389
E00082522,308,38,12,26,270,31,239,12.337662337662337,3.896103896103896,8.441558441558442,87.66233766233766,10.064935064935066,77.59740259740259
E00082523,312,38,8,30,274,24,250,12.179487179487179,2.564102564102564,9.615384615384617,87.82051282051282,7.6923076923076925,80.12820512820514
E00082524,539,62,27,35,477,37,440,11.50278293135436,5.009276437847866,6.493506493506493,88.49721706864564,6.8645640074211505,81.63265306122449
E00082525,319,60,19,41,259,31,228,18.808777429467085,5.956112852664576,12.852664576802509,81.19122257053291,9.717868338557993,71.47335423197492
E00082526,267,40,16,24,227,19,208,14.981273408239701,5.992509363295881,8.98876404494382,85.0187265917603,7.116104868913857,77.90262172284645
E00082527,460,45,15,30,415,32,383,9.782608695652174,3.260869565217391,6.521739130434782,90.21739130434783,6.956521739130435,83.26086956521739
E00082529,282,52,13,39,230,28,202,18.439716312056735,4.609929078014184,13.829787234042554,81.56028368794325,9.929078014184398,71.63120567375887
E00082530,272,34,13,21,238,23,215,12.5,4.779411764705882,7.720588235294118,87.5,8.455882352941178,79.04411764705883
E00082533,316,55,14,41,261,23,238,17.405063291139243,4.430379746835443,12.974683544303797,82.59493670886076,7.2784810126582276,75.31645569620254
E00082534,279,37,10,27,242,23,219,13.261648745519713,3.584229390681003,9.67741935483871,86.73835125448028,8.24372759856631,78.49462365591397
E00082535,326,49,17,32,277,27,250,15.030674846625766,5.214723926380368,9.815950920245399,84.96932515337423,8.282208588957054,76.68711656441718
E00082536,399,57,17,40,342,44,298,14.285714285714285,4.260651629072681,10.025062656641603,85.71428571428571,11.027568922305765,74.68671679197995
E00082537,371,61,21,40,310,30,280,16.442048517520217,5.660377358490567,10.781671159029651,83.55795148247978,8.086253369272237,75.47169811320755
E00082538,338,63,21,42,275,36,239,18.639053254437872,6.21301775147929,12.42603550295858,81.36094674556213,10.650887573964498,70.71005917159763
E00082539,298,39,9,30,259,20,239,13.087248322147651,3.0201342281879198,10.06711409395973,86.91275167785236,6.7114093959731544,80.20134228187919
E00082540,347,52,21,31,295,27,268,14.985590778097983,6.051873198847262,8.93371757925072,85.01440922190201,7.780979827089338,77.23342939481267
E00082541,304,32,9,23,272,37,235,10.526315789473683,2.9605263157894735,7.565789473684211,89.47368421052632,12.171052631578947,77.30263157894737
E00082542,349,40,16,24,309,20,289,11.461318051575931,4.584527220630372,6.876790830945559,88.53868194842407,5.730659025787966,82.8080229226361
E00082544,204,43,24,19,161,25,136,21.07843137254902,11.76470588235294,9.313725490196079,78.92156862745098,12.254901960784313,66.66666666666666
E00082545,290,29,11,18,261,28,233,10,3.793103448275862,6.206896551724138,90,9.655172413793103,80.3448275862069
E00082546,304,40,8,32,264,20,244,13.157894736842104,2.631578947368421,10.526315789473683,86.8421052631579,6.578947368421052,80.26315789473685
E00082547,327,49,17,32,278,27,251,14.984709480122325,5.198776758409786,9.785932721712538,85.01529051987767,8.256880733944955,76.75840978593273
E00082548,279,41,9,32,238,30,208,14.695340501792115,3.225806451612903,11.469534050179211,85.30465949820788,10.75268817204301,74.55197132616487
E00082549,324,67,24,43,257,24,233,20.679012345679013,7.4074074074074066,13.271604938271606,79.32098765432099,7.4074074074074066,71.91358024691358
E00082550,515,81,19,62,434,33,401,15.728155339805824,3.6893203883495143,12.03883495145631,84.27184466019418,6.407766990291262,77.86407766990291
E00082551,299,50,21,29,249,21,228,16.722408026755854,7.023411371237458,9.698996655518394,83.27759197324414,7.023411371237458,76.2541806020067
E00082552,403,49,18,31,354,34,320,12.158808933002481,4.466501240694789,7.6923076923076925,87.84119106699751,8.436724565756824,79.4044665012407
E00082553,469,72,22,50,397,34,363,15.351812366737741,4.690831556503198,10.660980810234541,84.64818763326227,7.249466950959488,77.39872068230277
E00082554,325,49,18,31,276,30,246,15.076923076923077,5.538461538461538,9.538461538461538,84.92307692307692,9.230769230769232,75.6923076923077
E00082555,305,48,21,27,257,18,239,15.737704918032788,6.885245901639345,8.852459016393443,84.26229508196721,5.901639344262295,78.36065573770492
E00082556,241,25,5,20,216,25,191,10.37344398340249,2.0746887966804977,8.29875518672199,89.62655601659752,10.37344398340249,79.25311203319502
E00082557,273,39,15,24,234,23,211,14.285714285714285,5.4945054945054945,8.791208791208792,85.71428571428571,8.424908424908425,77.2893772893773
E00082558,260,34,9,25,226,26,200,13.076923076923078,3.4615384615384617,9.615384615384617,86.92307692307692,10,76.92307692307693
E00082559,174,49,21,28,125,19,106,28.160919540229884,12.068965517241379,16.091954022988507,71.83908045977012,10.919540229885058,60.91954022988506
E00082560,349,55,22,33,294,25,269,15.759312320916905,6.303724928366762,9.455587392550143,84.2406876790831,7.163323782234957,77.07736389684814
E00082561,420,56,22,34,364,30,334,13.333333333333334,5.238095238095238,8.095238095238095,86.66666666666667,7.142857142857142,79.52380952380952
E00082562,385,55,19,36,330,35,295,14.285714285714285,4.935064935064935,9.35064935064935,85.71428571428571,9.090909090909092,76.62337662337663
E00082563,321,67,36,31,254,34,220,20.87227414330218,11.214953271028037,9.657320872274143,79.12772585669782,10.59190031152648,68.53582554517133
E00082564,311,62,22,40,249,25,224,19.935691318327976,7.07395498392283,12.861736334405144,80.06430868167203,8.038585209003216,72.02572347266882
E00082565,443,97,47,50,346,31,315,21.896162528216703,10.609480812641085,11.286681715575622,78.1038374717833,6.997742663656885,71.10609480812641
E00082566,308,63,20,43,245,17,228,20.454545454545457,6.493506493506493,13.96103896103896,79.54545454545455,5.51948051948052,74.02597402597402
E00082567,259,64,31,33,195,17,178,24.71042471042471,11.96911196911197,12.741312741312742,75.2895752895753,6.563706563706563,68.72586872586872
E00082568,267,42,19,23,225,17,208,15.730337078651685,7.116104868913857,8.614232209737828,84.26966292134831,6.367041198501873,77.90262172284645
E00082569,353,44,9,35,309,32,277,12.464589235127479,2.5495750708215295,9.91501416430595,87.53541076487252,9.06515580736544,78.47025495750708
E00082571,296,40,12,28,256,37,219,13.513513513513514,4.054054054054054,9.45945945945946,86.48648648648648,12.5,73.98648648648648
E00082573,152,42,20,22,110,13,97,27.631578947368425,13.157894736842104,14.473684210526317,72.36842105263158,8.552631578947368,63.81578947368421
E00082575,192,34,13,21,158,15,143,17.708333333333336,6.770833333333333,10.9375,82.29166666666666,7.8125,74.47916666666666
E00082576,373,42,12,30,331,22,309,11.26005361930295,3.2171581769436997,8.04289544235925,88.73994638069705,5.898123324396782,82.84182305630027
E00082577,286,48,15,33,238,26,212,16.783216783216783,5.244755244755245,11.538461538461538,83.21678321678321,9.090909090909092,74.12587412587412
E00082578,232,30,8,22,202,12,190,12.931034482758621,3.4482758620689653,9.482758620689655,87.06896551724138,5.172413793103448,81.89655172413794
E00082579,357,59,20,39,298,30,268,16.5266106442577,5.602240896358544,10.92436974789916,83.4733893557423,8.403361344537815,75.07002801120449
E00082580,292,25,9,16,267,25,242,8.561643835616438,3.0821917808219177,5.47945205479452,91.43835616438356,8.561643835616438,82.87671232876713
E00082581,294,56,24,32,238,29,209,19.047619047619047,8.16326530612245,10.884353741496598,80.95238095238095,9.863945578231291,71.08843537414967
E00082582,348,48,10,38,300,27,273,13.793103448275861,2.8735632183908044,10.919540229885058,86.20689655172413,7.758620689655173,78.44827586206897
E00082583,314,39,17,22,275,28,247,12.420382165605096,5.414012738853503,7.006369426751593,87.57961783439491,8.9171974522293,78.6624203821656
E00082584,327,52,20,32,275,29,246,15.902140672782874,6.116207951070336,9.785932721712538,84.09785932721712,8.868501529051988,75.22935779816514
E00082585,276,33,5,28,243,23,220,11.956521739130435,1.8115942028985508,10.144927536231885,88.04347826086956,8.333333333333332,79.71014492753623
E00082586,303,57,14,43,246,22,224,18.81188118811881,4.62046204620462,14.19141914191419,81.1881188118812,7.2607260726072615,73.92739273927393
E00082587,291,39,18,21,252,23,229,13.402061855670103,6.185567010309279,7.216494845360824,86.5979381443299,7.903780068728522,78.69415807560138
E00082588,259,42,19,23,217,25,192,16.216216216216218,7.335907335907336,8.880308880308881,83.78378378378379,9.652509652509652,74.13127413127413
E00082589,351,48,14,34,303,29,274,13.675213675213676,3.9886039886039883,9.686609686609685,86.32478632478633,8.262108262108262,78.06267806267806
E00172652,276,60,16,44,216,19,197,21.73913043478261,5.797101449275362,15.942028985507244,78.26086956521739,6.884057971014493,71.37681159420289
E00172654,410,35,15,20,375,50,325,8.536585365853659,3.6585365853658534,4.878048780487805,91.46341463414635,12.195121951219512,79.26829268292683
E00172655,294,58,35,23,236,34,202,19.727891156462583,11.904761904761903,7.8231292517006805,80.27210884353741,11.564625850340136,68.70748299319727
E00172657,275,38,10,28,237,23,214,13.818181818181818,3.6363636363636362,10.181818181818182,86.18181818181819,8.363636363636363,77.81818181818181
E00172659,268,61,26,35,207,15,192,22.761194029850746,9.701492537313433,13.059701492537313,77.23880597014924,5.597014925373134,71.64179104477611
E00172660,396,35,8,27,361,37,324,8.83838383838384,2.0202020202020203,6.8181818181818175,91.16161616161617,9.343434343434344,81.81818181818183
E00172662,354,58,18,40,296,29,267,16.38418079096045,5.084745762711865,11.299435028248588,83.61581920903954,8.192090395480225,75.42372881355932
E00172666,529,77,28,49,452,43,409,14.555765595463138,5.293005671077505,9.262759924385634,85.44423440453687,8.128544423440454,77.31568998109641
E00172668,358,39,20,19,319,36,283,10.893854748603351,5.58659217877095,5.307262569832402,89.10614525139665,10.05586592178771,79.05027932960894
E00172669,267,34,10,24,233,20,213,12.734082397003746,3.7453183520599254,8.98876404494382,87.26591760299625,7.490636704119851,79.7752808988764
E00172671,334,46,19,27,288,16,272,13.77245508982036,5.688622754491018,8.08383233532934,86.22754491017965,4.790419161676647,81.437125748502993
E00172673,294,28,7,21,266,32,234,9.523809523809524,2.380952380952381,7.142857142857142,90.47619047619048,10.884353741496598,79.59183673469387
E00172676,300,28,11,17,272,26,246,9.333333333333334,3.6666666666666665,5.666666666666666,90.66666666666666,8.666666666666668,82
E00172677,297,36,11,25,261,33,228,12.121212121212121,3.7037037037037033,8.417508417508419,87.87878787878788,11.11111111111111,76.76767676767676
E00172679,235,11,1,10,224,13,211,4.680851063829787,0.425531914893617,4.25531914893617,95.31914893617022,5.531914893617021,89.7872340425532
E00172680,401,104,37,67,297,28,269,25.935162094763093,9.226932668329177,16.708229426433917,74.06483790523691,6.982543640897755,67.08229426433915
E00172682,587,71,17,54,516,51,465,12.095400340715502,2.8960817717206133,9.19931856899489,87.9045996592845,8.68824531516184,79.21635434412265
E00172683,376,52,26,26,324,23,301,13.829787234042554,6.914893617021277,6.914893617021277,86.17021276595744,6.117021276595745,80.0531914893617
E00172685,343,35,12,23,308,26,282,10.204081632653061,3.498542274052478,6.705539358600583,89.79591836734694,7.580174927113703,82.21574344023324
E00172687,380,30,2,28,350,38,312,7.894736842105263,0.5263157894736842,7.368421052631578,92.10526315789474,10,82.10526315789474
E00172691,155,19,8,11,136,9,127,12.258064516129032,5.161290322580645,7.096774193548387,87.74193548387098,5.806451612903226,81.93548387096774
E00172693,368,38,5,33,330,34,296,10.326086956521738,1.358695652173913,8.967391304347826,89.67391304347827,9.239130434782608,80.43478260869566
E00172694,350,38,9,29,312,32,280,10.857142857142858,2.571428571428571,8.285714285714285,89.14285714285714,9.142857142857142,80
E00172696,332,52,18,34,280,28,252,15.66265060240964,5.421686746987952,10.240963855421686,84.33734939759037,8.433734939759036,75.90361445783132
E00172697,246,46,17,29,200,18,182,18.69918699186992,6.910569105691057,11.788617886178862,81.30081300813008,7.317073170731707,73.98373983739837
E00172699,143,38,16,22,105,11,94,26.573426573426573,11.188811188811188,15.384615384615385,73.42657342657343,7.6923076923076925,65.73426573426573
E00177237,927,56,15,41,871,53,818,6.0409924487594395,1.6181229773462782,4.4228694714131604,93.95900755124056,5.717367853290183,88.24163969795038
E00177238,734,90,17,73,644,47,597,12.26158038147139,2.316076294277929,9.945504087193461,87.73841961852861,6.4032697547683926,81.33514986376021
E00177240,229,72,34,38,157,21,136,31.4410480349345,14.847161572052403,16.593886462882097,68.5589519650655,9.170305676855897,59.388646288209614
E00177246,307,54,20,34,253,19,234,17.58957654723127,6.514657980456026,11.074918566775244,82.41042345276874,6.188925081433225,76.2214983713355
E00177255,338,46,11,35,292,34,258,13.609467455621301,3.2544378698224854,10.355029585798817,86.3905325443787,10.059171597633137,76.33136094674556
E00177261,241,27,10,17,214,24,190,11.20331950207469,4.149377593360995,7.053941908713693,88.79668049792531,9.95850622406639,78.83817427385893
E00177262,444,39,12,27,405,32,373,8.783783783783784,2.7027027027027026,6.081081081081082,91.21621621621621,7.207207207207207,84.009009009009
E00177265,437,45,17,28,392,31,361,10.297482837528605,3.8901601830663615,6.407322654462242,89.7025171624714,7.093821510297483,82.6086956521739
E00177266,400,58,20,38,342,30,312,14.499999999999998,5,9.5,85.5,7.5,78
E00177267,382,33,8,25,349,31,318,8.638743455497382,2.094240837696335,6.544502617801047,91.36125654450262,8.115183246073299,83.24607329842932
E00177272,243,20,10,10,223,25,198,8.23045267489712,4.11522633744856,4.11522633744856,91.76954732510289,10.2880658436214,81.48148148148148
E00177276,428,60,14,46,368,35,333,14.018691588785046,3.2710280373831773,10.74766355140187,85.98130841121495,8.177570093457943,77.80373831775701
E00177282,119,26,13,13,93,11,82,21.84873949579832,10.92436974789916,10.92436974789916,78.15126050420169,9.243697478991598,68.90756302521008
E00177284,297,101,35,66,196,29,167,34.00673400673401,11.784511784511785,22.22222222222222,65.993265993266,9.764309764309765,56.22895622895623
E00177290,120,16,6,10,104,9,95,13.333333333333334,5,8.333333333333332,86.66666666666667,7.5,79.16666666666666
E00177300,357,32,4,28,325,37,288,8.96358543417367,1.1204481792717087,7.8431372549019605,91.03641456582633,10.364145658263306,80.67226890756302
E00177307,256,21,8,13,235,31,204,8.203125,3.125,5.078125,91.796875,12.109375,79.6875
E00177309,281,28,9,19,253,23,230,9.9644128113879,3.202846975088968,6.761565836298933,90.0355871886121,8.185053380782918,81.85053380782918
E00177310,183,21,3,18,162,19,143,11.475409836065573,1.639344262295082,9.836065573770492,88.52459016393442,10.382513661202186,78.14207650273224
E00177312,173,26,11,15,147,18,129,15.028901734104046,6.358381502890173,8.670520231213873,84.97109826589595,10.404624277456648,74.56647398843931
E00177315,441,74,24,50,367,38,329,16.780045351473923,5.442176870748299,11.337868480725625,83.21995464852607,8.616780045351474,74.60317460317461
E00177317,149,14,4,10,135,16,119,9.395973154362416,2.684563758389262,6.7114093959731544,90.60402684563759,10.738255033557047,79.86577181208054
E00177321,173,21,9,12,152,24,128,12.138728323699421,5.202312138728324,6.9364161849710975,87.861271676300575,13.872832369942195,73.98843930635837
E00177322,181,15,6,9,166,16,150,8.287292817679557,3.314917127071823,4.972375690607735,91.71270718232044,8.83977900552486,82.87292817679558
E00177326,170,49,24,25,121,7,114,28.823529411764703,14.117647058823529,14.705882352941178,71.17647058823529,4.117647058823529,67.05882352941175
E00177327,104,34,22,12,70,3,67,32.69230769230769,21.153846153846153,11.538461538461538,67.3076923076923,2.8846153846153846,64.42307692307693
E00177329,104,10,0,10,94,11,83,9.615384615384617,0,9.615384615384617,90.38461538461539,10.576923076923077,79.8076923076923
E00177335,536,59,19,40,477,36,441,11.007462686567164,3.544776119402985,7.462686567164178,88.99253731343283,6.7164179104477615,82.27611940298507
E00177337,175,21,5,16,154,8,146,12,2.857142857142857,9.142857142857142,88,4.571428571428571,83.42857142857143
E00177340,211,25,7,18,186,14,172,11.848341232227488,3.3175355450236967,8.530805687203792,88.15165876777252,6.6350710900473935,81.51658767772511
E00177342,104,16,3,13,88,5,83,15.384615384615385,2.8846153846153846,12.5,84.61538461538461,4.807692307692308,79.8076923076923
E00177354,412,44,8,36,368,24,344,10.679611650485436,1.9417475728155338,8.737864077669903,89.32038834951457,5.825242718446602,83.49514563106796
E00177355,220,23,2,21,197,14,183,10.454545454545453,0.9090909090909091,9.545454545454547,89.54545454545455,6.363636363636363,83.18181818181817
E00177358,182,23,3,20,159,10,149,12.637362637362637,1.6483516483516485,10.989010989010989,87.36263736263736,5.4945054945054945,81.86813186813187
E00177360,134,19,5,14,115,8,107,14.17910447761194,3.731343283582089,10.44776119402985,85.82089552238806,5.970149253731343,79.8507462686567
E00177361,126,60,30,30,66,9,57,47.61904761904761,23.809523809523807,23.809523809523807,52.38095238095239,7.142857142857142,45.23809523809524
E00177364,173,28,8,20,145,12,133,16.184971098265898,4.624277456647398,11.560693641618498,83.8150289017341,6.9364161849710975,76.878612716763
E00177367,494,66,21,45,428,52,376,13.360323886639677,4.251012145748987,9.109311740890687,86.63967611336032,10.526315789473683,76.11336032388664
