OA,ts0590001,ts0590002,ts0590003,ts0590004,ts0590005,ts0590006,ts0590007,ts0590002_PCT,ts0590003_PCT,ts0590004_PCT,ts0590005_PCT,ts0590006_PCT,ts0590007_PCT
E00082123,98,40,17,23,58,45,13,40.816326530612244,17.346938775510203,23.46938775510204,59.183673469387756,45.91836734693878,13.26530612244898
E00082124,229,68,29,39,161,120,41,29.694323144104807,12.663755458515283,17.03056768558952,70.3056768558952,52.40174672489083,17.903930131004365
E00082125,233,58,21,37,175,145,30,24.892703862660944,9.012875536480687,15.879828326180256,75.10729613733905,62.231759656652365,12.875536480686694
E00082126,163,49,21,28,114,85,29,30.061349693251532,12.883435582822086,17.177914110429448,69.93865030674846,52.14723926380368,17.791411042944784
E00082127,142,41,22,19,101,64,37,28.87323943661972,15.492957746478872,13.380281690140844,71.12676056338029,45.07042253521127,26.056338028169012
E00082128,162,48,24,24,114,91,23,29.629629629629626,14.814814814814813,14.814814814814813,70.37037037037037,56.17283950617284,14.19753086419753
E00082129,264,69,26,43,195,135,60,26.136363636363637,9.848484848484848,16.28787878787879,73.86363636363636,51.13636363636363,22.727272727272727
E00082130,169,44,19,25,125,98,27,26.035502958579883,11.242603550295858,14.792899408284024,73.96449704142012,57.98816568047337,15.976331360946746
E00082131,134,42,21,21,92,63,29,31.343283582089555,15.671641791044777,15.671641791044777,68.65671641791045,47.01492537313433,21.641791044776117
E00082132,219,64,23,41,155,118,37,29.22374429223744,10.50228310502283,18.72146118721461,70.77625570776256,53.88127853881278,16.894977168949772
E00082133,136,44,19,25,92,66,26,32.35294117647059,13.970588235294118,18.38235294117647,67.64705882352942,48.529411764705884,19.11764705882353
E00082134,169,51,22,29,118,101,17,30.17751479289941,13.017751479289942,17.159763313609467,69.8224852071006,59.76331360946746,10.059171597633137
E00082135,174,28,8,20,146,105,41,16.091954022988507,4.597701149425287,11.494252873563218,83.9080459770115,60.3448275862069,23.563218390804597
E00082136,195,51,27,24,144,98,46,26.153846153846157,13.846153846153847,12.307692307692308,73.84615384615385,50.256410256410255,23.589743589743588
E00082137,149,47,25,22,102,74,28,31.543624161073826,16.778523489932887,14.76510067114094,68.45637583892618,49.664429530201346,18.79194630872483
E00082138,165,59,30,29,106,73,33,35.75757575757576,18.181818181818183,17.575757575757574,64.24242424242425,44.24242424242424,20
E00082139,89,29,16,13,60,35,25,32.58426966292135,17.97752808988764,14.606741573033707,67.41573033707866,39.325842696629216,28.08988764044944
E00082140,96,33,12,21,63,44,19,34.375,12.5,21.875,65.625,45.83333333333333,19.791666666666664
E00082141,211,58,23,35,153,139,14,27.488151658767773,10.90047393364929,16.587677725118482,72.51184834123224,65.87677725118483,6.6350710900473935
E00082142,206,52,15,37,154,132,22,25.24271844660194,7.281553398058252,17.96116504854369,74.75728155339806,64.07766990291263,10.679611650485436
E00082143,139,41,14,27,98,89,9,29.496402877697843,10.071942446043165,19.424460431654676,70.50359712230215,64.02877697841727,6.474820143884892
E00082145,122,29,12,17,93,81,12,23.770491803278688,9.836065573770492,13.934426229508196,76.22950819672131,66.39344262295081,9.836065573770492
E00082146,156,51,19,32,105,88,17,32.69230769230769,12.179487179487179,20.51282051282051,67.3076923076923,56.41025641025641,10.897435897435898
E00082147,131,44,14,30,87,74,13,33.587786259541986,10.687022900763358,22.900763358778626,66.41221374045801,56.48854961832062,9.923664122137405
E00082148,214,67,18,49,147,134,13,31.308411214953267,8.411214953271028,22.897196261682243,68.69158878504673,62.616822429906534,6.074766355140187
E00082149,147,38,13,25,109,93,16,25.850340136054424,8.843537414965986,17.006802721088434,74.14965986394559,63.26530612244898,10.884353741496598
E00082150,168,55,18,37,113,100,13,32.73809523809524,10.714285714285714,22.023809523809522,67.26190476190477,59.523809523809526,7.738095238095238
E00082151,174,49,16,33,125,101,24,28.160919540229884,9.195402298850574,18.96551724137931,71.83908045977012,58.04597701149425,13.793103448275861
E00082152,166,51,18,33,115,97,18,30.72289156626506,10.843373493975903,19.879518072289155,69.27710843373494,58.43373493975904,10.843373493975903
E00082153,114,36,9,27,78,72,6,31.57894736842105,7.894736842105263,23.684210526315788,68.42105263157895,63.1578947368421,5.263157894736842
E00082154,204,60,26,34,144,126,18,29.411764705882355,12.745098039215685,16.666666666666664,70.58823529411765,61.76470588235294,8.823529411764707
E00082155,163,47,14,33,116,97,19,28.834355828220858,8.588957055214724,20.245398773006134,71.16564417177914,59.50920245398773,11.65644171779141
E00082156,91,19,5,14,72,62,10,20.87912087912088,5.4945054945054945,15.384615384615385,79.12087912087912,68.13186813186813,10.989010989010989
E00082157,119,37,12,25,82,70,12,31.092436974789916,10.084033613445378,21.008403361344538,68.90756302521008,58.82352941176471,10.084033613445378
E00082158,123,36,13,23,87,75,12,29.268292682926827,10.569105691056912,18.69918699186992,70.73170731707317,60.97560975609756,9.75609756097561
E00082159,130,34,15,19,96,81,15,26.153846153846157,11.538461538461538,14.615384615384617,73.84615384615385,62.30769230769231,11.538461538461538
E00082160,120,45,16,29,75,65,10,37.5,13.333333333333334,24.166666666666668,62.5,54.166666666666664,8.333333333333332
E00082161,153,48,10,38,105,97,8,31.372549019607842,6.535947712418301,24.836601307189543,68.62745098039215,63.39869281045751,5.228758169934641
E00082162,162,58,24,34,104,93,11,35.80246913580247,14.814814814814813,20.98765432098765,64.19753086419753,57.407407407407405,6.790123456790123
E00082163,182,58,17,41,124,115,9,31.868131868131865,9.340659340659341,22.52747252747253,68.13186813186813,63.18681318681318,4.945054945054945
E00082164,139,31,11,20,108,87,21,22.302158273381295,7.913669064748201,14.388489208633093,77.6978417266187,62.589928057553955,15.107913669064748
E00082166,186,57,24,33,129,98,31,30.64516129032258,12.903225806451612,17.741935483870968,69.35483870967742,52.68817204301075,16.666666666666664
E00082167,166,38,15,23,128,91,37,22.89156626506024,9.036144578313253,13.855421686746988,77.10843373493977,54.81927710843374,22.289156626506024
E00082168,137,47,22,25,90,58,32,34.306569343065696,16.05839416058394,18.248175182481752,65.69343065693431,42.33576642335766,23.357664233576642
E00082169,143,44,10,34,99,67,32,30.76923076923077,6.993006993006993,23.776223776223777,69.23076923076923,46.85314685314685,22.377622377622377
E00082170,132,37,22,15,95,69,26,28.030303030303028,16.666666666666664,11.363636363636363,71.96969696969697,52.27272727272727,19.696969696969695
E00082171,236,86,35,51,150,118,32,36.440677966101696,14.83050847457627,21.610169491525426,63.559322033898304,50,13.559322033898304
E00082172,124,39,13,26,85,57,28,31.451612903225808,10.483870967741936,20.967741935483872,68.54838709677419,45.96774193548387,22.58064516129032
E00082173,158,41,15,26,117,83,34,25.949367088607595,9.49367088607595,16.455696202531644,74.0506329113924,52.53164556962025,21.518987341772153
E00082174,231,69,30,39,162,129,33,29.87012987012987,12.987012987012985,16.883116883116884,70.12987012987013,55.84415584415584,14.285714285714285
E00082175,121,41,21,20,80,53,27,33.88429752066116,17.355371900826448,16.528925619834713,66.11570247933885,43.80165289256198,22.31404958677686
E00082176,166,48,18,30,118,86,32,28.915662650602407,10.843373493975903,18.072289156626507,71.08433734939759,51.80722891566265,19.27710843373494
E00082177,140,38,15,23,102,67,35,27.142857142857142,10.714285714285714,16.428571428571427,72.85714285714285,47.85714285714286,25
E00082178,124,37,25,12,87,62,25,29.838709677419356,20.161290322580644,9.67741935483871,70.16129032258065,50,20.161290322580644
E00082179,256,73,27,46,183,143,40,28.515625,10.546875,17.96875,71.484375,55.859375,15.625
E00082180,165,43,18,25,122,101,21,26.060606060606062,10.909090909090908,15.151515151515152,73.93939393939394,61.212121212121204,12.727272727272727
E00082182,116,32,15,17,84,61,23,27.586206896551722,12.931034482758621,14.655172413793101,72.41379310344827,52.58620689655172,19.82758620689655
E00082183,195,48,20,28,147,121,26,24.615384615384617,10.256410256410255,14.358974358974358,75.38461538461539,62.05128205128205,13.333333333333334
E00082184,268,55,18,37,213,172,41,20.522388059701495,6.7164179104477615,13.805970149253731,79.47761194029852,64.17910447761194,15.298507462686567
E00082185,189,55,18,37,134,115,19,29.100529100529098,9.523809523809524,19.576719576719576,70.8994708994709,60.84656084656085,10.052910052910052
E00082186,197,57,19,38,140,114,26,28.934010152284262,9.644670050761421,19.289340101522843,71.06598984771574,57.868020304568525,13.19796954314721
E00082187,110,24,12,12,86,67,19,21.818181818181817,10.909090909090908,10.909090909090908,78.18181818181819,60.909090909090914,17.272727272727273
E00082188,139,45,17,28,94,80,14,32.37410071942446,12.23021582733813,20.14388489208633,67.62589928057554,57.55395683453237,10.071942446043165
E00082189,165,40,16,24,125,108,17,24.242424242424242,9.696969696969697,14.545454545454545,75.75757575757575,65.45454545454545,10.303030303030303
E00082190,187,56,24,32,131,94,37,29.946524064171122,12.834224598930483,17.11229946524064,70.05347593582889,50.26737967914438,19.786096256684495
E00082191,171,55,21,34,116,102,14,32.16374269005848,12.280701754385964,19.883040935672515,67.83625730994152,59.64912280701754,8.187134502923977
E00082192,179,55,12,43,124,105,19,30.726256983240223,6.70391061452514,24.022346368715084,69.27374301675978,58.659217877094974,10.614525139664805
E00082193,115,28,11,17,87,68,19,24.347826086956523,9.565217391304348,14.782608695652174,75.65217391304347,59.130434782608695,16.52173913043478
E00082194,116,39,16,23,77,58,19,33.62068965517241,13.793103448275861,19.82758620689655,66.37931034482759,50,16.379310344827587
E00082195,178,49,20,29,129,105,24,27.52808988764045,11.235955056179774,16.292134831460675,72.47191011235955,58.98876404494382,13.48314606741573
E00082196,187,45,17,28,142,127,15,24.06417112299465,9.090909090909092,14.973262032085561,75.93582887700535,67.9144385026738,8.0213903743315509
E00082197,151,42,12,30,109,96,13,27.81456953642384,7.9470198675496695,19.867549668874172,72.18543046357617,63.576158940397356,8.609271523178808
E00082198,167,48,16,32,119,110,9,28.74251497005988,9.580838323353294,19.16167664670659,71.25748502994011,65.86826347305389,5.389221556886228
E00082199,202,43,18,25,159,131,28,21.287128712871286,8.91089108910891,12.376237623762377,78.71287128712872,64.85148514851485,13.861386138613863
E00082200,170,40,14,26,130,111,19,23.52941176470588,8.235294117647058,15.294117647058824,76.47058823529412,65.29411764705883,11.176470588235295
E00082201,179,50,14,36,129,117,12,27.932960893854748,7.82122905027933,20.11173184357542,72.06703910614524,65.36312849162012,6.70391061452514
E00082202,103,37,14,23,66,60,6,35.92233009708738,13.592233009708737,22.330097087378643,64.07766990291263,58.252427184466015,5.825242718446602
E00082203,184,54,22,32,130,118,12,29.347826086956523,11.956521739130435,17.391304347826086,70.65217391304348,64.13043478260869,6.521739130434782
E00082204,179,43,13,30,136,106,30,24.022346368715084,7.262569832402235,16.75977653631285,75.97765363128491,59.217877094972074,16.75977653631285
E00082205,144,45,15,30,99,86,13,31.25,10.416666666666668,20.833333333333336,68.75,59.72222222222222,9.027777777777777
E00082206,174,64,23,41,110,92,18,36.7816091954023,13.218390804597702,23.563218390804597,63.2183908045977,52.87356321839081,10.344827586206897
E00082207,211,62,28,34,149,115,34,29.383886255924168,13.270142180094787,16.113744075829384,70.61611374407583,54.502369668246445,16.113744075829384
E00082208,208,47,13,34,161,141,20,22.596153846153847,6.25,16.346153846153847,77.40384615384616,67.78846153846155,9.615384615384617
E00082209,159,57,25,32,102,91,11,35.84905660377358,15.723270440251572,20.125786163522015,64.15094339622641,57.23270440251572,6.918238993710692
E00082210,236,67,30,37,169,145,24,28.389830508474578,12.711864406779661,15.677966101694915,71.61016949152543,61.440677966101696,10.16949152542373
E00082211,233,70,23,47,163,144,19,30.042918454935624,9.871244635193133,20.171673819742487,69.95708154506438,61.80257510729614,8.15450643776824
E00082212,180,56,15,41,124,114,10,31.11111111111111,8.333333333333332,22.77777777777778,68.88888888888889,63.33333333333333,5.555555555555555
E00082213,120,47,21,26,73,65,8,39.166666666666664,17.5,21.666666666666668,60.83333333333333,54.166666666666664,6.666666666666667
E00082214,176,66,26,40,110,102,8,37.5,14.772727272727273,22.727272727272727,62.5,57.95454545454546,4.545454545454546
E00082215,185,60,21,39,125,109,16,32.432432432432435,11.351351351351353,21.08108108108108,67.56756756756756,58.91891891891892,8.64864864864865
E00082216,110,32,14,18,78,71,7,29.09090909090909,12.727272727272727,16.363636363636363,70.9090909090909,64.54545454545455,6.363636363636363
E00082217,45,12,0,12,33,33,0,26.666666666666668,0,26.666666666666668,73.33333333333333,73.33333333333333,0
E00082218,184,39,14,25,145,129,16,21.195652173913043,7.608695652173914,13.586956521739129,78.80434782608695,70.1086956521739,8.695652173913043
E00082219,159,43,16,27,116,97,19,27.044025157232703,10.062893081761008,16.9811320754717,72.95597484276729,61.0062893081761,11.949685534591195
E00082220,169,52,18,34,117,101,16,30.76923076923077,10.650887573964498,20.118343195266274,69.23076923076923,59.76331360946746,9.467455621301776
E00082221,134,33,14,19,101,84,17,24.62686567164179,10.44776119402985,14.17910447761194,75.3731343283582,62.68656716417911,12.686567164179104
E00082222,140,34,12,22,106,86,20,24.285714285714285,8.571428571428571,15.714285714285714,75.71428571428571,61.42857142857143,14.285714285714285
E00082223,219,51,16,35,168,148,20,23.28767123287671,7.30593607305936,15.981735159817351,76.71232876712328,67.57990867579909,9.1324200913242
E00082224,166,47,21,26,119,106,13,28.313253012048197,12.650602409638553,15.66265060240964,71.6867469879518,63.85542168674698,7.83132530120482
E00082225,184,48,17,31,136,125,11,26.08695652173913,9.239130434782608,16.847826086956523,73.91304347826086,67.93478260869566,5.978260869565218
E00082226,166,46,16,30,120,107,13,27.710843373493976,9.63855421686747,18.072289156626507,72.28915662650603,64.45783132530121,7.83132530120482
E00082227,169,55,20,35,114,99,15,32.544378698224854,11.834319526627219,20.710059171597635,67.45562130177515,58.57988165680473,8.875739644970414
E00082228,220,58,19,39,162,129,33,26.36363636363636,8.636363636363637,17.727272727272727,73.63636363636363,58.63636363636363,15
E00082229,136,45,19,26,91,62,29,33.088235294117645,13.970588235294118,19.11764705882353,66.91176470588235,45.588235294117645,21.323529411764707
E00082230,184,42,11,31,142,118,24,22.82608695652174,5.978260869565218,16.847826086956523,77.17391304347827,64.13043478260869,13.043478260869565
E00082231,155,62,26,36,93,60,33,40,16.7741935483871,23.225806451612904,60,38.70967741935484,21.29032258064516
E00082232,101,32,15,17,69,57,12,31.683168316831683,14.85148514851485,16.831683168316832,68.31683168316832,56.43564356435643,11.881188118811881
E00082233,248,76,34,42,172,133,39,30.64516129032258,13.709677419354838,16.93548387096774,69.35483870967742,53.62903225806451,15.725806451612904
E00082234,303,48,25,23,255,208,47,15.841584158415841,8.25082508250825,7.590759075907591,84.15841584158416,68.64686468646865,15.51155115511551
E00082235,230,79,22,57,151,118,33,34.34782608695652,9.565217391304348,24.782608695652176,65.65217391304347,51.30434782608696,14.347826086956522
E00082236,355,71,25,46,284,253,31,20,7.042253521126761,12.957746478873238,80,71.26760563380282,8.732394366197182
E00082237,207,46,15,31,161,145,16,22.22222222222222,7.246376811594203,14.975845410628018,77.77777777777779,70.04830917874396,7.729468599033816
E00082238,197,50,11,39,147,125,22,25.380710659898476,5.583756345177665,19.796954314720814,74.61928934010153,63.45177664974619,11.16751269035533
E00082239,227,66,25,41,161,145,16,29.074889867841406,11.013215859030836,18.06167400881057,70.92511013215858,63.87665198237885,7.048458149779736
E00082240,156,32,9,23,124,109,15,20.51282051282051,5.769230769230769,14.743589743589745,79.48717948717949,69.87179487179486,9.615384615384617
E00082241,203,57,23,34,146,129,17,28.078817733990146,11.330049261083744,16.748768472906402,71.92118226600985,63.54679802955665,8.374384236453201
E00082242,138,22,8,14,116,102,14,15.942028985507244,5.797101449275362,10.144927536231885,84.05797101449275,73.91304347826086,10.144927536231885
E00082243,236,61,26,35,175,154,21,25.847457627118644,11.016949152542372,14.83050847457627,74.15254237288136,65.2542372881356,8.898305084745763
E00082244,213,53,23,30,160,141,19,24.88262910798122,10.7981220657277,14.084507042253522,75.11737089201877,66.19718309859155,8.92018779342723
E00082245,254,82,30,52,172,146,26,32.28346456692913,11.811023622047244,20.47244094488189,67.71653543307087,57.48031496062992,10.236220472440944
E00082247,186,55,20,35,131,105,26,29.56989247311828,10.75268817204301,18.817204301075268,70.43010752688173,56.451612903225815,13.978494623655912
E00082248,191,49,17,32,142,124,18,25.654450261780106,8.900523560209423,16.75392670157068,74.3455497382199,64.92146596858639,9.424083769633508
E00082249,135,33,17,16,102,87,15,24.444444444444443,12.592592592592592,11.851851851851853,75.55555555555556,64.44444444444444,11.11111111111111
E00082250,174,35,14,21,139,124,15,20.114942528735632,8.045977011494253,12.068965517241379,79.88505747126436,71.26436781609196,8.620689655172415
E00082251,170,34,12,22,136,116,20,20,7.0588235294117645,12.941176470588237,80,68.23529411764706,11.76470588235294
E00082252,230,52,16,36,178,158,20,22.608695652173914,6.956521739130435,15.65217391304348,77.39130434782608,68.69565217391305,8.695652173913043
E00082253,121,33,14,19,88,76,12,27.27272727272727,11.570247933884298,15.702479338842975,72.72727272727273,62.8099173553719,9.917355371900827
E00082254,161,50,25,25,111,90,21,31.05590062111801,15.527950310559005,15.527950310559005,68.94409937888199,55.90062111801242,13.043478260869565
E00082255,150,45,13,32,105,79,26,30,8.666666666666668,21.333333333333336,70,52.666666666666664,17.333333333333336
E00082256,159,46,22,24,113,80,33,28.930817610062892,13.836477987421384,15.09433962264151,71.0691823899371,50.314465408805034,20.754716981132077
E00082257,261,83,30,53,178,138,40,31.800766283524908,11.494252873563218,20.306513409961685,68.19923371647509,52.87356321839081,15.32567049808429
E00082258,195,57,22,35,138,102,36,29.230769230769234,11.282051282051283,17.94871794871795,70.76923076923077,52.307692307692314,18.461538461538463
E00082259,182,40,13,27,142,118,24,21.978021978021978,7.142857142857142,14.835164835164836,78.02197802197803,64.83516483516483,13.186813186813188
E00082261,141,34,14,20,107,85,22,24.113475177304963,9.929078014184398,14.184397163120568,75.88652482269504,60.28368794326241,15.602836879432624
E00082262,185,62,34,28,123,82,41,33.513513513513516,18.37837837837838,15.135135135135137,66.48648648648648,44.32432432432433,22.162162162162165
E00082263,204,58,23,35,146,121,25,28.431372549019606,11.27450980392157,17.15686274509804,71.56862745098039,59.31372549019608,12.254901960784313
E00082264,226,70,19,51,156,135,21,30.973451327433626,8.4070796460177,22.566371681415927,69.02654867256636,59.73451327433629,9.29203539823009
E00082265,219,57,27,30,162,126,36,26.027397260273972,12.32876712328767,13.698630136986301,73.97260273972603,57.534246575342465,16.43835616438356
E00082266,265,81,28,53,184,142,42,30.566037735849054,10.566037735849058,20,69.43396226415094,53.58490566037736,15.849056603773585
E00082267,146,36,15,21,110,89,21,24.65753424657534,10.273972602739725,14.383561643835616,75.34246575342466,60.95890410958904,14.383561643835616
E00082268,171,47,19,28,124,97,27,27.485380116959064,11.11111111111111,16.374269005847953,72.51461988304094,56.72514619883041,15.789473684210526
E00082269,130,33,10,23,97,73,24,25.384615384615383,7.6923076923076925,17.692307692307693,74.61538461538461,56.15384615384615,18.461538461538463
E00082270,192,51,28,23,141,101,40,26.5625,14.583333333333334,11.979166666666668,73.4375,52.604166666666664,20.833333333333336
E00082271,238,61,21,40,177,147,30,25.630252100840334,8.823529411764707,16.80672268907563,74.36974789915966,61.76470588235294,12.605042016806722
E00082272,207,62,33,29,145,112,33,29.951690821256037,15.942028985507244,14.009661835748794,70.04830917874396,54.106280193236714,15.942028985507244
E00082273,294,87,31,56,207,175,32,29.591836734693878,10.54421768707483,19.047619047619047,70.40816326530613,59.523809523809526,10.884353741496598
E00082274,168,37,16,21,131,94,37,22.023809523809522,9.523809523809524,12.5,77.97619047619048,55.952380952380956,22.023809523809522
E00082275,136,41,16,25,95,75,20,30.14705882352941,11.76470588235294,18.38235294117647,69.85294117647058,55.14705882352941,14.705882352941178
E00082276,51,19,10,9,32,20,12,37.254901960784316,19.607843137254903,17.647058823529413,62.745098039215684,39.21568627450981,23.52941176470588
E00082277,78,22,8,14,56,40,16,28.205128205128204,10.256410256410255,17.94871794871795,71.7948717948718,51.28205128205128,20.51282051282051
E00082278,191,70,26,44,121,90,31,36.64921465968586,13.612565445026178,23.036649214659686,63.35078534031413,47.12041884816754,16.230366492146597
E00082279,164,41,14,27,123,102,21,25,8.536585365853659,16.463414634146343,75,62.19512195121951,12.804878048780488
E00082280,190,61,31,30,129,84,45,32.10526315789474,16.315789473684212,15.789473684210526,67.89473684210526,44.21052631578947,23.684210526315788
E00082281,145,47,16,31,98,84,14,32.41379310344827,11.03448275862069,21.379310344827587,67.58620689655173,57.931034482758626,9.655172413793103
E00082282,156,52,30,22,104,79,25,33.33333333333333,19.230769230769234,14.102564102564102,66.66666666666666,50.641025641025635,16.025641025641026
E00082283,143,44,21,23,99,88,11,30.76923076923077,14.685314685314685,16.083916083916083,69.23076923076923,61.53846153846154,7.6923076923076925
E00082284,169,51,13,38,118,96,22,30.17751479289941,7.6923076923076925,22.485207100591715,69.8224852071006,56.80473372781065,13.017751479289942
E00082285,167,59,25,34,108,84,24,35.32934131736527,14.97005988023952,20.359281437125748,64.67065868263472,50.29940119760479,14.37125748502994
E00082286,144,43,13,30,101,92,9,29.86111111111111,9.027777777777777,20.833333333333336,70.13888888888889,63.888888888888886,6.25
E00082287,175,45,20,25,130,103,27,25.71428571428571,11.428571428571429,14.285714285714285,74.28571428571429,58.857142857142854,15.428571428571427
E00082288,157,40,19,21,117,106,11,25.477707006369428,12.101910828025478,13.375796178343949,74.52229299363057,67.51592356687898,7.006369426751593
E00082289,178,40,20,20,138,115,23,22.47191011235955,11.235955056179774,11.235955056179774,77.52808988764045,64.60674157303372,12.921348314606742
E00082290,176,50,20,30,126,104,22,28.40909090909091,11.363636363636363,17.045454545454543,71.5909090909091,59.09090909090909,12.5
E00082291,149,36,8,28,113,102,11,24.161073825503358,5.369127516778524,18.79194630872483,75.83892617449665,68.45637583892618,7.38255033557047
E00082292,165,42,11,31,123,99,24,25.454545454545453,6.666666666666667,18.787878787878785,74.54545454545455,60,14.545454545454545
E00082293,161,59,25,34,102,82,20,36.64596273291926,15.527950310559005,21.11801242236025,63.35403726708074,50.931677018633536,12.422360248447205
E00082294,132,43,19,24,89,66,23,32.57575757575758,14.393939393939394,18.181818181818183,67.42424242424242,50,17.424242424242426
E00082295,156,34,13,21,122,106,16,21.794871794871796,8.333333333333332,13.461538461538462,78.2051282051282,67.94871794871796,10.256410256410255
E00082296,157,52,28,24,105,83,22,33.12101910828025,17.8343949044586,15.286624203821656,66.87898089171973,52.86624203821656,14.012738853503185
E00082297,237,69,27,42,168,137,31,29.11392405063291,11.39240506329114,17.72151898734177,70.88607594936708,57.80590717299579,13.080168776371309
E00082298,183,57,22,35,126,93,33,31.147540983606557,12.021857923497267,19.12568306010929,68.85245901639344,50.81967213114754,18.0327868852459
E00082299,166,42,21,21,124,112,12,25.301204819277107,12.650602409638553,12.650602409638553,74.69879518072288,67.46987951807229,7.228915662650602
E00082302,169,55,20,35,114,99,15,32.544378698224854,11.834319526627219,20.710059171597635,67.45562130177515,58.57988165680473,8.875739644970414
E00082303,303,75,26,49,228,189,39,24.752475247524753,8.58085808580858,16.17161716171617,75.24752475247524,62.37623762376238,12.871287128712872
E00082306,160,52,18,34,108,86,22,32.5,11.25,21.25,67.5,53.75,13.750000000000002
E00082307,178,59,23,36,119,107,12,33.146067415730336,12.921348314606742,20.224719101123593,66.85393258426966,60.1123595505618,6.741573033707865
E00082308,125,31,5,26,94,80,14,24.8,4,20.8,75.2,64,11.200000000000001
E00082309,161,45,13,32,116,97,19,27.95031055900621,8.074534161490684,19.875776397515526,72.04968944099379,60.24844720496895,11.801242236024844
E00082310,189,35,11,24,154,127,27,18.51851851851852,5.82010582010582,12.698412698412698,81.48148148148148,67.1957671957672,14.285714285714285
E00082311,180,58,20,38,122,110,12,32.22222222222222,11.11111111111111,21.11111111111111,67.77777777777779,61.111111111111114,6.666666666666667
E00082312,96,31,8,23,65,52,13,32.29166666666667,8.333333333333332,23.958333333333336,67.70833333333334,54.166666666666664,13.541666666666666
E00082313,142,46,21,25,96,79,17,32.3943661971831,14.788732394366196,17.6056338028169,67.6056338028169,55.633802816901415,11.971830985915492
E00082314,145,33,12,21,112,102,10,22.758620689655174,8.275862068965518,14.482758620689657,77.24137931034483,70.34482758620689,6.896551724137931
E00082315,105,32,14,18,73,55,18,30.476190476190478,13.333333333333334,17.142857142857142,69.52380952380952,52.38095238095239,17.142857142857142
E00082316,143,50,20,30,93,83,10,34.96503496503497,13.986013986013987,20.97902097902098,65.03496503496503,58.04195804195804,6.993006993006993
E00082317,143,44,17,27,99,77,22,30.76923076923077,11.888111888111888,18.88111888111888,69.23076923076923,53.84615384615385,15.384615384615385
E00082318,163,46,21,25,117,101,16,28.22085889570552,12.883435582822086,15.337423312883436,71.77914110429448,61.963190184049076,9.815950920245399
E00082319,128,37,15,22,91,79,12,28.90625,11.71875,17.1875,71.09375,61.71875,9.375
E00082320,125,27,14,13,98,72,26,21.6,11.200000000000001,10.4,78.4,57.599999999999994,20.8
E00082321,152,46,14,32,106,86,20,30.263157894736842,9.210526315789473,21.052631578947366,69.73684210526315,56.57894736842105,13.157894736842104
E00082322,121,49,18,31,72,58,14,40.49586776859504,14.87603305785124,25.6198347107438,59.50413223140496,47.93388429752066,11.570247933884298
E00082323,132,38,16,22,94,87,7,28.78787878787879,12.121212121212121,16.666666666666664,71.21212121212122,65.9090909090909,5.303030303030303
E00082324,147,47,20,27,100,82,18,31.97278911564626,13.60544217687075,18.367346938775512,68.02721088435374,55.78231292517006,12.244897959183673
E00082325,135,45,11,34,90,80,10,33.33333333333333,8.148148148148149,25.185185185185183,66.66666666666666,59.25925925925925,7.4074074074074066
E00082326,152,57,24,33,95,80,15,37.5,15.789473684210526,21.710526315789476,62.5,52.63157894736842,9.868421052631579
E00082327,172,56,30,26,116,94,22,32.55813953488372,17.441860465116278,15.11627906976744,67.44186046511628,54.65116279069767,12.790697674418606
E00082328,156,42,14,28,114,79,35,26.923076923076923,8.974358974358974,17.94871794871795,73.07692307692307,50.641025641025635,22.435897435897438
E00082329,120,22,8,14,98,76,22,18.333333333333332,6.666666666666667,11.666666666666666,81.66666666666667,63.33333333333333,18.333333333333332
E00082330,177,51,17,34,126,97,29,28.8135593220339,9.6045197740113,19.2090395480226,71.1864406779661,54.80225988700565,16.38418079096045
E00082331,137,35,11,24,102,89,13,25.547445255474454,8.02919708029197,17.51824817518248,74.45255474452554,64.96350364963503,9.48905109489051
E00082332,191,60,36,24,131,107,24,31.413612565445025,18.848167539267017,12.56544502617801,68.58638743455498,56.02094240837696,12.56544502617801
E00082333,142,30,8,22,112,89,23,21.12676056338028,5.633802816901409,15.492957746478872,78.87323943661971,62.676056338028175,16.19718309859155
E00082334,111,43,25,18,68,51,17,38.73873873873874,22.52252252252252,16.216216216216218,61.261261261261254,45.94594594594595,15.315315315315313
E00082336,130,44,21,23,86,66,20,33.84615384615385,16.153846153846153,17.692307692307693,66.15384615384615,50.76923076923077,15.384615384615385
E00082337,134,44,22,22,90,73,17,32.83582089552239,16.417910447761194,16.417910447761194,67.16417910447761,54.47761194029851,12.686567164179104
E00082338,148,46,21,25,102,89,13,31.08108108108108,14.18918918918919,16.89189189189189,68.91891891891892,60.13513513513513,8.783783783783784
E00082339,146,39,19,20,107,81,26,26.71232876712329,13.013698630136986,13.698630136986301,73.28767123287672,55.47945205479452,17.80821917808219
E00082340,178,49,22,27,129,105,24,27.52808988764045,12.359550561797752,15.168539325842698,72.47191011235955,58.98876404494382,13.48314606741573
E00082341,227,71,30,41,156,100,56,31.277533039647576,13.215859030837004,18.06167400881057,68.72246696035242,44.052863436123346,24.669603524229075
E00082342,96,31,12,19,65,48,17,32.29166666666667,12.5,19.791666666666664,67.70833333333334,50,17.708333333333336
E00082343,135,38,20,18,97,76,21,28.14814814814815,14.814814814814813,13.333333333333334,71.85185185185186,56.2962962962963,15.555555555555555
E00082344,124,34,17,17,90,68,22,27.419354838709676,13.709677419354838,13.709677419354838,72.58064516129032,54.83870967741935,17.741935483870968
E00082345,163,56,18,38,107,89,18,34.355828220858896,11.042944785276074,23.31288343558282,65.6441717791411,54.601226993865026,11.042944785276074
E00082346,154,49,23,26,105,86,19,31.818181818181817,14.935064935064934,16.883116883116884,68.18181818181817,55.84415584415584,12.337662337662337
E00082347,140,56,21,35,84,67,17,40,15,25,60,47.85714285714286,12.142857142857142
E00082348,130,40,17,23,90,68,22,30.76923076923077,13.076923076923078,17.692307692307693,69.23076923076923,52.307692307692314,16.923076923076923
E00082349,135,41,14,27,94,71,23,30.37037037037037,10.37037037037037,20,69.62962962962963,52.59259259259259,17.037037037037038
E00082350,81,21,8,13,60,51,9,25.925925925925924,9.876543209876543,16.049382716049383,74.07407407407408,62.96296296296296,11.11111111111111
E00082351,135,40,17,23,95,69,26,29.629629629629626,12.592592592592592,17.037037037037038,70.37037037037037,51.11111111111111,19.25925925925926
E00082352,114,30,11,19,84,56,28,26.31578947368421,9.649122807017543,16.666666666666664,73.68421052631578,49.122807017543856,24.561403508771928
E00082353,177,50,20,30,127,98,29,28.24858757062147,11.299435028248588,16.94915254237288,71.75141242937853,55.367231638418076,16.38418079096045
E00082354,146,39,16,23,107,87,20,26.71232876712329,10.95890410958904,15.753424657534246,73.28767123287672,59.589041095890416,13.698630136986301
E00082355,175,47,17,30,128,105,23,26.857142857142858,9.714285714285714,17.142857142857142,73.14285714285714,60,13.142857142857142
E00082356,147,44,19,25,103,86,17,29.931972789115648,12.925170068027212,17.006802721088434,70.06802721088435,58.50340136054422,11.564625850340136
E00082357,149,45,22,23,104,86,18,30.201342281879196,14.76510067114094,15.436241610738255,69.79865771812081,57.71812080536913,12.080536912751679
E00082358,170,38,11,27,132,106,26,22.35294117647059,6.470588235294119,15.88235294117647,77.64705882352942,62.35294117647059,15.294117647058824
E00082359,250,67,26,41,183,124,59,26.8,10.4,16.400000000000002,73.2,49.6,23.599999999999998
E00082360,147,40,22,18,107,79,28,27.2108843537415,14.965986394557824,12.244897959183673,72.78911564625851,53.74149659863946,19.047619047619047
E00082361,139,28,11,17,111,96,15,20.14388489208633,7.913669064748201,12.23021582733813,79.85611510791367,69.06474820143885,10.79136690647482
E00082362,168,43,22,21,125,105,20,25.595238095238095,13.095238095238097,12.5,74.40476190476191,62.5,11.904761904761903
E00082363,117,27,9,18,90,62,28,23.076923076923077,7.6923076923076925,15.384615384615385,76.92307692307693,52.991452991452995,23.931623931623932
E00082364,144,35,18,17,109,91,18,24.305555555555554,12.5,11.805555555555555,75.69444444444444,63.19444444444444,12.5
E00082365,172,56,22,34,116,90,26,32.55813953488372,12.790697674418606,19.767441860465116,67.44186046511628,52.32558139534884,15.11627906976744
E00082366,172,44,13,31,128,100,28,25.581395348837212,7.55813953488372,18.023255813953487,74.4186046511628,58.139534883720934,16.27906976744186
E00082367,164,49,10,39,115,99,16,29.878048780487802,6.097560975609756,23.78048780487805,70.1219512195122,60.36585365853659,9.75609756097561
E00082368,213,72,36,36,141,110,31,33.80281690140845,16.901408450704224,16.901408450704224,66.19718309859155,51.64319248826291,14.553990610328638
E00082369,171,48,22,26,123,94,29,28.07017543859649,12.865497076023392,15.204678362573098,71.9298245614035,54.97076023391813,16.95906432748538
E00082371,66,14,8,6,52,41,11,21.21212121212121,12.121212121212121,9.090909090909092,78.78787878787878,62.121212121212125,16.666666666666664
E00082372,138,29,11,18,109,94,15,21.014492753623188,7.971014492753622,13.043478260869565,78.98550724637681,68.11594202898551,10.869565217391305
E00082373,185,41,13,28,144,120,24,22.162162162162165,7.027027027027027,15.135135135135137,77.83783783783784,64.86486486486487,12.972972972972974
E00082374,146,50,27,23,96,80,16,34.24657534246575,18.493150684931507,15.753424657534246,65.75342465753424,54.794520547945204,10.95890410958904
E00082375,219,51,24,27,168,122,46,23.28767123287671,10.95890410958904,12.32876712328767,76.71232876712328,55.70776255707762,21.00456621004566
E00082376,162,55,25,30,107,84,23,33.95061728395062,15.432098765432098,18.51851851851852,66.0493827160494,51.85185185185185,14.19753086419753
E00082377,57,18,7,11,39,31,8,31.57894736842105,12.280701754385964,19.298245614035086,68.42105263157895,54.385964912280706,14.035087719298245
E00082378,121,35,10,25,86,73,13,28.92561983471074,8.264462809917356,20.66115702479339,71.07438016528926,60.33057851239669,10.743801652892563
E00082379,208,55,24,31,153,120,33,26.442307692307693,11.538461538461538,14.903846153846153,73.5576923076923,57.692307692307686,15.865384615384615
E00082380,157,50,21,29,107,87,20,31.84713375796178,13.375796178343949,18.471337579617835,68.15286624203821,55.4140127388535,12.738853503184714
E00082381,117,25,10,15,92,71,21,21.367521367521366,8.547008547008547,12.82051282051282,78.63247863247864,60.68376068376068,17.94871794871795
E00082382,110,28,14,14,82,64,18,25.454545454545453,12.727272727272727,12.727272727272727,74.54545454545455,58.18181818181818,16.363636363636363
E00082383,113,32,12,20,81,71,10,28.31858407079646,10.619469026548673,17.699115044247787,71.68141592920354,62.83185840707964,8.849557522123893
E00082384,128,32,13,19,96,80,16,25,10.15625,14.84375,75,62.5,12.5
E00082386,177,65,31,34,112,80,32,36.72316384180791,17.51412429378531,19.2090395480226,63.2768361581921,45.19774011299435,18.07909604519774
E00082388,183,53,23,30,130,116,14,28.96174863387978,12.568306010928962,16.39344262295082,71.03825136612022,63.387978142076506,7.650273224043716
E00082389,122,32,19,13,90,81,9,26.229508196721312,15.573770491803279,10.655737704918032,73.77049180327869,66.39344262295081,7.377049180327869
E00082390,124,24,9,15,100,86,14,19.35483870967742,7.258064516129033,12.096774193548388,80.64516129032258,69.35483870967742,11.29032258064516
E00082391,99,19,8,11,80,73,7,19.19191919191919,8.080808080808081,11.11111111111111,80.8080808080808,73.73737373737373,7.07070707070707
E00082392,177,55,11,44,122,103,19,31.07344632768362,6.214689265536723,24.858757062146893,68.92655367231639,58.19209039548022,10.734463276836157
E00082394,190,58,18,40,132,122,10,30.526315789473685,9.473684210526317,21.052631578947366,69.47368421052632,64.21052631578948,5.263157894736842
E00082395,124,33,21,12,91,76,15,26.61290322580645,16.93548387096774,9.67741935483871,73.38709677419355,61.29032258064516,12.096774193548388
E00082396,192,47,16,31,145,116,29,24.479166666666664,8.333333333333332,16.145833333333336,75.52083333333334,60.416666666666664,15.104166666666666
E00082397,85,19,4,15,66,57,9,22.35294117647059,4.705882352941177,17.647058823529413,77.64705882352942,67.05882352941175,10.588235294117647
E00082398,121,24,9,15,97,80,17,19.834710743801654,7.43801652892562,12.396694214876034,80.16528925619835,66.11570247933885,14.049586776859504
E00082399,175,41,16,25,134,117,17,23.42857142857143,9.142857142857142,14.285714285714285,76.57142857142857,66.85714285714286,9.714285714285714
E00082400,163,40,16,24,123,104,19,24.539877300613497,9.815950920245399,14.723926380368098,75.4601226993865,63.80368098159509,11.65644171779141
E00082401,132,31,13,18,101,86,15,23.484848484848484,9.848484848484848,13.636363636363635,76.51515151515152,65.15151515151516,11.363636363636363
E00082402,115,32,8,24,83,70,13,27.82608695652174,6.956521739130435,20.869565217391305,72.17391304347827,60.86956521739131,11.304347826086957
E00082403,200,51,16,35,149,124,25,25.5,8,17.5,74.5,62,12.5
E00082404,236,54,16,38,182,162,20,22.88135593220339,6.779661016949152,16.101694915254235,77.11864406779661,68.64406779661016,8.47457627118644
E00082405,188,40,20,20,148,107,41,21.27659574468085,10.638297872340425,10.638297872340425,78.72340425531915,56.91489361702128,21.808510638297875
E00082406,143,34,11,23,109,92,17,23.776223776223777,7.6923076923076925,16.083916083916083,76.22377622377621,64.33566433566433,11.888111888111888
E00082407,135,43,23,20,92,66,26,31.851851851851855,17.037037037037038,14.814814814814813,68.14814814814815,48.888888888888886,19.25925925925926
E00082408,168,40,17,23,128,92,36,23.809523809523807,10.119047619047619,13.690476190476192,76.19047619047619,54.761904761904766,21.428571428571427
E00082409,168,51,22,29,117,99,18,30.357142857142854,13.095238095238097,17.261904761904763,69.64285714285714,58.92857142857143,10.714285714285714
E00082410,209,58,25,33,151,106,45,27.751196172248804,11.961722488038278,15.789473684210526,72.24880382775119,50.717703349282296,21.5311004784689
E00082411,213,49,22,27,164,130,34,23.004694835680752,10.328638497652582,12.676056338028168,76.99530516431925,61.03286384976526,15.96244131455399
E00082412,155,36,15,21,119,84,35,23.225806451612904,9.67741935483871,13.548387096774196,76.77419354838709,54.19354838709678,22.58064516129032
E00082413,186,53,18,35,133,117,16,28.49462365591398,9.67741935483871,18.817204301075268,71.50537634408603,62.903225806451616,8.60215053763441
E00082414,163,45,21,24,118,94,24,27.607361963190186,12.883435582822086,14.723926380368098,72.39263803680981,57.668711656441715,14.723926380368098
E00082415,186,64,27,37,122,97,25,34.40860215053764,14.516129032258066,19.892473118279568,65.59139784946237,52.1505376344086,13.440860215053762
E00082416,159,55,24,31,104,84,20,34.59119496855346,15.09433962264151,19.49685534591195,65.40880503144653,52.83018867924528,12.578616352201259
E00082417,199,56,28,28,143,118,25,28.14070351758794,14.07035175879397,14.07035175879397,71.85929648241206,59.2964824120603,12.562814070351758
E00082419,158,57,21,36,101,85,16,36.075949367088604,13.291139240506327,22.78481012658228,63.92405063291139,53.79746835443038,10.126582278481013
E00082420,128,42,23,19,86,58,28,32.8125,17.96875,14.84375,67.1875,45.3125,21.875
E00082421,152,53,19,34,99,82,17,34.868421052631575,12.5,22.36842105263158,65.13157894736842,53.94736842105263,11.18421052631579
E00082422,131,48,19,29,83,70,13,36.6412213740458,14.50381679389313,22.137404580152673,63.358778625954194,53.43511450381679,9.923664122137405
E00082423,144,40,16,24,104,92,12,27.77777777777778,11.11111111111111,16.666666666666664,72.22222222222221,63.888888888888886,8.333333333333332
E00082424,249,64,26,38,185,147,38,25.702811244979916,10.441767068273093,15.261044176706829,74.29718875502009,59.036144578313255,15.261044176706829
E00082425,181,41,17,24,140,118,22,22.65193370165746,9.392265193370166,13.259668508287293,77.34806629834254,65.19337016574586,12.154696132596685
E00082426,188,44,20,24,144,117,27,23.404255319148938,10.638297872340425,12.76595744680851,76.59574468085107,62.23404255319149,14.361702127659576
E00082427,127,33,15,18,94,73,21,25.984251968503933,11.811023622047244,14.173228346456693,74.01574803149606,57.48031496062992,16.535433070866144
E00082428,107,26,8,18,81,56,25,24.299065420560748,7.476635514018691,16.822429906542055,75.70093457943925,52.336448598130836,23.364485981308412
E00082429,191,62,24,38,129,109,20,32.460732984293195,12.56544502617801,19.895287958115183,67.5392670157068,57.06806282722513,10.471204188481675
E00082430,86,14,4,10,72,68,4,16.27906976744186,4.651162790697675,11.627906976744185,83.72093023255815,79.06976744186046,4.651162790697675
E00082431,133,31,8,23,102,92,10,23.308270676691727,6.015037593984962,17.293233082706767,76.69172932330827,69.17293233082707,7.518796992481203
E00082432,129,44,11,33,85,73,12,34.10852713178294,8.527131782945736,25.581395348837212,65.89147286821705,56.58914728682171,9.30232558139535
E00082433,125,36,15,21,89,75,14,28.799999999999997,12,16.8,71.2,60,11.200000000000001
E00082434,157,47,18,29,110,93,17,29.936305732484076,11.464968152866243,18.471337579617835,70.06369426751591,59.23566878980891,10.828025477707007
E00082435,171,34,13,21,137,113,24,19.883040935672515,7.602339181286549,12.280701754385964,80.11695906432749,66.08187134502924,14.035087719298245
E00082436,147,41,15,26,106,89,17,27.89115646258503,10.204081632653061,17.687074829931973,72.10884353741497,60.544217687074834,11.564625850340136
E00082438,171,42,21,21,129,95,34,24.561403508771928,12.280701754385964,12.280701754385964,75.43859649122807,55.55555555555556,19.883040935672515
E00082439,162,41,17,24,121,106,15,25.308641975308642,10.493827160493826,14.814814814814813,74.69135802469135,65.4320987654321,9.25925925925926
E00082440,155,45,15,30,110,89,21,29.03225806451613,9.67741935483871,19.35483870967742,70.96774193548387,57.41935483870968,13.548387096774196
E00082441,104,31,9,22,73,63,10,29.807692307692307,8.653846153846153,21.153846153846153,70.1923076923077,60.57692307692307,9.615384615384617
E00082442,168,49,14,35,119,102,17,29.166666666666668,8.333333333333332,20.833333333333336,70.83333333333334,60.71428571428571,10.119047619047619
E00082444,164,48,21,27,116,95,21,29.268292682926827,12.804878048780488,16.463414634146343,70.73170731707317,57.92682926829268,12.804878048780488
E00082445,160,47,26,21,113,82,31,29.375,16.25,13.125,70.625,51.24999999999999,19.375
E00082446,184,56,24,32,128,107,21,30.434782608695656,13.043478260869565,17.391304347826086,69.56521739130434,58.152173913043484,11.41304347826087
E00082447,139,42,18,24,97,77,20,30.215827338129497,12.949640287769784,17.26618705035971,69.7841726618705,55.39568345323741,14.388489208633093
E00082448,177,52,19,33,125,108,17,29.37853107344633,10.734463276836157,18.64406779661017,70.62146892655367,61.016949152542374,9.6045197740113
E00082449,244,69,34,35,175,148,27,28.278688524590162,13.934426229508196,14.344262295081966,71.72131147540983,60.65573770491803,11.065573770491802
E00082450,124,39,12,27,85,77,8,31.451612903225808,9.67741935483871,21.774193548387096,68.54838709677419,62.096774193548384,6.451612903225806
E00082451,190,54,16,38,136,112,24,28.421052631578945,8.421052631578947,20,71.57894736842105,58.94736842105262,12.631578947368421
E00082452,155,48,15,33,107,88,19,30.967741935483872,9.67741935483871,21.29032258064516,69.03225806451613,56.774193548387096,12.258064516129032
E00082453,165,54,27,27,111,76,35,32.72727272727273,16.363636363636363,16.363636363636363,67.27272727272727,46.06060606060606,21.21212121212121
E00082454,76,17,5,12,59,45,14,22.36842105263158,6.578947368421052,15.789473684210526,77.63157894736842,59.210526315789465,18.421052631578945
E00082455,160,47,12,35,113,100,13,29.375,7.5,21.875,70.625,62.5,8.125
E00082456,102,25,12,13,77,63,14,24.509803921568626,11.76470588235294,12.745098039215685,75.49019607843137,61.76470588235294,13.725490196078432
E00082457,156,39,9,30,117,108,9,25,5.769230769230769,19.230769230769234,75,69.23076923076923,5.769230769230769
E00082458,128,47,16,31,81,66,15,36.71875,12.5,24.21875,63.28125,51.5625,11.71875
E00082459,121,37,21,16,84,64,20,30.57851239669421,17.355371900826448,13.223140495867769,69.42148760330579,52.892561983471076,16.528925619834713
E00082460,143,36,8,28,107,90,17,25.174825174825177,5.594405594405594,19.58041958041958,74.82517482517483,62.93706293706294,11.888111888111888
E00082461,119,24,9,15,95,76,19,20.168067226890756,7.563025210084033,12.605042016806722,79.83193277310924,63.86554621848739,15.966386554621847
E00082462,185,61,23,38,124,87,37,32.972972972972975,12.432432432432433,20.54054054054054,67.02702702702703,47.02702702702703,20
E00082463,148,36,12,24,112,86,26,24.324324324324326,8.108108108108109,16.216216216216218,75.67567567567568,58.108108108108105,17.56756756756757
E00082464,136,33,17,16,103,88,15,24.264705882352942,12.5,11.76470588235294,75.73529411764706,64.70588235294117,11.029411764705882
E00082465,141,53,19,34,88,82,6,37.5886524822695,13.47517730496454,24.113475177304963,62.4113475177305,58.156028368794324,4.25531914893617
E00082466,122,38,13,25,84,74,10,31.147540983606557,10.655737704918032,20.491803278688526,68.85245901639344,60.65573770491803,8.19672131147541
E00082467,178,39,11,28,139,128,11,21.910112359550563,6.179775280898876,15.730337078651685,78.08988764044943,71.91011235955057,6.179775280898876
E00082468,142,40,18,22,102,84,18,28.169014084507044,12.676056338028168,15.492957746478872,71.83098591549296,59.154929577464785,12.676056338028168
E00082469,128,35,15,20,93,79,14,27.34375,11.71875,15.625,72.65625,61.71875,10.9375
E00082470,110,27,7,20,83,60,23,24.545454545454547,6.363636363636363,18.181818181818183,75.45454545454545,54.54545454545454,20.909090909090907
E00082471,118,38,15,23,80,74,6,32.20338983050847,12.711864406779661,19.491525423728813,67.79661016949152,62.71186440677966,5.084745762711865
E00082472,163,61,28,33,102,97,5,37.423312883435585,17.177914110429448,20.245398773006134,62.57668711656442,59.50920245398773,3.067484662576687
E00082473,154,56,27,29,98,83,15,36.36363636363637,17.532467532467532,18.83116883116883,63.63636363636363,53.896103896103895,9.740259740259742
E00082474,129,39,17,22,90,74,16,30.23255813953488,13.178294573643413,17.05426356589147,69.76744186046511,57.36434108527132,12.4031007751938
E00082475,78,12,4,8,66,58,8,15.384615384615385,5.128205128205128,10.256410256410255,84.61538461538461,74.35897435897436,10.256410256410255
E00082476,115,35,12,23,80,56,24,30.434782608695656,10.434782608695652,20,69.56521739130434,48.69565217391305,20.869565217391305
E00082477,165,42,12,30,123,106,17,25.454545454545453,7.2727272727272725,18.181818181818183,74.54545454545455,64.24242424242425,10.303030303030303
E00082478,143,40,15,25,103,86,17,27.972027972027973,10.48951048951049,17.482517482517483,72.02797202797203,60.13986013986013,11.888111888111888
E00082479,167,45,13,32,122,110,12,26.94610778443114,7.784431137724551,19.16167664670659,73.05389221556887,65.86826347305389,7.18562874251497
E00082480,163,42,10,32,121,101,20,25.766871165644172,6.134969325153374,19.631901840490798,74.23312883435584,61.963190184049076,12.269938650306749
E00082482,190,40,8,32,150,127,23,21.052631578947366,4.2105263157894735,16.842105263157894,78.94736842105263,66.84210526315789,12.105263157894736
E00082483,199,53,16,37,146,129,17,26.633165829145728,8.040201005025125,18.592964824120603,73.36683417085426,64.82412060301507,8.542713567839195
E00082484,138,40,12,28,98,86,12,28.985507246376812,8.695652173913043,20.28985507246377,71.01449275362319,62.31884057971014,8.695652173913043
E00082485,181,52,23,29,129,112,17,28.7292817679558,12.70718232044199,16.022099447513813,71.27071823204419,61.87845303867403,9.392265193370166
E00082486,172,55,19,36,117,102,15,31.976744186046513,11.046511627906977,20.930232558139537,68.02325581395348,59.30232558139535,8.720930232558139
E00082487,103,32,11,21,71,68,3,31.06796116504854,10.679611650485436,20.388349514563107,68.93203883495146,66.01941747572816,2.912621359223301
E00082488,172,49,14,35,123,103,20,28.488372093023255,8.13953488372093,20.348837209302324,71.51162790697676,59.883720930232556,11.627906976744185
E00082489,121,34,10,24,87,82,5,28.09917355371901,8.264462809917356,19.834710743801654,71.900826446281,67.76859504132231,4.132231404958678
E00082490,166,33,17,16,133,112,21,19.879518072289155,10.240963855421686,9.63855421686747,80.12048192771084,67.46987951807229,12.650602409638553
E00082491,171,46,19,27,125,109,16,26.900584795321635,11.11111111111111,15.789473684210526,73.09941520467837,63.74269005847953,9.35672514619883
E00082492,146,40,17,23,106,92,14,27.397260273972602,11.643835616438356,15.753424657534246,72.6027397260274,63.013698630136986,9.58904109589041
E00082493,138,27,9,18,111,94,17,19.565217391304348,6.521739130434782,13.043478260869565,80.43478260869566,68.11594202898551,12.318840579710146
E00082494,89,25,8,17,64,55,9,28.08988764044944,8.98876404494382,19.101123595505616,71.91011235955057,61.79775280898876,10.112359550561797
E00082495,196,63,25,38,133,122,11,32.142857142857146,12.755102040816327,19.387755102040817,67.85714285714286,62.244897959183675,5.612244897959184
E00082496,167,34,15,19,133,112,21,20.359281437125748,8.982035928143713,11.377245508982035,79.64071856287424,67.06586826347305,12.574850299401197
E00082497,129,41,7,34,88,81,7,31.782945736434108,5.426356589147287,26.356589147286826,68.21705426356588,62.7906976744186,5.426356589147287
E00082498,160,34,10,24,126,112,14,21.25,6.25,15,78.75,70,8.75
E00082499,157,33,11,22,124,113,11,21.019108280254777,7.006369426751593,14.012738853503185,78.98089171974523,71.97452229299363,7.006369426751593
E00082500,189,40,16,24,149,132,17,21.164021164021165,8.465608465608465,12.698412698412698,78.83597883597884,69.84126984126983,8.994708994708994
E00082501,177,40,14,26,137,121,16,22.598870056497177,7.909604519774012,14.689265536723164,77.40112994350282,68.36158192090396,9.03954802259887
E00082502,156,49,19,30,107,94,13,31.41025641025641,12.179487179487179,19.230769230769234,68.58974358974359,60.256410256410255,8.333333333333332
E00082503,239,68,21,47,171,154,17,28.451882845188287,8.786610878661087,19.665271966527197,71.54811715481172,64.43514644351464,7.112970711297072
E00082505,158,58,15,43,100,82,18,36.708860759493675,9.49367088607595,27.21518987341772,63.29113924050633,51.89873417721519,11.39240506329114
E00082506,190,55,17,38,135,116,19,28.947368421052634,8.947368421052632,20,71.05263157894737,61.05263157894737,10
E00082507,160,52,17,35,108,98,10,32.5,10.625,21.875,67.5,61.25000000000001,6.25
E00082508,130,33,7,26,97,88,9,25.384615384615383,5.384615384615385,20,74.61538461538461,67.6923076923077,6.923076923076923
E00082509,152,37,14,23,115,99,16,24.342105263157894,9.210526315789473,15.131578947368421,75.6578947368421,65.13157894736842,10.526315789473683
E00082510,155,28,8,20,127,105,22,18.064516129032256,5.161290322580645,12.903225806451612,81.93548387096774,67.74193548387096,14.193548387096774
E00082511,193,43,14,29,150,129,21,22.279792746113987,7.253886010362693,15.025906735751295,77.720207253886,66.83937823834198,10.880829015544041
E00082512,224,50,23,27,174,141,33,22.321428571428573,10.267857142857142,12.053571428571429,77.67857142857143,62.94642857142857,14.732142857142858
E00082513,131,37,14,23,94,81,13,28.24427480916031,10.687022900763358,17.557251908396946,71.7557251908397,61.832061068702295,9.923664122137405
E00082514,273,78,34,44,195,166,29,28.57142857142857,12.454212454212454,16.117216117216117,71.42857142857143,60.8058608058608,10.622710622710622
E00082515,204,59,24,35,145,126,19,28.921568627450984,11.76470588235294,17.15686274509804,71.07843137254902,61.76470588235294,9.313725490196079
E00082516,151,35,14,21,116,100,16,23.178807947019866,9.271523178807946,13.90728476821192,76.82119205298014,66.22516556291392,10.596026490066226
E00082517,257,53,14,39,204,165,39,20.622568093385212,5.447470817120623,15.17509727626459,79.37743190661479,64.2023346303502,15.17509727626459
E00082518,120,36,11,25,84,75,9,30,9.166666666666666,20.833333333333336,70,62.5,7.5
E00082519,185,41,15,26,144,126,18,22.162162162162165,8.108108108108109,14.054054054054054,77.83783783783784,68.10810810810811,9.72972972972973
E00082520,179,44,20,24,135,124,11,24.581005586592177,11.1731843575419,13.40782122905028,75.41899441340783,69.27374301675978,6.145251396648044
E00082521,149,40,9,31,109,98,11,26.845637583892618,6.0402684563758395,20.80536912751678,73.15436241610739,65.77181208053692,7.38255033557047
E00082522,160,40,7,33,120,107,13,25,4.375,20.625,75,66.875,8.125
E00082523,152,47,15,32,105,93,12,30.92105263157895,9.868421052631579,21.052631578947366,69.07894736842105,61.18421052631579,7.894736842105263
E00082524,286,84,29,55,202,170,32,29.37062937062937,10.13986013986014,19.230769230769234,70.62937062937063,59.44055944055944,11.188811188811188
E00082525,162,46,16,30,116,105,11,28.39506172839506,9.876543209876543,18.51851851851852,71.60493827160494,64.81481481481481,6.790123456790123
E00082526,162,36,9,27,126,106,20,22.22222222222222,5.555555555555555,16.666666666666664,77.77777777777779,65.4320987654321,12.345679012345679
E00082527,265,59,21,38,206,172,34,22.264150943396228,7.9245283018867925,14.339622641509434,77.73584905660378,64.90566037735849,12.830188679245284
E00082529,158,33,14,19,125,105,20,20.88607594936709,8.860759493670885,12.025316455696203,79.11392405063292,66.45569620253164,12.658227848101266
E00082530,153,41,11,30,112,102,10,26.797385620915033,7.18954248366013,19.607843137254903,73.20261437908496,66.66666666666666,6.535947712418301
E00082533,172,48,18,30,124,111,13,27.906976744186046,10.465116279069768,17.441860465116278,72.09302325581395,64.53488372093024,7.55813953488372
E00082534,130,40,13,27,90,79,11,30.76923076923077,10,20.76923076923077,69.23076923076923,60.76923076923077,8.461538461538462
E00082535,186,55,18,37,131,106,25,29.56989247311828,9.67741935483871,19.892473118279568,70.43010752688173,56.98924731182796,13.440860215053762
E00082536,255,66,20,46,189,157,32,25.882352941176475,7.8431372549019605,18.03921568627451,74.11764705882354,61.568627450980394,12.549019607843137
E00082537,178,54,15,39,124,102,22,30.337078651685395,8.426966292134832,21.910112359550563,69.66292134831461,57.30337078651685,12.359550561797752
E00082538,183,46,16,30,137,123,14,25.136612021857925,8.743169398907105,16.39344262295082,74.86338797814209,67.21311475409836,7.650273224043716
E00082539,163,34,11,23,129,111,18,20.858895705521473,6.748466257668712,14.11042944785276,79.14110429447852,68.09815950920245,11.042944785276074
E00082540,186,49,19,30,137,117,20,26.344086021505376,10.21505376344086,16.129032258064516,73.65591397849462,62.903225806451616,10.75268817204301
E00082541,178,47,15,32,131,112,19,26.40449438202247,8.426966292134832,17.97752808988764,73.59550561797754,62.92134831460674,10.674157303370785
E00082542,182,62,23,39,120,100,20,34.065934065934066,12.637362637362637,21.428571428571427,65.93406593406593,54.94505494505495,10.989010989010989
E00082544,79,23,5,18,56,47,9,29.11392405063291,6.329113924050633,22.78481012658228,70.88607594936708,59.49367088607595,11.39240506329114
E00082545,162,53,19,34,109,98,11,32.71604938271605,11.728395061728394,20.98765432098765,67.28395061728395,60.49382716049383,6.790123456790123
E00082546,159,47,14,33,112,98,14,29.559748427672954,8.80503144654088,20.754716981132077,70.44025157232704,61.63522012578616,8.80503144654088
E00082547,150,39,12,27,111,94,17,26,8,18,74,62.66666666666667,11.333333333333332
E00082548,145,35,17,18,110,93,17,24.137931034482758,11.724137931034482,12.413793103448276,75.86206896551724,64.13793103448275,11.724137931034482
E00082549,156,53,21,32,103,90,13,33.97435897435898,13.461538461538462,20.51282051282051,66.02564102564102,57.692307692307686,8.333333333333332
E00082550,259,78,32,46,181,139,42,30.115830115830118,12.355212355212355,17.760617760617762,69.88416988416989,53.66795366795367,16.216216216216218
E00082551,157,43,16,27,114,96,18,27.388535031847134,10.191082802547772,17.197452229299362,72.61146496815286,61.146496815286625,11.464968152866243
E00082552,238,66,15,51,172,150,22,27.73109243697479,6.302521008403361,21.428571428571427,72.26890756302521,63.02521008403361,9.243697478991598
E00082553,265,59,19,40,206,178,28,22.264150943396228,7.169811320754717,15.09433962264151,77.73584905660378,67.16981132075472,10.566037735849058
E00082554,162,45,16,29,117,102,15,27.77777777777778,9.876543209876543,17.901234567901234,72.22222222222221,62.96296296296296,9.25925925925926
E00082555,159,43,12,31,116,104,12,27.044025157232703,7.547169811320755,19.49685534591195,72.95597484276729,65.40880503144653,7.547169811320755
E00082556,171,34,15,19,137,122,15,19.883040935672515,8.771929824561402,11.11111111111111,80.11695906432749,71.34502923976608,8.771929824561402
E00082557,146,55,21,34,91,81,10,37.67123287671233,14.383561643835616,23.28767123287671,62.328767123287676,55.47945205479452,6.8493150684931505
E00082558,148,30,12,18,118,104,14,20.27027027027027,8.108108108108109,12.162162162162163,79.72972972972973,70.27027027027027,9.45945945945946
E00082559,68,18,10,8,50,42,8,26.47058823529412,14.705882352941178,11.76470588235294,73.52941176470588,61.76470588235294,11.76470588235294
E00082560,202,51,14,37,151,132,19,25.247524752475247,6.9306930693069315,18.316831683168317,74.75247524752476,65.34653465346535,9.405940594059405
E00082561,248,52,14,38,196,176,20,20.967741935483872,5.64516129032258,15.32258064516129,79.03225806451613,70.96774193548387,8.064516129032258
E00082562,208,52,23,29,156,132,24,25,11.057692307692307,13.942307692307693,75,63.46153846153846,11.538461538461538
E00082563,145,39,20,19,106,88,18,26.89655172413793,13.793103448275861,13.10344827586207,73.10344827586206,60.689655172413794,12.413793103448276
E00082564,147,34,11,23,113,107,6,23.12925170068027,7.482993197278912,15.646258503401361,76.87074829931973,72.78911564625851,4.081632653061225
E00082565,254,51,13,38,203,183,20,20.078740157480315,5.118110236220472,14.960629921259844,79.92125984251969,72.04724409448819,7.874015748031496
E00082566,173,47,15,32,126,109,17,27.167630057803464,8.670520231213873,18.497109826589593,72.83236994219652,63.005780346820806,9.826589595375722
E00082567,139,23,10,13,116,101,15,16.546762589928058,7.1942446043165464,9.352517985611511,83.45323741007195,72.66187050359713,10.79136690647482
E00082568,157,30,11,19,127,117,10,19.10828025477707,7.006369426751593,12.101910828025478,80.89171974522293,74.52229299363057,6.369426751592357
E00082569,215,41,13,28,174,154,20,19.069767441860467,6.046511627906977,13.023255813953488,80.93023255813954,71.62790697674419,9.30232558139535
E00082571,189,44,12,32,145,128,17,23.28042328042328,6.349206349206349,16.93121693121693,76.71957671957672,67.72486772486772,8.994708994708994
E00082573,63,21,11,10,42,37,5,33.33333333333333,17.46031746031746,15.873015873015872,66.66666666666666,58.730158730158735,7.936507936507936
E00082575,111,19,9,10,92,81,11,17.117117117117118,8.108108108108109,9.00900900900901,82.88288288288288,72.97297297297297,9.90990990990991
E00082576,238,42,18,24,196,162,34,17.647058823529413,7.563025210084033,10.084033613445378,82.35294117647058,68.0672268907563,14.285714285714285
E00082577,172,49,22,27,123,107,16,28.488372093023255,12.790697674418606,15.69767441860465,71.51162790697676,62.2093023255814,9.30232558139535
E00082578,148,32,10,22,116,110,6,21.62162162162162,6.756756756756757,14.864864864864865,78.37837837837837,74.32432432432432,4.054054054054054
E00082579,203,54,17,37,149,135,14,26.60098522167488,8.374384236453201,18.226600985221676,73.39901477832512,66.50246305418719,6.896551724137931
E00082580,174,34,12,22,140,122,18,19.54022988505747,6.896551724137931,12.643678160919542,80.45977011494253,70.11494252873564,10.344827586206897
E00082581,150,45,20,25,105,91,14,30,13.333333333333334,16.666666666666664,70,60.66666666666667,9.333333333333334
E00082582,167,41,13,28,126,110,16,24.550898203592812,7.784431137724551,16.766467065868262,75.44910179640718,65.86826347305389,9.580838323353294
E00082583,157,53,24,29,104,96,8,33.75796178343949,15.286624203821656,18.471337579617835,66.2420382165605,61.146496815286625,5.095541401273886
E00082584,174,49,16,33,125,110,15,28.160919540229884,9.195402298850574,18.96551724137931,71.83908045977012,63.2183908045977,8.620689655172415
E00082585,140,41,11,30,99,84,15,29.28571428571429,7.857142857142857,21.428571428571427,70.71428571428572,60,10.714285714285714
E00082586,163,44,19,25,119,104,15,26.993865030674847,11.65644171779141,15.337423312883436,73.00613496932516,63.80368098159509,9.202453987730062
E00082587,150,42,16,26,108,97,11,28.000000000000004,10.666666666666668,17.333333333333336,72,64.66666666666666,7.333333333333333
E00082588,118,33,16,17,85,79,6,27.966101694915253,13.559322033898304,14.40677966101695,72.03389830508475,66.94915254237289,5.084745762711865
E00082589,181,51,24,27,130,117,13,28.176795580110497,13.259668508287293,14.917127071823206,71.8232044198895,64.64088397790056,7.18232044198895
E00172652,106,32,16,16,74,60,14,30.18867924528302,15.09433962264151,15.09433962264151,69.81132075471697,56.60377358490566,13.20754716981132
E00172654,205,61,29,32,144,116,28,29.756097560975608,14.146341463414632,15.609756097560975,70.24390243902438,56.58536585365853,13.658536585365855
E00172655,138,43,13,30,95,83,12,31.15942028985507,9.420289855072465,21.73913043478261,68.84057971014492,60.14492753623188,8.695652173913043
E00172657,110,34,16,18,76,67,9,30.909090909090907,14.545454545454545,16.363636363636363,69.0909090909091,60.909090909090914,8.181818181818182
E00172659,128,37,15,22,91,82,9,28.90625,11.71875,17.1875,71.09375,64.0625,7.03125
E00172660,202,60,31,29,142,116,26,29.7029702970297,15.346534653465346,14.356435643564355,70.29702970297029,57.42574257425742,12.871287128712872
E00172662,178,42,10,32,136,115,21,23.595505617977526,5.617977528089887,17.97752808988764,76.40449438202246,64.60674157303372,11.797752808988763
E00172666,283,64,27,37,219,185,34,22.614840989399294,9.540636042402827,13.074204946996467,77.3851590106007,65.37102473498233,12.014134275618375
E00172668,200,46,13,33,154,123,31,23,6.5,16.5,77,61.5,15.5
E00172669,138,34,9,25,104,90,14,24.637681159420293,6.521739130434782,18.115942028985508,75.36231884057972,65.21739130434783,10.144927536231885
E00172671,156,43,11,32,113,97,16,27.564102564102566,7.051282051282051,20.51282051282051,72.43589743589743,62.17948717948718,10.256410256410255
E00172673,173,42,15,27,131,113,18,24.277456647398843,8.670520231213873,15.606936416184972,75.72254335260115,65.3179190751445,10.404624277456648
E00172676,183,45,14,31,138,119,19,24.59016393442623,7.650273224043716,16.939890710382514,75.40983606557377,65.02732240437157,10.382513661202186
E00172677,171,40,16,24,131,105,26,23.391812865497073,9.35672514619883,14.035087719298245,76.60818713450293,61.40350877192983,15.204678362573098
E00172679,132,25,8,17,107,85,22,18.939393939393938,6.0606060606060606,12.878787878787879,81.06060606060606,64.39393939393939,16.666666666666664
E00172680,202,71,21,50,131,118,13,35.148514851485146,10.396039603960396,24.752475247524753,64.85148514851485,58.415841584158414,6.435643564356436
E00172682,326,93,32,61,233,186,47,28.52760736196319,9.815950920245399,18.711656441717793,71.47239263803681,57.05521472392638,14.417177914110429
E00172683,209,48,15,33,161,142,19,22.966507177033492,7.177033492822966,15.789473684210526,77.03349282296651,67.94258373205741,9.090909090909092
E00172685,176,59,22,37,117,85,32,33.52272727272727,12.5,21.022727272727273,66.47727272727273,48.29545454545455,18.181818181818183
E00172687,208,64,31,33,144,112,32,30.76923076923077,14.903846153846153,15.865384615384615,69.23076923076923,53.84615384615385,15.384615384615385
E00172691,73,23,10,13,50,31,19,31.506849315068493,13.698630136986301,17.80821917808219,68.4931506849315,42.465753424657535,26.027397260273972
E00172693,194,56,21,35,138,108,30,28.865979381443296,10.824742268041238,18.04123711340206,71.1340206185567,55.670103092783506,15.463917525773196
E00172694,172,44,19,25,128,104,24,25.581395348837212,11.046511627906977,14.534883720930234,74.4186046511628,60.46511627906976,13.953488372093023
E00172696,177,48,12,36,129,120,9,27.11864406779661,6.779661016949152,20.33898305084746,72.88135593220339,67.79661016949152,5.084745762711865
E00172697,133,23,8,15,110,93,17,17.293233082706767,6.015037593984962,11.278195488721805,82.70676691729322,69.92481203007519,12.781954887218044
E00172699,46,19,6,13,27,23,4,41.30434782608695,13.043478260869565,28.26086956521739,58.69565217391305,50,8.695652173913043
E00177237,202,41,17,24,161,76,85,20.2970297029703,8.415841584158416,11.881188118811881,79.70297029702971,37.62376237623762,42.07920792079208
E00177238,155,33,11,22,122,70,52,21.29032258064516,7.096774193548387,14.193548387096774,78.70967741935485,45.16129032258064,33.5483870967742
E00177240,76,31,9,22,45,26,19,40.78947368421053,11.842105263157894,28.947368421052634,59.210526315789465,34.21052631578947,25
E00177246,178,38,15,23,140,120,20,21.34831460674157,8.426966292134832,12.921348314606742,78.65168539325843,67.41573033707866,11.235955056179774
E00177255,166,43,19,24,123,109,14,25.903614457831324,11.44578313253012,14.457831325301203,74.09638554216868,65.66265060240963,8.433734939759036
E00177261,125,41,21,20,84,65,19,32.800000000000004,16.8,16,67.2,52,15.2
E00177262,284,51,20,31,233,197,36,17.95774647887324,7.042253521126761,10.915492957746478,82.04225352112677,69.36619718309859,12.676056338028168
E00177265,256,46,12,34,210,173,37,17.96875,4.6875,13.28125,82.03125,67.578125,14.453125
E00177266,245,51,17,34,194,169,25,20.816326530612244,6.938775510204081,13.877551020408163,79.18367346938776,68.9795918367347,10.204081632653061
E00177267,255,37,18,19,218,177,41,14.50980392156863,7.0588235294117645,7.450980392156863,85.49019607843137,69.41176470588235,16.07843137254902
E00177272,139,23,2,21,116,101,15,16.546762589928058,1.4388489208633095,15.107913669064748,83.45323741007195,72.66187050359713,10.79136690647482
E00177276,226,51,15,36,175,154,21,22.566371681415927,6.637168141592921,15.929203539823009,77.43362831858407,68.14159292035397,9.29203539823009
E00177282,50,8,4,4,42,35,7,16,8,8,84,70,14.000000000000002
E00177284,101,25,10,15,76,53,23,24.752475247524753,9.900990099009901,14.85148514851485,75.24752475247524,52.475247524752476,22.772277227722775
E00177290,79,17,7,10,62,56,6,21.518987341772153,8.860759493670885,12.658227848101266,78.48101265822784,70.88607594936708,7.59493670886076
E00177300,207,42,17,25,165,140,25,20.28985507246377,8.212560386473431,12.077294685990339,79.71014492753623,67.6328502415459,12.077294685990339
E00177307,154,38,13,25,116,101,15,24.675324675324674,8.441558441558442,16.233766233766232,75.32467532467533,65.5844155844156,9.740259740259742
E00177309,176,31,14,17,145,136,9,17.613636363636363,7.954545454545454,9.659090909090908,82.38636363636364,77.27272727272727,5.113636363636364
E00177310,130,16,6,10,114,96,18,12.307692307692308,4.615384615384616,7.6923076923076925,87.6923076923077,73.84615384615385,13.846153846153847
E00177312,82,19,6,13,63,50,13,23.170731707317074,7.317073170731707,15.853658536585366,76.82926829268293,60.97560975609756,15.853658536585366
E00177315,252,45,17,28,207,189,18,17.857142857142858,6.746031746031746,11.11111111111111,82.14285714285714,75,7.142857142857142
E00177317,95,13,5,8,82,66,16,13.684210526315791,5.263157894736842,8.421052631578947,86.31578947368422,69.47368421052632,16.842105263157894
E00177321,115,29,12,17,86,76,10,25.217391304347824,10.434782608695652,14.782608695652174,74.78260869565217,66.08695652173913,8.695652173913043
E00177322,100,18,3,15,82,65,17,18,3,15,82,65,17
E00177326,58,15,3,12,43,37,6,25.862068965517242,5.172413793103448,20.689655172413794,74.13793103448276,63.793103448275865,10.344827586206897
E00177327,32,7,3,4,25,23,2,21.875,9.375,12.5,78.125,71.875,6.25
E00177329,89,10,4,6,79,70,9,11.235955056179774,4.49438202247191,6.741573033707865,88.76404494382022,78.65168539325843,10.112359550561797
E00177335,348,66,10,56,282,257,25,18.96551724137931,2.8735632183908044,16.091954022988507,81.03448275862068,73.85057471264368,7.183908045977011
E00177337,103,27,10,17,76,67,9,26.21359223300971,9.70873786407767,16.50485436893204,73.7864077669903,65.0485436893204,8.737864077669903
E00177340,125,18,4,14,107,90,17,14.399999999999999,3.2,11.200000000000001,85.6,72,13.600000000000001
E00177342,71,13,8,5,58,50,8,18.30985915492958,11.267605633802818,7.042253521126761,81.69014084507043,70.4225352112676,11.267605633802818
E00177354,299,44,13,31,255,226,29,14.715719063545151,4.3478260869565215,10.367892976588628,85.28428093645485,75.58528428093646,9.698996655518394
E00177355,138,34,18,16,104,93,11,24.637681159420293,13.043478260869565,11.594202898550725,75.36231884057972,67.3913043478261,7.971014492753622
E00177358,119,29,12,17,90,72,18,24.369747899159663,10.084033613445378,14.285714285714285,75.63025210084034,60.50420168067227,15.126050420168067
E00177360,103,13,7,6,90,80,10,12.62135922330097,6.796116504854369,5.825242718446602,87.37864077669903,77.66990291262135,9.70873786407767
E00177361,19,5,2,3,14,12,2,26.31578947368421,10.526315789473683,15.789473684210526,73.68421052631578,63.1578947368421,10.526315789473683
E00177364,86,26,9,17,60,44,16,30.23255813953488,10.465116279069768,19.767441860465116,69.76744186046511,51.162790697674424,18.6046511627907
E00177367,282,75,31,44,207,171,36,26.595744680851062,10.99290780141844,15.602836879432624,73.40425531914893,60.63829787234043,12.76595744680851
