OA,ts0590001,ts0590002,ts0590003,ts0590004,ts0590005,ts0590006,ts0590007,ts0590002_PCT,ts0590003_PCT,ts0590004_PCT,ts0590005_PCT,ts0590006_PCT,ts0590007_PCT
E00102278,112,45,15,30,67,57,10,40.17857142857143,13.392857142857142,26.785714285714285,59.82142857142857,50.89285714285714,8.928571428571429
E00102279,116,43,20,23,73,60,13,37.06896551724138,17.24137931034483,19.82758620689655,62.93103448275862,51.724137931034484,11.206896551724139
E00102280,114,37,12,25,77,59,18,32.45614035087719,10.526315789473683,21.929824561403507,67.54385964912281,51.75438596491229,15.789473684210526
E00102281,136,54,25,29,82,70,12,39.705882352941174,18.38235294117647,21.323529411764707,60.29411764705882,51.470588235294116,8.823529411764707
E00102282,135,37,11,26,98,86,12,27.40740740740741,8.148148148148149,19.25925925925926,72.5925925925926,63.70370370370371,8.88888888888889
E00102283,186,92,29,63,94,71,23,49.46236559139785,15.591397849462366,33.87096774193548,50.53763440860215,38.17204301075269,12.365591397849462
E00102284,172,76,25,51,96,78,18,44.18604651162791,14.534883720930234,29.651162790697676,55.81395348837209,45.348837209302324,10.465116279069768
E00102285,290,99,22,77,191,174,17,34.13793103448276,7.586206896551724,26.551724137931032,65.86206896551724,60,5.862068965517241
E00102286,169,51,22,29,118,102,16,30.17751479289941,13.017751479289942,17.159763313609467,69.8224852071006,60.35502958579882,9.467455621301776
E00102289,186,61,26,35,125,104,21,32.795698924731184,13.978494623655912,18.817204301075268,67.20430107526882,55.91397849462365,11.29032258064516
E00102290,112,40,13,27,72,58,14,35.714285714285715,11.607142857142858,24.107142857142858,64.28571428571429,51.78571428571429,12.5
E00102291,117,35,14,21,82,65,17,29.914529914529915,11.965811965811966,17.94871794871795,70.08547008547008,55.55555555555556,14.529914529914532
E00102292,160,62,25,37,98,64,34,38.75,15.625,23.125,61.25000000000001,40,21.25
E00102293,127,46,17,29,81,58,23,36.22047244094488,13.385826771653544,22.83464566929134,63.77952755905512,45.66929133858268,18.11023622047244
E00102294,172,72,26,46,100,75,25,41.86046511627907,15.11627906976744,26.744186046511626,58.139534883720934,43.604651162790695,14.534883720930234
E00102295,98,32,10,22,66,46,20,32.6530612244898,10.204081632653061,22.448979591836736,67.3469387755102,46.93877551020408,20.408163265306122
E00102296,123,51,19,32,72,64,8,41.46341463414634,15.447154471544716,26.01626016260163,58.536585365853654,52.03252032520326,6.504065040650407
E00102297,260,100,43,57,160,125,35,38.46153846153847,16.538461538461537,21.923076923076923,61.53846153846154,48.07692307692308,13.461538461538462
E00102298,128,55,20,35,73,59,14,42.96875,15.625,27.34375,57.03125,46.09375,10.9375
E00102299,163,68,33,35,95,61,34,41.717791411042946,20.245398773006134,21.472392638036812,58.282208588957054,37.423312883435585,20.858895705521473
E00102300,142,62,21,41,80,67,13,43.66197183098591,14.788732394366196,28.87323943661972,56.33802816901409,47.183098591549296,9.15492957746479
E00102301,130,54,23,31,76,65,11,41.53846153846154,17.692307692307693,23.846153846153847,58.46153846153847,50,8.461538461538462
E00102302,100,46,20,26,54,46,8,46,20,26,54,46,8
E00102303,145,59,22,37,86,75,11,40.689655172413794,15.172413793103448,25.517241379310345,59.310344827586206,51.724137931034484,7.586206896551724
E00102304,170,54,10,44,116,95,21,31.76470588235294,5.88235294117647,25.882352941176475,68.23529411764706,55.88235294117647,12.352941176470589
E00102305,117,41,16,25,76,70,6,35.04273504273504,13.675213675213676,21.367521367521366,64.95726495726495,59.82905982905983,5.128205128205128
E00102306,178,63,23,40,115,97,18,35.39325842696629,12.921348314606742,22.47191011235955,64.60674157303372,54.49438202247191,10.112359550561797
E00102307,135,61,23,38,74,60,14,45.18518518518518,17.037037037037038,28.14814814814815,54.81481481481482,44.44444444444444,10.37037037037037
E00102308,168,68,29,39,100,77,23,40.476190476190474,17.261904761904763,23.214285714285715,59.523809523809526,45.83333333333333,13.690476190476192
E00102309,112,51,16,35,61,52,9,45.535714285714285,14.285714285714285,31.25,54.46428571428571,46.42857142857143,8.035714285714286
E00102310,153,56,21,35,97,85,12,36.60130718954248,13.725490196078432,22.875816993464053,63.39869281045751,55.55555555555556,7.8431372549019605
E00102311,146,50,19,31,96,84,12,34.24657534246575,13.013698630136986,21.232876712328768,65.75342465753424,57.534246575342465,8.21917808219178
E00102312,124,61,26,35,63,54,9,49.193548387096776,20.967741935483872,28.225806451612907,50.806451612903224,43.54838709677419,7.258064516129033
E00102313,104,36,6,30,68,56,12,34.61538461538461,5.769230769230769,28.846153846153843,65.38461538461539,53.84615384615385,11.538461538461538
E00102314,156,55,23,32,101,88,13,35.256410256410255,14.743589743589745,20.51282051282051,64.74358974358975,56.41025641025641,8.333333333333332
E00102315,118,51,19,32,67,57,10,43.22033898305085,16.101694915254235,27.11864406779661,56.779661016949156,48.30508474576271,8.47457627118644
E00102316,167,53,23,30,114,102,12,31.736526946107784,13.77245508982036,17.964071856287426,68.26347305389223,61.07784431137725,7.18562874251497
E00102317,139,48,18,30,91,74,17,34.53237410071942,12.949640287769784,21.58273381294964,65.46762589928058,53.23741007194245,12.23021582733813
E00102318,199,76,25,51,123,98,25,38.19095477386934,12.562814070351758,25.628140703517587,61.80904522613066,49.246231155778894,12.562814070351758
E00102319,125,47,16,31,78,70,8,37.6,12.8,24.8,62.4,56.00000000000001,6.4
E00102320,103,42,22,20,61,52,9,40.77669902912621,21.35922330097087,19.41747572815534,59.22330097087378,50.48543689320388,8.737864077669903
E00102321,91,40,17,23,51,42,9,43.956043956043956,18.681318681318682,25.274725274725274,56.043956043956044,46.15384615384615,9.89010989010989
E00102322,96,37,11,26,59,46,13,38.54166666666667,11.458333333333332,27.083333333333332,61.458333333333336,47.91666666666667,13.541666666666666
E00102323,143,52,21,31,91,71,20,36.36363636363637,14.685314685314685,21.678321678321677,63.63636363636363,49.65034965034965,13.986013986013987
E00102324,125,45,17,28,80,63,17,36,13.600000000000001,22.400000000000002,64,50.4,13.600000000000001
E00102325,57,17,6,11,40,31,9,29.82456140350877,10.526315789473683,19.298245614035086,70.17543859649122,54.385964912280706,15.789473684210526
E00102326,102,34,7,27,68,50,18,33.33333333333333,6.862745098039216,26.47058823529412,66.66666666666666,49.01960784313725,17.647058823529413
E00102327,118,49,13,36,69,59,10,41.52542372881356,11.016949152542372,30.508474576271187,58.47457627118644,50,8.47457627118644
E00102328,135,44,12,32,91,76,15,32.592592592592595,8.88888888888889,23.703703703703706,67.4074074074074,56.2962962962963,11.11111111111111
E00102329,109,38,11,27,71,58,13,34.862385321100916,10.091743119266056,24.770642201834864,65.13761467889908,53.21100917431193,11.926605504587156
E00102330,20,12,1,11,8,7,1,60,5,55.00000000000001,40,35,5
E00102331,117,40,18,22,77,66,11,34.18803418803419,15.384615384615385,18.803418803418804,65.8119658119658,56.41025641025641,9.401709401709402
E00102332,73,32,11,21,41,34,7,43.83561643835616,15.068493150684931,28.767123287671232,56.16438356164384,46.57534246575342,9.58904109589041
E00102333,209,52,20,32,157,136,21,24.880382775119617,9.569377990430622,15.311004784688995,75.11961722488039,65.07177033492823,10.047846889952153
E00102334,161,46,20,26,115,99,16,28.57142857142857,12.422360248447205,16.149068322981368,71.42857142857143,61.49068322981367,9.937888198757763
E00102335,149,51,17,34,98,78,20,34.22818791946309,11.409395973154362,22.818791946308725,65.77181208053692,52.348993288590606,13.422818791946309
E00102336,126,33,15,18,93,86,7,26.190476190476193,11.904761904761903,14.285714285714285,73.80952380952381,68.25396825396825,5.555555555555555
E00102337,139,49,13,36,90,60,30,35.25179856115108,9.352517985611511,25.899280575539567,64.74820143884892,43.16546762589928,21.58273381294964
E00102338,116,41,11,30,75,61,14,35.3448275862069,9.482758620689655,25.862068965517242,64.65517241379311,52.58620689655172,12.068965517241379
E00102339,144,52,18,34,92,81,11,36.11111111111111,12.5,23.61111111111111,63.888888888888886,56.25,7.638888888888889
E00102340,147,58,19,39,89,64,25,39.455782312925166,12.925170068027212,26.53061224489796,60.544217687074834,43.53741496598639,17.006802721088434
E00102341,115,42,14,28,73,63,10,36.52173913043478,12.173913043478262,24.347826086956523,63.47826086956522,54.78260869565217,8.695652173913043
E00102342,117,38,11,27,79,69,10,32.47863247863248,9.401709401709402,23.076923076923077,67.52136752136752,58.97435897435898,8.547008547008547
E00102343,105,37,12,25,68,56,12,35.23809523809524,11.428571428571429,23.809523809523807,64.76190476190476,53.333333333333336,11.428571428571429
E00102344,144,53,17,36,91,81,10,36.80555555555556,11.805555555555555,25,63.19444444444444,56.25,6.944444444444445
E00102345,99,35,10,25,64,54,10,35.35353535353536,10.1010101010101,25.252525252525253,64.64646464646465,54.54545454545454,10.1010101010101
E00102346,124,50,24,26,74,53,21,40.32258064516129,19.35483870967742,20.967741935483872,59.67741935483871,42.74193548387097,16.93548387096774
E00102347,208,69,22,47,139,121,18,33.17307692307692,10.576923076923077,22.596153846153847,66.82692307692307,58.17307692307693,8.653846153846153
E00102348,145,42,13,29,103,84,19,28.965517241379313,8.96551724137931,20,71.03448275862068,57.931034482758626,13.10344827586207
E00102349,182,51,7,44,131,109,22,28.021978021978022,3.8461538461538463,24.175824175824175,71.97802197802197,59.89010989010989,12.087912087912088
E00102350,140,51,18,33,89,58,31,36.42857142857142,12.857142857142856,23.57142857142857,63.57142857142857,41.42857142857143,22.142857142857142
E00102351,115,34,6,28,81,69,12,29.565217391304348,5.217391304347826,24.347826086956523,70.43478260869566,60,10.434782608695652
E00102352,123,50,18,32,73,58,15,40.65040650406504,14.634146341463413,26.01626016260163,59.34959349593496,47.15447154471545,12.195121951219512
E00102354,121,49,23,26,72,56,16,40.49586776859504,19.00826446280992,21.487603305785125,59.50413223140496,46.28099173553719,13.223140495867769
E00102355,131,61,21,40,70,57,13,46.56488549618321,16.030534351145036,30.53435114503817,53.43511450381679,43.51145038167939,9.923664122137405
E00102356,154,50,10,40,104,90,14,32.467532467532465,6.493506493506493,25.97402597402597,67.53246753246754,58.44155844155844,9.090909090909092
E00102357,107,43,16,27,64,52,12,40.18691588785047,14.953271028037381,25.233644859813083,59.813084112149525,48.598130841121495,11.214953271028037
E00102358,144,48,11,37,96,87,9,33.33333333333333,7.638888888888889,25.694444444444443,66.66666666666666,60.416666666666664,6.25
E00102359,136,37,17,20,99,77,22,27.205882352941174,12.5,14.705882352941178,72.79411764705883,56.61764705882353,16.176470588235293
E00102360,114,42,11,31,72,64,8,36.84210526315789,9.649122807017543,27.192982456140353,63.1578947368421,56.14035087719298,7.017543859649122
E00102361,152,39,6,33,113,92,21,25.657894736842106,3.9473684210526314,21.710526315789476,74.3421052631579,60.526315789473685,13.815789473684212
E00102362,170,71,16,55,99,83,16,41.76470588235294,9.411764705882353,32.35294117647059,58.235294117647065,48.8235294117647,9.411764705882353
E00102364,156,58,12,46,98,84,14,37.17948717948718,7.6923076923076925,29.48717948717949,62.82051282051282,53.84615384615385,8.974358974358974
E00102365,193,62,16,46,131,116,15,32.12435233160622,8.290155440414509,23.83419689119171,67.87564766839378,60.10362694300518,7.772020725388601
E00102366,117,36,10,26,81,76,5,30.76923076923077,8.547008547008547,22.22222222222222,69.23076923076923,64.95726495726495,4.273504273504273
E00102367,115,45,11,34,70,59,11,39.130434782608695,9.565217391304348,29.565217391304348,60.86956521739131,51.30434782608696,9.565217391304348
E00102368,168,52,17,35,116,101,15,30.952380952380953,10.119047619047619,20.833333333333336,69.04761904761905,60.11904761904761,8.928571428571429
E00102369,145,46,13,33,99,90,9,31.724137931034484,8.96551724137931,22.758620689655174,68.27586206896552,62.06896551724138,6.206896551724138
E00102371,274,84,31,53,190,168,22,30.656934306569344,11.313868613138686,19.34306569343066,69.34306569343066,61.31386861313869,8.02919708029197
E00102372,249,74,33,41,175,131,44,29.71887550200803,13.253012048192772,16.46586345381526,70.28112449799197,52.610441767068274,17.670682730923694
E00102373,88,34,17,17,54,44,10,38.63636363636363,19.318181818181817,19.318181818181817,61.36363636363637,50,11.363636363636363
E00102374,149,51,15,36,98,75,23,34.22818791946309,10.06711409395973,24.161073825503358,65.77181208053692,50.33557046979866,15.436241610738255
E00102375,116,35,13,22,81,70,11,30.17241379310345,11.206896551724139,18.96551724137931,69.82758620689656,60.3448275862069,9.482758620689655
E00102376,121,46,14,32,75,61,14,38.01652892561984,11.570247933884298,26.446280991735538,61.98347107438017,50.413223140495866,11.570247933884298
E00102377,132,43,17,26,89,79,10,32.57575757575758,12.878787878787879,19.696969696969695,67.42424242424242,59.84848484848485,7.575757575757576
E00102378,158,60,24,36,98,76,22,37.9746835443038,15.18987341772152,22.78481012658228,62.0253164556962,48.10126582278481,13.924050632911392
E00102379,244,72,15,57,172,147,25,29.508196721311474,6.147540983606557,23.36065573770492,70.49180327868852,60.245901639344254,10.245901639344263
E00102380,127,29,10,19,98,84,14,22.83464566929134,7.874015748031496,14.960629921259844,77.16535433070865,66.14173228346458,11.023622047244094
E00102381,131,45,11,34,86,77,9,34.35114503816794,8.396946564885496,25.954198473282442,65.64885496183206,58.778625954198475,6.870229007633588
E00102382,111,40,9,31,71,65,6,36.03603603603604,8.108108108108109,27.927927927927925,63.96396396396396,58.55855855855856,5.405405405405405
E00102383,163,50,15,35,113,99,14,30.67484662576687,9.202453987730062,21.472392638036812,69.32515337423312,60.73619631901841,8.588957055214724
E00102384,109,40,10,30,69,58,11,36.69724770642202,9.174311926605505,27.522935779816514,63.30275229357798,53.21100917431193,10.091743119266056
E00102385,145,44,14,30,101,87,14,30.344827586206897,9.655172413793103,20.689655172413794,69.6551724137931,60,9.655172413793103
E00102386,109,36,9,27,73,69,4,33.02752293577982,8.256880733944955,24.770642201834864,66.97247706422019,63.30275229357798,3.669724770642202
E00102387,131,36,14,22,95,87,8,27.480916030534353,10.687022900763358,16.793893129770993,72.51908396946564,66.41221374045801,6.106870229007633
E00102388,143,47,17,30,96,79,17,32.86713286713287,11.888111888111888,20.97902097902098,67.13286713286713,55.24475524475524,11.888111888111888
E00102389,122,35,9,26,87,75,12,28.688524590163933,7.377049180327869,21.311475409836063,71.31147540983606,61.47540983606557,9.836065573770492
E00102390,122,33,12,21,89,74,15,27.049180327868854,9.836065573770492,17.21311475409836,72.95081967213115,60.65573770491803,12.295081967213115
E00102391,98,38,15,23,60,52,8,38.775510204081634,15.306122448979592,23.46938775510204,61.224489795918366,53.06122448979592,8.16326530612245
E00102392,177,56,15,41,121,108,13,31.63841807909605,8.47457627118644,23.163841807909606,68.36158192090396,61.016949152542374,7.344632768361582
E00102393,162,49,13,36,113,98,15,30.246913580246915,8.024691358024691,22.22222222222222,69.75308641975309,60.49382716049383,9.25925925925926
E00102394,159,54,13,41,105,90,15,33.9622641509434,8.176100628930817,25.78616352201258,66.0377358490566,56.60377358490566,9.433962264150944
E00102395,135,56,22,34,79,62,17,41.48148148148148,16.296296296296298,25.185185185185183,58.51851851851851,45.925925925925924,12.592592592592592
E00102396,101,36,19,17,65,57,8,35.64356435643564,18.81188118811881,16.831683168316832,64.35643564356435,56.43564356435643,7.920792079207921
E00102397,223,71,23,48,152,128,24,31.838565022421523,10.31390134529148,21.524663677130047,68.16143497757847,57.399103139013455,10.762331838565023
E00102398,169,53,26,27,116,100,16,31.360946745562128,15.384615384615385,15.976331360946746,68.63905325443787,59.171597633136095,9.467455621301776
E00102399,132,31,11,20,101,91,10,23.484848484848484,8.333333333333332,15.151515151515152,76.51515151515152,68.93939393939394,7.575757575757576
E00102400,143,44,9,35,99,86,13,30.76923076923077,6.293706293706294,24.475524475524477,69.23076923076923,60.13986013986013,9.090909090909092
E00102401,88,28,12,16,60,54,6,31.818181818181817,13.636363636363635,18.181818181818183,68.18181818181817,61.36363636363637,6.8181818181818175
E00102402,62,21,6,15,41,32,9,33.87096774193548,9.67741935483871,24.193548387096776,66.12903225806451,51.61290322580645,14.516129032258066
E00102403,179,48,12,36,131,113,18,26.81564245810056,6.70391061452514,20.11173184357542,73.18435754189943,63.128491620111724,10.05586592178771
E00102404,131,43,14,29,88,78,10,32.82442748091603,10.687022900763358,22.137404580152673,67.17557251908397,59.541984732824424,7.633587786259542
E00102405,160,50,21,29,110,90,20,31.25,13.125,18.125,68.75,56.25,12.5
E00102406,172,64,23,41,108,93,15,37.2093023255814,13.372093023255813,23.837209302325583,62.7906976744186,54.06976744186046,8.720930232558139
E00102407,149,56,12,44,93,72,21,37.58389261744966,8.053691275167784,29.53020134228188,62.41610738255034,48.322147651006716,14.093959731543624
E00102408,227,52,20,32,175,151,24,22.90748898678414,8.81057268722467,14.096916299559473,77.09251101321586,66.51982378854625,10.572687224669604
E00102409,149,43,11,32,106,93,13,28.859060402684566,7.38255033557047,21.476510067114095,71.14093959731544,62.41610738255034,8.724832214765101
E00102410,167,60,12,48,107,98,9,35.92814371257485,7.18562874251497,28.74251497005988,64.07185628742515,58.68263473053892,5.389221556886228
E00102411,209,60,16,44,149,129,20,28.708133971291865,7.655502392344498,21.052631578947366,71.29186602870813,61.72248803827751,9.569377990430622
E00102412,186,59,22,37,127,112,15,31.72043010752688,11.827956989247312,19.892473118279568,68.27956989247312,60.215053763440864,8.064516129032258
E00102413,142,59,17,42,83,75,8,41.54929577464789,11.971830985915492,29.577464788732392,58.45070422535211,52.816901408450704,5.633802816901409
E00102414,112,42,12,30,70,56,14,37.5,10.714285714285714,26.785714285714285,62.5,50,12.5
E00102415,150,56,13,43,94,87,7,37.333333333333336,8.666666666666668,28.666666666666668,62.66666666666667,57.99999999999999,4.666666666666667
E00102417,252,79,29,50,173,129,44,31.349206349206348,11.507936507936508,19.841269841269842,68.65079365079364,51.19047619047619,17.46031746031746
E00102418,222,63,19,44,159,138,21,28.37837837837838,8.558558558558559,19.81981981981982,71.62162162162163,62.16216216216216,9.45945945945946
E00102419,196,69,23,46,127,107,20,35.204081632653065,11.73469387755102,23.46938775510204,64.79591836734694,54.59183673469388,10.204081632653061
E00102420,210,71,28,43,139,101,38,33.80952380952381,13.333333333333334,20.476190476190474,66.19047619047619,48.095238095238095,18.095238095238095
E00102421,183,53,18,35,130,103,27,28.96174863387978,9.836065573770492,19.12568306010929,71.03825136612022,56.284153005464475,14.754098360655737
E00102422,140,52,18,34,88,79,9,37.142857142857146,12.857142857142856,24.285714285714285,62.857142857142854,56.42857142857143,6.428571428571428
E00102423,150,57,16,41,93,82,11,38,10.666666666666668,27.333333333333332,62,54.666666666666664,7.333333333333333
E00102425,157,64,21,43,93,85,8,40.76433121019109,13.375796178343949,27.388535031847134,59.23566878980891,54.14012738853503,5.095541401273886
E00102426,150,61,15,46,89,70,19,40.666666666666664,10,30.666666666666664,59.333333333333336,46.666666666666664,12.666666666666668
E00102428,104,32,10,22,72,62,10,30.76923076923077,9.615384615384617,21.153846153846153,69.23076923076923,59.61538461538461,9.615384615384617
E00102429,153,55,18,37,98,86,12,35.947712418300654,11.76470588235294,24.183006535947712,64.05228758169935,56.209150326797385,7.8431372549019605
E00102430,182,62,19,43,120,90,30,34.065934065934066,10.43956043956044,23.626373626373624,65.93406593406593,49.45054945054945,16.483516483516482
E00102431,159,62,21,41,97,68,29,38.9937106918239,13.20754716981132,25.78616352201258,61.0062893081761,42.76729559748428,18.238993710691823
E00102432,96,38,11,27,58,52,6,39.58333333333333,11.458333333333332,28.125,60.416666666666664,54.166666666666664,6.25
E00102433,274,80,30,50,194,163,31,29.1970802919708,10.948905109489052,18.248175182481752,70.8029197080292,59.48905109489051,11.313868613138686
E00102434,147,52,15,37,95,80,15,35.374149659863946,10.204081632653061,25.170068027210885,64.62585034013605,54.421768707483,10.204081632653061
E00102435,177,64,25,39,113,100,13,36.15819209039548,14.124293785310735,22.033898305084744,63.84180790960452,56.49717514124294,7.344632768361582
E00102436,71,27,6,21,44,33,11,38.028169014084504,8.450704225352112,29.577464788732392,61.97183098591549,46.478873239436616,15.492957746478872
E00102437,153,43,11,32,110,91,19,28.104575163398692,7.18954248366013,20.915032679738562,71.89542483660131,59.47712418300654,12.418300653594772
E00102438,177,40,14,26,137,112,25,22.598870056497177,7.909604519774012,14.689265536723164,77.40112994350282,63.2768361581921,14.124293785310735
E00102439,186,55,18,37,131,116,15,29.56989247311828,9.67741935483871,19.892473118279568,70.43010752688173,62.365591397849464,8.064516129032258
E00102440,172,47,18,29,125,109,16,27.325581395348834,10.465116279069768,16.86046511627907,72.67441860465115,63.372093023255815,9.30232558139535
E00102441,151,57,16,41,94,75,19,37.74834437086093,10.596026490066226,27.1523178807947,62.251655629139066,49.668874172185426,12.582781456953644
E00102442,142,56,22,34,86,74,12,39.436619718309856,15.492957746478872,23.943661971830984,60.56338028169014,52.112676056338024,8.450704225352112
E00102443,140,43,10,33,97,84,13,30.714285714285715,7.142857142857142,23.57142857142857,69.28571428571428,60,9.285714285714286
E00102444,180,53,19,34,127,106,21,29.444444444444446,10.555555555555555,18.88888888888889,70.55555555555556,58.88888888888889,11.666666666666666
E00102445,199,55,20,35,144,128,16,27.63819095477387,10.050251256281408,17.587939698492463,72.36180904522614,64.321608040201,8.040201005025125
E00102446,107,26,9,17,81,68,13,24.299065420560748,8.411214953271028,15.887850467289718,75.70093457943925,63.55140186915887,12.149532710280374
E00102447,147,54,20,34,93,77,16,36.734693877551024,13.60544217687075,23.12925170068027,63.26530612244898,52.38095238095239,10.884353741496598
E00102448,183,53,12,41,130,111,19,28.96174863387978,6.557377049180328,22.404371584699454,71.03825136612022,60.65573770491803,10.382513661202186
E00102449,174,50,18,32,124,109,15,28.735632183908045,10.344827586206897,18.39080459770115,71.26436781609196,62.643678160919535,8.620689655172415
E00102450,168,50,13,37,118,99,19,29.761904761904763,7.738095238095238,22.023809523809522,70.23809523809523,58.92857142857143,11.30952380952381
E00102451,81,35,5,30,46,44,2,43.20987654320987,6.172839506172839,37.03703703703704,56.79012345679012,54.32098765432099,2.4691358024691357
E00102452,149,49,19,30,100,77,23,32.88590604026846,12.751677852348994,20.13422818791946,67.11409395973155,51.67785234899329,15.436241610738255
E00102453,175,60,17,43,115,97,18,34.285714285714285,9.714285714285714,24.571428571428573,65.71428571428571,55.42857142857143,10.285714285714285
E00102455,153,67,27,40,86,70,16,43.790849673202615,17.647058823529413,26.143790849673206,56.209150326797385,45.751633986928105,10.457516339869281
E00102456,245,84,26,58,161,131,30,34.285714285714285,10.612244897959183,23.6734693877551,65.71428571428571,53.46938775510204,12.244897959183673
E00102458,78,32,13,19,46,39,7,41.02564102564102,16.666666666666664,24.358974358974358,58.97435897435898,50,8.974358974358974
E00102459,125,48,15,33,77,60,17,38.4,12,26.400000000000002,61.6,48,13.600000000000001
E00102460,128,47,18,29,81,61,20,36.71875,14.0625,22.65625,63.28125,47.65625,15.625
E00102461,143,52,17,35,91,78,13,36.36363636363637,11.888111888111888,24.475524475524477,63.63636363636363,54.54545454545454,9.090909090909092
E00102462,171,59,8,51,112,103,9,34.50292397660819,4.678362573099415,29.82456140350877,65.49707602339181,60.23391812865497,5.263157894736842
E00102463,156,58,16,42,98,83,15,37.17948717948718,10.256410256410255,26.923076923076923,62.82051282051282,53.205128205128204,9.615384615384617
E00102464,145,52,13,39,93,81,12,35.86206896551724,8.96551724137931,26.89655172413793,64.13793103448275,55.86206896551724,8.275862068965518
E00102465,144,48,10,38,96,87,9,33.33333333333333,6.944444444444445,26.38888888888889,66.66666666666666,60.416666666666664,6.25
E00102466,99,33,12,21,66,51,15,33.33333333333333,12.121212121212121,21.21212121212121,66.66666666666666,51.515151515151516,15.151515151515152
E00102467,124,45,20,25,79,69,10,36.29032258064516,16.129032258064516,20.161290322580644,63.70967741935484,55.64516129032258,8.064516129032258
E00102468,23,8,2,6,15,15,0,34.78260869565217,8.695652173913043,26.08695652173913,65.21739130434783,65.21739130434783,0
E00102469,153,60,20,40,93,85,8,39.21568627450981,13.071895424836603,26.143790849673206,60.78431372549019,55.55555555555556,5.228758169934641
E00102470,112,36,20,16,76,56,20,32.142857142857146,17.857142857142858,14.285714285714285,67.85714285714286,50,17.857142857142858
E00102471,122,48,20,28,74,62,12,39.34426229508197,16.39344262295082,22.950819672131146,60.65573770491803,50.81967213114754,9.836065573770492
E00102472,135,47,18,29,88,73,15,34.81481481481482,13.333333333333334,21.48148148148148,65.18518518518519,54.074074074074076,11.11111111111111
E00102473,139,57,20,37,82,71,11,41.007194244604314,14.388489208633093,26.618705035971225,58.992805755395686,51.07913669064749,7.913669064748201
E00102474,56,16,2,14,40,38,2,28.57142857142857,3.571428571428571,25,71.42857142857143,67.85714285714286,3.571428571428571
E00102475,118,37,11,26,81,70,11,31.35593220338983,9.322033898305085,22.033898305084744,68.64406779661016,59.32203389830508,9.322033898305085
E00102476,131,34,9,25,97,83,14,25.954198473282442,6.870229007633588,19.083969465648856,74.04580152671755,63.358778625954194,10.687022900763358
E00102477,182,78,32,46,104,77,27,42.857142857142854,17.582417582417584,25.274725274725274,57.14285714285714,42.30769230769231,14.835164835164836
E00102479,60,28,12,16,32,22,10,46.666666666666664,20,26.666666666666668,53.333333333333336,36.666666666666664,16.666666666666664
E00102480,139,54,12,42,85,78,7,38.84892086330935,8.633093525179856,30.215827338129497,61.15107913669065,56.11510791366906,5.0359712230215825
E00102481,88,29,13,16,59,44,15,32.95454545454545,14.772727272727273,18.181818181818183,67.04545454545455,50,17.045454545454543
E00102482,9,1,0,1,8,7,1,11.11111111111111,0,11.11111111111111,88.88888888888889,77.77777777777779,11.11111111111111
E00102483,119,36,11,25,83,71,12,30.252100840336134,9.243697478991598,21.008403361344538,69.74789915966386,59.66386554621849,10.084033613445378
E00102484,119,35,9,26,84,71,13,29.411764705882355,7.563025210084033,21.84873949579832,70.58823529411765,59.66386554621849,10.92436974789916
E00102485,96,35,10,25,61,50,11,36.45833333333333,10.416666666666668,26.041666666666668,63.541666666666664,52.083333333333336,11.458333333333332
E00102486,151,59,14,45,92,75,17,39.0728476821192,9.271523178807946,29.80132450331126,60.9271523178808,49.668874172185426,11.258278145695364
E00102487,114,51,16,35,63,55,8,44.73684210526316,14.035087719298245,30.701754385964914,55.26315789473685,48.24561403508772,7.017543859649122
E00102488,97,35,14,21,62,52,10,36.08247422680412,14.432989690721648,21.649484536082475,63.91752577319587,53.608247422680414,10.309278350515463
E00102489,108,48,23,25,60,55,5,44.44444444444444,21.296296296296298,23.14814814814815,55.55555555555556,50.92592592592593,4.62962962962963
E00102490,153,58,15,43,95,86,9,37.908496732026144,9.803921568627452,28.104575163398692,62.091503267973856,56.209150326797385,5.88235294117647
E00102491,167,58,19,39,109,93,16,34.73053892215569,11.377245508982035,23.353293413173652,65.26946107784431,55.688622754491014,9.580838323353294
E00102492,103,31,7,24,72,66,6,30.097087378640776,6.796116504854369,23.300970873786408,69.90291262135922,64.07766990291263,5.825242718446602
E00102493,123,36,16,20,87,81,6,29.268292682926827,13.008130081300814,16.260162601626014,70.73170731707317,65.85365853658537,4.878048780487805
E00102494,79,27,11,16,52,45,7,34.177215189873415,13.924050632911392,20.253164556962027,65.82278481012658,56.9620253164557,8.860759493670885
E00102495,113,58,25,33,55,46,9,51.32743362831859,22.123893805309734,29.20353982300885,48.67256637168141,40.707964601769916,7.964601769911504
E00102496,107,33,14,19,74,65,9,30.8411214953271,13.084112149532709,17.75700934579439,69.1588785046729,60.747663551401864,8.411214953271028
E00102497,62,28,18,10,34,27,7,45.16129032258064,29.03225806451613,16.129032258064516,54.83870967741935,43.54838709677419,11.29032258064516
E00102498,192,65,20,45,127,85,42,33.85416666666667,10.416666666666668,23.4375,66.14583333333334,44.27083333333333,21.875
E00102499,159,56,23,33,103,68,35,35.22012578616352,14.465408805031446,20.754716981132077,64.77987421383648,42.76729559748428,22.0125786163522
E00102500,129,50,22,28,79,66,13,38.759689922480625,17.05426356589147,21.705426356589147,61.240310077519375,51.162790697674424,10.077519379844961
E00102501,127,56,21,35,71,57,14,44.09448818897638,16.535433070866144,27.559055118110237,55.90551181102362,44.881889763779526,11.023622047244094
E00102502,154,61,23,38,93,68,25,39.61038961038961,14.935064935064934,24.675324675324674,60.3896103896104,44.15584415584416,16.233766233766232
E00102503,122,44,21,23,78,52,26,36.0655737704918,17.21311475409836,18.852459016393443,63.934426229508205,42.62295081967213,21.311475409836063
E00102504,171,69,27,42,102,74,28,40.35087719298245,15.789473684210526,24.561403508771928,59.64912280701754,43.27485380116959,16.374269005847953
E00102505,202,76,20,56,126,95,31,37.62376237623762,9.900990099009901,27.722772277227726,62.37623762376238,47.02970297029702,15.346534653465346
E00102506,120,38,13,25,82,60,22,31.666666666666664,10.833333333333334,20.833333333333336,68.33333333333333,50,18.333333333333332
E00102507,151,49,13,36,102,83,19,32.450331125827816,8.609271523178808,23.841059602649008,67.54966887417218,54.966887417218544,12.582781456953644
E00102508,135,57,19,38,78,58,20,42.22222222222222,14.074074074074074,28.14814814814815,57.77777777777777,42.96296296296296,14.814814814814813
E00102509,125,44,19,25,81,61,20,35.199999999999996,15.2,20,64.8,48.8,16
E00102510,204,65,25,40,139,98,41,31.862745098039213,12.254901960784313,19.607843137254903,68.13725490196079,48.03921568627451,20.098039215686274
E00102511,126,50,14,36,76,57,19,39.682539682539684,11.11111111111111,28.57142857142857,60.317460317460316,45.23809523809524,15.079365079365079
E00102512,127,43,12,31,84,69,15,33.85826771653544,9.448818897637794,24.409448818897637,66.14173228346458,54.330708661417326,11.811023622047244
E00102513,111,44,16,28,67,53,14,39.63963963963964,14.414414414414415,25.225225225225223,60.36036036036037,47.74774774774775,12.612612612612612
E00102514,131,56,16,40,75,67,8,42.74809160305343,12.213740458015266,30.53435114503817,57.25190839694656,51.14503816793893,6.106870229007633
E00102515,132,47,17,30,85,64,21,35.60606060606061,12.878787878787879,22.727272727272727,64.39393939393939,48.484848484848484,15.909090909090908
E00102516,165,47,14,33,118,104,14,28.484848484848484,8.484848484848486,20,71.51515151515152,63.030303030303024,8.484848484848486
E00102518,169,53,15,38,116,103,13,31.360946745562128,8.875739644970414,22.485207100591715,68.63905325443787,60.946745562130175,7.6923076923076925
E00102519,139,45,9,36,94,80,14,32.37410071942446,6.474820143884892,25.899280575539567,67.62589928057554,57.55395683453237,10.071942446043165
E00102520,138,40,12,28,98,83,15,28.985507246376812,8.695652173913043,20.28985507246377,71.01449275362319,60.14492753623188,10.869565217391305
E00102522,153,47,14,33,106,79,27,30.718954248366014,9.15032679738562,21.568627450980394,69.28104575163398,51.633986928104584,17.647058823529413
E00102523,322,82,22,60,240,192,48,25.465838509316768,6.832298136645963,18.633540372670808,74.53416149068323,59.62732919254658,14.906832298136646
E00102524,190,68,14,54,122,102,20,35.78947368421053,7.368421052631578,28.421052631578945,64.21052631578948,53.68421052631579,10.526315789473683
E00102525,202,61,13,48,141,117,24,30.198019801980198,6.435643564356436,23.762376237623762,69.80198019801979,57.920792079207914,11.881188118811881
E00102526,64,15,5,10,49,43,6,23.4375,7.8125,15.625,76.5625,67.1875,9.375
E00102527,142,45,17,28,97,74,23,31.690140845070424,11.971830985915492,19.718309859154928,68.30985915492957,52.112676056338024,16.19718309859155
E00102528,163,61,21,40,102,75,27,37.423312883435585,12.883435582822086,24.539877300613497,62.57668711656442,46.012269938650306,16.56441717791411
E00102529,96,32,11,21,64,53,11,33.33333333333333,11.458333333333332,21.875,66.66666666666666,55.208333333333336,11.458333333333332
E00102530,266,108,42,66,158,115,43,40.6015037593985,15.789473684210526,24.81203007518797,59.3984962406015,43.233082706766915,16.165413533834585
E00102531,184,62,18,44,122,100,22,33.69565217391305,9.782608695652174,23.91304347826087,66.30434782608695,54.347826086956516,11.956521739130435
E00102533,191,67,26,41,124,93,31,35.07853403141361,13.612565445026178,21.465968586387437,64.92146596858639,48.69109947643979,16.230366492146597
E00102534,65,20,11,9,45,36,9,30.76923076923077,16.923076923076923,13.846153846153847,69.23076923076923,55.38461538461539,13.846153846153847
E00102535,63,25,11,14,38,28,10,39.682539682539684,17.46031746031746,22.22222222222222,60.317460317460316,44.44444444444444,15.873015873015872
E00102536,155,59,26,33,96,69,27,38.064516129032256,16.7741935483871,21.29032258064516,61.935483870967744,44.516129032258064,17.419354838709676
E00102537,106,39,9,30,67,56,11,36.79245283018868,8.49056603773585,28.30188679245283,63.20754716981132,52.83018867924528,10.377358490566039
E00102538,92,25,10,15,67,60,7,27.173913043478258,10.869565217391305,16.304347826086957,72.82608695652173,65.21739130434783,7.608695652173914
E00102539,138,42,11,31,96,70,26,30.434782608695656,7.971014492753622,22.463768115942027,69.56521739130434,50.72463768115942,18.84057971014493
E00102540,66,24,10,14,42,33,9,36.36363636363637,15.151515151515152,21.21212121212121,63.63636363636363,50,13.636363636363635
E00102541,134,52,21,31,82,73,9,38.80597014925373,15.671641791044777,23.134328358208954,61.19402985074627,54.47761194029851,6.7164179104477615
E00102542,154,59,25,34,95,75,20,38.311688311688314,16.233766233766232,22.07792207792208,61.68831168831169,48.701298701298704,12.987012987012985
E00102543,186,69,27,42,117,103,14,37.096774193548384,14.516129032258066,22.58064516129032,62.903225806451616,55.376344086021504,7.526881720430108
E00102544,138,43,10,33,95,84,11,31.15942028985507,7.246376811594203,23.91304347826087,68.84057971014492,60.86956521739131,7.971014492753622
E00102545,124,44,14,30,80,72,8,35.483870967741936,11.29032258064516,24.193548387096776,64.51612903225806,58.06451612903226,6.451612903225806
E00102546,111,35,13,22,76,59,17,31.53153153153153,11.711711711711711,19.81981981981982,68.46846846846847,53.153153153153156,15.315315315315313
E00102547,132,66,24,42,66,53,13,50,18.181818181818183,31.818181818181817,50,40.15151515151515,9.848484848484848
E00102548,272,88,37,51,184,152,32,32.35294117647059,13.602941176470587,18.75,67.64705882352942,55.88235294117647,11.76470588235294
E00102549,132,53,23,30,79,60,19,40.15151515151515,17.424242424242426,22.727272727272727,59.84848484848485,45.45454545454545,14.393939393939394
E00102550,166,63,19,44,103,83,20,37.95180722891566,11.44578313253012,26.506024096385545,62.048192771084345,50,12.048192771084338
E00102551,208,71,23,48,137,117,20,34.13461538461539,11.057692307692307,23.076923076923077,65.86538461538461,56.25,9.615384615384617
E00102552,146,45,19,26,101,92,9,30.82191780821918,13.013698630136986,17.80821917808219,69.17808219178082,63.013698630136986,6.164383561643835
E00102553,159,65,25,40,94,86,8,40.88050314465409,15.723270440251572,25.157232704402517,59.11949685534591,54.088050314465406,5.031446540880504
E00102554,122,40,10,30,82,68,14,32.78688524590164,8.19672131147541,24.59016393442623,67.21311475409836,55.73770491803278,11.475409836065573
E00102555,104,35,16,19,69,58,11,33.65384615384615,15.384615384615385,18.269230769230766,66.34615384615384,55.769230769230774,10.576923076923077
E00102556,144,53,21,32,91,76,15,36.80555555555556,14.583333333333334,22.22222222222222,63.19444444444444,52.77777777777778,10.416666666666668
E00102557,168,60,26,34,108,96,12,35.714285714285715,15.476190476190476,20.238095238095237,64.28571428571429,57.14285714285714,7.142857142857142
E00102558,166,57,18,39,109,94,15,34.33734939759036,10.843373493975903,23.49397590361446,65.66265060240963,56.62650602409639,9.036144578313253
E00102559,98,35,11,24,63,54,9,35.714285714285715,11.224489795918368,24.489795918367346,64.28571428571429,55.10204081632652,9.183673469387756
E00102560,85,35,14,21,50,34,16,41.17647058823529,16.470588235294116,24.705882352941178,58.82352941176471,40,18.823529411764707
E00102561,127,44,15,29,83,69,14,34.645669291338585,11.811023622047244,22.83464566929134,65.35433070866141,54.330708661417326,11.023622047244094
E00102562,89,29,4,25,60,57,3,32.58426966292135,4.49438202247191,28.08988764044944,67.41573033707866,64.04494382022472,3.3707865168539324
E00102563,66,17,6,11,49,34,15,25.757575757575758,9.090909090909092,16.666666666666664,74.24242424242425,51.515151515151516,22.727272727272727
E00102564,135,50,20,30,85,73,12,37.03703703703704,14.814814814814813,22.22222222222222,62.96296296296296,54.074074074074076,8.88888888888889
E00102565,121,42,10,32,79,72,7,34.710743801652896,8.264462809917356,26.446280991735538,65.28925619834712,59.50413223140496,5.785123966942149
E00102566,226,79,34,45,147,104,43,34.95575221238938,15.04424778761062,19.911504424778762,65.04424778761062,46.017699115044245,19.02654867256637
E00102567,185,63,20,43,122,100,22,34.054054054054056,10.81081081081081,23.243243243243246,65.94594594594595,54.054054054054056,11.891891891891893
E00102568,168,57,24,33,111,89,22,33.92857142857143,14.285714285714285,19.642857142857142,66.07142857142857,52.976190476190474,13.095238095238097
E00102569,150,55,28,27,95,80,15,36.666666666666664,18.666666666666668,18,63.33333333333333,53.333333333333336,10
E00102570,154,50,22,28,104,95,9,32.467532467532465,14.285714285714285,18.181818181818183,67.53246753246754,61.68831168831169,5.844155844155844
E00102571,97,31,6,25,66,52,14,31.958762886597935,6.185567010309279,25.773195876288657,68.04123711340206,53.608247422680414,14.432989690721648
E00102573,190,66,23,43,124,108,16,34.73684210526316,12.105263157894736,22.63157894736842,65.26315789473685,56.84210526315789,8.421052631578947
E00102574,116,41,11,30,75,65,10,35.3448275862069,9.482758620689655,25.862068965517242,64.65517241379311,56.03448275862068,8.620689655172415
E00102575,169,61,20,41,108,94,14,36.09467455621302,11.834319526627219,24.2603550295858,63.905325443786985,55.62130177514793,8.284023668639055
E00102576,158,56,20,36,102,78,24,35.44303797468354,12.658227848101266,22.78481012658228,64.55696202531645,49.36708860759494,15.18987341772152
E00102577,144,45,14,31,99,84,15,31.25,9.722222222222223,21.52777777777778,68.75,58.333333333333336,10.416666666666668
E00102578,182,61,28,33,121,102,19,33.51648351648351,15.384615384615385,18.13186813186813,66.48351648351648,56.043956043956044,10.43956043956044
E00102579,156,50,22,28,106,85,21,32.05128205128205,14.102564102564102,17.94871794871795,67.94871794871796,54.48717948717948,13.461538461538462
E00102580,192,45,17,28,147,128,19,23.4375,8.854166666666668,14.583333333333334,76.5625,66.66666666666666,9.895833333333332
E00102581,106,36,10,26,70,62,8,33.9622641509434,9.433962264150944,24.528301886792452,66.0377358490566,58.490566037735846,7.547169811320755
E00102582,191,56,15,41,135,116,19,29.31937172774869,7.853403141361256,21.465968586387437,70.68062827225131,60.73298429319372,9.947643979057592
E00102583,148,51,14,37,97,78,19,34.45945945945946,9.45945945945946,25,65.54054054054053,52.702702702702695,12.837837837837837
E00102584,123,38,14,24,85,77,8,30.89430894308943,11.38211382113821,19.51219512195122,69.10569105691057,62.601626016260155,6.504065040650407
E00102585,148,49,17,32,99,81,18,33.108108108108105,11.486486486486488,21.62162162162162,66.8918918918919,54.729729729729726,12.162162162162163
E00102586,150,40,6,34,110,90,20,26.666666666666668,4,22.666666666666664,73.33333333333333,60,13.333333333333334
E00102587,144,46,16,30,98,92,6,31.944444444444443,11.11111111111111,20.833333333333336,68.05555555555556,63.888888888888886,4.166666666666666
E00102589,182,67,26,41,115,101,14,36.81318681318682,14.285714285714285,22.52747252747253,63.18681318681318,55.494505494505496,7.6923076923076925
E00102590,155,55,21,34,100,80,20,35.483870967741936,13.548387096774196,21.935483870967744,64.51612903225806,51.61290322580645,12.903225806451612
E00102591,179,61,15,46,118,98,20,34.07821229050279,8.379888268156424,25.69832402234637,65.92178770949721,54.7486033519553,11.1731843575419
E00102592,132,55,20,35,77,69,8,41.66666666666667,15.151515151515152,26.515151515151516,58.333333333333336,52.27272727272727,6.0606060606060606
E00102593,90,31,11,20,59,48,11,34.44444444444444,12.222222222222221,22.22222222222222,65.55555555555556,53.333333333333336,12.222222222222221
E00102594,126,47,16,31,79,73,6,37.301587301587304,12.698412698412698,24.6031746031746,62.698412698412696,57.936507936507944,4.761904761904762
E00102595,133,55,19,36,78,70,8,41.35338345864661,14.285714285714285,27.06766917293233,58.64661654135338,52.63157894736842,6.015037593984962
E00102596,109,35,8,27,74,62,12,32.11009174311927,7.339449541284404,24.770642201834864,67.88990825688074,56.88073394495413,11.009174311926607
E00102598,121,36,8,28,85,72,13,29.75206611570248,6.6115702479338845,23.140495867768596,70.24793388429752,59.50413223140496,10.743801652892563
E00102599,150,58,21,37,92,73,19,38.666666666666664,14.000000000000002,24.666666666666668,61.33333333333333,48.66666666666667,12.666666666666668
E00102600,111,45,15,30,66,57,9,40.54054054054054,13.513513513513514,27.027027027027028,59.45945945945946,51.35135135135135,8.108108108108109
E00102601,173,58,16,42,115,97,18,33.52601156069364,9.248554913294797,24.277456647398843,66.47398843930635,56.06936416184971,10.404624277456648
E00102602,101,29,14,15,72,62,10,28.71287128712871,13.861386138613863,14.85148514851485,71.28712871287128,61.386138613861384,9.900990099009901
E00102603,143,54,17,37,89,77,12,37.76223776223776,11.888111888111888,25.874125874125873,62.23776223776224,53.84615384615385,8.391608391608392
E00102605,157,69,28,41,88,61,27,43.94904458598726,17.8343949044586,26.11464968152866,56.05095541401274,38.853503184713375,17.197452229299362
E00102606,159,59,19,40,100,84,16,37.10691823899371,11.949685534591195,25.157232704402517,62.893081761006286,52.83018867924528,10.062893081761008
E00102607,88,31,15,16,57,42,15,35.22727272727273,17.045454545454543,18.181818181818183,64.77272727272727,47.72727272727273,17.045454545454543
E00102608,248,91,39,52,157,125,32,36.693548387096776,15.725806451612904,20.967741935483872,63.306451612903224,50.403225806451616,12.903225806451612
E00102609,192,75,27,48,117,83,34,39.0625,14.0625,25,60.9375,43.22916666666667,17.708333333333336
E00102610,125,60,18,42,65,55,10,48,14.399999999999999,33.6,52,44,8
E00102611,120,50,20,30,70,45,25,41.66666666666667,16.666666666666664,25,58.333333333333336,37.5,20.833333333333336
E00102612,125,53,15,38,72,48,24,42.4,12,30.4,57.599999999999994,38.4,19.2
E00102613,133,54,22,32,79,52,27,40.6015037593985,16.541353383458645,24.06015037593985,59.3984962406015,39.097744360902254,20.30075187969925
E00102614,57,23,8,15,34,27,7,40.35087719298245,14.035087719298245,26.31578947368421,59.64912280701754,47.368421052631575,12.280701754385964
E00102615,92,36,17,19,56,43,13,39.130434782608695,18.478260869565215,20.652173913043477,60.86956521739131,46.73913043478261,14.130434782608695
E00102616,96,35,14,21,61,52,9,36.45833333333333,14.583333333333334,21.875,63.541666666666664,54.166666666666664,9.375
E00102617,99,37,16,21,62,50,12,37.37373737373738,16.161616161616163,21.21212121212121,62.62626262626263,50.505050505050505,12.121212121212121
E00102618,81,32,13,19,49,37,12,39.50617283950617,16.049382716049383,23.456790123456788,60.49382716049383,45.67901234567901,14.814814814814813
E00102619,91,32,13,19,59,46,13,35.16483516483517,14.285714285714285,20.87912087912088,64.83516483516483,50.54945054945055,14.285714285714285
E00102620,106,47,20,27,59,45,14,44.339622641509436,18.867924528301888,25.471698113207548,55.660377358490564,42.45283018867924,13.20754716981132
E00102621,174,68,33,35,106,85,21,39.08045977011494,18.96551724137931,20.114942528735632,60.91954022988506,48.85057471264368,12.068965517241379
E00102622,172,73,24,49,99,86,13,42.44186046511628,13.953488372093023,28.488372093023255,57.55813953488372,50,7.55813953488372
E00102623,128,50,18,32,78,60,18,39.0625,14.0625,25,60.9375,46.875,14.0625
E00102624,181,62,20,42,119,90,29,34.25414364640884,11.049723756906078,23.204419889502763,65.74585635359117,49.72375690607735,16.022099447513813
E00102625,122,33,20,13,89,71,18,27.049180327868854,16.39344262295082,10.655737704918032,72.95081967213115,58.19672131147541,14.754098360655737
E00102626,138,50,19,31,88,69,19,36.231884057971016,13.768115942028986,22.463768115942027,63.76811594202898,50,13.768115942028986
E00102627,78,45,14,31,33,26,7,57.692307692307686,17.94871794871795,39.743589743589745,42.30769230769231,33.33333333333333,8.974358974358974
E00102628,74,20,5,15,54,49,5,27.027027027027028,6.756756756756757,20.27027027027027,72.97297297297297,66.21621621621621,6.756756756756757
E00102629,19,8,4,4,11,10,1,42.10526315789473,21.052631578947366,21.052631578947366,57.89473684210527,52.63157894736842,5.263157894736842
E00102630,181,66,18,48,115,83,32,36.46408839779006,9.94475138121547,26.519337016574585,63.53591160220995,45.85635359116022,17.67955801104972
E00102631,177,59,23,36,118,82,36,33.33333333333333,12.994350282485875,20.33898305084746,66.66666666666666,46.32768361581921,20.33898305084746
E00102632,156,50,17,33,106,75,31,32.05128205128205,10.897435897435898,21.153846153846153,67.94871794871796,48.07692307692308,19.871794871794872
E00102633,125,49,19,30,76,63,13,39.2,15.2,24,60.8,50.4,10.4
E00102634,211,71,26,45,140,115,25,33.649289099526065,12.322274881516588,21.32701421800948,66.35071090047393,54.502369668246445,11.848341232227488
E00102635,109,58,17,41,51,37,14,53.21100917431193,15.59633027522936,37.61467889908257,46.788990825688074,33.94495412844037,12.844036697247708
E00102636,125,49,22,27,76,63,13,39.2,17.599999999999998,21.6,60.8,50.4,10.4
E00102637,90,35,9,26,55,47,8,38.88888888888889,10,28.888888888888886,61.111111111111114,52.22222222222223,8.88888888888889
E00102638,174,48,17,31,126,109,17,27.586206896551722,9.770114942528735,17.81609195402299,72.41379310344827,62.643678160919535,9.770114942528735
E00102639,135,44,12,32,91,72,19,32.592592592592595,8.88888888888889,23.703703703703706,67.4074074074074,53.333333333333336,14.074074074074074
E00102640,121,41,16,25,80,74,6,33.88429752066116,13.223140495867769,20.66115702479339,66.11570247933885,61.15702479338842,4.958677685950414
E00102641,129,46,9,37,83,67,16,35.65891472868217,6.976744186046512,28.68217054263566,64.34108527131784,51.93798449612403,12.4031007751938
E00102642,60,20,6,14,40,34,6,33.33333333333333,10,23.333333333333332,66.66666666666666,56.666666666666664,10
E00102643,171,62,27,35,109,89,20,36.25730994152047,15.789473684210526,20.46783625730994,63.74269005847953,52.046783625730995,11.695906432748536
E00102644,172,67,20,47,105,94,11,38.95348837209303,11.627906976744185,27.325581395348834,61.04651162790697,54.65116279069767,6.395348837209303
E00102645,169,59,20,39,110,88,22,34.9112426035503,11.834319526627219,23.076923076923077,65.08875739644971,52.071005917159766,13.017751479289942
E00102646,95,39,9,30,56,42,14,41.05263157894737,9.473684210526317,31.57894736842105,58.94736842105262,44.21052631578947,14.736842105263156
E00102647,142,48,19,29,94,73,21,33.80281690140845,13.380281690140844,20.422535211267608,66.19718309859155,51.40845070422535,14.788732394366196
E00102648,141,54,18,36,87,73,14,38.297872340425535,12.76595744680851,25.53191489361702,61.702127659574465,51.77304964539007,9.929078014184398
E00102649,152,59,23,36,93,75,18,38.81578947368421,15.131578947368421,23.684210526315788,61.18421052631579,49.34210526315789,11.842105263157894
E00102650,139,43,15,28,96,72,24,30.935251798561154,10.79136690647482,20.14388489208633,69.06474820143885,51.798561151079134,17.26618705035971
E00102651,113,36,17,19,77,61,16,31.858407079646017,15.04424778761062,16.8141592920354,68.14159292035397,53.98230088495575,14.15929203539823
E00102652,208,73,26,47,135,118,17,35.09615384615385,12.5,22.596153846153847,64.90384615384616,56.730769230769226,8.173076923076923
E00102653,72,29,11,18,43,31,12,40.27777777777778,15.277777777777779,25,59.72222222222222,43.05555555555556,16.666666666666664
E00102654,99,48,20,28,51,45,6,48.484848484848484,20.2020202020202,28.28282828282828,51.515151515151516,45.45454545454545,6.0606060606060606
E00102655,114,45,16,29,69,54,15,39.473684210526315,14.035087719298245,25.438596491228072,60.526315789473685,47.368421052631575,13.157894736842104
E00102656,61,22,7,15,39,36,3,36.0655737704918,11.475409836065573,24.59016393442623,63.934426229508205,59.01639344262295,4.918032786885246
E00102657,100,29,6,23,71,60,11,28.999999999999996,6,23,71,60,11
E00102658,120,50,13,37,70,58,12,41.66666666666667,10.833333333333334,30.833333333333336,58.333333333333336,48.333333333333336,10
E00102659,168,46,16,30,122,109,13,27.380952380952383,9.523809523809524,17.857142857142858,72.61904761904762,64.88095238095238,7.738095238095238
E00102660,97,43,16,27,54,43,11,44.329896907216494,16.49484536082474,27.835051546391753,55.670103092783506,44.329896907216494,11.34020618556701
E00102661,55,13,7,6,42,32,10,23.636363636363637,12.727272727272727,10.909090909090908,76.36363636363637,58.18181818181818,18.181818181818183
E00102662,76,23,11,12,53,36,17,30.263157894736842,14.473684210526317,15.789473684210526,69.73684210526315,47.368421052631575,22.36842105263158
E00102663,43,8,1,7,35,29,6,18.6046511627907,2.3255813953488373,16.27906976744186,81.3953488372093,67.44186046511628,13.953488372093023
E00102664,104,34,10,24,70,56,14,32.69230769230769,9.615384615384617,23.076923076923077,67.3076923076923,53.84615384615385,13.461538461538462
E00102665,67,21,11,10,46,42,4,31.343283582089555,16.417910447761194,14.925373134328357,68.65671641791045,62.68656716417911,5.970149253731343
E00102666,133,52,19,33,81,64,17,39.097744360902254,14.285714285714285,24.81203007518797,60.902255639097746,48.1203007518797,12.781954887218044
E00102667,166,53,15,38,113,102,11,31.92771084337349,9.036144578313253,22.89156626506024,68.07228915662651,61.44578313253012,6.626506024096386
E00102668,138,57,14,43,81,69,12,41.30434782608695,10.144927536231885,31.15942028985507,58.69565217391305,50,8.695652173913043
E00102669,122,47,7,40,75,67,8,38.52459016393443,5.737704918032787,32.78688524590164,61.47540983606557,54.91803278688525,6.557377049180328
E00102670,103,39,9,30,64,54,10,37.86407766990291,8.737864077669903,29.126213592233007,62.13592233009708,52.42718446601942,9.70873786407767
E00102671,162,55,16,39,107,92,15,33.95061728395062,9.876543209876543,24.074074074074073,66.0493827160494,56.79012345679012,9.25925925925926
E00102672,135,57,13,44,78,67,11,42.22222222222222,9.62962962962963,32.592592592592595,57.77777777777777,49.629629629629626,8.148148148148149
E00102673,114,32,5,27,82,68,14,28.07017543859649,4.385964912280701,23.684210526315788,71.9298245614035,59.64912280701754,12.280701754385964
E00102674,130,42,12,30,88,81,7,32.30769230769231,9.230769230769232,23.076923076923077,67.6923076923077,62.30769230769231,5.384615384615385
E00102675,110,40,13,27,70,64,6,36.36363636363637,11.818181818181818,24.545454545454547,63.63636363636363,58.18181818181818,5.454545454545454
E00102676,121,42,17,25,79,70,9,34.710743801652896,14.049586776859504,20.66115702479339,65.28925619834712,57.85123966942148,7.43801652892562
E00102677,177,60,16,44,117,104,13,33.89830508474576,9.03954802259887,24.858757062146893,66.10169491525424,58.75706214689266,7.344632768361582
E00102678,134,48,13,35,86,74,12,35.82089552238806,9.701492537313433,26.119402985074625,64.17910447761194,55.223880597014926,8.955223880597014
E00102679,123,47,21,26,76,62,14,38.21138211382114,17.073170731707318,21.138211382113823,61.78861788617886,50.40650406504065,11.38211382113821
E00102680,159,58,22,36,101,85,16,36.477987421383645,13.836477987421384,22.641509433962266,63.52201257861635,53.459119496855344,10.062893081761008
E00102681,127,46,12,34,81,64,17,36.22047244094488,9.448818897637794,26.77165354330709,63.77952755905512,50.39370078740157,13.385826771653544
E00102682,119,44,11,33,75,55,20,36.97478991596639,9.243697478991598,27.73109243697479,63.02521008403361,46.21848739495798,16.80672268907563
E00102683,152,61,23,38,91,84,7,40.131578947368425,15.131578947368421,25,59.86842105263158,55.26315789473685,4.605263157894736
E00102684,90,32,12,20,58,50,8,35.55555555555556,13.333333333333334,22.22222222222222,64.44444444444444,55.55555555555556,8.88888888888889
E00102685,149,42,15,27,107,83,24,28.187919463087248,10.06711409395973,18.120805369127517,71.81208053691275,55.70469798657718,16.10738255033557
E00102686,98,42,18,24,56,43,13,42.857142857142854,18.367346938775512,24.489795918367346,57.14285714285714,43.87755102040816,13.26530612244898
E00102687,158,63,21,42,95,87,8,39.87341772151899,13.291139240506327,26.582278481012654,60.12658227848101,55.06329113924051,5.063291139240507
E00102688,109,47,19,28,62,43,19,43.11926605504588,17.431192660550458,25.688073394495415,56.88073394495413,39.44954128440367,17.431192660550458
E00102689,148,65,17,48,83,72,11,43.91891891891892,11.486486486486488,32.432432432432435,56.08108108108109,48.64864864864865,7.4324324324324325
E00102690,171,63,26,37,108,82,26,36.84210526315789,15.204678362573098,21.637426900584796,63.1578947368421,47.953216374269005,15.204678362573098
E00102691,130,45,17,28,85,67,18,34.61538461538461,13.076923076923078,21.53846153846154,65.38461538461539,51.53846153846153,13.846153846153847
E00102692,175,66,34,32,109,71,38,37.714285714285715,19.428571428571427,18.285714285714285,62.28571428571429,40.57142857142857,21.714285714285715
E00102693,106,33,16,17,73,58,15,31.132075471698112,15.09433962264151,16.037735849056602,68.86792452830188,54.71698113207547,14.150943396226415
E00165895,203,67,19,48,136,113,23,33.004926108374384,9.35960591133005,23.645320197044335,66.99507389162561,55.66502463054187,11.330049261083744
E00165896,142,41,14,27,101,88,13,28.87323943661972,9.859154929577464,19.014084507042252,71.12676056338029,61.97183098591549,9.15492957746479
E00165897,210,73,23,50,137,109,28,34.76190476190476,10.952380952380953,23.809523809523807,65.23809523809524,51.90476190476191,13.333333333333334
E00165898,170,52,23,29,118,101,17,30.58823529411765,13.529411764705882,17.058823529411764,69.41176470588235,59.411764705882355,10
E00165899,178,73,21,52,105,94,11,41.01123595505618,11.797752808988763,29.213483146067414,58.98876404494382,52.80898876404494,6.179775280898876
E00165900,177,96,29,67,81,53,28,54.23728813559322,16.38418079096045,37.85310734463277,45.76271186440678,29.943502824858758,15.819209039548024
E00165901,94,43,17,26,51,40,11,45.744680851063826,18.085106382978726,27.659574468085108,54.25531914893617,42.5531914893617,11.702127659574469
E00165902,155,49,18,31,106,74,32,31.61290322580645,11.612903225806452,20,68.38709677419355,47.74193548387097,20.64516129032258
E00181101,259,78,29,49,181,141,40,30.115830115830118,11.196911196911197,18.91891891891892,69.88416988416989,54.440154440154444,15.444015444015443
E00181107,90,24,5,19,66,56,10,26.666666666666668,5.555555555555555,21.11111111111111,73.33333333333333,62.22222222222222,11.11111111111111
E00181108,197,57,18,39,140,117,23,28.934010152284262,9.137055837563452,19.796954314720814,71.06598984771574,59.390862944162436,11.6751269035533
E00181109,123,42,18,24,81,68,13,34.146341463414636,14.634146341463413,19.51219512195122,65.85365853658537,55.28455284552846,10.569105691056912
E00181111,136,39,13,26,97,74,23,28.676470588235293,9.558823529411764,19.11764705882353,71.32352941176471,54.41176470588235,16.911764705882355
E00181112,81,29,11,18,52,39,13,35.80246913580247,13.580246913580247,22.22222222222222,64.19753086419753,48.148148148148145,16.049382716049383
E00181113,102,32,13,19,70,58,12,31.372549019607842,12.745098039215685,18.627450980392158,68.62745098039215,56.86274509803921,11.76470588235294
E00181116,370,93,24,69,277,238,39,25.135135135135133,6.486486486486487,18.64864864864865,74.86486486486487,64.32432432432432,10.54054054054054
E00181121,77,16,7,9,61,52,9,20.77922077922078,9.090909090909092,11.688311688311687,79.22077922077922,67.53246753246754,11.688311688311687
E00181126,232,65,20,45,167,125,42,28.01724137931034,8.620689655172415,19.396551724137932,71.98275862068965,53.879310344827594,18.103448275862068
E00181131,156,58,24,34,98,83,15,37.17948717948718,15.384615384615385,21.794871794871796,62.82051282051282,53.205128205128204,9.615384615384617
E00181132,259,84,21,63,175,142,33,32.432432432432435,8.108108108108109,24.324324324324326,67.56756756756756,54.826254826254825,12.741312741312742
E00181134,275,55,12,43,220,173,47,20,4.363636363636364,15.636363636363637,80,62.909090909090914,17.09090909090909
E00181136,63,29,9,20,34,28,6,46.03174603174603,14.285714285714285,31.746031746031743,53.96825396825397,44.44444444444444,9.523809523809524
E00181137,46,11,0,11,35,31,4,23.91304347826087,0,23.91304347826087,76.08695652173914,67.3913043478261,8.695652173913043
E00181138,90,30,4,26,60,59,1,33.33333333333333,4.444444444444445,28.888888888888886,66.66666666666666,65.55555555555556,1.1111111111111112
E00181146,112,37,15,22,75,62,13,33.035714285714285,13.392857142857142,19.642857142857142,66.96428571428571,55.35714285714286,11.607142857142858
E00181148,240,64,19,45,176,145,31,26.666666666666668,7.916666666666666,18.75,73.33333333333333,60.416666666666664,12.916666666666668
E00181149,154,53,10,43,101,89,12,34.41558441558442,6.493506493506493,27.92207792207792,65.5844155844156,57.7922077922078,7.792207792207792
E00181150,111,40,16,24,71,62,9,36.03603603603604,14.414414414414415,21.62162162162162,63.96396396396396,55.85585585585585,8.108108108108109
E00181153,223,60,12,48,163,139,24,26.905829596412556,5.381165919282512,21.524663677130047,73.09417040358744,62.33183856502242,10.762331838565023
E00181154,111,46,18,28,65,59,6,41.44144144144144,16.216216216216218,25.225225225225223,58.55855855855856,53.153153153153156,5.405405405405405
E00181155,54,18,6,12,36,30,6,33.33333333333333,11.11111111111111,22.22222222222222,66.66666666666666,55.55555555555556,11.11111111111111
E00181162,178,48,10,38,130,114,16,26.96629213483146,5.617977528089887,21.34831460674157,73.03370786516854,64.04494382022472,8.98876404494382
E00181169,164,47,15,32,117,91,26,28.65853658536585,9.146341463414634,19.51219512195122,71.34146341463415,55.487804878048784,15.853658536585366
E00181171,90,24,7,17,66,54,12,26.666666666666668,7.777777777777778,18.88888888888889,73.33333333333333,60,13.333333333333334
E00181172,69,18,7,11,51,37,14,26.08695652173913,10.144927536231885,15.942028985507244,73.91304347826086,53.62318840579711,20.28985507246377
E00181174,150,59,24,35,91,82,9,39.33333333333333,16,23.333333333333332,60.66666666666667,54.666666666666664,6
E00181178,149,41,16,25,108,99,9,27.516778523489933,10.738255033557047,16.778523489932887,72.48322147651007,66.44295302013423,6.0402684563758395
E00181182,236,73,29,44,163,138,25,30.93220338983051,12.288135593220339,18.64406779661017,69.0677966101695,58.47457627118644,10.59322033898305
E00181185,34,9,3,6,25,22,3,26.47058823529412,8.823529411764707,17.647058823529413,73.52941176470588,64.70588235294117,8.823529411764707
E00181187,199,67,22,45,132,116,16,33.66834170854271,11.055276381909549,22.613065326633166,66.33165829145729,58.291457286432156,8.040201005025125
E00181188,241,58,15,43,183,154,29,24.066390041493776,6.224066390041494,17.842323651452283,75.93360995850622,63.90041493775933,12.033195020746888
E00181191,310,99,35,64,211,188,23,31.93548387096774,11.29032258064516,20.64516129032258,68.06451612903226,60.64516129032258,7.419354838709677
E00181192,108,47,14,33,61,50,11,43.51851851851852,12.962962962962962,30.555555555555557,56.481481481481474,46.2962962962963,10.185185185185185
