OA,ts0380001,ts0380002,ts0380003,ts0380004,ts0380005,ts0380006,ts0380007,ts0380002_PCT,ts0380003_PCT,ts0380004_PCT,ts0380005_PCT,ts0380006_PCT,ts0380007_PCT
E00102278,287,47,14,33,240,35,205,16.376306620209057,4.878048780487805,11.498257839721255,83.62369337979094,12.195121951219512,71.42857142857143
E00102279,309,86,57,29,223,23,200,27.831715210355988,18.446601941747574,9.385113268608414,72.168284789644,7.443365695792881,64.72491909385113
E00102280,265,65,20,45,200,18,182,24.528301886792452,7.547169811320755,16.9811320754717,75.47169811320755,6.7924528301886795,68.67924528301886
E00102281,292,56,21,35,236,31,205,19.17808219178082,7.191780821917808,11.986301369863012,80.82191780821918,10.616438356164384,70.2054794520548
E00102282,295,52,23,29,243,31,212,17.627118644067796,7.796610169491526,9.830508474576272,82.37288135593221,10.508474576271185,71.86440677966101
E00102283,380,62,21,41,318,34,284,16.315789473684212,5.526315789473684,10.789473684210527,83.6842105263158,8.947368421052632,74.73684210526315
E00102284,363,64,25,39,299,29,270,17.63085399449036,6.887052341597796,10.743801652892563,82.36914600550963,7.988980716253444,74.3801652892562
E00102285,565,85,28,57,480,53,427,15.04424778761062,4.95575221238938,10.08849557522124,84.95575221238938,9.380530973451327,75.57522123893806
E00102286,333,59,18,41,274,33,241,17.71771771771772,5.405405405405405,12.312312312312311,82.28228228228228,9.90990990990991,72.37237237237237
E00102289,376,63,18,45,313,43,270,16.75531914893617,4.787234042553192,11.96808510638298,83.24468085106383,11.436170212765957,71.80851063829788
E00102290,209,28,9,19,181,14,167,13.397129186602871,4.30622009569378,9.090909090909092,86.60287081339713,6.698564593301436,79.90430622009569
E00102291,174,37,8,29,137,6,131,21.26436781609195,4.597701149425287,16.666666666666664,78.73563218390804,3.4482758620689653,75.28735632183908
E00102292,365,87,36,51,278,30,248,23.835616438356162,9.863013698630137,13.972602739726028,76.16438356164383,8.21917808219178,67.94520547945206
E00102293,262,39,14,25,223,18,205,14.885496183206106,5.343511450381679,9.541984732824428,85.1145038167939,6.870229007633588,78.2442748091603
E00102294,353,92,40,52,261,24,237,26.062322946175637,11.3314447592068,14.730878186968837,73.93767705382436,6.79886685552408,67.13881019830028
E00102295,164,26,2,24,138,12,126,15.853658536585366,1.2195121951219512,14.634146341463413,84.14634146341463,7.317073170731707,76.82926829268293
E00102296,295,74,21,53,221,18,203,25.08474576271186,7.118644067796611,17.966101694915253,74.91525423728814,6.101694915254238,68.8135593220339
E00102297,486,89,35,54,397,41,356,18.31275720164609,7.20164609053498,11.11111111111111,81.6872427983539,8.436213991769549,73.25102880658436
E00102298,266,55,14,41,211,19,192,20.676691729323306,5.263157894736842,15.413533834586465,79.32330827067669,7.142857142857142,72.18045112781954
E00102299,364,52,15,37,312,22,290,14.285714285714285,4.1208791208791204,10.164835164835164,85.71428571428571,6.043956043956044,79.67032967032966
E00102300,346,67,31,36,279,24,255,19.36416184971098,8.959537572254336,10.404624277456648,80.63583815028902,6.9364161849710975,73.69942196531792
E00102301,286,58,18,40,228,27,201,20.27972027972028,6.293706293706294,13.986013986013987,79.72027972027972,9.44055944055944,70.27972027972028
E00102302,241,57,23,34,184,21,163,23.651452282157674,9.54356846473029,14.107883817427386,76.34854771784232,8.71369294605809,67.63485477178423
E00102303,275,51,11,40,224,18,206,18.545454545454547,4,14.545454545454545,81.45454545454545,6.545454545454546,74.90909090909092
E00102304,389,69,31,38,320,27,293,17.737789203084834,7.969151670951156,9.768637532133676,82.26221079691517,6.940874035989718,75.32133676092545
E00102305,277,88,35,53,189,18,171,31.768953068592058,12.63537906137184,19.133574007220215,68.23104693140795,6.4981949458483745,61.73285198555957
E00102306,333,66,21,45,267,21,246,19.81981981981982,6.306306306306306,13.513513513513514,80.18018018018019,6.306306306306306,73.87387387387388
E00102307,296,90,47,43,206,33,173,30.405405405405407,15.878378378378377,14.527027027027026,69.5945945945946,11.14864864864865,58.445945945945944
E00102308,360,64,20,44,296,30,266,17.77777777777778,5.555555555555555,12.222222222222221,82.22222222222221,8.333333333333332,73.88888888888889
E00102309,248,61,30,31,187,23,164,24.596774193548388,12.096774193548388,12.5,75.40322580645162,9.274193548387096,66.12903225806451
E00102310,342,79,29,50,263,31,232,23.099415204678362,8.47953216374269,14.619883040935672,76.90058479532163,9.064327485380117,67.83625730994152
E00102311,306,61,23,38,245,24,221,19.934640522875817,7.516339869281046,12.418300653594772,80.06535947712419,7.8431372549019605,72.22222222222221
E00102312,316,104,50,54,212,24,188,32.91139240506329,15.822784810126583,17.088607594936708,67.08860759493672,7.59493670886076,59.49367088607595
E00102313,278,74,37,37,204,16,188,26.618705035971225,13.309352517985612,13.309352517985612,73.38129496402878,5.755395683453238,67.62589928057554
E00102314,281,44,16,28,237,15,222,15.658362989323843,5.6939501779359425,9.9644128113879,84.34163701067615,5.338078291814947,79.00355871886121
E00102315,258,51,24,27,207,25,182,19.767441860465116,9.30232558139535,10.465116279069768,80.23255813953489,9.689922480620156,70.54263565891473
E00102316,290,59,28,31,231,25,206,20.344827586206897,9.655172413793103,10.689655172413794,79.65517241379311,8.620689655172415,71.03448275862068
E00102317,273,52,22,30,221,14,207,19.047619047619047,8.058608058608058,10.989010989010989,80.95238095238095,5.128205128205128,75.82417582417582
E00102318,416,77,27,50,339,37,302,18.509615384615387,6.490384615384616,12.01923076923077,81.49038461538461,8.89423076923077,72.59615384615384
E00102319,283,65,33,32,218,28,190,22.968197879858657,11.66077738515901,11.307420494699647,77.03180212014135,9.89399293286219,67.13780918727915
E00102320,279,66,28,38,213,28,185,23.655913978494624,10.03584229390681,13.620071684587815,76.34408602150538,10.03584229390681,66.30824372759857
E00102321,323,78,25,53,245,25,220,24.148606811145513,7.739938080495357,16.408668730650156,75.85139318885449,7.739938080495357,68.11145510835914
E00102322,371,110,55,55,261,34,227,29.649595687331537,14.824797843665769,14.824797843665769,70.35040431266847,9.164420485175203,61.18598382749326
E00102323,356,60,26,34,296,36,260,16.853932584269664,7.303370786516854,9.550561797752808,83.14606741573034,10.112359550561797,73.03370786516854
E00102324,345,73,32,41,272,27,245,21.15942028985507,9.27536231884058,11.884057971014492,78.84057971014494,7.82608695652174,71.01449275362319
E00102325,167,38,21,17,129,13,116,22.75449101796407,12.574850299401197,10.179640718562874,77.24550898203593,7.784431137724551,69.46107784431138
E00102326,206,30,12,18,176,21,155,14.563106796116504,5.825242718446602,8.737864077669903,85.43689320388349,10.194174757281553,75.24271844660194
E00102327,316,55,15,40,261,48,213,17.405063291139243,4.746835443037975,12.658227848101266,82.59493670886076,15.18987341772152,67.40506329113924
E00102328,307,51,11,40,256,25,231,16.612377850162865,3.5830618892508146,13.029315960912053,83.38762214983714,8.143322475570033,75.2442996742671
E00102329,251,54,14,40,197,23,174,21.51394422310757,5.577689243027888,15.936254980079681,78.48605577689243,9.163346613545817,69.32270916334662
E00102330,345,124,47,77,221,28,193,35.94202898550725,13.623188405797102,22.318840579710145,64.05797101449275,8.115942028985506,55.94202898550724
E00102331,261,49,17,32,212,23,189,18.773946360153257,6.513409961685824,12.260536398467432,81.22605363984674,8.812260536398467,72.41379310344827
E00102332,236,50,18,32,186,29,157,21.1864406779661,7.627118644067797,13.559322033898304,78.8135593220339,12.288135593220339,66.52542372881356
E00102333,319,44,18,26,275,36,239,13.793103448275861,5.6426332288401255,8.150470219435736,86.20689655172413,11.285266457680251,74.92163009404389
E00102334,287,65,34,31,222,26,196,22.64808362369338,11.846689895470384,10.801393728222997,77.35191637630662,9.059233449477352,68.29268292682927
E00102335,351,77,42,35,274,20,254,21.937321937321936,11.965811965811966,9.971509971509972,78.06267806267806,5.698005698005698,72.36467236467237
E00102336,223,42,18,24,181,19,162,18.83408071748879,8.071748878923767,10.762331838565023,81.16591928251121,8.520179372197308,72.6457399103139
E00102337,263,40,8,32,223,23,200,15.209125475285171,3.041825095057034,12.167300380228136,84.79087452471484,8.745247148288973,76.04562737642586
E00102338,270,50,18,32,220,30,190,18.51851851851852,6.666666666666667,11.851851851851853,81.48148148148148,11.11111111111111,70.37037037037037
E00102339,288,62,19,43,226,29,197,21.52777777777778,6.597222222222222,14.930555555555555,78.47222222222221,10.069444444444445,68.40277777777779
E00102340,338,63,18,45,275,37,238,18.639053254437872,5.325443786982249,13.313609467455622,81.36094674556213,10.946745562130179,70.41420118343196
E00102341,329,84,42,42,245,14,231,25.53191489361702,12.76595744680851,12.76595744680851,74.46808510638297,4.25531914893617,70.2127659574468
E00102342,230,48,21,27,182,18,164,20.869565217391305,9.130434782608695,11.73913043478261,79.13043478260869,7.82608695652174,71.30434782608695
E00102343,255,55,17,38,200,21,179,21.568627450980394,6.666666666666667,14.901960784313726,78.43137254901961,8.235294117647058,70.19607843137254
E00102344,371,76,23,53,295,31,264,20.485175202156334,6.199460916442049,14.285714285714285,79.51482479784366,8.355795148247978,71.15902964959568
E00102345,249,51,14,37,198,21,177,20.481927710843372,5.622489959839357,14.859437751004014,79.51807228915662,8.433734939759036,71.08433734939759
E00102346,304,78,33,45,226,21,205,25.657894736842106,10.855263157894738,14.802631578947366,74.3421052631579,6.907894736842106,67.43421052631578
E00102347,444,74,24,50,370,48,322,16.666666666666664,5.405405405405405,11.26126126126126,83.33333333333334,10.81081081081081,72.52252252252252
E00102348,371,93,42,51,278,22,256,25.067385444743934,11.320754716981133,13.746630727762804,74.93261455525607,5.929919137466308,69.00269541778977
E00102349,317,47,16,31,270,15,255,14.826498422712934,5.047318611987381,9.779179810725552,85.17350157728707,4.73186119873817,80.4416403785489
E00102350,331,50,16,34,281,32,249,15.105740181268882,4.833836858006042,10.27190332326284,84.89425981873111,9.667673716012084,75.22658610271903
E00102351,259,49,15,34,210,12,198,18.91891891891892,5.7915057915057915,13.127413127413126,81.08108108108108,4.633204633204633,76.44787644787645
E00102352,318,51,27,24,267,21,246,16.037735849056602,8.49056603773585,7.547169811320755,83.9622641509434,6.60377358490566,77.35849056603774
E00102354,280,55,19,36,225,24,201,19.642857142857142,6.785714285714286,12.857142857142856,80.35714285714286,8.571428571428571,71.78571428571429
E00102355,297,48,19,29,249,21,228,16.161616161616163,6.397306397306397,9.764309764309765,83.83838383838383,7.07070707070707,76.76767676767676
E00102356,302,50,17,33,252,21,231,16.55629139072848,5.629139072847682,10.927152317880795,83.44370860927152,6.95364238410596,76.49006622516556
E00102357,250,57,22,35,193,18,175,22.8,8.799999999999999,14.000000000000002,77.2,7.199999999999999,70
E00102358,300,50,16,34,250,23,227,16.666666666666664,5.333333333333334,11.333333333333332,83.33333333333334,7.666666666666666,75.66666666666667
E00102359,342,65,26,39,277,30,247,19.005847953216374,7.602339181286549,11.403508771929824,80.99415204678363,8.771929824561402,72.22222222222221
E00102360,249,53,27,26,196,14,182,21.285140562248998,10.843373493975903,10.441767068273093,78.714859437751,5.622489959839357,73.09236947791165
E00102361,301,41,15,26,260,34,226,13.621262458471762,4.983388704318937,8.637873754152823,86.37873754152824,11.295681063122924,75.08305647840533
E00102362,323,74,26,48,249,18,231,22.910216718266255,8.04953560371517,14.860681114551083,77.08978328173374,5.572755417956656,71.51702786377709
E00102364,284,49,11,38,235,25,210,17.253521126760564,3.873239436619718,13.380281690140844,82.74647887323944,8.80281690140845,73.94366197183099
E00102365,338,39,15,24,299,32,267,11.538461538461538,4.437869822485207,7.100591715976331,88.46153846153845,9.467455621301776,78.99408284023669
E00102366,269,62,28,34,207,14,193,23.04832713754647,10.408921933085502,12.639405204460965,76.95167286245353,5.204460966542751,71.74721189591078
E00102367,315,112,53,59,203,13,190,35.55555555555556,16.825396825396826,18.73015873015873,64.44444444444444,4.1269841269841265,60.317460317460316
E00102368,340,74,30,44,266,26,240,21.764705882352942,8.823529411764707,12.941176470588237,78.23529411764706,7.647058823529412,70.58823529411765
E00102369,284,46,16,30,238,33,205,16.19718309859155,5.633802816901409,10.56338028169014,83.80281690140845,11.619718309859154,72.1830985915493
E00102371,508,69,27,42,439,34,405,13.582677165354331,5.31496062992126,8.267716535433072,86.41732283464567,6.692913385826772,79.7244094488189
E00102372,542,97,37,60,445,51,394,17.89667896678967,6.826568265682657,11.07011070110701,82.10332103321034,9.40959409594096,72.69372693726937
E00102373,180,25,9,16,155,19,136,13.88888888888889,5,8.88888888888889,86.11111111111111,10.555555555555555,75.55555555555556
E00102374,334,86,42,44,248,20,228,25.748502994011975,12.574850299401197,13.17365269461078,74.25149700598801,5.9880239520958085,68.26347305389223
E00102375,290,59,25,34,231,32,199,20.344827586206897,8.620689655172415,11.724137931034482,79.65517241379311,11.03448275862069,68.62068965517241
E00102376,281,53,27,26,228,34,194,18.86120996441281,9.608540925266903,9.252669039145907,81.13879003558719,12.099644128113878,69.03914590747331
E00102377,301,52,13,39,249,23,226,17.275747508305646,4.318936877076411,12.956810631229235,82.72425249169434,7.641196013289036,75.08305647840533
E00102378,318,50,13,37,268,29,239,15.723270440251572,4.088050314465408,11.635220125786164,84.27672955974843,9.119496855345911,75.15723270440252
E00102379,520,105,36,69,415,32,383,20.192307692307693,6.923076923076923,13.26923076923077,79.8076923076923,6.153846153846154,73.65384615384616
E00102380,264,71,25,46,193,13,180,26.89393939393939,9.469696969696969,17.424242424242426,73.10606060606061,4.924242424242424,68.18181818181817
E00102381,319,84,43,41,235,18,217,26.332288401253916,13.479623824451412,12.852664576802509,73.66771159874608,5.6426332288401255,68.02507836990596
E00102382,265,66,32,34,199,14,185,24.90566037735849,12.075471698113208,12.830188679245284,75.09433962264151,5.283018867924529,69.81132075471697
E00102383,319,56,20,36,263,17,246,17.55485893416928,6.269592476489027,11.285266457680251,82.44514106583071,5.329153605015674,77.11598746081505
E00102384,297,91,39,52,206,27,179,30.63973063973064,13.131313131313133,17.50841750841751,69.36026936026936,9.090909090909092,60.26936026936027
E00102385,295,68,26,42,227,17,210,23.050847457627118,8.813559322033898,14.237288135593221,76.94915254237287,5.762711864406779,71.1864406779661
E00102386,266,88,44,44,178,20,158,33.08270676691729,16.541353383458645,16.541353383458645,66.9172932330827,7.518796992481203,59.3984962406015
E00102387,289,63,37,26,226,14,212,21.79930795847751,12.802768166089965,8.996539792387544,78.20069204152249,4.844290657439446,73.35640138408304
E00102388,310,81,31,50,229,20,209,26.129032258064516,10,16.129032258064516,73.87096774193549,6.451612903225806,67.41935483870968
E00102389,295,68,25,43,227,24,203,23.050847457627118,8.47457627118644,14.576271186440678,76.94915254237287,8.135593220338983,68.8135593220339
E00102390,273,66,30,36,207,15,192,24.175824175824175,10.989010989010989,13.186813186813188,75.82417582417582,5.4945054945054945,70.32967032967034
E00102391,256,68,28,40,188,21,167,26.5625,10.9375,15.625,73.4375,8.203125,65.234375
E00102392,338,57,20,37,281,30,251,16.86390532544379,5.9171597633136095,10.946745562130179,83.13609467455622,8.875739644970414,74.2603550295858
E00102393,313,59,18,41,254,12,242,18.849840255591054,5.7507987220447285,13.099041533546327,81.15015974440894,3.8338658146964857,77.31629392971246
E00102394,299,62,27,35,237,20,217,20.735785953177256,9.03010033444816,11.705685618729097,79.26421404682274,6.688963210702341,72.5752508361204
E00102395,305,68,24,44,237,17,220,22.295081967213115,7.868852459016394,14.426229508196723,77.70491803278688,5.573770491803279,72.1311475409836
E00102396,227,52,21,31,175,24,151,22.90748898678414,9.251101321585903,13.656387665198238,77.09251101321586,10.572687224669604,66.51982378854625
E00102397,427,63,24,39,364,46,318,14.754098360655737,5.620608899297424,9.133489461358314,85.24590163934425,10.772833723653395,74.47306791569088
E00102398,338,59,30,29,279,25,254,17.45562130177515,8.875739644970414,8.579881656804734,82.54437869822485,7.396449704142012,75.14792899408283
E00102399,287,78,38,40,209,16,193,27.177700348432055,13.240418118466899,13.937282229965156,72.82229965156795,5.574912891986063,67.24738675958189
E00102400,267,52,22,30,215,32,183,19.475655430711612,8.239700374531834,11.235955056179774,80.52434456928839,11.985018726591761,68.53932584269663
E00102401,194,54,26,28,140,10,130,27.835051546391753,13.402061855670103,14.432989690721648,72.16494845360825,5.154639175257731,67.0103092783505
E00102402,176,56,22,34,120,23,97,31.818181818181817,12.5,19.318181818181817,68.18181818181817,13.068181818181818,55.11363636363637
E00102403,348,66,15,51,282,30,252,18.96551724137931,4.310344827586207,14.655172413793101,81.03448275862068,8.620689655172415,72.41379310344827
E00102404,309,90,43,47,219,16,203,29.126213592233007,13.915857605177994,15.210355987055015,70.87378640776699,5.177993527508091,65.69579288025889
E00102405,301,63,24,39,238,21,217,20.930232558139537,7.973421926910299,12.956810631229235,79.06976744186046,6.976744186046512,72.09302325581395
E00102406,298,55,25,30,243,23,220,18.456375838926174,8.389261744966444,10.06711409395973,81.54362416107382,7.718120805369128,73.8255033557047
E00102407,337,83,40,43,254,26,228,24.629080118694365,11.869436201780417,12.759643916913946,75.37091988130564,7.71513353115727,67.65578635014838
E00102408,420,91,33,58,329,42,287,21.666666666666668,7.857142857142857,13.80952380952381,78.33333333333333,10,68.33333333333333
E00102409,314,86,36,50,228,15,213,27.388535031847134,11.464968152866243,15.92356687898089,72.61146496815286,4.777070063694268,67.83439490445859
E00102410,392,83,30,53,309,25,284,21.1734693877551,7.653061224489796,13.520408163265307,78.8265306122449,6.377551020408164,72.44897959183673
E00102411,362,71,32,39,291,19,272,19.613259668508288,8.83977900552486,10.773480662983426,80.38674033149171,5.248618784530387,75.13812154696133
E00102412,337,75,19,56,262,27,235,22.255192878338278,5.637982195845697,16.61721068249258,77.74480712166172,8.011869436201781,69.73293768545994
E00102413,278,49,19,30,229,20,209,17.62589928057554,6.83453237410072,10.79136690647482,82.37410071942446,7.1942446043165464,75.17985611510791
E00102414,279,96,39,57,183,17,166,34.40860215053764,13.978494623655912,20.43010752688172,65.59139784946237,6.093189964157706,59.49820788530465
E00102415,301,41,16,25,260,37,223,13.621262458471762,5.3156146179401995,8.305647840531561,86.37873754152824,12.29235880398671,74.08637873754152
E00102417,515,81,39,42,434,30,404,15.728155339805824,7.572815533980583,8.155339805825243,84.27184466019418,5.825242718446602,78.44660194174757
E00102418,405,48,14,34,357,36,321,11.851851851851853,3.45679012345679,8.395061728395062,88.14814814814815,8.88888888888889,79.25925925925927
E00102419,367,64,25,39,303,43,260,17.43869209809264,6.811989100817439,10.626702997275205,82.56130790190736,11.716621253405995,70.84468664850137
E00102420,376,75,27,48,301,22,279,19.9468085106383,7.180851063829788,12.76595744680851,80.0531914893617,5.851063829787234,74.20212765957447
E00102421,375,81,30,51,294,30,264,21.6,8,13.600000000000001,78.4,8,70.39999999999999
E00102422,274,46,19,27,228,25,203,16.78832116788321,6.934306569343065,9.854014598540147,83.21167883211679,9.124087591240876,74.08759124087592
E00102423,332,72,28,44,260,39,221,21.686746987951807,8.433734939759036,13.253012048192772,78.3132530120482,11.74698795180723,66.56626506024097
E00102425,295,38,4,34,257,25,232,12.88135593220339,1.3559322033898304,11.525423728813559,87.11864406779661,8.47457627118644,78.64406779661017
E00102426,277,48,14,34,229,29,200,17.328519855595665,5.054151624548736,12.274368231046932,82.67148014440433,10.469314079422382,72.20216606498195
E00102428,242,75,27,48,167,17,150,30.991735537190085,11.15702479338843,19.834710743801654,69.00826446280992,7.024793388429752,61.98347107438017
E00102429,375,88,47,41,287,18,269,23.466666666666665,12.533333333333333,10.933333333333334,76.53333333333333,4.8,71.73333333333333
E00102430,321,40,7,33,281,18,263,12.461059190031152,2.1806853582554515,10.2803738317757,87.53894080996885,5.607476635514018,81.93146417445483
E00102431,320,41,10,31,279,21,258,12.812499999999998,3.125,9.6875,87.1875,6.5625,80.625
E00102432,252,56,27,29,196,28,168,22.22222222222222,10.714285714285714,11.507936507936508,77.77777777777779,11.11111111111111,66.66666666666666
E00102433,539,95,37,58,444,57,387,17.625231910946194,6.8645640074211505,10.760667903525047,82.3747680890538,10.575139146567718,71.79962894248608
E00102434,287,84,47,37,203,12,191,29.268292682926827,16.376306620209057,12.89198606271777,70.73170731707317,4.181184668989547,66.55052264808361
E00102435,316,53,18,35,263,24,239,16.77215189873418,5.69620253164557,11.075949367088606,83.22784810126582,7.59493670886076,75.63291139240506
E00102436,180,49,20,29,131,17,114,27.22222222222222,11.11111111111111,16.11111111111111,72.77777777777777,9.444444444444445,63.33333333333333
E00102437,362,88,44,44,274,29,245,24.30939226519337,12.154696132596685,12.154696132596685,75.69060773480662,8.011049723756907,67.67955801104972
E00102438,438,130,64,66,308,40,268,29.68036529680365,14.61187214611872,15.068493150684931,70.31963470319634,9.1324200913242,61.18721461187214
E00102439,397,71,24,47,326,30,296,17.884130982367758,6.045340050377834,11.838790931989925,82.11586901763224,7.5566750629722925,74.55919395465995
E00102440,388,81,27,54,307,28,279,20.876288659793815,6.958762886597938,13.917525773195877,79.12371134020619,7.216494845360824,71.90721649484536
E00102441,289,39,18,21,250,23,227,13.494809688581316,6.228373702422145,7.26643598615917,86.50519031141869,7.958477508650519,78.54671280276817
E00102442,312,69,29,40,243,25,218,22.115384615384613,9.294871794871796,12.82051282051282,77.88461538461539,8.012820512820513,69.87179487179486
E00102443,283,57,21,36,226,18,208,20.141342756183743,7.420494699646643,12.7208480565371,79.85865724381625,6.36042402826855,73.4982332155477
E00102444,306,63,22,41,243,27,216,20.588235294117645,7.18954248366013,13.398692810457517,79.41176470588235,8.823529411764707,70.58823529411765
E00102445,428,111,44,67,317,34,283,25.934579439252335,10.2803738317757,15.654205607476634,74.06542056074767,7.943925233644859,66.1214953271028
E00102446,221,49,14,35,172,13,159,22.171945701357465,6.334841628959276,15.837104072398189,77.82805429864254,5.88235294117647,71.94570135746606
E00102447,303,62,24,38,241,24,217,20.462046204620464,7.920792079207921,12.541254125412541,79.53795379537954,7.920792079207921,71.61716171617162
E00102448,320,78,37,41,242,29,213,24.375,11.5625,12.812499999999998,75.625,9.0625,66.5625
E00102449,292,57,19,38,235,27,208,19.52054794520548,6.506849315068493,13.013698630136986,80.47945205479452,9.246575342465754,71.23287671232876
E00102450,283,57,19,38,226,30,196,20.141342756183743,6.713780918727916,13.427561837455832,79.85865724381625,10.60070671378092,69.25795053003534
E00102451,238,60,30,30,178,32,146,25.210084033613445,12.605042016806722,12.605042016806722,74.78991596638656,13.445378151260504,61.34453781512605
E00102452,327,57,13,44,270,26,244,17.431192660550458,3.9755351681957185,13.455657492354739,82.56880733944955,7.951070336391437,74.61773700305811
E00102453,347,80,35,45,267,27,240,23.054755043227665,10.086455331412104,12.968299711815561,76.94524495677233,7.780979827089338,69.164265129683
E00102455,358,84,37,47,274,24,250,23.463687150837988,10.335195530726256,13.128491620111731,76.53631284916202,6.70391061452514,69.83240223463687
E00102456,520,108,43,65,412,36,376,20.76923076923077,8.269230769230768,12.5,79.23076923076923,6.923076923076923,72.3076923076923
E00102458,245,62,26,36,183,17,166,25.30612244897959,10.612244897959183,14.69387755102041,74.6938775510204,6.938775510204081,67.75510204081633
E00102459,284,58,23,35,226,29,197,20.422535211267608,8.098591549295776,12.323943661971832,79.5774647887324,10.211267605633804,69.36619718309859
E00102460,295,56,26,30,239,27,212,18.983050847457626,8.813559322033898,10.16949152542373,81.01694915254237,9.152542372881356,71.86440677966101
E00102461,334,55,23,32,279,27,252,16.46706586826347,6.88622754491018,9.580838323353294,83.53293413173652,8.08383233532934,75.44910179640718
E00102462,340,57,24,33,283,27,256,16.76470588235294,7.0588235294117645,9.705882352941178,83.23529411764706,7.941176470588235,75.29411764705883
E00102463,326,70,28,42,256,19,237,21.472392638036812,8.588957055214724,12.883435582822086,78.52760736196319,5.828220858895705,72.69938650306749
E00102464,316,70,23,47,246,21,225,22.151898734177212,7.2784810126582276,14.873417721518987,77.84810126582279,6.6455696202531636,71.20253164556962
E00102465,289,48,23,25,241,22,219,16.608996539792386,7.958477508650519,8.650519031141869,83.39100346020761,7.612456747404845,75.77854671280276
E00102466,281,49,22,27,232,22,210,17.437722419928825,7.829181494661921,9.608540925266903,82.56227758007117,7.829181494661921,74.73309608540926
E00102467,381,83,33,50,298,37,261,21.784776902887142,8.661417322834646,13.123359580052494,78.21522309711287,9.711286089238845,68.50393700787401
E00102468,150,82,44,38,68,10,58,54.666666666666664,29.333333333333332,25.333333333333336,45.33333333333333,6.666666666666667,38.666666666666664
E00102469,336,84,39,45,252,31,221,25,11.607142857142858,13.392857142857142,75,9.226190476190476,65.77380952380952
E00102470,268,75,25,50,193,24,169,27.985074626865668,9.328358208955224,18.65671641791045,72.01492537313433,8.955223880597014,63.059701492537314
E00102471,268,58,29,29,210,22,188,21.641791044776117,10.820895522388058,10.820895522388058,78.35820895522389,8.208955223880597,70.1492537313433
E00102472,285,63,28,35,222,28,194,22.105263157894736,9.824561403508772,12.280701754385964,77.89473684210526,9.824561403508772,68.0701754385965
E00102473,262,44,15,29,218,29,189,16.793893129770993,5.7251908396946565,11.068702290076336,83.20610687022901,11.068702290076336,72.13740458015268
E00102474,229,92,53,39,137,15,122,40.174672489082965,23.144104803493452,17.03056768558952,59.82532751091703,6.550218340611353,53.275109170305676
E00102475,235,62,21,41,173,22,151,26.382978723404253,8.936170212765958,17.4468085106383,73.61702127659574,9.361702127659575,64.25531914893618
E00102476,323,125,81,44,198,29,169,38.69969040247678,25.077399380804955,13.622291021671826,61.30030959752322,8.978328173374612,52.32198142414861
E00102477,410,111,61,50,299,28,271,27.073170731707318,14.878048780487804,12.195121951219512,72.92682926829268,6.829268292682928,66.09756097560975
E00102479,179,40,11,29,139,20,119,22.3463687150838,6.145251396648044,16.201117318435752,77.6536312849162,11.1731843575419,66.4804469273743
E00102480,324,76,20,56,248,28,220,23.456790123456788,6.172839506172839,17.28395061728395,76.5432098765432,8.641975308641975,67.90123456790124
E00102481,187,37,17,20,150,13,137,19.786096256684495,9.090909090909092,10.695187165775401,80.21390374331551,6.951871657754011,73.2620320855615
E00102482,117,60,36,24,57,7,50,51.28205128205128,30.76923076923077,20.51282051282051,48.717948717948715,5.982905982905983,42.73504273504273
E00102483,225,49,20,29,176,16,160,21.777777777777775,8.88888888888889,12.88888888888889,78.22222222222223,7.111111111111111,71.11111111111111
E00102484,263,67,32,35,196,13,183,25.475285171102662,12.167300380228136,13.307984790874524,74.52471482889734,4.942965779467681,69.58174904942965
E00102485,280,74,27,47,206,26,180,26.42857142857143,9.642857142857144,16.785714285714285,73.57142857142858,9.285714285714286,64.28571428571429
E00102486,314,86,33,53,228,26,202,27.388535031847134,10.509554140127388,16.878980891719745,72.61146496815286,8.280254777070063,64.3312101910828
E00102487,263,61,35,26,202,18,184,23.193916349809886,13.307984790874524,9.885931558935361,76.80608365019012,6.844106463878327,69.96197718631178
E00102488,256,50,18,32,206,32,174,19.53125,7.03125,12.5,80.46875,12.5,67.96875
E00102489,299,67,24,43,232,30,202,22.40802675585284,8.02675585284281,14.381270903010032,77.59197324414716,10.033444816053512,67.55852842809364
E00102490,326,81,42,39,245,29,216,24.846625766871167,12.883435582822086,11.96319018404908,75.15337423312883,8.895705521472392,66.25766871165644
E00102491,328,96,46,50,232,25,207,29.268292682926827,14.02439024390244,15.24390243902439,70.73170731707317,7.621951219512195,63.109756097560975
E00102492,232,61,23,38,171,18,153,26.29310344827586,9.913793103448276,16.379310344827587,73.70689655172413,7.758620689655173,65.94827586206897
E00102493,247,44,20,24,203,18,185,17.813765182186234,8.097165991902834,9.7165991902834,82.18623481781377,7.28744939271255,74.89878542510121
E00102494,272,63,28,35,209,31,178,23.161764705882355,10.294117647058822,12.867647058823529,76.83823529411765,11.397058823529411,65.44117647058823
E00102495,317,72,23,49,245,24,221,22.71293375394322,7.255520504731862,15.457413249211358,77.28706624605678,7.570977917981073,69.71608832807571
E00102496,324,71,33,38,253,22,231,21.91358024691358,10.185185185185185,11.728395061728394,78.08641975308642,6.790123456790123,71.29629629629629
E00102497,205,29,10,19,176,20,156,14.146341463414632,4.878048780487805,9.268292682926829,85.85365853658537,9.75609756097561,76.09756097560975
E00102498,375,67,28,39,308,36,272,17.866666666666667,7.466666666666668,10.4,82.13333333333334,9.6,72.53333333333333
E00102499,355,65,22,43,290,28,262,18.30985915492958,6.197183098591549,12.112676056338028,81.69014084507043,7.887323943661972,73.80281690140845
E00102500,269,52,22,30,217,24,193,19.33085501858736,8.178438661710038,11.152416356877323,80.66914498141264,8.921933085501859,71.74721189591078
E00102501,288,68,20,48,220,14,206,23.61111111111111,6.944444444444445,16.666666666666664,76.38888888888889,4.861111111111112,71.52777777777779
E00102502,255,33,14,19,222,22,200,12.941176470588237,5.490196078431373,7.450980392156863,87.05882352941177,8.627450980392156,78.43137254901961
E00102503,282,43,13,30,239,24,215,15.24822695035461,4.609929078014184,10.638297872340425,84.75177304964538,8.51063829787234,76.24113475177306
E00102504,348,47,19,28,301,28,273,13.505747126436782,5.459770114942529,8.045977011494253,86.49425287356321,8.045977011494253,78.44827586206897
E00102505,374,59,23,36,315,32,283,15.775401069518717,6.149732620320856,9.62566844919786,84.22459893048129,8.55614973262032,75.66844919786097
E00102506,276,49,22,27,227,30,197,17.753623188405797,7.971014492753622,9.782608695652174,82.2463768115942,10.869565217391305,71.37681159420289
E00102507,317,65,20,45,252,25,227,20.50473186119874,6.309148264984227,14.195583596214512,79.49526813880126,7.886435331230284,71.60883280757098
E00102508,342,75,31,44,267,19,248,21.929824561403507,9.064327485380117,12.865497076023392,78.0701754385965,5.555555555555555,72.51461988304094
E00102509,291,62,18,44,229,27,202,21.305841924398624,6.185567010309279,15.120274914089347,78.69415807560138,9.278350515463918,69.41580756013745
E00102510,369,67,23,44,302,30,272,18.157181571815716,6.233062330623306,11.924119241192411,81.84281842818429,8.130081300813007,73.71273712737127
E00102511,304,44,17,27,260,24,236,14.473684210526317,5.592105263157895,8.881578947368421,85.52631578947368,7.894736842105263,77.63157894736842
E00102512,302,73,29,44,229,17,212,24.17218543046358,9.602649006622517,14.56953642384106,75.82781456953643,5.629139072847682,70.19867549668875
E00102513,283,56,20,36,227,16,211,19.78798586572438,7.06713780918728,12.7208480565371,80.21201413427562,5.6537102473498235,74.55830388692578
E00102514,309,62,23,39,247,35,212,20.06472491909385,7.443365695792881,12.62135922330097,79.93527508090615,11.326860841423949,68.6084142394822
E00102515,270,40,19,21,230,25,205,14.814814814814813,7.037037037037037,7.777777777777778,85.18518518518519,9.25925925925926,75.92592592592592
E00102516,338,41,18,23,297,31,266,12.1301775147929,5.325443786982249,6.8047337278106506,87.86982248520711,9.171597633136095,78.69822485207101
E00102518,324,38,3,35,286,27,259,11.728395061728394,0.9259259259259258,10.802469135802468,88.27160493827161,8.333333333333332,79.93827160493827
E00102519,273,47,13,34,226,24,202,17.216117216117215,4.761904761904762,12.454212454212454,82.78388278388277,8.791208791208792,73.992673992674
E00102520,300,60,15,45,240,25,215,20,5,15,80,8.333333333333332,71.66666666666667
E00102522,263,45,20,25,218,14,204,17.110266159695815,7.604562737642586,9.505703422053232,82.88973384030417,5.323193916349809,77.56653992395437
E00102523,530,67,15,52,463,37,426,12.641509433962264,2.8301886792452833,9.811320754716983,87.35849056603774,6.981132075471698,80.37735849056604
E00102524,465,100,42,58,365,41,324,21.50537634408602,9.032258064516128,12.473118279569892,78.49462365591397,8.817204301075268,69.6774193548387
E00102525,422,89,41,48,333,23,310,21.09004739336493,9.715639810426541,11.374407582938389,78.90995260663507,5.450236966824645,73.45971563981043
E00102526,185,59,22,37,126,20,106,31.891891891891895,11.891891891891893,20,68.10810810810811,10.81081081081081,57.2972972972973
E00102527,277,37,9,28,240,31,209,13.357400722021662,3.2490974729241873,10.108303249097473,86.64259927797833,11.191335740072201,75.45126353790613
E00102528,309,49,10,39,260,25,235,15.857605177993527,3.2362459546925564,12.62135922330097,84.14239482200647,8.090614886731391,76.05177993527508
E00102529,188,36,20,16,152,13,139,19.148936170212767,10.638297872340425,8.51063829787234,80.85106382978722,6.914893617021277,73.93617021276596
E00102530,532,92,35,57,440,43,397,17.293233082706767,6.578947368421052,10.714285714285714,82.70676691729322,8.082706766917292,74.62406015037594
E00102531,349,56,17,39,293,31,262,16.045845272206304,4.871060171919771,11.174785100286533,83.95415472779369,8.882521489971348,75.07163323782235
E00102533,394,53,18,35,341,25,316,13.451776649746192,4.568527918781726,8.883248730964468,86.5482233502538,6.345177664974619,80.20304568527918
E00102534,123,25,11,14,98,11,87,20.32520325203252,8.94308943089431,11.38211382113821,79.67479674796748,8.94308943089431,70.73170731707317
E00102535,107,13,5,8,94,11,83,12.149532710280374,4.672897196261682,7.476635514018691,87.85046728971963,10.2803738317757,77.57009345794393
E00102536,360,67,20,47,293,31,262,18.61111111111111,5.555555555555555,13.055555555555557,81.38888888888889,8.61111111111111,72.77777777777777
E00102537,241,42,10,32,199,33,166,17.42738589211618,4.149377593360995,13.278008298755188,82.57261410788381,13.692946058091287,68.87966804979253
E00102538,210,41,19,22,169,13,156,19.523809523809526,9.047619047619047,10.476190476190476,80.47619047619048,6.190476190476191,74.28571428571429
E00102539,242,40,11,29,202,16,186,16.528925619834713,4.545454545454546,11.983471074380166,83.47107438016529,6.6115702479338845,76.85950413223141
E00102540,218,78,36,42,140,16,124,35.77981651376147,16.51376146788991,19.26605504587156,64.22018348623854,7.339449541284404,56.88073394495413
E00102541,278,58,23,35,220,34,186,20.863309352517987,8.273381294964029,12.589928057553957,79.13669064748201,12.23021582733813,66.90647482014388
E00102542,337,64,29,35,273,36,237,18.991097922848667,8.605341246290802,10.385756676557865,81.00890207715133,10.682492581602373,70.32640949554896
E00102543,320,64,19,45,256,41,215,20,5.9375,14.0625,80,12.812499999999998,67.1875
E00102544,275,66,28,38,209,29,180,24,10.181818181818182,13.818181818181818,76,10.545454545454545,65.45454545454545
E00102545,261,51,20,31,210,23,187,19.54022988505747,7.662835249042145,11.877394636015326,80.45977011494253,8.812260536398467,71.64750957854406
E00102546,237,38,16,22,199,13,186,16.033755274261605,6.751054852320674,9.282700421940929,83.96624472573839,5.485232067510549,78.48101265822784
E00102547,276,51,12,39,225,17,208,18.478260869565215,4.3478260869565215,14.130434782608695,81.52173913043478,6.159420289855073,75.36231884057972
E00102548,542,84,24,60,458,52,406,15.498154981549817,4.428044280442804,11.07011070110701,84.50184501845018,9.59409594095941,74.90774907749078
E00102549,276,49,16,33,227,16,211,17.753623188405797,5.797101449275362,11.956521739130435,82.2463768115942,5.797101449275362,76.44927536231883
E00102550,372,82,31,51,290,27,263,22.043010752688172,8.333333333333332,13.709677419354838,77.95698924731182,7.258064516129033,70.6989247311828
E00102551,456,92,28,64,364,41,323,20.175438596491226,6.140350877192982,14.035087719298245,79.82456140350878,8.991228070175438,70.83333333333334
E00102552,310,56,20,36,254,32,222,18.064516129032256,6.451612903225806,11.612903225806452,81.93548387096774,10.32258064516129,71.61290322580646
E00102553,454,140,74,66,314,18,296,30.837004405286343,16.299559471365637,14.537444933920703,69.16299559471366,3.9647577092511015,65.19823788546255
E00102554,244,48,13,35,196,16,180,19.672131147540984,5.327868852459016,14.344262295081966,80.32786885245902,6.557377049180328,73.77049180327869
E00102555,269,63,29,34,206,22,184,23.42007434944238,10.780669144981413,12.639405204460965,76.57992565055763,8.178438661710038,68.40148698884758
E00102556,314,70,29,41,244,19,225,22.29299363057325,9.235668789808917,13.05732484076433,77.70700636942675,6.050955414012739,71.656050955414
E00102557,318,54,19,35,264,21,243,16.9811320754717,5.9748427672955975,11.0062893081761,83.01886792452831,6.60377358490566,76.41509433962264
E00102558,302,51,17,34,251,26,225,16.887417218543046,5.629139072847682,11.258278145695364,83.11258278145695,8.609271523178808,74.50331125827815
E00102559,242,60,31,29,182,30,152,24.793388429752067,12.8099173553719,11.983471074380166,75.20661157024794,12.396694214876034,62.8099173553719
E00102560,244,65,32,33,179,22,157,26.639344262295083,13.114754098360656,13.524590163934427,73.36065573770492,9.01639344262295,64.34426229508196
E00102561,290,57,26,31,233,19,214,19.655172413793103,8.96551724137931,10.689655172413794,80.3448275862069,6.551724137931035,73.79310344827587
E00102562,249,57,17,40,192,13,179,22.89156626506024,6.827309236947792,16.06425702811245,77.10843373493977,5.220883534136546,71.8875502008032
E00102563,167,32,16,16,135,11,124,19.16167664670659,9.580838323353294,9.580838323353294,80.83832335329342,6.58682634730539,74.25149700598801
E00102564,294,64,23,41,230,30,200,21.768707482993197,7.8231292517006805,13.945578231292515,78.2312925170068,10.204081632653061,68.02721088435374
E00102565,281,53,17,36,228,16,212,18.86120996441281,6.049822064056939,12.811387900355871,81.13879003558719,5.6939501779359425,75.44483985765125
E00102566,464,67,30,37,397,20,377,14.439655172413794,6.4655172413793105,7.974137931034483,85.5603448275862,4.310344827586207,81.25
E00102567,356,54,22,32,302,27,275,15.168539325842698,6.179775280898876,8.98876404494382,84.8314606741573,7.584269662921349,77.24719101123596
E00102568,399,121,72,49,278,31,247,30.32581453634085,18.045112781954884,12.280701754385964,69.67418546365914,7.769423558897243,61.904761904761905
E00102569,281,49,20,29,232,21,211,17.437722419928825,7.11743772241993,10.320284697508896,82.56227758007117,7.473309608540925,75.08896797153025
E00102570,291,46,18,28,245,21,224,15.807560137457044,6.185567010309279,9.621993127147768,84.19243986254295,7.216494845360824,76.97594501718214
E00102571,237,51,17,34,186,22,164,21.518987341772153,7.172995780590717,14.345991561181433,78.48101265822784,9.282700421940929,69.19831223628692
E00102573,301,48,19,29,253,16,237,15.946843853820598,6.312292358803987,9.634551495016613,84.0531561461794,5.3156146179401995,78.7375415282392
E00102574,255,41,18,23,214,10,204,16.07843137254902,7.0588235294117645,9.019607843137255,83.92156862745098,3.9215686274509802,80
E00102575,292,51,11,40,241,29,212,17.465753424657535,3.767123287671233,13.698630136986301,82.53424657534246,9.931506849315069,72.6027397260274
E00102576,285,35,15,20,250,28,222,12.280701754385964,5.263157894736842,7.017543859649122,87.71929824561403,9.824561403508772,77.89473684210526
E00102577,255,34,11,23,221,22,199,13.333333333333334,4.313725490196078,9.019607843137255,86.66666666666667,8.627450980392156,78.03921568627452
E00102578,347,39,13,26,308,32,276,11.239193083573488,3.7463976945244957,7.492795389048991,88.76080691642652,9.221902017291066,79.53890489913545
E00102579,346,80,43,37,266,22,244,23.121387283236995,12.427745664739884,10.69364161849711,76.878612716763,6.358381502890173,70.52023121387283
E00102580,301,46,17,29,255,28,227,15.282392026578073,5.647840531561462,9.634551495016613,84.71760797342192,9.30232558139535,75.41528239202658
E00102581,273,73,26,47,200,28,172,26.73992673992674,9.523809523809524,17.216117216117215,73.26007326007326,10.256410256410255,63.003663003663
E00102582,422,101,51,50,321,30,291,23.933649289099527,12.085308056872037,11.848341232227488,76.06635071090048,7.109004739336493,68.95734597156398
E00102583,308,68,29,39,240,31,209,22.07792207792208,9.415584415584416,12.662337662337661,77.92207792207793,10.064935064935066,67.85714285714286
E00102584,339,106,52,54,233,23,210,31.268436578171094,15.339233038348082,15.929203539823009,68.73156342182891,6.784660766961652,61.94690265486725
E00102585,287,57,23,34,230,25,205,19.860627177700348,8.013937282229964,11.846689895470384,80.13937282229965,8.710801393728223,71.42857142857143
E00102586,278,52,21,31,226,19,207,18.705035971223023,7.553956834532374,11.151079136690647,81.29496402877699,6.83453237410072,74.46043165467626
E00102587,321,81,43,38,240,11,229,25.233644859813083,13.395638629283487,11.838006230529595,74.76635514018692,3.4267912772585665,71.33956386292834
E00102589,356,49,11,38,307,36,271,13.764044943820226,3.089887640449438,10.674157303370785,86.23595505617978,10.112359550561797,76.12359550561798
E00102590,286,49,22,27,237,24,213,17.132867132867133,7.6923076923076925,9.44055944055944,82.86713286713287,8.391608391608392,74.47552447552448
E00102591,365,62,22,40,303,29,274,16.986301369863014,6.027397260273973,10.95890410958904,83.01369863013699,7.9452054794520555,75.06849315068493
E00102592,251,45,13,32,206,25,181,17.928286852589643,5.179282868525896,12.749003984063744,82.07171314741036,9.9601593625498,72.11155378486056
E00102593,220,55,25,30,165,17,148,25,11.363636363636363,13.636363636363635,75,7.727272727272727,67.27272727272727
E00102594,281,64,26,38,217,21,196,22.77580071174377,9.252669039145907,13.523131672597867,77.22419928825623,7.473309608540925,69.7508896797153
E00102595,272,73,39,34,199,10,189,26.838235294117645,14.338235294117647,12.5,73.16176470588235,3.6764705882352944,69.48529411764706
E00102596,253,63,23,40,190,15,175,24.90118577075099,9.090909090909092,15.810276679841898,75.09881422924902,5.928853754940711,69.1699604743083
E00102598,244,44,19,25,200,16,184,18.0327868852459,7.786885245901639,10.245901639344263,81.9672131147541,6.557377049180328,75.40983606557377
E00102599,337,79,29,50,258,22,236,23.44213649851632,8.605341246290802,14.836795252225517,76.55786350148368,6.528189910979229,70.02967359050444
E00102600,247,50,28,22,197,13,184,20.242914979757085,11.336032388663968,8.906882591093117,79.75708502024291,5.263157894736842,74.49392712550608
E00102601,332,52,14,38,280,27,253,15.66265060240964,4.216867469879518,11.44578313253012,84.33734939759037,8.132530120481928,76.20481927710844
E00102602,241,46,20,26,195,18,177,19.08713692946058,8.29875518672199,10.78838174273859,80.91286307053942,7.468879668049793,73.44398340248964
E00102603,305,77,35,42,228,27,201,25.245901639344265,11.475409836065573,13.77049180327869,74.75409836065575,8.852459016393443,65.90163934426229
E00102605,316,52,19,33,264,31,233,16.455696202531644,6.012658227848101,10.443037974683545,83.54430379746836,9.81012658227848,73.73417721518987
E00102606,348,58,22,36,290,24,266,16.666666666666664,6.321839080459771,10.344827586206897,83.33333333333334,6.896551724137931,76.4367816091954
E00102607,229,69,31,38,160,22,138,30.131004366812224,13.537117903930133,16.593886462882097,69.86899563318777,9.606986899563319,60.26200873362445
E00102608,502,96,40,56,406,54,352,19.12350597609562,7.968127490039841,11.155378486055776,80.87649402390437,10.756972111553784,70.1195219123506
E00102609,396,61,14,47,335,37,298,15.404040404040403,3.535353535353535,11.868686868686869,84.59595959595958,9.343434343434344,75.25252525252525
E00102610,255,40,12,28,215,25,190,15.686274509803921,4.705882352941177,10.980392156862745,84.31372549019608,9.803921568627452,74.50980392156863
E00102611,258,38,12,26,220,25,195,14.728682170542637,4.651162790697675,10.077519379844961,85.27131782945736,9.689922480620156,75.5813953488372
E00102612,259,33,13,20,226,23,203,12.741312741312742,5.019305019305019,7.722007722007722,87.25868725868726,8.880308880308881,78.37837837837837
E00102613,262,35,10,25,227,20,207,13.358778625954198,3.816793893129771,9.541984732824428,86.64122137404581,7.633587786259542,79.00763358778626
E00102614,180,35,12,23,145,7,138,19.444444444444446,6.666666666666667,12.777777777777777,80.55555555555556,3.888888888888889,76.66666666666667
E00102615,285,46,25,21,239,26,213,16.140350877192983,8.771929824561402,7.368421052631578,83.85964912280703,9.12280701754386,74.73684210526315
E00102616,240,48,21,27,192,23,169,20,8.75,11.25,80,9.583333333333334,70.41666666666667
E00102617,258,43,18,25,215,23,192,16.666666666666664,6.976744186046512,9.689922480620156,83.33333333333334,8.914728682170542,74.4186046511628
E00102618,224,57,22,35,167,23,144,25.44642857142857,9.821428571428571,15.625,74.55357142857143,10.267857142857142,64.28571428571429
E00102619,267,32,15,17,235,18,217,11.985018726591761,5.617977528089887,6.367041198501873,88.01498127340824,6.741573033707865,81.27340823970037
E00102620,265,39,15,24,226,21,205,14.716981132075471,5.660377358490567,9.056603773584905,85.28301886792453,7.9245283018867925,77.35849056603774
E00102621,389,61,18,43,328,36,292,15.681233933161954,4.627249357326478,11.053984575835475,84.31876606683805,9.254498714652955,75.06426735218508
E00102622,345,69,25,44,276,23,253,20,7.246376811594203,12.753623188405797,80,6.666666666666667,73.33333333333333
E00102623,243,44,11,33,199,27,172,18.106995884773664,4.526748971193416,13.580246913580247,81.89300411522635,11.11111111111111,70.78189300411523
E00102624,369,85,39,46,284,23,261,23.035230352303522,10.569105691056912,12.466124661246612,76.96476964769647,6.233062330623306,70.73170731707317
E00102625,266,52,20,32,214,15,199,19.548872180451127,7.518796992481203,12.030075187969924,80.45112781954887,5.639097744360902,74.81203007518798
E00102626,317,66,29,37,251,30,221,20.82018927444795,9.14826498422713,11.67192429022082,79.17981072555204,9.46372239747634,69.71608832807571
E00102627,333,116,45,71,217,24,193,34.83483483483483,13.513513513513514,21.32132132132132,65.16516516516516,7.207207207207207,57.95795795795796
E00102628,140,23,2,21,117,9,108,16.428571428571427,1.4285714285714286,15,83.57142857142857,6.428571428571428,77.14285714285715
E00102629,165,65,31,34,100,15,85,39.39393939393939,18.787878787878785,20.606060606060606,60.60606060606061,9.090909090909092,51.515151515151516
E00102630,332,47,17,30,285,20,265,14.156626506024098,5.120481927710843,9.036144578313253,85.8433734939759,6.024096385542169,79.81927710843374
E00102631,421,97,41,56,324,28,296,23.040380047505938,9.73871733966746,13.30166270783848,76.95961995249407,6.65083135391924,70.30878859857482
E00102632,336,56,25,31,280,27,253,16.666666666666664,7.440476190476191,9.226190476190476,83.33333333333334,8.035714285714286,75.29761904761905
E00102633,248,61,25,36,187,20,167,24.596774193548388,10.080645161290322,14.516129032258066,75.40322580645162,8.064516129032258,67.33870967741935
E00102634,423,63,21,42,360,47,313,14.893617021276595,4.964539007092199,9.929078014184398,85.1063829787234,11.11111111111111,73.99527186761229
E00102635,314,55,22,33,259,26,233,17.51592356687898,7.006369426751593,10.509554140127388,82.48407643312102,8.280254777070063,74.20382165605095
E00102636,293,47,17,30,246,34,212,16.040955631399317,5.802047781569966,10.238907849829351,83.95904436860067,11.604095563139932,72.35494880546075
E00102637,286,66,24,42,220,21,199,23.076923076923077,8.391608391608392,14.685314685314685,76.92307692307693,7.3426573426573425,69.58041958041959
E00102638,341,69,25,44,272,24,248,20.234604105571847,7.331378299120235,12.903225806451612,79.76539589442815,7.038123167155426,72.72727272727273
E00102639,404,150,82,68,254,32,222,37.12871287128713,20.2970297029703,16.831683168316832,62.87128712871287,7.920792079207921,54.95049504950495
E00102640,227,58,14,44,169,17,152,25.55066079295154,6.167400881057269,19.383259911894275,74.44933920704845,7.488986784140969,66.96035242290749
E00102641,320,101,61,40,219,28,191,31.5625,19.0625,12.5,68.4375,8.75,59.68750000000001
E00102642,226,68,32,36,158,15,143,30.08849557522124,14.15929203539823,15.929203539823009,69.91150442477876,6.637168141592921,63.27433628318584
E00102643,383,63,15,48,320,33,287,16.449086161879894,3.91644908616188,12.532637075718014,83.5509138381201,8.616187989556137,74.93472584856397
E00102644,351,61,22,39,290,29,261,17.37891737891738,6.267806267806268,11.11111111111111,82.62108262108262,8.262108262108262,74.35897435897436
E00102645,319,37,10,27,282,24,258,11.598746081504702,3.1347962382445136,8.463949843260188,88.40125391849529,7.523510971786834,80.87774294670847
E00102646,255,55,30,25,200,20,180,21.568627450980394,11.76470588235294,9.803921568627452,78.43137254901961,7.8431372549019605,70.58823529411765
E00102647,288,58,17,41,230,24,206,20.13888888888889,5.902777777777778,14.23611111111111,79.86111111111111,8.333333333333332,71.52777777777779
E00102648,289,51,15,36,238,21,217,17.647058823529413,5.190311418685121,12.45674740484429,82.35294117647058,7.26643598615917,75.08650519031141
E00102649,335,57,22,35,278,24,254,17.01492537313433,6.567164179104477,10.44776119402985,82.98507462686567,7.164179104477612,75.82089552238806
E00102650,362,82,37,45,280,39,241,22.65193370165746,10.220994475138122,12.430939226519337,77.34806629834254,10.773480662983426,66.57458563535911
E00102651,261,75,24,51,186,33,153,28.735632183908045,9.195402298850574,19.54022988505747,71.26436781609196,12.643678160919542,58.620689655172406
E00102652,553,128,65,63,425,45,380,23.146473779385172,11.754068716094032,11.39240506329114,76.85352622061484,8.1374321880651,68.71609403254972
E00102653,289,67,29,38,222,31,191,23.18339100346021,10.034602076124568,13.148788927335639,76.8166089965398,10.726643598615917,66.08996539792388
E00102654,249,53,19,34,196,28,168,21.285140562248998,7.630522088353414,13.654618473895583,78.714859437751,11.244979919678714,67.46987951807229
E00102655,289,75,32,43,214,31,183,25.951557093425603,11.072664359861593,14.878892733564014,74.0484429065744,10.726643598615917,63.32179930795848
E00102656,161,55,27,28,106,7,99,34.161490683229815,16.77018633540373,17.391304347826086,65.83850931677019,4.3478260869565215,61.49068322981367
E00102657,213,47,23,24,166,15,151,22.065727699530516,10.7981220657277,11.267605633802818,77.93427230046949,7.042253521126761,70.89201877934272
E00102658,252,75,34,41,177,12,165,29.761904761904763,13.492063492063492,16.26984126984127,70.23809523809523,4.761904761904762,65.47619047619048
E00102659,325,90,44,46,235,34,201,27.692307692307693,13.538461538461538,14.153846153846153,72.3076923076923,10.461538461538462,61.846153846153854
E00102660,230,59,19,40,171,26,145,25.65217391304348,8.26086956521739,17.391304347826086,74.34782608695653,11.304347826086957,63.04347826086957
E00102661,214,81,37,44,133,14,119,37.850467289719624,17.289719626168225,20.5607476635514,62.149532710280376,6.5420560747663545,55.60747663551402
E00102662,191,49,24,25,142,9,133,25.654450261780106,12.56544502617801,13.089005235602095,74.3455497382199,4.712041884816754,69.63350785340315
E00102663,158,56,31,25,102,12,90,35.44303797468354,19.62025316455696,15.822784810126583,64.55696202531645,7.59493670886076,56.9620253164557
E00102664,269,49,20,29,220,28,192,18.21561338289963,7.434944237918216,10.780669144981413,81.78438661710037,10.408921933085502,71.37546468401487
E00102665,217,58,28,30,159,20,139,26.72811059907834,12.903225806451612,13.82488479262673,73.27188940092167,9.216589861751153,64.0552995391705
E00102666,371,92,29,63,279,33,246,24.797843665768195,7.816711590296496,16.9811320754717,75.2021563342318,8.89487870619946,66.30727762803235
E00102667,323,63,20,43,260,18,242,19.5046439628483,6.191950464396285,13.312693498452013,80.4953560371517,5.572755417956656,74.92260061919505
E00102668,302,83,43,40,219,23,196,27.483443708609272,14.23841059602649,13.245033112582782,72.51655629139073,7.6158940397351,64.90066225165563
E00102669,275,52,20,32,223,15,208,18.90909090909091,7.2727272727272725,11.636363636363637,81.0909090909091,5.454545454545454,75.63636363636364
E00102670,323,82,39,43,241,23,218,25.386996904024766,12.074303405572756,13.312693498452013,74.61300309597523,7.120743034055728,67.49226006191951
E00102671,364,80,37,43,284,13,271,21.978021978021978,10.164835164835164,11.813186813186812,78.02197802197803,3.571428571428571,74.45054945054946
E00102672,319,72,31,41,247,26,221,22.570532915360502,9.717868338557993,12.852664576802509,77.4294670846395,8.150470219435736,69.27899686520375
E00102673,275,52,17,35,223,20,203,18.90909090909091,6.181818181818182,12.727272727272727,81.0909090909091,7.2727272727272725,73.81818181818181
E00102674,282,61,23,38,221,20,201,21.631205673758867,8.156028368794328,13.47517730496454,78.36879432624113,7.092198581560284,71.27659574468085
E00102675,232,38,14,24,194,25,169,16.379310344827587,6.0344827586206895,10.344827586206897,83.62068965517241,10.775862068965516,72.84482758620689
E00102676,243,39,17,22,204,29,175,16.049382716049383,6.995884773662551,9.053497942386832,83.9506172839506,11.934156378600823,72.0164609053498
E00102677,349,58,25,33,291,19,272,16.6189111747851,7.163323782234957,9.455587392550143,83.3810888252149,5.444126074498568,77.93696275071633
E00102678,309,73,20,53,236,26,210,23.624595469255663,6.472491909385113,17.15210355987055,76.37540453074433,8.414239482200648,67.96116504854369
E00102679,272,53,24,29,219,25,194,19.485294117647058,8.823529411764707,10.661764705882353,80.51470588235294,9.191176470588236,71.32352941176471
E00102680,316,69,33,36,247,31,216,21.835443037974684,10.443037974683545,11.39240506329114,78.16455696202532,9.81012658227848,68.35443037974683
E00102681,253,40,19,21,213,22,191,15.810276679841898,7.5098814229249005,8.300395256916996,84.18972332015811,8.695652173913043,75.49407114624506
E00102682,266,63,24,39,203,20,183,23.684210526315788,9.022556390977442,14.661654135338345,76.31578947368422,7.518796992481203,68.796992481203
E00102683,323,73,31,42,250,22,228,22.60061919504644,9.597523219814242,13.003095975232199,77.39938080495357,6.811145510835913,70.58823529411765
E00102684,178,32,14,18,146,19,127,17.97752808988764,7.865168539325842,10.112359550561797,82.02247191011236,10.674157303370785,71.34831460674157
E00102685,312,50,18,32,262,26,236,16.025641025641026,5.769230769230769,10.256410256410255,83.97435897435898,8.333333333333332,75.64102564102564
E00102686,222,37,7,30,185,17,168,16.666666666666664,3.153153153153153,13.513513513513514,83.33333333333334,7.657657657657657,75.67567567567568
E00102687,332,58,16,42,274,34,240,17.46987951807229,4.819277108433735,12.650602409638553,82.53012048192771,10.240963855421686,72.28915662650603
E00102688,218,35,13,22,183,16,167,16.055045871559635,5.963302752293578,10.091743119266056,83.94495412844036,7.339449541284404,76.60550458715596
E00102689,349,71,28,43,278,28,250,20.34383954154728,8.022922636103152,12.320916905444127,79.65616045845272,8.022922636103152,71.63323782234957
E00102690,325,33,5,28,292,25,267,10.153846153846153,1.5384615384615385,8.615384615384615,89.84615384615384,7.6923076923076925,82.15384615384616
E00102691,292,52,21,31,240,20,220,17.80821917808219,7.191780821917808,10.616438356164384,82.1917808219178,6.8493150684931505,75.34246575342466
E00102692,379,56,15,41,323,29,294,14.775725593667547,3.95778364116095,10.817941952506596,85.22427440633246,7.651715039577836,77.57255936675462
E00102693,209,22,6,16,187,21,166,10.526315789473683,2.8708133971291865,7.655502392344498,89.47368421052632,10.047846889952153,79.42583732057416
E00165895,412,48,18,30,364,26,338,11.650485436893204,4.368932038834951,7.281553398058252,88.3495145631068,6.310679611650485,82.03883495145631
E00165896,289,75,36,39,214,24,190,25.951557093425603,12.45674740484429,13.494809688581316,74.0484429065744,8.304498269896193,65.7439446366782
E00165897,343,54,18,36,289,32,257,15.743440233236154,5.247813411078718,10.495626822157435,84.25655976676384,9.329446064139942,74.9271137026239
E00165898,340,35,13,22,305,39,266,10.294117647058822,3.823529411764706,6.470588235294119,89.70588235294117,11.470588235294118,78.23529411764706
E00165899,326,52,20,32,274,34,240,15.950920245398773,6.134969325153374,9.815950920245399,84.04907975460122,10.429447852760736,73.61963190184049
E00165900,769,274,94,180,495,100,395,35.63068920676203,12.22366710013004,23.407022106631988,64.36931079323797,13.003901170351106,51.36540962288687
E00165901,187,25,5,20,162,23,139,13.368983957219251,2.6737967914438503,10.695187165775401,86.63101604278076,12.299465240641712,74.33155080213903
E00165902,322,45,15,30,277,21,256,13.975155279503104,4.658385093167702,9.316770186335404,86.0248447204969,6.521739130434782,79.5031055900621
E00181101,556,87,37,50,469,44,425,15.647482014388489,6.654676258992806,8.992805755395683,84.35251798561151,7.913669064748201,76.43884892086331
E00181107,156,17,5,12,139,12,127,10.897435897435898,3.205128205128205,7.6923076923076925,89.1025641025641,7.6923076923076925,81.41025641025641
E00181108,408,61,26,35,347,28,319,14.950980392156863,6.372549019607843,8.57843137254902,85.04901960784314,6.862745098039216,78.18627450980392
E00181109,272,38,11,27,234,18,216,13.970588235294118,4.044117647058823,9.926470588235293,86.02941176470588,6.61764705882353,79.41176470588235
E00181111,331,67,25,42,264,27,237,20.241691842900302,7.552870090634441,12.688821752265861,79.7583081570997,8.157099697885197,71.6012084592145
E00181112,311,95,55,40,216,26,190,30.54662379421222,17.684887459807076,12.861736334405144,69.45337620578779,8.360128617363344,61.09324758842444
E00181113,258,48,17,31,210,21,189,18.6046511627907,6.5891472868217065,12.015503875968992,81.3953488372093,8.13953488372093,73.25581395348837
E00181116,615,81,33,48,534,49,485,13.170731707317074,5.365853658536586,7.804878048780488,86.82926829268293,7.967479674796748,78.86178861788618
E00181121,156,35,17,18,121,9,112,22.435897435897438,10.897435897435898,11.538461538461538,77.56410256410257,5.769230769230769,71.7948717948718
E00181126,472,66,21,45,406,32,374,13.983050847457626,4.4491525423728815,9.533898305084746,86.01694915254238,6.779661016949152,79.23728813559322
E00181131,268,44,14,30,224,15,209,16.417910447761194,5.223880597014925,11.194029850746269,83.5820895522388,5.597014925373134,77.98507462686567
E00181132,493,81,34,47,412,45,367,16.43002028397566,6.896551724137931,9.533468559837727,83.56997971602435,9.1277890466531435,74.4421906693712
E00181134,439,39,9,30,400,41,359,8.88382687927107,2.050113895216401,6.83371298405467,91.11617312072893,9.339407744874716,81.77676537585421
E00181136,195,56,27,29,139,22,117,28.717948717948715,13.846153846153847,14.871794871794872,71.28205128205128,11.282051282051283,60
E00181137,111,12,6,6,99,8,91,10.81081081081081,5.405405405405405,5.405405405405405,89.1891891891892,7.207207207207207,81.98198198198197
E00181138,196,24,8,16,172,20,152,12.244897959183673,4.081632653061225,8.16326530612245,87.75510204081633,10.204081632653061,77.55102040816327
E00181146,181,39,14,25,142,12,130,21.54696132596685,7.734806629834254,13.812154696132598,78.45303867403315,6.629834254143646,71.8232044198895
E00181148,485,90,35,55,395,24,371,18.556701030927837,7.216494845360824,11.34020618556701,81.44329896907216,4.948453608247423,76.49484536082474
E00181149,327,69,16,53,258,24,234,21.100917431192663,4.892966360856269,16.207951070336392,78.89908256880734,7.339449541284404,71.55963302752293
E00181150,304,63,22,41,241,29,212,20.723684210526315,7.236842105263158,13.486842105263158,79.27631578947368,9.539473684210527,69.73684210526315
E00181153,418,59,27,32,359,22,337,14.114832535885165,6.4593301435406705,7.655502392344498,85.88516746411483,5.263157894736842,80.622009569378
E00181154,240,65,27,38,175,14,161,27.083333333333332,11.25,15.833333333333332,72.91666666666666,5.833333333333333,67.08333333333333
E00181155,147,37,14,23,110,9,101,25.170068027210885,9.523809523809524,15.646258503401361,74.82993197278913,6.122448979591836,68.70748299319727
E00181162,360,47,13,34,313,28,285,13.055555555555557,3.6111111111111107,9.444444444444445,86.94444444444444,7.777777777777778,79.16666666666666
E00181169,286,49,18,31,237,15,222,17.132867132867133,6.293706293706294,10.839160839160838,82.86713286713287,5.244755244755245,77.62237762237763
E00181171,145,18,7,11,127,10,117,12.413793103448276,4.827586206896552,7.586206896551724,87.58620689655172,6.896551724137931,80.6896551724138
E00181172,150,14,5,9,136,13,123,9.333333333333334,3.3333333333333335,6,90.66666666666666,8.666666666666668,82
E00181174,317,96,37,59,221,27,194,30.28391167192429,11.67192429022082,18.61198738170347,69.71608832807571,8.517350157728707,61.198738170347
E00181178,255,18,4,14,237,25,212,7.0588235294117645,1.5686274509803921,5.490196078431373,92.94117647058823,9.803921568627452,83.13725490196079
E00181182,440,62,14,48,378,37,341,14.09090909090909,3.1818181818181817,10.909090909090908,85.9090909090909,8.409090909090908,77.5
E00181185,157,70,48,22,87,10,77,44.5859872611465,30.573248407643312,14.012738853503185,55.4140127388535,6.369426751592357,49.044585987261144
E00181187,415,84,33,51,331,43,288,20.240963855421686,7.951807228915662,12.289156626506024,79.75903614457832,10.361445783132531,69.39759036144578
E00181188,424,51,15,36,373,23,350,12.028301886792454,3.5377358490566038,8.49056603773585,87.97169811320755,5.4245283018867925,82.54716981132076
E00181191,598,75,26,49,523,47,476,12.54180602006689,4.3478260869565215,8.193979933110368,87.45819397993311,7.859531772575251,79.59866220735786
E00181192,219,30,9,21,189,21,168,13.698630136986301,4.10958904109589,9.58904109589041,86.3013698630137,9.58904109589041,76.71232876712328
