OA,ts0380001,ts0380002,ts0380003,ts0380004,ts0380005,ts0380006,ts0380007,ts0380002_PCT,ts0380003_PCT,ts0380004_PCT,ts0380005_PCT,ts0380006_PCT,ts0380007_PCT
E00120180,360,40,8,32,320,26,294,11.11111111111111,2.2222222222222223,8.88888888888889,88.88888888888889,7.222222222222221,81.66666666666667
E00120181,335,30,12,18,305,21,284,8.955223880597014,3.582089552238806,5.3731343283582085,91.04477611940298,6.26865671641791,84.77611940298507
E00120182,535,55,24,31,480,38,442,10.2803738317757,4.485981308411215,5.794392523364486,89.7196261682243,7.102803738317758,82.61682242990655
E00120183,474,55,23,32,419,32,387,11.60337552742616,4.852320675105485,6.751054852320674,88.39662447257383,6.751054852320674,81.64556962025317
E00120184,355,44,16,28,311,28,283,12.394366197183098,4.507042253521127,7.887323943661972,87.60563380281691,7.887323943661972,79.71830985915493
E00120185,317,32,14,18,285,22,263,10.094637223974763,4.416403785488959,5.678233438485805,89.90536277602523,6.940063091482649,82.96529968454259
E00120186,405,57,17,40,348,22,326,14.074074074074074,4.197530864197531,9.876543209876543,85.92592592592592,5.432098765432099,80.49382716049382
E00120187,351,42,15,27,309,24,285,11.965811965811966,4.273504273504273,7.6923076923076925,88.03418803418803,6.837606837606838,81.19658119658119
E00120188,546,54,12,42,492,49,443,9.89010989010989,2.197802197802198,7.6923076923076925,90.10989010989012,8.974358974358974,81.13553113553114
E00120189,353,25,2,23,328,30,298,7.0821529745042495,0.56657223796034,6.515580736543909,92.91784702549575,8.498583569405099,84.41926345609065
E00120190,335,40,13,27,295,22,273,11.940298507462686,3.880597014925373,8.059701492537313,88.05970149253731,6.567164179104477,81.49253731343283
E00120192,465,75,52,23,390,24,366,16.129032258064516,11.182795698924732,4.946236559139785,83.87096774193549,5.161290322580645,78.70967741935485
E00120193,368,40,11,29,328,23,305,10.869565217391305,2.989130434782609,7.880434782608696,89.13043478260869,6.25,82.88043478260869
E00120194,353,39,11,28,314,25,289,11.048158640226628,3.1161473087818696,7.932011331444759,88.95184135977338,7.0821529745042495,81.86968838526913
E00120195,338,65,31,34,273,13,260,19.230769230769234,9.171597633136095,10.059171597633137,80.76923076923077,3.8461538461538463,76.92307692307693
E00120196,372,37,10,27,335,27,308,9.946236559139784,2.6881720430107525,7.258064516129033,90.05376344086021,7.258064516129033,82.79569892473118
E00120197,369,32,11,21,337,27,310,8.672086720867208,2.9810298102981028,5.691056910569105,91.32791327913279,7.317073170731707,84.01084010840108
E00120198,331,41,13,28,290,10,280,12.386706948640484,3.927492447129909,8.459214501510575,87.61329305135952,3.0211480362537766,84.59214501510573
E00120199,201,20,4,16,181,19,162,9.950248756218906,1.9900497512437811,7.960199004975125,90.04975124378109,9.45273631840796,80.59701492537313
E00120200,368,49,15,34,319,16,303,13.31521739130435,4.076086956521739,9.239130434782608,86.68478260869566,4.3478260869565215,82.33695652173914
E00120201,345,36,12,24,309,24,285,10.434782608695652,3.4782608695652173,6.956521739130435,89.56521739130436,6.956521739130435,82.6086956521739
E00120202,529,72,28,44,457,50,407,13.610586011342155,5.293005671077505,8.31758034026465,86.38941398865785,9.45179584120983,76.93761814744802
E00120203,356,29,9,20,327,31,296,8.146067415730338,2.528089887640449,5.617977528089887,91.85393258426966,8.707865168539326,83.14606741573034
E00120204,540,52,17,35,488,42,446,9.62962962962963,3.148148148148148,6.481481481481481,90.37037037037037,7.777777777777778,82.5925925925926
E00120205,446,118,59,59,328,31,297,26.45739910313901,13.228699551569505,13.228699551569505,73.54260089686099,6.950672645739911,66.59192825112108
E00120206,528,52,21,31,476,33,443,9.848484848484848,3.977272727272727,5.871212121212121,90.15151515151516,6.25,83.90151515151516
E00120207,308,52,24,28,256,30,226,16.883116883116884,7.792207792207792,9.090909090909092,83.11688311688312,9.740259740259742,73.37662337662337
E00120208,370,77,24,53,293,22,271,20.81081081081081,6.486486486486487,14.324324324324325,79.1891891891892,5.9459459459459465,73.24324324324324
E00120209,363,52,18,34,311,17,294,14.325068870523417,4.958677685950414,9.366391184573002,85.67493112947659,4.683195592286501,80.99173553719008
E00120210,290,25,6,19,265,20,245,8.620689655172415,2.0689655172413794,6.551724137931035,91.37931034482759,6.896551724137931,84.48275862068965
E00120211,280,16,5,11,264,22,242,5.714285714285714,1.7857142857142856,3.9285714285714284,94.28571428571428,7.857142857142857,86.42857142857143
E00120212,310,55,22,33,255,23,232,17.741935483870968,7.096774193548387,10.64516129032258,82.25806451612904,7.419354838709677,74.83870967741936
E00120213,342,53,21,32,289,20,269,15.497076023391813,6.140350877192982,9.35672514619883,84.50292397660819,5.847953216374268,78.65497076023392
E00120214,293,44,22,22,249,18,231,15.017064846416384,7.508532423208192,7.508532423208192,84.98293515358361,6.143344709897611,78.839590443686
E00120215,339,58,26,32,281,20,261,17.10914454277286,7.669616519174041,9.43952802359882,82.89085545722715,5.899705014749262,76.99115044247787
E00120216,329,64,31,33,265,26,239,19.45288753799392,9.422492401215806,10.030395136778116,80.54711246200608,7.90273556231003,72.64437689969606
E00120217,371,52,23,29,319,23,296,14.016172506738545,6.199460916442049,7.816711590296496,85.98382749326146,6.199460916442049,79.78436657681941
E00120218,332,47,19,28,285,18,267,14.156626506024098,5.72289156626506,8.433734939759036,85.8433734939759,5.421686746987952,80.42168674698796
E00120219,367,72,30,42,295,25,270,19.618528610354225,8.174386920980927,11.444141689373296,80.38147138964578,6.811989100817439,73.56948228882834
E00120220,327,47,20,27,280,30,250,14.37308868501529,6.116207951070336,8.256880733944955,85.62691131498471,9.174311926605505,76.45259938837921
E00120221,324,45,11,34,279,24,255,13.88888888888889,3.3950617283950617,10.493827160493826,86.11111111111111,7.4074074074074066,78.70370370370371
E00120222,399,83,42,41,316,28,288,20.80200501253133,10.526315789473683,10.275689223057643,79.19799498746866,7.017543859649122,72.18045112781954
E00120224,388,44,17,27,344,38,306,11.34020618556701,4.381443298969072,6.958762886597938,88.65979381443299,9.793814432989691,78.8659793814433
E00120225,334,35,6,29,299,35,264,10.479041916167663,1.7964071856287425,8.682634730538922,89.52095808383234,10.479041916167663,79.04191616766467
E00120226,287,22,8,14,265,23,242,7.665505226480835,2.7874564459930316,4.878048780487805,92.33449477351915,8.013937282229964,84.3205574912892
E00120227,334,44,21,23,290,29,261,13.17365269461078,6.287425149700598,6.88622754491018,86.82634730538922,8.682634730538922,78.1437125748503
E00120228,388,40,13,27,348,29,319,10.309278350515463,3.350515463917526,6.958762886597938,89.69072164948454,7.474226804123711,82.21649484536083
E00120229,368,35,3,32,333,30,303,9.510869565217392,0.8152173913043478,8.695652173913043,90.48913043478261,8.152173913043478,82.33695652173914
E00120231,344,38,17,21,306,25,281,11.046511627906977,4.941860465116279,6.104651162790697,88.95348837209302,7.267441860465117,81.68604651162791
E00120232,314,43,16,27,271,20,251,13.694267515923567,5.095541401273886,8.598726114649681,86.30573248407643,6.369426751592357,79.93630573248409
E00120233,390,46,18,28,344,26,318,11.794871794871794,4.615384615384616,7.179487179487179,88.2051282051282,6.666666666666667,81.53846153846153
E00120234,450,35,11,24,415,35,380,7.777777777777778,2.4444444444444446,5.333333333333334,92.22222222222223,7.777777777777778,84.44444444444444
E00120235,429,45,11,34,384,24,360,10.48951048951049,2.564102564102564,7.925407925407925,89.5104895104895,5.594405594405594,83.91608391608392
E00120236,376,30,7,23,346,23,323,7.9787234042553195,1.8617021276595744,6.117021276595745,92.02127659574468,6.117021276595745,85.90425531914893
E00120237,345,29,4,25,316,22,294,8.405797101449275,1.1594202898550725,7.246376811594203,91.59420289855072,6.3768115942028984,85.21739130434783
E00120238,276,42,13,29,234,30,204,15.217391304347828,4.710144927536232,10.507246376811594,84.78260869565217,10.869565217391305,73.91304347826086
E00120239,336,41,10,31,295,32,263,12.202380952380953,2.976190476190476,9.226190476190476,87.79761904761905,9.523809523809524,78.27380952380952
E00120240,351,37,5,32,314,28,286,10.541310541310542,1.4245014245014245,9.116809116809117,89.45868945868945,7.977207977207977,81.48148148148148
E00120241,311,33,8,25,278,26,252,10.610932475884244,2.572347266881029,8.038585209003216,89.38906752411575,8.360128617363344,81.02893890675242
E00120242,295,53,24,29,242,20,222,17.966101694915253,8.135593220338983,9.830508474576272,82.03389830508473,6.779661016949152,75.2542372881356
E00120243,394,30,9,21,364,31,333,7.614213197969544,2.284263959390863,5.32994923857868,92.38578680203045,7.868020304568528,84.51776649746193
E00120244,222,28,10,18,194,26,168,12.612612612612612,4.504504504504505,8.108108108108109,87.38738738738738,11.711711711711711,75.67567567567568
E00120245,355,61,13,48,294,18,276,17.183098591549296,3.6619718309859155,13.521126760563378,82.8169014084507,5.070422535211268,77.74647887323944
E00120247,389,64,36,28,325,33,292,16.452442159383033,9.254498714652955,7.197943444730077,83.54755784061697,8.483290488431876,75.06426735218508
E00120248,257,42,20,22,215,19,196,16.342412451361866,7.782101167315175,8.560311284046692,83.65758754863813,7.392996108949417,76.26459143968872
E00120249,300,60,23,37,240,19,221,20,7.666666666666666,12.333333333333334,80,6.333333333333334,73.66666666666667
E00120250,298,43,22,21,255,20,235,14.429530201342283,7.38255033557047,7.046979865771812,85.57046979865773,6.7114093959731544,78.85906040268456
E00120251,266,55,28,27,211,14,197,20.676691729323306,10.526315789473683,10.150375939849624,79.32330827067669,5.263157894736842,74.06015037593986
E00120252,507,54,18,36,453,28,425,10.650887573964498,3.5502958579881656,7.100591715976331,89.3491124260355,5.522682445759369,83.82642998027613
E00120253,328,55,30,25,273,12,261,16.76829268292683,9.146341463414634,7.621951219512195,83.23170731707317,3.6585365853658534,79.57317073170732
E00120254,278,21,8,13,257,20,237,7.553956834532374,2.877697841726619,4.676258992805756,92.44604316546763,7.1942446043165464,85.25179856115108
E00120255,262,34,15,19,228,21,207,12.977099236641221,5.7251908396946565,7.251908396946565,87.02290076335878,8.015267175572518,79.00763358778626
E00120256,508,65,24,41,443,49,394,12.795275590551181,4.724409448818897,8.070866141732283,87.20472440944881,9.645669291338582,77.55905511811024
E00120257,479,88,49,39,391,36,355,18.37160751565762,10.22964509394572,8.1419624217119,81.62839248434238,7.515657620041753,74.11273486430062
E00120258,382,68,26,42,314,29,285,17.801047120418847,6.806282722513089,10.99476439790576,82.19895287958116,7.591623036649215,74.60732984293193
E00120259,392,54,25,29,338,29,309,13.77551020408163,6.377551020408164,7.3979591836734695,86.22448979591837,7.3979591836734695,78.8265306122449
E00120260,343,55,17,38,288,23,265,16.034985422740526,4.956268221574344,11.078717201166182,83.96501457725948,6.705539358600583,77.25947521865889
E00120261,333,44,16,28,289,27,262,13.213213213213212,4.804804804804805,8.408408408408409,86.78678678678679,8.108108108108109,78.67867867867868
E00120262,351,44,21,23,307,23,284,12.535612535612536,5.982905982905983,6.552706552706552,87.46438746438746,6.552706552706552,80.91168091168092
E00120263,335,65,29,36,270,17,253,19.402985074626866,8.656716417910449,10.746268656716417,80.59701492537313,5.074626865671641,75.5223880597015
E00120264,356,32,8,24,324,25,299,8.98876404494382,2.247191011235955,6.741573033707865,91.01123595505618,7.02247191011236,83.98876404494382
E00120265,305,66,38,28,239,15,224,21.639344262295083,12.459016393442624,9.180327868852459,78.36065573770492,4.918032786885246,73.44262295081967
E00120266,313,71,32,39,242,20,222,22.683706070287542,10.223642172523961,12.460063897763577,77.31629392971246,6.3897763578274756,70.92651757188499
E00120267,465,53,19,34,412,30,382,11.397849462365592,4.086021505376344,7.311827956989248,88.6021505376344,6.451612903225806,82.15053763440861
E00120268,226,34,13,21,192,10,182,15.04424778761062,5.752212389380531,9.29203539823009,84.95575221238938,4.424778761061947,80.53097345132744
E00120269,442,74,32,42,368,29,339,16.7420814479638,7.239819004524888,9.502262443438914,83.2579185520362,6.561085972850679,76.696832579185525
E00120270,342,47,11,36,295,21,274,13.742690058479532,3.216374269005848,10.526315789473683,86.25730994152046,6.140350877192982,80.11695906432749
E00120271,307,47,11,36,260,15,245,15.309446254071663,3.5830618892508146,11.726384364820847,84.69055374592834,4.88599348534202,79.80456026058633
E00120272,309,48,16,32,261,23,238,15.53398058252427,5.177993527508091,10.355987055016183,84.46601941747572,7.443365695792881,77.02265372168284
E00120273,274,54,23,31,220,18,202,19.708029197080293,8.394160583941606,11.313868613138686,80.2919708029197,6.569343065693431,73.72262773722628
E00120274,388,58,28,30,330,35,295,14.948453608247423,7.216494845360824,7.731958762886598,85.05154639175258,9.02061855670103,76.03092783505154
E00120275,332,66,30,36,266,13,253,19.879518072289155,9.036144578313253,10.843373493975903,80.12048192771084,3.91566265060241,76.20481927710844
E00120276,320,33,14,19,287,30,257,10.3125,4.375,5.9375,89.6875,9.375,80.3125
E00120277,307,48,25,23,259,14,245,15.63517915309446,8.143322475570033,7.491856677524431,84.36482084690554,4.5602605863192185,79.80456026058633
E00120278,311,32,9,23,279,21,258,10.289389067524116,2.8938906752411575,7.395498392282958,89.71061093247589,6.752411575562702,82.95819935691318
E00120279,322,40,12,28,282,22,260,12.422360248447205,3.7267080745341614,8.695652173913043,87.5776397515528,6.832298136645963,80.74534161490683
E00120280,221,28,5,23,193,14,179,12.669683257918551,2.262443438914027,10.407239819004525,87.33031674208145,6.334841628959276,80.99547511312217
E00120281,331,41,15,26,290,20,270,12.386706948640484,4.531722054380665,7.854984894259818,87.61329305135952,6.042296072507553,81.57099697885197
E00120282,449,44,10,34,405,31,374,9.799554565701559,2.2271714922048997,7.57238307349666,90.20044543429844,6.904231625835189,83.29621380846325
E00120283,434,40,10,30,394,29,365,9.216589861751153,2.3041474654377883,6.912442396313365,90.78341013824884,6.682027649769585,84.10138248847926
E00120284,278,44,16,28,234,20,214,15.827338129496402,5.755395683453238,10.071942446043165,84.17266187050359,7.1942446043165464,76.97841726618705
E00120285,328,36,13,23,292,32,260,10.975609756097562,3.9634146341463414,7.01219512195122,89.02439024390245,9.75609756097561,79.26829268292683
E00120286,390,38,8,30,352,35,317,9.7435897435897445,2.051282051282051,7.6923076923076925,90.25641025641026,8.974358974358974,81.28205128205128
E00120287,382,40,10,30,342,36,306,10.471204188481675,2.6178010471204187,7.853403141361256,89.52879581151832,9.424083769633508,80.10471204188482
E00120288,358,35,13,22,323,22,301,9.776536312849162,3.6312849162011176,6.145251396648044,90.22346368715084,6.145251396648044,84.07821229050279
E00120289,411,25,8,17,386,28,358,6.082725060827251,1.9464720194647203,4.13625304136253,93.91727493917274,6.81265206812652,87.10462287104623
E00120290,277,40,14,26,237,23,214,14.440433212996389,5.054151624548736,9.386281588447654,85.5595667870036,8.303249097472925,77.25631768953069
E00120291,363,28,6,22,335,23,312,7.7134986225895315,1.6528925619834711,6.0606060606060606,92.28650137741047,6.336088154269973,85.9504132231405
E00120292,353,38,6,32,315,33,282,10.764872521246458,1.69971671388102,9.06515580736544,89.23512747875354,9.34844192634561,79.88668555240793
E00120293,294,41,13,28,253,12,241,13.945578231292515,4.421768707482993,9.523809523809524,86.05442176870748,4.081632653061225,81.97278911564626
E00120294,444,85,57,28,359,45,314,19.144144144144143,12.837837837837837,6.306306306306306,80.85585585585585,10.135135135135135,70.72072072072072
E00120295,333,50,14,36,283,30,253,15.015015015015015,4.2042042042042045,10.81081081081081,84.98498498498499,9.00900900900901,75.97597597597597
E00120296,304,55,30,25,249,25,224,18.092105263157894,9.868421052631579,8.223684210526317,81.9078947368421,8.223684210526317,73.68421052631578
E00120297,312,73,37,36,239,25,214,23.397435897435898,11.858974358974358,11.538461538461538,76.6025641025641,8.012820512820513,68.58974358974359
E00120298,258,39,17,22,219,13,206,15.11627906976744,6.5891472868217065,8.527131782945736,84.88372093023256,5.038759689922481,79.84496124031007
E00120299,309,47,19,28,262,20,242,15.210355987055015,6.148867313915858,9.06148867313916,84.78964401294499,6.472491909385113,78.31715210355988
E00120300,390,38,13,25,352,24,328,9.7435897435897445,3.3333333333333335,6.41025641025641,90.25641025641026,6.153846153846154,84.1025641025641
E00120301,348,51,18,33,297,24,273,14.655172413793101,5.172413793103448,9.482758620689655,85.34482758620689,6.896551724137931,78.44827586206897
E00120302,306,49,18,31,257,24,233,16.013071895424837,5.88235294117647,10.130718954248366,83.98692810457517,7.8431372549019605,76.1437908496732
E00120303,386,48,15,33,338,25,313,12.435233160621761,3.8860103626943006,8.549222797927461,87.56476683937824,6.476683937823833,81.0880829015544
E00120304,273,52,19,33,221,17,204,19.047619047619047,6.95970695970696,12.087912087912088,80.95238095238095,6.227106227106227,74.72527472527473
E00120305,293,36,13,23,257,26,231,12.286689419795222,4.436860068259386,7.849829351535837,87.71331058020478,8.873720136518772,78.839590443686
E00120307,345,50,18,32,295,28,267,14.492753623188406,5.217391304347826,9.27536231884058,85.5072463768116,8.115942028985506,77.39130434782608
E00120308,343,38,10,28,305,33,272,11.078717201166182,2.9154518950437316,8.16326530612245,88.92128279883383,9.620991253644315,79.30029154518951
E00120309,311,34,10,24,277,24,253,10.932475884244374,3.215434083601286,7.717041800643088,89.06752411575563,7.717041800643088,81.35048231511254
E00120310,348,27,4,23,321,32,289,7.758620689655173,1.1494252873563218,6.609195402298851,92.24137931034483,9.195402298850574,83.04597701149426
E00120311,336,37,9,28,299,24,275,11.011904761904761,2.6785714285714284,8.333333333333332,88.98809523809523,7.142857142857142,81.84523809523809
E00120312,352,48,11,37,304,33,271,13.636363636363635,3.125,10.511363636363637,86.36363636363636,9.375,76.98863636363636
E00120313,306,38,17,21,268,22,246,12.418300653594772,5.555555555555555,6.862745098039216,87.58169934640523,7.18954248366013,80.3921568627451
E00120314,343,30,4,26,313,26,287,8.746355685131196,1.1661807580174928,7.580174927113703,91.25364431486881,7.580174927113703,83.6734693877551
E00120315,339,57,25,32,282,24,258,16.8141592920354,7.374631268436578,9.43952802359882,83.1858407079646,7.079646017699115,76.10619469026548
E00120316,355,41,12,29,314,29,285,11.549295774647888,3.3802816901408446,8.169014084507042,88.45070422535211,8.169014084507042,80.28169014084507
E00120317,359,29,12,17,330,28,302,8.07799442896936,3.3426183844011144,4.735376044568245,91.92200557103064,7.7994428969359335,84.12256267409471
E00120318,293,38,11,27,255,21,234,12.969283276450511,3.754266211604096,9.215017064846416,87.03071672354949,7.167235494880546,79.86348122866895
E00120319,369,28,6,22,341,21,320,7.588075880758807,1.6260162601626018,5.9620596205962055,92.41192411924119,5.691056910569105,86.72086720867209
E00120320,349,28,9,19,321,30,291,8.022922636103152,2.5787965616045847,5.444126074498568,91.97707736389685,8.595988538681947,83.3810888252149
E00120321,492,52,21,31,440,29,411,10.569105691056912,4.2682926829268295,6.300813008130081,89.43089430894308,5.894308943089431,83.53658536585365
E00120322,446,37,12,25,409,31,378,8.295964125560538,2.690582959641256,5.605381165919283,91.70403587443946,6.950672645739911,84.75336322869956
E00120323,428,44,12,32,384,23,361,10.2803738317757,2.803738317757009,7.476635514018691,89.7196261682243,5.373831775700935,84.34579439252336
E00120324,286,35,12,23,251,19,232,12.237762237762238,4.195804195804196,8.041958041958042,87.76223776223776,6.643356643356643,81.11888111888112
E00120325,315,20,3,17,295,27,268,6.349206349206349,0.9523809523809524,5.396825396825397,93.65079365079364,8.571428571428571,85.07936507936508
E00120326,334,32,8,24,302,31,271,9.580838323353294,2.3952095808383236,7.18562874251497,90.41916167664671,9.281437125748502,81.1377245508982
E00120327,308,50,21,29,258,20,238,16.233766233766232,6.8181818181818175,9.415584415584416,83.76623376623377,6.493506493506493,77.27272727272727
E00120328,352,43,13,30,309,39,270,12.215909090909092,3.6931818181818183,8.522727272727272,87.7840909090909,11.079545454545455,76.70454545454545
E00120329,329,34,9,25,295,23,272,10.33434650455927,2.735562310030395,7.598784194528875,89.66565349544074,6.990881458966565,82.67477203647417
E00120330,331,28,8,20,303,26,277,8.459214501510575,2.416918429003021,6.042296072507553,91.54078549848943,7.854984894259818,83.68580060422961
E00120331,328,44,12,32,284,27,257,13.414634146341465,3.6585365853658534,9.75609756097561,86.58536585365853,8.231707317073171,78.35365853658537
E00120332,352,43,13,30,309,24,285,12.215909090909092,3.6931818181818183,8.522727272727272,87.7840909090909,6.8181818181818175,80.9659090909091
E00120333,320,37,11,26,283,23,260,11.5625,3.4375000000000004,8.125,88.4375,7.187499999999999,81.25
E00120334,335,35,9,26,300,19,281,10.44776119402985,2.6865671641791042,7.761194029850746,89.55223880597015,5.6716417910447765,83.88059701492537
E00120335,269,21,8,13,248,16,232,7.806691449814126,2.973977695167286,4.83271375464684,92.19330855018588,5.947955390334572,86.2453531598513
E00120336,322,27,11,16,295,25,270,8.385093167701864,3.4161490683229814,4.968944099378882,91.61490683229813,7.763975155279502,83.85093167701864
E00120337,332,37,10,27,295,24,271,11.144578313253012,3.0120481927710845,8.132530120481928,88.85542168674698,7.228915662650602,81.62650602409639
E00120338,344,35,8,27,309,28,281,10.174418604651162,2.3255813953488373,7.848837209302325,89.82558139534885,8.13953488372093,81.68604651162791
E00120339,297,43,14,29,254,24,230,14.47811447811448,4.713804713804714,9.764309764309765,85.52188552188552,8.080808080808081,77.44107744107744
E00120340,298,30,10,20,268,46,222,10.06711409395973,3.3557046979865772,6.7114093959731544,89.93288590604027,15.436241610738255,74.49664429530202
E00120341,436,33,8,25,403,24,379,7.568807339449542,1.834862385321101,5.73394495412844,92.43119266055045,5.5045871559633035,86.92660550458714
E00120342,348,36,12,24,312,33,279,10.344827586206897,3.4482758620689653,6.896551724137931,89.65517241379311,9.482758620689655,80.17241379310344
E00120343,288,33,9,24,255,23,232,11.458333333333332,3.125,8.333333333333332,88.54166666666666,7.986111111111111,80.55555555555556
E00120344,347,37,9,28,310,27,283,10.662824207492795,2.5936599423631126,8.069164265129682,89.33717579250721,7.780979827089338,81.55619596541787
E00120345,376,39,17,22,337,31,306,10.372340425531915,4.521276595744681,5.851063829787234,89.62765957446808,8.24468085106383,81.38297872340425
E00120346,374,44,16,28,330,29,301,11.76470588235294,4.27807486631016,7.4866310160427805,88.23529411764706,7.754010695187167,80.4812834224599
E00120347,351,28,10,18,323,23,300,7.977207977207977,2.849002849002849,5.128205128205128,92.02279202279202,6.552706552706552,85.47008547008546
E00120348,310,59,23,36,251,24,227,19.032258064516128,7.419354838709677,11.612903225806452,80.96774193548387,7.741935483870968,73.22580645161291
E00120349,344,33,15,18,311,24,287,9.593023255813954,4.3604651162790695,5.232558139534884,90.40697674418605,6.976744186046512,83.43023255813954
E00120350,416,39,8,31,377,39,338,9.375,1.9230769230769231,7.451923076923077,90.625,9.375,81.25
E00120351,285,24,7,17,261,26,235,8.421052631578947,2.456140350877193,5.964912280701754,91.57894736842105,9.12280701754386,82.45614035087719
E00120352,272,39,10,29,233,21,212,14.338235294117647,3.6764705882352944,10.661764705882353,85.66176470588235,7.720588235294118,77.94117647058823
E00120353,248,28,12,16,220,16,204,11.29032258064516,4.838709677419355,6.451612903225806,88.70967741935483,6.451612903225806,82.25806451612904
E00120354,359,38,13,25,321,22,299,10.584958217270195,3.6211699164345403,6.963788300835655,89.41504178272982,6.128133704735376,83.28690807799443
E00120355,336,32,0,32,304,29,275,9.523809523809524,0,9.523809523809524,90.47619047619048,8.630952380952381,81.84523809523809
E00120356,396,36,9,27,360,32,328,9.090909090909092,2.272727272727273,6.8181818181818175,90.9090909090909,8.080808080808081,82.82828282828282
E00120357,308,23,8,15,285,36,249,7.467532467532467,2.5974025974025974,4.870129870129871,92.53246753246754,11.688311688311687,80.84415584415584
E00120358,343,23,6,17,320,19,301,6.705539358600583,1.749271137026239,4.956268221574344,93.29446064139941,5.539358600583091,87.75510204081633
E00120359,411,43,14,29,368,34,334,10.46228710462287,3.40632603406326,7.0559610705596105,89.53771289537713,8.27250608272506,81.26520681265207
E00120360,366,37,8,29,329,39,290,10.10928961748634,2.185792349726776,7.923497267759563,89.89071038251366,10.655737704918032,79.23497267759562
E00120361,388,42,12,30,346,39,307,10.824742268041238,3.0927835051546393,7.731958762886598,89.17525773195877,10.051546391752577,79.12371134020619
E00120362,251,43,22,21,208,14,194,17.131474103585656,8.764940239043826,8.366533864541832,82.86852589641434,5.577689243027888,77.29083665338645
E00120363,386,25,6,19,361,21,340,6.476683937823833,1.5544041450777202,4.922279792746114,93.52331606217616,5.4404145077720205,88.08290155440415
E00120364,303,34,10,24,269,21,248,11.221122112211221,3.3003300330033,7.920792079207921,88.77887788778878,6.9306930693069315,81.84818481848185
E00120365,344,31,12,19,313,21,292,9.011627906976743,3.488372093023256,5.523255813953488,90.98837209302324,6.104651162790697,84.88372093023256
E00120366,261,53,26,27,208,22,186,20.306513409961685,9.961685823754788,10.344827586206897,79.6934865900383,8.42911877394636,71.26436781609196
E00120367,315,25,8,17,290,18,272,7.936507936507936,2.5396825396825395,5.396825396825397,92.06349206349206,5.714285714285714,86.34920634920636
E00120368,353,67,30,37,286,25,261,18.980169971671387,8.498583569405099,10.48158640226629,81.01983002832861,7.0821529745042495,73.93767705382436
E00120369,289,33,11,22,256,27,229,11.418685121107266,3.8062283737024223,7.612456747404845,88.58131487889274,9.342560553633218,79.23875432525952
E00120370,246,50,18,32,196,19,177,20.32520325203252,7.317073170731707,13.008130081300814,79.67479674796748,7.723577235772358,71.95121951219512
E00120371,298,35,14,21,263,24,239,11.74496644295302,4.697986577181208,7.046979865771812,88.25503355704699,8.053691275167784,80.20134228187919
E00120372,352,55,19,36,297,27,270,15.625,5.3977272727272725,10.227272727272728,84.375,7.670454545454546,76.70454545454545
E00120373,251,37,15,22,214,16,198,14.741035856573706,5.9760956175298805,8.764940239043826,85.2589641434263,6.374501992031872,78.88446215139442
E00120374,262,44,15,29,218,19,199,16.793893129770993,5.7251908396946565,11.068702290076336,83.20610687022901,7.251908396946565,75.95419847328245
E00120375,323,52,24,28,271,17,254,16.09907120743034,7.430340557275541,8.6687306501548,83.90092879256966,5.263157894736842,78.63777089783281
E00120376,373,48,14,34,325,24,301,12.868632707774799,3.753351206434316,9.115281501340483,87.1313672922252,6.434316353887399,80.6970509383378
E00120378,281,38,10,28,243,20,223,13.523131672597867,3.558718861209965,9.9644128113879,86.47686832740213,7.11743772241993,79.35943060498221
E00120379,351,60,22,38,291,36,255,17.094017094017094,6.267806267806268,10.826210826210826,82.90598290598291,10.256410256410255,72.64957264957265
E00120380,216,20,6,14,196,17,179,9.25925925925926,2.7777777777777777,6.481481481481481,90.74074074074075,7.87037037037037,82.87037037037037
E00120381,289,29,6,23,260,21,239,10.034602076124568,2.0761245674740483,7.958477508650519,89.96539792387543,7.26643598615917,82.69896193771626
E00120382,251,32,15,17,219,23,196,12.749003984063744,5.9760956175298805,6.772908366533864,87.25099601593625,9.163346613545817,78.08764940239044
E00120383,374,64,24,40,310,15,295,17.11229946524064,6.417112299465241,10.695187165775401,82.88770053475936,4.0106951871657754,78.87700534759358
E00120384,413,71,39,32,342,17,325,17.191283292978206,9.443099273607748,7.74818401937046,82.80871670702179,4.116222760290557,78.69249394673123
E00120385,299,46,25,21,253,16,237,15.384615384615385,8.361204013377927,7.023411371237458,84.61538461538461,5.351170568561873,79.26421404682274
E00120386,333,58,27,31,275,19,256,17.417417417417415,8.108108108108109,9.30930930930931,82.58258258258259,5.7057057057057055,76.87687687687688
E00120387,372,58,22,36,314,25,289,15.591397849462366,5.913978494623656,9.67741935483871,84.40860215053763,6.720430107526881,77.68817204301075
E00120388,340,40,13,27,300,32,268,11.76470588235294,3.823529411764706,7.941176470588235,88.23529411764706,9.411764705882353,78.82352941176471
E00120389,378,57,19,38,321,21,300,15.079365079365079,5.026455026455026,10.052910052910052,84.92063492063492,5.555555555555555,79.36507936507937
E00120390,347,48,22,26,299,20,279,13.8328530259366,6.340057636887608,7.492795389048991,86.1671469740634,5.763688760806916,80.403458213256485
E00120391,376,63,22,41,313,14,299,16.75531914893617,5.851063829787234,10.904255319148938,83.24468085106383,3.723404255319149,79.52127659574468
E00120392,405,80,31,49,325,23,302,19.753086419753085,7.654320987654321,12.098765432098766,80.24691358024691,5.679012345679013,74.5679012345679
E00120393,286,47,17,30,239,21,218,16.433566433566433,5.944055944055944,10.48951048951049,83.56643356643356,7.3426573426573425,76.22377622377621
E00120394,426,44,13,31,382,38,344,10.328638497652582,3.051643192488263,7.276995305164319,89.67136150234741,8.92018779342723,80.75117370892019
E00120395,355,45,12,33,310,25,285,12.676056338028168,3.3802816901408446,9.295774647887324,87.32394366197182,7.042253521126761,80.28169014084507
E00120396,321,48,13,35,273,15,258,14.953271028037381,4.049844236760125,10.903426791277258,85.04672897196261,4.672897196261682,80.37383177570094
E00120397,337,47,15,32,290,21,269,13.94658753709199,4.451038575667656,9.495548961424333,86.05341246290801,6.231454005934718,79.82195845697329
E00120398,244,46,18,28,198,14,184,18.852459016393443,7.377049180327869,11.475409836065573,81.14754098360656,5.737704918032787,75.40983606557377
E00120399,263,34,11,23,229,25,204,12.927756653992395,4.182509505703422,8.745247148288973,87.07224334600761,9.505703422053232,77.56653992395437
E00120400,374,47,8,39,327,32,295,12.566844919786096,2.13903743315508,10.427807486631016,87.43315508021391,8.55614973262032,78.87700534759358
E00120401,365,54,15,39,311,26,285,14.794520547945206,4.10958904109589,10.684931506849315,85.2054794520548,7.123287671232877,78.08219178082192
E00120402,214,29,10,19,185,19,166,13.551401869158877,4.672897196261682,8.878504672897195,86.44859813084112,8.878504672897195,77.57009345794393
E00120403,338,30,6,24,308,37,271,8.875739644970414,1.7751479289940828,7.100591715976331,91.12426035502959,10.946745562130179,80.1775147928994
E00120404,450,39,9,30,411,34,377,8.666666666666668,2,6.666666666666667,91.33333333333333,7.555555555555555,83.77777777777777
E00120405,348,55,18,37,293,25,268,15.804597701149426,5.172413793103448,10.632183908045976,84.19540229885058,7.183908045977011,77.01149425287356
E00120406,313,48,18,30,265,14,251,15.335463258785943,5.7507987220447285,9.584664536741213,84.66453674121406,4.472843450479233,80.19169329073482
E00120407,360,48,12,36,312,24,288,13.333333333333334,3.3333333333333335,10,86.66666666666667,6.666666666666667,80
E00120408,344,35,7,28,309,25,284,10.174418604651162,2.0348837209302326,8.13953488372093,89.82558139534885,7.267441860465117,82.55813953488372
E00120410,246,45,17,28,201,18,183,18.29268292682927,6.910569105691057,11.38211382113821,81.70731707317073,7.317073170731707,74.39024390243902
E00120411,252,35,9,26,217,19,198,13.88888888888889,3.571428571428571,10.317460317460316,86.11111111111111,7.5396825396825395,78.57142857142857
E00120412,286,17,5,12,269,23,246,5.944055944055944,1.7482517482517483,4.195804195804196,94.05594405594405,8.041958041958042,86.01398601398601
E00120413,334,53,13,40,281,32,249,15.868263473053892,3.8922155688622757,11.976047904191617,84.13173652694611,9.580838323353294,74.55089820359282
E00120414,153,40,14,26,113,15,98,26.143790849673206,9.15032679738562,16.99346405228758,73.8562091503268,9.803921568627452,64.05228758169935
E00120415,376,24,7,17,352,21,331,6.382978723404255,1.8617021276595744,4.521276595744681,93.61702127659575,5.585106382978723,88.03191489361703
E00120416,384,44,13,31,340,32,308,11.458333333333332,3.3854166666666665,8.072916666666668,88.54166666666666,8.333333333333332,80.20833333333334
E00120417,423,36,16,20,387,37,350,8.51063829787234,3.7825059101654848,4.7281323877068555,91.48936170212765,8.747044917257684,82.74231678486997
E00120418,410,27,9,18,383,39,344,6.585365853658537,2.195121951219512,4.390243902439024,93.41463414634147,9.512195121951219,83.90243902439025
E00120419,322,32,6,26,290,19,271,9.937888198757763,1.8633540372670807,8.074534161490684,90.06211180124224,5.900621118012422,84.16149068322981
E00120420,533,58,20,38,475,39,436,10.881801125703564,3.75234521575985,7.129455909943714,89.11819887429644,7.317073170731707,81.80112570356472
E00120421,275,44,17,27,231,23,208,16,6.181818181818182,9.818181818181818,84,8.363636363636363,75.63636363636364
E00120422,388,51,9,42,337,31,306,13.144329896907218,2.3195876288659796,10.824742268041238,86.85567010309279,7.989690721649484,78.8659793814433
E00120423,449,39,17,22,410,30,380,8.68596881959911,3.78619153674833,4.8997772828507795,91.31403118040089,6.6815144766147,84.63251670378618
E00120424,417,51,20,31,366,27,339,12.23021582733813,4.796163069544365,7.434052757793765,87.76978417266187,6.474820143884892,81.29496402877699
E00120425,388,32,11,21,356,31,325,8.24742268041237,2.8350515463917527,5.412371134020619,91.75257731958763,7.989690721649484,83.76288659793815
E00120426,424,47,22,25,377,34,343,11.084905660377359,5.188679245283019,5.89622641509434,88.91509433962264,8.018867924528301,80.89622641509435
E00120427,389,39,8,31,350,36,314,10.025706940874036,2.056555269922879,7.969151670951156,89.97429305912597,9.254498714652955,80.719794344473
E00120428,303,35,13,22,268,24,244,11.55115511551155,4.29042904290429,7.2607260726072615,88.44884488448845,7.920792079207921,80.52805280528052
E00120429,363,31,11,20,332,33,299,8.539944903581267,3.0303030303030303,5.5096418732782375,91.46005509641874,9.090909090909092,82.36914600550963
E00120430,297,29,9,20,268,19,249,9.764309764309765,3.0303030303030303,6.7340067340067336,90.23569023569024,6.397306397306397,83.83838383838383
E00120431,374,30,9,21,344,21,323,8.0213903743315509,2.406417112299465,5.614973262032086,91.97860962566845,5.614973262032086,86.36363636363636
E00120432,376,45,19,26,331,21,310,11.96808510638298,5.053191489361701,6.914893617021277,88.03191489361703,5.585106382978723,82.4468085106383
E00120433,335,37,10,27,298,32,266,11.044776119402986,2.9850746268656714,8.059701492537313,88.95522388059702,9.55223880597015,79.40298507462687
E00120434,343,34,12,22,309,33,276,9.912536443148689,3.498542274052478,6.41399416909621,90.0874635568513,9.620991253644315,80.466472303207
E00120435,385,49,12,37,336,39,297,12.727272727272727,3.116883116883117,9.61038961038961,87.27272727272727,10.129870129870131,77.14285714285715
E00120437,404,71,27,44,333,21,312,17.574257425742573,6.683168316831684,10.891089108910892,82.42574257425743,5.198019801980198,77.22772277227723
E00120438,225,40,16,24,185,10,175,17.77777777777778,7.111111111111111,10.666666666666668,82.22222222222221,4.444444444444445,77.77777777777779
E00120439,340,37,13,24,303,32,271,10.882352941176471,3.823529411764706,7.0588235294117645,89.11764705882354,9.411764705882353,79.70588235294119
E00120440,320,38,12,26,282,19,263,11.875,3.75,8.125,88.125,5.9375,82.1875
E00120441,355,56,29,27,299,31,268,15.774647887323944,8.169014084507042,7.605633802816901,84.22535211267605,8.732394366197182,75.49295774647888
E00120442,300,60,23,37,240,14,226,20,7.666666666666666,12.333333333333334,80,4.666666666666667,75.33333333333333
E00120443,334,33,13,20,301,24,277,9.880239520958083,3.8922155688622757,5.9880239520958085,90.11976047904191,7.18562874251497,82.93413173652695
E00120444,199,38,13,25,161,13,148,19.09547738693467,6.532663316582915,12.562814070351758,80.90452261306532,6.532663316582915,74.37185929648241
E00120445,403,59,27,32,344,23,321,14.640198511166252,6.699751861042183,7.94044665012407,85.35980148883374,5.707196029776675,79.65260545905707
E00120447,330,45,26,19,285,26,259,13.636363636363635,7.878787878787878,5.757575757575758,86.36363636363636,7.878787878787878,78.48484848484848
E00120448,326,36,13,23,290,17,273,11.042944785276074,3.9877300613496933,7.05521472392638,88.95705521472392,5.214723926380368,83.74233128834356
E00120449,329,41,15,26,288,25,263,12.462006079027356,4.5592705167173255,7.90273556231003,87.53799392097264,7.598784194528875,79.93920972644378
E00120450,220,39,21,18,181,13,168,17.727272727272727,9.545454545454547,8.181818181818182,82.27272727272728,5.909090909090909,76.36363636363637
E00120451,476,57,24,33,419,32,387,11.974789915966387,5.042016806722689,6.932773109243698,88.02521008403362,6.722689075630252,81.30252100840336
E00120452,329,33,10,23,296,21,275,10.030395136778116,3.0395136778115504,6.990881458966565,89.96960486322189,6.382978723404255,83.58662613981764
E00120453,305,45,14,31,260,33,227,14.754098360655737,4.590163934426229,10.163934426229508,85.24590163934425,10.819672131147541,74.42622950819671
E00120454,349,41,16,25,308,24,284,11.74785100286533,4.584527220630372,7.163323782234957,88.25214899713467,6.876790830945559,81.37535816618912
E00120455,325,55,21,34,270,22,248,16.923076923076923,6.461538461538462,10.461538461538462,83.07692307692308,6.769230769230769,76.3076923076923
E00120456,256,46,16,30,210,12,198,17.96875,6.25,11.71875,82.03125,4.6875,77.34375
E00120457,454,46,10,36,408,35,373,10.13215859030837,2.2026431718061676,7.929515418502203,89.86784140969164,7.709251101321586,82.15859030837004
E00120458,263,41,15,26,222,20,202,15.5893536121673,5.7034220532319395,9.885931558935361,84.4106463878327,7.604562737642586,76.80608365019012
E00120459,386,82,38,44,304,25,279,21.243523316062177,9.844559585492227,11.398963730569948,78.75647668393782,6.476683937823833,72.279792746114
E00120460,434,56,16,40,378,31,347,12.903225806451612,3.686635944700461,9.216589861751153,87.09677419354838,7.142857142857142,79.95391705069125
E00120461,329,38,11,27,291,33,258,11.55015197568389,3.343465045592705,8.206686930091186,88.44984802431611,10.030395136778116,78.419452887538
E00120462,390,59,24,35,331,23,308,15.128205128205128,6.153846153846154,8.974358974358974,84.87179487179488,5.897435897435897,78.97435897435898
E00120463,330,55,23,32,275,36,239,16.666666666666664,6.969696969696971,9.696969696969697,83.33333333333334,10.909090909090908,72.42424242424242
E00120464,301,43,15,28,258,30,228,14.285714285714285,4.983388704318937,9.30232558139535,85.71428571428571,9.966777408637874,75.74750830564784
E00120465,348,51,17,34,297,30,267,14.655172413793101,4.885057471264368,9.770114942528735,85.34482758620689,8.620689655172415,76.72413793103449
E00120466,300,54,18,36,246,29,217,18,6,12,82,9.666666666666666,72.33333333333334
E00120467,332,56,22,34,276,30,246,16.867469879518072,6.626506024096386,10.240963855421686,83.13253012048193,9.036144578313253,74.09638554216868
E00120468,320,58,25,33,262,28,234,18.125,7.8125,10.3125,81.875,8.75,73.125
E00120469,402,79,47,32,323,36,287,19.65174129353234,11.691542288557214,7.960199004975125,80.34825870646766,8.955223880597014,71.39303482587064
E00120470,349,60,27,33,289,24,265,17.191977077363894,7.736389684813753,9.455587392550143,82.8080229226361,6.876790830945559,75.93123209169055
E00120471,333,43,13,30,290,35,255,12.912912912912914,3.903903903903904,9.00900900900901,87.08708708708708,10.51051051051051,76.57657657657657
E00120472,278,29,11,18,249,26,223,10.431654676258994,3.9568345323741005,6.474820143884892,89.568345323741,9.352517985611511,80.2158273381295
E00120473,364,62,23,39,302,21,281,17.032967032967033,6.318681318681318,10.714285714285714,82.96703296703298,5.769230769230769,77.1978021978022
E00120474,254,22,1,21,232,22,210,8.661417322834646,0.39370078740157477,8.267716535433072,91.33858267716536,8.661417322834646,82.67716535433071
E00120475,244,36,9,27,208,12,196,14.754098360655737,3.6885245901639343,11.065573770491802,85.24590163934425,4.918032786885246,80.32786885245902
E00120476,362,30,4,26,332,20,312,8.287292817679557,1.1049723756906076,7.18232044198895,91.71270718232044,5.524861878453039,86.1878453038674
E00120477,223,27,7,20,196,17,179,12.10762331838565,3.1390134529147984,8.968609865470851,87.89237668161435,7.623318385650224,80.26905829596413
E00120478,358,27,6,21,331,36,295,7.5418994413407825,1.675977653631285,5.865921787709497,92.45810055865921,10.05586592178771,82.40223463687151
E00120479,282,53,18,35,229,13,216,18.79432624113475,6.382978723404255,12.411347517730496,81.20567375886525,4.609929078014184,76.59574468085107
E00120480,305,67,38,29,238,20,218,21.9672131147541,12.459016393442624,9.508196721311474,78.0327868852459,6.557377049180328,71.47540983606558
E00120481,340,41,16,25,299,23,276,12.058823529411764,4.705882352941177,7.352941176470589,87.94117647058823,6.764705882352941,81.17647058823529
E00120482,479,71,32,39,408,45,363,14.822546972860126,6.6805845511482245,8.1419624217119,85.17745302713988,9.394572025052192,75.78288100208769
E00120483,302,18,6,12,284,19,265,5.960264900662252,1.9867549668874174,3.9735099337748347,94.03973509933775,6.291390728476822,87.74834437086093
E00120484,305,62,26,36,243,21,222,20.327868852459016,8.524590163934425,11.80327868852459,79.67213114754098,6.885245901639345,72.78688524590164
E00120485,163,26,5,21,137,23,114,15.950920245398773,3.067484662576687,12.883435582822086,84.04907975460122,14.11042944785276,69.93865030674846
E00120486,229,37,16,21,192,10,182,16.157205240174672,6.986899563318777,9.170305676855897,83.84279475982532,4.366812227074235,79.47598253275109
E00120488,323,15,1,14,308,18,290,4.643962848297214,0.30959752321981426,4.3343653250774,95.3560371517028,5.572755417956656,89.78328173374614
E00120489,228,54,22,32,174,15,159,23.684210526315788,9.649122807017543,14.035087719298245,76.31578947368422,6.578947368421052,69.73684210526315
E00120490,386,33,5,28,353,25,328,8.549222797927461,1.2953367875647668,7.253886010362693,91.45077720207254,6.476683937823833,84.97409326424871
E00120491,378,32,5,27,346,36,310,8.465608465608465,1.3227513227513228,7.142857142857142,91.53439153439153,9.523809523809524,82.01058201058201
E00120492,326,27,3,24,299,16,283,8.282208588957054,0.9202453987730062,7.361963190184049,91.71779141104295,4.9079754601226995,86.80981595092024
E00120493,441,28,6,22,413,34,379,6.349206349206349,1.3605442176870748,4.988662131519274,93.65079365079364,7.709750566893423,85.94104308390023
E00120494,285,28,4,24,257,21,236,9.824561403508772,1.4035087719298245,8.421052631578947,90.17543859649123,7.368421052631578,82.80701754385966
E00120495,304,24,7,17,280,17,263,7.894736842105263,2.302631578947368,5.592105263157895,92.10526315789474,5.592105263157895,86.51315789473685
E00120497,260,50,19,31,210,21,189,19.230769230769234,7.307692307692308,11.923076923076923,80.76923076923077,8.076923076923077,72.6923076923077
E00120498,374,42,13,29,332,40,292,11.229946524064172,3.4759358288770055,7.754010695187167,88.77005347593582,10.695187165775401,78.07486631016043
E00120499,325,29,11,18,296,17,279,8.923076923076923,3.3846153846153846,5.538461538461538,91.07692307692308,5.230769230769231,85.84615384615385
E00120500,257,25,7,18,232,19,213,9.72762645914397,2.7237354085603114,7.003891050583658,90.27237354085604,7.392996108949417,82.87937743190662
E00120501,234,25,11,14,209,26,183,10.683760683760683,4.700854700854701,5.982905982905983,89.31623931623932,11.11111111111111,78.2051282051282
E00120503,367,35,12,23,332,39,293,9.536784741144414,3.2697547683923704,6.267029972752043,90.46321525885558,10.626702997275205,79.83651226158038
E00120504,353,51,21,30,302,24,278,14.44759206798867,5.94900849858357,8.498583569405099,85.55240793201133,6.79886685552408,78.75354107648725
E00120505,357,60,24,36,297,30,267,16.80672268907563,6.722689075630252,10.084033613445378,83.19327731092437,8.403361344537815,74.78991596638656
E00120506,376,35,13,22,341,26,315,9.308510638297872,3.4574468085106385,5.851063829787234,90.69148936170212,6.914893617021277,83.77659574468085
E00120507,332,52,14,38,280,26,254,15.66265060240964,4.216867469879518,11.44578313253012,84.33734939759037,7.83132530120482,76.50602409638554
E00120508,358,38,5,33,320,29,291,10.614525139664805,1.3966480446927374,9.217877094972067,89.3854748603352,8.100558659217876,81.28491620111731
E00120509,330,33,7,26,297,20,277,10,2.1212121212121215,7.878787878787878,90,6.0606060606060606,83.93939393939394
E00120510,275,37,12,25,238,28,210,13.454545454545455,4.363636363636364,9.090909090909092,86.54545454545455,10.181818181818182,76.36363636363637
E00120511,242,48,20,28,194,13,181,19.834710743801654,8.264462809917356,11.570247933884298,80.16528925619835,5.371900826446281,74.79338842975206
E00120512,254,98,68,30,156,18,138,38.582677165354326,26.77165354330709,11.811023622047244,61.417322834645674,7.086614173228346,54.330708661417326
E00120513,324,44,15,29,280,27,253,13.580246913580247,4.62962962962963,8.950617283950617,86.41975308641975,8.333333333333332,78.08641975308642
E00120514,288,48,18,30,240,24,216,16.666666666666664,6.25,10.416666666666668,83.33333333333334,8.333333333333332,75
E00120515,328,58,21,37,270,17,253,17.682926829268293,6.402439024390244,11.28048780487805,82.3170731707317,5.182926829268292,77.13414634146342
E00120516,282,46,16,30,236,16,220,16.312056737588655,5.673758865248227,10.638297872340425,83.68794326241135,5.673758865248227,78.01418439716312
E00120517,297,40,11,29,257,25,232,13.468013468013467,3.7037037037037033,9.764309764309765,86.53198653198653,8.417508417508419,78.11447811447812
E00120518,420,57,17,40,363,34,329,13.571428571428571,4.0476190476190474,9.523809523809524,86.42857142857143,8.095238095238095,78.33333333333333
E00120519,345,48,12,36,297,25,272,13.91304347826087,3.4782608695652173,10.434782608695652,86.08695652173914,7.246376811594203,78.84057971014494
E00120520,346,65,22,43,281,32,249,18.786127167630056,6.358381502890173,12.427745664739884,81.21387283236994,9.248554913294797,71.96531791907515
E00120521,348,42,9,33,306,30,276,12.068965517241379,2.586206896551724,9.482758620689655,87.93103448275862,8.620689655172415,79.3103448275862
E00120522,331,44,17,27,287,19,268,13.293051359516618,5.13595166163142,8.157099697885197,86.70694864048339,5.740181268882175,80.96676737160121
E00120523,367,37,11,26,330,33,297,10.08174386920981,2.997275204359673,7.084468664850137,89.91825613079018,8.991825613079019,80.92643051771117
E00120524,319,46,22,24,273,18,255,14.420062695924765,6.896551724137931,7.523510971786834,85.57993730407524,5.6426332288401255,79.9373040752351
E00120525,374,29,4,25,345,16,329,7.754010695187167,1.06951871657754,6.684491978609626,92.24598930481284,4.27807486631016,87.96791443850267
E00120526,182,21,10,11,161,8,153,11.538461538461538,5.4945054945054945,6.043956043956044,88.46153846153845,4.395604395604396,84.06593406593407
E00120527,293,29,6,23,264,30,234,9.897610921501707,2.04778156996587,7.849829351535837,90.10238907849829,10.238907849829351,79.86348122866895
E00120528,332,35,10,25,297,26,271,10.542168674698797,3.0120481927710845,7.530120481927711,89.45783132530121,7.83132530120482,81.62650602409639
E00120529,263,26,7,19,237,23,214,9.885931558935361,2.6615969581749046,7.224334600760455,90.11406844106465,8.745247148288973,81.36882129277566
E00120530,175,34,12,22,141,16,125,19.428571428571427,6.857142857142858,12.571428571428573,80.57142857142857,9.142857142857142,71.42857142857143
E00120531,240,39,12,27,201,29,172,16.25,5,11.25,83.75,12.083333333333334,71.66666666666667
E00120532,300,33,11,22,267,30,237,11,3.6666666666666665,7.333333333333333,89,10,79
E00120533,285,44,13,31,241,29,212,15.43859649122807,4.56140350877193,10.87719298245614,84.56140350877193,10.175438596491228,74.3859649122807
E00120534,347,54,18,36,293,26,267,15.561959654178676,5.187319884726225,10.37463976945245,84.43804034582134,7.492795389048991,76.94524495677233
E00120535,356,94,43,51,262,32,230,26.40449438202247,12.07865168539326,14.325842696629213,73.59550561797754,8.98876404494382,64.60674157303372
E00120536,312,43,12,31,269,31,238,13.782051282051283,3.8461538461538463,9.935897435897436,86.21794871794873,9.935897435897436,76.28205128205127
E00120537,284,86,41,45,198,23,175,30.28169014084507,14.43661971830986,15.845070422535212,69.71830985915493,8.098591549295776,61.61971830985915
E00120538,187,17,5,12,170,12,158,9.090909090909092,2.6737967914438503,6.417112299465241,90.9090909090909,6.417112299465241,84.49197860962568
E00120539,272,15,2,13,257,19,238,5.514705882352941,0.7352941176470588,4.779411764705882,94.48529411764706,6.985294117647059,87.5
E00120540,276,48,16,32,228,16,212,17.391304347826086,5.797101449275362,11.594202898550725,82.6086956521739,5.797101449275362,76.81159420289855
E00120541,298,28,5,23,270,34,236,9.395973154362416,1.6778523489932886,7.718120805369128,90.60402684563759,11.409395973154362,79.19463087248322
E00120542,305,32,4,28,273,26,247,10.491803278688524,1.3114754098360655,9.180327868852459,89.50819672131148,8.524590163934425,80.98360655737706
E00120543,363,24,3,21,339,29,310,6.6115702479338845,0.8264462809917356,5.785123966942149,93.38842975206612,7.988980716253444,85.39944903581267
E00120544,314,45,12,33,269,25,244,14.331210191082802,3.821656050955414,10.509554140127388,85.6687898089172,7.961783439490445,77.70700636942675
E00120545,370,31,7,24,339,33,306,8.378378378378379,1.891891891891892,6.486486486486487,91.62162162162161,8.91891891891892,82.70270270270271
E00120546,487,63,27,36,424,20,404,12.93634496919918,5.544147843942506,7.392197125256674,87.06365503080082,4.1067761806981515,82.95687885010267
E00120547,338,46,25,21,292,14,278,13.609467455621301,7.396449704142012,6.21301775147929,86.3905325443787,4.142011834319527,82.24852071005917
E00120548,269,49,19,30,220,16,204,18.21561338289963,7.063197026022305,11.152416356877323,81.78438661710037,5.947955390334572,75.8364312267658
E00120549,487,71,36,35,416,37,379,14.579055441478438,7.392197125256674,7.186858316221765,85.42094455852155,7.597535934291582,77.82340862422998
E00120550,304,55,22,33,249,27,222,18.092105263157894,7.236842105263158,10.855263157894738,81.9078947368421,8.881578947368421,73.02631578947368
E00120551,348,54,19,35,294,17,277,15.517241379310345,5.459770114942529,10.057471264367816,84.48275862068965,4.885057471264368,79.59770114942529
E00120552,310,67,32,35,243,12,231,21.612903225806452,10.32258064516129,11.29032258064516,78.38709677419354,3.870967741935484,74.51612903225806
E00120553,358,40,9,31,318,20,298,11.1731843575419,2.5139664804469275,8.659217877094973,88.8268156424581,5.58659217877095,83.24022346368714
E00120554,398,48,23,25,350,30,320,12.060301507537687,5.778894472361809,6.281407035175879,87.93969849246231,7.537688442211055,80.40201005025126
E00120555,342,80,36,44,262,17,245,23.391812865497073,10.526315789473683,12.865497076023392,76.60818713450293,4.970760233918129,71.6374269005848
E00120556,427,53,21,32,374,28,346,12.412177985948478,4.918032786885246,7.494145199063232,87.58782201405153,6.557377049180328,81.0304449648712
E00120557,281,51,20,31,230,8,222,18.14946619217082,7.11743772241993,11.032028469750891,81.85053380782918,2.8469750889679712,79.00355871886121
E00120558,350,60,25,35,290,23,267,17.142857142857142,7.142857142857142,10,82.85714285714286,6.571428571428571,76.28571428571429
E00120559,244,45,19,26,199,28,171,18.442622950819672,7.786885245901639,10.655737704918032,81.55737704918032,11.475409836065573,70.08196721311475
E00120560,273,39,18,21,234,22,212,14.285714285714285,6.593406593406594,7.6923076923076925,85.71428571428571,8.058608058608058,77.65567765567766
E00120561,292,34,9,25,258,29,229,11.643835616438356,3.0821917808219177,8.561643835616438,88.35616438356165,9.931506849315069,78.42465753424658
E00120562,360,29,8,21,331,33,298,8.055555555555555,2.2222222222222223,5.833333333333333,91.94444444444444,9.166666666666666,82.77777777777777
E00120563,272,39,11,28,233,18,215,14.338235294117647,4.044117647058823,10.294117647058822,85.66176470588235,6.61764705882353,79.04411764705883
E00120564,275,36,8,28,239,21,218,13.090909090909092,2.909090909090909,10.181818181818182,86.9090909090909,7.636363636363637,79.27272727272727
E00120565,296,46,17,29,250,14,236,15.54054054054054,5.743243243243244,9.797297297297296,84.45945945945947,4.72972972972973,79.72972972972973
E00120566,249,14,5,9,235,24,211,5.622489959839357,2.0080321285140563,3.614457831325301,94.37751004016064,9.63855421686747,84.73895582329317
E00120567,360,33,9,24,327,37,290,9.166666666666666,2.5,6.666666666666667,90.83333333333333,10.277777777777777,80.55555555555556
E00120568,293,28,6,22,265,22,243,9.556313993174061,2.04778156996587,7.508532423208192,90.44368600682594,7.508532423208192,82.93515358361775
E00120569,315,37,7,30,278,38,240,11.746031746031745,2.2222222222222223,9.523809523809524,88.25396825396825,12.063492063492063,76.19047619047619
E00120570,336,43,11,32,293,30,263,12.797619047619047,3.273809523809524,9.523809523809524,87.20238095238095,8.928571428571429,78.27380952380952
E00120571,229,81,52,29,148,12,136,35.37117903930131,22.707423580786028,12.663755458515283,64.62882096069869,5.240174672489083,59.388646288209614
E00120574,322,48,15,33,274,29,245,14.906832298136646,4.658385093167702,10.248447204968944,85.09316770186336,9.006211180124224,76.08695652173914
E00120575,262,28,9,19,234,19,215,10.687022900763358,3.435114503816794,7.251908396946565,89.31297709923665,7.251908396946565,82.06106870229007
E00120576,315,33,14,19,282,28,254,10.476190476190476,4.444444444444445,6.031746031746032,89.52380952380953,8.88888888888889,80.63492063492063
E00120577,298,45,14,31,253,18,235,15.100671140939598,4.697986577181208,10.40268456375839,84.8993288590604,6.0402684563758395,78.85906040268456
E00120578,322,38,11,27,284,23,261,11.801242236024844,3.4161490683229814,8.385093167701864,88.19875776397515,7.142857142857142,81.05590062111801
E00120579,340,30,9,21,310,28,282,8.823529411764707,2.6470588235294117,6.176470588235294,91.17647058823529,8.235294117647058,82.94117647058825
E00120580,272,42,13,29,230,27,203,15.441176470588236,4.779411764705882,10.661764705882353,84.55882352941177,9.926470588235293,74.63235294117648
E00120581,272,27,7,20,245,19,226,9.926470588235293,2.5735294117647056,7.352941176470589,90.07352941176471,6.985294117647059,83.08823529411765
E00120582,259,38,8,30,221,28,193,14.671814671814673,3.088803088803089,11.583011583011583,85.32818532818533,10.81081081081081,74.5173745173745
E00120583,276,27,9,18,249,20,229,9.782608695652174,3.260869565217391,6.521739130434782,90.21739130434783,7.246376811594203,82.97101449275362
E00120584,364,59,22,37,305,29,276,16.208791208791208,6.043956043956044,10.164835164835164,83.79120879120879,7.967032967032966,75.82417582417582
E00120585,347,41,13,28,306,33,273,11.815561959654179,3.7463976945244957,8.069164265129682,88.18443804034582,9.510086455331413,78.6743515850144
E00120586,322,60,26,34,262,20,242,18.633540372670808,8.074534161490684,10.559006211180124,81.36645962732919,6.211180124223603,75.15527950310559
E00120587,339,39,18,21,300,29,271,11.504424778761061,5.3097345132743365,6.1946902654867255,88.49557522123894,8.55457227138643,79.9410029498525
E00120588,494,66,16,50,428,39,389,13.360323886639677,3.2388663967611335,10.121457489878543,86.63967611336032,7.894736842105263,78.74493927125506
E00120589,349,29,5,24,320,35,285,8.30945558739255,1.4326647564469914,6.876790830945559,91.69054441260745,10.028653295128938,81.66189111747852
E00120590,352,54,17,37,298,18,280,15.340909090909092,4.829545454545454,10.511363636363637,84.6590909090909,5.113636363636364,79.54545454545455
E00120591,321,53,21,32,268,38,230,16.510903426791277,6.5420560747663545,9.968847352024921,83.48909657320873,11.838006230529595,71.65109034267913
E00120592,304,52,16,36,252,20,232,17.105263157894736,5.263157894736842,11.842105263157894,82.89473684210526,6.578947368421052,76.31578947368422
E00120593,378,42,12,30,336,31,305,11.11111111111111,3.1746031746031744,7.936507936507936,88.88888888888889,8.201058201058201,80.68783068783068
E00120594,411,43,10,33,368,27,341,10.46228710462287,2.4330900243309004,8.02919708029197,89.53771289537713,6.569343065693431,82.9683698296837
E00120595,349,50,13,37,299,39,260,14.326647564469914,3.7249283667621778,10.601719197707736,85.67335243553008,11.174785100286533,74.49856733524355
E00120596,352,42,15,27,310,25,285,11.931818181818182,4.261363636363636,7.670454545454546,88.06818181818183,7.1022727272727275,80.9659090909091
E00120597,320,30,8,22,290,27,263,9.375,2.5,6.875000000000001,90.625,8.4375,82.1875
E00120598,526,62,21,41,464,35,429,11.787072243346007,3.9923954372623576,7.79467680608365,88.212927756654,6.653992395437262,81.55893536121674
E00120599,385,27,9,18,358,15,343,7.012987012987012,2.3376623376623376,4.675324675324675,92.98701298701299,3.896103896103896,89.0909090909091
E00120600,266,43,15,28,223,22,201,16.165413533834585,5.639097744360902,10.526315789473683,83.83458646616542,8.270676691729323,75.56390977443608
E00120601,239,39,14,25,200,25,175,16.317991631799163,5.857740585774058,10.460251046025103,83.68200836820083,10.460251046025103,73.22175732217573
E00120602,303,44,16,28,259,34,225,14.521452145214523,5.2805280528052805,9.24092409240924,85.47854785478548,11.221122112211221,74.25742574257426
E00169672,407,47,18,29,360,22,338,11.547911547911548,4.422604422604422,7.125307125307126,88.45208845208845,5.405405405405405,83.04668304668304
E00169673,469,65,21,44,404,22,382,13.859275053304904,4.477611940298507,9.381663113006397,86.14072494669509,4.690831556503198,81.4498933901919
E00169674,361,48,21,27,313,20,293,13.29639889196676,5.8171745152354575,7.479224376731302,86.70360110803324,5.540166204986149,81.16343490304709
E00169675,316,39,11,28,277,21,256,12.341772151898734,3.481012658227848,8.860759493670885,87.65822784810126,6.6455696202531636,81.0126582278481
E00169676,259,26,14,12,233,22,211,10.038610038610038,5.405405405405405,4.633204633204633,89.96138996138995,8.494208494208493,81.46718146718148
E00169677,240,18,5,13,222,14,208,7.5,2.083333333333333,5.416666666666667,92.5,5.833333333333333,86.66666666666667
E00169678,356,23,4,19,333,20,313,6.460674157303371,1.1235955056179776,5.337078651685393,93.53932584269663,5.617977528089887,87.92134831460675
E00169679,333,50,19,31,283,24,259,15.015015015015015,5.7057057057057055,9.30930930930931,84.98498498498499,7.207207207207207,77.77777777777779
E00189336,194,17,2,15,177,9,168,8.762886597938143,1.0309278350515463,7.731958762886598,91.23711340206185,4.639175257731959,86.5979381443299
E00189337,291,38,15,23,253,23,230,13.058419243986256,5.154639175257731,7.903780068728522,86.94158075601375,7.903780068728522,79.03780068728523
E00189338,320,37,16,21,283,12,271,11.5625,5,6.5625,88.4375,3.75,84.6875
E00189342,331,29,7,22,302,29,273,8.761329305135952,2.1148036253776437,6.646525679758309,91.23867069486404,8.761329305135952,82.4773413897281
E00189344,322,48,26,22,274,20,254,14.906832298136646,8.074534161490684,6.832298136645963,85.09316770186336,6.211180124223603,78.88198757763976
E00189348,292,41,13,28,251,34,217,14.04109589041096,4.4520547945205475,9.58904109589041,85.95890410958904,11.643835616438356,74.31506849315068
E00189350,316,23,10,13,293,22,271,7.2784810126582276,3.1645569620253164,4.113924050632911,92.72151898734177,6.962025316455696,85.75949367088607
E00189358,302,35,7,28,267,20,247,11.589403973509933,2.3178807947019866,9.271523178807946,88.41059602649007,6.622516556291391,81.78807947019867
E00189359,215,10,3,7,205,11,194,4.651162790697675,1.3953488372093024,3.255813953488372,95.34883720930233,5.116279069767442,90.23255813953487
E00189366,426,28,12,16,398,22,376,6.572769953051644,2.8169014084507045,3.755868544600939,93.42723004694837,5.164319248826291,88.26291079812206
E00189377,215,16,5,11,199,14,185,7.441860465116279,2.3255813953488373,5.116279069767442,92.55813953488372,6.511627906976744,86.04651162790698
E00189386,363,104,48,56,259,29,230,28.650137741046834,13.223140495867769,15.426997245179063,71.34986225895317,7.988980716253444,63.36088154269972
E00189391,452,123,74,49,329,33,296,27.212389380530972,16.371681415929203,10.84070796460177,72.78761061946902,7.300884955752212,65.48672566371681
E00189393,276,21,8,13,255,24,231,7.608695652173914,2.898550724637681,4.710144927536232,92.3913043478261,8.695652173913043,83.69565217391305
E00189396,262,25,0,25,237,19,218,9.541984732824428,0,9.541984732824428,90.45801526717557,7.251908396946565,83.20610687022901
E00189403,183,14,9,5,169,15,154,7.650273224043716,4.918032786885246,2.73224043715847,92.34972677595628,8.19672131147541,84.15300546448088
E00189404,218,28,8,20,190,22,168,12.844036697247708,3.669724770642202,9.174311926605505,87.1559633027523,10.091743119266056,77.06422018348624
E00189405,212,25,11,14,187,10,177,11.79245283018868,5.188679245283019,6.60377358490566,88.20754716981132,4.716981132075472,83.49056603773585
E00189407,204,26,11,15,178,11,167,12.745098039215685,5.392156862745098,7.352941176470589,87.25490196078431,5.392156862745098,81.86274509803921
E00189409,281,26,10,16,255,16,239,9.252669039145907,3.558718861209965,5.6939501779359425,90.74733096085409,5.6939501779359425,85.05338078291815
E00189411,195,11,2,9,184,10,174,5.641025641025641,1.0256410256410255,4.615384615384616,94.35897435897435,5.128205128205128,89.23076923076924
E00189421,268,37,15,22,231,14,217,13.805970149253731,5.597014925373134,8.208955223880597,86.19402985074626,5.223880597014925,80.97014925373134
E00189428,176,26,6,20,150,13,137,14.772727272727273,3.4090909090909087,11.363636363636363,85.22727272727273,7.386363636363637,77.8409090909091
E00189433,463,28,13,15,435,31,404,6.047516198704104,2.8077753779697625,3.2397408207343417,93.9524838012959,6.695464362850973,87.25701943844493
E00189434,369,38,21,17,331,27,304,10.29810298102981,5.691056910569105,4.607046070460704,89.70189701897019,7.317073170731707,82.38482384823848
E00189436,279,17,8,9,262,23,239,6.093189964157706,2.867383512544803,3.225806451612903,93.9068100358423,8.24372759856631,85.66308243727599
E00189442,358,49,18,31,309,34,275,13.687150837988826,5.027932960893855,8.659217877094973,86.31284916201118,9.497206703910614,76.81564245810057
