OA,ts0380001,ts0380002,ts0380003,ts0380004,ts0380005,ts0380006,ts0380007,ts0380002_PCT,ts0380003_PCT,ts0380004_PCT,ts0380005_PCT,ts0380006_PCT,ts0380007_PCT
E00133937,363,104,51,53,259,29,230,28.650137741046834,14.049586776859504,14.600550964187327,71.34986225895317,7.988980716253444,63.36088154269972
E00133938,215,57,27,30,158,18,140,26.51162790697674,12.558139534883722,13.953488372093023,73.48837209302326,8.372093023255815,65.11627906976744
E00133939,383,93,48,45,290,24,266,24.281984334203656,12.532637075718014,11.74934725848564,75.71801566579634,6.266318537859007,69.45169712793734
E00133940,307,70,23,47,237,34,203,22.80130293159609,7.491856677524431,15.309446254071663,77.19869706840392,11.074918566775244,66.12377850162866
E00133941,307,86,44,42,221,30,191,28.013029315960914,14.332247557003258,13.680781758957655,71.9869706840391,9.77198697068404,62.21498371335505
E00133942,164,43,22,21,121,15,106,26.21951219512195,13.414634146341465,12.804878048780488,73.78048780487805,9.146341463414634,64.63414634146342
E00133943,302,69,36,33,233,23,210,22.8476821192053,11.920529801324504,10.927152317880795,77.15231788079471,7.6158940397351,69.5364238410596
E00133944,524,99,40,59,425,53,372,18.893129770992367,7.633587786259542,11.259541984732824,81.10687022900763,10.114503816793894,70.99236641221374
E00133945,315,51,21,30,264,29,235,16.19047619047619,6.666666666666667,9.523809523809524,83.80952380952381,9.206349206349207,74.60317460317461
E00133946,252,87,32,55,165,29,136,34.523809523809526,12.698412698412698,21.825396825396826,65.47619047619048,11.507936507936508,53.96825396825397
E00133947,309,49,14,35,260,18,242,15.857605177993527,4.53074433656958,11.326860841423949,84.14239482200647,5.825242718446602,78.31715210355988
E00133948,259,49,17,32,210,24,186,18.91891891891892,6.563706563706563,12.355212355212355,81.08108108108108,9.266409266409266,71.81467181467181
E00133949,554,83,27,56,471,44,427,14.981949458483754,4.873646209386282,10.108303249097473,85.01805054151625,7.9422382671480145,77.07581227436823
E00133950,264,41,16,25,223,16,207,15.530303030303031,6.0606060606060606,9.469696969696969,84.46969696969697,6.0606060606060606,78.4090909090909
E00133951,320,75,31,44,245,23,222,23.4375,9.6875,13.750000000000002,76.5625,7.187499999999999,69.375
E00133952,252,65,35,30,187,19,168,25.793650793650798,13.88888888888889,11.904761904761903,74.20634920634922,7.5396825396825395,66.66666666666666
E00133953,268,50,22,28,218,30,188,18.65671641791045,8.208955223880597,10.44776119402985,81.34328358208955,11.194029850746269,70.1492537313433
E00133954,252,45,12,33,207,28,179,17.857142857142858,4.761904761904762,13.095238095238097,82.14285714285714,11.11111111111111,71.03174603174604
E00133955,342,73,29,44,269,33,236,21.34502923976608,8.47953216374269,12.865497076023392,78.65497076023392,9.649122807017543,69.00584795321637
E00133956,239,45,13,32,194,23,171,18.828451882845187,5.439330543933055,13.389121338912133,81.17154811715481,9.623430962343097,71.54811715481172
E00133957,263,106,61,45,157,13,144,40.3041825095057,23.193916349809886,17.110266159695815,59.6958174904943,4.942965779467681,54.752851711026615
E00133959,568,118,42,76,450,53,397,20.774647887323944,7.394366197183098,13.380281690140844,79.22535211267606,9.330985915492958,69.8943661971831
E00133960,261,62,27,35,199,27,172,23.754789272030653,10.344827586206897,13.409961685823754,76.24521072796935,10.344827586206897,65.90038314176245
E00133962,335,65,30,35,270,33,237,19.402985074626866,8.955223880597014,10.44776119402985,80.59701492537313,9.850746268656717,70.74626865671641
E00133963,262,43,15,28,219,15,204,16.412213740458014,5.7251908396946565,10.687022900763358,83.58778625954199,5.7251908396946565,77.86259541984732
E00133964,233,45,19,26,188,22,166,19.313304721030043,8.15450643776824,11.158798283261802,80.68669527896995,9.44206008583691,71.24463519313305
E00133965,317,64,27,37,253,29,224,20.189274447949526,8.517350157728707,11.67192429022082,79.81072555205047,9.14826498422713,70.66246056782335
E00133966,287,58,20,38,229,32,197,20.209059233449477,6.968641114982578,13.240418118466899,79.79094076655052,11.149825783972126,68.6411149825784
E00133967,336,55,23,32,281,35,246,16.36904761904762,6.845238095238096,9.523809523809524,83.63095238095238,10.416666666666668,73.21428571428571
E00133968,296,76,28,48,220,26,194,25.675675675675674,9.45945945945946,16.216216216216218,74.32432432432432,8.783783783783784,65.54054054054053
E00133969,394,62,20,42,332,35,297,15.736040609137056,5.0761421319796955,10.65989847715736,84.26395939086294,8.883248730964468,75.38071065989847
E00133970,289,43,13,30,246,27,219,14.878892733564014,4.498269896193772,10.380622837370241,85.12110726643598,9.342560553633218,75.77854671280276
E00133971,534,95,29,66,439,38,401,17.790262172284642,5.430711610486892,12.359550561797752,82.20973782771536,7.116104868913857,75.09363295880149
E00133972,366,55,17,38,311,42,269,15.027322404371585,4.644808743169399,10.382513661202186,84.97267759562843,11.475409836065573,73.49726775956285
E00133973,278,54,21,33,224,18,206,19.424460431654676,7.553956834532374,11.870503597122301,80.57553956834532,6.474820143884892,74.10071942446042
E00133974,181,57,16,41,124,15,109,31.491712707182316,8.83977900552486,22.65193370165746,68.50828729281768,8.287292817679557,60.22099447513812
E00133975,212,43,23,20,169,19,150,20.28301886792453,10.849056603773585,9.433962264150944,79.71698113207547,8.962264150943396,70.75471698113208
E00133976,253,52,27,25,201,25,176,20.55335968379447,10.67193675889328,9.881422924901186,79.44664031620553,9.881422924901186,69.56521739130434
E00133977,275,50,18,32,225,31,194,18.181818181818183,6.545454545454546,11.636363636363637,81.81818181818183,11.272727272727273,70.54545454545455
E00133978,317,62,21,41,255,28,227,19.558359621451103,6.624605678233439,12.933753943217665,80.4416403785489,8.832807570977918,71.60883280757098
E00133981,502,99,50,49,403,34,369,19.721115537848604,9.9601593625498,9.760956175298805,80.2788844621514,6.772908366533864,73.50597609561753
E00133982,154,21,9,12,133,11,122,13.636363636363635,5.844155844155844,7.792207792207792,86.36363636363636,7.142857142857142,79.22077922077922
E00133983,154,21,13,8,133,5,128,13.636363636363635,8.441558441558442,5.194805194805195,86.36363636363636,3.2467532467532463,83.11688311688312
E00133984,141,25,6,19,116,11,105,17.73049645390071,4.25531914893617,13.47517730496454,82.26950354609929,7.801418439716312,74.46808510638297
E00133985,348,77,33,44,271,28,243,22.126436781609197,9.482758620689655,12.643678160919542,77.87356321839081,8.045977011494253,69.82758620689656
E00133988,269,76,31,45,193,12,181,28.25278810408922,11.524163568773234,16.728624535315987,71.74721189591078,4.4609665427509295,67.28624535315984
E00133989,537,174,92,82,363,22,341,32.402234636871505,17.13221601489758,15.27001862197393,67.59776536312849,4.0968342644320295,63.50093109869647
E00133990,328,110,61,49,218,11,207,33.53658536585366,18.597560975609756,14.939024390243901,66.46341463414635,3.353658536585366,63.109756097560975
E00133991,310,89,41,48,221,17,204,28.70967741935484,13.225806451612904,15.483870967741936,71.29032258064515,5.483870967741936,65.80645161290323
E00133992,260,61,27,34,199,17,182,23.46153846153846,10.384615384615385,13.076923076923078,76.53846153846153,6.538461538461539,70
E00133993,309,116,61,55,193,22,171,37.54045307443366,19.741100323624593,17.79935275080906,62.45954692556634,7.119741100323624,55.33980582524271
E00133994,283,66,30,36,217,13,204,23.32155477031802,10.60070671378092,12.7208480565371,76.67844522968198,4.593639575971731,72.08480565371025
E00133995,313,66,27,39,247,24,223,21.08626198083067,8.626198083067091,12.460063897763577,78.91373801916933,7.667731629392971,71.24600638977637
E00133996,263,57,24,33,206,15,191,21.673003802281368,9.125475285171103,12.547528517110266,78.32699619771863,5.7034220532319395,72.6235741444867
E00133997,283,55,26,29,228,13,215,19.434628975265017,9.187279151943462,10.247349823321555,80.56537102473497,4.593639575971731,75.97173144876325
E00133998,333,92,48,44,241,20,221,27.627627627627625,14.414414414414415,13.213213213213212,72.37237237237237,6.006006006006006,66.36636636636636
E00133999,274,59,22,37,215,23,192,21.532846715328464,8.02919708029197,13.503649635036496,78.46715328467153,8.394160583941606,70.07299270072993
E00134000,294,74,44,30,220,30,190,25.170068027210885,14.965986394557824,10.204081632653061,74.82993197278913,10.204081632653061,64.62585034013605
E00134001,262,84,37,47,178,15,163,32.06106870229007,14.122137404580155,17.938931297709924,67.93893129770993,5.7251908396946565,62.213740458015266
E00134002,303,73,30,43,230,23,207,24.09240924092409,9.900990099009901,14.19141914191419,75.9075907590759,7.590759075907591,68.31683168316832
E00134003,424,99,40,59,325,33,292,23.349056603773587,9.433962264150944,13.915094339622641,76.65094339622641,7.783018867924528,68.86792452830188
E00134004,269,46,13,33,223,27,196,17.100371747211895,4.83271375464684,12.267657992565056,82.8996282527881,10.037174721189592,72.86245353159852
E00134005,416,60,24,36,356,30,326,14.423076923076922,5.769230769230769,8.653846153846153,85.57692307692307,7.211538461538461,78.36538461538461
E00134006,249,60,26,34,189,23,166,24.096385542168676,10.441767068273093,13.654618473895583,75.90361445783132,9.236947791164658,66.66666666666666
E00134007,257,49,22,27,208,15,193,19.06614785992218,8.560311284046692,10.505836575875486,80.93385214007782,5.836575875486381,75.09727626459144
E00134008,333,50,15,35,283,34,249,15.015015015015015,4.504504504504505,10.51051051051051,84.98498498498499,10.21021021021021,74.77477477477478
E00134009,236,78,33,45,158,24,134,33.05084745762712,13.983050847457626,19.06779661016949,66.94915254237289,10.16949152542373,56.779661016949156
E00134010,275,78,27,51,197,21,176,28.363636363636363,9.818181818181818,18.545454545454547,71.63636363636363,7.636363636363637,64
E00134011,318,70,32,38,248,21,227,22.0125786163522,10.062893081761008,11.949685534591195,77.9874213836478,6.60377358490566,71.38364779874213
E00134012,298,77,35,42,221,17,204,25.838926174496645,11.74496644295302,14.093959731543624,74.16107382550335,5.704697986577181,68.45637583892618
E00134014,358,68,27,41,290,24,266,18.994413407821227,7.5418994413407825,11.452513966480447,81.00558659217877,6.70391061452514,74.30167597765363
E00134015,290,78,35,43,212,27,185,26.89655172413793,12.068965517241379,14.827586206896552,73.10344827586206,9.310344827586208,63.793103448275865
E00134016,268,62,28,34,206,15,191,23.134328358208954,10.44776119402985,12.686567164179104,76.86567164179104,5.597014925373134,71.26865671641791
E00134017,256,59,30,29,197,23,174,23.046875,11.71875,11.328125,76.953125,8.984375,67.96875
E00134018,432,89,39,50,343,39,304,20.60185185185185,9.027777777777777,11.574074074074074,79.39814814814815,9.027777777777777,70.37037037037037
E00134019,449,73,35,38,376,33,343,16.258351893095767,7.795100222717149,8.463251670378618,83.74164810690424,7.349665924276169,76.39198218262806
E00134020,312,66,27,39,246,28,218,21.153846153846153,8.653846153846153,12.5,78.84615384615384,8.974358974358974,69.87179487179486
E00134021,253,46,16,30,207,15,192,18.181818181818183,6.324110671936759,11.857707509881422,81.81818181818183,5.928853754940711,75.8893280632411
E00134022,295,83,32,51,212,15,197,28.135593220338983,10.847457627118644,17.28813559322034,71.86440677966101,5.084745762711865,66.77966101694915
E00134023,319,80,25,55,239,21,218,25.07836990595611,7.836990595611286,17.24137931034483,74.92163009404389,6.583072100313479,68.3385579937304
E00134024,275,64,21,43,211,20,191,23.272727272727273,7.636363636363637,15.636363636363637,76.72727272727272,7.2727272727272725,69.45454545454545
E00134025,246,70,34,36,176,16,160,28.455284552845526,13.821138211382115,14.634146341463413,71.54471544715447,6.504065040650407,65.04065040650406
E00134026,355,114,56,58,241,15,226,32.11267605633803,15.774647887323944,16.338028169014084,67.88732394366197,4.225352112676056,63.66197183098592
E00134027,441,78,33,45,363,36,327,17.687074829931973,7.482993197278912,10.204081632653061,82.31292517006803,8.16326530612245,74.14965986394559
E00134029,226,72,39,33,154,26,128,31.858407079646017,17.25663716814159,14.601769911504425,68.14159292035397,11.504424778761061,56.63716814159292
E00134030,274,89,41,48,185,17,168,32.481751824817515,14.963503649635038,17.51824817518248,67.51824817518248,6.204379562043796,61.31386861313869
E00134031,299,92,45,47,207,23,184,30.76923076923077,15.050167224080269,15.719063545150503,69.23076923076923,7.6923076923076925,61.53846153846154
E00134033,203,63,23,40,140,9,131,31.03448275862069,11.330049261083744,19.704433497536947,68.96551724137932,4.433497536945813,64.5320197044335
E00134034,333,114,37,77,219,21,198,34.234234234234236,11.11111111111111,23.123123123123122,65.76576576576578,6.306306306306306,59.45945945945946
E00134035,268,99,42,57,169,17,152,36.940298507462686,15.671641791044777,21.26865671641791,63.059701492537314,6.343283582089552,56.71641791044776
E00134036,258,71,38,33,187,20,167,27.51937984496124,14.728682170542637,12.790697674418606,72.48062015503875,7.751937984496124,64.72868217054264
E00134037,349,117,59,58,232,21,211,33.5243553008596,16.9054441260745,16.6189111747851,66.4756446991404,6.017191977077363,60.458452722063036
E00134038,239,53,19,34,186,14,172,22.17573221757322,7.949790794979079,14.225941422594143,77.82426778242679,5.857740585774058,71.96652719665272
E00134039,413,117,67,50,296,21,275,28.329297820823246,16.222760290556902,12.106537530266344,71.67070217917676,5.084745762711865,66.58595641646488
E00134040,554,99,41,58,455,45,410,17.870036101083034,7.400722021660649,10.469314079422382,82.12996389891697,8.12274368231047,74.0072202166065
E00134041,292,75,33,42,217,23,194,25.684931506849317,11.301369863013697,14.383561643835616,74.31506849315068,7.876712328767123,66.43835616438356
E00134042,111,11,4,7,100,5,95,9.90990990990991,3.6036036036036037,6.306306306306306,90.09009009009009,4.504504504504505,85.58558558558559
E00134043,461,88,43,45,373,38,335,19.088937093275486,9.327548806941431,9.761388286334057,80.91106290672451,8.24295010845987,72.66811279826464
E00134044,130,15,5,10,115,10,105,11.538461538461538,3.8461538461538463,7.6923076923076925,88.46153846153845,7.6923076923076925,80.76923076923077
E00134045,103,20,4,16,83,9,74,19.41747572815534,3.8834951456310676,15.53398058252427,80.58252427184466,8.737864077669903,71.84466019417476
E00134046,387,80,28,52,307,34,273,20.671834625322997,7.235142118863049,13.436692506459949,79.32816537467701,8.785529715762273,70.54263565891473
E00134047,124,24,12,12,100,9,91,19.35483870967742,9.67741935483871,9.67741935483871,80.64516129032258,7.258064516129033,73.38709677419355
E00134048,312,64,24,40,248,26,222,20.51282051282051,7.6923076923076925,12.82051282051282,79.48717948717949,8.333333333333332,71.15384615384616
E00134049,235,73,30,43,162,18,144,31.06382978723404,12.76595744680851,18.29787234042553,68.93617021276596,7.659574468085106,61.27659574468085
E00134050,342,81,29,52,261,30,231,23.684210526315788,8.47953216374269,15.204678362573098,76.31578947368422,8.771929824561402,67.54385964912281
E00134051,111,29,7,22,82,6,76,26.126126126126124,6.306306306306306,19.81981981981982,73.87387387387388,5.405405405405405,68.46846846846847
E00134052,454,74,29,45,380,25,355,16.299559471365637,6.387665198237885,9.911894273127754,83.70044052863436,5.506607929515418,78.19383259911893
E00134053,427,79,23,56,348,43,305,18.501170960187356,5.386416861826698,13.114754098360656,81.49882903981265,10.070257611241217,71.42857142857143
E00134054,199,43,19,24,156,14,142,21.608040201005025,9.547738693467336,12.060301507537687,78.39195979899498,7.035175879396985,71.35678391959799
E00134055,328,49,15,34,279,27,252,14.939024390243901,4.573170731707317,10.365853658536585,85.0609756097561,8.231707317073171,76.82926829268293
E00134056,213,51,20,31,162,19,143,23.943661971830984,9.389671361502346,14.553990610328638,76.05633802816901,8.92018779342723,67.13615023474179
E00134057,245,46,18,28,199,26,173,18.775510204081634,7.346938775510205,11.428571428571429,81.22448979591836,10.612244897959183,70.61224489795919
E00134058,234,35,12,23,199,18,181,14.957264957264957,5.128205128205128,9.82905982905983,85.04273504273505,7.6923076923076925,77.35042735042735
E00134059,303,77,31,46,226,30,196,25.412541254125415,10.231023102310232,15.181518151815181,74.58745874587459,9.900990099009901,64.68646864686468
E00134060,276,72,27,45,204,17,187,26.08695652173913,9.782608695652174,16.304347826086957,73.91304347826086,6.159420289855073,67.7536231884058
E00134061,337,61,21,40,276,21,255,18.100890207715135,6.231454005934718,11.869436201780417,81.89910979228486,6.231454005934718,75.66765578635015
E00134062,315,51,17,34,264,31,233,16.19047619047619,5.396825396825397,10.793650793650794,83.80952380952381,9.841269841269842,73.96825396825398
E00134063,240,41,15,26,199,10,189,17.083333333333332,6.25,10.833333333333334,82.91666666666667,4.166666666666666,78.75
E00134064,268,68,33,35,200,16,184,25.37313432835821,12.313432835820896,13.059701492537313,74.6268656716418,5.970149253731343,68.65671641791045
E00134065,260,55,22,33,205,18,187,21.153846153846153,8.461538461538462,12.692307692307692,78.84615384615384,6.923076923076923,71.92307692307692
E00134066,237,51,14,37,186,17,169,21.518987341772153,5.9071729957805905,15.611814345991561,78.48101265822784,7.172995780590717,71.30801687763713
E00134067,459,92,38,54,367,39,328,20.043572984749456,8.278867102396514,11.76470588235294,79.95642701525054,8.49673202614379,71.45969498910677
E00134068,224,44,17,27,180,19,161,19.642857142857142,7.5892857142857135,12.053571428571429,80.35714285714286,8.482142857142858,71.875
E00134069,176,19,4,15,157,9,148,10.795454545454545,2.272727272727273,8.522727272727272,89.20454545454545,5.113636363636364,84.0909090909091
E00134070,151,16,4,12,135,13,122,10.596026490066226,2.6490066225165565,7.9470198675496695,89.40397350993378,8.609271523178808,80.79470198675497
E00134071,263,69,27,42,194,17,177,26.23574144486692,10.26615969581749,15.96958174904943,73.76425855513308,6.4638783269961975,67.30038022813687
E00134073,450,137,62,75,313,31,282,30.444444444444446,13.777777777777779,16.666666666666664,69.55555555555556,6.888888888888889,62.66666666666667
E00134075,236,91,38,53,145,13,132,38.559322033898304,16.101694915254235,22.45762711864407,61.440677966101696,5.508474576271186,55.932203389830505
E00134076,313,82,36,46,231,13,218,26.198083067092654,11.501597444089457,14.696485623003195,73.80191693290735,4.15335463258786,69.6485623003195
E00134077,282,73,38,35,209,22,187,25.886524822695034,13.47517730496454,12.411347517730496,74.11347517730496,7.801418439716312,66.31205673758865
E00134078,270,84,42,42,186,26,160,31.11111111111111,15.555555555555555,15.555555555555555,68.88888888888889,9.62962962962963,59.25925925925925
E00134079,484,107,40,67,377,42,335,22.107438016528928,8.264462809917356,13.842975206611571,77.89256198347107,8.677685950413224,69.21487603305785
E00134080,310,83,40,43,227,25,202,26.7741935483871,12.903225806451612,13.870967741935484,73.22580645161291,8.064516129032258,65.16129032258064
E00134081,329,86,44,42,243,32,211,26.13981762917933,13.37386018237082,12.76595744680851,73.86018237082067,9.72644376899696,64.13373860182371
E00134082,177,30,13,17,147,11,136,16.94915254237288,7.344632768361582,9.6045197740113,83.05084745762711,6.214689265536723,76.8361581920904
E00134083,285,44,12,32,241,25,216,15.43859649122807,4.2105263157894735,11.228070175438596,84.56140350877193,8.771929824561402,75.78947368421053
E00134084,265,49,13,36,216,24,192,18.49056603773585,4.905660377358491,13.584905660377359,81.50943396226415,9.056603773584905,72.45283018867924
E00134085,225,39,8,31,186,15,171,17.333333333333336,3.5555555555555554,13.777777777777779,82.66666666666667,6.666666666666667,76
E00134086,404,86,32,54,318,28,290,21.287128712871286,7.920792079207921,13.366336633663368,78.71287128712872,6.9306930693069315,71.78217821782178
E00134088,389,72,28,44,317,32,285,18.50899742930591,7.197943444730077,11.311053984575835,81.49100257069408,8.226221079691516,73.26478149100257
E00134089,237,73,33,40,164,25,139,30.801687763713083,13.924050632911392,16.877637130801688,69.19831223628692,10.548523206751055,58.64978902953587
E00134090,209,54,16,38,155,23,132,25.837320574162682,7.655502392344498,18.181818181818183,74.16267942583733,11.004784688995215,63.1578947368421
E00134091,318,51,16,35,267,23,244,16.037735849056602,5.031446540880504,11.0062893081761,83.9622641509434,7.232704402515723,76.72955974842768
E00134092,341,82,44,38,259,32,227,24.04692082111437,12.903225806451612,11.143695014662756,75.95307917888563,9.3841642228739,66.56891495601172
E00134093,277,49,24,25,228,14,214,17.689530685920577,8.664259927797833,9.025270758122744,82.31046931407943,5.054151624548736,77.25631768953069
E00134095,288,64,21,43,224,29,195,22.22222222222222,7.291666666666667,14.930555555555555,77.77777777777779,10.069444444444445,67.70833333333334
E00134096,272,50,15,35,222,31,191,18.38235294117647,5.514705882352941,12.867647058823529,81.61764705882352,11.397058823529411,70.22058823529412
E00134098,450,64,24,40,386,44,342,14.222222222222221,5.333333333333334,8.88888888888889,85.77777777777777,9.777777777777779,76
E00134099,227,47,11,36,180,23,157,20.704845814977972,4.845814977973569,15.859030837004406,79.29515418502203,10.13215859030837,69.16299559471366
E00134100,257,62,23,39,195,34,161,24.124513618677042,8.949416342412452,15.17509727626459,75.87548638132296,13.229571984435799,62.64591439688716
E00134101,295,50,16,34,245,30,215,16.94915254237288,5.423728813559322,11.525423728813559,83.05084745762711,10.16949152542373,72.88135593220339
E00134102,287,57,15,42,230,34,196,19.860627177700348,5.2264808362369335,14.634146341463413,80.13937282229965,11.846689895470384,68.29268292682927
E00134103,361,63,13,50,298,28,270,17.451523545706372,3.6011080332409975,13.850415512465375,82.54847645429363,7.756232686980609,74.79224376731301
E00134104,204,60,34,26,144,19,125,29.411764705882355,16.666666666666664,12.745098039215685,70.58823529411765,9.313725490196079,61.274509803921575
E00134105,317,53,11,42,264,30,234,16.7192429022082,3.4700315457413247,13.249211356466878,83.2807570977918,9.46372239747634,73.81703470031546
E00134106,309,54,19,35,255,30,225,17.475728155339805,6.148867313915858,11.326860841423949,82.52427184466019,9.70873786407767,72.81553398058253
E00134107,148,27,10,17,121,16,105,18.243243243243242,6.756756756756757,11.486486486486488,81.75675675675676,10.81081081081081,70.94594594594594
E00134108,195,21,3,18,174,19,155,10.76923076923077,1.5384615384615385,9.230769230769232,89.23076923076924,9.7435897435897445,79.48717948717949
E00134110,204,34,6,28,170,14,156,16.666666666666664,2.941176470588235,13.725490196078432,83.33333333333334,6.862745098039216,76.47058823529412
E00134111,384,95,41,54,289,26,263,24.739583333333336,10.677083333333332,14.0625,75.26041666666666,6.770833333333333,68.48958333333334
E00134112,420,76,21,55,344,38,306,18.095238095238095,5,13.095238095238097,81.9047619047619,9.047619047619047,72.85714285714285
E00134113,242,37,12,25,205,29,176,15.289256198347106,4.958677685950414,10.330578512396695,84.71074380165288,11.983471074380166,72.72727272727273
E00134114,226,36,13,23,190,20,170,15.929203539823009,5.752212389380531,10.176991150442479,84.070796460177,8.849557522123893,75.22123893805309
E00134116,368,51,13,38,317,38,279,13.858695652173914,3.532608695652174,10.326086956521738,86.1413043478261,10.326086956521738,75.81521739130434
E00134117,237,65,21,44,172,10,162,27.42616033755274,8.860759493670885,18.565400843881857,72.57383966244726,4.219409282700422,68.35443037974683
E00134118,260,60,20,40,200,22,178,23.076923076923077,7.6923076923076925,15.384615384615385,76.92307692307693,8.461538461538462,68.46153846153847
E00134119,197,53,21,32,144,15,129,26.903553299492383,10.65989847715736,16.243654822335024,73.09644670050761,7.614213197969544,65.48223350253807
E00134120,185,49,18,31,136,19,117,26.486486486486488,9.72972972972973,16.756756756756758,73.51351351351352,10.27027027027027,63.24324324324324
E00134121,509,75,23,52,434,53,381,14.734774066797643,4.518664047151278,10.216110019646365,85.26522593320236,10.412573673870334,74.85265225933202
E00134122,402,79,26,53,323,43,280,19.65174129353234,6.467661691542288,13.184079601990051,80.34825870646766,10.696517412935323,69.65174129353234
E00134123,220,66,40,26,154,21,133,30,18.181818181818183,11.818181818181818,70,9.545454545454547,60.45454545454545
E00134124,105,21,5,16,84,3,81,20,4.761904761904762,15.238095238095239,80,2.857142857142857,77.14285714285715
E00134125,136,14,6,8,122,9,113,10.294117647058822,4.411764705882353,5.88235294117647,89.70588235294117,6.61764705882353,83.08823529411765
E00134126,108,21,8,13,87,13,74,19.444444444444446,7.4074074074074066,12.037037037037036,80.55555555555556,12.037037037037036,68.51851851851852
E00134129,230,44,15,29,186,20,166,19.130434782608695,6.521739130434782,12.608695652173912,80.8695652173913,8.695652173913043,72.17391304347827
E00134130,310,67,31,36,243,29,214,21.612903225806452,10,11.612903225806452,78.38709677419354,9.35483870967742,69.03225806451613
E00134131,275,65,18,47,210,17,193,23.636363636363637,6.545454545454546,17.09090909090909,76.36363636363637,6.181818181818182,70.18181818181817
E00134132,405,65,22,43,340,32,308,16.049382716049383,5.432098765432099,10.617283950617285,83.9506172839506,7.901234567901234,76.04938271604938
E00134133,301,57,22,35,244,36,208,18.93687707641196,7.308970099667775,11.627906976744185,81.06312292358804,11.960132890365449,69.10299003322258
E00134134,442,64,22,42,378,28,350,14.479638009049776,4.97737556561086,9.502262443438914,85.52036199095022,6.334841628959276,79.18552036199095
E00134135,609,74,16,58,535,39,496,12.151067323481117,2.6272577996715927,9.523809523809524,87.84893267651888,6.403940886699508,81.44499178981938
E00134136,223,36,11,25,187,28,159,16.143497757847534,4.932735426008969,11.210762331838566,83.85650224215246,12.556053811659194,71.30044843049326
E00134137,210,26,10,16,184,16,168,12.380952380952381,4.761904761904762,7.6190476190476195,87.61904761904762,7.6190476190476195,80
E00134138,292,84,49,35,208,17,191,28.767123287671232,16.78082191780822,11.986301369863012,71.23287671232876,5.821917808219178,65.41095890410958
E00134139,416,72,31,41,344,21,323,17.307692307692307,7.451923076923077,9.85576923076923,82.6923076923077,5.048076923076923,77.64423076923077
E00134140,140,31,13,18,109,9,100,22.142857142857142,9.285714285714286,12.857142857142856,77.85714285714286,6.428571428571428,71.42857142857143
E00134141,290,58,24,34,232,18,214,20,8.275862068965518,11.724137931034482,80,6.206896551724138,73.79310344827587
E00134143,312,66,28,38,246,17,229,21.153846153846153,8.974358974358974,12.179487179487179,78.84615384615384,5.448717948717949,73.3974358974359
E00134144,419,66,24,42,353,34,319,15.75178997613365,5.727923627684964,10.023866348448687,84.24821002386635,8.1145584725537,76.13365155131265
E00134145,323,61,22,39,262,23,239,18.885448916408667,6.811145510835913,12.074303405572756,81.11455108359134,7.120743034055728,73.9938080495356
E00134146,261,60,34,26,201,17,184,22.988505747126435,13.026819923371647,9.961685823754788,77.01149425287356,6.513409961685824,70.49808429118774
E00134147,440,59,20,39,381,36,345,13.40909090909091,4.545454545454546,8.863636363636363,86.5909090909091,8.181818181818182,78.4090909090909
E00134148,218,36,15,21,182,20,162,16.51376146788991,6.8807339449541285,9.63302752293578,83.4862385321101,9.174311926605505,74.31192660550458
E00134149,338,51,18,33,287,38,249,15.088757396449704,5.325443786982249,9.763313609467456,84.91124260355029,11.242603550295858,73.66863905325444
E00134150,319,80,55,25,239,19,220,25.07836990595611,17.24137931034483,7.836990595611286,74.92163009404389,5.956112852664576,68.96551724137932
E00134151,294,51,25,26,243,20,223,17.346938775510203,8.503401360544217,8.843537414965986,82.6530612244898,6.802721088435375,75.85034013605441
E00134152,369,78,39,39,291,18,273,21.138211382113823,10.569105691056912,10.569105691056912,78.86178861788618,4.878048780487805,73.98373983739837
E00134153,542,81,29,52,461,39,422,14.944649446494465,5.350553505535055,9.59409594095941,85.05535055350553,7.195571955719557,77.85977859778598
E00134154,303,56,25,31,247,22,225,18.48184818481848,8.25082508250825,10.231023102310232,81.51815181518151,7.2607260726072615,74.25742574257426
E00134155,329,82,32,50,247,32,215,24.924012158054712,9.72644376899696,15.19756838905775,75.07598784194529,9.72644376899696,65.34954407294833
E00134156,314,55,16,39,259,30,229,17.51592356687898,5.095541401273886,12.420382165605096,82.48407643312102,9.554140127388536,72.92993630573248
E00134157,347,111,72,39,236,25,211,31.988472622478387,20.7492795389049,11.239193083573488,68.01152737752162,7.204610951008646,60.80691642651297
E00134158,244,52,24,28,192,26,166,21.311475409836063,9.836065573770492,11.475409836065573,78.68852459016394,10.655737704918032,68.0327868852459
E00134159,323,44,17,27,279,24,255,13.622291021671826,5.263157894736842,8.359133126934983,86.37770897832817,7.430340557275541,78.94736842105263
E00134160,265,61,26,35,204,22,182,23.0188679245283,9.811320754716983,13.20754716981132,76.9811320754717,8.30188679245283,68.67924528301886
E00134161,383,52,16,36,331,33,298,13.577023498694519,4.177545691906006,9.39947780678851,86.42297650130548,8.616187989556137,77.80678851174935
E00134162,317,50,17,33,267,20,247,15.772870662460567,5.3627760252365935,10.410094637223976,84.22712933753942,6.309148264984227,77.91798107255521
E00134163,329,37,15,22,292,26,266,11.246200607902736,4.5592705167173255,6.68693009118541,88.75379939209726,7.90273556231003,80.85106382978722
E00134164,545,55,20,35,490,51,439,10.091743119266056,3.669724770642202,6.422018348623854,89.90825688073394,9.357798165137615,80.55045871559633
E00134165,255,48,20,28,207,34,173,18.823529411764707,7.8431372549019605,10.980392156862745,81.17647058823529,13.333333333333334,67.84313725490196
E00134166,293,47,13,34,246,35,211,16.040955631399317,4.436860068259386,11.604095563139932,83.95904436860067,11.945392491467576,72.01365187713311
E00134167,360,57,20,37,303,31,272,15.833333333333332,5.555555555555555,10.277777777777777,84.16666666666667,8.61111111111111,75.55555555555556
E00134168,210,33,13,20,177,25,152,15.714285714285714,6.190476190476191,9.523809523809524,84.28571428571429,11.904761904761903,72.38095238095238
E00134169,550,115,65,50,435,58,377,20.909090909090907,11.818181818181818,9.090909090909092,79.0909090909091,10.545454545454545,68.54545454545455
E00134170,249,78,40,38,171,19,152,31.32530120481928,16.06425702811245,15.261044176706829,68.67469879518072,7.630522088353414,61.044176706827315
E00134171,331,124,70,54,207,33,174,37.46223564954683,21.148036253776432,16.314199395770395,62.53776435045317,9.969788519637463,52.567975830815705
E00134172,245,58,20,38,187,19,168,23.6734693877551,8.16326530612245,15.510204081632653,76.32653061224491,7.755102040816326,68.57142857142857
E00134173,490,83,29,54,407,39,368,16.93877551020408,5.918367346938775,11.020408163265307,83.06122448979592,7.959183673469387,75.10204081632654
E00134174,305,56,22,34,249,31,218,18.360655737704917,7.213114754098362,11.147540983606557,81.63934426229508,10.163934426229508,71.47540983606558
E00134175,455,119,47,72,336,34,302,26.153846153846157,10.329670329670328,15.824175824175823,73.84615384615385,7.472527472527473,66.37362637362637
E00134176,410,58,26,32,352,24,328,14.146341463414632,6.341463414634147,7.804878048780488,85.85365853658537,5.853658536585367,80
E00134177,278,82,33,49,196,30,166,29.496402877697843,11.870503597122301,17.62589928057554,70.50359712230215,10.79136690647482,59.71223021582733
E00134178,445,118,42,76,327,44,283,26.516853932584272,9.438202247191011,17.078651685393258,73.48314606741573,9.887640449438202,63.59550561797753
E00134179,372,56,23,33,316,28,288,15.053763440860216,6.182795698924731,8.870967741935484,84.94623655913979,7.526881720430108,77.41935483870968
E00134180,276,94,42,52,182,24,158,34.05797101449276,15.217391304347828,18.84057971014493,65.94202898550725,8.695652173913043,57.2463768115942
E00134181,253,87,29,58,166,30,136,34.387351778656125,11.462450592885375,22.92490118577075,65.61264822134387,11.857707509881422,53.75494071146245
E00134182,360,65,22,43,295,27,268,18.055555555555554,6.111111111111111,11.944444444444445,81.94444444444444,7.5,74.44444444444444
E00134183,342,55,20,35,287,36,251,16.08187134502924,5.847953216374268,10.23391812865497,83.91812865497076,10.526315789473683,73.39181286549707
E00134184,507,97,34,63,410,35,375,19.13214990138067,6.70611439842209,12.42603550295858,80.86785009861933,6.903353057199212,73.96449704142012
E00134185,377,73,23,50,304,32,272,19.363395225464192,6.10079575596817,13.262599469496022,80.63660477453581,8.488063660477453,72.14854111405835
E00134186,384,65,27,38,319,38,281,16.927083333333336,7.03125,9.895833333333332,83.07291666666666,9.895833333333332,73.17708333333334
E00134187,235,46,20,26,189,17,172,19.574468085106382,8.51063829787234,11.063829787234042,80.42553191489363,7.234042553191489,73.19148936170212
E00134188,332,51,30,21,281,24,257,15.36144578313253,9.036144578313253,6.325301204819277,84.63855421686746,7.228915662650602,77.40963855421687
E00134189,274,64,27,37,210,9,201,23.357664233576642,9.854014598540147,13.503649635036496,76.64233576642336,3.2846715328467155,73.35766423357664
E00134190,505,92,39,53,413,29,384,18.217821782178216,7.7227722772277225,10.495049504950495,81.78217821782178,5.742574257425743,76.03960396039604
E00134191,213,43,24,19,170,19,151,20.187793427230048,11.267605633802818,8.92018779342723,79.81220657276995,8.92018779342723,70.89201877934272
E00134192,222,32,12,20,190,28,162,14.414414414414415,5.405405405405405,9.00900900900901,85.58558558558559,12.612612612612612,72.97297297297297
E00134193,479,120,45,75,359,37,322,25.052192066805844,9.394572025052192,15.657620041753653,74.94780793319416,7.724425887265135,67.22338204592901
E00134194,309,105,55,50,204,24,180,33.980582524271846,17.79935275080906,16.181229773462782,66.01941747572816,7.766990291262135,58.252427184466015
E00134195,393,75,25,50,318,38,280,19.083969465648856,6.361323155216285,12.72264631043257,80.91603053435115,9.669211195928753,71.2468193384224
E00134196,328,65,20,45,263,29,234,19.817073170731707,6.097560975609756,13.719512195121952,80.1829268292683,8.841463414634147,71.34146341463415
E00134197,329,31,9,22,298,39,259,9.422492401215806,2.735562310030395,6.68693009118541,90.5775075987842,11.854103343465045,78.72340425531915
E00134198,312,36,13,23,276,28,248,11.538461538461538,4.166666666666666,7.371794871794872,88.46153846153845,8.974358974358974,79.48717948717949
E00134200,425,60,20,40,365,43,322,14.117647058823529,4.705882352941177,9.411764705882353,85.88235294117646,10.117647058823529,75.76470588235294
E00134201,497,83,27,56,414,46,368,16.700201207243463,5.432595573440644,11.267605633802818,83.29979879275655,9.25553319919517,74.04426559356136
E00134202,280,37,12,25,243,22,221,13.214285714285715,4.285714285714286,8.928571428571429,86.78571428571429,7.857142857142857,78.92857142857143
E00134203,306,78,28,50,228,31,197,25.49019607843137,9.15032679738562,16.33986928104575,74.50980392156863,10.130718954248366,64.37908496732027
E00134204,205,52,22,30,153,12,141,25.365853658536587,10.731707317073171,14.634146341463413,74.63414634146342,5.853658536585367,68.78048780487805
E00134205,447,78,26,52,369,51,318,17.449664429530202,5.8165548098434,11.6331096196868,82.5503355704698,11.409395973154362,71.14093959731544
E00134206,209,37,14,23,172,18,154,17.703349282296653,6.698564593301436,11.004784688995215,82.29665071770334,8.61244019138756,73.68421052631578
E00134207,178,38,18,20,140,11,129,21.34831460674157,10.112359550561797,11.235955056179774,78.65168539325843,6.179775280898876,72.47191011235955
E00134208,340,79,43,36,261,21,240,23.235294117647058,12.647058823529411,10.588235294117647,76.76470588235294,6.176470588235294,70.58823529411765
E00134209,363,73,43,30,290,24,266,20.110192837465565,11.84573002754821,8.264462809917356,79.88980716253444,6.6115702479338845,73.27823691460054
E00134210,231,45,22,23,186,10,176,19.480519480519483,9.523809523809524,9.956709956709958,80.51948051948052,4.329004329004329,76.19047619047619
E00134211,182,53,22,31,129,9,120,29.120879120879124,12.087912087912088,17.032967032967033,70.87912087912088,4.945054945054945,65.93406593406593
E00134212,204,42,21,21,162,26,136,20.588235294117645,10.294117647058822,10.294117647058822,79.41176470588235,12.745098039215685,66.66666666666666
E00134213,389,67,32,35,322,43,279,17.223650385604113,8.226221079691516,8.997429305912597,82.77634961439588,11.053984575835475,71.72236503856041
E00134214,310,76,28,48,234,25,209,24.516129032258064,9.032258064516128,15.483870967741936,75.48387096774194,8.064516129032258,67.41935483870968
E00134216,292,60,20,40,232,17,215,20.54794520547945,6.8493150684931505,13.698630136986301,79.45205479452055,5.821917808219178,73.63013698630137
E00134217,317,52,18,34,265,33,232,16.40378548895899,5.678233438485805,10.725552050473187,83.59621451104101,10.410094637223976,73.18611987381703
E00134219,293,53,18,35,240,31,209,18.088737201365188,6.143344709897611,11.945392491467576,81.91126279863481,10.580204778156997,71.33105802047781
E00134220,291,45,14,31,246,24,222,15.463917525773196,4.810996563573884,10.652920962199312,84.5360824742268,8.24742268041237,76.28865979381443
E00134221,266,61,30,31,205,21,184,22.932330827067666,11.278195488721805,11.654135338345863,77.06766917293233,7.894736842105263,69.17293233082707
E00134222,286,44,12,32,242,18,224,15.384615384615385,4.195804195804196,11.188811188811188,84.61538461538461,6.293706293706294,78.32167832167832
E00134223,126,30,14,16,96,5,91,23.809523809523807,11.11111111111111,12.698412698412698,76.19047619047619,3.968253968253968,72.22222222222221
E00168556,231,29,13,16,202,18,184,12.554112554112553,5.627705627705628,6.926406926406926,87.44588744588745,7.792207792207792,79.65367965367966
E00168557,239,60,27,33,179,20,159,25.10460251046025,11.297071129707113,13.807531380753138,74.89539748953975,8.368200836820083,66.52719665271967
E00168558,279,41,11,30,238,19,219,14.695340501792115,3.942652329749104,10.75268817204301,85.30465949820788,6.810035842293908,78.49462365591397
E00168559,257,32,10,22,225,27,198,12.45136186770428,3.8910505836575875,8.560311284046692,87.54863813229572,10.505836575875486,77.04280155642024
E00168560,251,57,20,37,194,31,163,22.709163346613543,7.968127490039841,14.741035856573706,77.29083665338645,12.350597609561753,64.9402390438247
E00168561,321,44,19,25,277,28,249,13.707165109034266,5.919003115264798,7.78816199376947,86.29283489096574,8.722741433021806,77.57009345794393
E00168562,380,106,43,63,274,29,245,27.89473684210526,11.31578947368421,16.57894736842105,72.10526315789474,7.631578947368421,64.47368421052632
E00168563,353,42,11,31,311,29,282,11.89801699716714,3.1161473087818696,8.78186968838527,88.10198300283287,8.21529745042493,79.88668555240793
E00168564,285,56,20,36,229,19,210,19.649122807017545,7.017543859649122,12.631578947368421,80.35087719298247,6.666666666666667,73.68421052631578
E00168565,283,58,22,36,225,25,200,20.49469964664311,7.773851590106007,12.7208480565371,79.50530035335689,8.8339222614841,70.6713780918728
E00168566,568,59,18,41,509,45,464,10.387323943661972,3.169014084507042,7.21830985915493,89.61267605633803,7.922535211267606,81.69014084507043
E00168568,187,17,6,11,170,14,156,9.090909090909092,3.2085561497326207,5.88235294117647,90.9090909090909,7.4866310160427805,83.42245989304813
E00168569,273,40,12,28,233,21,212,14.652014652014653,4.395604395604396,10.256410256410255,85.34798534798534,7.6923076923076925,77.65567765567766
E00168570,350,76,31,45,274,23,251,21.714285714285715,8.857142857142856,12.857142857142856,78.28571428571428,6.571428571428571,71.71428571428572
E00168571,308,40,7,33,268,31,237,12.987012987012985,2.272727272727273,10.714285714285714,87.01298701298701,10.064935064935066,76.94805194805194
E00168572,258,53,22,31,205,22,183,20.54263565891473,8.527131782945736,12.015503875968992,79.45736434108527,8.527131782945736,70.93023255813954
E00168573,309,28,9,19,281,30,251,9.06148867313916,2.912621359223301,6.148867313915858,90.93851132686083,9.70873786407767,81.22977346278317
E00168574,404,71,29,42,333,54,279,17.574257425742573,7.1782178217821775,10.396039603960396,82.42574257425743,13.366336633663368,69.05940594059405
E00185266,211,29,12,17,182,19,163,13.744075829383887,5.687203791469194,8.056872037914692,86.25592417061611,9.004739336492891,77.25118483412322
E00185287,234,76,25,51,158,19,139,32.47863247863248,10.683760683760683,21.794871794871796,67.52136752136752,8.11965811965812,59.401709401709404
E00185293,345,45,10,35,300,21,279,13.043478260869565,2.898550724637681,10.144927536231885,86.95652173913044,6.086956521739131,80.8695652173913
E00185296,111,23,11,12,88,5,83,20.72072072072072,9.90990990990991,10.81081081081081,79.27927927927928,4.504504504504505,74.77477477477478
E00185300,318,72,33,39,246,18,228,22.641509433962266,10.377358490566039,12.264150943396226,77.35849056603774,5.660377358490567,71.69811320754717
E00185303,373,66,23,43,307,35,272,17.694369973190348,6.166219839142091,11.528150134048257,82.30563002680965,9.383378016085791,72.92225201072387
E00185311,322,73,31,42,249,37,212,22.67080745341615,9.627329192546584,13.043478260869565,77.32919254658384,11.490683229813664,65.83850931677019
E00185312,110,20,7,13,90,10,80,18.181818181818183,6.363636363636363,11.818181818181818,81.81818181818183,9.090909090909092,72.72727272727273
E00185325,245,77,33,44,168,17,151,31.428571428571427,13.46938775510204,17.959183673469386,68.57142857142857,6.938775510204081,61.63265306122449
E00185326,364,57,17,40,307,32,275,15.659340659340659,4.670329670329671,10.989010989010989,84.34065934065934,8.791208791208792,75.54945054945054
E00185328,588,57,15,42,531,52,479,9.693877551020408,2.5510204081632653,7.142857142857142,90.3061224489796,8.843537414965986,81.4625850340136
E00185340,457,65,22,43,392,31,361,14.22319474835886,4.814004376367615,9.409190371991247,85.77680525164114,6.783369803063458,78.99343544857767
E00185379,419,86,26,60,333,38,295,20.52505966587112,6.205250596658711,14.319809069212411,79.47494033412887,9.069212410501192,70.40572792362768
E00185385,402,62,25,37,340,37,303,15.422885572139302,6.218905472636816,9.203980099502488,84.5771144278607,9.203980099502488,75.3731343283582
E00185393,175,38,19,19,137,15,122,21.714285714285715,10.857142857142858,10.857142857142858,78.28571428571428,8.571428571428571,69.71428571428572
E00185394,273,75,42,33,198,10,188,27.472527472527474,15.384615384615385,12.087912087912088,72.52747252747253,3.6630036630036633,68.86446886446886
E00185395,153,13,2,11,140,10,130,8.49673202614379,1.3071895424836601,7.18954248366013,91.50326797385621,6.535947712418301,84.9673202614379
E00185405,285,80,31,49,205,25,180,28.07017543859649,10.87719298245614,17.192982456140353,71.9298245614035,8.771929824561402,63.1578947368421
E00185407,285,55,27,28,230,22,208,19.298245614035086,9.473684210526317,9.824561403508772,80.7017543859649,7.719298245614035,72.98245614035088
E00185408,414,78,46,32,336,31,305,18.84057971014493,11.11111111111111,7.729468599033816,81.15942028985508,7.487922705314009,73.67149758454107
E00185411,114,24,8,16,90,10,80,21.052631578947366,7.017543859649122,14.035087719298245,78.94736842105263,8.771929824561402,70.17543859649122
E00185429,131,26,9,17,105,9,96,19.84732824427481,6.870229007633588,12.977099236641221,80.1526717557252,6.870229007633588,73.2824427480916
E00185430,368,101,44,57,267,29,238,27.445652173913043,11.956521739130435,15.489130434782608,72.55434782608695,7.880434782608696,64.67391304347827
E00185432,181,38,16,22,143,11,132,20.994475138121548,8.83977900552486,12.154696132596685,79.00552486187846,6.077348066298343,72.92817679558011
E00185436,362,66,41,25,296,24,272,18.23204419889503,11.32596685082873,6.906077348066299,81.76795580110497,6.629834254143646,75.13812154696133
E00185443,104,13,5,8,91,7,84,12.5,4.807692307692308,7.6923076923076925,87.5,6.730769230769231,80.76923076923077
E00185447,532,79,30,49,453,49,404,14.849624060150376,5.639097744360902,9.210526315789473,85.15037593984962,9.210526315789473,75.93984962406014
E00185454,356,21,4,17,335,26,309,5.8988764044943816,1.1235955056179776,4.775280898876404,94.10112359550563,7.303370786516854,86.79775280898876
E00185455,328,25,5,20,303,32,271,7.621951219512195,1.524390243902439,6.097560975609756,92.3780487804878,9.75609756097561,82.6219512195122
