OA,ts0590001,ts0590002,ts0590003,ts0590004,ts0590005,ts0590006,ts0590007,ts0590002_PCT,ts0590003_PCT,ts0590004_PCT,ts0590005_PCT,ts0590006_PCT,ts0590007_PCT
E00128063,125,44,18,26,81,76,5,35.199999999999996,14.399999999999999,20.8,64.8,60.8,4
E00128064,187,53,14,39,134,125,9,28.342245989304814,7.4866310160427805,20.855614973262032,71.65775401069519,66.84491978609626,4.81283422459893
E00128065,154,48,18,30,106,89,17,31.16883116883117,11.688311688311687,19.480519480519483,68.83116883116884,57.7922077922078,11.03896103896104
E00128066,96,23,11,12,73,64,9,23.958333333333336,11.458333333333332,12.5,76.04166666666666,66.66666666666666,9.375
E00128067,156,51,16,35,105,92,13,32.69230769230769,10.256410256410255,22.435897435897438,67.3076923076923,58.97435897435898,8.333333333333332
E00128068,171,35,10,25,136,121,15,20.46783625730994,5.847953216374268,14.619883040935672,79.53216374269006,70.76023391812866,8.771929824561402
E00128069,152,48,18,30,104,92,12,31.57894736842105,11.842105263157894,19.736842105263158,68.42105263157895,60.526315789473685,7.894736842105263
E00128070,125,26,13,13,99,89,10,20.8,10.4,10.4,79.2,71.2,8
E00128071,148,47,14,33,101,92,9,31.756756756756754,9.45945945945946,22.2972972972973,68.24324324324324,62.16216216216216,6.081081081081082
E00128072,144,41,11,30,103,96,7,28.47222222222222,7.638888888888889,20.833333333333336,71.52777777777779,66.66666666666666,4.861111111111112
E00128073,93,23,7,16,70,61,9,24.731182795698924,7.526881720430108,17.20430107526882,75.26881720430107,65.59139784946237,9.67741935483871
E00128074,154,46,15,31,108,92,16,29.87012987012987,9.740259740259742,20.12987012987013,70.12987012987013,59.74025974025974,10.38961038961039
E00128075,159,51,17,34,108,97,11,32.075471698113205,10.69182389937107,21.38364779874214,67.9245283018868,61.0062893081761,6.918238993710692
E00128076,173,46,15,31,127,98,29,26.589595375722542,8.670520231213873,17.91907514450867,73.41040462427746,56.64739884393064,16.76300578034682
E00128077,123,28,10,18,95,83,12,22.76422764227642,8.130081300813007,14.634146341463413,77.23577235772358,67.47967479674797,9.75609756097561
E00128078,153,46,8,38,107,95,12,30.065359477124183,5.228758169934641,24.836601307189543,69.93464052287581,62.091503267973856,7.8431372549019605
E00128079,182,55,16,39,127,114,13,30.21978021978022,8.791208791208792,21.428571428571427,69.78021978021978,62.637362637362635,7.142857142857142
E00128080,152,52,15,37,100,91,9,34.21052631578947,9.868421052631579,24.342105263157894,65.78947368421053,59.86842105263158,5.921052631578947
E00128081,186,80,23,57,106,91,15,43.01075268817204,12.365591397849462,30.64516129032258,56.98924731182796,48.924731182795696,8.064516129032258
E00128082,112,34,8,26,78,66,12,30.357142857142854,7.142857142857142,23.214285714285715,69.64285714285714,58.92857142857143,10.714285714285714
E00128083,168,66,20,46,102,93,9,39.285714285714285,11.904761904761903,27.380952380952383,60.71428571428571,55.35714285714286,5.357142857142857
E00128084,140,49,11,38,91,83,8,35,7.857142857142857,27.142857142857142,65,59.285714285714285,5.714285714285714
E00128085,120,42,19,23,78,70,8,35,15.833333333333332,19.166666666666668,65,58.333333333333336,6.666666666666667
E00128086,168,49,12,37,119,109,10,29.166666666666668,7.142857142857142,22.023809523809522,70.83333333333334,64.88095238095238,5.952380952380952
E00128087,135,50,12,38,85,70,15,37.03703703703704,8.88888888888889,28.14814814814815,62.96296296296296,51.85185185185185,11.11111111111111
E00128088,190,62,24,38,128,111,17,32.631578947368425,12.631578947368421,20,67.36842105263158,58.42105263157895,8.947368421052632
E00128089,93,28,8,20,65,55,10,30.107526881720432,8.60215053763441,21.50537634408602,69.89247311827957,59.13978494623656,10.75268817204301
E00128090,108,41,20,21,67,58,9,37.96296296296296,18.51851851851852,19.444444444444446,62.03703703703704,53.70370370370371,8.333333333333332
E00128091,52,19,6,13,33,30,3,36.53846153846153,11.538461538461538,25,63.46153846153846,57.692307692307686,5.769230769230769
E00128092,106,38,7,31,68,63,5,35.84905660377358,6.60377358490566,29.245283018867923,64.15094339622641,59.43396226415094,4.716981132075472
E00128093,142,36,7,29,106,95,11,25.352112676056336,4.929577464788732,20.422535211267608,74.64788732394366,66.90140845070422,7.746478873239436
E00128094,93,30,8,22,63,54,9,32.25806451612903,8.60215053763441,23.655913978494624,67.74193548387096,58.06451612903226,9.67741935483871
E00128095,85,20,5,15,65,59,6,23.52941176470588,5.88235294117647,17.647058823529413,76.47058823529412,69.41176470588235,7.0588235294117645
E00128096,133,43,5,38,90,82,8,32.33082706766917,3.7593984962406015,28.57142857142857,67.66917293233082,61.65413533834586,6.015037593984962
E00128097,114,49,12,37,65,58,7,42.98245614035088,10.526315789473683,32.45614035087719,57.01754385964912,50.877192982456144,6.140350877192982
E00128098,165,53,13,40,112,98,14,32.121212121212125,7.878787878787878,24.242424242424242,67.87878787878789,59.3939393939394,8.484848484848486
E00128099,159,48,13,35,111,100,11,30.18867924528302,8.176100628930817,22.0125786163522,69.81132075471697,62.893081761006286,6.918238993710692
E00128100,141,41,9,32,100,89,11,29.078014184397162,6.382978723404255,22.69503546099291,70.92198581560284,63.12056737588653,7.801418439716312
E00128101,178,58,18,40,120,110,10,32.58426966292135,10.112359550561797,22.47191011235955,67.41573033707866,61.79775280898876,5.617977528089887
E00128102,196,43,17,26,153,142,11,21.93877551020408,8.673469387755102,13.26530612244898,78.06122448979592,72.44897959183673,5.612244897959184
E00128103,161,53,10,43,108,92,16,32.91925465838509,6.211180124223603,26.70807453416149,67.08074534161491,57.14285714285714,9.937888198757763
E00128104,176,44,13,31,132,120,12,25,7.386363636363637,17.613636363636363,75,68.18181818181817,6.8181818181818175
E00128105,134,35,10,25,99,85,14,26.119402985074625,7.462686567164178,18.65671641791045,73.88059701492537,63.43283582089553,10.44776119402985
E00128106,153,54,18,36,99,88,11,35.294117647058826,11.76470588235294,23.52941176470588,64.70588235294117,57.51633986928104,7.18954248366013
E00128107,57,17,5,12,40,35,5,29.82456140350877,8.771929824561402,21.052631578947366,70.17543859649122,61.40350877192983,8.771929824561402
E00128108,140,46,9,37,94,83,11,32.857142857142854,6.428571428571428,26.42857142857143,67.14285714285714,59.285714285714285,7.857142857142857
E00128109,176,47,12,35,129,120,9,26.704545454545453,6.8181818181818175,19.886363636363637,73.29545454545455,68.18181818181817,5.113636363636364
E00128110,161,36,8,28,125,109,16,22.36024844720497,4.968944099378882,17.391304347826086,77.63975155279503,67.70186335403726,9.937888198757763
E00128111,105,30,15,15,75,67,8,28.57142857142857,14.285714285714285,14.285714285714285,71.42857142857143,63.8095238095238,7.6190476190476195
E00128112,124,30,11,19,94,88,6,24.193548387096776,8.870967741935484,15.32258064516129,75.80645161290323,70.96774193548387,4.838709677419355
E00128113,176,57,13,44,119,101,18,32.38636363636363,7.386363636363637,25,67.61363636363636,57.38636363636363,10.227272727272728
E00128114,150,43,2,41,107,91,16,28.666666666666668,1.3333333333333335,27.333333333333332,71.33333333333334,60.66666666666667,10.666666666666668
E00128115,182,54,17,37,128,119,9,29.67032967032967,9.340659340659341,20.32967032967033,70.32967032967034,65.38461538461539,4.945054945054945
E00128116,42,14,8,6,28,24,4,33.33333333333333,19.047619047619047,14.285714285714285,66.66666666666666,57.14285714285714,9.523809523809524
E00128117,191,59,18,41,132,121,11,30.89005235602094,9.424083769633508,21.465968586387437,69.10994764397905,63.35078534031413,5.7591623036649215
E00128118,118,40,17,23,78,74,4,33.89830508474576,14.40677966101695,19.491525423728813,66.10169491525424,62.71186440677966,3.389830508474576
E00128119,149,57,22,35,92,80,12,38.25503355704698,14.76510067114094,23.48993288590604,61.74496644295302,53.691275167785236,8.053691275167784
E00128120,131,56,23,33,75,61,14,42.74809160305343,17.557251908396946,25.190839694656486,57.25190839694656,46.56488549618321,10.687022900763358
E00128121,161,45,20,25,116,100,16,27.95031055900621,12.422360248447205,15.527950310559005,72.04968944099379,62.11180124223602,9.937888198757763
E00128122,172,56,24,32,116,99,17,32.55813953488372,13.953488372093023,18.6046511627907,67.44186046511628,57.55813953488372,9.883720930232558
E00128123,125,33,12,21,92,83,9,26.400000000000002,9.6,16.8,73.6,66.4,7.199999999999999
E00128124,131,45,14,31,86,77,9,34.35114503816794,10.687022900763358,23.66412213740458,65.64885496183206,58.778625954198475,6.870229007633588
E00128125,125,35,11,24,90,77,13,28.000000000000004,8.799999999999999,19.2,72,61.6,10.4
E00128126,206,71,23,48,135,121,14,34.46601941747573,11.165048543689322,23.300970873786408,65.53398058252428,58.7378640776699,6.796116504854369
E00128127,114,32,13,19,82,75,7,28.07017543859649,11.403508771929824,16.666666666666664,71.9298245614035,65.78947368421053,6.140350877192982
E00128128,217,71,31,40,146,128,18,32.71889400921659,14.285714285714285,18.433179723502306,67.2811059907834,58.986175115207374,8.294930875576037
E00128129,117,39,12,27,78,69,9,33.33333333333333,10.256410256410255,23.076923076923077,66.66666666666666,58.97435897435898,7.6923076923076925
E00128130,108,41,7,34,67,67,0,37.96296296296296,6.481481481481481,31.48148148148148,62.03703703703704,62.03703703703704,0
E00128131,174,78,21,57,96,86,10,44.827586206896555,12.068965517241379,32.758620689655174,55.172413793103445,49.42528735632184,5.747126436781609
E00128132,164,57,20,37,107,97,10,34.756097560975604,12.195121951219512,22.5609756097561,65.2439024390244,59.14634146341463,6.097560975609756
E00128133,181,77,23,54,104,95,9,42.5414364640884,12.70718232044199,29.83425414364641,57.4585635359116,52.48618784530387,4.972375690607735
E00128134,161,54,16,38,107,94,13,33.54037267080746,9.937888198757763,23.60248447204969,66.45962732919256,58.38509316770186,8.074534161490684
E00128135,207,85,25,60,122,118,4,41.06280193236715,12.077294685990339,28.985507246376812,58.93719806763285,57.00483091787439,1.932367149758454
E00128136,164,59,19,40,105,99,6,35.97560975609756,11.585365853658537,24.390243902439025,64.02439024390245,60.36585365853659,3.6585365853658534
E00128137,147,65,16,49,82,79,3,44.21768707482993,10.884353741496598,33.33333333333333,55.78231292517006,53.74149659863946,2.0408163265306123
E00128138,174,87,25,62,87,77,10,50,14.367816091954023,35.63218390804598,50,44.252873563218394,5.747126436781609
E00128139,165,72,16,56,93,87,6,43.63636363636363,9.696969696969697,33.939393939393945,56.36363636363636,52.72727272727272,3.6363636363636362
E00128140,168,78,31,47,90,81,9,46.42857142857143,18.452380952380953,27.976190476190478,53.57142857142857,48.214285714285715,5.357142857142857
E00128141,154,70,16,54,84,77,7,45.45454545454545,10.38961038961039,35.064935064935064,54.54545454545454,50,4.545454545454546
E00128142,153,59,18,41,94,83,11,38.56209150326798,11.76470588235294,26.797385620915033,61.43790849673203,54.248366013071895,7.18954248366013
E00128143,122,48,12,36,74,65,9,39.34426229508197,9.836065573770492,29.508196721311474,60.65573770491803,53.278688524590166,7.377049180327869
E00128144,144,55,13,42,89,77,12,38.19444444444444,9.027777777777777,29.166666666666668,61.80555555555556,53.47222222222222,8.333333333333332
E00128146,139,52,16,36,87,80,7,37.410071942446045,11.510791366906476,25.899280575539567,62.589928057553955,57.55395683453237,5.0359712230215825
E00128147,134,49,16,33,85,76,9,36.56716417910448,11.940298507462686,24.62686567164179,63.43283582089553,56.71641791044776,6.7164179104477615
E00128148,32,10,4,6,22,20,2,31.25,12.5,18.75,68.75,62.5,6.25
E00128149,170,42,6,36,128,111,17,24.705882352941178,3.5294117647058822,21.176470588235293,75.29411764705883,65.29411764705883,10
E00128150,128,31,7,24,97,88,9,24.21875,5.46875,18.75,75.78125,68.75,7.03125
E00128151,110,38,9,29,72,61,11,34.54545454545455,8.181818181818182,26.36363636363636,65.45454545454545,55.45454545454545,10
E00128152,167,58,14,44,109,97,12,34.73053892215569,8.383233532934131,26.34730538922156,65.26946107784431,58.08383233532935,7.18562874251497
E00128153,105,41,12,29,64,52,12,39.04761904761905,11.428571428571429,27.61904761904762,60.952380952380956,49.523809523809526,11.428571428571429
E00128154,131,46,13,33,85,76,9,35.11450381679389,9.923664122137405,25.190839694656486,64.8854961832061,58.01526717557252,6.870229007633588
E00128155,159,58,15,43,101,90,11,36.477987421383645,9.433962264150944,27.044025157232703,63.52201257861635,56.60377358490566,6.918238993710692
E00128156,135,47,16,31,88,82,6,34.81481481481482,11.851851851851853,22.962962962962962,65.18518518518519,60.74074074074074,4.444444444444445
E00128157,66,15,7,8,51,46,5,22.727272727272727,10.606060606060606,12.121212121212121,77.27272727272727,69.6969696969697,7.575757575757576
E00128158,123,47,10,37,76,69,7,38.21138211382114,8.130081300813007,30.081300813008134,61.78861788617886,56.09756097560976,5.691056910569105
E00128159,202,58,15,43,144,132,12,28.71287128712871,7.425742574257425,21.287128712871286,71.28712871287128,65.34653465346535,5.9405940594059405
E00128160,214,61,18,43,153,132,21,28.504672897196258,8.411214953271028,20.093457943925234,71.49532710280374,61.6822429906542,9.813084112149532
E00128161,320,86,27,59,234,202,32,26.875,8.4375,18.4375,73.125,63.125,10
E00128162,297,69,19,50,228,198,30,23.232323232323232,6.397306397306397,16.835016835016837,76.76767676767676,66.66666666666666,10.1010101010101
E00128164,203,52,14,38,151,131,20,25.615763546798032,6.896551724137931,18.7192118226601,74.38423645320196,64.5320197044335,9.852216748768473
E00128165,161,41,8,33,120,107,13,25.465838509316768,4.968944099378882,20.496894409937887,74.53416149068323,66.45962732919256,8.074534161490684
E00128166,154,36,9,27,118,101,17,23.376623376623375,5.844155844155844,17.532467532467532,76.62337662337663,65.5844155844156,11.03896103896104
E00128167,138,25,4,21,113,96,17,18.115942028985508,2.898550724637681,15.217391304347828,81.88405797101449,69.56521739130434,12.318840579710146
E00128168,118,28,8,20,90,77,13,23.728813559322035,6.779661016949152,16.94915254237288,76.27118644067797,65.2542372881356,11.016949152542372
E00128169,146,38,10,28,108,93,15,26.027397260273972,6.8493150684931505,19.17808219178082,73.97260273972603,63.6986301369863,10.273972602739725
E00128170,143,37,10,27,106,89,17,25.874125874125873,6.993006993006993,18.88111888111888,74.12587412587412,62.23776223776224,11.888111888111888
E00128171,119,39,17,22,80,67,13,32.773109243697476,14.285714285714285,18.487394957983195,67.22689075630252,56.30252100840336,10.92436974789916
E00128172,57,21,4,17,36,28,8,36.84210526315789,7.017543859649122,29.82456140350877,63.1578947368421,49.122807017543856,14.035087719298245
E00128173,110,27,10,17,83,75,8,24.545454545454547,9.090909090909092,15.454545454545453,75.45454545454545,68.18181818181817,7.2727272727272725
E00128174,147,56,18,38,91,83,8,38.095238095238095,12.244897959183673,25.850340136054424,61.904761904761905,56.4625850340136,5.442176870748299
E00128175,48,20,5,15,28,27,1,41.66666666666667,10.416666666666668,31.25,58.333333333333336,56.25,2.083333333333333
E00128176,134,48,12,36,86,79,7,35.82089552238806,8.955223880597014,26.865671641791046,64.17910447761194,58.95522388059702,5.223880597014925
E00128177,199,92,29,63,107,98,9,46.231155778894475,14.572864321608039,31.65829145728643,53.768844221105525,49.246231155778894,4.522613065326634
E00128178,107,32,12,20,75,67,8,29.906542056074763,11.214953271028037,18.69158878504673,70.09345794392523,62.616822429906534,7.476635514018691
E00128179,137,42,11,31,95,81,14,30.656934306569344,8.02919708029197,22.62773722627737,69.34306569343066,59.12408759124088,10.218978102189782
E00128180,279,68,26,42,211,185,26,24.372759856630825,9.31899641577061,15.053763440860216,75.62724014336918,66.30824372759857,9.31899641577061
E00128181,181,50,17,33,131,119,12,27.624309392265197,9.392265193370166,18.23204419889503,72.37569060773481,65.74585635359117,6.629834254143646
E00128182,181,51,17,34,130,101,29,28.176795580110497,9.392265193370166,18.784530386740332,71.8232044198895,55.80110497237569,16.022099447513813
E00128184,136,33,13,20,103,94,9,24.264705882352942,9.558823529411764,14.705882352941178,75.73529411764706,69.11764705882352,6.61764705882353
E00128185,249,69,26,43,180,153,27,27.710843373493976,10.441767068273093,17.269076305220885,72.28915662650603,61.44578313253012,10.843373493975903
E00128186,131,41,11,30,90,83,7,31.297709923664126,8.396946564885496,22.900763358778626,68.70229007633588,63.358778625954194,5.343511450381679
E00128187,223,67,29,38,156,128,28,30.04484304932735,13.004484304932735,17.040358744394617,69.95515695067265,57.399103139013455,12.556053811659194
E00128188,108,40,11,29,68,58,10,37.03703703703704,10.185185185185185,26.851851851851855,62.96296296296296,53.70370370370371,9.25925925925926
E00128189,126,30,14,16,96,85,11,23.809523809523807,11.11111111111111,12.698412698412698,76.19047619047619,67.46031746031747,8.73015873015873
E00128190,114,28,12,16,86,77,9,24.561403508771928,10.526315789473683,14.035087719298245,75.43859649122807,67.54385964912281,7.894736842105263
E00128191,150,40,7,33,110,93,17,26.666666666666668,4.666666666666667,22,73.33333333333333,62,11.333333333333332
E00128192,147,51,18,33,96,85,11,34.69387755102041,12.244897959183673,22.448979591836736,65.3061224489796,57.82312925170068,7.482993197278912
E00128193,128,34,11,23,94,83,11,26.5625,8.59375,17.96875,73.4375,64.84375,8.59375
E00128194,147,48,15,33,99,88,11,32.6530612244898,10.204081632653061,22.448979591836736,67.3469387755102,59.863945578231295,7.482993197278912
E00128195,141,33,8,25,108,92,16,23.404255319148938,5.673758865248227,17.73049645390071,76.59574468085107,65.24822695035462,11.347517730496454
E00128196,160,53,15,38,107,97,10,33.125,9.375,23.75,66.875,60.62499999999999,6.25
E00128197,118,47,22,25,71,61,10,39.83050847457627,18.64406779661017,21.1864406779661,60.16949152542372,51.69491525423729,8.47457627118644
E00128198,138,44,15,29,94,86,8,31.88405797101449,10.869565217391305,21.014492753623188,68.11594202898551,62.31884057971014,5.797101449275362
E00128199,135,46,16,30,89,84,5,34.074074074074076,11.851851851851853,22.22222222222222,65.92592592592592,62.22222222222222,3.7037037037037033
E00128200,20,11,4,7,9,9,0,55.00000000000001,20,35,45,45,0
E00128201,118,35,13,22,83,70,13,29.66101694915254,11.016949152542372,18.64406779661017,70.33898305084746,59.32203389830508,11.016949152542372
E00128202,198,65,24,41,133,119,14,32.82828282828283,12.121212121212121,20.707070707070706,67.17171717171718,60.1010101010101,7.07070707070707
E00128203,157,47,15,32,110,97,13,29.936305732484076,9.554140127388536,20.382165605095544,70.06369426751591,61.78343949044586,8.280254777070063
E00128204,114,29,6,23,85,76,9,25.438596491228072,5.263157894736842,20.175438596491226,74.56140350877193,66.66666666666666,7.894736842105263
E00128205,134,43,17,26,91,87,4,32.08955223880597,12.686567164179104,19.402985074626866,67.91044776119402,64.92537313432835,2.9850746268656714
E00128206,99,34,12,22,65,58,7,34.34343434343434,12.121212121212121,22.22222222222222,65.65656565656566,58.58585858585859,7.07070707070707
E00128207,55,14,4,10,41,34,7,25.454545454545453,7.2727272727272725,18.181818181818183,74.54545454545455,61.81818181818181,12.727272727272727
E00128208,167,45,13,32,122,114,8,26.94610778443114,7.784431137724551,19.16167664670659,73.05389221556887,68.26347305389223,4.790419161676647
E00128209,129,47,10,37,82,76,6,36.434108527131784,7.751937984496124,28.68217054263566,63.565891472868216,58.91472868217055,4.651162790697675
E00128210,103,37,8,29,66,59,7,35.92233009708738,7.766990291262135,28.155339805825243,64.07766990291263,57.28155339805825,6.796116504854369
E00128211,108,33,11,22,75,67,8,30.555555555555557,10.185185185185185,20.37037037037037,69.44444444444444,62.03703703703704,7.4074074074074066
E00128212,116,34,11,23,82,65,17,29.310344827586203,9.482758620689655,19.82758620689655,70.6896551724138,56.03448275862068,14.655172413793101
E00128213,119,33,6,27,86,75,11,27.73109243697479,5.042016806722689,22.689075630252102,72.26890756302521,63.02521008403361,9.243697478991598
E00128214,117,25,9,16,92,85,7,21.367521367521366,7.6923076923076925,13.675213675213676,78.63247863247864,72.64957264957265,5.982905982905983
E00128215,124,43,5,38,81,70,11,34.67741935483871,4.032258064516129,30.64516129032258,65.32258064516128,56.451612903225815,8.870967741935484
E00128216,115,32,3,29,83,68,15,27.82608695652174,2.608695652173913,25.217391304347824,72.17391304347827,59.130434782608695,13.043478260869565
E00128217,121,31,7,24,90,86,4,25.6198347107438,5.785123966942149,19.834710743801654,74.3801652892562,71.07438016528926,3.3057851239669422
E00128218,97,36,9,27,61,49,12,37.11340206185567,9.278350515463918,27.835051546391753,62.88659793814433,50.51546391752577,12.371134020618557
E00128219,76,21,7,14,55,52,3,27.631578947368425,9.210526315789473,18.421052631578945,72.36842105263158,68.42105263157895,3.9473684210526314
E00128220,109,33,11,22,76,68,8,30.275229357798167,10.091743119266056,20.18348623853211,69.72477064220183,62.38532110091744,7.339449541284404
E00128221,71,24,8,16,47,40,7,33.80281690140845,11.267605633802818,22.535211267605636,66.19718309859155,56.33802816901409,9.859154929577464
E00128222,110,24,8,16,86,75,11,21.818181818181817,7.2727272727272725,14.545454545454545,78.18181818181819,68.18181818181817,10
E00128223,130,41,12,29,89,77,12,31.538461538461537,9.230769230769232,22.30769230769231,68.46153846153847,59.23076923076923,9.230769230769232
E00128224,130,28,8,20,102,91,11,21.53846153846154,6.153846153846154,15.384615384615385,78.46153846153847,70,8.461538461538462
E00128225,98,34,8,26,64,58,6,34.69387755102041,8.16326530612245,26.53061224489796,65.3061224489796,59.183673469387756,6.122448979591836
E00128226,81,22,5,17,59,55,4,27.160493827160494,6.172839506172839,20.98765432098765,72.8395061728395,67.90123456790124,4.938271604938271
E00128227,110,45,11,34,65,59,6,40.909090909090914,10,30.909090909090907,59.09090909090909,53.63636363636364,5.454545454545454
E00128228,119,39,16,23,80,70,10,32.773109243697476,13.445378151260504,19.327731092436977,67.22689075630252,58.82352941176471,8.403361344537815
E00128229,81,29,6,23,52,43,9,35.80246913580247,7.4074074074074066,28.39506172839506,64.19753086419753,53.086419753086425,11.11111111111111
E00128230,151,48,19,29,103,83,20,31.788079470198678,12.582781456953644,19.205298013245034,68.21192052980133,54.966887417218544,13.245033112582782
E00128231,132,34,9,25,98,86,12,25.757575757575758,6.8181818181818175,18.939393939393938,74.24242424242425,65.15151515151516,9.090909090909092
E00128232,147,51,11,40,96,88,8,34.69387755102041,7.482993197278912,27.2108843537415,65.3061224489796,59.863945578231295,5.442176870748299
E00128233,124,26,7,19,98,86,12,20.967741935483872,5.64516129032258,15.32258064516129,79.03225806451613,69.35483870967742,9.67741935483871
E00128234,130,32,7,25,98,87,11,24.615384615384617,5.384615384615385,19.230769230769234,75.38461538461539,66.92307692307692,8.461538461538462
E00128235,96,30,5,25,66,57,9,31.25,5.208333333333334,26.041666666666668,68.75,59.375,9.375
E00128236,69,20,6,14,49,43,6,28.985507246376812,8.695652173913043,20.28985507246377,71.01449275362319,62.31884057971014,8.695652173913043
E00128237,131,33,7,26,98,86,12,25.190839694656486,5.343511450381679,19.84732824427481,74.80916030534351,65.64885496183206,9.16030534351145
E00128238,97,33,10,23,64,58,6,34.02061855670103,10.309278350515463,23.711340206185564,65.97938144329896,59.79381443298969,6.185567010309279
E00128239,127,30,7,23,97,82,15,23.62204724409449,5.511811023622047,18.11023622047244,76.37795275590551,64.56692913385827,11.811023622047244
E00128240,131,35,9,26,96,92,4,26.717557251908396,6.870229007633588,19.84732824427481,73.2824427480916,70.22900763358778,3.0534351145038165
E00128241,143,44,12,32,99,90,9,30.76923076923077,8.391608391608392,22.377622377622377,69.23076923076923,62.93706293706294,6.293706293706294
E00128242,162,58,17,41,104,87,17,35.80246913580247,10.493827160493826,25.308641975308642,64.19753086419753,53.70370370370371,10.493827160493826
E00128243,108,29,6,23,79,74,5,26.851851851851855,5.555555555555555,21.296296296296298,73.14814814814815,68.51851851851852,4.62962962962963
E00128244,84,20,6,14,64,57,7,23.809523809523807,7.142857142857142,16.666666666666664,76.19047619047619,67.85714285714286,8.333333333333332
E00128245,250,61,21,40,189,169,20,24.4,8.4,16,75.6,67.60000000000001,8
E00128246,271,76,22,54,195,173,22,28.044280442804425,8.118081180811808,19.92619926199262,71.95571955719558,63.837638376383765,8.118081180811808
E00128247,187,45,14,31,142,123,19,24.06417112299465,7.4866310160427805,16.577540106951872,75.93582887700535,65.77540106951871,10.16042780748663
E00128248,128,33,10,23,95,88,7,25.78125,7.8125,17.96875,74.21875,68.75,5.46875
E00128249,135,41,13,28,94,83,11,30.37037037037037,9.62962962962963,20.74074074074074,69.62962962962963,61.48148148148148,8.148148148148149
E00128250,191,52,16,36,139,125,14,27.225130890052355,8.37696335078534,18.848167539267017,72.77486910994764,65.44502617801047,7.329842931937172
E00128251,91,35,11,24,56,47,9,38.46153846153847,12.087912087912088,26.373626373626376,61.53846153846154,51.64835164835166,9.89010989010989
E00128252,140,39,15,24,101,88,13,27.857142857142858,10.714285714285714,17.142857142857142,72.14285714285714,62.857142857142854,9.285714285714286
E00128253,134,43,12,31,91,77,14,32.08955223880597,8.955223880597014,23.134328358208954,67.91044776119402,57.46268656716418,10.44776119402985
E00128254,139,45,20,25,94,87,7,32.37410071942446,14.388489208633093,17.985611510791365,67.62589928057554,62.589928057553955,5.0359712230215825
E00128255,170,54,22,32,116,92,24,31.76470588235294,12.941176470588237,18.823529411764707,68.23529411764706,54.11764705882353,14.117647058823529
E00128256,113,52,11,41,61,50,11,46.017699115044245,9.734513274336283,36.283185840707965,53.98230088495575,44.24778761061947,9.734513274336283
E00128259,194,59,22,37,135,123,12,30.412371134020617,11.34020618556701,19.072164948453608,69.58762886597938,63.4020618556701,6.185567010309279
E00128260,186,40,14,26,146,124,22,21.50537634408602,7.526881720430108,13.978494623655912,78.49462365591397,66.66666666666666,11.827956989247312
E00128261,182,44,11,33,138,120,18,24.175824175824175,6.043956043956044,18.13186813186813,75.82417582417582,65.93406593406593,9.89010989010989
E00128262,330,68,15,53,262,231,31,20.606060606060606,4.545454545454546,16.060606060606062,79.39393939393939,70,9.393939393939393
E00128263,206,47,12,35,159,133,26,22.815533980582526,5.825242718446602,16.990291262135923,77.18446601941747,64.56310679611651,12.62135922330097
E00128264,173,42,13,29,131,113,18,24.277456647398843,7.514450867052023,16.76300578034682,75.72254335260115,65.3179190751445,10.404624277456648
E00128265,184,49,11,38,135,121,14,26.6304347826087,5.978260869565218,20.652173913043477,73.36956521739131,65.76086956521739,7.608695652173914
E00128266,150,38,14,24,112,98,14,25.333333333333336,9.333333333333334,16,74.66666666666667,65.33333333333333,9.333333333333334
E00128267,156,42,10,32,114,104,10,26.923076923076923,6.41025641025641,20.51282051282051,73.07692307692307,66.66666666666666,6.41025641025641
E00128268,160,49,15,34,111,99,12,30.625000000000004,9.375,21.25,69.375,61.875,7.5
E00128269,105,38,11,27,67,58,9,36.19047619047619,10.476190476190476,25.71428571428571,63.8095238095238,55.23809523809524,8.571428571428571
E00128270,145,44,15,29,101,87,14,30.344827586206897,10.344827586206897,20,69.6551724137931,60,9.655172413793103
E00128271,125,41,10,31,84,76,8,32.800000000000004,8,24.8,67.2,60.8,6.4
E00128272,183,48,15,33,135,119,16,26.229508196721312,8.19672131147541,18.0327868852459,73.77049180327869,65.02732240437157,8.743169398907105
E00128273,154,68,32,36,86,78,8,44.15584415584416,20.77922077922078,23.376623376623375,55.84415584415584,50.649350649350644,5.194805194805195
E00128274,167,63,24,39,104,92,12,37.72455089820359,14.37125748502994,23.353293413173652,62.27544910179641,55.08982035928144,7.18562874251497
E00128275,147,60,17,43,87,82,5,40.816326530612244,11.564625850340136,29.25170068027211,59.183673469387756,55.78231292517006,3.4013605442176873
E00128276,162,75,17,58,87,81,6,46.2962962962963,10.493827160493826,35.80246913580247,53.70370370370371,50,3.7037037037037033
E00128277,187,60,17,43,127,117,10,32.085561497326204,9.090909090909092,22.994652406417114,67.9144385026738,62.56684491978609,5.347593582887701
E00128278,130,39,12,27,91,82,9,30,9.230769230769232,20.76923076923077,70,63.07692307692307,6.923076923076923
E00128279,121,41,16,25,80,66,14,33.88429752066116,13.223140495867769,20.66115702479339,66.11570247933885,54.54545454545454,11.570247933884298
E00128280,162,71,26,45,91,85,6,43.82716049382716,16.049382716049383,27.77777777777778,56.17283950617284,52.46913580246913,3.7037037037037033
E00128281,137,64,22,42,73,62,11,46.715328467153284,16.05839416058394,30.656934306569344,53.284671532846716,45.25547445255474,8.02919708029197
E00128282,138,57,22,35,81,76,5,41.30434782608695,15.942028985507244,25.36231884057971,58.69565217391305,55.072463768115945,3.6231884057971016
E00128283,133,57,19,38,76,67,9,42.857142857142854,14.285714285714285,28.57142857142857,57.14285714285714,50.37593984962406,6.7669172932330826
E00128284,121,42,20,22,79,73,6,34.710743801652896,16.528925619834713,18.181818181818183,65.28925619834712,60.33057851239669,4.958677685950414
E00128285,114,38,18,20,76,72,4,33.33333333333333,15.789473684210526,17.543859649122805,66.66666666666666,63.1578947368421,3.508771929824561
E00128286,139,49,21,28,90,80,10,35.25179856115108,15.107913669064748,20.14388489208633,64.74820143884892,57.55395683453237,7.1942446043165464
E00128287,53,22,9,13,31,30,1,41.509433962264154,16.9811320754717,24.528301886792452,58.490566037735846,56.60377358490566,1.8867924528301887
E00128288,129,40,16,24,89,76,13,31.007751937984494,12.4031007751938,18.6046511627907,68.9922480620155,58.91472868217055,10.077519379844961
E00128289,156,53,25,28,103,93,10,33.97435897435898,16.025641025641026,17.94871794871795,66.02564102564102,59.61538461538461,6.41025641025641
E00128291,92,28,4,24,64,59,5,30.434782608695656,4.3478260869565215,26.08695652173913,69.56521739130434,64.13043478260869,5.434782608695652
E00128292,129,44,15,29,85,72,13,34.10852713178294,11.627906976744185,22.48062015503876,65.89147286821705,55.81395348837209,10.077519379844961
E00128293,137,34,11,23,103,89,14,24.817518248175183,8.02919708029197,16.78832116788321,75.18248175182481,64.96350364963503,10.218978102189782
E00128294,159,58,25,33,101,82,19,36.477987421383645,15.723270440251572,20.754716981132077,63.52201257861635,51.57232704402516,11.949685534591195
E00128295,112,29,9,20,83,71,12,25.892857142857146,8.035714285714286,17.857142857142858,74.10714285714286,63.39285714285714,10.714285714285714
E00128296,284,83,26,57,201,167,34,29.225352112676056,9.15492957746479,20.070422535211268,70.77464788732394,58.80281690140845,11.971830985915492
E00128297,138,50,17,33,88,76,12,36.231884057971016,12.318840579710146,23.91304347826087,63.76811594202898,55.072463768115945,8.695652173913043
E00128298,216,50,13,37,166,138,28,23.14814814814815,6.018518518518518,17.12962962962963,76.85185185185185,63.888888888888886,12.962962962962962
E00128300,101,39,11,28,62,54,8,38.613861386138616,10.891089108910892,27.722772277227726,61.386138613861384,53.46534653465347,7.920792079207921
E00128301,167,38,7,31,129,103,26,22.75449101796407,4.191616766467066,18.562874251497004,77.24550898203593,61.67664670658682,15.568862275449103
E00128302,108,32,14,18,76,55,21,29.629629629629626,12.962962962962962,16.666666666666664,70.37037037037037,50.92592592592593,19.444444444444446
E00128303,295,74,21,53,221,168,53,25.08474576271186,7.118644067796611,17.966101694915253,74.91525423728814,56.949152542372886,17.966101694915253
E00128304,233,54,16,38,179,158,21,23.17596566523605,6.866952789699571,16.30901287553648,76.82403433476395,67.81115879828327,9.012875536480687
E00128305,118,32,11,21,86,59,27,27.11864406779661,9.322033898305085,17.796610169491526,72.88135593220339,50,22.88135593220339
E00128306,124,42,15,27,82,68,14,33.87096774193548,12.096774193548388,21.774193548387096,66.12903225806451,54.83870967741935,11.29032258064516
E00128307,82,23,9,14,59,43,16,28.04878048780488,10.975609756097562,17.073170731707318,71.95121951219512,52.4390243902439,19.51219512195122
E00128308,131,28,10,18,103,71,32,21.374045801526716,7.633587786259542,13.740458015267176,78.62595419847328,54.19847328244275,24.427480916030532
E00128309,251,73,32,41,178,117,61,29.08366533864542,12.749003984063744,16.334661354581673,70.91633466135458,46.613545816733065,24.302788844621514
E00128310,210,68,30,38,142,86,56,32.38095238095238,14.285714285714285,18.095238095238095,67.61904761904762,40.95238095238095,26.666666666666668
E00128312,177,62,24,38,115,94,21,35.02824858757062,13.559322033898304,21.468926553672315,64.97175141242938,53.10734463276836,11.864406779661017
E00128313,111,41,21,20,70,52,18,36.93693693693694,18.91891891891892,18.01801801801802,63.06306306306306,46.846846846846844,16.216216216216218
E00128314,258,83,38,45,175,134,41,32.17054263565892,14.728682170542637,17.441860465116278,67.82945736434108,51.93798449612403,15.891472868217054
E00128316,175,46,18,28,129,111,18,26.285714285714285,10.285714285714285,16,73.71428571428571,63.42857142857142,10.285714285714285
E00128317,123,36,14,22,87,73,14,29.268292682926827,11.38211382113821,17.88617886178862,70.73170731707317,59.34959349593496,11.38211382113821
E00128318,191,64,22,42,127,109,18,33.50785340314136,11.518324607329843,21.98952879581152,66.49214659685863,57.06806282722513,9.424083769633508
E00128320,184,53,24,29,131,98,33,28.804347826086957,13.043478260869565,15.760869565217392,71.19565217391305,53.2608695652174,17.934782608695652
E00128322,258,73,28,45,185,155,30,28.294573643410853,10.852713178294573,17.441860465116278,71.70542635658916,60.07751937984496,11.627906976744185
E00128323,197,60,19,41,137,102,35,30.456852791878177,9.644670050761421,20.812182741116754,69.54314720812182,51.776649746192895,17.766497461928935
E00128324,167,58,12,46,109,95,14,34.73053892215569,7.18562874251497,27.54491017964072,65.26946107784431,56.886227544910184,8.383233532934131
E00128325,158,48,11,37,110,93,17,30.37974683544304,6.962025316455696,23.417721518987342,69.62025316455697,58.86075949367089,10.759493670886076
E00128326,199,50,15,35,149,138,11,25.125628140703515,7.537688442211055,17.587939698492463,74.87437185929649,69.34673366834171,5.527638190954774
E00128327,124,48,11,37,76,64,12,38.70967741935484,8.870967741935484,29.838709677419356,61.29032258064516,51.61290322580645,9.67741935483871
E00128328,141,36,4,32,105,98,7,25.53191489361702,2.8368794326241136,22.69503546099291,74.46808510638297,69.50354609929079,4.964539007092199
E00128329,184,51,17,34,133,122,11,27.717391304347828,9.239130434782608,18.478260869565215,72.28260869565217,66.30434782608695,5.978260869565218
E00128330,138,36,11,25,102,91,11,26.08695652173913,7.971014492753622,18.115942028985508,73.91304347826086,65.94202898550725,7.971014492753622
E00128331,122,35,12,23,87,84,3,28.688524590163933,9.836065573770492,18.852459016393443,71.31147540983606,68.85245901639344,2.459016393442623
E00128332,127,34,12,22,93,77,16,26.77165354330709,9.448818897637794,17.322834645669293,73.22834645669292,60.629921259842526,12.598425196850393
E00128333,169,52,10,42,117,107,10,30.76923076923077,5.9171597633136095,24.85207100591716,69.23076923076923,63.31360946745562,5.9171597633136095
E00128334,125,39,10,29,86,78,8,31.2,8,23.200000000000003,68.8,62.4,6.4
E00128335,114,46,8,38,68,62,6,40.35087719298245,7.017543859649122,33.33333333333333,59.64912280701754,54.385964912280706,5.263157894736842
E00128336,180,52,15,37,128,116,12,28.888888888888886,8.333333333333332,20.555555555555554,71.11111111111111,64.44444444444444,6.666666666666667
E00128337,146,46,13,33,100,82,18,31.506849315068493,8.904109589041095,22.602739726027394,68.4931506849315,56.16438356164384,12.32876712328767
E00128338,128,29,10,19,99,94,5,22.65625,7.8125,14.84375,77.34375,73.4375,3.90625
E00128339,159,56,16,40,103,89,14,35.22012578616352,10.062893081761008,25.157232704402517,64.77987421383648,55.9748427672956,8.80503144654088
E00128340,145,54,22,32,91,86,5,37.24137931034483,15.172413793103448,22.06896551724138,62.758620689655174,59.310344827586206,3.4482758620689653
E00128341,160,50,10,40,110,103,7,31.25,6.25,25,68.75,64.375,4.375
E00128342,191,62,15,47,129,113,16,32.460732984293195,7.853403141361256,24.60732984293194,67.5392670157068,59.16230366492147,8.37696335078534
E00128343,175,70,23,47,105,85,20,40,13.142857142857142,26.857142857142858,60,48.57142857142857,11.428571428571429
E00128344,130,40,21,19,90,83,7,30.76923076923077,16.153846153846153,14.615384615384617,69.23076923076923,63.84615384615384,5.384615384615385
E00128345,82,27,14,13,55,47,8,32.926829268292686,17.073170731707318,15.853658536585366,67.07317073170732,57.3170731707317,9.75609756097561
E00128346,102,43,12,31,59,54,5,42.15686274509804,11.76470588235294,30.392156862745097,57.84313725490197,52.94117647058824,4.901960784313726
E00128347,177,63,23,40,114,106,8,35.59322033898305,12.994350282485875,22.598870056497177,64.40677966101694,59.887005649717516,4.519774011299435
E00128348,165,79,32,47,86,76,10,47.878787878787875,19.393939393939394,28.484848484848484,52.121212121212125,46.06060606060606,6.0606060606060606
E00128349,134,52,19,33,82,75,7,38.80597014925373,14.17910447761194,24.62686567164179,61.19402985074627,55.970149253731336,5.223880597014925
E00128350,186,47,19,28,139,126,13,25.268817204301076,10.21505376344086,15.053763440860216,74.73118279569893,67.74193548387096,6.989247311827956
E00128352,83,26,7,19,57,48,9,31.32530120481928,8.433734939759036,22.89156626506024,68.67469879518072,57.831325301204814,10.843373493975903
E00128353,143,27,10,17,116,96,20,18.88111888111888,6.993006993006993,11.888111888111888,81.11888111888112,67.13286713286713,13.986013986013987
E00128354,198,60,24,36,138,120,18,30.303030303030305,12.121212121212121,18.181818181818183,69.6969696969697,60.60606060606061,9.090909090909092
E00128355,125,52,17,35,73,62,11,41.6,13.600000000000001,28.000000000000004,58.4,49.6,8.799999999999999
E00128356,175,52,21,31,123,113,10,29.714285714285715,12,17.71428571428571,70.28571428571428,64.57142857142857,5.714285714285714
E00128357,150,55,25,30,95,92,3,36.666666666666664,16.666666666666664,20,63.33333333333333,61.33333333333333,2
E00128358,96,40,21,19,56,53,3,41.66666666666667,21.875,19.791666666666664,58.333333333333336,55.208333333333336,3.125
E00128359,277,90,39,51,187,165,22,32.49097472924188,14.079422382671481,18.4115523465704,67.50902527075813,59.56678700361011,7.9422382671480145
E00128360,113,40,11,29,73,64,9,35.39823008849557,9.734513274336283,25.663716814159294,64.60176991150442,56.63716814159292,7.964601769911504
E00128361,119,32,12,20,87,79,8,26.89075630252101,10.084033613445378,16.80672268907563,73.10924369747899,66.38655462184873,6.722689075630252
E00128362,100,26,7,19,74,67,7,26,7.000000000000001,19,74,67,7.000000000000001
E00128363,116,39,15,24,77,66,11,33.62068965517241,12.931034482758621,20.689655172413794,66.37931034482759,56.896551724137936,9.482758620689655
E00128364,140,35,8,27,105,90,15,25,5.714285714285714,19.28571428571429,75,64.28571428571429,10.714285714285714
E00128365,107,20,5,15,87,76,11,18.69158878504673,4.672897196261682,14.018691588785046,81.30841121495327,71.02803738317756,10.2803738317757
E00128366,136,41,12,29,95,88,7,30.14705882352941,8.823529411764707,21.323529411764707,69.85294117647058,64.70588235294117,5.147058823529411
E00128367,74,32,10,22,42,40,2,43.24324324324324,13.513513513513514,29.72972972972973,56.75675675675676,54.054054054054056,2.7027027027027026
E00128368,200,60,22,38,140,123,17,30,11,19,70,61.5,8.5
E00128369,156,61,17,44,95,90,5,39.1025641025641,10.897435897435898,28.205128205128204,60.89743589743589,57.692307692307686,3.205128205128205
E00128370,170,67,20,47,103,102,1,39.411764705882355,11.76470588235294,27.647058823529413,60.588235294117645,60,0.5882352941176471
E00128372,179,88,30,58,91,77,14,49.162011173184354,16.75977653631285,32.402234636871505,50.83798882681564,43.01675977653631,7.82122905027933
E00128373,86,34,5,29,52,52,0,39.53488372093023,5.813953488372093,33.72093023255814,60.46511627906976,60.46511627906976,0
E00128374,106,43,16,27,63,59,4,40.56603773584906,15.09433962264151,25.471698113207548,59.43396226415094,55.660377358490564,3.7735849056603774
E00128375,182,49,18,31,133,105,28,26.923076923076923,9.89010989010989,17.032967032967033,73.07692307692307,57.692307692307686,15.384615384615385
E00128377,156,57,16,41,99,95,4,36.53846153846153,10.256410256410255,26.282051282051285,63.46153846153846,60.89743589743589,2.564102564102564
E00128379,135,45,10,35,90,82,8,33.33333333333333,7.4074074074074066,25.925925925925924,66.66666666666666,60.74074074074074,5.9259259259259265
E00128384,47,12,1,11,35,34,1,25.53191489361702,2.127659574468085,23.404255319148938,74.46808510638297,72.3404255319149,2.127659574468085
E00128385,68,34,12,22,34,29,5,50,17.647058823529413,32.35294117647059,50,42.64705882352941,7.352941176470589
E00128386,82,25,9,16,57,49,8,30.48780487804878,10.975609756097562,19.51219512195122,69.51219512195121,59.756097560975604,9.75609756097561
E00128387,62,28,7,21,34,33,1,45.16129032258064,11.29032258064516,33.87096774193548,54.83870967741935,53.2258064516129,1.6129032258064515
E00128388,138,45,12,33,93,84,9,32.608695652173914,8.695652173913043,23.91304347826087,67.3913043478261,60.86956521739131,6.521739130434782
E00128389,99,31,9,22,68,58,10,31.313131313131315,9.090909090909092,22.22222222222222,68.68686868686868,58.58585858585859,10.1010101010101
E00128391,170,44,11,33,126,105,21,25.882352941176475,6.470588235294119,19.411764705882355,74.11764705882354,61.76470588235294,12.352941176470589
E00128392,191,63,22,41,128,109,19,32.98429319371728,11.518324607329843,21.465968586387437,67.01570680628272,57.06806282722513,9.947643979057592
E00128393,193,79,21,58,114,99,15,40.932642487046635,10.880829015544041,30.05181347150259,59.067357512953365,51.29533678756477,7.772020725388601
E00128394,204,57,18,39,147,128,19,27.941176470588236,8.823529411764707,19.11764705882353,72.05882352941177,62.745098039215684,9.313725490196079
E00128395,122,41,16,25,81,75,6,33.60655737704918,13.114754098360656,20.491803278688526,66.39344262295081,61.47540983606557,4.918032786885246
E00128397,132,60,13,47,72,65,7,45.45454545454545,9.848484848484848,35.60606060606061,54.54545454545454,49.24242424242424,5.303030303030303
E00128398,180,61,19,42,119,109,10,33.88888888888889,10.555555555555555,23.333333333333332,66.11111111111111,60.55555555555555,5.555555555555555
E00128399,82,22,1,21,60,57,3,26.82926829268293,1.2195121951219512,25.609756097560975,73.17073170731707,69.51219512195121,3.6585365853658534
E00128400,197,76,12,64,121,114,7,38.578680203045685,6.091370558375635,32.48730964467005,61.42131979695431,57.868020304568525,3.5532994923857872
E00128401,190,67,20,47,123,109,14,35.26315789473684,10.526315789473683,24.736842105263158,64.73684210526316,57.36842105263158,7.368421052631578
E00128403,164,62,17,45,102,98,4,37.80487804878049,10.365853658536585,27.439024390243905,62.19512195121951,59.756097560975604,2.4390243902439024
E00128404,127,43,14,29,84,74,10,33.85826771653544,11.023622047244094,22.83464566929134,66.14173228346458,58.26771653543307,7.874015748031496
E00128405,99,36,6,30,63,59,4,36.36363636363637,6.0606060606060606,30.303030303030305,63.63636363636363,59.59595959595959,4.040404040404041
E00128406,181,57,14,43,124,113,11,31.491712707182316,7.734806629834254,23.756906077348066,68.50828729281768,62.430939226519335,6.077348066298343
E00128407,124,55,17,38,69,61,8,44.354838709677416,13.709677419354838,30.64516129032258,55.64516129032258,49.193548387096776,6.451612903225806
E00128408,134,44,13,31,90,82,8,32.83582089552239,9.701492537313433,23.134328358208954,67.16417910447761,61.19402985074627,5.970149253731343
E00128409,109,25,4,21,84,77,7,22.93577981651376,3.669724770642202,19.26605504587156,77.06422018348624,70.64220183486239,6.422018348623854
E00128410,126,27,10,17,99,88,11,21.428571428571427,7.936507936507936,13.492063492063492,78.57142857142857,69.84126984126983,8.73015873015873
E00128411,184,53,24,29,131,114,17,28.804347826086957,13.043478260869565,15.760869565217392,71.19565217391305,61.95652173913043,9.239130434782608
E00128412,108,30,7,23,78,66,12,27.77777777777778,6.481481481481481,21.296296296296298,72.22222222222221,61.111111111111114,11.11111111111111
E00128413,72,28,7,21,44,44,0,38.88888888888889,9.722222222222223,29.166666666666668,61.111111111111114,61.111111111111114,0
E00128414,77,21,6,15,56,48,8,27.27272727272727,7.792207792207792,19.480519480519483,72.72727272727273,62.33766233766234,10.38961038961039
E00128415,141,31,8,23,110,95,15,21.98581560283688,5.673758865248227,16.312056737588655,78.01418439716312,67.37588652482269,10.638297872340425
E00128416,160,42,7,35,118,107,11,26.25,4.375,21.875,73.75,66.875,6.875000000000001
E00128417,149,43,12,31,106,98,8,28.859060402684566,8.053691275167784,20.80536912751678,71.14093959731544,65.77181208053692,5.369127516778524
E00128418,126,40,11,29,86,86,0,31.746031746031743,8.73015873015873,23.015873015873016,68.25396825396825,68.25396825396825,0
E00128419,139,36,9,27,103,97,6,25.899280575539567,6.474820143884892,19.424460431654676,74.10071942446042,69.7841726618705,4.316546762589928
E00128420,157,55,15,40,102,84,18,35.03184713375796,9.554140127388536,25.477707006369428,64.96815286624204,53.503184713375795,11.464968152866243
E00128421,124,37,12,25,87,78,9,29.838709677419356,9.67741935483871,20.161290322580644,70.16129032258065,62.903225806451616,7.258064516129033
E00128422,142,47,14,33,95,79,16,33.098591549295776,9.859154929577464,23.239436619718308,66.90140845070422,55.633802816901415,11.267605633802818
E00128423,153,51,13,38,102,90,12,33.33333333333333,8.49673202614379,24.836601307189543,66.66666666666666,58.82352941176471,7.8431372549019605
E00128424,129,36,11,25,93,82,11,27.906976744186046,8.527131782945736,19.379844961240313,72.09302325581395,63.565891472868216,8.527131782945736
E00128425,113,31,4,27,82,75,7,27.43362831858407,3.5398230088495577,23.893805309734514,72.56637168141593,66.3716814159292,6.1946902654867255
E00128426,85,25,12,13,60,54,6,29.411764705882355,14.117647058823529,15.294117647058824,70.58823529411765,63.52941176470588,7.0588235294117645
E00128427,162,42,9,33,120,109,11,25.925925925925924,5.555555555555555,20.37037037037037,74.07407407407408,67.28395061728395,6.790123456790123
E00128428,114,38,18,20,76,68,8,33.33333333333333,15.789473684210526,17.543859649122805,66.66666666666666,59.64912280701754,7.017543859649122
E00128429,102,14,0,14,88,77,11,13.725490196078432,0,13.725490196078432,86.27450980392157,75.49019607843137,10.784313725490197
E00128430,209,62,26,36,147,131,16,29.665071770334926,12.440191387559809,17.22488038277512,70.33492822966507,62.67942583732058,7.655502392344498
E00128431,249,104,31,73,145,131,14,41.76706827309237,12.449799196787147,29.31726907630522,58.23293172690763,52.610441767068274,5.622489959839357
E00128432,122,44,16,28,78,73,5,36.0655737704918,13.114754098360656,22.950819672131146,63.934426229508205,59.83606557377049,4.098360655737705
E00128433,75,25,12,13,50,47,3,33.33333333333333,16,17.333333333333336,66.66666666666666,62.66666666666667,4
E00128435,137,50,14,36,87,78,9,36.496350364963504,10.218978102189782,26.277372262773724,63.503649635036496,56.934306569343065,6.569343065693431
E00128436,150,46,23,23,104,93,11,30.666666666666664,15.333333333333332,15.333333333333332,69.33333333333334,62,7.333333333333333
E00128437,125,32,5,27,93,80,13,25.6,4,21.6,74.4,64,10.4
E00128438,94,24,10,14,70,66,4,25.53191489361702,10.638297872340425,14.893617021276595,74.46808510638297,70.2127659574468,4.25531914893617
E00128439,111,30,12,18,81,69,12,27.027027027027028,10.81081081081081,16.216216216216218,72.97297297297297,62.16216216216216,10.81081081081081
E00128440,269,90,30,60,179,161,18,33.457249070631974,11.152416356877323,22.304832713754646,66.54275092936803,59.85130111524164,6.691449814126393
E00128441,147,74,28,46,73,68,5,50.34013605442177,19.047619047619047,31.292517006802722,49.65986394557823,46.25850340136054,3.4013605442176873
E00128442,212,87,31,56,125,110,15,41.0377358490566,14.622641509433961,26.41509433962264,58.9622641509434,51.886792452830186,7.0754716981132075
E00128443,158,56,17,39,102,97,5,35.44303797468354,10.759493670886076,24.68354430379747,64.55696202531645,61.39240506329114,3.1645569620253164
E00128444,83,26,9,17,57,50,7,31.32530120481928,10.843373493975903,20.481927710843372,68.67469879518072,60.24096385542169,8.433734939759036
E00128445,170,78,24,54,92,81,11,45.88235294117647,14.117647058823529,31.76470588235294,54.11764705882353,47.647058823529406,6.470588235294119
E00128446,168,41,14,27,127,124,3,24.404761904761905,8.333333333333332,16.071428571428573,75.59523809523809,73.80952380952381,1.7857142857142856
E00128447,136,54,17,37,82,78,4,39.705882352941174,12.5,27.205882352941174,60.29411764705882,57.35294117647059,2.941176470588235
E00128448,150,55,18,37,95,85,10,36.666666666666664,12,24.666666666666668,63.33333333333333,56.666666666666664,6.666666666666667
E00128449,157,61,29,32,96,87,9,38.853503184713375,18.471337579617835,20.382165605095544,61.146496815286625,55.4140127388535,5.7324840764331215
E00128450,130,42,14,28,88,82,6,32.30769230769231,10.76923076923077,21.53846153846154,67.6923076923077,63.07692307692307,4.615384615384616
E00128452,93,33,13,20,60,51,9,35.483870967741936,13.978494623655912,21.50537634408602,64.51612903225806,54.83870967741935,9.67741935483871
E00128453,70,31,10,21,39,34,5,44.285714285714285,14.285714285714285,30,55.714285714285715,48.57142857142857,7.142857142857142
E00128454,262,64,22,42,198,179,19,24.427480916030532,8.396946564885496,16.030534351145036,75.57251908396947,68.32061068702289,7.251908396946565
E00128455,122,30,11,19,92,89,3,24.59016393442623,9.01639344262295,15.573770491803279,75.40983606557377,72.95081967213115,2.459016393442623
E00128456,127,36,10,26,91,84,7,28.346456692913385,7.874015748031496,20.47244094488189,71.65354330708661,66.14173228346458,5.511811023622047
E00128457,127,43,8,35,84,76,8,33.85826771653544,6.299212598425196,27.559055118110237,66.14173228346458,59.84251968503938,6.299212598425196
E00128458,156,58,17,41,98,88,10,37.17948717948718,10.897435897435898,26.282051282051285,62.82051282051282,56.41025641025641,6.41025641025641
E00128459,178,47,18,29,131,120,11,26.40449438202247,10.112359550561797,16.292134831460675,73.59550561797754,67.41573033707866,6.179775280898876
E00128460,110,30,13,17,80,67,13,27.27272727272727,11.818181818181818,15.454545454545453,72.72727272727273,60.909090909090914,11.818181818181818
E00128461,183,71,23,48,112,106,6,38.79781420765027,12.568306010928962,26.229508196721312,61.20218579234973,57.92349726775956,3.278688524590164
E00128462,120,43,18,25,77,72,5,35.833333333333336,15,20.833333333333336,64.16666666666667,60,4.166666666666666
E00128463,127,23,7,16,104,97,7,18.11023622047244,5.511811023622047,12.598425196850393,81.88976377952756,76.37795275590551,5.511811023622047
E00128464,127,33,7,26,94,85,9,25.984251968503933,5.511811023622047,20.47244094488189,74.01574803149606,66.92913385826772,7.086614173228346
E00128465,110,25,7,18,85,79,6,22.727272727272727,6.363636363636363,16.363636363636363,77.27272727272727,71.81818181818181,5.454545454545454
E00128466,139,61,31,30,78,74,4,43.884892086330936,22.302158273381295,21.58273381294964,56.11510791366906,53.23741007194245,2.877697841726619
E00128467,137,39,17,22,98,89,9,28.467153284671532,12.408759124087592,16.05839416058394,71.53284671532847,64.96350364963503,6.569343065693431
E00128468,137,34,8,26,103,89,14,24.817518248175183,5.839416058394161,18.97810218978102,75.18248175182481,64.96350364963503,10.218978102189782
E00128469,96,20,4,16,76,62,14,20.833333333333336,4.166666666666666,16.666666666666664,79.16666666666666,64.58333333333334,14.583333333333334
E00128470,171,37,9,28,134,123,11,21.637426900584796,5.263157894736842,16.374269005847953,78.3625730994152,71.9298245614035,6.432748538011696
E00128471,143,47,10,37,96,89,7,32.86713286713287,6.993006993006993,25.874125874125873,67.13286713286713,62.23776223776224,4.895104895104895
E00128472,149,55,14,41,94,90,4,36.91275167785235,9.395973154362416,27.516778523489933,63.08724832214765,60.40268456375839,2.684563758389262
E00128473,134,35,13,22,99,98,1,26.119402985074625,9.701492537313433,16.417910447761194,73.88059701492537,73.13432835820896,0.7462686567164178
E00128474,199,61,14,47,138,118,20,30.65326633165829,7.035175879396985,23.618090452261306,69.34673366834171,59.2964824120603,10.050251256281408
E00128476,135,42,11,31,93,86,7,31.11111111111111,8.148148148148149,22.962962962962962,68.88888888888889,63.70370370370371,5.185185185185185
E00128477,141,56,13,43,85,77,8,39.71631205673759,9.219858156028367,30.49645390070922,60.28368794326241,54.60992907801418,5.673758865248227
E00128478,108,40,14,26,68,61,7,37.03703703703704,12.962962962962962,24.074074074074073,62.96296296296296,56.481481481481474,6.481481481481481
E00128479,140,44,18,26,96,91,5,31.428571428571427,12.857142857142856,18.571428571428573,68.57142857142857,65,3.571428571428571
E00128480,151,104,52,52,47,45,2,68.87417218543047,34.437086092715234,34.437086092715234,31.125827814569533,29.80132450331126,1.3245033112582782
E00128481,224,103,48,55,121,113,8,45.982142857142854,21.428571428571427,24.553571428571427,54.01785714285714,50.44642857142857,3.571428571428571
E00128482,160,62,21,41,98,93,5,38.75,13.125,25.624999999999996,61.25000000000001,58.12500000000001,3.125
E00128483,53,17,5,12,36,34,2,32.075471698113205,9.433962264150944,22.641509433962266,67.9245283018868,64.15094339622641,3.7735849056603774
E00128484,74,34,18,16,40,34,6,45.94594594594595,24.324324324324326,21.62162162162162,54.054054054054056,45.94594594594595,8.108108108108109
E00128485,191,159,98,61,32,27,5,83.24607329842932,51.30890052356021,31.93717277486911,16.75392670157068,14.136125654450263,2.6178010471204187
E00128487,131,27,8,19,104,96,8,20.610687022900763,6.106870229007633,14.50381679389313,79.38931297709924,73.2824427480916,6.106870229007633
E00171957,198,64,15,49,134,119,15,32.323232323232325,7.575757575757576,24.747474747474747,67.67676767676768,60.1010101010101,7.575757575757576
E00171959,182,27,5,22,155,141,14,14.835164835164836,2.7472527472527473,12.087912087912088,85.16483516483517,77.47252747252747,7.6923076923076925
E00171960,40,10,3,7,30,25,5,25,7.5,17.5,75,62.5,12.5
E00171992,155,51,20,31,104,95,9,32.903225806451616,12.903225806451612,20,67.0967741935484,61.29032258064516,5.806451612903226
E00171993,114,54,28,26,60,54,6,47.368421052631575,24.561403508771928,22.807017543859647,52.63157894736842,47.368421052631575,5.263157894736842
E00171994,101,17,9,8,84,74,10,16.831683168316832,8.91089108910891,7.920792079207921,83.16831683168317,73.26732673267327,9.900990099009901
E00171995,214,144,84,60,70,61,9,67.28971962616822,39.25233644859813,28.037383177570092,32.71028037383177,28.504672897196258,4.205607476635514
E00171996,123,38,17,21,85,73,12,30.89430894308943,13.821138211382115,17.073170731707318,69.10569105691057,59.34959349593496,9.75609756097561
E00171997,89,17,8,9,72,65,7,19.101123595505616,8.98876404494382,10.112359550561797,80.89887640449437,73.03370786516854,7.865168539325842
E00171998,79,18,8,10,61,54,7,22.78481012658228,10.126582278481013,12.658227848101266,77.21518987341773,68.35443037974683,8.860759493670885
E00171999,102,27,10,17,75,67,8,26.47058823529412,9.803921568627452,16.666666666666664,73.52941176470588,65.68627450980392,7.8431372549019605
E00172000,84,36,11,25,48,45,3,42.857142857142854,13.095238095238097,29.761904761904763,57.14285714285714,53.57142857142857,3.571428571428571
E00172001,162,128,94,34,34,31,3,79.01234567901234,58.0246913580247,20.98765432098765,20.98765432098765,19.1358024691358,1.8518518518518516
E00172002,158,41,8,33,117,98,19,25.949367088607595,5.063291139240507,20.88607594936709,74.0506329113924,62.0253164556962,12.025316455696203
E00172003,155,61,15,46,94,83,11,39.35483870967742,9.67741935483871,29.677419354838708,60.64516129032258,53.5483870967742,7.096774193548387
E00172004,86,31,11,20,55,49,6,36.04651162790697,12.790697674418606,23.25581395348837,63.95348837209303,56.97674418604651,6.976744186046512
E00172006,236,141,84,57,95,75,20,59.7457627118644,35.59322033898305,24.152542372881356,40.25423728813559,31.779661016949152,8.47457627118644
E00172007,154,51,14,37,103,90,13,33.116883116883116,9.090909090909092,24.025974025974026,66.88311688311688,58.44155844155844,8.441558441558442
E00172008,203,58,13,45,145,127,18,28.57142857142857,6.403940886699508,22.167487684729064,71.42857142857143,62.5615763546798,8.866995073891626
E00172009,125,55,12,43,70,67,3,44,9.6,34.4,56.00000000000001,53.6,2.4
E00172010,124,53,10,43,71,60,11,42.74193548387097,8.064516129032258,34.67741935483871,57.25806451612904,48.38709677419355,8.870967741935484
E00172011,122,58,14,44,64,54,10,47.540983606557376,11.475409836065573,36.0655737704918,52.459016393442624,44.26229508196721,8.19672131147541
E00172012,210,46,16,30,164,147,17,21.904761904761905,7.6190476190476195,14.285714285714285,78.0952380952381,70,8.095238095238095
E00172014,64,26,14,12,38,31,7,40.625,21.875,18.75,59.375,48.4375,10.9375
E00181935,244,152,75,77,92,83,9,62.295081967213115,30.737704918032787,31.557377049180328,37.704918032786885,34.01639344262295,3.6885245901639343
E00181936,206,97,50,47,109,99,10,47.0873786407767,24.271844660194176,22.815533980582526,52.9126213592233,48.05825242718447,4.854368932038835
E00181941,245,147,71,76,98,89,9,60,28.97959183673469,31.020408163265305,40,36.3265306122449,3.6734693877551026
E00181943,36,9,3,6,27,27,0,25,8.333333333333332,16.666666666666664,75,75,0
E00181944,160,30,9,21,130,113,17,18.75,5.625,13.125,81.25,70.625,10.625
E00181951,247,55,19,36,192,165,27,22.267206477732792,7.6923076923076925,14.5748987854251,77.7327935222672,66.80161943319838,10.931174089068826
E00181952,97,25,7,18,72,64,8,25.773195876288657,7.216494845360824,18.556701030927837,74.22680412371135,65.97938144329896,8.24742268041237
E00181954,155,52,18,34,103,76,27,33.5483870967742,11.612903225806452,21.935483870967744,66.45161290322581,49.03225806451613,17.419354838709676
E00181955,96,19,3,16,77,67,10,19.791666666666664,3.125,16.666666666666664,80.20833333333334,69.79166666666666,10.416666666666668
E00181961,151,33,10,23,118,104,14,21.85430463576159,6.622516556291391,15.2317880794702,78.1456953642384,68.87417218543047,9.271523178807946
E00181962,95,26,11,15,69,54,15,27.368421052631582,11.578947368421053,15.789473684210526,72.63157894736842,56.84210526315789,15.789473684210526
E00181963,124,41,13,28,83,75,8,33.064516129032256,10.483870967741936,22.58064516129032,66.93548387096774,60.483870967741936,6.451612903225806
E00181964,116,21,6,15,95,81,14,18.103448275862068,5.172413793103448,12.931034482758621,81.89655172413794,69.82758620689656,12.068965517241379
E00181968,101,50,19,31,51,46,5,49.504950495049506,18.81188118811881,30.693069306930692,50.495049504950494,45.54455445544555,4.9504950495049505
E00181969,142,23,13,10,119,107,12,16.19718309859155,9.15492957746479,7.042253521126761,83.80281690140845,75.35211267605634,8.450704225352112
E00181972,283,49,14,35,234,196,38,17.314487632508836,4.946996466431095,12.36749116607774,82.68551236749117,69.25795053003534,13.427561837455832
E00181976,76,35,13,22,41,34,7,46.05263157894737,17.105263157894736,28.947368421052634,53.94736842105263,44.73684210526316,9.210526315789473
E00181978,55,20,7,13,35,29,6,36.36363636363637,12.727272727272727,23.636363636363637,63.63636363636363,52.72727272727272,10.909090909090908
E00181985,252,66,31,35,186,156,30,26.190476190476193,12.3015873015873,13.88888888888889,73.80952380952381,61.904761904761905,11.904761904761903
E00181990,419,74,14,60,345,287,58,17.66109785202864,3.341288782816229,14.319809069212411,82.33890214797135,68.4964200477327,13.842482100238662
E00181993,135,17,6,11,118,104,14,12.592592592592592,4.444444444444445,8.148148148148149,87.4074074074074,77.03703703703704,10.37037037037037
E00181997,171,66,17,49,105,95,10,38.59649122807017,9.941520467836257,28.654970760233915,61.40350877192983,55.55555555555556,5.847953216374268
E00182003,162,39,14,25,123,96,27,24.074074074074073,8.641975308641975,15.432098765432098,75.92592592592592,59.25925925925925,16.666666666666664
E00182004,222,61,21,40,161,148,13,27.47747747747748,9.45945945945946,18.01801801801802,72.52252252252252,66.66666666666666,5.8558558558558556
E00182006,152,23,9,14,129,109,20,15.131578947368421,5.921052631578947,9.210526315789473,84.86842105263158,71.71052631578947,13.157894736842104
E00182010,229,61,14,47,168,138,30,26.637554585152838,6.11353711790393,20.52401746724891,73.36244541484717,60.26200873362445,13.100436681222707
E00182015,120,26,6,20,94,78,16,21.666666666666668,5,16.666666666666664,78.33333333333333,65,13.333333333333334
E00182020,152,29,6,23,123,105,18,19.078947368421055,3.9473684210526314,15.131578947368421,80.92105263157895,69.07894736842105,11.842105263157894
E00182023,219,44,13,31,175,154,21,20.091324200913242,5.93607305936073,14.15525114155251,79.90867579908677,70.31963470319634,9.58904109589041
E00182028,226,52,15,37,174,151,23,23.008849557522122,6.637168141592921,16.371681415929203,76.99115044247787,66.8141592920354,10.176991150442479
E00182031,122,31,11,20,91,77,14,25.40983606557377,9.01639344262295,16.39344262295082,74.59016393442623,63.114754098360656,11.475409836065573
E00182034,205,32,6,26,173,163,10,15.609756097560975,2.9268292682926833,12.682926829268293,84.39024390243902,79.51219512195122,4.878048780487805
E00182037,302,72,21,51,230,183,47,23.841059602649008,6.95364238410596,16.887417218543046,76.15894039735099,60.59602649006622,15.562913907284766
E00182040,187,53,16,37,134,101,33,28.342245989304814,8.55614973262032,19.786096256684495,71.65775401069519,54.01069518716578,17.647058823529413
E00182043,123,29,8,21,94,88,6,23.577235772357724,6.504065040650407,17.073170731707318,76.42276422764228,71.54471544715447,4.878048780487805
