OA,ts0590001,ts0590002,ts0590003,ts0590004,ts0590005,ts0590006,ts0590007,ts0590002_PCT,ts0590003_PCT,ts0590004_PCT,ts0590005_PCT,ts0590006_PCT,ts0590007_PCT
W00005172,93,33,10,23,60,55,5,35.483870967741936,10.75268817204301,24.731182795698924,64.51612903225806,59.13978494623656,5.376344086021505
W00005173,111,23,8,15,88,71,17,20.72072072072072,7.207207207207207,13.513513513513514,79.27927927927928,63.96396396396396,15.315315315315313
W00005174,170,47,10,37,123,108,15,27.647058823529413,5.88235294117647,21.764705882352942,72.35294117647058,63.52941176470588,8.823529411764707
W00005176,131,40,14,26,91,84,7,30.53435114503817,10.687022900763358,19.84732824427481,69.46564885496184,64.12213740458014,5.343511450381679
W00005177,162,40,14,26,122,115,7,24.691358024691358,8.641975308641975,16.049382716049383,75.30864197530865,70.98765432098766,4.320987654320987
W00005178,131,37,20,17,94,84,10,28.24427480916031,15.267175572519085,12.977099236641221,71.7557251908397,64.12213740458014,7.633587786259542
W00005179,126,39,12,27,87,77,10,30.952380952380953,9.523809523809524,21.428571428571427,69.04761904761905,61.111111111111114,7.936507936507936
W00005180,187,48,7,41,139,120,19,25.668449197860966,3.7433155080213902,21.92513368983957,74.33155080213903,64.171122994652407,10.16042780748663
W00005181,103,40,12,28,63,54,9,38.83495145631068,11.650485436893204,27.184466019417474,61.165048543689316,52.42718446601942,8.737864077669903
W00005182,150,44,11,33,106,92,14,29.333333333333332,7.333333333333333,22,70.66666666666667,61.33333333333333,9.333333333333334
W00005183,151,49,16,33,102,92,10,32.450331125827816,10.596026490066226,21.85430463576159,67.54966887417218,60.9271523178808,6.622516556291391
W00005184,102,22,6,16,80,75,5,21.568627450980394,5.88235294117647,15.686274509803921,78.43137254901961,73.52941176470588,4.901960784313726
W00005185,125,32,8,24,93,81,12,25.6,6.4,19.2,74.4,64.8,9.6
W00005186,129,36,12,24,93,80,13,27.906976744186046,9.30232558139535,18.6046511627907,72.09302325581395,62.01550387596899,10.077519379844961
W00005187,156,53,10,43,103,91,12,33.97435897435898,6.41025641025641,27.564102564102566,66.02564102564102,58.333333333333336,7.6923076923076925
W00005188,201,49,16,33,152,126,26,24.378109452736318,7.960199004975125,16.417910447761194,75.62189054726367,62.68656716417911,12.935323383084576
W00005189,42,8,1,7,34,23,11,19.047619047619047,2.380952380952381,16.666666666666664,80.95238095238095,54.761904761904766,26.190476190476193
W00005190,66,20,3,17,46,41,5,30.303030303030305,4.545454545454546,25.757575757575758,69.6969696969697,62.121212121212125,7.575757575757576
W00005191,89,29,6,23,60,55,5,32.58426966292135,6.741573033707865,25.842696629213485,67.41573033707866,61.79775280898876,5.617977528089887
W00005192,168,37,7,30,131,120,11,22.023809523809522,4.166666666666666,17.857142857142858,77.97619047619048,71.42857142857143,6.547619047619048
W00005193,132,37,10,27,95,85,10,28.030303030303028,7.575757575757576,20.454545454545457,71.96969696969697,64.39393939393939,7.575757575757576
W00005194,164,43,10,33,121,108,13,26.21951219512195,6.097560975609756,20.121951219512198,73.78048780487805,65.85365853658537,7.926829268292683
W00005195,124,36,10,26,88,76,12,29.03225806451613,8.064516129032258,20.967741935483872,70.96774193548387,61.29032258064516,9.67741935483871
W00005196,136,44,18,26,92,82,10,32.35294117647059,13.23529411764706,19.11764705882353,67.64705882352942,60.29411764705882,7.352941176470589
W00005197,95,26,8,18,69,65,4,27.368421052631582,8.421052631578947,18.947368421052634,72.63157894736842,68.42105263157895,4.2105263157894735
W00005198,131,37,5,32,94,85,9,28.24427480916031,3.816793893129771,24.427480916030532,71.7557251908397,64.8854961832061,6.870229007633588
W00005199,155,37,17,20,118,107,11,23.870967741935484,10.967741935483872,12.903225806451612,76.12903225806451,69.03225806451613,7.096774193548387
W00005202,247,60,13,47,187,168,19,24.291497975708502,5.263157894736842,19.02834008097166,75.7085020242915,68.0161943319838,7.6923076923076925
W00005203,141,47,12,35,94,81,13,33.33333333333333,8.51063829787234,24.822695035460992,66.66666666666666,57.446808510638306,9.219858156028367
W00005204,208,57,14,43,151,137,14,27.403846153846157,6.730769230769231,20.673076923076923,72.59615384615384,65.86538461538461,6.730769230769231
W00005205,129,34,9,25,95,79,16,26.356589147286826,6.976744186046512,19.379844961240313,73.64341085271317,61.240310077519375,12.4031007751938
W00005206,121,35,13,22,86,78,8,28.92561983471074,10.743801652892563,18.181818181818183,71.07438016528926,64.46280991735537,6.6115702479338845
W00005207,129,40,16,24,89,77,12,31.007751937984494,12.4031007751938,18.6046511627907,68.9922480620155,59.68992248062015,9.30232558139535
W00005211,166,36,9,27,130,119,11,21.686746987951807,5.421686746987952,16.265060240963855,78.3132530120482,71.6867469879518,6.626506024096386
W00005212,184,46,8,38,138,119,19,25,4.3478260869565215,20.652173913043477,75,64.67391304347827,10.326086956521738
W00005213,188,55,12,43,133,113,20,29.25531914893617,6.382978723404255,22.872340425531913,70.74468085106383,60.1063829787234,10.638297872340425
W00005214,95,32,9,23,63,55,8,33.68421052631579,9.473684210526317,24.210526315789473,66.3157894736842,57.89473684210527,8.421052631578947
W00005215,174,43,12,31,131,119,12,24.71264367816092,6.896551724137931,17.81609195402299,75.28735632183908,68.39080459770115,6.896551724137931
W00005216,85,30,8,22,55,51,4,35.294117647058826,9.411764705882353,25.882352941176475,64.70588235294117,60,4.705882352941177
W00005217,78,36,12,24,42,42,0,46.15384615384615,15.384615384615385,30.76923076923077,53.84615384615385,53.84615384615385,0
W00005218,154,50,17,33,104,99,5,32.467532467532465,11.03896103896104,21.428571428571427,67.53246753246754,64.28571428571429,3.2467532467532463
W00005219,76,24,8,16,52,48,4,31.57894736842105,10.526315789473683,21.052631578947366,68.42105263157895,63.1578947368421,5.263157894736842
W00005220,165,46,17,29,119,105,14,27.878787878787882,10.303030303030303,17.575757575757574,72.12121212121212,63.63636363636363,8.484848484848486
W00005221,146,35,11,24,111,97,14,23.972602739726025,7.534246575342466,16.43835616438356,76.02739726027397,66.43835616438356,9.58904109589041
W00005222,112,41,16,25,71,65,6,36.607142857142854,14.285714285714285,22.321428571428573,63.39285714285714,58.03571428571429,5.357142857142857
W00005223,152,47,20,27,105,84,21,30.92105263157895,13.157894736842104,17.763157894736842,69.07894736842105,55.26315789473685,13.815789473684212
W00005224,144,43,11,32,101,90,11,29.86111111111111,7.638888888888889,22.22222222222222,70.13888888888889,62.5,7.638888888888889
W00005225,91,41,14,27,50,50,0,45.05494505494506,15.384615384615385,29.67032967032967,54.94505494505495,54.94505494505495,0
W00005226,141,35,9,26,106,92,14,24.822695035460992,6.382978723404255,18.439716312056735,75.177304964539,65.24822695035462,9.929078014184398
W00005227,153,42,9,33,111,101,10,27.450980392156865,5.88235294117647,21.568627450980394,72.54901960784314,66.01307189542483,6.535947712418301
W00005228,119,33,10,23,86,70,16,27.73109243697479,8.403361344537815,19.327731092436977,72.26890756302521,58.82352941176471,13.445378151260504
W00005229,137,36,7,29,101,91,10,26.277372262773724,5.109489051094891,21.16788321167883,73.72262773722628,66.42335766423358,7.2992700729927
W00005230,107,31,9,22,76,66,10,28.971962616822427,8.411214953271028,20.5607476635514,71.02803738317756,61.6822429906542,9.345794392523365
W00005231,118,26,5,21,92,81,11,22.033898305084744,4.23728813559322,17.796610169491526,77.96610169491525,68.64406779661016,9.322033898305085
W00005232,253,56,23,33,197,171,26,22.134387351778656,9.090909090909092,13.043478260869565,77.86561264822134,67.58893280632411,10.276679841897234
W00005233,153,35,10,25,118,104,14,22.875816993464053,6.535947712418301,16.33986928104575,77.12418300653596,67.97385620915033,9.15032679738562
W00005234,82,20,6,14,62,44,18,24.390243902439025,7.317073170731707,17.073170731707318,75.60975609756098,53.65853658536586,21.951219512195124
W00005235,314,74,21,53,240,212,28,23.56687898089172,6.687898089171974,16.878980891719745,76.43312101910828,67.51592356687898,8.9171974522293
W00005236,147,52,13,39,95,83,12,35.374149659863946,8.843537414965986,26.53061224489796,64.62585034013605,56.4625850340136,8.16326530612245
W00005237,198,49,12,37,149,132,17,24.747474747474747,6.0606060606060606,18.68686868686869,75.25252525252525,66.66666666666666,8.585858585858585
W00005239,108,25,4,21,83,66,17,23.14814814814815,3.7037037037037033,19.444444444444446,76.85185185185185,61.111111111111114,15.74074074074074
W00005240,97,28,9,19,69,65,4,28.865979381443296,9.278350515463918,19.587628865979383,71.1340206185567,67.0103092783505,4.123711340206185
W00005241,91,36,17,19,55,43,12,39.56043956043956,18.681318681318682,20.87912087912088,60.43956043956044,47.25274725274725,13.186813186813188
W00005243,91,29,8,21,62,59,3,31.868131868131865,8.791208791208792,23.076923076923077,68.13186813186813,64.83516483516483,3.296703296703297
W00005246,294,65,16,49,229,207,22,22.108843537414966,5.442176870748299,16.666666666666664,77.89115646258503,70.40816326530613,7.482993197278912
W00005247,124,39,10,29,85,81,4,31.451612903225808,8.064516129032258,23.387096774193548,68.54838709677419,65.32258064516128,3.225806451612903
W00005248,136,43,12,31,93,78,15,31.61764705882353,8.823529411764707,22.794117647058822,68.38235294117648,57.35294117647059,11.029411764705882
W00005249,105,25,10,15,80,71,9,23.809523809523807,9.523809523809524,14.285714285714285,76.19047619047619,67.61904761904762,8.571428571428571
W00005250,205,62,17,45,143,125,18,30.24390243902439,8.292682926829269,21.951219512195124,69.7560975609756,60.97560975609756,8.780487804878048
W00005251,263,68,16,52,195,170,25,25.85551330798479,6.083650190114068,19.771863117870723,74.1444866920152,64.63878326996198,9.505703422053232
W00005252,84,29,11,18,55,45,10,34.523809523809526,13.095238095238097,21.428571428571427,65.47619047619048,53.57142857142857,11.904761904761903
W00005253,111,34,13,21,77,67,10,30.630630630630627,11.711711711711711,18.91891891891892,69.36936936936937,60.36036036036037,9.00900900900901
W00005254,117,30,9,21,87,64,23,25.64102564102564,7.6923076923076925,17.94871794871795,74.35897435897436,54.700854700854705,19.65811965811966
W00005255,147,41,20,21,106,87,19,27.89115646258503,13.60544217687075,14.285714285714285,72.10884353741497,59.183673469387756,12.925170068027212
W00005256,81,24,8,16,57,50,7,29.629629629629626,9.876543209876543,19.753086419753085,70.37037037037037,61.72839506172839,8.641975308641975
W00005257,109,27,0,27,82,71,11,24.770642201834864,0,24.770642201834864,75.22935779816514,65.13761467889908,10.091743119266056
W00005258,107,28,13,15,79,70,9,26.168224299065418,12.149532710280374,14.018691588785046,73.83177570093457,65.42056074766354,8.411214953271028
W00005259,153,44,10,34,109,98,11,28.75816993464052,6.535947712418301,22.22222222222222,71.24183006535948,64.05228758169935,7.18954248366013
W00005260,147,43,15,28,104,92,12,29.25170068027211,10.204081632653061,19.047619047619047,70.74829931972789,62.585034013605444,8.16326530612245
W00005261,112,31,8,23,81,70,11,27.67857142857143,7.142857142857142,20.535714285714285,72.32142857142857,62.5,9.821428571428571
W00005262,136,39,9,30,97,89,8,28.676470588235293,6.61764705882353,22.058823529411764,71.32352941176471,65.44117647058823,5.88235294117647
W00005263,125,36,9,27,89,77,12,28.799999999999997,7.199999999999999,21.6,71.2,61.6,9.6
W00005264,69,25,5,20,44,39,5,36.231884057971016,7.246376811594203,28.985507246376812,63.76811594202898,56.52173913043478,7.246376811594203
W00005265,91,35,9,26,56,44,12,38.46153846153847,9.89010989010989,28.57142857142857,61.53846153846154,48.35164835164835,13.186813186813188
W00005266,88,23,4,19,65,59,6,26.136363636363637,4.545454545454546,21.59090909090909,73.86363636363636,67.04545454545455,6.8181818181818175
W00005267,67,21,6,15,46,38,8,31.343283582089555,8.955223880597014,22.388059701492537,68.65671641791045,56.71641791044776,11.940298507462686
W00005268,115,41,11,30,74,63,11,35.65217391304348,9.565217391304348,26.08695652173913,64.34782608695652,54.78260869565217,9.565217391304348
W00005269,83,33,9,24,50,42,8,39.75903614457831,10.843373493975903,28.915662650602407,60.24096385542169,50.602409638554214,9.63855421686747
W00005270,100,32,8,24,68,58,10,32,8,24,68,57.99999999999999,10
W00005271,126,38,8,30,88,82,6,30.158730158730158,6.349206349206349,23.809523809523807,69.84126984126983,65.07936507936508,4.761904761904762
W00005272,111,35,11,24,76,69,7,31.53153153153153,9.90990990990991,21.62162162162162,68.46846846846847,62.16216216216216,6.306306306306306
W00005273,72,23,8,15,49,46,3,31.944444444444443,11.11111111111111,20.833333333333336,68.05555555555556,63.888888888888886,4.166666666666666
W00005274,113,32,9,23,81,72,9,28.31858407079646,7.964601769911504,20.353982300884958,71.68141592920354,63.716814159292035,7.964601769911504
W00005275,93,30,7,23,63,56,7,32.25806451612903,7.526881720430108,24.731182795698924,67.74193548387096,60.215053763440864,7.526881720430108
W00005276,98,28,4,24,70,63,7,28.57142857142857,4.081632653061225,24.489795918367346,71.42857142857143,64.28571428571429,7.142857142857142
W00005277,131,45,13,32,86,79,7,34.35114503816794,9.923664122137405,24.427480916030532,65.64885496183206,60.30534351145038,5.343511450381679
W00005278,120,43,11,32,77,72,5,35.833333333333336,9.166666666666666,26.666666666666668,64.16666666666667,60,4.166666666666666
W00005279,77,26,6,20,51,46,5,33.76623376623377,7.792207792207792,25.97402597402597,66.23376623376623,59.74025974025974,6.493506493506493
W00005280,75,26,7,19,49,39,10,34.66666666666667,9.333333333333334,25.333333333333336,65.33333333333333,52,13.333333333333334
W00005281,114,42,12,30,72,60,12,36.84210526315789,10.526315789473683,26.31578947368421,63.1578947368421,52.63157894736842,10.526315789473683
W00005282,91,28,9,19,63,61,2,30.76923076923077,9.89010989010989,20.87912087912088,69.23076923076923,67.03296703296702,2.197802197802198
W00005283,134,44,10,34,90,82,8,32.83582089552239,7.462686567164178,25.37313432835821,67.16417910447761,61.19402985074627,5.970149253731343
W00005284,130,28,9,19,102,82,20,21.53846153846154,6.923076923076923,14.615384615384617,78.46153846153847,63.07692307692307,15.384615384615385
W00005285,110,23,6,17,87,78,9,20.909090909090907,5.454545454545454,15.454545454545453,79.0909090909091,70.9090909090909,8.181818181818182
W00005287,109,28,5,23,81,71,10,25.688073394495415,4.587155963302752,21.100917431192663,74.31192660550458,65.13761467889908,9.174311926605505
W00005288,120,31,10,21,89,73,16,25.833333333333336,8.333333333333332,17.5,74.16666666666667,60.83333333333333,13.333333333333334
W00005289,97,23,9,14,74,65,9,23.711340206185564,9.278350515463918,14.432989690721648,76.28865979381443,67.0103092783505,9.278350515463918
W00005294,121,46,17,29,75,61,14,38.01652892561984,14.049586776859504,23.96694214876033,61.98347107438017,50.413223140495866,11.570247933884298
W00005295,154,47,10,37,107,95,12,30.519480519480517,6.493506493506493,24.025974025974026,69.48051948051948,61.68831168831169,7.792207792207792
W00005296,204,55,15,40,149,120,29,26.96078431372549,7.352941176470589,19.607843137254903,73.0392156862745,58.82352941176471,14.215686274509803
W00005297,101,33,6,27,68,59,9,32.67326732673268,5.9405940594059405,26.732673267326735,67.32673267326733,58.415841584158414,8.91089108910891
W00005298,100,34,8,26,66,57,9,34,8,26,66,56.99999999999999,9
W00005299,137,40,9,31,97,89,8,29.1970802919708,6.569343065693431,22.62773722627737,70.8029197080292,64.96350364963503,5.839416058394161
W00005300,39,15,5,10,24,20,4,38.46153846153847,12.82051282051282,25.64102564102564,61.53846153846154,51.28205128205128,10.256410256410255
W00005301,114,41,9,32,73,64,9,35.96491228070175,7.894736842105263,28.07017543859649,64.03508771929825,56.14035087719298,7.894736842105263
W00005302,110,33,8,25,77,66,11,30,7.2727272727272725,22.727272727272727,70,60,10
W00005303,144,50,9,41,94,79,15,34.72222222222222,6.25,28.47222222222222,65.27777777777779,54.861111111111114,10.416666666666668
W00005304,144,31,4,27,113,102,11,21.52777777777778,2.7777777777777777,18.75,78.47222222222221,70.83333333333334,7.638888888888889
W00005305,123,43,11,32,80,68,12,34.959349593495936,8.94308943089431,26.01626016260163,65.04065040650406,55.28455284552846,9.75609756097561
W00005306,97,34,11,23,63,60,3,35.051546391752574,11.34020618556701,23.711340206185564,64.94845360824742,61.855670103092784,3.0927835051546393
W00005307,233,66,21,45,167,144,23,28.32618025751073,9.012875536480687,19.313304721030043,71.67381974248927,61.80257510729614,9.871244635193133
W00005309,122,42,15,27,80,70,10,34.42622950819672,12.295081967213115,22.131147540983605,65.57377049180327,57.377049180327866,8.19672131147541
W00005310,130,44,20,24,86,69,17,33.84615384615385,15.384615384615385,18.461538461538463,66.15384615384615,53.07692307692308,13.076923076923078
W00005311,99,50,16,34,49,45,4,50.505050505050505,16.161616161616163,34.34343434343434,49.494949494949495,45.45454545454545,4.040404040404041
W00005312,140,48,10,38,92,79,13,34.285714285714285,7.142857142857142,27.142857142857142,65.71428571428571,56.42857142857143,9.285714285714286
W00005313,252,74,12,62,178,149,29,29.365079365079367,4.761904761904762,24.6031746031746,70.63492063492063,59.12698412698413,11.507936507936508
W00005314,178,53,22,31,125,102,23,29.775280898876407,12.359550561797752,17.415730337078653,70.2247191011236,57.30337078651685,12.921348314606742
W00005315,129,41,13,28,88,70,18,31.782945736434108,10.077519379844961,21.705426356589147,68.21705426356588,54.263565891472865,13.953488372093023
W00005316,118,36,18,18,82,75,7,30.508474576271187,15.254237288135593,15.254237288135593,69.49152542372882,63.559322033898304,5.932203389830509
W00005317,128,30,8,22,98,83,15,23.4375,6.25,17.1875,76.5625,64.84375,11.71875
W00005318,87,22,8,14,65,56,9,25.287356321839084,9.195402298850574,16.091954022988507,74.71264367816092,64.36781609195403,10.344827586206897
W00005319,165,35,11,24,130,118,12,21.21212121212121,6.666666666666667,14.545454545454545,78.78787878787878,71.51515151515152,7.2727272727272725
W00005320,142,34,9,25,108,89,19,23.943661971830984,6.338028169014084,17.6056338028169,76.05633802816901,62.676056338028175,13.380281690140844
W00005321,91,22,6,16,69,59,10,24.175824175824175,6.593406593406594,17.582417582417584,75.82417582417582,64.83516483516483,10.989010989010989
W00005322,84,19,3,16,65,56,9,22.61904761904762,3.571428571428571,19.047619047619047,77.38095238095238,66.66666666666666,10.714285714285714
W00005324,151,38,10,28,113,101,12,25.165562913907287,6.622516556291391,18.543046357615893,74.83443708609272,66.88741721854305,7.9470198675496695
W00005325,92,27,9,18,65,61,4,29.347826086956523,9.782608695652174,19.565217391304348,70.65217391304348,66.30434782608695,4.3478260869565215
W00005326,103,33,5,28,70,56,14,32.038834951456316,4.854368932038835,27.184466019417474,67.96116504854369,54.36893203883495,13.592233009708737
W00005327,243,79,28,51,164,135,29,32.510288065843625,11.522633744855968,20.98765432098765,67.48971193415639,55.55555555555556,11.934156378600823
W00005329,80,15,0,15,65,58,7,18.75,0,18.75,81.25,72.5,8.75
W00005330,151,42,12,30,109,95,14,27.81456953642384,7.9470198675496695,19.867549668874172,72.18543046357617,62.913907284768214,9.271523178807946
W00005331,121,43,15,28,78,74,4,35.53719008264463,12.396694214876034,23.140495867768596,64.46280991735537,61.15702479338842,3.3057851239669422
W00005332,95,31,10,21,64,59,5,32.631578947368425,10.526315789473683,22.105263157894736,67.36842105263158,62.10526315789474,5.263157894736842
W00005333,129,36,17,19,93,84,9,27.906976744186046,13.178294573643413,14.728682170542637,72.09302325581395,65.11627906976744,6.976744186046512
W00005334,110,21,7,14,89,79,10,19.090909090909093,6.363636363636363,12.727272727272727,80.9090909090909,71.81818181818181,9.090909090909092
W00005335,129,29,7,22,100,86,14,22.48062015503876,5.426356589147287,17.05426356589147,77.51937984496125,66.66666666666666,10.852713178294573
W00005336,113,28,10,18,85,80,5,24.778761061946902,8.849557522123893,15.929203539823009,75.22123893805309,70.79646017699115,4.424778761061947
W00005337,146,33,6,27,113,102,11,22.602739726027394,4.10958904109589,18.493150684931507,77.3972602739726,69.86301369863014,7.534246575342466
W00005338,159,47,13,34,112,97,15,29.559748427672954,8.176100628930817,21.38364779874214,70.44025157232704,61.0062893081761,9.433962264150944
W00005339,325,69,19,50,256,212,44,21.23076923076923,5.846153846153846,15.384615384615385,78.76923076923077,65.23076923076923,13.538461538461538
W00005340,97,23,5,18,74,68,6,23.711340206185564,5.154639175257731,18.556701030927837,76.28865979381443,70.10309278350515,6.185567010309279
W00005341,104,20,8,12,84,74,10,19.230769230769234,7.6923076923076925,11.538461538461538,80.76923076923077,71.15384615384616,9.615384615384617
W00005342,115,48,14,34,67,61,6,41.73913043478261,12.173913043478262,29.565217391304348,58.26086956521739,53.04347826086957,5.217391304347826
W00005343,155,41,9,32,114,96,18,26.451612903225808,5.806451612903226,20.64516129032258,73.54838709677419,61.935483870967744,11.612903225806452
W00005344,105,26,5,21,79,68,11,24.761904761904763,4.761904761904762,20,75.23809523809524,64.76190476190476,10.476190476190476
W00005346,148,46,8,38,102,90,12,31.08108108108108,5.405405405405405,25.675675675675674,68.91891891891892,60.810810810810814,8.108108108108109
W00005347,148,41,12,29,107,99,8,27.7027027027027,8.108108108108109,19.594594594594593,72.2972972972973,66.8918918918919,5.405405405405405
W00005348,121,30,9,21,91,78,13,24.793388429752067,7.43801652892562,17.355371900826448,75.20661157024794,64.46280991735537,10.743801652892563
W00005349,172,41,12,29,131,110,21,23.837209302325583,6.976744186046512,16.86046511627907,76.16279069767442,63.95348837209303,12.209302325581394
W00005350,171,52,13,39,119,98,21,30.409356725146196,7.602339181286549,22.807017543859647,69.5906432748538,57.30994152046783,12.280701754385964
W00005351,162,54,17,37,108,99,9,33.33333333333333,10.493827160493826,22.839506172839506,66.66666666666666,61.111111111111114,5.555555555555555
W00005352,120,32,9,23,88,80,8,26.666666666666668,7.5,19.166666666666668,73.33333333333333,66.66666666666666,6.666666666666667
W00005353,114,31,5,26,83,78,5,27.192982456140353,4.385964912280701,22.807017543859647,72.80701754385966,68.42105263157895,4.385964912280701
W00005354,88,32,14,18,56,49,7,36.36363636363637,15.909090909090908,20.454545454545457,63.63636363636363,55.68181818181818,7.954545454545454
W00005355,143,44,10,34,99,77,22,30.76923076923077,6.993006993006993,23.776223776223777,69.23076923076923,53.84615384615385,15.384615384615385
W00005356,51,19,9,10,32,32,0,37.254901960784316,17.647058823529413,19.607843137254903,62.745098039215684,62.745098039215684,0
W00005357,91,30,5,25,61,54,7,32.967032967032964,5.4945054945054945,27.472527472527474,67.03296703296702,59.34065934065934,7.6923076923076925
W00005358,106,39,9,30,67,61,6,36.79245283018868,8.49056603773585,28.30188679245283,63.20754716981132,57.54716981132076,5.660377358490567
W00005359,84,31,12,19,53,50,3,36.904761904761905,14.285714285714285,22.61904761904762,63.095238095238095,59.523809523809526,3.571428571428571
W00005360,109,37,10,27,72,61,11,33.94495412844037,9.174311926605505,24.770642201834864,66.05504587155964,55.96330275229357,10.091743119266056
W00005361,87,23,6,17,64,57,7,26.436781609195403,6.896551724137931,19.54022988505747,73.5632183908046,65.51724137931035,8.045977011494253
W00005362,133,26,6,20,107,92,15,19.548872180451127,4.511278195488721,15.037593984962406,80.45112781954887,69.17293233082707,11.278195488721805
W00005363,122,31,9,22,91,81,10,25.40983606557377,7.377049180327869,18.0327868852459,74.59016393442623,66.39344262295081,8.19672131147541
W00005364,118,39,9,30,79,67,12,33.05084745762712,7.627118644067797,25.423728813559322,66.94915254237289,56.779661016949156,10.16949152542373
W00005365,265,60,13,47,205,179,26,22.641509433962266,4.905660377358491,17.735849056603772,77.35849056603774,67.54716981132076,9.811320754716983
W00005366,99,17,8,9,82,78,4,17.17171717171717,8.080808080808081,9.090909090909092,82.82828282828282,78.78787878787878,4.040404040404041
W00005367,161,39,12,27,122,106,16,24.22360248447205,7.453416149068323,16.77018633540373,75.77639751552795,65.83850931677019,9.937888198757763
W00005368,140,43,12,31,97,79,18,30.714285714285715,8.571428571428571,22.142857142857142,69.28571428571428,56.42857142857143,12.857142857142856
W00005369,117,29,12,17,88,80,8,24.786324786324787,10.256410256410255,14.529914529914532,75.21367521367522,68.37606837606837,6.837606837606838
W00005370,144,49,14,35,95,82,13,34.02777777777778,9.722222222222223,24.305555555555554,65.97222222222221,56.94444444444444,9.027777777777777
W00005371,143,45,9,36,98,92,6,31.46853146853147,6.293706293706294,25.174825174825177,68.53146853146853,64.33566433566433,4.195804195804196
W00005372,79,21,4,17,58,52,6,26.582278481012654,5.063291139240507,21.518987341772153,73.41772151898735,65.82278481012658,7.59493670886076
W00005373,114,27,6,21,87,73,14,23.684210526315788,5.263157894736842,18.421052631578945,76.31578947368422,64.03508771929825,12.280701754385964
W00005374,80,21,5,16,59,56,3,26.25,6.25,20,73.75,70,3.75
W00005375,112,30,4,26,82,70,12,26.785714285714285,3.571428571428571,23.214285714285715,73.21428571428571,62.5,10.714285714285714
W00005376,93,33,5,28,60,49,11,35.483870967741936,5.376344086021505,30.107526881720432,64.51612903225806,52.68817204301075,11.827956989247312
W00005377,92,28,9,19,64,59,5,30.434782608695656,9.782608695652174,20.652173913043477,69.56521739130434,64.13043478260869,5.434782608695652
W00005378,119,36,15,21,83,75,8,30.252100840336134,12.605042016806722,17.647058823529413,69.74789915966386,63.02521008403361,6.722689075630252
W00005379,133,47,18,29,86,74,12,35.338345864661655,13.533834586466165,21.804511278195488,64.66165413533834,55.639097744360896,9.022556390977442
W00005380,134,32,4,28,102,90,12,23.88059701492537,2.9850746268656714,20.8955223880597,76.11940298507463,67.16417910447761,8.955223880597014
W00005381,152,44,10,34,108,94,14,28.947368421052634,6.578947368421052,22.36842105263158,71.05263157894737,61.8421052631579,9.210526315789473
W00005382,89,34,7,27,55,52,3,38.20224719101123,7.865168539325842,30.337078651685395,61.79775280898876,58.42696629213483,3.3707865168539324
W00005383,112,30,7,23,82,73,9,26.785714285714285,6.25,20.535714285714285,73.21428571428571,65.17857142857143,8.035714285714286
W00005384,99,28,12,16,71,60,11,28.28282828282828,12.121212121212121,16.161616161616163,71.71717171717171,60.60606060606061,11.11111111111111
W00005385,118,33,5,28,85,77,8,27.966101694915253,4.23728813559322,23.728813559322035,72.03389830508475,65.2542372881356,6.779661016949152
W00005386,138,51,15,36,87,82,5,36.95652173913043,10.869565217391305,26.08695652173913,63.04347826086957,59.42028985507246,3.6231884057971016
W00005387,138,37,12,25,101,89,12,26.811594202898554,8.695652173913043,18.115942028985508,73.18840579710145,64.4927536231884,8.695652173913043
W00005388,150,46,12,34,104,93,11,30.666666666666664,8,22.666666666666664,69.33333333333334,62,7.333333333333333
W00005389,132,36,7,29,96,87,9,27.27272727272727,5.303030303030303,21.96969696969697,72.72727272727273,65.9090909090909,6.8181818181818175
W00005390,75,27,5,22,48,41,7,36,6.666666666666667,29.333333333333332,64,54.666666666666664,9.333333333333334
W00005391,106,29,2,27,77,73,4,27.358490566037734,1.8867924528301887,25.471698113207548,72.64150943396226,68.86792452830188,3.7735849056603774
W00005392,157,45,13,32,112,99,13,28.662420382165603,8.280254777070063,20.382165605095544,71.3375796178344,63.05732484076433,8.280254777070063
W00005393,120,44,11,33,76,69,7,36.666666666666664,9.166666666666666,27.500000000000004,63.33333333333333,57.49999999999999,5.833333333333333
W00005394,119,42,12,30,77,70,7,35.294117647058826,10.084033613445378,25.210084033613445,64.70588235294117,58.82352941176471,5.88235294117647
W00005395,102,30,7,23,72,65,7,29.411764705882355,6.862745098039216,22.54901960784314,70.58823529411765,63.725490196078425,6.862745098039216
W00005396,133,35,9,26,98,89,9,26.31578947368421,6.7669172932330826,19.548872180451127,73.68421052631578,66.9172932330827,6.7669172932330826
W00005397,51,18,5,13,33,32,1,35.294117647058826,9.803921568627452,25.49019607843137,64.70588235294117,62.745098039215684,1.9607843137254901
W00005398,110,40,7,33,70,62,8,36.36363636363637,6.363636363636363,30,63.63636363636363,56.36363636363636,7.2727272727272725
W00005399,175,44,12,32,131,114,17,25.142857142857146,6.857142857142858,18.285714285714285,74.85714285714286,65.14285714285715,9.714285714285714
W00005400,141,40,8,32,101,90,11,28.368794326241137,5.673758865248227,22.69503546099291,71.63120567375887,63.829787234042556,7.801418439716312
W00005401,132,34,6,28,98,84,14,25.757575757575758,4.545454545454546,21.21212121212121,74.24242424242425,63.63636363636363,10.606060606060606
W00005402,115,35,11,24,80,66,14,30.434782608695656,9.565217391304348,20.869565217391305,69.56521739130434,57.391304347826086,12.173913043478262
W00005403,98,36,17,19,62,53,9,36.734693877551024,17.346938775510203,19.387755102040817,63.26530612244898,54.08163265306123,9.183673469387756
W00005404,98,25,8,17,73,66,7,25.510204081632654,8.16326530612245,17.346938775510203,74.48979591836735,67.3469387755102,7.142857142857142
W00005405,106,35,9,26,71,65,6,33.0188679245283,8.49056603773585,24.528301886792452,66.98113207547169,61.32075471698113,5.660377358490567
W00005406,80,38,10,28,42,42,0,47.5,12.5,35,52.5,52.5,0
W00005407,95,47,14,33,48,44,4,49.473684210526315,14.736842105263156,34.73684210526316,50.526315789473685,46.31578947368421,4.2105263157894735
W00005408,71,20,6,14,51,45,6,28.169014084507044,8.450704225352112,19.718309859154928,71.83098591549296,63.38028169014085,8.450704225352112
W00005409,71,34,11,23,37,37,0,47.88732394366197,15.492957746478872,32.3943661971831,52.112676056338024,52.112676056338024,0
W00005410,138,24,6,18,114,104,10,17.391304347826086,4.3478260869565215,13.043478260869565,82.6086956521739,75.36231884057972,7.246376811594203
W00005411,195,53,18,35,142,131,11,27.17948717948718,9.230769230769232,17.94871794871795,72.82051282051282,67.17948717948717,5.641025641025641
W00005412,104,18,0,18,86,78,8,17.307692307692307,0,17.307692307692307,82.6923076923077,75,7.6923076923076925
W00005413,82,22,2,20,60,52,8,26.82926829268293,2.4390243902439024,24.390243902439025,73.17073170731707,63.41463414634146,9.75609756097561
W00005414,148,51,15,36,97,85,12,34.45945945945946,10.135135135135135,24.324324324324326,65.54054054054053,57.432432432432435,8.108108108108109
W00005415,174,52,16,36,122,109,13,29.88505747126437,9.195402298850574,20.689655172413794,70.11494252873564,62.643678160919535,7.471264367816093
W00005416,172,45,12,33,127,112,15,26.16279069767442,6.976744186046512,19.186046511627907,73.83720930232558,65.11627906976744,8.720930232558139
W00005417,107,36,11,25,71,65,6,33.64485981308411,10.2803738317757,23.364485981308412,66.35514018691589,60.747663551401864,5.607476635514018
W00005418,134,25,8,17,109,94,15,18.65671641791045,5.970149253731343,12.686567164179104,81.34328358208955,70.1492537313433,11.194029850746269
W00005419,115,31,10,21,84,71,13,26.956521739130434,8.695652173913043,18.26086956521739,73.04347826086956,61.73913043478261,11.304347826086957
W00005420,103,40,12,28,63,60,3,38.83495145631068,11.650485436893204,27.184466019417474,61.165048543689316,58.252427184466015,2.912621359223301
W00005421,108,40,7,33,68,63,5,37.03703703703704,6.481481481481481,30.555555555555557,62.96296296296296,58.333333333333336,4.62962962962963
W00005422,72,24,4,20,48,42,6,33.33333333333333,5.555555555555555,27.77777777777778,66.66666666666666,58.333333333333336,8.333333333333332
W00005423,117,41,11,30,76,66,10,35.04273504273504,9.401709401709402,25.64102564102564,64.95726495726495,56.41025641025641,8.547008547008547
W00005424,139,46,16,30,93,78,15,33.093525179856115,11.510791366906476,21.58273381294964,66.90647482014388,56.11510791366906,10.79136690647482
W00005425,129,48,10,38,81,76,5,37.2093023255814,7.751937984496124,29.457364341085274,62.7906976744186,58.91472868217055,3.875968992248062
W00005426,152,36,6,30,116,103,13,23.684210526315788,3.9473684210526314,19.736842105263158,76.31578947368422,67.76315789473685,8.552631578947368
W00005427,122,26,8,18,96,87,9,21.311475409836063,6.557377049180328,14.754098360655737,78.68852459016394,71.31147540983606,7.377049180327869
W00005428,115,33,11,22,82,75,7,28.695652173913043,9.565217391304348,19.130434782608695,71.30434782608695,65.21739130434783,6.086956521739131
W00005429,158,41,15,26,117,103,14,25.949367088607595,9.49367088607595,16.455696202531644,74.0506329113924,65.18987341772153,8.860759493670885
W00005430,231,69,19,50,162,140,22,29.87012987012987,8.225108225108226,21.645021645021643,70.12987012987013,60.60606060606061,9.523809523809524
W00005431,123,27,11,16,96,82,14,21.951219512195124,8.94308943089431,13.008130081300814,78.04878048780488,66.66666666666666,11.38211382113821
W00005432,140,37,5,32,103,87,16,26.42857142857143,3.571428571428571,22.857142857142858,73.57142857142858,62.142857142857146,11.428571428571429
W00005433,128,39,5,34,89,79,10,30.46875,3.90625,26.5625,69.53125,61.71875,7.8125
W00005434,131,35,10,25,96,85,11,26.717557251908396,7.633587786259542,19.083969465648856,73.2824427480916,64.8854961832061,8.396946564885496
W00005435,99,34,10,24,65,58,7,34.34343434343434,10.1010101010101,24.242424242424242,65.65656565656566,58.58585858585859,7.07070707070707
W00005436,76,25,4,21,51,47,4,32.89473684210527,5.263157894736842,27.631578947368425,67.10526315789474,61.8421052631579,5.263157894736842
W00005437,79,21,9,12,58,51,7,26.582278481012654,11.39240506329114,15.18987341772152,73.41772151898735,64.55696202531645,8.860759493670885
W00005438,134,41,12,29,93,79,14,30.597014925373134,8.955223880597014,21.641791044776117,69.40298507462687,58.95522388059702,10.44776119402985
W00005439,139,35,9,26,104,91,13,25.179856115107913,6.474820143884892,18.705035971223023,74.82014388489209,65.46762589928058,9.352517985611511
W00005440,141,51,19,32,90,77,13,36.17021276595745,13.47517730496454,22.69503546099291,63.829787234042556,54.60992907801418,9.219858156028367
W00005441,113,36,13,23,77,62,15,31.858407079646017,11.504424778761061,20.353982300884958,68.14159292035397,54.86725663716814,13.274336283185843
W00005442,134,28,10,18,106,90,16,20.8955223880597,7.462686567164178,13.432835820895523,79.1044776119403,67.16417910447761,11.940298507462686
W00005443,120,32,5,27,88,84,4,26.666666666666668,4.166666666666666,22.5,73.33333333333333,70,3.3333333333333335
W00005444,79,26,9,17,53,42,11,32.91139240506329,11.39240506329114,21.518987341772153,67.08860759493672,53.16455696202531,13.924050632911392
W00005445,133,38,10,28,95,84,11,28.57142857142857,7.518796992481203,21.052631578947366,71.42857142857143,63.1578947368421,8.270676691729323
W00005446,69,16,4,12,53,51,2,23.18840579710145,5.797101449275362,17.391304347826086,76.81159420289855,73.91304347826086,2.898550724637681
W00005447,249,59,18,41,190,165,25,23.694779116465863,7.228915662650602,16.46586345381526,76.30522088353415,66.26506024096386,10.040160642570282
W00005448,127,29,9,20,98,77,21,22.83464566929134,7.086614173228346,15.748031496062993,77.16535433070865,60.629921259842526,16.535433070866144
W00005449,97,26,13,13,71,52,19,26.804123711340207,13.402061855670103,13.402061855670103,73.19587628865979,53.608247422680414,19.587628865979383
W00005450,122,35,13,22,87,71,16,28.688524590163933,10.655737704918032,18.0327868852459,71.31147540983606,58.19672131147541,13.114754098360656
W00005451,112,32,9,23,80,67,13,28.57142857142857,8.035714285714286,20.535714285714285,71.42857142857143,59.82142857142857,11.607142857142858
W00005452,99,37,15,22,62,45,17,37.37373737373738,15.151515151515152,22.22222222222222,62.62626262626263,45.45454545454545,17.17171717171717
W00005453,116,29,10,19,87,78,9,25,8.620689655172415,16.379310344827587,75,67.24137931034483,7.758620689655173
W00005454,88,31,9,22,57,49,8,35.22727272727273,10.227272727272728,25,64.77272727272727,55.68181818181818,9.090909090909092
W00005455,107,37,7,30,70,63,7,34.57943925233645,6.5420560747663545,28.037383177570092,65.42056074766354,58.87850467289719,6.5420560747663545
W00005456,129,30,7,23,99,84,15,23.25581395348837,5.426356589147287,17.829457364341085,76.74418604651163,65.11627906976744,11.627906976744185
W00005457,153,53,18,35,100,84,16,34.64052287581699,11.76470588235294,22.875816993464053,65.359477124183,54.90196078431373,10.457516339869281
W00005458,205,55,16,39,150,128,22,26.82926829268293,7.804878048780488,19.024390243902438,73.17073170731707,62.4390243902439,10.731707317073171
W00005459,133,41,12,29,92,70,22,30.82706766917293,9.022556390977442,21.804511278195488,69.17293233082707,52.63157894736842,16.541353383458645
W00005460,95,27,9,18,68,54,14,28.421052631578945,9.473684210526317,18.947368421052634,71.57894736842105,56.84210526315789,14.736842105263156
W00005461,140,38,5,33,102,98,4,27.142857142857142,3.571428571428571,23.57142857142857,72.85714285714285,70,2.857142857142857
W00005462,78,23,6,17,55,46,9,29.48717948717949,7.6923076923076925,21.794871794871796,70.51282051282051,58.97435897435898,11.538461538461538
W00005463,106,30,9,21,76,66,10,28.30188679245283,8.49056603773585,19.81132075471698,71.69811320754717,62.264150943396224,9.433962264150944
W00005464,96,21,7,14,75,67,8,21.875,7.291666666666667,14.583333333333334,78.125,69.79166666666666,8.333333333333332
W00005465,114,31,7,24,83,72,11,27.192982456140353,6.140350877192982,21.052631578947366,72.80701754385966,63.1578947368421,9.649122807017543
W00005466,127,33,7,26,94,76,18,25.984251968503933,5.511811023622047,20.47244094488189,74.01574803149606,59.84251968503938,14.173228346456693
W00005467,134,30,9,21,104,85,19,22.388059701492537,6.7164179104477615,15.671641791044777,77.61194029850746,63.43283582089553,14.17910447761194
W00005468,141,26,8,18,115,98,17,18.439716312056735,5.673758865248227,12.76595744680851,81.56028368794325,69.50354609929079,12.056737588652481
W00005469,105,33,5,28,72,59,13,31.428571428571427,4.761904761904762,26.666666666666668,68.57142857142857,56.19047619047619,12.380952380952381
W00005470,134,37,13,24,97,80,17,27.611940298507463,9.701492537313433,17.91044776119403,72.38805970149254,59.70149253731343,12.686567164179104
W00005471,91,30,12,18,61,55,6,32.967032967032964,13.186813186813188,19.78021978021978,67.03296703296702,60.43956043956044,6.593406593406594
W00005472,137,43,14,29,94,83,11,31.386861313868614,10.218978102189782,21.16788321167883,68.61313868613139,60.58394160583942,8.02919708029197
W00005473,137,36,10,26,101,87,14,26.277372262773724,7.2992700729927,18.97810218978102,73.72262773722628,63.503649635036496,10.218978102189782
W00005474,123,28,9,19,95,89,6,22.76422764227642,7.317073170731707,15.447154471544716,77.23577235772358,72.35772357723577,4.878048780487805
W00005475,171,47,9,38,124,106,18,27.485380116959064,5.263157894736842,22.22222222222222,72.51461988304094,61.98830409356725,10.526315789473683
W00005476,123,35,10,25,88,74,14,28.455284552845526,8.130081300813007,20.32520325203252,71.54471544715447,60.16260162601627,11.38211382113821
W00005477,125,36,6,30,89,80,9,28.799999999999997,4.8,24,71.2,64,7.199999999999999
W00005478,143,48,7,41,95,85,10,33.56643356643357,4.895104895104895,28.671328671328673,66.43356643356644,59.44055944055944,6.993006993006993
W00005479,178,42,11,31,136,114,22,23.595505617977526,6.179775280898876,17.415730337078653,76.40449438202246,64.04494382022472,12.359550561797752
W00005482,142,41,8,33,101,89,12,28.87323943661972,5.633802816901409,23.239436619718308,71.12676056338029,62.676056338028175,8.450704225352112
W00005483,131,33,8,25,98,89,9,25.190839694656486,6.106870229007633,19.083969465648856,74.80916030534351,67.93893129770993,6.870229007633588
W00005484,177,40,17,23,137,118,19,22.598870056497177,9.6045197740113,12.994350282485875,77.40112994350282,66.66666666666666,10.734463276836157
W00005485,150,49,20,29,101,84,17,32.666666666666664,13.333333333333334,19.333333333333332,67.33333333333333,56.00000000000001,11.333333333333332
W00005486,156,45,19,26,111,100,11,28.846153846153843,12.179487179487179,16.666666666666664,71.15384615384616,64.1025641025641,7.051282051282051
W00005487,79,28,10,18,51,45,6,35.44303797468354,12.658227848101266,22.78481012658228,64.55696202531645,56.9620253164557,7.59493670886076
W00005488,144,57,16,41,87,76,11,39.58333333333333,11.11111111111111,28.47222222222222,60.416666666666664,52.77777777777778,7.638888888888889
W00005489,81,33,12,21,48,40,8,40.74074074074074,14.814814814814813,25.925925925925924,59.25925925925925,49.382716049382715,9.876543209876543
W00005490,144,44,13,31,100,89,11,30.555555555555557,9.027777777777777,21.52777777777778,69.44444444444444,61.80555555555556,7.638888888888889
W00005491,95,32,5,27,63,56,7,33.68421052631579,5.263157894736842,28.421052631578945,66.3157894736842,58.94736842105262,7.368421052631578
W00005492,157,43,19,24,114,89,25,27.388535031847134,12.101910828025478,15.286624203821656,72.61146496815286,56.68789808917197,15.92356687898089
W00005493,188,50,15,35,138,124,14,26.595744680851062,7.9787234042553195,18.617021276595743,73.40425531914893,65.95744680851064,7.446808510638298
W00005494,142,38,8,30,104,96,8,26.76056338028169,5.633802816901409,21.12676056338028,73.23943661971832,67.6056338028169,5.633802816901409
W00005495,161,41,8,33,120,108,12,25.465838509316768,4.968944099378882,20.496894409937887,74.53416149068323,67.08074534161491,7.453416149068323
W00005496,144,33,11,22,111,95,16,22.916666666666664,7.638888888888889,15.277777777777779,77.08333333333334,65.97222222222221,11.11111111111111
W00005497,155,42,11,31,113,96,17,27.09677419354839,7.096774193548387,20,72.90322580645162,61.935483870967744,10.967741935483872
W00005498,188,41,16,25,147,129,18,21.808510638297875,8.51063829787234,13.297872340425531,78.19148936170212,68.61702127659575,9.574468085106384
W00005499,111,31,8,23,80,72,8,27.927927927927925,7.207207207207207,20.72072072072072,72.07207207207207,64.86486486486487,7.207207207207207
W00005500,244,53,11,42,191,174,17,21.721311475409834,4.508196721311475,17.21311475409836,78.27868852459017,71.31147540983606,6.967213114754098
W00005501,155,41,11,30,114,98,16,26.451612903225808,7.096774193548387,19.35483870967742,73.54838709677419,63.2258064516129,10.32258064516129
W00005502,119,30,13,17,89,83,6,25.210084033613445,10.92436974789916,14.285714285714285,74.78991596638656,69.74789915966386,5.042016806722689
W00005503,106,32,12,20,74,66,8,30.18867924528302,11.320754716981133,18.867924528301888,69.81132075471697,62.264150943396224,7.547169811320755
W00005504,105,28,1,27,77,68,9,26.666666666666668,0.9523809523809524,25.71428571428571,73.33333333333333,64.76190476190476,8.571428571428571
W00005506,174,47,19,28,127,101,26,27.011494252873565,10.919540229885058,16.091954022988507,72.98850574712644,58.04597701149425,14.942528735632186
W00005507,140,39,12,27,101,85,16,27.857142857142858,8.571428571428571,19.28571428571429,72.14285714285714,60.71428571428571,11.428571428571429
W00005508,117,33,12,21,84,71,13,28.205128205128204,10.256410256410255,17.94871794871795,71.7948717948718,60.68376068376068,11.11111111111111
W00005510,123,24,5,19,99,90,9,19.51219512195122,4.0650406504065035,15.447154471544716,80.48780487804879,73.17073170731707,7.317073170731707
W00005511,106,41,11,30,65,57,8,38.67924528301887,10.377358490566039,28.30188679245283,61.32075471698113,53.77358490566038,7.547169811320755
W00005512,114,22,10,12,92,80,12,19.298245614035086,8.771929824561402,10.526315789473683,80.7017543859649,70.17543859649122,10.526315789473683
W00005513,67,22,7,15,45,41,4,32.83582089552239,10.44776119402985,22.388059701492537,67.16417910447761,61.19402985074627,5.970149253731343
W00005514,121,29,6,23,92,84,8,23.96694214876033,4.958677685950414,19.00826446280992,76.03305785123968,69.42148760330579,6.6115702479338845
W00005515,104,26,10,16,78,66,12,25,9.615384615384617,15.384615384615385,75,63.46153846153846,11.538461538461538
W00005516,196,59,18,41,137,124,13,30.102040816326532,9.183673469387756,20.918367346938776,69.89795918367348,63.26530612244898,6.63265306122449
W00005517,213,51,12,39,162,136,26,23.943661971830984,5.633802816901409,18.30985915492958,76.05633802816901,63.84976525821596,12.206572769953052
W00005518,169,47,14,33,122,114,8,27.810650887573964,8.284023668639055,19.526627218934912,72.18934911242604,67.45562130177515,4.733727810650888
W00005519,173,53,16,37,120,96,24,30.63583815028902,9.248554913294797,21.38728323699422,69.36416184971098,55.49132947976878,13.872832369942195
W00005520,121,22,10,12,99,88,11,18.181818181818183,8.264462809917356,9.917355371900827,81.81818181818183,72.72727272727273,9.090909090909092
W00005521,116,22,7,15,94,86,8,18.96551724137931,6.0344827586206895,12.931034482758621,81.03448275862068,74.13793103448276,6.896551724137931
W00005522,138,47,17,30,91,81,10,34.05797101449276,12.318840579710146,21.73913043478261,65.94202898550725,58.69565217391305,7.246376811594203
W00005523,114,33,11,22,81,77,4,28.947368421052634,9.649122807017543,19.298245614035086,71.05263157894737,67.54385964912281,3.508771929824561
W00005524,159,47,14,33,112,102,10,29.559748427672954,8.80503144654088,20.754716981132077,70.44025157232704,64.15094339622641,6.289308176100629
W00005525,103,29,7,22,74,61,13,28.155339805825243,6.796116504854369,21.35922330097087,71.84466019417476,59.22330097087378,12.62135922330097
W00005526,143,43,15,28,100,90,10,30.069930069930066,10.48951048951049,19.58041958041958,69.93006993006993,62.93706293706294,6.993006993006993
W00005527,167,39,5,34,128,114,14,23.353293413173652,2.9940119760479043,20.359281437125748,76.64670658682635,68.26347305389223,8.383233532934131
W00005528,153,45,10,35,108,97,11,29.411764705882355,6.535947712418301,22.875816993464053,70.58823529411765,63.39869281045751,7.18954248366013
W00005529,112,30,11,19,82,70,12,26.785714285714285,9.821428571428571,16.964285714285715,73.21428571428571,62.5,10.714285714285714
W00005530,145,32,10,22,113,103,10,22.06896551724138,6.896551724137931,15.172413793103448,77.93103448275862,71.03448275862068,6.896551724137931
W00005531,141,37,16,21,104,97,7,26.24113475177305,11.347517730496454,14.893617021276595,73.75886524822694,68.79432624113475,4.964539007092199
W00005532,106,33,11,22,73,65,8,31.132075471698112,10.377358490566039,20.754716981132077,68.86792452830188,61.32075471698113,7.547169811320755
W00005533,102,41,11,30,61,55,6,40.19607843137255,10.784313725490197,29.411764705882355,59.80392156862745,53.92156862745098,5.88235294117647
W00005534,134,37,9,28,97,85,12,27.611940298507463,6.7164179104477615,20.8955223880597,72.38805970149254,63.43283582089553,8.955223880597014
W00005535,37,13,9,4,24,21,3,35.13513513513514,24.324324324324326,10.81081081081081,64.86486486486487,56.75675675675676,8.108108108108109
W00005536,102,39,12,27,63,52,11,38.23529411764706,11.76470588235294,26.47058823529412,61.76470588235294,50.98039215686274,10.784313725490197
W00005537,121,34,10,24,87,81,6,28.09917355371901,8.264462809917356,19.834710743801654,71.900826446281,66.94214876033058,4.958677685950414
W00005538,142,31,8,23,111,100,11,21.830985915492956,5.633802816901409,16.19718309859155,78.16901408450704,70.4225352112676,7.746478873239436
W00005539,130,36,11,25,94,79,15,27.692307692307693,8.461538461538462,19.230769230769234,72.3076923076923,60.76923076923077,11.538461538461538
W00005540,113,44,13,31,69,59,10,38.93805309734513,11.504424778761061,27.43362831858407,61.06194690265486,52.21238938053098,8.849557522123893
W00005541,109,33,10,23,76,64,12,30.275229357798167,9.174311926605505,21.100917431192663,69.72477064220183,58.71559633027523,11.009174311926607
W00005542,120,31,5,26,89,73,16,25.833333333333336,4.166666666666666,21.666666666666668,74.16666666666667,60.83333333333333,13.333333333333334
W00005543,115,42,10,32,73,64,9,36.52173913043478,8.695652173913043,27.82608695652174,63.47826086956522,55.65217391304348,7.82608695652174
W00005544,128,42,12,30,86,71,15,32.8125,9.375,23.4375,67.1875,55.46875,11.71875
W00005545,109,35,14,21,74,58,16,32.11009174311927,12.844036697247708,19.26605504587156,67.88990825688074,53.21100917431193,14.678899082568808
W00005546,109,36,12,24,73,59,14,33.02752293577982,11.009174311926607,22.018348623853214,66.97247706422019,54.12844036697248,12.844036697247708
W00005547,113,24,9,15,89,78,11,21.238938053097346,7.964601769911504,13.274336283185843,78.76106194690266,69.02654867256636,9.734513274336283
W00005548,97,30,14,16,67,54,13,30.927835051546392,14.432989690721648,16.49484536082474,69.0721649484536,55.670103092783506,13.402061855670103
W00005549,145,44,18,26,101,81,20,30.344827586206897,12.413793103448276,17.93103448275862,69.6551724137931,55.86206896551724,13.793103448275861
W00005550,117,40,13,27,77,62,15,34.18803418803419,11.11111111111111,23.076923076923077,65.8119658119658,52.991452991452995,12.82051282051282
W00005551,119,34,13,21,85,67,18,28.57142857142857,10.92436974789916,17.647058823529413,71.42857142857143,56.30252100840336,15.126050420168067
W00005552,71,22,9,13,49,41,8,30.985915492957744,12.676056338028168,18.30985915492958,69.01408450704226,57.74647887323944,11.267605633802818
W00005553,138,44,19,25,94,79,15,31.88405797101449,13.768115942028986,18.115942028985508,68.11594202898551,57.2463768115942,10.869565217391305
W00005554,113,31,9,22,82,72,10,27.43362831858407,7.964601769911504,19.469026548672566,72.56637168141593,63.716814159292035,8.849557522123893
W00005555,112,32,7,25,80,68,12,28.57142857142857,6.25,22.321428571428573,71.42857142857143,60.71428571428571,10.714285714285714
W00005556,121,32,8,24,89,85,4,26.446280991735538,6.6115702479338845,19.834710743801654,73.55371900826447,70.24793388429752,3.3057851239669422
W00005557,146,37,14,23,109,96,13,25.34246575342466,9.58904109589041,15.753424657534246,74.65753424657534,65.75342465753424,8.904109589041095
W00005558,121,44,13,31,77,66,11,36.36363636363637,10.743801652892563,25.6198347107438,63.63636363636363,54.54545454545454,9.090909090909092
W00005559,61,23,5,18,38,33,5,37.704918032786885,8.19672131147541,29.508196721311474,62.295081967213115,54.09836065573771,8.19672131147541
W00005560,147,34,8,26,113,101,12,23.12925170068027,5.442176870748299,17.687074829931973,76.87074829931973,68.70748299319727,8.16326530612245
W00005561,147,45,13,32,102,90,12,30.612244897959183,8.843537414965986,21.768707482993197,69.38775510204081,61.224489795918366,8.16326530612245
W00005562,120,31,7,24,89,74,15,25.833333333333336,5.833333333333333,20,74.16666666666667,61.66666666666667,12.5
W00005563,80,32,11,21,48,46,2,40,13.750000000000002,26.25,60,57.49999999999999,2.5
W00005564,119,37,11,26,82,76,6,31.092436974789916,9.243697478991598,21.84873949579832,68.90756302521008,63.86554621848739,5.042016806722689
W00005565,166,43,10,33,123,104,19,25.903614457831324,6.024096385542169,19.879518072289155,74.09638554216868,62.65060240963856,11.44578313253012
W00005566,131,41,12,29,90,77,13,31.297709923664126,9.16030534351145,22.137404580152673,68.70229007633588,58.778625954198475,9.923664122137405
W00005567,159,40,10,30,119,105,14,25.157232704402517,6.289308176100629,18.867924528301888,74.84276729559748,66.0377358490566,8.80503144654088
W00005568,134,43,12,31,91,79,12,32.08955223880597,8.955223880597014,23.134328358208954,67.91044776119402,58.95522388059702,8.955223880597014
W00005569,115,34,9,25,81,68,13,29.565217391304348,7.82608695652174,21.73913043478261,70.43478260869566,59.130434782608695,11.304347826086957
W00005570,117,43,10,33,74,69,5,36.75213675213676,8.547008547008547,28.205128205128204,63.24786324786324,58.97435897435898,4.273504273504273
W00005571,122,35,12,23,87,70,17,28.688524590163933,9.836065573770492,18.852459016393443,71.31147540983606,57.377049180327866,13.934426229508196
W00005572,130,43,8,35,87,80,7,33.07692307692307,6.153846153846154,26.923076923076923,66.92307692307692,61.53846153846154,5.384615384615385
W00005573,190,51,12,39,139,115,24,26.842105263157894,6.315789473684211,20.526315789473685,73.15789473684211,60.526315789473685,12.631578947368421
W00005574,83,27,6,21,56,46,10,32.53012048192771,7.228915662650602,25.301204819277107,67.46987951807229,55.42168674698795,12.048192771084338
W00005575,155,59,11,48,96,84,12,38.064516129032256,7.096774193548387,30.967741935483872,61.935483870967744,54.19354838709678,7.741935483870968
W00005576,154,47,12,35,107,95,12,30.519480519480517,7.792207792207792,22.727272727272727,69.48051948051948,61.68831168831169,7.792207792207792
W00005577,122,37,8,29,85,66,19,30.327868852459016,6.557377049180328,23.770491803278688,69.67213114754098,54.09836065573771,15.573770491803279
W00005578,194,62,18,44,132,117,15,31.958762886597935,9.278350515463918,22.68041237113402,68.04123711340206,60.30927835051546,7.731958762886598
W00005579,146,48,11,37,98,84,14,32.87671232876712,7.534246575342466,25.34246575342466,67.12328767123287,57.534246575342465,9.58904109589041
W00005580,154,47,9,38,107,93,14,30.519480519480517,5.844155844155844,24.675324675324674,69.48051948051948,60.3896103896104,9.090909090909092
W00005581,69,15,6,9,54,48,6,21.73913043478261,8.695652173913043,13.043478260869565,78.26086956521739,69.56521739130434,8.695652173913043
W00005582,61,18,5,13,43,34,9,29.508196721311474,8.19672131147541,21.311475409836063,70.49180327868852,55.73770491803278,14.754098360655737
W00005583,138,39,14,25,99,81,18,28.26086956521739,10.144927536231885,18.115942028985508,71.73913043478261,58.69565217391305,13.043478260869565
W00005584,79,24,8,16,55,41,14,30.37974683544304,10.126582278481013,20.253164556962027,69.62025316455697,51.89873417721519,17.72151898734177
W00005585,134,41,17,24,93,73,20,30.597014925373134,12.686567164179104,17.91044776119403,69.40298507462687,54.47761194029851,14.925373134328357
W00005586,140,36,12,24,104,81,23,25.71428571428571,8.571428571428571,17.142857142857142,74.28571428571429,57.85714285714286,16.428571428571427
W00005587,94,32,10,22,62,53,9,34.04255319148936,10.638297872340425,23.404255319148938,65.95744680851064,56.38297872340425,9.574468085106384
W00005588,101,32,7,25,69,55,14,31.683168316831683,6.9306930693069315,24.752475247524753,68.31683168316832,54.45544554455446,13.861386138613863
W00005589,113,39,15,24,74,68,6,34.51327433628318,13.274336283185843,21.238938053097346,65.48672566371681,60.17699115044248,5.3097345132743365
W00005590,145,46,14,32,99,92,7,31.724137931034484,9.655172413793103,22.06896551724138,68.27586206896552,63.44827586206897,4.827586206896552
W00005591,150,37,18,19,113,99,14,24.666666666666668,12,12.666666666666668,75.33333333333333,66,9.333333333333334
W00005592,92,41,13,28,51,47,4,44.565217391304344,14.130434782608695,30.434782608695656,55.434782608695656,51.08695652173913,4.3478260869565215
W00005593,121,30,8,22,91,78,13,24.793388429752067,6.6115702479338845,18.181818181818183,75.20661157024794,64.46280991735537,10.743801652892563
W00005594,133,46,8,38,87,79,8,34.58646616541353,6.015037593984962,28.57142857142857,65.41353383458647,59.3984962406015,6.015037593984962
W00005595,110,36,15,21,74,66,8,32.72727272727273,13.636363636363635,19.090909090909093,67.27272727272727,60,7.2727272727272725
W00005596,138,37,8,29,101,86,15,26.811594202898554,5.797101449275362,21.014492753623188,73.18840579710145,62.31884057971014,10.869565217391305
W00005597,189,56,18,38,133,118,15,29.629629629629626,9.523809523809524,20.105820105820104,70.37037037037037,62.43386243386243,7.936507936507936
W00005598,153,42,13,29,111,100,11,27.450980392156865,8.49673202614379,18.954248366013072,72.54901960784314,65.359477124183,7.18954248366013
W00005599,166,44,13,31,122,107,15,26.506024096385545,7.83132530120482,18.67469879518072,73.49397590361446,64.45783132530121,9.036144578313253
W00005600,87,30,8,22,57,54,3,34.48275862068966,9.195402298850574,25.287356321839084,65.51724137931035,62.06896551724138,3.4482758620689653
W00005601,75,33,6,27,42,37,5,44,8,36,56.00000000000001,49.333333333333336,6.666666666666667
W00005603,179,42,12,30,137,113,24,23.463687150837988,6.70391061452514,16.75977653631285,76.53631284916202,63.128491620111724,13.40782122905028
W00005604,71,22,9,13,49,43,6,30.985915492957744,12.676056338028168,18.30985915492958,69.01408450704226,60.56338028169014,8.450704225352112
W00005605,226,66,18,48,160,142,18,29.20353982300885,7.964601769911504,21.238938053097346,70.79646017699115,62.83185840707964,7.964601769911504
W00009948,269,57,20,37,212,173,39,21.189591078066915,7.434944237918216,13.754646840148698,78.81040892193309,64.31226765799256,14.49814126394052
W00009949,254,73,23,50,181,156,25,28.74015748031496,9.05511811023622,19.68503937007874,71.25984251968504,61.417322834645674,9.84251968503937
W00009950,180,52,19,33,128,108,20,28.888888888888886,10.555555555555555,18.333333333333332,71.11111111111111,60,11.11111111111111
W00009951,224,58,22,36,166,143,23,25.892857142857146,9.821428571428571,16.071428571428573,74.10714285714286,63.83928571428571,10.267857142857142
W00009952,190,53,16,37,137,117,20,27.89473684210526,8.421052631578947,19.473684210526315,72.10526315789474,61.578947368421055,10.526315789473683
W00009953,226,70,28,42,156,131,25,30.973451327433626,12.389380530973451,18.58407079646018,69.02654867256636,57.9646017699115,11.061946902654867
W00009954,189,54,12,42,135,115,20,28.57142857142857,6.349206349206349,22.22222222222222,71.42857142857143,60.84656084656085,10.582010582010582
W00009955,140,33,9,24,107,88,19,23.57142857142857,6.428571428571428,17.142857142857142,76.42857142857142,62.857142857142854,13.571428571428571
W00009956,125,34,9,25,91,71,20,27.200000000000003,7.199999999999999,20,72.8,56.8,16
W00009957,145,37,11,26,108,97,11,25.517241379310345,7.586206896551724,17.93103448275862,74.48275862068967,66.89655172413794,7.586206896551724
W00009958,192,40,14,26,152,130,22,20.833333333333336,7.291666666666667,13.541666666666666,79.16666666666666,67.70833333333334,11.458333333333332
W00009959,327,83,21,62,244,207,37,25.382262996941897,6.422018348623854,18.960244648318042,74.61773700305811,63.30275229357798,11.314984709480122
W00009960,180,26,4,22,154,132,22,14.444444444444443,2.2222222222222223,12.222222222222221,85.55555555555556,73.33333333333333,12.222222222222221
W00009961,150,51,11,40,99,84,15,34,7.333333333333333,26.666666666666668,66,56.00000000000001,10
W00009962,119,37,10,27,82,65,17,31.092436974789916,8.403361344537815,22.689075630252102,68.90756302521008,54.621848739495796,14.285714285714285
W00009963,224,43,17,26,181,150,31,19.196428571428573,7.5892857142857135,11.607142857142858,80.80357142857143,66.96428571428571,13.839285714285715
W00009964,190,45,14,31,145,134,11,23.684210526315788,7.368421052631578,16.315789473684212,76.31578947368422,70.52631578947368,5.7894736842105265
W00009965,121,31,6,25,90,80,10,25.6198347107438,4.958677685950414,20.66115702479339,74.3801652892562,66.11570247933885,8.264462809917356
W00009966,189,58,18,40,131,116,15,30.687830687830687,9.523809523809524,21.164021164021165,69.31216931216932,61.37566137566137,7.936507936507936
W00009967,231,57,15,42,174,149,25,24.675324675324674,6.493506493506493,18.181818181818183,75.32467532467533,64.5021645021645,10.822510822510822
W00009968,157,43,10,33,114,96,18,27.388535031847134,6.369426751592357,21.019108280254777,72.61146496815286,61.146496815286625,11.464968152866243
W00009969,61,20,8,12,41,31,10,32.78688524590164,13.114754098360656,19.672131147540984,67.21311475409836,50.81967213114754,16.39344262295082
W00009970,126,36,6,30,90,75,15,28.57142857142857,4.761904761904762,23.809523809523807,71.42857142857143,59.523809523809526,11.904761904761903
W00009971,222,51,15,36,171,144,27,22.972972972972975,6.756756756756757,16.216216216216218,77.02702702702703,64.86486486486487,12.162162162162163
W00009972,145,38,13,25,107,98,9,26.20689655172414,8.96551724137931,17.24137931034483,73.79310344827587,67.58620689655173,6.206896551724138
W00009973,202,49,15,34,153,136,17,24.257425742574256,7.425742574257425,16.831683168316832,75.74257425742574,67.32673267326733,8.415841584158416
W00009974,99,23,8,15,76,53,23,23.232323232323232,8.080808080808081,15.151515151515152,76.76767676767676,53.535353535353536,23.232323232323232
W00009975,200,52,20,32,148,127,21,26,10,16,74,63.5,10.5
W00010360,126,44,12,32,82,72,10,34.92063492063492,9.523809523809524,25.396825396825395,65.07936507936508,57.14285714285714,7.936507936507936
W00010364,125,34,6,28,91,81,10,27.200000000000003,4.8,22.400000000000002,72.8,64.8,8
W00010367,206,50,13,37,156,129,27,24.271844660194176,6.310679611650485,17.96116504854369,75.72815533980582,62.62135922330098,13.106796116504855
W00010371,169,25,9,16,144,117,27,14.792899408284024,5.325443786982249,9.467455621301776,85.20710059171599,69.23076923076923,15.976331360946746
W00010373,79,19,5,14,60,51,9,24.050632911392405,6.329113924050633,17.72151898734177,75.9493670886076,64.55696202531645,11.39240506329114
W00010374,243,57,10,47,186,165,21,23.456790123456788,4.11522633744856,19.34156378600823,76.5432098765432,67.90123456790124,8.641975308641975
W00010377,139,25,1,24,114,103,11,17.985611510791365,0.7194244604316548,17.26618705035971,82.01438848920863,74.10071942446042,7.913669064748201
W00010381,179,56,17,39,123,103,20,31.28491620111732,9.497206703910614,21.787709497206702,68.71508379888269,57.54189944134078,11.1731843575419
W00010385,337,94,28,66,243,161,82,27.89317507418398,8.30860534124629,19.584569732937684,72.10682492581603,47.774480712166174,24.33234421364985
W00010387,148,50,17,33,98,91,7,33.78378378378378,11.486486486486488,22.2972972972973,66.21621621621621,61.48648648648649,4.72972972972973
W00010389,134,37,13,24,97,84,13,27.611940298507463,9.701492537313433,17.91044776119403,72.38805970149254,62.68656716417911,9.701492537313433
W00010390,153,25,7,18,128,112,16,16.33986928104575,4.57516339869281,11.76470588235294,83.66013071895425,73.20261437908496,10.457516339869281
W00010391,196,45,13,32,151,135,16,22.95918367346939,6.63265306122449,16.3265306122449,77.04081632653062,68.87755102040816,8.16326530612245
W00010392,186,37,10,27,149,137,12,19.892473118279568,5.376344086021505,14.516129032258066,80.10752688172043,73.65591397849462,6.451612903225806
W00010395,154,44,20,24,110,98,12,28.57142857142857,12.987012987012985,15.584415584415584,71.42857142857143,63.63636363636363,7.792207792207792
W00010397,129,26,3,23,103,92,11,20.155038759689923,2.3255813953488373,17.829457364341085,79.84496124031007,71.31782945736434,8.527131782945736
W00010399,158,29,7,22,129,115,14,18.354430379746837,4.430379746835443,13.924050632911392,81.64556962025317,72.78481012658227,8.860759493670885
W00010402,194,25,4,21,169,145,24,12.886597938144329,2.0618556701030926,10.824742268041238,87.11340206185567,74.74226804123711,12.371134020618557
W00010404,189,26,1,25,163,147,16,13.756613756613756,0.5291005291005291,13.227513227513226,86.24338624338624,77.77777777777779,8.465608465608465
W00010405,77,20,4,16,57,47,10,25.97402597402597,5.194805194805195,20.77922077922078,74.02597402597402,61.038961038961034,12.987012987012985
W00010407,131,15,3,12,116,98,18,11.450381679389313,2.2900763358778624,9.16030534351145,88.54961832061069,74.80916030534351,13.740458015267176
W00010410,139,50,12,38,89,81,8,35.97122302158273,8.633093525179856,27.33812949640288,64.02877697841727,58.27338129496403,5.755395683453238
W00010412,48,9,3,6,39,34,5,18.75,6.25,12.5,81.25,70.83333333333334,10.416666666666668
W00010415,160,45,12,33,115,97,18,28.125,7.5,20.625,71.875,60.62499999999999,11.25
W00010417,134,35,15,20,99,81,18,26.119402985074625,11.194029850746269,14.925373134328357,73.88059701492537,60.447761194029844,13.432835820895523
W00010419,271,42,8,34,229,205,24,15.498154981549817,2.952029520295203,12.546125461254611,84.50184501845018,75.64575645756457,8.856088560885608
W00010421,135,19,3,16,116,102,14,14.074074074074074,2.2222222222222223,11.851851851851853,85.92592592592592,75.55555555555556,10.37037037037037
W00010422,135,32,4,28,103,88,15,23.703703703703706,2.9629629629629632,20.74074074074074,76.29629629629629,65.18518518518519,11.11111111111111
W00010423,208,45,9,36,163,137,26,21.634615384615387,4.326923076923077,17.307692307692307,78.36538461538461,65.86538461538461,12.5
W00010424,115,33,12,21,82,70,12,28.695652173913043,10.434782608695652,18.26086956521739,71.30434782608695,60.86956521739131,10.434782608695652
W00010427,207,41,8,33,166,141,25,19.806763285024154,3.864734299516908,15.942028985507244,80.19323671497585,68.11594202898551,12.077294685990339
W00010428,203,28,8,20,175,156,19,13.793103448275861,3.9408866995073892,9.852216748768473,86.20689655172413,76.84729064039408,9.35960591133005
W00010429,162,39,9,30,123,108,15,24.074074074074073,5.555555555555555,18.51851851851852,75.92592592592592,66.66666666666666,9.25925925925926
W00010434,79,21,7,14,58,52,6,26.582278481012654,8.860759493670885,17.72151898734177,73.41772151898735,65.82278481012658,7.59493670886076
W00010441,164,26,7,19,138,120,18,15.853658536585366,4.2682926829268295,11.585365853658537,84.14634146341463,73.17073170731707,10.975609756097562
W00010443,174,36,11,25,138,120,18,20.689655172413794,6.321839080459771,14.367816091954023,79.3103448275862,68.96551724137932,10.344827586206897
W00010444,131,30,14,16,101,92,9,22.900763358778626,10.687022900763358,12.213740458015266,77.09923664122137,70.22900763358778,6.870229007633588
W00010447,68,24,9,15,44,44,0,35.294117647058826,13.23529411764706,22.058823529411764,64.70588235294117,64.70588235294117,0
W00010448,122,29,5,24,93,79,14,23.770491803278688,4.098360655737705,19.672131147540984,76.22950819672131,64.75409836065575,11.475409836065573
W00010449,116,32,10,22,84,76,8,27.586206896551722,8.620689655172415,18.96551724137931,72.41379310344827,65.51724137931035,6.896551724137931
W00010450,57,15,3,12,42,36,6,26.31578947368421,5.263157894736842,21.052631578947366,73.68421052631578,63.1578947368421,10.526315789473683
W00010451,131,24,4,20,107,92,15,18.3206106870229,3.0534351145038165,15.267175572519085,81.67938931297711,70.22900763358778,11.450381679389313
