OA,ts0380001,ts0380002,ts0380003,ts0380004,ts0380005,ts0380006,ts0380007,ts0380002_PCT,ts0380003_PCT,ts0380004_PCT,ts0380005_PCT,ts0380006_PCT,ts0380007_PCT
W00005172,229,46,23,23,183,10,173,20.087336244541483,10.043668122270741,10.043668122270741,79.91266375545851,4.366812227074235,75.54585152838428
W00005173,245,63,27,36,182,16,166,25.71428571428571,11.020408163265307,14.69387755102041,74.28571428571429,6.530612244897959,67.75510204081633
W00005174,320,51,26,25,269,19,250,15.937499999999998,8.125,7.8125,84.0625,5.9375,78.125
W00005176,308,80,39,41,228,38,190,25.97402597402597,12.662337662337661,13.311688311688311,74.02597402597402,12.337662337662337,61.68831168831169
W00005177,307,68,26,42,239,31,208,22.149837133550488,8.469055374592834,13.680781758957655,77.85016286644951,10.097719869706841,67.75244299674267
W00005178,288,80,42,38,208,21,187,27.77777777777778,14.583333333333334,13.194444444444445,72.22222222222221,7.291666666666667,64.93055555555556
W00005179,287,63,39,24,224,12,212,21.951219512195124,13.588850174216027,8.362369337979095,78.04878048780488,4.181184668989547,73.86759581881533
W00005180,424,112,59,53,312,37,275,26.41509433962264,13.915094339622641,12.5,73.58490566037736,8.726415094339622,64.85849056603774
W00005181,416,157,103,54,259,18,241,37.74038461538461,24.759615384615387,12.980769230769232,62.25961538461539,4.326923076923077,57.932692307692314
W00005182,333,88,52,36,245,23,222,26.426426426426424,15.615615615615615,10.81081081081081,73.57357357357357,6.906906906906906,66.66666666666666
W00005183,411,121,75,46,290,29,261,29.44038929440389,18.248175182481752,11.19221411192214,70.55961070559611,7.0559610705596105,63.503649635036496
W00005184,370,115,61,54,255,15,240,31.08108108108108,16.486486486486488,14.594594594594595,68.91891891891892,4.054054054054054,64.86486486486487
W00005185,323,87,56,31,236,16,220,26.93498452012384,17.3374613003096,9.597523219814242,73.06501547987617,4.953560371517028,68.11145510835914
W00005186,263,55,32,23,208,16,192,20.912547528517113,12.167300380228136,8.745247148288973,79.08745247148289,6.083650190114068,73.00380228136882
W00005187,525,195,134,61,330,25,305,37.142857142857146,25.523809523809526,11.619047619047619,62.857142857142854,4.761904761904762,58.0952380952381
W00005188,395,64,27,37,331,34,297,16.20253164556962,6.8354430379746836,9.367088607594937,83.79746835443038,8.60759493670886,75.18987341772151
W00005189,120,42,19,23,78,4,74,35,15.833333333333332,19.166666666666668,65,3.3333333333333335,61.66666666666667
W00005190,234,63,42,21,171,10,161,26.923076923076923,17.94871794871795,8.974358974358974,73.07692307692307,4.273504273504273,68.80341880341881
W00005191,282,79,52,27,203,11,192,28.01418439716312,18.439716312056735,9.574468085106384,71.98581560283688,3.900709219858156,68.08510638297872
W00005192,364,87,45,42,277,19,258,23.9010989010989,12.362637362637363,11.538461538461538,76.0989010989011,5.21978021978022,70.87912087912088
W00005193,319,88,40,48,231,21,210,27.586206896551722,12.539184952978054,15.047021943573668,72.41379310344827,6.583072100313479,65.8307210031348
W00005194,323,75,28,47,248,23,225,23.219814241486066,8.6687306501548,14.551083591331269,76.78018575851394,7.120743034055728,69.65944272445822
W00005195,276,77,41,36,199,12,187,27.898550724637683,14.855072463768115,13.043478260869565,72.10144927536231,4.3478260869565215,67.7536231884058
W00005196,324,75,44,31,249,19,230,23.14814814814815,13.580246913580247,9.5679012345679,76.85185185185185,5.864197530864197,70.98765432098766
W00005197,248,78,51,27,170,16,154,31.451612903225808,20.56451612903226,10.887096774193548,68.54838709677419,6.451612903225806,62.096774193548384
W00005198,288,78,45,33,210,23,187,27.083333333333332,15.625,11.458333333333332,72.91666666666666,7.986111111111111,64.93055555555556
W00005199,318,74,39,35,244,25,219,23.270440251572328,12.264150943396226,11.0062893081761,76.72955974842768,7.861635220125786,68.86792452830188
W00005202,463,66,33,33,397,34,363,14.254859611231103,7.127429805615551,7.127429805615551,85.7451403887689,7.343412526997841,78.40172786177105
W00005203,328,101,47,54,227,19,208,30.79268292682927,14.329268292682926,16.463414634146343,69.20731707317073,5.7926829268292686,63.41463414634146
W00005204,339,48,16,32,291,26,265,14.15929203539823,4.71976401179941,9.43952802359882,85.84070796460178,7.669616519174041,78.17109144542773
W00005205,268,52,21,31,216,28,188,19.402985074626866,7.835820895522389,11.567164179104477,80.59701492537313,10.44776119402985,70.1492537313433
W00005206,247,48,16,32,199,29,170,19.4331983805668,6.477732793522267,12.955465587044534,80.5668016194332,11.740890688259109,68.82591093117408
W00005207,268,48,17,31,220,30,190,17.91044776119403,6.343283582089552,11.567164179104477,82.08955223880598,11.194029850746269,70.8955223880597
W00005211,282,65,24,41,217,23,194,23.04964539007092,8.51063829787234,14.539007092198581,76.95035460992908,8.156028368794328,68.79432624113475
W00005212,354,50,19,31,304,19,285,14.124293785310735,5.367231638418079,8.757062146892656,85.87570621468926,5.367231638418079,80.50847457627118
W00005213,365,74,30,44,291,29,262,20.273972602739725,8.21917808219178,12.054794520547945,79.72602739726027,7.9452054794520555,71.78082191780823
W00005214,236,54,29,25,182,21,161,22.88135593220339,12.288135593220339,10.59322033898305,77.11864406779661,8.898305084745763,68.22033898305084
W00005215,304,40,12,28,264,28,236,13.157894736842104,3.9473684210526314,9.210526315789473,86.8421052631579,9.210526315789473,77.63157894736842
W00005216,227,70,33,37,157,12,145,30.837004405286343,14.537444933920703,16.299559471365637,69.16299559471366,5.286343612334802,63.87665198237885
W00005217,318,141,77,64,177,15,162,44.339622641509436,24.21383647798742,20.125786163522015,55.660377358490564,4.716981132075472,50.943396226415096
W00005218,289,45,23,22,244,30,214,15.570934256055363,7.958477508650519,7.612456747404845,84.42906574394463,10.380622837370241,74.0484429065744
W00005219,311,97,58,39,214,9,205,31.189710610932476,18.64951768488746,12.540192926045016,68.81028938906752,2.8938906752411575,65.91639871382637
W00005220,310,61,21,40,249,20,229,19.67741935483871,6.774193548387098,12.903225806451612,80.3225806451613,6.451612903225806,73.87096774193549
W00005221,273,44,19,25,229,24,205,16.117216117216117,6.95970695970696,9.157509157509157,83.88278388278388,8.791208791208792,75.0915750915751
W00005222,294,84,40,44,210,21,189,28.57142857142857,13.60544217687075,14.965986394557824,71.42857142857143,7.142857142857142,64.28571428571429
W00005223,282,37,12,25,245,37,208,13.120567375886525,4.25531914893617,8.865248226950355,86.87943262411348,13.120567375886525,73.75886524822694
W00005224,289,66,27,39,223,25,198,22.837370242214533,9.342560553633218,13.494809688581316,77.16262975778547,8.650519031141869,68.5121107266436
W00005225,323,90,54,36,233,15,218,27.86377708978328,16.718266253869967,11.145510835913312,72.13622291021672,4.643962848297214,67.49226006191951
W00005226,303,54,21,33,249,25,224,17.82178217821782,6.9306930693069315,10.891089108910892,82.17821782178217,8.25082508250825,73.92739273927393
W00005227,283,43,22,21,240,20,220,15.19434628975265,7.773851590106007,7.420494699646643,84.80565371024736,7.06713780918728,77.73851590106007
W00005228,226,30,14,16,196,14,182,13.274336283185843,6.1946902654867255,7.079646017699115,86.72566371681415,6.1946902654867255,80.53097345132744
W00005229,250,41,11,30,209,29,180,16.400000000000002,4.3999999999999995,12,83.6,11.600000000000001,72
W00005230,293,75,33,42,218,23,195,25.597269624573375,11.262798634812286,14.334470989761092,74.40273037542661,7.849829351535837,66.55290102389078
W00005231,211,45,22,23,166,16,150,21.32701421800948,10.42654028436019,10.90047393364929,78.67298578199052,7.5829383886255926,71.09004739336493
W00005232,482,97,51,46,385,37,348,20.12448132780083,10.58091286307054,9.54356846473029,79.87551867219918,7.676348547717843,72.19917012448133
W00005233,265,44,18,26,221,23,198,16.60377358490566,6.7924528301886795,9.811320754716983,83.39622641509435,8.679245283018867,74.71698113207546
W00005234,162,44,24,20,118,5,113,27.160493827160494,14.814814814814813,12.345679012345679,72.8395061728395,3.0864197530864197,69.75308641975309
W00005235,566,94,36,58,472,43,429,16.607773851590103,6.36042402826855,10.247349823321555,83.3922261484099,7.597173144876325,75.79505300353357
W00005236,366,86,52,34,280,26,254,23.497267759562842,14.207650273224044,9.289617486338798,76.50273224043715,7.103825136612022,69.39890710382514
W00005237,397,70,36,34,327,31,296,17.632241813602015,9.06801007556675,8.564231738035264,82.36775818639799,7.8085642317380355,74.55919395465995
W00005239,261,75,35,40,186,13,173,28.735632183908045,13.409961685823754,15.32567049808429,71.26436781609196,4.980842911877394,66.28352490421456
W00005240,245,64,44,20,181,16,165,26.122448979591837,17.959183673469386,8.16326530612245,73.87755102040816,6.530612244897959,67.3469387755102
W00005241,270,80,38,42,190,14,176,29.629629629629626,14.074074074074074,15.555555555555555,70.37037037037037,5.185185185185185,65.18518518518519
W00005243,268,91,50,41,177,15,162,33.95522388059701,18.65671641791045,15.298507462686567,66.04477611940298,5.597014925373134,60.447761194029844
W00005246,517,105,47,58,412,48,364,20.309477756286267,9.090909090909092,11.218568665377177,79.69052224371373,9.284332688588009,70.40618955512572
W00005247,295,82,46,36,213,23,190,27.796610169491526,15.593220338983052,12.203389830508476,72.20338983050848,7.796610169491526,64.40677966101694
W00005248,291,80,45,35,211,22,189,27.491408934707906,15.463917525773196,12.027491408934708,72.5085910652921,7.560137457044673,64.94845360824742
W00005249,238,59,20,39,179,15,164,24.789915966386555,8.403361344537815,16.386554621848738,75.21008403361344,6.302521008403361,68.90756302521008
W00005250,477,98,53,45,379,55,324,20.545073375262053,11.11111111111111,9.433962264150944,79.45492662473794,11.530398322851152,67.9245283018868
W00005251,506,58,23,35,448,40,408,11.462450592885375,4.545454545454546,6.91699604743083,88.53754940711462,7.905138339920949,80.63241106719367
W00005252,229,43,15,28,186,12,174,18.777292576419214,6.550218340611353,12.22707423580786,81.22270742358079,5.240174672489083,75.9825327510917
W00005253,263,41,13,28,222,22,200,15.5893536121673,4.942965779467681,10.646387832699618,84.4106463878327,8.365019011406844,76.04562737642586
W00005254,298,53,17,36,245,20,225,17.78523489932886,5.704697986577181,12.080536912751679,82.21476510067114,6.7114093959731544,75.50335570469798
W00005255,261,41,19,22,220,19,201,15.708812260536398,7.2796934865900385,8.42911877394636,84.2911877394636,7.2796934865900385,77.01149425287356
W00005256,229,79,49,30,150,15,135,34.49781659388647,21.397379912663755,13.100436681222707,65.50218340611353,6.550218340611353,58.951965065502186
W00005257,265,64,35,29,201,14,187,24.150943396226417,13.20754716981132,10.943396226415095,75.84905660377359,5.283018867924529,70.56603773584905
W00005258,239,57,36,21,182,15,167,23.84937238493724,15.062761506276152,8.786610878661087,76.15062761506276,6.2761506276150625,69.8744769874477
W00005259,335,63,33,30,272,19,253,18.80597014925373,9.850746268656717,8.955223880597014,81.19402985074626,5.6716417910447765,75.5223880597015
W00005260,334,60,30,30,274,24,250,17.964071856287426,8.982035928143713,8.982035928143713,82.03592814371258,7.18562874251497,74.8502994011976
W00005261,269,55,30,25,214,14,200,20.44609665427509,11.152416356877323,9.293680297397769,79.5539033457249,5.204460966542751,74.34944237918215
W00005262,299,68,31,37,231,16,215,22.74247491638796,10.367892976588628,12.37458193979933,77.25752508361204,5.351170568561873,71.90635451505017
W00005263,292,76,37,39,216,22,194,26.027397260273972,12.67123287671233,13.356164383561644,73.97260273972603,7.534246575342466,66.43835616438356
W00005264,219,75,43,32,144,15,129,34.24657534246575,19.63470319634703,14.61187214611872,65.75342465753424,6.8493150684931505,58.9041095890411
W00005265,407,122,81,41,285,12,273,29.975429975429975,19.901719901719904,10.073710073710075,70.02457002457002,2.9484029484029484,67.07616707616708
W00005266,261,74,43,31,187,13,174,28.35249042145594,16.47509578544061,11.877394636015326,71.64750957854406,4.980842911877394,66.66666666666666
W00005267,266,102,75,27,164,17,147,38.34586466165413,28.195488721804512,10.150375939849624,61.65413533834586,6.390977443609022,55.26315789473685
W00005268,302,73,36,37,229,16,213,24.17218543046358,11.920529801324504,12.251655629139073,75.82781456953643,5.298013245033113,70.52980132450331
W00005269,256,81,47,34,175,7,168,31.640625,18.359375,13.28125,68.359375,2.734375,65.625
W00005270,299,86,48,38,213,22,191,28.762541806020064,16.05351170568562,12.709030100334449,71.23745819397993,7.357859531772576,63.87959866220736
W00005271,286,77,47,30,209,16,193,26.923076923076923,16.433566433566433,10.48951048951049,73.07692307692307,5.594405594405594,67.48251748251748
W00005272,286,83,43,40,203,16,187,29.02097902097902,15.034965034965033,13.986013986013987,70.97902097902097,5.594405594405594,65.38461538461539
W00005273,255,105,57,48,150,8,142,41.17647058823529,22.35294117647059,18.823529411764707,58.82352941176471,3.1372549019607843,55.68627450980392
W00005274,285,68,34,34,217,21,196,23.859649122807017,11.929824561403509,11.929824561403509,76.14035087719299,7.368421052631578,68.77192982456141
W00005275,267,80,48,32,187,15,172,29.962546816479403,17.97752808988764,11.985018726591761,70.0374531835206,5.617977528089887,64.41947565543072
W00005276,245,62,29,33,183,14,169,25.30612244897959,11.83673469387755,13.46938775510204,74.6938775510204,5.714285714285714,68.9795918367347
W00005277,340,89,51,38,251,13,238,26.176470588235297,15,11.176470588235295,73.82352941176471,3.823529411764706,70
W00005278,435,138,79,59,297,19,278,31.724137931034484,18.160919540229887,13.563218390804598,68.27586206896552,4.3678160919540225,63.9080459770115
W00005279,233,89,46,43,144,16,128,38.197424892703864,19.742489270386265,18.4549356223176,61.80257510729614,6.866952789699571,54.93562231759657
W00005280,153,38,23,15,115,10,105,24.836601307189543,15.032679738562091,9.803921568627452,75.16339869281046,6.535947712418301,68.62745098039215
W00005281,299,57,28,29,242,29,213,19.063545150501675,9.364548494983277,9.698996655518394,80.93645484949833,9.698996655518394,71.23745819397993
W00005282,250,64,34,30,186,16,170,25.6,13.600000000000001,12,74.4,6.4,68
W00005283,312,97,51,46,215,15,200,31.08974358974359,16.346153846153847,14.743589743589745,68.91025641025641,4.807692307692308,64.1025641025641
W00005284,284,51,26,25,233,17,216,17.95774647887324,9.15492957746479,8.80281690140845,82.04225352112677,5.985915492957746,76.05633802816901
W00005285,249,71,35,36,178,14,164,28.514056224899598,14.056224899598394,14.457831325301203,71.4859437751004,5.622489959839357,65.86345381526104
W00005287,242,62,32,30,180,10,170,25.6198347107438,13.223140495867769,12.396694214876034,74.3801652892562,4.132231404958678,70.24793388429752
W00005288,324,93,48,45,231,18,213,28.703703703703702,14.814814814814813,13.88888888888889,71.29629629629629,5.555555555555555,65.74074074074075
W00005289,231,71,41,30,160,17,143,30.735930735930733,17.74891774891775,12.987012987012985,69.26406926406926,7.35930735930736,61.904761904761905
W00005294,278,54,27,27,224,20,204,19.424460431654676,9.712230215827338,9.712230215827338,80.57553956834532,7.1942446043165464,73.38129496402878
W00005295,366,64,33,31,302,35,267,17.48633879781421,9.01639344262295,8.469945355191257,82.5136612021858,9.562841530054644,72.95081967213115
W00005296,398,74,34,40,324,34,290,18.592964824120603,8.542713567839195,10.050251256281408,81.4070351758794,8.542713567839195,72.8643216080402
W00005297,292,66,34,32,226,31,195,22.602739726027394,11.643835616438356,10.95890410958904,77.3972602739726,10.616438356164384,66.78082191780823
W00005298,269,56,27,29,213,15,198,20.817843866171003,10.037174721189592,10.780669144981413,79.182156133829,5.5762081784386615,73.60594795539033
W00005299,298,63,37,26,235,16,219,21.140939597315437,12.416107382550337,8.724832214765101,78.85906040268456,5.369127516778524,73.48993288590604
W00005300,165,60,31,29,105,7,98,36.36363636363637,18.787878787878785,17.575757575757574,63.63636363636363,4.242424242424243,59.3939393939394
W00005301,260,69,41,28,191,14,177,26.53846153846154,15.769230769230768,10.76923076923077,73.46153846153847,5.384615384615385,68.07692307692308
W00005302,272,74,38,36,198,9,189,27.205882352941174,13.970588235294118,13.23529411764706,72.79411764705883,3.308823529411765,69.48529411764706
W00005303,395,92,47,45,303,21,282,23.29113924050633,11.89873417721519,11.39240506329114,76.70886075949367,5.3164556962025316,71.39240506329114
W00005304,309,62,36,26,247,27,220,20.06472491909385,11.650485436893204,8.414239482200648,79.93527508090615,8.737864077669903,71.19741100323624
W00005305,287,74,36,38,213,18,195,25.78397212543554,12.543554006968641,13.240418118466899,74.21602787456446,6.2717770034843205,67.94425087108013
W00005306,263,52,23,29,211,23,188,19.771863117870723,8.745247148288973,11.02661596958175,80.22813688212928,8.745247148288973,71.48288973384031
W00005307,445,88,40,48,357,23,334,19.775280898876403,8.98876404494382,10.786516853932584,80.2247191011236,5.168539325842696,75.0561797752809
W00005309,273,70,30,40,203,24,179,25.64102564102564,10.989010989010989,14.652014652014653,74.35897435897436,8.791208791208792,65.56776556776556
W00005310,365,97,41,56,268,19,249,26.575342465753426,11.232876712328768,15.342465753424658,73.42465753424658,5.205479452054795,68.21917808219177
W00005311,353,112,49,63,241,8,233,31.728045325779036,13.881019830028329,17.847025495750707,68.27195467422096,2.26628895184136,66.0056657223796
W00005312,372,107,62,45,265,19,246,28.763440860215056,16.666666666666664,12.096774193548388,71.23655913978494,5.10752688172043,66.12903225806451
W00005313,546,97,41,56,449,44,405,17.765567765567766,7.509157509157509,10.256410256410255,82.23443223443223,8.058608058608058,74.17582417582418
W00005314,489,171,109,62,318,36,282,34.96932515337423,22.290388548057262,12.678936605316974,65.03067484662577,7.361963190184049,57.668711656441715
W00005315,293,67,24,43,226,27,199,22.866894197952217,8.19112627986348,14.675767918088736,77.13310580204778,9.215017064846416,67.91808873720136
W00005316,264,54,23,31,210,28,182,20.454545454545457,8.712121212121213,11.742424242424242,79.54545454545455,10.606060606060606,68.93939393939394
W00005317,289,43,18,25,246,27,219,14.878892733564014,6.228373702422145,8.650519031141869,85.12110726643598,9.342560553633218,75.77854671280276
W00005318,213,50,18,32,163,20,143,23.474178403755868,8.450704225352112,15.023474178403756,76.52582159624414,9.389671361502346,67.13615023474179
W00005319,281,45,20,25,236,22,214,16.014234875444842,7.11743772241993,8.896797153024911,83.98576512455516,7.829181494661921,76.15658362989323
W00005320,335,84,38,46,251,37,214,25.07462686567164,11.343283582089553,13.73134328358209,74.92537313432835,11.044776119402986,63.88059701492538
W00005321,256,82,43,39,174,14,160,32.03125,16.796875,15.234375,67.96875,5.46875,62.5
W00005322,198,55,29,26,143,11,132,27.77777777777778,14.646464646464647,13.131313131313133,72.22222222222221,5.555555555555555,66.66666666666666
W00005324,304,51,28,23,253,20,233,16.776315789473685,9.210526315789473,7.565789473684211,83.22368421052632,6.578947368421052,76.64473684210526
W00005325,219,48,22,26,171,22,149,21.91780821917808,10.045662100456621,11.87214611872146,78.08219178082192,10.045662100456621,68.0365296803653
W00005326,203,44,26,18,159,18,141,21.67487684729064,12.807881773399016,8.866995073891626,78.32512315270937,8.866995073891626,69.45812807881774
W00005327,541,112,50,62,429,46,383,20.70240295748614,9.242144177449168,11.460258780036968,79.29759704251387,8.502772643253234,70.79482439926062
W00005329,213,45,21,24,168,10,158,21.12676056338028,9.859154929577464,11.267605633802818,78.87323943661971,4.694835680751173,74.17840375586854
W00005330,329,55,22,33,274,19,255,16.717325227963524,6.68693009118541,10.030395136778116,83.28267477203647,5.775075987841945,77.50759878419453
W00005331,328,77,46,31,251,19,232,23.47560975609756,14.02439024390244,9.451219512195122,76.52439024390245,5.7926829268292686,70.73170731707317
W00005332,228,69,31,38,159,18,141,30.263157894736842,13.596491228070176,16.666666666666664,69.73684210526315,7.894736842105263,61.8421052631579
W00005333,294,66,40,26,228,21,207,22.448979591836736,13.60544217687075,8.843537414965986,77.55102040816327,7.142857142857142,70.40816326530613
W00005334,259,52,25,27,207,26,181,20.077220077220076,9.652509652509652,10.424710424710424,79.92277992277992,10.038610038610038,69.88416988416989
W00005335,280,67,29,38,213,18,195,23.92857142857143,10.357142857142858,13.571428571428571,76.07142857142857,6.428571428571428,69.64285714285714
W00005336,239,47,18,29,192,22,170,19.665271966527197,7.531380753138076,12.133891213389122,80.3347280334728,9.205020920502092,71.1297071129707
W00005337,292,55,19,36,237,22,215,18.835616438356166,6.506849315068493,12.32876712328767,81.16438356164383,7.534246575342466,73.63013698630137
W00005338,282,41,18,23,241,28,213,14.539007092198581,6.382978723404255,8.156028368794328,85.46099290780141,9.929078014184398,75.53191489361703
W00005339,579,78,27,51,501,45,456,13.471502590673575,4.66321243523316,8.808290155440414,86.52849740932642,7.772020725388601,78.75647668393782
W00005340,254,70,29,41,184,24,160,27.559055118110237,11.41732283464567,16.141732283464567,72.44094488188976,9.448818897637794,62.99212598425197
W00005341,250,56,26,30,194,18,176,22.400000000000002,10.4,12,77.60000000000001,7.199999999999999,70.39999999999999
W00005342,271,57,26,31,214,14,200,21.033210332103323,9.59409594095941,11.439114391143912,78.96678966789668,5.166051660516605,73.80073800738008
W00005343,307,66,34,32,241,26,215,21.49837133550489,11.074918566775244,10.423452768729643,78.50162866449512,8.469055374592834,70.03257328990227
W00005344,294,46,17,29,248,31,217,15.646258503401361,5.782312925170068,9.863945578231291,84.35374149659864,10.54421768707483,73.80952380952381
W00005346,316,57,33,24,259,16,243,18.037974683544302,10.443037974683545,7.59493670886076,81.9620253164557,5.063291139240507,76.89873417721519
W00005347,384,92,51,41,292,26,266,23.958333333333336,13.28125,10.677083333333332,76.04166666666666,6.770833333333333,69.27083333333334
W00005348,227,61,31,30,166,27,139,26.87224669603524,13.656387665198238,13.215859030837004,73.12775330396477,11.894273127753303,61.23348017621145
W00005349,321,69,36,33,252,28,224,21.49532710280374,11.214953271028037,10.2803738317757,78.50467289719626,8.722741433021806,69.78193146417445
W00005350,344,62,28,34,282,28,254,18.023255813953487,8.13953488372093,9.883720930232558,81.97674418604652,8.13953488372093,73.83720930232558
W00005351,337,59,33,26,278,25,253,17.50741839762611,9.792284866468842,7.71513353115727,82.49258160237389,7.418397626112759,75.07418397626114
W00005352,241,57,24,33,184,18,166,23.651452282157674,9.95850622406639,13.692946058091287,76.34854771784232,7.468879668049793,68.87966804979253
W00005353,254,53,28,25,201,19,182,20.866141732283463,11.023622047244094,9.84251968503937,79.13385826771653,7.480314960629922,71.65354330708661
W00005354,201,52,19,33,149,7,142,25.870646766169152,9.45273631840796,16.417910447761194,74.12935323383084,3.482587064676617,70.64676616915423
W00005355,350,75,26,49,275,34,241,21.428571428571427,7.428571428571429,14.000000000000002,78.57142857142857,9.714285714285714,68.85714285714286
W00005356,201,95,61,34,106,12,94,47.2636815920398,30.34825870646766,16.91542288557214,52.736318407960205,5.970149253731343,46.766169154228855
W00005357,232,52,22,30,180,17,163,22.413793103448278,9.482758620689655,12.931034482758621,77.58620689655173,7.327586206896551,70.25862068965517
W00005358,275,75,39,36,200,17,183,27.27272727272727,14.181818181818182,13.090909090909092,72.72727272727273,6.181818181818182,66.54545454545455
W00005359,287,79,45,34,208,16,192,27.526132404181187,15.6794425087108,11.846689895470384,72.47386759581882,5.574912891986063,66.89895470383276
W00005360,271,81,49,32,190,18,172,29.88929889298893,18.081180811808117,11.808118081180812,70.11070110701108,6.642066420664207,63.46863468634686
W00005361,195,42,21,21,153,25,128,21.53846153846154,10.76923076923077,10.76923076923077,78.46153846153847,12.82051282051282,65.64102564102564
W00005362,306,56,23,33,250,17,233,18.30065359477124,7.516339869281046,10.784313725490197,81.69934640522875,5.555555555555555,76.1437908496732
W00005363,330,75,32,43,255,27,228,22.727272727272727,9.696969696969697,13.030303030303031,77.27272727272727,8.181818181818182,69.0909090909091
W00005364,266,57,25,32,209,23,186,21.428571428571427,9.398496240601503,12.030075187969924,78.57142857142857,8.646616541353383,69.92481203007519
W00005365,446,53,17,36,393,16,377,11.883408071748878,3.811659192825112,8.071748878923767,88.11659192825113,3.587443946188341,84.52914798206278
W00005366,248,58,35,23,190,19,171,23.387096774193548,14.112903225806454,9.274193548387096,76.61290322580645,7.661290322580645,68.95161290322581
W00005367,347,77,47,30,270,14,256,22.19020172910663,13.544668587896252,8.645533141210375,77.80979827089337,4.034582132564841,73.77521613832853
W00005368,269,45,26,19,224,21,203,16.728624535315987,9.66542750929368,7.063197026022305,83.27137546468401,7.806691449814126,75.46468401486989
W00005369,281,65,35,30,216,17,199,23.131672597864767,12.455516014234876,10.676156583629894,76.86832740213522,6.049822064056939,70.8185053380783
W00005370,291,61,24,37,230,17,213,20.962199312714777,8.24742268041237,12.714776632302405,79.03780068728523,5.841924398625429,73.19587628865979
W00005371,285,67,31,36,218,22,196,23.50877192982456,10.87719298245614,12.631578947368421,76.49122807017544,7.719298245614035,68.77192982456141
W00005372,233,61,33,28,172,18,154,26.180257510729614,14.163090128755366,12.017167381974248,73.8197424892704,7.725321888412018,66.09442060085837
W00005373,271,53,27,26,218,21,197,19.557195571955717,9.96309963099631,9.59409594095941,80.44280442804428,7.7490774907749085,72.69372693726937
W00005374,232,62,24,38,170,19,151,26.72413793103448,10.344827586206897,16.379310344827587,73.27586206896551,8.189655172413794,65.08620689655173
W00005375,260,86,49,37,174,10,164,33.07692307692307,18.846153846153847,14.23076923076923,66.92307692307692,3.8461538461538463,63.07692307692307
W00005376,294,113,60,53,181,17,164,38.435374149659864,20.408163265306122,18.027210884353742,61.564625850340136,5.782312925170068,55.78231292517006
W00005377,268,75,45,30,193,18,175,27.985074626865668,16.791044776119403,11.194029850746269,72.01492537313433,6.7164179104477615,65.29850746268657
W00005378,268,55,30,25,213,13,200,20.522388059701495,11.194029850746269,9.328358208955224,79.47761194029852,4.850746268656716,74.6268656716418
W00005379,289,55,35,20,234,10,224,19.031141868512112,12.110726643598616,6.920415224913495,80.96885813148789,3.4602076124567476,77.50865051903114
W00005380,260,49,23,26,211,18,193,18.846153846153847,8.846153846153847,10,81.15384615384616,6.923076923076923,74.23076923076923
W00005381,318,70,32,38,248,17,231,22.0125786163522,10.062893081761008,11.949685534591195,77.9874213836478,5.345911949685535,72.64150943396226
W00005382,291,90,43,47,201,17,184,30.927835051546392,14.776632302405499,16.151202749140893,69.0721649484536,5.841924398625429,63.230240549828174
W00005383,319,79,38,41,240,17,223,24.76489028213166,11.912225705329153,12.852664576802509,75.23510971786834,5.329153605015674,69.90595611285266
W00005384,248,64,27,37,184,21,163,25.806451612903224,10.887096774193548,14.919354838709678,74.19354838709677,8.46774193548387,65.7258064516129
W00005385,291,66,37,29,225,14,211,22.68041237113402,12.714776632302405,9.965635738831615,77.31958762886599,4.810996563573884,72.5085910652921
W00005386,296,62,43,19,234,28,206,20.945945945945947,14.527027027027026,6.418918918918918,79.05405405405406,9.45945945945946,69.5945945945946
W00005387,284,38,13,25,246,24,222,13.380281690140844,4.577464788732395,8.80281690140845,86.61971830985915,8.450704225352112,78.16901408450704
W00005388,294,54,25,29,240,25,215,18.367346938775512,8.503401360544217,9.863945578231291,81.63265306122449,8.503401360544217,73.12925170068027
W00005389,276,66,26,40,210,26,184,23.91304347826087,9.420289855072465,14.492753623188406,76.08695652173914,9.420289855072465,66.66666666666666
W00005390,205,52,28,24,153,8,145,25.365853658536587,13.658536585365855,11.707317073170733,74.63414634146342,3.902439024390244,70.73170731707317
W00005391,268,81,42,39,187,12,175,30.223880597014922,15.671641791044777,14.55223880597015,69.77611940298507,4.477611940298507,65.29850746268657
W00005392,316,63,34,29,253,18,235,19.936708860759495,10.759493670886076,9.177215189873419,80.0632911392405,5.69620253164557,74.36708860759494
W00005393,289,89,43,46,200,14,186,30.79584775086505,14.878892733564014,15.916955017301039,69.20415224913495,4.844290657439446,64.3598615916955
W00005394,294,59,21,38,235,24,211,20.068027210884352,7.142857142857142,12.925170068027212,79.93197278911565,8.16326530612245,71.7687074829932
W00005395,260,72,45,27,188,15,173,27.692307692307693,17.307692307692307,10.384615384615385,72.3076923076923,5.769230769230769,66.53846153846153
W00005396,253,39,21,18,214,18,196,15.41501976284585,8.300395256916996,7.114624505928854,84.58498023715416,7.114624505928854,77.4703557312253
W00005397,250,96,56,40,154,10,144,38.4,22.400000000000002,16,61.6,4,57.599999999999994
W00005398,297,70,37,33,227,20,207,23.56902356902357,12.457912457912458,11.11111111111111,76.43097643097643,6.7340067340067336,69.6969696969697
W00005399,317,38,23,15,279,22,257,11.987381703470032,7.255520504731862,4.73186119873817,88.01261829652996,6.940063091482649,81.07255520504731
W00005400,304,62,25,37,242,24,218,20.394736842105264,8.223684210526317,12.171052631578947,79.60526315789474,7.894736842105263,71.71052631578947
W00005401,304,75,39,36,229,12,217,24.671052631578945,12.828947368421053,11.842105263157894,75.32894736842105,3.9473684210526314,71.38157894736842
W00005402,341,105,72,33,236,20,216,30.791788856304986,21.114369501466275,9.67741935483871,69.20821114369502,5.865102639296188,63.34310850439883
W00005403,237,78,49,29,159,19,140,32.91139240506329,20.675105485232066,12.236286919831224,67.08860759493672,8.016877637130802,59.07172995780591
W00005404,330,82,59,23,248,27,221,24.848484848484848,17.87878787878788,6.969696969696971,75.15151515151514,8.181818181818182,66.96969696969697
W00005405,270,73,39,34,197,8,189,27.037037037037038,14.444444444444443,12.592592592592592,72.96296296296296,2.9629629629629632,70
W00005406,255,84,52,32,171,15,156,32.94117647058823,20.392156862745097,12.549019607843137,67.05882352941175,5.88235294117647,61.1764705882353
W00005407,296,103,61,42,193,15,178,34.7972972972973,20.60810810810811,14.18918918918919,65.2027027027027,5.0675675675675675,60.13513513513513
W00005408,240,83,45,38,157,18,139,34.583333333333336,18.75,15.833333333333332,65.41666666666667,7.5,57.91666666666667
W00005409,255,81,41,40,174,13,161,31.76470588235294,16.07843137254902,15.686274509803921,68.23529411764706,5.098039215686274,63.13725490196078
W00005410,284,53,27,26,231,21,210,18.661971830985916,9.507042253521126,9.15492957746479,81.33802816901408,7.394366197183098,73.94366197183099
W00005411,444,113,57,56,331,32,299,25.45045045045045,12.837837837837837,12.612612612612612,74.54954954954955,7.207207207207207,67.34234234234235
W00005412,220,67,32,35,153,16,137,30.454545454545457,14.545454545454545,15.909090909090908,69.54545454545455,7.2727272727272725,62.272727272727266
W00005413,212,65,36,29,147,11,136,30.660377358490564,16.9811320754717,13.679245283018867,69.33962264150944,5.188679245283019,64.15094339622641
W00005414,295,63,26,37,232,26,206,21.35593220338983,8.813559322033898,12.54237288135593,78.64406779661017,8.813559322033898,69.83050847457626
W00005415,394,125,46,79,269,37,232,31.725888324873097,11.6751269035533,20.050761421319795,68.2741116751269,9.390862944162437,58.88324873096447
W00005416,353,55,16,39,298,21,277,15.58073654390935,4.53257790368272,11.048158640226628,84.41926345609065,5.94900849858357,78.47025495750708
W00005417,263,62,31,31,201,19,182,23.574144486692013,11.787072243346007,11.787072243346007,76.42585551330798,7.224334600760455,69.20152091254754
W00005418,305,64,37,27,241,16,225,20.983606557377048,12.131147540983607,8.852459016393443,79.01639344262294,5.245901639344262,73.77049180327869
W00005419,252,55,27,28,197,23,174,21.825396825396826,10.714285714285714,11.11111111111111,78.17460317460318,9.126984126984127,69.04761904761905
W00005420,328,79,42,37,249,20,229,24.085365853658537,12.804878048780488,11.28048780487805,75.91463414634147,6.097560975609756,69.8170731707317
W00005421,284,84,41,43,200,13,187,29.577464788732392,14.43661971830986,15.140845070422534,70.4225352112676,4.577464788732395,65.84507042253522
W00005422,214,59,31,28,155,12,143,27.570093457943923,14.485981308411214,13.084112149532709,72.42990654205607,5.607476635514018,66.82242990654206
W00005423,300,65,37,28,235,18,217,21.666666666666668,12.333333333333334,9.333333333333334,78.33333333333333,6,72.33333333333334
W00005424,312,69,36,33,243,10,233,22.115384615384613,11.538461538461538,10.576923076923077,77.88461538461539,3.205128205128205,74.67948717948718
W00005425,289,64,33,31,225,16,209,22.145328719723185,11.418685121107266,10.726643598615917,77.85467128027682,5.536332179930796,72.31833910034602
W00005426,333,73,45,28,260,25,235,21.92192192192192,13.513513513513514,8.408408408408409,78.07807807807808,7.5075075075075075,70.57057057057057
W00005427,293,96,39,57,197,20,177,32.76450511945392,13.310580204778159,19.453924914675767,67.23549488054607,6.825938566552901,60.40955631399317
W00005428,291,94,47,47,197,11,186,32.302405498281786,16.151202749140893,16.151202749140893,67.69759450171821,3.7800687285223367,63.91752577319587
W00005429,347,106,46,60,241,24,217,30.547550432276655,13.256484149855908,17.29106628242075,69.45244956772333,6.9164265129683,62.53602305475504
W00005430,563,142,72,70,421,39,382,25.22202486678508,12.788632326820604,12.433392539964476,74.77797513321492,6.927175843694494,67.85079928952042
W00005431,318,84,54,30,234,17,217,26.41509433962264,16.9811320754717,9.433962264150944,73.58490566037736,5.345911949685535,68.23899371069182
W00005432,326,79,39,40,247,20,227,24.233128834355828,11.96319018404908,12.269938650306749,75.76687116564416,6.134969325153374,69.6319018404908
W00005433,305,74,43,31,231,18,213,24.262295081967213,14.098360655737704,10.163934426229508,75.73770491803279,5.901639344262295,69.83606557377048
W00005434,237,54,25,29,183,32,151,22.78481012658228,10.548523206751055,12.236286919831224,77.21518987341773,13.502109704641349,63.71308016877637
W00005435,278,87,46,41,191,19,172,31.294964028776977,16.546762589928058,14.748201438848922,68.70503597122301,6.83453237410072,61.87050359712231
W00005436,209,75,40,35,134,12,122,35.88516746411483,19.138755980861244,16.74641148325359,64.11483253588517,5.741626794258373,58.3732057416268
W00005437,248,62,29,33,186,18,168,25,11.693548387096774,13.306451612903224,75,7.258064516129033,67.74193548387096
W00005438,284,69,28,41,215,16,199,24.295774647887324,9.859154929577464,14.43661971830986,75.70422535211267,5.633802816901409,70.07042253521126
W00005439,329,61,30,31,268,25,243,18.541033434650455,9.118541033434651,9.422492401215806,81.45896656534954,7.598784194528875,73.86018237082067
W00005440,306,54,19,35,252,25,227,17.647058823529413,6.209150326797386,11.437908496732026,82.35294117647058,8.169934640522875,74.18300653594771
W00005441,226,62,28,34,164,15,149,27.43362831858407,12.389380530973451,15.04424778761062,72.56637168141593,6.637168141592921,65.929203539823
W00005442,270,43,15,28,227,33,194,15.925925925925927,5.555555555555555,10.37037037037037,84.07407407407408,12.222222222222221,71.85185185185186
W00005443,285,47,24,23,238,15,223,16.49122807017544,8.421052631578947,8.070175438596491,83.50877192982456,5.263157894736842,78.24561403508771
W00005444,244,58,21,37,186,14,172,23.770491803278688,8.60655737704918,15.163934426229508,76.22950819672131,5.737704918032787,70.49180327868852
W00005445,310,57,23,34,253,30,223,18.387096774193548,7.419354838709677,10.967741935483872,81.61290322580645,9.67741935483871,71.93548387096774
W00005446,181,45,20,25,136,13,123,24.861878453038674,11.049723756906078,13.812154696132598,75.13812154696133,7.18232044198895,67.95580110497238
W00005447,471,93,34,59,378,52,326,19.745222929936308,7.218683651804671,12.526539278131635,80.2547770700637,11.040339702760086,69.2144373673036
W00005448,320,76,38,38,244,26,218,23.75,11.875,11.875,76.25,8.125,68.125
W00005449,283,62,33,29,221,19,202,21.908127208480565,11.66077738515901,10.247349823321555,78.09187279151944,6.713780918727916,71.37809187279152
W00005450,293,50,18,32,243,23,220,17.064846416382252,6.143344709897611,10.921501706484642,82.93515358361775,7.849829351535837,75.0853242320819
W00005451,271,59,31,28,212,21,191,21.771217712177123,11.439114391143912,10.33210332103321,78.22878228782287,7.7490774907749085,70.47970479704797
W00005452,334,138,103,35,196,14,182,41.31736526946108,30.83832335329341,10.479041916167663,58.68263473053892,4.191616766467066,54.49101796407185
W00005453,287,61,23,38,226,28,198,21.254355400696863,8.013937282229964,13.240418118466899,78.74564459930313,9.75609756097561,68.98954703832753
W00005454,254,58,25,33,196,17,179,22.83464566929134,9.84251968503937,12.992125984251967,77.16535433070865,6.692913385826772,70.47244094488188
W00005455,266,54,24,30,212,19,193,20.30075187969925,9.022556390977442,11.278195488721805,79.69924812030075,7.142857142857142,72.55639097744361
W00005456,285,50,18,32,235,39,196,17.543859649122805,6.315789473684211,11.228070175438596,82.45614035087719,13.684210526315791,68.77192982456141
W00005457,286,57,19,38,229,37,192,19.93006993006993,6.643356643356643,13.286713286713287,80.06993006993007,12.937062937062937,67.13286713286713
W00005458,500,99,57,42,401,43,358,19.8,11.4,8.4,80.2,8.6,71.6
W00005459,285,59,33,26,226,18,208,20.701754385964914,11.578947368421053,9.12280701754386,79.2982456140351,6.315789473684211,72.98245614035088
W00005460,271,68,27,41,203,19,184,25.092250922509223,9.96309963099631,15.129151291512915,74.90774907749078,7.011070110701106,67.89667896678966
W00005461,298,53,26,27,245,23,222,17.78523489932886,8.724832214765101,9.060402684563758,82.21476510067114,7.718120805369128,74.49664429530202
W00005462,202,37,13,24,165,14,151,18.316831683168317,6.435643564356436,11.881188118811881,81.68316831683168,6.9306930693069315,74.75247524752476
W00005463,252,48,22,26,204,10,194,19.047619047619047,8.73015873015873,10.317460317460316,80.95238095238095,3.968253968253968,76.98412698412699
W00005464,228,57,23,34,171,15,156,25,10.087719298245613,14.912280701754385,75,6.578947368421052,68.42105263157895
W00005465,287,45,16,29,242,27,215,15.6794425087108,5.574912891986063,10.104529616724738,84.3205574912892,9.40766550522648,74.91289198606272
W00005466,350,96,71,25,254,25,229,27.42857142857143,20.285714285714285,7.142857142857142,72.57142857142857,7.142857142857142,65.42857142857143
W00005467,296,38,15,23,258,26,232,12.837837837837837,5.0675675675675675,7.77027027027027,87.16216216216216,8.783783783783784,78.37837837837837
W00005468,313,65,27,38,248,27,221,20.766773162939298,8.626198083067091,12.140575079872203,79.2332268370607,8.626198083067091,70.6070287539936
W00005469,269,50,16,34,219,16,203,18.587360594795538,5.947955390334572,12.639405204460965,81.41263940520446,5.947955390334572,75.46468401486989
W00005470,265,37,18,19,228,21,207,13.962264150943396,6.7924528301886795,7.169811320754717,86.0377358490566,7.9245283018867925,78.11320754716982
W00005471,203,50,26,24,153,12,141,24.63054187192118,12.807881773399016,11.822660098522167,75.36945812807882,5.911330049261084,69.45812807881774
W00005472,304,62,31,31,242,28,214,20.394736842105264,10.197368421052632,10.197368421052632,79.60526315789474,9.210526315789473,70.39473684210526
W00005473,295,69,35,34,226,24,202,23.389830508474578,11.864406779661017,11.525423728813559,76.61016949152543,8.135593220338983,68.47457627118644
W00005474,250,67,31,36,183,14,169,26.8,12.4,14.399999999999999,73.2,5.6000000000000005,67.60000000000001
W00005475,333,62,27,35,271,22,249,18.61861861861862,8.108108108108109,10.51051051051051,81.38138138138137,6.606606606606606,74.77477477477478
W00005476,254,53,27,26,201,22,179,20.866141732283463,10.62992125984252,10.236220472440944,79.13385826771653,8.661417322834646,70.47244094488188
W00005477,319,66,43,23,253,15,238,20.689655172413794,13.479623824451412,7.210031347962382,79.3103448275862,4.702194357366771,74.60815047021944
W00005478,329,92,39,53,237,25,212,27.96352583586626,11.854103343465045,16.109422492401215,72.03647416413374,7.598784194528875,64.43768996960486
W00005479,367,88,48,40,279,20,259,23.978201634877383,13.079019073569482,10.899182561307901,76.02179836512262,5.449591280653951,70.57220708446866
W00005482,320,81,46,35,239,20,219,25.3125,14.374999999999998,10.9375,74.6875,6.25,68.4375
W00005483,286,64,24,40,222,21,201,22.377622377622377,8.391608391608392,13.986013986013987,77.62237762237763,7.3426573426573425,70.27972027972028
W00005484,448,131,85,46,317,30,287,29.24107142857143,18.973214285714285,10.267857142857142,70.75892857142857,6.696428571428571,64.0625
W00005485,378,74,36,38,304,41,263,19.576719576719576,9.523809523809524,10.052910052910052,80.42328042328042,10.846560846560847,69.57671957671958
W00005486,274,51,19,32,223,24,199,18.613138686131386,6.934306569343065,11.678832116788321,81.38686131386861,8.75912408759124,72.62773722627736
W00005487,268,84,49,35,184,13,171,31.343283582089555,18.28358208955224,13.059701492537313,68.65671641791045,4.850746268656716,63.80597014925373
W00005488,326,74,33,41,252,16,236,22.699386503067483,10.122699386503067,12.576687116564417,77.30061349693251,4.9079754601226995,72.39263803680981
W00005489,268,76,38,38,192,18,174,28.35820895522388,14.17910447761194,14.17910447761194,71.64179104477611,6.7164179104477615,64.92537313432835
W00005490,279,64,24,40,215,23,192,22.939068100358423,8.60215053763441,14.336917562724013,77.06093189964157,8.24372759856631,68.81720430107528
W00005491,263,44,21,23,219,30,189,16.730038022813687,7.984790874524715,8.745247148288973,83.26996197718631,11.406844106463879,71.86311787072243
W00005492,345,69,30,39,276,39,237,20,8.695652173913043,11.304347826086957,80,11.304347826086957,68.69565217391305
W00005493,346,63,31,32,283,23,260,18.20809248554913,8.959537572254336,9.248554913294797,81.79190751445087,6.6473988439306355,75.14450867052022
W00005494,323,61,35,26,262,27,235,18.885448916408667,10.8359133126935,8.04953560371517,81.11455108359134,8.359133126934983,72.75541795665634
W00005495,336,76,45,31,260,37,223,22.61904761904762,13.392857142857142,9.226190476190476,77.38095238095238,11.011904761904761,66.36904761904762
W00005496,325,64,29,35,261,26,235,19.692307692307693,8.923076923076923,10.76923076923077,80.3076923076923,8,72.3076923076923
W00005497,339,45,16,29,294,41,253,13.274336283185843,4.71976401179941,8.55457227138643,86.72566371681415,12.094395280235988,74.63126843657817
W00005498,369,61,20,41,308,27,281,16.53116531165312,5.420054200542006,11.11111111111111,83.46883468834689,7.317073170731707,76.15176151761518
W00005499,254,68,28,40,186,16,170,26.77165354330709,11.023622047244094,15.748031496062993,73.22834645669292,6.299212598425196,66.92913385826772
W00005500,483,85,39,46,398,35,363,17.598343685300208,8.074534161490684,9.523809523809524,82.40165631469979,7.246376811594203,75.15527950310559
W00005501,328,50,29,21,278,25,253,15.24390243902439,8.841463414634147,6.402439024390244,84.7560975609756,7.621951219512195,77.13414634146342
W00005502,293,71,37,34,222,28,194,24.2320819112628,12.627986348122866,11.604095563139932,75.76791808873719,9.556313993174061,66.21160409556313
W00005503,244,69,39,30,175,16,159,28.278688524590162,15.983606557377051,12.295081967213115,71.72131147540983,6.557377049180328,65.1639344262295
W00005504,259,72,40,32,187,19,168,27.7992277992278,15.444015444015443,12.355212355212355,72.2007722007722,7.335907335907336,64.86486486486487
W00005506,334,63,30,33,271,30,241,18.862275449101794,8.982035928143713,9.880239520958083,81.1377245508982,8.982035928143713,72.15568862275448
W00005507,291,55,29,26,236,25,211,18.900343642611684,9.965635738831615,8.934707903780069,81.09965635738831,8.59106529209622,72.5085910652921
W00005508,271,59,34,25,212,18,194,21.771217712177123,12.546125461254611,9.22509225092251,78.22878228782287,6.642066420664207,71.58671586715867
W00005510,297,55,31,24,242,22,220,18.51851851851852,10.437710437710438,8.080808080808081,81.48148148148148,7.4074074074074066,74.07407407407408
W00005511,258,56,32,24,202,11,191,21.705426356589147,12.4031007751938,9.30232558139535,78.29457364341084,4.263565891472868,74.03100775193798
W00005512,266,68,25,43,198,18,180,25.563909774436087,9.398496240601503,16.165413533834585,74.43609022556392,6.7669172932330826,67.66917293233082
W00005513,132,24,10,14,108,11,97,18.181818181818183,7.575757575757576,10.606060606060606,81.81818181818183,8.333333333333332,73.48484848484848
W00005514,224,54,17,37,170,24,146,24.107142857142858,7.5892857142857135,16.517857142857142,75.89285714285714,10.714285714285714,65.17857142857143
W00005515,176,31,12,19,145,6,139,17.613636363636363,6.8181818181818175,10.795454545454545,82.38636363636364,3.4090909090909087,78.97727272727273
W00005516,388,57,18,39,331,37,294,14.690721649484537,4.639175257731959,10.051546391752577,85.30927835051546,9.536082474226804,75.77319587628865
W00005517,414,49,14,35,365,34,331,11.83574879227053,3.3816425120772946,8.454106280193237,88.16425120772948,8.212560386473431,79.95169082125604
W00005518,341,54,22,32,287,28,259,15.835777126099707,6.451612903225806,9.3841642228739,84.1642228739003,8.211143695014663,75.95307917888563
W00005519,371,74,30,44,297,33,264,19.946091644204852,8.086253369272237,11.859838274932615,80.05390835579514,8.89487870619946,71.15902964959568
W00005520,324,98,41,57,226,34,192,30.246913580246915,12.654320987654321,17.59259259259259,69.75308641975309,10.493827160493826,59.25925925925925
W00005521,261,44,19,25,217,28,189,16.85823754789272,7.2796934865900385,9.578544061302683,83.14176245210729,10.727969348659004,72.41379310344827
W00005522,313,51,23,28,262,32,230,16.293929712460063,7.348242811501597,8.945686900958465,83.70607028753993,10.223642172523961,73.48242811501598
W00005523,278,62,30,32,216,24,192,22.302158273381295,10.79136690647482,11.510791366906476,77.6978417266187,8.633093525179856,69.06474820143885
W00005524,351,73,44,29,278,20,258,20.7977207977208,12.535612535612536,8.262108262108262,79.2022792022792,5.698005698005698,73.50427350427351
W00005525,255,93,44,49,162,14,148,36.470588235294116,17.254901960784313,19.215686274509807,63.52941176470588,5.490196078431373,58.03921568627452
W00005526,295,53,30,23,242,27,215,17.966101694915253,10.16949152542373,7.796610169491526,82.03389830508473,9.152542372881356,72.88135593220339
W00005527,324,64,32,32,260,29,231,19.753086419753085,9.876543209876543,9.876543209876543,80.24691358024691,8.950617283950617,71.29629629629629
W00005528,296,66,22,44,230,19,211,22.2972972972973,7.4324324324324325,14.864864864864865,77.7027027027027,6.418918918918918,71.28378378378379
W00005529,273,82,42,40,191,14,177,30.036630036630036,15.384615384615385,14.652014652014653,69.96336996336996,5.128205128205128,64.83516483516483
W00005530,296,57,26,31,239,14,225,19.256756756756758,8.783783783783784,10.472972972972974,80.74324324324324,4.72972972972973,76.01351351351352
W00005531,332,89,44,45,243,22,221,26.80722891566265,13.253012048192772,13.55421686746988,73.19277108433735,6.626506024096386,66.56626506024097
W00005532,276,83,51,32,193,28,165,30.07246376811594,18.478260869565215,11.594202898550725,69.92753623188406,10.144927536231885,59.78260869565217
W00005533,273,83,43,40,190,15,175,30.4029304029304,15.75091575091575,14.652014652014653,69.59706959706959,5.4945054945054945,64.1025641025641
W00005534,299,54,32,22,245,25,220,18.06020066889632,10.702341137123746,7.357859531772576,81.93979933110369,8.361204013377927,73.57859531772574
W00005535,169,75,51,24,94,7,87,44.37869822485207,30.17751479289941,14.201183431952662,55.62130177514793,4.142011834319527,51.4792899408284
W00005536,241,59,24,35,182,18,164,24.481327800829874,9.95850622406639,14.522821576763487,75.51867219917013,7.468879668049793,68.04979253112033
W00005537,332,92,50,42,240,27,213,27.710843373493976,15.060240963855422,12.650602409638553,72.28915662650603,8.132530120481928,64.1566265060241
W00005538,311,63,28,35,248,24,224,20.257234726688104,9.003215434083602,11.254019292604502,79.7427652733119,7.717041800643088,72.02572347266882
W00005539,278,62,34,28,216,17,199,22.302158273381295,12.23021582733813,10.071942446043165,77.6978417266187,6.115107913669065,71.58273381294964
W00005540,294,97,42,55,197,20,177,32.99319727891156,14.285714285714285,18.70748299319728,67.00680272108843,6.802721088435375,60.204081632653065
W00005541,254,63,33,30,191,22,169,24.803149606299215,12.992125984251967,11.811023622047244,75.19685039370079,8.661417322834646,66.53543307086615
W00005542,262,70,39,31,192,17,175,26.717557251908396,14.885496183206106,11.83206106870229,73.2824427480916,6.488549618320611,66.79389312977099
W00005543,304,89,49,40,215,14,201,29.276315789473685,16.11842105263158,13.157894736842104,70.72368421052632,4.605263157894736,66.11842105263158
W00005544,285,60,35,25,225,17,208,21.052631578947366,12.280701754385964,8.771929824561402,78.94736842105263,5.964912280701754,72.98245614035088
W00005545,291,63,28,35,228,20,208,21.649484536082475,9.621993127147768,12.027491408934708,78.35051546391753,6.872852233676976,71.47766323024055
W00005546,307,79,48,31,228,18,210,25.732899022801302,15.63517915309446,10.097719869706841,74.2671009771987,5.863192182410423,68.40390879478826
W00005547,256,49,28,21,207,19,188,19.140625,10.9375,8.203125,80.859375,7.421875,73.4375
W00005548,362,142,79,63,220,22,198,39.226519337016576,21.823204419889503,17.403314917127073,60.773480662983424,6.077348066298343,54.69613259668509
W00005549,372,119,66,53,253,25,228,31.989247311827956,17.741935483870968,14.24731182795699,68.01075268817203,6.720430107526881,61.29032258064516
W00005550,295,59,26,33,236,14,222,20,8.813559322033898,11.186440677966102,80,4.745762711864407,75.2542372881356
W00005551,318,47,26,21,271,33,238,14.779874213836477,8.176100628930817,6.60377358490566,85.22012578616352,10.377358490566039,74.84276729559748
W00005552,222,67,39,28,155,11,144,30.180180180180184,17.56756756756757,12.612612612612612,69.81981981981981,4.954954954954955,64.86486486486487
W00005553,300,92,51,41,208,22,186,30.666666666666664,17,13.666666666666666,69.33333333333334,7.333333333333333,62
W00005554,243,53,30,23,190,16,174,21.810699588477366,12.345679012345679,9.465020576131687,78.18930041152264,6.584362139917696,71.60493827160494
W00005555,323,99,55,44,224,28,196,30.65015479876161,17.027863777089784,13.622291021671826,69.3498452012384,8.6687306501548,60.681114551083596
W00005556,237,39,19,20,198,15,183,16.455696202531644,8.016877637130802,8.438818565400844,83.54430379746836,6.329113924050633,77.21518987341773
W00005557,297,61,30,31,236,13,223,20.53872053872054,10.1010101010101,10.437710437710438,79.46127946127946,4.377104377104377,75.08417508417509
W00005558,327,81,47,34,246,14,232,24.770642201834864,14.37308868501529,10.397553516819572,75.22935779816514,4.281345565749235,70.9480122324159
W00005559,202,69,35,34,133,15,118,34.15841584158416,17.326732673267326,16.831683168316832,65.84158415841584,7.425742574257425,58.415841584158414
W00005560,334,80,48,32,254,27,227,23.952095808383234,14.37125748502994,9.580838323353294,76.04790419161677,8.08383233532934,67.96407185628742
W00005561,359,95,51,44,264,18,246,26.46239554317549,14.206128133704734,12.256267409470752,73.53760445682451,5.013927576601671,68.52367688022284
W00005562,289,64,44,20,225,9,216,22.145328719723185,15.22491349480969,6.920415224913495,77.85467128027682,3.1141868512110724,74.74048442906575
W00005563,201,70,44,26,131,13,118,34.82587064676617,21.890547263681594,12.935323383084576,65.17412935323384,6.467661691542288,58.70646766169154
W00005564,209,39,14,25,170,13,157,18.660287081339714,6.698564593301436,11.961722488038278,81.3397129186603,6.220095693779904,75.11961722488039
W00005565,300,48,21,27,252,14,238,16,7.000000000000001,9,84,4.666666666666667,79.33333333333333
W00005566,308,88,42,46,220,24,196,28.57142857142857,13.636363636363635,14.935064935064934,71.42857142857143,7.792207792207792,63.63636363636363
W00005567,337,82,39,43,255,28,227,24.33234421364985,11.572700296735905,12.759643916913946,75.66765578635015,8.30860534124629,67.35905044510386
W00005568,313,85,48,37,228,14,214,27.15654952076677,15.335463258785943,11.821086261980831,72.84345047923323,4.472843450479233,68.370607028754
W00005569,298,74,35,39,224,22,202,24.832214765100673,11.74496644295302,13.087248322147651,75.16778523489933,7.38255033557047,67.78523489932886
W00005570,293,92,38,54,201,19,182,31.399317406143346,12.969283276450511,18.43003412969283,68.60068259385666,6.484641638225256,62.116040955631405
W00005571,312,85,52,33,227,13,214,27.24358974358974,16.666666666666664,10.576923076923077,72.75641025641025,4.166666666666666,68.58974358974359
W00005572,337,89,54,35,248,5,243,26.409495548961427,16.023738872403563,10.385756676557865,73.59050445103857,1.483679525222552,72.10682492581603
W00005573,409,99,52,47,310,30,280,24.205378973105134,12.71393643031785,11.491442542787286,75.79462102689487,7.334963325183375,68.45965770171149
W00005574,227,66,40,26,161,13,148,29.074889867841406,17.62114537444934,11.45374449339207,70.92511013215858,5.726872246696035,65.19823788546255
W00005575,421,112,65,47,309,22,287,26.60332541567696,15.439429928741092,11.163895486935866,73.39667458432304,5.225653206650831,68.17102137767222
W00005576,394,106,43,63,288,27,261,26.903553299492383,10.913705583756345,15.989847715736042,73.09644670050761,6.852791878172589,66.24365482233503
W00005577,289,71,32,39,218,17,201,24.567474048442904,11.072664359861593,13.494809688581316,75.4325259515571,5.88235294117647,69.55017301038062
W00005578,347,48,15,33,299,29,270,13.8328530259366,4.322766570605188,9.510086455331413,86.1671469740634,8.357348703170029,77.80979827089337
W00005579,297,64,29,35,233,17,216,21.548821548821547,9.764309764309765,11.784511784511785,78.45117845117845,5.723905723905724,72.72727272727273
W00005580,316,60,30,30,256,24,232,18.9873417721519,9.49367088607595,9.49367088607595,81.0126582278481,7.59493670886076,73.41772151898735
W00005581,219,60,24,36,159,22,137,27.397260273972602,10.95890410958904,16.43835616438356,72.6027397260274,10.045662100456621,62.55707762557078
W00005582,211,54,20,34,157,14,143,25.59241706161137,9.47867298578199,16.113744075829384,74.40758293838863,6.6350710900473935,67.77251184834124
W00005583,330,53,27,26,277,17,260,16.060606060606062,8.181818181818182,7.878787878787878,83.93939393939394,5.151515151515151,78.78787878787878
W00005584,302,88,51,37,214,15,199,29.13907284768212,16.887417218543046,12.251655629139073,70.86092715231787,4.966887417218543,65.89403973509934
W00005585,398,95,47,48,303,35,268,23.869346733668344,11.809045226130653,12.060301507537687,76.13065326633166,8.793969849246231,67.33668341708542
W00005586,323,43,21,22,280,35,245,13.312693498452013,6.5015479876160995,6.811145510835913,86.687306501548,10.8359133126935,75.85139318885449
W00005587,263,51,17,34,212,22,190,19.39163498098859,6.4638783269961975,12.927756653992395,80.6083650190114,8.365019011406844,72.24334600760456
W00005588,272,88,51,37,184,15,169,32.35294117647059,18.75,13.602941176470587,67.64705882352942,5.514705882352941,62.13235294117647
W00005589,263,63,35,28,200,17,183,23.954372623574145,13.307984790874524,10.646387832699618,76.04562737642586,6.4638783269961975,69.58174904942965
W00005590,294,76,40,36,218,16,202,25.850340136054424,13.60544217687075,12.244897959183673,74.14965986394559,5.442176870748299,68.70748299319727
W00005591,342,71,37,34,271,27,244,20.760233918128655,10.818713450292398,9.941520467836257,79.23976608187134,7.894736842105263,71.34502923976608
W00005592,317,103,50,53,214,10,204,32.49211356466877,15.772870662460567,16.7192429022082,67.50788643533123,3.1545741324921135,64.35331230283911
W00005593,301,97,64,33,204,17,187,32.22591362126246,21.262458471760798,10.96345514950166,67.77408637873754,5.647840531561462,62.12624584717608
W00005594,309,80,39,41,229,27,202,25.88996763754045,12.62135922330097,13.268608414239482,74.11003236245955,8.737864077669903,65.37216828478964
W00005595,282,77,42,35,205,16,189,27.30496453900709,14.893617021276595,12.411347517730496,72.69503546099291,5.673758865248227,67.02127659574468
W00005596,298,77,34,43,221,23,198,25.838926174496645,11.409395973154362,14.429530201342283,74.16107382550335,7.718120805369128,66.44295302013423
W00005597,368,53,20,33,315,32,283,14.402173913043478,5.434782608695652,8.967391304347826,85.59782608695652,8.695652173913043,76.90217391304348
W00005598,329,82,50,32,247,20,227,24.924012158054712,15.19756838905775,9.72644376899696,75.07598784194529,6.079027355623101,68.9969604863222
W00005599,319,84,25,59,235,21,214,26.332288401253916,7.836990595611286,18.495297805642632,73.66771159874608,6.583072100313479,67.0846394984326
W00005600,272,102,58,44,170,12,158,37.5,21.323529411764707,16.176470588235293,62.5,4.411764705882353,58.08823529411765
W00005601,252,78,46,32,174,14,160,30.952380952380953,18.253968253968253,12.698412698412698,69.04761904761905,5.555555555555555,63.49206349206349
W00005603,369,85,55,30,284,24,260,23.035230352303522,14.905149051490515,8.130081300813007,76.96476964769647,6.504065040650407,70.46070460704607
W00005604,237,87,55,32,150,16,134,36.708860759493675,23.20675105485232,13.502109704641349,63.29113924050633,6.751054852320674,56.540084388185655
W00005605,501,99,60,39,402,35,367,19.760479041916167,11.976047904191617,7.784431137724551,80.23952095808383,6.986027944111776,73.25349301397206
W00009948,496,47,14,33,449,38,411,9.475806451612904,2.82258064516129,6.653225806451612,90.5241935483871,7.661290322580645,82.86290322580645
W00009949,489,81,49,32,408,47,361,16.56441717791411,10.020449897750511,6.5439672801636,83.43558282208589,9.611451942740286,73.8241308793456
W00009950,397,80,39,41,317,27,290,20.151133501259448,9.82367758186398,10.327455919395465,79.84886649874056,6.801007556675064,73.04785894206549
W00009951,412,67,32,35,345,31,314,16.2621359223301,7.766990291262135,8.495145631067961,83.7378640776699,7.524271844660194,76.2135922330097
W00009952,347,32,12,20,315,28,287,9.221902017291066,3.45821325648415,5.763688760806916,90.77809798270894,8.069164265129682,82.70893371757924
W00009953,447,89,41,48,358,41,317,19.910514541387027,9.172259507829978,10.738255033557047,80.08948545861297,9.172259507829978,70.917225950783
W00009954,332,43,14,29,289,30,259,12.951807228915662,4.216867469879518,8.734939759036145,87.04819277108435,9.036144578313253,78.01204819277109
W00009955,297,75,42,33,222,23,199,25.252525252525253,14.14141414141414,11.11111111111111,74.74747474747475,7.744107744107744,67.003367003367
W00009956,248,25,17,8,223,18,205,10.080645161290322,6.854838709677419,3.225806451612903,89.91935483870968,7.258064516129033,82.66129032258065
W00009957,298,60,27,33,238,20,218,20.13422818791946,9.060402684563758,11.073825503355705,79.86577181208054,6.7114093959731544,73.15436241610739
W00009958,360,48,20,28,312,33,279,13.333333333333334,5.555555555555555,7.777777777777778,86.66666666666667,9.166666666666666,77.5
W00009959,617,94,39,55,523,43,480,15.235008103727715,6.3209076175040515,8.914100486223662,84.76499189627229,6.9692058346839545,77.79578606158833
W00009960,262,39,7,32,223,27,196,14.885496183206106,2.6717557251908395,12.213740458015266,85.1145038167939,10.305343511450381,74.80916030534351
W00009961,421,90,48,42,331,34,297,21.377672209026127,11.401425178147269,9.97624703087886,78.62232779097387,8.076009501187649,70.54631828978623
W00009962,257,63,32,31,194,15,179,24.5136186770428,12.45136186770428,12.062256809338521,75.4863813229572,5.836575875486381,69.64980544747081
W00009963,417,41,15,26,376,32,344,9.832134292565947,3.5971223021582732,6.235011990407674,90.16786570743405,7.673860911270983,82.49400479616307
W00009964,365,57,18,39,308,29,279,15.616438356164384,4.931506849315069,10.684931506849315,84.38356164383562,7.9452054794520555,76.43835616438356
W00009965,280,73,38,35,207,21,186,26.071428571428573,13.571428571428571,12.5,73.92857142857143,7.5,66.42857142857143
W00009966,386,82,27,55,304,33,271,21.243523316062177,6.994818652849741,14.248704663212436,78.75647668393782,8.549222797927461,70.20725388601036
W00009967,431,44,11,33,387,35,352,10.208816705336426,2.5522041763341066,7.65661252900232,89.79118329466357,8.120649651972158,81.67053364269141
W00009968,345,81,42,39,264,27,237,23.47826086956522,12.173913043478262,11.304347826086957,76.52173913043478,7.82608695652174,68.69565217391305
W00009969,128,31,14,17,97,12,85,24.21875,10.9375,13.28125,75.78125,9.375,66.40625
W00009970,246,56,20,36,190,14,176,22.76422764227642,8.130081300813007,14.634146341463413,77.23577235772358,5.691056910569105,71.54471544715447
W00009971,404,40,12,28,364,30,334,9.900990099009901,2.9702970297029703,6.9306930693069315,90.0990099009901,7.425742574257425,82.67326732673267
W00009972,237,38,14,24,199,22,177,16.033755274261605,5.9071729957805905,10.126582278481013,83.96624472573839,9.282700421940929,74.68354430379746
W00009973,380,68,38,30,312,44,268,17.894736842105264,10,7.894736842105263,82.10526315789474,11.578947368421053,70.52631578947368
W00009974,223,27,6,21,196,14,182,12.10762331838565,2.690582959641256,9.417040358744394,87.89237668161435,6.278026905829597,81.61434977578476
W00009975,361,40,11,29,321,39,282,11.080332409972298,3.0470914127423825,8.033240997229916,88.9196675900277,10.80332409972299,78.1163434903047
W00010360,344,58,24,34,286,28,258,16.86046511627907,6.976744186046512,9.883720930232558,83.13953488372093,8.13953488372093,75
W00010364,328,93,56,37,235,18,217,28.353658536585364,17.073170731707318,11.28048780487805,71.64634146341463,5.487804878048781,66.15853658536585
W00010367,333,39,15,24,294,24,270,11.711711711711711,4.504504504504505,7.207207207207207,88.28828828828829,7.207207207207207,81.08108108108108
W00010371,220,14,1,13,206,25,181,6.363636363636363,0.45454545454545453,5.909090909090909,93.63636363636364,11.363636363636363,82.27272727272728
W00010373,186,38,20,18,148,13,135,20.43010752688172,10.75268817204301,9.67741935483871,79.56989247311827,6.989247311827956,72.58064516129032
W00010374,395,28,7,21,367,37,330,7.088607594936709,1.7721518987341773,5.3164556962025316,92.91139240506328,9.367088607594937,83.54430379746836
W00010377,211,18,5,13,193,10,183,8.530805687203792,2.3696682464454977,6.161137440758294,91.4691943127962,4.739336492890995,86.7298578199052
W00010381,343,69,41,28,274,16,258,20.11661807580175,11.9533527696793,8.16326530612245,79.88338192419825,4.664723032069971,75.21865889212827
W00010385,1828,778,298,480,1050,188,862,42.560175054704594,16.301969365426697,26.258205689277897,57.439824945295406,10.284463894967178,47.155361050328224
W00010387,294,50,24,26,244,20,224,17.006802721088434,8.16326530612245,8.843537414965986,82.99319727891157,6.802721088435375,76.19047619047619
W00010389,280,43,15,28,237,27,210,15.357142857142858,5.357142857142857,10,84.64285714285714,9.642857142857144,75
W00010390,233,37,15,22,196,17,179,15.879828326180256,6.437768240343347,9.44206008583691,84.12017167381974,7.296137339055794,76.82403433476395
W00010391,374,66,31,35,308,26,282,17.647058823529413,8.288770053475936,9.358288770053475,82.35294117647058,6.951871657754011,75.40106951871658
W00010392,330,62,31,31,268,23,245,18.787878787878785,9.393939393939393,9.393939393939393,81.21212121212122,6.969696969696971,74.24242424242425
W00010395,326,61,25,36,265,23,242,18.711656441717793,7.668711656441718,11.042944785276074,81.28834355828221,7.05521472392638,74.23312883435584
W00010397,211,16,0,16,195,17,178,7.5829383886255926,0,7.5829383886255926,92.41706161137441,8.056872037914692,84.36018957345972
W00010399,304,53,21,32,251,21,230,17.434210526315788,6.907894736842106,10.526315789473683,82.56578947368422,6.907894736842106,75.6578947368421
W00010402,271,20,3,17,251,17,234,7.380073800738007,1.107011070110701,6.273062730627306,92.619926199262,6.273062730627306,86.34686346863468
W00010404,291,25,6,19,266,25,241,8.59106529209622,2.0618556701030926,6.529209621993128,91.40893470790378,8.59106529209622,82.81786941580756
W00010405,145,23,10,13,122,8,114,15.862068965517242,6.896551724137931,8.96551724137931,84.13793103448276,5.517241379310345,78.62068965517241
W00010407,219,23,11,12,196,15,181,10.50228310502283,5.0228310502283104,5.47945205479452,89.49771689497716,6.8493150684931505,82.64840182648402
W00010410,316,89,40,49,227,21,206,28.164556962025316,12.658227848101266,15.50632911392405,71.83544303797468,6.6455696202531636,65.18987341772153
W00010412,109,21,14,7,88,8,80,19.26605504587156,12.844036697247708,6.422018348623854,80.73394495412845,7.339449541284404,73.39449541284404
W00010415,322,37,19,18,285,20,265,11.490683229813664,5.900621118012422,5.590062111801243,88.50931677018633,6.211180124223603,82.29813664596274
W00010417,281,39,16,23,242,23,219,13.87900355871886,5.6939501779359425,8.185053380782918,86.12099644128114,8.185053380782918,77.93594306049823
W00010419,403,30,10,20,373,30,343,7.444168734491314,2.481389578163772,4.962779156327544,92.55583126550869,7.444168734491314,85.11166253101737
W00010421,242,11,5,6,231,13,218,4.545454545454546,2.066115702479339,2.479338842975207,95.45454545454545,5.371900826446281,90.08264462809917
W00010422,268,55,21,34,213,17,196,20.522388059701495,7.835820895522389,12.686567164179104,79.47761194029852,6.343283582089552,73.13432835820896
W00010423,398,48,19,29,350,34,316,12.060301507537687,4.773869346733668,7.2864321608040195,87.93969849246231,8.542713567839195,79.39698492462311
W00010424,264,47,18,29,217,25,192,17.803030303030305,6.8181818181818175,10.984848484848484,82.1969696969697,9.469696969696969,72.72727272727273
W00010427,346,41,14,27,305,22,283,11.849710982658959,4.046242774566474,7.803468208092486,88.15028901734104,6.358381502890173,81.79190751445087
W00010428,261,20,8,12,241,23,218,7.662835249042145,3.065134099616858,4.597701149425287,92.33716475095785,8.812260536398467,83.5249042145594
W00010429,308,51,16,35,257,31,226,16.558441558441558,5.194805194805195,11.363636363636363,83.44155844155844,10.064935064935066,73.37662337662337
W00010434,155,8,1,7,147,17,130,5.161290322580645,0.6451612903225806,4.516129032258064,94.83870967741936,10.967741935483872,83.87096774193549
W00010441,276,17,5,12,259,18,241,6.159420289855073,1.8115942028985508,4.3478260869565215,93.84057971014492,6.521739130434782,87.31884057971014
W00010443,275,15,4,11,260,17,243,5.454545454545454,1.4545454545454546,4,94.54545454545455,6.181818181818182,88.36363636363636
W00010444,307,65,23,42,242,14,228,21.172638436482085,7.491856677524431,13.680781758957655,78.82736156351791,4.5602605863192185,74.2671009771987
W00010447,197,68,38,30,129,13,116,34.51776649746193,19.289340101522843,15.228426395939088,65.48223350253807,6.598984771573605,58.88324873096447
W00010448,218,29,12,17,189,19,170,13.302752293577983,5.5045871559633035,7.79816513761468,86.69724770642202,8.715596330275229,77.98165137614679
W00010449,258,48,14,34,210,16,194,18.6046511627907,5.426356589147287,13.178294573643413,81.3953488372093,6.2015503875969,75.1937984496124
W00010450,103,22,9,13,81,5,76,21.35922330097087,8.737864077669903,12.62135922330097,78.64077669902912,4.854368932038835,73.7864077669903
W00010451,247,20,8,12,227,19,208,8.097165991902834,3.2388663967611335,4.8582995951417,91.90283400809717,7.6923076923076925,84.21052631578947
