OA,ts0590001,ts0590002,ts0590003,ts0590004,ts0590005,ts0590006,ts0590007,ts0590002_PCT,ts0590003_PCT,ts0590004_PCT,ts0590005_PCT,ts0590006_PCT,ts0590007_PCT
E00085919,166,53,18,35,113,93,20,31.92771084337349,10.843373493975903,21.084337349397593,68.07228915662651,56.024096385542165,12.048192771084338
E00085920,164,54,17,37,110,90,20,32.926829268292686,10.365853658536585,22.5609756097561,67.07317073170732,54.87804878048781,12.195121951219512
E00085921,143,41,12,29,102,92,10,28.671328671328673,8.391608391608392,20.27972027972028,71.32867132867133,64.33566433566433,6.993006993006993
E00085922,201,61,17,44,140,127,13,30.34825870646766,8.45771144278607,21.890547263681594,69.65174129353234,63.18407960199005,6.467661691542288
E00085923,246,83,22,61,163,148,15,33.739837398373986,8.94308943089431,24.796747967479675,66.26016260162602,60.16260162601627,6.097560975609756
E00085924,236,70,24,46,166,146,20,29.66101694915254,10.16949152542373,19.491525423728813,70.33898305084746,61.86440677966102,8.47457627118644
E00085925,207,79,23,56,128,113,15,38.164251207729464,11.11111111111111,27.053140096618357,61.83574879227053,54.589371980676326,7.246376811594203
E00085926,153,50,17,33,103,86,17,32.6797385620915,11.11111111111111,21.568627450980394,67.3202614379085,56.209150326797385,11.11111111111111
E00085927,99,25,10,15,74,66,8,25.252525252525253,10.1010101010101,15.151515151515152,74.74747474747475,66.66666666666666,8.080808080808081
E00085928,124,41,16,25,83,73,10,33.064516129032256,12.903225806451612,20.161290322580644,66.93548387096774,58.87096774193549,8.064516129032258
E00085929,161,48,14,34,113,104,9,29.81366459627329,8.695652173913043,21.11801242236025,70.1863354037267,64.59627329192547,5.590062111801243
E00085930,104,38,16,22,66,60,6,36.53846153846153,15.384615384615385,21.153846153846153,63.46153846153846,57.692307692307686,5.769230769230769
E00085931,87,24,9,15,63,47,16,27.586206896551722,10.344827586206897,17.24137931034483,72.41379310344827,54.02298850574713,18.39080459770115
E00085932,153,47,13,34,106,82,24,30.718954248366014,8.49673202614379,22.22222222222222,69.28104575163398,53.59477124183007,15.686274509803921
E00085933,175,54,17,37,121,103,18,30.857142857142854,9.714285714285714,21.142857142857142,69.14285714285714,58.857142857142854,10.285714285714285
E00085934,158,59,20,39,99,86,13,37.34177215189873,12.658227848101266,24.68354430379747,62.65822784810127,54.43037974683544,8.227848101265822
E00085935,186,55,17,38,131,111,20,29.56989247311828,9.13978494623656,20.43010752688172,70.43010752688173,59.67741935483871,10.75268817204301
E00085936,227,69,21,48,158,131,27,30.396475770925107,9.251101321585903,21.145374449339208,69.60352422907489,57.70925110132159,11.894273127753303
E00085937,208,68,20,48,140,124,16,32.69230769230769,9.615384615384617,23.076923076923077,67.3076923076923,59.61538461538461,7.6923076923076925
E00085938,161,48,18,30,113,98,15,29.81366459627329,11.180124223602485,18.633540372670808,70.1863354037267,60.86956521739131,9.316770186335404
E00085939,163,35,7,28,128,113,15,21.472392638036812,4.294478527607362,17.177914110429448,78.52760736196319,69.32515337423312,9.202453987730062
E00085940,211,65,18,47,146,135,11,30.80568720379147,8.530805687203792,22.274881516587676,69.19431279620854,63.98104265402843,5.213270142180095
E00085941,148,48,17,31,100,89,11,32.432432432432435,11.486486486486488,20.945945945945947,67.56756756756756,60.13513513513513,7.4324324324324325
E00085942,129,32,11,21,97,82,15,24.8062015503876,8.527131782945736,16.27906976744186,75.1937984496124,63.565891472868216,11.627906976744185
E00085943,135,30,9,21,105,86,19,22.22222222222222,6.666666666666667,15.555555555555555,77.77777777777779,63.70370370370371,14.074074074074074
E00085944,214,66,19,47,148,132,16,30.8411214953271,8.878504672897195,21.962616822429908,69.1588785046729,61.6822429906542,7.476635514018691
E00085945,145,57,16,41,88,70,18,39.310344827586206,11.03448275862069,28.27586206896552,60.689655172413794,48.275862068965516,12.413793103448276
E00085946,221,69,17,52,152,128,24,31.221719457013574,7.6923076923076925,23.52941176470588,68.77828054298642,57.9185520361991,10.85972850678733
E00085947,156,41,12,29,115,98,17,26.282051282051285,7.6923076923076925,18.58974358974359,73.71794871794873,62.82051282051282,10.897435897435898
E00085948,160,35,11,24,125,112,13,21.875,6.875000000000001,15,78.125,70,8.125
E00085949,216,59,11,48,157,145,12,27.314814814814813,5.092592592592593,22.22222222222222,72.68518518518519,67.12962962962963,5.555555555555555
E00085950,134,39,14,25,95,84,11,29.1044776119403,10.44776119402985,18.65671641791045,70.8955223880597,62.68656716417911,8.208955223880597
E00085951,161,44,15,29,117,99,18,27.32919254658385,9.316770186335404,18.012422360248447,72.67080745341616,61.49068322981367,11.180124223602485
E00085952,227,57,16,41,170,138,32,25.11013215859031,7.048458149779736,18.06167400881057,74.8898678414097,60.792951541850215,14.096916299559473
E00085953,178,48,13,35,130,121,9,26.96629213483146,7.303370786516854,19.662921348314608,73.03370786516854,67.97752808988764,5.056179775280898
E00085954,161,50,18,32,111,98,13,31.05590062111801,11.180124223602485,19.875776397515526,68.94409937888199,60.86956521739131,8.074534161490684
E00085955,159,52,16,36,107,94,13,32.70440251572327,10.062893081761008,22.641509433962266,67.29559748427673,59.11949685534591,8.176100628930817
E00085956,131,38,9,29,93,83,10,29.00763358778626,6.870229007633588,22.137404580152673,70.99236641221374,63.358778625954194,7.633587786259542
E00085957,155,50,18,32,105,95,10,32.25806451612903,11.612903225806452,20.64516129032258,67.74193548387096,61.29032258064516,6.451612903225806
E00085958,246,73,24,49,173,136,37,29.67479674796748,9.75609756097561,19.91869918699187,70.32520325203252,55.28455284552846,15.040650406504067
E00085959,73,20,3,17,53,52,1,27.397260273972602,4.10958904109589,23.28767123287671,72.6027397260274,71.23287671232876,1.36986301369863
E00085960,223,65,21,44,158,130,28,29.14798206278027,9.417040358744394,19.730941704035875,70.85201793721974,58.29596412556054,12.556053811659194
E00085961,144,47,16,31,97,78,19,32.63888888888889,11.11111111111111,21.52777777777778,67.36111111111111,54.166666666666664,13.194444444444445
E00085962,232,64,19,45,168,155,13,27.586206896551722,8.189655172413794,19.396551724137932,72.41379310344827,66.8103448275862,5.603448275862069
E00085963,132,44,12,32,88,77,11,33.33333333333333,9.090909090909092,24.242424242424242,66.66666666666666,58.333333333333336,8.333333333333332
E00085964,168,70,28,42,98,86,12,41.66666666666667,16.666666666666664,25,58.333333333333336,51.19047619047619,7.142857142857142
E00085965,178,85,49,36,93,80,13,47.752808988764045,27.52808988764045,20.224719101123593,52.24719101123596,44.9438202247191,7.303370786516854
E00085966,184,52,18,34,132,120,12,28.26086956521739,9.782608695652174,18.478260869565215,71.73913043478261,65.21739130434783,6.521739130434782
E00085967,81,17,9,8,64,58,6,20.98765432098765,11.11111111111111,9.876543209876543,79.01234567901234,71.60493827160494,7.4074074074074066
E00085968,165,71,36,35,94,84,10,43.03030303030303,21.818181818181817,21.21212121212121,56.96969696969697,50.90909090909091,6.0606060606060606
E00085969,172,42,9,33,130,101,29,24.418604651162788,5.232558139534884,19.186046511627907,75.5813953488372,58.720930232558146,16.86046511627907
E00085970,136,57,29,28,79,62,17,41.911764705882355,21.323529411764707,20.588235294117645,58.08823529411765,45.588235294117645,12.5
E00085971,166,49,23,26,117,104,13,29.518072289156628,13.855421686746988,15.66265060240964,70.48192771084338,62.65060240963856,7.83132530120482
E00085972,172,47,15,32,125,113,12,27.325581395348834,8.720930232558139,18.6046511627907,72.67441860465115,65.69767441860465,6.976744186046512
E00085974,126,52,33,19,74,68,6,41.269841269841265,26.190476190476193,15.079365079365079,58.730158730158735,53.96825396825397,4.761904761904762
E00085975,192,49,19,30,143,131,12,25.520833333333332,9.895833333333332,15.625,74.47916666666666,68.22916666666666,6.25
E00085976,82,19,9,10,63,52,11,23.170731707317074,10.975609756097562,12.195121951219512,76.82926829268293,63.41463414634146,13.414634146341465
E00085977,155,69,34,35,86,75,11,44.516129032258064,21.935483870967744,22.58064516129032,55.483870967741936,48.38709677419355,7.096774193548387
E00085978,167,49,20,29,118,103,15,29.34131736526946,11.976047904191617,17.365269461077844,70.65868263473054,61.67664670658682,8.982035928143713
E00085979,148,57,33,24,91,74,17,38.513513513513516,22.2972972972973,16.216216216216218,61.48648648648649,50,11.486486486486488
E00085980,160,77,43,34,83,76,7,48.125,26.875,21.25,51.87500000000001,47.5,4.375
E00085981,152,39,7,32,113,99,14,25.657894736842106,4.605263157894736,21.052631578947366,74.3421052631579,65.13157894736842,9.210526315789473
E00085982,138,45,12,33,93,73,20,32.608695652173914,8.695652173913043,23.91304347826087,67.3913043478261,52.89855072463768,14.492753623188406
E00085983,188,57,23,34,131,106,25,30.319148936170215,12.23404255319149,18.085106382978726,69.68085106382979,56.38297872340425,13.297872340425531
E00085984,156,49,16,33,107,90,17,31.41025641025641,10.256410256410255,21.153846153846153,68.58974358974359,57.692307692307686,10.897435897435898
E00085985,146,42,13,29,104,77,27,28.767123287671232,8.904109589041095,19.863013698630137,71.23287671232876,52.73972602739726,18.493150684931507
E00085986,153,48,19,29,105,87,18,31.372549019607842,12.418300653594772,18.954248366013072,68.62745098039215,56.86274509803921,11.76470588235294
E00085987,156,65,27,38,91,84,7,41.66666666666667,17.307692307692307,24.358974358974358,58.333333333333336,53.84615384615385,4.487179487179487
E00085988,154,59,28,31,95,89,6,38.311688311688314,18.181818181818183,20.12987012987013,61.68831168831169,57.7922077922078,3.896103896103896
E00085989,174,48,17,31,126,116,10,27.586206896551722,9.770114942528735,17.81609195402299,72.41379310344827,66.66666666666666,5.747126436781609
E00085990,171,51,21,30,120,111,9,29.82456140350877,12.280701754385964,17.543859649122805,70.17543859649122,64.91228070175438,5.263157894736842
E00085991,219,59,22,37,160,134,26,26.94063926940639,10.045662100456621,16.894977168949772,73.0593607305936,61.18721461187214,11.87214611872146
E00085992,152,46,16,30,106,89,17,30.263157894736842,10.526315789473683,19.736842105263158,69.73684210526315,58.55263157894737,11.18421052631579
E00085993,179,71,27,44,108,93,15,39.66480446927375,15.083798882681565,24.581005586592177,60.33519553072626,51.955307262569825,8.379888268156424
E00085994,182,45,17,28,137,112,25,24.725274725274726,9.340659340659341,15.384615384615385,75.27472527472527,61.53846153846154,13.736263736263737
E00085995,227,60,19,41,167,147,20,26.431718061674008,8.370044052863436,18.06167400881057,73.568281938326,64.75770925110133,8.81057268722467
E00085996,196,61,22,39,135,121,14,31.122448979591837,11.224489795918368,19.897959183673468,68.87755102040816,61.73469387755102,7.142857142857142
E00085997,100,31,10,21,69,64,5,31,10,21,69,64,5
E00085998,157,51,18,33,106,91,15,32.48407643312102,11.464968152866243,21.019108280254777,67.51592356687898,57.961783439490446,9.554140127388536
E00085999,180,64,18,46,116,104,12,35.55555555555556,10,25.555555555555554,64.44444444444444,57.77777777777777,6.666666666666667
E00086000,159,51,20,31,108,90,18,32.075471698113205,12.578616352201259,19.49685534591195,67.9245283018868,56.60377358490566,11.320754716981133
E00086001,185,70,28,42,115,86,29,37.83783783783784,15.135135135135137,22.702702702702705,62.16216216216216,46.48648648648649,15.675675675675677
E00086002,143,42,14,28,101,83,18,29.37062937062937,9.79020979020979,19.58041958041958,70.62937062937063,58.04195804195804,12.587412587412588
E00086003,172,54,23,31,118,102,16,31.3953488372093,13.372093023255813,18.023255813953487,68.6046511627907,59.30232558139535,9.30232558139535
E00086004,132,48,24,24,84,73,11,36.36363636363637,18.181818181818183,18.181818181818183,63.63636363636363,55.3030303030303,8.333333333333332
E00086005,194,89,35,54,105,89,16,45.876288659793815,18.04123711340206,27.835051546391753,54.123711340206185,45.876288659793815,8.24742268041237
E00086006,131,38,14,24,93,79,14,29.00763358778626,10.687022900763358,18.3206106870229,70.99236641221374,60.30534351145038,10.687022900763358
E00086007,206,66,33,33,140,124,16,32.038834951456316,16.019417475728158,16.019417475728158,67.96116504854369,60.19417475728155,7.766990291262135
E00086008,164,60,26,34,104,96,8,36.58536585365854,15.853658536585366,20.73170731707317,63.41463414634146,58.536585365853654,4.878048780487805
E00086009,92,32,10,22,60,50,10,34.78260869565217,10.869565217391305,23.91304347826087,65.21739130434783,54.347826086956516,10.869565217391305
E00086010,164,63,31,32,101,77,24,38.41463414634146,18.902439024390244,19.51219512195122,61.58536585365854,46.95121951219512,14.634146341463413
E00086011,176,66,31,35,110,103,7,37.5,17.613636363636363,19.886363636363637,62.5,58.52272727272727,3.977272727272727
E00086012,105,54,14,40,51,46,5,51.42857142857142,13.333333333333334,38.095238095238095,48.57142857142857,43.80952380952381,4.761904761904762
E00086013,102,44,9,35,58,53,5,43.13725490196079,8.823529411764707,34.31372549019608,56.86274509803921,51.9607843137255,4.901960784313726
E00086014,71,28,5,23,43,34,9,39.436619718309856,7.042253521126761,32.3943661971831,60.56338028169014,47.88732394366197,12.676056338028168
E00086015,66,26,9,17,40,38,2,39.39393939393939,13.636363636363635,25.757575757575758,60.60606060606061,57.57575757575758,3.0303030303030303
E00086016,139,45,12,33,94,79,15,32.37410071942446,8.633093525179856,23.741007194244602,67.62589928057554,56.83453237410072,10.79136690647482
E00086017,109,41,19,22,68,57,11,37.61467889908257,17.431192660550458,20.18348623853211,62.38532110091744,52.293577981651374,10.091743119266056
E00086018,11,4,1,3,7,6,1,36.36363636363637,9.090909090909092,27.27272727272727,63.63636363636363,54.54545454545454,9.090909090909092
E00086020,149,62,16,46,87,77,10,41.61073825503356,10.738255033557047,30.87248322147651,58.38926174496645,51.67785234899329,6.7114093959731544
E00086021,79,31,8,23,48,43,5,39.24050632911392,10.126582278481013,29.11392405063291,60.75949367088608,54.43037974683544,6.329113924050633
E00086022,84,33,7,26,51,47,4,39.285714285714285,8.333333333333332,30.952380952380953,60.71428571428571,55.952380952380956,4.761904761904762
E00086023,203,86,28,58,117,98,19,42.364532019704434,13.793103448275861,28.57142857142857,57.635467980295566,48.275862068965516,9.35960591133005
E00086024,117,48,13,35,69,65,4,41.02564102564102,11.11111111111111,29.914529914529915,58.97435897435898,55.55555555555556,3.418803418803419
E00086025,213,65,16,49,148,133,15,30.51643192488263,7.511737089201878,23.004694835680752,69.48356807511738,62.441314553990615,7.042253521126761
E00086026,47,15,8,7,32,31,1,31.914893617021278,17.02127659574468,14.893617021276595,68.08510638297872,65.95744680851064,2.127659574468085
E00086027,107,39,13,26,68,61,7,36.44859813084112,12.149532710280374,24.299065420560748,63.55140186915887,57.009345794392516,6.5420560747663545
E00086028,100,32,6,26,68,63,5,32,6,26,68,63,5
E00086029,71,27,7,20,44,34,10,38.028169014084504,9.859154929577464,28.169014084507044,61.97183098591549,47.88732394366197,14.084507042253522
E00086030,109,42,12,30,67,59,8,38.53211009174312,11.009174311926607,27.522935779816514,61.46788990825688,54.12844036697248,7.339449541284404
E00086031,117,35,7,28,82,76,6,29.914529914529915,5.982905982905983,23.931623931623932,70.08547008547008,64.95726495726495,5.128205128205128
E00086032,99,31,8,23,68,58,10,31.313131313131315,8.080808080808081,23.232323232323232,68.68686868686868,58.58585858585859,10.1010101010101
E00086033,141,62,20,42,79,66,13,43.97163120567376,14.184397163120568,29.78723404255319,56.02836879432624,46.808510638297875,9.219858156028367
E00086034,68,40,9,31,28,27,1,58.82352941176471,13.23529411764706,45.588235294117645,41.17647058823529,39.705882352941174,1.4705882352941175
E00086035,96,37,13,24,59,53,6,38.54166666666667,13.541666666666666,25,61.458333333333336,55.208333333333336,6.25
E00086036,96,45,13,32,51,43,8,46.875,13.541666666666666,33.33333333333333,53.125,44.79166666666667,8.333333333333332
E00086037,142,50,17,33,92,85,7,35.2112676056338,11.971830985915492,23.239436619718308,64.7887323943662,59.859154929577464,4.929577464788732
E00086038,39,21,7,14,18,15,3,53.84615384615385,17.94871794871795,35.8974358974359,46.15384615384615,38.46153846153847,7.6923076923076925
E00086039,112,41,14,27,71,61,10,36.607142857142854,12.5,24.107142857142858,63.39285714285714,54.46428571428571,8.928571428571429
E00086041,179,71,20,51,108,94,14,39.66480446927375,11.1731843575419,28.49162011173184,60.33519553072626,52.513966480446925,7.82122905027933
E00086042,110,47,19,28,63,51,12,42.72727272727273,17.272727272727273,25.454545454545453,57.27272727272727,46.36363636363636,10.909090909090908
E00086043,87,32,11,21,55,47,8,36.7816091954023,12.643678160919542,24.137931034482758,63.2183908045977,54.02298850574713,9.195402298850574
E00086044,131,62,20,42,69,66,3,47.32824427480916,15.267175572519085,32.06106870229007,52.67175572519084,50.38167938931297,2.2900763358778624
E00086045,57,27,9,18,30,20,10,47.368421052631575,15.789473684210526,31.57894736842105,52.63157894736842,35.08771929824561,17.543859649122805
E00086046,87,36,12,24,51,47,4,41.37931034482759,13.793103448275861,27.586206896551722,58.620689655172406,54.02298850574713,4.597701149425287
E00086047,162,74,33,41,88,76,12,45.67901234567901,20.37037037037037,25.308641975308642,54.32098765432099,46.913580246913575,7.4074074074074066
E00086048,177,58,16,42,119,99,20,32.7683615819209,9.03954802259887,23.728813559322035,67.2316384180791,55.932203389830505,11.299435028248588
E00086049,87,35,9,26,52,47,5,40.229885057471265,10.344827586206897,29.88505747126437,59.77011494252874,54.02298850574713,5.747126436781609
E00086051,81,43,15,28,38,33,5,53.086419753086425,18.51851851851852,34.5679012345679,46.913580246913575,40.74074074074074,6.172839506172839
E00086052,95,37,11,26,58,53,5,38.94736842105263,11.578947368421053,27.368421052631582,61.05263157894737,55.78947368421052,5.263157894736842
E00086054,65,33,10,23,32,32,0,50.76923076923077,15.384615384615385,35.38461538461539,49.23076923076923,49.23076923076923,0
E00086055,117,52,16,36,65,59,6,44.44444444444444,13.675213675213676,30.76923076923077,55.55555555555556,50.427350427350426,5.128205128205128
E00086056,59,16,8,8,43,38,5,27.11864406779661,13.559322033898304,13.559322033898304,72.88135593220339,64.40677966101694,8.47457627118644
E00086057,147,64,25,39,83,72,11,43.53741496598639,17.006802721088434,26.53061224489796,56.4625850340136,48.97959183673469,7.482993197278912
E00086058,97,37,12,25,60,51,9,38.144329896907216,12.371134020618557,25.773195876288657,61.855670103092784,52.57731958762887,9.278350515463918
E00086060,76,30,7,23,46,38,8,39.473684210526315,9.210526315789473,30.263157894736842,60.526315789473685,50,10.526315789473683
E00086061,185,60,18,42,125,109,16,32.432432432432435,9.72972972972973,22.702702702702705,67.56756756756756,58.91891891891892,8.64864864864865
E00086062,217,73,22,51,144,123,21,33.6405529953917,10.138248847926267,23.502304147465438,66.3594470046083,56.68202764976959,9.67741935483871
E00086063,157,37,5,32,120,108,12,23.56687898089172,3.1847133757961785,20.382165605095544,76.43312101910828,68.78980891719745,7.643312101910828
E00086064,119,34,17,17,85,71,14,28.57142857142857,14.285714285714285,14.285714285714285,71.42857142857143,59.66386554621849,11.76470588235294
E00086065,172,46,14,32,126,107,19,26.744186046511626,8.13953488372093,18.6046511627907,73.25581395348837,62.2093023255814,11.046511627906977
E00086066,138,39,9,30,99,92,7,28.26086956521739,6.521739130434782,21.73913043478261,71.73913043478261,66.66666666666666,5.072463768115942
E00086067,119,29,7,22,90,78,12,24.369747899159663,5.88235294117647,18.487394957983195,75.63025210084034,65.54621848739495,10.084033613445378
E00086068,164,63,28,35,101,91,10,38.41463414634146,17.073170731707318,21.341463414634145,61.58536585365854,55.487804878048784,6.097560975609756
E00086069,138,58,22,36,80,66,14,42.028985507246375,15.942028985507244,26.08695652173913,57.971014492753625,47.82608695652174,10.144927536231885
E00086070,177,61,16,45,116,101,15,34.463276836158194,9.03954802259887,25.423728813559322,65.5367231638418,57.06214689265536,8.47457627118644
E00086071,143,35,9,26,108,89,19,24.475524475524477,6.293706293706294,18.181818181818183,75.52447552447552,62.23776223776224,13.286713286713287
E00086072,174,57,13,44,117,98,19,32.758620689655174,7.471264367816093,25.287356321839084,67.24137931034483,56.32183908045977,10.919540229885058
E00086073,185,55,20,35,130,114,16,29.72972972972973,10.81081081081081,18.91891891891892,70.27027027027027,61.62162162162163,8.64864864864865
E00086074,164,45,16,29,119,101,18,27.439024390243905,9.75609756097561,17.682926829268293,72.5609756097561,61.58536585365854,10.975609756097562
E00086075,165,56,22,34,109,92,17,33.939393939393945,13.333333333333334,20.606060606060606,66.06060606060606,55.757575757575765,10.303030303030303
E00086076,175,53,21,32,122,107,15,30.28571428571429,12,18.285714285714285,69.71428571428572,61.142857142857146,8.571428571428571
E00086077,221,51,19,32,170,148,22,23.076923076923077,8.597285067873303,14.479638009049776,76.92307692307693,66.9683257918552,9.95475113122172
E00086078,140,37,13,24,103,91,12,26.42857142857143,9.285714285714286,17.142857142857142,73.57142857142858,65,8.571428571428571
E00086079,185,68,24,44,117,98,19,36.75675675675676,12.972972972972974,23.783783783783786,63.24324324324324,52.972972972972975,10.27027027027027
E00086080,123,42,13,29,81,64,17,34.146341463414636,10.569105691056912,23.577235772357724,65.85365853658537,52.03252032520326,13.821138211382115
E00086081,190,63,24,39,127,109,18,33.1578947368421,12.631578947368421,20.526315789473685,66.84210526315789,57.36842105263158,9.473684210526317
E00086082,173,58,17,41,115,107,8,33.52601156069364,9.826589595375722,23.699421965317917,66.47398843930635,61.849710982658955,4.624277456647398
E00086083,192,53,13,40,139,127,12,27.604166666666668,6.770833333333333,20.833333333333336,72.39583333333334,66.14583333333334,6.25
E00086084,140,34,12,22,106,85,21,24.285714285714285,8.571428571428571,15.714285714285714,75.71428571428571,60.71428571428571,15
E00086085,161,55,25,30,106,94,12,34.161490683229815,15.527950310559005,18.633540372670808,65.83850931677019,58.38509316770186,7.453416149068323
E00086086,183,62,14,48,121,105,16,33.87978142076503,7.650273224043716,26.229508196721312,66.12021857923497,57.377049180327866,8.743169398907105
E00086087,175,76,29,47,99,89,10,43.42857142857143,16.57142857142857,26.857142857142858,56.57142857142857,50.857142857142854,5.714285714285714
E00086088,159,30,3,27,129,117,12,18.867924528301888,1.8867924528301887,16.9811320754717,81.13207547169812,73.58490566037736,7.547169811320755
E00086089,193,59,29,30,134,119,15,30.569948186528496,15.025906735751295,15.544041450777202,69.43005181347151,61.6580310880829,7.772020725388601
E00086090,129,25,8,17,104,93,11,19.379844961240313,6.2015503875969,13.178294573643413,80.62015503875969,72.09302325581395,8.527131782945736
E00086091,167,38,13,25,129,119,10,22.75449101796407,7.784431137724551,14.97005988023952,77.24550898203593,71.25748502994011,5.9880239520958085
E00086092,183,57,26,31,126,111,15,31.147540983606557,14.207650273224044,16.939890710382514,68.85245901639344,60.65573770491803,8.19672131147541
E00086093,191,54,24,30,137,126,11,28.272251308900525,12.56544502617801,15.706806282722512,71.72774869109948,65.96858638743456,5.7591623036649215
E00086094,184,63,17,46,121,102,19,34.23913043478261,9.239130434782608,25,65.76086956521739,55.434782608695656,10.326086956521738
E00086095,167,53,16,37,114,95,19,31.736526946107784,9.580838323353294,22.15568862275449,68.26347305389223,56.886227544910184,11.377245508982035
E00086096,153,49,13,36,104,96,8,32.02614379084967,8.49673202614379,23.52941176470588,67.97385620915033,62.745098039215684,5.228758169934641
E00086097,160,48,15,33,112,102,10,30,9.375,20.625,70,63.74999999999999,6.25
E00086098,151,42,9,33,109,93,16,27.81456953642384,5.960264900662252,21.85430463576159,72.18543046357617,61.58940397350994,10.596026490066226
E00086099,170,47,19,28,123,111,12,27.647058823529413,11.176470588235295,16.470588235294116,72.35294117647058,65.29411764705883,7.0588235294117645
E00086100,169,58,15,43,111,95,16,34.319526627218934,8.875739644970414,25.443786982248522,65.68047337278107,56.213017751479285,9.467455621301776
E00086101,179,46,16,30,133,110,23,25.69832402234637,8.938547486033519,16.75977653631285,74.30167597765363,61.452513966480446,12.849162011173185
E00086102,162,41,8,33,121,101,20,25.308641975308642,4.938271604938271,20.37037037037037,74.69135802469135,62.34567901234568,12.345679012345679
E00086103,151,45,18,27,106,88,18,29.80132450331126,11.920529801324504,17.880794701986755,70.19867549668875,58.27814569536424,11.920529801324504
E00086104,140,44,10,34,96,88,8,31.428571428571427,7.142857142857142,24.285714285714285,68.57142857142857,62.857142857142854,5.714285714285714
E00086105,189,68,30,38,121,103,18,35.978835978835974,15.873015873015872,20.105820105820104,64.02116402116403,54.4973544973545,9.523809523809524
E00086106,92,35,8,27,57,47,10,38.04347826086957,8.695652173913043,29.347826086956523,61.95652173913043,51.08695652173913,10.869565217391305
E00086107,158,51,21,30,107,95,12,32.278481012658226,13.291139240506327,18.9873417721519,67.72151898734177,60.12658227848101,7.59493670886076
E00086108,160,59,12,47,101,96,5,36.875,7.5,29.375,63.125,60,3.125
E00086109,91,33,9,24,58,40,18,36.26373626373626,9.89010989010989,26.373626373626376,63.73626373626373,43.956043956043956,19.78021978021978
E00086110,209,60,22,38,149,143,6,28.708133971291865,10.526315789473683,18.181818181818183,71.29186602870813,68.42105263157895,2.8708133971291865
E00086111,165,54,10,44,111,106,5,32.72727272727273,6.0606060606060606,26.666666666666668,67.27272727272727,64.24242424242425,3.0303030303030303
E00086112,145,48,13,35,97,87,10,33.10344827586207,8.96551724137931,24.137931034482758,66.89655172413794,60,6.896551724137931
E00086113,146,45,16,29,101,92,9,30.82191780821918,10.95890410958904,19.863013698630137,69.17808219178082,63.013698630136986,6.164383561643835
E00086114,238,81,22,59,157,125,32,34.03361344537815,9.243697478991598,24.789915966386555,65.96638655462185,52.52100840336135,13.445378151260504
E00086115,172,47,19,28,125,101,24,27.325581395348834,11.046511627906977,16.27906976744186,72.67441860465115,58.720930232558146,13.953488372093023
E00086116,126,33,12,21,93,89,4,26.190476190476193,9.523809523809524,16.666666666666664,73.80952380952381,70.63492063492063,3.1746031746031744
E00086117,131,53,19,34,78,68,10,40.458015267175576,14.50381679389313,25.954198473282442,59.541984732824424,51.908396946564885,7.633587786259542
E00086118,118,30,7,23,88,77,11,25.423728813559322,5.932203389830509,19.491525423728813,74.57627118644068,65.2542372881356,9.322033898305085
E00086119,159,41,11,30,118,99,19,25.78616352201258,6.918238993710692,18.867924528301888,74.21383647798741,62.264150943396224,11.949685534591195
E00086120,207,67,16,51,140,125,15,32.367149758454104,7.729468599033816,24.637681159420293,67.6328502415459,60.38647342995169,7.246376811594203
E00086121,168,48,16,32,120,110,10,28.57142857142857,9.523809523809524,19.047619047619047,71.42857142857143,65.47619047619048,5.952380952380952
E00086122,89,34,19,15,55,39,16,38.20224719101123,21.34831460674157,16.853932584269664,61.79775280898876,43.82022471910113,17.97752808988764
E00086123,172,58,21,37,114,103,11,33.72093023255814,12.209302325581394,21.511627906976745,66.27906976744185,59.883720930232556,6.395348837209303
E00086124,124,35,10,25,89,83,6,28.225806451612907,8.064516129032258,20.161290322580644,71.7741935483871,66.93548387096774,4.838709677419355
E00086125,121,46,17,29,75,65,10,38.01652892561984,14.049586776859504,23.96694214876033,61.98347107438017,53.71900826446281,8.264462809917356
E00086127,171,53,14,39,118,92,26,30.994152046783626,8.187134502923977,22.807017543859647,69.00584795321637,53.80116959064327,15.204678362573098
E00086128,211,67,20,47,144,127,17,31.753554502369667,9.47867298578199,22.274881516587676,68.24644549763033,60.18957345971564,8.056872037914692
E00086129,213,70,21,49,143,127,16,32.863849765258216,9.859154929577464,23.004694835680752,67.13615023474179,59.624413145539904,7.511737089201878
E00086130,166,46,14,32,120,103,17,27.710843373493976,8.433734939759036,19.27710843373494,72.28915662650603,62.048192771084345,10.240963855421686
E00086131,180,57,15,42,123,105,18,31.666666666666664,8.333333333333332,23.333333333333332,68.33333333333333,58.333333333333336,10
E00086132,145,48,12,36,97,86,11,33.10344827586207,8.275862068965518,24.82758620689655,66.89655172413794,59.310344827586206,7.586206896551724
E00086133,138,46,15,31,92,85,7,33.33333333333333,10.869565217391305,22.463768115942027,66.66666666666666,61.59420289855072,5.072463768115942
E00086134,181,50,11,39,131,108,23,27.624309392265197,6.077348066298343,21.54696132596685,72.37569060773481,59.66850828729282,12.70718232044199
E00086135,181,54,21,33,127,105,22,29.83425414364641,11.602209944751381,18.23204419889503,70.1657458563536,58.011049723756905,12.154696132596685
E00086136,147,43,14,29,104,94,10,29.25170068027211,9.523809523809524,19.727891156462583,70.74829931972789,63.94557823129252,6.802721088435375
E00086137,175,49,19,30,126,111,15,28.000000000000004,10.857142857142858,17.142857142857142,72,63.42857142857142,8.571428571428571
E00086138,90,29,5,24,61,56,5,32.22222222222222,5.555555555555555,26.666666666666668,67.77777777777779,62.22222222222222,5.555555555555555
E00086139,171,46,11,35,125,106,19,26.900584795321635,6.432748538011696,20.46783625730994,73.09941520467837,61.98830409356725,11.11111111111111
E00086140,144,42,8,34,102,87,15,29.166666666666668,5.555555555555555,23.61111111111111,70.83333333333334,60.416666666666664,10.416666666666668
E00086142,121,41,12,29,80,72,8,33.88429752066116,9.917355371900827,23.96694214876033,66.11570247933885,59.50413223140496,6.6115702479338845
E00086143,139,32,15,17,107,99,8,23.021582733812952,10.79136690647482,12.23021582733813,76.97841726618705,71.22302158273382,5.755395683453238
E00086144,123,39,11,28,84,75,9,31.70731707317073,8.94308943089431,22.76422764227642,68.29268292682927,60.97560975609756,7.317073170731707
E00086145,126,32,11,21,94,73,21,25.396825396825395,8.73015873015873,16.666666666666664,74.60317460317461,57.936507936507944,16.666666666666664
E00086146,171,56,17,39,115,92,23,32.748538011695906,9.941520467836257,22.807017543859647,67.2514619883041,53.80116959064327,13.450292397660817
E00086147,157,49,17,32,108,98,10,31.210191082802545,10.828025477707007,20.382165605095544,68.78980891719745,62.42038216560509,6.369426751592357
E00086148,161,47,17,30,114,99,15,29.19254658385093,10.559006211180124,18.633540372670808,70.80745341614907,61.49068322981367,9.316770186335404
E00086149,147,50,18,32,97,84,13,34.01360544217687,12.244897959183673,21.768707482993197,65.98639455782312,57.14285714285714,8.843537414965986
E00086150,181,60,15,45,121,101,20,33.14917127071823,8.287292817679557,24.861878453038674,66.85082872928176,55.80110497237569,11.049723756906078
E00086151,176,43,14,29,133,118,15,24.431818181818183,7.954545454545454,16.477272727272727,75.56818181818183,67.04545454545455,8.522727272727272
E00086152,189,59,19,40,130,114,16,31.216931216931215,10.052910052910052,21.164021164021165,68.78306878306879,60.317460317460316,8.465608465608465
E00086153,189,53,18,35,136,122,14,28.04232804232804,9.523809523809524,18.51851851851852,71.95767195767195,64.55026455026454,7.4074074074074066
E00086154,189,72,21,51,117,103,14,38.095238095238095,11.11111111111111,26.984126984126984,61.904761904761905,54.4973544973545,7.4074074074074066
E00086155,178,57,23,34,121,105,16,32.02247191011236,12.921348314606742,19.101123595505616,67.97752808988764,58.98876404494382,8.98876404494382
E00086156,144,42,19,23,102,88,14,29.166666666666668,13.194444444444445,15.972222222222221,70.83333333333334,61.111111111111114,9.722222222222223
E00086157,313,85,20,65,228,205,23,27.15654952076677,6.3897763578274756,20.766773162939298,72.84345047923323,65.49520766773162,7.348242811501597
E00086158,173,60,19,41,113,100,13,34.68208092485549,10.982658959537572,23.699421965317917,65.3179190751445,57.80346820809249,7.514450867052023
E00086159,212,35,11,24,177,131,46,16.50943396226415,5.188679245283019,11.320754716981133,83.49056603773585,61.79245283018868,21.69811320754717
E00086160,187,46,14,32,141,119,22,24.598930481283425,7.4866310160427805,17.11229946524064,75.40106951871658,63.63636363636363,11.76470588235294
E00086161,148,44,19,25,104,84,20,29.72972972972973,12.837837837837837,16.89189189189189,70.27027027027027,56.75675675675676,13.513513513513514
E00086162,143,48,15,33,95,78,17,33.56643356643357,10.48951048951049,23.076923076923077,66.43356643356644,54.54545454545454,11.888111888111888
E00086163,186,67,20,47,119,97,22,36.02150537634409,10.75268817204301,25.268817204301076,63.97849462365591,52.1505376344086,11.827956989247312
E00086164,185,59,27,32,126,88,38,31.891891891891895,14.594594594594595,17.2972972972973,68.10810810810811,47.56756756756757,20.54054054054054
E00086165,176,59,22,37,117,96,21,33.52272727272727,12.5,21.022727272727273,66.47727272727273,54.54545454545454,11.931818181818182
E00086166,157,56,13,43,101,83,18,35.6687898089172,8.280254777070063,27.388535031847134,64.3312101910828,52.86624203821656,11.464968152866243
E00086167,198,62,20,42,136,104,32,31.313131313131315,10.1010101010101,21.21212121212121,68.68686868686868,52.52525252525253,16.161616161616163
E00086168,150,47,17,30,103,88,15,31.333333333333336,11.333333333333332,20,68.66666666666667,58.666666666666664,10
E00086170,150,37,13,24,113,94,19,24.666666666666668,8.666666666666668,16,75.33333333333333,62.66666666666667,12.666666666666668
E00086171,121,36,11,25,85,74,11,29.75206611570248,9.090909090909092,20.66115702479339,70.24793388429752,61.15702479338842,9.090909090909092
E00086172,161,53,23,30,108,88,20,32.91925465838509,14.285714285714285,18.633540372670808,67.08074534161491,54.6583850931677,12.422360248447205
E00086173,176,51,20,31,125,100,25,28.97727272727273,11.363636363636363,17.613636363636363,71.02272727272727,56.81818181818182,14.204545454545455
E00086174,136,42,17,25,94,72,22,30.88235294117647,12.5,18.38235294117647,69.11764705882352,52.94117647058824,16.176470588235293
E00086175,166,54,24,30,112,92,20,32.53012048192771,14.457831325301203,18.072289156626507,67.46987951807229,55.42168674698795,12.048192771084338
E00086176,146,37,13,24,109,91,18,25.34246575342466,8.904109589041095,16.43835616438356,74.65753424657534,62.328767123287676,12.32876712328767
E00086177,175,31,11,20,144,124,20,17.71428571428571,6.2857142857142865,11.428571428571429,82.28571428571428,70.85714285714285,11.428571428571429
E00086178,131,50,18,32,81,64,17,38.16793893129771,13.740458015267176,24.427480916030532,61.832061068702295,48.854961832061065,12.977099236641221
E00086179,134,49,28,21,85,67,18,36.56716417910448,20.8955223880597,15.671641791044777,63.43283582089553,50,13.432835820895523
E00086180,174,63,19,44,111,92,19,36.206896551724135,10.919540229885058,25.287356321839084,63.793103448275865,52.87356321839081,10.919540229885058
E00086181,155,64,21,43,91,75,16,41.29032258064516,13.548387096774196,27.741935483870968,58.70967741935483,48.38709677419355,10.32258064516129
E00086182,143,47,13,34,96,79,17,32.86713286713287,9.090909090909092,23.776223776223777,67.13286713286713,55.24475524475524,11.888111888111888
E00086183,169,54,18,36,115,102,13,31.952662721893493,10.650887573964498,21.301775147928996,68.04733727810651,60.35502958579882,7.6923076923076925
E00086184,285,71,22,49,214,191,23,24.912280701754387,7.719298245614035,17.192982456140353,75.08771929824562,67.01754385964912,8.070175438596491
E00086185,190,53,14,39,137,101,36,27.89473684210526,7.368421052631578,20.526315789473685,72.10526315789474,53.1578947368421,18.947368421052634
E00086186,238,67,26,41,171,134,37,28.15126050420168,10.92436974789916,17.22689075630252,71.84873949579831,56.30252100840336,15.546218487394958
E00086187,113,32,14,18,81,73,8,28.31858407079646,12.389380530973451,15.929203539823009,71.68141592920354,64.60176991150442,7.079646017699115
E00086188,98,31,8,23,67,57,10,31.63265306122449,8.16326530612245,23.46938775510204,68.36734693877551,58.16326530612245,10.204081632653061
E00086189,148,51,21,30,97,78,19,34.45945945945946,14.18918918918919,20.27027027027027,65.54054054054053,52.702702702702695,12.837837837837837
E00086190,144,38,7,31,106,99,7,26.38888888888889,4.861111111111112,21.52777777777778,73.61111111111111,68.75,4.861111111111112
E00086191,113,45,20,25,68,58,10,39.823008849557525,17.699115044247787,22.123893805309734,60.17699115044248,51.32743362831859,8.849557522123893
E00086192,130,38,18,20,92,77,15,29.230769230769234,13.846153846153847,15.384615384615385,70.76923076923077,59.23076923076923,11.538461538461538
E00086193,149,36,11,25,113,91,22,24.161073825503358,7.38255033557047,16.778523489932887,75.83892617449665,61.07382550335571,14.76510067114094
E00086194,161,38,13,25,123,105,18,23.60248447204969,8.074534161490684,15.527950310559005,76.3975155279503,65.21739130434783,11.180124223602485
E00086195,146,46,21,25,100,82,18,31.506849315068493,14.383561643835616,17.123287671232877,68.4931506849315,56.16438356164384,12.32876712328767
E00086196,93,28,12,16,65,54,11,30.107526881720432,12.903225806451612,17.20430107526882,69.89247311827957,58.06451612903226,11.827956989247312
E00086197,129,38,12,26,91,82,9,29.457364341085274,9.30232558139535,20.155038759689923,70.54263565891473,63.565891472868216,6.976744186046512
E00086198,146,39,13,26,107,95,12,26.71232876712329,8.904109589041095,17.80821917808219,73.28767123287672,65.06849315068493,8.21917808219178
E00086199,142,31,9,22,111,97,14,21.830985915492956,6.338028169014084,15.492957746478872,78.16901408450704,68.30985915492957,9.859154929577464
E00086200,133,33,10,23,100,77,23,24.81203007518797,7.518796992481203,17.293233082706767,75.18796992481202,57.89473684210527,17.293233082706767
E00086201,181,54,26,28,127,112,15,29.83425414364641,14.3646408839779,15.469613259668508,70.1657458563536,61.87845303867403,8.287292817679557
E00086202,163,54,16,38,109,82,27,33.12883435582822,9.815950920245399,23.31288343558282,66.87116564417178,50.306748466257666,16.56441717791411
E00086203,151,45,23,22,106,80,26,29.80132450331126,15.2317880794702,14.56953642384106,70.19867549668875,52.980132450331126,17.218543046357617
E00086204,102,26,11,15,76,59,17,25.49019607843137,10.784313725490197,14.705882352941178,74.50980392156863,57.84313725490197,16.666666666666664
E00086205,104,23,8,15,81,70,11,22.115384615384613,7.6923076923076925,14.423076923076922,77.88461538461539,67.3076923076923,10.576923076923077
E00086206,164,40,14,26,124,102,22,24.390243902439025,8.536585365853659,15.853658536585366,75.60975609756098,62.19512195121951,13.414634146341465
E00086207,143,34,8,26,109,93,16,23.776223776223777,5.594405594405594,18.181818181818183,76.22377622377621,65.03496503496503,11.188811188811188
E00086208,128,39,14,25,89,75,14,30.46875,10.9375,19.53125,69.53125,58.59375,10.9375
E00086209,178,46,14,32,132,113,19,25.842696629213485,7.865168539325842,17.97752808988764,74.15730337078652,63.48314606741573,10.674157303370785
E00086210,153,43,15,28,110,99,11,28.104575163398692,9.803921568627452,18.30065359477124,71.89542483660131,64.70588235294117,7.18954248366013
E00086211,175,49,19,30,126,103,23,28.000000000000004,10.857142857142858,17.142857142857142,72,58.857142857142854,13.142857142857142
E00086212,107,28,12,16,79,70,9,26.168224299065418,11.214953271028037,14.953271028037381,73.83177570093457,65.42056074766354,8.411214953271028
E00086213,191,72,37,35,119,105,14,37.696335078534034,19.3717277486911,18.32460732984293,62.30366492146597,54.973821989528794,7.329842931937172
E00086214,172,59,21,38,113,97,16,34.30232558139535,12.209302325581394,22.093023255813954,65.69767441860465,56.395348837209305,9.30232558139535
E00086215,133,35,14,21,98,82,16,26.31578947368421,10.526315789473683,15.789473684210526,73.68421052631578,61.65413533834586,12.030075187969924
E00086216,157,47,17,30,110,92,18,29.936305732484076,10.828025477707007,19.10828025477707,70.06369426751591,58.59872611464968,11.464968152866243
E00086217,177,48,20,28,129,102,27,27.11864406779661,11.299435028248588,15.819209039548024,72.88135593220339,57.6271186440678,15.254237288135593
E00086218,148,37,17,20,111,89,22,25,11.486486486486488,13.513513513513514,75,60.13513513513513,14.864864864864865
E00086219,151,35,7,28,116,90,26,23.178807947019866,4.635761589403973,18.543046357615893,76.82119205298014,59.60264900662252,17.218543046357617
E00086220,121,34,14,20,87,81,6,28.09917355371901,11.570247933884298,16.528925619834713,71.900826446281,66.94214876033058,4.958677685950414
E00086221,53,16,5,11,37,30,7,30.18867924528302,9.433962264150944,20.754716981132077,69.81132075471697,56.60377358490566,13.20754716981132
E00086222,88,20,14,6,68,45,23,22.727272727272727,15.909090909090908,6.8181818181818175,77.27272727272727,51.13636363636363,26.136363636363637
E00086223,141,48,23,25,93,79,14,34.04255319148936,16.312056737588655,17.73049645390071,65.95744680851064,56.02836879432624,9.929078014184398
E00086224,173,56,21,35,117,95,22,32.369942196531795,12.138728323699421,20.23121387283237,67.63005780346822,54.91329479768786,12.716763005780345
E00086225,153,51,29,22,102,89,13,33.33333333333333,18.954248366013072,14.37908496732026,66.66666666666666,58.16993464052288,8.49673202614379
E00086227,113,24,8,16,89,80,9,21.238938053097346,7.079646017699115,14.15929203539823,78.76106194690266,70.79646017699115,7.964601769911504
E00086228,100,25,8,17,75,63,12,25,8,17,75,63,12
E00086229,204,53,19,34,151,133,18,25.98039215686275,9.313725490196079,16.666666666666664,74.01960784313727,65.19607843137256,8.823529411764707
E00086230,227,65,14,51,162,143,19,28.634361233480178,6.167400881057269,22.46696035242291,71.36563876651982,62.99559471365639,8.370044052863436
E00086231,182,49,15,34,133,115,18,26.923076923076923,8.241758241758241,18.681318681318682,73.07692307692307,63.18681318681318,9.89010989010989
E00086232,181,57,16,41,124,113,11,31.491712707182316,8.83977900552486,22.65193370165746,68.50828729281768,62.430939226519335,6.077348066298343
E00086233,185,54,22,32,131,115,16,29.18918918918919,11.891891891891893,17.2972972972973,70.8108108108108,62.16216216216216,8.64864864864865
E00086234,147,40,10,30,107,95,12,27.2108843537415,6.802721088435375,20.408163265306122,72.78911564625851,64.62585034013605,8.16326530612245
E00086235,173,48,15,33,125,108,17,27.74566473988439,8.670520231213873,19.07514450867052,72.25433526011561,62.42774566473989,9.826589595375722
E00086236,165,67,25,42,98,86,12,40.60606060606061,15.151515151515152,25.454545454545453,59.3939393939394,52.121212121212125,7.2727272727272725
E00086237,199,65,21,44,134,117,17,32.663316582914575,10.552763819095476,22.110552763819097,67.33668341708542,58.79396984924623,8.542713567839195
E00086238,172,66,18,48,106,90,16,38.372093023255815,10.465116279069768,27.906976744186046,61.627906976744185,52.32558139534884,9.30232558139535
E00086239,187,58,19,39,129,110,19,31.016042780748666,10.16042780748663,20.855614973262032,68.98395721925134,58.82352941176471,10.16042780748663
E00086240,143,55,21,34,88,79,9,38.46153846153847,14.685314685314685,23.776223776223777,61.53846153846154,55.24475524475524,6.293706293706294
E00086241,142,46,10,36,96,83,13,32.3943661971831,7.042253521126761,25.352112676056336,67.6056338028169,58.45070422535211,9.15492957746479
E00086242,149,46,17,29,103,83,20,30.87248322147651,11.409395973154362,19.463087248322147,69.12751677852349,55.70469798657718,13.422818791946309
E00086243,173,45,14,31,128,108,20,26.011560693641616,8.092485549132949,17.91907514450867,73.98843930635837,62.42774566473989,11.560693641618498
E00086244,77,23,12,11,54,45,9,29.87012987012987,15.584415584415584,14.285714285714285,70.12987012987013,58.44155844155844,11.688311688311687
E00086245,134,37,12,25,97,84,13,27.611940298507463,8.955223880597014,18.65671641791045,72.38805970149254,62.68656716417911,9.701492537313433
E00086246,146,44,14,30,102,87,15,30.136986301369863,9.58904109589041,20.54794520547945,69.86301369863014,59.589041095890416,10.273972602739725
E00086247,156,49,14,35,107,96,11,31.41025641025641,8.974358974358974,22.435897435897438,68.58974358974359,61.53846153846154,7.051282051282051
E00086248,125,47,16,31,78,64,14,37.6,12.8,24.8,62.4,51.2,11.200000000000001
E00086249,168,42,9,33,126,115,11,25,5.357142857142857,19.642857142857142,75,68.45238095238095,6.547619047619048
E00086250,141,36,13,23,105,96,9,25.53191489361702,9.219858156028367,16.312056737588655,74.46808510638297,68.08510638297872,6.382978723404255
E00086251,71,25,6,19,46,40,6,35.2112676056338,8.450704225352112,26.76056338028169,64.7887323943662,56.33802816901409,8.450704225352112
E00086252,134,37,10,27,97,87,10,27.611940298507463,7.462686567164178,20.149253731343283,72.38805970149254,64.92537313432835,7.462686567164178
E00086253,153,49,11,38,104,92,12,32.02614379084967,7.18954248366013,24.836601307189543,67.97385620915033,60.130718954248366,7.8431372549019605
E00086254,184,56,23,33,128,117,11,30.434782608695656,12.5,17.934782608695652,69.56521739130434,63.58695652173913,5.978260869565218
E00086255,113,42,11,31,71,58,13,37.16814159292036,9.734513274336283,27.43362831858407,62.83185840707964,51.32743362831859,11.504424778761061
E00086256,166,63,29,34,103,93,10,37.95180722891566,17.46987951807229,20.481927710843372,62.048192771084345,56.024096385542165,6.024096385542169
E00086257,135,40,14,26,95,84,11,29.629629629629626,10.37037037037037,19.25925925925926,70.37037037037037,62.22222222222222,8.148148148148149
E00086258,132,34,8,26,98,86,12,25.757575757575758,6.0606060606060606,19.696969696969695,74.24242424242425,65.15151515151516,9.090909090909092
E00086259,139,31,10,21,108,98,10,22.302158273381295,7.1942446043165464,15.107913669064748,77.6978417266187,70.50359712230215,7.1942446043165464
E00086260,106,45,15,30,61,53,8,42.45283018867924,14.150943396226415,28.30188679245283,57.54716981132076,50,7.547169811320755
E00086261,206,65,23,42,141,126,15,31.55339805825243,11.165048543689322,20.388349514563107,68.44660194174757,61.165048543689316,7.281553398058252
E00086262,197,57,22,35,140,123,17,28.934010152284262,11.16751269035533,17.766497461928935,71.06598984771574,62.43654822335025,8.629441624365482
E00086263,168,52,18,34,116,99,17,30.952380952380953,10.714285714285714,20.238095238095237,69.04761904761905,58.92857142857143,10.119047619047619
E00086264,126,53,22,31,73,69,4,42.06349206349206,17.46031746031746,24.6031746031746,57.936507936507944,54.761904761904766,3.1746031746031744
E00086265,243,77,25,52,166,147,19,31.68724279835391,10.2880658436214,21.39917695473251,68.3127572016461,60.49382716049383,7.818930041152264
E00086266,199,59,15,44,140,123,17,29.64824120603015,7.537688442211055,22.110552763819097,70.35175879396985,61.80904522613066,8.542713567839195
E00086267,174,48,15,33,126,101,25,27.586206896551722,8.620689655172415,18.96551724137931,72.41379310344827,58.04597701149425,14.367816091954023
E00086268,147,38,14,24,109,92,17,25.850340136054424,9.523809523809524,16.3265306122449,74.14965986394559,62.585034013605444,11.564625850340136
E00086269,132,41,14,27,91,83,8,31.060606060606062,10.606060606060606,20.454545454545457,68.93939393939394,62.878787878787875,6.0606060606060606
E00086270,169,51,12,39,118,100,18,30.17751479289941,7.100591715976331,23.076923076923077,69.8224852071006,59.171597633136095,10.650887573964498
E00086271,164,44,14,30,120,108,12,26.82926829268293,8.536585365853659,18.29268292682927,73.17073170731707,65.85365853658537,7.317073170731707
E00086272,145,37,10,27,108,92,16,25.517241379310345,6.896551724137931,18.620689655172416,74.48275862068967,63.44827586206897,11.03448275862069
E00086273,186,37,10,27,149,139,10,19.892473118279568,5.376344086021505,14.516129032258066,80.10752688172043,74.73118279569893,5.376344086021505
E00086274,170,42,13,29,128,111,17,24.705882352941178,7.647058823529412,17.058823529411764,75.29411764705883,65.29411764705883,10
E00086275,200,60,12,48,140,126,14,30,6,24,70,63,7.000000000000001
E00086276,180,55,12,43,125,104,21,30.555555555555557,6.666666666666667,23.88888888888889,69.44444444444444,57.77777777777777,11.666666666666666
E00086277,214,75,27,48,139,120,19,35.046728971962615,12.616822429906541,22.429906542056074,64.95327102803739,56.074766355140184,8.878504672897195
E00086278,283,55,12,43,228,174,54,19.434628975265017,4.240282685512367,15.19434628975265,80.56537102473497,61.48409893992933,19.081272084805654
E00086279,162,39,12,27,123,104,19,24.074074074074073,7.4074074074074066,16.666666666666664,75.92592592592592,64.19753086419753,11.728395061728394
E00086280,135,36,13,23,99,90,9,26.666666666666668,9.62962962962963,17.037037037037038,73.33333333333333,66.66666666666666,6.666666666666667
E00086281,189,56,17,39,133,109,24,29.629629629629626,8.994708994708994,20.634920634920633,70.37037037037037,57.67195767195767,12.698412698412698
E00086282,167,55,16,39,112,97,15,32.93413173652694,9.580838323353294,23.353293413173652,67.06586826347305,58.08383233532935,8.982035928143713
E00086283,170,53,19,34,117,106,11,31.176470588235293,11.176470588235295,20,68.82352941176471,62.35294117647059,6.470588235294119
E00086284,130,27,9,18,103,93,10,20.76923076923077,6.923076923076923,13.846153846153847,79.23076923076923,71.53846153846153,7.6923076923076925
E00086285,146,33,12,21,113,95,18,22.602739726027394,8.21917808219178,14.383561643835616,77.3972602739726,65.06849315068493,12.32876712328767
E00086286,159,56,21,35,103,91,12,35.22012578616352,13.20754716981132,22.0125786163522,64.77987421383648,57.23270440251572,7.547169811320755
E00086287,190,44,15,29,146,132,14,23.157894736842106,7.894736842105263,15.263157894736842,76.84210526315789,69.47368421052632,7.368421052631578
E00086288,239,53,10,43,186,151,35,22.17573221757322,4.184100418410042,17.99163179916318,77.82426778242679,63.17991631799163,14.644351464435147
E00086289,201,71,21,50,130,116,14,35.32338308457712,10.44776119402985,24.875621890547265,64.6766169154229,57.711442786069654,6.965174129353234
E00086290,189,58,26,32,131,113,18,30.687830687830687,13.756613756613756,16.93121693121693,69.31216931216932,59.78835978835979,9.523809523809524
E00086291,168,65,23,42,103,91,12,38.69047619047619,13.690476190476192,25,61.30952380952381,54.166666666666664,7.142857142857142
E00086292,213,66,26,40,147,121,26,30.985915492957744,12.206572769953052,18.779342723004692,69.01408450704226,56.8075117370892,12.206572769953052
E00086293,281,73,17,56,208,180,28,25.97864768683274,6.049822064056939,19.9288256227758,74.02135231316726,64.05693950177937,9.9644128113879
E00086294,165,58,15,43,107,91,16,35.15151515151515,9.090909090909092,26.060606060606062,64.84848484848484,55.15151515151515,9.696969696969697
E00086295,189,52,15,37,137,114,23,27.513227513227513,7.936507936507936,19.576719576719576,72.4867724867725,60.317460317460316,12.16931216931217
E00086296,86,39,17,22,47,42,5,45.348837209302324,19.767441860465116,25.581395348837212,54.65116279069767,48.837209302325576,5.813953488372093
E00086297,117,42,7,35,75,56,19,35.8974358974359,5.982905982905983,29.914529914529915,64.1025641025641,47.863247863247864,16.23931623931624
E00086298,165,35,9,26,130,112,18,21.21212121212121,5.454545454545454,15.757575757575756,78.78787878787878,67.87878787878789,10.909090909090908
E00086299,92,24,10,14,68,62,6,26.08695652173913,10.869565217391305,15.217391304347828,73.91304347826086,67.3913043478261,6.521739130434782
E00086300,254,68,18,50,186,154,32,26.77165354330709,7.086614173228346,19.68503937007874,73.22834645669292,60.629921259842526,12.598425196850393
E00086301,53,19,8,11,34,25,9,35.84905660377358,15.09433962264151,20.754716981132077,64.15094339622641,47.16981132075472,16.9811320754717
E00086302,135,44,12,32,91,77,14,32.592592592592595,8.88888888888889,23.703703703703706,67.4074074074074,57.03703703703704,10.37037037037037
E00086303,173,55,19,36,118,103,15,31.79190751445087,10.982658959537572,20.809248554913296,68.20809248554913,59.53757225433526,8.670520231213873
E00086304,134,42,10,32,92,77,15,31.343283582089555,7.462686567164178,23.88059701492537,68.65671641791045,57.46268656716418,11.194029850746269
E00086305,150,45,18,27,105,88,17,30,12,18,70,58.666666666666664,11.333333333333332
E00086306,128,40,11,29,88,71,17,31.25,8.59375,22.65625,68.75,55.46875,13.28125
E00086307,130,31,10,21,99,89,10,23.846153846153847,7.6923076923076925,16.153846153846153,76.15384615384615,68.46153846153847,7.6923076923076925
E00086308,151,36,10,26,115,100,15,23.841059602649008,6.622516556291391,17.218543046357617,76.15894039735099,66.22516556291392,9.933774834437086
E00086309,110,34,14,20,76,66,10,30.909090909090907,12.727272727272727,18.181818181818183,69.0909090909091,60,9.090909090909092
E00086310,178,56,21,35,122,109,13,31.46067415730337,11.797752808988763,19.662921348314608,68.53932584269663,61.23595505617978,7.303370786516854
E00086311,200,44,14,30,156,131,25,22,7.000000000000001,15,78,65.5,12.5
E00086312,186,55,23,32,131,114,17,29.56989247311828,12.365591397849462,17.20430107526882,70.43010752688173,61.29032258064516,9.13978494623656
E00086313,149,45,21,24,104,93,11,30.201342281879196,14.093959731543624,16.10738255033557,69.79865771812081,62.41610738255034,7.38255033557047
E00086314,161,46,18,28,115,100,15,28.57142857142857,11.180124223602485,17.391304347826086,71.42857142857143,62.11180124223602,9.316770186335404
E00086315,159,58,17,41,101,89,12,36.477987421383645,10.69182389937107,25.78616352201258,63.52201257861635,55.9748427672956,7.547169811320755
E00086316,160,56,20,36,104,94,10,35,12.5,22.5,65,58.75,6.25
E00086317,237,86,26,60,151,129,22,36.28691983122363,10.970464135021098,25.31645569620253,63.71308016877637,54.43037974683544,9.282700421940929
E00086318,95,19,6,13,76,73,3,20,6.315789473684211,13.684210526315791,80,76.84210526315789,3.1578947368421053
E00086319,181,53,17,36,128,115,13,29.2817679558011,9.392265193370166,19.88950276243094,70.71823204419888,63.53591160220995,7.18232044198895
E00086320,173,59,18,41,114,104,10,34.104046242774565,10.404624277456648,23.699421965317917,65.89595375722543,60.115606936416185,5.780346820809249
E00086321,200,56,14,42,144,125,19,28.000000000000004,7.000000000000001,21,72,62.5,9.5
E00086322,209,70,23,47,139,115,24,33.49282296650718,11.004784688995215,22.48803827751196,66.50717703349282,55.02392344497608,11.483253588516746
E00086323,158,57,15,42,101,85,16,36.075949367088604,9.49367088607595,26.582278481012654,63.92405063291139,53.79746835443038,10.126582278481013
E00086324,133,39,14,25,94,77,17,29.32330827067669,10.526315789473683,18.796992481203006,70.67669172932331,57.89473684210527,12.781954887218044
E00086325,172,49,13,36,123,112,11,28.488372093023255,7.55813953488372,20.930232558139537,71.51162790697676,65.11627906976744,6.395348837209303
E00086326,118,30,10,20,88,78,10,25.423728813559322,8.47457627118644,16.94915254237288,74.57627118644068,66.10169491525424,8.47457627118644
E00086327,98,38,11,27,60,54,6,38.775510204081634,11.224489795918368,27.55102040816326,61.224489795918366,55.10204081632652,6.122448979591836
E00086328,147,57,19,38,90,68,22,38.775510204081634,12.925170068027212,25.850340136054424,61.224489795918366,46.25850340136054,14.965986394557824
E00086329,169,49,14,35,120,100,20,28.994082840236686,8.284023668639055,20.710059171597635,71.00591715976331,59.171597633136095,11.834319526627219
E00086332,140,47,25,22,93,85,8,33.57142857142857,17.857142857142858,15.714285714285714,66.42857142857143,60.71428571428571,5.714285714285714
E00086333,151,51,14,37,100,91,9,33.77483443708609,9.271523178807946,24.503311258278146,66.22516556291392,60.264900662251655,5.960264900662252
E00086334,180,55,19,36,125,105,20,30.555555555555557,10.555555555555555,20,69.44444444444444,58.333333333333336,11.11111111111111
E00086335,152,43,15,28,109,98,11,28.289473684210524,9.868421052631579,18.421052631578945,71.71052631578947,64.47368421052632,7.236842105263158
E00086336,160,51,14,37,109,90,19,31.874999999999996,8.75,23.125,68.125,56.25,11.875
E00086337,153,35,14,21,118,113,5,22.875816993464053,9.15032679738562,13.725490196078432,77.12418300653596,73.8562091503268,3.2679738562091507
E00086338,187,63,20,43,124,109,15,33.68983957219251,10.695187165775401,22.994652406417114,66.31016042780749,58.288770053475936,8.0213903743315509
E00086339,162,46,18,28,116,106,10,28.39506172839506,11.11111111111111,17.28395061728395,71.60493827160494,65.4320987654321,6.172839506172839
E00086340,186,46,18,28,140,118,22,24.731182795698924,9.67741935483871,15.053763440860216,75.26881720430107,63.44086021505376,11.827956989247312
E00086341,154,49,15,34,105,95,10,31.818181818181817,9.740259740259742,22.07792207792208,68.18181818181817,61.68831168831169,6.493506493506493
E00086342,156,48,16,32,108,98,10,30.76923076923077,10.256410256410255,20.51282051282051,69.23076923076923,62.82051282051282,6.41025641025641
E00086343,140,32,12,20,108,95,13,22.857142857142858,8.571428571428571,14.285714285714285,77.14285714285715,67.85714285714286,9.285714285714286
E00086344,227,59,12,47,168,146,22,25.991189427312776,5.286343612334802,20.704845814977972,74.00881057268722,64.31718061674009,9.691629955947137
E00086345,193,64,20,44,129,109,20,33.160621761658035,10.362694300518134,22.797927461139896,66.83937823834198,56.476683937823836,10.362694300518134
E00086346,191,53,17,36,138,118,20,27.748691099476442,8.900523560209423,18.848167539267017,72.25130890052355,61.78010471204188,10.471204188481675
E00086347,148,37,9,28,111,96,15,25,6.081081081081082,18.91891891891892,75,64.86486486486487,10.135135135135135
E00086348,115,23,5,18,92,78,14,20,4.3478260869565215,15.65217391304348,80,67.82608695652173,12.173913043478262
E00086350,80,26,5,21,54,44,10,32.5,6.25,26.25,67.5,55.00000000000001,12.5
E00086351,205,56,23,33,149,131,18,27.31707317073171,11.219512195121952,16.097560975609756,72.6829268292683,63.90243902439025,8.780487804878048
E00086352,168,47,9,38,121,110,11,27.976190476190478,5.357142857142857,22.61904761904762,72.02380952380952,65.47619047619048,6.547619047619048
E00086353,181,61,21,40,120,102,18,33.70165745856354,11.602209944751381,22.099447513812155,66.29834254143645,56.353591160220994,9.94475138121547
E00086354,81,26,8,18,55,50,5,32.098765432098766,9.876543209876543,22.22222222222222,67.90123456790124,61.72839506172839,6.172839506172839
E00086355,195,57,21,36,138,122,16,29.230769230769234,10.76923076923077,18.461538461538463,70.76923076923077,62.56410256410256,8.205128205128204
E00086356,171,58,20,38,113,102,11,33.91812865497076,11.695906432748536,22.22222222222222,66.08187134502924,59.64912280701754,6.432748538011696
E00086357,130,30,9,21,100,87,13,23.076923076923077,6.923076923076923,16.153846153846153,76.92307692307693,66.92307692307692,10
E00086358,187,53,15,38,134,111,23,28.342245989304814,8.0213903743315509,20.32085561497326,71.65775401069519,59.35828877005348,12.299465240641712
E00086359,146,37,10,27,109,91,18,25.34246575342466,6.8493150684931505,18.493150684931507,74.65753424657534,62.328767123287676,12.32876712328767
E00086361,149,50,18,32,99,89,10,33.557046979865774,12.080536912751679,21.476510067114095,66.44295302013423,59.73154362416108,6.7114093959731544
E00086362,169,59,12,47,110,99,11,34.9112426035503,7.100591715976331,27.810650887573964,65.08875739644971,58.57988165680473,6.508875739644971
E00086363,114,33,10,23,81,68,13,28.947368421052634,8.771929824561402,20.175438596491226,71.05263157894737,59.64912280701754,11.403508771929824
E00086364,147,38,17,21,109,94,15,25.850340136054424,11.564625850340136,14.285714285714285,74.14965986394559,63.94557823129252,10.204081632653061
E00086365,124,33,13,20,91,77,14,26.61290322580645,10.483870967741936,16.129032258064516,73.38709677419355,62.096774193548384,11.29032258064516
E00086366,182,65,30,35,117,109,8,35.714285714285715,16.483516483516482,19.230769230769234,64.28571428571429,59.89010989010989,4.395604395604396
E00086367,126,35,12,23,91,78,13,27.77777777777778,9.523809523809524,18.253968253968253,72.22222222222221,61.904761904761905,10.317460317460316
E00086368,165,50,15,35,115,108,7,30.303030303030305,9.090909090909092,21.21212121212121,69.6969696969697,65.45454545454545,4.242424242424243
E00086369,88,37,11,26,51,42,9,42.04545454545455,12.5,29.545454545454547,57.95454545454546,47.72727272727273,10.227272727272728
E00086370,189,60,17,43,129,119,10,31.746031746031743,8.994708994708994,22.75132275132275,68.25396825396825,62.96296296296296,5.291005291005291
E00086371,108,44,16,28,64,57,7,40.74074074074074,14.814814814814813,25.925925925925924,59.25925925925925,52.77777777777778,6.481481481481481
E00086372,93,39,13,26,54,50,4,41.935483870967744,13.978494623655912,27.956989247311824,58.06451612903226,53.76344086021505,4.301075268817205
E00086373,127,35,14,21,92,73,19,27.559055118110237,11.023622047244094,16.535433070866144,72.44094488188976,57.48031496062992,14.960629921259844
E00086374,58,29,9,20,29,23,6,50,15.517241379310345,34.48275862068966,50,39.6551724137931,10.344827586206897
E00086375,146,59,18,41,87,69,18,40.41095890410959,12.32876712328767,28.08219178082192,59.589041095890416,47.26027397260274,12.32876712328767
E00086376,176,43,18,25,133,111,22,24.431818181818183,10.227272727272728,14.204545454545455,75.56818181818183,63.06818181818182,12.5
E00086377,153,35,11,24,118,102,16,22.875816993464053,7.18954248366013,15.686274509803921,77.12418300653596,66.66666666666666,10.457516339869281
E00086378,167,50,24,26,117,105,12,29.94011976047904,14.37125748502994,15.568862275449103,70.05988023952095,62.874251497005986,7.18562874251497
E00086379,166,49,16,33,117,93,24,29.518072289156628,9.63855421686747,19.879518072289155,70.48192771084338,56.024096385542165,14.457831325301203
E00086380,143,40,10,30,103,90,13,27.972027972027973,6.993006993006993,20.97902097902098,72.02797202797203,62.93706293706294,9.090909090909092
E00086381,137,50,14,36,87,74,13,36.496350364963504,10.218978102189782,26.277372262773724,63.503649635036496,54.01459854014598,9.48905109489051
E00086382,152,49,14,35,103,91,12,32.23684210526316,9.210526315789473,23.026315789473685,67.76315789473685,59.86842105263158,7.894736842105263
E00086383,158,35,13,22,123,106,17,22.151898734177212,8.227848101265822,13.924050632911392,77.84810126582279,67.08860759493672,10.759493670886076
E00086384,191,54,12,42,137,118,19,28.272251308900525,6.282722513089005,21.98952879581152,71.72774869109948,61.78010471204188,9.947643979057592
E00086385,155,50,24,26,105,85,20,32.25806451612903,15.483870967741936,16.7741935483871,67.74193548387096,54.83870967741935,12.903225806451612
E00086386,141,34,14,20,107,94,13,24.113475177304963,9.929078014184398,14.184397163120568,75.88652482269504,66.66666666666666,9.219858156028367
E00086387,142,43,16,27,99,87,12,30.28169014084507,11.267605633802818,19.014084507042252,69.71830985915493,61.267605633802816,8.450704225352112
E00086388,129,34,13,21,95,90,5,26.356589147286826,10.077519379844961,16.27906976744186,73.64341085271317,69.76744186046511,3.875968992248062
E00086389,173,55,17,38,118,107,11,31.79190751445087,9.826589595375722,21.965317919075144,68.20809248554913,61.849710982658955,6.358381502890173
E00086390,107,26,8,18,81,69,12,24.299065420560748,7.476635514018691,16.822429906542055,75.70093457943925,64.48598130841121,11.214953271028037
E00086391,199,63,23,40,136,123,13,31.65829145728643,11.557788944723619,20.100502512562816,68.34170854271356,61.80904522613066,6.532663316582915
E00086392,134,40,8,32,94,79,15,29.850746268656714,5.970149253731343,23.88059701492537,70.1492537313433,58.95522388059702,11.194029850746269
E00086393,134,36,9,27,98,86,12,26.865671641791046,6.7164179104477615,20.149253731343283,73.13432835820896,64.17910447761194,8.955223880597014
E00086394,131,30,3,27,101,90,11,22.900763358778626,2.2900763358778624,20.610687022900763,77.09923664122137,68.70229007633588,8.396946564885496
E00086395,173,59,14,45,114,99,15,34.104046242774565,8.092485549132949,26.011560693641616,65.89595375722543,57.22543352601156,8.670520231213873
E00086396,78,24,10,14,54,48,6,30.76923076923077,12.82051282051282,17.94871794871795,69.23076923076923,61.53846153846154,7.6923076923076925
E00086397,167,54,13,41,113,100,13,32.33532934131736,7.784431137724551,24.550898203592812,67.66467065868264,59.88023952095808,7.784431137724551
E00086398,147,46,16,30,101,87,14,31.292517006802722,10.884353741496598,20.408163265306122,68.70748299319727,59.183673469387756,9.523809523809524
E00086399,111,21,4,17,90,77,13,18.91891891891892,3.6036036036036037,15.315315315315313,81.08108108108108,69.36936936936937,11.711711711711711
E00086400,136,33,10,23,103,96,7,24.264705882352942,7.352941176470589,16.911764705882355,75.73529411764706,70.58823529411765,5.147058823529411
E00086401,167,47,13,34,120,107,13,28.143712574850298,7.784431137724551,20.359281437125748,71.8562874251497,64.07185628742515,7.784431137724551
E00086402,141,52,20,32,89,80,9,36.87943262411347,14.184397163120568,22.69503546099291,63.12056737588653,56.73758865248227,6.382978723404255
E00086403,129,40,11,29,89,82,7,31.007751937984494,8.527131782945736,22.48062015503876,68.9922480620155,63.565891472868216,5.426356589147287
E00086404,176,54,15,39,122,111,11,30.681818181818183,8.522727272727272,22.15909090909091,69.31818181818183,63.06818181818182,6.25
E00086405,90,30,11,19,60,54,6,33.33333333333333,12.222222222222221,21.11111111111111,66.66666666666666,60,6.666666666666667
E00086406,248,66,26,40,182,162,20,26.61290322580645,10.483870967741936,16.129032258064516,73.38709677419355,65.32258064516128,8.064516129032258
E00086407,147,44,17,27,103,92,11,29.931972789115648,11.564625850340136,18.367346938775512,70.06802721088435,62.585034013605444,7.482993197278912
E00086408,190,54,16,38,136,123,13,28.421052631578945,8.421052631578947,20,71.57894736842105,64.73684210526316,6.842105263157896
E00086409,163,49,17,32,114,104,10,30.061349693251532,10.429447852760736,19.631901840490798,69.93865030674846,63.80368098159509,6.134969325153374
E00086410,145,42,15,27,103,88,15,28.965517241379313,10.344827586206897,18.620689655172416,71.03448275862068,60.689655172413794,10.344827586206897
E00086411,216,63,17,46,153,136,17,29.166666666666668,7.87037037037037,21.296296296296298,70.83333333333334,62.96296296296296,7.87037037037037
E00086412,142,45,16,29,97,84,13,31.690140845070424,11.267605633802818,20.422535211267608,68.30985915492957,59.154929577464785,9.15492957746479
E00086413,186,58,16,42,128,97,31,31.182795698924732,8.60215053763441,22.58064516129032,68.81720430107528,52.1505376344086,16.666666666666664
E00086414,148,38,10,28,110,86,24,25.675675675675674,6.756756756756757,18.91891891891892,74.32432432432432,58.108108108108105,16.216216216216218
E00086415,161,58,19,39,103,90,13,36.024844720496894,11.801242236024844,24.22360248447205,63.975155279503106,55.90062111801242,8.074534161490684
E00086416,195,65,24,41,130,114,16,33.33333333333333,12.307692307692308,21.025641025641026,66.66666666666666,58.46153846153847,8.205128205128204
E00086417,179,50,17,33,129,114,15,27.932960893854748,9.497206703910614,18.435754189944134,72.06703910614524,63.687150837988824,8.379888268156424
E00086418,122,35,21,14,87,59,28,28.688524590163933,17.21311475409836,11.475409836065573,71.31147540983606,48.36065573770492,22.950819672131146
E00086419,125,37,18,19,88,66,22,29.599999999999998,14.399999999999999,15.2,70.39999999999999,52.800000000000004,17.599999999999998
E00086420,144,39,15,24,105,94,11,27.083333333333332,10.416666666666668,16.666666666666664,72.91666666666666,65.27777777777779,7.638888888888889
E00086421,98,38,8,30,60,54,6,38.775510204081634,8.16326530612245,30.612244897959183,61.224489795918366,55.10204081632652,6.122448979591836
E00086422,169,50,18,32,119,103,16,29.585798816568047,10.650887573964498,18.93491124260355,70.41420118343196,60.946745562130175,9.467455621301776
E00086423,129,36,9,27,93,78,15,27.906976744186046,6.976744186046512,20.930232558139537,72.09302325581395,60.46511627906976,11.627906976744185
E00086424,119,35,15,20,84,63,21,29.411764705882355,12.605042016806722,16.80672268907563,70.58823529411765,52.94117647058824,17.647058823529413
E00086425,167,55,20,35,112,92,20,32.93413173652694,11.976047904191617,20.958083832335326,67.06586826347305,55.08982035928144,11.976047904191617
E00086426,136,49,15,34,87,78,9,36.029411764705884,11.029411764705882,25,63.970588235294116,57.35294117647059,6.61764705882353
E00086427,172,58,17,41,114,95,19,33.72093023255814,9.883720930232558,23.837209302325583,66.27906976744185,55.23255813953488,11.046511627906977
E00086428,146,43,12,31,103,85,18,29.45205479452055,8.21917808219178,21.232876712328768,70.54794520547945,58.21917808219178,12.32876712328767
E00086429,147,42,12,30,105,94,11,28.57142857142857,8.16326530612245,20.408163265306122,71.42857142857143,63.94557823129252,7.482993197278912
E00086430,141,46,17,29,95,83,12,32.62411347517731,12.056737588652481,20.56737588652482,67.37588652482269,58.86524822695035,8.51063829787234
E00086431,162,53,12,41,109,95,14,32.71604938271605,7.4074074074074066,25.308641975308642,67.28395061728395,58.64197530864198,8.641975308641975
E00086432,147,53,16,37,94,78,16,36.054421768707485,10.884353741496598,25.170068027210885,63.94557823129252,53.06122448979592,10.884353741496598
E00086433,141,45,16,29,96,86,10,31.914893617021278,11.347517730496454,20.56737588652482,68.08510638297872,60.99290780141844,7.092198581560284
E00086434,149,48,21,27,101,87,14,32.21476510067114,14.093959731543624,18.120805369127517,67.78523489932886,58.38926174496645,9.395973154362416
E00086435,139,48,15,33,91,82,9,34.53237410071942,10.79136690647482,23.741007194244602,65.46762589928058,58.992805755395686,6.474820143884892
E00086436,109,42,16,26,67,60,7,38.53211009174312,14.678899082568808,23.853211009174313,61.46788990825688,55.04587155963303,6.422018348623854
E00086437,158,44,12,32,114,102,12,27.848101265822784,7.59493670886076,20.253164556962027,72.15189873417721,64.55696202531645,7.59493670886076
E00086438,176,51,19,32,125,111,14,28.97727272727273,10.795454545454545,18.181818181818183,71.02272727272727,63.06818181818182,7.954545454545454
E00086439,121,42,13,29,79,65,14,34.710743801652896,10.743801652892563,23.96694214876033,65.28925619834712,53.71900826446281,11.570247933884298
E00086440,133,49,14,35,84,73,11,36.84210526315789,10.526315789473683,26.31578947368421,63.1578947368421,54.88721804511278,8.270676691729323
E00086441,197,49,13,36,148,129,19,24.873096446700508,6.598984771573605,18.274111675126903,75.1269035532995,65.48223350253807,9.644670050761421
E00086442,106,39,12,27,67,60,7,36.79245283018868,11.320754716981133,25.471698113207548,63.20754716981132,56.60377358490566,6.60377358490566
E00086443,172,67,21,46,105,92,13,38.95348837209303,12.209302325581394,26.744186046511626,61.04651162790697,53.48837209302325,7.55813953488372
E00086444,251,56,12,44,195,162,33,22.31075697211155,4.780876494023905,17.52988047808765,77.68924302788844,64.5418326693227,13.147410358565736
E00086445,160,48,16,32,112,103,9,30,10,20,70,64.375,5.625
E00086446,139,42,8,34,97,83,14,30.215827338129497,5.755395683453238,24.46043165467626,69.7841726618705,59.71223021582733,10.071942446043165
E00086447,162,49,16,33,113,100,13,30.246913580246915,9.876543209876543,20.37037037037037,69.75308641975309,61.72839506172839,8.024691358024691
E00086448,104,32,11,21,72,65,7,30.76923076923077,10.576923076923077,20.192307692307693,69.23076923076923,62.5,6.730769230769231
E00086449,109,42,9,33,67,58,9,38.53211009174312,8.256880733944955,30.275229357798167,61.46788990825688,53.21100917431193,8.256880733944955
E00086450,123,33,10,23,90,80,10,26.82926829268293,8.130081300813007,18.69918699186992,73.17073170731707,65.04065040650406,8.130081300813007
E00086451,189,43,19,24,146,130,16,22.75132275132275,10.052910052910052,12.698412698412698,77.24867724867724,68.78306878306879,8.465608465608465
E00086452,155,52,19,33,103,91,12,33.5483870967742,12.258064516129032,21.29032258064516,66.45161290322581,58.70967741935483,7.741935483870968
E00086453,201,55,18,37,146,124,22,27.363184079601986,8.955223880597014,18.407960199004975,72.636815920398,61.69154228855721,10.945273631840797
E00086454,196,45,15,30,151,126,25,22.95918367346939,7.653061224489796,15.306122448979592,77.04081632653062,64.28571428571429,12.755102040816327
E00086455,164,40,19,21,124,103,21,24.390243902439025,11.585365853658537,12.804878048780488,75.60975609756098,62.80487804878049,12.804878048780488
E00086456,174,40,21,19,134,107,27,22.988505747126435,12.068965517241379,10.919540229885058,77.01149425287356,61.49425287356321,15.517241379310345
E00086457,163,48,23,25,115,95,20,29.447852760736197,14.11042944785276,15.337423312883436,70.5521472392638,58.282208588957054,12.269938650306749
E00086458,117,26,8,18,91,75,16,22.22222222222222,6.837606837606838,15.384615384615385,77.77777777777779,64.1025641025641,13.675213675213676
E00086459,181,42,17,25,139,106,33,23.204419889502763,9.392265193370166,13.812154696132598,76.79558011049724,58.5635359116022,18.23204419889503
E00086460,170,54,22,32,116,92,24,31.76470588235294,12.941176470588237,18.823529411764707,68.23529411764706,54.11764705882353,14.117647058823529
E00086461,179,49,20,29,130,116,14,27.37430167597765,11.1731843575419,16.201117318435752,72.62569832402235,64.80446927374301,7.82122905027933
E00086462,166,51,24,27,115,94,21,30.72289156626506,14.457831325301203,16.265060240963855,69.27710843373494,56.62650602409639,12.650602409638553
E00086463,148,48,16,32,100,86,14,32.432432432432435,10.81081081081081,21.62162162162162,67.56756756756756,58.108108108108105,9.45945945945946
E00086464,145,46,22,24,99,79,20,31.724137931034484,15.172413793103448,16.551724137931036,68.27586206896552,54.48275862068965,13.793103448275861
E00086465,76,23,8,15,53,49,4,30.263157894736842,10.526315789473683,19.736842105263158,69.73684210526315,64.47368421052632,5.263157894736842
E00086466,153,39,18,21,114,101,13,25.49019607843137,11.76470588235294,13.725490196078432,74.50980392156863,66.01307189542483,8.49673202614379
E00086467,111,25,13,12,86,73,13,22.52252252252252,11.711711711711711,10.81081081081081,77.47747747747748,65.76576576576578,11.711711711711711
E00086468,122,26,4,22,96,82,14,21.311475409836063,3.278688524590164,18.0327868852459,78.68852459016394,67.21311475409836,11.475409836065573
E00086469,110,29,14,15,81,73,8,26.36363636363636,12.727272727272727,13.636363636363635,73.63636363636363,66.36363636363637,7.2727272727272725
E00086470,163,47,15,32,116,94,22,28.834355828220858,9.202453987730062,19.631901840490798,71.16564417177914,57.668711656441715,13.496932515337424
E00086471,183,41,23,18,142,125,17,22.404371584699454,12.568306010928962,9.836065573770492,77.59562841530054,68.30601092896174,9.289617486338798
E00086472,121,34,16,18,87,74,13,28.09917355371901,13.223140495867769,14.87603305785124,71.900826446281,61.15702479338842,10.743801652892563
E00086473,131,38,18,20,93,70,23,29.00763358778626,13.740458015267176,15.267175572519085,70.99236641221374,53.43511450381679,17.557251908396946
E00086474,92,30,12,18,62,49,13,32.608695652173914,13.043478260869565,19.565217391304348,67.3913043478261,53.2608695652174,14.130434782608695
E00086475,144,45,18,27,99,89,10,31.25,12.5,18.75,68.75,61.80555555555556,6.944444444444445
E00086476,135,48,19,29,87,72,15,35.55555555555556,14.074074074074074,21.48148148148148,64.44444444444444,53.333333333333336,11.11111111111111
E00086477,181,43,18,25,138,110,28,23.756906077348066,9.94475138121547,13.812154696132598,76.24309392265194,60.773480662983424,15.469613259668508
E00086478,146,44,20,24,102,81,21,30.136986301369863,13.698630136986301,16.43835616438356,69.86301369863014,55.47945205479452,14.383561643835616
E00086479,125,44,10,34,81,62,19,35.199999999999996,8,27.200000000000003,64.8,49.6,15.2
E00086480,138,34,12,22,104,89,15,24.637681159420293,8.695652173913043,15.942028985507244,75.36231884057972,64.4927536231884,10.869565217391305
E00086481,151,38,10,28,113,98,15,25.165562913907287,6.622516556291391,18.543046357615893,74.83443708609272,64.90066225165563,9.933774834437086
E00086482,168,53,24,29,115,105,10,31.547619047619047,14.285714285714285,17.261904761904763,68.45238095238095,62.5,5.952380952380952
E00086483,102,23,8,15,79,62,17,22.54901960784314,7.8431372549019605,14.705882352941178,77.45098039215686,60.78431372549019,16.666666666666664
E00086484,164,49,18,31,115,93,22,29.878048780487802,10.975609756097562,18.902439024390244,70.1219512195122,56.70731707317073,13.414634146341465
E00086485,71,17,4,13,54,43,11,23.943661971830984,5.633802816901409,18.30985915492958,76.05633802816901,60.56338028169014,15.492957746478872
E00086486,171,44,17,27,127,104,23,25.730994152046783,9.941520467836257,15.789473684210526,74.26900584795322,60.81871345029239,13.450292397660817
E00086487,70,18,6,12,52,45,7,25.71428571428571,8.571428571428571,17.142857142857142,74.28571428571429,64.28571428571429,10
E00086488,157,38,10,28,119,96,23,24.203821656050955,6.369426751592357,17.8343949044586,75.79617834394905,61.146496815286625,14.64968152866242
E00086489,149,32,11,21,117,105,12,21.476510067114095,7.38255033557047,14.093959731543624,78.52348993288591,70.46979865771812,8.053691275167784
E00086490,147,41,17,24,106,93,13,27.89115646258503,11.564625850340136,16.3265306122449,72.10884353741497,63.26530612244898,8.843537414965986
E00086491,176,49,29,20,127,104,23,27.84090909090909,16.477272727272727,11.363636363636363,72.1590909090909,59.09090909090909,13.068181818181818
E00086492,156,45,18,27,111,92,19,28.846153846153843,11.538461538461538,17.307692307692307,71.15384615384616,58.97435897435898,12.179487179487179
E00086493,216,56,21,35,160,136,24,25.925925925925924,9.722222222222223,16.203703703703702,74.07407407407408,62.96296296296296,11.11111111111111
E00086494,83,23,8,15,60,51,9,27.710843373493976,9.63855421686747,18.072289156626507,72.28915662650603,61.44578313253012,10.843373493975903
E00086495,275,56,18,38,219,176,43,20.363636363636363,6.545454545454546,13.818181818181818,79.63636363636364,64,15.636363636363637
E00086496,137,40,18,22,97,86,11,29.1970802919708,13.138686131386862,16.05839416058394,70.8029197080292,62.77372262773723,8.02919708029197
E00086497,108,29,15,14,79,72,7,26.851851851851855,13.88888888888889,12.962962962962962,73.14814814814815,66.66666666666666,6.481481481481481
E00086498,107,27,8,19,80,67,13,25.233644859813083,7.476635514018691,17.75700934579439,74.76635514018692,62.616822429906534,12.149532710280374
E00086499,182,55,27,28,127,112,15,30.21978021978022,14.835164835164836,15.384615384615385,69.78021978021978,61.53846153846154,8.241758241758241
E00086500,202,52,22,30,150,129,21,25.742574257425744,10.891089108910892,14.85148514851485,74.25742574257426,63.86138613861386,10.396039603960396
E00086501,122,35,12,23,87,76,11,28.688524590163933,9.836065573770492,18.852459016393443,71.31147540983606,62.295081967213115,9.01639344262295
E00086502,106,25,8,17,81,67,14,23.58490566037736,7.547169811320755,16.037735849056602,76.41509433962264,63.20754716981132,13.20754716981132
E00086503,157,87,43,44,70,62,8,55.4140127388535,27.388535031847134,28.02547770700637,44.5859872611465,39.490445859872615,5.095541401273886
E00086504,83,31,15,16,52,41,11,37.34939759036144,18.072289156626507,19.27710843373494,62.65060240963856,49.39759036144578,13.253012048192772
E00086505,187,42,20,22,145,131,14,22.459893048128343,10.695187165775401,11.76470588235294,77.54010695187165,70.05347593582889,7.4866310160427805
E00086506,75,15,5,10,60,49,11,20,6.666666666666667,13.333333333333334,80,65.33333333333333,14.666666666666666
E00086507,131,37,12,25,94,68,26,28.24427480916031,9.16030534351145,19.083969465648856,71.7557251908397,51.908396946564885,19.84732824427481
E00086508,109,23,9,14,86,67,19,21.100917431192663,8.256880733944955,12.844036697247708,78.89908256880734,61.46788990825688,17.431192660550458
E00086509,167,103,44,59,64,54,10,61.67664670658682,26.34730538922156,35.32934131736527,38.32335329341318,32.33532934131736,5.9880239520958085
E00086510,186,92,48,44,94,79,15,49.46236559139785,25.806451612903224,23.655913978494624,50.53763440860215,42.473118279569896,8.064516129032258
E00086511,107,47,29,18,60,54,6,43.925233644859816,27.102803738317753,16.822429906542055,56.074766355140184,50.467289719626166,5.607476635514018
E00086514,105,51,14,37,54,45,9,48.57142857142857,13.333333333333334,35.23809523809524,51.42857142857142,42.857142857142854,8.571428571428571
E00086517,50,20,12,8,30,25,5,40,24,16,60,50,10
E00086518,117,62,27,35,55,43,12,52.991452991452995,23.076923076923077,29.914529914529915,47.008547008547005,36.75213675213676,10.256410256410255
E00086519,124,30,12,18,94,79,15,24.193548387096776,9.67741935483871,14.516129032258066,75.80645161290323,63.70967741935484,12.096774193548388
E00086520,82,34,15,19,48,42,6,41.46341463414634,18.29268292682927,23.170731707317074,58.536585365853654,51.21951219512195,7.317073170731707
E00086521,132,53,14,39,79,58,21,40.15151515151515,10.606060606060606,29.545454545454547,59.84848484848485,43.93939393939394,15.909090909090908
E00086522,98,54,18,36,44,40,4,55.10204081632652,18.367346938775512,36.734693877551024,44.89795918367347,40.816326530612244,4.081632653061225
E00086523,113,48,24,24,65,53,12,42.47787610619469,21.238938053097346,21.238938053097346,57.52212389380531,46.902654867256636,10.619469026548673
E00086524,110,53,27,26,57,50,7,48.18181818181818,24.545454545454547,23.636363636363637,51.81818181818182,45.45454545454545,6.363636363636363
E00086525,114,53,25,28,61,55,6,46.49122807017544,21.929824561403507,24.561403508771928,53.50877192982456,48.24561403508772,5.263157894736842
E00086526,162,50,21,29,112,93,19,30.864197530864196,12.962962962962962,17.901234567901234,69.1358024691358,57.407407407407405,11.728395061728394
E00086527,136,67,28,39,69,55,14,49.26470588235294,20.588235294117645,28.676470588235293,50.73529411764706,40.44117647058824,10.294117647058822
E00086528,25,10,6,4,15,11,4,40,24,16,60,44,16
E00086529,106,42,15,27,64,59,5,39.62264150943396,14.150943396226415,25.471698113207548,60.37735849056604,55.660377358490564,4.716981132075472
E00086530,114,52,15,37,62,58,4,45.614035087719294,13.157894736842104,32.45614035087719,54.385964912280706,50.877192982456144,3.508771929824561
E00086531,115,33,15,18,82,65,17,28.695652173913043,13.043478260869565,15.65217391304348,71.30434782608695,56.52173913043478,14.782608695652174
E00086532,139,86,57,29,53,43,10,61.87050359712231,41.007194244604314,20.863309352517987,38.1294964028777,30.935251798561154,7.1942446043165464
E00086533,53,12,0,12,41,37,4,22.641509433962266,0,22.641509433962266,77.35849056603774,69.81132075471697,7.547169811320755
E00086534,65,14,0,14,51,38,13,21.53846153846154,0,21.53846153846154,78.46153846153847,58.46153846153847,20
E00086535,91,32,15,17,59,49,10,35.16483516483517,16.483516483516482,18.681318681318682,64.83516483516483,53.84615384615385,10.989010989010989
E00086536,92,14,3,11,78,69,9,15.217391304347828,3.260869565217391,11.956521739130435,84.78260869565217,75,9.782608695652174
E00086537,145,35,15,20,110,91,19,24.137931034482758,10.344827586206897,13.793103448275861,75.86206896551724,62.758620689655174,13.10344827586207
E00086538,48,27,9,18,21,19,2,56.25,18.75,37.5,43.75,39.58333333333333,4.166666666666666
E00086539,100,31,10,21,69,62,7,31,10,21,69,62,7.000000000000001
E00086540,102,23,9,14,79,62,17,22.54901960784314,8.823529411764707,13.725490196078432,77.45098039215686,60.78431372549019,16.666666666666664
E00086541,147,25,11,14,122,86,36,17.006802721088434,7.482993197278912,9.523809523809524,82.99319727891157,58.50340136054422,24.489795918367346
E00086542,174,43,22,21,131,118,13,24.71264367816092,12.643678160919542,12.068965517241379,75.28735632183908,67.81609195402298,7.471264367816093
E00086543,89,25,8,17,64,56,8,28.08988764044944,8.98876404494382,19.101123595505616,71.91011235955057,62.92134831460674,8.98876404494382
E00086544,126,39,21,18,87,69,18,30.952380952380953,16.666666666666664,14.285714285714285,69.04761904761905,54.761904761904766,14.285714285714285
E00086545,162,55,25,30,107,89,18,33.95061728395062,15.432098765432098,18.51851851851852,66.0493827160494,54.93827160493827,11.11111111111111
E00086546,152,52,31,21,100,91,9,34.21052631578947,20.394736842105264,13.815789473684212,65.78947368421053,59.86842105263158,5.921052631578947
E00086547,101,31,10,21,70,58,12,30.693069306930692,9.900990099009901,20.792079207920793,69.3069306930693,57.42574257425742,11.881188118811881
E00086548,120,28,13,15,92,69,23,23.333333333333332,10.833333333333334,12.5,76.66666666666667,57.49999999999999,19.166666666666668
E00165832,168,42,12,30,126,101,25,25,7.142857142857142,17.857142857142858,75,60.11904761904761,14.880952380952381
E00174427,53,20,5,15,33,26,7,37.735849056603776,9.433962264150944,28.30188679245283,62.264150943396224,49.056603773584904,13.20754716981132
E00174428,114,22,3,19,92,88,4,19.298245614035086,2.631578947368421,16.666666666666664,80.7017543859649,77.19298245614034,3.508771929824561
E00174430,163,37,10,27,126,110,16,22.699386503067483,6.134969325153374,16.56441717791411,77.30061349693251,67.48466257668711,9.815950920245399
E00174431,124,59,27,32,65,54,11,47.58064516129033,21.774193548387096,25.806451612903224,52.41935483870967,43.54838709677419,8.870967741935484
E00174433,120,30,12,18,90,79,11,25,10,15,75,65.83333333333333,9.166666666666666
E00174434,77,16,3,13,61,50,11,20.77922077922078,3.896103896103896,16.883116883116884,79.22077922077922,64.93506493506493,14.285714285714285
E00174436,137,45,14,31,92,82,10,32.846715328467155,10.218978102189782,22.62773722627737,67.15328467153284,59.854014598540154,7.2992700729927
E00174439,39,6,2,4,33,30,3,15.384615384615385,5.128205128205128,10.256410256410255,84.61538461538461,76.92307692307693,7.6923076923076925
E00174441,96,48,22,26,48,42,6,50,22.916666666666664,27.083333333333332,50,43.75,6.25
E00174442,97,25,8,17,72,59,13,25.773195876288657,8.24742268041237,17.525773195876287,74.22680412371135,60.824742268041234,13.402061855670103
E00174444,94,13,6,7,81,79,2,13.829787234042554,6.382978723404255,7.446808510638298,86.17021276595744,84.04255319148936,2.127659574468085
E00174447,147,24,12,12,123,101,22,16.3265306122449,8.16326530612245,8.16326530612245,83.6734693877551,68.70748299319727,14.965986394557824
E00174448,70,8,8,0,62,46,16,11.428571428571429,11.428571428571429,0,88.57142857142857,65.71428571428571,22.857142857142858
E00174450,41,11,4,7,30,23,7,26.82926829268293,9.75609756097561,17.073170731707318,73.17073170731707,56.09756097560976,17.073170731707318
E00174452,60,17,9,8,43,30,13,28.333333333333332,15,13.333333333333334,71.66666666666667,50,21.666666666666668
E00174453,58,31,13,18,27,26,1,53.44827586206896,22.413793103448278,31.03448275862069,46.55172413793103,44.827586206896555,1.7241379310344827
E00174455,90,26,12,14,64,50,14,28.888888888888886,13.333333333333334,15.555555555555555,71.11111111111111,55.55555555555556,15.555555555555555
E00174456,100,18,5,13,82,66,16,18,5,13,82,66,16
E00174458,104,35,18,17,69,50,19,33.65384615384615,17.307692307692307,16.346153846153847,66.34615384615384,48.07692307692308,18.269230769230766
E00174461,274,55,21,34,219,182,37,20.072992700729927,7.664233576642336,12.408759124087592,79.92700729927007,66.42335766423358,13.503649635036496
E00174462,239,90,34,56,149,134,15,37.65690376569037,14.225941422594143,23.430962343096233,62.34309623430963,56.06694560669456,6.2761506276150625
E00174464,62,25,8,17,37,30,7,40.32258064516129,12.903225806451612,27.419354838709676,59.67741935483871,48.38709677419355,11.29032258064516
E00174466,58,25,8,17,33,27,6,43.103448275862064,13.793103448275861,29.310344827586203,56.896551724137936,46.55172413793103,10.344827586206897
E00174467,91,37,6,31,54,45,9,40.65934065934066,6.593406593406594,34.065934065934066,59.34065934065934,49.45054945054945,9.89010989010989
E00174470,110,39,14,25,71,64,7,35.45454545454545,12.727272727272727,22.727272727272727,64.54545454545455,58.18181818181818,6.363636363636363
E00174472,68,19,3,16,49,39,10,27.941176470588236,4.411764705882353,23.52941176470588,72.05882352941177,57.35294117647059,14.705882352941178
E00179913,70,47,37,10,23,20,3,67.14285714285714,52.85714285714286,14.285714285714285,32.857142857142854,28.57142857142857,4.285714285714286
E00179918,178,80,41,39,98,79,19,44.9438202247191,23.03370786516854,21.910112359550563,55.0561797752809,44.38202247191011,10.674157303370785
E00179929,231,78,30,48,153,134,19,33.76623376623377,12.987012987012985,20.77922077922078,66.23376623376623,58.00865800865801,8.225108225108226
E00179937,75,21,12,9,54,49,5,28.000000000000004,16,12,72,65.33333333333333,6.666666666666667
E00179939,148,48,14,34,100,83,17,32.432432432432435,9.45945945945946,22.972972972972975,67.56756756756756,56.08108108108109,11.486486486486488
E00179941,178,78,34,44,100,89,11,43.82022471910113,19.101123595505616,24.719101123595504,56.17977528089888,50,6.179775280898876
E00179944,386,339,230,109,47,46,1,87.8238341968912,59.58549222797927,28.238341968911918,12.176165803108809,11.917098445595855,0.2590673575129534
E00179945,57,34,24,10,23,20,3,59.64912280701754,42.10526315789473,17.543859649122805,40.35087719298245,35.08771929824561,5.263157894736842
E00179949,17,7,3,4,10,10,0,41.17647058823529,17.647058823529413,23.52941176470588,58.82352941176471,58.82352941176471,0
E00179952,167,40,16,24,127,114,13,23.952095808383234,9.580838323353294,14.37125748502994,76.04790419161677,68.26347305389223,7.784431137724551
E00179956,40,16,6,10,24,20,4,40,15,25,60,50,10
E00179959,143,55,19,36,88,77,11,38.46153846153847,13.286713286713287,25.174825174825177,61.53846153846154,53.84615384615385,7.6923076923076925
E00179961,131,92,70,22,39,35,4,70.22900763358778,53.43511450381679,16.793893129770993,29.770992366412212,26.717557251908396,3.0534351145038165
E00179963,97,56,31,25,41,35,6,57.73195876288659,31.958762886597935,25.773195876288657,42.2680412371134,36.08247422680412,6.185567010309279
E00179966,55,20,5,15,35,31,4,36.36363636363637,9.090909090909092,27.27272727272727,63.63636363636363,56.36363636363636,7.2727272727272725
E00179970,243,65,23,42,178,146,32,26.748971193415638,9.465020576131687,17.28395061728395,73.25102880658436,60.08230452674898,13.168724279835391
E00179972,190,51,16,35,139,125,14,26.842105263157894,8.421052631578947,18.421052631578945,73.15789473684211,65.78947368421053,7.368421052631578
E00179974,232,57,18,39,175,152,23,24.568965517241377,7.758620689655173,16.810344827586206,75.43103448275862,65.51724137931035,9.913793103448276
