OA,ts0380001,ts0380002,ts0380003,ts0380004,ts0380005,ts0380006,ts0380007,ts0380002_PCT,ts0380003_PCT,ts0380004_PCT,ts0380005_PCT,ts0380006_PCT,ts0380007_PCT
E00080504,279,81,38,43,198,10,188,29.03225806451613,13.620071684587815,15.412186379928317,70.96774193548387,3.584229390681003,67.38351254480287
E00080505,425,71,36,35,354,29,325,16.705882352941178,8.470588235294118,8.235294117647058,83.29411764705881,6.8235294117647065,76.47058823529412
E00080506,362,30,10,20,332,15,317,8.287292817679557,2.7624309392265194,5.524861878453039,91.71270718232044,4.143646408839778,87.56906077348067
E00080507,454,52,23,29,402,15,387,11.45374449339207,5.066079295154185,6.387665198237885,88.54625550660793,3.303964757709251,85.24229074889867
E00080508,323,65,30,35,258,16,242,20.123839009287924,9.287925696594428,10.8359133126935,79.87616099071208,4.953560371517028,74.92260061919505
E00080509,242,16,5,11,226,9,217,6.6115702479338845,2.066115702479339,4.545454545454546,93.38842975206612,3.71900826446281,89.6694214876033
E00080510,329,59,25,34,270,14,256,17.933130699088146,7.598784194528875,10.33434650455927,82.06686930091185,4.25531914893617,77.81155015197568
E00080511,334,45,21,24,289,17,272,13.47305389221557,6.287425149700598,7.18562874251497,86.52694610778443,5.089820359281437,81.437125748502993
E00080512,302,52,27,25,250,16,234,17.218543046357617,8.940397350993377,8.27814569536424,82.78145695364239,5.298013245033113,77.48344370860927
E00080513,282,50,17,33,232,13,219,17.73049645390071,6.028368794326241,11.702127659574469,82.26950354609929,4.609929078014184,77.6595744680851
E00080514,364,60,27,33,304,21,283,16.483516483516482,7.417582417582418,9.065934065934066,83.51648351648352,5.769230769230769,77.74725274725274
E00080515,300,37,22,15,263,22,241,12.333333333333334,7.333333333333333,5,87.66666666666667,7.333333333333333,80.33333333333333
E00080516,287,42,17,25,245,15,230,14.634146341463413,5.923344947735192,8.710801393728223,85.36585365853658,5.2264808362369335,80.13937282229965
E00080517,334,56,26,30,278,17,261,16.766467065868262,7.784431137724551,8.982035928143713,83.23353293413174,5.089820359281437,78.1437125748503
E00080519,500,54,21,33,446,23,423,10.8,4.2,6.6000000000000005,89.2,4.6,84.6
E00080521,431,53,22,31,378,29,349,12.296983758700696,5.104408352668213,7.192575406032482,87.70301624129931,6.728538283062645,80.97447795823666
E00080522,322,38,18,20,284,15,269,11.801242236024844,5.590062111801243,6.211180124223603,88.19875776397515,4.658385093167702,83.54037267080744
E00080523,313,62,23,39,251,23,228,19.808306709265175,7.348242811501597,12.460063897763577,80.19169329073482,7.348242811501597,72.84345047923323
E00080524,357,51,20,31,306,16,290,14.285714285714285,5.602240896358544,8.683473389355742,85.71428571428571,4.481792717086835,81.23249299719888
E00080525,246,44,24,20,202,17,185,17.88617886178862,9.75609756097561,8.130081300813007,82.11382113821138,6.910569105691057,75.20325203252033
E00080526,275,53,21,32,222,14,208,19.272727272727273,7.636363636363637,11.636363636363637,80.72727272727272,5.090909090909091,75.63636363636364
E00080527,292,40,11,29,252,17,235,13.698630136986301,3.767123287671233,9.931506849315069,86.3013698630137,5.821917808219178,80.47945205479452
E00080528,290,63,27,36,227,12,215,21.72413793103448,9.310344827586208,12.413793103448276,78.27586206896552,4.137931034482759,74.13793103448276
E00080529,312,75,33,42,237,11,226,24.03846153846154,10.576923076923077,13.461538461538462,75.96153846153845,3.5256410256410255,72.43589743589743
E00080530,365,49,28,21,316,21,295,13.424657534246576,7.671232876712329,5.7534246575342465,86.57534246575342,5.7534246575342465,80.82191780821918
E00080531,336,59,27,32,277,19,258,17.559523809523807,8.035714285714286,9.523809523809524,82.44047619047619,5.654761904761905,76.78571428571429
E00080532,316,68,31,37,248,13,235,21.518987341772153,9.81012658227848,11.708860759493671,78.48101265822784,4.113924050632911,74.36708860759494
E00080534,347,64,31,33,283,19,264,18.443804034582133,8.93371757925072,9.510086455331413,81.55619596541787,5.475504322766571,76.0806916426513
E00080535,371,74,40,34,297,21,276,19.946091644204852,10.781671159029651,9.164420485175203,80.05390835579514,5.660377358490567,74.39353099730458
E00080536,279,53,22,31,226,18,208,18.996415770609318,7.885304659498208,11.11111111111111,81.00358422939068,6.451612903225806,74.55197132616487
E00080537,354,69,33,36,285,20,265,19.491525423728813,9.322033898305085,10.16949152542373,80.50847457627118,5.649717514124294,74.85875706214689
E00080538,389,68,29,39,321,16,305,17.480719794344473,7.455012853470437,10.025706940874036,82.51928020565553,4.113110539845758,78.40616966580977
E00080539,349,115,63,52,234,13,221,32.95128939828081,18.05157593123209,14.899713467048711,67.0487106017192,3.7249283667621778,63.323782234957015
E00080540,253,72,29,43,181,10,171,28.458498023715418,11.462450592885375,16.99604743083004,71.54150197628458,3.9525691699604746,67.58893280632411
E00080541,242,22,7,15,220,18,202,9.090909090909092,2.8925619834710745,6.198347107438017,90.9090909090909,7.43801652892562,83.47107438016529
E00080542,340,42,20,22,298,19,279,12.352941176470589,5.88235294117647,6.470588235294119,87.6470588235294,5.588235294117648,82.05882352941177
E00080543,268,72,34,38,196,15,181,26.865671641791046,12.686567164179104,14.17910447761194,73.13432835820896,5.597014925373134,67.53731343283582
E00080544,383,55,26,29,328,18,310,14.360313315926893,6.7885117493472595,7.5718015665796345,85.6396866840731,4.699738903394255,80.93994778067885
E00080545,343,44,20,24,299,18,281,12.82798833819242,5.830903790087463,6.997084548104956,87.17201166180757,5.247813411078718,81.92419825072886
E00080546,342,65,23,42,277,13,264,19.005847953216374,6.725146198830409,12.280701754385964,80.99415204678363,3.8011695906432745,77.19298245614034
E00080547,302,48,20,28,254,12,242,15.894039735099339,6.622516556291391,9.271523178807946,84.10596026490066,3.9735099337748347,80.13245033112582
E00080548,387,40,16,24,347,12,335,10.335917312661499,4.1343669250646,6.2015503875969,89.66408268733849,3.10077519379845,86.56330749354005
E00080549,339,45,23,22,294,17,277,13.274336283185843,6.784660766961652,6.489675516224189,86.72566371681415,5.014749262536873,81.71091445427729
E00080550,315,53,28,25,262,11,251,16.825396825396826,8.88888888888889,7.936507936507936,83.17460317460318,3.492063492063492,79.68253968253968
E00080551,340,60,32,28,280,16,264,17.647058823529413,9.411764705882353,8.235294117647058,82.35294117647058,4.705882352941177,77.64705882352942
E00080552,424,49,21,28,375,26,349,11.556603773584905,4.952830188679245,6.60377358490566,88.44339622641509,6.132075471698113,82.31132075471697
E00080553,490,69,25,44,421,23,398,14.081632653061224,5.1020408163265305,8.979591836734693,85.91836734693878,4.6938775510204085,81.22448979591836
E00080554,350,54,22,32,296,23,273,15.428571428571427,6.2857142857142865,9.142857142857142,84.57142857142857,6.571428571428571,78
E00080555,345,70,32,38,275,16,259,20.28985507246377,9.27536231884058,11.014492753623188,79.71014492753623,4.63768115942029,75.07246376811594
E00080556,304,48,22,26,256,24,232,15.789473684210526,7.236842105263158,8.552631578947368,84.21052631578947,7.894736842105263,76.31578947368422
E00080557,450,59,24,35,391,27,364,13.111111111111112,5.333333333333334,7.777777777777778,86.8888888888889,6,80.88888888888889
E00080558,356,41,22,19,315,23,292,11.51685393258427,6.179775280898876,5.337078651685393,88.48314606741573,6.460674157303371,82.02247191011236
E00080559,318,43,20,23,275,18,257,13.522012578616351,6.289308176100629,7.232704402515723,86.47798742138365,5.660377358490567,80.81761006289308
E00080560,340,48,14,34,292,19,273,14.117647058823529,4.117647058823529,10,85.88235294117646,5.588235294117648,80.29411764705883
E00080561,376,60,31,29,316,17,299,15.957446808510639,8.24468085106383,7.712765957446808,84.04255319148936,4.521276595744681,79.52127659574468
E00080562,251,86,36,50,165,17,148,34.26294820717131,14.342629482071715,19.9203187250996,65.73705179282868,6.772908366533864,58.964143426294825
E00080563,318,55,26,29,263,17,246,17.29559748427673,8.176100628930817,9.119496855345911,82.70440251572327,5.345911949685535,77.35849056603774
E00080564,370,69,26,43,301,24,277,18.64864864864865,7.027027027027027,11.621621621621623,81.35135135135135,6.486486486486487,74.86486486486487
E00080565,267,74,38,36,193,11,182,27.715355805243448,14.232209737827715,13.48314606741573,72.28464419475655,4.119850187265917,68.16479400749064
E00080566,345,52,26,26,293,16,277,15.072463768115943,7.536231884057972,7.536231884057972,84.92753623188406,4.63768115942029,80.28985507246377
E00080567,311,47,20,27,264,16,248,15.112540192926044,6.430868167202572,8.681672025723474,84.88745980707395,5.144694533762058,79.7427652733119
E00080568,273,58,26,32,215,16,199,21.245421245421245,9.523809523809524,11.72161172161172,78.75457875457876,5.86080586080586,72.89377289377289
E00080569,290,52,17,35,238,16,222,17.93103448275862,5.862068965517241,12.068965517241379,82.06896551724138,5.517241379310345,76.55172413793103
E00080570,300,50,20,30,250,11,239,16.666666666666664,6.666666666666667,10,83.33333333333334,3.6666666666666665,79.66666666666666
E00080571,255,75,37,38,180,15,165,29.411764705882355,14.50980392156863,14.901960784313726,70.58823529411765,5.88235294117647,64.70588235294117
E00080572,337,75,39,36,262,19,243,22.255192878338278,11.572700296735905,10.682492581602373,77.74480712166172,5.637982195845697,72.10682492581603
E00080573,328,54,19,35,274,28,246,16.463414634146343,5.7926829268292686,10.670731707317072,83.53658536585365,8.536585365853659,75
E00080574,439,113,58,55,326,21,305,25.740318906605925,13.211845102505695,12.52847380410023,74.25968109339408,4.783599088838269,69.4760820045558
E00080575,409,60,27,33,349,15,334,14.66992665036675,6.601466992665037,8.06845965770171,85.33007334963325,3.6674816625916873,81.66259168704157
E00080576,344,45,19,26,299,12,287,13.08139534883721,5.523255813953488,7.55813953488372,86.9186046511628,3.488372093023256,83.43023255813954
E00080577,413,76,37,39,337,16,321,18.401937046004843,8.958837772397095,9.443099273607748,81.59806295399515,3.87409200968523,77.72397094430993
E00080578,354,59,33,26,295,23,272,16.666666666666664,9.322033898305085,7.344632768361582,83.33333333333334,6.497175141242938,76.8361581920904
E00080579,369,58,28,30,311,14,297,15.718157181571815,7.588075880758807,8.130081300813007,84.28184281842819,3.7940379403794036,80.48780487804879
E00080580,269,67,34,33,202,14,188,24.907063197026023,12.639405204460965,12.267657992565056,75.09293680297398,5.204460966542751,69.88847583643123
E00080581,398,64,31,33,334,27,307,16.08040201005025,7.788944723618091,8.291457286432161,83.91959798994975,6.78391959798995,77.1356783919598
E00080582,422,61,31,30,361,17,344,14.454976303317535,7.345971563981042,7.109004739336493,85.54502369668246,4.028436018957346,81.51658767772511
E00080583,373,78,33,45,295,14,281,20.91152815013405,8.847184986595174,12.064343163538874,79.08847184986595,3.753351206434316,75.33512064343164
E00080584,369,54,30,24,315,14,301,14.634146341463413,8.130081300813007,6.504065040650407,85.36585365853658,3.7940379403794036,81.57181571815718
E00080585,416,134,87,47,282,18,264,32.21153846153847,20.91346153846154,11.298076923076923,67.78846153846155,4.326923076923077,63.46153846153846
E00080586,310,64,30,34,246,9,237,20.64516129032258,9.67741935483871,10.967741935483872,79.35483870967742,2.903225806451613,76.45161290322581
E00080587,393,49,19,30,344,13,331,12.46819338422392,4.8346055979643765,7.633587786259542,87.53180661577609,3.307888040712468,84.22391857506362
E00080588,326,74,21,53,252,13,239,22.699386503067483,6.441717791411043,16.257668711656443,77.30061349693251,3.9877300613496933,73.31288343558282
E00080589,418,76,33,43,342,14,328,18.181818181818183,7.894736842105263,10.287081339712918,81.81818181818183,3.349282296650718,78.4688995215311
E00080590,199,27,10,17,172,9,163,13.5678391959799,5.025125628140704,8.542713567839195,86.4321608040201,4.522613065326634,81.90954773869346
E00080591,363,64,28,36,299,16,283,17.63085399449036,7.7134986225895315,9.917355371900827,82.36914600550963,4.40771349862259,77.96143250688705
E00080592,379,87,38,49,292,28,264,22.95514511873351,10.026385224274406,12.928759894459102,77.04485488126649,7.387862796833773,69.65699208443272
E00080594,289,12,1,11,277,19,258,4.1522491349480966,0.34602076124567477,3.8062283737024223,95.8477508650519,6.5743944636678195,89.27335640138409
E00080596,240,26,9,17,214,12,202,10.833333333333334,3.75,7.083333333333333,89.16666666666667,5,84.16666666666667
E00080598,302,21,4,17,281,18,263,6.95364238410596,1.3245033112582782,5.629139072847682,93.04635761589404,5.960264900662252,87.08609271523179
E00080600,321,26,8,18,295,18,277,8.09968847352025,2.4922118380062304,5.607476635514018,91.90031152647975,5.607476635514018,86.29283489096574
E00080601,200,23,8,15,177,9,168,11.5,4,7.5,88.5,4.5,84
E00080602,135,11,4,7,124,10,114,8.148148148148149,2.9629629629629632,5.185185185185185,91.85185185185185,7.4074074074074066,84.44444444444444
E00080603,207,14,4,10,193,9,184,6.763285024154589,1.932367149758454,4.830917874396135,93.23671497584542,4.3478260869565215,88.88888888888889
E00080604,374,30,11,19,344,16,328,8.0213903743315509,2.941176470588235,5.080213903743315,91.97860962566845,4.27807486631016,87.70053475935828
E00080605,317,25,10,15,292,14,278,7.886435331230284,3.1545741324921135,4.73186119873817,92.11356466876973,4.416403785488959,87.69716088328076
E00080607,308,23,8,15,285,34,251,7.467532467532467,2.5974025974025974,4.870129870129871,92.53246753246754,11.03896103896104,81.4935064935065
E00080608,374,27,8,19,347,28,319,7.219251336898395,2.13903743315508,5.080213903743315,92.7807486631016,7.4866310160427805,85.29411764705883
E00080609,175,19,8,11,156,7,149,10.857142857142858,4.571428571428571,6.2857142857142865,89.14285714285714,4,85.14285714285714
E00080610,341,34,14,20,307,18,289,9.970674486803519,4.105571847507331,5.865102639296188,90.02932551319648,5.278592375366569,84.75073313782991
E00080611,316,43,21,22,273,16,257,13.60759493670886,6.6455696202531636,6.962025316455696,86.39240506329115,5.063291139240507,81.32911392405063
E00080612,302,53,20,33,249,26,223,17.549668874172188,6.622516556291391,10.927152317880795,82.45033112582782,8.609271523178808,73.84105960264901
E00080613,327,46,18,28,281,17,264,14.067278287461773,5.5045871559633035,8.56269113149847,85.93272171253822,5.198776758409786,80.73394495412845
E00080614,325,59,17,42,266,24,242,18.153846153846153,5.230769230769231,12.923076923076923,81.84615384615384,7.384615384615385,74.46153846153845
E00080615,316,49,19,30,267,18,249,15.50632911392405,6.012658227848101,9.49367088607595,84.49367088607595,5.69620253164557,78.79746835443038
E00080616,313,47,19,28,266,25,241,15.015974440894569,6.070287539936102,8.945686900958465,84.98402555910543,7.987220447284344,76.99680511182109
E00080617,332,51,17,34,281,20,261,15.36144578313253,5.120481927710843,10.240963855421686,84.63855421686746,6.024096385542169,78.6144578313253
E00080618,312,45,14,31,267,26,241,14.423076923076922,4.487179487179487,9.935897435897436,85.57692307692307,8.333333333333332,77.24358974358975
E00080619,325,41,12,29,284,17,267,12.615384615384615,3.6923076923076925,8.923076923076923,87.38461538461539,5.230769230769231,82.15384615384616
E00080620,287,47,18,29,240,32,208,16.376306620209057,6.2717770034843205,10.104529616724738,83.62369337979094,11.149825783972126,72.47386759581882
E00080621,341,57,26,31,284,22,262,16.715542521994134,7.624633431085044,9.090909090909092,83.28445747800586,6.451612903225806,76.83284457478005
E00080622,310,54,23,31,256,13,243,17.419354838709676,7.419354838709677,10,82.58064516129032,4.193548387096775,78.38709677419354
E00080623,273,46,13,33,227,17,210,16.84981684981685,4.761904761904762,12.087912087912088,83.15018315018315,6.227106227106227,76.92307692307693
E00080624,307,52,23,29,255,18,237,16.938110749185668,7.491856677524431,9.446254071661238,83.06188925081433,5.863192182410423,77.19869706840392
E00080625,318,41,6,35,277,16,261,12.89308176100629,1.8867924528301887,11.0062893081761,87.10691823899371,5.031446540880504,82.0754716981132
E00080626,342,58,15,43,284,24,260,16.95906432748538,4.385964912280701,12.573099415204677,83.04093567251462,7.017543859649122,76.0233918128655
E00080627,372,68,40,28,304,30,274,18.27956989247312,10.75268817204301,7.526881720430108,81.72043010752688,8.064516129032258,73.65591397849462
E00080628,265,35,9,26,230,20,210,13.20754716981132,3.3962264150943398,9.811320754716983,86.79245283018868,7.547169811320755,79.24528301886792
E00080629,272,42,16,26,230,14,216,15.441176470588236,5.88235294117647,9.558823529411764,84.55882352941177,5.147058823529411,79.41176470588235
E00080630,286,49,18,31,237,18,219,17.132867132867133,6.293706293706294,10.839160839160838,82.86713286713287,6.293706293706294,76.57342657342657
E00080631,445,74,23,51,371,27,344,16.629213483146067,5.168539325842696,11.46067415730337,83.37078651685394,6.067415730337078,77.30337078651685
E00080632,458,79,37,42,379,33,346,17.248908296943235,8.078602620087336,9.170305676855897,82.75109170305677,7.20524017467249,75.54585152838428
E00080633,386,48,26,22,338,17,321,12.435233160621761,6.7357512953367875,5.699481865284974,87.56476683937824,4.404145077720207,83.16062176165802
E00080634,228,24,10,14,204,16,188,10.526315789473683,4.385964912280701,6.140350877192982,89.47368421052632,7.017543859649122,82.45614035087719
E00080635,461,59,26,33,402,27,375,12.79826464208243,5.639913232104121,7.158351409978309,87.20173535791757,5.856832971800434,81.34490238611714
E00080637,329,61,21,40,268,21,247,18.541033434650455,6.382978723404255,12.158054711246201,81.45896656534954,6.382978723404255,75.07598784194529
E00080638,285,44,13,31,241,26,215,15.43859649122807,4.56140350877193,10.87719298245614,84.56140350877193,9.12280701754386,75.43859649122807
E00080639,280,42,9,33,238,21,217,15,3.214285714285714,11.785714285714285,85,7.5,77.5
E00080640,320,39,14,25,281,19,262,12.1875,4.375,7.8125,87.8125,5.9375,81.875
E00080641,273,35,16,19,238,26,212,12.82051282051282,5.86080586080586,6.95970695970696,87.17948717948718,9.523809523809524,77.65567765567766
E00080642,318,60,23,37,258,23,235,18.867924528301888,7.232704402515723,11.635220125786164,81.13207547169812,7.232704402515723,73.89937106918238
E00080643,379,49,17,32,330,20,310,12.928759894459102,4.485488126649076,8.443271767810026,87.0712401055409,5.277044854881266,81.79419525065963
E00080645,265,21,1,20,244,19,225,7.9245283018867925,0.37735849056603776,7.547169811320755,92.0754716981132,7.169811320754717,84.90566037735849
E00080646,135,11,3,8,124,15,109,8.148148148148149,2.2222222222222223,5.9259259259259265,91.85185185185185,11.11111111111111,80.74074074074075
E00080647,292,47,21,26,245,22,223,16.095890410958905,7.191780821917808,8.904109589041095,83.9041095890411,7.534246575342466,76.36986301369863
E00080648,306,36,16,20,270,19,251,11.76470588235294,5.228758169934641,6.535947712418301,88.23529411764706,6.209150326797386,82.02614379084967
E00080649,228,31,6,25,197,13,184,13.596491228070176,2.631578947368421,10.964912280701753,86.40350877192982,5.701754385964912,80.7017543859649
E00080650,509,56,24,32,453,23,430,11.00196463654224,4.715127701375246,6.286836935166994,88.99803536345776,4.518664047151278,84.47937131630648
E00080651,498,39,20,19,459,26,433,7.83132530120482,4.016064257028113,3.815261044176707,92.16867469879519,5.220883534136546,86.94779116465864
E00080653,291,44,30,14,247,15,232,15.120274914089347,10.309278350515463,4.810996563573884,84.87972508591065,5.154639175257731,79.72508591065292
E00080654,204,19,6,13,185,15,170,9.313725490196079,2.941176470588235,6.372549019607843,90.68627450980392,7.352941176470589,83.33333333333334
E00080655,332,44,15,29,288,16,272,13.253012048192772,4.518072289156627,8.734939759036145,86.74698795180723,4.819277108433735,81.92771084337349
E00080656,335,60,23,37,275,11,264,17.91044776119403,6.865671641791045,11.044776119402986,82.08955223880598,3.2835820895522385,78.80597014925374
E00080657,370,19,10,9,351,15,336,5.135135135135135,2.7027027027027026,2.4324324324324325,94.86486486486486,4.054054054054054,90.81081081081082
E00080658,286,22,7,15,264,23,241,7.6923076923076925,2.4475524475524475,5.244755244755245,92.3076923076923,8.041958041958042,84.26573426573427
E00080659,268,54,21,33,214,17,197,20.149253731343283,7.835820895522389,12.313432835820896,79.8507462686567,6.343283582089552,73.50746268656717
E00080660,391,34,10,24,357,23,334,8.695652173913043,2.557544757033248,6.138107416879795,91.30434782608695,5.88235294117647,85.42199488491049
E00080661,432,76,33,43,356,21,335,17.59259259259259,7.638888888888889,9.953703703703704,82.4074074074074,4.861111111111112,77.54629629629629
E00080662,371,54,25,29,317,20,297,14.555256064690028,6.738544474393531,7.816711590296496,85.44474393530997,5.3908355795148255,80.05390835579514
E00080663,367,71,33,38,296,9,287,19.346049046321525,8.991825613079019,10.354223433242508,80.65395095367847,2.452316076294278,78.2016348773842
E00080665,275,21,9,12,254,15,239,7.636363636363637,3.272727272727273,4.363636363636364,92.36363636363636,5.454545454545454,86.9090909090909
E00080666,341,40,16,24,301,7,294,11.730205278592376,4.69208211143695,7.038123167155426,88.26979472140762,2.0527859237536656,86.21700879765396
E00080667,434,37,16,21,397,12,385,8.525345622119817,3.686635944700461,4.838709677419355,91.47465437788019,2.7649769585253456,88.70967741935483
E00080668,176,13,2,11,163,10,153,7.386363636363637,1.1363636363636365,6.25,92.61363636363636,5.681818181818182,86.93181818181817
E00080669,432,35,13,22,397,15,382,8.101851851851851,3.009259259259259,5.092592592592593,91.89814814814815,3.4722222222222223,88.42592592592592
E00080670,272,28,10,18,244,11,233,10.294117647058822,3.6764705882352944,6.61764705882353,89.70588235294117,4.044117647058823,85.66176470588235
E00080671,258,38,16,22,220,22,198,14.728682170542637,6.2015503875969,8.527131782945736,85.27131782945736,8.527131782945736,76.74418604651163
E00080672,256,38,16,22,218,9,209,14.84375,6.25,8.59375,85.15625,3.515625,81.640625
E00080673,442,107,79,28,335,9,326,24.20814479638009,17.873303167420815,6.334841628959276,75.7918552036199,2.0361990950226243,73.7556561085973
E00080674,459,37,10,27,422,26,396,8.061002178649238,2.178649237472767,5.88235294117647,91.93899782135077,5.664488017429194,86.27450980392157
E00080675,349,41,13,28,308,15,293,11.74785100286533,3.7249283667621778,8.022922636103152,88.25214899713467,4.297994269340974,83.95415472779369
E00080676,327,38,16,22,289,8,281,11.62079510703364,4.892966360856269,6.727828746177369,88.37920489296636,2.4464831804281344,85.93272171253822
E00080677,359,50,15,35,309,16,293,13.92757660167131,4.178272980501393,9.749303621169917,86.0724233983287,4.456824512534819,81.61559888579387
E00080679,377,39,23,16,338,14,324,10.344827586206897,6.10079575596817,4.244031830238726,89.65517241379311,3.7135278514588856,85.94164456233422
E00080680,354,51,22,29,303,18,285,14.40677966101695,6.214689265536723,8.192090395480225,85.59322033898306,5.084745762711865,80.50847457627118
E00080681,346,29,14,15,317,16,301,8.38150289017341,4.046242774566474,4.335260115606936,91.61849710982659,4.624277456647398,86.9942196531792
E00080682,214,27,10,17,187,8,179,12.616822429906541,4.672897196261682,7.943925233644859,87.38317757009347,3.7383177570093453,83.64485981308411
E00080683,557,49,18,31,508,31,477,8.797127468581687,3.231597845601436,5.565529622980251,91.20287253141831,5.565529622980251,85.63734290843806
E00080684,266,31,12,19,235,14,221,11.654135338345863,4.511278195488721,7.142857142857142,88.34586466165413,5.263157894736842,83.0827067669173
E00080685,353,61,27,34,292,23,269,17.280453257790366,7.64872521246459,9.631728045325778,82.71954674220963,6.515580736543909,76.20396600566572
E00080686,228,56,28,28,172,9,163,24.561403508771928,12.280701754385964,12.280701754385964,75.43859649122807,3.9473684210526314,71.49122807017544
E00080687,432,63,29,34,369,23,346,14.583333333333334,6.712962962962964,7.87037037037037,85.41666666666666,5.324074074074074,80.0925925925926
E00080688,321,61,23,38,260,14,246,19.003115264797508,7.165109034267912,11.838006230529595,80.99688473520249,4.361370716510903,76.63551401869158
E00080689,277,64,24,40,213,15,198,23.104693140794225,8.664259927797833,14.440433212996389,76.89530685920577,5.415162454873646,71.48014440433214
E00080690,293,34,15,19,259,18,241,11.604095563139932,5.1194539249146755,6.484641638225256,88.39590443686008,6.143344709897611,82.25255972696246
E00080691,363,68,34,34,295,22,273,18.732782369146005,9.366391184573002,9.366391184573002,81.26721763085399,6.0606060606060606,75.20661157024794
E00080692,311,53,23,30,258,11,247,17.041800643086816,7.395498392282958,9.646302250803858,82.95819935691318,3.536977491961415,79.42122186495176
E00080693,114,70,44,26,44,4,40,61.40350877192983,38.59649122807017,22.807017543859647,38.59649122807017,3.508771929824561,35.08771929824561
E00080694,237,70,37,33,167,14,153,29.535864978902953,15.611814345991561,13.924050632911392,70.46413502109705,5.9071729957805905,64.55696202531645
E00080695,359,41,15,26,318,14,304,11.420612813370473,4.178272980501393,7.242339832869081,88.57938718662952,3.8997214484679668,84.67966573816156
E00080696,422,47,19,28,375,24,351,11.137440758293838,4.502369668246446,6.6350710900473935,88.86255924170617,5.687203791469194,83.17535545023696
E00080697,322,41,16,25,281,25,256,12.732919254658384,4.968944099378882,7.763975155279502,87.26708074534162,7.763975155279502,79.5031055900621
E00080698,373,72,30,42,301,21,280,19.302949061662197,8.04289544235925,11.26005361930295,80.6970509383378,5.630026809651475,75.06702412868633
E00080699,288,68,36,32,220,21,199,23.61111111111111,12.5,11.11111111111111,76.38888888888889,7.291666666666667,69.09722222222221
E00080700,299,72,29,43,227,19,208,24.08026755852843,9.698996655518394,14.381270903010032,75.91973244147158,6.354515050167224,69.56521739130434
E00080701,368,47,15,32,321,16,305,12.771739130434783,4.076086956521739,8.695652173913043,87.22826086956522,4.3478260869565215,82.88043478260869
E00080702,546,64,28,36,482,18,464,11.72161172161172,5.128205128205128,6.593406593406594,88.27838827838828,3.296703296703297,84.98168498168498
E00080703,355,42,18,24,313,12,301,11.830985915492958,5.070422535211268,6.760563380281689,88.16901408450704,3.3802816901408446,84.78873239436619
E00080704,284,41,19,22,243,20,223,14.43661971830986,6.690140845070422,7.746478873239436,85.56338028169014,7.042253521126761,78.52112676056338
E00080705,450,50,23,27,400,24,376,11.11111111111111,5.111111111111112,6,88.88888888888889,5.333333333333334,83.55555555555556
E00080706,299,37,9,28,262,18,244,12.37458193979933,3.0100334448160537,9.364548494983277,87.62541806020067,6.0200668896321075,81.60535117056857
E00080707,361,45,11,34,316,17,299,12.465373961218837,3.0470914127423825,9.418282548476455,87.53462603878116,4.7091412742382275,82.82548476454294
E00080708,355,46,14,32,309,16,293,12.957746478873238,3.943661971830986,9.014084507042254,87.04225352112675,4.507042253521127,82.53521126760563
E00080709,478,39,13,26,439,25,414,8.158995815899582,2.7196652719665275,5.439330543933055,91.84100418410041,5.230125523012552,86.61087866108787
E00080710,362,90,62,28,272,28,244,24.861878453038674,17.12707182320442,7.734806629834254,75.13812154696133,7.734806629834254,67.40331491712708
E00080711,302,47,27,20,255,12,243,15.562913907284766,8.940397350993377,6.622516556291391,84.43708609271523,3.9735099337748347,80.4635761589404
E00080712,346,35,14,21,311,12,299,10.115606936416185,4.046242774566474,6.069364161849711,89.88439306358381,3.4682080924855487,86.41618497109826
E00080713,342,35,13,22,307,18,289,10.23391812865497,3.8011695906432745,6.432748538011696,89.76608187134502,5.263157894736842,84.50292397660819
E00080714,262,50,23,27,212,14,198,19.083969465648856,8.778625954198473,10.305343511450381,80.91603053435115,5.343511450381679,75.57251908396947
E00080715,313,50,18,32,263,14,249,15.974440894568689,5.7507987220447285,10.223642172523961,84.02555910543131,4.472843450479233,79.55271565495208
E00080716,365,41,20,21,324,25,299,11.232876712328768,5.47945205479452,5.7534246575342465,88.76712328767124,6.8493150684931505,81.91780821917808
E00080717,338,55,20,35,283,14,269,16.272189349112427,5.9171597633136095,10.355029585798817,83.72781065088756,4.142011834319527,79.58579881656804
E00080718,252,38,19,19,214,12,202,15.079365079365079,7.5396825396825395,7.5396825396825395,84.92063492063492,4.761904761904762,80.15873015873017
E00080719,365,57,23,34,308,20,288,15.616438356164384,6.301369863013699,9.315068493150685,84.38356164383562,5.47945205479452,78.9041095890411
E00080720,284,35,18,17,249,22,227,12.323943661971832,6.338028169014084,5.985915492957746,87.67605633802818,7.746478873239436,79.92957746478874
E00080721,322,48,24,24,274,17,257,14.906832298136646,7.453416149068323,7.453416149068323,85.09316770186336,5.279503105590062,79.8136645962733
E00080722,277,70,32,38,207,10,197,25.27075812274368,11.552346570397113,13.718411552346572,74.72924187725631,3.6101083032490973,71.11913357400722
E00080723,273,36,16,20,237,22,215,13.186813186813188,5.86080586080586,7.326007326007327,86.81318681318682,8.058608058608058,78.75457875457876
E00080724,314,59,22,37,255,22,233,18.789808917197455,7.006369426751593,11.78343949044586,81.21019108280255,7.006369426751593,74.20382165605095
E00080725,336,49,27,22,287,20,267,14.583333333333334,8.035714285714286,6.547619047619048,85.41666666666666,5.952380952380952,79.46428571428571
E00080726,588,73,27,46,515,38,477,12.414965986394558,4.591836734693878,7.8231292517006805,87.58503401360545,6.462585034013606,81.12244897959184
E00080727,362,45,14,31,317,31,286,12.430939226519337,3.867403314917127,8.56353591160221,87.56906077348067,8.56353591160221,79.00552486187846
E00080728,328,36,17,19,292,20,272,10.975609756097562,5.182926829268292,5.7926829268292686,89.02439024390245,6.097560975609756,82.92682926829268
E00080729,362,51,27,24,311,15,296,14.088397790055248,7.458563535911603,6.629834254143646,85.91160220994475,4.143646408839778,81.76795580110497
E00080730,232,38,17,21,194,20,174,16.379310344827587,7.327586206896551,9.051724137931034,83.62068965517241,8.620689655172415,75
E00080732,317,58,23,35,259,20,239,18.29652996845426,7.255520504731862,11.041009463722396,81.70347003154575,6.309148264984227,75.39432176656152
E00080733,358,26,12,14,332,29,303,7.262569832402235,3.35195530726257,3.910614525139665,92.73743016759776,8.100558659217876,84.63687150837988
E00080734,335,41,9,32,294,15,279,12.238805970149254,2.6865671641791042,9.55223880597015,87.76119402985074,4.477611940298507,83.28358208955224
E00080735,329,49,30,19,280,19,261,14.893617021276595,9.118541033434651,5.775075987841945,85.1063829787234,5.775075987841945,79.33130699088146
E00080736,148,40,18,22,108,5,103,27.027027027027028,12.162162162162163,14.864864864864865,72.97297297297297,3.3783783783783785,69.5945945945946
E00080737,331,49,17,32,282,34,248,14.803625377643503,5.13595166163142,9.667673716012084,85.1963746223565,10.27190332326284,74.92447129909365
E00080738,281,46,18,28,235,11,224,16.370106761565836,6.405693950177936,9.9644128113879,83.62989323843416,3.9145907473309607,79.7153024911032
E00080739,247,34,12,22,213,12,201,13.765182186234817,4.8582995951417,8.906882591093117,86.23481781376519,4.8582995951417,81.37651821862349
E00080740,236,40,11,29,196,16,180,16.94915254237288,4.661016949152542,12.288135593220339,83.05084745762711,6.779661016949152,76.27118644067797
E00080741,366,47,22,25,319,24,295,12.841530054644808,6.0109289617486334,6.830601092896176,87.1584699453552,6.557377049180328,80.60109289617486
E00080742,424,57,24,33,367,23,344,13.443396226415095,5.660377358490567,7.783018867924528,86.55660377358491,5.4245283018867925,81.13207547169812
E00080743,289,25,9,16,264,16,248,8.650519031141869,3.1141868512110724,5.536332179930796,91.34948096885813,5.536332179930796,85.81314878892734
E00080744,312,44,16,28,268,10,258,14.102564102564102,5.128205128205128,8.974358974358974,85.8974358974359,3.205128205128205,82.6923076923077
E00080745,246,67,33,34,179,13,166,27.235772357723576,13.414634146341465,13.821138211382115,72.76422764227642,5.284552845528456,67.47967479674797
E00080746,353,45,17,28,308,26,282,12.747875354107649,4.815864022662889,7.932011331444759,87.25212464589235,7.365439093484419,79.88668555240793
E00080747,298,42,11,31,256,20,236,14.093959731543624,3.691275167785235,10.40268456375839,85.90604026845638,6.7114093959731544,79.19463087248322
E00080748,341,39,14,25,302,21,281,11.436950146627565,4.105571847507331,7.331378299120235,88.56304985337243,6.158357771260997,82.40469208211144
E00080749,314,53,23,30,261,26,235,16.878980891719745,7.32484076433121,9.554140127388536,83.12101910828027,8.280254777070063,74.84076433121018
E00080750,333,52,24,28,281,21,260,15.615615615615615,7.207207207207207,8.408408408408409,84.38438438438438,6.306306306306306,78.07807807807808
E00080751,360,44,12,32,316,14,302,12.222222222222221,3.3333333333333335,8.88888888888889,87.77777777777777,3.888888888888889,83.88888888888889
E00080752,365,55,25,30,310,15,295,15.068493150684931,6.8493150684931505,8.21917808219178,84.93150684931507,4.10958904109589,80.82191780821918
E00080753,243,58,30,28,185,11,174,23.868312757201647,12.345679012345679,11.522633744855968,76.13168724279835,4.526748971193416,71.60493827160494
E00080754,314,46,15,31,268,19,249,14.64968152866242,4.777070063694268,9.872611464968154,85.35031847133759,6.050955414012739,79.29936305732484
E00080755,309,40,17,23,269,13,256,12.944983818770226,5.501618122977346,7.443365695792881,87.05501618122977,4.207119741100324,82.84789644012946
E00080756,311,57,26,31,254,18,236,18.327974276527332,8.360128617363344,9.967845659163988,81.67202572347267,5.787781350482315,75.88424437299035
E00080758,352,68,29,39,284,26,258,19.318181818181817,8.238636363636363,11.079545454545455,80.68181818181817,7.386363636363637,73.29545454545455
E00080759,362,64,27,37,298,18,280,17.67955801104972,7.458563535911603,10.220994475138122,82.32044198895028,4.972375690607735,77.34806629834254
E00080761,331,53,26,27,278,16,262,16.012084592145015,7.854984894259818,8.157099697885197,83.98791540785498,4.833836858006042,79.15407854984893
E00080762,363,67,27,40,296,22,274,18.457300275482094,7.43801652892562,11.019283746556475,81.5426997245179,6.0606060606060606,75.48209366391184
E00080763,330,52,24,28,278,14,264,15.757575757575756,7.2727272727272725,8.484848484848486,84.24242424242424,4.242424242424243,80
E00080764,291,51,31,20,240,10,230,17.525773195876287,10.652920962199312,6.872852233676976,82.4742268041237,3.436426116838488,79.03780068728523
E00080765,405,57,27,30,348,18,330,14.074074074074074,6.666666666666667,7.4074074074074066,85.92592592592592,4.444444444444445,81.48148148148148
E00080766,403,56,27,29,347,16,331,13.895781637717123,6.699751861042183,7.196029776674938,86.10421836228288,3.970223325062035,82.13399503722084
E00080767,300,79,39,40,221,14,207,26.333333333333332,13,13.333333333333334,73.66666666666667,4.666666666666667,69
E00080768,277,47,28,19,230,13,217,16.967509025270758,10.108303249097473,6.859205776173286,83.03249097472924,4.693140794223827,78.33935018050542
E00080769,344,102,63,39,242,13,229,29.651162790697676,18.313953488372093,11.337209302325581,70.34883720930233,3.77906976744186,66.56976744186046
E00080770,442,62,22,40,380,20,360,14.027149321266968,4.97737556561086,9.049773755656108,85.97285067873304,4.524886877828054,81.44796380090497
E00080771,341,62,29,33,279,22,257,18.181818181818183,8.504398826979472,9.67741935483871,81.81818181818183,6.451612903225806,75.366568914956
E00080772,244,37,11,26,207,20,187,15.163934426229508,4.508196721311475,10.655737704918032,84.8360655737705,8.19672131147541,76.63934426229508
E00080773,248,58,21,37,190,15,175,23.387096774193548,8.46774193548387,14.919354838709678,76.61290322580645,6.048387096774194,70.56451612903226
E00080774,250,44,19,25,206,21,185,17.599999999999998,7.6,10,82.39999999999999,8.4,74
E00080775,258,62,28,34,196,12,184,24.031007751937985,10.852713178294573,13.178294573643413,75.96899224806202,4.651162790697675,71.31782945736434
E00080776,309,28,8,20,281,21,260,9.06148867313916,2.5889967637540456,6.472491909385113,90.93851132686083,6.796116504854369,84.14239482200647
E00080777,209,25,10,15,184,8,176,11.961722488038278,4.784688995215311,7.177033492822966,88.03827751196172,3.827751196172249,84.21052631578947
E00080778,308,38,9,29,270,18,252,12.337662337662337,2.922077922077922,9.415584415584416,87.66233766233766,5.844155844155844,81.81818181818183
E00080779,297,48,26,22,249,24,225,16.161616161616163,8.754208754208754,7.4074074074074066,83.83838383838383,8.080808080808081,75.75757575757575
E00080780,315,30,8,22,285,20,265,9.523809523809524,2.5396825396825395,6.984126984126984,90.47619047619048,6.349206349206349,84.12698412698413
E00080781,366,56,22,34,310,10,300,15.300546448087433,6.0109289617486334,9.289617486338798,84.69945355191257,2.73224043715847,81.9672131147541
E00080782,248,26,9,17,222,18,204,10.483870967741936,3.6290322580645165,6.854838709677419,89.51612903225806,7.258064516129033,82.25806451612904
E00080783,295,57,27,30,238,16,222,19.322033898305087,9.152542372881356,10.16949152542373,80.67796610169492,5.423728813559322,75.2542372881356
E00080784,312,62,23,39,250,28,222,19.871794871794872,7.371794871794872,12.5,80.12820512820514,8.974358974358974,71.15384615384616
E00080785,357,63,27,36,294,24,270,17.647058823529413,7.563025210084033,10.084033613445378,82.35294117647058,6.722689075630252,75.63025210084034
E00080786,339,22,3,19,317,18,299,6.489675516224189,0.8849557522123894,5.604719764011799,93.5103244837758,5.3097345132743365,88.20058997050147
E00080787,306,49,12,37,257,16,241,16.013071895424837,3.9215686274509802,12.091503267973856,83.98692810457517,5.228758169934641,78.75816993464052
E00080788,228,50,18,32,178,11,167,21.929824561403507,7.894736842105263,14.035087719298245,78.0701754385965,4.824561403508771,73.24561403508771
E00080789,311,37,14,23,274,21,253,11.89710610932476,4.501607717041801,7.395498392282958,88.10289389067523,6.752411575562702,81.35048231511254
E00080791,422,33,7,26,389,41,348,7.819905213270142,1.6587677725118484,6.161137440758294,92.18009478672985,9.715639810426541,82.46445497630332
E00080793,405,26,9,17,379,17,362,6.419753086419753,2.2222222222222223,4.197530864197531,93.58024691358024,4.197530864197531,89.38271604938272
E00080794,419,50,15,35,369,20,349,11.933174224343675,3.579952267303103,8.353221957040573,88.06682577565633,4.77326968973747,83.29355608591885
E00080795,297,42,18,24,255,19,236,14.14141414141414,6.0606060606060606,8.080808080808081,85.85858585858585,6.397306397306397,79.46127946127946
E00080796,356,46,10,36,310,10,300,12.921348314606742,2.8089887640449436,10.112359550561797,87.07865168539325,2.8089887640449436,84.26966292134831
E00080797,434,59,24,35,375,28,347,13.594470046082948,5.529953917050691,8.064516129032258,86.40552995391705,6.451612903225806,79.95391705069125
E00080798,316,62,25,37,254,22,232,19.62025316455696,7.9113924050632916,11.708860759493671,80.37974683544303,6.962025316455696,73.41772151898735
E00080799,290,32,12,20,258,19,239,11.03448275862069,4.137931034482759,6.896551724137931,88.96551724137932,6.551724137931035,82.41379310344827
E00080800,314,41,5,36,273,39,234,13.05732484076433,1.5923566878980893,11.464968152866243,86.94267515923568,12.420382165605096,74.52229299363057
E00080801,281,45,22,23,236,23,213,16.014234875444842,7.829181494661921,8.185053380782918,83.98576512455516,8.185053380782918,75.80071174377224
E00080802,376,22,6,16,354,10,344,5.851063829787234,1.5957446808510638,4.25531914893617,94.14893617021278,2.6595744680851063,91.48936170212765
E00080803,449,32,8,24,417,22,395,7.126948775055679,1.7817371937639197,5.3452115812917596,92.87305122494432,4.8997772828507795,87.97327394209354
E00080805,466,41,17,24,425,23,402,8.798283261802576,3.648068669527897,5.150214592274678,91.20171673819742,4.935622317596566,86.26609442060087
E00080807,313,21,4,17,292,20,272,6.7092651757188495,1.2779552715654952,5.431309904153355,93.29073482428115,6.3897763578274756,86.90095846645367
E00080809,390,49,16,33,341,22,319,12.564102564102564,4.102564102564102,8.461538461538462,87.43589743589743,5.641025641025641,81.7948717948718
E00080810,478,34,11,23,444,26,418,7.112970711297072,2.301255230125523,4.811715481171548,92.88702928870293,5.439330543933055,87.44769874476988
E00080812,280,47,13,34,233,34,199,16.785714285714285,4.642857142857143,12.142857142857142,83.21428571428572,12.142857142857142,71.07142857142857
E00080813,330,57,23,34,273,22,251,17.272727272727273,6.969696969696971,10.303030303030303,82.72727272727273,6.666666666666667,76.06060606060606
E00080814,278,48,23,25,230,10,220,17.26618705035971,8.273381294964029,8.992805755395683,82.73381294964028,3.5971223021582732,79.13669064748201
E00080815,324,55,21,34,269,30,239,16.97530864197531,6.481481481481481,10.493827160493826,83.0246913580247,9.25925925925926,73.76543209876543
E00080816,318,54,21,33,264,27,237,16.9811320754717,6.60377358490566,10.377358490566039,83.01886792452831,8.49056603773585,74.52830188679245
E00080817,330,45,15,30,285,20,265,13.636363636363635,4.545454545454546,9.090909090909092,86.36363636363636,6.0606060606060606,80.3030303030303
E00080818,398,64,29,35,334,28,306,16.08040201005025,7.2864321608040195,8.793969849246231,83.91959798994975,7.035175879396985,76.88442211055276
E00080819,316,61,21,40,255,22,233,19.303797468354432,6.6455696202531636,12.658227848101266,80.69620253164557,6.962025316455696,73.73417721518987
E00080820,286,61,32,29,225,15,210,21.328671328671327,11.188811188811188,10.13986013986014,78.67132867132867,5.244755244755245,73.42657342657343
E00080821,281,58,20,38,223,17,206,20.640569395017792,7.11743772241993,13.523131672597867,79.35943060498221,6.049822064056939,73.30960854092527
E00080822,255,48,16,32,207,18,189,18.823529411764707,6.2745098039215685,12.549019607843137,81.17647058823529,7.0588235294117645,74.11764705882354
E00080823,221,66,26,40,155,15,140,29.86425339366516,11.76470588235294,18.099547511312217,70.13574660633483,6.787330316742081,63.348416289592755
E00080824,251,64,29,35,187,23,164,25.49800796812749,11.553784860557768,13.94422310756972,74.5019920318725,9.163346613545817,65.33864541832669
E00080825,304,48,21,27,256,8,248,15.789473684210526,6.907894736842106,8.881578947368421,84.21052631578947,2.631578947368421,81.57894736842105
E00080826,261,62,21,41,199,20,179,23.754789272030653,8.045977011494253,15.708812260536398,76.24521072796935,7.662835249042145,68.5823754789272
E00080827,275,62,31,31,213,20,193,22.545454545454547,11.272727272727273,11.272727272727273,77.45454545454545,7.2727272727272725,70.18181818181817
E00080828,343,82,36,46,261,25,236,23.9067055393586,10.495626822157435,13.411078717201166,76.0932944606414,7.288629737609329,68.80466472303208
E00080829,339,44,21,23,295,16,279,12.979351032448378,6.1946902654867255,6.784660766961652,87.02064896755162,4.71976401179941,82.30088495575221
E00080830,365,91,35,56,274,30,244,24.93150684931507,9.58904109589041,15.342465753424658,75.06849315068493,8.21917808219178,66.84931506849315
E00080831,224,49,23,26,175,15,160,21.875,10.267857142857142,11.607142857142858,78.125,6.696428571428571,71.42857142857143
E00080832,361,65,29,36,296,23,273,18.005540166204987,8.033240997229916,9.97229916897507,81.99445983379502,6.3711911357340725,75.62326869806094
E00080833,336,57,29,28,279,17,262,16.964285714285715,8.630952380952381,8.333333333333332,83.03571428571429,5.059523809523809,77.97619047619048
E00080834,309,64,29,35,245,15,230,20.711974110032365,9.385113268608414,11.326860841423949,79.28802588996764,4.854368932038835,74.4336569579288
E00080835,289,66,33,33,223,26,197,22.837370242214533,11.418685121107266,11.418685121107266,77.16262975778547,8.996539792387544,68.16608996539793
E00080836,232,82,49,33,150,16,134,35.3448275862069,21.120689655172413,14.224137931034484,64.65517241379311,6.896551724137931,57.758620689655174
E00080837,224,56,26,30,168,21,147,25,11.607142857142858,13.392857142857142,75,9.375,65.625
E00080838,332,51,22,29,281,21,260,15.36144578313253,6.626506024096386,8.734939759036145,84.63855421686746,6.325301204819277,78.3132530120482
E00080839,289,52,22,30,237,18,219,17.99307958477509,7.612456747404845,10.380622837370241,82.00692041522491,6.228373702422145,75.77854671280276
E00080840,301,53,18,35,248,26,222,17.60797342192691,5.980066445182724,11.627906976744185,82.39202657807309,8.637873754152823,73.75415282392026
E00080841,302,39,18,21,263,28,235,12.91390728476821,5.960264900662252,6.95364238410596,87.08609271523179,9.271523178807946,77.81456953642383
E00080842,233,41,12,29,192,19,173,17.59656652360515,5.150214592274678,12.446351931330472,82.40343347639485,8.15450643776824,74.2489270386266
E00080843,339,38,12,26,301,26,275,11.209439528023598,3.5398230088495577,7.669616519174041,88.79056047197639,7.669616519174041,81.12094395280236
E00080844,367,58,23,35,309,40,269,15.803814713896458,6.267029972752043,9.536784741144414,84.19618528610354,10.899182561307901,73.29700272479565
E00080845,300,33,11,22,267,19,248,11,3.6666666666666665,7.333333333333333,89,6.333333333333334,82.66666666666667
E00080846,340,37,10,27,303,25,278,10.882352941176471,2.941176470588235,7.941176470588235,89.11764705882354,7.352941176470589,81.76470588235294
E00080847,571,84,25,59,487,32,455,14.711033274956216,4.378283712784588,10.332749562171628,85.28896672504378,5.604203152364273,79.6847635726795
E00080848,288,40,15,25,248,21,227,13.88888888888889,5.208333333333334,8.680555555555555,86.11111111111111,7.291666666666667,78.81944444444444
E00080849,309,46,16,30,263,21,242,14.886731391585762,5.177993527508091,9.70873786407767,85.11326860841424,6.796116504854369,78.31715210355988
E00080851,415,82,24,58,333,34,299,19.759036144578314,5.783132530120482,13.975903614457833,80.24096385542168,8.19277108433735,72.04819277108435
E00080852,357,63,20,43,294,23,271,17.647058823529413,5.602240896358544,12.044817927170868,82.35294117647058,6.442577030812324,75.91036414565826
E00080853,273,43,17,26,230,23,207,15.75091575091575,6.227106227106227,9.523809523809524,84.24908424908425,8.424908424908425,75.82417582417582
E00080854,320,43,15,28,277,18,259,13.4375,4.6875,8.75,86.5625,5.625,80.9375
E00080855,347,47,13,34,300,14,286,13.544668587896252,3.7463976945244957,9.798270893371757,86.45533141210375,4.034582132564841,82.42074927953891
E00080856,341,50,24,26,291,26,265,14.66275659824047,7.038123167155426,7.624633431085044,85.33724340175954,7.624633431085044,77.71260997067448
E00080857,260,45,12,33,215,26,189,17.307692307692307,4.615384615384616,12.692307692307692,82.6923076923077,10,72.6923076923077
E00080858,241,49,24,25,192,12,180,20.33195020746888,9.95850622406639,10.37344398340249,79.66804979253112,4.979253112033195,74.68879668049793
E00080859,400,56,22,34,344,23,321,14.000000000000002,5.5,8.5,86,5.75,80.25
E00080860,247,75,36,39,172,13,159,30.364372469635626,14.5748987854251,15.789473684210526,69.63562753036437,5.263157894736842,64.37246963562752
E00080861,295,45,13,32,250,24,226,15.254237288135593,4.406779661016949,10.847457627118644,84.7457627118644,8.135593220338983,76.61016949152543
E00080862,342,55,22,33,287,27,260,16.08187134502924,6.432748538011696,9.649122807017543,83.91812865497076,7.894736842105263,76.0233918128655
E00080863,298,73,32,41,225,11,214,24.496644295302016,10.738255033557047,13.758389261744966,75.50335570469798,3.691275167785235,71.81208053691275
E00080864,321,60,28,32,261,10,251,18.69158878504673,8.722741433021806,9.968847352024921,81.30841121495327,3.115264797507788,78.19314641744548
E00080865,393,55,23,32,338,36,302,13.994910941475828,5.852417302798982,8.142493638676845,86.00508905852418,9.16030534351145,76.84478371501272
E00080866,396,60,27,33,336,17,319,15.151515151515152,6.8181818181818175,8.333333333333332,84.84848484848484,4.292929292929292,80.55555555555556
E00080867,363,71,29,42,292,14,278,19.55922865013774,7.988980716253444,11.570247933884298,80.44077134986226,3.8567493112947657,76.5840220385675
E00080868,366,76,34,42,290,34,256,20.76502732240437,9.289617486338798,11.475409836065573,79.23497267759562,9.289617486338798,69.94535519125684
E00080869,342,67,36,31,275,20,255,19.5906432748538,10.526315789473683,9.064327485380117,80.4093567251462,5.847953216374268,74.56140350877193
E00080870,335,51,16,35,284,26,258,15.223880597014924,4.776119402985075,10.44776119402985,84.77611940298507,7.761194029850746,77.01492537313432
E00080871,389,62,28,34,327,23,304,15.938303341902312,7.197943444730077,8.740359897172237,84.06169665809769,5.912596401028278,78.1491002570694
E00080872,297,64,28,36,233,16,217,21.548821548821547,9.427609427609427,12.121212121212121,78.45117845117845,5.387205387205387,73.06397306397307
E00080873,222,75,36,39,147,16,131,33.78378378378378,16.216216216216218,17.56756756756757,66.21621621621621,7.207207207207207,59.009009009009006
E00080874,273,82,45,37,191,13,178,30.036630036630036,16.483516483516482,13.553113553113553,69.96336996336996,4.761904761904762,65.2014652014652
E00080875,323,62,21,41,261,17,244,19.195046439628484,6.5015479876160995,12.693498452012383,80.80495356037152,5.263157894736842,75.54179566563467
E00080876,423,111,65,46,312,24,288,26.24113475177305,15.36643026004728,10.874704491725769,73.75886524822694,5.673758865248227,68.08510638297872
E00080877,315,56,25,31,259,20,239,17.77777777777778,7.936507936507936,9.841269841269842,82.22222222222221,6.349206349206349,75.87301587301587
E00080878,337,49,19,30,288,23,265,14.540059347181009,5.637982195845697,8.902077151335313,85.45994065281899,6.824925816023739,78.63501483679525
E00080879,352,34,17,17,318,20,298,9.659090909090908,4.829545454545454,4.829545454545454,90.3409090909091,5.681818181818182,84.6590909090909
E00080880,329,49,25,24,280,20,260,14.893617021276595,7.598784194528875,7.29483282674772,85.1063829787234,6.079027355623101,79.0273556231003
E00080881,347,45,20,25,302,26,276,12.968299711815561,5.763688760806916,7.204610951008646,87.03170028818444,7.492795389048991,79.53890489913545
E00080882,345,41,16,25,304,38,266,11.884057971014492,4.63768115942029,7.246376811594203,88.1159420289855,11.014492753623188,77.10144927536233
E00080883,258,39,12,27,219,21,198,15.11627906976744,4.651162790697675,10.465116279069768,84.88372093023256,8.13953488372093,76.74418604651163
E00080884,325,51,19,32,274,22,252,15.692307692307692,5.846153846153846,9.846153846153847,84.3076923076923,6.769230769230769,77.53846153846153
E00080885,291,49,22,27,242,26,216,16.83848797250859,7.560137457044673,9.278350515463918,83.16151202749141,8.934707903780069,74.22680412371135
E00080886,323,36,10,26,287,16,271,11.145510835913312,3.0959752321981426,8.04953560371517,88.85448916408669,4.953560371517028,83.90092879256966
E00080887,424,61,30,31,363,16,347,14.38679245283019,7.0754716981132075,7.311320754716981,85.61320754716981,3.7735849056603774,81.83962264150944
E00080888,332,50,17,33,282,19,263,15.060240963855422,5.120481927710843,9.939759036144578,84.93975903614458,5.72289156626506,79.21686746987952
E00080889,309,38,11,27,271,16,255,12.297734627831716,3.559870550161812,8.737864077669903,87.70226537216828,5.177993527508091,82.52427184466019
E00080890,325,45,15,30,280,24,256,13.846153846153847,4.615384615384616,9.230769230769232,86.15384615384616,7.384615384615385,78.76923076923077
E00080891,332,42,11,31,290,28,262,12.650602409638553,3.313253012048193,9.33734939759036,87.34939759036145,8.433734939759036,78.91566265060241
E00080892,265,35,19,16,230,34,196,13.20754716981132,7.169811320754717,6.037735849056604,86.79245283018868,12.830188679245284,73.9622641509434
E00080893,283,40,15,25,243,17,226,14.13427561837456,5.30035335689046,8.8339222614841,85.86572438162544,6.007067137809187,79.85865724381625
E00080894,285,56,19,37,229,21,208,19.649122807017545,6.666666666666667,12.982456140350877,80.35087719298247,7.368421052631578,72.98245614035088
E00080895,333,39,14,25,294,28,266,11.711711711711711,4.2042042042042045,7.5075075075075075,88.28828828828829,8.408408408408409,79.87987987987988
E00080896,362,39,9,30,323,18,305,10.773480662983426,2.4861878453038675,8.287292817679557,89.22651933701657,4.972375690607735,84.25414364640883
E00080897,352,42,17,25,310,31,279,11.931818181818182,4.829545454545454,7.1022727272727275,88.06818181818183,8.806818181818182,79.26136363636364
E00080898,332,65,29,36,267,31,236,19.57831325301205,8.734939759036145,10.843373493975903,80.42168674698796,9.33734939759036,71.08433734939759
E00080899,332,42,17,25,290,23,267,12.650602409638553,5.120481927710843,7.530120481927711,87.34939759036145,6.927710843373494,80.42168674698796
E00080900,363,37,10,27,326,33,293,10.192837465564738,2.7548209366391188,7.43801652892562,89.80716253443526,9.090909090909092,80.71625344352617
E00080901,352,49,13,36,303,16,287,13.920454545454545,3.6931818181818183,10.227272727272728,86.07954545454545,4.545454545454546,81.5340909090909
E00080902,396,82,46,36,314,30,284,20.707070707070706,11.616161616161616,9.090909090909092,79.29292929292929,7.575757575757576,71.71717171717171
E00080903,264,41,20,21,223,24,199,15.530303030303031,7.575757575757576,7.954545454545454,84.46969696969697,9.090909090909092,75.37878787878788
E00080904,336,45,22,23,291,22,269,13.392857142857142,6.547619047619048,6.845238095238096,86.60714285714286,6.547619047619048,80.05952380952381
E00080905,308,39,14,25,269,22,247,12.662337662337661,4.545454545454546,8.116883116883116,87.33766233766234,7.142857142857142,80.1948051948052
E00080906,322,59,31,28,263,26,237,18.32298136645963,9.627329192546584,8.695652173913043,81.67701863354037,8.074534161490684,73.6024844720497
E00080907,300,50,19,31,250,21,229,16.666666666666664,6.333333333333334,10.333333333333334,83.33333333333334,7.000000000000001,76.33333333333333
E00080908,384,51,23,28,333,19,314,13.28125,5.989583333333334,7.291666666666667,86.71875,4.947916666666666,81.77083333333334
E00080909,463,72,30,42,391,18,373,15.550755939524837,6.479481641468683,9.071274298056156,84.44924406047517,3.8876889848812093,80.56155507559394
E00080910,304,24,11,13,280,21,259,7.894736842105263,3.618421052631579,4.276315789473684,92.10526315789474,6.907894736842106,85.19736842105263
E00080911,318,38,19,19,280,24,256,11.949685534591195,5.9748427672955975,5.9748427672955975,88.0503144654088,7.547169811320755,80.50314465408806
E00080912,384,83,32,51,301,20,281,21.614583333333336,8.333333333333332,13.28125,78.38541666666666,5.208333333333334,73.17708333333334
E00080914,472,85,32,53,387,17,370,18.008474576271187,6.779661016949152,11.228813559322035,81.99152542372882,3.6016949152542375,78.38983050847457
E00080915,336,49,23,26,287,9,278,14.583333333333334,6.845238095238096,7.738095238095238,85.41666666666666,2.6785714285714284,82.73809523809523
E00080916,337,33,9,24,304,19,285,9.792284866468842,2.6706231454005933,7.121661721068249,90.20771513353115,5.637982195845697,84.56973293768546
E00080917,370,64,22,42,306,29,277,17.2972972972973,5.9459459459459465,11.351351351351353,82.70270270270271,7.837837837837839,74.86486486486487
E00080918,337,71,23,48,266,29,237,21.068249258160236,6.824925816023739,14.243323442136498,78.93175074183976,8.605341246290802,70.32640949554896
E00080919,333,59,30,29,274,9,265,17.71771771771772,9.00900900900901,8.708708708708707,82.28228228228228,2.7027027027027026,79.57957957957959
E00080920,483,80,25,55,403,23,380,16.563146997929607,5.175983436853002,11.387163561076605,83.436853002070393,4.761904761904762,78.67494824016563
E00080921,548,61,20,41,487,25,462,11.13138686131387,3.64963503649635,7.481751824817519,88.86861313868614,4.562043795620438,84.30656934306569
E00080922,401,76,33,43,325,18,307,18.952618453865338,8.229426433915211,10.723192019950124,81.04738154613467,4.488778054862843,76.55860349127181
E00080923,612,68,33,35,544,19,525,11.11111111111111,5.392156862745098,5.718954248366013,88.88888888888889,3.104575163398693,85.7843137254902
E00080924,318,57,29,28,261,15,246,17.92452830188679,9.119496855345911,8.80503144654088,82.0754716981132,4.716981132075472,77.35849056603774
E00080925,371,53,30,23,318,8,310,14.285714285714285,8.086253369272237,6.199460916442049,85.71428571428571,2.15633423180593,83.55795148247978
E00080926,291,49,25,24,242,12,230,16.83848797250859,8.59106529209622,8.24742268041237,83.16151202749141,4.123711340206185,79.03780068728523
E00080927,290,27,6,21,263,19,244,9.310344827586208,2.0689655172413794,7.241379310344828,90.6896551724138,6.551724137931035,84.13793103448276
E00080928,387,93,48,45,294,20,274,24.031007751937985,12.4031007751938,11.627906976744185,75.96899224806202,5.167958656330749,70.80103359173127
E00080929,489,88,42,46,401,23,378,17.995910020449898,8.588957055214724,9.406952965235174,82.0040899795501,4.703476482617587,77.30061349693251
E00080931,394,74,30,44,320,24,296,18.781725888324875,7.614213197969544,11.16751269035533,81.21827411167513,6.091370558375635,75.1269035532995
E00080932,352,44,15,29,308,20,288,12.5,4.261363636363636,8.238636363636363,87.5,5.681818181818182,81.81818181818183
E00080933,266,37,12,25,229,22,207,13.909774436090224,4.511278195488721,9.398496240601503,86.09022556390977,8.270676691729323,77.81954887218046
E00080934,430,68,36,32,362,18,344,15.813953488372093,8.372093023255815,7.441860465116279,84.18604651162791,4.186046511627907,80
E00080935,330,52,25,27,278,13,265,15.757575757575756,7.575757575757576,8.181818181818182,84.24242424242424,3.939393939393939,80.3030303030303
E00080936,315,51,28,23,264,16,248,16.19047619047619,8.88888888888889,7.301587301587302,83.80952380952381,5.079365079365079,78.73015873015873
E00080937,293,33,18,15,260,7,253,11.262798634812286,6.143344709897611,5.1194539249146755,88.73720136518772,2.3890784982935154,86.3481228668942
E00080938,390,72,33,39,318,21,297,18.461538461538463,8.461538461538462,10,81.53846153846153,5.384615384615385,76.15384615384615
E00080939,376,55,28,27,321,21,300,14.627659574468085,7.446808510638298,7.180851063829788,85.37234042553192,5.585106382978723,79.7872340425532
E00080940,330,43,21,22,287,14,273,13.030303030303031,6.363636363636363,6.666666666666667,86.96969696969697,4.242424242424243,82.72727272727273
E00080941,321,66,29,37,255,20,235,20.5607476635514,9.034267912772584,11.526479750778815,79.43925233644859,6.230529595015576,73.20872274143302
E00080942,322,69,43,26,253,20,233,21.428571428571427,13.354037267080745,8.074534161490684,78.57142857142857,6.211180124223603,72.36024844720497
E00080943,365,87,43,44,278,25,253,23.835616438356162,11.78082191780822,12.054794520547945,76.16438356164383,6.8493150684931505,69.31506849315069
E00080944,468,87,42,45,381,18,363,18.58974358974359,8.974358974358974,9.615384615384617,81.41025641025641,3.8461538461538463,77.56410256410257
E00080945,292,48,18,30,244,21,223,16.43835616438356,6.164383561643835,10.273972602739725,83.56164383561644,7.191780821917808,76.36986301369863
E00080947,350,48,14,34,302,17,285,13.714285714285715,4,9.714285714285714,86.28571428571429,4.857142857142857,81.42857142857143
E00080948,362,53,25,28,309,14,295,14.64088397790055,6.906077348066299,7.734806629834254,85.35911602209944,3.867403314917127,81.49171270718232
E00080949,416,40,20,20,376,16,360,9.615384615384617,4.807692307692308,4.807692307692308,90.38461538461539,3.8461538461538463,86.53846153846155
E00080951,233,23,6,17,210,15,195,9.871244635193133,2.575107296137339,7.296137339055794,90.12875536480686,6.437768240343347,83.69098712446352
E00080952,290,26,9,17,264,13,251,8.96551724137931,3.103448275862069,5.862068965517241,91.0344827586207,4.482758620689655,86.55172413793103
E00080953,490,69,32,37,421,23,398,14.081632653061224,6.530612244897959,7.551020408163265,85.91836734693878,4.6938775510204085,81.22448979591836
E00080955,254,30,10,20,224,21,203,11.811023622047244,3.937007874015748,7.874015748031496,88.18897637795276,8.267716535433072,79.92125984251969
E00080957,308,21,7,14,287,20,267,6.8181818181818175,2.272727272727273,4.545454545454546,93.18181818181817,6.493506493506493,86.68831168831169
E00080958,348,65,21,44,283,22,261,18.67816091954023,6.0344827586206895,12.643678160919542,81.32183908045977,6.321839080459771,75
E00080959,440,55,28,27,385,27,358,12.5,6.363636363636363,6.136363636363637,87.5,6.136363636363637,81.36363636363636
E00080960,399,60,22,38,339,26,313,15.037593984962406,5.513784461152882,9.523809523809524,84.9624060150376,6.516290726817042,78.44611528822055
E00080961,269,59,25,34,210,8,202,21.933085501858738,9.293680297397769,12.639405204460965,78.06691449814126,2.973977695167286,75.09293680297398
E00080963,184,22,9,13,162,12,150,11.956521739130435,4.891304347826087,7.065217391304348,88.04347826086956,6.521739130434782,81.52173913043478
E00080964,281,29,8,21,252,12,240,10.320284697508896,2.8469750889679712,7.473309608540925,89.6797153024911,4.270462633451958,85.40925266903915
E00080965,310,50,26,24,260,14,246,16.129032258064516,8.38709677419355,7.741935483870968,83.87096774193549,4.516129032258064,79.35483870967742
E00080966,529,56,22,34,473,21,452,10.58601134215501,4.158790170132325,6.427221172022684,89.413988657845,3.9697542533081283,85.44423440453687
E00080967,322,47,21,26,275,14,261,14.596273291925465,6.521739130434782,8.074534161490684,85.40372670807453,4.3478260869565215,81.05590062111801
E00080968,469,39,16,23,430,29,401,8.315565031982942,3.411513859275053,4.904051172707889,91.68443496801706,6.183368869936034,85.50106609808103
E00080969,329,29,13,16,300,16,284,8.814589665653495,3.951367781155015,4.86322188449848,91.1854103343465,4.86322188449848,86.32218844984803
E00080970,592,63,22,41,529,26,503,10.641891891891891,3.7162162162162162,6.925675675675675,89.3581081081081,4.391891891891892,84.96621621621621
E00170279,190,15,4,11,175,5,170,7.894736842105263,2.1052631578947367,5.7894736842105265,92.10526315789474,2.631578947368421,89.47368421052632
E00170281,371,34,12,22,337,18,319,9.164420485175203,3.234501347708895,5.929919137466308,90.83557951482479,4.8517520215633425,85.98382749326146
E00170282,224,18,4,14,206,10,196,8.035714285714286,1.7857142857142856,6.25,91.96428571428571,4.464285714285714,87.5
E00170284,343,29,12,17,314,16,298,8.454810495626822,3.498542274052478,4.956268221574344,91.54518950437318,4.664723032069971,86.88046647230321
E00170285,347,26,8,18,321,12,309,7.492795389048991,2.3054755043227666,5.187319884726225,92.507204610951,3.45821325648415,89.04899135446685
E00170287,402,32,7,25,370,23,347,7.960199004975125,1.7412935323383085,6.218905472636816,92.03980099502488,5.721393034825871,86.31840796019901
E00170289,347,20,7,13,327,14,313,5.763688760806916,2.0172910662824206,3.7463976945244957,94.23631123919309,4.034582132564841,90.20172910662824
E00170290,263,9,2,7,254,9,245,3.4220532319391634,0.7604562737642585,2.6615969581749046,96.57794676806084,3.4220532319391634,93.15589353612167
E00170292,241,12,1,11,229,5,224,4.979253112033195,0.4149377593360996,4.564315352697095,95.0207468879668,2.0746887966804977,92.9460580912863
E00170293,161,11,4,7,150,6,144,6.832298136645963,2.484472049689441,4.3478260869565215,93.16770186335404,3.7267080745341614,89.44099378881988
E00170295,343,36,12,24,307,14,293,10.495626822157435,3.498542274052478,6.997084548104956,89.50437317784257,4.081632653061225,85.42274052478133
E00170296,458,47,10,37,411,14,397,10.262008733624455,2.1834061135371177,8.078602620087336,89.73799126637554,3.056768558951965,86.68122270742357
E00175280,364,30,7,23,334,23,311,8.241758241758241,1.9230769230769231,6.318681318681318,91.75824175824175,6.318681318681318,85.43956043956044
E00175281,384,29,12,17,355,17,338,7.552083333333333,3.125,4.427083333333334,92.44791666666666,4.427083333333334,88.02083333333334
E00175282,375,37,17,20,338,14,324,9.866666666666667,4.533333333333333,5.333333333333334,90.13333333333333,3.733333333333334,86.4
E00175283,304,31,9,22,273,8,265,10.197368421052632,2.9605263157894735,7.236842105263158,89.80263157894737,2.631578947368421,87.17105263157895
E00175284,340,18,6,12,322,14,308,5.294117647058823,1.7647058823529411,3.5294117647058822,94.70588235294117,4.117647058823529,90.58823529411765
E00175285,283,20,4,16,263,14,249,7.06713780918728,1.4134275618374559,5.6537102473498235,92.93286219081273,4.946996466431095,87.98586572438163
E00175286,409,31,9,22,378,13,365,7.579462102689487,2.2004889975550124,5.378973105134474,92.42053789731052,3.1784841075794623,89.24205378973105
E00175287,262,17,3,14,245,19,226,6.488549618320611,1.1450381679389312,5.343511450381679,93.51145038167938,7.251908396946565,86.25954198473282
E00175288,342,35,13,22,307,11,296,10.23391812865497,3.8011695906432745,6.432748538011696,89.76608187134502,3.216374269005848,86.54970760233918
E00175289,284,20,6,14,264,21,243,7.042253521126761,2.112676056338028,4.929577464788732,92.95774647887323,7.394366197183098,85.56338028169014
E00175290,341,28,7,21,313,12,301,8.211143695014663,2.0527859237536656,6.158357771260997,91.78885630498533,3.519061583577713,88.26979472140762
E00175291,269,20,11,9,249,8,241,7.434944237918216,4.089219330855019,3.3457249070631967,92.56505576208178,2.973977695167286,89.59107806691449
E00175292,398,32,8,24,366,15,351,8.040201005025125,2.0100502512562812,6.030150753768844,91.95979899497488,3.7688442211055273,88.19095477386935
E00175293,429,34,10,24,395,19,376,7.925407925407925,2.331002331002331,5.594405594405594,92.07459207459208,4.428904428904429,87.64568764568764
E00175294,386,26,12,14,360,21,339,6.7357512953367875,3.1088082901554404,3.6269430051813467,93.26424870466322,5.4404145077720205,87.8238341968912
E00175296,443,26,11,15,417,17,400,5.8690744920993225,2.4830699774266365,3.3860045146726865,94.13092550790067,3.837471783295711,90.29345372460497
E00175297,302,25,6,19,277,17,260,8.27814569536424,1.9867549668874174,6.291390728476822,91.72185430463577,5.629139072847682,86.09271523178808
E00175298,413,39,16,23,374,13,361,9.443099273607748,3.87409200968523,5.569007263922518,90.55690072639226,3.14769975786925,87.40920096852301
E00175299,388,26,8,18,362,24,338,6.701030927835052,2.0618556701030926,4.639175257731959,93.29896907216495,6.185567010309279,87.11340206185567
E00175300,388,32,11,21,356,16,340,8.24742268041237,2.8350515463917527,5.412371134020619,91.75257731958763,4.123711340206185,87.62886597938144
E00175301,362,41,16,25,321,22,299,11.32596685082873,4.41988950276243,6.906077348066299,88.67403314917127,6.077348066298343,82.59668508287292
E00175302,300,38,12,26,262,18,244,12.666666666666668,4,8.666666666666668,87.33333333333333,6,81.33333333333333
E00175303,432,33,19,14,399,23,376,7.638888888888889,4.398148148148148,3.2407407407407405,92.36111111111111,5.324074074074074,87.03703703703704
E00175304,202,37,12,25,165,13,152,18.316831683168317,5.9405940594059405,12.376237623762377,81.68316831683168,6.435643564356436,75.24752475247524
E00175305,259,26,11,15,233,11,222,10.038610038610038,4.247104247104247,5.7915057915057915,89.96138996138995,4.247104247104247,85.71428571428571
E00175306,222,32,9,23,190,22,168,14.414414414414415,4.054054054054054,10.36036036036036,85.58558558558559,9.90990990990991,75.67567567567568
E00175307,319,33,9,24,286,9,277,10.344827586206897,2.8213166144200628,7.523510971786834,89.65517241379311,2.8213166144200628,86.83385579937304
E00175308,361,39,16,23,322,23,299,10.80332409972299,4.43213296398892,6.3711911357340725,89.19667590027701,6.3711911357340725,82.82548476454294
E00175309,334,38,17,21,296,12,284,11.377245508982035,5.089820359281437,6.287425149700598,88.62275449101796,3.592814371257485,85.02994011976048
E00175310,244,15,6,9,229,6,223,6.147540983606557,2.459016393442623,3.6885245901639343,93.85245901639344,2.459016393442623,91.39344262295081
E00175311,318,24,7,17,294,16,278,7.547169811320755,2.20125786163522,5.345911949685535,92.45283018867924,5.031446540880504,87.42138364779875
E00175312,440,26,17,9,414,26,388,5.909090909090909,3.8636363636363633,2.0454545454545454,94.0909090909091,5.909090909090909,88.18181818181819
E00175313,343,35,10,25,308,25,283,10.204081632653061,2.9154518950437316,7.288629737609329,89.79591836734694,7.288629737609329,82.5072886297376
E00175314,121,27,13,14,94,4,90,22.31404958677686,10.743801652892563,11.570247933884298,77.68595041322314,3.3057851239669422,74.3801652892562
E00182401,492,59,28,31,433,22,411,11.991869918699187,5.691056910569105,6.300813008130081,88.00813008130082,4.471544715447155,83.53658536585365
E00182410,520,35,15,20,485,15,470,6.730769230769231,2.8846153846153846,3.8461538461538463,93.26923076923077,2.8846153846153846,90.38461538461539
E00182417,333,26,10,16,307,12,295,7.807807807807808,3.003003003003003,4.804804804804805,92.1921921921922,3.6036036036036037,88.58858858858859
E00182420,344,38,17,21,306,12,294,11.046511627906977,4.941860465116279,6.104651162790697,88.95348837209302,3.488372093023256,85.46511627906976
E00182421,558,73,20,53,485,36,449,13.082437275985665,3.584229390681003,9.498207885304659,86.91756272401435,6.451612903225806,80.46594982078852
E00182423,205,34,12,22,171,9,162,16.585365853658537,5.853658536585367,10.731707317073171,83.41463414634146,4.390243902439024,79.02439024390245
E00182426,485,41,18,23,444,16,428,8.45360824742268,3.711340206185567,4.742268041237113,91.54639175257732,3.2989690721649487,88.24742268041237
E00182427,194,20,7,13,174,9,165,10.309278350515463,3.608247422680412,6.701030927835052,89.69072164948454,4.639175257731959,85.05154639175258
E00182430,499,95,49,46,404,32,372,19.03807615230461,9.819639278557114,9.218436873747494,80.96192384769539,6.4128256513026045,74.54909819639278
E00182431,425,75,33,42,350,10,340,17.647058823529413,7.764705882352942,9.88235294117647,82.35294117647058,2.3529411764705883,80
E00182434,307,58,18,40,249,25,224,18.892508143322477,5.863192182410423,13.029315960912053,81.10749185667753,8.143322475570033,72.9641693811075
E00182435,235,37,17,20,198,12,186,15.74468085106383,7.234042553191489,8.51063829787234,84.25531914893617,5.106382978723404,79.14893617021276
E00182437,141,3,1,2,138,9,129,2.127659574468085,0.7092198581560284,1.4184397163120568,97.87234042553192,6.382978723404255,91.48936170212765
E00182438,190,10,4,6,180,7,173,5.263157894736842,2.1052631578947367,3.1578947368421053,94.73684210526315,3.684210526315789,91.05263157894737
E00182440,272,21,8,13,251,5,246,7.720588235294118,2.941176470588235,4.779411764705882,92.27941176470588,1.8382352941176472,90.44117647058823
E00182444,400,33,15,18,367,14,353,8.25,3.75,4.5,91.75,3.5000000000000004,88.25
E00182445,412,33,17,16,379,12,367,8.009708737864079,4.12621359223301,3.8834951456310676,91.99029126213593,2.912621359223301,89.07766990291263
E00182449,502,38,12,26,464,12,452,7.569721115537849,2.3904382470119523,5.179282868525896,92.43027888446214,2.3904382470119523,90.0398406374502
E00182450,325,35,11,24,290,19,271,10.76923076923077,3.3846153846153846,7.384615384615385,89.23076923076924,5.846153846153846,83.38461538461537
E00182452,225,35,16,19,190,15,175,15.555555555555555,7.111111111111111,8.444444444444445,84.44444444444444,6.666666666666667,77.77777777777779
E00182454,275,33,14,19,242,17,225,12,5.090909090909091,6.909090909090909,88,6.181818181818182,81.81818181818183
E00182458,417,65,26,39,352,14,338,15.587529976019185,6.235011990407674,9.352517985611511,84.41247002398082,3.357314148681055,81.05515587529976
E00182459,232,26,5,21,206,13,193,11.206896551724139,2.1551724137931036,9.051724137931034,88.79310344827587,5.603448275862069,83.1896551724138
E00182460,475,20,0,20,455,20,435,4.2105263157894735,0,4.2105263157894735,95.78947368421052,4.2105263157894735,91.57894736842105
E00182463,230,11,2,9,219,4,215,4.782608695652174,0.8695652173913043,3.91304347826087,95.21739130434783,1.7391304347826086,93.47826086956522
E00182469,556,68,30,38,488,19,469,12.23021582733813,5.39568345323741,6.83453237410072,87.76978417266187,3.41726618705036,84.35251798561151
E00182473,326,45,20,25,281,10,271,13.803680981595093,6.134969325153374,7.668711656441718,86.1963190184049,3.067484662576687,83.12883435582822
E00182474,160,17,5,12,143,7,136,10.625,3.125,7.5,89.375,4.375,85
E00182480,201,16,4,12,185,7,178,7.960199004975125,1.9900497512437811,5.970149253731343,92.03980099502488,3.482587064676617,88.55721393034825
E00182483,172,15,3,12,157,4,153,8.720930232558139,1.744186046511628,6.976744186046512,91.27906976744185,2.3255813953488373,88.95348837209302
E00182485,474,55,27,28,419,24,395,11.60337552742616,5.69620253164557,5.9071729957805905,88.39662447257383,5.063291139240507,83.33333333333334
E00182492,510,59,17,42,451,27,424,11.568627450980392,3.3333333333333335,8.235294117647058,88.4313725490196,5.294117647058823,83.13725490196079
E00182493,507,76,44,32,431,17,414,14.990138067061142,8.678500986193294,6.31163708086785,85.00986193293886,3.353057199211045,81.65680473372781
E00182496,214,8,3,5,206,9,197,3.7383177570093453,1.4018691588785046,2.336448598130841,96.26168224299066,4.205607476635514,92.05607476635514
E00182497,456,52,17,35,404,22,382,11.403508771929824,3.7280701754385963,7.675438596491229,88.59649122807018,4.824561403508771,83.77192982456141
E00182498,290,32,8,24,258,13,245,11.03448275862069,2.7586206896551726,8.275862068965518,88.96551724137932,4.482758620689655,84.48275862068965
E00182499,410,87,47,40,323,12,311,21.21951219512195,11.463414634146343,9.75609756097561,78.78048780487805,2.9268292682926833,75.85365853658537
E00182500,186,45,24,21,141,9,132,24.193548387096776,12.903225806451612,11.29032258064516,75.80645161290323,4.838709677419355,70.96774193548387
E00182510,248,19,11,8,229,4,225,7.661290322580645,4.435483870967742,3.225806451612903,92.33870967741935,1.6129032258064515,90.7258064516129
E00182512,455,24,8,16,431,18,413,5.274725274725275,1.7582417582417582,3.5164835164835164,94.72527472527472,3.9560439560439558,90.76923076923077
E00182515,368,29,14,15,339,18,321,7.880434782608696,3.804347826086957,4.076086956521739,92.11956521739131,4.891304347826087,87.22826086956522
E00182517,173,15,3,12,158,10,148,8.670520231213873,1.7341040462427744,6.9364161849710975,91.32947976878613,5.780346820809249,85.54913294797689
E00182519,386,19,3,16,367,7,360,4.922279792746114,0.7772020725388601,4.145077720207254,95.07772020725389,1.8134715025906734,93.26424870466322
E00182523,559,28,7,21,531,9,522,5.008944543828265,1.2522361359570662,3.7567084078711988,94.99105545617174,1.6100178890876566,93.38103756708408
