OA,ts0380001,ts0380002,ts0380003,ts0380004,ts0380005,ts0380006,ts0380007,ts0380002_PCT,ts0380003_PCT,ts0380004_PCT,ts0380005_PCT,ts0380006_PCT,ts0380007_PCT
E00109388,315,37,14,23,278,25,253,11.746031746031745,4.444444444444445,7.301587301587302,88.25396825396825,7.936507936507936,80.31746031746032
E00109389,195,14,2,12,181,13,168,7.179487179487179,1.0256410256410255,6.153846153846154,92.82051282051282,6.666666666666667,86.15384615384616
E00109390,362,34,9,25,328,28,300,9.392265193370166,2.4861878453038675,6.906077348066299,90.60773480662984,7.734806629834254,82.87292817679558
E00109391,254,57,25,32,197,17,180,22.440944881889763,9.84251968503937,12.598425196850393,77.55905511811024,6.692913385826772,70.86614173228347
E00109393,180,50,17,33,130,15,115,27.77777777777778,9.444444444444445,18.333333333333332,72.22222222222221,8.333333333333332,63.888888888888886
E00109395,422,61,20,41,361,33,328,14.454976303317535,4.739336492890995,9.715639810426541,85.54502369668246,7.819905213270142,77.72511848341233
E00109396,269,29,6,23,240,22,218,10.780669144981413,2.2304832713754648,8.550185873605948,89.21933085501858,8.178438661710038,81.04089219330855
E00109397,312,32,9,23,280,30,250,10.256410256410255,2.8846153846153846,7.371794871794872,89.74358974358975,9.615384615384617,80.12820512820514
E00109398,340,49,17,32,291,36,255,14.411764705882351,5,9.411764705882353,85.58823529411764,10.588235294117647,75
E00109399,321,47,14,33,274,28,246,14.641744548286603,4.361370716510903,10.2803738317757,85.35825545171339,8.722741433021806,76.63551401869158
E00109400,381,104,52,52,277,18,259,27.296587926509186,13.648293963254593,13.648293963254593,72.70341207349081,4.724409448818897,67.97900262467192
E00109401,340,34,7,27,306,27,279,10,2.0588235294117645,7.941176470588235,90,7.941176470588235,82.05882352941177
E00109402,316,45,13,32,271,27,244,14.240506329113925,4.113924050632911,10.126582278481013,85.75949367088607,8.544303797468354,77.21518987341773
E00109403,323,43,12,31,280,27,253,13.312693498452013,3.7151702786377707,9.597523219814242,86.687306501548,8.359133126934983,78.328173374613
E00109404,325,72,32,40,253,20,233,22.153846153846153,9.846153846153847,12.307692307692308,77.84615384615384,6.153846153846154,71.6923076923077
E00109405,310,71,31,40,239,30,209,22.903225806451612,10,12.903225806451612,77.09677419354838,9.67741935483871,67.41935483870968
E00109406,410,35,9,26,375,31,344,8.536585365853659,2.195121951219512,6.341463414634147,91.46341463414635,7.560975609756097,83.90243902439025
E00109407,458,55,16,39,403,29,374,12.008733624454148,3.4934497816593884,8.51528384279476,87.99126637554585,6.331877729257641,81.6593886462882
E00109408,399,47,17,30,352,33,319,11.779448621553884,4.260651629072681,7.518796992481203,88.22055137844612,8.270676691729323,79.9498746867168
E00109409,355,43,15,28,312,38,274,12.112676056338028,4.225352112676056,7.887323943661972,87.88732394366198,10.704225352112676,77.1830985915493
E00109410,320,48,13,35,272,17,255,15,4.0625,10.9375,85,5.3125,79.6875
E00109411,246,45,20,25,201,18,183,18.29268292682927,8.130081300813007,10.16260162601626,81.70731707317073,7.317073170731707,74.39024390243902
E00109412,411,52,18,34,359,40,319,12.652068126520682,4.37956204379562,8.27250608272506,87.34793187347933,9.732360097323602,77.61557177615572
E00109413,327,72,33,39,255,30,225,22.018348623853214,10.091743119266056,11.926605504587156,77.98165137614679,9.174311926605505,68.80733944954129
E00109414,347,45,13,32,302,35,267,12.968299711815561,3.7463976945244957,9.221902017291066,87.03170028818444,10.086455331412104,76.94524495677233
E00109415,388,66,21,45,322,34,288,17.010309278350515,5.412371134020619,11.597938144329897,82.9896907216495,8.762886597938143,74.22680412371135
E00109417,323,47,13,34,276,26,250,14.551083591331269,4.024767801857585,10.526315789473683,85.44891640866872,8.04953560371517,77.39938080495357
E00109418,286,52,19,33,234,30,204,18.181818181818183,6.643356643356643,11.538461538461538,81.81818181818183,10.48951048951049,71.32867132867133
E00109419,379,59,21,38,320,30,290,15.567282321899736,5.540897097625329,10.026385224274406,84.43271767810026,7.9155672823219,76.51715039577837
E00109421,304,37,16,21,267,29,238,12.171052631578947,5.263157894736842,6.907894736842106,87.82894736842105,9.539473684210527,78.28947368421053
E00109422,413,42,15,27,371,47,324,10.16949152542373,3.631961259079903,6.5375302663438255,89.83050847457628,11.380145278450362,78.4503631961259
E00109423,257,62,27,35,195,14,181,24.124513618677042,10.505836575875486,13.618677042801556,75.87548638132296,5.447470817120623,70.42801556420234
E00109425,265,40,17,23,225,36,189,15.09433962264151,6.415094339622642,8.679245283018867,84.90566037735849,13.584905660377359,71.32075471698113
E00109426,416,128,87,41,288,19,269,30.76923076923077,20.91346153846154,9.85576923076923,69.23076923076923,4.567307692307692,64.66346153846155
E00109427,318,51,15,36,267,16,251,16.037735849056602,4.716981132075472,11.320754716981133,83.9622641509434,5.031446540880504,78.9308176100629
E00109428,349,86,50,36,263,20,243,24.641833810888254,14.326647564469914,10.315186246418339,75.35816618911176,5.730659025787966,69.62750716332378
E00109430,335,55,13,42,280,26,254,16.417910447761194,3.880597014925373,12.53731343283582,83.5820895522388,7.761194029850746,75.82089552238806
E00109431,256,48,16,32,208,28,180,18.75,6.25,12.5,81.25,10.9375,70.3125
E00109434,305,27,7,20,278,27,251,8.852459016393443,2.2950819672131146,6.557377049180328,91.14754098360656,8.852459016393443,82.29508196721311
E00109435,381,58,17,41,323,23,300,15.223097112860891,4.4619422572178475,10.761154855643044,84.7769028871391,6.036745406824147,78.74015748031496
E00109436,269,40,12,28,229,30,199,14.869888475836431,4.4609665427509295,10.408921933085502,85.13011152416357,11.152416356877323,73.97769516728626
E00109437,346,42,8,34,304,14,290,12.138728323699421,2.312138728323699,9.826589595375722,87.861271676300575,4.046242774566474,83.8150289017341
E00109438,381,44,15,29,337,19,318,11.548556430446194,3.937007874015748,7.611548556430446,88.4514435695538,4.986876640419948,83.46456692913385
E00109439,327,43,14,29,284,25,259,13.149847094801222,4.281345565749235,8.868501529051988,86.85015290519877,7.64525993883792,79.20489296636084
E00109440,319,71,25,46,248,26,222,22.25705329153605,7.836990595611286,14.420062695924765,77.74294670846395,8.150470219435736,69.59247648902821
E00109441,327,64,31,33,263,24,239,19.571865443425075,9.480122324159021,10.091743119266056,80.42813455657493,7.339449541284404,73.08868501529052
E00109442,386,50,13,37,336,28,308,12.953367875647666,3.3678756476683938,9.585492227979273,87.04663212435233,7.253886010362693,79.79274611398964
E00109444,321,43,20,23,278,23,255,13.395638629283487,6.230529595015576,7.165109034267912,86.6043613707165,7.165109034267912,79.43925233644859
E00109446,492,46,14,32,446,36,410,9.34959349593496,2.8455284552845526,6.504065040650407,90.65040650406505,7.317073170731707,83.33333333333334
E00109447,187,37,10,27,150,18,132,19.786096256684495,5.347593582887701,14.43850267379679,80.21390374331551,9.62566844919786,70.58823529411765
E00109448,271,40,17,23,231,23,208,14.760147601476014,6.273062730627306,8.487084870848708,85.23985239852398,8.487084870848708,76.75276752767527
E00109450,367,45,14,31,322,31,291,12.26158038147139,3.8147138964577656,8.446866485013624,87.73841961852861,8.446866485013624,79.291553133515
E00109452,245,49,20,29,196,19,177,20,8.16326530612245,11.83673469387755,80,7.755102040816326,72.24489795918367
E00109453,221,30,12,18,191,14,177,13.574660633484163,5.429864253393665,8.144796380090497,86.42533936651584,6.334841628959276,80.09049773755656
E00109454,243,35,15,20,208,21,187,14.40329218106996,6.172839506172839,8.23045267489712,85.59670781893004,8.641975308641975,76.95473251028807
E00109455,303,32,8,24,271,24,247,10.561056105610561,2.6402640264026402,7.920792079207921,89.43894389438944,7.920792079207921,81.51815181518151
E00109456,314,39,13,26,275,30,245,12.420382165605096,4.140127388535031,8.280254777070063,87.57961783439491,9.554140127388536,78.02547770700637
E00109457,287,33,9,24,254,25,229,11.498257839721255,3.1358885017421603,8.362369337979095,88.50174216027874,8.710801393728223,79.79094076655052
E00109458,259,27,11,16,232,14,218,10.424710424710424,4.247104247104247,6.177606177606178,89.57528957528957,5.405405405405405,84.16988416988417
E00109459,335,34,6,28,301,26,275,10.149253731343283,1.791044776119403,8.358208955223882,89.8507462686567,7.761194029850746,82.08955223880598
E00109460,457,34,7,27,423,35,388,7.439824945295405,1.5317286652078774,5.908096280087528,92.5601750547046,7.658643326039387,84.9015317286652
E00109461,261,28,10,18,233,23,210,10.727969348659004,3.8314176245210727,6.896551724137931,89.272030651341,8.812260536398467,80.45977011494253
E00109462,265,43,16,27,222,24,198,16.22641509433962,6.037735849056604,10.18867924528302,83.77358490566039,9.056603773584905,74.71698113207546
E00109463,257,30,3,27,227,28,199,11.673151750972762,1.1673151750972763,10.505836575875486,88.32684824902724,10.894941634241246,77.431906614786
E00109464,271,30,7,23,241,27,214,11.07011070110701,2.5830258302583027,8.487084870848708,88.92988929889299,9.96309963099631,78.96678966789668
E00109465,276,33,6,27,243,24,219,11.956521739130435,2.1739130434782608,9.782608695652174,88.04347826086956,8.695652173913043,79.34782608695652
E00109466,234,17,4,13,217,17,200,7.264957264957266,1.7094017094017095,5.555555555555555,92.73504273504274,7.264957264957266,85.47008547008546
E00109467,277,32,7,25,245,24,221,11.552346570397113,2.527075812274368,9.025270758122744,88.4476534296029,8.664259927797833,79.78339350180505
E00109468,232,33,11,22,199,13,186,14.224137931034484,4.741379310344827,9.482758620689655,85.77586206896551,5.603448275862069,80.17241379310344
E00109469,239,26,4,22,213,20,193,10.87866108786611,1.6736401673640167,9.205020920502092,89.1213389121339,8.368200836820083,80.75313807531381
E00109470,190,17,0,17,173,16,157,8.947368421052632,0,8.947368421052632,91.05263157894737,8.421052631578947,82.63157894736842
E00109471,185,41,21,20,144,19,125,22.162162162162165,11.351351351351353,10.81081081081081,77.83783783783784,10.27027027027027,67.56756756756756
E00109472,220,27,9,18,193,18,175,12.272727272727273,4.090909090909091,8.181818181818182,87.72727272727273,8.181818181818182,79.54545454545455
E00109473,620,67,20,47,553,31,522,10.806451612903226,3.225806451612903,7.580645161290322,89.19354838709678,5,84.19354838709677
E00109474,370,56,15,41,314,23,291,15.135135135135137,4.054054054054054,11.081081081081082,84.86486486486487,6.216216216216217,78.64864864864865
E00109475,311,48,19,29,263,27,236,15.434083601286176,6.109324758842444,9.32475884244373,84.56591639871382,8.681672025723474,75.88424437299035
E00109476,384,37,17,20,347,28,319,9.635416666666668,4.427083333333334,5.208333333333334,90.36458333333334,7.291666666666667,83.07291666666666
E00109477,403,48,9,39,355,26,329,11.910669975186105,2.2332506203473943,9.67741935483871,88.08933002481389,6.451612903225806,81.6377171215881
E00109478,331,34,13,21,297,27,270,10.27190332326284,3.927492447129909,6.3444108761329305,89.72809667673715,8.157099697885197,81.57099697885197
E00109479,387,81,26,55,306,33,273,20.930232558139537,6.718346253229974,14.21188630490956,79.06976744186046,8.527131782945736,70.54263565891473
E00109480,388,41,14,27,347,31,316,10.56701030927835,3.608247422680412,6.958762886597938,89.43298969072166,7.989690721649484,81.44329896907216
E00109481,336,38,10,28,298,30,268,11.30952380952381,2.976190476190476,8.333333333333332,88.69047619047619,8.928571428571429,79.76190476190477
E00109482,345,43,13,30,302,29,273,12.46376811594203,3.768115942028986,8.695652173913043,87.53623188405797,8.405797101449275,79.13043478260869
E00109483,237,55,21,34,182,21,161,23.20675105485232,8.860759493670885,14.345991561181433,76.79324894514767,8.860759493670885,67.9324894514768
E00109484,251,60,26,34,191,30,161,23.904382470119522,10.358565737051793,13.545816733067728,76.09561752988047,11.952191235059761,64.14342629482071
E00109485,236,51,27,24,185,18,167,21.610169491525426,11.440677966101696,10.16949152542373,78.38983050847457,7.627118644067797,70.76271186440678
E00109486,243,35,14,21,208,13,195,14.40329218106996,5.761316872427984,8.641975308641975,85.59670781893004,5.349794238683128,80.24691358024691
E00109487,292,40,21,19,252,21,231,13.698630136986301,7.191780821917808,6.506849315068493,86.3013698630137,7.191780821917808,79.1095890410959
E00109488,272,71,20,51,201,17,184,26.10294117647059,7.352941176470589,18.75,73.89705882352942,6.25,67.64705882352942
E00109489,292,51,30,21,241,16,225,17.465753424657535,10.273972602739725,7.191780821917808,82.53424657534246,5.47945205479452,77.05479452054794
E00109490,355,48,16,32,307,33,274,13.521126760563378,4.507042253521127,9.014084507042254,86.47887323943661,9.295774647887324,77.1830985915493
E00109491,251,63,26,37,188,23,165,25.099601593625497,10.358565737051793,14.741035856573706,74.9003984063745,9.163346613545817,65.73705179282868
E00109492,313,42,9,33,271,18,253,13.418530351437699,2.8753993610223643,10.543130990415335,86.5814696485623,5.7507987220447285,80.83067092651757
E00109493,294,35,14,21,259,20,239,11.904761904761903,4.761904761904762,7.142857142857142,88.09523809523809,6.802721088435375,81.29251700680273
E00109494,393,51,19,32,342,41,301,12.977099236641221,4.8346055979643765,8.142493638676845,87.02290076335878,10.432569974554708,76.59033078880407
E00109495,370,38,11,27,332,31,301,10.27027027027027,2.9729729729729732,7.297297297297297,89.72972972972974,8.378378378378379,81.35135135135135
E00109496,307,49,21,28,258,14,244,15.960912052117262,6.840390879478828,9.120521172638437,84.03908794788273,4.5602605863192185,79.47882736156352
E00109497,343,45,17,28,298,30,268,13.119533527696792,4.956268221574344,8.16326530612245,86.88046647230321,8.746355685131196,78.134110787172
E00109498,269,38,13,25,231,30,201,14.12639405204461,4.83271375464684,9.293680297397769,85.87360594795538,11.152416356877323,74.72118959107806
E00109499,261,48,21,27,213,24,189,18.39080459770115,8.045977011494253,10.344827586206897,81.60919540229885,9.195402298850574,72.41379310344827
E00109500,319,41,18,23,278,25,253,12.852664576802509,5.6426332288401255,7.210031347962382,87.14733542319749,7.836990595611286,79.3103448275862
E00109501,282,41,17,24,241,19,222,14.539007092198581,6.028368794326241,8.51063829787234,85.46099290780141,6.73758865248227,78.72340425531915
E00109502,262,41,18,23,221,21,200,15.648854961832063,6.870229007633588,8.778625954198473,84.35114503816794,8.015267175572518,76.33587786259542
E00109503,160,19,5,14,141,11,130,11.875,3.125,8.75,88.125,6.875000000000001,81.25
E00109504,292,34,10,24,258,18,240,11.643835616438356,3.4246575342465753,8.21917808219178,88.35616438356165,6.164383561643835,82.1917808219178
E00109505,316,45,17,28,271,23,248,14.240506329113925,5.379746835443038,8.860759493670885,85.75949367088607,7.2784810126582276,78.48101265822784
E00109506,224,61,32,29,163,18,145,27.232142857142854,14.285714285714285,12.946428571428573,72.76785714285714,8.035714285714286,64.73214285714286
E00109508,254,34,13,21,220,21,199,13.385826771653544,5.118110236220472,8.267716535433072,86.61417322834646,8.267716535433072,78.34645669291339
E00109509,363,31,12,19,332,32,300,8.539944903581267,3.3057851239669422,5.234159779614325,91.46005509641874,8.81542699724518,82.64462809917356
E00109510,280,30,6,24,250,16,234,10.714285714285714,2.142857142857143,8.571428571428571,89.28571428571429,5.714285714285714,83.57142857142857
E00109511,286,36,15,21,250,26,224,12.587412587412588,5.244755244755245,7.3426573426573425,87.41258741258741,9.090909090909092,78.32167832167832
E00109512,338,37,10,27,301,40,261,10.946745562130179,2.9585798816568047,7.988165680473373,89.05325443786982,11.834319526627219,77.2189349112426
E00109513,305,55,20,35,250,34,216,18.0327868852459,6.557377049180328,11.475409836065573,81.9672131147541,11.147540983606557,70.81967213114754
E00109514,238,28,8,20,210,24,186,11.76470588235294,3.361344537815126,8.403361344537815,88.23529411764706,10.084033613445378,78.15126050420169
E00109515,316,36,8,28,280,22,258,11.39240506329114,2.5316455696202533,8.860759493670885,88.60759493670885,6.962025316455696,81.64556962025317
E00109516,324,37,7,30,287,22,265,11.419753086419753,2.1604938271604937,9.25925925925926,88.58024691358025,6.790123456790123,81.79012345679013
E00109517,336,50,18,32,286,38,248,14.880952380952381,5.357142857142857,9.523809523809524,85.11904761904762,11.30952380952381,73.80952380952381
E00109518,297,56,15,41,241,25,216,18.855218855218855,5.05050505050505,13.804713804713806,81.14478114478115,8.417508417508419,72.72727272727273
E00109519,266,50,16,34,216,21,195,18.796992481203006,6.015037593984962,12.781954887218044,81.203007518797,7.894736842105263,73.30827067669173
E00109520,233,39,17,22,194,26,168,16.738197424892704,7.296137339055794,9.44206008583691,83.2618025751073,11.158798283261802,72.1030042918455
E00109521,313,40,14,26,273,21,252,12.779552715654951,4.472843450479233,8.30670926517572,87.22044728434504,6.7092651757188495,80.5111821086262
E00109522,342,51,20,31,291,36,255,14.912280701754385,5.847953216374268,9.064327485380117,85.08771929824562,10.526315789473683,74.56140350877193
E00109523,337,77,40,37,260,26,234,22.8486646884273,11.869436201780417,10.979228486646884,77.1513353115727,7.71513353115727,69.43620178041543
E00109524,279,46,18,28,233,24,209,16.48745519713262,6.451612903225806,10.03584229390681,83.51254480286738,8.60215053763441,74.91039426523297
E00109525,269,40,15,25,229,18,211,14.869888475836431,5.5762081784386615,9.293680297397769,85.13011152416357,6.691449814126393,78.43866171003717
E00109526,232,50,22,28,182,9,173,21.551724137931032,9.482758620689655,12.068965517241379,78.44827586206897,3.8793103448275863,74.56896551724138
E00109527,273,61,27,34,212,17,195,22.344322344322347,9.89010989010989,12.454212454212454,77.65567765567766,6.227106227106227,71.42857142857143
E00109528,247,45,24,21,202,17,185,18.218623481781375,9.7165991902834,8.502024291497975,81.78137651821862,6.882591093117409,74.89878542510121
E00109529,301,39,15,24,262,35,227,12.956810631229235,4.983388704318937,7.973421926910299,87.04318936877077,11.627906976744185,75.41528239202658
E00109530,291,38,13,25,253,19,234,13.058419243986256,4.4673539518900345,8.59106529209622,86.94158075601375,6.529209621993128,80.41237113402062
E00109531,417,73,24,49,344,26,318,17.505995203836928,5.755395683453238,11.750599520383693,82.49400479616307,6.235011990407674,76.2589928057554
E00109532,310,31,8,23,279,23,256,10,2.5806451612903225,7.419354838709677,90,7.419354838709677,82.58064516129032
E00109533,277,55,22,33,222,19,203,19.855595667870034,7.9422382671480145,11.913357400722022,80.14440433212997,6.859205776173286,73.28519855595668
E00109534,260,51,23,28,209,28,181,19.615384615384617,8.846153846153847,10.76923076923077,80.38461538461539,10.76923076923077,69.61538461538461
E00109535,355,61,23,38,294,11,283,17.183098591549296,6.478873239436619,10.704225352112676,82.8169014084507,3.0985915492957745,79.71830985915493
E00109536,287,47,20,27,240,12,228,16.376306620209057,6.968641114982578,9.40766550522648,83.62369337979094,4.181184668989547,79.44250871080139
E00109537,303,51,14,37,252,26,226,16.831683168316832,4.62046204620462,12.211221122112212,83.16831683168317,8.58085808580858,74.58745874587459
E00109538,325,50,17,33,275,35,240,15.384615384615385,5.230769230769231,10.153846153846153,84.61538461538461,10.76923076923077,73.84615384615385
E00109539,355,44,17,27,311,31,280,12.394366197183098,4.788732394366197,7.605633802816901,87.60563380281691,8.732394366197182,78.87323943661971
E00109540,382,39,14,25,343,38,305,10.209424083769633,3.664921465968586,6.544502617801047,89.79057591623037,9.947643979057592,79.84293193717278
E00109541,258,42,20,22,216,17,199,16.27906976744186,7.751937984496124,8.527131782945736,83.72093023255815,6.5891472868217065,77.13178294573643
E00109542,303,48,16,32,255,27,228,15.841584158415841,5.2805280528052805,10.561056105610561,84.15841584158416,8.91089108910891,75.24752475247524
E00109543,261,51,15,36,210,17,193,19.54022988505747,5.747126436781609,13.793103448275861,80.45977011494253,6.513409961685824,73.9463601532567
E00109544,258,57,26,31,201,19,182,22.093023255813954,10.077519379844961,12.015503875968992,77.90697674418605,7.3643410852713185,70.54263565891473
E00109545,290,56,26,30,234,21,213,19.310344827586206,8.96551724137931,10.344827586206897,80.6896551724138,7.241379310344828,73.44827586206897
E00109546,488,109,62,47,379,23,356,22.33606557377049,12.704918032786885,9.631147540983607,77.6639344262295,4.713114754098361,72.95081967213115
E00109547,263,27,8,19,236,25,211,10.26615969581749,3.041825095057034,7.224334600760455,89.73384030418251,9.505703422053232,80.22813688212928
E00109548,370,61,30,31,309,27,282,16.486486486486488,8.108108108108109,8.378378378378379,83.51351351351352,7.297297297297297,76.21621621621621
E00109549,344,67,31,36,277,20,257,19.476744186046513,9.011627906976743,10.465116279069768,80.52325581395348,5.813953488372093,74.70930232558139
E00109550,527,98,42,56,429,27,402,18.59582542694497,7.969639468690702,10.62618595825427,81.40417457305503,5.1233396584440225,76.280834914611
E00109551,355,78,35,43,277,23,254,21.971830985915496,9.859154929577464,12.112676056338028,78.0281690140845,6.478873239436619,71.54929577464789
E00109552,277,78,34,44,199,13,186,28.158844765342963,12.274368231046932,15.884476534296029,71.84115523465704,4.693140794223827,67.14801444043322
E00109553,336,52,19,33,284,24,260,15.476190476190476,5.654761904761905,9.821428571428571,84.52380952380952,7.142857142857142,77.38095238095238
E00109554,306,44,14,30,262,24,238,14.37908496732026,4.57516339869281,9.803921568627452,85.62091503267973,7.8431372549019605,77.77777777777779
E00109555,316,58,21,37,258,21,237,18.354430379746837,6.6455696202531636,11.708860759493671,81.64556962025317,6.6455696202531636,75
E00109556,294,32,10,22,262,22,240,10.884353741496598,3.4013605442176873,7.482993197278912,89.1156462585034,7.482993197278912,81.63265306122449
E00109557,364,73,35,38,291,24,267,20.054945054945055,9.615384615384617,10.43956043956044,79.94505494505495,6.593406593406594,73.35164835164835
E00109558,492,50,14,36,442,44,398,10.16260162601626,2.8455284552845526,7.317073170731707,89.83739837398373,8.94308943089431,80.89430894308943
E00109559,309,56,19,37,253,15,238,18.12297734627832,6.148867313915858,11.974110032362459,81.87702265372168,4.854368932038835,77.02265372168284
E00109560,286,49,28,21,237,28,209,17.132867132867133,9.79020979020979,7.3426573426573425,82.86713286713287,9.79020979020979,73.07692307692307
E00109562,320,48,28,20,272,22,250,15,8.75,6.25,85,6.875000000000001,78.125
E00109563,313,28,8,20,285,18,267,8.945686900958465,2.5559105431309903,6.3897763578274756,91.05431309904152,5.7507987220447285,85.3035143769968
E00109564,341,37,14,23,304,27,277,10.850439882697946,4.105571847507331,6.744868035190615,89.14956011730204,7.9178885630498534,81.23167155425219
E00109565,256,65,46,19,191,18,173,25.390625,17.96875,7.421875,74.609375,7.03125,67.578125
E00109566,334,59,28,31,275,23,252,17.664670658682635,8.383233532934131,9.281437125748502,82.33532934131736,6.88622754491018,75.44910179640718
E00109567,299,70,30,40,229,26,203,23.411371237458194,10.033444816053512,13.377926421404682,76.58862876254182,8.695652173913043,67.89297658862876
E00109568,324,38,11,27,286,24,262,11.728395061728394,3.3950617283950617,8.333333333333332,88.27160493827161,7.4074074074074066,80.8641975308642
E00109569,369,48,19,29,321,33,288,13.008130081300814,5.149051490514905,7.8590785907859075,86.99186991869918,8.94308943089431,78.04878048780488
E00109570,283,44,12,32,239,18,221,15.547703180212014,4.240282685512367,11.307420494699647,84.45229681978799,6.36042402826855,78.09187279151944
E00109571,253,68,30,38,185,16,169,26.877470355731226,11.857707509881422,15.019762845849801,73.12252964426878,6.324110671936759,66.79841897233202
E00109572,335,35,8,27,300,28,272,10.44776119402985,2.3880597014925375,8.059701492537313,89.55223880597015,8.358208955223882,81.19402985074626
E00109573,441,48,13,35,393,43,350,10.884353741496598,2.947845804988662,7.936507936507936,89.1156462585034,9.750566893424036,79.36507936507937
E00109574,327,30,15,15,297,23,274,9.174311926605505,4.587155963302752,4.587155963302752,90.82568807339449,7.033639143730887,83.79204892966361
E00109575,330,61,14,47,269,31,238,18.484848484848484,4.242424242424243,14.242424242424242,81.51515151515152,9.393939393939393,72.12121212121212
E00109576,305,54,26,28,251,24,227,17.704918032786885,8.524590163934425,9.180327868852459,82.29508196721311,7.868852459016394,74.42622950819671
E00109577,296,38,14,24,258,20,238,12.837837837837837,4.72972972972973,8.108108108108109,87.16216216216216,6.756756756756757,80.4054054054054
E00109578,370,53,19,34,317,24,293,14.324324324324325,5.135135135135135,9.18918918918919,85.67567567567568,6.486486486486487,79.1891891891892
E00109579,338,34,7,27,304,34,270,10.059171597633137,2.0710059171597637,7.988165680473373,89.94082840236686,10.059171597633137,79.88165680473372
E00109580,303,36,11,25,267,32,235,11.881188118811881,3.6303630363036308,8.25082508250825,88.11881188118812,10.561056105610561,77.55775577557755
E00109581,304,50,19,31,254,28,226,16.447368421052634,6.25,10.197368421052632,83.55263157894737,9.210526315789473,74.3421052631579
E00109582,344,33,11,22,311,24,287,9.593023255813954,3.1976744186046515,6.395348837209303,90.40697674418605,6.976744186046512,83.43023255813954
E00109583,307,52,20,32,255,23,232,16.938110749185668,6.514657980456026,10.423452768729643,83.06188925081433,7.491856677524431,75.57003257328991
E00109584,344,52,21,31,292,22,270,15.11627906976744,6.104651162790697,9.011627906976743,84.88372093023256,6.395348837209303,78.48837209302324
E00109585,348,34,15,19,314,27,287,9.770114942528735,4.310344827586207,5.459770114942529,90.22988505747126,7.758620689655173,82.47126436781609
E00109586,325,66,28,38,259,22,237,20.307692307692307,8.615384615384615,11.692307692307692,79.6923076923077,6.769230769230769,72.92307692307692
E00109587,317,35,11,24,282,21,261,11.041009463722396,3.4700315457413247,7.570977917981073,88.95899053627761,6.624605678233439,82.33438485804416
E00109588,251,34,12,22,217,21,196,13.545816733067728,4.780876494023905,8.764940239043826,86.45418326693228,8.366533864541832,78.08764940239044
E00109589,298,53,20,33,245,21,224,17.78523489932886,6.7114093959731544,11.073825503355705,82.21476510067114,7.046979865771812,75.16778523489933
E00109590,342,35,10,25,307,27,280,10.23391812865497,2.923976608187134,7.309941520467836,89.76608187134502,7.894736842105263,81.87134502923976
E00109591,454,100,39,61,354,24,330,22.026431718061673,8.590308370044053,13.43612334801762,77.97356828193833,5.286343612334802,72.68722466960352
E00109592,207,53,29,24,154,18,136,25.60386473429952,14.009661835748794,11.594202898550725,74.39613526570048,8.695652173913043,65.70048309178745
E00109593,414,80,31,49,334,33,301,19.32367149758454,7.487922705314009,11.83574879227053,80.67632850241546,7.971014492753622,72.70531400966183
E00109594,404,50,19,31,354,28,326,12.376237623762377,4.702970297029703,7.673267326732673,87.62376237623762,6.9306930693069315,80.6930693069307
E00109595,523,104,71,33,419,28,391,19.88527724665392,13.575525812619501,6.309751434034416,80.11472275334609,5.353728489483748,74.76099426386233
E00109596,327,37,13,24,290,18,272,11.314984709480122,3.9755351681957185,7.339449541284404,88.68501529051987,5.5045871559633035,83.18042813455658
E00109597,320,24,5,19,296,25,271,7.5,1.5625,5.9375,92.5,7.8125,84.6875
E00109599,333,34,11,23,299,22,277,10.21021021021021,3.303303303303303,6.906906906906906,89.7897897897898,6.606606606606606,83.18318318318319
E00109600,227,65,23,42,162,23,139,28.634361233480178,10.13215859030837,18.502202643171806,71.36563876651982,10.13215859030837,61.23348017621145
E00109602,258,26,12,14,232,12,220,10.077519379844961,4.651162790697675,5.426356589147287,89.92248062015504,4.651162790697675,85.27131782945736
E00109603,360,50,20,30,310,23,287,13.88888888888889,5.555555555555555,8.333333333333332,86.11111111111111,6.388888888888888,79.72222222222223
E00109604,297,75,31,44,222,17,205,25.252525252525253,10.437710437710438,14.814814814814813,74.74747474747475,5.723905723905724,69.02356902356902
E00109605,233,47,16,31,186,16,170,20.171673819742487,6.866952789699571,13.304721030042918,79.82832618025752,6.866952789699571,72.96137339055794
E00109606,343,68,31,37,275,27,248,19.825072886297377,9.037900874635568,10.787172011661808,80.17492711370262,7.871720116618077,72.30320699708454
E00109607,371,71,32,39,300,19,281,19.137466307277627,8.62533692722372,10.512129380053908,80.86253369272237,5.121293800539084,75.74123989218329
E00109609,425,44,13,31,381,32,349,10.352941176470589,3.058823529411765,7.294117647058823,89.64705882352942,7.529411764705881,82.11764705882352
E00109610,315,42,12,30,273,26,247,13.333333333333334,3.8095238095238098,9.523809523809524,86.66666666666667,8.253968253968253,78.41269841269842
E00109611,383,49,21,28,334,28,306,12.793733681462141,5.483028720626632,7.310704960835509,87.20626631853786,7.310704960835509,79.89556135770235
E00109612,347,49,9,40,298,26,272,14.121037463976945,2.5936599423631126,11.527377521613833,85.87896253602305,7.492795389048991,78.38616714697406
E00109613,225,48,18,30,177,16,161,21.333333333333336,8,13.333333333333334,78.66666666666666,7.111111111111111,71.55555555555554
E00109614,399,49,21,28,350,29,321,12.280701754385964,5.263157894736842,7.017543859649122,87.71929824561403,7.268170426065162,80.45112781954887
E00109615,353,30,10,20,323,36,287,8.498583569405099,2.8328611898017,5.6657223796034,91.5014164305949,10.198300283286118,81.30311614730878
E00109616,333,42,12,30,291,23,268,12.612612612612612,3.6036036036036037,9.00900900900901,87.38738738738738,6.906906906906906,80.48048048048048
E00109617,324,39,12,27,285,24,261,12.037037037037036,3.7037037037037033,8.333333333333332,87.96296296296296,7.4074074074074066,80.55555555555556
E00109618,276,30,13,17,246,20,226,10.869565217391305,4.710144927536232,6.159420289855073,89.13043478260869,7.246376811594203,81.88405797101449
E00109619,200,25,3,22,175,10,165,12.5,1.5,11,87.5,5,82.5
E00109620,373,35,10,25,338,27,311,9.383378016085791,2.680965147453083,6.702412868632708,90.61662198391421,7.238605898123325,83.37801608579089
E00109621,394,31,14,17,363,31,332,7.868020304568528,3.5532994923857872,4.314720812182741,92.13197969543148,7.868020304568528,84.26395939086294
E00109622,259,18,7,11,241,15,226,6.94980694980695,2.7027027027027026,4.247104247104247,93.05019305019306,5.7915057915057915,87.25868725868726
E00109623,309,39,10,29,270,15,255,12.62135922330097,3.2362459546925564,9.385113268608414,87.37864077669903,4.854368932038835,82.52427184466019
E00109625,297,28,5,23,269,22,247,9.427609427609427,1.6835016835016834,7.744107744107744,90.57239057239057,7.4074074074074066,83.16498316498317
E00109626,361,77,37,40,284,21,263,21.329639889196674,10.249307479224377,11.080332409972298,78.67036011080333,5.8171745152354575,72.85318559556787
E00109627,375,57,15,42,318,20,298,15.2,4,11.200000000000001,84.8,5.333333333333334,79.46666666666667
E00109629,232,36,18,18,196,23,173,15.517241379310345,7.758620689655173,7.758620689655173,84.48275862068965,9.913793103448276,74.56896551724138
E00109630,368,46,12,34,322,29,293,12.5,3.260869565217391,9.239130434782608,87.5,7.880434782608696,79.61956521739131
E00109631,312,46,14,32,266,27,239,14.743589743589745,4.487179487179487,10.256410256410255,85.25641025641025,8.653846153846153,76.6025641025641
E00109632,390,81,30,51,309,29,280,20.76923076923077,7.6923076923076925,13.076923076923078,79.23076923076923,7.435897435897436,71.7948717948718
E00109633,249,39,15,24,210,13,197,15.66265060240964,6.024096385542169,9.63855421686747,84.33734939759037,5.220883534136546,79.11646586345381
E00109634,427,128,83,45,299,21,278,29.97658079625293,19.437939110070257,10.53864168618267,70.02341920374707,4.918032786885246,65.10538641686182
E00109636,278,42,17,25,236,24,212,15.107913669064748,6.115107913669065,8.992805755395683,84.89208633093526,8.633093525179856,76.2589928057554
E00109637,333,33,9,24,300,28,272,9.90990990990991,2.7027027027027026,7.207207207207207,90.09009009009009,8.408408408408409,81.68168168168168
E00109638,300,32,14,18,268,24,244,10.666666666666668,4.666666666666667,6,89.33333333333333,8,81.33333333333333
E00109639,345,33,6,27,312,23,289,9.565217391304348,1.7391304347826086,7.82608695652174,90.43478260869566,6.666666666666667,83.76811594202898
E00109640,350,84,65,19,266,20,246,24,18.571428571428573,5.428571428571429,76,5.714285714285714,70.28571428571428
E00109641,265,27,5,22,238,21,217,10.18867924528302,1.8867924528301887,8.30188679245283,89.81132075471699,7.9245283018867925,81.88679245283019
E00109642,475,45,12,33,430,24,406,9.473684210526317,2.526315789473684,6.947368421052631,90.52631578947368,5.052631578947368,85.47368421052632
E00109644,330,42,15,27,288,19,269,12.727272727272727,4.545454545454546,8.181818181818182,87.27272727272727,5.757575757575758,81.51515151515152
E00109645,332,39,15,24,293,25,268,11.74698795180723,4.518072289156627,7.228915662650602,88.25301204819277,7.530120481927711,80.72289156626506
E00109646,352,30,8,22,322,32,290,8.522727272727272,2.272727272727273,6.25,91.47727272727273,9.090909090909092,82.38636363636364
E00109647,276,43,17,26,233,20,213,15.579710144927535,6.159420289855073,9.420289855072465,84.42028985507247,7.246376811594203,77.17391304347827
E00109648,297,37,9,28,260,26,234,12.457912457912458,3.0303030303030303,9.427609427609427,87.54208754208754,8.754208754208754,78.78787878787878
E00109649,346,41,15,26,305,29,276,11.849710982658959,4.335260115606936,7.514450867052023,88.15028901734104,8.38150289017341,79.76878612716763
E00109650,280,37,10,27,243,25,218,13.214285714285715,3.571428571428571,9.642857142857144,86.78571428571429,8.928571428571429,77.85714285714286
E00109651,303,32,5,27,271,29,242,10.561056105610561,1.65016501650165,8.91089108910891,89.43894389438944,9.570957095709572,79.86798679867987
E00109652,308,42,7,35,266,30,236,13.636363636363635,2.272727272727273,11.363636363636363,86.36363636363636,9.740259740259742,76.62337662337663
E00109653,316,35,7,28,281,21,260,11.075949367088606,2.2151898734177213,8.860759493670885,88.92405063291139,6.6455696202531636,82.27848101265823
E00109654,272,35,9,26,237,22,215,12.867647058823529,3.308823529411765,9.558823529411764,87.13235294117648,8.088235294117647,79.04411764705883
E00109655,276,43,10,33,233,32,201,15.579710144927535,3.6231884057971016,11.956521739130435,84.42028985507247,11.594202898550725,72.82608695652173
E00109656,336,42,7,35,294,26,268,12.5,2.083333333333333,10.416666666666668,87.5,7.738095238095238,79.76190476190477
E00109657,316,27,7,20,289,30,259,8.544303797468354,2.2151898734177213,6.329113924050633,91.45569620253164,9.49367088607595,81.9620253164557
E00109658,326,36,17,19,290,19,271,11.042944785276074,5.214723926380368,5.828220858895705,88.95705521472392,5.828220858895705,83.12883435582822
E00109659,331,41,13,28,290,19,271,12.386706948640484,3.927492447129909,8.459214501510575,87.61329305135952,5.740181268882175,81.87311178247734
E00109660,378,80,35,45,298,18,280,21.164021164021165,9.25925925925926,11.904761904761903,78.83597883597884,4.761904761904762,74.07407407407408
E00109661,213,63,26,37,150,17,133,29.577464788732392,12.206572769953052,17.370892018779344,70.4225352112676,7.981220657276995,62.441314553990615
E00109662,308,40,15,25,268,19,249,12.987012987012985,4.870129870129871,8.116883116883116,87.01298701298701,6.1688311688311686,80.84415584415584
E00109663,230,63,29,34,167,18,149,27.391304347826086,12.608695652173912,14.782608695652174,72.60869565217392,7.82608695652174,64.78260869565217
E00109664,339,36,10,26,303,30,273,10.619469026548673,2.949852507374631,7.669616519174041,89.38053097345133,8.849557522123893,80.53097345132744
E00109665,312,47,23,24,265,17,248,15.064102564102564,7.371794871794872,7.6923076923076925,84.93589743589743,5.448717948717949,79.48717948717949
E00109666,328,48,17,31,280,39,241,14.634146341463413,5.182926829268292,9.451219512195122,85.36585365853658,11.890243902439025,73.47560975609755
E00109667,314,53,16,37,261,30,231,16.878980891719745,5.095541401273886,11.78343949044586,83.12101910828027,9.554140127388536,73.56687898089172
E00109668,287,32,11,21,255,20,235,11.149825783972126,3.8327526132404177,7.317073170731707,88.85017421602788,6.968641114982578,81.8815331010453
E00109669,271,49,17,32,222,16,206,18.081180811808117,6.273062730627306,11.808118081180812,81.91881918819189,5.904059040590406,76.01476014760148
E00109670,335,36,12,24,299,34,265,10.746268656716417,3.582089552238806,7.164179104477612,89.25373134328358,10.149253731343283,79.1044776119403
E00109671,304,35,12,23,269,33,236,11.513157894736842,3.9473684210526314,7.565789473684211,88.48684210526315,10.855263157894738,77.63157894736842
E00109672,312,50,16,34,262,18,244,16.025641025641026,5.128205128205128,10.897435897435898,83.97435897435898,5.769230769230769,78.2051282051282
E00109673,333,34,14,20,299,32,267,10.21021021021021,4.2042042042042045,6.006006006006006,89.7897897897898,9.60960960960961,80.18018018018019
E00109674,369,90,33,57,279,12,267,24.390243902439025,8.94308943089431,15.447154471544716,75.60975609756098,3.2520325203252036,72.35772357723577
E00109675,234,57,28,29,177,21,156,24.358974358974358,11.965811965811966,12.393162393162394,75.64102564102564,8.974358974358974,66.66666666666666
E00109676,438,118,67,51,320,20,300,26.94063926940639,15.296803652968036,11.643835616438356,73.0593607305936,4.5662100456621,68.4931506849315
E00109677,358,68,25,43,290,26,264,18.994413407821227,6.983240223463687,12.011173184357542,81.00558659217877,7.262569832402235,73.74301675977654
E00109678,287,59,32,27,228,19,209,20.557491289198605,11.149825783972126,9.40766550522648,79.44250871080139,6.620209059233449,72.82229965156795
E00109679,295,33,11,22,262,29,233,11.186440677966102,3.728813559322034,7.457627118644068,88.8135593220339,9.830508474576272,78.98305084745762
E00109680,304,31,13,18,273,23,250,10.197368421052632,4.276315789473684,5.921052631578947,89.80263157894737,7.565789473684211,82.23684210526315
E00109681,267,47,21,26,220,15,205,17.60299625468165,7.865168539325842,9.737827715355806,82.39700374531836,5.617977528089887,76.77902621722846
E00109682,236,52,23,29,184,23,161,22.033898305084744,9.745762711864407,12.288135593220339,77.96610169491525,9.745762711864407,68.22033898305084
E00109683,212,32,9,23,180,19,161,15.09433962264151,4.245283018867925,10.849056603773585,84.90566037735849,8.962264150943396,75.94339622641509
E00109684,309,36,15,21,273,30,243,11.650485436893204,4.854368932038835,6.796116504854369,88.3495145631068,9.70873786407767,78.64077669902912
E00109685,284,29,10,19,255,25,230,10.211267605633804,3.5211267605633805,6.690140845070422,89.7887323943662,8.80281690140845,80.98591549295774
E00109686,349,64,24,40,285,23,262,18.33810888252149,6.876790830945559,11.461318051575931,81.66189111747852,6.59025787965616,75.07163323782235
E00109687,328,34,13,21,294,32,262,10.365853658536585,3.9634146341463414,6.402439024390244,89.63414634146342,9.75609756097561,79.8780487804878
E00109688,233,37,15,22,196,22,174,15.879828326180256,6.437768240343347,9.44206008583691,84.12017167381974,9.44206008583691,74.67811158798283
E00109689,297,53,18,35,244,23,221,17.845117845117844,6.0606060606060606,11.784511784511785,82.15488215488216,7.744107744107744,74.41077441077442
E00109690,307,35,15,20,272,19,253,11.400651465798045,4.88599348534202,6.514657980456026,88.59934853420195,6.188925081433225,82.41042345276874
E00109693,253,51,22,29,202,24,178,20.158102766798418,8.695652173913043,11.462450592885375,79.84189723320159,9.486166007905137,70.35573122529645
E00109694,286,40,16,24,246,20,226,13.986013986013987,5.594405594405594,8.391608391608392,86.01398601398601,6.993006993006993,79.02097902097903
E00109696,344,56,19,37,288,34,254,16.27906976744186,5.523255813953488,10.755813953488373,83.72093023255815,9.883720930232558,73.83720930232558
E00109697,337,66,24,42,271,18,253,19.584569732937684,7.121661721068249,12.462908011869436,80.41543026706232,5.341246290801187,75.07418397626114
E00109698,298,50,25,25,248,26,222,16.778523489932887,8.389261744966444,8.389261744966444,83.22147651006712,8.724832214765101,74.49664429530202
E00109699,322,57,28,29,265,30,235,17.70186335403727,8.695652173913043,9.006211180124224,82.29813664596274,9.316770186335404,72.98136645962732
E00109700,335,64,28,36,271,33,238,19.1044776119403,8.358208955223882,10.746268656716417,80.8955223880597,9.850746268656717,71.04477611940298
E00109701,310,44,25,19,266,17,249,14.193548387096774,8.064516129032258,6.129032258064516,85.80645161290322,5.483870967741936,80.3225806451613
E00109702,304,54,17,37,250,17,233,17.763157894736842,5.592105263157895,12.171052631578947,82.23684210526315,5.592105263157895,76.64473684210526
E00109703,279,52,14,38,227,31,196,18.63799283154122,5.017921146953405,13.620071684587815,81.36200716845879,11.11111111111111,70.25089605734766
E00109704,228,55,24,31,173,21,152,24.12280701754386,10.526315789473683,13.596491228070176,75.87719298245614,9.210526315789473,66.66666666666666
E00109705,383,76,30,46,307,25,282,19.843342036553523,7.83289817232376,12.010443864229766,80.15665796344648,6.527415143603134,73.62924281984334
E00109706,324,46,22,24,278,29,249,14.19753086419753,6.790123456790123,7.4074074074074066,85.80246913580247,8.950617283950617,76.85185185185185
E00109707,230,40,20,20,190,17,173,17.391304347826086,8.695652173913043,8.695652173913043,82.6086956521739,7.391304347826087,75.21739130434783
E00109708,311,68,28,40,243,22,221,21.864951768488748,9.003215434083602,12.861736334405144,78.13504823151125,7.07395498392283,71.06109324758843
E00109709,342,47,15,32,295,25,270,13.742690058479532,4.385964912280701,9.35672514619883,86.25730994152046,7.309941520467836,78.94736842105263
E00109710,389,68,26,42,321,21,300,17.480719794344473,6.683804627249357,10.796915167095115,82.51928020565553,5.3984575835475574,77.12082262210797
E00109711,343,48,20,28,295,24,271,13.994169096209912,5.830903790087463,8.16326530612245,86.0058309037901,6.997084548104956,79.00874635568513
E00109712,273,36,13,23,237,34,203,13.186813186813188,4.761904761904762,8.424908424908425,86.81318681318682,12.454212454212454,74.35897435897436
E00109713,286,68,27,41,218,22,196,23.776223776223777,9.44055944055944,14.335664335664337,76.22377622377621,7.6923076923076925,68.53146853146853
E00109714,330,80,28,52,250,24,226,24.242424242424242,8.484848484848486,15.757575757575756,75.75757575757575,7.2727272727272725,68.48484848484848
E00109715,287,34,16,18,253,23,230,11.846689895470384,5.574912891986063,6.2717770034843205,88.15331010452961,8.013937282229964,80.13937282229965
E00109716,328,52,15,37,276,26,250,15.853658536585366,4.573170731707317,11.28048780487805,84.14634146341463,7.926829268292683,76.21951219512195
E00109717,332,75,30,45,257,21,236,22.590361445783135,9.036144578313253,13.55421686746988,77.40963855421687,6.325301204819277,71.08433734939759
E00109718,246,50,26,24,196,19,177,20.32520325203252,10.569105691056912,9.75609756097561,79.67479674796748,7.723577235772358,71.95121951219512
E00109719,320,74,34,40,246,13,233,23.125,10.625,12.5,76.875,4.0625,72.8125
E00109720,317,55,24,31,262,20,242,17.350157728706623,7.570977917981073,9.779179810725552,82.64984227129337,6.309148264984227,76.34069400630915
E00109721,340,73,26,47,267,17,250,21.470588235294116,7.647058823529412,13.823529411764707,78.52941176470588,5,73.52941176470588
E00109722,240,51,17,34,189,15,174,21.25,7.083333333333333,14.166666666666666,78.75,6.25,72.5
E00109723,310,67,29,38,243,23,220,21.612903225806452,9.35483870967742,12.258064516129032,78.38709677419354,7.419354838709677,70.96774193548387
E00109724,274,68,27,41,206,19,187,24.817518248175183,9.854014598540147,14.963503649635038,75.18248175182481,6.934306569343065,68.24817518248175
E00109725,363,60,19,41,303,26,277,16.528925619834713,5.234159779614325,11.294765840220386,83.47107438016529,7.162534435261708,76.30853994490359
E00109726,344,80,38,42,264,24,240,23.25581395348837,11.046511627906977,12.209302325581394,76.74418604651163,6.976744186046512,69.76744186046511
E00109727,318,65,29,36,253,25,228,20.440251572327046,9.119496855345911,11.320754716981133,79.55974842767296,7.861635220125786,71.69811320754717
E00109728,340,76,39,37,264,24,240,22.35294117647059,11.470588235294118,10.882352941176471,77.64705882352942,7.0588235294117645,70.58823529411765
E00109729,333,49,18,31,284,32,252,14.714714714714713,5.405405405405405,9.30930930930931,85.28528528528528,9.60960960960961,75.67567567567568
E00109730,448,59,20,39,389,26,363,13.169642857142858,4.464285714285714,8.705357142857142,86.83035714285714,5.803571428571429,81.02678571428571
E00109731,445,44,11,33,401,44,357,9.887640449438202,2.4719101123595504,7.415730337078652,90.11235955056179,9.887640449438202,80.2247191011236
E00109732,254,43,10,33,211,17,194,16.92913385826772,3.937007874015748,12.992125984251967,83.07086614173228,6.692913385826772,76.37795275590551
E00109733,359,45,17,28,314,32,282,12.534818941504177,4.735376044568245,7.7994428969359335,87.46518105849582,8.913649025069638,78.55153203342618
E00109734,302,22,0,22,280,37,243,7.28476821192053,0,7.28476821192053,92.71523178807946,12.251655629139073,80.4635761589404
E00109735,281,26,12,14,255,23,232,9.252669039145907,4.270462633451958,4.98220640569395,90.74733096085409,8.185053380782918,82.56227758007117
E00109736,228,51,29,22,177,12,165,22.36842105263158,12.719298245614036,9.649122807017543,77.63157894736842,5.263157894736842,72.36842105263158
E00109737,335,51,26,25,284,24,260,15.223880597014924,7.761194029850746,7.462686567164178,84.77611940298507,7.164179104477612,77.61194029850746
E00109738,324,40,7,33,284,23,261,12.345679012345679,2.1604938271604937,10.185185185185185,87.65432098765432,7.098765432098765,80.55555555555556
E00109739,382,42,19,23,340,28,312,10.99476439790576,4.973821989528796,6.020942408376963,89.00523560209425,7.329842931937172,81.67539267015707
E00109740,360,47,18,29,313,21,292,13.055555555555557,5,8.055555555555555,86.94444444444444,5.833333333333333,81.11111111111111
E00109741,384,51,20,31,333,35,298,13.28125,5.208333333333334,8.072916666666668,86.71875,9.114583333333332,77.60416666666666
E00109742,357,47,17,30,310,21,289,13.165266106442578,4.761904761904762,8.403361344537815,86.83473389355743,5.88235294117647,80.95238095238095
E00109743,427,39,19,20,388,42,346,9.133489461358314,4.449648711943794,4.683840749414521,90.86651053864169,9.836065573770492,81.0304449648712
E00109744,338,47,25,22,291,24,267,13.905325443786982,7.396449704142012,6.508875739644971,86.09467455621301,7.100591715976331,78.99408284023669
E00109745,448,52,16,36,396,31,365,11.607142857142858,3.571428571428571,8.035714285714286,88.39285714285714,6.919642857142858,81.47321428571429
E00109746,312,16,3,13,296,25,271,5.128205128205128,0.9615384615384616,4.166666666666666,94.87179487179486,8.012820512820513,86.85897435897436
E00109747,250,71,32,39,179,25,154,28.4,12.8,15.6,71.6,10,61.6
E00109748,269,26,14,12,243,15,228,9.66542750929368,5.204460966542751,4.4609665427509295,90.33457249070632,5.5762081784386615,84.75836431226766
E00109749,345,38,18,20,307,26,281,11.014492753623188,5.217391304347826,5.797101449275362,88.98550724637681,7.536231884057972,81.44927536231884
E00109750,347,48,18,30,299,33,266,13.8328530259366,5.187319884726225,8.645533141210375,86.1671469740634,9.510086455331413,76.657060518732
E00109751,275,51,16,35,224,23,201,18.545454545454547,5.818181818181818,12.727272727272727,81.45454545454545,8.363636363636363,73.0909090909091
E00109752,361,41,15,26,320,33,287,11.357340720221606,4.1551246537396125,7.202216066481995,88.64265927977839,9.141274238227147,79.50138504155125
E00109753,391,30,8,22,361,26,335,7.672634271099745,2.0460358056265986,5.626598465473146,92.32736572890026,6.649616368286446,85.6777493606138
E00109754,511,47,13,34,464,39,425,9.197651663405088,2.5440313111545985,6.653620352250488,90.8023483365949,7.632093933463796,83.17025440313111
E00109756,348,43,13,30,305,27,278,12.35632183908046,3.7356321839080464,8.620689655172415,87.643678160919535,7.758620689655173,79.88505747126436
E00109757,293,21,4,17,272,34,238,7.167235494880546,1.3651877133105803,5.802047781569966,92.83276450511946,11.604095563139932,81.22866894197952
E00109758,249,24,3,21,225,19,206,9.63855421686747,1.2048192771084338,8.433734939759036,90.36144578313254,7.630522088353414,82.73092369477911
E00109759,294,26,10,16,268,28,240,8.843537414965986,3.4013605442176873,5.442176870748299,91.15646258503402,9.523809523809524,81.63265306122449
E00109760,334,40,17,23,294,32,262,11.976047904191617,5.089820359281437,6.88622754491018,88.02395209580838,9.580838323353294,78.44311377245509
E00109761,316,35,15,20,281,32,249,11.075949367088606,4.746835443037975,6.329113924050633,88.92405063291139,10.126582278481013,78.79746835443038
E00109762,263,29,15,14,234,21,213,11.02661596958175,5.7034220532319395,5.323193916349809,88.97338403041825,7.984790874524715,80.98859315589354
E00109763,260,23,11,12,237,17,220,8.846153846153847,4.230769230769231,4.615384615384616,91.15384615384615,6.538461538461539,84.61538461538461
E00109764,295,134,69,65,161,4,157,45.42372881355932,23.389830508474578,22.033898305084744,54.57627118644067,1.3559322033898304,53.22033898305085
E00109765,364,41,11,30,323,28,295,11.263736263736265,3.021978021978022,8.241758241758241,88.73626373626374,7.6923076923076925,81.04395604395604
E00109766,295,52,15,37,243,22,221,17.627118644067796,5.084745762711865,12.54237288135593,82.37288135593221,7.457627118644068,74.91525423728814
E00109767,337,59,21,38,278,21,257,17.50741839762611,6.231454005934718,11.275964391691394,82.49258160237389,6.231454005934718,76.26112759643917
E00109768,244,41,13,28,203,15,188,16.80327868852459,5.327868852459016,11.475409836065573,83.19672131147541,6.147540983606557,77.04918032786885
E00109769,269,25,7,18,244,19,225,9.293680297397769,2.6022304832713754,6.691449814126393,90.70631970260223,7.063197026022305,83.64312267657994
E00109770,256,31,9,22,225,17,208,12.109375,3.515625,8.59375,87.890625,6.640625,81.25
E00109771,104,43,18,25,61,6,55,41.34615384615385,17.307692307692307,24.03846153846154,58.65384615384615,5.769230769230769,52.88461538461539
E00109772,217,37,19,18,180,11,169,17.050691244239633,8.755760368663594,8.294930875576037,82.94930875576037,5.0691244239631335,77.88018433179722
E00109773,240,35,13,22,205,22,183,14.583333333333334,5.416666666666667,9.166666666666666,85.41666666666666,9.166666666666666,76.25
E00109774,349,35,10,25,314,27,287,10.028653295128938,2.865329512893983,7.163323782234957,89.97134670487105,7.736389684813753,82.23495702005731
E00109775,263,36,10,26,227,22,205,13.688212927756654,3.802281368821293,9.885931558935361,86.31178707224335,8.365019011406844,77.9467680608365
E00109776,254,36,12,24,218,18,200,14.173228346456693,4.724409448818897,9.448818897637794,85.8267716535433,7.086614173228346,78.74015748031496
E00109777,289,33,12,21,256,13,243,11.418685121107266,4.1522491349480966,7.26643598615917,88.58131487889274,4.498269896193772,84.08304498269896
E00109778,293,30,6,24,263,22,241,10.238907849829351,2.04778156996587,8.19112627986348,89.76109215017065,7.508532423208192,82.25255972696246
E00109779,308,42,12,30,266,25,241,13.636363636363635,3.896103896103896,9.740259740259742,86.36363636363636,8.116883116883116,78.24675324675324
E00109780,302,40,12,28,262,23,239,13.245033112582782,3.9735099337748347,9.271523178807946,86.75496688741721,7.6158940397351,79.13907284768213
E00109781,318,40,10,30,278,19,259,12.578616352201259,3.1446540880503147,9.433962264150944,87.42138364779875,5.9748427672955975,81.44654088050315
E00109783,358,45,20,25,313,22,291,12.569832402234638,5.58659217877095,6.983240223463687,87.43016759776536,6.145251396648044,81.28491620111731
E00109784,315,38,20,18,277,21,256,12.063492063492063,6.349206349206349,5.714285714285714,87.93650793650794,6.666666666666667,81.26984126984127
E00109785,272,29,9,20,243,16,227,10.661764705882353,3.308823529411765,7.352941176470589,89.33823529411765,5.88235294117647,83.45588235294117
E00109786,279,46,12,34,233,15,218,16.48745519713262,4.301075268817205,12.186379928315413,83.51254480286738,5.376344086021505,78.13620071684588
E00109787,392,41,14,27,351,28,323,10.459183673469388,3.571428571428571,6.887755102040815,89.54081632653062,7.142857142857142,82.39795918367348
E00109788,326,45,10,35,281,23,258,13.803680981595093,3.067484662576687,10.736196319018406,86.1963190184049,7.05521472392638,79.14110429447852
E00109789,353,35,11,24,318,26,292,9.91501416430595,3.1161473087818696,6.79886685552408,90.08498583569406,7.365439093484419,82.71954674220963
E00109790,291,38,10,28,253,25,228,13.058419243986256,3.436426116838488,9.621993127147768,86.94158075601375,8.59106529209622,78.35051546391753
E00109791,384,41,7,34,343,37,306,10.677083333333332,1.8229166666666667,8.854166666666668,89.32291666666666,9.635416666666668,79.6875
E00109792,355,49,13,36,306,26,280,13.802816901408452,3.6619718309859155,10.140845070422536,86.19718309859155,7.323943661971831,78.87323943661971
E00109793,336,40,11,29,296,36,260,11.904761904761903,3.273809523809524,8.630952380952381,88.09523809523809,10.714285714285714,77.38095238095238
E00109794,290,46,14,32,244,18,226,15.862068965517242,4.827586206896552,11.03448275862069,84.13793103448276,6.206896551724138,77.93103448275862
E00109795,335,54,18,36,281,24,257,16.119402985074625,5.3731343283582085,10.746268656716417,83.88059701492537,7.164179104477612,76.71641791044776
E00109796,320,42,14,28,278,21,257,13.125,4.375,8.75,86.875,6.5625,80.3125
E00109797,315,28,6,22,287,20,267,8.88888888888889,1.9047619047619049,6.984126984126984,91.11111111111111,6.349206349206349,84.76190476190476
E00109798,292,49,22,27,243,19,224,16.78082191780822,7.534246575342466,9.246575342465754,83.21917808219177,6.506849315068493,76.71232876712328
E00109799,241,39,15,24,202,22,180,16.182572614107883,6.224066390041494,9.95850622406639,83.81742738589212,9.12863070539419,74.68879668049793
E00109800,377,46,12,34,331,24,307,12.20159151193634,3.183023872679045,9.018567639257293,87.79840848806366,6.36604774535809,81.43236074270557
E00109801,264,37,11,26,227,15,212,14.015151515151514,4.166666666666666,9.848484848484848,85.98484848484848,5.681818181818182,80.3030303030303
E00109802,300,45,29,16,255,23,232,15,9.666666666666666,5.333333333333334,85,7.666666666666666,77.33333333333333
E00109803,272,43,12,31,229,18,211,15.808823529411764,4.411764705882353,11.397058823529411,84.19117647058823,6.61764705882353,77.57352941176471
E00109804,326,44,12,32,282,35,247,13.496932515337424,3.6809815950920246,9.815950920245399,86.50306748466258,10.736196319018406,75.76687116564416
E00109805,516,95,45,50,421,37,384,18.410852713178294,8.720930232558139,9.689922480620156,81.5891472868217,7.170542635658915,74.4186046511628
E00109806,345,41,14,27,304,29,275,11.884057971014492,4.057971014492753,7.82608695652174,88.1159420289855,8.405797101449275,79.71014492753623
E00109807,325,63,44,19,262,25,237,19.384615384615383,13.538461538461538,5.846153846153846,80.61538461538461,7.6923076923076925,72.92307692307692
E00109808,279,25,11,14,254,31,223,8.960573476702509,3.942652329749104,5.017921146953405,91.0394265232975,11.11111111111111,79.92831541218638
E00109809,256,25,9,16,231,21,210,9.765625,3.515625,6.25,90.234375,8.203125,82.03125
E00109810,329,41,16,25,288,38,250,12.462006079027356,4.86322188449848,7.598784194528875,87.53799392097264,11.55015197568389,75.98784194528876
E00109811,286,31,9,22,255,19,236,10.839160839160838,3.146853146853147,7.6923076923076925,89.16083916083916,6.643356643356643,82.51748251748252
E00109812,281,44,12,32,237,35,202,15.658362989323843,4.270462633451958,11.387900355871885,84.34163701067615,12.455516014234876,71.88612099644128
E00109813,248,39,15,24,209,23,186,15.725806451612904,6.048387096774194,9.67741935483871,84.2741935483871,9.274193548387096,75
E00109814,261,36,17,19,225,20,205,13.793103448275861,6.513409961685824,7.2796934865900385,86.20689655172413,7.662835249042145,78.544061302682
E00109815,276,36,10,26,240,34,206,13.043478260869565,3.6231884057971016,9.420289855072465,86.95652173913044,12.318840579710146,74.63768115942028
E00109816,334,45,11,34,289,28,261,13.47305389221557,3.293413173652695,10.179640718562874,86.52694610778443,8.383233532934131,78.1437125748503
E00109817,284,25,10,15,259,20,239,8.80281690140845,3.5211267605633805,5.28169014084507,91.19718309859155,7.042253521126761,84.15492957746478
E00109818,142,38,21,17,104,12,92,26.76056338028169,14.788732394366196,11.971830985915492,73.23943661971832,8.450704225352112,64.7887323943662
E00109819,296,38,9,29,258,28,230,12.837837837837837,3.040540540540541,9.797297297297296,87.16216216216216,9.45945945945946,77.7027027027027
E00109820,323,32,7,25,291,38,253,9.907120743034056,2.1671826625387,7.739938080495357,90.09287925696594,11.76470588235294,78.328173374613
E00109821,234,26,9,17,208,14,194,11.11111111111111,3.8461538461538463,7.264957264957266,88.88888888888889,5.982905982905983,82.90598290598291
E00109822,387,48,14,34,339,42,297,12.4031007751938,3.6175710594315245,8.785529715762273,87.59689922480621,10.852713178294573,76.74418604651163
E00109823,247,35,11,24,212,15,197,14.17004048582996,4.4534412955465585,9.7165991902834,85.82995951417004,6.0728744939271255,79.75708502024291
E00109824,264,24,10,14,240,14,226,9.090909090909092,3.787878787878788,5.303030303030303,90.9090909090909,5.303030303030303,85.60606060606061
E00109825,349,29,10,19,320,25,295,8.30945558739255,2.865329512893983,5.444126074498568,91.69054441260745,7.163323782234957,84.5272206303725
E00109827,111,41,21,20,70,11,59,36.93693693693694,18.91891891891892,18.01801801801802,63.06306306306306,9.90990990990991,53.153153153153156
E00109828,350,48,14,34,302,23,279,13.714285714285715,4,9.714285714285714,86.28571428571429,6.571428571428571,79.71428571428572
E00109830,261,28,7,21,233,19,214,10.727969348659004,2.681992337164751,8.045977011494253,89.272030651341,7.2796934865900385,81.99233716475096
E00109831,325,33,6,27,292,28,264,10.153846153846153,1.8461538461538463,8.307692307692308,89.84615384615384,8.615384615384615,81.23076923076923
E00109832,183,31,13,18,152,13,139,16.939890710382514,7.103825136612022,9.836065573770492,83.06010928961749,7.103825136612022,75.95628415300546
E00109833,316,45,17,28,271,21,250,14.240506329113925,5.379746835443038,8.860759493670885,85.75949367088607,6.6455696202531636,79.11392405063292
E00109834,323,41,16,25,282,28,254,12.693498452012383,4.953560371517028,7.739938080495357,87.30650154798761,8.6687306501548,78.63777089783281
E00109835,293,30,6,24,263,32,231,10.238907849829351,2.04778156996587,8.19112627986348,89.76109215017065,10.921501706484642,78.839590443686
E00109836,269,30,9,21,239,31,208,11.152416356877323,3.3457249070631967,7.806691449814126,88.84758364312268,11.524163568773234,77.32342007434944
E00109837,302,50,12,38,252,24,228,16.55629139072848,3.9735099337748347,12.582781456953644,83.44370860927152,7.9470198675496695,75.49668874172185
E00109838,279,53,25,28,226,21,205,18.996415770609318,8.960573476702509,10.03584229390681,81.00358422939068,7.526881720430108,73.47670250896059
E00109839,365,45,13,32,320,25,295,12.32876712328767,3.5616438356164384,8.767123287671232,87.67123287671232,6.8493150684931505,80.82191780821918
E00109840,303,38,17,21,265,23,242,12.541254125412541,5.6105610561056105,6.9306930693069315,87.45874587458746,7.590759075907591,79.86798679867987
E00109841,300,22,7,15,278,21,257,7.333333333333333,2.3333333333333335,5,92.66666666666666,7.000000000000001,85.66666666666667
E00109842,301,44,16,28,257,26,231,14.61794019933555,5.3156146179401995,9.30232558139535,85.38205980066445,8.637873754152823,76.74418604651163
E00109843,311,41,9,32,270,29,241,13.183279742765272,2.8938906752411575,10.289389067524116,86.81672025723472,9.32475884244373,77.491961414791
E00109844,301,33,16,17,268,14,254,10.96345514950166,5.3156146179401995,5.647840531561462,89.03654485049833,4.651162790697675,84.38538205980066
E00109845,292,44,14,30,248,26,222,15.068493150684931,4.794520547945205,10.273972602739725,84.93150684931507,8.904109589041095,76.02739726027397
E00109846,310,50,18,32,260,26,234,16.129032258064516,5.806451612903226,10.32258064516129,83.87096774193549,8.38709677419355,75.48387096774194
E00109847,293,40,13,27,253,19,234,13.651877133105803,4.436860068259386,9.215017064846416,86.3481228668942,6.484641638225256,79.86348122866895
E00109848,310,43,12,31,267,26,241,13.870967741935484,3.870967741935484,10,86.12903225806451,8.38709677419355,77.74193548387098
E00109849,276,30,10,20,246,23,223,10.869565217391305,3.6231884057971016,7.246376811594203,89.13043478260869,8.333333333333332,80.79710144927536
E00109850,288,36,14,22,252,22,230,12.5,4.861111111111112,7.638888888888889,87.5,7.638888888888889,79.86111111111111
E00109851,321,37,11,26,284,29,255,11.526479750778815,3.4267912772585665,8.09968847352025,88.47352024922118,9.034267912772584,79.43925233644859
E00109852,547,207,101,106,340,55,285,37.842778793418645,18.46435100548446,19.378427787934186,62.15722120658135,10.054844606946983,52.10237659963437
E00109853,511,88,34,54,423,38,385,17.22113502935421,6.653620352250488,10.567514677103718,82.7788649706458,7.436399217221135,75.34246575342466
E00109854,299,26,11,15,273,22,251,8.695652173913043,3.678929765886288,5.016722408026756,91.30434782608695,7.357859531772576,83.94648829431438
E00109855,344,64,23,41,280,24,256,18.6046511627907,6.686046511627906,11.918604651162791,81.3953488372093,6.976744186046512,74.4186046511628
E00109856,340,32,11,21,308,21,287,9.411764705882353,3.2352941176470593,6.176470588235294,90.58823529411765,6.176470588235294,84.41176470588235
E00109857,359,66,20,46,293,22,271,18.384401114206128,5.571030640668524,12.813370473537605,81.61559888579387,6.128133704735376,75.4874651810585
E00109858,319,62,21,41,257,22,235,19.435736677115987,6.583072100313479,12.852664576802509,80.56426332288402,6.896551724137931,73.66771159874608
E00109859,300,38,8,30,262,21,241,12.666666666666668,2.666666666666667,10,87.33333333333333,7.000000000000001,80.33333333333333
E00109860,424,53,23,30,371,32,339,12.5,5.4245283018867925,7.0754716981132075,87.5,7.547169811320755,79.95283018867924
E00109861,333,32,7,25,301,24,277,9.60960960960961,2.1021021021021022,7.5075075075075075,90.39039039039038,7.207207207207207,83.18318318318319
E00109862,263,28,9,19,235,13,222,10.646387832699618,3.4220532319391634,7.224334600760455,89.35361216730038,4.942965779467681,84.4106463878327
E00109863,363,39,12,27,324,23,301,10.743801652892563,3.3057851239669422,7.43801652892562,89.25619834710744,6.336088154269973,82.92011019283747
E00109864,312,46,12,34,266,23,243,14.743589743589745,3.8461538461538463,10.897435897435898,85.25641025641025,7.371794871794872,77.88461538461539
E00109865,283,40,17,23,243,25,218,14.13427561837456,6.007067137809187,8.12720848056537,85.86572438162544,8.8339222614841,77.03180212014135
E00109866,439,46,13,33,393,24,369,10.478359908883828,2.9612756264236904,7.517084282460136,89.52164009111617,5.466970387243736,84.05466970387245
E00109867,186,33,9,24,153,25,128,17.741935483870968,4.838709677419355,12.903225806451612,82.25806451612904,13.440860215053762,68.81720430107528
E00109868,452,49,20,29,403,30,373,10.84070796460177,4.424778761061947,6.415929203539823,89.15929203539822,6.637168141592921,82.52212389380531
E00109869,342,47,9,38,295,33,262,13.742690058479532,2.631578947368421,11.11111111111111,86.25730994152046,9.649122807017543,76.60818713450293
E00109870,289,35,11,24,254,33,221,12.110726643598616,3.8062283737024223,8.304498269896193,87.88927335640139,11.418685121107266,76.47058823529412
E00109871,294,44,15,29,250,20,230,14.965986394557824,5.1020408163265305,9.863945578231291,85.03401360544217,6.802721088435375,78.2312925170068
E00109872,328,42,12,30,286,16,270,12.804878048780488,3.6585365853658534,9.146341463414634,87.1951219512195,4.878048780487805,82.3170731707317
E00109873,323,35,9,26,288,19,269,10.8359133126935,2.786377708978328,8.04953560371517,89.1640866873065,5.88235294117647,83.28173374613003
E00109874,299,35,16,19,264,34,230,11.705685618729097,5.351170568561873,6.354515050167224,88.2943143812709,11.37123745819398,76.92307692307693
E00109875,353,70,37,33,283,23,260,19.8300283286119,10.48158640226629,9.34844192634561,80.16997167138811,6.515580736543909,73.65439093484419
E00109876,371,47,25,22,324,17,307,12.668463611859837,6.738544474393531,5.929919137466308,87.33153638814017,4.5822102425876015,82.74932614555256
E00109877,268,44,13,31,224,26,198,16.417910447761194,4.850746268656716,11.567164179104477,83.5820895522388,9.701492537313433,73.88059701492537
E00109878,253,50,25,25,203,18,185,19.76284584980237,9.881422924901186,9.881422924901186,80.23715415019763,7.114624505928854,73.12252964426878
E00109879,328,32,11,21,296,28,268,9.75609756097561,3.353658536585366,6.402439024390244,90.2439024390244,8.536585365853659,81.70731707317073
E00109880,327,60,23,37,267,29,238,18.34862385321101,7.033639143730887,11.314984709480122,81.65137614678899,8.868501529051988,72.78287461773701
E00109881,319,52,22,30,267,26,241,16.30094043887147,6.896551724137931,9.404388714733543,83.69905956112854,8.150470219435736,75.54858934169279
E00109882,377,77,33,44,300,24,276,20.424403183023873,8.753315649867375,11.671087533156498,79.57559681697613,6.36604774535809,73.20954907161804
E00109883,284,57,21,36,227,15,212,20.070422535211268,7.394366197183098,12.676056338028168,79.92957746478874,5.28169014084507,74.64788732394366
E00109884,354,62,25,37,292,19,273,17.51412429378531,7.062146892655368,10.451977401129943,82.485875706214685,5.367231638418079,77.11864406779661
E00109886,280,61,24,37,219,16,203,21.785714285714285,8.571428571428571,13.214285714285715,78.21428571428571,5.714285714285714,72.5
E00109887,484,91,21,70,393,42,351,18.801652892561986,4.338842975206612,14.46280991735537,81.19834710743802,8.677685950413224,72.52066115702479
E00109888,276,48,25,23,228,25,203,17.391304347826086,9.057971014492754,8.333333333333332,82.6086956521739,9.057971014492754,73.55072463768117
E00109889,546,87,24,63,459,51,408,15.934065934065933,4.395604395604396,11.538461538461538,84.06593406593407,9.340659340659341,74.72527472527473
E00109890,253,30,14,16,223,27,196,11.857707509881422,5.533596837944664,6.324110671936759,88.14229249011858,10.67193675889328,77.4703557312253
E00109891,207,60,20,40,147,13,134,28.985507246376812,9.66183574879227,19.32367149758454,71.01449275362319,6.280193236714976,64.73429951690821
E00109892,222,27,8,19,195,19,176,12.162162162162163,3.6036036036036037,8.558558558558559,87.83783783783784,8.558558558558559,79.27927927927928
E00109893,161,41,23,18,120,10,110,25.465838509316768,14.285714285714285,11.180124223602485,74.53416149068323,6.211180124223603,68.32298136645963
E00109894,265,47,14,33,218,25,193,17.735849056603772,5.283018867924529,12.452830188679245,82.26415094339623,9.433962264150944,72.83018867924528
E00109895,215,53,27,26,162,12,150,24.651162790697676,12.558139534883722,12.093023255813954,75.34883720930232,5.5813953488372094,69.76744186046511
E00109896,247,39,15,24,208,21,187,15.789473684210526,6.0728744939271255,9.7165991902834,84.21052631578947,8.502024291497975,75.7085020242915
E00109897,339,58,26,32,281,26,255,17.10914454277286,7.669616519174041,9.43952802359882,82.89085545722715,7.669616519174041,75.22123893805309
E00109898,401,42,18,24,359,24,335,10.473815461346634,4.488778054862843,5.985037406483791,89.52618453865337,5.985037406483791,83.54114713216958
E00109899,231,70,34,36,161,17,144,30.303030303030305,14.71861471861472,15.584415584415584,69.6969696969697,7.35930735930736,62.33766233766234
E00109900,352,78,29,49,274,27,247,22.15909090909091,8.238636363636363,13.920454545454545,77.8409090909091,7.670454545454546,70.17045454545455
E00109901,302,37,9,28,265,24,241,12.251655629139073,2.980132450331126,9.271523178807946,87.74834437086093,7.9470198675496695,79.80132450331125
E00109902,275,39,15,24,236,23,213,14.181818181818182,5.454545454545454,8.727272727272728,85.81818181818181,8.363636363636363,77.45454545454545
E00109903,269,44,22,22,225,24,201,16.356877323420075,8.178438661710038,8.178438661710038,83.64312267657994,8.921933085501859,74.72118959107806
E00109904,287,39,10,29,248,17,231,13.588850174216027,3.484320557491289,10.104529616724738,86.41114982578398,5.923344947735192,80.48780487804879
E00170973,257,41,17,24,216,19,197,15.953307392996107,6.614785992217899,9.33852140077821,84.04669260700389,7.392996108949417,76.65369649805449
E00170974,376,44,17,27,332,18,314,11.702127659574469,4.521276595744681,7.180851063829788,88.29787234042553,4.787234042553192,83.51063829787235
E00170975,311,42,15,27,269,20,249,13.504823151125404,4.823151125401929,8.681672025723474,86.49517684887459,6.430868167202572,80.06430868167203
E00170976,255,44,13,31,211,12,199,17.254901960784313,5.098039215686274,12.156862745098039,82.74509803921568,4.705882352941177,78.03921568627452
E00170977,239,19,2,17,220,19,201,7.949790794979079,0.8368200836820083,7.112970711297072,92.05020920502092,7.949790794979079,84.10041841004184
E00170978,350,32,7,25,318,35,283,9.142857142857142,2,7.142857142857142,90.85714285714286,10,80.85714285714286
E00170979,363,56,20,36,307,20,287,15.426997245179063,5.5096418732782375,9.917355371900827,84.57300275482093,5.5096418732782375,79.06336088154269
E00170980,570,68,11,57,502,40,462,11.929824561403509,1.9298245614035088,10,88.0701754385965,7.017543859649122,81.05263157894737
E00170982,248,19,7,12,229,16,213,7.661290322580645,2.82258064516129,4.838709677419355,92.33870967741935,6.451612903225806,85.88709677419355
E00170983,343,44,18,26,299,32,267,12.82798833819242,5.247813411078718,7.580174927113703,87.17201166180757,9.329446064139942,77.84256559766763
E00170984,381,41,12,29,340,27,313,10.761154855643044,3.149606299212598,7.611548556430446,89.23884514435696,7.086614173228346,82.1522309711286
E00170985,326,37,14,23,289,25,264,11.349693251533742,4.294478527607362,7.05521472392638,88.65030674846625,7.668711656441718,80.98159509202453
E00170986,257,27,14,13,230,18,212,10.505836575875486,5.447470817120623,5.058365758754864,89.49416342412452,7.003891050583658,82.49027237354085
E00170987,381,47,9,38,334,30,304,12.335958005249344,2.3622047244094486,9.973753280839896,87.66404199475065,7.874015748031496,79.79002624671917
E00170988,211,26,8,18,185,16,169,12.322274881516588,3.7914691943127963,8.530805687203792,87.67772511848341,7.5829383886255926,80.09478672985783
E00170989,410,36,9,27,374,28,346,8.780487804878048,2.195121951219512,6.585365853658537,91.21951219512195,6.829268292682928,84.39024390243902
E00170990,271,19,5,14,252,17,235,7.011070110701106,1.8450184501845017,5.166051660516605,92.98892988929889,6.273062730627306,86.71586715867159
E00170991,352,32,11,21,320,15,305,9.090909090909092,3.125,5.965909090909091,90.9090909090909,4.261363636363636,86.64772727272727
E00170992,376,44,18,26,332,19,313,11.702127659574469,4.787234042553192,6.914893617021277,88.29787234042553,5.053191489361701,83.24468085106383
E00170993,238,31,13,18,207,21,186,13.025210084033615,5.46218487394958,7.563025210084033,86.97478991596638,8.823529411764707,78.15126050420169
E00170994,197,35,17,18,162,14,148,17.766497461928935,8.629441624365482,9.137055837563452,82.23350253807106,7.1065989847715745,75.1269035532995
E00170997,142,10,3,7,132,6,126,7.042253521126761,2.112676056338028,4.929577464788732,92.95774647887323,4.225352112676056,88.73239436619718
E00170998,347,49,21,28,298,30,268,14.121037463976945,6.051873198847262,8.069164265129682,85.87896253602305,8.645533141210375,77.23342939481267
E00170999,365,42,13,29,323,32,291,11.506849315068493,3.5616438356164384,7.9452054794520555,88.4931506849315,8.767123287671232,79.72602739726027
E00171000,351,52,23,29,299,17,282,14.814814814814813,6.552706552706552,8.262108262108262,85.18518518518519,4.843304843304843,80.34188034188034
E00171001,305,39,17,22,266,28,238,12.786885245901638,5.573770491803279,7.213114754098362,87.21311475409837,9.180327868852459,78.0327868852459
E00171002,373,42,19,23,331,25,306,11.26005361930295,5.093833780160858,6.166219839142091,88.73994638069705,6.702412868632708,82.03753351206434
E00171003,374,44,15,29,330,30,300,11.76470588235294,4.0106951871657754,7.754010695187167,88.23529411764706,8.0213903743315509,80.21390374331551
E00171004,368,45,17,28,323,26,297,12.228260869565217,4.619565217391304,7.608695652173914,87.77173913043478,7.065217391304348,80.70652173913044
E00171005,318,34,15,19,284,27,257,10.69182389937107,4.716981132075472,5.9748427672955975,89.30817610062893,8.49056603773585,80.81761006289308
E00171006,348,29,11,18,319,16,303,8.333333333333332,3.1609195402298855,5.172413793103448,91.66666666666666,4.597701149425287,87.06896551724138
E00171007,200,21,4,17,179,18,161,10.5,2,8.5,89.5,9,80.5
E00171008,194,13,6,7,181,21,160,6.701030927835052,3.0927835051546393,3.608247422680412,93.29896907216495,10.824742268041238,82.4742268041237
E00171009,420,54,21,33,366,26,340,12.857142857142856,5,7.857142857142857,87.14285714285714,6.190476190476191,80.95238095238095
E00171010,364,30,11,19,334,28,306,8.241758241758241,3.021978021978022,5.21978021978022,91.75824175824175,7.6923076923076925,84.06593406593407
E00171011,249,21,7,14,228,11,217,8.433734939759036,2.8112449799196786,5.622489959839357,91.56626506024097,4.417670682730924,87.14859437751004
E00171012,342,53,21,32,289,18,271,15.497076023391813,6.140350877192982,9.35672514619883,84.50292397660819,5.263157894736842,79.23976608187134
E00171013,303,47,18,29,256,25,231,15.51155115511551,5.9405940594059405,9.570957095709572,84.48844884488449,8.25082508250825,76.23762376237624
E00171014,359,25,4,21,334,20,314,6.963788300835655,1.1142061281337048,5.8495821727019495,93.03621169916435,5.571030640668524,87.46518105849582
E00180460,223,9,1,8,214,18,196,4.0358744394618835,0.4484304932735426,3.587443946188341,95.96412556053812,8.071748878923767,87.89237668161435
E00180463,338,40,12,28,298,24,274,11.834319526627219,3.5502958579881656,8.284023668639055,88.16568047337277,7.100591715976331,81.06508875739645
E00180464,205,17,8,9,188,13,175,8.292682926829269,3.902439024390244,4.390243902439024,91.70731707317074,6.341463414634147,85.36585365853658
E00180467,287,29,3,26,258,14,244,10.104529616724738,1.0452961672473868,9.059233449477352,89.89547038327527,4.878048780487805,85.01742160278745
E00180469,191,26,3,23,165,11,154,13.612565445026178,1.5706806282722512,12.041884816753926,86.38743455497382,5.7591623036649215,80.6282722513089
E00180470,209,13,2,11,196,10,186,6.220095693779904,0.9569377990430622,5.263157894736842,93.77990430622009,4.784688995215311,88.99521531100478
E00180471,179,14,2,12,165,12,153,7.82122905027933,1.1173184357541899,6.70391061452514,92.17877094972067,6.70391061452514,85.47486033519553
E00180473,505,45,14,31,460,22,438,8.91089108910891,2.7722772277227725,6.138613861386139,91.0891089108911,4.356435643564356,86.73267326732673
E00180475,360,41,17,24,319,30,289,11.38888888888889,4.722222222222222,6.666666666666667,88.61111111111111,8.333333333333332,80.27777777777779
E00180476,323,33,12,21,290,25,265,10.21671826625387,3.7151702786377707,6.5015479876160995,89.78328173374614,7.739938080495357,82.04334365325077
E00180477,167,6,0,6,161,18,143,3.592814371257485,0,3.592814371257485,96.40718562874252,10.778443113772456,85.62874251497006
E00180481,193,39,18,21,154,14,140,20.207253886010363,9.32642487046632,10.880829015544041,79.79274611398964,7.253886010362693,72.53886010362694
E00180482,252,28,9,19,224,28,196,11.11111111111111,3.571428571428571,7.5396825396825395,88.88888888888889,11.11111111111111,77.77777777777779
E00180483,103,35,18,17,68,5,63,33.980582524271846,17.475728155339805,16.50485436893204,66.01941747572816,4.854368932038835,61.165048543689316
E00180484,362,31,4,27,331,15,316,8.56353591160221,1.1049723756906076,7.458563535911603,91.4364640883978,4.143646408839778,87.29281767955801
E00180485,252,56,30,26,196,11,185,22.22222222222222,11.904761904761903,10.317460317460316,77.77777777777779,4.365079365079365,73.4126984126984
E00180487,155,27,12,15,128,5,123,17.419354838709676,7.741935483870968,9.67741935483871,82.58064516129032,3.225806451612903,79.35483870967742
E00180491,461,32,9,23,429,30,399,6.941431670281996,1.9522776572668112,4.989154013015185,93.058568329718,6.507592190889371,86.55097613882863
E00180493,228,16,2,14,212,13,199,7.017543859649122,0.8771929824561403,6.140350877192982,92.98245614035088,5.701754385964912,87.28070175438597
E00180494,251,25,9,16,226,13,213,9.9601593625498,3.5856573705179287,6.374501992031872,90.0398406374502,5.179282868525896,84.86055776892431
E00180495,450,41,20,21,409,21,388,9.11111111111111,4.444444444444445,4.666666666666667,90.88888888888889,4.666666666666667,86.22222222222223
E00180496,351,31,15,16,320,28,292,8.831908831908832,4.273504273504273,4.5584045584045585,91.16809116809117,7.977207977207977,83.1908831908832
E00180498,314,31,13,18,283,15,268,9.872611464968154,4.140127388535031,5.7324840764331215,90.12738853503186,4.777070063694268,85.35031847133759
E00180499,106,38,16,22,68,3,65,35.84905660377358,15.09433962264151,20.754716981132077,64.15094339622641,2.8301886792452833,61.32075471698113
E00180500,350,37,6,31,313,27,286,10.571428571428571,1.7142857142857144,8.857142857142856,89.42857142857143,7.7142857142857135,81.71428571428572
E00180501,225,24,10,14,201,13,188,10.666666666666668,4.444444444444445,6.222222222222222,89.33333333333333,5.777777777777778,83.55555555555556
E00180504,319,21,8,13,298,21,277,6.583072100313479,2.507836990595611,4.075235109717868,93.41692789968651,6.583072100313479,86.83385579937304
E00180505,424,30,11,19,394,13,381,7.0754716981132075,2.5943396226415096,4.481132075471698,92.9245283018868,3.0660377358490565,89.85849056603774
E00180506,246,63,38,25,183,12,171,25.609756097560975,15.447154471544716,10.16260162601626,74.39024390243902,4.878048780487805,69.51219512195121
E00180511,460,43,13,30,417,27,390,9.347826086956522,2.8260869565217392,6.521739130434782,90.65217391304347,5.869565217391305,84.78260869565217
E00180514,405,32,9,23,373,28,345,7.901234567901234,2.2222222222222223,5.679012345679013,92.09876543209876,6.91358024691358,85.18518518518519
E00180516,319,18,4,14,301,29,272,5.6426332288401255,1.2539184952978055,4.38871473354232,94.35736677115987,9.090909090909092,85.26645768025078
E00180517,494,60,22,38,434,29,405,12.145748987854251,4.4534412955465585,7.6923076923076925,87.85425101214574,5.870445344129554,81.9838056680162
E00180518,323,19,1,18,304,22,282,5.88235294117647,0.30959752321981426,5.572755417956656,94.11764705882352,6.811145510835913,87.30650154798761
E00180521,300,39,18,21,261,14,247,13,6,7.000000000000001,87,4.666666666666667,82.33333333333334
E00180524,215,19,4,15,196,8,188,8.837209302325581,1.8604651162790697,6.976744186046512,91.16279069767442,3.7209302325581395,87.44186046511628
E00180525,237,21,6,15,216,13,203,8.860759493670885,2.5316455696202533,6.329113924050633,91.13924050632912,5.485232067510549,85.65400843881856
E00180526,161,17,7,10,144,15,129,10.559006211180124,4.3478260869565215,6.211180124223603,89.44099378881988,9.316770186335404,80.12422360248446
E00180527,259,30,5,25,229,27,202,11.583011583011583,1.9305019305019304,9.652509652509652,88.41698841698842,10.424710424710424,77.99227799227799
E00180529,602,101,40,61,501,35,466,16.77740863787375,6.64451827242525,10.132890365448505,83.22259136212624,5.813953488372093,77.40863787375415
E00180532,339,34,5,29,305,15,290,10.029498525073747,1.4749262536873156,8.55457227138643,89.97050147492625,4.424778761061947,85.54572271386431
E00180533,178,29,10,19,149,8,141,16.292134831460675,5.617977528089887,10.674157303370785,83.70786516853933,4.49438202247191,79.21348314606742
E00180534,427,114,44,70,313,33,280,26.697892271662766,10.304449648711945,16.39344262295082,73.30210772833723,7.728337236533958,65.57377049180327
E00180536,325,42,19,23,283,22,261,12.923076923076923,5.846153846153846,7.076923076923077,87.07692307692308,6.769230769230769,80.3076923076923
E00180540,312,50,16,34,262,22,240,16.025641025641026,5.128205128205128,10.897435897435898,83.97435897435898,7.051282051282051,76.92307692307693
E00180543,139,4,0,4,135,4,131,2.877697841726619,0,2.877697841726619,97.12230215827337,2.877697841726619,94.24460431654677
E00180546,602,80,29,51,522,53,469,13.2890365448505,4.817275747508306,8.471760797342192,86.71096345514951,8.803986710963455,77.90697674418605
E00180548,235,28,12,16,207,13,194,11.914893617021278,5.106382978723404,6.808510638297872,88.08510638297872,5.531914893617021,82.5531914893617
E00180551,569,56,20,36,513,36,477,9.84182776801406,3.5149384885764503,6.32688927943761,90.15817223198594,6.32688927943761,83.83128295254832
E00180552,339,45,16,29,294,20,274,13.274336283185843,4.71976401179941,8.55457227138643,86.72566371681415,5.899705014749262,80.8259587020649
E00180556,322,39,10,29,283,21,262,12.111801242236025,3.1055900621118013,9.006211180124224,87.88819875776397,6.521739130434782,81.36645962732919
