OA,ts0590001,ts0590002,ts0590003,ts0590004,ts0590005,ts0590006,ts0590007,ts0590002_PCT,ts0590003_PCT,ts0590004_PCT,ts0590005_PCT,ts0590006_PCT,ts0590007_PCT
E00109388,150,46,23,23,104,82,22,30.666666666666664,15.333333333333332,15.333333333333332,69.33333333333334,54.666666666666664,14.666666666666666
E00109389,102,33,7,26,69,51,18,32.35294117647059,6.862745098039216,25.49019607843137,67.64705882352942,50,17.647058823529413
E00109390,188,64,28,36,124,96,28,34.04255319148936,14.893617021276595,19.148936170212767,65.95744680851064,51.06382978723404,14.893617021276595
E00109391,118,41,14,27,77,59,18,34.74576271186441,11.864406779661017,22.88135593220339,65.2542372881356,50,15.254237288135593
E00109393,60,22,4,18,38,34,4,36.666666666666664,6.666666666666667,30,63.33333333333333,56.666666666666664,6.666666666666667
E00109395,189,62,32,30,127,89,38,32.804232804232804,16.93121693121693,15.873015873015872,67.1957671957672,47.08994708994709,20.105820105820104
E00109396,155,51,22,29,104,82,22,32.903225806451616,14.193548387096774,18.70967741935484,67.0967741935484,52.903225806451616,14.193548387096774
E00109397,124,40,15,25,84,67,17,32.25806451612903,12.096774193548388,20.161290322580644,67.74193548387096,54.03225806451613,13.709677419354838
E00109398,167,50,21,29,117,90,27,29.94011976047904,12.574850299401197,17.365269461077844,70.05988023952095,53.89221556886228,16.16766467065868
E00109399,158,58,27,31,100,79,21,36.708860759493675,17.088607594936708,19.62025316455696,63.29113924050633,50,13.291139240506327
E00109400,147,51,26,25,96,74,22,34.69387755102041,17.687074829931973,17.006802721088434,65.3061224489796,50.34013605442177,14.965986394557824
E00109401,185,58,20,38,127,108,19,31.351351351351354,10.81081081081081,20.54054054054054,68.64864864864865,58.37837837837838,10.27027027027027
E00109402,182,51,20,31,131,125,6,28.021978021978022,10.989010989010989,17.032967032967033,71.97802197802197,68.68131868131869,3.296703296703297
E00109403,153,60,25,35,93,65,28,39.21568627450981,16.33986928104575,22.875816993464053,60.78431372549019,42.48366013071895,18.30065359477124
E00109404,160,66,32,34,94,68,26,41.25,20,21.25,58.75,42.5,16.25
E00109405,137,50,18,32,87,68,19,36.496350364963504,13.138686131386862,23.357664233576642,63.503649635036496,49.63503649635037,13.86861313868613
E00109406,120,27,11,16,93,54,39,22.5,9.166666666666666,13.333333333333334,77.5,45,32.5
E00109407,224,55,14,41,169,135,34,24.553571428571427,6.25,18.303571428571427,75.44642857142857,60.26785714285714,15.178571428571427
E00109408,233,59,16,43,174,140,34,25.321888412017167,6.866952789699571,18.4549356223176,74.67811158798283,60.08583690987125,14.592274678111588
E00109409,203,56,18,38,147,115,32,27.586206896551722,8.866995073891626,18.7192118226601,72.41379310344827,56.65024630541872,15.763546798029557
E00109410,175,56,19,37,119,93,26,32,10.857142857142858,21.142857142857142,68,53.142857142857146,14.857142857142858
E00109411,141,44,11,33,97,81,16,31.20567375886525,7.801418439716312,23.404255319148938,68.79432624113475,57.446808510638306,11.347517730496454
E00109412,190,58,27,31,132,111,21,30.526315789473685,14.210526315789473,16.315789473684212,69.47368421052632,58.42105263157895,11.052631578947368
E00109413,149,42,11,31,107,82,25,28.187919463087248,7.38255033557047,20.80536912751678,71.81208053691275,55.033557046979865,16.778523489932887
E00109414,171,47,22,25,124,103,21,27.485380116959064,12.865497076023392,14.619883040935672,72.51461988304094,60.23391812865497,12.280701754385964
E00109415,195,70,22,48,125,97,28,35.8974358974359,11.282051282051283,24.615384615384617,64.1025641025641,49.743589743589745,14.358974358974358
E00109417,176,59,15,44,117,94,23,33.52272727272727,8.522727272727272,25,66.47727272727273,53.40909090909091,13.068181818181818
E00109418,142,53,13,40,89,63,26,37.32394366197183,9.15492957746479,28.169014084507044,62.676056338028175,44.36619718309859,18.30985915492958
E00109419,183,53,14,39,130,93,37,28.96174863387978,7.650273224043716,21.311475409836063,71.03825136612022,50.81967213114754,20.21857923497268
E00109421,146,42,17,25,104,87,17,28.767123287671232,11.643835616438356,17.123287671232877,71.23287671232876,59.589041095890416,11.643835616438356
E00109422,192,44,9,35,148,127,21,22.916666666666664,4.6875,18.229166666666664,77.08333333333334,66.14583333333334,10.9375
E00109423,97,31,7,24,66,56,10,31.958762886597935,7.216494845360824,24.742268041237114,68.04123711340206,57.73195876288659,10.309278350515463
E00109425,114,31,11,20,83,67,16,27.192982456140353,9.649122807017543,17.543859649122805,72.80701754385966,58.77192982456141,14.035087719298245
E00109426,163,56,18,38,107,85,22,34.355828220858896,11.042944785276074,23.31288343558282,65.6441717791411,52.14723926380368,13.496932515337424
E00109427,146,43,20,23,103,78,25,29.45205479452055,13.698630136986301,15.753424657534246,70.54794520547945,53.42465753424658,17.123287671232877
E00109428,157,48,12,36,109,92,17,30.573248407643312,7.643312101910828,22.929936305732486,69.42675159235668,58.59872611464968,10.828025477707007
E00109430,162,51,15,36,111,100,11,31.48148148148148,9.25925925925926,22.22222222222222,68.51851851851852,61.72839506172839,6.790123456790123
E00109431,127,32,14,18,95,77,18,25.196850393700785,11.023622047244094,14.173228346456693,74.80314960629921,60.629921259842526,14.173228346456693
E00109434,135,51,22,29,84,66,18,37.77777777777778,16.296296296296298,21.48148148148148,62.22222222222222,48.888888888888886,13.333333333333334
E00109435,187,60,19,41,127,99,28,32.085561497326204,10.16042780748663,21.92513368983957,67.9144385026738,52.94117647058824,14.973262032085561
E00109436,128,35,9,26,93,75,18,27.34375,7.03125,20.3125,72.65625,58.59375,14.0625
E00109437,148,36,16,20,112,89,23,24.324324324324326,10.81081081081081,13.513513513513514,75.67567567567568,60.13513513513513,15.54054054054054
E00109438,182,56,25,31,126,98,28,30.76923076923077,13.736263736263737,17.032967032967033,69.23076923076923,53.84615384615385,15.384615384615385
E00109439,166,56,26,30,110,86,24,33.734939759036145,15.66265060240964,18.072289156626507,66.26506024096386,51.80722891566265,14.457831325301203
E00109440,130,58,24,34,72,58,14,44.61538461538462,18.461538461538463,26.153846153846157,55.38461538461539,44.61538461538462,10.76923076923077
E00109441,124,46,21,25,78,70,8,37.096774193548384,16.93548387096774,20.161290322580644,62.903225806451616,56.451612903225815,6.451612903225806
E00109442,181,44,18,26,137,105,32,24.30939226519337,9.94475138121547,14.3646408839779,75.69060773480662,58.011049723756905,17.67955801104972
E00109444,155,46,18,28,109,79,30,29.677419354838708,11.612903225806452,18.064516129032256,70.3225806451613,50.967741935483865,19.35483870967742
E00109446,264,70,32,38,194,162,32,26.515151515151516,12.121212121212121,14.393939393939394,73.48484848484848,61.36363636363637,12.121212121212121
E00109447,119,29,13,16,90,79,11,24.369747899159663,10.92436974789916,13.445378151260504,75.63025210084034,66.38655462184873,9.243697478991598
E00109448,126,29,10,19,97,80,17,23.015873015873016,7.936507936507936,15.079365079365079,76.98412698412699,63.49206349206349,13.492063492063492
E00109450,203,53,21,32,150,124,26,26.108374384236456,10.344827586206897,15.763546798029557,73.89162561576354,61.083743842364534,12.807881773399016
E00109452,111,39,14,25,72,57,15,35.13513513513514,12.612612612612612,22.52252252252252,64.86486486486487,51.35135135135135,13.513513513513514
E00109453,146,26,9,17,120,103,17,17.80821917808219,6.164383561643835,11.643835616438356,82.1917808219178,70.54794520547945,11.643835616438356
E00109454,114,27,12,15,87,77,10,23.684210526315788,10.526315789473683,13.157894736842104,76.31578947368422,67.54385964912281,8.771929824561402
E00109455,161,42,15,27,119,100,19,26.08695652173913,9.316770186335404,16.77018633540373,73.91304347826086,62.11180124223602,11.801242236024844
E00109456,166,45,18,27,121,97,24,27.10843373493976,10.843373493975903,16.265060240963855,72.89156626506023,58.43373493975904,14.457831325301203
E00109457,145,44,20,24,101,80,21,30.344827586206897,13.793103448275861,16.551724137931036,69.6551724137931,55.172413793103445,14.482758620689657
E00109458,164,41,17,24,123,91,32,25,10.365853658536585,14.634146341463413,75,55.487804878048784,19.51219512195122
E00109459,206,59,23,36,147,128,19,28.640776699029125,11.165048543689322,17.475728155339805,71.35922330097088,62.13592233009708,9.223300970873787
E00109460,254,73,23,50,181,152,29,28.74015748031496,9.05511811023622,19.68503937007874,71.25984251968504,59.84251968503938,11.41732283464567
E00109461,127,36,15,21,91,72,19,28.346456692913385,11.811023622047244,16.535433070866144,71.65354330708661,56.69291338582677,14.960629921259844
E00109462,147,37,17,20,110,95,15,25.170068027210885,11.564625850340136,13.60544217687075,74.82993197278913,64.62585034013605,10.204081632653061
E00109463,154,44,16,28,110,94,16,28.57142857142857,10.38961038961039,18.181818181818183,71.42857142857143,61.038961038961034,10.38961038961039
E00109464,175,36,10,26,139,114,25,20.57142857142857,5.714285714285714,14.857142857142858,79.42857142857143,65.14285714285715,14.285714285714285
E00109465,189,47,17,30,142,119,23,24.867724867724867,8.994708994708994,15.873015873015872,75.13227513227513,62.96296296296296,12.16931216931217
E00109466,150,47,19,28,103,93,10,31.333333333333336,12.666666666666668,18.666666666666668,68.66666666666667,62,6.666666666666667
E00109467,144,38,14,24,106,90,16,26.38888888888889,9.722222222222223,16.666666666666664,73.61111111111111,62.5,11.11111111111111
E00109468,138,32,11,21,106,92,14,23.18840579710145,7.971014492753622,15.217391304347828,76.81159420289855,66.66666666666666,10.144927536231885
E00109469,140,27,7,20,113,87,26,19.28571428571429,5,14.285714285714285,80.71428571428572,62.142857142857146,18.571428571428573
E00109470,131,22,9,13,109,89,20,16.793893129770993,6.870229007633588,9.923664122137405,83.20610687022901,67.93893129770993,15.267175572519085
E00109471,68,16,8,8,52,44,8,23.52941176470588,11.76470588235294,11.76470588235294,76.47058823529412,64.70588235294117,11.76470588235294
E00109472,142,38,13,25,104,87,17,26.76056338028169,9.15492957746479,17.6056338028169,73.23943661971832,61.267605633802816,11.971830985915492
E00109473,318,92,38,54,226,164,62,28.930817610062892,11.949685534591195,16.9811320754717,71.0691823899371,51.57232704402516,19.49685534591195
E00109474,178,55,20,35,123,95,28,30.89887640449438,11.235955056179774,19.662921348314608,69.10112359550563,53.37078651685393,15.730337078651685
E00109475,184,59,23,36,125,102,23,32.065217391304344,12.5,19.565217391304348,67.93478260869566,55.434782608695656,12.5
E00109476,188,69,32,37,119,88,31,36.702127659574465,17.02127659574468,19.680851063829788,63.297872340425535,46.808510638297875,16.48936170212766
E00109477,176,46,19,27,130,93,37,26.136363636363637,10.795454545454545,15.340909090909092,73.86363636363636,52.84090909090909,21.022727272727273
E00109478,167,50,30,20,117,87,30,29.94011976047904,17.964071856287426,11.976047904191617,70.05988023952095,52.09580838323353,17.964071856287426
E00109479,183,65,24,41,118,99,19,35.51912568306011,13.114754098360656,22.404371584699454,64.48087431693989,54.09836065573771,10.382513661202186
E00109480,199,70,28,42,129,98,31,35.175879396984925,14.07035175879397,21.105527638190953,64.82412060301507,49.246231155778894,15.577889447236181
E00109481,187,59,21,38,128,104,24,31.550802139037433,11.229946524064172,20.32085561497326,68.44919786096256,55.61497326203209,12.834224598930483
E00109482,155,42,11,31,113,89,24,27.09677419354839,7.096774193548387,20,72.90322580645162,57.41935483870968,15.483870967741936
E00109483,85,32,9,23,53,45,8,37.64705882352941,10.588235294117647,27.058823529411764,62.35294117647059,52.94117647058824,9.411764705882353
E00109484,105,43,19,24,62,43,19,40.95238095238095,18.095238095238095,22.857142857142858,59.04761904761905,40.95238095238095,18.095238095238095
E00109485,96,36,11,25,60,48,12,37.5,11.458333333333332,26.041666666666668,62.5,50,12.5
E00109486,117,36,15,21,81,67,14,30.76923076923077,12.82051282051282,17.94871794871795,69.23076923076923,57.26495726495726,11.965811965811966
E00109487,125,42,12,30,83,69,14,33.6,9.6,24,66.4,55.2,11.200000000000001
E00109488,109,32,13,19,77,70,7,29.357798165137616,11.926605504587156,17.431192660550458,70.64220183486239,64.22018348623854,6.422018348623854
E00109489,121,46,12,34,75,57,18,38.01652892561984,9.917355371900827,28.09917355371901,61.98347107438017,47.107438016528924,14.87603305785124
E00109490,152,51,14,37,101,72,29,33.55263157894737,9.210526315789473,24.342105263157894,66.44736842105263,47.368421052631575,19.078947368421055
E00109491,102,36,9,27,66,56,10,35.294117647058826,8.823529411764707,26.47058823529412,64.70588235294117,54.90196078431373,9.803921568627452
E00109492,143,41,22,19,102,95,7,28.671328671328673,15.384615384615385,13.286713286713287,71.32867132867133,66.43356643356644,4.895104895104895
E00109493,129,50,13,37,79,64,15,38.759689922480625,10.077519379844961,28.68217054263566,61.240310077519375,49.6124031007752,11.627906976744185
E00109494,195,63,26,37,132,99,33,32.30769230769231,13.333333333333334,18.974358974358974,67.6923076923077,50.76923076923077,16.923076923076923
E00109495,183,54,19,35,129,108,21,29.508196721311474,10.382513661202186,19.12568306010929,70.49180327868852,59.01639344262295,11.475409836065573
E00109496,145,46,22,24,99,83,16,31.724137931034484,15.172413793103448,16.551724137931036,68.27586206896552,57.24137931034483,11.03448275862069
E00109497,157,44,20,24,113,95,18,28.02547770700637,12.738853503184714,15.286624203821656,71.97452229299363,60.509554140127385,11.464968152866243
E00109498,144,32,11,21,112,94,18,22.22222222222222,7.638888888888889,14.583333333333334,77.77777777777779,65.27777777777779,12.5
E00109499,139,50,18,32,89,81,8,35.97122302158273,12.949640287769784,23.021582733812952,64.02877697841727,58.27338129496403,5.755395683453238
E00109500,146,40,14,26,106,86,20,27.397260273972602,9.58904109589041,17.80821917808219,72.6027397260274,58.9041095890411,13.698630136986301
E00109501,119,38,17,21,81,63,18,31.932773109243694,14.285714285714285,17.647058823529413,68.0672268907563,52.94117647058824,15.126050420168067
E00109502,126,41,21,20,85,62,23,32.53968253968254,16.666666666666664,15.873015873015872,67.46031746031747,49.2063492063492,18.253968253968253
E00109503,85,33,15,18,52,39,13,38.82352941176471,17.647058823529413,21.176470588235293,61.1764705882353,45.88235294117647,15.294117647058824
E00109504,140,48,15,33,92,70,22,34.285714285714285,10.714285714285714,23.57142857142857,65.71428571428571,50,15.714285714285714
E00109505,164,44,16,28,120,100,20,26.82926829268293,9.75609756097561,17.073170731707318,73.17073170731707,60.97560975609756,12.195121951219512
E00109506,104,34,7,27,70,63,7,32.69230769230769,6.730769230769231,25.961538461538463,67.3076923076923,60.57692307692307,6.730769230769231
E00109508,132,34,4,30,98,91,7,25.757575757575758,3.0303030303030303,22.727272727272727,74.24242424242425,68.93939393939394,5.303030303030303
E00109509,192,58,20,38,134,117,17,30.208333333333332,10.416666666666668,19.791666666666664,69.79166666666666,60.9375,8.854166666666668
E00109510,145,39,11,28,106,85,21,26.89655172413793,7.586206896551724,19.310344827586206,73.10344827586206,58.620689655172406,14.482758620689657
E00109511,124,33,16,17,91,76,15,26.61290322580645,12.903225806451612,13.709677419354838,73.38709677419355,61.29032258064516,12.096774193548388
E00109512,171,43,16,27,128,103,25,25.146198830409354,9.35672514619883,15.789473684210526,74.85380116959064,60.23391812865497,14.619883040935672
E00109513,138,45,20,25,93,83,10,32.608695652173914,14.492753623188406,18.115942028985508,67.3913043478261,60.14492753623188,7.246376811594203
E00109514,124,39,14,25,85,79,6,31.451612903225808,11.29032258064516,20.161290322580644,68.54838709677419,63.70967741935484,4.838709677419355
E00109515,183,54,16,38,129,117,12,29.508196721311474,8.743169398907105,20.76502732240437,70.49180327868852,63.934426229508205,6.557377049180328
E00109516,176,55,20,35,121,107,14,31.25,11.363636363636363,19.886363636363637,68.75,60.79545454545454,7.954545454545454
E00109517,176,59,26,33,117,97,20,33.52272727272727,14.772727272727273,18.75,66.47727272727273,55.11363636363637,11.363636363636363
E00109518,138,44,17,27,94,82,12,31.88405797101449,12.318840579710146,19.565217391304348,68.11594202898551,59.42028985507246,8.695652173913043
E00109519,111,33,15,18,78,63,15,29.72972972972973,13.513513513513514,16.216216216216218,70.27027027027027,56.75675675675676,13.513513513513514
E00109520,120,36,15,21,84,73,11,30,12.5,17.5,70,60.83333333333333,9.166666666666666
E00109521,146,53,27,26,93,84,9,36.3013698630137,18.493150684931507,17.80821917808219,63.6986301369863,57.534246575342465,6.164383561643835
E00109522,187,58,19,39,129,106,23,31.016042780748666,10.16042780748663,20.855614973262032,68.98395721925134,56.68449197860963,12.299465240641712
E00109523,155,50,16,34,105,84,21,32.25806451612903,10.32258064516129,21.935483870967744,67.74193548387096,54.19354838709678,13.548387096774196
E00109524,150,42,14,28,108,92,16,28.000000000000004,9.333333333333334,18.666666666666668,72,61.33333333333333,10.666666666666668
E00109525,143,35,6,29,108,92,16,24.475524475524477,4.195804195804196,20.27972027972028,75.52447552447552,64.33566433566433,11.188811188811188
E00109526,90,28,8,20,62,52,10,31.11111111111111,8.88888888888889,22.22222222222222,68.88888888888889,57.77777777777777,11.11111111111111
E00109527,115,38,10,28,77,65,12,33.04347826086956,8.695652173913043,24.347826086956523,66.95652173913044,56.52173913043478,10.434782608695652
E00109528,99,34,11,23,65,56,9,34.34343434343434,11.11111111111111,23.232323232323232,65.65656565656566,56.56565656565656,9.090909090909092
E00109529,134,43,21,22,91,77,14,32.08955223880597,15.671641791044777,16.417910447761194,67.91044776119402,57.46268656716418,10.44776119402985
E00109530,166,39,9,30,127,108,19,23.49397590361446,5.421686746987952,18.072289156626507,76.50602409638554,65.06024096385542,11.44578313253012
E00109531,236,65,25,40,171,142,29,27.54237288135593,10.59322033898305,16.94915254237288,72.45762711864407,60.16949152542372,12.288135593220339
E00109532,161,51,14,37,110,83,27,31.67701863354037,8.695652173913043,22.981366459627328,68.32298136645963,51.5527950310559,16.77018633540373
E00109533,94,29,13,16,65,58,7,30.851063829787233,13.829787234042554,17.02127659574468,69.14893617021278,61.702127659574465,7.446808510638298
E00109534,98,29,10,19,69,58,11,29.591836734693878,10.204081632653061,19.387755102040817,70.40816326530613,59.183673469387756,11.224489795918368
E00109535,180,48,16,32,132,106,26,26.666666666666668,8.88888888888889,17.77777777777778,73.33333333333333,58.88888888888889,14.444444444444443
E00109536,114,38,17,21,76,54,22,33.33333333333333,14.912280701754385,18.421052631578945,66.66666666666666,47.368421052631575,19.298245614035086
E00109537,132,47,16,31,85,67,18,35.60606060606061,12.121212121212121,23.484848484848484,64.39393939393939,50.75757575757576,13.636363636363635
E00109538,152,50,23,27,102,77,25,32.89473684210527,15.131578947368421,17.763157894736842,67.10526315789474,50.6578947368421,16.447368421052634
E00109539,171,57,21,36,114,93,21,33.33333333333333,12.280701754385964,21.052631578947366,66.66666666666666,54.385964912280706,12.280701754385964
E00109540,175,52,17,35,123,103,20,29.714285714285715,9.714285714285714,20,70.28571428571428,58.857142857142854,11.428571428571429
E00109541,155,31,15,16,124,99,25,20,9.67741935483871,10.32258064516129,80,63.87096774193548,16.129032258064516
E00109542,139,44,18,26,95,82,13,31.654676258992804,12.949640287769784,18.705035971223023,68.34532374100719,58.992805755395686,9.352517985611511
E00109543,123,52,22,30,71,55,16,42.27642276422765,17.88617886178862,24.390243902439025,57.72357723577236,44.71544715447154,13.008130081300814
E00109544,100,29,6,23,71,65,6,28.999999999999996,6,23,71,65,6
E00109545,112,43,17,26,69,58,11,38.392857142857146,15.178571428571427,23.214285714285715,61.60714285714286,51.78571428571429,9.821428571428571
E00109546,208,64,22,42,144,117,27,30.76923076923077,10.576923076923077,20.192307692307693,69.23076923076923,56.25,12.980769230769232
E00109547,135,38,16,22,97,78,19,28.14814814814815,11.851851851851853,16.296296296296298,71.85185185185186,57.77777777777777,14.074074074074074
E00109548,160,56,17,39,104,81,23,35,10.625,24.375,65,50.625,14.374999999999998
E00109549,151,60,28,32,91,77,14,39.735099337748345,18.543046357615893,21.192052980132452,60.264900662251655,50.993377483443716,9.271523178807946
E00109550,253,70,27,43,183,153,30,27.66798418972332,10.67193675889328,16.99604743083004,72.33201581027669,60.47430830039525,11.857707509881422
E00109551,118,45,13,32,73,60,13,38.13559322033898,11.016949152542372,27.11864406779661,61.86440677966102,50.847457627118644,11.016949152542372
E00109552,120,50,12,38,70,58,12,41.66666666666667,10,31.666666666666664,58.333333333333336,48.333333333333336,10
E00109553,146,65,29,36,81,63,18,44.52054794520548,19.863013698630137,24.65753424657534,55.47945205479452,43.15068493150685,12.32876712328767
E00109554,130,42,14,28,88,68,20,32.30769230769231,10.76923076923077,21.53846153846154,67.6923076923077,52.307692307692314,15.384615384615385
E00109555,141,41,14,27,100,80,20,29.078014184397162,9.929078014184398,19.148936170212767,70.92198581560284,56.73758865248227,14.184397163120568
E00109556,129,44,17,27,85,65,20,34.10852713178294,13.178294573643413,20.930232558139537,65.89147286821705,50.3875968992248,15.503875968992247
E00109557,155,46,11,35,109,88,21,29.677419354838708,7.096774193548387,22.58064516129032,70.3225806451613,56.774193548387096,13.548387096774196
E00109558,249,78,27,51,171,148,23,31.32530120481928,10.843373493975903,20.481927710843372,68.67469879518072,59.43775100401606,9.236947791164658
E00109559,144,32,8,24,112,101,11,22.22222222222222,5.555555555555555,16.666666666666664,77.77777777777779,70.13888888888889,7.638888888888889
E00109560,127,41,14,27,86,73,13,32.28346456692913,11.023622047244094,21.25984251968504,67.71653543307087,57.48031496062992,10.236220472440944
E00109562,143,40,10,30,103,85,18,27.972027972027973,6.993006993006993,20.97902097902098,72.02797202797203,59.44055944055944,12.587412587412588
E00109563,157,43,10,33,114,95,19,27.388535031847134,6.369426751592357,21.019108280254777,72.61146496815286,60.509554140127385,12.101910828025478
E00109564,153,51,21,30,102,83,19,33.33333333333333,13.725490196078432,19.607843137254903,66.66666666666666,54.248366013071895,12.418300653594772
E00109565,113,26,15,11,87,64,23,23.008849557522122,13.274336283185843,9.734513274336283,76.99115044247787,56.63716814159292,20.353982300884958
E00109566,153,63,24,39,90,78,12,41.17647058823529,15.686274509803921,25.49019607843137,58.82352941176471,50.98039215686274,7.8431372549019605
E00109567,96,31,16,15,65,55,10,32.29166666666667,16.666666666666664,15.625,67.70833333333334,57.291666666666664,10.416666666666668
E00109568,116,35,22,13,81,60,21,30.17241379310345,18.96551724137931,11.206896551724139,69.82758620689656,51.724137931034484,18.103448275862068
E00109569,165,42,15,27,123,95,28,25.454545454545453,9.090909090909092,16.363636363636363,74.54545454545455,57.57575757575758,16.969696969696972
E00109570,94,33,11,22,61,52,9,35.1063829787234,11.702127659574469,23.404255319148938,64.8936170212766,55.319148936170215,9.574468085106384
E00109571,101,33,7,26,68,55,13,32.67326732673268,6.9306930693069315,25.742574257425744,67.32673267326733,54.45544554455446,12.871287128712872
E00109572,145,43,19,24,102,78,24,29.655172413793103,13.10344827586207,16.551724137931036,70.34482758620689,53.79310344827586,16.551724137931036
E00109573,201,60,29,31,141,99,42,29.850746268656714,14.427860696517413,15.422885572139302,70.1492537313433,49.25373134328358,20.8955223880597
E00109574,157,56,24,32,101,78,23,35.6687898089172,15.286624203821656,20.382165605095544,64.3312101910828,49.681528662420384,14.64968152866242
E00109575,140,42,22,20,98,65,33,30,15.714285714285714,14.285714285714285,70,46.42857142857143,23.57142857142857
E00109576,124,47,13,34,77,64,13,37.903225806451616,10.483870967741936,27.419354838709676,62.096774193548384,51.61290322580645,10.483870967741936
E00109577,106,31,13,18,75,54,21,29.245283018867923,12.264150943396226,16.9811320754717,70.75471698113208,50.943396226415096,19.81132075471698
E00109578,140,41,18,23,99,71,28,29.28571428571429,12.857142857142856,16.428571428571427,70.71428571428572,50.71428571428571,20
E00109579,154,55,18,37,99,76,23,35.714285714285715,11.688311688311687,24.025974025974026,64.28571428571429,49.35064935064935,14.935064935064934
E00109580,121,43,22,21,78,59,19,35.53719008264463,18.181818181818183,17.355371900826448,64.46280991735537,48.760330578512395,15.702479338842975
E00109581,151,39,19,20,112,92,20,25.82781456953642,12.582781456953644,13.245033112582782,74.17218543046357,60.9271523178808,13.245033112582782
E00109582,152,46,22,24,106,77,29,30.263157894736842,14.473684210526317,15.789473684210526,69.73684210526315,50.6578947368421,19.078947368421055
E00109583,118,32,12,20,86,58,28,27.11864406779661,10.16949152542373,16.94915254237288,72.88135593220339,49.152542372881356,23.728813559322035
E00109584,162,52,21,31,110,81,29,32.098765432098766,12.962962962962962,19.1358024691358,67.90123456790124,50,17.901234567901234
E00109585,168,61,29,32,107,77,30,36.30952380952381,17.261904761904763,19.047619047619047,63.69047619047619,45.83333333333333,17.857142857142858
E00109586,154,49,19,30,105,81,24,31.818181818181817,12.337662337662337,19.480519480519483,68.18181818181817,52.5974025974026,15.584415584415584
E00109587,161,58,29,29,103,79,24,36.024844720496894,18.012422360248447,18.012422360248447,63.975155279503106,49.06832298136646,14.906832298136646
E00109588,145,48,30,18,97,68,29,33.10344827586207,20.689655172413794,12.413793103448276,66.89655172413794,46.89655172413793,20
E00109589,128,34,18,16,94,75,19,26.5625,14.0625,12.5,73.4375,58.59375,14.84375
E00109590,187,52,13,39,135,111,24,27.807486631016044,6.951871657754011,20.855614973262032,72.19251336898395,59.35828877005348,12.834224598930483
E00109591,176,78,30,48,98,82,16,44.31818181818182,17.045454545454543,27.27272727272727,55.68181818181818,46.590909090909086,9.090909090909092
E00109592,84,33,12,21,51,41,10,39.285714285714285,14.285714285714285,25,60.71428571428571,48.80952380952381,11.904761904761903
E00109593,205,74,23,51,131,110,21,36.09756097560975,11.219512195121952,24.878048780487806,63.90243902439025,53.65853658536586,10.24390243902439
E00109594,202,56,26,30,146,125,21,27.722772277227726,12.871287128712872,14.85148514851485,72.27722772277228,61.88118811881188,10.396039603960396
E00109595,257,59,22,37,198,163,35,22.957198443579767,8.560311284046692,14.396887159533073,77.04280155642024,63.42412451361867,13.618677042801556
E00109596,202,45,13,32,157,132,25,22.277227722772277,6.435643564356436,15.841584158415841,77.72277227722772,65.34653465346535,12.376237623762377
E00109597,206,41,20,21,165,146,19,19.902912621359224,9.70873786407767,10.194174757281553,80.09708737864078,70.87378640776699,9.223300970873787
E00109599,226,44,14,30,182,161,21,19.469026548672566,6.1946902654867255,13.274336283185843,80.53097345132744,71.23893805309734,9.29203539823009
E00109600,107,32,10,22,75,62,13,29.906542056074763,9.345794392523365,20.5607476635514,70.09345794392523,57.943925233644855,12.149532710280374
E00109602,158,39,17,22,119,91,28,24.68354430379747,10.759493670886076,13.924050632911392,75.31645569620254,57.59493670886076,17.72151898734177
E00109603,198,51,20,31,147,125,22,25.757575757575758,10.1010101010101,15.656565656565657,74.24242424242425,63.13131313131313,11.11111111111111
E00109604,113,42,16,26,71,61,10,37.16814159292036,14.15929203539823,23.008849557522122,62.83185840707964,53.98230088495575,8.849557522123893
E00109605,122,38,12,26,84,77,7,31.147540983606557,9.836065573770492,21.311475409836063,68.85245901639344,63.114754098360656,5.737704918032787
E00109606,157,52,20,32,105,92,13,33.12101910828025,12.738853503184714,20.382165605095544,66.87898089171973,58.59872611464968,8.280254777070063
E00109607,197,54,19,35,143,126,17,27.411167512690355,9.644670050761421,17.766497461928935,72.58883248730965,63.95939086294417,8.629441624365482
E00109609,220,48,20,28,172,136,36,21.818181818181817,9.090909090909092,12.727272727272727,78.18181818181819,61.81818181818181,16.363636363636363
E00109610,175,53,25,28,122,99,23,30.28571428571429,14.285714285714285,16,69.71428571428572,56.57142857142857,13.142857142857142
E00109611,222,51,20,31,171,143,28,22.972972972972975,9.00900900900901,13.963963963963963,77.02702702702703,64.41441441441441,12.612612612612612
E00109612,171,51,17,34,120,92,28,29.82456140350877,9.941520467836257,19.883040935672515,70.17543859649122,53.80116959064327,16.374269005847953
E00109613,95,25,9,16,70,63,7,26.31578947368421,9.473684210526317,16.842105263157894,73.68421052631578,66.3157894736842,7.368421052631578
E00109614,211,56,19,37,155,126,29,26.540284360189574,9.004739336492891,17.535545023696685,73.45971563981043,59.71563981042654,13.744075829383887
E00109615,186,46,18,28,140,117,23,24.731182795698924,9.67741935483871,15.053763440860216,75.26881720430107,62.903225806451616,12.365591397849462
E00109616,173,59,24,35,114,92,22,34.104046242774565,13.872832369942195,20.23121387283237,65.89595375722543,53.179190751445084,12.716763005780345
E00109617,166,38,17,21,128,107,21,22.89156626506024,10.240963855421686,12.650602409638553,77.10843373493977,64.45783132530121,12.650602409638553
E00109618,132,36,15,21,96,81,15,27.27272727272727,11.363636363636363,15.909090909090908,72.72727272727273,61.36363636363637,11.363636363636363
E00109619,120,26,8,18,94,83,11,21.666666666666668,6.666666666666667,15,78.33333333333333,69.16666666666667,9.166666666666666
E00109620,188,61,22,39,127,106,21,32.4468085106383,11.702127659574469,20.74468085106383,67.5531914893617,56.38297872340425,11.170212765957446
E00109621,185,60,21,39,125,93,32,32.432432432432435,11.351351351351353,21.08108108108108,67.56756756756756,50.27027027027027,17.2972972972973
E00109622,148,37,13,24,111,98,13,25,8.783783783783784,16.216216216216218,75,66.21621621621621,8.783783783783784
E00109623,190,36,14,22,154,135,19,18.947368421052634,7.368421052631578,11.578947368421053,81.05263157894737,71.05263157894737,10
E00109625,172,41,18,23,131,109,22,23.837209302325583,10.465116279069768,13.372093023255813,76.16279069767442,63.372093023255815,12.790697674418606
E00109626,170,37,11,26,133,101,32,21.764705882352942,6.470588235294119,15.294117647058824,78.23529411764706,59.411764705882355,18.823529411764707
E00109627,218,36,15,21,182,158,24,16.51376146788991,6.8807339449541285,9.63302752293578,83.4862385321101,72.47706422018348,11.009174311926607
E00109629,152,29,10,19,123,112,11,19.078947368421055,6.578947368421052,12.5,80.92105263157895,73.68421052631578,7.236842105263158
E00109630,236,52,19,33,184,147,37,22.033898305084744,8.050847457627118,13.983050847457626,77.96610169491525,62.28813559322034,15.677966101694915
E00109631,184,56,18,38,128,107,21,30.434782608695656,9.782608695652174,20.652173913043477,69.56521739130434,58.152173913043484,11.41304347826087
E00109632,185,45,14,31,140,119,21,24.324324324324326,7.567567567567568,16.756756756756758,75.67567567567568,64.32432432432432,11.351351351351353
E00109633,136,32,12,20,104,89,15,23.52941176470588,8.823529411764707,14.705882352941178,76.47058823529412,65.44117647058823,11.029411764705882
E00109634,185,57,18,39,128,108,20,30.810810810810814,9.72972972972973,21.08108108108108,69.1891891891892,58.37837837837838,10.81081081081081
E00109636,159,34,12,22,125,101,24,21.38364779874214,7.547169811320755,13.836477987421384,78.61635220125787,63.52201257861635,15.09433962264151
E00109637,182,39,16,23,143,129,14,21.428571428571427,8.791208791208792,12.637362637362637,78.57142857142857,70.87912087912088,7.6923076923076925
E00109638,164,40,13,27,124,96,28,24.390243902439025,7.926829268292683,16.463414634146343,75.60975609756098,58.536585365853654,17.073170731707318
E00109639,216,46,21,25,170,144,26,21.296296296296298,9.722222222222223,11.574074074074074,78.70370370370371,66.66666666666666,12.037037037037036
E00109640,167,31,12,19,136,121,15,18.562874251497004,7.18562874251497,11.377245508982035,81.437125748502993,72.45508982035929,8.982035928143713
E00109641,159,34,8,26,125,104,21,21.38364779874214,5.031446540880504,16.352201257861633,78.61635220125787,65.40880503144653,13.20754716981132
E00109642,264,65,28,37,199,168,31,24.62121212121212,10.606060606060606,14.015151515151514,75.37878787878788,63.63636363636363,11.742424242424242
E00109644,164,44,13,31,120,103,17,26.82926829268293,7.926829268292683,18.902439024390244,73.17073170731707,62.80487804878049,10.365853658536585
E00109645,161,49,14,35,112,92,20,30.434782608695656,8.695652173913043,21.73913043478261,69.56521739130434,57.14285714285714,12.422360248447205
E00109646,201,49,21,28,152,134,18,24.378109452736318,10.44776119402985,13.930348258706468,75.62189054726367,66.66666666666666,8.955223880597014
E00109647,137,37,14,23,100,90,10,27.00729927007299,10.218978102189782,16.78832116788321,72.99270072992701,65.69343065693431,7.2992700729927
E00109648,165,41,12,29,124,106,18,24.848484848484848,7.2727272727272725,17.575757575757574,75.15151515151514,64.24242424242425,10.909090909090908
E00109649,151,45,25,20,106,84,22,29.80132450331126,16.55629139072848,13.245033112582782,70.19867549668875,55.62913907284768,14.56953642384106
E00109650,146,41,17,24,105,90,15,28.08219178082192,11.643835616438356,16.43835616438356,71.91780821917808,61.64383561643836,10.273972602739725
E00109651,165,47,17,30,118,104,14,28.484848484848484,10.303030303030303,18.181818181818183,71.51515151515152,63.030303030303024,8.484848484848486
E00109652,127,36,19,17,91,77,14,28.346456692913385,14.960629921259844,13.385826771653544,71.65354330708661,60.629921259842526,11.023622047244094
E00109653,152,50,19,31,102,81,21,32.89473684210527,12.5,20.394736842105264,67.10526315789474,53.289473684210535,13.815789473684212
E00109654,137,43,18,25,94,80,14,31.386861313868614,13.138686131386862,18.248175182481752,68.61313868613139,58.3941605839416,10.218978102189782
E00109655,131,46,16,30,85,69,16,35.11450381679389,12.213740458015266,22.900763358778626,64.8854961832061,52.67175572519084,12.213740458015266
E00109656,174,57,16,41,117,96,21,32.758620689655174,9.195402298850574,23.563218390804597,67.24137931034483,55.172413793103445,12.068965517241379
E00109657,164,63,25,38,101,92,9,38.41463414634146,15.24390243902439,23.170731707317074,61.58536585365854,56.09756097560976,5.487804878048781
E00109658,174,51,14,37,123,101,22,29.310344827586203,8.045977011494253,21.26436781609195,70.6896551724138,58.04597701149425,12.643678160919542
E00109659,171,52,18,34,119,101,18,30.409356725146196,10.526315789473683,19.883040935672515,69.5906432748538,59.06432748538012,10.526315789473683
E00109660,173,58,19,39,115,99,16,33.52601156069364,10.982658959537572,22.54335260115607,66.47398843930635,57.22543352601156,9.248554913294797
E00109661,76,24,9,15,52,40,12,31.57894736842105,11.842105263157894,19.736842105263158,68.42105263157895,52.63157894736842,15.789473684210526
E00109662,132,39,18,21,93,77,16,29.545454545454547,13.636363636363635,15.909090909090908,70.45454545454545,58.333333333333336,12.121212121212121
E00109663,79,22,2,20,57,48,9,27.848101265822784,2.5316455696202533,25.31645569620253,72.15189873417721,60.75949367088608,11.39240506329114
E00109664,177,44,19,25,133,105,28,24.858757062146893,10.734463276836157,14.124293785310735,75.14124293785311,59.32203389830508,15.819209039548024
E00109665,150,40,18,22,110,98,12,26.666666666666668,12,14.666666666666666,73.33333333333333,65.33333333333333,8
E00109666,170,48,21,27,122,101,21,28.235294117647058,12.352941176470589,15.88235294117647,71.76470588235294,59.411764705882355,12.352941176470589
E00109667,129,40,15,25,89,78,11,31.007751937984494,11.627906976744185,19.379844961240313,68.9922480620155,60.46511627906976,8.527131782945736
E00109668,159,40,9,31,119,100,19,25.157232704402517,5.660377358490567,19.49685534591195,74.84276729559748,62.893081761006286,11.949685534591195
E00109669,125,33,10,23,92,78,14,26.400000000000002,8,18.4,73.6,62.4,11.200000000000001
E00109670,163,45,16,29,118,105,13,27.607361963190186,9.815950920245399,17.791411042944784,72.39263803680981,64.41717791411043,7.975460122699387
E00109671,151,41,12,29,110,94,16,27.1523178807947,7.9470198675496695,19.205298013245034,72.84768211920529,62.251655629139066,10.596026490066226
E00109672,180,47,15,32,133,123,10,26.111111111111114,8.333333333333332,17.77777777777778,73.88888888888889,68.33333333333333,5.555555555555555
E00109673,172,56,16,40,116,90,26,32.55813953488372,9.30232558139535,23.25581395348837,67.44186046511628,52.32558139534884,15.11627906976744
E00109674,167,53,18,35,114,100,14,31.736526946107784,10.778443113772456,20.958083832335326,68.26347305389223,59.88023952095808,8.383233532934131
E00109675,117,44,14,30,73,60,13,37.60683760683761,11.965811965811966,25.64102564102564,62.39316239316239,51.28205128205128,11.11111111111111
E00109676,185,57,19,38,128,109,19,30.810810810810814,10.27027027027027,20.54054054054054,69.1891891891892,58.91891891891892,10.27027027027027
E00109677,165,46,18,28,119,102,17,27.878787878787882,10.909090909090908,16.969696969696972,72.12121212121212,61.81818181818181,10.303030303030303
E00109678,145,45,13,32,100,84,16,31.03448275862069,8.96551724137931,22.06896551724138,68.96551724137932,57.931034482758626,11.03448275862069
E00109679,140,45,10,35,95,86,9,32.142857142857146,7.142857142857142,25,67.85714285714286,61.42857142857143,6.428571428571428
E00109680,131,38,16,22,93,79,14,29.00763358778626,12.213740458015266,16.793893129770993,70.99236641221374,60.30534351145038,10.687022900763358
E00109681,136,45,13,32,91,79,12,33.088235294117645,9.558823529411764,23.52941176470588,66.91176470588235,58.08823529411765,8.823529411764707
E00109682,92,32,10,22,60,49,11,34.78260869565217,10.869565217391305,23.91304347826087,65.21739130434783,53.2608695652174,11.956521739130435
E00109683,122,32,7,25,90,75,15,26.229508196721312,5.737704918032787,20.491803278688526,73.77049180327869,61.47540983606557,12.295081967213115
E00109684,135,33,12,21,102,91,11,24.444444444444443,8.88888888888889,15.555555555555555,75.55555555555556,67.4074074074074,8.148148148148149
E00109685,160,41,20,21,119,97,22,25.624999999999996,12.5,13.125,74.375,60.62499999999999,13.750000000000002
E00109686,167,55,21,34,112,97,15,32.93413173652694,12.574850299401197,20.359281437125748,67.06586826347305,58.08383233532935,8.982035928143713
E00109687,181,54,19,35,127,104,23,29.83425414364641,10.497237569060774,19.337016574585636,70.1657458563536,57.4585635359116,12.70718232044199
E00109688,110,32,12,20,78,66,12,29.09090909090909,10.909090909090908,18.181818181818183,70.9090909090909,60,10.909090909090908
E00109689,150,42,14,28,108,95,13,28.000000000000004,9.333333333333334,18.666666666666668,72,63.33333333333333,8.666666666666668
E00109690,156,50,23,27,106,85,21,32.05128205128205,14.743589743589745,17.307692307692307,67.94871794871796,54.48717948717948,13.461538461538462
E00109693,116,31,6,25,85,69,16,26.72413793103448,5.172413793103448,21.551724137931032,73.27586206896551,59.48275862068966,13.793103448275861
E00109694,142,51,20,31,91,72,19,35.91549295774648,14.084507042253522,21.830985915492956,64.08450704225352,50.70422535211267,13.380281690140844
E00109696,154,44,20,24,110,91,19,28.57142857142857,12.987012987012985,15.584415584415584,71.42857142857143,59.09090909090909,12.337662337662337
E00109697,158,39,16,23,119,101,18,24.68354430379747,10.126582278481013,14.556962025316455,75.31645569620254,63.92405063291139,11.39240506329114
E00109698,133,39,12,27,94,82,12,29.32330827067669,9.022556390977442,20.30075187969925,70.67669172932331,61.65413533834586,9.022556390977442
E00109699,142,50,14,36,92,78,14,35.2112676056338,9.859154929577464,25.352112676056336,64.7887323943662,54.929577464788736,9.859154929577464
E00109700,149,45,11,34,104,89,15,30.201342281879196,7.38255033557047,22.818791946308725,69.79865771812081,59.73154362416108,10.06711409395973
E00109701,164,46,14,32,118,93,25,28.04878048780488,8.536585365853659,19.51219512195122,71.95121951219512,56.70731707317073,15.24390243902439
E00109702,145,42,18,24,103,86,17,28.965517241379313,12.413793103448276,16.551724137931036,71.03448275862068,59.310344827586206,11.724137931034482
E00109703,133,35,17,18,98,77,21,26.31578947368421,12.781954887218044,13.533834586466165,73.68421052631578,57.89473684210527,15.789473684210526
E00109704,84,27,14,13,57,42,15,32.142857142857146,16.666666666666664,15.476190476190476,67.85714285714286,50,17.857142857142858
E00109705,159,52,20,32,107,81,26,32.70440251572327,12.578616352201259,20.125786163522015,67.29559748427673,50.943396226415096,16.352201257861633
E00109706,171,40,14,26,131,109,22,23.391812865497073,8.187134502923977,15.204678362573098,76.60818713450293,63.74269005847953,12.865497076023392
E00109707,90,31,12,19,59,49,10,34.44444444444444,13.333333333333334,21.11111111111111,65.55555555555556,54.44444444444444,11.11111111111111
E00109708,136,42,20,22,94,80,14,30.88235294117647,14.705882352941178,16.176470588235293,69.11764705882352,58.82352941176471,10.294117647058822
E00109709,158,50,18,32,108,88,20,31.645569620253166,11.39240506329114,20.253164556962027,68.35443037974683,55.69620253164557,12.658227848101266
E00109710,185,72,15,57,113,100,13,38.91891891891892,8.108108108108109,30.810810810810814,61.08108108108108,54.054054054054056,7.027027027027027
E00109711,147,48,25,23,99,81,18,32.6530612244898,17.006802721088434,15.646258503401361,67.3469387755102,55.10204081632652,12.244897959183673
E00109712,137,46,15,31,91,77,14,33.57664233576642,10.948905109489052,22.62773722627737,66.42335766423358,56.20437956204379,10.218978102189782
E00109713,133,39,16,23,94,77,17,29.32330827067669,12.030075187969924,17.293233082706767,70.67669172932331,57.89473684210527,12.781954887218044
E00109714,148,51,23,28,97,80,17,34.45945945945946,15.54054054054054,18.91891891891892,65.54054054054053,54.054054054054056,11.486486486486488
E00109715,132,40,14,26,92,76,16,30.303030303030305,10.606060606060606,19.696969696969695,69.6969696969697,57.57575757575758,12.121212121212121
E00109716,164,48,20,28,116,95,21,29.268292682926827,12.195121951219512,17.073170731707318,70.73170731707317,57.92682926829268,12.804878048780488
E00109717,158,57,20,37,101,91,10,36.075949367088604,12.658227848101266,23.417721518987342,63.92405063291139,57.59493670886076,6.329113924050633
E00109718,89,31,16,15,58,46,12,34.831460674157306,17.97752808988764,16.853932584269664,65.1685393258427,51.68539325842697,13.48314606741573
E00109719,136,39,11,28,97,87,10,28.676470588235293,8.088235294117647,20.588235294117645,71.32352941176471,63.970588235294116,7.352941176470589
E00109720,146,47,18,29,99,91,8,32.19178082191781,12.32876712328767,19.863013698630137,67.8082191780822,62.328767123287676,5.47945205479452
E00109721,134,47,13,34,87,70,17,35.07462686567165,9.701492537313433,25.37313432835821,64.92537313432835,52.23880597014925,12.686567164179104
E00109722,97,29,8,21,68,55,13,29.896907216494846,8.24742268041237,21.649484536082475,70.10309278350515,56.70103092783505,13.402061855670103
E00109723,158,47,12,35,111,98,13,29.746835443037973,7.59493670886076,22.151898734177212,70.25316455696202,62.0253164556962,8.227848101265822
E00109724,125,45,22,23,80,69,11,36,17.599999999999998,18.4,64,55.2,8.799999999999999
E00109725,140,44,18,26,96,79,17,31.428571428571427,12.857142857142856,18.571428571428573,68.57142857142857,56.42857142857143,12.142857142857142
E00109726,141,45,15,30,96,84,12,31.914893617021278,10.638297872340425,21.27659574468085,68.08510638297872,59.57446808510638,8.51063829787234
E00109727,146,49,18,31,97,83,14,33.56164383561644,12.32876712328767,21.232876712328768,66.43835616438356,56.849315068493155,9.58904109589041
E00109728,142,45,15,30,97,88,9,31.690140845070424,10.56338028169014,21.12676056338028,68.30985915492957,61.97183098591549,6.338028169014084
E00109729,174,50,12,38,124,104,20,28.735632183908045,6.896551724137931,21.839080459770116,71.26436781609196,59.77011494252874,11.494252873563218
E00109730,236,59,26,33,177,144,33,25,11.016949152542372,13.983050847457626,75,61.016949152542374,13.983050847457626
E00109731,200,50,21,29,150,113,37,25,10.5,14.499999999999998,75,56.49999999999999,18.5
E00109732,125,31,15,16,94,78,16,24.8,12,12.8,75.2,62.4,12.8
E00109733,168,45,18,27,123,95,28,26.785714285714285,10.714285714285714,16.071428571428573,73.21428571428571,56.547619047619044,16.666666666666664
E00109734,138,48,24,24,90,83,7,34.78260869565217,17.391304347826086,17.391304347826086,65.21739130434783,60.14492753623188,5.072463768115942
E00109735,127,29,11,18,98,79,19,22.83464566929134,8.661417322834646,14.173228346456693,77.16535433070865,62.20472440944882,14.960629921259844
E00109736,99,28,11,17,71,60,11,28.28282828282828,11.11111111111111,17.17171717171717,71.71717171717171,60.60606060606061,11.11111111111111
E00109737,156,51,21,30,105,79,26,32.69230769230769,13.461538461538462,19.230769230769234,67.3076923076923,50.641025641025635,16.666666666666664
E00109738,182,60,30,30,122,84,38,32.967032967032964,16.483516483516482,16.483516483516482,67.03296703296702,46.15384615384615,20.87912087912088
E00109739,172,72,17,55,100,68,32,41.86046511627907,9.883720930232558,31.976744186046513,58.139534883720934,39.53488372093023,18.6046511627907
E00109740,173,60,27,33,113,75,38,34.68208092485549,15.606936416184972,19.07514450867052,65.3179190751445,43.35260115606936,21.965317919075144
E00109741,184,55,22,33,129,97,32,29.891304347826086,11.956521739130435,17.934782608695652,70.1086956521739,52.71739130434783,17.391304347826086
E00109742,179,65,26,39,114,82,32,36.312849162011176,14.52513966480447,21.787709497206702,63.687150837988824,45.81005586592179,17.877094972067038
E00109743,216,71,27,44,145,107,38,32.870370370370374,12.5,20.37037037037037,67.12962962962963,49.53703703703704,17.59259259259259
E00109744,159,47,15,32,112,84,28,29.559748427672954,9.433962264150944,20.125786163522015,70.44025157232704,52.83018867924528,17.61006289308176
E00109745,212,61,24,37,151,122,29,28.77358490566038,11.320754716981133,17.452830188679243,71.22641509433963,57.54716981132076,13.679245283018867
E00109746,159,55,29,26,104,69,35,34.59119496855346,18.238993710691823,16.352201257861633,65.40880503144653,43.39622641509434,22.0125786163522
E00109747,92,26,13,13,66,53,13,28.26086956521739,14.130434782608695,14.130434782608695,71.73913043478261,57.608695652173914,14.130434782608695
E00109748,135,47,24,23,88,63,25,34.81481481481482,17.77777777777778,17.037037037037038,65.18518518518519,46.666666666666664,18.51851851851852
E00109749,134,42,20,22,92,70,22,31.343283582089555,14.925373134328357,16.417910447761194,68.65671641791045,52.23880597014925,16.417910447761194
E00109750,151,56,30,26,95,72,23,37.086092715231786,19.867549668874172,17.218543046357617,62.913907284768214,47.682119205298015,15.2317880794702
E00109751,102,34,19,15,68,47,21,33.33333333333333,18.627450980392158,14.705882352941178,66.66666666666666,46.07843137254902,20.588235294117645
E00109752,140,42,17,25,98,66,32,30,12.142857142857142,17.857142857142858,70,47.14285714285714,22.857142857142858
E00109753,201,89,39,50,112,92,20,44.27860696517413,19.402985074626866,24.875621890547265,55.72139303482587,45.77114427860697,9.950248756218906
E00109754,258,84,36,48,174,132,42,32.55813953488372,13.953488372093023,18.6046511627907,67.44186046511628,51.162790697674424,16.27906976744186
E00109756,162,46,21,25,116,102,14,28.39506172839506,12.962962962962962,15.432098765432098,71.60493827160494,62.96296296296296,8.641975308641975
E00109757,180,53,21,32,127,98,29,29.444444444444446,11.666666666666666,17.77777777777778,70.55555555555556,54.44444444444444,16.11111111111111
E00109758,119,33,10,23,86,78,8,27.73109243697479,8.403361344537815,19.327731092436977,72.26890756302521,65.54621848739495,6.722689075630252
E00109759,134,56,26,30,78,57,21,41.7910447761194,19.402985074626866,22.388059701492537,58.2089552238806,42.53731343283582,15.671641791044777
E00109760,196,56,20,36,140,118,22,28.57142857142857,10.204081632653061,18.367346938775512,71.42857142857143,60.204081632653065,11.224489795918368
E00109761,137,40,12,28,97,83,14,29.1970802919708,8.75912408759124,20.437956204379564,70.8029197080292,60.58394160583942,10.218978102189782
E00109762,111,37,16,21,74,55,19,33.33333333333333,14.414414414414415,18.91891891891892,66.66666666666666,49.549549549549546,17.117117117117118
E00109763,164,38,10,28,126,111,15,23.170731707317074,6.097560975609756,17.073170731707318,76.82926829268293,67.6829268292683,9.146341463414634
E00109764,68,21,8,13,47,39,8,30.88235294117647,11.76470588235294,19.11764705882353,69.11764705882352,57.35294117647059,11.76470588235294
E00109765,188,46,13,33,142,120,22,24.46808510638298,6.914893617021277,17.5531914893617,75.53191489361703,63.829787234042556,11.702127659574469
E00109766,173,45,13,32,128,99,29,26.011560693641616,7.514450867052023,18.497109826589593,73.98843930635837,57.22543352601156,16.76300578034682
E00109767,179,51,14,37,128,111,17,28.49162011173184,7.82122905027933,20.670391061452513,71.50837988826815,62.01117318435754,9.497206703910614
E00109768,135,43,16,27,92,77,15,31.851851851851855,11.851851851851853,20,68.14814814814815,57.03703703703704,11.11111111111111
E00109769,154,44,12,32,110,88,22,28.57142857142857,7.792207792207792,20.77922077922078,71.42857142857143,57.14285714285714,14.285714285714285
E00109770,143,30,14,16,113,92,21,20.97902097902098,9.79020979020979,11.188811188811188,79.02097902097903,64.33566433566433,14.685314685314685
E00109771,26,7,1,6,19,18,1,26.923076923076923,3.8461538461538463,23.076923076923077,73.07692307692307,69.23076923076923,3.8461538461538463
E00109772,103,36,17,19,67,56,11,34.95145631067961,16.50485436893204,18.446601941747574,65.0485436893204,54.36893203883495,10.679611650485436
E00109773,131,42,16,26,89,74,15,32.06106870229007,12.213740458015266,19.84732824427481,67.93893129770993,56.48854961832062,11.450381679389313
E00109774,202,60,22,38,142,114,28,29.7029702970297,10.891089108910892,18.81188118811881,70.29702970297029,56.43564356435643,13.861386138613863
E00109775,144,51,18,33,93,76,17,35.41666666666667,12.5,22.916666666666664,64.58333333333334,52.77777777777778,11.805555555555555
E00109776,154,45,15,30,109,94,15,29.22077922077922,9.740259740259742,19.480519480519483,70.77922077922078,61.038961038961034,9.740259740259742
E00109777,150,46,12,34,104,85,19,30.666666666666664,8,22.666666666666664,69.33333333333334,56.666666666666664,12.666666666666668
E00109778,147,39,16,23,108,80,28,26.53061224489796,10.884353741496598,15.646258503401361,73.46938775510205,54.421768707483,19.047619047619047
E00109779,153,48,12,36,105,91,14,31.372549019607842,7.8431372549019605,23.52941176470588,68.62745098039215,59.47712418300654,9.15032679738562
E00109780,135,43,13,30,92,81,11,31.851851851851855,9.62962962962963,22.22222222222222,68.14814814814815,60,8.148148148148149
E00109781,148,51,23,28,97,83,14,34.45945945945946,15.54054054054054,18.91891891891892,65.54054054054053,56.08108108108109,9.45945945945946
E00109783,164,60,26,34,104,90,14,36.58536585365854,15.853658536585366,20.73170731707317,63.41463414634146,54.87804878048781,8.536585365853659
E00109784,152,50,16,34,102,82,20,32.89473684210527,10.526315789473683,22.36842105263158,67.10526315789474,53.94736842105263,13.157894736842104
E00109785,158,47,25,22,111,92,19,29.746835443037973,15.822784810126583,13.924050632911392,70.25316455696202,58.22784810126582,12.025316455696203
E00109786,139,44,11,33,95,79,16,31.654676258992804,7.913669064748201,23.741007194244602,68.34532374100719,56.83453237410072,11.510791366906476
E00109787,223,66,27,39,157,127,30,29.596412556053814,12.10762331838565,17.48878923766816,70.4035874439462,56.95067264573991,13.452914798206278
E00109788,187,53,20,33,134,107,27,28.342245989304814,10.695187165775401,17.647058823529413,71.65775401069519,57.21925133689839,14.43850267379679
E00109789,187,56,24,32,131,99,32,29.946524064171122,12.834224598930483,17.11229946524064,70.05347593582889,52.94117647058824,17.11229946524064
E00109790,146,44,17,27,102,82,20,30.136986301369863,11.643835616438356,18.493150684931507,69.86301369863014,56.16438356164384,13.698630136986301
E00109791,187,64,26,38,123,100,23,34.22459893048128,13.903743315508022,20.32085561497326,65.77540106951871,53.475935828877006,12.299465240641712
E00109792,176,57,23,34,119,104,15,32.38636363636363,13.068181818181818,19.318181818181817,67.61363636363636,59.09090909090909,8.522727272727272
E00109793,165,48,16,32,117,96,21,29.09090909090909,9.696969696969697,19.393939393939394,70.9090909090909,58.18181818181818,12.727272727272727
E00109794,143,45,12,33,98,76,22,31.46853146853147,8.391608391608392,23.076923076923077,68.53146853146853,53.14685314685315,15.384615384615385
E00109795,166,53,21,32,113,98,15,31.92771084337349,12.650602409638553,19.27710843373494,68.07228915662651,59.036144578313255,9.036144578313253
E00109796,150,40,15,25,110,94,16,26.666666666666668,10,16.666666666666664,73.33333333333333,62.66666666666667,10.666666666666668
E00109797,167,50,19,31,117,103,14,29.94011976047904,11.377245508982035,18.562874251497004,70.05988023952095,61.67664670658682,8.383233532934131
E00109798,123,42,13,29,81,67,14,34.146341463414636,10.569105691056912,23.577235772357724,65.85365853658537,54.47154471544715,11.38211382113821
E00109799,108,34,14,20,74,65,9,31.48148148148148,12.962962962962962,18.51851851851852,68.51851851851852,60.18518518518518,8.333333333333332
E00109800,184,66,20,46,118,103,15,35.869565217391305,10.869565217391305,25,64.13043478260869,55.97826086956522,8.152173913043478
E00109801,134,34,14,20,100,92,8,25.37313432835821,10.44776119402985,14.925373134328357,74.6268656716418,68.65671641791045,5.970149253731343
E00109802,143,50,17,33,93,73,20,34.96503496503497,11.888111888111888,23.076923076923077,65.03496503496503,51.048951048951054,13.986013986013987
E00109803,126,50,14,36,76,62,14,39.682539682539684,11.11111111111111,28.57142857142857,60.317460317460316,49.2063492063492,11.11111111111111
E00109804,201,40,11,29,161,135,26,19.900497512437813,5.472636815920398,14.427860696517413,80.09950248756219,67.16417910447761,12.935323383084576
E00109805,253,68,26,42,185,165,20,26.877470355731226,10.276679841897234,16.600790513833992,73.12252964426878,65.21739130434783,7.905138339920949
E00109806,209,43,20,23,166,146,20,20.574162679425836,9.569377990430622,11.004784688995215,79.42583732057416,69.85645933014354,9.569377990430622
E00109807,134,45,20,25,89,70,19,33.582089552238806,14.925373134328357,18.65671641791045,66.4179104477612,52.23880597014925,14.17910447761194
E00109808,163,46,15,31,117,99,18,28.22085889570552,9.202453987730062,19.018404907975462,71.77914110429448,60.73619631901841,11.042944785276074
E00109809,149,31,10,21,118,96,22,20.80536912751678,6.7114093959731544,14.093959731543624,79.19463087248322,64.42953020134227,14.76510067114094
E00109810,188,54,18,36,134,117,17,28.723404255319153,9.574468085106384,19.148936170212767,71.27659574468085,62.23404255319149,9.042553191489363
E00109811,162,40,10,30,122,111,11,24.691358024691358,6.172839506172839,18.51851851851852,75.30864197530865,68.51851851851852,6.790123456790123
E00109812,150,50,15,35,100,82,18,33.33333333333333,10,23.333333333333332,66.66666666666666,54.666666666666664,12
E00109813,107,20,6,14,87,75,12,18.69158878504673,5.607476635514018,13.084112149532709,81.30841121495327,70.09345794392523,11.214953271028037
E00109814,136,38,18,20,98,81,17,27.941176470588236,13.23529411764706,14.705882352941178,72.05882352941177,59.55882352941176,12.5
E00109815,134,34,15,19,100,83,17,25.37313432835821,11.194029850746269,14.17910447761194,74.6268656716418,61.940298507462686,12.686567164179104
E00109816,193,67,30,37,126,110,16,34.715025906735754,15.544041450777202,19.170984455958546,65.28497409326425,56.994818652849744,8.290155440414509
E00109817,143,33,5,28,110,99,11,23.076923076923077,3.4965034965034967,19.58041958041958,76.92307692307693,69.23076923076923,7.6923076923076925
E00109818,63,14,2,12,49,40,9,22.22222222222222,3.1746031746031744,19.047619047619047,77.77777777777779,63.49206349206349,14.285714285714285
E00109819,157,55,26,29,102,89,13,35.03184713375796,16.560509554140125,18.471337579617835,64.96815286624204,56.68789808917197,8.280254777070063
E00109820,186,56,17,39,130,112,18,30.107526881720432,9.13978494623656,20.967741935483872,69.89247311827957,60.215053763440864,9.67741935483871
E00109821,131,34,12,22,97,91,6,25.954198473282442,9.16030534351145,16.793893129770993,74.04580152671755,69.46564885496184,4.580152671755725
E00109822,221,59,23,36,162,143,19,26.69683257918552,10.407239819004525,16.289592760180994,73.303167420814475,64.70588235294117,8.597285067873303
E00109823,149,38,19,19,111,92,19,25.503355704697988,12.751677852348994,12.751677852348994,74.49664429530202,61.74496644295302,12.751677852348994
E00109824,156,53,23,30,103,91,12,33.97435897435898,14.743589743589745,19.230769230769234,66.02564102564102,58.333333333333336,7.6923076923076925
E00109825,196,53,22,31,143,124,19,27.040816326530614,11.224489795918368,15.816326530612246,72.95918367346938,63.26530612244898,9.693877551020408
E00109827,48,12,4,8,36,29,7,25,8.333333333333332,16.666666666666664,75,60.416666666666664,14.583333333333334
E00109828,179,47,21,26,132,110,22,26.256983240223462,11.731843575418994,14.52513966480447,73.74301675977654,61.452513966480446,12.290502793296088
E00109830,161,42,14,28,119,105,14,26.08695652173913,8.695652173913043,17.391304347826086,73.91304347826086,65.21739130434783,8.695652173913043
E00109831,158,47,20,27,111,95,16,29.746835443037973,12.658227848101266,17.088607594936708,70.25316455696202,60.12658227848101,10.126582278481013
E00109832,83,27,11,16,56,45,11,32.53012048192771,13.253012048192772,19.27710843373494,67.46987951807229,54.21686746987952,13.253012048192772
E00109833,166,56,22,34,110,97,13,33.734939759036145,13.253012048192772,20.481927710843372,66.26506024096386,58.43373493975904,7.83132530120482
E00109834,152,37,17,20,115,103,12,24.342105263157894,11.18421052631579,13.157894736842104,75.6578947368421,67.76315789473685,7.894736842105263
E00109835,144,46,21,25,98,80,18,31.944444444444443,14.583333333333334,17.36111111111111,68.05555555555556,55.55555555555556,12.5
E00109836,104,29,11,18,75,64,11,27.884615384615387,10.576923076923077,17.307692307692307,72.11538461538461,61.53846153846154,10.576923076923077
E00109837,134,37,11,26,97,78,19,27.611940298507463,8.208955223880597,19.402985074626866,72.38805970149254,58.2089552238806,14.17910447761194
E00109838,106,39,11,28,67,58,9,36.79245283018868,10.377358490566039,26.41509433962264,63.20754716981132,54.71698113207547,8.49056603773585
E00109839,183,54,17,37,129,104,25,29.508196721311474,9.289617486338798,20.21857923497268,70.49180327868852,56.830601092896174,13.661202185792352
E00109840,159,47,18,29,112,91,21,29.559748427672954,11.320754716981133,18.238993710691823,70.44025157232704,57.23270440251572,13.20754716981132
E00109841,138,34,8,26,104,86,18,24.637681159420293,5.797101449275362,18.84057971014493,75.36231884057972,62.31884057971014,13.043478260869565
E00109842,150,47,13,34,103,91,12,31.333333333333336,8.666666666666668,22.666666666666664,68.66666666666667,60.66666666666667,8
E00109843,145,46,13,33,99,84,15,31.724137931034484,8.96551724137931,22.758620689655174,68.27586206896552,57.931034482758626,10.344827586206897
E00109844,151,48,17,31,103,86,17,31.788079470198678,11.258278145695364,20.52980132450331,68.21192052980133,56.95364238410596,11.258278145695364
E00109845,162,47,20,27,115,103,12,29.01234567901235,12.345679012345679,16.666666666666664,70.98765432098766,63.580246913580254,7.4074074074074066
E00109846,124,31,12,19,93,80,13,25,9.67741935483871,15.32258064516129,75,64.51612903225806,10.483870967741936
E00109847,117,42,11,31,75,56,19,35.8974358974359,9.401709401709402,26.495726495726498,64.1025641025641,47.863247863247864,16.23931623931624
E00109848,143,44,17,27,99,86,13,30.76923076923077,11.888111888111888,18.88111888111888,69.23076923076923,60.13986013986013,9.090909090909092
E00109849,153,42,12,30,111,102,9,27.450980392156865,7.8431372549019605,19.607843137254903,72.54901960784314,66.66666666666666,5.88235294117647
E00109850,145,43,12,31,102,83,19,29.655172413793103,8.275862068965518,21.379310344827587,70.34482758620689,57.24137931034483,13.10344827586207
E00109851,160,36,13,23,124,107,17,22.5,8.125,14.374999999999998,77.5,66.875,10.625
E00109852,142,40,19,21,102,79,23,28.169014084507044,13.380281690140844,14.788732394366196,71.83098591549296,55.633802816901415,16.19718309859155
E00109853,258,70,23,47,188,160,28,27.131782945736433,8.914728682170542,18.217054263565892,72.86821705426357,62.01550387596899,10.852713178294573
E00109854,172,51,23,28,121,104,17,29.651162790697676,13.372093023255813,16.27906976744186,70.34883720930233,60.46511627906976,9.883720930232558
E00109855,166,59,7,52,107,92,15,35.54216867469879,4.216867469879518,31.32530120481928,64.45783132530121,55.42168674698795,9.036144578313253
E00109856,186,49,22,27,137,112,25,26.344086021505376,11.827956989247312,14.516129032258066,73.65591397849462,60.215053763440864,13.440860215053762
E00109857,161,48,19,29,113,99,14,29.81366459627329,11.801242236024844,18.012422360248447,70.1863354037267,61.49068322981367,8.695652173913043
E00109858,152,51,19,32,101,91,10,33.55263157894737,12.5,21.052631578947366,66.44736842105263,59.86842105263158,6.578947368421052
E00109859,165,56,20,36,109,94,15,33.939393939393945,12.121212121212121,21.818181818181817,66.06060606060606,56.96969696969697,9.090909090909092
E00109860,234,63,21,42,171,143,28,26.923076923076923,8.974358974358974,17.94871794871795,73.07692307692307,61.111111111111114,11.965811965811966
E00109861,154,49,25,24,105,77,28,31.818181818181817,16.233766233766232,15.584415584415584,68.18181818181817,50,18.181818181818183
E00109862,128,44,15,29,84,68,16,34.375,11.71875,22.65625,65.625,53.125,12.5
E00109863,197,54,12,42,143,124,19,27.411167512690355,6.091370558375635,21.31979695431472,72.58883248730965,62.944162436548226,9.644670050761421
E00109864,164,45,21,24,119,102,17,27.439024390243905,12.804878048780488,14.634146341463413,72.5609756097561,62.19512195121951,10.365853658536585
E00109865,166,39,19,20,127,116,11,23.49397590361446,11.44578313253012,12.048192771084338,76.50602409638554,69.87951807228916,6.626506024096386
E00109866,183,53,22,31,130,96,34,28.96174863387978,12.021857923497267,16.939890710382514,71.03825136612022,52.459016393442624,18.579234972677597
E00109867,93,25,13,12,68,61,7,26.881720430107524,13.978494623655912,12.903225806451612,73.11827956989248,65.59139784946237,7.526881720430108
E00109868,241,59,27,32,182,152,30,24.481327800829874,11.20331950207469,13.278008298755188,75.51867219917013,63.07053941908713,12.448132780082988
E00109869,194,52,24,28,142,129,13,26.804123711340207,12.371134020618557,14.432989690721648,73.19587628865979,66.49484536082474,6.701030927835052
E00109870,143,39,17,22,104,87,17,27.27272727272727,11.888111888111888,15.384615384615385,72.72727272727273,60.83916083916085,11.888111888111888
E00109871,155,43,13,30,112,89,23,27.741935483870968,8.38709677419355,19.35483870967742,72.25806451612902,57.41935483870968,14.838709677419354
E00109872,171,48,15,33,123,111,12,28.07017543859649,8.771929824561402,19.298245614035086,71.9298245614035,64.91228070175438,7.017543859649122
E00109873,203,39,16,23,164,136,28,19.21182266009852,7.8817733990147785,11.330049261083744,80.78817733990148,66.99507389162561,13.793103448275861
E00109874,153,40,14,26,113,96,17,26.143790849673206,9.15032679738562,16.99346405228758,73.8562091503268,62.745098039215684,11.11111111111111
E00109875,166,62,24,38,104,90,14,37.34939759036144,14.457831325301203,22.89156626506024,62.65060240963856,54.21686746987952,8.433734939759036
E00109876,211,42,8,34,169,140,29,19.90521327014218,3.7914691943127963,16.113744075829384,80.09478672985783,66.35071090047393,13.744075829383887
E00109877,119,41,16,25,78,65,13,34.45378151260504,13.445378151260504,21.008403361344538,65.54621848739495,54.621848739495796,10.92436974789916
E00109878,119,33,10,23,86,77,9,27.73109243697479,8.403361344537815,19.327731092436977,72.26890756302521,64.70588235294117,7.563025210084033
E00109879,150,45,14,31,105,86,19,30,9.333333333333334,20.666666666666668,70,57.333333333333336,12.666666666666668
E00109880,157,48,16,32,109,90,19,30.573248407643312,10.191082802547772,20.382165605095544,69.42675159235668,57.324840764331206,12.101910828025478
E00109881,119,34,9,25,85,72,13,28.57142857142857,7.563025210084033,21.008403361344538,71.42857142857143,60.50420168067227,10.92436974789916
E00109882,166,61,31,30,105,91,14,36.74698795180723,18.67469879518072,18.072289156626507,63.25301204819277,54.81927710843374,8.433734939759036
E00109883,136,35,11,24,101,83,18,25.735294117647058,8.088235294117647,17.647058823529413,74.26470588235294,61.029411764705884,13.23529411764706
E00109884,183,55,21,34,128,110,18,30.05464480874317,11.475409836065573,18.579234972677597,69.94535519125684,60.10928961748634,9.836065573770492
E00109886,116,28,11,17,88,74,14,24.137931034482758,9.482758620689655,14.655172413793101,75.86206896551724,63.793103448275865,12.068965517241379
E00109887,204,83,55,28,121,97,24,40.68627450980392,26.96078431372549,13.725490196078432,59.31372549019608,47.549019607843135,11.76470588235294
E00109888,105,29,12,17,76,65,11,27.61904761904762,11.428571428571429,16.19047619047619,72.38095238095238,61.904761904761905,10.476190476190476
E00109889,254,83,33,50,171,135,36,32.677165354330704,12.992125984251967,19.68503937007874,67.32283464566929,53.14960629921261,14.173228346456693
E00109890,109,33,10,23,76,65,11,30.275229357798167,9.174311926605505,21.100917431192663,69.72477064220183,59.63302752293578,10.091743119266056
E00109891,76,16,7,9,60,54,6,21.052631578947366,9.210526315789473,11.842105263157894,78.94736842105263,71.05263157894737,7.894736842105263
E00109892,104,36,12,24,68,54,14,34.61538461538461,11.538461538461538,23.076923076923077,65.38461538461539,51.92307692307693,13.461538461538462
E00109893,55,17,9,8,38,28,10,30.909090909090907,16.363636363636363,14.545454545454545,69.0909090909091,50.90909090909091,18.181818181818183
E00109894,112,37,14,23,75,68,7,33.035714285714285,12.5,20.535714285714285,66.96428571428571,60.71428571428571,6.25
E00109895,88,23,8,15,65,57,8,26.136363636363637,9.090909090909092,17.045454545454543,73.86363636363636,64.77272727272727,9.090909090909092
E00109896,94,32,12,20,62,52,10,34.04255319148936,12.76595744680851,21.27659574468085,65.95744680851064,55.319148936170215,10.638297872340425
E00109897,140,51,22,29,89,64,25,36.42857142857142,15.714285714285714,20.714285714285715,63.57142857142857,45.714285714285715,17.857142857142858
E00109898,191,62,27,35,129,103,26,32.460732984293195,14.136125654450263,18.32460732984293,67.5392670157068,53.92670157068062,13.612565445026178
E00109899,82,32,15,17,50,48,2,39.02439024390244,18.29268292682927,20.73170731707317,60.97560975609756,58.536585365853654,2.4390243902439024
E00109900,163,52,15,37,111,100,11,31.901840490797547,9.202453987730062,22.699386503067483,68.09815950920245,61.34969325153374,6.748466257668712
E00109901,139,46,19,27,93,66,27,33.093525179856115,13.66906474820144,19.424460431654676,66.90647482014388,47.482014388489205,19.424460431654676
E00109902,130,45,18,27,85,68,17,34.61538461538461,13.846153846153847,20.76923076923077,65.38461538461539,52.307692307692314,13.076923076923078
E00109903,151,40,14,26,111,87,24,26.490066225165563,9.271523178807946,17.218543046357617,73.50993377483444,57.615894039735096,15.894039735099339
E00109904,140,37,11,26,103,86,17,26.42857142857143,7.857142857142857,18.571428571428573,73.57142857142858,61.42857142857143,12.142857142857142
E00170973,155,36,14,22,119,103,16,23.225806451612904,9.032258064516128,14.193548387096774,76.77419354838709,66.45161290322581,10.32258064516129
E00170974,253,48,14,34,205,176,29,18.972332015810274,5.533596837944664,13.438735177865613,81.02766798418972,69.56521739130434,11.462450592885375
E00170975,221,25,8,17,196,165,31,11.312217194570136,3.619909502262444,7.6923076923076925,88.68778280542986,74.6606334841629,14.027149321266968
E00170976,160,28,11,17,132,117,15,17.5,6.875000000000001,10.625,82.5,73.125,9.375
E00170977,174,23,10,13,151,137,14,13.218390804597702,5.747126436781609,7.471264367816093,86.7816091954023,78.73563218390804,8.045977011494253
E00170978,242,57,20,37,185,163,22,23.553719008264462,8.264462809917356,15.289256198347106,76.44628099173553,67.35537190082644,9.090909090909092
E00170979,200,48,18,30,152,135,17,24,9,15,76,67.5,8.5
E00170980,165,77,41,36,88,73,15,46.666666666666664,24.848484848484848,21.818181818181817,53.333333333333336,44.24242424242424,9.090909090909092
E00170982,173,22,7,15,151,126,25,12.716763005780345,4.046242774566474,8.670520231213873,87.28323699421965,72.83236994219652,14.450867052023122
E00170983,197,37,8,29,160,144,16,18.781725888324875,4.060913705583756,14.720812182741117,81.21827411167513,73.09644670050761,8.121827411167512
E00170984,191,55,18,37,136,116,20,28.79581151832461,9.424083769633508,19.3717277486911,71.20418848167539,60.73298429319372,10.471204188481675
E00170985,193,35,13,22,158,144,14,18.134715025906736,6.7357512953367875,11.398963730569948,81.86528497409327,74.61139896373057,7.253886010362693
E00170986,176,34,13,21,142,115,27,19.318181818181817,7.386363636363637,11.931818181818182,80.68181818181817,65.3409090909091,15.340909090909092
E00170987,259,56,21,35,203,164,39,21.62162162162162,8.108108108108109,13.513513513513514,78.37837837837837,63.32046332046332,15.057915057915059
E00170988,118,32,13,19,86,66,20,27.11864406779661,11.016949152542372,16.101694915254235,72.88135593220339,55.932203389830505,16.94915254237288
E00170989,225,68,29,39,157,125,32,30.22222222222222,12.88888888888889,17.333333333333336,69.77777777777779,55.55555555555556,14.222222222222221
E00170990,145,62,27,35,83,59,24,42.758620689655174,18.620689655172416,24.137931034482758,57.24137931034483,40.689655172413794,16.551724137931036
E00170991,178,51,21,30,127,104,23,28.651685393258425,11.797752808988763,16.853932584269664,71.34831460674157,58.42696629213483,12.921348314606742
E00170992,178,44,14,30,134,111,23,24.719101123595504,7.865168539325842,16.853932584269664,75.28089887640449,62.35955056179775,12.921348314606742
E00170993,142,33,13,20,109,92,17,23.239436619718308,9.15492957746479,14.084507042253522,76.76056338028168,64.7887323943662,11.971830985915492
E00170994,108,21,6,15,87,76,11,19.444444444444446,5.555555555555555,13.88888888888889,80.55555555555556,70.37037037037037,10.185185185185185
E00170997,113,10,4,6,103,91,12,8.849557522123893,3.5398230088495577,5.3097345132743365,91.1504424778761,80.53097345132744,10.619469026548673
E00170998,191,58,15,43,133,115,18,30.36649214659686,7.853403141361256,22.5130890052356,69.63350785340315,60.20942408376963,9.424083769633508
E00170999,208,41,14,27,167,137,30,19.71153846153846,6.730769230769231,12.980769230769232,80.28846153846155,65.86538461538461,14.423076923076922
E00171000,202,69,18,51,133,107,26,34.15841584158416,8.91089108910891,25.247524752475247,65.84158415841584,52.97029702970298,12.871287128712872
E00171001,155,45,20,25,110,91,19,29.03225806451613,12.903225806451612,16.129032258064516,70.96774193548387,58.70967741935483,12.258064516129032
E00171002,193,62,25,37,131,118,13,32.12435233160622,12.953367875647666,19.170984455958546,67.87564766839378,61.13989637305699,6.7357512953367875
E00171003,206,56,20,36,150,125,25,27.184466019417474,9.70873786407767,17.475728155339805,72.81553398058253,60.679611650485434,12.135922330097088
E00171004,190,62,22,40,128,104,24,32.631578947368425,11.578947368421053,21.052631578947366,67.36842105263158,54.736842105263165,12.631578947368421
E00171005,174,44,14,30,130,104,26,25.287356321839084,8.045977011494253,17.24137931034483,74.71264367816092,59.77011494252874,14.942528735632186
E00171006,174,47,20,27,127,85,42,27.011494252873565,11.494252873563218,15.517241379310345,72.98850574712644,48.85057471264368,24.137931034482758
E00171007,120,37,11,26,83,71,12,30.833333333333336,9.166666666666666,21.666666666666668,69.16666666666667,59.166666666666664,10
E00171008,111,25,5,20,86,74,12,22.52252252252252,4.504504504504505,18.01801801801802,77.47747747747748,66.66666666666666,10.81081081081081
E00171009,212,65,25,40,147,115,32,30.660377358490564,11.79245283018868,18.867924528301888,69.33962264150944,54.24528301886793,15.09433962264151
E00171010,179,61,29,32,118,91,27,34.07821229050279,16.201117318435752,17.877094972067038,65.92178770949721,50.83798882681564,15.083798882681565
E00171011,149,36,17,19,113,86,27,24.161073825503358,11.409395973154362,12.751677852348994,75.83892617449665,57.71812080536913,18.120805369127517
E00171012,168,54,17,37,114,92,22,32.142857142857146,10.119047619047619,22.023809523809522,67.85714285714286,54.761904761904766,13.095238095238097
E00171013,162,53,17,36,109,86,23,32.71604938271605,10.493827160493826,22.22222222222222,67.28395061728395,53.086419753086425,14.19753086419753
E00171014,179,50,16,34,129,99,30,27.932960893854748,8.938547486033519,18.994413407821227,72.06703910614524,55.3072625698324,16.75977653631285
E00180460,150,28,11,17,122,102,20,18.666666666666668,7.333333333333333,11.333333333333332,81.33333333333333,68,13.333333333333334
E00180463,165,36,7,29,129,108,21,21.818181818181817,4.242424242424243,17.575757575757574,78.18181818181819,65.45454545454545,12.727272727272727
E00180464,133,14,4,10,119,102,17,10.526315789473683,3.007518796992481,7.518796992481203,89.47368421052632,76.69172932330827,12.781954887218044
E00180467,237,24,8,16,213,187,26,10.126582278481013,3.375527426160337,6.751054852320674,89.87341772151899,78.90295358649789,10.970464135021098
E00180469,133,25,9,16,108,94,14,18.796992481203006,6.7669172932330826,12.030075187969924,81.203007518797,70.67669172932331,10.526315789473683
E00180470,119,22,8,14,97,82,15,18.487394957983195,6.722689075630252,11.76470588235294,81.5126050420168,68.90756302521008,12.605042016806722
E00180471,114,25,10,15,89,77,12,21.929824561403507,8.771929824561402,13.157894736842104,78.0701754385965,67.54385964912281,10.526315789473683
E00180473,239,61,24,37,178,159,19,25.523012552301257,10.0418410041841,15.481171548117153,74.47698744769873,66.52719665271967,7.949790794979079
E00180475,194,62,33,29,132,112,20,31.958762886597935,17.010309278350515,14.948453608247423,68.04123711340206,57.73195876288659,10.309278350515463
E00180476,167,41,14,27,126,93,33,24.550898203592812,8.383233532934131,16.16766467065868,75.44910179640718,55.688622754491014,19.760479041916167
E00180477,143,13,5,8,130,109,21,9.090909090909092,3.4965034965034967,5.594405594405594,90.9090909090909,76.22377622377621,14.685314685314685
E00180481,86,24,10,14,62,53,9,27.906976744186046,11.627906976744185,16.27906976744186,72.09302325581395,61.627906976744185,10.465116279069768
E00180482,166,23,8,15,143,116,27,13.855421686746988,4.819277108433735,9.036144578313253,86.14457831325302,69.87951807228916,16.265060240963855
E00180483,29,7,3,4,22,18,4,24.137931034482758,10.344827586206897,13.793103448275861,75.86206896551724,62.06896551724138,13.793103448275861
E00180484,183,35,13,22,148,125,23,19.12568306010929,7.103825136612022,12.021857923497267,80.87431693989072,68.30601092896174,12.568306010928962
E00180485,109,32,9,23,77,62,15,29.357798165137616,8.256880733944955,21.100917431192663,70.64220183486239,56.88073394495413,13.761467889908257
E00180487,67,21,9,12,46,40,6,31.343283582089555,13.432835820895523,17.91044776119403,68.65671641791045,59.70149253731343,8.955223880597014
E00180491,293,55,27,28,238,196,42,18.771331058020476,9.215017064846416,9.556313993174061,81.22866894197952,66.89419795221842,14.334470989761092
E00180493,177,38,13,25,139,121,18,21.468926553672315,7.344632768361582,14.124293785310735,78.53107344632768,68.36158192090396,10.16949152542373
E00180494,139,19,3,16,120,102,18,13.66906474820144,2.158273381294964,11.510791366906476,86.33093525179856,73.38129496402878,12.949640287769784
E00180495,224,53,14,39,171,139,32,23.660714285714285,6.25,17.410714285714285,76.33928571428571,62.05357142857143,14.285714285714285
E00180496,230,31,11,20,199,158,41,13.478260869565217,4.782608695652174,8.695652173913043,86.52173913043478,68.69565217391305,17.82608695652174
E00180498,174,27,8,19,147,124,23,15.517241379310345,4.597701149425287,10.919540229885058,84.48275862068965,71.26436781609196,13.218390804597702
E00180499,27,7,3,4,20,19,1,25.925925925925924,11.11111111111111,14.814814814814813,74.07407407407408,70.37037037037037,3.7037037037037033
E00180500,175,61,27,34,114,97,17,34.85714285714286,15.428571428571427,19.428571428571427,65.14285714285715,55.42857142857143,9.714285714285714
E00180501,102,34,10,24,68,53,15,33.33333333333333,9.803921568627452,23.52941176470588,66.66666666666666,51.9607843137255,14.705882352941178
E00180504,165,34,13,21,131,114,17,20.606060606060606,7.878787878787878,12.727272727272727,79.39393939393939,69.0909090909091,10.303030303030303
E00180505,205,40,11,29,165,145,20,19.51219512195122,5.365853658536586,14.146341463414632,80.48780487804879,70.73170731707317,9.75609756097561
E00180506,123,19,6,13,104,87,17,15.447154471544716,4.878048780487805,10.569105691056912,84.5528455284553,70.73170731707317,13.821138211382115
E00180511,235,64,25,39,171,148,23,27.23404255319149,10.638297872340425,16.595744680851062,72.76595744680851,62.97872340425532,9.787234042553191
E00180514,216,40,16,24,176,124,52,18.51851851851852,7.4074074074074066,11.11111111111111,81.48148148148148,57.407407407407405,24.074074074074073
E00180516,191,40,15,25,151,139,12,20.94240837696335,7.853403141361256,13.089005235602095,79.05759162303664,72.77486910994764,6.282722513089005
E00180517,253,62,22,40,191,137,54,24.50592885375494,8.695652173913043,15.810276679841898,75.49407114624506,54.1501976284585,21.34387351778656
E00180518,231,43,5,38,188,162,26,18.614718614718615,2.1645021645021645,16.450216450216452,81.38528138528139,70.12987012987013,11.255411255411255
E00180521,203,32,14,18,171,151,20,15.763546798029557,6.896551724137931,8.866995073891626,84.23645320197043,74.38423645320196,9.852216748768473
E00180524,134,21,9,12,113,98,15,15.671641791044777,6.7164179104477615,8.955223880597014,84.32835820895522,73.13432835820896,11.194029850746269
E00180525,124,19,7,12,105,84,21,15.32258064516129,5.64516129032258,9.67741935483871,84.67741935483872,67.74193548387096,16.93548387096774
E00180526,71,22,10,12,49,39,10,30.985915492957744,14.084507042253522,16.901408450704224,69.01408450704226,54.929577464788736,14.084507042253522
E00180527,153,30,13,17,123,109,14,19.607843137254903,8.49673202614379,11.11111111111111,80.3921568627451,71.24183006535948,9.15032679738562
E00180529,290,56,23,33,234,189,45,19.310344827586206,7.931034482758621,11.379310344827587,80.6896551724138,65.17241379310344,15.517241379310345
E00180532,174,40,15,25,134,110,24,22.988505747126435,8.620689655172415,14.367816091954023,77.01149425287356,63.2183908045977,13.793103448275861
E00180533,86,30,21,9,56,46,10,34.883720930232556,24.418604651162788,10.465116279069768,65.11627906976744,53.48837209302325,11.627906976744185
E00180534,141,71,30,41,70,61,9,50.35460992907801,21.27659574468085,29.078014184397162,49.645390070921984,43.262411347517734,6.382978723404255
E00180536,152,49,18,31,103,71,32,32.23684210526316,11.842105263157894,20.394736842105264,67.76315789473685,46.71052631578947,21.052631578947366
E00180540,167,54,24,30,113,76,37,32.33532934131736,14.37125748502994,17.964071856287426,67.66467065868264,45.50898203592814,22.15568862275449
E00180543,99,18,5,13,81,60,21,18.181818181818183,5.05050505050505,13.131313131313133,81.81818181818183,60.60606060606061,21.21212121212121
E00180546,286,82,34,48,204,168,36,28.671328671328673,11.888111888111888,16.783216783216783,71.32867132867133,58.74125874125874,12.587412587412588
E00180548,144,19,9,10,125,102,23,13.194444444444445,6.25,6.944444444444445,86.80555555555556,70.83333333333334,15.972222222222221
E00180551,74,32,10,22,42,41,1,43.24324324324324,13.513513513513514,29.72972972972973,56.75675675675676,55.4054054054054,1.3513513513513513
E00180552,158,56,27,29,102,75,27,35.44303797468354,17.088607594936708,18.354430379746837,64.55696202531645,47.46835443037975,17.088607594936708
E00180556,173,48,17,31,125,96,29,27.74566473988439,9.826589595375722,17.91907514450867,72.25433526011561,55.49132947976878,16.76300578034682
