OA,ts0590001,ts0590002,ts0590003,ts0590004,ts0590005,ts0590006,ts0590007,ts0590002_PCT,ts0590003_PCT,ts0590004_PCT,ts0590005_PCT,ts0590006_PCT,ts0590007_PCT
E00060556,154,47,18,29,107,90,17,30.519480519480517,11.688311688311687,18.83116883116883,69.48051948051948,58.44155844155844,11.03896103896104
E00060557,143,40,12,28,103,89,14,27.972027972027973,8.391608391608392,19.58041958041958,72.02797202797203,62.23776223776224,9.79020979020979
E00060558,124,36,7,29,88,75,13,29.03225806451613,5.64516129032258,23.387096774193548,70.96774193548387,60.483870967741936,10.483870967741936
E00060559,171,43,11,32,128,113,15,25.146198830409354,6.432748538011696,18.71345029239766,74.85380116959064,66.08187134502924,8.771929824561402
E00060560,157,55,11,44,102,87,15,35.03184713375796,7.006369426751593,28.02547770700637,64.96815286624204,55.4140127388535,9.554140127388536
E00060561,115,31,8,23,84,68,16,26.956521739130434,6.956521739130435,20,73.04347826086956,59.130434782608695,13.91304347826087
E00060562,118,33,10,23,85,68,17,27.966101694915253,8.47457627118644,19.491525423728813,72.03389830508475,57.6271186440678,14.40677966101695
E00060563,196,51,19,32,145,122,23,26.02040816326531,9.693877551020408,16.3265306122449,73.9795918367347,62.244897959183675,11.73469387755102
E00060564,163,56,17,39,107,87,20,34.355828220858896,10.429447852760736,23.92638036809816,65.6441717791411,53.37423312883436,12.269938650306749
E00060565,177,55,21,34,122,113,9,31.07344632768362,11.864406779661017,19.2090395480226,68.92655367231639,63.84180790960452,5.084745762711865
E00060566,141,53,16,37,88,73,15,37.5886524822695,11.347517730496454,26.24113475177305,62.4113475177305,51.77304964539007,10.638297872340425
E00060567,160,53,15,38,107,95,12,33.125,9.375,23.75,66.875,59.375,7.5
E00060568,200,60,14,46,140,124,16,30,7.000000000000001,23,70,62,8
E00060569,190,54,13,41,136,112,24,28.421052631578945,6.842105263157896,21.578947368421055,71.57894736842105,58.94736842105262,12.631578947368421
E00060570,176,53,12,41,123,117,6,30.113636363636363,6.8181818181818175,23.295454545454543,69.88636363636364,66.47727272727273,3.4090909090909087
E00060571,209,39,11,28,170,149,21,18.660287081339714,5.263157894736842,13.397129186602871,81.3397129186603,71.29186602870813,10.047846889952153
E00060572,92,29,10,19,63,54,9,31.521739130434785,10.869565217391305,20.652173913043477,68.47826086956522,58.69565217391305,9.782608695652174
E00060573,269,65,16,49,204,167,37,24.1635687732342,5.947955390334572,18.21561338289963,75.8364312267658,62.0817843866171,13.754646840148698
E00060574,138,48,17,31,90,74,16,34.78260869565217,12.318840579710146,22.463768115942027,65.21739130434783,53.62318840579711,11.594202898550725
E00060575,153,49,14,35,104,95,9,32.02614379084967,9.15032679738562,22.875816993464053,67.97385620915033,62.091503267973856,5.88235294117647
E00060576,103,43,13,30,60,51,9,41.74757281553398,12.62135922330097,29.126213592233007,58.252427184466015,49.51456310679612,8.737864077669903
E00060577,171,46,9,37,125,115,10,26.900584795321635,5.263157894736842,21.637426900584796,73.09941520467837,67.2514619883041,5.847953216374268
E00060578,175,58,20,38,117,103,14,33.14285714285714,11.428571428571429,21.714285714285715,66.85714285714286,58.857142857142854,8
E00060579,166,57,22,35,109,103,6,34.33734939759036,13.253012048192772,21.084337349397593,65.66265060240963,62.048192771084345,3.614457831325301
E00060580,92,35,15,20,57,45,12,38.04347826086957,16.304347826086957,21.73913043478261,61.95652173913043,48.91304347826087,13.043478260869565
E00060581,142,43,9,34,99,94,5,30.28169014084507,6.338028169014084,23.943661971830984,69.71830985915493,66.19718309859155,3.5211267605633805
E00060582,117,42,18,24,75,65,10,35.8974358974359,15.384615384615385,20.51282051282051,64.1025641025641,55.55555555555556,8.547008547008547
E00060583,124,51,13,38,73,66,7,41.12903225806452,10.483870967741936,30.64516129032258,58.87096774193549,53.2258064516129,5.64516129032258
E00060584,130,37,11,26,93,84,9,28.46153846153846,8.461538461538462,20,71.53846153846153,64.61538461538461,6.923076923076923
E00060585,93,40,20,20,53,45,8,43.01075268817204,21.50537634408602,21.50537634408602,56.98924731182796,48.38709677419355,8.60215053763441
E00060586,112,36,7,29,76,68,8,32.142857142857146,6.25,25.892857142857146,67.85714285714286,60.71428571428571,7.142857142857142
E00060587,104,43,13,30,61,54,7,41.34615384615385,12.5,28.846153846153843,58.65384615384615,51.92307692307693,6.730769230769231
E00060588,122,42,8,34,80,73,7,34.42622950819672,6.557377049180328,27.86885245901639,65.57377049180327,59.83606557377049,5.737704918032787
E00060589,132,36,12,24,96,77,19,27.27272727272727,9.090909090909092,18.181818181818183,72.72727272727273,58.333333333333336,14.393939393939394
E00060590,162,57,17,40,105,96,9,35.18518518518518,10.493827160493826,24.691358024691358,64.81481481481481,59.25925925925925,5.555555555555555
E00060591,82,32,6,26,50,49,1,39.02439024390244,7.317073170731707,31.70731707317073,60.97560975609756,59.756097560975604,1.2195121951219512
E00060592,99,44,13,31,55,47,8,44.44444444444444,13.131313131313133,31.313131313131315,55.55555555555556,47.474747474747474,8.080808080808081
E00060593,96,44,6,38,52,46,6,45.83333333333333,6.25,39.58333333333333,54.166666666666664,47.91666666666667,6.25
E00060594,174,59,11,48,115,105,10,33.90804597701149,6.321839080459771,27.586206896551722,66.0919540229885,60.3448275862069,5.747126436781609
E00060595,106,25,11,14,81,72,9,23.58490566037736,10.377358490566039,13.20754716981132,76.41509433962264,67.9245283018868,8.49056603773585
E00060596,97,34,13,21,63,49,14,35.051546391752574,13.402061855670103,21.649484536082475,64.94845360824742,50.51546391752577,14.432989690721648
E00060597,91,30,11,19,61,57,4,32.967032967032964,12.087912087912088,20.87912087912088,67.03296703296702,62.637362637362635,4.395604395604396
E00060598,111,38,9,29,73,62,11,34.234234234234236,8.108108108108109,26.126126126126124,65.76576576576578,55.85585585585585,9.90990990990991
E00060599,87,38,11,27,49,39,10,43.67816091954023,12.643678160919542,31.03448275862069,56.32183908045977,44.827586206896555,11.494252873563218
E00060600,112,44,8,36,68,62,6,39.285714285714285,7.142857142857142,32.142857142857146,60.71428571428571,55.35714285714286,5.357142857142857
E00060601,85,35,10,25,50,44,6,41.17647058823529,11.76470588235294,29.411764705882355,58.82352941176471,51.76470588235295,7.0588235294117645
E00060602,21,8,3,5,13,12,1,38.095238095238095,14.285714285714285,23.809523809523807,61.904761904761905,57.14285714285714,4.761904761904762
E00060603,88,33,9,24,55,48,7,37.5,10.227272727272728,27.27272727272727,62.5,54.54545454545454,7.954545454545454
E00060604,114,34,7,27,80,69,11,29.82456140350877,6.140350877192982,23.684210526315788,70.17543859649122,60.526315789473685,9.649122807017543
E00060605,127,48,20,28,79,69,10,37.79527559055118,15.748031496062993,22.04724409448819,62.20472440944882,54.330708661417326,7.874015748031496
E00060606,55,17,4,13,38,35,3,30.909090909090907,7.2727272727272725,23.636363636363637,69.0909090909091,63.63636363636363,5.454545454545454
E00060607,100,41,9,32,59,51,8,41,9,32,59,51,8
E00060608,90,37,7,30,53,49,4,41.11111111111111,7.777777777777778,33.33333333333333,58.88888888888889,54.44444444444444,4.444444444444445
E00060609,101,34,11,23,67,58,9,33.663366336633665,10.891089108910892,22.772277227722775,66.33663366336634,57.42574257425742,8.91089108910891
E00060610,79,33,13,20,46,42,4,41.77215189873418,16.455696202531644,25.31645569620253,58.22784810126582,53.16455696202531,5.063291139240507
E00060611,91,29,7,22,62,58,4,31.868131868131865,7.6923076923076925,24.175824175824175,68.13186813186813,63.73626373626373,4.395604395604396
E00060612,107,39,8,31,68,61,7,36.44859813084112,7.476635514018691,28.971962616822427,63.55140186915887,57.009345794392516,6.5420560747663545
E00060613,69,24,6,18,45,36,9,34.78260869565217,8.695652173913043,26.08695652173913,65.21739130434783,52.17391304347826,13.043478260869565
E00060614,106,50,18,32,56,44,12,47.16981132075472,16.9811320754717,30.18867924528302,52.83018867924528,41.509433962264154,11.320754716981133
E00060615,68,18,4,14,50,42,8,26.47058823529412,5.88235294117647,20.588235294117645,73.52941176470588,61.76470588235294,11.76470588235294
E00060616,34,14,5,9,20,16,4,41.17647058823529,14.705882352941178,26.47058823529412,58.82352941176471,47.05882352941176,11.76470588235294
E00060617,140,38,11,27,102,95,7,27.142857142857142,7.857142857142857,19.28571428571429,72.85714285714285,67.85714285714286,5
E00060618,64,27,6,21,37,31,6,42.1875,9.375,32.8125,57.8125,48.4375,9.375
E00060619,89,36,16,20,53,49,4,40.44943820224719,17.97752808988764,22.47191011235955,59.55056179775281,55.0561797752809,4.49438202247191
E00060620,125,40,13,27,85,75,10,32,10.4,21.6,68,60,8
E00060621,117,44,11,33,73,69,4,37.60683760683761,9.401709401709402,28.205128205128204,62.39316239316239,58.97435897435898,3.418803418803419
E00060622,162,66,17,49,96,89,7,40.74074074074074,10.493827160493826,30.246913580246915,59.25925925925925,54.93827160493827,4.320987654320987
E00060623,94,36,11,25,58,54,4,38.297872340425535,11.702127659574469,26.595744680851062,61.702127659574465,57.446808510638306,4.25531914893617
E00060624,122,45,7,38,77,68,9,36.885245901639344,5.737704918032787,31.147540983606557,63.114754098360656,55.73770491803278,7.377049180327869
E00060625,102,33,13,20,69,61,8,32.35294117647059,12.745098039215685,19.607843137254903,67.64705882352942,59.80392156862745,7.8431372549019605
E00060627,136,56,14,42,80,73,7,41.17647058823529,10.294117647058822,30.88235294117647,58.82352941176471,53.67647058823529,5.147058823529411
E00060628,63,27,11,16,36,36,0,42.857142857142854,17.46031746031746,25.396825396825395,57.14285714285714,57.14285714285714,0
E00060629,60,25,4,21,35,35,0,41.66666666666667,6.666666666666667,35,58.333333333333336,58.333333333333336,0
E00060630,110,35,8,27,75,65,10,31.818181818181817,7.2727272727272725,24.545454545454547,68.18181818181817,59.09090909090909,9.090909090909092
E00060631,85,32,9,23,53,47,6,37.64705882352941,10.588235294117647,27.058823529411764,62.35294117647059,55.294117647058826,7.0588235294117645
E00060632,133,32,9,23,101,91,10,24.06015037593985,6.7669172932330826,17.293233082706767,75.93984962406014,68.42105263157895,7.518796992481203
E00060633,90,26,10,16,64,55,9,28.888888888888886,11.11111111111111,17.77777777777778,71.11111111111111,61.111111111111114,10
E00060634,136,46,14,32,90,76,14,33.82352941176471,10.294117647058822,23.52941176470588,66.17647058823529,55.88235294117647,10.294117647058822
E00060635,88,30,9,21,58,51,7,34.090909090909086,10.227272727272728,23.863636363636363,65.9090909090909,57.95454545454546,7.954545454545454
E00060636,132,51,16,35,81,67,14,38.63636363636363,12.121212121212121,26.515151515151516,61.36363636363637,50.75757575757576,10.606060606060606
E00060637,128,42,11,31,86,71,15,32.8125,8.59375,24.21875,67.1875,55.46875,11.71875
E00060638,90,30,11,19,60,53,7,33.33333333333333,12.222222222222221,21.11111111111111,66.66666666666666,58.88888888888889,7.777777777777778
E00060639,95,19,4,15,76,70,6,20,4.2105263157894735,15.789473684210526,80,73.68421052631578,6.315789473684211
E00060640,94,42,14,28,52,45,7,44.680851063829785,14.893617021276595,29.78723404255319,55.319148936170215,47.87234042553192,7.446808510638298
E00060641,156,46,13,33,110,95,15,29.48717948717949,8.333333333333332,21.153846153846153,70.51282051282051,60.89743589743589,9.615384615384617
E00060643,166,55,21,34,111,86,25,33.13253012048193,12.650602409638553,20.481927710843372,66.86746987951807,51.80722891566265,15.060240963855422
E00060644,219,65,13,52,154,134,20,29.68036529680365,5.93607305936073,23.74429223744292,70.31963470319634,61.18721461187214,9.1324200913242
E00060645,120,38,10,28,82,71,11,31.666666666666664,8.333333333333332,23.333333333333332,68.33333333333333,59.166666666666664,9.166666666666666
E00060646,145,44,18,26,101,90,11,30.344827586206897,12.413793103448276,17.93103448275862,69.6551724137931,62.06896551724138,7.586206896551724
E00060647,133,56,21,35,77,65,12,42.10526315789473,15.789473684210526,26.31578947368421,57.89473684210527,48.87218045112782,9.022556390977442
E00060648,144,37,16,21,107,98,9,25.694444444444443,11.11111111111111,14.583333333333334,74.30555555555556,68.05555555555556,6.25
E00060649,93,22,6,16,71,66,5,23.655913978494624,6.451612903225806,17.20430107526882,76.34408602150538,70.96774193548387,5.376344086021505
E00060650,127,36,14,22,91,82,9,28.346456692913385,11.023622047244094,17.322834645669293,71.65354330708661,64.56692913385827,7.086614173228346
E00060651,168,79,27,52,89,75,14,47.023809523809526,16.071428571428573,30.952380952380953,52.976190476190474,44.642857142857146,8.333333333333332
E00060652,144,40,6,34,104,89,15,27.77777777777778,4.166666666666666,23.61111111111111,72.22222222222221,61.80555555555556,10.416666666666668
E00060656,92,38,8,30,54,49,5,41.30434782608695,8.695652173913043,32.608695652173914,58.69565217391305,53.2608695652174,5.434782608695652
E00060659,136,42,11,31,94,86,8,30.88235294117647,8.088235294117647,22.794117647058822,69.11764705882352,63.23529411764706,5.88235294117647
E00060660,124,35,8,27,89,77,12,28.225806451612907,6.451612903225806,21.774193548387096,71.7741935483871,62.096774193548384,9.67741935483871
E00060661,162,46,13,33,116,101,15,28.39506172839506,8.024691358024691,20.37037037037037,71.60493827160494,62.34567901234568,9.25925925925926
E00060663,117,47,13,34,70,64,6,40.17094017094017,11.11111111111111,29.059829059829063,59.82905982905983,54.700854700854705,5.128205128205128
E00060664,117,50,13,37,67,62,5,42.73504273504273,11.11111111111111,31.62393162393162,57.26495726495726,52.991452991452995,4.273504273504273
E00060665,272,91,19,72,181,152,29,33.455882352941174,6.985294117647059,26.47058823529412,66.54411764705883,55.88235294117647,10.661764705882353
E00060666,127,49,12,37,78,68,10,38.582677165354326,9.448818897637794,29.133858267716533,61.417322834645674,53.54330708661418,7.874015748031496
E00060667,101,36,13,23,65,51,14,35.64356435643564,12.871287128712872,22.772277227722775,64.35643564356435,50.495049504950494,13.861386138613863
E00060668,107,38,9,29,69,68,1,35.51401869158878,8.411214953271028,27.102803738317753,64.48598130841121,63.55140186915887,0.9345794392523363
E00060669,93,25,7,18,68,60,8,26.881720430107524,7.526881720430108,19.35483870967742,73.11827956989248,64.51612903225806,8.60215053763441
E00060670,149,47,18,29,102,84,18,31.543624161073826,12.080536912751679,19.463087248322147,68.45637583892618,56.375838926174495,12.080536912751679
E00060671,33,11,8,3,22,17,5,33.33333333333333,24.242424242424242,9.090909090909092,66.66666666666666,51.515151515151516,15.151515151515152
E00060672,111,30,14,16,81,72,9,27.027027027027028,12.612612612612612,14.414414414414415,72.97297297297297,64.86486486486487,8.108108108108109
E00060673,91,30,13,17,61,56,5,32.967032967032964,14.285714285714285,18.681318681318682,67.03296703296702,61.53846153846154,5.4945054945054945
E00060674,129,35,11,24,94,80,14,27.131782945736433,8.527131782945736,18.6046511627907,72.86821705426357,62.01550387596899,10.852713178294573
E00060675,126,29,7,22,97,82,15,23.015873015873016,5.555555555555555,17.46031746031746,76.98412698412699,65.07936507936508,11.904761904761903
E00060676,174,42,7,35,132,112,20,24.137931034482758,4.022988505747127,20.114942528735632,75.86206896551724,64.36781609195403,11.494252873563218
E00060677,89,28,4,24,61,56,5,31.46067415730337,4.49438202247191,26.96629213483146,68.53932584269663,62.92134831460674,5.617977528089887
E00060678,106,36,12,24,70,60,10,33.9622641509434,11.320754716981133,22.641509433962266,66.0377358490566,56.60377358490566,9.433962264150944
E00060679,176,54,20,34,122,105,17,30.681818181818183,11.363636363636363,19.318181818181817,69.31818181818183,59.65909090909091,9.659090909090908
E00060680,164,49,17,32,115,97,18,29.878048780487802,10.365853658536585,19.51219512195122,70.1219512195122,59.14634146341463,10.975609756097562
E00060681,280,77,25,52,203,180,23,27.500000000000004,8.928571428571429,18.571428571428573,72.5,64.28571428571429,8.214285714285714
E00060682,114,35,7,28,79,69,10,30.701754385964914,6.140350877192982,24.561403508771928,69.2982456140351,60.526315789473685,8.771929824561402
E00060683,72,26,6,20,46,40,6,36.11111111111111,8.333333333333332,27.77777777777778,63.888888888888886,55.55555555555556,8.333333333333332
E00060684,80,26,6,20,54,50,4,32.5,7.5,25,67.5,62.5,5
E00060685,281,90,29,61,191,163,28,32.028469750889684,10.320284697508896,21.70818505338078,67.97153024911033,58.00711743772242,9.9644128113879
E00060686,137,47,10,37,90,77,13,34.306569343065696,7.2992700729927,27.00729927007299,65.69343065693431,56.20437956204379,9.48905109489051
E00060687,113,28,6,22,85,71,14,24.778761061946902,5.3097345132743365,19.469026548672566,75.22123893805309,62.83185840707964,12.389380530973451
E00060688,142,52,15,37,90,76,14,36.61971830985916,10.56338028169014,26.056338028169012,63.38028169014085,53.52112676056338,9.859154929577464
E00060689,105,41,10,31,64,54,10,39.04761904761905,9.523809523809524,29.523809523809526,60.952380952380956,51.42857142857142,9.523809523809524
E00060690,108,34,10,24,74,65,9,31.48148148148148,9.25925925925926,22.22222222222222,68.51851851851852,60.18518518518518,8.333333333333332
E00060691,101,32,11,21,69,61,8,31.683168316831683,10.891089108910892,20.792079207920793,68.31683168316832,60.396039603960396,7.920792079207921
E00060692,127,34,9,25,93,85,8,26.77165354330709,7.086614173228346,19.68503937007874,73.22834645669292,66.92913385826772,6.299212598425196
E00060693,69,21,10,11,48,41,7,30.434782608695656,14.492753623188406,15.942028985507244,69.56521739130434,59.42028985507246,10.144927536231885
E00060694,95,34,8,26,61,50,11,35.78947368421053,8.421052631578947,27.368421052631582,64.21052631578948,52.63157894736842,11.578947368421053
E00060695,85,33,7,26,52,46,6,38.82352941176471,8.235294117647058,30.58823529411765,61.1764705882353,54.11764705882353,7.0588235294117645
E00060696,64,31,12,19,33,33,0,48.4375,18.75,29.6875,51.5625,51.5625,0
E00060697,194,60,14,46,134,120,14,30.927835051546392,7.216494845360824,23.711340206185564,69.0721649484536,61.855670103092784,7.216494845360824
E00060698,84,32,10,22,52,42,10,38.095238095238095,11.904761904761903,26.190476190476193,61.904761904761905,50,11.904761904761903
E00060699,96,44,13,31,52,49,3,45.83333333333333,13.541666666666666,32.29166666666667,54.166666666666664,51.041666666666664,3.125
E00060701,128,60,20,40,68,55,13,46.875,15.625,31.25,53.125,42.96875,10.15625
E00060702,108,37,14,23,71,66,5,34.25925925925926,12.962962962962962,21.296296296296298,65.74074074074075,61.111111111111114,4.62962962962963
E00060703,52,18,6,12,34,31,3,34.61538461538461,11.538461538461538,23.076923076923077,65.38461538461539,59.61538461538461,5.769230769230769
E00060704,79,44,18,26,35,30,5,55.69620253164557,22.78481012658228,32.91139240506329,44.303797468354425,37.9746835443038,6.329113924050633
E00060705,69,24,6,18,45,43,2,34.78260869565217,8.695652173913043,26.08695652173913,65.21739130434783,62.31884057971014,2.898550724637681
E00060706,76,40,9,31,36,25,11,52.63157894736842,11.842105263157894,40.78947368421053,47.368421052631575,32.89473684210527,14.473684210526317
E00060707,90,50,23,27,40,38,2,55.55555555555556,25.555555555555554,30,44.44444444444444,42.22222222222222,2.2222222222222223
E00060708,93,39,18,21,54,47,7,41.935483870967744,19.35483870967742,22.58064516129032,58.06451612903226,50.53763440860215,7.526881720430108
E00060709,117,47,18,29,70,62,8,40.17094017094017,15.384615384615385,24.786324786324787,59.82905982905983,52.991452991452995,6.837606837606838
E00060710,92,48,19,29,44,40,4,52.17391304347826,20.652173913043477,31.521739130434785,47.82608695652174,43.47826086956522,4.3478260869565215
E00060711,102,48,20,28,54,44,10,47.05882352941176,19.607843137254903,27.450980392156865,52.94117647058824,43.13725490196079,9.803921568627452
E00060712,145,70,22,48,75,71,4,48.275862068965516,15.172413793103448,33.10344827586207,51.724137931034484,48.96551724137931,2.7586206896551726
E00060713,88,36,14,22,52,49,3,40.909090909090914,15.909090909090908,25,59.09090909090909,55.68181818181818,3.4090909090909087
E00060714,74,26,8,18,48,43,5,35.13513513513514,10.81081081081081,24.324324324324326,64.86486486486487,58.108108108108105,6.756756756756757
E00060715,112,54,15,39,58,53,5,48.214285714285715,13.392857142857142,34.82142857142857,51.78571428571429,47.32142857142857,4.464285714285714
E00060716,84,48,13,35,36,35,1,57.14285714285714,15.476190476190476,41.66666666666667,42.857142857142854,41.66666666666667,1.1904761904761905
E00060717,147,52,24,28,95,85,10,35.374149659863946,16.3265306122449,19.047619047619047,64.62585034013605,57.82312925170068,6.802721088435375
E00060718,75,40,19,21,35,29,6,53.333333333333336,25.333333333333336,28.000000000000004,46.666666666666664,38.666666666666664,8
E00060719,91,46,20,26,45,36,9,50.54945054945055,21.978021978021978,28.57142857142857,49.45054945054945,39.56043956043956,9.89010989010989
E00060720,93,31,8,23,62,60,2,33.33333333333333,8.60215053763441,24.731182795698924,66.66666666666666,64.51612903225806,2.1505376344086025
E00060721,102,50,18,32,52,45,7,49.01960784313725,17.647058823529413,31.372549019607842,50.98039215686274,44.11764705882353,6.862745098039216
E00060722,48,14,0,14,34,28,6,29.166666666666668,0,29.166666666666668,70.83333333333334,58.333333333333336,12.5
E00060723,62,22,0,22,40,34,6,35.483870967741936,0,35.483870967741936,64.51612903225806,54.83870967741935,9.67741935483871
E00060725,68,27,8,19,41,41,0,39.705882352941174,11.76470588235294,27.941176470588236,60.29411764705882,60.29411764705882,0
E00060726,76,28,12,16,48,45,3,36.84210526315789,15.789473684210526,21.052631578947366,63.1578947368421,59.210526315789465,3.9473684210526314
E00060727,102,54,16,38,48,43,5,52.94117647058824,15.686274509803921,37.254901960784316,47.05882352941176,42.15686274509804,4.901960784313726
E00060728,109,59,17,42,50,45,5,54.12844036697248,15.59633027522936,38.53211009174312,45.87155963302752,41.284403669724774,4.587155963302752
E00060729,82,32,9,23,50,50,0,39.02439024390244,10.975609756097562,28.04878048780488,60.97560975609756,60.97560975609756,0
E00060730,81,31,2,29,50,40,10,38.2716049382716,2.4691358024691357,35.80246913580247,61.72839506172839,49.382716049382715,12.345679012345679
E00060731,92,31,10,21,61,56,5,33.69565217391305,10.869565217391305,22.82608695652174,66.30434782608695,60.86956521739131,5.434782608695652
E00060732,79,34,10,24,45,39,6,43.037974683544306,12.658227848101266,30.37974683544304,56.9620253164557,49.36708860759494,7.59493670886076
E00060733,77,27,6,21,50,44,6,35.064935064935064,7.792207792207792,27.27272727272727,64.93506493506493,57.14285714285714,7.792207792207792
E00060734,62,18,6,12,44,39,5,29.03225806451613,9.67741935483871,19.35483870967742,70.96774193548387,62.903225806451616,8.064516129032258
E00060735,84,32,9,23,52,42,10,38.095238095238095,10.714285714285714,27.380952380952383,61.904761904761905,50,11.904761904761903
E00060736,120,36,11,25,84,75,9,30,9.166666666666666,20.833333333333336,70,62.5,7.5
E00060737,143,46,19,27,97,80,17,32.16783216783217,13.286713286713287,18.88111888111888,67.83216783216784,55.94405594405595,11.888111888111888
E00060738,60,26,9,17,34,26,8,43.333333333333336,15,28.333333333333332,56.666666666666664,43.333333333333336,13.333333333333334
E00060739,150,56,14,42,94,73,21,37.333333333333336,9.333333333333334,28.000000000000004,62.66666666666667,48.66666666666667,14.000000000000002
E00060740,104,29,8,21,75,66,9,27.884615384615387,7.6923076923076925,20.192307692307693,72.11538461538461,63.46153846153846,8.653846153846153
E00060741,89,35,9,26,54,49,5,39.325842696629216,10.112359550561797,29.213483146067414,60.67415730337079,55.0561797752809,5.617977528089887
E00060742,77,43,10,33,34,34,0,55.84415584415584,12.987012987012985,42.857142857142854,44.15584415584416,44.15584415584416,0
E00060743,89,33,7,26,56,48,8,37.07865168539326,7.865168539325842,29.213483146067414,62.92134831460674,53.93258426966292,8.98876404494382
E00060744,79,30,9,21,49,42,7,37.9746835443038,11.39240506329114,26.582278481012654,62.0253164556962,53.16455696202531,8.860759493670885
E00060745,84,37,12,25,47,41,6,44.047619047619044,14.285714285714285,29.761904761904763,55.952380952380956,48.80952380952381,7.142857142857142
E00060746,82,34,7,27,48,40,8,41.46341463414634,8.536585365853659,32.926829268292686,58.536585365853654,48.78048780487805,9.75609756097561
E00060747,75,33,9,24,42,35,7,44,12,32,56.00000000000001,46.666666666666664,9.333333333333334
E00060748,120,49,12,37,71,63,8,40.833333333333336,10,30.833333333333336,59.166666666666664,52.5,6.666666666666667
E00060749,121,34,12,22,87,75,12,28.09917355371901,9.917355371900827,18.181818181818183,71.900826446281,61.98347107438017,9.917355371900827
E00060750,128,41,14,27,87,77,10,32.03125,10.9375,21.09375,67.96875,60.15625,7.8125
E00060751,101,34,9,25,67,57,10,33.663366336633665,8.91089108910891,24.752475247524753,66.33663366336634,56.43564356435643,9.900990099009901
E00060752,143,44,13,31,99,76,23,30.76923076923077,9.090909090909092,21.678321678321677,69.23076923076923,53.14685314685315,16.083916083916083
E00060753,144,37,15,22,107,95,12,25.694444444444443,10.416666666666668,15.277777777777779,74.30555555555556,65.97222222222221,8.333333333333332
E00060754,144,38,14,24,106,92,14,26.38888888888889,9.722222222222223,16.666666666666664,73.61111111111111,63.888888888888886,9.722222222222223
E00060755,131,44,14,30,87,76,11,33.587786259541986,10.687022900763358,22.900763358778626,66.41221374045801,58.01526717557252,8.396946564885496
E00060756,111,34,8,26,77,67,10,30.630630630630627,7.207207207207207,23.423423423423422,69.36936936936937,60.36036036036037,9.00900900900901
E00060757,89,24,4,20,65,56,9,26.96629213483146,4.49438202247191,22.47191011235955,73.03370786516854,62.92134831460674,10.112359550561797
E00060758,79,26,8,18,53,49,4,32.91139240506329,10.126582278481013,22.78481012658228,67.08860759493672,62.0253164556962,5.063291139240507
E00060759,130,49,13,36,81,68,13,37.69230769230769,10,27.692307692307693,62.30769230769231,52.307692307692314,10
E00060760,81,26,5,21,55,48,7,32.098765432098766,6.172839506172839,25.925925925925924,67.90123456790124,59.25925925925925,8.641975308641975
E00060762,87,33,5,28,54,46,8,37.93103448275862,5.747126436781609,32.18390804597701,62.06896551724138,52.87356321839081,9.195402298850574
E00060763,155,49,13,36,106,90,16,31.61290322580645,8.38709677419355,23.225806451612904,68.38709677419355,58.06451612903226,10.32258064516129
E00060764,177,59,14,45,118,99,19,33.33333333333333,7.909604519774012,25.423728813559322,66.66666666666666,55.932203389830505,10.734463276836157
E00060765,160,52,15,37,108,93,15,32.5,9.375,23.125,67.5,58.12500000000001,9.375
E00060766,153,51,19,32,102,87,15,33.33333333333333,12.418300653594772,20.915032679738562,66.66666666666666,56.86274509803921,9.803921568627452
E00060767,109,31,8,23,78,74,4,28.440366972477065,7.339449541284404,21.100917431192663,71.55963302752293,67.88990825688074,3.669724770642202
E00060768,92,28,4,24,64,57,7,30.434782608695656,4.3478260869565215,26.08695652173913,69.56521739130434,61.95652173913043,7.608695652173914
E00060769,115,41,5,36,74,69,5,35.65217391304348,4.3478260869565215,31.30434782608696,64.34782608695652,60,4.3478260869565215
E00060770,103,39,11,28,64,57,7,37.86407766990291,10.679611650485436,27.184466019417474,62.13592233009708,55.33980582524271,6.796116504854369
E00060771,98,38,4,34,60,56,4,38.775510204081634,4.081632653061225,34.69387755102041,61.224489795918366,57.14285714285714,4.081632653061225
E00060772,113,44,14,30,69,61,8,38.93805309734513,12.389380530973451,26.548672566371685,61.06194690265486,53.98230088495575,7.079646017699115
E00060773,134,48,12,36,86,78,8,35.82089552238806,8.955223880597014,26.865671641791046,64.17910447761194,58.2089552238806,5.970149253731343
E00060774,114,42,15,27,72,65,7,36.84210526315789,13.157894736842104,23.684210526315788,63.1578947368421,57.01754385964912,6.140350877192982
E00060775,137,38,7,31,99,93,6,27.73722627737226,5.109489051094891,22.62773722627737,72.26277372262774,67.88321167883211,4.37956204379562
E00060776,100,35,8,27,65,59,6,35,8,27,65,59,6
E00060777,127,50,12,38,77,66,11,39.37007874015748,9.448818897637794,29.92125984251969,60.629921259842526,51.96850393700787,8.661417322834646
E00060778,77,28,6,22,49,41,8,36.36363636363637,7.792207792207792,28.57142857142857,63.63636363636363,53.246753246753244,10.38961038961039
E00060779,154,53,12,41,101,88,13,34.41558441558442,7.792207792207792,26.623376623376622,65.5844155844156,57.14285714285714,8.441558441558442
E00060780,108,28,10,18,80,66,14,25.925925925925924,9.25925925925926,16.666666666666664,74.07407407407408,61.111111111111114,12.962962962962962
E00060781,112,28,6,22,84,71,13,25,5.357142857142857,19.642857142857142,75,63.39285714285714,11.607142857142858
E00060782,135,41,13,28,94,75,19,30.37037037037037,9.62962962962963,20.74074074074074,69.62962962962963,55.55555555555556,14.074074074074074
E00060783,110,37,10,27,73,61,12,33.63636363636363,9.090909090909092,24.545454545454547,66.36363636363637,55.45454545454545,10.909090909090908
E00060784,153,53,16,37,100,86,14,34.64052287581699,10.457516339869281,24.183006535947712,65.359477124183,56.209150326797385,9.15032679738562
E00060785,155,58,12,46,97,78,19,37.41935483870968,7.741935483870968,29.677419354838708,62.58064516129033,50.32258064516129,12.258064516129032
E00060786,191,63,19,44,128,113,15,32.98429319371728,9.947643979057592,23.036649214659686,67.01570680628272,59.16230366492147,7.853403141361256
E00060787,195,69,31,38,126,110,16,35.38461538461539,15.897435897435896,19.48717948717949,64.61538461538461,56.41025641025641,8.205128205128204
E00060788,96,19,3,16,77,64,13,19.791666666666664,3.125,16.666666666666664,80.20833333333334,66.66666666666666,13.541666666666666
E00060789,245,78,19,59,167,142,25,31.83673469387755,7.755102040816326,24.081632653061224,68.16326530612244,57.95918367346938,10.204081632653061
E00060790,149,49,20,29,100,85,15,32.88590604026846,13.422818791946309,19.463087248322147,67.11409395973155,57.04697986577181,10.06711409395973
E00060791,178,52,17,35,126,97,29,29.213483146067414,9.550561797752808,19.662921348314608,70.78651685393258,54.49438202247191,16.292134831460675
E00060792,148,47,16,31,101,90,11,31.756756756756754,10.81081081081081,20.945945945945947,68.24324324324324,60.810810810810814,7.4324324324324325
E00060793,131,42,11,31,89,78,11,32.06106870229007,8.396946564885496,23.66412213740458,67.93893129770993,59.541984732824424,8.396946564885496
E00060794,171,61,20,41,110,88,22,35.67251461988304,11.695906432748536,23.976608187134502,64.32748538011695,51.461988304093566,12.865497076023392
E00060795,123,43,12,31,80,66,14,34.959349593495936,9.75609756097561,25.203252032520325,65.04065040650406,53.65853658536586,11.38211382113821
E00060796,168,55,14,41,113,95,18,32.73809523809524,8.333333333333332,24.404761904761905,67.26190476190477,56.547619047619044,10.714285714285714
E00060797,124,34,12,22,90,80,10,27.419354838709676,9.67741935483871,17.741935483870968,72.58064516129032,64.51612903225806,8.064516129032258
E00060798,180,54,19,35,126,114,12,30,10.555555555555555,19.444444444444446,70,63.33333333333333,6.666666666666667
E00060799,167,41,18,23,126,116,10,24.550898203592812,10.778443113772456,13.77245508982036,75.44910179640718,69.46107784431138,5.9880239520958085
E00060800,115,41,13,28,74,68,6,35.65217391304348,11.304347826086957,24.347826086956523,64.34782608695652,59.130434782608695,5.217391304347826
E00060802,138,47,18,29,91,79,12,34.05797101449276,13.043478260869565,21.014492753623188,65.94202898550725,57.2463768115942,8.695652173913043
E00060803,185,50,13,37,135,119,16,27.027027027027028,7.027027027027027,20,72.97297297297297,64.32432432432432,8.64864864864865
E00060804,109,29,8,21,80,74,6,26.605504587155966,7.339449541284404,19.26605504587156,73.39449541284404,67.88990825688074,5.5045871559633035
E00060805,142,62,12,50,80,70,10,43.66197183098591,8.450704225352112,35.2112676056338,56.33802816901409,49.29577464788733,7.042253521126761
E00060806,165,53,17,36,112,97,15,32.121212121212125,10.303030303030303,21.818181818181817,67.87878787878789,58.78787878787879,9.090909090909092
E00060807,250,73,16,57,177,167,10,29.2,6.4,22.8,70.8,66.8,4
E00060808,142,48,13,35,94,82,12,33.80281690140845,9.15492957746479,24.647887323943664,66.19718309859155,57.74647887323944,8.450704225352112
E00060809,135,46,13,33,89,73,16,34.074074074074076,9.62962962962963,24.444444444444443,65.92592592592592,54.074074074074076,11.851851851851853
E00060810,63,23,8,15,40,33,7,36.507936507936506,12.698412698412698,23.809523809523807,63.49206349206349,52.38095238095239,11.11111111111111
E00060811,135,40,7,33,95,91,4,29.629629629629626,5.185185185185185,24.444444444444443,70.37037037037037,67.4074074074074,2.9629629629629632
E00060812,116,37,7,30,79,65,14,31.896551724137932,6.0344827586206895,25.862068965517242,68.10344827586206,56.03448275862068,12.068965517241379
E00060813,98,39,13,26,59,55,4,39.795918367346935,13.26530612244898,26.53061224489796,60.204081632653065,56.12244897959183,4.081632653061225
E00060814,110,40,8,32,70,57,13,36.36363636363637,7.2727272727272725,29.09090909090909,63.63636363636363,51.81818181818182,11.818181818181818
E00060815,79,38,11,27,41,37,4,48.10126582278481,13.924050632911392,34.177215189873415,51.89873417721519,46.835443037974684,5.063291139240507
E00060817,71,35,10,25,36,36,0,49.29577464788733,14.084507042253522,35.2112676056338,50.70422535211267,50.70422535211267,0
E00060818,56,29,3,26,27,27,0,51.78571428571429,5.357142857142857,46.42857142857143,48.214285714285715,48.214285714285715,0
E00060819,63,17,5,12,46,44,2,26.984126984126984,7.936507936507936,19.047619047619047,73.01587301587301,69.84126984126983,3.1746031746031744
E00060820,132,42,13,29,90,78,12,31.818181818181817,9.848484848484848,21.96969696969697,68.18181818181817,59.09090909090909,9.090909090909092
E00060821,102,34,5,29,68,54,14,33.33333333333333,4.901960784313726,28.431372549019606,66.66666666666666,52.94117647058824,13.725490196078432
E00060822,76,35,12,23,41,37,4,46.05263157894737,15.789473684210526,30.263157894736842,53.94736842105263,48.68421052631579,5.263157894736842
E00060824,74,33,8,25,41,35,6,44.5945945945946,10.81081081081081,33.78378378378378,55.4054054054054,47.2972972972973,8.108108108108109
E00060825,73,25,11,14,48,45,3,34.24657534246575,15.068493150684931,19.17808219178082,65.75342465753424,61.64383561643836,4.10958904109589
E00060826,60,19,5,14,41,37,4,31.666666666666664,8.333333333333332,23.333333333333332,68.33333333333333,61.66666666666667,6.666666666666667
E00060827,144,45,15,30,99,90,9,31.25,10.416666666666668,20.833333333333336,68.75,62.5,6.25
E00060828,70,23,8,15,47,41,6,32.857142857142854,11.428571428571429,21.428571428571427,67.14285714285714,58.57142857142858,8.571428571428571
E00060829,77,34,11,23,43,38,5,44.15584415584416,14.285714285714285,29.87012987012987,55.84415584415584,49.35064935064935,6.493506493506493
E00060830,96,23,11,12,73,55,18,23.958333333333336,11.458333333333332,12.5,76.04166666666666,57.291666666666664,18.75
E00060831,77,36,13,23,41,39,2,46.75324675324675,16.883116883116884,29.87012987012987,53.246753246753244,50.649350649350644,2.5974025974025974
E00060832,88,32,12,20,56,49,7,36.36363636363637,13.636363636363635,22.727272727272727,63.63636363636363,55.68181818181818,7.954545454545454
E00060833,120,34,8,26,86,67,19,28.333333333333332,6.666666666666667,21.666666666666668,71.66666666666667,55.833333333333336,15.833333333333332
E00060834,98,33,9,24,65,54,11,33.6734693877551,9.183673469387756,24.489795918367346,66.3265306122449,55.10204081632652,11.224489795918368
E00060835,166,44,13,31,122,105,17,26.506024096385545,7.83132530120482,18.67469879518072,73.49397590361446,63.25301204819277,10.240963855421686
E00060836,96,31,11,20,65,54,11,32.29166666666667,11.458333333333332,20.833333333333336,67.70833333333334,56.25,11.458333333333332
E00060837,109,32,11,21,77,67,10,29.357798165137616,10.091743119266056,19.26605504587156,70.64220183486239,61.46788990825688,9.174311926605505
E00060838,139,31,7,24,108,95,13,22.302158273381295,5.0359712230215825,17.26618705035971,77.6978417266187,68.34532374100719,9.352517985611511
E00060839,132,37,10,27,95,78,17,28.030303030303028,7.575757575757576,20.454545454545457,71.96969696969697,59.09090909090909,12.878787878787879
E00060841,176,36,13,23,140,116,24,20.454545454545457,7.386363636363637,13.068181818181818,79.54545454545455,65.9090909090909,13.636363636363635
E00060842,292,74,24,50,218,186,32,25.34246575342466,8.21917808219178,17.123287671232877,74.65753424657534,63.6986301369863,10.95890410958904
E00060843,104,21,5,16,83,74,9,20.192307692307693,4.807692307692308,15.384615384615385,79.8076923076923,71.15384615384616,8.653846153846153
E00060844,151,47,16,31,104,92,12,31.125827814569533,10.596026490066226,20.52980132450331,68.87417218543047,60.9271523178808,7.9470198675496695
E00060845,139,28,10,18,111,100,11,20.14388489208633,7.1942446043165464,12.949640287769784,79.85611510791367,71.94244604316546,7.913669064748201
E00060846,166,38,9,29,128,109,19,22.89156626506024,5.421686746987952,17.46987951807229,77.10843373493977,65.66265060240963,11.44578313253012
E00060847,122,39,11,28,83,75,8,31.967213114754102,9.01639344262295,22.950819672131146,68.0327868852459,61.47540983606557,6.557377049180328
E00060848,324,85,22,63,239,190,49,26.234567901234566,6.790123456790123,19.444444444444446,73.76543209876543,58.64197530864198,15.123456790123457
E00060849,213,53,13,40,160,138,22,24.88262910798122,6.103286384976526,18.779342723004692,75.11737089201877,64.7887323943662,10.328638497652582
E00060850,170,42,12,30,128,108,20,24.705882352941178,7.0588235294117645,17.647058823529413,75.29411764705883,63.52941176470588,11.76470588235294
E00060851,163,46,14,32,117,94,23,28.22085889570552,8.588957055214724,19.631901840490798,71.77914110429448,57.668711656441715,14.11042944785276
E00060852,144,50,12,38,94,86,8,34.72222222222222,8.333333333333332,26.38888888888889,65.27777777777779,59.72222222222222,5.555555555555555
E00060853,166,37,10,27,129,116,13,22.289156626506024,6.024096385542169,16.265060240963855,77.71084337349397,69.87951807228916,7.83132530120482
E00060854,135,39,14,25,96,85,11,28.888888888888886,10.37037037037037,18.51851851851852,71.11111111111111,62.96296296296296,8.148148148148149
E00060855,97,32,12,20,65,57,8,32.98969072164948,12.371134020618557,20.618556701030926,67.0103092783505,58.76288659793815,8.24742268041237
E00060856,105,37,12,25,68,56,12,35.23809523809524,11.428571428571429,23.809523809523807,64.76190476190476,53.333333333333336,11.428571428571429
E00060857,100,29,6,23,71,62,9,28.999999999999996,6,23,71,62,9
E00060858,60,24,8,16,36,28,8,40,13.333333333333334,26.666666666666668,60,46.666666666666664,13.333333333333334
E00060859,110,39,12,27,71,57,14,35.45454545454545,10.909090909090908,24.545454545454547,64.54545454545455,51.81818181818182,12.727272727272727
E00060860,85,29,10,19,56,46,10,34.11764705882353,11.76470588235294,22.35294117647059,65.88235294117646,54.11764705882353,11.76470588235294
E00060861,95,25,8,17,70,59,11,26.31578947368421,8.421052631578947,17.894736842105264,73.68421052631578,62.10526315789474,11.578947368421053
E00060862,63,13,7,6,50,40,10,20.634920634920633,11.11111111111111,9.523809523809524,79.36507936507937,63.49206349206349,15.873015873015872
E00060863,122,31,7,24,91,72,19,25.40983606557377,5.737704918032787,19.672131147540984,74.59016393442623,59.01639344262295,15.573770491803279
E00060864,310,76,30,46,234,193,41,24.516129032258064,9.67741935483871,14.838709677419354,75.48387096774194,62.25806451612903,13.225806451612904
E00060865,91,58,29,29,33,28,5,63.73626373626373,31.868131868131865,31.868131868131865,36.26373626373626,30.76923076923077,5.4945054945054945
E00060866,86,36,19,17,50,43,7,41.86046511627907,22.093023255813954,19.767441860465116,58.139534883720934,50,8.13953488372093
E00060867,125,64,14,50,61,54,7,51.2,11.200000000000001,40,48.8,43.2,5.6000000000000005
E00060868,127,66,25,41,61,49,12,51.96850393700787,19.68503937007874,32.28346456692913,48.031496062992126,38.582677165354326,9.448818897637794
E00060869,51,17,11,6,34,33,1,33.33333333333333,21.568627450980394,11.76470588235294,66.66666666666666,64.70588235294117,1.9607843137254901
E00060871,39,12,5,7,27,22,5,30.76923076923077,12.82051282051282,17.94871794871795,69.23076923076923,56.41025641025641,12.82051282051282
E00060873,45,15,9,6,30,27,3,33.33333333333333,20,13.333333333333334,66.66666666666666,60,6.666666666666667
E00060874,146,71,25,46,75,66,9,48.63013698630137,17.123287671232877,31.506849315068493,51.369863013698634,45.20547945205479,6.164383561643835
E00060875,90,42,20,22,48,46,2,46.666666666666664,22.22222222222222,24.444444444444443,53.333333333333336,51.11111111111111,2.2222222222222223
E00060877,52,30,15,15,22,22,0,57.692307692307686,28.846153846153843,28.846153846153843,42.30769230769231,42.30769230769231,0
E00060878,67,36,15,21,31,26,5,53.73134328358209,22.388059701492537,31.343283582089555,46.26865671641791,38.80597014925373,7.462686567164178
E00060880,121,40,13,27,81,61,20,33.057851239669425,10.743801652892563,22.31404958677686,66.94214876033058,50.413223140495866,16.528925619834713
E00060881,112,31,9,22,81,67,14,27.67857142857143,8.035714285714286,19.642857142857142,72.32142857142857,59.82142857142857,12.5
E00060882,152,46,19,27,106,84,22,30.263157894736842,12.5,17.763157894736842,69.73684210526315,55.26315789473685,14.473684210526317
E00060883,113,40,17,23,73,64,9,35.39823008849557,15.04424778761062,20.353982300884958,64.60176991150442,56.63716814159292,7.964601769911504
E00060885,108,40,14,26,68,53,15,37.03703703703704,12.962962962962962,24.074074074074073,62.96296296296296,49.074074074074076,13.88888888888889
E00060886,125,40,10,30,85,75,10,32,8,24,68,60,8
E00060887,134,41,15,26,93,76,17,30.597014925373134,11.194029850746269,19.402985074626866,69.40298507462687,56.71641791044776,12.686567164179104
E00060888,72,16,7,9,56,43,13,22.22222222222222,9.722222222222223,12.5,77.77777777777779,59.72222222222222,18.055555555555554
E00060889,146,42,12,30,104,89,15,28.767123287671232,8.21917808219178,20.54794520547945,71.23287671232876,60.95890410958904,10.273972602739725
E00060890,86,21,2,19,65,54,11,24.418604651162788,2.3255813953488373,22.093023255813954,75.5813953488372,62.7906976744186,12.790697674418606
E00060891,164,47,18,29,117,97,20,28.65853658536585,10.975609756097562,17.682926829268293,71.34146341463415,59.14634146341463,12.195121951219512
E00060893,123,34,11,23,89,78,11,27.64227642276423,8.94308943089431,18.69918699186992,72.35772357723577,63.41463414634146,8.94308943089431
E00060894,134,43,12,31,91,84,7,32.08955223880597,8.955223880597014,23.134328358208954,67.91044776119402,62.68656716417911,5.223880597014925
E00060895,148,54,17,37,94,80,14,36.486486486486484,11.486486486486488,25,63.51351351351351,54.054054054054056,9.45945945945946
E00060896,116,37,8,29,79,76,3,31.896551724137932,6.896551724137931,25,68.10344827586206,65.51724137931035,2.586206896551724
E00060897,117,44,18,26,73,65,8,37.60683760683761,15.384615384615385,22.22222222222222,62.39316239316239,55.55555555555556,6.837606837606838
E00060898,53,24,4,20,29,25,4,45.28301886792453,7.547169811320755,37.735849056603776,54.71698113207547,47.16981132075472,7.547169811320755
E00060899,117,42,14,28,75,66,9,35.8974358974359,11.965811965811966,23.931623931623932,64.1025641025641,56.41025641025641,7.6923076923076925
E00060900,135,34,5,29,101,94,7,25.185185185185183,3.7037037037037033,21.48148148148148,74.81481481481481,69.62962962962963,5.185185185185185
E00060901,121,46,13,33,75,68,7,38.01652892561984,10.743801652892563,27.27272727272727,61.98347107438017,56.19834710743802,5.785123966942149
E00060902,109,35,12,23,74,64,10,32.11009174311927,11.009174311926607,21.100917431192663,67.88990825688074,58.71559633027523,9.174311926605505
E00060903,107,54,12,42,53,50,3,50.467289719626166,11.214953271028037,39.25233644859813,49.532710280373834,46.728971962616825,2.803738317757009
E00060904,132,49,16,33,83,77,6,37.121212121212125,12.121212121212121,25,62.878787878787875,58.333333333333336,4.545454545454546
E00060905,81,34,6,28,47,41,6,41.9753086419753,7.4074074074074066,34.5679012345679,58.0246913580247,50.617283950617285,7.4074074074074066
E00060906,31,12,2,10,19,16,3,38.70967741935484,6.451612903225806,32.25806451612903,61.29032258064516,51.61290322580645,9.67741935483871
E00060907,71,23,5,18,48,41,7,32.3943661971831,7.042253521126761,25.352112676056336,67.6056338028169,57.74647887323944,9.859154929577464
E00060908,134,52,17,35,82,74,8,38.80597014925373,12.686567164179104,26.119402985074625,61.19402985074627,55.223880597014926,5.970149253731343
E00060909,76,32,7,25,44,43,1,42.10526315789473,9.210526315789473,32.89473684210527,57.89473684210527,56.57894736842105,1.3157894736842104
E00060910,98,36,13,23,62,55,7,36.734693877551024,13.26530612244898,23.46938775510204,63.26530612244898,56.12244897959183,7.142857142857142
E00060911,87,42,10,32,45,42,3,48.275862068965516,11.494252873563218,36.7816091954023,51.724137931034484,48.275862068965516,3.4482758620689653
E00060912,115,39,14,25,76,69,7,33.91304347826087,12.173913043478262,21.73913043478261,66.08695652173913,60,6.086956521739131
E00060913,88,34,9,25,54,44,10,38.63636363636363,10.227272727272728,28.40909090909091,61.36363636363637,50,11.363636363636363
E00060914,140,67,19,48,73,66,7,47.85714285714286,13.571428571428571,34.285714285714285,52.142857142857146,47.14285714285714,5
E00060915,84,28,6,22,56,50,6,33.33333333333333,7.142857142857142,26.190476190476193,66.66666666666666,59.523809523809526,7.142857142857142
E00060916,123,46,20,26,77,66,11,37.39837398373984,16.260162601626014,21.138211382113823,62.601626016260155,53.65853658536586,8.94308943089431
E00060917,148,37,10,27,111,91,20,25,6.756756756756757,18.243243243243242,75,61.48648648648649,13.513513513513514
E00060918,116,40,11,29,76,62,14,34.48275862068966,9.482758620689655,25,65.51724137931035,53.44827586206896,12.068965517241379
E00060919,150,51,17,34,99,85,14,34,11.333333333333332,22.666666666666664,66,56.666666666666664,9.333333333333334
E00060920,80,17,4,13,63,53,10,21.25,5,16.25,78.75,66.25,12.5
E00060921,138,45,9,36,93,81,12,32.608695652173914,6.521739130434782,26.08695652173913,67.3913043478261,58.69565217391305,8.695652173913043
E00060922,135,48,15,33,87,79,8,35.55555555555556,11.11111111111111,24.444444444444443,64.44444444444444,58.51851851851851,5.9259259259259265
E00060923,238,72,29,43,166,144,22,30.252100840336134,12.184873949579831,18.067226890756302,69.74789915966386,60.50420168067227,9.243697478991598
E00060924,205,75,30,45,130,110,20,36.58536585365854,14.634146341463413,21.951219512195124,63.41463414634146,53.65853658536586,9.75609756097561
E00060925,100,45,15,30,55,49,6,45,15,30,55.00000000000001,49,6
E00060926,90,41,10,31,49,44,5,45.55555555555556,11.11111111111111,34.44444444444444,54.44444444444444,48.888888888888886,5.555555555555555
E00060927,118,40,13,27,78,69,9,33.89830508474576,11.016949152542372,22.88135593220339,66.10169491525424,58.47457627118644,7.627118644067797
E00060928,115,33,9,24,82,70,12,28.695652173913043,7.82608695652174,20.869565217391305,71.30434782608695,60.86956521739131,10.434782608695652
E00060929,142,55,17,38,87,76,11,38.732394366197184,11.971830985915492,26.76056338028169,61.267605633802816,53.52112676056338,7.746478873239436
E00060930,106,41,11,30,65,60,5,38.67924528301887,10.377358490566039,28.30188679245283,61.32075471698113,56.60377358490566,4.716981132075472
E00060931,112,32,9,23,80,76,4,28.57142857142857,8.035714285714286,20.535714285714285,71.42857142857143,67.85714285714286,3.571428571428571
E00060932,133,48,11,37,85,73,12,36.09022556390977,8.270676691729323,27.819548872180448,63.90977443609023,54.88721804511278,9.022556390977442
E00060933,110,29,9,20,81,72,9,26.36363636363636,8.181818181818182,18.181818181818183,73.63636363636363,65.45454545454545,8.181818181818182
E00060934,70,20,7,13,50,46,4,28.57142857142857,10,18.571428571428573,71.42857142857143,65.71428571428571,5.714285714285714
E00060935,117,43,16,27,74,65,9,36.75213675213676,13.675213675213676,23.076923076923077,63.24786324786324,55.55555555555556,7.6923076923076925
E00060936,124,47,8,39,77,66,11,37.903225806451616,6.451612903225806,31.451612903225808,62.096774193548384,53.2258064516129,8.870967741935484
E00060937,146,58,17,41,88,83,5,39.726027397260275,11.643835616438356,28.08219178082192,60.273972602739725,56.849315068493155,3.4246575342465753
E00060938,133,48,12,36,85,78,7,36.09022556390977,9.022556390977442,27.06766917293233,63.90977443609023,58.64661654135338,5.263157894736842
E00060939,101,34,10,24,67,58,9,33.663366336633665,9.900990099009901,23.762376237623762,66.33663366336634,57.42574257425742,8.91089108910891
E00060940,135,68,23,45,67,60,7,50.37037037037037,17.037037037037038,33.33333333333333,49.629629629629626,44.44444444444444,5.185185185185185
E00060941,97,42,9,33,55,47,8,43.29896907216495,9.278350515463918,34.02061855670103,56.70103092783505,48.45360824742268,8.24742268041237
E00060942,121,44,13,31,77,72,5,36.36363636363637,10.743801652892563,25.6198347107438,63.63636363636363,59.50413223140496,4.132231404958678
E00060943,102,49,13,36,53,48,5,48.03921568627451,12.745098039215685,35.294117647058826,51.9607843137255,47.05882352941176,4.901960784313726
E00060944,105,40,12,28,65,50,15,38.095238095238095,11.428571428571429,26.666666666666668,61.904761904761905,47.61904761904761,14.285714285714285
E00060945,99,37,11,26,62,57,5,37.37373737373738,11.11111111111111,26.262626262626267,62.62626262626263,57.57575757575758,5.05050505050505
E00060946,94,43,10,33,51,48,3,45.744680851063826,10.638297872340425,35.1063829787234,54.25531914893617,51.06382978723404,3.1914893617021276
E00060947,128,41,11,30,87,79,8,32.03125,8.59375,23.4375,67.96875,61.71875,6.25
E00060948,108,51,9,42,57,53,4,47.22222222222222,8.333333333333332,38.88888888888889,52.77777777777778,49.074074074074076,3.7037037037037033
E00060949,107,40,12,28,67,57,10,37.38317757009346,11.214953271028037,26.168224299065418,62.616822429906534,53.271028037383175,9.345794392523365
E00060950,83,38,14,24,45,38,7,45.78313253012048,16.867469879518072,28.915662650602407,54.21686746987952,45.78313253012048,8.433734939759036
E00060951,62,20,5,15,42,37,5,32.25806451612903,8.064516129032258,24.193548387096776,67.74193548387096,59.67741935483871,8.064516129032258
E00060952,122,45,10,35,77,71,6,36.885245901639344,8.19672131147541,28.688524590163933,63.114754098360656,58.19672131147541,4.918032786885246
E00060953,130,40,8,32,90,83,7,30.76923076923077,6.153846153846154,24.615384615384617,69.23076923076923,63.84615384615384,5.384615384615385
E00060954,94,37,8,29,57,53,4,39.361702127659576,8.51063829787234,30.851063829787233,60.63829787234043,56.38297872340425,4.25531914893617
E00060955,119,49,16,33,70,62,8,41.17647058823529,13.445378151260504,27.73109243697479,58.82352941176471,52.10084033613446,6.722689075630252
E00060956,84,29,11,18,55,47,8,34.523809523809526,13.095238095238097,21.428571428571427,65.47619047619048,55.952380952380956,9.523809523809524
E00060957,140,50,13,37,90,78,12,35.714285714285715,9.285714285714286,26.42857142857143,64.28571428571429,55.714285714285715,8.571428571428571
E00060958,251,69,24,45,182,153,29,27.490039840637447,9.56175298804781,17.928286852589643,72.50996015936255,60.95617529880478,11.553784860557768
E00060959,137,41,10,31,96,80,16,29.927007299270077,7.2992700729927,22.62773722627737,70.07299270072993,58.3941605839416,11.678832116788321
E00060960,100,29,9,20,71,58,13,28.999999999999996,9,20,71,57.99999999999999,13
E00060961,132,43,17,26,89,75,14,32.57575757575758,12.878787878787879,19.696969696969695,67.42424242424242,56.81818181818182,10.606060606060606
E00060962,115,38,7,31,77,64,13,33.04347826086956,6.086956521739131,26.956521739130434,66.95652173913044,55.65217391304348,11.304347826086957
E00060965,91,42,12,30,49,43,6,46.15384615384615,13.186813186813188,32.967032967032964,53.84615384615385,47.25274725274725,6.593406593406594
E00060966,76,26,11,15,50,44,6,34.21052631578947,14.473684210526317,19.736842105263158,65.78947368421053,57.89473684210527,7.894736842105263
E00060967,248,77,28,49,171,156,15,31.048387096774192,11.29032258064516,19.758064516129032,68.95161290322581,62.903225806451616,6.048387096774194
E00060968,114,42,11,31,72,65,7,36.84210526315789,9.649122807017543,27.192982456140353,63.1578947368421,57.01754385964912,6.140350877192982
E00060969,99,49,12,37,50,43,7,49.494949494949495,12.121212121212121,37.37373737373738,50.505050505050505,43.43434343434344,7.07070707070707
E00060970,104,47,7,40,57,53,4,45.19230769230769,6.730769230769231,38.46153846153847,54.807692307692314,50.96153846153846,3.8461538461538463
E00060971,172,64,15,49,108,96,12,37.2093023255814,8.720930232558139,28.488372093023255,62.7906976744186,55.81395348837209,6.976744186046512
E00060972,106,38,11,27,68,56,12,35.84905660377358,10.377358490566039,25.471698113207548,64.15094339622641,52.83018867924528,11.320754716981133
E00060973,74,30,11,19,44,39,5,40.54054054054054,14.864864864864865,25.675675675675674,59.45945945945946,52.702702702702695,6.756756756756757
E00060974,77,31,10,21,46,39,7,40.25974025974026,12.987012987012985,27.27272727272727,59.74025974025974,50.649350649350644,9.090909090909092
E00060975,83,32,8,24,51,41,10,38.55421686746988,9.63855421686747,28.915662650602407,61.44578313253012,49.39759036144578,12.048192771084338
E00060976,98,39,7,32,59,52,7,39.795918367346935,7.142857142857142,32.6530612244898,60.204081632653065,53.06122448979592,7.142857142857142
E00060977,24,12,5,7,12,9,3,50,20.833333333333336,29.166666666666668,50,37.5,12.5
E00060978,83,34,12,22,49,47,2,40.963855421686745,14.457831325301203,26.506024096385545,59.036144578313255,56.62650602409639,2.4096385542168677
E00060979,127,44,11,33,83,71,12,34.645669291338585,8.661417322834646,25.984251968503933,65.35433070866141,55.90551181102362,9.448818897637794
E00060981,125,42,8,34,83,82,1,33.6,6.4,27.200000000000003,66.4,65.60000000000001,0.8
E00060982,123,48,10,38,75,67,8,39.02439024390244,8.130081300813007,30.89430894308943,60.97560975609756,54.47154471544715,6.504065040650407
E00060983,112,38,6,32,74,67,7,33.92857142857143,5.357142857142857,28.57142857142857,66.07142857142857,59.82142857142857,6.25
E00060984,140,56,20,36,84,72,12,40,14.285714285714285,25.71428571428571,60,51.42857142857142,8.571428571428571
E00060986,82,44,19,25,38,33,5,53.65853658536586,23.170731707317074,30.48780487804878,46.34146341463415,40.243902439024396,6.097560975609756
E00060987,92,50,13,37,42,42,0,54.347826086956516,14.130434782608695,40.21739130434783,45.65217391304348,45.65217391304348,0
E00060988,137,71,23,48,66,63,3,51.82481751824818,16.78832116788321,35.03649635036496,48.175182481751825,45.98540145985402,2.18978102189781
E00060989,125,75,27,48,50,50,0,60,21.6,38.4,40,40,0
E00060990,146,80,25,55,66,55,11,54.794520547945204,17.123287671232877,37.67123287671233,45.20547945205479,37.67123287671233,7.534246575342466
E00060991,94,52,17,35,42,38,4,55.319148936170215,18.085106382978726,37.234042553191486,44.680851063829785,40.42553191489361,4.25531914893617
E00060992,137,63,23,40,74,61,13,45.98540145985402,16.78832116788321,29.1970802919708,54.01459854014598,44.52554744525548,9.48905109489051
E00060993,128,72,18,54,56,48,8,56.25,14.0625,42.1875,43.75,37.5,6.25
E00060995,116,41,12,29,75,63,12,35.3448275862069,10.344827586206897,25,64.65517241379311,54.310344827586206,10.344827586206897
E00060997,137,73,25,48,64,56,8,53.284671532846716,18.248175182481752,35.03649635036496,46.715328467153284,40.87591240875913,5.839416058394161
E00060998,169,69,20,49,100,85,15,40.828402366863905,11.834319526627219,28.994082840236686,59.171597633136095,50.29585798816568,8.875739644970414
E00165819,148,44,15,29,104,82,22,29.72972972972973,10.135135135135135,19.594594594594593,70.27027027027027,55.4054054054054,14.864864864864865
E00174106,178,58,11,47,120,103,17,32.58426966292135,6.179775280898876,26.40449438202247,67.41573033707866,57.865168539325836,9.550561797752808
E00174107,110,34,7,27,76,61,15,30.909090909090907,6.363636363636363,24.545454545454547,69.0909090909091,55.45454545454545,13.636363636363635
E00174108,120,63,12,51,57,52,5,52.5,10,42.5,47.5,43.333333333333336,4.166666666666666
E00174109,118,39,12,27,79,67,12,33.05084745762712,10.16949152542373,22.88135593220339,66.94915254237289,56.779661016949156,10.16949152542373
E00174110,29,14,6,8,15,12,3,48.275862068965516,20.689655172413794,27.586206896551722,51.724137931034484,41.37931034482759,10.344827586206897
E00174111,99,65,26,39,34,31,3,65.65656565656566,26.262626262626267,39.39393939393939,34.34343434343434,31.313131313131315,3.0303030303030303
E00174112,110,70,31,39,40,34,6,63.63636363636363,28.18181818181818,35.45454545454545,36.36363636363637,30.909090909090907,5.454545454545454
E00174113,136,55,14,41,81,69,12,40.44117647058824,10.294117647058822,30.14705882352941,59.55882352941176,50.73529411764706,8.823529411764707
E00174114,199,56,9,47,143,130,13,28.14070351758794,4.522613065326634,23.618090452261306,71.85929648241206,65.32663316582915,6.532663316582915
E00174115,106,33,13,20,73,67,6,31.132075471698112,12.264150943396226,18.867924528301888,68.86792452830188,63.20754716981132,5.660377358490567
E00174116,45,14,4,10,31,28,3,31.11111111111111,8.88888888888889,22.22222222222222,68.88888888888889,62.22222222222222,6.666666666666667
E00174117,58,10,5,5,48,43,5,17.24137931034483,8.620689655172415,8.620689655172415,82.75862068965517,74.13793103448276,8.620689655172415
E00174118,78,18,13,5,60,52,8,23.076923076923077,16.666666666666664,6.41025641025641,76.92307692307693,66.66666666666666,10.256410256410255
E00174119,82,53,30,23,29,27,2,64.63414634146342,36.58536585365854,28.04878048780488,35.36585365853659,32.926829268292686,2.4390243902439024
E00188176,162,33,9,24,129,100,29,20.37037037037037,5.555555555555555,14.814814814814813,79.62962962962963,61.72839506172839,17.901234567901234
E00188190,191,19,4,15,172,158,14,9.947643979057592,2.094240837696335,7.853403141361256,90.0523560209424,82.72251308900523,7.329842931937172
E00188194,184,43,17,26,141,120,21,23.369565217391305,9.239130434782608,14.130434782608695,76.63043478260869,65.21739130434783,11.41304347826087
E00188195,213,36,11,25,177,147,30,16.901408450704224,5.164319248826291,11.737089201877934,83.09859154929578,69.01408450704226,14.084507042253522
E00188196,167,47,16,31,120,90,30,28.143712574850298,9.580838323353294,18.562874251497004,71.8562874251497,53.89221556886228,17.964071856287426
E00188200,161,38,14,24,123,97,26,23.60248447204969,8.695652173913043,14.906832298136646,76.3975155279503,60.24844720496895,16.149068322981368
E00188211,242,42,11,31,200,174,26,17.355371900826448,4.545454545454546,12.8099173553719,82.64462809917356,71.900826446281,10.743801652892563
E00188215,216,38,9,29,178,151,27,17.59259259259259,4.166666666666666,13.425925925925927,82.4074074074074,69.9074074074074,12.5
E00188218,152,53,16,37,99,90,9,34.868421052631575,10.526315789473683,24.342105263157894,65.13157894736842,59.210526315789465,5.921052631578947
E00188220,126,56,22,34,70,65,5,44.44444444444444,17.46031746031746,26.984126984126984,55.55555555555556,51.587301587301596,3.968253968253968
E00188221,221,43,9,34,178,159,19,19.457013574660635,4.072398190045249,15.384615384615385,80.54298642533936,71.94570135746606,8.597285067873303
E00188224,155,48,16,32,107,98,9,30.967741935483872,10.32258064516129,20.64516129032258,69.03225806451613,63.2258064516129,5.806451612903226
E00188234,183,51,15,36,132,118,14,27.86885245901639,8.19672131147541,19.672131147540984,72.1311475409836,64.48087431693989,7.650273224043716
E00188237,227,49,15,34,178,154,24,21.58590308370044,6.607929515418502,14.977973568281937,78.41409691629956,67.84140969162996,10.572687224669604
E00188239,137,47,15,32,90,79,11,34.306569343065696,10.948905109489052,23.357664233576642,65.69343065693431,57.66423357664233,8.02919708029197
E00188240,216,55,17,38,161,139,22,25.462962962962965,7.87037037037037,17.59259259259259,74.53703703703704,64.35185185185185,10.185185185185185
E00188241,142,56,12,44,86,79,7,39.436619718309856,8.450704225352112,30.985915492957744,60.56338028169014,55.633802816901415,4.929577464788732
E00188245,240,29,7,22,211,175,36,12.083333333333334,2.9166666666666665,9.166666666666666,87.91666666666667,72.91666666666666,15
E00188249,109,22,7,15,87,71,16,20.18348623853211,6.422018348623854,13.761467889908257,79.81651376146789,65.13761467889908,14.678899082568808
E00188254,129,13,3,10,116,106,10,10.077519379844961,2.3255813953488373,7.751937984496124,89.92248062015504,82.17054263565892,7.751937984496124
E00188258,168,24,4,20,144,134,10,14.285714285714285,2.380952380952381,11.904761904761903,85.71428571428571,79.76190476190477,5.952380952380952
E00188265,92,23,11,12,69,63,6,25,11.956521739130435,13.043478260869565,75,68.47826086956522,6.521739130434782
E00188275,204,39,9,30,165,142,23,19.11764705882353,4.411764705882353,14.705882352941178,80.88235294117648,69.6078431372549,11.27450980392157
E00188277,167,34,10,24,133,121,12,20.359281437125748,5.9880239520958085,14.37125748502994,79.64071856287424,72.45508982035929,7.18562874251497
E00188281,203,41,9,32,162,128,34,20.19704433497537,4.433497536945813,15.763546798029557,79.80295566502463,63.05418719211823,16.748768472906402
E00188282,115,59,21,38,56,54,2,51.30434782608696,18.26086956521739,33.04347826086956,48.69565217391305,46.95652173913044,1.7391304347826086
E00188286,119,38,10,28,81,64,17,31.932773109243694,8.403361344537815,23.52941176470588,68.0672268907563,53.78151260504202,14.285714285714285
E00188293,240,40,15,25,200,167,33,16.666666666666664,6.25,10.416666666666668,83.33333333333334,69.58333333333333,13.750000000000002
E00188312,151,53,12,41,98,80,18,35.099337748344375,7.9470198675496695,27.1523178807947,64.90066225165563,52.980132450331126,11.920529801324504
E00188316,187,47,16,31,140,112,28,25.13368983957219,8.55614973262032,16.577540106951872,74.8663101604278,59.893048128342244,14.973262032085561
E00188319,217,52,18,34,165,141,24,23.963133640552993,8.294930875576037,15.668202764976957,76.036866359447,64.97695852534562,11.059907834101383
E00188331,94,30,7,23,64,51,13,31.914893617021278,7.446808510638298,24.46808510638298,68.08510638297872,54.25531914893617,13.829787234042554
