OA,ts0380001,ts0380002,ts0380003,ts0380004,ts0380005,ts0380006,ts0380007,ts0380002_PCT,ts0380003_PCT,ts0380004_PCT,ts0380005_PCT,ts0380006_PCT,ts0380007_PCT
E00021141,326,96,60,36,230,13,217,29.447852760736197,18.404907975460123,11.042944785276074,70.5521472392638,3.9877300613496933,66.56441717791411
E00021143,399,76,29,47,323,14,309,19.047619047619047,7.268170426065162,11.779448621553884,80.95238095238095,3.508771929824561,77.44360902255639
E00021145,258,57,26,31,201,13,188,22.093023255813954,10.077519379844961,12.015503875968992,77.90697674418605,5.038759689922481,72.86821705426357
E00021146,454,59,16,43,395,37,358,12.995594713656388,3.524229074889868,9.47136563876652,87.00440528634361,8.149779735682818,78.8546255506608
E00021147,210,38,20,18,172,11,161,18.095238095238095,9.523809523809524,8.571428571428571,81.9047619047619,5.238095238095238,76.66666666666667
E00021148,289,56,28,28,233,19,214,19.377162629757784,9.688581314878892,9.688581314878892,80.62283737024222,6.5743944636678195,74.0484429065744
E00021149,306,45,20,25,261,15,246,14.705882352941178,6.535947712418301,8.169934640522875,85.29411764705883,4.901960784313726,80.3921568627451
E00021150,301,41,18,23,260,17,243,13.621262458471762,5.980066445182724,7.641196013289036,86.37873754152824,5.647840531561462,80.73089700996677
E00021151,379,61,31,30,318,22,296,16.094986807387862,8.179419525065963,7.9155672823219,83.90501319261213,5.804749340369393,78.10026385224275
E00021152,389,69,36,33,320,14,306,17.737789203084834,9.254498714652955,8.483290488431876,82.26221079691517,3.5989717223650386,78.66323907455013
E00021153,285,25,3,22,260,29,231,8.771929824561402,1.0526315789473684,7.719298245614035,91.22807017543859,10.175438596491228,81.05263157894737
E00021154,475,81,44,37,394,25,369,17.05263157894737,9.263157894736842,7.7894736842105265,82.94736842105263,5.263157894736842,77.6842105263158
E00021155,288,30,6,24,258,26,232,10.416666666666668,2.083333333333333,8.333333333333332,89.58333333333334,9.027777777777777,80.55555555555556
E00021156,259,54,27,27,205,11,194,20.84942084942085,10.424710424710424,10.424710424710424,79.15057915057915,4.247104247104247,74.9034749034749
E00021157,309,42,18,24,267,12,255,13.592233009708737,5.825242718446602,7.766990291262135,86.40776699029125,3.8834951456310676,82.52427184466019
E00021158,315,57,29,28,258,7,251,18.095238095238095,9.206349206349207,8.88888888888889,81.9047619047619,2.2222222222222223,79.68253968253968
E00021159,610,115,57,58,495,28,467,18.852459016393443,9.344262295081968,9.508196721311474,81.14754098360656,4.590163934426229,76.55737704918033
E00021160,287,51,19,32,236,13,223,17.770034843205575,6.620209059233449,11.149825783972126,82.22996515679442,4.529616724738676,77.70034843205575
E00021161,426,57,24,33,369,23,346,13.380281690140844,5.633802816901409,7.746478873239436,86.61971830985915,5.39906103286385,81.2206572769953
E00021162,320,59,29,30,261,8,253,18.4375,9.0625,9.375,81.5625,2.5,79.0625
E00021163,474,87,50,37,387,22,365,18.354430379746837,10.548523206751055,7.805907172995781,81.64556962025317,4.641350210970464,77.0042194092827
E00021164,394,52,23,29,342,14,328,13.19796954314721,5.83756345177665,7.3604060913705585,86.80203045685279,3.5532994923857872,83.24873096446701
E00021165,388,69,37,32,319,12,307,17.783505154639176,9.536082474226804,8.24742268041237,82.21649484536083,3.0927835051546393,79.12371134020619
E00021166,396,48,23,25,348,19,329,12.121212121212121,5.808080808080808,6.313131313131313,87.87878787878788,4.797979797979798,83.08080808080808
E00021167,360,54,23,31,306,21,285,15,6.388888888888888,8.61111111111111,85,5.833333333333333,79.16666666666666
E00021168,339,32,4,28,307,27,280,9.43952802359882,1.1799410029498525,8.259587020648967,90.56047197640117,7.964601769911504,82.59587020648968
E00021169,454,44,17,27,410,27,383,9.691629955947137,3.7444933920704844,5.947136563876652,90.30837004405286,5.947136563876652,84.36123348017621
E00021170,461,62,36,26,399,14,385,13.449023861171366,7.809110629067245,5.639913232104121,86.55097613882863,3.036876355748373,83.51409978308027
E00021172,268,56,21,35,212,14,198,20.8955223880597,7.835820895522389,13.059701492537313,79.1044776119403,5.223880597014925,73.88059701492537
E00021173,436,69,26,43,367,19,348,15.825688073394495,5.963302752293578,9.862385321100918,84.17431192660551,4.3577981651376145,79.81651376146789
E00021174,206,18,4,14,188,16,172,8.737864077669903,1.9417475728155338,6.796116504854369,91.2621359223301,7.766990291262135,83.49514563106796
E00021175,379,39,10,29,340,21,319,10.29023746701847,2.638522427440633,7.651715039577836,89.70976253298153,5.540897097625329,84.1688654353562
E00021176,441,74,37,37,367,15,352,16.780045351473923,8.390022675736962,8.390022675736962,83.21995464852607,3.4013605442176873,79.81859410430839
E00021177,418,70,29,41,348,11,337,16.74641148325359,6.937799043062201,9.808612440191387,83.25358851674642,2.631578947368421,80.622009569378
E00021179,302,40,14,26,262,14,248,13.245033112582782,4.635761589403973,8.609271523178808,86.75496688741721,4.635761589403973,82.11920529801324
E00021180,461,63,30,33,398,19,379,13.665943600867678,6.507592190889371,7.158351409978309,86.33405639913232,4.121475054229935,82.21258134490239
E00021181,246,36,10,26,210,13,197,14.634146341463413,4.0650406504065035,10.569105691056912,85.36585365853658,5.284552845528456,80.08130081300813
E00021182,412,37,10,27,375,22,353,8.980582524271846,2.4271844660194173,6.553398058252427,91.01941747572816,5.339805825242718,85.67961165048543
E00021183,257,34,4,30,223,13,210,13.229571984435799,1.556420233463035,11.673151750972762,86.7704280155642,5.058365758754864,81.71206225680933
E00021184,146,20,7,13,126,8,118,13.698630136986301,4.794520547945205,8.904109589041095,86.3013698630137,5.47945205479452,80.82191780821918
E00021185,324,51,16,35,273,18,255,15.74074074074074,4.938271604938271,10.802469135802468,84.25925925925925,5.555555555555555,78.70370370370371
E00021186,457,88,58,30,369,12,357,19.25601750547046,12.691466083150985,6.564551422319474,80.74398249452955,2.62582056892779,78.11816192560175
E00021187,332,36,20,16,296,11,285,10.843373493975903,6.024096385542169,4.819277108433735,89.1566265060241,3.313253012048193,85.8433734939759
E00021188,257,67,32,35,190,8,182,26.07003891050584,12.45136186770428,13.618677042801556,73.92996108949417,3.11284046692607,70.8171206225681
E00021189,367,54,32,22,313,7,306,14.713896457765669,8.71934604904632,5.994550408719346,85.28610354223434,1.9073569482288828,83.37874659400545
E00021190,534,53,25,28,481,31,450,9.925093632958802,4.681647940074907,5.2434456928838955,90.0749063670412,5.805243445692884,84.26966292134831
E00021191,350,38,18,20,312,17,295,10.857142857142858,5.142857142857142,5.714285714285714,89.14285714285714,4.857142857142857,84.28571428571429
E00021192,343,46,28,18,297,13,284,13.411078717201166,8.16326530612245,5.247813411078718,86.58892128279884,3.7900874635568513,82.79883381924198
E00021193,325,19,3,16,306,16,290,5.846153846153846,0.9230769230769231,4.923076923076923,94.15384615384616,4.923076923076923,89.23076923076924
E00021194,536,81,42,39,455,13,442,15.111940298507461,7.835820895522389,7.276119402985075,84.88805970149254,2.425373134328358,82.46268656716418
E00021195,347,43,24,19,304,15,289,12.39193083573487,6.9164265129683,5.475504322766571,87.60806916426513,4.322766570605188,83.28530259365994
E00021196,374,60,27,33,314,10,304,16.042780748663102,7.219251336898395,8.823529411764707,83.9572192513369,2.6737967914438503,81.28342245989305
E00021198,374,56,32,24,318,8,310,14.973262032085561,8.55614973262032,6.417112299465241,85.02673796791443,2.13903743315508,82.88770053475936
E00021199,249,35,23,12,214,5,209,14.056224899598394,9.236947791164658,4.819277108433735,85.94377510040161,2.0080321285140563,83.93574297188755
E00021200,329,43,25,18,286,13,273,13.069908814589665,7.598784194528875,5.47112462006079,86.93009118541033,3.951367781155015,82.97872340425532
E00021201,311,50,20,30,261,15,246,16.077170418006432,6.430868167202572,9.646302250803858,83.92282958199357,4.823151125401929,79.09967845659163
E00021202,304,39,19,20,265,17,248,12.828947368421053,6.25,6.578947368421052,87.17105263157895,5.592105263157895,81.57894736842105
E00021203,396,59,25,34,337,19,318,14.898989898989898,6.313131313131313,8.585858585858585,85.1010101010101,4.797979797979798,80.3030303030303
E00021204,500,79,36,43,421,23,398,15.8,7.199999999999999,8.6,84.2,4.6,79.60000000000001
E00021205,216,30,12,18,186,6,180,13.88888888888889,5.555555555555555,8.333333333333332,86.11111111111111,2.7777777777777777,83.33333333333334
E00021206,228,39,19,20,189,4,185,17.105263157894736,8.333333333333332,8.771929824561402,82.89473684210526,1.7543859649122806,81.14035087719299
E00021207,213,36,12,24,177,17,160,16.901408450704224,5.633802816901409,11.267605633802818,83.09859154929578,7.981220657276995,75.11737089201877
E00021208,313,44,27,17,269,12,257,14.057507987220447,8.626198083067091,5.431309904153355,85.94249201277955,3.8338658146964857,82.10862619808307
E00021209,232,35,14,21,197,6,191,15.086206896551724,6.0344827586206895,9.051724137931034,84.91379310344827,2.586206896551724,82.32758620689656
E00021210,263,48,29,19,215,12,203,18.250950570342205,11.02661596958175,7.224334600760455,81.74904942965779,4.562737642585551,77.18631178707224
E00021211,351,46,20,26,305,15,290,13.105413105413104,5.698005698005698,7.4074074074074066,86.8945868945869,4.273504273504273,82.62108262108262
E00021212,255,33,15,18,222,9,213,12.941176470588237,5.88235294117647,7.0588235294117645,87.05882352941177,3.5294117647058822,83.52941176470588
E00021213,396,63,31,32,333,12,321,15.909090909090908,7.828282828282829,8.080808080808081,84.0909090909091,3.0303030303030303,81.06060606060606
E00021214,532,54,16,38,478,26,452,10.150375939849624,3.007518796992481,7.142857142857142,89.84962406015038,4.887218045112782,84.9624060150376
E00021215,470,55,12,43,415,19,396,11.702127659574469,2.553191489361702,9.148936170212766,88.29787234042553,4.042553191489362,84.25531914893617
E00021216,298,88,45,43,210,10,200,29.53020134228188,15.100671140939598,14.429530201342283,70.46979865771812,3.3557046979865772,67.11409395973155
E00021218,532,54,19,35,478,34,444,10.150375939849624,3.571428571428571,6.578947368421052,89.84962406015038,6.390977443609022,83.45864661654136
E00021219,303,54,30,24,249,17,232,17.82178217821782,9.900990099009901,7.920792079207921,82.17821782178217,5.6105610561056105,76.56765676567657
E00021220,389,32,6,26,357,16,341,8.226221079691516,1.5424164524421593,6.683804627249357,91.77377892030847,4.113110539845758,87.66066838046272
E00021223,479,42,17,25,437,13,424,8.768267223382047,3.549060542797495,5.219206680584551,91.23173277661796,2.7139874739039667,88.51774530271399
E00021224,487,69,28,41,418,17,401,14.168377823408623,5.749486652977413,8.41889117043121,85.83162217659137,3.4907597535934287,82.34086242299796
E00021225,380,52,16,36,328,18,310,13.684210526315791,4.2105263157894735,9.473684210526317,86.31578947368422,4.736842105263158,81.57894736842105
E00021227,295,40,17,23,255,14,241,13.559322033898304,5.762711864406779,7.796610169491526,86.4406779661017,4.745762711864407,81.69491525423729
E00021228,406,62,29,33,344,15,329,15.270935960591133,7.142857142857142,8.12807881773399,84.72906403940887,3.6945812807881775,81.03448275862068
E00021229,451,70,34,36,381,19,362,15.521064301552107,7.5388026607538805,7.982261640798225,84.4789356984479,4.212860310421286,80.26607538802661
E00021230,287,41,21,20,246,13,233,14.285714285714285,7.317073170731707,6.968641114982578,85.71428571428571,4.529616724738676,81.18466898954703
E00021231,230,58,29,29,172,7,165,25.217391304347824,12.608695652173912,12.608695652173912,74.78260869565217,3.0434782608695654,71.73913043478261
E00021235,168,16,8,8,152,7,145,9.523809523809524,4.761904761904762,4.761904761904762,90.47619047619048,4.166666666666666,86.30952380952381
E00021236,499,59,21,38,440,19,421,11.823647294589177,4.208416833667335,7.615230460921844,88.17635270541082,3.807615230460922,84.3687374749499
E00021239,502,44,16,28,458,15,443,8.764940239043826,3.187250996015936,5.577689243027888,91.23505976095618,2.9880478087649402,88.24701195219123
E00021240,387,26,10,16,361,18,343,6.718346253229974,2.5839793281653747,4.1343669250646,93.28165374677002,4.651162790697675,88.63049095607235
E00021241,262,18,7,11,244,7,237,6.870229007633588,2.6717557251908395,4.198473282442748,93.12977099236642,2.6717557251908395,90.45801526717557
E00021243,404,51,27,24,353,13,340,12.623762376237623,6.683168316831684,5.9405940594059405,87.37623762376238,3.217821782178218,84.15841584158416
E00021244,347,70,28,42,277,15,262,20.172910662824208,8.069164265129682,12.103746397694524,79.82708933717579,4.322766570605188,75.50432276657061
E00021245,273,42,14,28,231,14,217,15.384615384615385,5.128205128205128,10.256410256410255,84.61538461538461,5.128205128205128,79.48717948717949
E00021246,443,76,35,41,367,19,348,17.155756207674944,7.900677200902935,9.255079006772009,82.84424379232506,4.288939051918736,78.55530474040631
E00021247,393,63,29,34,330,19,311,16.030534351145036,7.37913486005089,8.651399491094146,83.96946564885496,4.8346055979643765,79.13486005089058
E00021248,376,49,19,30,327,11,316,13.031914893617023,5.053191489361701,7.9787234042553195,86.96808510638297,2.925531914893617,84.04255319148936
E00021249,191,30,20,10,161,6,155,15.706806282722512,10.471204188481675,5.2356020942408374,84.29319371727748,3.1413612565445024,81.15183246073299
E00021251,306,42,21,21,264,11,253,13.725490196078432,6.862745098039216,6.862745098039216,86.27450980392157,3.594771241830065,82.6797385620915
E00021252,265,25,5,20,240,12,228,9.433962264150944,1.8867924528301887,7.547169811320755,90.56603773584906,4.528301886792453,86.0377358490566
E00021253,319,63,29,34,256,13,243,19.74921630094044,9.090909090909092,10.658307210031348,80.25078369905955,4.075235109717868,76.17554858934169
E00021254,232,18,6,12,214,11,203,7.758620689655173,2.586206896551724,5.172413793103448,92.24137931034483,4.741379310344827,87.5
E00021255,243,20,2,18,223,16,207,8.23045267489712,0.823045267489712,7.4074074074074066,91.76954732510289,6.584362139917696,85.18518518518519
E00021256,228,20,5,15,208,14,194,8.771929824561402,2.1929824561403506,6.578947368421052,91.22807017543859,6.140350877192982,85.08771929824562
E00021257,229,22,10,12,207,14,193,9.606986899563319,4.366812227074235,5.240174672489083,90.39301310043668,6.11353711790393,84.27947598253274
E00021258,439,77,42,35,362,14,348,17.539863325740317,9.567198177676538,7.972665148063782,82.46013667425967,3.189066059225513,79.27107061503416
E00021259,508,74,36,38,434,28,406,14.566929133858267,7.086614173228346,7.480314960629922,85.43307086614173,5.511811023622047,79.92125984251969
E00021260,356,70,30,40,286,19,267,19.662921348314608,8.426966292134832,11.235955056179774,80.33707865168539,5.337078651685393,75
E00021261,276,40,20,20,236,11,225,14.492753623188406,7.246376811594203,7.246376811594203,85.5072463768116,3.985507246376811,81.52173913043478
E00021262,306,39,15,24,267,14,253,12.745098039215685,4.901960784313726,7.8431372549019605,87.25490196078431,4.57516339869281,82.6797385620915
E00021263,334,40,14,26,294,24,270,11.976047904191617,4.191616766467066,7.784431137724551,88.02395209580838,7.18562874251497,80.83832335329342
E00021266,236,30,15,15,206,16,190,12.711864406779661,6.3559322033898304,6.3559322033898304,87.28813559322035,6.779661016949152,80.50847457627118
E00021267,340,52,24,28,288,16,272,15.294117647058824,7.0588235294117645,8.235294117647058,84.70588235294117,4.705882352941177,80
E00021268,330,39,16,23,291,30,261,11.818181818181818,4.848484848484849,6.969696969696971,88.18181818181819,9.090909090909092,79.0909090909091
E00021271,425,91,47,44,334,22,312,21.41176470588235,11.058823529411764,10.352941176470589,78.58823529411765,5.176470588235294,73.41176470588235
E00021272,232,38,15,23,194,9,185,16.379310344827587,6.4655172413793105,9.913793103448276,83.62068965517241,3.8793103448275863,79.74137931034483
E00021273,325,83,49,34,242,20,222,25.538461538461537,15.076923076923077,10.461538461538462,74.46153846153845,6.153846153846154,68.3076923076923
E00021274,568,120,58,62,448,20,428,21.12676056338028,10.211267605633804,10.915492957746478,78.87323943661971,3.5211267605633805,75.35211267605634
E00021275,311,67,28,39,244,24,220,21.54340836012862,9.003215434083602,12.540192926045016,78.45659163987139,7.717041800643088,70.7395498392283
E00021277,262,67,35,32,195,15,180,25.572519083969464,13.358778625954198,12.213740458015266,74.42748091603053,5.7251908396946565,68.70229007633588
E00021278,186,20,7,13,166,12,154,10.75268817204301,3.763440860215054,6.989247311827956,89.24731182795699,6.451612903225806,82.79569892473118
E00021279,450,86,47,39,364,22,342,19.11111111111111,10.444444444444445,8.666666666666668,80.88888888888889,4.888888888888889,76
E00021280,441,86,29,57,355,20,335,19.501133786848072,6.575963718820861,12.925170068027212,80.49886621315193,4.535147392290249,75.96371882086169
E00021282,380,57,26,31,323,21,302,15,6.842105263157896,8.157894736842106,85,5.526315789473684,79.47368421052632
E00021286,223,26,16,10,197,20,177,11.659192825112108,7.174887892376682,4.484304932735426,88.34080717488789,8.968609865470851,79.37219730941703
E00021288,235,18,3,15,217,16,201,7.659574468085106,1.276595744680851,6.382978723404255,92.34042553191489,6.808510638297872,85.53191489361703
E00021289,381,42,22,20,339,12,327,11.023622047244094,5.774278215223097,5.2493438320209975,88.9763779527559,3.149606299212598,85.8267716535433
E00021290,353,65,35,30,288,16,272,18.413597733711047,9.91501416430595,8.498583569405099,81.58640226628894,4.53257790368272,77.05382436260622
E00021292,300,36,15,21,264,21,243,12,5,7.000000000000001,88,7.000000000000001,81
E00021294,588,97,46,51,491,35,456,16.49659863945578,7.8231292517006805,8.673469387755102,83.50340136054422,5.952380952380952,77.55102040816327
E00021295,364,29,15,14,335,35,300,7.967032967032966,4.1208791208791204,3.8461538461538463,92.03296703296702,9.615384615384617,82.41758241758241
E00021296,395,43,15,28,352,33,319,10.886075949367088,3.79746835443038,7.088607594936709,89.1139240506329,8.354430379746836,80.75949367088607
E00021297,399,66,17,49,333,36,297,16.541353383458645,4.260651629072681,12.280701754385964,83.45864661654136,9.022556390977442,74.43609022556392
E00021298,418,58,25,33,360,37,323,13.875598086124402,5.980861244019139,7.894736842105263,86.1244019138756,8.851674641148326,77.27272727272727
E00021299,413,55,24,31,358,27,331,13.317191283292978,5.811138014527845,7.506053268765134,86.68280871670703,6.5375302663438255,80.1452784503632
E00021300,524,67,25,42,457,40,417,12.786259541984732,4.770992366412214,8.015267175572518,87.21374045801527,7.633587786259542,79.58015267175573
E00021301,463,58,24,34,405,22,383,12.526997840172784,5.183585313174946,7.343412526997841,87.47300215982722,4.751619870410368,82.72138228941685
E00021302,403,76,30,46,327,26,301,18.858560794044664,7.444168734491314,11.41439205955335,81.14143920595534,6.451612903225806,74.68982630272953
E00021303,331,45,18,27,286,15,271,13.595166163141995,5.438066465256798,8.157099697885197,86.404833836858,4.531722054380665,81.87311178247734
E00021304,377,47,14,33,330,17,313,12.46684350132626,3.7135278514588856,8.753315649867375,87.53315649867373,4.509283819628647,83.0238726790451
E00021305,232,32,8,24,200,18,182,13.793103448275861,3.4482758620689653,10.344827586206897,86.20689655172413,7.758620689655173,78.44827586206897
E00021306,258,39,13,26,219,20,199,15.11627906976744,5.038759689922481,10.077519379844961,84.88372093023256,7.751937984496124,77.13178294573643
E00021307,452,47,11,36,405,38,367,10.398230088495575,2.433628318584071,7.964601769911504,89.60176991150442,8.4070796460177,81.19469026548673
E00021308,580,55,21,34,525,27,498,9.482758620689655,3.620689655172414,5.862068965517241,90.51724137931035,4.655172413793104,85.86206896551725
E00021309,499,45,12,33,454,26,428,9.01803607214429,2.404809619238477,6.613226452905812,90.98196392785572,5.210420841683367,85.77154308617234
E00021310,276,54,26,28,222,15,207,19.565217391304348,9.420289855072465,10.144927536231885,80.43478260869566,5.434782608695652,75
E00021311,347,48,30,18,299,7,292,13.8328530259366,8.645533141210375,5.187319884726225,86.1671469740634,2.0172910662824206,84.14985590778097
E00021312,320,51,19,32,269,16,253,15.937499999999998,5.9375,10,84.0625,5,79.0625
E00021313,459,64,21,43,395,28,367,13.943355119825709,4.57516339869281,9.368191721132897,86.05664488017429,6.1002178649237475,79.95642701525054
E00021315,189,80,43,37,109,11,98,42.32804232804233,22.75132275132275,19.576719576719576,57.67195767195767,5.82010582010582,51.85185185185185
E00021316,304,61,30,31,243,15,228,20.065789473684212,9.868421052631579,10.197368421052632,79.93421052631578,4.934210526315789,75
E00021317,369,51,16,35,318,15,303,13.821138211382115,4.336043360433604,9.48509485094851,86.1788617886179,4.0650406504065035,82.11382113821138
E00021318,405,70,30,40,335,19,316,17.28395061728395,7.4074074074074066,9.876543209876543,82.71604938271605,4.691358024691358,78.02469135802468
E00021319,330,50,17,33,280,15,265,15.151515151515152,5.151515151515151,10,84.84848484848484,4.545454545454546,80.3030303030303
E00021320,316,55,28,27,261,23,238,17.405063291139243,8.860759493670885,8.544303797468354,82.59493670886076,7.2784810126582276,75.31645569620254
E00021321,343,54,23,31,289,33,256,15.743440233236154,6.705539358600583,9.037900874635568,84.25655976676384,9.620991253644315,74.63556851311954
E00021322,364,45,17,28,319,16,303,12.362637362637363,4.670329670329671,7.6923076923076925,87.63736263736264,4.395604395604396,83.24175824175825
E00021323,364,57,27,30,307,8,299,15.659340659340659,7.417582417582418,8.241758241758241,84.34065934065934,2.197802197802198,82.14285714285714
E00021324,367,58,19,39,309,22,287,15.803814713896458,5.177111716621254,10.626702997275205,84.19618528610354,5.994550408719346,78.2016348773842
E00021325,361,52,27,25,309,20,289,14.40443213296399,7.479224376731302,6.9252077562326875,85.59556786703601,5.540166204986149,80.05540166204986
E00021326,420,64,32,32,356,12,344,15.238095238095239,7.6190476190476195,7.6190476190476195,84.76190476190476,2.857142857142857,81.9047619047619
E00021327,410,70,40,30,340,23,317,17.073170731707318,9.75609756097561,7.317073170731707,82.92682926829268,5.609756097560976,77.3170731707317
E00021328,417,59,27,32,358,14,344,14.148681055155876,6.474820143884892,7.673860911270983,85.85131894484412,3.357314148681055,82.49400479616307
E00021329,475,84,40,44,391,13,378,17.684210526315788,8.421052631578947,9.263157894736842,82.3157894736842,2.736842105263158,79.57894736842105
E00021330,466,74,32,42,392,20,372,15.879828326180256,6.866952789699571,9.012875536480687,84.12017167381974,4.291845493562231,79.82832618025752
E00021331,104,20,6,14,84,3,81,19.230769230769234,5.769230769230769,13.461538461538462,80.76923076923077,2.8846153846153846,77.88461538461539
E00021332,481,67,34,33,414,11,403,13.92931392931393,7.0686070686070686,6.860706860706861,86.07068607068608,2.2869022869022873,83.78378378378379
E00021333,332,59,28,31,273,18,255,17.771084337349397,8.433734939759036,9.33734939759036,82.2289156626506,5.421686746987952,76.80722891566265
E00021334,401,81,34,47,320,17,303,20.199501246882793,8.478802992518704,11.72069825436409,79.80049875311721,4.239401496259352,75.56109725685786
E00021335,546,94,37,57,452,22,430,17.216117216117215,6.7765567765567765,10.43956043956044,82.78388278388277,4.029304029304029,78.75457875457876
E00021336,274,37,15,22,237,8,229,13.503649635036496,5.474452554744526,8.02919708029197,86.4963503649635,2.9197080291970803,83.57664233576642
E00021337,303,66,39,27,237,11,226,21.782178217821784,12.871287128712872,8.91089108910891,78.21782178217822,3.6303630363036308,74.58745874587459
E00021339,323,57,21,36,266,9,257,17.647058823529413,6.5015479876160995,11.145510835913312,82.35294117647058,2.786377708978328,79.56656346749226
E00021340,457,72,29,43,385,38,347,15.75492341356674,6.3457330415754925,9.409190371991247,84.24507658643327,8.315098468271334,75.92997811816193
E00021342,274,25,11,14,249,6,243,9.124087591240876,4.014598540145985,5.109489051094891,90.87591240875912,2.18978102189781,88.6861313868613
E00021344,504,78,38,40,426,12,414,15.476190476190476,7.5396825396825395,7.936507936507936,84.52380952380952,2.380952380952381,82.14285714285714
E00021345,338,55,25,30,283,11,272,16.272189349112427,7.396449704142012,8.875739644970414,83.72781065088756,3.2544378698224854,80.4733727810651
E00021346,357,54,27,27,303,15,288,15.126050420168067,7.563025210084033,7.563025210084033,84.87394957983193,4.201680672268908,80.67226890756302
E00021347,405,62,25,37,343,13,330,15.308641975308642,6.172839506172839,9.135802469135802,84.69135802469135,3.2098765432098766,81.48148148148148
E00021349,432,63,29,34,369,9,360,14.583333333333334,6.712962962962964,7.87037037037037,85.41666666666666,2.083333333333333,83.33333333333334
E00021350,359,50,25,25,309,13,296,13.92757660167131,6.963788300835655,6.963788300835655,86.0724233983287,3.6211699164345403,82.45125348189416
E00021351,350,54,32,22,296,9,287,15.428571428571427,9.142857142857142,6.2857142857142865,84.57142857142857,2.571428571428571,82
E00021352,259,28,9,19,231,13,218,10.81081081081081,3.474903474903475,7.335907335907336,89.1891891891892,5.019305019305019,84.16988416988417
E00021353,273,53,35,18,220,7,213,19.413919413919416,12.82051282051282,6.593406593406594,80.58608058608058,2.564102564102564,78.02197802197803
E00021354,490,87,45,42,403,21,382,17.755102040816325,9.183673469387756,8.571428571428571,82.24489795918367,4.285714285714286,77.9591836734694
E00021355,313,41,14,27,272,14,258,13.099041533546327,4.472843450479233,8.626198083067091,86.90095846645367,4.472843450479233,82.42811501597444
E00021357,324,55,22,33,269,8,261,16.97530864197531,6.790123456790123,10.185185185185185,83.0246913580247,2.4691358024691357,80.55555555555556
E00021359,523,84,18,66,439,14,425,16.061185468451242,3.4416826003824093,12.619502868068832,83.93881453154876,2.676864244741874,81.26195028680688
E00021360,385,57,22,35,328,8,320,14.805194805194805,5.714285714285714,9.090909090909092,85.19480519480518,2.0779220779220777,83.11688311688312
E00021361,614,74,37,37,540,16,524,12.052117263843648,6.026058631921824,6.026058631921824,87.94788273615634,2.6058631921824107,85.34201954397395
E00021363,397,41,17,24,356,23,333,10.327455919395465,4.282115869017632,6.045340050377834,89.67254408060454,5.793450881612091,83.87909319899244
E00021364,540,78,37,41,462,10,452,14.444444444444443,6.851851851851852,7.592592592592593,85.55555555555556,1.8518518518518516,83.7037037037037
E00021365,295,36,15,21,259,18,241,12.203389830508476,5.084745762711865,7.118644067796611,87.79661016949153,6.101694915254238,81.69491525423729
E00021367,369,68,26,42,301,39,262,18.428184281842817,7.046070460704606,11.38211382113821,81.57181571815718,10.569105691056912,71.00271002710026
E00021371,256,33,15,18,223,10,213,12.890625,5.859375,7.03125,87.109375,3.90625,83.203125
E00021372,606,82,38,44,524,16,508,13.531353135313532,6.270627062706271,7.2607260726072615,86.46864686468648,2.6402640264026402,83.82838283828383
E00021375,257,37,17,20,220,7,213,14.396887159533073,6.614785992217899,7.782101167315175,85.60311284046692,2.7237354085603114,82.87937743190662
E00021377,544,60,29,31,484,21,463,11.029411764705882,5.330882352941177,5.698529411764706,88.97058823529412,3.860294117647059,85.11029411764706
E00021379,301,63,24,39,238,14,224,20.930232558139537,7.973421926910299,12.956810631229235,79.06976744186046,4.651162790697675,74.4186046511628
E00021380,537,114,61,53,423,18,405,21.22905027932961,11.359404096834265,9.869646182495345,78.77094972067039,3.35195530726257,75.41899441340783
E00021382,471,58,29,29,413,15,398,12.314225053078557,6.1571125265392785,6.1571125265392785,87.68577494692144,3.1847133757961785,84.50106157112526
E00021383,470,90,44,46,380,14,366,19.148936170212767,9.361702127659575,9.787234042553191,80.85106382978722,2.9787234042553195,77.87234042553192
E00021384,240,20,6,14,220,14,206,8.333333333333332,2.5,5.833333333333333,91.66666666666666,5.833333333333333,85.83333333333333
E00021386,493,110,58,52,383,11,372,22.31237322515213,11.76470588235294,10.547667342799189,77.68762677484787,2.231237322515213,75.45638945233266
E00021388,403,71,34,37,332,7,325,17.617866004962778,8.436724565756824,9.181141439205955,82.38213399503722,1.7369727047146404,80.64516129032258
E00021392,364,54,23,31,310,27,283,14.835164835164836,6.318681318681318,8.516483516483516,85.16483516483517,7.417582417582418,77.74725274725274
E00021393,502,88,54,34,414,13,401,17.52988047808765,10.756972111553784,6.772908366533864,82.47011952191235,2.589641434262948,79.8804780876494
E00021394,393,51,24,27,342,12,330,12.977099236641221,6.106870229007633,6.870229007633588,87.02290076335878,3.0534351145038165,83.96946564885496
E00021395,313,56,28,28,257,6,251,17.89137380191693,8.945686900958465,8.945686900958465,82.10862619808307,1.9169329073482428,80.19169329073482
E00021396,373,72,37,35,301,12,289,19.302949061662197,9.919571045576408,9.383378016085791,80.6970509383378,3.2171581769436997,77.4798927613941
E00021397,589,100,58,42,489,14,475,16.97792869269949,9.847198641765704,7.130730050933787,83.02207130730051,2.3769100169779285,80.64516129032258
E00021398,480,86,51,35,394,16,378,17.916666666666668,10.625,7.291666666666667,82.08333333333333,3.3333333333333335,78.75
E00021399,337,40,18,22,297,27,270,11.869436201780417,5.341246290801187,6.528189910979229,88.13056379821958,8.011869436201781,80.1186943620178
E00021400,484,72,30,42,412,17,395,14.87603305785124,6.198347107438017,8.677685950413224,85.12396694214877,3.512396694214876,81.61157024793388
E00021402,291,51,22,29,240,8,232,17.525773195876287,7.560137457044673,9.965635738831615,82.4742268041237,2.7491408934707904,79.72508591065292
E00021404,452,38,13,25,414,34,380,8.4070796460177,2.8761061946902653,5.530973451327434,91.5929203539823,7.52212389380531,84.070796460177
E00021407,449,57,18,39,392,20,372,12.694877505567929,4.008908685968819,8.68596881959911,87.30512249443207,4.4543429844097995,82.85077951002228
E00021408,360,24,6,18,336,17,319,6.666666666666667,1.6666666666666667,5,93.33333333333333,4.722222222222222,88.61111111111111
E00021409,238,14,2,12,224,13,211,5.88235294117647,0.8403361344537815,5.042016806722689,94.11764705882352,5.46218487394958,88.65546218487394
E00021410,542,83,44,39,459,21,438,15.313653136531366,8.118081180811808,7.195571955719557,84.68634686346863,3.8745387453874542,80.81180811808119
E00021411,378,57,19,38,321,18,303,15.079365079365079,5.026455026455026,10.052910052910052,84.92063492063492,4.761904761904762,80.15873015873017
E00021412,404,56,24,32,348,13,335,13.861386138613863,5.9405940594059405,7.920792079207921,86.13861386138613,3.217821782178218,82.92079207920791
E00021413,395,69,36,33,326,13,313,17.468354430379744,9.113924050632912,8.354430379746836,82.53164556962025,3.2911392405063293,79.24050632911393
E00021414,363,51,24,27,312,10,302,14.049586776859504,6.6115702479338845,7.43801652892562,85.9504132231405,2.7548209366391188,83.19559228650138
E00021415,381,62,36,26,319,10,309,16.27296587926509,9.448818897637794,6.824146981627297,83.72703412073491,2.6246719160104988,81.10236220472441
E00021416,370,50,29,21,320,12,308,13.513513513513514,7.837837837837839,5.675675675675676,86.48648648648648,3.2432432432432434,83.24324324324324
E00021417,286,52,22,30,234,7,227,18.181818181818183,7.6923076923076925,10.48951048951049,81.81818181818183,2.4475524475524475,79.37062937062937
E00021418,217,15,2,13,202,20,182,6.912442396313365,0.9216589861751152,5.990783410138248,93.08755760368663,9.216589861751153,83.87096774193549
E00021419,471,47,27,20,424,13,411,9.978768577494693,5.7324840764331215,4.246284501061571,90.02123142250531,2.7600849256900215,87.26114649681529
E00021420,261,43,17,26,218,16,202,16.47509578544061,6.513409961685824,9.961685823754788,83.5249042145594,6.130268199233716,77.39463601532567
E00021421,422,87,47,40,335,15,320,20.61611374407583,11.137440758293838,9.47867298578199,79.38388625592417,3.5545023696682465,75.82938388625593
E00021422,187,29,16,13,158,6,152,15.508021390374333,8.55614973262032,6.951871657754011,84.49197860962568,3.2085561497326207,81.28342245989305
E00021423,409,67,31,36,342,11,331,16.381418092909534,7.579462102689487,8.80195599022005,83.61858190709046,2.689486552567237,80.92909535452323
E00021424,172,3,2,1,169,14,155,1.744186046511628,1.1627906976744187,0.5813953488372093,98.25581395348837,8.13953488372093,90.11627906976744
E00021425,258,19,5,14,239,15,224,7.3643410852713185,1.937984496124031,5.426356589147287,92.63565891472868,5.813953488372093,86.82170542635659
E00021426,357,48,20,28,309,13,296,13.445378151260504,5.602240896358544,7.8431372549019605,86.5546218487395,3.6414565826330536,82.91316526610645
E00021427,239,14,1,13,225,19,206,5.857740585774058,0.41841004184100417,5.439330543933055,94.14225941422593,7.949790794979079,86.19246861924687
E00021430,362,44,23,21,318,17,301,12.154696132596685,6.353591160220995,5.801104972375691,87.84530386740332,4.696132596685083,83.14917127071824
E00021431,344,40,20,20,304,8,296,11.627906976744185,5.813953488372093,5.813953488372093,88.37209302325581,2.3255813953488373,86.04651162790698
E00021432,530,103,48,55,427,13,414,19.433962264150946,9.056603773584905,10.377358490566039,80.56603773584906,2.4528301886792456,78.11320754716982
E00021434,506,48,16,32,458,25,433,9.486166007905137,3.1620553359683794,6.324110671936759,90.51383399209486,4.940711462450593,85.57312252964427
E00021437,363,60,31,29,303,19,284,16.528925619834713,8.539944903581267,7.988980716253444,83.47107438016529,5.234159779614325,78.23691460055096
E00021439,243,31,16,15,212,5,207,12.757201646090536,6.584362139917696,6.172839506172839,87.24279835390946,2.05761316872428,85.18518518518519
E00021440,435,53,26,27,382,11,371,12.183908045977011,5.977011494252873,6.206896551724138,87.816091954023,2.528735632183908,85.28735632183908
E00021441,321,38,16,22,283,25,258,11.838006230529595,4.984423676012461,6.853582554517133,88.1619937694704,7.78816199376947,80.37383177570094
E00021442,306,73,46,27,233,11,222,23.856209150326798,15.032679738562091,8.823529411764707,76.1437908496732,3.594771241830065,72.54901960784314
E00021443,258,49,25,24,209,13,196,18.992248062015506,9.689922480620156,9.30232558139535,81.0077519379845,5.038759689922481,75.96899224806202
E00021444,297,65,28,37,232,15,217,21.885521885521886,9.427609427609427,12.457912457912458,78.11447811447812,5.05050505050505,73.06397306397307
E00021445,366,64,24,40,302,16,286,17.48633879781421,6.557377049180328,10.92896174863388,82.5136612021858,4.371584699453552,78.14207650273224
E00021446,368,56,24,32,312,11,301,15.217391304347828,6.521739130434782,8.695652173913043,84.78260869565217,2.989130434782609,81.79347826086956
E00021447,255,23,4,19,232,23,209,9.019607843137255,1.5686274509803921,7.450980392156863,90.98039215686275,9.019607843137255,81.96078431372548
E00021448,359,52,14,38,307,10,297,14.484679665738161,3.8997214484679668,10.584958217270195,85.51532033426183,2.785515320334262,82.72980501392759
E00021449,325,60,27,33,265,14,251,18.461538461538463,8.307692307692308,10.153846153846153,81.53846153846153,4.3076923076923075,77.23076923076924
E00021450,158,20,10,10,138,10,128,12.658227848101266,6.329113924050633,6.329113924050633,87.34177215189874,6.329113924050633,81.0126582278481
E00021451,405,52,22,30,353,11,342,12.839506172839506,5.432098765432099,7.4074074074074066,87.1604938271605,2.7160493827160495,84.44444444444444
E00021452,234,35,16,19,199,12,187,14.957264957264957,6.837606837606838,8.11965811965812,85.04273504273505,5.128205128205128,79.91452991452992
E00021453,300,63,34,29,237,12,225,21,11.333333333333332,9.666666666666666,79,4,75
E00021454,346,44,19,25,302,10,292,12.716763005780345,5.491329479768786,7.225433526011561,87.28323699421965,2.8901734104046244,84.39306358381504
E00021455,361,47,21,26,314,11,303,13.019390581717452,5.8171745152354575,7.202216066481995,86.98060941828255,3.0470914127423825,83.93351800554017
E00021458,293,43,12,31,250,27,223,14.675767918088736,4.09556313993174,10.580204778156997,85.32423208191126,9.215017064846416,76.10921501706484
E00021459,256,33,4,29,223,20,203,12.890625,1.5625,11.328125,87.109375,7.8125,79.296875
E00021460,390,40,11,29,350,22,328,10.256410256410255,2.8205128205128207,7.435897435897436,89.74358974358975,5.641025641025641,84.1025641025641
E00021461,227,40,15,25,187,8,179,17.62114537444934,6.607929515418502,11.013215859030836,82.37885462555066,3.524229074889868,78.8546255506608
E00021462,309,43,22,21,266,11,255,13.915857605177994,7.119741100323624,6.796116504854369,86.08414239482201,3.559870550161812,82.52427184466019
E00021463,353,50,27,23,303,22,281,14.164305949008499,7.64872521246459,6.515580736543909,85.8356940509915,6.232294617563739,79.60339943342775
E00021464,291,51,24,27,240,15,225,17.525773195876287,8.24742268041237,9.278350515463918,82.4742268041237,5.154639175257731,77.31958762886599
E00021465,394,58,26,32,336,17,319,14.720812182741117,6.598984771573605,8.121827411167512,85.27918781725889,4.314720812182741,80.96446700507614
E00021467,368,51,31,20,317,23,294,13.858695652173914,8.423913043478262,5.434782608695652,86.1413043478261,6.25,79.8913043478261
E00021468,295,37,14,23,258,12,246,12.54237288135593,4.745762711864407,7.796610169491526,87.45762711864407,4.067796610169491,83.38983050847457
E00021469,470,69,32,37,401,16,385,14.680851063829786,6.808510638297872,7.872340425531915,85.31914893617021,3.404255319148936,81.91489361702128
E00021470,292,51,22,29,241,17,224,17.465753424657535,7.534246575342466,9.931506849315069,82.53424657534246,5.821917808219178,76.71232876712328
E00021471,344,49,22,27,295,16,279,14.244186046511627,6.395348837209303,7.848837209302325,85.75581395348837,4.651162790697675,81.1046511627907
E00021473,385,47,14,33,338,11,327,12.207792207792208,3.6363636363636362,8.571428571428571,87.79220779220779,2.857142857142857,84.93506493506493
E00021474,397,60,30,30,337,14,323,15.113350125944585,7.5566750629722925,7.5566750629722925,84.88664987405542,3.5264483627204033,81.36020151133502
E00021475,551,99,46,53,452,20,432,17.96733212341198,8.348457350272232,9.618874773139746,82.03266787658802,3.6297640653357535,78.40290381125227
E00021476,460,71,32,39,389,17,372,15.434782608695652,6.956521739130435,8.478260869565217,84.56521739130434,3.6956521739130435,80.8695652173913
E00021477,410,36,15,21,374,29,345,8.780487804878048,3.6585365853658534,5.121951219512195,91.21951219512195,7.073170731707316,84.14634146341463
E00021479,427,33,9,24,394,26,368,7.728337236533958,2.107728337236534,5.620608899297424,92.27166276346604,6.0889929742388755,86.18266978922716
E00021480,271,22,7,15,249,22,227,8.118081180811808,2.5830258302583027,5.535055350553505,91.88191881918819,8.118081180811808,83.76383763837639
E00021481,601,74,28,46,527,36,491,12.312811980033278,4.658901830282862,7.653910149750416,87.68718801996673,5.990016638935108,81.69717138103162
E00021482,465,61,23,38,404,25,379,13.118279569892474,4.946236559139785,8.172043010752688,86.88172043010752,5.376344086021505,81.50537634408602
E00021484,434,69,41,28,365,34,331,15.898617511520738,9.44700460829493,6.451612903225806,84.10138248847926,7.834101382488479,76.26728110599078
E00021485,521,63,31,32,458,20,438,12.092130518234164,5.950095969289827,6.142034548944338,87.90786948176583,3.8387715930902107,84.06909788867563
E00021486,623,70,33,37,553,14,539,11.235955056179774,5.296950240770466,5.9390048154093105,88.76404494382022,2.247191011235955,86.51685393258427
E00021488,490,61,29,32,429,21,408,12.448979591836734,5.918367346938775,6.530612244897959,87.55102040816325,4.285714285714286,83.26530612244898
E00021489,331,56,24,32,275,15,260,16.91842900302115,7.250755287009064,9.667673716012084,83.08157099697885,4.531722054380665,78.54984894259819
E00021490,299,34,15,19,265,10,255,11.37123745819398,5.016722408026756,6.354515050167224,88.62876254180601,3.3444816053511706,85.28428093645485
E00021492,500,57,30,27,443,28,415,11.4,6,5.4,88.6,5.6000000000000005,83
E00021493,483,67,30,37,416,11,405,13.871635610766045,6.211180124223603,7.6604554865424435,86.12836438923395,2.2774327122153206,83.85093167701864
E00021496,313,42,20,22,271,5,266,13.418530351437699,6.3897763578274756,7.0287539936102235,86.5814696485623,1.5974440894568689,84.98402555910543
E00021497,485,73,28,45,412,15,397,15.051546391752577,5.77319587628866,9.278350515463918,84.94845360824742,3.0927835051546393,81.85567010309278
E00021498,465,58,20,38,407,13,394,12.473118279569892,4.301075268817205,8.172043010752688,87.52688172043011,2.795698924731183,84.73118279569893
E00021500,296,48,17,31,248,21,227,16.216216216216218,5.743243243243244,10.472972972972974,83.78378378378379,7.094594594594595,76.6891891891892
E00021501,376,76,37,39,300,15,285,20.212765957446805,9.840425531914894,10.372340425531915,79.7872340425532,3.9893617021276597,75.79787234042553
E00021502,394,87,53,34,307,14,293,22.081218274111674,13.451776649746192,8.629441624365482,77.91878172588832,3.5532994923857872,74.36548223350253
E00021503,347,41,19,22,306,9,297,11.815561959654179,5.475504322766571,6.340057636887608,88.18443804034582,2.5936599423631126,85.5907780979827
E00021504,391,60,19,41,331,19,312,15.34526854219949,4.859335038363171,10.485933503836318,84.65473145780051,4.859335038363171,79.79539641943734
E00021505,272,77,49,28,195,7,188,28.308823529411764,18.014705882352942,10.294117647058822,71.69117647058823,2.5735294117647056,69.11764705882352
E00021506,483,60,29,31,423,32,391,12.422360248447205,6.004140786749482,6.418219461697723,87.5776397515528,6.625258799171843,80.95238095238095
E00021507,385,55,23,32,330,28,302,14.285714285714285,5.974025974025974,8.311688311688311,85.71428571428571,7.2727272727272725,78.44155844155844
E00021508,575,66,27,39,509,41,468,11.478260869565217,4.695652173913043,6.782608695652175,88.52173913043478,7.130434782608695,81.3913043478261
E00021509,605,108,49,59,497,36,461,17.85123966942149,8.099173553719009,9.75206611570248,82.14876033057851,5.950413223140496,76.19834710743801
E00021510,201,16,2,14,185,6,179,7.960199004975125,0.9950248756218906,6.965174129353234,92.03980099502488,2.9850746268656714,89.05472636815921
E00021511,186,13,4,9,173,8,165,6.989247311827956,2.1505376344086025,4.838709677419355,93.01075268817203,4.301075268817205,88.70967741935483
E00021516,260,46,19,27,214,15,199,17.692307692307693,7.307692307692308,10.384615384615385,82.3076923076923,5.769230769230769,76.53846153846153
E00021517,471,75,34,41,396,10,386,15.92356687898089,7.218683651804671,8.70488322717622,84.07643312101911,2.1231422505307855,81.95329087048833
E00021518,321,39,15,24,282,8,274,12.149532710280374,4.672897196261682,7.476635514018691,87.85046728971963,2.4922118380062304,85.35825545171339
E00021519,553,53,22,31,500,24,476,9.584086799276673,3.9783001808318263,5.605786618444846,90.41591320072332,4.3399638336347195,86.07594936708861
E00021520,231,14,6,8,217,12,205,6.0606060606060606,2.5974025974025974,3.463203463203463,93.93939393939394,5.194805194805195,88.74458874458875
E00021521,226,38,13,25,188,17,171,16.8141592920354,5.752212389380531,11.061946902654867,83.1858407079646,7.52212389380531,75.66371681415929
E00021522,456,73,42,31,383,18,365,16.00877192982456,9.210526315789473,6.798245614035088,83.99122807017544,3.9473684210526314,80.04385964912281
E00021524,572,67,26,41,505,20,485,11.713286713286713,4.545454545454546,7.167832167832168,88.2867132867133,3.4965034965034967,84.79020979020979
E00021525,302,30,9,21,272,18,254,9.933774834437086,2.980132450331126,6.95364238410596,90.06622516556291,5.960264900662252,84.10596026490066
E00021526,300,25,4,21,275,17,258,8.333333333333332,1.3333333333333335,7.000000000000001,91.66666666666666,5.666666666666666,86
E00021527,315,23,5,18,292,22,270,7.301587301587302,1.5873015873015872,5.714285714285714,92.6984126984127,6.984126984126984,85.71428571428571
E00021528,242,37,17,20,205,8,197,15.289256198347106,7.024793388429752,8.264462809917356,84.71074380165288,3.3057851239669422,81.40495867768594
E00021529,165,46,26,20,119,12,107,27.878787878787882,15.757575757575756,12.121212121212121,72.12121212121212,7.2727272727272725,64.84848484848484
E00021532,289,19,7,12,270,13,257,6.5743944636678195,2.422145328719723,4.1522491349480966,93.42560553633218,4.498269896193772,88.92733564013841
E00021533,236,21,2,19,215,29,186,8.898305084745763,0.847457627118644,8.050847457627118,91.10169491525424,12.288135593220339,78.8135593220339
E00021534,200,23,8,15,177,18,159,11.5,4,7.5,88.5,9,79.5
E00021536,269,15,6,9,254,24,230,5.5762081784386615,2.2304832713754648,3.3457249070631967,94.42379182156134,8.921933085501859,85.50185873605948
E00021537,350,19,7,12,331,21,310,5.428571428571429,2,3.428571428571429,94.57142857142857,6,88.57142857142857
E00021539,283,22,3,19,261,13,248,7.773851590106007,1.0600706713780919,6.713780918727916,92.226148409894,4.593639575971731,87.63250883392226
E00021541,215,26,11,15,189,13,176,12.093023255813954,5.116279069767442,6.976744186046512,87.90697674418605,6.046511627906977,81.86046511627907
E00021542,167,5,2,3,162,17,145,2.9940119760479043,1.1976047904191618,1.7964071856287425,97.0059880239521,10.179640718562874,86.82634730538922
E00021543,267,20,2,18,247,8,239,7.490636704119851,0.7490636704119851,6.741573033707865,92.50936329588015,2.9962546816479403,89.51310861423221
E00021544,192,15,4,11,177,15,162,7.8125,2.083333333333333,5.729166666666666,92.1875,7.8125,84.375
E00021546,175,14,4,10,161,4,157,8,2.2857142857142856,5.714285714285714,92,2.2857142857142856,89.71428571428571
E00021547,342,51,23,28,291,26,265,14.912280701754385,6.725146198830409,8.187134502923977,85.08771929824562,7.602339181286549,77.48538011695906
E00021549,367,47,26,21,320,7,313,12.806539509536785,7.084468664850137,5.722070844686648,87.19346049046321,1.9073569482288828,85.28610354223434
E00021550,547,93,50,43,454,16,438,17.001828153564897,9.140767824497258,7.861060329067642,82.9981718464351,2.9250457038391224,80.07312614259597
E00021552,252,37,14,23,215,8,207,14.682539682539684,5.555555555555555,9.126984126984127,85.31746031746032,3.1746031746031744,82.14285714285714
E00021553,389,65,36,29,324,15,309,16.709511568123396,9.254498714652955,7.455012853470437,83.29048843187661,3.8560411311053984,79.43444730077121
E00021554,266,33,14,19,233,15,218,12.406015037593985,5.263157894736842,7.142857142857142,87.59398496240601,5.639097744360902,81.95488721804512
E00021555,429,50,28,22,379,20,359,11.655011655011654,6.526806526806526,5.128205128205128,88.34498834498834,4.662004662004662,83.68298368298368
E00021556,275,20,5,15,255,11,244,7.2727272727272725,1.8181818181818181,5.454545454545454,92.72727272727272,4,88.72727272727273
E00021557,391,36,8,28,355,16,339,9.207161125319693,2.0460358056265986,7.161125319693094,90.7928388746803,4.092071611253197,86.70076726342711
E00021559,330,71,46,25,259,11,248,21.515151515151516,13.939393939393941,7.575757575757576,78.48484848484848,3.3333333333333335,75.15151515151514
E00021560,597,91,37,54,506,25,481,15.242881072026801,6.197654941373535,9.045226130653267,84.7571189279732,4.1876046901172534,80.56951423785594
E00021561,247,18,5,13,229,19,210,7.28744939271255,2.0242914979757085,5.263157894736842,92.71255060728745,7.6923076923076925,85.02024291497976
E00021562,356,38,15,23,318,19,299,10.674157303370785,4.213483146067416,6.460674157303371,89.32584269662921,5.337078651685393,83.98876404494382
E00021563,382,53,31,22,329,16,313,13.874345549738221,8.115183246073299,5.7591623036649215,86.12565445026178,4.18848167539267,81.93717277486911
E00021564,338,52,25,27,286,6,280,15.384615384615385,7.396449704142012,7.988165680473373,84.61538461538461,1.7751479289940828,82.84023668639054
E00021565,281,37,13,24,244,6,238,13.167259786476867,4.6263345195729535,8.540925266903916,86.83274021352312,2.135231316725979,84.69750889679716
E00021566,364,40,20,20,324,18,306,10.989010989010989,5.4945054945054945,5.4945054945054945,89.01098901098901,4.945054945054945,84.06593406593407
E00021567,359,62,25,37,297,23,274,17.270194986072422,6.963788300835655,10.30640668523677,82.72980501392759,6.406685236768802,76.32311977715878
E00021569,584,79,36,43,505,31,474,13.527397260273974,6.164383561643835,7.363013698630137,86.47260273972603,5.308219178082192,81.16438356164383
E00021572,396,51,17,34,345,21,324,12.878787878787879,4.292929292929292,8.585858585858585,87.12121212121212,5.303030303030303,81.81818181818183
E00021574,261,30,10,20,231,14,217,11.494252873563218,3.8314176245210727,7.662835249042145,88.50574712643679,5.363984674329502,83.14176245210729
E00021577,271,69,32,37,202,14,188,25.461254612546124,11.808118081180812,13.653136531365314,74.53874538745387,5.166051660516605,69.37269372693727
E00021582,355,80,39,41,275,10,265,22.535211267605636,10.985915492957748,11.549295774647888,77.46478873239437,2.8169014084507045,74.64788732394366
E00021583,556,94,54,40,462,16,446,16.906474820143885,9.712230215827338,7.1942446043165464,83.09352517985612,2.877697841726619,80.2158273381295
E00021584,309,69,42,27,240,20,220,22.330097087378643,13.592233009708737,8.737864077669903,77.66990291262135,6.472491909385113,71.19741100323624
E00021585,473,69,37,32,404,16,388,14.587737843551796,7.822410147991543,6.765327695560254,85.41226215644821,3.382663847780127,82.02959830866807
E00021586,480,78,37,41,402,15,387,16.25,7.708333333333334,8.541666666666666,83.75,3.125,80.625
E00021587,432,69,36,33,363,14,349,15.972222222222221,8.333333333333332,7.638888888888889,84.02777777777779,3.2407407407407405,80.78703703703704
E00021588,396,72,40,32,324,22,302,18.181818181818183,10.1010101010101,8.080808080808081,81.81818181818183,5.555555555555555,76.26262626262627
E00021590,398,57,31,26,341,13,328,14.321608040201006,7.788944723618091,6.532663316582915,85.678391959799,3.2663316582914574,82.41206030150754
E00021591,516,109,76,33,407,9,398,21.124031007751938,14.728682170542637,6.395348837209303,78.87596899224806,1.744186046511628,77.13178294573643
E00021592,286,57,31,26,229,15,214,19.93006993006993,10.839160839160838,9.090909090909092,80.06993006993007,5.244755244755245,74.82517482517483
E00021593,220,68,30,38,152,5,147,30.909090909090907,13.636363636363635,17.272727272727273,69.0909090909091,2.272727272727273,66.81818181818183
E00021594,390,67,29,38,323,10,313,17.17948717948718,7.435897435897436,9.7435897435897445,82.82051282051283,2.564102564102564,80.25641025641026
E00021595,648,115,50,65,533,31,502,17.746913580246915,7.716049382716049,10.030864197530864,82.25308641975309,4.78395061728395,77.46913580246914
E00021596,376,66,34,32,310,9,301,17.5531914893617,9.042553191489363,8.51063829787234,82.4468085106383,2.393617021276596,80.0531914893617
E00021597,360,51,18,33,309,23,286,14.166666666666666,5,9.166666666666666,85.83333333333333,6.388888888888888,79.44444444444444
E00021598,210,24,7,17,186,17,169,11.428571428571429,3.3333333333333335,8.095238095238095,88.57142857142857,8.095238095238095,80.47619047619048
E00021599,362,14,6,8,348,22,326,3.867403314917127,1.6574585635359116,2.209944751381215,96.13259668508287,6.077348066298343,90.05524861878453
E00021600,324,28,8,20,296,23,273,8.641975308641975,2.4691358024691357,6.172839506172839,91.35802469135803,7.098765432098765,84.25925925925925
E00021601,191,18,6,12,173,14,159,9.424083769633508,3.1413612565445024,6.282722513089005,90.57591623036649,7.329842931937172,83.24607329842932
E00021602,306,38,15,23,268,17,251,12.418300653594772,4.901960784313726,7.516339869281046,87.58169934640523,5.555555555555555,82.02614379084967
E00021603,181,15,4,11,166,10,156,8.287292817679557,2.209944751381215,6.077348066298343,91.71270718232044,5.524861878453039,86.1878453038674
E00021604,338,44,20,24,294,21,273,13.017751479289942,5.9171597633136095,7.100591715976331,86.98224852071006,6.21301775147929,80.76923076923077
E00021605,295,33,10,23,262,22,240,11.186440677966102,3.389830508474576,7.796610169491526,88.8135593220339,7.457627118644068,81.35593220338984
E00021606,271,22,4,18,249,26,223,8.118081180811808,1.4760147601476015,6.642066420664207,91.88191881918819,9.59409594095941,82.28782287822878
E00021607,239,42,17,25,197,13,184,17.573221757322173,7.112970711297072,10.460251046025103,82.42677824267783,5.439330543933055,76.98744769874477
E00021608,214,31,10,21,183,12,171,14.485981308411214,4.672897196261682,9.813084112149532,85.51401869158879,5.607476635514018,79.90654205607477
E00021610,337,41,20,21,296,15,281,12.166172106824925,5.934718100890208,6.231454005934718,87.83382789317507,4.451038575667656,83.38278931750742
E00021611,379,43,21,22,336,18,318,11.345646437994723,5.540897097625329,5.804749340369393,88.65435356200527,4.749340369393139,83.90501319261213
E00021612,322,26,8,18,296,25,271,8.074534161490684,2.484472049689441,5.590062111801243,91.92546583850931,7.763975155279502,84.16149068322981
E00021613,183,18,2,16,165,11,154,9.836065573770492,1.092896174863388,8.743169398907105,90.1639344262295,6.0109289617486334,84.15300546448088
E00021614,252,25,4,21,227,18,209,9.920634920634921,1.5873015873015872,8.333333333333332,90.07936507936508,7.142857142857142,82.93650793650794
E00021615,207,18,2,16,189,14,175,8.695652173913043,0.966183574879227,7.729468599033816,91.30434782608695,6.763285024154589,84.54106280193237
E00021616,593,51,22,29,542,25,517,8.600337268128163,3.709949409780776,4.8903878583473865,91.39966273187183,4.215851602023609,87.18381112984824
E00021617,218,16,3,13,202,13,189,7.339449541284404,1.3761467889908259,5.963302752293578,92.66055045871559,5.963302752293578,86.69724770642202
E00021618,312,29,8,21,283,9,274,9.294871794871796,2.564102564102564,6.730769230769231,90.7051282051282,2.8846153846153846,87.82051282051282
E00021621,367,60,32,28,307,13,294,16.348773841961854,8.71934604904632,7.629427792915531,83.65122615803816,3.5422343324250685,80.10899182561307
E00021622,218,10,3,7,208,17,191,4.587155963302752,1.3761467889908259,3.211009174311927,95.41284403669725,7.79816513761468,87.61467889908256
E00021624,349,33,5,28,316,17,299,9.455587392550143,1.4326647564469914,8.022922636103152,90.54441260744986,4.871060171919771,85.67335243553008
E00021626,273,35,14,21,238,11,227,12.82051282051282,5.128205128205128,7.6923076923076925,87.17948717948718,4.029304029304029,83.15018315018315
E00021628,182,23,8,15,159,15,144,12.637362637362637,4.395604395604396,8.241758241758241,87.36263736263736,8.241758241758241,79.12087912087912
E00021629,220,15,4,11,205,22,183,6.8181818181818175,1.8181818181818181,5,93.18181818181817,10,83.18181818181817
E00021631,268,16,2,14,252,24,228,5.970149253731343,0.7462686567164178,5.223880597014925,94.02985074626866,8.955223880597014,85.07462686567165
E00021632,250,15,5,10,235,16,219,6,2,4,94,6.4,87.6
E00021633,214,11,4,7,203,9,194,5.14018691588785,1.8691588785046727,3.2710280373831773,94.85981308411215,4.205607476635514,90.65420560747664
E00021634,463,27,12,15,436,20,416,5.831533477321814,2.591792656587473,3.2397408207343417,94.16846652267819,4.319654427645788,89.8488120950324
E00021635,214,13,3,10,201,13,188,6.074766355140187,1.4018691588785046,4.672897196261682,93.92523364485982,6.074766355140187,87.85046728971963
E00021636,294,69,36,33,225,10,215,23.46938775510204,12.244897959183673,11.224489795918368,76.53061224489795,3.4013605442176873,73.12925170068027
E00021637,536,78,27,51,458,21,437,14.55223880597015,5.037313432835821,9.514925373134329,85.44776119402985,3.9179104477611943,81.52985074626866
E00021639,303,55,32,23,248,12,236,18.151815181518153,10.561056105610561,7.590759075907591,81.84818481848185,3.9603960396039604,77.88778877887789
E00021640,372,52,20,32,320,12,308,13.978494623655912,5.376344086021505,8.60215053763441,86.02150537634408,3.225806451612903,82.79569892473118
E00021641,415,93,48,45,322,17,305,22.40963855421687,11.566265060240964,10.843373493975903,77.59036144578313,4.096385542168675,73.49397590361446
E00021642,344,52,31,21,292,13,279,15.11627906976744,9.011627906976743,6.104651162790697,84.88372093023256,3.77906976744186,81.1046511627907
E00021643,268,40,19,21,228,21,207,14.925373134328357,7.08955223880597,7.835820895522389,85.07462686567165,7.835820895522389,77.23880597014924
E00021644,425,82,46,36,343,7,336,19.294117647058822,10.823529411764705,8.470588235294118,80.70588235294117,1.647058823529412,79.05882352941175
E00021646,535,79,33,46,456,27,429,14.766355140186915,6.16822429906542,8.598130841121495,85.23364485981308,5.046728971962617,80.18691588785046
E00021648,215,14,4,10,201,11,190,6.511627906976744,1.8604651162790697,4.651162790697675,93.48837209302326,5.116279069767442,88.37209302325581
E00021649,333,51,23,28,282,9,273,15.315315315315313,6.906906906906906,8.408408408408409,84.68468468468468,2.7027027027027026,81.98198198198197
E00021650,249,20,2,18,229,23,206,8.032128514056225,0.8032128514056224,7.228915662650602,91.96787148594377,9.236947791164658,82.73092369477911
E00021651,230,19,3,16,211,16,195,8.26086956521739,1.3043478260869565,6.956521739130435,91.73913043478261,6.956521739130435,84.78260869565217
E00021652,258,26,3,23,232,19,213,10.077519379844961,1.1627906976744187,8.914728682170542,89.92248062015504,7.3643410852713185,82.55813953488372
E00021653,235,28,15,13,207,4,203,11.914893617021278,6.382978723404255,5.531914893617021,88.08510638297872,1.702127659574468,86.38297872340426
E00021654,387,49,23,26,338,13,325,12.661498708010335,5.943152454780361,6.718346253229974,87.33850129198967,3.359173126614987,83.97932816537468
E00021655,513,74,35,39,439,13,426,14.42495126705653,6.82261208576998,7.602339181286549,85.57504873294347,2.53411306042885,83.04093567251462
E00021656,599,85,36,49,514,28,486,14.190317195325541,6.010016694490818,8.180300500834726,85.80968280467445,4.674457429048414,81.13522537562604
E00021657,173,18,3,15,155,11,144,10.404624277456648,1.7341040462427744,8.670520231213873,89.59537572254335,6.358381502890173,83.23699421965318
E00021658,179,22,5,17,157,10,147,12.290502793296088,2.793296089385475,9.497206703910614,87.70949720670392,5.58659217877095,82.12290502793296
E00021659,437,69,31,38,368,18,350,15.789473684210526,7.093821510297483,8.695652173913043,84.21052631578947,4.118993135011442,80.09153318077803
E00021660,298,50,22,28,248,17,231,16.778523489932887,7.38255033557047,9.395973154362416,83.22147651006712,5.704697986577181,77.51677852348993
E00021661,425,73,30,43,352,22,330,17.176470588235293,7.0588235294117645,10.117647058823529,82.82352941176471,5.176470588235294,77.64705882352942
E00021662,546,89,50,39,457,24,433,16.3003663003663,9.157509157509157,7.142857142857142,83.69963369963371,4.395604395604396,79.3040293040293
E00021663,227,62,26,36,165,12,153,27.312775330396477,11.45374449339207,15.859030837004406,72.68722466960352,5.286343612334802,67.40088105726872
E00021665,484,64,27,37,420,15,405,13.223140495867769,5.578512396694215,7.644628099173553,86.77685950413223,3.0991735537190084,83.67768595041323
E00021667,508,60,35,25,448,8,440,11.811023622047244,6.889763779527559,4.921259842519685,88.18897637795276,1.574803149606299,86.61417322834646
E00021668,429,64,33,31,365,27,338,14.918414918414918,7.6923076923076925,7.226107226107226,85.08158508158508,6.293706293706294,78.78787878787878
E00021669,562,85,31,54,477,13,464,15.12455516014235,5.5160142348754455,9.608540925266903,84.87544483985765,2.3131672597864767,82.56227758007117
E00021670,406,62,34,28,344,17,327,15.270935960591133,8.374384236453201,6.896551724137931,84.72906403940887,4.1871921182266005,80.54187192118226
E00021671,324,43,24,19,281,11,270,13.271604938271606,7.4074074074074066,5.864197530864197,86.72839506172839,3.3950617283950617,83.33333333333334
E00021672,412,53,22,31,359,17,342,12.864077669902912,5.339805825242718,7.524271844660194,87.13592233009709,4.12621359223301,83.00970873786407
E00021673,284,74,46,28,210,12,198,26.056338028169012,16.19718309859155,9.859154929577464,73.94366197183099,4.225352112676056,69.71830985915493
E00021674,367,37,14,23,330,18,312,10.08174386920981,3.8147138964577656,6.267029972752043,89.91825613079018,4.904632152588556,85.01362397820164
E00021675,482,78,41,37,404,10,394,16.182572614107883,8.506224066390041,7.676348547717843,83.81742738589212,2.0746887966804977,81.74273858921161
E00021676,186,17,6,11,169,13,156,9.13978494623656,3.225806451612903,5.913978494623656,90.86021505376344,6.989247311827956,83.87096774193549
E00021677,317,60,32,28,257,11,246,18.92744479495268,10.094637223974763,8.832807570977918,81.07255520504731,3.4700315457413247,77.60252365930599
E00021678,541,69,29,40,472,24,448,12.754158964879853,5.360443622920517,7.393715341959335,87.24584103512015,4.436229205175601,82.80961182994456
E00021679,366,66,33,33,300,10,290,18.0327868852459,9.01639344262295,9.01639344262295,81.9672131147541,2.73224043715847,79.23497267759562
E00021680,558,46,25,21,512,19,493,8.24372759856631,4.480286738351254,3.763440860215054,91.75627240143369,3.405017921146954,88.35125448028674
E00021681,240,22,6,16,218,7,211,9.166666666666666,2.5,6.666666666666667,90.83333333333333,2.9166666666666665,87.91666666666667
E00021682,217,41,27,14,176,4,172,18.89400921658986,12.442396313364055,6.451612903225806,81.10599078341014,1.8433179723502304,79.26267281105991
E00021683,454,74,26,48,380,8,372,16.299559471365637,5.726872246696035,10.572687224669604,83.70044052863436,1.762114537444934,81.93832599118943
E00021685,525,52,20,32,473,23,450,9.904761904761905,3.8095238095238098,6.095238095238095,90.0952380952381,4.380952380952381,85.71428571428571
E00021686,296,37,15,22,259,10,249,12.5,5.0675675675675675,7.4324324324324325,87.5,3.3783783783783785,84.12162162162163
E00021687,394,59,18,41,335,24,311,14.974619289340103,4.568527918781726,10.406091370558377,85.0253807106599,6.091370558375635,78.93401015228426
E00021688,439,65,42,23,374,15,359,14.80637813211845,9.567198177676538,5.239179954441914,85.19362186788155,3.416856492027335,81.77676537585421
E00021690,539,70,35,35,469,28,441,12.987012987012985,6.493506493506493,6.493506493506493,87.01298701298701,5.194805194805195,81.81818181818183
E00021691,394,39,16,23,355,23,332,9.898477157360407,4.060913705583756,5.83756345177665,90.1015228426396,5.83756345177665,84.26395939086294
E00021692,322,55,31,24,267,21,246,17.080745341614907,9.627329192546584,7.453416149068323,82.91925465838509,6.521739130434782,76.3975155279503
E00021693,420,49,17,32,371,15,356,11.666666666666666,4.0476190476190474,7.6190476190476195,88.33333333333333,3.571428571428571,84.76190476190476
E00021694,475,67,28,39,408,9,399,14.105263157894738,5.894736842105263,8.210526315789474,85.89473684210527,1.8947368421052633,84
E00021695,396,52,18,34,344,16,328,13.131313131313133,4.545454545454546,8.585858585858585,86.86868686868688,4.040404040404041,82.82828282828282
E00021697,371,51,21,30,320,22,298,13.746630727762804,5.660377358490567,8.086253369272237,86.25336927223721,5.929919137466308,80.3234501347709
E00021698,276,30,12,18,246,16,230,10.869565217391305,4.3478260869565215,6.521739130434782,89.13043478260869,5.797101449275362,83.33333333333334
E00021699,380,80,52,28,300,17,283,21.052631578947366,13.684210526315791,7.368421052631578,78.94736842105263,4.473684210526316,74.47368421052632
E00021700,451,66,27,39,385,23,362,14.634146341463413,5.986696230598669,8.647450110864744,85.36585365853658,5.099778270509978,80.26607538802661
E00021701,507,111,56,55,396,18,378,21.893491124260358,11.045364891518737,10.848126232741617,78.10650887573965,3.5502958579881656,74.55621301775149
E00021702,373,62,23,39,311,10,301,16.621983914209114,6.166219839142091,10.455764075067025,83.37801608579089,2.680965147453083,80.6970509383378
E00021703,595,80,41,39,515,46,469,13.445378151260504,6.890756302521009,6.5546218487394965,86.5546218487395,7.73109243697479,78.82352941176471
E00021704,417,60,26,34,357,20,337,14.388489208633093,6.235011990407674,8.15347721822542,85.61151079136691,4.796163069544365,80.81534772182253
E00021705,409,56,23,33,353,16,337,13.691931540342297,5.623471882640587,8.06845965770171,86.3080684596577,3.9119804400977993,82.3960880195599
E00021706,281,45,22,23,236,8,228,16.014234875444842,7.829181494661921,8.185053380782918,83.98576512455516,2.8469750889679712,81.13879003558719
E00021707,417,52,24,28,365,15,350,12.470023980815348,5.755395683453238,6.71462829736211,87.52997601918466,3.5971223021582732,83.93285371702638
E00021708,389,60,28,32,329,22,307,15.424164524421593,7.197943444730077,8.226221079691516,84.57583547557842,5.655526992287918,78.9203084832905
E00021709,292,44,16,28,248,16,232,15.068493150684931,5.47945205479452,9.58904109589041,84.93150684931507,5.47945205479452,79.45205479452055
E00021710,284,53,21,32,231,18,213,18.661971830985916,7.394366197183098,11.267605633802818,81.33802816901408,6.338028169014084,75
E00021711,468,44,15,29,424,21,403,9.401709401709402,3.205128205128205,6.196581196581197,90.5982905982906,4.487179487179487,86.11111111111111
E00021712,240,33,16,17,207,17,190,13.750000000000002,6.666666666666667,7.083333333333333,86.25,7.083333333333333,79.16666666666666
E00021713,264,39,16,23,225,15,210,14.772727272727273,6.0606060606060606,8.712121212121213,85.22727272727273,5.681818181818182,79.54545454545455
E00021714,210,40,20,20,170,12,158,19.047619047619047,9.523809523809524,9.523809523809524,80.95238095238095,5.714285714285714,75.23809523809524
E00021715,298,43,17,26,255,5,250,14.429530201342283,5.704697986577181,8.724832214765101,85.57046979865773,1.6778523489932886,83.89261744966443
E00021716,270,86,48,38,184,8,176,31.851851851851855,17.77777777777778,14.074074074074074,68.14814814814815,2.9629629629629632,65.18518518518519
E00021717,239,36,18,18,203,13,190,15.062761506276152,7.531380753138076,7.531380753138076,84.93723849372385,5.439330543933055,79.49790794979079
E00021718,354,23,6,17,331,14,317,6.497175141242938,1.694915254237288,4.80225988700565,93.50282485875707,3.954802259887006,89.54802259887006
E00021719,146,14,5,9,132,6,126,9.58904109589041,3.4246575342465753,6.164383561643835,90.41095890410958,4.10958904109589,86.3013698630137
E00021722,280,58,31,27,222,19,203,20.714285714285715,11.071428571428571,9.642857142857144,79.28571428571428,6.785714285714286,72.5
E00021723,367,38,17,21,329,15,314,10.354223433242508,4.632152588555858,5.722070844686648,89.64577656675749,4.087193460490464,85.55858310626702
E00021724,230,27,9,18,203,25,178,11.73913043478261,3.91304347826087,7.82608695652174,88.26086956521739,10.869565217391305,77.39130434782608
E00021725,209,30,14,16,179,15,164,14.354066985645932,6.698564593301436,7.655502392344498,85.64593301435407,7.177033492822966,78.4688995215311
E00021726,251,34,18,16,217,11,206,13.545816733067728,7.171314741035857,6.374501992031872,86.45418326693228,4.382470119521913,82.07171314741036
E00021727,291,54,22,32,237,8,229,18.556701030927837,7.560137457044673,10.996563573883162,81.44329896907216,2.7491408934707904,78.69415807560138
E00021728,250,41,19,22,209,19,190,16.400000000000002,7.6,8.799999999999999,83.6,7.6,76
E00021729,398,61,28,33,337,23,314,15.326633165829145,7.035175879396985,8.291457286432161,84.67336683417085,5.778894472361809,78.89447236180904
E00021730,223,26,10,16,197,7,190,11.659192825112108,4.484304932735426,7.174887892376682,88.34080717488789,3.1390134529147984,85.20179372197309
E00021731,457,64,29,35,393,16,377,14.00437636761488,6.3457330415754925,7.658643326039387,85.99562363238512,3.50109409190372,82.4945295404814
E00021732,231,39,20,19,192,8,184,16.883116883116884,8.658008658008658,8.225108225108226,83.11688311688312,3.463203463203463,79.65367965367966
E00021736,451,67,32,35,384,15,369,14.855875831485587,7.095343680709535,7.760532150776053,85.14412416851441,3.325942350332594,81.81818181818183
E00021737,288,37,13,24,251,14,237,12.847222222222221,4.513888888888888,8.333333333333332,87.15277777777779,4.861111111111112,82.29166666666666
E00021738,320,49,28,21,271,9,262,15.312500000000002,8.75,6.5625,84.6875,2.8125,81.875
E00021740,377,48,19,29,329,15,314,12.73209549071618,5.039787798408488,7.6923076923076925,87.26790450928382,3.978779840848806,83.28912466843501
E00021741,178,15,3,12,163,6,157,8.426966292134832,1.6853932584269662,6.741573033707865,91.57303370786516,3.3707865168539324,88.20224719101124
E00021742,468,43,15,28,425,23,402,9.18803418803419,3.205128205128205,5.982905982905983,90.8119658119658,4.914529914529915,85.8974358974359
E00021743,360,41,16,25,319,11,308,11.38888888888889,4.444444444444445,6.944444444444445,88.61111111111111,3.0555555555555554,85.55555555555556
E00021745,261,47,25,22,214,12,202,18.007662835249043,9.578544061302683,8.42911877394636,81.99233716475096,4.597701149425287,77.39463601532567
E00021746,213,24,7,17,189,16,173,11.267605633802818,3.286384976525822,7.981220657276995,88.73239436619718,7.511737089201878,81.2206572769953
E00021748,572,57,28,29,515,29,486,9.965034965034965,4.895104895104895,5.06993006993007,90.03496503496503,5.06993006993007,84.96503496503497
E00021752,399,52,35,17,347,8,339,13.032581453634084,8.771929824561402,4.260651629072681,86.96741854636592,2.0050125313283207,84.9624060150376
E00021753,265,54,23,31,211,10,201,20.37735849056604,8.679245283018867,11.69811320754717,79.62264150943396,3.7735849056603774,75.84905660377359
E00021754,252,53,18,35,199,9,190,21.03174603174603,7.142857142857142,13.88888888888889,78.96825396825396,3.571428571428571,75.39682539682539
E00021755,402,53,18,35,349,27,322,13.184079601990051,4.477611940298507,8.706467661691542,86.81592039800995,6.7164179104477615,80.09950248756219
E00021756,200,33,14,19,167,14,153,16.5,7.000000000000001,9.5,83.5,7.000000000000001,76.5
E00021757,294,40,20,20,254,8,246,13.60544217687075,6.802721088435375,6.802721088435375,86.39455782312925,2.7210884353741496,83.6734693877551
E00021758,356,53,32,21,303,17,286,14.887640449438203,8.98876404494382,5.8988764044943816,85.1123595505618,4.775280898876404,80.33707865168539
E00021759,394,58,23,35,336,15,321,14.720812182741117,5.83756345177665,8.883248730964468,85.27918781725889,3.807106598984772,81.47208121827411
E00021760,347,47,19,28,300,10,290,13.544668587896252,5.475504322766571,8.069164265129682,86.45533141210375,2.881844380403458,83.5734870317003
E00021761,392,29,8,21,363,18,345,7.3979591836734695,2.0408163265306123,5.357142857142857,92.60204081632652,4.591836734693878,88.01020408163265
E00021762,374,53,19,34,321,9,312,14.171122994652407,5.080213903743315,9.090909090909092,85.828877005347593,2.406417112299465,83.42245989304813
E00021763,436,79,39,40,357,19,338,18.11926605504587,8.944954128440367,9.174311926605505,81.88073394495413,4.3577981651376145,77.52293577981652
E00021764,549,48,21,27,501,23,478,8.743169398907105,3.825136612021858,4.918032786885246,91.2568306010929,4.189435336976321,87.06739526411657
E00021766,424,48,27,21,376,18,358,11.320754716981133,6.367924528301887,4.952830188679245,88.67924528301887,4.245283018867925,84.43396226415094
E00021767,308,32,13,19,276,18,258,10.38961038961039,4.220779220779221,6.1688311688311686,89.6103896103896,5.844155844155844,83.76623376623377
E00167079,238,11,3,8,227,6,221,4.621848739495799,1.2605042016806722,3.361344537815126,95.37815126050421,2.5210084033613445,92.85714285714286
E00167080,399,43,20,23,356,12,344,10.776942355889723,5.012531328320802,5.764411027568922,89.22305764411027,3.007518796992481,86.21553884711778
E00167081,255,33,11,22,222,22,200,12.941176470588237,4.313725490196078,8.627450980392156,87.05882352941177,8.627450980392156,78.43137254901961
E00167085,452,46,22,24,406,28,378,10.176991150442479,4.867256637168142,5.3097345132743365,89.82300884955751,6.1946902654867255,83.6283185840708
E00167087,352,23,6,17,329,18,311,6.534090909090909,1.7045454545454544,4.829545454545454,93.4659090909091,5.113636363636364,88.35227272727273
E00167088,219,26,6,20,193,14,179,11.87214611872146,2.73972602739726,9.1324200913242,88.12785388127854,6.392694063926941,81.7351598173516
E00167089,302,39,12,27,263,21,242,12.91390728476821,3.9735099337748347,8.940397350993377,87.08609271523179,6.95364238410596,80.13245033112582
E00167090,583,74,35,39,509,34,475,12.69296740994854,6.003430531732419,6.689536878216123,87.30703259005146,5.831903945111493,81.47512864493997
E00167091,203,23,2,21,180,22,158,11.330049261083744,0.9852216748768473,10.344827586206897,88.66995073891626,10.83743842364532,77.83251231527095
E00167092,435,46,15,31,389,37,352,10.574712643678161,3.4482758620689653,7.126436781609195,89.42528735632183,8.505747126436782,80.91954022988506
E00167094,276,27,14,13,249,11,238,9.782608695652174,5.072463768115942,4.710144927536232,90.21739130434783,3.985507246376811,86.23188405797102
E00167095,288,48,21,27,240,10,230,16.666666666666664,7.291666666666667,9.375,83.33333333333334,3.4722222222222223,79.86111111111111
E00167098,104,9,2,7,95,9,86,8.653846153846153,1.9230769230769231,6.730769230769231,91.34615384615384,8.653846153846153,82.6923076923077
E00167099,258,9,4,5,249,9,240,3.488372093023256,1.550387596899225,1.937984496124031,96.51162790697676,3.488372093023256,93.02325581395348
E00167100,338,16,3,13,322,28,294,4.733727810650888,0.8875739644970414,3.8461538461538463,95.26627218934911,8.284023668639055,86.98224852071006
E00167101,263,15,3,12,248,15,233,5.7034220532319395,1.1406844106463878,4.562737642585551,94.29657794676805,5.7034220532319395,88.59315589353612
E00167102,589,50,24,26,539,13,526,8.488964346349745,4.074702886247878,4.4142614601018675,91.51103565365025,2.2071307300509337,89.30390492359932
E00167103,214,12,3,9,202,13,189,5.607476635514018,1.4018691588785046,4.205607476635514,94.39252336448598,6.074766355140187,88.3177570093458
E00167104,201,16,6,10,185,13,172,7.960199004975125,2.9850746268656714,4.975124378109453,92.03980099502488,6.467661691542288,85.57213930348259
E00167105,433,87,43,44,346,29,317,20.092378752886837,9.930715935334874,10.161662817551962,79.90762124711316,6.697459584295612,73.21016166281755
E00167106,315,22,8,14,293,17,276,6.984126984126984,2.5396825396825395,4.444444444444445,93.01587301587301,5.396825396825397,87.61904761904762
E00167107,248,31,19,12,217,4,213,12.5,7.661290322580645,4.838709677419355,87.5,1.6129032258064515,85.88709677419355
E00167110,500,44,16,28,456,15,441,8.799999999999999,3.2,5.6000000000000005,91.2,3,88.2
E00167111,282,9,0,9,273,16,257,3.1914893617021276,0,3.1914893617021276,96.80851063829788,5.673758865248227,91.13475177304964
E00167113,467,71,38,33,396,22,374,15.203426124197003,8.137044967880087,7.066381156316917,84.79657387580299,4.710920770877944,80.08565310492506
E00167114,414,82,48,34,332,19,313,19.806763285024154,11.594202898550725,8.212560386473431,80.19323671497585,4.5893719806763285,75.60386473429952
E00167116,310,58,22,36,252,11,241,18.70967741935484,7.096774193548387,11.612903225806452,81.29032258064515,3.5483870967741935,77.74193548387098
E00167118,248,18,3,15,230,23,207,7.258064516129033,1.2096774193548387,6.048387096774194,92.74193548387096,9.274193548387096,83.46774193548387
E00167119,315,33,16,17,282,10,272,10.476190476190476,5.079365079365079,5.396825396825397,89.52380952380953,3.1746031746031744,86.34920634920636
E00167121,438,20,5,15,418,25,393,4.5662100456621,1.141552511415525,3.4246575342465753,95.4337899543379,5.707762557077626,89.72602739726028
E00167122,237,20,10,10,217,12,205,8.438818565400844,4.219409282700422,4.219409282700422,91.56118143459916,5.063291139240507,86.49789029535864
E00167123,299,45,20,25,254,9,245,15.050167224080269,6.688963210702341,8.361204013377927,84.94983277591973,3.0100334448160537,81.93979933110369
E00167124,275,47,24,23,228,13,215,17.09090909090909,8.727272727272728,8.363636363636363,82.9090909090909,4.7272727272727275,78.18181818181819
E00167125,163,13,1,12,150,6,144,7.975460122699387,0.6134969325153374,7.361963190184049,92.02453987730061,3.6809815950920246,88.34355828220859
E00167126,326,15,0,15,311,12,299,4.601226993865031,0,4.601226993865031,95.39877300613497,3.6809815950920246,91.71779141104295
E00167128,276,35,12,23,241,20,221,12.681159420289855,4.3478260869565215,8.333333333333332,87.31884057971014,7.246376811594203,80.07246376811594
E00167131,128,30,20,10,98,9,89,23.4375,15.625,7.8125,76.5625,7.03125,69.53125
E00167133,183,27,12,15,156,11,145,14.754098360655737,6.557377049180328,8.19672131147541,85.24590163934425,6.0109289617486334,79.23497267759562
E00167134,247,16,8,8,231,12,219,6.477732793522267,3.2388663967611335,3.2388663967611335,93.52226720647774,4.8582995951417,88.66396761133603
E00167135,303,23,6,17,280,13,267,7.590759075907591,1.9801980198019802,5.6105610561056105,92.4092409240924,4.29042904290429,88.11881188118812
E00167136,327,41,26,15,286,9,277,12.538226299694188,7.951070336391437,4.587155963302752,87.46177370030581,2.7522935779816518,84.70948012232415
E00167137,220,9,2,7,211,13,198,4.090909090909091,0.9090909090909091,3.1818181818181817,95.9090909090909,5.909090909090909,90
E00167142,531,45,16,29,486,21,465,8.47457627118644,3.0131826741996233,5.4613935969868175,91.52542372881356,3.954802259887006,87.57062146892656
E00167143,323,35,13,22,288,10,278,10.8359133126935,4.024767801857585,6.811145510835913,89.1640866873065,3.0959752321981426,86.06811145510835
E00167144,143,33,14,19,110,0,110,23.076923076923077,9.79020979020979,13.286713286713287,76.92307692307693,0,76.92307692307693
E00167145,165,5,2,3,160,7,153,3.0303030303030303,1.2121212121212122,1.8181818181818181,96.96969696969697,4.242424242424243,92.72727272727272
E00167146,358,27,14,13,331,8,323,7.5418994413407825,3.910614525139665,3.6312849162011176,92.45810055865921,2.2346368715083798,90.22346368715084
E00167147,392,50,25,25,342,16,326,12.755102040816327,6.377551020408164,6.377551020408164,87.24489795918367,4.081632653061225,83.16326530612244
E00167148,180,10,1,9,170,9,161,5.555555555555555,0.5555555555555556,5,94.44444444444444,5,89.44444444444444
E00167149,420,12,5,7,408,15,393,2.857142857142857,1.1904761904761905,1.6666666666666667,97.14285714285714,3.571428571428571,93.57142857142857
E00167151,371,13,3,10,358,15,343,3.5040431266846364,0.8086253369272237,2.6954177897574128,96.49595687331536,4.0431266846361185,92.45283018867924
E00167152,403,19,11,8,384,19,365,4.714640198511166,2.729528535980149,1.9851116625310175,95.28535980148884,4.714640198511166,90.57071960297766
E00167154,588,65,4,61,523,39,484,11.054421768707483,0.6802721088435374,10.374149659863946,88.94557823129252,6.63265306122449,82.31292517006803
E00167157,285,10,3,7,275,17,258,3.508771929824561,1.0526315789473684,2.456140350877193,96.49122807017544,5.964912280701754,90.52631578947368
E00167158,279,15,5,10,264,11,253,5.376344086021505,1.7921146953405016,3.584229390681003,94.6236559139785,3.942652329749104,90.68100358422939
E00167159,279,27,6,21,252,18,234,9.67741935483871,2.1505376344086025,7.526881720430108,90.32258064516128,6.451612903225806,83.87096774193549
E00167161,325,42,24,18,283,12,271,12.923076923076923,7.384615384615385,5.538461538461538,87.07692307692308,3.6923076923076925,83.38461538461537
E00167162,372,33,7,26,339,15,324,8.870967741935484,1.881720430107527,6.989247311827956,91.12903225806451,4.032258064516129,87.09677419354838
E00167163,263,32,7,25,231,7,224,12.167300380228136,2.6615969581749046,9.505703422053232,87.83269961977186,2.6615969581749046,85.17110266159695
E00167164,123,18,6,12,105,6,99,14.634146341463413,4.878048780487805,9.75609756097561,85.36585365853658,4.878048780487805,80.48780487804879
E00167165,249,17,4,13,232,18,214,6.827309236947792,1.6064257028112447,5.220883534136546,93.17269076305222,7.228915662650602,85.94377510040161
E00167166,292,31,6,25,261,22,239,10.616438356164384,2.054794520547945,8.561643835616438,89.38356164383562,7.534246575342466,81.84931506849315
E00167168,330,29,10,19,301,15,286,8.787878787878787,3.0303030303030303,5.757575757575758,91.21212121212122,4.545454545454546,86.66666666666667
E00167169,289,55,21,34,234,15,219,19.031141868512112,7.26643598615917,11.76470588235294,80.96885813148789,5.190311418685121,75.77854671280276
E00167170,170,21,9,12,149,12,137,12.352941176470589,5.294117647058823,7.0588235294117645,87.6470588235294,7.0588235294117645,80.58823529411765
E00167171,357,27,10,17,330,8,322,7.563025210084033,2.801120448179272,4.761904761904762,92.43697478991596,2.2408963585434174,90.19607843137256
E00167172,226,43,26,17,183,16,167,19.02654867256637,11.504424778761061,7.52212389380531,80.97345132743364,7.079646017699115,73.89380530973452
E00167173,452,83,48,35,369,13,356,18.36283185840708,10.619469026548673,7.7433628318584065,81.63716814159292,2.8761061946902653,78.76106194690266
E00167174,210,18,0,18,192,19,173,8.571428571428571,0,8.571428571428571,91.42857142857143,9.047619047619047,82.38095238095238
E00167175,223,13,6,7,210,14,196,5.829596412556054,2.690582959641256,3.1390134529147984,94.17040358744396,6.278026905829597,87.89237668161435
E00167178,327,49,23,26,278,9,269,14.984709480122325,7.033639143730887,7.951070336391437,85.01529051987767,2.7522935779816518,82.26299694189603
E00167179,195,24,5,19,171,13,158,12.307692307692308,2.564102564102564,9.7435897435897445,87.6923076923077,6.666666666666667,81.02564102564102
E00167181,144,17,5,12,127,7,120,11.805555555555555,3.4722222222222223,8.333333333333332,88.19444444444444,4.861111111111112,83.33333333333334
E00167182,181,33,14,19,148,11,137,18.23204419889503,7.734806629834254,10.497237569060774,81.76795580110497,6.077348066298343,75.69060773480662
E00167183,133,15,6,9,118,3,115,11.278195488721805,4.511278195488721,6.7669172932330826,88.7218045112782,2.2556390977443606,86.46616541353383
E00167184,231,33,13,20,198,11,187,14.285714285714285,5.627705627705628,8.658008658008658,85.71428571428571,4.761904761904762,80.95238095238095
E00167185,473,78,33,45,395,18,377,16.49048625792812,6.976744186046512,9.513742071881607,83.50951374207189,3.8054968287526427,79.70401691331924
E00167186,416,52,19,33,364,28,336,12.5,4.567307692307692,7.9326923076923075,87.5,6.730769230769231,80.76923076923077
E00167187,521,52,14,38,469,20,449,9.980806142034549,2.6871401151631478,7.293666026871401,90.01919385796545,3.8387715930902107,86.18042226487525
E00167189,283,32,16,16,251,24,227,11.307420494699647,5.6537102473498235,5.6537102473498235,88.69257950530034,8.480565371024735,80.21201413427562
E00167190,214,26,10,16,188,21,167,12.149532710280374,4.672897196261682,7.476635514018691,87.85046728971963,9.813084112149532,78.03738317757009
E00167191,220,12,0,12,208,12,196,5.454545454545454,0,5.454545454545454,94.54545454545455,5.454545454545454,89.0909090909091
E00167192,217,29,11,18,188,12,176,13.36405529953917,5.0691244239631335,8.294930875576037,86.63594470046083,5.529953917050691,81.10599078341014
E00167193,298,86,55,31,212,7,205,28.859060402684566,18.456375838926174,10.40268456375839,71.14093959731544,2.348993288590604,68.79194630872483
E00167194,284,43,18,25,241,14,227,15.140845070422534,6.338028169014084,8.80281690140845,84.85915492957746,4.929577464788732,79.92957746478874
E00167195,254,33,10,23,221,20,201,12.992125984251967,3.937007874015748,9.05511811023622,87.00787401574803,7.874015748031496,79.13385826771653
E00167196,240,57,32,25,183,13,170,23.75,13.333333333333334,10.416666666666668,76.25,5.416666666666667,70.83333333333334
E00167197,238,65,31,34,173,11,162,27.310924369747898,13.025210084033615,14.285714285714285,72.68907563025209,4.621848739495799,68.0672268907563
E00167198,520,73,34,39,447,27,420,14.038461538461538,6.538461538461539,7.5,85.96153846153847,5.1923076923076925,80.76923076923077
E00167200,327,27,2,25,300,23,277,8.256880733944955,0.6116207951070336,7.64525993883792,91.74311926605505,7.033639143730887,84.70948012232415
E00167201,335,84,40,44,251,16,235,25.07462686567164,11.940298507462686,13.134328358208954,74.92537313432835,4.776119402985075,70.1492537313433
E00167202,249,42,27,15,207,15,192,16.867469879518072,10.843373493975903,6.024096385542169,83.13253012048193,6.024096385542169,77.10843373493977
E00167204,215,12,1,11,203,16,187,5.5813953488372094,0.46511627906976744,5.116279069767442,94.41860465116278,7.441860465116279,86.9767441860465
E00167205,342,52,27,25,290,19,271,15.204678362573098,7.894736842105263,7.309941520467836,84.7953216374269,5.555555555555555,79.23976608187134
E00167206,397,62,32,30,335,14,321,15.617128463476071,8.060453400503778,7.5566750629722925,84.38287153652394,3.5264483627204033,80.85642317380352
E00167207,330,39,18,21,291,16,275,11.818181818181818,5.454545454545454,6.363636363636363,88.18181818181819,4.848484848484849,83.33333333333334
E00167210,131,13,6,7,118,11,107,9.923664122137405,4.580152671755725,5.343511450381679,90.07633587786259,8.396946564885496,81.67938931297711
E00167212,599,104,50,54,495,25,470,17.362270450751254,8.347245409015025,9.015025041736227,82.63772954924875,4.173622704507513,78.46410684474124
E00167213,393,44,21,23,349,13,336,11.195928753180661,5.343511450381679,5.852417302798982,88.80407124681933,3.307888040712468,85.49618320610686
E00167214,376,84,26,58,292,15,277,22.340425531914892,6.914893617021277,15.425531914893616,77.6595744680851,3.9893617021276597,73.67021276595744
E00167216,371,59,40,19,312,9,303,15.902964959568733,10.781671159029651,5.121293800539084,84.09703504043127,2.4258760107816713,81.6711590296496
E00167217,263,45,18,27,218,13,205,17.110266159695815,6.844106463878327,10.26615969581749,82.88973384030417,4.942965779467681,77.9467680608365
E00167218,393,42,15,27,351,20,331,10.687022900763358,3.816793893129771,6.870229007633588,89.31297709923665,5.089058524173027,84.22391857506362
E00167219,539,67,29,38,472,12,460,12.430426716141001,5.380333951762523,7.050092764378478,87.569573283859,2.2263450834879404,85.34322820037106
E00167220,423,41,15,26,382,19,363,9.692671394799055,3.546099290780142,6.1465721040189125,90.30732860520094,4.491725768321513,85.81560283687944
E00167221,503,70,34,36,433,18,415,13.916500994035786,6.759443339960239,7.157057654075547,86.08349900596421,3.5785288270377733,82.50497017892644
E00167222,320,42,23,19,278,5,273,13.125,7.187499999999999,5.9375,86.875,1.5625,85.3125
E00167224,219,43,17,26,176,3,173,19.63470319634703,7.76255707762557,11.87214611872146,80.36529680365297,1.36986301369863,78.99543378995433
E00167225,387,48,30,18,339,14,325,12.4031007751938,7.751937984496124,4.651162790697675,87.59689922480621,3.6175710594315245,83.97932816537468
E00167226,216,20,5,15,196,22,174,9.25925925925926,2.314814814814815,6.944444444444445,90.74074074074075,10.185185185185185,80.55555555555556
E00167227,292,51,20,31,241,19,222,17.465753424657535,6.8493150684931505,10.616438356164384,82.53424657534246,6.506849315068493,76.02739726027397
E00167228,209,29,12,17,180,12,168,13.875598086124402,5.741626794258373,8.133971291866029,86.1244019138756,5.741626794258373,80.38277511961722
E00167229,398,70,30,40,328,19,309,17.587939698492463,7.537688442211055,10.050251256281408,82.41206030150754,4.773869346733668,77.63819095477386
E00167230,203,15,3,12,188,9,179,7.389162561576355,1.477832512315271,5.911330049261084,92.61083743842364,4.433497536945813,88.17733990147784
E00167231,265,30,7,23,235,9,226,11.320754716981133,2.6415094339622645,8.679245283018867,88.67924528301887,3.3962264150943398,85.28301886792453
E00167233,269,67,46,21,202,6,196,24.907063197026023,17.100371747211895,7.806691449814126,75.09293680297398,2.2304832713754648,72.86245353159852
E00167234,465,79,43,36,386,11,375,16.989247311827956,9.247311827956988,7.741935483870968,83.01075268817203,2.3655913978494625,80.64516129032258
E00167236,184,14,2,12,170,7,163,7.608695652173914,1.0869565217391304,6.521739130434782,92.3913043478261,3.804347826086957,88.58695652173914
E00167237,180,9,3,6,171,15,156,5,1.6666666666666667,3.3333333333333335,95,8.333333333333332,86.66666666666667
E00167238,304,38,17,21,266,14,252,12.5,5.592105263157895,6.907894736842106,87.5,4.605263157894736,82.89473684210526
E00167239,396,53,23,30,343,10,333,13.383838383838384,5.808080808080808,7.575757575757576,86.61616161616162,2.525252525252525,84.0909090909091
E00167241,450,57,28,29,393,15,378,12.666666666666668,6.222222222222222,6.444444444444445,87.33333333333333,3.3333333333333335,84
E00167244,353,29,10,19,324,22,302,8.21529745042493,2.8328611898017,5.382436260623229,91.78470254957507,6.232294617563739,85.55240793201133
E00167245,262,38,17,21,224,15,209,14.50381679389313,6.488549618320611,8.015267175572518,85.49618320610686,5.7251908396946565,79.77099236641222
E00167246,212,41,25,16,171,11,160,19.339622641509436,11.79245283018868,7.547169811320755,80.66037735849056,5.188679245283019,75.47169811320755
E00167247,137,16,6,10,121,12,109,11.678832116788321,4.37956204379562,7.2992700729927,88.32116788321169,8.75912408759124,79.56204379562044
E00167248,512,14,1,13,498,28,470,2.734375,0.1953125,2.5390625,97.265625,5.46875,91.796875
E00167249,380,14,2,12,366,11,355,3.684210526315789,0.5263157894736842,3.1578947368421053,96.3157894736842,2.8947368421052633,93.42105263157895
E00167250,289,38,22,16,251,4,247,13.148788927335639,7.612456747404845,5.536332179930796,86.85121107266436,1.384083044982699,85.46712802768167
E00167252,364,48,20,28,316,11,305,13.186813186813188,5.4945054945054945,7.6923076923076925,86.81318681318682,3.021978021978022,83.79120879120879
E00167253,331,43,14,29,288,9,279,12.990936555891238,4.229607250755287,8.761329305135952,87.00906344410876,2.719033232628399,84.29003021148036
E00167256,277,21,6,15,256,17,239,7.581227436823104,2.166064981949458,5.415162454873646,92.4187725631769,6.137184115523466,86.28158844765343
E00167257,475,49,13,36,426,40,386,10.31578947368421,2.736842105263158,7.578947368421053,89.6842105263158,8.421052631578947,81.26315789473684
E00167258,544,80,54,26,464,12,452,14.705882352941178,9.926470588235293,4.779411764705882,85.29411764705883,2.2058823529411766,83.08823529411765
E00167260,448,85,46,39,363,14,349,18.973214285714285,10.267857142857142,8.705357142857142,81.02678571428571,3.125,77.90178571428571
E00167261,393,41,17,24,352,19,333,10.432569974554708,4.325699745547073,6.106870229007633,89.56743002544529,4.8346055979643765,84.7328244274809
E00167262,115,9,5,4,106,5,101,7.82608695652174,4.3478260869565215,3.4782608695652173,92.17391304347827,4.3478260869565215,87.82608695652175
E00167263,171,11,3,8,160,14,146,6.432748538011696,1.7543859649122806,4.678362573099415,93.56725146198829,8.187134502923977,85.38011695906432
E00167264,500,64,33,31,436,17,419,12.8,6.6000000000000005,6.2,87.2,3.4000000000000004,83.8
E00183710,104,12,3,9,92,7,85,11.538461538461538,2.8846153846153846,8.653846153846153,88.46153846153845,6.730769230769231,81.73076923076923
E00183711,362,62,32,30,300,11,289,17.12707182320442,8.83977900552486,8.287292817679557,82.87292817679558,3.0386740331491713,79.8342541436464
E00183712,379,42,20,22,337,22,315,11.081794195250659,5.277044854881266,5.804749340369393,88.91820580474933,5.804749340369393,83.11345646437994
E00183713,147,11,8,3,136,9,127,7.482993197278912,5.442176870748299,2.0408163265306123,92.51700680272108,6.122448979591836,86.39455782312925
E00183714,329,48,23,25,281,23,258,14.58966565349544,6.990881458966565,7.598784194528875,85.41033434650456,6.990881458966565,78.419452887538
E00183724,259,21,4,17,238,20,218,8.108108108108109,1.5444015444015444,6.563706563706563,91.8918918918919,7.722007722007722,84.16988416988417
E00183725,355,44,17,27,311,16,295,12.394366197183098,4.788732394366197,7.605633802816901,87.60563380281691,4.507042253521127,83.09859154929578
E00183726,570,40,18,22,530,10,520,7.017543859649122,3.1578947368421053,3.8596491228070176,92.98245614035088,1.7543859649122806,91.22807017543859
E00183727,449,65,37,28,384,14,370,14.476614699331849,8.240534521158128,6.23608017817372,85.52338530066815,3.11804008908686,82.40534521158129
E00183728,504,79,41,38,425,10,415,15.674603174603174,8.134920634920634,7.5396825396825395,84.32539682539682,1.984126984126984,82.34126984126983
E00183729,939,151,40,111,788,54,734,16.080937167199146,4.259850905218317,11.821086261980831,83.91906283280085,5.7507987220447285,78.16826411075613
E00183730,473,70,20,50,403,33,370,14.799154334038056,4.2283298097251585,10.570824524312897,85.20084566596195,6.976744186046512,78.22410147991543
E00183731,240,17,10,7,223,9,214,7.083333333333333,4.166666666666666,2.9166666666666665,92.91666666666667,3.75,89.16666666666667
E00183737,217,9,3,6,208,18,190,4.147465437788019,1.3824884792626728,2.7649769585253456,95.85253456221197,8.294930875576037,87.55760368663594
E00183738,183,10,4,6,173,6,167,5.46448087431694,2.185792349726776,3.278688524590164,94.53551912568307,3.278688524590164,91.2568306010929
E00183739,299,27,9,18,272,16,256,9.03010033444816,3.0100334448160537,6.0200668896321075,90.96989966555184,5.351170568561873,85.61872909698997
E00183740,247,13,0,13,234,20,214,5.263157894736842,0,5.263157894736842,94.73684210526315,8.097165991902834,86.63967611336032
E00183741,267,23,4,19,244,21,223,8.614232209737828,1.4981273408239701,7.116104868913857,91.38576779026218,7.865168539325842,83.52059925093633
E00183742,203,19,8,11,184,15,169,9.35960591133005,3.9408866995073892,5.41871921182266,90.64039408866995,7.389162561576355,83.2512315270936
E00183743,210,9,2,7,201,11,190,4.285714285714286,0.9523809523809524,3.3333333333333335,95.71428571428572,5.238095238095238,90.47619047619048
E00183744,549,15,4,11,534,25,509,2.73224043715847,0.7285974499089253,2.0036429872495445,97.26775956284153,4.553734061930783,92.71402550091075
E00183745,360,36,22,14,324,12,312,10,6.111111111111111,3.888888888888889,90,3.3333333333333335,86.66666666666667
E00183746,304,31,8,23,273,16,257,10.197368421052632,2.631578947368421,7.565789473684211,89.80263157894737,5.263157894736842,84.53947368421053
E00183747,258,9,3,6,249,7,242,3.488372093023256,1.1627906976744187,2.3255813953488373,96.51162790697676,2.7131782945736433,93.7984496124031
E00183748,291,13,3,10,278,16,262,4.4673539518900345,1.0309278350515463,3.436426116838488,95.53264604810997,5.498281786941581,90.03436426116839
E00183750,216,22,6,16,194,7,187,10.185185185185185,2.7777777777777777,7.4074074074074066,89.81481481481481,3.2407407407407405,86.57407407407408
E00183751,356,49,28,21,307,12,295,13.764044943820226,7.865168539325842,5.8988764044943816,86.23595505617978,3.3707865168539324,82.86516853932584
E00183752,297,7,1,6,290,10,280,2.356902356902357,0.33670033670033667,2.0202020202020203,97.64309764309765,3.3670033670033668,94.27609427609428
E00183753,317,21,9,12,296,22,274,6.624605678233439,2.8391167192429023,3.7854889589905363,93.37539432176656,6.940063091482649,86.43533123028391
E00183754,281,26,9,17,255,4,251,9.252669039145907,3.202846975088968,6.049822064056939,90.74733096085409,1.4234875444839856,89.32384341637011
E00183759,374,39,23,16,335,13,322,10.427807486631016,6.149732620320856,4.27807486631016,89.57219251336899,3.4759358288770055,86.09625668449198
E00183762,224,14,1,13,210,20,190,6.25,0.4464285714285714,5.803571428571429,93.75,8.928571428571429,84.82142857142857
E00183764,278,14,2,12,264,13,251,5.0359712230215825,0.7194244604316548,4.316546762589928,94.96402877697841,4.676258992805756,90.28776978417267
E00183766,263,25,4,21,238,23,215,9.505703422053232,1.520912547528517,7.984790874524715,90.49429657794677,8.745247148288973,81.74904942965779
E00183767,258,14,0,14,244,20,224,5.426356589147287,0,5.426356589147287,94.57364341085271,7.751937984496124,86.82170542635659
E00183769,303,27,11,16,276,7,269,8.91089108910891,3.6303630363036308,5.2805280528052805,91.0891089108911,2.31023102310231,88.77887788778878
E00183773,342,28,8,20,314,11,303,8.187134502923977,2.3391812865497075,5.847953216374268,91.81286549707602,3.216374269005848,88.59649122807018
E00183776,328,27,4,23,301,24,277,8.231707317073171,1.2195121951219512,7.01219512195122,91.76829268292683,7.317073170731707,84.45121951219512
E00183777,254,24,9,15,230,21,209,9.448818897637794,3.543307086614173,5.905511811023622,90.5511811023622,8.267716535433072,82.28346456692913
E00183778,227,15,5,10,212,14,198,6.607929515418502,2.2026431718061676,4.405286343612335,93.3920704845815,6.167400881057269,87.22466960352423
E00183779,459,79,38,41,380,7,373,17.21132897603486,8.278867102396514,8.932461873638346,82.78867102396515,1.5250544662309369,81.26361655773421
E00183780,224,7,1,6,217,11,206,3.125,0.4464285714285714,2.6785714285714284,96.875,4.910714285714286,91.96428571428571
E00183782,287,27,11,16,260,12,248,9.40766550522648,3.8327526132404177,5.574912891986063,90.59233449477352,4.181184668989547,86.41114982578398
E00183783,434,19,7,12,415,27,388,4.377880184331797,1.6129032258064515,2.7649769585253456,95.6221198156682,6.221198156682028,89.40092165898618
E00183784,337,47,22,25,290,10,280,13.94658753709199,6.528189910979229,7.418397626112759,86.05341246290801,2.967359050445104,83.08605341246292
E00183785,253,17,7,10,236,17,219,6.719367588932807,2.766798418972332,3.9525691699604746,93.2806324110672,6.719367588932807,86.56126482213439
E00183787,307,52,27,25,255,8,247,16.938110749185668,8.794788273615636,8.143322475570033,83.06188925081433,2.6058631921824107,80.45602605863192
E00183788,361,46,23,23,315,14,301,12.742382271468145,6.3711911357340725,6.3711911357340725,87.25761772853186,3.8781163434903045,83.37950138504155
E00183789,467,73,33,40,394,11,383,15.631691648822269,7.066381156316917,8.565310492505352,84.36830835117773,2.355460385438972,82.01284796573876
E00183790,221,31,13,18,190,20,170,14.027149321266968,5.88235294117647,8.144796380090497,85.97285067873304,9.049773755656108,76.92307692307693
E00183791,346,49,25,24,297,7,290,14.16184971098266,7.225433526011561,6.9364161849710975,85.83815028901735,2.023121387283237,83.8150289017341
E00183793,207,30,15,15,177,10,167,14.492753623188406,7.246376811594203,7.246376811594203,85.5072463768116,4.830917874396135,80.67632850241546
E00183794,321,32,10,22,289,17,272,9.968847352024921,3.115264797507788,6.853582554517133,90.03115264797508,5.29595015576324,84.73520249221184
E00183795,288,38,12,26,250,15,235,13.194444444444445,4.166666666666666,9.027777777777777,86.80555555555556,5.208333333333334,81.59722222222221
E00183797,201,15,7,8,186,9,177,7.462686567164178,3.482587064676617,3.9800995024875623,92.53731343283582,4.477611940298507,88.05970149253731
E00183799,539,35,10,25,504,29,475,6.493506493506493,1.855287569573284,4.638218923933209,93.5064935064935,5.380333951762523,88.12615955473099
E00183800,369,61,27,34,308,15,293,16.53116531165312,7.317073170731707,9.214092140921409,83.46883468834689,4.0650406504065035,79.40379403794037
E00183804,230,12,5,7,218,16,202,5.217391304347826,2.1739130434782608,3.0434782608695654,94.78260869565217,6.956521739130435,87.82608695652175
E00183805,382,43,19,24,339,18,321,11.2565445026178,4.973821989528796,6.282722513089005,88.7434554973822,4.712041884816754,84.03141361256544
E00183806,274,40,14,26,234,9,225,14.5985401459854,5.109489051094891,9.48905109489051,85.40145985401459,3.2846715328467155,82.11678832116789
E00183807,213,20,6,14,193,12,181,9.389671361502346,2.8169014084507045,6.572769953051644,90.61032863849765,5.633802816901409,84.97652582159625
E00183808,300,49,23,26,251,15,236,16.333333333333332,7.666666666666666,8.666666666666668,83.66666666666667,5,78.66666666666666
E00183810,284,33,13,20,251,15,236,11.619718309859154,4.577464788732395,7.042253521126761,88.38028169014085,5.28169014084507,83.09859154929578
E00183811,217,30,19,11,187,11,176,13.82488479262673,8.755760368663594,5.0691244239631335,86.17511520737328,5.0691244239631335,81.10599078341014
E00183812,347,38,18,20,309,12,297,10.951008645533141,5.187319884726225,5.763688760806916,89.04899135446685,3.45821325648415,85.5907780979827
E00183814,469,72,28,44,397,17,380,15.351812366737741,5.970149253731343,9.381663113006397,84.64818763326227,3.624733475479744,81.02345415778251
E00183817,322,52,33,19,270,24,246,16.149068322981368,10.248447204968944,5.900621118012422,83.85093167701864,7.453416149068323,76.3975155279503
E00183818,427,58,23,35,369,8,361,13.583138173302109,5.386416861826698,8.19672131147541,86.41686182669788,1.873536299765808,84.5433255269321
E00183819,349,43,18,25,306,22,284,12.320916905444127,5.157593123209169,7.163323782234957,87.67908309455588,6.303724928366762,81.37535816618912
E00183820,210,15,6,9,195,6,189,7.142857142857142,2.857142857142857,4.285714285714286,92.85714285714286,2.857142857142857,90
E00183821,492,65,31,34,427,39,388,13.211382113821138,6.300813008130081,6.910569105691057,86.78861788617887,7.926829268292683,78.86178861788618
E00183822,490,65,43,22,425,17,408,13.26530612244898,8.775510204081632,4.489795918367347,86.73469387755102,3.4693877551020407,83.26530612244898
E00183824,287,27,11,16,260,12,248,9.40766550522648,3.8327526132404177,5.574912891986063,90.59233449477352,4.181184668989547,86.41114982578398
E00183825,357,35,14,21,322,9,313,9.803921568627452,3.9215686274509802,5.88235294117647,90.19607843137256,2.5210084033613445,87.6750700280112
E00183828,519,46,23,23,473,13,460,8.863198458574182,4.431599229287091,4.431599229287091,91.13680154142581,2.5048169556840074,88.6319845857418
E00183829,171,46,25,21,125,1,124,26.900584795321635,14.619883040935672,12.280701754385964,73.09941520467837,0.5847953216374269,72.51461988304094
E00183830,326,44,24,20,282,16,266,13.496932515337424,7.361963190184049,6.134969325153374,86.50306748466258,4.9079754601226995,81.59509202453987
E00183832,369,48,20,28,321,10,311,13.008130081300814,5.420054200542006,7.588075880758807,86.99186991869918,2.710027100271003,84.28184281842819
E00183833,246,19,8,11,227,7,220,7.723577235772358,3.2520325203252036,4.471544715447155,92.27642276422763,2.8455284552845526,89.43089430894308
E00183834,333,22,9,13,311,14,297,6.606606606606606,2.7027027027027026,3.903903903903904,93.3933933933934,4.2042042042042045,89.1891891891892
E00183835,264,22,9,13,242,16,226,8.333333333333332,3.4090909090909087,4.924242424242424,91.66666666666666,6.0606060606060606,85.60606060606061
E00183836,207,14,1,13,193,12,181,6.763285024154589,0.4830917874396135,6.280193236714976,93.23671497584542,5.797101449275362,87.43961352657004
E00183837,310,35,15,20,275,16,259,11.29032258064516,4.838709677419355,6.451612903225806,88.70967741935483,5.161290322580645,83.54838709677419
E00183838,232,14,3,11,218,9,209,6.0344827586206895,1.293103448275862,4.741379310344827,93.96551724137932,3.8793103448275863,90.08620689655173
E00183840,285,32,18,14,253,15,238,11.228070175438596,6.315789473684211,4.912280701754386,88.7719298245614,5.263157894736842,83.50877192982456
E00183841,211,25,11,14,186,9,177,11.848341232227488,5.213270142180095,6.6350710900473935,88.15165876777252,4.265402843601896,83.88625592417061
E00183842,322,25,2,23,297,18,279,7.763975155279502,0.6211180124223602,7.142857142857142,92.2360248447205,5.590062111801243,86.64596273291926
E00183843,195,23,9,14,172,12,160,11.794871794871794,4.615384615384616,7.179487179487179,88.2051282051282,6.153846153846154,82.05128205128204
E00183844,632,35,3,32,597,19,578,5.537974683544303,0.4746835443037975,5.063291139240507,94.4620253164557,3.0063291139240507,91.45569620253164
E00183847,223,11,1,10,212,11,201,4.932735426008969,0.4484304932735426,4.484304932735426,95.06726457399103,4.932735426008969,90.13452914798206
E00183848,634,26,4,22,608,31,577,4.100946372239748,0.6309148264984227,3.4700315457413247,95.89905362776025,4.889589905362776,91.00946372239747
E00183849,335,44,20,24,291,18,273,13.134328358208954,5.970149253731343,7.164179104477612,86.86567164179104,5.3731343283582085,81.49253731343283
E00183851,291,33,18,15,258,4,254,11.34020618556701,6.185567010309279,5.154639175257731,88.65979381443299,1.3745704467353952,87.2852233676976
E00183854,283,32,12,20,251,21,230,11.307420494699647,4.240282685512367,7.06713780918728,88.69257950530034,7.420494699646643,81.2720848056537
E00183855,287,27,14,13,260,19,241,9.40766550522648,4.878048780487805,4.529616724738676,90.59233449477352,6.620209059233449,83.97212543554006
E00183856,118,17,10,7,101,5,96,14.40677966101695,8.47457627118644,5.932203389830509,85.59322033898306,4.23728813559322,81.35593220338984
E00183860,334,39,17,22,295,11,284,11.676646706586826,5.089820359281437,6.58682634730539,88.32335329341318,3.293413173652695,85.02994011976048
E00183862,319,41,17,24,278,9,269,12.852664576802509,5.329153605015674,7.523510971786834,87.14733542319749,2.8213166144200628,84.32601880877742
E00183863,324,37,14,23,287,19,268,11.419753086419753,4.320987654320987,7.098765432098765,88.58024691358025,5.864197530864197,82.71604938271605
E00183864,233,21,7,14,212,13,199,9.012875536480687,3.004291845493562,6.008583690987124,90.98712446351931,5.579399141630901,85.40772532188842
E00183865,119,11,4,7,108,7,101,9.243697478991598,3.361344537815126,5.88235294117647,90.75630252100841,5.88235294117647,84.87394957983193
E00183866,270,5,2,3,265,9,256,1.8518518518518516,0.7407407407407408,1.1111111111111112,98.14814814814815,3.3333333333333335,94.81481481481482
E00183867,365,11,4,7,354,12,342,3.0136986301369864,1.095890410958904,1.9178082191780823,96.98630136986301,3.287671232876712,93.69863013698631
E00183869,342,44,17,27,298,10,288,12.865497076023392,4.970760233918129,7.894736842105263,87.13450292397661,2.923976608187134,84.21052631578947
E00183871,305,20,3,17,285,17,268,6.557377049180328,0.9836065573770493,5.573770491803279,93.44262295081968,5.573770491803279,87.8688524590164
E00183874,275,31,17,14,244,8,236,11.272727272727273,6.181818181818182,5.090909090909091,88.72727272727273,2.909090909090909,85.81818181818181
E00183875,215,13,4,9,202,5,197,6.046511627906977,1.8604651162790697,4.186046511627907,93.95348837209302,2.3255813953488373,91.62790697674419
E00183878,201,14,3,11,187,10,177,6.965174129353234,1.4925373134328357,5.472636815920398,93.03482587064677,4.975124378109453,88.05970149253731
E00183880,387,29,9,20,358,20,338,7.493540051679587,2.3255813953488373,5.167958656330749,92.50645994832041,5.167958656330749,87.33850129198967
E00183882,193,28,14,14,165,10,155,14.507772020725387,7.253886010362693,7.253886010362693,85.49222797927462,5.181347150259067,80.31088082901555
E00183883,285,48,25,23,237,7,230,16.842105263157894,8.771929824561402,8.070175438596491,83.15789473684211,2.456140350877193,80.7017543859649
E00183885,233,16,6,10,217,8,209,6.866952789699571,2.575107296137339,4.291845493562231,93.13304721030042,3.4334763948497855,89.69957081545064
E00183887,365,32,11,21,333,26,307,8.767123287671232,3.0136986301369864,5.7534246575342465,91.23287671232877,7.123287671232877,84.10958904109589
E00183888,177,11,5,6,166,13,153,6.214689265536723,2.824858757062147,3.389830508474576,93.78531073446328,7.344632768361582,86.4406779661017
E00183889,411,73,45,28,338,10,328,17.761557177615572,10.948905109489052,6.81265206812652,82.23844282238443,2.4330900243309004,79.80535279805353
E00183890,364,33,15,18,331,21,310,9.065934065934066,4.1208791208791204,4.945054945054945,90.93406593406593,5.769230769230769,85.16483516483517
E00183892,363,21,3,18,342,28,314,5.785123966942149,0.8264462809917356,4.958677685950414,94.21487603305785,7.7134986225895315,86.50137741046832
E00183893,289,21,1,20,268,12,256,7.26643598615917,0.34602076124567477,6.920415224913495,92.73356401384083,4.1522491349480966,88.58131487889274
E00183895,429,48,26,22,381,11,370,11.188811188811188,6.0606060606060606,5.128205128205128,88.81118881118881,2.564102564102564,86.24708624708624
E00183896,402,54,31,23,348,9,339,13.432835820895523,7.711442786069651,5.721393034825871,86.56716417910447,2.2388059701492535,84.32835820895522
E00183897,140,2,1,1,138,1,137,1.4285714285714286,0.7142857142857143,0.7142857142857143,98.57142857142858,0.7142857142857143,97.85714285714285
E00183900,253,19,4,15,234,17,217,7.5098814229249005,1.5810276679841897,5.928853754940711,92.4901185770751,6.719367588932807,85.7707509881423
E00183901,194,10,4,6,184,10,174,5.154639175257731,2.0618556701030926,3.0927835051546393,94.84536082474226,5.154639175257731,89.69072164948454
E00183902,390,44,14,30,346,14,332,11.282051282051283,3.5897435897435894,7.6923076923076925,88.71794871794872,3.5897435897435894,85.12820512820512
E00183905,347,32,9,23,315,22,293,9.221902017291066,2.5936599423631126,6.628242074927954,90.77809798270894,6.340057636887608,84.43804034582134
E00183908,357,83,30,53,274,15,259,23.249299719887954,8.403361344537815,14.84593837535014,76.75070028011206,4.201680672268908,72.54901960784314
E00183911,233,24,10,14,209,10,199,10.300429184549357,4.291845493562231,6.008583690987124,89.69957081545064,4.291845493562231,85.40772532188842
E00183913,178,27,10,17,151,2,149,15.168539325842698,5.617977528089887,9.550561797752808,84.8314606741573,1.1235955056179776,83.70786516853933
E00183915,343,47,21,26,296,14,282,13.702623906705538,6.122448979591836,7.580174927113703,86.29737609329446,4.081632653061225,82.21574344023324
E00183919,246,38,21,17,208,4,204,15.447154471544716,8.536585365853659,6.910569105691057,84.5528455284553,1.6260162601626018,82.92682926829268
E00183922,382,40,14,26,342,15,327,10.471204188481675,3.664921465968586,6.806282722513089,89.52879581151832,3.926701570680628,85.6020942408377
E00183923,282,33,8,25,249,10,239,11.702127659574469,2.8368794326241136,8.865248226950355,88.29787234042553,3.546099290780142,84.75177304964538
E00183925,363,52,27,25,311,13,298,14.325068870523417,7.43801652892562,6.887052341597796,85.67493112947659,3.581267217630854,82.09366391184572
E00183926,334,53,9,44,281,20,261,15.868263473053892,2.694610778443114,13.17365269461078,84.13173652694611,5.9880239520958085,78.1437125748503
E00183928,349,26,11,15,323,21,302,7.4498567335243555,3.151862464183381,4.297994269340974,92.55014326647564,6.017191977077363,86.53295128939828
E00183931,454,19,7,12,435,14,421,4.185022026431718,1.5418502202643172,2.643171806167401,95.81497797356829,3.0837004405286343,92.73127753303964
E00183932,560,76,39,37,484,16,468,13.571428571428571,6.964285714285714,6.607142857142858,86.42857142857143,2.857142857142857,83.57142857142857
E00183933,306,33,10,23,273,14,259,10.784313725490197,3.2679738562091507,7.516339869281046,89.2156862745098,4.57516339869281,84.640522875817
E00183934,374,12,1,11,362,14,348,3.2085561497326207,0.267379679144385,2.941176470588235,96.79144385026738,3.7433155080213902,93.04812834224599
E00183935,285,34,9,25,251,6,245,11.929824561403509,3.1578947368421053,8.771929824561402,88.0701754385965,2.1052631578947367,85.96491228070175
E00183936,429,48,30,18,381,14,367,11.188811188811188,6.993006993006993,4.195804195804196,88.81118881118881,3.263403263403263,85.54778554778555
E00183939,283,44,18,26,239,17,222,15.547703180212014,6.36042402826855,9.187279151943462,84.45229681978799,6.007067137809187,78.4452296819788
E00183942,157,14,3,11,143,9,134,8.9171974522293,1.910828025477707,7.006369426751593,91.0828025477707,5.7324840764331215,85.35031847133759
E00183943,249,18,5,13,231,13,218,7.228915662650602,2.0080321285140563,5.220883534136546,92.7710843373494,5.220883534136546,87.55020080321285
E00183946,422,49,28,21,373,31,342,11.61137440758294,6.6350710900473935,4.976303317535545,88.38862559241706,7.345971563981042,81.04265402843602
E00183948,253,30,10,20,223,5,218,11.857707509881422,3.9525691699604746,7.905138339920949,88.14229249011858,1.9762845849802373,86.16600790513834
E00183950,229,17,6,11,212,11,201,7.423580786026202,2.6200873362445414,4.8034934497816595,92.57641921397381,4.8034934497816595,87.77292576419214
E00183951,439,64,33,31,375,13,362,14.578587699316628,7.517084282460136,7.061503416856492,85.42141230068337,2.9612756264236904,82.46013667425967
E00183953,193,23,16,7,170,11,159,11.917098445595855,8.290155440414509,3.6269430051813467,88.08290155440415,5.699481865284974,82.38341968911918
E00183954,462,47,22,25,415,14,401,10.173160173160174,4.761904761904762,5.411255411255411,89.82683982683982,3.0303030303030303,86.7965367965368
E00183957,310,15,2,13,295,16,279,4.838709677419355,0.6451612903225806,4.193548387096775,95.16129032258065,5.161290322580645,90
E00183958,335,20,4,16,315,9,306,5.970149253731343,1.1940298507462688,4.776119402985075,94.02985074626866,2.6865671641791042,91.34328358208955
E00183959,315,12,1,11,303,11,292,3.8095238095238098,0.31746031746031744,3.492063492063492,96.19047619047619,3.492063492063492,92.6984126984127
E00183960,364,32,4,28,332,40,292,8.791208791208792,1.098901098901099,7.6923076923076925,91.20879120879121,10.989010989010989,80.21978021978022
E00183961,217,10,2,8,207,9,198,4.6082949308755765,0.9216589861751152,3.686635944700461,95.39170506912443,4.147465437788019,91.24423963133641
E00183964,277,35,19,16,242,1,241,12.63537906137184,6.859205776173286,5.776173285198556,87.36462093862815,0.36101083032490977,87.00361010830325
E00183965,213,14,0,14,199,6,193,6.572769953051644,0,6.572769953051644,93.42723004694837,2.8169014084507045,90.61032863849765
E00183966,319,56,34,22,263,17,246,17.55485893416928,10.658307210031348,6.896551724137931,82.44514106583071,5.329153605015674,77.11598746081505
E00183968,246,44,24,20,202,10,192,17.88617886178862,9.75609756097561,8.130081300813007,82.11382113821138,4.0650406504065035,78.04878048780488
E00183970,654,76,25,51,578,32,546,11.62079510703364,3.82262996941896,7.79816513761468,88.37920489296636,4.892966360856269,83.4862385321101
E00183972,254,42,18,24,212,13,199,16.535433070866144,7.086614173228346,9.448818897637794,83.46456692913385,5.118110236220472,78.34645669291339
E00183973,307,23,5,18,284,16,268,7.491856677524431,1.6286644951140066,5.863192182410423,92.50814332247556,5.211726384364821,87.29641693811075
E00183975,586,108,65,43,478,7,471,18.43003412969283,11.092150170648464,7.337883959044368,81.56996587030717,1.1945392491467577,80.3754266211604
E00183978,280,52,21,31,228,10,218,18.571428571428573,7.5,11.071428571428571,81.42857142857143,3.571428571428571,77.85714285714286
E00183979,469,45,16,29,424,38,386,9.594882729211088,3.411513859275053,6.183368869936034,90.40511727078892,8.102345415778252,82.30277185501066
E00183980,159,14,5,9,145,9,136,8.80503144654088,3.1446540880503147,5.660377358490567,91.19496855345912,5.660377358490567,85.53459119496856
E00183982,242,21,11,10,221,17,204,8.677685950413224,4.545454545454546,4.132231404958678,91.32231404958677,7.024793388429752,84.29752066115702
E00183984,490,54,24,30,436,20,416,11.020408163265307,4.8979591836734695,6.122448979591836,88.9795918367347,4.081632653061225,84.89795918367346
E00183985,277,25,12,13,252,19,233,9.025270758122744,4.332129963898916,4.693140794223827,90.97472924187726,6.859205776173286,84.11552346570397
E00183986,304,33,9,24,271,19,252,10.855263157894738,2.9605263157894735,7.894736842105263,89.14473684210526,6.25,82.89473684210526
E00183987,195,17,1,16,178,8,170,8.717948717948717,0.5128205128205128,8.205128205128204,91.28205128205128,4.102564102564102,87.17948717948718
E00183989,502,74,46,28,428,4,424,14.741035856573706,9.163346613545817,5.577689243027888,85.2589641434263,0.796812749003984,84.4621513944223
E00183991,346,19,4,15,327,14,313,5.491329479768786,1.1560693641618496,4.335260115606936,94.50867052023122,4.046242774566474,90.46242774566474
E00183992,306,22,11,11,284,10,274,7.18954248366013,3.594771241830065,3.594771241830065,92.81045751633987,3.2679738562091507,89.54248366013073
E00183994,164,14,8,6,150,9,141,8.536585365853659,4.878048780487805,3.6585365853658534,91.46341463414635,5.487804878048781,85.97560975609755
E00183995,233,25,6,19,208,15,193,10.72961373390558,2.575107296137339,8.15450643776824,89.27038626609442,6.437768240343347,82.83261802575107
E00183998,325,28,8,20,297,17,280,8.615384615384615,2.4615384615384617,6.153846153846154,91.38461538461539,5.230769230769231,86.15384615384616
E00184000,290,12,0,12,278,8,270,4.137931034482759,0,4.137931034482759,95.86206896551724,2.7586206896551726,93.10344827586206
E00184001,418,54,31,23,364,25,339,12.918660287081341,7.4162679425837315,5.502392344497608,87.08133971291866,5.980861244019139,81.10047846889952
E00184003,428,19,11,8,409,19,390,4.439252336448598,2.570093457943925,1.8691588785046727,95.56074766355141,4.439252336448598,91.1214953271028
E00184004,271,25,8,17,246,16,230,9.22509225092251,2.952029520295203,6.273062730627306,90.7749077490775,5.904059040590406,84.87084870848709
E00184005,342,37,21,16,305,9,296,10.818713450292398,6.140350877192982,4.678362573099415,89.18128654970761,2.631578947368421,86.54970760233918
E00184007,200,13,2,11,187,12,175,6.5,1,5.5,93.5,6,87.5
E00184008,456,36,21,15,420,17,403,7.894736842105263,4.605263157894736,3.289473684210526,92.10526315789474,3.7280701754385963,88.37719298245614
E00184009,468,47,24,23,421,6,415,10.042735042735043,5.128205128205128,4.914529914529915,89.95726495726495,1.282051282051282,88.67521367521367
E00184011,558,56,21,35,502,19,483,10.03584229390681,3.763440860215054,6.272401433691756,89.96415770609319,3.405017921146954,86.55913978494624
E00184013,422,75,36,39,347,7,340,17.77251184834123,8.530805687203792,9.24170616113744,82.22748815165876,1.6587677725118484,80.56872037914692
E00184014,245,17,8,9,228,14,214,6.938775510204081,3.2653061224489797,3.6734693877551026,93.06122448979592,5.714285714285714,87.34693877551021
E00184015,323,32,16,16,291,17,274,9.907120743034056,4.953560371517028,4.953560371517028,90.09287925696594,5.263157894736842,84.82972136222911
E00184016,240,21,6,15,219,9,210,8.75,2.5,6.25,91.25,3.75,87.5
E00184017,599,69,15,54,530,26,504,11.519198664440735,2.5041736227045077,9.015025041736227,88.48080133555926,4.340567612687813,84.14023372287144
E00184019,458,72,47,25,386,9,377,15.72052401746725,10.262008733624455,5.458515283842795,84.27947598253274,1.9650655021834063,82.31441048034934
E00184020,316,22,7,15,294,18,276,6.962025316455696,2.2151898734177213,4.746835443037975,93.0379746835443,5.69620253164557,87.34177215189874
E00184021,399,51,33,18,348,20,328,12.781954887218044,8.270676691729323,4.511278195488721,87.21804511278195,5.012531328320802,82.20551378446115
E00184022,320,50,20,30,270,15,255,15.625,6.25,9.375,84.375,4.6875,79.6875
E00184024,448,59,28,31,389,13,376,13.169642857142858,6.25,6.919642857142858,86.83035714285714,2.9017857142857144,83.92857142857143
E00184028,347,49,22,27,298,9,289,14.121037463976945,6.340057636887608,7.780979827089338,85.87896253602305,2.5936599423631126,83.28530259365994
E00184036,231,43,22,21,188,11,177,18.614718614718615,9.523809523809524,9.090909090909092,81.38528138528139,4.761904761904762,76.62337662337663
E00184038,330,56,27,29,274,9,265,16.969696969696972,8.181818181818182,8.787878787878787,83.03030303030303,2.727272727272727,80.3030303030303
E00184039,553,80,40,40,473,25,448,14.466546112115733,7.233273056057866,7.233273056057866,85.53345388788426,4.520795660036167,81.0126582278481
E00184040,226,15,1,14,211,16,195,6.637168141592921,0.4424778761061947,6.1946902654867255,93.36283185840708,7.079646017699115,86.28318584070797
E00184041,322,17,6,11,305,15,290,5.279503105590062,1.8633540372670807,3.4161490683229814,94.72049689440993,4.658385093167702,90.06211180124224
E00184042,448,35,19,16,413,13,400,7.8125,4.241071428571429,3.571428571428571,92.1875,2.9017857142857144,89.28571428571429
E00184043,169,19,3,16,150,13,137,11.242603550295858,1.7751479289940828,9.467455621301776,88.75739644970415,7.6923076923076925,81.06508875739645
E00184044,364,41,5,36,323,25,298,11.263736263736265,1.3736263736263736,9.89010989010989,88.73626373626374,6.868131868131869,81.86813186813187
E00184045,251,15,3,12,236,14,222,5.9760956175298805,1.1952191235059761,4.780876494023905,94.02390438247012,5.577689243027888,88.44621513944223
E00184046,208,14,3,11,194,8,186,6.730769230769231,1.4423076923076923,5.288461538461538,93.26923076923077,3.8461538461538463,89.42307692307693
E00184047,407,45,21,24,362,15,347,11.056511056511056,5.159705159705159,5.896805896805897,88.94348894348894,3.6855036855036856,85.25798525798525
E00184050,280,22,6,16,258,17,241,7.857142857142857,2.142857142857143,5.714285714285714,92.14285714285714,6.071428571428571,86.07142857142858
E00184051,124,1,1,0,123,7,116,0.8064516129032258,0.8064516129032258,0,99.19354838709677,5.64516129032258,93.54838709677419
E00184054,273,14,1,13,259,21,238,5.128205128205128,0.3663003663003663,4.761904761904762,94.87179487179486,7.6923076923076925,87.17948717948718
E00184055,156,12,3,9,144,5,139,7.6923076923076925,1.9230769230769231,5.769230769230769,92.3076923076923,3.205128205128205,89.1025641025641
E00184056,315,44,23,21,271,16,255,13.968253968253968,7.301587301587302,6.666666666666667,86.03174603174604,5.079365079365079,80.95238095238095
E00184057,151,12,4,8,139,15,124,7.9470198675496695,2.6490066225165565,5.298013245033113,92.05298013245033,9.933774834437086,82.11920529801324
E00184060,229,17,0,17,212,14,198,7.423580786026202,0,7.423580786026202,92.57641921397381,6.11353711790393,86.46288209606988
E00184061,265,17,7,10,248,16,232,6.415094339622642,2.6415094339622645,3.7735849056603774,93.58490566037736,6.037735849056604,87.54716981132076
E00184062,301,14,8,6,287,13,274,4.651162790697675,2.6578073089700998,1.9933554817275747,95.34883720930233,4.318936877076411,91.0299003322259
E00184063,436,76,38,38,360,16,344,17.431192660550458,8.715596330275229,8.715596330275229,82.56880733944955,3.669724770642202,78.89908256880734
E00184064,357,31,9,22,326,4,322,8.683473389355742,2.5210084033613445,6.162464985994398,91.31652661064426,1.1204481792717087,90.19607843137256
E00184065,282,47,16,31,235,17,218,16.666666666666664,5.673758865248227,10.99290780141844,83.33333333333334,6.028368794326241,77.30496453900709
E00184066,149,15,2,13,134,8,126,10.06711409395973,1.342281879194631,8.724832214765101,89.93288590604027,5.369127516778524,84.56375838926175
E00184067,309,42,17,25,267,9,258,13.592233009708737,5.501618122977346,8.090614886731391,86.40776699029125,2.912621359223301,83.49514563106796
E00184068,120,17,8,9,103,6,97,14.166666666666666,6.666666666666667,7.5,85.83333333333333,5,80.83333333333333
E00184069,337,56,22,34,281,15,266,16.61721068249258,6.528189910979229,10.089020771513352,83.38278931750742,4.451038575667656,78.93175074183976
E00184070,291,31,7,24,260,21,239,10.652920962199312,2.405498281786942,8.24742268041237,89.3470790378007,7.216494845360824,82.13058419243985
E00184071,416,15,3,12,401,17,384,3.6057692307692304,0.7211538461538461,2.8846153846153846,96.39423076923077,4.086538461538462,92.3076923076923
E00184072,379,31,12,19,348,13,335,8.179419525065963,3.16622691292876,5.013192612137203,91.82058047493403,3.430079155672823,88.39050131926122
E00184073,262,13,2,11,249,15,234,4.961832061068702,0.7633587786259541,4.198473282442748,95.0381679389313,5.7251908396946565,89.31297709923665
E00184074,305,43,21,22,262,21,241,14.098360655737704,6.885245901639345,7.213114754098362,85.90163934426229,6.885245901639345,79.01639344262294
E00184075,248,15,3,12,233,11,222,6.048387096774194,1.2096774193548387,4.838709677419355,93.95161290322581,4.435483870967742,89.51612903225806
E00184077,368,52,24,28,316,8,308,14.130434782608695,6.521739130434782,7.608695652173914,85.86956521739131,2.1739130434782608,83.69565217391305
E00184079,315,41,18,23,274,13,261,13.015873015873018,5.714285714285714,7.301587301587302,86.98412698412699,4.1269841269841265,82.85714285714286
E00184082,473,18,6,12,455,20,435,3.8054968287526427,1.2684989429175475,2.536997885835095,96.19450317124736,4.2283298097251585,91.9661733615222
E00184083,560,62,27,35,498,20,478,11.071428571428571,4.821428571428572,6.25,88.92857142857142,3.571428571428571,85.35714285714285
E00184085,129,17,3,14,112,4,108,13.178294573643413,2.3255813953488373,10.852713178294573,86.82170542635659,3.10077519379845,83.72093023255815
E00184086,311,11,1,10,300,10,290,3.536977491961415,0.3215434083601286,3.215434083601286,96.46302250803859,3.215434083601286,93.2475884244373
E00184088,203,19,1,18,184,10,174,9.35960591133005,0.49261083743842365,8.866995073891626,90.64039408866995,4.926108374384237,85.71428571428571
E00184089,280,23,13,10,257,10,247,8.214285714285714,4.642857142857143,3.571428571428571,91.78571428571428,3.571428571428571,88.21428571428571
E00184091,287,31,16,15,256,16,240,10.801393728222997,5.574912891986063,5.2264808362369335,89.19860627177701,5.574912891986063,83.62369337979094
E00184092,394,56,22,34,338,13,325,14.213197969543149,5.583756345177665,8.629441624365482,85.78680203045685,3.2994923857868024,82.48730964467005
E00184094,384,40,14,26,344,8,336,10.416666666666668,3.6458333333333335,6.770833333333333,89.58333333333334,2.083333333333333,87.5
E00184095,400,48,24,24,352,11,341,12,6,6,88,2.75,85.25
E00184099,289,29,21,8,260,9,251,10.034602076124568,7.26643598615917,2.768166089965398,89.96539792387543,3.1141868512110724,86.85121107266436
E00184100,385,67,33,34,318,15,303,17.402597402597404,8.571428571428571,8.831168831168831,82.5974025974026,3.896103896103896,78.70129870129871
E00184101,253,13,5,8,240,21,219,5.138339920948617,1.9762845849802373,3.1620553359683794,94.86166007905138,8.300395256916996,86.56126482213439
E00184102,487,69,19,50,418,29,389,14.168377823408623,3.9014373716632447,10.266940451745379,85.83162217659137,5.95482546201232,79.87679671457906
E00184104,287,25,9,16,262,13,249,8.710801393728223,3.1358885017421603,5.574912891986063,91.28919860627178,4.529616724738676,86.7595818815331
E00184106,310,25,8,17,285,23,262,8.064516129032258,2.5806451612903225,5.483870967741936,91.93548387096774,7.419354838709677,84.51612903225806
E00184107,273,14,5,9,259,13,246,5.128205128205128,1.8315018315018317,3.296703296703297,94.87179487179486,4.761904761904762,90.10989010989012
E00184108,466,80,47,33,386,12,374,17.167381974248926,10.085836909871244,7.081545064377683,82.83261802575107,2.575107296137339,80.25751072961373
E00184110,379,50,21,29,329,15,314,13.192612137203167,5.540897097625329,7.651715039577836,86.80738786279683,3.95778364116095,82.84960422163589
E00184111,327,40,11,29,287,11,276,12.232415902140673,3.3639143730886847,8.868501529051988,87.76758409785933,3.3639143730886847,84.40366972477065
E00184112,405,44,21,23,361,14,347,10.864197530864198,5.185185185185185,5.679012345679013,89.13580246913581,3.45679012345679,85.67901234567901
E00184114,292,26,11,15,266,21,245,8.904109589041095,3.767123287671233,5.136986301369863,91.0958904109589,7.191780821917808,83.9041095890411
E00184117,263,10,2,8,253,9,244,3.802281368821293,0.7604562737642585,3.041825095057034,96.1977186311787,3.4220532319391634,92.77566539923954
E00184119,317,34,18,16,283,11,272,10.725552050473187,5.678233438485805,5.047318611987381,89.27444794952682,3.4700315457413247,85.8044164037855
E00184121,127,16,7,9,111,7,104,12.598425196850393,5.511811023622047,7.086614173228346,87.4015748031496,5.511811023622047,81.88976377952756
E00184124,308,38,10,28,270,10,260,12.337662337662337,3.2467532467532463,9.090909090909092,87.66233766233766,3.2467532467532463,84.4155844155844
E00184125,151,16,8,8,135,7,128,10.596026490066226,5.298013245033113,5.298013245033113,89.40397350993378,4.635761589403973,84.76821192052981
E00184126,495,47,19,28,448,6,442,9.494949494949495,3.8383838383838382,5.656565656565657,90.5050505050505,1.2121212121212122,89.29292929292929
E00184127,227,19,4,15,208,19,189,8.370044052863436,1.762114537444934,6.607929515418502,91.62995594713657,8.370044052863436,83.25991189427313
E00184128,268,44,21,23,224,23,201,16.417910447761194,7.835820895522389,8.582089552238806,83.5820895522388,8.582089552238806,75
E00184129,391,43,20,23,348,7,341,10.997442455242968,5.115089514066496,5.88235294117647,89.00255754475704,1.7902813299232736,87.21227621483376
E00184130,229,29,9,20,200,8,192,12.663755458515283,3.9301310043668125,8.73362445414847,87.33624454148472,3.4934497816593884,83.84279475982532
E00184132,336,45,20,25,291,8,283,13.392857142857142,5.952380952380952,7.440476190476191,86.60714285714286,2.380952380952381,84.22619047619048
E00184134,459,44,20,24,415,9,406,9.586056644880173,4.357298474945534,5.228758169934641,90.41394335511983,1.9607843137254901,88.45315904139433
E00184135,444,57,21,36,387,24,363,12.837837837837837,4.72972972972973,8.108108108108109,87.16216216216216,5.405405405405405,81.75675675675676
E00184136,342,38,13,25,304,19,285,11.11111111111111,3.8011695906432745,7.309941520467836,88.88888888888889,5.555555555555555,83.33333333333334
E00190013,228,30,6,24,198,13,185,13.157894736842104,2.631578947368421,10.526315789473683,86.8421052631579,5.701754385964912,81.14035087719299
E00190014,512,64,27,37,448,27,421,12.5,5.2734375,7.2265625,87.5,5.2734375,82.2265625
