OA,ts0590001,ts0590002,ts0590003,ts0590004,ts0590005,ts0590006,ts0590007,ts0590002_PCT,ts0590003_PCT,ts0590004_PCT,ts0590005_PCT,ts0590006_PCT,ts0590007_PCT
E00091386,146,40,13,27,106,91,15,27.397260273972602,8.904109589041095,18.493150684931507,72.6027397260274,62.328767123287676,10.273972602739725
E00091387,161,43,18,25,118,93,25,26.70807453416149,11.180124223602485,15.527950310559005,73.29192546583852,57.7639751552795,15.527950310559005
E00091388,162,44,15,29,118,97,21,27.160493827160494,9.25925925925926,17.901234567901234,72.8395061728395,59.876543209876544,12.962962962962962
E00091389,117,36,12,24,81,72,9,30.76923076923077,10.256410256410255,20.51282051282051,69.23076923076923,61.53846153846154,7.6923076923076925
E00091390,250,66,30,36,184,159,25,26.400000000000002,12,14.399999999999999,73.6,63.6,10
E00091391,158,51,22,29,107,84,23,32.278481012658226,13.924050632911392,18.354430379746837,67.72151898734177,53.16455696202531,14.556962025316455
E00091392,140,32,10,22,108,93,15,22.857142857142858,7.142857142857142,15.714285714285714,77.14285714285715,66.42857142857143,10.714285714285714
E00091395,187,40,17,23,147,125,22,21.390374331550802,9.090909090909092,12.299465240641712,78.6096256684492,66.84491978609626,11.76470588235294
E00091396,113,29,10,19,84,73,11,25.663716814159294,8.849557522123893,16.8141592920354,74.33628318584071,64.60176991150442,9.734513274336283
E00091397,151,44,19,25,107,88,19,29.13907284768212,12.582781456953644,16.55629139072848,70.86092715231787,58.27814569536424,12.582781456953644
E00091398,100,37,15,22,63,55,8,37,15,22,63,55.00000000000001,8
E00091399,123,31,12,19,92,77,15,25.203252032520325,9.75609756097561,15.447154471544716,74.79674796747967,62.601626016260155,12.195121951219512
E00091400,180,48,14,34,132,115,17,26.666666666666668,7.777777777777778,18.88888888888889,73.33333333333333,63.888888888888886,9.444444444444445
E00091401,171,43,21,22,128,101,27,25.146198830409354,12.280701754385964,12.865497076023392,74.85380116959064,59.06432748538012,15.789473684210526
E00091402,144,47,20,27,97,71,26,32.63888888888889,13.88888888888889,18.75,67.36111111111111,49.30555555555556,18.055555555555554
E00091403,180,37,19,18,143,120,23,20.555555555555554,10.555555555555555,10,79.44444444444444,66.66666666666666,12.777777777777777
E00091404,132,38,12,26,94,74,20,28.78787878787879,9.090909090909092,19.696969696969695,71.21212121212122,56.060606060606055,15.151515151515152
E00091407,289,66,21,45,223,190,33,22.837370242214533,7.26643598615917,15.570934256055363,77.16262975778547,65.7439446366782,11.418685121107266
E00091408,167,45,15,30,122,104,18,26.94610778443114,8.982035928143713,17.964071856287426,73.05389221556887,62.27544910179641,10.778443113772456
E00091409,118,32,12,20,86,79,7,27.11864406779661,10.16949152542373,16.94915254237288,72.88135593220339,66.94915254237289,5.932203389830509
E00091410,204,44,4,40,160,144,16,21.568627450980394,1.9607843137254901,19.607843137254903,78.43137254901961,70.58823529411765,7.8431372549019605
E00091411,134,39,10,29,95,83,12,29.1044776119403,7.462686567164178,21.641791044776117,70.8955223880597,61.940298507462686,8.955223880597014
E00091412,169,46,22,24,123,97,26,27.218934911242602,13.017751479289942,14.201183431952662,72.7810650887574,57.396449704142015,15.384615384615385
E00091413,152,42,14,28,110,88,22,27.631578947368425,9.210526315789473,18.421052631578945,72.36842105263158,57.89473684210527,14.473684210526317
E00091414,113,40,18,22,73,60,13,35.39823008849557,15.929203539823009,19.469026548672566,64.60176991150442,53.09734513274337,11.504424778761061
E00091416,140,34,13,21,106,87,19,24.285714285714285,9.285714285714286,15,75.71428571428571,62.142857142857146,13.571428571428571
E00091417,169,64,26,38,105,89,16,37.8698224852071,15.384615384615385,22.485207100591715,62.1301775147929,52.662721893491124,9.467455621301776
E00091418,129,41,16,25,88,70,18,31.782945736434108,12.4031007751938,19.379844961240313,68.21705426356588,54.263565891472865,13.953488372093023
E00091419,57,30,10,20,27,27,0,52.63157894736842,17.543859649122805,35.08771929824561,47.368421052631575,47.368421052631575,0
E00091420,172,44,22,22,128,109,19,25.581395348837212,12.790697674418606,12.790697674418606,74.4186046511628,63.372093023255815,11.046511627906977
E00091421,136,37,16,21,99,80,19,27.205882352941174,11.76470588235294,15.441176470588236,72.79411764705883,58.82352941176471,13.970588235294118
E00091422,123,37,16,21,86,77,9,30.081300813008134,13.008130081300814,17.073170731707318,69.91869918699187,62.601626016260155,7.317073170731707
E00091423,70,20,8,12,50,44,6,28.57142857142857,11.428571428571429,17.142857142857142,71.42857142857143,62.857142857142854,8.571428571428571
E00091424,140,33,12,21,107,93,14,23.57142857142857,8.571428571428571,15,76.42857142857142,66.42857142857143,10
E00091425,183,56,23,33,127,105,22,30.601092896174865,12.568306010928962,18.0327868852459,69.39890710382514,57.377049180327866,12.021857923497267
E00091426,194,60,23,37,134,106,28,30.927835051546392,11.855670103092782,19.072164948453608,69.0721649484536,54.63917525773196,14.432989690721648
E00091427,83,26,12,14,57,46,11,31.32530120481928,14.457831325301203,16.867469879518072,68.67469879518072,55.42168674698795,13.253012048192772
E00091428,179,55,13,42,124,101,23,30.726256983240223,7.262569832402235,23.463687150837988,69.27374301675978,56.424581005586596,12.849162011173185
E00091429,139,35,9,26,104,94,10,25.179856115107913,6.474820143884892,18.705035971223023,74.82014388489209,67.62589928057554,7.1942446043165464
E00091430,122,43,14,29,79,64,15,35.24590163934426,11.475409836065573,23.770491803278688,64.75409836065575,52.459016393442624,12.295081967213115
E00091431,180,67,32,35,113,88,25,37.22222222222222,17.77777777777778,19.444444444444446,62.77777777777778,48.888888888888886,13.88888888888889
E00091432,159,55,17,38,104,90,14,34.59119496855346,10.69182389937107,23.89937106918239,65.40880503144653,56.60377358490566,8.80503144654088
E00091433,177,61,23,38,116,94,22,34.463276836158194,12.994350282485875,21.468926553672315,65.5367231638418,53.10734463276836,12.429378531073446
E00091434,125,33,11,22,92,81,11,26.400000000000002,8.799999999999999,17.599999999999998,73.6,64.8,8.799999999999999
E00091435,199,49,13,36,150,132,18,24.623115577889447,6.532663316582915,18.090452261306535,75.37688442211056,66.33165829145729,9.045226130653267
E00091436,201,49,22,27,152,131,21,24.378109452736318,10.945273631840797,13.432835820895523,75.62189054726367,65.17412935323384,10.44776119402985
E00091437,161,37,14,23,124,98,26,22.981366459627328,8.695652173913043,14.285714285714285,77.01863354037268,60.86956521739131,16.149068322981368
E00091438,162,46,14,32,116,94,22,28.39506172839506,8.641975308641975,19.753086419753085,71.60493827160494,58.0246913580247,13.580246913580247
E00091439,146,49,20,29,97,80,17,33.56164383561644,13.698630136986301,19.863013698630137,66.43835616438356,54.794520547945204,11.643835616438356
E00091440,131,38,17,21,93,82,11,29.00763358778626,12.977099236641221,16.030534351145036,70.99236641221374,62.59541984732825,8.396946564885496
E00091441,157,48,19,29,109,97,12,30.573248407643312,12.101910828025478,18.471337579617835,69.42675159235668,61.78343949044586,7.643312101910828
E00091442,186,58,20,38,128,107,21,31.182795698924732,10.75268817204301,20.43010752688172,68.81720430107528,57.52688172043011,11.29032258064516
E00091443,172,59,19,40,113,101,12,34.30232558139535,11.046511627906977,23.25581395348837,65.69767441860465,58.720930232558146,6.976744186046512
E00091444,181,49,12,37,132,117,15,27.071823204419886,6.629834254143646,20.441988950276244,72.92817679558011,64.64088397790056,8.287292817679557
E00091445,87,23,10,13,64,58,6,26.436781609195403,11.494252873563218,14.942528735632186,73.5632183908046,66.66666666666666,6.896551724137931
E00091446,110,32,13,19,78,64,14,29.09090909090909,11.818181818181818,17.272727272727273,70.9090909090909,58.18181818181818,12.727272727272727
E00091447,224,62,17,45,162,119,43,27.67857142857143,7.5892857142857135,20.089285714285715,72.32142857142857,53.125,19.196428571428573
E00091448,86,29,11,18,57,45,12,33.72093023255814,12.790697674418606,20.930232558139537,66.27906976744185,52.32558139534884,13.953488372093023
E00091449,177,62,31,31,115,83,32,35.02824858757062,17.51412429378531,17.51412429378531,64.97175141242938,46.89265536723164,18.07909604519774
E00091450,179,43,14,29,136,93,43,24.022346368715084,7.82122905027933,16.201117318435752,75.97765363128491,51.955307262569825,24.022346368715084
E00091451,88,31,15,16,57,47,10,35.22727272727273,17.045454545454543,18.181818181818183,64.77272727272727,53.40909090909091,11.363636363636363
E00091452,134,47,16,31,87,75,12,35.07462686567165,11.940298507462686,23.134328358208954,64.92537313432835,55.970149253731336,8.955223880597014
E00091453,158,39,15,24,119,91,28,24.68354430379747,9.49367088607595,15.18987341772152,75.31645569620254,57.59493670886076,17.72151898734177
E00091454,101,28,12,16,73,53,20,27.722772277227726,11.881188118811881,15.841584158415841,72.27722772277228,52.475247524752476,19.801980198019802
E00091455,117,27,12,15,90,74,16,23.076923076923077,10.256410256410255,12.82051282051282,76.92307692307693,63.24786324786324,13.675213675213676
E00091456,143,52,24,28,91,69,22,36.36363636363637,16.783216783216783,19.58041958041958,63.63636363636363,48.25174825174825,15.384615384615385
E00091457,197,48,23,25,149,117,32,24.36548223350254,11.6751269035533,12.690355329949238,75.63451776649747,59.390862944162436,16.243654822335024
E00091458,73,17,4,13,56,41,15,23.28767123287671,5.47945205479452,17.80821917808219,76.71232876712328,56.16438356164384,20.54794520547945
E00091459,124,35,11,24,89,70,19,28.225806451612907,8.870967741935484,19.35483870967742,71.7741935483871,56.451612903225815,15.32258064516129
E00091460,170,53,21,32,117,80,37,31.176470588235293,12.352941176470589,18.823529411764707,68.82352941176471,47.05882352941176,21.764705882352942
E00091461,149,45,18,27,104,84,20,30.201342281879196,12.080536912751679,18.120805369127517,69.79865771812081,56.375838926174495,13.422818791946309
E00091462,176,47,26,21,129,83,46,26.704545454545453,14.772727272727273,11.931818181818182,73.29545454545455,47.159090909090914,26.136363636363637
E00091463,146,40,17,23,106,87,19,27.397260273972602,11.643835616438356,15.753424657534246,72.6027397260274,59.589041095890416,13.013698630136986
E00091464,156,33,7,26,123,88,35,21.153846153846153,4.487179487179487,16.666666666666664,78.84615384615384,56.41025641025641,22.435897435897438
E00091465,138,41,13,28,97,75,22,29.71014492753623,9.420289855072465,20.28985507246377,70.28985507246377,54.347826086956516,15.942028985507244
E00091466,153,45,20,25,108,73,35,29.411764705882355,13.071895424836603,16.33986928104575,70.58823529411765,47.712418300653596,22.875816993464053
E00091467,60,23,7,16,37,30,7,38.333333333333336,11.666666666666666,26.666666666666668,61.66666666666667,50,11.666666666666666
E00091468,155,41,16,25,114,91,23,26.451612903225808,10.32258064516129,16.129032258064516,73.54838709677419,58.70967741935483,14.838709677419354
E00091469,175,50,23,27,125,108,17,28.57142857142857,13.142857142857142,15.428571428571427,71.42857142857143,61.71428571428571,9.714285714285714
E00091470,222,50,13,37,172,145,27,22.52252252252252,5.8558558558558556,16.666666666666664,77.47747747747748,65.31531531531532,12.162162162162163
E00091473,174,48,18,30,126,106,20,27.586206896551722,10.344827586206897,17.24137931034483,72.41379310344827,60.91954022988506,11.494252873563218
E00091474,140,43,18,25,97,76,21,30.714285714285715,12.857142857142856,17.857142857142858,69.28571428571428,54.285714285714285,15
E00091475,182,47,14,33,135,108,27,25.82417582417583,7.6923076923076925,18.13186813186813,74.17582417582418,59.34065934065934,14.835164835164836
E00091476,152,38,15,23,114,96,18,25,9.868421052631579,15.131578947368421,75,63.1578947368421,11.842105263157894
E00091477,301,79,23,56,222,187,35,26.245847176079735,7.641196013289036,18.6046511627907,73.75415282392026,62.12624584717608,11.627906976744185
E00091478,327,82,24,58,245,211,34,25.076452599388375,7.339449541284404,17.737003058103976,74.92354740061162,64.52599388379205,10.397553516819572
E00091480,168,37,12,25,131,112,19,22.023809523809522,7.142857142857142,14.880952380952381,77.97619047619048,66.66666666666666,11.30952380952381
E00091481,198,51,17,34,147,117,30,25.757575757575758,8.585858585858585,17.17171717171717,74.24242424242425,59.09090909090909,15.151515151515152
E00091482,146,41,14,27,105,83,22,28.08219178082192,9.58904109589041,18.493150684931507,71.91780821917808,56.849315068493155,15.068493150684931
E00091483,138,40,12,28,98,75,23,28.985507246376812,8.695652173913043,20.28985507246377,71.01449275362319,54.347826086956516,16.666666666666664
E00091484,147,45,17,28,102,88,14,30.612244897959183,11.564625850340136,19.047619047619047,69.38775510204081,59.863945578231295,9.523809523809524
E00091485,112,21,8,13,91,77,14,18.75,7.142857142857142,11.607142857142858,81.25,68.75,12.5
E00091486,125,35,14,21,90,76,14,28.000000000000004,11.200000000000001,16.8,72,60.8,11.200000000000001
E00091487,162,52,20,32,110,92,18,32.098765432098766,12.345679012345679,19.753086419753085,67.90123456790124,56.79012345679012,11.11111111111111
E00091488,165,33,6,27,132,112,20,20,3.6363636363636362,16.363636363636363,80,67.87878787878789,12.121212121212121
E00091489,129,30,10,20,99,79,20,23.25581395348837,7.751937984496124,15.503875968992247,76.74418604651163,61.240310077519375,15.503875968992247
E00091490,193,64,17,47,129,112,17,33.160621761658035,8.808290155440414,24.352331606217618,66.83937823834198,58.03108808290155,8.808290155440414
E00091491,117,30,10,20,87,79,8,25.64102564102564,8.547008547008547,17.094017094017094,74.35897435897436,67.52136752136752,6.837606837606838
E00091492,184,40,12,28,144,123,21,21.73913043478261,6.521739130434782,15.217391304347828,78.26086956521739,66.84782608695652,11.41304347826087
E00091493,143,28,12,16,115,98,17,19.58041958041958,8.391608391608392,11.188811188811188,80.41958041958041,68.53146853146853,11.888111888111888
E00091494,247,68,25,43,179,152,27,27.530364372469634,10.121457489878543,17.408906882591094,72.46963562753037,61.53846153846154,10.931174089068826
E00091495,162,45,17,28,117,106,11,27.77777777777778,10.493827160493826,17.28395061728395,72.22222222222221,65.4320987654321,6.790123456790123
E00091496,114,17,3,14,97,79,18,14.912280701754385,2.631578947368421,12.280701754385964,85.08771929824562,69.2982456140351,15.789473684210526
E00091497,192,63,23,40,129,92,37,32.8125,11.979166666666668,20.833333333333336,67.1875,47.91666666666667,19.270833333333336
E00091498,162,43,19,24,119,85,34,26.543209876543212,11.728395061728394,14.814814814814813,73.4567901234568,52.46913580246913,20.98765432098765
E00091499,181,50,22,28,131,110,21,27.624309392265197,12.154696132596685,15.469613259668508,72.37569060773481,60.773480662983424,11.602209944751381
E00091500,125,37,17,20,88,73,15,29.599999999999998,13.600000000000001,16,70.39999999999999,58.4,12
E00091501,190,56,22,34,134,112,22,29.47368421052631,11.578947368421053,17.894736842105264,70.52631578947368,58.94736842105262,11.578947368421053
E00091502,171,55,22,33,116,88,28,32.16374269005848,12.865497076023392,19.298245614035086,67.83625730994152,51.461988304093566,16.374269005847953
E00091503,161,49,15,34,112,95,17,30.434782608695656,9.316770186335404,21.11801242236025,69.56521739130434,59.006211180124225,10.559006211180124
E00091504,142,38,12,26,104,79,25,26.76056338028169,8.450704225352112,18.30985915492958,73.23943661971832,55.633802816901415,17.6056338028169
E00091505,175,47,18,29,128,99,29,26.857142857142858,10.285714285714285,16.57142857142857,73.14285714285714,56.57142857142857,16.57142857142857
E00091506,214,59,22,37,155,117,38,27.570093457943923,10.2803738317757,17.289719626168225,72.42990654205607,54.67289719626168,17.75700934579439
E00091507,169,43,13,30,126,107,19,25.443786982248522,7.6923076923076925,17.75147928994083,74.55621301775149,63.31360946745562,11.242603550295858
E00091509,138,41,12,29,97,72,25,29.71014492753623,8.695652173913043,21.014492753623188,70.28985507246377,52.17391304347826,18.115942028985508
E00091510,224,50,22,28,174,134,40,22.321428571428573,9.821428571428571,12.5,77.67857142857143,59.82142857142857,17.857142857142858
E00091511,174,43,13,30,131,112,19,24.71264367816092,7.471264367816093,17.24137931034483,75.28735632183908,64.36781609195403,10.919540229885058
E00091512,169,39,13,26,130,118,12,23.076923076923077,7.6923076923076925,15.384615384615385,76.92307692307693,69.8224852071006,7.100591715976331
E00091513,232,62,18,44,170,143,27,26.72413793103448,7.758620689655173,18.96551724137931,73.27586206896551,61.63793103448276,11.637931034482758
E00091514,123,28,6,22,95,83,12,22.76422764227642,4.878048780487805,17.88617886178862,77.23577235772358,67.47967479674797,9.75609756097561
E00091515,154,42,12,30,112,98,14,27.27272727272727,7.792207792207792,19.480519480519483,72.72727272727273,63.63636363636363,9.090909090909092
E00091516,112,43,12,31,69,57,12,38.392857142857146,10.714285714285714,27.67857142857143,61.60714285714286,50.89285714285714,10.714285714285714
E00091517,159,35,7,28,124,107,17,22.0125786163522,4.40251572327044,17.61006289308176,77.9874213836478,67.29559748427673,10.69182389937107
E00091518,166,40,12,28,126,108,18,24.096385542168676,7.228915662650602,16.867469879518072,75.90361445783132,65.06024096385542,10.843373493975903
E00091519,118,40,15,25,78,65,13,33.89830508474576,12.711864406779661,21.1864406779661,66.10169491525424,55.08474576271186,11.016949152542372
E00091520,195,48,12,36,147,129,18,24.615384615384617,6.153846153846154,18.461538461538463,75.38461538461539,66.15384615384615,9.230769230769232
E00091521,127,37,14,23,90,72,18,29.133858267716533,11.023622047244094,18.11023622047244,70.86614173228347,56.69291338582677,14.173228346456693
E00091522,180,28,12,16,152,130,22,15.555555555555555,6.666666666666667,8.88888888888889,84.44444444444444,72.22222222222221,12.222222222222221
E00091524,156,48,22,26,108,79,29,30.76923076923077,14.102564102564102,16.666666666666664,69.23076923076923,50.641025641025635,18.58974358974359
E00091525,140,35,7,28,105,90,15,25,5,20,75,64.28571428571429,10.714285714285714
E00091526,136,30,9,21,106,94,12,22.058823529411764,6.61764705882353,15.441176470588236,77.94117647058823,69.11764705882352,8.823529411764707
E00091527,132,40,12,28,92,81,11,30.303030303030305,9.090909090909092,21.21212121212121,69.6969696969697,61.36363636363637,8.333333333333332
E00091528,128,30,9,21,98,82,16,23.4375,7.03125,16.40625,76.5625,64.0625,12.5
E00091529,154,42,16,26,112,100,12,27.27272727272727,10.38961038961039,16.883116883116884,72.72727272727273,64.93506493506493,7.792207792207792
E00091530,107,33,16,17,74,74,0,30.8411214953271,14.953271028037381,15.887850467289718,69.1588785046729,69.1588785046729,0
E00091531,109,27,6,21,82,62,20,24.770642201834864,5.5045871559633035,19.26605504587156,75.22935779816514,56.88073394495413,18.34862385321101
E00091532,227,40,19,21,187,170,17,17.62114537444934,8.370044052863436,9.251101321585903,82.37885462555066,74.8898678414097,7.488986784140969
E00091533,205,57,21,36,148,133,15,27.80487804878049,10.24390243902439,17.560975609756095,72.1951219512195,64.8780487804878,7.317073170731707
E00091534,166,47,20,27,119,106,13,28.313253012048197,12.048192771084338,16.265060240963855,71.6867469879518,63.85542168674698,7.83132530120482
E00091535,148,29,9,20,119,104,15,19.594594594594593,6.081081081081082,13.513513513513514,80.4054054054054,70.27027027027027,10.135135135135135
E00091536,160,39,14,25,121,105,16,24.375,8.75,15.625,75.625,65.625,10
E00091537,225,52,19,33,173,150,23,23.11111111111111,8.444444444444445,14.666666666666666,76.88888888888889,66.66666666666666,10.222222222222223
E00091538,199,44,18,26,155,134,21,22.110552763819097,9.045226130653267,13.06532663316583,77.88944723618091,67.33668341708542,10.552763819095476
E00091539,221,40,11,29,181,160,21,18.099547511312217,4.97737556561086,13.122171945701359,81.90045248868778,72.39819004524887,9.502262443438914
E00091540,139,40,10,30,99,87,12,28.776978417266186,7.1942446043165464,21.58273381294964,71.22302158273382,62.589928057553955,8.633093525179856
E00091541,189,44,16,28,145,132,13,23.28042328042328,8.465608465608465,14.814814814814813,76.71957671957672,69.84126984126983,6.878306878306878
E00091542,175,54,24,30,121,106,15,30.857142857142854,13.714285714285715,17.142857142857142,69.14285714285714,60.57142857142858,8.571428571428571
E00091543,167,54,22,32,113,103,10,32.33532934131736,13.17365269461078,19.16167664670659,67.66467065868264,61.67664670658682,5.9880239520958085
E00091544,156,54,17,37,102,90,12,34.61538461538461,10.897435897435898,23.717948717948715,65.38461538461539,57.692307692307686,7.6923076923076925
E00091545,166,51,16,35,115,98,17,30.72289156626506,9.63855421686747,21.084337349397593,69.27710843373494,59.036144578313255,10.240963855421686
E00091546,191,55,11,44,136,120,16,28.79581151832461,5.7591623036649215,23.036649214659686,71.20418848167539,62.82722513089005,8.37696335078534
E00091547,182,54,21,33,128,117,11,29.67032967032967,11.538461538461538,18.13186813186813,70.32967032967034,64.28571428571429,6.043956043956044
E00091548,159,31,7,24,128,99,29,19.49685534591195,4.40251572327044,15.09433962264151,80.50314465408806,62.264150943396224,18.238993710691823
E00091549,251,71,28,43,180,165,15,28.286852589641438,11.155378486055776,17.131474103585656,71.71314741035857,65.73705179282868,5.9760956175298805
E00091550,176,42,15,27,134,119,15,23.863636363636363,8.522727272727272,15.340909090909092,76.13636363636364,67.61363636363636,8.522727272727272
E00091551,240,60,17,43,180,162,18,25,7.083333333333333,17.916666666666668,75,67.5,7.5
E00091552,186,52,20,32,134,118,16,27.956989247311824,10.75268817204301,17.20430107526882,72.04301075268818,63.44086021505376,8.60215053763441
E00091553,200,48,15,33,152,141,11,24,7.5,16.5,76,70.5,5.5
E00091554,161,41,15,26,120,96,24,25.465838509316768,9.316770186335404,16.149068322981368,74.53416149068323,59.62732919254658,14.906832298136646
E00091556,193,51,19,32,142,128,14,26.42487046632124,9.844559585492227,16.580310880829018,73.57512953367875,66.32124352331607,7.253886010362693
E00091557,174,40,16,24,134,119,15,22.988505747126435,9.195402298850574,13.793103448275861,77.01149425287356,68.39080459770115,8.620689655172415
E00091558,189,35,13,22,154,138,16,18.51851851851852,6.878306878306878,11.64021164021164,81.48148148148148,73.01587301587301,8.465608465608465
E00091559,359,93,24,69,266,247,19,25.90529247910863,6.685236768802229,19.220055710306408,74.09470752089136,68.80222841225627,5.2924791086350975
E00091560,88,35,13,22,53,44,9,39.77272727272727,14.772727272727273,25,60.22727272727273,50,10.227272727272728
E00091562,257,32,15,17,225,195,30,12.45136186770428,5.836575875486381,6.614785992217899,87.54863813229572,75.87548638132296,11.673151750972762
E00091563,188,45,12,33,143,131,12,23.93617021276596,6.382978723404255,17.5531914893617,76.06382978723404,69.68085106382979,6.382978723404255
E00091564,244,35,11,24,209,188,21,14.344262295081966,4.508196721311475,9.836065573770492,85.65573770491804,77.04918032786885,8.60655737704918
E00091565,140,26,11,15,114,99,15,18.571428571428573,7.857142857142857,10.714285714285714,81.42857142857143,70.71428571428572,10.714285714285714
E00091567,247,37,17,20,210,187,23,14.979757085020243,6.882591093117409,8.097165991902834,85.02024291497976,75.7085020242915,9.31174089068826
E00091568,177,55,21,34,122,107,15,31.07344632768362,11.864406779661017,19.2090395480226,68.92655367231639,60.451977401129945,8.47457627118644
E00091571,118,31,8,23,87,76,11,26.27118644067797,6.779661016949152,19.491525423728813,73.72881355932203,64.40677966101694,9.322033898305085
E00091572,182,54,14,40,128,111,17,29.67032967032967,7.6923076923076925,21.978021978021978,70.32967032967034,60.98901098901099,9.340659340659341
E00091573,148,34,12,22,114,93,21,22.972972972972975,8.108108108108109,14.864864864864865,77.02702702702703,62.83783783783784,14.18918918918919
E00091574,196,45,19,26,151,134,17,22.95918367346939,9.693877551020408,13.26530612244898,77.04081632653062,68.36734693877551,8.673469387755102
E00091575,192,37,12,25,155,140,15,19.270833333333336,6.25,13.020833333333334,80.72916666666666,72.91666666666666,7.8125
E00091576,155,34,6,28,121,105,16,21.935483870967744,3.870967741935484,18.064516129032256,78.06451612903226,67.74193548387096,10.32258064516129
E00091578,121,40,11,29,81,66,15,33.057851239669425,9.090909090909092,23.96694214876033,66.94214876033058,54.54545454545454,12.396694214876034
E00091579,139,44,20,24,95,71,24,31.654676258992804,14.388489208633093,17.26618705035971,68.34532374100719,51.07913669064749,17.26618705035971
E00091580,177,47,19,28,130,84,46,26.55367231638418,10.734463276836157,15.819209039548024,73.44632768361582,47.45762711864407,25.98870056497175
E00091581,144,38,19,19,106,72,34,26.38888888888889,13.194444444444445,13.194444444444445,73.61111111111111,50,23.61111111111111
E00091582,153,45,18,27,108,87,21,29.411764705882355,11.76470588235294,17.647058823529413,70.58823529411765,56.86274509803921,13.725490196078432
E00091583,100,38,17,21,62,52,10,38,17,21,62,52,10
E00091584,131,31,19,12,100,81,19,23.66412213740458,14.50381679389313,9.16030534351145,76.33587786259542,61.832061068702295,14.50381679389313
E00091585,156,58,31,27,98,66,32,37.17948717948718,19.871794871794872,17.307692307692307,62.82051282051282,42.30769230769231,20.51282051282051
E00091586,120,37,13,24,83,70,13,30.833333333333336,10.833333333333334,20,69.16666666666667,58.333333333333336,10.833333333333334
E00091587,139,43,19,24,96,72,24,30.935251798561154,13.66906474820144,17.26618705035971,69.06474820143885,51.798561151079134,17.26618705035971
E00091588,177,53,27,26,124,93,31,29.943502824858758,15.254237288135593,14.689265536723164,70.05649717514125,52.54237288135594,17.51412429378531
E00091589,161,49,13,36,112,91,21,30.434782608695656,8.074534161490684,22.36024844720497,69.56521739130434,56.52173913043478,13.043478260869565
E00091590,146,45,10,35,101,88,13,30.82191780821918,6.8493150684931505,23.972602739726025,69.17808219178082,60.273972602739725,8.904109589041095
E00091591,170,56,14,42,114,96,18,32.94117647058823,8.235294117647058,24.705882352941178,67.05882352941175,56.470588235294116,10.588235294117647
E00091592,115,30,11,19,85,73,12,26.08695652173913,9.565217391304348,16.52173913043478,73.91304347826086,63.47826086956522,10.434782608695652
E00091593,137,40,10,30,97,86,11,29.1970802919708,7.2992700729927,21.897810218978105,70.8029197080292,62.77372262773723,8.02919708029197
E00091595,110,32,10,22,78,54,24,29.09090909090909,9.090909090909092,20,70.9090909090909,49.09090909090909,21.818181818181817
E00091596,136,39,19,20,97,79,18,28.676470588235293,13.970588235294118,14.705882352941178,71.32352941176471,58.08823529411765,13.23529411764706
E00091597,148,47,9,38,101,83,18,31.756756756756754,6.081081081081082,25.675675675675674,68.24324324324324,56.08108108108109,12.162162162162163
E00091598,120,34,12,22,86,69,17,28.333333333333332,10,18.333333333333332,71.66666666666667,57.49999999999999,14.166666666666666
E00091599,182,51,19,32,131,103,28,28.021978021978022,10.43956043956044,17.582417582417584,71.97802197802197,56.59340659340659,15.384615384615385
E00091600,247,65,29,36,182,136,46,26.31578947368421,11.740890688259109,14.5748987854251,73.68421052631578,55.06072874493927,18.62348178137652
E00091601,97,36,9,27,61,53,8,37.11340206185567,9.278350515463918,27.835051546391753,62.88659793814433,54.63917525773196,8.24742268041237
E00091602,148,39,12,27,109,98,11,26.351351351351347,8.108108108108109,18.243243243243242,73.64864864864865,66.21621621621621,7.4324324324324325
E00091603,314,80,26,54,234,196,38,25.477707006369428,8.280254777070063,17.197452229299362,74.52229299363057,62.42038216560509,12.101910828025478
E00091604,189,55,16,39,134,101,33,29.100529100529098,8.465608465608465,20.634920634920633,70.8994708994709,53.43915343915344,17.46031746031746
E00091605,105,28,10,18,77,52,25,26.666666666666668,9.523809523809524,17.142857142857142,73.33333333333333,49.523809523809526,23.809523809523807
E00091606,234,58,23,35,176,127,49,24.786324786324787,9.82905982905983,14.957264957264957,75.21367521367522,54.27350427350427,20.94017094017094
E00091607,268,80,31,49,188,156,32,29.850746268656714,11.567164179104477,18.28358208955224,70.1492537313433,58.2089552238806,11.940298507462686
E00091608,180,47,14,33,133,106,27,26.111111111111114,7.777777777777778,18.333333333333332,73.88888888888889,58.88888888888889,15
E00091609,169,54,21,33,115,98,17,31.952662721893493,12.42603550295858,19.526627218934912,68.04733727810651,57.98816568047337,10.059171597633137
E00091610,131,41,10,31,90,77,13,31.297709923664126,7.633587786259542,23.66412213740458,68.70229007633588,58.778625954198475,9.923664122137405
E00091611,180,51,19,32,129,101,28,28.333333333333332,10.555555555555555,17.77777777777778,71.66666666666667,56.111111111111114,15.555555555555555
E00091612,130,44,9,35,86,72,14,33.84615384615385,6.923076923076923,26.923076923076923,66.15384615384615,55.38461538461539,10.76923076923077
E00091613,153,47,17,30,106,85,21,30.718954248366014,11.11111111111111,19.607843137254903,69.28104575163398,55.55555555555556,13.725490196078432
E00091614,162,53,24,29,109,91,18,32.71604938271605,14.814814814814813,17.901234567901234,67.28395061728395,56.17283950617284,11.11111111111111
E00091615,130,31,12,19,99,83,16,23.846153846153847,9.230769230769232,14.615384615384617,76.15384615384615,63.84615384615384,12.307692307692308
E00091616,147,50,16,34,97,84,13,34.01360544217687,10.884353741496598,23.12925170068027,65.98639455782312,57.14285714285714,8.843537414965986
E00091617,111,23,8,15,88,70,18,20.72072072072072,7.207207207207207,13.513513513513514,79.27927927927928,63.06306306306306,16.216216216216218
E00091618,142,40,17,23,102,84,18,28.169014084507044,11.971830985915492,16.19718309859155,71.83098591549296,59.154929577464785,12.676056338028168
E00091619,189,46,10,36,143,118,25,24.33862433862434,5.291005291005291,19.047619047619047,75.66137566137566,62.43386243386243,13.227513227513226
E00091620,128,24,10,14,104,82,22,18.75,7.8125,10.9375,81.25,64.0625,17.1875
E00091621,165,51,11,40,114,91,23,30.909090909090907,6.666666666666667,24.242424242424242,69.0909090909091,55.15151515151515,13.939393939393941
E00091622,97,28,13,15,69,59,10,28.865979381443296,13.402061855670103,15.463917525773196,71.1340206185567,60.824742268041234,10.309278350515463
E00091623,166,39,9,30,127,110,17,23.49397590361446,5.421686746987952,18.072289156626507,76.50602409638554,66.26506024096386,10.240963855421686
E00091624,133,32,13,19,101,86,15,24.06015037593985,9.774436090225564,14.285714285714285,75.93984962406014,64.66165413533834,11.278195488721805
E00091626,163,46,15,31,117,104,13,28.22085889570552,9.202453987730062,19.018404907975462,71.77914110429448,63.80368098159509,7.975460122699387
E00091627,230,59,15,44,171,151,20,25.65217391304348,6.521739130434782,19.130434782608695,74.34782608695653,65.65217391304347,8.695652173913043
E00091628,175,49,17,32,126,112,14,28.000000000000004,9.714285714285714,18.285714285714285,72,64,8
E00091629,152,41,15,26,111,100,11,26.973684210526315,9.868421052631579,17.105263157894736,73.02631578947368,65.78947368421053,7.236842105263158
E00091630,150,44,17,27,106,92,14,29.333333333333332,11.333333333333332,18,70.66666666666667,61.33333333333333,9.333333333333334
E00091631,82,33,13,20,49,37,12,40.243902439024396,15.853658536585366,24.390243902439025,59.756097560975604,45.1219512195122,14.634146341463413
E00091632,108,24,8,16,84,79,5,22.22222222222222,7.4074074074074066,14.814814814814813,77.77777777777779,73.14814814814815,4.62962962962963
E00091633,105,27,8,19,78,71,7,25.71428571428571,7.6190476190476195,18.095238095238095,74.28571428571429,67.61904761904762,6.666666666666667
E00091634,186,42,16,26,144,124,20,22.58064516129032,8.60215053763441,13.978494623655912,77.41935483870968,66.66666666666666,10.75268817204301
E00091635,141,41,15,26,100,86,14,29.078014184397162,10.638297872340425,18.439716312056735,70.92198581560284,60.99290780141844,9.929078014184398
E00091636,195,37,15,22,158,140,18,18.974358974358974,7.6923076923076925,11.282051282051283,81.02564102564102,71.7948717948718,9.230769230769232
E00091637,107,20,8,12,87,81,6,18.69158878504673,7.476635514018691,11.214953271028037,81.30841121495327,75.70093457943925,5.607476635514018
E00091638,143,35,11,24,108,91,17,24.475524475524477,7.6923076923076925,16.783216783216783,75.52447552447552,63.63636363636363,11.888111888111888
E00091639,97,32,7,25,65,56,9,32.98969072164948,7.216494845360824,25.773195876288657,67.0103092783505,57.73195876288659,9.278350515463918
E00091640,145,29,11,18,116,105,11,20,7.586206896551724,12.413793103448276,80,72.41379310344827,7.586206896551724
E00091641,105,39,13,26,66,56,10,37.142857142857146,12.380952380952381,24.761904761904763,62.857142857142854,53.333333333333336,9.523809523809524
E00091642,268,74,30,44,194,169,25,27.611940298507463,11.194029850746269,16.417910447761194,72.38805970149254,63.059701492537314,9.328358208955224
E00091643,184,49,15,34,135,127,8,26.6304347826087,8.152173913043478,18.478260869565215,73.36956521739131,69.02173913043478,4.3478260869565215
E00091644,135,35,11,24,100,92,8,25.925925925925924,8.148148148148149,17.77777777777778,74.07407407407408,68.14814814814815,5.9259259259259265
E00091645,118,30,6,24,88,80,8,25.423728813559322,5.084745762711865,20.33898305084746,74.57627118644068,67.79661016949152,6.779661016949152
E00091646,128,38,12,26,90,81,9,29.6875,9.375,20.3125,70.3125,63.28125,7.03125
E00091647,154,32,15,17,122,106,16,20.77922077922078,9.740259740259742,11.03896103896104,79.22077922077922,68.83116883116884,10.38961038961039
E00091648,119,36,14,22,83,68,15,30.252100840336134,11.76470588235294,18.487394957983195,69.74789915966386,57.14285714285714,12.605042016806722
E00091649,144,42,17,25,102,91,11,29.166666666666668,11.805555555555555,17.36111111111111,70.83333333333334,63.19444444444444,7.638888888888889
E00091650,162,48,19,29,114,96,18,29.629629629629626,11.728395061728394,17.901234567901234,70.37037037037037,59.25925925925925,11.11111111111111
E00091651,76,16,4,12,60,49,11,21.052631578947366,5.263157894736842,15.789473684210526,78.94736842105263,64.47368421052632,14.473684210526317
E00091652,82,26,8,18,56,47,9,31.70731707317073,9.75609756097561,21.951219512195124,68.29268292682927,57.3170731707317,10.975609756097562
E00091653,130,31,15,16,99,88,11,23.846153846153847,11.538461538461538,12.307692307692308,76.15384615384615,67.6923076923077,8.461538461538462
E00091654,145,48,13,35,97,83,14,33.10344827586207,8.96551724137931,24.137931034482758,66.89655172413794,57.24137931034483,9.655172413793103
E00091655,171,47,14,33,124,113,11,27.485380116959064,8.187134502923977,19.298245614035086,72.51461988304094,66.08187134502924,6.432748538011696
E00091656,36,8,2,6,28,23,5,22.22222222222222,5.555555555555555,16.666666666666664,77.77777777777779,63.888888888888886,13.88888888888889
E00091657,105,33,5,28,72,66,6,31.428571428571427,4.761904761904762,26.666666666666668,68.57142857142857,62.857142857142854,5.714285714285714
E00091659,169,36,13,23,133,121,12,21.301775147928996,7.6923076923076925,13.609467455621301,78.69822485207101,71.59763313609467,7.100591715976331
E00091660,98,15,9,6,83,68,15,15.306122448979592,9.183673469387756,6.122448979591836,84.6938775510204,69.38775510204081,15.306122448979592
E00091662,149,46,16,30,103,92,11,30.87248322147651,10.738255033557047,20.13422818791946,69.12751677852349,61.74496644295302,7.38255033557047
E00091663,142,34,10,24,108,94,14,23.943661971830984,7.042253521126761,16.901408450704224,76.05633802816901,66.19718309859155,9.859154929577464
E00091664,164,49,20,29,115,95,20,29.878048780487802,12.195121951219512,17.682926829268293,70.1219512195122,57.92682926829268,12.195121951219512
E00091665,167,52,15,37,115,100,15,31.137724550898206,8.982035928143713,22.15568862275449,68.8622754491018,59.88023952095808,8.982035928143713
E00091666,121,48,14,34,73,66,7,39.66942148760331,11.570247933884298,28.09917355371901,60.33057851239669,54.54545454545454,5.785123966942149
E00091668,123,44,10,34,79,67,12,35.77235772357724,8.130081300813007,27.64227642276423,64.22764227642277,54.47154471544715,9.75609756097561
E00091669,109,33,13,20,76,56,20,30.275229357798167,11.926605504587156,18.34862385321101,69.72477064220183,51.37614678899083,18.34862385321101
E00091670,171,50,21,29,121,99,22,29.239766081871345,12.280701754385964,16.95906432748538,70.76023391812866,57.89473684210527,12.865497076023392
E00091671,150,33,9,24,117,108,9,22,6,16,78,72,6
E00091672,108,32,11,21,76,62,14,29.629629629629626,10.185185185185185,19.444444444444446,70.37037037037037,57.407407407407405,12.962962962962962
E00091674,79,31,12,19,48,46,2,39.24050632911392,15.18987341772152,24.050632911392405,60.75949367088608,58.22784810126582,2.5316455696202533
E00091675,128,38,11,27,90,77,13,29.6875,8.59375,21.09375,70.3125,60.15625,10.15625
E00091676,133,37,11,26,96,84,12,27.819548872180448,8.270676691729323,19.548872180451127,72.18045112781954,63.1578947368421,9.022556390977442
E00091677,189,42,14,28,147,123,24,22.22222222222222,7.4074074074074066,14.814814814814813,77.77777777777779,65.07936507936508,12.698412698412698
E00091678,125,36,13,23,89,81,8,28.799999999999997,10.4,18.4,71.2,64.8,6.4
E00091679,177,55,22,33,122,111,11,31.07344632768362,12.429378531073446,18.64406779661017,68.92655367231639,62.71186440677966,6.214689265536723
E00091680,187,57,26,31,130,104,26,30.481283422459892,13.903743315508022,16.577540106951872,69.5187165775401,55.61497326203209,13.903743315508022
E00091681,140,50,28,22,90,73,17,35.714285714285715,20,15.714285714285714,64.28571428571429,52.142857142857146,12.142857142857142
E00091682,129,33,11,22,96,77,19,25.581395348837212,8.527131782945736,17.05426356589147,74.4186046511628,59.68992248062015,14.728682170542637
E00091683,180,58,18,40,122,99,23,32.22222222222222,10,22.22222222222222,67.77777777777779,55.00000000000001,12.777777777777777
E00091684,148,42,16,26,106,81,25,28.37837837837838,10.81081081081081,17.56756756756757,71.62162162162163,54.729729729729726,16.89189189189189
E00091685,174,49,16,33,125,101,24,28.160919540229884,9.195402298850574,18.96551724137931,71.83908045977012,58.04597701149425,13.793103448275861
E00091686,47,12,4,8,35,30,5,25.53191489361702,8.51063829787234,17.02127659574468,74.46808510638297,63.829787234042556,10.638297872340425
E00091687,108,30,15,15,78,65,13,27.77777777777778,13.88888888888889,13.88888888888889,72.22222222222221,60.18518518518518,12.037037037037036
E00091688,164,47,18,29,117,97,20,28.65853658536585,10.975609756097562,17.682926829268293,71.34146341463415,59.14634146341463,12.195121951219512
E00091689,148,39,13,26,109,94,15,26.351351351351347,8.783783783783784,17.56756756756757,73.64864864864865,63.51351351351351,10.135135135135135
E00091690,177,39,9,30,138,119,19,22.033898305084744,5.084745762711865,16.94915254237288,77.96610169491525,67.2316384180791,10.734463276836157
E00091691,108,24,8,16,84,72,12,22.22222222222222,7.4074074074074066,14.814814814814813,77.77777777777779,66.66666666666666,11.11111111111111
E00091692,135,44,15,29,91,76,15,32.592592592592595,11.11111111111111,21.48148148148148,67.4074074074074,56.2962962962963,11.11111111111111
E00091693,145,25,10,15,120,101,19,17.24137931034483,6.896551724137931,10.344827586206897,82.75862068965517,69.6551724137931,13.10344827586207
E00091694,142,32,7,25,110,86,24,22.535211267605636,4.929577464788732,17.6056338028169,77.46478873239437,60.56338028169014,16.901408450704224
E00091695,183,46,15,31,137,120,17,25.136612021857925,8.19672131147541,16.939890710382514,74.86338797814209,65.57377049180327,9.289617486338798
E00091696,176,49,16,33,127,107,20,27.84090909090909,9.090909090909092,18.75,72.1590909090909,60.79545454545454,11.363636363636363
E00091697,189,46,17,29,143,120,23,24.33862433862434,8.994708994708994,15.343915343915343,75.66137566137566,63.49206349206349,12.16931216931217
E00091698,164,59,17,42,105,84,21,35.97560975609756,10.365853658536585,25.609756097560975,64.02439024390245,51.21951219512195,12.804878048780488
E00091699,172,37,15,22,135,118,17,21.511627906976745,8.720930232558139,12.790697674418606,78.48837209302324,68.6046511627907,9.883720930232558
E00091700,150,39,12,27,111,88,23,26,8,18,74,58.666666666666664,15.333333333333332
E00091701,120,33,12,21,87,74,13,27.500000000000004,10,17.5,72.5,61.66666666666667,10.833333333333334
E00091702,178,50,20,30,128,106,22,28.08988764044944,11.235955056179774,16.853932584269664,71.91011235955057,59.55056179775281,12.359550561797752
E00091703,195,47,8,39,148,124,24,24.102564102564102,4.102564102564102,20,75.8974358974359,63.589743589743584,12.307692307692308
E00091704,179,43,14,29,136,117,19,24.022346368715084,7.82122905027933,16.201117318435752,75.97765363128491,65.36312849162012,10.614525139664805
E00091705,154,38,15,23,116,103,13,24.675324675324674,9.740259740259742,14.935064935064934,75.32467532467533,66.88311688311688,8.441558441558442
E00091706,81,22,8,14,59,46,13,27.160493827160494,9.876543209876543,17.28395061728395,72.8395061728395,56.79012345679012,16.049382716049383
E00091707,251,49,18,31,202,182,20,19.52191235059761,7.171314741035857,12.350597609561753,80.47808764940238,72.50996015936255,7.968127490039841
E00091708,186,41,17,24,145,130,15,22.043010752688172,9.13978494623656,12.903225806451612,77.95698924731182,69.89247311827957,8.064516129032258
E00091709,208,59,16,43,149,123,26,28.365384615384613,7.6923076923076925,20.673076923076923,71.63461538461539,59.13461538461539,12.5
E00091710,152,36,18,18,116,98,18,23.684210526315788,11.842105263157894,11.842105263157894,76.31578947368422,64.47368421052632,11.842105263157894
E00091711,158,39,18,21,119,105,14,24.68354430379747,11.39240506329114,13.291139240506327,75.31645569620254,66.45569620253164,8.860759493670885
E00091712,99,24,4,20,75,68,7,24.242424242424242,4.040404040404041,20.2020202020202,75.75757575757575,68.68686868686868,7.07070707070707
E00091713,120,31,12,19,89,75,14,25.833333333333336,10,15.833333333333332,74.16666666666667,62.5,11.666666666666666
E00091714,145,42,9,33,103,85,18,28.965517241379313,6.206896551724138,22.758620689655174,71.03448275862068,58.620689655172406,12.413793103448276
E00091715,179,49,18,31,130,111,19,27.37430167597765,10.05586592178771,17.318435754189945,72.62569832402235,62.01117318435754,10.614525139664805
E00091716,127,37,13,24,90,80,10,29.133858267716533,10.236220472440944,18.89763779527559,70.86614173228347,62.99212598425197,7.874015748031496
E00091717,183,48,15,33,135,112,23,26.229508196721312,8.19672131147541,18.0327868852459,73.77049180327869,61.20218579234973,12.568306010928962
E00091718,104,50,21,29,54,44,10,48.07692307692308,20.192307692307693,27.884615384615387,51.92307692307693,42.30769230769231,9.615384615384617
E00091720,157,27,8,19,130,115,15,17.197452229299362,5.095541401273886,12.101910828025478,82.80254777070064,73.24840764331209,9.554140127388536
E00091721,175,38,13,25,137,121,16,21.714285714285715,7.428571428571429,14.285714285714285,78.28571428571428,69.14285714285714,9.142857142857142
E00091722,153,33,13,20,120,110,10,21.568627450980394,8.49673202614379,13.071895424836603,78.43137254901961,71.89542483660131,6.535947712418301
E00091723,90,25,4,21,65,56,9,27.77777777777778,4.444444444444445,23.333333333333332,72.22222222222221,62.22222222222222,10
E00091724,161,36,12,24,125,109,16,22.36024844720497,7.453416149068323,14.906832298136646,77.63975155279503,67.70186335403726,9.937888198757763
E00091725,137,37,13,24,100,93,7,27.00729927007299,9.48905109489051,17.51824817518248,72.99270072992701,67.88321167883211,5.109489051094891
E00091726,169,53,25,28,116,96,20,31.360946745562128,14.792899408284024,16.56804733727811,68.63905325443787,56.80473372781065,11.834319526627219
E00091727,102,33,15,18,69,57,12,32.35294117647059,14.705882352941178,17.647058823529413,67.64705882352942,55.88235294117647,11.76470588235294
E00091728,166,48,18,30,118,102,16,28.915662650602407,10.843373493975903,18.072289156626507,71.08433734939759,61.44578313253012,9.63855421686747
E00091729,163,51,15,36,112,95,17,31.28834355828221,9.202453987730062,22.085889570552148,68.71165644171779,58.282208588957054,10.429447852760736
E00091730,190,46,13,33,144,121,23,24.210526315789473,6.842105263157896,17.36842105263158,75.78947368421053,63.68421052631579,12.105263157894736
E00091731,282,63,21,42,219,191,28,22.340425531914892,7.446808510638298,14.893617021276595,77.6595744680851,67.73049645390071,9.929078014184398
E00091732,140,42,16,26,98,87,11,30,11.428571428571429,18.571428571428573,70,62.142857142857146,7.857142857142857
E00091733,144,33,10,23,111,97,14,22.916666666666664,6.944444444444445,15.972222222222221,77.08333333333334,67.36111111111111,9.722222222222223
E00091734,161,43,14,29,118,97,21,26.70807453416149,8.695652173913043,18.012422360248447,73.29192546583852,60.24844720496895,13.043478260869565
E00091735,172,41,11,30,131,107,24,23.837209302325583,6.395348837209303,17.441860465116278,76.16279069767442,62.2093023255814,13.953488372093023
E00091736,114,18,5,13,96,88,8,15.789473684210526,4.385964912280701,11.403508771929824,84.21052631578947,77.19298245614034,7.017543859649122
E00091737,132,42,13,29,90,74,16,31.818181818181817,9.848484848484848,21.96969696969697,68.18181818181817,56.060606060606055,12.121212121212121
E00091738,127,35,8,27,92,80,12,27.559055118110237,6.299212598425196,21.25984251968504,72.44094488188976,62.99212598425197,9.448818897637794
E00091739,169,37,14,23,132,112,20,21.893491124260358,8.284023668639055,13.609467455621301,78.10650887573965,66.27218934911244,11.834319526627219
E00091740,149,37,13,24,112,100,12,24.832214765100673,8.724832214765101,16.10738255033557,75.16778523489933,67.11409395973155,8.053691275167784
E00091741,185,54,19,35,131,112,19,29.18918918918919,10.27027027027027,18.91891891891892,70.8108108108108,60.54054054054055,10.27027027027027
E00091742,158,38,7,31,120,108,12,24.050632911392405,4.430379746835443,19.62025316455696,75.9493670886076,68.35443037974683,7.59493670886076
E00091743,183,48,14,34,135,115,20,26.229508196721312,7.650273224043716,18.579234972677597,73.77049180327869,62.841530054644814,10.92896174863388
E00091744,126,29,13,16,97,84,13,23.015873015873016,10.317460317460316,12.698412698412698,76.98412698412699,66.66666666666666,10.317460317460316
E00091745,148,37,14,23,111,97,14,25,9.45945945945946,15.54054054054054,75,65.54054054054053,9.45945945945946
E00091746,150,43,17,26,107,96,11,28.666666666666668,11.333333333333332,17.333333333333336,71.33333333333334,64,7.333333333333333
E00091747,158,34,13,21,124,113,11,21.518987341772153,8.227848101265822,13.291139240506327,78.48101265822784,71.51898734177216,6.962025316455696
E00091749,97,20,9,11,77,61,16,20.618556701030926,9.278350515463918,11.34020618556701,79.38144329896907,62.88659793814433,16.49484536082474
E00091750,133,42,16,26,91,69,22,31.57894736842105,12.030075187969924,19.548872180451127,68.42105263157895,51.8796992481203,16.541353383458645
E00091751,166,46,22,24,120,95,25,27.710843373493976,13.253012048192772,14.457831325301203,72.28915662650603,57.22891566265061,15.060240963855422
E00091752,122,41,17,24,81,66,15,33.60655737704918,13.934426229508196,19.672131147540984,66.39344262295081,54.09836065573771,12.295081967213115
E00091753,196,48,14,34,148,116,32,24.489795918367346,7.142857142857142,17.346938775510203,75.51020408163265,59.183673469387756,16.3265306122449
E00091754,150,40,16,24,110,98,12,26.666666666666668,10.666666666666668,16,73.33333333333333,65.33333333333333,8
E00091755,174,41,12,29,133,119,14,23.563218390804597,6.896551724137931,16.666666666666664,76.4367816091954,68.39080459770115,8.045977011494253
E00091756,127,29,15,14,98,84,14,22.83464566929134,11.811023622047244,11.023622047244094,77.16535433070865,66.14173228346458,11.023622047244094
E00091757,178,52,23,29,126,101,25,29.213483146067414,12.921348314606742,16.292134831460675,70.78651685393258,56.74157303370787,14.04494382022472
E00091758,168,51,24,27,117,98,19,30.357142857142854,14.285714285714285,16.071428571428573,69.64285714285714,58.333333333333336,11.30952380952381
E00091759,152,42,14,28,110,98,12,27.631578947368425,9.210526315789473,18.421052631578945,72.36842105263158,64.47368421052632,7.894736842105263
E00091760,116,34,11,23,82,68,14,29.310344827586203,9.482758620689655,19.82758620689655,70.6896551724138,58.620689655172406,12.068965517241379
E00091761,169,38,14,24,131,113,18,22.485207100591715,8.284023668639055,14.201183431952662,77.51479289940828,66.86390532544378,10.650887573964498
E00091763,147,39,10,29,108,95,13,26.53061224489796,6.802721088435375,19.727891156462583,73.46938775510205,64.62585034013605,8.843537414965986
E00091764,205,65,24,41,140,125,15,31.70731707317073,11.707317073170733,20,68.29268292682927,60.97560975609756,7.317073170731707
E00091765,89,13,4,9,76,63,13,14.606741573033707,4.49438202247191,10.112359550561797,85.39325842696628,70.78651685393258,14.606741573033707
E00091766,153,37,11,26,116,106,10,24.183006535947712,7.18954248366013,16.99346405228758,75.81699346405229,69.28104575163398,6.535947712418301
E00091767,96,31,8,23,65,56,9,32.29166666666667,8.333333333333332,23.958333333333336,67.70833333333334,58.333333333333336,9.375
E00091768,118,34,11,23,84,64,20,28.8135593220339,9.322033898305085,19.491525423728813,71.1864406779661,54.23728813559322,16.94915254237288
E00091769,142,44,18,26,98,71,27,30.985915492957744,12.676056338028168,18.30985915492958,69.01408450704226,50,19.014084507042252
E00091770,165,55,22,33,110,87,23,33.33333333333333,13.333333333333334,20,66.66666666666666,52.72727272727272,13.939393939393941
E00091771,83,26,15,11,57,41,16,31.32530120481928,18.072289156626507,13.253012048192772,68.67469879518072,49.39759036144578,19.27710843373494
E00091772,161,41,11,30,120,92,28,25.465838509316768,6.832298136645963,18.633540372670808,74.53416149068323,57.14285714285714,17.391304347826086
E00091773,177,40,21,19,137,121,16,22.598870056497177,11.864406779661017,10.734463276836157,77.40112994350282,68.36158192090396,9.03954802259887
E00091774,191,60,20,40,131,118,13,31.413612565445025,10.471204188481675,20.94240837696335,68.58638743455498,61.78010471204188,6.806282722513089
E00091775,120,27,6,21,93,73,20,22.5,5,17.5,77.5,60.83333333333333,16.666666666666664
E00091776,149,43,14,29,106,90,16,28.859060402684566,9.395973154362416,19.463087248322147,71.14093959731544,60.40268456375839,10.738255033557047
E00091777,195,37,13,24,158,132,26,18.974358974358974,6.666666666666667,12.307692307692308,81.02564102564102,67.6923076923077,13.333333333333334
E00091778,133,41,16,25,92,81,11,30.82706766917293,12.030075187969924,18.796992481203006,69.17293233082707,60.902255639097746,8.270676691729323
E00091779,165,44,14,30,121,98,23,26.666666666666668,8.484848484848486,18.181818181818183,73.33333333333333,59.3939393939394,13.939393939393941
E00091780,152,30,7,23,122,106,16,19.736842105263158,4.605263157894736,15.131578947368421,80.26315789473685,69.73684210526315,10.526315789473683
E00091781,186,49,23,26,137,117,20,26.344086021505376,12.365591397849462,13.978494623655912,73.65591397849462,62.903225806451616,10.75268817204301
E00091783,131,27,13,14,104,88,16,20.610687022900763,9.923664122137405,10.687022900763358,79.38931297709924,67.17557251908397,12.213740458015266
E00091784,132,28,8,20,104,84,20,21.21212121212121,6.0606060606060606,15.151515151515152,78.78787878787878,63.63636363636363,15.151515151515152
E00091785,178,53,11,42,125,102,23,29.775280898876407,6.179775280898876,23.595505617977526,70.2247191011236,57.30337078651685,12.921348314606742
E00091786,220,50,22,28,170,144,26,22.727272727272727,10,12.727272727272727,77.27272727272727,65.45454545454545,11.818181818181818
E00091787,151,47,18,29,104,90,14,31.125827814569533,11.920529801324504,19.205298013245034,68.87417218543047,59.60264900662252,9.271523178807946
E00091788,165,39,10,29,126,110,16,23.636363636363637,6.0606060606060606,17.575757575757574,76.36363636363637,66.66666666666666,9.696969696969697
E00091789,92,34,21,13,58,50,8,36.95652173913043,22.82608695652174,14.130434782608695,63.04347826086957,54.347826086956516,8.695652173913043
E00091790,116,32,13,19,84,65,19,27.586206896551722,11.206896551724139,16.379310344827587,72.41379310344827,56.03448275862068,16.379310344827587
E00091791,272,82,39,43,190,152,38,30.14705882352941,14.338235294117647,15.808823529411764,69.85294117647058,55.88235294117647,13.970588235294118
E00091792,194,45,17,28,149,123,26,23.195876288659793,8.762886597938143,14.432989690721648,76.80412371134021,63.4020618556701,13.402061855670103
E00091793,92,22,9,13,70,44,26,23.91304347826087,9.782608695652174,14.130434782608695,76.08695652173914,47.82608695652174,28.26086956521739
E00091794,223,62,27,35,161,118,43,27.802690582959645,12.10762331838565,15.695067264573993,72.19730941704036,52.91479820627802,19.282511210762333
E00091795,155,56,23,33,99,70,29,36.12903225806451,14.838709677419354,21.29032258064516,63.87096774193548,45.16129032258064,18.70967741935484
E00091796,187,48,16,32,139,129,10,25.668449197860966,8.55614973262032,17.11229946524064,74.33155080213903,68.98395721925134,5.347593582887701
E00091797,156,41,14,27,115,92,23,26.282051282051285,8.974358974358974,17.307692307692307,73.71794871794873,58.97435897435898,14.743589743589745
E00091798,157,39,10,29,118,104,14,24.840764331210192,6.369426751592357,18.471337579617835,75.15923566878982,66.2420382165605,8.9171974522293
E00091799,144,35,21,14,109,89,20,24.305555555555554,14.583333333333334,9.722222222222223,75.69444444444444,61.80555555555556,13.88888888888889
E00091800,175,59,23,36,116,94,22,33.714285714285715,13.142857142857142,20.57142857142857,66.28571428571428,53.714285714285715,12.571428571428573
E00091801,149,46,15,31,103,80,23,30.87248322147651,10.06711409395973,20.80536912751678,69.12751677852349,53.691275167785236,15.436241610738255
E00091802,227,71,33,38,156,128,28,31.277533039647576,14.537444933920703,16.740088105726873,68.72246696035242,56.38766519823789,12.334801762114537
E00091803,137,47,14,33,90,80,10,34.306569343065696,10.218978102189782,24.087591240875913,65.69343065693431,58.3941605839416,7.2992700729927
E00091804,160,39,12,27,121,107,14,24.375,7.5,16.875,75.625,66.875,8.75
E00091805,145,42,17,25,103,93,10,28.965517241379313,11.724137931034482,17.24137931034483,71.03448275862068,64.13793103448275,6.896551724137931
E00091806,115,25,8,17,90,82,8,21.73913043478261,6.956521739130435,14.782608695652174,78.26086956521739,71.30434782608695,6.956521739130435
E00091807,168,48,20,28,120,88,32,28.57142857142857,11.904761904761903,16.666666666666664,71.42857142857143,52.38095238095239,19.047619047619047
E00091808,160,54,19,35,106,73,33,33.75,11.875,21.875,66.25,45.625,20.625
E00091809,174,41,17,24,133,107,26,23.563218390804597,9.770114942528735,13.793103448275861,76.4367816091954,61.49425287356321,14.942528735632186
E00091810,91,18,7,11,73,63,10,19.78021978021978,7.6923076923076925,12.087912087912088,80.21978021978022,69.23076923076923,10.989010989010989
E00091811,164,47,23,24,117,102,15,28.65853658536585,14.02439024390244,14.634146341463413,71.34146341463415,62.19512195121951,9.146341463414634
E00091812,162,50,17,33,112,101,11,30.864197530864196,10.493827160493826,20.37037037037037,69.1358024691358,62.34567901234568,6.790123456790123
E00091813,155,38,14,24,117,93,24,24.516129032258064,9.032258064516128,15.483870967741936,75.48387096774194,60,15.483870967741936
E00091814,174,44,11,33,130,113,17,25.287356321839084,6.321839080459771,18.96551724137931,74.71264367816092,64.9425287356322,9.770114942528735
E00091815,182,55,26,29,127,111,16,30.21978021978022,14.285714285714285,15.934065934065933,69.78021978021978,60.98901098901099,8.791208791208792
E00091816,147,38,7,31,109,87,22,25.850340136054424,4.761904761904762,21.08843537414966,74.14965986394559,59.183673469387756,14.965986394557824
E00091817,151,52,19,33,99,82,17,34.437086092715234,12.582781456953644,21.85430463576159,65.56291390728477,54.3046357615894,11.258278145695364
E00091818,139,45,17,28,94,76,18,32.37410071942446,12.23021582733813,20.14388489208633,67.62589928057554,54.67625899280576,12.949640287769784
E00091819,131,41,22,19,90,58,32,31.297709923664126,16.793893129770993,14.50381679389313,68.70229007633588,44.274809160305345,24.427480916030532
E00091820,154,62,22,40,92,73,19,40.25974025974026,14.285714285714285,25.97402597402597,59.74025974025974,47.4025974025974,12.337662337662337
E00091822,124,46,17,29,78,60,18,37.096774193548384,13.709677419354838,23.387096774193548,62.903225806451616,48.38709677419355,14.516129032258066
E00091823,136,38,11,27,98,77,21,27.941176470588236,8.088235294117647,19.852941176470587,72.05882352941177,56.61764705882353,15.441176470588236
E00091824,123,36,11,25,87,73,14,29.268292682926827,8.94308943089431,20.32520325203252,70.73170731707317,59.34959349593496,11.38211382113821
E00091825,120,42,24,18,78,57,21,35,20,15,65,47.5,17.5
E00091826,110,31,14,17,79,69,10,28.18181818181818,12.727272727272727,15.454545454545453,71.81818181818181,62.727272727272734,9.090909090909092
E00091827,125,44,18,26,81,66,15,35.199999999999996,14.399999999999999,20.8,64.8,52.800000000000004,12
E00091828,135,47,13,34,88,77,11,34.81481481481482,9.62962962962963,25.185185185185183,65.18518518518519,57.03703703703704,8.148148148148149
E00091829,186,53,23,30,133,117,16,28.49462365591398,12.365591397849462,16.129032258064516,71.50537634408603,62.903225806451616,8.60215053763441
E00091830,162,49,22,27,113,93,20,30.246913580246915,13.580246913580247,16.666666666666664,69.75308641975309,57.407407407407405,12.345679012345679
E00091831,155,56,22,34,99,83,16,36.12903225806451,14.193548387096774,21.935483870967744,63.87096774193548,53.5483870967742,10.32258064516129
E00091832,117,33,11,22,84,71,13,28.205128205128204,9.401709401709402,18.803418803418804,71.7948717948718,60.68376068376068,11.11111111111111
E00091833,139,48,13,35,91,76,15,34.53237410071942,9.352517985611511,25.179856115107913,65.46762589928058,54.67625899280576,10.79136690647482
E00091834,170,59,24,35,111,94,17,34.705882352941174,14.117647058823529,20.588235294117645,65.29411764705883,55.294117647058826,10
E00091835,106,29,15,14,77,63,14,27.358490566037734,14.150943396226415,13.20754716981132,72.64150943396226,59.43396226415094,13.20754716981132
E00091836,105,28,9,19,77,59,18,26.666666666666668,8.571428571428571,18.095238095238095,73.33333333333333,56.19047619047619,17.142857142857142
E00091837,121,37,13,24,84,63,21,30.57851239669421,10.743801652892563,19.834710743801654,69.42148760330579,52.066115702479344,17.355371900826448
E00091838,180,47,24,23,133,97,36,26.111111111111114,13.333333333333334,12.777777777777777,73.88888888888889,53.888888888888886,20
E00091841,93,28,12,16,65,54,11,30.107526881720432,12.903225806451612,17.20430107526882,69.89247311827957,58.06451612903226,11.827956989247312
E00091842,175,53,16,37,122,103,19,30.28571428571429,9.142857142857142,21.142857142857142,69.71428571428572,58.857142857142854,10.857142857142858
E00091843,218,52,16,36,166,148,18,23.853211009174313,7.339449541284404,16.51376146788991,76.14678899082568,67.88990825688074,8.256880733944955
E00091844,174,43,13,30,131,99,32,24.71264367816092,7.471264367816093,17.24137931034483,75.28735632183908,56.896551724137936,18.39080459770115
E00091845,78,24,7,17,54,39,15,30.76923076923077,8.974358974358974,21.794871794871796,69.23076923076923,50,19.230769230769234
E00091846,111,39,8,31,72,57,15,35.13513513513514,7.207207207207207,27.927927927927925,64.86486486486487,51.35135135135135,13.513513513513514
E00091847,241,72,21,51,169,132,37,29.87551867219917,8.71369294605809,21.16182572614108,70.12448132780082,54.77178423236515,15.352697095435685
E00091848,204,69,28,41,135,103,32,33.82352941176471,13.725490196078432,20.098039215686274,66.17647058823529,50.49019607843137,15.686274509803921
E00091849,141,42,10,32,99,83,16,29.78723404255319,7.092198581560284,22.69503546099291,70.2127659574468,58.86524822695035,11.347517730496454
E00091850,212,62,20,42,150,124,26,29.245283018867923,9.433962264150944,19.81132075471698,70.75471698113208,58.490566037735846,12.264150943396226
E00091851,135,44,9,35,91,75,16,32.592592592592595,6.666666666666667,25.925925925925924,67.4074074074074,55.55555555555556,11.851851851851853
E00091852,122,29,13,16,93,77,16,23.770491803278688,10.655737704918032,13.114754098360656,76.22950819672131,63.114754098360656,13.114754098360656
E00091853,147,29,7,22,118,101,17,19.727891156462583,4.761904761904762,14.965986394557824,80.27210884353741,68.70748299319727,11.564625850340136
E00091854,77,29,17,12,48,29,19,37.66233766233766,22.07792207792208,15.584415584415584,62.33766233766234,37.66233766233766,24.675324675324674
E00091855,191,53,17,36,138,110,28,27.748691099476442,8.900523560209423,18.848167539267017,72.25130890052355,57.59162303664922,14.659685863874344
E00091856,170,55,16,39,115,86,29,32.35294117647059,9.411764705882353,22.941176470588236,67.64705882352942,50.588235294117645,17.058823529411764
E00091857,150,34,13,21,116,99,17,22.666666666666664,8.666666666666668,14.000000000000002,77.33333333333333,66,11.333333333333332
E00091859,132,44,11,33,88,73,15,33.33333333333333,8.333333333333332,25,66.66666666666666,55.3030303030303,11.363636363636363
E00091860,105,21,8,13,84,75,9,20,7.6190476190476195,12.380952380952381,80,71.42857142857143,8.571428571428571
E00091861,154,39,9,30,115,99,16,25.324675324675322,5.844155844155844,19.480519480519483,74.67532467532467,64.28571428571429,10.38961038961039
E00091862,143,42,20,22,101,86,15,29.37062937062937,13.986013986013987,15.384615384615385,70.62937062937063,60.13986013986013,10.48951048951049
E00091863,196,55,14,41,141,115,26,28.061224489795915,7.142857142857142,20.918367346938776,71.93877551020408,58.673469387755105,13.26530612244898
E00091864,232,59,19,40,173,137,36,25.43103448275862,8.189655172413794,17.24137931034483,74.56896551724138,59.05172413793104,15.517241379310345
E00091865,157,51,27,24,106,78,28,32.48407643312102,17.197452229299362,15.286624203821656,67.51592356687898,49.681528662420384,17.8343949044586
E00091866,92,20,3,17,72,59,13,21.73913043478261,3.260869565217391,18.478260869565215,78.26086956521739,64.13043478260869,14.130434782608695
E00091867,185,49,14,35,136,110,26,26.486486486486488,7.567567567567568,18.91891891891892,73.51351351351352,59.45945945945946,14.054054054054054
E00091868,162,41,18,23,121,101,20,25.308641975308642,11.11111111111111,14.19753086419753,74.69135802469135,62.34567901234568,12.345679012345679
E00091869,106,26,5,21,80,63,17,24.528301886792452,4.716981132075472,19.81132075471698,75.47169811320755,59.43396226415094,16.037735849056602
E00091870,207,47,16,31,160,139,21,22.705314009661837,7.729468599033816,14.975845410628018,77.29468599033817,67.14975845410628,10.144927536231885
E00091871,128,40,14,26,88,76,12,31.25,10.9375,20.3125,68.75,59.375,9.375
E00091872,96,30,13,17,66,45,21,31.25,13.541666666666666,17.708333333333336,68.75,46.875,21.875
E00091873,165,48,17,31,117,93,24,29.09090909090909,10.303030303030303,18.787878787878785,70.9090909090909,56.36363636363636,14.545454545454545
E00091874,210,64,18,46,146,119,27,30.476190476190478,8.571428571428571,21.904761904761905,69.52380952380952,56.666666666666664,12.857142857142856
E00091875,188,65,19,46,123,99,24,34.57446808510639,10.106382978723403,24.46808510638298,65.42553191489363,52.659574468085104,12.76595744680851
E00091876,164,34,9,25,130,116,14,20.73170731707317,5.487804878048781,15.24390243902439,79.26829268292683,70.73170731707317,8.536585365853659
E00091877,172,49,26,23,123,99,24,28.488372093023255,15.11627906976744,13.372093023255813,71.51162790697676,57.55813953488372,13.953488372093023
E00091878,211,60,17,43,151,129,22,28.436018957345972,8.056872037914692,20.379146919431278,71.56398104265402,61.137440758293835,10.42654028436019
E00091879,264,59,13,46,205,167,38,22.348484848484848,4.924242424242424,17.424242424242426,77.65151515151516,63.25757575757576,14.393939393939394
E00091881,110,38,9,29,72,72,0,34.54545454545455,8.181818181818182,26.36363636363636,65.45454545454545,65.45454545454545,0
E00091882,151,44,9,35,107,92,15,29.13907284768212,5.960264900662252,23.178807947019866,70.86092715231787,60.9271523178808,9.933774834437086
E00091884,164,44,13,31,120,102,18,26.82926829268293,7.926829268292683,18.902439024390244,73.17073170731707,62.19512195121951,10.975609756097562
E00091885,114,30,5,25,84,73,11,26.31578947368421,4.385964912280701,21.929824561403507,73.68421052631578,64.03508771929825,9.649122807017543
E00091887,182,50,16,34,132,117,15,27.472527472527474,8.791208791208792,18.681318681318682,72.52747252747253,64.28571428571429,8.241758241758241
E00091888,128,38,7,31,90,71,19,29.6875,5.46875,24.21875,70.3125,55.46875,14.84375
E00091889,175,52,19,33,123,98,25,29.714285714285715,10.857142857142858,18.857142857142858,70.28571428571428,56.00000000000001,14.285714285714285
E00091890,293,81,28,53,212,177,35,27.64505119453925,9.556313993174061,18.088737201365188,72.35494880546075,60.40955631399317,11.945392491467576
E00091891,107,33,13,20,74,65,9,30.8411214953271,12.149532710280374,18.69158878504673,69.1588785046729,60.747663551401864,8.411214953271028
E00091892,141,34,13,21,107,87,20,24.113475177304963,9.219858156028367,14.893617021276595,75.88652482269504,61.702127659574465,14.184397163120568
E00091893,163,44,13,31,119,101,18,26.993865030674847,7.975460122699387,19.018404907975462,73.00613496932516,61.963190184049076,11.042944785276074
E00091894,123,36,17,19,87,76,11,29.268292682926827,13.821138211382115,15.447154471544716,70.73170731707317,61.78861788617886,8.94308943089431
E00091895,111,37,16,21,74,63,11,33.33333333333333,14.414414414414415,18.91891891891892,66.66666666666666,56.75675675675676,9.90990990990991
E00173785,137,30,5,25,107,95,12,21.897810218978105,3.64963503649635,18.248175182481752,78.1021897810219,69.34306569343066,8.75912408759124
E00173786,132,30,6,24,102,90,12,22.727272727272727,4.545454545454546,18.181818181818183,77.27272727272727,68.18181818181817,9.090909090909092
E00173787,195,49,18,31,146,132,14,25.128205128205128,9.230769230769232,15.897435897435896,74.87179487179488,67.6923076923077,7.179487179487179
E00173788,207,50,18,32,157,138,19,24.154589371980677,8.695652173913043,15.458937198067632,75.84541062801932,66.66666666666666,9.178743961352657
E00173789,183,44,9,35,139,125,14,24.043715846994534,4.918032786885246,19.12568306010929,75.95628415300546,68.30601092896174,7.650273224043716
E00173791,203,47,15,32,156,134,22,23.15270935960591,7.389162561576355,15.763546798029557,76.84729064039408,66.00985221674877,10.83743842364532
E00173792,194,41,10,31,153,140,13,21.1340206185567,5.154639175257731,15.979381443298967,78.8659793814433,72.16494845360825,6.701030927835052
E00173793,215,52,13,39,163,142,21,24.186046511627907,6.046511627906977,18.13953488372093,75.81395348837209,66.04651162790698,9.767441860465116
E00173794,129,36,11,25,93,60,33,27.906976744186046,8.527131782945736,19.379844961240313,72.09302325581395,46.51162790697674,25.581395348837212
E00173795,98,30,10,20,68,57,11,30.612244897959183,10.204081632653061,20.408163265306122,69.38775510204081,58.16326530612245,11.224489795918368
E00173797,204,53,21,32,151,131,20,25.98039215686275,10.294117647058822,15.686274509803921,74.01960784313727,64.2156862745098,9.803921568627452
E00173798,186,39,6,33,147,132,15,20.967741935483872,3.225806451612903,17.741935483870968,79.03225806451613,70.96774193548387,8.064516129032258
E00173799,148,31,13,18,117,108,9,20.945945945945947,8.783783783783784,12.162162162162163,79.05405405405406,72.97297297297297,6.081081081081082
E00173800,122,31,9,22,91,79,12,25.40983606557377,7.377049180327869,18.0327868852459,74.59016393442623,64.75409836065575,9.836065573770492
E00173801,211,51,17,34,160,133,27,24.170616113744074,8.056872037914692,16.113744075829384,75.82938388625593,63.03317535545023,12.796208530805686
E00173802,135,32,12,20,103,91,12,23.703703703703706,8.88888888888889,14.814814814814813,76.29629629629629,67.4074074074074,8.88888888888889
E00173803,165,50,20,30,115,91,24,30.303030303030305,12.121212121212121,18.181818181818183,69.6969696969697,55.15151515151515,14.545454545454545
E00173804,117,34,8,26,83,73,10,29.059829059829063,6.837606837606838,22.22222222222222,70.94017094017094,62.39316239316239,8.547008547008547
E00173805,171,50,11,39,121,102,19,29.239766081871345,6.432748538011696,22.807017543859647,70.76023391812866,59.64912280701754,11.11111111111111
E00173806,193,67,25,42,126,118,8,34.715025906735754,12.953367875647666,21.761658031088082,65.28497409326425,61.13989637305699,4.145077720207254
E00173807,151,40,16,24,111,93,18,26.490066225165563,10.596026490066226,15.894039735099339,73.50993377483444,61.58940397350994,11.920529801324504
E00173808,257,50,19,31,207,178,29,19.45525291828794,7.392996108949417,12.062256809338521,80.54474708171206,69.26070038910505,11.284046692607005
E00173809,60,18,7,11,42,35,7,30,11.666666666666666,18.333333333333332,70,58.333333333333336,11.666666666666666
E00173810,196,34,12,22,162,144,18,17.346938775510203,6.122448979591836,11.224489795918368,82.6530612244898,73.46938775510205,9.183673469387756
E00173812,250,71,17,54,179,154,25,28.4,6.800000000000001,21.6,71.6,61.6,10
E00173813,203,56,15,41,147,120,27,27.586206896551722,7.389162561576355,20.19704433497537,72.41379310344827,59.11330049261084,13.30049261083744
E00173816,150,33,11,22,117,104,13,22,7.333333333333333,14.666666666666666,78,69.33333333333334,8.666666666666668
E00173817,180,51,10,41,129,112,17,28.333333333333332,5.555555555555555,22.77777777777778,71.66666666666667,62.22222222222222,9.444444444444445
E00173819,183,47,19,28,136,119,17,25.683060109289617,10.382513661202186,15.300546448087433,74.31693989071039,65.02732240437157,9.289617486338798
E00173820,144,41,13,28,103,89,14,28.47222222222222,9.027777777777777,19.444444444444446,71.52777777777779,61.80555555555556,9.722222222222223
E00173821,145,37,15,22,108,85,23,25.517241379310345,10.344827586206897,15.172413793103448,74.48275862068967,58.620689655172406,15.862068965517242
E00173822,330,81,29,52,249,205,44,24.545454545454547,8.787878787878787,15.757575757575756,75.45454545454545,62.121212121212125,13.333333333333334
E00173823,117,31,9,22,86,77,9,26.495726495726498,7.6923076923076925,18.803418803418804,73.50427350427351,65.8119658119658,7.6923076923076925
E00173824,161,37,12,25,124,100,24,22.981366459627328,7.453416149068323,15.527950310559005,77.01863354037268,62.11180124223602,14.906832298136646
E00173825,128,34,15,19,94,82,12,26.5625,11.71875,14.84375,73.4375,64.0625,9.375
E00173826,164,48,14,34,116,96,20,29.268292682926827,8.536585365853659,20.73170731707317,70.73170731707317,58.536585365853654,12.195121951219512
E00183423,135,36,13,23,99,79,20,26.666666666666668,9.62962962962963,17.037037037037038,73.33333333333333,58.51851851851851,14.814814814814813
E00183524,306,48,15,33,258,224,34,15.686274509803921,4.901960784313726,10.784313725490197,84.31372549019608,73.20261437908496,11.11111111111111
E00183525,96,25,6,19,71,64,7,26.041666666666668,6.25,19.791666666666664,73.95833333333334,66.66666666666666,7.291666666666667
E00183526,267,59,23,36,208,169,39,22.09737827715356,8.614232209737828,13.48314606741573,77.90262172284645,63.29588014981273,14.606741573033707
E00183527,231,51,14,37,180,158,22,22.07792207792208,6.0606060606060606,16.017316017316016,77.92207792207793,68.3982683982684,9.523809523809524
E00183528,70,16,6,10,54,45,9,22.857142857142858,8.571428571428571,14.285714285714285,77.14285714285715,64.28571428571429,12.857142857142856
E00183529,59,23,11,12,36,27,9,38.983050847457626,18.64406779661017,20.33898305084746,61.016949152542374,45.76271186440678,15.254237288135593
E00183530,53,7,3,4,46,38,8,13.20754716981132,5.660377358490567,7.547169811320755,86.79245283018868,71.69811320754717,15.09433962264151
E00183531,153,34,13,21,119,95,24,22.22222222222222,8.49673202614379,13.725490196078432,77.77777777777779,62.091503267973856,15.686274509803921
E00183532,192,50,17,33,142,124,18,26.041666666666668,8.854166666666668,17.1875,73.95833333333334,64.58333333333334,9.375
E00183533,131,29,7,22,102,85,17,22.137404580152673,5.343511450381679,16.793893129770993,77.86259541984732,64.8854961832061,12.977099236641221
E00183534,110,31,16,15,79,63,16,28.18181818181818,14.545454545454545,13.636363636363635,71.81818181818181,57.27272727272727,14.545454545454545
E00183535,309,83,24,59,226,195,31,26.860841423948216,7.766990291262135,19.093851132686083,73.13915857605178,63.10679611650486,10.032362459546926
E00183536,75,11,4,7,64,59,5,14.666666666666666,5.333333333333334,9.333333333333334,85.33333333333334,78.66666666666666,6.666666666666667
E00183537,234,38,12,26,196,172,24,16.23931623931624,5.128205128205128,11.11111111111111,83.76068376068376,73.50427350427351,10.256410256410255
E00183538,186,53,25,28,133,118,15,28.49462365591398,13.440860215053762,15.053763440860216,71.50537634408603,63.44086021505376,8.064516129032258
E00183539,74,17,6,11,57,53,4,22.972972972972975,8.108108108108109,14.864864864864865,77.02702702702703,71.62162162162163,5.405405405405405
E00183540,201,35,8,27,166,143,23,17.412935323383085,3.9800995024875623,13.432835820895523,82.58706467661692,71.14427860696517,11.442786069651742
E00183541,126,19,6,13,107,93,14,15.079365079365079,4.761904761904762,10.317460317460316,84.92063492063492,73.80952380952381,11.11111111111111
E00183542,231,55,18,37,176,156,20,23.809523809523807,7.792207792207792,16.017316017316016,76.19047619047619,67.53246753246754,8.658008658008658
E00183543,224,36,11,25,188,159,29,16.071428571428573,4.910714285714286,11.160714285714286,83.92857142857143,70.98214285714286,12.946428571428573
E00183544,71,14,4,10,57,47,10,19.718309859154928,5.633802816901409,14.084507042253522,80.28169014084507,66.19718309859155,14.084507042253522
E00183545,307,61,19,42,246,210,36,19.86970684039088,6.188925081433225,13.680781758957655,80.13029315960912,68.40390879478826,11.726384364820847
E00183546,71,15,4,11,56,48,8,21.12676056338028,5.633802816901409,15.492957746478872,78.87323943661971,67.6056338028169,11.267605633802818
E00183547,74,20,7,13,54,37,17,27.027027027027028,9.45945945945946,17.56756756756757,72.97297297297297,50,22.972972972972975
E00183548,115,23,15,8,92,82,10,20,13.043478260869565,6.956521739130435,80,71.30434782608695,8.695652173913043
E00183549,181,36,11,25,145,122,23,19.88950276243094,6.077348066298343,13.812154696132598,80.11049723756905,67.40331491712708,12.70718232044199
E00183550,121,22,8,14,99,83,16,18.181818181818183,6.6115702479338845,11.570247933884298,81.81818181818183,68.59504132231406,13.223140495867769
E00183551,141,31,9,22,110,99,11,21.98581560283688,6.382978723404255,15.602836879432624,78.01418439716312,70.2127659574468,7.801418439716312
E00183552,316,73,23,50,243,215,28,23.10126582278481,7.2784810126582276,15.822784810126583,76.89873417721519,68.0379746835443,8.860759493670885
E00183553,135,40,8,32,95,90,5,29.629629629629626,5.9259259259259265,23.703703703703706,70.37037037037037,66.66666666666666,3.7037037037037033
E00183554,84,17,5,12,67,56,11,20.238095238095237,5.952380952380952,14.285714285714285,79.76190476190477,66.66666666666666,13.095238095238097
E00183555,136,38,10,28,98,83,15,27.941176470588236,7.352941176470589,20.588235294117645,72.05882352941177,61.029411764705884,11.029411764705882
E00183556,185,64,27,37,121,100,21,34.5945945945946,14.594594594594595,20,65.4054054054054,54.054054054054056,11.351351351351353
E00183557,134,31,13,18,103,85,18,23.134328358208954,9.701492537313433,13.432835820895523,76.86567164179104,63.43283582089553,13.432835820895523
E00183558,140,33,5,28,107,80,27,23.57142857142857,3.571428571428571,20,76.42857142857142,57.14285714285714,19.28571428571429
E00183559,189,40,17,23,149,127,22,21.164021164021165,8.994708994708994,12.16931216931217,78.83597883597884,67.1957671957672,11.64021164021164
E00183560,86,20,7,13,66,55,11,23.25581395348837,8.13953488372093,15.11627906976744,76.74418604651163,63.95348837209303,12.790697674418606
E00183561,195,57,23,34,138,111,27,29.230769230769234,11.794871794871794,17.435897435897434,70.76923076923077,56.92307692307692,13.846153846153847
E00183562,74,15,3,12,59,52,7,20.27027027027027,4.054054054054054,16.216216216216218,79.72972972972973,70.27027027027027,9.45945945945946
E00183563,174,36,12,24,138,123,15,20.689655172413794,6.896551724137931,13.793103448275861,79.3103448275862,70.6896551724138,8.620689655172415
E00183564,313,82,27,55,231,209,22,26.198083067092654,8.626198083067091,17.57188498402556,73.80191693290735,66.77316293929712,7.0287539936102235
E00183565,88,28,11,17,60,53,7,31.818181818181817,12.5,19.318181818181817,68.18181818181817,60.22727272727273,7.954545454545454
E00183566,82,12,3,9,70,62,8,14.634146341463413,3.6585365853658534,10.975609756097562,85.36585365853658,75.60975609756098,9.75609756097561
E00183567,385,41,9,32,344,294,50,10.649350649350648,2.3376623376623376,8.311688311688311,89.35064935064935,76.36363636363637,12.987012987012985
E00183568,78,24,7,17,54,45,9,30.76923076923077,8.974358974358974,21.794871794871796,69.23076923076923,57.692307692307686,11.538461538461538
E00183569,231,51,14,37,180,154,26,22.07792207792208,6.0606060606060606,16.017316017316016,77.92207792207793,66.66666666666666,11.255411255411255
E00183570,114,20,4,16,94,80,14,17.543859649122805,3.508771929824561,14.035087719298245,82.45614035087719,70.17543859649122,12.280701754385964
E00183609,63,14,2,12,49,44,5,22.22222222222222,3.1746031746031744,19.047619047619047,77.77777777777779,69.84126984126983,7.936507936507936
E00183610,300,57,14,43,243,219,24,19,4.666666666666667,14.333333333333334,81,73,8
E00183611,142,13,4,9,129,96,33,9.15492957746479,2.8169014084507045,6.338028169014084,90.84507042253522,67.6056338028169,23.239436619718308
E00183612,165,47,24,23,118,97,21,28.484848484848484,14.545454545454545,13.939393939393941,71.51515151515152,58.78787878787879,12.727272727272727
E00183613,218,40,16,24,178,161,17,18.34862385321101,7.339449541284404,11.009174311926607,81.65137614678899,73.85321100917432,7.79816513761468
E00183614,111,35,13,22,76,65,11,31.53153153153153,11.711711711711711,19.81981981981982,68.46846846846847,58.55855855855856,9.90990990990991
E00183615,133,27,6,21,106,82,24,20.30075187969925,4.511278195488721,15.789473684210526,79.69924812030075,61.65413533834586,18.045112781954884
E00183616,164,37,11,26,127,108,19,22.5609756097561,6.707317073170732,15.853658536585366,77.4390243902439,65.85365853658537,11.585365853658537
E00183617,69,20,5,15,49,46,3,28.985507246376812,7.246376811594203,21.73913043478261,71.01449275362319,66.66666666666666,4.3478260869565215
E00183618,263,57,18,39,206,172,34,21.673003802281368,6.844106463878327,14.82889733840304,78.32699619771863,65.39923954372624,12.927756653992395
E00183619,89,27,10,17,62,56,6,30.337078651685395,11.235955056179774,19.101123595505616,69.66292134831461,62.92134831460674,6.741573033707865
E00183620,258,66,27,39,192,170,22,25.581395348837212,10.465116279069768,15.11627906976744,74.4186046511628,65.89147286821705,8.527131782945736
E00183621,151,35,18,17,116,101,15,23.178807947019866,11.920529801324504,11.258278145695364,76.82119205298014,66.88741721854305,9.933774834437086
E00183622,94,25,6,19,69,60,9,26.595744680851062,6.382978723404255,20.212765957446805,73.40425531914893,63.829787234042556,9.574468085106384
E00183623,74,18,4,14,56,55,1,24.324324324324326,5.405405405405405,18.91891891891892,75.67567567567568,74.32432432432432,1.3513513513513513
E00183624,232,37,9,28,195,172,23,15.948275862068966,3.8793103448275863,12.068965517241379,84.05172413793103,74.13793103448276,9.913793103448276
E00183699,137,24,10,14,113,98,15,17.51824817518248,7.2992700729927,10.218978102189782,82.48175182481752,71.53284671532847,10.948905109489052
E00183700,382,64,16,48,318,275,43,16.75392670157068,4.18848167539267,12.56544502617801,83.24607329842932,71.98952879581152,11.2565445026178
E00183701,63,11,3,8,52,49,3,17.46031746031746,4.761904761904762,12.698412698412698,82.53968253968253,77.77777777777779,4.761904761904762
E00183702,176,35,13,22,141,119,22,19.886363636363637,7.386363636363637,12.5,80.11363636363636,67.61363636363636,12.5
