OA,ts0380001,ts0380002,ts0380003,ts0380004,ts0380005,ts0380006,ts0380007,ts0380002_PCT,ts0380003_PCT,ts0380004_PCT,ts0380005_PCT,ts0380006_PCT,ts0380007_PCT
E00090512,299,54,30,24,245,19,226,18.06020066889632,10.033444816053512,8.02675585284281,81.93979933110369,6.354515050167224,75.58528428093646
E00090514,326,40,10,30,286,31,255,12.269938650306749,3.067484662576687,9.202453987730062,87.73006134969326,9.509202453987731,78.22085889570552
E00090515,298,49,25,24,249,14,235,16.44295302013423,8.389261744966444,8.053691275167784,83.55704697986577,4.697986577181208,78.85906040268456
E00090516,324,40,14,26,284,22,262,12.345679012345679,4.320987654320987,8.024691358024691,87.65432098765432,6.790123456790123,80.8641975308642
E00090517,530,205,75,130,325,28,297,38.67924528301887,14.150943396226415,24.528301886792452,61.32075471698113,5.283018867924529,56.0377358490566
E00090518,448,83,31,52,365,26,339,18.526785714285715,6.919642857142858,11.607142857142858,81.47321428571429,5.803571428571429,75.66964285714286
E00090519,356,67,33,34,289,22,267,18.820224719101123,9.269662921348315,9.550561797752808,81.17977528089888,6.179775280898876,75
E00090520,470,65,27,38,405,28,377,13.829787234042554,5.74468085106383,8.085106382978724,86.17021276595744,5.957446808510639,80.2127659574468
E00090521,344,40,11,29,304,27,277,11.627906976744185,3.1976744186046515,8.430232558139535,88.37209302325581,7.848837209302325,80.52325581395348
E00090522,383,93,47,46,290,23,267,24.281984334203656,12.27154046997389,12.010443864229766,75.71801566579634,6.005221932114883,69.71279373368147
E00090523,254,48,20,28,206,15,191,18.89763779527559,7.874015748031496,11.023622047244094,81.10236220472441,5.905511811023622,75.19685039370079
E00090524,280,60,30,30,220,18,202,21.428571428571427,10.714285714285714,10.714285714285714,78.57142857142857,6.428571428571428,72.14285714285714
E00090525,370,95,42,53,275,20,255,25.675675675675674,11.351351351351353,14.324324324324325,74.32432432432432,5.405405405405405,68.91891891891892
E00090526,184,22,4,18,162,14,148,11.956521739130435,2.1739130434782608,9.782608695652174,88.04347826086956,7.608695652173914,80.43478260869566
E00090527,321,72,30,42,249,10,239,22.429906542056074,9.345794392523365,13.084112149532709,77.57009345794393,3.115264797507788,74.45482866043614
E00090528,317,28,9,19,289,27,262,8.832807570977918,2.8391167192429023,5.993690851735016,91.16719242902208,8.517350157728707,82.64984227129337
E00090529,344,67,26,41,277,14,263,19.476744186046513,7.55813953488372,11.918604651162791,80.52325581395348,4.069767441860465,76.45348837209302
E00090530,251,39,11,28,212,15,197,15.53784860557769,4.382470119521913,11.155378486055776,84.4621513944223,5.9760956175298805,78.48605577689243
E00090531,436,71,22,49,365,25,340,16.28440366972477,5.045871559633028,11.238532110091743,83.71559633027523,5.73394495412844,77.98165137614679
E00090532,190,46,19,27,144,12,132,24.210526315789473,10,14.210526315789473,75.78947368421053,6.315789473684211,69.47368421052632
E00090533,337,36,12,24,301,16,285,10.682492581602373,3.5608308605341246,7.121661721068249,89.31750741839762,4.747774480712167,84.56973293768546
E00090534,407,71,30,41,336,39,297,17.444717444717444,7.371007371007371,10.073710073710075,82.55528255528255,9.582309582309582,72.97297297297297
E00090535,201,62,34,28,139,9,130,30.845771144278604,16.91542288557214,13.930348258706468,69.15422885572139,4.477611940298507,64.6766169154229
E00090536,469,59,21,38,410,41,369,12.57995735607676,4.477611940298507,8.102345415778252,87.42004264392324,8.742004264392325,78.67803837953092
E00090537,388,63,18,45,325,23,302,16.237113402061855,4.639175257731959,11.597938144329897,83.76288659793815,5.927835051546391,77.83505154639175
E00090539,177,43,21,22,134,6,128,24.293785310734464,11.864406779661017,12.429378531073446,75.70621468926554,3.389830508474576,72.31638418079096
E00090540,246,65,29,36,181,20,161,26.422764227642276,11.788617886178862,14.634146341463413,73.57723577235772,8.130081300813007,65.4471544715447
E00090541,330,51,20,31,279,19,260,15.454545454545453,6.0606060606060606,9.393939393939393,84.54545454545455,5.757575757575758,78.78787878787878
E00090542,311,50,21,29,261,27,234,16.077170418006432,6.752411575562702,9.32475884244373,83.92282958199357,8.681672025723474,75.2411575562701
E00090543,311,50,17,33,261,25,236,16.077170418006432,5.466237942122187,10.610932475884244,83.92282958199357,8.038585209003216,75.88424437299035
E00090545,336,56,22,34,280,25,255,16.666666666666664,6.547619047619048,10.119047619047619,83.33333333333334,7.440476190476191,75.89285714285714
E00090546,350,95,42,53,255,25,230,27.142857142857142,12,15.142857142857144,72.85714285714285,7.142857142857142,65.71428571428571
E00090547,270,47,15,32,223,33,190,17.40740740740741,5.555555555555555,11.851851851851853,82.5925925925926,12.222222222222221,70.37037037037037
E00090548,252,23,6,17,229,27,202,9.126984126984127,2.380952380952381,6.746031746031746,90.87301587301587,10.714285714285714,80.15873015873017
E00090549,305,43,11,32,262,23,239,14.098360655737704,3.606557377049181,10.491803278688524,85.90163934426229,7.540983606557377,78.36065573770492
E00090550,195,33,9,24,162,17,145,16.923076923076923,4.615384615384616,12.307692307692308,83.07692307692308,8.717948717948717,74.35897435897436
E00090551,418,66,24,42,352,28,324,15.789473684210526,5.741626794258373,10.047846889952153,84.21052631578947,6.698564593301436,77.51196172248804
E00090552,314,48,18,30,266,18,248,15.286624203821656,5.7324840764331215,9.554140127388536,84.71337579617835,5.7324840764331215,78.98089171974523
E00090553,276,68,26,42,208,22,186,24.637681159420293,9.420289855072465,15.217391304347828,75.36231884057972,7.971014492753622,67.3913043478261
E00090554,303,39,15,24,264,20,244,12.871287128712872,4.9504950495049505,7.920792079207921,87.12871287128714,6.6006600660066,80.52805280528052
E00090555,302,40,12,28,262,14,248,13.245033112582782,3.9735099337748347,9.271523178807946,86.75496688741721,4.635761589403973,82.11920529801324
E00090556,366,47,18,29,319,32,287,12.841530054644808,4.918032786885246,7.923497267759563,87.1584699453552,8.743169398907105,78.41530054644808
E00090557,251,51,21,30,200,13,187,20.318725099601593,8.366533864541832,11.952191235059761,79.6812749003984,5.179282868525896,74.5019920318725
E00090558,183,39,15,24,144,11,133,21.311475409836063,8.19672131147541,13.114754098360656,78.68852459016394,6.0109289617486334,72.6775956284153
E00090559,340,52,15,37,288,26,262,15.294117647058824,4.411764705882353,10.882352941176471,84.70588235294117,7.647058823529412,77.05882352941177
E00090560,261,68,31,37,193,22,171,26.053639846743295,11.877394636015326,14.17624521072797,73.9463601532567,8.42911877394636,65.51724137931035
E00090561,312,52,19,33,260,28,232,16.666666666666664,6.089743589743589,10.576923076923077,83.33333333333334,8.974358974358974,74.35897435897436
E00090562,314,43,9,34,271,31,240,13.694267515923567,2.8662420382165608,10.828025477707007,86.30573248407643,9.872611464968154,76.43312101910828
E00090563,195,23,4,19,172,22,150,11.794871794871794,2.051282051282051,9.7435897435897445,88.2051282051282,11.282051282051283,76.92307692307693
E00090564,258,29,4,25,229,32,197,11.24031007751938,1.550387596899225,9.689922480620156,88.75968992248062,12.4031007751938,76.35658914728683
E00090565,220,38,8,30,182,17,165,17.272727272727273,3.6363636363636362,13.636363636363635,82.72727272727273,7.727272727272727,75
E00090566,302,29,4,25,273,33,240,9.602649006622517,1.3245033112582782,8.27814569536424,90.39735099337747,10.927152317880795,79.47019867549669
E00090567,243,39,12,27,204,24,180,16.049382716049383,4.938271604938271,11.11111111111111,83.9506172839506,9.876543209876543,74.07407407407408
E00090568,328,49,8,41,279,21,258,14.939024390243901,2.4390243902439024,12.5,85.0609756097561,6.402439024390244,78.65853658536585
E00090569,324,35,14,21,289,29,260,10.802469135802468,4.320987654320987,6.481481481481481,89.19753086419753,8.950617283950617,80.24691358024691
E00090570,250,61,27,34,189,14,175,24.4,10.8,13.600000000000001,75.6,5.6000000000000005,70
E00090571,421,62,22,40,359,20,339,14.726840855106888,5.225653206650831,9.501187648456057,85.2731591448931,4.750593824228028,80.52256532066508
E00090574,495,98,35,63,397,40,357,19.7979797979798,7.07070707070707,12.727272727272727,80.2020202020202,8.080808080808081,72.12121212121212
E00090575,231,32,4,28,199,23,176,13.852813852813853,1.7316017316017316,12.121212121212121,86.14718614718615,9.956709956709958,76.19047619047619
E00090576,226,21,5,16,205,23,182,9.29203539823009,2.2123893805309733,7.079646017699115,90.7079646017699,10.176991150442479,80.53097345132744
E00090577,1773,254,24,230,1519,158,1361,14.326001128031585,1.353637901861252,12.972363226170334,85.67399887196842,8.911449520586578,76.76254935138184
E00090580,363,71,24,47,292,30,262,19.55922865013774,6.6115702479338845,12.947658402203857,80.44077134986226,8.264462809917356,72.1763085399449
E00090581,264,46,21,25,218,28,190,17.424242424242426,7.954545454545454,9.469696969696969,82.57575757575758,10.606060606060606,71.96969696969697
E00090582,291,52,17,35,239,24,215,17.869415807560138,5.841924398625429,12.027491408934708,82.13058419243985,8.24742268041237,73.8831615120275
E00090583,322,51,13,38,271,40,231,15.838509316770185,4.037267080745342,11.801242236024844,84.16149068322981,12.422360248447205,71.73913043478261
E00090584,299,24,3,21,275,13,262,8.02675585284281,1.0033444816053512,7.023411371237458,91.9732441471572,4.3478260869565215,87.62541806020067
E00090586,331,38,8,30,293,34,259,11.48036253776435,2.416918429003021,9.06344410876133,88.51963746223565,10.27190332326284,78.24773413897282
E00090587,289,35,6,29,254,28,226,12.110726643598616,2.0761245674740483,10.034602076124568,87.88927335640139,9.688581314878892,78.20069204152249
E00090588,324,48,16,32,276,22,254,14.814814814814813,4.938271604938271,9.876543209876543,85.18518518518519,6.790123456790123,78.39506172839506
E00090589,331,53,26,27,278,29,249,16.012084592145015,7.854984894259818,8.157099697885197,83.98791540785498,8.761329305135952,75.22658610271903
E00090590,239,57,24,33,182,17,165,23.84937238493724,10.0418410041841,13.807531380753138,76.15062761506276,7.112970711297072,69.0376569037657
E00090591,314,78,42,36,236,20,216,24.840764331210192,13.375796178343949,11.464968152866243,75.15923566878982,6.369426751592357,68.78980891719745
E00090592,289,51,23,28,238,14,224,17.647058823529413,7.958477508650519,9.688581314878892,82.35294117647058,4.844290657439446,77.50865051903114
E00090593,326,29,13,16,297,24,273,8.895705521472392,3.9877300613496933,4.9079754601226995,91.1042944785276,7.361963190184049,83.74233128834356
E00090594,435,74,29,45,361,21,340,17.011494252873565,6.666666666666667,10.344827586206897,82.98850574712644,4.827586206896552,78.16091954022988
E00090595,331,45,11,34,286,22,264,13.595166163141995,3.3232628398791544,10.27190332326284,86.404833836858,6.646525679758309,79.7583081570997
E00090596,334,35,10,25,299,37,262,10.479041916167663,2.9940119760479043,7.48502994011976,89.52095808383234,11.077844311377245,78.44311377245509
E00090597,312,50,14,36,262,24,238,16.025641025641026,4.487179487179487,11.538461538461538,83.97435897435898,7.6923076923076925,76.28205128205127
E00090598,341,42,15,27,299,24,275,12.316715542521994,4.398826979472141,7.9178885630498534,87.68328445747801,7.038123167155426,80.64516129032258
E00090599,372,48,13,35,324,28,296,12.903225806451612,3.494623655913978,9.408602150537634,87.09677419354838,7.526881720430108,79.56989247311827
E00090600,326,34,9,25,292,30,262,10.429447852760736,2.7607361963190185,7.668711656441718,89.57055214723927,9.202453987730062,80.3680981595092
E00090601,360,46,21,25,314,42,272,12.777777777777777,5.833333333333333,6.944444444444445,87.22222222222223,11.666666666666666,75.55555555555556
E00090602,246,34,16,18,212,18,194,13.821138211382115,6.504065040650407,7.317073170731707,86.1788617886179,7.317073170731707,78.86178861788618
E00090603,324,38,18,20,286,20,266,11.728395061728394,5.555555555555555,6.172839506172839,88.27160493827161,6.172839506172839,82.09876543209876
E00090604,260,55,30,25,205,13,192,21.153846153846153,11.538461538461538,9.615384615384617,78.84615384615384,5,73.84615384615385
E00090605,267,66,33,33,201,11,190,24.719101123595504,12.359550561797752,12.359550561797752,75.28089887640449,4.119850187265917,71.16104868913857
E00090606,362,36,18,18,326,22,304,9.94475138121547,4.972375690607735,4.972375690607735,90.05524861878453,6.077348066298343,83.97790055248619
E00090607,357,41,6,35,316,30,286,11.484593837535014,1.680672268907563,9.803921568627452,88.51540616246498,8.403361344537815,80.11204481792717
E00090608,397,56,19,37,341,31,310,14.105793450881613,4.785894206549118,9.319899244332493,85.8942065491184,7.8085642317380355,78.08564231738035
E00090609,253,43,16,27,210,11,199,16.99604743083004,6.324110671936759,10.67193675889328,83.00395256916995,4.3478260869565215,78.65612648221344
E00090610,211,23,6,17,188,15,173,10.90047393364929,2.843601895734597,8.056872037914692,89.0995260663507,7.109004739336493,81.99052132701422
E00090611,449,69,29,40,380,23,357,15.367483296213807,6.45879732739421,8.908685968819599,84.63251670378618,5.122494432071269,79.51002227171492
E00090612,396,58,27,31,338,27,311,14.646464646464647,6.8181818181818175,7.828282828282829,85.35353535353535,6.8181818181818175,78.53535353535354
E00090613,321,36,9,27,285,27,258,11.214953271028037,2.803738317757009,8.411214953271028,88.78504672897196,8.411214953271028,80.37383177570094
E00090614,583,83,32,51,500,45,455,14.236706689536879,5.4888507718696395,8.747855917667238,85.76329331046311,7.718696397941681,78.04459691252144
E00090615,309,65,33,32,244,27,217,21.035598705501616,10.679611650485436,10.355987055016183,78.96440129449837,8.737864077669903,70.22653721682848
E00090616,303,40,18,22,263,24,239,13.2013201320132,5.9405940594059405,7.2607260726072615,86.79867986798679,7.920792079207921,78.87788778877888
E00090617,294,54,20,34,240,20,220,18.367346938775512,6.802721088435375,11.564625850340136,81.63265306122449,6.802721088435375,74.82993197278913
E00090618,320,35,3,32,285,31,254,10.9375,0.9375,10,89.0625,9.6875,79.375
E00090619,407,69,19,50,338,26,312,16.953316953316953,4.668304668304668,12.285012285012286,83.04668304668304,6.388206388206388,76.65847665847666
E00090620,342,44,13,31,298,24,274,12.865497076023392,3.8011695906432745,9.064327485380117,87.13450292397661,7.017543859649122,80.11695906432749
E00090621,368,48,6,42,320,36,284,13.043478260869565,1.6304347826086956,11.41304347826087,86.95652173913044,9.782608695652174,77.17391304347827
E00090622,415,47,19,28,368,38,330,11.325301204819278,4.578313253012048,6.746987951807229,88.67469879518072,9.156626506024097,79.51807228915662
E00090623,206,76,33,43,130,13,117,36.89320388349515,16.019417475728158,20.87378640776699,63.10679611650486,6.310679611650485,56.79611650485437
E00090624,360,55,19,36,305,36,269,15.277777777777779,5.277777777777778,10,84.72222222222221,10,74.72222222222223
E00090627,306,52,18,34,254,24,230,16.99346405228758,5.88235294117647,11.11111111111111,83.00653594771242,7.8431372549019605,75.16339869281046
E00090628,258,45,13,32,213,20,193,17.441860465116278,5.038759689922481,12.4031007751938,82.55813953488372,7.751937984496124,74.8062015503876
E00090629,418,33,8,25,385,27,358,7.894736842105263,1.9138755980861244,5.980861244019139,92.10526315789474,6.4593301435406705,85.64593301435407
E00090630,233,39,14,25,194,13,181,16.738197424892704,6.008583690987124,10.72961373390558,83.2618025751073,5.579399141630901,77.6824034334764
E00090631,232,26,6,20,206,21,185,11.206896551724139,2.586206896551724,8.620689655172415,88.79310344827587,9.051724137931034,79.74137931034483
E00090632,506,63,14,49,443,40,403,12.450592885375494,2.766798418972332,9.683794466403162,87.54940711462451,7.905138339920949,79.64426877470355
E00090633,412,82,39,43,330,19,311,19.902912621359224,9.466019417475728,10.436893203883495,80.09708737864078,4.611650485436893,75.48543689320388
E00090634,331,46,17,29,285,20,265,13.897280966767372,5.13595166163142,8.761329305135952,86.10271903323263,6.042296072507553,80.06042296072508
E00090635,218,53,28,25,165,13,152,24.31192660550459,12.844036697247708,11.46788990825688,75.68807339449542,5.963302752293578,69.72477064220183
E00090636,288,43,18,25,245,22,223,14.930555555555555,6.25,8.680555555555555,85.06944444444444,7.638888888888889,77.43055555555556
E00090637,152,24,6,18,128,14,114,15.789473684210526,3.9473684210526314,11.842105263157894,84.21052631578947,9.210526315789473,75
E00090638,338,36,7,29,302,20,282,10.650887573964498,2.0710059171597637,8.579881656804734,89.3491124260355,5.9171597633136095,83.4319526627219
E00090639,330,79,34,45,251,14,237,23.939393939393938,10.303030303030303,13.636363636363635,76.06060606060606,4.242424242424243,71.81818181818181
E00090640,343,41,8,33,302,42,260,11.9533527696793,2.3323615160349855,9.620991253644315,88.0466472303207,12.244897959183673,75.80174927113703
E00090642,321,37,18,19,284,26,258,11.526479750778815,5.607476635514018,5.919003115264798,88.47352024922118,8.09968847352025,80.37383177570094
E00090643,282,40,14,26,242,21,221,14.184397163120568,4.964539007092199,9.219858156028367,85.81560283687944,7.446808510638298,78.36879432624113
E00090644,526,123,68,55,403,36,367,23.38403041825095,12.927756653992395,10.456273764258556,76.61596958174906,6.844106463878327,69.77186311787072
E00090645,325,64,23,41,261,28,233,19.692307692307693,7.076923076923077,12.615384615384615,80.3076923076923,8.615384615384615,71.6923076923077
E00090646,375,62,16,46,313,29,284,16.53333333333333,4.266666666666667,12.266666666666666,83.46666666666667,7.733333333333333,75.73333333333333
E00090647,493,115,55,60,378,29,349,23.32657200811359,11.156186612576064,12.170385395537526,76.67342799188641,5.88235294117647,70.79107505070994
E00090648,273,37,10,27,236,26,210,13.553113553113553,3.6630036630036633,9.89010989010989,86.44688644688645,9.523809523809524,76.92307692307693
E00090649,375,78,36,42,297,32,265,20.8,9.6,11.200000000000001,79.2,8.533333333333333,70.66666666666667
E00090650,414,99,51,48,315,17,298,23.91304347826087,12.318840579710146,11.594202898550725,76.08695652173914,4.1062801932367154,71.98067632850241
E00090651,268,31,9,22,237,12,225,11.567164179104477,3.3582089552238807,8.208955223880597,88.43283582089553,4.477611940298507,83.95522388059702
E00090653,431,84,44,40,347,35,312,19.489559164733176,10.208816705336426,9.280742459396752,80.51044083526682,8.120649651972158,72.38979118329466
E00090654,181,48,25,23,133,18,115,26.519337016574585,13.812154696132598,12.70718232044199,73.48066298342542,9.94475138121547,63.53591160220995
E00090655,369,60,19,41,309,24,285,16.260162601626014,5.149051490514905,11.11111111111111,83.73983739837398,6.504065040650407,77.23577235772358
E00090656,419,70,36,34,349,20,329,16.706443914081145,8.591885441527445,8.1145584725537,83.29355608591885,4.77326968973747,78.52028639618138
E00090657,260,52,30,22,208,32,176,20,11.538461538461538,8.461538461538462,80,12.307692307692308,67.6923076923077
E00090658,317,42,14,28,275,21,254,13.249211356466878,4.416403785488959,8.832807570977918,86.75078864353313,6.624605678233439,80.12618296529969
E00090659,320,70,35,35,250,28,222,21.875,10.9375,10.9375,78.125,8.75,69.375
E00090660,349,72,31,41,277,17,260,20.630372492836678,8.882521489971348,11.74785100286533,79.36962750716332,4.871060171919771,74.49856733524355
E00090661,361,37,20,17,324,23,301,10.249307479224377,5.540166204986149,4.7091412742382275,89.75069252077562,6.3711911357340725,83.37950138504155
E00090662,260,36,10,26,224,21,203,13.846153846153847,3.8461538461538463,10,86.15384615384616,8.076923076923077,78.07692307692308
E00090663,285,36,9,27,249,29,220,12.631578947368421,3.1578947368421053,9.473684210526317,87.36842105263159,10.175438596491228,77.19298245614034
E00090664,458,149,60,89,309,21,288,32.532751091703055,13.100436681222707,19.432314410480352,67.46724890829694,4.585152838427948,62.882096069869
E00090665,495,100,32,68,395,40,355,20.2020202020202,6.4646464646464645,13.737373737373737,79.7979797979798,8.080808080808081,71.71717171717171
E00090666,360,59,25,34,301,27,274,16.38888888888889,6.944444444444445,9.444444444444445,83.61111111111111,7.5,76.11111111111111
E00090667,347,89,41,48,258,17,241,25.64841498559078,11.815561959654179,13.8328530259366,74.35158501440922,4.899135446685879,69.45244956772333
E00090668,374,90,37,53,284,22,262,24.06417112299465,9.893048128342247,14.171122994652407,75.93582887700535,5.88235294117647,70.05347593582889
E00090669,386,72,33,39,314,31,283,18.65284974093264,8.549222797927461,10.103626943005182,81.34715025906736,8.031088082901555,73.31606217616581
E00090670,337,52,16,36,285,27,258,15.43026706231454,4.747774480712167,10.682492581602373,84.56973293768546,8.011869436201781,76.55786350148368
E00090671,274,44,15,29,230,22,208,16.05839416058394,5.474452554744526,10.583941605839415,83.94160583941606,8.02919708029197,75.91240875912408
E00090672,298,69,22,47,229,19,210,23.154362416107382,7.38255033557047,15.771812080536913,76.84563758389261,6.375838926174497,70.46979865771812
E00090673,350,52,19,33,298,23,275,14.857142857142858,5.428571428571429,9.428571428571429,85.14285714285714,6.571428571428571,78.57142857142857
E00090674,259,53,21,32,206,21,185,20.463320463320464,8.108108108108109,12.355212355212355,79.53667953667953,8.108108108108109,71.42857142857143
E00090675,333,53,26,27,280,24,256,15.915915915915916,7.807807807807808,8.108108108108109,84.08408408408408,7.207207207207207,76.87687687687688
E00090676,299,54,25,29,245,14,231,18.06020066889632,8.361204013377927,9.698996655518394,81.93979933110369,4.682274247491638,77.25752508361204
E00090677,343,60,29,31,283,24,259,17.49271137026239,8.454810495626822,9.037900874635568,82.5072886297376,6.997084548104956,75.51020408163265
E00090678,234,42,17,25,192,17,175,17.94871794871795,7.264957264957266,10.683760683760683,82.05128205128204,7.264957264957266,74.78632478632478
E00090679,299,45,8,37,254,40,214,15.050167224080269,2.6755852842809364,12.37458193979933,84.94983277591973,13.377926421404682,71.57190635451505
E00090680,393,70,38,32,323,22,301,17.8117048346056,9.669211195928753,8.142493638676845,82.1882951653944,5.597964376590331,76.59033078880407
E00090681,422,146,102,44,276,19,257,34.59715639810427,24.170616113744074,10.42654028436019,65.40284360189574,4.502369668246446,60.90047393364929
E00090682,398,94,35,59,304,24,280,23.618090452261306,8.793969849246231,14.824120603015075,76.38190954773869,6.030150753768844,70.35175879396985
E00090683,284,47,24,23,237,16,221,16.549295774647888,8.450704225352112,8.098591549295776,83.45070422535211,5.633802816901409,77.8169014084507
E00090684,321,69,27,42,252,20,232,21.49532710280374,8.411214953271028,13.084112149532709,78.50467289719626,6.230529595015576,72.27414330218068
E00090685,261,42,18,24,219,14,205,16.091954022988507,6.896551724137931,9.195402298850574,83.9080459770115,5.363984674329502,78.544061302682
E00090686,340,37,11,26,303,31,272,10.882352941176471,3.2352941176470593,7.647058823529412,89.11764705882354,9.117647058823529,80
E00090688,276,33,10,23,243,38,205,11.956521739130435,3.6231884057971016,8.333333333333332,88.04347826086956,13.768115942028986,74.27536231884058
E00090689,274,33,12,21,241,20,221,12.043795620437956,4.37956204379562,7.664233576642336,87.95620437956204,7.2992700729927,80.65693430656934
E00090691,322,69,32,37,253,17,236,21.428571428571427,9.937888198757763,11.490683229813664,78.57142857142857,5.279503105590062,73.29192546583852
E00090692,337,66,27,39,271,27,244,19.584569732937684,8.011869436201781,11.572700296735905,80.41543026706232,8.011869436201781,72.40356083086054
E00090694,276,53,25,28,223,25,198,19.202898550724637,9.057971014492754,10.144927536231885,80.79710144927536,9.057971014492754,71.73913043478261
E00090695,318,120,80,40,198,14,184,37.735849056603776,25.157232704402517,12.578616352201259,62.264150943396224,4.40251572327044,57.861635220125784
E00090696,247,31,8,23,216,23,193,12.550607287449392,3.2388663967611335,9.31174089068826,87.4493927125506,9.31174089068826,78.13765182186235
E00090697,304,82,32,50,222,21,201,26.973684210526315,10.526315789473683,16.447368421052634,73.02631578947368,6.907894736842106,66.11842105263158
E00090700,289,42,9,33,247,28,219,14.53287197231834,3.1141868512110724,11.418685121107266,85.46712802768167,9.688581314878892,75.77854671280276
E00090701,260,38,16,22,222,29,193,14.615384615384617,6.153846153846154,8.461538461538462,85.38461538461539,11.153846153846155,74.23076923076923
E00090702,205,50,15,35,155,20,135,24.390243902439025,7.317073170731707,17.073170731707318,75.60975609756098,9.75609756097561,65.85365853658537
E00090703,177,33,17,16,144,21,123,18.64406779661017,9.6045197740113,9.03954802259887,81.35593220338984,11.864406779661017,69.49152542372882
E00090704,293,44,17,27,249,28,221,15.017064846416384,5.802047781569966,9.215017064846416,84.98293515358361,9.556313993174061,75.42662116040955
E00090705,231,33,6,27,198,22,176,14.285714285714285,2.5974025974025974,11.688311688311687,85.71428571428571,9.523809523809524,76.19047619047619
E00090707,263,47,12,35,216,30,186,17.870722433460077,4.562737642585551,13.307984790874524,82.12927756653993,11.406844106463879,70.72243346007605
E00090708,273,46,15,31,227,23,204,16.84981684981685,5.4945054945054945,11.355311355311356,83.15018315018315,8.424908424908425,74.72527472527473
E00090710,1871,261,38,223,1610,167,1443,13.949759486905396,2.030999465526456,11.918760021378942,86.0502405130946,8.925708177445218,77.12453233564939
E00090712,1197,191,28,163,1006,112,894,15.95655806182122,2.3391812865497075,13.617376775271511,84.04344193817877,9.35672514619883,74.68671679197995
E00090714,170,17,5,12,153,16,137,10,2.941176470588235,7.0588235294117645,90,9.411764705882353,80.58823529411765
E00090715,770,86,11,75,684,76,608,11.168831168831169,1.4285714285714286,9.740259740259742,88.83116883116882,9.87012987012987,78.96103896103897
E00090716,337,44,9,35,293,34,259,13.056379821958458,2.6706231454005933,10.385756676557865,86.94362017804154,10.089020771513352,76.8545994065282
E00090717,261,40,14,26,221,28,193,15.32567049808429,5.363984674329502,9.961685823754788,84.67432950191571,10.727969348659004,73.9463601532567
E00090719,325,33,8,25,292,29,263,10.153846153846153,2.4615384615384617,7.6923076923076925,89.84615384615384,8.923076923076923,80.92307692307692
E00090720,280,34,11,23,246,25,221,12.142857142857142,3.9285714285714284,8.214285714285714,87.85714285714286,8.928571428571429,78.92857142857143
E00090721,258,41,11,30,217,25,192,15.891472868217054,4.263565891472868,11.627906976744185,84.10852713178295,9.689922480620156,74.4186046511628
E00090723,2696,389,59,330,2307,231,2076,14.428783382789318,2.188427299703264,12.240356083086052,85.57121661721068,8.568249258160238,77.00296735905044
E00090724,198,37,13,24,161,12,149,18.68686868686869,6.565656565656567,12.121212121212121,81.31313131313132,6.0606060606060606,75.25252525252525
E00090726,246,37,6,31,209,21,188,15.040650406504067,2.4390243902439024,12.601626016260163,84.95934959349594,8.536585365853659,76.42276422764228
E00090727,316,29,4,25,287,16,271,9.177215189873419,1.2658227848101267,7.9113924050632916,90.82278481012658,5.063291139240507,85.75949367088607
E00090728,285,29,7,22,256,29,227,10.175438596491228,2.456140350877193,7.719298245614035,89.82456140350877,10.175438596491228,79.64912280701755
E00090729,385,40,9,31,345,36,309,10.38961038961039,2.3376623376623376,8.051948051948052,89.6103896103896,9.35064935064935,80.25974025974027
E00090730,227,53,25,28,174,16,158,23.348017621145374,11.013215859030836,12.334801762114537,76.65198237885463,7.048458149779736,69.60352422907489
E00090731,293,32,10,22,261,26,235,10.921501706484642,3.4129692832764507,7.508532423208192,89.07849829351537,8.873720136518772,80.2047781569966
E00090733,312,29,7,22,283,31,252,9.294871794871796,2.2435897435897436,7.051282051282051,90.7051282051282,9.935897435897436,80.76923076923077
E00090734,261,33,13,20,228,31,197,12.643678160919542,4.980842911877394,7.662835249042145,87.356321839080465,11.877394636015326,75.47892720306514
E00090736,374,36,0,36,338,33,305,9.62566844919786,0,9.62566844919786,90.37433155080214,8.823529411764707,81.55080213903744
E00090737,298,70,32,38,228,26,202,23.48993288590604,10.738255033557047,12.751677852348994,76.51006711409396,8.724832214765101,67.78523489932886
E00090738,359,62,21,41,297,27,270,17.270194986072422,5.8495821727019495,11.420612813370473,82.72980501392759,7.520891364902507,75.20891364902506
E00090739,184,24,11,13,160,7,153,13.043478260869565,5.978260869565218,7.065217391304348,86.95652173913044,3.804347826086957,83.15217391304348
E00090740,249,56,25,31,193,19,174,22.48995983935743,10.040160642570282,12.449799196787147,77.51004016064257,7.630522088353414,69.87951807228916
E00090741,457,74,10,64,383,35,348,16.192560175054705,2.1881838074398248,14.00437636761488,83.80743982494529,7.658643326039387,76.14879649890591
E00090742,196,42,13,29,154,21,133,21.428571428571427,6.63265306122449,14.795918367346939,78.57142857142857,10.714285714285714,67.85714285714286
E00090743,247,43,10,33,204,25,179,17.408906882591094,4.048582995951417,13.360323886639677,82.5910931174089,10.121457489878543,72.46963562753037
E00090744,428,56,18,38,372,47,325,13.084112149532709,4.205607476635514,8.878504672897195,86.91588785046729,10.981308411214954,75.93457943925233
E00090745,426,54,10,44,372,19,353,12.676056338028168,2.3474178403755865,10.328638497652582,87.32394366197182,4.460093896713615,82.86384976525821
E00090746,307,42,11,31,265,30,235,13.680781758957655,3.5830618892508146,10.097719869706841,86.31921824104235,9.77198697068404,76.54723127035831
E00090747,199,37,20,17,162,23,139,18.592964824120603,10.050251256281408,8.542713567839195,81.4070351758794,11.557788944723619,69.84924623115577
E00090748,352,43,8,35,309,39,270,12.215909090909092,2.272727272727273,9.943181818181818,87.7840909090909,11.079545454545455,76.70454545454545
E00090749,390,29,8,21,361,31,330,7.435897435897436,2.051282051282051,5.384615384615385,92.56410256410257,7.948717948717948,84.61538461538461
E00090750,340,38,8,30,302,31,271,11.176470588235295,2.3529411764705883,8.823529411764707,88.8235294117647,9.117647058823529,79.70588235294119
E00090751,358,62,26,36,296,22,274,17.318435754189945,7.262569832402235,10.05586592178771,82.68156424581005,6.145251396648044,76.53631284916202
E00090752,563,165,131,34,398,29,369,29.307282415630553,23.26820603907638,6.039076376554174,70.69271758436945,5.1509769094138544,65.54174067495559
E00090753,500,55,21,34,445,41,404,11,4.2,6.800000000000001,89,8.200000000000001,80.80000000000001
E00090754,359,31,5,26,328,29,299,8.635097493036211,1.392757660167131,7.242339832869081,91.36490250696379,8.07799442896936,83.28690807799443
E00090755,395,46,17,29,349,27,322,11.645569620253164,4.30379746835443,7.341772151898734,88.35443037974684,6.8354430379746836,81.51898734177216
E00090756,330,46,23,23,284,25,259,13.939393939393941,6.969696969696971,6.969696969696971,86.06060606060606,7.575757575757576,78.48484848484848
E00090757,266,66,32,34,200,16,184,24.81203007518797,12.030075187969924,12.781954887218044,75.18796992481202,6.015037593984962,69.17293233082707
E00090758,307,39,11,28,268,26,242,12.703583061889251,3.5830618892508146,9.120521172638437,87.29641693811075,8.469055374592834,78.82736156351791
E00090759,468,62,14,48,406,38,368,13.247863247863249,2.9914529914529915,10.256410256410255,86.75213675213675,8.11965811965812,78.63247863247864
E00090760,301,23,6,17,278,28,250,7.641196013289036,1.9933554817275747,5.647840531561462,92.35880398671097,9.30232558139535,83.05647840531562
E00090762,279,39,10,29,240,42,198,13.978494623655912,3.584229390681003,10.39426523297491,86.02150537634408,15.053763440860216,70.96774193548387
E00090763,352,39,9,30,313,35,278,11.079545454545455,2.556818181818182,8.522727272727272,88.92045454545455,9.943181818181818,78.97727272727273
E00090765,314,32,11,21,282,41,241,10.191082802547772,3.5031847133757963,6.687898089171974,89.80891719745223,13.05732484076433,76.75159235668791
E00090766,273,30,4,26,243,19,224,10.989010989010989,1.465201465201465,9.523809523809524,89.01098901098901,6.95970695970696,82.05128205128204
E00090767,243,38,17,21,205,19,186,15.637860082304528,6.995884773662551,8.641975308641975,84.36213991769547,7.818930041152264,76.5432098765432
E00090768,619,94,54,40,525,30,495,15.18578352180937,8.723747980613894,6.462035541195476,84.81421647819063,4.846526655896607,79.96768982229402
E00090771,498,114,62,52,384,27,357,22.89156626506024,12.449799196787147,10.441767068273093,77.10843373493977,5.421686746987952,71.6867469879518
E00090772,345,56,18,38,289,28,261,16.231884057971012,5.217391304347826,11.014492753623188,83.76811594202898,8.115942028985506,75.65217391304347
E00090773,405,57,19,38,348,30,318,14.074074074074074,4.691358024691358,9.382716049382717,85.92592592592592,7.4074074074074066,78.51851851851852
E00090774,342,46,8,38,296,29,267,13.450292397660817,2.3391812865497075,11.11111111111111,86.54970760233918,8.47953216374269,78.0701754385965
E00090775,339,61,34,27,278,23,255,17.99410029498525,10.029498525073747,7.964601769911504,82.00589970501476,6.784660766961652,75.22123893805309
E00090777,316,43,14,29,273,24,249,13.60759493670886,4.430379746835443,9.177215189873419,86.39240506329115,7.59493670886076,78.79746835443038
E00090778,546,56,11,45,490,35,455,10.256410256410255,2.0146520146520146,8.241758241758241,89.74358974358975,6.41025641025641,83.33333333333334
E00090779,289,18,5,13,271,20,251,6.228373702422145,1.7301038062283738,4.498269896193772,93.77162629757785,6.920415224913495,86.85121107266436
E00090780,446,70,27,43,376,30,346,15.695067264573993,6.053811659192825,9.641255605381167,84.30493273542601,6.726457399103139,77.57847533632287
E00090781,525,98,35,63,427,31,396,18.666666666666668,6.666666666666667,12,81.33333333333333,5.904761904761905,75.42857142857143
E00090782,220,38,8,30,182,14,168,17.272727272727273,3.6363636363636362,13.636363636363635,82.72727272727273,6.363636363636363,76.36363636363637
E00090783,218,35,3,32,183,21,162,16.055045871559635,1.3761467889908259,14.678899082568808,83.94495412844036,9.63302752293578,74.31192660550458
E00090785,323,62,21,41,261,17,244,19.195046439628484,6.5015479876160995,12.693498452012383,80.80495356037152,5.263157894736842,75.54179566563467
E00090786,280,39,12,27,241,29,212,13.928571428571429,4.285714285714286,9.642857142857144,86.07142857142858,10.357142857142858,75.71428571428571
E00090788,255,59,21,38,196,21,175,23.137254901960784,8.235294117647058,14.901960784313726,76.86274509803923,8.235294117647058,68.62745098039215
E00090789,396,38,8,30,358,20,338,9.595959595959595,2.0202020202020203,7.575757575757576,90.40404040404042,5.05050505050505,85.35353535353535
E00090790,451,80,32,48,371,38,333,17.738359201773836,7.095343680709535,10.643015521064301,82.26164079822617,8.425720620842572,73.8359201773836
E00090791,222,20,4,16,202,18,184,9.00900900900901,1.8018018018018018,7.207207207207207,90.990990990991,8.108108108108109,82.88288288288288
E00090792,227,27,3,24,200,16,184,11.894273127753303,1.3215859030837005,10.572687224669604,88.10572687224669,7.048458149779736,81.05726872246696
E00090793,246,23,3,20,223,15,208,9.34959349593496,1.2195121951219512,8.130081300813007,90.65040650406505,6.097560975609756,84.5528455284553
E00090794,159,32,10,22,127,9,118,20.125786163522015,6.289308176100629,13.836477987421384,79.87421383647799,5.660377358490567,74.21383647798741
E00090795,310,31,5,26,279,34,245,10,1.6129032258064515,8.38709677419355,90,10.967741935483872,79.03225806451613
E00090796,249,26,6,20,223,18,205,10.441767068273093,2.4096385542168677,8.032128514056225,89.5582329317269,7.228915662650602,82.32931726907631
E00090797,234,23,4,19,211,16,195,9.82905982905983,1.7094017094017095,8.11965811965812,90.17094017094017,6.837606837606838,83.33333333333334
E00090798,126,42,20,22,84,12,72,33.33333333333333,15.873015873015872,17.46031746031746,66.66666666666666,9.523809523809524,57.14285714285714
E00090799,283,34,11,23,249,29,220,12.014134275618375,3.8869257950530036,8.12720848056537,87.98586572438163,10.247349823321555,77.73851590106007
E00090800,264,25,3,22,239,17,222,9.469696969696969,1.1363636363636365,8.333333333333332,90.53030303030303,6.4393939393939394,84.0909090909091
E00090801,290,42,15,27,248,18,230,14.482758620689657,5.172413793103448,9.310344827586208,85.51724137931035,6.206896551724138,79.3103448275862
E00090802,156,33,12,21,123,16,107,21.153846153846153,7.6923076923076925,13.461538461538462,78.84615384615384,10.256410256410255,68.58974358974359
E00090803,216,34,9,25,182,22,160,15.74074074074074,4.166666666666666,11.574074074074074,84.25925925925925,10.185185185185185,74.07407407407408
E00090804,415,41,15,26,374,53,321,9.879518072289157,3.614457831325301,6.265060240963856,90.12048192771084,12.771084337349398,77.34939759036145
E00090805,234,51,17,34,183,20,163,21.794871794871796,7.264957264957266,14.529914529914532,78.2051282051282,8.547008547008547,69.65811965811966
E00090806,183,43,16,27,140,14,126,23.497267759562842,8.743169398907105,14.754098360655737,76.50273224043715,7.650273224043716,68.85245901639344
E00090808,362,115,38,77,247,28,219,31.767955801104975,10.497237569060774,21.2707182320442,68.23204419889503,7.734806629834254,60.49723756906077
E00090809,293,33,9,24,260,27,233,11.262798634812286,3.0716723549488054,8.19112627986348,88.73720136518772,9.215017064846416,79.5221843003413
E00090811,210,57,23,34,153,21,132,27.142857142857142,10.952380952380953,16.19047619047619,72.85714285714285,10,62.857142857142854
E00090816,303,44,11,33,259,26,233,14.521452145214523,3.6303630363036308,10.891089108910892,85.47854785478548,8.58085808580858,76.89768976897689
E00090817,165,42,27,15,123,6,117,25.454545454545453,16.363636363636363,9.090909090909092,74.54545454545455,3.6363636363636362,70.9090909090909
E00090820,298,42,10,32,256,24,232,14.093959731543624,3.3557046979865772,10.738255033557047,85.90604026845638,8.053691275167784,77.85234899328859
E00090822,258,40,17,23,218,22,196,15.503875968992247,6.5891472868217065,8.914728682170542,84.49612403100775,8.527131782945736,75.96899224806202
E00090824,325,39,8,31,286,35,251,12,2.4615384615384617,9.538461538461538,88,10.76923076923077,77.23076923076924
E00090825,220,25,5,20,195,24,171,11.363636363636363,2.272727272727273,9.090909090909092,88.63636363636364,10.909090909090908,77.72727272727272
E00090826,306,29,6,23,277,24,253,9.477124183006536,1.9607843137254901,7.516339869281046,90.52287581699346,7.8431372549019605,82.6797385620915
E00090827,338,38,9,29,300,36,264,11.242603550295858,2.6627218934911245,8.579881656804734,88.75739644970415,10.650887573964498,78.10650887573965
E00090828,319,48,14,34,271,25,246,15.047021943573668,4.38871473354232,10.658307210031348,84.95297805642633,7.836990595611286,77.11598746081505
E00090829,312,28,9,19,284,34,250,8.974358974358974,2.8846153846153846,6.089743589743589,91.02564102564102,10.897435897435898,80.12820512820514
E00090830,273,32,4,28,241,28,213,11.72161172161172,1.465201465201465,10.256410256410255,88.27838827838828,10.256410256410255,78.02197802197803
E00090831,227,28,7,21,199,24,175,12.334801762114537,3.0837004405286343,9.251101321585903,87.66519823788546,10.572687224669604,77.09251101321586
E00090832,299,41,13,28,258,31,227,13.712374581939798,4.3478260869565215,9.364548494983277,86.2876254180602,10.367892976588628,75.91973244147158
E00090833,377,41,12,29,336,25,311,10.875331564986737,3.183023872679045,7.6923076923076925,89.12466843501326,6.631299734748011,82.49336870026525
E00090834,354,59,23,36,295,22,273,16.666666666666664,6.497175141242938,10.16949152542373,83.33333333333334,6.214689265536723,77.11864406779661
E00090835,292,37,7,30,255,22,233,12.67123287671233,2.3972602739726026,10.273972602739725,87.32876712328768,7.534246575342466,79.7945205479452
E00090836,310,43,16,27,267,19,248,13.870967741935484,5.161290322580645,8.709677419354838,86.12903225806451,6.129032258064516,80
E00090837,286,40,6,34,246,24,222,13.986013986013987,2.097902097902098,11.888111888111888,86.01398601398601,8.391608391608392,77.62237762237763
E00090838,285,46,10,36,239,31,208,16.140350877192983,3.508771929824561,12.631578947368421,83.85964912280703,10.87719298245614,72.98245614035088
E00090839,451,60,12,48,391,33,358,13.303769401330376,2.6607538802660753,10.643015521064301,86.69623059866962,7.317073170731707,79.37915742793791
E00090840,373,52,13,39,321,30,291,13.941018766756033,3.485254691689008,10.455764075067025,86.05898123324397,8.04289544235925,78.01608579088472
E00090841,335,52,17,35,283,20,263,15.522388059701491,5.074626865671641,10.44776119402985,84.4776119402985,5.970149253731343,78.50746268656717
E00090842,273,52,12,40,221,25,196,19.047619047619047,4.395604395604396,14.652014652014653,80.95238095238095,9.157509157509157,71.7948717948718
E00090843,580,125,56,69,455,51,404,21.551724137931032,9.655172413793103,11.89655172413793,78.44827586206897,8.793103448275861,69.6551724137931
E00090844,307,42,11,31,265,34,231,13.680781758957655,3.5830618892508146,10.097719869706841,86.31921824104235,11.074918566775244,75.2442996742671
E00090845,125,17,2,15,108,8,100,13.600000000000001,1.6,12,86.4,6.4,80
E00090846,132,17,3,14,115,8,107,12.878787878787879,2.272727272727273,10.606060606060606,87.12121212121212,6.0606060606060606,81.06060606060606
E00090847,168,27,7,20,141,19,122,16.071428571428573,4.166666666666666,11.904761904761903,83.92857142857143,11.30952380952381,72.61904761904762
E00090848,236,21,2,19,215,34,181,8.898305084745763,0.847457627118644,8.050847457627118,91.10169491525424,14.40677966101695,76.69491525423729
E00090849,223,54,15,39,169,21,148,24.2152466367713,6.726457399103139,17.48878923766816,75.7847533632287,9.417040358744394,66.3677130044843
E00090850,260,31,5,26,229,15,214,11.923076923076923,1.9230769230769231,10,88.07692307692308,5.769230769230769,82.3076923076923
E00090851,245,39,13,26,206,26,180,15.918367346938775,5.3061224489795915,10.612244897959183,84.08163265306122,10.612244897959183,73.46938775510205
E00090852,263,42,18,24,221,30,191,15.96958174904943,6.844106463878327,9.125475285171103,84.03041825095056,11.406844106463879,72.6235741444867
E00167050,255,22,5,17,233,23,210,8.627450980392156,1.9607843137254901,6.666666666666667,91.37254901960785,9.019607843137255,82.35294117647058
E00167051,386,70,18,52,316,44,272,18.134715025906736,4.66321243523316,13.471502590673575,81.86528497409327,11.398963730569948,70.46632124352331
E00167052,178,27,6,21,151,18,133,15.168539325842698,3.3707865168539324,11.797752808988763,84.8314606741573,10.112359550561797,74.71910112359551
E00167053,323,43,11,32,280,17,263,13.312693498452013,3.4055727554179565,9.907120743034056,86.687306501548,5.263157894736842,81.42414860681114
E00167054,227,30,5,25,197,13,184,13.215859030837004,2.2026431718061676,11.013215859030836,86.78414096916299,5.726872246696035,81.05726872246696
E00167055,216,31,14,17,185,18,167,14.351851851851851,6.481481481481481,7.87037037037037,85.64814814814815,8.333333333333332,77.31481481481481
E00167056,173,35,13,22,138,19,119,20.23121387283237,7.514450867052023,12.716763005780345,79.76878612716763,10.982658959537572,68.78612716763006
E00167057,170,13,1,12,157,13,144,7.647058823529412,0.5882352941176471,7.0588235294117645,92.3529411764706,7.647058823529412,84.70588235294117
E00167058,290,19,2,17,271,27,244,6.551724137931035,0.6896551724137931,5.862068965517241,93.44827586206897,9.310344827586208,84.13793103448276
E00167060,282,21,5,16,261,23,238,7.446808510638298,1.773049645390071,5.673758865248227,92.5531914893617,8.156028368794328,84.39716312056737
E00167061,194,33,16,17,161,7,154,17.010309278350515,8.24742268041237,8.762886597938143,82.9896907216495,3.608247422680412,79.38144329896907
E00167062,292,41,10,31,251,32,219,14.04109589041096,3.4246575342465753,10.616438356164384,85.95890410958904,10.95890410958904,75
E00167063,134,13,2,11,121,6,115,9.701492537313433,1.4925373134328357,8.208955223880597,90.29850746268657,4.477611940298507,85.82089552238806
E00167064,178,18,4,14,160,12,148,10.112359550561797,2.247191011235955,7.865168539325842,89.8876404494382,6.741573033707865,83.14606741573034
E00167065,218,40,14,26,178,17,161,18.34862385321101,6.422018348623854,11.926605504587156,81.65137614678899,7.79816513761468,73.85321100917432
E00167066,298,42,14,28,256,19,237,14.093959731543624,4.697986577181208,9.395973154362416,85.90604026845638,6.375838926174497,79.53020134228188
E00167068,182,19,8,11,163,13,150,10.43956043956044,4.395604395604396,6.043956043956044,89.56043956043956,7.142857142857142,82.41758241758241
E00167069,180,30,5,25,150,10,140,16.666666666666664,2.7777777777777777,13.88888888888889,83.33333333333334,5.555555555555555,77.77777777777779
E00167070,455,45,12,33,410,26,384,9.89010989010989,2.6373626373626373,7.252747252747254,90.10989010989012,5.714285714285714,84.3956043956044
E00167071,281,20,7,13,261,25,236,7.11743772241993,2.491103202846975,4.6263345195729535,92.88256227758008,8.896797153024911,83.98576512455516
E00167072,266,31,12,19,235,25,210,11.654135338345863,4.511278195488721,7.142857142857142,88.34586466165413,9.398496240601503,78.94736842105263
E00167075,3754,490,74,416,3264,372,2892,13.052743740010655,1.9712306872669154,11.08151305274374,86.94725625998935,9.909429941395844,77.0378263185935
E00167076,514,86,23,63,428,30,398,16.731517509727624,4.474708171206226,12.2568093385214,83.26848249027238,5.836575875486381,77.431906614786
E00167077,472,46,9,37,426,29,397,9.745762711864407,1.9067796610169492,7.838983050847458,90.2542372881356,6.1440677966101696,84.11016949152543
E00167349,326,27,12,15,299,32,267,8.282208588957054,3.6809815950920246,4.601226993865031,91.71779141104295,9.815950920245399,81.90184049079755
E00167351,448,41,12,29,407,30,377,9.151785714285714,2.6785714285714284,6.4732142857142865,90.84821428571429,6.696428571428571,84.15178571428571
E00167353,442,73,19,54,369,38,331,16.515837104072396,4.298642533936651,12.217194570135746,83.48416289592761,8.597285067873303,74.8868778280543
E00167354,214,20,5,15,194,20,174,9.345794392523365,2.336448598130841,7.009345794392523,90.65420560747664,9.345794392523365,81.30841121495327
E00167356,740,96,17,79,644,62,582,12.972972972972974,2.2972972972972974,10.675675675675675,87.02702702702703,8.378378378378379,78.64864864864865
E00167357,201,30,8,22,171,18,153,14.925373134328357,3.9800995024875623,10.945273631840797,85.07462686567165,8.955223880597014,76.11940298507463
E00167359,409,27,5,22,382,29,353,6.601466992665037,1.2224938875305624,5.378973105134474,93.39853300733496,7.090464547677261,86.3080684596577
E00167360,280,55,14,41,225,19,206,19.642857142857142,5,14.642857142857144,80.35714285714286,6.785714285714286,73.57142857142858
E00167362,227,14,3,11,213,22,191,6.167400881057269,1.3215859030837005,4.845814977973569,93.83259911894272,9.691629955947137,84.14096916299559
E00167363,127,12,6,6,115,12,103,9.448818897637794,4.724409448818897,4.724409448818897,90.5511811023622,9.448818897637794,81.10236220472441
E00167365,267,25,6,19,242,31,211,9.363295880149813,2.247191011235955,7.116104868913857,90.63670411985018,11.610486891385769,79.02621722846442
E00167367,476,72,34,38,404,35,369,15.126050420168067,7.142857142857142,7.9831932773109235,84.87394957983193,7.352941176470589,77.52100840336135
E00167368,237,21,7,14,216,25,191,8.860759493670885,2.9535864978902953,5.9071729957805905,91.13924050632912,10.548523206751055,80.59071729957806
E00167371,218,18,8,10,200,11,189,8.256880733944955,3.669724770642202,4.587155963302752,91.74311926605505,5.045871559633028,86.69724770642202
E00167373,208,33,12,21,175,20,155,15.865384615384615,5.769230769230769,10.096153846153847,84.13461538461539,9.615384615384617,74.51923076923077
E00167374,624,46,8,38,578,65,513,7.371794871794872,1.282051282051282,6.089743589743589,92.62820512820514,10.416666666666668,82.21153846153845
E00167379,288,46,16,30,242,20,222,15.972222222222221,5.555555555555555,10.416666666666668,84.02777777777779,6.944444444444445,77.08333333333334
E00167381,319,45,13,32,274,12,262,14.106583072100312,4.075235109717868,10.031347962382444,85.8934169278997,3.761755485893417,82.13166144200626
E00167476,145,12,3,9,133,19,114,8.275862068965518,2.0689655172413794,6.206896551724138,91.72413793103448,13.10344827586207,78.62068965517241
E00187609,227,25,6,19,202,17,185,11.013215859030836,2.643171806167401,8.370044052863436,88.98678414096916,7.488986784140969,81.4977973568282
E00187610,305,52,18,34,253,31,222,17.04918032786885,5.901639344262295,11.147540983606557,82.95081967213115,10.163934426229508,72.78688524590164
E00187619,572,79,25,54,493,48,445,13.81118881118881,4.370629370629371,9.44055944055944,86.18881118881119,8.391608391608392,77.7972027972028
E00187632,490,48,21,27,442,6,436,9.795918367346939,4.285714285714286,5.510204081632653,90.20408163265307,1.2244897959183674,88.9795918367347
E00187634,422,68,17,51,354,43,311,16.113744075829384,4.028436018957346,12.085308056872037,83.88625592417061,10.189573459715639,73.69668246445498
E00187636,258,35,3,32,223,5,218,13.565891472868216,1.1627906976744187,12.4031007751938,86.43410852713178,1.937984496124031,84.49612403100775
E00187642,394,47,13,34,347,6,341,11.928934010152284,3.2994923857868024,8.629441624365482,88.07106598984772,1.5228426395939088,86.5482233502538
E00187645,431,61,12,49,370,14,356,14.153132250580047,2.784222737819025,11.36890951276102,85.84686774941996,3.248259860788863,82.5986078886311
E00187649,195,16,4,12,179,15,164,8.205128205128204,2.051282051282051,6.153846153846154,91.7948717948718,7.6923076923076925,84.1025641025641
E00187652,349,28,7,21,321,37,284,8.022922636103152,2.005730659025788,6.017191977077363,91.97707736389685,10.601719197707736,81.37535816618912
E00187653,272,17,8,9,255,20,235,6.25,2.941176470588235,3.308823529411765,93.75,7.352941176470589,86.39705882352942
E00187655,566,59,26,33,507,23,484,10.424028268551238,4.593639575971731,5.830388692579505,89.57597173144876,4.063604240282685,85.51236749116607
E00187656,524,63,26,37,461,50,411,12.022900763358779,4.961832061068702,7.061068702290077,87.97709923664122,9.541984732824428,78.43511450381679
E00187659,379,32,5,27,347,20,327,8.443271767810026,1.3192612137203166,7.12401055408971,91.55672823218998,5.277044854881266,86.2796833773087
E00187660,313,30,5,25,283,26,257,9.584664536741213,1.5974440894568689,7.987220447284344,90.41533546325878,8.30670926517572,82.10862619808307
E00187661,620,54,18,36,566,32,534,8.709677419354838,2.903225806451613,5.806451612903226,91.29032258064517,5.161290322580645,86.12903225806451
E00187668,168,23,8,15,145,12,133,13.690476190476192,4.761904761904762,8.928571428571429,86.30952380952381,7.142857142857142,79.16666666666666
E00187669,207,13,5,8,194,16,178,6.280193236714976,2.4154589371980677,3.864734299516908,93.71980676328504,7.729468599033816,85.99033816425121
E00187673,302,41,19,22,261,13,248,13.57615894039735,6.291390728476822,7.28476821192053,86.42384105960265,4.304635761589404,82.11920529801324
E00187678,287,32,8,24,255,26,229,11.149825783972126,2.7874564459930316,8.362369337979095,88.85017421602788,9.059233449477352,79.79094076655052
E00187679,186,49,10,39,137,17,120,26.344086021505376,5.376344086021505,20.967741935483872,73.65591397849462,9.13978494623656,64.51612903225806
E00187681,488,61,26,35,427,36,391,12.5,5.327868852459016,7.172131147540983,87.5,7.377049180327869,80.12295081967213
E00187682,329,26,4,22,303,33,270,7.90273556231003,1.21580547112462,6.68693009118541,92.09726443768997,10.030395136778116,82.06686930091185
E00187684,119,9,3,6,110,5,105,7.563025210084033,2.5210084033613445,5.042016806722689,92.43697478991596,4.201680672268908,88.23529411764706
E00187692,106,9,3,6,97,3,94,8.49056603773585,2.8301886792452833,5.660377358490567,91.50943396226415,2.8301886792452833,88.67924528301887
E00187699,139,14,5,9,125,12,113,10.071942446043165,3.5971223021582732,6.474820143884892,89.92805755395683,8.633093525179856,81.29496402877699
E00187702,246,42,12,30,204,11,193,17.073170731707318,4.878048780487805,12.195121951219512,82.92682926829268,4.471544715447155,78.45528455284553
E00187703,164,18,9,9,146,11,135,10.975609756097562,5.487804878048781,5.487804878048781,89.02439024390245,6.707317073170732,82.3170731707317
E00187705,267,18,3,15,249,13,236,6.741573033707865,1.1235955056179776,5.617977528089887,93.25842696629213,4.868913857677903,88.38951310861424
E00187708,350,52,23,29,298,20,278,14.857142857142858,6.571428571428571,8.285714285714285,85.14285714285714,5.714285714285714,79.42857142857143
E00187712,622,68,8,60,554,47,507,10.932475884244374,1.2861736334405145,9.646302250803858,89.06752411575563,7.556270096463022,81.51125401929261
E00187713,112,9,2,7,103,6,97,8.035714285714286,1.7857142857142856,6.25,91.96428571428571,5.357142857142857,86.60714285714286
E00187715,462,45,14,31,417,23,394,9.740259740259742,3.0303030303030303,6.70995670995671,90.25974025974025,4.978354978354979,85.28138528138528
E00187718,229,20,3,17,209,13,196,8.73362445414847,1.3100436681222707,7.423580786026202,91.26637554585153,5.676855895196507,85.58951965065502
E00187721,354,66,27,39,288,28,260,18.64406779661017,7.627118644067797,11.016949152542372,81.35593220338984,7.909604519774012,73.44632768361582
E00187722,377,58,23,35,319,18,301,15.384615384615385,6.10079575596817,9.283819628647215,84.61538461538461,4.774535809018567,79.84084880636605
E00187725,294,71,28,43,223,17,206,24.149659863945576,9.523809523809524,14.625850340136054,75.85034013605441,5.782312925170068,70.06802721088435
E00187726,501,44,11,33,457,43,414,8.78243512974052,2.19560878243513,6.58682634730539,91.21756487025948,8.582834331337326,82.63473053892216
E00187729,332,31,14,17,301,19,282,9.33734939759036,4.216867469879518,5.120481927710843,90.66265060240963,5.72289156626506,84.93975903614458
E00187732,622,61,17,44,561,57,504,9.807073954983924,2.7331189710610935,7.07395498392283,90.19292604501608,9.163987138263666,81.02893890675242
E00187741,133,38,19,19,95,5,90,28.57142857142857,14.285714285714285,14.285714285714285,71.42857142857143,3.7593984962406015,67.66917293233082
E00187746,117,11,7,4,106,5,101,9.401709401709402,5.982905982905983,3.418803418803419,90.5982905982906,4.273504273504273,86.32478632478633
E00187751,271,13,1,12,258,17,241,4.797047970479705,0.36900369003690037,4.428044280442804,95.20295202952029,6.273062730627306,88.92988929889299
E00187753,155,34,12,22,121,20,101,21.935483870967744,7.741935483870968,14.193548387096774,78.06451612903226,12.903225806451612,65.16129032258064
E00187754,512,70,28,42,442,38,404,13.671875,5.46875,8.203125,86.328125,7.421875,78.90625
E00187757,283,19,1,18,264,13,251,6.713780918727916,0.35335689045936397,6.36042402826855,93.28621908127208,4.593639575971731,88.69257950530034
E00187759,619,68,24,44,551,30,521,10.98546042003231,3.877221324717286,7.1082390953150245,89.01453957996769,4.846526655896607,84.16801292407108
E00187764,121,15,1,14,106,8,98,12.396694214876034,0.8264462809917356,11.570247933884298,87.60330578512396,6.6115702479338845,80.99173553719008
E00187766,491,37,9,28,454,40,414,7.535641547861507,1.8329938900203666,5.7026476578411405,92.4643584521385,8.146639511201629,84.31771894093686
E00187768,821,98,17,81,723,87,636,11.936662606577345,2.0706455542021924,9.866017052375152,88.06333739342266,10.596833130328868,77.46650426309378
E00187769,384,52,25,27,332,25,307,13.541666666666666,6.510416666666667,7.03125,86.45833333333334,6.510416666666667,79.94791666666666
E00187770,570,62,23,39,508,47,461,10.87719298245614,4.035087719298246,6.842105263157896,89.12280701754386,8.24561403508772,80.87719298245614
E00187771,144,14,5,9,130,11,119,9.722222222222223,3.4722222222222223,6.25,90.27777777777779,7.638888888888889,82.63888888888889
E00187776,525,59,18,41,466,25,441,11.238095238095239,3.428571428571429,7.809523809523809,88.76190476190476,4.761904761904762,84
E00187777,262,33,11,22,229,26,203,12.595419847328243,4.198473282442748,8.396946564885496,87.40458015267176,9.923664122137405,77.48091603053436
E00187780,192,16,0,16,176,13,163,8.333333333333332,0,8.333333333333332,91.66666666666666,6.770833333333333,84.89583333333334
E00187781,617,67,19,48,550,70,480,10.85899513776337,3.079416531604538,7.779578606158834,89.14100486223663,11.345218800648297,77.79578606158833
E00187782,267,34,11,23,233,16,217,12.734082397003746,4.119850187265917,8.614232209737828,87.26591760299625,5.992509363295881,81.27340823970037
E00187785,206,9,0,9,197,9,188,4.368932038834951,0,4.368932038834951,95.63106796116504,4.368932038834951,91.2621359223301
E00187791,520,50,15,35,470,37,433,9.615384615384617,2.8846153846153846,6.730769230769231,90.38461538461539,7.115384615384615,83.26923076923077
E00187793,165,12,0,12,153,8,145,7.2727272727272725,0,7.2727272727272725,92.72727272727272,4.848484848484849,87.87878787878788
E00187796,735,108,11,97,627,55,572,14.69387755102041,1.4965986394557822,13.197278911564625,85.3061224489796,7.482993197278912,77.82312925170068
E00187797,143,8,0,8,135,17,118,5.594405594405594,0,5.594405594405594,94.4055944055944,11.888111888111888,82.51748251748252
E00187801,433,32,4,28,401,22,379,7.390300230946882,0.9237875288683602,6.466512702078522,92.60969976905312,5.080831408775981,87.52886836027713
E00187802,160,9,3,6,151,8,143,5.625,1.875,3.75,94.375,5,89.375
E00187803,439,39,12,27,400,22,378,8.88382687927107,2.733485193621868,6.150341685649203,91.11617312072893,5.0113895216400905,86.10478359908885
E00187805,515,47,10,37,468,32,436,9.12621359223301,1.9417475728155338,7.184466019417475,90.87378640776699,6.213592233009709,84.66019417475728
E00187807,210,23,3,20,187,19,168,10.952380952380953,1.4285714285714286,9.523809523809524,89.04761904761904,9.047619047619047,80
E00187816,344,40,12,28,304,38,266,11.627906976744185,3.488372093023256,8.13953488372093,88.37209302325581,11.046511627906977,77.32558139534885
E00187820,407,40,12,28,367,12,355,9.828009828009828,2.9484029484029484,6.87960687960688,90.17199017199017,2.9484029484029484,87.22358722358723
E00187821,318,20,7,13,298,25,273,6.289308176100629,2.20125786163522,4.088050314465408,93.71069182389937,7.861635220125786,85.84905660377359
E00187822,119,15,4,11,104,14,90,12.605042016806722,3.361344537815126,9.243697478991598,87.39495798319328,11.76470588235294,75.63025210084034
E00187823,160,18,2,16,142,15,127,11.25,1.25,10,88.75,9.375,79.375
E00187825,159,16,4,12,143,14,129,10.062893081761008,2.515723270440252,7.547169811320755,89.937106918239,8.80503144654088,81.13207547169812
E00187829,378,41,9,32,337,30,307,10.846560846560847,2.380952380952381,8.465608465608465,89.15343915343915,7.936507936507936,81.21693121693121
E00187833,490,65,30,35,425,32,393,13.26530612244898,6.122448979591836,7.142857142857142,86.73469387755102,6.530612244897959,80.20408163265306
E00187834,178,33,10,23,145,17,128,18.53932584269663,5.617977528089887,12.921348314606742,81.46067415730337,9.550561797752808,71.91011235955057
E00187837,307,31,4,27,276,29,247,10.097719869706841,1.3029315960912053,8.794788273615636,89.90228013029315,9.446254071661238,80.45602605863192
E00187840,578,76,29,47,502,30,472,13.148788927335639,5.017301038062284,8.131487889273355,86.85121107266436,5.190311418685121,81.66089965397923
E00187841,369,50,8,42,319,35,284,13.550135501355012,2.168021680216802,11.38211382113821,86.44986449864498,9.48509485094851,76.96476964769647
E00187842,584,87,10,77,497,61,436,14.897260273972604,1.7123287671232876,13.184931506849315,85.1027397260274,10.445205479452055,74.65753424657534
E00187848,200,16,6,10,184,7,177,8,3,5,92,3.5000000000000004,88.5
E00187849,113,18,6,12,95,10,85,15.929203539823009,5.3097345132743365,10.619469026548673,84.070796460177,8.849557522123893,75.22123893805309
E00187850,442,38,17,21,404,32,372,8.597285067873303,3.8461538461538463,4.751131221719457,91.4027149321267,7.239819004524888,84.16289592760181
E00187852,207,31,15,16,176,15,161,14.975845410628018,7.246376811594203,7.729468599033816,85.02415458937197,7.246376811594203,77.77777777777779
