OA,ts0380001,ts0380002,ts0380003,ts0380004,ts0380005,ts0380006,ts0380007,ts0380002_PCT,ts0380003_PCT,ts0380004_PCT,ts0380005_PCT,ts0380006_PCT,ts0380007_PCT
E00021768,486,74,30,44,412,24,388,15.22633744855967,6.172839506172839,9.053497942386832,84.77366255144034,4.938271604938271,79.83539094650206
E00021769,437,46,17,29,391,19,372,10.526315789473683,3.8901601830663615,6.636155606407322,89.47368421052632,4.3478260869565215,85.1258581235698
E00021770,371,39,14,25,332,18,314,10.512129380053908,3.7735849056603774,6.738544474393531,89.4878706199461,4.8517520215633425,84.63611859838275
E00021772,235,43,19,24,192,11,181,18.29787234042553,8.085106382978724,10.212765957446807,81.70212765957446,4.680851063829787,77.02127659574468
E00021773,324,51,19,32,273,15,258,15.74074074074074,5.864197530864197,9.876543209876543,84.25925925925925,4.62962962962963,79.62962962962963
E00021774,351,29,12,17,322,11,311,8.262108262108262,3.418803418803419,4.843304843304843,91.73789173789174,3.133903133903134,88.6039886039886
E00021775,383,32,9,23,351,15,336,8.355091383812011,2.3498694516971277,6.005221932114883,91.64490861618799,3.91644908616188,87.72845953002611
E00021776,399,47,17,30,352,19,333,11.779448621553884,4.260651629072681,7.518796992481203,88.22055137844612,4.761904761904762,83.45864661654136
E00021777,335,40,18,22,295,12,283,11.940298507462686,5.3731343283582085,6.567164179104477,88.05970149253731,3.582089552238806,84.4776119402985
E00021778,353,26,19,7,327,24,303,7.365439093484419,5.382436260623229,1.9830028328611897,92.63456090651559,6.79886685552408,85.8356940509915
E00021779,414,34,18,16,380,19,361,8.212560386473431,4.3478260869565215,3.864734299516908,91.78743961352657,4.5893719806763285,87.19806763285024
E00021780,201,24,7,17,177,8,169,11.940298507462686,3.482587064676617,8.45771144278607,88.05970149253731,3.9800995024875623,84.07960199004975
E00021781,269,38,17,21,231,11,220,14.12639405204461,6.319702602230483,7.806691449814126,85.87360594795538,4.089219330855019,81.78438661710037
E00021782,458,59,22,37,399,22,377,12.882096069868995,4.8034934497816595,8.078602620087336,87.117903930131,4.8034934497816595,82.31441048034934
E00021783,395,42,17,25,353,21,332,10.632911392405063,4.30379746835443,6.329113924050633,89.36708860759494,5.3164556962025316,84.05063291139241
E00021784,322,39,11,28,283,23,260,12.111801242236025,3.4161490683229814,8.695652173913043,87.88819875776397,7.142857142857142,80.74534161490683
E00021785,213,23,7,16,190,15,175,10.7981220657277,3.286384976525822,7.511737089201878,89.2018779342723,7.042253521126761,82.15962441314554
E00021786,392,74,46,28,318,5,313,18.877551020408163,11.73469387755102,7.142857142857142,81.12244897959184,1.2755102040816326,79.8469387755102
E00021787,471,76,31,45,395,19,376,16.13588110403397,6.581740976645436,9.554140127388536,83.86411889596603,4.033970276008493,79.83014861995754
E00021788,414,53,26,27,361,22,339,12.80193236714976,6.280193236714976,6.521739130434782,87.19806763285024,5.314009661835748,81.88405797101449
E00021789,501,58,32,26,443,24,419,11.57684630738523,6.387225548902195,5.189620758483033,88.42315369261478,4.790419161676647,83.63273453093812
E00021790,442,56,24,32,386,22,364,12.669683257918551,5.429864253393665,7.239819004524888,87.33031674208145,4.97737556561086,82.35294117647058
E00021791,327,45,24,21,282,10,272,13.761467889908257,7.339449541284404,6.422018348623854,86.23853211009175,3.058103975535168,83.18042813455658
E00021792,426,61,33,28,365,13,352,14.319248826291082,7.746478873239436,6.572769953051644,85.68075117370893,3.051643192488263,82.62910798122066
E00021793,281,43,15,28,238,16,222,15.302491103202847,5.338078291814947,9.9644128113879,84.69750889679716,5.6939501779359425,79.00355871886121
E00021794,222,56,37,19,166,6,160,25.225225225225223,16.666666666666664,8.558558558558559,74.77477477477478,2.7027027027027026,72.07207207207207
E00021795,331,46,26,20,285,15,270,13.897280966767372,7.854984894259818,6.042296072507553,86.10271903323263,4.531722054380665,81.57099697885197
E00021796,349,54,30,24,295,17,278,15.472779369627506,8.595988538681947,6.876790830945559,84.5272206303725,4.871060171919771,79.65616045845272
E00021797,352,59,34,25,293,20,273,16.761363636363637,9.659090909090908,7.1022727272727275,83.23863636363636,5.681818181818182,77.55681818181817
E00021800,277,30,13,17,247,14,233,10.830324909747292,4.693140794223827,6.137184115523466,89.16967509025271,5.054151624548736,84.11552346570397
E00021801,268,28,11,17,240,12,228,10.44776119402985,4.104477611940299,6.343283582089552,89.55223880597015,4.477611940298507,85.07462686567165
E00021802,197,40,22,18,157,9,148,20.304568527918782,11.16751269035533,9.137055837563452,79.69543147208121,4.568527918781726,75.1269035532995
E00021803,259,32,14,18,227,19,208,12.355212355212355,5.405405405405405,6.94980694980695,87.64478764478764,7.335907335907336,80.3088803088803
E00021804,280,41,15,26,239,15,224,14.642857142857144,5.357142857142857,9.285714285714286,85.35714285714285,5.357142857142857,80
E00021805,265,28,13,15,237,10,227,10.566037735849058,4.905660377358491,5.660377358490567,89.43396226415095,3.7735849056603774,85.66037735849056
E00021807,359,23,13,10,336,15,321,6.406685236768802,3.6211699164345403,2.785515320334262,93.59331476323119,4.178272980501393,89.41504178272982
E00021808,364,33,8,25,331,10,321,9.065934065934066,2.197802197802198,6.868131868131869,90.93406593406593,2.7472527472527473,88.18681318681318
E00021809,337,51,26,25,286,19,267,15.133531157270031,7.71513353115727,7.418397626112759,84.86646884272997,5.637982195845697,79.22848664688428
E00021811,406,43,15,28,363,16,347,10.591133004926109,3.6945812807881775,6.896551724137931,89.4088669950739,3.9408866995073892,85.4679802955665
E00021812,417,46,18,28,371,20,351,11.031175059952037,4.316546762589928,6.71462829736211,88.96882494004797,4.796163069544365,84.17266187050359
E00021813,388,40,10,30,348,15,333,10.309278350515463,2.5773195876288657,7.731958762886598,89.69072164948454,3.865979381443299,85.82474226804123
E00021814,414,64,30,34,350,18,332,15.458937198067632,7.246376811594203,8.212560386473431,84.54106280193237,4.3478260869565215,80.19323671497585
E00021815,251,46,21,25,205,5,200,18.326693227091635,8.366533864541832,9.9601593625498,81.67330677290838,1.9920318725099602,79.6812749003984
E00021816,162,60,45,15,102,6,96,37.03703703703704,27.77777777777778,9.25925925925926,62.96296296296296,3.7037037037037033,59.25925925925925
E00021817,458,74,46,28,384,33,351,16.157205240174672,10.043668122270741,6.11353711790393,83.84279475982532,7.20524017467249,76.63755458515283
E00021818,406,68,26,42,338,20,318,16.748768472906402,6.403940886699508,10.344827586206897,83.2512315270936,4.926108374384237,78.32512315270937
E00021819,494,101,50,51,393,27,366,20.445344129554655,10.121457489878543,10.323886639676113,79.55465587044534,5.465587044534413,74.08906882591093
E00021820,359,57,32,25,302,11,291,15.87743732590529,8.913649025069638,6.963788300835655,84.12256267409471,3.064066852367688,81.05849582172702
E00021821,342,55,38,17,287,8,279,16.08187134502924,11.11111111111111,4.970760233918129,83.91812865497076,2.3391812865497075,81.57894736842105
E00021822,260,36,15,21,224,16,208,13.846153846153847,5.769230769230769,8.076923076923077,86.15384615384616,6.153846153846154,80
E00021823,285,45,29,16,240,12,228,15.789473684210526,10.175438596491228,5.614035087719298,84.21052631578947,4.2105263157894735,80
E00021824,493,44,20,24,449,23,426,8.924949290060852,4.056795131845842,4.86815415821501,91.07505070993915,4.665314401622718,86.40973630831643
E00021825,275,42,11,31,233,10,223,15.272727272727273,4,11.272727272727273,84.72727272727273,3.6363636363636362,81.0909090909091
E00021826,161,29,18,11,132,5,127,18.012422360248447,11.180124223602485,6.832298136645963,81.98757763975155,3.1055900621118013,78.88198757763976
E00021827,426,79,37,42,347,16,331,18.544600938967136,8.685446009389672,9.859154929577464,81.45539906103286,3.755868544600939,77.69953051643192
E00021828,287,35,11,24,252,12,240,12.195121951219512,3.8327526132404177,8.362369337979095,87.8048780487805,4.181184668989547,83.62369337979094
E00021829,327,37,16,21,290,25,265,11.314984709480122,4.892966360856269,6.422018348623854,88.68501529051987,7.64525993883792,81.03975535168195
E00021830,308,41,23,18,267,11,256,13.311688311688311,7.467532467532467,5.844155844155844,86.68831168831169,3.571428571428571,83.11688311688312
E00021831,239,30,6,24,209,10,199,12.552301255230125,2.510460251046025,10.0418410041841,87.44769874476988,4.184100418410042,83.26359832635984
E00021832,296,31,12,19,265,10,255,10.472972972972974,4.054054054054054,6.418918918918918,89.52702702702703,3.3783783783783785,86.14864864864865
E00021833,376,37,13,24,339,7,332,9.840425531914894,3.4574468085106385,6.382978723404255,90.1595744680851,1.8617021276595744,88.29787234042553
E00021834,290,40,25,15,250,14,236,13.793103448275861,8.620689655172415,5.172413793103448,86.20689655172413,4.827586206896552,81.37931034482759
E00021835,286,60,28,32,226,19,207,20.97902097902098,9.79020979020979,11.188811188811188,79.02097902097903,6.643356643356643,72.37762237762237
E00021836,467,75,38,37,392,13,379,16.059957173447536,8.137044967880087,7.922912205567452,83.94004282655246,2.7837259100642395,81.15631691648822
E00021837,302,50,20,30,252,14,238,16.55629139072848,6.622516556291391,9.933774834437086,83.44370860927152,4.635761589403973,78.80794701986756
E00021838,334,30,9,21,304,18,286,8.982035928143713,2.694610778443114,6.287425149700598,91.01796407185628,5.389221556886228,85.62874251497006
E00021839,418,41,22,19,377,21,356,9.808612440191387,5.263157894736842,4.545454545454546,90.19138755980862,5.023923444976076,85.16746411483254
E00021840,390,53,22,31,337,21,316,13.58974358974359,5.641025641025641,7.948717948717948,86.41025641025641,5.384615384615385,81.02564102564102
E00021841,408,47,17,30,361,20,341,11.519607843137255,4.166666666666666,7.352941176470589,88.48039215686273,4.901960784313726,83.57843137254902
E00021842,433,49,19,30,384,15,369,11.316397228637413,4.387990762124711,6.928406466512701,88.68360277136259,3.4642032332563506,85.21939953810623
E00021843,356,29,13,16,327,15,312,8.146067415730338,3.651685393258427,4.49438202247191,91.85393258426966,4.213483146067416,87.64044943820225
E00021844,606,87,48,39,519,31,488,14.356435643564355,7.920792079207921,6.435643564356436,85.64356435643565,5.115511551155116,80.52805280528052
E00021845,403,46,15,31,357,16,341,11.41439205955335,3.722084367245657,7.6923076923076925,88.58560794044665,3.970223325062035,84.61538461538461
E00021846,295,40,18,22,255,8,247,13.559322033898304,6.101694915254238,7.457627118644068,86.4406779661017,2.711864406779661,83.72881355932203
E00021847,386,42,14,28,344,22,322,10.880829015544041,3.6269430051813467,7.253886010362693,89.11917098445595,5.699481865284974,83.41968911917098
E00021848,350,49,18,31,301,17,284,14.000000000000002,5.142857142857142,8.857142857142856,86,4.857142857142857,81.14285714285714
E00021849,397,48,14,34,349,10,339,12.090680100755668,3.5264483627204033,8.564231738035264,87.90931989924434,2.518891687657431,85.3904282115869
E00021850,384,39,18,21,345,19,326,10.15625,4.6875,5.46875,89.84375,4.947916666666666,84.89583333333334
E00021851,317,30,14,16,287,19,268,9.46372239747634,4.416403785488959,5.047318611987381,90.53627760252367,5.993690851735016,84.54258675078864
E00021852,414,52,24,28,362,18,344,12.560386473429952,5.797101449275362,6.763285024154589,87.43961352657004,4.3478260869565215,83.09178743961353
E00021853,401,52,27,25,349,13,336,12.967581047381547,6.733167082294264,6.234413965087282,87.03241895261846,3.2418952618453867,83.79052369077307
E00021854,393,50,21,29,343,22,321,12.72264631043257,5.343511450381679,7.37913486005089,87.27735368956743,5.597964376590331,81.67938931297711
E00021855,340,35,13,22,305,14,291,10.294117647058822,3.823529411764706,6.470588235294119,89.70588235294117,4.117647058823529,85.58823529411764
E00021856,432,63,20,43,369,21,348,14.583333333333334,4.62962962962963,9.953703703703704,85.41666666666666,4.861111111111112,80.55555555555556
E00021857,279,36,14,22,243,14,229,12.903225806451612,5.017921146953405,7.885304659498208,87.09677419354838,5.017921146953405,82.07885304659499
E00021858,399,40,17,23,359,28,331,10.025062656641603,4.260651629072681,5.764411027568922,89.97493734335839,7.017543859649122,82.95739348370927
E00021859,401,41,23,18,360,21,339,10.224438902743142,5.7356608478802995,4.488778054862843,89.77556109725685,5.236907730673317,84.53865336658353
E00021860,454,55,19,36,399,36,363,12.114537444933921,4.185022026431718,7.929515418502203,87.88546255506607,7.929515418502203,79.95594713656388
E00021861,533,61,18,43,472,19,453,11.44465290806754,3.377110694183865,8.067542213883677,88.55534709193246,3.564727954971857,84.9906191369606
E00021862,406,35,18,17,371,17,354,8.620689655172415,4.433497536945813,4.1871921182266005,91.37931034482759,4.1871921182266005,87.192118226601
E00021863,393,38,13,25,355,12,343,9.669211195928753,3.307888040712468,6.361323155216285,90.33078880407125,3.0534351145038165,87.27735368956743
E00021864,298,45,18,27,253,23,230,15.100671140939598,6.0402684563758395,9.060402684563758,84.8993288590604,7.718120805369128,77.18120805369128
E00021865,360,31,14,17,329,15,314,8.61111111111111,3.888888888888889,4.722222222222222,91.38888888888889,4.166666666666666,87.22222222222223
E00021866,288,31,8,23,257,26,231,10.76388888888889,2.7777777777777777,7.986111111111111,89.23611111111111,9.027777777777777,80.20833333333334
E00021867,291,19,0,19,272,11,261,6.529209621993128,0,6.529209621993128,93.47079037800687,3.7800687285223367,89.69072164948454
E00021868,335,46,14,32,289,14,275,13.73134328358209,4.179104477611941,9.55223880597015,86.26865671641791,4.179104477611941,82.08955223880598
E00021869,390,56,23,33,334,39,295,14.358974358974358,5.897435897435897,8.461538461538462,85.64102564102564,10,75.64102564102564
E00021870,431,43,12,31,388,28,360,9.976798143851507,2.784222737819025,7.192575406032482,90.02320185614849,6.496519721577726,83.52668213457076
E00021871,276,29,10,19,247,14,233,10.507246376811594,3.6231884057971016,6.884057971014493,89.4927536231884,5.072463768115942,84.42028985507247
E00021873,363,20,11,9,343,24,319,5.5096418732782375,3.0303030303030303,2.479338842975207,94.49035812672176,6.6115702479338845,87.87878787878788
E00021874,471,46,13,33,425,16,409,9.766454352441615,2.7600849256900215,7.006369426751593,90.23354564755839,3.397027600849257,86.83651804670913
E00021875,313,36,20,16,277,11,266,11.501597444089457,6.3897763578274756,5.111821086261981,88.49840255591054,3.5143769968051117,84.98402555910543
E00021876,266,44,22,22,222,9,213,16.541353383458645,8.270676691729323,8.270676691729323,83.45864661654136,3.3834586466165413,80.07518796992481
E00021878,413,44,22,22,369,20,349,10.653753026634384,5.326876513317192,5.326876513317192,89.34624697336562,4.8426150121065374,84.50363196125909
E00021879,254,37,11,26,217,13,204,14.566929133858267,4.330708661417323,10.236220472440944,85.43307086614173,5.118110236220472,80.31496062992126
E00021880,465,60,19,41,405,35,370,12.903225806451612,4.086021505376344,8.817204301075268,87.09677419354838,7.526881720430108,79.56989247311827
E00021881,323,46,19,27,277,22,255,14.241486068111456,5.88235294117647,8.359133126934983,85.75851393188854,6.811145510835913,78.94736842105263
E00021882,369,69,26,43,300,25,275,18.69918699186992,7.046070460704606,11.653116531165312,81.30081300813008,6.775067750677506,74.52574525745257
E00021883,345,51,20,31,294,23,271,14.782608695652174,5.797101449275362,8.985507246376812,85.21739130434783,6.666666666666667,78.55072463768116
E00021884,279,37,13,24,242,19,223,13.261648745519713,4.659498207885305,8.60215053763441,86.73835125448028,6.810035842293908,79.92831541218638
E00021885,269,45,20,25,224,12,212,16.728624535315987,7.434944237918216,9.293680297397769,83.27137546468401,4.4609665427509295,78.81040892193309
E00021886,366,56,20,36,310,21,289,15.300546448087433,5.46448087431694,9.836065573770492,84.69945355191257,5.737704918032787,78.96174863387978
E00021887,190,76,32,44,114,19,95,40,16.842105263157894,23.157894736842106,60,10,50
E00021888,234,36,11,25,198,15,183,15.384615384615385,4.700854700854701,10.683760683760683,84.61538461538461,6.41025641025641,78.2051282051282
E00021889,453,56,20,36,397,29,368,12.362030905077264,4.415011037527594,7.9470198675496695,87.63796909492274,6.401766004415011,81.23620309050773
E00021890,378,60,17,43,318,23,295,15.873015873015872,4.497354497354497,11.375661375661375,84.12698412698413,6.084656084656085,78.04232804232805
E00021891,397,36,9,27,361,34,327,9.06801007556675,2.2670025188916876,6.801007556675064,90.93198992443325,8.564231738035264,82.36775818639799
E00021892,222,36,13,23,186,12,174,16.216216216216218,5.8558558558558556,10.36036036036036,83.78378378378379,5.405405405405405,78.37837837837837
E00021893,384,48,20,28,336,28,308,12.5,5.208333333333334,7.291666666666667,87.5,7.291666666666667,80.20833333333334
E00021894,266,19,7,12,247,23,224,7.142857142857142,2.631578947368421,4.511278195488721,92.85714285714286,8.646616541353383,84.21052631578947
E00021895,272,28,15,13,244,23,221,10.294117647058822,5.514705882352941,4.779411764705882,89.70588235294117,8.455882352941178,81.25
E00021896,244,33,17,16,211,16,195,13.524590163934427,6.967213114754098,6.557377049180328,86.47540983606558,6.557377049180328,79.91803278688525
E00021897,264,57,29,28,207,12,195,21.59090909090909,10.984848484848484,10.606060606060606,78.4090909090909,4.545454545454546,73.86363636363636
E00021898,433,76,40,36,357,15,342,17.551963048498845,9.237875288683602,8.314087759815243,82.44803695150115,3.4642032332563506,78.9838337182448
E00021899,176,27,9,18,149,23,126,15.340909090909092,5.113636363636364,10.227272727272728,84.6590909090909,13.068181818181818,71.5909090909091
E00021900,370,81,42,39,289,16,273,21.891891891891895,11.351351351351353,10.54054054054054,78.10810810810811,4.324324324324325,73.78378378378379
E00021901,337,34,12,22,303,18,285,10.089020771513352,3.5608308605341246,6.528189910979229,89.91097922848664,5.341246290801187,84.56973293768546
E00021902,431,38,14,24,393,34,359,8.816705336426914,3.248259860788863,5.56844547563805,91.1832946635731,7.888631090487238,83.29466357308584
E00021903,333,50,19,31,283,17,266,15.015015015015015,5.7057057057057055,9.30930930930931,84.98498498498499,5.105105105105105,79.87987987987988
E00021904,213,67,31,36,146,9,137,31.455399061032864,14.553990610328638,16.901408450704224,68.54460093896714,4.225352112676056,64.31924882629107
E00021905,386,58,28,30,328,17,311,15.025906735751295,7.253886010362693,7.772020725388601,84.97409326424871,4.404145077720207,80.56994818652849
E00021906,230,41,25,16,189,11,178,17.82608695652174,10.869565217391305,6.956521739130435,82.17391304347827,4.782608695652174,77.39130434782608
E00021907,200,53,30,23,147,14,133,26.5,15,11.5,73.5,7.000000000000001,66.5
E00021908,616,61,23,38,555,29,526,9.902597402597403,3.7337662337662336,6.1688311688311686,90.09740259740259,4.707792207792208,85.3896103896104
E00021909,319,45,18,27,274,19,255,14.106583072100312,5.6426332288401255,8.463949843260188,85.8934169278997,5.956112852664576,79.9373040752351
E00021910,384,73,29,44,311,19,292,19.010416666666664,7.552083333333333,11.458333333333332,80.98958333333334,4.947916666666666,76.04166666666666
E00021911,579,95,48,47,484,18,466,16.407599309153714,8.290155440414509,8.117443868739207,83.59240069084629,3.1088082901554404,80.48359240069085
E00021912,187,58,30,28,129,7,122,31.016042780748666,16.042780748663102,14.973262032085561,68.98395721925134,3.7433155080213902,65.24064171122996
E00021913,321,39,8,31,282,17,265,12.149532710280374,2.4922118380062304,9.657320872274143,87.85046728971963,5.29595015576324,82.55451713395638
E00021914,365,48,21,27,317,33,284,13.150684931506849,5.7534246575342465,7.397260273972603,86.84931506849315,9.04109589041096,77.8082191780822
E00021915,347,46,20,26,301,32,269,13.256484149855908,5.763688760806916,7.492795389048991,86.74351585014409,9.221902017291066,77.52161383285303
E00021916,302,33,9,24,269,21,248,10.927152317880795,2.980132450331126,7.9470198675496695,89.0728476821192,6.95364238410596,82.11920529801324
E00021917,345,66,33,33,279,12,267,19.130434782608695,9.565217391304348,9.565217391304348,80.8695652173913,3.4782608695652173,77.39130434782608
E00021918,250,50,17,33,200,19,181,20,6.800000000000001,13.200000000000001,80,7.6,72.39999999999999
E00021919,351,46,21,25,305,16,289,13.105413105413104,5.982905982905983,7.122507122507122,86.8945868945869,4.5584045584045585,82.33618233618233
E00021920,372,45,27,18,327,16,311,12.096774193548388,7.258064516129033,4.838709677419355,87.90322580645162,4.301075268817205,83.60215053763442
E00021921,314,43,17,26,271,20,251,13.694267515923567,5.414012738853503,8.280254777070063,86.30573248407643,6.369426751592357,79.93630573248409
E00021922,361,53,10,43,308,19,289,14.681440443213297,2.7700831024930745,11.911357340720222,85.3185595567867,5.263157894736842,80.05540166204986
E00021923,263,37,13,24,226,12,214,14.068441064638785,4.942965779467681,9.125475285171103,85.93155893536122,4.562737642585551,81.36882129277566
E00021924,336,39,13,26,297,10,287,11.607142857142858,3.869047619047619,7.738095238095238,88.39285714285714,2.976190476190476,85.41666666666666
E00021925,287,52,23,29,235,19,216,18.118466898954704,8.013937282229964,10.104529616724738,81.8815331010453,6.620209059233449,75.26132404181185
E00021926,301,58,27,31,243,11,232,19.269102990033225,8.970099667774086,10.299003322259136,80.73089700996677,3.6544850498338874,77.0764119601329
E00021927,357,44,14,30,313,25,288,12.324929971988796,3.9215686274509802,8.403361344537815,87.6750700280112,7.002801120448179,80.67226890756302
E00021928,318,20,8,12,298,16,282,6.289308176100629,2.515723270440252,3.7735849056603774,93.71069182389937,5.031446540880504,88.67924528301887
E00021929,353,42,15,27,311,23,288,11.89801699716714,4.2492917847025495,7.64872521246459,88.10198300283287,6.515580736543909,81.58640226628894
E00021930,373,52,22,30,321,7,314,13.941018766756033,5.898123324396782,8.04289544235925,86.05898123324397,1.876675603217158,84.1823056300268
E00021931,373,54,26,28,319,28,291,14.47721179624665,6.970509383378016,7.506702412868632,85.52278820375335,7.506702412868632,78.01608579088472
E00021932,313,58,23,35,255,11,244,18.53035143769968,7.348242811501597,11.182108626198083,81.46964856230032,3.5143769968051117,77.95527156549521
E00021933,337,39,9,30,298,19,279,11.572700296735905,2.6706231454005933,8.902077151335313,88.4272997032641,5.637982195845697,82.7893175074184
E00021934,365,39,15,24,326,26,300,10.684931506849315,4.10958904109589,6.575342465753424,89.31506849315069,7.123287671232877,82.1917808219178
E00021935,339,32,14,18,307,16,291,9.43952802359882,4.129793510324483,5.3097345132743365,90.56047197640117,4.71976401179941,85.84070796460178
E00021936,295,31,11,20,264,14,250,10.508474576271185,3.728813559322034,6.779661016949152,89.49152542372882,4.745762711864407,84.7457627118644
E00021937,388,48,16,32,340,18,322,12.371134020618557,4.123711340206185,8.24742268041237,87.62886597938144,4.639175257731959,82.9896907216495
E00021938,306,48,21,27,258,19,239,15.686274509803921,6.862745098039216,8.823529411764707,84.31372549019608,6.209150326797386,78.10457516339869
E00021939,322,40,9,31,282,17,265,12.422360248447205,2.7950310559006213,9.627329192546584,87.5776397515528,5.279503105590062,82.29813664596274
E00021940,320,50,17,33,270,21,249,15.625,5.3125,10.3125,84.375,6.5625,77.8125
E00021941,343,58,20,38,285,30,255,16.909620991253643,5.830903790087463,11.078717201166182,83.09037900874635,8.746355685131196,74.34402332361516
E00021942,372,42,17,25,330,26,304,11.29032258064516,4.56989247311828,6.720430107526881,88.70967741935483,6.989247311827956,81.72043010752688
E00021944,447,45,16,29,402,16,386,10.06711409395973,3.5794183445190155,6.487695749440715,89.93288590604027,3.5794183445190155,86.35346756152126
E00021945,393,48,20,28,345,25,320,12.213740458015266,5.089058524173027,7.124681933842239,87.78625954198473,6.361323155216285,81.42493638676844
E00021946,544,60,28,32,484,24,460,11.029411764705882,5.147058823529411,5.88235294117647,88.97058823529412,4.411764705882353,84.55882352941177
E00021947,310,33,11,22,277,18,259,10.64516129032258,3.5483870967741935,7.096774193548387,89.35483870967742,5.806451612903226,83.54838709677419
E00021949,468,50,24,26,418,18,400,10.683760683760683,5.128205128205128,5.555555555555555,89.31623931623932,3.8461538461538463,85.47008547008546
E00021950,340,32,12,20,308,26,282,9.411764705882353,3.5294117647058822,5.88235294117647,90.58823529411765,7.647058823529412,82.94117647058825
E00021951,329,52,21,31,277,24,253,15.80547112462006,6.382978723404255,9.422492401215806,84.19452887537993,7.29483282674772,76.89969604863222
E00021952,417,51,23,28,366,38,328,12.23021582733813,5.515587529976019,6.71462829736211,87.76978417266187,9.112709832134293,78.65707434052757
E00021953,338,46,15,31,292,26,266,13.609467455621301,4.437869822485207,9.171597633136095,86.3905325443787,7.6923076923076925,78.69822485207101
E00021954,492,68,36,32,424,19,405,13.821138211382115,7.317073170731707,6.504065040650407,86.1788617886179,3.861788617886179,82.3170731707317
E00021955,463,68,39,29,395,17,378,14.686825053995682,8.423326133909287,6.263498920086392,85.31317494600432,3.6717062634989204,81.6414686825054
E00021956,434,71,34,37,363,29,334,16.359447004608295,7.834101382488479,8.525345622119817,83.6405529953917,6.682027649769585,76.95852534562212
E00021957,362,53,16,37,309,22,287,14.64088397790055,4.41988950276243,10.220994475138122,85.35911602209944,6.077348066298343,79.28176795580112
E00021958,393,55,19,36,338,13,325,13.994910941475828,4.8346055979643765,9.16030534351145,86.00508905852418,3.307888040712468,82.69720101781171
E00021959,460,69,32,37,391,21,370,15,6.956521739130435,8.043478260869565,85,4.565217391304348,80.43478260869566
E00021960,498,61,17,44,437,23,414,12.248995983935743,3.413654618473896,8.835341365461847,87.75100401606426,4.618473895582329,83.13253012048193
E00021961,391,54,23,31,337,16,321,13.810741687979538,5.88235294117647,7.928388746803069,86.18925831202046,4.092071611253197,82.09718670076727
E00021962,302,42,23,19,260,13,247,13.90728476821192,7.6158940397351,6.291390728476822,86.09271523178808,4.304635761589404,81.78807947019867
E00021963,414,57,26,31,357,17,340,13.768115942028986,6.280193236714976,7.487922705314009,86.23188405797102,4.1062801932367154,82.1256038647343
E00021964,283,30,16,14,253,17,236,10.60070671378092,5.6537102473498235,4.946996466431095,89.39929328621908,6.007067137809187,83.3922261484099
E00021965,366,44,22,22,322,21,301,12.021857923497267,6.0109289617486334,6.0109289617486334,87.97814207650273,5.737704918032787,82.24043715846994
E00021966,360,64,27,37,296,7,289,17.77777777777778,7.5,10.277777777777777,82.22222222222221,1.9444444444444444,80.27777777777779
E00021967,287,40,9,31,247,26,221,13.937282229965156,3.1358885017421603,10.801393728222997,86.06271777003485,9.059233449477352,77.00348432055749
E00021969,461,52,24,28,409,21,388,11.279826464208242,5.206073752711497,6.073752711496746,88.72017353579176,4.55531453362256,84.1648590021692
E00021970,304,55,26,29,249,10,239,18.092105263157894,8.552631578947368,9.539473684210527,81.9078947368421,3.289473684210526,78.61842105263158
E00021971,431,62,23,39,369,13,356,14.385150812064964,5.336426914153132,9.048723897911833,85.61484918793504,3.0162412993039442,82.5986078886311
E00021972,359,52,26,26,307,16,291,14.484679665738161,7.242339832869081,7.242339832869081,85.51532033426183,4.456824512534819,81.05849582172702
E00021973,323,42,10,32,281,16,265,13.003095975232199,3.0959752321981426,9.907120743034056,86.9969040247678,4.953560371517028,82.04334365325077
E00021974,400,48,15,33,352,28,324,12,3.75,8.25,88,7.000000000000001,81
E00021975,424,40,15,25,384,19,365,9.433962264150944,3.5377358490566038,5.89622641509434,90.56603773584906,4.481132075471698,86.08490566037736
E00021976,389,56,26,30,333,17,316,14.395886889460154,6.683804627249357,7.712082262210797,85.60411311053984,4.370179948586118,81.23393316195373
E00021977,365,26,10,16,339,18,321,7.123287671232877,2.73972602739726,4.383561643835616,92.87671232876711,4.931506849315069,87.94520547945206
E00021978,384,29,13,16,355,19,336,7.552083333333333,3.3854166666666665,4.166666666666666,92.44791666666666,4.947916666666666,87.5
E00021979,420,56,27,29,364,23,341,13.333333333333334,6.428571428571428,6.904761904761905,86.66666666666667,5.476190476190476,81.19047619047619
E00021980,360,47,20,27,313,9,304,13.055555555555557,5.555555555555555,7.5,86.94444444444444,2.5,84.44444444444444
E00021981,501,69,31,38,432,21,411,13.77245508982036,6.187624750499002,7.584830339321358,86.22754491017965,4.191616766467066,82.03592814371258
E00021982,330,30,15,15,300,13,287,9.090909090909092,4.545454545454546,4.545454545454546,90.9090909090909,3.939393939393939,86.96969696969697
E00021983,379,43,22,21,336,19,317,11.345646437994723,5.804749340369393,5.540897097625329,88.65435356200527,5.013192612137203,83.64116094986808
E00021984,372,54,23,31,318,16,302,14.516129032258066,6.182795698924731,8.333333333333332,85.48387096774194,4.301075268817205,81.18279569892472
E00021985,281,31,10,21,250,13,237,11.032028469750891,3.558718861209965,7.473309608540925,88.96797153024912,4.6263345195729535,84.34163701067615
E00021986,431,63,29,34,368,24,344,14.617169373549885,6.728538283062645,7.888631090487238,85.38283062645012,5.56844547563805,79.81438515081206
E00021987,301,26,11,15,275,20,255,8.637873754152823,3.6544850498338874,4.983388704318937,91.36212624584718,6.64451827242525,84.71760797342192
E00021988,500,55,20,35,445,22,423,11,4,7.000000000000001,89,4.3999999999999995,84.6
E00021989,314,26,8,18,288,9,279,8.280254777070063,2.547770700636943,5.7324840764331215,91.71974522292994,2.8662420382165608,88.85350318471338
E00021991,288,26,13,13,262,10,252,9.027777777777777,4.513888888888888,4.513888888888888,90.97222222222221,3.4722222222222223,87.5
E00021992,281,22,8,14,259,13,246,7.829181494661921,2.8469750889679712,4.98220640569395,92.17081850533808,4.6263345195729535,87.54448398576513
E00021993,368,30,9,21,338,19,319,8.152173913043478,2.4456521739130435,5.706521739130435,91.84782608695652,5.163043478260869,86.68478260869566
E00021994,293,23,4,19,270,25,245,7.849829351535837,1.3651877133105803,6.484641638225256,92.15017064846417,8.532423208191126,83.61774744027304
E00021995,448,49,11,38,399,24,375,10.9375,2.455357142857143,8.482142857142858,89.0625,5.357142857142857,83.70535714285714
E00021996,323,27,3,24,296,21,275,8.359133126934983,0.9287925696594427,7.430340557275541,91.64086687306502,6.5015479876160995,85.13931888544892
E00021997,347,37,16,21,310,13,297,10.662824207492795,4.610951008645533,6.051873198847262,89.33717579250721,3.7463976945244957,85.5907780979827
E00021998,476,54,21,33,422,23,399,11.344537815126051,4.411764705882353,6.932773109243698,88.65546218487394,4.831932773109244,83.82352941176471
E00021999,319,42,15,27,277,11,266,13.166144200626958,4.702194357366771,8.463949843260188,86.83385579937304,3.4482758620689653,83.38557993730407
E00022000,405,41,21,20,364,17,347,10.123456790123457,5.185185185185185,4.938271604938271,89.87654320987654,4.197530864197531,85.67901234567901
E00022001,342,42,12,30,300,33,267,12.280701754385964,3.508771929824561,8.771929824561402,87.71929824561403,9.649122807017543,78.0701754385965
E00022002,367,41,15,26,326,29,297,11.1716621253406,4.087193460490464,7.084468664850137,88.8283378746594,7.901907356948229,80.92643051771117
E00022003,481,46,17,29,435,19,416,9.563409563409564,3.5343035343035343,6.029106029106029,90.43659043659044,3.9501039501039505,86.48648648648648
E00022004,284,45,10,35,239,15,224,15.845070422535212,3.5211267605633805,12.323943661971832,84.15492957746478,5.28169014084507,78.87323943661971
E00022005,407,38,20,18,369,18,351,9.336609336609335,4.914004914004914,4.422604422604422,90.66339066339066,4.422604422604422,86.24078624078624
E00022006,294,34,10,24,260,19,241,11.564625850340136,3.4013605442176873,8.16326530612245,88.43537414965986,6.462585034013606,81.97278911564626
E00022007,434,52,23,29,382,27,355,11.981566820276496,5.299539170506913,6.682027649769585,88.0184331797235,6.221198156682028,81.79723502304147
E00022008,379,40,24,16,339,21,318,10.554089709762533,6.33245382585752,4.221635883905013,89.44591029023746,5.540897097625329,83.90501319261213
E00022009,297,37,18,19,260,12,248,12.457912457912458,6.0606060606060606,6.397306397306397,87.54208754208754,4.040404040404041,83.5016835016835
E00022010,386,38,14,24,348,16,332,9.844559585492227,3.6269430051813467,6.217616580310881,90.15544041450777,4.145077720207254,86.01036269430051
E00022011,331,33,7,26,298,23,275,9.969788519637463,2.1148036253776437,7.854984894259818,90.03021148036254,6.948640483383686,83.08157099697885
E00022012,453,69,30,39,384,17,367,15.2317880794702,6.622516556291391,8.609271523178808,84.76821192052981,3.7527593818984544,81.01545253863135
E00022013,376,40,9,31,336,32,304,10.638297872340425,2.393617021276596,8.24468085106383,89.36170212765957,8.51063829787234,80.85106382978722
E00022014,407,49,24,25,358,20,338,12.039312039312039,5.896805896805897,6.142506142506143,87.96068796068795,4.914004914004914,83.04668304668304
E00022015,362,29,10,19,333,25,308,8.011049723756907,2.7624309392265194,5.248618784530387,91.9889502762431,6.906077348066299,85.0828729281768
E00022016,264,38,15,23,226,14,212,14.393939393939394,5.681818181818182,8.712121212121213,85.60606060606061,5.303030303030303,80.3030303030303
E00022017,341,45,17,28,296,28,268,13.196480938416421,4.9853372434017595,8.211143695014663,86.80351906158357,8.211143695014663,78.59237536656892
E00022018,393,72,31,41,321,21,300,18.3206106870229,7.888040712468193,10.432569974554708,81.67938931297711,5.343511450381679,76.33587786259542
E00022019,364,48,25,23,316,28,288,13.186813186813188,6.868131868131869,6.318681318681318,86.81318681318682,7.6923076923076925,79.12087912087912
E00022020,300,39,9,30,261,12,249,13,3,10,87,4,83
E00022021,349,25,7,18,324,24,300,7.163323782234957,2.005730659025788,5.157593123209169,92.83667621776505,6.876790830945559,85.95988538681948
E00022022,420,60,16,44,360,40,320,14.285714285714285,3.8095238095238098,10.476190476190476,85.71428571428571,9.523809523809524,76.19047619047619
E00022023,308,42,17,25,266,23,243,13.636363636363635,5.51948051948052,8.116883116883116,86.36363636363636,7.467532467532467,78.8961038961039
E00022024,379,40,18,22,339,23,316,10.554089709762533,4.749340369393139,5.804749340369393,89.44591029023746,6.068601583113456,83.37730870712402
E00022025,347,34,14,20,313,33,280,9.798270893371757,4.034582132564841,5.763688760806916,90.20172910662824,9.510086455331413,80.69164265129683
E00022026,409,45,16,29,364,35,329,11.00244498777506,3.9119804400977993,7.090464547677261,88.99755501222494,8.557457212713937,80.440097799511
E00022027,446,45,22,23,401,34,367,10.089686098654708,4.932735426008969,5.15695067264574,89.91031390134529,7.623318385650224,82.28699551569507
E00022028,406,49,24,25,357,19,338,12.068965517241379,5.911330049261084,6.157635467980295,87.93103448275862,4.679802955665025,83.2512315270936
E00022029,461,40,12,28,421,36,385,8.676789587852495,2.6030368763557483,6.073752711496746,91.3232104121475,7.809110629067245,83.51409978308027
E00022030,381,33,13,20,348,29,319,8.661417322834646,3.4120734908136483,5.2493438320209975,91.33858267716536,7.611548556430446,83.72703412073491
E00022031,574,79,34,45,495,39,456,13.763066202090593,5.923344947735192,7.8397212543554,86.23693379790942,6.794425087108014,79.44250871080139
E00022032,384,51,21,30,333,20,313,13.28125,5.46875,7.8125,86.71875,5.208333333333334,81.51041666666666
E00022033,475,92,36,56,383,26,357,19.36842105263158,7.578947368421053,11.789473684210526,80.63157894736842,5.473684210526316,75.1578947368421
E00022034,292,45,21,24,247,15,232,15.41095890410959,7.191780821917808,8.21917808219178,84.58904109589042,5.136986301369863,79.45205479452055
E00022035,298,30,8,22,268,12,256,10.06711409395973,2.684563758389262,7.38255033557047,89.93288590604027,4.026845637583892,85.90604026845638
E00022036,341,33,12,21,308,19,289,9.67741935483871,3.519061583577713,6.158357771260997,90.32258064516128,5.571847507331378,84.75073313782991
E00022037,507,72,32,40,435,31,404,14.201183431952662,6.31163708086785,7.889546351084813,85.79881656804734,6.11439842209073,79.6844181459566
E00022039,378,51,23,28,327,19,308,13.492063492063492,6.084656084656085,7.4074074074074066,86.5079365079365,5.026455026455026,81.48148148148148
E00022040,541,64,20,44,477,27,450,11.829944547134936,3.6968576709796674,8.133086876155268,88.17005545286506,4.990757855822551,83.1792975970425
E00022041,386,57,30,27,329,14,315,14.766839378238341,7.772020725388601,6.994818652849741,85.23316062176166,3.6269430051813467,81.60621761658031
E00022043,359,37,10,27,322,30,292,10.30640668523677,2.785515320334262,7.520891364902507,89.69359331476323,8.356545961002785,81.33704735376045
E00022044,340,51,18,33,289,28,261,15,5.294117647058823,9.705882352941178,85,8.235294117647058,76.76470588235294
E00022045,334,76,39,37,258,24,234,22.75449101796407,11.676646706586826,11.077844311377245,77.24550898203593,7.18562874251497,70.05988023952095
E00022046,453,61,26,35,392,24,368,13.46578366445916,5.739514348785872,7.72626931567329,86.53421633554083,5.298013245033113,81.23620309050773
E00022047,271,34,13,21,237,14,223,12.546125461254611,4.797047970479705,7.7490774907749085,87.4538745387454,5.166051660516605,82.28782287822878
E00022048,309,37,12,25,272,23,249,11.974110032362459,3.8834951456310676,8.090614886731391,88.02588996763754,7.443365695792881,80.58252427184466
E00022049,380,58,33,25,322,16,306,15.263157894736842,8.68421052631579,6.578947368421052,84.73684210526315,4.2105263157894735,80.52631578947368
E00022050,324,69,31,38,255,20,235,21.296296296296298,9.5679012345679,11.728395061728394,78.70370370370371,6.172839506172839,72.53086419753086
E00022051,365,69,29,40,296,21,275,18.904109589041095,7.9452054794520555,10.95890410958904,81.0958904109589,5.7534246575342465,75.34246575342466
E00022052,328,78,37,41,250,13,237,23.78048780487805,11.28048780487805,12.5,76.21951219512195,3.9634146341463414,72.2560975609756
E00022053,537,131,109,22,406,24,382,24.39478584729981,20.297951582867785,4.0968342644320295,75.60521415270019,4.4692737430167595,71.13594040968343
E00022054,344,45,17,28,299,29,270,13.08139534883721,4.941860465116279,8.13953488372093,86.9186046511628,8.430232558139535,78.48837209302324
E00022055,242,39,17,22,203,19,184,16.115702479338843,7.024793388429752,9.090909090909092,83.88429752066115,7.851239669421488,76.03305785123968
E00022056,374,71,41,30,303,22,281,18.983957219251337,10.962566844919785,8.0213903743315509,81.01604278074866,5.88235294117647,75.1336898395722
E00022057,237,30,10,20,207,17,190,12.658227848101266,4.219409282700422,8.438818565400844,87.34177215189874,7.172995780590717,80.16877637130801
E00022058,384,58,14,44,326,20,306,15.104166666666666,3.6458333333333335,11.458333333333332,84.89583333333334,5.208333333333334,79.6875
E00022059,322,42,23,19,280,31,249,13.043478260869565,7.142857142857142,5.900621118012422,86.95652173913044,9.627329192546584,77.32919254658384
E00022060,261,54,24,30,207,24,183,20.689655172413794,9.195402298850574,11.494252873563218,79.3103448275862,9.195402298850574,70.11494252873564
E00022061,407,54,18,36,353,39,314,13.267813267813267,4.422604422604422,8.845208845208845,86.73218673218673,9.582309582309582,77.14987714987716
E00022062,359,74,34,40,285,17,268,20.61281337047354,9.47075208913649,11.142061281337048,79.38718662952647,4.735376044568245,74.65181058495823
E00022063,397,72,34,38,325,17,308,18.1360201511335,8.564231738035264,9.571788413098236,81.86397984886649,4.282115869017632,77.58186397984886
E00022064,292,56,31,25,236,10,226,19.17808219178082,10.616438356164384,8.561643835616438,80.82191780821918,3.4246575342465753,77.3972602739726
E00022065,423,93,56,37,330,12,318,21.98581560283688,13.238770685579196,8.747044917257684,78.01418439716312,2.8368794326241136,75.177304964539
E00022066,289,64,29,35,225,15,210,22.145328719723185,10.034602076124568,12.110726643598616,77.85467128027682,5.190311418685121,72.66435986159169
E00022067,333,48,24,24,285,19,266,14.414414414414415,7.207207207207207,7.207207207207207,85.58558558558559,5.7057057057057055,79.87987987987988
E00022068,330,67,33,34,263,15,248,20.303030303030305,10,10.303030303030303,79.6969696969697,4.545454545454546,75.15151515151514
E00022069,309,54,29,25,255,16,239,17.475728155339805,9.385113268608414,8.090614886731391,82.52427184466019,5.177993527508091,77.34627831715211
E00022070,338,28,8,20,310,30,280,8.284023668639055,2.366863905325444,5.9171597633136095,91.71597633136095,8.875739644970414,82.84023668639054
E00022071,378,44,12,32,334,20,314,11.64021164021164,3.1746031746031744,8.465608465608465,88.35978835978835,5.291005291005291,83.06878306878306
E00022072,375,40,16,24,335,24,311,10.666666666666668,4.266666666666667,6.4,89.33333333333333,6.4,82.93333333333334
E00022073,270,44,18,26,226,13,213,16.296296296296298,6.666666666666667,9.62962962962963,83.7037037037037,4.814814814814815,78.88888888888889
E00022074,257,32,9,23,225,19,206,12.45136186770428,3.501945525291829,8.949416342412452,87.54863813229572,7.392996108949417,80.1556420233463
E00022075,387,46,16,30,341,20,321,11.886304909560723,4.1343669250646,7.751937984496124,88.11369509043928,5.167958656330749,82.94573643410853
E00022076,354,28,10,18,326,16,310,7.909604519774012,2.824858757062147,5.084745762711865,92.09039548022598,4.519774011299435,87.57062146892656
E00022077,356,37,16,21,319,21,298,10.393258426966293,4.49438202247191,5.8988764044943816,89.60674157303372,5.8988764044943816,83.70786516853933
E00022078,335,49,21,28,286,20,266,14.626865671641792,6.26865671641791,8.358208955223882,85.37313432835822,5.970149253731343,79.40298507462687
E00022079,280,35,17,18,245,23,222,12.5,6.071428571428571,6.428571428571428,87.5,8.214285714285714,79.28571428571428
E00022080,431,46,21,25,385,22,363,10.672853828306264,4.872389791183294,5.800464037122969,89.32714617169374,5.104408352668213,84.22273781902551
E00022082,366,48,19,29,318,21,297,13.114754098360656,5.191256830601093,7.923497267759563,86.88524590163934,5.737704918032787,81.14754098360656
E00022083,405,46,23,23,359,22,337,11.358024691358025,5.679012345679013,5.679012345679013,88.64197530864197,5.432098765432099,83.20987654320989
E00022084,212,33,12,21,179,11,168,15.566037735849056,5.660377358490567,9.90566037735849,84.43396226415094,5.188679245283019,79.24528301886792
E00022085,327,31,9,22,296,30,266,9.480122324159021,2.7522935779816518,6.727828746177369,90.51987767584097,9.174311926605505,81.34556574923548
E00022086,486,54,17,37,432,15,417,11.11111111111111,3.4979423868312756,7.613168724279835,88.88888888888889,3.0864197530864197,85.80246913580247
E00022087,414,48,19,29,366,29,337,11.594202898550725,4.5893719806763285,7.004830917874397,88.40579710144928,7.004830917874397,81.40096618357488
E00022089,392,65,30,35,327,17,310,16.581632653061224,7.653061224489796,8.928571428571429,83.41836734693877,4.336734693877551,79.08163265306123
E00022090,364,47,6,41,317,29,288,12.912087912087914,1.6483516483516485,11.263736263736265,87.08791208791209,7.967032967032966,79.12087912087912
E00022091,287,26,16,10,261,23,238,9.059233449477352,5.574912891986063,3.484320557491289,90.94076655052264,8.013937282229964,82.92682926829268
E00022092,339,52,22,30,287,16,271,15.339233038348082,6.489675516224189,8.849557522123893,84.66076696165192,4.71976401179941,79.9410029498525
E00022093,303,56,29,27,247,19,228,18.48184818481848,9.570957095709572,8.91089108910891,81.51815181518151,6.270627062706271,75.24752475247524
E00022094,355,40,20,20,315,12,303,11.267605633802818,5.633802816901409,5.633802816901409,88.73239436619718,3.3802816901408446,85.35211267605634
E00022095,319,63,34,29,256,11,245,19.74921630094044,10.658307210031348,9.090909090909092,80.25078369905955,3.4482758620689653,76.8025078369906
E00022096,305,28,10,18,277,22,255,9.180327868852459,3.278688524590164,5.901639344262295,90.81967213114754,7.213114754098362,83.60655737704919
E00022097,314,32,15,17,282,19,263,10.191082802547772,4.777070063694268,5.414012738853503,89.80891719745223,6.050955414012739,83.7579617834395
E00022098,372,50,17,33,322,21,301,13.440860215053762,4.56989247311828,8.870967741935484,86.55913978494624,5.64516129032258,80.91397849462365
E00022099,393,43,19,24,350,14,336,10.941475826972011,4.8346055979643765,6.106870229007633,89.05852417302799,3.5623409669211195,85.49618320610686
E00022100,420,51,26,25,369,23,346,12.142857142857142,6.190476190476191,5.952380952380952,87.85714285714286,5.476190476190476,82.38095238095238
E00022101,425,59,25,34,366,24,342,13.882352941176471,5.88235294117647,8,86.11764705882354,5.647058823529412,80.47058823529412
E00022102,388,35,11,24,353,19,334,9.02061855670103,2.8350515463917527,6.185567010309279,90.97938144329896,4.896907216494846,86.08247422680412
E00022103,370,26,8,18,344,21,323,7.027027027027027,2.1621621621621623,4.864864864864865,92.97297297297298,5.675675675675676,87.29729729729729
E00022106,405,31,8,23,374,30,344,7.654320987654321,1.9753086419753085,5.679012345679013,92.34567901234568,7.4074074074074066,84.93827160493828
E00022107,391,49,23,26,342,23,319,12.531969309462914,5.88235294117647,6.649616368286446,87.46803069053708,5.88235294117647,81.58567774936061
E00022108,315,27,10,17,288,29,259,8.571428571428571,3.1746031746031744,5.396825396825397,91.42857142857143,9.206349206349207,82.22222222222221
E00022109,311,32,14,18,279,15,264,10.289389067524116,4.501607717041801,5.787781350482315,89.71061093247589,4.823151125401929,84.88745980707395
E00022110,334,49,16,33,285,24,261,14.67065868263473,4.790419161676647,9.880239520958083,85.32934131736528,7.18562874251497,78.1437125748503
E00022111,246,36,10,26,210,19,191,14.634146341463413,4.0650406504065035,10.569105691056912,85.36585365853658,7.723577235772358,77.64227642276423
E00022112,588,70,30,40,518,24,494,11.904761904761903,5.1020408163265305,6.802721088435375,88.09523809523809,4.081632653061225,84.01360544217688
E00022113,360,27,6,21,333,21,312,7.5,1.6666666666666667,5.833333333333333,92.5,5.833333333333333,86.66666666666667
E00022114,375,58,22,36,317,18,299,15.466666666666667,5.866666666666666,9.6,84.53333333333333,4.8,79.73333333333333
E00022115,382,61,16,45,321,34,287,15.968586387434556,4.18848167539267,11.780104712041885,84.03141361256544,8.900523560209423,75.13089005235602
E00022116,286,50,20,30,236,19,217,17.482517482517483,6.993006993006993,10.48951048951049,82.51748251748252,6.643356643356643,75.87412587412588
E00022117,355,58,22,36,297,16,281,16.338028169014084,6.197183098591549,10.140845070422536,83.66197183098592,4.507042253521127,79.15492957746478
E00022118,373,52,26,26,321,17,304,13.941018766756033,6.970509383378016,6.970509383378016,86.05898123324397,4.557640750670242,81.50134048257372
E00022119,436,69,37,32,367,9,358,15.825688073394495,8.486238532110093,7.339449541284404,84.17431192660551,2.064220183486239,82.11009174311926
E00022120,388,54,27,27,334,10,324,13.917525773195877,6.958762886597938,6.958762886597938,86.08247422680412,2.5773195876288657,83.50515463917526
E00022121,438,51,20,31,387,29,358,11.643835616438356,4.5662100456621,7.077625570776255,88.35616438356165,6.621004566210045,81.7351598173516
E00022122,353,46,21,25,307,14,293,13.031161473087819,5.94900849858357,7.0821529745042495,86.96883852691218,3.9660056657223794,83.0028328611898
E00022123,368,34,15,19,334,18,316,9.239130434782608,4.076086956521739,5.163043478260869,90.76086956521739,4.891304347826087,85.86956521739131
E00022125,217,31,9,22,186,20,166,14.285714285714285,4.147465437788019,10.138248847926267,85.71428571428571,9.216589861751153,76.49769585253456
E00022127,459,61,31,30,398,14,384,13.28976034858388,6.753812636165578,6.535947712418301,86.71023965141612,3.0501089324618738,83.66013071895425
E00022128,443,64,35,29,379,16,363,14.446952595936793,7.900677200902935,6.5462753950338595,85.55304740406321,3.611738148984198,81.941309255079
E00022130,321,62,34,28,259,6,253,19.314641744548286,10.59190031152648,8.722741433021806,80.68535825545172,1.8691588785046727,78.81619937694704
E00022131,396,75,46,29,321,10,311,18.939393939393938,11.616161616161616,7.3232323232323235,81.06060606060606,2.525252525252525,78.53535353535354
E00022132,350,60,34,26,290,20,270,17.142857142857142,9.714285714285714,7.428571428571429,82.85714285714286,5.714285714285714,77.14285714285715
E00022133,418,88,47,41,330,28,302,21.052631578947366,11.24401913875598,9.808612440191387,78.94736842105263,6.698564593301436,72.24880382775119
E00022134,320,41,19,22,279,10,269,12.812499999999998,5.9375,6.875000000000001,87.1875,3.125,84.0625
E00022135,364,56,24,32,308,11,297,15.384615384615385,6.593406593406594,8.791208791208792,84.61538461538461,3.021978021978022,81.5934065934066
E00022136,312,66,29,37,246,12,234,21.153846153846153,9.294871794871796,11.858974358974358,78.84615384615384,3.8461538461538463,75
E00022137,416,93,51,42,323,13,310,22.355769230769234,12.259615384615383,10.096153846153847,77.64423076923077,3.125,74.51923076923077
E00022138,400,39,17,22,361,20,341,9.75,4.25,5.5,90.25,5,85.25
E00022139,441,71,36,35,370,16,354,16.099773242630384,8.16326530612245,7.936507936507936,83.90022675736961,3.6281179138321997,80.27210884353741
E00022140,360,39,20,19,321,12,309,10.833333333333334,5.555555555555555,5.277777777777778,89.16666666666667,3.3333333333333335,85.83333333333333
E00022141,371,71,36,35,300,17,283,19.137466307277627,9.703504043126685,9.433962264150944,80.86253369272237,4.5822102425876015,76.28032345013477
E00022142,342,60,25,35,282,16,266,17.543859649122805,7.309941520467836,10.23391812865497,82.45614035087719,4.678362573099415,77.77777777777779
E00022143,324,36,20,16,288,28,260,11.11111111111111,6.172839506172839,4.938271604938271,88.88888888888889,8.641975308641975,80.24691358024691
E00022144,342,42,11,31,300,22,278,12.280701754385964,3.216374269005848,9.064327485380117,87.71929824561403,6.432748538011696,81.28654970760235
E00022145,394,50,28,22,344,28,316,12.690355329949238,7.1065989847715745,5.583756345177665,87.30964467005076,7.1065989847715745,80.20304568527918
E00022146,322,46,21,25,276,15,261,14.285714285714285,6.521739130434782,7.763975155279502,85.71428571428571,4.658385093167702,81.05590062111801
E00022147,351,35,11,24,316,15,301,9.971509971509972,3.133903133903134,6.837606837606838,90.02849002849003,4.273504273504273,85.75498575498575
E00022148,383,51,15,36,332,25,307,13.315926892950392,3.91644908616188,9.39947780678851,86.68407310704961,6.527415143603134,80.15665796344648
E00022149,357,52,24,28,305,15,290,14.565826330532214,6.722689075630252,7.8431372549019605,85.43417366946778,4.201680672268908,81.23249299719888
E00022150,290,46,16,30,244,11,233,15.862068965517242,5.517241379310345,10.344827586206897,84.13793103448276,3.793103448275862,80.3448275862069
E00022151,303,77,34,43,226,15,211,25.412541254125415,11.221122112211221,14.19141914191419,74.58745874587459,4.9504950495049505,69.63696369636963
E00022152,269,25,7,18,244,16,228,9.293680297397769,2.6022304832713754,6.691449814126393,90.70631970260223,5.947955390334572,84.75836431226766
E00022153,374,39,14,25,335,11,324,10.427807486631016,3.7433155080213902,6.684491978609626,89.57219251336899,2.941176470588235,86.63101604278076
E00022154,524,63,17,46,461,43,418,12.022900763358779,3.2442748091603053,8.778625954198473,87.97709923664122,8.206106870229007,79.77099236641222
E00022155,405,56,22,34,349,21,328,13.82716049382716,5.432098765432099,8.395061728395062,86.17283950617283,5.185185185185185,80.98765432098766
E00022156,453,74,31,43,379,36,343,16.335540838852097,6.843267108167771,9.492273730684326,83.6644591611479,7.9470198675496695,75.71743929359823
E00022158,370,53,22,31,317,19,298,14.324324324324325,5.9459459459459465,8.378378378378379,85.67567567567568,5.135135135135135,80.54054054054053
E00022159,285,47,18,29,238,16,222,16.49122807017544,6.315789473684211,10.175438596491228,83.50877192982456,5.614035087719298,77.89473684210526
E00022160,302,42,15,27,260,26,234,13.90728476821192,4.966887417218543,8.940397350993377,86.09271523178808,8.609271523178808,77.48344370860927
E00022161,275,41,20,21,234,19,215,14.909090909090908,7.2727272727272725,7.636363636363637,85.0909090909091,6.909090909090909,78.18181818181819
E00022162,315,55,16,39,260,17,243,17.46031746031746,5.079365079365079,12.380952380952381,82.53968253968253,5.396825396825397,77.14285714285715
E00022163,302,39,10,29,263,25,238,12.91390728476821,3.3112582781456954,9.602649006622517,87.08609271523179,8.27814569536424,78.80794701986756
E00022164,422,61,38,23,361,16,345,14.454976303317535,9.004739336492891,5.450236966824645,85.54502369668246,3.7914691943127963,81.75355450236967
E00022165,361,24,6,18,337,39,298,6.64819944598338,1.662049861495845,4.986149584487535,93.35180055401662,10.80332409972299,82.54847645429363
E00022166,441,46,23,23,395,13,382,10.430839002267573,5.215419501133787,5.215419501133787,89.56916099773242,2.947845804988662,86.621315192743765
E00022167,227,27,14,13,200,9,191,11.894273127753303,6.167400881057269,5.726872246696035,88.10572687224669,3.9647577092511015,84.14096916299559
E00022168,406,50,17,33,356,20,336,12.31527093596059,4.1871921182266005,8.12807881773399,87.68472906403942,4.926108374384237,82.75862068965517
E00022169,355,39,13,26,316,13,303,10.985915492957748,3.6619718309859155,7.323943661971831,89.01408450704226,3.6619718309859155,85.35211267605634
E00022170,415,65,34,31,350,18,332,15.66265060240964,8.19277108433735,7.46987951807229,84.33734939759037,4.337349397590361,80
E00022171,435,57,30,27,378,29,349,13.10344827586207,6.896551724137931,6.206896551724138,86.89655172413792,6.666666666666667,80.22988505747126
E00022172,321,35,14,21,286,19,267,10.903426791277258,4.361370716510903,6.5420560747663545,89.09657320872275,5.919003115264798,83.17757009345794
E00022173,441,85,34,51,356,30,326,19.27437641723356,7.709750566893423,11.564625850340136,80.72562358276643,6.802721088435375,73.92290249433107
E00022174,336,55,23,32,281,19,262,16.36904761904762,6.845238095238096,9.523809523809524,83.63095238095238,5.654761904761905,77.97619047619048
E00022175,253,37,11,26,216,10,206,14.624505928853754,4.3478260869565215,10.276679841897234,85.37549407114624,3.9525691699604746,81.42292490118577
E00022176,375,47,23,24,328,25,303,12.533333333333333,6.133333333333333,6.4,87.46666666666667,6.666666666666667,80.80000000000001
E00022177,343,32,16,16,311,26,285,9.329446064139942,4.664723032069971,4.664723032069971,90.67055393586006,7.580174927113703,83.09037900874635
E00022178,437,65,30,35,372,18,354,14.874141876430205,6.864988558352403,8.009153318077804,85.1258581235698,4.118993135011442,81.00686498855835
E00022181,235,52,23,29,183,12,171,22.127659574468083,9.787234042553191,12.340425531914894,77.87234042553192,5.106382978723404,72.76595744680851
E00022182,375,91,58,33,284,13,271,24.266666666666666,15.466666666666667,8.799999999999999,75.73333333333333,3.4666666666666663,72.26666666666667
E00022183,257,25,1,24,232,13,219,9.72762645914397,0.38910505836575876,9.33852140077821,90.27237354085604,5.058365758754864,85.21400778210116
E00022184,340,38,12,26,302,15,287,11.176470588235295,3.5294117647058822,7.647058823529412,88.8235294117647,4.411764705882353,84.41176470588235
E00022185,371,63,28,35,308,19,289,16.9811320754717,7.547169811320755,9.433962264150944,83.01886792452831,5.121293800539084,77.89757412398922
E00022186,201,59,23,36,142,15,127,29.35323383084577,11.442786069651742,17.91044776119403,70.64676616915423,7.462686567164178,63.18407960199005
E00022187,347,45,22,23,302,9,293,12.968299711815561,6.340057636887608,6.628242074927954,87.03170028818444,2.5936599423631126,84.43804034582134
E00022188,227,68,37,31,159,24,135,29.955947136563875,16.299559471365637,13.656387665198238,70.04405286343612,10.572687224669604,59.471365638766514
E00022189,580,42,11,31,538,42,496,7.241379310344828,1.896551724137931,5.344827586206897,92.75862068965517,7.241379310344828,85.51724137931035
E00022190,218,34,13,21,184,23,161,15.59633027522936,5.963302752293578,9.63302752293578,84.40366972477065,10.550458715596331,73.85321100917432
E00022191,323,68,23,45,255,18,237,21.052631578947366,7.120743034055728,13.93188854489164,78.94736842105263,5.572755417956656,73.37461300309597
E00022192,365,56,24,32,309,29,280,15.342465753424658,6.575342465753424,8.767123287671232,84.65753424657534,7.9452054794520555,76.71232876712328
E00022193,323,53,20,33,270,24,246,16.408668730650156,6.191950464396285,10.21671826625387,83.59133126934985,7.430340557275541,76.16099071207431
E00022194,342,50,23,27,292,10,282,14.619883040935672,6.725146198830409,7.894736842105263,85.38011695906432,2.923976608187134,82.45614035087719
E00022195,481,70,36,34,411,13,398,14.553014553014554,7.484407484407485,7.0686070686070686,85.44698544698545,2.7027027027027026,82.74428274428274
E00022196,248,48,18,30,200,18,182,19.35483870967742,7.258064516129033,12.096774193548388,80.64516129032258,7.258064516129033,73.38709677419355
E00022197,404,59,30,29,345,16,329,14.603960396039604,7.425742574257425,7.1782178217821775,85.39603960396039,3.9603960396039604,81.43564356435643
E00022198,291,88,42,46,203,16,187,30.240549828178693,14.432989690721648,15.807560137457044,69.7594501718213,5.498281786941581,64.26116838487972
E00022199,492,88,50,38,404,20,384,17.88617886178862,10.16260162601626,7.723577235772358,82.11382113821138,4.0650406504065035,78.04878048780488
E00022200,326,54,26,28,272,12,260,16.56441717791411,7.975460122699387,8.588957055214724,83.43558282208589,3.6809815950920246,79.75460122699386
E00022201,278,91,53,38,187,8,179,32.73381294964029,19.06474820143885,13.66906474820144,67.26618705035972,2.877697841726619,64.38848920863309
E00022202,294,29,14,15,265,20,245,9.863945578231291,4.761904761904762,5.1020408163265305,90.1360544217687,6.802721088435375,83.33333333333334
E00022203,293,42,16,26,251,16,235,14.334470989761092,5.460750853242321,8.873720136518772,85.6655290102389,5.460750853242321,80.2047781569966
E00022204,370,40,14,26,330,25,305,10.81081081081081,3.783783783783784,7.027027027027027,89.1891891891892,6.756756756756757,82.43243243243244
E00022205,371,72,33,39,299,20,279,19.40700808625337,8.89487870619946,10.512129380053908,80.59299191374663,5.3908355795148255,75.2021563342318
E00022206,342,51,22,29,291,14,277,14.912280701754385,6.432748538011696,8.47953216374269,85.08771929824562,4.093567251461988,80.99415204678363
E00022207,418,40,16,24,378,27,351,9.569377990430622,3.827751196172249,5.741626794258373,90.43062200956938,6.4593301435406705,83.97129186602871
E00022208,360,39,14,25,321,22,299,10.833333333333334,3.888888888888889,6.944444444444445,89.16666666666667,6.111111111111111,83.05555555555556
E00022209,347,51,22,29,296,19,277,14.697406340057636,6.340057636887608,8.357348703170029,85.30259365994236,5.475504322766571,79.82708933717579
E00022210,338,79,49,30,259,11,248,23.37278106508876,14.497041420118343,8.875739644970414,76.62721893491124,3.2544378698224854,73.37278106508876
E00022211,369,50,20,30,319,26,293,13.550135501355012,5.420054200542006,8.130081300813007,86.44986449864498,7.046070460704606,79.40379403794037
E00022212,470,70,31,39,400,30,370,14.893617021276595,6.595744680851063,8.297872340425531,85.1063829787234,6.382978723404255,78.72340425531915
E00022213,343,37,11,26,306,16,290,10.787172011661808,3.206997084548105,7.580174927113703,89.21282798833819,4.664723032069971,84.54810495626822
E00022214,260,31,14,17,229,5,224,11.923076923076923,5.384615384615385,6.538461538461539,88.07692307692308,1.9230769230769231,86.15384615384616
E00022215,302,40,12,28,262,24,238,13.245033112582782,3.9735099337748347,9.271523178807946,86.75496688741721,7.9470198675496695,78.80794701986756
E00022216,360,46,18,28,314,17,297,12.777777777777777,5,7.777777777777778,87.22222222222223,4.722222222222222,82.5
E00022217,272,28,10,18,244,14,230,10.294117647058822,3.6764705882352944,6.61764705882353,89.70588235294117,5.147058823529411,84.55882352941177
E00022218,369,60,27,33,309,12,297,16.260162601626014,7.317073170731707,8.94308943089431,83.73983739837398,3.2520325203252036,80.48780487804879
E00022219,447,46,24,22,401,21,380,10.290827740492169,5.369127516778524,4.921700223713646,89.70917225950782,4.697986577181208,85.01118568232661
E00022220,308,35,12,23,273,13,260,11.363636363636363,3.896103896103896,7.467532467532467,88.63636363636364,4.220779220779221,84.4155844155844
E00022222,383,38,15,23,345,19,326,9.921671018276761,3.91644908616188,6.005221932114883,90.07832898172323,4.960835509138381,85.11749347258485
E00022223,306,134,95,39,172,3,169,43.790849673202615,31.045751633986928,12.745098039215685,56.209150326797385,0.9803921568627451,55.22875816993464
E00022224,275,42,21,21,233,18,215,15.272727272727273,7.636363636363637,7.636363636363637,84.72727272727273,6.545454545454546,78.18181818181819
E00022225,359,75,50,25,284,15,269,20.891364902506965,13.92757660167131,6.963788300835655,79.10863509749304,4.178272980501393,74.93036211699165
E00022226,397,39,19,20,358,11,347,9.82367758186398,4.785894206549118,5.037783375314862,90.17632241813602,2.770780856423174,87.40554156171285
E00022227,377,54,24,30,323,23,300,14.323607427055704,6.36604774535809,7.957559681697612,85.6763925729443,6.10079575596817,79.57559681697613
E00022228,336,53,24,29,283,9,274,15.773809523809524,7.142857142857142,8.630952380952381,84.22619047619048,2.6785714285714284,81.54761904761905
E00022229,543,69,39,30,474,13,461,12.70718232044199,7.18232044198895,5.524861878453039,87.29281767955801,2.394106813996317,84.8987108655617
E00022230,464,64,29,35,400,18,382,13.793103448275861,6.25,7.543103448275862,86.20689655172413,3.8793103448275863,82.32758620689656
E00022232,396,49,27,22,347,19,328,12.373737373737374,6.8181818181818175,5.555555555555555,87.62626262626263,4.797979797979798,82.82828282828282
E00022233,346,34,11,23,312,22,290,9.826589595375722,3.1791907514450863,6.6473988439306355,90.17341040462428,6.358381502890173,83.8150289017341
E00022234,512,52,21,31,460,22,438,10.15625,4.1015625,6.0546875,89.84375,4.296875,85.546875
E00022235,399,34,12,22,365,20,345,8.521303258145362,3.007518796992481,5.513784461152882,91.47869674185463,5.012531328320802,86.46616541353383
E00022236,401,57,31,26,344,13,331,14.214463840399002,7.73067331670823,6.483790523690773,85.785536159601,3.2418952618453867,82.54364089775561
E00022237,399,41,18,23,358,21,337,10.275689223057643,4.511278195488721,5.764411027568922,89.72431077694235,5.263157894736842,84.46115288220551
E00022238,338,45,24,21,293,10,283,13.313609467455622,7.100591715976331,6.21301775147929,86.68639053254438,2.9585798816568047,83.72781065088756
E00022239,460,56,21,35,404,23,381,12.173913043478262,4.565217391304348,7.608695652173914,87.82608695652175,5,82.82608695652173
E00022240,574,69,30,39,505,23,482,12.020905923344948,5.2264808362369335,6.794425087108014,87.97909407665504,4.006968641114982,83.97212543554006
E00022241,331,47,25,22,284,13,271,14.19939577039275,7.552870090634441,6.646525679758309,85.80060422960725,3.927492447129909,81.87311178247734
E00022242,332,33,10,23,299,16,283,9.939759036144578,3.0120481927710845,6.927710843373494,90.06024096385542,4.819277108433735,85.2409638554217
E00022243,345,44,21,23,301,18,283,12.753623188405797,6.086956521739131,6.666666666666667,87.2463768115942,5.217391304347826,82.02898550724638
E00022244,369,56,30,26,313,12,301,15.176151761517614,8.130081300813007,7.046070460704606,84.82384823848238,3.2520325203252036,81.57181571815718
E00022246,364,44,17,27,320,14,306,12.087912087912088,4.670329670329671,7.417582417582418,87.91208791208791,3.8461538461538463,84.06593406593407
E00022247,361,42,25,17,319,16,303,11.634349030470915,6.9252077562326875,4.7091412742382275,88.36565096952909,4.43213296398892,83.93351800554017
E00022248,443,50,17,33,393,8,385,11.286681715575622,3.837471783295711,7.44920993227991,88.71331828442437,1.805869074492099,86.90744920993228
E00022249,331,41,12,29,290,15,275,12.386706948640484,3.625377643504532,8.761329305135952,87.61329305135952,4.531722054380665,83.08157099697885
E00022250,382,49,22,27,333,13,320,12.827225130890053,5.7591623036649215,7.068062827225131,87.17277486910994,3.4031413612565444,83.7696335078534
E00022251,199,24,9,15,175,10,165,12.060301507537687,4.522613065326634,7.537688442211055,87.93969849246231,5.025125628140704,82.91457286432161
E00022252,326,44,18,26,282,11,271,13.496932515337424,5.521472392638037,7.975460122699387,86.50306748466258,3.374233128834356,83.12883435582822
E00022253,409,54,21,33,355,13,342,13.202933985330073,5.134474327628362,8.06845965770171,86.79706601466992,3.1784841075794623,83.61858190709046
E00022254,381,70,37,33,311,18,293,18.37270341207349,9.711286089238845,8.661417322834646,81.62729658792651,4.724409448818897,76.9028871391076
E00022255,353,26,11,15,327,15,312,7.365439093484419,3.1161473087818696,4.2492917847025495,92.63456090651559,4.2492917847025495,88.38526912181302
E00022256,325,27,7,20,298,16,282,8.307692307692308,2.1538461538461537,6.153846153846154,91.6923076923077,4.923076923076923,86.76923076923076
E00022257,222,17,7,10,205,5,200,7.657657657657657,3.153153153153153,4.504504504504505,92.34234234234235,2.2522522522522523,90.09009009009009
E00022258,385,59,29,30,326,17,309,15.324675324675324,7.532467532467532,7.792207792207792,84.67532467532467,4.415584415584416,80.25974025974027
E00022259,437,40,13,27,397,23,374,9.153318077803203,2.9748283752860414,6.178489702517163,90.8466819221968,5.263157894736842,85.58352402745996
E00022260,316,62,31,31,254,10,244,19.62025316455696,9.81012658227848,9.81012658227848,80.37974683544303,3.1645569620253164,77.21518987341773
E00022261,600,79,40,39,521,20,501,13.166666666666666,6.666666666666667,6.5,86.83333333333333,3.3333333333333335,83.5
E00022262,522,74,27,47,448,25,423,14.17624521072797,5.172413793103448,9.003831417624522,85.82375478927203,4.789272030651341,81.03448275862068
E00022263,408,118,84,34,290,15,275,28.921568627450984,20.588235294117645,8.333333333333332,71.07843137254902,3.6764705882352944,67.40196078431373
E00022264,547,59,24,35,488,13,475,10.786106032906764,4.387568555758683,6.39853747714808,89.21389396709324,2.376599634369287,86.83729433272394
E00022265,415,51,26,25,364,9,355,12.289156626506024,6.265060240963856,6.024096385542169,87.71084337349397,2.1686746987951806,85.54216867469879
E00022266,458,43,19,24,415,20,395,9.388646288209607,4.148471615720524,5.240174672489083,90.61135371179039,4.366812227074235,86.24454148471615
E00022267,322,40,12,28,282,14,268,12.422360248447205,3.7267080745341614,8.695652173913043,87.5776397515528,4.3478260869565215,83.22981366459628
E00022268,399,87,37,50,312,15,297,21.804511278195488,9.273182957393484,12.531328320802004,78.19548872180451,3.7593984962406015,74.43609022556392
E00022269,610,78,46,32,532,19,513,12.786885245901638,7.540983606557377,5.245901639344262,87.21311475409837,3.114754098360656,84.09836065573771
E00022270,343,71,36,35,272,14,258,20.699708454810494,10.495626822157435,10.204081632653061,79.30029154518951,4.081632653061225,75.21865889212827
E00022271,492,48,19,29,444,19,425,9.75609756097561,3.861788617886179,5.894308943089431,90.2439024390244,3.861788617886179,86.3821138211382
E00022272,533,87,47,40,446,9,437,16.322701688555348,8.818011257035648,7.5046904315197,83.67729831144464,1.6885553470919326,81.98874296435272
E00022273,530,68,25,43,462,19,443,12.830188679245284,4.716981132075472,8.11320754716981,87.16981132075472,3.5849056603773586,83.58490566037736
E00022274,453,65,28,37,388,21,367,14.348785871964681,6.181015452538632,8.167770419426049,85.65121412803532,4.635761589403973,81.01545253863135
E00022275,469,47,17,30,422,23,399,10.021321961620469,3.624733475479744,6.396588486140725,89.97867803837953,4.904051172707889,85.07462686567165
E00022278,393,42,12,30,351,19,332,10.687022900763358,3.0534351145038165,7.633587786259542,89.31297709923665,4.8346055979643765,84.47837150127226
E00022279,353,31,10,21,322,22,300,8.78186968838527,2.8328611898017,5.94900849858357,91.21813031161473,6.232294617563739,84.98583569405099
E00022280,441,37,17,20,404,18,386,8.390022675736962,3.8548752834467117,4.535147392290249,91.60997732426304,4.081632653061225,87.52834467120182
E00022281,413,64,32,32,349,20,329,15.49636803874092,7.74818401937046,7.74818401937046,84.50363196125909,4.8426150121065374,79.66101694915254
E00022287,618,100,56,44,518,19,499,16.181229773462782,9.06148867313916,7.119741100323624,83.81877022653723,3.074433656957929,80.74433656957929
E00022288,375,43,25,18,332,12,320,11.466666666666667,6.666666666666667,4.8,88.53333333333333,3.2,85.33333333333334
E00022289,446,39,19,20,407,17,390,8.74439461883408,4.260089686098654,4.484304932735426,91.25560538116592,3.811659192825112,87.4439461883408
E00022290,448,73,30,43,375,20,355,16.294642857142858,6.696428571428571,9.598214285714286,83.70535714285714,4.464285714285714,79.24107142857143
E00022291,484,47,15,32,437,19,418,9.710743801652892,3.0991735537190084,6.6115702479338845,90.28925619834712,3.925619834710744,86.36363636363636
E00022292,387,34,14,20,353,12,341,8.785529715762273,3.6175710594315245,5.167958656330749,91.21447028423772,3.10077519379845,88.11369509043928
E00022293,305,32,16,16,273,13,260,10.491803278688524,5.245901639344262,5.245901639344262,89.50819672131148,4.2622950819672125,85.24590163934425
E00022294,357,34,12,22,323,15,308,9.523809523809524,3.361344537815126,6.162464985994398,90.47619047619048,4.201680672268908,86.27450980392157
E00022295,380,65,25,40,315,15,300,17.105263157894736,6.578947368421052,10.526315789473683,82.89473684210526,3.9473684210526314,78.94736842105263
E00022296,417,69,30,39,348,12,336,16.546762589928058,7.1942446043165464,9.352517985611511,83.45323741007195,2.877697841726619,80.57553956834532
E00022297,336,43,21,22,293,17,276,12.797619047619047,6.25,6.547619047619048,87.20238095238095,5.059523809523809,82.14285714285714
E00022298,413,71,36,35,342,9,333,17.191283292978206,8.716707021791766,8.47457627118644,82.80871670702179,2.1791767554479415,80.62953995157385
E00022299,417,62,31,31,355,26,329,14.86810551558753,7.434052757793765,7.434052757793765,85.13189448441247,6.235011990407674,78.8968824940048
E00022300,427,63,30,33,364,12,352,14.754098360655737,7.02576112412178,7.728337236533958,85.24590163934425,2.810304449648712,82.43559718969556
E00022301,386,63,30,33,323,9,314,16.321243523316063,7.772020725388601,8.549222797927461,83.67875647668393,2.33160621761658,81.34715025906736
E00022302,323,52,21,31,271,13,258,16.09907120743034,6.5015479876160995,9.597523219814242,83.90092879256966,4.024767801857585,79.87616099071208
E00022303,258,37,27,10,221,16,205,14.34108527131783,10.465116279069768,3.875968992248062,85.65891472868216,6.2015503875969,79.45736434108527
E00022304,299,29,13,16,270,14,256,9.698996655518394,4.3478260869565215,5.351170568561873,90.3010033444816,4.682274247491638,85.61872909698997
E00022305,451,63,19,44,388,21,367,13.968957871396896,4.212860310421286,9.75609756097561,86.0310421286031,4.656319290465632,81.37472283813747
E00022306,332,79,34,45,253,9,244,23.795180722891565,10.240963855421686,13.55421686746988,76.20481927710844,2.710843373493976,73.49397590361446
E00022307,525,66,18,48,459,33,426,12.571428571428573,3.428571428571429,9.142857142857142,87.42857142857143,6.2857142857142865,81.14285714285714
E00022308,325,78,38,40,247,12,235,24,11.692307692307692,12.307692307692308,76,3.6923076923076925,72.3076923076923
E00022309,428,67,30,37,361,30,331,15.654205607476634,7.009345794392523,8.644859813084112,84.34579439252336,7.009345794392523,77.33644859813083
E00022310,509,64,17,47,445,33,412,12.573673870333987,3.3398821218074657,9.233791748526523,87.42632612966601,6.4833005893909625,80.94302554027504
E00022311,334,39,9,30,295,27,268,11.676646706586826,2.694610778443114,8.982035928143713,88.32335329341318,8.08383233532934,80.23952095808383
E00022312,321,44,21,23,277,14,263,13.707165109034266,6.5420560747663545,7.165109034267912,86.29283489096574,4.361370716510903,81.93146417445483
E00022313,328,57,24,33,271,17,254,17.378048780487802,7.317073170731707,10.060975609756099,82.6219512195122,5.182926829268292,77.4390243902439
E00022314,339,42,22,20,297,16,281,12.389380530973451,6.489675516224189,5.899705014749262,87.61061946902655,4.71976401179941,82.89085545722715
E00022316,365,37,16,21,328,11,317,10.136986301369863,4.383561643835616,5.7534246575342465,89.86301369863014,3.0136986301369864,86.84931506849315
E00022317,313,50,23,27,263,26,237,15.974440894568689,7.348242811501597,8.626198083067091,84.02555910543131,8.30670926517572,75.71884984025559
E00022318,392,30,10,20,362,14,348,7.653061224489796,2.5510204081632653,5.1020408163265305,92.3469387755102,3.571428571428571,88.77551020408163
E00022319,370,63,32,31,307,22,285,17.027027027027028,8.64864864864865,8.378378378378379,82.97297297297297,5.9459459459459465,77.02702702702703
E00022320,350,66,20,46,284,25,259,18.857142857142858,5.714285714285714,13.142857142857142,81.14285714285714,7.142857142857142,74
E00022321,274,48,22,26,226,14,212,17.51824817518248,8.02919708029197,9.48905109489051,82.48175182481752,5.109489051094891,77.37226277372264
E00022322,374,62,15,47,312,26,286,16.577540106951872,4.0106951871657754,12.566844919786096,83.42245989304813,6.951871657754011,76.47058823529412
E00022323,330,45,13,32,285,22,263,13.636363636363635,3.939393939393939,9.696969696969697,86.36363636363636,6.666666666666667,79.6969696969697
E00022324,307,27,8,19,280,11,269,8.794788273615636,2.6058631921824107,6.188925081433225,91.20521172638436,3.5830618892508146,87.62214983713355
E00022325,348,39,17,22,309,24,285,11.206896551724139,4.885057471264368,6.321839080459771,88.79310344827587,6.896551724137931,81.89655172413794
E00022326,350,41,12,29,309,17,292,11.714285714285715,3.428571428571429,8.285714285714285,88.28571428571429,4.857142857142857,83.42857142857143
E00022327,359,46,13,33,313,18,295,12.813370473537605,3.6211699164345403,9.192200557103064,87.1866295264624,5.013927576601671,82.17270194986072
E00022329,240,29,9,20,211,14,197,12.083333333333334,3.75,8.333333333333332,87.91666666666667,5.833333333333333,82.08333333333333
E00022330,170,24,11,13,146,9,137,14.117647058823529,6.470588235294119,7.647058823529412,85.88235294117646,5.294117647058823,80.58823529411765
E00022331,254,43,17,26,211,12,199,16.92913385826772,6.692913385826772,10.236220472440944,83.07086614173228,4.724409448818897,78.34645669291339
E00022332,327,51,22,29,276,15,261,15.59633027522936,6.727828746177369,8.868501529051988,84.40366972477065,4.587155963302752,79.81651376146789
E00022333,269,26,12,14,243,11,232,9.66542750929368,4.4609665427509295,5.204460966542751,90.33457249070632,4.089219330855019,86.2453531598513
E00022334,317,38,11,27,279,32,247,11.987381703470032,3.4700315457413247,8.517350157728707,88.01261829652996,10.094637223974763,77.91798107255521
E00022335,325,39,9,30,286,29,257,12,2.769230769230769,9.230769230769232,88,8.923076923076923,79.07692307692308
E00022336,385,98,60,38,287,14,273,25.454545454545453,15.584415584415584,9.87012987012987,74.54545454545455,3.6363636363636362,70.9090909090909
E00022337,359,76,43,33,283,18,265,21.16991643454039,11.977715877437326,9.192200557103064,78.8300835654596,5.013927576601671,73.81615598885793
E00022338,374,38,17,21,336,32,304,10.16042780748663,4.545454545454546,5.614973262032086,89.83957219251337,8.55614973262032,81.28342245989305
E00022339,265,32,10,22,233,18,215,12.075471698113208,3.7735849056603774,8.30188679245283,87.9245283018868,6.7924528301886795,81.13207547169812
E00022340,279,44,15,29,235,12,223,15.770609318996415,5.376344086021505,10.39426523297491,84.22939068100358,4.301075268817205,79.92831541218638
E00022341,444,51,27,24,393,24,369,11.486486486486488,6.081081081081082,5.405405405405405,88.51351351351352,5.405405405405405,83.1081081081081
E00022342,396,67,39,28,329,14,315,16.91919191919192,9.848484848484848,7.07070707070707,83.08080808080808,3.535353535353535,79.54545454545455
E00022343,386,77,37,40,309,14,295,19.94818652849741,9.585492227979273,10.362694300518134,80.05181347150258,3.6269430051813467,76.42487046632125
E00022344,451,77,35,42,374,12,362,17.073170731707318,7.760532150776053,9.312638580931264,82.92682926829268,2.6607538802660753,80.26607538802661
E00022345,333,42,21,21,291,16,275,12.612612612612612,6.306306306306306,6.306306306306306,87.38738738738738,4.804804804804805,82.58258258258259
E00022346,460,48,19,29,412,20,392,10.434782608695652,4.130434782608695,6.304347826086956,89.56521739130436,4.3478260869565215,85.21739130434783
E00022347,430,69,24,45,361,18,343,16.046511627906977,5.5813953488372094,10.465116279069768,83.95348837209302,4.186046511627907,79.76744186046511
E00022348,397,43,17,26,354,26,328,10.831234256926953,4.282115869017632,6.54911838790932,89.16876574307305,6.54911838790932,82.61964735516372
E00022349,405,66,32,34,339,17,322,16.296296296296298,7.901234567901234,8.395061728395062,83.7037037037037,4.197530864197531,79.50617283950618
E00022351,202,47,25,22,155,10,145,23.26732673267327,12.376237623762377,10.891089108910892,76.73267326732673,4.9504950495049505,71.78217821782178
E00022352,439,39,11,28,400,29,371,8.88382687927107,2.5056947608200453,6.378132118451026,91.11617312072893,6.605922551252847,84.51025056947609
E00022353,323,54,28,26,269,16,253,16.718266253869967,8.6687306501548,8.04953560371517,83.28173374613003,4.953560371517028,78.328173374613
E00022354,530,72,38,34,458,25,433,13.584905660377359,7.169811320754717,6.415094339622642,86.41509433962264,4.716981132075472,81.69811320754718
E00022356,594,106,55,51,488,27,461,17.845117845117844,9.25925925925926,8.585858585858585,82.15488215488216,4.545454545454546,77.60942760942761
E00022357,512,57,25,32,455,28,427,11.1328125,4.8828125,6.25,88.8671875,5.46875,83.3984375
E00022358,408,32,10,22,376,30,346,7.8431372549019605,2.450980392156863,5.392156862745098,92.15686274509804,7.352941176470589,84.80392156862744
E00022359,411,57,24,33,354,28,326,13.86861313868613,5.839416058394161,8.02919708029197,86.13138686131386,6.81265206812652,79.31873479318735
E00022360,409,32,8,24,377,16,361,7.823960880195599,1.9559902200488997,5.8679706601467,92.1760391198044,3.9119804400977993,88.26405867970661
E00022361,435,54,21,33,381,27,354,12.413793103448276,4.827586206896552,7.586206896551724,87.58620689655172,6.206896551724138,81.37931034482759
E00022362,453,58,23,35,395,25,370,12.803532008830022,5.077262693156733,7.72626931567329,87.19646799116998,5.518763796909492,81.67770419426049
E00022363,344,38,18,20,306,30,276,11.046511627906977,5.232558139534884,5.813953488372093,88.95348837209302,8.720930232558139,80.23255813953489
E00022364,377,43,18,25,334,21,313,11.405835543766578,4.774535809018567,6.631299734748011,88.59416445623343,5.570291777188329,83.0238726790451
E00022366,521,52,25,27,469,23,446,9.980806142034549,4.798464491362764,5.182341650671785,90.01919385796545,4.414587332053743,85.6046065259117
E00022367,350,52,28,24,298,9,289,14.857142857142858,8,6.857142857142858,85.14285714285714,2.571428571428571,82.57142857142857
E00022368,527,47,17,30,480,18,462,8.918406072106261,3.225806451612903,5.692599620493358,91.08159392789373,3.415559772296015,87.66603415559773
E00022369,378,47,15,32,331,21,310,12.433862433862434,3.968253968253968,8.465608465608465,87.56613756613757,5.555555555555555,82.01058201058201
E00022370,560,28,11,17,532,17,515,5,1.9642857142857142,3.0357142857142856,95,3.0357142857142856,91.96428571428571
E00022371,382,45,15,30,337,21,316,11.780104712041885,3.926701570680628,7.853403141361256,88.21989528795811,5.49738219895288,82.72251308900523
E00022372,300,43,18,25,257,21,236,14.333333333333334,6,8.333333333333332,85.66666666666667,7.000000000000001,78.66666666666666
E00022373,383,76,39,37,307,10,297,19.843342036553523,10.182767624020887,9.660574412532636,80.15665796344648,2.610966057441253,77.54569190600522
E00022374,272,66,38,28,206,6,200,24.264705882352942,13.970588235294118,10.294117647058822,75.73529411764706,2.2058823529411766,73.52941176470588
E00022375,244,38,17,21,206,17,189,15.573770491803279,6.967213114754098,8.60655737704918,84.42622950819673,6.967213114754098,77.45901639344262
E00022376,532,62,29,33,470,22,448,11.654135338345863,5.451127819548872,6.203007518796992,88.34586466165413,4.135338345864661,84.21052631578947
E00022377,425,75,25,50,350,18,332,17.647058823529413,5.88235294117647,11.76470588235294,82.35294117647058,4.235294117647059,78.11764705882352
E00022378,352,45,15,30,307,22,285,12.784090909090908,4.261363636363636,8.522727272727272,87.2159090909091,6.25,80.9659090909091
E00022379,406,55,22,33,351,18,333,13.546798029556651,5.41871921182266,8.12807881773399,86.45320197044335,4.433497536945813,82.01970443349754
E00022380,382,45,17,28,337,23,314,11.780104712041885,4.450261780104712,7.329842931937172,88.21989528795811,6.020942408376963,82.19895287958116
E00022381,398,56,25,31,342,15,327,14.07035175879397,6.281407035175879,7.788944723618091,85.92964824120602,3.7688442211055273,82.1608040201005
E00022382,315,54,29,25,261,12,249,17.142857142857142,9.206349206349207,7.936507936507936,82.85714285714286,3.8095238095238098,79.04761904761905
E00022383,430,72,35,37,358,19,339,16.74418604651163,8.13953488372093,8.604651162790699,83.25581395348837,4.4186046511627906,78.83720930232559
E00022384,305,44,18,26,261,12,249,14.426229508196723,5.901639344262295,8.524590163934425,85.57377049180329,3.934426229508197,81.63934426229508
E00022385,292,50,17,33,242,14,228,17.123287671232877,5.821917808219178,11.301369863013697,82.87671232876713,4.794520547945205,78.08219178082192
E00022386,370,38,21,17,332,17,315,10.27027027027027,5.675675675675676,4.594594594594595,89.72972972972974,4.594594594594595,85.13513513513513
E00022387,303,35,17,18,268,12,256,11.55115511551155,5.6105610561056105,5.9405940594059405,88.44884488448845,3.9603960396039604,84.48844884488449
E00022388,359,49,22,27,310,24,286,13.649025069637883,6.128133704735376,7.520891364902507,86.35097493036211,6.685236768802229,79.66573816155989
E00022389,334,39,13,26,295,15,280,11.676646706586826,3.8922155688622757,7.784431137724551,88.32335329341318,4.491017964071856,83.8323353293413
E00022390,276,31,14,17,245,9,236,11.231884057971014,5.072463768115942,6.159420289855073,88.76811594202898,3.260869565217391,85.5072463768116
E00022391,439,45,20,25,394,24,370,10.250569476082005,4.555808656036446,5.694760820045558,89.749430523918,5.466970387243736,84.28246013667426
E00022392,393,42,13,29,351,18,333,10.687022900763358,3.307888040712468,7.37913486005089,89.31297709923665,4.580152671755725,84.7328244274809
E00022393,319,48,23,25,271,17,254,15.047021943573668,7.210031347962382,7.836990595611286,84.95297805642633,5.329153605015674,79.62382445141067
E00022394,375,52,23,29,323,15,308,13.866666666666665,6.133333333333333,7.733333333333333,86.13333333333333,4,82.13333333333334
E00022395,371,51,27,24,320,19,301,13.746630727762804,7.277628032345014,6.46900269541779,86.25336927223721,5.121293800539084,81.13207547169812
E00022396,373,50,11,39,323,16,307,13.404825737265416,2.949061662198391,10.455764075067025,86.59517426273459,4.289544235924933,82.30563002680965
E00022397,400,53,21,32,347,14,333,13.25,5.25,8,86.75,3.5000000000000004,83.25
E00022398,477,82,51,31,395,17,378,17.19077568134172,10.69182389937107,6.498951781970649,82.80922431865828,3.563941299790356,79.24528301886792
E00022399,439,55,28,27,384,14,370,12.52847380410023,6.378132118451026,6.150341685649203,87.47152619589977,3.189066059225513,84.28246013667426
E00022400,375,45,18,27,330,15,315,12,4.8,7.199999999999999,88,4,84
E00022401,348,37,21,16,311,18,293,10.632183908045976,6.0344827586206895,4.597701149425287,89.36781609195403,5.172413793103448,84.19540229885058
E00022402,442,81,35,46,361,12,349,18.32579185520362,7.918552036199094,10.407239819004525,81.67420814479638,2.7149321266968327,78.95927601809954
E00022403,424,50,28,22,374,16,358,11.79245283018868,6.60377358490566,5.188679245283019,88.20754716981132,3.7735849056603774,84.43396226415094
E00022404,444,86,47,39,358,17,341,19.36936936936937,10.585585585585585,8.783783783783784,80.63063063063063,3.8288288288288284,76.8018018018018
E00022405,159,44,23,21,115,5,110,27.67295597484277,14.465408805031446,13.20754716981132,72.32704402515722,3.1446540880503147,69.18238993710692
E00022406,358,57,37,20,301,20,281,15.921787709497206,10.335195530726256,5.58659217877095,84.07821229050279,5.58659217877095,78.49162011173185
E00022407,297,49,18,31,248,8,240,16.4983164983165,6.0606060606060606,10.437710437710438,83.5016835016835,2.6936026936026933,80.8080808080808
E00022408,380,33,14,19,347,24,323,8.68421052631579,3.684210526315789,5,91.3157894736842,6.315789473684211,85
E00022409,409,43,17,26,366,20,346,10.513447432762836,4.156479217603912,6.356968215158925,89.48655256723717,4.88997555012225,84.59657701711491
E00022410,311,34,7,27,277,15,262,10.932475884244374,2.2508038585209005,8.681672025723474,89.06752411575563,4.823151125401929,84.2443729903537
E00022411,289,28,10,18,261,17,244,9.688581314878892,3.4602076124567476,6.228373702422145,90.3114186851211,5.88235294117647,84.42906574394463
E00022412,487,62,29,33,425,12,413,12.73100616016427,5.95482546201232,6.7761806981519515,87.26899383983573,2.4640657084188913,84.80492813141683
E00022413,489,54,18,36,435,18,417,11.042944785276074,3.6809815950920246,7.361963190184049,88.95705521472392,3.6809815950920246,85.2760736196319
E00022414,614,81,35,46,533,48,485,13.192182410423452,5.700325732899023,7.491856677524431,86.80781758957656,7.81758957654723,78.99022801302932
E00022415,301,41,13,28,260,18,242,13.621262458471762,4.318936877076411,9.30232558139535,86.37873754152824,5.980066445182724,80.39867109634552
E00022416,250,26,5,21,224,22,202,10.4,2,8.4,89.60000000000001,8.799999999999999,80.80000000000001
E00022417,281,25,6,19,256,18,238,8.896797153024911,2.135231316725979,6.761565836298933,91.10320284697508,6.405693950177936,84.69750889679716
E00022418,257,35,10,25,222,29,193,13.618677042801556,3.8910505836575875,9.72762645914397,86.38132295719845,11.284046692607005,75.09727626459144
E00022419,247,47,26,21,200,8,192,19.02834008097166,10.526315789473683,8.502024291497975,80.97165991902834,3.2388663967611335,77.7327935222672
E00022420,387,61,34,27,326,19,307,15.762273901808785,8.785529715762273,6.976744186046512,84.23772609819122,4.909560723514212,79.32816537467701
E00022421,485,68,32,36,417,16,401,14.02061855670103,6.5979381443298974,7.422680412371134,85.97938144329898,3.2989690721649487,82.68041237113401
E00022422,386,74,46,28,312,19,293,19.170984455958546,11.917098445595855,7.253886010362693,80.82901554404145,4.922279792746114,75.90673575129534
E00022423,464,32,12,20,432,17,415,6.896551724137931,2.586206896551724,4.310344827586207,93.10344827586206,3.6637931034482754,89.4396551724138
E00022424,464,40,16,24,424,32,392,8.620689655172415,3.4482758620689653,5.172413793103448,91.37931034482759,6.896551724137931,84.48275862068965
E00022425,343,37,14,23,306,30,276,10.787172011661808,4.081632653061225,6.705539358600583,89.21282798833819,8.746355685131196,80.466472303207
E00022426,411,51,28,23,360,16,344,12.408759124087592,6.81265206812652,5.59610705596107,87.59124087591242,3.8929440389294405,83.69829683698296
E00022427,289,35,7,28,254,19,235,12.110726643598616,2.422145328719723,9.688581314878892,87.88927335640139,6.5743944636678195,81.31487889273356
E00022428,225,28,10,18,197,16,181,12.444444444444445,4.444444444444445,8,87.55555555555556,7.111111111111111,80.44444444444444
E00022429,305,35,11,24,270,17,253,11.475409836065573,3.606557377049181,7.868852459016394,88.52459016393442,5.573770491803279,82.95081967213115
E00022430,502,61,25,36,441,26,415,12.151394422310757,4.9800796812749,7.171314741035857,87.84860557768924,5.179282868525896,82.66932270916335
E00022431,398,37,15,22,361,23,338,9.296482412060302,3.7688442211055273,5.527638190954774,90.7035175879397,5.778894472361809,84.92462311557789
E00022432,373,45,23,22,328,24,304,12.064343163538874,6.166219839142091,5.898123324396782,87.93565683646113,6.434316353887399,81.50134048257372
E00022433,392,42,19,23,350,23,327,10.714285714285714,4.846938775510204,5.86734693877551,89.28571428571429,5.86734693877551,83.41836734693877
E00022434,282,37,16,21,245,17,228,13.120567375886525,5.673758865248227,7.446808510638298,86.87943262411348,6.028368794326241,80.85106382978722
E00022435,345,31,12,19,314,24,290,8.985507246376812,3.4782608695652173,5.507246376811594,91.01449275362319,6.956521739130435,84.05797101449275
E00022436,414,63,29,34,351,40,311,15.217391304347828,7.004830917874397,8.212560386473431,84.78260869565217,9.66183574879227,75.1207729468599
E00022437,281,46,25,21,235,15,220,16.370106761565836,8.896797153024911,7.473309608540925,83.62989323843416,5.338078291814947,78.29181494661923
E00022439,476,55,24,31,421,13,408,11.554621848739496,5.042016806722689,6.512605042016808,88.4453781512605,2.73109243697479,85.71428571428571
E00022440,353,52,18,34,301,22,279,14.730878186968837,5.099150141643059,9.631728045325778,85.26912181303116,6.232294617563739,79.03682719546742
E00022441,397,42,21,21,355,18,337,10.579345088161208,5.289672544080604,5.289672544080604,89.4206549118388,4.534005037783375,84.88664987405542
E00022442,259,43,14,29,216,21,195,16.602316602316602,5.405405405405405,11.196911196911197,83.3976833976834,8.108108108108109,75.2895752895753
E00022443,379,46,20,26,333,23,310,12.137203166226913,5.277044854881266,6.860158311345646,87.86279683377309,6.068601583113456,81.79419525065963
E00022444,571,56,16,40,515,23,492,9.807355516637479,2.8021015761821366,7.005253940455342,90.19264448336253,4.028021015761821,86.1646234676007
E00022445,555,46,16,30,509,22,487,8.288288288288289,2.8828828828828827,5.405405405405405,91.7117117117117,3.963963963963964,87.74774774774775
E00022446,363,52,27,25,311,19,292,14.325068870523417,7.43801652892562,6.887052341597796,85.67493112947659,5.234159779614325,80.44077134986226
E00022447,388,48,24,24,340,18,322,12.371134020618557,6.185567010309279,6.185567010309279,87.62886597938144,4.639175257731959,82.9896907216495
E00022448,244,35,5,30,209,20,189,14.344262295081966,2.0491803278688523,12.295081967213115,85.65573770491804,8.19672131147541,77.45901639344262
E00022449,385,48,23,25,337,19,318,12.467532467532468,5.974025974025974,6.493506493506493,87.53246753246754,4.935064935064935,82.5974025974026
E00022450,387,40,16,24,347,23,324,10.335917312661499,4.1343669250646,6.2015503875969,89.66408268733849,5.943152454780361,83.72093023255815
E00022451,427,69,33,36,358,27,331,16.159250585480095,7.728337236533958,8.430913348946136,83.8407494145199,6.323185011709602,77.51756440281031
E00022452,366,61,32,29,305,19,286,16.666666666666664,8.743169398907105,7.923497267759563,83.33333333333334,5.191256830601093,78.14207650273224
E00022453,387,45,23,22,342,21,321,11.627906976744185,5.943152454780361,5.684754521963824,88.37209302325581,5.426356589147287,82.94573643410853
E00022454,377,45,21,24,332,31,301,11.936339522546419,5.570291777188329,6.36604774535809,88.06366047745358,8.222811671087534,79.84084880636605
E00022455,297,27,15,12,270,21,249,9.090909090909092,5.05050505050505,4.040404040404041,90.9090909090909,7.07070707070707,83.83838383838383
E00022456,285,42,16,26,243,7,236,14.736842105263156,5.614035087719298,9.12280701754386,85.26315789473684,2.456140350877193,82.80701754385966
E00022457,208,21,13,8,187,9,178,10.096153846153847,6.25,3.8461538461538463,89.90384615384616,4.326923076923077,85.57692307692307
E00022458,316,50,17,33,266,8,258,15.822784810126583,5.379746835443038,10.443037974683545,84.17721518987342,2.5316455696202533,81.64556962025317
E00022459,410,79,38,41,331,24,307,19.26829268292683,9.268292682926829,10,80.73170731707317,5.853658536585367,74.8780487804878
E00022460,514,64,22,42,450,18,432,12.45136186770428,4.280155642023346,8.171206225680933,87.54863813229572,3.501945525291829,84.04669260700389
E00022461,306,27,14,13,279,19,260,8.823529411764707,4.57516339869281,4.248366013071895,91.17647058823529,6.209150326797386,84.9673202614379
E00022462,324,52,31,21,272,9,263,16.049382716049383,9.5679012345679,6.481481481481481,83.9506172839506,2.7777777777777777,81.17283950617285
E00022463,272,42,21,21,230,14,216,15.441176470588236,7.720588235294118,7.720588235294118,84.55882352941177,5.147058823529411,79.41176470588235
E00022464,476,60,27,33,416,19,397,12.605042016806722,5.6722689075630255,6.932773109243698,87.39495798319328,3.9915966386554618,83.40336134453781
E00022465,341,45,12,33,296,22,274,13.196480938416421,3.519061583577713,9.67741935483871,86.80351906158357,6.451612903225806,80.35190615835776
E00022466,499,33,9,24,466,24,442,6.613226452905812,1.8036072144288577,4.809619238476954,93.3867735470942,4.809619238476954,88.57715430861724
E00022467,577,82,35,47,495,23,472,14.211438474870016,6.065857885615252,8.145580589254767,85.78856152512998,3.9861351819757362,81.80242634315424
E00022468,328,40,10,30,288,15,273,12.195121951219512,3.048780487804878,9.146341463414634,87.8048780487805,4.573170731707317,83.23170731707317
E00022469,330,43,14,29,287,20,267,13.030303030303031,4.242424242424243,8.787878787878787,86.96969696969697,6.0606060606060606,80.9090909090909
E00022470,190,15,5,10,175,11,164,7.894736842105263,2.631578947368421,5.263157894736842,92.10526315789474,5.7894736842105265,86.31578947368422
E00022471,350,36,14,22,314,24,290,10.285714285714285,4,6.2857142857142865,89.71428571428571,6.857142857142858,82.85714285714286
E00022472,269,28,9,19,241,15,226,10.408921933085502,3.3457249070631967,7.063197026022305,89.59107806691449,5.5762081784386615,84.01486988847584
E00022473,141,35,18,17,106,3,103,24.822695035460992,12.76595744680851,12.056737588652481,75.177304964539,2.127659574468085,73.04964539007092
E00022474,444,48,22,26,396,19,377,10.81081081081081,4.954954954954955,5.8558558558558556,89.1891891891892,4.2792792792792795,84.90990990990991
E00022475,255,18,5,13,237,19,218,7.0588235294117645,1.9607843137254901,5.098039215686274,92.94117647058823,7.450980392156863,85.49019607843137
E00022476,401,51,14,37,350,15,335,12.718204488778055,3.4912718204488775,9.226932668329177,87.28179551122194,3.7406483790523692,83.54114713216958
E00022477,381,45,19,26,336,18,318,11.811023622047244,4.986876640419948,6.824146981627297,88.18897637795276,4.724409448818897,83.46456692913385
E00022478,464,61,25,36,403,29,374,13.14655172413793,5.387931034482758,7.758620689655173,86.85344827586206,6.25,80.60344827586206
E00022479,378,44,21,23,334,22,312,11.64021164021164,5.555555555555555,6.084656084656085,88.35978835978835,5.82010582010582,82.53968253968253
E00022480,388,64,30,34,324,19,305,16.49484536082474,7.731958762886598,8.762886597938143,83.50515463917526,4.896907216494846,78.6082474226804
E00022481,338,34,6,28,304,27,277,10.059171597633137,1.7751479289940828,8.284023668639055,89.94082840236686,7.988165680473373,81.95266272189349
E00022482,382,49,13,36,333,27,306,12.827225130890053,3.4031413612565444,9.424083769633508,87.17277486910994,7.068062827225131,80.10471204188482
E00022483,505,71,31,40,434,40,394,14.059405940594061,6.138613861386139,7.920792079207921,85.94059405940594,7.920792079207921,78.01980198019803
E00022484,392,49,27,22,343,16,327,12.5,6.887755102040815,5.612244897959184,87.5,4.081632653061225,83.41836734693877
E00022485,330,40,22,18,290,13,277,12.121212121212121,6.666666666666667,5.454545454545454,87.87878787878788,3.939393939393939,83.93939393939394
E00022486,497,80,45,35,417,23,394,16.096579476861166,9.054325955734406,7.042253521126761,83.90342052313883,4.627766599597585,79.27565392354124
E00171483,459,45,15,30,414,11,403,9.803921568627452,3.2679738562091507,6.535947712418301,90.19607843137256,2.3965141612200433,87.7995642701525
E00171484,538,48,19,29,490,10,480,8.921933085501859,3.5315985130111525,5.390334572490707,91.07806691449815,1.858736059479554,89.21933085501858
E00171486,438,48,16,32,390,12,378,10.95890410958904,3.65296803652968,7.30593607305936,89.04109589041096,2.73972602739726,86.3013698630137
E00171488,278,35,16,19,243,9,234,12.589928057553957,5.755395683453238,6.83453237410072,87.41007194244604,3.237410071942446,84.17266187050359
E00171489,255,19,7,12,236,14,222,7.450980392156863,2.7450980392156863,4.705882352941177,92.54901960784314,5.490196078431373,87.05882352941177
E00171491,182,10,2,8,172,9,163,5.4945054945054945,1.098901098901099,4.395604395604396,94.5054945054945,4.945054945054945,89.56043956043956
E00171492,359,44,19,25,315,17,298,12.256267409470752,5.2924791086350975,6.963788300835655,87.74373259052925,4.735376044568245,83.008356545961007
E00171494,483,90,53,37,393,28,365,18.633540372670808,10.973084886128365,7.6604554865424435,81.36645962732919,5.797101449275362,75.56935817805382
E00171497,465,138,85,53,327,30,297,29.677419354838708,18.27956989247312,11.397849462365592,70.3225806451613,6.451612903225806,63.87096774193548
E00171498,215,22,8,14,193,19,174,10.232558139534884,3.7209302325581395,6.511627906976744,89.76744186046511,8.837209302325581,80.93023255813954
E00171500,528,77,31,46,451,28,423,14.583333333333334,5.871212121212121,8.712121212121213,85.41666666666666,5.303030303030303,80.11363636363636
E00171503,131,4,0,4,127,8,119,3.0534351145038165,0,3.0534351145038165,96.94656488549617,6.106870229007633,90.83969465648855
E00171505,514,54,29,25,460,21,439,10.505836575875486,5.642023346303502,4.863813229571985,89.49416342412452,4.085603112840467,85.40856031128405
E00171506,224,24,11,13,200,12,188,10.714285714285714,4.910714285714286,5.803571428571429,89.28571428571429,5.357142857142857,83.92857142857143
E00171508,345,35,13,22,310,15,295,10.144927536231885,3.768115942028986,6.3768115942028984,89.85507246376811,4.3478260869565215,85.5072463768116
E00171509,277,36,14,22,241,15,226,12.996389891696749,5.054151624548736,7.9422382671480145,87.00361010830325,5.415162454873646,81.58844765342961
E00171511,309,24,11,13,285,19,266,7.766990291262135,3.559870550161812,4.207119741100324,92.23300970873787,6.148867313915858,86.08414239482201
E00171512,319,39,13,26,280,17,263,12.225705329153605,4.075235109717868,8.150470219435736,87.7742946708464,5.329153605015674,82.44514106583071
E00171514,247,14,5,9,233,9,224,5.668016194331984,2.0242914979757085,3.643724696356275,94.33198380566802,3.643724696356275,90.68825910931174
E00171719,396,64,23,41,332,14,318,16.161616161616163,5.808080808080808,10.353535353535353,83.83838383838383,3.535353535353535,80.3030303030303
E00171721,349,23,13,10,326,15,311,6.59025787965616,3.7249283667621778,2.865329512893983,93.40974212034384,4.297994269340974,89.11174785100286
E00171722,236,27,14,13,209,6,203,11.440677966101696,5.932203389830509,5.508474576271186,88.5593220338983,2.5423728813559325,86.01694915254238
E00171724,313,31,19,12,282,12,270,9.904153354632587,6.070287539936102,3.8338658146964857,90.09584664536742,3.8338658146964857,86.26198083067092
E00171725,290,27,13,14,263,11,252,9.310344827586208,4.482758620689655,4.827586206896552,90.6896551724138,3.793103448275862,86.89655172413792
E00171727,99,19,9,10,80,3,77,19.19191919191919,9.090909090909092,10.1010101010101,80.8080808080808,3.0303030303030303,77.77777777777779
E00171730,290,26,10,16,264,10,254,8.96551724137931,3.4482758620689653,5.517241379310345,91.0344827586207,3.4482758620689653,87.58620689655172
E00171732,121,20,8,12,101,3,98,16.528925619834713,6.6115702479338845,9.917355371900827,83.47107438016529,2.479338842975207,80.99173553719008
E00185670,420,61,31,30,359,31,328,14.523809523809526,7.380952380952381,7.142857142857142,85.47619047619047,7.380952380952381,78.0952380952381
E00185672,463,63,30,33,400,8,392,13.606911447084233,6.479481641468683,7.127429805615551,86.39308855291577,1.7278617710583155,84.66522678185746
E00185674,125,13,6,7,112,4,108,10.4,4.8,5.6000000000000005,89.60000000000001,3.2,86.4
E00185675,506,54,21,33,452,17,435,10.67193675889328,4.150197628458498,6.521739130434782,89.32806324110672,3.3596837944664033,85.96837944664031
E00185678,372,10,4,6,362,13,349,2.6881720430107525,1.0752688172043012,1.6129032258064515,97.31182795698925,3.494623655913978,93.81720430107528
E00185679,513,67,20,47,446,24,422,13.060428849902534,3.898635477582846,9.161793372319687,86.93957115009746,4.678362573099415,82.26120857699804
E00185680,140,16,3,13,124,9,115,11.428571428571429,2.142857142857143,9.285714285714286,88.57142857142857,6.428571428571428,82.14285714285714
E00185684,220,32,14,18,188,11,177,14.545454545454545,6.363636363636363,8.181818181818182,85.45454545454545,5,80.45454545454545
E00185689,466,43,18,25,423,22,401,9.2274678111588,3.862660944206009,5.36480686695279,90.77253218884121,4.721030042918455,86.05150214592274
E00185691,277,44,23,21,233,14,219,15.884476534296029,8.303249097472925,7.581227436823104,84.11552346570397,5.054151624548736,79.06137184115524
E00185695,282,22,10,12,260,10,250,7.801418439716312,3.546099290780142,4.25531914893617,92.19858156028369,3.546099290780142,88.65248226950354
E00185696,311,33,12,21,278,13,265,10.610932475884244,3.858520900321544,6.752411575562702,89.38906752411575,4.180064308681672,85.20900321543408
E00185699,364,30,6,24,334,31,303,8.241758241758241,1.6483516483516485,6.593406593406594,91.75824175824175,8.516483516483516,83.24175824175825
E00185701,234,12,3,9,222,14,208,5.128205128205128,1.282051282051282,3.8461538461538463,94.87179487179486,5.982905982905983,88.88888888888889
E00185705,339,31,7,24,308,21,287,9.144542772861357,2.0648967551622417,7.079646017699115,90.85545722713864,6.1946902654867255,84.66076696165192
E00185707,455,63,30,33,392,20,372,13.846153846153847,6.593406593406594,7.252747252747254,86.15384615384616,4.395604395604396,81.75824175824175
E00185709,314,41,22,19,273,19,254,13.05732484076433,7.006369426751593,6.050955414012739,86.94267515923568,6.050955414012739,80.89171974522293
E00185710,377,45,18,27,332,22,310,11.936339522546419,4.774535809018567,7.161803713527852,88.06366047745358,5.835543766578249,82.22811671087533
E00185711,237,11,1,10,226,13,213,4.641350210970464,0.42194092827004215,4.219409282700422,95.35864978902954,5.485232067510549,89.87341772151899
E00185712,280,48,21,27,232,20,212,17.142857142857142,7.5,9.642857142857144,82.85714285714286,7.142857142857142,75.71428571428571
E00185713,445,33,10,23,412,4,408,7.415730337078652,2.247191011235955,5.168539325842696,92.58426966292134,0.8988764044943821,91.68539325842696
E00185714,387,72,19,53,315,19,296,18.6046511627907,4.909560723514212,13.695090439276486,81.3953488372093,4.909560723514212,76.48578811369508
E00185717,267,32,14,18,235,8,227,11.985018726591761,5.2434456928838955,6.741573033707865,88.01498127340824,2.9962546816479403,85.0187265917603
E00185720,256,22,10,12,234,12,222,8.59375,3.90625,4.6875,91.40625,4.6875,86.71875
E00185724,312,34,17,17,278,14,264,10.897435897435898,5.448717948717949,5.448717948717949,89.1025641025641,4.487179487179487,84.61538461538461
E00185725,218,28,15,13,190,5,185,12.844036697247708,6.8807339449541285,5.963302752293578,87.1559633027523,2.293577981651376,84.86238532110092
E00185727,368,44,24,20,324,24,300,11.956521739130435,6.521739130434782,5.434782608695652,88.04347826086956,6.521739130434782,81.52173913043478
E00185728,479,70,23,47,409,6,403,14.613778705636744,4.801670146137787,9.812108559498958,85.38622129436325,1.2526096033402923,84.13361169102296
E00185730,375,36,9,27,339,18,321,9.6,2.4,7.199999999999999,90.4,4.8,85.6
E00185735,412,36,17,19,376,17,359,8.737864077669903,4.12621359223301,4.611650485436893,91.2621359223301,4.12621359223301,87.13592233009709
E00185741,264,26,15,11,238,9,229,9.848484848484848,5.681818181818182,4.166666666666666,90.15151515151516,3.4090909090909087,86.74242424242425
E00185742,151,8,7,1,143,4,139,5.298013245033113,4.635761589403973,0.6622516556291391,94.70198675496688,2.6490066225165565,92.05298013245033
E00185743,335,22,8,14,313,16,297,6.567164179104477,2.3880597014925375,4.179104477611941,93.43283582089552,4.776119402985075,88.65671641791046
E00185747,151,10,0,10,141,8,133,6.622516556291391,0,6.622516556291391,93.37748344370861,5.298013245033113,88.0794701986755
E00185751,438,50,23,27,388,17,371,11.415525114155251,5.251141552511415,6.164383561643835,88.58447488584474,3.881278538812785,84.70319634703196
E00185759,515,63,25,38,452,31,421,12.233009708737864,4.854368932038835,7.3786407766990285,87.76699029126213,6.019417475728155,81.74757281553397
E00185760,239,38,25,13,201,15,186,15.899581589958158,10.460251046025103,5.439330543933055,84.10041841004184,6.2761506276150625,77.82426778242679
E00185766,165,25,10,15,140,13,127,15.151515151515152,6.0606060606060606,9.090909090909092,84.84848484848484,7.878787878787878,76.96969696969697
E00185767,264,33,10,23,231,18,213,12.5,3.787878787878788,8.712121212121213,87.5,6.8181818181818175,80.68181818181817
E00185772,794,97,15,82,697,71,626,12.21662468513854,1.8891687657430731,10.327455919395465,87.78337531486146,8.942065491183879,78.84130982367759
E00185774,243,19,6,13,224,10,214,7.818930041152264,2.4691358024691357,5.349794238683128,92.18106995884774,4.11522633744856,88.06584362139918
E00185782,486,51,14,37,435,18,417,10.493827160493826,2.880658436213992,7.613168724279835,89.50617283950618,3.7037037037037033,85.80246913580247
E00185783,425,38,19,19,387,18,369,8.941176470588236,4.470588235294118,4.470588235294118,91.05882352941177,4.235294117647059,86.82352941176471
E00185784,425,41,17,24,384,16,368,9.647058823529411,4,5.647058823529412,90.3529411764706,3.7647058823529407,86.58823529411764
E00185788,404,45,24,21,359,19,340,11.138613861386139,5.9405940594059405,5.198019801980198,88.86138613861387,4.702970297029703,84.15841584158416
E00185794,296,18,10,8,278,8,270,6.081081081081082,3.3783783783783785,2.7027027027027026,93.91891891891892,2.7027027027027026,91.21621621621621
E00185795,242,22,7,15,220,5,215,9.090909090909092,2.8925619834710745,6.198347107438017,90.9090909090909,2.066115702479339,88.84297520661157
E00185798,424,43,15,28,381,15,366,10.141509433962264,3.5377358490566038,6.60377358490566,89.85849056603774,3.5377358490566038,86.32075471698113
E00185800,247,34,14,20,213,16,197,13.765182186234817,5.668016194331984,8.097165991902834,86.23481781376519,6.477732793522267,79.75708502024291
E00185801,278,14,2,12,264,18,246,5.0359712230215825,0.7194244604316548,4.316546762589928,94.96402877697841,6.474820143884892,88.48920863309353
E00185802,114,4,1,3,110,3,107,3.508771929824561,0.8771929824561403,2.631578947368421,96.49122807017544,2.631578947368421,93.85964912280701
E00185803,305,48,30,18,257,8,249,15.737704918032788,9.836065573770492,5.901639344262295,84.26229508196721,2.622950819672131,81.63934426229508
E00185807,358,14,1,13,344,39,305,3.910614525139665,0.27932960893854747,3.6312849162011176,96.08938547486034,10.893854748603351,85.19553072625699
E00185809,224,30,13,17,194,15,179,13.392857142857142,5.803571428571429,7.5892857142857135,86.60714285714286,6.696428571428571,79.91071428571429
E00185815,241,38,18,20,203,15,188,15.767634854771783,7.468879668049793,8.29875518672199,84.23236514522821,6.224066390041494,78.00829875518673
E00185818,416,32,9,23,384,21,363,7.6923076923076925,2.1634615384615383,5.528846153846153,92.3076923076923,5.048076923076923,87.25961538461539
E00185819,231,20,1,19,211,24,187,8.658008658008658,0.4329004329004329,8.225108225108226,91.34199134199135,10.38961038961039,80.95238095238095
E00185820,96,13,1,12,83,6,77,13.541666666666666,1.0416666666666665,12.5,86.45833333333334,6.25,80.20833333333334
E00185826,613,82,46,36,531,24,507,13.376835236541599,7.504078303425775,5.872756933115824,86.6231647634584,3.915171288743882,82.70799347471451
E00185827,407,39,19,20,368,6,362,9.582309582309582,4.668304668304668,4.914004914004914,90.41769041769042,1.4742014742014742,88.94348894348894
E00185828,145,12,4,8,133,9,124,8.275862068965518,2.7586206896551726,5.517241379310345,91.72413793103448,6.206896551724138,85.51724137931035
E00185829,147,16,4,12,131,5,126,10.884353741496598,2.7210884353741496,8.16326530612245,89.1156462585034,3.4013605442176873,85.71428571428571
E00185833,224,25,17,8,199,13,186,11.160714285714286,7.5892857142857135,3.571428571428571,88.83928571428571,5.803571428571429,83.03571428571429
E00185843,458,44,15,29,414,17,397,9.606986899563319,3.2751091703056767,6.331877729257641,90.39301310043668,3.711790393013101,86.68122270742357
