OA,ts0590001,ts0590002,ts0590003,ts0590004,ts0590005,ts0590006,ts0590007,ts0590002_PCT,ts0590003_PCT,ts0590004_PCT,ts0590005_PCT,ts0590006_PCT,ts0590007_PCT
E00021768,246,62,24,38,184,159,25,25.203252032520325,9.75609756097561,15.447154471544716,74.79674796747967,64.63414634146342,10.16260162601626
E00021769,232,74,25,49,158,141,17,31.896551724137932,10.775862068965516,21.120689655172413,68.10344827586206,60.775862068965516,7.327586206896551
E00021770,176,44,11,33,132,114,18,25,6.25,18.75,75,64.77272727272727,10.227272727272728
E00021772,118,38,9,29,80,67,13,32.20338983050847,7.627118644067797,24.576271186440678,67.79661016949152,56.779661016949156,11.016949152542372
E00021773,179,61,26,35,118,103,15,34.07821229050279,14.52513966480447,19.553072625698324,65.92178770949721,57.54189944134078,8.379888268156424
E00021774,197,59,21,38,138,111,27,29.949238578680205,10.65989847715736,19.289340101522843,70.05076142131979,56.34517766497462,13.705583756345177
E00021775,222,55,21,34,167,139,28,24.774774774774773,9.45945945945946,15.315315315315313,75.22522522522522,62.612612612612615,12.612612612612612
E00021776,204,76,28,48,128,114,14,37.254901960784316,13.725490196078432,23.52941176470588,62.745098039215684,55.88235294117647,6.862745098039216
E00021777,159,51,20,31,108,90,18,32.075471698113205,12.578616352201259,19.49685534591195,67.9245283018868,56.60377358490566,11.320754716981133
E00021778,205,61,22,39,144,122,22,29.756097560975608,10.731707317073171,19.024390243902438,70.24390243902438,59.512195121951216,10.731707317073171
E00021779,231,71,30,41,160,133,27,30.735930735930733,12.987012987012985,17.74891774891775,69.26406926406926,57.57575757575758,11.688311688311687
E00021780,108,33,11,22,75,63,12,30.555555555555557,10.185185185185185,20.37037037037037,69.44444444444444,58.333333333333336,11.11111111111111
E00021781,121,44,11,33,77,68,9,36.36363636363637,9.090909090909092,27.27272727272727,63.63636363636363,56.19834710743802,7.43801652892562
E00021782,254,69,32,37,185,165,20,27.165354330708663,12.598425196850393,14.566929133858267,72.83464566929135,64.96062992125984,7.874015748031496
E00021783,213,59,19,40,154,131,23,27.699530516431924,8.92018779342723,18.779342723004692,72.30046948356808,61.502347417840376,10.7981220657277
E00021784,161,49,14,35,112,97,15,30.434782608695656,8.695652173913043,21.73913043478261,69.56521739130434,60.24844720496895,9.316770186335404
E00021785,127,40,17,23,87,77,10,31.496062992125985,13.385826771653544,18.11023622047244,68.50393700787401,60.629921259842526,7.874015748031496
E00021786,199,48,22,26,151,129,22,24.120603015075375,11.055276381909549,13.06532663316583,75.87939698492463,64.82412060301507,11.055276381909549
E00021787,245,69,19,50,176,157,19,28.163265306122447,7.755102040816326,20.408163265306122,71.83673469387755,64.08163265306122,7.755102040816326
E00021788,175,63,40,23,112,101,11,36,22.857142857142858,13.142857142857142,64,57.714285714285715,6.2857142857142865
E00021789,243,87,37,50,156,135,21,35.80246913580247,15.22633744855967,20.5761316872428,64.19753086419753,55.55555555555556,8.641975308641975
E00021790,232,61,19,42,171,134,37,26.29310344827586,8.189655172413794,18.103448275862068,73.70689655172413,57.758620689655174,15.948275862068966
E00021791,100,52,15,37,48,46,2,52,15,37,48,46,2
E00021792,222,73,35,38,149,135,14,32.88288288288289,15.765765765765765,17.117117117117118,67.11711711711712,60.810810810810814,6.306306306306306
E00021793,115,53,15,38,62,55,7,46.08695652173913,13.043478260869565,33.04347826086956,53.91304347826087,47.82608695652174,6.086956521739131
E00021794,80,27,8,19,53,49,4,33.75,10,23.75,66.25,61.25000000000001,5
E00021795,95,51,18,33,44,41,3,53.68421052631579,18.947368421052634,34.73684210526316,46.31578947368421,43.15789473684211,3.1578947368421053
E00021796,155,49,18,31,106,87,19,31.61290322580645,11.612903225806452,20,68.38709677419355,56.12903225806451,12.258064516129032
E00021797,139,43,16,27,96,84,12,30.935251798561154,11.510791366906476,19.424460431654676,69.06474820143885,60.431654676258994,8.633093525179856
E00021800,143,48,23,25,95,77,18,33.56643356643357,16.083916083916083,17.482517482517483,66.43356643356644,53.84615384615385,12.587412587412588
E00021801,150,38,18,20,112,96,16,25.333333333333336,12,13.333333333333334,74.66666666666667,64,10.666666666666668
E00021802,93,26,7,19,67,57,10,27.956989247311824,7.526881720430108,20.43010752688172,72.04301075268818,61.29032258064516,10.75268817204301
E00021803,141,31,12,19,110,91,19,21.98581560283688,8.51063829787234,13.47517730496454,78.01418439716312,64.53900709219859,13.47517730496454
E00021804,139,31,11,20,108,90,18,22.302158273381295,7.913669064748201,14.388489208633093,77.6978417266187,64.74820143884892,12.949640287769784
E00021805,143,41,18,23,102,88,14,28.671328671328673,12.587412587412588,16.083916083916083,71.32867132867133,61.53846153846154,9.79020979020979
E00021807,204,56,24,32,148,124,24,27.450980392156865,11.76470588235294,15.686274509803921,72.54901960784314,60.78431372549019,11.76470588235294
E00021808,195,69,17,52,126,111,15,35.38461538461539,8.717948717948717,26.666666666666668,64.61538461538461,56.92307692307692,7.6923076923076925
E00021809,168,46,17,29,122,111,11,27.380952380952383,10.119047619047619,17.261904761904763,72.61904761904762,66.07142857142857,6.547619047619048
E00021811,244,81,30,51,163,139,24,33.19672131147541,12.295081967213115,20.901639344262296,66.80327868852459,56.9672131147541,9.836065573770492
E00021812,240,71,19,52,169,152,17,29.583333333333332,7.916666666666666,21.666666666666668,70.41666666666667,63.33333333333333,7.083333333333333
E00021813,218,59,24,35,159,129,30,27.06422018348624,11.009174311926607,16.055045871559635,72.93577981651376,59.174311926605505,13.761467889908257
E00021814,195,53,9,44,142,135,7,27.17948717948718,4.615384615384616,22.564102564102566,72.82051282051282,69.23076923076923,3.5897435897435894
E00021815,103,44,15,29,59,52,7,42.71844660194174,14.563106796116504,28.155339805825243,57.28155339805825,50.48543689320388,6.796116504854369
E00021816,41,26,12,14,15,15,0,63.41463414634146,29.268292682926827,34.146341463414636,36.58536585365854,36.58536585365854,0
E00021817,252,77,30,47,175,163,12,30.555555555555557,11.904761904761903,18.650793650793652,69.44444444444444,64.68253968253968,4.761904761904762
E00021818,207,78,31,47,129,109,20,37.68115942028986,14.975845410628018,22.705314009661837,62.31884057971014,52.65700483091788,9.66183574879227
E00021819,212,79,27,52,133,117,16,37.264150943396224,12.735849056603774,24.528301886792452,62.735849056603776,55.188679245283026,7.547169811320755
E00021820,154,56,18,38,98,85,13,36.36363636363637,11.688311688311687,24.675324675324674,63.63636363636363,55.1948051948052,8.441558441558442
E00021821,177,55,20,35,122,101,21,31.07344632768362,11.299435028248588,19.774011299435028,68.92655367231639,57.06214689265536,11.864406779661017
E00021822,132,45,13,32,87,77,10,34.090909090909086,9.848484848484848,24.242424242424242,65.9090909090909,58.333333333333336,7.575757575757576
E00021823,134,41,21,20,93,84,9,30.597014925373134,15.671641791044777,14.925373134328357,69.40298507462687,62.68656716417911,6.7164179104477615
E00021824,286,100,29,71,186,155,31,34.96503496503497,10.13986013986014,24.825174825174827,65.03496503496503,54.1958041958042,10.839160839160838
E00021825,170,50,19,31,120,109,11,29.411764705882355,11.176470588235295,18.235294117647058,70.58823529411765,64.11764705882354,6.470588235294119
E00021826,83,18,7,11,65,52,13,21.686746987951807,8.433734939759036,13.253012048192772,78.3132530120482,62.65060240963856,15.66265060240964
E00021827,191,72,23,49,119,106,13,37.696335078534034,12.041884816753926,25.654450261780106,62.30366492146597,55.497382198952884,6.806282722513089
E00021828,161,60,27,33,101,96,5,37.267080745341616,16.77018633540373,20.496894409937887,62.732919254658384,59.62732919254658,3.1055900621118013
E00021829,175,42,12,30,133,117,16,24,6.857142857142858,17.142857142857142,76,66.85714285714286,9.142857142857142
E00021830,126,56,19,37,70,61,9,44.44444444444444,15.079365079365079,29.365079365079367,55.55555555555556,48.41269841269841,7.142857142857142
E00021831,125,44,10,34,81,72,9,35.199999999999996,8,27.200000000000003,64.8,57.599999999999994,7.199999999999999
E00021832,150,48,21,27,102,83,19,32,14.000000000000002,18,68,55.333333333333336,12.666666666666668
E00021833,142,76,38,38,66,59,7,53.52112676056338,26.76056338028169,26.76056338028169,46.478873239436616,41.54929577464789,4.929577464788732
E00021834,138,49,12,37,89,74,15,35.507246376811594,8.695652173913043,26.811594202898554,64.4927536231884,53.62318840579711,10.869565217391305
E00021835,125,34,10,24,91,78,13,27.200000000000003,8,19.2,72.8,62.4,10.4
E00021836,229,82,28,54,147,123,24,35.80786026200873,12.22707423580786,23.580786026200872,64.19213973799127,53.711790393013104,10.480349344978166
E00021837,144,41,14,27,103,94,9,28.47222222222222,9.722222222222223,18.75,71.52777777777779,65.27777777777779,6.25
E00021838,202,48,17,31,154,133,21,23.762376237623762,8.415841584158416,15.346534653465346,76.23762376237624,65.84158415841584,10.396039603960396
E00021839,226,65,11,54,161,138,23,28.761061946902654,4.867256637168142,23.893805309734514,71.23893805309734,61.06194690265486,10.176991150442479
E00021840,188,49,13,36,139,121,18,26.063829787234045,6.914893617021277,19.148936170212767,73.93617021276596,64.36170212765957,9.574468085106384
E00021841,197,57,20,37,140,109,31,28.934010152284262,10.152284263959391,18.781725888324875,71.06598984771574,55.32994923857868,15.736040609137056
E00021842,224,62,28,34,162,141,21,27.67857142857143,12.5,15.178571428571427,72.32142857142857,62.94642857142857,9.375
E00021843,187,60,27,33,127,104,23,32.085561497326204,14.43850267379679,17.647058823529413,67.9144385026738,55.61497326203209,12.299465240641712
E00021844,257,92,35,57,165,142,23,35.797665369649806,13.618677042801556,22.17898832684825,64.2023346303502,55.252918287937746,8.949416342412452
E00021845,227,59,32,27,168,126,42,25.991189427312776,14.096916299559473,11.894273127753303,74.00881057268722,55.50660792951542,18.502202643171806
E00021846,159,47,18,29,112,90,22,29.559748427672954,11.320754716981133,18.238993710691823,70.44025157232704,56.60377358490566,13.836477987421384
E00021847,192,45,23,22,147,128,19,23.4375,11.979166666666668,11.458333333333332,76.5625,66.66666666666666,9.895833333333332
E00021848,184,56,24,32,128,106,22,30.434782608695656,13.043478260869565,17.391304347826086,69.56521739130434,57.608695652173914,11.956521739130435
E00021849,212,52,14,38,160,146,14,24.528301886792452,6.60377358490566,17.92452830188679,75.47169811320755,68.86792452830188,6.60377358490566
E00021850,232,64,23,41,168,132,36,27.586206896551722,9.913793103448276,17.67241379310345,72.41379310344827,56.896551724137936,15.517241379310345
E00021851,165,41,11,30,124,113,11,24.848484848484848,6.666666666666667,18.181818181818183,75.15151515151514,68.48484848484848,6.666666666666667
E00021852,209,69,35,34,140,118,22,33.014354066985646,16.74641148325359,16.267942583732058,66.98564593301435,56.45933014354066,10.526315789473683
E00021853,170,62,17,45,108,102,6,36.470588235294116,10,26.47058823529412,63.52941176470588,60,3.5294117647058822
E00021854,196,55,14,41,141,115,26,28.061224489795915,7.142857142857142,20.918367346938776,71.93877551020408,58.673469387755105,13.26530612244898
E00021855,192,50,20,30,142,124,18,26.041666666666668,10.416666666666668,15.625,73.95833333333334,64.58333333333334,9.375
E00021856,226,62,20,42,164,134,30,27.43362831858407,8.849557522123893,18.58407079646018,72.56637168141593,59.29203539823009,13.274336283185843
E00021857,108,45,12,33,63,57,6,41.66666666666667,11.11111111111111,30.555555555555557,58.333333333333336,52.77777777777778,5.555555555555555
E00021858,214,65,17,48,149,128,21,30.373831775700932,7.943925233644859,22.429906542056074,69.62616822429906,59.813084112149525,9.813084112149532
E00021859,193,72,21,51,121,110,11,37.30569948186528,10.880829015544041,26.42487046632124,62.69430051813472,56.994818652849744,5.699481865284974
E00021860,221,71,20,51,150,133,17,32.126696832579185,9.049773755656108,23.076923076923077,67.87330316742081,60.18099547511312,7.6923076923076925
E00021861,253,65,19,46,188,165,23,25.691699604743086,7.5098814229249005,18.181818181818183,74.30830039525692,65.21739130434783,9.090909090909092
E00021862,220,70,17,53,150,128,22,31.818181818181817,7.727272727272727,24.09090909090909,68.18181818181817,58.18181818181818,10
E00021863,206,74,35,39,132,112,20,35.92233009708738,16.990291262135923,18.932038834951456,64.07766990291263,54.36893203883495,9.70873786407767
E00021864,164,51,21,30,113,94,19,31.097560975609756,12.804878048780488,18.29268292682927,68.90243902439023,57.3170731707317,11.585365853658537
E00021865,206,53,18,35,153,125,28,25.728155339805824,8.737864077669903,16.990291262135923,74.27184466019418,60.679611650485434,13.592233009708737
E00021866,166,39,18,21,127,111,16,23.49397590361446,10.843373493975903,12.650602409638553,76.50602409638554,66.86746987951807,9.63855421686747
E00021867,172,47,20,27,125,113,12,27.325581395348834,11.627906976744185,15.69767441860465,72.67441860465115,65.69767441860465,6.976744186046512
E00021868,177,47,13,34,130,117,13,26.55367231638418,7.344632768361582,19.2090395480226,73.44632768361582,66.10169491525424,7.344632768361582
E00021869,209,56,21,35,153,141,12,26.794258373205743,10.047846889952153,16.74641148325359,73.20574162679426,67.46411483253588,5.741626794258373
E00021870,210,50,18,32,160,134,26,23.809523809523807,8.571428571428571,15.238095238095239,76.19047619047619,63.8095238095238,12.380952380952381
E00021871,159,40,15,25,119,99,20,25.157232704402517,9.433962264150944,15.723270440251572,74.84276729559748,62.264150943396224,12.578616352201259
E00021873,196,60,16,44,136,118,18,30.612244897959183,8.16326530612245,22.448979591836736,69.38775510204081,60.204081632653065,9.183673469387756
E00021874,231,60,18,42,171,141,30,25.97402597402597,7.792207792207792,18.181818181818183,74.02597402597402,61.038961038961034,12.987012987012985
E00021875,149,47,16,31,102,93,9,31.543624161073826,10.738255033557047,20.80536912751678,68.45637583892618,62.41610738255034,6.0402684563758395
E00021876,133,51,21,30,82,71,11,38.34586466165413,15.789473684210526,22.55639097744361,61.65413533834586,53.383458646616546,8.270676691729323
E00021878,214,63,14,49,151,136,15,29.439252336448597,6.5420560747663545,22.897196261682243,70.56074766355141,63.55140186915887,7.009345794392523
E00021879,127,26,13,13,101,82,19,20.47244094488189,10.236220472440944,10.236220472440944,79.52755905511812,64.56692913385827,14.960629921259844
E00021880,226,68,21,47,158,141,17,30.08849557522124,9.29203539823009,20.79646017699115,69.91150442477876,62.38938053097345,7.52212389380531
E00021881,156,61,23,38,95,78,17,39.1025641025641,14.743589743589745,24.358974358974358,60.89743589743589,50,10.897435897435898
E00021882,175,45,21,24,130,107,23,25.71428571428571,12,13.714285714285715,74.28571428571429,61.142857142857146,13.142857142857142
E00021883,159,57,25,32,102,86,16,35.84905660377358,15.723270440251572,20.125786163522015,64.15094339622641,54.088050314465406,10.062893081761008
E00021884,145,45,23,22,100,73,27,31.03448275862069,15.862068965517242,15.172413793103448,68.96551724137932,50.3448275862069,18.620689655172416
E00021885,125,44,17,27,81,74,7,35.199999999999996,13.600000000000001,21.6,64.8,59.199999999999996,5.6000000000000005
E00021886,201,54,22,32,147,118,29,26.865671641791046,10.945273631840797,15.92039800995025,73.13432835820896,58.70646766169154,14.427860696517413
E00021887,7,2,0,2,5,4,1,28.57142857142857,0,28.57142857142857,71.42857142857143,57.14285714285714,14.285714285714285
E00021888,126,33,18,15,93,75,18,26.190476190476193,14.285714285714285,11.904761904761903,73.80952380952381,59.523809523809526,14.285714285714285
E00021889,206,66,28,38,140,111,29,32.038834951456316,13.592233009708737,18.446601941747574,67.96116504854369,53.883495145631066,14.077669902912621
E00021890,176,49,23,26,127,104,23,27.84090909090909,13.068181818181818,14.772727272727273,72.1590909090909,59.09090909090909,13.068181818181818
E00021891,235,68,30,38,167,133,34,28.936170212765955,12.76595744680851,16.170212765957448,71.06382978723404,56.59574468085107,14.468085106382977
E00021892,113,35,19,16,78,68,10,30.973451327433626,16.8141592920354,14.15929203539823,69.02654867256636,60.17699115044248,8.849557522123893
E00021893,218,70,26,44,148,130,18,32.11009174311927,11.926605504587156,20.18348623853211,67.88990825688074,59.63302752293578,8.256880733944955
E00021894,118,33,15,18,85,66,19,27.966101694915253,12.711864406779661,15.254237288135593,72.03389830508475,55.932203389830505,16.101694915254235
E00021895,137,46,19,27,91,79,12,33.57664233576642,13.86861313868613,19.708029197080293,66.42335766423358,57.66423357664233,8.75912408759124
E00021896,116,31,12,19,85,62,23,26.72413793103448,10.344827586206897,16.379310344827587,73.27586206896551,53.44827586206896,19.82758620689655
E00021897,117,33,9,24,84,70,14,28.205128205128204,7.6923076923076925,20.51282051282051,71.7948717948718,59.82905982905983,11.965811965811966
E00021898,170,66,31,35,104,95,9,38.82352941176471,18.235294117647058,20.588235294117645,61.1764705882353,55.88235294117647,5.294117647058823
E00021899,83,26,14,12,57,48,9,31.32530120481928,16.867469879518072,14.457831325301203,68.67469879518072,57.831325301204814,10.843373493975903
E00021900,153,47,14,33,106,86,20,30.718954248366014,9.15032679738562,21.568627450980394,69.28104575163398,56.209150326797385,13.071895424836603
E00021901,170,55,21,34,115,99,16,32.35294117647059,12.352941176470589,20,67.64705882352942,58.235294117647065,9.411764705882353
E00021902,225,73,23,50,152,132,20,32.44444444444444,10.222222222222223,22.22222222222222,67.55555555555556,58.666666666666664,8.88888888888889
E00021903,165,50,17,33,115,104,11,30.303030303030305,10.303030303030303,20,69.6969696969697,63.030303030303024,6.666666666666667
E00021904,59,17,6,11,42,36,6,28.8135593220339,10.16949152542373,18.64406779661017,71.1864406779661,61.016949152542374,10.16949152542373
E00021905,183,48,19,29,135,111,24,26.229508196721312,10.382513661202186,15.846994535519126,73.77049180327869,60.65573770491803,13.114754098360656
E00021906,88,29,13,16,59,49,10,32.95454545454545,14.772727272727273,18.181818181818183,67.04545454545455,55.68181818181818,11.363636363636363
E00021907,45,14,6,8,31,31,0,31.11111111111111,13.333333333333334,17.77777777777778,68.88888888888889,68.88888888888889,0
E00021908,340,85,35,50,255,216,39,25,10.294117647058822,14.705882352941178,75,63.52941176470588,11.470588235294118
E00021909,161,51,22,29,110,86,24,31.67701863354037,13.664596273291925,18.012422360248447,68.32298136645963,53.41614906832298,14.906832298136646
E00021910,154,47,20,27,107,97,10,30.519480519480517,12.987012987012985,17.532467532467532,69.48051948051948,62.98701298701299,6.493506493506493
E00021911,266,85,45,40,181,154,27,31.954887218045116,16.917293233082706,15.037593984962406,68.04511278195488,57.89473684210527,10.150375939849624
E00021912,72,21,8,13,51,42,9,29.166666666666668,11.11111111111111,18.055555555555554,70.83333333333334,58.333333333333336,12.5
E00021913,165,44,15,29,121,102,19,26.666666666666668,9.090909090909092,17.575757575757574,73.33333333333333,61.81818181818181,11.515151515151516
E00021914,163,41,12,29,122,97,25,25.153374233128833,7.361963190184049,17.791411042944784,74.84662576687117,59.50920245398773,15.337423312883436
E00021915,169,39,22,17,130,108,22,23.076923076923077,13.017751479289942,10.059171597633137,76.92307692307693,63.905325443786985,13.017751479289942
E00021916,168,44,16,28,124,111,13,26.190476190476193,9.523809523809524,16.666666666666664,73.80952380952381,66.07142857142857,7.738095238095238
E00021917,151,52,17,35,99,92,7,34.437086092715234,11.258278145695364,23.178807947019866,65.56291390728477,60.9271523178808,4.635761589403973
E00021918,106,31,9,22,75,66,9,29.245283018867923,8.49056603773585,20.754716981132077,70.75471698113208,62.264150943396224,8.49056603773585
E00021919,160,52,26,26,108,93,15,32.5,16.25,16.25,67.5,58.12500000000001,9.375
E00021920,181,54,24,30,127,103,24,29.83425414364641,13.259668508287293,16.574585635359114,70.1657458563536,56.9060773480663,13.259668508287293
E00021921,163,50,26,24,113,93,20,30.67484662576687,15.950920245398773,14.723926380368098,69.32515337423312,57.05521472392638,12.269938650306749
E00021922,175,54,16,38,121,99,22,30.857142857142854,9.142857142857142,21.714285714285715,69.14285714285714,56.57142857142857,12.571428571428573
E00021923,127,35,7,28,92,77,15,27.559055118110237,5.511811023622047,22.04724409448819,72.44094488188976,60.629921259842526,11.811023622047244
E00021924,182,56,34,22,126,101,25,30.76923076923077,18.681318681318682,12.087912087912088,69.23076923076923,55.494505494505496,13.736263736263737
E00021925,133,40,14,26,93,82,11,30.075187969924812,10.526315789473683,19.548872180451127,69.92481203007519,61.65413533834586,8.270676691729323
E00021926,124,47,14,33,77,64,13,37.903225806451616,11.29032258064516,26.61290322580645,62.096774193548384,51.61290322580645,10.483870967741936
E00021927,177,45,14,31,132,118,14,25.423728813559322,7.909604519774012,17.51412429378531,74.57627118644068,66.66666666666666,7.909604519774012
E00021928,151,41,9,32,110,94,16,27.1523178807947,5.960264900662252,21.192052980132452,72.84768211920529,62.251655629139066,10.596026490066226
E00021929,178,61,19,42,117,96,21,34.26966292134831,10.674157303370785,23.595505617977526,65.73033707865169,53.93258426966292,11.797752808988763
E00021930,178,63,22,41,115,106,9,35.39325842696629,12.359550561797752,23.03370786516854,64.60674157303372,59.55056179775281,5.056179775280898
E00021931,196,57,24,33,139,110,29,29.081632653061224,12.244897959183673,16.83673469387755,70.91836734693877,56.12244897959183,14.795918367346939
E00021932,128,49,17,32,79,70,9,38.28125,13.28125,25,61.71875,54.6875,7.03125
E00021933,149,53,27,26,96,76,20,35.57046979865772,18.120805369127517,17.449664429530202,64.42953020134227,51.006711409395976,13.422818791946309
E00021934,174,55,25,30,119,99,20,31.60919540229885,14.367816091954023,17.24137931034483,68.39080459770115,56.896551724137936,11.494252873563218
E00021935,172,56,22,34,116,98,18,32.55813953488372,12.790697674418606,19.767441860465116,67.44186046511628,56.97674418604651,10.465116279069768
E00021936,157,59,26,33,98,81,17,37.57961783439491,16.560509554140125,21.019108280254777,62.42038216560509,51.59235668789809,10.828025477707007
E00021937,180,66,16,50,114,91,23,36.666666666666664,8.88888888888889,27.77777777777778,63.33333333333333,50.55555555555556,12.777777777777777
E00021938,137,42,15,27,95,80,15,30.656934306569344,10.948905109489052,19.708029197080293,69.34306569343066,58.3941605839416,10.948905109489052
E00021939,168,51,31,20,117,93,24,30.357142857142854,18.452380952380953,11.904761904761903,69.64285714285714,55.35714285714286,14.285714285714285
E00021940,143,48,24,24,95,83,12,33.56643356643357,16.783216783216783,16.783216783216783,66.43356643356644,58.04195804195804,8.391608391608392
E00021941,198,43,15,28,155,128,27,21.71717171717172,7.575757575757576,14.14141414141414,78.28282828282829,64.64646464646465,13.636363636363635
E00021942,192,54,22,32,138,116,22,28.125,11.458333333333332,16.666666666666664,71.875,60.416666666666664,11.458333333333332
E00021944,226,54,17,37,172,150,22,23.893805309734514,7.52212389380531,16.371681415929203,76.10619469026548,66.3716814159292,9.734513274336283
E00021945,194,49,14,35,145,113,32,25.257731958762886,7.216494845360824,18.04123711340206,74.74226804123711,58.24742268041238,16.49484536082474
E00021946,255,91,28,63,164,136,28,35.68627450980392,10.980392156862745,24.705882352941178,64.31372549019608,53.333333333333336,10.980392156862745
E00021947,173,38,17,21,135,109,26,21.965317919075144,9.826589595375722,12.138728323699421,78.03468208092485,63.005780346820806,15.028901734104046
E00021949,200,64,25,39,136,115,21,32,12.5,19.5,68,57.49999999999999,10.5
E00021950,192,36,15,21,156,128,28,18.75,7.8125,10.9375,81.25,66.66666666666666,14.583333333333334
E00021951,154,49,21,28,105,93,12,31.818181818181817,13.636363636363635,18.181818181818183,68.18181818181817,60.3896103896104,7.792207792207792
E00021952,192,56,25,31,136,116,20,29.166666666666668,13.020833333333334,16.145833333333336,70.83333333333334,60.416666666666664,10.416666666666668
E00021953,191,63,30,33,128,116,12,32.98429319371728,15.706806282722512,17.277486910994764,67.01570680628272,60.73298429319372,6.282722513089005
E00021954,212,69,26,43,143,116,27,32.54716981132076,12.264150943396226,20.28301886792453,67.45283018867924,54.71698113207547,12.735849056603774
E00021955,221,77,27,50,144,125,19,34.841628959276015,12.217194570135746,22.624434389140273,65.15837104072398,56.56108597285068,8.597285067873303
E00021956,223,61,33,28,162,144,18,27.3542600896861,14.798206278026907,12.556053811659194,72.6457399103139,64.57399103139014,8.071748878923767
E00021957,179,54,25,29,125,110,15,30.16759776536313,13.966480446927374,16.201117318435752,69.83240223463687,61.452513966480446,8.379888268156424
E00021958,189,59,24,35,130,116,14,31.216931216931215,12.698412698412698,18.51851851851852,68.78306878306879,61.37566137566137,7.4074074074074066
E00021959,208,69,28,41,139,124,15,33.17307692307692,13.461538461538462,19.71153846153846,66.82692307692307,59.61538461538461,7.211538461538461
E00021960,231,88,29,59,143,117,26,38.095238095238095,12.554112554112553,25.541125541125542,61.904761904761905,50.649350649350644,11.255411255411255
E00021961,199,63,26,37,136,127,9,31.65829145728643,13.06532663316583,18.592964824120603,68.34170854271356,63.81909547738693,4.522613065326634
E00021962,180,48,21,27,132,110,22,26.666666666666668,11.666666666666666,15,73.33333333333333,61.111111111111114,12.222222222222221
E00021963,228,70,32,38,158,135,23,30.701754385964914,14.035087719298245,16.666666666666664,69.2982456140351,59.210526315789465,10.087719298245613
E00021964,164,42,20,22,122,107,15,25.609756097560975,12.195121951219512,13.414634146341465,74.39024390243902,65.2439024390244,9.146341463414634
E00021965,178,44,14,30,134,113,21,24.719101123595504,7.865168539325842,16.853932584269664,75.28089887640449,63.48314606741573,11.797752808988763
E00021966,159,45,14,31,114,98,16,28.30188679245283,8.80503144654088,19.49685534591195,71.69811320754717,61.63522012578616,10.062893081761008
E00021967,172,49,22,27,123,101,22,28.488372093023255,12.790697674418606,15.69767441860465,71.51162790697676,58.720930232558146,12.790697674418606
E00021969,230,72,27,45,158,133,25,31.30434782608696,11.73913043478261,19.565217391304348,68.69565217391305,57.826086956521735,10.869565217391305
E00021970,158,46,16,30,112,97,15,29.11392405063291,10.126582278481013,18.9873417721519,70.88607594936708,61.39240506329114,9.49367088607595
E00021971,183,57,17,40,126,100,26,31.147540983606557,9.289617486338798,21.85792349726776,68.85245901639344,54.644808743169406,14.207650273224044
E00021972,139,46,14,32,93,86,7,33.093525179856115,10.071942446043165,23.021582733812952,66.90647482014388,61.87050359712231,5.0359712230215825
E00021973,202,47,16,31,155,127,28,23.26732673267327,7.920792079207921,15.346534653465346,76.73267326732673,62.87128712871287,13.861386138613863
E00021974,249,63,27,36,186,155,31,25.301204819277107,10.843373493975903,14.457831325301203,74.69879518072288,62.24899598393574,12.449799196787147
E00021975,246,55,28,27,191,159,32,22.35772357723577,11.38211382113821,10.975609756097562,77.64227642276423,64.63414634146342,13.008130081300814
E00021976,192,47,20,27,145,120,25,24.479166666666664,10.416666666666668,14.0625,75.52083333333334,62.5,13.020833333333334
E00021977,204,49,17,32,155,133,22,24.019607843137255,8.333333333333332,15.686274509803921,75.98039215686273,65.19607843137256,10.784313725490197
E00021978,221,62,27,35,159,135,24,28.054298642533936,12.217194570135746,15.837104072398189,71.94570135746606,61.085972850678736,10.85972850678733
E00021979,221,46,24,22,175,142,33,20.81447963800905,10.85972850678733,9.95475113122172,79.18552036199095,64.25339366515837,14.93212669683258
E00021980,192,63,21,42,129,111,18,32.8125,10.9375,21.875,67.1875,57.8125,9.375
E00021981,255,93,33,60,162,131,31,36.470588235294116,12.941176470588237,23.52941176470588,63.52941176470588,51.37254901960784,12.156862745098039
E00021982,211,60,33,27,151,126,25,28.436018957345972,15.639810426540285,12.796208530805686,71.56398104265402,59.71563981042654,11.848341232227488
E00021983,163,48,22,26,115,96,19,29.447852760736197,13.496932515337424,15.950920245398773,70.5521472392638,58.895705521472394,11.65644171779141
E00021984,210,52,24,28,158,126,32,24.761904761904763,11.428571428571429,13.333333333333334,75.23809523809524,60,15.238095238095239
E00021985,168,51,20,31,117,96,21,30.357142857142854,11.904761904761903,18.452380952380953,69.64285714285714,57.14285714285714,12.5
E00021986,233,65,26,39,168,139,29,27.896995708154503,11.158798283261802,16.738197424892704,72.1030042918455,59.65665236051502,12.446351931330472
E00021987,181,53,16,37,128,110,18,29.2817679558011,8.83977900552486,20.441988950276244,70.71823204419888,60.773480662983424,9.94475138121547
E00021988,316,92,31,61,224,193,31,29.11392405063291,9.81012658227848,19.303797468354432,70.88607594936708,61.07594936708861,9.81012658227848
E00021989,193,43,21,22,150,119,31,22.279792746113987,10.880829015544041,11.398963730569948,77.720207253886,61.6580310880829,16.06217616580311
E00021991,157,49,14,35,108,91,17,31.210191082802545,8.9171974522293,22.29299363057325,68.78980891719745,57.961783439490446,10.828025477707007
E00021992,172,33,12,21,139,115,24,19.186046511627907,6.976744186046512,12.209302325581394,80.81395348837209,66.86046511627907,13.953488372093023
E00021993,216,63,27,36,153,128,25,29.166666666666668,12.5,16.666666666666664,70.83333333333334,59.25925925925925,11.574074074074074
E00021994,199,44,19,25,155,125,30,22.110552763819097,9.547738693467336,12.562814070351758,77.88944723618091,62.8140703517588,15.07537688442211
E00021995,273,55,22,33,218,195,23,20.146520146520146,8.058608058608058,12.087912087912088,79.85347985347985,71.42857142857143,8.424908424908425
E00021996,206,48,22,26,158,137,21,23.300970873786408,10.679611650485436,12.62135922330097,76.69902912621359,66.50485436893204,10.194174757281553
E00021997,197,59,22,37,138,120,18,29.949238578680205,11.16751269035533,18.781725888324875,70.05076142131979,60.913705583756354,9.137055837563452
E00021998,238,59,30,29,179,150,29,24.789915966386555,12.605042016806722,12.184873949579831,75.21008403361344,63.02521008403361,12.184873949579831
E00021999,181,52,19,33,129,113,16,28.7292817679558,10.497237569060774,18.23204419889503,71.27071823204419,62.430939226519335,8.83977900552486
E00022000,204,53,27,26,151,132,19,25.98039215686275,13.23529411764706,12.745098039215685,74.01960784313727,64.70588235294117,9.313725490196079
E00022001,212,51,21,30,161,133,28,24.056603773584907,9.90566037735849,14.150943396226415,75.94339622641509,62.735849056603776,13.20754716981132
E00022002,205,50,21,29,155,119,36,24.390243902439025,10.24390243902439,14.146341463414632,75.60975609756098,58.048780487804876,17.560975609756095
E00022003,228,60,21,39,168,143,25,26.31578947368421,9.210526315789473,17.105263157894736,73.68421052631578,62.71929824561403,10.964912280701753
E00022004,181,42,21,21,139,118,21,23.204419889502763,11.602209944751381,11.602209944751381,76.79558011049724,65.19337016574586,11.602209944751381
E00022005,219,69,39,30,150,124,26,31.506849315068493,17.80821917808219,13.698630136986301,68.4931506849315,56.62100456621004,11.87214611872146
E00022006,146,45,15,30,101,79,22,30.82191780821918,10.273972602739725,20.54794520547945,69.17808219178082,54.109589041095894,15.068493150684931
E00022007,267,70,29,41,197,169,28,26.217228464419474,10.861423220973784,15.355805243445692,73.78277153558052,63.29588014981273,10.486891385767791
E00022008,207,53,30,23,154,126,28,25.60386473429952,14.492753623188406,11.11111111111111,74.39613526570048,60.86956521739131,13.526570048309178
E00022009,158,40,10,30,118,103,15,25.31645569620253,6.329113924050633,18.9873417721519,74.68354430379746,65.18987341772153,9.49367088607595
E00022010,222,64,25,39,158,118,40,28.82882882882883,11.26126126126126,17.56756756756757,71.17117117117117,53.153153153153156,18.01801801801802
E00022011,205,45,12,33,160,131,29,21.951219512195124,5.853658536585367,16.097560975609756,78.04878048780488,63.90243902439025,14.146341463414632
E00022012,205,76,28,48,129,114,15,37.073170731707314,13.658536585365855,23.414634146341466,62.926829268292686,55.60975609756098,7.317073170731707
E00022013,191,50,14,36,141,121,20,26.17801047120419,7.329842931937172,18.848167539267017,73.82198952879581,63.35078534031413,10.471204188481675
E00022014,201,45,19,26,156,136,20,22.388059701492537,9.45273631840796,12.935323383084576,77.61194029850746,67.66169154228857,9.950248756218906
E00022015,194,51,14,37,143,123,20,26.288659793814436,7.216494845360824,19.072164948453608,73.71134020618557,63.4020618556701,10.309278350515463
E00022016,145,33,18,15,112,94,18,22.758620689655174,12.413793103448276,10.344827586206897,77.24137931034483,64.82758620689654,12.413793103448276
E00022017,204,59,19,40,145,125,20,28.921568627450984,9.313725490196079,19.607843137254903,71.07843137254902,61.274509803921575,9.803921568627452
E00022018,137,51,24,27,86,74,12,37.22627737226277,17.51824817518248,19.708029197080293,62.77372262773723,54.01459854014598,8.75912408759124
E00022019,189,47,19,28,142,127,15,24.867724867724867,10.052910052910052,14.814814814814813,75.13227513227513,67.1957671957672,7.936507936507936
E00022020,149,41,17,24,108,78,30,27.516778523489933,11.409395973154362,16.10738255033557,72.48322147651007,52.348993288590606,20.13422818791946
E00022021,201,46,21,25,155,135,20,22.885572139303484,10.44776119402985,12.437810945273633,77.11442786069652,67.16417910447761,9.950248756218906
E00022022,212,76,25,51,136,104,32,35.84905660377358,11.79245283018868,24.056603773584907,64.15094339622641,49.056603773584904,15.09433962264151
E00022023,156,52,17,35,104,85,19,33.33333333333333,10.897435897435898,22.435897435897438,66.66666666666666,54.48717948717948,12.179487179487179
E00022024,198,53,18,35,145,116,29,26.767676767676768,9.090909090909092,17.67676767676768,73.23232323232324,58.58585858585859,14.646464646464647
E00022025,197,51,24,27,146,115,31,25.888324873096447,12.18274111675127,13.705583756345177,74.11167512690355,58.37563451776649,15.736040609137056
E00022026,202,63,26,37,139,111,28,31.18811881188119,12.871287128712872,18.316831683168317,68.8118811881188,54.95049504950495,13.861386138613863
E00022027,229,59,18,41,170,146,24,25.76419213973799,7.860262008733625,17.903930131004365,74.235807860262,63.75545851528385,10.480349344978166
E00022028,211,48,15,33,163,145,18,22.748815165876778,7.109004739336493,15.639810426540285,77.25118483412322,68.72037914691943,8.530805687203792
E00022029,232,69,28,41,163,130,33,29.74137931034483,12.068965517241379,17.67241379310345,70.25862068965517,56.03448275862068,14.224137931034484
E00022030,204,51,17,34,153,134,19,25,8.333333333333332,16.666666666666664,75,65.68627450980392,9.313725490196079
E00022031,254,73,21,52,181,158,23,28.74015748031496,8.267716535433072,20.47244094488189,71.25984251968504,62.20472440944882,9.05511811023622
E00022032,196,66,22,44,130,112,18,33.6734693877551,11.224489795918368,22.448979591836736,66.3265306122449,57.14285714285714,9.183673469387756
E00022033,201,62,26,36,139,117,22,30.845771144278604,12.935323383084576,17.91044776119403,69.15422885572139,58.2089552238806,10.945273631840797
E00022034,154,37,15,22,117,95,22,24.025974025974026,9.740259740259742,14.285714285714285,75.97402597402598,61.68831168831169,14.285714285714285
E00022035,159,42,14,28,117,96,21,26.41509433962264,8.80503144654088,17.61006289308176,73.58490566037736,60.37735849056604,13.20754716981132
E00022036,200,49,18,31,151,129,22,24.5,9,15.5,75.5,64.5,11
E00022037,263,72,25,47,191,168,23,27.376425855513308,9.505703422053232,17.870722433460077,72.6235741444867,63.87832699619772,8.745247148288973
E00022039,186,55,18,37,131,113,18,29.56989247311828,9.67741935483871,19.892473118279568,70.43010752688173,60.752688172043015,9.67741935483871
E00022040,188,45,18,27,143,118,25,23.93617021276596,9.574468085106384,14.361702127659576,76.06382978723404,62.76595744680851,13.297872340425531
E00022041,152,62,24,38,90,81,9,40.78947368421053,15.789473684210526,25,59.210526315789465,53.289473684210535,5.921052631578947
E00022043,181,56,20,36,125,103,22,30.939226519337016,11.049723756906078,19.88950276243094,69.06077348066299,56.9060773480663,12.154696132596685
E00022044,167,45,26,19,122,98,24,26.94610778443114,15.568862275449103,11.377245508982035,73.05389221556887,58.68263473053892,14.37125748502994
E00022045,128,37,13,24,91,86,5,28.90625,10.15625,18.75,71.09375,67.1875,3.90625
E00022046,208,46,11,35,162,138,24,22.115384615384613,5.288461538461538,16.826923076923077,77.88461538461539,66.34615384615384,11.538461538461538
E00022047,135,29,14,15,106,80,26,21.48148148148148,10.37037037037037,11.11111111111111,78.51851851851852,59.25925925925925,19.25925925925926
E00022048,155,49,19,30,106,88,18,31.61290322580645,12.258064516129032,19.35483870967742,68.38709677419355,56.774193548387096,11.612903225806452
E00022049,179,54,21,33,125,108,17,30.16759776536313,11.731843575418994,18.435754189944134,69.83240223463687,60.33519553072626,9.497206703910614
E00022050,129,53,21,32,76,67,9,41.08527131782946,16.27906976744186,24.8062015503876,58.91472868217055,51.93798449612403,6.976744186046512
E00022051,149,50,23,27,99,87,12,33.557046979865774,15.436241610738255,18.120805369127517,66.44295302013423,58.38926174496645,8.053691275167784
E00022052,142,51,23,28,91,74,17,35.91549295774648,16.19718309859155,19.718309859154928,64.08450704225352,52.112676056338024,11.971830985915492
E00022053,202,72,27,45,130,114,16,35.64356435643564,13.366336633663368,22.277227722772277,64.35643564356435,56.43564356435643,7.920792079207921
E00022054,174,44,12,32,130,108,22,25.287356321839084,6.896551724137931,18.39080459770115,74.71264367816092,62.06896551724138,12.643678160919542
E00022055,139,29,12,17,110,83,27,20.863309352517987,8.633093525179856,12.23021582733813,79.13669064748201,59.71223021582733,19.424460431654676
E00022056,162,49,22,27,113,84,29,30.246913580246915,13.580246913580247,16.666666666666664,69.75308641975309,51.85185185185185,17.901234567901234
E00022057,116,35,14,21,81,71,10,30.17241379310345,12.068965517241379,18.103448275862068,69.82758620689656,61.206896551724135,8.620689655172415
E00022058,191,62,25,37,129,101,28,32.460732984293195,13.089005235602095,19.3717277486911,67.5392670157068,52.879581151832454,14.659685863874344
E00022059,149,43,14,29,106,92,14,28.859060402684566,9.395973154362416,19.463087248322147,71.14093959731544,61.74496644295302,9.395973154362416
E00022060,130,28,6,22,102,89,13,21.53846153846154,4.615384615384616,16.923076923076923,78.46153846153847,68.46153846153847,10
E00022061,205,65,30,35,140,117,23,31.70731707317073,14.634146341463413,17.073170731707318,68.29268292682927,57.073170731707314,11.219512195121952
E00022062,144,40,13,27,104,89,15,27.77777777777778,9.027777777777777,18.75,72.22222222222221,61.80555555555556,10.416666666666668
E00022063,199,61,21,40,138,121,17,30.65326633165829,10.552763819095476,20.100502512562816,69.34673366834171,60.80402010050251,8.542713567839195
E00022064,138,38,12,26,100,85,15,27.536231884057973,8.695652173913043,18.84057971014493,72.46376811594203,61.59420289855072,10.869565217391305
E00022065,191,64,24,40,127,113,14,33.50785340314136,12.56544502617801,20.94240837696335,66.49214659685863,59.16230366492147,7.329842931937172
E00022066,138,49,17,32,89,79,10,35.507246376811594,12.318840579710146,23.18840579710145,64.4927536231884,57.2463768115942,7.246376811594203
E00022067,156,68,30,38,88,76,12,43.58974358974359,19.230769230769234,24.358974358974358,56.41025641025641,48.717948717948715,7.6923076923076925
E00022068,142,35,15,20,107,88,19,24.647887323943664,10.56338028169014,14.084507042253522,75.35211267605634,61.97183098591549,13.380281690140844
E00022069,153,48,18,30,105,88,17,31.372549019607842,11.76470588235294,19.607843137254903,68.62745098039215,57.51633986928104,11.11111111111111
E00022070,184,54,26,28,130,109,21,29.347826086956523,14.130434782608695,15.217391304347828,70.65217391304348,59.2391304347826,11.41304347826087
E00022071,181,45,18,27,136,102,34,24.861878453038674,9.94475138121547,14.917127071823206,75.13812154696133,56.353591160220994,18.784530386740332
E00022072,206,58,18,40,148,124,24,28.155339805825243,8.737864077669903,19.41747572815534,71.84466019417476,60.19417475728155,11.650485436893204
E00022073,134,40,18,22,94,74,20,29.850746268656714,13.432835820895523,16.417910447761194,70.1492537313433,55.223880597014926,14.925373134328357
E00022074,125,33,14,19,92,82,10,26.400000000000002,11.200000000000001,15.2,73.6,65.60000000000001,8
E00022075,204,50,17,33,154,135,19,24.509803921568626,8.333333333333332,16.176470588235293,75.49019607843137,66.17647058823529,9.313725490196079
E00022076,180,41,9,32,139,123,16,22.77777777777778,5,17.77777777777778,77.22222222222223,68.33333333333333,8.88888888888889
E00022077,196,46,12,34,150,129,21,23.46938775510204,6.122448979591836,17.346938775510203,76.53061224489795,65.81632653061224,10.714285714285714
E00022078,176,53,21,32,123,96,27,30.113636363636363,11.931818181818182,18.181818181818183,69.88636363636364,54.54545454545454,15.340909090909092
E00022079,156,29,12,17,127,107,20,18.58974358974359,7.6923076923076925,10.897435897435898,81.41025641025641,68.58974358974359,12.82051282051282
E00022080,232,69,25,44,163,134,29,29.74137931034483,10.775862068965516,18.96551724137931,70.25862068965517,57.758620689655174,12.5
E00022082,208,45,16,29,163,126,37,21.634615384615387,7.6923076923076925,13.942307692307693,78.36538461538461,60.57692307692307,17.78846153846154
E00022083,222,50,18,32,172,144,28,22.52252252252252,8.108108108108109,14.414414414414415,77.47747747747748,64.86486486486487,12.612612612612612
E00022084,121,35,9,26,86,68,18,28.92561983471074,7.43801652892562,21.487603305785125,71.07438016528926,56.19834710743802,14.87603305785124
E00022085,269,85,41,44,184,163,21,31.59851301115242,15.241635687732341,16.356877323420075,68.40148698884758,60.594795539033456,7.806691449814126
E00022086,223,80,30,50,143,130,13,35.874439461883405,13.452914798206278,22.421524663677133,64.12556053811659,58.29596412556054,5.829596412556054
E00022087,214,64,23,41,150,122,28,29.906542056074763,10.74766355140187,19.158878504672895,70.09345794392523,57.009345794392516,13.084112149532709
E00022089,174,60,17,43,114,99,15,34.48275862068966,9.770114942528735,24.71264367816092,65.51724137931035,56.896551724137936,8.620689655172415
E00022090,224,49,22,27,175,150,25,21.875,9.821428571428571,12.053571428571429,78.125,66.96428571428571,11.160714285714286
E00022091,170,43,20,23,127,114,13,25.294117647058822,11.76470588235294,13.529411764705882,74.70588235294117,67.05882352941175,7.647058823529412
E00022092,179,40,17,23,139,117,22,22.3463687150838,9.497206703910614,12.849162011173185,77.6536312849162,65.36312849162012,12.290502793296088
E00022093,142,46,13,33,96,79,17,32.3943661971831,9.15492957746479,23.239436619718308,67.6056338028169,55.633802816901415,11.971830985915492
E00022094,192,59,18,41,133,116,17,30.729166666666668,9.375,21.354166666666664,69.27083333333334,60.416666666666664,8.854166666666668
E00022095,145,46,16,30,99,85,14,31.724137931034484,11.03448275862069,20.689655172413794,68.27586206896552,58.620689655172406,9.655172413793103
E00022096,177,33,10,23,144,115,29,18.64406779661017,5.649717514124294,12.994350282485875,81.35593220338984,64.97175141242938,16.38418079096045
E00022097,163,47,12,35,116,100,16,28.834355828220858,7.361963190184049,21.472392638036812,71.16564417177914,61.34969325153374,9.815950920245399
E00022098,200,42,16,26,158,139,19,21,8,13,79,69.5,9.5
E00022099,203,70,28,42,133,116,17,34.48275862068966,13.793103448275861,20.689655172413794,65.51724137931035,57.14285714285714,8.374384236453201
E00022100,218,80,28,52,138,115,23,36.69724770642202,12.844036697247708,23.853211009174313,63.30275229357798,52.752293577981646,10.550458715596331
E00022101,225,56,29,27,169,149,20,24.88888888888889,12.88888888888889,12,75.1111111111111,66.22222222222223,8.88888888888889
E00022102,197,64,32,32,133,112,21,32.48730964467005,16.243654822335024,16.243654822335024,67.51269035532995,56.852791878172596,10.65989847715736
E00022103,215,66,25,41,149,121,28,30.697674418604652,11.627906976744185,19.069767441860467,69.30232558139535,56.27906976744186,13.023255813953488
E00022106,259,48,21,27,211,179,32,18.53281853281853,8.108108108108109,10.424710424710424,81.46718146718148,69.1119691119691,12.355212355212355
E00022107,208,60,21,39,148,126,22,28.846153846153843,10.096153846153847,18.75,71.15384615384616,60.57692307692307,10.576923076923077
E00022108,190,44,14,30,146,132,14,23.157894736842106,7.368421052631578,15.789473684210526,76.84210526315789,69.47368421052632,7.368421052631578
E00022109,172,38,10,28,134,115,19,22.093023255813954,5.813953488372093,16.27906976744186,77.90697674418605,66.86046511627907,11.046511627906977
E00022110,176,52,19,33,124,98,26,29.545454545454547,10.795454545454545,18.75,70.45454545454545,55.68181818181818,14.772727272727273
E00022111,160,31,8,23,129,107,22,19.375,5,14.374999999999998,80.625,66.875,13.750000000000002
E00022112,319,83,39,44,236,202,34,26.01880877742947,12.225705329153605,13.793103448275861,73.98119122257053,63.322884012539184,10.658307210031348
E00022113,201,65,32,33,136,115,21,32.33830845771145,15.92039800995025,16.417910447761194,67.66169154228857,57.2139303482587,10.44776119402985
E00022114,203,59,16,43,144,115,29,29.064039408866993,7.8817733990147785,21.182266009852217,70.93596059113301,56.65024630541872,14.285714285714285
E00022115,203,50,22,28,153,132,21,24.63054187192118,10.83743842364532,13.793103448275861,75.36945812807882,65.02463054187191,10.344827586206897
E00022116,109,28,15,13,81,71,10,25.688073394495415,13.761467889908257,11.926605504587156,74.31192660550458,65.13761467889908,9.174311926605505
E00022117,187,58,15,43,129,106,23,31.016042780748666,8.0213903743315509,22.994652406417114,68.98395721925134,56.68449197860963,12.299465240641712
E00022118,170,62,18,44,108,96,12,36.470588235294116,10.588235294117647,25.882352941176475,63.52941176470588,56.470588235294116,7.0588235294117645
E00022119,189,61,15,46,128,109,19,32.27513227513227,7.936507936507936,24.33862433862434,67.72486772486772,57.67195767195767,10.052910052910052
E00022120,174,51,18,33,123,113,10,29.310344827586203,10.344827586206897,18.96551724137931,70.6896551724138,64.9425287356322,5.747126436781609
E00022121,230,57,20,37,173,141,32,24.782608695652176,8.695652173913043,16.08695652173913,75.21739130434783,61.30434782608696,13.91304347826087
E00022122,195,50,22,28,145,130,15,25.64102564102564,11.282051282051283,14.358974358974358,74.35897435897436,66.66666666666666,7.6923076923076925
E00022123,172,50,17,33,122,101,21,29.069767441860467,9.883720930232558,19.186046511627907,70.93023255813954,58.720930232558146,12.209302325581394
E00022125,134,31,12,19,103,90,13,23.134328358208954,8.955223880597014,14.17910447761194,76.86567164179104,67.16417910447761,9.701492537313433
E00022127,195,70,19,51,125,109,16,35.8974358974359,9.7435897435897445,26.153846153846157,64.1025641025641,55.8974358974359,8.205128205128204
E00022128,193,58,25,33,135,114,21,30.05181347150259,12.953367875647666,17.098445595854923,69.94818652849742,59.067357512953365,10.880829015544041
E00022130,126,48,20,28,78,70,8,38.095238095238095,15.873015873015872,22.22222222222222,61.904761904761905,55.55555555555556,6.349206349206349
E00022131,147,52,16,36,95,80,15,35.374149659863946,10.884353741496598,24.489795918367346,64.62585034013605,54.421768707483,10.204081632653061
E00022132,133,41,18,23,92,85,7,30.82706766917293,13.533834586466165,17.293233082706767,69.17293233082707,63.90977443609023,5.263157894736842
E00022133,165,65,21,44,100,89,11,39.39393939393939,12.727272727272727,26.666666666666668,60.60606060606061,53.939393939393945,6.666666666666667
E00022134,149,45,14,31,104,84,20,30.201342281879196,9.395973154362416,20.80536912751678,69.79865771812081,56.375838926174495,13.422818791946309
E00022135,155,58,17,41,97,82,15,37.41935483870968,10.967741935483872,26.451612903225808,62.58064516129033,52.903225806451616,9.67741935483871
E00022136,137,42,11,31,95,81,14,30.656934306569344,8.02919708029197,22.62773722627737,69.34306569343066,59.12408759124088,10.218978102189782
E00022137,183,62,27,35,121,107,14,33.87978142076503,14.754098360655737,19.12568306010929,66.12021857923497,58.46994535519126,7.650273224043716
E00022138,201,55,23,32,146,130,16,27.363184079601986,11.442786069651742,15.92039800995025,72.636815920398,64.6766169154229,7.960199004975125
E00022139,190,59,18,41,131,109,22,31.05263157894737,9.473684210526317,21.578947368421055,68.94736842105263,57.36842105263158,11.578947368421053
E00022140,188,47,16,31,141,113,28,25,8.51063829787234,16.48936170212766,75,60.1063829787234,14.893617021276595
E00022141,137,47,13,34,90,83,7,34.306569343065696,9.48905109489051,24.817518248175183,65.69343065693431,60.58394160583942,5.109489051094891
E00022142,178,50,19,31,128,117,11,28.08988764044944,10.674157303370785,17.415730337078653,71.91011235955057,65.73033707865169,6.179775280898876
E00022143,161,49,13,36,112,91,21,30.434782608695656,8.074534161490684,22.36024844720497,69.56521739130434,56.52173913043478,13.043478260869565
E00022144,206,41,13,28,165,145,20,19.902912621359224,6.310679611650485,13.592233009708737,80.09708737864078,70.3883495145631,9.70873786407767
E00022145,161,49,15,34,112,96,16,30.434782608695656,9.316770186335404,21.11801242236025,69.56521739130434,59.62732919254658,9.937888198757763
E00022146,171,39,15,24,132,117,15,22.807017543859647,8.771929824561402,14.035087719298245,77.19298245614034,68.42105263157895,8.771929824561402
E00022147,219,51,14,37,168,142,26,23.28767123287671,6.392694063926941,16.894977168949772,76.71232876712328,64.84018264840182,11.87214611872146
E00022148,205,59,20,39,146,131,15,28.780487804878046,9.75609756097561,19.024390243902438,71.21951219512195,63.90243902439025,7.317073170731707
E00022149,175,51,15,36,124,106,18,29.142857142857142,8.571428571428571,20.57142857142857,70.85714285714285,60.57142857142858,10.285714285714285
E00022150,100,37,11,26,63,57,6,37,11,26,63,56.99999999999999,6
E00022151,123,45,13,32,78,67,11,36.58536585365854,10.569105691056912,26.01626016260163,63.41463414634146,54.47154471544715,8.94308943089431
E00022152,179,41,8,33,138,122,16,22.905027932960895,4.4692737430167595,18.435754189944134,77.09497206703911,68.15642458100558,8.938547486033519
E00022153,240,60,21,39,180,160,20,25,8.75,16.25,75,66.66666666666666,8.333333333333332
E00022154,305,69,25,44,236,187,49,22.62295081967213,8.19672131147541,14.426229508196723,77.37704918032787,61.31147540983607,16.065573770491802
E00022155,197,54,17,37,143,116,27,27.411167512690355,8.629441624365482,18.781725888324875,72.58883248730965,58.88324873096447,13.705583756345177
E00022156,222,70,26,44,152,130,22,31.53153153153153,11.711711711711711,19.81981981981982,68.46846846846847,58.55855855855856,9.90990990990991
E00022158,186,63,28,35,123,100,23,33.87096774193548,15.053763440860216,18.817204301075268,66.12903225806451,53.76344086021505,12.365591397849462
E00022159,151,46,14,32,105,84,21,30.4635761589404,9.271523178807946,21.192052980132452,69.5364238410596,55.62913907284768,13.90728476821192
E00022160,176,44,20,24,132,117,15,25,11.363636363636363,13.636363636363635,75,66.47727272727273,8.522727272727272
E00022161,131,34,14,20,97,89,8,25.954198473282442,10.687022900763358,15.267175572519085,74.04580152671755,67.93893129770993,6.106870229007633
E00022162,189,38,12,26,151,130,21,20.105820105820104,6.349206349206349,13.756613756613756,79.8941798941799,68.78306878306879,11.11111111111111
E00022163,189,36,15,21,153,126,27,19.047619047619047,7.936507936507936,11.11111111111111,80.95238095238095,66.66666666666666,14.285714285714285
E00022164,163,42,14,28,121,98,23,25.766871165644172,8.588957055214724,17.177914110429448,74.23312883435584,60.122699386503065,14.11042944785276
E00022165,222,44,13,31,178,139,39,19.81981981981982,5.8558558558558556,13.963963963963963,80.18018018018019,62.612612612612615,17.56756756756757
E00022166,252,68,29,39,184,150,34,26.984126984126984,11.507936507936508,15.476190476190476,73.01587301587301,59.523809523809526,13.492063492063492
E00022167,135,36,16,20,99,88,11,26.666666666666668,11.851851851851853,14.814814814814813,73.33333333333333,65.18518518518519,8.148148148148149
E00022168,207,63,27,36,144,125,19,30.434782608695656,13.043478260869565,17.391304347826086,69.56521739130434,60.38647342995169,9.178743961352657
E00022169,193,54,17,37,139,117,22,27.979274611398964,8.808290155440414,19.170984455958546,72.02072538860104,60.62176165803109,11.398963730569948
E00022170,219,50,13,37,169,136,33,22.831050228310502,5.93607305936073,16.894977168949772,77.1689497716895,62.10045662100456,15.068493150684931
E00022171,231,54,21,33,177,154,23,23.376623376623375,9.090909090909092,14.285714285714285,76.62337662337663,66.66666666666666,9.956709956709958
E00022172,196,47,16,31,149,122,27,23.97959183673469,8.16326530612245,15.816326530612246,76.0204081632653,62.244897959183675,13.77551020408163
E00022173,177,56,19,37,121,107,14,31.63841807909605,10.734463276836157,20.903954802259886,68.36158192090396,60.451977401129945,7.909604519774012
E00022174,124,60,11,49,64,58,6,48.38709677419355,8.870967741935484,39.516129032258064,51.61290322580645,46.774193548387096,4.838709677419355
E00022175,158,41,11,30,117,96,21,25.949367088607595,6.962025316455696,18.9873417721519,74.0506329113924,60.75949367088608,13.291139240506327
E00022176,216,53,20,33,163,126,37,24.537037037037038,9.25925925925926,15.277777777777779,75.46296296296296,58.333333333333336,17.12962962962963
E00022177,197,49,21,28,148,124,24,24.873096446700508,10.65989847715736,14.213197969543149,75.1269035532995,62.944162436548226,12.18274111675127
E00022178,176,57,18,39,119,105,14,32.38636363636363,10.227272727272728,22.15909090909091,67.61363636363636,59.65909090909091,7.954545454545454
E00022181,114,35,11,24,79,63,16,30.701754385964914,9.649122807017543,21.052631578947366,69.2982456140351,55.26315789473685,14.035087719298245
E00022182,146,52,25,27,94,77,17,35.61643835616438,17.123287671232877,18.493150684931507,64.38356164383562,52.73972602739726,11.643835616438356
E00022183,149,43,12,31,106,83,23,28.859060402684566,8.053691275167784,20.80536912751678,71.14093959731544,55.70469798657718,15.436241610738255
E00022184,183,57,20,37,126,116,10,31.147540983606557,10.92896174863388,20.21857923497268,68.85245901639344,63.387978142076506,5.46448087431694
E00022185,196,53,21,32,143,108,35,27.040816326530614,10.714285714285714,16.3265306122449,72.95918367346938,55.10204081632652,17.857142857142858
E00022186,79,24,9,15,55,48,7,30.37974683544304,11.39240506329114,18.9873417721519,69.62025316455697,60.75949367088608,8.860759493670885
E00022187,203,73,26,47,130,108,22,35.960591133004925,12.807881773399016,23.15270935960591,64.03940886699507,53.20197044334976,10.83743842364532
E00022188,65,25,9,16,40,40,0,38.46153846153847,13.846153846153847,24.615384615384617,61.53846153846154,61.53846153846154,0
E00022189,384,82,35,47,302,264,38,21.354166666666664,9.114583333333332,12.239583333333332,78.64583333333334,68.75,9.895833333333332
E00022190,132,30,10,20,102,85,17,22.727272727272727,7.575757575757576,15.151515151515152,77.27272727272727,64.39393939393939,12.878787878787879
E00022191,184,45,17,28,139,108,31,24.456521739130434,9.239130434782608,15.217391304347828,75.54347826086956,58.69565217391305,16.847826086956523
E00022192,186,43,15,28,143,128,15,23.118279569892472,8.064516129032258,15.053763440860216,76.88172043010752,68.81720430107528,8.064516129032258
E00022193,142,42,23,19,100,87,13,29.577464788732392,16.19718309859155,13.380281690140844,70.4225352112676,61.267605633802816,9.15492957746479
E00022194,190,55,12,43,135,120,15,28.947368421052634,6.315789473684211,22.63157894736842,71.05263157894737,63.1578947368421,7.894736842105263
E00022195,225,67,34,33,158,136,22,29.777777777777775,15.11111111111111,14.666666666666666,70.22222222222221,60.44444444444444,9.777777777777779
E00022196,134,29,14,15,105,92,13,21.641791044776117,10.44776119402985,11.194029850746269,78.35820895522389,68.65671641791045,9.701492537313433
E00022197,180,41,14,27,139,116,23,22.77777777777778,7.777777777777778,15,77.22222222222223,64.44444444444444,12.777777777777777
E00022198,106,30,15,15,76,67,9,28.30188679245283,14.150943396226415,14.150943396226415,71.69811320754717,63.20754716981132,8.49056603773585
E00022199,212,88,30,58,124,105,19,41.509433962264154,14.150943396226415,27.358490566037734,58.490566037735846,49.528301886792455,8.962264150943396
E00022200,149,47,19,28,102,84,18,31.543624161073826,12.751677852348994,18.79194630872483,68.45637583892618,56.375838926174495,12.080536912751679
E00022201,97,28,9,19,69,59,10,28.865979381443296,9.278350515463918,19.587628865979383,71.1340206185567,60.824742268041234,10.309278350515463
E00022202,170,53,20,33,117,100,17,31.176470588235293,11.76470588235294,19.411764705882355,68.82352941176471,58.82352941176471,10
E00022203,143,48,23,25,95,83,12,33.56643356643357,16.083916083916083,17.482517482517483,66.43356643356644,58.04195804195804,8.391608391608392
E00022204,202,59,27,32,143,120,23,29.207920792079207,13.366336633663368,15.841584158415841,70.79207920792079,59.4059405940594,11.386138613861387
E00022205,172,45,18,27,127,104,23,26.16279069767442,10.465116279069768,15.69767441860465,73.83720930232558,60.46511627906976,13.372093023255813
E00022206,156,43,12,31,113,99,14,27.564102564102566,7.6923076923076925,19.871794871794872,72.43589743589743,63.46153846153846,8.974358974358974
E00022207,193,63,27,36,130,111,19,32.64248704663213,13.989637305699482,18.65284974093264,67.35751295336787,57.51295336787565,9.844559585492227
E00022208,173,48,18,30,125,110,15,27.74566473988439,10.404624277456648,17.341040462427745,72.25433526011561,63.58381502890174,8.670520231213873
E00022209,153,39,12,27,114,100,14,25.49019607843137,7.8431372549019605,17.647058823529413,74.50980392156863,65.359477124183,9.15032679738562
E00022210,112,43,11,32,69,59,10,38.392857142857146,9.821428571428571,28.57142857142857,61.60714285714286,52.67857142857143,8.928571428571429
E00022211,180,52,21,31,128,105,23,28.888888888888886,11.666666666666666,17.22222222222222,71.11111111111111,58.333333333333336,12.777777777777777
E00022212,270,49,15,34,221,187,34,18.14814814814815,5.555555555555555,12.592592592592592,81.85185185185185,69.25925925925925,12.592592592592592
E00022213,199,53,19,34,146,126,20,26.633165829145728,9.547738693467336,17.08542713567839,73.36683417085426,63.31658291457286,10.050251256281408
E00022214,134,41,14,27,93,82,11,30.597014925373134,10.44776119402985,20.149253731343283,69.40298507462687,61.19402985074627,8.208955223880597
E00022215,148,43,18,25,105,95,10,29.054054054054053,12.162162162162163,16.89189189189189,70.94594594594594,64.1891891891892,6.756756756756757
E00022216,171,58,27,31,113,94,19,33.91812865497076,15.789473684210526,18.128654970760234,66.08187134502924,54.97076023391813,11.11111111111111
E00022217,152,40,16,24,112,102,10,26.31578947368421,10.526315789473683,15.789473684210526,73.68421052631578,67.10526315789474,6.578947368421052
E00022218,146,55,22,33,91,79,12,37.67123287671233,15.068493150684931,22.602739726027394,62.328767123287676,54.109589041095894,8.21917808219178
E00022219,210,60,22,38,150,132,18,28.57142857142857,10.476190476190476,18.095238095238095,71.42857142857143,62.857142857142854,8.571428571428571
E00022220,163,45,19,26,118,105,13,27.607361963190186,11.65644171779141,15.950920245398773,72.39263803680981,64.41717791411043,7.975460122699387
E00022222,187,63,17,46,124,103,21,33.68983957219251,9.090909090909092,24.598930481283425,66.31016042780749,55.080213903743314,11.229946524064172
E00022223,69,29,11,18,40,35,5,42.028985507246375,15.942028985507244,26.08695652173913,57.971014492753625,50.72463768115942,7.246376811594203
E00022224,119,26,7,19,93,71,22,21.84873949579832,5.88235294117647,15.966386554621847,78.15126050420169,59.66386554621849,18.487394957983195
E00022225,173,40,20,20,133,110,23,23.121387283236995,11.560693641618498,11.560693641618498,76.878612716763,63.58381502890174,13.294797687861271
E00022226,204,58,22,36,146,112,34,28.431372549019606,10.784313725490197,17.647058823529413,71.56862745098039,54.90196078431373,16.666666666666664
E00022227,184,62,22,40,122,103,19,33.69565217391305,11.956521739130435,21.73913043478261,66.30434782608695,55.97826086956522,10.326086956521738
E00022228,168,40,13,27,128,113,15,23.809523809523807,7.738095238095238,16.071428571428573,76.19047619047619,67.26190476190477,8.928571428571429
E00022229,233,77,28,49,156,139,17,33.047210300429185,12.017167381974248,21.030042918454935,66.95278969957081,59.65665236051502,7.296137339055794
E00022230,221,68,32,36,153,125,28,30.76923076923077,14.479638009049776,16.289592760180994,69.23076923076923,56.56108597285068,12.669683257918551
E00022232,202,62,20,42,140,116,24,30.693069306930692,9.900990099009901,20.792079207920793,69.3069306930693,57.42574257425742,11.881188118811881
E00022233,200,55,23,32,145,129,16,27.500000000000004,11.5,16,72.5,64.5,8
E00022234,250,100,41,59,150,128,22,40,16.400000000000002,23.599999999999998,60,51.2,8.799999999999999
E00022235,248,55,18,37,193,163,30,22.177419354838708,7.258064516129033,14.919354838709678,77.82258064516128,65.7258064516129,12.096774193548388
E00022236,169,42,19,23,127,115,12,24.85207100591716,11.242603550295858,13.609467455621301,75.14792899408283,68.04733727810651,7.100591715976331
E00022237,198,61,24,37,137,121,16,30.808080808080806,12.121212121212121,18.68686868686869,69.1919191919192,61.111111111111114,8.080808080808081
E00022238,182,50,19,31,132,111,21,27.472527472527474,10.43956043956044,17.032967032967033,72.52747252747253,60.98901098901099,11.538461538461538
E00022239,235,73,25,48,162,146,16,31.06382978723404,10.638297872340425,20.425531914893615,68.93617021276596,62.12765957446808,6.808510638297872
E00022240,311,110,50,60,201,169,32,35.36977491961415,16.077170418006432,19.292604501607716,64.63022508038586,54.340836012861736,10.289389067524116
E00022241,152,52,18,34,100,92,8,34.21052631578947,11.842105263157894,22.36842105263158,65.78947368421053,60.526315789473685,5.263157894736842
E00022242,173,47,15,32,126,112,14,27.167630057803464,8.670520231213873,18.497109826589593,72.83236994219652,64.73988439306359,8.092485549132949
E00022243,184,46,19,27,138,121,17,25,10.326086956521738,14.673913043478262,75,65.76086956521739,9.239130434782608
E00022244,164,52,20,32,112,98,14,31.70731707317073,12.195121951219512,19.51219512195122,68.29268292682927,59.756097560975604,8.536585365853659
E00022246,175,52,26,26,123,106,17,29.714285714285715,14.857142857142858,14.857142857142858,70.28571428571428,60.57142857142858,9.714285714285714
E00022247,164,51,18,33,113,102,11,31.097560975609756,10.975609756097562,20.121951219512198,68.90243902439023,62.19512195121951,6.707317073170732
E00022248,203,68,31,37,135,112,23,33.497536945812804,15.270935960591133,18.226600985221676,66.50246305418719,55.172413793103445,11.330049261083744
E00022249,174,45,15,30,129,103,26,25.862068965517242,8.620689655172415,17.24137931034483,74.13793103448276,59.195402298850574,14.942528735632186
E00022250,193,55,26,29,138,114,24,28.497409326424872,13.471502590673575,15.025906735751295,71.50259067357513,59.067357512953365,12.435233160621761
E00022251,111,30,12,18,81,72,9,27.027027027027028,10.81081081081081,16.216216216216218,72.97297297297297,64.86486486486487,8.108108108108109
E00022252,156,46,24,22,110,97,13,29.48717948717949,15.384615384615385,14.102564102564102,70.51282051282051,62.17948717948718,8.333333333333332
E00022253,208,60,28,32,148,129,19,28.846153846153843,13.461538461538462,15.384615384615385,71.15384615384616,62.019230769230774,9.134615384615383
E00022254,162,69,27,42,93,83,10,42.592592592592595,16.666666666666664,25.925925925925924,57.407407407407405,51.23456790123457,6.172839506172839
E00022255,211,51,23,28,160,142,18,24.170616113744074,10.90047393364929,13.270142180094787,75.82938388625593,67.29857819905213,8.530805687203792
E00022256,182,50,21,29,132,107,25,27.472527472527474,11.538461538461538,15.934065934065933,72.52747252747253,58.791208791208796,13.736263736263737
E00022257,140,43,19,24,97,84,13,30.714285714285715,13.571428571428571,17.142857142857142,69.28571428571428,60,9.285714285714286
E00022258,175,49,17,32,126,109,17,28.000000000000004,9.714285714285714,18.285714285714285,72,62.28571428571429,9.714285714285714
E00022259,235,73,27,46,162,137,25,31.06382978723404,11.48936170212766,19.574468085106382,68.93617021276596,58.29787234042553,10.638297872340425
E00022260,175,58,22,36,117,100,17,33.14285714285714,12.571428571428573,20.57142857142857,66.85714285714286,57.14285714285714,9.714285714285714
E00022261,294,115,46,69,179,154,25,39.1156462585034,15.646258503401361,23.46938775510204,60.8843537414966,52.38095238095239,8.503401360544217
E00022262,217,87,33,54,130,113,17,40.09216589861751,15.207373271889402,24.88479262672811,59.907834101382484,52.07373271889401,7.834101382488479
E00022263,134,50,17,33,84,71,13,37.3134328358209,12.686567164179104,24.62686567164179,62.68656716417911,52.98507462686567,9.701492537313433
E00022264,217,69,33,36,148,123,25,31.797235023041477,15.207373271889402,16.589861751152075,68.20276497695853,56.68202764976959,11.52073732718894
E00022265,198,71,22,49,127,107,20,35.858585858585855,11.11111111111111,24.747474747474747,64.14141414141415,54.04040404040404,10.1010101010101
E00022266,226,75,28,47,151,133,18,33.1858407079646,12.389380530973451,20.79646017699115,66.8141592920354,58.849557522123895,7.964601769911504
E00022267,139,45,18,27,94,86,8,32.37410071942446,12.949640287769784,19.424460431654676,67.62589928057554,61.87050359712231,5.755395683453238
E00022268,162,53,17,36,109,93,16,32.71604938271605,10.493827160493826,22.22222222222222,67.28395061728395,57.407407407407405,9.876543209876543
E00022269,272,92,28,64,180,156,24,33.82352941176471,10.294117647058822,23.52941176470588,66.17647058823529,57.35294117647059,8.823529411764707
E00022270,148,55,19,36,93,84,9,37.16216216216216,12.837837837837837,24.324324324324326,62.83783783783784,56.75675675675676,6.081081081081082
E00022271,220,73,27,46,147,135,12,33.18181818181819,12.272727272727273,20.909090909090907,66.81818181818183,61.36363636363637,5.454545454545454
E00022272,213,62,17,45,151,138,13,29.107981220657276,7.981220657276995,21.12676056338028,70.89201877934272,64.7887323943662,6.103286384976526
E00022273,294,67,23,44,227,194,33,22.789115646258505,7.8231292517006805,14.965986394557824,77.21088435374149,65.98639455782312,11.224489795918368
E00022274,184,64,16,48,120,110,10,34.78260869565217,8.695652173913043,26.08695652173913,65.21739130434783,59.78260869565217,5.434782608695652
E00022275,244,80,26,54,164,141,23,32.78688524590164,10.655737704918032,22.131147540983605,67.21311475409836,57.786885245901644,9.426229508196721
E00022278,235,76,25,51,159,118,41,32.340425531914896,10.638297872340425,21.70212765957447,67.65957446808511,50.212765957446805,17.4468085106383
E00022279,201,50,20,30,151,124,27,24.875621890547265,9.950248756218906,14.925373134328357,75.12437810945273,61.69154228855721,13.432835820895523
E00022280,210,69,26,43,141,129,12,32.857142857142854,12.380952380952381,20.476190476190474,67.14285714285714,61.42857142857143,5.714285714285714
E00022281,185,83,29,54,102,92,10,44.86486486486487,15.675675675675677,29.18918918918919,55.13513513513514,49.72972972972973,5.405405405405405
E00022287,206,80,23,57,126,110,16,38.83495145631068,11.165048543689322,27.669902912621357,61.165048543689316,53.398058252427184,7.766990291262135
E00022288,181,59,22,37,122,100,22,32.59668508287293,12.154696132596685,20.441988950276244,67.40331491712708,55.24861878453039,12.154696132596685
E00022289,246,71,23,48,175,149,26,28.86178861788618,9.34959349593496,19.51219512195122,71.13821138211382,60.56910569105691,10.569105691056912
E00022290,142,67,21,46,75,67,8,47.183098591549296,14.788732394366196,32.3943661971831,52.816901408450704,47.183098591549296,5.633802816901409
E00022291,237,75,32,43,162,126,36,31.645569620253166,13.502109704641349,18.143459915611814,68.35443037974683,53.16455696202531,15.18987341772152
E00022292,191,60,25,35,131,112,19,31.413612565445025,13.089005235602095,18.32460732984293,68.58638743455498,58.63874345549738,9.947643979057592
E00022293,146,50,16,34,96,78,18,34.24657534246575,10.95890410958904,23.28767123287671,65.75342465753424,53.42465753424658,12.32876712328767
E00022294,184,41,9,32,143,121,22,22.282608695652172,4.891304347826087,17.391304347826086,77.71739130434783,65.76086956521739,11.956521739130435
E00022295,205,46,17,29,159,134,25,22.439024390243905,8.292682926829269,14.146341463414632,77.5609756097561,65.3658536585366,12.195121951219512
E00022296,155,59,13,46,96,91,5,38.064516129032256,8.38709677419355,29.677419354838708,61.935483870967744,58.70967741935483,3.225806451612903
E00022297,166,50,21,29,116,99,17,30.120481927710845,12.650602409638553,17.46987951807229,69.87951807228916,59.63855421686747,10.240963855421686
E00022298,164,62,27,35,102,90,12,37.80487804878049,16.463414634146343,21.341463414634145,62.19512195121951,54.87804878048781,7.317073170731707
E00022299,180,57,16,41,123,107,16,31.666666666666664,8.88888888888889,22.77777777777778,68.33333333333333,59.44444444444444,8.88888888888889
E00022300,187,57,20,37,130,119,11,30.481283422459892,10.695187165775401,19.786096256684495,69.5187165775401,63.63636363636363,5.88235294117647
E00022301,127,48,15,33,79,70,9,37.79527559055118,11.811023622047244,25.984251968503933,62.20472440944882,55.118110236220474,7.086614173228346
E00022302,130,33,11,22,97,86,11,25.384615384615383,8.461538461538462,16.923076923076923,74.61538461538461,66.15384615384615,8.461538461538462
E00022303,119,34,9,25,85,72,13,28.57142857142857,7.563025210084033,21.008403361344538,71.42857142857143,60.50420168067227,10.92436974789916
E00022304,175,39,15,24,136,116,20,22.285714285714285,8.571428571428571,13.714285714285715,77.71428571428571,66.28571428571428,11.428571428571429
E00022305,252,60,21,39,192,175,17,23.809523809523807,8.333333333333332,15.476190476190476,76.19047619047619,69.44444444444444,6.746031746031746
E00022306,157,47,19,28,110,100,10,29.936305732484076,12.101910828025478,17.8343949044586,70.06369426751591,63.69426751592356,6.369426751592357
E00022307,288,75,32,43,213,181,32,26.041666666666668,11.11111111111111,14.930555555555555,73.95833333333334,62.84722222222222,11.11111111111111
E00022308,171,45,15,30,126,93,33,26.31578947368421,8.771929824561402,17.543859649122805,73.68421052631578,54.385964912280706,19.298245614035086
E00022309,214,53,22,31,161,131,30,24.766355140186917,10.2803738317757,14.485981308411214,75.23364485981308,61.21495327102804,14.018691588785046
E00022310,283,82,28,54,201,164,37,28.975265017667844,9.89399293286219,19.081272084805654,71.02473498233216,57.95053003533569,13.074204946996467
E00022311,201,38,16,22,163,139,24,18.90547263681592,7.960199004975125,10.945273631840797,81.09452736318407,69.15422885572139,11.940298507462686
E00022312,205,67,21,46,138,115,23,32.6829268292683,10.24390243902439,22.439024390243905,67.31707317073172,56.09756097560976,11.219512195121952
E00022313,131,52,22,30,79,70,9,39.69465648854962,16.793893129770993,22.900763358778626,60.30534351145038,53.43511450381679,6.870229007633588
E00022314,192,56,17,39,136,113,23,29.166666666666668,8.854166666666668,20.3125,70.83333333333334,58.854166666666664,11.979166666666668
E00022316,179,55,29,26,124,110,14,30.726256983240223,16.201117318435752,14.52513966480447,69.27374301675978,61.452513966480446,7.82122905027933
E00022317,186,53,24,29,133,108,25,28.49462365591398,12.903225806451612,15.591397849462366,71.50537634408603,58.06451612903226,13.440860215053762
E00022318,238,59,28,31,179,145,34,24.789915966386555,11.76470588235294,13.025210084033615,75.21008403361344,60.924369747899156,14.285714285714285
E00022319,215,54,18,36,161,140,21,25.116279069767444,8.372093023255815,16.74418604651163,74.88372093023256,65.11627906976744,9.767441860465116
E00022320,205,52,17,35,153,136,17,25.365853658536587,8.292682926829269,17.073170731707318,74.63414634146342,66.34146341463415,8.292682926829269
E00022321,156,39,16,23,117,102,15,25,10.256410256410255,14.743589743589745,75,65.38461538461539,9.615384615384617
E00022322,213,49,23,26,164,131,33,23.004694835680752,10.7981220657277,12.206572769953052,76.99530516431925,61.502347417840376,15.492957746478872
E00022323,181,45,18,27,136,117,19,24.861878453038674,9.94475138121547,14.917127071823206,75.13812154696133,64.64088397790056,10.497237569060774
E00022324,189,67,27,40,122,101,21,35.44973544973545,14.285714285714285,21.164021164021165,64.55026455026454,53.43915343915344,11.11111111111111
E00022325,215,62,19,43,153,132,21,28.837209302325583,8.837209302325581,20,71.16279069767441,61.395348837209305,9.767441860465116
E00022326,192,40,16,24,152,128,24,20.833333333333336,8.333333333333332,12.5,79.16666666666666,66.66666666666666,12.5
E00022327,174,45,15,30,129,108,21,25.862068965517242,8.620689655172415,17.24137931034483,74.13793103448276,62.06896551724138,12.068965517241379
E00022329,135,45,18,27,90,75,15,33.33333333333333,13.333333333333334,20,66.66666666666666,55.55555555555556,11.11111111111111
E00022330,100,26,9,17,74,67,7,26,9,17,74,67,7.000000000000001
E00022331,154,27,13,14,127,104,23,17.532467532467532,8.441558441558442,9.090909090909092,82.46753246753246,67.53246753246754,14.935064935064934
E00022332,136,47,22,25,89,72,17,34.55882352941176,16.176470588235293,18.38235294117647,65.44117647058823,52.94117647058824,12.5
E00022333,144,37,9,28,107,95,12,25.694444444444443,6.25,19.444444444444446,74.30555555555556,65.97222222222221,8.333333333333332
E00022334,192,46,21,25,146,125,21,23.958333333333336,10.9375,13.020833333333334,76.04166666666666,65.10416666666666,10.9375
E00022335,179,43,16,27,136,105,31,24.022346368715084,8.938547486033519,15.083798882681565,75.97765363128491,58.659217877094974,17.318435754189945
E00022336,181,50,19,31,131,107,24,27.624309392265197,10.497237569060774,17.12707182320442,72.37569060773481,59.11602209944752,13.259668508287293
E00022337,180,60,28,32,120,94,26,33.33333333333333,15.555555555555555,17.77777777777778,66.66666666666666,52.22222222222223,14.444444444444443
E00022338,232,58,22,36,174,141,33,25,9.482758620689655,15.517241379310345,75,60.775862068965516,14.224137931034484
E00022339,150,39,12,27,111,97,14,26,8,18,74,64.66666666666666,9.333333333333334
E00022340,164,43,17,26,121,105,16,26.21951219512195,10.365853658536585,15.853658536585366,73.78048780487805,64.02439024390245,9.75609756097561
E00022341,231,55,16,39,176,150,26,23.809523809523807,6.926406926406926,16.883116883116884,76.19047619047619,64.93506493506493,11.255411255411255
E00022342,158,54,16,38,104,91,13,34.177215189873415,10.126582278481013,24.050632911392405,65.82278481012658,57.59493670886076,8.227848101265822
E00022343,148,38,11,27,110,101,9,25.675675675675674,7.4324324324324325,18.243243243243242,74.32432432432432,68.24324324324324,6.081081081081082
E00022344,165,59,23,36,106,98,8,35.75757575757576,13.939393939393941,21.818181818181817,64.24242424242425,59.3939393939394,4.848484848484849
E00022345,165,39,10,29,126,107,19,23.636363636363637,6.0606060606060606,17.575757575757574,76.36363636363637,64.84848484848484,11.515151515151516
E00022346,277,87,36,51,190,157,33,31.40794223826715,12.996389891696749,18.4115523465704,68.59205776173285,56.678700361010826,11.913357400722022
E00022347,208,48,18,30,160,143,17,23.076923076923077,8.653846153846153,14.423076923076922,76.92307692307693,68.75,8.173076923076923
E00022348,223,58,27,31,165,145,20,26.00896860986547,12.10762331838565,13.901345291479823,73.99103139013454,65.02242152466367,8.968609865470851
E00022349,197,69,24,45,128,107,21,35.025380710659896,12.18274111675127,22.84263959390863,64.9746192893401,54.314720812182735,10.65989847715736
E00022351,77,26,12,14,51,36,15,33.76623376623377,15.584415584415584,18.181818181818183,66.23376623376623,46.75324675324675,19.480519480519483
E00022352,261,64,23,41,197,161,36,24.521072796934863,8.812260536398467,15.708812260536398,75.47892720306514,61.68582375478927,13.793103448275861
E00022353,152,47,25,22,105,91,14,30.92105263157895,16.447368421052634,14.473684210526317,69.07894736842105,59.86842105263158,9.210526315789473
E00022354,261,88,33,55,173,146,27,33.71647509578544,12.643678160919542,21.0727969348659,66.28352490421456,55.938697318007655,10.344827586206897
E00022356,245,77,25,52,168,153,15,31.428571428571427,10.204081632653061,21.224489795918366,68.57142857142857,62.44897959183674,6.122448979591836
E00022357,237,87,19,68,150,131,19,36.708860759493675,8.016877637130802,28.691983122362867,63.29113924050633,55.27426160337553,8.016877637130802
E00022358,244,63,17,46,181,155,26,25.81967213114754,6.967213114754098,18.852459016393443,74.18032786885246,63.52459016393443,10.655737704918032
E00022359,239,69,23,46,170,143,27,28.870292887029287,9.623430962343097,19.246861924686193,71.1297071129707,59.83263598326359,11.297071129707113
E00022360,201,56,24,32,145,121,24,27.860696517412936,11.940298507462686,15.92039800995025,72.13930348258707,60.19900497512438,11.940298507462686
E00022361,225,56,16,40,169,149,20,24.88888888888889,7.111111111111111,17.77777777777778,75.1111111111111,66.22222222222223,8.88888888888889
E00022362,243,65,23,42,178,153,25,26.748971193415638,9.465020576131687,17.28395061728395,73.25102880658436,62.96296296296296,10.2880658436214
E00022363,176,34,12,22,142,120,22,19.318181818181817,6.8181818181818175,12.5,80.68181818181817,68.18181818181817,12.5
E00022364,227,59,19,40,168,137,31,25.991189427312776,8.370044052863436,17.62114537444934,74.00881057268722,60.352422907488986,13.656387665198238
E00022366,244,73,33,40,171,141,30,29.918032786885245,13.524590163934427,16.39344262295082,70.08196721311475,57.786885245901644,12.295081967213115
E00022367,159,43,16,27,116,98,18,27.044025157232703,10.062893081761008,16.9811320754717,72.95597484276729,61.63522012578616,11.320754716981133
E00022368,272,117,50,67,155,131,24,43.01470588235294,18.38235294117647,24.63235294117647,56.98529411764706,48.161764705882355,8.823529411764707
E00022369,208,55,15,40,153,133,20,26.442307692307693,7.211538461538461,19.230769230769234,73.5576923076923,63.942307692307686,9.615384615384617
E00022370,367,104,41,63,263,207,56,28.337874659400548,11.1716621253406,17.166212534059948,71.66212534059946,56.403269754768395,15.258855585831062
E00022371,217,63,18,45,154,122,32,29.03225806451613,8.294930875576037,20.737327188940093,70.96774193548387,56.22119815668203,14.746543778801843
E00022372,148,42,13,29,106,94,12,28.37837837837838,8.783783783783784,19.594594594594593,71.62162162162163,63.51351351351351,8.108108108108109
E00022373,168,57,25,32,111,101,10,33.92857142857143,14.880952380952381,19.047619047619047,66.07142857142857,60.11904761904761,5.952380952380952
E00022374,111,38,19,19,73,55,18,34.234234234234236,17.117117117117118,17.117117117117118,65.76576576576578,49.549549549549546,16.216216216216218
E00022375,149,39,19,20,110,95,15,26.174496644295303,12.751677852348994,13.422818791946309,73.8255033557047,63.758389261744966,10.06711409395973
E00022376,240,92,36,56,148,129,19,38.333333333333336,15,23.333333333333332,61.66666666666667,53.75,7.916666666666666
E00022377,174,61,20,41,113,101,12,35.05747126436782,11.494252873563218,23.563218390804597,64.9425287356322,58.04597701149425,6.896551724137931
E00022378,178,54,20,34,124,102,22,30.337078651685395,11.235955056179774,19.101123595505616,69.66292134831461,57.30337078651685,12.359550561797752
E00022379,189,62,20,42,127,117,10,32.804232804232804,10.582010582010582,22.22222222222222,67.1957671957672,61.904761904761905,5.291005291005291
E00022380,189,60,14,46,129,114,15,31.746031746031743,7.4074074074074066,24.33862433862434,68.25396825396825,60.317460317460316,7.936507936507936
E00022381,202,75,33,42,127,106,21,37.12871287128713,16.33663366336634,20.792079207920793,62.87128712871287,52.475247524752476,10.396039603960396
E00022382,162,61,29,32,101,82,19,37.65432098765432,17.901234567901234,19.753086419753085,62.34567901234568,50.617283950617285,11.728395061728394
E00022383,189,61,26,35,128,111,17,32.27513227513227,13.756613756613756,18.51851851851852,67.72486772486772,58.730158730158735,8.994708994708994
E00022384,139,38,13,25,101,86,15,27.33812949640288,9.352517985611511,17.985611510791365,72.66187050359713,61.87050359712231,10.79136690647482
E00022385,153,43,18,25,110,88,22,28.104575163398692,11.76470588235294,16.33986928104575,71.89542483660131,57.51633986928104,14.37908496732026
E00022386,192,55,19,36,137,122,15,28.645833333333332,9.895833333333332,18.75,71.35416666666666,63.541666666666664,7.8125
E00022387,139,35,9,26,104,82,22,25.179856115107913,6.474820143884892,18.705035971223023,74.82014388489209,58.992805755395686,15.827338129496402
E00022388,168,46,13,33,122,104,18,27.380952380952383,7.738095238095238,19.642857142857142,72.61904761904762,61.904761904761905,10.714285714285714
E00022389,170,60,29,31,110,102,8,35.294117647058826,17.058823529411764,18.235294117647058,64.70588235294117,60,4.705882352941177
E00022390,132,41,14,27,91,78,13,31.060606060606062,10.606060606060606,20.454545454545457,68.93939393939394,59.09090909090909,9.848484848484848
E00022391,206,57,17,40,149,125,24,27.669902912621357,8.25242718446602,19.41747572815534,72.33009708737865,60.679611650485434,11.650485436893204
E00022392,194,75,31,44,119,96,23,38.659793814432994,15.979381443298967,22.68041237113402,61.34020618556701,49.48453608247423,11.855670103092782
E00022393,150,56,16,40,94,79,15,37.333333333333336,10.666666666666668,26.666666666666668,62.66666666666667,52.666666666666664,10
E00022394,167,57,22,35,110,95,15,34.13173652694611,13.17365269461078,20.958083832335326,65.86826347305389,56.886227544910184,8.982035928143713
E00022395,162,61,19,42,101,93,8,37.65432098765432,11.728395061728394,25.925925925925924,62.34567901234568,57.407407407407405,4.938271604938271
E00022396,184,65,29,36,119,97,22,35.32608695652174,15.760869565217392,19.565217391304348,64.67391304347827,52.71739130434783,11.956521739130435
E00022397,176,62,33,29,114,90,24,35.22727272727273,18.75,16.477272727272727,64.77272727272727,51.13636363636363,13.636363636363635
E00022398,232,64,14,50,168,153,15,27.586206896551722,6.0344827586206895,21.551724137931032,72.41379310344827,65.94827586206897,6.4655172413793105
E00022399,187,63,18,45,124,102,22,33.68983957219251,9.62566844919786,24.06417112299465,66.31016042780749,54.54545454545454,11.76470588235294
E00022400,186,61,23,38,125,99,26,32.795698924731184,12.365591397849462,20.43010752688172,67.20430107526882,53.2258064516129,13.978494623655912
E00022401,160,58,12,46,102,82,20,36.25,7.5,28.749999999999996,63.74999999999999,51.24999999999999,12.5
E00022402,180,82,28,54,98,82,16,45.55555555555556,15.555555555555555,30,54.44444444444444,45.55555555555556,8.88888888888889
E00022403,189,56,14,42,133,121,12,29.629629629629626,7.4074074074074066,22.22222222222222,70.37037037037037,64.02116402116403,6.349206349206349
E00022404,172,73,20,53,99,86,13,42.44186046511628,11.627906976744185,30.813953488372093,57.55813953488372,50,7.55813953488372
E00022405,63,30,10,20,33,33,0,47.61904761904761,15.873015873015872,31.746031746031743,52.38095238095239,52.38095238095239,0
E00022406,148,52,20,32,96,82,14,35.13513513513514,13.513513513513514,21.62162162162162,64.86486486486487,55.4054054054054,9.45945945945946
E00022407,118,50,18,32,68,56,12,42.3728813559322,15.254237288135593,27.11864406779661,57.6271186440678,47.45762711864407,10.16949152542373
E00022408,179,52,23,29,127,108,19,29.05027932960894,12.849162011173185,16.201117318435752,70.94972067039106,60.33519553072626,10.614525139664805
E00022409,198,53,16,37,145,134,11,26.767676767676768,8.080808080808081,18.68686868686869,73.23232323232324,67.67676767676768,5.555555555555555
E00022410,191,43,14,29,148,123,25,22.5130890052356,7.329842931937172,15.18324607329843,77.4869109947644,64.3979057591623,13.089005235602095
E00022411,188,27,11,16,161,141,20,14.361702127659576,5.851063829787234,8.51063829787234,85.63829787234043,75,10.638297872340425
E00022412,223,63,24,39,160,136,24,28.251121076233183,10.762331838565023,17.48878923766816,71.74887892376681,60.98654708520179,10.762331838565023
E00022413,233,62,27,35,171,155,16,26.609442060085836,11.587982832618025,15.021459227467812,73.39055793991416,66.52360515021459,6.866952789699571
E00022414,306,95,29,66,211,177,34,31.045751633986928,9.477124183006536,21.568627450980394,68.95424836601308,57.84313725490197,11.11111111111111
E00022415,187,38,9,29,149,128,21,20.32085561497326,4.81283422459893,15.508021390374333,79.67914438502673,68.44919786096256,11.229946524064172
E00022416,170,39,9,30,131,116,15,22.941176470588236,5.294117647058823,17.647058823529413,77.05882352941177,68.23529411764706,8.823529411764707
E00022417,187,41,18,23,146,120,26,21.92513368983957,9.62566844919786,12.299465240641712,78.07486631016043,64.171122994652407,13.903743315508022
E00022418,164,29,9,20,135,109,26,17.682926829268293,5.487804878048781,12.195121951219512,82.3170731707317,66.46341463414635,15.853658536585366
E00022419,105,44,14,30,61,57,4,41.904761904761905,13.333333333333334,28.57142857142857,58.0952380952381,54.285714285714285,3.8095238095238098
E00022420,147,65,20,45,82,79,3,44.21768707482993,13.60544217687075,30.612244897959183,55.78231292517006,53.74149659863946,2.0408163265306123
E00022421,153,81,28,53,72,71,1,52.94117647058824,18.30065359477124,34.64052287581699,47.05882352941176,46.40522875816993,0.6535947712418301
E00022422,149,62,23,39,87,80,7,41.61073825503356,15.436241610738255,26.174496644295303,58.38926174496645,53.691275167785236,4.697986577181208
E00022423,230,55,14,41,175,159,16,23.91304347826087,6.086956521739131,17.82608695652174,76.08695652173914,69.1304347826087,6.956521739130435
E00022424,244,80,22,58,164,140,24,32.78688524590164,9.01639344262295,23.770491803278688,67.21311475409836,57.377049180327866,9.836065573770492
E00022425,211,51,19,32,160,130,30,24.170616113744074,9.004739336492891,15.165876777251185,75.82938388625593,61.61137440758294,14.218009478672986
E00022426,174,57,16,41,117,101,16,32.758620689655174,9.195402298850574,23.563218390804597,67.24137931034483,58.04597701149425,9.195402298850574
E00022427,169,42,12,30,127,109,18,24.85207100591716,7.100591715976331,17.75147928994083,75.14792899408283,64.49704142011834,10.650887573964498
E00022428,155,32,11,21,123,108,15,20.64516129032258,7.096774193548387,13.548387096774196,79.35483870967742,69.6774193548387,9.67741935483871
E00022429,178,46,19,27,132,109,23,25.842696629213485,10.674157303370785,15.168539325842698,74.15730337078652,61.23595505617978,12.921348314606742
E00022430,283,82,29,53,201,178,23,28.975265017667844,10.247349823321555,18.727915194346288,71.02473498233216,62.89752650176679,8.12720848056537
E00022431,209,48,12,36,161,144,17,22.966507177033492,5.741626794258373,17.22488038277512,77.03349282296651,68.89952153110048,8.133971291866029
E00022432,213,49,21,28,164,133,31,23.004694835680752,9.859154929577464,13.145539906103288,76.99530516431925,62.441314553990615,14.553990610328638
E00022433,217,57,28,29,160,132,28,26.26728110599078,12.903225806451612,13.36405529953917,73.73271889400922,60.82949308755761,12.903225806451612
E00022434,171,32,11,21,139,121,18,18.71345029239766,6.432748538011696,12.280701754385964,81.28654970760235,70.76023391812866,10.526315789473683
E00022435,197,45,15,30,152,131,21,22.84263959390863,7.614213197969544,15.228426395939088,77.15736040609137,66.49746192893402,10.65989847715736
E00022436,234,58,22,36,176,149,27,24.786324786324787,9.401709401709402,15.384615384615385,75.21367521367522,63.67521367521367,11.538461538461538
E00022437,150,47,21,26,103,98,5,31.333333333333336,14.000000000000002,17.333333333333336,68.66666666666667,65.33333333333333,3.3333333333333335
E00022439,240,81,33,48,159,132,27,33.75,13.750000000000002,20,66.25,55.00000000000001,11.25
E00022440,192,70,21,49,122,108,14,36.45833333333333,10.9375,25.520833333333332,63.541666666666664,56.25,7.291666666666667
E00022441,195,58,22,36,137,120,17,29.743589743589745,11.282051282051283,18.461538461538463,70.25641025641025,61.53846153846154,8.717948717948717
E00022442,130,31,12,19,99,88,11,23.846153846153847,9.230769230769232,14.615384615384617,76.15384615384615,67.6923076923077,8.461538461538462
E00022443,211,65,18,47,146,120,26,30.80568720379147,8.530805687203792,22.274881516587676,69.19431279620854,56.872037914691944,12.322274881516588
E00022444,315,86,30,56,229,202,27,27.3015873015873,9.523809523809524,17.77777777777778,72.6984126984127,64.12698412698413,8.571428571428571
E00022445,274,66,28,38,208,158,50,24.087591240875913,10.218978102189782,13.86861313868613,75.91240875912408,57.66423357664233,18.248175182481752
E00022446,181,57,20,37,124,102,22,31.491712707182316,11.049723756906078,20.441988950276244,68.50828729281768,56.353591160220994,12.154696132596685
E00022447,189,47,18,29,142,129,13,24.867724867724867,9.523809523809524,15.343915343915343,75.13227513227513,68.25396825396825,6.878306878306878
E00022448,148,44,17,27,104,80,24,29.72972972972973,11.486486486486488,18.243243243243242,70.27027027027027,54.054054054054056,16.216216216216218
E00022449,194,50,21,29,144,121,23,25.773195876288657,10.824742268041238,14.948453608247423,74.22680412371135,62.371134020618555,11.855670103092782
E00022450,192,58,22,36,134,110,24,30.208333333333332,11.458333333333332,18.75,69.79166666666666,57.291666666666664,12.5
E00022451,212,71,24,47,141,113,28,33.490566037735846,11.320754716981133,22.169811320754718,66.50943396226415,53.301886792452834,13.20754716981132
E00022452,163,75,26,49,88,78,10,46.012269938650306,15.950920245398773,30.061349693251532,53.987730061349694,47.85276073619632,6.134969325153374
E00022453,202,58,19,39,144,124,20,28.71287128712871,9.405940594059405,19.306930693069308,71.28712871287128,61.386138613861384,9.900990099009901
E00022454,193,48,17,31,145,117,28,24.870466321243523,8.808290155440414,16.06217616580311,75.12953367875647,60.62176165803109,14.507772020725387
E00022455,169,34,10,24,135,106,29,20.118343195266274,5.9171597633136095,14.201183431952662,79.88165680473372,62.721893491124256,17.159763313609467
E00022456,134,41,15,26,93,77,16,30.597014925373134,11.194029850746269,19.402985074626866,69.40298507462687,57.46268656716418,11.940298507462686
E00022457,100,28,10,18,72,63,9,28.000000000000004,10,18,72,63,9
E00022458,138,44,16,28,94,80,14,31.88405797101449,11.594202898550725,20.28985507246377,68.11594202898551,57.971014492753625,10.144927536231885
E00022459,172,54,25,29,118,98,20,31.3953488372093,14.534883720930234,16.86046511627907,68.6046511627907,56.97674418604651,11.627906976744185
E00022460,191,81,20,61,110,96,14,42.40837696335078,10.471204188481675,31.93717277486911,57.59162303664922,50.26178010471204,7.329842931937172
E00022461,167,36,12,24,131,111,20,21.55688622754491,7.18562874251497,14.37125748502994,78.44311377245509,66.46706586826348,11.976047904191617
E00022462,146,44,11,33,102,86,16,30.136986301369863,7.534246575342466,22.602739726027394,69.86301369863014,58.9041095890411,10.95890410958904
E00022463,132,33,15,18,99,86,13,25,11.363636363636363,13.636363636363635,75,65.15151515151516,9.848484848484848
E00022464,207,74,25,49,133,113,20,35.748792270531396,12.077294685990339,23.67149758454106,64.25120772946859,54.589371980676326,9.66183574879227
E00022465,175,52,17,35,123,107,16,29.714285714285715,9.714285714285714,20,70.28571428571428,61.142857142857146,9.142857142857142
E00022466,235,79,30,49,156,136,20,33.61702127659574,12.76595744680851,20.851063829787233,66.38297872340425,57.87234042553191,8.51063829787234
E00022467,226,95,35,60,131,115,16,42.0353982300885,15.486725663716813,26.548672566371685,57.9646017699115,50.88495575221239,7.079646017699115
E00022468,126,49,11,38,77,71,6,38.88888888888889,8.73015873015873,30.158730158730158,61.111111111111114,56.34920634920635,4.761904761904762
E00022469,130,51,20,31,79,72,7,39.23076923076923,15.384615384615385,23.846153846153847,60.76923076923077,55.38461538461539,5.384615384615385
E00022470,113,26,10,16,87,71,16,23.008849557522122,8.849557522123893,14.15929203539823,76.99115044247787,62.83185840707964,14.15929203539823
E00022471,189,59,25,34,130,95,35,31.216931216931215,13.227513227513226,17.989417989417987,68.78306878306879,50.264550264550266,18.51851851851852
E00022472,176,25,6,19,151,123,28,14.204545454545455,3.4090909090909087,10.795454545454545,85.79545454545455,69.88636363636364,15.909090909090908
E00022473,40,22,7,15,18,15,3,55.00000000000001,17.5,37.5,45,37.5,7.5
E00022474,232,71,25,46,161,137,24,30.603448275862068,10.775862068965516,19.82758620689655,69.39655172413794,59.05172413793104,10.344827586206897
E00022475,160,30,9,21,130,107,23,18.75,5.625,13.125,81.25,66.875,14.374999999999998
E00022476,236,67,23,44,169,143,26,28.389830508474578,9.745762711864407,18.64406779661017,71.61016949152543,60.59322033898306,11.016949152542372
E00022477,187,61,24,37,126,101,25,32.62032085561498,12.834224598930483,19.786096256684495,67.37967914438502,54.01069518716578,13.368983957219251
E00022478,240,54,21,33,186,149,37,22.5,8.75,13.750000000000002,77.5,62.083333333333336,15.416666666666668
E00022479,203,51,18,33,152,136,16,25.12315270935961,8.866995073891626,16.25615763546798,74.8768472906404,66.99507389162561,7.8817733990147785
E00022480,172,50,19,31,122,101,21,29.069767441860467,11.046511627906977,18.023255813953487,70.93023255813954,58.720930232558146,12.209302325581394
E00022481,199,49,16,33,150,119,31,24.623115577889447,8.040201005025125,16.582914572864322,75.37688442211056,59.798994974874375,15.577889447236181
E00022482,210,63,14,49,147,125,22,30,6.666666666666667,23.333333333333332,70,59.523809523809526,10.476190476190476
E00022483,271,54,18,36,217,162,55,19.92619926199262,6.642066420664207,13.284132841328415,80.07380073800738,59.77859778597786,20.29520295202952
E00022484,152,66,30,36,86,76,10,43.42105263157895,19.736842105263158,23.684210526315788,56.57894736842105,50,6.578947368421052
E00022485,187,37,12,25,150,119,31,19.786096256684495,6.417112299465241,13.368983957219251,80.21390374331551,63.63636363636363,16.577540106951872
E00022486,219,84,31,53,135,118,17,38.35616438356164,14.15525114155251,24.200913242009133,61.64383561643836,53.88127853881278,7.76255707762557
E00171483,249,81,32,49,168,140,28,32.53012048192771,12.851405622489958,19.67871485943775,67.46987951807229,56.22489959839358,11.244979919678714
E00171484,237,112,20,92,125,98,27,47.257383966244724,8.438818565400844,38.81856540084388,52.742616033755276,41.35021097046413,11.39240506329114
E00171486,201,76,25,51,125,106,19,37.81094527363184,12.437810945273633,25.37313432835821,62.189054726368155,52.736318407960205,9.45273631840796
E00171488,116,41,11,30,75,65,10,35.3448275862069,9.482758620689655,25.862068965517242,64.65517241379311,56.03448275862068,8.620689655172415
E00171489,148,43,15,28,105,93,12,29.054054054054053,10.135135135135135,18.91891891891892,70.94594594594594,62.83783783783784,8.108108108108109
E00171491,138,29,12,17,109,95,14,21.014492753623188,8.695652173913043,12.318840579710146,78.98550724637681,68.84057971014492,10.144927536231885
E00171492,177,37,15,22,140,121,19,20.903954802259886,8.47457627118644,12.429378531073446,79.09604519774011,68.36158192090396,10.734463276836157
E00171494,161,62,22,40,99,92,7,38.50931677018634,13.664596273291925,24.84472049689441,61.49068322981367,57.14285714285714,4.3478260869565215
E00171497,215,54,35,19,161,128,33,25.116279069767444,16.27906976744186,8.837209302325581,74.88372093023256,59.53488372093023,15.348837209302326
E00171498,120,37,21,16,83,73,10,30.833333333333336,17.5,13.333333333333334,69.16666666666667,60.83333333333333,8.333333333333332
E00171500,272,87,31,56,185,160,25,31.985294117647058,11.397058823529411,20.588235294117645,68.01470588235294,58.82352941176471,9.191176470588236
E00171503,91,24,11,13,67,57,10,26.373626373626376,12.087912087912088,14.285714285714285,73.62637362637363,62.637362637362635,10.989010989010989
E00171505,300,85,32,53,215,186,29,28.333333333333332,10.666666666666668,17.666666666666668,71.66666666666667,62,9.666666666666666
E00171506,134,34,16,18,100,85,15,25.37313432835821,11.940298507462686,13.432835820895523,74.6268656716418,63.43283582089553,11.194029850746269
E00171508,196,63,20,43,133,107,26,32.142857142857146,10.204081632653061,21.93877551020408,67.85714285714286,54.59183673469388,13.26530612244898
E00171509,153,29,10,19,124,108,16,18.954248366013072,6.535947712418301,12.418300653594772,81.04575163398692,70.58823529411765,10.457516339869281
E00171511,192,53,22,31,139,114,25,27.604166666666668,11.458333333333332,16.145833333333336,72.39583333333334,59.375,13.020833333333334
E00171512,175,64,23,41,111,97,14,36.57142857142857,13.142857142857142,23.42857142857143,63.42857142857142,55.42857142857143,8
E00171514,172,30,8,22,142,131,11,17.441860465116278,4.651162790697675,12.790697674418606,82.55813953488372,76.16279069767442,6.395348837209303
E00171719,168,66,26,40,102,83,19,39.285714285714285,15.476190476190476,23.809523809523807,60.71428571428571,49.404761904761905,11.30952380952381
E00171721,207,52,19,33,155,137,18,25.120772946859905,9.178743961352657,15.942028985507244,74.8792270531401,66.18357487922705,8.695652173913043
E00171722,91,40,20,20,51,42,9,43.956043956043956,21.978021978021978,21.978021978021978,56.043956043956044,46.15384615384615,9.89010989010989
E00171724,152,42,15,27,110,104,6,27.631578947368425,9.868421052631579,17.763157894736842,72.36842105263158,68.42105263157895,3.9473684210526314
E00171725,183,44,21,23,139,122,17,24.043715846994534,11.475409836065573,12.568306010928962,75.95628415300546,66.66666666666666,9.289617486338798
E00171727,48,17,9,8,31,30,1,35.41666666666667,18.75,16.666666666666664,64.58333333333334,62.5,2.083333333333333
E00171730,155,43,10,33,112,94,18,27.741935483870968,6.451612903225806,21.29032258064516,72.25806451612902,60.64516129032258,11.612903225806452
E00171732,43,22,6,16,21,18,3,51.162790697674424,13.953488372093023,37.2093023255814,48.837209302325576,41.86046511627907,6.976744186046512
E00185670,216,65,33,32,151,133,18,30.09259259259259,15.277777777777779,14.814814814814813,69.9074074074074,61.57407407407407,8.333333333333332
E00185672,181,71,22,49,110,97,13,39.226519337016576,12.154696132596685,27.071823204419886,60.773480662983424,53.591160220994475,7.18232044198895
E00185674,65,13,3,10,52,46,6,20,4.615384615384616,15.384615384615385,80,70.76923076923077,9.230769230769232
E00185675,239,74,26,48,165,130,35,30.962343096234306,10.87866108786611,20.0836820083682,69.0376569037657,54.39330543933054,14.644351464435147
E00185678,202,58,13,45,144,123,21,28.71287128712871,6.435643564356436,22.277227722772277,71.28712871287128,60.89108910891089,10.396039603960396
E00185679,193,68,25,43,125,114,11,35.233160621761655,12.953367875647666,22.279792746113987,64.76683937823834,59.067357512953365,5.699481865284974
E00185680,84,24,9,15,60,53,7,28.57142857142857,10.714285714285714,17.857142857142858,71.42857142857143,63.095238095238095,8.333333333333332
E00185684,91,28,7,21,63,63,0,30.76923076923077,7.6923076923076925,23.076923076923077,69.23076923076923,69.23076923076923,0
E00185689,283,59,23,36,224,175,49,20.848056537102476,8.12720848056537,12.7208480565371,79.15194346289752,61.83745583038869,17.314487632508836
E00185691,126,37,7,30,89,79,10,29.365079365079367,5.555555555555555,23.809523809523807,70.63492063492063,62.698412698412696,7.936507936507936
E00185695,137,51,21,30,86,70,16,37.22627737226277,15.328467153284672,21.897810218978105,62.77372262773723,51.09489051094891,11.678832116788321
E00185696,183,29,8,21,154,131,23,15.846994535519126,4.371584699453552,11.475409836065573,84.15300546448088,71.58469945355192,12.568306010928962
E00185699,290,29,8,21,261,213,48,10,2.7586206896551726,7.241379310344828,90,73.44827586206897,16.551724137931036
E00185701,198,18,5,13,180,149,31,9.090909090909092,2.525252525252525,6.565656565656567,90.9090909090909,75.25252525252525,15.656565656565657
E00185705,244,39,17,22,205,168,37,15.983606557377051,6.967213114754098,9.01639344262295,84.01639344262296,68.85245901639344,15.163934426229508
E00185707,233,66,19,47,167,150,17,28.32618025751073,8.15450643776824,20.171673819742487,71.67381974248927,64.37768240343348,7.296137339055794
E00185709,143,32,12,20,111,100,11,22.377622377622377,8.391608391608392,13.986013986013987,77.62237762237763,69.93006993006993,7.6923076923076925
E00185710,184,47,17,30,137,111,26,25.543478260869566,9.239130434782608,16.304347826086957,74.45652173913044,60.32608695652174,14.130434782608695
E00185711,168,18,7,11,150,128,22,10.714285714285714,4.166666666666666,6.547619047619048,89.28571428571429,76.19047619047619,13.095238095238097
E00185712,136,34,12,22,102,79,23,25,8.823529411764707,16.176470588235293,75,58.08823529411765,16.911764705882355
E00185713,286,79,26,53,207,156,51,27.62237762237762,9.090909090909092,18.53146853146853,72.37762237762237,54.54545454545454,17.832167832167833
E00185714,142,34,16,18,108,90,18,23.943661971830984,11.267605633802818,12.676056338028168,76.05633802816901,63.38028169014085,12.676056338028168
E00185717,162,33,7,26,129,114,15,20.37037037037037,4.320987654320987,16.049382716049383,79.62962962962963,70.37037037037037,9.25925925925926
E00185720,153,33,12,21,120,102,18,21.568627450980394,7.8431372549019605,13.725490196078432,78.43137254901961,66.66666666666666,11.76470588235294
E00185724,176,41,10,31,135,109,26,23.295454545454543,5.681818181818182,17.613636363636363,76.70454545454545,61.93181818181818,14.772727272727273
E00185725,86,18,9,9,68,55,13,20.930232558139537,10.465116279069768,10.465116279069768,79.06976744186046,63.95348837209303,15.11627906976744
E00185727,184,50,19,31,134,110,24,27.173913043478258,10.326086956521738,16.847826086956523,72.82608695652173,59.78260869565217,13.043478260869565
E00185728,137,30,18,12,107,89,18,21.897810218978105,13.138686131386862,8.75912408759124,78.1021897810219,64.96350364963503,13.138686131386862
E00185730,210,61,29,32,149,127,22,29.04761904761905,13.80952380952381,15.238095238095239,70.95238095238095,60.476190476190474,10.476190476190476
E00185735,257,71,22,49,186,168,18,27.626459143968873,8.560311284046692,19.06614785992218,72.37354085603113,65.36964980544747,7.003891050583658
E00185741,155,50,19,31,105,82,23,32.25806451612903,12.258064516129032,20,67.74193548387096,52.903225806451616,14.838709677419354
E00185742,58,14,2,12,44,36,8,24.137931034482758,3.4482758620689653,20.689655172413794,75.86206896551724,62.06896551724138,13.793103448275861
E00185743,167,45,11,34,122,97,25,26.94610778443114,6.58682634730539,20.359281437125748,73.05389221556887,58.08383233532935,14.97005988023952
E00185747,129,6,0,6,123,96,27,4.651162790697675,0,4.651162790697675,95.34883720930233,74.4186046511628,20.930232558139537
E00185751,235,57,18,39,178,147,31,24.25531914893617,7.659574468085106,16.595744680851062,75.74468085106383,62.5531914893617,13.191489361702127
E00185759,344,53,16,37,291,242,49,15.406976744186046,4.651162790697675,10.755813953488373,84.59302325581395,70.34883720930233,14.244186046511627
E00185760,103,40,9,31,63,57,6,38.83495145631068,8.737864077669903,30.097087378640776,61.165048543689316,55.33980582524271,5.825242718446602
E00185766,107,27,9,18,80,73,7,25.233644859813083,8.411214953271028,16.822429906542055,74.76635514018692,68.22429906542055,6.5420560747663545
E00185767,141,33,9,24,108,94,14,23.404255319148938,6.382978723404255,17.02127659574468,76.59574468085107,66.66666666666666,9.929078014184398
E00185772,527,84,45,39,443,382,61,15.939278937381404,8.538899430740038,7.400379506641366,84.0607210626186,72.48576850094877,11.57495256166983
E00185774,159,24,11,13,135,121,14,15.09433962264151,6.918238993710692,8.176100628930817,84.90566037735849,76.10062893081762,8.80503144654088
E00185782,256,67,27,40,189,173,16,26.171875,10.546875,15.625,73.828125,67.578125,6.25
E00185783,256,76,31,45,180,149,31,29.6875,12.109375,17.578125,70.3125,58.203125,12.109375
E00185784,202,66,24,42,136,117,19,32.67326732673268,11.881188118811881,20.792079207920793,67.32673267326733,57.920792079207914,9.405940594059405
E00185788,186,62,19,43,124,111,13,33.33333333333333,10.21505376344086,23.118279569892472,66.66666666666666,59.67741935483871,6.989247311827956
E00185794,165,40,10,30,125,108,17,24.242424242424242,6.0606060606060606,18.181818181818183,75.75757575757575,65.45454545454545,10.303030303030303
E00185795,169,50,14,36,119,101,18,29.585798816568047,8.284023668639055,21.301775147928996,70.41420118343196,59.76331360946746,10.650887573964498
E00185798,152,52,17,35,100,88,12,34.21052631578947,11.18421052631579,23.026315789473685,65.78947368421053,57.89473684210527,7.894736842105263
E00185800,123,35,17,18,88,76,12,28.455284552845526,13.821138211382115,14.634146341463413,71.54471544715447,61.78861788617886,9.75609756097561
E00185801,203,28,7,21,175,139,36,13.793103448275861,3.4482758620689653,10.344827586206897,86.20689655172413,68.4729064039409,17.733990147783253
E00185802,61,11,5,6,50,43,7,18.0327868852459,8.19672131147541,9.836065573770492,81.9672131147541,70.49180327868852,11.475409836065573
E00185803,140,57,35,22,83,73,10,40.714285714285715,25,15.714285714285714,59.285714285714285,52.142857142857146,7.142857142857142
E00185807,321,25,8,17,296,251,45,7.78816199376947,2.4922118380062304,5.29595015576324,92.21183800623052,78.19314641744548,14.018691588785046
E00185809,148,31,13,18,117,100,17,20.945945945945947,8.783783783783784,12.162162162162163,79.05405405405406,67.56756756756756,11.486486486486488
E00185815,109,29,11,18,80,69,11,26.605504587155966,10.091743119266056,16.51376146788991,73.39449541284404,63.30275229357798,10.091743119266056
E00185818,225,43,13,30,182,163,19,19.11111111111111,5.777777777777778,13.333333333333334,80.88888888888889,72.44444444444444,8.444444444444445
E00185819,201,26,11,15,175,143,32,12.935323383084576,5.472636815920398,7.462686567164178,87.06467661691542,71.14427860696517,15.92039800995025
E00185820,63,19,8,11,44,38,6,30.158730158730158,12.698412698412698,17.46031746031746,69.84126984126983,60.317460317460316,9.523809523809524
E00185826,194,73,22,51,121,107,14,37.628865979381445,11.34020618556701,26.288659793814436,62.371134020618555,55.154639175257735,7.216494845360824
E00185827,162,75,42,33,87,70,17,46.2962962962963,25.925925925925924,20.37037037037037,53.70370370370371,43.20987654320987,10.493827160493826
E00185828,91,20,7,13,71,60,11,21.978021978021978,7.6923076923076925,14.285714285714285,78.02197802197803,65.93406593406593,12.087912087912088
E00185829,92,18,7,11,74,65,9,19.565217391304348,7.608695652173914,11.956521739130435,80.43478260869566,70.65217391304348,9.782608695652174
E00185833,106,38,9,29,68,55,13,35.84905660377358,8.49056603773585,27.358490566037734,64.15094339622641,51.886792452830186,12.264150943396226
E00185843,268,80,28,52,188,167,21,29.850746268656714,10.44776119402985,19.402985074626866,70.1492537313433,62.31343283582089,7.835820895522389
