OA,ts0590001,ts0590002,ts0590003,ts0590004,ts0590005,ts0590006,ts0590007,ts0590002_PCT,ts0590003_PCT,ts0590004_PCT,ts0590005_PCT,ts0590006_PCT,ts0590007_PCT
E00010569,180,51,15,36,129,110,19,28.333333333333332,8.333333333333332,20,71.66666666666667,61.111111111111114,10.555555555555555
E00010570,149,49,17,32,100,84,16,32.88590604026846,11.409395973154362,21.476510067114095,67.11409395973155,56.375838926174495,10.738255033557047
E00010571,246,68,25,43,178,154,24,27.64227642276423,10.16260162601626,17.479674796747968,72.35772357723577,62.601626016260155,9.75609756097561
E00010572,197,61,22,39,136,110,26,30.96446700507614,11.16751269035533,19.796954314720814,69.03553299492386,55.83756345177665,13.19796954314721
E00010573,249,69,20,49,180,147,33,27.710843373493976,8.032128514056225,19.67871485943775,72.28915662650603,59.036144578313255,13.253012048192772
E00010574,195,61,25,36,134,116,18,31.28205128205128,12.82051282051282,18.461538461538463,68.71794871794872,59.48717948717949,9.230769230769232
E00010575,200,59,21,38,141,120,21,29.5,10.5,19,70.5,60,10.5
E00010576,145,46,23,23,99,81,18,31.724137931034484,15.862068965517242,15.862068965517242,68.27586206896552,55.86206896551724,12.413793103448276
E00010577,207,45,22,23,162,131,31,21.73913043478261,10.628019323671497,11.11111111111111,78.26086956521739,63.28502415458937,14.975845410628018
E00010578,211,57,21,36,154,126,28,27.014218009478675,9.95260663507109,17.061611374407583,72.98578199052133,59.71563981042654,13.270142180094787
E00010579,248,76,31,45,172,141,31,30.64516129032258,12.5,18.14516129032258,69.35483870967742,56.85483870967742,12.5
E00010580,218,52,21,31,166,125,41,23.853211009174313,9.63302752293578,14.220183486238533,76.14678899082568,57.3394495412844,18.807339449541285
E00010581,208,65,23,42,143,121,22,31.25,11.057692307692307,20.192307692307693,68.75,58.17307692307693,10.576923076923077
E00010582,272,81,28,53,191,149,42,29.77941176470588,10.294117647058822,19.485294117647058,70.22058823529412,54.779411764705884,15.441176470588236
E00010583,201,50,14,36,151,133,18,24.875621890547265,6.965174129353234,17.91044776119403,75.12437810945273,66.16915422885572,8.955223880597014
E00010584,206,54,23,31,152,121,31,26.21359223300971,11.165048543689322,15.048543689320388,73.7864077669903,58.7378640776699,15.048543689320388
E00010585,242,62,22,40,180,147,33,25.6198347107438,9.090909090909092,16.528925619834713,74.3801652892562,60.74380165289256,13.636363636363635
E00010586,218,61,28,33,157,135,22,27.981651376146786,12.844036697247708,15.137614678899084,72.01834862385321,61.92660550458715,10.091743119266056
E00010587,230,73,31,42,157,128,29,31.73913043478261,13.478260869565217,18.26086956521739,68.26086956521739,55.65217391304348,12.608695652173912
E00010588,229,58,21,37,171,136,35,25.327510917030565,9.170305676855897,16.157205240174672,74.67248908296943,59.388646288209614,15.283842794759824
E00010589,256,75,27,48,181,162,19,29.296875,10.546875,18.75,70.703125,63.28125,7.421875
E00010590,211,56,25,31,155,115,40,26.540284360189574,11.848341232227488,14.691943127962084,73.45971563981043,54.502369668246445,18.95734597156398
E00010591,164,46,19,27,118,97,21,28.04878048780488,11.585365853658537,16.463414634146343,71.95121951219512,59.14634146341463,12.804878048780488
E00010592,177,46,19,27,131,94,37,25.98870056497175,10.734463276836157,15.254237288135593,74.01129943502825,53.10734463276836,20.903954802259886
E00010593,173,54,23,31,119,83,36,31.213872832369944,13.294797687861271,17.91907514450867,68.78612716763006,47.97687861271676,20.809248554913296
E00010594,207,68,33,35,139,112,27,32.850241545893724,15.942028985507244,16.908212560386474,67.14975845410628,54.106280193236714,13.043478260869565
E00010595,251,68,33,35,183,151,32,27.091633466135455,13.147410358565736,13.94422310756972,72.90836653386454,60.1593625498008,12.749003984063744
E00010596,123,30,13,17,93,75,18,24.390243902439025,10.569105691056912,13.821138211382115,75.60975609756098,60.97560975609756,14.634146341463413
E00010597,184,66,24,42,118,92,26,35.869565217391305,13.043478260869565,22.82608695652174,64.13043478260869,50,14.130434782608695
E00010598,53,22,3,19,31,31,0,41.509433962264154,5.660377358490567,35.84905660377358,58.490566037735846,58.490566037735846,0
E00010599,210,53,25,28,157,137,20,25.238095238095237,11.904761904761903,13.333333333333334,74.76190476190476,65.23809523809524,9.523809523809524
E00010600,149,42,18,24,107,91,16,28.187919463087248,12.080536912751679,16.10738255033557,71.81208053691275,61.07382550335571,10.738255033557047
E00010601,209,64,31,33,145,97,48,30.62200956937799,14.832535885167463,15.789473684210526,69.377990430622,46.411483253588514,22.966507177033492
E00010602,128,29,8,21,99,81,18,22.65625,6.25,16.40625,77.34375,63.28125,14.0625
E00010603,107,36,17,19,71,59,12,33.64485981308411,15.887850467289718,17.75700934579439,66.35514018691589,55.140186915887845,11.214953271028037
E00010604,130,47,15,32,83,66,17,36.15384615384615,11.538461538461538,24.615384615384617,63.84615384615384,50.76923076923077,13.076923076923078
E00010605,186,60,24,36,126,93,33,32.25806451612903,12.903225806451612,19.35483870967742,67.74193548387096,50,17.741935483870968
E00010606,157,49,15,34,108,92,16,31.210191082802545,9.554140127388536,21.656050955414013,68.78980891719745,58.59872611464968,10.191082802547772
E00010607,191,39,14,25,152,124,28,20.418848167539267,7.329842931937172,13.089005235602095,79.58115183246073,64.92146596858639,14.659685863874344
E00010608,158,63,22,41,95,77,18,39.87341772151899,13.924050632911392,25.949367088607595,60.12658227848101,48.734177215189874,11.39240506329114
E00010609,171,50,21,29,121,105,16,29.239766081871345,12.280701754385964,16.95906432748538,70.76023391812866,61.40350877192983,9.35672514619883
E00010610,183,67,25,42,116,93,23,36.6120218579235,13.661202185792352,22.950819672131146,63.387978142076506,50.81967213114754,12.568306010928962
E00010611,108,36,19,17,72,56,16,33.33333333333333,17.59259259259259,15.74074074074074,66.66666666666666,51.85185185185185,14.814814814814813
E00010612,190,51,23,28,139,111,28,26.842105263157894,12.105263157894736,14.736842105263156,73.15789473684211,58.42105263157895,14.736842105263156
E00010613,181,58,26,32,123,100,23,32.04419889502763,14.3646408839779,17.67955801104972,67.95580110497238,55.24861878453039,12.70718232044199
E00010614,197,75,27,48,122,107,15,38.07106598984771,13.705583756345177,24.36548223350254,61.92893401015228,54.314720812182735,7.614213197969544
E00010615,125,39,7,32,86,71,15,31.2,5.6000000000000005,25.6,68.8,56.8,12
E00010616,214,60,25,35,154,125,29,28.037383177570092,11.682242990654206,16.355140186915886,71.96261682242991,58.41121495327103,13.551401869158877
E00010617,230,83,36,47,147,112,35,36.08695652173913,15.65217391304348,20.434782608695652,63.91304347826087,48.69565217391305,15.217391304347828
E00010618,162,51,19,32,111,94,17,31.48148148148148,11.728395061728394,19.753086419753085,68.51851851851852,58.0246913580247,10.493827160493826
E00010619,198,56,21,35,142,118,24,28.28282828282828,10.606060606060606,17.67676767676768,71.71717171717171,59.59595959595959,12.121212121212121
E00010623,186,47,13,34,139,115,24,25.268817204301076,6.989247311827956,18.27956989247312,74.73118279569893,61.82795698924731,12.903225806451612
E00010624,113,31,12,19,82,62,20,27.43362831858407,10.619469026548673,16.8141592920354,72.56637168141593,54.86725663716814,17.699115044247787
E00010625,162,49,19,30,113,86,27,30.246913580246915,11.728395061728394,18.51851851851852,69.75308641975309,53.086419753086425,16.666666666666664
E00010626,124,33,8,25,91,78,13,26.61290322580645,6.451612903225806,20.161290322580644,73.38709677419355,62.903225806451616,10.483870967741936
E00010627,179,51,27,24,128,100,28,28.49162011173184,15.083798882681565,13.40782122905028,71.50837988826815,55.865921787709496,15.64245810055866
E00010628,90,23,9,14,67,51,16,25.555555555555554,10,15.555555555555555,74.44444444444444,56.666666666666664,17.77777777777778
E00010629,171,46,22,24,125,94,31,26.900584795321635,12.865497076023392,14.035087719298245,73.09941520467837,54.97076023391813,18.128654970760234
E00010630,252,73,27,46,179,132,47,28.968253968253972,10.714285714285714,18.253968253968253,71.03174603174604,52.38095238095239,18.650793650793652
E00010631,244,81,28,53,163,134,29,33.19672131147541,11.475409836065573,21.721311475409834,66.80327868852459,54.91803278688525,11.885245901639344
E00010632,203,56,22,34,147,126,21,27.586206896551722,10.83743842364532,16.748768472906402,72.41379310344827,62.06896551724138,10.344827586206897
E00010633,239,65,25,40,174,156,18,27.19665271966527,10.460251046025103,16.736401673640167,72.80334728033473,65.27196652719665,7.531380753138076
E00010634,208,63,19,44,145,115,30,30.288461538461537,9.134615384615383,21.153846153846153,69.71153846153845,55.28846153846154,14.423076923076922
E00010635,253,64,26,38,189,156,33,25.296442687747035,10.276679841897234,15.019762845849801,74.70355731225297,61.6600790513834,13.043478260869565
E00010636,201,61,21,40,140,123,17,30.34825870646766,10.44776119402985,19.900497512437813,69.65174129353234,61.19402985074627,8.45771144278607
E00010637,207,60,22,38,147,128,19,28.985507246376812,10.628019323671497,18.357487922705314,71.01449275362319,61.83574879227053,9.178743961352657
E00010638,186,52,17,35,134,118,16,27.956989247311824,9.13978494623656,18.817204301075268,72.04301075268818,63.44086021505376,8.60215053763441
E00010639,212,62,21,41,150,118,32,29.245283018867923,9.90566037735849,19.339622641509436,70.75471698113208,55.660377358490564,15.09433962264151
E00010640,218,43,13,30,175,142,33,19.724770642201836,5.963302752293578,13.761467889908257,80.27522935779817,65.13761467889908,15.137614678899084
E00010641,221,81,43,38,140,122,18,36.65158371040724,19.457013574660635,17.194570135746606,63.348416289592755,55.203619909502265,8.144796380090497
E00010642,202,64,22,42,138,115,23,31.683168316831683,10.891089108910892,20.792079207920793,68.31683168316832,56.930693069306926,11.386138613861387
E00010643,215,70,21,49,145,111,34,32.55813953488372,9.767441860465116,22.790697674418606,67.44186046511628,51.627906976744185,15.813953488372093
E00010644,221,70,26,44,151,131,20,31.674208144796378,11.76470588235294,19.90950226244344,68.32579185520362,59.276018099547514,9.049773755656108
E00010645,297,72,29,43,225,151,74,24.242424242424242,9.764309764309765,14.47811447811448,75.75757575757575,50.841750841750844,24.915824915824917
E00010646,270,97,35,62,173,144,29,35.92592592592593,12.962962962962962,22.962962962962962,64.07407407407408,53.333333333333336,10.74074074074074
E00010647,266,90,39,51,176,160,16,33.83458646616541,14.661654135338345,19.172932330827066,66.16541353383458,60.150375939849624,6.015037593984962
E00010649,76,26,9,17,50,44,6,34.21052631578947,11.842105263157894,22.36842105263158,65.78947368421053,57.89473684210527,7.894736842105263
E00010650,90,41,14,27,49,40,9,45.55555555555556,15.555555555555555,30,54.44444444444444,44.44444444444444,10
E00010651,261,84,37,47,177,152,25,32.18390804597701,14.17624521072797,18.007662835249043,67.81609195402298,58.23754789272031,9.578544061302683
E00010652,261,78,32,46,183,156,27,29.88505747126437,12.260536398467432,17.624521072796934,70.11494252873564,59.77011494252874,10.344827586206897
E00010653,205,54,22,32,151,132,19,26.34146341463415,10.731707317073171,15.609756097560975,73.65853658536585,64.39024390243902,9.268292682926829
E00010654,179,48,20,28,131,115,16,26.81564245810056,11.1731843575419,15.64245810055866,73.18435754189943,64.24581005586593,8.938547486033519
E00010655,241,75,27,48,166,140,26,31.12033195020747,11.20331950207469,19.91701244813278,68.87966804979253,58.09128630705395,10.78838174273859
E00010656,221,68,30,38,153,117,36,30.76923076923077,13.574660633484163,17.194570135746606,69.23076923076923,52.94117647058824,16.289592760180994
E00010657,211,66,25,41,145,114,31,31.27962085308057,11.848341232227488,19.431279620853083,68.72037914691943,54.02843601895735,14.691943127962084
E00010658,142,33,16,17,109,85,24,23.239436619718308,11.267605633802818,11.971830985915492,76.76056338028168,59.859154929577464,16.901408450704224
E00010660,326,77,27,50,249,212,37,23.619631901840492,8.282208588957054,15.337423312883436,76.38036809815951,65.03067484662577,11.349693251533742
E00010661,151,37,14,23,114,100,14,24.503311258278146,9.271523178807946,15.2317880794702,75.49668874172185,66.22516556291392,9.271523178807946
E00010662,165,34,14,20,131,98,33,20.606060606060606,8.484848484848486,12.121212121212121,79.39393939393939,59.3939393939394,20
E00010663,186,48,21,27,138,105,33,25.806451612903224,11.29032258064516,14.516129032258066,74.19354838709677,56.451612903225815,17.741935483870968
E00010665,81,21,8,13,60,51,9,25.925925925925924,9.876543209876543,16.049382716049383,74.07407407407408,62.96296296296296,11.11111111111111
E00010666,192,64,25,39,128,112,16,33.33333333333333,13.020833333333334,20.3125,66.66666666666666,58.333333333333336,8.333333333333332
E00010668,193,39,17,22,154,120,34,20.207253886010363,8.808290155440414,11.398963730569948,79.79274611398964,62.17616580310881,17.616580310880828
E00010670,140,33,15,18,107,87,20,23.57142857142857,10.714285714285714,12.857142857142856,76.42857142857142,62.142857142857146,14.285714285714285
E00010671,230,73,28,45,157,133,24,31.73913043478261,12.173913043478262,19.565217391304348,68.26086956521739,57.826086956521735,10.434782608695652
E00010673,96,32,10,22,64,59,5,33.33333333333333,10.416666666666668,22.916666666666664,66.66666666666666,61.458333333333336,5.208333333333334
E00010674,94,27,9,18,67,51,16,28.723404255319153,9.574468085106384,19.148936170212767,71.27659574468085,54.25531914893617,17.02127659574468
E00010675,229,76,26,50,153,127,26,33.18777292576419,11.353711790393014,21.83406113537118,66.8122270742358,55.45851528384279,11.353711790393014
E00010677,276,72,30,42,204,166,38,26.08695652173913,10.869565217391305,15.217391304347828,73.91304347826086,60.14492753623188,13.768115942028986
E00010678,218,71,25,46,147,119,28,32.56880733944954,11.46788990825688,21.100917431192663,67.43119266055045,54.58715596330275,12.844036697247708
E00010679,210,52,19,33,158,123,35,24.761904761904763,9.047619047619047,15.714285714285714,75.23809523809524,58.57142857142858,16.666666666666664
E00010681,266,67,28,39,199,155,44,25.18796992481203,10.526315789473683,14.661654135338345,74.81203007518798,58.27067669172933,16.541353383458645
E00010682,184,50,17,33,134,116,18,27.173913043478258,9.239130434782608,17.934782608695652,72.82608695652173,63.04347826086957,9.782608695652174
E00010683,200,54,23,31,146,115,31,27,11.5,15.5,73,57.49999999999999,15.5
E00010684,168,49,25,24,119,95,24,29.166666666666668,14.880952380952381,14.285714285714285,70.83333333333334,56.547619047619044,14.285714285714285
E00010685,164,57,29,28,107,85,22,34.756097560975604,17.682926829268293,17.073170731707318,65.2439024390244,51.829268292682926,13.414634146341465
E00010686,222,65,33,32,157,131,26,29.27927927927928,14.864864864864865,14.414414414414415,70.72072072072072,59.009009009009006,11.711711711711711
E00010687,157,43,20,23,114,101,13,27.388535031847134,12.738853503184714,14.64968152866242,72.61146496815286,64.3312101910828,8.280254777070063
E00010688,173,40,8,32,133,124,9,23.121387283236995,4.624277456647398,18.497109826589593,76.878612716763,71.67630057803468,5.202312138728324
E00010689,200,52,16,36,148,122,26,26,8,18,74,61,13
E00010690,182,40,9,31,142,124,18,21.978021978021978,4.945054945054945,17.032967032967033,78.02197802197803,68.13186813186813,9.89010989010989
E00010691,252,60,27,33,192,148,44,23.809523809523807,10.714285714285714,13.095238095238097,76.19047619047619,58.730158730158735,17.46031746031746
E00010692,182,60,15,45,122,102,20,32.967032967032964,8.241758241758241,24.725274725274726,67.03296703296702,56.043956043956044,10.989010989010989
E00010693,166,48,18,30,118,91,27,28.915662650602407,10.843373493975903,18.072289156626507,71.08433734939759,54.81927710843374,16.265060240963855
E00010694,164,27,15,12,137,98,39,16.463414634146343,9.146341463414634,7.317073170731707,83.53658536585365,59.756097560975604,23.78048780487805
E00010695,190,46,16,30,144,127,17,24.210526315789473,8.421052631578947,15.789473684210526,75.78947368421053,66.84210526315789,8.947368421052632
E00010696,342,110,28,82,232,149,83,32.16374269005848,8.187134502923977,23.976608187134502,67.83625730994152,43.567251461988306,24.269005847953213
E00010697,202,44,25,19,158,121,37,21.782178217821784,12.376237623762377,9.405940594059405,78.21782178217822,59.900990099009896,18.316831683168317
E00010698,197,66,19,47,131,119,12,33.50253807106599,9.644670050761421,23.85786802030457,66.49746192893402,60.40609137055838,6.091370558375635
E00010699,185,69,21,48,116,98,18,37.2972972972973,11.351351351351353,25.945945945945947,62.70270270270271,52.972972972972975,9.72972972972973
E00010700,217,65,27,38,152,119,33,29.953917050691242,12.442396313364055,17.51152073732719,70.04608294930875,54.83870967741935,15.207373271889402
E00010701,193,65,20,45,128,120,8,33.67875647668394,10.362694300518134,23.316062176165804,66.32124352331607,62.17616580310881,4.145077720207254
E00010702,144,36,13,23,108,85,23,25,9.027777777777777,15.972222222222221,75,59.02777777777778,15.972222222222221
E00010703,176,55,18,37,121,100,21,31.25,10.227272727272728,21.022727272727273,68.75,56.81818181818182,11.931818181818182
E00010704,186,70,19,51,116,100,16,37.634408602150536,10.21505376344086,27.419354838709676,62.365591397849464,53.76344086021505,8.60215053763441
E00010705,99,20,8,12,79,35,44,20.2020202020202,8.080808080808081,12.121212121212121,79.7979797979798,35.35353535353536,44.44444444444444
E00010706,134,65,26,39,69,62,7,48.507462686567166,19.402985074626866,29.1044776119403,51.49253731343284,46.26865671641791,5.223880597014925
E00010707,152,32,12,20,120,99,21,21.052631578947366,7.894736842105263,13.157894736842104,78.94736842105263,65.13157894736842,13.815789473684212
E00010708,78,21,7,14,57,36,21,26.923076923076923,8.974358974358974,17.94871794871795,73.07692307692307,46.15384615384615,26.923076923076923
E00010709,60,34,11,23,26,23,3,56.666666666666664,18.333333333333332,38.333333333333336,43.333333333333336,38.333333333333336,5
E00010710,128,38,13,25,90,64,26,29.6875,10.15625,19.53125,70.3125,50,20.3125
E00010711,143,35,13,22,108,102,6,24.475524475524477,9.090909090909092,15.384615384615385,75.52447552447552,71.32867132867133,4.195804195804196
E00010712,202,78,28,50,124,105,19,38.613861386138616,13.861386138613863,24.752475247524753,61.386138613861384,51.98019801980198,9.405940594059405
E00010713,137,38,15,23,99,83,16,27.73722627737226,10.948905109489052,16.78832116788321,72.26277372262774,60.58394160583942,11.678832116788321
E00010714,147,34,10,24,113,88,25,23.12925170068027,6.802721088435375,16.3265306122449,76.87074829931973,59.863945578231295,17.006802721088434
E00010715,137,62,11,51,75,69,6,45.25547445255474,8.02919708029197,37.22627737226277,54.74452554744526,50.36496350364964,4.37956204379562
E00010716,130,31,13,18,99,72,27,23.846153846153847,10,13.846153846153847,76.15384615384615,55.38461538461539,20.76923076923077
E00010717,232,68,26,42,164,138,26,29.310344827586203,11.206896551724139,18.103448275862068,70.6896551724138,59.48275862068966,11.206896551724139
E00010718,206,66,30,36,140,96,44,32.038834951456316,14.563106796116504,17.475728155339805,67.96116504854369,46.601941747572816,21.35922330097087
E00010719,220,62,25,37,158,118,40,28.18181818181818,11.363636363636363,16.818181818181817,71.81818181818181,53.63636363636364,18.181818181818183
E00010720,216,61,28,33,155,133,22,28.240740740740737,12.962962962962962,15.277777777777779,71.75925925925925,61.57407407407407,10.185185185185185
E00010721,119,35,9,26,84,75,9,29.411764705882355,7.563025210084033,21.84873949579832,70.58823529411765,63.02521008403361,7.563025210084033
E00010722,241,75,34,41,166,139,27,31.12033195020747,14.107883817427386,17.012448132780083,68.87966804979253,57.676348547717836,11.20331950207469
E00010723,179,36,11,25,143,127,16,20.11173184357542,6.145251396648044,13.966480446927374,79.88826815642457,70.94972067039106,8.938547486033519
E00010724,72,14,5,9,58,29,29,19.444444444444446,6.944444444444445,12.5,80.55555555555556,40.27777777777778,40.27777777777778
E00010725,103,21,8,13,82,57,25,20.388349514563107,7.766990291262135,12.62135922330097,79.6116504854369,55.33980582524271,24.271844660194176
E00010726,176,52,25,27,124,100,24,29.545454545454547,14.204545454545455,15.340909090909092,70.45454545454545,56.81818181818182,13.636363636363635
E00010727,195,59,24,35,136,119,17,30.256410256410255,12.307692307692308,17.94871794871795,69.74358974358974,61.02564102564103,8.717948717948717
E00010728,168,46,14,32,122,107,15,27.380952380952383,8.333333333333332,19.047619047619047,72.61904761904762,63.69047619047619,8.928571428571429
E00010729,125,38,11,27,87,73,14,30.4,8.799999999999999,21.6,69.6,58.4,11.200000000000001
E00010730,192,69,25,44,123,94,29,35.9375,13.020833333333334,22.916666666666664,64.0625,48.95833333333333,15.104166666666666
E00010731,122,48,17,31,74,64,10,39.34426229508197,13.934426229508196,25.40983606557377,60.65573770491803,52.459016393442624,8.19672131147541
E00010732,174,62,21,41,112,94,18,35.63218390804598,12.068965517241379,23.563218390804597,64.36781609195403,54.02298850574713,10.344827586206897
E00010733,156,50,20,30,106,83,23,32.05128205128205,12.82051282051282,19.230769230769234,67.94871794871796,53.205128205128204,14.743589743589745
E00010734,169,57,17,40,112,98,14,33.72781065088758,10.059171597633137,23.668639053254438,66.27218934911244,57.98816568047337,8.284023668639055
E00010735,171,54,24,30,117,100,17,31.57894736842105,14.035087719298245,17.543859649122805,68.42105263157895,58.47953216374269,9.941520467836257
E00010736,199,64,29,35,135,110,25,32.1608040201005,14.572864321608039,17.587939698492463,67.8391959798995,55.27638190954774,12.562814070351758
E00010737,91,35,14,21,56,54,2,38.46153846153847,15.384615384615385,23.076923076923077,61.53846153846154,59.34065934065934,2.197802197802198
E00010738,161,45,22,23,116,99,17,27.95031055900621,13.664596273291925,14.285714285714285,72.04968944099379,61.49068322981367,10.559006211180124
E00010739,174,61,20,41,113,101,12,35.05747126436782,11.494252873563218,23.563218390804597,64.9425287356322,58.04597701149425,6.896551724137931
E00010740,179,63,22,41,116,98,18,35.19553072625698,12.290502793296088,22.905027932960895,64.80446927374301,54.7486033519553,10.05586592178771
E00010741,211,64,23,41,147,126,21,30.33175355450237,10.90047393364929,19.431279620853083,69.66824644549763,59.71563981042654,9.95260663507109
E00010742,181,60,23,37,121,116,5,33.14917127071823,12.70718232044199,20.441988950276244,66.85082872928176,64.08839779005525,2.7624309392265194
E00010743,70,20,10,10,50,39,11,28.57142857142857,14.285714285714285,14.285714285714285,71.42857142857143,55.714285714285715,15.714285714285714
E00010744,169,60,33,27,109,86,23,35.50295857988166,19.526627218934912,15.976331360946746,64.49704142011834,50.887573964497044,13.609467455621301
E00010745,195,67,26,41,128,107,21,34.35897435897436,13.333333333333334,21.025641025641026,65.64102564102564,54.871794871794876,10.76923076923077
E00010746,194,58,17,41,136,102,34,29.896907216494846,8.762886597938143,21.1340206185567,70.10309278350515,52.57731958762887,17.525773195876287
E00010747,119,30,12,18,89,70,19,25.210084033613445,10.084033613445378,15.126050420168067,74.78991596638656,58.82352941176471,15.966386554621847
E00010748,163,41,18,23,122,106,16,25.153374233128833,11.042944785276074,14.11042944785276,74.84662576687117,65.03067484662577,9.815950920245399
E00010749,192,56,20,36,136,102,34,29.166666666666668,10.416666666666668,18.75,70.83333333333334,53.125,17.708333333333336
E00010750,186,54,23,31,132,102,30,29.03225806451613,12.365591397849462,16.666666666666664,70.96774193548387,54.83870967741935,16.129032258064516
E00010751,164,57,20,37,107,84,23,34.756097560975604,12.195121951219512,22.5609756097561,65.2439024390244,51.21951219512195,14.02439024390244
E00010752,104,31,10,21,73,62,11,29.807692307692307,9.615384615384617,20.192307692307693,70.1923076923077,59.61538461538461,10.576923076923077
E00010753,181,52,17,35,129,107,22,28.7292817679558,9.392265193370166,19.337016574585636,71.27071823204419,59.11602209944752,12.154696132596685
E00010754,216,69,21,48,147,131,16,31.944444444444443,9.722222222222223,22.22222222222222,68.05555555555556,60.64814814814815,7.4074074074074066
E00010755,185,45,18,27,140,113,27,24.324324324324326,9.72972972972973,14.594594594594595,75.67567567567568,61.08108108108108,14.594594594594595
E00010756,114,38,16,22,76,64,12,33.33333333333333,14.035087719298245,19.298245614035086,66.66666666666666,56.14035087719298,10.526315789473683
E00010757,159,50,15,35,109,98,11,31.446540880503143,9.433962264150944,22.0125786163522,68.55345911949685,61.63522012578616,6.918238993710692
E00010758,127,40,15,25,87,80,7,31.496062992125985,11.811023622047244,19.68503937007874,68.50393700787401,62.99212598425197,5.511811023622047
E00010759,162,49,22,27,113,93,20,30.246913580246915,13.580246913580247,16.666666666666664,69.75308641975309,57.407407407407405,12.345679012345679
E00010760,144,53,21,32,91,74,17,36.80555555555556,14.583333333333334,22.22222222222222,63.19444444444444,51.388888888888886,11.805555555555555
E00010761,138,43,14,29,95,69,26,31.15942028985507,10.144927536231885,21.014492753623188,68.84057971014492,50,18.84057971014493
E00010762,150,43,16,27,107,90,17,28.666666666666668,10.666666666666668,18,71.33333333333334,60,11.333333333333332
E00010763,158,46,16,30,112,86,26,29.11392405063291,10.126582278481013,18.9873417721519,70.88607594936708,54.43037974683544,16.455696202531644
E00010764,171,45,20,25,126,102,24,26.31578947368421,11.695906432748536,14.619883040935672,73.68421052631578,59.64912280701754,14.035087719298245
E00010765,120,36,17,19,84,65,19,30,14.166666666666666,15.833333333333332,70,54.166666666666664,15.833333333333332
E00010766,287,86,28,58,201,161,40,29.965156794425084,9.75609756097561,20.209059233449477,70.03484320557492,56.09756097560976,13.937282229965156
E00010767,113,31,16,15,82,72,10,27.43362831858407,14.15929203539823,13.274336283185843,72.56637168141593,63.716814159292035,8.849557522123893
E00010768,200,74,27,47,126,111,15,37,13.5,23.5,63,55.50000000000001,7.5
E00010769,211,47,14,33,164,135,29,22.274881516587676,6.6350710900473935,15.639810426540285,77.72511848341233,63.98104265402843,13.744075829383887
E00010770,170,42,18,24,128,90,38,24.705882352941178,10.588235294117647,14.117647058823529,75.29411764705883,52.94117647058824,22.35294117647059
E00010771,137,40,13,27,97,83,14,29.1970802919708,9.48905109489051,19.708029197080293,70.8029197080292,60.58394160583942,10.218978102189782
E00010772,211,73,27,46,138,116,22,34.59715639810427,12.796208530805686,21.80094786729858,65.40284360189574,54.976303317535546,10.42654028436019
E00010773,131,52,16,36,79,70,9,39.69465648854962,12.213740458015266,27.480916030534353,60.30534351145038,53.43511450381679,6.870229007633588
E00010774,156,41,17,24,115,87,28,26.282051282051285,10.897435897435898,15.384615384615385,73.71794871794873,55.769230769230774,17.94871794871795
E00010775,141,53,17,36,88,79,9,37.5886524822695,12.056737588652481,25.53191489361702,62.4113475177305,56.02836879432624,6.382978723404255
E00010776,165,49,23,26,116,73,43,29.6969696969697,13.939393939393941,15.757575757575756,70.3030303030303,44.24242424242424,26.060606060606062
E00010777,172,54,23,31,118,89,29,31.3953488372093,13.372093023255813,18.023255813953487,68.6046511627907,51.74418604651163,16.86046511627907
E00010778,185,49,19,30,136,112,24,26.486486486486488,10.27027027027027,16.216216216216218,73.51351351351352,60.54054054054055,12.972972972972974
E00010779,147,34,14,20,113,84,29,23.12925170068027,9.523809523809524,13.60544217687075,76.87074829931973,57.14285714285714,19.727891156462583
E00010780,210,55,18,37,155,131,24,26.190476190476193,8.571428571428571,17.61904761904762,73.80952380952381,62.38095238095238,11.428571428571429
E00010781,176,60,22,38,116,87,29,34.090909090909086,12.5,21.59090909090909,65.9090909090909,49.43181818181818,16.477272727272727
E00010782,143,33,11,22,110,102,8,23.076923076923077,7.6923076923076925,15.384615384615385,76.92307692307693,71.32867132867133,5.594405594405594
E00010783,194,43,22,21,151,119,32,22.164948453608247,11.34020618556701,10.824742268041238,77.83505154639175,61.34020618556701,16.49484536082474
E00010784,172,55,16,39,117,93,24,31.976744186046513,9.30232558139535,22.674418604651162,68.02325581395348,54.06976744186046,13.953488372093023
E00010785,150,66,14,52,84,71,13,44,9.333333333333334,34.66666666666667,56.00000000000001,47.333333333333336,8.666666666666668
E00010786,156,56,20,36,100,76,24,35.8974358974359,12.82051282051282,23.076923076923077,64.1025641025641,48.717948717948715,15.384615384615385
E00010787,168,50,19,31,118,98,20,29.761904761904763,11.30952380952381,18.452380952380953,70.23809523809523,58.333333333333336,11.904761904761903
E00010788,133,35,12,23,98,81,17,26.31578947368421,9.022556390977442,17.293233082706767,73.68421052631578,60.902255639097746,12.781954887218044
E00010789,150,53,19,34,97,74,23,35.333333333333336,12.666666666666668,22.666666666666664,64.66666666666666,49.333333333333336,15.333333333333332
E00010790,176,55,24,31,121,106,15,31.25,13.636363636363635,17.613636363636363,68.75,60.22727272727273,8.522727272727272
E00010791,184,54,20,34,130,99,31,29.347826086956523,10.869565217391305,18.478260869565215,70.65217391304348,53.80434782608695,16.847826086956523
E00010792,116,42,17,25,74,63,11,36.206896551724135,14.655172413793101,21.551724137931032,63.793103448275865,54.310344827586206,9.482758620689655
E00010793,216,67,25,42,149,125,24,31.01851851851852,11.574074074074074,19.444444444444446,68.98148148148148,57.870370370370374,11.11111111111111
E00010794,233,48,20,28,185,131,54,20.600858369098713,8.583690987124463,12.017167381974248,79.39914163090128,56.22317596566524,23.17596566523605
E00010795,188,42,14,28,146,119,27,22.340425531914892,7.446808510638298,14.893617021276595,77.6595744680851,63.297872340425535,14.361702127659576
E00010796,173,42,12,30,131,108,23,24.277456647398843,6.9364161849710975,17.341040462427745,75.72254335260115,62.42774566473989,13.294797687861271
E00010797,184,43,24,19,141,120,21,23.369565217391305,13.043478260869565,10.326086956521738,76.63043478260869,65.21739130434783,11.41304347826087
E00010798,156,33,8,25,123,100,23,21.153846153846153,5.128205128205128,16.025641025641026,78.84615384615384,64.1025641025641,14.743589743589745
E00010799,192,39,17,22,153,140,13,20.3125,8.854166666666668,11.458333333333332,79.6875,72.91666666666666,6.770833333333333
E00010800,182,45,19,26,137,108,29,24.725274725274726,10.43956043956044,14.285714285714285,75.27472527472527,59.34065934065934,15.934065934065933
E00010801,246,68,35,33,178,147,31,27.64227642276423,14.227642276422763,13.414634146341465,72.35772357723577,59.756097560975604,12.601626016260163
E00010802,216,49,21,28,167,143,24,22.685185185185187,9.722222222222223,12.962962962962962,77.31481481481481,66.20370370370371,11.11111111111111
E00010803,175,35,9,26,140,118,22,20,5.142857142857142,14.857142857142858,80,67.42857142857143,12.571428571428573
E00010804,210,56,21,35,154,127,27,26.666666666666668,10,16.666666666666664,73.33333333333333,60.476190476190474,12.857142857142856
E00010805,184,39,13,26,145,111,34,21.195652173913043,7.065217391304348,14.130434782608695,78.80434782608695,60.32608695652174,18.478260869565215
E00010806,139,52,18,34,87,69,18,37.410071942446045,12.949640287769784,24.46043165467626,62.589928057553955,49.64028776978417,12.949640287769784
E00010807,178,46,17,29,132,102,30,25.842696629213485,9.550561797752808,16.292134831460675,74.15730337078652,57.30337078651685,16.853932584269664
E00010808,196,44,14,30,152,134,18,22.448979591836736,7.142857142857142,15.306122448979592,77.55102040816327,68.36734693877551,9.183673469387756
E00010809,126,40,16,24,86,77,9,31.746031746031743,12.698412698412698,19.047619047619047,68.25396825396825,61.111111111111114,7.142857142857142
E00010810,194,56,27,29,138,116,22,28.865979381443296,13.917525773195877,14.948453608247423,71.1340206185567,59.79381443298969,11.34020618556701
E00010811,185,50,25,25,135,108,27,27.027027027027028,13.513513513513514,13.513513513513514,72.97297297297297,58.37837837837838,14.594594594594595
E00010812,178,46,20,26,132,106,26,25.842696629213485,11.235955056179774,14.606741573033707,74.15730337078652,59.55056179775281,14.606741573033707
E00010813,134,40,18,22,94,76,18,29.850746268656714,13.432835820895523,16.417910447761194,70.1492537313433,56.71641791044776,13.432835820895523
E00010814,258,66,24,42,192,174,18,25.581395348837212,9.30232558139535,16.27906976744186,74.4186046511628,67.44186046511628,6.976744186046512
E00010815,184,52,26,26,132,108,24,28.26086956521739,14.130434782608695,14.130434782608695,71.73913043478261,58.69565217391305,13.043478260869565
E00010817,158,39,15,24,119,98,21,24.68354430379747,9.49367088607595,15.18987341772152,75.31645569620254,62.0253164556962,13.291139240506327
E00010818,177,54,20,34,123,105,18,30.508474576271187,11.299435028248588,19.2090395480226,69.49152542372882,59.32203389830508,10.16949152542373
E00010819,195,58,20,38,137,110,27,29.743589743589745,10.256410256410255,19.48717948717949,70.25641025641025,56.41025641025641,13.846153846153847
E00010820,177,33,9,24,144,125,19,18.64406779661017,5.084745762711865,13.559322033898304,81.35593220338984,70.62146892655367,10.734463276836157
E00010821,184,48,13,35,136,115,21,26.08695652173913,7.065217391304348,19.021739130434785,73.91304347826086,62.5,11.41304347826087
E00010822,197,50,17,33,147,119,28,25.380710659898476,8.629441624365482,16.751269035532996,74.61928934010153,60.40609137055838,14.213197969543149
E00010823,192,63,29,34,129,112,17,32.8125,15.104166666666666,17.708333333333336,67.1875,58.333333333333336,8.854166666666668
E00010824,221,61,17,44,160,135,25,27.601809954751133,7.6923076923076925,19.90950226244344,72.39819004524887,61.085972850678736,11.312217194570136
E00010825,212,47,11,36,165,140,25,22.169811320754718,5.188679245283019,16.9811320754717,77.83018867924528,66.0377358490566,11.79245283018868
E00010826,226,73,22,51,153,133,20,32.30088495575221,9.734513274336283,22.566371681415927,67.69911504424779,58.849557522123895,8.849557522123893
E00010827,188,51,19,32,137,108,29,27.127659574468083,10.106382978723403,17.02127659574468,72.87234042553192,57.446808510638306,15.425531914893616
E00010828,202,75,31,44,127,114,13,37.12871287128713,15.346534653465346,21.782178217821784,62.87128712871287,56.43564356435643,6.435643564356436
E00010829,218,60,19,41,158,123,35,27.522935779816514,8.715596330275229,18.807339449541285,72.47706422018348,56.42201834862385,16.055045871559635
E00010830,183,58,20,38,125,104,21,31.693989071038253,10.92896174863388,20.76502732240437,68.30601092896174,56.830601092896174,11.475409836065573
E00010831,194,50,15,35,144,116,28,25.773195876288657,7.731958762886598,18.04123711340206,74.22680412371135,59.79381443298969,14.432989690721648
E00010832,167,52,21,31,115,101,14,31.137724550898206,12.574850299401197,18.562874251497004,68.8622754491018,60.47904191616767,8.383233532934131
E00010833,219,64,22,42,155,134,21,29.22374429223744,10.045662100456621,19.17808219178082,70.77625570776256,61.18721461187214,9.58904109589041
E00010834,221,55,27,28,166,143,23,24.8868778280543,12.217194570135746,12.669683257918551,75.1131221719457,64.70588235294117,10.407239819004525
E00010835,185,57,18,39,128,109,19,30.810810810810814,9.72972972972973,21.08108108108108,69.1891891891892,58.91891891891892,10.27027027027027
E00010836,189,68,29,39,121,99,22,35.978835978835974,15.343915343915343,20.634920634920633,64.02116402116403,52.38095238095239,11.64021164021164
E00010837,216,62,26,36,154,136,18,28.703703703703702,12.037037037037036,16.666666666666664,71.29629629629629,62.96296296296296,8.333333333333332
E00010838,197,66,28,38,131,112,19,33.50253807106599,14.213197969543149,19.289340101522843,66.49746192893402,56.852791878172596,9.644670050761421
E00010839,183,61,26,35,122,94,28,33.33333333333333,14.207650273224044,19.12568306010929,66.66666666666666,51.36612021857923,15.300546448087433
E00010840,275,82,33,49,193,161,32,29.818181818181817,12,17.81818181818182,70.18181818181817,58.54545454545455,11.636363636363637
E00010842,194,78,22,56,116,101,15,40.20618556701031,11.34020618556701,28.865979381443296,59.79381443298969,52.0618556701031,7.731958762886598
E00010843,217,66,31,35,151,117,34,30.414746543778804,14.285714285714285,16.129032258064516,69.5852534562212,53.91705069124424,15.668202764976957
E00010844,153,53,23,30,100,91,9,34.64052287581699,15.032679738562091,19.607843137254903,65.359477124183,59.47712418300654,5.88235294117647
E00010845,212,60,22,38,152,119,33,28.30188679245283,10.377358490566039,17.92452830188679,71.69811320754717,56.132075471698116,15.566037735849056
E00010846,160,56,17,39,104,88,16,35,10.625,24.375,65,55.00000000000001,10
E00010847,201,55,18,37,146,122,24,27.363184079601986,8.955223880597014,18.407960199004975,72.636815920398,60.69651741293532,11.940298507462686
E00010848,187,68,29,39,119,105,14,36.36363636363637,15.508021390374333,20.855614973262032,63.63636363636363,56.14973262032086,7.4866310160427805
E00010849,226,62,20,42,164,130,34,27.43362831858407,8.849557522123893,18.58407079646018,72.56637168141593,57.52212389380531,15.04424778761062
E00010850,272,93,36,57,179,149,30,34.19117647058824,13.23529411764706,20.955882352941178,65.80882352941177,54.779411764705884,11.029411764705882
E00010851,219,62,22,40,157,138,19,28.31050228310502,10.045662100456621,18.2648401826484,71.68949771689498,63.013698630136986,8.67579908675799
E00010852,255,96,40,56,159,130,29,37.64705882352941,15.686274509803921,21.96078431372549,62.35294117647059,50.98039215686274,11.372549019607844
E00010853,191,54,17,37,137,106,31,28.272251308900525,8.900523560209423,19.3717277486911,71.72774869109948,55.497382198952884,16.230366492146597
E00010854,214,72,30,42,142,113,29,33.64485981308411,14.018691588785046,19.626168224299064,66.35514018691589,52.80373831775701,13.551401869158877
E00010855,204,63,25,38,141,120,21,30.88235294117647,12.254901960784313,18.627450980392158,69.11764705882352,58.82352941176471,10.294117647058822
E00010856,127,31,10,21,96,87,9,24.409448818897637,7.874015748031496,16.535433070866144,75.59055118110236,68.50393700787401,7.086614173228346
E00010857,201,57,19,38,144,126,18,28.35820895522388,9.45273631840796,18.90547263681592,71.64179104477611,62.68656716417911,8.955223880597014
E00010858,181,53,18,35,128,119,9,29.2817679558011,9.94475138121547,19.337016574585636,70.71823204419888,65.74585635359117,4.972375690607735
E00010859,229,64,20,44,165,144,21,27.947598253275107,8.73362445414847,19.213973799126638,72.0524017467249,62.882096069869,9.170305676855897
E00010860,248,68,27,41,180,137,43,27.419354838709676,10.887096774193548,16.532258064516128,72.58064516129032,55.24193548387096,17.338709677419356
E00010861,250,75,24,51,175,150,25,30,9.6,20.4,70,60,10
E00010862,176,52,18,34,124,104,20,29.545454545454547,10.227272727272728,19.318181818181817,70.45454545454545,59.09090909090909,11.363636363636363
E00010863,232,65,17,48,167,144,23,28.01724137931034,7.327586206896551,20.689655172413794,71.98275862068965,62.06896551724138,9.913793103448276
E00010864,257,81,34,47,176,148,28,31.517509727626457,13.229571984435799,18.28793774319066,68.48249027237354,57.58754863813229,10.894941634241246
E00010865,131,44,11,33,87,76,11,33.587786259541986,8.396946564885496,25.190839694656486,66.41221374045801,58.01526717557252,8.396946564885496
E00010866,210,62,18,44,148,122,26,29.523809523809526,8.571428571428571,20.952380952380953,70.47619047619048,58.0952380952381,12.380952380952381
E00010867,108,43,14,29,65,51,14,39.81481481481482,12.962962962962962,26.851851851851855,60.18518518518518,47.22222222222222,12.962962962962962
E00010868,238,59,23,36,179,152,27,24.789915966386555,9.663865546218489,15.126050420168067,75.21008403361344,63.86554621848739,11.344537815126051
E00010869,285,80,30,50,205,170,35,28.07017543859649,10.526315789473683,17.543859649122805,71.9298245614035,59.64912280701754,12.280701754385964
E00010870,219,58,16,42,161,147,14,26.48401826484018,7.30593607305936,19.17808219178082,73.51598173515981,67.12328767123287,6.392694063926941
E00010871,211,75,35,40,136,119,17,35.54502369668246,16.587677725118482,18.95734597156398,64.45497630331754,56.39810426540285,8.056872037914692
E00010872,154,56,21,35,98,90,8,36.36363636363637,13.636363636363635,22.727272727272727,63.63636363636363,58.44155844155844,5.194805194805195
E00010873,142,40,18,22,102,90,12,28.169014084507044,12.676056338028168,15.492957746478872,71.83098591549296,63.38028169014085,8.450704225352112
E00010874,199,54,21,33,145,120,25,27.1356783919598,10.552763819095476,16.582914572864322,72.8643216080402,60.30150753768844,12.562814070351758
E00010875,181,53,18,35,128,109,19,29.2817679558011,9.94475138121547,19.337016574585636,70.71823204419888,60.22099447513812,10.497237569060774
E00010876,175,42,18,24,133,111,22,24,10.285714285714285,13.714285714285715,76,63.42857142857142,12.571428571428573
E00010877,175,41,11,30,134,117,17,23.42857142857143,6.2857142857142865,17.142857142857142,76.57142857142857,66.85714285714286,9.714285714285714
E00010878,178,59,20,39,119,98,21,33.146067415730336,11.235955056179774,21.910112359550563,66.85393258426966,55.0561797752809,11.797752808988763
E00010879,240,71,29,42,169,133,36,29.583333333333332,12.083333333333334,17.5,70.41666666666667,55.41666666666667,15
E00010880,231,63,21,42,168,141,27,27.27272727272727,9.090909090909092,18.181818181818183,72.72727272727273,61.038961038961034,11.688311688311687
E00010881,252,80,37,43,172,139,33,31.746031746031743,14.682539682539684,17.063492063492063,68.25396825396825,55.158730158730165,13.095238095238097
E00010882,250,70,29,41,180,154,26,28.000000000000004,11.600000000000001,16.400000000000002,72,61.6,10.4
E00010883,203,46,14,32,157,129,28,22.660098522167488,6.896551724137931,15.763546798029557,77.33990147783251,63.54679802955665,13.793103448275861
E00010884,182,44,21,23,138,112,26,24.175824175824175,11.538461538461538,12.637362637362637,75.82417582417582,61.53846153846154,14.285714285714285
E00010885,176,40,15,25,136,113,23,22.727272727272727,8.522727272727272,14.204545454545455,77.27272727272727,64.20454545454545,13.068181818181818
E00010886,250,72,25,47,178,155,23,28.799999999999997,10,18.8,71.2,62,9.2
E00010887,204,44,18,26,160,135,25,21.568627450980394,8.823529411764707,12.745098039215685,78.43137254901961,66.17647058823529,12.254901960784313
E00010888,160,45,22,23,115,105,10,28.125,13.750000000000002,14.374999999999998,71.875,65.625,6.25
E00010889,219,64,24,40,155,128,27,29.22374429223744,10.95890410958904,18.2648401826484,70.77625570776256,58.44748858447488,12.32876712328767
E00010890,180,59,18,41,121,104,17,32.77777777777778,10,22.77777777777778,67.22222222222223,57.77777777777777,9.444444444444445
E00010891,211,51,17,34,160,137,23,24.170616113744074,8.056872037914692,16.113744075829384,75.82938388625593,64.92890995260665,10.90047393364929
E00010892,200,51,19,32,149,127,22,25.5,9.5,16,74.5,63.5,11
E00010893,216,59,22,37,157,138,19,27.314814814814813,10.185185185185185,17.12962962962963,72.68518518518519,63.888888888888886,8.796296296296296
E00010894,185,53,26,27,132,115,17,28.64864864864865,14.054054054054054,14.594594594594595,71.35135135135135,62.16216216216216,9.18918918918919
E00010895,203,58,25,33,145,122,23,28.57142857142857,12.31527093596059,16.25615763546798,71.42857142857143,60.09852216748769,11.330049261083744
E00010896,212,66,29,37,146,128,18,31.132075471698112,13.679245283018867,17.452830188679243,68.86792452830188,60.37735849056604,8.49056603773585
E00010897,266,66,24,42,200,163,37,24.81203007518797,9.022556390977442,15.789473684210526,75.18796992481202,61.278195488721806,13.909774436090224
E00010898,193,61,18,43,132,110,22,31.606217616580313,9.32642487046632,22.279792746113987,68.39378238341969,56.994818652849744,11.398963730569948
E00010899,253,73,24,49,180,145,35,28.85375494071146,9.486166007905137,19.367588932806324,71.14624505928853,57.31225296442688,13.83399209486166
E00010900,173,48,11,37,125,107,18,27.74566473988439,6.358381502890173,21.38728323699422,72.25433526011561,61.849710982658955,10.404624277456648
E00010901,234,69,28,41,165,138,27,29.48717948717949,11.965811965811966,17.52136752136752,70.51282051282051,58.97435897435898,11.538461538461538
E00010902,193,55,20,35,138,119,19,28.497409326424872,10.362694300518134,18.134715025906736,71.50259067357513,61.6580310880829,9.844559585492227
E00010903,158,49,18,31,109,99,10,31.0126582278481,11.39240506329114,19.62025316455696,68.9873417721519,62.65822784810127,6.329113924050633
E00010907,200,59,22,37,141,121,20,29.5,11,18.5,70.5,60.5,10
E00010908,119,36,17,19,83,74,9,30.252100840336134,14.285714285714285,15.966386554621847,69.74789915966386,62.18487394957983,7.563025210084033
E00010909,226,71,32,39,155,130,25,31.41592920353982,14.15929203539823,17.25663716814159,68.58407079646017,57.52212389380531,11.061946902654867
E00010912,231,67,23,44,164,134,30,29.004329004329005,9.956709956709958,19.047619047619047,70.995670995671,58.00865800865801,12.987012987012985
E00010913,176,61,19,42,115,102,13,34.659090909090914,10.795454545454545,23.863636363636363,65.3409090909091,57.95454545454546,7.386363636363637
E00010914,201,53,25,28,148,116,32,26.368159203980102,12.437810945273633,13.930348258706468,73.6318407960199,57.711442786069654,15.92039800995025
E00010915,191,63,23,40,128,108,20,32.98429319371728,12.041884816753926,20.94240837696335,67.01570680628272,56.54450261780105,10.471204188481675
E00010916,182,46,14,32,136,114,22,25.274725274725274,7.6923076923076925,17.582417582417584,74.72527472527473,62.637362637362635,12.087912087912088
E00010917,216,77,33,44,139,116,23,35.648148148148145,15.277777777777779,20.37037037037037,64.35185185185185,53.70370370370371,10.648148148148149
E00010918,207,56,27,29,151,123,28,27.053140096618357,13.043478260869565,14.009661835748794,72.94685990338165,59.42028985507246,13.526570048309178
E00010919,203,72,28,44,131,118,13,35.467980295566505,13.793103448275861,21.67487684729064,64.5320197044335,58.128078817733986,6.403940886699508
E00010920,221,70,28,42,151,133,18,31.674208144796378,12.669683257918551,19.004524886877828,68.32579185520362,60.18099547511312,8.144796380090497
E00010921,174,39,20,19,135,115,20,22.413793103448278,11.494252873563218,10.919540229885058,77.58620689655173,66.0919540229885,11.494252873563218
E00010922,100,27,10,17,73,62,11,27,10,17,73,62,11
E00010923,214,56,20,36,158,124,34,26.168224299065418,9.345794392523365,16.822429906542055,73.83177570093457,57.943925233644855,15.887850467289718
E00010925,207,63,31,32,144,129,15,30.434782608695656,14.975845410628018,15.458937198067632,69.56521739130434,62.31884057971014,7.246376811594203
E00010926,204,70,24,46,134,119,15,34.31372549019608,11.76470588235294,22.54901960784314,65.68627450980392,58.333333333333336,7.352941176470589
E00010927,193,62,24,38,131,117,14,32.12435233160622,12.435233160621761,19.689119170984455,67.87564766839378,60.62176165803109,7.253886010362693
E00010928,205,64,21,43,141,120,21,31.21951219512195,10.24390243902439,20.975609756097562,68.78048780487805,58.536585365853654,10.24390243902439
E00010930,153,51,16,35,102,89,13,33.33333333333333,10.457516339869281,22.875816993464053,66.66666666666666,58.16993464052288,8.49673202614379
E00010931,161,48,15,33,113,86,27,29.81366459627329,9.316770186335404,20.496894409937887,70.1863354037267,53.41614906832298,16.77018633540373
E00010932,161,54,18,36,107,90,17,33.54037267080746,11.180124223602485,22.36024844720497,66.45962732919256,55.90062111801242,10.559006211180124
E00010933,201,60,30,30,141,104,37,29.850746268656714,14.925373134328357,14.925373134328357,70.1492537313433,51.741293532338304,18.407960199004975
E00010934,181,44,16,28,137,111,26,24.30939226519337,8.83977900552486,15.469613259668508,75.69060773480662,61.32596685082873,14.3646408839779
E00010935,134,37,15,22,97,80,17,27.611940298507463,11.194029850746269,16.417910447761194,72.38805970149254,59.70149253731343,12.686567164179104
E00010936,155,39,18,21,116,91,25,25.161290322580644,11.612903225806452,13.548387096774196,74.83870967741936,58.70967741935483,16.129032258064516
E00010937,137,38,16,22,99,82,17,27.73722627737226,11.678832116788321,16.05839416058394,72.26277372262774,59.854014598540154,12.408759124087592
E00010938,159,45,20,25,114,99,15,28.30188679245283,12.578616352201259,15.723270440251572,71.69811320754717,62.264150943396224,9.433962264150944
E00010939,129,43,24,19,86,58,28,33.33333333333333,18.6046511627907,14.728682170542637,66.66666666666666,44.96124031007752,21.705426356589147
E00010940,114,36,16,20,78,66,12,31.57894736842105,14.035087719298245,17.543859649122805,68.42105263157895,57.89473684210527,10.526315789473683
E00010941,102,31,10,21,71,63,8,30.392156862745097,9.803921568627452,20.588235294117645,69.6078431372549,61.76470588235294,7.8431372549019605
E00010942,163,53,20,33,110,78,32,32.515337423312886,12.269938650306749,20.245398773006134,67.48466257668711,47.85276073619632,19.631901840490798
E00010943,286,78,30,48,208,165,43,27.27272727272727,10.48951048951049,16.783216783216783,72.72727272727273,57.692307692307686,15.034965034965033
E00010944,134,35,16,19,99,88,11,26.119402985074625,11.940298507462686,14.17910447761194,73.88059701492537,65.67164179104478,8.208955223880597
E00010945,164,40,14,26,124,88,36,24.390243902439025,8.536585365853659,15.853658536585366,75.60975609756098,53.65853658536586,21.951219512195124
E00010946,154,42,24,18,112,67,45,27.27272727272727,15.584415584415584,11.688311688311687,72.72727272727273,43.506493506493506,29.22077922077922
E00010947,160,36,17,19,124,98,26,22.5,10.625,11.875,77.5,61.25000000000001,16.25
E00010948,154,52,27,25,102,76,26,33.76623376623377,17.532467532467532,16.233766233766232,66.23376623376623,49.35064935064935,16.883116883116884
E00010949,177,51,21,30,126,105,21,28.8135593220339,11.864406779661017,16.94915254237288,71.1864406779661,59.32203389830508,11.864406779661017
E00010950,161,41,9,32,120,96,24,25.465838509316768,5.590062111801243,19.875776397515526,74.53416149068323,59.62732919254658,14.906832298136646
E00010951,107,24,11,13,83,67,16,22.429906542056074,10.2803738317757,12.149532710280374,77.57009345794393,62.616822429906534,14.953271028037381
E00010952,128,38,13,25,90,71,19,29.6875,10.15625,19.53125,70.3125,55.46875,14.84375
E00010953,167,65,30,35,102,76,26,38.92215568862276,17.964071856287426,20.958083832335326,61.07784431137725,45.50898203592814,15.568862275449103
E00010954,190,70,32,38,120,100,20,36.84210526315789,16.842105263157894,20,63.1578947368421,52.63157894736842,10.526315789473683
E00010955,209,50,20,30,159,138,21,23.923444976076556,9.569377990430622,14.354066985645932,76.07655502392345,66.02870813397129,10.047846889952153
E00010956,115,35,9,26,80,72,8,30.434782608695656,7.82608695652174,22.608695652173914,69.56521739130434,62.60869565217392,6.956521739130435
E00010957,173,60,34,26,113,79,34,34.68208092485549,19.653179190751445,15.028901734104046,65.3179190751445,45.664739884393065,19.653179190751445
E00010958,141,44,14,30,97,81,16,31.20567375886525,9.929078014184398,21.27659574468085,68.79432624113475,57.446808510638306,11.347517730496454
E00010959,131,32,18,14,99,83,16,24.427480916030532,13.740458015267176,10.687022900763358,75.57251908396947,63.358778625954194,12.213740458015266
E00010960,110,40,7,33,70,63,7,36.36363636363637,6.363636363636363,30,63.63636363636363,57.27272727272727,6.363636363636363
E00010961,199,58,26,32,141,120,21,29.145728643216078,13.06532663316583,16.08040201005025,70.85427135678391,60.30150753768844,10.552763819095476
E00010962,134,41,14,27,93,74,19,30.597014925373134,10.44776119402985,20.149253731343283,69.40298507462687,55.223880597014926,14.17910447761194
E00010963,220,48,14,34,172,148,24,21.818181818181817,6.363636363636363,15.454545454545453,78.18181818181819,67.27272727272727,10.909090909090908
E00010964,219,59,12,47,160,146,14,26.94063926940639,5.47945205479452,21.461187214611872,73.0593607305936,66.66666666666666,6.392694063926941
E00010965,180,46,15,31,134,116,18,25.555555555555554,8.333333333333332,17.22222222222222,74.44444444444444,64.44444444444444,10
E00010966,156,40,15,25,116,105,11,25.64102564102564,9.615384615384617,16.025641025641026,74.35897435897436,67.3076923076923,7.051282051282051
E00010967,244,70,29,41,174,135,39,28.688524590163933,11.885245901639344,16.80327868852459,71.31147540983606,55.32786885245902,15.983606557377051
E00010968,172,38,15,23,134,113,21,22.093023255813954,8.720930232558139,13.372093023255813,77.90697674418605,65.69767441860465,12.209302325581394
E00010969,162,55,20,35,107,92,15,33.95061728395062,12.345679012345679,21.604938271604937,66.0493827160494,56.79012345679012,9.25925925925926
E00010970,163,47,15,32,116,81,35,28.834355828220858,9.202453987730062,19.631901840490798,71.16564417177914,49.693251533742334,21.472392638036812
E00010971,161,55,19,36,106,88,18,34.161490683229815,11.801242236024844,22.36024844720497,65.83850931677019,54.6583850931677,11.180124223602485
E00010972,174,39,17,22,135,107,28,22.413793103448278,9.770114942528735,12.643678160919542,77.58620689655173,61.49425287356321,16.091954022988507
E00010973,102,36,17,19,66,48,18,35.294117647058826,16.666666666666664,18.627450980392158,64.70588235294117,47.05882352941176,17.647058823529413
E00010974,192,52,26,26,140,101,39,27.083333333333332,13.541666666666666,13.541666666666666,72.91666666666666,52.604166666666664,20.3125
E00010975,178,57,29,28,121,94,27,32.02247191011236,16.292134831460675,15.730337078651685,67.97752808988764,52.80898876404494,15.168539325842698
E00010976,185,67,30,37,118,95,23,36.21621621621622,16.216216216216218,20,63.78378378378379,51.35135135135135,12.432432432432433
E00010977,210,41,16,25,169,135,34,19.523809523809526,7.6190476190476195,11.904761904761903,80.47619047619048,64.28571428571429,16.19047619047619
E00010978,116,48,13,35,68,57,11,41.37931034482759,11.206896551724139,30.17241379310345,58.620689655172406,49.137931034482754,9.482758620689655
E00010979,175,36,9,27,139,109,30,20.57142857142857,5.142857142857142,15.428571428571427,79.42857142857143,62.28571428571429,17.142857142857142
E00010980,183,57,18,39,126,98,28,31.147540983606557,9.836065573770492,21.311475409836063,68.85245901639344,53.551912568306015,15.300546448087433
E00010981,200,57,22,35,143,118,25,28.499999999999996,11,17.5,71.5,59,12.5
E00010982,141,46,16,30,95,79,16,32.62411347517731,11.347517730496454,21.27659574468085,67.37588652482269,56.02836879432624,11.347517730496454
E00010983,110,32,14,18,78,64,14,29.09090909090909,12.727272727272727,16.363636363636363,70.9090909090909,58.18181818181818,12.727272727272727
E00010984,181,44,13,31,137,115,22,24.30939226519337,7.18232044198895,17.12707182320442,75.69060773480662,63.53591160220995,12.154696132596685
E00010985,161,46,19,27,115,96,19,28.57142857142857,11.801242236024844,16.77018633540373,71.42857142857143,59.62732919254658,11.801242236024844
E00010986,146,54,17,37,92,80,12,36.986301369863014,11.643835616438356,25.34246575342466,63.013698630136986,54.794520547945204,8.21917808219178
E00010987,185,42,17,25,143,113,30,22.702702702702705,9.18918918918919,13.513513513513514,77.29729729729729,61.08108108108108,16.216216216216218
E00010988,193,55,25,30,138,107,31,28.497409326424872,12.953367875647666,15.544041450777202,71.50259067357513,55.44041450777202,16.06217616580311
E00010989,190,48,11,37,142,122,20,25.263157894736842,5.7894736842105265,19.473684210526315,74.73684210526315,64.21052631578948,10.526315789473683
E00010990,159,53,22,31,106,86,20,33.33333333333333,13.836477987421384,19.49685534591195,66.66666666666666,54.088050314465406,12.578616352201259
E00010991,172,43,14,29,129,109,20,25,8.13953488372093,16.86046511627907,75,63.372093023255815,11.627906976744185
E00010992,180,50,17,33,130,106,24,27.77777777777778,9.444444444444445,18.333333333333332,72.22222222222221,58.88888888888889,13.333333333333334
E00010993,196,65,19,46,131,116,15,33.16326530612245,9.693877551020408,23.46938775510204,66.83673469387756,59.183673469387756,7.653061224489796
E00010994,189,56,19,37,133,114,19,29.629629629629626,10.052910052910052,19.576719576719576,70.37037037037037,60.317460317460316,10.052910052910052
E00010996,264,81,30,51,183,156,27,30.681818181818183,11.363636363636363,19.318181818181817,69.31818181818183,59.09090909090909,10.227272727272728
E00010997,237,72,29,43,165,136,29,30.37974683544304,12.236286919831224,18.143459915611814,69.62025316455697,57.383966244725734,12.236286919831224
E00010998,210,59,26,33,151,126,25,28.095238095238095,12.380952380952381,15.714285714285714,71.9047619047619,60,11.904761904761903
E00010999,197,54,18,36,143,121,22,27.411167512690355,9.137055837563452,18.274111675126903,72.58883248730965,61.42131979695431,11.16751269035533
E00011000,178,65,20,45,113,95,18,36.51685393258427,11.235955056179774,25.280898876404496,63.48314606741573,53.37078651685393,10.112359550561797
E00011001,269,80,22,58,189,167,22,29.739776951672862,8.178438661710038,21.561338289962826,70.26022304832715,62.0817843866171,8.178438661710038
E00011002,188,54,22,32,134,120,14,28.723404255319153,11.702127659574469,17.02127659574468,71.27659574468085,63.829787234042556,7.446808510638298
E00011003,271,64,21,43,207,179,28,23.616236162361623,7.7490774907749085,15.867158671586715,76.38376383763837,66.05166051660517,10.33210332103321
E00011004,239,71,23,48,168,132,36,29.707112970711297,9.623430962343097,20.0836820083682,70.29288702928869,55.23012552301255,15.062761506276152
E00011005,211,66,32,34,145,116,29,31.27962085308057,15.165876777251185,16.113744075829384,68.72037914691943,54.976303317535546,13.744075829383887
E00011006,239,84,23,61,155,119,36,35.146443514644346,9.623430962343097,25.523012552301257,64.85355648535564,49.7907949790795,15.062761506276152
E00011007,280,68,25,43,212,168,44,24.285714285714285,8.928571428571429,15.357142857142858,75.71428571428571,60,15.714285714285714
E00011008,227,69,26,43,158,128,30,30.396475770925107,11.45374449339207,18.94273127753304,69.60352422907489,56.38766519823789,13.215859030837004
E00011009,252,57,22,35,195,162,33,22.61904761904762,8.73015873015873,13.88888888888889,77.38095238095238,64.28571428571429,13.095238095238097
E00011010,197,60,29,31,137,103,34,30.456852791878177,14.720812182741117,15.736040609137056,69.54314720812182,52.28426395939086,17.258883248730964
E00011011,207,62,24,38,145,117,28,29.951690821256037,11.594202898550725,18.357487922705314,70.04830917874396,56.52173913043478,13.526570048309178
E00011012,254,69,26,43,185,150,35,27.165354330708663,10.236220472440944,16.92913385826772,72.83464566929135,59.055118110236215,13.779527559055119
E00011013,235,55,15,40,180,151,29,23.404255319148938,6.382978723404255,17.02127659574468,76.59574468085107,64.25531914893618,12.340425531914894
E00011014,193,77,32,45,116,88,28,39.89637305699482,16.580310880829018,23.316062176165804,60.10362694300518,45.59585492227979,14.507772020725387
E00011015,162,48,19,29,114,89,25,29.629629629629626,11.728395061728394,17.901234567901234,70.37037037037037,54.93827160493827,15.432098765432098
E00011016,249,82,40,42,167,141,26,32.93172690763052,16.06425702811245,16.867469879518072,67.06827309236948,56.62650602409639,10.441767068273093
E00011017,270,82,24,58,188,150,38,30.37037037037037,8.88888888888889,21.48148148148148,69.62962962962963,55.55555555555556,14.074074074074074
E00011018,182,59,19,40,123,105,18,32.417582417582416,10.43956043956044,21.978021978021978,67.58241758241759,57.692307692307686,9.89010989010989
E00011019,262,85,33,52,177,149,28,32.44274809160305,12.595419847328243,19.84732824427481,67.55725190839695,56.87022900763359,10.687022900763358
E00011020,148,39,18,21,109,86,23,26.351351351351347,12.162162162162163,14.18918918918919,73.64864864864865,58.108108108108105,15.54054054054054
E00011021,151,43,11,32,108,88,20,28.47682119205298,7.28476821192053,21.192052980132452,71.52317880794702,58.27814569536424,13.245033112582782
E00011022,203,62,26,36,141,118,23,30.541871921182267,12.807881773399016,17.733990147783253,69.45812807881774,58.128078817733986,11.330049261083744
E00011023,186,44,12,32,142,115,27,23.655913978494624,6.451612903225806,17.20430107526882,76.34408602150538,61.82795698924731,14.516129032258066
E00011025,173,51,14,37,122,96,26,29.47976878612717,8.092485549132949,21.38728323699422,70.52023121387283,55.49132947976878,15.028901734104046
E00011026,215,47,21,26,168,129,39,21.86046511627907,9.767441860465116,12.093023255813954,78.13953488372093,60,18.13953488372093
E00011027,198,70,24,46,128,104,24,35.35353535353536,12.121212121212121,23.232323232323232,64.64646464646465,52.52525252525253,12.121212121212121
E00011028,192,49,18,31,143,117,26,25.520833333333332,9.375,16.145833333333336,74.47916666666666,60.9375,13.541666666666666
E00011029,125,46,21,25,79,70,9,36.8,16.8,20,63.2,56.00000000000001,7.199999999999999
E00011030,196,61,27,34,135,114,21,31.122448979591837,13.77551020408163,17.346938775510203,68.87755102040816,58.16326530612245,10.714285714285714
E00011031,180,72,20,52,108,89,19,40,11.11111111111111,28.888888888888886,60,49.44444444444444,10.555555555555555
E00011032,183,55,17,38,128,113,15,30.05464480874317,9.289617486338798,20.76502732240437,69.94535519125684,61.74863387978142,8.19672131147541
E00011033,207,62,21,41,145,128,17,29.951690821256037,10.144927536231885,19.806763285024154,70.04830917874396,61.83574879227053,8.212560386473431
E00011034,160,51,19,32,109,93,16,31.874999999999996,11.875,20,68.125,58.12500000000001,10
E00011035,161,46,14,32,115,106,9,28.57142857142857,8.695652173913043,19.875776397515526,71.42857142857143,65.83850931677019,5.590062111801243
E00011036,213,69,28,41,144,122,22,32.3943661971831,13.145539906103288,19.248826291079812,67.6056338028169,57.27699530516433,10.328638497652582
E00011038,217,65,23,42,152,132,20,29.953917050691242,10.599078341013826,19.35483870967742,70.04608294930875,60.82949308755761,9.216589861751153
E00011039,173,55,23,32,118,101,17,31.79190751445087,13.294797687861271,18.497109826589593,68.20809248554913,58.38150289017341,9.826589595375722
E00011040,181,67,25,42,114,99,15,37.01657458563536,13.812154696132598,23.204419889502763,62.98342541436463,54.69613259668509,8.287292817679557
E00011041,192,56,19,37,136,120,16,29.166666666666668,9.895833333333332,19.270833333333336,70.83333333333334,62.5,8.333333333333332
E00011042,209,59,20,39,150,128,22,28.22966507177033,9.569377990430622,18.660287081339714,71.77033492822966,61.24401913875598,10.526315789473683
E00011043,235,63,29,34,172,148,24,26.80851063829787,12.340425531914894,14.468085106382977,73.19148936170212,62.97872340425532,10.212765957446807
E00011044,166,50,24,26,116,102,14,30.120481927710845,14.457831325301203,15.66265060240964,69.87951807228916,61.44578313253012,8.433734939759036
E00011045,201,68,22,46,133,114,19,33.83084577114428,10.945273631840797,22.885572139303484,66.16915422885572,56.71641791044776,9.45273631840796
E00011046,286,98,36,62,188,172,16,34.26573426573427,12.587412587412588,21.678321678321677,65.73426573426573,60.13986013986013,5.594405594405594
E00011047,200,67,21,46,133,123,10,33.5,10.5,23,66.5,61.5,5
E00011048,171,33,9,24,138,116,22,19.298245614035086,5.263157894736842,14.035087719298245,80.7017543859649,67.83625730994152,12.865497076023392
E00011049,154,44,19,25,110,105,5,28.57142857142857,12.337662337662337,16.233766233766232,71.42857142857143,68.18181818181817,3.2467532467532463
E00011050,184,71,29,42,113,102,11,38.58695652173913,15.760869565217392,22.82608695652174,61.41304347826087,55.434782608695656,5.978260869565218
E00011052,266,99,38,61,167,144,23,37.21804511278196,14.285714285714285,22.932330827067666,62.78195488721805,54.13533834586466,8.646616541353383
E00011053,168,45,18,27,123,105,18,26.785714285714285,10.714285714285714,16.071428571428573,73.21428571428571,62.5,10.714285714285714
E00011055,207,58,14,44,149,128,21,28.019323671497588,6.763285024154589,21.256038647342994,71.98067632850241,61.83574879227053,10.144927536231885
E00011056,220,75,30,45,145,126,19,34.090909090909086,13.636363636363635,20.454545454545457,65.9090909090909,57.27272727272727,8.636363636363637
E00011057,104,35,12,23,69,63,6,33.65384615384615,11.538461538461538,22.115384615384613,66.34615384615384,60.57692307692307,5.769230769230769
E00011058,121,36,13,23,85,77,8,29.75206611570248,10.743801652892563,19.00826446280992,70.24793388429752,63.63636363636363,6.6115702479338845
E00011059,217,73,32,41,144,130,14,33.6405529953917,14.746543778801843,18.89400921658986,66.3594470046083,59.907834101382484,6.451612903225806
E00011060,205,75,28,47,130,119,11,36.58536585365854,13.658536585365855,22.926829268292686,63.41463414634146,58.048780487804876,5.365853658536586
E00011061,239,79,23,56,160,136,24,33.054393305439326,9.623430962343097,23.430962343096233,66.94560669456067,56.903765690376574,10.0418410041841
E00011063,180,64,19,45,116,108,8,35.55555555555556,10.555555555555555,25,64.44444444444444,60,4.444444444444445
E00011064,223,83,22,61,140,124,16,37.219730941704036,9.865470852017937,27.3542600896861,62.78026905829597,55.60538116591929,7.174887892376682
E00011065,151,59,23,36,92,75,17,39.0728476821192,15.2317880794702,23.841059602649008,60.9271523178808,49.668874172185426,11.258278145695364
E00011066,149,57,23,34,92,81,11,38.25503355704698,15.436241610738255,22.818791946308725,61.74496644295302,54.36241610738255,7.38255033557047
E00011067,182,50,11,39,132,108,24,27.472527472527474,6.043956043956044,21.428571428571427,72.52747252747253,59.34065934065934,13.186813186813188
E00011068,173,51,21,30,122,109,13,29.47976878612717,12.138728323699421,17.341040462427745,70.52023121387283,63.005780346820806,7.514450867052023
E00011069,236,62,19,43,174,160,14,26.27118644067797,8.050847457627118,18.220338983050848,73.72881355932203,67.79661016949152,5.932203389830509
E00011070,88,28,9,19,60,54,6,31.818181818181817,10.227272727272728,21.59090909090909,68.18181818181817,61.36363636363637,6.8181818181818175
E00011071,178,66,15,51,112,98,14,37.07865168539326,8.426966292134832,28.651685393258425,62.92134831460674,55.0561797752809,7.865168539325842
E00011072,113,43,20,23,70,66,4,38.05309734513274,17.699115044247787,20.353982300884958,61.94690265486725,58.4070796460177,3.5398230088495577
E00011073,159,52,21,31,107,101,6,32.70440251572327,13.20754716981132,19.49685534591195,67.29559748427673,63.52201257861635,3.7735849056603774
E00011074,166,60,21,39,106,98,8,36.144578313253014,12.650602409638553,23.49397590361446,63.85542168674698,59.036144578313255,4.819277108433735
E00011075,174,57,15,42,117,102,15,32.758620689655174,8.620689655172415,24.137931034482758,67.24137931034483,58.620689655172406,8.620689655172415
E00011076,85,24,11,13,61,56,5,28.235294117647058,12.941176470588237,15.294117647058824,71.76470588235294,65.88235294117646,5.88235294117647
E00011077,208,61,18,43,147,131,16,29.326923076923077,8.653846153846153,20.673076923076923,70.67307692307693,62.980769230769226,7.6923076923076925
E00011078,174,59,16,43,115,101,14,33.90804597701149,9.195402298850574,24.71264367816092,66.0919540229885,58.04597701149425,8.045977011494253
E00011079,199,50,17,33,149,135,14,25.125628140703515,8.542713567839195,16.582914572864322,74.87437185929649,67.8391959798995,7.035175879396985
E00011081,265,77,33,44,188,168,20,29.056603773584904,12.452830188679245,16.60377358490566,70.94339622641509,63.39622641509434,7.547169811320755
E00011082,190,54,13,41,136,122,14,28.421052631578945,6.842105263157896,21.578947368421055,71.57894736842105,64.21052631578948,7.368421052631578
E00011083,167,56,17,39,111,96,15,33.532934131736525,10.179640718562874,23.353293413173652,66.46706586826348,57.48502994011976,8.982035928143713
E00011084,231,69,20,49,162,145,17,29.87012987012987,8.658008658008658,21.21212121212121,70.12987012987013,62.77056277056276,7.35930735930736
E00011085,204,49,18,31,155,130,25,24.019607843137255,8.823529411764707,15.196078431372548,75.98039215686273,63.725490196078425,12.254901960784313
E00011086,211,70,29,41,141,119,22,33.175355450236964,13.744075829383887,19.431279620853083,66.82464454976304,56.39810426540285,10.42654028436019
E00011087,194,46,18,28,148,127,21,23.711340206185564,9.278350515463918,14.432989690721648,76.28865979381443,65.4639175257732,10.824742268041238
E00011088,154,48,15,33,106,87,19,31.16883116883117,9.740259740259742,21.428571428571427,68.83116883116884,56.493506493506494,12.337662337662337
E00011089,200,65,27,38,135,113,22,32.5,13.5,19,67.5,56.49999999999999,11
E00011090,142,48,23,25,94,78,16,33.80281690140845,16.19718309859155,17.6056338028169,66.19718309859155,54.929577464788736,11.267605633802818
E00011091,141,42,13,29,99,79,20,29.78723404255319,9.219858156028367,20.56737588652482,70.2127659574468,56.02836879432624,14.184397163120568
E00011092,204,62,15,47,142,126,16,30.392156862745097,7.352941176470589,23.03921568627451,69.6078431372549,61.76470588235294,7.8431372549019605
E00011093,193,49,15,34,144,120,24,25.38860103626943,7.772020725388601,17.616580310880828,74.61139896373057,62.17616580310881,12.435233160621761
E00011094,175,61,20,41,114,102,12,34.85714285714286,11.428571428571429,23.42857142857143,65.14285714285715,58.285714285714285,6.857142857142858
E00011095,171,44,11,33,127,107,20,25.730994152046783,6.432748538011696,19.298245614035086,74.26900584795322,62.57309941520468,11.695906432748536
E00011096,188,61,25,36,127,109,18,32.4468085106383,13.297872340425531,19.148936170212767,67.5531914893617,57.97872340425532,9.574468085106384
E00011097,189,65,23,42,124,106,18,34.39153439153439,12.16931216931217,22.22222222222222,65.60846560846561,56.08465608465608,9.523809523809524
E00011098,228,74,23,51,154,130,24,32.45614035087719,10.087719298245613,22.36842105263158,67.54385964912281,57.01754385964912,10.526315789473683
E00011099,187,65,20,45,122,110,12,34.75935828877005,10.695187165775401,24.06417112299465,65.24064171122996,58.82352941176471,6.417112299465241
E00011100,186,55,22,33,131,115,16,29.56989247311828,11.827956989247312,17.741935483870968,70.43010752688173,61.82795698924731,8.60215053763441
E00011101,182,45,17,28,137,112,25,24.725274725274726,9.340659340659341,15.384615384615385,75.27472527472527,61.53846153846154,13.736263736263737
E00011102,138,36,15,21,102,94,8,26.08695652173913,10.869565217391305,15.217391304347828,73.91304347826086,68.11594202898551,5.797101449275362
E00011103,247,61,17,44,186,164,22,24.696356275303643,6.882591093117409,17.813765182186234,75.30364372469636,66.39676113360325,8.906882591093117
E00011104,154,58,19,39,96,83,13,37.66233766233766,12.337662337662337,25.324675324675322,62.33766233766234,53.896103896103895,8.441558441558442
E00011105,158,62,17,45,96,79,17,39.24050632911392,10.759493670886076,28.48101265822785,60.75949367088608,50,10.759493670886076
E00011106,202,62,21,41,140,119,21,30.693069306930692,10.396039603960396,20.2970297029703,69.3069306930693,58.91089108910891,10.396039603960396
E00011107,196,56,28,28,140,119,21,28.57142857142857,14.285714285714285,14.285714285714285,71.42857142857143,60.71428571428571,10.714285714285714
E00011108,155,55,18,37,100,82,18,35.483870967741936,11.612903225806452,23.870967741935484,64.51612903225806,52.903225806451616,11.612903225806452
E00011109,197,53,13,40,144,119,25,26.903553299492383,6.598984771573605,20.304568527918782,73.09644670050761,60.40609137055838,12.690355329949238
E00011110,164,43,14,29,121,103,18,26.21951219512195,8.536585365853659,17.682926829268293,73.78048780487805,62.80487804878049,10.975609756097562
E00011111,207,71,29,42,136,121,15,34.29951690821256,14.009661835748794,20.28985507246377,65.70048309178745,58.454106280193244,7.246376811594203
E00011112,143,51,20,31,92,72,20,35.66433566433567,13.986013986013987,21.678321678321677,64.33566433566433,50.349650349650354,13.986013986013987
E00011113,142,50,22,28,92,78,14,35.2112676056338,15.492957746478872,19.718309859154928,64.7887323943662,54.929577464788736,9.859154929577464
E00011114,171,42,19,23,129,102,27,24.561403508771928,11.11111111111111,13.450292397660817,75.43859649122807,59.64912280701754,15.789473684210526
E00011115,213,60,28,32,153,125,28,28.169014084507044,13.145539906103288,15.023474178403756,71.83098591549296,58.68544600938967,13.145539906103288
E00011116,127,46,16,30,81,62,19,36.22047244094488,12.598425196850393,23.62204724409449,63.77952755905512,48.818897637795274,14.960629921259844
E00011117,155,49,16,33,106,71,35,31.61290322580645,10.32258064516129,21.29032258064516,68.38709677419355,45.806451612903224,22.58064516129032
E00011118,127,47,14,33,80,69,11,37.00787401574803,11.023622047244094,25.984251968503933,62.99212598425197,54.330708661417326,8.661417322834646
E00011119,138,39,12,27,99,71,28,28.26086956521739,8.695652173913043,19.565217391304348,71.73913043478261,51.449275362318836,20.28985507246377
E00011121,126,41,21,20,85,63,22,32.53968253968254,16.666666666666664,15.873015873015872,67.46031746031747,50,17.46031746031746
E00011122,99,46,27,19,53,41,12,46.464646464646464,27.27272727272727,19.19191919191919,53.535353535353536,41.41414141414141,12.121212121212121
E00011123,188,52,25,27,136,88,48,27.659574468085108,13.297872340425531,14.361702127659576,72.3404255319149,46.808510638297875,25.53191489361702
E00011124,135,47,24,23,88,67,21,34.81481481481482,17.77777777777778,17.037037037037038,65.18518518518519,49.629629629629626,15.555555555555555
E00011125,200,53,13,40,147,119,28,26.5,6.5,20,73.5,59.5,14.000000000000002
E00011126,238,85,29,56,153,109,44,35.714285714285715,12.184873949579831,23.52941176470588,64.28571428571429,45.79831932773109,18.487394957983195
E00011127,198,43,9,34,155,124,31,21.71717171717172,4.545454545454546,17.17171717171717,78.28282828282829,62.62626262626263,15.656565656565657
E00011128,109,33,8,25,76,53,23,30.275229357798167,7.339449541284404,22.93577981651376,69.72477064220183,48.62385321100918,21.100917431192663
E00011129,134,46,22,24,88,62,26,34.32835820895522,16.417910447761194,17.91044776119403,65.67164179104478,46.26865671641791,19.402985074626866
E00011130,201,61,25,36,140,110,30,30.34825870646766,12.437810945273633,17.91044776119403,69.65174129353234,54.72636815920397,14.925373134328357
E00011131,157,50,23,27,107,85,22,31.84713375796178,14.64968152866242,17.197452229299362,68.15286624203821,54.14012738853503,14.012738853503185
E00011132,119,34,18,16,85,65,20,28.57142857142857,15.126050420168067,13.445378151260504,71.42857142857143,54.621848739495796,16.80672268907563
E00011133,193,44,12,32,149,119,30,22.797927461139896,6.217616580310881,16.580310880829018,77.2020725388601,61.6580310880829,15.544041450777202
E00011134,151,52,14,38,99,88,11,34.437086092715234,9.271523178807946,25.165562913907287,65.56291390728477,58.27814569536424,7.28476821192053
E00011136,106,32,19,13,74,58,16,30.18867924528302,17.92452830188679,12.264150943396226,69.81132075471697,54.71698113207547,15.09433962264151
E00011137,166,72,25,47,94,76,18,43.373493975903614,15.060240963855422,28.313253012048197,56.62650602409639,45.78313253012048,10.843373493975903
E00011139,159,49,16,33,110,79,31,30.81761006289308,10.062893081761008,20.754716981132077,69.18238993710692,49.685534591194966,19.49685534591195
E00011140,134,40,15,25,94,82,12,29.850746268656714,11.194029850746269,18.65671641791045,70.1492537313433,61.19402985074627,8.955223880597014
E00011141,167,45,24,21,122,106,16,26.94610778443114,14.37125748502994,12.574850299401197,73.05389221556887,63.47305389221557,9.580838323353294
E00011142,136,50,23,27,86,71,15,36.76470588235294,16.911764705882355,19.852941176470587,63.23529411764706,52.20588235294118,11.029411764705882
E00011144,190,51,17,34,139,116,23,26.842105263157894,8.947368421052632,17.894736842105264,73.15789473684211,61.05263157894737,12.105263157894736
E00011145,196,65,28,37,131,111,20,33.16326530612245,14.285714285714285,18.877551020408163,66.83673469387756,56.63265306122449,10.204081632653061
E00011146,130,46,17,29,84,71,13,35.38461538461539,13.076923076923078,22.30769230769231,64.61538461538461,54.61538461538461,10
E00011147,203,63,25,38,140,126,14,31.03448275862069,12.31527093596059,18.7192118226601,68.96551724137932,62.06896551724138,6.896551724137931
E00011148,182,44,19,25,138,120,18,24.175824175824175,10.43956043956044,13.736263736263737,75.82417582417582,65.93406593406593,9.89010989010989
E00011149,235,62,23,39,173,153,20,26.382978723404253,9.787234042553191,16.595744680851062,73.61702127659574,65.1063829787234,8.51063829787234
E00011150,205,65,22,43,140,127,13,31.70731707317073,10.731707317073171,20.975609756097562,68.29268292682927,61.951219512195124,6.341463414634147
E00011151,173,44,17,27,129,110,19,25.43352601156069,9.826589595375722,15.606936416184972,74.56647398843931,63.58381502890174,10.982658959537572
E00011152,161,66,24,42,95,88,7,40.993788819875775,14.906832298136646,26.08695652173913,59.006211180124225,54.6583850931677,4.3478260869565215
E00011153,201,58,23,35,143,126,17,28.855721393034827,11.442786069651742,17.412935323383085,71.14427860696517,62.68656716417911,8.45771144278607
E00011154,186,51,20,31,135,123,12,27.419354838709676,10.75268817204301,16.666666666666664,72.58064516129032,66.12903225806451,6.451612903225806
E00011155,215,51,21,30,164,150,14,23.72093023255814,9.767441860465116,13.953488372093023,76.27906976744187,69.76744186046511,6.511627906976744
E00011156,135,49,20,29,86,68,18,36.2962962962963,14.814814814814813,21.48148148148148,63.70370370370371,50.37037037037037,13.333333333333334
E00011157,152,41,14,27,111,98,13,26.973684210526315,9.210526315789473,17.763157894736842,73.02631578947368,64.47368421052632,8.552631578947368
E00011158,191,56,18,38,135,113,22,29.31937172774869,9.424083769633508,19.895287958115183,70.68062827225131,59.16230366492147,11.518324607329843
E00011159,246,76,35,41,170,151,19,30.89430894308943,14.227642276422763,16.666666666666664,69.10569105691057,61.382113821138205,7.723577235772358
E00011161,205,73,29,44,132,108,24,35.609756097560975,14.146341463414632,21.463414634146343,64.39024390243902,52.6829268292683,11.707317073170733
E00011163,209,82,22,60,127,109,18,39.23444976076555,10.526315789473683,28.708133971291865,60.76555023923444,52.15311004784689,8.61244019138756
E00011164,178,60,30,30,118,105,13,33.70786516853933,16.853932584269664,16.853932584269664,66.29213483146067,58.98876404494382,7.303370786516854
E00011165,319,122,56,66,197,159,38,38.24451410658307,17.55485893416928,20.689655172413794,61.75548589341693,49.843260188087775,11.912225705329153
E00011166,107,36,12,24,71,65,6,33.64485981308411,11.214953271028037,22.429906542056074,66.35514018691589,60.747663551401864,5.607476635514018
E00011167,175,53,25,28,122,107,15,30.28571428571429,14.285714285714285,16,69.71428571428572,61.142857142857146,8.571428571428571
E00011168,207,69,23,46,138,118,20,33.33333333333333,11.11111111111111,22.22222222222222,66.66666666666666,57.00483091787439,9.66183574879227
E00011169,252,73,21,52,179,153,26,28.968253968253972,8.333333333333332,20.634920634920633,71.03174603174604,60.71428571428571,10.317460317460316
E00011170,151,56,17,39,95,82,13,37.086092715231786,11.258278145695364,25.82781456953642,62.913907284768214,54.3046357615894,8.609271523178808
E00011171,174,61,20,41,113,97,16,35.05747126436782,11.494252873563218,23.563218390804597,64.9425287356322,55.74712643678161,9.195402298850574
E00011172,214,46,18,28,168,154,14,21.49532710280374,8.411214953271028,13.084112149532709,78.50467289719626,71.96261682242991,6.5420560747663545
E00011174,142,50,17,33,92,80,12,35.2112676056338,11.971830985915492,23.239436619718308,64.7887323943662,56.33802816901409,8.450704225352112
E00011175,202,53,19,34,149,130,19,26.237623762376238,9.405940594059405,16.831683168316832,73.76237623762376,64.35643564356435,9.405940594059405
E00011176,164,55,19,36,109,90,19,33.53658536585366,11.585365853658537,21.951219512195124,66.46341463414635,54.87804878048781,11.585365853658537
E00011177,151,37,12,25,114,91,23,24.503311258278146,7.9470198675496695,16.55629139072848,75.49668874172185,60.264900662251655,15.2317880794702
E00011178,132,35,17,18,97,79,18,26.515151515151516,12.878787878787879,13.636363636363635,73.48484848484848,59.84848484848485,13.636363636363635
E00011179,202,52,17,35,150,135,15,25.742574257425744,8.415841584158416,17.326732673267326,74.25742574257426,66.83168316831683,7.425742574257425
E00011180,176,50,18,32,126,96,30,28.40909090909091,10.227272727272728,18.181818181818183,71.5909090909091,54.54545454545454,17.045454545454543
E00011181,212,67,23,44,145,123,22,31.60377358490566,10.849056603773585,20.754716981132077,68.39622641509435,58.01886792452831,10.377358490566039
E00011182,208,51,22,29,157,131,26,24.519230769230766,10.576923076923077,13.942307692307693,75.48076923076923,62.980769230769226,12.5
E00011183,159,42,17,25,117,92,25,26.41509433962264,10.69182389937107,15.723270440251572,73.58490566037736,57.861635220125784,15.723270440251572
E00011184,168,44,18,26,124,108,16,26.190476190476193,10.714285714285714,15.476190476190476,73.80952380952381,64.28571428571429,9.523809523809524
E00011186,177,52,21,31,125,107,18,29.37853107344633,11.864406779661017,17.51412429378531,70.62146892655367,60.451977401129945,10.16949152542373
E00011187,140,34,15,19,106,83,23,24.285714285714285,10.714285714285714,13.571428571428571,75.71428571428571,59.285714285714285,16.428571428571427
E00011188,168,49,21,28,119,101,18,29.166666666666668,12.5,16.666666666666664,70.83333333333334,60.11904761904761,10.714285714285714
E00011189,195,47,21,26,148,122,26,24.102564102564102,10.76923076923077,13.333333333333334,75.8974358974359,62.56410256410256,13.333333333333334
E00011190,203,82,26,56,121,113,8,40.39408866995074,12.807881773399016,27.586206896551722,59.60591133004927,55.66502463054187,3.9408866995073892
E00011191,176,62,24,38,114,96,18,35.22727272727273,13.636363636363635,21.59090909090909,64.77272727272727,54.54545454545454,10.227272727272728
E00011192,200,63,25,38,137,114,23,31.5,12.5,19,68.5,56.99999999999999,11.5
E00011193,186,50,19,31,136,118,18,26.881720430107524,10.21505376344086,16.666666666666664,73.11827956989248,63.44086021505376,9.67741935483871
E00011194,175,50,21,29,125,104,21,28.57142857142857,12,16.57142857142857,71.42857142857143,59.42857142857143,12
E00011197,203,61,30,31,142,120,22,30.049261083743843,14.77832512315271,15.270935960591133,69.95073891625616,59.11330049261084,10.83743842364532
E00011198,161,46,18,28,115,96,19,28.57142857142857,11.180124223602485,17.391304347826086,71.42857142857143,59.62732919254658,11.801242236024844
E00011199,190,50,15,35,140,115,25,26.31578947368421,7.894736842105263,18.421052631578945,73.68421052631578,60.526315789473685,13.157894736842104
E00011200,220,74,21,53,146,128,18,33.63636363636363,9.545454545454547,24.09090909090909,66.36363636363637,58.18181818181818,8.181818181818182
E00011201,162,48,19,29,114,93,21,29.629629629629626,11.728395061728394,17.901234567901234,70.37037037037037,57.407407407407405,12.962962962962962
E00165801,192,38,12,26,154,134,20,19.791666666666664,6.25,13.541666666666666,80.20833333333334,69.79166666666666,10.416666666666668
E00171089,175,54,20,34,121,106,15,30.857142857142854,11.428571428571429,19.428571428571427,69.14285714285714,60.57142857142858,8.571428571428571
E00171093,215,70,30,40,145,115,30,32.55813953488372,13.953488372093023,18.6046511627907,67.44186046511628,53.48837209302325,13.953488372093023
E00171094,182,57,27,30,125,95,30,31.318681318681318,14.835164835164836,16.483516483516482,68.68131868131869,52.197802197802204,16.483516483516482
E00171096,172,53,13,40,119,79,40,30.813953488372093,7.55813953488372,23.25581395348837,69.18604651162791,45.93023255813954,23.25581395348837
E00171097,170,64,26,38,106,81,25,37.64705882352941,15.294117647058824,22.35294117647059,62.35294117647059,47.647058823529406,14.705882352941178
E00171099,81,21,10,11,60,52,8,25.925925925925924,12.345679012345679,13.580246913580247,74.07407407407408,64.19753086419753,9.876543209876543
E00171102,194,39,12,27,155,137,18,20.103092783505154,6.185567010309279,13.917525773195877,79.89690721649485,70.61855670103093,9.278350515463918
E00171107,163,71,23,48,92,82,10,43.558282208588956,14.11042944785276,29.447852760736197,56.44171779141104,50.306748466257666,6.134969325153374
E00171108,202,70,29,41,132,119,13,34.65346534653465,14.356435643564355,20.2970297029703,65.34653465346535,58.91089108910891,6.435643564356436
E00171111,134,31,10,21,103,86,17,23.134328358208954,7.462686567164178,15.671641791044777,76.86567164179104,64.17910447761194,12.686567164179104
E00171113,129,49,20,29,80,69,11,37.98449612403101,15.503875968992247,22.48062015503876,62.01550387596899,53.48837209302325,8.527131782945736
E00171114,193,54,20,34,139,113,26,27.979274611398964,10.362694300518134,17.616580310880828,72.02072538860104,58.549222797927456,13.471502590673575
E00171116,28,6,5,1,22,12,10,21.428571428571427,17.857142857142858,3.571428571428571,78.57142857142857,42.857142857142854,35.714285714285715
E00171117,165,58,24,34,107,88,19,35.15151515151515,14.545454545454545,20.606060606060606,64.84848484848484,53.333333333333336,11.515151515151516
E00171119,162,51,21,30,111,77,34,31.48148148148148,12.962962962962962,18.51851851851852,68.51851851851852,47.53086419753087,20.98765432098765
E00171127,146,37,17,20,109,82,27,25.34246575342466,11.643835616438356,13.698630136986301,74.65753424657534,56.16438356164384,18.493150684931507
E00184389,219,59,24,35,160,129,31,26.94063926940639,10.95890410958904,15.981735159817351,73.0593607305936,58.9041095890411,14.15525114155251
E00184390,111,33,11,22,78,70,8,29.72972972972973,9.90990990990991,19.81981981981982,70.27027027027027,63.06306306306306,7.207207207207207
E00184391,84,29,11,18,55,51,4,34.523809523809526,13.095238095238097,21.428571428571427,65.47619047619048,60.71428571428571,4.761904761904762
E00184392,242,66,28,38,176,149,27,27.27272727272727,11.570247933884298,15.702479338842975,72.72727272727273,61.57024793388429,11.15702479338843
E00184394,236,58,21,37,178,140,38,24.576271186440678,8.898305084745763,15.677966101694915,75.42372881355932,59.32203389830508,16.101694915254235
E00184397,213,22,6,16,191,168,23,10.328638497652582,2.8169014084507045,7.511737089201878,89.67136150234741,78.87323943661971,10.7981220657277
E00184399,173,31,8,23,142,104,38,17.91907514450867,4.624277456647398,13.294797687861271,82.08092485549133,60.115606936416185,21.965317919075144
E00184400,61,10,5,5,51,41,10,16.39344262295082,8.19672131147541,8.19672131147541,83.60655737704919,67.21311475409836,16.39344262295082
E00184401,100,24,8,16,76,65,11,24,8,16,76,65,11
E00184402,139,29,11,18,110,99,11,20.863309352517987,7.913669064748201,12.949640287769784,79.13669064748201,71.22302158273382,7.913669064748201
E00184403,71,22,9,13,49,40,9,30.985915492957744,12.676056338028168,18.30985915492958,69.01408450704226,56.33802816901409,12.676056338028168
E00184406,60,16,7,9,44,32,12,26.666666666666668,11.666666666666666,15,73.33333333333333,53.333333333333336,20
E00184407,89,24,11,13,65,56,9,26.96629213483146,12.359550561797752,14.606741573033707,73.03370786516854,62.92134831460674,10.112359550561797
E00184408,59,17,9,8,42,36,6,28.8135593220339,15.254237288135593,13.559322033898304,71.1864406779661,61.016949152542374,10.16949152542373
E00184411,181,59,24,35,122,107,15,32.59668508287293,13.259668508287293,19.337016574585636,67.40331491712708,59.11602209944752,8.287292817679557
E00184413,229,63,16,47,166,139,27,27.510917030567683,6.986899563318777,20.52401746724891,72.48908296943232,60.698689956331876,11.790393013100436
E00184418,118,21,9,12,97,86,11,17.796610169491526,7.627118644067797,10.16949152542373,82.20338983050848,72.88135593220339,9.322033898305085
E00184420,103,29,10,19,74,62,12,28.155339805825243,9.70873786407767,18.446601941747574,71.84466019417476,60.19417475728155,11.650485436893204
E00184426,201,63,14,49,138,114,24,31.343283582089555,6.965174129353234,24.378109452736318,68.65671641791045,56.71641791044776,11.940298507462686
E00184427,271,33,14,19,238,212,26,12.177121771217712,5.166051660516605,7.011070110701106,87.82287822878229,78.22878228782287,9.59409594095941
E00184428,82,20,7,13,62,57,5,24.390243902439025,8.536585365853659,15.853658536585366,75.60975609756098,69.51219512195121,6.097560975609756
E00184429,126,34,15,19,92,75,17,26.984126984126984,11.904761904761903,15.079365079365079,73.01587301587301,59.523809523809526,13.492063492063492
E00184430,254,45,19,26,209,164,45,17.716535433070867,7.480314960629922,10.236220472440944,82.28346456692913,64.56692913385827,17.716535433070867
E00184431,192,61,21,40,131,122,9,31.770833333333332,10.9375,20.833333333333336,68.22916666666666,63.541666666666664,4.6875
E00184432,162,51,8,43,111,106,5,31.48148148148148,4.938271604938271,26.543209876543212,68.51851851851852,65.4320987654321,3.0864197530864197
E00184434,200,67,27,40,133,116,17,33.5,13.5,20,66.5,57.99999999999999,8.5
E00184436,204,68,30,38,136,119,17,33.33333333333333,14.705882352941178,18.627450980392158,66.66666666666666,58.333333333333336,8.333333333333332
E00184437,211,62,24,38,149,136,13,29.383886255924168,11.374407582938389,18.009478672985782,70.61611374407583,64.45497630331754,6.161137440758294
E00184440,159,61,26,35,98,86,12,38.36477987421384,16.352201257861633,22.0125786163522,61.63522012578616,54.088050314465406,7.547169811320755
E00184441,148,43,18,25,105,93,12,29.054054054054053,12.162162162162163,16.89189189189189,70.94594594594594,62.83783783783784,8.108108108108109
E00184442,126,44,15,29,82,66,16,34.92063492063492,11.904761904761903,23.015873015873016,65.07936507936508,52.38095238095239,12.698412698412698
E00184443,118,30,14,16,88,80,8,25.423728813559322,11.864406779661017,13.559322033898304,74.57627118644068,67.79661016949152,6.779661016949152
E00184446,192,55,18,37,137,114,23,28.645833333333332,9.375,19.270833333333336,71.35416666666666,59.375,11.979166666666668
E00184447,279,40,17,23,239,197,42,14.336917562724013,6.093189964157706,8.24372759856631,85.66308243727599,70.60931899641577,15.053763440860216
E00184450,188,55,24,31,133,112,21,29.25531914893617,12.76595744680851,16.48936170212766,70.74468085106383,59.57446808510638,11.170212765957446
E00184451,302,52,19,33,250,189,61,17.218543046357617,6.291390728476822,10.927152317880795,82.78145695364239,62.58278145695364,20.198675496688743
E00184452,73,25,10,15,48,39,9,34.24657534246575,13.698630136986301,20.54794520547945,65.75342465753424,53.42465753424658,12.32876712328767
E00184454,250,73,22,51,177,149,28,29.2,8.799999999999999,20.4,70.8,59.599999999999994,11.200000000000001
E00184460,134,35,20,15,99,87,12,26.119402985074625,14.925373134328357,11.194029850746269,73.88059701492537,64.92537313432835,8.955223880597014
E00184464,206,32,13,19,174,145,29,15.53398058252427,6.310679611650485,9.223300970873787,84.46601941747572,70.3883495145631,14.077669902912621
E00184467,66,10,4,6,56,45,11,15.151515151515152,6.0606060606060606,9.090909090909092,84.84848484848484,68.18181818181817,16.666666666666664
E00184469,145,44,14,30,101,89,12,30.344827586206897,9.655172413793103,20.689655172413794,69.6551724137931,61.37931034482759,8.275862068965518
E00184470,308,95,45,50,213,178,35,30.844155844155846,14.61038961038961,16.233766233766232,69.15584415584416,57.7922077922078,11.363636363636363
E00184472,168,61,27,34,107,97,10,36.30952380952381,16.071428571428573,20.238095238095237,63.69047619047619,57.738095238095234,5.952380952380952
E00184473,227,57,23,34,170,153,17,25.11013215859031,10.13215859030837,14.977973568281937,74.8898678414097,67.40088105726872,7.488986784140969
E00184480,183,59,20,39,124,105,19,32.240437158469945,10.92896174863388,21.311475409836063,67.75956284153006,57.377049180327866,10.382513661202186
E00184481,229,30,13,17,199,172,27,13.100436681222707,5.676855895196507,7.423580786026202,86.8995633187773,75.10917030567686,11.790393013100436
E00184482,153,34,12,22,119,104,15,22.22222222222222,7.8431372549019605,14.37908496732026,77.77777777777779,67.97385620915033,9.803921568627452
E00184483,195,36,15,21,159,143,16,18.461538461538463,7.6923076923076925,10.76923076923077,81.53846153846153,73.33333333333333,8.205128205128204
E00184488,125,33,9,24,92,77,15,26.400000000000002,7.199999999999999,19.2,73.6,61.6,12
E00184489,357,44,16,28,313,270,43,12.324929971988796,4.481792717086835,7.8431372549019605,87.6750700280112,75.63025210084034,12.044817927170868
E00184490,294,93,32,61,201,160,41,31.63265306122449,10.884353741496598,20.74829931972789,68.36734693877551,54.421768707483,13.945578231292515
E00184491,220,82,23,59,138,122,16,37.27272727272727,10.454545454545453,26.81818181818182,62.727272727272734,55.45454545454545,7.2727272727272725
E00184492,258,57,19,38,201,170,31,22.093023255813954,7.3643410852713185,14.728682170542637,77.90697674418605,65.89147286821705,12.015503875968992
E00184493,95,22,6,16,73,62,11,23.157894736842106,6.315789473684211,16.842105263157894,76.84210526315789,65.26315789473685,11.578947368421053
E00184494,225,59,22,37,166,153,13,26.222222222222225,9.777777777777779,16.444444444444446,73.77777777777777,68,5.777777777777778
E00184498,91,17,3,14,74,62,12,18.681318681318682,3.296703296703297,15.384615384615385,81.31868131868131,68.13186813186813,13.186813186813188
E00184499,68,14,8,6,54,44,10,20.588235294117645,11.76470588235294,8.823529411764707,79.41176470588235,64.70588235294117,14.705882352941178
E00184501,167,23,8,15,144,115,29,13.77245508982036,4.790419161676647,8.982035928143713,86.22754491017965,68.8622754491018,17.365269461077844
E00184503,126,35,10,25,91,74,17,27.77777777777778,7.936507936507936,19.841269841269842,72.22222222222221,58.730158730158735,13.492063492063492
E00184506,62,21,12,9,41,28,13,33.87096774193548,19.35483870967742,14.516129032258066,66.12903225806451,45.16129032258064,20.967741935483872
E00184508,148,48,24,24,100,88,12,32.432432432432435,16.216216216216218,16.216216216216218,67.56756756756756,59.45945945945946,8.108108108108109
E00184509,235,29,14,15,206,182,24,12.340425531914894,5.957446808510639,6.382978723404255,87.65957446808511,77.4468085106383,10.212765957446807
E00184512,89,18,10,8,71,64,7,20.224719101123593,11.235955056179774,8.98876404494382,79.7752808988764,71.91011235955057,7.865168539325842
E00184513,183,41,16,25,142,123,19,22.404371584699454,8.743169398907105,13.661202185792352,77.59562841530054,67.21311475409836,10.382513661202186
E00184514,131,44,20,24,87,74,13,33.587786259541986,15.267175572519085,18.3206106870229,66.41221374045801,56.48854961832062,9.923664122137405
E00184518,146,10,4,6,136,123,13,6.8493150684931505,2.73972602739726,4.10958904109589,93.15068493150685,84.24657534246576,8.904109589041095
E00184520,62,10,4,6,52,40,12,16.129032258064516,6.451612903225806,9.67741935483871,83.87096774193549,64.51612903225806,19.35483870967742
E00184522,192,72,30,42,120,101,19,37.5,15.625,21.875,62.5,52.604166666666664,9.895833333333332
E00184523,72,12,7,5,60,51,9,16.666666666666664,9.722222222222223,6.944444444444445,83.33333333333334,70.83333333333334,12.5
E00184529,155,44,16,28,111,88,23,28.387096774193548,10.32258064516129,18.064516129032256,71.61290322580646,56.774193548387096,14.838709677419354
E00184532,225,73,29,44,152,139,13,32.44444444444444,12.88888888888889,19.555555555555557,67.55555555555556,61.77777777777778,5.777777777777778
E00184533,151,50,15,35,101,88,13,33.11258278145696,9.933774834437086,23.178807947019866,66.88741721854305,58.27814569536424,8.609271523178808
E00184536,279,54,14,40,225,208,17,19.35483870967742,5.017921146953405,14.336917562724013,80.64516129032258,74.55197132616487,6.093189964157706
E00184537,61,23,13,10,38,32,6,37.704918032786885,21.311475409836063,16.39344262295082,62.295081967213115,52.459016393442624,9.836065573770492
