OA,ts0380001,ts0380002,ts0380003,ts0380004,ts0380005,ts0380006,ts0380007,ts0380002_PCT,ts0380003_PCT,ts0380004_PCT,ts0380005_PCT,ts0380006_PCT,ts0380007_PCT
E00121721,287,46,21,25,241,20,221,16.02787456445993,7.317073170731707,8.710801393728223,83.97212543554006,6.968641114982578,77.00348432055749
E00121723,376,89,35,54,287,18,269,23.670212765957448,9.308510638297872,14.361702127659576,76.32978723404256,4.787234042553192,71.54255319148936
E00121724,308,92,50,42,216,15,201,29.87012987012987,16.233766233766232,13.636363636363635,70.12987012987013,4.870129870129871,65.25974025974025
E00121725,311,73,29,44,238,23,215,23.47266881028939,9.32475884244373,14.14790996784566,76.52733118971061,7.395498392282958,69.13183279742765
E00121726,326,75,34,41,251,14,237,23.006134969325153,10.429447852760736,12.576687116564417,76.99386503067484,4.294478527607362,72.69938650306749
E00121727,426,85,38,47,341,20,321,19.953051643192488,8.92018779342723,11.032863849765258,80.04694835680752,4.694835680751173,75.35211267605634
E00121730,354,62,20,42,292,22,270,17.51412429378531,5.649717514124294,11.864406779661017,82.485875706214685,6.214689265536723,76.27118644067797
E00121731,384,82,35,47,302,26,276,21.354166666666664,9.114583333333332,12.239583333333332,78.64583333333334,6.770833333333333,71.875
E00121732,238,69,38,31,169,9,160,28.991596638655466,15.966386554621847,13.025210084033615,71.00840336134453,3.7815126050420167,67.22689075630252
E00121733,452,66,29,37,386,17,369,14.601769911504425,6.415929203539823,8.185840707964601,85.39823008849558,3.761061946902655,81.63716814159292
E00121734,463,110,48,62,353,33,320,23.758099352051836,10.367170626349893,13.390928725701945,76.24190064794817,7.127429805615551,69.11447084233261
E00121735,378,117,45,72,261,18,243,30.952380952380953,11.904761904761903,19.047619047619047,69.04761904761905,4.761904761904762,64.28571428571429
E00121736,363,80,40,40,283,13,270,22.03856749311295,11.019283746556475,11.019283746556475,77.96143250688705,3.581267217630854,74.3801652892562
E00121737,289,66,27,39,223,17,206,22.837370242214533,9.342560553633218,13.494809688581316,77.16262975778547,5.88235294117647,71.280276816609
E00121738,369,81,35,46,288,14,274,21.951219512195124,9.48509485094851,12.466124661246612,78.04878048780488,3.7940379403794036,74.25474254742548
E00121739,349,72,36,36,277,13,264,20.630372492836678,10.315186246418339,10.315186246418339,79.36962750716332,3.7249283667621778,75.64469914040114
E00121740,318,68,24,44,250,21,229,21.38364779874214,7.547169811320755,13.836477987421384,78.61635220125787,6.60377358490566,72.0125786163522
E00121742,466,80,37,43,386,23,363,17.167381974248926,7.939914163090128,9.2274678111588,82.83261802575107,4.935622317596566,77.8969957081545
E00121743,346,71,37,34,275,24,251,20.520231213872833,10.69364161849711,9.826589595375722,79.47976878612717,6.9364161849710975,72.54335260115607
E00121744,291,34,14,20,257,20,237,11.683848797250858,4.810996563573884,6.872852233676976,88.31615120274914,6.872852233676976,81.44329896907216
E00121745,390,73,35,38,317,27,290,18.71794871794872,8.974358974358974,9.7435897435897445,81.28205128205128,6.923076923076923,74.35897435897436
E00121746,334,61,19,42,273,18,255,18.263473053892216,5.688622754491018,12.574850299401197,81.73652694610777,5.389221556886228,76.34730538922156
E00121747,352,72,30,42,280,22,258,20.454545454545457,8.522727272727272,11.931818181818182,79.54545454545455,6.25,73.29545454545455
E00121748,308,50,14,36,258,32,226,16.233766233766232,4.545454545454546,11.688311688311687,83.76623376623377,10.38961038961039,73.37662337662337
E00121749,194,60,28,32,134,9,125,30.927835051546392,14.432989690721648,16.49484536082474,69.0721649484536,4.639175257731959,64.43298969072166
E00121750,393,60,17,43,333,29,304,15.267175572519085,4.325699745547073,10.941475826972011,84.7328244274809,7.37913486005089,77.35368956743002
E00121751,346,40,16,24,306,26,280,11.560693641618498,4.624277456647398,6.9364161849710975,88.4393063583815,7.514450867052023,80.92485549132948
E00121752,381,44,16,28,337,26,311,11.548556430446194,4.199475065616798,7.349081364829396,88.4514435695538,6.824146981627297,81.62729658792651
E00121753,323,42,15,27,281,18,263,13.003095975232199,4.643962848297214,8.359133126934983,86.9969040247678,5.572755417956656,81.42414860681114
E00121754,419,66,29,37,353,25,328,15.75178997613365,6.921241050119331,8.83054892601432,84.24821002386635,5.966587112171838,78.28162291169451
E00121755,296,39,9,30,257,32,225,13.175675675675674,3.040540540540541,10.135135135135135,86.82432432432432,10.81081081081081,76.01351351351352
E00121756,542,180,124,56,362,35,327,33.210332103321036,22.878228782287824,10.33210332103321,66.78966789667896,6.4575645756457565,60.332103321033216
E00121757,307,93,44,49,214,16,198,30.293159609120522,14.332247557003258,15.960912052117262,69.70684039087948,5.211726384364821,64.49511400651465
E00121758,303,57,21,36,246,28,218,18.81188118811881,6.9306930693069315,11.881188118811881,81.1881188118812,9.24092409240924,71.94719471947195
E00121759,270,58,29,29,212,23,189,21.48148148148148,10.74074074074074,10.74074074074074,78.51851851851852,8.518518518518519,70
E00121760,374,55,20,35,319,33,286,14.705882352941178,5.347593582887701,9.358288770053475,85.29411764705883,8.823529411764707,76.47058823529412
E00121761,325,56,26,30,269,30,239,17.23076923076923,8,9.230769230769232,82.76923076923077,9.230769230769232,73.53846153846155
E00121762,218,58,24,34,160,16,144,26.605504587155966,11.009174311926607,15.59633027522936,73.39449541284404,7.339449541284404,66.05504587155964
E00121763,354,87,33,54,267,13,254,24.576271186440678,9.322033898305085,15.254237288135593,75.42372881355932,3.672316384180791,71.75141242937853
E00121764,360,113,48,65,247,21,226,31.38888888888889,13.333333333333334,18.055555555555554,68.61111111111111,5.833333333333333,62.77777777777778
E00121765,330,51,20,31,279,25,254,15.454545454545453,6.0606060606060606,9.393939393939393,84.54545454545455,7.575757575757576,76.96969696969697
E00121766,479,60,25,35,419,45,374,12.526096033402922,5.219206680584551,7.306889352818372,87.47390396659708,9.394572025052192,78.07933194154488
E00121767,498,60,23,37,438,35,403,12.048192771084338,4.618473895582329,7.429718875502007,87.95180722891565,7.028112449799197,80.92369477911646
E00121771,372,42,18,24,330,37,293,11.29032258064516,4.838709677419355,6.451612903225806,88.70967741935483,9.946236559139784,78.76344086021506
E00121772,342,61,25,36,281,17,264,17.83625730994152,7.309941520467836,10.526315789473683,82.16374269005848,4.970760233918129,77.19298245614034
E00121773,267,49,19,30,218,25,193,18.352059925093634,7.116104868913857,11.235955056179774,81.64794007490637,9.363295880149813,72.28464419475655
E00121774,299,65,23,42,234,21,213,21.73913043478261,7.6923076923076925,14.046822742474916,78.26086956521739,7.023411371237458,71.23745819397993
E00121775,339,76,33,43,263,16,247,22.418879056047196,9.734513274336283,12.684365781710916,77.5811209439528,4.71976401179941,72.86135693215338
E00121776,306,60,27,33,246,16,230,19.607843137254903,8.823529411764707,10.784313725490197,80.3921568627451,5.228758169934641,75.16339869281046
E00121777,292,55,30,25,237,32,205,18.835616438356166,10.273972602739725,8.561643835616438,81.16438356164383,10.95890410958904,70.2054794520548
E00121778,295,57,31,26,238,10,228,19.322033898305087,10.508474576271185,8.813559322033898,80.67796610169492,3.389830508474576,77.28813559322035
E00121779,249,60,28,32,189,14,175,24.096385542168676,11.244979919678714,12.851405622489958,75.90361445783132,5.622489959839357,70.28112449799197
E00121780,331,87,34,53,244,23,221,26.283987915407852,10.27190332326284,16.012084592145015,73.71601208459214,6.948640483383686,66.76737160120845
E00121781,319,65,23,42,254,22,232,20.37617554858934,7.210031347962382,13.166144200626958,79.62382445141067,6.896551724137931,72.72727272727273
E00121782,288,78,28,50,210,21,189,27.083333333333332,9.722222222222223,17.36111111111111,72.91666666666666,7.291666666666667,65.625
E00121783,606,118,53,65,488,34,454,19.471947194719473,8.745874587458747,10.726072607260726,80.52805280528052,5.6105610561056105,74.91749174917491
E00121784,311,59,23,36,252,32,220,18.971061093247588,7.395498392282958,11.57556270096463,81.02893890675242,10.289389067524116,70.7395498392283
E00121785,334,68,26,42,266,25,241,20.359281437125748,7.784431137724551,12.574850299401197,79.64071856287424,7.48502994011976,72.15568862275448
E00121786,232,65,20,45,167,23,144,28.01724137931034,8.620689655172415,19.396551724137932,71.98275862068965,9.913793103448276,62.06896551724138
E00121787,291,84,43,41,207,14,193,28.865979381443296,14.776632302405499,14.0893470790378,71.1340206185567,4.810996563573884,66.32302405498281
E00121788,314,38,15,23,276,26,250,12.101910828025478,4.777070063694268,7.32484076433121,87.89808917197452,8.280254777070063,79.61783439490446
E00121789,311,65,24,41,246,31,215,20.90032154340836,7.717041800643088,13.183279742765272,79.09967845659163,9.967845659163988,69.13183279742765
E00121790,453,72,25,47,381,34,347,15.894039735099339,5.518763796909492,10.375275938189846,84.10596026490066,7.505518763796909,76.60044150110376
E00121791,371,63,32,31,308,19,289,16.9811320754717,8.62533692722372,8.355795148247978,83.01886792452831,5.121293800539084,77.89757412398922
E00121792,328,43,18,25,285,25,260,13.109756097560975,5.487804878048781,7.621951219512195,86.89024390243902,7.621951219512195,79.26829268292683
E00121793,201,19,2,17,182,18,164,9.45273631840796,0.9950248756218906,8.45771144278607,90.54726368159204,8.955223880597014,81.59203980099502
E00121794,363,66,22,44,297,28,269,18.181818181818183,6.0606060606060606,12.121212121212121,81.81818181818183,7.7134986225895315,74.10468319559229
E00121795,243,28,10,18,215,23,192,11.522633744855968,4.11522633744856,7.4074074074074066,88.47736625514403,9.465020576131687,79.01234567901234
E00121796,409,50,18,32,359,37,322,12.224938875305623,4.400977995110025,7.823960880195599,87.77506112469437,9.04645476772616,78.72860635696821
E00121797,311,54,16,38,257,26,231,17.363344051446948,5.144694533762058,12.218649517684888,82.63665594855306,8.360128617363344,74.27652733118971
E00121798,366,53,13,40,313,24,289,14.48087431693989,3.551912568306011,10.92896174863388,85.51912568306011,6.557377049180328,78.96174863387978
E00121799,240,97,60,37,143,11,132,40.416666666666664,25,15.416666666666668,59.583333333333336,4.583333333333333,55.00000000000001
E00121800,304,64,27,37,240,35,205,21.052631578947366,8.881578947368421,12.171052631578947,78.94736842105263,11.513157894736842,67.43421052631578
E00121801,269,62,27,35,207,20,187,23.04832713754647,10.037174721189592,13.011152416356877,76.95167286245353,7.434944237918216,69.51672862453532
E00121802,157,21,10,11,136,13,123,13.375796178343949,6.369426751592357,7.006369426751593,86.62420382165605,8.280254777070063,78.343949044586
E00121803,243,26,11,15,217,19,198,10.699588477366255,4.526748971193416,6.172839506172839,89.30041152263375,7.818930041152264,81.48148148148148
E00121804,306,50,18,32,256,30,226,16.33986928104575,5.88235294117647,10.457516339869281,83.66013071895425,9.803921568627452,73.8562091503268
E00121805,427,43,8,35,384,25,359,10.070257611241217,1.873536299765808,8.19672131147541,89.92974238875878,5.85480093676815,84.07494145199064
E00121807,387,97,48,49,290,25,265,25.064599483204137,12.4031007751938,12.661498708010335,74.93540051679587,6.459948320413436,68.47545219638242
E00121808,328,48,21,27,280,21,259,14.634146341463413,6.402439024390244,8.231707317073171,85.36585365853658,6.402439024390244,78.96341463414635
E00121809,590,86,28,58,504,29,475,14.576271186440678,4.745762711864407,9.830508474576272,85.42372881355932,4.915254237288136,80.50847457627118
E00121810,540,78,26,52,462,40,422,14.444444444444443,4.814814814814815,9.62962962962963,85.55555555555556,7.4074074074074066,78.14814814814814
E00121811,367,48,16,32,319,29,290,13.079019073569482,4.35967302452316,8.71934604904632,86.92098092643052,7.901907356948229,79.01907356948229
E00121814,394,69,36,33,325,25,300,17.512690355329948,9.137055837563452,8.375634517766498,82.48730964467005,6.345177664974619,76.14213197969542
E00121815,329,69,32,37,260,13,247,20.972644376899694,9.72644376899696,11.246200607902736,79.0273556231003,3.951367781155015,75.07598784194529
E00121816,342,43,8,35,299,26,273,12.573099415204677,2.3391812865497075,10.23391812865497,87.42690058479532,7.602339181286549,79.82456140350878
E00121817,327,63,23,40,264,20,244,19.26605504587156,7.033639143730887,12.232415902140673,80.73394495412845,6.116207951070336,74.61773700305811
E00121819,340,35,12,23,305,32,273,10.294117647058822,3.5294117647058822,6.764705882352941,89.70588235294117,9.411764705882353,80.29411764705883
E00121820,256,45,22,23,211,24,187,17.578125,8.59375,8.984375,82.421875,9.375,73.046875
E00121821,349,60,21,39,289,23,266,17.191977077363894,6.017191977077363,11.174785100286533,82.8080229226361,6.59025787965616,76.21776504297995
E00121822,288,49,24,25,239,24,215,17.01388888888889,8.333333333333332,8.680555555555555,82.98611111111111,8.333333333333332,74.65277777777779
E00121823,318,45,15,30,273,22,251,14.150943396226415,4.716981132075472,9.433962264150944,85.84905660377359,6.918238993710692,78.9308176100629
E00121824,297,44,12,32,253,28,225,14.814814814814813,4.040404040404041,10.774410774410773,85.18518518518519,9.427609427609427,75.75757575757575
E00121825,326,44,15,29,282,19,263,13.496932515337424,4.601226993865031,8.895705521472392,86.50306748466258,5.828220858895705,80.67484662576688
E00121826,303,50,8,42,253,26,227,16.5016501650165,2.6402640264026402,13.861386138613863,83.4983498349835,8.58085808580858,74.91749174917491
E00121827,271,40,12,28,231,22,209,14.760147601476014,4.428044280442804,10.33210332103321,85.23985239852398,8.118081180811808,77.12177121771218
E00121828,342,44,12,32,298,27,271,12.865497076023392,3.508771929824561,9.35672514619883,87.13450292397661,7.894736842105263,79.23976608187134
E00121829,292,41,14,27,251,19,232,14.04109589041096,4.794520547945205,9.246575342465754,85.95890410958904,6.506849315068493,79.45205479452055
E00121830,296,45,17,28,251,15,236,15.202702702702704,5.743243243243244,9.45945945945946,84.7972972972973,5.0675675675675675,79.72972972972973
E00121831,345,82,40,42,263,25,238,23.768115942028984,11.594202898550725,12.173913043478262,76.23188405797102,7.246376811594203,68.98550724637681
E00121832,249,39,12,27,210,23,187,15.66265060240964,4.819277108433735,10.843373493975903,84.33734939759037,9.236947791164658,75.1004016064257
E00121833,238,47,17,30,191,24,167,19.747899159663866,7.142857142857142,12.605042016806722,80.25210084033614,10.084033613445378,70.16806722689076
E00121834,284,55,25,30,229,23,206,19.366197183098592,8.80281690140845,10.56338028169014,80.63380281690141,8.098591549295776,72.53521126760563
E00121835,436,69,28,41,367,37,330,15.825688073394495,6.422018348623854,9.403669724770642,84.17431192660551,8.486238532110093,75.68807339449542
E00121836,276,59,21,38,217,29,188,21.3768115942029,7.608695652173914,13.768115942028986,78.62318840579711,10.507246376811594,68.11594202898551
E00121837,345,63,24,39,282,29,253,18.26086956521739,6.956521739130435,11.304347826086957,81.73913043478261,8.405797101449275,73.33333333333333
E00121838,283,54,25,29,229,22,207,19.081272084805654,8.8339222614841,10.247349823321555,80.91872791519434,7.773851590106007,73.14487632508833
E00121839,271,42,17,25,229,24,205,15.498154981549817,6.273062730627306,9.22509225092251,84.50184501845018,8.856088560885608,75.64575645756457
E00121840,365,58,15,43,307,33,274,15.890410958904111,4.10958904109589,11.78082191780822,84.10958904109589,9.04109589041096,75.06849315068493
E00121841,350,78,26,52,272,36,236,22.285714285714285,7.428571428571429,14.857142857142858,77.71428571428571,10.285714285714285,67.42857142857143
E00121842,286,51,20,31,235,24,211,17.832167832167833,6.993006993006993,10.839160839160838,82.16783216783216,8.391608391608392,73.77622377622379
E00121843,362,60,20,40,302,27,275,16.574585635359114,5.524861878453039,11.049723756906078,83.42541436464089,7.458563535911603,75.96685082872928
E00121844,329,57,24,33,272,23,249,17.325227963525837,7.29483282674772,10.030395136778116,82.67477203647417,6.990881458966565,75.6838905775076
E00121845,278,51,15,36,227,23,204,18.345323741007196,5.39568345323741,12.949640287769784,81.65467625899281,8.273381294964029,73.38129496402878
E00121846,304,64,24,40,240,19,221,21.052631578947366,7.894736842105263,13.157894736842104,78.94736842105263,6.25,72.69736842105263
E00121848,340,52,16,36,288,30,258,15.294117647058824,4.705882352941177,10.588235294117647,84.70588235294117,8.823529411764707,75.88235294117646
E00121849,334,54,26,28,280,28,252,16.16766467065868,7.784431137724551,8.383233532934131,83.8323353293413,8.383233532934131,75.44910179640718
E00121850,303,60,26,34,243,28,215,19.801980198019802,8.58085808580858,11.221122112211221,80.19801980198021,9.24092409240924,70.95709570957096
E00121851,590,87,40,47,503,51,452,14.745762711864408,6.779661016949152,7.966101694915253,85.2542372881356,8.64406779661017,76.61016949152543
E00121852,477,91,37,54,386,30,356,19.07756813417191,7.756813417190776,11.320754716981133,80.92243186582809,6.289308176100629,74.63312368972747
E00121853,326,84,45,39,242,14,228,25.766871165644172,13.803680981595093,11.96319018404908,74.23312883435584,4.294478527607362,69.93865030674846
E00121854,386,53,12,41,333,21,312,13.730569948186528,3.1088082901554404,10.621761658031089,86.26943005181347,5.4404145077720205,80.82901554404145
E00121855,301,41,12,29,260,26,234,13.621262458471762,3.9867109634551494,9.634551495016613,86.37873754152824,8.637873754152823,77.74086378737542
E00121856,407,67,34,33,340,31,309,16.461916461916463,8.353808353808354,8.108108108108109,83.53808353808354,7.616707616707617,75.92137592137593
E00121857,373,64,24,40,309,14,295,17.158176943699733,6.434316353887399,10.723860589812332,82.84182305630027,3.753351206434316,79.08847184986595
E00121858,234,38,22,16,196,15,181,16.23931623931624,9.401709401709402,6.837606837606838,83.76068376068376,6.41025641025641,77.35042735042735
E00121859,379,63,25,38,316,20,296,16.62269129287599,6.596306068601583,10.026385224274406,83.37730870712402,5.277044854881266,78.10026385224275
E00121860,351,90,51,39,261,28,233,25.64102564102564,14.529914529914532,11.11111111111111,74.35897435897436,7.977207977207977,66.38176638176638
E00121861,301,75,34,41,226,30,196,24.916943521594686,11.295681063122924,13.621262458471762,75.08305647840533,9.966777408637874,65.11627906976744
E00121862,389,48,12,36,341,26,315,12.339331619537274,3.0848329048843186,9.254498714652955,87.66066838046272,6.683804627249357,80.97686375321337
E00121863,276,47,16,31,229,20,209,17.02898550724638,5.797101449275362,11.231884057971014,82.97101449275362,7.246376811594203,75.72463768115942
E00121864,302,42,15,27,260,20,240,13.90728476821192,4.966887417218543,8.940397350993377,86.09271523178808,6.622516556291391,79.47019867549669
E00121865,323,78,43,35,245,29,216,24.148606811145513,13.312693498452013,10.8359133126935,75.85139318885449,8.978328173374612,66.87306501547987
E00121866,261,50,24,26,211,21,190,19.157088122605366,9.195402298850574,9.961685823754788,80.84291187739464,8.045977011494253,72.79693486590038
E00121867,310,61,26,35,249,29,220,19.67741935483871,8.38709677419355,11.29032258064516,80.3225806451613,9.35483870967742,70.96774193548387
E00121868,330,53,14,39,277,29,248,16.060606060606062,4.242424242424243,11.818181818181818,83.93939393939394,8.787878787878787,75.15151515151514
E00121869,315,52,18,34,263,31,232,16.507936507936506,5.714285714285714,10.793650793650794,83.4920634920635,9.841269841269842,73.65079365079366
E00121870,373,80,42,38,293,24,269,21.447721179624665,11.26005361930295,10.187667560321715,78.55227882037534,6.434316353887399,72.11796246648794
E00121871,283,34,18,16,249,20,229,12.014134275618375,6.36042402826855,5.6537102473498235,87.98586572438163,7.06713780918728,80.91872791519434
E00121872,327,42,13,29,285,28,257,12.844036697247708,3.9755351681957185,8.868501529051988,87.1559633027523,8.56269113149847,78.59327217125383
E00121873,361,80,45,35,281,18,263,22.160664819944596,12.465373961218837,9.695290858725762,77.8393351800554,4.986149584487535,72.85318559556787
E00121874,534,67,28,39,467,50,417,12.54681647940075,5.2434456928838955,7.303370786516854,87.45318352059925,9.363295880149813,78.08988764044943
E00121876,268,43,16,27,225,22,203,16.044776119402986,5.970149253731343,10.074626865671641,83.95522388059702,8.208955223880597,75.74626865671642
E00121877,298,92,54,38,206,12,194,30.87248322147651,18.120805369127517,12.751677852348994,69.12751677852349,4.026845637583892,65.1006711409396
E00121878,418,64,24,40,354,24,330,15.311004784688995,5.741626794258373,9.569377990430622,84.688995215311,5.741626794258373,78.94736842105263
E00121880,364,49,13,36,315,23,292,13.461538461538462,3.571428571428571,9.89010989010989,86.53846153846155,6.318681318681318,80.21978021978022
E00121881,366,50,10,40,316,20,296,13.661202185792352,2.73224043715847,10.92896174863388,86.33879781420765,5.46448087431694,80.87431693989072
E00121882,515,49,18,31,466,44,422,9.514563106796116,3.4951456310679614,6.019417475728155,90.48543689320388,8.54368932038835,81.94174757281554
E00121883,382,37,6,31,345,29,316,9.68586387434555,1.5706806282722512,8.115183246073299,90.31413612565446,7.591623036649215,82.72251308900523
E00121884,398,44,9,35,354,33,321,11.055276381909549,2.261306532663317,8.793969849246231,88.94472361809045,8.291457286432161,80.65326633165829
E00121885,273,31,8,23,242,22,220,11.355311355311356,2.93040293040293,8.424908424908425,88.64468864468864,8.058608058608058,80.58608058608058
E00121888,484,126,66,60,358,33,325,26.033057851239672,13.636363636363635,12.396694214876034,73.96694214876032,6.8181818181818175,67.14876033057851
E00121889,225,35,12,23,190,15,175,15.555555555555555,5.333333333333334,10.222222222222223,84.44444444444444,6.666666666666667,77.77777777777779
E00121890,237,39,15,24,198,16,182,16.455696202531644,6.329113924050633,10.126582278481013,83.54430379746836,6.751054852320674,76.79324894514767
E00121891,258,59,23,36,199,17,182,22.868217054263564,8.914728682170542,13.953488372093023,77.13178294573643,6.5891472868217065,70.54263565891473
E00121892,398,57,26,31,341,29,312,14.321608040201006,6.532663316582915,7.788944723618091,85.678391959799,7.2864321608040195,78.39195979899498
E00121893,378,56,26,30,322,28,294,14.814814814814813,6.878306878306878,7.936507936507936,85.18518518518519,7.4074074074074066,77.77777777777779
E00121894,322,55,26,29,267,26,241,17.080745341614907,8.074534161490684,9.006211180124224,82.91925465838509,8.074534161490684,74.84472049689441
E00121895,113,19,3,16,94,8,86,16.8141592920354,2.6548672566371683,14.15929203539823,83.1858407079646,7.079646017699115,76.10619469026548
E00121896,306,51,18,33,255,32,223,16.666666666666664,5.88235294117647,10.784313725490197,83.33333333333334,10.457516339869281,72.87581699346404
E00121897,429,61,19,42,368,33,335,14.219114219114218,4.428904428904429,9.79020979020979,85.78088578088578,7.6923076923076925,78.08857808857809
E00121898,139,15,4,11,124,16,108,10.79136690647482,2.877697841726619,7.913669064748201,89.20863309352518,11.510791366906476,77.6978417266187
E00121899,325,67,28,39,258,24,234,20.615384615384617,8.615384615384615,12,79.38461538461539,7.384615384615385,72
E00121900,345,92,57,35,253,34,219,26.666666666666668,16.52173913043478,10.144927536231885,73.33333333333333,9.855072463768117,63.47826086956522
E00121901,274,57,26,31,217,16,201,20.802919708029197,9.48905109489051,11.313868613138686,79.1970802919708,5.839416058394161,73.35766423357664
E00121902,307,66,25,41,241,20,221,21.49837133550489,8.143322475570033,13.355048859934854,78.50162866449512,6.514657980456026,71.9869706840391
E00121903,269,37,14,23,232,26,206,13.754646840148698,5.204460966542751,8.550185873605948,86.2453531598513,9.66542750929368,76.57992565055763
E00121904,312,48,18,30,264,17,247,15.384615384615385,5.769230769230769,9.615384615384617,84.61538461538461,5.448717948717949,79.16666666666666
E00121905,263,68,29,39,195,21,174,25.85551330798479,11.02661596958175,14.82889733840304,74.1444866920152,7.984790874524715,66.15969581749049
E00121906,295,47,14,33,248,28,220,15.932203389830507,4.745762711864407,11.186440677966102,84.06779661016948,9.491525423728813,74.57627118644068
E00121907,536,79,37,42,457,43,414,14.738805970149254,6.902985074626866,7.835820895522389,85.26119402985076,8.022388059701493,77.23880597014924
E00121909,507,81,37,44,426,37,389,15.976331360946746,7.297830374753452,8.678500986193294,84.02366863905326,7.297830374753452,76.72583826429981
E00121910,237,61,35,26,176,20,156,25.738396624472575,14.767932489451477,10.970464135021098,74.26160337552743,8.438818565400844,65.82278481012658
E00121911,304,46,10,36,258,31,227,15.131578947368421,3.289473684210526,11.842105263157894,84.86842105263158,10.197368421052632,74.67105263157895
E00121913,203,34,9,25,169,8,161,16.748768472906402,4.433497536945813,12.31527093596059,83.2512315270936,3.9408866995073892,79.3103448275862
E00121914,447,61,13,48,386,38,348,13.646532438478747,2.9082774049217,10.738255033557047,86.35346756152126,8.501118568232663,77.85234899328859
E00121915,320,51,17,34,269,42,227,15.937499999999998,5.3125,10.625,84.0625,13.125,70.9375
E00121916,338,66,26,40,272,32,240,19.526627218934912,7.6923076923076925,11.834319526627219,80.4733727810651,9.467455621301776,71.00591715976331
E00121917,331,51,17,34,280,28,252,15.407854984894259,5.13595166163142,10.27190332326284,84.59214501510573,8.459214501510575,76.13293051359517
E00121918,213,29,6,23,184,18,166,13.615023474178404,2.8169014084507045,10.7981220657277,86.3849765258216,8.450704225352112,77.93427230046949
E00121919,313,53,22,31,260,32,228,16.93290734824281,7.0287539936102235,9.904153354632587,83.06709265175719,10.223642172523961,72.84345047923323
E00121920,454,75,31,44,379,30,349,16.519823788546255,6.828193832599119,9.691629955947137,83.48017621145375,6.607929515418502,76.87224669603523
E00121921,318,72,32,40,246,35,211,22.641509433962266,10.062893081761008,12.578616352201259,77.35849056603774,11.0062893081761,66.35220125786164
E00121922,302,49,13,36,253,40,213,16.225165562913908,4.304635761589404,11.920529801324504,83.77483443708608,13.245033112582782,70.52980132450331
E00121923,312,61,30,31,251,24,227,19.55128205128205,9.615384615384617,9.935897435897436,80.44871794871796,7.6923076923076925,72.75641025641025
E00121924,261,44,14,30,217,18,199,16.85823754789272,5.363984674329502,11.494252873563218,83.14176245210729,6.896551724137931,76.24521072796935
E00121925,302,53,23,30,249,25,224,17.549668874172188,7.6158940397351,9.933774834437086,82.45033112582782,8.27814569536424,74.17218543046357
E00121926,216,31,11,20,185,18,167,14.351851851851851,5.092592592592593,9.25925925925926,85.64814814814815,8.333333333333332,77.31481481481481
E00121927,290,50,18,32,240,16,224,17.24137931034483,6.206896551724138,11.03448275862069,82.75862068965517,5.517241379310345,77.24137931034483
E00121928,280,41,10,31,239,24,215,14.642857142857144,3.571428571428571,11.071428571428571,85.35714285714285,8.571428571428571,76.78571428571429
E00121930,230,70,37,33,160,14,146,30.434782608695656,16.08695652173913,14.347826086956522,69.56521739130434,6.086956521739131,63.47826086956522
E00121931,225,42,15,27,183,17,166,18.666666666666668,6.666666666666667,12,81.33333333333333,7.555555555555555,73.77777777777777
E00121932,426,54,21,33,372,29,343,12.676056338028168,4.929577464788732,7.746478873239436,87.32394366197182,6.807511737089202,80.51643192488262
E00121933,361,98,45,53,263,30,233,27.146814404432135,12.465373961218837,14.681440443213297,72.85318559556787,8.310249307479225,64.54293628808865
E00121934,401,65,32,33,336,39,297,16.209476309226932,7.98004987531172,8.229426433915211,83.79052369077307,9.72568578553616,74.06483790523691
E00121935,308,45,20,25,263,27,236,14.61038961038961,6.493506493506493,8.116883116883116,85.3896103896104,8.766233766233766,76.62337662337663
E00121936,278,59,20,39,219,19,200,21.223021582733814,7.1942446043165464,14.028776978417264,78.77697841726618,6.83453237410072,71.94244604316546
E00121937,445,78,33,45,367,33,334,17.528089887640448,7.415730337078652,10.112359550561797,82.47191011235955,7.415730337078652,75.0561797752809
E00121939,498,88,31,57,410,39,371,17.670682730923694,6.2248995983935735,11.44578313253012,82.32931726907631,7.83132530120482,74.49799196787149
E00121940,383,64,31,33,319,11,308,16.710182767624023,8.093994778067886,8.616187989556137,83.28981723237598,2.8720626631853787,80.4177545691906
E00121941,448,80,33,47,368,23,345,17.857142857142858,7.366071428571429,10.491071428571429,82.14285714285714,5.133928571428571,77.00892857142857
E00121942,495,111,54,57,384,20,364,22.424242424242426,10.909090909090908,11.515151515151516,77.57575757575758,4.040404040404041,73.53535353535354
E00121943,398,86,37,49,312,17,295,21.608040201005025,9.296482412060302,12.311557788944723,78.39195979899498,4.271356783919598,74.12060301507537
E00121944,367,70,26,44,297,16,281,19.07356948228883,7.084468664850137,11.989100817438691,80.92643051771117,4.35967302452316,76.566757493188
E00121945,387,57,23,34,330,22,308,14.728682170542637,5.943152454780361,8.785529715762273,85.27131782945736,5.684754521963824,79.58656330749353
E00121946,331,74,37,37,257,14,243,22.356495468277945,11.178247734138973,11.178247734138973,77.64350453172206,4.229607250755287,73.41389728096676
E00121947,506,94,41,53,412,34,378,18.57707509881423,8.102766798418973,10.474308300395258,81.42292490118577,6.719367588932807,74.70355731225297
E00121948,458,79,36,43,379,26,353,17.248908296943235,7.860262008733625,9.388646288209607,82.75109170305677,5.676855895196507,77.07423580786026
E00121949,399,62,32,30,337,26,311,15.538847117794486,8.020050125313283,7.518796992481203,84.46115288220551,6.516290726817042,77.94486215538848
E00121950,302,45,20,25,257,17,240,14.90066225165563,6.622516556291391,8.27814569536424,85.09933774834437,5.629139072847682,79.47019867549669
E00121951,341,53,22,31,288,32,256,15.542521994134898,6.451612903225806,9.090909090909092,84.4574780058651,9.3841642228739,75.0733137829912
E00121952,331,61,26,35,270,28,242,18.429003021148034,7.854984894259818,10.574018126888216,81.57099697885197,8.459214501510575,73.111782477341393
E00121953,292,70,27,43,222,16,206,23.972602739726025,9.246575342465754,14.726027397260275,76.02739726027397,5.47945205479452,70.54794520547945
E00121954,342,53,24,29,289,23,266,15.497076023391813,7.017543859649122,8.47953216374269,84.50292397660819,6.725146198830409,77.77777777777779
E00121955,290,48,18,30,242,24,218,16.551724137931036,6.206896551724138,10.344827586206897,83.44827586206897,8.275862068965518,75.17241379310344
E00121956,259,35,15,20,224,19,205,13.513513513513514,5.7915057915057915,7.722007722007722,86.48648648648648,7.335907335907336,79.15057915057915
E00121957,286,43,13,30,243,14,229,15.034965034965033,4.545454545454546,10.48951048951049,84.96503496503497,4.895104895104895,80.06993006993007
E00121958,439,97,58,39,342,31,311,22.095671981776764,13.211845102505695,8.88382687927107,77.90432801822324,7.061503416856492,70.84282460136674
E00121959,311,42,25,17,269,22,247,13.504823151125404,8.038585209003216,5.466237942122187,86.49517684887459,7.07395498392283,79.42122186495176
E00121960,315,36,10,26,279,19,260,11.428571428571429,3.1746031746031744,8.253968253968253,88.57142857142857,6.031746031746032,82.53968253968253
E00121961,350,53,19,34,297,26,271,15.142857142857144,5.428571428571429,9.714285714285714,84.85714285714285,7.428571428571429,77.42857142857143
E00121962,164,31,15,16,133,12,121,18.902439024390244,9.146341463414634,9.75609756097561,81.09756097560977,7.317073170731707,73.78048780487805
E00121963,368,58,25,33,310,22,288,15.760869565217392,6.7934782608695645,8.967391304347826,84.23913043478261,5.978260869565218,78.26086956521739
E00121964,285,44,14,30,241,26,215,15.43859649122807,4.912280701754386,10.526315789473683,84.56140350877193,9.12280701754386,75.43859649122807
E00121965,291,56,14,42,235,19,216,19.243986254295535,4.810996563573884,14.432989690721648,80.75601374570446,6.529209621993128,74.22680412371135
E00121966,306,52,20,32,254,19,235,16.99346405228758,6.535947712418301,10.457516339869281,83.00653594771242,6.209150326797386,76.79738562091504
E00121967,251,50,20,30,201,33,168,19.9203187250996,7.968127490039841,11.952191235059761,80.0796812749004,13.147410358565736,66.93227091633466
E00121968,287,57,24,33,230,16,214,19.860627177700348,8.362369337979095,11.498257839721255,80.13937282229965,5.574912891986063,74.56445993031359
E00121969,355,63,19,44,292,20,272,17.74647887323944,5.352112676056338,12.394366197183098,82.25352112676056,5.633802816901409,76.61971830985915
E00121970,248,51,13,38,197,17,180,20.56451612903226,5.241935483870968,15.32258064516129,79.43548387096774,6.854838709677419,72.58064516129032
E00121971,267,36,11,25,231,24,207,13.48314606741573,4.119850187265917,9.363295880149813,86.51685393258427,8.98876404494382,77.52808988764045
E00121972,256,56,28,28,200,16,184,21.875,10.9375,10.9375,78.125,6.25,71.875
E00121973,294,60,20,40,234,19,215,20.408163265306122,6.802721088435375,13.60544217687075,79.59183673469387,6.462585034013606,73.12925170068027
E00121974,258,66,25,41,192,20,172,25.581395348837212,9.689922480620156,15.891472868217054,74.4186046511628,7.751937984496124,66.66666666666666
E00121975,325,35,6,29,290,30,260,10.76923076923077,1.8461538461538463,8.923076923076923,89.23076923076924,9.230769230769232,80
E00121976,321,68,17,51,253,21,232,21.18380062305296,5.29595015576324,15.887850467289718,78.81619937694704,6.5420560747663545,72.27414330218068
E00121977,285,64,25,39,221,19,202,22.45614035087719,8.771929824561402,13.684210526315791,77.54385964912281,6.666666666666667,70.87719298245614
E00121978,317,51,26,25,266,31,235,16.08832807570978,8.201892744479496,7.886435331230284,83.91167192429022,9.779179810725552,74.13249211356468
E00121980,420,78,30,48,342,20,322,18.571428571428573,7.142857142857142,11.428571428571429,81.42857142857143,4.761904761904762,76.66666666666667
E00121981,183,65,35,30,118,21,97,35.51912568306011,19.12568306010929,16.39344262295082,64.48087431693989,11.475409836065573,53.00546448087432
E00121982,285,54,14,40,231,26,205,18.947368421052634,4.912280701754386,14.035087719298245,81.05263157894737,9.12280701754386,71.9298245614035
E00121983,335,65,26,39,270,24,246,19.402985074626866,7.761194029850746,11.641791044776118,80.59701492537313,7.164179104477612,73.43283582089552
E00121984,280,55,24,31,225,19,206,19.642857142857142,8.571428571428571,11.071428571428571,80.35714285714286,6.785714285714286,73.57142857142858
E00121985,385,74,32,42,311,34,277,19.22077922077922,8.311688311688311,10.909090909090908,80.77922077922078,8.831168831168831,71.94805194805195
E00121986,471,89,25,64,382,26,356,18.895966029723994,5.3078556263269645,13.588110403397028,81.104033970276,5.520169851380043,75.58386411889597
E00121987,253,63,29,34,190,13,177,24.90118577075099,11.462450592885375,13.438735177865613,75.09881422924902,5.138339920948617,69.96047430830039
E00121988,308,64,23,41,244,20,224,20.77922077922078,7.467532467532467,13.311688311688311,79.22077922077922,6.493506493506493,72.72727272727273
E00121990,310,84,39,45,226,26,200,27.09677419354839,12.580645161290322,14.516129032258066,72.90322580645162,8.38709677419355,64.51612903225806
E00121991,271,51,21,30,220,15,205,18.81918819188192,7.7490774907749085,11.07011070110701,81.18081180811808,5.535055350553505,75.64575645756457
E00121992,240,61,25,36,179,25,154,25.416666666666664,10.416666666666668,15,74.58333333333333,10.416666666666668,64.16666666666667
E00121993,390,52,16,36,338,32,306,13.333333333333334,4.102564102564102,9.230769230769232,86.66666666666667,8.205128205128204,78.46153846153847
E00121994,517,95,33,62,422,32,390,18.3752417794971,6.382978723404255,11.992263056092844,81.6247582205029,6.189555125725339,75.43520309477756
E00121995,286,50,18,32,236,15,221,17.482517482517483,6.293706293706294,11.188811188811188,82.51748251748252,5.244755244755245,77.27272727272727
E00121996,374,71,19,52,303,35,268,18.983957219251337,5.080213903743315,13.903743315508022,81.01604278074866,9.358288770053475,71.65775401069519
E00121997,284,64,24,40,220,19,201,22.535211267605636,8.450704225352112,14.084507042253522,77.46478873239437,6.690140845070422,70.77464788732394
E00121998,377,99,49,50,278,18,260,26.25994694960212,12.9973474801061,13.262599469496022,73.74005305039788,4.774535809018567,68.96551724137932
E00121999,327,65,21,44,262,29,233,19.877675840978593,6.422018348623854,13.455657492354739,80.1223241590214,8.868501529051988,71.25382262996942
E00122001,358,53,16,37,305,31,274,14.804469273743019,4.4692737430167595,10.335195530726256,85.19553072625699,8.659217877094973,76.53631284916202
E00122002,336,53,14,39,283,28,255,15.773809523809524,4.166666666666666,11.607142857142858,84.22619047619048,8.333333333333332,75.89285714285714
E00122004,319,30,10,20,289,24,265,9.404388714733543,3.1347962382445136,6.269592476489027,90.59561128526646,7.523510971786834,83.07210031347962
E00122005,317,45,19,26,272,25,247,14.195583596214512,5.993690851735016,8.201892744479496,85.8044164037855,7.886435331230284,77.91798107255521
E00122006,256,46,23,23,210,13,197,17.96875,8.984375,8.984375,82.03125,5.078125,76.953125
E00122007,360,69,30,39,291,16,275,19.166666666666668,8.333333333333332,10.833333333333334,80.83333333333333,4.444444444444445,76.38888888888889
E00122008,373,57,23,34,316,27,289,15.281501340482572,6.166219839142091,9.115281501340483,84.71849865951742,7.238605898123325,77.4798927613941
E00122009,287,74,32,42,213,18,195,25.78397212543554,11.149825783972126,14.634146341463413,74.21602787456446,6.2717770034843205,67.94425087108013
E00122010,347,68,35,33,279,23,256,19.596541786743515,10.086455331412104,9.510086455331413,80.403458213256485,6.628242074927954,73.77521613832853
E00122011,345,54,21,33,291,21,270,15.65217391304348,6.086956521739131,9.565217391304348,84.34782608695653,6.086956521739131,78.26086956521739
E00122012,314,52,26,26,262,28,234,16.560509554140125,8.280254777070063,8.280254777070063,83.43949044585987,8.9171974522293,74.52229299363057
E00122013,330,42,17,25,288,26,262,12.727272727272727,5.151515151515151,7.575757575757576,87.27272727272727,7.878787878787878,79.39393939393939
E00122014,151,24,8,16,127,12,115,15.894039735099339,5.298013245033113,10.596026490066226,84.10596026490066,7.9470198675496695,76.15894039735099
E00122015,447,51,28,23,396,25,371,11.409395973154362,6.263982102908278,5.1454138702460845,88.59060402684564,5.592841163310962,82.99776286353467
E00122016,286,57,23,34,229,15,214,19.93006993006993,8.041958041958042,11.888111888111888,80.06993006993007,5.244755244755245,74.82517482517483
E00122017,385,88,47,41,297,27,270,22.857142857142858,12.207792207792208,10.649350649350648,77.14285714285715,7.012987012987012,70.12987012987013
E00122018,350,64,31,33,286,30,256,18.285714285714285,8.857142857142856,9.428571428571429,81.71428571428572,8.571428571428571,73.14285714285714
E00122019,186,35,11,24,151,11,140,18.817204301075268,5.913978494623656,12.903225806451612,81.18279569892472,5.913978494623656,75.26881720430107
E00122020,437,131,79,52,306,29,277,29.97711670480549,18.07780320366133,11.899313501144166,70.0228832951945,6.636155606407322,63.38672768878718
E00122021,262,32,16,16,230,24,206,12.213740458015266,6.106870229007633,6.106870229007633,87.78625954198473,9.16030534351145,78.62595419847328
E00122022,400,54,22,32,346,32,314,13.5,5.5,8,86.5,8,78.5
E00122023,351,76,42,34,275,28,247,21.65242165242165,11.965811965811966,9.686609686609685,78.34757834757835,7.977207977207977,70.37037037037037
E00122024,330,45,18,27,285,30,255,13.636363636363635,5.454545454545454,8.181818181818182,86.36363636363636,9.090909090909092,77.27272727272727
E00122025,432,77,31,46,355,33,322,17.824074074074073,7.175925925925926,10.648148148148149,82.17592592592592,7.638888888888889,74.53703703703704
E00122027,241,35,13,22,206,21,185,14.522821576763487,5.394190871369295,9.12863070539419,85.47717842323651,8.71369294605809,76.76348547717843
E00122029,462,66,24,42,396,41,355,14.285714285714285,5.194805194805195,9.090909090909092,85.71428571428571,8.874458874458876,76.83982683982684
E00122031,267,48,12,36,219,25,194,17.97752808988764,4.49438202247191,13.48314606741573,82.02247191011236,9.363295880149813,72.65917602996255
E00122032,231,37,10,27,194,22,172,16.017316017316016,4.329004329004329,11.688311688311687,83.98268398268398,9.523809523809524,74.45887445887446
E00122033,268,45,12,33,223,27,196,16.791044776119403,4.477611940298507,12.313432835820896,83.2089552238806,10.074626865671641,73.13432835820896
E00122034,283,38,12,26,245,23,222,13.427561837455832,4.240282685512367,9.187279151943462,86.57243816254417,8.12720848056537,78.4452296819788
E00122035,330,56,20,36,274,23,251,16.969696969696972,6.0606060606060606,10.909090909090908,83.03030303030303,6.969696969696971,76.06060606060606
E00122036,432,57,16,41,375,38,337,13.194444444444445,3.7037037037037033,9.49074074074074,86.80555555555556,8.796296296296296,78.00925925925925
E00122037,359,46,13,33,313,23,290,12.813370473537605,3.6211699164345403,9.192200557103064,87.1866295264624,6.406685236768802,80.77994428969359
E00122038,334,74,39,35,260,25,235,22.15568862275449,11.676646706586826,10.479041916167663,77.84431137724552,7.48502994011976,70.35928143712576
E00122039,278,50,19,31,228,23,205,17.985611510791365,6.83453237410072,11.151079136690647,82.01438848920863,8.273381294964029,73.7410071942446
E00122040,552,80,22,58,472,47,425,14.492753623188406,3.985507246376811,10.507246376811594,85.5072463768116,8.51449275362319,76.9927536231884
E00122041,253,74,31,43,179,20,159,29.249011857707508,12.25296442687747,16.99604743083004,70.7509881422925,7.905138339920949,62.845849802371546
E00122042,443,72,24,48,371,38,333,16.252821670428894,5.417607223476298,10.835214446952596,83.7471783295711,8.577878103837472,75.16930022573364
E00122043,340,60,27,33,280,48,232,17.647058823529413,7.941176470588235,9.705882352941178,82.35294117647058,14.117647058823529,68.23529411764706
E00122044,446,65,24,41,381,26,355,14.573991031390134,5.381165919282512,9.192825112107624,85.42600896860986,5.829596412556054,79.5964125560538
E00122045,285,59,25,34,226,15,211,20.701754385964914,8.771929824561402,11.929824561403509,79.2982456140351,5.263157894736842,74.03508771929825
E00122046,416,68,26,42,348,35,313,16.346153846153847,6.25,10.096153846153847,83.65384615384616,8.413461538461538,75.24038461538461
E00122047,206,38,15,23,168,12,156,18.446601941747574,7.281553398058252,11.165048543689322,81.55339805825243,5.825242718446602,75.72815533980582
E00122048,249,48,16,32,201,26,175,19.27710843373494,6.425702811244979,12.851405622489958,80.72289156626506,10.441767068273093,70.28112449799197
E00122049,144,24,6,18,120,12,108,16.666666666666664,4.166666666666666,12.5,83.33333333333334,8.333333333333332,75
E00122050,290,40,12,28,250,19,231,13.793103448275861,4.137931034482759,9.655172413793103,86.20689655172413,6.551724137931035,79.65517241379311
E00122051,293,51,19,32,242,25,217,17.4061433447099,6.484641638225256,10.921501706484642,82.5938566552901,8.532423208191126,74.06143344709898
E00122052,574,160,74,86,414,51,363,27.874564459930312,12.89198606271777,14.982578397212542,72.12543554006969,8.885017421602788,63.2404181184669
E00122053,289,58,29,29,231,26,205,20.069204152249135,10.034602076124568,10.034602076124568,79.93079584775087,8.996539792387544,70.93425605536332
E00122054,349,119,67,52,230,27,203,34.097421203438394,19.197707736389685,14.899713467048711,65.90257879656161,7.736389684813753,58.16618911174785
E00122055,267,57,31,26,210,6,204,21.34831460674157,11.610486891385769,9.737827715355806,78.65168539325843,2.247191011235955,76.40449438202246
E00122056,235,84,41,43,151,14,137,35.74468085106383,17.4468085106383,18.29787234042553,64.25531914893618,5.957446808510639,58.29787234042553
E00122057,423,81,29,52,342,43,299,19.148936170212767,6.8557919621749415,12.293144208037825,80.85106382978722,10.16548463356974,70.6855791962175
E00122058,307,45,10,35,262,39,223,14.65798045602606,3.257328990228013,11.400651465798045,85.34201954397395,12.703583061889251,72.63843648208469
E00122059,392,50,21,29,342,26,316,12.755102040816327,5.357142857142857,7.3979591836734695,87.24489795918367,6.63265306122449,80.61224489795919
E00122060,269,40,10,30,229,17,212,14.869888475836431,3.717472118959108,11.152416356877323,85.13011152416357,6.319702602230483,78.81040892193309
E00122061,228,40,13,27,188,24,164,17.543859649122805,5.701754385964912,11.842105263157894,82.45614035087719,10.526315789473683,71.9298245614035
E00122062,209,49,14,35,160,28,132,23.444976076555022,6.698564593301436,16.74641148325359,76.55502392344498,13.397129186602871,63.1578947368421
E00122063,419,50,19,31,369,20,349,11.933174224343675,4.534606205250596,7.398568019093078,88.06682577565633,4.77326968973747,83.29355608591885
E00167558,316,35,10,25,281,25,256,11.075949367088606,3.1645569620253164,7.9113924050632916,88.92405063291139,7.9113924050632916,81.0126582278481
E00167559,220,25,8,17,195,21,174,11.363636363636363,3.6363636363636362,7.727272727272727,88.63636363636364,9.545454545454547,79.0909090909091
E00167560,557,66,19,47,491,40,451,11.8491921005386,3.4111310592459607,8.43806104129264,88.1508078994614,7.1813285457809695,80.96947935368043
E00167561,289,40,12,28,249,18,231,13.84083044982699,4.1522491349480966,9.688581314878892,86.159169550173,6.228373702422145,79.93079584775087
E00167562,290,47,19,28,243,20,223,16.206896551724135,6.551724137931035,9.655172413793103,83.79310344827586,6.896551724137931,76.89655172413794
E00167563,290,34,10,24,256,21,235,11.724137931034482,3.4482758620689653,8.275862068965518,88.27586206896552,7.241379310344828,81.03448275862068
E00167564,312,52,22,30,260,23,237,16.666666666666664,7.051282051282051,9.615384615384617,83.33333333333334,7.371794871794872,75.96153846153845
E00167565,251,35,13,22,216,20,196,13.94422310756972,5.179282868525896,8.764940239043826,86.05577689243027,7.968127490039841,78.08764940239044
E00167566,293,28,7,21,265,30,235,9.556313993174061,2.3890784982935154,7.167235494880546,90.44368600682594,10.238907849829351,80.2047781569966
E00167567,538,48,17,31,490,38,452,8.921933085501859,3.1598513011152414,5.762081784386617,91.07806691449815,7.063197026022305,84.01486988847584
E00167568,336,80,39,41,256,13,243,23.809523809523807,11.607142857142858,12.202380952380953,76.19047619047619,3.869047619047619,72.32142857142857
E00167569,339,35,14,21,304,24,280,10.32448377581121,4.129793510324483,6.1946902654867255,89.67551622418878,7.079646017699115,82.59587020648968
E00167570,582,61,15,46,521,40,481,10.481099656357388,2.5773195876288657,7.903780068728522,89.51890034364261,6.872852233676976,82.64604810996563
E00167571,413,50,14,36,363,21,342,12.106537530266344,3.389830508474576,8.716707021791766,87.89346246973365,5.084745762711865,82.80871670702179
E00167572,331,54,22,32,277,18,259,16.314199395770395,6.646525679758309,9.667673716012084,83.68580060422961,5.438066465256798,78.24773413897282
E00167573,339,42,11,31,297,16,281,12.389380530973451,3.2448377581120944,9.144542772861357,87.61061946902655,4.71976401179941,82.89085545722715
E00167574,349,51,14,37,298,34,264,14.613180515759314,4.011461318051576,10.601719197707736,85.38681948424069,9.742120343839542,75.64469914040114
E00167575,452,55,18,37,397,35,362,12.168141592920353,3.982300884955752,8.185840707964601,87.83185840707965,7.7433628318584065,80.08849557522124
E00167576,365,54,12,42,311,28,283,14.794520547945206,3.287671232876712,11.506849315068493,85.2054794520548,7.671232876712329,77.53424657534246
E00167577,203,38,13,25,165,8,157,18.7192118226601,6.403940886699508,12.31527093596059,81.2807881773399,3.9408866995073892,77.33990147783251
E00167578,352,29,10,19,323,16,307,8.238636363636363,2.840909090909091,5.3977272727272725,91.76136363636364,4.545454545454546,87.2159090909091
E00167579,370,52,20,32,318,23,295,14.054054054054054,5.405405405405405,8.64864864864865,85.94594594594595,6.216216216216217,79.72972972972973
E00167580,333,45,16,29,288,24,264,13.513513513513514,4.804804804804805,8.708708708708707,86.48648648648648,7.207207207207207,79.27927927927928
E00167581,284,35,14,21,249,17,232,12.323943661971832,4.929577464788732,7.394366197183098,87.67605633802818,5.985915492957746,81.69014084507043
E00167582,220,23,8,15,197,13,184,10.454545454545453,3.6363636363636362,6.8181818181818175,89.54545454545455,5.909090909090909,83.63636363636363
E00167583,317,43,21,22,274,22,252,13.564668769716087,6.624605678233439,6.940063091482649,86.43533123028391,6.940063091482649,79.49526813880126
E00167584,428,59,21,38,369,42,327,13.785046728971961,4.906542056074766,8.878504672897195,86.21495327102804,9.813084112149532,76.4018691588785
E00167586,138,23,7,16,115,7,108,16.666666666666664,5.072463768115942,11.594202898550725,83.33333333333334,5.072463768115942,78.26086956521739
E00167587,401,36,9,27,365,29,336,8.977556109725686,2.2443890274314215,6.733167082294264,91.02244389027432,7.231920199501247,83.79052369077307
E00167588,456,55,23,32,401,31,370,12.06140350877193,5.0438596491228065,7.017543859649122,87.93859649122807,6.798245614035088,81.14035087719299
E00167589,459,34,11,23,425,36,389,7.4074074074074066,2.3965141612200433,5.010893246187364,92.5925925925926,7.8431372549019605,84.74945533769062
E00167590,235,32,7,25,203,22,181,13.617021276595745,2.9787234042553195,10.638297872340425,86.38297872340426,9.361702127659575,77.02127659574468
E00167591,418,45,11,34,373,38,335,10.76555023923445,2.631578947368421,8.133971291866029,89.23444976076556,9.090909090909092,80.14354066985646
E00167592,425,68,26,42,357,29,328,16,6.11764705882353,9.88235294117647,84,6.8235294117647065,77.17647058823529
E00167594,257,37,12,25,220,22,198,14.396887159533073,4.669260700389105,9.72762645914397,85.60311284046692,8.560311284046692,77.04280155642024
E00167597,310,43,17,26,267,23,244,13.870967741935484,5.483870967741936,8.38709677419355,86.12903225806451,7.419354838709677,78.70967741935485
E00167599,290,41,9,32,249,27,222,14.13793103448276,3.103448275862069,11.03448275862069,85.86206896551725,9.310344827586208,76.55172413793103
E00167600,374,37,14,23,337,32,305,9.893048128342247,3.7433155080213902,6.149732620320856,90.10695187165776,8.55614973262032,81.55080213903744
E00167601,327,47,13,34,280,20,260,14.37308868501529,3.9755351681957185,10.397553516819572,85.62691131498471,6.116207951070336,79.51070336391437
E00167603,217,26,8,18,191,16,175,11.981566820276496,3.686635944700461,8.294930875576037,88.0184331797235,7.373271889400922,80.64516129032258
E00167604,294,44,15,29,250,23,227,14.965986394557824,5.1020408163265305,9.863945578231291,85.03401360544217,7.8231292517006805,77.21088435374149
E00186659,308,44,19,25,264,18,246,14.285714285714285,6.1688311688311686,8.116883116883116,85.71428571428571,5.844155844155844,79.87012987012987
E00186660,134,18,6,12,116,10,106,13.432835820895523,4.477611940298507,8.955223880597014,86.56716417910447,7.462686567164178,79.1044776119403
E00186661,273,26,5,21,247,17,230,9.523809523809524,1.8315018315018317,7.6923076923076925,90.47619047619048,6.227106227106227,84.24908424908425
E00186665,514,76,29,47,438,58,380,14.785992217898833,5.642023346303502,9.14396887159533,85.21400778210116,11.284046692607005,73.92996108949417
E00186666,348,39,7,32,309,28,281,11.206896551724139,2.0114942528735633,9.195402298850574,88.79310344827587,8.045977011494253,80.74712643678161
E00186688,342,56,19,37,286,19,267,16.374269005847953,5.555555555555555,10.818713450292398,83.62573099415205,5.555555555555555,78.0701754385965
E00186689,370,82,45,37,288,20,268,22.162162162162165,12.162162162162163,10,77.83783783783784,5.405405405405405,72.43243243243244
E00186694,392,35,12,23,357,29,328,8.928571428571429,3.061224489795918,5.86734693877551,91.07142857142857,7.3979591836734695,83.6734693877551
E00186701,324,31,12,19,293,18,275,9.5679012345679,3.7037037037037033,5.864197530864197,90.4320987654321,5.555555555555555,84.87654320987654
E00186705,413,100,54,46,313,30,283,24.213075060532688,13.075060532687651,11.138014527845035,75.78692493946731,7.263922518159806,68.52300242130751
E00186710,396,34,12,22,362,21,341,8.585858585858585,3.0303030303030303,5.555555555555555,91.41414141414141,5.303030303030303,86.11111111111111
E00186712,166,16,5,11,150,11,139,9.63855421686747,3.0120481927710845,6.626506024096386,90.36144578313254,6.626506024096386,83.73493975903614
E00186718,284,80,35,45,204,26,178,28.169014084507044,12.323943661971832,15.845070422535212,71.83098591549296,9.15492957746479,62.676056338028175
E00186719,166,13,3,10,153,8,145,7.83132530120482,1.8072289156626504,6.024096385542169,92.16867469879519,4.819277108433735,87.34939759036145
E00186720,259,33,17,16,226,19,207,12.741312741312742,6.563706563706563,6.177606177606178,87.25868725868726,7.335907335907336,79.92277992277992
E00186730,199,17,7,10,182,20,162,8.542713567839195,3.5175879396984926,5.025125628140704,91.4572864321608,10.050251256281408,81.4070351758794
E00186733,405,29,7,22,376,20,356,7.160493827160494,1.728395061728395,5.432098765432099,92.8395061728395,4.938271604938271,87.90123456790123
E00186734,325,55,20,35,270,20,250,16.923076923076923,6.153846153846154,10.76923076923077,83.07692307692308,6.153846153846154,76.92307692307693
E00186736,287,33,14,19,254,19,235,11.498257839721255,4.878048780487805,6.620209059233449,88.50174216027874,6.620209059233449,81.8815331010453
E00186737,327,34,13,21,293,22,271,10.397553516819572,3.9755351681957185,6.422018348623854,89.60244648318043,6.727828746177369,82.87461773700305
E00186739,303,78,32,46,225,23,202,25.742574257425744,10.561056105610561,15.181518151815181,74.25742574257426,7.590759075907591,66.66666666666666
E00186741,220,54,23,31,166,10,156,24.545454545454547,10.454545454545453,14.09090909090909,75.45454545454545,4.545454545454546,70.9090909090909
E00186744,471,27,4,23,444,27,417,5.7324840764331215,0.8492569002123143,4.8832271762208075,94.26751592356688,5.7324840764331215,88.53503184713377
E00186749,540,64,25,39,476,34,442,11.851851851851853,4.62962962962963,7.222222222222221,88.14814814814815,6.296296296296296,81.85185185185185
E00186752,310,61,26,35,249,25,224,19.67741935483871,8.38709677419355,11.29032258064516,80.3225806451613,8.064516129032258,72.25806451612902
E00186758,130,19,6,13,111,9,102,14.615384615384617,4.615384615384616,10,85.38461538461539,6.923076923076923,78.46153846153847
E00186760,343,35,12,23,308,34,274,10.204081632653061,3.498542274052478,6.705539358600583,89.79591836734694,9.912536443148689,79.88338192419825
E00186764,192,25,11,14,167,16,151,13.020833333333334,5.729166666666666,7.291666666666667,86.97916666666666,8.333333333333332,78.64583333333334
E00186771,259,37,10,27,222,9,213,14.285714285714285,3.861003861003861,10.424710424710424,85.71428571428571,3.474903474903475,82.23938223938224
E00186774,382,46,13,33,336,8,328,12.041884816753926,3.4031413612565444,8.638743455497382,87.95811518324608,2.094240837696335,85.86387434554975
E00186776,295,21,6,15,274,26,248,7.118644067796611,2.0338983050847457,5.084745762711865,92.88135593220339,8.813559322033898,84.06779661016948
E00186777,168,36,10,26,132,7,125,21.428571428571427,5.952380952380952,15.476190476190476,78.57142857142857,4.166666666666666,74.40476190476191
E00186786,293,22,5,17,271,20,251,7.508532423208192,1.7064846416382253,5.802047781569966,92.4914675767918,6.825938566552901,85.6655290102389
E00186787,517,64,35,29,453,30,423,12.379110251450678,6.769825918762089,5.609284332688588,87.62088974854933,5.802707930367505,81.81818181818183
E00186792,555,58,16,42,497,40,457,10.45045045045045,2.8828828828828827,7.567567567567568,89.54954954954954,7.207207207207207,82.34234234234235
E00186801,589,52,21,31,537,39,498,8.828522920203735,3.5653650254668934,5.263157894736842,91.17147707979628,6.621392190152801,84.55008488964346
E00186812,437,61,18,43,376,17,359,13.958810068649885,4.118993135011442,9.839816933638444,86.04118993135012,3.8901601830663615,82.15102974828376
E00186819,311,34,9,25,277,21,256,10.932475884244374,2.8938906752411575,8.038585209003216,89.06752411575563,6.752411575562702,82.31511254019293
E00186828,161,12,3,9,149,6,143,7.453416149068323,1.8633540372670807,5.590062111801243,92.54658385093167,3.7267080745341614,88.81987577639751
E00186832,125,12,4,8,113,6,107,9.6,3.2,6.4,90.4,4.8,85.6
E00186833,297,40,19,21,257,11,246,13.468013468013467,6.397306397306397,7.07070707070707,86.53198653198653,3.7037037037037033,82.82828282828282
E00186838,428,33,11,22,395,29,366,7.710280373831775,2.570093457943925,5.14018691588785,92.28971962616822,6.775700934579438,85.51401869158879
