OA,ts0380001,ts0380002,ts0380003,ts0380004,ts0380005,ts0380006,ts0380007,ts0380002_PCT,ts0380003_PCT,ts0380004_PCT,ts0380005_PCT,ts0380006_PCT,ts0380007_PCT
E00001591,420,102,59,43,318,19,299,24.285714285714285,14.047619047619047,10.238095238095237,75.71428571428571,4.523809523809524,71.19047619047619
E00001592,345,37,14,23,308,24,284,10.72463768115942,4.057971014492753,6.666666666666667,89.27536231884058,6.956521739130435,82.31884057971014
E00001593,251,41,18,23,210,13,197,16.334661354581673,7.171314741035857,9.163346613545817,83.66533864541833,5.179282868525896,78.48605577689243
E00001594,345,64,28,36,281,21,260,18.55072463768116,8.115942028985506,10.434782608695652,81.44927536231884,6.086956521739131,75.36231884057972
E00001595,266,64,34,30,202,15,187,24.06015037593985,12.781954887218044,11.278195488721805,75.93984962406014,5.639097744360902,70.30075187969925
E00001596,466,76,36,40,390,23,367,16.30901287553648,7.725321888412018,8.583690987124463,83.69098712446352,4.935622317596566,78.75536480686695
E00001597,310,54,21,33,256,20,236,17.419354838709676,6.774193548387098,10.64516129032258,82.58064516129032,6.451612903225806,76.12903225806451
E00001598,383,48,25,23,335,23,312,12.532637075718014,6.527415143603134,6.005221932114883,87.46736292428199,6.005221932114883,81.4621409921671
E00001599,301,58,23,35,243,16,227,19.269102990033225,7.641196013289036,11.627906976744185,80.73089700996677,5.3156146179401995,75.41528239202658
E00001600,335,63,34,29,272,22,250,18.80597014925373,10.149253731343283,8.656716417910449,81.19402985074626,6.567164179104477,74.6268656716418
E00001601,321,35,14,21,286,33,253,10.903426791277258,4.361370716510903,6.5420560747663545,89.09657320872275,10.2803738317757,78.81619937694704
E00001602,343,40,18,22,303,27,276,11.661807580174926,5.247813411078718,6.41399416909621,88.33819241982506,7.871720116618077,80.466472303207
E00001603,355,45,18,27,310,28,282,12.676056338028168,5.070422535211268,7.605633802816901,87.32394366197182,7.887323943661972,79.43661971830987
E00001604,326,29,8,21,297,26,271,8.895705521472392,2.4539877300613497,6.441717791411043,91.1042944785276,7.975460122699387,83.12883435582822
E00001605,341,39,16,23,302,22,280,11.436950146627565,4.69208211143695,6.744868035190615,88.56304985337243,6.451612903225806,82.11143695014663
E00001606,367,52,14,38,315,21,294,14.168937329700274,3.8147138964577656,10.354223433242508,85.83106267029973,5.722070844686648,80.10899182561307
E00001607,363,47,16,31,316,29,287,12.947658402203857,4.40771349862259,8.539944903581267,87.05234159779614,7.988980716253444,79.06336088154269
E00001608,350,39,15,24,311,24,287,11.142857142857142,4.285714285714286,6.857142857142858,88.85714285714286,6.857142857142858,82
E00001609,251,29,10,19,222,16,206,11.553784860557768,3.9840637450199203,7.569721115537849,88.44621513944223,6.374501992031872,82.07171314741036
E00001610,339,38,10,28,301,24,277,11.209439528023598,2.949852507374631,8.259587020648967,88.79056047197639,7.079646017699115,81.71091445427729
E00001611,372,55,27,28,317,19,298,14.78494623655914,7.258064516129033,7.526881720430108,85.21505376344086,5.10752688172043,80.10752688172043
E00001612,327,36,10,26,291,19,272,11.009174311926607,3.058103975535168,7.951070336391437,88.9908256880734,5.81039755351682,83.18042813455658
E00001613,371,61,27,34,310,25,285,16.442048517520217,7.277628032345014,9.164420485175203,83.55795148247978,6.738544474393531,76.81940700808624
E00001614,311,44,16,28,267,19,248,14.14790996784566,5.144694533762058,9.003215434083602,85.85209003215434,6.109324758842444,79.7427652733119
E00001615,273,38,11,27,235,17,218,13.91941391941392,4.029304029304029,9.89010989010989,86.08058608058609,6.227106227106227,79.85347985347985
E00001616,321,47,17,30,274,21,253,14.641744548286603,5.29595015576324,9.345794392523365,85.35825545171339,6.5420560747663545,78.81619937694704
E00001617,227,48,19,29,179,11,168,21.145374449339208,8.370044052863436,12.77533039647577,78.8546255506608,4.845814977973569,74.00881057268722
E00001618,544,54,19,35,490,37,453,9.926470588235293,3.4926470588235294,6.4338235294117645,90.07352941176471,6.8014705882352935,83.27205882352942
E00001619,389,93,54,39,296,22,274,23.90745501285347,13.881748071979436,10.025706940874036,76.09254498714652,5.655526992287918,70.4370179948586
E00001620,293,50,21,29,243,28,215,17.064846416382252,7.167235494880546,9.897610921501707,82.93515358361775,9.556313993174061,73.37883959044369
E00001621,269,51,28,23,218,15,203,18.95910780669145,10.408921933085502,8.550185873605948,81.04089219330855,5.5762081784386615,75.46468401486989
E00001622,341,61,19,42,280,23,257,17.888563049853374,5.571847507331378,12.316715542521994,82.11143695014663,6.744868035190615,75.366568914956
E00001623,220,52,20,32,168,8,160,23.636363636363637,9.090909090909092,14.545454545454545,76.36363636363637,3.6363636363636362,72.72727272727273
E00001624,301,38,16,22,263,25,238,12.624584717607974,5.3156146179401995,7.308970099667775,87.37541528239203,8.305647840531561,79.06976744186046
E00001625,216,52,22,30,164,18,146,24.074074074074073,10.185185185185185,13.88888888888889,75.92592592592592,8.333333333333332,67.5925925925926
E00001626,359,61,26,35,298,31,267,16.991643454038996,7.242339832869081,9.749303621169917,83.008356545961007,8.635097493036211,74.3732590529248
E00001627,373,49,16,33,324,22,302,13.136729222520108,4.289544235924933,8.847184986595174,86.8632707774799,5.898123324396782,80.9651474530831
E00001628,328,41,13,28,287,18,269,12.5,3.9634146341463414,8.536585365853659,87.5,5.487804878048781,82.01219512195121
E00001629,305,37,20,17,268,18,250,12.131147540983607,6.557377049180328,5.573770491803279,87.8688524590164,5.901639344262295,81.9672131147541
E00001630,370,51,25,26,319,24,295,13.783783783783784,6.756756756756757,7.027027027027027,86.21621621621621,6.486486486486487,79.72972972972973
E00001631,340,48,14,34,292,17,275,14.117647058823529,4.117647058823529,10,85.88235294117646,5,80.88235294117648
E00001633,346,78,47,31,268,14,254,22.54335260115607,13.583815028901732,8.959537572254336,77.45664739884393,4.046242774566474,73.41040462427746
E00001634,281,40,22,18,241,9,232,14.23487544483986,7.829181494661921,6.405693950177936,85.76512455516014,3.202846975088968,82.56227758007117
E00001635,403,54,15,39,349,25,324,13.399503722084367,3.722084367245657,9.67741935483871,86.60049627791562,6.20347394540943,80.39702233250621
E00001636,247,28,8,20,219,4,215,11.336032388663968,3.2388663967611335,8.097165991902834,88.66396761133603,1.6194331983805668,87.04453441295547
E00001637,364,80,40,40,284,24,260,21.978021978021978,10.989010989010989,10.989010989010989,78.02197802197803,6.593406593406594,71.42857142857143
E00001638,444,70,36,34,374,22,352,15.765765765765765,8.108108108108109,7.657657657657657,84.23423423423422,4.954954954954955,79.27927927927928
E00001639,322,59,29,30,263,11,252,18.32298136645963,9.006211180124224,9.316770186335404,81.67701863354037,3.4161490683229814,78.26086956521739
E00001640,417,61,33,28,356,19,337,14.628297362110313,7.913669064748201,6.71462829736211,85.37170263788968,4.556354916067146,80.81534772182253
E00001641,256,51,19,32,205,12,193,19.921875,7.421875,12.5,80.078125,4.6875,75.390625
E00001642,369,55,17,38,314,22,292,14.905149051490515,4.607046070460704,10.29810298102981,85.09485094850947,5.9620596205962055,79.13279132791328
E00001643,381,59,18,41,322,17,305,15.485564304461944,4.724409448818897,10.761154855643044,84.51443569553805,4.4619422572178475,80.0524934383202
E00001644,360,37,13,24,323,14,309,10.277777777777777,3.6111111111111107,6.666666666666667,89.72222222222223,3.888888888888889,85.83333333333333
E00001645,372,35,17,18,337,22,315,9.408602150537634,4.56989247311828,4.838709677419355,90.59139784946237,5.913978494623656,84.67741935483872
E00001646,360,47,25,22,313,17,296,13.055555555555557,6.944444444444445,6.111111111111111,86.94444444444444,4.722222222222222,82.22222222222221
E00001647,380,42,12,30,338,21,317,11.052631578947368,3.1578947368421053,7.894736842105263,88.94736842105263,5.526315789473684,83.42105263157895
E00001648,312,51,15,36,261,14,247,16.346153846153847,4.807692307692308,11.538461538461538,83.65384615384616,4.487179487179487,79.16666666666666
E00001649,371,41,10,31,330,20,310,11.05121293800539,2.6954177897574128,8.355795148247978,88.94878706199461,5.3908355795148255,83.55795148247978
E00001650,306,49,16,33,257,16,241,16.013071895424837,5.228758169934641,10.784313725490197,83.98692810457517,5.228758169934641,78.75816993464052
E00001651,344,74,34,40,270,26,244,21.511627906976745,9.883720930232558,11.627906976744185,78.48837209302324,7.55813953488372,70.93023255813954
E00001652,363,60,22,38,303,23,280,16.528925619834713,6.0606060606060606,10.46831955922865,83.47107438016529,6.336088154269973,77.13498622589532
E00001653,329,52,21,31,277,15,262,15.80547112462006,6.382978723404255,9.422492401215806,84.19452887537993,4.5592705167173255,79.63525835866263
E00001654,329,42,20,22,287,21,266,12.76595744680851,6.079027355623101,6.68693009118541,87.2340425531915,6.382978723404255,80.85106382978722
E00001655,322,57,22,35,265,22,243,17.70186335403727,6.832298136645963,10.869565217391305,82.29813664596274,6.832298136645963,75.46583850931677
E00001656,283,47,15,32,236,16,220,16.607773851590103,5.30035335689046,11.307420494699647,83.3922261484099,5.6537102473498235,77.73851590106007
E00001657,251,71,32,39,180,17,163,28.286852589641438,12.749003984063744,15.53784860557769,71.71314741035857,6.772908366533864,64.9402390438247
E00001658,314,44,16,28,270,12,258,14.012738853503185,5.095541401273886,8.9171974522293,85.98726114649682,3.821656050955414,82.16560509554141
E00001659,385,68,29,39,317,14,303,17.662337662337663,7.532467532467532,10.129870129870131,82.33766233766234,3.6363636363636362,78.70129870129871
E00001660,336,44,14,30,292,21,271,13.095238095238097,4.166666666666666,8.928571428571429,86.90476190476191,6.25,80.65476190476191
E00001661,322,32,14,18,290,20,270,9.937888198757763,4.3478260869565215,5.590062111801243,90.06211180124224,6.211180124223603,83.85093167701864
E00001662,295,44,14,30,251,22,229,14.915254237288137,4.745762711864407,10.16949152542373,85.08474576271186,7.457627118644068,77.62711864406779
E00001663,300,46,16,30,254,21,233,15.333333333333332,5.333333333333334,10,84.66666666666667,7.000000000000001,77.66666666666666
E00001664,372,59,35,24,313,27,286,15.86021505376344,9.408602150537634,6.451612903225806,84.13978494623656,7.258064516129033,76.88172043010752
E00001665,325,50,17,33,275,26,249,15.384615384615385,5.230769230769231,10.153846153846153,84.61538461538461,8,76.61538461538461
E00001666,353,53,21,32,300,15,285,15.01416430594901,5.94900849858357,9.06515580736544,84.98583569405099,4.2492917847025495,80.73654390934844
E00001667,346,46,20,26,300,16,284,13.294797687861271,5.780346820809249,7.514450867052023,86.70520231213872,4.624277456647398,82.08092485549133
E00001668,357,40,20,20,317,24,293,11.204481792717088,5.602240896358544,5.602240896358544,88.79551820728291,6.722689075630252,82.07282913165265
E00001669,339,50,16,34,289,20,269,14.749262536873156,4.71976401179941,10.029498525073747,85.25073746312685,5.899705014749262,79.35103244837758
E00001670,261,35,11,24,226,13,213,13.409961685823754,4.21455938697318,9.195402298850574,86.59003831417624,4.980842911877394,81.60919540229885
E00001671,217,22,6,16,195,17,178,10.138248847926267,2.7649769585253456,7.373271889400922,89.86175115207374,7.834101382488479,82.02764976958525
E00001672,276,33,15,18,243,19,224,11.956521739130435,5.434782608695652,6.521739130434782,88.04347826086956,6.884057971014493,81.15942028985508
E00001673,342,32,10,22,310,16,294,9.35672514619883,2.923976608187134,6.432748538011696,90.64327485380117,4.678362573099415,85.96491228070175
E00001674,381,41,23,18,340,17,323,10.761154855643044,6.036745406824147,4.724409448818897,89.23884514435696,4.4619422572178475,84.7769028871391
E00001675,289,47,20,27,242,13,229,16.26297577854671,6.920415224913495,9.342560553633218,83.73702422145328,4.498269896193772,79.23875432525952
E00001676,363,52,23,29,311,16,295,14.325068870523417,6.336088154269973,7.988980716253444,85.67493112947659,4.40771349862259,81.26721763085399
E00001677,277,63,22,41,214,21,193,22.743682310469314,7.9422382671480145,14.801444043321299,77.25631768953069,7.581227436823104,69.67509025270758
E00001678,414,45,16,29,369,19,350,10.869565217391305,3.864734299516908,7.004830917874397,89.13043478260869,4.5893719806763285,84.54106280193237
E00001679,300,48,20,28,252,21,231,16,6.666666666666667,9.333333333333334,84,7.000000000000001,77
E00001680,306,37,11,26,269,22,247,12.091503267973856,3.594771241830065,8.49673202614379,87.90849673202614,7.18954248366013,80.71895424836602
E00001681,350,45,18,27,305,21,284,12.857142857142856,5.142857142857142,7.7142857142857135,87.14285714285714,6,81.14285714285714
E00001682,384,53,29,24,331,31,300,13.802083333333334,7.552083333333333,6.25,86.19791666666666,8.072916666666668,78.125
E00001683,327,36,17,19,291,20,271,11.009174311926607,5.198776758409786,5.81039755351682,88.9908256880734,6.116207951070336,82.87461773700305
E00001684,256,74,40,34,182,12,170,28.90625,15.625,13.28125,71.09375,4.6875,66.40625
E00001685,367,44,27,17,323,13,310,11.989100817438691,7.3569482288828345,4.632152588555858,88.0108991825613,3.5422343324250685,84.46866485013625
E00001686,331,42,16,26,289,6,283,12.688821752265861,4.833836858006042,7.854984894259818,87.31117824773413,1.812688821752266,85.49848942598187
E00001687,313,48,19,29,265,26,239,15.335463258785943,6.070287539936102,9.26517571884984,84.66453674121406,8.30670926517572,76.35782747603834
E00001688,227,46,20,26,181,10,171,20.26431718061674,8.81057268722467,11.45374449339207,79.73568281938326,4.405286343612335,75.33039647577093
E00001689,346,37,12,25,309,20,289,10.69364161849711,3.4682080924855487,7.225433526011561,89.30635838150289,5.780346820809249,83.52601156069365
E00001690,243,45,19,26,198,19,179,18.51851851851852,7.818930041152264,10.699588477366255,81.48148148148148,7.818930041152264,73.66255144032921
E00001691,392,38,16,22,354,20,334,9.693877551020408,4.081632653061225,5.612244897959184,90.3061224489796,5.1020408163265305,85.20408163265306
E00001692,345,45,25,20,300,24,276,13.043478260869565,7.246376811594203,5.797101449275362,86.95652173913044,6.956521739130435,80
E00001693,325,38,9,29,287,14,273,11.692307692307692,2.769230769230769,8.923076923076923,88.3076923076923,4.3076923076923075,84
E00001694,387,54,16,38,333,20,313,13.953488372093023,4.1343669250646,9.819121447028424,86.04651162790698,5.167958656330749,80.87855297157623
E00001695,413,58,27,31,355,16,339,14.043583535108958,6.5375302663438255,7.506053268765134,85.95641646489103,3.87409200968523,82.082324455205807
E00001696,321,45,17,28,276,24,252,14.018691588785046,5.29595015576324,8.722741433021806,85.98130841121495,7.476635514018691,78.50467289719626
E00001697,299,37,20,17,262,22,240,12.37458193979933,6.688963210702341,5.68561872909699,87.62541806020067,7.357859531772576,80.2675585284281
E00001698,321,40,16,24,281,27,254,12.461059190031152,4.984423676012461,7.476635514018691,87.53894080996885,8.411214953271028,79.12772585669782
E00001699,381,41,17,24,340,24,316,10.761154855643044,4.4619422572178475,6.299212598425196,89.23884514435696,6.299212598425196,82.93963254593176
E00001700,349,50,15,35,299,20,279,14.326647564469914,4.297994269340974,10.028653295128938,85.67335243553008,5.730659025787966,79.94269340974212
E00001701,363,47,12,35,316,25,291,12.947658402203857,3.3057851239669422,9.641873278236915,87.05234159779614,6.887052341597796,80.16528925619835
E00001702,265,40,17,23,225,19,206,15.09433962264151,6.415094339622642,8.679245283018867,84.90566037735849,7.169811320754717,77.73584905660378
E00001703,324,40,14,26,284,29,255,12.345679012345679,4.320987654320987,8.024691358024691,87.65432098765432,8.950617283950617,78.70370370370371
E00001704,293,51,18,33,242,16,226,17.4061433447099,6.143344709897611,11.262798634812286,82.5938566552901,5.460750853242321,77.13310580204778
E00001705,310,49,23,26,261,21,240,15.806451612903224,7.419354838709677,8.38709677419355,84.19354838709677,6.774193548387098,77.41935483870968
E00001706,303,53,21,32,250,20,230,17.491749174917494,6.9306930693069315,10.561056105610561,82.50825082508251,6.6006600660066,75.9075907590759
E00001707,346,30,11,19,316,16,300,8.670520231213873,3.1791907514450863,5.491329479768786,91.32947976878613,4.624277456647398,86.70520231213872
E00001708,279,30,10,20,249,20,229,10.75268817204301,3.584229390681003,7.168458781362006,89.24731182795699,7.168458781362006,82.07885304659499
E00001709,361,47,23,24,314,19,295,13.019390581717452,6.3711911357340725,6.64819944598338,86.98060941828255,5.263157894736842,81.7174515235457
E00001710,193,43,24,19,150,17,133,22.279792746113987,12.435233160621761,9.844559585492227,77.720207253886,8.808290155440414,68.9119170984456
E00001711,332,34,13,21,298,12,286,10.240963855421686,3.91566265060241,6.325301204819277,89.7590361445783,3.614457831325301,86.14457831325302
E00001712,339,44,24,20,295,21,274,12.979351032448378,7.079646017699115,5.899705014749262,87.02064896755162,6.1946902654867255,80.8259587020649
E00001713,280,39,13,26,241,22,219,13.928571428571429,4.642857142857143,9.285714285714286,86.07142857142858,7.857142857142857,78.21428571428571
E00001714,363,44,21,23,319,26,293,12.121212121212121,5.785123966942149,6.336088154269973,87.87878787878788,7.162534435261708,80.71625344352617
E00001715,357,38,20,18,319,17,302,10.644257703081232,5.602240896358544,5.042016806722689,89.35574229691878,4.761904761904762,84.593837535014
E00001716,396,35,11,24,361,24,337,8.83838383838384,2.7777777777777777,6.0606060606060606,91.16161616161617,6.0606060606060606,85.1010101010101
E00001717,315,58,23,35,257,21,236,18.412698412698415,7.301587301587302,11.11111111111111,81.58730158730158,6.666666666666667,74.92063492063492
E00001718,381,55,23,32,326,27,299,14.435695538057743,6.036745406824147,8.398950131233596,85.56430446194226,7.086614173228346,78.4776902887139
E00001719,357,49,17,32,308,26,282,13.725490196078432,4.761904761904762,8.96358543417367,86.27450980392157,7.282913165266107,78.99159663865547
E00001720,313,37,17,20,276,9,267,11.821086261980831,5.431309904153355,6.3897763578274756,88.17891373801918,2.8753993610223643,85.3035143769968
E00001721,321,37,10,27,284,21,263,11.526479750778815,3.115264797507788,8.411214953271028,88.47352024922118,6.5420560747663545,81.93146417445483
E00001722,365,31,12,19,334,19,315,8.493150684931507,3.287671232876712,5.205479452054795,91.5068493150685,5.205479452054795,86.3013698630137
E00001723,380,37,14,23,343,28,315,9.736842105263158,3.684210526315789,6.052631578947368,90.26315789473685,7.368421052631578,82.89473684210526
E00001724,377,38,11,27,339,17,322,10.079575596816976,2.9177718832891246,7.161803713527852,89.92042440318302,4.509283819628647,85.41114058355438
E00001725,414,45,17,28,369,23,346,10.869565217391305,4.1062801932367154,6.763285024154589,89.13043478260869,5.555555555555555,83.57487922705315
E00001726,336,42,21,21,294,23,271,12.5,6.25,6.25,87.5,6.845238095238096,80.65476190476191
E00001727,323,32,9,23,291,13,278,9.907120743034056,2.786377708978328,7.120743034055728,90.09287925696594,4.024767801857585,86.06811145510835
E00001728,333,39,10,29,294,21,273,11.711711711711711,3.003003003003003,8.708708708708707,88.28828828828829,6.306306306306306,81.98198198198197
E00001729,350,30,12,18,320,13,307,8.571428571428571,3.428571428571429,5.142857142857142,91.42857142857143,3.7142857142857144,87.71428571428571
E00001730,389,44,16,28,345,28,317,11.311053984575835,4.113110539845758,7.197943444730077,88.68894601542416,7.197943444730077,81.49100257069408
E00001731,367,53,23,30,314,17,297,14.441416893732969,6.267029972752043,8.174386920980927,85.55858310626702,4.632152588555858,80.92643051771117
E00001732,326,43,19,24,283,24,259,13.190184049079754,5.828220858895705,7.361963190184049,86.80981595092024,7.361963190184049,79.4478527607362
E00001733,309,35,12,23,274,28,246,11.326860841423949,3.8834951456310676,7.443365695792881,88.67313915857605,9.06148867313916,79.6116504854369
E00001734,316,44,16,28,272,26,246,13.924050632911392,5.063291139240507,8.860759493670885,86.07594936708861,8.227848101265822,77.84810126582279
E00001735,321,34,13,21,287,19,268,10.59190031152648,4.049844236760125,6.5420560747663545,89.40809968847351,5.919003115264798,83.48909657320873
E00001736,308,35,14,21,273,14,259,11.363636363636363,4.545454545454546,6.8181818181818175,88.63636363636364,4.545454545454546,84.0909090909091
E00001737,225,52,23,29,173,11,162,23.11111111111111,10.222222222222223,12.88888888888889,76.88888888888889,4.888888888888889,72
E00001738,336,61,27,34,275,24,251,18.154761904761905,8.035714285714286,10.119047619047619,81.84523809523809,7.142857142857142,74.70238095238095
E00001739,295,33,9,24,262,19,243,11.186440677966102,3.050847457627119,8.135593220338983,88.8135593220339,6.440677966101695,82.37288135593221
E00001740,311,38,24,14,273,31,242,12.218649517684888,7.717041800643088,4.501607717041801,87.78135048231512,9.967845659163988,77.81350482315112
E00001741,349,40,18,22,309,18,291,11.461318051575931,5.157593123209169,6.303724928366762,88.53868194842407,5.157593123209169,83.3810888252149
E00001742,343,37,21,16,306,13,293,10.787172011661808,6.122448979591836,4.664723032069971,89.21282798833819,3.7900874635568513,85.42274052478133
E00001743,312,51,23,28,261,29,232,16.346153846153847,7.371794871794872,8.974358974358974,83.65384615384616,9.294871794871796,74.35897435897436
E00001744,303,37,24,13,266,16,250,12.211221122112212,7.920792079207921,4.29042904290429,87.78877887788778,5.2805280528052805,82.50825082508251
E00001745,320,51,19,32,269,22,247,15.937499999999998,5.9375,10,84.0625,6.875000000000001,77.1875
E00001746,284,47,17,30,237,21,216,16.549295774647888,5.985915492957746,10.56338028169014,83.45070422535211,7.394366197183098,76.05633802816901
E00001747,305,69,25,44,236,14,222,22.62295081967213,8.19672131147541,14.426229508196723,77.37704918032787,4.590163934426229,72.78688524590164
E00001748,362,56,17,39,306,27,279,15.469613259668508,4.696132596685083,10.773480662983426,84.5303867403315,7.458563535911603,77.07182320441989
E00001749,305,49,24,25,256,25,231,16.065573770491802,7.868852459016394,8.19672131147541,83.93442622950819,8.19672131147541,75.73770491803279
E00001750,285,71,39,32,214,20,194,24.912280701754387,13.684210526315791,11.228070175438596,75.08771929824562,7.017543859649122,68.0701754385965
E00001751,289,44,17,27,245,14,231,15.22491349480969,5.88235294117647,9.342560553633218,84.77508650519032,4.844290657439446,79.93079584775087
E00001752,353,28,12,16,325,24,301,7.932011331444759,3.39943342776204,4.53257790368272,92.06798866855524,6.79886685552408,85.26912181303116
E00001753,310,53,29,24,257,18,239,17.096774193548388,9.35483870967742,7.741935483870968,82.9032258064516,5.806451612903226,77.09677419354838
E00001754,308,46,28,18,262,18,244,14.935064935064934,9.090909090909092,5.844155844155844,85.06493506493507,5.844155844155844,79.22077922077922
E00001755,262,46,15,31,216,22,194,17.557251908396946,5.7251908396946565,11.83206106870229,82.44274809160305,8.396946564885496,74.04580152671755
E00001756,332,43,14,29,289,18,271,12.951807228915662,4.216867469879518,8.734939759036145,87.04819277108435,5.421686746987952,81.62650602409639
E00001757,226,31,13,18,195,11,184,13.716814159292035,5.752212389380531,7.964601769911504,86.28318584070797,4.867256637168142,81.41592920353983
E00001758,373,44,21,23,329,26,303,11.796246648793565,5.630026809651475,6.166219839142091,88.20375335120644,6.970509383378016,81.23324396782841
E00001759,363,31,8,23,332,25,307,8.539944903581267,2.203856749311295,6.336088154269973,91.46005509641874,6.887052341597796,84.57300275482093
E00001760,297,45,22,23,252,21,231,15.151515151515152,7.4074074074074066,7.744107744107744,84.84848484848484,7.07070707070707,77.77777777777779
E00001761,299,32,9,23,267,12,255,10.702341137123746,3.0100334448160537,7.6923076923076925,89.29765886287625,4.013377926421405,85.28428093645485
E00001762,301,38,21,17,263,15,248,12.624584717607974,6.976744186046512,5.647840531561462,87.37541528239203,4.983388704318937,82.39202657807309
E00001763,372,54,12,42,318,24,294,14.516129032258066,3.225806451612903,11.29032258064516,85.48387096774194,6.451612903225806,79.03225806451613
E00001764,320,29,13,16,291,26,265,9.0625,4.0625,5,90.9375,8.125,82.8125
E00001765,389,88,59,29,301,26,275,22.62210796915167,15.167095115681233,7.455012853470437,77.37789203084833,6.683804627249357,70.69408740359897
E00001766,329,48,17,31,281,20,261,14.58966565349544,5.167173252279635,9.422492401215806,85.41033434650456,6.079027355623101,79.33130699088146
E00001767,299,44,13,31,255,16,239,14.715719063545151,4.3478260869565215,10.367892976588628,85.28428093645485,5.351170568561873,79.93311036789298
E00001768,400,99,74,25,301,25,276,24.75,18.5,6.25,75.25,6.25,69
E00001769,283,39,14,25,244,16,228,13.780918727915195,4.946996466431095,8.8339222614841,86.21908127208481,5.6537102473498235,80.56537102473497
E00001770,330,60,19,41,270,25,245,18.181818181818183,5.757575757575758,12.424242424242424,81.81818181818183,7.575757575757576,74.24242424242425
E00001771,269,53,28,25,216,11,205,19.702602230483272,10.408921933085502,9.293680297397769,80.29739776951673,4.089219330855019,76.2081784386617
E00001772,373,42,16,26,331,19,312,11.26005361930295,4.289544235924933,6.970509383378016,88.73994638069705,5.093833780160858,83.6461126005362
E00001773,424,79,35,44,345,26,319,18.632075471698112,8.254716981132075,10.377358490566039,81.36792452830188,6.132075471698113,75.23584905660378
E00001774,424,56,23,33,368,22,346,13.20754716981132,5.4245283018867925,7.783018867924528,86.79245283018868,5.188679245283019,81.60377358490565
E00001775,349,43,19,24,306,15,291,12.320916905444127,5.444126074498568,6.876790830945559,87.67908309455588,4.297994269340974,83.3810888252149
E00001776,478,78,27,51,400,32,368,16.317991631799163,5.648535564853557,10.669456066945607,83.68200836820083,6.694560669456067,76.98744769874477
E00001777,314,34,12,22,280,22,258,10.828025477707007,3.821656050955414,7.006369426751593,89.171974522293,7.006369426751593,82.16560509554141
E00001778,311,29,13,16,282,22,260,9.32475884244373,4.180064308681672,5.144694533762058,90.67524115755627,7.07395498392283,83.60128617363344
E00001779,335,45,12,33,290,24,266,13.432835820895523,3.582089552238806,9.850746268656717,86.56716417910447,7.164179104477612,79.40298507462687
E00001780,286,36,16,20,250,15,235,12.587412587412588,5.594405594405594,6.993006993006993,87.41258741258741,5.244755244755245,82.16783216783216
E00001781,304,40,17,23,264,24,240,13.157894736842104,5.592105263157895,7.565789473684211,86.8421052631579,7.894736842105263,78.94736842105263
E00001782,281,60,39,21,221,9,212,21.352313167259787,13.87900355871886,7.473309608540925,78.64768683274022,3.202846975088968,75.44483985765125
E00001783,286,43,19,24,243,17,226,15.034965034965033,6.643356643356643,8.391608391608392,84.96503496503497,5.944055944055944,79.02097902097903
E00001784,283,26,4,22,257,19,238,9.187279151943462,1.4134275618374559,7.773851590106007,90.81272084805654,6.713780918727916,84.09893992932862
E00001785,325,51,17,34,274,32,242,15.692307692307692,5.230769230769231,10.461538461538462,84.3076923076923,9.846153846153847,74.46153846153845
E00001786,366,51,22,29,315,28,287,13.934426229508196,6.0109289617486334,7.923497267759563,86.0655737704918,7.650273224043716,78.41530054644808
E00001788,316,52,24,28,264,18,246,16.455696202531644,7.59493670886076,8.860759493670885,83.54430379746836,5.69620253164557,77.84810126582279
E00001789,294,35,15,20,259,13,246,11.904761904761903,5.1020408163265305,6.802721088435375,88.09523809523809,4.421768707482993,83.6734693877551
E00001790,370,53,27,26,317,25,292,14.324324324324325,7.297297297297297,7.027027027027027,85.67567567567568,6.756756756756757,78.91891891891892
E00001791,258,42,15,27,216,20,196,16.27906976744186,5.813953488372093,10.465116279069768,83.72093023255815,7.751937984496124,75.96899224806202
E00001792,399,53,18,35,346,20,326,13.283208020050125,4.511278195488721,8.771929824561402,86.71679197994987,5.012531328320802,81.70426065162907
E00001793,455,62,28,34,393,21,372,13.626373626373626,6.153846153846154,7.472527472527473,86.37362637362638,4.615384615384616,81.75824175824175
E00001794,337,47,14,33,290,18,272,13.94658753709199,4.154302670623145,9.792284866468842,86.05341246290801,5.341246290801187,80.71216617210682
E00001795,284,39,15,24,245,15,230,13.732394366197184,5.28169014084507,8.450704225352112,86.26760563380282,5.28169014084507,80.98591549295774
E00001796,346,55,17,38,291,25,266,15.895953757225435,4.913294797687861,10.982658959537572,84.10404624277457,7.225433526011561,76.878612716763
E00001797,303,49,20,29,254,21,233,16.17161716171617,6.6006600660066,9.570957095709572,83.82838283828383,6.9306930693069315,76.89768976897689
E00001798,292,44,22,22,248,23,225,15.068493150684931,7.534246575342466,7.534246575342466,84.93150684931507,7.876712328767123,77.05479452054794
E00001799,344,48,21,27,296,14,282,13.953488372093023,6.104651162790697,7.848837209302325,86.04651162790698,4.069767441860465,81.97674418604652
E00001800,329,38,14,24,291,26,265,11.55015197568389,4.25531914893617,7.29483282674772,88.44984802431611,7.90273556231003,80.54711246200608
E00001802,354,71,39,32,283,20,263,20.056497175141246,11.016949152542372,9.03954802259887,79.94350282485875,5.649717514124294,74.29378531073446
E00001803,400,104,71,33,296,21,275,26,17.75,8.25,74,5.25,68.75
E00001804,221,44,15,29,177,10,167,19.90950226244344,6.787330316742081,13.122171945701359,80.09049773755656,4.524886877828054,75.56561085972851
E00001805,305,51,23,28,254,14,240,16.721311475409838,7.540983606557377,9.180327868852459,83.27868852459017,4.590163934426229,78.68852459016394
E00001806,331,44,9,35,287,28,259,13.293051359516618,2.719033232628399,10.574018126888216,86.70694864048339,8.459214501510575,78.24773413897282
E00001807,351,35,12,23,316,25,291,9.971509971509972,3.418803418803419,6.552706552706552,90.02849002849003,7.122507122507122,82.90598290598291
E00001808,346,70,35,35,276,21,255,20.23121387283237,10.115606936416185,10.115606936416185,79.76878612716763,6.069364161849711,73.69942196531792
E00001809,339,40,13,27,299,28,271,11.799410029498524,3.8348082595870205,7.964601769911504,88.20058997050147,8.259587020648967,79.9410029498525
E00001810,377,35,13,22,342,32,310,9.283819628647215,3.4482758620689653,5.835543766578249,90.71618037135278,8.488063660477453,82.22811671087533
E00001811,312,46,18,28,266,19,247,14.743589743589745,5.769230769230769,8.974358974358974,85.25641025641025,6.089743589743589,79.16666666666666
E00001812,299,52,13,39,247,20,227,17.391304347826086,4.3478260869565215,13.043478260869565,82.6086956521739,6.688963210702341,75.91973244147158
E00001813,374,63,23,40,311,16,295,16.844919786096256,6.149732620320856,10.695187165775401,83.15508021390374,4.27807486631016,78.87700534759358
E00001814,299,60,34,26,239,8,231,20.066889632107024,11.37123745819398,8.695652173913043,79.93311036789298,2.6755852842809364,77.25752508361204
E00001815,352,64,29,35,288,22,266,18.181818181818183,8.238636363636363,9.943181818181818,81.81818181818183,6.25,75.56818181818183
E00001816,248,37,14,23,211,15,196,14.919354838709678,5.64516129032258,9.274193548387096,85.08064516129032,6.048387096774194,79.03225806451613
E00001817,273,60,25,35,213,14,199,21.978021978021978,9.157509157509157,12.82051282051282,78.02197802197803,5.128205128205128,72.89377289377289
E00001818,359,59,19,40,300,30,270,16.434540389972145,5.2924791086350975,11.142061281337048,83.56545961002786,8.356545961002785,75.20891364902506
E00001819,367,53,19,34,314,29,285,14.441416893732969,5.177111716621254,9.264305177111716,85.55858310626702,7.901907356948229,77.65667574931881
E00001820,331,48,24,24,283,19,264,14.501510574018129,7.250755287009064,7.250755287009064,85.49848942598187,5.740181268882175,79.7583081570997
E00001821,246,16,0,16,230,10,220,6.504065040650407,0,6.504065040650407,93.4959349593496,4.0650406504065035,89.43089430894308
E00001822,427,65,31,34,362,16,346,15.22248243559719,7.259953161592506,7.962529274004685,84.77751756440281,3.747072599531616,81.0304449648712
E00001823,313,65,34,31,248,5,243,20.766773162939298,10.86261980830671,9.904153354632587,79.2332268370607,1.5974440894568689,77.63578274760383
E00001824,383,72,41,31,311,21,290,18.79895561357702,10.704960835509137,8.093994778067886,81.20104438642298,5.483028720626632,75.71801566579634
E00001825,329,71,36,35,258,13,245,21.580547112462007,10.94224924012158,10.638297872340425,78.419452887538,3.951367781155015,74.46808510638297
E00001826,154,24,13,11,130,9,121,15.584415584415584,8.441558441558442,7.142857142857142,84.4155844155844,5.844155844155844,78.57142857142857
E00001827,170,16,7,9,154,5,149,9.411764705882353,4.117647058823529,5.294117647058823,90.58823529411765,2.941176470588235,87.6470588235294
E00001828,322,30,13,17,292,13,279,9.316770186335404,4.037267080745342,5.279503105590062,90.6832298136646,4.037267080745342,86.64596273291926
E00001829,387,78,41,37,309,14,295,20.155038759689923,10.594315245478036,9.560723514211885,79.84496124031007,3.6175710594315245,76.22739018087856
E00001830,352,69,35,34,283,24,259,19.602272727272727,9.943181818181818,9.659090909090908,80.39772727272727,6.8181818181818175,73.57954545454545
E00001831,257,42,17,25,215,24,191,16.342412451361866,6.614785992217899,9.72762645914397,83.65758754863813,9.33852140077821,74.31906614785993
E00001832,317,43,16,27,274,17,257,13.564668769716087,5.047318611987381,8.517350157728707,86.43533123028391,5.3627760252365935,81.07255520504731
E00001833,298,35,14,21,263,13,250,11.74496644295302,4.697986577181208,7.046979865771812,88.25503355704699,4.3624161073825505,83.89261744966443
E00001834,473,48,19,29,425,31,394,10.14799154334038,4.0169133192389,6.13107822410148,89.85200845665962,6.553911205073996,83.29809725158562
E00001835,278,35,9,26,243,20,223,12.589928057553957,3.237410071942446,9.352517985611511,87.41007194244604,7.1942446043165464,80.2158273381295
E00001836,474,70,45,25,404,20,384,14.767932489451477,9.49367088607595,5.274261603375527,85.23206751054853,4.219409282700422,81.0126582278481
E00001837,362,49,21,28,313,20,293,13.535911602209943,5.801104972375691,7.734806629834254,86.46408839779005,5.524861878453039,80.93922651933701
E00001838,382,53,18,35,329,25,304,13.874345549738221,4.712041884816754,9.162303664921465,86.12565445026178,6.544502617801047,79.58115183246073
E00001839,232,48,16,32,184,15,169,20.689655172413794,6.896551724137931,13.793103448275861,79.3103448275862,6.4655172413793105,72.84482758620689
E00001840,268,32,16,16,236,20,216,11.940298507462686,5.970149253731343,5.970149253731343,88.05970149253731,7.462686567164178,80.59701492537313
E00001841,382,64,23,41,318,30,288,16.75392670157068,6.020942408376963,10.732984293193718,83.24607329842932,7.853403141361256,75.39267015706807
E00001843,287,66,24,42,221,13,208,22.99651567944251,8.362369337979095,14.634146341463413,77.00348432055749,4.529616724738676,72.47386759581882
E00001844,322,37,17,20,285,19,266,11.490683229813664,5.279503105590062,6.211180124223603,88.50931677018633,5.900621118012422,82.6086956521739
E00001845,233,59,24,35,174,16,158,25.321888412017167,10.300429184549357,15.021459227467812,74.67811158798283,6.866952789699571,67.81115879828327
E00001846,296,51,20,31,245,23,222,17.22972972972973,6.756756756756757,10.472972972972974,82.77027027027027,7.77027027027027,75
E00001847,366,60,15,45,306,14,292,16.39344262295082,4.098360655737705,12.295081967213115,83.60655737704919,3.825136612021858,79.78142076502732
E00001849,270,62,39,23,208,12,196,22.962962962962962,14.444444444444443,8.518518518518519,77.03703703703704,4.444444444444445,72.5925925925926
E00001851,280,38,16,22,242,16,226,13.571428571428571,5.714285714285714,7.857142857142857,86.42857142857143,5.714285714285714,80.71428571428572
E00001852,327,82,48,34,245,20,225,25.076452599388375,14.678899082568808,10.397553516819572,74.92354740061162,6.116207951070336,68.80733944954129
E00001853,327,41,17,24,286,28,258,12.538226299694188,5.198776758409786,7.339449541284404,87.46177370030581,8.56269113149847,78.89908256880734
E00001854,298,58,29,29,240,17,223,19.463087248322147,9.731543624161073,9.731543624161073,80.53691275167785,5.704697986577181,74.83221476510067
E00001855,289,63,31,32,226,18,208,21.79930795847751,10.726643598615917,11.072664359861593,78.20069204152249,6.228373702422145,71.97231833910035
E00001856,326,54,24,30,272,16,256,16.56441717791411,7.361963190184049,9.202453987730062,83.43558282208589,4.9079754601226995,78.52760736196319
E00001857,328,63,28,35,265,13,252,19.20731707317073,8.536585365853659,10.670731707317072,80.79268292682927,3.9634146341463414,76.82926829268293
E00001858,251,66,34,32,185,16,169,26.294820717131472,13.545816733067728,12.749003984063744,73.70517928286853,6.374501992031872,67.33067729083665
E00001859,228,38,10,28,190,14,176,16.666666666666664,4.385964912280701,12.280701754385964,83.33333333333334,6.140350877192982,77.19298245614034
E00001860,244,62,32,30,182,17,165,25.40983606557377,13.114754098360656,12.295081967213115,74.59016393442623,6.967213114754098,67.62295081967213
E00001861,257,51,22,29,206,14,192,19.844357976653697,8.560311284046692,11.284046692607005,80.1556420233463,5.447470817120623,74.70817120622569
E00001862,395,87,32,55,308,20,288,22.025316455696203,8.10126582278481,13.924050632911392,77.9746835443038,5.063291139240507,72.9113924050633
E00001864,328,41,20,21,287,20,267,12.5,6.097560975609756,6.402439024390244,87.5,6.097560975609756,81.40243902439023
E00001865,381,90,54,36,291,18,273,23.62204724409449,14.173228346456693,9.448818897637794,76.37795275590551,4.724409448818897,71.65354330708661
E00001866,285,39,22,17,246,19,227,13.684210526315791,7.719298245614035,5.964912280701754,86.31578947368422,6.666666666666667,79.64912280701755
E00001867,371,82,44,38,289,17,272,22.10242587601078,11.859838274932615,10.242587601078167,77.89757412398922,4.5822102425876015,73.31536388140162
E00001868,333,40,15,25,293,15,278,12.012012012012011,4.504504504504505,7.5075075075075075,87.98798798798799,4.504504504504505,83.48348348348348
E00001869,319,65,32,33,254,15,239,20.37617554858934,10.031347962382444,10.344827586206897,79.62382445141067,4.702194357366771,74.92163009404389
E00001870,319,37,14,23,282,21,261,11.598746081504702,4.38871473354232,7.210031347962382,88.40125391849529,6.583072100313479,81.81818181818183
E00001871,255,46,21,25,209,21,188,18.03921568627451,8.235294117647058,9.803921568627452,81.96078431372548,8.235294117647058,73.72549019607844
E00001872,308,36,11,25,272,31,241,11.688311688311687,3.571428571428571,8.116883116883116,88.31168831168831,10.064935064935066,78.24675324675324
E00001873,322,37,17,20,285,25,260,11.490683229813664,5.279503105590062,6.211180124223603,88.50931677018633,7.763975155279502,80.74534161490683
E00001874,427,86,38,48,341,19,322,20.140515222482435,8.899297423887589,11.241217798594848,79.85948477751757,4.449648711943794,75.40983606557377
E00001875,319,79,41,38,240,16,224,24.76489028213166,12.852664576802509,11.912225705329153,75.23510971786834,5.015673981191222,70.21943573667711
E00001876,340,76,32,44,264,21,243,22.35294117647059,9.411764705882353,12.941176470588237,77.64705882352942,6.176470588235294,71.47058823529412
E00001877,136,28,12,16,108,12,96,20.588235294117645,8.823529411764707,11.76470588235294,79.41176470588235,8.823529411764707,70.58823529411765
E00001878,362,56,32,24,306,25,281,15.469613259668508,8.83977900552486,6.629834254143646,84.5303867403315,6.906077348066299,77.62430939226519
E00001879,324,72,42,30,252,24,228,22.22222222222222,12.962962962962962,9.25925925925926,77.77777777777779,7.4074074074074066,70.37037037037037
E00001880,325,61,24,37,264,18,246,18.76923076923077,7.384615384615385,11.384615384615385,81.23076923076923,5.538461538461538,75.6923076923077
E00001881,245,41,21,20,204,14,190,16.73469387755102,8.571428571428571,8.16326530612245,83.26530612244898,5.714285714285714,77.55102040816327
E00001882,244,62,36,26,182,16,166,25.40983606557377,14.754098360655737,10.655737704918032,74.59016393442623,6.557377049180328,68.0327868852459
E00001883,334,45,21,24,289,24,265,13.47305389221557,6.287425149700598,7.18562874251497,86.52694610778443,7.18562874251497,79.34131736526946
E00001884,271,34,14,20,237,21,216,12.546125461254611,5.166051660516605,7.380073800738007,87.4538745387454,7.7490774907749085,79.70479704797047
E00001885,362,52,19,33,310,18,292,14.3646408839779,5.248618784530387,9.116022099447514,85.6353591160221,4.972375690607735,80.66298342541437
E00001886,300,39,13,26,261,27,234,13,4.333333333333334,8.666666666666668,87,9,78
E00001887,172,32,12,20,140,16,124,18.6046511627907,6.976744186046512,11.627906976744185,81.3953488372093,9.30232558139535,72.09302325581395
E00001888,365,86,55,31,279,17,262,23.56164383561644,15.068493150684931,8.493150684931507,76.43835616438356,4.657534246575342,71.78082191780823
E00001889,273,46,19,27,227,18,209,16.84981684981685,6.95970695970696,9.89010989010989,83.15018315018315,6.593406593406594,76.55677655677655
E00001890,308,71,37,34,237,13,224,23.051948051948052,12.012987012987013,11.03896103896104,76.94805194805194,4.220779220779221,72.72727272727273
E00001891,321,34,9,25,287,22,265,10.59190031152648,2.803738317757009,7.78816199376947,89.40809968847351,6.853582554517133,82.55451713395638
E00001892,349,42,13,29,307,25,282,12.034383954154727,3.7249283667621778,8.30945558739255,87.96561604584528,7.163323782234957,80.80229226361033
E00001893,416,79,42,37,337,8,329,18.990384615384613,10.096153846153847,8.89423076923077,81.00961538461539,1.9230769230769231,79.08653846153845
E00001894,252,44,22,22,208,6,202,17.46031746031746,8.73015873015873,8.73015873015873,82.53968253968253,2.380952380952381,80.15873015873017
E00001895,404,67,26,41,337,27,310,16.584158415841586,6.435643564356436,10.14851485148515,83.41584158415841,6.683168316831684,76.73267326732673
E00001896,458,77,36,41,381,28,353,16.812227074235807,7.860262008733625,8.951965065502183,83.1877729257642,6.11353711790393,77.07423580786026
E00001897,187,52,28,24,135,15,120,27.807486631016044,14.973262032085561,12.834224598930483,72.19251336898395,8.0213903743315509,64.171122994652407
E00001898,292,71,37,34,221,24,197,24.315068493150687,12.67123287671233,11.643835616438356,75.68493150684932,8.21917808219178,67.46575342465754
E00001899,324,51,12,39,273,20,253,15.74074074074074,3.7037037037037033,12.037037037037036,84.25925925925925,6.172839506172839,78.08641975308642
E00001900,301,35,14,21,266,25,241,11.627906976744185,4.651162790697675,6.976744186046512,88.37209302325581,8.305647840531561,80.06644518272425
E00001901,307,44,16,28,263,26,237,14.332247557003258,5.211726384364821,9.120521172638437,85.66775244299674,8.469055374592834,77.19869706840392
E00001902,264,41,22,19,223,30,193,15.530303030303031,8.333333333333332,7.196969696969697,84.46969696969697,11.363636363636363,73.10606060606061
E00001903,399,45,20,25,354,27,327,11.278195488721805,5.012531328320802,6.265664160401002,88.7218045112782,6.7669172932330826,81.95488721804512
E00001904,294,44,14,30,250,13,237,14.965986394557824,4.761904761904762,10.204081632653061,85.03401360544217,4.421768707482993,80.61224489795919
E00001905,326,42,15,27,284,21,263,12.883435582822086,4.601226993865031,8.282208588957054,87.11656441717791,6.441717791411043,80.67484662576688
E00001906,381,42,17,25,339,30,309,11.023622047244094,4.4619422572178475,6.561679790026247,88.9763779527559,7.874015748031496,81.10236220472441
E00001907,571,82,42,40,489,22,467,14.36077057793345,7.355516637478108,7.005253940455342,85.63922942206655,3.852889667250438,81.78633975481611
E00001908,447,115,76,39,332,26,306,25.727069351230426,17.002237136465325,8.724832214765101,74.27293064876957,5.8165548098434,68.45637583892618
E00001909,354,33,7,26,321,15,306,9.322033898305085,1.977401129943503,7.344632768361582,90.67796610169492,4.23728813559322,86.4406779661017
E00001910,206,46,20,26,160,9,151,22.330097087378643,9.70873786407767,12.62135922330097,77.66990291262135,4.368932038834951,73.30097087378641
E00001911,335,45,13,32,290,27,263,13.432835820895523,3.880597014925373,9.55223880597015,86.56716417910447,8.059701492537313,78.50746268656717
E00001912,522,71,31,40,451,32,419,13.601532567049809,5.938697318007663,7.662835249042145,86.39846743295018,6.130268199233716,80.26819923371647
E00001913,262,26,13,13,236,16,220,9.923664122137405,4.961832061068702,4.961832061068702,90.07633587786259,6.106870229007633,83.96946564885496
E00001914,314,33,11,22,281,24,257,10.509554140127388,3.5031847133757963,7.006369426751593,89.49044585987261,7.643312101910828,81.84713375796179
E00001915,222,38,19,19,184,14,170,17.117117117117118,8.558558558558559,8.558558558558559,82.88288288288288,6.306306306306306,76.57657657657657
E00001916,169,50,25,25,119,10,109,29.585798816568047,14.792899408284024,14.792899408284024,70.41420118343196,5.9171597633136095,64.49704142011834
E00001917,314,42,12,30,272,27,245,13.375796178343949,3.821656050955414,9.554140127388536,86.62420382165605,8.598726114649681,78.02547770700637
E00001918,345,55,15,40,290,17,273,15.942028985507244,4.3478260869565215,11.594202898550725,84.05797101449275,4.9275362318840585,79.13043478260869
E00001919,347,57,25,32,290,33,257,16.42651296829971,7.204610951008646,9.221902017291066,83.5734870317003,9.510086455331413,74.06340057636888
E00001920,314,37,18,19,277,22,255,11.78343949044586,5.7324840764331215,6.050955414012739,88.21656050955414,7.006369426751593,81.21019108280255
E00001921,328,31,16,15,297,16,281,9.451219512195122,4.878048780487805,4.573170731707317,90.54878048780488,4.878048780487805,85.67073170731707
E00001922,313,54,24,30,259,22,237,17.252396166134183,7.667731629392971,9.584664536741213,82.74760383386581,7.0287539936102235,75.71884984025559
E00001923,354,52,16,36,302,20,282,14.689265536723164,4.519774011299435,10.16949152542373,85.31073446327684,5.649717514124294,79.66101694915254
E00001924,313,35,13,22,278,28,250,11.182108626198083,4.15335463258786,7.0287539936102235,88.81789137380191,8.945686900958465,79.87220447284345
E00001925,401,59,28,31,342,19,323,14.713216957605985,6.982543640897755,7.73067331670823,85.286783042394,4.738154613466334,80.54862842892769
E00001926,357,25,8,17,332,22,310,7.002801120448179,2.2408963585434174,4.761904761904762,92.99719887955182,6.162464985994398,86.83473389355743
E00001927,352,35,10,25,317,16,301,9.943181818181818,2.840909090909091,7.1022727272727275,90.05681818181817,4.545454545454546,85.51136363636364
E00001928,311,59,18,41,252,14,238,18.971061093247588,5.787781350482315,13.183279742765272,81.02893890675242,4.501607717041801,76.52733118971061
E00001929,434,37,12,25,397,22,375,8.525345622119817,2.7649769585253456,5.76036866359447,91.47465437788019,5.0691244239631335,86.40552995391705
E00001930,408,42,19,23,366,22,344,10.294117647058822,4.6568627450980395,5.637254901960785,89.70588235294117,5.392156862745098,84.31372549019608
E00001931,362,49,11,38,313,20,293,13.535911602209943,3.0386740331491713,10.497237569060774,86.46408839779005,5.524861878453039,80.93922651933701
E00001932,245,22,7,15,223,21,202,8.979591836734693,2.857142857142857,6.122448979591836,91.02040816326532,8.571428571428571,82.44897959183673
E00001933,276,53,29,24,223,17,206,19.202898550724637,10.507246376811594,8.695652173913043,80.79710144927536,6.159420289855073,74.63768115942028
E00001934,353,47,16,31,306,18,288,13.314447592067987,4.53257790368272,8.78186968838527,86.68555240793201,5.099150141643059,81.58640226628894
E00001935,341,57,29,28,284,28,256,16.715542521994134,8.504398826979472,8.211143695014663,83.28445747800586,8.211143695014663,75.0733137829912
E00001936,336,42,11,31,294,16,278,12.5,3.273809523809524,9.226190476190476,87.5,4.761904761904762,82.73809523809523
E00001937,366,45,11,34,321,20,301,12.295081967213115,3.0054644808743167,9.289617486338798,87.70491803278688,5.46448087431694,82.24043715846994
E00001938,398,37,13,24,361,30,331,9.296482412060302,3.2663316582914574,6.030150753768844,90.7035175879397,7.537688442211055,83.16582914572864
E00001939,344,46,20,26,298,18,280,13.372093023255813,5.813953488372093,7.55813953488372,86.62790697674419,5.232558139534884,81.3953488372093
E00001940,339,26,9,17,313,21,292,7.669616519174041,2.6548672566371683,5.014749262536873,92.33038348082596,6.1946902654867255,86.13569321533923
E00001941,372,48,12,36,324,31,293,12.903225806451612,3.225806451612903,9.67741935483871,87.09677419354838,8.333333333333332,78.76344086021506
E00001943,233,46,21,25,187,15,172,19.742489270386265,9.012875536480687,10.72961373390558,80.25751072961373,6.437768240343347,73.8197424892704
E00001944,321,57,32,25,264,21,243,17.75700934579439,9.968847352024921,7.78816199376947,82.2429906542056,6.5420560747663545,75.70093457943925
E00001945,372,58,25,33,314,31,283,15.591397849462366,6.720430107526881,8.870967741935484,84.40860215053763,8.333333333333332,76.0752688172043
E00001946,308,54,25,29,254,25,229,17.532467532467532,8.116883116883116,9.415584415584416,82.46753246753246,8.116883116883116,74.35064935064936
E00001947,312,71,38,33,241,17,224,22.756410256410255,12.179487179487179,10.576923076923077,77.24358974358975,5.448717948717949,71.7948717948718
E00001948,296,42,24,18,254,9,245,14.18918918918919,8.108108108108109,6.081081081081082,85.8108108108108,3.040540540540541,82.77027027027027
E00001949,269,29,11,18,240,22,218,10.780669144981413,4.089219330855019,6.691449814126393,89.21933085501858,8.178438661710038,81.04089219330855
E00001950,371,51,25,26,320,24,296,13.746630727762804,6.738544474393531,7.008086253369273,86.25336927223721,6.46900269541779,79.78436657681941
E00001951,249,49,26,23,200,19,181,19.67871485943775,10.441767068273093,9.236947791164658,80.32128514056225,7.630522088353414,72.69076305220884
E00001952,266,42,17,25,224,12,212,15.789473684210526,6.390977443609022,9.398496240601503,84.21052631578947,4.511278195488721,79.69924812030075
E00001953,392,77,38,39,315,14,301,19.642857142857142,9.693877551020408,9.948979591836734,80.35714285714286,3.571428571428571,76.78571428571429
E00001954,330,48,15,33,282,17,265,14.545454545454545,4.545454545454546,10,85.45454545454545,5.151515151515151,80.3030303030303
E00001955,476,59,27,32,417,16,401,12.394957983193278,5.6722689075630255,6.722689075630252,87.60504201680672,3.361344537815126,84.24369747899159
E00001956,344,59,24,35,285,21,264,17.151162790697676,6.976744186046512,10.174418604651162,82.84883720930233,6.104651162790697,76.74418604651163
E00001957,404,117,65,52,287,16,271,28.960396039603957,16.08910891089109,12.871287128712872,71.03960396039604,3.9603960396039604,67.07920792079209
E00001958,363,50,16,34,313,27,286,13.774104683195592,4.40771349862259,9.366391184573002,86.22589531680441,7.43801652892562,78.78787878787878
E00001959,342,65,20,45,277,16,261,19.005847953216374,5.847953216374268,13.157894736842104,80.99415204678363,4.678362573099415,76.31578947368422
E00001960,322,30,9,21,292,20,272,9.316770186335404,2.7950310559006213,6.521739130434782,90.6832298136646,6.211180124223603,84.472049689441
E00001961,332,47,21,26,285,21,264,14.156626506024098,6.325301204819277,7.83132530120482,85.8433734939759,6.325301204819277,79.51807228915662
E00001962,285,73,36,37,212,18,194,25.6140350877193,12.631578947368421,12.982456140350877,74.3859649122807,6.315789473684211,68.0701754385965
E00001963,348,63,27,36,285,10,275,18.103448275862068,7.758620689655173,10.344827586206897,81.89655172413794,2.8735632183908044,79.02298850574712
E00001964,342,42,16,26,300,15,285,12.280701754385964,4.678362573099415,7.602339181286549,87.71929824561403,4.385964912280701,83.33333333333334
E00001965,437,86,42,44,351,16,335,19.679633867276888,9.610983981693364,10.068649885583524,80.32036613272311,3.6613272311212817,76.65903890160183
E00001966,344,47,23,24,297,14,283,13.662790697674417,6.686046511627906,6.976744186046512,86.33720930232558,4.069767441860465,82.26744186046511
E00001967,280,51,25,26,229,15,214,18.21428571428571,8.928571428571429,9.285714285714286,81.78571428571428,5.357142857142857,76.42857142857142
E00001968,303,40,19,21,263,10,253,13.2013201320132,6.270627062706271,6.9306930693069315,86.79867986798679,3.3003300330033,83.4983498349835
E00001969,317,45,22,23,272,16,256,14.195583596214512,6.940063091482649,7.255520504731862,85.8044164037855,5.047318611987381,80.7570977917981
E00001970,376,51,19,32,325,28,297,13.563829787234042,5.053191489361701,8.51063829787234,86.43617021276596,7.446808510638298,78.98936170212765
E00001971,361,38,10,28,323,19,304,10.526315789473683,2.7700831024930745,7.756232686980609,89.47368421052632,5.263157894736842,84.21052631578947
E00001972,478,57,22,35,421,24,397,11.92468619246862,4.602510460251046,7.322175732217573,88.07531380753139,5.02092050209205,83.05439330543933
E00001973,280,59,38,21,221,16,205,21.071428571428573,13.571428571428571,7.5,78.92857142857143,5.714285714285714,73.21428571428571
E00001974,598,92,35,57,506,31,475,15.384615384615385,5.852842809364549,9.531772575250837,84.61538461538461,5.183946488294314,79.4314381270903
E00001975,319,39,24,15,280,16,264,12.225705329153605,7.523510971786834,4.702194357366771,87.7742946708464,5.015673981191222,82.75862068965517
E00001976,302,46,18,28,256,25,231,15.2317880794702,5.960264900662252,9.271523178807946,84.76821192052981,8.27814569536424,76.49006622516556
E00001977,342,65,37,28,277,12,265,19.005847953216374,10.818713450292398,8.187134502923977,80.99415204678363,3.508771929824561,77.48538011695906
E00001980,349,57,24,33,292,21,271,16.332378223495702,6.876790830945559,9.455587392550143,83.66762177650429,6.017191977077363,77.65042979942693
E00001982,271,48,22,26,223,17,206,17.712177121771216,8.118081180811808,9.59409594095941,82.28782287822878,6.273062730627306,76.01476014760148
E00001983,249,55,25,30,194,16,178,22.08835341365462,10.040160642570282,12.048192771084338,77.91164658634538,6.425702811244979,71.4859437751004
E00001984,464,66,39,27,398,20,378,14.224137931034484,8.405172413793103,5.818965517241379,85.77586206896551,4.310344827586207,81.46551724137932
E00001985,369,36,13,23,333,9,324,9.75609756097561,3.523035230352303,6.233062330623306,90.2439024390244,2.4390243902439024,87.8048780487805
E00001986,374,51,17,34,323,16,307,13.636363636363635,4.545454545454546,9.090909090909092,86.36363636363636,4.27807486631016,82.0855614973262
E00001987,339,38,14,24,301,30,271,11.209439528023598,4.129793510324483,7.079646017699115,88.79056047197639,8.849557522123893,79.9410029498525
E00001988,231,27,16,11,204,13,191,11.688311688311687,6.926406926406926,4.761904761904762,88.31168831168831,5.627705627705628,82.68398268398268
E00001989,510,73,32,41,437,21,416,14.313725490196077,6.2745098039215685,8.03921568627451,85.68627450980392,4.117647058823529,81.56862745098039
E00001990,300,50,20,30,250,23,227,16.666666666666664,6.666666666666667,10,83.33333333333334,7.666666666666666,75.66666666666667
E00001991,382,43,22,21,339,18,321,11.2565445026178,5.7591623036649215,5.49738219895288,88.7434554973822,4.712041884816754,84.03141361256544
E00001993,337,53,15,38,284,21,263,15.727002967359049,4.451038575667656,11.275964391691394,84.27299703264094,6.231454005934718,78.04154302670622
E00001994,344,39,17,22,305,13,292,11.337209302325581,4.941860465116279,6.395348837209303,88.66279069767442,3.77906976744186,84.88372093023256
E00001995,402,60,23,37,342,18,324,14.925373134328357,5.721393034825871,9.203980099502488,85.07462686567165,4.477611940298507,80.59701492537313
E00001996,268,33,12,21,235,11,224,12.313432835820896,4.477611940298507,7.835820895522389,87.68656716417911,4.104477611940299,83.5820895522388
E00001997,366,62,30,32,304,17,287,16.939890710382514,8.19672131147541,8.743169398907105,83.06010928961749,4.644808743169399,78.41530054644808
E00001998,356,45,19,26,311,19,292,12.640449438202248,5.337078651685393,7.303370786516854,87.35955056179775,5.337078651685393,82.02247191011236
E00002000,400,38,13,25,362,17,345,9.5,3.25,6.25,90.5,4.25,86.25
E00002001,310,35,14,21,275,12,263,11.29032258064516,4.516129032258064,6.774193548387098,88.70967741935483,3.870967741935484,84.83870967741936
E00002002,444,71,25,46,373,14,359,15.99099099099099,5.63063063063063,10.36036036036036,84.009009009009,3.153153153153153,80.85585585585585
E00002004,295,55,18,37,240,20,220,18.64406779661017,6.101694915254238,12.54237288135593,81.35593220338984,6.779661016949152,74.57627118644068
E00002005,317,46,14,32,271,22,249,14.511041009463725,4.416403785488959,10.094637223974763,85.48895899053628,6.940063091482649,78.54889589905363
E00002006,301,32,10,22,269,19,250,10.631229235880399,3.322259136212625,7.308970099667775,89.3687707641196,6.312292358803987,83.05647840531562
E00002007,371,50,22,28,321,25,296,13.477088948787062,5.929919137466308,7.547169811320755,86.52291105121293,6.738544474393531,79.78436657681941
E00002008,361,61,29,32,300,19,281,16.897506925207757,8.033240997229916,8.86426592797784,83.10249307479224,5.263157894736842,77.8393351800554
E00002009,406,70,28,42,336,20,316,17.24137931034483,6.896551724137931,10.344827586206897,82.75862068965517,4.926108374384237,77.83251231527095
E00002010,501,46,12,34,455,22,433,9.181636726546905,2.3952095808383236,6.786427145708583,90.8183632734531,4.39121756487026,86.42714570858283
E00002011,348,53,20,33,295,21,274,15.229885057471265,5.747126436781609,9.482758620689655,84.77011494252874,6.0344827586206895,78.73563218390804
E00002012,367,43,19,24,324,20,304,11.716621253405995,5.177111716621254,6.539509536784741,88.28337874659401,5.449591280653951,82.83378746594006
E00002013,388,54,15,39,334,16,318,13.917525773195877,3.865979381443299,10.051546391752577,86.08247422680412,4.123711340206185,81.95876288659794
E00002014,330,40,16,24,290,31,259,12.121212121212121,4.848484848484849,7.2727272727272725,87.87878787878788,9.393939393939393,78.48484848484848
E00002015,392,36,13,23,356,28,328,9.183673469387756,3.316326530612245,5.86734693877551,90.81632653061224,7.142857142857142,83.6734693877551
E00002016,381,43,19,24,338,20,318,11.286089238845145,4.986876640419948,6.299212598425196,88.71391076115486,5.2493438320209975,83.46456692913385
E00002017,401,35,15,20,366,16,350,8.728179551122196,3.7406483790523692,4.987531172069826,91.2718204488778,3.99002493765586,87.28179551122194
E00002018,362,38,11,27,324,19,305,10.497237569060774,3.0386740331491713,7.458563535911603,89.50276243093923,5.248618784530387,84.25414364640883
E00002019,347,41,15,26,306,29,277,11.815561959654179,4.322766570605188,7.492795389048991,88.18443804034582,8.357348703170029,79.82708933717579
E00002020,334,30,11,19,304,22,282,8.982035928143713,3.293413173652695,5.688622754491018,91.01796407185628,6.58682634730539,84.4311377245509
E00002021,348,32,11,21,316,16,300,9.195402298850574,3.1609195402298855,6.0344827586206895,90.80459770114942,4.597701149425287,86.20689655172413
E00002022,272,24,6,18,248,19,229,8.823529411764707,2.2058823529411766,6.61764705882353,91.17647058823529,6.985294117647059,84.19117647058823
E00002023,337,25,11,14,312,22,290,7.418397626112759,3.2640949554896146,4.154302670623145,92.58160237388724,6.528189910979229,86.05341246290801
E00002024,405,46,23,23,359,29,330,11.358024691358025,5.679012345679013,5.679012345679013,88.64197530864197,7.160493827160494,81.48148148148148
E00002025,321,18,7,11,303,18,285,5.607476635514018,2.1806853582554515,3.4267912772585665,94.39252336448598,5.607476635514018,88.78504672897196
E00002026,339,52,19,33,287,19,268,15.339233038348082,5.604719764011799,9.734513274336283,84.66076696165192,5.604719764011799,79.05604719764013
E00002027,371,53,19,34,318,22,296,14.285714285714285,5.121293800539084,9.164420485175203,85.71428571428571,5.929919137466308,79.78436657681941
E00002028,333,35,18,17,298,26,272,10.51051051051051,5.405405405405405,5.105105105105105,89.4894894894895,7.807807807807808,81.68168168168168
E00002029,359,35,11,24,324,26,298,9.749303621169917,3.064066852367688,6.685236768802229,90.25069637883009,7.242339832869081,83.008356545961007
E00002030,275,26,12,14,249,27,222,9.454545454545455,4.363636363636364,5.090909090909091,90.54545454545455,9.818181818181818,80.72727272727272
E00002031,420,58,22,36,362,12,350,13.80952380952381,5.238095238095238,8.571428571428571,86.19047619047619,2.857142857142857,83.33333333333334
E00002032,333,46,22,24,287,21,266,13.813813813813812,6.606606606606606,7.207207207207207,86.18618618618619,6.306306306306306,79.87987987987988
E00002033,340,50,18,32,290,18,272,14.705882352941178,5.294117647058823,9.411764705882353,85.29411764705883,5.294117647058823,80
E00002034,382,49,25,24,333,21,312,12.827225130890053,6.544502617801047,6.282722513089005,87.17277486910994,5.49738219895288,81.67539267015707
E00002035,293,30,5,25,263,12,251,10.238907849829351,1.7064846416382253,8.532423208191126,89.76109215017065,4.09556313993174,85.6655290102389
E00002036,231,47,14,33,184,18,166,20.346320346320347,6.0606060606060606,14.285714285714285,79.65367965367966,7.792207792207792,71.86147186147186
E00002037,425,51,23,28,374,19,355,12,5.411764705882352,6.588235294117648,88,4.470588235294118,83.52941176470588
E00002038,370,53,17,36,317,23,294,14.324324324324325,4.594594594594595,9.72972972972973,85.67567567567568,6.216216216216217,79.45945945945945
E00002039,313,58,29,29,255,19,236,18.53035143769968,9.26517571884984,9.26517571884984,81.46964856230032,6.070287539936102,75.39936102236422
E00002040,397,59,35,24,338,20,318,14.86146095717884,8.816120906801007,6.045340050377834,85.13853904282117,5.037783375314862,80.10075566750629
E00002042,486,107,65,42,379,14,365,22.016460905349795,13.374485596707819,8.641975308641975,77.9835390946502,2.880658436213992,75.1028806584362
E00002043,394,50,23,27,344,23,321,12.690355329949238,5.83756345177665,6.852791878172589,87.30964467005076,5.83756345177665,81.47208121827411
E00002044,343,32,12,20,311,19,292,9.329446064139942,3.498542274052478,5.830903790087463,90.67055393586006,5.539358600583091,85.13119533527697
E00002045,304,49,24,25,255,14,241,16.11842105263158,7.894736842105263,8.223684210526317,83.88157894736842,4.605263157894736,79.27631578947368
E00002046,241,22,10,12,219,11,208,9.12863070539419,4.149377593360995,4.979253112033195,90.87136929460581,4.564315352697095,86.30705394190872
E00002047,340,49,16,33,291,23,268,14.411764705882351,4.705882352941177,9.705882352941178,85.58823529411764,6.764705882352941,78.82352941176471
E00002048,322,36,12,24,286,16,270,11.180124223602485,3.7267080745341614,7.453416149068323,88.81987577639751,4.968944099378882,83.85093167701864
E00002049,333,37,15,22,296,18,278,11.11111111111111,4.504504504504505,6.606606606606606,88.88888888888889,5.405405405405405,83.48348348348348
E00002050,270,39,15,24,231,14,217,14.444444444444443,5.555555555555555,8.88888888888889,85.55555555555556,5.185185185185185,80.37037037037037
E00002051,302,49,15,34,253,17,236,16.225165562913908,4.966887417218543,11.258278145695364,83.77483443708608,5.629139072847682,78.1456953642384
E00002052,321,66,31,35,255,28,227,20.5607476635514,9.657320872274143,10.903426791277258,79.43925233644859,8.722741433021806,70.7165109034268
E00002053,440,66,29,37,374,24,350,15,6.59090909090909,8.409090909090908,85,5.454545454545454,79.54545454545455
E00002054,342,47,18,29,295,23,272,13.742690058479532,5.263157894736842,8.47953216374269,86.25730994152046,6.725146198830409,79.53216374269006
E00002055,321,35,17,18,286,18,268,10.903426791277258,5.29595015576324,5.607476635514018,89.09657320872275,5.607476635514018,83.48909657320873
E00002056,380,44,23,21,336,12,324,11.578947368421053,6.052631578947368,5.526315789473684,88.42105263157895,3.1578947368421053,85.26315789473684
E00002057,280,40,15,25,240,25,215,14.285714285714285,5.357142857142857,8.928571428571429,85.71428571428571,8.928571428571429,76.78571428571429
E00002058,294,45,18,27,249,30,219,15.306122448979592,6.122448979591836,9.183673469387756,84.6938775510204,10.204081632653061,74.48979591836735
E00002059,293,50,22,28,243,21,222,17.064846416382252,7.508532423208192,9.556313993174061,82.93515358361775,7.167235494880546,75.76791808873719
E00002060,262,52,24,28,210,16,194,19.84732824427481,9.16030534351145,10.687022900763358,80.1526717557252,6.106870229007633,74.04580152671755
E00002061,339,45,17,28,294,24,270,13.274336283185843,5.014749262536873,8.259587020648967,86.72566371681415,7.079646017699115,79.64601769911505
E00002062,277,51,25,26,226,11,215,18.4115523465704,9.025270758122744,9.386281588447654,81.58844765342961,3.9711191335740073,77.6173285198556
E00002063,292,56,15,41,236,17,219,19.17808219178082,5.136986301369863,14.04109589041096,80.82191780821918,5.821917808219178,75
E00002064,234,53,22,31,181,21,160,22.64957264957265,9.401709401709402,13.247863247863249,77.35042735042735,8.974358974358974,68.37606837606837
E00002065,325,26,11,15,299,19,280,8,3.3846153846153846,4.615384615384616,92,5.846153846153846,86.15384615384616
E00002066,418,36,12,24,382,27,355,8.61244019138756,2.8708133971291865,5.741626794258373,91.38755980861244,6.4593301435406705,84.92822966507177
E00002067,205,58,32,26,147,20,127,28.292682926829265,15.609756097560975,12.682926829268293,71.70731707317073,9.75609756097561,61.951219512195124
E00002068,271,42,18,24,229,6,223,15.498154981549817,6.642066420664207,8.856088560885608,84.50184501845018,2.214022140221402,82.28782287822878
E00002069,233,34,16,18,199,8,191,14.592274678111588,6.866952789699571,7.725321888412018,85.40772532188842,3.4334763948497855,81.97424892703863
E00002070,429,48,17,31,381,13,368,11.188811188811188,3.9627039627039626,7.226107226107226,88.81118881118881,3.0303030303030303,85.78088578088578
E00002072,382,36,17,19,346,15,331,9.424083769633508,4.450261780104712,4.973821989528796,90.57591623036649,3.926701570680628,86.64921465968587
E00002073,277,41,15,26,236,15,221,14.801444043321299,5.415162454873646,9.386281588447654,85.1985559566787,5.415162454873646,79.78339350180505
E00002075,223,40,20,20,183,14,169,17.937219730941703,8.968609865470851,8.968609865470851,82.0627802690583,6.278026905829597,75.7847533632287
E00002076,440,161,104,57,279,16,263,36.59090909090909,23.636363636363637,12.954545454545455,63.40909090909091,3.6363636363636362,59.77272727272728
E00002077,258,32,8,24,226,16,210,12.4031007751938,3.10077519379845,9.30232558139535,87.59689922480621,6.2015503875969,81.3953488372093
E00002078,403,100,68,32,303,13,290,24.81389578163772,16.87344913151365,7.94044665012407,75.18610421836229,3.225806451612903,71.96029776674938
E00002079,170,47,24,23,123,9,114,27.647058823529413,14.117647058823529,13.529411764705882,72.35294117647058,5.294117647058823,67.05882352941175
E00002080,180,30,16,14,150,19,131,16.666666666666664,8.88888888888889,7.777777777777778,83.33333333333334,10.555555555555555,72.77777777777777
E00002081,191,31,12,19,160,13,147,16.230366492146597,6.282722513089005,9.947643979057592,83.7696335078534,6.806282722513089,76.96335078534031
E00002082,358,40,16,24,318,35,283,11.1731843575419,4.4692737430167595,6.70391061452514,88.8268156424581,9.776536312849162,79.05027932960894
E00002083,320,42,19,23,278,25,253,13.125,5.9375,7.187499999999999,86.875,7.8125,79.0625
E00002084,239,73,35,38,166,7,159,30.543933054393307,14.644351464435147,15.899581589958158,69.4560669456067,2.928870292887029,66.52719665271967
E00002085,522,67,26,41,455,30,425,12.835249042145595,4.980842911877394,7.854406130268199,87.16475095785441,5.747126436781609,81.4176245210728
E00002086,291,86,52,34,205,11,194,29.553264604810998,17.869415807560138,11.683848797250858,70.44673539518901,3.7800687285223367,66.66666666666666
E00002087,264,31,8,23,233,14,219,11.742424242424242,3.0303030303030303,8.712121212121213,88.25757575757575,5.303030303030303,82.95454545454545
E00002088,321,90,72,18,231,13,218,28.037383177570092,22.429906542056074,5.607476635514018,71.96261682242991,4.049844236760125,67.91277258566979
E00002089,301,50,15,35,251,21,230,16.611295681063122,4.983388704318937,11.627906976744185,83.38870431893687,6.976744186046512,76.41196013289037
E00002090,254,23,5,18,231,14,217,9.05511811023622,1.968503937007874,7.086614173228346,90.94488188976378,5.511811023622047,85.43307086614173
E00002091,284,30,12,18,254,14,240,10.56338028169014,4.225352112676056,6.338028169014084,89.43661971830986,4.929577464788732,84.50704225352112
E00002092,324,28,13,15,296,18,278,8.641975308641975,4.012345679012346,4.62962962962963,91.35802469135803,5.555555555555555,85.80246913580247
E00002093,258,36,20,16,222,20,202,13.953488372093023,7.751937984496124,6.2015503875969,86.04651162790698,7.751937984496124,78.29457364341084
E00002094,408,34,16,18,374,34,340,8.333333333333332,3.9215686274509802,4.411764705882353,91.66666666666666,8.333333333333332,83.33333333333334
E00002095,371,39,15,24,332,19,313,10.512129380053908,4.0431266846361185,6.46900269541779,89.4878706199461,5.121293800539084,84.36657681940702
E00002096,238,29,8,21,209,27,182,12.184873949579831,3.361344537815126,8.823529411764707,87.81512605042016,11.344537815126051,76.47058823529412
E00002097,342,35,9,26,307,24,283,10.23391812865497,2.631578947368421,7.602339181286549,89.76608187134502,7.017543859649122,82.7485380116959
E00002098,310,59,23,36,251,22,229,19.032258064516128,7.419354838709677,11.612903225806452,80.96774193548387,7.096774193548387,73.87096774193549
E00002099,361,53,18,35,308,23,285,14.681440443213297,4.986149584487535,9.695290858725762,85.3185595567867,6.3711911357340725,78.94736842105263
E00002100,363,50,22,28,313,36,277,13.774104683195592,6.0606060606060606,7.7134986225895315,86.22589531680441,9.917355371900827,76.30853994490359
E00002101,202,23,9,14,179,21,158,11.386138613861387,4.455445544554455,6.9306930693069315,88.61386138613861,10.396039603960396,78.21782178217822
E00002102,249,26,13,13,223,23,200,10.441767068273093,5.220883534136546,5.220883534136546,89.5582329317269,9.236947791164658,80.32128514056225
E00002103,359,43,15,28,316,24,292,11.977715877437326,4.178272980501393,7.7994428969359335,88.02228412256268,6.685236768802229,81.33704735376045
E00002104,252,45,20,25,207,14,193,17.857142857142858,7.936507936507936,9.920634920634921,82.14285714285714,5.555555555555555,76.5873015873016
E00002105,294,32,10,22,262,22,240,10.884353741496598,3.4013605442176873,7.482993197278912,89.1156462585034,7.482993197278912,81.63265306122449
E00002106,324,36,13,23,288,16,272,11.11111111111111,4.012345679012346,7.098765432098765,88.88888888888889,4.938271604938271,83.9506172839506
E00002107,242,34,10,24,208,17,191,14.049586776859504,4.132231404958678,9.917355371900827,85.9504132231405,7.024793388429752,78.92561983471074
E00002108,424,88,43,45,336,15,321,20.754716981132077,10.141509433962264,10.61320754716981,79.24528301886792,3.5377358490566038,75.70754716981132
E00002109,381,62,30,32,319,10,309,16.27296587926509,7.874015748031496,8.398950131233596,83.72703412073491,2.6246719160104988,81.10236220472441
E00002110,468,103,45,58,365,27,338,22.00854700854701,9.615384615384617,12.393162393162394,77.99145299145299,5.769230769230769,72.22222222222221
E00002111,362,31,11,20,331,18,313,8.56353591160221,3.0386740331491713,5.524861878453039,91.4364640883978,4.972375690607735,86.46408839779005
E00002112,252,44,23,21,208,12,196,17.46031746031746,9.126984126984127,8.333333333333332,82.53968253968253,4.761904761904762,77.77777777777779
E00002114,266,55,28,27,211,9,202,20.676691729323306,10.526315789473683,10.150375939849624,79.32330827067669,3.3834586466165413,75.93984962406014
E00002115,375,53,28,25,322,13,309,14.133333333333335,7.466666666666668,6.666666666666667,85.86666666666667,3.4666666666666663,82.39999999999999
E00002117,399,36,14,22,363,23,340,9.022556390977442,3.508771929824561,5.513784461152882,90.97744360902256,5.764411027568922,85.21303258145363
E00002118,349,46,23,23,303,16,287,13.18051575931232,6.59025787965616,6.59025787965616,86.81948424068769,4.584527220630372,82.23495702005731
E00002120,532,77,39,38,455,39,416,14.473684210526317,7.330827067669173,7.142857142857142,85.52631578947368,7.330827067669173,78.19548872180451
E00002121,205,35,11,24,170,10,160,17.073170731707318,5.365853658536586,11.707317073170733,82.92682926829268,4.878048780487805,78.04878048780488
E00002123,233,77,35,42,156,17,139,33.047210300429185,15.021459227467812,18.025751072961373,66.95278969957081,7.296137339055794,59.65665236051502
E00002124,240,64,27,37,176,10,166,26.666666666666668,11.25,15.416666666666668,73.33333333333333,4.166666666666666,69.16666666666667
E00002125,317,63,18,45,254,18,236,19.873817034700316,5.678233438485805,14.195583596214512,80.12618296529969,5.678233438485805,74.44794952681389
E00002126,482,81,44,37,401,22,379,16.804979253112034,9.12863070539419,7.676348547717843,83.19502074688798,4.564315352697095,78.63070539419087
E00002127,387,57,33,24,330,12,318,14.728682170542637,8.527131782945736,6.2015503875969,85.27131782945736,3.10077519379845,82.17054263565892
E00002128,335,51,21,30,284,15,269,15.223880597014924,6.26865671641791,8.955223880597014,84.77611940298507,4.477611940298507,80.29850746268656
E00002129,376,68,36,32,308,18,290,18.085106382978726,9.574468085106384,8.51063829787234,81.91489361702128,4.787234042553192,77.12765957446808
E00002130,444,64,21,43,380,20,360,14.414414414414415,4.72972972972973,9.684684684684685,85.58558558558559,4.504504504504505,81.08108108108108
E00002131,407,64,31,33,343,20,323,15.724815724815725,7.616707616707617,8.108108108108109,84.27518427518427,4.914004914004914,79.36117936117935
E00002132,233,51,29,22,182,10,172,21.888412017167383,12.446351931330472,9.44206008583691,78.11158798283262,4.291845493562231,73.8197424892704
E00002133,365,49,26,23,316,32,284,13.424657534246576,7.123287671232877,6.301369863013699,86.57534246575342,8.767123287671232,77.8082191780822
E00002134,410,80,34,46,330,35,295,19.51219512195122,8.292682926829269,11.219512195121952,80.48780487804879,8.536585365853659,71.95121951219512
E00002135,365,63,29,34,302,13,289,17.26027397260274,7.9452054794520555,9.315068493150685,82.73972602739727,3.5616438356164384,79.17808219178082
E00002136,337,48,11,37,289,15,274,14.243323442136498,3.2640949554896146,10.979228486646884,85.7566765578635,4.451038575667656,81.30563798219585
E00002137,374,62,31,31,312,15,297,16.577540106951872,8.288770053475936,8.288770053475936,83.42245989304813,4.0106951871657754,79.41176470588235
E00002138,256,45,19,26,211,11,200,17.578125,7.421875,10.15625,82.421875,4.296875,78.125
E00002139,245,27,13,14,218,7,211,11.020408163265307,5.3061224489795915,5.714285714285714,88.9795918367347,2.857142857142857,86.12244897959184
E00002140,271,50,20,30,221,15,206,18.45018450184502,7.380073800738007,11.07011070110701,81.54981549815497,5.535055350553505,76.01476014760148
E00002141,346,82,30,52,264,16,248,23.699421965317917,8.670520231213873,15.028901734104046,76.30057803468208,4.624277456647398,71.67630057803468
E00002142,234,59,28,31,175,18,157,25.213675213675213,11.965811965811966,13.247863247863249,74.78632478632478,7.6923076923076925,67.09401709401709
E00002143,418,67,29,38,351,23,328,16.028708133971293,6.937799043062201,9.090909090909092,83.97129186602871,5.502392344497608,78.4688995215311
E00002144,379,56,23,33,323,19,304,14.775725593667547,6.068601583113456,8.70712401055409,85.22427440633246,5.013192612137203,80.21108179419525
E00002145,372,69,30,39,303,16,287,18.548387096774192,8.064516129032258,10.483870967741936,81.45161290322581,4.301075268817205,77.15053763440861
E00002146,337,36,15,21,301,27,274,10.682492581602373,4.451038575667656,6.231454005934718,89.31750741839762,8.011869436201781,81.30563798219585
E00002147,322,39,19,20,283,23,260,12.111801242236025,5.900621118012422,6.211180124223603,87.88819875776397,7.142857142857142,80.74534161490683
E00002148,327,77,34,43,250,11,239,23.547400611620795,10.397553516819572,13.149847094801222,76.45259938837921,3.3639143730886847,73.08868501529052
E00002149,311,43,13,30,268,25,243,13.826366559485532,4.180064308681672,9.646302250803858,86.17363344051448,8.038585209003216,78.13504823151125
E00002150,360,66,20,46,294,20,274,18.333333333333332,5.555555555555555,12.777777777777777,81.66666666666667,5.555555555555555,76.11111111111111
E00002151,390,51,13,38,339,21,318,13.076923076923078,3.3333333333333335,9.7435897435897445,86.92307692307692,5.384615384615385,81.53846153846153
E00002152,338,66,28,38,272,19,253,19.526627218934912,8.284023668639055,11.242603550295858,80.4733727810651,5.621301775147929,74.85207100591717
E00002153,361,49,21,28,312,28,284,13.573407202216067,5.8171745152354575,7.756232686980609,86.42659279778393,7.756232686980609,78.67036011080333
E00002154,340,71,32,39,269,19,250,20.88235294117647,9.411764705882353,11.470588235294118,79.11764705882352,5.588235294117648,73.52941176470588
E00002155,264,58,26,32,206,12,194,21.96969696969697,9.848484848484848,12.121212121212121,78.03030303030303,4.545454545454546,73.48484848484848
E00002156,302,54,26,28,248,15,233,17.880794701986755,8.609271523178808,9.271523178807946,82.11920529801324,4.966887417218543,77.15231788079471
E00002157,358,48,17,31,310,34,276,13.40782122905028,4.748603351955307,8.659217877094973,86.59217877094973,9.497206703910614,77.09497206703911
E00002158,325,46,11,35,279,16,263,14.153846153846153,3.3846153846153846,10.76923076923077,85.84615384615385,4.923076923076923,80.92307692307692
E00002159,315,45,17,28,270,20,250,14.285714285714285,5.396825396825397,8.88888888888889,85.71428571428571,6.349206349206349,79.36507936507937
E00002160,329,35,13,22,294,21,273,10.638297872340425,3.951367781155015,6.68693009118541,89.36170212765957,6.382978723404255,82.97872340425532
E00002161,404,42,13,29,362,34,328,10.396039603960396,3.217821782178218,7.1782178217821775,89.60396039603961,8.415841584158416,81.1881188118812
E00002162,323,49,15,34,274,22,252,15.170278637770899,4.643962848297214,10.526315789473683,84.82972136222911,6.811145510835913,78.0185758513932
E00002163,406,43,18,25,363,28,335,10.591133004926109,4.433497536945813,6.157635467980295,89.4088669950739,6.896551724137931,82.51231527093597
E00002164,333,55,29,26,278,32,246,16.516516516516518,8.708708708708707,7.807807807807808,83.48348348348348,9.60960960960961,73.87387387387388
E00002165,375,42,16,26,333,20,313,11.200000000000001,4.266666666666667,6.933333333333333,88.8,5.333333333333334,83.46666666666667
E00002166,336,56,19,37,280,14,266,16.666666666666664,5.654761904761905,11.011904761904761,83.33333333333334,4.166666666666666,79.16666666666666
E00002167,314,62,26,36,252,21,231,19.745222929936308,8.280254777070063,11.464968152866243,80.2547770700637,6.687898089171974,73.56687898089172
E00002168,318,48,18,30,270,9,261,15.09433962264151,5.660377358490567,9.433962264150944,84.90566037735849,2.8301886792452833,82.0754716981132
E00002169,392,40,15,25,352,26,326,10.204081632653061,3.826530612244898,6.377551020408164,89.79591836734694,6.63265306122449,83.16326530612244
E00002170,376,40,16,24,336,20,316,10.638297872340425,4.25531914893617,6.382978723404255,89.36170212765957,5.319148936170213,84.04255319148936
E00002171,325,38,15,23,287,17,270,11.692307692307692,4.615384615384616,7.076923076923077,88.3076923076923,5.230769230769231,83.07692307692308
E00002172,353,42,17,25,311,20,291,11.89801699716714,4.815864022662889,7.0821529745042495,88.10198300283287,5.6657223796034,82.43626062322946
E00002173,352,39,13,26,313,27,286,11.079545454545455,3.6931818181818183,7.386363636363637,88.92045454545455,7.670454545454546,81.25
E00002174,361,49,16,33,312,18,294,13.573407202216067,4.43213296398892,9.141274238227147,86.42659279778393,4.986149584487535,81.4404432132964
E00002175,274,42,12,30,232,20,212,15.328467153284672,4.37956204379562,10.948905109489052,84.67153284671532,7.2992700729927,77.37226277372264
E00002176,344,41,13,28,303,20,283,11.918604651162791,3.77906976744186,8.13953488372093,88.0813953488372,5.813953488372093,82.26744186046511
E00002177,487,57,21,36,430,34,396,11.704312114989733,4.312114989733059,7.392197125256674,88.29568788501027,6.981519507186857,81.3141683778234
E00002178,347,55,28,27,292,27,265,15.85014409221902,8.069164265129682,7.780979827089338,84.14985590778097,7.780979827089338,76.36887608069163
E00002179,334,43,13,30,291,22,269,12.874251497005988,3.8922155688622757,8.982035928143713,87.12574850299401,6.58682634730539,80.53892215568862
E00002180,291,44,18,26,247,21,226,15.120274914089347,6.185567010309279,8.934707903780069,84.87972508591065,7.216494845360824,77.66323024054984
E00002181,330,43,22,21,287,19,268,13.030303030303031,6.666666666666667,6.363636363636363,86.96969696969697,5.757575757575758,81.21212121212122
E00002182,333,46,15,31,287,26,261,13.813813813813812,4.504504504504505,9.30930930930931,86.18618618618619,7.807807807807808,78.37837837837837
E00002183,169,45,17,28,124,12,112,26.627218934911244,10.059171597633137,16.56804733727811,73.37278106508876,7.100591715976331,66.27218934911244
E00002184,294,35,13,22,259,19,240,11.904761904761903,4.421768707482993,7.482993197278912,88.09523809523809,6.462585034013606,81.63265306122449
E00002185,404,60,30,30,344,32,312,14.85148514851485,7.425742574257425,7.425742574257425,85.14851485148515,7.920792079207921,77.22772277227723
E00002186,263,23,3,20,240,17,223,8.745247148288973,1.1406844106463878,7.604562737642586,91.25475285171103,6.4638783269961975,84.79087452471484
E00002187,316,38,12,26,278,20,258,12.025316455696203,3.79746835443038,8.227848101265822,87.9746835443038,6.329113924050633,81.64556962025317
E00002188,298,40,14,26,258,23,235,13.422818791946309,4.697986577181208,8.724832214765101,86.57718120805369,7.718120805369128,78.85906040268456
E00002189,343,44,16,28,299,24,275,12.82798833819242,4.664723032069971,8.16326530612245,87.17201166180757,6.997084548104956,80.17492711370262
E00002190,459,62,22,40,397,33,364,13.507625272331156,4.793028322440087,8.714596949891067,86.49237472766885,7.18954248366013,79.30283224400871
E00002191,375,45,15,30,330,24,306,12,4,8,88,6.4,81.6
E00002192,297,44,18,26,253,18,235,14.814814814814813,6.0606060606060606,8.754208754208754,85.18518518518519,6.0606060606060606,79.12457912457911
E00002193,357,26,7,19,331,26,305,7.282913165266107,1.9607843137254901,5.322128851540616,92.71708683473389,7.282913165266107,85.43417366946778
E00002194,327,39,14,25,288,27,261,11.926605504587156,4.281345565749235,7.64525993883792,88.07339449541286,8.256880733944955,79.81651376146789
E00002195,415,56,24,32,359,33,326,13.493975903614459,5.783132530120482,7.710843373493977,86.50602409638554,7.951807228915662,78.55421686746989
E00002196,357,32,10,22,325,23,302,8.96358543417367,2.801120448179272,6.162464985994398,91.03641456582633,6.442577030812324,84.593837535014
E00002197,323,52,20,32,271,23,248,16.09907120743034,6.191950464396285,9.907120743034056,83.90092879256966,7.120743034055728,76.78018575851394
E00002198,282,65,33,32,217,22,195,23.04964539007092,11.702127659574469,11.347517730496454,76.95035460992908,7.801418439716312,69.14893617021278
E00002199,304,33,11,22,271,18,253,10.855263157894738,3.618421052631579,7.236842105263158,89.14473684210526,5.921052631578947,83.22368421052632
E00002200,340,51,20,31,289,25,264,15,5.88235294117647,9.117647058823529,85,7.352941176470589,77.64705882352942
E00002201,370,70,41,29,300,18,282,18.91891891891892,11.081081081081082,7.837837837837839,81.08108108108108,4.864864864864865,76.21621621621621
E00002202,345,45,15,30,300,18,282,13.043478260869565,4.3478260869565215,8.695652173913043,86.95652173913044,5.217391304347826,81.73913043478261
E00002203,309,39,13,26,270,27,243,12.62135922330097,4.207119741100324,8.414239482200648,87.37864077669903,8.737864077669903,78.64077669902912
E00002204,306,45,17,28,261,16,245,14.705882352941178,5.555555555555555,9.15032679738562,85.29411764705883,5.228758169934641,80.06535947712419
E00002205,399,55,15,40,344,27,317,13.784461152882205,3.7593984962406015,10.025062656641603,86.21553884711778,6.7669172932330826,79.4486215538847
E00002206,305,35,14,21,270,17,253,11.475409836065573,4.590163934426229,6.885245901639345,88.52459016393442,5.573770491803279,82.95081967213115
E00002207,315,49,24,25,266,26,240,15.555555555555555,7.6190476190476195,7.936507936507936,84.44444444444444,8.253968253968253,76.19047619047619
E00002208,400,49,17,32,351,16,335,12.25,4.25,8,87.75,4,83.75
E00002209,348,32,7,25,316,22,294,9.195402298850574,2.0114942528735633,7.183908045977011,90.80459770114942,6.321839080459771,84.48275862068965
E00002210,311,36,13,23,275,15,260,11.57556270096463,4.180064308681672,7.395498392282958,88.42443729903538,4.823151125401929,83.60128617363344
E00002211,349,35,16,19,314,20,294,10.028653295128938,4.584527220630372,5.444126074498568,89.97134670487105,5.730659025787966,84.2406876790831
E00002212,268,56,31,25,212,20,192,20.8955223880597,11.567164179104477,9.328358208955224,79.1044776119403,7.462686567164178,71.64179104477611
E00002213,339,46,22,24,293,20,273,13.569321533923304,6.489675516224189,7.079646017699115,86.4306784660767,5.899705014749262,80.53097345132744
E00002214,339,39,13,26,300,16,284,11.504424778761061,3.8348082595870205,7.669616519174041,88.49557522123894,4.71976401179941,83.77581120943954
E00002215,313,35,14,21,278,20,258,11.182108626198083,4.472843450479233,6.7092651757188495,88.81789137380191,6.3897763578274756,82.42811501597444
E00002216,352,47,23,24,305,21,284,13.352272727272727,6.534090909090909,6.8181818181818175,86.64772727272727,5.965909090909091,80.68181818181817
E00002217,383,46,21,25,337,20,317,12.010443864229766,5.483028720626632,6.527415143603134,87.98955613577023,5.221932114882506,82.76762402088774
E00002218,362,52,20,32,310,19,291,14.3646408839779,5.524861878453039,8.83977900552486,85.6353591160221,5.248618784530387,80.38674033149171
E00002219,372,50,24,26,322,20,302,13.440860215053762,6.451612903225806,6.989247311827956,86.55913978494624,5.376344086021505,81.18279569892472
E00002220,365,45,14,31,320,17,303,12.32876712328767,3.8356164383561646,8.493150684931507,87.67123287671232,4.657534246575342,83.01369863013699
E00002221,336,29,12,17,307,31,276,8.630952380952381,3.571428571428571,5.059523809523809,91.36904761904762,9.226190476190476,82.14285714285714
E00002222,392,36,14,22,356,31,325,9.183673469387756,3.571428571428571,5.612244897959184,90.81632653061224,7.908163265306123,82.90816326530613
E00002223,342,35,13,22,307,23,284,10.23391812865497,3.8011695906432745,6.432748538011696,89.76608187134502,6.725146198830409,83.04093567251462
E00002224,382,39,19,20,343,21,322,10.209424083769633,4.973821989528796,5.2356020942408374,89.79057591623037,5.49738219895288,84.29319371727748
E00002225,307,62,28,34,245,19,226,20.195439739413683,9.120521172638437,11.074918566775244,79.80456026058633,6.188925081433225,73.61563517915309
E00002226,348,58,27,31,290,16,274,16.666666666666664,7.758620689655173,8.908045977011495,83.33333333333334,4.597701149425287,78.73563218390804
E00002227,379,43,16,27,336,15,321,11.345646437994723,4.221635883905013,7.12401055408971,88.65435356200527,3.95778364116095,84.69656992084433
E00002228,381,60,26,34,321,21,300,15.748031496062993,6.824146981627297,8.923884514435695,84.25196850393701,5.511811023622047,78.74015748031496
E00002229,355,35,11,24,320,28,292,9.859154929577464,3.0985915492957745,6.760563380281689,90.14084507042254,7.887323943661972,82.25352112676056
E00002230,371,46,13,33,325,19,306,12.398921832884097,3.5040431266846364,8.89487870619946,87.6010781671159,5.121293800539084,82.47978436657682
E00002231,312,35,15,20,277,17,260,11.217948717948719,4.807692307692308,6.41025641025641,88.78205128205127,5.448717948717949,83.33333333333334
E00002232,366,44,13,31,322,17,305,12.021857923497267,3.551912568306011,8.469945355191257,87.97814207650273,4.644808743169399,83.33333333333334
E00002233,375,38,13,25,337,19,318,10.133333333333333,3.4666666666666663,6.666666666666667,89.86666666666666,5.066666666666666,84.8
E00002234,341,38,22,16,303,15,288,11.143695014662756,6.451612903225806,4.69208211143695,88.85630498533725,4.398826979472141,84.4574780058651
E00002235,395,49,16,33,346,21,325,12.405063291139239,4.050632911392405,8.354430379746836,87.59493670886076,5.3164556962025316,82.27848101265823
E00002236,260,65,29,36,195,17,178,25,11.153846153846155,13.846153846153847,75,6.538461538461539,68.46153846153847
E00002237,363,39,9,30,324,19,305,10.743801652892563,2.479338842975207,8.264462809917356,89.25619834710744,5.234159779614325,84.02203856749311
E00002238,408,56,20,36,352,21,331,13.725490196078432,4.901960784313726,8.823529411764707,86.27450980392157,5.147058823529411,81.12745098039215
E00002239,371,54,17,37,317,25,292,14.555256064690028,4.5822102425876015,9.973045822102426,85.44474393530997,6.738544474393531,78.70619946091644
E00002240,418,70,29,41,348,26,322,16.74641148325359,6.937799043062201,9.808612440191387,83.25358851674642,6.220095693779904,77.03349282296651
E00002241,349,61,24,37,288,30,258,17.478510028653297,6.876790830945559,10.601719197707736,82.52148997134671,8.595988538681947,73.92550143266476
E00002242,303,42,15,27,261,29,232,13.861386138613863,4.9504950495049505,8.91089108910891,86.13861386138613,9.570957095709572,76.56765676567657
E00002243,326,121,88,33,205,20,185,37.11656441717792,26.993865030674847,10.122699386503067,62.88343558282209,6.134969325153374,56.74846625766872
E00002244,270,38,6,32,232,15,217,14.074074074074074,2.2222222222222223,11.851851851851853,85.92592592592592,5.555555555555555,80.37037037037037
E00002245,363,44,10,34,319,18,301,12.121212121212121,2.7548209366391188,9.366391184573002,87.87878787878788,4.958677685950414,82.92011019283747
E00002246,348,39,14,25,309,24,285,11.206896551724139,4.022988505747127,7.183908045977011,88.79310344827587,6.896551724137931,81.89655172413794
E00002247,259,31,10,21,228,21,207,11.96911196911197,3.861003861003861,8.108108108108109,88.03088803088804,8.108108108108109,79.92277992277992
E00002248,346,45,12,33,301,31,270,13.005780346820808,3.4682080924855487,9.53757225433526,86.9942196531792,8.959537572254336,78.03468208092485
E00002249,284,37,17,20,247,27,220,13.028169014084506,5.985915492957746,7.042253521126761,86.97183098591549,9.507042253521126,77.46478873239437
E00002250,359,37,13,24,322,26,296,10.30640668523677,3.6211699164345403,6.685236768802229,89.69359331476323,7.242339832869081,82.45125348189416
E00002251,334,48,16,32,286,22,264,14.37125748502994,4.790419161676647,9.580838323353294,85.62874251497006,6.58682634730539,79.04191616766467
E00002252,416,98,30,68,318,40,278,23.557692307692307,7.211538461538461,16.346153846153847,76.4423076923077,9.615384615384617,66.82692307692307
E00002253,355,44,11,33,311,19,292,12.394366197183098,3.0985915492957745,9.295774647887324,87.60563380281691,5.352112676056338,82.25352112676056
E00002254,244,40,19,21,204,12,192,16.39344262295082,7.786885245901639,8.60655737704918,83.60655737704919,4.918032786885246,78.68852459016394
E00002255,332,85,32,53,247,23,224,25.602409638554217,9.63855421686747,15.963855421686745,74.3975903614458,6.927710843373494,67.46987951807229
E00002256,346,52,21,31,294,25,269,15.028901734104046,6.069364161849711,8.959537572254336,84.97109826589595,7.225433526011561,77.74566473988439
E00002257,219,55,26,29,164,10,154,25.11415525114155,11.87214611872146,13.24200913242009,74.88584474885845,4.5662100456621,70.31963470319634
E00002258,262,46,14,32,216,25,191,17.557251908396946,5.343511450381679,12.213740458015266,82.44274809160305,9.541984732824428,72.90076335877863
E00002260,362,35,15,20,327,24,303,9.668508287292818,4.143646408839778,5.524861878453039,90.33149171270718,6.629834254143646,83.70165745856355
E00002261,215,40,22,18,175,12,163,18.6046511627907,10.232558139534884,8.372093023255815,81.3953488372093,5.5813953488372094,75.81395348837209
E00002262,240,31,11,20,209,25,184,12.916666666666668,4.583333333333333,8.333333333333332,87.08333333333333,10.416666666666668,76.66666666666667
E00002263,512,61,18,43,451,36,415,11.9140625,3.515625,8.3984375,88.0859375,7.03125,81.0546875
E00002264,280,55,24,31,225,16,209,19.642857142857142,8.571428571428571,11.071428571428571,80.35714285714286,5.714285714285714,74.64285714285714
E00002265,325,51,19,32,274,23,251,15.692307692307692,5.846153846153846,9.846153846153847,84.3076923076923,7.076923076923077,77.23076923076924
E00002266,432,57,21,36,375,32,343,13.194444444444445,4.861111111111112,8.333333333333332,86.80555555555556,7.4074074074074066,79.39814814814815
E00002267,270,63,21,42,207,22,185,23.333333333333332,7.777777777777778,15.555555555555555,76.66666666666667,8.148148148148149,68.51851851851852
E00002268,243,24,9,15,219,21,198,9.876543209876543,3.7037037037037033,6.172839506172839,90.12345679012346,8.641975308641975,81.48148148148148
E00002269,347,45,12,33,302,25,277,12.968299711815561,3.45821325648415,9.510086455331413,87.03170028818444,7.204610951008646,79.82708933717579
E00002270,328,41,14,27,287,26,261,12.5,4.2682926829268295,8.231707317073171,87.5,7.926829268292683,79.57317073170732
E00002271,301,45,23,22,256,16,240,14.950166112956811,7.641196013289036,7.308970099667775,85.04983388704319,5.3156146179401995,79.734219269103
E00002272,451,53,12,41,398,31,367,11.751662971175167,2.6607538802660753,9.090909090909092,88.24833702882484,6.873614190687362,81.37472283813747
E00002273,344,28,4,24,316,21,295,8.13953488372093,1.1627906976744187,6.976744186046512,91.86046511627907,6.104651162790697,85.75581395348837
E00002274,360,32,14,18,328,45,283,8.88888888888889,3.888888888888889,5,91.11111111111111,12.5,78.61111111111111
E00002275,398,49,20,29,349,15,334,12.311557788944723,5.025125628140704,7.2864321608040195,87.68844221105527,3.7688442211055273,83.91959798994975
E00002279,395,44,22,22,351,19,332,11.139240506329113,5.5696202531645564,5.5696202531645564,88.86075949367088,4.810126582278481,84.05063291139241
E00002280,369,69,36,33,300,26,274,18.69918699186992,9.75609756097561,8.94308943089431,81.30081300813008,7.046070460704606,74.25474254742548
E00002281,540,84,42,42,456,17,439,15.555555555555555,7.777777777777778,7.777777777777778,84.44444444444444,3.148148148148148,81.2962962962963
E00002282,272,44,19,25,228,11,217,16.176470588235293,6.985294117647059,9.191176470588236,83.82352941176471,4.044117647058823,79.77941176470588
E00002283,335,103,67,36,232,11,221,30.74626865671642,20,10.746268656716417,69.25373134328359,3.2835820895522385,65.97014925373135
E00002284,399,33,11,22,366,27,339,8.270676691729323,2.756892230576441,5.513784461152882,91.72932330827066,6.7669172932330826,84.9624060150376
E00002285,393,42,22,20,351,14,337,10.687022900763358,5.597964376590331,5.089058524173027,89.31297709923665,3.5623409669211195,85.75063613231552
E00002286,416,41,15,26,375,13,362,9.85576923076923,3.6057692307692304,6.25,90.14423076923077,3.125,87.01923076923077
E00002287,312,32,11,21,280,15,265,10.256410256410255,3.5256410256410255,6.730769230769231,89.74358974358975,4.807692307692308,84.93589743589743
E00002288,450,63,31,32,387,23,364,14.000000000000002,6.888888888888889,7.111111111111111,86,5.111111111111112,80.88888888888889
E00002289,356,38,19,19,318,10,308,10.674157303370785,5.337078651685393,5.337078651685393,89.32584269662921,2.8089887640449436,86.51685393258427
E00002290,351,35,17,18,316,26,290,9.971509971509972,4.843304843304843,5.128205128205128,90.02849002849003,7.4074074074074066,82.62108262108262
E00002291,357,39,17,22,318,17,301,10.92436974789916,4.761904761904762,6.162464985994398,89.07563025210085,4.761904761904762,84.31372549019608
E00002292,293,38,22,16,255,11,244,12.969283276450511,7.508532423208192,5.460750853242321,87.03071672354949,3.754266211604096,83.27645051194538
E00002293,412,49,26,23,363,25,338,11.893203883495145,6.310679611650485,5.582524271844661,88.10679611650485,6.067961165048544,82.03883495145631
E00002294,287,33,9,24,254,14,240,11.498257839721255,3.1358885017421603,8.362369337979095,88.50174216027874,4.878048780487805,83.62369337979094
E00002296,461,44,19,25,417,23,394,9.544468546637743,4.121475054229935,5.42299349240781,90.45553145336225,4.989154013015185,85.46637744034707
E00002297,330,45,15,30,285,20,265,13.636363636363635,4.545454545454546,9.090909090909092,86.36363636363636,6.0606060606060606,80.3030303030303
E00002298,473,53,26,27,420,15,405,11.20507399577167,5.496828752642706,5.708245243128964,88.79492600422833,3.171247357293869,85.62367864693447
E00002299,332,53,21,32,279,13,266,15.963855421686745,6.325301204819277,9.63855421686747,84.03614457831326,3.91566265060241,80.12048192771084
E00002300,335,60,28,32,275,22,253,17.91044776119403,8.358208955223882,9.55223880597015,82.08955223880598,6.567164179104477,75.5223880597015
E00002301,264,53,26,27,211,10,201,20.075757575757574,9.848484848484848,10.227272727272728,79.92424242424242,3.787878787878788,76.13636363636364
E00002302,189,38,23,15,151,8,143,20.105820105820104,12.16931216931217,7.936507936507936,79.8941798941799,4.232804232804233,75.66137566137566
E00002303,295,47,25,22,248,13,235,15.932203389830507,8.47457627118644,7.457627118644068,84.06779661016948,4.406779661016949,79.66101694915254
E00002304,401,78,35,43,323,30,293,19.45137157107232,8.728179551122196,10.723192019950124,80.54862842892769,7.4812967581047385,73.06733167082294
E00002305,223,46,28,18,177,7,170,20.62780269058296,12.556053811659194,8.071748878923767,79.37219730941703,3.1390134529147984,76.23318385650224
E00002306,288,56,22,34,232,22,210,19.444444444444446,7.638888888888889,11.805555555555555,80.55555555555556,7.638888888888889,72.91666666666666
E00002307,419,55,18,37,364,15,349,13.126491646778044,4.295942720763723,8.83054892601432,86.87350835322196,3.579952267303103,83.29355608591885
E00002308,289,59,31,28,230,10,220,20.415224913494807,10.726643598615917,9.688581314878892,79.58477508650519,3.4602076124567476,76.12456747404845
E00002309,156,50,27,23,106,13,93,32.05128205128205,17.307692307692307,14.743589743589745,67.94871794871796,8.333333333333332,59.61538461538461
E00165791,285,28,10,18,257,16,241,9.824561403508772,3.508771929824561,6.315789473684211,90.17543859649123,5.614035087719298,84.56140350877193
E00166760,255,48,19,29,207,15,192,18.823529411764707,7.450980392156863,11.372549019607844,81.17647058823529,5.88235294117647,75.29411764705883
E00166761,254,23,8,15,231,9,222,9.05511811023622,3.149606299212598,5.905511811023622,90.94488188976378,3.543307086614173,87.4015748031496
E00166762,342,37,12,25,305,21,284,10.818713450292398,3.508771929824561,7.309941520467836,89.18128654970761,6.140350877192982,83.04093567251462
E00166763,304,21,6,15,283,9,274,6.907894736842106,1.9736842105263157,4.934210526315789,93.0921052631579,2.9605263157894735,90.13157894736842
E00166764,464,45,20,25,419,16,403,9.698275862068966,4.310344827586207,5.387931034482758,90.30172413793103,3.4482758620689653,86.85344827586206
E00166765,223,15,9,6,208,4,204,6.726457399103139,4.0358744394618835,2.690582959641256,93.27354260089686,1.7937219730941705,91.4798206278027
E00166766,326,25,12,13,301,7,294,7.668711656441718,3.6809815950920246,3.9877300613496933,92.33128834355828,2.147239263803681,90.1840490797546
E00166768,267,32,8,24,235,13,222,11.985018726591761,2.9962546816479403,8.98876404494382,88.01498127340824,4.868913857677903,83.14606741573034
E00166769,427,90,43,47,337,21,316,21.07728337236534,10.070257611241217,11.00702576112412,78.92271662763466,4.918032786885246,74.00468384074942
E00166770,222,40,15,25,182,20,162,18.01801801801802,6.756756756756757,11.26126126126126,81.98198198198197,9.00900900900901,72.97297297297297
E00166771,182,19,8,11,163,12,151,10.43956043956044,4.395604395604396,6.043956043956044,89.56043956043956,6.593406593406594,82.96703296703298
E00176912,513,119,55,64,394,24,370,23.196881091617932,10.721247563352826,12.475633528265107,76.80311890838206,4.678362573099415,72.12475633528264
E00176913,440,68,30,38,372,15,357,15.454545454545453,6.8181818181818175,8.636363636363637,84.54545454545455,3.4090909090909087,81.13636363636364
E00176914,300,49,15,34,251,22,229,16.333333333333332,5,11.333333333333332,83.66666666666667,7.333333333333333,76.33333333333333
E00176915,462,70,24,46,392,19,373,15.151515151515152,5.194805194805195,9.956709956709958,84.84848484848484,4.112554112554113,80.73593073593074
E00176920,467,67,32,35,400,15,385,14.346895074946467,6.852248394004283,7.494646680942184,85.65310492505354,3.2119914346895073,82.44111349036403
E00176921,176,7,0,7,169,9,160,3.977272727272727,0,3.977272727272727,96.02272727272727,5.113636363636364,90.9090909090909
E00176922,342,55,23,32,287,24,263,16.08187134502924,6.725146198830409,9.35672514619883,83.91812865497076,7.017543859649122,76.90058479532163
E00176923,217,29,8,21,188,15,173,13.36405529953917,3.686635944700461,9.67741935483871,86.63594470046083,6.912442396313365,79.72350230414746
E00176925,243,24,6,18,219,12,207,9.876543209876543,2.4691358024691357,7.4074074074074066,90.12345679012346,4.938271604938271,85.18518518518519
E00176928,487,30,13,17,457,17,440,6.160164271047227,2.6694045174537986,3.4907597535934287,93.83983572895276,3.4907597535934287,90.34907597535934
E00176930,240,9,4,5,231,6,225,3.75,1.6666666666666667,2.083333333333333,96.25,2.5,93.75
E00176933,428,104,80,24,324,21,303,24.299065420560748,18.69158878504673,5.607476635514018,75.70093457943925,4.906542056074766,70.7943925233645
E00176935,535,66,31,35,469,38,431,12.33644859813084,5.794392523364486,6.5420560747663545,87.66355140186916,7.102803738317758,80.5607476635514
E00176938,281,16,8,8,265,17,248,5.6939501779359425,2.8469750889679712,2.8469750889679712,94.30604982206405,6.049822064056939,88.25622775800713
E00176939,139,16,8,8,123,6,117,11.510791366906476,5.755395683453238,5.755395683453238,88.48920863309353,4.316546762589928,84.17266187050359
E00176944,435,66,26,40,369,19,350,15.172413793103448,5.977011494252873,9.195402298850574,84.82758620689656,4.3678160919540225,80.45977011494253
E00176951,451,18,5,13,433,13,420,3.9911308203991127,1.1086474501108647,2.882483370288248,96.0088691796009,2.882483370288248,93.12638580931264
E00176952,427,55,21,34,372,28,344,12.88056206088993,4.918032786885246,7.962529274004685,87.11943793911007,6.557377049180328,80.56206088992974
E00176954,251,47,24,23,204,14,190,18.725099601593627,9.56175298804781,9.163346613545817,81.27490039840637,5.577689243027888,75.69721115537848
E00176955,194,18,7,11,176,6,170,9.278350515463918,3.608247422680412,5.670103092783505,90.72164948453609,3.0927835051546393,87.62886597938144
E00176957,102,9,1,8,93,4,89,8.823529411764707,0.9803921568627451,7.8431372549019605,91.17647058823529,3.9215686274509802,87.25490196078431
E00176958,396,102,48,54,294,21,273,25.757575757575758,12.121212121212121,13.636363636363635,74.24242424242425,5.303030303030303,68.93939393939394
E00176961,315,42,17,25,273,19,254,13.333333333333334,5.396825396825397,7.936507936507936,86.66666666666667,6.031746031746032,80.63492063492063
E00176962,446,29,11,18,417,15,402,6.502242152466367,2.4663677130044843,4.0358744394618835,93.49775784753363,3.3632286995515694,90.13452914798206
E00176963,521,51,22,29,470,21,449,9.788867562380037,4.222648752399232,5.566218809980806,90.21113243761995,4.030710172744722,86.18042226487525
E00176967,302,42,19,23,260,10,250,13.90728476821192,6.291390728476822,7.6158940397351,86.09271523178808,3.3112582781456954,82.78145695364239
E00176970,150,5,1,4,145,3,142,3.3333333333333335,0.6666666666666667,2.666666666666667,96.66666666666667,2,94.66666666666667
E00176972,496,47,21,26,449,16,433,9.475806451612904,4.233870967741935,5.241935483870968,90.5241935483871,3.225806451612903,87.29838709677419
E00176976,442,74,28,46,368,37,331,16.7420814479638,6.334841628959276,10.407239819004525,83.2579185520362,8.3710407239819,74.8868778280543
E00176977,309,55,23,32,254,29,225,17.79935275080906,7.443365695792881,10.355987055016183,82.20064724919094,9.385113268608414,72.81553398058253
E00176978,543,52,24,28,491,28,463,9.576427255985267,4.41988950276243,5.156537753222836,90.42357274401473,5.156537753222836,85.2670349907919
E00176980,148,14,6,8,134,7,127,9.45945945945946,4.054054054054054,5.405405405405405,90.54054054054053,4.72972972972973,85.8108108108108
E00176981,103,14,5,9,89,6,83,13.592233009708737,4.854368932038835,8.737864077669903,86.40776699029125,5.825242718446602,80.58252427184466
E00176982,433,72,38,34,361,34,327,16.628175519630485,8.775981524249422,7.852193995381063,83.37182448036951,7.852193995381063,75.51963048498845
E00176983,389,73,28,45,316,25,291,18.76606683804627,7.197943444730077,11.568123393316196,81.23393316195373,6.426735218508997,74.80719794344472
