OA,ts0380001,ts0380002,ts0380003,ts0380004,ts0380005,ts0380006,ts0380007,ts0380002_PCT,ts0380003_PCT,ts0380004_PCT,ts0380005_PCT,ts0380006_PCT,ts0380007_PCT
E00079367,332,43,12,31,289,17,272,12.951807228915662,3.614457831325301,9.33734939759036,87.04819277108435,5.120481927710843,81.92771084337349
E00079368,369,57,23,34,312,18,294,15.447154471544716,6.233062330623306,9.214092140921409,84.5528455284553,4.878048780487805,79.67479674796748
E00079369,482,64,25,39,418,17,401,13.278008298755188,5.186721991701245,8.091286307053942,86.72199170124482,3.5269709543568464,83.19502074688798
E00079370,395,40,14,26,355,27,328,10.126582278481013,3.5443037974683547,6.582278481012659,89.87341772151899,6.8354430379746836,83.0379746835443
E00079371,483,40,16,24,443,13,430,8.281573498964804,3.3126293995859215,4.968944099378882,91.7184265010352,2.691511387163561,89.02691511387164
E00079372,487,32,12,20,455,22,433,6.570841889117044,2.4640657084188913,4.1067761806981515,93.42915811088297,4.517453798767967,88.91170431211499
E00079373,427,51,22,29,376,11,365,11.943793911007026,5.152224824355972,6.791569086651054,88.05620608899297,2.576112412177986,85.48009367681499
E00079374,450,42,13,29,408,27,381,9.333333333333334,2.888888888888889,6.444444444444445,90.66666666666666,6,84.66666666666667
E00079375,314,32,14,18,282,13,269,10.191082802547772,4.45859872611465,5.7324840764331215,89.80891719745223,4.140127388535031,85.6687898089172
E00079376,398,45,28,17,353,22,331,11.306532663316583,7.035175879396985,4.271356783919598,88.69346733668341,5.527638190954774,83.16582914572864
E00079377,307,42,13,29,265,17,248,13.680781758957655,4.234527687296417,9.446254071661238,86.31921824104235,5.537459283387622,80.78175895765473
E00079378,327,43,21,22,284,21,263,13.149847094801222,6.422018348623854,6.727828746177369,86.85015290519877,6.422018348623854,80.42813455657493
E00079379,354,61,24,37,293,20,273,17.231638418079097,6.779661016949152,10.451977401129943,82.7683615819209,5.649717514124294,77.11864406779661
E00079380,344,52,23,29,292,26,266,15.11627906976744,6.686046511627906,8.430232558139535,84.88372093023256,7.55813953488372,77.32558139534885
E00079381,378,31,17,14,347,29,318,8.201058201058201,4.497354497354497,3.7037037037037033,91.7989417989418,7.671957671957672,84.12698412698413
E00079382,410,45,20,25,365,15,350,10.975609756097562,4.878048780487805,6.097560975609756,89.02439024390245,3.6585365853658534,85.36585365853658
E00079383,343,34,12,22,309,26,283,9.912536443148689,3.498542274052478,6.41399416909621,90.0874635568513,7.580174927113703,82.5072886297376
E00079384,374,51,20,31,323,27,296,13.636363636363635,5.347593582887701,8.288770053475936,86.36363636363636,7.219251336898395,79.14438502673798
E00079385,442,50,24,26,392,15,377,11.312217194570136,5.429864253393665,5.88235294117647,88.68778280542986,3.3936651583710407,85.29411764705883
E00079386,390,44,21,23,346,19,327,11.282051282051283,5.384615384615385,5.897435897435897,88.71794871794872,4.871794871794872,83.84615384615385
E00079387,385,61,24,37,324,20,304,15.844155844155845,6.233766233766234,9.61038961038961,84.15584415584415,5.194805194805195,78.96103896103897
E00079388,560,49,23,26,511,16,495,8.75,4.107142857142857,4.642857142857143,91.25,2.857142857142857,88.39285714285714
E00079389,568,90,45,45,478,14,464,15.845070422535212,7.922535211267606,7.922535211267606,84.15492957746478,2.464788732394366,81.69014084507043
E00079390,426,123,79,44,303,19,284,28.87323943661972,18.544600938967136,10.328638497652582,71.12676056338029,4.460093896713615,66.66666666666666
E00079392,403,75,24,51,328,12,316,18.610421836228287,5.955334987593052,12.655086848635236,81.38957816377172,2.977667493796526,78.41191066997519
E00079393,483,72,28,44,411,12,399,14.906832298136646,5.797101449275362,9.109730848861282,85.09316770186336,2.484472049689441,82.6086956521739
E00079395,416,59,33,26,357,16,341,14.182692307692307,7.9326923076923075,6.25,85.8173076923077,3.8461538461538463,81.97115384615384
E00079397,309,39,18,21,270,6,264,12.62135922330097,5.825242718446602,6.796116504854369,87.37864077669903,1.9417475728155338,85.43689320388349
E00079398,523,47,16,31,476,13,463,8.98661567877629,3.0592734225621414,5.927342256214149,91.01338432122371,2.48565965583174,88.52772466539197
E00079400,588,65,35,30,523,13,510,11.054421768707483,5.952380952380952,5.1020408163265305,88.94557823129252,2.2108843537414966,86.73469387755102
E00079401,448,42,26,16,406,16,390,9.375,5.803571428571429,3.571428571428571,90.625,3.571428571428571,87.05357142857143
E00079402,511,73,32,41,438,16,422,14.285714285714285,6.262230919765166,8.023483365949119,85.71428571428571,3.131115459882583,82.58317025440313
E00079403,318,39,14,25,279,11,268,12.264150943396226,4.40251572327044,7.861635220125786,87.73584905660378,3.459119496855346,84.27672955974843
E00079404,409,39,20,19,370,8,362,9.5354523227383865,4.88997555012225,4.645476772616137,90.4645476772616,1.9559902200488997,88.50855745721272
E00079405,204,35,13,22,169,9,160,17.15686274509804,6.372549019607843,10.784313725490197,82.84313725490196,4.411764705882353,78.43137254901961
E00079406,594,83,50,33,511,8,503,13.973063973063974,8.417508417508419,5.555555555555555,86.02693602693603,1.3468013468013467,84.68013468013467
E00079407,442,55,28,27,387,8,379,12.44343891402715,6.334841628959276,6.108597285067873,87.55656108597285,1.809954751131222,85.74660633484163
E00079408,219,19,8,11,200,7,193,8.67579908675799,3.65296803652968,5.0228310502283104,91.32420091324201,3.1963470319634704,88.12785388127854
E00079409,353,72,45,27,281,9,272,20.396600566572236,12.747875354107649,7.64872521246459,79.60339943342775,2.5495750708215295,77.05382436260622
E00079410,298,23,12,11,275,0,275,7.718120805369128,4.026845637583892,3.691275167785235,92.28187919463086,0,92.28187919463086
E00079411,453,62,28,34,391,6,385,13.686534216335541,6.181015452538632,7.505518763796909,86.313465783664455,1.3245033112582782,84.98896247240619
E00079412,477,53,24,29,424,16,408,11.11111111111111,5.031446540880504,6.079664570230608,88.88888888888889,3.3542976939203357,85.53459119496856
E00079413,571,75,26,49,496,16,480,13.134851138353765,4.553415061295972,8.581436077057793,86.86514886164623,2.8021015761821366,84.0630472854641
E00079414,489,56,24,32,433,8,425,11.451942740286299,4.9079754601226995,6.5439672801636,88.5480572597137,1.6359918200409,86.9120654396728
E00079415,539,47,22,25,492,13,479,8.719851576994433,4.081632653061225,4.638218923933209,91.28014842300557,2.411873840445269,88.86827458256029
E00079416,258,51,39,12,207,8,199,19.767441860465116,15.11627906976744,4.651162790697675,80.23255813953489,3.10077519379845,77.13178294573643
E00079417,580,66,29,37,514,20,494,11.379310344827587,5,6.379310344827586,88.62068965517241,3.4482758620689653,85.17241379310346
E00079418,497,51,23,28,446,15,431,10.261569416498995,4.627766599597585,5.633802816901409,89.738430583501,3.0181086519114686,86.72032193158954
E00079419,414,55,33,22,359,17,342,13.285024154589372,7.971014492753622,5.314009661835748,86.71497584541062,4.1062801932367154,82.6086956521739
E00079420,528,76,45,31,452,11,441,14.393939393939394,8.522727272727272,5.871212121212121,85.60606060606061,2.083333333333333,83.52272727272727
E00079421,579,53,28,25,526,12,514,9.153713298791018,4.8359240069084635,4.317789291882556,90.84628670120898,2.072538860103627,88.77374784110536
E00079422,335,35,10,25,300,27,273,10.44776119402985,2.9850746268656714,7.462686567164178,89.55223880597015,8.059701492537313,81.49253731343283
E00079423,318,68,40,28,250,23,227,21.38364779874214,12.578616352201259,8.80503144654088,78.61635220125787,7.232704402515723,71.38364779874213
E00079424,328,30,6,24,298,27,271,9.146341463414634,1.8292682926829267,7.317073170731707,90.85365853658537,8.231707317073171,82.6219512195122
E00079425,388,49,19,30,339,25,314,12.628865979381443,4.896907216494846,7.731958762886598,87.37113402061856,6.443298969072164,80.9278350515464
E00079426,269,34,15,19,235,18,217,12.639405204460965,5.5762081784386615,7.063197026022305,87.36059479553904,6.691449814126393,80.66914498141264
E00079427,262,33,9,24,229,21,208,12.595419847328243,3.435114503816794,9.16030534351145,87.40458015267176,8.015267175572518,79.38931297709924
E00079428,307,32,14,18,275,20,255,10.423452768729643,4.5602605863192185,5.863192182410423,89.57654723127035,6.514657980456026,83.06188925081433
E00079429,278,40,10,30,238,19,219,14.388489208633093,3.5971223021582732,10.79136690647482,85.61151079136691,6.83453237410072,78.77697841726618
E00079430,337,37,12,25,300,20,280,10.979228486646884,3.5608308605341246,7.418397626112759,89.02077151335311,5.934718100890208,83.08605341246292
E00079431,162,51,32,19,111,13,98,31.48148148148148,19.753086419753085,11.728395061728394,68.51851851851852,8.024691358024691,60.49382716049383
E00079432,253,25,13,12,228,17,211,9.881422924901186,5.138339920948617,4.743083003952568,90.11857707509881,6.719367588932807,83.399209486166
E00079433,276,32,10,22,244,22,222,11.594202898550725,3.6231884057971016,7.971014492753622,88.40579710144928,7.971014492753622,80.43478260869566
E00079434,277,30,10,20,247,16,231,10.830324909747292,3.6101083032490973,7.2202166064981945,89.16967509025271,5.776173285198556,83.39350180505414
E00079435,304,46,20,26,258,22,236,15.131578947368421,6.578947368421052,8.552631578947368,84.86842105263158,7.236842105263158,77.63157894736842
E00079436,316,42,17,25,274,21,253,13.291139240506327,5.379746835443038,7.9113924050632916,86.70886075949366,6.6455696202531636,80.0632911392405
E00079437,405,49,22,27,356,36,320,12.098765432098766,5.432098765432099,6.666666666666667,87.90123456790123,8.88888888888889,79.01234567901234
E00079438,337,55,23,32,282,33,249,16.320474777448073,6.824925816023739,9.495548961424333,83.67952522255193,9.792284866468842,73.88724035608308
E00079439,342,29,10,19,313,17,296,8.47953216374269,2.923976608187134,5.555555555555555,91.52046783625731,4.970760233918129,86.54970760233918
E00079440,282,33,20,13,249,17,232,11.702127659574469,7.092198581560284,4.609929078014184,88.29787234042553,6.028368794326241,82.26950354609929
E00079441,327,44,18,26,283,18,265,13.455657492354739,5.5045871559633035,7.951070336391437,86.54434250764525,5.5045871559633035,81.03975535168195
E00079442,344,40,17,23,304,15,289,11.627906976744185,4.941860465116279,6.686046511627906,88.37209302325581,4.3604651162790695,84.01162790697676
E00079443,291,44,15,29,247,22,225,15.120274914089347,5.154639175257731,9.965635738831615,84.87972508591065,7.560137457044673,77.31958762886599
E00079444,271,39,13,26,232,28,204,14.391143911439114,4.797047970479705,9.59409594095941,85.60885608856088,10.33210332103321,75.27675276752768
E00079445,262,38,15,23,224,19,205,14.50381679389313,5.7251908396946565,8.778625954198473,85.49618320610686,7.251908396946565,78.2442748091603
E00079446,330,24,6,18,306,16,290,7.2727272727272725,1.8181818181818181,5.454545454545454,92.72727272727272,4.848484848484849,87.87878787878788
E00079447,318,23,8,15,295,16,279,7.232704402515723,2.515723270440252,4.716981132075472,92.76729559748428,5.031446540880504,87.73584905660378
E00079448,351,43,16,27,308,14,294,12.250712250712251,4.5584045584045585,7.6923076923076925,87.74928774928775,3.9886039886039883,83.76068376068376
E00079449,487,148,114,34,339,19,320,30.390143737166326,23.408624229979466,6.981519507186857,69.60985626283367,3.9014373716632447,65.70841889117042
E00079450,367,30,13,17,337,21,316,8.174386920980927,3.5422343324250685,4.632152588555858,91.82561307901908,5.722070844686648,86.10354223433242
E00079451,360,35,19,16,325,18,307,9.722222222222223,5.277777777777778,4.444444444444445,90.27777777777779,5,85.27777777777777
E00079452,423,54,14,40,369,11,358,12.76595744680851,3.309692671394799,9.456264775413711,87.2340425531915,2.6004728132387704,84.63356973995272
E00079453,333,42,18,24,291,10,281,12.612612612612612,5.405405405405405,7.207207207207207,87.38738738738738,3.003003003003003,84.38438438438438
E00079454,507,54,29,25,453,10,443,10.650887573964498,5.719921104536489,4.930966469428008,89.3491124260355,1.9723865877712032,87.3767258382643
E00079455,412,48,18,30,364,7,357,11.650485436893204,4.368932038834951,7.281553398058252,88.3495145631068,1.6990291262135921,86.6504854368932
E00079456,558,55,22,33,503,24,479,9.85663082437276,3.942652329749104,5.913978494623656,90.14336917562724,4.301075268817205,85.84229390681004
E00079457,395,61,36,25,334,9,325,15.443037974683543,9.113924050632912,6.329113924050633,84.55696202531645,2.278481012658228,82.27848101265823
E00079458,604,50,31,19,554,19,535,8.27814569536424,5.132450331125828,3.145695364238411,91.72185430463577,3.145695364238411,88.57615894039735
E00079460,440,48,19,29,392,14,378,10.909090909090908,4.318181818181818,6.59090909090909,89.0909090909091,3.1818181818181817,85.9090909090909
E00079461,339,55,22,33,284,19,265,16.224188790560472,6.489675516224189,9.734513274336283,83.77581120943954,5.604719764011799,78.17109144542773
E00079462,263,36,11,25,227,6,221,13.688212927756654,4.182509505703422,9.505703422053232,86.31178707224335,2.2813688212927756,84.03041825095056
E00079463,363,44,25,19,319,12,307,12.121212121212121,6.887052341597796,5.234159779614325,87.87878787878788,3.3057851239669422,84.57300275482093
E00079465,473,56,22,34,417,25,392,11.839323467230443,4.651162790697675,7.188160676532769,88.16067653276956,5.2854122621564485,82.8752642706131
E00079466,414,41,15,26,373,20,353,9.903381642512077,3.6231884057971016,6.280193236714976,90.09661835748793,4.830917874396135,85.26570048309179
E00079467,309,31,8,23,278,17,261,10.032362459546926,2.5889967637540456,7.443365695792881,89.96763754045307,5.501618122977346,84.46601941747572
E00079468,423,61,27,34,362,27,335,14.420803782505912,6.382978723404255,8.037825059101655,85.57919621749409,6.382978723404255,79.19621749408984
E00079469,333,68,35,33,265,15,250,20.42042042042042,10.51051051051051,9.90990990990991,79.57957957957959,4.504504504504505,75.07507507507508
E00079471,501,51,33,18,450,12,438,10.179640718562874,6.58682634730539,3.592814371257485,89.82035928143712,2.3952095808383236,87.42514970059881
E00079472,420,53,27,26,367,12,355,12.619047619047619,6.428571428571428,6.190476190476191,87.38095238095238,2.857142857142857,84.52380952380952
E00079473,602,68,29,39,534,17,517,11.295681063122924,4.817275747508306,6.4784053156146175,88.70431893687709,2.823920265780731,85.88039867109634
E00079474,394,42,20,22,352,20,332,10.65989847715736,5.0761421319796955,5.583756345177665,89.34010152284264,5.0761421319796955,84.26395939086294
E00079475,572,68,20,48,504,21,483,11.888111888111888,3.4965034965034967,8.391608391608392,88.11188811188812,3.6713286713286712,84.44055944055944
E00079476,555,65,27,38,490,12,478,11.711711711711711,4.864864864864865,6.846846846846846,88.28828828828829,2.1621621621621623,86.12612612612612
E00079477,332,47,24,23,285,16,269,14.156626506024098,7.228915662650602,6.927710843373494,85.8433734939759,4.819277108433735,81.02409638554217
E00079478,151,20,8,12,131,9,122,13.245033112582782,5.298013245033113,7.9470198675496695,86.75496688741721,5.960264900662252,80.79470198675497
E00079479,334,43,21,22,291,7,284,12.874251497005988,6.287425149700598,6.58682634730539,87.12574850299401,2.095808383233533,85.02994011976048
E00079480,229,30,19,11,199,8,191,13.100436681222707,8.296943231441048,4.8034934497816595,86.8995633187773,3.4934497816593884,83.4061135371179
E00079481,428,82,34,48,346,14,332,19.158878504672895,7.943925233644859,11.214953271028037,80.8411214953271,3.2710280373831773,77.57009345794393
E00079482,344,51,23,28,293,16,277,14.825581395348838,6.686046511627906,8.13953488372093,85.17441860465115,4.651162790697675,80.52325581395348
E00079483,409,71,30,41,338,17,321,17.359413202933986,7.334963325183375,10.024449877750612,82.64058679706602,4.156479217603912,78.4841075794621
E00079484,415,53,25,28,362,11,351,12.771084337349398,6.024096385542169,6.746987951807229,87.2289156626506,2.6506024096385543,84.57831325301206
E00079485,355,69,32,37,286,17,269,19.43661971830986,9.014084507042254,10.422535211267606,80.56338028169014,4.788732394366197,75.77464788732394
E00079486,309,34,16,18,275,16,259,11.003236245954692,5.177993527508091,5.825242718446602,88.9967637540453,5.177993527508091,83.81877022653723
E00079487,345,61,26,35,284,13,271,17.681159420289855,7.536231884057972,10.144927536231885,82.31884057971014,3.768115942028986,78.55072463768116
E00079488,441,52,23,29,389,16,373,11.791383219954648,5.215419501133787,6.575963718820861,88.20861678004536,3.6281179138321997,84.58049886621315
E00079489,329,41,18,23,288,18,270,12.462006079027356,5.47112462006079,6.990881458966565,87.53799392097264,5.47112462006079,82.06686930091185
E00079490,217,41,27,14,176,17,159,18.89400921658986,12.442396313364055,6.451612903225806,81.10599078341014,7.834101382488479,73.27188940092167
E00079491,408,44,14,30,364,23,341,10.784313725490197,3.431372549019608,7.352941176470589,89.2156862745098,5.637254901960785,83.57843137254902
E00079493,374,47,20,27,327,16,311,12.566844919786096,5.347593582887701,7.219251336898395,87.43315508021391,4.27807486631016,83.15508021390374
E00079494,325,66,26,40,259,18,241,20.307692307692307,8,12.307692307692308,79.6923076923077,5.538461538461538,74.15384615384616
E00079495,358,45,16,29,313,24,289,12.569832402234638,4.4692737430167595,8.100558659217876,87.43016759776536,6.70391061452514,80.72625698324022
E00079496,343,41,18,23,302,21,281,11.9533527696793,5.247813411078718,6.705539358600583,88.0466472303207,6.122448979591836,81.92419825072886
E00079497,426,46,19,27,380,15,365,10.7981220657277,4.460093896713615,6.338028169014084,89.2018779342723,3.5211267605633805,85.68075117370893
E00079498,406,42,14,28,364,24,340,10.344827586206897,3.4482758620689653,6.896551724137931,89.65517241379311,5.911330049261084,83.74384236453201
E00079499,385,59,28,31,326,24,302,15.324675324675324,7.2727272727272725,8.051948051948052,84.67532467532467,6.233766233766234,78.44155844155844
E00079500,342,44,10,34,298,17,281,12.865497076023392,2.923976608187134,9.941520467836257,87.13450292397661,4.970760233918129,82.16374269005848
E00079501,274,36,12,24,238,25,213,13.138686131386862,4.37956204379562,8.75912408759124,86.86131386861314,9.124087591240876,77.73722627737226
E00079502,381,58,22,36,323,16,307,15.223097112860891,5.774278215223097,9.448818897637794,84.7769028871391,4.199475065616798,80.5774278215223
E00079503,301,35,12,23,266,21,245,11.627906976744185,3.9867109634551494,7.641196013289036,88.37209302325581,6.976744186046512,81.3953488372093
E00079506,385,38,16,22,347,17,330,9.87012987012987,4.1558441558441555,5.714285714285714,90.12987012987013,4.415584415584416,85.71428571428571
E00079507,522,40,17,23,482,14,468,7.662835249042145,3.256704980842912,4.406130268199234,92.33716475095785,2.681992337164751,89.65517241379311
E00079508,515,64,28,36,451,8,443,12.427184466019417,5.436893203883495,6.990291262135923,87.57281553398059,1.5533980582524272,86.01941747572816
E00079509,421,32,12,20,389,14,375,7.600950118764846,2.8503562945368173,4.750593824228028,92.39904988123516,3.32541567695962,89.07363420427554
E00079510,394,35,15,20,359,16,343,8.883248730964468,3.807106598984772,5.0761421319796955,91.11675126903553,4.060913705583756,87.05583756345177
E00079511,480,57,24,33,423,12,411,11.875,5,6.875000000000001,88.125,2.5,85.625
E00079512,484,68,32,36,416,10,406,14.049586776859504,6.6115702479338845,7.43801652892562,85.9504132231405,2.066115702479339,83.88429752066115
E00079513,422,55,18,37,367,11,356,13.033175355450238,4.265402843601896,8.767772511848342,86.96682464454977,2.6066350710900474,84.36018957345972
E00079515,145,21,8,13,124,2,122,14.482758620689657,5.517241379310345,8.96551724137931,85.51724137931035,1.3793103448275863,84.13793103448276
E00079516,563,41,26,15,522,16,506,7.282415630550622,4.618117229129663,2.664298401420959,92.71758436944938,2.841918294849023,89.87566607460036
E00079517,587,50,24,26,537,11,526,8.517887563884157,4.088586030664395,4.429301533219761,91.48211243611584,1.8739352640545146,89.60817717206133
E00079518,471,35,15,20,436,13,423,7.43099787685775,3.1847133757961785,4.246284501061571,92.56900212314225,2.7600849256900215,89.80891719745223
E00079519,551,62,32,30,489,14,475,11.252268602540836,5.807622504537205,5.44464609800363,88.74773139745916,2.540834845735027,86.20689655172413
E00079520,531,52,24,28,479,15,464,9.792843691148775,4.519774011299435,5.273069679849341,90.20715630885122,2.824858757062147,87.38229755178908
E00079521,574,76,44,32,498,9,489,13.240418118466899,7.665505226480835,5.574912891986063,86.7595818815331,1.5679442508710801,85.19163763066202
E00079522,445,63,24,39,382,17,365,14.157303370786517,5.393258426966292,8.764044943820224,85.84269662921349,3.8202247191011236,82.02247191011236
E00079527,488,53,21,32,435,5,430,10.860655737704917,4.30327868852459,6.557377049180328,89.13934426229508,1.0245901639344261,88.11475409836066
E00079528,469,49,22,27,420,6,414,10.44776119402985,4.690831556503198,5.756929637526652,89.55223880597015,1.279317697228145,88.27292110874201
E00079529,421,39,22,17,382,3,379,9.263657957244655,5.225653206650831,4.038004750593824,90.73634204275535,0.7125890736342043,90.02375296912113
E00079531,501,60,27,33,441,18,423,11.976047904191617,5.389221556886228,6.58682634730539,88.02395209580838,3.592814371257485,84.4311377245509
E00079532,399,57,36,21,342,10,332,14.285714285714285,9.022556390977442,5.263157894736842,85.71428571428571,2.506265664160401,83.20802005012531
E00079533,445,46,25,21,399,14,385,10.337078651685392,5.617977528089887,4.719101123595506,89.66292134831461,3.146067415730337,86.51685393258427
E00079534,407,38,16,22,369,8,361,9.336609336609335,3.9312039312039313,5.405405405405405,90.66339066339066,1.9656019656019657,88.6977886977887
E00079536,495,49,28,21,446,14,432,9.8989898989899,5.656565656565657,4.242424242424243,90.1010101010101,2.8282828282828283,87.27272727272727
E00079538,327,62,25,37,265,19,246,18.960244648318042,7.64525993883792,11.314984709480122,81.03975535168195,5.81039755351682,75.22935779816514
E00079539,508,53,15,38,455,8,447,10.433070866141732,2.952755905511811,7.480314960629922,89.56692913385827,1.574803149606299,87.99212598425197
E00079540,358,48,23,25,310,14,296,13.40782122905028,6.424581005586592,6.983240223463687,86.59217877094973,3.910614525139665,82.68156424581005
E00079541,361,57,27,30,304,12,292,15.789473684210526,7.479224376731302,8.310249307479225,84.21052631578947,3.32409972299169,80.88642659279779
E00079542,443,62,24,38,381,23,358,13.99548532731377,5.417607223476298,8.577878103837472,86.00451467268623,5.191873589164786,80.81264108352144
E00079543,375,57,28,29,318,13,305,15.2,7.466666666666668,7.733333333333333,84.8,3.4666666666666663,81.33333333333333
E00079544,354,53,26,27,301,16,285,14.971751412429379,7.344632768361582,7.627118644067797,85.02824858757062,4.519774011299435,80.50847457627118
E00079545,330,34,14,20,296,8,288,10.303030303030303,4.242424242424243,6.0606060606060606,89.6969696969697,2.4242424242424243,87.27272727272727
E00079547,405,71,36,35,334,17,317,17.530864197530864,8.88888888888889,8.641975308641975,82.46913580246914,4.197530864197531,78.2716049382716
E00079548,384,49,26,23,335,19,316,12.760416666666666,6.770833333333333,5.989583333333334,87.23958333333334,4.947916666666666,82.29166666666666
E00079549,346,29,9,20,317,24,293,8.38150289017341,2.601156069364162,5.780346820809249,91.61849710982659,6.9364161849710975,84.6820809248555
E00079550,413,74,39,35,339,13,326,17.91767554479419,9.443099273607748,8.47457627118644,82.082324455205807,3.14769975786925,78.93462469733656
E00079551,359,55,34,21,304,10,294,15.32033426183844,9.47075208913649,5.8495821727019495,84.67966573816156,2.785515320334262,81.89415041782729
E00079552,222,48,24,24,174,13,161,21.62162162162162,10.81081081081081,10.81081081081081,78.37837837837837,5.8558558558558556,72.52252252252252
E00079553,340,73,42,31,267,6,261,21.470588235294116,12.352941176470589,9.117647058823529,78.52941176470588,1.7647058823529411,76.76470588235294
E00079554,426,60,31,29,366,16,350,14.084507042253522,7.276995305164319,6.807511737089202,85.91549295774648,3.755868544600939,82.15962441314554
E00079555,403,60,33,27,343,22,321,14.888337468982629,8.188585607940446,6.699751861042183,85.11166253101737,5.459057071960298,79.65260545905707
E00079556,434,62,26,36,372,12,360,14.285714285714285,5.990783410138248,8.294930875576037,85.71428571428571,2.7649769585253456,82.94930875576037
E00079557,150,49,30,19,101,9,92,32.666666666666664,20,12.666666666666668,67.33333333333333,6,61.33333333333333
E00079558,525,106,60,46,419,14,405,20.19047619047619,11.428571428571429,8.761904761904763,79.80952380952381,2.666666666666667,77.14285714285715
E00079559,385,29,9,20,356,12,344,7.532467532467532,2.3376623376623376,5.194805194805195,92.46753246753246,3.116883116883117,89.35064935064935
E00079560,433,50,24,26,383,36,347,11.547344110854503,5.542725173210162,6.0046189376443415,88.45265588914549,8.314087759815243,80.13856812933025
E00079561,263,92,55,37,171,8,163,34.98098859315589,20.912547528517113,14.068441064638785,65.0190114068441,3.041825095057034,61.97718631178707
E00079562,388,48,15,33,340,13,327,12.371134020618557,3.865979381443299,8.505154639175258,87.62886597938144,3.350515463917526,84.27835051546391
E00079563,502,54,28,26,448,16,432,10.756972111553784,5.577689243027888,5.179282868525896,89.2430278884462,3.187250996015936,86.05577689243027
E00079564,345,50,18,32,295,16,279,14.492753623188406,5.217391304347826,9.27536231884058,85.5072463768116,4.63768115942029,80.8695652173913
E00079565,445,57,27,30,388,13,375,12.808988764044942,6.067415730337078,6.741573033707865,87.19101123595505,2.9213483146067416,84.26966292134831
E00079566,291,36,17,19,255,14,241,12.371134020618557,5.841924398625429,6.529209621993128,87.62886597938144,4.810996563573884,82.81786941580756
E00079567,315,63,32,31,252,16,236,20,10.158730158730158,9.841269841269842,80,5.079365079365079,74.92063492063492
E00079568,233,64,39,25,169,14,155,27.467811158798284,16.738197424892704,10.72961373390558,72.53218884120172,6.008583690987124,66.52360515021459
E00079569,343,26,15,11,317,10,307,7.580174927113703,4.373177842565598,3.206997084548105,92.4198250728863,2.9154518950437316,89.50437317784257
E00079570,438,45,21,24,393,11,382,10.273972602739725,4.794520547945205,5.47945205479452,89.72602739726028,2.5114155251141552,87.21461187214612
E00079571,455,74,35,39,381,13,368,16.263736263736263,7.6923076923076925,8.571428571428571,83.73626373626374,2.857142857142857,80.87912087912088
E00079572,304,62,26,36,242,15,227,20.394736842105264,8.552631578947368,11.842105263157894,79.60526315789474,4.934210526315789,74.67105263157895
E00079573,499,59,26,33,440,27,413,11.823647294589177,5.210420841683367,6.613226452905812,88.17635270541082,5.410821643286573,82.76553106212425
E00079574,409,63,16,47,346,14,332,15.403422982885084,3.9119804400977993,11.491442542787286,84.59657701711491,3.4229828850855744,81.17359413202934
E00079575,286,24,8,16,262,9,253,8.391608391608392,2.797202797202797,5.594405594405594,91.6083916083916,3.146853146853147,88.46153846153845
E00079576,393,63,27,36,330,10,320,16.030534351145036,6.870229007633588,9.16030534351145,83.96946564885496,2.5445292620865136,81.42493638676844
E00079577,435,76,34,42,359,21,338,17.47126436781609,7.816091954022989,9.655172413793103,82.5287356321839,4.827586206896552,77.70114942528735
E00079578,446,65,24,41,381,23,358,14.573991031390134,5.381165919282512,9.192825112107624,85.42600896860986,5.15695067264574,80.26905829596413
E00079579,357,61,45,16,296,12,284,17.086834733893557,12.605042016806722,4.481792717086835,82.91316526610645,3.361344537815126,79.55182072829132
E00079580,345,62,28,34,283,16,267,17.971014492753625,8.115942028985506,9.855072463768117,82.02898550724638,4.63768115942029,77.39130434782608
E00079581,330,31,14,17,299,12,287,9.393939393939393,4.242424242424243,5.151515151515151,90.6060606060606,3.6363636363636362,86.96969696969697
E00079582,386,50,23,27,336,27,309,12.953367875647666,5.958549222797927,6.994818652849741,87.04663212435233,6.994818652849741,80.05181347150258
E00079583,181,33,9,24,148,10,138,18.23204419889503,4.972375690607735,13.259668508287293,81.76795580110497,5.524861878453039,76.24309392265194
E00079584,302,24,9,15,278,18,260,7.9470198675496695,2.980132450331126,4.966887417218543,92.05298013245033,5.960264900662252,86.09271523178808
E00079585,392,42,11,31,350,20,330,10.714285714285714,2.806122448979592,7.908163265306123,89.28571428571429,5.1020408163265305,84.18367346938776
E00079586,416,36,9,27,380,21,359,8.653846153846153,2.1634615384615383,6.490384615384616,91.34615384615384,5.048076923076923,86.29807692307693
E00079587,462,60,28,32,402,15,387,12.987012987012985,6.0606060606060606,6.926406926406926,87.01298701298701,3.2467532467532463,83.76623376623377
E00079588,216,28,11,17,188,11,177,12.962962962962962,5.092592592592593,7.87037037037037,87.03703703703704,5.092592592592593,81.94444444444444
E00079589,212,17,5,12,195,8,187,8.018867924528301,2.358490566037736,5.660377358490567,91.98113207547169,3.7735849056603774,88.20754716981132
E00079590,397,32,15,17,365,14,351,8.060453400503778,3.7783375314861463,4.282115869017632,91.93954659949623,3.5264483627204033,88.41309823677582
E00079591,525,50,22,28,475,15,460,9.523809523809524,4.190476190476191,5.333333333333334,90.47619047619048,2.857142857142857,87.61904761904762
E00079592,330,31,16,15,299,18,281,9.393939393939393,4.848484848484849,4.545454545454546,90.6060606060606,5.454545454545454,85.15151515151516
E00079593,508,49,29,20,459,15,444,9.645669291338582,5.708661417322835,3.937007874015748,90.35433070866141,2.952755905511811,87.4015748031496
E00079594,365,30,6,24,335,14,321,8.21917808219178,1.643835616438356,6.575342465753424,91.78082191780823,3.8356164383561646,87.94520547945206
E00079595,420,41,15,26,379,15,364,9.761904761904763,3.571428571428571,6.190476190476191,90.23809523809524,3.571428571428571,86.66666666666667
E00079596,407,56,27,29,351,8,343,13.75921375921376,6.6339066339066335,7.125307125307126,86.24078624078624,1.9656019656019657,84.27518427518427
E00079597,403,85,50,35,318,27,291,21.09181141439206,12.40694789081886,8.6848635235732,78.90818858560795,6.699751861042183,72.20843672456576
E00079599,356,51,19,32,305,21,284,14.325842696629213,5.337078651685393,8.98876404494382,85.67415730337079,5.8988764044943816,79.7752808988764
E00079600,296,58,27,31,238,22,216,19.594594594594593,9.121621621621621,10.472972972972974,80.4054054054054,7.4324324324324325,72.97297297297297
E00079601,616,133,65,68,483,48,435,21.59090909090909,10.55194805194805,11.03896103896104,78.4090909090909,7.792207792207792,70.61688311688312
E00079602,275,54,22,32,221,14,207,19.636363636363637,8,11.636363636363637,80.36363636363636,5.090909090909091,75.27272727272727
E00079603,323,80,60,20,243,11,232,24.76780185758514,18.575851393188856,6.191950464396285,75.23219814241486,3.4055727554179565,71.8266253869969
E00079604,294,36,5,31,258,21,237,12.244897959183673,1.7006802721088436,10.54421768707483,87.75510204081633,7.142857142857142,80.61224489795919
E00079605,242,49,22,27,193,19,174,20.24793388429752,9.090909090909092,11.15702479338843,79.75206611570248,7.851239669421488,71.900826446281
E00079606,337,63,34,29,274,30,244,18.694362017804153,10.089020771513352,8.605341246290802,81.30563798219585,8.902077151335313,72.40356083086054
E00079607,290,45,16,29,245,18,227,15.517241379310345,5.517241379310345,10,84.48275862068965,6.206896551724138,78.27586206896552
E00079608,369,59,23,36,310,24,286,15.989159891598916,6.233062330623306,9.75609756097561,84.01084010840108,6.504065040650407,77.50677506775068
E00079609,428,62,32,30,366,21,345,14.485981308411214,7.476635514018691,7.009345794392523,85.51401869158879,4.906542056074766,80.60747663551402
E00079610,314,63,36,27,251,11,240,20.063694267515924,11.464968152866243,8.598726114649681,79.93630573248409,3.5031847133757963,76.43312101910828
E00079611,332,36,12,24,296,18,278,10.843373493975903,3.614457831325301,7.228915662650602,89.1566265060241,5.421686746987952,83.73493975903614
E00079612,361,62,28,34,299,16,283,17.174515235457065,7.756232686980609,9.418282548476455,82.82548476454294,4.43213296398892,78.39335180055402
E00079613,356,61,38,23,295,23,272,17.134831460674157,10.674157303370785,6.460674157303371,82.86516853932584,6.460674157303371,76.40449438202246
E00079614,276,43,17,26,233,15,218,15.579710144927535,6.159420289855073,9.420289855072465,84.42028985507247,5.434782608695652,78.98550724637681
E00079615,401,61,21,40,340,19,321,15.211970074812967,5.236907730673317,9.975062344139651,84.78802992518703,4.738154613466334,80.0498753117207
E00079616,246,42,28,14,204,11,193,17.073170731707318,11.38211382113821,5.691056910569105,82.92682926829268,4.471544715447155,78.45528455284553
E00079617,294,34,13,21,260,19,241,11.564625850340136,4.421768707482993,7.142857142857142,88.43537414965986,6.462585034013606,81.97278911564626
E00079618,353,54,20,34,299,10,289,15.29745042492918,5.6657223796034,9.631728045325778,84.70254957507082,2.8328611898017,81.86968838526913
E00079619,412,95,69,26,317,30,287,23.058252427184467,16.74757281553398,6.310679611650485,76.94174757281553,7.281553398058252,69.66019417475728
E00079620,343,48,21,27,295,14,281,13.994169096209912,6.122448979591836,7.871720116618077,86.0058309037901,4.081632653061225,81.92419825072886
E00079621,290,73,29,44,217,21,196,25.17241379310345,10,15.172413793103448,74.82758620689656,7.241379310344828,67.58620689655173
E00079622,297,59,16,43,238,15,223,19.865319865319865,5.387205387205387,14.47811447811448,80.13468013468014,5.05050505050505,75.08417508417509
E00079623,338,61,28,33,277,12,265,18.04733727810651,8.284023668639055,9.763313609467456,81.95266272189349,3.5502958579881656,78.40236686390533
E00079624,405,93,42,51,312,21,291,22.962962962962962,10.37037037037037,12.592592592592592,77.03703703703704,5.185185185185185,71.85185185185186
E00079625,414,63,23,40,351,21,330,15.217391304347828,5.555555555555555,9.66183574879227,84.78260869565217,5.072463768115942,79.71014492753623
E00079626,351,72,33,39,279,15,264,20.51282051282051,9.401709401709402,11.11111111111111,79.48717948717949,4.273504273504273,75.21367521367522
E00079628,388,48,18,30,340,15,325,12.371134020618557,4.639175257731959,7.731958762886598,87.62886597938144,3.865979381443299,83.76288659793815
E00079629,325,54,26,28,271,16,255,16.615384615384617,8,8.615384615384615,83.38461538461537,4.923076923076923,78.46153846153847
E00079630,428,58,22,36,370,14,356,13.551401869158877,5.14018691588785,8.411214953271028,86.44859813084112,3.2710280373831773,83.17757009345794
E00079631,314,37,16,21,277,9,268,11.78343949044586,5.095541401273886,6.687898089171974,88.21656050955414,2.8662420382165608,85.35031847133759
E00079632,390,47,24,23,343,7,336,12.051282051282051,6.153846153846154,5.897435897435897,87.94871794871794,1.7948717948717947,86.15384615384616
E00079635,211,24,9,15,187,6,181,11.374407582938389,4.265402843601896,7.109004739336493,88.62559241706161,2.843601895734597,85.78199052132702
E00079636,233,43,21,22,190,10,180,18.4549356223176,9.012875536480687,9.44206008583691,81.54506437768241,4.291845493562231,77.25321888412017
E00079637,277,32,11,21,245,13,232,11.552346570397113,3.9711191335740073,7.581227436823104,88.4476534296029,4.693140794223827,83.75451263537906
E00079638,374,51,16,35,323,16,307,13.636363636363635,4.27807486631016,9.358288770053475,86.36363636363636,4.27807486631016,82.0855614973262
E00079639,328,34,12,22,294,20,274,10.365853658536585,3.6585365853658534,6.707317073170732,89.63414634146342,6.097560975609756,83.53658536585365
E00079640,366,70,36,34,296,15,281,19.12568306010929,9.836065573770492,9.289617486338798,80.87431693989072,4.098360655737705,76.775956284153
E00079641,370,65,34,31,305,11,294,17.56756756756757,9.18918918918919,8.378378378378379,82.43243243243244,2.9729729729729732,79.45945945945945
E00079642,422,65,24,41,357,18,339,15.402843601895736,5.687203791469194,9.715639810426541,84.59715639810426,4.265402843601896,80.33175355450237
E00079643,448,50,24,26,398,17,381,11.160714285714286,5.357142857142857,5.803571428571429,88.83928571428571,3.7946428571428568,85.04464285714286
E00079644,346,37,17,20,309,18,291,10.69364161849711,4.913294797687861,5.780346820809249,89.30635838150289,5.202312138728324,84.10404624277457
E00079645,305,56,26,30,249,15,234,18.360655737704917,8.524590163934425,9.836065573770492,81.63934426229508,4.918032786885246,76.72131147540983
E00079646,163,67,41,26,96,8,88,41.104294478527606,25.153374233128833,15.950920245398773,58.895705521472394,4.9079754601226995,53.987730061349694
E00079647,368,38,9,29,330,18,312,10.326086956521738,2.4456521739130435,7.880434782608696,89.67391304347827,4.891304347826087,84.78260869565217
E00079648,369,69,27,42,300,10,290,18.69918699186992,7.317073170731707,11.38211382113821,81.30081300813008,2.710027100271003,78.59078590785907
E00079649,297,49,22,27,248,12,236,16.4983164983165,7.4074074074074066,9.090909090909092,83.5016835016835,4.040404040404041,79.46127946127946
E00079650,334,73,42,31,261,10,251,21.856287425149702,12.574850299401197,9.281437125748502,78.1437125748503,2.9940119760479043,75.1497005988024
E00079651,462,108,52,56,354,16,338,23.376623376623375,11.255411255411255,12.121212121212121,76.62337662337663,3.463203463203463,73.16017316017316
E00079652,445,79,46,33,366,15,351,17.752808988764045,10.337078651685392,7.415730337078652,82.24719101123596,3.3707865168539324,78.87640449438203
E00079653,371,69,33,36,302,9,293,18.598382749326145,8.89487870619946,9.703504043126685,81.40161725067385,2.4258760107816713,78.97574123989219
E00079654,259,50,22,28,209,8,201,19.305019305019304,8.494208494208493,10.81081081081081,80.6949806949807,3.088803088803089,77.60617760617761
E00079655,523,86,46,40,437,11,426,16.44359464627151,8.795411089866157,7.648183556405354,83.5564053537285,2.1032504780114722,81.45315487571702
E00079656,500,40,22,18,460,20,440,8,4.3999999999999995,3.5999999999999996,92,4,88
E00079657,287,70,27,43,217,13,204,24.390243902439025,9.40766550522648,14.982578397212542,75.60975609756098,4.529616724738676,71.0801393728223
E00079658,322,54,26,28,268,15,253,16.77018633540373,8.074534161490684,8.695652173913043,83.22981366459628,4.658385093167702,78.57142857142857
E00079659,470,75,41,34,395,12,383,15.957446808510639,8.72340425531915,7.234042553191489,84.04255319148936,2.553191489361702,81.48936170212767
E00079660,407,69,31,38,338,18,320,16.953316953316953,7.616707616707617,9.336609336609335,83.04668304668304,4.422604422604422,78.62407862407862
E00079661,379,51,27,24,328,16,312,13.456464379947231,7.12401055408971,6.33245382585752,86.54353562005277,4.221635883905013,82.32189973614776
E00079662,376,45,24,21,331,15,316,11.96808510638298,6.382978723404255,5.585106382978723,88.03191489361703,3.9893617021276597,84.04255319148936
E00079663,424,71,34,37,353,14,339,16.745283018867923,8.018867924528301,8.726415094339622,83.25471698113208,3.30188679245283,79.95283018867924
E00079664,429,78,43,35,351,21,330,18.181818181818183,10.023310023310025,8.158508158508159,81.81818181818183,4.895104895104895,76.92307692307693
E00079665,405,54,22,32,351,13,338,13.333333333333334,5.432098765432099,7.901234567901234,86.66666666666667,3.2098765432098766,83.4567901234568
E00079666,508,69,36,33,439,17,422,13.582677165354331,7.086614173228346,6.496062992125983,86.41732283464567,3.346456692913386,83.07086614173228
E00079667,396,44,14,30,352,22,330,11.11111111111111,3.535353535353535,7.575757575757576,88.88888888888889,5.555555555555555,83.33333333333334
E00079668,310,51,20,31,259,14,245,16.451612903225808,6.451612903225806,10,83.54838709677419,4.516129032258064,79.03225806451613
E00079669,387,69,34,35,318,19,299,17.829457364341085,8.785529715762273,9.043927648578812,82.17054263565892,4.909560723514212,77.2609819121447
E00079670,373,89,43,46,284,18,266,23.86058981233244,11.528150134048257,12.332439678284182,76.13941018766755,4.825737265415549,71.31367292225201
E00079671,284,45,20,25,239,15,224,15.845070422535212,7.042253521126761,8.80281690140845,84.15492957746478,5.28169014084507,78.87323943661971
E00079672,398,58,23,35,340,24,316,14.572864321608039,5.778894472361809,8.793969849246231,85.42713567839196,6.030150753768844,79.39698492462311
E00079673,244,71,38,33,173,11,162,29.098360655737704,15.573770491803279,13.524590163934427,70.90163934426229,4.508196721311475,66.39344262295081
E00079674,327,45,23,22,282,12,270,13.761467889908257,7.033639143730887,6.727828746177369,86.23853211009175,3.669724770642202,82.56880733944955
E00079675,246,57,23,34,189,14,175,23.170731707317074,9.34959349593496,13.821138211382115,76.82926829268293,5.691056910569105,71.13821138211382
E00079676,343,40,20,20,303,7,296,11.661807580174926,5.830903790087463,5.830903790087463,88.33819241982506,2.0408163265306123,86.29737609329446
E00079677,374,60,26,34,314,22,292,16.042780748663102,6.951871657754011,9.090909090909092,83.9572192513369,5.88235294117647,78.07486631016043
E00079678,243,66,34,32,177,11,166,27.160493827160494,13.991769547325102,13.168724279835391,72.8395061728395,4.526748971193416,68.3127572016461
E00079679,357,45,17,28,312,20,292,12.605042016806722,4.761904761904762,7.8431372549019605,87.39495798319328,5.602240896358544,81.79271708683473
E00079680,311,68,29,39,243,22,221,21.864951768488748,9.32475884244373,12.540192926045016,78.13504823151125,7.07395498392283,71.06109324758843
E00079681,301,47,17,30,254,17,237,15.614617940199334,5.647840531561462,9.966777408637874,84.38538205980066,5.647840531561462,78.7375415282392
E00079682,369,49,23,26,320,22,298,13.279132791327914,6.233062330623306,7.046070460704606,86.72086720867209,5.9620596205962055,80.75880758807588
E00079683,374,56,21,35,318,21,297,14.973262032085561,5.614973262032086,9.358288770053475,85.02673796791443,5.614973262032086,79.41176470588235
E00079684,339,54,26,28,285,21,264,15.929203539823009,7.669616519174041,8.259587020648967,84.070796460177,6.1946902654867255,77.87610619469027
E00079685,319,46,22,24,273,20,253,14.420062695924765,6.896551724137931,7.523510971786834,85.57993730407524,6.269592476489027,79.3103448275862
E00079686,523,55,26,29,468,25,443,10.51625239005736,4.97131931166348,5.544933078393881,89.48374760994264,4.780114722753346,84.7036328871893
E00079687,350,49,19,30,301,22,279,14.000000000000002,5.428571428571429,8.571428571428571,86,6.2857142857142865,79.71428571428572
E00079688,333,46,18,28,287,30,257,13.813813813813812,5.405405405405405,8.408408408408409,86.18618618618619,9.00900900900901,77.17717717717719
E00079689,305,36,19,17,269,17,252,11.80327868852459,6.229508196721312,5.573770491803279,88.19672131147541,5.573770491803279,82.62295081967214
E00079690,246,74,39,35,172,12,160,30.081300813008134,15.853658536585366,14.227642276422763,69.91869918699187,4.878048780487805,65.04065040650406
E00079691,301,57,26,31,244,14,230,18.93687707641196,8.637873754152823,10.299003322259136,81.06312292358804,4.651162790697675,76.41196013289037
E00079692,384,86,48,38,298,20,278,22.395833333333336,12.5,9.895833333333332,77.60416666666666,5.208333333333334,72.39583333333334
E00079693,400,65,27,38,335,16,319,16.25,6.75,9.5,83.75,4,79.75
E00079694,298,67,36,31,231,18,213,22.483221476510067,12.080536912751679,10.40268456375839,77.51677852348993,6.0402684563758395,71.47651006711409
E00079695,248,75,38,37,173,8,165,30.241935483870968,15.32258064516129,14.919354838709678,69.75806451612904,3.225806451612903,66.53225806451613
E00079696,303,32,13,19,271,16,255,10.561056105610561,4.29042904290429,6.270627062706271,89.43894389438944,5.2805280528052805,84.15841584158416
E00079697,363,121,91,30,242,18,224,33.33333333333333,25.068870523415974,8.264462809917356,66.66666666666666,4.958677685950414,61.70798898071625
E00079698,358,27,11,16,331,15,316,7.5418994413407825,3.072625698324022,4.4692737430167595,92.45810055865921,4.189944134078212,88.26815642458101
E00079699,599,71,31,40,528,26,502,11.853088480801336,5.175292153589315,6.67779632721202,88.14691151919867,4.340567612687813,83.80634390651085
E00079700,281,34,9,25,247,14,233,12.099644128113878,3.202846975088968,8.896797153024911,87.90035587188612,4.98220640569395,82.91814946619218
E00079701,275,29,6,23,246,25,221,10.545454545454545,2.181818181818182,8.363636363636363,89.45454545454545,9.090909090909092,80.36363636363636
E00079702,337,30,10,20,307,18,289,8.902077151335313,2.967359050445104,5.934718100890208,91.0979228486647,5.341246290801187,85.7566765578635
E00079703,279,47,16,31,232,13,219,16.845878136200717,5.734767025089606,11.11111111111111,83.15412186379928,4.659498207885305,78.49462365591397
E00079704,302,40,11,29,262,20,242,13.245033112582782,3.642384105960265,9.602649006622517,86.75496688741721,6.622516556291391,80.13245033112582
E00079705,325,40,20,20,285,28,257,12.307692307692308,6.153846153846154,6.153846153846154,87.6923076923077,8.615384615384615,79.07692307692308
E00079706,331,34,15,19,297,12,285,10.27190332326284,4.531722054380665,5.740181268882175,89.72809667673715,3.625377643504532,86.10271903323263
E00079707,268,37,19,18,231,11,220,13.805970149253731,7.08955223880597,6.7164179104477615,86.19402985074626,4.104477611940299,82.08955223880598
E00079708,434,88,49,39,346,15,331,20.276497695852534,11.29032258064516,8.986175115207374,79.72350230414746,3.4562211981566824,76.26728110599078
E00079709,338,42,14,28,296,18,278,12.42603550295858,4.142011834319527,8.284023668639055,87.57396449704143,5.325443786982249,82.24852071005917
E00079710,162,33,14,19,129,9,120,20.37037037037037,8.641975308641975,11.728395061728394,79.62962962962963,5.555555555555555,74.07407407407408
E00079711,367,41,17,24,326,20,306,11.1716621253406,4.632152588555858,6.539509536784741,88.8283378746594,5.449591280653951,83.37874659400545
E00079712,385,59,28,31,326,13,313,15.324675324675324,7.2727272727272725,8.051948051948052,84.67532467532467,3.3766233766233764,81.2987012987013
E00079713,456,68,24,44,388,27,361,14.912280701754385,5.263157894736842,9.649122807017543,85.08771929824562,5.921052631578947,79.16666666666666
E00079714,348,50,19,31,298,18,280,14.367816091954023,5.459770114942529,8.908045977011495,85.63218390804597,5.172413793103448,80.45977011494253
E00079715,535,66,26,40,469,28,441,12.33644859813084,4.859813084112149,7.476635514018691,87.66355140186916,5.233644859813085,82.42990654205607
E00079716,394,64,27,37,330,26,304,16.243654822335024,6.852791878172589,9.390862944162437,83.75634517766497,6.598984771573605,77.15736040609137
E00079717,277,48,30,18,229,20,209,17.328519855595665,10.830324909747292,6.4981949458483745,82.67148014440433,7.2202166064981945,75.45126353790613
E00079718,358,70,28,42,288,12,276,19.553072625698324,7.82122905027933,11.731843575418994,80.44692737430168,3.35195530726257,77.09497206703911
E00079719,391,58,31,27,333,12,321,14.83375959079284,7.928388746803069,6.905370843989769,85.16624040920716,3.0690537084398977,82.09718670076727
E00079720,371,53,19,34,318,18,300,14.285714285714285,5.121293800539084,9.164420485175203,85.71428571428571,4.8517520215633425,80.86253369272237
E00079721,323,55,27,28,268,9,259,17.027863777089784,8.359133126934983,8.6687306501548,82.97213622291022,2.786377708978328,80.18575851393189
E00079722,582,62,28,34,520,27,493,10.652920962199312,4.810996563573884,5.841924398625429,89.3470790378007,4.639175257731959,84.70790378006873
E00079723,343,56,20,36,287,17,270,16.3265306122449,5.830903790087463,10.495626822157435,83.6734693877551,4.956268221574344,78.71720116618076
E00079724,305,32,14,18,273,20,253,10.491803278688524,4.590163934426229,5.901639344262295,89.50819672131148,6.557377049180328,82.95081967213115
E00079725,267,38,10,28,229,20,209,14.232209737827715,3.7453183520599254,10.486891385767791,85.76779026217228,7.490636704119851,78.27715355805243
E00079726,362,61,33,28,301,18,283,16.85082872928177,9.116022099447514,7.734806629834254,83.14917127071824,4.972375690607735,78.1767955801105
E00079727,314,34,9,25,280,15,265,10.828025477707007,2.8662420382165608,7.961783439490445,89.171974522293,4.777070063694268,84.39490445859873
E00079728,578,74,32,42,504,16,488,12.802768166089965,5.536332179930796,7.26643598615917,87.19723183391004,2.768166089965398,84.42906574394463
E00079729,406,53,22,31,353,23,330,13.054187192118228,5.41871921182266,7.635467980295567,86.94581280788178,5.665024630541872,81.2807881773399
E00079730,413,63,33,30,350,13,337,15.254237288135593,7.990314769975787,7.263922518159806,84.7457627118644,3.14769975786925,81.59806295399515
E00079731,312,57,19,38,255,12,243,18.269230769230766,6.089743589743589,12.179487179487179,81.73076923076923,3.8461538461538463,77.88461538461539
E00079732,208,44,24,20,164,13,151,21.153846153846153,11.538461538461538,9.615384615384617,78.84615384615384,6.25,72.59615384615384
E00079733,327,64,30,34,263,12,251,19.571865443425075,9.174311926605505,10.397553516819572,80.42813455657493,3.669724770642202,76.75840978593273
E00079734,302,46,14,32,256,20,236,15.2317880794702,4.635761589403973,10.596026490066226,84.76821192052981,6.622516556291391,78.1456953642384
E00079735,325,57,29,28,268,18,250,17.53846153846154,8.923076923076923,8.615384615384615,82.46153846153847,5.538461538461538,76.92307692307693
E00079736,225,54,23,31,171,12,159,24,10.222222222222223,13.777777777777779,76,5.333333333333334,70.66666666666667
E00079737,303,62,27,35,241,12,229,20.462046204620464,8.91089108910891,11.55115511551155,79.53795379537954,3.9603960396039604,75.57755775577559
E00079738,276,37,12,25,239,17,222,13.405797101449277,4.3478260869565215,9.057971014492754,86.59420289855072,6.159420289855073,80.43478260869566
E00079739,315,66,31,35,249,13,236,20.952380952380953,9.841269841269842,11.11111111111111,79.04761904761905,4.1269841269841265,74.92063492063492
E00079740,443,78,37,41,365,19,346,17.607223476297968,8.35214446952596,9.255079006772009,82.39277652370203,4.288939051918736,78.1038374717833
E00079741,324,53,24,29,271,18,253,16.358024691358025,7.4074074074074066,8.950617283950617,83.64197530864197,5.555555555555555,78.08641975308642
E00079742,298,57,27,30,241,14,227,19.12751677852349,9.060402684563758,10.06711409395973,80.87248322147651,4.697986577181208,76.1744966442953
E00079743,419,66,28,38,353,23,330,15.75178997613365,6.682577565632458,9.069212410501192,84.24821002386635,5.4892601431980905,78.75894988066825
E00079744,304,55,29,26,249,16,233,18.092105263157894,9.539473684210527,8.552631578947368,81.9078947368421,5.263157894736842,76.64473684210526
E00079745,349,47,16,31,302,21,281,13.46704871060172,4.584527220630372,8.882521489971348,86.53295128939828,6.017191977077363,80.51575931232091
E00079746,398,36,10,26,362,21,341,9.045226130653267,2.512562814070352,6.532663316582915,90.95477386934674,5.276381909547738,85.678391959799
E00079747,399,44,16,28,355,27,328,11.027568922305765,4.010025062656641,7.017543859649122,88.97243107769424,6.7669172932330826,82.20551378446115
E00079748,326,67,33,34,259,21,238,20.552147239263803,10.122699386503067,10.429447852760736,79.4478527607362,6.441717791411043,73.00613496932516
E00079749,321,62,35,27,259,15,244,19.314641744548286,10.903426791277258,8.411214953271028,80.68535825545172,4.672897196261682,76.01246105919003
E00079750,376,60,25,35,316,12,304,15.957446808510639,6.648936170212766,9.308510638297872,84.04255319148936,3.1914893617021276,80.85106382978722
E00079751,458,50,18,32,408,24,384,10.91703056768559,3.9301310043668125,6.986899563318777,89.08296943231441,5.240174672489083,83.84279475982532
E00079752,291,65,30,35,226,9,217,22.336769759450174,10.309278350515463,12.027491408934708,77.66323024054984,3.0927835051546393,74.5704467353952
E00079753,349,44,18,26,305,14,291,12.607449856733524,5.157593123209169,7.4498567335243555,87.39255014326648,4.011461318051576,83.3810888252149
E00079754,348,50,28,22,298,19,279,14.367816091954023,8.045977011494253,6.321839080459771,85.63218390804597,5.459770114942529,80.17241379310344
E00079755,293,57,29,28,236,17,219,19.453924914675767,9.897610921501707,9.556313993174061,80.54607508532423,5.802047781569966,74.74402730375427
E00079756,363,62,41,21,301,14,287,17.079889807162534,11.294765840220386,5.785123966942149,82.92011019283747,3.8567493112947657,79.06336088154269
E00079757,336,57,22,35,279,11,268,16.964285714285715,6.547619047619048,10.416666666666668,83.03571428571429,3.273809523809524,79.76190476190477
E00079758,277,52,18,34,225,17,208,18.772563176895307,6.4981949458483745,12.274368231046932,81.2274368231047,6.137184115523466,75.09025270758123
E00079759,435,39,17,22,396,18,378,8.96551724137931,3.9080459770114944,5.057471264367816,91.0344827586207,4.137931034482759,86.89655172413792
E00079760,357,46,15,31,311,33,278,12.885154061624648,4.201680672268908,8.683473389355742,87.11484593837535,9.243697478991598,77.87114845938376
E00079761,272,34,13,21,238,19,219,12.5,4.779411764705882,7.720588235294118,87.5,6.985294117647059,80.51470588235294
E00079762,419,87,48,39,332,24,308,20.763723150357997,11.455847255369928,9.307875894988067,79.23627684964201,5.727923627684964,73.50835322195705
E00079763,316,48,23,25,268,26,242,15.18987341772152,7.2784810126582276,7.9113924050632916,84.81012658227847,8.227848101265822,76.58227848101265
E00079764,365,74,36,38,291,21,270,20.273972602739725,9.863013698630137,10.41095890410959,79.72602739726027,5.7534246575342465,73.97260273972603
E00079765,361,36,11,25,325,20,305,9.97229916897507,3.0470914127423825,6.9252077562326875,90.02770083102493,5.540166204986149,84.48753462603878
E00079766,383,49,20,29,334,19,315,12.793733681462141,5.221932114882506,7.5718015665796345,87.20626631853786,4.960835509138381,82.24543080939948
E00079767,377,69,32,37,308,15,293,18.30238726790451,8.488063660477453,9.814323607427056,81.6976127320955,3.978779840848806,77.71883289124668
E00079768,394,54,21,33,340,32,308,13.705583756345177,5.32994923857868,8.375634517766498,86.29441624365482,8.121827411167512,78.1725888324873
E00079769,364,49,17,32,315,23,292,13.461538461538462,4.670329670329671,8.791208791208792,86.53846153846155,6.318681318681318,80.21978021978022
E00079770,458,48,20,28,410,19,391,10.480349344978166,4.366812227074235,6.11353711790393,89.51965065502183,4.148471615720524,85.37117903930131
E00079771,477,88,33,55,389,23,366,18.448637316561843,6.918238993710692,11.530398322851152,81.55136268343816,4.821802935010482,76.72955974842768
E00079772,414,40,15,25,374,28,346,9.66183574879227,3.6231884057971016,6.038647342995169,90.33816425120773,6.763285024154589,83.57487922705315
E00079773,352,40,17,23,312,28,284,11.363636363636363,4.829545454545454,6.534090909090909,88.63636363636364,7.954545454545454,80.68181818181817
E00079774,329,57,30,27,272,12,260,17.325227963525837,9.118541033434651,8.206686930091186,82.67477203647417,3.64741641337386,79.0273556231003
E00079775,377,39,12,27,338,21,317,10.344827586206897,3.183023872679045,7.161803713527852,89.65517241379311,5.570291777188329,84.08488063660478
E00079776,331,36,19,17,295,22,273,10.876132930513595,5.740181268882175,5.13595166163142,89.12386706948641,6.646525679758309,82.4773413897281
E00079777,408,43,19,24,365,22,343,10.53921568627451,4.6568627450980395,5.88235294117647,89.4607843137255,5.392156862745098,84.06862745098039
E00079778,342,64,22,42,278,11,267,18.71345029239766,6.432748538011696,12.280701754385964,81.28654970760235,3.216374269005848,78.0701754385965
E00079779,320,55,28,27,265,11,254,17.1875,8.75,8.4375,82.8125,3.4375000000000004,79.375
E00079780,311,43,21,22,268,20,248,13.826366559485532,6.752411575562702,7.07395498392283,86.17363344051448,6.430868167202572,79.7427652733119
E00079782,492,107,66,41,385,22,363,21.747967479674795,13.414634146341465,8.333333333333332,78.2520325203252,4.471544715447155,73.78048780487805
E00079783,542,36,17,19,506,20,486,6.642066420664207,3.136531365313653,3.505535055350553,93.35793357933579,3.6900369003690034,89.66789667896678
E00079784,499,90,48,42,409,20,389,18.03607214428858,9.619238476953909,8.41683366733467,81.96392785571143,4.008016032064128,77.9559118236473
E00079785,502,57,23,34,445,18,427,11.354581673306772,4.581673306772909,6.772908366533864,88.64541832669323,3.5856573705179287,85.0597609561753
E00079786,510,71,35,36,439,26,413,13.92156862745098,6.862745098039216,7.0588235294117645,86.07843137254902,5.098039215686274,80.98039215686275
E00079787,457,54,28,26,403,11,392,11.816192560175056,6.12691466083151,5.689277899343545,88.18380743982495,2.4070021881838075,85.77680525164114
E00079788,613,127,82,45,486,21,465,20.717781402936378,13.376835236541599,7.3409461663947795,79.28221859706362,3.4257748776508974,75.85644371941272
E00079789,621,59,34,25,562,24,538,9.500805152979067,5.475040257648954,4.025764895330113,90.49919484702093,3.864734299516908,86.63446054750402
E00079790,223,24,8,16,199,7,192,10.762331838565023,3.587443946188341,7.174887892376682,89.23766816143498,3.1390134529147984,86.09865470852019
E00079791,543,66,28,38,477,13,464,12.154696132596685,5.156537753222836,6.998158379373849,87.84530386740332,2.394106813996317,85.451197053407
E00079792,339,44,32,12,295,10,285,12.979351032448378,9.43952802359882,3.5398230088495577,87.02064896755162,2.949852507374631,84.070796460177
E00079793,418,48,21,27,370,20,350,11.483253588516746,5.023923444976076,6.4593301435406705,88.51674641148325,4.784688995215311,83.73205741626795
E00079794,561,66,37,29,495,16,479,11.76470588235294,6.59536541889483,5.169340463458111,88.23529411764706,2.8520499108734403,85.38324420677363
E00079795,501,60,22,38,441,13,428,11.976047904191617,4.39121756487026,7.584830339321358,88.02395209580838,2.5948103792415167,85.42914171656687
E00079796,461,48,20,28,413,17,396,10.412147505422993,4.3383947939262475,6.073752711496746,89.587852494577,3.68763557483731,85.90021691973969
E00079797,559,57,28,29,502,17,485,10.196779964221825,5.008944543828265,5.18783542039356,89.80322003577818,3.041144901610018,86.76207513416816
E00079799,445,50,28,22,395,11,384,11.235955056179774,6.292134831460674,4.943820224719101,88.76404494382022,2.4719101123595504,86.29213483146067
E00079802,382,54,23,31,328,10,318,14.136125654450263,6.020942408376963,8.115183246073299,85.86387434554975,2.6178010471204187,83.24607329842932
E00079803,428,45,11,34,383,24,359,10.514018691588785,2.570093457943925,7.943925233644859,89.48598130841121,5.607476635514018,83.8785046728972
E00079804,450,42,26,16,408,18,390,9.333333333333334,5.777777777777778,3.5555555555555554,90.66666666666666,4,86.66666666666667
E00079806,379,48,23,25,331,12,319,12.66490765171504,6.068601583113456,6.596306068601583,87.33509234828496,3.16622691292876,84.1688654353562
E00079807,599,63,37,26,536,6,530,10.51752921535893,6.176961602671119,4.340567612687813,89.48247078464107,1.001669449081803,88.48080133555926
E00079808,560,70,33,37,490,14,476,12.5,5.892857142857142,6.607142857142858,87.5,2.5,85
E00079809,559,62,31,31,497,15,482,11.091234347048301,5.545617173524151,5.545617173524151,88.9087656529517,2.6833631484794274,86.22540250447227
E00079810,335,38,15,23,297,13,284,11.343283582089553,4.477611940298507,6.865671641791045,88.65671641791046,3.880597014925373,84.77611940298507
E00079811,545,83,53,30,462,19,443,15.229357798165138,9.724770642201836,5.5045871559633035,84.77064220183486,3.486238532110092,81.28440366972477
E00079812,872,99,43,56,773,41,732,11.353211009174311,4.931192660550459,6.422018348623854,88.64678899082568,4.701834862385321,83.94495412844036
E00079813,316,78,43,35,238,14,224,24.68354430379747,13.60759493670886,11.075949367088606,75.31645569620254,4.430379746835443,70.88607594936708
E00079814,559,56,20,36,503,18,485,10.01788908765653,3.5778175313059033,6.440071556350627,89.98211091234347,3.2200357781753133,86.76207513416816
E00079815,368,85,39,46,283,20,263,23.097826086956523,10.597826086956522,12.5,76.90217391304348,5.434782608695652,71.46739130434783
E00079816,314,40,16,24,274,7,267,12.738853503184714,5.095541401273886,7.643312101910828,87.26114649681529,2.229299363057325,85.03184713375796
E00079817,417,34,23,11,383,27,356,8.15347721822542,5.515587529976019,2.6378896882494005,91.84652278177458,6.474820143884892,85.37170263788968
E00079818,403,40,14,26,363,15,348,9.925558312655088,3.4739454094292808,6.451612903225806,90.07444168734492,3.722084367245657,86.35235732009926
E00079819,335,29,13,16,306,15,291,8.656716417910449,3.880597014925373,4.776119402985075,91.34328358208955,4.477611940298507,86.86567164179104
E00079820,232,51,21,30,181,10,171,21.982758620689655,9.051724137931034,12.931034482758621,78.01724137931035,4.310344827586207,73.70689655172413
E00079821,324,34,12,22,290,18,272,10.493827160493826,3.7037037037037033,6.790123456790123,89.50617283950618,5.555555555555555,83.9506172839506
E00079822,349,38,15,23,311,20,291,10.888252148997136,4.297994269340974,6.59025787965616,89.11174785100286,5.730659025787966,83.3810888252149
E00079823,438,45,20,25,393,16,377,10.273972602739725,4.5662100456621,5.707762557077626,89.72602739726028,3.65296803652968,86.0730593607306
E00079824,306,43,12,31,263,9,254,14.052287581699346,3.9215686274509802,10.130718954248366,85.94771241830065,2.941176470588235,83.00653594771242
E00079825,279,27,10,17,252,10,242,9.67741935483871,3.584229390681003,6.093189964157706,90.32258064516128,3.584229390681003,86.73835125448028
E00079826,413,46,21,25,367,16,351,11.138014527845035,5.084745762711865,6.053268765133172,88.86198547215496,3.87409200968523,84.98789346246973
E00079827,293,36,12,24,257,24,233,12.286689419795222,4.09556313993174,8.19112627986348,87.71331058020478,8.19112627986348,79.5221843003413
E00079828,368,46,18,28,322,23,299,12.5,4.891304347826087,7.608695652173914,87.5,6.25,81.25
E00079829,396,44,15,29,352,14,338,11.11111111111111,3.787878787878788,7.3232323232323235,88.88888888888889,3.535353535353535,85.35353535353535
E00079830,375,83,31,52,292,17,275,22.133333333333333,8.266666666666666,13.866666666666665,77.86666666666666,4.533333333333333,73.33333333333333
E00079831,382,51,25,26,331,18,313,13.350785340314136,6.544502617801047,6.806282722513089,86.64921465968587,4.712041884816754,81.93717277486911
E00079833,172,21,9,12,151,6,145,12.209302325581394,5.232558139534884,6.976744186046512,87.79069767441861,3.488372093023256,84.30232558139535
E00079837,265,42,22,20,223,10,213,15.849056603773585,8.30188679245283,7.547169811320755,84.15094339622642,3.7735849056603774,80.37735849056604
E00079839,249,53,23,30,196,12,184,21.285140562248998,9.236947791164658,12.048192771084338,78.714859437751,4.819277108433735,73.89558232931726
E00079840,436,39,15,24,397,16,381,8.944954128440367,3.4403669724770642,5.5045871559633035,91.05504587155964,3.669724770642202,87.38532110091744
E00079841,198,35,20,15,163,5,158,17.67676767676768,10.1010101010101,7.575757575757576,82.32323232323232,2.525252525252525,79.7979797979798
E00079842,258,32,13,19,226,3,223,12.4031007751938,5.038759689922481,7.3643410852713185,87.59689922480621,1.1627906976744187,86.43410852713178
E00079843,226,25,13,12,201,10,191,11.061946902654867,5.752212389380531,5.3097345132743365,88.93805309734513,4.424778761061947,84.51327433628319
E00079846,286,94,38,56,192,11,181,32.86713286713287,13.286713286713287,19.58041958041958,67.13286713286713,3.8461538461538463,63.286713286713294
E00079848,274,51,28,23,223,12,211,18.613138686131386,10.218978102189782,8.394160583941606,81.38686131386861,4.37956204379562,77.00729927007299
E00079849,285,22,7,15,263,6,257,7.719298245614035,2.456140350877193,5.263157894736842,92.28070175438596,2.1052631578947367,90.17543859649123
E00079850,418,42,14,28,376,20,356,10.047846889952153,3.349282296650718,6.698564593301436,89.95215311004785,4.784688995215311,85.16746411483254
E00079851,291,43,20,23,248,22,226,14.776632302405499,6.872852233676976,7.903780068728522,85.2233676975945,7.560137457044673,77.66323024054984
E00079852,238,53,27,26,185,13,172,22.268907563025213,11.344537815126051,10.92436974789916,77.73109243697479,5.46218487394958,72.26890756302521
E00079853,239,38,8,30,201,21,180,15.899581589958158,3.3472803347280333,12.552301255230125,84.10041841004184,8.786610878661087,75.31380753138075
E00079854,313,43,14,29,270,26,244,13.738019169329075,4.472843450479233,9.26517571884984,86.26198083067092,8.30670926517572,77.95527156549521
E00079855,464,65,23,42,399,36,363,14.00862068965517,4.956896551724138,9.051724137931034,85.99137931034483,7.758620689655173,78.23275862068965
E00079856,317,48,22,26,269,16,253,15.141955835962145,6.940063091482649,8.201892744479496,84.85804416403786,5.047318611987381,79.81072555205047
E00079857,334,32,8,24,302,31,271,9.580838323353294,2.3952095808383236,7.18562874251497,90.41916167664671,9.281437125748502,81.1377245508982
E00079858,242,47,17,30,195,20,175,19.421487603305785,7.024793388429752,12.396694214876034,80.57851239669421,8.264462809917356,72.31404958677686
E00079859,318,45,17,28,273,31,242,14.150943396226415,5.345911949685535,8.80503144654088,85.84905660377359,9.748427672955975,76.10062893081762
E00079860,276,41,15,26,235,21,214,14.855072463768115,5.434782608695652,9.420289855072465,85.14492753623189,7.608695652173914,77.53623188405797
E00079861,288,29,6,23,259,14,245,10.069444444444445,2.083333333333333,7.986111111111111,89.93055555555556,4.861111111111112,85.06944444444444
E00079862,286,33,10,23,253,11,242,11.538461538461538,3.4965034965034967,8.041958041958042,88.46153846153845,3.8461538461538463,84.61538461538461
E00079863,325,50,21,29,275,25,250,15.384615384615385,6.461538461538462,8.923076923076923,84.61538461538461,7.6923076923076925,76.92307692307693
E00079864,298,68,26,42,230,9,221,22.818791946308725,8.724832214765101,14.093959731543624,77.18120805369128,3.0201342281879198,74.16107382550335
E00079865,294,37,14,23,257,27,230,12.585034013605442,4.761904761904762,7.8231292517006805,87.41496598639455,9.183673469387756,78.2312925170068
E00079866,295,29,9,20,266,25,241,9.830508474576272,3.050847457627119,6.779661016949152,90.16949152542372,8.47457627118644,81.69491525423729
E00079867,331,54,16,38,277,24,253,16.314199395770395,4.833836858006042,11.48036253776435,83.68580060422961,7.250755287009064,76.43504531722054
E00079868,350,53,21,32,297,25,272,15.142857142857144,6,9.142857142857142,84.85714285714285,7.142857142857142,77.71428571428571
E00079869,338,37,16,21,301,23,278,10.946745562130179,4.733727810650888,6.21301775147929,89.05325443786982,6.8047337278106506,82.24852071005917
E00079870,367,65,25,40,302,28,274,17.71117166212534,6.811989100817439,10.899182561307901,82.28882833787466,7.629427792915531,74.65940054495913
E00079871,282,43,17,26,239,18,221,15.24822695035461,6.028368794326241,9.219858156028367,84.75177304964538,6.382978723404255,78.36879432624113
E00079872,278,57,25,32,221,17,204,20.503597122302157,8.992805755395683,11.510791366906476,79.49640287769785,6.115107913669065,73.38129496402878
E00079873,245,40,14,26,205,24,181,16.3265306122449,5.714285714285714,10.612244897959183,83.6734693877551,9.795918367346939,73.87755102040816
E00079874,342,41,17,24,301,24,277,11.988304093567251,4.970760233918129,7.017543859649122,88.01169590643275,7.017543859649122,80.99415204678363
E00079875,328,37,12,25,291,21,270,11.28048780487805,3.6585365853658534,7.621951219512195,88.71951219512195,6.402439024390244,82.3170731707317
E00079876,274,57,24,33,217,10,207,20.802919708029197,8.75912408759124,12.043795620437956,79.1970802919708,3.64963503649635,75.54744525547446
E00079877,334,53,23,30,281,19,262,15.868263473053892,6.88622754491018,8.982035928143713,84.13173652694611,5.688622754491018,78.44311377245509
E00079878,289,54,29,25,235,11,224,18.685121107266436,10.034602076124568,8.650519031141869,81.31487889273356,3.8062283737024223,77.50865051903114
E00079879,414,49,18,31,365,21,344,11.83574879227053,4.3478260869565215,7.487922705314009,88.16425120772948,5.072463768115942,83.09178743961353
E00079881,320,45,17,28,275,15,260,14.0625,5.3125,8.75,85.9375,4.6875,81.25
E00079882,558,81,29,52,477,29,448,14.516129032258066,5.197132616487455,9.31899641577061,85.48387096774194,5.197132616487455,80.28673835125448
E00079883,331,59,20,39,272,10,262,17.82477341389728,6.042296072507553,11.782477341389729,82.17522658610272,3.0211480362537766,79.15407854984893
E00079884,367,47,20,27,320,12,308,12.806539509536785,5.449591280653951,7.3569482288828345,87.19346049046321,3.2697547683923704,83.92370572207084
E00079885,300,32,12,20,268,10,258,10.666666666666668,4,6.666666666666667,89.33333333333333,3.3333333333333335,86
E00079886,318,50,16,34,268,31,237,15.723270440251572,5.031446540880504,10.69182389937107,84.27672955974843,9.748427672955975,74.52830188679245
E00079887,280,46,11,35,234,22,212,16.428571428571427,3.9285714285714284,12.5,83.57142857142857,7.857142857142857,75.71428571428571
E00079888,306,31,10,21,275,21,254,10.130718954248366,3.2679738562091507,6.862745098039216,89.86928104575163,6.862745098039216,83.00653594771242
E00079889,301,34,21,13,267,14,253,11.295681063122924,6.976744186046512,4.318936877076411,88.70431893687709,4.651162790697675,84.0531561461794
E00079890,315,43,14,29,272,21,251,13.65079365079365,4.444444444444445,9.206349206349207,86.34920634920636,6.666666666666667,79.68253968253968
E00079891,323,59,24,35,264,16,248,18.26625386996904,7.430340557275541,10.8359133126935,81.73374613003097,4.953560371517028,76.78018575851394
E00079892,367,37,9,28,330,28,302,10.08174386920981,2.452316076294278,7.629427792915531,89.91825613079018,7.629427792915531,82.28882833787466
E00079893,305,42,16,26,263,18,245,13.77049180327869,5.245901639344262,8.524590163934425,86.22950819672131,5.901639344262295,80.32786885245902
E00079894,333,48,21,27,285,22,263,14.414414414414415,6.306306306306306,8.108108108108109,85.58558558558559,6.606606606606606,78.97897897897897
E00079895,362,65,30,35,297,22,275,17.955801104972377,8.287292817679557,9.668508287292818,82.04419889502762,6.077348066298343,75.96685082872928
E00079896,312,33,10,23,279,14,265,10.576923076923077,3.205128205128205,7.371794871794872,89.42307692307693,4.487179487179487,84.93589743589743
E00079897,349,77,33,44,272,19,253,22.063037249283667,9.455587392550143,12.607449856733524,77.93696275071633,5.444126074498568,72.49283667621776
E00079898,320,41,14,27,279,25,254,12.812499999999998,4.375,8.4375,87.1875,7.8125,79.375
E00079899,398,37,15,22,361,25,336,9.296482412060302,3.7688442211055273,5.527638190954774,90.7035175879397,6.281407035175879,84.42211055276381
E00079900,343,50,20,30,293,30,263,14.577259475218659,5.830903790087463,8.746355685131196,85.42274052478133,8.746355685131196,76.67638483965014
E00079901,268,35,18,17,233,21,212,13.059701492537313,6.7164179104477615,6.343283582089552,86.94029850746269,7.835820895522389,79.1044776119403
E00079902,381,30,11,19,351,26,325,7.874015748031496,2.8871391076115485,4.986876640419948,92.1259842519685,6.824146981627297,85.30183727034121
E00079903,349,43,13,30,306,27,279,12.320916905444127,3.7249283667621778,8.595988538681947,87.67908309455588,7.736389684813753,79.94269340974212
E00079904,385,74,34,40,311,24,287,19.22077922077922,8.831168831168831,10.38961038961039,80.77922077922078,6.233766233766234,74.54545454545455
E00079905,182,32,12,20,150,11,139,17.582417582417584,6.593406593406594,10.989010989010989,82.41758241758241,6.043956043956044,76.37362637362637
E00079906,333,38,14,24,295,20,275,11.411411411411411,4.2042042042042045,7.207207207207207,88.58858858858859,6.006006006006006,82.58258258258259
E00079907,437,42,13,29,395,30,365,9.610983981693364,2.9748283752860414,6.636155606407322,90.38901601830663,6.864988558352403,83.52402745995423
E00079908,267,33,14,19,234,19,215,12.359550561797752,5.2434456928838955,7.116104868913857,87.64044943820225,7.116104868913857,80.52434456928839
E00079909,574,71,28,43,503,42,461,12.369337979094077,4.878048780487805,7.491289198606271,87.63066202090593,7.317073170731707,80.31358885017421
E00079910,267,33,12,21,234,18,216,12.359550561797752,4.49438202247191,7.865168539325842,87.64044943820225,6.741573033707865,80.89887640449437
E00079911,391,80,32,48,311,12,299,20.460358056265985,8.184143222506394,12.27621483375959,79.53964194373401,3.0690537084398977,76.47058823529412
E00079912,439,56,23,33,383,26,357,12.756264236902052,5.239179954441914,7.517084282460136,87.24373576309794,5.922551252847381,81.32118451025056
E00079913,300,39,16,23,261,20,241,13,5.333333333333334,7.666666666666666,87,6.666666666666667,80.33333333333333
E00079914,335,39,9,30,296,26,270,11.641791044776118,2.6865671641791042,8.955223880597014,88.35820895522389,7.761194029850746,80.59701492537313
E00079915,321,49,12,37,272,19,253,15.264797507788161,3.7383177570093453,11.526479750778815,84.73520249221184,5.919003115264798,78.81619937694704
E00079916,330,31,10,21,299,18,281,9.393939393939393,3.0303030303030303,6.363636363636363,90.6060606060606,5.454545454545454,85.15151515151516
E00079917,229,43,27,16,186,24,162,18.777292576419214,11.790393013100436,6.986899563318777,81.22270742358079,10.480349344978166,70.74235807860262
E00079918,298,40,17,23,258,13,245,13.422818791946309,5.704697986577181,7.718120805369128,86.57718120805369,4.3624161073825505,82.21476510067114
E00079919,319,28,9,19,291,30,261,8.77742946708464,2.8213166144200628,5.956112852664576,91.22257053291536,9.404388714733543,81.81818181818183
E00079920,298,35,19,16,263,15,248,11.74496644295302,6.375838926174497,5.369127516778524,88.25503355704699,5.033557046979865,83.22147651006712
E00079921,282,32,3,29,250,32,218,11.347517730496454,1.0638297872340425,10.28368794326241,88.65248226950354,11.347517730496454,77.30496453900709
E00079922,253,28,6,22,225,23,202,11.067193675889328,2.371541501976284,8.695652173913043,88.93280632411067,9.090909090909092,79.84189723320159
E00079923,293,33,7,26,260,22,238,11.262798634812286,2.3890784982935154,8.873720136518772,88.73720136518772,7.508532423208192,81.22866894197952
E00079924,315,29,5,24,286,22,264,9.206349206349207,1.5873015873015872,7.6190476190476195,90.7936507936508,6.984126984126984,83.80952380952381
E00079925,243,40,18,22,203,19,184,16.46090534979424,7.4074074074074066,9.053497942386832,83.53909465020575,7.818930041152264,75.7201646090535
E00079926,330,30,15,15,300,20,280,9.090909090909092,4.545454545454546,4.545454545454546,90.9090909090909,6.0606060606060606,84.84848484848484
E00079927,156,76,49,27,80,10,70,48.717948717948715,31.41025641025641,17.307692307692307,51.28205128205128,6.41025641025641,44.871794871794876
E00079928,265,47,24,23,218,18,200,17.735849056603772,9.056603773584905,8.679245283018867,82.26415094339623,6.7924528301886795,75.47169811320755
E00079929,315,32,14,18,283,23,260,10.158730158730158,4.444444444444445,5.714285714285714,89.84126984126985,7.301587301587302,82.53968253968253
E00079930,242,77,43,34,165,14,151,31.818181818181817,17.768595041322314,14.049586776859504,68.18181818181817,5.785123966942149,62.396694214876035
E00079931,263,40,16,24,223,15,208,15.209125475285171,6.083650190114068,9.125475285171103,84.79087452471484,5.7034220532319395,79.08745247148289
E00079932,376,72,34,38,304,22,282,19.148936170212767,9.042553191489363,10.106382978723403,80.85106382978722,5.851063829787234,75
E00079933,373,59,26,33,314,12,302,15.81769436997319,6.970509383378016,8.847184986595174,84.1823056300268,3.2171581769436997,80.9651474530831
E00173271,306,38,18,20,268,10,258,12.418300653594772,5.88235294117647,6.535947712418301,87.58169934640523,3.2679738562091507,84.31372549019608
E00173276,418,52,29,23,366,10,356,12.440191387559809,6.937799043062201,5.502392344497608,87.5598086124402,2.3923444976076556,85.16746411483254
E00173277,389,38,19,19,351,12,339,9.768637532133676,4.884318766066838,4.884318766066838,90.23136246786633,3.0848329048843186,87.146529562982
E00173279,464,46,21,25,418,9,409,9.913793103448276,4.525862068965517,5.387931034482758,90.08620689655173,1.9396551724137931,88.14655172413794
E00173281,383,84,35,49,299,10,289,21.93211488250653,9.138381201044385,12.793733681462141,78.06788511749347,2.610966057441253,75.45691906005221
E00173284,178,41,11,30,137,5,132,23.03370786516854,6.179775280898876,16.853932584269664,76.96629213483146,2.8089887640449436,74.15730337078652
E00173285,203,17,6,11,186,13,173,8.374384236453201,2.955665024630542,5.41871921182266,91.62561576354679,6.403940886699508,85.22167487684729
E00173287,345,52,20,32,293,17,276,15.072463768115943,5.797101449275362,9.27536231884058,84.92753623188406,4.9275362318840585,80
E00173290,209,33,18,15,176,15,161,15.789473684210526,8.61244019138756,7.177033492822966,84.21052631578947,7.177033492822966,77.03349282296651
E00173291,169,19,8,11,150,8,142,11.242603550295858,4.733727810650888,6.508875739644971,88.75739644970415,4.733727810650888,84.02366863905326
E00173606,229,27,8,19,202,10,192,11.790393013100436,3.4934497816593884,8.296943231441048,88.20960698689956,4.366812227074235,83.84279475982532
E00173607,422,46,21,25,376,9,367,10.90047393364929,4.976303317535545,5.924170616113744,89.0995260663507,2.132701421800948,86.96682464454977
E00173609,250,20,10,10,230,10,220,8,4,4,92,4,88
E00173612,320,28,15,13,292,8,284,8.75,4.6875,4.0625,91.25,2.5,88.75
E00173613,406,34,16,18,372,20,352,8.374384236453201,3.9408866995073892,4.433497536945813,91.62561576354679,4.926108374384237,86.69950738916256
E00173615,389,50,24,26,339,13,326,12.853470437017995,6.169665809768637,6.683804627249357,87.146529562982,3.3419023136246784,83.80462724935732
E00173616,260,32,13,19,228,7,221,12.307692307692308,5,7.307692307692308,87.6923076923077,2.6923076923076925,85
E00173618,338,41,15,26,297,11,286,12.1301775147929,4.437869822485207,7.6923076923076925,87.86982248520711,3.2544378698224854,84.61538461538461
E00173620,384,35,15,20,349,5,344,9.114583333333332,3.90625,5.208333333333334,90.88541666666666,1.3020833333333335,89.58333333333334
E00173621,581,68,30,38,513,15,498,11.703958691910499,5.163511187607573,6.540447504302927,88.2960413080895,2.5817555938037864,85.71428571428571
E00173623,198,22,9,13,176,2,174,11.11111111111111,4.545454545454546,6.565656565656567,88.88888888888889,1.0101010101010102,87.87878787878788
E00173626,241,27,11,16,214,6,208,11.20331950207469,4.564315352697095,6.639004149377594,88.79668049792531,2.4896265560165975,86.30705394190872
E00173627,529,64,28,36,465,14,451,12.098298676748582,5.293005671077505,6.805293005671078,87.90170132325142,2.6465028355387523,85.25519848771268
E00173658,399,44,23,21,355,5,350,11.027568922305765,5.764411027568922,5.263157894736842,88.97243107769424,1.2531328320802004,87.71929824561403
E00173660,322,29,10,19,293,4,289,9.006211180124224,3.1055900621118013,5.900621118012422,90.99378881987577,1.2422360248447204,89.75155279503106
E00173662,227,23,16,7,204,6,198,10.13215859030837,7.048458149779736,3.0837004405286343,89.86784140969164,2.643171806167401,87.22466960352423
E00173663,290,17,6,11,273,9,264,5.862068965517241,2.0689655172413794,3.793103448275862,94.13793103448276,3.103448275862069,91.0344827586207
E00173665,239,10,2,8,229,10,219,4.184100418410042,0.8368200836820083,3.3472803347280333,95.81589958158996,4.184100418410042,91.63179916317992
E00173666,494,64,37,27,430,17,413,12.955465587044534,7.489878542510121,5.465587044534413,87.04453441295547,3.4412955465587043,83.60323886639675
E00173668,416,30,9,21,386,8,378,7.211538461538461,2.1634615384615383,5.048076923076923,92.78846153846155,1.9230769230769231,90.86538461538461
E00173669,408,40,14,26,368,17,351,9.803921568627452,3.431372549019608,6.372549019607843,90.19607843137256,4.166666666666666,86.02941176470588
E00173671,423,41,20,21,382,7,375,9.692671394799055,4.7281323877068555,4.964539007092199,90.30732860520094,1.6548463356973995,88.65248226950354
E00177030,398,71,35,36,327,16,311,17.839195979899497,8.793969849246231,9.045226130653267,82.1608040201005,4.0201005025125625,78.14070351758794
E00177033,279,51,22,29,228,17,211,18.27956989247312,7.885304659498208,10.39426523297491,81.72043010752688,6.093189964157706,75.62724014336918
E00177036,247,41,25,16,206,9,197,16.599190283400812,10.121457489878543,6.477732793522267,83.40080971659918,3.643724696356275,79.75708502024291
E00177040,291,11,6,5,280,5,275,3.7800687285223367,2.0618556701030926,1.718213058419244,96.21993127147766,1.718213058419244,94.50171821305841
E00177043,314,48,23,25,266,8,258,15.286624203821656,7.32484076433121,7.961783439490445,84.71337579617835,2.547770700636943,82.16560509554141
E00177044,196,22,7,15,174,4,170,11.224489795918368,3.571428571428571,7.653061224489796,88.77551020408163,2.0408163265306123,86.73469387755102
E00177046,163,12,6,6,151,0,151,7.361963190184049,3.6809815950920246,3.6809815950920246,92.63803680981594,0,92.63803680981594
E00177061,160,14,3,11,146,5,141,8.75,1.875,6.875000000000001,91.25,3.125,88.125
E00177068,225,29,15,14,196,3,193,12.88888888888889,6.666666666666667,6.222222222222222,87.1111111111111,1.3333333333333335,85.77777777777777
E00177070,298,33,17,16,265,14,251,11.073825503355705,5.704697986577181,5.369127516778524,88.9261744966443,4.697986577181208,84.22818791946308
E00177074,434,39,21,18,395,21,374,8.986175115207374,4.838709677419355,4.147465437788019,91.01382488479263,4.838709677419355,86.17511520737328
E00177075,515,55,21,34,460,13,447,10.679611650485436,4.077669902912621,6.601941747572816,89.32038834951457,2.524271844660194,86.79611650485437
E00177077,455,56,24,32,399,16,383,12.307692307692308,5.274725274725275,7.032967032967033,87.6923076923077,3.5164835164835164,84.17582417582418
E00177078,398,52,21,31,346,5,341,13.06532663316583,5.276381909547738,7.788944723618091,86.93467336683418,1.256281407035176,85.678391959799
E00177079,153,7,0,7,146,6,140,4.57516339869281,0,4.57516339869281,95.42483660130719,3.9215686274509802,91.50326797385621
E00177085,168,6,3,3,162,6,156,3.571428571428571,1.7857142857142856,1.7857142857142856,96.42857142857143,3.571428571428571,92.85714285714286
E00177089,171,11,4,7,160,3,157,6.432748538011696,2.3391812865497075,4.093567251461988,93.56725146198829,1.7543859649122806,91.81286549707602
E00177093,247,20,5,15,227,15,212,8.097165991902834,2.0242914979757085,6.0728744939271255,91.90283400809717,6.0728744939271255,85.82995951417004
E00177097,284,27,8,19,257,17,240,9.507042253521126,2.8169014084507045,6.690140845070422,90.49295774647888,5.985915492957746,84.50704225352112
E00177099,531,78,30,48,453,31,422,14.689265536723164,5.649717514124294,9.03954802259887,85.31073446327684,5.83804143126177,79.47269303201506
E00177100,155,26,12,14,129,3,126,16.7741935483871,7.741935483870968,9.032258064516128,83.22580645161291,1.935483870967742,81.29032258064515
E00177102,300,40,15,25,260,8,252,13.333333333333334,5,8.333333333333332,86.66666666666667,2.666666666666667,84
E00177109,423,48,21,27,375,15,360,11.347517730496454,4.964539007092199,6.382978723404255,88.65248226950354,3.546099290780142,85.1063829787234
E00177112,178,39,19,20,139,7,132,21.910112359550563,10.674157303370785,11.235955056179774,78.08988764044943,3.932584269662921,74.15730337078652
E00177114,248,46,26,20,202,11,191,18.548387096774192,10.483870967741936,8.064516129032258,81.45161290322581,4.435483870967742,77.01612903225806
E00177122,554,73,32,41,481,8,473,13.176895306859207,5.776173285198556,7.400722021660649,86.82310469314079,1.444043321299639,85.37906137184116
E00177127,139,19,9,10,120,3,117,13.66906474820144,6.474820143884892,7.1942446043165464,86.33093525179856,2.158273381294964,84.17266187050359
E00177128,449,57,25,32,392,14,378,12.694877505567929,5.56792873051225,7.126948775055679,87.30512249443207,3.11804008908686,84.18708240534521
E00177133,511,49,15,34,462,6,456,9.58904109589041,2.935420743639922,6.653620352250488,90.41095890410958,1.1741682974559686,89.23679060665361
E00177136,435,40,16,24,395,20,375,9.195402298850574,3.67816091954023,5.517241379310345,90.80459770114942,4.597701149425287,86.20689655172413
E00177139,219,13,4,9,206,5,201,5.93607305936073,1.82648401826484,4.10958904109589,94.06392694063926,2.28310502283105,91.78082191780823
E00177140,532,107,59,48,425,18,407,20.112781954887218,11.090225563909774,9.022556390977442,79.88721804511279,3.3834586466165413,76.50375939849624
E00177146,476,39,20,19,437,18,419,8.193277310924369,4.201680672268908,3.9915966386554618,91.80672268907563,3.7815126050420167,88.02521008403362
E00177148,189,24,12,12,165,2,163,12.698412698412698,6.349206349206349,6.349206349206349,87.3015873015873,1.0582010582010581,86.24338624338624
E00177149,372,27,8,19,345,14,331,7.258064516129033,2.1505376344086025,5.10752688172043,92.74193548387096,3.763440860215054,88.97849462365592
E00177151,526,89,34,55,437,11,426,16.920152091254753,6.4638783269961975,10.456273764258556,83.07984790874525,2.091254752851711,80.98859315589354
E00177153,133,4,0,4,129,7,122,3.007518796992481,0,3.007518796992481,96.99248120300751,5.263157894736842,91.72932330827066
E00177155,464,68,29,39,396,7,389,14.655172413793101,6.25,8.405172413793103,85.34482758620689,1.5086206896551724,83.83620689655173
E00177156,589,57,31,26,532,5,527,9.67741935483871,5.263157894736842,4.4142614601018675,90.32258064516128,0.8488964346349746,89.47368421052632
E00177157,413,45,17,28,368,18,350,10.895883777239709,4.116222760290557,6.779661016949152,89.10411622276028,4.358353510895883,84.7457627118644
E00177159,335,32,16,16,303,0,303,9.55223880597015,4.776119402985075,4.776119402985075,90.44776119402985,0,90.44776119402985
E00177169,403,60,23,37,343,14,329,14.888337468982629,5.707196029776675,9.181141439205955,85.11166253101737,3.4739454094292808,81.6377171215881
E00177185,346,32,16,16,314,14,300,9.248554913294797,4.624277456647398,4.624277456647398,90.7514450867052,4.046242774566474,86.70520231213872
E00177191,183,9,1,8,174,7,167,4.918032786885246,0.546448087431694,4.371584699453552,95.08196721311475,3.825136612021858,91.2568306010929
E00177197,220,15,2,13,205,3,202,6.8181818181818175,0.9090909090909091,5.909090909090909,93.18181818181817,1.3636363636363635,91.81818181818183
E00177198,151,18,5,13,133,0,133,11.920529801324504,3.3112582781456954,8.609271523178808,88.0794701986755,0,88.0794701986755
E00177203,296,29,11,18,267,9,258,9.797297297297296,3.7162162162162162,6.081081081081082,90.2027027027027,3.040540540540541,87.16216216216216
E00177205,132,19,10,9,113,9,104,14.393939393939394,7.575757575757576,6.8181818181818175,85.60606060606061,6.8181818181818175,78.78787878787878
E00177211,294,46,22,24,248,8,240,15.646258503401361,7.482993197278912,8.16326530612245,84.35374149659864,2.7210884353741496,81.63265306122449
E00177218,151,23,13,10,128,3,125,15.2317880794702,8.609271523178808,6.622516556291391,84.76821192052981,1.9867549668874174,82.78145695364239
E00177219,349,39,10,29,310,20,290,11.174785100286533,2.865329512893983,8.30945558739255,88.82521489971347,5.730659025787966,83.0945558739255
E00177220,166,12,8,4,154,4,150,7.228915662650602,4.819277108433735,2.4096385542168677,92.7710843373494,2.4096385542168677,90.36144578313254
E00177221,430,44,28,16,386,6,380,10.232558139534884,6.511627906976744,3.7209302325581395,89.76744186046511,1.3953488372093024,88.37209302325581
E00177222,333,19,3,16,314,17,297,5.7057057057057055,0.9009009009009009,4.804804804804805,94.29429429429429,5.105105105105105,89.1891891891892
E00177224,362,42,16,26,320,20,300,11.602209944751381,4.41988950276243,7.18232044198895,88.39779005524862,5.524861878453039,82.87292817679558
E00177225,469,60,26,34,409,13,396,12.79317697228145,5.543710021321962,7.249466950959488,87.20682302771856,2.771855010660981,84.43496801705757
E00177234,127,11,8,3,116,4,112,8.661417322834646,6.299212598425196,2.3622047244094486,91.33858267716536,3.149606299212598,88.18897637795276
E00177235,587,104,47,57,483,18,465,17.717206132879046,8.006814310051109,9.710391822827939,82.28279386712096,3.0664395229982966,79.21635434412265
E00177236,351,58,25,33,293,20,273,16.524216524216524,7.122507122507122,9.401709401709402,83.47578347578347,5.698005698005698,77.77777777777779
