OA,ts0380001,ts0380002,ts0380003,ts0380004,ts0380005,ts0380006,ts0380007,ts0380002_PCT,ts0380003_PCT,ts0380004_PCT,ts0380005_PCT,ts0380006_PCT,ts0380007_PCT
E00022487,399,33,8,25,366,21,345,8.270676691729323,2.0050125313283207,6.265664160401002,91.72932330827066,5.263157894736842,86.46616541353383
E00022488,452,32,5,27,420,38,382,7.079646017699115,1.1061946902654867,5.9734513274336285,92.92035398230088,8.4070796460177,84.51327433628319
E00022489,287,19,8,11,268,17,251,6.620209059233449,2.7874564459930316,3.8327526132404177,93.37979094076655,5.923344947735192,87.45644599303137
E00022490,325,42,17,25,283,24,259,12.923076923076923,5.230769230769231,7.6923076923076925,87.07692307692308,7.384615384615385,79.6923076923077
E00022491,345,24,12,12,321,27,294,6.956521739130435,3.4782608695652173,3.4782608695652173,93.04347826086956,7.82608695652174,85.21739130434783
E00022492,237,46,18,28,191,23,168,19.40928270042194,7.59493670886076,11.814345991561181,80.59071729957806,9.70464135021097,70.88607594936708
E00022493,338,21,0,21,317,19,298,6.21301775147929,0,6.21301775147929,93.78698224852072,5.621301775147929,88.16568047337277
E00022494,372,46,22,24,326,25,301,12.365591397849462,5.913978494623656,6.451612903225806,87.63440860215054,6.720430107526881,80.91397849462365
E00022495,347,50,24,26,297,20,277,14.409221902017292,6.9164265129683,7.492795389048991,85.5907780979827,5.763688760806916,79.82708933717579
E00022497,440,52,26,26,388,40,348,11.818181818181818,5.909090909090909,5.909090909090909,88.18181818181819,9.090909090909092,79.0909090909091
E00022498,353,47,33,14,306,28,278,13.314447592067987,9.34844192634561,3.9660056657223794,86.68555240793201,7.932011331444759,78.75354107648725
E00022499,398,26,8,18,372,33,339,6.532663316582915,2.0100502512562812,4.522613065326634,93.46733668341709,8.291457286432161,85.17587939698493
E00022500,354,36,17,19,318,27,291,10.16949152542373,4.80225988700565,5.367231638418079,89.83050847457628,7.627118644067797,82.20338983050848
E00022501,285,18,11,7,267,16,251,6.315789473684211,3.8596491228070176,2.456140350877193,93.6842105263158,5.614035087719298,88.0701754385965
E00022502,397,35,13,22,362,33,329,8.816120906801007,3.27455919395466,5.541561712846348,91.183879093199,8.312342569269521,82.87153652392946
E00022503,317,32,15,17,285,32,253,10.094637223974763,4.73186119873817,5.3627760252365935,89.90536277602523,10.094637223974763,79.81072555205047
E00022504,298,37,11,26,261,20,241,12.416107382550337,3.691275167785235,8.724832214765101,87.58389261744966,6.7114093959731544,80.87248322147651
E00022505,316,27,9,18,289,26,263,8.544303797468354,2.848101265822785,5.69620253164557,91.45569620253164,8.227848101265822,83.22784810126582
E00022506,291,36,16,20,255,14,241,12.371134020618557,5.498281786941581,6.872852233676976,87.62886597938144,4.810996563573884,82.81786941580756
E00022507,348,23,8,15,325,16,309,6.609195402298851,2.2988505747126435,4.310344827586207,93.39080459770115,4.597701149425287,88.79310344827587
E00022508,440,24,7,17,416,16,400,5.454545454545454,1.5909090909090908,3.8636363636363633,94.54545454545455,3.6363636363636362,90.9090909090909
E00022509,338,27,10,17,311,31,280,7.988165680473373,2.9585798816568047,5.029585798816568,92.01183431952663,9.171597633136095,82.84023668639054
E00022510,432,34,4,30,398,21,377,7.87037037037037,0.9259259259259258,6.944444444444445,92.12962962962963,4.861111111111112,87.26851851851852
E00022511,414,21,8,13,393,18,375,5.072463768115942,1.932367149758454,3.140096618357488,94.92753623188406,4.3478260869565215,90.57971014492753
E00022512,304,37,14,23,267,18,249,12.171052631578947,4.605263157894736,7.565789473684211,87.82894736842105,5.921052631578947,81.9078947368421
E00022513,158,31,15,16,127,13,114,19.62025316455696,9.49367088607595,10.126582278481013,80.37974683544303,8.227848101265822,72.15189873417721
E00022514,372,24,11,13,348,13,335,6.451612903225806,2.956989247311828,3.494623655913978,93.54838709677419,3.494623655913978,90.05376344086021
E00022515,215,29,9,20,186,13,173,13.488372093023257,4.186046511627907,9.30232558139535,86.51162790697674,6.046511627906977,80.46511627906978
E00022516,320,20,8,12,300,24,276,6.25,2.5,3.75,93.75,7.5,86.25
E00022517,490,37,12,25,453,35,418,7.551020408163265,2.4489795918367347,5.1020408163265305,92.44897959183673,7.142857142857142,85.3061224489796
E00022518,272,21,7,14,251,20,231,7.720588235294118,2.5735294117647056,5.147058823529411,92.27941176470588,7.352941176470589,84.92647058823529
E00022519,255,23,5,18,232,27,205,9.019607843137255,1.9607843137254901,7.0588235294117645,90.98039215686275,10.588235294117647,80.3921568627451
E00022520,361,44,22,22,317,19,298,12.18836565096953,6.094182825484765,6.094182825484765,87.81163434903047,5.263157894736842,82.54847645429363
E00022521,245,25,10,15,220,15,205,10.204081632653061,4.081632653061225,6.122448979591836,89.79591836734694,6.122448979591836,83.6734693877551
E00022522,313,30,6,24,283,26,257,9.584664536741213,1.9169329073482428,7.667731629392971,90.41533546325878,8.30670926517572,82.10862619808307
E00022523,352,25,8,17,327,24,303,7.1022727272727275,2.272727272727273,4.829545454545454,92.89772727272727,6.8181818181818175,86.07954545454545
E00022524,244,24,5,19,220,14,206,9.836065573770492,2.0491803278688523,7.786885245901639,90.1639344262295,5.737704918032787,84.42622950819673
E00022525,362,33,7,26,329,23,306,9.116022099447514,1.9337016574585635,7.18232044198895,90.88397790055248,6.353591160220995,84.5303867403315
E00022526,415,34,13,21,381,38,343,8.19277108433735,3.132530120481928,5.0602409638554215,91.80722891566265,9.156626506024097,82.65060240963855
E00022527,289,18,1,17,271,18,253,6.228373702422145,0.34602076124567477,5.88235294117647,93.77162629757785,6.228373702422145,87.5432525951557
E00022528,325,25,5,20,300,16,284,7.6923076923076925,1.5384615384615385,6.153846153846154,92.3076923076923,4.923076923076923,87.38461538461539
E00022529,445,44,10,34,401,34,367,9.887640449438202,2.247191011235955,7.640449438202247,90.11235955056179,7.640449438202247,82.47191011235955
E00022530,302,61,33,28,241,12,229,20.198675496688743,10.927152317880795,9.271523178807946,79.80132450331125,3.9735099337748347,75.82781456953643
E00022531,271,18,4,14,253,21,232,6.642066420664207,1.4760147601476015,5.166051660516605,93.35793357933579,7.7490774907749085,85.60885608856088
E00022532,222,28,7,21,194,16,178,12.612612612612612,3.153153153153153,9.45945945945946,87.38738738738738,7.207207207207207,80.18018018018019
E00022533,255,25,4,21,230,13,217,9.803921568627452,1.5686274509803921,8.235294117647058,90.19607843137256,5.098039215686274,85.09803921568627
E00022534,231,34,17,17,197,13,184,14.71861471861472,7.35930735930736,7.35930735930736,85.28138528138528,5.627705627705628,79.65367965367966
E00022535,265,29,17,12,236,14,222,10.943396226415095,6.415094339622642,4.528301886792453,89.05660377358491,5.283018867924529,83.77358490566039
E00022536,278,21,9,12,257,31,226,7.553956834532374,3.237410071942446,4.316546762589928,92.44604316546763,11.151079136690647,81.29496402877699
E00022537,321,24,8,16,297,25,272,7.476635514018691,2.4922118380062304,4.984423676012461,92.5233644859813,7.78816199376947,84.73520249221184
E00022538,277,34,7,27,243,13,230,12.274368231046932,2.527075812274368,9.747292418772563,87.72563176895306,4.693140794223827,83.03249097472924
E00022539,319,28,12,16,291,16,275,8.77742946708464,3.761755485893417,5.015673981191222,91.22257053291536,5.015673981191222,86.20689655172413
E00022540,256,33,17,16,223,24,199,12.890625,6.640625,6.25,87.109375,9.375,77.734375
E00022541,537,48,14,34,489,38,451,8.938547486033519,2.60707635009311,6.33147113594041,91.06145251396647,7.076350093109869,83.9851024208566
E00022542,329,40,10,30,289,32,257,12.158054711246201,3.0395136778115504,9.118541033434651,87.84194528875379,9.72644376899696,78.11550151975683
E00022543,350,42,20,22,308,30,278,12,5.714285714285714,6.2857142857142865,88,8.571428571428571,79.42857142857143
E00022544,321,41,14,27,280,17,263,12.77258566978193,4.361370716510903,8.411214953271028,87.22741433021807,5.29595015576324,81.93146417445483
E00022545,238,30,12,18,208,20,188,12.605042016806722,5.042016806722689,7.563025210084033,87.39495798319328,8.403361344537815,78.99159663865547
E00022546,345,44,13,31,301,22,279,12.753623188405797,3.768115942028986,8.985507246376812,87.2463768115942,6.3768115942028984,80.8695652173913
E00022547,266,38,8,30,228,17,211,14.285714285714285,3.007518796992481,11.278195488721805,85.71428571428571,6.390977443609022,79.32330827067669
E00022548,239,20,6,14,219,13,206,8.368200836820083,2.510460251046025,5.857740585774058,91.63179916317992,5.439330543933055,86.19246861924687
E00022549,315,32,13,19,283,30,253,10.158730158730158,4.1269841269841265,6.031746031746032,89.84126984126985,9.523809523809524,80.31746031746032
E00022550,267,13,5,8,254,18,236,4.868913857677903,1.8726591760299627,2.9962546816479403,95.13108614232209,6.741573033707865,88.38951310861424
E00022551,146,29,9,20,117,15,102,19.863013698630137,6.164383561643835,13.698630136986301,80.13698630136986,10.273972602739725,69.86301369863014
E00022552,356,31,10,21,325,27,298,8.707865168539326,2.8089887640449436,5.8988764044943816,91.29213483146067,7.584269662921349,83.70786516853933
E00022553,252,27,8,19,225,13,212,10.714285714285714,3.1746031746031744,7.5396825396825395,89.28571428571429,5.158730158730158,84.12698412698413
E00022554,216,38,17,21,178,17,161,17.59259259259259,7.87037037037037,9.722222222222223,82.4074074074074,7.87037037037037,74.53703703703704
E00022555,222,20,6,14,202,26,176,9.00900900900901,2.7027027027027026,6.306306306306306,90.990990990991,11.711711711711711,79.27927927927928
E00022556,284,33,13,20,251,30,221,11.619718309859154,4.577464788732395,7.042253521126761,88.38028169014085,10.56338028169014,77.8169014084507
E00022557,182,21,13,8,161,15,146,11.538461538461538,7.142857142857142,4.395604395604396,88.46153846153845,8.241758241758241,80.21978021978022
E00022558,270,30,12,18,240,19,221,11.11111111111111,4.444444444444445,6.666666666666667,88.88888888888889,7.037037037037037,81.85185185185185
E00022559,266,39,20,19,227,16,211,14.661654135338345,7.518796992481203,7.142857142857142,85.33834586466166,6.015037593984962,79.32330827067669
E00022560,294,28,14,14,266,28,238,9.523809523809524,4.761904761904762,4.761904761904762,90.47619047619048,9.523809523809524,80.95238095238095
E00022561,217,26,10,16,191,15,176,11.981566820276496,4.6082949308755765,7.373271889400922,88.0184331797235,6.912442396313365,81.10599078341014
E00022562,266,28,6,22,238,22,216,10.526315789473683,2.2556390977443606,8.270676691729323,89.47368421052632,8.270676691729323,81.203007518797
E00022563,281,16,3,13,265,22,243,5.6939501779359425,1.0676156583629894,4.6263345195729535,94.30604982206405,7.829181494661921,86.47686832740213
E00022564,264,37,13,24,227,16,211,14.015151515151514,4.924242424242424,9.090909090909092,85.98484848484848,6.0606060606060606,79.92424242424242
E00022565,230,33,10,23,197,17,180,14.347826086956522,4.3478260869565215,10,85.65217391304348,7.391304347826087,78.26086956521739
E00022566,266,21,7,14,245,13,232,7.894736842105263,2.631578947368421,5.263157894736842,92.10526315789474,4.887218045112782,87.21804511278195
E00022567,306,46,21,25,260,14,246,15.032679738562091,6.862745098039216,8.169934640522875,84.9673202614379,4.57516339869281,80.3921568627451
E00022568,282,25,7,18,257,17,240,8.865248226950355,2.4822695035460995,6.382978723404255,91.13475177304964,6.028368794326241,85.1063829787234
E00022569,295,16,5,11,279,31,248,5.423728813559322,1.694915254237288,3.728813559322034,94.57627118644068,10.508474576271185,84.06779661016948
E00022570,264,54,16,38,210,12,198,20.454545454545457,6.0606060606060606,14.393939393939394,79.54545454545455,4.545454545454546,75
E00022571,284,39,11,28,245,18,227,13.732394366197184,3.873239436619718,9.859154929577464,86.26760563380282,6.338028169014084,79.92957746478874
E00022572,233,21,0,21,212,19,193,9.012875536480687,0,9.012875536480687,90.98712446351931,8.15450643776824,82.83261802575107
E00022573,203,25,13,12,178,13,165,12.31527093596059,6.403940886699508,5.911330049261084,87.68472906403942,6.403940886699508,81.2807881773399
E00022574,370,31,11,20,339,20,319,8.378378378378379,2.9729729729729732,5.405405405405405,91.62162162162161,5.405405405405405,86.21621621621621
E00022575,430,53,23,30,377,28,349,12.325581395348838,5.348837209302325,6.976744186046512,87.67441860465117,6.511627906976744,81.16279069767441
E00022576,334,34,18,16,300,26,274,10.179640718562874,5.389221556886228,4.790419161676647,89.82035928143712,7.784431137724551,82.03592814371258
E00022577,312,35,14,21,277,21,256,11.217948717948719,4.487179487179487,6.730769230769231,88.78205128205127,6.730769230769231,82.05128205128204
E00022579,492,89,55,34,403,42,361,18.089430894308943,11.178861788617885,6.910569105691057,81.91056910569105,8.536585365853659,73.3739837398374
E00022580,369,48,16,32,321,30,291,13.008130081300814,4.336043360433604,8.672086720867208,86.99186991869918,8.130081300813007,78.86178861788618
E00022581,361,58,23,35,303,20,283,16.06648199445983,6.3711911357340725,9.695290858725762,83.93351800554017,5.540166204986149,78.39335180055402
E00022582,399,68,34,34,331,22,309,17.042606516290725,8.521303258145362,8.521303258145362,82.95739348370927,5.513784461152882,77.44360902255639
E00022583,573,68,28,40,505,21,484,11.8673647469459,4.886561954624781,6.980802792321117,88.1326352530541,3.664921465968586,84.46771378708551
E00022585,391,47,20,27,344,24,320,12.020460358056265,5.115089514066496,6.905370843989769,87.97953964194375,6.138107416879795,81.84143222506394
E00022586,248,39,14,25,209,15,194,15.725806451612904,5.64516129032258,10.080645161290322,84.2741935483871,6.048387096774194,78.2258064516129
E00022587,237,16,2,14,221,15,206,6.751054852320674,0.8438818565400843,5.9071729957805905,93.24894514767934,6.329113924050633,86.91983122362869
E00022588,197,20,8,12,177,19,158,10.152284263959391,4.060913705583756,6.091370558375635,89.84771573604061,9.644670050761421,80.20304568527918
E00022589,409,33,14,19,376,31,345,8.06845965770171,3.4229828850855744,4.645476772616137,91.93154034229829,7.579462102689487,84.3520782396088
E00022590,224,22,8,14,202,19,183,9.821428571428571,3.571428571428571,6.25,90.17857142857143,8.482142857142858,81.69642857142857
E00022591,305,27,13,14,278,25,253,8.852459016393443,4.2622950819672125,4.590163934426229,91.14754098360656,8.19672131147541,82.95081967213115
E00022592,403,50,28,22,353,17,336,12.40694789081886,6.9478908188585615,5.459057071960298,87.59305210918114,4.218362282878412,83.37468982630273
E00022593,347,29,11,18,318,16,302,8.357348703170029,3.170028818443804,5.187319884726225,91.64265129682997,4.610951008645533,87.03170028818444
E00022594,329,19,5,14,310,13,297,5.775075987841945,1.5197568389057752,4.25531914893617,94.22492401215806,3.951367781155015,90.27355623100304
E00022595,246,17,1,16,229,13,216,6.910569105691057,0.40650406504065045,6.504065040650407,93.08943089430895,5.284552845528456,87.8048780487805
E00022596,274,23,12,11,251,20,231,8.394160583941606,4.37956204379562,4.014598540145985,91.6058394160584,7.2992700729927,84.30656934306569
E00022597,260,43,24,19,217,5,212,16.538461538461537,9.230769230769232,7.307692307692308,83.46153846153847,1.9230769230769231,81.53846153846153
E00022598,316,41,22,19,275,17,258,12.974683544303797,6.962025316455696,6.012658227848101,87.0253164556962,5.379746835443038,81.64556962025317
E00022599,331,30,12,18,301,22,279,9.06344410876133,3.625377643504532,5.438066465256798,90.93655589123867,6.646525679758309,84.29003021148036
E00022600,269,22,4,18,247,15,232,8.178438661710038,1.486988847583643,6.691449814126393,91.82156133828995,5.5762081784386615,86.2453531598513
E00022601,256,20,6,14,236,15,221,7.8125,2.34375,5.46875,92.1875,5.859375,86.328125
E00022603,345,24,5,19,321,19,302,6.956521739130435,1.4492753623188406,5.507246376811594,93.04347826086956,5.507246376811594,87.53623188405797
E00022604,357,22,4,18,335,28,307,6.162464985994398,1.1204481792717087,5.042016806722689,93.8375350140056,7.8431372549019605,85.99439775910365
E00022605,279,22,3,19,257,14,243,7.885304659498208,1.0752688172043012,6.810035842293908,92.1146953405018,5.017921146953405,87.09677419354838
E00022606,356,62,34,28,294,24,270,17.415730337078653,9.550561797752808,7.865168539325842,82.58426966292134,6.741573033707865,75.84269662921348
E00022607,244,15,2,13,229,26,203,6.147540983606557,0.819672131147541,5.327868852459016,93.85245901639344,10.655737704918032,83.19672131147541
E00022608,236,46,22,24,190,9,181,19.491525423728813,9.322033898305085,10.16949152542373,80.50847457627118,3.8135593220338984,76.69491525423729
E00022609,313,25,6,19,288,22,266,7.987220447284344,1.9169329073482428,6.070287539936102,92.01277955271566,7.0287539936102235,84.98402555910543
E00022610,318,23,9,14,295,20,275,7.232704402515723,2.8301886792452833,4.40251572327044,92.76729559748428,6.289308176100629,86.47798742138365
E00022611,325,51,17,34,274,17,257,15.692307692307692,5.230769230769231,10.461538461538462,84.3076923076923,5.230769230769231,79.07692307692308
E00022612,413,55,28,27,358,26,332,13.317191283292978,6.779661016949152,6.5375302663438255,86.68280871670703,6.2953995157385,80.38740920096852
E00022613,295,21,7,14,274,14,260,7.118644067796611,2.3728813559322033,4.745762711864407,92.88135593220339,4.745762711864407,88.13559322033898
E00022614,304,34,14,20,270,20,250,11.18421052631579,4.605263157894736,6.578947368421052,88.81578947368422,6.578947368421052,82.23684210526315
E00022615,412,34,13,21,378,27,351,8.25242718446602,3.1553398058252426,5.097087378640777,91.74757281553399,6.553398058252427,85.19417475728154
E00022616,328,53,19,34,275,16,259,16.158536585365855,5.7926829268292686,10.365853658536585,83.84146341463415,4.878048780487805,78.96341463414635
E00022618,261,34,14,20,227,19,208,13.026819923371647,5.363984674329502,7.662835249042145,86.97318007662835,7.2796934865900385,79.6934865900383
E00022619,462,33,12,21,429,39,390,7.142857142857142,2.5974025974025974,4.545454545454546,92.85714285714286,8.441558441558442,84.4155844155844
E00022620,322,28,8,20,294,21,273,8.695652173913043,2.484472049689441,6.211180124223603,91.30434782608695,6.521739130434782,84.78260869565217
E00022621,302,21,11,10,281,28,253,6.95364238410596,3.642384105960265,3.3112582781456954,93.04635761589404,9.271523178807946,83.77483443708608
E00022622,446,63,28,35,383,16,367,14.125560538116591,6.278026905829597,7.847533632286996,85.87443946188341,3.587443946188341,82.28699551569507
E00022623,377,35,13,22,342,27,315,9.283819628647215,3.4482758620689653,5.835543766578249,90.71618037135278,7.161803713527852,83.55437665782493
E00022624,247,14,5,9,233,22,211,5.668016194331984,2.0242914979757085,3.643724696356275,94.33198380566802,8.906882591093117,85.4251012145749
E00022625,317,46,20,26,271,22,249,14.511041009463725,6.309148264984227,8.201892744479496,85.48895899053628,6.940063091482649,78.54889589905363
E00022626,285,23,5,18,262,24,238,8.070175438596491,1.7543859649122806,6.315789473684211,91.9298245614035,8.421052631578947,83.50877192982456
E00022627,272,28,12,16,244,16,228,10.294117647058822,4.411764705882353,5.88235294117647,89.70588235294117,5.88235294117647,83.82352941176471
E00022628,297,28,9,19,269,18,251,9.427609427609427,3.0303030303030303,6.397306397306397,90.57239057239057,6.0606060606060606,84.51178451178451
E00022629,281,37,16,21,244,24,220,13.167259786476867,5.6939501779359425,7.473309608540925,86.83274021352312,8.540925266903916,78.29181494661923
E00022630,175,15,5,10,160,11,149,8.571428571428571,2.857142857142857,5.714285714285714,91.42857142857143,6.2857142857142865,85.14285714285714
E00022631,378,29,9,20,349,22,327,7.671957671957672,2.380952380952381,5.291005291005291,92.32804232804233,5.82010582010582,86.5079365079365
E00022632,238,45,22,23,193,21,172,18.907563025210084,9.243697478991598,9.663865546218489,81.09243697478992,8.823529411764707,72.26890756302521
E00022633,202,18,2,16,184,13,171,8.91089108910891,0.9900990099009901,7.920792079207921,91.0891089108911,6.435643564356436,84.65346534653465
E00022634,344,42,10,32,302,29,273,12.209302325581394,2.9069767441860463,9.30232558139535,87.79069767441861,8.430232558139535,79.36046511627907
E00022635,210,20,8,12,190,14,176,9.523809523809524,3.8095238095238098,5.714285714285714,90.47619047619048,6.666666666666667,83.80952380952381
E00022636,260,23,5,18,237,14,223,8.846153846153847,1.9230769230769231,6.923076923076923,91.15384615384615,5.384615384615385,85.76923076923076
E00022637,229,26,9,17,203,12,191,11.353711790393014,3.9301310043668125,7.423580786026202,88.64628820960698,5.240174672489083,83.4061135371179
E00022638,264,28,12,16,236,15,221,10.606060606060606,4.545454545454546,6.0606060606060606,89.39393939393939,5.681818181818182,83.71212121212122
E00022639,389,62,26,36,327,16,311,15.938303341902312,6.683804627249357,9.254498714652955,84.06169665809769,4.113110539845758,79.94858611825192
E00022640,311,26,4,22,285,26,259,8.360128617363344,1.2861736334405145,7.07395498392283,91.63987138263666,8.360128617363344,83.27974276527331
E00022641,314,42,20,22,272,13,259,13.375796178343949,6.369426751592357,7.006369426751593,86.62420382165605,4.140127388535031,82.48407643312102
E00022642,302,68,22,46,234,19,215,22.516556291390728,7.28476821192053,15.2317880794702,77.48344370860927,6.291390728476822,71.19205298013244
E00022643,336,40,14,26,296,31,265,11.904761904761903,4.166666666666666,7.738095238095238,88.09523809523809,9.226190476190476,78.86904761904762
E00022644,271,30,6,24,241,17,224,11.07011070110701,2.214022140221402,8.856088560885608,88.92988929889299,6.273062730627306,82.65682656826569
E00022645,224,24,6,18,200,16,184,10.714285714285714,2.6785714285714284,8.035714285714286,89.28571428571429,7.142857142857142,82.14285714285714
E00022646,325,31,7,24,294,20,274,9.538461538461538,2.1538461538461537,7.384615384615385,90.46153846153845,6.153846153846154,84.3076923076923
E00022647,237,22,9,13,215,17,198,9.282700421940929,3.79746835443038,5.485232067510549,90.71729957805907,7.172995780590717,83.54430379746836
E00022648,277,38,21,17,239,15,224,13.718411552346572,7.581227436823104,6.137184115523466,86.28158844765343,5.415162454873646,80.86642599277978
E00022650,385,26,8,18,359,15,344,6.753246753246753,2.0779220779220777,4.675324675324675,93.24675324675324,3.896103896103896,89.35064935064935
E00022651,317,27,13,14,290,12,278,8.517350157728707,4.100946372239748,4.416403785488959,91.48264984227129,3.7854889589905363,87.69716088328076
E00022652,339,60,33,27,279,14,265,17.699115044247787,9.734513274336283,7.964601769911504,82.30088495575221,4.129793510324483,78.17109144542773
E00022653,270,33,13,20,237,27,210,12.222222222222221,4.814814814814815,7.4074074074074066,87.77777777777777,10,77.77777777777779
E00022654,308,27,9,18,281,24,257,8.766233766233766,2.922077922077922,5.844155844155844,91.23376623376623,7.792207792207792,83.44155844155844
E00022655,345,25,7,18,320,21,299,7.246376811594203,2.0289855072463765,5.217391304347826,92.7536231884058,6.086956521739131,86.66666666666667
E00022656,325,24,10,14,301,15,286,7.384615384615385,3.076923076923077,4.3076923076923075,92.61538461538461,4.615384615384616,88
E00022657,303,25,5,20,278,25,253,8.25082508250825,1.65016501650165,6.6006600660066,91.74917491749174,8.25082508250825,83.4983498349835
E00022658,285,32,6,26,253,22,231,11.228070175438596,2.1052631578947367,9.12280701754386,88.7719298245614,7.719298245614035,81.05263157894737
E00022659,313,28,11,17,285,25,260,8.945686900958465,3.5143769968051117,5.431309904153355,91.05431309904152,7.987220447284344,83.06709265175719
E00022660,271,34,16,18,237,21,216,12.546125461254611,5.904059040590406,6.642066420664207,87.4538745387454,7.7490774907749085,79.70479704797047
E00022661,236,37,11,26,199,14,185,15.677966101694915,4.661016949152542,11.016949152542372,84.32203389830508,5.932203389830509,78.38983050847457
E00022662,309,25,4,21,284,16,268,8.090614886731391,1.2944983818770228,6.796116504854369,91.9093851132686,5.177993527508091,86.73139158576052
E00022663,261,25,11,14,236,21,215,9.578544061302683,4.21455938697318,5.363984674329502,90.42145593869732,8.045977011494253,82.37547892720306
E00022664,276,27,10,17,249,17,232,9.782608695652174,3.6231884057971016,6.159420289855073,90.21739130434783,6.159420289855073,84.05797101449275
E00022665,279,29,8,21,250,21,229,10.39426523297491,2.867383512544803,7.526881720430108,89.6057347670251,7.526881720430108,82.07885304659499
E00022666,242,30,9,21,212,20,192,12.396694214876034,3.71900826446281,8.677685950413224,87.60330578512396,8.264462809917356,79.33884297520662
E00022667,468,37,7,30,431,43,388,7.905982905982905,1.4957264957264957,6.41025641025641,92.09401709401709,9.18803418803419,82.90598290598291
E00022668,304,58,16,42,246,27,219,19.078947368421055,5.263157894736842,13.815789473684212,80.92105263157895,8.881578947368421,72.03947368421053
E00022669,352,21,4,17,331,23,308,5.965909090909091,1.1363636363636365,4.829545454545454,94.0340909090909,6.534090909090909,87.5
E00022672,305,46,15,31,259,19,240,15.081967213114755,4.918032786885246,10.163934426229508,84.91803278688525,6.229508196721312,78.68852459016394
E00022673,304,19,8,11,285,23,262,6.25,2.631578947368421,3.618421052631579,93.75,7.565789473684211,86.18421052631578
E00022674,430,43,14,29,387,23,364,10,3.255813953488372,6.744186046511628,90,5.348837209302325,84.65116279069768
E00022675,299,40,10,30,259,19,240,13.377926421404682,3.3444816053511706,10.033444816053512,86.62207357859532,6.354515050167224,80.2675585284281
E00022676,236,24,8,16,212,9,203,10.16949152542373,3.389830508474576,6.779661016949152,89.83050847457628,3.8135593220338984,86.01694915254238
E00022677,470,40,6,34,430,30,400,8.51063829787234,1.276595744680851,7.234042553191489,91.48936170212765,6.382978723404255,85.1063829787234
E00022678,338,47,18,29,291,37,254,13.905325443786982,5.325443786982249,8.579881656804734,86.09467455621301,10.946745562130179,75.14792899408283
E00022679,304,24,9,15,280,18,262,7.894736842105263,2.9605263157894735,4.934210526315789,92.10526315789474,5.921052631578947,86.18421052631578
E00022680,261,16,8,8,245,14,231,6.130268199233716,3.065134099616858,3.065134099616858,93.86973180076629,5.363984674329502,88.50574712643679
E00022681,190,37,10,27,153,11,142,19.473684210526315,5.263157894736842,14.210526315789473,80.52631578947368,5.7894736842105265,74.73684210526315
E00022684,323,25,9,16,298,22,276,7.739938080495357,2.786377708978328,4.953560371517028,92.26006191950464,6.811145510835913,85.44891640866872
E00022685,280,18,4,14,262,22,240,6.428571428571428,1.4285714285714286,5,93.57142857142857,7.857142857142857,85.71428571428571
E00022686,207,18,5,13,189,19,170,8.695652173913043,2.4154589371980677,6.280193236714976,91.30434782608695,9.178743961352657,82.1256038647343
E00022688,255,20,5,15,235,19,216,7.8431372549019605,1.9607843137254901,5.88235294117647,92.15686274509804,7.450980392156863,84.70588235294117
E00022689,294,42,10,32,252,18,234,14.285714285714285,3.4013605442176873,10.884353741496598,85.71428571428571,6.122448979591836,79.59183673469387
E00022690,297,30,16,14,267,18,249,10.1010101010101,5.387205387205387,4.713804713804714,89.8989898989899,6.0606060606060606,83.83838383838383
E00022691,290,29,8,21,261,10,251,10,2.7586206896551726,7.241379310344828,90,3.4482758620689653,86.55172413793103
E00022692,402,47,18,29,355,24,331,11.691542288557214,4.477611940298507,7.213930348258707,88.30845771144278,5.970149253731343,82.33830845771143
E00022693,257,20,5,15,237,13,224,7.782101167315175,1.9455252918287937,5.836575875486381,92.21789883268482,5.058365758754864,87.15953307392996
E00022694,251,24,11,13,227,19,208,9.56175298804781,4.382470119521913,5.179282868525896,90.43824701195219,7.569721115537849,82.86852589641434
E00022695,320,38,18,20,282,23,259,11.875,5.625,6.25,88.125,7.187499999999999,80.9375
E00022696,265,28,9,19,237,19,218,10.566037735849058,3.3962264150943398,7.169811320754717,89.43396226415095,7.169811320754717,82.26415094339623
E00022697,295,23,12,11,272,12,260,7.796610169491526,4.067796610169491,3.728813559322034,92.20338983050847,4.067796610169491,88.13559322033898
E00022698,254,16,3,13,238,15,223,6.299212598425196,1.1811023622047243,5.118110236220472,93.7007874015748,5.905511811023622,87.79527559055119
E00022699,278,21,8,13,257,18,239,7.553956834532374,2.877697841726619,4.676258992805756,92.44604316546763,6.474820143884892,85.97122302158273
E00022700,328,24,5,19,304,20,284,7.317073170731707,1.524390243902439,5.7926829268292686,92.6829268292683,6.097560975609756,86.58536585365853
E00022701,307,30,11,19,277,24,253,9.77198697068404,3.5830618892508146,6.188925081433225,90.22801302931596,7.81758957654723,82.41042345276874
E00022702,251,32,16,16,219,14,205,12.749003984063744,6.374501992031872,6.374501992031872,87.25099601593625,5.577689243027888,81.67330677290838
E00022703,307,30,15,15,277,18,259,9.77198697068404,4.88599348534202,4.88599348534202,90.22801302931596,5.863192182410423,84.36482084690554
E00022704,267,36,15,21,231,18,213,13.48314606741573,5.617977528089887,7.865168539325842,86.51685393258427,6.741573033707865,79.7752808988764
E00022705,292,40,13,27,252,13,239,13.698630136986301,4.4520547945205475,9.246575342465754,86.3013698630137,4.4520547945205475,81.84931506849315
E00022706,311,35,10,25,276,23,253,11.254019292604502,3.215434083601286,8.038585209003216,88.7459807073955,7.395498392282958,81.35048231511254
E00022707,378,39,15,24,339,16,323,10.317460317460316,3.968253968253968,6.349206349206349,89.68253968253968,4.232804232804233,85.44973544973546
E00022708,368,50,24,26,318,23,295,13.586956521739129,6.521739130434782,7.065217391304348,86.41304347826086,6.25,80.16304347826086
E00022709,271,13,6,7,258,17,241,4.797047970479705,2.214022140221402,2.5830258302583027,95.20295202952029,6.273062730627306,88.92988929889299
E00022710,286,20,5,15,266,10,256,6.993006993006993,1.7482517482517483,5.244755244755245,93.00699300699301,3.4965034965034967,89.5104895104895
E00022711,405,46,22,24,359,34,325,11.358024691358025,5.432098765432099,5.9259259259259265,88.64197530864197,8.395061728395062,80.24691358024691
E00022712,333,51,20,31,282,16,266,15.315315315315313,6.006006006006006,9.30930930930931,84.68468468468468,4.804804804804805,79.87987987987988
E00022713,293,27,16,11,266,26,240,9.215017064846416,5.460750853242321,3.754266211604096,90.78498293515358,8.873720136518772,81.91126279863481
E00022714,423,30,4,26,393,22,371,7.092198581560284,0.9456264775413712,6.1465721040189125,92.90780141843972,5.200945626477541,87.70685579196218
E00022716,307,44,17,27,263,8,255,14.332247557003258,5.537459283387622,8.794788273615636,85.66775244299674,2.6058631921824107,83.06188925081433
E00022717,202,33,5,28,169,17,152,16.33663366336634,2.4752475247524752,13.861386138613863,83.66336633663366,8.415841584158416,75.24752475247524
E00022718,293,27,8,19,266,28,238,9.215017064846416,2.7303754266211606,6.484641638225256,90.78498293515358,9.556313993174061,81.22866894197952
E00022719,323,24,6,18,299,19,280,7.430340557275541,1.8575851393188854,5.572755417956656,92.56965944272446,5.88235294117647,86.687306501548
E00022720,517,48,21,27,469,46,423,9.284332688588009,4.061895551257253,5.222437137330754,90.71566731141199,8.897485493230175,81.81818181818183
E00022721,295,32,11,21,263,19,244,10.847457627118644,3.728813559322034,7.118644067796611,89.15254237288136,6.440677966101695,82.71186440677965
E00022722,358,37,7,30,321,26,295,10.335195530726256,1.9553072625698324,8.379888268156424,89.66480446927375,7.262569832402235,82.40223463687151
E00022723,297,22,6,16,275,17,258,7.4074074074074066,2.0202020202020203,5.387205387205387,92.5925925925926,5.723905723905724,86.86868686868688
E00022724,269,21,6,15,248,18,230,7.806691449814126,2.2304832713754648,5.5762081784386615,92.19330855018588,6.691449814126393,85.50185873605948
E00022726,365,53,24,29,312,9,303,14.520547945205479,6.575342465753424,7.9452054794520555,85.47945205479452,2.4657534246575343,83.01369863013699
E00022727,317,41,12,29,276,11,265,12.933753943217665,3.7854889589905363,9.14826498422713,87.06624605678233,3.4700315457413247,83.59621451104101
E00022728,456,69,32,37,387,24,363,15.131578947368421,7.017543859649122,8.114035087719298,84.86842105263158,5.263157894736842,79.60526315789474
E00022729,357,44,19,25,313,15,298,12.324929971988796,5.322128851540616,7.002801120448179,87.6750700280112,4.201680672268908,83.4733893557423
E00022730,484,88,43,45,396,20,376,18.181818181818183,8.884297520661157,9.297520661157025,81.81818181818183,4.132231404958678,77.68595041322314
E00022731,280,25,11,14,255,14,241,8.928571428571429,3.9285714285714284,5,91.07142857142857,5,86.07142857142858
E00022732,350,54,21,33,296,19,277,15.428571428571427,6,9.428571428571429,84.57142857142857,5.428571428571429,79.14285714285715
E00022733,443,77,51,26,366,30,336,17.381489841986454,11.512415349887133,5.8690744920993225,82.61851015801355,6.772009029345373,75.84650112866818
E00022734,181,45,20,25,136,4,132,24.861878453038674,11.049723756906078,13.812154696132598,75.13812154696133,2.209944751381215,72.92817679558011
E00022735,185,37,17,20,148,16,132,20,9.18918918918919,10.81081081081081,80,8.64864864864865,71.35135135135135
E00022736,287,46,26,20,241,15,226,16.02787456445993,9.059233449477352,6.968641114982578,83.97212543554006,5.2264808362369335,78.74564459930313
E00022737,341,57,24,33,284,31,253,16.715542521994134,7.038123167155426,9.67741935483871,83.28445747800586,9.090909090909092,74.19354838709677
E00022738,271,36,8,28,235,13,222,13.284132841328415,2.952029520295203,10.33210332103321,86.71586715867159,4.797047970479705,81.91881918819189
E00022739,310,38,22,16,272,15,257,12.258064516129032,7.096774193548387,5.161290322580645,87.74193548387098,4.838709677419355,82.9032258064516
E00022740,185,73,26,47,112,14,98,39.45945945945946,14.054054054054054,25.405405405405407,60.54054054054055,7.567567567567568,52.972972972972975
E00022741,307,35,13,22,272,20,252,11.400651465798045,4.234527687296417,7.166123778501629,88.59934853420195,6.514657980456026,82.08469055374593
E00022742,357,47,13,34,310,26,284,13.165266106442578,3.6414565826330536,9.523809523809524,86.83473389355743,7.282913165266107,79.55182072829132
E00022743,350,42,20,22,308,13,295,12,5.714285714285714,6.2857142857142865,88,3.7142857142857144,84.28571428571429
E00022744,367,33,14,19,334,27,307,8.991825613079019,3.8147138964577656,5.177111716621254,91.00817438692098,7.3569482288828345,83.65122615803816
E00022745,390,36,9,27,354,26,328,9.230769230769232,2.307692307692308,6.923076923076923,90.76923076923077,6.666666666666667,84.1025641025641
E00022746,367,50,22,28,317,20,297,13.623978201634879,5.994550408719346,7.629427792915531,86.37602179836512,5.449591280653951,80.92643051771117
E00022747,384,43,14,29,341,24,317,11.197916666666668,3.6458333333333335,7.552083333333333,88.80208333333334,6.25,82.55208333333334
E00022748,370,45,9,36,325,21,304,12.162162162162163,2.4324324324324325,9.72972972972973,87.83783783783784,5.675675675675676,82.16216216216216
E00022749,350,22,6,16,328,24,304,6.2857142857142865,1.7142857142857144,4.571428571428571,93.71428571428572,6.857142857142858,86.85714285714286
E00022750,574,69,19,50,505,47,458,12.020905923344948,3.3101045296167246,8.710801393728223,87.97909407665504,8.188153310104529,79.79094076655052
E00022751,427,47,18,29,380,33,347,11.00702576112412,4.215456674473068,6.791569086651054,88.99297423887587,7.728337236533958,81.26463700234193
E00022752,402,53,28,25,349,16,333,13.184079601990051,6.965174129353234,6.218905472636816,86.81592039800995,3.9800995024875623,82.83582089552239
E00022753,331,48,16,32,283,25,258,14.501510574018129,4.833836858006042,9.667673716012084,85.49848942598187,7.552870090634441,77.94561933534743
E00022754,337,34,13,21,303,21,282,10.089020771513352,3.857566765578635,6.231454005934718,89.91097922848664,6.231454005934718,83.67952522255193
E00022755,327,45,23,22,282,19,263,13.761467889908257,7.033639143730887,6.727828746177369,86.23853211009175,5.81039755351682,80.42813455657493
E00022756,341,28,10,18,313,25,288,8.211143695014663,2.932551319648094,5.278592375366569,91.78885630498533,7.331378299120235,84.4574780058651
E00022757,355,43,16,27,312,32,280,12.112676056338028,4.507042253521127,7.605633802816901,87.88732394366198,9.014084507042254,78.87323943661971
E00022758,249,34,17,17,215,22,193,13.654618473895583,6.827309236947792,6.827309236947792,86.34538152610442,8.835341365461847,77.51004016064257
E00022759,470,80,36,44,390,26,364,17.02127659574468,7.659574468085106,9.361702127659575,82.97872340425532,5.531914893617021,77.4468085106383
E00022760,598,63,25,38,535,32,503,10.535117056856187,4.1806020066889635,6.354515050167224,89.4648829431438,5.351170568561873,84.11371237458194
E00022761,413,55,17,38,358,31,327,13.317191283292978,4.116222760290557,9.200968523002421,86.68280871670703,7.506053268765134,79.1767554479419
E00022762,515,48,19,29,467,26,441,9.320388349514563,3.6893203883495143,5.631067961165048,90.67961165048544,5.048543689320388,85.63106796116506
E00022763,290,45,16,29,245,16,229,15.517241379310345,5.517241379310345,10,84.48275862068965,5.517241379310345,78.96551724137932
E00022764,304,44,12,32,260,26,234,14.473684210526317,3.9473684210526314,10.526315789473683,85.52631578947368,8.552631578947368,76.97368421052632
E00022765,411,47,19,28,364,36,328,11.435523114355231,4.622871046228711,6.81265206812652,88.56447688564477,8.75912408759124,79.80535279805353
E00022766,337,47,20,27,290,22,268,13.94658753709199,5.934718100890208,8.011869436201781,86.05341246290801,6.528189910979229,79.52522255192879
E00022767,326,40,11,29,286,29,257,12.269938650306749,3.374233128834356,8.895705521472392,87.73006134969326,8.895705521472392,78.83435582822086
E00022768,309,40,11,29,269,19,250,12.944983818770226,3.559870550161812,9.385113268608414,87.05501618122977,6.148867313915858,80.90614886731392
E00022769,252,26,8,18,226,24,202,10.317460317460316,3.1746031746031744,7.142857142857142,89.68253968253968,9.523809523809524,80.15873015873017
E00022770,292,23,8,15,269,17,252,7.876712328767123,2.73972602739726,5.136986301369863,92.12328767123287,5.821917808219178,86.3013698630137
E00022771,342,32,12,20,310,22,288,9.35672514619883,3.508771929824561,5.847953216374268,90.64327485380117,6.432748538011696,84.21052631578947
E00022773,300,31,8,23,269,24,245,10.333333333333334,2.666666666666667,7.666666666666666,89.66666666666666,8,81.66666666666667
E00022774,274,25,8,17,249,16,233,9.124087591240876,2.9197080291970803,6.204379562043796,90.87591240875912,5.839416058394161,85.03649635036497
E00022775,515,86,38,48,429,23,406,16.699029126213592,7.3786407766990285,9.320388349514563,83.30097087378641,4.466019417475728,78.83495145631068
E00022776,337,47,24,23,290,17,273,13.94658753709199,7.121661721068249,6.824925816023739,86.05341246290801,5.044510385756676,81.00890207715133
E00022777,307,54,25,29,253,17,236,17.58957654723127,8.143322475570033,9.446254071661238,82.41042345276874,5.537459283387622,76.8729641693811
E00022778,276,53,32,21,223,14,209,19.202898550724637,11.594202898550725,7.608695652173914,80.79710144927536,5.072463768115942,75.72463768115942
E00022779,514,52,21,31,462,28,434,10.116731517509727,4.085603112840467,6.031128404669261,89.88326848249028,5.447470817120623,84.43579766536965
E00022780,492,45,16,29,447,38,409,9.146341463414634,3.2520325203252036,5.894308943089431,90.85365853658537,7.723577235772358,83.130081300813
E00022781,410,36,19,17,374,29,345,8.780487804878048,4.634146341463414,4.146341463414634,91.21951219512195,7.073170731707316,84.14634146341463
E00022782,248,55,39,16,193,17,176,22.177419354838708,15.725806451612904,6.451612903225806,77.82258064516128,6.854838709677419,70.96774193548387
E00022783,219,22,10,12,197,14,183,10.045662100456621,4.5662100456621,5.47945205479452,89.95433789954338,6.392694063926941,83.56164383561644
E00022784,307,21,7,14,286,18,268,6.840390879478828,2.2801302931596092,4.5602605863192185,93.15960912052117,5.863192182410423,87.29641693811075
E00022785,303,23,5,18,280,22,258,7.590759075907591,1.65016501650165,5.9405940594059405,92.4092409240924,7.2607260726072615,85.14851485148515
E00022786,197,34,18,16,163,6,157,17.258883248730964,9.137055837563452,8.121827411167512,82.74111675126903,3.0456852791878175,79.69543147208121
E00022787,338,23,7,16,315,30,285,6.8047337278106506,2.0710059171597637,4.733727810650888,93.19526627218934,8.875739644970414,84.31952662721893
E00022788,273,31,9,22,242,14,228,11.355311355311356,3.296703296703297,8.058608058608058,88.64468864468864,5.128205128205128,83.51648351648352
E00022789,364,39,18,21,325,17,308,10.714285714285714,4.945054945054945,5.769230769230769,89.28571428571429,4.670329670329671,84.61538461538461
E00022790,347,74,41,33,273,21,252,21.32564841498559,11.815561959654179,9.510086455331413,78.6743515850144,6.051873198847262,72.62247838616715
E00022791,518,99,33,66,419,27,392,19.111969111969113,6.370656370656371,12.741312741312742,80.8880308880309,5.212355212355212,75.67567567567568
E00022793,300,37,11,26,263,23,240,12.333333333333334,3.6666666666666665,8.666666666666668,87.66666666666667,7.666666666666666,80
E00022794,335,23,8,15,312,15,297,6.865671641791045,2.3880597014925375,4.477611940298507,93.13432835820895,4.477611940298507,88.65671641791046
E00022796,268,16,2,14,252,14,238,5.970149253731343,0.7462686567164178,5.223880597014925,94.02985074626866,5.223880597014925,88.80597014925374
E00022797,280,49,25,24,231,27,204,17.5,8.928571428571429,8.571428571428571,82.5,9.642857142857144,72.85714285714285
E00022798,311,41,15,26,270,17,253,13.183279742765272,4.823151125401929,8.360128617363344,86.81672025723472,5.466237942122187,81.35048231511254
E00022799,301,49,21,28,252,20,232,16.27906976744186,6.976744186046512,9.30232558139535,83.72093023255815,6.64451827242525,77.0764119601329
E00022800,262,45,20,25,217,12,205,17.17557251908397,7.633587786259542,9.541984732824428,82.82442748091603,4.580152671755725,78.2442748091603
E00022801,245,34,15,19,211,9,202,13.877551020408163,6.122448979591836,7.755102040816326,86.12244897959184,3.6734693877551026,82.44897959183673
E00022802,233,34,12,22,199,14,185,14.592274678111588,5.150214592274678,9.44206008583691,85.40772532188842,6.008583690987124,79.39914163090128
E00022803,307,41,18,23,266,16,250,13.355048859934854,5.863192182410423,7.491856677524431,86.64495114006515,5.211726384364821,81.43322475570032
E00022804,244,30,20,10,214,20,194,12.295081967213115,8.19672131147541,4.098360655737705,87.70491803278688,8.19672131147541,79.50819672131148
E00022805,363,41,20,21,322,24,298,11.294765840220386,5.5096418732782375,5.785123966942149,88.70523415977961,6.6115702479338845,82.09366391184572
E00022806,316,59,29,30,257,16,241,18.670886075949365,9.177215189873419,9.49367088607595,81.32911392405063,5.063291139240507,76.26582278481013
E00022807,296,26,7,19,270,19,251,8.783783783783784,2.364864864864865,6.418918918918918,91.21621621621621,6.418918918918918,84.7972972972973
E00022808,405,43,14,29,362,33,329,10.617283950617285,3.45679012345679,7.160493827160494,89.38271604938272,8.148148148148149,81.23456790123457
E00022809,349,49,23,26,300,32,268,14.040114613180515,6.59025787965616,7.4498567335243555,85.95988538681948,9.169054441260744,76.79083094555874
E00022810,378,45,13,32,333,25,308,11.904761904761903,3.439153439153439,8.465608465608465,88.09523809523809,6.613756613756613,81.48148148148148
E00022811,393,51,19,32,342,27,315,12.977099236641221,4.8346055979643765,8.142493638676845,87.02290076335878,6.870229007633588,80.1526717557252
E00022812,409,57,27,30,352,20,332,13.93643031784841,6.601466992665037,7.334963325183375,86.06356968215158,4.88997555012225,81.17359413202934
E00022813,405,38,9,29,367,22,345,9.382716049382717,2.2222222222222223,7.160493827160494,90.61728395061729,5.432098765432099,85.18518518518519
E00022814,337,25,7,18,312,17,295,7.418397626112759,2.0771513353115725,5.341246290801187,92.58160237388724,5.044510385756676,87.53709198813057
E00022815,370,62,29,33,308,27,281,16.756756756756758,7.837837837837839,8.91891891891892,83.24324324324324,7.297297297297297,75.94594594594595
E00022816,257,48,24,24,209,7,202,18.67704280155642,9.33852140077821,9.33852140077821,81.32295719844358,2.7237354085603114,78.59922178988327
E00022817,353,48,25,23,305,26,279,13.59773371104816,7.0821529745042495,6.515580736543909,86.40226628895185,7.365439093484419,79.03682719546742
E00022818,283,59,27,32,224,19,205,20.848056537102476,9.540636042402827,11.307420494699647,79.15194346289752,6.713780918727916,72.43816254416961
E00022819,381,24,11,13,357,27,330,6.299212598425196,2.8871391076115485,3.4120734908136483,93.7007874015748,7.086614173228346,86.61417322834646
E00022820,191,41,19,22,150,9,141,21.465968586387437,9.947643979057592,11.518324607329843,78.53403141361257,4.712041884816754,73.82198952879581
E00022821,475,63,28,35,412,25,387,13.263157894736842,5.894736842105263,7.368421052631578,86.73684210526315,5.263157894736842,81.47368421052632
E00022822,240,54,25,29,186,13,173,22.5,10.416666666666668,12.083333333333334,77.5,5.416666666666667,72.08333333333333
E00022823,370,48,8,40,322,19,303,12.972972972972974,2.1621621621621623,10.81081081081081,87.02702702702703,5.135135135135135,81.89189189189189
E00022824,339,48,16,32,291,19,272,14.15929203539823,4.71976401179941,9.43952802359882,85.84070796460178,5.604719764011799,80.23598820058997
E00022825,321,48,24,24,273,20,253,14.953271028037381,7.476635514018691,7.476635514018691,85.04672897196261,6.230529595015576,78.81619937694704
E00022826,350,59,26,33,291,12,279,16.857142857142858,7.428571428571429,9.428571428571429,83.14285714285714,3.428571428571429,79.71428571428572
E00022827,354,51,28,23,303,19,284,14.40677966101695,7.909604519774012,6.497175141242938,85.59322033898306,5.367231638418079,80.22598870056498
E00022828,326,46,14,32,280,16,264,14.11042944785276,4.294478527607362,9.815950920245399,85.88957055214725,4.9079754601226995,80.98159509202453
E00022829,535,28,5,23,507,23,484,5.233644859813085,0.9345794392523363,4.299065420560748,94.76635514018692,4.299065420560748,90.46728971962617
E00022830,391,54,22,32,337,35,302,13.810741687979538,5.626598465473146,8.184143222506394,86.18925831202046,8.951406649616368,77.23785166240408
E00022831,234,36,19,17,198,15,183,15.384615384615385,8.11965811965812,7.264957264957266,84.61538461538461,6.41025641025641,78.2051282051282
E00022832,324,31,10,21,293,16,277,9.5679012345679,3.0864197530864197,6.481481481481481,90.4320987654321,4.938271604938271,85.49382716049382
E00022833,420,44,21,23,376,27,349,10.476190476190476,5,5.476190476190476,89.52380952380953,6.428571428571428,83.0952380952381
E00022834,339,68,29,39,271,10,261,20.058997050147493,8.55457227138643,11.504424778761061,79.9410029498525,2.949852507374631,76.99115044247787
E00022835,250,29,12,17,221,12,209,11.600000000000001,4.8,6.800000000000001,88.4,4.8,83.6
E00022836,483,62,18,44,421,25,396,12.836438923395447,3.7267080745341614,9.109730848861282,87.16356107660455,5.175983436853002,81.98757763975155
E00022838,476,62,27,35,414,32,382,13.025210084033615,5.6722689075630255,7.352941176470589,86.97478991596638,6.722689075630252,80.25210084033614
E00022839,415,57,35,22,358,14,344,13.734939759036143,8.433734939759036,5.301204819277109,86.26506024096385,3.3734939759036147,82.89156626506025
E00022840,293,34,16,18,259,16,243,11.604095563139932,5.460750853242321,6.143344709897611,88.39590443686008,5.460750853242321,82.93515358361775
E00022841,275,45,27,18,230,19,211,16.363636363636363,9.818181818181818,6.545454545454546,83.63636363636363,6.909090909090909,76.72727272727272
E00022843,434,42,20,22,392,21,371,9.67741935483871,4.6082949308755765,5.0691244239631335,90.32258064516128,4.838709677419355,85.48387096774194
E00022844,277,43,20,23,234,7,227,15.523465703971121,7.2202166064981945,8.303249097472925,84.47653429602889,2.527075812274368,81.94945848375451
E00022845,234,15,2,13,219,15,204,6.41025641025641,0.8547008547008548,5.555555555555555,93.58974358974359,6.41025641025641,87.17948717948718
E00022846,245,44,20,24,201,11,190,17.959183673469386,8.16326530612245,9.795918367346939,82.0408163265306,4.489795918367347,77.55102040816327
E00022847,259,32,13,19,227,10,217,12.355212355212355,5.019305019305019,7.335907335907336,87.64478764478764,3.861003861003861,83.78378378378379
E00022848,351,37,20,17,314,10,304,10.541310541310542,5.698005698005698,4.843304843304843,89.45868945868945,2.849002849002849,86.6096866096866
E00022849,422,57,29,28,365,22,343,13.507109004739338,6.872037914691943,6.6350710900473935,86.49289099526067,5.213270142180095,81.27962085308057
E00022850,377,27,9,18,350,18,332,7.161803713527852,2.3872679045092835,4.774535809018567,92.83819628647215,4.774535809018567,88.06366047745358
E00022851,338,49,24,25,289,22,267,14.497041420118343,7.100591715976331,7.396449704142012,85.50295857988166,6.508875739644971,78.99408284023669
E00022852,258,42,23,19,216,9,207,16.27906976744186,8.914728682170542,7.3643410852713185,83.72093023255815,3.488372093023256,80.23255813953489
E00022853,388,39,17,22,349,27,322,10.051546391752577,4.381443298969072,5.670103092783505,89.94845360824742,6.958762886597938,82.9896907216495
E00022854,266,40,22,18,226,16,210,15.037593984962406,8.270676691729323,6.7669172932330826,84.9624060150376,6.015037593984962,78.94736842105263
E00022855,295,38,17,21,257,12,245,12.88135593220339,5.762711864406779,7.118644067796611,87.11864406779661,4.067796610169491,83.05084745762711
E00022856,207,53,23,30,154,6,148,25.60386473429952,11.11111111111111,14.492753623188406,74.39613526570048,2.898550724637681,71.49758454106279
E00022857,437,38,11,27,399,24,375,8.695652173913043,2.517162471395881,6.178489702517163,91.30434782608695,5.491990846681922,85.81235697940504
E00022858,364,32,13,19,332,12,320,8.791208791208792,3.571428571428571,5.21978021978022,91.20879120879121,3.296703296703297,87.91208791208791
E00022862,326,38,16,22,288,26,262,11.65644171779141,4.9079754601226995,6.748466257668712,88.34355828220859,7.975460122699387,80.3680981595092
E00022863,341,30,6,24,311,24,287,8.797653958944283,1.7595307917888565,7.038123167155426,91.20234604105572,7.038123167155426,84.1642228739003
E00022864,318,23,9,14,295,20,275,7.232704402515723,2.8301886792452833,4.40251572327044,92.76729559748428,6.289308176100629,86.47798742138365
E00022865,370,28,7,21,342,24,318,7.567567567567568,1.891891891891892,5.675675675675676,92.43243243243244,6.486486486486487,85.94594594594595
E00022866,214,38,7,31,176,16,160,17.75700934579439,3.2710280373831773,14.485981308411214,82.2429906542056,7.476635514018691,74.76635514018692
E00022867,295,27,8,19,268,23,245,9.152542372881356,2.711864406779661,6.440677966101695,90.84745762711864,7.796610169491526,83.05084745762711
E00022868,336,31,10,21,305,20,285,9.226190476190476,2.976190476190476,6.25,90.77380952380952,5.952380952380952,84.82142857142857
E00022869,399,28,8,20,371,34,337,7.017543859649122,2.0050125313283207,5.012531328320802,92.98245614035088,8.521303258145362,84.46115288220551
E00022871,431,36,4,32,395,24,371,8.352668213457076,0.9280742459396751,7.424593967517401,91.64733178654292,5.56844547563805,86.07888631090486
E00022872,355,20,6,14,335,26,309,5.633802816901409,1.6901408450704223,3.943661971830986,94.36619718309859,7.323943661971831,87.04225352112675
E00022873,274,19,6,13,255,22,233,6.934306569343065,2.18978102189781,4.744525547445255,93.06569343065694,8.02919708029197,85.03649635036497
E00022874,153,18,7,11,135,11,124,11.76470588235294,4.57516339869281,7.18954248366013,88.23529411764706,7.18954248366013,81.04575163398692
E00022875,346,28,10,18,318,22,296,8.092485549132949,2.8901734104046244,5.202312138728324,91.90751445086705,6.358381502890173,85.54913294797689
E00022876,205,19,7,12,186,23,163,9.268292682926829,3.414634146341464,5.853658536585367,90.73170731707317,11.219512195121952,79.51219512195122
E00022877,355,95,63,32,260,13,247,26.76056338028169,17.74647887323944,9.014084507042254,73.23943661971832,3.6619718309859155,69.57746478873239
E00022878,183,19,8,11,164,16,148,10.382513661202186,4.371584699453552,6.0109289617486334,89.61748633879782,8.743169398907105,80.87431693989072
E00022879,251,29,7,22,222,8,214,11.553784860557768,2.788844621513944,8.764940239043826,88.44621513944223,3.187250996015936,85.2589641434263
E00022880,254,21,9,12,233,22,211,8.267716535433072,3.543307086614173,4.724409448818897,91.73228346456693,8.661417322834646,83.07086614173228
E00022881,282,22,3,19,260,26,234,7.801418439716312,1.0638297872340425,6.73758865248227,92.19858156028369,9.219858156028367,82.97872340425532
E00022882,277,32,11,21,245,8,237,11.552346570397113,3.9711191335740073,7.581227436823104,88.4476534296029,2.888086642599278,85.5595667870036
E00022884,222,24,10,14,198,13,185,10.81081081081081,4.504504504504505,6.306306306306306,89.1891891891892,5.8558558558558556,83.33333333333334
E00022885,291,26,10,16,265,13,252,8.934707903780069,3.436426116838488,5.498281786941581,91.06529209621993,4.4673539518900345,86.5979381443299
E00022886,315,76,50,26,239,24,215,24.126984126984127,15.873015873015872,8.253968253968253,75.87301587301587,7.6190476190476195,68.25396825396825
E00022887,299,15,6,9,284,18,266,5.016722408026756,2.0066889632107023,3.0100334448160537,94.98327759197325,6.0200668896321075,88.96321070234113
E00022888,223,13,1,12,210,21,189,5.829596412556054,0.4484304932735426,5.381165919282512,94.17040358744396,9.417040358744394,84.75336322869956
E00022889,265,26,6,20,239,12,227,9.811320754716983,2.2641509433962264,7.547169811320755,90.18867924528303,4.528301886792453,85.66037735849056
E00022890,386,95,60,35,291,20,271,24.61139896373057,15.544041450777202,9.067357512953368,75.38860103626943,5.181347150259067,70.20725388601036
E00022891,255,17,6,11,238,13,225,6.666666666666667,2.3529411764705883,4.313725490196078,93.33333333333333,5.098039215686274,88.23529411764706
E00022892,257,25,9,16,232,24,208,9.72762645914397,3.501945525291829,6.22568093385214,90.27237354085604,9.33852140077821,80.93385214007782
E00022893,337,32,15,17,305,26,279,9.495548961424333,4.451038575667656,5.044510385756676,90.50445103857567,7.71513353115727,82.7893175074184
E00022894,442,57,25,32,385,29,356,12.895927601809957,5.656108597285068,7.239819004524888,87.10407239819004,6.561085972850679,80.54298642533936
E00022895,208,25,11,14,183,12,171,12.01923076923077,5.288461538461538,6.730769230769231,87.98076923076923,5.769230769230769,82.21153846153845
E00022896,418,45,14,31,373,26,347,10.76555023923445,3.349282296650718,7.4162679425837315,89.23444976076556,6.220095693779904,83.01435406698565
E00022897,187,29,12,17,158,9,149,15.508021390374333,6.417112299465241,9.090909090909092,84.49197860962568,4.81283422459893,79.67914438502673
E00022898,341,35,9,26,306,23,283,10.263929618768328,2.6392961876832843,7.624633431085044,89.73607038123167,6.744868035190615,82.99120234604106
E00022900,239,15,5,10,224,15,209,6.2761506276150625,2.092050209205021,4.184100418410042,93.72384937238493,6.2761506276150625,87.44769874476988
E00022901,228,25,7,18,203,18,185,10.964912280701753,3.070175438596491,7.894736842105263,89.03508771929825,7.894736842105263,81.14035087719299
E00022902,177,16,3,13,161,9,152,9.03954802259887,1.694915254237288,7.344632768361582,90.96045197740112,5.084745762711865,85.87570621468926
E00022903,251,21,10,11,230,16,214,8.366533864541832,3.9840637450199203,4.382470119521913,91.63346613545816,6.374501992031872,85.2589641434263
E00022904,307,27,7,20,280,17,263,8.794788273615636,2.2801302931596092,6.514657980456026,91.20521172638436,5.537459283387622,85.66775244299674
E00022905,346,29,9,20,317,33,284,8.38150289017341,2.601156069364162,5.780346820809249,91.61849710982659,9.53757225433526,82.08092485549133
E00022906,181,13,7,6,168,9,159,7.18232044198895,3.867403314917127,3.314917127071823,92.81767955801105,4.972375690607735,87.84530386740332
E00022907,328,42,15,27,286,13,273,12.804878048780488,4.573170731707317,8.231707317073171,87.1951219512195,3.9634146341463414,83.23170731707317
E00022908,346,24,11,13,322,18,304,6.9364161849710975,3.1791907514450863,3.7572254335260116,93.0635838150289,5.202312138728324,87.861271676300575
E00022909,308,30,12,18,278,20,258,9.740259740259742,3.896103896103896,5.844155844155844,90.25974025974025,6.493506493506493,83.76623376623377
E00022910,388,28,7,21,360,25,335,7.216494845360824,1.804123711340206,5.412371134020619,92.78350515463917,6.443298969072164,86.34020618556701
E00022911,273,21,8,13,252,14,238,7.6923076923076925,2.93040293040293,4.761904761904762,92.3076923076923,5.128205128205128,87.17948717948718
E00022912,142,6,2,4,136,12,124,4.225352112676056,1.4084507042253522,2.8169014084507045,95.77464788732394,8.450704225352112,87.32394366197182
E00022914,476,28,3,25,448,28,420,5.88235294117647,0.6302521008403361,5.2521008403361344,94.11764705882352,5.88235294117647,88.23529411764706
E00022915,215,12,4,8,203,14,189,5.5813953488372094,1.8604651162790697,3.7209302325581395,94.41860465116278,6.511627906976744,87.90697674418605
E00022916,326,17,4,13,309,23,286,5.214723926380368,1.2269938650306749,3.9877300613496933,94.78527607361963,7.05521472392638,87.73006134969326
E00022917,308,22,3,19,286,22,264,7.142857142857142,0.974025974025974,6.1688311688311686,92.85714285714286,7.142857142857142,85.71428571428571
E00022919,317,17,4,13,300,13,287,5.3627760252365935,1.2618296529968454,4.100946372239748,94.6372239747634,4.100946372239748,90.53627760252367
E00022920,296,12,5,7,284,16,268,4.054054054054054,1.6891891891891893,2.364864864864865,95.94594594594594,5.405405405405405,90.54054054054053
E00022921,221,15,6,9,206,14,192,6.787330316742081,2.7149321266968327,4.072398190045249,93.21266968325791,6.334841628959276,86.87782805429865
E00022922,326,34,11,23,292,33,259,10.429447852760736,3.374233128834356,7.05521472392638,89.57055214723927,10.122699386503067,79.4478527607362
E00022923,271,20,8,12,251,17,234,7.380073800738007,2.952029520295203,4.428044280442804,92.619926199262,6.273062730627306,86.34686346863468
E00022924,308,18,7,11,290,19,271,5.844155844155844,2.272727272727273,3.571428571428571,94.15584415584416,6.1688311688311686,87.98701298701299
E00022925,210,27,6,21,183,17,166,12.857142857142856,2.857142857142857,10,87.14285714285714,8.095238095238095,79.04761904761905
E00022926,305,36,13,23,269,24,245,11.80327868852459,4.2622950819672125,7.540983606557377,88.19672131147541,7.868852459016394,80.32786885245902
E00022927,368,28,4,24,340,26,314,7.608695652173914,1.0869565217391304,6.521739130434782,92.3913043478261,7.065217391304348,85.32608695652173
E00022928,428,19,6,13,409,24,385,4.439252336448598,1.4018691588785046,3.0373831775700935,95.56074766355141,5.607476635514018,89.95327102803739
E00022929,315,15,3,12,300,20,280,4.761904761904762,0.9523809523809524,3.8095238095238098,95.23809523809523,6.349206349206349,88.88888888888889
E00022930,302,28,5,23,274,21,253,9.271523178807946,1.6556291390728477,7.6158940397351,90.72847682119205,6.95364238410596,83.77483443708608
E00022931,425,26,12,14,399,28,371,6.11764705882353,2.823529411764706,3.294117647058824,93.88235294117648,6.588235294117648,87.29411764705883
E00022932,407,25,8,17,382,27,355,6.142506142506143,1.9656019656019657,4.176904176904177,93.85749385749385,6.6339066339066335,87.22358722358723
E00022933,427,29,7,22,398,23,375,6.791569086651054,1.639344262295082,5.152224824355972,93.20843091334895,5.386416861826698,87.82201405152225
E00022934,384,25,8,17,359,25,334,6.510416666666667,2.083333333333333,4.427083333333334,93.48958333333334,6.510416666666667,86.97916666666666
E00022935,292,21,10,11,271,15,256,7.191780821917808,3.4246575342465753,3.767123287671233,92.8082191780822,5.136986301369863,87.67123287671232
E00022936,400,33,11,22,367,23,344,8.25,2.75,5.5,91.75,5.75,86
E00022937,408,21,12,9,387,22,365,5.147058823529411,2.941176470588235,2.2058823529411766,94.85294117647058,5.392156862745098,89.4607843137255
E00022938,398,33,8,25,365,17,348,8.291457286432161,2.0100502512562812,6.281407035175879,91.70854271356784,4.271356783919598,87.43718592964824
E00022939,327,29,12,17,298,24,274,8.868501529051988,3.669724770642202,5.198776758409786,91.13149847094802,7.339449541284404,83.79204892966361
E00022940,419,35,14,21,384,11,373,8.353221957040573,3.341288782816229,5.011933174224343,91.64677804295943,2.6252983293556085,89.02147971360382
E00022941,359,22,5,17,337,20,317,6.128133704735376,1.392757660167131,4.735376044568245,93.87186629526462,5.571030640668524,88.3008356545961
E00022942,413,36,12,24,377,24,353,8.716707021791766,2.9055690072639226,5.811138014527845,91.28329297820824,5.811138014527845,85.4721549636804
E00022943,333,20,6,14,313,18,295,6.006006006006006,1.8018018018018018,4.2042042042042045,93.993993993994,5.405405405405405,88.58858858858859
E00022944,363,28,10,18,335,20,315,7.7134986225895315,2.7548209366391188,4.958677685950414,92.28650137741047,5.5096418732782375,86.77685950413223
E00022945,283,23,12,11,260,18,242,8.12720848056537,4.240282685512367,3.8869257950530036,91.87279151943463,6.36042402826855,85.51236749116607
E00022946,334,33,9,24,301,17,284,9.880239520958083,2.694610778443114,7.18562874251497,90.11976047904191,5.089820359281437,85.02994011976048
E00022947,299,32,14,18,267,12,255,10.702341137123746,4.682274247491638,6.0200668896321075,89.29765886287625,4.013377926421405,85.28428093645485
E00022948,373,38,14,24,335,28,307,10.187667560321715,3.753351206434316,6.434316353887399,89.81233243967829,7.506702412868632,82.30563002680965
E00022949,358,8,0,8,350,17,333,2.2346368715083798,0,2.2346368715083798,97.76536312849163,4.748603351955307,93.01675977653632
E00022950,447,30,6,24,417,35,382,6.7114093959731544,1.342281879194631,5.369127516778524,93.28859060402685,7.829977628635347,85.4586129753915
E00022951,386,27,6,21,359,23,336,6.994818652849741,1.5544041450777202,5.4404145077720205,93.00518134715026,5.958549222797927,87.04663212435233
E00022952,208,16,5,11,192,8,184,7.6923076923076925,2.403846153846154,5.288461538461538,92.3076923076923,3.8461538461538463,88.46153846153845
E00022953,380,46,18,28,334,12,322,12.105263157894736,4.736842105263158,7.368421052631578,87.89473684210526,3.1578947368421053,84.73684210526315
E00022954,320,31,10,21,289,20,269,9.6875,3.125,6.5625,90.3125,6.25,84.0625
E00022956,372,36,18,18,336,24,312,9.67741935483871,4.838709677419355,4.838709677419355,90.32258064516128,6.451612903225806,83.87096774193549
E00022958,234,28,9,19,206,10,196,11.965811965811966,3.8461538461538463,8.11965811965812,88.03418803418803,4.273504273504273,83.76068376068376
E00022959,351,44,14,30,307,13,294,12.535612535612536,3.9886039886039883,8.547008547008547,87.46438746438746,3.7037037037037033,83.76068376068376
E00022960,290,39,11,28,251,24,227,13.448275862068964,3.793103448275862,9.655172413793103,86.55172413793103,8.275862068965518,78.27586206896552
E00022961,294,54,36,18,240,16,224,18.367346938775512,12.244897959183673,6.122448979591836,81.63265306122449,5.442176870748299,76.19047619047619
E00022962,284,58,23,35,226,18,208,20.422535211267608,8.098591549295776,12.323943661971832,79.5774647887324,6.338028169014084,73.23943661971832
E00022963,252,20,10,10,232,10,222,7.936507936507936,3.968253968253968,3.968253968253968,92.06349206349206,3.968253968253968,88.09523809523809
E00022964,309,38,17,21,271,14,257,12.297734627831716,5.501618122977346,6.796116504854369,87.70226537216828,4.53074433656958,83.1715210355987
E00022965,292,26,7,19,266,18,248,8.904109589041095,2.3972602739726026,6.506849315068493,91.0958904109589,6.164383561643835,84.93150684931507
E00022966,366,30,9,21,336,34,302,8.19672131147541,2.459016393442623,5.737704918032787,91.80327868852459,9.289617486338798,82.5136612021858
E00022967,267,30,12,18,237,15,222,11.235955056179774,4.49438202247191,6.741573033707865,88.76404494382022,5.617977528089887,83.14606741573034
E00022968,280,27,9,18,253,26,227,9.642857142857144,3.214285714285714,6.428571428571428,90.35714285714286,9.285714285714286,81.07142857142857
E00022969,260,24,6,18,236,12,224,9.230769230769232,2.307692307692308,6.923076923076923,90.76923076923077,4.615384615384616,86.15384615384616
E00022970,268,30,11,19,238,17,221,11.194029850746269,4.104477611940299,7.08955223880597,88.80597014925374,6.343283582089552,82.46268656716418
E00022976,426,67,33,34,359,20,339,15.727699530516432,7.746478873239436,7.981220657276995,84.27230046948357,4.694835680751173,79.5774647887324
E00022977,260,21,8,13,239,17,222,8.076923076923077,3.076923076923077,5,91.92307692307692,6.538461538461539,85.38461538461539
E00022978,251,19,10,9,232,18,214,7.569721115537849,3.9840637450199203,3.5856573705179287,92.43027888446214,7.171314741035857,85.2589641434263
E00022979,214,32,16,16,182,17,165,14.953271028037381,7.476635514018691,7.476635514018691,85.04672897196261,7.943925233644859,77.10280373831776
E00022980,378,56,25,31,322,24,298,14.814814814814813,6.613756613756613,8.201058201058201,85.18518518518519,6.349206349206349,78.83597883597884
E00022981,272,44,26,18,228,13,215,16.176470588235293,9.558823529411764,6.61764705882353,83.82352941176471,4.779411764705882,79.04411764705883
E00022982,347,45,20,25,302,15,287,12.968299711815561,5.763688760806916,7.204610951008646,87.03170028818444,4.322766570605188,82.70893371757924
E00022983,341,35,6,29,306,17,289,10.263929618768328,1.7595307917888565,8.504398826979472,89.73607038123167,4.9853372434017595,84.75073313782991
E00022984,366,26,10,16,340,17,323,7.103825136612022,2.73224043715847,4.371584699453552,92.89617486338798,4.644808743169399,88.25136612021858
E00022985,311,56,27,29,255,4,251,18.006430868167204,8.681672025723474,9.32475884244373,81.9935691318328,1.2861736334405145,80.70739549839229
E00022987,248,20,7,13,228,15,213,8.064516129032258,2.82258064516129,5.241935483870968,91.93548387096774,6.048387096774194,85.88709677419355
E00022988,228,34,19,15,194,9,185,14.912280701754385,8.333333333333332,6.578947368421052,85.08771929824562,3.9473684210526314,81.14035087719299
E00022989,220,49,28,21,171,15,156,22.272727272727273,12.727272727272727,9.545454545454547,77.72727272727272,6.8181818181818175,70.9090909090909
E00022990,329,50,25,25,279,15,264,15.19756838905775,7.598784194528875,7.598784194528875,84.80243161094225,4.5592705167173255,80.24316109422493
E00022991,324,45,22,23,279,38,241,13.88888888888889,6.790123456790123,7.098765432098765,86.11111111111111,11.728395061728394,74.38271604938271
E00022992,280,24,5,19,256,13,243,8.571428571428571,1.7857142857142856,6.785714285714286,91.42857142857143,4.642857142857143,86.78571428571429
E00022993,310,58,34,24,252,9,243,18.70967741935484,10.967741935483872,7.741935483870968,81.29032258064515,2.903225806451613,78.38709677419354
E00022994,258,23,11,12,235,15,220,8.914728682170542,4.263565891472868,4.651162790697675,91.08527131782945,5.813953488372093,85.27131782945736
E00022995,410,28,8,20,382,30,352,6.829268292682928,1.951219512195122,4.878048780487805,93.17073170731707,7.317073170731707,85.85365853658537
E00022996,253,55,30,25,198,8,190,21.73913043478261,11.857707509881422,9.881422924901186,78.26086956521739,3.1620553359683794,75.09881422924902
E00022997,374,47,15,32,327,19,308,12.566844919786096,4.0106951871657754,8.55614973262032,87.43315508021391,5.080213903743315,82.35294117647058
E00022998,229,17,3,14,212,17,195,7.423580786026202,1.3100436681222707,6.11353711790393,92.57641921397381,7.423580786026202,85.1528384279476
E00022999,221,12,3,9,209,9,200,5.429864253393665,1.3574660633484164,4.072398190045249,94.57013574660633,4.072398190045249,90.49773755656109
E00023000,413,48,19,29,365,17,348,11.62227602905569,4.600484261501211,7.021791767554479,88.37772397094432,4.116222760290557,84.26150121065376
E00023001,469,56,27,29,413,23,390,11.940298507462686,5.756929637526652,6.183368869936034,88.05970149253731,4.904051172707889,83.15565031982942
E00023002,340,68,30,38,272,19,253,20,8.823529411764707,11.176470588235295,80,5.588235294117648,74.41176470588235
E00023003,263,13,5,8,250,11,239,4.942965779467681,1.9011406844106464,3.041825095057034,95.05703422053232,4.182509505703422,90.8745247148289
E00023004,356,70,32,38,286,30,256,19.662921348314608,8.98876404494382,10.674157303370785,80.33707865168539,8.426966292134832,71.91011235955057
E00023005,624,123,63,60,501,37,464,19.71153846153846,10.096153846153847,9.615384615384617,80.28846153846155,5.929487179487179,74.35897435897436
E00023007,329,29,17,12,300,25,275,8.814589665653495,5.167173252279635,3.64741641337386,91.1854103343465,7.598784194528875,83.58662613981764
E00023008,421,64,34,30,357,11,346,15.201900237529692,8.076009501187649,7.1258907363420425,84.798099762470315,2.6128266033254155,82.18527315914488
E00023009,382,64,26,38,318,10,308,16.75392670157068,6.806282722513089,9.947643979057592,83.24607329842932,2.6178010471204187,80.6282722513089
E00023010,390,59,32,27,331,16,315,15.128205128205128,8.205128205128204,6.923076923076923,84.87179487179488,4.102564102564102,80.76923076923077
E00023011,367,38,13,25,329,24,305,10.354223433242508,3.5422343324250685,6.811989100817439,89.64577656675749,6.539509536784741,83.10626702997274
E00023013,393,102,51,51,291,23,268,25.954198473282442,12.977099236641221,12.977099236641221,74.04580152671755,5.852417302798982,68.19338422391857
E00023014,410,76,33,43,334,13,321,18.536585365853657,8.048780487804878,10.487804878048781,81.46341463414633,3.1707317073170733,78.29268292682927
E00023015,421,61,24,37,360,23,337,14.489311163895488,5.7007125890736345,8.788598574821853,85.5106888361045,5.463182897862233,80.04750593824228
E00023016,322,53,27,26,269,14,255,16.459627329192546,8.385093167701864,8.074534161490684,83.54037267080744,4.3478260869565215,79.19254658385093
E00023017,277,23,7,16,254,20,234,8.303249097472925,2.527075812274368,5.776173285198556,91.69675090252709,7.2202166064981945,84.47653429602889
E00023018,487,71,28,43,416,18,398,14.579055441478438,5.749486652977413,8.829568788501026,85.42094455852155,3.696098562628337,81.72484599589322
E00023019,455,63,28,35,392,17,375,13.846153846153847,6.153846153846154,7.6923076923076925,86.15384615384616,3.7362637362637363,82.41758241758241
E00023020,328,48,18,30,280,7,273,14.634146341463413,5.487804878048781,9.146341463414634,85.36585365853658,2.1341463414634148,83.23170731707317
E00023021,277,40,18,22,237,21,216,14.440433212996389,6.4981949458483745,7.9422382671480145,85.5595667870036,7.581227436823104,77.9783393501805
E00023022,280,76,30,46,204,7,197,27.142857142857142,10.714285714285714,16.428571428571427,72.85714285714285,2.5,70.35714285714286
E00023023,384,64,32,32,320,12,308,16.666666666666664,8.333333333333332,8.333333333333332,83.33333333333334,3.125,80.20833333333334
E00023024,300,42,20,22,258,21,237,14.000000000000002,6.666666666666667,7.333333333333333,86,7.000000000000001,79
E00023025,448,62,25,37,386,21,365,13.839285714285715,5.580357142857143,8.258928571428571,86.16071428571429,4.6875,81.47321428571429
E00023026,353,59,27,32,294,14,280,16.71388101983003,7.64872521246459,9.06515580736544,83.28611898016997,3.9660056657223794,79.3201133144476
E00023027,229,33,17,16,196,17,179,14.41048034934498,7.423580786026202,6.986899563318777,85.58951965065502,7.423580786026202,78.16593886462883
E00023028,351,41,22,19,310,20,290,11.68091168091168,6.267806267806268,5.413105413105413,88.31908831908832,5.698005698005698,82.62108262108262
E00023029,266,45,30,15,221,16,205,16.917293233082706,11.278195488721805,5.639097744360902,83.0827067669173,6.015037593984962,77.06766917293233
E00023030,300,36,14,22,264,11,253,12,4.666666666666667,7.333333333333333,88,3.6666666666666665,84.33333333333334
E00023031,418,52,24,28,366,15,351,12.440191387559809,5.741626794258373,6.698564593301436,87.5598086124402,3.588516746411483,83.97129186602871
E00023032,524,103,33,70,421,27,394,19.65648854961832,6.297709923664121,13.358778625954198,80.34351145038168,5.152671755725191,75.19083969465649
E00023033,385,59,26,33,326,23,303,15.324675324675324,6.753246753246753,8.571428571428571,84.67532467532467,5.974025974025974,78.70129870129871
E00023034,355,131,55,76,224,24,200,36.901408450704224,15.492957746478872,21.408450704225352,63.098591549295776,6.760563380281689,56.33802816901409
E00023035,284,53,25,28,231,17,214,18.661971830985916,8.80281690140845,9.859154929577464,81.33802816901408,5.985915492957746,75.35211267605634
E00023036,338,40,20,20,298,21,277,11.834319526627219,5.9171597633136095,5.9171597633136095,88.16568047337277,6.21301775147929,81.95266272189349
E00023037,359,35,12,23,324,9,315,9.749303621169917,3.3426183844011144,6.406685236768802,90.25069637883009,2.5069637883008355,87.74373259052925
E00023038,550,88,28,60,462,20,442,16,5.090909090909091,10.909090909090908,84,3.6363636363636362,80.36363636363636
E00023039,396,35,14,21,361,15,346,8.83838383838384,3.535353535353535,5.303030303030303,91.16161616161617,3.787878787878788,87.37373737373737
E00023040,419,57,25,32,362,12,350,13.60381861575179,5.966587112171838,7.637231503579953,86.39618138424821,2.863961813842482,83.53221957040573
E00023041,397,51,19,32,346,16,330,12.846347607052897,4.785894206549118,8.060453400503778,87.1536523929471,4.030226700251889,83.12342569269522
E00023042,385,80,37,43,305,13,292,20.77922077922078,9.61038961038961,11.168831168831169,79.22077922077922,3.3766233766233764,75.84415584415585
E00023043,260,38,18,20,222,11,211,14.615384615384617,6.923076923076923,7.6923076923076925,85.38461538461539,4.230769230769231,81.15384615384616
E00023044,215,17,9,8,198,17,181,7.906976744186046,4.186046511627907,3.7209302325581395,92.09302325581396,7.906976744186046,84.18604651162791
E00023045,337,32,5,27,305,34,271,9.495548961424333,1.483679525222552,8.011869436201781,90.50445103857567,10.089020771513352,80.41543026706232
E00023046,256,55,25,30,201,16,185,21.484375,9.765625,11.71875,78.515625,6.25,72.265625
E00023047,194,27,15,12,167,9,158,13.917525773195877,7.731958762886598,6.185567010309279,86.08247422680412,4.639175257731959,81.44329896907216
E00023048,237,36,22,14,201,9,192,15.18987341772152,9.282700421940929,5.9071729957805905,84.81012658227847,3.79746835443038,81.0126582278481
E00023052,254,15,4,11,239,8,231,5.905511811023622,1.574803149606299,4.330708661417323,94.09448818897637,3.149606299212598,90.94488188976378
E00023053,223,28,5,23,195,8,187,12.556053811659194,2.242152466367713,10.31390134529148,87.4439461883408,3.587443946188341,83.85650224215246
E00023054,292,35,11,24,257,15,242,11.986301369863012,3.767123287671233,8.21917808219178,88.01369863013699,5.136986301369863,82.87671232876713
E00023055,332,14,0,14,318,21,297,4.216867469879518,0,4.216867469879518,95.78313253012048,6.325301204819277,89.45783132530121
E00023056,417,156,123,33,261,21,240,37.410071942446045,29.496402877697843,7.913669064748201,62.589928057553955,5.0359712230215825,57.55395683453237
E00023057,464,55,29,26,409,20,389,11.85344827586207,6.25,5.603448275862069,88.14655172413794,4.310344827586207,83.83620689655173
E00023058,408,68,23,45,340,17,323,16.666666666666664,5.637254901960785,11.029411764705882,83.33333333333334,4.166666666666666,79.16666666666666
E00023059,256,18,4,14,238,13,225,7.03125,1.5625,5.46875,92.96875,5.078125,87.890625
E00023060,421,64,26,38,357,36,321,15.201900237529692,6.175771971496437,9.026128266033254,84.798099762470315,8.551068883610451,76.24703087885986
E00023061,325,36,17,19,289,15,274,11.076923076923077,5.230769230769231,5.846153846153846,88.92307692307693,4.615384615384616,84.3076923076923
E00023062,278,78,24,54,200,7,193,28.05755395683453,8.633093525179856,19.424460431654676,71.94244604316546,2.5179856115107913,69.42446043165468
E00023063,290,38,17,21,252,25,227,13.10344827586207,5.862068965517241,7.241379310344828,86.89655172413792,8.620689655172415,78.27586206896552
E00023064,315,60,24,36,255,10,245,19.047619047619047,7.6190476190476195,11.428571428571429,80.95238095238095,3.1746031746031744,77.77777777777779
E00023065,354,41,18,23,313,16,297,11.581920903954803,5.084745762711865,6.497175141242938,88.4180790960452,4.519774011299435,83.89830508474576
E00023066,408,33,17,16,375,23,352,8.088235294117647,4.166666666666666,3.9215686274509802,91.91176470588235,5.637254901960785,86.27450980392157
E00023067,336,32,13,19,304,18,286,9.523809523809524,3.869047619047619,5.654761904761905,90.47619047619048,5.357142857142857,85.11904761904762
E00023068,317,45,12,33,272,16,256,14.195583596214512,3.7854889589905363,10.410094637223976,85.8044164037855,5.047318611987381,80.7570977917981
E00023069,404,59,21,38,345,19,326,14.603960396039604,5.198019801980198,9.405940594059405,85.39603960396039,4.702970297029703,80.6930693069307
E00023070,323,37,18,19,286,19,267,11.455108359133128,5.572755417956656,5.88235294117647,88.54489164086688,5.88235294117647,82.6625386996904
E00023071,370,56,35,21,314,24,290,15.135135135135137,9.45945945945946,5.675675675675676,84.86486486486487,6.486486486486487,78.37837837837837
E00023072,292,37,16,21,255,31,224,12.67123287671233,5.47945205479452,7.191780821917808,87.32876712328768,10.616438356164384,76.71232876712328
E00023073,335,32,8,24,303,16,287,9.55223880597015,2.3880597014925375,7.164179104477612,90.44776119402985,4.776119402985075,85.67164179104478
E00023074,365,36,5,31,329,28,301,9.863013698630137,1.36986301369863,8.493150684931507,90.13698630136986,7.671232876712329,82.46575342465754
E00023075,494,32,11,21,462,38,424,6.477732793522267,2.2267206477732793,4.251012145748987,93.52226720647774,7.6923076923076925,85.82995951417004
E00023076,267,18,7,11,249,15,234,6.741573033707865,2.6217228464419478,4.119850187265917,93.25842696629213,5.617977528089887,87.64044943820225
E00023077,230,13,2,11,217,12,205,5.6521739130434785,0.8695652173913043,4.782608695652174,94.34782608695652,5.217391304347826,89.13043478260869
E00023079,359,16,5,11,343,15,328,4.456824512534819,1.392757660167131,3.064066852367688,95.54317548746518,4.178272980501393,91.36490250696379
E00023080,254,24,5,19,230,19,211,9.448818897637794,1.968503937007874,7.480314960629922,90.5511811023622,7.480314960629922,83.07086614173228
E00023081,191,31,13,18,160,12,148,16.230366492146597,6.806282722513089,9.424083769633508,83.7696335078534,6.282722513089005,77.4869109947644
E00023082,310,35,16,19,275,23,252,11.29032258064516,5.161290322580645,6.129032258064516,88.70967741935483,7.419354838709677,81.29032258064515
E00023083,277,43,21,22,234,13,221,15.523465703971121,7.581227436823104,7.9422382671480145,84.47653429602889,4.693140794223827,79.78339350180505
E00023084,264,36,16,20,228,18,210,13.636363636363635,6.0606060606060606,7.575757575757576,86.36363636363636,6.8181818181818175,79.54545454545455
E00023085,264,43,24,19,221,12,209,16.28787878787879,9.090909090909092,7.196969696969697,83.71212121212122,4.545454545454546,79.16666666666666
E00023086,231,47,23,24,184,12,172,20.346320346320347,9.956709956709958,10.38961038961039,79.65367965367966,5.194805194805195,74.45887445887446
E00023087,281,30,12,18,251,11,240,10.676156583629894,4.270462633451958,6.405693950177936,89.32384341637011,3.9145907473309607,85.40925266903915
E00023088,250,24,11,13,226,12,214,9.6,4.3999999999999995,5.2,90.4,4.8,85.6
E00023089,348,31,9,22,317,23,294,8.908045977011495,2.586206896551724,6.321839080459771,91.0919540229885,6.609195402298851,84.48275862068965
E00023091,324,65,36,29,259,11,248,20.061728395061728,11.11111111111111,8.950617283950617,79.93827160493827,3.3950617283950617,76.5432098765432
E00023092,311,54,29,25,257,15,242,17.363344051446948,9.32475884244373,8.038585209003216,82.63665594855306,4.823151125401929,77.81350482315112
E00023093,294,87,45,42,207,17,190,29.591836734693878,15.306122448979592,14.285714285714285,70.40816326530613,5.782312925170068,64.62585034013605
E00023094,335,29,7,22,306,20,286,8.656716417910449,2.0895522388059704,6.567164179104477,91.34328358208955,5.970149253731343,85.37313432835822
E00023095,423,21,10,11,402,26,376,4.964539007092199,2.3640661938534278,2.6004728132387704,95.0354609929078,6.1465721040189125,88.88888888888889
E00023096,418,32,18,14,386,38,348,7.655502392344498,4.30622009569378,3.349282296650718,92.34449760765551,9.090909090909092,83.25358851674642
E00023097,289,25,8,17,264,20,244,8.650519031141869,2.768166089965398,5.88235294117647,91.34948096885813,6.920415224913495,84.42906574394463
E00023098,276,16,5,11,260,21,239,5.797101449275362,1.8115942028985508,3.985507246376811,94.20289855072464,7.608695652173914,86.59420289855072
E00023099,299,25,11,14,274,21,253,8.361204013377927,3.678929765886288,4.682274247491638,91.63879598662207,7.023411371237458,84.61538461538461
E00023100,378,30,11,19,348,21,327,7.936507936507936,2.91005291005291,5.026455026455026,92.06349206349206,5.555555555555555,86.5079365079365
E00023101,368,19,2,17,349,19,330,5.163043478260869,0.5434782608695652,4.619565217391304,94.83695652173914,5.163043478260869,89.67391304347827
E00023102,290,20,4,16,270,15,255,6.896551724137931,1.3793103448275863,5.517241379310345,93.10344827586206,5.172413793103448,87.93103448275862
E00023103,262,25,13,12,237,23,214,9.541984732824428,4.961832061068702,4.580152671755725,90.45801526717557,8.778625954198473,81.67938931297711
E00023104,348,19,4,15,329,17,312,5.459770114942529,1.1494252873563218,4.310344827586207,94.54022988505747,4.885057471264368,89.65517241379311
E00023105,300,22,10,12,278,37,241,7.333333333333333,3.3333333333333335,4,92.66666666666666,12.333333333333334,80.33333333333333
E00023106,342,22,6,16,320,35,285,6.432748538011696,1.7543859649122806,4.678362573099415,93.56725146198829,10.23391812865497,83.33333333333334
E00023107,266,22,8,14,244,18,226,8.270676691729323,3.007518796992481,5.263157894736842,91.72932330827066,6.7669172932330826,84.9624060150376
E00023108,270,36,8,28,234,26,208,13.333333333333334,2.9629629629629632,10.37037037037037,86.66666666666667,9.62962962962963,77.03703703703704
E00023109,272,19,7,12,253,22,231,6.985294117647059,2.5735294117647056,4.411764705882353,93.01470588235294,8.088235294117647,84.92647058823529
E00023110,334,19,8,11,315,30,285,5.688622754491018,2.3952095808383236,3.293413173652695,94.311377245509,8.982035928143713,85.32934131736528
E00023111,335,29,3,26,306,24,282,8.656716417910449,0.8955223880597015,7.761194029850746,91.34328358208955,7.164179104477612,84.17910447761194
E00023112,319,43,22,21,276,21,255,13.479623824451412,6.896551724137931,6.583072100313479,86.52037617554859,6.583072100313479,79.9373040752351
E00023113,338,41,20,21,297,18,279,12.1301775147929,5.9171597633136095,6.21301775147929,87.86982248520711,5.325443786982249,82.54437869822485
E00023114,263,53,25,28,210,6,204,20.15209125475285,9.505703422053232,10.646387832699618,79.84790874524715,2.2813688212927756,77.56653992395437
E00023115,328,53,26,27,275,14,261,16.158536585365855,7.926829268292683,8.231707317073171,83.84146341463415,4.2682926829268295,79.57317073170732
E00023116,255,34,10,24,221,18,203,13.333333333333334,3.9215686274509802,9.411764705882353,86.66666666666667,7.0588235294117645,79.6078431372549
E00023117,290,40,18,22,250,21,229,13.793103448275861,6.206896551724138,7.586206896551724,86.20689655172413,7.241379310344828,78.96551724137932
E00023118,332,81,35,46,251,19,232,24.397590361445783,10.542168674698797,13.855421686746988,75.6024096385542,5.72289156626506,69.87951807228916
E00023119,266,51,22,29,215,16,199,19.172932330827066,8.270676691729323,10.902255639097744,80.82706766917293,6.015037593984962,74.81203007518798
E00023120,253,39,14,25,214,15,199,15.41501976284585,5.533596837944664,9.881422924901186,84.58498023715416,5.928853754940711,78.65612648221344
E00023121,272,46,22,24,226,13,213,16.911764705882355,8.088235294117647,8.823529411764707,83.08823529411765,4.779411764705882,78.30882352941177
E00023122,341,40,18,22,301,20,281,11.730205278592376,5.278592375366569,6.451612903225806,88.26979472140762,5.865102639296188,82.40469208211144
E00023123,272,40,15,25,232,19,213,14.705882352941178,5.514705882352941,9.191176470588236,85.29411764705883,6.985294117647059,78.30882352941177
E00023124,401,58,29,29,343,19,324,14.463840399002494,7.231920199501247,7.231920199501247,85.53615960099751,4.738154613466334,80.79800498753117
E00023125,305,28,10,18,277,23,254,9.180327868852459,3.278688524590164,5.901639344262295,90.81967213114754,7.540983606557377,83.27868852459017
E00023126,363,30,10,20,333,23,310,8.264462809917356,2.7548209366391188,5.5096418732782375,91.73553719008265,6.336088154269973,85.39944903581267
E00023127,280,64,29,35,216,16,200,22.857142857142858,10.357142857142858,12.5,77.14285714285715,5.714285714285714,71.42857142857143
E00023128,277,26,10,16,251,20,231,9.386281588447654,3.6101083032490973,5.776173285198556,90.61371841155234,7.2202166064981945,83.39350180505414
E00023129,287,21,10,11,266,15,251,7.317073170731707,3.484320557491289,3.8327526132404177,92.6829268292683,5.2264808362369335,87.45644599303137
E00023130,266,30,15,15,236,13,223,11.278195488721805,5.639097744360902,5.639097744360902,88.7218045112782,4.887218045112782,83.83458646616542
E00023131,411,35,11,24,376,19,357,8.51581508515815,2.67639902676399,5.839416058394161,91.48418491484185,4.622871046228711,86.86131386861314
E00023132,278,21,10,11,257,22,235,7.553956834532374,3.5971223021582732,3.9568345323741005,92.44604316546763,7.913669064748201,84.53237410071942
E00023133,349,23,7,16,326,29,297,6.59025787965616,2.005730659025788,4.584527220630372,93.40974212034384,8.30945558739255,85.10028653295129
E00023134,267,31,11,20,236,14,222,11.610486891385769,4.119850187265917,7.490636704119851,88.38951310861424,5.2434456928838955,83.14606741573034
E00023135,485,46,17,29,439,18,421,9.484536082474227,3.5051546391752577,5.979381443298969,90.51546391752578,3.711340206185567,86.80412371134021
E00023136,347,28,10,18,319,21,298,8.069164265129682,2.881844380403458,5.187319884726225,91.93083573487031,6.051873198847262,85.87896253602305
E00023137,301,28,12,16,273,19,254,9.30232558139535,3.9867109634551494,5.3156146179401995,90.69767441860465,6.312292358803987,84.38538205980066
E00023138,249,27,13,14,222,21,201,10.843373493975903,5.220883534136546,5.622489959839357,89.1566265060241,8.433734939759036,80.72289156626506
E00023140,310,25,7,18,285,17,268,8.064516129032258,2.258064516129032,5.806451612903226,91.93548387096774,5.483870967741936,86.45161290322581
E00023141,365,31,4,27,334,29,305,8.493150684931507,1.095890410958904,7.397260273972603,91.5068493150685,7.9452054794520555,83.56164383561644
E00023142,307,30,11,19,277,18,259,9.77198697068404,3.5830618892508146,6.188925081433225,90.22801302931596,5.863192182410423,84.36482084690554
E00023143,278,28,12,16,250,22,228,10.071942446043165,4.316546762589928,5.755395683453238,89.92805755395683,7.913669064748201,82.01438848920863
E00023144,351,42,17,25,309,24,285,11.965811965811966,4.843304843304843,7.122507122507122,88.03418803418803,6.837606837606838,81.19658119658119
E00023145,247,22,5,17,225,18,207,8.906882591093117,2.0242914979757085,6.882591093117409,91.09311740890689,7.28744939271255,83.80566801619433
E00023146,313,19,9,10,294,24,270,6.070287539936102,2.8753993610223643,3.1948881789137378,93.9297124600639,7.667731629392971,86.26198083067092
E00023147,340,27,10,17,313,19,294,7.941176470588235,2.941176470588235,5,92.05882352941175,5.588235294117648,86.47058823529412
E00023148,271,20,2,18,251,22,229,7.380073800738007,0.7380073800738007,6.642066420664207,92.619926199262,8.118081180811808,84.50184501845018
E00023149,299,47,25,22,252,9,243,15.719063545150503,8.361204013377927,7.357859531772576,84.2809364548495,3.0100334448160537,81.27090301003345
E00023151,235,35,12,23,200,14,186,14.893617021276595,5.106382978723404,9.787234042553191,85.1063829787234,5.957446808510639,79.14893617021276
E00023152,390,69,35,34,321,26,295,17.692307692307693,8.974358974358974,8.717948717948717,82.3076923076923,6.666666666666667,75.64102564102564
E00023153,423,64,36,28,359,16,343,15.130023640661939,8.51063829787234,6.619385342789598,84.86997635933807,3.7825059101654848,81.08747044917257
E00023155,243,36,15,21,207,21,186,14.814814814814813,6.172839506172839,8.641975308641975,85.18518518518519,8.641975308641975,76.5432098765432
E00023156,259,31,9,22,228,21,207,11.96911196911197,3.474903474903475,8.494208494208493,88.03088803088804,8.108108108108109,79.92277992277992
E00023157,223,27,7,20,196,24,172,12.10762331838565,3.1390134529147984,8.968609865470851,87.89237668161435,10.762331838565023,77.13004484304933
E00023158,474,54,21,33,420,31,389,11.39240506329114,4.430379746835443,6.962025316455696,88.60759493670885,6.5400843881856545,82.0675105485232
E00023159,226,31,4,27,195,26,169,13.716814159292035,1.7699115044247788,11.946902654867257,86.28318584070797,11.504424778761061,74.77876106194691
E00023160,353,43,22,21,310,15,295,12.181303116147308,6.232294617563739,5.94900849858357,87.81869688385268,4.2492917847025495,83.56940509915015
E00023161,343,25,6,19,318,19,299,7.288629737609329,1.749271137026239,5.539358600583091,92.71137026239067,5.539358600583091,87.17201166180757
E00023162,405,37,13,24,368,23,345,9.135802469135802,3.2098765432098766,5.9259259259259265,90.8641975308642,5.679012345679013,85.18518518518519
E00023163,280,33,6,27,247,33,214,11.785714285714285,2.142857142857143,9.642857142857144,88.21428571428571,11.785714285714285,76.42857142857142
E00023164,334,25,10,15,309,26,283,7.48502994011976,2.9940119760479043,4.491017964071856,92.51497005988024,7.784431137724551,84.73053892215569
E00023165,310,20,8,12,290,22,268,6.451612903225806,2.5806451612903225,3.870967741935484,93.54838709677419,7.096774193548387,86.45161290322581
E00023166,328,24,7,17,304,31,273,7.317073170731707,2.1341463414634148,5.182926829268292,92.6829268292683,9.451219512195122,83.23170731707317
E00023167,302,23,3,20,279,17,262,7.6158940397351,0.9933774834437087,6.622516556291391,92.3841059602649,5.629139072847682,86.75496688741721
E00023168,233,26,9,17,207,21,186,11.158798283261802,3.862660944206009,7.296137339055794,88.8412017167382,9.012875536480687,79.82832618025752
E00023169,318,19,5,14,299,22,277,5.9748427672955975,1.5723270440251573,4.40251572327044,94.0251572327044,6.918238993710692,87.10691823899371
E00023170,434,42,11,31,392,28,364,9.67741935483871,2.5345622119815667,7.142857142857142,90.32258064516128,6.451612903225806,83.87096774193549
E00023171,401,50,23,27,351,30,321,12.468827930174564,5.7356608478802995,6.733167082294264,87.53117206982543,7.4812967581047385,80.0498753117207
E00023172,267,23,2,21,244,20,224,8.614232209737828,0.7490636704119851,7.865168539325842,91.38576779026218,7.490636704119851,83.89513108614233
E00023173,361,32,8,24,329,17,312,8.86426592797784,2.21606648199446,6.64819944598338,91.13573407202216,4.7091412742382275,86.42659279778393
E00023174,326,35,8,27,291,29,262,10.736196319018406,2.4539877300613497,8.282208588957054,89.2638036809816,8.895705521472392,80.3680981595092
E00023175,281,85,34,51,196,14,182,30.2491103202847,12.099644128113878,18.14946619217082,69.7508896797153,4.98220640569395,64.76868327402136
E00023176,238,19,3,16,219,16,203,7.9831932773109235,1.2605042016806722,6.722689075630252,92.01680672268907,6.722689075630252,85.29411764705883
E00023177,321,32,8,24,289,26,263,9.968847352024921,2.4922118380062304,7.476635514018691,90.03115264797508,8.09968847352025,81.93146417445483
E00023178,346,19,10,9,327,24,303,5.491329479768786,2.8901734104046244,2.601156069364162,94.50867052023122,6.9364161849710975,87.57225433526011
E00023179,315,32,10,22,283,19,264,10.158730158730158,3.1746031746031744,6.984126984126984,89.84126984126985,6.031746031746032,83.80952380952381
E00023180,289,26,10,16,263,18,245,8.996539792387544,3.4602076124567476,5.536332179930796,91.00346020761245,6.228373702422145,84.77508650519032
E00023181,297,24,9,15,273,25,248,8.080808080808081,3.0303030303030303,5.05050505050505,91.91919191919192,8.417508417508419,83.5016835016835
E00023183,321,21,9,12,300,16,284,6.5420560747663545,2.803738317757009,3.7383177570093453,93.45794392523365,4.984423676012461,88.47352024922118
E00023184,369,17,4,13,352,27,325,4.607046070460704,1.084010840108401,3.523035230352303,95.39295392953929,7.317073170731707,88.07588075880759
E00023185,258,32,12,20,226,16,210,12.4031007751938,4.651162790697675,7.751937984496124,87.59689922480621,6.2015503875969,81.3953488372093
E00023186,236,19,4,15,217,8,209,8.050847457627118,1.694915254237288,6.3559322033898304,91.94915254237289,3.389830508474576,88.5593220338983
E00023187,354,34,10,24,320,21,299,9.6045197740113,2.824858757062147,6.779661016949152,90.3954802259887,5.932203389830509,84.4632768361582
E00023188,347,23,3,20,324,31,293,6.628242074927954,0.8645533141210375,5.763688760806916,93.37175792507205,8.93371757925072,84.43804034582134
E00023189,354,29,6,23,325,28,297,8.192090395480225,1.694915254237288,6.497175141242938,91.80790960451978,7.909604519774012,83.89830508474576
E00023190,306,24,7,17,282,21,261,7.8431372549019605,2.287581699346405,5.555555555555555,92.15686274509804,6.862745098039216,85.29411764705883
E00023191,345,29,7,22,316,16,300,8.405797101449275,2.0289855072463765,6.3768115942028984,91.59420289855072,4.63768115942029,86.95652173913044
E00023192,257,26,7,19,231,23,208,10.116731517509727,2.7237354085603114,7.392996108949417,89.88326848249028,8.949416342412452,80.93385214007782
E00023193,281,32,7,25,249,8,241,11.387900355871885,2.491103202846975,8.896797153024911,88.61209964412812,2.8469750889679712,85.76512455516014
E00023196,329,19,1,18,310,22,288,5.775075987841945,0.303951367781155,5.47112462006079,94.22492401215806,6.68693009118541,87.53799392097264
E00023197,286,22,6,16,264,24,240,7.6923076923076925,2.097902097902098,5.594405594405594,92.3076923076923,8.391608391608392,83.91608391608392
E00023198,330,27,4,23,303,26,277,8.181818181818182,1.2121212121212122,6.969696969696971,91.81818181818183,7.878787878787878,83.93939393939394
E00023199,272,29,12,17,243,26,217,10.661764705882353,4.411764705882353,6.25,89.33823529411765,9.558823529411764,79.77941176470588
E00023200,260,26,8,18,234,18,216,10,3.076923076923077,6.923076923076923,90,6.923076923076923,83.07692307692308
E00023201,373,30,12,18,343,31,312,8.04289544235925,3.2171581769436997,4.825737265415549,91.95710455764075,8.310991957104557,83.6461126005362
E00023202,367,39,11,28,328,32,296,10.626702997275205,2.997275204359673,7.629427792915531,89.3732970027248,8.71934604904632,80.65395095367847
E00023203,316,35,18,17,281,9,272,11.075949367088606,5.69620253164557,5.379746835443038,88.92405063291139,2.848101265822785,86.07594936708861
E00023204,382,29,13,16,353,21,332,7.591623036649215,3.4031413612565444,4.18848167539267,92.40837696335078,5.49738219895288,86.91099476439791
E00023205,298,20,0,20,278,16,262,6.7114093959731544,0,6.7114093959731544,93.28859060402685,5.369127516778524,87.91946308724832
E00023206,407,30,7,23,377,40,337,7.371007371007371,1.71990171990172,5.651105651105651,92.62899262899262,9.828009828009828,82.80098280098281
E00023207,429,34,8,26,395,31,364,7.925407925407925,1.8648018648018647,6.0606060606060606,92.07459207459208,7.226107226107226,84.84848484848484
E00023208,379,25,7,18,354,31,323,6.596306068601583,1.8469656992084433,4.749340369393139,93.40369393139841,8.179419525065963,85.22427440633246
E00023209,295,55,23,32,240,19,221,18.64406779661017,7.796610169491526,10.847457627118644,81.35593220338984,6.440677966101695,74.91525423728814
E00023210,240,39,16,23,201,9,192,16.25,6.666666666666667,9.583333333333334,83.75,3.75,80
E00023211,285,28,11,17,257,32,225,9.824561403508772,3.8596491228070176,5.964912280701754,90.17543859649123,11.228070175438596,78.94736842105263
E00023212,261,12,1,11,249,17,232,4.597701149425287,0.38314176245210724,4.21455938697318,95.40229885057471,6.513409961685824,88.88888888888889
E00023213,373,40,18,22,333,27,306,10.723860589812332,4.825737265415549,5.898123324396782,89.27613941018767,7.238605898123325,82.03753351206434
E00023214,244,12,0,12,232,22,210,4.918032786885246,0,4.918032786885246,95.08196721311475,9.01639344262295,86.0655737704918
E00023215,295,21,5,16,274,16,258,7.118644067796611,1.694915254237288,5.423728813559322,92.88135593220339,5.423728813559322,87.45762711864407
E00023216,334,25,7,18,309,27,282,7.48502994011976,2.095808383233533,5.389221556886228,92.51497005988024,8.08383233532934,84.4311377245509
E00023217,271,22,5,17,249,26,223,8.118081180811808,1.8450184501845017,6.273062730627306,91.88191881918819,9.59409594095941,82.28782287822878
E00023218,242,19,3,16,223,21,202,7.851239669421488,1.2396694214876034,6.6115702479338845,92.14876033057851,8.677685950413224,83.47107438016529
E00023219,296,32,10,22,264,18,246,10.81081081081081,3.3783783783783785,7.4324324324324325,89.1891891891892,6.081081081081082,83.1081081081081
E00023220,299,17,8,9,282,27,255,5.68561872909699,2.6755852842809364,3.0100334448160537,94.31438127090301,9.03010033444816,85.28428093645485
E00023221,305,20,7,13,285,17,268,6.557377049180328,2.2950819672131146,4.2622950819672125,93.44262295081968,5.573770491803279,87.8688524590164
E00023222,300,35,8,27,265,22,243,11.666666666666666,2.666666666666667,9,88.33333333333333,7.333333333333333,81
E00023223,267,40,15,25,227,13,214,14.981273408239701,5.617977528089887,9.363295880149813,85.0187265917603,4.868913857677903,80.14981273408239
E00023224,294,43,14,29,251,20,231,14.625850340136054,4.761904761904762,9.863945578231291,85.37414965986395,6.802721088435375,78.57142857142857
E00023225,258,28,13,15,230,19,211,10.852713178294573,5.038759689922481,5.813953488372093,89.14728682170544,7.3643410852713185,81.78294573643412
E00023226,204,33,16,17,171,12,159,16.176470588235293,7.8431372549019605,8.333333333333332,83.82352941176471,5.88235294117647,77.94117647058823
E00023227,280,8,4,4,272,15,257,2.857142857142857,1.4285714285714286,1.4285714285714286,97.14285714285714,5.357142857142857,91.78571428571428
E00023228,296,21,2,19,275,21,254,7.094594594594595,0.6756756756756757,6.418918918918918,92.9054054054054,7.094594594594595,85.8108108108108
E00023229,291,43,17,26,248,16,232,14.776632302405499,5.841924398625429,8.934707903780069,85.2233676975945,5.498281786941581,79.72508591065292
E00023231,242,13,2,11,229,25,204,5.371900826446281,0.8264462809917356,4.545454545454546,94.62809917355372,10.330578512396695,84.29752066115702
E00023232,376,35,13,22,341,28,313,9.308510638297872,3.4574468085106385,5.851063829787234,90.69148936170212,7.446808510638298,83.24468085106383
E00023233,259,22,7,15,237,18,219,8.494208494208493,2.7027027027027026,5.7915057915057915,91.5057915057915,6.94980694980695,84.55598455598455
E00023234,287,48,15,33,239,16,223,16.72473867595819,5.2264808362369335,11.498257839721255,83.27526132404182,5.574912891986063,77.70034843205575
E00023235,319,38,13,25,281,19,262,11.912225705329153,4.075235109717868,7.836990595611286,88.08777429467085,5.956112852664576,82.13166144200626
E00023236,381,49,17,32,332,28,304,12.860892388451445,4.4619422572178475,8.398950131233596,87.13910761154857,7.349081364829396,79.79002624671917
E00023237,389,41,18,23,348,17,331,10.539845758354756,4.627249357326478,5.912596401028278,89.46015424164524,4.370179948586118,85.08997429305913
E00023238,454,58,17,41,396,27,369,12.77533039647577,3.7444933920704844,9.030837004405285,87.22466960352423,5.947136563876652,81.27753303964758
E00023239,403,46,17,29,357,25,332,11.41439205955335,4.218362282878412,7.196029776674938,88.58560794044665,6.20347394540943,82.38213399503722
E00023240,489,65,25,40,424,24,400,13.29243353783231,5.112474437627812,8.1799591002045,86.70756646216769,4.9079754601226995,81.79959100204499
E00023241,255,40,17,23,215,24,191,15.686274509803921,6.666666666666667,9.019607843137255,84.31372549019608,9.411764705882353,74.90196078431373
E00023242,467,39,10,29,428,29,399,8.35117773019272,2.141327623126338,6.209850107066381,91.64882226980728,6.209850107066381,85.4389721627409
E00023243,344,41,18,23,303,9,294,11.918604651162791,5.232558139534884,6.686046511627906,88.0813953488372,2.616279069767442,85.46511627906976
E00023244,433,46,10,36,387,25,362,10.623556581986143,2.3094688221709005,8.314087759815243,89.37644341801386,5.773672055427252,83.60277136258661
E00023245,386,63,19,44,323,23,300,16.321243523316063,4.922279792746114,11.398963730569948,83.67875647668393,5.958549222797927,77.720207253886
E00023246,269,41,17,24,228,14,214,15.241635687732341,6.319702602230483,8.921933085501859,84.75836431226766,5.204460966542751,79.5539033457249
E00023247,403,39,9,30,364,26,338,9.67741935483871,2.2332506203473943,7.444168734491314,90.32258064516128,6.451612903225806,83.87096774193549
E00023248,333,50,25,25,283,22,261,15.015015015015015,7.5075075075075075,7.5075075075075075,84.98498498498499,6.606606606606606,78.37837837837837
E00023249,393,44,20,24,349,27,322,11.195928753180661,5.089058524173027,6.106870229007633,88.80407124681933,6.870229007633588,81.93384223918575
E00023250,321,29,14,15,292,22,270,9.034267912772584,4.361370716510903,4.672897196261682,90.96573208722741,6.853582554517133,84.11214953271028
E00023251,333,59,16,43,274,13,261,17.71771771771772,4.804804804804805,12.912912912912914,82.28228228228228,3.903903903903904,78.37837837837837
E00023252,446,62,19,43,384,27,357,13.901345291479823,4.260089686098654,9.641255605381167,86.09865470852019,6.053811659192825,80.04484304932735
E00023253,331,51,16,35,280,29,251,15.407854984894259,4.833836858006042,10.574018126888216,84.59214501510573,8.761329305135952,75.83081570996978
E00023254,393,25,7,18,368,23,345,6.361323155216285,1.7811704834605597,4.580152671755725,93.63867684478372,5.852417302798982,87.78625954198473
E00023255,329,29,4,25,300,25,275,8.814589665653495,1.21580547112462,7.598784194528875,91.1854103343465,7.598784194528875,83.58662613981764
E00023256,405,46,12,34,359,33,326,11.358024691358025,2.9629629629629632,8.395061728395062,88.64197530864197,8.148148148148149,80.49382716049382
E00023257,383,54,26,28,329,18,311,14.099216710182768,6.7885117493472595,7.310704960835509,85.90078328981723,4.699738903394255,81.20104438642298
E00023258,377,45,15,30,332,40,292,11.936339522546419,3.978779840848806,7.957559681697612,88.06366047745358,10.610079575596817,77.45358090185677
E00023259,261,56,25,31,205,20,185,21.455938697318008,9.578544061302683,11.877394636015326,78.544061302682,7.662835249042145,70.88122605363985
E00023260,469,53,17,36,416,29,387,11.300639658848615,3.624733475479744,7.675906183368871,88.69936034115139,6.183368869936034,82.51599147121536
E00023261,424,47,19,28,377,20,357,11.084905660377359,4.481132075471698,6.60377358490566,88.91509433962264,4.716981132075472,84.19811320754717
E00023262,419,40,10,30,379,33,346,9.54653937947494,2.386634844868735,7.159904534606206,90.45346062052506,7.875894988066825,82.57756563245823
E00023263,402,56,22,34,346,10,336,13.930348258706468,5.472636815920398,8.45771144278607,86.06965174129353,2.4875621890547266,83.5820895522388
E00023264,429,64,31,33,365,22,343,14.918414918414918,7.226107226107226,7.6923076923076925,85.08158508158508,5.128205128205128,79.95337995337995
E00023265,306,53,24,29,253,9,244,17.320261437908496,7.8431372549019605,9.477124183006536,82.6797385620915,2.941176470588235,79.73856209150327
E00023266,237,48,22,26,189,14,175,20.253164556962027,9.282700421940929,10.970464135021098,79.74683544303798,5.9071729957805905,73.83966244725738
E00023267,371,39,17,22,332,25,307,10.512129380053908,4.5822102425876015,5.929919137466308,89.4878706199461,6.738544474393531,82.74932614555256
E00023268,277,53,22,31,224,8,216,19.133574007220215,7.9422382671480145,11.191335740072201,80.86642599277978,2.888086642599278,77.9783393501805
E00023269,528,69,26,43,459,29,430,13.068181818181818,4.924242424242424,8.143939393939394,86.93181818181817,5.492424242424242,81.43939393939394
E00023270,543,67,26,41,476,25,451,12.338858195211786,4.788213627992634,7.550644567219153,87.66114180478822,4.6040515653775325,83.05709023941068
E00023271,253,50,28,22,203,11,192,19.76284584980237,11.067193675889328,8.695652173913043,80.23715415019763,4.3478260869565215,75.8893280632411
E00023272,342,45,24,21,297,21,276,13.157894736842104,7.017543859649122,6.140350877192982,86.8421052631579,6.140350877192982,80.7017543859649
E00023273,313,41,21,20,272,16,256,13.099041533546327,6.7092651757188495,6.3897763578274756,86.90095846645367,5.111821086261981,81.78913738019169
E00023274,275,35,13,22,240,26,214,12.727272727272727,4.7272727272727275,8,87.27272727272727,9.454545454545455,77.81818181818181
E00023275,306,32,4,28,274,29,245,10.457516339869281,1.3071895424836601,9.15032679738562,89.54248366013073,9.477124183006536,80.06535947712419
E00023276,276,33,10,23,243,20,223,11.956521739130435,3.6231884057971016,8.333333333333332,88.04347826086956,7.246376811594203,80.79710144927536
E00023277,292,28,8,20,264,25,239,9.58904109589041,2.73972602739726,6.8493150684931505,90.41095890410958,8.561643835616438,81.84931506849315
E00023278,305,24,7,17,281,22,259,7.868852459016394,2.2950819672131146,5.573770491803279,92.1311475409836,7.213114754098362,84.91803278688525
E00023279,363,28,8,20,335,27,308,7.7134986225895315,2.203856749311295,5.5096418732782375,92.28650137741047,7.43801652892562,84.84848484848484
E00023280,322,28,10,18,294,28,266,8.695652173913043,3.1055900621118013,5.590062111801243,91.30434782608695,8.695652173913043,82.6086956521739
E00023281,353,33,12,21,320,21,299,9.34844192634561,3.39943342776204,5.94900849858357,90.6515580736544,5.94900849858357,84.70254957507082
E00023282,307,30,10,20,277,12,265,9.77198697068404,3.257328990228013,6.514657980456026,90.22801302931596,3.908794788273615,86.31921824104235
E00023283,364,37,15,22,327,21,306,10.164835164835164,4.1208791208791204,6.043956043956044,89.83516483516483,5.769230769230769,84.06593406593407
E00023284,277,28,5,23,249,15,234,10.108303249097473,1.8050541516245486,8.303249097472925,89.89169675090253,5.415162454873646,84.47653429602889
E00023285,249,26,8,18,223,14,209,10.441767068273093,3.2128514056224895,7.228915662650602,89.5582329317269,5.622489959839357,83.93574297188755
E00023286,401,27,4,23,374,19,355,6.733167082294264,0.997506234413965,5.7356608478802995,93.26683291770573,4.738154613466334,88.5286783042394
E00023287,313,18,4,14,295,21,274,5.7507987220447285,1.2779552715654952,4.472843450479233,94.24920127795528,6.7092651757188495,87.53993610223642
E00023288,411,55,20,35,356,30,326,13.381995133819952,4.866180048661801,8.51581508515815,86.61800486618006,7.2992700729927,79.31873479318735
E00023290,349,46,13,33,303,19,284,13.18051575931232,3.7249283667621778,9.455587392550143,86.81948424068769,5.444126074498568,81.37535816618912
E00023291,437,39,16,23,398,24,374,8.924485125858125,3.6613272311212817,5.263157894736842,91.07551487414187,5.491990846681922,85.58352402745996
E00023292,305,42,12,30,263,24,239,13.77049180327869,3.934426229508197,9.836065573770492,86.22950819672131,7.868852459016394,78.36065573770492
E00023293,347,32,12,20,315,29,286,9.221902017291066,3.45821325648415,5.763688760806916,90.77809798270894,8.357348703170029,82.42074927953891
E00023294,327,25,6,19,302,13,289,7.64525993883792,1.834862385321101,5.81039755351682,92.35474006116208,3.9755351681957185,88.37920489296636
E00023295,330,34,14,20,296,25,271,10.303030303030303,4.242424242424243,6.0606060606060606,89.6969696969697,7.575757575757576,82.12121212121211
E00023296,338,68,39,29,270,24,246,20.118343195266274,11.538461538461538,8.579881656804734,79.88165680473372,7.100591715976331,72.7810650887574
E00023297,324,14,6,8,310,14,296,4.320987654320987,1.8518518518518516,2.4691358024691357,95.67901234567901,4.320987654320987,91.35802469135803
E00023298,321,40,15,25,281,21,260,12.461059190031152,4.672897196261682,7.78816199376947,87.53894080996885,6.5420560747663545,80.99688473520249
E00023299,315,48,18,30,267,17,250,15.238095238095239,5.714285714285714,9.523809523809524,84.76190476190476,5.396825396825397,79.36507936507937
E00023300,291,37,14,23,254,18,236,12.714776632302405,4.810996563573884,7.903780068728522,87.2852233676976,6.185567010309279,81.09965635738831
E00023301,308,42,21,21,266,22,244,13.636363636363635,6.8181818181818175,6.8181818181818175,86.36363636363636,7.142857142857142,79.22077922077922
E00023302,409,27,7,20,382,25,357,6.601466992665037,1.7114914425427872,4.88997555012225,93.39853300733496,6.112469437652812,87.28606356968214
E00023303,264,36,10,26,228,18,210,13.636363636363635,3.787878787878788,9.848484848484848,86.36363636363636,6.8181818181818175,79.54545454545455
E00023304,541,32,7,25,509,27,482,5.914972273567468,1.2939001848428837,4.621072088724584,94.08502772643253,4.990757855822551,89.09426987060998
E00023305,351,43,11,32,308,20,288,12.250712250712251,3.133903133903134,9.116809116809117,87.74928774928775,5.698005698005698,82.05128205128204
E00023306,286,31,10,21,255,17,238,10.839160839160838,3.4965034965034967,7.3426573426573425,89.16083916083916,5.944055944055944,83.21678321678321
E00023307,357,29,12,17,328,23,305,8.123249299719888,3.361344537815126,4.761904761904762,91.87675070028011,6.442577030812324,85.43417366946778
E00023308,307,23,6,17,284,16,268,7.491856677524431,1.9543973941368076,5.537459283387622,92.50814332247556,5.211726384364821,87.29641693811075
E00023309,334,40,13,27,294,22,272,11.976047904191617,3.8922155688622757,8.08383233532934,88.02395209580838,6.58682634730539,81.437125748502993
E00023310,320,36,14,22,284,23,261,11.25,4.375,6.875000000000001,88.75,7.187499999999999,81.5625
E00023311,290,22,9,13,268,21,247,7.586206896551724,3.103448275862069,4.482758620689655,92.41379310344827,7.241379310344828,85.17241379310346
E00023312,224,34,16,18,190,14,176,15.178571428571427,7.142857142857142,8.035714285714286,84.82142857142857,6.25,78.57142857142857
E00023313,239,37,17,20,202,16,186,15.481171548117153,7.112970711297072,8.368200836820083,84.51882845188284,6.694560669456067,77.82426778242679
E00023314,303,26,7,19,277,20,257,8.58085808580858,2.31023102310231,6.270627062706271,91.41914191419141,6.6006600660066,84.81848184818482
E00023315,243,28,10,18,215,7,208,11.522633744855968,4.11522633744856,7.4074074074074066,88.47736625514403,2.880658436213992,85.59670781893004
E00023316,291,20,4,16,271,17,254,6.872852233676976,1.3745704467353952,5.498281786941581,93.12714776632302,5.841924398625429,87.2852233676976
E00023317,250,20,8,12,230,11,219,8,3.2,4.8,92,4.3999999999999995,87.6
E00023318,322,25,6,19,297,24,273,7.763975155279502,1.8633540372670807,5.900621118012422,92.2360248447205,7.453416149068323,84.78260869565217
E00023319,365,29,6,23,336,24,312,7.9452054794520555,1.643835616438356,6.301369863013699,92.05479452054794,6.575342465753424,85.47945205479452
E00023320,289,25,8,17,264,27,237,8.650519031141869,2.768166089965398,5.88235294117647,91.34948096885813,9.342560553633218,82.00692041522491
E00023321,234,17,5,12,217,19,198,7.264957264957266,2.1367521367521367,5.128205128205128,92.73504273504274,8.11965811965812,84.61538461538461
E00023322,284,35,18,17,249,18,231,12.323943661971832,6.338028169014084,5.985915492957746,87.67605633802818,6.338028169014084,81.33802816901408
E00023323,293,23,9,14,270,14,256,7.849829351535837,3.0716723549488054,4.778156996587031,92.15017064846417,4.778156996587031,87.37201365187714
E00023324,594,107,69,38,487,27,460,18.013468013468014,11.616161616161616,6.397306397306397,81.98653198653199,4.545454545454546,77.44107744107744
E00023325,321,50,22,28,271,21,250,15.57632398753894,6.853582554517133,8.722741433021806,84.42367601246106,6.5420560747663545,77.88161993769471
E00023326,254,17,6,11,237,16,221,6.692913385826772,2.3622047244094486,4.330708661417323,93.30708661417323,6.299212598425196,87.00787401574803
E00023327,292,25,5,20,267,15,252,8.561643835616438,1.7123287671232876,6.8493150684931505,91.43835616438356,5.136986301369863,86.3013698630137
E00023328,256,24,8,16,232,10,222,9.375,3.125,6.25,90.625,3.90625,86.71875
E00023329,311,33,12,21,278,19,259,10.610932475884244,3.858520900321544,6.752411575562702,89.38906752411575,6.109324758842444,83.27974276527331
E00023330,295,30,12,18,265,11,254,10.16949152542373,4.067796610169491,6.101694915254238,89.83050847457628,3.728813559322034,86.10169491525423
E00023331,334,41,22,19,293,20,273,12.275449101796406,6.58682634730539,5.688622754491018,87.72455089820359,5.9880239520958085,81.73652694610777
E00023332,358,44,15,29,314,9,305,12.290502793296088,4.189944134078212,8.100558659217876,87.70949720670392,2.5139664804469275,85.19553072625699
E00023333,235,26,7,19,209,15,194,11.063829787234042,2.9787234042553195,8.085106382978724,88.93617021276596,6.382978723404255,82.5531914893617
E00023334,343,40,16,24,303,19,284,11.661807580174926,4.664723032069971,6.997084548104956,88.33819241982506,5.539358600583091,82.79883381924198
E00023335,289,25,7,18,264,18,246,8.650519031141869,2.422145328719723,6.228373702422145,91.34948096885813,6.228373702422145,85.12110726643598
E00023337,439,60,32,28,379,27,352,13.66742596810934,7.289293849658314,6.378132118451026,86.33257403189066,6.150341685649203,80.18223234624145
E00023338,400,68,21,47,332,25,307,17,5.25,11.75,83,6.25,76.75
E00023339,411,66,34,32,345,17,328,16.05839416058394,8.27250608272506,7.785888077858881,83.94160583941606,4.13625304136253,79.80535279805353
E00023340,308,66,24,42,242,13,229,21.428571428571427,7.792207792207792,13.636363636363635,78.57142857142857,4.220779220779221,74.35064935064936
E00023341,573,73,47,26,500,31,469,12.739965095986038,8.202443280977311,4.537521815008725,87.26003490401396,5.4101221640488655,81.84991273996509
E00023342,347,63,26,37,284,12,272,18.155619596541786,7.492795389048991,10.662824207492795,81.84438040345822,3.45821325648415,78.38616714697406
E00023343,400,59,22,37,341,19,322,14.75,5.5,9.25,85.25,4.75,80.5
E00023344,541,77,19,58,464,28,436,14.232902033271719,3.512014787430684,10.720887245841034,85.76709796672827,5.175600739371535,80.59149722735674
E00023345,347,43,19,24,304,14,290,12.39193083573487,5.475504322766571,6.9164265129683,87.60806916426513,4.034582132564841,83.5734870317003
E00023346,314,58,34,24,256,8,248,18.471337579617835,10.828025477707007,7.643312101910828,81.52866242038218,2.547770700636943,78.98089171974523
E00023347,294,42,21,21,252,11,241,14.285714285714285,7.142857142857142,7.142857142857142,85.71428571428571,3.741496598639456,81.97278911564626
E00023348,370,50,19,31,320,8,312,13.513513513513514,5.135135135135135,8.378378378378379,86.48648648648648,2.1621621621621623,84.32432432432432
E00023349,302,47,17,30,255,14,241,15.562913907284766,5.629139072847682,9.933774834437086,84.43708609271523,4.635761589403973,79.80132450331125
E00023350,452,46,23,23,406,19,387,10.176991150442479,5.0884955752212395,5.0884955752212395,89.82300884955751,4.20353982300885,85.61946902654867
E00023351,305,50,14,36,255,14,241,16.39344262295082,4.590163934426229,11.80327868852459,83.60655737704919,4.590163934426229,79.01639344262294
E00023352,284,34,11,23,250,23,227,11.971830985915492,3.873239436619718,8.098591549295776,88.02816901408451,8.098591549295776,79.92957746478874
E00023353,339,53,20,33,286,11,275,15.634218289085547,5.899705014749262,9.734513274336283,84.36578171091446,3.2448377581120944,81.12094395280236
E00023354,374,66,39,27,308,21,287,17.647058823529413,10.427807486631016,7.219251336898395,82.35294117647058,5.614973262032086,76.7379679144385
E00023355,316,46,18,28,270,21,249,14.556962025316455,5.69620253164557,8.860759493670885,85.44303797468355,6.6455696202531636,78.79746835443038
E00023356,337,31,8,23,306,24,282,9.198813056379821,2.3738872403560833,6.824925816023739,90.80118694362018,7.121661721068249,83.67952522255193
E00023357,343,49,21,28,294,23,271,14.285714285714285,6.122448979591836,8.16326530612245,85.71428571428571,6.705539358600583,79.00874635568513
E00023358,256,20,10,10,236,20,216,7.8125,3.90625,3.90625,92.1875,7.8125,84.375
E00023359,297,28,7,21,269,13,256,9.427609427609427,2.356902356902357,7.07070707070707,90.57239057239057,4.377104377104377,86.19528619528619
E00023360,278,29,10,19,249,24,225,10.431654676258994,3.5971223021582732,6.83453237410072,89.568345323741,8.633093525179856,80.93525179856115
E00023361,322,25,8,17,297,13,284,7.763975155279502,2.484472049689441,5.279503105590062,92.2360248447205,4.037267080745342,88.19875776397515
E00023362,301,29,7,22,272,23,249,9.634551495016613,2.3255813953488373,7.308970099667775,90.36544850498339,7.641196013289036,82.72425249169434
E00023363,359,42,17,25,317,20,297,11.699164345403899,4.735376044568245,6.963788300835655,88.3008356545961,5.571030640668524,82.72980501392759
E00023364,272,20,6,14,252,22,230,7.352941176470589,2.2058823529411766,5.147058823529411,92.64705882352942,8.088235294117647,84.55882352941177
E00023365,333,41,19,22,292,19,273,12.312312312312311,5.7057057057057055,6.606606606606606,87.68768768768768,5.7057057057057055,81.98198198198197
E00023366,314,40,15,25,274,19,255,12.738853503184714,4.777070063694268,7.961783439490445,87.26114649681529,6.050955414012739,81.21019108280255
E00023368,279,30,7,23,249,16,233,10.75268817204301,2.5089605734767026,8.24372759856631,89.24731182795699,5.734767025089606,83.51254480286738
E00023369,338,52,22,30,286,32,254,15.384615384615385,6.508875739644971,8.875739644970414,84.61538461538461,9.467455621301776,75.14792899408283
E00023370,317,31,9,22,286,16,270,9.779179810725552,2.8391167192429023,6.940063091482649,90.22082018927445,5.047318611987381,85.17350157728707
E00023371,383,34,10,24,349,34,315,8.87728459530026,2.610966057441253,6.266318537859007,91.12271540469973,8.87728459530026,82.24543080939948
E00023372,301,42,23,19,259,19,240,13.953488372093023,7.641196013289036,6.312292358803987,86.04651162790698,6.312292358803987,79.734219269103
E00023373,306,45,19,26,261,18,243,14.705882352941178,6.209150326797386,8.49673202614379,85.29411764705883,5.88235294117647,79.41176470588235
E00023374,359,35,19,16,324,31,293,9.749303621169917,5.2924791086350975,4.456824512534819,90.25069637883009,8.635097493036211,81.61559888579387
E00023375,310,25,4,21,285,19,266,8.064516129032258,1.2903225806451613,6.774193548387098,91.93548387096774,6.129032258064516,85.80645161290322
E00023376,323,74,38,36,249,8,241,22.910216718266255,11.76470588235294,11.145510835913312,77.08978328173374,2.476780185758514,74.61300309597523
E00023377,429,35,16,19,394,22,372,8.158508158508159,3.7296037296037294,4.428904428904429,91.84149184149184,5.128205128205128,86.7132867132867
E00023378,372,40,12,28,332,27,305,10.75268817204301,3.225806451612903,7.526881720430108,89.24731182795699,7.258064516129033,81.98924731182797
E00023379,281,42,16,26,239,17,222,14.94661921708185,5.6939501779359425,9.252669039145907,85.05338078291815,6.049822064056939,79.00355871886121
E00023380,254,58,21,37,196,19,177,22.83464566929134,8.267716535433072,14.566929133858267,77.16535433070865,7.480314960629922,69.68503937007874
E00023381,359,47,17,30,312,22,290,13.09192200557103,4.735376044568245,8.356545961002785,86.90807799442896,6.128133704735376,80.77994428969359
E00023382,319,57,32,25,262,16,246,17.86833855799373,10.031347962382444,7.836990595611286,82.13166144200626,5.015673981191222,77.11598746081505
E00023383,462,144,110,34,318,19,299,31.16883116883117,23.809523809523807,7.35930735930736,68.83116883116884,4.112554112554113,64.71861471861472
E00023384,271,30,8,22,241,21,220,11.07011070110701,2.952029520295203,8.118081180811808,88.92988929889299,7.7490774907749085,81.18081180811808
E00023385,330,46,16,30,284,7,277,13.939393939393941,4.848484848484849,9.090909090909092,86.06060606060606,2.1212121212121215,83.93939393939394
E00023386,285,30,5,25,255,20,235,10.526315789473683,1.7543859649122806,8.771929824561402,89.47368421052632,7.017543859649122,82.45614035087719
E00023387,491,84,40,44,407,20,387,17.10794297352342,8.146639511201629,8.961303462321792,82.89205702647658,4.0733197556008145,78.81873727087576
E00023388,406,77,42,35,329,13,316,18.96551724137931,10.344827586206897,8.620689655172415,81.03448275862068,3.201970443349754,77.83251231527095
E00023389,355,53,25,28,302,7,295,14.929577464788732,7.042253521126761,7.887323943661972,85.07042253521126,1.971830985915493,83.09859154929578
E00023390,580,46,21,25,534,34,500,7.931034482758621,3.620689655172414,4.310344827586207,92.06896551724138,5.862068965517241,86.20689655172413
E00023391,334,52,22,30,282,10,272,15.568862275449103,6.58682634730539,8.982035928143713,84.4311377245509,2.9940119760479043,81.437125748502993
E00023392,318,52,27,25,266,17,249,16.352201257861633,8.49056603773585,7.861635220125786,83.64779874213836,5.345911949685535,78.30188679245283
E00023393,305,44,25,19,261,16,245,14.426229508196723,8.19672131147541,6.229508196721312,85.57377049180329,5.245901639344262,80.32786885245902
E00023394,415,89,40,49,326,19,307,21.44578313253012,9.63855421686747,11.80722891566265,78.55421686746989,4.578313253012048,73.97590361445782
E00023395,168,23,10,13,145,10,135,13.690476190476192,5.952380952380952,7.738095238095238,86.30952380952381,5.952380952380952,80.35714285714286
E00023396,292,26,7,19,266,23,243,8.904109589041095,2.3972602739726026,6.506849315068493,91.0958904109589,7.876712328767123,83.21917808219177
E00023397,292,31,16,15,261,17,244,10.616438356164384,5.47945205479452,5.136986301369863,89.38356164383562,5.821917808219178,83.56164383561644
E00023398,304,37,16,21,267,29,238,12.171052631578947,5.263157894736842,6.907894736842106,87.82894736842105,9.539473684210527,78.28947368421053
E00023399,277,44,20,24,233,20,213,15.884476534296029,7.2202166064981945,8.664259927797833,84.11552346570397,7.2202166064981945,76.89530685920577
E00023400,323,31,8,23,292,12,280,9.597523219814242,2.476780185758514,7.120743034055728,90.40247678018576,3.7151702786377707,86.687306501548
E00023401,229,17,3,14,212,25,187,7.423580786026202,1.3100436681222707,6.11353711790393,92.57641921397381,10.91703056768559,81.6593886462882
E00023402,276,60,30,30,216,20,196,21.73913043478261,10.869565217391305,10.869565217391305,78.26086956521739,7.246376811594203,71.01449275362319
E00023403,285,44,20,24,241,11,230,15.43859649122807,7.017543859649122,8.421052631578947,84.56140350877193,3.8596491228070176,80.7017543859649
E00023404,319,26,10,16,293,27,266,8.150470219435736,3.1347962382445136,5.015673981191222,91.84952978056427,8.463949843260188,83.38557993730407
E00023405,289,23,9,14,266,19,247,7.958477508650519,3.1141868512110724,4.844290657439446,92.04152249134948,6.5743944636678195,85.46712802768167
E00023406,359,73,35,38,286,31,255,20.334261838440113,9.749303621169917,10.584958217270195,79.66573816155989,8.635097493036211,71.03064066852369
E00023407,388,76,32,44,312,26,286,19.587628865979383,8.24742268041237,11.34020618556701,80.41237113402062,6.701030927835052,73.71134020618557
E00023408,301,42,17,25,259,21,238,13.953488372093023,5.647840531561462,8.305647840531561,86.04651162790698,6.976744186046512,79.06976744186046
E00023409,308,24,9,15,284,22,262,7.792207792207792,2.922077922077922,4.870129870129871,92.20779220779221,7.142857142857142,85.06493506493507
E00023410,277,20,6,14,257,16,241,7.2202166064981945,2.166064981949458,5.054151624548736,92.7797833935018,5.776173285198556,87.00361010830325
E00023411,358,49,25,24,309,22,287,13.687150837988826,6.983240223463687,6.70391061452514,86.31284916201118,6.145251396648044,80.16759776536313
E00170900,328,30,12,18,298,23,275,9.146341463414634,3.6585365853658534,5.487804878048781,90.85365853658537,7.01219512195122,83.84146341463415
E00170901,263,14,4,10,249,26,223,5.323193916349809,1.520912547528517,3.802281368821293,94.67680608365019,9.885931558935361,84.79087452471484
E00170902,244,24,5,19,220,17,203,9.836065573770492,2.0491803278688523,7.786885245901639,90.1639344262295,6.967213114754098,83.19672131147541
E00170903,732,178,35,143,554,50,504,24.316939890710383,4.781420765027322,19.53551912568306,75.68306010928961,6.830601092896176,68.85245901639344
E00170904,229,31,15,16,198,6,192,13.537117903930133,6.550218340611353,6.986899563318777,86.46288209606988,2.6200873362445414,83.84279475982532
E00170905,259,31,16,15,228,11,217,11.96911196911197,6.177606177606178,5.7915057915057915,88.03088803088804,4.247104247104247,83.78378378378379
E00170906,386,75,25,50,311,29,282,19.4300518134715,6.476683937823833,12.953367875647666,80.56994818652849,7.512953367875648,73.05699481865285
E00170907,223,26,14,12,197,18,179,11.659192825112108,6.278026905829597,5.381165919282512,88.34080717488789,8.071748878923767,80.26905829596413
E00170908,386,36,15,21,350,23,327,9.32642487046632,3.8860103626943006,5.4404145077720205,90.67357512953367,5.958549222797927,84.71502590673575
E00170909,581,43,13,30,538,37,501,7.401032702237521,2.2375215146299485,5.163511187607573,92.59896729776248,6.368330464716007,86.23063683304647
E00170910,470,223,201,22,247,28,219,47.4468085106383,42.765957446808514,4.680851063829787,52.55319148936171,5.957446808510639,46.59574468085106
E00170911,363,37,19,18,326,9,317,10.192837465564738,5.234159779614325,4.958677685950414,89.80716253443526,2.479338842975207,87.32782369146005
E00170912,261,10,2,8,251,21,230,3.8314176245210727,0.7662835249042145,3.065134099616858,96.16858237547893,8.045977011494253,88.12260536398468
E00170913,212,18,8,10,194,10,184,8.49056603773585,3.7735849056603774,4.716981132075472,91.50943396226415,4.716981132075472,86.79245283018868
E00170914,140,16,9,7,124,11,113,11.428571428571429,6.428571428571428,5,88.57142857142857,7.857142857142857,80.71428571428572
E00170915,133,17,3,14,116,10,106,12.781954887218044,2.2556390977443606,10.526315789473683,87.21804511278195,7.518796992481203,79.69924812030075
E00170916,243,27,8,19,216,13,203,11.11111111111111,3.292181069958848,7.818930041152264,88.88888888888889,5.349794238683128,83.53909465020575
E00170918,217,15,3,12,202,18,184,6.912442396313365,1.3824884792626728,5.529953917050691,93.08755760368663,8.294930875576037,84.7926267281106
E00170920,283,30,19,11,253,17,236,10.60070671378092,6.713780918727916,3.8869257950530036,89.39929328621908,6.007067137809187,83.3922261484099
E00170921,282,14,3,11,268,16,252,4.964539007092199,1.0638297872340425,3.900709219858156,95.0354609929078,5.673758865248227,89.36170212765957
E00170923,221,25,6,19,196,24,172,11.312217194570136,2.7149321266968327,8.597285067873303,88.68778280542986,10.85972850678733,77.82805429864254
E00170926,193,11,3,8,182,15,167,5.699481865284974,1.5544041450777202,4.145077720207254,94.30051813471503,7.772020725388601,86.52849740932642
E00170928,137,15,7,8,122,8,114,10.948905109489052,5.109489051094891,5.839416058394161,89.05109489051095,5.839416058394161,83.21167883211679
E00170929,282,21,5,16,261,19,242,7.446808510638298,1.773049645390071,5.673758865248227,92.5531914893617,6.73758865248227,85.81560283687944
E00170931,417,49,17,32,368,18,350,11.750599520383693,4.07673860911271,7.673860911270983,88.2494004796163,4.316546762589928,83.93285371702638
E00170932,457,50,20,30,407,31,376,10.940919037199125,4.3763676148796495,6.564551422319474,89.05908096280088,6.783369803063458,82.27571115973743
E00170934,146,26,11,15,120,7,113,17.80821917808219,7.534246575342466,10.273972602739725,82.1917808219178,4.794520547945205,77.3972602739726
E00170935,389,39,14,25,350,20,330,10.025706940874036,3.5989717223650386,6.426735218508997,89.97429305912597,5.141388174807198,84.83290488431876
E00170937,258,27,9,18,231,15,216,10.465116279069768,3.488372093023256,6.976744186046512,89.53488372093024,5.813953488372093,83.72093023255815
E00170939,258,30,13,17,228,16,212,11.627906976744185,5.038759689922481,6.5891472868217065,88.37209302325581,6.2015503875969,82.17054263565892
E00170940,262,26,10,16,236,16,220,9.923664122137405,3.816793893129771,6.106870229007633,90.07633587786259,6.106870229007633,83.96946564885496
E00170942,191,14,3,11,177,9,168,7.329842931937172,1.5706806282722512,5.7591623036649215,92.67015706806284,4.712041884816754,87.95811518324608
E00170943,171,9,3,6,162,10,152,5.263157894736842,1.7543859649122806,3.508771929824561,94.73684210526315,5.847953216374268,88.88888888888889
E00170948,282,77,40,37,205,10,195,27.30496453900709,14.184397163120568,13.120567375886525,72.69503546099291,3.546099290780142,69.14893617021278
E00170951,161,18,8,10,143,11,132,11.180124223602485,4.968944099378882,6.211180124223603,88.81987577639751,6.832298136645963,81.98757763975155
E00170953,200,17,4,13,183,10,173,8.5,2,6.5,91.5,5,86.5
E00170956,271,24,8,16,247,21,226,8.856088560885608,2.952029520295203,5.904059040590406,91.14391143911439,7.7490774907749085,83.39483394833948
E00170957,194,31,13,18,163,17,146,15.979381443298967,6.701030927835052,9.278350515463918,84.02061855670104,8.762886597938143,75.25773195876289
E00170959,259,26,6,20,233,13,220,10.038610038610038,2.3166023166023164,7.722007722007722,89.96138996138995,5.019305019305019,84.94208494208493
E00170960,245,44,22,22,201,15,186,17.959183673469386,8.979591836734693,8.979591836734693,82.0408163265306,6.122448979591836,75.91836734693878
E00170962,321,23,9,14,298,29,269,7.165109034267912,2.803738317757009,4.361370716510903,92.83489096573209,9.034267912772584,83.8006230529595
E00170963,245,18,3,15,227,8,219,7.346938775510205,1.2244897959183674,6.122448979591836,92.65306122448979,3.2653061224489797,89.38775510204081
E00170965,182,15,4,11,167,18,149,8.241758241758241,2.197802197802198,6.043956043956044,91.75824175824175,9.89010989010989,81.86813186813187
E00170967,247,19,5,14,228,22,206,7.6923076923076925,2.0242914979757085,5.668016194331984,92.3076923076923,8.906882591093117,83.40080971659918
E00170968,161,8,2,6,153,6,147,4.968944099378882,1.2422360248447204,3.7267080745341614,95.03105590062113,3.7267080745341614,91.30434782608695
E00170970,265,29,6,23,236,19,217,10.943396226415095,2.2641509433962264,8.679245283018867,89.05660377358491,7.169811320754717,81.88679245283019
E00170971,162,20,5,15,142,22,120,12.345679012345679,3.0864197530864197,9.25925925925926,87.65432098765432,13.580246913580247,74.07407407407408
E00171037,168,20,6,14,148,16,132,11.904761904761903,3.571428571428571,8.333333333333332,88.09523809523809,9.523809523809524,78.57142857142857
E00171038,190,38,11,27,152,10,142,20,5.7894736842105265,14.210526315789473,80,5.263157894736842,74.73684210526315
E00171040,177,17,6,11,160,28,132,9.6045197740113,3.389830508474576,6.214689265536723,90.3954802259887,15.819209039548024,74.57627118644068
E00171041,281,23,5,18,258,20,238,8.185053380782918,1.7793594306049825,6.405693950177936,91.81494661921708,7.11743772241993,84.69750889679716
E00171043,196,22,11,11,174,8,166,11.224489795918368,5.612244897959184,5.612244897959184,88.77551020408163,4.081632653061225,84.6938775510204
E00171044,133,7,4,3,126,9,117,5.263157894736842,3.007518796992481,2.2556390977443606,94.73684210526315,6.7669172932330826,87.96992481203007
E00171046,257,35,18,17,222,12,210,13.618677042801556,7.003891050583658,6.614785992217899,86.38132295719845,4.669260700389105,81.71206225680933
E00171049,271,29,15,14,242,22,220,10.70110701107011,5.535055350553505,5.166051660516605,89.2988929889299,8.118081180811808,81.18081180811808
E00171051,173,17,6,11,156,9,147,9.826589595375722,3.4682080924855487,6.358381502890173,90.17341040462428,5.202312138728324,84.97109826589595
E00171055,305,35,18,17,270,24,246,11.475409836065573,5.901639344262295,5.573770491803279,88.52459016393442,7.868852459016394,80.65573770491802
E00171058,409,30,9,21,379,18,361,7.334963325183375,2.2004889975550124,5.134474327628362,92.66503667481662,4.400977995110025,88.26405867970661
E00171060,207,19,1,18,188,16,172,9.178743961352657,0.4830917874396135,8.695652173913043,90.82125603864735,7.729468599033816,83.09178743961353
E00171061,211,10,2,8,201,18,183,4.739336492890995,0.9478672985781991,3.7914691943127963,95.260663507109,8.530805687203792,86.7298578199052
E00171063,296,16,3,13,280,15,265,5.405405405405405,1.0135135135135136,4.391891891891892,94.5945945945946,5.0675675675675675,89.52702702702703
E00171065,304,50,19,31,254,14,240,16.447368421052634,6.25,10.197368421052632,83.55263157894737,4.605263157894736,78.94736842105263
E00171066,196,29,10,19,167,10,157,14.795918367346939,5.1020408163265305,9.693877551020408,85.20408163265306,5.1020408163265305,80.10204081632652
E00171068,256,18,6,12,238,15,223,7.03125,2.34375,4.6875,92.96875,5.859375,87.109375
E00171069,225,20,3,17,205,11,194,8.88888888888889,1.3333333333333335,7.555555555555555,91.11111111111111,4.888888888888889,86.22222222222223
E00171071,277,22,5,17,255,18,237,7.9422382671480145,1.8050541516245486,6.137184115523466,92.05776173285199,6.4981949458483745,85.5595667870036
E00171072,198,10,2,8,188,16,172,5.05050505050505,1.0101010101010102,4.040404040404041,94.94949494949495,8.080808080808081,86.86868686868688
E00171074,232,32,18,14,200,18,182,13.793103448275861,7.758620689655173,6.0344827586206895,86.20689655172413,7.758620689655173,78.44827586206897
E00171075,275,30,11,19,245,17,228,10.909090909090908,4,6.909090909090909,89.0909090909091,6.181818181818182,82.9090909090909
E00171077,247,21,8,13,226,17,209,8.502024291497975,3.2388663967611335,5.263157894736842,91.49797570850203,6.882591093117409,84.61538461538461
E00171079,205,15,3,12,190,8,182,7.317073170731707,1.4634146341463417,5.853658536585367,92.6829268292683,3.902439024390244,88.78048780487805
E00171080,118,8,4,4,110,8,102,6.779661016949152,3.389830508474576,3.389830508474576,93.22033898305084,6.779661016949152,86.4406779661017
E00171085,346,23,7,16,323,23,300,6.6473988439306355,2.023121387283237,4.624277456647398,93.35260115606935,6.6473988439306355,86.70520231213872
E00171086,228,25,8,17,203,19,184,10.964912280701753,3.508771929824561,7.456140350877193,89.03508771929825,8.333333333333332,80.7017543859649
E00171088,225,20,8,12,205,10,195,8.88888888888889,3.5555555555555554,5.333333333333334,91.11111111111111,4.444444444444445,86.66666666666667
E00183095,384,47,23,24,337,18,319,12.239583333333332,5.989583333333334,6.25,87.76041666666666,4.6875,83.07291666666666
E00183096,241,45,22,23,196,4,192,18.672199170124482,9.12863070539419,9.54356846473029,81.32780082987551,1.6597510373443984,79.66804979253112
E00183097,349,11,7,4,338,13,325,3.151862464183381,2.005730659025788,1.146131805157593,96.84813753581662,3.7249283667621778,93.12320916905445
E00183102,371,11,0,11,360,25,335,2.964959568733154,0,2.964959568733154,97.03504043126685,6.738544474393531,90.29649595687331
E00183104,378,151,110,41,227,21,206,39.94708994708995,29.100529100529098,10.846560846560847,60.05291005291006,5.555555555555555,54.4973544973545
E00183105,456,73,31,42,383,31,352,16.00877192982456,6.798245614035088,9.210526315789473,83.99122807017544,6.798245614035088,77.19298245614034
E00183106,465,55,30,25,410,16,394,11.827956989247312,6.451612903225806,5.376344086021505,88.17204301075269,3.4408602150537635,84.73118279569893
E00183107,254,30,5,25,224,19,205,11.811023622047244,1.968503937007874,9.84251968503937,88.18897637795276,7.480314960629922,80.70866141732283
E00183110,248,11,1,10,237,16,221,4.435483870967742,0.4032258064516129,4.032258064516129,95.56451612903226,6.451612903225806,89.11290322580645
E00183111,220,38,9,29,182,14,168,17.272727272727273,4.090909090909091,13.18181818181818,82.72727272727273,6.363636363636363,76.36363636363637
E00183112,243,43,24,19,200,6,194,17.695473251028808,9.876543209876543,7.818930041152264,82.3045267489712,2.4691358024691357,79.83539094650206
E00183114,349,19,1,18,330,17,313,5.444126074498568,0.28653295128939826,5.157593123209169,94.55587392550143,4.871060171919771,89.68481375358166
E00183117,255,31,13,18,224,14,210,12.156862745098039,5.098039215686274,7.0588235294117645,87.84313725490196,5.490196078431373,82.35294117647058
E00183119,203,13,2,11,190,12,178,6.403940886699508,0.9852216748768473,5.41871921182266,93.59605911330048,5.911330049261084,87.68472906403942
E00183120,309,9,1,8,300,12,288,2.912621359223301,0.3236245954692557,2.5889967637540456,97.0873786407767,3.8834951456310676,93.20388349514563
E00183121,179,13,5,8,166,16,150,7.262569832402235,2.793296089385475,4.4692737430167595,92.73743016759776,8.938547486033519,83.79888268156425
E00183122,155,8,1,7,147,16,131,5.161290322580645,0.6451612903225806,4.516129032258064,94.83870967741936,10.32258064516129,84.51612903225806
E00183123,193,27,10,17,166,14,152,13.989637305699482,5.181347150259067,8.808290155440414,86.01036269430051,7.253886010362693,78.75647668393782
E00183124,264,19,6,13,245,28,217,7.196969696969697,2.272727272727273,4.924242424242424,92.8030303030303,10.606060606060606,82.1969696969697
E00183127,155,17,7,10,138,19,119,10.967741935483872,4.516129032258064,6.451612903225806,89.03225806451613,12.258064516129032,76.77419354838709
E00183128,953,335,149,186,618,57,561,35.15215110178384,15.634837355718783,19.517313746065057,64.84784889821617,5.981112277019937,58.866736621196225
E00183129,199,16,7,9,183,13,170,8.040201005025125,3.5175879396984926,4.522613065326634,91.95979899497488,6.532663316582915,85.42713567839196
E00183130,211,18,1,17,193,12,181,8.530805687203792,0.47393364928909953,8.056872037914692,91.4691943127962,5.687203791469194,85.78199052132702
E00183131,246,17,1,16,229,11,218,6.910569105691057,0.40650406504065045,6.504065040650407,93.08943089430895,4.471544715447155,88.6178861788618
E00183132,431,65,26,39,366,21,345,15.081206496519723,6.0324825986078885,9.048723897911833,84.91879350348029,4.872389791183294,80.04640371229699
E00183133,233,9,0,9,224,12,212,3.862660944206009,0,3.862660944206009,96.13733905579399,5.150214592274678,90.98712446351931
E00183136,244,35,14,21,209,17,192,14.344262295081966,5.737704918032787,8.60655737704918,85.65573770491804,6.967213114754098,78.68852459016394
E00183137,374,36,11,25,338,15,323,9.62566844919786,2.941176470588235,6.684491978609626,90.37433155080214,4.0106951871657754,86.36363636363636
E00183138,205,33,15,18,172,19,153,16.097560975609756,7.317073170731707,8.780487804878048,83.90243902439025,9.268292682926829,74.63414634146342
E00183141,219,13,6,7,206,16,190,5.93607305936073,2.73972602739726,3.1963470319634704,94.06392694063926,7.30593607305936,86.7579908675799
E00183145,180,7,1,6,173,9,164,3.888888888888889,0.5555555555555556,3.3333333333333335,96.11111111111111,5,91.11111111111111
E00183146,160,7,1,6,153,15,138,4.375,0.625,3.75,95.625,9.375,86.25
E00183147,425,33,9,24,392,24,368,7.764705882352942,2.1176470588235294,5.647058823529412,92.23529411764706,5.647058823529412,86.58823529411764
E00183149,260,35,12,23,225,18,207,13.461538461538462,4.615384615384616,8.846153846153847,86.53846153846155,6.923076923076923,79.61538461538461
E00183150,281,23,9,14,258,14,244,8.185053380782918,3.202846975088968,4.98220640569395,91.81494661921708,4.98220640569395,86.83274021352312
E00183153,207,19,8,11,188,13,175,9.178743961352657,3.864734299516908,5.314009661835748,90.82125603864735,6.280193236714976,84.54106280193237
E00183154,461,69,35,34,392,14,378,14.967462039045554,7.592190889370933,7.37527114967462,85.03253796095444,3.036876355748373,81.99566160520607
E00183155,237,32,12,20,205,18,187,13.502109704641349,5.063291139240507,8.438818565400844,86.49789029535864,7.59493670886076,78.90295358649789
E00183156,299,21,0,21,278,13,265,7.023411371237458,0,7.023411371237458,92.97658862876254,4.3478260869565215,88.62876254180601
E00183159,169,6,0,6,163,12,151,3.5502958579881656,0,3.5502958579881656,96.44970414201184,7.100591715976331,89.3491124260355
E00183161,316,16,5,11,300,18,282,5.063291139240507,1.5822784810126582,3.481012658227848,94.9367088607595,5.69620253164557,89.24050632911393
E00183162,286,27,12,15,259,10,249,9.44055944055944,4.195804195804196,5.244755244755245,90.55944055944056,3.4965034965034967,87.06293706293707
E00183163,226,31,15,16,195,12,183,13.716814159292035,6.637168141592921,7.079646017699115,86.28318584070797,5.3097345132743365,80.97345132743364
E00183164,317,16,2,14,301,22,279,5.047318611987381,0.6309148264984227,4.416403785488959,94.95268138801262,6.940063091482649,88.01261829652996
E00183166,326,30,8,22,296,11,285,9.202453987730062,2.4539877300613497,6.748466257668712,90.79754601226993,3.374233128834356,87.42331288343557
E00183167,498,62,7,55,436,42,394,12.449799196787147,1.4056224899598393,11.04417670682731,87.55020080321285,8.433734939759036,79.11646586345381
E00183169,370,46,10,36,324,15,309,12.432432432432433,2.7027027027027026,9.72972972972973,87.56756756756758,4.054054054054054,83.51351351351352
E00183170,125,15,4,11,110,7,103,12,3.2,8.799999999999999,88,5.6000000000000005,82.39999999999999
E00183171,220,14,4,10,206,8,198,6.363636363636363,1.8181818181818181,4.545454545454546,93.63636363636364,3.6363636363636362,90
E00183173,202,7,0,7,195,11,184,3.4653465346534658,0,3.4653465346534658,96.53465346534654,5.445544554455446,91.0891089108911
E00183174,232,21,6,15,211,18,193,9.051724137931034,2.586206896551724,6.4655172413793105,90.94827586206897,7.758620689655173,83.1896551724138
E00183175,203,9,0,9,194,13,181,4.433497536945813,0,4.433497536945813,95.56650246305419,6.403940886699508,89.16256157635468
E00183176,296,16,1,15,280,17,263,5.405405405405405,0.33783783783783783,5.0675675675675675,94.5945945945946,5.743243243243244,88.85135135135135
E00183177,263,13,0,13,250,20,230,4.942965779467681,0,4.942965779467681,95.05703422053232,7.604562737642586,87.45247148288973
E00183178,300,12,3,9,288,14,274,4,1,3,96,4.666666666666667,91.33333333333333
E00183179,387,24,3,21,363,33,330,6.2015503875969,0.7751937984496124,5.426356589147287,93.7984496124031,8.527131782945736,85.27131782945736
E00183181,248,30,14,16,218,14,204,12.096774193548388,5.64516129032258,6.451612903225806,87.90322580645162,5.64516129032258,82.25806451612904
E00183183,395,52,25,27,343,12,331,13.164556962025317,6.329113924050633,6.8354430379746836,86.83544303797468,3.0379746835443036,83.79746835443038
E00183186,196,12,2,10,184,22,162,6.122448979591836,1.0204081632653061,5.1020408163265305,93.87755102040816,11.224489795918368,82.6530612244898
E00183188,295,14,2,12,281,11,270,4.745762711864407,0.6779661016949152,4.067796610169491,95.25423728813558,3.728813559322034,91.52542372881356
E00183189,222,5,0,5,217,13,204,2.2522522522522523,0,2.2522522522522523,97.74774774774775,5.8558558558558556,91.8918918918919
E00183190,120,14,9,5,106,15,91,11.666666666666666,7.5,4.166666666666666,88.33333333333333,12.5,75.83333333333333
E00183191,258,13,4,9,245,16,229,5.038759689922481,1.550387596899225,3.488372093023256,94.96124031007753,6.2015503875969,88.75968992248062
E00183192,172,20,7,13,152,8,144,11.627906976744185,4.069767441860465,7.55813953488372,88.37209302325581,4.651162790697675,83.72093023255815
E00183193,258,21,11,10,237,13,224,8.13953488372093,4.263565891472868,3.875968992248062,91.86046511627907,5.038759689922481,86.82170542635659
E00183194,349,21,6,15,328,19,309,6.017191977077363,1.7191977077363898,4.297994269340974,93.98280802292264,5.444126074498568,88.53868194842407
E00183195,304,31,16,15,273,12,261,10.197368421052632,5.263157894736842,4.934210526315789,89.80263157894737,3.9473684210526314,85.85526315789474
E00183196,200,8,2,6,192,10,182,4,1,3,96,5,91
E00183197,237,14,2,12,223,6,217,5.9071729957805905,0.8438818565400843,5.063291139240507,94.09282700421942,2.5316455696202533,91.56118143459916
E00183199,245,20,5,15,225,10,215,8.16326530612245,2.0408163265306123,6.122448979591836,91.83673469387756,4.081632653061225,87.75510204081633
E00183200,192,9,2,7,183,12,171,4.6875,1.0416666666666665,3.6458333333333335,95.3125,6.25,89.0625
E00183201,182,22,3,19,160,21,139,12.087912087912088,1.6483516483516485,10.43956043956044,87.91208791208791,11.538461538461538,76.37362637362637
E00183202,175,14,4,10,161,16,145,8,2.2857142857142856,5.714285714285714,92,9.142857142857142,82.85714285714286
E00183203,205,33,9,24,172,15,157,16.097560975609756,4.390243902439024,11.707317073170733,83.90243902439025,7.317073170731707,76.58536585365854
E00183204,272,20,4,16,252,19,233,7.352941176470589,1.4705882352941175,5.88235294117647,92.64705882352942,6.985294117647059,85.66176470588235
E00183205,263,9,2,7,254,16,238,3.4220532319391634,0.7604562737642585,2.6615969581749046,96.57794676806084,6.083650190114068,90.49429657794677
E00183206,132,13,2,11,119,11,108,9.848484848484848,1.5151515151515151,8.333333333333332,90.15151515151516,8.333333333333332,81.81818181818183
E00183208,247,10,6,4,237,25,212,4.048582995951417,2.42914979757085,1.6194331983805668,95.95141700404858,10.121457489878543,85.82995951417004
E00183209,256,7,1,6,249,13,236,2.734375,0.390625,2.34375,97.265625,5.078125,92.1875
E00183210,672,25,7,18,647,39,608,3.7202380952380953,1.0416666666666665,2.6785714285714284,96.27976190476191,5.803571428571429,90.47619047619048
E00183212,312,7,3,4,305,10,295,2.2435897435897436,0.9615384615384616,1.282051282051282,97.75641025641025,3.205128205128205,94.55128205128204
E00183213,223,9,3,6,214,15,199,4.0358744394618835,1.345291479820628,2.690582959641256,95.96412556053812,6.726457399103139,89.23766816143498
E00183214,252,24,6,18,228,11,217,9.523809523809524,2.380952380952381,7.142857142857142,90.47619047619048,4.365079365079365,86.11111111111111
E00183217,267,40,18,22,227,21,206,14.981273408239701,6.741573033707865,8.239700374531834,85.0187265917603,7.865168539325842,77.15355805243446
E00183218,410,12,1,11,398,17,381,2.9268292682926833,0.24390243902439024,2.682926829268293,97.07317073170731,4.146341463414634,92.92682926829269
E00183219,318,43,26,17,275,22,253,13.522012578616351,8.176100628930817,5.345911949685535,86.47798742138365,6.918238993710692,79.55974842767296
E00183222,213,12,3,9,201,11,190,5.633802816901409,1.4084507042253522,4.225352112676056,94.36619718309859,5.164319248826291,89.2018779342723
E00190144,263,10,0,10,253,18,235,3.802281368821293,0,3.802281368821293,96.1977186311787,6.844106463878327,89.35361216730038
E00190145,310,16,4,12,294,16,278,5.161290322580645,1.2903225806451613,3.870967741935484,94.83870967741936,5.161290322580645,89.6774193548387
E00190146,238,17,2,15,221,16,205,7.142857142857142,0.8403361344537815,6.302521008403361,92.85714285714286,6.722689075630252,86.1344537815126
