OA,ts0590001,ts0590002,ts0590003,ts0590004,ts0590005,ts0590006,ts0590007,ts0590002_PCT,ts0590003_PCT,ts0590004_PCT,ts0590005_PCT,ts0590006_PCT,ts0590007_PCT
E00022487,227,45,23,22,182,115,67,19.823788546255507,10.13215859030837,9.691629955947137,80.1762114537445,50.66079295154186,29.515418502202646
E00022488,309,42,13,29,267,207,60,13.592233009708737,4.207119741100324,9.385113268608414,86.40776699029125,66.99029126213593,19.41747572815534
E00022489,168,23,9,14,145,116,29,13.690476190476192,5.357142857142857,8.333333333333332,86.30952380952381,69.04761904761905,17.261904761904763
E00022490,233,26,9,17,207,160,47,11.158798283261802,3.862660944206009,7.296137339055794,88.8412017167382,68.6695278969957,20.171673819742487
E00022491,219,26,16,10,193,140,53,11.87214611872146,7.30593607305936,4.5662100456621,88.12785388127854,63.926940639269404,24.200913242009133
E00022492,139,26,9,17,113,90,23,18.705035971223023,6.474820143884892,12.23021582733813,81.29496402877699,64.74820143884892,16.546762589928058
E00022493,213,36,11,25,177,125,52,16.901408450704224,5.164319248826291,11.737089201877934,83.09859154929578,58.68544600938967,24.413145539906104
E00022494,234,29,10,19,205,156,49,12.393162393162394,4.273504273504273,8.11965811965812,87.6068376068376,66.66666666666666,20.94017094017094
E00022495,231,43,14,29,188,157,31,18.614718614718615,6.0606060606060606,12.554112554112553,81.38528138528139,67.96536796536796,13.41991341991342
E00022497,279,35,16,19,244,183,61,12.544802867383511,5.734767025089606,6.810035842293908,87.45519713261649,65.59139784946237,21.863799283154123
E00022498,250,25,12,13,225,186,39,10,4.8,5.2,90,74.4,15.6
E00022499,285,31,11,20,254,193,61,10.87719298245614,3.8596491228070176,7.017543859649122,89.12280701754386,67.71929824561404,21.403508771929825
E00022500,263,34,14,20,229,169,60,12.927756653992395,5.323193916349809,7.604562737642586,87.07224334600761,64.25855513307985,22.813688212927758
E00022501,166,24,9,15,142,89,53,14.457831325301203,5.421686746987952,9.036144578313253,85.54216867469879,53.6144578313253,31.92771084337349
E00022502,340,35,17,18,305,246,59,10.294117647058822,5,5.294117647058823,89.70588235294117,72.35294117647058,17.352941176470587
E00022503,186,28,11,17,158,117,41,15.053763440860216,5.913978494623656,9.13978494623656,84.94623655913979,62.903225806451616,22.043010752688172
E00022504,172,27,8,19,145,106,39,15.69767441860465,4.651162790697675,11.046511627906977,84.30232558139535,61.627906976744185,22.674418604651162
E00022505,211,30,14,16,181,135,46,14.218009478672986,6.6350710900473935,7.5829383886255926,85.78199052132702,63.98104265402843,21.80094786729858
E00022506,201,23,12,11,178,134,44,11.442786069651742,5.970149253731343,5.472636815920398,88.55721393034825,66.66666666666666,21.890547263681594
E00022507,198,34,17,17,164,99,65,17.17171717171717,8.585858585858585,8.585858585858585,82.82828282828282,50,32.82828282828283
E00022508,258,43,19,24,215,129,86,16.666666666666664,7.3643410852713185,9.30232558139535,83.33333333333334,50,33.33333333333333
E00022509,175,33,14,19,142,85,57,18.857142857142858,8,10.857142857142858,81.14285714285714,48.57142857142857,32.57142857142858
E00022510,227,48,23,25,179,116,63,21.145374449339208,10.13215859030837,11.013215859030836,78.8546255506608,51.10132158590308,27.75330396475771
E00022511,198,46,23,23,152,93,59,23.232323232323232,11.616161616161616,11.616161616161616,76.76767676767676,46.96969696969697,29.797979797979796
E00022512,193,31,12,19,162,122,40,16.06217616580311,6.217616580310881,9.844559585492227,83.93782383419689,63.212435233160626,20.72538860103627
E00022513,51,19,9,10,32,16,16,37.254901960784316,17.647058823529413,19.607843137254903,62.745098039215684,31.372549019607842,31.372549019607842
E00022514,176,45,21,24,131,70,61,25.568181818181817,11.931818181818182,13.636363636363635,74.43181818181817,39.77272727272727,34.659090909090914
E00022515,165,25,10,15,140,104,36,15.151515151515152,6.0606060606060606,9.090909090909092,84.84848484848484,63.030303030303024,21.818181818181817
E00022516,150,23,8,15,127,68,59,15.333333333333332,5.333333333333334,10,84.66666666666667,45.33333333333333,39.33333333333333
E00022517,357,51,22,29,306,215,91,14.285714285714285,6.162464985994398,8.123249299719888,85.71428571428571,60.22408963585434,25.49019607843137
E00022518,138,27,15,12,111,62,49,19.565217391304348,10.869565217391305,8.695652173913043,80.43478260869566,44.927536231884055,35.507246376811594
E00022519,189,35,14,21,154,127,27,18.51851851851852,7.4074074074074066,11.11111111111111,81.48148148148148,67.1957671957672,14.285714285714285
E00022520,226,33,20,13,193,145,48,14.601769911504425,8.849557522123893,5.752212389380531,85.39823008849558,64.15929203539822,21.238938053097346
E00022521,189,17,5,12,172,126,46,8.994708994708994,2.6455026455026456,6.349206349206349,91.005291005291,66.66666666666666,24.33862433862434
E00022522,213,27,14,13,186,115,71,12.676056338028168,6.572769953051644,6.103286384976526,87.32394366197182,53.990610328638496,33.33333333333333
E00022523,235,21,8,13,214,153,61,8.936170212765958,3.404255319148936,5.531914893617021,91.06382978723404,65.1063829787234,25.957446808510635
E00022524,173,37,16,21,136,101,35,21.38728323699422,9.248554913294797,12.138728323699421,78.61271676300578,58.38150289017341,20.23121387283237
E00022525,180,44,21,23,136,89,47,24.444444444444443,11.666666666666666,12.777777777777777,75.55555555555556,49.44444444444444,26.111111111111114
E00022526,279,33,11,22,246,172,74,11.827956989247312,3.942652329749104,7.885304659498208,88.17204301075269,61.648745519713266,26.523297491039425
E00022527,162,29,9,20,133,84,49,17.901234567901234,5.555555555555555,12.345679012345679,82.09876543209876,51.85185185185185,30.246913580246915
E00022528,260,21,8,13,239,171,68,8.076923076923077,3.076923076923077,5,91.92307692307692,65.76923076923077,26.153846153846157
E00022529,294,36,13,23,258,183,75,12.244897959183673,4.421768707482993,7.8231292517006805,87.75510204081633,62.244897959183675,25.510204081632654
E00022530,153,38,13,25,115,102,13,24.836601307189543,8.49673202614379,16.33986928104575,75.16339869281046,66.66666666666666,8.49673202614379
E00022531,232,17,8,9,215,169,46,7.327586206896551,3.4482758620689653,3.8793103448275863,92.67241379310344,72.84482758620689,19.82758620689655
E00022532,155,17,3,14,138,119,19,10.967741935483872,1.935483870967742,9.032258064516128,89.03225806451613,76.77419354838709,12.258064516129032
E00022533,152,25,13,12,127,84,43,16.447368421052634,8.552631578947368,7.894736842105263,83.55263157894737,55.26315789473685,28.289473684210524
E00022534,129,21,10,11,108,81,27,16.27906976744186,7.751937984496124,8.527131782945736,83.72093023255815,62.7906976744186,20.930232558139537
E00022535,164,29,8,21,135,103,32,17.682926829268293,4.878048780487805,12.804878048780488,82.3170731707317,62.80487804878049,19.51219512195122
E00022536,192,42,21,21,150,125,25,21.875,10.9375,10.9375,78.125,65.10416666666666,13.020833333333334
E00022537,225,38,17,21,187,151,36,16.88888888888889,7.555555555555555,9.333333333333334,83.11111111111111,67.11111111111111,16
E00022538,204,25,11,14,179,150,29,12.254901960784313,5.392156862745098,6.862745098039216,87.74509803921569,73.52941176470588,14.215686274509803
E00022539,189,28,10,18,161,120,41,14.814814814814813,5.291005291005291,9.523809523809524,85.18518518518519,63.49206349206349,21.693121693121693
E00022540,165,26,7,19,139,120,19,15.757575757575756,4.242424242424243,11.515151515151516,84.24242424242424,72.72727272727273,11.515151515151516
E00022541,412,43,17,26,369,300,69,10.436893203883495,4.12621359223301,6.310679611650485,89.56310679611651,72.81553398058253,16.74757281553398
E00022542,208,41,16,25,167,122,45,19.71153846153846,7.6923076923076925,12.01923076923077,80.28846153846155,58.65384615384615,21.634615384615387
E00022543,217,41,20,21,176,147,29,18.89400921658986,9.216589861751153,9.67741935483871,81.10599078341014,67.74193548387096,13.36405529953917
E00022544,222,30,14,16,192,141,51,13.513513513513514,6.306306306306306,7.207207207207207,86.48648648648648,63.51351351351351,22.972972972972975
E00022545,171,16,8,8,155,123,32,9.35672514619883,4.678362573099415,4.678362573099415,90.64327485380117,71.9298245614035,18.71345029239766
E00022546,201,29,13,16,172,127,45,14.427860696517413,6.467661691542288,7.960199004975125,85.57213930348259,63.18407960199005,22.388059701492537
E00022547,128,30,11,19,98,75,23,23.4375,8.59375,14.84375,76.5625,58.59375,17.96875
E00022548,151,25,13,12,126,102,24,16.55629139072848,8.609271523178808,7.9470198675496695,83.44370860927152,67.54966887417218,15.894039735099339
E00022549,227,41,19,22,186,160,26,18.06167400881057,8.370044052863436,9.691629955947137,81.93832599118943,70.48458149779736,11.45374449339207
E00022550,198,28,12,16,170,126,44,14.14141414141414,6.0606060606060606,8.080808080808081,85.85858585858585,63.63636363636363,22.22222222222222
E00022551,86,10,5,5,76,59,17,11.627906976744185,5.813953488372093,5.813953488372093,88.37209302325581,68.6046511627907,19.767441860465116
E00022552,174,31,10,21,143,106,37,17.81609195402299,5.747126436781609,12.068965517241379,82.18390804597702,60.91954022988506,21.26436781609195
E00022553,180,26,11,15,154,120,34,14.444444444444443,6.111111111111111,8.333333333333332,85.55555555555556,66.66666666666666,18.88888888888889
E00022554,132,25,9,16,107,79,28,18.939393939393938,6.8181818181818175,12.121212121212121,81.06060606060606,59.84848484848485,21.21212121212121
E00022555,151,21,7,14,130,95,35,13.90728476821192,4.635761589403973,9.271523178807946,86.09271523178808,62.913907284768214,23.178807947019866
E00022556,205,22,8,14,183,144,39,10.731707317073171,3.902439024390244,6.829268292682928,89.26829268292683,70.24390243902438,19.024390243902438
E00022557,107,29,13,16,78,62,16,27.102803738317753,12.149532710280374,14.953271028037381,72.89719626168224,57.943925233644855,14.953271028037381
E00022558,168,26,9,17,142,106,36,15.476190476190476,5.357142857142857,10.119047619047619,84.52380952380952,63.095238095238095,21.428571428571427
E00022559,147,29,13,16,118,79,39,19.727891156462583,8.843537414965986,10.884353741496598,80.27210884353741,53.74149659863946,26.53061224489796
E00022560,177,29,7,22,148,102,46,16.38418079096045,3.954802259887006,12.429378531073446,83.61581920903954,57.6271186440678,25.98870056497175
E00022561,131,19,10,9,112,87,25,14.50381679389313,7.633587786259542,6.870229007633588,85.49618320610686,66.41221374045801,19.083969465648856
E00022562,192,32,15,17,160,125,35,16.666666666666664,7.8125,8.854166666666668,83.33333333333334,65.10416666666666,18.229166666666664
E00022563,215,32,11,21,183,151,32,14.883720930232558,5.116279069767442,9.767441860465116,85.11627906976744,70.23255813953489,14.883720930232558
E00022564,142,30,9,21,112,77,35,21.12676056338028,6.338028169014084,14.788732394366196,78.87323943661971,54.22535211267606,24.647887323943664
E00022565,121,28,12,16,93,71,22,23.140495867768596,9.917355371900827,13.223140495867769,76.85950413223141,58.67768595041323,18.181818181818183
E00022566,137,23,11,12,114,83,31,16.78832116788321,8.02919708029197,8.75912408759124,83.21167883211679,60.58394160583942,22.62773722627737
E00022567,165,27,12,15,138,95,43,16.363636363636363,7.2727272727272725,9.090909090909092,83.63636363636363,57.57575757575758,26.060606060606062
E00022568,183,30,11,19,153,128,25,16.39344262295082,6.0109289617486334,10.382513661202186,83.60655737704919,69.94535519125684,13.661202185792352
E00022569,232,26,10,16,206,177,29,11.206896551724139,4.310344827586207,6.896551724137931,88.79310344827587,76.29310344827587,12.5
E00022570,143,36,20,16,107,83,24,25.174825174825177,13.986013986013987,11.188811188811188,74.82517482517483,58.04195804195804,16.783216783216783
E00022571,193,50,17,33,143,118,25,25.906735751295333,8.808290155440414,17.098445595854923,74.09326424870466,61.13989637305699,12.953367875647666
E00022572,197,23,11,12,174,147,27,11.6751269035533,5.583756345177665,6.091370558375635,88.3248730964467,74.61928934010153,13.705583756345177
E00022573,139,28,9,19,111,84,27,20.14388489208633,6.474820143884892,13.66906474820144,79.85611510791367,60.431654676258994,19.424460431654676
E00022574,244,36,10,26,208,167,41,14.754098360655737,4.098360655737705,10.655737704918032,85.24590163934425,68.44262295081968,16.80327868852459
E00022575,230,39,16,23,191,160,31,16.956521739130434,6.956521739130435,10,83.04347826086956,69.56521739130434,13.478260869565217
E00022576,224,43,19,24,181,152,29,19.196428571428573,8.482142857142858,10.714285714285714,80.80357142857143,67.85714285714286,12.946428571428573
E00022577,187,40,18,22,147,115,32,21.390374331550802,9.62566844919786,11.76470588235294,78.6096256684492,61.49732620320856,17.11229946524064
E00022579,299,68,25,43,231,196,35,22.74247491638796,8.361204013377927,14.381270903010032,77.25752508361204,65.55183946488295,11.705685618729097
E00022580,222,52,17,35,170,135,35,23.423423423423422,7.657657657657657,15.765765765765765,76.57657657657657,60.810810810810814,15.765765765765765
E00022581,203,43,10,33,160,127,33,21.182266009852217,4.926108374384237,16.25615763546798,78.81773399014779,62.5615763546798,16.25615763546798
E00022582,208,36,18,18,172,131,41,17.307692307692307,8.653846153846153,8.653846153846153,82.6923076923077,62.980769230769226,19.71153846153846
E00022583,259,99,28,71,160,146,14,38.22393822393823,10.81081081081081,27.413127413127413,61.77606177606177,56.37065637065637,5.405405405405405
E00022585,195,42,19,23,153,118,35,21.53846153846154,9.7435897435897445,11.794871794871794,78.46153846153847,60.51282051282051,17.94871794871795
E00022586,157,23,8,15,134,110,24,14.64968152866242,5.095541401273886,9.554140127388536,85.35031847133759,70.06369426751591,15.286624203821656
E00022587,169,21,6,15,148,109,39,12.42603550295858,3.5502958579881656,8.875739644970414,87.57396449704143,64.49704142011834,23.076923076923077
E00022588,142,20,3,17,122,85,37,14.084507042253522,2.112676056338028,11.971830985915492,85.91549295774648,59.859154929577464,26.056338028169012
E00022589,314,49,12,37,265,203,62,15.605095541401273,3.821656050955414,11.78343949044586,84.39490445859873,64.64968152866241,19.745222929936308
E00022590,150,25,10,15,125,80,45,16.666666666666664,6.666666666666667,10,83.33333333333334,53.333333333333336,30
E00022591,183,27,13,14,156,106,50,14.754098360655737,7.103825136612022,7.650273224043716,85.24590163934425,57.92349726775956,27.322404371584703
E00022592,188,44,21,23,144,115,29,23.404255319148938,11.170212765957446,12.23404255319149,76.59574468085107,61.170212765957444,15.425531914893616
E00022593,211,21,6,15,190,139,51,9.95260663507109,2.843601895734597,7.109004739336493,90.04739336492891,65.87677725118483,24.170616113744074
E00022594,224,34,8,26,190,144,46,15.178571428571427,3.571428571428571,11.607142857142858,84.82142857142857,64.28571428571429,20.535714285714285
E00022595,180,21,9,12,159,116,43,11.666666666666666,5,6.666666666666667,88.33333333333333,64.44444444444444,23.88888888888889
E00022596,189,16,3,13,173,119,54,8.465608465608465,1.5873015873015872,6.878306878306878,91.53439153439153,62.96296296296296,28.57142857142857
E00022597,109,46,11,35,63,54,9,42.201834862385326,10.091743119266056,32.11009174311927,57.798165137614674,49.54128440366973,8.256880733944955
E00022598,162,51,15,36,111,100,11,31.48148148148148,9.25925925925926,22.22222222222222,68.51851851851852,61.72839506172839,6.790123456790123
E00022599,170,39,19,20,131,91,40,22.941176470588236,11.176470588235295,11.76470588235294,77.05882352941177,53.529411764705884,23.52941176470588
E00022600,190,25,7,18,165,125,40,13.157894736842104,3.684210526315789,9.473684210526317,86.8421052631579,65.78947368421053,21.052631578947366
E00022601,185,22,9,13,163,118,45,11.891891891891893,4.864864864864865,7.027027027027027,88.10810810810811,63.78378378378379,24.324324324324326
E00022603,218,36,13,23,182,127,55,16.51376146788991,5.963302752293578,10.550458715596331,83.4862385321101,58.256880733944946,25.229357798165136
E00022604,230,39,17,22,191,139,52,16.956521739130434,7.391304347826087,9.565217391304348,83.04347826086956,60.43478260869565,22.608695652173914
E00022605,173,27,11,16,146,97,49,15.606936416184972,6.358381502890173,9.248554913294797,84.39306358381504,56.06936416184971,28.32369942196532
E00022606,159,50,18,32,109,96,13,31.446540880503143,11.320754716981133,20.125786163522015,68.55345911949685,60.37735849056604,8.176100628930817
E00022607,182,32,12,20,150,125,25,17.582417582417584,6.593406593406594,10.989010989010989,82.41758241758241,68.68131868131869,13.736263736263737
E00022608,125,34,8,26,91,68,23,27.200000000000003,6.4,20.8,72.8,54.400000000000006,18.4
E00022609,212,35,14,21,177,137,40,16.50943396226415,6.60377358490566,9.90566037735849,83.49056603773585,64.62264150943396,18.867924528301888
E00022610,184,27,12,15,157,118,39,14.673913043478262,6.521739130434782,8.152173913043478,85.32608695652173,64.13043478260869,21.195652173913043
E00022611,177,33,14,19,144,115,29,18.64406779661017,7.909604519774012,10.734463276836157,81.35593220338984,64.97175141242938,16.38418079096045
E00022612,250,51,13,38,199,166,33,20.4,5.2,15.2,79.60000000000001,66.4,13.200000000000001
E00022613,218,40,15,25,178,148,30,18.34862385321101,6.8807339449541285,11.46788990825688,81.65137614678899,67.88990825688074,13.761467889908257
E00022614,184,30,13,17,154,133,21,16.304347826086957,7.065217391304348,9.239130434782608,83.69565217391305,72.28260869565217,11.41304347826087
E00022615,261,30,14,16,231,175,56,11.494252873563218,5.363984674329502,6.130268199233716,88.50574712643679,67.04980842911877,21.455938697318008
E00022616,156,41,15,26,115,92,23,26.282051282051285,9.615384615384617,16.666666666666664,73.71794871794873,58.97435897435898,14.743589743589745
E00022618,137,26,9,17,111,85,26,18.97810218978102,6.569343065693431,12.408759124087592,81.02189781021897,62.04379562043796,18.97810218978102
E00022619,325,49,19,30,276,223,53,15.076923076923077,5.846153846153846,9.230769230769232,84.92307692307692,68.61538461538461,16.307692307692307
E00022620,206,31,12,19,175,115,60,15.048543689320388,5.825242718446602,9.223300970873787,84.9514563106796,55.8252427184466,29.126213592233007
E00022621,213,21,8,13,192,144,48,9.859154929577464,3.755868544600939,6.103286384976526,90.14084507042254,67.6056338028169,22.535211267605636
E00022622,179,68,26,42,111,103,8,37.988826815642454,14.52513966480447,23.463687150837988,62.01117318435754,57.54189944134078,4.4692737430167595
E00022623,261,21,7,14,240,182,58,8.045977011494253,2.681992337164751,5.363984674329502,91.95402298850574,69.73180076628353,22.22222222222222
E00022624,180,13,4,9,167,129,38,7.222222222222221,2.2222222222222223,5,92.77777777777779,71.66666666666667,21.11111111111111
E00022625,198,25,6,19,173,133,40,12.626262626262626,3.0303030303030303,9.595959595959595,87.37373737373737,67.17171717171718,20.2020202020202
E00022626,196,33,17,16,163,118,45,16.83673469387755,8.673469387755102,8.16326530612245,83.16326530612244,60.204081632653065,22.95918367346939
E00022627,187,32,13,19,155,133,22,17.11229946524064,6.951871657754011,10.16042780748663,82.88770053475936,71.12299465240642,11.76470588235294
E00022628,149,46,22,24,103,75,28,30.87248322147651,14.76510067114094,16.10738255033557,69.12751677852349,50.33557046979866,18.79194630872483
E00022629,153,36,14,22,117,100,17,23.52941176470588,9.15032679738562,14.37908496732026,76.47058823529412,65.359477124183,11.11111111111111
E00022630,128,19,7,12,109,87,22,14.84375,5.46875,9.375,85.15625,67.96875,17.1875
E00022631,247,32,16,16,215,159,56,12.955465587044534,6.477732793522267,6.477732793522267,87.04453441295547,64.37246963562752,22.672064777327936
E00022632,129,27,11,16,102,88,14,20.930232558139537,8.527131782945736,12.4031007751938,79.06976744186046,68.21705426356588,10.852713178294573
E00022633,146,21,3,18,125,97,28,14.383561643835616,2.054794520547945,12.32876712328767,85.61643835616438,66.43835616438356,19.17808219178082
E00022634,218,45,20,25,173,138,35,20.642201834862387,9.174311926605505,11.46788990825688,79.35779816513761,63.30275229357798,16.055045871559635
E00022635,149,21,7,14,128,95,33,14.093959731543624,4.697986577181208,9.395973154362416,85.90604026845638,63.758389261744966,22.14765100671141
E00022636,162,31,14,17,131,99,32,19.1358024691358,8.641975308641975,10.493827160493826,80.8641975308642,61.111111111111114,19.753086419753085
E00022637,163,15,3,12,148,113,35,9.202453987730062,1.8404907975460123,7.361963190184049,90.79754601226993,69.32515337423312,21.472392638036812
E00022638,138,28,11,17,110,80,30,20.28985507246377,7.971014492753622,12.318840579710146,79.71014492753623,57.971014492753625,21.73913043478261
E00022639,177,52,19,33,125,115,10,29.37853107344633,10.734463276836157,18.64406779661017,70.62146892655367,64.97175141242938,5.649717514124294
E00022640,232,37,14,23,195,147,48,15.948275862068966,6.0344827586206895,9.913793103448276,84.05172413793103,63.36206896551724,20.689655172413794
E00022641,141,47,15,32,94,74,20,33.33333333333333,10.638297872340425,22.69503546099291,66.66666666666666,52.4822695035461,14.184397163120568
E00022642,168,28,12,16,140,116,24,16.666666666666664,7.142857142857142,9.523809523809524,83.33333333333334,69.04761904761905,14.285714285714285
E00022643,213,38,19,19,175,133,42,17.84037558685446,8.92018779342723,8.92018779342723,82.15962441314554,62.441314553990615,19.718309859154928
E00022644,173,25,10,15,148,126,22,14.450867052023122,5.780346820809249,8.670520231213873,85.54913294797689,72.83236994219652,12.716763005780345
E00022645,167,23,16,7,144,119,25,13.77245508982036,9.580838323353294,4.191616766467066,86.22754491017965,71.25748502994011,14.97005988023952
E00022646,212,37,14,23,175,127,48,17.452830188679243,6.60377358490566,10.849056603773585,82.54716981132076,59.905660377358494,22.641509433962266
E00022647,156,31,8,23,125,86,39,19.871794871794872,5.128205128205128,14.743589743589745,80.12820512820514,55.12820512820513,25
E00022648,164,20,8,12,144,110,34,12.195121951219512,4.878048780487805,7.317073170731707,87.8048780487805,67.07317073170732,20.73170731707317
E00022650,206,40,12,28,166,108,58,19.41747572815534,5.825242718446602,13.592233009708737,80.58252427184466,52.42718446601942,28.155339805825243
E00022651,201,49,28,21,152,100,52,24.378109452736318,13.930348258706468,10.44776119402985,75.62189054726367,49.75124378109453,25.870646766169152
E00022652,171,39,13,26,132,108,24,22.807017543859647,7.602339181286549,15.204678362573098,77.19298245614034,63.1578947368421,14.035087719298245
E00022653,189,38,13,25,151,127,24,20.105820105820104,6.878306878306878,13.227513227513226,79.8941798941799,67.1957671957672,12.698412698412698
E00022654,196,32,13,19,164,109,55,16.3265306122449,6.63265306122449,9.693877551020408,83.6734693877551,55.61224489795919,28.061224489795915
E00022655,201,32,11,21,169,121,48,15.92039800995025,5.472636815920398,10.44776119402985,84.07960199004975,60.19900497512438,23.88059701492537
E00022656,200,44,22,22,156,115,41,22,11,11,78,57.49999999999999,20.5
E00022657,197,38,18,20,159,118,41,19.289340101522843,9.137055837563452,10.152284263959391,80.71065989847716,59.89847715736041,20.812182741116754
E00022658,159,36,14,22,123,91,32,22.641509433962266,8.80503144654088,13.836477987421384,77.35849056603774,57.23270440251572,20.125786163522015
E00022659,172,37,19,18,135,79,56,21.511627906976745,11.046511627906977,10.465116279069768,78.48837209302324,45.93023255813954,32.55813953488372
E00022660,165,31,14,17,134,100,34,18.787878787878785,8.484848484848486,10.303030303030303,81.21212121212122,60.60606060606061,20.606060606060606
E00022661,137,21,8,13,116,101,15,15.328467153284672,5.839416058394161,9.48905109489051,84.67153284671532,73.72262773722628,10.948905109489052
E00022662,190,55,22,33,135,95,40,28.947368421052634,11.578947368421053,17.36842105263158,71.05263157894737,50,21.052631578947366
E00022663,147,35,12,23,112,82,30,23.809523809523807,8.16326530612245,15.646258503401361,76.19047619047619,55.78231292517006,20.408163265306122
E00022664,137,35,21,14,102,65,37,25.547445255474454,15.328467153284672,10.218978102189782,74.45255474452554,47.44525547445255,27.00729927007299
E00022665,169,38,21,17,131,113,18,22.485207100591715,12.42603550295858,10.059171597633137,77.51479289940828,66.86390532544378,10.650887573964498
E00022666,127,29,10,19,98,74,24,22.83464566929134,7.874015748031496,14.960629921259844,77.16535433070865,58.26771653543307,18.89763779527559
E00022667,306,45,20,25,261,186,75,14.705882352941178,6.535947712418301,8.169934640522875,85.29411764705883,60.78431372549019,24.509803921568626
E00022668,179,36,10,26,143,111,32,20.11173184357542,5.58659217877095,14.52513966480447,79.88826815642457,62.01117318435754,17.877094972067038
E00022669,274,26,18,8,248,184,64,9.48905109489051,6.569343065693431,2.9197080291970803,90.51094890510949,67.15328467153284,23.357664233576642
E00022672,152,42,19,23,110,80,30,27.631578947368425,12.5,15.131578947368421,72.36842105263158,52.63157894736842,19.736842105263158
E00022673,200,36,15,21,164,118,46,18,7.5,10.5,82,59,23
E00022674,300,35,25,10,265,201,64,11.666666666666666,8.333333333333332,3.3333333333333335,88.33333333333333,67,21.333333333333336
E00022675,180,41,10,31,139,116,23,22.77777777777778,5.555555555555555,17.22222222222222,77.22222222222223,64.44444444444444,12.777777777777777
E00022676,141,30,10,20,111,86,25,21.27659574468085,7.092198581560284,14.184397163120568,78.72340425531915,60.99290780141844,17.73049645390071
E00022677,326,42,22,20,284,229,55,12.883435582822086,6.748466257668712,6.134969325153374,87.11656441717791,70.24539877300614,16.87116564417178
E00022678,217,36,12,24,181,145,36,16.589861751152075,5.529953917050691,11.059907834101383,83.41013824884793,66.82027649769586,16.589861751152075
E00022679,243,27,12,15,216,166,50,11.11111111111111,4.938271604938271,6.172839506172839,88.88888888888889,68.3127572016461,20.5761316872428
E00022680,177,23,11,12,154,121,33,12.994350282485875,6.214689265536723,6.779661016949152,87.00564971751412,68.36158192090396,18.64406779661017
E00022681,94,29,15,14,65,53,12,30.851063829787233,15.957446808510639,14.893617021276595,69.14893617021278,56.38297872340425,12.76595744680851
E00022684,212,26,11,15,186,140,46,12.264150943396226,5.188679245283019,7.0754716981132075,87.73584905660378,66.0377358490566,21.69811320754717
E00022685,191,25,17,8,166,111,55,13.089005235602095,8.900523560209423,4.18848167539267,86.91099476439791,58.1151832460733,28.79581151832461
E00022686,164,26,9,17,138,107,31,15.853658536585366,5.487804878048781,10.365853658536585,84.14634146341463,65.2439024390244,18.902439024390244
E00022688,192,18,6,12,174,145,29,9.375,3.125,6.25,90.625,75.52083333333334,15.104166666666666
E00022689,174,45,16,29,129,93,36,25.862068965517242,9.195402298850574,16.666666666666664,74.13793103448276,53.44827586206896,20.689655172413794
E00022690,175,25,10,15,150,105,45,14.285714285714285,5.714285714285714,8.571428571428571,85.71428571428571,60,25.71428571428571
E00022691,189,31,12,19,158,133,25,16.402116402116402,6.349206349206349,10.052910052910052,83.5978835978836,70.37037037037037,13.227513227513226
E00022692,241,41,12,29,200,157,43,17.012448132780083,4.979253112033195,12.033195020746888,82.98755186721992,65.14522821576763,17.842323651452283
E00022693,180,24,12,12,156,115,41,13.333333333333334,6.666666666666667,6.666666666666667,86.66666666666667,63.888888888888886,22.77777777777778
E00022694,184,38,16,22,146,118,28,20.652173913043477,8.695652173913043,11.956521739130435,79.34782608695652,64.13043478260869,15.217391304347828
E00022695,225,29,11,18,196,154,42,12.88888888888889,4.888888888888889,8,87.1111111111111,68.44444444444444,18.666666666666668
E00022696,162,34,17,17,128,96,32,20.98765432098765,10.493827160493826,10.493827160493826,79.01234567901234,59.25925925925925,19.753086419753085
E00022697,169,33,15,18,136,90,46,19.526627218934912,8.875739644970414,10.650887573964498,80.4733727810651,53.25443786982249,27.218934911242602
E00022698,166,25,7,18,141,95,46,15.060240963855422,4.216867469879518,10.843373493975903,84.93975903614458,57.22891566265061,27.710843373493976
E00022699,215,33,8,25,182,140,42,15.348837209302326,3.7209302325581395,11.627906976744185,84.65116279069768,65.11627906976744,19.53488372093023
E00022700,262,23,10,13,239,185,54,8.778625954198473,3.816793893129771,4.961832061068702,91.22137404580153,70.61068702290076,20.610687022900763
E00022701,186,43,24,19,143,97,46,23.118279569892472,12.903225806451612,10.21505376344086,76.88172043010752,52.1505376344086,24.731182795698924
E00022702,156,32,13,19,124,93,31,20.51282051282051,8.333333333333332,12.179487179487179,79.48717948717949,59.61538461538461,19.871794871794872
E00022703,174,41,21,20,133,87,46,23.563218390804597,12.068965517241379,11.494252873563218,76.4367816091954,50,26.436781609195403
E00022704,132,34,15,19,98,82,16,25.757575757575758,11.363636363636363,14.393939393939394,74.24242424242425,62.121212121212125,12.121212121212121
E00022705,158,32,11,21,126,92,34,20.253164556962027,6.962025316455696,13.291139240506327,79.74683544303798,58.22784810126582,21.518987341772153
E00022706,192,41,13,28,151,125,26,21.354166666666664,6.770833333333333,14.583333333333334,78.64583333333334,65.10416666666666,13.541666666666666
E00022707,186,67,25,42,119,110,9,36.02150537634409,13.440860215053762,22.58064516129032,63.97849462365591,59.13978494623656,4.838709677419355
E00022708,191,55,24,31,136,113,23,28.79581151832461,12.56544502617801,16.230366492146597,71.20418848167539,59.16230366492147,12.041884816753926
E00022709,154,21,9,12,133,88,45,13.636363636363635,5.844155844155844,7.792207792207792,86.36363636363636,57.14285714285714,29.22077922077922
E00022710,229,17,5,12,212,169,43,7.423580786026202,2.1834061135371177,5.240174672489083,92.57641921397381,73.7991266375546,18.777292576419214
E00022711,311,35,10,25,276,216,60,11.254019292604502,3.215434083601286,8.038585209003216,88.7459807073955,69.45337620578779,19.292604501607716
E00022712,239,38,11,27,201,157,44,15.899581589958158,4.602510460251046,11.297071129707113,84.10041841004184,65.69037656903765,18.410041841004183
E00022713,190,29,12,17,161,114,47,15.263157894736842,6.315789473684211,8.947368421052632,84.73684210526315,60,24.736842105263158
E00022714,344,32,15,17,312,253,59,9.30232558139535,4.3604651162790695,4.941860465116279,90.69767441860465,73.54651162790698,17.151162790697676
E00022716,129,49,22,27,80,75,5,37.98449612403101,17.05426356589147,20.930232558139537,62.01550387596899,58.139534883720934,3.875968992248062
E00022717,139,30,15,15,109,91,18,21.58273381294964,10.79136690647482,10.79136690647482,78.41726618705036,65.46762589928058,12.949640287769784
E00022718,192,25,13,12,167,111,56,13.020833333333334,6.770833333333333,6.25,86.97916666666666,57.8125,29.166666666666668
E00022719,216,22,9,13,194,134,60,10.185185185185185,4.166666666666666,6.018518518518518,89.81481481481481,62.03703703703704,27.77777777777778
E00022720,370,50,20,30,320,238,82,13.513513513513514,5.405405405405405,8.108108108108109,86.48648648648648,64.32432432432432,22.162162162162165
E00022721,168,25,6,19,143,112,31,14.880952380952381,3.571428571428571,11.30952380952381,85.11904761904762,66.66666666666666,18.452380952380953
E00022722,237,33,17,16,204,143,61,13.924050632911392,7.172995780590717,6.751054852320674,86.07594936708861,60.337552742616026,25.738396624472575
E00022723,201,30,11,19,171,126,45,14.925373134328357,5.472636815920398,9.45273631840796,85.07462686567165,62.68656716417911,22.388059701492537
E00022724,173,31,11,20,142,124,18,17.91907514450867,6.358381502890173,11.560693641618498,82.08092485549133,71.67630057803468,10.404624277456648
E00022726,192,59,25,34,133,109,24,30.729166666666668,13.020833333333334,17.708333333333336,69.27083333333334,56.770833333333336,12.5
E00022727,169,50,23,27,119,108,11,29.585798816568047,13.609467455621301,15.976331360946746,70.41420118343196,63.905325443786985,6.508875739644971
E00022728,225,58,21,37,167,138,29,25.77777777777778,9.333333333333334,16.444444444444446,74.22222222222223,61.33333333333333,12.88888888888889
E00022729,183,43,15,28,140,107,33,23.497267759562842,8.19672131147541,15.300546448087433,76.50273224043715,58.46994535519126,18.0327868852459
E00022730,219,87,30,57,132,117,15,39.726027397260275,13.698630136986301,26.027397260273972,60.273972602739725,53.42465753424658,6.8493150684931505
E00022731,170,41,14,27,129,99,30,24.11764705882353,8.235294117647058,15.88235294117647,75.88235294117646,58.235294117647065,17.647058823529413
E00022732,175,49,17,32,126,107,19,28.000000000000004,9.714285714285714,18.285714285714285,72,61.142857142857146,10.857142857142858
E00022733,229,59,32,27,170,130,40,25.76419213973799,13.973799126637553,11.790393013100436,74.235807860262,56.76855895196506,17.46724890829694
E00022734,70,18,6,12,52,45,7,25.71428571428571,8.571428571428571,17.142857142857142,74.28571428571429,64.28571428571429,10
E00022735,80,33,15,18,47,41,6,41.25,18.75,22.5,58.75,51.24999999999999,7.5
E00022736,136,43,18,25,93,80,13,31.61764705882353,13.23529411764706,18.38235294117647,68.38235294117648,58.82352941176471,9.558823529411764
E00022737,159,46,22,24,113,97,16,28.930817610062892,13.836477987421384,15.09433962264151,71.0691823899371,61.0062893081761,10.062893081761008
E00022738,131,41,17,24,90,78,12,31.297709923664126,12.977099236641221,18.3206106870229,68.70229007633588,59.541984732824424,9.16030534351145
E00022739,150,59,12,47,91,85,6,39.33333333333333,8,31.333333333333336,60.66666666666667,56.666666666666664,4
E00022740,52,7,4,3,45,37,8,13.461538461538462,7.6923076923076925,5.769230769230769,86.53846153846155,71.15384615384616,15.384615384615385
E00022741,185,51,27,24,134,111,23,27.56756756756757,14.594594594594595,12.972972972972974,72.43243243243244,60,12.432432432432433
E00022742,179,57,26,31,122,97,25,31.843575418994412,14.52513966480447,17.318435754189945,68.15642458100558,54.18994413407822,13.966480446927374
E00022743,144,50,13,37,94,80,14,34.72222222222222,9.027777777777777,25.694444444444443,65.27777777777779,55.55555555555556,9.722222222222223
E00022744,163,46,15,31,117,93,24,28.22085889570552,9.202453987730062,19.018404907975462,71.77914110429448,57.05521472392638,14.723926380368098
E00022745,196,62,19,43,134,99,35,31.63265306122449,9.693877551020408,21.93877551020408,68.36734693877551,50.51020408163265,17.857142857142858
E00022746,162,72,25,47,90,77,13,44.44444444444444,15.432098765432098,29.01234567901235,55.55555555555556,47.53086419753087,8.024691358024691
E00022747,178,63,21,42,115,89,26,35.39325842696629,11.797752808988763,23.595505617977526,64.60674157303372,50,14.606741573033707
E00022748,216,54,24,30,162,130,32,25,11.11111111111111,13.88888888888889,75,60.18518518518518,14.814814814814813
E00022749,208,52,25,27,156,114,42,25,12.01923076923077,12.980769230769232,75,54.807692307692314,20.192307692307693
E00022750,219,74,26,48,145,116,29,33.789954337899545,11.87214611872146,21.91780821917808,66.21004566210046,52.96803652968036,13.24200913242009
E00022751,277,52,24,28,225,190,35,18.772563176895307,8.664259927797833,10.108303249097473,81.2274368231047,68.59205776173285,12.63537906137184
E00022752,184,63,19,44,121,96,25,34.23913043478261,10.326086956521738,23.91304347826087,65.76086956521739,52.17391304347826,13.586956521739129
E00022753,181,55,26,29,126,91,35,30.386740331491712,14.3646408839779,16.022099447513813,69.61325966850829,50.27624309392266,19.337016574585636
E00022754,179,40,14,26,139,104,35,22.3463687150838,7.82122905027933,14.52513966480447,77.6536312849162,58.10055865921788,19.553072625698324
E00022755,165,36,21,15,129,111,18,21.818181818181817,12.727272727272727,9.090909090909092,78.18181818181819,67.27272727272727,10.909090909090908
E00022756,205,49,16,33,156,136,20,23.902439024390244,7.804878048780488,16.097560975609756,76.09756097560975,66.34146341463415,9.75609756097561
E00022757,189,54,23,31,135,99,36,28.57142857142857,12.16931216931217,16.402116402116402,71.42857142857143,52.38095238095239,19.047619047619047
E00022758,137,39,16,23,98,85,13,28.467153284671532,11.678832116788321,16.78832116788321,71.53284671532847,62.04379562043796,9.48905109489051
E00022759,181,70,29,41,111,91,20,38.67403314917127,16.022099447513813,22.65193370165746,61.32596685082873,50.27624309392266,11.049723756906078
E00022760,319,91,26,65,228,179,49,28.526645768025077,8.150470219435736,20.37617554858934,71.47335423197492,56.112852664576806,15.360501567398119
E00022761,212,69,20,49,143,114,29,32.54716981132076,9.433962264150944,23.11320754716981,67.45283018867924,53.77358490566038,13.679245283018867
E00022762,310,80,40,40,230,197,33,25.806451612903224,12.903225806451612,12.903225806451612,74.19354838709677,63.54838709677419,10.64516129032258
E00022763,176,39,17,22,137,102,35,22.15909090909091,9.659090909090908,12.5,77.8409090909091,57.95454545454546,19.886363636363637
E00022764,167,44,16,28,123,103,20,26.34730538922156,9.580838323353294,16.766467065868262,73.65269461077844,61.67664670658682,11.976047904191617
E00022765,224,75,23,52,149,121,28,33.482142857142854,10.267857142857142,23.214285714285715,66.51785714285714,54.01785714285714,12.5
E00022766,149,50,20,30,99,83,16,33.557046979865774,13.422818791946309,20.13422818791946,66.44295302013423,55.70469798657718,10.738255033557047
E00022767,170,49,20,29,121,97,24,28.823529411764703,11.76470588235294,17.058823529411764,71.17647058823529,57.05882352941176,14.117647058823529
E00022768,178,32,9,23,146,123,23,17.97752808988764,5.056179775280898,12.921348314606742,82.02247191011236,69.10112359550563,12.921348314606742
E00022769,159,34,15,19,125,102,23,21.38364779874214,9.433962264150944,11.949685534591195,78.61635220125787,64.15094339622641,14.465408805031446
E00022770,191,35,15,20,156,133,23,18.32460732984293,7.853403141361256,10.471204188481675,81.67539267015707,69.63350785340315,12.041884816753926
E00022771,224,59,15,44,165,136,29,26.339285714285715,6.696428571428571,19.642857142857142,73.66071428571429,60.71428571428571,12.946428571428573
E00022773,186,28,10,18,158,119,39,15.053763440860216,5.376344086021505,9.67741935483871,84.94623655913979,63.97849462365591,20.967741935483872
E00022774,170,26,9,17,144,111,33,15.294117647058824,5.294117647058823,10,84.70588235294117,65.29411764705883,19.411764705882355
E00022775,267,75,25,50,192,153,39,28.08988764044944,9.363295880149813,18.726591760299627,71.91011235955057,57.30337078651685,14.606741573033707
E00022776,153,34,13,21,119,99,20,22.22222222222222,8.49673202614379,13.725490196078432,77.77777777777779,64.70588235294117,13.071895424836603
E00022777,147,40,9,31,107,87,20,27.2108843537415,6.122448979591836,21.08843537414966,72.78911564625851,59.183673469387756,13.60544217687075
E00022778,155,38,10,28,117,104,13,24.516129032258064,6.451612903225806,18.064516129032256,75.48387096774194,67.0967741935484,8.38709677419355
E00022779,272,78,27,51,194,165,29,28.676470588235293,9.926470588235293,18.75,71.32352941176471,60.66176470588235,10.661764705882353
E00022780,343,66,31,35,277,228,49,19.24198250728863,9.037900874635568,10.204081632653061,80.75801749271136,66.47230320699708,14.285714285714285
E00022781,256,67,26,41,189,145,44,26.171875,10.15625,16.015625,73.828125,56.640625,17.1875
E00022782,131,28,11,17,103,88,15,21.374045801526716,8.396946564885496,12.977099236641221,78.62595419847328,67.17557251908397,11.450381679389313
E00022783,114,31,14,17,83,66,17,27.192982456140353,12.280701754385964,14.912280701754385,72.80701754385966,57.89473684210527,14.912280701754385
E00022784,189,63,28,35,126,113,13,33.33333333333333,14.814814814814813,18.51851851851852,66.66666666666666,59.78835978835979,6.878306878306878
E00022785,197,29,11,18,168,135,33,14.720812182741117,5.583756345177665,9.137055837563452,85.27918781725889,68.52791878172589,16.751269035532996
E00022786,59,26,9,17,33,31,2,44.06779661016949,15.254237288135593,28.8135593220339,55.932203389830505,52.54237288135594,3.389830508474576
E00022787,223,41,15,26,182,150,32,18.385650224215247,6.726457399103139,11.659192825112108,81.61434977578476,67.2645739910314,14.349775784753364
E00022788,151,32,9,23,119,90,29,21.192052980132452,5.960264900662252,15.2317880794702,78.80794701986756,59.60264900662252,19.205298013245034
E00022789,210,47,23,24,163,136,27,22.380952380952383,10.952380952380953,11.428571428571429,77.61904761904762,64.76190476190476,12.857142857142856
E00022790,161,52,21,31,109,95,14,32.298136645962735,13.043478260869565,19.25465838509317,67.70186335403726,59.006211180124225,8.695652173913043
E00022791,227,78,33,45,149,121,28,34.36123348017621,14.537444933920703,19.823788546255507,65.63876651982379,53.30396475770925,12.334801762114537
E00022793,200,34,16,18,166,131,35,17,8,9,83,65.5,17.5
E00022794,235,46,16,30,189,153,36,19.574468085106382,6.808510638297872,12.76595744680851,80.42553191489363,65.1063829787234,15.319148936170212
E00022796,198,33,12,21,165,138,27,16.666666666666664,6.0606060606060606,10.606060606060606,83.33333333333334,69.6969696969697,13.636363636363635
E00022797,142,42,17,25,100,84,16,29.577464788732392,11.971830985915492,17.6056338028169,70.4225352112676,59.154929577464785,11.267605633802818
E00022798,194,43,21,22,151,111,40,22.164948453608247,10.824742268041238,11.34020618556701,77.83505154639175,57.21649484536082,20.618556701030926
E00022799,166,50,18,32,116,91,25,30.120481927710845,10.843373493975903,19.27710843373494,69.87951807228916,54.81927710843374,15.060240963855422
E00022800,144,39,13,26,105,91,14,27.083333333333332,9.027777777777777,18.055555555555554,72.91666666666666,63.19444444444444,9.722222222222223
E00022801,104,36,14,22,68,59,9,34.61538461538461,13.461538461538462,21.153846153846153,65.38461538461539,56.730769230769226,8.653846153846153
E00022802,102,25,9,16,77,61,16,24.509803921568626,8.823529411764707,15.686274509803921,75.49019607843137,59.80392156862745,15.686274509803921
E00022803,206,18,6,12,188,140,48,8.737864077669903,2.912621359223301,5.825242718446602,91.2621359223301,67.96116504854369,23.300970873786408
E00022804,134,23,10,13,111,96,15,17.16417910447761,7.462686567164178,9.701492537313433,82.83582089552239,71.64179104477611,11.194029850746269
E00022805,219,45,25,20,174,145,29,20.54794520547945,11.415525114155251,9.1324200913242,79.45205479452055,66.21004566210046,13.24200913242009
E00022806,144,29,10,19,115,94,21,20.13888888888889,6.944444444444445,13.194444444444445,79.86111111111111,65.27777777777779,14.583333333333334
E00022807,162,35,10,25,127,110,17,21.604938271604937,6.172839506172839,15.432098765432098,78.39506172839506,67.90123456790124,10.493827160493826
E00022808,236,49,21,28,187,159,28,20.76271186440678,8.898305084745763,11.864406779661017,79.23728813559322,67.37288135593221,11.864406779661017
E00022809,236,35,9,26,201,166,35,14.83050847457627,3.8135593220338984,11.016949152542372,85.16949152542372,70.33898305084746,14.83050847457627
E00022810,212,54,18,36,158,140,18,25.471698113207548,8.49056603773585,16.9811320754717,74.52830188679245,66.0377358490566,8.49056603773585
E00022811,233,53,22,31,180,150,30,22.746781115879827,9.44206008583691,13.304721030042918,77.25321888412017,64.37768240343348,12.875536480686694
E00022812,187,60,15,45,127,105,22,32.085561497326204,8.0213903743315509,24.06417112299465,67.9144385026738,56.14973262032086,11.76470588235294
E00022813,265,35,19,16,230,171,59,13.20754716981132,7.169811320754717,6.037735849056604,86.79245283018868,64.52830188679245,22.264150943396228
E00022814,208,32,16,16,176,135,41,15.384615384615385,7.6923076923076925,7.6923076923076925,84.61538461538461,64.90384615384616,19.71153846153846
E00022815,180,51,18,33,129,108,21,28.333333333333332,10,18.333333333333332,71.66666666666667,60,11.666666666666666
E00022816,115,31,12,19,84,76,8,26.956521739130434,10.434782608695652,16.52173913043478,73.04347826086956,66.08695652173913,6.956521739130435
E00022817,199,40,18,22,159,134,25,20.100502512562816,9.045226130653267,11.055276381909549,79.89949748743719,67.33668341708542,12.562814070351758
E00022818,102,33,12,21,69,58,11,32.35294117647059,11.76470588235294,20.588235294117645,67.64705882352942,56.86274509803921,10.784313725490197
E00022819,279,39,17,22,240,185,55,13.978494623655912,6.093189964157706,7.885304659498208,86.02150537634408,66.30824372759857,19.71326164874552
E00022820,70,15,6,9,55,45,10,21.428571428571427,8.571428571428571,12.857142857142856,78.57142857142857,64.28571428571429,14.285714285714285
E00022821,302,69,19,50,233,210,23,22.8476821192053,6.291390728476822,16.55629139072848,77.15231788079471,69.5364238410596,7.6158940397351
E00022822,115,27,11,16,88,74,14,23.47826086956522,9.565217391304348,13.91304347826087,76.52173913043478,64.34782608695652,12.173913043478262
E00022823,136,66,23,43,70,61,9,48.529411764705884,16.911764705882355,31.61764705882353,51.470588235294116,44.85294117647059,6.61764705882353
E00022824,119,51,27,24,68,59,9,42.857142857142854,22.689075630252102,20.168067226890756,57.14285714285714,49.57983193277311,7.563025210084033
E00022825,198,39,13,26,159,134,25,19.696969696969695,6.565656565656567,13.131313131313133,80.3030303030303,67.67676767676768,12.626262626262626
E00022826,113,47,11,36,66,58,8,41.5929203539823,9.734513274336283,31.858407079646017,58.4070796460177,51.32743362831859,7.079646017699115
E00022827,128,66,24,42,62,49,13,51.5625,18.75,32.8125,48.4375,38.28125,10.15625
E00022828,199,44,15,29,155,126,29,22.110552763819097,7.537688442211055,14.572864321608039,77.88944723618091,63.31658291457286,14.572864321608039
E00022829,164,50,21,29,114,93,21,30.48780487804878,12.804878048780488,17.682926829268293,69.51219512195121,56.70731707317073,12.804878048780488
E00022830,173,54,21,33,119,107,12,31.213872832369944,12.138728323699421,19.07514450867052,68.78612716763006,61.849710982658955,6.9364161849710975
E00022831,107,33,12,21,74,67,7,30.8411214953271,11.214953271028037,19.626168224299064,69.1588785046729,62.616822429906534,6.5420560747663545
E00022832,220,47,14,33,173,140,33,21.363636363636363,6.363636363636363,15,78.63636363636364,63.63636363636363,15
E00022833,162,60,19,41,102,91,11,37.03703703703704,11.728395061728394,25.308641975308642,62.96296296296296,56.17283950617284,6.790123456790123
E00022834,130,53,27,26,77,71,6,40.76923076923077,20.76923076923077,20,59.23076923076923,54.61538461538461,4.615384615384616
E00022835,152,36,14,22,116,106,10,23.684210526315788,9.210526315789473,14.473684210526317,76.31578947368422,69.73684210526315,6.578947368421052
E00022836,269,70,27,43,199,169,30,26.022304832713754,10.037174721189592,15.985130111524162,73.97769516728626,62.825278810408925,11.152416356877323
E00022838,284,52,25,27,232,197,35,18.30985915492958,8.80281690140845,9.507042253521126,81.69014084507043,69.36619718309859,12.323943661971832
E00022839,189,71,20,51,118,99,19,37.56613756613756,10.582010582010582,26.984126984126984,62.43386243386243,52.38095238095239,10.052910052910052
E00022840,184,32,10,22,152,122,30,17.391304347826086,5.434782608695652,11.956521739130435,82.6086956521739,66.30434782608695,16.304347826086957
E00022841,120,37,10,27,83,63,20,30.833333333333336,8.333333333333332,22.5,69.16666666666667,52.5,16.666666666666664
E00022843,211,56,18,38,155,145,10,26.540284360189574,8.530805687203792,18.009478672985782,73.45971563981043,68.72037914691943,4.739336492890995
E00022844,139,41,14,27,98,76,22,29.496402877697843,10.071942446043165,19.424460431654676,70.50359712230215,54.67625899280576,15.827338129496402
E00022845,150,27,13,14,123,89,34,18,8.666666666666668,9.333333333333334,82,59.333333333333336,22.666666666666664
E00022846,116,37,17,20,79,72,7,31.896551724137932,14.655172413793101,17.24137931034483,68.10344827586206,62.06896551724138,6.0344827586206895
E00022847,112,49,20,29,63,57,6,43.75,17.857142857142858,25.892857142857146,56.25,50.89285714285714,5.357142857142857
E00022848,168,64,27,37,104,92,12,38.095238095238095,16.071428571428573,22.023809523809522,61.904761904761905,54.761904761904766,7.142857142857142
E00022849,221,74,28,46,147,127,20,33.4841628959276,12.669683257918551,20.81447963800905,66.51583710407239,57.466063348416284,9.049773755656108
E00022850,255,38,16,22,217,148,69,14.901960784313726,6.2745098039215685,8.627450980392156,85.09803921568627,58.03921568627452,27.058823529411764
E00022851,168,54,19,35,114,98,16,32.142857142857146,11.30952380952381,20.833333333333336,67.85714285714286,58.333333333333336,9.523809523809524
E00022852,119,36,9,27,83,69,14,30.252100840336134,7.563025210084033,22.689075630252102,69.74789915966386,57.98319327731093,11.76470588235294
E00022853,272,26,8,18,246,203,43,9.558823529411764,2.941176470588235,6.61764705882353,90.44117647058823,74.63235294117648,15.808823529411764
E00022854,147,41,13,28,106,78,28,27.89115646258503,8.843537414965986,19.047619047619047,72.10884353741497,53.06122448979592,19.047619047619047
E00022855,134,44,12,32,90,71,19,32.83582089552239,8.955223880597014,23.88059701492537,67.16417910447761,52.98507462686567,14.17910447761194
E00022856,113,28,6,22,85,64,21,24.778761061946902,5.3097345132743365,19.469026548672566,75.22123893805309,56.63716814159292,18.58407079646018
E00022857,283,49,22,27,234,185,49,17.314487632508836,7.773851590106007,9.540636042402827,82.68551236749117,65.37102473498233,17.314487632508836
E00022858,242,44,17,27,198,131,67,18.181818181818183,7.024793388429752,11.15702479338843,81.81818181818183,54.132231404958674,27.685950413223143
E00022862,182,35,16,19,147,96,51,19.230769230769234,8.791208791208792,10.43956043956044,80.76923076923077,52.74725274725275,28.021978021978022
E00022863,185,39,16,23,146,93,53,21.08108108108108,8.64864864864865,12.432432432432433,78.91891891891892,50.27027027027027,28.64864864864865
E00022864,173,19,9,10,154,100,54,10.982658959537572,5.202312138728324,5.780346820809249,89.01734104046243,57.80346820809249,31.213872832369944
E00022865,217,25,11,14,192,132,60,11.52073732718894,5.0691244239631335,6.451612903225806,88.47926267281106,60.82949308755761,27.64976958525346
E00022866,141,29,14,15,112,94,18,20.56737588652482,9.929078014184398,10.638297872340425,79.43262411347519,66.66666666666666,12.76595744680851
E00022867,196,36,14,22,160,103,57,18.367346938775512,7.142857142857142,11.224489795918368,81.63265306122449,52.55102040816326,29.081632653061224
E00022868,206,27,14,13,179,115,64,13.106796116504855,6.796116504854369,6.310679611650485,86.89320388349515,55.8252427184466,31.06796116504854
E00022869,318,34,10,24,284,216,68,10.69182389937107,3.1446540880503147,7.547169811320755,89.30817610062893,67.9245283018868,21.38364779874214
E00022871,269,63,24,39,206,137,69,23.42007434944238,8.921933085501859,14.49814126394052,76.57992565055763,50.92936802973978,25.650557620817843
E00022872,232,36,17,19,196,134,62,15.517241379310345,7.327586206896551,8.189655172413794,84.48275862068965,57.758620689655174,26.72413793103448
E00022873,154,21,11,10,133,89,44,13.636363636363635,7.142857142857142,6.493506493506493,86.36363636363636,57.7922077922078,28.57142857142857
E00022874,112,21,6,15,91,78,13,18.75,5.357142857142857,13.392857142857142,81.25,69.64285714285714,11.607142857142858
E00022875,208,37,15,22,171,107,64,17.78846153846154,7.211538461538461,10.576923076923077,82.21153846153845,51.442307692307686,30.76923076923077
E00022876,162,12,7,5,150,104,46,7.4074074074074066,4.320987654320987,3.0864197530864197,92.5925925925926,64.19753086419753,28.39506172839506
E00022877,167,43,14,29,124,109,15,25.748502994011975,8.383233532934131,17.365269461077844,74.25149700598801,65.26946107784431,8.982035928143713
E00022878,153,15,9,6,138,106,32,9.803921568627452,5.88235294117647,3.9215686274509802,90.19607843137256,69.28104575163398,20.915032679738562
E00022879,158,23,7,16,135,97,38,14.556962025316455,4.430379746835443,10.126582278481013,85.44303797468355,61.39240506329114,24.050632911392405
E00022880,153,21,8,13,132,90,42,13.725490196078432,5.228758169934641,8.49673202614379,86.27450980392157,58.82352941176471,27.450980392156865
E00022881,224,29,8,21,195,156,39,12.946428571428573,3.571428571428571,9.375,87.05357142857143,69.64285714285714,17.410714285714285
E00022882,170,38,19,19,132,97,35,22.35294117647059,11.176470588235295,11.176470588235295,77.64705882352942,57.05882352941176,20.588235294117645
E00022884,140,24,7,17,116,97,19,17.142857142857142,5,12.142857142857142,82.85714285714286,69.28571428571428,13.571428571428571
E00022885,152,32,11,21,120,81,39,21.052631578947366,7.236842105263158,13.815789473684212,78.94736842105263,53.289473684210535,25.657894736842106
E00022886,171,26,14,12,145,101,44,15.204678362573098,8.187134502923977,7.017543859649122,84.7953216374269,59.06432748538012,25.730994152046783
E00022887,179,31,14,17,148,104,44,17.318435754189945,7.82122905027933,9.497206703910614,82.68156424581005,58.10055865921788,24.581005586592177
E00022888,184,16,5,11,168,135,33,8.695652173913043,2.717391304347826,5.978260869565218,91.30434782608695,73.36956521739131,17.934782608695652
E00022889,129,24,9,15,105,67,38,18.6046511627907,6.976744186046512,11.627906976744185,81.3953488372093,51.93798449612403,29.457364341085274
E00022890,227,25,7,18,202,163,39,11.013215859030836,3.0837004405286343,7.929515418502203,88.98678414096916,71.80616740088107,17.180616740088105
E00022891,141,25,15,10,116,79,37,17.73049645390071,10.638297872340425,7.092198581560284,82.26950354609929,56.02836879432624,26.24113475177305
E00022892,138,28,9,19,110,74,36,20.28985507246377,6.521739130434782,13.768115942028986,79.71014492753623,53.62318840579711,26.08695652173913
E00022893,196,29,17,12,167,112,55,14.795918367346939,8.673469387755102,6.122448979591836,85.20408163265306,57.14285714285714,28.061224489795915
E00022894,276,61,25,36,215,186,29,22.10144927536232,9.057971014492754,13.043478260869565,77.89855072463769,67.3913043478261,10.507246376811594
E00022895,129,21,8,13,108,86,22,16.27906976744186,6.2015503875969,10.077519379844961,83.72093023255815,66.66666666666666,17.05426356589147
E00022896,253,34,11,23,219,171,48,13.438735177865613,4.3478260869565215,9.090909090909092,86.56126482213439,67.58893280632411,18.972332015810274
E00022897,122,31,10,21,91,77,14,25.40983606557377,8.19672131147541,17.21311475409836,74.59016393442623,63.114754098360656,11.475409836065573
E00022898,216,47,18,29,169,109,60,21.75925925925926,8.333333333333332,13.425925925925927,78.24074074074075,50.46296296296296,27.77777777777778
E00022900,142,31,13,18,111,83,28,21.830985915492956,9.15492957746479,12.676056338028168,78.16901408450704,58.45070422535211,19.718309859154928
E00022901,152,26,9,17,126,93,33,17.105263157894736,5.921052631578947,11.18421052631579,82.89473684210526,61.18421052631579,21.710526315789476
E00022902,48,21,12,9,27,25,2,43.75,25,18.75,56.25,52.083333333333336,4.166666666666666
E00022903,154,37,18,19,117,78,39,24.025974025974026,11.688311688311687,12.337662337662337,75.97402597402598,50.649350649350644,25.324675324675322
E00022904,167,32,14,18,135,88,47,19.16167664670659,8.383233532934131,10.778443113772456,80.83832335329342,52.69461077844312,28.143712574850298
E00022905,196,46,23,23,150,114,36,23.46938775510204,11.73469387755102,11.73469387755102,76.53061224489795,58.16326530612245,18.367346938775512
E00022906,115,25,12,13,90,65,25,21.73913043478261,10.434782608695652,11.304347826086957,78.26086956521739,56.52173913043478,21.73913043478261
E00022907,160,37,16,21,123,85,38,23.125,10,13.125,76.875,53.125,23.75
E00022908,168,36,12,24,132,79,53,21.428571428571427,7.142857142857142,14.285714285714285,78.57142857142857,47.023809523809526,31.547619047619047
E00022909,158,35,17,18,123,78,45,22.151898734177212,10.759493670886076,11.39240506329114,77.84810126582279,49.36708860759494,28.48101265822785
E00022910,288,38,13,25,250,186,64,13.194444444444445,4.513888888888888,8.680555555555555,86.80555555555556,64.58333333333334,22.22222222222222
E00022911,227,27,7,20,200,152,48,11.894273127753303,3.0837004405286343,8.81057268722467,88.10572687224669,66.96035242290749,21.145374449339208
E00022912,109,7,0,7,102,85,17,6.422018348623854,0,6.422018348623854,93.57798165137615,77.98165137614679,15.59633027522936
E00022914,378,26,9,17,352,249,103,6.878306878306878,2.380952380952381,4.497354497354497,93.12169312169311,65.87301587301587,27.24867724867725
E00022915,177,23,6,17,154,120,34,12.994350282485875,3.389830508474576,9.6045197740113,87.00564971751412,67.79661016949152,19.2090395480226
E00022916,260,27,13,14,233,168,65,10.384615384615385,5,5.384615384615385,89.61538461538461,64.61538461538461,25
E00022917,195,31,13,18,164,112,52,15.897435897435896,6.666666666666667,9.230769230769232,84.1025641025641,57.43589743589743,26.666666666666668
E00022919,237,28,14,14,209,157,52,11.814345991561181,5.9071729957805905,5.9071729957805905,88.18565400843882,66.24472573839662,21.940928270042196
E00022920,186,29,11,18,157,104,53,15.591397849462366,5.913978494623656,9.67741935483871,84.40860215053763,55.91397849462365,28.49462365591398
E00022921,156,17,9,8,139,100,39,10.897435897435898,5.769230769230769,5.128205128205128,89.1025641025641,64.1025641025641,25
E00022922,242,34,10,24,208,162,46,14.049586776859504,4.132231404958678,9.917355371900827,85.9504132231405,66.94214876033058,19.00826446280992
E00022923,212,21,10,11,191,134,57,9.90566037735849,4.716981132075472,5.188679245283019,90.09433962264151,63.20754716981132,26.88679245283019
E00022924,250,26,11,15,224,169,55,10.4,4.3999999999999995,6,89.60000000000001,67.60000000000001,22
E00022925,163,18,8,10,145,103,42,11.042944785276074,4.9079754601226995,6.134969325153374,88.95705521472392,63.190184049079754,25.766871165644172
E00022926,190,28,9,19,162,112,50,14.736842105263156,4.736842105263158,10,85.26315789473684,58.94736842105262,26.31578947368421
E00022927,260,32,11,21,228,153,75,12.307692307692308,4.230769230769231,8.076923076923077,87.6923076923077,58.84615384615385,28.846153846153843
E00022928,245,35,16,19,210,135,75,14.285714285714285,6.530612244897959,7.755102040816326,85.71428571428571,55.10204081632652,30.612244897959183
E00022929,214,27,9,18,187,129,58,12.616822429906541,4.205607476635514,8.411214953271028,87.38317757009347,60.280373831775705,27.102803738317753
E00022930,182,33,13,20,149,101,48,18.13186813186813,7.142857142857142,10.989010989010989,81.86813186813187,55.494505494505496,26.373626373626376
E00022931,226,39,19,20,187,119,68,17.25663716814159,8.4070796460177,8.849557522123893,82.7433628318584,52.654867256637175,30.08849557522124
E00022932,224,35,13,22,189,120,69,15.625,5.803571428571429,9.821428571428571,84.375,53.57142857142857,30.80357142857143
E00022933,225,31,9,22,194,107,87,13.777777777777779,4,9.777777777777779,86.22222222222223,47.55555555555556,38.666666666666664
E00022934,190,43,24,19,147,80,67,22.63157894736842,12.631578947368421,10,77.36842105263158,42.10526315789473,35.26315789473684
E00022935,157,27,13,14,130,90,40,17.197452229299362,8.280254777070063,8.9171974522293,82.80254777070064,57.324840764331206,25.477707006369428
E00022936,210,46,17,29,164,92,72,21.904761904761905,8.095238095238095,13.80952380952381,78.0952380952381,43.80952380952381,34.285714285714285
E00022937,225,34,17,17,191,105,86,15.11111111111111,7.555555555555555,7.555555555555555,84.88888888888889,46.666666666666664,38.22222222222222
E00022938,214,33,17,16,181,114,67,15.42056074766355,7.943925233644859,7.476635514018691,84.57943925233646,53.271028037383175,31.308411214953267
E00022939,181,29,17,12,152,100,52,16.022099447513813,9.392265193370166,6.629834254143646,83.97790055248619,55.24861878453039,28.7292817679558
E00022940,198,41,11,30,157,90,67,20.707070707070706,5.555555555555555,15.151515151515152,79.29292929292929,45.45454545454545,33.83838383838384
E00022941,193,46,28,18,147,90,57,23.83419689119171,14.507772020725387,9.32642487046632,76.16580310880829,46.63212435233161,29.533678756476682
E00022942,224,41,20,21,183,118,65,18.303571428571427,8.928571428571429,9.375,81.69642857142857,52.67857142857143,29.017857142857146
E00022943,183,40,21,19,143,103,40,21.85792349726776,11.475409836065573,10.382513661202186,78.14207650273224,56.284153005464475,21.85792349726776
E00022944,183,33,14,19,150,92,58,18.0327868852459,7.650273224043716,10.382513661202186,81.9672131147541,50.27322404371585,31.693989071038253
E00022945,155,25,11,14,130,86,44,16.129032258064516,7.096774193548387,9.032258064516128,83.87096774193549,55.483870967741936,28.387096774193548
E00022946,222,34,17,17,188,134,54,15.315315315315313,7.657657657657657,7.657657657657657,84.68468468468468,60.36036036036037,24.324324324324326
E00022947,177,38,18,20,139,92,47,21.468926553672315,10.16949152542373,11.299435028248588,78.53107344632768,51.9774011299435,26.55367231638418
E00022948,189,35,15,20,154,98,56,18.51851851851852,7.936507936507936,10.582010582010582,81.48148148148148,51.85185185185185,29.629629629629626
E00022949,209,44,15,29,165,119,46,21.052631578947366,7.177033492822966,13.875598086124402,78.94736842105263,56.9377990430622,22.00956937799043
E00022950,226,47,19,28,179,106,73,20.79646017699115,8.4070796460177,12.389380530973451,79.20353982300885,46.902654867256636,32.30088495575221
E00022951,207,53,32,21,154,98,56,25.60386473429952,15.458937198067632,10.144927536231885,74.39613526570048,47.34299516908212,27.053140096618357
E00022952,142,23,9,14,119,92,27,16.19718309859155,6.338028169014084,9.859154929577464,83.80281690140845,64.7887323943662,19.014084507042252
E00022953,210,69,27,42,141,111,30,32.857142857142854,12.857142857142856,20,67.14285714285714,52.85714285714286,14.285714285714285
E00022954,152,44,16,28,108,91,17,28.947368421052634,10.526315789473683,18.421052631578945,71.05263157894737,59.86842105263158,11.18421052631579
E00022956,257,44,19,25,213,160,53,17.120622568093385,7.392996108949417,9.72762645914397,82.87937743190662,62.2568093385214,20.622568093385212
E00022958,160,39,19,20,121,97,24,24.375,11.875,12.5,75.625,60.62499999999999,15
E00022959,193,58,21,37,135,114,21,30.05181347150259,10.880829015544041,19.170984455958546,69.94818652849742,59.067357512953365,10.880829015544041
E00022960,216,26,12,14,190,149,41,12.037037037037036,5.555555555555555,6.481481481481481,87.96296296296296,68.98148148148148,18.98148148148148
E00022961,152,40,16,24,112,83,29,26.31578947368421,10.526315789473683,15.789473684210526,73.68421052631578,54.60526315789473,19.078947368421055
E00022962,171,40,12,28,131,105,26,23.391812865497073,7.017543859649122,16.374269005847953,76.60818713450293,61.40350877192983,15.204678362573098
E00022963,173,27,9,18,146,109,37,15.606936416184972,5.202312138728324,10.404624277456648,84.39306358381504,63.005780346820806,21.38728323699422
E00022964,186,43,18,25,143,108,35,23.118279569892472,9.67741935483871,13.440860215053762,76.88172043010752,58.06451612903226,18.817204301075268
E00022965,211,34,15,19,177,125,52,16.113744075829384,7.109004739336493,9.004739336492891,83.88625592417061,59.241706161137444,24.644549763033176
E00022966,230,44,18,26,186,156,30,19.130434782608695,7.82608695652174,11.304347826086957,80.8695652173913,67.82608695652173,13.043478260869565
E00022967,183,18,9,9,165,124,41,9.836065573770492,4.918032786885246,4.918032786885246,90.1639344262295,67.75956284153006,22.404371584699454
E00022968,201,33,18,15,168,126,42,16.417910447761194,8.955223880597014,7.462686567164178,83.5820895522388,62.68656716417911,20.8955223880597
E00022969,168,24,14,10,144,95,49,14.285714285714285,8.333333333333332,5.952380952380952,85.71428571428571,56.547619047619044,29.166666666666668
E00022970,185,32,12,20,153,107,46,17.2972972972973,6.486486486486487,10.81081081081081,82.70270270270271,57.83783783783784,24.864864864864867
E00022976,178,71,28,43,107,93,14,39.8876404494382,15.730337078651685,24.15730337078652,60.1123595505618,52.24719101123596,7.865168539325842
E00022977,149,27,10,17,122,67,55,18.120805369127517,6.7114093959731544,11.409395973154362,81.87919463087249,44.966442953020135,36.91275167785235
E00022978,172,29,9,20,143,95,48,16.86046511627907,5.232558139534884,11.627906976744185,83.13953488372093,55.23255813953488,27.906976744186046
E00022979,102,24,10,14,78,62,16,23.52941176470588,9.803921568627452,13.725490196078432,76.47058823529412,60.78431372549019,15.686274509803921
E00022980,185,49,19,30,136,115,21,26.486486486486488,10.27027027027027,16.216216216216218,73.51351351351352,62.16216216216216,11.351351351351353
E00022981,132,41,22,19,91,75,16,31.060606060606062,16.666666666666664,14.393939393939394,68.93939393939394,56.81818181818182,12.121212121212121
E00022982,172,52,22,30,120,106,14,30.23255813953488,12.790697674418606,17.441860465116278,69.76744186046511,61.627906976744185,8.13953488372093
E00022983,249,37,13,24,212,134,78,14.859437751004014,5.220883534136546,9.63855421686747,85.14056224899599,53.81526104417671,31.32530120481928
E00022984,246,39,20,19,207,145,62,15.853658536585366,8.130081300813007,7.723577235772358,84.14634146341463,58.94308943089431,25.203252032520325
E00022985,118,49,18,31,69,62,7,41.52542372881356,15.254237288135593,26.27118644067797,58.47457627118644,52.54237288135594,5.932203389830509
E00022987,178,34,20,14,144,91,53,19.101123595505616,11.235955056179774,7.865168539325842,80.89887640449437,51.12359550561798,29.775280898876407
E00022988,100,32,12,20,68,64,4,32,12,20,68,64,4
E00022989,85,18,6,12,67,55,12,21.176470588235293,7.0588235294117645,14.117647058823529,78.82352941176471,64.70588235294117,14.117647058823529
E00022990,156,33,12,21,123,111,12,21.153846153846153,7.6923076923076925,13.461538461538462,78.84615384615384,71.15384615384616,7.6923076923076925
E00022991,128,35,8,27,93,84,9,27.34375,6.25,21.09375,72.65625,65.625,7.03125
E00022992,183,35,16,19,148,106,42,19.12568306010929,8.743169398907105,10.382513661202186,80.87431693989072,57.92349726775956,22.950819672131146
E00022993,132,53,23,30,79,69,10,40.15151515151515,17.424242424242426,22.727272727272727,59.84848484848485,52.27272727272727,7.575757575757576
E00022994,171,49,18,31,122,104,18,28.654970760233915,10.526315789473683,18.128654970760234,71.34502923976608,60.81871345029239,10.526315789473683
E00022995,274,38,17,21,236,175,61,13.86861313868613,6.204379562043796,7.664233576642336,86.13138686131386,63.868613138686136,22.26277372262774
E00022996,118,39,19,20,79,63,16,33.05084745762712,16.101694915254235,16.94915254237288,66.94915254237289,53.38983050847458,13.559322033898304
E00022997,173,59,19,40,114,85,29,34.104046242774565,10.982658959537572,23.121387283236995,65.89595375722543,49.13294797687861,16.76300578034682
E00022998,117,21,9,12,96,54,42,17.94871794871795,7.6923076923076925,10.256410256410255,82.05128205128204,46.15384615384615,35.8974358974359
E00022999,114,13,5,8,101,59,42,11.403508771929824,4.385964912280701,7.017543859649122,88.59649122807018,51.75438596491229,36.84210526315789
E00023000,199,63,26,37,136,118,18,31.65829145728643,13.06532663316583,18.592964824120603,68.34170854271356,59.2964824120603,9.045226130653267
E00023001,230,74,20,54,156,135,21,32.17391304347826,8.695652173913043,23.47826086956522,67.82608695652173,58.69565217391305,9.130434782608695
E00023002,160,51,16,35,109,91,18,31.874999999999996,10,21.875,68.125,56.875,11.25
E00023003,105,36,21,15,69,29,40,34.285714285714285,20,14.285714285714285,65.71428571428571,27.61904761904762,38.095238095238095
E00023004,128,60,20,40,68,58,10,46.875,15.625,31.25,53.125,45.3125,7.8125
E00023005,270,94,41,53,176,152,24,34.81481481481482,15.185185185185185,19.62962962962963,65.18518518518519,56.2962962962963,8.88888888888889
E00023007,163,53,34,19,110,71,39,32.515337423312886,20.858895705521473,11.65644171779141,67.48466257668711,43.558282208588956,23.92638036809816
E00023008,142,59,21,38,83,64,19,41.54929577464789,14.788732394366196,26.76056338028169,58.45070422535211,45.07042253521127,13.380281690140844
E00023009,138,65,28,37,73,62,11,47.10144927536232,20.28985507246377,26.811594202898554,52.89855072463768,44.927536231884055,7.971014492753622
E00023010,123,65,21,44,58,52,6,52.84552845528455,17.073170731707318,35.77235772357724,47.15447154471545,42.27642276422765,4.878048780487805
E00023011,220,46,25,21,174,126,48,20.909090909090907,11.363636363636363,9.545454545454547,79.0909090909091,57.27272727272727,21.818181818181817
E00023013,180,46,19,27,134,112,22,25.555555555555554,10.555555555555555,15,74.44444444444444,62.22222222222222,12.222222222222221
E00023014,189,59,22,37,130,117,13,31.216931216931215,11.64021164021164,19.576719576719576,68.78306878306879,61.904761904761905,6.878306878306878
E00023015,208,87,29,58,121,105,16,41.82692307692308,13.942307692307693,27.884615384615387,58.17307692307693,50.480769230769226,7.6923076923076925
E00023016,173,49,21,28,124,93,31,28.32369942196532,12.138728323699421,16.184971098265898,71.67630057803468,53.75722543352601,17.91907514450867
E00023017,119,22,12,10,97,62,35,18.487394957983195,10.084033613445378,8.403361344537815,81.5126050420168,52.10084033613446,29.411764705882355
E00023018,223,97,37,60,126,104,22,43.49775784753363,16.591928251121075,26.905829596412556,56.502242152466366,46.63677130044843,9.865470852017937
E00023019,187,71,21,50,116,107,9,37.967914438502675,11.229946524064172,26.737967914438503,62.03208556149733,57.21925133689839,4.81283422459893
E00023020,127,46,10,36,81,70,11,36.22047244094488,7.874015748031496,28.346456692913385,63.77952755905512,55.118110236220474,8.661417322834646
E00023021,133,51,12,39,82,75,7,38.34586466165413,9.022556390977442,29.32330827067669,61.65413533834586,56.390977443609025,5.263157894736842
E00023022,105,36,8,28,69,68,1,34.285714285714285,7.6190476190476195,26.666666666666668,65.71428571428571,64.76190476190476,0.9523809523809524
E00023023,181,77,26,51,104,87,17,42.5414364640884,14.3646408839779,28.176795580110497,57.4585635359116,48.06629834254144,9.392265193370166
E00023024,160,61,19,42,99,87,12,38.125,11.875,26.25,61.875,54.37499999999999,7.5
E00023025,207,69,26,43,138,112,26,33.33333333333333,12.560386473429952,20.77294685990338,66.66666666666666,54.106280193236714,12.560386473429952
E00023026,144,68,28,40,76,65,11,47.22222222222222,19.444444444444446,27.77777777777778,52.77777777777778,45.13888888888889,7.638888888888889
E00023027,114,25,9,16,89,74,15,21.929824561403507,7.894736842105263,14.035087719298245,78.0701754385965,64.91228070175438,13.157894736842104
E00023028,153,51,21,30,102,85,17,33.33333333333333,13.725490196078432,19.607843137254903,66.66666666666666,55.55555555555556,11.11111111111111
E00023029,134,41,11,30,93,78,15,30.597014925373134,8.208955223880597,22.388059701492537,69.40298507462687,58.2089552238806,11.194029850746269
E00023030,192,68,24,44,124,94,30,35.41666666666667,12.5,22.916666666666664,64.58333333333334,48.95833333333333,15.625
E00023031,204,83,34,49,121,96,25,40.68627450980392,16.666666666666664,24.019607843137255,59.31372549019608,47.05882352941176,12.254901960784313
E00023032,176,96,43,53,80,70,10,54.54545454545454,24.431818181818183,30.113636363636363,45.45454545454545,39.77272727272727,5.681818181818182
E00023033,163,69,23,46,94,84,10,42.331288343558285,14.11042944785276,28.22085889570552,57.668711656441715,51.533742331288344,6.134969325153374
E00023034,135,36,19,17,99,77,22,26.666666666666668,14.074074074074074,12.592592592592592,73.33333333333333,57.03703703703704,16.296296296296298
E00023035,107,37,14,23,70,58,12,34.57943925233645,13.084112149532709,21.49532710280374,65.42056074766354,54.20560747663551,11.214953271028037
E00023036,132,51,20,31,81,70,11,38.63636363636363,15.151515151515152,23.484848484848484,61.36363636363637,53.03030303030303,8.333333333333332
E00023037,152,56,23,33,96,82,14,36.84210526315789,15.131578947368421,21.710526315789476,63.1578947368421,53.94736842105263,9.210526315789473
E00023038,192,92,44,48,100,86,14,47.91666666666667,22.916666666666664,25,52.083333333333336,44.79166666666667,7.291666666666667
E00023039,138,59,13,46,79,74,5,42.7536231884058,9.420289855072465,33.33333333333333,57.2463768115942,53.62318840579711,3.6231884057971016
E00023040,153,73,19,54,80,66,14,47.712418300653596,12.418300653594772,35.294117647058826,52.28758169934641,43.13725490196079,9.15032679738562
E00023041,205,82,32,50,123,110,13,40,15.609756097560975,24.390243902439025,60,53.65853658536586,6.341463414634147
E00023042,172,63,20,43,109,86,23,36.627906976744185,11.627906976744185,25,63.372093023255815,50,13.372093023255813
E00023043,94,31,10,21,63,51,12,32.97872340425532,10.638297872340425,22.340425531914892,67.02127659574468,54.25531914893617,12.76595744680851
E00023044,136,16,9,7,120,88,32,11.76470588235294,6.61764705882353,5.147058823529411,88.23529411764706,64.70588235294117,23.52941176470588
E00023045,216,44,15,29,172,131,41,20.37037037037037,6.944444444444445,13.425925925925927,79.62962962962963,60.64814814814815,18.98148148148148
E00023046,131,40,19,21,91,81,10,30.53435114503817,14.50381679389313,16.030534351145036,69.46564885496184,61.832061068702295,7.633587786259542
E00023047,110,21,11,10,89,57,32,19.090909090909093,10,9.090909090909092,80.9090909090909,51.81818181818182,29.09090909090909
E00023048,117,30,10,20,87,56,31,25.64102564102564,8.547008547008547,17.094017094017094,74.35897435897436,47.863247863247864,26.495726495726498
E00023052,133,32,15,17,101,62,39,24.06015037593985,11.278195488721805,12.781954887218044,75.93984962406014,46.616541353383454,29.32330827067669
E00023053,128,37,19,18,91,73,18,28.90625,14.84375,14.0625,71.09375,57.03125,14.0625
E00023054,188,32,17,15,156,109,47,17.02127659574468,9.042553191489363,7.9787234042553195,82.97872340425532,57.97872340425532,25
E00023055,231,47,21,26,184,136,48,20.346320346320347,9.090909090909092,11.255411255411255,79.65367965367966,58.87445887445888,20.77922077922078
E00023056,165,47,25,22,118,103,15,28.484848484848484,15.151515151515152,13.333333333333334,71.51515151515152,62.42424242424243,9.090909090909092
E00023057,260,84,41,43,176,142,34,32.30769230769231,15.769230769230768,16.538461538461537,67.6923076923077,54.61538461538461,13.076923076923078
E00023058,211,70,28,42,141,115,26,33.175355450236964,13.270142180094787,19.90521327014218,66.82464454976304,54.502369668246445,12.322274881516588
E00023059,140,35,15,20,105,78,27,25,10.714285714285714,14.285714285714285,75,55.714285714285715,19.28571428571429
E00023060,203,52,22,30,151,107,44,25.615763546798032,10.83743842364532,14.77832512315271,74.38423645320196,52.70935960591133,21.67487684729064
E00023061,166,38,15,23,128,111,17,22.89156626506024,9.036144578313253,13.855421686746988,77.10843373493977,66.86746987951807,10.240963855421686
E00023062,102,34,10,24,68,54,14,33.33333333333333,9.803921568627452,23.52941176470588,66.66666666666666,52.94117647058824,13.725490196078432
E00023063,190,40,15,25,150,112,38,21.052631578947366,7.894736842105263,13.157894736842104,78.94736842105263,58.94736842105262,20
E00023064,148,47,13,34,101,91,10,31.756756756756754,8.783783783783784,22.972972972972975,68.24324324324324,61.48648648648649,6.756756756756757
E00023065,197,52,27,25,145,124,21,26.39593908629442,13.705583756345177,12.690355329949238,73.60406091370558,62.944162436548226,10.65989847715736
E00023066,228,45,18,27,183,135,48,19.736842105263158,7.894736842105263,11.842105263157894,80.26315789473685,59.210526315789465,21.052631578947366
E00023067,205,37,12,25,168,136,32,18.048780487804876,5.853658536585367,12.195121951219512,81.95121951219512,66.34146341463415,15.609756097560975
E00023068,166,35,18,17,131,121,10,21.084337349397593,10.843373493975903,10.240963855421686,78.91566265060241,72.89156626506023,6.024096385542169
E00023069,182,75,30,45,107,89,18,41.208791208791204,16.483516483516482,24.725274725274726,58.791208791208796,48.9010989010989,9.89010989010989
E00023070,158,66,26,40,92,84,8,41.77215189873418,16.455696202531644,25.31645569620253,58.22784810126582,53.16455696202531,5.063291139240507
E00023071,202,67,27,40,135,114,21,33.16831683168317,13.366336633663368,19.801980198019802,66.83168316831683,56.43564356435643,10.396039603960396
E00023072,154,25,10,15,129,98,31,16.233766233766232,6.493506493506493,9.740259740259742,83.76623376623377,63.63636363636363,20.12987012987013
E00023073,183,47,23,24,136,93,43,25.683060109289617,12.568306010928962,13.114754098360656,74.31693989071039,50.81967213114754,23.497267759562842
E00023074,253,40,16,24,213,155,58,15.810276679841898,6.324110671936759,9.486166007905137,84.18972332015811,61.26482213438735,22.92490118577075
E00023075,303,50,23,27,253,171,82,16.5016501650165,7.590759075907591,8.91089108910891,83.4983498349835,56.43564356435643,27.062706270627064
E00023076,139,22,11,11,117,75,42,15.827338129496402,7.913669064748201,7.913669064748201,84.17266187050359,53.956834532374096,30.215827338129497
E00023077,161,23,13,10,138,112,26,14.285714285714285,8.074534161490684,6.211180124223603,85.71428571428571,69.56521739130434,16.149068322981368
E00023079,209,41,23,18,168,116,52,19.617224880382775,11.004784688995215,8.61244019138756,80.38277511961722,55.50239234449761,24.880382775119617
E00023080,194,39,18,21,155,116,39,20.103092783505154,9.278350515463918,10.824742268041238,79.89690721649485,59.79381443298969,20.103092783505154
E00023081,100,19,6,13,81,62,19,19,6,13,81,62,19
E00023082,194,42,15,27,152,129,23,21.649484536082475,7.731958762886598,13.917525773195877,78.35051546391753,66.49484536082474,11.855670103092782
E00023083,150,26,9,17,124,102,22,17.333333333333336,6,11.333333333333332,82.66666666666667,68,14.666666666666666
E00023084,168,35,17,18,133,95,38,20.833333333333336,10.119047619047619,10.714285714285714,79.16666666666666,56.547619047619044,22.61904761904762
E00023085,120,40,16,24,80,71,9,33.33333333333333,13.333333333333334,20,66.66666666666666,59.166666666666664,7.5
E00023086,110,27,11,16,83,69,14,24.545454545454547,10,14.545454545454545,75.45454545454545,62.727272727272734,12.727272727272727
E00023087,150,32,10,22,118,100,18,21.333333333333336,6.666666666666667,14.666666666666666,78.66666666666666,66.66666666666666,12
E00023088,152,29,11,18,123,109,14,19.078947368421055,7.236842105263158,11.842105263157894,80.92105263157895,71.71052631578947,9.210526315789473
E00023089,227,37,17,20,190,146,44,16.299559471365637,7.488986784140969,8.81057268722467,83.70044052863436,64.31718061674009,19.383259911894275
E00023091,182,33,11,22,149,105,44,18.13186813186813,6.043956043956044,12.087912087912088,81.86813186813187,57.692307692307686,24.175824175824175
E00023092,160,38,12,26,122,107,15,23.75,7.5,16.25,76.25,66.875,9.375
E00023093,134,24,4,20,110,86,24,17.91044776119403,2.9850746268656714,14.925373134328357,82.08955223880598,64.17910447761194,17.91044776119403
E00023094,222,27,13,14,195,153,42,12.162162162162163,5.8558558558558556,6.306306306306306,87.83783783783784,68.91891891891892,18.91891891891892
E00023095,269,38,16,22,231,164,67,14.12639405204461,5.947955390334572,8.178438661710038,85.87360594795538,60.966542750929364,24.907063197026023
E00023096,348,41,17,24,307,233,74,11.781609195402298,4.885057471264368,6.896551724137931,88.2183908045977,66.95402298850574,21.26436781609195
E00023097,182,24,13,11,158,111,47,13.186813186813188,7.142857142857142,6.043956043956044,86.81318681318682,60.98901098901099,25.82417582417583
E00023098,197,27,19,8,170,120,50,13.705583756345177,9.644670050761421,4.060913705583756,86.29441624365482,60.913705583756354,25.380710659898476
E00023099,205,25,16,9,180,120,60,12.195121951219512,7.804878048780488,4.390243902439024,87.8048780487805,58.536585365853654,29.268292682926827
E00023100,272,21,9,12,251,171,80,7.720588235294118,3.308823529411765,4.411764705882353,92.27941176470588,62.86764705882353,29.411764705882355
E00023101,249,35,10,25,214,150,64,14.056224899598394,4.016064257028113,10.040160642570282,85.94377510040161,60.24096385542169,25.702811244979916
E00023102,159,17,7,10,142,89,53,10.69182389937107,4.40251572327044,6.289308176100629,89.30817610062893,55.9748427672956,33.33333333333333
E00023103,185,19,12,7,166,119,47,10.27027027027027,6.486486486486487,3.783783783783784,89.72972972972974,64.32432432432432,25.405405405405407
E00023104,233,36,17,19,197,129,68,15.450643776824036,7.296137339055794,8.15450643776824,84.54935622317596,55.36480686695279,29.184549356223176
E00023105,185,25,6,19,160,101,59,13.513513513513514,3.2432432432432434,10.27027027027027,86.48648648648648,54.59459459459459,31.891891891891895
E00023106,251,31,11,20,220,178,42,12.350597609561753,4.382470119521913,7.968127490039841,87.64940239043824,70.91633466135458,16.733067729083665
E00023107,178,28,9,19,150,108,42,15.730337078651685,5.056179775280898,10.674157303370785,84.26966292134831,60.67415730337079,23.595505617977526
E00023108,204,34,21,13,170,124,46,16.666666666666664,10.294117647058822,6.372549019607843,83.33333333333334,60.78431372549019,22.54901960784314
E00023109,179,33,15,18,146,95,51,18.435754189944134,8.379888268156424,10.05586592178771,81.56424581005587,53.072625698324025,28.49162011173184
E00023110,243,31,16,15,212,154,58,12.757201646090536,6.584362139917696,6.172839506172839,87.24279835390946,63.37448559670782,23.868312757201647
E00023111,254,39,14,25,215,141,74,15.354330708661418,5.511811023622047,9.84251968503937,84.64566929133859,55.51181102362205,29.133858267716533
E00023112,190,29,7,22,161,113,48,15.263157894736842,3.684210526315789,11.578947368421053,84.73684210526315,59.473684210526315,25.263157894736842
E00023113,188,38,16,22,150,112,38,20.212765957446805,8.51063829787234,11.702127659574469,79.7872340425532,59.57446808510638,20.212765957446805
E00023114,140,36,15,21,104,78,26,25.71428571428571,10.714285714285714,15,74.28571428571429,55.714285714285715,18.571428571428573
E00023115,198,43,14,29,155,118,37,21.71717171717172,7.07070707070707,14.646464646464647,78.28282828282829,59.59595959595959,18.68686868686869
E00023116,146,35,11,24,111,86,25,23.972602739726025,7.534246575342466,16.43835616438356,76.02739726027397,58.9041095890411,17.123287671232877
E00023117,169,39,20,19,130,105,25,23.076923076923077,11.834319526627219,11.242603550295858,76.92307692307693,62.1301775147929,14.792899408284024
E00023118,141,46,21,25,95,89,6,32.62411347517731,14.893617021276595,17.73049645390071,67.37588652482269,63.12056737588653,4.25531914893617
E00023119,144,29,10,19,115,90,25,20.13888888888889,6.944444444444445,13.194444444444445,79.86111111111111,62.5,17.36111111111111
E00023120,142,31,15,16,111,86,25,21.830985915492956,10.56338028169014,11.267605633802818,78.16901408450704,60.56338028169014,17.6056338028169
E00023121,148,20,12,8,128,93,35,13.513513513513514,8.108108108108109,5.405405405405405,86.48648648648648,62.83783783783784,23.64864864864865
E00023122,211,26,7,19,185,148,37,12.322274881516588,3.3175355450236967,9.004739336492891,87.67772511848341,70.14218009478674,17.535545023696685
E00023123,169,24,10,14,145,113,32,14.201183431952662,5.9171597633136095,8.284023668639055,85.79881656804734,66.86390532544378,18.93491124260355
E00023124,197,48,14,34,149,116,33,24.36548223350254,7.1065989847715745,17.258883248730964,75.63451776649747,58.88324873096447,16.751269035532996
E00023125,211,35,12,23,176,136,40,16.587677725118482,5.687203791469194,10.90047393364929,83.41232227488152,64.45497630331754,18.95734597156398
E00023126,223,41,22,19,182,117,65,18.385650224215247,9.865470852017937,8.520179372197308,81.61434977578476,52.46636771300448,29.14798206278027
E00023127,131,32,12,20,99,91,8,24.427480916030532,9.16030534351145,15.267175572519085,75.57251908396947,69.46564885496184,6.106870229007633
E00023128,195,20,10,10,175,134,41,10.256410256410255,5.128205128205128,5.128205128205128,89.74358974358975,68.71794871794872,21.025641025641026
E00023129,231,32,22,10,199,156,43,13.852813852813853,9.523809523809524,4.329004329004329,86.14718614718615,67.53246753246754,18.614718614718615
E00023130,168,29,9,20,139,111,28,17.261904761904763,5.357142857142857,11.904761904761903,82.73809523809523,66.07142857142857,16.666666666666664
E00023131,290,35,12,23,255,195,60,12.068965517241379,4.137931034482759,7.931034482758621,87.93103448275862,67.24137931034483,20.689655172413794
E00023132,225,21,6,15,204,163,41,9.333333333333334,2.666666666666667,6.666666666666667,90.66666666666666,72.44444444444444,18.22222222222222
E00023133,270,37,19,18,233,161,72,13.703703703703704,7.037037037037037,6.666666666666667,86.29629629629629,59.62962962962963,26.666666666666668
E00023134,181,29,13,16,152,129,23,16.022099447513813,7.18232044198895,8.83977900552486,83.97790055248619,71.27071823204419,12.70718232044199
E00023135,370,40,11,29,330,246,84,10.81081081081081,2.9729729729729732,7.837837837837839,89.1891891891892,66.48648648648648,22.702702702702705
E00023136,212,27,10,17,185,112,73,12.735849056603774,4.716981132075472,8.018867924528301,87.26415094339622,52.83018867924528,34.43396226415094
E00023137,172,25,12,13,147,106,41,14.534883720930234,6.976744186046512,7.55813953488372,85.46511627906976,61.627906976744185,23.837209302325583
E00023138,190,22,7,15,168,134,34,11.578947368421053,3.684210526315789,7.894736842105263,88.42105263157895,70.52631578947368,17.894736842105264
E00023140,182,43,17,26,139,102,37,23.626373626373624,9.340659340659341,14.285714285714285,76.37362637362637,56.043956043956044,20.32967032967033
E00023141,248,43,20,23,205,155,50,17.338709677419356,8.064516129032258,9.274193548387096,82.66129032258065,62.5,20.161290322580644
E00023142,173,31,8,23,142,109,33,17.91907514450867,4.624277456647398,13.294797687861271,82.08092485549133,63.005780346820806,19.07514450867052
E00023143,147,23,9,14,124,79,45,15.646258503401361,6.122448979591836,9.523809523809524,84.35374149659864,53.74149659863946,30.612244897959183
E00023144,180,45,21,24,135,89,46,25,11.666666666666666,13.333333333333334,75,49.44444444444444,25.555555555555554
E00023145,185,23,1,22,162,128,34,12.432432432432433,0.5405405405405406,11.891891891891893,87.56756756756758,69.1891891891892,18.37837837837838
E00023146,163,40,14,26,123,72,51,24.539877300613497,8.588957055214724,15.950920245398773,75.4601226993865,44.171779141104295,31.28834355828221
E00023147,243,43,12,31,200,152,48,17.695473251028808,4.938271604938271,12.757201646090536,82.3045267489712,62.55144032921811,19.753086419753085
E00023148,161,20,4,16,141,91,50,12.422360248447205,2.484472049689441,9.937888198757763,87.5776397515528,56.52173913043478,31.05590062111801
E00023149,129,45,17,28,84,79,5,34.883720930232556,13.178294573643413,21.705426356589147,65.11627906976744,61.240310077519375,3.875968992248062
E00023151,88,37,12,25,51,45,6,42.04545454545455,13.636363636363635,28.40909090909091,57.95454545454546,51.13636363636363,6.8181818181818175
E00023152,166,60,23,37,106,87,19,36.144578313253014,13.855421686746988,22.289156626506024,63.85542168674698,52.40963855421686,11.44578313253012
E00023153,180,71,34,37,109,100,9,39.44444444444444,18.88888888888889,20.555555555555554,60.55555555555555,55.55555555555556,5
E00023155,130,25,11,14,105,83,22,19.230769230769234,8.461538461538462,10.76923076923077,80.76923076923077,63.84615384615384,16.923076923076923
E00023156,133,36,11,25,97,82,15,27.06766917293233,8.270676691729323,18.796992481203006,72.93233082706767,61.65413533834586,11.278195488721805
E00023157,149,27,11,16,122,97,25,18.120805369127517,7.38255033557047,10.738255033557047,81.87919463087249,65.1006711409396,16.778523489932887
E00023158,263,76,18,58,187,154,33,28.89733840304182,6.844106463878327,22.0532319391635,71.10266159695817,58.55513307984791,12.547528517110266
E00023159,144,34,9,25,110,91,19,23.61111111111111,6.25,17.36111111111111,76.38888888888889,63.19444444444444,13.194444444444445
E00023160,208,37,12,25,171,134,37,17.78846153846154,5.769230769230769,12.01923076923077,82.21153846153845,64.42307692307693,17.78846153846154
E00023161,175,40,17,23,135,97,38,22.857142857142858,9.714285714285714,13.142857142857142,77.14285714285715,55.42857142857143,21.714285714285715
E00023162,233,45,19,26,188,149,39,19.313304721030043,8.15450643776824,11.158798283261802,80.68669527896995,63.94849785407726,16.738197424892704
E00023163,141,36,14,22,105,78,27,25.53191489361702,9.929078014184398,15.602836879432624,74.46808510638297,55.319148936170215,19.148936170212767
E00023164,193,42,15,27,151,124,27,21.761658031088082,7.772020725388601,13.989637305699482,78.23834196891191,64.24870466321244,13.989637305699482
E00023165,210,34,10,24,176,128,48,16.19047619047619,4.761904761904762,11.428571428571429,83.80952380952381,60.952380952380956,22.857142857142858
E00023166,179,36,18,18,143,103,40,20.11173184357542,10.05586592178771,10.05586592178771,79.88826815642457,57.54189944134078,22.3463687150838
E00023167,196,33,14,19,163,124,39,16.83673469387755,7.142857142857142,9.693877551020408,83.16326530612244,63.26530612244898,19.897959183673468
E00023168,141,33,14,19,108,81,27,23.404255319148938,9.929078014184398,13.47517730496454,76.59574468085107,57.446808510638306,19.148936170212767
E00023169,197,35,16,19,162,121,41,17.766497461928935,8.121827411167512,9.644670050761421,82.23350253807106,61.42131979695431,20.812182741116754
E00023170,280,57,29,28,223,168,55,20.357142857142858,10.357142857142858,10,79.64285714285714,60,19.642857142857142
E00023171,221,56,19,37,165,126,39,25.339366515837103,8.597285067873303,16.7420814479638,74.6606334841629,57.01357466063348,17.647058823529413
E00023172,188,25,9,16,163,125,38,13.297872340425531,4.787234042553192,8.51063829787234,86.70212765957447,66.48936170212765,20.212765957446805
E00023173,211,37,12,25,174,148,26,17.535545023696685,5.687203791469194,11.848341232227488,82.46445497630332,70.14218009478674,12.322274881516588
E00023174,200,35,16,19,165,129,36,17.5,8,9.5,82.5,64.5,18
E00023175,92,30,7,23,62,55,7,32.608695652173914,7.608695652173914,25,67.3913043478261,59.78260869565217,7.608695652173914
E00023176,159,21,10,11,138,108,30,13.20754716981132,6.289308176100629,6.918238993710692,86.79245283018868,67.9245283018868,18.867924528301888
E00023177,192,41,23,18,151,114,37,21.354166666666664,11.979166666666668,9.375,78.64583333333334,59.375,19.270833333333336
E00023178,202,37,14,23,165,124,41,18.316831683168317,6.9306930693069315,11.386138613861387,81.68316831683168,61.386138613861384,20.2970297029703
E00023179,173,35,14,21,138,94,44,20.23121387283237,8.092485549132949,12.138728323699421,79.76878612716763,54.33526011560693,25.43352601156069
E00023180,147,34,14,20,113,72,41,23.12925170068027,9.523809523809524,13.60544217687075,76.87074829931973,48.97959183673469,27.89115646258503
E00023181,168,38,17,21,130,89,41,22.61904761904762,10.119047619047619,12.5,77.38095238095238,52.976190476190474,24.404761904761905
E00023183,204,28,13,15,176,137,39,13.725490196078432,6.372549019607843,7.352941176470589,86.27450980392157,67.15686274509804,19.11764705882353
E00023184,206,32,15,17,174,129,45,15.53398058252427,7.281553398058252,8.25242718446602,84.46601941747572,62.62135922330098,21.844660194174757
E00023185,187,34,14,20,153,117,36,18.181818181818183,7.4866310160427805,10.695187165775401,81.81818181818183,62.56684491978609,19.25133689839572
E00023186,168,21,8,13,147,99,48,12.5,4.761904761904762,7.738095238095238,87.5,58.92857142857143,28.57142857142857
E00023187,193,38,16,22,155,101,54,19.689119170984455,8.290155440414509,11.398963730569948,80.31088082901555,52.331606217616574,27.979274611398964
E00023188,197,38,9,29,159,112,47,19.289340101522843,4.568527918781726,14.720812182741117,80.71065989847716,56.852791878172596,23.85786802030457
E00023189,257,35,15,20,222,161,61,13.618677042801556,5.836575875486381,7.782101167315175,86.38132295719845,62.64591439688716,23.73540856031128
E00023190,180,47,19,28,133,100,33,26.111111111111114,10.555555555555555,15.555555555555555,73.88888888888889,55.55555555555556,18.333333333333332
E00023191,191,41,20,21,150,92,58,21.465968586387437,10.471204188481675,10.99476439790576,78.53403141361257,48.167539267015705,30.36649214659686
E00023192,133,22,8,14,111,83,28,16.541353383458645,6.015037593984962,10.526315789473683,83.45864661654136,62.40601503759399,21.052631578947366
E00023193,173,40,24,16,133,94,39,23.121387283236995,13.872832369942195,9.248554913294797,76.878612716763,54.33526011560693,22.54335260115607
E00023196,243,32,10,22,211,156,55,13.168724279835391,4.11522633744856,9.053497942386832,86.83127572016461,64.19753086419753,22.633744855967077
E00023197,186,32,12,20,154,112,42,17.20430107526882,6.451612903225806,10.75268817204301,82.79569892473118,60.215053763440864,22.58064516129032
E00023198,230,37,11,26,193,134,59,16.08695652173913,4.782608695652174,11.304347826086957,83.91304347826087,58.26086956521739,25.65217391304348
E00023199,160,44,16,28,116,85,31,27.500000000000004,10,17.5,72.5,53.125,19.375
E00023200,165,46,19,27,119,86,33,27.878787878787882,11.515151515151516,16.363636363636363,72.12121212121212,52.121212121212125,20
E00023201,241,25,9,16,216,148,68,10.37344398340249,3.7344398340248963,6.639004149377594,89.62655601659752,61.41078838174274,28.21576763485477
E00023202,249,45,22,23,204,143,61,18.072289156626507,8.835341365461847,9.236947791164658,81.92771084337349,57.42971887550201,24.497991967871485
E00023203,214,21,11,10,193,147,46,9.813084112149532,5.14018691588785,4.672897196261682,90.18691588785047,68.69158878504673,21.49532710280374
E00023204,264,31,10,21,233,184,49,11.742424242424242,3.787878787878788,7.954545454545454,88.25757575757575,69.6969696969697,18.560606060606062
E00023205,223,33,10,23,190,151,39,14.798206278026907,4.484304932735426,10.31390134529148,85.20179372197309,67.71300448430493,17.48878923766816
E00023206,233,44,23,21,189,125,64,18.88412017167382,9.871244635193133,9.012875536480687,81.11587982832617,53.648068669527895,27.467811158798284
E00023207,244,36,16,20,208,155,53,14.754098360655737,6.557377049180328,8.19672131147541,85.24590163934425,63.52459016393443,21.721311475409834
E00023208,244,30,8,22,214,154,60,12.295081967213115,3.278688524590164,9.01639344262295,87.70491803278688,63.114754098360656,24.59016393442623
E00023209,143,41,11,30,102,88,14,28.671328671328673,7.6923076923076925,20.97902097902098,71.32867132867133,61.53846153846154,9.79020979020979
E00023210,117,28,8,20,89,74,15,23.931623931623932,6.837606837606838,17.094017094017094,76.06837606837607,63.24786324786324,12.82051282051282
E00023211,144,43,21,22,101,66,35,29.86111111111111,14.583333333333334,15.277777777777779,70.13888888888889,45.83333333333333,24.305555555555554
E00023212,201,26,10,16,175,130,45,12.935323383084576,4.975124378109453,7.960199004975125,87.06467661691542,64.6766169154229,22.388059701492537
E00023213,198,33,10,23,165,126,39,16.666666666666664,5.05050505050505,11.616161616161616,83.33333333333334,63.63636363636363,19.696969696969695
E00023214,155,30,9,21,125,88,37,19.35483870967742,5.806451612903226,13.548387096774196,80.64516129032258,56.774193548387096,23.870967741935484
E00023215,204,39,23,16,165,118,47,19.11764705882353,11.27450980392157,7.8431372549019605,80.88235294117648,57.84313725490197,23.03921568627451
E00023216,196,40,20,20,156,109,47,20.408163265306122,10.204081632653061,10.204081632653061,79.59183673469387,55.61224489795919,23.97959183673469
E00023217,183,29,8,21,154,109,45,15.846994535519126,4.371584699453552,11.475409836065573,84.15300546448088,59.56284153005464,24.59016393442623
E00023218,131,35,21,14,96,71,25,26.717557251908396,16.030534351145036,10.687022900763358,73.2824427480916,54.19847328244275,19.083969465648856
E00023219,139,24,8,16,115,86,29,17.26618705035971,5.755395683453238,11.510791366906476,82.73381294964028,61.87050359712231,20.863309352517987
E00023220,151,32,19,13,119,70,49,21.192052980132452,12.582781456953644,8.609271523178808,78.80794701986756,46.35761589403973,32.450331125827816
E00023221,205,21,11,10,184,132,52,10.24390243902439,5.365853658536586,4.878048780487805,89.75609756097562,64.39024390243902,25.365853658536587
E00023222,165,37,16,21,128,95,33,22.424242424242426,9.696969696969697,12.727272727272727,77.57575757575758,57.57575757575758,20
E00023223,155,25,11,14,130,103,27,16.129032258064516,7.096774193548387,9.032258064516128,83.87096774193549,66.45161290322581,17.419354838709676
E00023224,174,29,9,20,145,115,30,16.666666666666664,5.172413793103448,11.494252873563218,83.33333333333334,66.0919540229885,17.24137931034483
E00023225,167,28,11,17,139,100,39,16.766467065868262,6.58682634730539,10.179640718562874,83.23353293413174,59.88023952095808,23.353293413173652
E00023226,118,18,9,9,100,79,21,15.254237288135593,7.627118644067797,7.627118644067797,84.7457627118644,66.94915254237289,17.796610169491526
E00023227,143,35,15,20,108,70,38,24.475524475524477,10.48951048951049,13.986013986013987,75.52447552447552,48.95104895104895,26.573426573426573
E00023228,208,34,17,17,174,112,62,16.346153846153847,8.173076923076923,8.173076923076923,83.65384615384616,53.84615384615385,29.807692307692307
E00023229,169,30,11,19,139,101,38,17.75147928994083,6.508875739644971,11.242603550295858,82.24852071005917,59.76331360946746,22.485207100591715
E00023231,153,20,4,16,133,91,42,13.071895424836603,2.6143790849673203,10.457516339869281,86.9281045751634,59.47712418300654,27.450980392156865
E00023232,170,39,16,23,131,72,59,22.941176470588236,9.411764705882353,13.529411764705882,77.05882352941177,42.35294117647059,34.705882352941174
E00023233,129,17,6,11,112,82,30,13.178294573643413,4.651162790697675,8.527131782945736,86.82170542635659,63.565891472868216,23.25581395348837
E00023234,191,42,22,20,149,124,25,21.98952879581152,11.518324607329843,10.471204188481675,78.01047120418848,64.92146596858639,13.089005235602095
E00023235,164,44,27,17,120,108,12,26.82926829268293,16.463414634146343,10.365853658536585,73.17073170731707,65.85365853658537,7.317073170731707
E00023236,219,37,13,24,182,158,24,16.894977168949772,5.93607305936073,10.95890410958904,83.10502283105022,72.14611872146118,10.95890410958904
E00023237,241,41,14,27,200,166,34,17.012448132780083,5.809128630705394,11.20331950207469,82.98755186721992,68.87966804979253,14.107883817427386
E00023238,250,63,23,40,187,159,28,25.2,9.2,16,74.8,63.6,11.200000000000001
E00023239,239,54,22,32,185,151,34,22.594142259414227,9.205020920502092,13.389121338912133,77.40585774058577,63.17991631799163,14.225941422594143
E00023240,313,75,43,32,238,198,40,23.961661341853034,13.738019169329075,10.223642172523961,76.03833865814697,63.25878594249201,12.779552715654951
E00023241,143,26,11,15,117,91,26,18.181818181818183,7.6923076923076925,10.48951048951049,81.81818181818183,63.63636363636363,18.181818181818183
E00023242,314,56,27,29,258,223,35,17.8343949044586,8.598726114649681,9.235668789808917,82.16560509554141,71.01910828025477,11.146496815286625
E00023243,218,38,18,20,180,137,43,17.431192660550458,8.256880733944955,9.174311926605505,82.56880733944955,62.84403669724771,19.724770642201836
E00023244,301,72,26,46,229,184,45,23.920265780730897,8.637873754152823,15.282392026578073,76.0797342192691,61.12956810631229,14.950166112956811
E00023245,205,57,22,35,148,128,20,27.80487804878049,10.731707317073171,17.073170731707318,72.1951219512195,62.4390243902439,9.75609756097561
E00023246,155,37,13,24,118,93,25,23.870967741935484,8.38709677419355,15.483870967741936,76.12903225806451,60,16.129032258064516
E00023247,255,64,26,38,191,157,34,25.098039215686274,10.196078431372548,14.901960784313726,74.90196078431373,61.568627450980394,13.333333333333334
E00023248,168,48,17,31,120,101,19,28.57142857142857,10.119047619047619,18.452380952380953,71.42857142857143,60.11904761904761,11.30952380952381
E00023249,261,53,18,35,208,176,32,20.306513409961685,6.896551724137931,13.409961685823754,79.6934865900383,67.43295019157088,12.260536398467432
E00023250,210,28,12,16,182,148,34,13.333333333333334,5.714285714285714,7.6190476190476195,86.66666666666667,70.47619047619048,16.19047619047619
E00023251,159,43,14,29,116,108,8,27.044025157232703,8.80503144654088,18.238993710691823,72.95597484276729,67.9245283018868,5.031446540880504
E00023252,236,59,23,36,177,160,17,25,9.745762711864407,15.254237288135593,75,67.79661016949152,7.203389830508475
E00023253,160,37,14,23,123,101,22,23.125,8.75,14.374999999999998,76.875,63.125,13.750000000000002
E00023254,243,36,8,28,207,160,47,14.814814814814813,3.292181069958848,11.522633744855968,85.18518518518519,65.84362139917695,19.34156378600823
E00023255,212,25,11,14,187,136,51,11.79245283018868,5.188679245283019,6.60377358490566,88.20754716981132,64.15094339622641,24.056603773584907
E00023256,250,36,18,18,214,162,52,14.399999999999999,7.199999999999999,7.199999999999999,85.6,64.8,20.8
E00023257,191,44,20,24,147,123,24,23.036649214659686,10.471204188481675,12.56544502617801,76.96335078534031,64.3979057591623,12.56544502617801
E00023258,229,48,15,33,181,141,40,20.96069868995633,6.550218340611353,14.41048034934498,79.03930131004367,61.572052401746724,17.46724890829694
E00023259,115,28,9,19,87,70,17,24.347826086956523,7.82608695652174,16.52173913043478,75.65217391304347,60.86956521739131,14.782608695652174
E00023260,248,76,29,47,172,149,23,30.64516129032258,11.693548387096774,18.951612903225808,69.35483870967742,60.08064516129033,9.274193548387096
E00023261,237,58,30,28,179,145,34,24.47257383966245,12.658227848101266,11.814345991561181,75.52742616033755,61.18143459915611,14.345991561181433
E00023262,239,43,19,24,196,167,29,17.99163179916318,7.949790794979079,10.0418410041841,82.00836820083683,69.8744769874477,12.133891213389122
E00023263,169,51,15,36,118,103,15,30.17751479289941,8.875739644970414,21.301775147928996,69.8224852071006,60.946745562130175,8.875739644970414
E00023264,201,46,12,34,155,136,19,22.885572139303484,5.970149253731343,16.91542288557214,77.11442786069652,67.66169154228857,9.45273631840796
E00023265,115,53,24,29,62,59,3,46.08695652173913,20.869565217391305,25.217391304347824,53.91304347826087,51.30434782608696,2.608695652173913
E00023266,85,31,8,23,54,50,4,36.470588235294116,9.411764705882353,27.058823529411764,63.52941176470588,58.82352941176471,4.705882352941177
E00023267,201,30,11,19,171,138,33,14.925373134328357,5.472636815920398,9.45273631840796,85.07462686567165,68.65671641791045,16.417910447761194
E00023268,127,40,20,20,87,69,18,31.496062992125985,15.748031496062993,15.748031496062993,68.50393700787401,54.330708661417326,14.173228346456693
E00023269,319,62,31,31,257,213,44,19.435736677115987,9.717868338557993,9.717868338557993,80.56426332288402,66.77115987460816,13.793103448275861
E00023270,336,75,31,44,261,225,36,22.321428571428573,9.226190476190476,13.095238095238097,77.67857142857143,66.96428571428571,10.714285714285714
E00023271,116,24,10,14,92,76,16,20.689655172413794,8.620689655172415,12.068965517241379,79.3103448275862,65.51724137931035,13.793103448275861
E00023272,204,44,15,29,160,137,23,21.568627450980394,7.352941176470589,14.215686274509803,78.43137254901961,67.15686274509804,11.27450980392157
E00023273,117,43,16,27,74,64,10,36.75213675213676,13.675213675213676,23.076923076923077,63.24786324786324,54.700854700854705,8.547008547008547
E00023274,177,35,19,16,142,121,21,19.774011299435028,10.734463276836157,9.03954802259887,80.22598870056498,68.36158192090396,11.864406779661017
E00023275,172,44,18,26,128,111,17,25.581395348837212,10.465116279069768,15.11627906976744,74.4186046511628,64.53488372093024,9.883720930232558
E00023276,191,41,18,23,150,131,19,21.465968586387437,9.424083769633508,12.041884816753926,78.53403141361257,68.58638743455498,9.947643979057592
E00023277,184,34,13,21,150,105,45,18.478260869565215,7.065217391304348,11.41304347826087,81.52173913043478,57.065217391304344,24.456521739130434
E00023278,199,34,19,15,165,119,46,17.08542713567839,9.547738693467336,7.537688442211055,82.91457286432161,59.798994974874375,23.115577889447238
E00023279,208,27,8,19,181,135,46,12.980769230769232,3.8461538461538463,9.134615384615383,87.01923076923077,64.90384615384616,22.115384615384613
E00023280,181,33,11,22,148,107,41,18.23204419889503,6.077348066298343,12.154696132596685,81.76795580110497,59.11602209944752,22.65193370165746
E00023281,233,50,24,26,183,140,43,21.45922746781116,10.300429184549357,11.158798283261802,78.54077253218884,60.08583690987125,18.4549356223176
E00023282,180,38,17,21,142,101,41,21.11111111111111,9.444444444444445,11.666666666666666,78.88888888888889,56.111111111111114,22.77777777777778
E00023283,201,33,11,22,168,119,49,16.417910447761194,5.472636815920398,10.945273631840797,83.5820895522388,59.20398009950249,24.378109452736318
E00023284,196,24,7,17,172,129,43,12.244897959183673,3.571428571428571,8.673469387755102,87.75510204081633,65.81632653061224,21.93877551020408
E00023285,163,26,12,14,137,109,28,15.950920245398773,7.361963190184049,8.588957055214724,84.04907975460122,66.87116564417178,17.177914110429448
E00023286,186,51,30,21,135,73,62,27.419354838709676,16.129032258064516,11.29032258064516,72.58064516129032,39.247311827956985,33.33333333333333
E00023287,186,31,11,20,155,109,46,16.666666666666664,5.913978494623656,10.75268817204301,83.33333333333334,58.602150537634415,24.731182795698924
E00023288,234,63,22,41,171,130,41,26.923076923076923,9.401709401709402,17.52136752136752,73.07692307692307,55.55555555555556,17.52136752136752
E00023290,205,54,25,29,151,119,32,26.34146341463415,12.195121951219512,14.146341463414632,73.65853658536585,58.048780487804876,15.609756097560975
E00023291,287,57,16,41,230,176,54,19.860627177700348,5.574912891986063,14.285714285714285,80.13937282229965,61.32404181184668,18.81533101045296
E00023292,170,37,11,26,133,99,34,21.764705882352942,6.470588235294119,15.294117647058824,78.23529411764706,58.235294117647065,20
E00023293,153,36,9,27,117,72,45,23.52941176470588,5.88235294117647,17.647058823529413,76.47058823529412,47.05882352941176,29.411764705882355
E00023294,164,42,21,21,122,88,34,25.609756097560975,12.804878048780488,12.804878048780488,74.39024390243902,53.65853658536586,20.73170731707317
E00023295,168,49,22,27,119,74,45,29.166666666666668,13.095238095238097,16.071428571428573,70.83333333333334,44.047619047619044,26.785714285714285
E00023296,162,36,15,21,126,98,28,22.22222222222222,9.25925925925926,12.962962962962962,77.77777777777779,60.49382716049383,17.28395061728395
E00023297,156,47,26,21,109,56,53,30.128205128205128,16.666666666666664,13.461538461538462,69.87179487179486,35.8974358974359,33.97435897435898
E00023298,200,35,15,20,165,132,33,17.5,7.5,10,82.5,66,16.5
E00023299,147,49,23,26,98,64,34,33.33333333333333,15.646258503401361,17.687074829931973,66.66666666666666,43.53741496598639,23.12925170068027
E00023300,166,23,9,14,143,114,29,13.855421686746988,5.421686746987952,8.433734939759036,86.14457831325302,68.67469879518072,17.46987951807229
E00023301,183,32,11,21,151,118,33,17.48633879781421,6.0109289617486334,11.475409836065573,82.5136612021858,64.48087431693989,18.0327868852459
E00023302,232,40,12,28,192,121,71,17.24137931034483,5.172413793103448,12.068965517241379,82.75862068965517,52.1551724137931,30.603448275862068
E00023303,174,37,17,20,137,113,24,21.26436781609195,9.770114942528735,11.494252873563218,78.73563218390804,64.9425287356322,13.793103448275861
E00023304,327,42,19,23,285,216,69,12.844036697247708,5.81039755351682,7.033639143730887,87.1559633027523,66.05504587155964,21.100917431192663
E00023305,197,40,17,23,157,119,38,20.304568527918782,8.629441624365482,11.6751269035533,79.69543147208121,60.40609137055838,19.289340101522843
E00023306,182,30,16,14,152,114,38,16.483516483516482,8.791208791208792,7.6923076923076925,83.51648351648352,62.637362637362635,20.87912087912088
E00023307,165,34,18,16,131,75,56,20.606060606060606,10.909090909090908,9.696969696969697,79.39393939393939,45.45454545454545,33.939393939393945
E00023308,172,43,22,21,129,93,36,25,12.790697674418606,12.209302325581394,75,54.06976744186046,20.930232558139537
E00023309,181,40,18,22,141,95,46,22.099447513812155,9.94475138121547,12.154696132596685,77.90055248618785,52.48618784530387,25.41436464088398
E00023310,196,41,14,27,155,119,36,20.918367346938776,7.142857142857142,13.77551020408163,79.08163265306123,60.71428571428571,18.367346938775512
E00023311,155,23,10,13,132,80,52,14.838709677419354,6.451612903225806,8.38709677419355,85.16129032258064,51.61290322580645,33.5483870967742
E00023312,125,33,18,15,92,78,14,26.400000000000002,14.399999999999999,12,73.6,62.4,11.200000000000001
E00023313,142,43,19,24,99,72,27,30.28169014084507,13.380281690140844,16.901408450704224,69.71830985915493,50.70422535211267,19.014084507042252
E00023314,148,34,16,18,114,75,39,22.972972972972975,10.81081081081081,12.162162162162163,77.02702702702703,50.67567567567568,26.351351351351347
E00023315,128,36,18,18,92,65,27,28.125,14.0625,14.0625,71.875,50.78125,21.09375
E00023316,213,36,16,20,177,131,46,16.901408450704224,7.511737089201878,9.389671361502346,83.09859154929578,61.502347417840376,21.5962441314554
E00023317,162,15,6,9,147,102,45,9.25925925925926,3.7037037037037033,5.555555555555555,90.74074074074075,62.96296296296296,27.77777777777778
E00023318,191,44,22,22,147,101,46,23.036649214659686,11.518324607329843,11.518324607329843,76.96335078534031,52.879581151832454,24.083769633507853
E00023319,231,38,14,24,193,153,40,16.450216450216452,6.0606060606060606,10.38961038961039,83.54978354978356,66.23376623376623,17.316017316017316
E00023320,152,27,11,16,125,90,35,17.763157894736842,7.236842105263158,10.526315789473683,82.23684210526315,59.210526315789465,23.026315789473685
E00023321,158,21,5,16,137,110,27,13.291139240506327,3.1645569620253164,10.126582278481013,86.70886075949366,69.62025316455697,17.088607594936708
E00023322,127,39,10,29,88,61,27,30.708661417322837,7.874015748031496,22.83464566929134,69.29133858267717,48.031496062992126,21.25984251968504
E00023323,144,53,20,33,91,63,28,36.80555555555556,13.88888888888889,22.916666666666664,63.19444444444444,43.75,19.444444444444446
E00023324,284,75,33,42,209,177,32,26.408450704225352,11.619718309859154,14.788732394366196,73.59154929577466,62.323943661971825,11.267605633802818
E00023325,159,45,16,29,114,83,31,28.30188679245283,10.062893081761008,18.238993710691823,71.69811320754717,52.20125786163522,19.49685534591195
E00023326,127,35,12,23,92,63,29,27.559055118110237,9.448818897637794,18.11023622047244,72.44094488188976,49.60629921259843,22.83464566929134
E00023327,155,29,10,19,126,75,51,18.70967741935484,6.451612903225806,12.258064516129032,81.29032258064515,48.38709677419355,32.903225806451616
E00023328,146,50,21,29,96,81,15,34.24657534246575,14.383561643835616,19.863013698630137,65.75342465753424,55.47945205479452,10.273972602739725
E00023329,182,40,19,21,142,121,21,21.978021978021978,10.43956043956044,11.538461538461538,78.02197802197803,66.48351648351648,11.538461538461538
E00023330,175,41,22,19,134,117,17,23.42857142857143,12.571428571428573,10.857142857142858,76.57142857142857,66.85714285714286,9.714285714285714
E00023331,150,47,22,25,103,88,15,31.333333333333336,14.666666666666666,16.666666666666664,68.66666666666667,58.666666666666664,10
E00023332,175,75,22,53,100,87,13,42.857142857142854,12.571428571428573,30.28571428571429,57.14285714285714,49.714285714285715,7.428571428571429
E00023333,130,30,11,19,100,67,33,23.076923076923077,8.461538461538462,14.615384615384617,76.92307692307693,51.53846153846153,25.384615384615383
E00023334,170,46,19,27,124,106,18,27.058823529411764,11.176470588235295,15.88235294117647,72.94117647058823,62.35294117647059,10.588235294117647
E00023335,191,34,11,23,157,136,21,17.801047120418847,5.7591623036649215,12.041884816753926,82.19895287958116,71.20418848167539,10.99476439790576
E00023337,193,68,22,46,125,103,22,35.233160621761655,11.398963730569948,23.83419689119171,64.76683937823834,53.36787564766839,11.398963730569948
E00023338,178,55,27,28,123,93,30,30.89887640449438,15.168539325842698,15.730337078651685,69.10112359550563,52.24719101123596,16.853932584269664
E00023339,169,60,15,45,109,97,12,35.50295857988166,8.875739644970414,26.627218934911244,64.49704142011834,57.396449704142015,7.100591715976331
E00023340,132,45,17,28,87,77,10,34.090909090909086,12.878787878787879,21.21212121212121,65.9090909090909,58.333333333333336,7.575757575757576
E00023341,317,75,33,42,242,172,70,23.65930599369085,10.410094637223976,13.249211356466878,76.34069400630915,54.25867507886435,22.082018927444793
E00023342,139,48,10,38,91,82,9,34.53237410071942,7.1942446043165464,27.33812949640288,65.46762589928058,58.992805755395686,6.474820143884892
E00023343,204,65,28,37,139,114,25,31.862745098039213,13.725490196078432,18.137254901960784,68.13725490196079,55.88235294117647,12.254901960784313
E00023344,263,63,24,39,200,135,65,23.954372623574145,9.125475285171103,14.82889733840304,76.04562737642586,51.33079847908745,24.714828897338403
E00023345,143,52,12,40,91,79,12,36.36363636363637,8.391608391608392,27.972027972027973,63.63636363636363,55.24475524475524,8.391608391608392
E00023346,143,48,17,31,95,86,9,33.56643356643357,11.888111888111888,21.678321678321677,66.43356643356644,60.13986013986013,6.293706293706294
E00023347,138,42,13,29,96,83,13,30.434782608695656,9.420289855072465,21.014492753623188,69.56521739130434,60.14492753623188,9.420289855072465
E00023348,141,67,19,48,74,67,7,47.5177304964539,13.47517730496454,34.04255319148936,52.4822695035461,47.5177304964539,4.964539007092199
E00023349,139,46,15,31,93,80,13,33.093525179856115,10.79136690647482,22.302158273381295,66.90647482014388,57.55395683453237,9.352517985611511
E00023350,217,60,24,36,157,132,25,27.64976958525346,11.059907834101383,16.589861751152075,72.35023041474655,60.82949308755761,11.52073732718894
E00023351,161,31,6,25,130,112,18,19.25465838509317,3.7267080745341614,15.527950310559005,80.74534161490683,69.56521739130434,11.180124223602485
E00023352,141,47,14,33,94,83,11,33.33333333333333,9.929078014184398,23.404255319148938,66.66666666666666,58.86524822695035,7.801418439716312
E00023353,162,46,14,32,116,89,27,28.39506172839506,8.641975308641975,19.753086419753085,71.60493827160494,54.93827160493827,16.666666666666664
E00023354,202,48,17,31,154,129,25,23.762376237623762,8.415841584158416,15.346534653465346,76.23762376237624,63.86138613861386,12.376237623762377
E00023355,167,42,20,22,125,94,31,25.149700598802394,11.976047904191617,13.17365269461078,74.8502994011976,56.287425149700596,18.562874251497004
E00023356,206,40,12,28,166,132,34,19.41747572815534,5.825242718446602,13.592233009708737,80.58252427184466,64.07766990291263,16.50485436893204
E00023357,167,39,11,28,128,108,20,23.353293413173652,6.58682634730539,16.766467065868262,76.64670658682635,64.67065868263472,11.976047904191617
E00023358,160,27,11,16,133,110,23,16.875,6.875000000000001,10,83.125,68.75,14.374999999999998
E00023359,161,39,14,25,122,92,30,24.22360248447205,8.695652173913043,15.527950310559005,75.77639751552795,57.14285714285714,18.633540372670808
E00023360,158,34,21,13,124,99,25,21.518987341772153,13.291139240506327,8.227848101265822,78.48101265822784,62.65822784810127,15.822784810126583
E00023361,191,51,17,34,140,121,19,26.701570680628272,8.900523560209423,17.801047120418847,73.29842931937172,63.35078534031413,9.947643979057592
E00023362,178,47,22,25,131,101,30,26.40449438202247,12.359550561797752,14.04494382022472,73.59550561797754,56.74157303370787,16.853932584269664
E00023363,198,45,14,31,153,130,23,22.727272727272727,7.07070707070707,15.656565656565657,77.27272727272727,65.65656565656566,11.616161616161616
E00023364,174,37,18,19,137,113,24,21.26436781609195,10.344827586206897,10.919540229885058,78.73563218390804,64.9425287356322,13.793103448275861
E00023365,148,41,4,37,107,94,13,27.7027027027027,2.7027027027027026,25,72.2972972972973,63.51351351351351,8.783783783783784
E00023366,135,36,14,22,99,85,14,26.666666666666668,10.37037037037037,16.296296296296298,73.33333333333333,62.96296296296296,10.37037037037037
E00023368,162,36,17,19,126,89,37,22.22222222222222,10.493827160493826,11.728395061728394,77.77777777777779,54.93827160493827,22.839506172839506
E00023369,182,44,25,19,138,113,25,24.175824175824175,13.736263736263737,10.43956043956044,75.82417582417582,62.08791208791209,13.736263736263737
E00023370,149,44,22,22,105,53,52,29.53020134228188,14.76510067114094,14.76510067114094,70.46979865771812,35.57046979865772,34.899328859060404
E00023371,182,45,24,21,137,77,60,24.725274725274726,13.186813186813188,11.538461538461538,75.27472527472527,42.30769230769231,32.967032967032964
E00023372,172,44,11,33,128,98,30,25.581395348837212,6.395348837209303,19.186046511627907,74.4186046511628,56.97674418604651,17.441860465116278
E00023373,153,51,23,28,102,84,18,33.33333333333333,15.032679738562091,18.30065359477124,66.66666666666666,54.90196078431373,11.76470588235294
E00023374,207,44,15,29,163,130,33,21.256038647342994,7.246376811594203,14.009661835748794,78.74396135265701,62.80193236714976,15.942028985507244
E00023375,181,35,10,25,146,106,40,19.337016574585636,5.524861878453039,13.812154696132598,80.66298342541437,58.5635359116022,22.099447513812155
E00023376,147,63,26,37,84,74,10,42.857142857142854,17.687074829931973,25.170068027210885,57.14285714285714,50.34013605442177,6.802721088435375
E00023377,232,64,25,39,168,135,33,27.586206896551722,10.775862068965516,16.810344827586206,72.41379310344827,58.189655172413794,14.224137931034484
E00023378,171,44,26,18,127,84,43,25.730994152046783,15.204678362573098,10.526315789473683,74.26900584795322,49.122807017543856,25.146198830409354
E00023379,168,49,20,29,119,101,18,29.166666666666668,11.904761904761903,17.261904761904763,70.83333333333334,60.11904761904761,10.714285714285714
E00023380,124,39,18,21,85,78,7,31.451612903225808,14.516129032258066,16.93548387096774,68.54838709677419,62.903225806451616,5.64516129032258
E00023381,183,61,8,53,122,93,29,33.33333333333333,4.371584699453552,28.96174863387978,66.66666666666666,50.81967213114754,15.846994535519126
E00023382,103,34,8,26,69,55,14,33.00970873786408,7.766990291262135,25.24271844660194,66.99029126213593,53.398058252427184,13.592233009708737
E00023383,169,56,20,36,113,99,14,33.13609467455622,11.834319526627219,21.301775147928996,66.86390532544378,58.57988165680473,8.284023668639055
E00023384,140,17,11,6,123,87,36,12.142857142857142,7.857142857142857,4.285714285714286,87.85714285714286,62.142857142857146,25.71428571428571
E00023385,181,44,18,26,137,118,19,24.30939226519337,9.94475138121547,14.3646408839779,75.69060773480662,65.19337016574586,10.497237569060774
E00023386,151,27,13,14,124,95,29,17.880794701986755,8.609271523178808,9.271523178807946,82.11920529801324,62.913907284768214,19.205298013245034
E00023387,195,64,34,30,131,108,23,32.82051282051282,17.435897435897434,15.384615384615385,67.17948717948717,55.38461538461539,11.794871794871794
E00023388,173,57,24,33,116,101,15,32.947976878612714,13.872832369942195,19.07514450867052,67.05202312138728,58.38150289017341,8.670520231213873
E00023389,158,59,21,38,99,83,16,37.34177215189873,13.291139240506327,24.050632911392405,62.65822784810127,52.53164556962025,10.126582278481013
E00023390,317,45,18,27,272,207,65,14.195583596214512,5.678233438485805,8.517350157728707,85.8044164037855,65.29968454258676,20.50473186119874
E00023391,171,50,14,36,121,99,22,29.239766081871345,8.187134502923977,21.052631578947366,70.76023391812866,57.89473684210527,12.865497076023392
E00023392,146,52,21,31,94,82,12,35.61643835616438,14.383561643835616,21.232876712328768,64.38356164383562,56.16438356164384,8.21917808219178
E00023393,138,46,22,24,92,66,26,33.33333333333333,15.942028985507244,17.391304347826086,66.66666666666666,47.82608695652174,18.84057971014493
E00023394,173,70,18,52,103,78,25,40.46242774566474,10.404624277456648,30.057803468208093,59.53757225433526,45.08670520231214,14.450867052023122
E00023395,118,22,9,13,96,84,12,18.64406779661017,7.627118644067797,11.016949152542372,81.35593220338984,71.1864406779661,10.16949152542373
E00023396,167,43,19,24,124,83,41,25.748502994011975,11.377245508982035,14.37125748502994,74.25149700598801,49.700598802395206,24.550898203592812
E00023397,148,33,14,19,115,94,21,22.2972972972973,9.45945945945946,12.837837837837837,77.7027027027027,63.51351351351351,14.18918918918919
E00023398,174,41,19,22,133,110,23,23.563218390804597,10.919540229885058,12.643678160919542,76.4367816091954,63.2183908045977,13.218390804597702
E00023399,164,48,15,33,116,89,27,29.268292682926827,9.146341463414634,20.121951219512198,70.73170731707317,54.268292682926834,16.463414634146343
E00023400,180,47,18,29,133,108,25,26.111111111111114,10,16.11111111111111,73.88888888888889,60,13.88888888888889
E00023401,165,29,10,19,136,106,30,17.575757575757574,6.0606060606060606,11.515151515151516,82.42424242424242,64.24242424242425,18.181818181818183
E00023402,131,34,20,14,97,65,32,25.954198473282442,15.267175572519085,10.687022900763358,74.04580152671755,49.61832061068702,24.427480916030532
E00023403,169,34,16,18,135,100,35,20.118343195266274,9.467455621301776,10.650887573964498,79.88165680473372,59.171597633136095,20.710059171597635
E00023404,191,35,8,27,156,109,47,18.32460732984293,4.18848167539267,14.136125654450263,81.67539267015707,57.06806282722513,24.60732984293194
E00023405,204,42,13,29,162,127,35,20.588235294117645,6.372549019607843,14.215686274509803,79.41176470588235,62.254901960784316,17.15686274509804
E00023406,172,41,21,20,131,100,31,23.837209302325583,12.209302325581394,11.627906976744185,76.16279069767442,58.139534883720934,18.023255813953487
E00023407,183,54,23,31,129,117,12,29.508196721311474,12.568306010928962,16.939890710382514,70.49180327868852,63.934426229508205,6.557377049180328
E00023408,155,41,20,21,114,87,27,26.451612903225808,12.903225806451612,13.548387096774196,73.54838709677419,56.12903225806451,17.419354838709676
E00023409,162,34,20,14,128,91,37,20.98765432098765,12.345679012345679,8.641975308641975,79.01234567901234,56.17283950617284,22.839506172839506
E00023410,138,28,18,10,110,61,49,20.28985507246377,13.043478260869565,7.246376811594203,79.71014492753623,44.20289855072464,35.507246376811594
E00023411,185,43,21,22,142,116,26,23.243243243243246,11.351351351351353,11.891891891891893,76.75675675675676,62.70270270270271,14.054054054054054
E00170900,235,41,16,25,194,154,40,17.4468085106383,6.808510638297872,10.638297872340425,82.5531914893617,65.53191489361701,17.02127659574468
E00170901,162,23,10,13,139,102,37,14.19753086419753,6.172839506172839,8.024691358024691,85.80246913580247,62.96296296296296,22.839506172839506
E00170902,183,24,5,19,159,124,35,13.114754098360656,2.73224043715847,10.382513661202186,86.88524590163934,67.75956284153006,19.12568306010929
E00170903,164,121,80,41,43,37,6,73.78048780487805,48.78048780487805,25,26.21951219512195,22.5609756097561,3.6585365853658534
E00170904,79,37,11,26,42,42,0,46.835443037974684,13.924050632911392,32.91139240506329,53.16455696202531,53.16455696202531,0
E00170905,96,45,15,30,51,44,7,46.875,15.625,31.25,53.125,45.83333333333333,7.291666666666667
E00170906,107,58,26,32,49,44,5,54.20560747663551,24.299065420560748,29.906542056074763,45.794392523364486,41.1214953271028,4.672897196261682
E00170907,111,34,12,22,77,51,26,30.630630630630627,10.81081081081081,19.81981981981982,69.36936936936937,45.94594594594595,23.423423423423422
E00170908,270,55,22,33,215,186,29,20.37037037037037,8.148148148148149,12.222222222222221,79.62962962962963,68.88888888888889,10.74074074074074
E00170909,283,62,28,34,221,146,75,21.908127208480565,9.89399293286219,12.014134275618375,78.09187279151944,51.590106007067135,26.501766784452297
E00170910,190,25,10,15,165,125,40,13.157894736842104,5.263157894736842,7.894736842105263,86.8421052631579,65.78947368421053,21.052631578947366
E00170911,156,31,9,22,125,89,36,19.871794871794872,5.769230769230769,14.102564102564102,80.12820512820514,57.05128205128205,23.076923076923077
E00170912,196,35,17,18,161,121,40,17.857142857142858,8.673469387755102,9.183673469387756,82.14285714285714,61.73469387755102,20.408163265306122
E00170913,173,20,6,14,153,119,34,11.560693641618498,3.4682080924855487,8.092485549132949,88.4393063583815,68.78612716763006,19.653179190751445
E00170914,97,19,7,12,78,57,21,19.587628865979383,7.216494845360824,12.371134020618557,80.41237113402062,58.76288659793815,21.649484536082475
E00170915,90,17,7,10,73,61,12,18.88888888888889,7.777777777777778,11.11111111111111,81.11111111111111,67.77777777777779,13.333333333333334
E00170916,154,17,7,10,137,112,25,11.03896103896104,4.545454545454546,6.493506493506493,88.96103896103897,72.72727272727273,16.233766233766232
E00170918,184,25,8,17,159,133,26,13.586956521739129,4.3478260869565215,9.239130434782608,86.41304347826086,72.28260869565217,14.130434782608695
E00170920,155,25,7,18,130,111,19,16.129032258064516,4.516129032258064,11.612903225806452,83.87096774193549,71.61290322580646,12.258064516129032
E00170921,226,35,17,18,191,151,40,15.486725663716813,7.52212389380531,7.964601769911504,84.51327433628319,66.8141592920354,17.699115044247787
E00170923,177,14,4,10,163,122,41,7.909604519774012,2.2598870056497176,5.649717514124294,92.09039548022598,68.92655367231639,23.163841807909606
E00170926,166,15,7,8,151,137,14,9.036144578313253,4.216867469879518,4.819277108433735,90.96385542168674,82.53012048192771,8.433734939759036
E00170928,109,5,2,3,104,93,11,4.587155963302752,1.834862385321101,2.7522935779816518,95.41284403669725,85.3211009174312,10.091743119266056
E00170929,212,20,7,13,192,174,18,9.433962264150944,3.30188679245283,6.132075471698113,90.56603773584906,82.0754716981132,8.49056603773585
E00170931,233,59,22,37,174,143,31,25.321888412017167,9.44206008583691,15.879828326180256,74.67811158798283,61.37339055793991,13.304721030042918
E00170932,268,49,15,34,219,186,33,18.28358208955224,5.597014925373134,12.686567164179104,81.71641791044776,69.40298507462687,12.313432835820896
E00170934,78,20,6,14,58,47,11,25.64102564102564,7.6923076923076925,17.94871794871795,74.35897435897436,60.256410256410255,14.102564102564102
E00170935,239,43,16,27,196,165,31,17.99163179916318,6.694560669456067,11.297071129707113,82.00836820083683,69.0376569037657,12.97071129707113
E00170937,172,27,10,17,145,119,26,15.69767441860465,5.813953488372093,9.883720930232558,84.30232558139535,69.18604651162791,15.11627906976744
E00170939,136,24,11,13,112,91,21,17.647058823529413,8.088235294117647,9.558823529411764,82.35294117647058,66.91176470588235,15.441176470588236
E00170940,163,47,17,30,116,91,25,28.834355828220858,10.429447852760736,18.404907975460123,71.16564417177914,55.828220858895705,15.337423312883436
E00170942,98,22,7,15,76,57,19,22.448979591836736,7.142857142857142,15.306122448979592,77.55102040816327,58.16326530612245,19.387755102040817
E00170943,133,17,8,9,116,89,27,12.781954887218044,6.015037593984962,6.7669172932330826,87.21804511278195,66.9172932330827,20.30075187969925
E00170948,104,35,10,25,69,61,8,33.65384615384615,9.615384615384617,24.03846153846154,66.34615384615384,58.65384615384615,7.6923076923076925
E00170951,124,7,0,7,117,89,28,5.64516129032258,0,5.64516129032258,94.35483870967742,71.7741935483871,22.58064516129032
E00170953,177,19,8,11,158,137,21,10.734463276836157,4.519774011299435,6.214689265536723,89.26553672316385,77.40112994350282,11.864406779661017
E00170956,191,27,11,16,164,137,27,14.136125654450263,5.7591623036649215,8.37696335078534,85.86387434554975,71.72774869109948,14.136125654450263
E00170957,113,18,8,10,95,71,24,15.929203539823009,7.079646017699115,8.849557522123893,84.070796460177,62.83185840707964,21.238938053097346
E00170959,197,31,13,18,166,131,35,15.736040609137056,6.598984771573605,9.137055837563452,84.26395939086294,66.49746192893402,17.766497461928935
E00170960,109,37,14,23,72,56,16,33.94495412844037,12.844036697247708,21.100917431192663,66.05504587155964,51.37614678899083,14.678899082568808
E00170962,176,59,18,41,117,88,29,33.52272727272727,10.227272727272728,23.295454545454543,66.47727272727273,50,16.477272727272727
E00170963,182,25,17,8,157,136,21,13.736263736263737,9.340659340659341,4.395604395604396,86.26373626373626,74.72527472527473,11.538461538461538
E00170965,144,19,10,9,125,105,20,13.194444444444445,6.944444444444445,6.25,86.80555555555556,72.91666666666666,13.88888888888889
E00170967,186,26,8,18,160,123,37,13.978494623655912,4.301075268817205,9.67741935483871,86.02150537634408,66.12903225806451,19.892473118279568
E00170968,108,10,4,6,98,66,32,9.25925925925926,3.7037037037037033,5.555555555555555,90.74074074074075,61.111111111111114,29.629629629629626
E00170970,149,39,13,26,110,98,12,26.174496644295303,8.724832214765101,17.449664429530202,73.8255033557047,65.77181208053692,8.053691275167784
E00170971,115,19,7,12,96,81,15,16.52173913043478,6.086956521739131,10.434782608695652,83.47826086956522,70.43478260869566,13.043478260869565
E00171037,131,23,5,18,108,91,17,17.557251908396946,3.816793893129771,13.740458015267176,82.44274809160305,69.46564885496184,12.977099236641221
E00171038,144,28,12,16,116,90,26,19.444444444444446,8.333333333333332,11.11111111111111,80.55555555555556,62.5,18.055555555555554
E00171040,136,12,9,3,124,99,25,8.823529411764707,6.61764705882353,2.2058823529411766,91.17647058823529,72.79411764705883,18.38235294117647
E00171041,210,34,18,16,176,122,54,16.19047619047619,8.571428571428571,7.6190476190476195,83.80952380952381,58.0952380952381,25.71428571428571
E00171043,113,20,11,9,93,65,28,17.699115044247787,9.734513274336283,7.964601769911504,82.30088495575221,57.52212389380531,24.778761061946902
E00171044,95,10,4,6,85,55,30,10.526315789473683,4.2105263157894735,6.315789473684211,89.47368421052632,57.89473684210527,31.57894736842105
E00171046,136,36,16,20,100,88,12,26.47058823529412,11.76470588235294,14.705882352941178,73.52941176470588,64.70588235294117,8.823529411764707
E00171049,197,34,15,19,163,127,36,17.258883248730964,7.614213197969544,9.644670050761421,82.74111675126903,64.46700507614213,18.274111675126903
E00171051,136,12,3,9,124,91,33,8.823529411764707,2.2058823529411766,6.61764705882353,91.17647058823529,66.91176470588235,24.264705882352942
E00171055,240,36,16,20,204,162,42,15,6.666666666666667,8.333333333333332,85,67.5,17.5
E00171058,306,35,21,14,271,199,72,11.437908496732026,6.862745098039216,4.57516339869281,88.56209150326796,65.0326797385621,23.52941176470588
E00171060,129,25,16,9,104,74,30,19.379844961240313,12.4031007751938,6.976744186046512,80.62015503875969,57.36434108527132,23.25581395348837
E00171061,89,17,6,11,72,39,33,19.101123595505616,6.741573033707865,12.359550561797752,80.89887640449437,43.82022471910113,37.07865168539326
E00171063,235,20,10,10,215,133,82,8.51063829787234,4.25531914893617,4.25531914893617,91.48936170212765,56.59574468085107,34.8936170212766
E00171065,152,37,14,23,115,82,33,24.342105263157894,9.210526315789473,15.131578947368421,75.6578947368421,53.94736842105263,21.710526315789476
E00171066,112,18,5,13,94,82,12,16.071428571428573,4.464285714285714,11.607142857142858,83.92857142857143,73.21428571428571,10.714285714285714
E00171068,186,28,12,16,158,127,31,15.053763440860216,6.451612903225806,8.60215053763441,84.94623655913979,68.27956989247312,16.666666666666664
E00171069,181,14,10,4,167,118,49,7.734806629834254,5.524861878453039,2.209944751381215,92.26519337016575,65.19337016574586,27.071823204419886
E00171071,204,29,10,19,175,118,57,14.215686274509803,4.901960784313726,9.313725490196079,85.7843137254902,57.84313725490197,27.941176470588236
E00171072,170,17,7,10,153,104,49,10,4.117647058823529,5.88235294117647,90,61.1764705882353,28.823529411764703
E00171074,166,25,11,14,141,100,41,15.060240963855422,6.626506024096386,8.433734939759036,84.93975903614458,60.24096385542169,24.69879518072289
E00171075,193,31,9,22,162,120,42,16.06217616580311,4.66321243523316,11.398963730569948,83.93782383419689,62.17616580310881,21.761658031088082
E00171077,190,25,10,15,165,143,22,13.157894736842104,5.263157894736842,7.894736842105263,86.8421052631579,75.26315789473685,11.578947368421053
E00171079,140,25,13,12,115,92,23,17.857142857142858,9.285714285714286,8.571428571428571,82.14285714285714,65.71428571428571,16.428571428571427
E00171080,57,15,8,7,42,29,13,26.31578947368421,14.035087719298245,12.280701754385964,73.68421052631578,50.877192982456144,22.807017543859647
E00171085,239,40,21,19,199,135,64,16.736401673640167,8.786610878661087,7.949790794979079,83.26359832635984,56.48535564853556,26.778242677824267
E00171086,166,24,9,15,142,100,42,14.457831325301203,5.421686746987952,9.036144578313253,85.54216867469879,60.24096385542169,25.301204819277107
E00171088,130,31,8,23,99,81,18,23.846153846153847,6.153846153846154,17.692307692307693,76.15384615384615,62.30769230769231,13.846153846153847
E00183095,168,66,22,44,102,90,12,39.285714285714285,13.095238095238097,26.190476190476193,60.71428571428571,53.57142857142857,7.142857142857142
E00183096,121,45,19,26,76,55,21,37.1900826446281,15.702479338842975,21.487603305785125,62.8099173553719,45.45454545454545,17.355371900826448
E00183097,240,41,20,21,199,139,60,17.083333333333332,8.333333333333332,8.75,82.91666666666667,57.91666666666667,25
E00183102,280,36,18,18,244,187,57,12.857142857142856,6.428571428571428,6.428571428571428,87.14285714285714,66.78571428571428,20.357142857142858
E00183104,115,30,18,12,85,55,30,26.08695652173913,15.65217391304348,10.434782608695652,73.91304347826086,47.82608695652174,26.08695652173913
E00183105,247,60,25,35,187,146,41,24.291497975708502,10.121457489878543,14.17004048582996,75.7085020242915,59.10931174089069,16.599190283400812
E00183106,204,59,31,28,145,131,14,28.921568627450984,15.196078431372548,13.725490196078432,71.07843137254902,64.2156862745098,6.862745098039216
E00183107,162,24,14,10,138,109,29,14.814814814814813,8.641975308641975,6.172839506172839,85.18518518518519,67.28395061728395,17.901234567901234
E00183110,206,17,9,8,189,150,39,8.25242718446602,4.368932038834951,3.8834951456310676,91.74757281553399,72.81553398058253,18.932038834951456
E00183111,102,28,7,21,74,56,18,27.450980392156865,6.862745098039216,20.588235294117645,72.54901960784314,54.90196078431373,17.647058823529413
E00183112,124,21,5,16,103,87,16,16.93548387096774,4.032258064516129,12.903225806451612,83.06451612903226,70.16129032258065,12.903225806451612
E00183114,231,39,15,24,192,123,69,16.883116883116884,6.493506493506493,10.38961038961039,83.11688311688312,53.246753246753244,29.87012987012987
E00183117,161,19,0,19,142,120,22,11.801242236024844,0,11.801242236024844,88.19875776397515,74.53416149068323,13.664596273291925
E00183119,131,22,10,12,109,87,22,16.793893129770993,7.633587786259542,9.16030534351145,83.20610687022901,66.41221374045801,16.793893129770993
E00183120,247,18,7,11,229,192,37,7.28744939271255,2.834008097165992,4.4534412955465585,92.71255060728745,77.7327935222672,14.979757085020243
E00183121,136,17,8,9,119,101,18,12.5,5.88235294117647,6.61764705882353,87.5,74.26470588235294,13.23529411764706
E00183122,113,11,8,3,102,68,34,9.734513274336283,7.079646017699115,2.6548672566371683,90.2654867256637,60.17699115044248,30.08849557522124
E00183123,127,16,8,8,111,96,15,12.598425196850393,6.299212598425196,6.299212598425196,87.4015748031496,75.59055118110236,11.811023622047244
E00183124,207,20,10,10,187,153,34,9.66183574879227,4.830917874396135,4.830917874396135,90.33816425120773,73.91304347826086,16.425120772946862
E00183127,117,17,8,9,100,82,18,14.529914529914532,6.837606837606838,7.6923076923076925,85.47008547008546,70.08547008547008,15.384615384615385
E00183128,227,42,13,29,185,153,32,18.502202643171806,5.726872246696035,12.77533039647577,81.4977973568282,67.40088105726872,14.096916299559473
E00183129,148,20,11,9,128,101,27,13.513513513513514,7.4324324324324325,6.081081081081082,86.48648648648648,68.24324324324324,18.243243243243242
E00183130,175,16,5,11,159,117,42,9.142857142857142,2.857142857142857,6.2857142857142865,90.85714285714286,66.85714285714286,24
E00183131,182,26,8,18,156,120,36,14.285714285714285,4.395604395604396,9.89010989010989,85.71428571428571,65.93406593406593,19.78021978021978
E00183132,223,45,12,33,178,142,36,20.179372197309416,5.381165919282512,14.798206278026907,79.82062780269058,63.67713004484305,16.143497757847534
E00183133,172,19,14,5,153,111,42,11.046511627906977,8.13953488372093,2.9069767441860463,88.95348837209302,64.53488372093024,24.418604651162788
E00183136,136,23,8,15,113,91,22,16.911764705882355,5.88235294117647,11.029411764705882,83.08823529411765,66.91176470588235,16.176470588235293
E00183137,177,23,9,14,154,101,53,12.994350282485875,5.084745762711865,7.909604519774012,87.00564971751412,57.06214689265536,29.943502824858758
E00183138,121,24,12,12,97,81,16,19.834710743801654,9.917355371900827,9.917355371900827,80.16528925619835,66.94214876033058,13.223140495867769
E00183141,153,13,6,7,140,101,39,8.49673202614379,3.9215686274509802,4.57516339869281,91.50326797385621,66.01307189542483,25.49019607843137
E00183145,139,7,3,4,132,106,26,5.0359712230215825,2.158273381294964,2.877697841726619,94.96402877697841,76.2589928057554,18.705035971223023
E00183146,136,16,5,11,120,83,37,11.76470588235294,3.6764705882352944,8.088235294117647,88.23529411764706,61.029411764705884,27.205882352941174
E00183147,250,52,20,32,198,130,68,20.8,8,12.8,79.2,52,27.200000000000003
E00183149,144,35,19,16,109,78,31,24.305555555555554,13.194444444444445,11.11111111111111,75.69444444444444,54.166666666666664,21.52777777777778
E00183150,194,34,15,19,160,119,41,17.525773195876287,7.731958762886598,9.793814432989691,82.4742268041237,61.34020618556701,21.1340206185567
E00183153,132,23,7,16,109,88,21,17.424242424242426,5.303030303030303,12.121212121212121,82.57575757575758,66.66666666666666,15.909090909090908
E00183154,142,55,26,29,87,76,11,38.732394366197184,18.30985915492958,20.422535211267608,61.267605633802816,53.52112676056338,7.746478873239436
E00183155,160,20,9,11,140,117,23,12.5,5.625,6.875000000000001,87.5,73.125,14.374999999999998
E00183156,209,35,14,21,174,123,51,16.74641148325359,6.698564593301436,10.047846889952153,83.25358851674642,58.85167464114832,24.401913875598087
E00183159,123,32,15,17,91,73,18,26.01626016260163,12.195121951219512,13.821138211382115,73.98373983739837,59.34959349593496,14.634146341463413
E00183161,231,10,3,7,221,162,59,4.329004329004329,1.2987012987012987,3.0303030303030303,95.67099567099568,70.12987012987013,25.541125541125542
E00183162,201,25,11,14,176,139,37,12.437810945273633,5.472636815920398,6.965174129353234,87.56218905472637,69.15422885572139,18.407960199004975
E00183163,136,19,9,10,117,89,28,13.970588235294118,6.61764705882353,7.352941176470589,86.02941176470588,65.44117647058823,20.588235294117645
E00183164,223,36,18,18,187,127,60,16.143497757847534,8.071748878923767,8.071748878923767,83.85650224215246,56.95067264573991,26.905829596412556
E00183166,198,19,12,7,179,92,87,9.595959595959595,6.0606060606060606,3.535353535353535,90.40404040404042,46.464646464646464,43.93939393939394
E00183167,160,63,46,17,97,92,5,39.375,28.749999999999996,10.625,60.62499999999999,57.49999999999999,3.125
E00183169,237,39,25,14,198,149,49,16.455696202531644,10.548523206751055,5.9071729957805905,83.54430379746836,62.869198312236286,20.675105485232066
E00183170,95,16,5,11,79,53,26,16.842105263157894,5.263157894736842,11.578947368421053,83.15789473684211,55.78947368421052,27.368421052631582
E00183171,192,19,8,11,173,126,47,9.895833333333332,4.166666666666666,5.729166666666666,90.10416666666666,65.625,24.479166666666664
E00183173,165,16,2,14,149,112,37,9.696969696969697,1.2121212121212122,8.484848484848486,90.30303030303031,67.87878787878789,22.424242424242426
E00183174,173,16,4,12,157,119,38,9.248554913294797,2.312138728323699,6.9364161849710975,90.7514450867052,68.78612716763006,21.965317919075144
E00183175,155,7,4,3,148,119,29,4.516129032258064,2.5806451612903225,1.935483870967742,95.48387096774194,76.77419354838709,18.70967741935484
E00183176,217,31,11,20,186,143,43,14.285714285714285,5.0691244239631335,9.216589861751153,85.71428571428571,65.89861751152074,19.81566820276498
E00183177,178,23,5,18,155,126,29,12.921348314606742,2.8089887640449436,10.112359550561797,87.07865168539325,70.78651685393258,16.292134831460675
E00183178,222,32,13,19,190,132,58,14.414414414414415,5.8558558558558556,8.558558558558559,85.58558558558559,59.45945945945946,26.126126126126124
E00183179,324,25,8,17,299,242,57,7.716049382716049,2.4691358024691357,5.246913580246913,92.28395061728395,74.69135802469135,17.59259259259259
E00183181,141,30,13,17,111,85,26,21.27659574468085,9.219858156028367,12.056737588652481,78.72340425531915,60.28368794326241,18.439716312056735
E00183183,225,44,17,27,181,149,32,19.555555555555557,7.555555555555555,12,80.44444444444444,66.22222222222223,14.222222222222221
E00183186,174,9,4,5,165,119,46,5.172413793103448,2.2988505747126435,2.8735632183908044,94.82758620689656,68.39080459770115,26.436781609195403
E00183188,201,26,13,13,175,103,72,12.935323383084576,6.467661691542288,6.467661691542288,87.06467661691542,51.243781094527364,35.82089552238806
E00183189,189,21,11,10,168,128,40,11.11111111111111,5.82010582010582,5.291005291005291,88.88888888888889,67.72486772486772,21.164021164021165
E00183190,62,14,5,9,48,36,12,22.58064516129032,8.064516129032258,14.516129032258066,77.41935483870968,58.06451612903226,19.35483870967742
E00183191,211,18,4,14,193,139,54,8.530805687203792,1.8957345971563981,6.6350710900473935,91.4691943127962,65.87677725118483,25.59241706161137
E00183192,131,21,10,11,110,93,17,16.030534351145036,7.633587786259542,8.396946564885496,83.96946564885496,70.99236641221374,12.977099236641221
E00183193,191,19,6,13,172,112,60,9.947643979057592,3.1413612565445024,6.806282722513089,90.0523560209424,58.63874345549738,31.413612565445025
E00183194,217,19,8,11,198,142,56,8.755760368663594,3.686635944700461,5.0691244239631335,91.24423963133641,65.43778801843318,25.806451612903224
E00183195,183,42,18,24,141,107,34,22.950819672131146,9.836065573770492,13.114754098360656,77.04918032786885,58.46994535519126,18.579234972677597
E00183196,162,13,1,12,149,108,41,8.024691358024691,0.6172839506172839,7.4074074074074066,91.9753086419753,66.66666666666666,25.308641975308642
E00183197,155,18,9,9,137,90,47,11.612903225806452,5.806451612903226,5.806451612903226,88.38709677419355,58.06451612903226,30.32258064516129
E00183199,165,32,11,21,133,107,26,19.393939393939394,6.666666666666667,12.727272727272727,80.60606060606061,64.84848484848484,15.757575757575756
E00183200,156,11,8,3,145,101,44,7.051282051282051,5.128205128205128,1.9230769230769231,92.94871794871796,64.74358974358975,28.205128205128204
E00183201,141,12,6,6,129,99,30,8.51063829787234,4.25531914893617,4.25531914893617,91.48936170212765,70.2127659574468,21.27659574468085
E00183202,125,12,8,4,113,93,20,9.6,6.4,3.2,90.4,74.4,16
E00183203,115,40,8,32,75,49,26,34.78260869565217,6.956521739130435,27.82608695652174,65.21739130434783,42.608695652173914,22.608695652173914
E00183204,212,15,5,10,197,153,44,7.0754716981132075,2.358490566037736,4.716981132075472,92.9245283018868,72.16981132075472,20.754716981132077
E00183205,210,23,6,17,187,142,45,10.952380952380953,2.857142857142857,8.095238095238095,89.04761904761904,67.61904761904762,21.428571428571427
E00183206,86,17,7,10,69,42,27,19.767441860465116,8.13953488372093,11.627906976744185,80.23255813953489,48.837209302325576,31.3953488372093
E00183208,196,25,13,12,171,132,39,12.755102040816327,6.63265306122449,6.122448979591836,87.24489795918367,67.3469387755102,19.897959183673468
E00183209,210,20,7,13,190,151,39,9.523809523809524,3.3333333333333335,6.190476190476191,90.47619047619048,71.9047619047619,18.571428571428573
E00183210,485,67,24,43,418,257,161,13.814432989690722,4.948453608247423,8.8659793814433,86.18556701030928,52.98969072164949,33.19587628865979
E00183212,203,16,5,11,187,123,64,7.8817733990147785,2.4630541871921183,5.41871921182266,92.11822660098522,60.591133004926114,31.527093596059114
E00183213,182,17,3,14,165,144,21,9.340659340659341,1.6483516483516485,7.6923076923076925,90.65934065934066,79.12087912087912,11.538461538461538
E00183214,166,34,13,21,132,71,61,20.481927710843372,7.83132530120482,12.650602409638553,79.51807228915662,42.77108433734939,36.74698795180723
E00183217,208,14,6,8,194,161,33,6.730769230769231,2.8846153846153846,3.8461538461538463,93.26923076923077,77.40384615384616,15.865384615384615
E00183218,293,43,22,21,250,146,104,14.675767918088736,7.508532423208192,7.167235494880546,85.32423208191126,49.829351535836174,35.49488054607509
E00183219,164,38,10,28,126,105,21,23.170731707317074,6.097560975609756,17.073170731707318,76.82926829268293,64.02439024390245,12.804878048780488
E00183222,137,16,4,12,121,79,42,11.678832116788321,2.9197080291970803,8.75912408759124,88.32116788321169,57.66423357664233,30.656934306569344
E00190144,200,25,12,13,175,121,54,12.5,6,6.5,87.5,60.5,27
E00190145,210,23,9,14,187,135,52,10.952380952380953,4.285714285714286,6.666666666666667,89.04761904761904,64.28571428571429,24.761904761904763
E00190146,194,17,8,9,177,139,38,8.762886597938143,4.123711340206185,4.639175257731959,91.23711340206185,71.64948453608247,19.587628865979383
