OA,ts0380001,ts0380002,ts0380003,ts0380004,ts0380005,ts0380006,ts0380007,ts0380002_PCT,ts0380003_PCT,ts0380004_PCT,ts0380005_PCT,ts0380006_PCT,ts0380007_PCT
E00007793,346,33,17,16,313,22,291,9.53757225433526,4.913294797687861,4.624277456647398,90.46242774566474,6.358381502890173,84.10404624277457
E00007794,440,63,23,40,377,11,366,14.318181818181818,5.227272727272727,9.090909090909092,85.68181818181819,2.5,83.18181818181817
E00007795,407,39,15,24,368,16,352,9.582309582309582,3.6855036855036856,5.896805896805897,90.41769041769042,3.9312039312039313,86.48648648648648
E00007796,449,53,24,29,396,18,378,11.804008908685969,5.3452115812917596,6.45879732739421,88.19599109131403,4.008908685968819,84.18708240534521
E00007798,323,55,33,22,268,17,251,17.027863777089784,10.21671826625387,6.811145510835913,82.97213622291022,5.263157894736842,77.70897832817337
E00007799,343,45,21,24,298,12,286,13.119533527696792,6.122448979591836,6.997084548104956,86.88046647230321,3.498542274052478,83.38192419825073
E00007800,347,57,24,33,290,13,277,16.42651296829971,6.9164265129683,9.510086455331413,83.5734870317003,3.7463976945244957,79.82708933717579
E00007801,317,55,26,29,262,11,251,17.350157728706623,8.201892744479496,9.14826498422713,82.64984227129337,3.4700315457413247,79.17981072555204
E00007802,355,55,34,21,300,14,286,15.492957746478872,9.577464788732394,5.915492957746479,84.50704225352112,3.943661971830986,80.56338028169014
E00007803,427,56,27,29,371,19,352,13.114754098360656,6.323185011709602,6.791569086651054,86.88524590163934,4.449648711943794,82.43559718969556
E00007804,307,39,20,19,268,10,258,12.703583061889251,6.514657980456026,6.188925081433225,87.29641693811075,3.257328990228013,84.03908794788273
E00007805,367,44,20,24,323,20,303,11.989100817438691,5.449591280653951,6.539509536784741,88.0108991825613,5.449591280653951,82.56130790190736
E00007806,318,41,25,16,277,26,251,12.89308176100629,7.861635220125786,5.031446540880504,87.10691823899371,8.176100628930817,78.9308176100629
E00007807,318,53,20,33,265,9,256,16.666666666666664,6.289308176100629,10.377358490566039,83.33333333333334,2.8301886792452833,80.50314465408806
E00007808,428,29,10,19,399,18,381,6.775700934579438,2.336448598130841,4.439252336448598,93.22429906542055,4.205607476635514,89.01869158878505
E00007809,318,45,24,21,273,21,252,14.150943396226415,7.547169811320755,6.60377358490566,85.84905660377359,6.60377358490566,79.24528301886792
E00007810,292,40,14,26,252,19,233,13.698630136986301,4.794520547945205,8.904109589041095,86.3013698630137,6.506849315068493,79.7945205479452
E00007811,342,63,37,26,279,20,259,18.421052631578945,10.818713450292398,7.602339181286549,81.57894736842105,5.847953216374268,75.73099415204678
E00007812,350,44,23,21,306,19,287,12.571428571428573,6.571428571428571,6,87.42857142857143,5.428571428571429,82
E00007813,446,54,22,32,392,21,371,12.10762331838565,4.932735426008969,7.174887892376682,87.89237668161435,4.708520179372197,83.18385650224215
E00007814,314,42,19,23,272,21,251,13.375796178343949,6.050955414012739,7.32484076433121,86.62420382165605,6.687898089171974,79.93630573248409
E00007815,203,43,19,24,160,6,154,21.182266009852217,9.35960591133005,11.822660098522167,78.81773399014779,2.955665024630542,75.86206896551724
E00007816,268,47,29,18,221,11,210,17.537313432835823,10.820895522388058,6.7164179104477615,82.46268656716418,4.104477611940299,78.35820895522389
E00007817,333,47,23,24,286,21,265,14.114114114114114,6.906906906906906,7.207207207207207,85.88588588588588,6.306306306306306,79.57957957957959
E00007818,325,56,27,29,269,13,256,17.23076923076923,8.307692307692308,8.923076923076923,82.76923076923077,4,78.76923076923077
E00007819,309,53,24,29,256,8,248,17.15210355987055,7.766990291262135,9.385113268608414,82.84789644012946,2.5889967637540456,80.2588996763754
E00007820,477,116,75,41,361,34,327,24.31865828092243,15.723270440251572,8.59538784067086,75.68134171907757,7.127882599580712,68.55345911949685
E00007821,494,52,25,27,442,25,417,10.526315789473683,5.060728744939271,5.465587044534413,89.47368421052632,5.060728744939271,84.41295546558705
E00007822,296,66,40,26,230,10,220,22.2972972972973,13.513513513513514,8.783783783783784,77.7027027027027,3.3783783783783785,74.32432432432432
E00007823,351,69,34,35,282,13,269,19.65811965811966,9.686609686609685,9.971509971509972,80.34188034188034,3.7037037037037033,76.63817663817663
E00007824,334,79,38,41,255,21,234,23.652694610778443,11.377245508982035,12.275449101796406,76.34730538922156,6.287425149700598,70.05988023952095
E00007825,583,96,41,55,487,20,467,16.466552315608922,7.0325900514579764,9.433962264150944,83.53344768439108,3.430531732418525,80.10291595197255
E00007826,342,47,27,20,295,14,281,13.742690058479532,7.894736842105263,5.847953216374268,86.25730994152046,4.093567251461988,82.16374269005848
E00007827,361,41,25,16,320,15,305,11.357340720221606,6.9252077562326875,4.43213296398892,88.64265927977839,4.1551246537396125,84.48753462603878
E00007828,363,60,25,35,303,14,289,16.528925619834713,6.887052341597796,9.641873278236915,83.47107438016529,3.8567493112947657,79.61432506887053
E00007829,409,51,27,24,358,12,346,12.469437652811736,6.601466992665037,5.8679706601467,87.53056234718827,2.93398533007335,84.59657701711491
E00007830,392,71,37,34,321,13,308,18.112244897959183,9.438775510204081,8.673469387755102,81.88775510204081,3.316326530612245,78.57142857142857
E00007831,310,41,22,19,269,8,261,13.225806451612904,7.096774193548387,6.129032258064516,86.7741935483871,2.5806451612903225,84.19354838709677
E00007832,293,46,28,18,247,13,234,15.699658703071673,9.556313993174061,6.143344709897611,84.30034129692832,4.436860068259386,79.86348122866895
E00007833,322,47,26,21,275,15,260,14.596273291925465,8.074534161490684,6.521739130434782,85.40372670807453,4.658385093167702,80.74534161490683
E00007834,350,87,60,27,263,12,251,24.857142857142858,17.142857142857142,7.7142857142857135,75.14285714285714,3.428571428571429,71.71428571428572
E00007835,363,57,28,29,306,19,287,15.702479338842975,7.7134986225895315,7.988980716253444,84.29752066115702,5.234159779614325,79.06336088154269
E00007836,288,48,18,30,240,8,232,16.666666666666664,6.25,10.416666666666668,83.33333333333334,2.7777777777777777,80.55555555555556
E00007837,431,50,23,27,381,11,370,11.600928074245939,5.336426914153132,6.2645011600928076,88.39907192575406,2.5522041763341066,85.84686774941996
E00007838,306,53,29,24,253,15,238,17.320261437908496,9.477124183006536,7.8431372549019605,82.6797385620915,4.901960784313726,77.77777777777779
E00007839,235,33,11,22,202,14,188,14.042553191489363,4.680851063829787,9.361702127659575,85.95744680851064,5.957446808510639,80
E00007840,257,37,15,22,220,18,202,14.396887159533073,5.836575875486381,8.560311284046692,85.60311284046692,7.003891050583658,78.59922178988327
E00007841,171,41,17,24,130,11,119,23.976608187134502,9.941520467836257,14.035087719298245,76.0233918128655,6.432748538011696,69.5906432748538
E00007842,224,46,17,29,178,12,166,20.535714285714285,7.5892857142857135,12.946428571428573,79.46428571428571,5.357142857142857,74.10714285714286
E00007843,284,40,14,26,244,20,224,14.084507042253522,4.929577464788732,9.15492957746479,85.91549295774648,7.042253521126761,78.87323943661971
E00007844,299,32,8,24,267,20,247,10.702341137123746,2.6755852842809364,8.02675585284281,89.29765886287625,6.688963210702341,82.6086956521739
E00007845,265,33,13,20,232,28,204,12.452830188679245,4.905660377358491,7.547169811320755,87.54716981132076,10.566037735849058,76.9811320754717
E00007846,227,18,8,10,209,10,199,7.929515418502203,3.524229074889868,4.405286343612335,92.07048458149781,4.405286343612335,87.66519823788546
E00007847,237,22,8,14,215,25,190,9.282700421940929,3.375527426160337,5.9071729957805905,90.71729957805907,10.548523206751055,80.16877637130801
E00007848,266,40,18,22,226,12,214,15.037593984962406,6.7669172932330826,8.270676691729323,84.9624060150376,4.511278195488721,80.45112781954887
E00007849,273,58,29,29,215,9,206,21.245421245421245,10.622710622710622,10.622710622710622,78.75457875457876,3.296703296703297,75.45787545787546
E00007850,240,29,9,20,211,23,188,12.083333333333334,3.75,8.333333333333332,87.91666666666667,9.583333333333334,78.33333333333333
E00007851,301,45,12,33,256,25,231,14.950166112956811,3.9867109634551494,10.96345514950166,85.04983388704319,8.305647840531561,76.74418604651163
E00007852,317,73,47,26,244,30,214,23.02839116719243,14.826498422712934,8.201892744479496,76.97160883280758,9.46372239747634,67.50788643533123
E00007853,434,67,31,36,367,17,350,15.43778801843318,7.142857142857142,8.294930875576037,84.56221198156682,3.9170506912442393,80.64516129032258
E00007854,193,21,7,14,172,20,152,10.880829015544041,3.6269430051813467,7.253886010362693,89.11917098445595,10.362694300518134,78.75647668393782
E00007855,265,45,18,27,220,9,211,16.9811320754717,6.7924528301886795,10.18867924528302,83.01886792452831,3.3962264150943398,79.62264150943396
E00007856,260,42,17,25,218,19,199,16.153846153846153,6.538461538461539,9.615384615384617,83.84615384615385,7.307692307692308,76.53846153846153
E00007857,263,51,19,32,212,22,190,19.39163498098859,7.224334600760455,12.167300380228136,80.6083650190114,8.365019011406844,72.24334600760456
E00007858,256,28,10,18,228,17,211,10.9375,3.90625,7.03125,89.0625,6.640625,82.421875
E00007859,232,30,10,20,202,14,188,12.931034482758621,4.310344827586207,8.620689655172415,87.06896551724138,6.0344827586206895,81.03448275862068
E00007860,275,45,16,29,230,23,207,16.363636363636363,5.818181818181818,10.545454545454545,83.63636363636363,8.363636363636363,75.27272727272727
E00007861,206,17,7,10,189,15,174,8.25242718446602,3.3980582524271843,4.854368932038835,91.74757281553399,7.281553398058252,84.46601941747572
E00007862,291,45,20,25,246,22,224,15.463917525773196,6.872852233676976,8.59106529209622,84.5360824742268,7.560137457044673,76.97594501718214
E00007863,189,38,16,22,151,13,138,20.105820105820104,8.465608465608465,11.64021164021164,79.8941798941799,6.878306878306878,73.01587301587301
E00007865,272,48,18,30,224,22,202,17.647058823529413,6.61764705882353,11.029411764705882,82.35294117647058,8.088235294117647,74.26470588235294
E00007866,316,28,8,20,288,39,249,8.860759493670885,2.5316455696202533,6.329113924050633,91.13924050632912,12.341772151898734,78.79746835443038
E00007867,214,34,15,19,180,10,170,15.887850467289718,7.009345794392523,8.878504672897195,84.11214953271028,4.672897196261682,79.43925233644859
E00007869,215,30,13,17,185,12,173,13.953488372093023,6.046511627906977,7.906976744186046,86.04651162790698,5.5813953488372094,80.46511627906978
E00007870,258,34,16,18,224,17,207,13.178294573643413,6.2015503875969,6.976744186046512,86.82170542635659,6.5891472868217065,80.23255813953489
E00007871,292,46,18,28,246,29,217,15.753424657534246,6.164383561643835,9.58904109589041,84.24657534246576,9.931506849315069,74.31506849315068
E00007872,297,32,14,18,265,20,245,10.774410774410773,4.713804713804714,6.0606060606060606,89.22558922558923,6.7340067340067336,82.49158249158249
E00007873,197,27,6,21,170,20,150,13.705583756345177,3.0456852791878175,10.65989847715736,86.29441624365482,10.152284263959391,76.14213197969542
E00007874,204,75,40,35,129,13,116,36.76470588235294,19.607843137254903,17.15686274509804,63.23529411764706,6.372549019607843,56.86274509803921
E00007875,220,22,5,17,198,19,179,10,2.272727272727273,7.727272727272727,90,8.636363636363637,81.36363636363636
E00007876,269,45,24,21,224,16,208,16.728624535315987,8.921933085501859,7.806691449814126,83.27137546468401,5.947955390334572,77.32342007434944
E00007877,261,59,33,26,202,7,195,22.60536398467433,12.643678160919542,9.961685823754788,77.39463601532567,2.681992337164751,74.71264367816092
E00007878,346,27,7,20,319,27,292,7.803468208092486,2.023121387283237,5.780346820809249,92.1965317919075,7.803468208092486,84.39306358381504
E00007879,187,33,17,16,154,19,135,17.647058823529413,9.090909090909092,8.55614973262032,82.35294117647058,10.16042780748663,72.19251336898395
E00007880,158,27,12,15,131,9,122,17.088607594936708,7.59493670886076,9.49367088607595,82.91139240506328,5.69620253164557,77.21518987341773
E00007881,319,50,12,38,269,19,250,15.673981191222571,3.761755485893417,11.912225705329153,84.32601880877742,5.956112852664576,78.36990595611285
E00007882,258,31,14,17,227,20,207,12.015503875968992,5.426356589147287,6.5891472868217065,87.98449612403101,7.751937984496124,80.23255813953489
E00007883,236,21,4,17,215,19,196,8.898305084745763,1.694915254237288,7.203389830508475,91.10169491525424,8.050847457627118,83.05084745762711
E00007884,293,34,6,28,259,18,241,11.604095563139932,2.04778156996587,9.556313993174061,88.39590443686008,6.143344709897611,82.25255972696246
E00007885,295,45,19,26,250,20,230,15.254237288135593,6.440677966101695,8.813559322033898,84.7457627118644,6.779661016949152,77.96610169491525
E00007886,215,30,7,23,185,18,167,13.953488372093023,3.255813953488372,10.69767441860465,86.04651162790698,8.372093023255815,77.67441860465117
E00007887,323,36,9,27,287,18,269,11.145510835913312,2.786377708978328,8.359133126934983,88.85448916408669,5.572755417956656,83.28173374613003
E00007888,244,33,12,21,211,14,197,13.524590163934427,4.918032786885246,8.60655737704918,86.47540983606558,5.737704918032787,80.73770491803278
E00007889,268,27,13,14,241,20,221,10.074626865671641,4.850746268656716,5.223880597014925,89.92537313432835,7.462686567164178,82.46268656716418
E00007890,310,76,41,35,234,18,216,24.516129032258064,13.225806451612904,11.29032258064516,75.48387096774194,5.806451612903226,69.6774193548387
E00007891,458,79,52,27,379,13,366,17.248908296943235,11.353711790393014,5.895196506550218,82.75109170305677,2.8384279475982535,79.91266375545851
E00007892,289,43,16,27,246,15,231,14.878892733564014,5.536332179930796,9.342560553633218,85.12110726643598,5.190311418685121,79.93079584775087
E00007893,305,44,16,28,261,24,237,14.426229508196723,5.245901639344262,9.180327868852459,85.57377049180329,7.868852459016394,77.70491803278688
E00007894,304,41,20,21,263,24,239,13.486842105263158,6.578947368421052,6.907894736842106,86.51315789473685,7.894736842105263,78.61842105263158
E00007895,387,84,41,43,303,19,284,21.705426356589147,10.594315245478036,11.11111111111111,78.29457364341084,4.909560723514212,73.38501291989664
E00007896,263,37,16,21,226,8,218,14.068441064638785,6.083650190114068,7.984790874524715,85.93155893536122,3.041825095057034,82.88973384030417
E00007897,275,65,33,32,210,17,193,23.636363636363637,12,11.636363636363637,76.36363636363637,6.181818181818182,70.18181818181817
E00007898,279,72,30,42,207,12,195,25.806451612903224,10.75268817204301,15.053763440860216,74.19354838709677,4.301075268817205,69.89247311827957
E00007899,238,39,18,21,199,20,179,16.386554621848738,7.563025210084033,8.823529411764707,83.61344537815127,8.403361344537815,75.21008403361344
E00007900,377,55,20,35,322,19,303,14.588859416445624,5.305039787798409,9.283819628647215,85.41114058355438,5.039787798408488,80.37135278514589
E00007901,230,38,14,24,192,20,172,16.52173913043478,6.086956521739131,10.434782608695652,83.47826086956522,8.695652173913043,74.78260869565217
E00007902,363,127,87,40,236,23,213,34.9862258953168,23.96694214876033,11.019283746556475,65.0137741046832,6.336088154269973,58.67768595041323
E00007903,361,68,31,37,293,16,277,18.83656509695291,8.587257617728532,10.249307479224377,81.16343490304709,4.43213296398892,76.73130193905817
E00007904,364,73,32,41,291,20,271,20.054945054945055,8.791208791208792,11.263736263736265,79.94505494505495,5.4945054945054945,74.45054945054946
E00007905,322,49,23,26,273,20,253,15.217391304347828,7.142857142857142,8.074534161490684,84.78260869565217,6.211180124223603,78.57142857142857
E00007906,345,49,19,30,296,8,288,14.202898550724639,5.507246376811594,8.695652173913043,85.79710144927536,2.318840579710145,83.47826086956522
E00007907,357,35,13,22,322,29,293,9.803921568627452,3.6414565826330536,6.162464985994398,90.19607843137256,8.123249299719888,82.07282913165265
E00007908,339,57,18,39,282,24,258,16.8141592920354,5.3097345132743365,11.504424778761061,83.1858407079646,7.079646017699115,76.10619469026548
E00007909,439,33,10,23,406,44,362,7.517084282460136,2.277904328018223,5.239179954441914,92.48291571753985,10.022779043280181,82.46013667425967
E00007910,312,28,12,16,284,29,255,8.974358974358974,3.8461538461538463,5.128205128205128,91.02564102564102,9.294871794871796,81.73076923076923
E00007912,326,32,13,19,294,13,281,9.815950920245399,3.9877300613496933,5.828220858895705,90.1840490797546,3.9877300613496933,86.1963190184049
E00007913,196,41,18,23,155,11,144,20.918367346938776,9.183673469387756,11.73469387755102,79.08163265306123,5.612244897959184,73.46938775510205
E00007914,345,39,14,25,306,21,285,11.304347826086957,4.057971014492753,7.246376811594203,88.69565217391305,6.086956521739131,82.6086956521739
E00007915,398,59,29,30,339,22,317,14.824120603015075,7.2864321608040195,7.537688442211055,85.17587939698493,5.527638190954774,79.64824120603015
E00007916,334,50,23,27,284,15,269,14.97005988023952,6.88622754491018,8.08383233532934,85.02994011976048,4.491017964071856,80.53892215568862
E00007917,383,57,27,30,326,29,297,14.882506527415144,7.049608355091384,7.83289817232376,85.11749347258485,7.5718015665796345,77.54569190600522
E00007918,435,66,28,38,369,12,357,15.172413793103448,6.436781609195402,8.735632183908045,84.82758620689656,2.7586206896551726,82.06896551724138
E00007919,534,71,32,39,463,20,443,13.295880149812733,5.992509363295881,7.303370786516854,86.70411985018727,3.7453183520599254,82.95880149812734
E00007920,249,25,10,15,224,20,204,10.040160642570282,4.016064257028113,6.024096385542169,89.95983935742971,8.032128514056225,81.92771084337349
E00007921,376,51,20,31,325,32,293,13.563829787234042,5.319148936170213,8.24468085106383,86.43617021276596,8.51063829787234,77.92553191489363
E00007922,245,37,14,23,208,23,185,15.10204081632653,5.714285714285714,9.387755102040817,84.89795918367346,9.387755102040817,75.51020408163265
E00007923,363,52,21,31,311,7,304,14.325068870523417,5.785123966942149,8.539944903581267,85.67493112947659,1.9283746556473829,83.7465564738292
E00007924,311,46,21,25,265,28,237,14.790996784565916,6.752411575562702,8.038585209003216,85.20900321543408,9.003215434083602,76.20578778135048
E00007925,375,56,24,32,319,15,304,14.933333333333335,6.4,8.533333333333333,85.06666666666666,4,81.06666666666666
E00007926,320,41,13,28,279,20,259,12.812499999999998,4.0625,8.75,87.1875,6.25,80.9375
E00007927,574,104,47,57,470,30,440,18.118466898954704,8.188153310104529,9.930313588850174,81.8815331010453,5.2264808362369335,76.65505226480836
E00007928,335,68,28,40,267,24,243,20.298507462686565,8.358208955223882,11.940298507462686,79.70149253731343,7.164179104477612,72.53731343283583
E00007929,386,60,31,29,326,16,310,15.544041450777202,8.031088082901555,7.512953367875648,84.4559585492228,4.145077720207254,80.31088082901555
E00007930,363,55,20,35,308,29,279,15.151515151515152,5.5096418732782375,9.641873278236915,84.84848484848484,7.988980716253444,76.85950413223141
E00007931,381,47,18,29,334,18,316,12.335958005249344,4.724409448818897,7.611548556430446,87.66404199475065,4.724409448818897,82.93963254593176
E00007932,335,65,43,22,270,19,251,19.402985074626866,12.835820895522387,6.567164179104477,80.59701492537313,5.6716417910447765,74.92537313432835
E00007933,383,65,31,34,318,26,292,16.971279373368144,8.093994778067886,8.87728459530026,83.02872062663185,6.7885117493472595,76.2402088772846
E00007934,310,59,26,33,251,14,237,19.032258064516128,8.38709677419355,10.64516129032258,80.96774193548387,4.516129032258064,76.45161290322581
E00007935,329,45,18,27,284,23,261,13.677811550151976,5.47112462006079,8.206686930091186,86.32218844984803,6.990881458966565,79.33130699088146
E00007936,357,42,19,23,315,17,298,11.76470588235294,5.322128851540616,6.442577030812324,88.23529411764706,4.761904761904762,83.4733893557423
E00007937,344,48,23,25,296,19,277,13.953488372093023,6.686046511627906,7.267441860465117,86.04651162790698,5.523255813953488,80.52325581395348
E00007938,237,45,22,23,192,17,175,18.9873417721519,9.282700421940929,9.70464135021097,81.0126582278481,7.172995780590717,73.83966244725738
E00007939,301,46,12,34,255,21,234,15.282392026578073,3.9867109634551494,11.295681063122924,84.71760797342192,6.976744186046512,77.74086378737542
E00007940,266,31,14,17,235,15,220,11.654135338345863,5.263157894736842,6.390977443609022,88.34586466165413,5.639097744360902,82.70676691729322
E00007941,323,44,19,25,279,18,261,13.622291021671826,5.88235294117647,7.739938080495357,86.37770897832817,5.572755417956656,80.80495356037152
E00007942,356,42,19,23,314,15,299,11.797752808988763,5.337078651685393,6.460674157303371,88.20224719101124,4.213483146067416,83.98876404494382
E00007943,249,47,26,21,202,18,184,18.87550200803213,10.441767068273093,8.433734939759036,81.12449799196787,7.228915662650602,73.89558232931726
E00007944,300,41,13,28,259,16,243,13.666666666666666,4.333333333333334,9.333333333333334,86.33333333333333,5.333333333333334,81
E00007945,294,42,21,21,252,19,233,14.285714285714285,7.142857142857142,7.142857142857142,85.71428571428571,6.462585034013606,79.25170068027211
E00007946,378,46,12,34,332,19,313,12.16931216931217,3.1746031746031744,8.994708994708994,87.83068783068782,5.026455026455026,82.8042328042328
E00007947,356,40,19,21,316,24,292,11.235955056179774,5.337078651685393,5.8988764044943816,88.76404494382022,6.741573033707865,82.02247191011236
E00007948,303,47,16,31,256,18,238,15.51155115511551,5.2805280528052805,10.231023102310232,84.48844884488449,5.9405940594059405,78.54785478547855
E00007949,310,41,23,18,269,22,247,13.225806451612904,7.419354838709677,5.806451612903226,86.7741935483871,7.096774193548387,79.6774193548387
E00007950,276,43,20,23,233,16,217,15.579710144927535,7.246376811594203,8.333333333333332,84.42028985507247,5.797101449275362,78.62318840579711
E00007951,267,35,3,32,232,15,217,13.108614232209737,1.1235955056179776,11.985018726591761,86.89138576779027,5.617977528089887,81.27340823970037
E00007952,282,59,27,32,223,13,210,20.921985815602838,9.574468085106384,11.347517730496454,79.07801418439716,4.609929078014184,74.46808510638297
E00007953,328,67,44,23,261,16,245,20.426829268292682,13.414634146341465,7.01219512195122,79.57317073170732,4.878048780487805,74.6951219512195
E00007954,361,51,24,27,310,21,289,14.127423822714682,6.64819944598338,7.479224376731302,85.87257617728532,5.8171745152354575,80.05540166204986
E00007955,320,50,23,27,270,21,249,15.625,7.187499999999999,8.4375,84.375,6.5625,77.8125
E00007956,382,76,44,32,306,18,288,19.895287958115183,11.518324607329843,8.37696335078534,80.10471204188482,4.712041884816754,75.39267015706807
E00007957,366,104,79,25,262,20,242,28.415300546448087,21.584699453551913,6.830601092896176,71.58469945355192,5.46448087431694,66.12021857923497
E00007958,379,106,65,41,273,16,257,27.96833773087071,17.150395778364118,10.817941952506596,72.0316622691293,4.221635883905013,67.81002638522428
E00007959,308,21,8,13,287,25,262,6.8181818181818175,2.5974025974025974,4.220779220779221,93.18181818181817,8.116883116883116,85.06493506493507
E00007960,357,64,32,32,293,28,265,17.92717086834734,8.96358543417367,8.96358543417367,82.07282913165265,7.8431372549019605,74.2296918767507
E00007961,319,38,9,29,281,15,266,11.912225705329153,2.8213166144200628,9.090909090909092,88.08777429467085,4.702194357366771,83.38557993730407
E00007962,266,31,15,16,235,20,215,11.654135338345863,5.639097744360902,6.015037593984962,88.34586466165413,7.518796992481203,80.82706766917293
E00007963,476,54,22,32,422,28,394,11.344537815126051,4.621848739495799,6.722689075630252,88.65546218487394,5.88235294117647,82.77310924369748
E00007964,267,21,9,12,246,17,229,7.865168539325842,3.3707865168539324,4.49438202247191,92.13483146067416,6.367041198501873,85.76779026217228
E00007965,269,62,30,32,207,16,191,23.04832713754647,11.152416356877323,11.895910780669144,76.95167286245353,5.947955390334572,71.00371747211895
E00007966,336,33,16,17,303,25,278,9.821428571428571,4.761904761904762,5.059523809523809,90.17857142857143,7.440476190476191,82.73809523809523
E00007967,353,48,20,28,305,18,287,13.59773371104816,5.6657223796034,7.932011331444759,86.40226628895185,5.099150141643059,81.30311614730878
E00007968,246,77,35,42,169,16,153,31.300813008130078,14.227642276422763,17.073170731707318,68.69918699186992,6.504065040650407,62.19512195121951
E00007969,376,52,26,26,324,20,304,13.829787234042554,6.914893617021277,6.914893617021277,86.17021276595744,5.319148936170213,80.85106382978722
E00007970,324,73,40,33,251,9,242,22.530864197530864,12.345679012345679,10.185185185185185,77.46913580246914,2.7777777777777777,74.69135802469135
E00007971,287,48,31,17,239,11,228,16.72473867595819,10.801393728222997,5.923344947735192,83.27526132404182,3.8327526132404177,79.44250871080139
E00007972,298,55,28,27,243,16,227,18.456375838926174,9.395973154362416,9.060402684563758,81.54362416107382,5.369127516778524,76.1744966442953
E00007973,305,43,16,27,262,19,243,14.098360655737704,5.245901639344262,8.852459016393443,85.90163934426229,6.229508196721312,79.67213114754098
E00007974,196,59,21,38,137,11,126,30.102040816326532,10.714285714285714,19.387755102040817,69.89795918367348,5.612244897959184,64.28571428571429
E00007975,282,42,21,21,240,24,216,14.893617021276595,7.446808510638298,7.446808510638298,85.1063829787234,8.51063829787234,76.59574468085107
E00007976,244,48,18,30,196,18,178,19.672131147540984,7.377049180327869,12.295081967213115,80.32786885245902,7.377049180327869,72.95081967213115
E00007977,317,42,16,26,275,23,252,13.249211356466878,5.047318611987381,8.201892744479496,86.75078864353313,7.255520504731862,79.49526813880126
E00007978,285,27,8,19,258,21,237,9.473684210526317,2.807017543859649,6.666666666666667,90.52631578947368,7.368421052631578,83.15789473684211
E00007979,323,48,12,36,275,14,261,14.860681114551083,3.7151702786377707,11.145510835913312,85.13931888544892,4.3343653250774,80.80495356037152
E00007980,320,29,6,23,291,15,276,9.0625,1.875,7.187499999999999,90.9375,4.6875,86.25
E00007981,385,47,23,24,338,19,319,12.207792207792208,5.974025974025974,6.233766233766234,87.79220779220779,4.935064935064935,82.85714285714286
E00007982,290,52,20,32,238,19,219,17.93103448275862,6.896551724137931,11.03448275862069,82.06896551724138,6.551724137931035,75.51724137931033
E00007983,365,42,14,28,323,22,301,11.506849315068493,3.8356164383561646,7.671232876712329,88.4931506849315,6.027397260273973,82.46575342465754
E00007984,266,47,19,28,219,17,202,17.669172932330827,7.142857142857142,10.526315789473683,82.33082706766918,6.390977443609022,75.93984962406014
E00007985,353,48,16,32,305,23,282,13.59773371104816,4.53257790368272,9.06515580736544,86.40226628895185,6.515580736543909,79.88668555240793
E00007986,314,32,14,18,282,13,269,10.191082802547772,4.45859872611465,5.7324840764331215,89.80891719745223,4.140127388535031,85.6687898089172
E00007987,366,51,21,30,315,29,286,13.934426229508196,5.737704918032787,8.19672131147541,86.0655737704918,7.923497267759563,78.14207650273224
E00007988,279,49,23,26,230,22,208,17.562724014336915,8.24372759856631,9.31899641577061,82.43727598566308,7.885304659498208,74.55197132616487
E00007989,228,49,25,24,179,19,160,21.49122807017544,10.964912280701753,10.526315789473683,78.50877192982456,8.333333333333332,70.17543859649122
E00007990,227,48,24,24,179,18,161,21.145374449339208,10.572687224669604,10.572687224669604,78.8546255506608,7.929515418502203,70.92511013215858
E00007991,217,43,19,24,174,14,160,19.81566820276498,8.755760368663594,11.059907834101383,80.18433179723502,6.451612903225806,73.73271889400922
E00007992,270,35,13,22,235,17,218,12.962962962962962,4.814814814814815,8.148148148148149,87.03703703703704,6.296296296296296,80.74074074074075
E00007993,387,45,14,31,342,26,316,11.627906976744185,3.6175710594315245,8.010335917312661,88.37209302325581,6.718346253229974,81.65374677002583
E00007994,292,56,26,30,236,32,204,19.17808219178082,8.904109589041095,10.273972602739725,80.82191780821918,10.95890410958904,69.86301369863014
E00007995,418,55,17,38,363,23,340,13.157894736842104,4.0669856459330145,9.090909090909092,86.8421052631579,5.502392344497608,81.3397129186603
E00007996,289,46,16,30,243,24,219,15.916955017301039,5.536332179930796,10.380622837370241,84.08304498269896,8.304498269896193,75.77854671280276
E00007997,242,57,28,29,185,12,173,23.553719008264462,11.570247933884298,11.983471074380166,76.44628099173553,4.958677685950414,71.48760330578511
E00007998,285,50,24,26,235,16,219,17.543859649122805,8.421052631578947,9.12280701754386,82.45614035087719,5.614035087719298,76.84210526315789
E00007999,367,48,16,32,319,23,296,13.079019073569482,4.35967302452316,8.71934604904632,86.92098092643052,6.267029972752043,80.65395095367847
E00008000,325,45,15,30,280,20,260,13.846153846153847,4.615384615384616,9.230769230769232,86.15384615384616,6.153846153846154,80
E00008001,310,48,19,29,262,23,239,15.483870967741936,6.129032258064516,9.35483870967742,84.51612903225806,7.419354838709677,77.09677419354838
E00008002,294,49,16,33,245,15,230,16.666666666666664,5.442176870748299,11.224489795918368,83.33333333333334,5.1020408163265305,78.2312925170068
E00008003,269,41,22,19,228,15,213,15.241635687732341,8.178438661710038,7.063197026022305,84.75836431226766,5.5762081784386615,79.182156133829
E00008004,396,54,18,36,342,34,308,13.636363636363635,4.545454545454546,9.090909090909092,86.36363636363636,8.585858585858585,77.77777777777779
E00008005,288,31,8,23,257,17,240,10.76388888888889,2.7777777777777777,7.986111111111111,89.23611111111111,5.902777777777778,83.33333333333334
E00008006,430,59,31,28,371,31,340,13.72093023255814,7.209302325581396,6.511627906976744,86.27906976744187,7.209302325581396,79.06976744186046
E00008007,287,55,27,28,232,15,217,19.16376306620209,9.40766550522648,9.75609756097561,80.8362369337979,5.2264808362369335,75.60975609756098
E00008008,364,52,22,30,312,30,282,14.285714285714285,6.043956043956044,8.241758241758241,85.71428571428571,8.241758241758241,77.47252747252747
E00008009,322,31,12,19,291,15,276,9.627329192546584,3.7267080745341614,5.900621118012422,90.37267080745342,4.658385093167702,85.71428571428571
E00008010,325,67,25,42,258,12,246,20.615384615384617,7.6923076923076925,12.923076923076923,79.38461538461539,3.6923076923076925,75.6923076923077
E00008011,229,61,37,24,168,17,151,26.637554585152838,16.157205240174672,10.480349344978166,73.36244541484717,7.423580786026202,65.93886462882097
E00008012,369,35,15,20,334,27,307,9.48509485094851,4.0650406504065035,5.420054200542006,90.5149051490515,7.317073170731707,83.19783197831978
E00008013,323,35,14,21,288,31,257,10.8359133126935,4.3343653250774,6.5015479876160995,89.1640866873065,9.597523219814242,79.56656346749226
E00008014,332,33,8,25,299,30,269,9.939759036144578,2.4096385542168677,7.530120481927711,90.06024096385542,9.036144578313253,81.02409638554217
E00008015,309,34,7,27,275,25,250,11.003236245954692,2.26537216828479,8.737864077669903,88.9967637540453,8.090614886731391,80.90614886731392
E00008016,381,40,18,22,341,32,309,10.498687664041995,4.724409448818897,5.774278215223097,89.501312335958,8.398950131233596,81.10236220472441
E00008017,347,70,28,42,277,17,260,20.172910662824208,8.069164265129682,12.103746397694524,79.82708933717579,4.899135446685879,74.92795389048992
E00008019,363,60,27,33,303,9,294,16.528925619834713,7.43801652892562,9.090909090909092,83.47107438016529,2.479338842975207,80.99173553719008
E00008020,316,63,19,44,253,22,231,19.936708860759495,6.012658227848101,13.924050632911392,80.0632911392405,6.962025316455696,73.10126582278481
E00008021,378,56,24,32,322,25,297,14.814814814814813,6.349206349206349,8.465608465608465,85.18518518518519,6.613756613756613,78.57142857142857
E00008022,379,72,33,39,307,19,288,18.997361477572557,8.70712401055409,10.29023746701847,81.00263852242745,5.013192612137203,75.98944591029023
E00008023,415,73,30,43,342,16,326,17.59036144578313,7.228915662650602,10.361445783132531,82.40963855421687,3.8554216867469884,78.55421686746989
E00008024,254,44,18,26,210,13,197,17.322834645669293,7.086614173228346,10.236220472440944,82.67716535433071,5.118110236220472,77.55905511811024
E00008025,222,21,6,15,201,26,175,9.45945945945946,2.7027027027027026,6.756756756756757,90.54054054054053,11.711711711711711,78.82882882882883
E00008026,238,60,25,35,178,11,167,25.210084033613445,10.504201680672269,14.705882352941178,74.78991596638656,4.621848739495799,70.16806722689076
E00008027,208,33,15,18,175,13,162,15.865384615384615,7.211538461538461,8.653846153846153,84.13461538461539,6.25,77.88461538461539
E00008028,253,58,33,25,195,12,183,22.92490118577075,13.043478260869565,9.881422924901186,77.07509881422925,4.743083003952568,72.33201581027669
E00008030,298,49,26,23,249,29,220,16.44295302013423,8.724832214765101,7.718120805369128,83.55704697986577,9.731543624161073,73.8255033557047
E00008033,310,49,30,19,261,22,239,15.806451612903224,9.67741935483871,6.129032258064516,84.19354838709677,7.096774193548387,77.09677419354838
E00008035,236,60,23,37,176,6,170,25.423728813559322,9.745762711864407,15.677966101694915,74.57627118644068,2.5423728813559325,72.03389830508475
E00008036,262,41,21,20,221,10,211,15.648854961832063,8.015267175572518,7.633587786259542,84.35114503816794,3.816793893129771,80.53435114503816
E00008037,395,61,22,39,334,19,315,15.443037974683543,5.5696202531645564,9.873417721518987,84.55696202531645,4.810126582278481,79.74683544303798
E00008038,582,66,25,41,516,26,490,11.34020618556701,4.29553264604811,7.0446735395189,88.65979381443299,4.4673539518900345,84.19243986254295
E00008039,368,69,33,36,299,17,282,18.75,8.967391304347826,9.782608695652174,81.25,4.619565217391304,76.63043478260869
E00008040,469,45,16,29,424,20,404,9.594882729211088,3.411513859275053,6.183368869936034,90.40511727078892,4.264392324093817,86.14072494669509
E00008041,324,34,12,22,290,37,253,10.493827160493826,3.7037037037037033,6.790123456790123,89.50617283950618,11.419753086419753,78.08641975308642
E00008042,265,46,20,26,219,21,198,17.358490566037734,7.547169811320755,9.811320754716983,82.64150943396227,7.9245283018867925,74.71698113207546
E00008043,324,41,20,21,283,16,267,12.654320987654321,6.172839506172839,6.481481481481481,87.34567901234568,4.938271604938271,82.4074074074074
E00008044,311,54,23,31,257,11,246,17.363344051446948,7.395498392282958,9.967845659163988,82.63665594855306,3.536977491961415,79.09967845659163
E00008045,285,45,16,29,240,23,217,15.789473684210526,5.614035087719298,10.175438596491228,84.21052631578947,8.070175438596491,76.14035087719299
E00008046,218,35,13,22,183,18,165,16.055045871559635,5.963302752293578,10.091743119266056,83.94495412844036,8.256880733944955,75.68807339449542
E00008047,306,55,24,31,251,19,232,17.973856209150327,7.8431372549019605,10.130718954248366,82.02614379084967,6.209150326797386,75.81699346405229
E00008048,267,40,17,23,227,20,207,14.981273408239701,6.367041198501873,8.614232209737828,85.0187265917603,7.490636704119851,77.52808988764045
E00008049,484,60,21,39,424,27,397,12.396694214876034,4.338842975206612,8.057851239669422,87.60330578512396,5.578512396694215,82.02479338842976
E00008050,295,41,13,28,254,21,233,13.898305084745763,4.406779661016949,9.491525423728813,86.10169491525423,7.118644067796611,78.98305084745762
E00008051,302,50,21,29,252,11,241,16.55629139072848,6.95364238410596,9.602649006622517,83.44370860927152,3.642384105960265,79.80132450331125
E00008052,341,42,21,21,299,20,279,12.316715542521994,6.158357771260997,6.158357771260997,87.68328445747801,5.865102639296188,81.81818181818183
E00008053,287,46,18,28,241,19,222,16.02787456445993,6.2717770034843205,9.75609756097561,83.97212543554006,6.620209059233449,77.35191637630662
E00008054,276,31,15,16,245,8,237,11.231884057971014,5.434782608695652,5.797101449275362,88.76811594202898,2.898550724637681,85.86956521739131
E00008055,295,40,15,25,255,17,238,13.559322033898304,5.084745762711865,8.47457627118644,86.4406779661017,5.762711864406779,80.67796610169492
E00008056,218,41,22,19,177,9,168,18.807339449541285,10.091743119266056,8.715596330275229,81.19266055045871,4.128440366972478,77.06422018348624
E00008057,248,64,27,37,184,7,177,25.806451612903224,10.887096774193548,14.919354838709678,74.19354838709677,2.82258064516129,71.37096774193549
E00008059,372,72,39,33,300,22,278,19.35483870967742,10.483870967741936,8.870967741935484,80.64516129032258,5.913978494623656,74.73118279569893
E00008064,413,83,45,38,330,22,308,20.09685230024213,10.895883777239709,9.200968523002421,79.90314769975787,5.326876513317192,74.57627118644068
E00008068,351,80,43,37,271,12,259,22.79202279202279,12.250712250712251,10.541310541310542,77.20797720797721,3.418803418803419,73.78917378917379
E00008071,345,65,32,33,280,19,261,18.84057971014493,9.27536231884058,9.565217391304348,81.15942028985508,5.507246376811594,75.65217391304347
E00008072,335,79,41,38,256,17,239,23.582089552238806,12.238805970149254,11.343283582089553,76.4179104477612,5.074626865671641,71.34328358208955
E00008074,407,78,41,37,329,16,313,19.164619164619165,10.073710073710075,9.090909090909092,80.83538083538083,3.9312039312039313,76.90417690417691
E00008078,298,84,43,41,214,11,203,28.187919463087248,14.429530201342283,13.758389261744966,71.81208053691275,3.691275167785235,68.12080536912751
E00008079,593,84,33,51,509,31,478,14.165261382799327,5.564924114671164,8.600337268128163,85.83473861720068,5.227655986509275,80.6070826306914
E00008080,323,52,24,28,271,19,252,16.09907120743034,7.430340557275541,8.6687306501548,83.90092879256966,5.88235294117647,78.0185758513932
E00008082,321,62,28,34,259,17,242,19.314641744548286,8.722741433021806,10.59190031152648,80.68535825545172,5.29595015576324,75.38940809968847
E00008083,423,69,31,38,354,20,334,16.312056737588655,7.328605200945626,8.983451536643026,83.68794326241135,4.7281323877068555,78.95981087470449
E00008084,339,69,27,42,270,10,260,20.353982300884958,7.964601769911504,12.389380530973451,79.64601769911505,2.949852507374631,76.69616519174042
E00008085,267,44,16,28,223,22,201,16.479400749063668,5.992509363295881,10.486891385767791,83.52059925093633,8.239700374531834,75.28089887640449
E00008086,401,73,34,39,328,18,310,18.204488778054863,8.478802992518704,9.72568578553616,81.79551122194513,4.488778054862843,77.3067331670823
E00008088,318,52,17,35,266,26,240,16.352201257861633,5.345911949685535,11.0062893081761,83.64779874213836,8.176100628930817,75.47169811320755
E00008089,420,83,37,46,337,12,325,19.761904761904763,8.80952380952381,10.952380952380953,80.23809523809524,2.857142857142857,77.38095238095238
E00008090,220,68,35,33,152,13,139,30.909090909090907,15.909090909090908,15,69.0909090909091,5.909090909090909,63.18181818181819
E00008091,532,101,55,46,431,31,400,18.984962406015036,10.338345864661653,8.646616541353383,81.01503759398496,5.827067669172932,75.18796992481202
E00008093,245,50,18,32,195,8,187,20.408163265306122,7.346938775510205,13.061224489795919,79.59183673469387,3.2653061224489797,76.32653061224491
E00008094,342,65,32,33,277,21,256,19.005847953216374,9.35672514619883,9.649122807017543,80.99415204678363,6.140350877192982,74.85380116959064
E00008095,338,57,25,32,281,25,256,16.86390532544379,7.396449704142012,9.467455621301776,83.13609467455622,7.396449704142012,75.7396449704142
E00008096,427,76,31,45,351,20,331,17.798594847775178,7.259953161592506,10.53864168618267,82.20140515222482,4.683840749414521,77.51756440281031
E00008097,385,59,34,25,326,18,308,15.324675324675324,8.831168831168831,6.493506493506493,84.67532467532467,4.675324675324675,80
E00008099,317,57,23,34,260,28,232,17.981072555205046,7.255520504731862,10.725552050473187,82.01892744479495,8.832807570977918,73.18611987381703
E00008100,396,83,50,33,313,14,299,20.95959595959596,12.626262626262626,8.333333333333332,79.04040404040404,3.535353535353535,75.5050505050505
E00008101,419,54,19,35,365,26,339,12.887828162291171,4.534606205250596,8.353221957040573,87.11217183770883,6.205250596658711,80.90692124105013
E00008102,355,51,18,33,304,15,289,14.366197183098592,5.070422535211268,9.295774647887324,85.63380281690141,4.225352112676056,81.40845070422536
E00008103,311,63,33,30,248,14,234,20.257234726688104,10.610932475884244,9.646302250803858,79.7427652733119,4.501607717041801,75.2411575562701
E00008104,428,73,41,32,355,15,340,17.056074766355138,9.579439252336448,7.476635514018691,82.94392523364486,3.5046728971962615,79.43925233644859
E00008105,429,99,60,39,330,19,311,23.076923076923077,13.986013986013987,9.090909090909092,76.92307692307693,4.428904428904429,72.49417249417249
E00008107,416,65,38,27,351,23,328,15.625,9.134615384615383,6.490384615384616,84.375,5.528846153846153,78.84615384615384
E00008108,428,52,15,37,376,19,357,12.149532710280374,3.5046728971962615,8.644859813084112,87.85046728971963,4.439252336448598,83.41121495327103
E00008109,318,34,17,17,284,16,268,10.69182389937107,5.345911949685535,5.345911949685535,89.30817610062893,5.031446540880504,84.27672955974843
E00008110,360,44,14,30,316,14,302,12.222222222222221,3.888888888888889,8.333333333333332,87.77777777777777,3.888888888888889,83.88888888888889
E00008111,318,64,32,32,254,8,246,20.125786163522015,10.062893081761008,10.062893081761008,79.87421383647799,2.515723270440252,77.35849056603774
E00008112,165,26,9,17,139,6,133,15.757575757575756,5.454545454545454,10.303030303030303,84.24242424242424,3.6363636363636362,80.60606060606061
E00008113,621,78,38,40,543,23,520,12.560386473429952,6.119162640901772,6.44122383252818,87.43961352657004,3.7037037037037033,83.73590982286635
E00008114,298,51,24,27,247,9,238,17.114093959731544,8.053691275167784,9.060402684563758,82.88590604026845,3.0201342281879198,79.86577181208054
E00008115,496,53,22,31,443,18,425,10.685483870967742,4.435483870967742,6.25,89.31451612903226,3.6290322580645165,85.68548387096774
E00008116,277,54,26,28,223,20,203,19.494584837545126,9.386281588447654,10.108303249097473,80.50541516245488,7.2202166064981945,73.28519855595668
E00008117,375,57,32,25,318,12,306,15.2,8.533333333333333,6.666666666666667,84.8,3.2,81.6
E00008118,318,44,19,25,274,9,265,13.836477987421384,5.9748427672955975,7.861635220125786,86.16352201257862,2.8301886792452833,83.33333333333334
E00008119,309,43,21,22,266,10,256,13.915857605177994,6.796116504854369,7.119741100323624,86.08414239482201,3.2362459546925564,82.84789644012946
E00008120,535,74,22,52,461,15,446,13.831775700934578,4.112149532710281,9.719626168224298,86.16822429906541,2.803738317757009,83.3644859813084
E00008121,368,60,29,31,308,9,299,16.304347826086957,7.880434782608696,8.423913043478262,83.69565217391305,2.4456521739130435,81.25
E00008122,293,27,15,12,266,19,247,9.215017064846416,5.1194539249146755,4.09556313993174,90.78498293515358,6.484641638225256,84.30034129692832
E00008123,311,38,12,26,273,16,257,12.218649517684888,3.858520900321544,8.360128617363344,87.78135048231512,5.144694533762058,82.63665594855306
E00008124,269,35,16,19,234,15,219,13.011152416356877,5.947955390334572,7.063197026022305,86.98884758364312,5.5762081784386615,81.41263940520446
E00008125,360,83,42,41,277,18,259,23.055555555555557,11.666666666666666,11.38888888888889,76.94444444444444,5,71.94444444444444
E00008126,159,32,13,19,127,6,121,20.125786163522015,8.176100628930817,11.949685534591195,79.87421383647799,3.7735849056603774,76.10062893081762
E00008127,311,41,21,20,270,14,256,13.183279742765272,6.752411575562702,6.430868167202572,86.81672025723472,4.501607717041801,82.31511254019293
E00008128,251,34,12,22,217,13,204,13.545816733067728,4.780876494023905,8.764940239043826,86.45418326693228,5.179282868525896,81.27490039840637
E00008129,403,87,42,45,316,16,300,21.588089330024815,10.421836228287841,11.166253101736972,78.41191066997519,3.970223325062035,74.44168734491315
E00008130,354,63,22,41,291,21,270,17.796610169491526,6.214689265536723,11.581920903954803,82.20338983050848,5.932203389830509,76.27118644067797
E00008132,466,51,18,33,415,16,399,10.944206008583691,3.862660944206009,7.081545064377683,89.05579399141631,3.4334763948497855,85.62231759656652
E00008133,551,63,27,36,488,24,464,11.433756805807622,4.900181488203267,6.533575317604355,88.56624319419237,4.3557168784029034,84.21052631578947
E00008134,264,67,31,36,197,19,178,25.37878787878788,11.742424242424242,13.636363636363635,74.62121212121212,7.196969696969697,67.42424242424242
E00008135,302,28,8,20,274,20,254,9.271523178807946,2.6490066225165565,6.622516556291391,90.72847682119205,6.622516556291391,84.10596026490066
E00008138,236,64,31,33,172,12,160,27.11864406779661,13.135593220338984,13.983050847457626,72.88135593220339,5.084745762711865,67.79661016949152
E00008139,396,63,25,38,333,17,316,15.909090909090908,6.313131313131313,9.595959595959595,84.0909090909091,4.292929292929292,79.7979797979798
E00008140,477,81,38,43,396,28,368,16.9811320754717,7.966457023060797,9.014675052410901,83.01886792452831,5.870020964360587,77.14884696016772
E00008141,358,53,26,27,305,19,286,14.804469273743019,7.262569832402235,7.5418994413407825,85.19553072625699,5.307262569832402,79.88826815642457
E00008142,326,59,26,33,267,17,250,18.098159509202453,7.975460122699387,10.122699386503067,81.90184049079755,5.214723926380368,76.68711656441718
E00008143,341,57,28,29,284,18,266,16.715542521994134,8.211143695014663,8.504398826979472,83.28445747800586,5.278592375366569,78.00586510263929
E00008144,254,40,17,23,214,7,207,15.748031496062993,6.692913385826772,9.05511811023622,84.25196850393701,2.7559055118110236,81.49606299212599
E00008145,338,59,34,25,279,12,267,17.45562130177515,10.059171597633137,7.396449704142012,82.54437869822485,3.5502958579881656,78.99408284023669
E00008146,286,40,19,21,246,11,235,13.986013986013987,6.643356643356643,7.3426573426573425,86.01398601398601,3.8461538461538463,82.16783216783216
E00008147,385,62,22,40,323,26,297,16.103896103896105,5.714285714285714,10.38961038961039,83.8961038961039,6.753246753246753,77.14285714285715
E00008148,373,59,21,38,314,18,296,15.81769436997319,5.630026809651475,10.187667560321715,84.1823056300268,4.825737265415549,79.35656836461126
E00008149,390,35,7,28,355,34,321,8.974358974358974,1.7948717948717947,7.179487179487179,91.02564102564102,8.717948717948717,82.3076923076923
E00008153,398,96,68,28,302,18,284,24.120603015075375,17.08542713567839,7.035175879396985,75.87939698492463,4.522613065326634,71.35678391959799
E00008155,329,46,21,25,283,8,275,13.98176291793313,6.382978723404255,7.598784194528875,86.01823708206688,2.43161094224924,83.58662613981764
E00008156,324,53,24,29,271,10,261,16.358024691358025,7.4074074074074066,8.950617283950617,83.64197530864197,3.0864197530864197,80.55555555555556
E00008158,315,56,25,31,259,15,244,17.77777777777778,7.936507936507936,9.841269841269842,82.22222222222221,4.761904761904762,77.46031746031747
E00008159,200,28,9,19,172,8,164,14.000000000000002,4.5,9.5,86,4,82
E00008161,308,48,19,29,260,18,242,15.584415584415584,6.1688311688311686,9.415584415584416,84.4155844155844,5.844155844155844,78.57142857142857
E00008164,265,38,11,27,227,17,210,14.339622641509434,4.150943396226415,10.18867924528302,85.66037735849056,6.415094339622642,79.24528301886792
E00008165,374,36,13,23,338,24,314,9.62566844919786,3.4759358288770055,6.149732620320856,90.37433155080214,6.417112299465241,83.9572192513369
E00008166,209,42,14,28,167,16,151,20.095693779904305,6.698564593301436,13.397129186602871,79.90430622009569,7.655502392344498,72.24880382775119
E00008167,321,42,11,31,279,27,252,13.084112149532709,3.4267912772585665,9.657320872274143,86.91588785046729,8.411214953271028,78.50467289719626
E00008168,189,51,23,28,138,13,125,26.984126984126984,12.16931216931217,14.814814814814813,73.01587301587301,6.878306878306878,66.13756613756614
E00008169,252,46,21,25,206,12,194,18.253968253968253,8.333333333333332,9.920634920634921,81.74603174603175,4.761904761904762,76.98412698412699
E00008170,280,23,6,17,257,18,239,8.214285714285714,2.142857142857143,6.071428571428571,91.78571428571428,6.428571428571428,85.35714285714285
E00008171,260,22,1,21,238,15,223,8.461538461538462,0.38461538461538464,8.076923076923077,91.53846153846153,5.769230769230769,85.76923076923076
E00008172,363,44,7,37,319,21,298,12.121212121212121,1.9283746556473829,10.192837465564738,87.87878787878788,5.785123966942149,82.09366391184572
E00008173,223,26,8,18,197,22,175,11.659192825112108,3.587443946188341,8.071748878923767,88.34080717488789,9.865470852017937,78.47533632286996
E00008174,291,26,8,18,265,20,245,8.934707903780069,2.7491408934707904,6.185567010309279,91.06529209621993,6.872852233676976,84.19243986254295
E00008175,222,25,13,12,197,19,178,11.26126126126126,5.8558558558558556,5.405405405405405,88.73873873873875,8.558558558558559,80.18018018018019
E00008176,331,38,8,30,293,25,268,11.48036253776435,2.416918429003021,9.06344410876133,88.51963746223565,7.552870090634441,80.96676737160121
E00008177,332,65,35,30,267,25,242,19.57831325301205,10.542168674698797,9.036144578313253,80.42168674698796,7.530120481927711,72.89156626506023
E00008178,235,40,16,24,195,22,173,17.02127659574468,6.808510638297872,10.212765957446807,82.97872340425532,9.361702127659575,73.61702127659574
E00008179,240,19,4,15,221,21,200,7.916666666666666,1.6666666666666667,6.25,92.08333333333333,8.75,83.33333333333334
E00008180,245,36,14,22,209,14,195,14.69387755102041,5.714285714285714,8.979591836734693,85.3061224489796,5.714285714285714,79.59183673469387
E00008181,233,20,6,14,213,24,189,8.583690987124463,2.575107296137339,6.008583690987124,91.41630901287554,10.300429184549357,81.11587982832617
E00008182,275,20,9,11,255,17,238,7.2727272727272725,3.272727272727273,4,92.72727272727272,6.181818181818182,86.54545454545455
E00008183,288,34,17,17,254,12,242,11.805555555555555,5.902777777777778,5.902777777777778,88.19444444444444,4.166666666666666,84.02777777777779
E00008184,239,29,11,18,210,20,190,12.133891213389122,4.602510460251046,7.531380753138076,87.86610878661088,8.368200836820083,79.49790794979079
E00008185,356,43,14,29,313,16,297,12.07865168539326,3.932584269662921,8.146067415730338,87.92134831460675,4.49438202247191,83.42696629213484
E00008186,262,30,15,15,232,13,219,11.450381679389313,5.7251908396946565,5.7251908396946565,88.54961832061069,4.961832061068702,83.58778625954199
E00008187,345,64,32,32,281,22,259,18.55072463768116,9.27536231884058,9.27536231884058,81.44927536231884,6.3768115942028984,75.07246376811594
E00008188,291,50,24,26,241,14,227,17.18213058419244,8.24742268041237,8.934707903780069,82.81786941580756,4.810996563573884,78.00687285223368
E00008189,242,44,19,25,198,12,186,18.181818181818183,7.851239669421488,10.330578512396695,81.81818181818183,4.958677685950414,76.85950413223141
E00008191,306,60,35,25,246,14,232,19.607843137254903,11.437908496732026,8.169934640522875,80.3921568627451,4.57516339869281,75.81699346405229
E00008192,361,50,23,27,311,10,301,13.850415512465375,6.3711911357340725,7.479224376731302,86.14958448753463,2.7700831024930745,83.37950138504155
E00008193,390,58,30,28,332,19,313,14.871794871794872,7.6923076923076925,7.179487179487179,85.12820512820512,4.871794871794872,80.25641025641026
E00008194,309,43,18,25,266,17,249,13.915857605177994,5.825242718446602,8.090614886731391,86.08414239482201,5.501618122977346,80.58252427184466
E00008195,430,54,16,38,376,23,353,12.558139534883722,3.7209302325581395,8.837209302325581,87.44186046511628,5.348837209302325,82.09302325581396
E00008196,317,59,28,31,258,14,244,18.61198738170347,8.832807570977918,9.779179810725552,81.38801261829653,4.416403785488959,76.97160883280758
E00008197,292,54,23,31,238,18,220,18.493150684931507,7.876712328767123,10.616438356164384,81.5068493150685,6.164383561643835,75.34246575342466
E00008198,209,34,16,18,175,12,163,16.267942583732058,7.655502392344498,8.61244019138756,83.73205741626795,5.741626794258373,77.99043062200957
E00008199,400,33,11,22,367,28,339,8.25,2.75,5.5,91.75,7.000000000000001,84.75
E00008200,286,37,18,19,249,17,232,12.937062937062937,6.293706293706294,6.643356643356643,87.06293706293707,5.944055944055944,81.11888111888112
E00008201,304,55,27,28,249,19,230,18.092105263157894,8.881578947368421,9.210526315789473,81.9078947368421,6.25,75.6578947368421
E00008202,294,36,18,18,258,17,241,12.244897959183673,6.122448979591836,6.122448979591836,87.75510204081633,5.782312925170068,81.97278911564626
E00008203,261,33,18,15,228,18,210,12.643678160919542,6.896551724137931,5.747126436781609,87.356321839080465,6.896551724137931,80.45977011494253
E00008204,237,46,21,25,191,10,181,19.40928270042194,8.860759493670885,10.548523206751055,80.59071729957806,4.219409282700422,76.37130801687763
E00008205,282,44,18,26,238,11,227,15.602836879432624,6.382978723404255,9.219858156028367,84.39716312056737,3.900709219858156,80.49645390070921
E00008206,312,41,17,24,271,19,252,13.141025641025642,5.448717948717949,7.6923076923076925,86.85897435897436,6.089743589743589,80.76923076923077
E00008207,280,53,31,22,227,9,218,18.928571428571427,11.071428571428571,7.857142857142857,81.07142857142857,3.214285714285714,77.85714285714286
E00008208,422,69,37,32,353,23,330,16.350710900473935,8.767772511848342,7.5829383886255926,83.64928909952607,5.450236966824645,78.19905213270142
E00008209,341,75,42,33,266,16,250,21.994134897360702,12.316715542521994,9.67741935483871,78.00586510263929,4.69208211143695,73.31378299120234
E00008210,312,66,33,33,246,10,236,21.153846153846153,10.576923076923077,10.576923076923077,78.84615384615384,3.205128205128205,75.64102564102564
E00008211,173,43,24,19,130,13,117,24.85549132947977,13.872832369942195,10.982658959537572,75.14450867052022,7.514450867052023,67.63005780346822
E00008212,361,56,34,22,305,20,285,15.512465373961218,9.418282548476455,6.094182825484765,84.48753462603878,5.540166204986149,78.94736842105263
E00008213,298,32,15,17,266,20,246,10.738255033557047,5.033557046979865,5.704697986577181,89.26174496644296,6.7114093959731544,82.5503355704698
E00008214,371,64,33,31,307,10,297,17.25067385444744,8.89487870619946,8.355795148247978,82.74932614555256,2.6954177897574128,80.05390835579514
E00008215,319,45,22,23,274,13,261,14.106583072100312,6.896551724137931,7.210031347962382,85.8934169278997,4.075235109717868,81.81818181818183
E00008216,310,72,34,38,238,10,228,23.225806451612904,10.967741935483872,12.258064516129032,76.77419354838709,3.225806451612903,73.54838709677419
E00008217,390,55,29,26,335,14,321,14.102564102564102,7.435897435897436,6.666666666666667,85.8974358974359,3.5897435897435894,82.3076923076923
E00008219,311,48,21,27,263,20,243,15.434083601286176,6.752411575562702,8.681672025723474,84.56591639871382,6.430868167202572,78.13504823151125
E00008220,307,41,14,27,266,12,254,13.355048859934854,4.5602605863192185,8.794788273615636,86.64495114006515,3.908794788273615,82.73615635179154
E00008221,419,62,38,24,357,8,349,14.797136038186157,9.069212410501192,5.727923627684964,85.20286396181385,1.9093078758949882,83.29355608591885
E00008222,182,47,29,18,135,15,120,25.82417582417583,15.934065934065933,9.89010989010989,74.17582417582418,8.241758241758241,65.93406593406593
E00008223,454,85,51,34,369,29,340,18.722466960352424,11.233480176211454,7.488986784140969,81.27753303964758,6.387665198237885,74.8898678414097
E00008225,301,43,26,17,258,12,246,14.285714285714285,8.637873754152823,5.647840531561462,85.71428571428571,3.9867109634551494,81.72757475083057
E00008226,361,56,25,31,305,20,285,15.512465373961218,6.9252077562326875,8.587257617728532,84.48753462603878,5.540166204986149,78.94736842105263
E00008228,258,50,24,26,208,9,199,19.379844961240313,9.30232558139535,10.077519379844961,80.62015503875969,3.488372093023256,77.13178294573643
E00008229,328,84,39,45,244,14,230,25.609756097560975,11.890243902439025,13.719512195121952,74.39024390243902,4.2682926829268295,70.1219512195122
E00008230,312,50,21,29,262,20,242,16.025641025641026,6.730769230769231,9.294871794871796,83.97435897435898,6.41025641025641,77.56410256410257
E00008231,364,53,28,25,311,20,291,14.560439560439562,7.6923076923076925,6.868131868131869,85.43956043956044,5.4945054945054945,79.94505494505495
E00008232,308,60,34,26,248,17,231,19.480519480519483,11.03896103896104,8.441558441558442,80.51948051948052,5.51948051948052,75
E00008233,180,35,16,19,145,8,137,19.444444444444446,8.88888888888889,10.555555555555555,80.55555555555556,4.444444444444445,76.11111111111111
E00008234,365,55,29,26,310,14,296,15.068493150684931,7.9452054794520555,7.123287671232877,84.93150684931507,3.8356164383561646,81.0958904109589
E00008235,353,55,16,39,298,19,279,15.58073654390935,4.53257790368272,11.048158640226628,84.41926345609065,5.382436260623229,79.03682719546742
E00008236,277,60,32,28,217,17,200,21.660649819494584,11.552346570397113,10.108303249097473,78.33935018050542,6.137184115523466,72.20216606498195
E00008237,609,162,66,96,447,14,433,26.60098522167488,10.83743842364532,15.763546798029557,73.39901477832512,2.2988505747126435,71.10016420361248
E00008238,353,46,19,27,307,8,299,13.031161473087819,5.382436260623229,7.64872521246459,86.96883852691218,2.26628895184136,84.70254957507082
E00008239,314,42,24,18,272,13,259,13.375796178343949,7.643312101910828,5.7324840764331215,86.62420382165605,4.140127388535031,82.48407643312102
E00008240,257,45,25,20,212,16,196,17.509727626459142,9.72762645914397,7.782101167315175,82.49027237354085,6.22568093385214,76.26459143968872
E00008241,343,77,35,42,266,12,254,22.448979591836736,10.204081632653061,12.244897959183673,77.55102040816327,3.498542274052478,74.05247813411079
E00008242,352,78,41,37,274,13,261,22.15909090909091,11.647727272727272,10.511363636363637,77.8409090909091,3.6931818181818183,74.14772727272727
E00008243,387,69,28,41,318,25,293,17.829457364341085,7.235142118863049,10.594315245478036,82.17054263565892,6.459948320413436,75.71059431524549
E00008244,324,67,30,37,257,12,245,20.679012345679013,9.25925925925926,11.419753086419753,79.32098765432099,3.7037037037037033,75.61728395061729
E00008245,279,60,35,25,219,14,205,21.50537634408602,12.544802867383511,8.960573476702509,78.49462365591397,5.017921146953405,73.47670250896059
E00008246,250,58,28,30,192,15,177,23.200000000000003,11.200000000000001,12,76.8,6,70.8
E00008247,303,71,34,37,232,12,220,23.432343234323433,11.221122112211221,12.211221122112212,76.56765676567657,3.9603960396039604,72.60726072607261
E00008248,335,45,25,20,290,14,276,13.432835820895523,7.462686567164178,5.970149253731343,86.56716417910447,4.179104477611941,82.38805970149254
E00008249,309,52,20,32,257,13,244,16.828478964401295,6.472491909385113,10.355987055016183,83.1715210355987,4.207119741100324,78.96440129449837
E00008250,314,52,29,23,262,22,240,16.560509554140125,9.235668789808917,7.32484076433121,83.43949044585987,7.006369426751593,76.43312101910828
E00008251,369,84,43,41,285,24,261,22.76422764227642,11.653116531165312,11.11111111111111,77.23577235772358,6.504065040650407,70.73170731707317
E00008252,335,83,35,48,252,20,232,24.776119402985074,10.44776119402985,14.328358208955224,75.22388059701493,5.970149253731343,69.25373134328359
E00008253,292,54,27,27,238,17,221,18.493150684931507,9.246575342465754,9.246575342465754,81.5068493150685,5.821917808219178,75.68493150684932
E00008254,269,57,29,28,212,14,198,21.189591078066915,10.780669144981413,10.408921933085502,78.81040892193309,5.204460966542751,73.60594795539033
E00008255,363,66,33,33,297,18,279,18.181818181818183,9.090909090909092,9.090909090909092,81.81818181818183,4.958677685950414,76.85950413223141
E00008256,241,74,37,37,167,5,162,30.70539419087137,15.352697095435685,15.352697095435685,69.29460580912863,2.0746887966804977,67.21991701244814
E00008257,328,46,21,25,282,17,265,14.02439024390244,6.402439024390244,7.621951219512195,85.97560975609755,5.182926829268292,80.79268292682927
E00008258,379,75,41,34,304,13,291,19.788918205804748,10.817941952506596,8.970976253298153,80.21108179419525,3.430079155672823,76.78100263852242
E00008259,204,27,10,17,177,14,163,13.23529411764706,4.901960784313726,8.333333333333332,86.76470588235294,6.862745098039216,79.90196078431373
E00008260,253,44,10,34,209,20,189,17.391304347826086,3.9525691699604746,13.438735177865613,82.6086956521739,7.905138339920949,74.70355731225297
E00008261,347,46,24,22,301,21,280,13.256484149855908,6.9164265129683,6.340057636887608,86.74351585014409,6.051873198847262,80.69164265129683
E00008262,209,30,6,24,179,28,151,14.354066985645932,2.8708133971291865,11.483253588516746,85.64593301435407,13.397129186602871,72.24880382775119
E00008263,248,63,31,32,185,12,173,25.403225806451612,12.5,12.903225806451612,74.59677419354838,4.838709677419355,69.75806451612904
E00008264,352,41,13,28,311,29,282,11.647727272727272,3.6931818181818183,7.954545454545454,88.35227272727273,8.238636363636363,80.11363636363636
E00008265,290,53,28,25,237,12,225,18.275862068965516,9.655172413793103,8.620689655172415,81.72413793103448,4.137931034482759,77.58620689655173
E00008266,310,56,26,30,254,19,235,18.064516129032256,8.38709677419355,9.67741935483871,81.93548387096774,6.129032258064516,75.80645161290323
E00008267,379,38,14,24,341,32,309,10.026385224274406,3.6939313984168867,6.33245382585752,89.9736147757256,8.443271767810026,81.53034300791556
E00008268,292,40,13,27,252,14,238,13.698630136986301,4.4520547945205475,9.246575342465754,86.3013698630137,4.794520547945205,81.5068493150685
E00008269,353,41,11,30,312,27,285,11.614730878186968,3.1161473087818696,8.498583569405099,88.38526912181302,7.64872521246459,80.73654390934844
E00008270,275,55,27,28,220,20,200,20,9.818181818181818,10.181818181818182,80,7.2727272727272725,72.72727272727273
E00008271,256,23,9,14,233,21,212,8.984375,3.515625,5.46875,91.015625,8.203125,82.8125
E00008272,320,50,24,26,270,22,248,15.625,7.5,8.125,84.375,6.875000000000001,77.5
E00008273,326,57,30,27,269,20,249,17.484662576687114,9.202453987730062,8.282208588957054,82.51533742331289,6.134969325153374,76.38036809815951
E00008274,350,36,12,24,314,29,285,10.285714285714285,3.428571428571429,6.857142857142858,89.71428571428571,8.285714285714285,81.42857142857143
E00008275,334,31,13,18,303,28,275,9.281437125748502,3.8922155688622757,5.389221556886228,90.71856287425149,8.383233532934131,82.33532934131736
E00008276,311,69,36,33,242,13,229,22.186495176848876,11.57556270096463,10.610932475884244,77.81350482315112,4.180064308681672,73.63344051446946
E00008277,294,53,18,35,241,10,231,18.027210884353742,6.122448979591836,11.904761904761903,81.97278911564626,3.4013605442176873,78.57142857142857
E00008279,610,61,23,38,549,29,520,10,3.7704918032786887,6.229508196721312,90,4.754098360655737,85.24590163934425
E00008280,295,43,15,28,252,21,231,14.576271186440678,5.084745762711865,9.491525423728813,85.42372881355932,7.118644067796611,78.30508474576271
E00008282,246,39,17,22,207,18,189,15.853658536585366,6.910569105691057,8.94308943089431,84.14634146341463,7.317073170731707,76.82926829268293
E00008283,414,69,22,47,345,17,328,16.666666666666664,5.314009661835748,11.352657004830919,83.33333333333334,4.1062801932367154,79.22705314009661
E00008284,266,52,27,25,214,14,200,19.548872180451127,10.150375939849624,9.398496240601503,80.45112781954887,5.263157894736842,75.18796992481202
E00008285,570,53,16,37,517,36,481,9.298245614035087,2.807017543859649,6.491228070175438,90.70175438596492,6.315789473684211,84.3859649122807
E00008287,226,29,15,14,197,16,181,12.831858407079647,6.637168141592921,6.1946902654867255,87.16814159292035,7.079646017699115,80.08849557522124
E00008288,213,60,34,26,153,15,138,28.169014084507044,15.96244131455399,12.206572769953052,71.83098591549296,7.042253521126761,64.7887323943662
E00008290,513,64,19,45,449,34,415,12.475633528265107,3.7037037037037033,8.771929824561402,87.5243664717349,6.627680311890838,80.89668615984405
E00008291,328,35,11,24,293,17,276,10.670731707317072,3.353658536585366,7.317073170731707,89.32926829268293,5.182926829268292,84.14634146341463
E00008293,242,25,10,15,217,12,205,10.330578512396695,4.132231404958678,6.198347107438017,89.6694214876033,4.958677685950414,84.71074380165288
E00008294,338,48,19,29,290,18,272,14.201183431952662,5.621301775147929,8.579881656804734,85.79881656804734,5.325443786982249,80.4733727810651
E00008296,295,54,19,35,241,28,213,18.305084745762713,6.440677966101695,11.864406779661017,81.69491525423729,9.491525423728813,72.20338983050848
E00008297,499,57,13,44,442,25,417,11.422845691382765,2.6052104208416833,8.817635270541082,88.57715430861724,5.01002004008016,83.56713426853707
E00008298,318,38,10,28,280,31,249,11.949685534591195,3.1446540880503147,8.80503144654088,88.0503144654088,9.748427672955975,78.30188679245283
E00008299,423,32,10,22,391,40,351,7.5650118203309695,2.3640661938534278,5.200945626477541,92.43498817966903,9.456264775413711,82.97872340425532
E00008300,273,53,23,30,220,14,206,19.413919413919416,8.424908424908425,10.989010989010989,80.58608058608058,5.128205128205128,75.45787545787546
E00008301,118,16,12,4,102,7,95,13.559322033898304,10.16949152542373,3.389830508474576,86.4406779661017,5.932203389830509,80.50847457627118
E00008302,220,48,20,28,172,10,162,21.818181818181817,9.090909090909092,12.727272727272727,78.18181818181819,4.545454545454546,73.63636363636363
E00008303,224,40,9,31,184,11,173,17.857142857142858,4.017857142857143,13.839285714285715,82.14285714285714,4.910714285714286,77.23214285714286
E00008304,336,44,20,24,292,25,267,13.095238095238097,5.952380952380952,7.142857142857142,86.90476190476191,7.440476190476191,79.46428571428571
E00008305,315,35,14,21,280,27,253,11.11111111111111,4.444444444444445,6.666666666666667,88.88888888888889,8.571428571428571,80.31746031746032
E00008306,553,53,23,30,500,23,477,9.584086799276673,4.159132007233273,5.424954792043399,90.41591320072332,4.159132007233273,86.25678119349006
E00008307,291,34,11,23,257,18,239,11.683848797250858,3.7800687285223367,7.903780068728522,88.31615120274914,6.185567010309279,82.13058419243985
E00008310,573,72,30,42,501,23,478,12.56544502617801,5.2356020942408374,7.329842931937172,87.43455497382199,4.013961605584642,83.42059336823735
E00008311,378,70,43,27,308,22,286,18.51851851851852,11.375661375661375,7.142857142857142,81.48148148148148,5.82010582010582,75.66137566137566
E00008312,267,50,30,20,217,16,201,18.726591760299627,11.235955056179774,7.490636704119851,81.27340823970037,5.992509363295881,75.28089887640449
E00008313,303,26,16,10,277,20,257,8.58085808580858,5.2805280528052805,3.3003300330033,91.41914191419141,6.6006600660066,84.81848184818482
E00008314,332,19,7,12,313,27,286,5.72289156626506,2.108433734939759,3.614457831325301,94.27710843373494,8.132530120481928,86.14457831325302
E00008316,403,52,19,33,351,30,321,12.903225806451612,4.714640198511166,8.188585607940446,87.09677419354838,7.444168734491314,79.65260545905707
E00008318,405,61,35,26,344,15,329,15.06172839506173,8.641975308641975,6.419753086419753,84.93827160493828,3.7037037037037033,81.23456790123457
E00008319,381,36,16,20,345,20,325,9.448818897637794,4.199475065616798,5.2493438320209975,90.5511811023622,5.2493438320209975,85.30183727034121
E00008320,279,35,13,22,244,9,235,12.544802867383511,4.659498207885305,7.885304659498208,87.45519713261649,3.225806451612903,84.22939068100358
E00008321,209,30,17,13,179,13,166,14.354066985645932,8.133971291866029,6.220095693779904,85.64593301435407,6.220095693779904,79.42583732057416
E00008322,371,82,45,37,289,15,274,22.10242587601078,12.129380053908356,9.973045822102426,77.89757412398922,4.0431266846361185,73.8544474393531
E00008323,272,54,29,25,218,20,198,19.852941176470587,10.661764705882353,9.191176470588236,80.14705882352942,7.352941176470589,72.79411764705883
E00008324,265,49,18,31,216,20,196,18.49056603773585,6.7924528301886795,11.69811320754717,81.50943396226415,7.547169811320755,73.9622641509434
E00008325,307,36,12,24,271,18,253,11.726384364820847,3.908794788273615,7.81758957654723,88.27361563517914,5.863192182410423,82.41042345276874
E00008326,389,59,26,33,330,21,309,15.167095115681233,6.683804627249357,8.483290488431876,84.83290488431876,5.3984575835475574,79.43444730077121
E00008327,345,46,21,25,299,19,280,13.333333333333334,6.086956521739131,7.246376811594203,86.66666666666667,5.507246376811594,81.15942028985508
E00008328,375,53,22,31,322,18,304,14.133333333333335,5.866666666666666,8.266666666666666,85.86666666666667,4.8,81.06666666666666
E00008329,502,60,29,31,442,12,430,11.952191235059761,5.776892430278884,6.175298804780876,88.04780876494024,2.3904382470119523,85.65737051792829
E00008330,189,67,33,34,122,4,118,35.44973544973545,17.46031746031746,17.989417989417987,64.55026455026454,2.1164021164021163,62.43386243386243
E00008331,334,69,33,36,265,11,254,20.65868263473054,9.880239520958083,10.778443113772456,79.34131736526946,3.293413173652695,76.04790419161677
E00008332,456,53,20,33,403,15,388,11.62280701754386,4.385964912280701,7.236842105263158,88.37719298245614,3.289473684210526,85.08771929824562
E00008333,474,57,27,30,417,18,399,12.025316455696203,5.69620253164557,6.329113924050633,87.9746835443038,3.79746835443038,84.17721518987342
E00008334,372,51,24,27,321,13,308,13.709677419354838,6.451612903225806,7.258064516129033,86.29032258064517,3.494623655913978,82.79569892473118
E00008335,623,54,23,31,569,15,554,8.667736757624397,3.6918138041733553,4.975922953451043,91.3322632423756,2.4077046548956664,88.92455858747994
E00008336,295,33,9,24,262,12,250,11.186440677966102,3.050847457627119,8.135593220338983,88.8135593220339,4.067796610169491,84.7457627118644
E00008337,401,44,20,24,357,17,340,10.972568578553615,4.987531172069826,5.985037406483791,89.02743142144638,4.239401496259352,84.78802992518703
E00008338,402,56,24,32,346,9,337,13.930348258706468,5.970149253731343,7.960199004975125,86.06965174129353,2.2388059701492535,83.83084577114428
E00008339,439,57,20,37,382,17,365,12.984054669703873,4.555808656036446,8.428246013667426,87.01594533029613,3.8724373576309796,83.14350797266515
E00008340,336,40,17,23,296,10,286,11.904761904761903,5.059523809523809,6.845238095238096,88.09523809523809,2.976190476190476,85.11904761904762
E00008341,438,47,22,25,391,19,372,10.730593607305936,5.0228310502283104,5.707762557077626,89.26940639269407,4.337899543378995,84.93150684931507
E00008342,517,53,19,34,464,23,441,10.251450676982591,3.67504835589942,6.5764023210831715,89.74854932301741,4.448742746615087,85.29980657640233
E00008343,402,53,22,31,349,13,336,13.184079601990051,5.472636815920398,7.711442786069651,86.81592039800995,3.233830845771144,83.5820895522388
E00008344,209,51,31,20,158,8,150,24.401913875598087,14.832535885167463,9.569377990430622,75.5980861244019,3.827751196172249,71.77033492822966
E00008345,381,55,27,28,326,11,315,14.435695538057743,7.086614173228346,7.349081364829396,85.56430446194226,2.8871391076115485,82.67716535433071
E00008346,474,77,28,49,397,13,384,16.244725738396625,5.9071729957805905,10.337552742616033,83.75527426160338,2.7426160337552745,81.0126582278481
E00008347,378,47,20,27,331,24,307,12.433862433862434,5.291005291005291,7.142857142857142,87.56613756613757,6.349206349206349,81.21693121693121
E00008348,494,90,45,45,404,25,379,18.218623481781375,9.109311740890687,9.109311740890687,81.78137651821862,5.060728744939271,76.72064777327935
E00008350,255,40,16,24,215,10,205,15.686274509803921,6.2745098039215685,9.411764705882353,84.31372549019608,3.9215686274509802,80.3921568627451
E00008352,393,53,25,28,340,16,324,13.486005089058525,6.361323155216285,7.124681933842239,86.51399491094148,4.071246819338422,82.44274809160305
E00008353,357,50,25,25,307,15,292,14.005602240896359,7.002801120448179,7.002801120448179,85.99439775910365,4.201680672268908,81.79271708683473
E00008354,306,43,21,22,263,15,248,14.052287581699346,6.862745098039216,7.18954248366013,85.94771241830065,4.901960784313726,81.04575163398692
E00008355,292,38,10,28,254,17,237,13.013698630136986,3.4246575342465753,9.58904109589041,86.98630136986301,5.821917808219178,81.16438356164383
E00008356,576,96,54,42,480,26,454,16.666666666666664,9.375,7.291666666666667,83.33333333333334,4.513888888888888,78.81944444444444
E00008357,520,62,25,37,458,30,428,11.923076923076923,4.807692307692308,7.115384615384615,88.07692307692308,5.769230769230769,82.3076923076923
E00008359,206,37,19,18,169,9,160,17.96116504854369,9.223300970873787,8.737864077669903,82.03883495145631,4.368932038834951,77.66990291262135
E00008360,254,44,17,27,210,12,198,17.322834645669293,6.692913385826772,10.62992125984252,82.67716535433071,4.724409448818897,77.95275590551181
E00008361,245,39,23,16,206,9,197,15.918367346938775,9.387755102040817,6.530612244897959,84.08163265306122,3.6734693877551026,80.40816326530611
E00008362,310,37,16,21,273,24,249,11.935483870967742,5.161290322580645,6.774193548387098,88.06451612903226,7.741935483870968,80.3225806451613
E00008363,323,43,15,28,280,18,262,13.312693498452013,4.643962848297214,8.6687306501548,86.687306501548,5.572755417956656,81.11455108359134
E00008364,253,51,27,24,202,16,186,20.158102766798418,10.67193675889328,9.486166007905137,79.84189723320159,6.324110671936759,73.51778656126481
E00008365,297,45,17,28,252,24,228,15.151515151515152,5.723905723905724,9.427609427609427,84.84848484848484,8.080808080808081,76.76767676767676
E00008366,275,33,9,24,242,16,226,12,3.272727272727273,8.727272727272728,88,5.818181818181818,82.18181818181817
E00008367,284,47,27,20,237,11,226,16.549295774647888,9.507042253521126,7.042253521126761,83.45070422535211,3.873239436619718,79.5774647887324
E00008368,298,44,26,18,254,13,241,14.76510067114094,8.724832214765101,6.0402684563758395,85.23489932885906,4.3624161073825505,80.87248322147651
E00008369,285,44,20,24,241,15,226,15.43859649122807,7.017543859649122,8.421052631578947,84.56140350877193,5.263157894736842,79.2982456140351
E00008370,378,52,26,26,326,25,301,13.756613756613756,6.878306878306878,6.878306878306878,86.24338624338624,6.613756613756613,79.62962962962963
E00008371,259,60,28,32,199,22,177,23.166023166023166,10.81081081081081,12.355212355212355,76.83397683397683,8.494208494208493,68.33976833976834
E00008372,313,51,25,26,262,24,238,16.293929712460063,7.987220447284344,8.30670926517572,83.70607028753993,7.667731629392971,76.03833865814697
E00008373,352,61,31,30,291,19,272,17.329545454545457,8.806818181818182,8.522727272727272,82.67045454545455,5.3977272727272725,77.27272727272727
E00008374,330,60,24,36,270,18,252,18.181818181818183,7.2727272727272725,10.909090909090908,81.81818181818183,5.454545454545454,76.36363636363637
E00008375,342,50,14,36,292,26,266,14.619883040935672,4.093567251461988,10.526315789473683,85.38011695906432,7.602339181286549,77.77777777777779
E00008376,497,68,20,48,429,27,402,13.682092555331993,4.0241448692152915,9.6579476861167,86.31790744466801,5.432595573440644,80.88531187122736
E00008377,283,34,15,19,249,16,233,12.014134275618375,5.30035335689046,6.713780918727916,87.98586572438163,5.6537102473498235,82.3321554770318
E00008378,344,40,17,23,304,26,278,11.627906976744185,4.941860465116279,6.686046511627906,88.37209302325581,7.55813953488372,80.81395348837209
E00008379,294,45,25,20,249,25,224,15.306122448979592,8.503401360544217,6.802721088435375,84.6938775510204,8.503401360544217,76.19047619047619
E00008380,335,67,32,35,268,15,253,20,9.55223880597015,10.44776119402985,80,4.477611940298507,75.5223880597015
E00008381,382,47,22,25,335,19,316,12.30366492146597,5.7591623036649215,6.544502617801047,87.69633507853402,4.973821989528796,82.72251308900523
E00008382,349,46,14,32,303,31,272,13.18051575931232,4.011461318051576,9.169054441260744,86.81948424068769,8.882521489971348,77.93696275071633
E00008383,362,62,25,37,300,18,282,17.12707182320442,6.906077348066299,10.220994475138122,82.87292817679558,4.972375690607735,77.90055248618785
E00008384,279,43,15,28,236,18,218,15.412186379928317,5.376344086021505,10.03584229390681,84.58781362007169,6.451612903225806,78.13620071684588
E00008385,331,80,41,39,251,20,231,24.169184290030213,12.386706948640484,11.782477341389729,75.83081570996978,6.042296072507553,69.78851963746223
E00008386,273,60,28,32,213,17,196,21.978021978021978,10.256410256410255,11.72161172161172,78.02197802197803,6.227106227106227,71.7948717948718
E00008387,252,29,14,15,223,9,214,11.507936507936508,5.555555555555555,5.952380952380952,88.4920634920635,3.571428571428571,84.92063492063492
E00008388,298,28,10,18,270,23,247,9.395973154362416,3.3557046979865772,6.0402684563758395,90.60402684563759,7.718120805369128,82.88590604026845
E00008389,245,43,19,24,202,8,194,17.551020408163264,7.755102040816326,9.795918367346939,82.44897959183673,3.2653061224489797,79.18367346938776
E00008390,378,48,25,23,330,16,314,12.698412698412698,6.613756613756613,6.084656084656085,87.3015873015873,4.232804232804233,83.06878306878306
E00008391,302,41,28,13,261,17,244,13.57615894039735,9.271523178807946,4.304635761589404,86.42384105960265,5.629139072847682,80.79470198675497
E00008392,353,61,27,34,292,18,274,17.280453257790366,7.64872521246459,9.631728045325778,82.71954674220963,5.099150141643059,77.62039660056658
E00008393,339,39,11,28,300,25,275,11.504424778761061,3.2448377581120944,8.259587020648967,88.49557522123894,7.374631268436578,81.12094395280236
E00008394,332,34,4,30,298,18,280,10.240963855421686,1.2048192771084338,9.036144578313253,89.7590361445783,5.421686746987952,84.33734939759037
E00008395,350,50,18,32,300,16,284,14.285714285714285,5.142857142857142,9.142857142857142,85.71428571428571,4.571428571428571,81.14285714285714
E00008396,387,43,17,26,344,19,325,11.11111111111111,4.3927648578811365,6.718346253229974,88.88888888888889,4.909560723514212,83.97932816537468
E00008397,357,54,25,29,303,33,270,15.126050420168067,7.002801120448179,8.123249299719888,84.87394957983193,9.243697478991598,75.63025210084034
E00008398,253,58,23,35,195,8,187,22.92490118577075,9.090909090909092,13.83399209486166,77.07509881422925,3.1620553359683794,73.91304347826086
E00008399,433,73,34,39,360,37,323,16.859122401847575,7.852193995381063,9.006928406466514,83.14087759815243,8.545034642032332,74.5958429561201
E00008400,318,67,39,28,251,24,227,21.069182389937108,12.264150943396226,8.80503144654088,78.9308176100629,7.547169811320755,71.38364779874213
E00008401,328,42,19,23,286,22,264,12.804878048780488,5.7926829268292686,7.01219512195122,87.1951219512195,6.707317073170732,80.48780487804879
E00008402,294,46,25,21,248,13,235,15.646258503401361,8.503401360544217,7.142857142857142,84.35374149659864,4.421768707482993,79.93197278911565
E00008403,296,64,37,27,232,12,220,21.62162162162162,12.5,9.121621621621621,78.37837837837837,4.054054054054054,74.32432432432432
E00008404,311,51,25,26,260,10,250,16.39871382636656,8.038585209003216,8.360128617363344,83.60128617363344,3.215434083601286,80.38585209003215
E00008406,759,188,83,105,571,63,508,24.769433465085637,10.935441370223979,13.83399209486166,75.23056653491436,8.300395256916996,66.93017127799736
E00008407,312,54,32,22,258,17,241,17.307692307692307,10.256410256410255,7.051282051282051,82.6923076923077,5.448717948717949,77.24358974358975
E00008408,367,48,20,28,319,18,301,13.079019073569482,5.449591280653951,7.629427792915531,86.92098092643052,4.904632152588556,82.01634877384197
E00008409,360,65,39,26,295,16,279,18.055555555555554,10.833333333333334,7.222222222222221,81.94444444444444,4.444444444444445,77.5
E00008411,290,39,18,21,251,4,247,13.448275862068964,6.206896551724138,7.241379310344828,86.55172413793103,1.3793103448275863,85.17241379310346
E00008412,349,52,32,20,297,12,285,14.899713467048711,9.169054441260744,5.730659025787966,85.10028653295129,3.4383954154727796,81.66189111747852
E00008413,355,44,26,18,311,8,303,12.394366197183098,7.323943661971831,5.070422535211268,87.60563380281691,2.2535211267605635,85.35211267605634
E00008414,334,29,12,17,305,7,298,8.682634730538922,3.592814371257485,5.089820359281437,91.31736526946108,2.095808383233533,89.22155688622755
E00008415,195,39,16,23,156,2,154,20,8.205128205128204,11.794871794871794,80,1.0256410256410255,78.97435897435898
E00008416,475,66,34,32,409,28,381,13.894736842105262,7.157894736842104,6.7368421052631575,86.10526315789474,5.894736842105263,80.21052631578948
E00008417,467,86,29,57,381,27,354,18.41541755888651,6.209850107066381,12.205567451820128,81.5845824411135,5.781584582441114,75.80299785867237
E00008418,333,31,15,16,302,10,292,9.30930930930931,4.504504504504505,4.804804804804805,90.69069069069069,3.003003003003003,87.68768768768768
E00008419,314,33,14,19,281,16,265,10.509554140127388,4.45859872611465,6.050955414012739,89.49044585987261,5.095541401273886,84.39490445859873
E00008421,357,49,27,22,308,14,294,13.725490196078432,7.563025210084033,6.162464985994398,86.27450980392157,3.9215686274509802,82.35294117647058
E00008423,317,19,8,11,298,13,285,5.993690851735016,2.5236593059936907,3.4700315457413247,94.00630914826499,4.100946372239748,89.90536277602523
E00008425,322,45,20,25,277,13,264,13.975155279503104,6.211180124223603,7.763975155279502,86.0248447204969,4.037267080745342,81.98757763975155
E00008426,349,35,17,18,314,15,299,10.028653295128938,4.871060171919771,5.157593123209169,89.97134670487105,4.297994269340974,85.67335243553008
E00008427,223,60,36,24,163,17,146,26.905829596412556,16.143497757847534,10.762331838565023,73.09417040358744,7.623318385650224,65.47085201793722
E00008428,539,72,36,36,467,23,444,13.358070500927644,6.679035250463822,6.679035250463822,86.64192949907236,4.267161410018553,82.3747680890538
E00008430,165,20,6,14,145,11,134,12.121212121212121,3.6363636363636362,8.484848484848486,87.87878787878788,6.666666666666667,81.21212121212122
E00008431,406,40,16,24,366,12,354,9.852216748768473,3.9408866995073892,5.911330049261084,90.14778325123153,2.955665024630542,87.192118226601
E00008432,266,33,13,20,233,16,217,12.406015037593985,4.887218045112782,7.518796992481203,87.59398496240601,6.015037593984962,81.57894736842105
E00008433,283,51,24,27,232,7,225,18.021201413427562,8.480565371024735,9.540636042402827,81.97879858657244,2.4734982332155475,79.50530035335689
E00008434,289,36,19,17,253,11,242,12.45674740484429,6.5743944636678195,5.88235294117647,87.5432525951557,3.8062283737024223,83.73702422145328
E00008435,519,114,84,30,405,24,381,21.965317919075144,16.184971098265898,5.780346820809249,78.03468208092485,4.624277456647398,73.41040462427746
E00008436,240,34,18,16,206,14,192,14.166666666666666,7.5,6.666666666666667,85.83333333333333,5.833333333333333,80
E00008437,209,40,22,18,169,4,165,19.138755980861244,10.526315789473683,8.61244019138756,80.86124401913875,1.9138755980861244,78.94736842105263
E00008438,251,38,18,20,213,7,206,15.139442231075698,7.171314741035857,7.968127490039841,84.86055776892431,2.788844621513944,82.07171314741036
E00008439,303,54,30,24,249,15,234,17.82178217821782,9.900990099009901,7.920792079207921,82.17821782178217,4.9504950495049505,77.22772277227723
E00008440,528,107,58,49,421,20,401,20.265151515151516,10.984848484848484,9.280303030303031,79.73484848484848,3.787878787878788,75.9469696969697
E00008441,293,45,22,23,248,6,242,15.358361774744028,7.508532423208192,7.849829351535837,84.64163822525597,2.04778156996587,82.5938566552901
E00008442,319,42,14,28,277,6,271,13.166144200626958,4.38871473354232,8.77742946708464,86.83385579937304,1.8808777429467085,84.95297805642633
E00008443,314,48,26,22,266,10,256,15.286624203821656,8.280254777070063,7.006369426751593,84.71337579617835,3.1847133757961785,81.52866242038218
E00008444,476,78,38,40,398,28,370,16.386554621848738,7.9831932773109235,8.403361344537815,83.61344537815127,5.88235294117647,77.73109243697479
E00008445,289,46,25,21,243,16,227,15.916955017301039,8.650519031141869,7.26643598615917,84.08304498269896,5.536332179930796,78.54671280276817
E00008446,448,67,21,46,381,26,355,14.955357142857142,4.6875,10.267857142857142,85.04464285714286,5.803571428571429,79.24107142857143
E00008448,411,45,19,26,366,13,353,10.948905109489052,4.622871046228711,6.326034063260341,89.05109489051095,3.1630170316301705,85.88807785888078
E00008451,385,41,20,21,344,21,323,10.649350649350648,5.194805194805195,5.454545454545454,89.35064935064935,5.454545454545454,83.8961038961039
E00008452,237,28,19,9,209,11,198,11.814345991561181,8.016877637130802,3.79746835443038,88.18565400843882,4.641350210970464,83.54430379746836
E00008453,308,46,22,24,262,11,251,14.935064935064934,7.142857142857142,7.792207792207792,85.06493506493507,3.571428571428571,81.4935064935065
E00008454,477,50,24,26,427,24,403,10.482180293501047,5.031446540880504,5.450733752620545,89.51781970649894,5.031446540880504,84.48637316561845
E00008456,199,27,16,11,172,12,160,13.5678391959799,8.040201005025125,5.527638190954774,86.4321608040201,6.030150753768844,80.40201005025126
E00008457,539,60,31,29,479,26,453,11.131725417439704,5.75139146567718,5.380333951762523,88.86827458256029,4.823747680890538,84.04452690166976
E00008458,248,48,16,32,200,12,188,19.35483870967742,6.451612903225806,12.903225806451612,80.64516129032258,4.838709677419355,75.80645161290323
E00008459,279,18,4,14,261,14,247,6.451612903225806,1.4336917562724014,5.017921146953405,93.54838709677419,5.017921146953405,88.5304659498208
E00008460,267,43,18,25,224,16,208,16.10486891385768,6.741573033707865,9.363295880149813,83.89513108614233,5.992509363295881,77.90262172284645
E00008461,331,65,47,18,266,13,253,19.637462235649547,14.19939577039275,5.438066465256798,80.36253776435045,3.927492447129909,76.43504531722054
E00008463,455,73,32,41,382,25,357,16.043956043956044,7.032967032967033,9.010989010989011,83.95604395604396,5.4945054945054945,78.46153846153847
E00008464,424,63,31,32,361,22,339,14.858490566037736,7.311320754716981,7.547169811320755,85.14150943396226,5.188679245283019,79.95283018867924
E00008465,452,27,10,17,425,15,410,5.9734513274336285,2.2123893805309733,3.761061946902655,94.02654867256636,3.3185840707964607,90.7079646017699
E00008466,623,106,52,54,517,27,490,17.014446227929376,8.346709470304976,8.667736757624397,82.98555377207063,4.333868378812198,78.65168539325843
E00008467,329,56,33,23,273,17,256,17.02127659574468,10.030395136778116,6.990881458966565,82.97872340425532,5.167173252279635,77.81155015197568
E00008468,286,38,13,25,248,14,234,13.286713286713287,4.545454545454546,8.741258741258742,86.7132867132867,4.895104895104895,81.81818181818183
E00008469,361,107,68,39,254,15,239,29.6398891966759,18.83656509695291,10.80332409972299,70.3601108033241,4.1551246537396125,66.20498614958449
E00008470,239,37,20,17,202,7,195,15.481171548117153,8.368200836820083,7.112970711297072,84.51882845188284,2.928870292887029,81.58995815899581
E00008471,185,33,18,15,152,3,149,17.83783783783784,9.72972972972973,8.108108108108109,82.16216216216216,1.6216216216216217,80.54054054054053
E00008472,416,50,25,25,366,24,342,12.01923076923077,6.009615384615385,6.009615384615385,87.98076923076923,5.769230769230769,82.21153846153845
E00008473,489,78,45,33,411,13,398,15.950920245398773,9.202453987730062,6.748466257668712,84.04907975460122,2.658486707566462,81.39059304703477
E00008474,375,54,26,28,321,9,312,14.399999999999999,6.933333333333333,7.466666666666668,85.6,2.4,83.2
E00008475,191,42,25,17,149,13,136,21.98952879581152,13.089005235602095,8.900523560209423,78.01047120418848,6.806282722513089,71.20418848167539
E00008476,550,53,28,25,497,23,474,9.636363636363637,5.090909090909091,4.545454545454546,90.36363636363637,4.181818181818182,86.18181818181819
E00008477,434,51,25,26,383,21,362,11.751152073732719,5.76036866359447,5.990783410138248,88.24884792626729,4.838709677419355,83.41013824884793
E00008478,373,56,14,42,317,25,292,15.013404825737265,3.753351206434316,11.26005361930295,84.98659517426273,6.702412868632708,78.28418230563003
E00008479,474,62,23,39,412,9,403,13.080168776371309,4.852320675105485,8.227848101265822,86.91983122362869,1.89873417721519,85.0210970464135
E00008480,447,58,29,29,389,12,377,12.97539149888143,6.487695749440715,6.487695749440715,87.02460850111858,2.684563758389262,84.3400447427293
E00008481,285,42,19,23,243,11,232,14.736842105263156,6.666666666666667,8.070175438596491,85.26315789473684,3.8596491228070176,81.40350877192982
E00008482,356,41,22,19,315,18,297,11.51685393258427,6.179775280898876,5.337078651685393,88.48314606741573,5.056179775280898,83.42696629213484
E00008483,389,49,22,27,340,5,335,12.596401028277635,5.655526992287918,6.940874035989718,87.40359897172236,1.2853470437017995,86.11825192802056
E00008484,292,38,18,20,254,13,241,13.013698630136986,6.164383561643835,6.8493150684931505,86.98630136986301,4.4520547945205475,82.53424657534246
E00008485,429,47,22,25,382,24,358,10.955710955710956,5.128205128205128,5.827505827505827,89.04428904428904,5.594405594405594,83.44988344988346
E00008486,335,55,25,30,280,17,263,16.417910447761194,7.462686567164178,8.955223880597014,83.5820895522388,5.074626865671641,78.50746268656717
E00008487,379,49,30,19,330,14,316,12.928759894459102,7.9155672823219,5.013192612137203,87.0712401055409,3.6939313984168867,83.37730870712402
E00008488,187,41,20,21,146,8,138,21.92513368983957,10.695187165775401,11.229946524064172,78.07486631016043,4.27807486631016,73.79679144385027
E00008489,375,52,24,28,323,14,309,13.866666666666665,6.4,7.466666666666668,86.13333333333333,3.733333333333334,82.39999999999999
E00008490,235,19,2,17,216,9,207,8.085106382978724,0.851063829787234,7.234042553191489,91.91489361702128,3.829787234042553,88.08510638297872
E00008491,294,74,46,28,220,13,207,25.170068027210885,15.646258503401361,9.523809523809524,74.82993197278913,4.421768707482993,70.40816326530613
E00008492,290,36,16,20,254,12,242,12.413793103448276,5.517241379310345,6.896551724137931,87.58620689655172,4.137931034482759,83.44827586206897
E00008493,311,42,22,20,269,20,249,13.504823151125404,7.07395498392283,6.430868167202572,86.49517684887459,6.430868167202572,80.06430868167203
E00008494,282,73,32,41,209,19,190,25.886524822695034,11.347517730496454,14.539007092198581,74.11347517730496,6.73758865248227,67.37588652482269
E00008495,270,33,8,25,237,25,212,12.222222222222221,2.9629629629629632,9.25925925925926,87.77777777777777,9.25925925925926,78.51851851851852
E00008497,185,31,13,18,154,10,144,16.756756756756758,7.027027027027027,9.72972972972973,83.24324324324324,5.405405405405405,77.83783783783784
E00008498,241,10,2,8,231,8,223,4.149377593360995,0.8298755186721992,3.319502074688797,95.850622406639,3.319502074688797,92.5311203319502
E00008499,281,31,18,13,250,18,232,11.032028469750891,6.405693950177936,4.6263345195729535,88.96797153024912,6.405693950177936,82.56227758007117
E00008500,229,18,6,12,211,13,198,7.860262008733625,2.6200873362445414,5.240174672489083,92.13973799126637,5.676855895196507,86.46288209606988
E00008501,376,25,10,15,351,22,329,6.648936170212766,2.6595744680851063,3.9893617021276597,93.35106382978722,5.851063829787234,87.5
E00008502,279,39,17,22,240,22,218,13.978494623655912,6.093189964157706,7.885304659498208,86.02150537634408,7.885304659498208,78.13620071684588
E00008503,302,41,24,17,261,18,243,13.57615894039735,7.9470198675496695,5.629139072847682,86.42384105960265,5.960264900662252,80.4635761589404
E00008505,276,56,24,32,220,13,207,20.28985507246377,8.695652173913043,11.594202898550725,79.71014492753623,4.710144927536232,75
E00008507,284,51,27,24,233,11,222,17.95774647887324,9.507042253521126,8.450704225352112,82.04225352112677,3.873239436619718,78.16901408450704
E00008508,359,48,21,27,311,13,298,13.370473537604457,5.8495821727019495,7.520891364902507,86.62952646239555,3.6211699164345403,83.008356545961007
E00008509,300,63,27,36,237,15,222,21,9,12,79,5,74
E00008510,203,18,5,13,185,12,173,8.866995073891626,2.4630541871921183,6.403940886699508,91.13300492610837,5.911330049261084,85.22167487684729
E00008513,343,54,27,27,289,17,272,15.743440233236154,7.871720116618077,7.871720116618077,84.25655976676384,4.956268221574344,79.30029154518951
E00008514,244,50,24,26,194,5,189,20.491803278688526,9.836065573770492,10.655737704918032,79.50819672131148,2.0491803278688523,77.45901639344262
E00008516,282,51,17,34,231,5,226,18.085106382978726,6.028368794326241,12.056737588652481,81.91489361702128,1.773049645390071,80.1418439716312
E00008517,225,46,22,24,179,4,175,20.444444444444446,9.777777777777779,10.666666666666668,79.55555555555556,1.7777777777777777,77.77777777777779
E00008518,365,55,31,24,310,9,301,15.068493150684931,8.493150684931507,6.575342465753424,84.93150684931507,2.4657534246575343,82.46575342465754
E00008519,344,56,22,34,288,16,272,16.27906976744186,6.395348837209303,9.883720930232558,83.72093023255815,4.651162790697675,79.06976744186046
E00008520,392,63,35,28,329,20,309,16.071428571428573,8.928571428571429,7.142857142857142,83.92857142857143,5.1020408163265305,78.8265306122449
E00008521,142,12,2,10,130,7,123,8.450704225352112,1.4084507042253522,7.042253521126761,91.54929577464789,4.929577464788732,86.61971830985915
E00008522,434,55,25,30,379,20,359,12.672811059907835,5.76036866359447,6.912442396313365,87.32718894009217,4.6082949308755765,82.7188940092166
E00008524,253,55,23,32,198,8,190,21.73913043478261,9.090909090909092,12.648221343873518,78.26086956521739,3.1620553359683794,75.09881422924902
E00008525,349,50,22,28,299,11,288,14.326647564469914,6.303724928366762,8.022922636103152,85.67335243553008,3.151862464183381,82.52148997134671
E00008527,432,101,39,62,331,11,320,23.37962962962963,9.027777777777777,14.351851851851851,76.62037037037037,2.5462962962962963,74.07407407407408
E00008528,363,71,34,37,292,14,278,19.55922865013774,9.366391184573002,10.192837465564738,80.44077134986226,3.8567493112947657,76.5840220385675
E00008529,273,46,19,27,227,13,214,16.84981684981685,6.95970695970696,9.89010989010989,83.15018315018315,4.761904761904762,78.3882783882784
E00008530,326,56,20,36,270,10,260,17.177914110429448,6.134969325153374,11.042944785276074,82.82208588957054,3.067484662576687,79.75460122699386
E00008531,244,38,22,16,206,14,192,15.573770491803279,9.01639344262295,6.557377049180328,84.42622950819673,5.737704918032787,78.68852459016394
E00008532,356,66,56,10,290,11,279,18.53932584269663,15.730337078651685,2.8089887640449436,81.46067415730337,3.089887640449438,78.37078651685393
E00008533,523,54,25,29,469,10,459,10.325047801147228,4.780114722753346,5.544933078393881,89.67495219885278,1.9120458891013385,87.76290630975143
E00008534,298,38,14,24,260,22,238,12.751677852348994,4.697986577181208,8.053691275167784,87.24832214765101,7.38255033557047,79.86577181208054
E00008535,256,48,19,29,208,13,195,18.75,7.421875,11.328125,81.25,5.078125,76.171875
E00008536,352,43,19,24,309,17,292,12.215909090909092,5.3977272727272725,6.8181818181818175,87.7840909090909,4.829545454545454,82.95454545454545
E00165792,330,52,26,26,278,19,259,15.757575757575756,7.878787878787878,7.878787878787878,84.24242424242424,5.757575757575758,78.48484848484848
E00176485,373,64,32,32,309,13,296,17.158176943699733,8.579088471849866,8.579088471849866,82.84182305630027,3.485254691689008,79.35656836461126
E00176486,181,13,4,9,168,13,155,7.18232044198895,2.209944751381215,4.972375690607735,92.81767955801105,7.18232044198895,85.6353591160221
E00176487,212,36,18,18,176,19,157,16.9811320754717,8.49056603773585,8.49056603773585,83.01886792452831,8.962264150943396,74.05660377358491
E00176488,302,13,1,12,289,33,256,4.304635761589404,0.33112582781456956,3.9735099337748347,95.69536423841059,10.927152317880795,84.76821192052981
E00176489,285,27,8,19,258,9,249,9.473684210526317,2.807017543859649,6.666666666666667,90.52631578947368,3.1578947368421053,87.36842105263159
E00176491,214,29,15,14,185,7,178,13.551401869158877,7.009345794392523,6.5420560747663545,86.44859813084112,3.2710280373831773,83.17757009345794
E00176494,127,26,13,13,101,6,95,20.47244094488189,10.236220472440944,10.236220472440944,79.52755905511812,4.724409448818897,74.80314960629921
E00176495,179,17,4,13,162,8,154,9.497206703910614,2.2346368715083798,7.262569832402235,90.5027932960894,4.4692737430167595,86.03351955307262
E00176496,461,74,36,38,387,25,362,16.052060737527114,7.809110629067245,8.24295010845987,83.94793926247289,5.42299349240781,78.52494577006507
E00176497,187,22,6,16,165,8,157,11.76470588235294,3.2085561497326207,8.55614973262032,88.23529411764706,4.27807486631016,83.9572192513369
E00176498,433,76,32,44,357,18,339,17.551963048498845,7.390300230946882,10.161662817551962,82.44803695150115,4.157043879907621,78.29099307159353
E00176500,178,21,7,14,157,12,145,11.797752808988763,3.932584269662921,7.865168539325842,88.20224719101124,6.741573033707865,81.46067415730337
E00176502,179,38,21,17,141,10,131,21.22905027932961,11.731843575418994,9.497206703910614,78.77094972067039,5.58659217877095,73.18435754189943
E00176503,262,19,6,13,243,11,232,7.251908396946565,2.2900763358778624,4.961832061068702,92.74809160305344,4.198473282442748,88.54961832061069
E00176504,232,12,3,9,220,10,210,5.172413793103448,1.293103448275862,3.8793103448275863,94.82758620689656,4.310344827586207,90.51724137931035
E00176505,286,69,24,45,217,21,196,24.125874125874127,8.391608391608392,15.734265734265735,75.87412587412588,7.3426573426573425,68.53146853146853
E00176507,498,82,49,33,416,22,394,16.46586345381526,9.839357429718875,6.626506024096386,83.53413654618474,4.417670682730924,79.11646586345381
E00176511,237,26,4,22,211,19,192,10.970464135021098,1.6877637130801686,9.282700421940929,89.0295358649789,8.016877637130802,81.0126582278481
E00176512,208,21,5,16,187,12,175,10.096153846153847,2.403846153846154,7.6923076923076925,89.90384615384616,5.769230769230769,84.13461538461539
E00176514,424,36,13,23,388,25,363,8.49056603773585,3.0660377358490565,5.4245283018867925,91.50943396226415,5.89622641509434,85.61320754716981
E00176517,400,36,12,24,364,17,347,9,3,6,91,4.25,86.75
E00176519,281,40,16,24,241,18,223,14.23487544483986,5.6939501779359425,8.540925266903916,85.76512455516014,6.405693950177936,79.35943060498221
E00176520,278,32,11,21,246,18,228,11.510791366906476,3.9568345323741005,7.553956834532374,88.48920863309353,6.474820143884892,82.01438848920863
E00176521,544,67,28,39,477,32,445,12.316176470588236,5.147058823529411,7.169117647058823,87.68382352941177,5.88235294117647,81.80147058823529
E00176522,211,31,11,20,180,14,166,14.691943127962084,5.213270142180095,9.47867298578199,85.30805687203792,6.6350710900473935,78.67298578199052
E00176523,217,24,13,11,193,5,188,11.059907834101383,5.990783410138248,5.0691244239631335,88.94009216589862,2.3041474654377883,86.63594470046083
E00176524,347,44,11,33,303,20,283,12.680115273775217,3.170028818443804,9.510086455331413,87.31988472622479,5.763688760806916,81.55619596541787
E00176525,502,40,12,28,462,43,419,7.968127490039841,2.3904382470119523,5.577689243027888,92.03187250996015,8.565737051792828,83.46613545816733
E00176526,237,13,3,10,224,5,219,5.485232067510549,1.2658227848101267,4.219409282700422,94.51476793248945,2.109704641350211,92.40506329113924
E00176527,283,27,15,12,256,8,248,9.540636042402827,5.30035335689046,4.240282685512367,90.45936395759718,2.8268551236749118,87.63250883392226
E00176528,367,34,16,18,333,24,309,9.264305177111716,4.35967302452316,4.904632152588556,90.73569482288828,6.539509536784741,84.19618528610354
E00176529,460,64,29,35,396,19,377,13.91304347826087,6.304347826086956,7.608695652173914,86.08695652173914,4.130434782608695,81.95652173913044
E00176530,1104,360,106,254,744,95,649,32.608695652173914,9.601449275362318,23.007246376811594,67.3913043478261,8.605072463768115,58.78623188405797
E00176531,366,20,7,13,346,16,330,5.46448087431694,1.912568306010929,3.551912568306011,94.53551912568307,4.371584699453552,90.1639344262295
E00176532,422,53,13,40,369,14,355,12.559241706161137,3.080568720379147,9.47867298578199,87.44075829383885,3.3175355450236967,84.12322274881517
E00176533,433,51,28,23,382,20,362,11.778290993071593,6.466512702078522,5.311778290993072,88.2217090069284,4.618937644341801,83.60277136258661
E00176534,384,42,22,20,342,14,328,10.9375,5.729166666666666,5.208333333333334,89.0625,3.6458333333333335,85.41666666666666
E00176535,569,72,22,50,497,32,465,12.65377855887522,3.8664323374340945,8.787346221441124,87.34622144112478,5.623901581722319,81.72231985940246
E00176536,349,40,13,27,309,9,300,11.461318051575931,3.7249283667621778,7.736389684813753,88.53868194842407,2.5787965616045847,85.95988538681948
E00176537,281,41,14,27,240,8,232,14.590747330960854,4.98220640569395,9.608540925266903,85.40925266903915,2.8469750889679712,82.56227758007117
E00176539,543,50,14,36,493,39,454,9.208103130755065,2.578268876611418,6.629834254143646,90.79189686924494,7.18232044198895,83.60957642725599
E00176540,284,20,13,7,264,7,257,7.042253521126761,4.577464788732395,2.464788732394366,92.95774647887323,2.464788732394366,90.49295774647888
E00176541,168,19,10,9,149,8,141,11.30952380952381,5.952380952380952,5.357142857142857,88.69047619047619,4.761904761904762,83.92857142857143
E00176542,331,13,4,9,318,19,299,3.927492447129909,1.2084592145015105,2.719033232628399,96.07250755287009,5.740181268882175,90.33232628398792
E00176543,306,27,14,13,279,15,264,8.823529411764707,4.57516339869281,4.248366013071895,91.17647058823529,4.901960784313726,86.27450980392157
E00176544,197,15,0,15,182,10,172,7.614213197969544,0,7.614213197969544,92.38578680203045,5.0761421319796955,87.30964467005076
E00176545,266,41,25,16,225,15,210,15.413533834586465,9.398496240601503,6.015037593984962,84.58646616541353,5.639097744360902,78.94736842105263
E00176546,220,32,9,23,188,8,180,14.545454545454545,4.090909090909091,10.454545454545453,85.45454545454545,3.6363636363636362,81.81818181818183
E00176547,178,17,4,13,161,15,146,9.550561797752808,2.247191011235955,7.303370786516854,90.4494382022472,8.426966292134832,82.02247191011236
E00176548,275,31,6,25,244,19,225,11.272727272727273,2.181818181818182,9.090909090909092,88.72727272727273,6.909090909090909,81.81818181818183
E00176549,222,21,6,15,201,7,194,9.45945945945946,2.7027027027027026,6.756756756756757,90.54054054054053,3.153153153153153,87.38738738738738
E00176550,195,55,33,22,140,12,128,28.205128205128204,16.923076923076923,11.282051282051283,71.7948717948718,6.153846153846154,65.64102564102564
E00176551,304,27,13,14,277,16,261,8.881578947368421,4.276315789473684,4.605263157894736,91.11842105263158,5.263157894736842,85.85526315789474
E00176552,526,39,21,18,487,17,470,7.41444866920152,3.9923954372623576,3.4220532319391634,92.58555133079848,3.2319391634980987,89.35361216730038
E00176553,265,40,18,22,225,14,211,15.09433962264151,6.7924528301886795,8.30188679245283,84.90566037735849,5.283018867924529,79.62264150943396
E00176555,298,22,5,17,276,18,258,7.38255033557047,1.6778523489932886,5.704697986577181,92.61744966442953,6.0402684563758395,86.57718120805369
E00176556,276,29,8,21,247,13,234,10.507246376811594,2.898550724637681,7.608695652173914,89.4927536231884,4.710144927536232,84.78260869565217
E00176557,246,27,13,14,219,4,215,10.975609756097562,5.284552845528456,5.691056910569105,89.02439024390245,1.6260162601626018,87.39837398373984
E00176558,325,33,19,14,292,15,277,10.153846153846153,5.846153846153846,4.3076923076923075,89.84615384615384,4.615384615384616,85.23076923076923
E00176559,326,27,13,14,299,12,287,8.282208588957054,3.9877300613496933,4.294478527607362,91.71779141104295,3.6809815950920246,88.03680981595092
E00176562,513,41,15,26,472,27,445,7.992202729044834,2.923976608187134,5.0682261208577,92.00779727095517,5.263157894736842,86.74463937621833
E00176563,413,26,13,13,387,14,373,6.2953995157385,3.14769975786925,3.14769975786925,93.7046004842615,3.389830508474576,90.31476997578693
E00176564,431,29,19,10,402,22,380,6.728538283062645,4.408352668213457,2.320185614849188,93.27146171693735,5.104408352668213,88.16705336426914
E00176565,362,48,26,22,314,11,303,13.259668508287293,7.18232044198895,6.077348066298343,86.74033149171271,3.0386740331491713,83.70165745856355
E00176566,338,36,17,19,302,21,281,10.650887573964498,5.029585798816568,5.621301775147929,89.3491124260355,6.21301775147929,83.13609467455622
E00176567,212,18,9,9,194,10,184,8.49056603773585,4.245283018867925,4.245283018867925,91.50943396226415,4.716981132075472,86.79245283018868
E00176569,120,4,4,0,116,2,114,3.3333333333333335,3.3333333333333335,0,96.66666666666667,1.6666666666666667,95
E00176570,357,29,14,15,328,14,314,8.123249299719888,3.9215686274509802,4.201680672268908,91.87675070028011,3.9215686274509802,87.95518207282913
E00176571,374,59,29,30,315,17,298,15.775401069518717,7.754010695187167,8.0213903743315509,84.22459893048129,4.545454545454546,79.67914438502673
E00176572,197,26,11,15,171,4,167,13.19796954314721,5.583756345177665,7.614213197969544,86.80203045685279,2.030456852791878,84.77157360406092
E00176573,251,29,7,22,222,11,211,11.553784860557768,2.788844621513944,8.764940239043826,88.44621513944223,4.382470119521913,84.06374501992032
E00176574,239,28,11,17,211,10,201,11.715481171548117,4.602510460251046,7.112970711297072,88.28451882845188,4.184100418410042,84.10041841004184
E00176575,270,21,7,14,249,14,235,7.777777777777778,2.5925925925925926,5.185185185185185,92.22222222222223,5.185185185185185,87.03703703703704
E00176576,362,65,34,31,297,15,282,17.955801104972377,9.392265193370166,8.56353591160221,82.04419889502762,4.143646408839778,77.90055248618785
E00176577,255,47,21,26,208,7,201,18.43137254901961,8.235294117647058,10.196078431372548,81.56862745098039,2.7450980392156863,78.82352941176471
E00176578,342,19,3,16,323,22,301,5.555555555555555,0.8771929824561403,4.678362573099415,94.44444444444444,6.432748538011696,88.01169590643275
E00176579,141,14,6,8,127,13,114,9.929078014184398,4.25531914893617,5.673758865248227,90.0709219858156,9.219858156028367,80.85106382978722
E00176581,614,75,52,23,539,29,510,12.214983713355048,8.469055374592834,3.7459283387622153,87.78501628664495,4.723127035830619,83.06188925081433
E00176582,332,35,19,16,297,20,277,10.542168674698797,5.72289156626506,4.819277108433735,89.45783132530121,6.024096385542169,83.43373493975903
E00176583,179,22,6,16,157,12,145,12.290502793296088,3.35195530726257,8.938547486033519,87.70949720670392,6.70391061452514,81.00558659217877
E00176584,259,19,3,16,240,13,227,7.335907335907336,1.1583011583011582,6.177606177606178,92.66409266409266,5.019305019305019,87.64478764478764
E00176585,308,31,11,20,277,20,257,10.064935064935066,3.571428571428571,6.493506493506493,89.93506493506493,6.493506493506493,83.44155844155844
E00176586,232,20,6,14,212,11,201,8.620689655172415,2.586206896551724,6.0344827586206895,91.37931034482759,4.741379310344827,86.63793103448276
E00176587,412,39,17,22,373,19,354,9.466019417475728,4.12621359223301,5.339805825242718,90.53398058252428,4.611650485436893,85.92233009708737
E00176588,151,25,12,13,126,8,118,16.55629139072848,7.9470198675496695,8.609271523178808,83.44370860927152,5.298013245033113,78.1456953642384
E00176589,244,52,27,25,192,12,180,21.311475409836063,11.065573770491802,10.245901639344263,78.68852459016394,4.918032786885246,73.77049180327869
E00176590,199,18,3,15,181,7,174,9.045226130653267,1.507537688442211,7.537688442211055,90.95477386934674,3.5175879396984926,87.43718592964824
E00176591,264,22,6,16,242,15,227,8.333333333333332,2.272727272727273,6.0606060606060606,91.66666666666666,5.681818181818182,85.98484848484848
E00176593,423,49,19,30,374,17,357,11.583924349881796,4.491725768321513,7.092198581560284,88.4160756501182,4.0189125295508275,84.39716312056737
E00176594,265,30,12,18,235,22,213,11.320754716981133,4.528301886792453,6.7924528301886795,88.67924528301887,8.30188679245283,80.37735849056604
E00176595,261,37,12,25,224,12,212,14.17624521072797,4.597701149425287,9.578544061302683,85.82375478927203,4.597701149425287,81.22605363984674
E00182058,195,26,9,17,169,11,158,13.333333333333334,4.615384615384616,8.717948717948717,86.66666666666667,5.641025641025641,81.02564102564102
E00182059,147,10,5,5,137,2,135,6.802721088435375,3.4013605442176873,3.4013605442176873,93.19727891156462,1.3605442176870748,91.83673469387756
E00182060,392,68,31,37,324,20,304,17.346938775510203,7.908163265306123,9.438775510204081,82.6530612244898,5.1020408163265305,77.55102040816327
E00182081,871,127,38,89,744,65,679,14.580941446613089,4.3628013777267505,10.218140068886337,85.4190585533869,7.462686567164178,77.95637198622273
E00182082,368,32,10,22,336,33,303,8.695652173913043,2.717391304347826,5.978260869565218,91.30434782608695,8.967391304347826,82.33695652173914
E00182083,577,68,28,40,509,40,469,11.785095320623917,4.852686308492201,6.932409012131716,88.21490467937608,6.932409012131716,81.28249566724438
E00182091,410,19,4,15,391,24,367,4.634146341463414,0.975609756097561,3.6585365853658534,95.36585365853658,5.853658536585367,89.51219512195122
E00182092,361,27,10,17,334,31,303,7.479224376731302,2.7700831024930745,4.7091412742382275,92.5207756232687,8.587257617728532,83.93351800554017
E00182097,151,18,6,12,133,7,126,11.920529801324504,3.9735099337748347,7.9470198675496695,88.0794701986755,4.635761589403973,83.44370860927152
E00182101,483,83,43,40,400,34,366,17.184265010351968,8.902691511387163,8.281573498964804,82.81573498964804,7.039337474120083,75.77639751552795
E00182107,229,14,4,10,215,12,203,6.11353711790393,1.7467248908296942,4.366812227074235,93.88646288209607,5.240174672489083,88.64628820960698
E00182111,388,37,10,27,351,29,322,9.536082474226804,2.5773195876288657,6.958762886597938,90.4639175257732,7.474226804123711,82.9896907216495
E00182112,229,16,1,15,213,17,196,6.986899563318777,0.43668122270742354,6.550218340611353,93.01310043668121,7.423580786026202,85.58951965065502
E00182120,264,30,11,19,234,12,222,11.363636363636363,4.166666666666666,7.196969696969697,88.63636363636364,4.545454545454546,84.0909090909091
E00182123,183,6,0,6,177,12,165,3.278688524590164,0,3.278688524590164,96.72131147540983,6.557377049180328,90.1639344262295
E00182124,451,25,0,25,426,28,398,5.543237250554324,0,5.543237250554324,94.45676274944567,6.208425720620843,88.24833702882484
E00182128,444,25,7,18,419,37,382,5.63063063063063,1.5765765765765765,4.054054054054054,94.36936936936937,8.333333333333332,86.03603603603604
E00182129,352,32,7,25,320,26,294,9.090909090909092,1.9886363636363635,7.1022727272727275,90.9090909090909,7.386363636363637,83.52272727272727
E00182130,152,11,6,5,141,3,138,7.236842105263158,3.9473684210526314,3.289473684210526,92.76315789473685,1.9736842105263157,90.78947368421053
E00182132,393,24,1,23,369,11,358,6.106870229007633,0.2544529262086514,5.852417302798982,93.89312977099237,2.7989821882951653,91.0941475826972
E00182134,173,16,6,10,157,12,145,9.248554913294797,3.4682080924855487,5.780346820809249,90.7514450867052,6.9364161849710975,83.8150289017341
E00182137,464,47,23,24,417,13,404,10.129310344827585,4.956896551724138,5.172413793103448,89.87068965517241,2.8017241379310347,87.06896551724138
E00182139,173,7,0,7,166,8,158,4.046242774566474,0,4.046242774566474,95.95375722543352,4.624277456647398,91.32947976878613
E00182140,380,25,4,21,355,21,334,6.578947368421052,1.0526315789473684,5.526315789473684,93.42105263157895,5.526315789473684,87.89473684210526
E00182141,308,40,22,18,268,23,245,12.987012987012985,7.142857142857142,5.844155844155844,87.01298701298701,7.467532467532467,79.54545454545455
E00182148,387,22,6,16,365,20,345,5.684754521963824,1.550387596899225,4.1343669250646,94.31524547803618,5.167958656330749,89.14728682170544
E00182150,231,12,2,10,219,22,197,5.194805194805195,0.8658008658008658,4.329004329004329,94.8051948051948,9.523809523809524,85.28138528138528
E00182154,148,10,3,7,138,16,122,6.756756756756757,2.027027027027027,4.72972972972973,93.24324324324324,10.81081081081081,82.43243243243244
E00182157,263,15,2,13,248,17,231,5.7034220532319395,0.7604562737642585,4.942965779467681,94.29657794676805,6.4638783269961975,87.83269961977186
E00182158,154,8,0,8,146,9,137,5.194805194805195,0,5.194805194805195,94.8051948051948,5.844155844155844,88.96103896103897
E00182160,605,50,18,32,555,28,527,8.264462809917356,2.975206611570248,5.289256198347108,91.73553719008265,4.628099173553719,87.10743801652893
E00182161,463,52,25,27,411,16,395,11.23110151187905,5.399568034557236,5.831533477321814,88.76889848812095,3.455723542116631,85.31317494600432
E00182162,130,12,3,9,118,4,114,9.230769230769232,2.307692307692308,6.923076923076923,90.76923076923077,3.076923076923077,87.6923076923077
E00182165,109,11,1,10,98,10,88,10.091743119266056,0.9174311926605505,9.174311926605505,89.90825688073394,9.174311926605505,80.73394495412845
E00182167,135,9,5,4,126,6,120,6.666666666666667,3.7037037037037033,2.9629629629629632,93.33333333333333,4.444444444444445,88.88888888888889
E00182169,240,14,0,14,226,21,205,5.833333333333333,0,5.833333333333333,94.16666666666667,8.75,85.41666666666666
E00182170,173,16,5,11,157,6,151,9.248554913294797,2.8901734104046244,6.358381502890173,90.7514450867052,3.4682080924855487,87.28323699421965
E00182172,213,14,5,9,199,7,192,6.572769953051644,2.3474178403755865,4.225352112676056,93.42723004694837,3.286384976525822,90.14084507042254
E00182173,241,12,0,12,229,10,219,4.979253112033195,0,4.979253112033195,95.0207468879668,4.149377593360995,90.87136929460581
E00182178,322,21,12,9,301,27,274,6.521739130434782,3.7267080745341614,2.7950310559006213,93.47826086956522,8.385093167701864,85.09316770186336
E00182180,206,18,4,14,188,8,180,8.737864077669903,1.9417475728155338,6.796116504854369,91.2621359223301,3.8834951456310676,87.37864077669903
E00182182,348,49,24,25,299,18,281,14.080459770114942,6.896551724137931,7.183908045977011,85.91954022988506,5.172413793103448,80.74712643678161
E00182185,294,36,14,22,258,8,250,12.244897959183673,4.761904761904762,7.482993197278912,87.75510204081633,2.7210884353741496,85.03401360544217
E00182187,313,25,15,10,288,15,273,7.987220447284344,4.792332268370607,3.1948881789137378,92.01277955271566,4.792332268370607,87.22044728434504
E00182188,478,38,10,28,440,23,417,7.949790794979079,2.092050209205021,5.857740585774058,92.05020920502092,4.811715481171548,87.23849372384937
E00182189,138,13,5,8,125,5,120,9.420289855072465,3.6231884057971016,5.797101449275362,90.57971014492753,3.6231884057971016,86.95652173913044
E00182195,386,82,44,38,304,13,291,21.243523316062177,11.398963730569948,9.844559585492227,78.75647668393782,3.3678756476683938,75.38860103626943
E00182197,420,106,82,24,314,12,302,25.238095238095237,19.523809523809526,5.714285714285714,74.76190476190476,2.857142857142857,71.9047619047619
E00182199,424,22,10,12,402,33,369,5.188679245283019,2.358490566037736,2.8301886792452833,94.81132075471697,7.783018867924528,87.02830188679245
E00182201,529,69,22,47,460,25,435,13.043478260869565,4.158790170132325,8.88468809073724,86.95652173913044,4.725897920604915,82.23062381852552
E00182204,118,12,5,7,106,6,100,10.16949152542373,4.23728813559322,5.932203389830509,89.83050847457628,5.084745762711865,84.7457627118644
E00182205,136,16,4,12,120,13,107,11.76470588235294,2.941176470588235,8.823529411764707,88.23529411764706,9.558823529411764,78.67647058823529
E00182214,178,17,4,13,161,21,140,9.550561797752808,2.247191011235955,7.303370786516854,90.4494382022472,11.797752808988763,78.65168539325843
E00182215,185,20,5,15,165,16,149,10.81081081081081,2.7027027027027026,8.108108108108109,89.1891891891892,8.64864864864865,80.54054054054053
E00182216,272,35,15,20,237,12,225,12.867647058823529,5.514705882352941,7.352941176470589,87.13235294117648,4.411764705882353,82.72058823529412
E00182218,111,12,6,6,99,8,91,10.81081081081081,5.405405405405405,5.405405405405405,89.1891891891892,7.207207207207207,81.98198198198197
E00182219,178,33,22,11,145,9,136,18.53932584269663,12.359550561797752,6.179775280898876,81.46067415730337,5.056179775280898,76.40449438202246
E00182222,254,30,15,15,224,14,210,11.811023622047244,5.905511811023622,5.905511811023622,88.18897637795276,5.511811023622047,82.67716535433071
E00182223,187,15,4,11,172,9,163,8.0213903743315509,2.13903743315508,5.88235294117647,91.97860962566845,4.81283422459893,87.16577540106952
E00182224,311,52,23,29,259,10,249,16.720257234726688,7.395498392282958,9.32475884244373,83.27974276527331,3.215434083601286,80.06430868167203
E00182226,180,10,2,8,170,15,155,5.555555555555555,1.1111111111111112,4.444444444444445,94.44444444444444,8.333333333333332,86.11111111111111
E00182227,540,48,17,31,492,46,446,8.88888888888889,3.148148148148148,5.7407407407407405,91.11111111111111,8.518518518518519,82.5925925925926
E00182228,314,20,2,18,294,17,277,6.369426751592357,0.6369426751592357,5.7324840764331215,93.63057324840764,5.414012738853503,88.21656050955414
E00182233,426,26,7,19,400,27,373,6.103286384976526,1.643192488262911,4.460093896713615,93.89671361502347,6.338028169014084,87.55868544600939
E00182234,185,24,12,12,161,8,153,12.972972972972974,6.486486486486487,6.486486486486487,87.02702702702703,4.324324324324325,82.70270270270271
E00182236,516,31,15,16,485,22,463,6.007751937984496,2.9069767441860463,3.10077519379845,93.9922480620155,4.263565891472868,89.72868217054264
E00182237,381,28,6,22,353,7,346,7.349081364829396,1.574803149606299,5.774278215223097,92.6509186351706,1.837270341207349,90.81364829396325
E00182238,606,88,13,75,518,38,480,14.521452145214523,2.145214521452145,12.376237623762377,85.47854785478548,6.270627062706271,79.20792079207921
E00182239,224,18,3,15,206,17,189,8.035714285714286,1.3392857142857142,6.696428571428571,91.96428571428571,7.5892857142857135,84.375
E00182240,351,18,4,14,333,22,311,5.128205128205128,1.1396011396011396,3.9886039886039883,94.87179487179486,6.267806267806268,88.6039886039886
E00182241,284,11,5,6,273,8,265,3.873239436619718,1.7605633802816902,2.112676056338028,96.12676056338029,2.8169014084507045,93.30985915492957
E00182244,333,31,10,21,302,17,285,9.30930930930931,3.003003003003003,6.306306306306306,90.69069069069069,5.105105105105105,85.58558558558559
E00182245,278,47,25,22,231,11,220,16.906474820143885,8.992805755395683,7.913669064748201,83.09352517985612,3.9568345323741005,79.13669064748201
E00182248,202,16,3,13,186,11,175,7.920792079207921,1.4851485148514851,6.435643564356436,92.07920792079209,5.445544554455446,86.63366336633663
E00182250,428,69,33,36,359,19,340,16.121495327102803,7.710280373831775,8.411214953271028,83.8785046728972,4.439252336448598,79.43925233644859
E00182252,451,31,14,17,420,21,399,6.873614190687362,3.1042128603104215,3.7694013303769403,93.12638580931264,4.656319290465632,88.470066518847
E00182257,239,17,0,17,222,12,210,7.112970711297072,0,7.112970711297072,92.88702928870293,5.02092050209205,87.86610878661088
E00182260,239,39,19,20,200,13,187,16.317991631799163,7.949790794979079,8.368200836820083,83.68200836820083,5.439330543933055,78.24267782426779
E00182261,270,54,30,24,216,18,198,20,11.11111111111111,8.88888888888889,80,6.666666666666667,73.33333333333333
E00182263,150,27,11,16,123,8,115,18,7.333333333333333,10.666666666666668,82,5.333333333333334,76.66666666666667
E00182268,399,20,7,13,379,19,360,5.012531328320802,1.7543859649122806,3.258145363408521,94.9874686716792,4.761904761904762,90.22556390977444
E00182269,358,73,41,32,285,12,273,20.391061452513966,11.452513966480447,8.938547486033519,79.60893854748603,3.35195530726257,76.25698324022346
E00182275,245,24,4,20,221,17,204,9.795918367346939,1.6326530612244898,8.16326530612245,90.20408163265307,6.938775510204081,83.26530612244898
E00182276,553,45,6,39,508,39,469,8.1374321880651,1.0849909584086799,7.05244122965642,91.86256781193491,7.05244122965642,84.81012658227847
E00182277,194,13,2,11,181,10,171,6.701030927835052,1.0309278350515463,5.670103092783505,93.29896907216495,5.154639175257731,88.14432989690721
E00182281,276,20,3,17,256,10,246,7.246376811594203,1.0869565217391304,6.159420289855073,92.7536231884058,3.6231884057971016,89.13043478260869
E00182284,225,17,4,13,208,9,199,7.555555555555555,1.7777777777777777,5.777777777777778,92.44444444444444,4,88.44444444444444
E00182287,370,42,18,24,328,19,309,11.351351351351353,4.864864864864865,6.486486486486487,88.64864864864866,5.135135135135135,83.51351351351352
E00182288,213,102,63,39,111,10,101,47.88732394366197,29.577464788732392,18.30985915492958,52.112676056338024,4.694835680751173,47.417840375586856
E00182289,384,40,15,25,344,26,318,10.416666666666668,3.90625,6.510416666666667,89.58333333333334,6.770833333333333,82.8125
E00182294,129,19,4,15,110,4,106,14.728682170542637,3.10077519379845,11.627906976744185,85.27131782945736,3.10077519379845,82.17054263565892
E00182295,443,57,20,37,386,25,361,12.866817155756207,4.514672686230249,8.35214446952596,87.13318284424379,5.643340857787811,81.48984198645599
E00182296,270,33,20,13,237,9,228,12.222222222222221,7.4074074074074066,4.814814814814815,87.77777777777777,3.3333333333333335,84.44444444444444
E00182297,474,40,17,23,434,11,423,8.438818565400844,3.5864978902953584,4.852320675105485,91.56118143459916,2.320675105485232,89.24050632911393
E00182300,408,38,15,23,370,35,335,9.313725490196079,3.6764705882352944,5.637254901960785,90.68627450980392,8.57843137254902,82.1078431372549
E00182302,412,30,11,19,382,22,360,7.281553398058252,2.669902912621359,4.611650485436893,92.71844660194175,5.339805825242718,87.37864077669903
E00182303,458,64,23,41,394,19,375,13.973799126637553,5.021834061135371,8.951965065502183,86.02620087336244,4.148471615720524,81.87772925764192
E00182304,433,39,10,29,394,27,367,9.006928406466514,2.3094688221709005,6.697459584295612,90.99307159353349,6.235565819861432,84.75750577367207
E00182305,178,21,8,13,157,14,143,11.797752808988763,4.49438202247191,7.303370786516854,88.20224719101124,7.865168539325842,80.33707865168539
E00182309,112,5,2,3,107,7,100,4.464285714285714,1.7857142857142856,2.6785714285714284,95.53571428571429,6.25,89.28571428571429
E00182311,461,36,15,21,425,21,404,7.809110629067245,3.2537960954446854,4.55531453362256,92.19088937093277,4.55531453362256,87.63557483731019
E00182316,476,34,9,25,442,25,417,7.142857142857142,1.8907563025210083,5.2521008403361344,92.85714285714286,5.2521008403361344,87.60504201680672
E00182322,349,31,11,20,318,11,307,8.882521489971348,3.151862464183381,5.730659025787966,91.11747851002865,3.151862464183381,87.96561604584528
E00182323,175,15,3,12,160,12,148,8.571428571428571,1.7142857142857144,6.857142857142858,91.42857142857143,6.857142857142858,84.57142857142857
E00182328,192,20,7,13,172,9,163,10.416666666666668,3.6458333333333335,6.770833333333333,89.58333333333334,4.6875,84.89583333333334
E00182331,200,59,30,29,141,12,129,29.5,15,14.499999999999998,70.5,6,64.5
E00182333,365,16,3,13,349,22,327,4.383561643835616,0.821917808219178,3.5616438356164384,95.61643835616438,6.027397260273973,89.58904109589041
E00182334,397,42,13,29,355,21,334,10.579345088161208,3.27455919395466,7.304785894206549,89.4206549118388,5.289672544080604,84.1309823677582
E00182335,264,38,17,21,226,10,216,14.393939393939394,6.4393939393939394,7.954545454545454,85.60606060606061,3.787878787878788,81.81818181818183
E00182338,318,19,5,14,299,11,288,5.9748427672955975,1.5723270440251573,4.40251572327044,94.0251572327044,3.459119496855346,90.56603773584906
E00182345,118,6,2,4,112,7,105,5.084745762711865,1.694915254237288,3.389830508474576,94.91525423728814,5.932203389830509,88.98305084745762
E00182346,182,18,4,14,164,10,154,9.89010989010989,2.197802197802198,7.6923076923076925,90.10989010989012,5.4945054945054945,84.61538461538461
E00182349,335,30,9,21,305,10,295,8.955223880597014,2.6865671641791042,6.26865671641791,91.04477611940298,2.9850746268656714,88.05970149253731
E00182353,475,34,10,24,441,17,424,7.157894736842104,2.1052631578947367,5.052631578947368,92.84210526315789,3.578947368421052,89.26315789473685
E00182354,335,53,21,32,282,14,268,15.82089552238806,6.26865671641791,9.55223880597015,84.17910447761194,4.179104477611941,80
E00182355,370,42,19,23,328,13,315,11.351351351351353,5.135135135135135,6.216216216216217,88.64864864864866,3.5135135135135136,85.13513513513513
E00182357,137,19,8,11,118,6,112,13.86861313868613,5.839416058394161,8.02919708029197,86.13138686131386,4.37956204379562,81.75182481751825
E00182358,427,36,13,23,391,31,360,8.430913348946136,3.0444964871194378,5.386416861826698,91.56908665105387,7.259953161592506,84.30913348946136
E00182359,290,48,26,22,242,15,227,16.551724137931036,8.96551724137931,7.586206896551724,83.44827586206897,5.172413793103448,78.27586206896552
E00182360,103,11,5,6,92,1,91,10.679611650485436,4.854368932038835,5.825242718446602,89.32038834951457,0.9708737864077669,88.3495145631068
E00182362,239,20,11,9,219,17,202,8.368200836820083,4.602510460251046,3.765690376569038,91.63179916317992,7.112970711297072,84.51882845188284
E00182363,306,48,22,26,258,7,251,15.686274509803921,7.18954248366013,8.49673202614379,84.31372549019608,2.287581699346405,82.02614379084967
E00182364,154,49,32,17,105,7,98,31.818181818181817,20.77922077922078,11.03896103896104,68.18181818181817,4.545454545454546,63.63636363636363
E00182368,518,58,21,37,460,21,439,11.196911196911197,4.054054054054054,7.142857142857142,88.8030888030888,4.054054054054054,84.74903474903475
E00182374,560,25,9,16,535,26,509,4.464285714285714,1.607142857142857,2.857142857142857,95.53571428571429,4.642857142857143,90.89285714285714
E00182375,152,7,1,6,145,14,131,4.605263157894736,0.6578947368421052,3.9473684210526314,95.39473684210526,9.210526315789473,86.18421052631578
E00182376,227,8,2,6,219,11,208,3.524229074889868,0.881057268722467,2.643171806167401,96.47577092511013,4.845814977973569,91.62995594713657
E00182377,188,14,2,12,174,11,163,7.446808510638298,1.0638297872340425,6.382978723404255,92.5531914893617,5.851063829787234,86.70212765957447
E00182379,320,51,29,22,269,13,256,15.937499999999998,9.0625,6.875000000000001,84.0625,4.0625,80
E00182384,486,49,17,32,437,17,420,10.08230452674897,3.4979423868312756,6.584362139917696,89.91769547325103,3.4979423868312756,86.41975308641975
E00182386,115,13,3,10,102,8,94,11.304347826086957,2.608695652173913,8.695652173913043,88.69565217391305,6.956521739130435,81.73913043478261
E00182388,428,48,24,24,380,33,347,11.214953271028037,5.607476635514018,5.607476635514018,88.78504672897196,7.710280373831775,81.07476635514018
E00182398,227,25,14,11,202,10,192,11.013215859030836,6.167400881057269,4.845814977973569,88.98678414096916,4.405286343612335,84.58149779735683
