OA,ts0380001,ts0380002,ts0380003,ts0380004,ts0380005,ts0380006,ts0380007,ts0380002_PCT,ts0380003_PCT,ts0380004_PCT,ts0380005_PCT,ts0380006_PCT,ts0380007_PCT
E00045077,322,44,19,25,278,17,261,13.664596273291925,5.900621118012422,7.763975155279502,86.33540372670807,5.279503105590062,81.05590062111801
E00045078,373,56,16,40,317,24,293,15.013404825737265,4.289544235924933,10.723860589812332,84.98659517426273,6.434316353887399,78.55227882037534
E00045079,307,52,23,29,255,12,243,16.938110749185668,7.491856677524431,9.446254071661238,83.06188925081433,3.908794788273615,79.15309446254072
E00045080,381,60,20,40,321,23,298,15.748031496062993,5.2493438320209975,10.498687664041995,84.25196850393701,6.036745406824147,78.21522309711287
E00045081,250,90,49,41,160,12,148,36,19.6,16.400000000000002,64,4.8,59.199999999999996
E00045082,443,80,35,45,363,24,339,18.058690744920995,7.900677200902935,10.15801354401806,81.941309255079,5.417607223476298,76.52370203160271
E00045083,361,57,21,36,304,16,288,15.789473684210526,5.8171745152354575,9.97229916897507,84.21052631578947,4.43213296398892,79.77839335180056
E00045084,347,54,23,31,293,17,276,15.561959654178676,6.628242074927954,8.93371757925072,84.43804034582134,4.899135446685879,79.53890489913545
E00045085,297,95,52,43,202,15,187,31.986531986531986,17.50841750841751,14.47811447811448,68.01346801346801,5.05050505050505,62.96296296296296
E00045086,434,87,52,35,347,20,327,20.046082949308754,11.981566820276496,8.064516129032258,79.95391705069125,4.6082949308755765,75.34562211981567
E00045087,248,72,34,38,176,19,157,29.03225806451613,13.709677419354838,15.32258064516129,70.96774193548387,7.661290322580645,63.306451612903224
E00045088,311,41,17,24,270,22,248,13.183279742765272,5.466237942122187,7.717041800643088,86.81672025723472,7.07395498392283,79.7427652733119
E00045090,360,77,24,53,283,16,267,21.38888888888889,6.666666666666667,14.722222222222223,78.61111111111111,4.444444444444445,74.16666666666667
E00045091,403,126,75,51,277,27,250,31.265508684863523,18.610421836228287,12.655086848635236,68.73449131513648,6.699751861042183,62.03473945409429
E00045092,400,94,38,56,306,33,273,23.5,9.5,14.000000000000002,76.5,8.25,68.25
E00045093,290,56,21,35,234,15,219,19.310344827586206,7.241379310344828,12.068965517241379,80.6896551724138,5.172413793103448,75.51724137931033
E00045094,417,63,25,38,354,31,323,15.107913669064748,5.995203836930456,9.112709832134293,84.89208633093526,7.434052757793765,77.45803357314148
E00045095,314,53,25,28,261,22,239,16.878980891719745,7.961783439490445,8.9171974522293,83.12101910828027,7.006369426751593,76.11464968152866
E00045096,239,63,34,29,176,16,160,26.359832635983267,14.225941422594143,12.133891213389122,73.64016736401673,6.694560669456067,66.94560669456067
E00045097,323,52,24,28,271,22,249,16.09907120743034,7.430340557275541,8.6687306501548,83.90092879256966,6.811145510835913,77.08978328173374
E00045098,272,32,10,22,240,16,224,11.76470588235294,3.6764705882352944,8.088235294117647,88.23529411764706,5.88235294117647,82.35294117647058
E00045099,276,58,29,29,218,13,205,21.014492753623188,10.507246376811594,10.507246376811594,78.98550724637681,4.710144927536232,74.27536231884058
E00045100,381,84,42,42,297,18,279,22.04724409448819,11.023622047244094,11.023622047244094,77.95275590551181,4.724409448818897,73.22834645669292
E00045101,412,55,28,27,357,15,342,13.349514563106796,6.796116504854369,6.553398058252427,86.6504854368932,3.640776699029126,83.00970873786407
E00045102,457,79,38,41,378,25,353,17.286652078774615,8.315098468271334,8.971553610503284,82.71334792122538,5.470459518599562,77.24288840262582
E00045103,370,75,38,37,295,17,278,20.27027027027027,10.27027027027027,10,79.72972972972973,4.594594594594595,75.13513513513513
E00045104,409,59,23,36,350,16,334,14.425427872860636,5.623471882640587,8.80195599022005,85.57457212713936,3.9119804400977993,81.66259168704157
E00045105,399,63,28,35,336,29,307,15.789473684210526,7.017543859649122,8.771929824561402,84.21052631578947,7.268170426065162,76.94235588972431
E00045106,365,69,31,38,296,4,292,18.904109589041095,8.493150684931507,10.41095890410959,81.0958904109589,1.095890410958904,80
E00045107,420,59,39,20,361,14,347,14.047619047619047,9.285714285714286,4.761904761904762,85.95238095238096,3.3333333333333335,82.61904761904762
E00045108,325,61,31,30,264,7,257,18.76923076923077,9.538461538461538,9.230769230769232,81.23076923076923,2.1538461538461537,79.07692307692308
E00045109,443,63,32,31,380,22,358,14.221218961625281,7.223476297968396,6.997742663656885,85.77878103837472,4.966139954853273,80.81264108352144
E00045110,303,54,23,31,249,23,226,17.82178217821782,7.590759075907591,10.231023102310232,82.17821782178217,7.590759075907591,74.58745874587459
E00045111,387,71,29,42,316,11,305,18.34625322997416,7.493540051679587,10.852713178294573,81.65374677002583,2.842377260981912,78.81136950904393
E00045112,353,50,23,27,303,19,284,14.164305949008499,6.515580736543909,7.64872521246459,85.8356940509915,5.382436260623229,80.45325779036827
E00045113,343,67,36,31,276,10,266,19.533527696793,10.495626822157435,9.037900874635568,80.466472303207,2.9154518950437316,77.55102040816327
E00045114,355,58,35,23,297,10,287,16.338028169014084,9.859154929577464,6.478873239436619,83.66197183098592,2.8169014084507045,80.84507042253522
E00045115,344,63,33,30,281,17,264,18.313953488372093,9.593023255813954,8.720930232558139,81.68604651162791,4.941860465116279,76.74418604651163
E00045116,466,66,33,33,400,14,386,14.163090128755366,7.081545064377683,7.081545064377683,85.83690987124464,3.004291845493562,82.83261802575107
E00045117,329,66,30,36,263,6,257,20.060790273556233,9.118541033434651,10.94224924012158,79.93920972644378,1.82370820668693,78.11550151975683
E00045118,387,58,25,33,329,23,306,14.987080103359174,6.459948320413436,8.527131782945736,85.01291989664082,5.943152454780361,79.06976744186046
E00045119,418,78,40,38,340,7,333,18.660287081339714,9.569377990430622,9.090909090909092,81.3397129186603,1.674641148325359,79.66507177033493
E00045120,443,66,42,24,377,11,366,14.89841986455982,9.480812641083523,5.417607223476298,85.10158013544017,2.4830699774266365,82.61851015801355
E00045121,439,69,31,38,370,12,358,15.717539863325742,7.061503416856492,8.656036446469248,84.28246013667426,2.733485193621868,81.54897494305239
E00045122,278,66,37,29,212,9,203,23.741007194244602,13.309352517985612,10.431654676258994,76.2589928057554,3.237410071942446,73.02158273381295
E00045123,247,53,24,29,194,13,181,21.45748987854251,9.7165991902834,11.740890688259109,78.54251012145748,5.263157894736842,73.27935222672065
E00045124,400,65,32,33,335,11,324,16.25,8,8.25,83.75,2.75,81
E00045125,381,44,24,20,337,11,326,11.548556430446194,6.299212598425196,5.2493438320209975,88.4514435695538,2.8871391076115485,85.56430446194226
E00045126,456,62,25,37,394,6,388,13.596491228070176,5.482456140350877,8.114035087719298,86.40350877192982,1.3157894736842104,85.08771929824562
E00045127,385,41,24,17,344,14,330,10.649350649350648,6.233766233766234,4.415584415584416,89.35064935064935,3.6363636363636362,85.71428571428571
E00045128,491,75,37,38,416,15,401,15.274949083503056,7.535641547861507,7.739307535641547,84.72505091649694,3.054989816700611,81.67006109979633
E00045129,511,73,37,36,438,24,414,14.285714285714285,7.240704500978473,7.045009784735812,85.71428571428571,4.6966731898238745,81.01761252446184
E00045130,315,55,17,38,260,22,238,17.46031746031746,5.396825396825397,12.063492063492063,82.53968253968253,6.984126984126984,75.55555555555556
E00045131,471,61,29,32,410,16,394,12.951167728237792,6.1571125265392785,6.794055201698514,87.04883227176221,3.397027600849257,83.65180467091295
E00045132,227,46,20,26,181,14,167,20.26431718061674,8.81057268722467,11.45374449339207,79.73568281938326,6.167400881057269,73.568281938326
E00045133,294,52,20,32,242,12,230,17.687074829931973,6.802721088435375,10.884353741496598,82.31292517006803,4.081632653061225,78.2312925170068
E00045134,495,74,44,30,421,8,413,14.949494949494948,8.88888888888889,6.0606060606060606,85.05050505050505,1.6161616161616161,83.43434343434343
E00045135,352,72,35,37,280,11,269,20.454545454545457,9.943181818181818,10.511363636363637,79.54545454545455,3.125,76.42045454545455
E00045136,389,101,59,42,288,10,278,25.96401028277635,15.167095115681233,10.796915167095115,74.03598971722364,2.570694087403599,71.46529562982005
E00045137,372,39,12,27,333,18,315,10.483870967741936,3.225806451612903,7.258064516129033,89.51612903225806,4.838709677419355,84.67741935483872
E00045138,370,47,16,31,323,9,314,12.702702702702704,4.324324324324325,8.378378378378379,87.29729729729729,2.4324324324324325,84.86486486486487
E00045139,140,77,56,21,63,7,56,55.00000000000001,40,15,45,5,40
E00045140,354,71,39,32,283,18,265,20.056497175141246,11.016949152542372,9.03954802259887,79.94350282485875,5.084745762711865,74.85875706214689
E00045141,290,41,17,24,249,22,227,14.13793103448276,5.862068965517241,8.275862068965518,85.86206896551725,7.586206896551724,78.27586206896552
E00045142,381,70,33,37,311,21,290,18.37270341207349,8.661417322834646,9.711286089238845,81.62729658792651,5.511811023622047,76.11548556430446
E00045143,361,54,26,28,307,18,289,14.958448753462603,7.202216066481995,7.756232686980609,85.0415512465374,4.986149584487535,80.05540166204986
E00045144,329,36,14,22,293,36,257,10.94224924012158,4.25531914893617,6.68693009118541,89.05775075987842,10.94224924012158,78.11550151975683
E00045145,461,49,21,28,412,21,391,10.629067245119305,4.55531453362256,6.073752711496746,89.3709327548807,4.55531453362256,84.81561822125813
E00045146,363,54,23,31,309,16,293,14.87603305785124,6.336088154269973,8.539944903581267,85.12396694214877,4.40771349862259,80.71625344352617
E00045147,306,49,25,24,257,10,247,16.013071895424837,8.169934640522875,7.8431372549019605,83.98692810457517,3.2679738562091507,80.71895424836602
E00045148,342,68,23,45,274,9,265,19.883040935672515,6.725146198830409,13.157894736842104,80.11695906432749,2.631578947368421,77.48538011695906
E00045149,256,42,19,23,214,10,204,16.40625,7.421875,8.984375,83.59375,3.90625,79.6875
E00045150,324,40,14,26,284,17,267,12.345679012345679,4.320987654320987,8.024691358024691,87.65432098765432,5.246913580246913,82.4074074074074
E00045151,316,56,26,30,260,15,245,17.72151898734177,8.227848101265822,9.49367088607595,82.27848101265823,4.746835443037975,77.53164556962025
E00045152,320,59,26,33,261,18,243,18.4375,8.125,10.3125,81.5625,5.625,75.9375
E00045153,397,77,31,46,320,18,302,19.395465994962215,7.8085642317380355,11.586901763224182,80.60453400503779,4.534005037783375,76.0705289672544
E00045154,318,47,20,27,271,16,255,14.779874213836477,6.289308176100629,8.49056603773585,85.22012578616352,5.031446540880504,80.18867924528303
E00045155,404,47,25,22,357,19,338,11.633663366336634,6.188118811881188,5.445544554455446,88.36633663366337,4.702970297029703,83.66336633663366
E00045156,272,43,21,22,229,16,213,15.808823529411764,7.720588235294118,8.088235294117647,84.19117647058823,5.88235294117647,78.30882352941177
E00045157,329,44,17,27,285,20,265,13.37386018237082,5.167173252279635,8.206686930091186,86.62613981762918,6.079027355623101,80.54711246200608
E00045158,358,74,45,29,284,10,274,20.670391061452513,12.569832402234638,8.100558659217876,79.3296089385475,2.793296089385475,76.53631284916202
E00045159,306,48,20,28,258,21,237,15.686274509803921,6.535947712418301,9.15032679738562,84.31372549019608,6.862745098039216,77.45098039215686
E00045160,398,78,37,41,320,21,299,19.597989949748744,9.296482412060302,10.301507537688442,80.40201005025126,5.276381909547738,75.12562814070351
E00045161,277,74,41,33,203,19,184,26.714801444043324,14.801444043321299,11.913357400722022,73.28519855595668,6.859205776173286,66.4259927797834
E00045162,402,59,29,30,343,18,325,14.676616915422885,7.213930348258707,7.462686567164178,85.3233830845771,4.477611940298507,80.84577114427861
E00045163,336,57,18,39,279,26,253,16.964285714285715,5.357142857142857,11.607142857142858,83.03571428571429,7.738095238095238,75.29761904761905
E00045164,280,106,52,54,174,14,160,37.857142857142854,18.571428571428573,19.28571428571429,62.142857142857146,5,57.14285714285714
E00045165,371,70,32,38,301,22,279,18.867924528301888,8.62533692722372,10.242587601078167,81.13207547169812,5.929919137466308,75.2021563342318
E00045166,339,52,29,23,287,11,276,15.339233038348082,8.55457227138643,6.784660766961652,84.66076696165192,3.2448377581120944,81.41592920353983
E00045167,460,86,44,42,374,13,361,18.695652173913043,9.565217391304348,9.130434782608695,81.30434782608695,2.8260869565217392,78.47826086956522
E00045168,457,79,41,38,378,8,370,17.286652078774615,8.971553610503284,8.315098468271334,82.71334792122538,1.75054704595186,80.96280087527352
E00045169,446,48,27,21,398,18,380,10.762331838565023,6.053811659192825,4.708520179372197,89.23766816143498,4.0358744394618835,85.20179372197309
E00045171,568,73,39,34,495,18,477,12.852112676056338,6.866197183098592,5.985915492957746,87.14788732394366,3.169014084507042,83.97887323943662
E00045172,533,80,44,36,453,12,441,15.0093808630394,8.25515947467167,6.75422138836773,84.9906191369606,2.25140712945591,82.73921200750469
E00045173,569,80,32,48,489,7,482,14.059753954305801,5.623901581722319,8.43585237258348,85.9402460456942,1.2302284710017575,84.71001757469244
E00045174,441,82,48,34,359,27,332,18.594104308390023,10.884353741496598,7.709750566893423,81.40589569160997,6.122448979591836,75.28344671201815
E00045175,487,86,33,53,401,13,388,17.659137577002053,6.7761806981519515,10.882956878850102,82.34086242299796,2.6694045174537986,79.67145790554414
E00045176,446,78,37,41,368,10,358,17.48878923766816,8.295964125560538,9.192825112107624,82.51121076233184,2.242152466367713,80.26905829596413
E00045178,469,82,49,33,387,7,380,17.48400852878465,10.44776119402985,7.036247334754798,82.51599147121536,1.4925373134328357,81.02345415778251
E00045180,378,35,11,24,343,8,335,9.25925925925926,2.91005291005291,6.349206349206349,90.74074074074075,2.1164021164021163,88.62433862433863
E00045181,358,47,20,27,311,13,298,13.128491620111731,5.58659217877095,7.5418994413407825,86.87150837988827,3.6312849162011176,83.24022346368714
E00045182,347,66,35,31,281,13,268,19.020172910662826,10.086455331412104,8.93371757925072,80.97982708933718,3.7463976945244957,77.23342939481267
E00045183,519,83,33,50,436,12,424,15.992292870905588,6.358381502890173,9.633911368015415,84.00770712909441,2.312138728323699,81.69556840077071
E00045184,355,60,27,33,295,6,289,16.901408450704224,7.605633802816901,9.295774647887324,83.09859154929578,1.6901408450704223,81.40845070422536
E00045186,381,43,20,23,338,21,317,11.286089238845145,5.2493438320209975,6.036745406824147,88.71391076115486,5.511811023622047,83.2020997375328
E00045187,390,61,32,29,329,16,313,15.64102564102564,8.205128205128204,7.435897435897436,84.35897435897436,4.102564102564102,80.25641025641026
E00045188,335,41,20,21,294,26,268,12.238805970149254,5.970149253731343,6.26865671641791,87.76119402985074,7.761194029850746,80
E00045189,342,76,36,40,266,15,251,22.22222222222222,10.526315789473683,11.695906432748536,77.77777777777779,4.385964912280701,73.39181286549707
E00045190,557,60,27,33,497,15,482,10.771992818671453,4.847396768402154,5.9245960502693,89.22800718132855,2.6929982046678633,86.53500897666068
E00045191,350,76,35,41,274,5,269,21.714285714285715,10,11.714285714285715,78.28571428571428,1.4285714285714286,76.85714285714286
E00045193,520,69,38,31,451,13,438,13.26923076923077,7.307692307692308,5.961538461538462,86.73076923076923,2.5,84.23076923076923
E00045196,223,29,16,13,194,10,184,13.004484304932735,7.174887892376682,5.829596412556054,86.99551569506725,4.484304932735426,82.51121076233184
E00045197,467,47,26,21,420,12,408,10.06423982869379,5.567451820128479,4.496788008565311,89.93576017130621,2.569593147751606,87.36616702355461
E00045198,146,41,26,15,105,8,97,28.08219178082192,17.80821917808219,10.273972602739725,71.91780821917808,5.47945205479452,66.43835616438356
E00045199,527,63,26,37,464,10,454,11.954459203036052,4.933586337760911,7.020872865275142,88.04554079696395,1.8975332068311195,86.14800759013282
E00045200,496,137,79,58,359,22,337,27.62096774193548,15.92741935483871,11.693548387096774,72.37903225806451,4.435483870967742,67.94354838709677
E00045201,425,52,33,19,373,13,360,12.23529411764706,7.764705882352942,4.470588235294118,87.76470588235294,3.058823529411765,84.70588235294117
E00045202,370,59,31,28,311,13,298,15.945945945945947,8.378378378378379,7.567567567567568,84.05405405405405,3.5135135135135136,80.54054054054053
E00045204,625,50,26,24,575,11,564,8,4.16,3.84,92,1.76,90.24
E00045205,395,63,19,44,332,17,315,15.949367088607595,4.810126582278481,11.139240506329113,84.05063291139241,4.30379746835443,79.74683544303798
E00045206,448,65,28,37,383,13,370,14.508928571428573,6.25,8.258928571428571,85.49107142857143,2.9017857142857144,82.58928571428571
E00045207,301,36,19,17,265,11,254,11.960132890365449,6.312292358803987,5.647840531561462,88.03986710963456,3.6544850498338874,84.38538205980066
E00045208,556,48,18,30,508,13,495,8.633093525179856,3.237410071942446,5.39568345323741,91.36690647482014,2.338129496402878,89.02877697841727
E00045210,336,28,13,15,308,9,299,8.333333333333332,3.869047619047619,4.464285714285714,91.66666666666666,2.6785714285714284,88.98809523809523
E00045212,554,68,28,40,486,18,468,12.274368231046932,5.054151624548736,7.2202166064981945,87.72563176895306,3.2490974729241873,84.47653429602889
E00045213,490,79,23,56,411,13,398,16.122448979591837,4.6938775510204085,11.428571428571429,83.87755102040816,2.6530612244897958,81.22448979591836
E00045214,325,28,11,17,297,10,287,8.615384615384615,3.3846153846153846,5.230769230769231,91.38461538461539,3.076923076923077,88.3076923076923
E00045215,484,32,14,18,452,26,426,6.6115702479338845,2.8925619834710745,3.71900826446281,93.38842975206612,5.371900826446281,88.01652892561982
E00045216,363,39,15,24,324,15,309,10.743801652892563,4.132231404958678,6.6115702479338845,89.25619834710744,4.132231404958678,85.12396694214877
E00045217,422,73,52,21,349,4,345,17.298578199052134,12.322274881516588,4.976303317535545,82.70142180094787,0.9478672985781991,81.75355450236967
E00045218,444,40,19,21,404,12,392,9.00900900900901,4.2792792792792795,4.72972972972973,90.990990990991,2.7027027027027026,88.28828828828829
E00045219,528,52,28,24,476,10,466,9.848484848484848,5.303030303030303,4.545454545454546,90.15151515151516,1.893939393939394,88.25757575757575
E00045220,414,67,33,34,347,13,334,16.183574879227052,7.971014492753622,8.212560386473431,83.81642512077295,3.140096618357488,80.67632850241546
E00045221,391,50,28,22,341,7,334,12.787723785166241,7.161125319693094,5.626598465473146,87.21227621483376,1.7902813299232736,85.42199488491049
E00045222,114,15,6,9,99,9,90,13.157894736842104,5.263157894736842,7.894736842105263,86.8421052631579,7.894736842105263,78.94736842105263
E00045223,344,54,30,24,290,6,284,15.69767441860465,8.720930232558139,6.976744186046512,84.30232558139535,1.744186046511628,82.55813953488372
E00045224,289,30,16,14,259,8,251,10.380622837370241,5.536332179930796,4.844290657439446,89.61937716262976,2.768166089965398,86.85121107266436
E00045225,296,33,17,16,263,8,255,11.14864864864865,5.743243243243244,5.405405405405405,88.85135135135135,2.7027027027027026,86.14864864864865
E00045226,223,42,27,15,181,15,166,18.83408071748879,12.10762331838565,6.726457399103139,81.16591928251121,6.726457399103139,74.43946188340807
E00045227,395,78,52,26,317,10,307,19.746835443037973,13.164556962025317,6.582278481012659,80.25316455696202,2.5316455696202533,77.72151898734178
E00045228,323,31,18,13,292,7,285,9.597523219814242,5.572755417956656,4.024767801857585,90.40247678018576,2.1671826625387,88.23529411764706
E00045231,354,44,24,20,310,9,301,12.429378531073446,6.779661016949152,5.649717514124294,87.57062146892656,2.5423728813559325,85.02824858757062
E00045232,563,83,49,34,480,12,468,14.742451154529308,8.703374777975133,6.039076376554174,85.2575488454707,2.1314387211367674,83.12611012433393
E00045233,317,50,19,31,267,8,259,15.772870662460567,5.993690851735016,9.779179810725552,84.22712933753942,2.5236593059936907,81.70347003154575
E00045234,444,67,41,26,377,11,366,15.090090090090092,9.234234234234235,5.8558558558558556,84.90990990990991,2.4774774774774775,82.43243243243244
E00045235,413,53,28,25,360,8,352,12.832929782082324,6.779661016949152,6.053268765133172,87.16707021791767,1.937046004842615,85.23002421307507
E00045236,450,89,51,38,361,18,343,19.77777777777778,11.333333333333332,8.444444444444445,80.22222222222221,4,76.22222222222223
E00045237,416,81,44,37,335,9,326,19.471153846153847,10.576923076923077,8.89423076923077,80.52884615384616,2.1634615384615383,78.36538461538461
E00045238,358,56,30,26,302,12,290,15.64245810055866,8.379888268156424,7.262569832402235,84.35754189944134,3.35195530726257,81.00558659217877
E00045239,447,70,30,40,377,10,367,15.659955257270694,6.7114093959731544,8.94854586129754,84.3400447427293,2.237136465324385,82.10290827740492
E00045240,284,26,15,11,258,5,253,9.15492957746479,5.28169014084507,3.873239436619718,90.84507042253522,1.7605633802816902,89.08450704225352
E00045241,576,55,23,32,521,16,505,9.54861111111111,3.9930555555555554,5.555555555555555,90.45138888888889,2.7777777777777777,87.67361111111111
E00045242,306,58,25,33,248,8,240,18.954248366013072,8.169934640522875,10.784313725490197,81.04575163398692,2.6143790849673203,78.43137254901961
E00045244,418,80,36,44,338,7,331,19.138755980861244,8.61244019138756,10.526315789473683,80.86124401913875,1.674641148325359,79.18660287081339
E00045245,447,55,21,34,392,17,375,12.304250559284116,4.697986577181208,7.606263982102908,87.69574944071589,3.803131991051454,83.89261744966443
E00045247,322,30,9,21,292,5,287,9.316770186335404,2.7950310559006213,6.521739130434782,90.6832298136646,1.5527950310559007,89.13043478260869
E00045249,254,54,21,33,200,23,177,21.25984251968504,8.267716535433072,12.992125984251967,78.74015748031496,9.05511811023622,69.68503937007874
E00045250,227,61,30,31,166,12,154,26.87224669603524,13.215859030837004,13.656387665198238,73.12775330396477,5.286343612334802,67.84140969162996
E00045251,291,73,36,37,218,15,203,25.085910652920962,12.371134020618557,12.714776632302405,74.91408934707904,5.154639175257731,69.7594501718213
E00045252,220,64,30,34,156,18,138,29.09090909090909,13.636363636363635,15.454545454545453,70.9090909090909,8.181818181818182,62.727272727272734
E00045253,274,51,23,28,223,22,201,18.613138686131386,8.394160583941606,10.218978102189782,81.38686131386861,8.02919708029197,73.35766423357664
E00045254,242,57,30,27,185,10,175,23.553719008264462,12.396694214876034,11.15702479338843,76.44628099173553,4.132231404958678,72.31404958677686
E00045255,347,40,13,27,307,25,282,11.527377521613833,3.7463976945244957,7.780979827089338,88.47262247838617,7.204610951008646,81.26801152737752
E00045256,360,104,40,64,256,18,238,28.888888888888886,11.11111111111111,17.77777777777778,71.11111111111111,5,66.11111111111111
E00045257,302,54,17,37,248,25,223,17.880794701986755,5.629139072847682,12.251655629139073,82.11920529801324,8.27814569536424,73.84105960264901
E00045258,313,56,28,28,257,17,240,17.89137380191693,8.945686900958465,8.945686900958465,82.10862619808307,5.431309904153355,76.6773162939297
E00045259,324,54,24,30,270,11,259,16.666666666666664,7.4074074074074066,9.25925925925926,83.33333333333334,3.3950617283950617,79.93827160493827
E00045260,266,37,17,20,229,19,210,13.909774436090224,6.390977443609022,7.518796992481203,86.09022556390977,7.142857142857142,78.94736842105263
E00045261,221,50,25,25,171,13,158,22.624434389140273,11.312217194570136,11.312217194570136,77.37556561085974,5.88235294117647,71.49321266968326
E00045262,286,87,43,44,199,14,185,30.419580419580424,15.034965034965033,15.384615384615385,69.58041958041959,4.895104895104895,64.6853146853147
E00045263,252,67,41,26,185,15,170,26.58730158730159,16.26984126984127,10.317460317460316,73.4126984126984,5.952380952380952,67.46031746031747
E00045264,406,132,70,62,274,16,258,32.51231527093596,17.24137931034483,15.270935960591133,67.48768472906403,3.9408866995073892,63.54679802955665
E00045265,307,92,46,46,215,18,197,29.967426710097723,14.983713355048861,14.983713355048861,70.03257328990227,5.863192182410423,64.16938110749186
E00045266,224,67,28,39,157,13,144,29.910714285714285,12.5,17.410714285714285,70.08928571428571,5.803571428571429,64.28571428571429
E00045267,201,63,34,29,138,15,123,31.343283582089555,16.91542288557214,14.427860696517413,68.65671641791045,7.462686567164178,61.19402985074627
E00045269,294,49,20,29,245,26,219,16.666666666666664,6.802721088435375,9.863945578231291,83.33333333333334,8.843537414965986,74.48979591836735
E00045271,194,54,25,29,140,6,134,27.835051546391753,12.886597938144329,14.948453608247423,72.16494845360825,3.0927835051546393,69.0721649484536
E00045272,217,50,23,27,167,16,151,23.04147465437788,10.599078341013826,12.442396313364055,76.95852534562212,7.373271889400922,69.5852534562212
E00045273,413,34,14,20,379,26,353,8.232445520581114,3.389830508474576,4.8426150121065374,91.76755447941889,6.2953995157385,85.4721549636804
E00045274,427,74,34,40,353,25,328,17.330210772833723,7.962529274004685,9.367681498829041,82.66978922716628,5.85480093676815,76.81498829039812
E00045275,279,41,22,19,238,24,214,14.695340501792115,7.885304659498208,6.810035842293908,85.30465949820788,8.60215053763441,76.70250896057348
E00045276,331,64,36,28,267,17,250,19.335347432024168,10.876132930513595,8.459214501510575,80.66465256797582,5.13595166163142,75.52870090634441
E00045277,298,79,41,38,219,15,204,26.51006711409396,13.758389261744966,12.751677852348994,73.48993288590604,5.033557046979865,68.45637583892618
E00045278,381,43,19,24,338,19,319,11.286089238845145,4.986876640419948,6.299212598425196,88.71391076115486,4.986876640419948,83.72703412073491
E00045279,200,43,16,27,157,11,146,21.5,8,13.5,78.5,5.5,73
E00045280,212,57,26,31,155,13,142,26.88679245283019,12.264150943396226,14.622641509433961,73.11320754716981,6.132075471698113,66.98113207547169
E00045281,291,73,31,42,218,15,203,25.085910652920962,10.652920962199312,14.432989690721648,74.91408934707904,5.154639175257731,69.7594501718213
E00045282,249,49,24,25,200,14,186,19.67871485943775,9.63855421686747,10.040160642570282,80.32128514056225,5.622489959839357,74.69879518072288
E00045283,315,91,35,56,224,18,206,28.888888888888886,11.11111111111111,17.77777777777778,71.11111111111111,5.714285714285714,65.39682539682539
E00045284,368,73,36,37,295,11,284,19.83695652173913,9.782608695652174,10.054347826086957,80.16304347826086,2.989130434782609,77.17391304347827
E00045285,273,57,28,29,216,12,204,20.87912087912088,10.256410256410255,10.622710622710622,79.12087912087912,4.395604395604396,74.72527472527473
E00045286,343,73,32,41,270,15,255,21.282798833819243,9.329446064139942,11.9533527696793,78.71720116618076,4.373177842565598,74.34402332361516
E00045287,319,46,29,17,273,15,258,14.420062695924765,9.090909090909092,5.329153605015674,85.57993730407524,4.702194357366771,80.87774294670847
E00045288,316,63,27,36,253,21,232,19.936708860759495,8.544303797468354,11.39240506329114,80.0632911392405,6.6455696202531636,73.41772151898735
E00045289,256,73,34,39,183,21,162,28.515625,13.28125,15.234375,71.484375,8.203125,63.28125
E00045290,286,89,34,55,197,15,182,31.11888111888112,11.888111888111888,19.230769230769234,68.88111888111888,5.244755244755245,63.63636363636363
E00045292,292,78,45,33,214,10,204,26.71232876712329,15.41095890410959,11.301369863013697,73.28767123287672,3.4246575342465753,69.86301369863014
E00045293,426,101,53,48,325,35,290,23.708920187793428,12.44131455399061,11.267605633802818,76.29107981220658,8.215962441314554,68.07511737089203
E00045294,307,126,94,32,181,21,160,41.042345276872965,30.618892508143325,10.423452768729643,58.95765472312704,6.840390879478828,52.11726384364821
E00045295,290,68,31,37,222,14,208,23.448275862068964,10.689655172413794,12.758620689655173,76.55172413793103,4.827586206896552,71.72413793103448
E00045296,317,59,27,32,258,24,234,18.61198738170347,8.517350157728707,10.094637223974763,81.38801261829653,7.570977917981073,73.81703470031546
E00045297,266,30,12,18,236,21,215,11.278195488721805,4.511278195488721,6.7669172932330826,88.7218045112782,7.894736842105263,80.82706766917293
E00045298,338,55,16,39,283,18,265,16.272189349112427,4.733727810650888,11.538461538461538,83.72781065088756,5.325443786982249,78.40236686390533
E00045299,347,58,22,36,289,30,259,16.714697406340058,6.340057636887608,10.37463976945245,83.28530259365994,8.645533141210375,74.63976945244957
E00045300,325,67,38,29,258,22,236,20.615384615384617,11.692307692307692,8.923076923076923,79.38461538461539,6.769230769230769,72.61538461538461
E00045301,270,57,17,40,213,23,190,21.11111111111111,6.296296296296296,14.814814814814813,78.88888888888889,8.518518518518519,70.37037037037037
E00045302,216,61,15,46,155,14,141,28.240740740740737,6.944444444444445,21.296296296296298,71.75925925925925,6.481481481481481,65.27777777777779
E00045303,388,77,31,46,311,16,295,19.84536082474227,7.989690721649484,11.855670103092782,80.15463917525774,4.123711340206185,76.03092783505154
E00045304,289,70,25,45,219,15,204,24.22145328719723,8.650519031141869,15.570934256055363,75.77854671280276,5.190311418685121,70.58823529411765
E00045305,278,53,27,26,225,19,206,19.06474820143885,9.712230215827338,9.352517985611511,80.93525179856115,6.83453237410072,74.10071942446042
E00045306,325,53,19,34,272,22,250,16.307692307692307,5.846153846153846,10.461538461538462,83.6923076923077,6.769230769230769,76.92307692307693
E00045307,278,87,50,37,191,3,188,31.294964028776977,17.985611510791365,13.309352517985612,68.70503597122301,1.079136690647482,67.62589928057554
E00045308,319,56,22,34,263,20,243,17.55485893416928,6.896551724137931,10.658307210031348,82.44514106583071,6.269592476489027,76.17554858934169
E00045309,275,80,35,45,195,24,171,29.09090909090909,12.727272727272727,16.363636363636363,70.9090909090909,8.727272727272728,62.18181818181818
E00045310,274,70,41,29,204,17,187,25.547445255474454,14.963503649635038,10.583941605839415,74.45255474452554,6.204379562043796,68.24817518248175
E00045311,269,62,38,24,207,14,193,23.04832713754647,14.12639405204461,8.921933085501859,76.95167286245353,5.204460966542751,71.74721189591078
E00045312,271,52,20,32,219,21,198,19.18819188191882,7.380073800738007,11.808118081180812,80.81180811808119,7.7490774907749085,73.06273062730627
E00045313,295,53,25,28,242,14,228,17.966101694915253,8.47457627118644,9.491525423728813,82.03389830508473,4.745762711864407,77.28813559322035
E00045315,289,73,34,39,216,8,208,25.259515570934255,11.76470588235294,13.494809688581316,74.74048442906575,2.768166089965398,71.97231833910035
E00045317,336,67,29,38,269,26,243,19.940476190476193,8.630952380952381,11.30952380952381,80.05952380952381,7.738095238095238,72.32142857142857
E00045318,261,57,25,32,204,21,183,21.839080459770116,9.578544061302683,12.260536398467432,78.16091954022988,8.045977011494253,70.11494252873564
E00045320,305,64,35,29,241,16,225,20.983606557377048,11.475409836065573,9.508196721311474,79.01639344262294,5.245901639344262,73.77049180327869
E00045321,240,61,32,29,179,13,166,25.416666666666664,13.333333333333334,12.083333333333334,74.58333333333333,5.416666666666667,69.16666666666667
E00045322,352,125,58,67,227,16,211,35.51136363636363,16.477272727272727,19.03409090909091,64.48863636363636,4.545454545454546,59.94318181818182
E00045323,290,62,34,28,228,8,220,21.379310344827587,11.724137931034482,9.655172413793103,78.62068965517241,2.7586206896551726,75.86206896551724
E00045324,373,71,34,37,302,16,286,19.034852546916888,9.115281501340483,9.919571045576408,80.9651474530831,4.289544235924933,76.67560321715817
E00045325,370,85,41,44,285,14,271,22.972972972972975,11.081081081081082,11.891891891891893,77.02702702702703,3.783783783783784,73.24324324324324
E00045326,361,51,24,27,310,18,292,14.127423822714682,6.64819944598338,7.479224376731302,85.87257617728532,4.986149584487535,80.88642659279779
E00045327,273,44,14,30,229,15,214,16.117216117216117,5.128205128205128,10.989010989010989,83.88278388278388,5.4945054945054945,78.3882783882784
E00045328,382,53,24,29,329,23,306,13.874345549738221,6.282722513089005,7.591623036649215,86.12565445026178,6.020942408376963,80.10471204188482
E00045329,326,62,32,30,264,13,251,19.018404907975462,9.815950920245399,9.202453987730062,80.98159509202453,3.9877300613496933,76.99386503067484
E00045330,325,67,35,32,258,24,234,20.615384615384617,10.76923076923077,9.846153846153847,79.38461538461539,7.384615384615385,72
E00045331,350,68,32,36,282,20,262,19.428571428571427,9.142857142857142,10.285714285714285,80.57142857142857,5.714285714285714,74.85714285714286
E00045332,293,58,25,33,235,23,212,19.795221843003414,8.532423208191126,11.262798634812286,80.2047781569966,7.849829351535837,72.35494880546075
E00045333,294,69,39,30,225,14,211,23.46938775510204,13.26530612244898,10.204081632653061,76.53061224489795,4.761904761904762,71.7687074829932
E00045334,415,87,39,48,328,32,296,20.96385542168675,9.397590361445783,11.566265060240964,79.03614457831326,7.710843373493977,71.32530120481928
E00045335,284,59,17,42,225,9,216,20.774647887323944,5.985915492957746,14.788732394366196,79.22535211267606,3.169014084507042,76.05633802816901
E00045336,313,67,29,38,246,22,224,21.405750798722046,9.26517571884984,12.140575079872203,78.59424920127796,7.0287539936102235,71.56549520766772
E00045337,317,79,50,29,238,9,229,24.9211356466877,15.772870662460567,9.14826498422713,75.0788643533123,2.8391167192429023,72.2397476340694
E00045338,288,55,27,28,233,14,219,19.09722222222222,9.375,9.722222222222223,80.90277777777779,4.861111111111112,76.04166666666666
E00045339,463,169,112,57,294,18,276,36.50107991360691,24.190064794816415,12.311015118790497,63.498920086393085,3.8876889848812093,59.611231101511876
E00045340,266,62,36,26,204,14,190,23.308270676691727,13.533834586466165,9.774436090225564,76.69172932330827,5.263157894736842,71.42857142857143
E00045341,291,64,25,39,227,17,210,21.993127147766323,8.59106529209622,13.402061855670103,78.00687285223368,5.841924398625429,72.16494845360825
E00045342,556,85,33,52,471,41,430,15.287769784172662,5.935251798561151,9.352517985611511,84.71223021582733,7.374100719424461,77.33812949640287
E00045343,288,48,25,23,240,24,216,16.666666666666664,8.680555555555555,7.986111111111111,83.33333333333334,8.333333333333332,75
E00045344,296,56,30,26,240,10,230,18.91891891891892,10.135135135135135,8.783783783783784,81.08108108108108,3.3783783783783785,77.7027027027027
E00045345,420,115,52,63,305,25,280,27.380952380952383,12.380952380952381,15,72.61904761904762,5.952380952380952,66.66666666666666
E00045346,345,64,29,35,281,21,260,18.55072463768116,8.405797101449275,10.144927536231885,81.44927536231884,6.086956521739131,75.36231884057972
E00045347,297,61,34,27,236,25,211,20.53872053872054,11.447811447811448,9.090909090909092,79.46127946127946,8.417508417508419,71.04377104377105
E00045348,396,81,44,37,315,24,291,20.454545454545457,11.11111111111111,9.343434343434344,79.54545454545455,6.0606060606060606,73.48484848484848
E00045349,282,51,17,34,231,17,214,18.085106382978726,6.028368794326241,12.056737588652481,81.91489361702128,6.028368794326241,75.88652482269504
E00045350,323,63,26,37,260,20,240,19.5046439628483,8.04953560371517,11.455108359133128,80.4953560371517,6.191950464396285,74.30340557275542
E00045351,346,83,50,33,263,17,246,23.98843930635838,14.450867052023122,9.53757225433526,76.01156069364163,4.913294797687861,71.09826589595376
E00045352,346,57,27,30,289,25,264,16.473988439306357,7.803468208092486,8.670520231213873,83.52601156069365,7.225433526011561,76.30057803468208
E00045353,354,95,21,74,259,27,232,26.836158192090398,5.932203389830509,20.903954802259886,73.1638418079096,7.627118644067797,65.5367231638418
E00045354,314,58,27,31,256,13,243,18.471337579617835,8.598726114649681,9.872611464968154,81.52866242038218,4.140127388535031,77.38853503184714
E00045355,312,52,21,31,260,17,243,16.666666666666664,6.730769230769231,9.935897435897436,83.33333333333334,5.448717948717949,77.88461538461539
E00045356,277,76,35,41,201,12,189,27.436823104693143,12.63537906137184,14.801444043321299,72.56317689530685,4.332129963898916,68.23104693140795
E00045357,317,69,26,43,248,22,226,21.766561514195583,8.201892744479496,13.564668769716087,78.23343848580441,6.940063091482649,71.29337539432177
E00045358,228,48,21,27,180,15,165,21.052631578947366,9.210526315789473,11.842105263157894,78.94736842105263,6.578947368421052,72.36842105263158
E00045359,358,71,28,43,287,24,263,19.832402234636874,7.82122905027933,12.011173184357542,80.16759776536313,6.70391061452514,73.46368715083798
E00045360,322,38,17,21,284,25,259,11.801242236024844,5.279503105590062,6.521739130434782,88.19875776397515,7.763975155279502,80.43478260869566
E00045361,252,41,11,30,211,22,189,16.26984126984127,4.365079365079365,11.904761904761903,83.73015873015873,8.73015873015873,75
E00045362,395,133,83,50,262,24,238,33.67088607594937,21.012658227848103,12.658227848101266,66.32911392405063,6.075949367088607,60.25316455696203
E00045363,347,65,33,32,282,17,265,18.73198847262248,9.510086455331413,9.221902017291066,81.26801152737752,4.899135446685879,76.36887608069163
E00045364,326,56,24,32,270,23,247,17.177914110429448,7.361963190184049,9.815950920245399,82.82208588957054,7.05521472392638,75.76687116564416
E00045365,319,45,17,28,274,18,256,14.106583072100312,5.329153605015674,8.77742946708464,85.8934169278997,5.6426332288401255,80.25078369905955
E00045366,283,65,31,34,218,26,192,22.968197879858657,10.954063604240282,12.014134275618375,77.03180212014135,9.187279151943462,67.84452296819788
E00045367,206,67,35,32,139,6,133,32.5242718446602,16.990291262135923,15.53398058252427,67.47572815533981,2.912621359223301,64.56310679611651
E00045368,249,31,9,22,218,19,199,12.449799196787147,3.614457831325301,8.835341365461847,87.55020080321285,7.630522088353414,79.91967871485943
E00045369,318,57,17,40,261,33,228,17.92452830188679,5.345911949685535,12.578616352201259,82.0754716981132,10.377358490566039,71.69811320754717
E00045370,325,52,22,30,273,21,252,16,6.769230769230769,9.230769230769232,84,6.461538461538462,77.53846153846153
E00045371,317,66,26,40,251,31,220,20.82018927444795,8.201892744479496,12.618296529968454,79.17981072555204,9.779179810725552,69.4006309148265
E00045372,310,38,18,20,272,24,248,12.258064516129032,5.806451612903226,6.451612903225806,87.74193548387098,7.741935483870968,80
E00045373,313,47,20,27,266,26,240,15.015974440894569,6.3897763578274756,8.626198083067091,84.98402555910543,8.30670926517572,76.6773162939297
E00045374,453,46,17,29,407,16,391,10.154525386313466,3.7527593818984544,6.401766004415011,89.84547461368653,3.532008830022075,86.313465783664455
E00045375,416,82,36,46,334,20,314,19.71153846153846,8.653846153846153,11.057692307692307,80.28846153846155,4.807692307692308,75.48076923076923
E00045376,355,61,27,34,294,18,276,17.183098591549296,7.605633802816901,9.577464788732394,82.8169014084507,5.070422535211268,77.74647887323944
E00045377,389,58,24,34,331,23,308,14.910025706940875,6.169665809768637,8.740359897172237,85.08997429305913,5.912596401028278,79.17737789203085
E00045378,290,77,36,41,213,10,203,26.551724137931032,12.413793103448276,14.13793103448276,73.44827586206897,3.4482758620689653,70
E00045379,347,74,30,44,273,16,257,21.32564841498559,8.645533141210375,12.680115273775217,78.6743515850144,4.610951008645533,74.06340057636888
E00045380,304,56,21,35,248,16,232,18.421052631578945,6.907894736842106,11.513157894736842,81.57894736842105,5.263157894736842,76.31578947368422
E00045381,338,71,31,40,267,15,252,21.005917159763314,9.171597633136095,11.834319526627219,78.99408284023669,4.437869822485207,74.55621301775149
E00045382,288,42,18,24,246,22,224,14.583333333333334,6.25,8.333333333333332,85.41666666666666,7.638888888888889,77.77777777777779
E00045383,361,55,27,28,306,19,287,15.23545706371191,7.479224376731302,7.756232686980609,84.7645429362881,5.263157894736842,79.50138504155125
E00045384,373,73,37,36,300,16,284,19.571045576407506,9.919571045576408,9.651474530831099,80.42895442359249,4.289544235924933,76.13941018766755
E00045385,267,81,44,37,186,13,173,30.337078651685395,16.479400749063668,13.857677902621724,69.66292134831461,4.868913857677903,64.7940074906367
E00045386,335,44,17,27,291,30,261,13.134328358208954,5.074626865671641,8.059701492537313,86.86567164179104,8.955223880597014,77.91044776119404
E00045387,316,56,28,28,260,26,234,17.72151898734177,8.860759493670885,8.860759493670885,82.27848101265823,8.227848101265822,74.0506329113924
E00045388,443,102,62,40,341,17,324,23.024830699774267,13.99548532731377,9.029345372460497,76.97516930022573,3.837471783295711,73.13769751693002
E00045389,272,102,44,58,170,10,160,37.5,16.176470588235293,21.323529411764707,62.5,3.6764705882352944,58.82352941176471
E00045390,294,34,11,23,260,21,239,11.564625850340136,3.741496598639456,7.8231292517006805,88.43537414965986,7.142857142857142,81.29251700680273
E00045391,355,56,33,23,299,25,274,15.774647887323944,9.295774647887324,6.478873239436619,84.22535211267605,7.042253521126761,77.1830985915493
E00045392,325,104,61,43,221,14,207,32,18.76923076923077,13.230769230769232,68,4.3076923076923075,63.69230769230769
E00045393,276,66,38,28,210,16,194,23.91304347826087,13.768115942028986,10.144927536231885,76.08695652173914,5.797101449275362,70.28985507246377
E00045394,371,84,51,33,287,22,265,22.641509433962266,13.746630727762804,8.89487870619946,77.35849056603774,5.929919137466308,71.42857142857143
E00045395,313,57,21,36,256,13,243,18.210862619808307,6.7092651757188495,11.501597444089457,81.78913738019169,4.15335463258786,77.63578274760383
E00045396,412,57,29,28,355,12,343,13.834951456310678,7.038834951456311,6.796116504854369,86.16504854368931,2.912621359223301,83.25242718446601
E00045397,431,64,29,35,367,10,357,14.849187935034802,6.728538283062645,8.120649651972158,85.1508120649652,2.320185614849188,82.830626450116
E00045398,284,63,37,26,221,16,205,22.183098591549296,13.028169014084506,9.15492957746479,77.8169014084507,5.633802816901409,72.1830985915493
E00045399,346,67,35,32,279,13,266,19.36416184971098,10.115606936416185,9.248554913294797,80.63583815028902,3.7572254335260116,76.878612716763
E00045400,319,37,21,16,282,12,270,11.598746081504702,6.583072100313479,5.015673981191222,88.40125391849529,3.761755485893417,84.63949843260188
E00045401,303,63,23,40,240,10,230,20.792079207920793,7.590759075907591,13.2013201320132,79.20792079207921,3.3003300330033,75.9075907590759
E00045402,420,83,37,46,337,21,316,19.761904761904763,8.80952380952381,10.952380952380953,80.23809523809524,5,75.23809523809524
E00045403,306,47,21,26,259,23,236,15.359477124183007,6.862745098039216,8.49673202614379,84.640522875817,7.516339869281046,77.12418300653596
E00045404,113,52,21,31,61,3,58,46.017699115044245,18.58407079646018,27.43362831858407,53.98230088495575,2.6548672566371683,51.32743362831859
E00045405,247,53,30,23,194,12,182,21.45748987854251,12.145748987854251,9.31174089068826,78.54251012145748,4.8582995951417,73.68421052631578
E00045406,365,80,47,33,285,18,267,21.91780821917808,12.876712328767123,9.04109589041096,78.08219178082192,4.931506849315069,73.15068493150685
E00045407,310,54,19,35,256,17,239,17.419354838709676,6.129032258064516,11.29032258064516,82.58064516129032,5.483870967741936,77.09677419354838
E00045408,288,70,29,41,218,11,207,24.305555555555554,10.069444444444445,14.23611111111111,75.69444444444444,3.8194444444444446,71.875
E00045409,277,57,29,28,220,13,207,20.577617328519857,10.469314079422382,10.108303249097473,79.42238267148014,4.693140794223827,74.72924187725631
E00045410,293,68,27,41,225,19,206,23.208191126279864,9.215017064846416,13.993174061433447,76.79180887372013,6.484641638225256,70.30716723549489
E00045411,329,51,23,28,278,18,260,15.501519756838904,6.990881458966565,8.51063829787234,84.49848024316108,5.47112462006079,79.0273556231003
E00045412,380,96,45,51,284,14,270,25.263157894736842,11.842105263157894,13.421052631578947,74.73684210526315,3.684210526315789,71.05263157894737
E00045413,156,108,71,37,48,7,41,69.23076923076923,45.51282051282051,23.717948717948715,30.76923076923077,4.487179487179487,26.282051282051285
E00045414,272,41,24,17,231,18,213,15.073529411764705,8.823529411764707,6.25,84.92647058823529,6.61764705882353,78.30882352941177
E00045415,271,42,12,30,229,30,199,15.498154981549817,4.428044280442804,11.07011070110701,84.50184501845018,11.07011070110701,73.43173431734317
E00045416,269,44,23,21,225,22,203,16.356877323420075,8.550185873605948,7.806691449814126,83.64312267657994,8.178438661710038,75.46468401486989
E00045417,250,44,14,30,206,30,176,17.599999999999998,5.6000000000000005,12,82.39999999999999,12,70.39999999999999
E00045418,207,84,29,55,123,11,112,40.57971014492754,14.009661835748794,26.570048309178745,59.42028985507246,5.314009661835748,54.106280193236714
E00045419,328,89,43,46,239,11,228,27.134146341463417,13.109756097560975,14.02439024390244,72.86585365853658,3.353658536585366,69.51219512195121
E00045420,347,57,20,37,290,32,258,16.42651296829971,5.763688760806916,10.662824207492795,83.5734870317003,9.221902017291066,74.35158501440922
E00045421,357,67,25,42,290,21,269,18.76750700280112,7.002801120448179,11.76470588235294,81.23249299719888,5.88235294117647,75.35014005602241
E00045422,315,41,9,32,274,29,245,13.015873015873018,2.857142857142857,10.158730158730158,86.98412698412699,9.206349206349207,77.77777777777779
E00045423,330,56,18,38,274,17,257,16.969696969696972,5.454545454545454,11.515151515151516,83.03030303030303,5.151515151515151,77.87878787878788
E00045424,412,57,23,34,355,34,321,13.834951456310678,5.582524271844661,8.25242718446602,86.16504854368931,8.25242718446602,77.9126213592233
E00045425,258,47,15,32,211,19,192,18.217054263565892,5.813953488372093,12.4031007751938,81.78294573643412,7.3643410852713185,74.4186046511628
E00045426,235,66,31,35,169,9,160,28.085106382978726,13.191489361702127,14.893617021276595,71.91489361702128,3.829787234042553,68.08510638297872
E00045427,355,60,26,34,295,24,271,16.901408450704224,7.323943661971831,9.577464788732394,83.09859154929578,6.760563380281689,76.33802816901408
E00045428,372,79,32,47,293,20,273,21.236559139784948,8.60215053763441,12.634408602150538,78.76344086021506,5.376344086021505,73.38709677419355
E00045429,273,42,13,29,231,26,205,15.384615384615385,4.761904761904762,10.622710622710622,84.61538461538461,9.523809523809524,75.0915750915751
E00045430,296,63,31,32,233,23,210,21.283783783783782,10.472972972972974,10.81081081081081,78.71621621621621,7.77027027027027,70.94594594594594
E00045431,338,57,17,40,281,29,252,16.86390532544379,5.029585798816568,11.834319526627219,83.13609467455622,8.579881656804734,74.55621301775149
E00045432,251,63,22,41,188,15,173,25.099601593625497,8.764940239043826,16.334661354581673,74.9003984063745,5.9760956175298805,68.92430278884463
E00045433,304,42,16,26,262,24,238,13.815789473684212,5.263157894736842,8.552631578947368,86.18421052631578,7.894736842105263,78.28947368421053
E00045434,255,73,34,39,182,10,172,28.627450980392155,13.333333333333334,15.294117647058824,71.37254901960785,3.9215686274509802,67.45098039215686
E00045435,276,75,36,39,201,16,185,27.173913043478258,13.043478260869565,14.130434782608695,72.82608695652173,5.797101449275362,67.02898550724638
E00045436,256,42,12,30,214,22,192,16.40625,4.6875,11.71875,83.59375,8.59375,75
E00045437,207,71,36,35,136,14,122,34.29951690821256,17.391304347826086,16.908212560386474,65.70048309178745,6.763285024154589,58.93719806763285
E00045438,278,57,25,32,221,30,191,20.503597122302157,8.992805755395683,11.510791366906476,79.49640287769785,10.79136690647482,68.70503597122301
E00045439,287,53,12,41,234,30,204,18.466898954703833,4.181184668989547,14.285714285714285,81.53310104529616,10.452961672473867,71.0801393728223
E00045440,185,45,24,21,140,17,123,24.324324324324326,12.972972972972974,11.351351351351353,75.67567567567568,9.18918918918919,66.48648648648648
E00045441,287,51,23,28,236,29,207,17.770034843205575,8.013937282229964,9.75609756097561,82.22996515679442,10.104529616724738,72.12543554006969
E00045442,350,41,19,22,309,38,271,11.714285714285715,5.428571428571429,6.2857142857142865,88.28571428571429,10.857142857142858,77.42857142857143
E00045443,300,51,23,28,249,36,213,17,7.666666666666666,9.333333333333334,83,12,71
E00045444,305,53,14,39,252,32,220,17.37704918032787,4.590163934426229,12.786885245901638,82.62295081967214,10.491803278688524,72.1311475409836
E00045445,373,79,24,55,294,39,255,21.179624664879356,6.434316353887399,14.745308310991955,78.82037533512064,10.455764075067025,68.36461126005362
E00045446,300,58,18,40,242,31,211,19.333333333333332,6,13.333333333333334,80.66666666666666,10.333333333333334,70.33333333333334
E00045447,302,104,47,57,198,15,183,34.437086092715234,15.562913907284766,18.874172185430464,65.56291390728477,4.966887417218543,60.59602649006622
E00045448,216,49,13,36,167,24,143,22.685185185185187,6.018518518518518,16.666666666666664,77.31481481481481,11.11111111111111,66.20370370370371
E00045449,292,55,27,28,237,25,212,18.835616438356166,9.246575342465754,9.58904109589041,81.16438356164383,8.561643835616438,72.6027397260274
E00045450,299,71,33,38,228,18,210,23.745819397993312,11.036789297658862,12.709030100334449,76.2541806020067,6.0200668896321075,70.23411371237458
E00045451,299,48,16,32,251,24,227,16.05351170568562,5.351170568561873,10.702341137123746,83.94648829431438,8.02675585284281,75.91973244147158
E00045452,370,74,29,45,296,16,280,20,7.837837837837839,12.162162162162163,80,4.324324324324325,75.67567567567568
E00045453,307,56,18,38,251,24,227,18.241042345276874,5.863192182410423,12.37785016286645,81.75895765472313,7.81758957654723,73.9413680781759
E00045454,333,76,36,40,257,28,229,22.822822822822822,10.81081081081081,12.012012012012011,77.17717717717719,8.408408408408409,68.76876876876878
E00045455,399,74,34,40,325,31,294,18.546365914786968,8.521303258145362,10.025062656641603,81.45363408521304,7.769423558897243,73.68421052631578
E00045456,262,75,26,49,187,25,162,28.62595419847328,9.923664122137405,18.702290076335878,71.37404580152672,9.541984732824428,61.832061068702295
E00045457,512,103,59,44,409,29,380,20.1171875,11.5234375,8.59375,79.8828125,5.6640625,74.21875
E00045458,282,57,26,31,225,32,193,20.212765957446805,9.219858156028367,10.99290780141844,79.7872340425532,11.347517730496454,68.43971631205675
E00045459,344,75,39,36,269,13,256,21.802325581395348,11.337209302325581,10.465116279069768,78.19767441860465,3.77906976744186,74.4186046511628
E00045460,332,69,29,40,263,25,238,20.783132530120483,8.734939759036145,12.048192771084338,79.21686746987952,7.530120481927711,71.6867469879518
E00045461,257,58,26,32,199,22,177,22.56809338521401,10.116731517509727,12.45136186770428,77.431906614786,8.560311284046692,68.8715953307393
E00045462,338,58,28,30,280,31,249,17.159763313609467,8.284023668639055,8.875739644970414,82.84023668639054,9.171597633136095,73.66863905325444
E00045463,349,64,27,37,285,19,266,18.33810888252149,7.736389684813753,10.601719197707736,81.66189111747852,5.444126074498568,76.21776504297995
E00045464,229,50,25,25,179,19,160,21.83406113537118,10.91703056768559,10.91703056768559,78.16593886462883,8.296943231441048,69.86899563318777
E00045465,263,45,16,29,218,23,195,17.110266159695815,6.083650190114068,11.02661596958175,82.88973384030417,8.745247148288973,74.1444866920152
E00045466,246,38,14,24,208,17,191,15.447154471544716,5.691056910569105,9.75609756097561,84.5528455284553,6.910569105691057,77.64227642276423
E00045467,305,64,29,35,241,16,225,20.983606557377048,9.508196721311474,11.475409836065573,79.01639344262294,5.245901639344262,73.77049180327869
E00045468,241,44,10,34,197,22,175,18.25726141078838,4.149377593360995,14.107883817427386,81.74273858921161,9.12863070539419,72.61410788381743
E00045469,337,75,24,51,262,30,232,22.255192878338278,7.121661721068249,15.133531157270031,77.74480712166172,8.902077151335313,68.84272997032642
E00045470,330,61,26,35,269,29,240,18.484848484848484,7.878787878787878,10.606060606060606,81.51515151515152,8.787878787878787,72.72727272727273
E00045471,399,56,22,34,343,36,307,14.035087719298245,5.513784461152882,8.521303258145362,85.96491228070175,9.022556390977442,76.94235588972431
E00045472,290,68,38,30,222,15,207,23.448275862068964,13.10344827586207,10.344827586206897,76.55172413793103,5.172413793103448,71.37931034482759
E00045473,304,75,31,44,229,23,206,24.671052631578945,10.197368421052632,14.473684210526317,75.32894736842105,7.565789473684211,67.76315789473685
E00045474,295,59,19,40,236,34,202,20,6.440677966101695,13.559322033898304,80,11.525423728813559,68.47457627118644
E00045475,206,39,16,23,167,10,157,18.932038834951456,7.766990291262135,11.165048543689322,81.06796116504854,4.854368932038835,76.2135922330097
E00045476,314,68,30,38,246,21,225,21.656050955414013,9.554140127388536,12.101910828025478,78.343949044586,6.687898089171974,71.656050955414
E00045477,211,56,28,28,155,25,130,26.540284360189574,13.270142180094787,13.270142180094787,73.45971563981043,11.848341232227488,61.61137440758294
E00045478,353,49,17,32,304,40,264,13.881019830028329,4.815864022662889,9.06515580736544,86.11898016997166,11.3314447592068,74.78753541076487
E00045479,274,30,14,16,244,28,216,10.948905109489052,5.109489051094891,5.839416058394161,89.05109489051095,10.218978102189782,78.83211678832117
E00045480,310,56,17,39,254,23,231,18.064516129032256,5.483870967741936,12.580645161290322,81.93548387096774,7.419354838709677,74.51612903225806
E00045481,284,50,12,38,234,24,210,17.6056338028169,4.225352112676056,13.380281690140844,82.3943661971831,8.450704225352112,73.94366197183099
E00045482,237,53,26,27,184,20,164,22.362869198312236,10.970464135021098,11.39240506329114,77.63713080168776,8.438818565400844,69.19831223628692
E00045483,328,47,19,28,281,21,260,14.329268292682926,5.7926829268292686,8.536585365853659,85.67073170731707,6.402439024390244,79.26829268292683
E00045484,259,38,15,23,221,18,203,14.671814671814673,5.7915057915057915,8.880308880308881,85.32818532818533,6.94980694980695,78.37837837837837
E00045485,150,81,38,43,69,8,61,54,25.333333333333336,28.666666666666668,46,5.333333333333334,40.666666666666664
E00045486,286,51,18,33,235,26,209,17.832167832167833,6.293706293706294,11.538461538461538,82.16783216783216,9.090909090909092,73.07692307692307
E00045487,266,66,25,41,200,20,180,24.81203007518797,9.398496240601503,15.413533834586465,75.18796992481202,7.518796992481203,67.66917293233082
E00045488,408,53,20,33,355,37,318,12.990196078431374,4.901960784313726,8.088235294117647,87.00980392156863,9.068627450980392,77.94117647058823
E00045489,158,73,42,31,85,8,77,46.20253164556962,26.582278481012654,19.62025316455696,53.79746835443038,5.063291139240507,48.734177215189874
E00045490,242,31,9,22,211,24,187,12.8099173553719,3.71900826446281,9.090909090909092,87.19008264462809,9.917355371900827,77.27272727272727
E00045491,353,64,28,36,289,24,265,18.13031161473088,7.932011331444759,10.198300283286118,81.86968838526913,6.79886685552408,75.07082152974505
E00045492,317,47,23,24,270,31,239,14.826498422712934,7.255520504731862,7.570977917981073,85.17350157728707,9.779179810725552,75.39432176656152
E00045493,343,65,20,45,278,34,244,18.950437317784257,5.830903790087463,13.119533527696792,81.04956268221575,9.912536443148689,71.13702623906705
E00045494,325,38,9,29,287,36,251,11.692307692307692,2.769230769230769,8.923076923076923,88.3076923076923,11.076923076923077,77.23076923076924
E00045495,205,53,23,30,152,17,135,25.853658536585368,11.219512195121952,14.634146341463413,74.14634146341463,8.292682926829269,65.85365853658537
E00045496,337,89,52,37,248,15,233,26.409495548961427,15.43026706231454,10.979228486646884,73.59050445103857,4.451038575667656,69.13946587537092
E00045497,289,53,13,40,236,24,212,18.33910034602076,4.498269896193772,13.84083044982699,81.66089965397923,8.304498269896193,73.35640138408304
E00045498,369,44,9,35,325,29,296,11.924119241192411,2.4390243902439024,9.48509485094851,88.07588075880759,7.8590785907859075,80.21680216802169
E00045499,297,62,29,33,235,24,211,20.875420875420875,9.764309764309765,11.11111111111111,79.12457912457911,8.080808080808081,71.04377104377105
E00045500,358,79,35,44,279,20,259,22.067039106145252,9.776536312849162,12.290502793296088,77.93296089385476,5.58659217877095,72.3463687150838
E00045501,279,64,25,39,215,20,195,22.939068100358423,8.960573476702509,13.978494623655912,77.06093189964157,7.168458781362006,69.89247311827957
E00045502,328,88,38,50,240,14,226,26.82926829268293,11.585365853658537,15.24390243902439,73.17073170731707,4.2682926829268295,68.90243902439023
E00045503,284,69,32,37,215,11,204,24.295774647887324,11.267605633802818,13.028169014084506,75.70422535211267,3.873239436619718,71.83098591549296
E00045504,292,90,53,37,202,13,189,30.82191780821918,18.15068493150685,12.67123287671233,69.17808219178082,4.4520547945205475,64.72602739726028
E00045505,413,85,34,51,328,21,307,20.581113801452787,8.232445520581114,12.34866828087167,79.41888619854721,5.084745762711865,74.33414043583535
E00045506,327,71,34,37,256,26,230,21.712538226299692,10.397553516819572,11.314984709480122,78.2874617737003,7.951070336391437,70.33639143730886
E00045507,313,73,34,39,240,21,219,23.322683706070286,10.86261980830671,12.460063897763577,76.6773162939297,6.7092651757188495,69.96805111821087
E00045508,290,60,29,31,230,23,207,20.689655172413794,10,10.689655172413794,79.3103448275862,7.931034482758621,71.37931034482759
E00045509,304,143,92,51,161,15,146,47.03947368421053,30.263157894736842,16.776315789473685,52.960526315789465,4.934210526315789,48.026315789473685
E00045510,194,35,18,17,159,6,153,18.04123711340206,9.278350515463918,8.762886597938143,81.95876288659794,3.0927835051546393,78.8659793814433
E00045511,276,80,36,44,196,13,183,28.985507246376812,13.043478260869565,15.942028985507244,71.01449275362319,4.710144927536232,66.30434782608695
E00045512,269,70,34,36,199,14,185,26.022304832713754,12.639405204460965,13.382899628252787,73.97769516728626,5.204460966542751,68.77323420074349
E00045513,244,46,14,32,198,11,187,18.852459016393443,5.737704918032787,13.114754098360656,81.14754098360656,4.508196721311475,76.63934426229508
E00045514,205,57,29,28,148,13,135,27.80487804878049,14.146341463414632,13.658536585365855,72.1951219512195,6.341463414634147,65.85365853658537
E00045515,177,55,35,20,122,7,115,31.07344632768362,19.774011299435028,11.299435028248588,68.92655367231639,3.954802259887006,64.97175141242938
E00045516,265,74,33,41,191,9,182,27.92452830188679,12.452830188679245,15.471698113207546,72.0754716981132,3.3962264150943398,68.67924528301886
E00045517,282,76,39,37,206,21,185,26.95035460992908,13.829787234042554,13.120567375886525,73.04964539007092,7.446808510638298,65.60283687943263
E00045518,426,84,40,44,342,25,317,19.718309859154928,9.389671361502346,10.328638497652582,80.28169014084507,5.868544600938967,74.4131455399061
E00045519,256,50,17,33,206,9,197,19.53125,6.640625,12.890625,80.46875,3.515625,76.953125
E00045520,317,45,18,27,272,30,242,14.195583596214512,5.678233438485805,8.517350157728707,85.8044164037855,9.46372239747634,76.34069400630915
E00045521,289,61,32,29,228,20,208,21.10726643598616,11.072664359861593,10.034602076124568,78.89273356401384,6.920415224913495,71.97231833910035
E00045522,338,79,45,34,259,22,237,23.37278106508876,13.313609467455622,10.059171597633137,76.62721893491124,6.508875739644971,70.11834319526628
E00045523,345,41,22,19,304,26,278,11.884057971014492,6.3768115942028984,5.507246376811594,88.1159420289855,7.536231884057972,80.57971014492755
E00045524,293,38,12,26,255,30,225,12.969283276450511,4.09556313993174,8.873720136518772,87.03071672354949,10.238907849829351,76.79180887372013
E00045525,296,65,30,35,231,21,210,21.95945945945946,10.135135135135135,11.824324324324325,78.04054054054053,7.094594594594595,70.94594594594594
E00045526,486,88,28,60,398,32,366,18.106995884773664,5.761316872427984,12.345679012345679,81.89300411522635,6.584362139917696,75.30864197530865
E00045527,365,79,43,36,286,13,273,21.643835616438356,11.78082191780822,9.863013698630137,78.35616438356165,3.5616438356164384,74.79452054794521
E00045528,317,54,24,30,263,16,247,17.034700315457414,7.570977917981073,9.46372239747634,82.96529968454259,5.047318611987381,77.91798107255521
E00045529,299,65,27,38,234,31,203,21.73913043478261,9.03010033444816,12.709030100334449,78.26086956521739,10.367892976588628,67.89297658862876
E00045530,257,58,22,36,199,20,179,22.56809338521401,8.560311284046692,14.007782101167315,77.431906614786,7.782101167315175,69.64980544747081
E00045531,312,41,16,25,271,31,240,13.141025641025642,5.128205128205128,8.012820512820513,86.85897435897436,9.935897435897436,76.92307692307693
E00045532,254,62,30,32,192,14,178,24.409448818897637,11.811023622047244,12.598425196850393,75.59055118110236,5.511811023622047,70.07874015748031
E00045533,220,51,26,25,169,18,151,23.18181818181818,11.818181818181818,11.363636363636363,76.81818181818181,8.181818181818182,68.63636363636364
E00045534,337,54,31,23,283,16,267,16.023738872403563,9.198813056379821,6.824925816023739,83.97626112759644,4.747774480712167,79.22848664688428
E00045535,284,46,15,31,238,23,215,16.19718309859155,5.28169014084507,10.915492957746478,83.80281690140845,8.098591549295776,75.70422535211267
E00045536,325,54,21,33,271,30,241,16.615384615384617,6.461538461538462,10.153846153846153,83.38461538461537,9.230769230769232,74.15384615384616
E00045537,379,42,9,33,337,26,311,11.081794195250659,2.3746701846965697,8.70712401055409,88.91820580474933,6.860158311345646,82.05804749340369
E00045538,429,93,46,47,336,21,315,21.678321678321677,10.722610722610723,10.955710955710956,78.32167832167832,4.895104895104895,73.42657342657343
E00045539,323,50,26,24,273,25,248,15.479876160990713,8.04953560371517,7.430340557275541,84.52012383900929,7.739938080495357,76.78018575851394
E00045540,263,42,20,22,221,20,201,15.96958174904943,7.604562737642586,8.365019011406844,84.03041825095056,7.604562737642586,76.42585551330798
E00045541,324,38,17,21,286,29,257,11.728395061728394,5.246913580246913,6.481481481481481,88.27160493827161,8.950617283950617,79.32098765432099
E00045542,278,43,19,24,235,12,223,15.467625899280577,6.83453237410072,8.633093525179856,84.53237410071942,4.316546762589928,80.2158273381295
E00045543,355,46,16,30,309,24,285,12.957746478873238,4.507042253521127,8.450704225352112,87.04225352112675,6.760563380281689,80.28169014084507
E00045544,337,64,26,38,273,24,249,18.991097922848667,7.71513353115727,11.275964391691394,81.00890207715133,7.121661721068249,73.88724035608308
E00045545,360,106,48,58,254,8,246,29.444444444444446,13.333333333333334,16.11111111111111,70.55555555555556,2.2222222222222223,68.33333333333333
E00045546,236,50,18,32,186,30,156,21.1864406779661,7.627118644067797,13.559322033898304,78.8135593220339,12.711864406779661,66.10169491525424
E00045547,342,47,20,27,295,44,251,13.742690058479532,5.847953216374268,7.894736842105263,86.25730994152046,12.865497076023392,73.39181286549707
E00045548,309,46,16,30,263,25,238,14.886731391585762,5.177993527508091,9.70873786407767,85.11326860841424,8.090614886731391,77.02265372168284
E00045549,410,76,49,27,334,22,312,18.536585365853657,11.951219512195122,6.585365853658537,81.46341463414633,5.365853658536586,76.09756097560975
E00045550,259,46,14,32,213,11,202,17.760617760617762,5.405405405405405,12.355212355212355,82.23938223938224,4.247104247104247,77.99227799227799
E00045551,288,46,19,27,242,21,221,15.972222222222221,6.597222222222222,9.375,84.02777777777779,7.291666666666667,76.73611111111111
E00045552,264,44,12,32,220,12,208,16.666666666666664,4.545454545454546,12.121212121212121,83.33333333333334,4.545454545454546,78.78787878787878
E00045553,292,78,54,24,214,8,206,26.71232876712329,18.493150684931507,8.21917808219178,73.28767123287672,2.73972602739726,70.54794520547945
E00045554,412,124,82,42,288,20,268,30.097087378640776,19.902912621359224,10.194174757281553,69.90291262135922,4.854368932038835,65.0485436893204
E00045555,375,55,25,30,320,23,297,14.666666666666666,6.666666666666667,8,85.33333333333334,6.133333333333333,79.2
E00045556,240,60,35,25,180,12,168,25,14.583333333333334,10.416666666666668,75,5,70
E00045557,286,45,22,23,241,16,225,15.734265734265735,7.6923076923076925,8.041958041958042,84.26573426573427,5.594405594405594,78.67132867132867
E00045558,255,41,20,21,214,17,197,16.07843137254902,7.8431372549019605,8.235294117647058,83.92156862745098,6.666666666666667,77.25490196078432
E00045559,412,109,51,58,303,21,282,26.45631067961165,12.37864077669903,14.077669902912621,73.54368932038835,5.097087378640777,68.44660194174757
E00045560,239,40,15,25,199,22,177,16.736401673640167,6.2761506276150625,10.460251046025103,83.26359832635984,9.205020920502092,74.05857740585773
E00045561,273,37,13,24,236,25,211,13.553113553113553,4.761904761904762,8.791208791208792,86.44688644688645,9.157509157509157,77.2893772893773
E00045562,486,108,55,53,378,41,337,22.22222222222222,11.316872427983538,10.905349794238683,77.77777777777779,8.436213991769549,69.34156378600824
E00045563,256,37,17,20,219,14,205,14.453125,6.640625,7.8125,85.546875,5.46875,80.078125
E00045564,278,59,28,31,219,12,207,21.223021582733814,10.071942446043165,11.151079136690647,78.77697841726618,4.316546762589928,74.46043165467626
E00045566,404,97,44,53,307,26,281,24.00990099009901,10.891089108910892,13.118811881188119,75.99009900990099,6.435643564356436,69.55445544554455
E00045568,308,48,15,33,260,24,236,15.584415584415584,4.870129870129871,10.714285714285714,84.4155844155844,7.792207792207792,76.62337662337663
E00045569,208,52,23,29,156,14,142,25,11.057692307692307,13.942307692307693,75,6.730769230769231,68.26923076923077
E00045570,304,55,17,38,249,30,219,18.092105263157894,5.592105263157895,12.5,81.9078947368421,9.868421052631579,72.03947368421053
E00045571,221,34,12,22,187,18,169,15.384615384615385,5.429864253393665,9.95475113122172,84.61538461538461,8.144796380090497,76.47058823529412
E00045572,323,57,25,32,266,24,242,17.647058823529413,7.739938080495357,9.907120743034056,82.35294117647058,7.430340557275541,74.92260061919505
E00045573,339,61,21,40,278,17,261,17.99410029498525,6.1946902654867255,11.799410029498524,82.00589970501476,5.014749262536873,76.99115044247787
E00045574,313,38,17,21,275,28,247,12.140575079872203,5.431309904153355,6.7092651757188495,87.8594249201278,8.945686900958465,78.91373801916933
E00045575,300,41,15,26,259,23,236,13.666666666666666,5,8.666666666666668,86.33333333333333,7.666666666666666,78.66666666666666
E00045576,355,56,15,41,299,25,274,15.774647887323944,4.225352112676056,11.549295774647888,84.22535211267605,7.042253521126761,77.1830985915493
E00045577,235,39,20,19,196,21,175,16.595744680851062,8.51063829787234,8.085106382978724,83.40425531914893,8.936170212765958,74.46808510638297
E00045578,219,94,54,40,125,19,106,42.922374429223744,24.65753424657534,18.2648401826484,57.077625570776256,8.67579908675799,48.401826484018265
E00045579,334,67,33,34,267,22,245,20.059880239520957,9.880239520958083,10.179640718562874,79.94011976047905,6.58682634730539,73.35329341317365
E00045580,245,51,25,26,194,20,174,20.816326530612244,10.204081632653061,10.612244897959183,79.18367346938776,8.16326530612245,71.0204081632653
E00045581,213,63,41,22,150,10,140,29.577464788732392,19.248826291079812,10.328638497652582,70.4225352112676,4.694835680751173,65.72769953051643
E00045582,208,57,31,26,151,14,137,27.403846153846157,14.903846153846153,12.5,72.59615384615384,6.730769230769231,65.86538461538461
E00045583,289,73,38,35,216,25,191,25.259515570934255,13.148788927335639,12.110726643598616,74.74048442906575,8.650519031141869,66.08996539792388
E00045585,303,37,13,24,266,17,249,12.211221122112212,4.29042904290429,7.920792079207921,87.78877887788778,5.6105610561056105,82.17821782178217
E00045586,204,21,9,12,183,12,171,10.294117647058822,4.411764705882353,5.88235294117647,89.70588235294117,5.88235294117647,83.82352941176471
E00045587,332,35,7,28,297,26,271,10.542168674698797,2.108433734939759,8.433734939759036,89.45783132530121,7.83132530120482,81.62650602409639
E00045588,356,53,33,20,303,15,288,14.887640449438203,9.269662921348315,5.617977528089887,85.1123595505618,4.213483146067416,80.89887640449437
E00045589,316,36,10,26,280,20,260,11.39240506329114,3.1645569620253164,8.227848101265822,88.60759493670885,6.329113924050633,82.27848101265823
E00045590,497,57,8,49,440,29,411,11.468812877263582,1.6096579476861168,9.859154929577464,88.53118712273643,5.8350100603621735,82.69617706237425
E00045592,448,63,28,35,385,27,358,14.0625,6.25,7.8125,85.9375,6.026785714285714,79.91071428571429
E00045593,340,69,19,50,271,21,250,20.294117647058822,5.588235294117648,14.705882352941178,79.70588235294119,6.176470588235294,73.52941176470588
E00045594,377,78,37,41,299,26,273,20.689655172413794,9.814323607427056,10.875331564986737,79.3103448275862,6.896551724137931,72.41379310344827
E00045595,310,39,10,29,271,24,247,12.580645161290322,3.225806451612903,9.35483870967742,87.41935483870968,7.741935483870968,79.6774193548387
E00045596,308,41,14,27,267,22,245,13.311688311688311,4.545454545454546,8.766233766233766,86.68831168831169,7.142857142857142,79.54545454545455
E00045597,408,73,24,49,335,36,299,17.892156862745097,5.88235294117647,12.009803921568627,82.1078431372549,8.823529411764707,73.2843137254902
E00045598,347,56,21,35,291,14,277,16.138328530259365,6.051873198847262,10.086455331412104,83.86167146974063,4.034582132564841,79.82708933717579
E00045599,292,66,38,28,226,17,209,22.602739726027394,13.013698630136986,9.58904109589041,77.3972602739726,5.821917808219178,71.57534246575342
E00045600,271,47,10,37,224,13,211,17.343173431734318,3.6900369003690034,13.653136531365314,82.65682656826569,4.797047970479705,77.85977859778598
E00045601,293,65,32,33,228,31,197,22.18430034129693,10.921501706484642,11.262798634812286,77.81569965870307,10.580204778156997,67.23549488054607
E00045602,422,78,30,48,344,20,324,18.48341232227488,7.109004739336493,11.374407582938389,81.51658767772511,4.739336492890995,76.77725118483413
E00045603,340,39,19,20,301,28,273,11.470588235294118,5.588235294117648,5.88235294117647,88.52941176470588,8.235294117647058,80.29411764705883
E00045604,251,38,8,30,213,16,197,15.139442231075698,3.187250996015936,11.952191235059761,84.86055776892431,6.374501992031872,78.48605577689243
E00045605,245,37,17,20,208,25,183,15.10204081632653,6.938775510204081,8.16326530612245,84.89795918367346,10.204081632653061,74.6938775510204
E00045606,218,37,13,24,181,20,161,16.972477064220186,5.963302752293578,11.009174311926607,83.02752293577981,9.174311926605505,73.85321100917432
E00045607,286,36,18,18,250,12,238,12.587412587412588,6.293706293706294,6.293706293706294,87.41258741258741,4.195804195804196,83.21678321678321
E00045608,339,75,39,36,264,23,241,22.123893805309734,11.504424778761061,10.619469026548673,77.87610619469027,6.784660766961652,71.09144542772862
E00045609,391,41,14,27,350,24,326,10.485933503836318,3.580562659846547,6.905370843989769,89.51406649616368,6.138107416879795,83.37595907928389
E00045610,357,40,13,27,317,21,296,11.204481792717088,3.6414565826330536,7.563025210084033,88.79551820728291,5.88235294117647,82.91316526610645
E00045611,189,48,23,25,141,10,131,25.396825396825395,12.16931216931217,13.227513227513226,74.60317460317461,5.291005291005291,69.31216931216932
E00045612,332,40,13,27,292,20,272,12.048192771084338,3.91566265060241,8.132530120481928,87.95180722891565,6.024096385542169,81.92771084337349
E00045613,323,36,16,20,287,27,260,11.145510835913312,4.953560371517028,6.191950464396285,88.85448916408669,8.359133126934983,80.4953560371517
E00045614,353,55,27,28,298,25,273,15.58073654390935,7.64872521246459,7.932011331444759,84.41926345609065,7.0821529745042495,77.33711048158641
E00045615,231,24,9,15,207,14,193,10.38961038961039,3.896103896103896,6.493506493506493,89.6103896103896,6.0606060606060606,83.54978354978356
E00045616,293,19,3,16,274,21,253,6.484641638225256,1.023890784982935,5.460750853242321,93.51535836177474,7.167235494880546,86.3481228668942
E00045618,187,35,17,18,152,10,142,18.71657754010695,9.090909090909092,9.62566844919786,81.28342245989305,5.347593582887701,75.93582887700535
E00045620,316,32,11,21,284,25,259,10.126582278481013,3.481012658227848,6.6455696202531636,89.87341772151899,7.9113924050632916,81.9620253164557
E00045621,252,30,6,24,222,15,207,11.904761904761903,2.380952380952381,9.523809523809524,88.09523809523809,5.952380952380952,82.14285714285714
E00045622,284,23,9,14,261,15,246,8.098591549295776,3.169014084507042,4.929577464788732,91.90140845070422,5.28169014084507,86.61971830985915
E00045623,404,46,20,26,358,14,344,11.386138613861387,4.9504950495049505,6.435643564356436,88.61386138613861,3.4653465346534658,85.14851485148515
E00045624,237,10,0,10,227,12,215,4.219409282700422,0,4.219409282700422,95.78059071729957,5.063291139240507,90.71729957805907
E00045625,397,71,33,38,326,13,313,17.884130982367758,8.312342569269521,9.571788413098236,82.11586901763224,3.27455919395466,78.84130982367759
E00045627,401,39,16,23,362,27,335,9.72568578553616,3.99002493765586,5.7356608478802995,90.27431421446383,6.733167082294264,83.54114713216958
E00045628,201,18,5,13,183,14,169,8.955223880597014,2.4875621890547266,6.467661691542288,91.04477611940298,6.965174129353234,84.07960199004975
E00045629,225,31,11,20,194,16,178,13.777777777777779,4.888888888888889,8.88888888888889,86.22222222222223,7.111111111111111,79.11111111111111
E00045630,466,92,46,46,374,15,359,19.742489270386265,9.871244635193133,9.871244635193133,80.25751072961373,3.2188841201716736,77.03862660944206
E00045631,317,60,30,30,257,13,244,18.92744479495268,9.46372239747634,9.46372239747634,81.07255520504731,4.100946372239748,76.97160883280758
E00045632,247,52,22,30,195,20,175,21.052631578947366,8.906882591093117,12.145748987854251,78.94736842105263,8.097165991902834,70.8502024291498
E00045633,344,52,24,28,292,5,287,15.11627906976744,6.976744186046512,8.13953488372093,84.88372093023256,1.4534883720930232,83.43023255813954
E00045635,383,74,51,23,309,28,281,19.321148825065272,13.315926892950392,6.005221932114883,80.67885117493474,7.310704960835509,73.36814621409921
E00045636,358,50,24,26,308,25,283,13.966480446927374,6.70391061452514,7.262569832402235,86.03351955307262,6.983240223463687,79.05027932960894
E00045637,227,31,11,20,196,18,178,13.656387665198238,4.845814977973569,8.81057268722467,86.34361233480176,7.929515418502203,78.41409691629956
E00045638,290,49,30,19,241,13,228,16.896551724137932,10.344827586206897,6.551724137931035,83.10344827586206,4.482758620689655,78.62068965517241
E00045639,438,72,34,38,366,24,342,16.43835616438356,7.76255707762557,8.67579908675799,83.56164383561644,5.47945205479452,78.08219178082192
E00045640,236,70,28,42,166,6,160,29.66101694915254,11.864406779661017,17.796610169491526,70.33898305084746,2.5423728813559325,67.79661016949152
E00045641,322,31,6,25,291,35,256,9.627329192546584,1.8633540372670807,7.763975155279502,90.37267080745342,10.869565217391305,79.5031055900621
E00045643,420,112,62,50,308,31,277,26.666666666666668,14.761904761904763,11.904761904761903,73.33333333333333,7.380952380952381,65.95238095238095
E00045644,248,59,31,28,189,14,175,23.790322580645164,12.5,11.29032258064516,76.20967741935483,5.64516129032258,70.56451612903226
E00045645,332,33,17,16,299,22,277,9.939759036144578,5.120481927710843,4.819277108433735,90.06024096385542,6.626506024096386,83.43373493975903
E00045646,352,58,22,36,294,28,266,16.477272727272727,6.25,10.227272727272728,83.52272727272727,7.954545454545454,75.56818181818183
E00045647,341,91,57,34,250,10,240,26.68621700879765,16.715542521994134,9.970674486803519,73.31378299120234,2.932551319648094,70.38123167155426
E00045649,188,33,24,9,155,8,147,17.5531914893617,12.76595744680851,4.787234042553192,82.4468085106383,4.25531914893617,78.19148936170212
E00045651,353,57,30,27,296,12,284,16.147308781869686,8.498583569405099,7.64872521246459,83.85269121813032,3.39943342776204,80.45325779036827
E00045652,214,50,26,24,164,12,152,23.364485981308412,12.149532710280374,11.214953271028037,76.63551401869158,5.607476635514018,71.02803738317756
E00045653,205,65,32,33,140,5,135,31.70731707317073,15.609756097560975,16.097560975609756,68.29268292682927,2.4390243902439024,65.85365853658537
E00045654,293,42,29,13,251,6,245,14.334470989761092,9.897610921501707,4.436860068259386,85.6655290102389,2.04778156996587,83.61774744027304
E00045655,253,23,10,13,230,20,210,9.090909090909092,3.9525691699604746,5.138339920948617,90.9090909090909,7.905138339920949,83.00395256916995
E00045658,264,51,24,27,213,13,200,19.318181818181817,9.090909090909092,10.227272727272728,80.68181818181817,4.924242424242424,75.75757575757575
E00045659,204,53,25,28,151,12,139,25.98039215686275,12.254901960784313,13.725490196078432,74.01960784313727,5.88235294117647,68.13725490196079
E00045660,288,56,20,36,232,17,215,19.444444444444446,6.944444444444445,12.5,80.55555555555556,5.902777777777778,74.65277777777779
E00045661,303,47,15,32,256,20,236,15.51155115511551,4.9504950495049505,10.561056105610561,84.48844884488449,6.6006600660066,77.88778877887789
E00045662,414,73,39,34,341,4,337,17.632850241545896,9.420289855072465,8.212560386473431,82.3671497584541,0.966183574879227,81.40096618357488
E00045663,398,114,72,42,284,21,263,28.643216080402013,18.090452261306535,10.552763819095476,71.35678391959799,5.276381909547738,66.08040201005025
E00045664,326,91,56,35,235,34,201,27.914110429447852,17.177914110429448,10.736196319018406,72.08588957055214,10.429447852760736,61.65644171779141
E00045665,320,93,58,35,227,10,217,29.062500000000004,18.125,10.9375,70.9375,3.125,67.8125
E00045666,182,50,21,29,132,13,119,27.472527472527474,11.538461538461538,15.934065934065933,72.52747252747253,7.142857142857142,65.38461538461539
E00045667,492,102,53,49,390,36,354,20.73170731707317,10.772357723577237,9.959349593495935,79.26829268292683,7.317073170731707,71.95121951219512
E00045668,533,134,73,61,399,33,366,25.14071294559099,13.696060037523452,11.44465290806754,74.85928705440901,6.191369606003752,68.66791744840526
E00045670,434,105,51,54,329,19,310,24.193548387096776,11.751152073732719,12.442396313364055,75.80645161290323,4.377880184331797,71.42857142857143
E00045671,421,75,42,33,346,18,328,17.81472684085511,9.97624703087886,7.8384798099762465,82.18527315914488,4.275534441805226,77.90973871733968
E00045672,275,33,15,18,242,13,229,12,5.454545454545454,6.545454545454546,88,4.7272727272727275,83.27272727272728
E00045673,216,49,19,30,167,10,157,22.685185185185187,8.796296296296296,13.88888888888889,77.31481481481481,4.62962962962963,72.68518518518519
E00045674,283,87,50,37,196,16,180,30.742049469964666,17.6678445229682,13.074204946996467,69.25795053003534,5.6537102473498235,63.60424028268551
E00045675,278,42,25,17,236,17,219,15.107913669064748,8.992805755395683,6.115107913669065,84.89208633093526,6.115107913669065,78.77697841726618
E00045676,333,37,12,25,296,28,268,11.11111111111111,3.6036036036036037,7.5075075075075075,88.88888888888889,8.408408408408409,80.48048048048048
E00045677,338,57,30,27,281,27,254,16.86390532544379,8.875739644970414,7.988165680473373,83.13609467455622,7.988165680473373,75.14792899408283
E00045678,275,45,16,29,230,9,221,16.363636363636363,5.818181818181818,10.545454545454545,83.63636363636363,3.272727272727273,80.36363636363636
E00045679,264,58,23,35,206,16,190,21.96969696969697,8.712121212121213,13.257575757575758,78.03030303030303,6.0606060606060606,71.96969696969697
E00045680,388,83,40,43,305,18,287,21.391752577319586,10.309278350515463,11.082474226804123,78.6082474226804,4.639175257731959,73.96907216494846
E00045681,367,72,28,44,295,17,278,19.618528610354225,7.629427792915531,11.989100817438691,80.38147138964578,4.632152588555858,75.74931880108991
E00045682,187,32,10,22,155,11,144,17.11229946524064,5.347593582887701,11.76470588235294,82.88770053475936,5.88235294117647,77.00534759358288
E00045683,324,52,27,25,272,16,256,16.049382716049383,8.333333333333332,7.716049382716049,83.9506172839506,4.938271604938271,79.01234567901234
E00045684,213,47,28,19,166,13,153,22.065727699530516,13.145539906103288,8.92018779342723,77.93427230046949,6.103286384976526,71.83098591549296
E00045685,275,50,16,34,225,23,202,18.181818181818183,5.818181818181818,12.363636363636363,81.81818181818183,8.363636363636363,73.45454545454545
E00045686,228,60,32,28,168,10,158,26.31578947368421,14.035087719298245,12.280701754385964,73.68421052631578,4.385964912280701,69.2982456140351
E00045687,454,74,38,36,380,23,357,16.299559471365637,8.370044052863436,7.929515418502203,83.70044052863436,5.066079295154185,78.63436123348018
E00045688,296,38,18,20,258,25,233,12.837837837837837,6.081081081081082,6.756756756756757,87.16216216216216,8.445945945945946,78.71621621621621
E00045689,281,21,9,12,260,19,241,7.473309608540925,3.202846975088968,4.270462633451958,92.52669039145907,6.761565836298933,85.76512455516014
E00045690,542,82,50,32,460,27,433,15.129151291512915,9.22509225092251,5.904059040590406,84.87084870848709,4.981549815498155,79.88929889298892
E00045691,292,46,17,29,246,15,231,15.753424657534246,5.821917808219178,9.931506849315069,84.24657534246576,5.136986301369863,79.1095890410959
E00045692,183,59,35,24,124,14,110,32.240437158469945,19.12568306010929,13.114754098360656,67.75956284153006,7.650273224043716,60.10928961748634
E00045693,281,47,16,31,234,22,212,16.72597864768683,5.6939501779359425,11.032028469750891,83.27402135231317,7.829181494661921,75.44483985765125
E00045694,385,68,30,38,317,15,302,17.662337662337663,7.792207792207792,9.87012987012987,82.33766233766234,3.896103896103896,78.44155844155844
E00045695,334,60,27,33,274,17,257,17.964071856287426,8.08383233532934,9.880239520958083,82.03592814371258,5.089820359281437,76.94610778443113
E00045696,210,45,21,24,165,20,145,21.428571428571427,10,11.428571428571429,78.57142857142857,9.523809523809524,69.04761904761905
E00045697,242,53,25,28,189,12,177,21.90082644628099,10.330578512396695,11.570247933884298,78.099173553719,4.958677685950414,73.14049586776859
E00045698,268,47,33,14,221,17,204,17.537313432835823,12.313432835820896,5.223880597014925,82.46268656716418,6.343283582089552,76.11940298507463
E00045699,310,62,27,35,248,16,232,20,8.709677419354838,11.29032258064516,80,5.161290322580645,74.83870967741936
E00045700,290,53,25,28,237,8,229,18.275862068965516,8.620689655172415,9.655172413793103,81.72413793103448,2.7586206896551726,78.96551724137932
E00045701,265,46,17,29,219,17,202,17.358490566037734,6.415094339622642,10.943396226415095,82.64150943396227,6.415094339622642,76.22641509433963
E00045702,323,60,28,32,263,19,244,18.575851393188856,8.6687306501548,9.907120743034056,81.42414860681114,5.88235294117647,75.54179566563467
E00045703,209,45,20,25,164,9,155,21.5311004784689,9.569377990430622,11.961722488038278,78.4688995215311,4.30622009569378,74.16267942583733
E00045704,236,56,23,33,180,11,169,23.728813559322035,9.745762711864407,13.983050847457626,76.27118644067797,4.661016949152542,71.61016949152543
E00045705,384,71,33,38,313,21,292,18.489583333333336,8.59375,9.895833333333332,81.51041666666666,5.46875,76.04166666666666
E00045706,449,120,22,98,329,26,303,26.7260579064588,4.8997772828507795,21.826280623608017,73.2739420935412,5.79064587973274,67.48329621380846
E00045707,301,111,82,29,190,15,175,36.87707641196013,27.242524916943523,9.634551495016613,63.12292358803987,4.983388704318937,58.139534883720934
E00045708,352,67,39,28,285,22,263,19.03409090909091,11.079545454545455,7.954545454545454,80.9659090909091,6.25,74.7159090909091
E00045709,230,67,25,42,163,14,149,29.130434782608695,10.869565217391305,18.26086956521739,70.86956521739131,6.086956521739131,64.78260869565217
E00045710,363,58,28,30,305,23,282,15.977961432506888,7.7134986225895315,8.264462809917356,84.02203856749311,6.336088154269973,77.68595041322314
E00045711,405,82,46,36,323,20,303,20.246913580246915,11.358024691358025,8.88888888888889,79.75308641975309,4.938271604938271,74.81481481481481
E00045712,372,72,37,35,300,9,291,19.35483870967742,9.946236559139784,9.408602150537634,80.64516129032258,2.4193548387096775,78.2258064516129
E00045713,360,91,40,51,269,17,252,25.27777777777778,11.11111111111111,14.166666666666666,74.72222222222223,4.722222222222222,70
E00045714,273,60,19,41,213,19,194,21.978021978021978,6.95970695970696,15.018315018315018,78.02197802197803,6.95970695970696,71.06227106227107
E00045715,309,59,25,34,250,21,229,19.093851132686083,8.090614886731391,11.003236245954692,80.90614886731392,6.796116504854369,74.11003236245955
E00045716,505,93,42,51,412,11,401,18.415841584158414,8.316831683168317,10.099009900990099,81.58415841584159,2.178217821782178,79.40594059405942
E00045717,410,66,26,40,344,24,320,16.097560975609756,6.341463414634147,9.75609756097561,83.90243902439025,5.853658536585367,78.04878048780488
E00045718,376,52,25,27,324,21,303,13.829787234042554,6.648936170212766,7.180851063829788,86.17021276595744,5.585106382978723,80.58510638297872
E00045719,389,70,41,29,319,12,307,17.994858611825194,10.539845758354756,7.455012853470437,82.0051413881748,3.0848329048843186,78.9203084832905
E00045720,531,158,100,58,373,29,344,29.75517890772128,18.832391713747647,10.922787193973635,70.24482109227873,5.4613935969868175,64.7834274952919
E00045721,291,50,19,31,241,27,214,17.18213058419244,6.529209621993128,10.652920962199312,82.81786941580756,9.278350515463918,73.53951890034365
E00045722,169,25,7,18,144,7,137,14.792899408284024,4.142011834319527,10.650887573964498,85.20710059171599,4.142011834319527,81.06508875739645
E00045724,350,61,25,36,289,29,260,17.42857142857143,7.142857142857142,10.285714285714285,82.57142857142857,8.285714285714285,74.28571428571429
E00045726,174,22,10,12,152,0,152,12.643678160919542,5.747126436781609,6.896551724137931,87.356321839080465,0,87.356321839080465
E00045727,271,87,42,45,184,3,181,32.10332103321033,15.498154981549817,16.605166051660518,67.89667896678966,1.107011070110701,66.78966789667896
E00045728,309,52,24,28,257,21,236,16.828478964401295,7.766990291262135,9.06148867313916,83.1715210355987,6.796116504854369,76.37540453074433
E00045729,604,94,37,57,510,36,474,15.562913907284766,6.125827814569536,9.437086092715232,84.43708609271523,5.960264900662252,78.47682119205298
E00045730,511,68,29,39,443,30,413,13.307240704500977,5.6751467710371815,7.632093933463796,86.69275929549902,5.870841487279844,80.82191780821918
E00045731,294,52,17,35,242,20,222,17.687074829931973,5.782312925170068,11.904761904761903,82.31292517006803,6.802721088435375,75.51020408163265
E00045732,271,37,10,27,234,28,206,13.653136531365314,3.6900369003690034,9.96309963099631,86.34686346863468,10.33210332103321,76.01476014760148
E00045734,358,54,20,34,304,19,285,15.083798882681565,5.58659217877095,9.497206703910614,84.91620111731844,5.307262569832402,79.60893854748603
E00045735,361,50,21,29,311,9,302,13.850415512465375,5.8171745152354575,8.033240997229916,86.14958448753463,2.4930747922437675,83.65650969529086
E00045736,276,79,41,38,197,25,172,28.6231884057971,14.855072463768115,13.768115942028986,71.37681159420289,9.057971014492754,62.31884057971014
E00045737,274,59,25,34,215,17,198,21.532846715328464,9.124087591240876,12.408759124087592,78.46715328467153,6.204379562043796,72.26277372262774
E00045739,265,58,22,36,207,15,192,21.88679245283019,8.30188679245283,13.584905660377359,78.11320754716982,5.660377358490567,72.45283018867924
E00045740,274,81,54,27,193,22,171,29.56204379562044,19.708029197080293,9.854014598540147,70.43795620437956,8.02919708029197,62.40875912408759
E00045741,269,43,19,24,226,17,209,15.985130111524162,7.063197026022305,8.921933085501859,84.01486988847584,6.319702602230483,77.69516728624535
E00045742,326,47,22,25,279,18,261,14.417177914110429,6.748466257668712,7.668711656441718,85.58282208588957,5.521472392638037,80.06134969325154
E00045743,333,49,20,29,284,26,258,14.714714714714713,6.006006006006006,8.708708708708707,85.28528528528528,7.807807807807808,77.47747747747748
E00045744,178,30,9,21,148,12,136,16.853932584269664,5.056179775280898,11.797752808988763,83.14606741573034,6.741573033707865,76.40449438202246
E00045745,306,70,26,44,236,23,213,22.875816993464053,8.49673202614379,14.37908496732026,77.12418300653596,7.516339869281046,69.6078431372549
E00045746,457,78,33,45,379,27,352,17.067833698030636,7.2210065645514225,9.846827133479213,82.93216630196937,5.908096280087528,77.02407002188184
E00045748,417,61,30,31,356,9,347,14.628297362110313,7.1942446043165464,7.434052757793765,85.37170263788968,2.158273381294964,83.21342925659472
E00045749,392,59,23,36,333,32,301,15.051020408163266,5.86734693877551,9.183673469387756,84.94897959183673,8.16326530612245,76.78571428571429
E00045750,343,50,31,19,293,23,270,14.577259475218659,9.037900874635568,5.539358600583091,85.42274052478133,6.705539358600583,78.71720116618076
E00045751,321,60,32,28,261,17,244,18.69158878504673,9.968847352024921,8.722741433021806,81.30841121495327,5.29595015576324,76.01246105919003
E00045752,474,78,41,37,396,23,373,16.455696202531644,8.649789029535865,7.805907172995781,83.54430379746836,4.852320675105485,78.69198312236287
E00045753,362,71,31,40,291,21,270,19.613259668508288,8.56353591160221,11.049723756906078,80.38674033149171,5.801104972375691,74.58563535911603
E00045754,263,42,14,28,221,12,209,15.96958174904943,5.323193916349809,10.646387832699618,84.03041825095056,4.562737642585551,79.46768060836501
E00045755,376,60,36,24,316,11,305,15.957446808510639,9.574468085106384,6.382978723404255,84.04255319148936,2.925531914893617,81.11702127659575
E00045756,171,77,47,30,94,6,88,45.02923976608187,27.485380116959064,17.543859649122805,54.97076023391813,3.508771929824561,51.461988304093566
E00045757,231,70,40,30,161,26,135,30.303030303030305,17.316017316017316,12.987012987012985,69.6969696969697,11.255411255411255,58.44155844155844
E00045758,388,72,35,37,316,22,294,18.556701030927837,9.02061855670103,9.536082474226804,81.44329896907216,5.670103092783505,75.77319587628865
E00045759,402,47,21,26,355,17,338,11.691542288557214,5.223880597014925,6.467661691542288,88.30845771144278,4.228855721393035,84.07960199004975
E00045760,389,58,23,35,331,16,315,14.910025706940875,5.912596401028278,8.997429305912597,85.08997429305913,4.113110539845758,80.97686375321337
E00045761,377,79,40,39,298,18,280,20.954907161803714,10.610079575596817,10.344827586206897,79.04509283819628,4.774535809018567,74.27055702917772
E00045762,392,65,35,30,327,26,301,16.581632653061224,8.928571428571429,7.653061224489796,83.41836734693877,6.63265306122449,76.78571428571429
E00045763,391,83,39,44,308,13,295,21.22762148337596,9.974424552429667,11.253196930946292,78.77237851662404,3.324808184143223,75.44757033248082
E00045764,332,59,24,35,273,13,260,17.771084337349397,7.228915662650602,10.542168674698797,82.2289156626506,3.91566265060241,78.3132530120482
E00045765,432,86,54,32,346,24,322,19.90740740740741,12.5,7.4074074074074066,80.0925925925926,5.555555555555555,74.53703703703704
E00045766,286,72,38,34,214,8,206,25.174825174825177,13.286713286713287,11.888111888111888,74.82517482517483,2.797202797202797,72.02797202797203
E00045767,373,93,48,45,280,22,258,24.932975871313673,12.868632707774799,12.064343163538874,75.06702412868633,5.898123324396782,69.16890080428955
E00045768,388,69,34,35,319,12,307,17.783505154639176,8.762886597938143,9.02061855670103,82.21649484536083,3.0927835051546393,79.12371134020619
E00045769,385,74,40,34,311,17,294,19.22077922077922,10.38961038961039,8.831168831168831,80.77922077922078,4.415584415584416,76.36363636363637
E00045770,336,69,35,34,267,20,247,20.535714285714285,10.416666666666668,10.119047619047619,79.46428571428571,5.952380952380952,73.51190476190477
E00045771,372,80,49,31,292,14,278,21.50537634408602,13.172043010752688,8.333333333333332,78.49462365591397,3.763440860215054,74.73118279569893
E00045772,360,57,17,40,303,19,284,15.833333333333332,4.722222222222222,11.11111111111111,84.16666666666667,5.277777777777778,78.88888888888889
E00045773,385,60,32,28,325,12,313,15.584415584415584,8.311688311688311,7.2727272727272725,84.4155844155844,3.116883116883117,81.2987012987013
E00045774,388,59,29,30,329,20,309,15.206185567010309,7.474226804123711,7.731958762886598,84.79381443298969,5.154639175257731,79.63917525773195
E00045775,338,85,37,48,253,21,232,25.14792899408284,10.946745562130179,14.201183431952662,74.85207100591717,6.21301775147929,68.63905325443787
E00045776,285,52,26,26,233,13,220,18.24561403508772,9.12280701754386,9.12280701754386,81.75438596491227,4.56140350877193,77.19298245614034
E00045777,308,47,20,27,261,17,244,15.259740259740258,6.493506493506493,8.766233766233766,84.74025974025975,5.51948051948052,79.22077922077922
E00045778,322,47,27,20,275,7,268,14.596273291925465,8.385093167701864,6.211180124223603,85.40372670807453,2.1739130434782608,83.22981366459628
E00045779,311,69,37,32,242,10,232,22.186495176848876,11.89710610932476,10.289389067524116,77.81350482315112,3.215434083601286,74.59807073954984
E00045780,323,71,34,37,252,9,243,21.981424148606813,10.526315789473683,11.455108359133128,78.0185758513932,2.786377708978328,75.23219814241486
E00045781,367,78,37,41,289,15,274,21.25340599455041,10.08174386920981,11.1716621253406,78.7465940054496,4.087193460490464,74.65940054495913
E00045782,393,47,25,22,346,29,317,11.959287531806616,6.361323155216285,5.597964376590331,88.04071246819338,7.37913486005089,80.6615776081425
E00045783,360,65,33,32,295,11,284,18.055555555555554,9.166666666666666,8.88888888888889,81.94444444444444,3.0555555555555554,78.88888888888889
E00045784,463,55,32,23,408,15,393,11.879049676025918,6.911447084233262,4.967602591792657,88.12095032397409,3.2397408207343417,84.88120950323975
E00045785,356,37,12,25,319,23,296,10.393258426966293,3.3707865168539324,7.02247191011236,89.60674157303372,6.460674157303371,83.14606741573034
E00045786,350,62,28,34,288,14,274,17.71428571428571,8,9.714285714285714,82.28571428571428,4,78.28571428571428
E00045787,293,60,34,26,233,12,221,20.477815699658702,11.604095563139932,8.873720136518772,79.5221843003413,4.09556313993174,75.42662116040955
E00045788,379,70,34,36,309,21,288,18.46965699208443,8.970976253298153,9.498680738786279,81.53034300791556,5.540897097625329,75.98944591029023
E00045789,177,33,13,20,144,7,137,18.64406779661017,7.344632768361582,11.299435028248588,81.35593220338984,3.954802259887006,77.40112994350282
E00045790,362,47,20,27,315,18,297,12.98342541436464,5.524861878453039,7.458563535911603,87.01657458563537,4.972375690607735,82.04419889502762
E00045791,334,69,38,31,265,18,247,20.65868263473054,11.377245508982035,9.281437125748502,79.34131736526946,5.389221556886228,73.95209580838323
E00045792,413,45,24,21,368,17,351,10.895883777239709,5.811138014527845,5.084745762711865,89.10411622276028,4.116222760290557,84.98789346246973
E00045793,304,51,20,31,253,8,245,16.776315789473685,6.578947368421052,10.197368421052632,83.22368421052632,2.631578947368421,80.5921052631579
E00045794,368,51,28,23,317,16,301,13.858695652173914,7.608695652173914,6.25,86.1413043478261,4.3478260869565215,81.79347826086956
E00045795,536,85,45,40,451,17,434,15.858208955223882,8.395522388059701,7.462686567164178,84.14179104477611,3.171641791044776,80.97014925373134
E00045796,306,42,19,23,264,12,252,13.725490196078432,6.209150326797386,7.516339869281046,86.27450980392157,3.9215686274509802,82.35294117647058
E00045797,423,90,54,36,333,17,316,21.27659574468085,12.76595744680851,8.51063829787234,78.72340425531915,4.0189125295508275,74.70449172576832
E00045798,399,61,27,34,338,19,319,15.288220551378446,6.7669172932330826,8.521303258145362,84.71177944862156,4.761904761904762,79.9498746867168
E00045799,474,86,36,50,388,14,374,18.143459915611814,7.59493670886076,10.548523206751055,81.85654008438819,2.9535864978902953,78.90295358649789
E00045800,349,68,29,39,281,11,270,19.484240687679083,8.30945558739255,11.174785100286533,80.51575931232091,3.151862464183381,77.36389684813754
E00045801,368,45,19,26,323,19,304,12.228260869565217,5.163043478260869,7.065217391304348,87.77173913043478,5.163043478260869,82.6086956521739
E00045802,377,55,21,34,322,21,301,14.588859416445624,5.570291777188329,9.018567639257293,85.41114058355438,5.570291777188329,79.84084880636605
E00045803,612,103,49,54,509,14,495,16.830065359477125,8.006535947712418,8.823529411764707,83.16993464052288,2.287581699346405,80.88235294117648
E00045804,357,60,28,32,297,8,289,16.80672268907563,7.8431372549019605,8.96358543417367,83.19327731092437,2.2408963585434174,80.95238095238095
E00045805,417,58,35,23,359,21,338,13.908872901678656,8.393285371702639,5.515587529976019,86.09112709832134,5.0359712230215825,81.05515587529976
E00045806,515,98,38,60,417,41,376,19.02912621359223,7.3786407766990285,11.650485436893204,80.97087378640776,7.961165048543689,73.00970873786407
E00045807,444,60,22,38,384,27,357,13.513513513513514,4.954954954954955,8.558558558558559,86.48648648648648,6.081081081081082,80.4054054054054
E00045808,459,53,27,26,406,10,396,11.546840958605664,5.88235294117647,5.664488017429194,88.45315904139433,2.178649237472767,86.27450980392157
E00045809,312,53,27,26,259,7,252,16.98717948717949,8.653846153846153,8.333333333333332,83.01282051282051,2.2435897435897436,80.76923076923077
E00045810,409,51,35,16,358,12,346,12.469437652811736,8.557457212713937,3.9119804400977993,87.53056234718827,2.93398533007335,84.59657701711491
E00045811,475,58,26,32,417,20,397,12.210526315789473,5.473684210526316,6.7368421052631575,87.78947368421053,4.2105263157894735,83.57894736842105
E00045812,433,71,33,38,362,8,354,16.397228637413395,7.621247113163972,8.775981524249422,83.60277136258661,1.8475750577367205,81.75519630484989
E00045813,255,53,30,23,202,23,179,20.784313725490197,11.76470588235294,9.019607843137255,79.2156862745098,9.019607843137255,70.19607843137254
E00045814,262,54,22,32,208,10,198,20.610687022900763,8.396946564885496,12.213740458015266,79.38931297709924,3.816793893129771,75.57251908396947
E00045815,493,101,54,47,392,38,354,20.486815415821503,10.953346855983773,9.533468559837727,79.5131845841785,7.707910750507099,71.80527383367141
E00045816,427,41,19,22,386,6,380,9.601873536299765,4.449648711943794,5.152224824355972,90.39812646370024,1.405152224824356,88.99297423887587
E00045817,553,83,42,41,470,14,456,15.009041591320072,7.59493670886076,7.414104882459313,84.99095840867993,2.5316455696202533,82.45931283905968
E00045819,440,67,36,31,373,14,359,15.227272727272728,8.181818181818182,7.045454545454545,84.77272727272728,3.1818181818181817,81.5909090909091
E00045820,539,72,38,34,467,28,439,13.358070500927644,7.050092764378478,6.307977736549166,86.64192949907236,5.194805194805195,81.44712430426716
E00045821,378,75,39,36,303,22,281,19.841269841269842,10.317460317460316,9.523809523809524,80.15873015873017,5.82010582010582,74.33862433862434
E00045822,434,61,22,39,373,20,353,14.055299539170507,5.0691244239631335,8.986175115207374,85.9447004608295,4.6082949308755765,81.33640552995391
E00045823,233,68,42,26,165,11,154,29.184549356223176,18.025751072961373,11.158798283261802,70.81545064377683,4.721030042918455,66.09442060085837
E00045825,367,45,22,23,322,20,302,12.26158038147139,5.994550408719346,6.267029972752043,87.73841961852861,5.449591280653951,82.28882833787466
E00045826,397,46,11,35,351,17,334,11.586901763224182,2.770780856423174,8.816120906801007,88.41309823677582,4.282115869017632,84.1309823677582
E00045827,348,47,11,36,301,17,284,13.505747126436782,3.1609195402298855,10.344827586206897,86.49425287356321,4.885057471264368,81.60919540229885
E00045828,365,62,28,34,303,13,290,16.986301369863014,7.671232876712329,9.315068493150685,83.01369863013699,3.5616438356164384,79.45205479452055
E00045829,307,75,38,37,232,16,216,24.429967426710096,12.37785016286645,12.052117263843648,75.57003257328991,5.211726384364821,70.35830618892508
E00045830,405,57,22,35,348,19,329,14.074074074074074,5.432098765432099,8.641975308641975,85.92592592592592,4.691358024691358,81.23456790123457
E00045831,375,45,19,26,330,22,308,12,5.066666666666666,6.933333333333333,88,5.866666666666666,82.13333333333334
E00045832,377,36,19,17,341,19,322,9.549071618037134,5.039787798408488,4.509283819628647,90.45092838196287,5.039787798408488,85.41114058355438
E00045833,320,43,14,29,277,19,258,13.4375,4.375,9.0625,86.5625,5.9375,80.625
E00045834,294,56,27,29,238,17,221,19.047619047619047,9.183673469387756,9.863945578231291,80.95238095238095,5.782312925170068,75.17006802721087
E00045835,347,48,26,22,299,35,264,13.8328530259366,7.492795389048991,6.340057636887608,86.1671469740634,10.086455331412104,76.0806916426513
E00045836,391,48,14,34,343,20,323,12.27621483375959,3.580562659846547,8.695652173913043,87.7237851662404,5.115089514066496,82.6086956521739
E00045837,306,47,16,31,259,23,236,15.359477124183007,5.228758169934641,10.130718954248366,84.640522875817,7.516339869281046,77.12418300653596
E00045838,337,63,26,37,274,17,257,18.694362017804153,7.71513353115727,10.979228486646884,81.30563798219585,5.044510385756676,76.26112759643917
E00045839,377,63,24,39,314,21,293,16.710875331564985,6.36604774535809,10.344827586206897,83.28912466843501,5.570291777188329,77.71883289124668
E00045840,344,53,17,36,291,23,268,15.406976744186046,4.941860465116279,10.465116279069768,84.59302325581395,6.686046511627906,77.90697674418605
E00045841,383,68,31,37,315,11,304,17.75456919060052,8.093994778067886,9.660574412532636,82.24543080939948,2.8720626631853787,79.37336814621409
E00045842,496,68,30,38,428,15,413,13.709677419354838,6.048387096774194,7.661290322580645,86.29032258064517,3.024193548387097,83.26612903225806
E00045843,357,65,36,29,292,21,271,18.207282913165265,10.084033613445378,8.123249299719888,81.79271708683473,5.88235294117647,75.91036414565826
E00045844,446,71,29,42,375,20,355,15.919282511210762,6.502242152466367,9.417040358744394,84.08071748878923,4.484304932735426,79.5964125560538
E00045845,369,64,30,34,305,15,290,17.344173441734416,8.130081300813007,9.214092140921409,82.65582655826557,4.0650406504065035,78.59078590785907
E00045846,401,43,22,21,358,17,341,10.723192019950124,5.486284289276807,5.236907730673317,89.27680798004988,4.239401496259352,85.03740648379052
E00045847,494,74,39,35,420,17,403,14.979757085020243,7.894736842105263,7.08502024291498,85.02024291497976,3.4412955465587043,81.57894736842105
E00045848,454,126,82,44,328,9,319,27.75330396475771,18.06167400881057,9.691629955947137,72.24669603524228,1.9823788546255507,70.26431718061674
E00045849,278,44,17,27,234,9,225,15.827338129496402,6.115107913669065,9.712230215827338,84.17266187050359,3.237410071942446,80.93525179856115
E00045850,359,45,24,21,314,14,300,12.534818941504177,6.685236768802229,5.8495821727019495,87.46518105849582,3.8997214484679668,83.56545961002786
E00045851,330,79,42,37,251,16,235,23.939393939393938,12.727272727272727,11.212121212121213,76.06060606060606,4.848484848484849,71.21212121212122
E00045853,430,63,30,33,367,12,355,14.651162790697676,6.976744186046512,7.674418604651163,85.34883720930233,2.7906976744186047,82.55813953488372
E00045854,368,46,18,28,322,9,313,12.5,4.891304347826087,7.608695652173914,87.5,2.4456521739130435,85.05434782608695
E00045855,380,49,26,23,331,20,311,12.894736842105264,6.842105263157896,6.052631578947368,87.10526315789474,5.263157894736842,81.84210526315789
E00045856,573,64,34,30,509,22,487,11.169284467713787,5.93368237347295,5.2356020942408374,88.8307155322862,3.8394415357766145,84.99127399650959
E00045857,181,39,15,24,142,8,134,21.54696132596685,8.287292817679557,13.259668508287293,78.45303867403315,4.41988950276243,74.03314917127072
E00045858,371,53,31,22,318,20,298,14.285714285714285,8.355795148247978,5.929919137466308,85.71428571428571,5.3908355795148255,80.3234501347709
E00045859,495,109,44,65,386,21,365,22.02020202020202,8.88888888888889,13.131313131313133,77.97979797979798,4.242424242424243,73.73737373737373
E00045860,411,51,24,27,360,21,339,12.408759124087592,5.839416058394161,6.569343065693431,87.59124087591242,5.109489051094891,82.48175182481752
E00045861,393,63,22,41,330,28,302,16.030534351145036,5.597964376590331,10.432569974554708,83.96946564885496,7.124681933842239,76.84478371501272
E00045862,388,55,22,33,333,27,306,14.175257731958762,5.670103092783505,8.505154639175258,85.82474226804123,6.958762886597938,78.8659793814433
E00045863,318,38,19,19,280,23,257,11.949685534591195,5.9748427672955975,5.9748427672955975,88.0503144654088,7.232704402515723,80.81761006289308
E00045864,421,69,26,43,352,23,329,16.389548693586697,6.175771971496437,10.21377672209026,83.6104513064133,5.463182897862233,78.14726840855107
E00045865,390,51,27,24,339,17,322,13.076923076923078,6.923076923076923,6.153846153846154,86.92307692307692,4.358974358974359,82.564102564102555
E00045866,201,42,13,29,159,9,150,20.8955223880597,6.467661691542288,14.427860696517413,79.1044776119403,4.477611940298507,74.6268656716418
E00045867,391,63,24,39,328,18,310,16.11253196930946,6.138107416879795,9.974424552429667,83.88746803069054,4.603580562659847,79.28388746803068
E00045868,321,55,23,32,266,20,246,17.133956386292834,7.165109034267912,9.968847352024921,82.86604361370716,6.230529595015576,76.63551401869158
E00045869,489,55,23,32,434,38,396,11.247443762781186,4.703476482617587,6.5439672801636,88.75255623721881,7.770961145194274,80.98159509202453
E00045870,427,62,35,27,365,23,342,14.519906323185012,8.19672131147541,6.323185011709602,85.48009367681499,5.386416861826698,80.09367681498829
E00045871,372,46,19,27,326,22,304,12.365591397849462,5.10752688172043,7.258064516129033,87.63440860215054,5.913978494623656,81.72043010752688
E00045872,387,68,26,42,319,21,298,17.571059431524546,6.718346253229974,10.852713178294573,82.42894056847545,5.426356589147287,77.00258397932816
E00045873,466,82,46,36,384,25,359,17.59656652360515,9.871244635193133,7.725321888412018,82.40343347639485,5.36480686695279,77.03862660944206
E00045874,405,47,22,25,358,20,338,11.604938271604938,5.432098765432099,6.172839506172839,88.39506172839506,4.938271604938271,83.4567901234568
E00045875,415,73,33,40,342,17,325,17.59036144578313,7.951807228915662,9.63855421686747,82.40963855421687,4.096385542168675,78.3132530120482
E00045876,349,65,34,31,284,22,262,18.624641833810887,9.742120343839542,8.882521489971348,81.37535816618912,6.303724928366762,75.07163323782235
E00045877,364,46,24,22,318,25,293,12.637362637362637,6.593406593406594,6.043956043956044,87.36263736263736,6.868131868131869,80.4945054945055
E00045878,549,82,31,51,467,21,446,14.93624772313297,5.646630236794172,9.289617486338798,85.06375227686704,3.825136612021858,81.23861566484517
E00045879,343,53,23,30,290,15,275,15.451895043731778,6.705539358600583,8.746355685131196,84.54810495626822,4.373177842565598,80.17492711370262
E00045880,405,57,21,36,348,19,329,14.074074074074074,5.185185185185185,8.88888888888889,85.92592592592592,4.691358024691358,81.23456790123457
E00045881,458,53,24,29,405,22,383,11.572052401746726,5.240174672489083,6.331877729257641,88.42794759825327,4.8034934497816595,83.62445414847161
E00045882,421,69,33,36,352,22,330,16.389548693586697,7.8384798099762465,8.551068883610451,83.6104513064133,5.225653206650831,78.38479809976246
E00045883,339,48,20,28,291,10,281,14.15929203539823,5.899705014749262,8.259587020648967,85.84070796460178,2.949852507374631,82.89085545722715
E00045884,360,52,21,31,308,7,301,14.444444444444443,5.833333333333333,8.61111111111111,85.55555555555556,1.9444444444444444,83.61111111111111
E00045885,434,78,39,39,356,32,324,17.972350230414747,8.986175115207374,8.986175115207374,82.02764976958525,7.373271889400922,74.65437788018433
E00045886,410,53,25,28,357,14,343,12.926829268292684,6.097560975609756,6.829268292682928,87.07317073170732,3.414634146341464,83.65853658536585
E00045887,424,75,27,48,349,25,324,17.68867924528302,6.367924528301887,11.320754716981133,82.31132075471697,5.89622641509434,76.41509433962264
E00045888,340,61,21,40,279,20,259,17.941176470588236,6.176470588235294,11.76470588235294,82.05882352941177,5.88235294117647,76.17647058823529
E00045889,438,66,27,39,372,14,358,15.068493150684931,6.164383561643835,8.904109589041095,84.93150684931507,3.1963470319634704,81.7351598173516
E00045890,404,42,19,23,362,20,342,10.396039603960396,4.702970297029703,5.693069306930694,89.60396039603961,4.9504950495049505,84.65346534653465
E00045891,355,48,26,22,307,34,273,13.521126760563378,7.323943661971831,6.197183098591549,86.47887323943661,9.577464788732394,76.90140845070422
E00045892,385,50,23,27,335,18,317,12.987012987012985,5.974025974025974,7.012987012987012,87.01298701298701,4.675324675324675,82.33766233766234
E00045893,447,51,23,28,396,24,372,11.409395973154362,5.1454138702460845,6.263982102908278,88.59060402684564,5.369127516778524,83.22147651006712
E00045894,340,65,30,35,275,36,239,19.11764705882353,8.823529411764707,10.294117647058822,80.88235294117648,10.588235294117647,70.29411764705881
E00045895,248,37,11,26,211,17,194,14.919354838709678,4.435483870967742,10.483870967741936,85.08064516129032,6.854838709677419,78.2258064516129
E00045896,408,45,16,29,363,17,346,11.029411764705882,3.9215686274509802,7.107843137254902,88.97058823529412,4.166666666666666,84.80392156862744
E00045897,363,78,38,40,285,19,266,21.487603305785125,10.46831955922865,11.019283746556475,78.51239669421489,5.234159779614325,73.27823691460054
E00045898,369,57,22,35,312,17,295,15.447154471544716,5.9620596205962055,9.48509485094851,84.5528455284553,4.607046070460704,79.94579945799458
E00045899,374,46,19,27,328,13,315,12.299465240641712,5.080213903743315,7.219251336898395,87.70053475935828,3.4759358288770055,84.22459893048129
E00045900,383,56,28,28,327,25,302,14.621409921671018,7.310704960835509,7.310704960835509,85.37859007832898,6.527415143603134,78.85117493472585
E00045901,478,57,38,19,421,14,407,11.92468619246862,7.949790794979079,3.9748953974895396,88.07531380753139,2.928870292887029,85.14644351464436
E00045902,406,48,22,26,358,9,349,11.822660098522167,5.41871921182266,6.403940886699508,88.17733990147784,2.2167487684729066,85.96059113300493
E00045904,573,55,33,22,518,11,507,9.598603839441536,5.7591623036649215,3.8394415357766145,90.40139616055846,1.9197207678883073,88.48167539267016
E00045905,474,53,24,29,421,13,408,11.181434599156118,5.063291139240507,6.118143459915612,88.81856540084388,2.7426160337552745,86.07594936708861
E00045906,566,125,80,45,441,23,418,22.084805653710244,14.13427561837456,7.950530035335689,77.91519434628975,4.063604240282685,73.85159010600707
E00045907,403,65,31,34,338,14,324,16.129032258064516,7.6923076923076925,8.436724565756824,83.87096774193549,3.4739454094292808,80.39702233250621
E00045909,524,68,28,40,456,20,436,12.977099236641221,5.343511450381679,7.633587786259542,87.02290076335878,3.816793893129771,83.20610687022901
E00045910,448,59,31,28,389,11,378,13.169642857142858,6.919642857142858,6.25,86.83035714285714,2.455357142857143,84.375
E00045911,456,62,27,35,394,22,372,13.596491228070176,5.921052631578947,7.675438596491229,86.40350877192982,4.824561403508771,81.57894736842105
E00045912,317,54,21,33,263,9,254,17.034700315457414,6.624605678233439,10.410094637223976,82.96529968454259,2.8391167192429023,80.12618296529969
E00045913,428,70,34,36,358,2,356,16.355140186915886,7.943925233644859,8.411214953271028,83.64485981308411,0.46728971962616817,83.17757009345794
E00045914,507,74,43,31,433,7,426,14.595660749506903,8.481262327416173,6.11439842209073,85.4043392504931,1.3806706114398422,84.02366863905326
E00045915,347,36,24,12,311,17,294,10.37463976945245,6.9164265129683,3.45821325648415,89.62536023054754,4.899135446685879,84.72622478386167
E00045916,314,40,19,21,274,7,267,12.738853503184714,6.050955414012739,6.687898089171974,87.26114649681529,2.229299363057325,85.03184713375796
E00045917,606,93,54,39,513,15,498,15.346534653465346,8.91089108910891,6.435643564356436,84.65346534653465,2.4752475247524752,82.17821782178217
E00045918,406,66,38,28,340,14,326,16.25615763546798,9.35960591133005,6.896551724137931,83.74384236453201,3.4482758620689653,80.29556650246306
E00045919,518,61,27,34,457,14,443,11.776061776061777,5.212355212355212,6.563706563706563,88.22393822393822,2.7027027027027026,85.52123552123551
E00045920,390,59,30,29,331,6,325,15.128205128205128,7.6923076923076925,7.435897435897436,84.87179487179488,1.5384615384615385,83.33333333333334
E00045921,457,52,25,27,405,10,395,11.37855579868709,5.470459518599562,5.908096280087528,88.62144420131291,2.1881838074398248,86.43326039387308
E00045922,498,99,41,58,399,9,390,19.879518072289155,8.23293172690763,11.646586345381527,80.12048192771084,1.8072289156626504,78.3132530120482
E00045923,441,61,23,38,380,9,371,13.83219954648526,5.215419501133787,8.616780045351474,86.16780045351474,2.0408163265306123,84.12698412698413
E00045924,337,46,20,26,291,16,275,13.649851632047477,5.934718100890208,7.71513353115727,86.35014836795251,4.747774480712167,81.60237388724035
E00045925,492,83,38,45,409,8,401,16.869918699186993,7.723577235772358,9.146341463414634,83.130081300813,1.6260162601626018,81.5040650406504
E00045926,448,85,40,45,363,10,353,18.973214285714285,8.928571428571429,10.044642857142858,81.02678571428571,2.232142857142857,78.79464285714286
E00045927,350,72,36,36,278,11,267,20.57142857142857,10.285714285714285,10.285714285714285,79.42857142857143,3.1428571428571432,76.28571428571429
E00045928,490,67,28,39,423,19,404,13.673469387755102,5.714285714285714,7.959183673469387,86.3265306122449,3.877551020408163,82.44897959183673
E00045929,396,64,42,22,332,15,317,16.161616161616163,10.606060606060606,5.555555555555555,83.83838383838383,3.787878787878788,80.05050505050505
E00045930,521,61,34,27,460,21,439,11.708253358925145,6.525911708253358,5.182341650671785,88.29174664107485,4.030710172744722,84.26103646833013
E00045931,412,55,28,27,357,11,346,13.349514563106796,6.796116504854369,6.553398058252427,86.6504854368932,2.669902912621359,83.98058252427184
E00045932,367,58,34,24,309,7,302,15.803814713896458,9.264305177111716,6.539509536784741,84.19618528610354,1.9073569482288828,82.28882833787466
E00045935,410,72,42,30,338,8,330,17.560975609756095,10.24390243902439,7.317073170731707,82.4390243902439,1.951219512195122,80.48780487804879
E00045937,606,99,50,49,507,22,485,16.33663366336634,8.25082508250825,8.085808580858085,83.66336633663366,3.6303630363036308,80.03300330033002
E00045939,431,50,22,28,381,8,373,11.600928074245939,5.104408352668213,6.496519721577726,88.39907192575406,1.8561484918793503,86.5429234338747
E00045940,526,82,45,37,444,14,430,15.5893536121673,8.555133079847907,7.0342205323193925,84.4106463878327,2.6615969581749046,81.74904942965779
E00045941,493,135,85,50,358,14,344,27.38336713995943,17.24137931034483,10.141987829614605,72.61663286004057,2.839756592292089,69.77687626774848
E00045943,457,60,31,29,397,9,388,13.129102844638949,6.783369803063458,6.3457330415754925,86.87089715536105,1.9693654266958425,84.9015317286652
E00045944,484,63,32,31,421,11,410,13.016528925619836,6.6115702479338845,6.40495867768595,86.98347107438018,2.272727272727273,84.71074380165288
E00045945,405,64,37,27,341,9,332,15.802469135802468,9.135802469135802,6.666666666666667,84.19753086419753,2.2222222222222223,81.9753086419753
E00045948,510,73,37,36,437,14,423,14.313725490196077,7.254901960784315,7.0588235294117645,85.68627450980392,2.7450980392156863,82.94117647058825
E00045949,587,60,26,34,527,13,514,10.221465076660987,4.429301533219761,5.792163543441227,89.77853492333901,2.2146507666098807,87.56388415672913
E00045950,487,63,27,36,424,13,411,12.93634496919918,5.544147843942506,7.392197125256674,87.06365503080082,2.6694045174537986,84.39425051334702
E00045951,328,64,28,36,264,16,248,19.51219512195122,8.536585365853659,10.975609756097562,80.48780487804879,4.878048780487805,75.60975609756098
E00045952,321,47,23,24,274,20,254,14.641744548286603,7.165109034267912,7.476635514018691,85.35825545171339,6.230529595015576,79.12772585669782
E00045953,376,65,25,40,311,6,305,17.287234042553195,6.648936170212766,10.638297872340425,82.7127659574468,1.5957446808510638,81.11702127659575
E00045954,385,54,28,26,331,12,319,14.025974025974024,7.2727272727272725,6.753246753246753,85.97402597402596,3.116883116883117,82.85714285714286
E00045955,433,63,33,30,370,16,354,14.549653579676674,7.621247113163972,6.928406466512701,85.45034642032333,3.695150115473441,81.75519630484989
E00045956,417,53,31,22,364,8,356,12.709832134292565,7.434052757793765,5.275779376498801,87.29016786570743,1.9184652278177456,85.37170263788968
E00045957,443,71,25,46,372,23,349,16.02708803611738,5.643340857787811,10.383747178329571,83.97291196388262,5.191873589164786,78.78103837471784
E00045959,377,56,28,28,321,6,315,14.854111405835543,7.427055702917771,7.427055702917771,85.14588859416446,1.5915119363395225,83.55437665782493
E00045960,373,58,25,33,315,19,296,15.549597855227882,6.702412868632708,8.847184986595174,84.45040214477211,5.093833780160858,79.35656836461126
E00045961,421,56,22,34,365,29,336,13.30166270783848,5.225653206650831,8.076009501187649,86.69833729216153,6.88836104513064,79.80997624703087
E00045962,441,73,35,38,368,5,363,16.55328798185941,7.936507936507936,8.616780045351474,83.44671201814059,1.1337868480725624,82.31292517006803
E00045963,544,66,33,33,478,16,462,12.132352941176471,6.0661764705882355,6.0661764705882355,87.86764705882352,2.941176470588235,84.92647058823529
E00045964,275,39,20,19,236,9,227,14.181818181818182,7.2727272727272725,6.909090909090909,85.81818181818181,3.272727272727273,82.54545454545455
E00045965,455,55,32,23,400,8,392,12.087912087912088,7.032967032967033,5.054945054945055,87.91208791208791,1.7582417582417582,86.15384615384616
E00045966,583,62,19,43,521,14,507,10.634648370497427,3.2590051457975986,7.375643224699828,89.36535162950257,2.401372212692967,86.9639794168096
E00045967,481,74,31,43,407,10,397,15.384615384615385,6.4449064449064455,8.93970893970894,84.61538461538461,2.079002079002079,82.53638253638253
E00045969,486,58,28,30,428,15,413,11.934156378600823,5.761316872427984,6.172839506172839,88.06584362139918,3.0864197530864197,84.97942386831275
E00045970,292,69,30,39,223,12,211,23.63013698630137,10.273972602739725,13.356164383561644,76.36986301369863,4.10958904109589,72.26027397260275
E00045971,326,40,17,23,286,27,259,12.269938650306749,5.214723926380368,7.05521472392638,87.73006134969326,8.282208588957054,79.4478527607362
E00045972,255,29,15,14,226,21,205,11.372549019607844,5.88235294117647,5.490196078431373,88.62745098039215,8.235294117647058,80.3921568627451
E00045973,217,18,2,16,199,12,187,8.294930875576037,0.9216589861751152,7.373271889400922,91.70506912442397,5.529953917050691,86.17511520737328
E00045974,251,25,6,19,226,17,209,9.9601593625498,2.3904382470119523,7.569721115537849,90.0398406374502,6.772908366533864,83.26693227091634
E00045975,286,32,10,22,254,22,232,11.188811188811188,3.4965034965034967,7.6923076923076925,88.81118881118881,7.6923076923076925,81.11888111888112
E00045976,286,32,7,25,254,29,225,11.188811188811188,2.4475524475524475,8.741258741258742,88.81118881118881,10.13986013986014,78.67132867132867
E00045977,336,58,27,31,278,29,249,17.261904761904763,8.035714285714286,9.226190476190476,82.73809523809523,8.630952380952381,74.10714285714286
E00045978,279,20,2,18,259,28,231,7.168458781362006,0.7168458781362007,6.451612903225806,92.831541218638,10.03584229390681,82.79569892473118
E00045979,286,54,14,40,232,25,207,18.88111888111888,4.895104895104895,13.986013986013987,81.11888111888112,8.741258741258742,72.37762237762237
E00045980,326,35,14,21,291,32,259,10.736196319018406,4.294478527607362,6.441717791411043,89.2638036809816,9.815950920245399,79.4478527607362
E00045981,285,36,19,17,249,22,227,12.631578947368421,6.666666666666667,5.964912280701754,87.36842105263159,7.719298245614035,79.64912280701755
E00045982,279,44,22,22,235,28,207,15.770609318996415,7.885304659498208,7.885304659498208,84.22939068100358,10.03584229390681,74.19354838709677
E00045983,217,38,8,30,179,19,160,17.51152073732719,3.686635944700461,13.82488479262673,82.48847926267281,8.755760368663594,73.73271889400922
E00045984,390,84,29,55,306,26,280,21.53846153846154,7.435897435897436,14.102564102564102,78.46153846153847,6.666666666666667,71.7948717948718
E00045985,357,33,7,26,324,31,293,9.243697478991598,1.9607843137254901,7.282913165266107,90.75630252100841,8.683473389355742,82.07282913165265
E00045986,388,48,10,38,340,36,304,12.371134020618557,2.5773195876288657,9.793814432989691,87.62886597938144,9.278350515463918,78.35051546391753
E00045987,316,36,16,20,280,31,249,11.39240506329114,5.063291139240507,6.329113924050633,88.60759493670885,9.81012658227848,78.79746835443038
E00045988,302,50,23,27,252,18,234,16.55629139072848,7.6158940397351,8.940397350993377,83.44370860927152,5.960264900662252,77.48344370860927
E00045989,268,29,15,14,239,23,216,10.820895522388058,5.597014925373134,5.223880597014925,89.17910447761194,8.582089552238806,80.59701492537313
E00045990,391,83,41,42,308,20,288,21.22762148337596,10.485933503836318,10.741687979539643,78.77237851662404,5.115089514066496,73.65728900255755
E00045991,295,45,16,29,250,20,230,15.254237288135593,5.423728813559322,9.830508474576272,84.7457627118644,6.779661016949152,77.96610169491525
E00045992,241,72,33,39,169,14,155,29.87551867219917,13.692946058091287,16.182572614107883,70.12448132780082,5.809128630705394,64.31535269709543
E00045993,375,43,10,33,332,40,292,11.466666666666667,2.666666666666667,8.799999999999999,88.53333333333333,10.666666666666668,77.86666666666666
E00045994,274,32,10,22,242,21,221,11.678832116788321,3.64963503649635,8.02919708029197,88.32116788321169,7.664233576642336,80.65693430656934
E00045995,247,27,11,16,220,23,197,10.931174089068826,4.4534412955465585,6.477732793522267,89.06882591093117,9.31174089068826,79.75708502024291
E00045996,313,64,14,50,249,10,239,20.447284345047922,4.472843450479233,15.974440894568689,79.55271565495208,3.1948881789137378,76.35782747603834
E00045997,283,40,17,23,243,22,221,14.13427561837456,6.007067137809187,8.12720848056537,85.86572438162544,7.773851590106007,78.09187279151944
E00045998,388,78,36,42,310,15,295,20.103092783505154,9.278350515463918,10.824742268041238,79.89690721649485,3.865979381443299,76.03092783505154
E00045999,257,63,38,25,194,12,182,24.5136186770428,14.785992217898833,9.72762645914397,75.4863813229572,4.669260700389105,70.8171206225681
E00046000,291,46,17,29,245,17,228,15.807560137457044,5.841924398625429,9.965635738831615,84.19243986254295,5.841924398625429,78.35051546391753
E00046001,260,42,16,26,218,19,199,16.153846153846153,6.153846153846154,10,83.84615384615385,7.307692307692308,76.53846153846153
E00046002,314,73,33,40,241,16,225,23.248407643312103,10.509554140127388,12.738853503184714,76.75159235668791,5.095541401273886,71.656050955414
E00046003,327,71,38,33,256,13,243,21.712538226299692,11.62079510703364,10.091743119266056,78.2874617737003,3.9755351681957185,74.31192660550458
E00046004,222,54,22,32,168,15,153,24.324324324324326,9.90990990990991,14.414414414414415,75.67567567567568,6.756756756756757,68.91891891891892
E00046005,220,47,25,22,173,16,157,21.363636363636363,11.363636363636363,10,78.63636363636364,7.2727272727272725,71.36363636363636
E00046006,318,46,21,25,272,32,240,14.465408805031446,6.60377358490566,7.861635220125786,85.53459119496856,10.062893081761008,75.47169811320755
E00046007,396,60,25,35,336,29,307,15.151515151515152,6.313131313131313,8.83838383838384,84.84848484848484,7.3232323232323235,77.52525252525253
E00046008,376,65,36,29,311,20,291,17.287234042553195,9.574468085106384,7.712765957446808,82.7127659574468,5.319148936170213,77.3936170212766
E00046009,195,72,42,30,123,12,111,36.92307692307693,21.53846153846154,15.384615384615385,63.07692307692307,6.153846153846154,56.92307692307692
E00046010,338,75,39,36,263,14,249,22.189349112426036,11.538461538461538,10.650887573964498,77.81065088757396,4.142011834319527,73.66863905325444
E00046011,276,47,21,26,229,22,207,17.02898550724638,7.608695652173914,9.420289855072465,82.97101449275362,7.971014492753622,75
E00046012,438,59,31,28,379,20,359,13.470319634703195,7.077625570776255,6.392694063926941,86.5296803652968,4.5662100456621,81.9634703196347
E00046013,296,56,23,33,240,17,223,18.91891891891892,7.77027027027027,11.14864864864865,81.08108108108108,5.743243243243244,75.33783783783784
E00046014,462,78,41,37,384,22,362,16.883116883116884,8.874458874458876,8.008658008658008,83.11688311688312,4.761904761904762,78.35497835497836
E00046015,235,45,16,29,190,18,172,19.148936170212767,6.808510638297872,12.340425531914894,80.85106382978722,7.659574468085106,73.19148936170212
E00046016,241,43,13,30,198,23,175,17.842323651452283,5.394190871369295,12.448132780082988,82.15767634854771,9.54356846473029,72.61410788381743
E00046017,422,73,39,34,349,14,335,17.298578199052134,9.24170616113744,8.056872037914692,82.70142180094787,3.3175355450236967,79.38388625592417
E00046018,325,53,25,28,272,17,255,16.307692307692307,7.6923076923076925,8.615384615384615,83.6923076923077,5.230769230769231,78.46153846153847
E00046019,318,63,25,38,255,16,239,19.81132075471698,7.861635220125786,11.949685534591195,80.18867924528303,5.031446540880504,75.15723270440252
E00046020,268,45,27,18,223,20,203,16.791044776119403,10.074626865671641,6.7164179104477615,83.2089552238806,7.462686567164178,75.74626865671642
E00046021,362,33,5,28,329,24,305,9.116022099447514,1.3812154696132597,7.734806629834254,90.88397790055248,6.629834254143646,84.25414364640883
E00046022,265,50,20,30,215,12,203,18.867924528301888,7.547169811320755,11.320754716981133,81.13207547169812,4.528301886792453,76.60377358490567
E00046023,400,79,46,33,321,16,305,19.75,11.5,8.25,80.25,4,76.25
E00046024,330,65,29,36,265,13,252,19.696969696969695,8.787878787878787,10.909090909090908,80.3030303030303,3.939393939393939,76.36363636363637
E00046025,316,44,16,28,272,24,248,13.924050632911392,5.063291139240507,8.860759493670885,86.07594936708861,7.59493670886076,78.48101265822784
E00046026,373,60,15,45,313,20,293,16.0857908847185,4.021447721179625,12.064343163538874,83.91420911528151,5.361930294906166,78.55227882037534
E00046027,302,38,15,23,264,24,240,12.582781456953644,4.966887417218543,7.6158940397351,87.41721854304636,7.9470198675496695,79.47019867549669
E00046028,325,35,14,21,290,19,271,10.76923076923077,4.3076923076923075,6.461538461538462,89.23076923076924,5.846153846153846,83.38461538461537
E00046029,262,32,14,18,230,26,204,12.213740458015266,5.343511450381679,6.870229007633588,87.78625954198473,9.923664122137405,77.86259541984732
E00046030,262,49,19,30,213,23,190,18.702290076335878,7.251908396946565,11.450381679389313,81.29770992366412,8.778625954198473,72.51908396946564
E00046031,347,71,34,37,276,34,242,20.461095100864554,9.798270893371757,10.662824207492795,79.53890489913545,9.798270893371757,69.7406340057637
E00046032,293,53,28,25,240,16,224,18.088737201365188,9.556313993174061,8.532423208191126,81.91126279863481,5.460750853242321,76.45051194539249
E00046033,254,45,24,21,209,18,191,17.716535433070867,9.448818897637794,8.267716535433072,82.28346456692913,7.086614173228346,75.19685039370079
E00046034,340,93,61,32,247,27,220,27.35294117647059,17.941176470588236,9.411764705882353,72.6470588235294,7.941176470588235,64.70588235294117
E00046035,295,48,24,24,247,17,230,16.271186440677965,8.135593220338983,8.135593220338983,83.72881355932203,5.762711864406779,77.96610169491525
E00046036,225,48,16,32,177,15,162,21.333333333333336,7.111111111111111,14.222222222222221,78.66666666666666,6.666666666666667,72
E00046037,294,56,28,28,238,15,223,19.047619047619047,9.523809523809524,9.523809523809524,80.95238095238095,5.1020408163265305,75.85034013605441
E00046039,346,44,15,29,302,29,273,12.716763005780345,4.335260115606936,8.38150289017341,87.28323699421965,8.38150289017341,78.90173410404624
E00046040,391,40,19,21,351,30,321,10.230179028132993,4.859335038363171,5.3708439897698215,89.769820971867,7.672634271099745,82.09718670076727
E00046041,430,41,14,27,389,23,366,9.534883720930234,3.255813953488372,6.279069767441861,90.46511627906978,5.348837209302325,85.11627906976744
E00046042,260,34,9,25,226,21,205,13.076923076923078,3.4615384615384617,9.615384615384617,86.92307692307692,8.076923076923077,78.84615384615384
E00046043,367,35,8,27,332,23,309,9.536784741144414,2.17983651226158,7.3569482288828345,90.46321525885558,6.267029972752043,84.19618528610354
E00046044,374,29,10,19,345,31,314,7.754010695187167,2.6737967914438503,5.080213903743315,92.24598930481284,8.288770053475936,83.9572192513369
E00046045,309,33,13,20,276,25,251,10.679611650485436,4.207119741100324,6.472491909385113,89.32038834951457,8.090614886731391,81.22977346278317
E00046046,206,22,4,18,184,16,168,10.679611650485436,1.9417475728155338,8.737864077669903,89.32038834951457,7.766990291262135,81.55339805825243
E00046047,279,35,8,27,244,22,222,12.544802867383511,2.867383512544803,9.67741935483871,87.45519713261649,7.885304659498208,79.56989247311827
E00046048,242,34,12,22,208,18,190,14.049586776859504,4.958677685950414,9.090909090909092,85.9504132231405,7.43801652892562,78.51239669421489
E00046049,157,38,16,22,119,16,103,24.203821656050955,10.191082802547772,14.012738853503185,75.79617834394905,10.191082802547772,65.60509554140127
E00046050,323,66,27,39,257,32,225,20.43343653250774,8.359133126934983,12.074303405572756,79.56656346749226,9.907120743034056,69.65944272445822
E00046051,427,89,34,55,338,28,310,20.843091334894616,7.962529274004685,12.88056206088993,79.15690866510539,6.557377049180328,72.59953161592506
E00046052,358,59,26,33,299,5,294,16.480446927374302,7.262569832402235,9.217877094972067,83.5195530726257,1.3966480446927374,82.12290502793296
E00046053,385,70,37,33,315,17,298,18.181818181818183,9.61038961038961,8.571428571428571,81.81818181818183,4.415584415584416,77.40259740259741
E00046056,378,71,33,38,307,16,291,18.78306878306878,8.73015873015873,10.052910052910052,81.21693121693121,4.232804232804233,76.98412698412699
E00046057,474,63,33,30,411,13,398,13.291139240506327,6.962025316455696,6.329113924050633,86.70886075949366,2.7426160337552745,83.96624472573839
E00046058,433,72,37,35,361,14,347,16.628175519630485,8.545034642032332,8.083140877598153,83.37182448036951,3.233256351039261,80.13856812933025
E00046059,360,92,43,49,268,14,254,25.555555555555554,11.944444444444445,13.61111111111111,74.44444444444444,3.888888888888889,70.55555555555556
E00046060,317,52,32,20,265,7,258,16.40378548895899,10.094637223974763,6.309148264984227,83.59621451104101,2.2082018927444795,81.38801261829653
E00046061,423,61,34,27,362,17,345,14.420803782505912,8.037825059101655,6.382978723404255,85.57919621749409,4.0189125295508275,81.56028368794325
E00046062,390,57,29,28,333,8,325,14.615384615384617,7.435897435897436,7.179487179487179,85.38461538461539,2.051282051282051,83.33333333333334
E00046063,325,45,23,22,280,16,264,13.846153846153847,7.076923076923077,6.769230769230769,86.15384615384616,4.923076923076923,81.23076923076923
E00046064,380,65,28,37,315,16,299,17.105263157894736,7.368421052631578,9.736842105263158,82.89473684210526,4.2105263157894735,78.6842105263158
E00046065,328,43,20,23,285,15,270,13.109756097560975,6.097560975609756,7.01219512195122,86.89024390243902,4.573170731707317,82.3170731707317
E00046066,360,80,44,36,280,7,273,22.22222222222222,12.222222222222221,10,77.77777777777779,1.9444444444444444,75.83333333333333
E00046067,366,87,45,42,279,15,264,23.770491803278688,12.295081967213115,11.475409836065573,76.22950819672131,4.098360655737705,72.1311475409836
E00046068,319,73,32,41,246,16,230,22.884012539184955,10.031347962382444,12.852664576802509,77.11598746081505,5.015673981191222,72.10031347962382
E00046069,437,83,42,41,354,17,337,18.993135011441648,9.610983981693364,9.382151029748284,81.00686498855835,3.8901601830663615,77.11670480549199
E00046070,366,80,28,52,286,11,275,21.85792349726776,7.650273224043716,14.207650273224044,78.14207650273224,3.0054644808743167,75.13661202185791
E00046071,351,71,29,42,280,16,264,20.22792022792023,8.262108262108262,11.965811965811966,79.77207977207978,4.5584045584045585,75.21367521367522
E00046073,298,47,19,28,251,13,238,15.771812080536913,6.375838926174497,9.395973154362416,84.22818791946308,4.3624161073825505,79.86577181208054
E00046074,259,43,28,15,216,6,210,16.602316602316602,10.81081081081081,5.7915057915057915,83.3976833976834,2.3166023166023164,81.08108108108108
E00046075,395,74,36,38,321,14,307,18.734177215189874,9.113924050632912,9.620253164556962,81.26582278481013,3.5443037974683547,77.72151898734178
E00046080,328,41,20,21,287,12,275,12.5,6.097560975609756,6.402439024390244,87.5,3.6585365853658534,83.84146341463415
E00046082,241,59,29,30,182,7,175,24.481327800829874,12.033195020746888,12.448132780082988,75.51867219917013,2.904564315352697,72.61410788381743
E00046083,384,46,24,22,338,12,326,11.979166666666668,6.25,5.729166666666666,88.02083333333334,3.125,84.89583333333334
E00046085,383,69,42,27,314,7,307,18.01566579634465,10.966057441253264,7.049608355091384,81.98433420365535,1.8276762402088773,80.15665796344648
E00046086,415,71,42,29,344,14,330,17.10843373493976,10.120481927710843,6.987951807228916,82.89156626506025,3.3734939759036147,79.51807228915662
E00046087,368,52,27,25,316,8,308,14.130434782608695,7.336956521739131,6.7934782608695645,85.86956521739131,2.1739130434782608,83.69565217391305
E00046088,346,57,23,34,289,25,264,16.473988439306357,6.6473988439306355,9.826589595375722,83.52601156069365,7.225433526011561,76.30057803468208
E00046089,404,64,30,34,340,11,329,15.841584158415841,7.425742574257425,8.415841584158416,84.15841584158416,2.722772277227723,81.43564356435643
E00046090,350,33,11,22,317,6,311,9.428571428571429,3.1428571428571432,6.2857142857142865,90.57142857142857,1.7142857142857144,88.85714285714286
E00046093,288,30,12,18,258,10,248,10.416666666666668,4.166666666666666,6.25,89.58333333333334,3.4722222222222223,86.11111111111111
E00046094,380,67,35,32,313,14,299,17.63157894736842,9.210526315789473,8.421052631578947,82.36842105263158,3.684210526315789,78.6842105263158
E00046095,409,61,32,29,348,21,327,14.91442542787286,7.823960880195599,7.090464547677261,85.08557457212714,5.134474327628362,79.95110024449878
E00046096,534,76,31,45,458,16,442,14.232209737827715,5.805243445692884,8.426966292134832,85.76779026217228,2.9962546816479403,82.77153558052434
E00046097,433,55,25,30,378,11,367,12.702078521939955,5.773672055427252,6.928406466512701,87.29792147806005,2.5404157043879905,84.75750577367207
E00046098,193,43,24,19,150,4,146,22.279792746113987,12.435233160621761,9.844559585492227,77.720207253886,2.072538860103627,75.64766839378238
E00046099,420,63,30,33,357,17,340,15,7.142857142857142,7.857142857142857,85,4.0476190476190474,80.95238095238095
E00046100,214,56,26,30,158,12,146,26.168224299065418,12.149532710280374,14.018691588785046,73.83177570093457,5.607476635514018,68.22429906542055
E00046101,550,125,91,34,425,16,409,22.727272727272727,16.545454545454547,6.181818181818182,77.27272727272727,2.909090909090909,74.36363636363636
E00046102,562,68,29,39,494,16,478,12.099644128113878,5.160142348754448,6.93950177935943,87.90035587188612,2.8469750889679712,85.05338078291815
E00046103,563,72,33,39,491,9,482,12.788632326820604,5.86145648312611,6.927175843694494,87.2113676731794,1.5985790408525755,85.61278863232683
E00046104,315,32,12,20,283,13,270,10.158730158730158,3.8095238095238098,6.349206349206349,89.84126984126985,4.1269841269841265,85.71428571428571
E00046105,405,50,27,23,355,13,342,12.345679012345679,6.666666666666667,5.679012345679013,87.65432098765432,3.2098765432098766,84.44444444444444
E00046106,386,56,26,30,330,16,314,14.507772020725387,6.7357512953367875,7.772020725388601,85.49222797927462,4.145077720207254,81.34715025906736
E00046107,325,60,35,25,265,6,259,18.461538461538463,10.76923076923077,7.6923076923076925,81.53846153846153,1.8461538461538463,79.6923076923077
E00046108,601,64,31,33,537,14,523,10.64891846921797,5.158069883527454,5.490848585690515,89.35108153078203,2.329450915141431,87.0216306156406
E00046109,298,81,45,36,217,11,206,27.181208053691275,15.100671140939598,12.080536912751679,72.81879194630872,3.691275167785235,69.12751677852349
E00046110,313,57,35,22,256,22,234,18.210862619808307,11.182108626198083,7.0287539936102235,81.78913738019169,7.0287539936102235,74.76038338658148
E00046111,471,62,37,25,409,25,384,13.163481953290871,7.855626326963907,5.3078556263269645,86.83651804670913,5.3078556263269645,81.52866242038218
E00046112,465,52,30,22,413,15,398,11.182795698924732,6.451612903225806,4.731182795698925,88.81720430107526,3.225806451612903,85.59139784946237
E00046113,520,57,27,30,463,17,446,10.961538461538462,5.1923076923076925,5.769230769230769,89.03846153846153,3.2692307692307696,85.76923076923076
E00046114,341,46,26,20,295,13,282,13.48973607038123,7.624633431085044,5.865102639296188,86.51026392961877,3.812316715542522,82.69794721407625
E00046115,350,39,14,25,311,13,298,11.142857142857142,4,7.142857142857142,88.85714285714286,3.7142857142857144,85.14285714285714
E00046116,501,71,39,32,430,18,412,14.171656686626747,7.784431137724551,6.387225548902195,85.82834331337325,3.592814371257485,82.23552894211576
E00046117,595,80,48,32,515,15,500,13.445378151260504,8.067226890756302,5.378151260504202,86.5546218487395,2.5210084033613445,84.03361344537815
E00046118,317,34,11,23,283,16,267,10.725552050473187,3.4700315457413247,7.255520504731862,89.27444794952682,5.047318611987381,84.22712933753942
E00046119,521,76,41,35,445,12,433,14.587332053742802,7.869481765834934,6.71785028790787,85.41266794625719,2.3032629558541267,83.10940499040306
E00046120,554,86,46,40,468,24,444,15.523465703971121,8.303249097472925,7.2202166064981945,84.47653429602889,4.332129963898916,80.14440433212997
E00046121,333,54,26,28,279,21,258,16.216216216216218,7.807807807807808,8.408408408408409,83.78378378378379,6.306306306306306,77.47747747747748
E00046122,323,98,56,42,225,19,206,30.340557275541798,17.3374613003096,13.003095975232199,69.65944272445822,5.88235294117647,63.77708978328174
E00046124,294,79,36,43,215,13,202,26.87074829931973,12.244897959183673,14.625850340136054,73.12925170068027,4.421768707482993,68.70748299319727
E00046125,453,57,25,32,396,18,378,12.582781456953644,5.518763796909492,7.06401766004415,87.41721854304636,3.9735099337748347,83.44370860927152
E00046126,299,67,35,32,232,15,217,22.40802675585284,11.705685618729097,10.702341137123746,77.59197324414716,5.016722408026756,72.5752508361204
E00046127,394,67,42,25,327,12,315,17.00507614213198,10.65989847715736,6.345177664974619,82.99492385786802,3.0456852791878175,79.94923857868021
E00046128,371,86,46,40,285,9,276,23.180592991913745,12.398921832884097,10.781671159029651,76.81940700808624,2.4258760107816713,74.39353099730458
E00046129,476,68,31,37,408,18,390,14.285714285714285,6.512605042016808,7.773109243697479,85.71428571428571,3.7815126050420167,81.9327731092437
E00046130,327,61,38,23,266,16,250,18.654434250764528,11.62079510703364,7.033639143730887,81.34556574923548,4.892966360856269,76.45259938837921
E00046131,273,53,31,22,220,9,211,19.413919413919416,11.355311355311356,8.058608058608058,80.58608058608058,3.296703296703297,77.2893772893773
E00046132,288,83,43,40,205,17,188,28.819444444444443,14.930555555555555,13.88888888888889,71.18055555555556,5.902777777777778,65.27777777777779
E00046133,400,117,59,58,283,26,257,29.25,14.75,14.499999999999998,70.75,6.5,64.25
E00046134,296,107,61,46,189,18,171,36.14864864864865,20.60810810810811,15.54054054054054,63.85135135135135,6.081081081081082,57.770270270270274
E00046135,285,82,43,39,203,14,189,28.771929824561404,15.087719298245613,13.684210526315791,71.2280701754386,4.912280701754386,66.3157894736842
E00046136,375,95,46,49,280,13,267,25.333333333333336,12.266666666666666,13.066666666666665,74.66666666666667,3.4666666666666663,71.2
E00046137,338,65,25,40,273,17,256,19.230769230769234,7.396449704142012,11.834319526627219,80.76923076923077,5.029585798816568,75.7396449704142
E00046138,297,60,35,25,237,12,225,20.2020202020202,11.784511784511785,8.417508417508419,79.7979797979798,4.040404040404041,75.75757575757575
E00046140,266,45,22,23,221,19,202,16.917293233082706,8.270676691729323,8.646616541353383,83.0827067669173,7.142857142857142,75.93984962406014
E00046141,346,86,45,41,260,17,243,24.85549132947977,13.005780346820808,11.849710982658959,75.14450867052022,4.913294797687861,70.23121387283237
E00046142,255,58,29,29,197,17,180,22.745098039215687,11.372549019607844,11.372549019607844,77.25490196078432,6.666666666666667,70.58823529411765
E00046143,267,56,27,29,211,17,194,20.973782771535582,10.112359550561797,10.861423220973784,79.02621722846442,6.367041198501873,72.65917602996255
E00046144,273,53,29,24,220,25,195,19.413919413919416,10.622710622710622,8.791208791208792,80.58608058608058,9.157509157509157,71.42857142857143
E00046145,208,30,15,15,178,17,161,14.423076923076922,7.211538461538461,7.211538461538461,85.57692307692307,8.173076923076923,77.40384615384616
E00046146,227,64,38,26,163,9,154,28.193832599118945,16.740088105726873,11.45374449339207,71.80616740088107,3.9647577092511015,67.84140969162996
E00046147,214,58,24,34,156,10,146,27.102803738317753,11.214953271028037,15.887850467289718,72.89719626168224,4.672897196261682,68.22429906542055
E00046148,447,98,63,35,349,24,325,21.92393736017897,14.093959731543624,7.829977628635347,78.07606263982103,5.369127516778524,72.7069351230425
E00046149,295,50,24,26,245,17,228,16.94915254237288,8.135593220338983,8.813559322033898,83.05084745762711,5.762711864406779,77.28813559322035
E00046150,295,46,19,27,249,18,231,15.593220338983052,6.440677966101695,9.152542372881356,84.40677966101696,6.101694915254238,78.30508474576271
E00046151,335,132,92,40,203,15,188,39.40298507462687,27.46268656716418,11.940298507462686,60.59701492537314,4.477611940298507,56.11940298507463
E00046152,241,55,28,27,186,17,169,22.821576763485478,11.618257261410788,11.20331950207469,77.17842323651453,7.053941908713693,70.12448132780082
E00046153,334,69,31,38,265,25,240,20.65868263473054,9.281437125748502,11.377245508982035,79.34131736526946,7.48502994011976,71.8562874251497
E00046154,275,53,28,25,222,21,201,19.272727272727273,10.181818181818182,9.090909090909092,80.72727272727272,7.636363636363637,73.0909090909091
E00046155,360,84,46,38,276,19,257,23.333333333333332,12.777777777777777,10.555555555555555,76.66666666666667,5.277777777777778,71.38888888888889
E00046156,200,42,18,24,158,15,143,21,9,12,79,7.5,71.5
E00046157,287,59,31,28,228,11,217,20.557491289198605,10.801393728222997,9.75609756097561,79.44250871080139,3.8327526132404177,75.60975609756098
E00046158,260,72,39,33,188,8,180,27.692307692307693,15,12.692307692307692,72.3076923076923,3.076923076923077,69.23076923076923
E00046159,311,97,54,43,214,16,198,31.189710610932476,17.363344051446948,13.826366559485532,68.81028938906752,5.144694533762058,63.665594855305464
E00046160,220,87,44,43,133,8,125,39.54545454545455,20,19.545454545454547,60.45454545454545,3.6363636363636362,56.81818181818182
E00046161,258,77,47,30,181,15,166,29.844961240310074,18.217054263565892,11.627906976744185,70.15503875968993,5.813953488372093,64.34108527131784
E00046162,262,60,20,40,202,14,188,22.900763358778626,7.633587786259542,15.267175572519085,77.09923664122137,5.343511450381679,71.7557251908397
E00046163,532,128,60,68,404,29,375,24.06015037593985,11.278195488721805,12.781954887218044,75.93984962406014,5.451127819548872,70.48872180451127
E00046164,335,59,19,40,276,13,263,17.611940298507463,5.6716417910447765,11.940298507462686,82.38805970149254,3.880597014925373,78.50746268656717
E00046166,324,72,34,38,252,13,239,22.22222222222222,10.493827160493826,11.728395061728394,77.77777777777779,4.012345679012346,73.76543209876543
E00046167,222,61,26,35,161,5,156,27.47747747747748,11.711711711711711,15.765765765765765,72.52252252252252,2.2522522522522523,70.27027027027027
E00046168,316,83,45,38,233,27,206,26.265822784810126,14.240506329113925,12.025316455696203,73.73417721518987,8.544303797468354,65.18987341772153
E00046169,255,53,25,28,202,17,185,20.784313725490197,9.803921568627452,10.980392156862745,79.2156862745098,6.666666666666667,72.54901960784314
E00046170,291,53,29,24,238,17,221,18.213058419243985,9.965635738831615,8.24742268041237,81.78694158075601,5.841924398625429,75.94501718213058
E00046171,297,50,21,29,247,18,229,16.835016835016837,7.07070707070707,9.764309764309765,83.16498316498317,6.0606060606060606,77.10437710437711
E00046172,365,95,40,55,270,18,252,26.027397260273972,10.95890410958904,15.068493150684931,73.97260273972603,4.931506849315069,69.04109589041096
E00046173,339,44,22,22,295,20,275,12.979351032448378,6.489675516224189,6.489675516224189,87.02064896755162,5.899705014749262,81.12094395280236
E00046174,266,112,54,58,154,6,148,42.10526315789473,20.30075187969925,21.804511278195488,57.89473684210527,2.2556390977443606,55.639097744360896
E00046175,375,100,44,56,275,16,259,26.666666666666668,11.733333333333333,14.933333333333335,73.33333333333333,4.266666666666667,69.06666666666666
E00046176,307,56,31,25,251,13,238,18.241042345276874,10.097719869706841,8.143322475570033,81.75895765472313,4.234527687296417,77.52442996742671
E00046177,296,84,56,28,212,13,199,28.37837837837838,18.91891891891892,9.45945945945946,71.62162162162163,4.391891891891892,67.22972972972973
E00046178,343,80,49,31,263,19,244,23.323615160349853,14.285714285714285,9.037900874635568,76.67638483965014,5.539358600583091,71.13702623906705
E00046179,365,65,37,28,300,19,281,17.80821917808219,10.136986301369863,7.671232876712329,82.1917808219178,5.205479452054795,76.98630136986301
E00046180,412,113,39,74,299,10,289,27.427184466019416,9.466019417475728,17.96116504854369,72.57281553398059,2.4271844660194173,70.14563106796116
E00046181,362,100,55,45,262,17,245,27.624309392265197,15.193370165745856,12.430939226519337,72.37569060773481,4.696132596685083,67.67955801104972
E00046182,318,89,45,44,229,11,218,27.9874213836478,14.150943396226415,13.836477987421384,72.0125786163522,3.459119496855346,68.55345911949685
E00046183,372,84,54,30,288,17,271,22.58064516129032,14.516129032258066,8.064516129032258,77.41935483870968,4.56989247311828,72.84946236559139
E00046184,350,73,46,27,277,13,264,20.857142857142858,13.142857142857142,7.7142857142857135,79.14285714285715,3.7142857142857144,75.42857142857143
E00046185,310,72,40,32,238,19,219,23.225806451612904,12.903225806451612,10.32258064516129,76.77419354838709,6.129032258064516,70.64516129032258
E00046186,379,73,36,37,306,21,285,19.261213720316622,9.498680738786279,9.762532981530343,80.73878627968337,5.540897097625329,75.19788918205805
E00046187,439,100,53,47,339,25,314,22.779043280182233,12.072892938496583,10.70615034168565,77.22095671981776,5.694760820045558,71.5261958997722
E00046188,571,72,29,43,499,33,466,12.609457092819614,5.078809106830122,7.530647985989491,87.39054290718039,5.779334500875657,81.61120840630473
E00046189,356,86,26,60,270,18,252,24.15730337078652,7.303370786516854,16.853932584269664,75.84269662921348,5.056179775280898,70.78651685393258
E00046190,352,68,31,37,284,14,270,19.318181818181817,8.806818181818182,10.511363636363637,80.68181818181817,3.977272727272727,76.70454545454545
E00046191,373,71,24,47,302,22,280,19.034852546916888,6.434316353887399,12.600536193029491,80.9651474530831,5.898123324396782,75.06702412868633
E00046192,262,70,44,26,192,18,174,26.717557251908396,16.793893129770993,9.923664122137405,73.2824427480916,6.870229007633588,66.41221374045801
E00046193,299,46,18,28,253,24,229,15.384615384615385,6.0200668896321075,9.364548494983277,84.61538461538461,8.02675585284281,76.58862876254182
E00046194,368,96,49,47,272,21,251,26.08695652173913,13.31521739130435,12.771739130434783,73.91304347826086,5.706521739130435,68.20652173913044
E00046195,251,49,20,29,202,20,182,19.52191235059761,7.968127490039841,11.553784860557768,80.47808764940238,7.968127490039841,72.50996015936255
E00046196,404,104,43,61,300,27,273,25.742574257425744,10.643564356435643,15.099009900990099,74.25742574257426,6.683168316831684,67.57425742574257
E00046197,315,67,33,34,248,21,227,21.26984126984127,10.476190476190476,10.793650793650794,78.73015873015873,6.666666666666667,72.06349206349206
E00046198,157,20,3,17,137,11,126,12.738853503184714,1.910828025477707,10.828025477707007,87.26114649681529,7.006369426751593,80.2547770700637
E00046199,297,49,14,35,248,18,230,16.4983164983165,4.713804713804714,11.784511784511785,83.5016835016835,6.0606060606060606,77.44107744107744
E00046200,281,39,13,26,242,14,228,13.87900355871886,4.6263345195729535,9.252669039145907,86.12099644128114,4.98220640569395,81.13879003558719
E00046201,273,71,43,28,202,24,178,26.00732600732601,15.75091575091575,10.256410256410255,73.992673992674,8.791208791208792,65.2014652014652
E00046202,240,45,25,20,195,12,183,18.75,10.416666666666668,8.333333333333332,81.25,5,76.25
E00046203,249,58,23,35,191,25,166,23.293172690763054,9.236947791164658,14.056224899598394,76.70682730923694,10.040160642570282,66.66666666666666
E00046204,540,108,52,56,432,25,407,20,9.62962962962963,10.37037037037037,80,4.62962962962963,75.37037037037037
E00046205,273,43,18,25,230,19,211,15.75091575091575,6.593406593406594,9.157509157509157,84.24908424908425,6.95970695970696,77.2893772893773
E00046206,296,79,39,40,217,13,204,26.68918918918919,13.175675675675674,13.513513513513514,73.3108108108108,4.391891891891892,68.91891891891892
E00046207,223,81,49,32,142,8,134,36.32286995515695,21.973094170403588,14.349775784753364,63.67713004484305,3.587443946188341,60.0896860986547
E00046208,363,128,71,57,235,12,223,35.26170798898072,19.55922865013774,15.702479338842975,64.73829201101928,3.3057851239669422,61.43250688705234
E00046209,227,87,46,41,140,9,131,38.32599118942731,20.26431718061674,18.06167400881057,61.67400881057269,3.9647577092511015,57.70925110132159
E00046210,298,39,21,18,259,10,249,13.087248322147651,7.046979865771812,6.0402684563758395,86.91275167785236,3.3557046979865772,83.55704697986577
E00046211,461,118,54,64,343,13,330,25.59652928416486,11.713665943600867,13.882863340563992,74.40347071583514,2.8199566160520604,71.58351409978309
E00046212,271,68,32,36,203,17,186,25.092250922509223,11.808118081180812,13.284132841328415,74.90774907749078,6.273062730627306,68.63468634686348
E00046213,273,66,38,28,207,26,181,24.175824175824175,13.91941391941392,10.256410256410255,75.82417582417582,9.523809523809524,66.30036630036629
E00046214,196,57,40,17,139,13,126,29.081632653061224,20.408163265306122,8.673469387755102,70.91836734693877,6.63265306122449,64.28571428571429
E00046215,308,68,32,36,240,8,232,22.07792207792208,10.38961038961039,11.688311688311687,77.92207792207793,2.5974025974025974,75.32467532467533
E00046216,246,55,32,23,191,17,174,22.35772357723577,13.008130081300814,9.34959349593496,77.64227642276423,6.910569105691057,70.73170731707317
E00046217,258,65,35,30,193,13,180,25.1937984496124,13.565891472868216,11.627906976744185,74.8062015503876,5.038759689922481,69.76744186046511
E00046218,216,60,34,26,156,13,143,27.77777777777778,15.74074074074074,12.037037037037036,72.22222222222221,6.018518518518518,66.20370370370371
E00046219,216,54,30,24,162,9,153,25,13.88888888888889,11.11111111111111,75,4.166666666666666,70.83333333333334
E00046220,291,69,35,34,222,12,210,23.711340206185564,12.027491408934708,11.683848797250858,76.28865979381443,4.123711340206185,72.16494845360825
E00046221,266,83,45,38,183,11,172,31.203007518796994,16.917293233082706,14.285714285714285,68.796992481203,4.135338345864661,64.66165413533834
E00046222,252,89,55,34,163,21,142,35.317460317460316,21.825396825396826,13.492063492063492,64.68253968253968,8.333333333333332,56.34920634920635
E00046223,255,60,21,39,195,20,175,23.52941176470588,8.235294117647058,15.294117647058824,76.47058823529412,7.8431372549019605,68.62745098039215
E00046224,350,57,21,36,293,42,251,16.28571428571429,6,10.285714285714285,83.71428571428572,12,71.71428571428572
E00046225,328,56,26,30,272,26,246,17.073170731707318,7.926829268292683,9.146341463414634,82.92682926829268,7.926829268292683,75
E00046226,343,68,28,40,275,10,265,19.825072886297377,8.16326530612245,11.661807580174926,80.17492711370262,2.9154518950437316,77.25947521865889
E00046227,277,49,19,30,228,26,202,17.689530685920577,6.859205776173286,10.830324909747292,82.31046931407943,9.386281588447654,72.92418772563177
E00046228,329,75,32,43,254,31,223,22.796352583586625,9.72644376899696,13.069908814589665,77.20364741641338,9.422492401215806,67.78115501519757
E00046229,323,68,22,46,255,31,224,21.052631578947366,6.811145510835913,14.241486068111456,78.94736842105263,9.597523219814242,69.3498452012384
E00046230,269,56,20,36,213,23,190,20.817843866171003,7.434944237918216,13.382899628252787,79.182156133829,8.550185873605948,70.63197026022306
E00046231,556,114,46,68,442,17,425,20.503597122302157,8.273381294964029,12.23021582733813,79.49640287769785,3.0575539568345325,76.43884892086331
E00046232,355,66,38,28,289,20,269,18.591549295774648,10.704225352112676,7.887323943661972,81.40845070422536,5.633802816901409,75.77464788732394
E00046233,369,48,18,30,321,30,291,13.008130081300814,4.878048780487805,8.130081300813007,86.99186991869918,8.130081300813007,78.86178861788618
E00046234,244,73,39,34,171,8,163,29.918032786885245,15.983606557377051,13.934426229508196,70.08196721311475,3.278688524590164,66.80327868852459
E00046235,347,41,17,24,306,26,280,11.815561959654179,4.899135446685879,6.9164265129683,88.18443804034582,7.492795389048991,80.69164265129683
E00046236,525,133,67,66,392,12,380,25.333333333333336,12.761904761904763,12.571428571428573,74.66666666666667,2.2857142857142856,72.38095238095238
E00046237,290,56,28,28,234,19,215,19.310344827586206,9.655172413793103,9.655172413793103,80.6896551724138,6.551724137931035,74.13793103448276
E00046238,269,56,24,32,213,18,195,20.817843866171003,8.921933085501859,11.895910780669144,79.182156133829,6.691449814126393,72.4907063197026
E00046239,318,74,34,40,244,24,220,23.270440251572328,10.69182389937107,12.578616352201259,76.72955974842768,7.547169811320755,69.18238993710692
E00046240,435,64,21,43,371,33,338,14.71264367816092,4.827586206896552,9.885057471264368,85.28735632183908,7.586206896551724,77.70114942528735
E00046242,311,79,38,41,232,17,215,25.401929260450164,12.218649517684888,13.183279742765272,74.59807073954984,5.466237942122187,69.13183279742765
E00046244,354,121,80,41,233,19,214,34.18079096045198,22.598870056497177,11.581920903954803,65.81920903954803,5.367231638418079,60.451977401129945
E00046245,310,55,16,39,255,24,231,17.741935483870968,5.161290322580645,12.580645161290322,82.25806451612904,7.741935483870968,74.51612903225806
E00046246,350,72,39,33,278,14,264,20.57142857142857,11.142857142857142,9.428571428571429,79.42857142857143,4,75.42857142857143
E00046247,242,47,16,31,195,10,185,19.421487603305785,6.6115702479338845,12.8099173553719,80.57851239669421,4.132231404958678,76.44628099173553
E00046248,481,102,58,44,379,23,356,21.205821205821206,12.058212058212058,9.147609147609149,78.79417879417879,4.781704781704782,74.01247401247402
E00046249,239,52,19,33,187,17,170,21.75732217573222,7.949790794979079,13.807531380753138,78.24267782426779,7.112970711297072,71.1297071129707
E00046250,230,56,23,33,174,10,164,24.347826086956523,10,14.347826086956522,75.65217391304347,4.3478260869565215,71.30434782608695
E00046251,339,69,21,48,270,12,258,20.353982300884958,6.1946902654867255,14.15929203539823,79.64601769911505,3.5398230088495577,76.10619469026548
E00046252,258,42,17,25,216,23,193,16.27906976744186,6.5891472868217065,9.689922480620156,83.72093023255815,8.914728682170542,74.8062015503876
E00046253,249,47,22,25,202,11,191,18.87550200803213,8.835341365461847,10.040160642570282,81.12449799196787,4.417670682730924,76.70682730923694
E00046254,253,65,34,31,188,6,182,25.691699604743086,13.438735177865613,12.25296442687747,74.30830039525692,2.371541501976284,71.93675889328063
E00046255,184,57,23,34,127,11,116,30.978260869565215,12.5,18.478260869565215,69.02173913043478,5.978260869565218,63.04347826086957
E00046256,198,40,19,21,158,11,147,20.2020202020202,9.595959595959595,10.606060606060606,79.7979797979798,5.555555555555555,74.24242424242425
E00046257,375,81,31,50,294,27,267,21.6,8.266666666666666,13.333333333333334,78.4,7.199999999999999,71.2
E00046258,209,49,23,26,160,17,143,23.444976076555022,11.004784688995215,12.440191387559809,76.55502392344498,8.133971291866029,68.42105263157895
E00046259,154,20,8,12,134,11,123,12.987012987012985,5.194805194805195,7.792207792207792,87.01298701298701,7.142857142857142,79.87012987012987
E00046260,290,77,36,41,213,19,194,26.551724137931032,12.413793103448276,14.13793103448276,73.44827586206897,6.551724137931035,66.89655172413794
E00046261,373,86,36,50,287,19,268,23.056300268096514,9.651474530831099,13.404825737265416,76.94369973190348,5.093833780160858,71.84986595174263
E00046262,376,77,44,33,299,18,281,20.47872340425532,11.702127659574469,8.77659574468085,79.52127659574468,4.787234042553192,74.7340425531915
E00046263,256,27,12,15,229,15,214,10.546875,4.6875,5.859375,89.453125,5.859375,83.59375
E00046264,431,94,49,45,337,21,316,21.809744779582367,11.36890951276102,10.440835266821345,78.19025522041764,4.872389791183294,73.31786542923435
E00046265,360,75,27,48,285,15,270,20.833333333333336,7.5,13.333333333333334,79.16666666666666,4.166666666666666,75
E00046266,342,67,40,27,275,10,265,19.5906432748538,11.695906432748536,7.894736842105263,80.4093567251462,2.923976608187134,77.48538011695906
E00046267,215,55,24,31,160,17,143,25.581395348837212,11.162790697674419,14.418604651162791,74.4186046511628,7.906976744186046,66.51162790697674
E00046268,357,53,24,29,304,23,281,14.84593837535014,6.722689075630252,8.123249299719888,85.15406162464986,6.442577030812324,78.71148459383754
E00046269,149,64,40,24,85,14,71,42.95302013422819,26.845637583892618,16.10738255033557,57.04697986577181,9.395973154362416,47.651006711409394
E00046270,263,83,42,41,180,14,166,31.55893536121673,15.96958174904943,15.5893536121673,68.44106463878326,5.323193916349809,63.11787072243346
E00046271,389,88,63,25,301,16,285,22.62210796915167,16.195372750642672,6.426735218508997,77.37789203084833,4.113110539845758,73.26478149100257
E00046272,302,125,86,39,177,12,165,41.390728476821195,28.47682119205298,12.91390728476821,58.609271523178805,3.9735099337748347,54.63576158940398
E00046273,210,54,32,22,156,15,141,25.71428571428571,15.238095238095239,10.476190476190476,74.28571428571429,7.142857142857142,67.14285714285714
E00046274,317,39,20,19,278,13,265,12.302839116719243,6.309148264984227,5.993690851735016,87.69716088328076,4.100946372239748,83.59621451104101
E00046275,382,84,35,49,298,27,271,21.98952879581152,9.162303664921465,12.827225130890053,78.01047120418848,7.068062827225131,70.94240837696336
E00046276,516,83,46,37,433,32,401,16.08527131782946,8.914728682170542,7.170542635658915,83.91472868217055,6.2015503875969,77.71317829457365
E00046277,260,48,17,31,212,10,202,18.461538461538463,6.538461538461539,11.923076923076923,81.53846153846153,3.8461538461538463,77.6923076923077
E00046278,344,70,45,25,274,18,256,20.348837209302324,13.08139534883721,7.267441860465117,79.65116279069767,5.232558139534884,74.4186046511628
E00046279,353,80,46,34,273,38,235,22.6628895184136,13.031161473087819,9.631728045325778,77.33711048158641,10.764872521246458,66.57223796033995
E00046280,280,63,27,36,217,10,207,22.5,9.642857142857144,12.857142857142856,77.5,3.571428571428571,73.92857142857143
E00046281,283,66,37,29,217,13,204,23.32155477031802,13.074204946996467,10.247349823321555,76.67844522968198,4.593639575971731,72.08480565371025
E00046283,381,66,31,35,315,19,296,17.322834645669293,8.136482939632545,9.186351706036746,82.67716535433071,4.986876640419948,77.69028871391076
E00046285,313,59,23,36,254,12,242,18.849840255591054,7.348242811501597,11.501597444089457,81.15015974440894,3.8338658146964857,77.31629392971246
E00046286,352,74,40,34,278,18,260,21.022727272727273,11.363636363636363,9.659090909090908,78.97727272727273,5.113636363636364,73.86363636363636
E00046287,383,63,23,40,320,24,296,16.449086161879894,6.005221932114883,10.443864229765012,83.5509138381201,6.266318537859007,77.28459530026109
E00046288,477,90,40,50,387,18,369,18.867924528301888,8.385744234800839,10.482180293501047,81.13207547169812,3.7735849056603774,77.35849056603774
E00046289,361,71,43,28,290,13,277,19.667590027700832,11.911357340720222,7.756232686980609,80.33240997229917,3.6011080332409975,76.73130193905817
E00046290,378,58,30,28,320,23,297,15.343915343915343,7.936507936507936,7.4074074074074066,84.65608465608466,6.084656084656085,78.57142857142857
E00046291,372,58,18,40,314,15,299,15.591397849462366,4.838709677419355,10.75268817204301,84.40860215053763,4.032258064516129,80.3763440860215
E00046292,392,53,25,28,339,8,331,13.520408163265307,6.377551020408164,7.142857142857142,86.4795918367347,2.0408163265306123,84.43877551020408
E00046293,413,81,34,47,332,16,316,19.612590799031477,8.232445520581114,11.380145278450362,80.38740920096852,3.87409200968523,76.51331719128329
E00046294,318,54,26,28,264,14,250,16.9811320754717,8.176100628930817,8.80503144654088,83.01886792452831,4.40251572327044,78.61635220125787
E00046295,478,82,54,28,396,17,379,17.154811715481173,11.297071129707113,5.857740585774058,82.84518828451883,3.556485355648536,79.2887029288703
E00046296,433,66,36,30,367,17,350,15.242494226327944,8.314087759815243,6.928406466512701,84.75750577367207,3.9260969976905313,80.83140877598153
E00046297,346,42,16,26,304,22,282,12.138728323699421,4.624277456647398,7.514450867052023,87.861271676300575,6.358381502890173,81.5028901734104
E00046298,408,126,82,44,282,17,265,30.88235294117647,20.098039215686274,10.784313725490197,69.11764705882352,4.166666666666666,64.95098039215686
E00046299,438,69,37,32,369,19,350,15.753424657534246,8.447488584474886,7.30593607305936,84.24657534246576,4.337899543378995,79.90867579908677
E00046300,213,40,18,22,173,15,158,18.779342723004692,8.450704225352112,10.328638497652582,81.2206572769953,7.042253521126761,74.17840375586854
E00046301,371,50,22,28,321,14,307,13.477088948787062,5.929919137466308,7.547169811320755,86.52291105121293,3.7735849056603774,82.74932614555256
E00046302,451,50,13,37,401,25,376,11.086474501108649,2.882483370288248,8.2039911308204,88.91352549889136,5.543237250554324,83.37028824833703
E00046303,334,74,35,39,260,15,245,22.15568862275449,10.479041916167663,11.676646706586826,77.84431137724552,4.491017964071856,73.35329341317365
E00046304,220,65,37,28,155,10,145,29.545454545454547,16.818181818181817,12.727272727272727,70.45454545454545,4.545454545454546,65.9090909090909
E00046305,310,61,31,30,249,17,232,19.67741935483871,10,9.67741935483871,80.3225806451613,5.483870967741936,74.83870967741936
E00046306,271,55,31,24,216,14,202,20.29520295202952,11.439114391143912,8.856088560885608,79.70479704797047,5.166051660516605,74.53874538745387
E00046307,244,50,28,22,194,6,188,20.491803278688526,11.475409836065573,9.01639344262295,79.50819672131148,2.459016393442623,77.04918032786885
E00046308,330,90,42,48,240,11,229,27.27272727272727,12.727272727272727,14.545454545454545,72.72727272727273,3.3333333333333335,69.39393939393939
E00046309,337,84,42,42,253,22,231,24.92581602373887,12.462908011869436,12.462908011869436,75.07418397626114,6.528189910979229,68.5459940652819
E00046310,325,76,43,33,249,7,242,23.384615384615383,13.230769230769232,10.153846153846153,76.61538461538461,2.1538461538461537,74.46153846153845
E00046311,311,58,32,26,253,10,243,18.64951768488746,10.289389067524116,8.360128617363344,81.35048231511254,3.215434083601286,78.13504823151125
E00046312,235,52,34,18,183,12,171,22.127659574468083,14.468085106382977,7.659574468085106,77.87234042553192,5.106382978723404,72.76595744680851
E00046313,311,89,53,36,222,9,213,28.617363344051448,17.041800643086816,11.57556270096463,71.38263665594855,2.8938906752411575,68.48874598070739
E00046314,343,77,35,42,266,11,255,22.448979591836736,10.204081632653061,12.244897959183673,77.55102040816327,3.206997084548105,74.34402332361516
E00046315,367,80,42,38,287,16,271,21.798365122615802,11.444141689373296,10.354223433242508,78.2016348773842,4.35967302452316,73.84196185286103
E00046316,278,57,22,35,221,13,208,20.503597122302157,7.913669064748201,12.589928057553957,79.49640287769785,4.676258992805756,74.82014388489209
E00046317,264,77,41,36,187,15,172,29.166666666666668,15.530303030303031,13.636363636363635,70.83333333333334,5.681818181818182,65.15151515151516
E00046318,395,80,36,44,315,25,290,20.253164556962027,9.113924050632912,11.139240506329113,79.74683544303798,6.329113924050633,73.41772151898735
E00046319,340,95,52,43,245,15,230,27.941176470588236,15.294117647058824,12.647058823529411,72.05882352941177,4.411764705882353,67.64705882352942
E00046320,377,88,44,44,289,13,276,23.342175066312997,11.671087533156498,11.671087533156498,76.657824933687,3.4482758620689653,73.20954907161804
E00046321,314,74,27,47,240,17,223,23.56687898089172,8.598726114649681,14.968152866242038,76.43312101910828,5.414012738853503,71.01910828025477
E00046322,323,54,30,24,269,19,250,16.718266253869967,9.287925696594428,7.430340557275541,83.28173374613003,5.88235294117647,77.39938080495357
E00046323,265,89,38,51,176,14,162,33.58490566037736,14.339622641509434,19.245283018867926,66.41509433962264,5.283018867924529,61.13207547169811
E00046324,291,61,29,32,230,7,223,20.962199312714777,9.965635738831615,10.996563573883162,79.03780068728523,2.405498281786942,76.6323024054983
E00046325,298,56,31,25,242,13,229,18.79194630872483,10.40268456375839,8.389261744966444,81.20805369127517,4.3624161073825505,76.84563758389261
E00046326,354,68,37,31,286,9,277,19.2090395480226,10.451977401129943,8.757062146892656,80.7909604519774,2.5423728813559325,78.24858757062147
E00046327,351,72,37,35,279,16,263,20.51282051282051,10.541310541310542,9.971509971509972,79.48717948717949,4.5584045584045585,74.92877492877493
E00046328,329,55,33,22,274,15,259,16.717325227963524,10.030395136778116,6.68693009118541,83.28267477203647,4.5592705167173255,78.72340425531915
E00046329,308,77,40,37,231,10,221,25,12.987012987012985,12.012987012987013,75,3.2467532467532463,71.75324675324676
E00046330,318,57,33,24,261,22,239,17.92452830188679,10.377358490566039,7.547169811320755,82.0754716981132,6.918238993710692,75.15723270440252
E00046331,244,79,40,39,165,8,157,32.37704918032787,16.39344262295082,15.983606557377051,67.62295081967213,3.278688524590164,64.34426229508196
E00046332,250,69,35,34,181,17,164,27.6,14.000000000000002,13.600000000000001,72.39999999999999,6.800000000000001,65.60000000000001
E00046333,380,96,55,41,284,18,266,25.263157894736842,14.473684210526317,10.789473684210527,74.73684210526315,4.736842105263158,70
E00046334,353,77,37,40,276,14,262,21.813031161473088,10.48158640226629,11.3314447592068,78.18696883852692,3.9660056657223794,74.22096317280453
E00046335,296,69,36,33,227,13,214,23.31081081081081,12.162162162162163,11.14864864864865,76.6891891891892,4.391891891891892,72.2972972972973
E00046336,328,61,31,30,267,19,248,18.597560975609756,9.451219512195122,9.146341463414634,81.40243902439023,5.7926829268292686,75.60975609756098
E00046337,340,73,35,38,267,26,241,21.470588235294116,10.294117647058822,11.176470588235295,78.52941176470588,7.647058823529412,70.88235294117648
E00046338,206,57,32,25,149,10,139,27.669902912621357,15.53398058252427,12.135922330097088,72.33009708737865,4.854368932038835,67.47572815533981
E00046339,318,64,40,24,254,19,235,20.125786163522015,12.578616352201259,7.547169811320755,79.87421383647799,5.9748427672955975,73.89937106918238
E00046340,312,78,39,39,234,8,226,25,12.5,12.5,75,2.564102564102564,72.43589743589743
E00046341,398,72,34,38,326,20,306,18.090452261306535,8.542713567839195,9.547738693467336,81.90954773869346,5.025125628140704,76.88442211055276
E00046342,224,67,37,30,157,12,145,29.910714285714285,16.517857142857142,13.392857142857142,70.08928571428571,5.357142857142857,64.73214285714286
E00046343,307,71,37,34,236,21,215,23.12703583061889,12.052117263843648,11.074918566775244,76.8729641693811,6.840390879478828,70.03257328990227
E00046344,336,39,15,24,297,22,275,11.607142857142858,4.464285714285714,7.142857142857142,88.39285714285714,6.547619047619048,81.84523809523809
E00046347,386,44,19,25,342,29,313,11.398963730569948,4.922279792746114,6.476683937823833,88.60103626943005,7.512953367875648,81.0880829015544
E00046348,289,52,24,28,237,15,222,17.99307958477509,8.304498269896193,9.688581314878892,82.00692041522491,5.190311418685121,76.8166089965398
E00046349,393,91,39,52,302,19,283,23.155216284987276,9.923664122137405,13.231552162849871,76.84478371501272,4.8346055979643765,72.01017811704835
E00046352,392,77,40,37,315,4,311,19.642857142857142,10.204081632653061,9.438775510204081,80.35714285714286,1.0204081632653061,79.33673469387756
E00046353,339,54,22,32,285,18,267,15.929203539823009,6.489675516224189,9.43952802359882,84.070796460177,5.3097345132743365,78.76106194690266
E00046357,386,64,29,35,322,13,309,16.580310880829018,7.512953367875648,9.067357512953368,83.41968911917098,3.3678756476683938,80.05181347150258
E00046358,278,27,8,19,251,37,214,9.712230215827338,2.877697841726619,6.83453237410072,90.28776978417267,13.309352517985612,76.97841726618705
E00046359,211,26,13,13,185,15,170,12.322274881516588,6.161137440758294,6.161137440758294,87.67772511848341,7.109004739336493,80.56872037914692
E00046361,268,36,21,15,232,11,221,13.432835820895523,7.835820895522389,5.597014925373134,86.56716417910447,4.104477611940299,82.46268656716418
E00046362,267,46,13,33,221,18,203,17.228464419475657,4.868913857677903,12.359550561797752,82.77153558052434,6.741573033707865,76.02996254681648
E00046363,308,42,20,22,266,15,251,13.636363636363635,6.493506493506493,7.142857142857142,86.36363636363636,4.870129870129871,81.4935064935065
E00046364,264,27,12,15,237,11,226,10.227272727272728,4.545454545454546,5.681818181818182,89.77272727272727,4.166666666666666,85.60606060606061
E00046365,218,17,7,10,201,5,196,7.79816513761468,3.211009174311927,4.587155963302752,92.20183486238533,2.293577981651376,89.90825688073394
E00046366,408,72,34,38,336,20,316,17.647058823529413,8.333333333333332,9.313725490196079,82.35294117647058,4.901960784313726,77.45098039215686
E00046368,283,53,25,28,230,6,224,18.727915194346288,8.8339222614841,9.89399293286219,81.2720848056537,2.1201413427561837,79.15194346289752
E00046369,289,40,11,29,249,15,234,13.84083044982699,3.8062283737024223,10.034602076124568,86.159169550173,5.190311418685121,80.96885813148789
E00046370,214,43,22,21,171,5,166,20.093457943925234,10.2803738317757,9.813084112149532,79.90654205607477,2.336448598130841,77.57009345794393
E00046371,274,38,16,22,236,18,218,13.86861313868613,5.839416058394161,8.02919708029197,86.13138686131386,6.569343065693431,79.56204379562044
E00046372,489,53,24,29,436,28,408,10.838445807770961,4.9079754601226995,5.930470347648262,89.16155419222905,5.725971370143149,83.43558282208589
E00046373,413,73,30,43,340,19,321,17.675544794188863,7.263922518159806,10.411622276029057,82.32445520581115,4.600484261501211,77.72397094430993
E00046374,339,48,28,20,291,17,274,14.15929203539823,8.259587020648967,5.899705014749262,85.84070796460178,5.014749262536873,80.8259587020649
E00046376,300,51,18,33,249,14,235,17,6,11,83,4.666666666666667,78.33333333333333
E00046378,327,48,20,28,279,25,254,14.678899082568808,6.116207951070336,8.56269113149847,85.3211009174312,7.64525993883792,77.67584097859327
E00046380,335,54,22,32,281,23,258,16.119402985074625,6.567164179104477,9.55223880597015,83.88059701492537,6.865671641791045,77.01492537313432
E00046381,247,42,30,12,205,3,202,17.00404858299595,12.145748987854251,4.8582995951417,82.99595141700405,1.214574898785425,81.78137651821862
E00046382,194,34,13,21,160,10,150,17.525773195876287,6.701030927835052,10.824742268041238,82.4742268041237,5.154639175257731,77.31958762886599
E00046383,271,35,12,23,236,12,224,12.915129151291513,4.428044280442804,8.487084870848708,87.08487084870849,4.428044280442804,82.65682656826569
E00046384,432,43,25,18,389,20,369,9.953703703703704,5.787037037037037,4.166666666666666,90.04629629629629,4.62962962962963,85.41666666666666
E00046386,417,60,25,35,357,15,342,14.388489208633093,5.995203836930456,8.393285371702639,85.61151079136691,3.5971223021582732,82.01438848920863
E00046387,273,51,28,23,222,8,214,18.681318681318682,10.256410256410255,8.424908424908425,81.31868131868131,2.93040293040293,78.3882783882784
E00046388,395,59,15,44,336,16,320,14.936708860759493,3.79746835443038,11.139240506329113,85.0632911392405,4.050632911392405,81.0126582278481
E00046390,370,83,28,55,287,26,261,22.432432432432435,7.567567567567568,14.864864864864865,77.56756756756756,7.027027027027027,70.54054054054055
E00046391,380,57,28,29,323,13,310,15,7.368421052631578,7.631578947368421,85,3.421052631578948,81.57894736842105
E00046392,333,51,29,22,282,25,257,15.315315315315313,8.708708708708707,6.606606606606606,84.68468468468468,7.5075075075075075,77.17717717717719
E00046393,344,81,41,40,263,24,239,23.546511627906977,11.918604651162791,11.627906976744185,76.45348837209302,6.976744186046512,69.47674418604652
E00046395,295,54,29,25,241,18,223,18.305084745762713,9.830508474576272,8.47457627118644,81.69491525423729,6.101694915254238,75.59322033898304
E00046396,441,135,63,72,306,20,286,30.612244897959183,14.285714285714285,16.3265306122449,69.38775510204081,4.535147392290249,64.85260770975057
E00046397,297,40,19,21,257,12,245,13.468013468013467,6.397306397306397,7.07070707070707,86.53198653198653,4.040404040404041,82.49158249158249
E00046400,149,21,12,9,128,4,124,14.093959731543624,8.053691275167784,6.0402684563758395,85.90604026845638,2.684563758389262,83.22147651006712
E00046402,425,105,50,55,320,45,275,24.705882352941178,11.76470588235294,12.941176470588237,75.29411764705883,10.588235294117647,64.70588235294117
E00046403,228,42,12,30,186,26,160,18.421052631578945,5.263157894736842,13.157894736842104,81.57894736842105,11.403508771929824,70.17543859649122
E00046406,316,94,67,27,222,17,205,29.746835443037973,21.202531645569618,8.544303797468354,70.25316455696202,5.379746835443038,64.87341772151899
E00046408,390,68,30,38,322,17,305,17.435897435897434,7.6923076923076925,9.7435897435897445,82.564102564102555,4.358974358974359,78.2051282051282
E00046413,379,82,38,44,297,8,289,21.63588390501319,10.026385224274406,11.609498680738787,78.3641160949868,2.1108179419525066,76.2532981530343
E00046414,340,53,33,20,287,13,274,15.588235294117647,9.705882352941178,5.88235294117647,84.41176470588235,3.823529411764706,80.58823529411765
E00046416,393,48,21,27,345,33,312,12.213740458015266,5.343511450381679,6.870229007633588,87.78625954198473,8.396946564885496,79.38931297709924
E00046417,592,80,32,48,512,27,485,13.513513513513514,5.405405405405405,8.108108108108109,86.48648648648648,4.5608108108108105,81.92567567567568
E00046418,318,81,42,39,237,16,221,25.471698113207548,13.20754716981132,12.264150943396226,74.52830188679245,5.031446540880504,69.49685534591194
E00046419,334,60,24,36,274,7,267,17.964071856287426,7.18562874251497,10.778443113772456,82.03592814371258,2.095808383233533,79.94011976047905
E00046420,414,66,37,29,348,10,338,15.942028985507244,8.937198067632849,7.004830917874397,84.05797101449275,2.4154589371980677,81.64251207729468
E00046421,316,68,28,40,248,18,230,21.518987341772153,8.860759493670885,12.658227848101266,78.48101265822784,5.69620253164557,72.78481012658227
E00046422,295,49,21,28,246,12,234,16.610169491525422,7.118644067796611,9.491525423728813,83.38983050847457,4.067796610169491,79.3220338983051
E00046423,336,44,23,21,292,17,275,13.095238095238097,6.845238095238096,6.25,86.90476190476191,5.059523809523809,81.84523809523809
E00046424,500,66,29,37,434,11,423,13.200000000000001,5.800000000000001,7.3999999999999995,86.8,2.1999999999999997,84.6
E00046425,273,44,19,25,229,7,222,16.117216117216117,6.95970695970696,9.157509157509157,83.88278388278388,2.564102564102564,81.31868131868131
E00046426,425,84,41,43,341,18,323,19.76470588235294,9.647058823529411,10.117647058823529,80.23529411764706,4.235294117647059,76
E00046427,423,88,41,47,335,15,320,20.803782505910164,9.692671394799055,11.11111111111111,79.19621749408984,3.546099290780142,75.65011820330969
E00046429,357,53,21,32,304,6,298,14.84593837535014,5.88235294117647,8.96358543417367,85.15406162464986,1.680672268907563,83.4733893557423
E00046430,460,51,23,28,409,10,399,11.08695652173913,5,6.086956521739131,88.91304347826086,2.1739130434782608,86.73913043478261
E00046431,308,50,16,34,258,20,238,16.233766233766232,5.194805194805195,11.03896103896104,83.76623376623377,6.493506493506493,77.27272727272727
E00046432,397,100,40,60,297,20,277,25.188916876574307,10.075566750629724,15.113350125944585,74.81108312342569,5.037783375314862,69.77329974811083
E00046435,262,77,30,47,185,9,176,29.389312977099237,11.450381679389313,17.938931297709924,70.61068702290076,3.435114503816794,67.17557251908397
E00046436,265,86,43,43,179,10,169,32.45283018867924,16.22641509433962,16.22641509433962,67.54716981132076,3.7735849056603774,63.77358490566037
E00046437,378,52,12,40,326,31,295,13.756613756613756,3.1746031746031744,10.582010582010582,86.24338624338624,8.201058201058201,78.04232804232805
E00046438,397,92,55,37,305,29,276,23.173803526448363,13.85390428211587,9.319899244332493,76.82619647355163,7.304785894206549,69.52141057934509
E00046439,312,50,16,34,262,32,230,16.025641025641026,5.128205128205128,10.897435897435898,83.97435897435898,10.256410256410255,73.71794871794873
E00046440,292,67,32,35,225,28,197,22.945205479452056,10.95890410958904,11.986301369863012,77.05479452054794,9.58904109589041,67.46575342465754
E00046442,334,74,36,38,260,21,239,22.15568862275449,10.778443113772456,11.377245508982035,77.84431137724552,6.287425149700598,71.55688622754491
E00046443,326,56,26,30,270,18,252,17.177914110429448,7.975460122699387,9.202453987730062,82.82208588957054,5.521472392638037,77.30061349693251
E00046444,291,81,34,47,210,13,197,27.835051546391753,11.683848797250858,16.151202749140893,72.16494845360825,4.4673539518900345,67.69759450171821
E00046445,604,157,92,65,447,33,414,25.99337748344371,15.2317880794702,10.76158940397351,74.00662251655629,5.4635761589403975,68.54304635761589
E00046446,291,61,35,26,230,13,217,20.962199312714777,12.027491408934708,8.934707903780069,79.03780068728523,4.4673539518900345,74.5704467353952
E00046447,226,55,26,29,171,15,156,24.336283185840706,11.504424778761061,12.831858407079647,75.66371681415929,6.637168141592921,69.02654867256636
E00046448,577,89,30,59,488,47,441,15.424610051993067,5.1993067590987865,10.22530329289428,84.57538994800693,8.145580589254767,76.42980935875217
E00046449,291,50,17,33,241,32,209,17.18213058419244,5.841924398625429,11.34020618556701,82.81786941580756,10.996563573883162,71.8213058419244
E00046450,255,62,19,43,193,13,180,24.313725490196077,7.450980392156863,16.862745098039216,75.68627450980392,5.098039215686274,70.58823529411765
E00046451,310,77,32,45,233,21,212,24.838709677419356,10.32258064516129,14.516129032258066,75.16129032258064,6.774193548387098,68.38709677419355
E00046452,297,64,25,39,233,17,216,21.548821548821547,8.417508417508419,13.131313131313133,78.45117845117845,5.723905723905724,72.72727272727273
E00046453,237,55,28,27,182,16,166,23.20675105485232,11.814345991561181,11.39240506329114,76.79324894514767,6.751054852320674,70.042194092827
E00046454,204,45,22,23,159,15,144,22.058823529411764,10.784313725490197,11.27450980392157,77.94117647058823,7.352941176470589,70.58823529411765
E00046455,344,65,24,41,279,27,252,18.8953488372093,6.976744186046512,11.918604651162791,81.1046511627907,7.848837209302325,73.25581395348837
E00046456,277,46,22,24,231,20,211,16.60649819494585,7.9422382671480145,8.664259927797833,83.39350180505414,7.2202166064981945,76.17328519855594
E00046457,293,50,26,24,243,34,209,17.064846416382252,8.873720136518772,8.19112627986348,82.93515358361775,11.604095563139932,71.33105802047781
E00046458,314,48,16,32,266,22,244,15.286624203821656,5.095541401273886,10.191082802547772,84.71337579617835,7.006369426751593,77.70700636942675
E00046459,287,40,23,17,247,14,233,13.937282229965156,8.013937282229964,5.923344947735192,86.06271777003485,4.878048780487805,81.18466898954703
E00046460,366,81,42,39,285,25,260,22.131147540983605,11.475409836065573,10.655737704918032,77.8688524590164,6.830601092896176,71.03825136612022
E00046461,314,59,24,35,255,20,235,18.789808917197455,7.643312101910828,11.146496815286625,81.21019108280255,6.369426751592357,74.84076433121018
E00046462,284,41,17,24,243,32,211,14.43661971830986,5.985915492957746,8.450704225352112,85.56338028169014,11.267605633802818,74.29577464788733
E00046463,305,43,9,34,262,21,241,14.098360655737704,2.9508196721311477,11.147540983606557,85.90163934426229,6.885245901639345,79.01639344262294
E00046464,294,70,35,35,224,21,203,23.809523809523807,11.904761904761903,11.904761904761903,76.19047619047619,7.142857142857142,69.04761904761905
E00046465,278,43,19,24,235,14,221,15.467625899280577,6.83453237410072,8.633093525179856,84.53237410071942,5.0359712230215825,79.49640287769785
E00046466,332,73,31,42,259,26,233,21.987951807228914,9.33734939759036,12.650602409638553,78.01204819277109,7.83132530120482,70.18072289156626
E00046467,329,69,36,33,260,25,235,20.972644376899694,10.94224924012158,10.030395136778116,79.0273556231003,7.598784194528875,71.42857142857143
E00046468,346,60,29,31,286,24,262,17.341040462427745,8.38150289017341,8.959537572254336,82.65895953757226,6.9364161849710975,75.72254335260115
E00046469,331,72,31,41,259,21,238,21.75226586102719,9.365558912386707,12.386706948640484,78.24773413897282,6.3444108761329305,71.90332326283988
E00046470,278,63,28,35,215,22,193,22.66187050359712,10.071942446043165,12.589928057553957,77.33812949640287,7.913669064748201,69.42446043165468
E00046471,312,56,22,34,256,33,223,17.94871794871795,7.051282051282051,10.897435897435898,82.05128205128204,10.576923076923077,71.47435897435898
E00046472,273,51,24,27,222,21,201,18.681318681318682,8.791208791208792,9.89010989010989,81.31868131868131,7.6923076923076925,73.62637362637363
E00046473,266,55,30,25,211,15,196,20.676691729323306,11.278195488721805,9.398496240601503,79.32330827067669,5.639097744360902,73.68421052631578
E00046474,313,73,31,42,240,20,220,23.322683706070286,9.904153354632587,13.418530351437699,76.6773162939297,6.3897763578274756,70.28753993610223
E00046475,304,57,22,35,247,25,222,18.75,7.236842105263158,11.513157894736842,81.25,8.223684210526317,73.02631578947368
E00046476,272,42,17,25,230,25,205,15.441176470588236,6.25,9.191176470588236,84.55882352941177,9.191176470588236,75.36764705882352
E00046477,271,39,13,26,232,19,213,14.391143911439114,4.797047970479705,9.59409594095941,85.60885608856088,7.011070110701106,78.59778597785979
E00046478,377,90,32,58,287,30,257,23.872679045092838,8.488063660477453,15.384615384615385,76.12732095490716,7.957559681697612,68.16976127320955
E00046479,255,52,17,35,203,25,178,20.392156862745097,6.666666666666667,13.725490196078432,79.6078431372549,9.803921568627452,69.80392156862744
E00046480,269,61,22,39,208,15,193,22.676579925650557,8.178438661710038,14.49814126394052,77.32342007434944,5.5762081784386615,71.74721189591078
E00046481,284,50,17,33,234,14,220,17.6056338028169,5.985915492957746,11.619718309859154,82.3943661971831,4.929577464788732,77.46478873239437
E00046482,363,101,60,41,262,22,240,27.823691460055095,16.528925619834713,11.294765840220386,72.1763085399449,6.0606060606060606,66.11570247933885
E00046483,227,42,14,28,185,19,166,18.502202643171806,6.167400881057269,12.334801762114537,81.4977973568282,8.370044052863436,73.12775330396477
E00046484,265,70,37,33,195,16,179,26.41509433962264,13.962264150943396,12.452830188679245,73.58490566037736,6.037735849056604,67.54716981132076
E00046485,268,76,30,46,192,14,178,28.35820895522388,11.194029850746269,17.16417910447761,71.64179104477611,5.223880597014925,66.4179104477612
E00046486,296,51,22,29,245,26,219,17.22972972972973,7.4324324324324325,9.797297297297296,82.77027027027027,8.783783783783784,73.98648648648648
E00046487,245,43,20,23,202,25,177,17.551020408163264,8.16326530612245,9.387755102040817,82.44897959183673,10.204081632653061,72.24489795918367
E00046489,438,104,54,50,334,26,308,23.74429223744292,12.32876712328767,11.415525114155251,76.25570776255708,5.93607305936073,70.31963470319634
E00046490,349,99,46,53,250,14,236,28.36676217765043,13.18051575931232,15.18624641833811,71.63323782234957,4.011461318051576,67.621776504298
E00046491,396,86,35,51,310,21,289,21.71717171717172,8.83838383838384,12.878787878787879,78.28282828282829,5.303030303030303,72.97979797979798
E00046492,324,66,28,38,258,15,243,20.37037037037037,8.641975308641975,11.728395061728394,79.62962962962963,4.62962962962963,75
E00046493,318,77,34,43,241,16,225,24.21383647798742,10.69182389937107,13.522012578616351,75.78616352201259,5.031446540880504,70.75471698113208
E00046494,357,54,27,27,303,11,292,15.126050420168067,7.563025210084033,7.563025210084033,84.87394957983193,3.081232492997199,81.79271708683473
E00046495,308,77,31,46,231,17,214,25,10.064935064935066,14.935064935064934,75,5.51948051948052,69.48051948051948
E00046496,314,67,38,29,247,16,231,21.337579617834397,12.101910828025478,9.235668789808917,78.6624203821656,5.095541401273886,73.56687898089172
E00046497,414,78,35,43,336,19,317,18.84057971014493,8.454106280193237,10.38647342995169,81.15942028985508,4.5893719806763285,76.57004830917874
E00046500,487,91,50,41,396,19,377,18.68583162217659,10.266940451745379,8.41889117043121,81.3141683778234,3.9014373716632447,77.41273100616016
E00046501,397,91,36,55,306,35,271,22.921914357682617,9.06801007556675,13.85390428211587,77.07808564231739,8.816120906801007,68.26196473551637
E00046502,360,47,22,25,313,25,288,13.055555555555557,6.111111111111111,6.944444444444445,86.94444444444444,6.944444444444445,80
E00046503,312,47,19,28,265,32,233,15.064102564102564,6.089743589743589,8.974358974358974,84.93589743589743,10.256410256410255,74.67948717948718
E00046504,455,81,38,43,374,48,326,17.802197802197803,8.35164835164835,9.45054945054945,82.19780219780219,10.54945054945055,71.64835164835165
E00046505,275,68,26,42,207,13,194,24.727272727272727,9.454545454545455,15.272727272727273,75.27272727272727,4.7272727272727275,70.54545454545455
E00046506,312,52,28,24,260,18,242,16.666666666666664,8.974358974358974,7.6923076923076925,83.33333333333334,5.769230769230769,77.56410256410257
E00046507,352,104,60,44,248,22,226,29.545454545454547,17.045454545454543,12.5,70.45454545454545,6.25,64.20454545454545
E00046508,297,89,46,43,208,9,199,29.96632996632997,15.488215488215488,14.47811447811448,70.03367003367003,3.0303030303030303,67.003367003367
E00046509,345,89,49,40,256,16,240,25.79710144927536,14.202898550724639,11.594202898550725,74.20289855072464,4.63768115942029,69.56521739130434
E00046510,282,82,36,46,200,10,190,29.078014184397162,12.76595744680851,16.312056737588655,70.92198581560284,3.546099290780142,67.37588652482269
E00046511,345,96,42,54,249,19,230,27.82608695652174,12.173913043478262,15.65217391304348,72.17391304347827,5.507246376811594,66.66666666666666
E00046512,233,78,36,42,155,13,142,33.47639484978541,15.450643776824036,18.025751072961373,66.52360515021459,5.579399141630901,60.94420600858369
E00046513,217,54,37,17,163,11,152,24.88479262672811,17.050691244239633,7.834101382488479,75.11520737327189,5.0691244239631335,70.04608294930875
E00046514,295,70,39,31,225,18,207,23.728813559322035,13.220338983050848,10.508474576271185,76.27118644067797,6.101694915254238,70.16949152542374
E00046515,276,80,38,42,196,12,184,28.985507246376812,13.768115942028986,15.217391304347828,71.01449275362319,4.3478260869565215,66.66666666666666
E00046516,291,91,48,43,200,20,180,31.27147766323024,16.49484536082474,14.776632302405499,68.72852233676976,6.872852233676976,61.855670103092784
E00046517,317,86,42,44,231,18,213,27.129337539432175,13.249211356466878,13.880126182965299,72.87066246056783,5.678233438485805,67.19242902208202
E00046518,277,84,48,36,193,10,183,30.324909747292416,17.328519855595665,12.996389891696749,69.67509025270758,3.6101083032490973,66.06498194945848
E00046519,233,93,53,40,140,12,128,39.91416309012876,22.746781115879827,17.167381974248926,60.08583690987125,5.150214592274678,54.93562231759657
E00046520,231,73,42,31,158,14,144,31.601731601731604,18.181818181818183,13.41991341991342,68.3982683982684,6.0606060606060606,62.33766233766234
E00046521,266,70,39,31,196,12,184,26.31578947368421,14.661654135338345,11.654135338345863,73.68421052631578,4.511278195488721,69.17293233082707
E00046522,311,107,70,37,204,11,193,34.40514469453376,22.508038585209004,11.89710610932476,65.59485530546624,3.536977491961415,62.057877813504824
E00046523,299,80,45,35,219,18,201,26.755852842809364,15.050167224080269,11.705685618729097,73.24414715719062,6.0200668896321075,67.22408026755853
E00046524,268,72,33,39,196,17,179,26.865671641791046,12.313432835820896,14.55223880597015,73.13432835820896,6.343283582089552,66.7910447761194
E00046525,257,82,47,35,175,9,166,31.906614785992215,18.28793774319066,13.618677042801556,68.09338521400778,3.501945525291829,64.59143968871595
E00046526,288,65,33,32,223,21,202,22.569444444444446,11.458333333333332,11.11111111111111,77.43055555555556,7.291666666666667,70.13888888888889
E00046527,275,70,36,34,205,22,183,25.454545454545453,13.090909090909092,12.363636363636363,74.54545454545455,8,66.54545454545455
E00046528,308,38,11,27,270,36,234,12.337662337662337,3.571428571428571,8.766233766233766,87.66233766233766,11.688311688311687,75.97402597402598
E00046529,373,62,23,39,311,22,289,16.621983914209114,6.166219839142091,10.455764075067025,83.37801608579089,5.898123324396782,77.4798927613941
E00046530,237,57,28,29,180,19,161,24.050632911392405,11.814345991561181,12.236286919831224,75.9493670886076,8.016877637130802,67.9324894514768
E00046531,326,89,44,45,237,16,221,27.300613496932513,13.496932515337424,13.803680981595093,72.69938650306749,4.9079754601226995,67.79141104294479
E00046532,253,70,33,37,183,11,172,27.66798418972332,13.043478260869565,14.624505928853754,72.33201581027669,4.3478260869565215,67.98418972332016
E00046533,216,20,12,8,196,6,190,9.25925925925926,5.555555555555555,3.7037037037037033,90.74074074074075,2.7777777777777777,87.96296296296296
E00046534,533,105,51,54,428,31,397,19.69981238273921,9.568480300187618,10.131332082551594,80.30018761726079,5.816135084427768,74.48405253283302
E00046535,502,97,49,48,405,14,391,19.322709163346612,9.760956175298805,9.56175298804781,80.67729083665338,2.788844621513944,77.88844621513944
E00046536,359,39,13,26,320,39,281,10.86350974930362,3.6211699164345403,7.242339832869081,89.13649025069638,10.86350974930362,78.27298050139275
E00046537,275,51,21,30,224,20,204,18.545454545454547,7.636363636363637,10.909090909090908,81.45454545454545,7.2727272727272725,74.18181818181819
E00046538,352,60,21,39,292,29,263,17.045454545454543,5.965909090909091,11.079545454545455,82.95454545454545,8.238636363636363,74.7159090909091
E00046539,296,45,18,27,251,24,227,15.202702702702704,6.081081081081082,9.121621621621621,84.7972972972973,8.108108108108109,76.6891891891892
E00046540,326,57,20,37,269,21,248,17.484662576687114,6.134969325153374,11.349693251533742,82.51533742331289,6.441717791411043,76.07361963190185
E00046541,264,38,10,28,226,27,199,14.393939393939394,3.787878787878788,10.606060606060606,85.60606060606061,10.227272727272728,75.37878787878788
E00046542,275,65,26,39,210,17,193,23.636363636363637,9.454545454545455,14.181818181818182,76.36363636363637,6.181818181818182,70.18181818181817
E00046543,291,39,15,24,252,24,228,13.402061855670103,5.154639175257731,8.24742268041237,86.5979381443299,8.24742268041237,78.35051546391753
E00046544,249,47,23,24,202,12,190,18.87550200803213,9.236947791164658,9.63855421686747,81.12449799196787,4.819277108433735,76.30522088353415
E00046545,323,39,13,26,284,15,269,12.074303405572756,4.024767801857585,8.04953560371517,87.92569659442725,4.643962848297214,83.28173374613003
E00046546,318,53,24,29,265,23,242,16.666666666666664,7.547169811320755,9.119496855345911,83.33333333333334,7.232704402515723,76.10062893081762
E00046547,399,53,24,29,346,28,318,13.283208020050125,6.015037593984962,7.268170426065162,86.71679197994987,7.017543859649122,79.69924812030075
E00046548,352,56,23,33,296,21,275,15.909090909090908,6.534090909090909,9.375,84.0909090909091,5.965909090909091,78.125
E00046549,275,41,19,22,234,25,209,14.909090909090908,6.909090909090909,8,85.0909090909091,9.090909090909092,76
E00046550,313,55,24,31,258,22,236,17.57188498402556,7.667731629392971,9.904153354632587,82.42811501597444,7.0287539936102235,75.39936102236422
E00046551,436,71,34,37,365,18,347,16.28440366972477,7.79816513761468,8.486238532110093,83.71559633027523,4.128440366972478,79.58715596330275
E00046552,368,70,37,33,298,22,276,19.021739130434785,10.054347826086957,8.967391304347826,80.97826086956522,5.978260869565218,75
E00046553,379,57,33,24,322,12,310,15.03957783641161,8.70712401055409,6.33245382585752,84.96042216358839,3.16622691292876,81.79419525065963
E00046554,597,117,63,54,480,26,454,19.597989949748744,10.552763819095476,9.045226130653267,80.40201005025126,4.355108877721943,76.04690117252932
E00046555,507,84,56,28,423,10,413,16.56804733727811,11.045364891518737,5.522682445759369,83.4319526627219,1.9723865877712032,81.4595660749507
E00046556,579,144,71,73,435,45,390,24.870466321243523,12.26252158894646,12.607944732297064,75.12953367875647,7.772020725388601,67.35751295336787
E00046557,248,40,24,16,208,14,194,16.129032258064516,9.67741935483871,6.451612903225806,83.87096774193549,5.64516129032258,78.2258064516129
E00046558,257,72,32,40,185,13,172,28.01556420233463,12.45136186770428,15.56420233463035,71.98443579766537,5.058365758754864,66.9260700389105
E00046559,428,100,62,38,328,22,306,23.364485981308412,14.485981308411214,8.878504672897195,76.63551401869158,5.14018691588785,71.49532710280374
E00046560,172,43,23,20,129,8,121,25,13.372093023255813,11.627906976744185,75,4.651162790697675,70.34883720930233
E00046561,295,48,14,34,247,21,226,16.271186440677965,4.745762711864407,11.525423728813559,83.72881355932203,7.118644067796611,76.61016949152543
E00046562,436,48,19,29,388,31,357,11.009174311926607,4.3577981651376145,6.651376146788992,88.9908256880734,7.110091743119266,81.88073394495413
E00046563,198,43,22,21,155,13,142,21.71717171717172,11.11111111111111,10.606060606060606,78.28282828282829,6.565656565656567,71.71717171717171
E00046564,258,44,14,30,214,24,190,17.05426356589147,5.426356589147287,11.627906976744185,82.94573643410853,9.30232558139535,73.64341085271317
E00046565,532,40,11,29,492,33,459,7.518796992481203,2.0676691729323307,5.451127819548872,92.4812030075188,6.203007518796992,86.2781954887218
E00046566,223,29,3,26,194,29,165,13.004484304932735,1.345291479820628,11.659192825112108,86.99551569506725,13.004484304932735,73.99103139013454
E00046567,251,26,10,16,225,25,200,10.358565737051793,3.9840637450199203,6.374501992031872,89.64143426294821,9.9601593625498,79.6812749003984
E00046568,223,93,31,62,130,14,116,41.70403587443946,13.901345291479823,27.802690582959645,58.29596412556054,6.278026905829597,52.01793721973094
E00046569,256,45,20,25,211,21,190,17.578125,7.8125,9.765625,82.421875,8.203125,74.21875
E00046570,301,62,36,26,239,26,213,20.59800664451827,11.960132890365449,8.637873754152823,79.40199335548172,8.637873754152823,70.7641196013289
E00046571,393,53,22,31,340,25,315,13.486005089058525,5.597964376590331,7.888040712468193,86.51399491094148,6.361323155216285,80.1526717557252
E00046572,342,49,18,31,293,25,268,14.327485380116958,5.263157894736842,9.064327485380117,85.67251461988305,7.309941520467836,78.3625730994152
E00046573,241,109,61,48,132,10,122,45.22821576763486,25.311203319502074,19.91701244813278,54.77178423236515,4.149377593360995,50.62240663900415
E00046574,357,83,35,48,274,23,251,23.249299719887954,9.803921568627452,13.445378151260504,76.75070028011206,6.442577030812324,70.30812324929971
E00046575,529,79,30,49,450,39,411,14.933837429111533,5.671077504725898,9.262759924385634,85.06616257088847,7.372400756143667,77.6937618147448
E00046576,300,111,78,33,189,20,169,37,26,11,63,6.666666666666667,56.333333333333336
E00046577,251,69,44,25,182,19,163,27.490039840637447,17.52988047808765,9.9601593625498,72.50996015936255,7.569721115537849,64.9402390438247
E00046578,193,31,17,14,162,14,148,16.06217616580311,8.808290155440414,7.253886010362693,83.93782383419689,7.253886010362693,76.68393782383419
E00046579,260,42,15,27,218,30,188,16.153846153846153,5.769230769230769,10.384615384615385,83.84615384615385,11.538461538461538,72.3076923076923
E00046580,348,61,27,34,287,20,267,17.52873563218391,7.758620689655173,9.770114942528735,82.47126436781609,5.747126436781609,76.72413793103449
E00046581,346,49,15,34,297,31,266,14.16184971098266,4.335260115606936,9.826589595375722,85.83815028901735,8.959537572254336,76.878612716763
E00046582,308,45,14,31,263,24,239,14.61038961038961,4.545454545454546,10.064935064935066,85.3896103896104,7.792207792207792,77.59740259740259
E00046583,321,60,27,33,261,27,234,18.69158878504673,8.411214953271028,10.2803738317757,81.30841121495327,8.411214953271028,72.89719626168224
E00046584,309,47,18,29,262,28,234,15.210355987055015,5.825242718446602,9.385113268608414,84.78964401294499,9.06148867313916,75.72815533980582
E00046585,347,73,40,33,274,40,234,21.037463976945244,11.527377521613833,9.510086455331413,78.96253602305475,11.527377521613833,67.43515850144092
E00046586,401,72,32,40,329,34,295,17.955112219451372,7.98004987531172,9.975062344139651,82.04488778054862,8.478802992518704,73.56608478802993
E00046587,303,49,28,21,254,16,238,16.17161716171617,9.24092409240924,6.9306930693069315,83.82838283828383,5.2805280528052805,78.54785478547855
E00046588,274,48,19,29,226,21,205,17.51824817518248,6.934306569343065,10.583941605839415,82.48175182481752,7.664233576642336,74.81751824817519
E00046589,290,51,16,35,239,23,216,17.586206896551722,5.517241379310345,12.068965517241379,82.41379310344827,7.931034482758621,74.48275862068967
E00046590,269,50,18,32,219,12,207,18.587360594795538,6.691449814126393,11.895910780669144,81.41263940520446,4.4609665427509295,76.95167286245353
E00046591,290,65,29,36,225,22,203,22.413793103448278,10,12.413793103448276,77.58620689655173,7.586206896551724,70
E00046592,334,50,19,31,284,28,256,14.97005988023952,5.688622754491018,9.281437125748502,85.02994011976048,8.383233532934131,76.64670658682635
E00046593,263,63,26,37,200,20,180,23.954372623574145,9.885931558935361,14.068441064638785,76.04562737642586,7.604562737642586,68.44106463878326
E00046594,308,37,12,25,271,20,251,12.012987012987013,3.896103896103896,8.116883116883116,87.98701298701299,6.493506493506493,81.4935064935065
E00046595,322,56,14,42,266,19,247,17.391304347826086,4.3478260869565215,13.043478260869565,82.6086956521739,5.900621118012422,76.70807453416148
E00046596,375,63,23,40,312,31,281,16.8,6.133333333333333,10.666666666666668,83.2,8.266666666666666,74.93333333333332
E00046597,297,44,23,21,253,26,227,14.814814814814813,7.744107744107744,7.07070707070707,85.18518518518519,8.754208754208754,76.43097643097643
E00046598,273,45,17,28,228,31,197,16.483516483516482,6.227106227106227,10.256410256410255,83.51648351648352,11.355311355311356,72.16117216117216
E00046599,324,66,23,43,258,17,241,20.37037037037037,7.098765432098765,13.271604938271606,79.62962962962963,5.246913580246913,74.38271604938271
E00046600,336,55,20,35,281,25,256,16.36904761904762,5.952380952380952,10.416666666666668,83.63095238095238,7.440476190476191,76.19047619047619
E00046601,234,42,13,29,192,18,174,17.94871794871795,5.555555555555555,12.393162393162394,82.05128205128204,7.6923076923076925,74.35897435897436
E00046602,386,58,29,29,328,26,302,15.025906735751295,7.512953367875648,7.512953367875648,84.97409326424871,6.7357512953367875,78.23834196891191
E00046603,239,38,15,23,201,15,186,15.899581589958158,6.2761506276150625,9.623430962343097,84.10041841004184,6.2761506276150625,77.82426778242679
E00046604,368,50,24,26,318,29,289,13.586956521739129,6.521739130434782,7.065217391304348,86.41304347826086,7.880434782608696,78.53260869565217
E00046605,436,80,34,46,356,11,345,18.34862385321101,7.79816513761468,10.550458715596331,81.65137614678899,2.522935779816514,79.12844036697247
E00046606,314,54,19,35,260,24,236,17.197452229299362,6.050955414012739,11.146496815286625,82.80254777070064,7.643312101910828,75.15923566878982
E00046607,350,55,31,24,295,15,280,15.714285714285714,8.857142857142856,6.857142857142858,84.28571428571429,4.285714285714286,80
E00046609,555,80,46,34,475,20,455,14.414414414414415,8.288288288288289,6.126126126126126,85.58558558558559,3.6036036036036037,81.98198198198197
E00046610,351,53,33,20,298,10,288,15.0997150997151,9.401709401709402,5.698005698005698,84.9002849002849,2.849002849002849,82.05128205128204
E00046611,571,83,46,37,488,9,479,14.535901926444833,8.056042031523642,6.47985989492119,85.46409807355516,1.5761821366024518,83.88791593695272
E00046612,333,67,28,39,266,18,248,20.12012012012012,8.408408408408409,11.711711711711711,79.87987987987988,5.405405405405405,74.47447447447448
E00046613,392,36,13,23,356,13,343,9.183673469387756,3.316326530612245,5.86734693877551,90.81632653061224,3.316326530612245,87.5
E00046614,564,74,39,35,490,13,477,13.120567375886525,6.914893617021277,6.205673758865248,86.87943262411348,2.304964539007092,84.57446808510637
E00046615,507,71,41,30,436,12,424,14.003944773175542,8.086785009861932,5.9171597633136095,85.99605522682445,2.366863905325444,83.62919132149902
E00046616,497,76,35,41,421,21,400,15.29175050301811,7.042253521126761,8.249496981891348,84.70824949698189,4.225352112676056,80.48289738430584
E00046617,419,55,24,31,364,12,352,13.126491646778044,5.727923627684964,7.398568019093078,86.87350835322196,2.863961813842482,84.00954653937947
E00046618,356,52,32,20,304,8,296,14.606741573033707,8.98876404494382,5.617977528089887,85.39325842696628,2.247191011235955,83.14606741573034
E00046619,468,77,48,29,391,6,385,16.45299145299145,10.256410256410255,6.196581196581197,83.54700854700855,1.282051282051282,82.26495726495726
E00046621,397,53,30,23,344,6,338,13.350125944584383,7.5566750629722925,5.793450881612091,86.64987405541562,1.5113350125944585,85.13853904282117
E00046622,365,61,40,21,304,9,295,16.71232876712329,10.95890410958904,5.7534246575342465,83.28767123287672,2.4657534246575343,80.82191780821918
E00046624,463,87,47,40,376,10,366,18.790496760259177,10.151187904967603,8.639308855291576,81.20950323974083,2.159827213822894,79.04967602591793
E00046625,513,70,39,31,443,9,434,13.64522417153996,7.602339181286549,6.042884990253411,86.35477582846003,1.7543859649122806,84.60038986354775
E00046626,432,51,21,30,381,13,368,11.805555555555555,4.861111111111112,6.944444444444445,88.19444444444444,3.009259259259259,85.18518518518519
E00046627,454,56,27,29,398,18,380,12.334801762114537,5.947136563876652,6.387665198237885,87.66519823788546,3.9647577092511015,83.70044052863436
E00046628,435,46,28,18,389,12,377,10.574712643678161,6.436781609195402,4.137931034482759,89.42528735632183,2.7586206896551726,86.66666666666667
E00046631,315,59,32,27,256,6,250,18.73015873015873,10.158730158730158,8.571428571428571,81.26984126984127,1.9047619047619049,79.36507936507937
E00046633,368,59,22,37,309,15,294,16.032608695652172,5.978260869565218,10.054347826086957,83.96739130434783,4.076086956521739,79.8913043478261
E00046635,358,55,27,28,303,7,296,15.363128491620111,7.5418994413407825,7.82122905027933,84.63687150837988,1.9553072625698324,82.68156424581005
E00046636,482,83,44,39,399,10,389,17.219917012448132,9.12863070539419,8.091286307053942,82.78008298755186,2.0746887966804977,80.70539419087137
E00046637,383,37,21,16,346,7,339,9.660574412532636,5.483028720626632,4.177545691906006,90.33942558746736,1.8276762402088773,88.51174934725849
E00046638,306,54,36,18,252,16,236,17.647058823529413,11.76470588235294,5.88235294117647,82.35294117647058,5.228758169934641,77.12418300653596
E00046639,468,43,23,20,425,11,414,9.18803418803419,4.914529914529915,4.273504273504273,90.8119658119658,2.3504273504273505,88.46153846153845
E00046640,335,43,20,23,292,8,284,12.835820895522387,5.970149253731343,6.865671641791045,87.16417910447761,2.3880597014925375,84.77611940298507
E00046641,485,60,27,33,425,12,413,12.371134020618557,5.567010309278351,6.804123711340206,87.62886597938144,2.4742268041237114,85.15463917525773
E00046642,476,80,52,28,396,10,386,16.80672268907563,10.92436974789916,5.88235294117647,83.19327731092437,2.100840336134454,81.09243697478992
E00046643,530,63,30,33,467,20,447,11.88679245283019,5.660377358490567,6.226415094339623,88.11320754716981,3.7735849056603774,84.33962264150944
E00046644,393,40,20,20,353,14,339,10.178117048346055,5.089058524173027,5.089058524173027,89.82188295165395,3.5623409669211195,86.25954198473282
E00046645,355,58,30,28,297,11,286,16.338028169014084,8.450704225352112,7.887323943661972,83.66197183098592,3.0985915492957745,80.56338028169014
E00046647,388,52,29,23,336,10,326,13.402061855670103,7.474226804123711,5.927835051546391,86.5979381443299,2.5773195876288657,84.02061855670104
E00046648,553,68,36,32,485,12,473,12.296564195298371,6.50994575045208,5.786618444846293,87.70343580470163,2.1699819168173597,85.53345388788426
E00046649,579,67,46,21,512,11,501,11.57167530224525,7.9447322970639025,3.6269430051813467,88.42832469775475,1.8998272884283247,86.52849740932642
E00046650,561,68,32,36,493,17,476,12.121212121212121,5.704099821746881,6.417112299465241,87.87878787878788,3.0303030303030303,84.84848484848484
E00046651,464,50,24,26,414,9,405,10.775862068965516,5.172413793103448,5.603448275862069,89.22413793103449,1.9396551724137931,87.28448275862068
E00046652,506,63,28,35,443,20,423,12.450592885375494,5.533596837944664,6.91699604743083,87.54940711462451,3.9525691699604746,83.59683794466403
E00046653,427,39,16,23,388,14,374,9.133489461358314,3.747072599531616,5.386416861826698,90.86651053864169,3.278688524590164,87.58782201405153
E00046654,428,96,37,59,332,10,322,22.429906542056074,8.644859813084112,13.785046728971961,77.57009345794393,2.336448598130841,75.23364485981308
E00046655,406,67,31,36,339,9,330,16.502463054187192,7.635467980295567,8.866995073891626,83.49753694581281,2.2167487684729066,81.2807881773399
E00046656,512,56,13,43,456,20,436,10.9375,2.5390625,8.3984375,89.0625,3.90625,85.15625
E00046657,577,73,41,32,504,13,491,12.65164644714038,7.105719237435008,5.545927209705372,87.34835355285962,2.2530329289428077,85.09532062391682
E00046659,287,49,28,21,238,5,233,17.073170731707318,9.75609756097561,7.317073170731707,82.92682926829268,1.7421602787456445,81.18466898954703
E00046660,446,70,32,38,376,10,366,15.695067264573993,7.174887892376682,8.520179372197308,84.30493273542601,2.242152466367713,82.0627802690583
E00046662,585,79,36,43,506,21,485,13.504273504273504,6.153846153846154,7.350427350427351,86.4957264957265,3.5897435897435894,82.90598290598291
E00046663,427,72,42,30,355,13,342,16.861826697892273,9.836065573770492,7.02576112412178,83.13817330210773,3.0444964871194378,80.09367681498829
E00046664,352,45,20,25,307,15,292,12.784090909090908,5.681818181818182,7.1022727272727275,87.2159090909091,4.261363636363636,82.95454545454545
E00046665,335,56,38,18,279,12,267,16.716417910447763,11.343283582089553,5.3731343283582085,83.28358208955224,3.582089552238806,79.70149253731343
E00046666,293,64,35,29,229,12,217,21.843003412969285,11.945392491467576,9.897610921501707,78.15699658703072,4.09556313993174,74.06143344709898
E00046667,390,68,25,43,322,22,300,17.435897435897434,6.41025641025641,11.025641025641026,82.564102564102555,5.641025641025641,76.92307692307693
E00046668,331,50,24,26,281,10,271,15.105740181268882,7.250755287009064,7.854984894259818,84.89425981873111,3.0211480362537766,81.87311178247734
E00046669,493,74,32,42,419,23,396,15.010141987829615,6.490872210953347,8.519269776876268,84.98985801217039,4.665314401622718,80.32454361054768
E00046670,520,71,30,41,449,8,441,13.653846153846153,5.769230769230769,7.884615384615384,86.34615384615385,1.5384615384615385,84.8076923076923
E00046671,365,70,37,33,295,18,277,19.17808219178082,10.136986301369863,9.04109589041096,80.82191780821918,4.931506849315069,75.89041095890411
E00046672,469,66,30,36,403,17,386,14.072494669509595,6.396588486140725,7.675906183368871,85.9275053304904,3.624733475479744,82.30277185501066
E00046673,328,44,26,18,284,7,277,13.414634146341465,7.926829268292683,5.487804878048781,86.58536585365853,2.1341463414634148,84.45121951219512
E00046674,249,46,17,29,203,1,202,18.473895582329316,6.827309236947792,11.646586345381527,81.52610441767068,0.4016064257028112,81.12449799196787
E00046675,247,50,22,28,197,2,195,20.242914979757085,8.906882591093117,11.336032388663968,79.75708502024291,0.8097165991902834,78.94736842105263
E00046676,493,63,26,37,430,12,418,12.778904665314403,5.273833671399594,7.505070993914807,87.2210953346856,2.434077079107505,84.78701825557809
E00046677,252,37,25,12,215,9,206,14.682539682539684,9.920634920634921,4.761904761904762,85.31746031746032,3.571428571428571,81.74603174603175
E00046678,310,50,20,30,260,24,236,16.129032258064516,6.451612903225806,9.67741935483871,83.87096774193549,7.741935483870968,76.12903225806451
E00046679,352,45,11,34,307,34,273,12.784090909090908,3.125,9.659090909090908,87.2159090909091,9.659090909090908,77.55681818181817
E00046680,261,54,23,31,207,14,193,20.689655172413794,8.812260536398467,11.877394636015326,79.3103448275862,5.363984674329502,73.9463601532567
E00046681,301,47,12,35,254,16,238,15.614617940199334,3.9867109634551494,11.627906976744185,84.38538205980066,5.3156146179401995,79.06976744186046
E00046682,295,72,32,40,223,17,206,24.40677966101695,10.847457627118644,13.559322033898304,75.59322033898304,5.762711864406779,69.83050847457626
E00046683,283,89,46,43,194,8,186,31.448763250883395,16.25441696113074,15.19434628975265,68.55123674911661,2.8268551236749118,65.7243816254417
E00046684,284,44,12,32,240,20,220,15.492957746478872,4.225352112676056,11.267605633802818,84.50704225352112,7.042253521126761,77.46478873239437
E00046685,345,81,34,47,264,25,239,23.47826086956522,9.855072463768117,13.623188405797102,76.52173913043478,7.246376811594203,69.27536231884058
E00046686,261,31,10,21,230,30,200,11.877394636015326,3.8314176245210727,8.045977011494253,88.12260536398468,11.494252873563218,76.62835249042146
E00046687,350,98,47,51,252,12,240,28.000000000000004,13.428571428571429,14.571428571428571,72,3.428571428571429,68.57142857142857
E00046688,329,57,22,35,272,20,252,17.325227963525837,6.68693009118541,10.638297872340425,82.67477203647417,6.079027355623101,76.59574468085107
E00046689,253,32,15,17,221,24,197,12.648221343873518,5.928853754940711,6.719367588932807,87.35177865612648,9.486166007905137,77.86561264822134
E00046690,232,40,16,24,192,15,177,17.24137931034483,6.896551724137931,10.344827586206897,82.75862068965517,6.4655172413793105,76.29310344827587
E00046691,277,53,24,29,224,26,198,19.133574007220215,8.664259927797833,10.469314079422382,80.86642599277978,9.386281588447654,71.48014440433214
E00046692,265,47,20,27,218,23,195,17.735849056603772,7.547169811320755,10.18867924528302,82.26415094339623,8.679245283018867,73.58490566037736
E00046693,326,82,29,53,244,39,205,25.153374233128833,8.895705521472392,16.257668711656443,74.84662576687117,11.96319018404908,62.88343558282209
E00046694,289,84,42,42,205,18,187,29.06574394463668,14.53287197231834,14.53287197231834,70.93425605536332,6.228373702422145,64.70588235294117
E00046695,610,103,35,68,507,32,475,16.885245901639344,5.737704918032787,11.147540983606557,83.11475409836065,5.245901639344262,77.8688524590164
E00046696,314,89,49,40,225,19,206,28.343949044585987,15.605095541401273,12.738853503184714,71.656050955414,6.050955414012739,65.60509554140127
E00046697,328,61,25,36,267,22,245,18.597560975609756,7.621951219512195,10.975609756097562,81.40243902439023,6.707317073170732,74.6951219512195
E00046698,304,73,33,40,231,12,219,24.013157894736842,10.855263157894738,13.157894736842104,75.98684210526315,3.9473684210526314,72.03947368421053
E00046699,248,91,46,45,157,14,143,36.693548387096776,18.548387096774192,18.14516129032258,63.306451612903224,5.64516129032258,57.66129032258065
E00046700,273,56,34,22,217,28,189,20.51282051282051,12.454212454212454,8.058608058608058,79.48717948717949,10.256410256410255,69.23076923076923
E00046701,136,70,37,33,66,5,61,51.470588235294116,27.205882352941174,24.264705882352942,48.529411764705884,3.6764705882352944,44.85294117647059
E00046702,366,69,23,46,297,31,266,18.852459016393443,6.284153005464481,12.568306010928962,81.14754098360656,8.469945355191257,72.6775956284153
E00046703,259,87,50,37,172,20,152,33.59073359073359,19.305019305019304,14.285714285714285,66.40926640926641,7.722007722007722,58.68725868725869
E00046704,284,83,43,40,201,9,192,29.225352112676056,15.140845070422534,14.084507042253522,70.77464788732394,3.169014084507042,67.6056338028169
E00046705,258,70,44,26,188,21,167,27.131782945736433,17.05426356589147,10.077519379844961,72.86821705426357,8.13953488372093,64.72868217054264
E00046706,343,74,36,38,269,27,242,21.574344023323615,10.495626822157435,11.078717201166182,78.4256559766764,7.871720116618077,70.55393586005832
E00046707,231,62,37,25,169,12,157,26.83982683982684,16.017316017316016,10.822510822510822,73.16017316017316,5.194805194805195,67.96536796536796
E00046708,306,112,63,49,194,9,185,36.60130718954248,20.588235294117645,16.013071895424837,63.39869281045751,2.941176470588235,60.45751633986928
E00046709,295,52,19,33,243,15,228,17.627118644067796,6.440677966101695,11.186440677966102,82.37288135593221,5.084745762711865,77.28813559322035
E00046710,367,81,29,52,286,18,268,22.070844686648503,7.901907356948229,14.168937329700274,77.9291553133515,4.904632152588556,73.02452316076294
E00046711,318,112,83,29,206,14,192,35.22012578616352,26.10062893081761,9.119496855345911,64.77987421383648,4.40251572327044,60.37735849056604
E00046712,334,88,41,47,246,25,221,26.34730538922156,12.275449101796406,14.071856287425149,73.65269461077844,7.48502994011976,66.1676646706587
E00046713,242,53,32,21,189,12,177,21.90082644628099,13.223140495867769,8.677685950413224,78.099173553719,4.958677685950414,73.14049586776859
E00046714,324,64,31,33,260,9,251,19.753086419753085,9.5679012345679,10.185185185185185,80.24691358024691,2.7777777777777777,77.46913580246914
E00046715,341,80,32,48,261,22,239,23.46041055718475,9.3841642228739,14.076246334310852,76.53958944281524,6.451612903225806,70.08797653958945
E00046716,284,62,30,32,222,19,203,21.830985915492956,10.56338028169014,11.267605633802818,78.16901408450704,6.690140845070422,71.47887323943662
E00046717,287,65,27,38,222,12,210,22.64808362369338,9.40766550522648,13.240418118466899,77.35191637630662,4.181184668989547,73.17073170731707
E00046718,166,45,24,21,121,11,110,27.10843373493976,14.457831325301203,12.650602409638553,72.89156626506023,6.626506024096386,66.26506024096386
E00046719,366,65,27,38,301,24,277,17.759562841530055,7.377049180327869,10.382513661202186,82.24043715846994,6.557377049180328,75.68306010928961
E00046720,499,88,40,48,411,32,379,17.635270541082164,8.016032064128256,9.619238476953909,82.36472945891784,6.4128256513026045,75.95190380761522
E00046721,485,77,25,52,408,30,378,15.876288659793813,5.154639175257731,10.721649484536082,84.12371134020619,6.185567010309279,77.93814432989691
E00046722,305,77,33,44,228,24,204,25.245901639344265,10.819672131147541,14.426229508196723,74.75409836065575,7.868852459016394,66.88524590163935
E00046723,304,38,22,16,266,26,240,12.5,7.236842105263158,5.263157894736842,87.5,8.552631578947368,78.94736842105263
E00046724,289,61,25,36,228,16,212,21.10726643598616,8.650519031141869,12.45674740484429,78.89273356401384,5.536332179930796,73.35640138408304
E00046725,458,94,32,62,364,19,345,20.52401746724891,6.986899563318777,13.537117903930133,79.47598253275109,4.148471615720524,75.32751091703057
E00046726,298,74,32,42,224,18,206,24.832214765100673,10.738255033557047,14.093959731543624,75.16778523489933,6.0402684563758395,69.12751677852349
E00046727,301,36,9,27,265,21,244,11.960132890365449,2.990033222591362,8.970099667774086,88.03986710963456,6.976744186046512,81.06312292358804
E00046728,258,54,21,33,204,11,193,20.930232558139537,8.13953488372093,12.790697674418606,79.06976744186046,4.263565891472868,74.8062015503876
E00046729,294,46,20,26,248,45,203,15.646258503401361,6.802721088435375,8.843537414965986,84.35374149659864,15.306122448979592,69.04761904761905
E00046730,364,77,30,47,287,45,242,21.153846153846153,8.241758241758241,12.912087912087914,78.84615384615384,12.362637362637363,66.48351648351648
E00046731,359,50,20,30,309,26,283,13.92757660167131,5.571030640668524,8.356545961002785,86.0724233983287,7.242339832869081,78.8300835654596
E00046732,308,104,57,47,204,15,189,33.76623376623377,18.506493506493506,15.259740259740258,66.23376623376623,4.870129870129871,61.36363636363637
E00046733,322,71,39,32,251,19,232,22.049689440993788,12.111801242236025,9.937888198757763,77.95031055900621,5.900621118012422,72.04968944099379
E00046734,251,61,23,38,190,17,173,24.302788844621514,9.163346613545817,15.139442231075698,75.69721115537848,6.772908366533864,68.92430278884463
E00046735,281,62,21,41,219,36,183,22.064056939501782,7.473309608540925,14.590747330960854,77.93594306049823,12.811387900355871,65.12455516014235
E00046736,307,57,21,36,250,22,228,18.566775244299674,6.840390879478828,11.726384364820847,81.43322475570032,7.166123778501629,74.2671009771987
E00046737,260,46,18,28,214,16,198,17.692307692307693,6.923076923076923,10.76923076923077,82.3076923076923,6.153846153846154,76.15384615384615
E00046738,353,56,23,33,297,20,277,15.864022662889518,6.515580736543909,9.34844192634561,84.13597733711048,5.6657223796034,78.47025495750708
E00046739,282,55,28,27,227,24,203,19.50354609929078,9.929078014184398,9.574468085106384,80.49645390070921,8.51063829787234,71.98581560283688
E00046740,333,49,19,30,284,24,260,14.714714714714713,5.7057057057057055,9.00900900900901,85.28528528528528,7.207207207207207,78.07807807807808
E00046741,218,43,23,20,175,17,158,19.724770642201836,10.550458715596331,9.174311926605505,80.27522935779817,7.79816513761468,72.47706422018348
E00046742,321,66,27,39,255,23,232,20.5607476635514,8.411214953271028,12.149532710280374,79.43925233644859,7.165109034267912,72.27414330218068
E00046743,334,50,20,30,284,32,252,14.97005988023952,5.9880239520958085,8.982035928143713,85.02994011976048,9.580838323353294,75.44910179640718
E00046744,289,31,7,24,258,27,231,10.726643598615917,2.422145328719723,8.304498269896193,89.27335640138409,9.342560553633218,79.93079584775087
E00046745,354,57,21,36,297,49,248,16.101694915254235,5.932203389830509,10.16949152542373,83.89830508474576,13.841807909604519,70.05649717514125
E00046746,311,70,33,37,241,25,216,22.508038585209004,10.610932475884244,11.89710610932476,77.491961414791,8.038585209003216,69.45337620578779
E00046747,264,73,36,37,191,13,178,27.65151515151515,13.636363636363635,14.015151515151514,72.34848484848484,4.924242424242424,67.42424242424242
E00046748,309,54,25,29,255,26,229,17.475728155339805,8.090614886731391,9.385113268608414,82.52427184466019,8.414239482200648,74.11003236245955
E00046749,306,50,16,34,256,23,233,16.33986928104575,5.228758169934641,11.11111111111111,83.66013071895425,7.516339869281046,76.1437908496732
E00046750,314,63,22,41,251,21,230,20.063694267515924,7.006369426751593,13.05732484076433,79.93630573248409,6.687898089171974,73.24840764331209
E00046751,312,38,13,25,274,28,246,12.179487179487179,4.166666666666666,8.012820512820513,87.82051282051282,8.974358974358974,78.84615384615384
E00046752,306,59,23,36,247,38,209,19.28104575163399,7.516339869281046,11.76470588235294,80.71895424836602,12.418300653594772,68.30065359477125
E00046753,307,62,26,36,245,23,222,20.195439739413683,8.469055374592834,11.726384364820847,79.80456026058633,7.491856677524431,72.31270358306189
E00046754,275,53,22,31,222,16,206,19.272727272727273,8,11.272727272727273,80.72727272727272,5.818181818181818,74.90909090909092
E00046755,518,72,26,46,446,41,405,13.8996138996139,5.019305019305019,8.880308880308881,86.10038610038609,7.915057915057915,78.18532818532819
E00046756,322,67,29,38,255,28,227,20.80745341614907,9.006211180124224,11.801242236024844,79.19254658385093,8.695652173913043,70.4968944099379
E00046757,395,56,28,28,339,26,313,14.177215189873419,7.088607594936709,7.088607594936709,85.82278481012658,6.582278481012659,79.24050632911393
E00046758,273,53,16,37,220,25,195,19.413919413919416,5.86080586080586,13.553113553113553,80.58608058608058,9.157509157509157,71.42857142857143
E00046759,310,61,22,39,249,28,221,19.67741935483871,7.096774193548387,12.580645161290322,80.3225806451613,9.032258064516128,71.29032258064515
E00046760,319,60,29,31,259,19,240,18.808777429467085,9.090909090909092,9.717868338557993,81.19122257053291,5.956112852664576,75.23510971786834
E00046761,309,59,19,40,250,15,235,19.093851132686083,6.148867313915858,12.944983818770226,80.90614886731392,4.854368932038835,76.05177993527508
E00046762,351,71,29,42,280,17,263,20.22792022792023,8.262108262108262,11.965811965811966,79.77207977207978,4.843304843304843,74.92877492877493
E00046763,454,81,34,47,373,35,338,17.841409691629956,7.488986784140969,10.352422907488986,82.15859030837004,7.709251101321586,74.44933920704845
E00046764,332,64,21,43,268,16,252,19.27710843373494,6.325301204819277,12.951807228915662,80.72289156626506,4.819277108433735,75.90361445783132
E00046765,318,59,13,46,259,31,228,18.553459119496853,4.088050314465408,14.465408805031446,81.44654088050315,9.748427672955975,71.69811320754717
E00046766,316,46,13,33,270,18,252,14.556962025316455,4.113924050632911,10.443037974683545,85.44303797468355,5.69620253164557,79.74683544303798
E00046767,264,32,10,22,232,23,209,12.121212121212121,3.787878787878788,8.333333333333332,87.87878787878788,8.712121212121213,79.16666666666666
E00046768,244,63,32,31,181,10,171,25.81967213114754,13.114754098360656,12.704918032786885,74.18032786885246,4.098360655737705,70.08196721311475
E00046769,284,40,16,24,244,23,221,14.084507042253522,5.633802816901409,8.450704225352112,85.91549295774648,8.098591549295776,77.8169014084507
E00046770,463,63,25,38,400,31,369,13.606911447084233,5.399568034557236,8.207343412526997,86.39308855291577,6.695464362850973,79.6976241900648
E00046771,297,43,13,30,254,10,244,14.47811447811448,4.377104377104377,10.1010101010101,85.52188552188552,3.3670033670033668,82.15488215488216
E00046772,327,56,15,41,271,25,246,17.12538226299694,4.587155963302752,12.538226299694188,82.87461773700305,7.64525993883792,75.22935779816514
E00046773,232,86,39,47,146,11,135,37.06896551724138,16.810344827586206,20.25862068965517,62.93103448275862,4.741379310344827,58.189655172413794
E00046774,318,69,30,39,249,15,234,21.69811320754717,9.433962264150944,12.264150943396226,78.30188679245283,4.716981132075472,73.58490566037736
E00046775,393,47,22,25,346,24,322,11.959287531806616,5.597964376590331,6.361323155216285,88.04071246819338,6.106870229007633,81.93384223918575
E00046776,379,58,27,31,321,31,290,15.303430079155673,7.12401055408971,8.179419525065963,84.69656992084433,8.179419525065963,76.51715039577837
E00046777,373,61,24,37,312,24,288,16.353887399463808,6.434316353887399,9.919571045576408,83.6461126005362,6.434316353887399,77.21179624664879
E00046778,314,54,27,27,260,25,235,17.197452229299362,8.598726114649681,8.598726114649681,82.80254777070064,7.961783439490445,74.84076433121018
E00046779,310,70,26,44,240,20,220,22.58064516129032,8.38709677419355,14.193548387096774,77.41935483870968,6.451612903225806,70.96774193548387
E00046780,328,64,25,39,264,17,247,19.51219512195122,7.621951219512195,11.890243902439025,80.48780487804879,5.182926829268292,75.3048780487805
E00046781,333,56,22,34,277,25,252,16.816816816816818,6.606606606606606,10.21021021021021,83.18318318318319,7.5075075075075075,75.67567567567568
E00046782,260,65,30,35,195,11,184,25,11.538461538461538,13.461538461538462,75,4.230769230769231,70.76923076923077
E00046783,323,48,21,27,275,26,249,14.860681114551083,6.5015479876160995,8.359133126934983,85.13931888544892,8.04953560371517,77.08978328173374
E00046784,367,117,89,28,250,9,241,31.88010899182561,24.250681198910083,7.629427792915531,68.11989100817438,2.452316076294278,65.66757493188011
E00046785,357,51,22,29,306,23,283,14.285714285714285,6.162464985994398,8.123249299719888,85.71428571428571,6.442577030812324,79.27170868347339
E00046786,285,33,13,20,252,21,231,11.578947368421053,4.56140350877193,7.017543859649122,88.42105263157895,7.368421052631578,81.05263157894737
E00046787,324,77,31,46,247,13,234,23.765432098765434,9.5679012345679,14.19753086419753,76.23456790123457,4.012345679012346,72.22222222222221
E00046788,298,52,26,26,246,12,234,17.449664429530202,8.724832214765101,8.724832214765101,82.5503355704698,4.026845637583892,78.52348993288591
E00046789,334,47,14,33,287,23,264,14.071856287425149,4.191616766467066,9.880239520958083,85.92814371257485,6.88622754491018,79.04191616766467
E00046790,346,67,28,39,279,15,264,19.36416184971098,8.092485549132949,11.271676300578035,80.63583815028902,4.335260115606936,76.30057803468208
E00046791,277,67,34,33,210,10,200,24.187725631768952,12.274368231046932,11.913357400722022,75.81227436823104,3.6101083032490973,72.20216606498195
E00046792,319,55,28,27,264,13,251,17.24137931034483,8.77742946708464,8.463949843260188,82.75862068965517,4.075235109717868,78.68338557993731
E00046793,275,42,18,24,233,16,217,15.272727272727273,6.545454545454546,8.727272727272728,84.72727272727273,5.818181818181818,78.9090909090909
E00046794,249,66,34,32,183,19,164,26.506024096385545,13.654618473895583,12.851405622489958,73.49397590361446,7.630522088353414,65.86345381526104
E00046795,345,70,42,28,275,20,255,20.28985507246377,12.173913043478262,8.115942028985506,79.71014492753623,5.797101449275362,73.91304347826086
E00046796,314,77,41,36,237,13,224,24.522292993630572,13.05732484076433,11.464968152866243,75.47770700636943,4.140127388535031,71.3375796178344
E00046797,323,51,29,22,272,13,259,15.789473684210526,8.978328173374612,6.811145510835913,84.21052631578947,4.024767801857585,80.18575851393189
E00046798,338,40,15,25,298,20,278,11.834319526627219,4.437869822485207,7.396449704142012,88.16568047337277,5.9171597633136095,82.24852071005917
E00046799,287,66,37,29,221,18,203,22.99651567944251,12.89198606271777,10.104529616724738,77.00348432055749,6.2717770034843205,70.73170731707317
E00046800,310,66,37,29,244,29,215,21.29032258064516,11.935483870967742,9.35483870967742,78.70967741935485,9.35483870967742,69.35483870967742
E00046801,316,52,18,34,264,23,241,16.455696202531644,5.69620253164557,10.759493670886076,83.54430379746836,7.2784810126582276,76.26582278481013
E00046802,297,60,26,34,237,25,212,20.2020202020202,8.754208754208754,11.447811447811448,79.7979797979798,8.417508417508419,71.38047138047138
E00046803,372,65,27,38,307,24,283,17.473118279569892,7.258064516129033,10.21505376344086,82.52688172043011,6.451612903225806,76.0752688172043
E00046804,287,55,33,22,232,17,215,19.16376306620209,11.498257839721255,7.665505226480835,80.8362369337979,5.923344947735192,74.91289198606272
E00046805,308,44,17,27,264,19,245,14.285714285714285,5.51948051948052,8.766233766233766,85.71428571428571,6.1688311688311686,79.54545454545455
E00046806,323,44,18,26,279,27,252,13.622291021671826,5.572755417956656,8.04953560371517,86.37770897832817,8.359133126934983,78.0185758513932
E00046807,283,57,30,27,226,12,214,20.141342756183743,10.60070671378092,9.540636042402827,79.85865724381625,4.240282685512367,75.61837455830388
E00046808,315,46,21,25,269,18,251,14.603174603174605,6.666666666666667,7.936507936507936,85.39682539682539,5.714285714285714,79.68253968253968
E00046809,233,28,14,14,205,13,192,12.017167381974248,6.008583690987124,6.008583690987124,87.98283261802575,5.579399141630901,82.40343347639485
E00046810,267,61,28,33,206,14,192,22.846441947565545,10.486891385767791,12.359550561797752,77.15355805243446,5.2434456928838955,71.91011235955057
E00046811,259,55,27,28,204,15,189,21.235521235521233,10.424710424710424,10.81081081081081,78.76447876447877,5.7915057915057915,72.97297297297297
E00046812,236,53,23,30,183,18,165,22.45762711864407,9.745762711864407,12.711864406779661,77.54237288135593,7.627118644067797,69.91525423728814
E00046813,288,44,18,26,244,11,233,15.277777777777779,6.25,9.027777777777777,84.72222222222221,3.8194444444444446,80.90277777777779
E00046814,346,70,35,35,276,25,251,20.23121387283237,10.115606936416185,10.115606936416185,79.76878612716763,7.225433526011561,72.54335260115607
E00046815,317,71,24,47,246,11,235,22.397476340694006,7.570977917981073,14.826498422712934,77.60252365930599,3.4700315457413247,74.13249211356468
E00046816,323,58,24,34,265,15,250,17.956656346749224,7.430340557275541,10.526315789473683,82.04334365325077,4.643962848297214,77.39938080495357
E00046817,301,61,38,23,240,14,226,20.26578073089701,12.624584717607974,7.641196013289036,79.734219269103,4.651162790697675,75.08305647840533
E00046818,301,43,19,24,258,16,242,14.285714285714285,6.312292358803987,7.973421926910299,85.71428571428571,5.3156146179401995,80.39867109634552
E00046819,239,33,11,22,206,17,189,13.807531380753138,4.602510460251046,9.205020920502092,86.19246861924687,7.112970711297072,79.07949790794979
E00046820,332,55,21,34,277,14,263,16.566265060240966,6.325301204819277,10.240963855421686,83.43373493975903,4.216867469879518,79.21686746987952
E00046821,261,62,38,24,199,12,187,23.754789272030653,14.559386973180077,9.195402298850574,76.24521072796935,4.597701149425287,71.64750957854406
E00046822,194,61,27,34,133,13,120,31.443298969072163,13.917525773195877,17.525773195876287,68.55670103092784,6.701030927835052,61.855670103092784
E00046823,265,53,22,31,212,20,192,20,8.30188679245283,11.69811320754717,80,7.547169811320755,72.45283018867924
E00046824,265,52,23,29,213,12,201,19.622641509433965,8.679245283018867,10.943396226415095,80.37735849056604,4.528301886792453,75.84905660377359
E00046825,313,53,23,30,260,26,234,16.93290734824281,7.348242811501597,9.584664536741213,83.06709265175719,8.30670926517572,74.76038338658148
E00046826,294,53,20,33,241,25,216,18.027210884353742,6.802721088435375,11.224489795918368,81.97278911564626,8.503401360544217,73.46938775510205
E00046827,281,51,24,27,230,15,215,18.14946619217082,8.540925266903916,9.608540925266903,81.85053380782918,5.338078291814947,76.51245551601423
E00046828,324,63,27,36,261,21,240,19.444444444444446,8.333333333333332,11.11111111111111,80.55555555555556,6.481481481481481,74.07407407407408
E00046829,319,41,13,28,278,18,260,12.852664576802509,4.075235109717868,8.77742946708464,87.14733542319749,5.6426332288401255,81.50470219435736
E00046830,333,51,19,32,282,19,263,15.315315315315313,5.7057057057057055,9.60960960960961,84.68468468468468,5.7057057057057055,78.97897897897897
E00046831,365,49,22,27,316,20,296,13.424657534246576,6.027397260273973,7.397260273972603,86.57534246575342,5.47945205479452,81.0958904109589
E00046832,285,50,18,32,235,16,219,17.543859649122805,6.315789473684211,11.228070175438596,82.45614035087719,5.614035087719298,76.84210526315789
E00046833,278,39,12,27,239,18,221,14.028776978417264,4.316546762589928,9.712230215827338,85.97122302158273,6.474820143884892,79.49640287769785
E00046834,324,43,18,25,281,20,261,13.271604938271606,5.555555555555555,7.716049382716049,86.72839506172839,6.172839506172839,80.55555555555556
E00046835,300,57,37,20,243,11,232,19,12.333333333333334,6.666666666666667,81,3.6666666666666665,77.33333333333333
E00046837,320,40,11,29,280,21,259,12.5,3.4375000000000004,9.0625,87.5,6.5625,80.9375
E00046838,359,47,21,26,312,16,296,13.09192200557103,5.8495821727019495,7.242339832869081,86.90807799442896,4.456824512534819,82.45125348189416
E00046839,102,46,21,25,56,4,52,45.09803921568628,20.588235294117645,24.509803921568626,54.90196078431373,3.9215686274509802,50.98039215686274
E00046840,337,51,16,35,286,12,274,15.133531157270031,4.747774480712167,10.385756676557865,84.86646884272997,3.5608308605341246,81.30563798219585
E00046841,283,30,18,12,253,21,232,10.60070671378092,6.36042402826855,4.240282685512367,89.39929328621908,7.420494699646643,81.97879858657244
E00046842,367,55,26,29,312,17,295,14.986376021798364,7.084468664850137,7.901907356948229,85.01362397820164,4.632152588555858,80.38147138964578
E00046843,287,50,18,32,237,14,223,17.421602787456447,6.2717770034843205,11.149825783972126,82.57839721254355,4.878048780487805,77.70034843205575
E00046844,354,40,18,22,314,20,294,11.299435028248588,5.084745762711865,6.214689265536723,88.70056497175142,5.649717514124294,83.05084745762711
E00046845,287,52,26,26,235,25,210,18.118466898954704,9.059233449477352,9.059233449477352,81.8815331010453,8.710801393728223,73.17073170731707
E00046846,313,55,31,24,258,13,245,17.57188498402556,9.904153354632587,7.667731629392971,82.42811501597444,4.15335463258786,78.27476038338658
E00046847,282,37,14,23,245,21,224,13.120567375886525,4.964539007092199,8.156028368794328,86.87943262411348,7.446808510638298,79.43262411347519
E00046848,195,56,26,30,139,7,132,28.717948717948715,13.333333333333334,15.384615384615385,71.28205128205128,3.5897435897435894,67.6923076923077
E00046849,295,50,18,32,245,18,227,16.94915254237288,6.101694915254238,10.847457627118644,83.05084745762711,6.101694915254238,76.94915254237287
E00046850,291,63,38,25,228,24,204,21.649484536082475,13.058419243986256,8.59106529209622,78.35051546391753,8.24742268041237,70.10309278350515
E00046851,297,39,18,21,258,16,242,13.131313131313133,6.0606060606060606,7.07070707070707,86.86868686868688,5.387205387205387,81.48148148148148
E00046852,229,45,26,19,184,7,177,19.65065502183406,11.353711790393014,8.296943231441048,80.34934497816593,3.056768558951965,77.29257641921397
E00046853,438,73,38,35,365,11,354,16.666666666666664,8.67579908675799,7.9908675799086755,83.33333333333334,2.5114155251141552,80.82191780821918
E00046854,301,39,13,26,262,20,242,12.956810631229235,4.318936877076411,8.637873754152823,87.04318936877077,6.64451827242525,80.39867109634552
E00046855,603,110,80,30,493,28,465,18.24212271973466,13.266998341625207,4.975124378109453,81.75787728026535,4.643449419568822,77.11442786069652
E00046856,431,37,17,20,394,16,378,8.584686774941995,3.944315545243619,4.640371229698376,91.415313225058,3.7122969837587005,87.70301624129931
E00046857,353,46,24,22,307,22,285,13.031161473087819,6.79886685552408,6.232294617563739,86.96883852691218,6.232294617563739,80.73654390934844
E00046858,313,34,17,17,279,5,274,10.86261980830671,5.431309904153355,5.431309904153355,89.1373801916933,1.5974440894568689,87.53993610223642
E00046859,333,38,19,19,295,14,281,11.411411411411411,5.7057057057057055,5.7057057057057055,88.58858858858859,4.2042042042042045,84.38438438438438
E00046860,325,45,21,24,280,19,261,13.846153846153847,6.461538461538462,7.384615384615385,86.15384615384616,5.846153846153846,80.3076923076923
E00046861,352,54,19,35,298,9,289,15.340909090909092,5.3977272727272725,9.943181818181818,84.6590909090909,2.556818181818182,82.10227272727273
E00046862,282,34,19,15,248,14,234,12.056737588652481,6.73758865248227,5.319148936170213,87.94326241134752,4.964539007092199,82.97872340425532
E00046863,272,40,12,28,232,8,224,14.705882352941178,4.411764705882353,10.294117647058822,85.29411764705883,2.941176470588235,82.35294117647058
E00046864,317,47,20,27,270,15,255,14.826498422712934,6.309148264984227,8.517350157728707,85.17350157728707,4.73186119873817,80.4416403785489
E00046865,387,53,20,33,334,15,319,13.695090439276486,5.167958656330749,8.527131782945736,86.30490956072352,3.875968992248062,82.42894056847545
E00046866,338,52,25,27,286,17,269,15.384615384615385,7.396449704142012,7.988165680473373,84.61538461538461,5.029585798816568,79.58579881656804
E00046867,294,29,10,19,265,9,256,9.863945578231291,3.4013605442176873,6.462585034013606,90.1360544217687,3.061224489795918,87.07482993197279
E00046868,300,42,19,23,258,17,241,14.000000000000002,6.333333333333334,7.666666666666666,86,5.666666666666666,80.33333333333333
E00046869,433,51,24,27,382,16,366,11.778290993071593,5.542725173210162,6.235565819861432,88.2217090069284,3.695150115473441,84.52655889145497
E00046870,376,42,21,21,334,18,316,11.170212765957446,5.585106382978723,5.585106382978723,88.82978723404256,4.787234042553192,84.04255319148936
E00046871,337,45,19,26,292,17,275,13.353115727002967,5.637982195845697,7.71513353115727,86.64688427299704,5.044510385756676,81.60237388724035
E00046873,464,56,28,28,408,10,398,12.068965517241379,6.0344827586206895,6.0344827586206895,87.93103448275862,2.1551724137931036,85.77586206896551
E00046874,546,62,27,35,484,21,463,11.355311355311356,4.945054945054945,6.41025641025641,88.64468864468864,3.8461538461538463,84.7985347985348
E00046875,336,46,23,23,290,21,269,13.690476190476192,6.845238095238096,6.845238095238096,86.30952380952381,6.25,80.05952380952381
E00046876,319,38,12,26,281,31,250,11.912225705329153,3.761755485893417,8.150470219435736,88.08777429467085,9.717868338557993,78.36990595611285
E00046877,278,36,13,23,242,14,228,12.949640287769784,4.676258992805756,8.273381294964029,87.05035971223022,5.0359712230215825,82.01438848920863
E00046878,297,47,22,25,250,17,233,15.824915824915825,7.4074074074074066,8.417508417508419,84.17508417508418,5.723905723905724,78.45117845117845
E00046879,307,43,16,27,264,14,250,14.006514657980457,5.211726384364821,8.794788273615636,85.99348534201955,4.5602605863192185,81.43322475570032
E00046880,243,32,14,18,211,18,193,13.168724279835391,5.761316872427984,7.4074074074074066,86.83127572016461,7.4074074074074066,79.42386831275721
E00046881,343,47,24,23,296,17,279,13.702623906705538,6.997084548104956,6.705539358600583,86.29737609329446,4.956268221574344,81.34110787172013
E00046883,279,64,27,37,215,14,201,22.939068100358423,9.67741935483871,13.261648745519713,77.06093189964157,5.017921146953405,72.04301075268818
E00046884,364,51,17,34,313,20,293,14.010989010989011,4.670329670329671,9.340659340659341,85.98901098901099,5.4945054945054945,80.4945054945055
E00046885,361,70,22,48,291,28,263,19.390581717451525,6.094182825484765,13.29639889196676,80.60941828254848,7.756232686980609,72.85318559556787
E00046886,408,68,22,46,340,24,316,16.666666666666664,5.392156862745098,11.27450980392157,83.33333333333334,5.88235294117647,77.45098039215686
E00046887,299,49,18,31,250,18,232,16.387959866220736,6.0200668896321075,10.367892976588628,83.61204013377926,6.0200668896321075,77.59197324414716
E00046888,318,47,28,19,271,30,241,14.779874213836477,8.80503144654088,5.9748427672955975,85.22012578616352,9.433962264150944,75.78616352201259
E00046889,314,52,23,29,262,15,247,16.560509554140125,7.32484076433121,9.235668789808917,83.43949044585987,4.777070063694268,78.6624203821656
E00046890,335,68,27,41,267,19,248,20.298507462686565,8.059701492537313,12.238805970149254,79.70149253731343,5.6716417910447765,74.02985074626865
E00046891,340,62,30,32,278,17,261,18.235294117647058,8.823529411764707,9.411764705882353,81.76470588235294,5,76.76470588235294
E00046892,298,39,16,23,259,14,245,13.087248322147651,5.369127516778524,7.718120805369128,86.91275167785236,4.697986577181208,82.21476510067114
E00046893,289,56,24,32,233,23,210,19.377162629757784,8.304498269896193,11.072664359861593,80.62283737024222,7.958477508650519,72.66435986159169
E00046894,230,37,13,24,193,10,183,16.08695652173913,5.6521739130434785,10.434782608695652,83.91304347826087,4.3478260869565215,79.56521739130434
E00046895,279,52,25,27,227,6,221,18.63799283154122,8.960573476702509,9.67741935483871,81.36200716845879,2.1505376344086025,79.21146953405018
E00046896,328,51,17,34,277,13,264,15.548780487804878,5.182926829268292,10.365853658536585,84.45121951219512,3.9634146341463414,80.48780487804879
E00046897,345,53,22,31,292,26,266,15.36231884057971,6.3768115942028984,8.985507246376812,84.63768115942028,7.536231884057972,77.10144927536233
E00046898,298,51,30,21,247,21,226,17.114093959731544,10.06711409395973,7.046979865771812,82.88590604026845,7.046979865771812,75.83892617449665
E00046899,288,49,16,33,239,25,214,17.01388888888889,5.555555555555555,11.458333333333332,82.98611111111111,8.680555555555555,74.30555555555556
E00046900,259,36,10,26,223,17,206,13.8996138996139,3.861003861003861,10.038610038610038,86.10038610038609,6.563706563706563,79.53667953667953
E00046901,332,53,21,32,279,17,262,15.963855421686745,6.325301204819277,9.63855421686747,84.03614457831326,5.120481927710843,78.91566265060241
E00046902,372,34,11,23,338,21,317,9.13978494623656,2.956989247311828,6.182795698924731,90.86021505376344,5.64516129032258,85.21505376344086
E00046903,411,64,36,28,347,23,324,15.571776155717762,8.75912408759124,6.81265206812652,84.42822384428223,5.59610705596107,78.83211678832117
E00046904,398,45,15,30,353,30,323,11.306532663316583,3.7688442211055273,7.537688442211055,88.69346733668341,7.537688442211055,81.15577889447236
E00046905,312,45,17,28,267,17,250,14.423076923076922,5.448717948717949,8.974358974358974,85.57692307692307,5.448717948717949,80.12820512820514
E00046906,347,65,32,33,282,12,270,18.73198847262248,9.221902017291066,9.510086455331413,81.26801152737752,3.45821325648415,77.80979827089337
E00046907,278,86,45,41,192,6,186,30.935251798561154,16.18705035971223,14.748201438848922,69.06474820143885,2.158273381294964,66.90647482014388
E00046908,321,38,12,26,283,29,254,11.838006230529595,3.7383177570093453,8.09968847352025,88.1619937694704,9.034267912772584,79.12772585669782
E00046909,319,49,11,38,270,17,253,15.360501567398119,3.4482758620689653,11.912225705329153,84.63949843260188,5.329153605015674,79.3103448275862
E00046910,332,49,19,30,283,25,258,14.759036144578314,5.72289156626506,9.036144578313253,85.2409638554217,7.530120481927711,77.71084337349397
E00046911,469,52,23,29,417,20,397,11.087420042643924,4.904051172707889,6.183368869936034,88.91257995735607,4.264392324093817,84.64818763326227
E00046912,323,52,28,24,271,23,248,16.09907120743034,8.6687306501548,7.430340557275541,83.90092879256966,7.120743034055728,76.78018575851394
E00046913,297,35,14,21,262,17,245,11.784511784511785,4.713804713804714,7.07070707070707,88.21548821548821,5.723905723905724,82.49158249158249
E00046914,417,90,51,39,327,16,311,21.58273381294964,12.23021582733813,9.352517985611511,78.41726618705036,3.8369304556354913,74.58033573141488
E00046915,382,43,17,26,339,28,311,11.2565445026178,4.450261780104712,6.806282722513089,88.7434554973822,7.329842931937172,81.41361256544502
E00046916,290,38,16,22,252,17,235,13.10344827586207,5.517241379310345,7.586206896551724,86.89655172413792,5.862068965517241,81.03448275862068
E00046917,296,50,21,29,246,22,224,16.89189189189189,7.094594594594595,9.797297297297296,83.1081081081081,7.4324324324324325,75.67567567567568
E00046918,306,48,17,31,258,24,234,15.686274509803921,5.555555555555555,10.130718954248366,84.31372549019608,7.8431372549019605,76.47058823529412
E00046919,313,46,6,40,267,26,241,14.696485623003195,1.9169329073482428,12.779552715654951,85.3035143769968,8.30670926517572,76.99680511182109
E00046920,240,39,13,26,201,22,179,16.25,5.416666666666667,10.833333333333334,83.75,9.166666666666666,74.58333333333333
E00046921,334,48,19,29,286,21,265,14.37125748502994,5.688622754491018,8.682634730538922,85.62874251497006,6.287425149700598,79.34131736526946
E00046922,323,30,14,16,293,29,264,9.287925696594428,4.3343653250774,4.953560371517028,90.71207430340557,8.978328173374612,81.73374613003097
E00046923,406,64,27,37,342,31,311,15.763546798029557,6.65024630541872,9.113300492610838,84.23645320197043,7.635467980295567,76.60098522167488
E00046924,314,38,10,28,276,29,247,12.101910828025478,3.1847133757961785,8.9171974522293,87.89808917197452,9.235668789808917,78.6624203821656
E00046925,317,45,15,30,272,28,244,14.195583596214512,4.73186119873817,9.46372239747634,85.8044164037855,8.832807570977918,76.97160883280758
E00046926,245,28,3,25,217,24,193,11.428571428571429,1.2244897959183674,10.204081632653061,88.57142857142857,9.795918367346939,78.77551020408163
E00046927,310,49,22,27,261,25,236,15.806451612903224,7.096774193548387,8.709677419354838,84.19354838709677,8.064516129032258,76.12903225806451
E00046928,339,56,28,28,283,23,260,16.519174041297934,8.259587020648967,8.259587020648967,83.48082595870207,6.784660766961652,76.69616519174042
E00046929,330,45,18,27,285,27,258,13.636363636363635,5.454545454545454,8.181818181818182,86.36363636363636,8.181818181818182,78.18181818181819
E00046930,335,92,50,42,243,17,226,27.46268656716418,14.925373134328357,12.53731343283582,72.53731343283583,5.074626865671641,67.46268656716417
E00046931,321,44,13,31,277,15,262,13.707165109034266,4.049844236760125,9.657320872274143,86.29283489096574,4.672897196261682,81.61993769470405
E00046932,313,65,28,37,248,12,236,20.766773162939298,8.945686900958465,11.821086261980831,79.2332268370607,3.8338658146964857,75.39936102236422
E00046933,224,100,71,29,124,14,110,44.642857142857146,31.69642857142857,12.946428571428573,55.35714285714286,6.25,49.107142857142854
E00046934,375,61,37,24,314,27,287,16.266666666666666,9.866666666666667,6.4,83.73333333333333,7.199999999999999,76.53333333333333
E00046935,392,54,18,36,338,37,301,13.77551020408163,4.591836734693878,9.183673469387756,86.22448979591837,9.438775510204081,76.78571428571429
E00046936,354,52,25,27,302,20,282,14.689265536723164,7.062146892655368,7.627118644067797,85.31073446327684,5.649717514124294,79.66101694915254
E00046937,287,44,16,28,243,22,221,15.33101045296167,5.574912891986063,9.75609756097561,84.66898954703834,7.665505226480835,77.00348432055749
E00046938,328,47,14,33,281,34,247,14.329268292682926,4.2682926829268295,10.060975609756099,85.67073170731707,10.365853658536585,75.3048780487805
E00046939,266,49,16,33,217,16,201,18.421052631578945,6.015037593984962,12.406015037593985,81.57894736842105,6.015037593984962,75.56390977443608
E00046940,302,48,22,26,254,18,236,15.894039735099339,7.28476821192053,8.609271523178808,84.10596026490066,5.960264900662252,78.1456953642384
E00046941,366,59,35,24,307,30,277,16.120218579234972,9.562841530054644,6.557377049180328,83.87978142076503,8.19672131147541,75.68306010928961
E00046942,314,65,28,37,249,23,226,20.70063694267516,8.9171974522293,11.78343949044586,79.29936305732484,7.32484076433121,71.97452229299363
E00046943,339,64,24,40,275,31,244,18.87905604719764,7.079646017699115,11.799410029498524,81.12094395280236,9.144542772861357,71.976401179941
E00046944,305,49,20,29,256,14,242,16.065573770491802,6.557377049180328,9.508196721311474,83.93442622950819,4.590163934426229,79.34426229508198
E00046945,288,59,28,31,229,29,200,20.48611111111111,9.722222222222223,10.76388888888889,79.51388888888889,10.069444444444445,69.44444444444444
E00046946,326,78,32,46,248,16,232,23.92638036809816,9.815950920245399,14.11042944785276,76.07361963190185,4.9079754601226995,71.16564417177914
E00046947,305,54,22,32,251,16,235,17.704918032786885,7.213114754098362,10.491803278688524,82.29508196721311,5.245901639344262,77.04918032786885
E00046948,305,54,23,31,251,11,240,17.704918032786885,7.540983606557377,10.163934426229508,82.29508196721311,3.606557377049181,78.68852459016394
E00046949,331,64,38,26,267,18,249,19.335347432024168,11.48036253776435,7.854984894259818,80.66465256797582,5.438066465256798,75.22658610271903
E00046950,410,62,33,29,348,19,329,15.121951219512194,8.048780487804878,7.073170731707316,84.8780487804878,4.634146341463414,80.2439024390244
E00046951,278,36,16,20,242,13,229,12.949640287769784,5.755395683453238,7.1942446043165464,87.05035971223022,4.676258992805756,82.37410071942446
E00046952,308,72,38,34,236,8,228,23.376623376623375,12.337662337662337,11.03896103896104,76.62337662337663,2.5974025974025974,74.02597402597402
E00046953,343,65,31,34,278,16,262,18.950437317784257,9.037900874635568,9.912536443148689,81.04956268221575,4.664723032069971,76.38483965014578
E00046954,337,62,33,29,275,17,258,18.397626112759642,9.792284866468842,8.605341246290802,81.60237388724035,5.044510385756676,76.55786350148368
E00046955,308,45,16,29,263,21,242,14.61038961038961,5.194805194805195,9.415584415584416,85.3896103896104,6.8181818181818175,78.57142857142857
E00046956,279,78,44,34,201,11,190,27.956989247311824,15.770609318996415,12.186379928315413,72.04301075268818,3.942652329749104,68.10035842293907
E00046957,293,63,34,29,230,20,210,21.501706484641637,11.604095563139932,9.897610921501707,78.49829351535837,6.825938566552901,71.67235494880546
E00046958,286,59,26,33,227,12,215,20.62937062937063,9.090909090909092,11.538461538461538,79.37062937062937,4.195804195804196,75.17482517482517
E00046959,214,73,39,34,141,8,133,34.112149532710276,18.22429906542056,15.887850467289718,65.88785046728972,3.7383177570093453,62.149532710280376
E00046960,331,84,51,33,247,12,235,25.377643504531722,15.407854984894259,9.969788519637463,74.62235649546828,3.625377643504532,70.99697885196375
E00046961,362,53,21,32,309,24,285,14.64088397790055,5.801104972375691,8.83977900552486,85.35911602209944,6.629834254143646,78.72928176795581
E00046962,260,70,33,37,190,19,171,26.923076923076923,12.692307692307692,14.23076923076923,73.07692307692307,7.307692307692308,65.76923076923077
E00046963,322,71,35,36,251,9,242,22.049689440993788,10.869565217391305,11.180124223602485,77.95031055900621,2.7950310559006213,75.15527950310559
E00046964,302,53,21,32,249,16,233,17.549668874172188,6.95364238410596,10.596026490066226,82.45033112582782,5.298013245033113,77.15231788079471
E00046965,288,69,36,33,219,15,204,23.958333333333336,12.5,11.458333333333332,76.04166666666666,5.208333333333334,70.83333333333334
E00046966,311,49,23,26,262,12,250,15.755627009646304,7.395498392282958,8.360128617363344,84.2443729903537,3.858520900321544,80.38585209003215
E00046967,502,41,24,17,461,24,437,8.167330677290837,4.780876494023905,3.386454183266932,91.83266932270917,4.780876494023905,87.05179282868527
E00046968,271,34,22,12,237,14,223,12.546125461254611,8.118081180811808,4.428044280442804,87.4538745387454,5.166051660516605,82.28782287822878
E00046969,271,50,16,34,221,19,202,18.45018450184502,5.904059040590406,12.546125461254611,81.54981549815497,7.011070110701106,74.53874538745387
E00046970,225,36,15,21,189,17,172,16,6.666666666666667,9.333333333333334,84,7.555555555555555,76.44444444444444
E00046971,337,52,23,29,285,9,276,15.43026706231454,6.824925816023739,8.605341246290802,84.56973293768546,2.6706231454005933,81.89910979228486
E00046973,260,55,36,19,205,9,196,21.153846153846153,13.846153846153847,7.307692307692308,78.84615384615384,3.4615384615384617,75.38461538461539
E00046974,242,38,18,20,204,14,190,15.702479338842975,7.43801652892562,8.264462809917356,84.29752066115702,5.785123966942149,78.51239669421489
E00046975,446,95,54,41,351,7,344,21.300448430493272,12.10762331838565,9.192825112107624,78.69955156950674,1.5695067264573992,77.13004484304933
E00046976,369,48,25,23,321,8,313,13.008130081300814,6.775067750677506,6.233062330623306,86.99186991869918,2.168021680216802,84.82384823848238
E00046977,413,66,21,45,347,18,329,15.980629539951574,5.084745762711865,10.895883777239709,84.01937046004842,4.358353510895883,79.66101694915254
E00046978,336,35,18,17,301,22,279,10.416666666666668,5.357142857142857,5.059523809523809,89.58333333333334,6.547619047619048,83.03571428571429
E00046979,465,48,21,27,417,22,395,10.32258064516129,4.516129032258064,5.806451612903226,89.6774193548387,4.731182795698925,84.94623655913979
E00046980,502,64,32,32,438,8,430,12.749003984063744,6.374501992031872,6.374501992031872,87.25099601593625,1.593625498007968,85.65737051792829
E00046981,431,66,33,33,365,11,354,15.31322505800464,7.65661252900232,7.65661252900232,84.68677494199535,2.5522041763341066,82.13457076566125
E00046982,330,55,27,28,275,19,256,16.666666666666664,8.181818181818182,8.484848484848486,83.33333333333334,5.757575757575758,77.57575757575758
E00046983,262,50,22,28,212,11,201,19.083969465648856,8.396946564885496,10.687022900763358,80.91603053435115,4.198473282442748,76.7175572519084
E00046984,434,55,28,27,379,7,372,12.672811059907835,6.451612903225806,6.221198156682028,87.32718894009217,1.6129032258064515,85.71428571428571
E00046985,432,59,32,27,373,13,360,13.657407407407407,7.4074074074074066,6.25,86.3425925925926,3.009259259259259,83.33333333333334
E00046986,491,73,36,37,418,15,403,14.867617107942973,7.3319755600814664,7.535641547861507,85.13238289205702,3.054989816700611,82.07739307535643
E00046987,273,54,25,29,219,11,208,19.78021978021978,9.157509157509157,10.622710622710622,80.21978021978022,4.029304029304029,76.19047619047619
E00046988,330,52,26,26,278,18,260,15.757575757575756,7.878787878787878,7.878787878787878,84.24242424242424,5.454545454545454,78.78787878787878
E00046989,354,45,26,19,309,11,298,12.711864406779661,7.344632768361582,5.367231638418079,87.28813559322035,3.1073446327683616,84.18079096045197
E00046990,399,51,23,28,348,17,331,12.781954887218044,5.764411027568922,7.017543859649122,87.21804511278195,4.260651629072681,82.95739348370927
E00046991,369,44,24,20,325,13,312,11.924119241192411,6.504065040650407,5.420054200542006,88.07588075880759,3.523035230352303,84.5528455284553
E00046993,370,73,57,16,297,15,282,19.72972972972973,15.405405405405407,4.324324324324325,80.27027027027027,4.054054054054054,76.21621621621621
E00046994,410,65,23,42,345,20,325,15.853658536585366,5.609756097560976,10.24390243902439,84.14634146341463,4.878048780487805,79.26829268292683
E00046995,333,28,9,19,305,15,290,8.408408408408409,2.7027027027027026,5.7057057057057055,91.5915915915916,4.504504504504505,87.08708708708708
E00046996,426,59,29,30,367,21,346,13.849765258215962,6.807511737089202,7.042253521126761,86.15023474178403,4.929577464788732,81.2206572769953
E00046997,235,52,35,17,183,6,177,22.127659574468083,14.893617021276595,7.234042553191489,77.87234042553192,2.553191489361702,75.31914893617021
E00046998,486,71,32,39,415,16,399,14.609053497942387,6.584362139917696,8.024691358024691,85.39094650205762,3.292181069958848,82.09876543209876
E00046999,408,50,18,32,358,18,340,12.254901960784313,4.411764705882353,7.8431372549019605,87.74509803921569,4.411764705882353,83.33333333333334
E00047000,477,50,22,28,427,16,411,10.482180293501047,4.612159329140461,5.870020964360587,89.51781970649894,3.3542976939203357,86.16352201257862
E00047001,406,48,29,19,358,20,338,11.822660098522167,7.142857142857142,4.679802955665025,88.17733990147784,4.926108374384237,83.2512315270936
E00047002,473,57,24,33,416,18,398,12.050739957716702,5.07399577167019,6.976744186046512,87.9492600422833,3.8054968287526427,84.14376321353065
E00047003,382,51,18,33,331,18,313,13.350785340314136,4.712041884816754,8.638743455497382,86.64921465968587,4.712041884816754,81.93717277486911
E00047004,412,61,26,35,351,16,335,14.805825242718445,6.310679611650485,8.495145631067961,85.19417475728154,3.8834951456310676,81.31067961165049
E00047005,175,35,13,22,140,12,128,20,7.428571428571429,12.571428571428573,80,6.857142857142858,73.14285714285714
E00047006,295,90,60,30,205,9,196,30.508474576271187,20.33898305084746,10.16949152542373,69.49152542372882,3.050847457627119,66.44067796610169
E00047007,397,46,25,21,351,23,328,11.586901763224182,6.297229219143577,5.289672544080604,88.41309823677582,5.793450881612091,82.61964735516372
E00047009,453,56,33,23,397,17,380,12.362030905077264,7.28476821192053,5.077262693156733,87.63796909492274,3.7527593818984544,83.88520971302428
E00047010,244,30,7,23,214,18,196,12.295081967213115,2.8688524590163933,9.426229508196721,87.70491803278688,7.377049180327869,80.32786885245902
E00047011,327,36,12,24,291,14,277,11.009174311926607,3.669724770642202,7.339449541284404,88.9908256880734,4.281345565749235,84.70948012232415
E00047012,293,33,21,12,260,6,254,11.262798634812286,7.167235494880546,4.09556313993174,88.73720136518772,2.04778156996587,86.68941979522185
E00047013,400,56,28,28,344,16,328,14.000000000000002,7.000000000000001,7.000000000000001,86,4,82
E00047014,322,81,45,36,241,20,221,25.15527950310559,13.975155279503104,11.180124223602485,74.84472049689441,6.211180124223603,68.63354037267081
E00047015,350,40,17,23,310,10,300,11.428571428571429,4.857142857142857,6.571428571428571,88.57142857142857,2.857142857142857,85.71428571428571
E00047016,316,36,19,17,280,15,265,11.39240506329114,6.012658227848101,5.379746835443038,88.60759493670885,4.746835443037975,83.86075949367088
E00047017,234,27,12,15,207,16,191,11.538461538461538,5.128205128205128,6.41025641025641,88.46153846153845,6.837606837606838,81.62393162393163
E00047019,373,60,24,36,313,15,298,16.0857908847185,6.434316353887399,9.651474530831099,83.91420911528151,4.021447721179625,79.89276139410187
E00047020,326,55,25,30,271,7,264,16.87116564417178,7.668711656441718,9.202453987730062,83.12883435582822,2.147239263803681,80.98159509202453
E00047021,243,38,15,23,205,10,195,15.637860082304528,6.172839506172839,9.465020576131687,84.36213991769547,4.11522633744856,80.24691358024691
E00047022,408,54,24,30,354,13,341,13.23529411764706,5.88235294117647,7.352941176470589,86.76470588235294,3.1862745098039214,83.57843137254902
E00047024,305,46,21,25,259,9,250,15.081967213114755,6.885245901639345,8.19672131147541,84.91803278688525,2.9508196721311477,81.9672131147541
E00047025,580,101,42,59,479,27,452,17.413793103448274,7.241379310344828,10.172413793103448,82.58620689655173,4.655172413793104,77.93103448275862
E00047026,377,83,58,25,294,15,279,22.015915119363395,15.384615384615385,6.631299734748011,77.9840848806366,3.978779840848806,74.0053050397878
E00047027,440,51,24,27,389,18,371,11.59090909090909,5.454545454545454,6.136363636363637,88.4090909090909,4.090909090909091,84.31818181818181
E00047028,365,55,28,27,310,10,300,15.068493150684931,7.671232876712329,7.397260273972603,84.93150684931507,2.73972602739726,82.1917808219178
E00047030,286,42,20,22,244,8,236,14.685314685314685,6.993006993006993,7.6923076923076925,85.3146853146853,2.797202797202797,82.51748251748252
E00047031,372,43,22,21,329,16,313,11.559139784946236,5.913978494623656,5.64516129032258,88.44086021505376,4.301075268817205,84.13978494623656
E00047032,401,54,25,29,347,8,339,13.466334164588527,6.234413965087282,7.231920199501247,86.53366583541147,1.99501246882793,84.53865336658353
E00047033,414,49,26,23,365,14,351,11.83574879227053,6.280193236714976,5.555555555555555,88.16425120772948,3.3816425120772946,84.78260869565217
E00047034,371,44,13,31,327,10,317,11.859838274932615,3.5040431266846364,8.355795148247978,88.14016172506739,2.6954177897574128,85.44474393530997
E00047035,449,66,32,34,383,15,368,14.699331848552339,7.126948775055679,7.57238307349666,85.30066815144765,3.34075723830735,81.9599109131403
E00047036,364,46,22,24,318,12,306,12.637362637362637,6.043956043956044,6.593406593406594,87.36263736263736,3.296703296703297,84.06593406593407
E00047037,349,45,25,20,304,14,290,12.893982808022923,7.163323782234957,5.730659025787966,87.10601719197709,4.011461318051576,83.0945558739255
E00047038,284,40,19,21,244,11,233,14.084507042253522,6.690140845070422,7.394366197183098,85.91549295774648,3.873239436619718,82.04225352112677
E00047039,345,44,18,26,301,9,292,12.753623188405797,5.217391304347826,7.536231884057972,87.2463768115942,2.608695652173913,84.63768115942028
E00047040,373,44,23,21,329,8,321,11.796246648793565,6.166219839142091,5.630026809651475,88.20375335120644,2.1447721179624666,86.05898123324397
E00047041,359,76,35,41,283,25,258,21.16991643454039,9.749303621169917,11.420612813370473,78.8300835654596,6.963788300835655,71.86629526462396
E00047042,330,46,27,19,284,8,276,13.939393939393941,8.181818181818182,5.757575757575758,86.06060606060606,2.4242424242424243,83.63636363636363
E00047043,487,88,48,40,399,22,377,18.069815195071868,9.856262833675565,8.213552361396303,81.93018480492813,4.517453798767967,77.41273100616016
E00047044,282,54,22,32,228,4,224,19.148936170212767,7.801418439716312,11.347517730496454,80.85106382978722,1.4184397163120568,79.43262411347519
E00047045,313,36,18,18,277,11,266,11.501597444089457,5.7507987220447285,5.7507987220447285,88.49840255591054,3.5143769968051117,84.98402555910543
E00047047,341,52,25,27,289,15,274,15.249266862170089,7.331378299120235,7.9178885630498534,84.75073313782991,4.398826979472141,80.35190615835776
E00047048,342,62,37,25,280,18,262,18.128654970760234,10.818713450292398,7.309941520467836,81.87134502923976,5.263157894736842,76.60818713450293
E00047049,352,36,16,20,316,6,310,10.227272727272728,4.545454545454546,5.681818181818182,89.77272727272727,1.7045454545454544,88.06818181818183
E00047050,386,46,24,22,340,22,318,11.917098445595855,6.217616580310881,5.699481865284974,88.08290155440415,5.699481865284974,82.38341968911918
E00047051,434,62,32,30,372,18,354,14.285714285714285,7.373271889400922,6.912442396313365,85.71428571428571,4.147465437788019,81.5668202764977
E00047052,379,54,29,25,325,13,312,14.24802110817942,7.651715039577836,6.596306068601583,85.75197889182058,3.430079155672823,82.32189973614776
E00047053,485,77,37,40,408,12,396,15.876288659793813,7.628865979381444,8.24742268041237,84.12371134020619,2.4742268041237114,81.64948453608247
E00047054,477,63,30,33,414,12,402,13.20754716981132,6.289308176100629,6.918238993710692,86.79245283018868,2.515723270440252,84.27672955974843
E00047055,386,56,23,33,330,11,319,14.507772020725387,5.958549222797927,8.549222797927461,85.49222797927462,2.849740932642487,82.64248704663213
E00047056,336,72,27,45,264,20,244,21.428571428571427,8.035714285714286,13.392857142857142,78.57142857142857,5.952380952380952,72.61904761904762
E00047057,548,88,18,70,460,42,418,16.05839416058394,3.2846715328467155,12.773722627737227,83.94160583941606,7.664233576642336,76.27737226277372
E00047058,434,71,15,56,363,30,333,16.359447004608295,3.4562211981566824,12.903225806451612,83.6405529953917,6.912442396313365,76.72811059907833
E00047059,304,60,24,36,244,15,229,19.736842105263158,7.894736842105263,11.842105263157894,80.26315789473685,4.934210526315789,75.32894736842105
E00047060,425,69,16,53,356,35,321,16.235294117647058,3.7647058823529407,12.470588235294118,83.76470588235294,8.235294117647058,75.52941176470588
E00047061,236,66,29,37,170,18,152,27.966101694915253,12.288135593220339,15.677966101694915,72.03389830508475,7.627118644067797,64.40677966101694
E00047062,351,27,13,14,324,24,300,7.6923076923076925,3.7037037037037033,3.9886039886039883,92.3076923076923,6.837606837606838,85.47008547008546
E00047063,479,81,11,70,398,40,358,16.910229645093946,2.2964509394572024,14.613778705636744,83.08977035490605,8.350730688935283,74.73903966597078
E00047064,254,42,18,24,212,22,190,16.535433070866144,7.086614173228346,9.448818897637794,83.46456692913385,8.661417322834646,74.80314960629921
E00047065,336,70,24,46,266,21,245,20.833333333333336,7.142857142857142,13.690476190476192,79.16666666666666,6.25,72.91666666666666
E00047066,283,44,14,30,239,21,218,15.547703180212014,4.946996466431095,10.60070671378092,84.45229681978799,7.420494699646643,77.03180212014135
E00047067,560,72,10,62,488,48,440,12.857142857142856,1.7857142857142856,11.071428571428571,87.14285714285714,8.571428571428571,78.57142857142857
E00047068,354,53,15,38,301,20,281,14.971751412429379,4.23728813559322,10.734463276836157,85.02824858757062,5.649717514124294,79.37853107344633
E00047069,253,37,12,25,216,17,199,14.624505928853754,4.743083003952568,9.881422924901186,85.37549407114624,6.719367588932807,78.65612648221344
E00047070,317,46,15,31,271,19,252,14.511041009463725,4.73186119873817,9.779179810725552,85.48895899053628,5.993690851735016,79.49526813880126
E00047071,316,44,12,32,272,16,256,13.924050632911392,3.79746835443038,10.126582278481013,86.07594936708861,5.063291139240507,81.0126582278481
E00047072,289,55,14,41,234,25,209,19.031141868512112,4.844290657439446,14.186851211072666,80.96885813148789,8.650519031141869,72.31833910034602
E00047073,298,41,15,26,257,24,233,13.758389261744966,5.033557046979865,8.724832214765101,86.24161073825503,8.053691275167784,78.18791946308725
E00047074,609,105,21,84,504,58,446,17.24137931034483,3.4482758620689653,13.793103448275861,82.75862068965517,9.523809523809524,73.23481116584564
E00047075,397,95,32,63,302,35,267,23.929471032745592,8.060453400503778,15.869017632241814,76.0705289672544,8.816120906801007,67.2544080604534
E00047076,619,126,28,98,493,53,440,20.35541195476575,4.523424878836833,15.831987075928918,79.64458804523424,8.562197092084006,71.08239095315024
E00047077,433,60,22,38,373,18,355,13.856812933025402,5.080831408775981,8.775981524249422,86.14318706697459,4.157043879907621,81.98614318706697
E00047078,344,35,11,24,309,16,293,10.174418604651162,3.1976744186046515,6.976744186046512,89.82558139534885,4.651162790697675,85.17441860465115
E00047079,272,54,28,26,218,17,201,19.852941176470587,10.294117647058822,9.558823529411764,80.14705882352942,6.25,73.89705882352942
E00047080,211,39,4,35,172,26,146,18.48341232227488,1.8957345971563981,16.587677725118482,81.51658767772511,12.322274881516588,69.19431279620854
E00047081,418,77,27,50,341,32,309,18.421052631578945,6.4593301435406705,11.961722488038278,81.57894736842105,7.655502392344498,73.92344497607655
E00047082,370,56,17,39,314,21,293,15.135135135135137,4.594594594594595,10.54054054054054,84.86486486486487,5.675675675675676,79.1891891891892
E00047083,325,92,48,44,233,27,206,28.307692307692307,14.76923076923077,13.538461538461538,71.6923076923077,8.307692307692308,63.38461538461539
E00047084,181,28,5,23,153,7,146,15.469613259668508,2.7624309392265194,12.70718232044199,84.5303867403315,3.867403314917127,80.66298342541437
E00047085,504,173,72,101,331,27,304,34.32539682539682,14.285714285714285,20.03968253968254,65.67460317460318,5.357142857142857,60.317460317460316
E00047086,359,57,19,38,302,34,268,15.87743732590529,5.2924791086350975,10.584958217270195,84.12256267409471,9.47075208913649,74.65181058495823
E00047087,331,63,22,41,268,23,245,19.033232628398792,6.646525679758309,12.386706948640484,80.96676737160121,6.948640483383686,74.01812688821752
E00047089,287,68,30,38,219,18,201,23.693379790940767,10.452961672473867,13.240418118466899,76.30662020905923,6.2717770034843205,70.03484320557492
E00047090,406,51,22,29,355,30,325,12.561576354679804,5.41871921182266,7.142857142857142,87.4384236453202,7.389162561576355,80.04926108374384
E00047091,395,73,24,49,322,25,297,18.48101265822785,6.075949367088607,12.405063291139239,81.51898734177216,6.329113924050633,75.18987341772151
E00047092,301,46,15,31,255,24,231,15.282392026578073,4.983388704318937,10.299003322259136,84.71760797342192,7.973421926910299,76.74418604651163
E00047093,356,50,20,30,306,34,272,14.04494382022472,5.617977528089887,8.426966292134832,85.95505617977528,9.550561797752808,76.40449438202246
E00047094,357,53,17,36,304,30,274,14.84593837535014,4.761904761904762,10.084033613445378,85.15406162464986,8.403361344537815,76.75070028011206
E00047095,319,80,33,47,239,22,217,25.07836990595611,10.344827586206897,14.733542319749215,74.92163009404389,6.896551724137931,68.02507836990596
E00047096,291,41,16,25,250,26,224,14.0893470790378,5.498281786941581,8.59106529209622,85.91065292096219,8.934707903780069,76.97594501718214
E00047097,323,76,41,35,247,19,228,23.52941176470588,12.693498452012383,10.8359133126935,76.47058823529412,5.88235294117647,70.58823529411765
E00047098,332,74,32,42,258,25,233,22.289156626506024,9.63855421686747,12.650602409638553,77.71084337349397,7.530120481927711,70.18072289156626
E00047099,316,63,26,37,253,26,227,19.936708860759495,8.227848101265822,11.708860759493671,80.0632911392405,8.227848101265822,71.83544303797468
E00047100,376,56,17,39,320,38,282,14.893617021276595,4.521276595744681,10.372340425531915,85.1063829787234,10.106382978723403,75
E00047101,210,37,11,26,173,15,158,17.61904761904762,5.238095238095238,12.380952380952381,82.38095238095238,7.142857142857142,75.23809523809524
E00047102,299,89,51,38,210,24,186,29.76588628762542,17.05685618729097,12.709030100334449,70.23411371237458,8.02675585284281,62.207357859531776
E00047103,363,129,60,69,234,19,215,35.53719008264463,16.528925619834713,19.00826446280992,64.46280991735537,5.234159779614325,59.22865013774105
E00047104,272,33,17,16,239,22,217,12.132352941176471,6.25,5.88235294117647,87.86764705882352,8.088235294117647,79.77941176470588
E00047105,360,88,49,39,272,24,248,24.444444444444443,13.61111111111111,10.833333333333334,75.55555555555556,6.666666666666667,68.88888888888889
E00047107,589,92,43,49,497,36,461,15.619694397283531,7.30050933786078,8.31918505942275,84.38030560271646,6.112054329371817,78.26825127334465
E00047109,564,94,11,83,470,46,424,16.666666666666664,1.950354609929078,14.716312056737587,83.33333333333334,8.156028368794328,75.177304964539
E00047110,334,87,55,32,247,40,207,26.047904191616766,16.46706586826347,9.580838323353294,73.95209580838323,11.976047904191617,61.97604790419161
E00047112,290,20,6,14,270,25,245,6.896551724137931,2.0689655172413794,4.827586206896552,93.10344827586206,8.620689655172415,84.48275862068965
E00047113,323,76,30,46,247,22,225,23.52941176470588,9.287925696594428,14.241486068111456,76.47058823529412,6.811145510835913,69.65944272445822
E00047116,459,61,10,51,398,32,366,13.28976034858388,2.178649237472767,11.11111111111111,86.71023965141612,6.971677559912854,79.73856209150327
E00047117,563,98,18,80,465,37,428,17.406749555950267,3.197158081705151,14.209591474245114,82.59325044404974,6.571936056838366,76.02131438721138
E00047118,304,58,29,29,246,9,237,19.078947368421055,9.539473684210527,9.539473684210527,80.92105263157895,2.9605263157894735,77.96052631578947
E00047119,250,31,6,25,219,22,197,12.4,2.4,10,87.6,8.799999999999999,78.8
E00047120,277,48,21,27,229,24,205,17.328519855595665,7.581227436823104,9.747292418772563,82.67148014440433,8.664259927797833,74.0072202166065
E00047121,438,82,26,56,356,34,322,18.72146118721461,5.93607305936073,12.785388127853881,81.27853881278538,7.76255707762557,73.51598173515981
E00047123,284,55,22,33,229,14,215,19.366197183098592,7.746478873239436,11.619718309859154,80.63380281690141,4.929577464788732,75.70422535211267
E00047124,500,75,20,55,425,44,381,15,4,11,85,8.799999999999999,76.2
E00047125,373,67,15,52,306,22,284,17.962466487935657,4.021447721179625,13.941018766756033,82.03753351206434,5.898123324396782,76.13941018766755
E00047126,303,50,18,32,253,20,233,16.5016501650165,5.9405940594059405,10.561056105610561,83.4983498349835,6.6006600660066,76.89768976897689
E00047127,334,48,11,37,286,31,255,14.37125748502994,3.293413173652695,11.077844311377245,85.62874251497006,9.281437125748502,76.34730538922156
E00047128,343,44,16,28,299,23,276,12.82798833819242,4.664723032069971,8.16326530612245,87.17201166180757,6.705539358600583,80.466472303207
E00047129,323,89,53,36,234,32,202,27.55417956656347,16.408668730650156,11.145510835913312,72.44582043343654,9.907120743034056,62.538699690402474
E00047130,293,70,32,38,223,24,199,23.890784982935152,10.921501706484642,12.969283276450511,76.10921501706484,8.19112627986348,67.91808873720136
E00047134,252,39,11,28,213,21,192,15.476190476190476,4.365079365079365,11.11111111111111,84.52380952380952,8.333333333333332,76.19047619047619
E00047136,384,117,69,48,267,24,243,30.46875,17.96875,12.5,69.53125,6.25,63.28125
E00047137,379,71,43,28,308,9,299,18.733509234828496,11.345646437994723,7.387862796833773,81.26649076517151,2.3746701846965697,78.89182058047494
E00047138,393,80,40,40,313,12,301,20.35623409669211,10.178117048346055,10.178117048346055,79.64376590330788,3.0534351145038165,76.59033078880407
E00047139,332,50,20,30,282,18,264,15.060240963855422,6.024096385542169,9.036144578313253,84.93975903614458,5.421686746987952,79.51807228915662
E00047140,254,49,18,31,205,21,184,19.291338582677163,7.086614173228346,12.204724409448819,80.70866141732283,8.267716535433072,72.44094488188976
E00047141,291,53,23,30,238,15,223,18.213058419243985,7.903780068728522,10.309278350515463,81.78694158075601,5.154639175257731,76.6323024054983
E00047142,253,75,34,41,178,12,166,29.64426877470356,13.438735177865613,16.205533596837945,70.35573122529645,4.743083003952568,65.61264822134387
E00047143,266,51,22,29,215,24,191,19.172932330827066,8.270676691729323,10.902255639097744,80.82706766917293,9.022556390977442,71.80451127819549
E00047144,261,57,24,33,204,11,193,21.839080459770116,9.195402298850574,12.643678160919542,78.16091954022988,4.21455938697318,73.9463601532567
E00047145,424,80,40,40,344,21,323,18.867924528301888,9.433962264150944,9.433962264150944,81.13207547169812,4.952830188679245,76.17924528301887
E00047146,264,63,35,28,201,10,191,23.863636363636363,13.257575757575758,10.606060606060606,76.13636363636364,3.787878787878788,72.34848484848484
E00047147,308,60,31,29,248,17,231,19.480519480519483,10.064935064935066,9.415584415584416,80.51948051948052,5.51948051948052,75
E00047148,329,59,22,37,270,13,257,17.933130699088146,6.68693009118541,11.246200607902736,82.06686930091185,3.951367781155015,78.11550151975683
E00047149,308,84,51,33,224,18,206,27.27272727272727,16.558441558441558,10.714285714285714,72.72727272727273,5.844155844155844,66.88311688311688
E00047150,323,62,30,32,261,16,245,19.195046439628484,9.287925696594428,9.907120743034056,80.80495356037152,4.953560371517028,75.85139318885449
E00047151,309,60,26,34,249,17,232,19.41747572815534,8.414239482200648,11.003236245954692,80.58252427184466,5.501618122977346,75.08090614886731
E00047152,382,64,30,34,318,33,285,16.75392670157068,7.853403141361256,8.900523560209423,83.24607329842932,8.638743455497382,74.60732984293193
E00047153,324,64,25,39,260,13,247,19.753086419753085,7.716049382716049,12.037037037037036,80.24691358024691,4.012345679012346,76.23456790123457
E00047154,299,58,21,37,241,10,231,19.39799331103679,7.023411371237458,12.37458193979933,80.60200668896321,3.3444816053511706,77.25752508361204
E00047155,282,42,20,22,240,17,223,14.893617021276595,7.092198581560284,7.801418439716312,85.1063829787234,6.028368794326241,79.07801418439716
E00047156,351,79,29,50,272,8,264,22.507122507122507,8.262108262108262,14.245014245014245,77.49287749287748,2.2792022792022792,75.21367521367522
E00047157,311,66,34,32,245,11,234,21.221864951768488,10.932475884244374,10.289389067524116,78.77813504823152,3.536977491961415,75.2411575562701
E00047158,321,85,35,50,236,13,223,26.479750778816197,10.903426791277258,15.57632398753894,73.5202492211838,4.049844236760125,69.47040498442367
E00047159,284,61,37,24,223,14,209,21.47887323943662,13.028169014084506,8.450704225352112,78.52112676056338,4.929577464788732,73.59154929577466
E00047160,377,78,33,45,299,9,290,20.689655172413794,8.753315649867375,11.936339522546419,79.3103448275862,2.3872679045092835,76.92307692307693
E00047161,294,78,39,39,216,12,204,26.53061224489796,13.26530612244898,13.26530612244898,73.46938775510205,4.081632653061225,69.38775510204081
E00047162,307,68,33,35,239,8,231,22.149837133550488,10.749185667752444,11.400651465798045,77.85016286644951,2.6058631921824107,75.2442996742671
E00047163,309,77,38,39,232,11,221,24.919093851132686,12.297734627831716,12.62135922330097,75.08090614886731,3.559870550161812,71.52103559870551
E00047164,301,67,28,39,234,15,219,22.259136212624583,9.30232558139535,12.956810631229235,77.74086378737542,4.983388704318937,72.75747508305648
E00047165,301,62,25,37,239,12,227,20.59800664451827,8.305647840531561,12.29235880398671,79.40199335548172,3.9867109634551494,75.41528239202658
E00047166,205,46,15,31,159,15,144,22.439024390243905,7.317073170731707,15.121951219512194,77.5609756097561,7.317073170731707,70.24390243902438
E00047167,278,54,16,38,224,12,212,19.424460431654676,5.755395683453238,13.66906474820144,80.57553956834532,4.316546762589928,76.2589928057554
E00047168,298,60,31,29,238,16,222,20.13422818791946,10.40268456375839,9.731543624161073,79.86577181208054,5.369127516778524,74.49664429530202
E00047169,244,68,39,29,176,10,166,27.86885245901639,15.983606557377051,11.885245901639344,72.1311475409836,4.098360655737705,68.0327868852459
E00047170,267,60,28,32,207,27,180,22.47191011235955,10.486891385767791,11.985018726591761,77.52808988764045,10.112359550561797,67.41573033707866
E00047171,248,69,35,34,179,18,161,27.82258064516129,14.112903225806454,13.709677419354838,72.17741935483872,7.258064516129033,64.91935483870968
E00047172,343,104,64,40,239,19,220,30.32069970845481,18.658892128279884,11.661807580174926,69.67930029154519,5.539358600583091,64.1399416909621
E00047173,274,70,39,31,204,13,191,25.547445255474454,14.233576642335766,11.313868613138686,74.45255474452554,4.744525547445255,69.7080291970803
E00047174,280,56,24,32,224,21,203,20,8.571428571428571,11.428571428571429,80,7.5,72.5
E00047175,239,62,31,31,177,12,165,25.94142259414226,12.97071129707113,12.97071129707113,74.05857740585773,5.02092050209205,69.0376569037657
E00047176,309,66,36,30,243,19,224,21.35922330097087,11.650485436893204,9.70873786407767,78.64077669902912,6.148867313915858,72.49190938511327
E00047177,316,69,35,34,247,21,226,21.835443037974684,11.075949367088606,10.759493670886076,78.16455696202532,6.6455696202531636,71.51898734177216
E00047178,287,64,27,37,223,20,203,22.299651567944252,9.40766550522648,12.89198606271777,77.70034843205575,6.968641114982578,70.73170731707317
E00047179,238,69,39,30,169,8,161,28.991596638655466,16.386554621848738,12.605042016806722,71.00840336134453,3.361344537815126,67.64705882352942
E00047180,294,70,35,35,224,14,210,23.809523809523807,11.904761904761903,11.904761904761903,76.19047619047619,4.761904761904762,71.42857142857143
E00047181,335,79,36,43,256,20,236,23.582089552238806,10.746268656716417,12.835820895522387,76.4179104477612,5.970149253731343,70.44776119402985
E00047182,273,46,23,23,227,18,209,16.84981684981685,8.424908424908425,8.424908424908425,83.15018315018315,6.593406593406594,76.55677655677655
E00047183,326,69,35,34,257,18,239,21.165644171779142,10.736196319018406,10.429447852760736,78.83435582822086,5.521472392638037,73.31288343558282
E00047184,210,73,41,32,137,7,130,34.76190476190476,19.523809523809526,15.238095238095239,65.23809523809524,3.3333333333333335,61.904761904761905
E00047185,273,55,22,33,218,9,209,20.146520146520146,8.058608058608058,12.087912087912088,79.85347985347985,3.296703296703297,76.55677655677655
E00047186,265,64,38,26,201,13,188,24.150943396226417,14.339622641509434,9.811320754716983,75.84905660377359,4.905660377358491,70.94339622641509
E00047187,311,50,27,23,261,13,248,16.077170418006432,8.681672025723474,7.395498392282958,83.92282958199357,4.180064308681672,79.7427652733119
E00047188,220,64,30,34,156,11,145,29.09090909090909,13.636363636363635,15.454545454545453,70.9090909090909,5,65.9090909090909
E00047189,314,96,53,43,218,15,203,30.573248407643312,16.878980891719745,13.694267515923567,69.42675159235668,4.777070063694268,64.64968152866241
E00047190,266,68,37,31,198,8,190,25.563909774436087,13.909774436090224,11.654135338345863,74.43609022556392,3.007518796992481,71.42857142857143
E00047191,271,67,35,32,204,11,193,24.723247232472325,12.915129151291513,11.808118081180812,75.27675276752768,4.059040590405904,71.21771217712177
E00047192,257,69,39,30,188,0,188,26.848249027237355,15.17509727626459,11.673151750972762,73.15175097276264,0,73.15175097276264
E00047193,383,68,40,28,315,11,304,17.75456919060052,10.443864229765012,7.310704960835509,82.24543080939948,2.8720626631853787,79.37336814621409
E00047194,461,91,44,47,370,28,342,19.739696312364423,9.544468546637743,10.195227765726681,80.26030368763557,6.073752711496746,74.18655097613883
E00047195,285,72,39,33,213,13,200,25.263157894736842,13.684210526315791,11.578947368421053,74.73684210526315,4.56140350877193,70.17543859649122
E00047196,194,37,21,16,157,10,147,19.072164948453608,10.824742268041238,8.24742268041237,80.9278350515464,5.154639175257731,75.77319587628865
E00047198,314,76,38,38,238,22,216,24.203821656050955,12.101910828025478,12.101910828025478,75.79617834394905,7.006369426751593,68.78980891719745
E00047199,388,78,37,41,310,22,288,20.103092783505154,9.536082474226804,10.56701030927835,79.89690721649485,5.670103092783505,74.22680412371135
E00047200,253,45,19,26,208,12,196,17.786561264822133,7.5098814229249005,10.276679841897234,82.21343873517787,4.743083003952568,77.4703557312253
E00047201,348,75,36,39,273,21,252,21.551724137931032,10.344827586206897,11.206896551724139,78.44827586206897,6.0344827586206895,72.41379310344827
E00047202,308,59,34,25,249,18,231,19.155844155844157,11.03896103896104,8.116883116883116,80.84415584415584,5.844155844155844,75
E00047203,273,85,44,41,188,11,177,31.135531135531135,16.117216117216117,15.018315018315018,68.86446886446886,4.029304029304029,64.83516483516483
E00047204,213,52,23,29,161,9,152,24.413145539906104,10.7981220657277,13.615023474178404,75.5868544600939,4.225352112676056,71.36150234741784
E00047205,347,74,36,38,273,21,252,21.32564841498559,10.37463976945245,10.951008645533141,78.6743515850144,6.051873198847262,72.62247838616715
E00047206,324,71,33,38,253,12,241,21.91358024691358,10.185185185185185,11.728395061728394,78.08641975308642,3.7037037037037033,74.38271604938271
E00047208,350,75,38,37,275,17,258,21.428571428571427,10.857142857142858,10.571428571428571,78.57142857142857,4.857142857142857,73.71428571428571
E00047209,299,66,38,28,233,16,217,22.073578595317723,12.709030100334449,9.364548494983277,77.92642140468227,5.351170568561873,72.5752508361204
E00047210,337,76,36,40,261,12,249,22.551928783382788,10.682492581602373,11.869436201780417,77.44807121661721,3.5608308605341246,73.88724035608308
E00047211,339,78,37,41,261,20,241,23.008849557522122,10.914454277286136,12.094395280235988,76.99115044247787,5.899705014749262,71.09144542772862
E00047212,218,69,30,39,149,11,138,31.65137614678899,13.761467889908257,17.889908256880734,68.34862385321101,5.045871559633028,63.30275229357798
E00047213,366,126,78,48,240,11,229,34.42622950819672,21.311475409836063,13.114754098360656,65.57377049180327,3.0054644808743167,62.568306010928964
E00047214,331,63,24,39,268,26,242,19.033232628398792,7.250755287009064,11.782477341389729,80.96676737160121,7.854984894259818,73.111782477341393
E00047215,324,81,49,32,243,18,225,25,15.123456790123457,9.876543209876543,75,5.555555555555555,69.44444444444444
E00047216,341,89,42,47,252,11,241,26.099706744868033,12.316715542521994,13.78299120234604,73.90029325513197,3.225806451612903,70.67448680351906
E00047217,346,70,42,28,276,9,267,20.23121387283237,12.138728323699421,8.092485549132949,79.76878612716763,2.601156069364162,77.16763005780348
E00047218,332,76,47,29,256,14,242,22.89156626506024,14.156626506024098,8.734939759036145,77.10843373493977,4.216867469879518,72.89156626506023
E00047219,331,68,32,36,263,9,254,20.54380664652568,9.667673716012084,10.876132930513595,79.45619335347432,2.719033232628399,76.73716012084593
E00047220,243,39,13,26,204,16,188,16.049382716049383,5.349794238683128,10.699588477366255,83.9506172839506,6.584362139917696,77.36625514403292
E00047221,246,49,21,28,197,19,178,19.91869918699187,8.536585365853659,11.38211382113821,80.08130081300813,7.723577235772358,72.35772357723577
E00047222,398,66,26,40,332,27,305,16.582914572864322,6.532663316582915,10.050251256281408,83.41708542713567,6.78391959798995,76.63316582914574
E00047223,342,56,21,35,286,18,268,16.374269005847953,6.140350877192982,10.23391812865497,83.62573099415205,5.263157894736842,78.3625730994152
E00047224,326,52,19,33,274,18,256,15.950920245398773,5.828220858895705,10.122699386503067,84.04907975460122,5.521472392638037,78.52760736196319
E00047225,358,46,16,30,312,16,296,12.849162011173185,4.4692737430167595,8.379888268156424,87.15083798882681,4.4692737430167595,82.68156424581005
E00047227,297,75,35,40,222,11,211,25.252525252525253,11.784511784511785,13.468013468013467,74.74747474747475,3.7037037037037033,71.04377104377105
E00047228,357,61,28,33,296,35,261,17.086834733893557,7.8431372549019605,9.243697478991598,82.91316526610645,9.803921568627452,73.10924369747899
E00047229,306,51,23,28,255,25,230,16.666666666666664,7.516339869281046,9.15032679738562,83.33333333333334,8.169934640522875,75.16339869281046
E00047230,267,72,36,36,195,16,179,26.96629213483146,13.48314606741573,13.48314606741573,73.03370786516854,5.992509363295881,67.04119850187266
E00047231,299,43,17,26,256,20,236,14.381270903010032,5.68561872909699,8.695652173913043,85.61872909698997,6.688963210702341,78.92976588628763
E00047232,335,53,19,34,282,33,249,15.82089552238806,5.6716417910447765,10.149253731343283,84.17910447761194,9.850746268656717,74.32835820895522
E00047233,305,67,29,38,238,19,219,21.9672131147541,9.508196721311474,12.459016393442624,78.0327868852459,6.229508196721312,71.80327868852459
E00047234,339,71,34,37,268,26,242,20.943952802359885,10.029498525073747,10.914454277286136,79.05604719764013,7.669616519174041,71.38643067846607
E00047235,254,55,31,24,199,22,177,21.653543307086615,12.204724409448819,9.448818897637794,78.34645669291339,8.661417322834646,69.68503937007874
E00047236,278,50,19,31,228,19,209,17.985611510791365,6.83453237410072,11.151079136690647,82.01438848920863,6.83453237410072,75.17985611510791
E00047237,348,38,11,27,310,22,288,10.919540229885058,3.1609195402298855,7.758620689655173,89.08045977011494,6.321839080459771,82.75862068965517
E00047238,264,42,15,27,222,31,191,15.909090909090908,5.681818181818182,10.227272727272728,84.0909090909091,11.742424242424242,72.34848484848484
E00047239,313,57,17,40,256,18,238,18.210862619808307,5.431309904153355,12.779552715654951,81.78913738019169,5.7507987220447285,76.03833865814697
E00047240,333,50,21,29,283,28,255,15.015015015015015,6.306306306306306,8.708708708708707,84.98498498498499,8.408408408408409,76.57657657657657
E00047241,237,47,18,29,190,19,171,19.831223628691983,7.59493670886076,12.236286919831224,80.16877637130801,8.016877637130802,72.15189873417721
E00047242,351,71,21,50,280,15,265,20.22792022792023,5.982905982905983,14.245014245014245,79.77207977207978,4.273504273504273,75.49857549857549
E00047243,281,63,19,44,218,27,191,22.419928825622776,6.761565836298933,15.658362989323843,77.58007117437722,9.608540925266903,67.97153024911033
E00047244,261,68,40,28,193,13,180,26.053639846743295,15.32567049808429,10.727969348659004,73.9463601532567,4.980842911877394,68.96551724137932
E00047245,323,56,27,29,267,13,254,17.3374613003096,8.359133126934983,8.978328173374612,82.6625386996904,4.024767801857585,78.63777089783281
E00047246,343,85,43,42,258,24,234,24.78134110787172,12.536443148688047,12.244897959183673,75.21865889212827,6.997084548104956,68.22157434402332
E00047247,303,61,28,33,242,16,226,20.13201320132013,9.24092409240924,10.891089108910892,79.86798679867987,5.2805280528052805,74.58745874587459
E00047248,380,76,42,34,304,10,294,20,11.052631578947368,8.947368421052632,80,2.631578947368421,77.36842105263158
E00047249,351,100,59,41,251,8,243,28.49002849002849,16.80911680911681,11.68091168091168,71.50997150997152,2.2792022792022792,69.23076923076923
E00047250,389,82,34,48,307,17,290,21.079691516709513,8.740359897172237,12.339331619537274,78.9203084832905,4.370179948586118,74.55012853470437
E00047251,311,61,28,33,250,20,230,19.614147909967848,9.003215434083602,10.610932475884244,80.38585209003215,6.430868167202572,73.95498392282958
E00047252,471,119,70,49,352,25,327,25.265392781316347,14.8619957537155,10.40339702760085,74.73460721868365,5.3078556263269645,69.42675159235668
E00047253,295,57,32,25,238,14,224,19.322033898305087,10.847457627118644,8.47457627118644,80.67796610169492,4.745762711864407,75.9322033898305
E00047254,323,58,34,24,265,20,245,17.956656346749224,10.526315789473683,7.430340557275541,82.04334365325077,6.191950464396285,75.85139318885449
E00047255,335,91,48,43,244,14,230,27.164179104477608,14.328358208955224,12.835820895522387,72.83582089552239,4.179104477611941,68.65671641791045
E00047256,313,80,35,45,233,21,212,25.559105431309902,11.182108626198083,14.376996805111823,74.4408945686901,6.7092651757188495,67.73162939297124
E00047257,324,85,49,36,239,13,226,26.234567901234566,15.123456790123457,11.11111111111111,73.76543209876543,4.012345679012346,69.75308641975309
E00047258,227,71,33,38,156,19,137,31.277533039647576,14.537444933920703,16.740088105726873,68.72246696035242,8.370044052863436,60.352422907488986
E00047259,249,53,24,29,196,12,184,21.285140562248998,9.63855421686747,11.646586345381527,78.714859437751,4.819277108433735,73.89558232931726
E00047260,325,38,17,21,287,34,253,11.692307692307692,5.230769230769231,6.461538461538462,88.3076923076923,10.461538461538462,77.84615384615384
E00047261,419,96,53,43,323,12,311,22.911694510739856,12.649164677804295,10.26252983293556,77.08830548926015,2.863961813842482,74.22434367541766
E00047262,308,69,40,29,239,10,229,22.4025974025974,12.987012987012985,9.415584415584416,77.59740259740259,3.2467532467532463,74.35064935064936
E00047263,298,38,12,26,260,20,240,12.751677852348994,4.026845637583892,8.724832214765101,87.24832214765101,6.7114093959731544,80.53691275167785
E00047264,306,55,19,36,251,34,217,17.973856209150327,6.209150326797386,11.76470588235294,82.02614379084967,11.11111111111111,70.91503267973856
E00047265,364,46,24,22,318,24,294,12.637362637362637,6.593406593406594,6.043956043956044,87.36263736263736,6.593406593406594,80.76923076923077
E00047266,311,59,30,29,252,16,236,18.971061093247588,9.646302250803858,9.32475884244373,81.02893890675242,5.144694533762058,75.88424437299035
E00047267,275,45,25,20,230,20,210,16.363636363636363,9.090909090909092,7.2727272727272725,83.63636363636363,7.2727272727272725,76.36363636363637
E00047269,301,44,19,25,257,23,234,14.61794019933555,6.312292358803987,8.305647840531561,85.38205980066445,7.641196013289036,77.74086378737542
E00047270,281,54,24,30,227,14,213,19.217081850533805,8.540925266903916,10.676156583629894,80.78291814946618,4.98220640569395,75.80071174377224
E00047271,304,34,17,17,270,14,256,11.18421052631579,5.592105263157895,5.592105263157895,88.81578947368422,4.605263157894736,84.21052631578947
E00047272,427,96,44,52,331,22,309,22.482435597189696,10.304449648711945,12.177985948477751,77.51756440281031,5.152224824355972,72.36533957845434
E00047273,360,69,32,37,291,19,272,19.166666666666668,8.88888888888889,10.277777777777777,80.83333333333333,5.277777777777778,75.55555555555556
E00047274,342,49,18,31,293,12,281,14.327485380116958,5.263157894736842,9.064327485380117,85.67251461988305,3.508771929824561,82.16374269005848
E00047275,350,57,26,31,293,26,267,16.28571428571429,7.428571428571429,8.857142857142856,83.71428571428572,7.428571428571429,76.28571428571429
E00047276,383,67,33,34,316,19,297,17.4934725848564,8.616187989556137,8.87728459530026,82.50652741514361,4.960835509138381,77.54569190600522
E00047277,282,63,26,37,219,23,196,22.340425531914892,9.219858156028367,13.120567375886525,77.6595744680851,8.156028368794328,69.50354609929079
E00047278,512,53,22,31,459,30,429,10.3515625,4.296875,6.0546875,89.6484375,5.859375,83.7890625
E00047279,344,79,31,48,265,17,248,22.96511627906977,9.011627906976743,13.953488372093023,77.03488372093024,4.941860465116279,72.09302325581395
E00047280,382,76,40,36,306,14,292,19.895287958115183,10.471204188481675,9.424083769633508,80.10471204188482,3.664921465968586,76.43979057591623
E00047281,248,74,38,36,174,7,167,29.838709677419356,15.32258064516129,14.516129032258066,70.16129032258065,2.82258064516129,67.33870967741935
E00047282,407,98,48,50,309,16,293,24.078624078624077,11.793611793611793,12.285012285012286,75.92137592137593,3.9312039312039313,71.99017199017199
E00047283,287,35,16,19,252,14,238,12.195121951219512,5.574912891986063,6.620209059233449,87.8048780487805,4.878048780487805,82.92682926829268
E00047284,341,57,22,35,284,19,265,16.715542521994134,6.451612903225806,10.263929618768328,83.28445747800586,5.571847507331378,77.71260997067448
E00047285,291,69,42,27,222,14,208,23.711340206185564,14.432989690721648,9.278350515463918,76.28865979381443,4.810996563573884,71.47766323024055
E00047286,299,55,23,32,244,17,227,18.394648829431436,7.6923076923076925,10.702341137123746,81.60535117056857,5.68561872909699,75.91973244147158
E00047287,299,45,22,23,254,18,236,15.050167224080269,7.357859531772576,7.6923076923076925,84.94983277591973,6.0200668896321075,78.92976588628763
E00047288,374,51,23,28,323,15,308,13.636363636363635,6.149732620320856,7.4866310160427805,86.36363636363636,4.0106951871657754,82.35294117647058
E00047289,456,66,41,25,390,10,380,14.473684210526317,8.991228070175438,5.482456140350877,85.52631578947368,2.1929824561403506,83.33333333333334
E00047292,557,79,44,35,478,14,464,14.183123877917414,7.899461400359066,6.283662477558348,85.81687612208259,2.5134649910233393,83.30341113105925
E00047293,382,47,23,24,335,21,314,12.30366492146597,6.020942408376963,6.282722513089005,87.69633507853402,5.49738219895288,82.19895287958116
E00047294,448,82,57,25,366,15,351,18.303571428571427,12.723214285714285,5.580357142857143,81.69642857142857,3.3482142857142856,78.34821428571429
E00047295,421,63,35,28,358,15,343,14.964370546318289,8.31353919239905,6.65083135391924,85.03562945368171,3.5629453681710213,81.47268408551069
E00047296,500,65,36,29,435,7,428,13,7.199999999999999,5.800000000000001,87,1.4000000000000001,85.6
E00047298,613,76,42,34,537,16,521,12.39804241435563,6.851549755301795,5.5464926590538335,87.60195758564437,2.6101141924959217,84.99184339314844
E00047299,372,74,46,28,298,14,284,19.892473118279568,12.365591397849462,7.526881720430108,80.10752688172043,3.763440860215054,76.34408602150538
E00047300,599,85,46,39,514,10,504,14.190317195325541,7.6794657762938225,6.51085141903172,85.80968280467445,1.669449081803005,84.14023372287144
E00047301,577,83,40,43,494,21,473,14.384748700173311,6.932409012131716,7.452339688041594,85.6152512998267,3.6395147313691507,81.97573656845753
E00047302,592,98,52,46,494,7,487,16.554054054054053,8.783783783783784,7.77027027027027,83.44594594594594,1.1824324324324325,82.26351351351352
E00047303,379,58,30,28,321,18,303,15.303430079155673,7.9155672823219,7.387862796833773,84.69656992084433,4.749340369393139,79.94722955145119
E00047304,532,60,36,24,472,11,461,11.278195488721805,6.7669172932330826,4.511278195488721,88.7218045112782,2.0676691729323307,86.65413533834587
E00047305,464,66,39,27,398,14,384,14.224137931034484,8.405172413793103,5.818965517241379,85.77586206896551,3.0172413793103448,82.75862068965517
E00047306,525,100,48,52,425,15,410,19.047619047619047,9.142857142857142,9.904761904761905,80.95238095238095,2.857142857142857,78.0952380952381
E00047307,491,84,36,48,407,19,388,17.10794297352342,7.3319755600814664,9.775967413441954,82.89205702647658,3.8696537678207736,79.0224032586558
E00047308,595,59,23,36,536,17,519,9.915966386554622,3.865546218487395,6.050420168067227,90.08403361344538,2.857142857142857,87.22689075630252
E00047309,456,76,45,31,380,23,357,16.666666666666664,9.868421052631579,6.798245614035088,83.33333333333334,5.0438596491228065,78.28947368421053
E00047310,470,63,30,33,407,7,400,13.404255319148936,6.382978723404255,7.021276595744681,86.59574468085106,1.4893617021276597,85.1063829787234
E00047311,425,54,29,25,371,11,360,12.705882352941176,6.8235294117647065,5.88235294117647,87.29411764705883,2.588235294117647,84.70588235294117
E00047312,554,101,59,42,453,18,435,18.231046931407942,10.649819494584838,7.581227436823104,81.76895306859205,3.2490974729241873,78.51985559566786
E00047313,533,74,46,28,459,6,453,13.883677298311445,8.630393996247655,5.253283302063791,86.11632270168855,1.125703564727955,84.9906191369606
E00047314,494,62,39,23,432,14,418,12.550607287449392,7.894736842105263,4.65587044534413,87.4493927125506,2.834008097165992,84.61538461538461
E00047315,456,68,34,34,388,12,376,14.912280701754385,7.456140350877193,7.456140350877193,85.08771929824562,2.631578947368421,82.45614035087719
E00047316,509,84,44,40,425,6,419,16.50294695481336,8.644400785854616,7.858546168958743,83.49705304518665,1.1787819253438114,82.31827111984283
E00047317,477,65,22,43,412,12,400,13.626834381551362,4.612159329140461,9.014675052410901,86.37316561844864,2.515723270440252,83.85744234800838
E00047318,559,72,39,33,487,12,475,12.880143112701253,6.976744186046512,5.903398926654741,87.11985688729875,2.146690518783542,84.97316636851521
E00047319,505,62,36,26,443,16,427,12.277227722772277,7.128712871287128,5.148514851485149,87.72277227722772,3.1683168316831685,84.55445544554455
E00047320,545,86,43,43,459,4,455,15.77981651376147,7.889908256880735,7.889908256880735,84.22018348623853,0.7339449541284404,83.4862385321101
E00047321,383,41,20,21,342,11,331,10.704960835509137,5.221932114882506,5.483028720626632,89.29503916449086,2.8720626631853787,86.42297650130548
E00047322,377,50,28,22,327,12,315,13.262599469496022,7.427055702917771,5.835543766578249,86.73740053050398,3.183023872679045,83.55437665782493
E00047323,473,45,26,19,428,12,416,9.513742071881607,5.496828752642706,4.0169133192389,90.48625792811839,2.536997885835095,87.9492600422833
E00047324,368,38,13,25,330,10,320,10.326086956521738,3.532608695652174,6.7934782608695645,89.67391304347827,2.717391304347826,86.95652173913044
E00047325,413,61,29,32,352,8,344,14.769975786924938,7.021791767554479,7.74818401937046,85.23002421307507,1.937046004842615,83.29297820823246
E00047326,436,76,31,45,360,9,351,17.431192660550458,7.110091743119266,10.321100917431194,82.56880733944955,2.064220183486239,80.5045871559633
E00047327,362,65,39,26,297,10,287,17.955801104972377,10.773480662983426,7.18232044198895,82.04419889502762,2.7624309392265194,79.28176795580112
E00047328,516,81,48,33,435,9,426,15.69767441860465,9.30232558139535,6.395348837209303,84.30232558139535,1.744186046511628,82.55813953488372
E00047329,350,42,19,23,308,9,299,12,5.428571428571429,6.571428571428571,88,2.571428571428571,85.42857142857143
E00047330,504,71,36,35,433,14,419,14.087301587301587,7.142857142857142,6.944444444444445,85.9126984126984,2.7777777777777777,83.13492063492063
E00047332,512,56,33,23,456,9,447,10.9375,6.4453125,4.4921875,89.0625,1.7578125,87.3046875
E00047333,559,87,40,47,472,19,453,15.56350626118068,7.155635062611807,8.407871198568873,84.43649373881932,3.3989266547406083,81.03756708407872
E00047334,444,90,37,53,354,9,345,20.27027027027027,8.333333333333332,11.936936936936938,79.72972972972973,2.027027027027027,77.7027027027027
E00047335,352,70,35,35,282,9,273,19.886363636363637,9.943181818181818,9.943181818181818,80.11363636363636,2.556818181818182,77.55681818181817
E00047336,555,70,41,29,485,16,469,12.612612612612612,7.3873873873873865,5.225225225225225,87.38738738738738,2.8828828828828827,84.50450450450451
E00047337,483,75,35,40,408,13,395,15.527950310559005,7.246376811594203,8.281573498964804,84.472049689441,2.691511387163561,81.78053830227742
E00047338,502,71,49,22,431,13,418,14.143426294820719,9.760956175298805,4.382470119521913,85.85657370517929,2.589641434262948,83.26693227091634
E00047339,484,57,21,36,427,19,408,11.776859504132231,4.338842975206612,7.43801652892562,88.22314049586777,3.925619834710744,84.29752066115702
E00047340,372,58,29,29,314,16,298,15.591397849462366,7.795698924731183,7.795698924731183,84.40860215053763,4.301075268817205,80.10752688172043
E00047341,403,54,23,31,349,14,335,13.399503722084367,5.707196029776675,7.6923076923076925,86.60049627791562,3.4739454094292808,83.12655086848635
E00047342,469,42,21,21,427,22,405,8.955223880597014,4.477611940298507,4.477611940298507,91.04477611940298,4.690831556503198,86.35394456289978
E00047343,409,40,17,23,369,11,358,9.7799511002445,4.156479217603912,5.623471882640587,90.2200488997555,2.689486552567237,87.53056234718827
E00047344,432,63,33,30,369,14,355,14.583333333333334,7.638888888888889,6.944444444444445,85.41666666666666,3.2407407407407405,82.17592592592592
E00047345,415,90,36,54,325,14,311,21.686746987951807,8.674698795180722,13.012048192771083,78.3132530120482,3.3734939759036147,74.93975903614458
E00047346,439,80,31,49,359,11,348,18.223234624145785,7.061503416856492,11.161731207289293,81.77676537585421,2.5056947608200453,79.27107061503416
E00047347,331,53,26,27,278,7,271,16.012084592145015,7.854984894259818,8.157099697885197,83.98791540785498,2.1148036253776437,81.87311178247734
E00047348,594,92,42,50,502,12,490,15.488215488215488,7.07070707070707,8.417508417508419,84.51178451178451,2.0202020202020203,82.49158249158249
E00047349,521,78,40,38,443,11,432,14.971209213051823,7.677543186180421,7.293666026871401,85.02879078694818,2.111324376199616,82.91746641074856
E00047350,429,59,35,24,370,11,359,13.752913752913754,8.158508158508159,5.594405594405594,86.24708624708624,2.564102564102564,83.68298368298368
E00047351,465,37,14,23,428,15,413,7.956989247311828,3.010752688172043,4.946236559139785,92.04301075268818,3.225806451612903,88.81720430107526
E00047353,566,68,41,27,498,7,491,12.014134275618375,7.243816254416961,4.770318021201414,87.98586572438163,1.2367491166077738,86.74911660777384
E00047354,321,43,23,20,278,13,265,13.395638629283487,7.165109034267912,6.230529595015576,86.6043613707165,4.049844236760125,82.55451713395638
E00047355,468,79,38,41,389,15,374,16.88034188034188,8.11965811965812,8.76068376068376,83.11965811965813,3.205128205128205,79.91452991452992
E00047356,417,60,39,21,357,6,351,14.388489208633093,9.352517985611511,5.0359712230215825,85.61151079136691,1.4388489208633095,84.17266187050359
E00047357,369,65,34,31,304,7,297,17.615176151761517,9.214092140921409,8.401084010840108,82.38482384823848,1.8970189701897018,80.48780487804879
E00047358,378,67,29,38,311,6,305,17.724867724867725,7.671957671957672,10.052910052910052,82.27513227513228,1.5873015873015872,80.68783068783068
E00047359,477,62,30,32,415,19,396,12.997903563941298,6.289308176100629,6.7085953878406714,87.0020964360587,3.9832285115303985,83.01886792452831
E00047360,382,48,27,21,334,10,324,12.56544502617801,7.068062827225131,5.49738219895288,87.43455497382199,2.6178010471204187,84.81675392670157
E00047361,484,68,36,32,416,7,409,14.049586776859504,7.43801652892562,6.6115702479338845,85.9504132231405,1.4462809917355373,84.50413223140497
E00047362,400,59,28,31,341,13,328,14.75,7.000000000000001,7.75,85.25,3.25,82
E00047363,428,55,41,14,373,11,362,12.850467289719624,9.579439252336448,3.2710280373831773,87.14953271028037,2.570093457943925,84.57943925233646
E00047364,417,56,25,31,361,15,346,13.42925659472422,5.995203836930456,7.434052757793765,86.57074340527578,3.5971223021582732,82.9736211031175
E00047365,453,61,23,38,392,19,373,13.46578366445916,5.077262693156733,8.388520971302428,86.53421633554083,4.194260485651214,82.33995584988962
E00047366,474,75,34,41,399,10,389,15.822784810126583,7.172995780590717,8.649789029535865,84.17721518987342,2.109704641350211,82.0675105485232
E00047367,453,53,26,27,400,15,385,11.699779249448124,5.739514348785872,5.960264900662252,88.30022075055187,3.3112582781456954,84.98896247240619
E00047368,426,71,46,25,355,15,340,16.666666666666664,10.7981220657277,5.868544600938967,83.33333333333334,3.5211267605633805,79.81220657276995
E00047369,452,71,42,29,381,10,371,15.70796460176991,9.29203539823009,6.415929203539823,84.2920353982301,2.2123893805309733,82.07964601769912
E00047370,575,76,37,39,499,19,480,13.217391304347824,6.434782608695652,6.782608695652175,86.78260869565217,3.304347826086956,83.47826086956522
E00047371,504,78,55,23,426,12,414,15.476190476190476,10.912698412698413,4.563492063492063,84.52380952380952,2.380952380952381,82.14285714285714
E00047372,342,54,28,26,288,10,278,15.789473684210526,8.187134502923977,7.602339181286549,84.21052631578947,2.923976608187134,81.28654970760235
E00047373,180,48,24,24,132,9,123,26.666666666666668,13.333333333333334,13.333333333333334,73.33333333333333,5,68.33333333333333
E00047374,349,51,23,28,298,5,293,14.613180515759314,6.59025787965616,8.022922636103152,85.38681948424069,1.4326647564469914,83.95415472779369
E00047375,428,69,30,39,359,11,348,16.121495327102803,7.009345794392523,9.11214953271028,83.8785046728972,2.570093457943925,81.30841121495327
E00047376,430,57,27,30,373,12,361,13.25581395348837,6.279069767441861,6.976744186046512,86.74418604651163,2.7906976744186047,83.95348837209302
E00047377,343,42,21,21,301,15,286,12.244897959183673,6.122448979591836,6.122448979591836,87.75510204081633,4.373177842565598,83.38192419825073
E00047378,336,44,24,20,292,15,277,13.095238095238097,7.142857142857142,5.952380952380952,86.90476190476191,4.464285714285714,82.44047619047619
E00047379,505,95,57,38,410,14,396,18.81188118811881,11.287128712871288,7.524752475247524,81.1881188118812,2.7722772277227725,78.41584158415841
E00047380,447,101,64,37,346,16,330,22.595078299776286,14.317673378076062,8.277404921700224,77.40492170022371,3.5794183445190155,73.8255033557047
E00047381,575,85,47,38,490,21,469,14.782608695652174,8.17391304347826,6.608695652173912,85.21739130434783,3.6521739130434785,81.56521739130434
E00047382,597,91,39,52,506,21,485,15.242881072026801,6.532663316582915,8.710217755443885,84.7571189279732,3.5175879396984926,81.23953098827471
E00047383,460,82,44,38,378,11,367,17.82608695652174,9.565217391304348,8.26086956521739,82.17391304347827,2.391304347826087,79.78260869565217
E00047384,491,63,32,31,428,9,419,12.830957230142568,6.517311608961303,6.313645621181263,87.16904276985743,1.8329938900203666,85.33604887983707
E00047385,404,43,18,25,361,6,355,10.643564356435643,4.455445544554455,6.188118811881188,89.35643564356435,1.4851485148514851,87.87128712871286
E00047387,430,74,35,39,356,11,345,17.209302325581397,8.13953488372093,9.069767441860465,82.7906976744186,2.558139534883721,80.23255813953489
E00047388,392,59,30,29,333,12,321,15.051020408163266,7.653061224489796,7.3979591836734695,84.94897959183673,3.061224489795918,81.88775510204081
E00047389,446,52,19,33,394,17,377,11.659192825112108,4.260089686098654,7.399103139013453,88.34080717488789,3.811659192825112,84.52914798206278
E00047390,258,34,21,13,224,7,217,13.178294573643413,8.13953488372093,5.038759689922481,86.82170542635659,2.7131782945736433,84.10852713178295
E00047391,407,91,49,42,316,6,310,22.358722358722357,12.039312039312039,10.319410319410318,77.64127764127764,1.4742014742014742,76.16707616707616
E00047392,360,51,16,35,309,22,287,14.166666666666666,4.444444444444445,9.722222222222223,85.83333333333333,6.111111111111111,79.72222222222223
E00047393,353,60,27,33,293,13,280,16.997167138810198,7.64872521246459,9.34844192634561,83.0028328611898,3.6827195467422094,79.3201133144476
E00047394,402,45,20,25,357,6,351,11.194029850746269,4.975124378109453,6.218905472636816,88.80597014925374,1.4925373134328357,87.31343283582089
E00047396,391,66,31,35,325,12,313,16.879795396419436,7.928388746803069,8.951406649616368,83.12020460358056,3.0690537084398977,80.05115089514067
E00047397,361,83,52,31,278,12,266,22.99168975069252,14.40443213296399,8.587257617728532,77.00831024930747,3.32409972299169,73.68421052631578
E00047398,371,33,16,17,338,21,317,8.89487870619946,4.31266846361186,4.5822102425876015,91.10512129380054,5.660377358490567,85.44474393530997
E00047399,346,49,20,29,297,13,284,14.16184971098266,5.780346820809249,8.38150289017341,85.83815028901735,3.7572254335260116,82.08092485549133
E00047400,472,42,18,24,430,19,411,8.898305084745763,3.8135593220338984,5.084745762711865,91.10169491525424,4.025423728813559,87.07627118644068
E00047401,490,64,32,32,426,14,412,13.061224489795919,6.530612244897959,6.530612244897959,86.93877551020408,2.857142857142857,84.08163265306122
E00047402,597,88,34,54,509,12,497,14.74036850921273,5.6951423785594635,9.045226130653267,85.25963149078727,2.0100502512562812,83.24958123953098
E00047403,364,58,26,32,306,13,293,15.934065934065933,7.142857142857142,8.791208791208792,84.06593406593407,3.571428571428571,80.4945054945055
E00047404,381,71,26,45,310,11,299,18.635170603674542,6.824146981627297,11.811023622047244,81.36482939632546,2.8871391076115485,78.4776902887139
E00047405,473,55,29,26,418,14,404,11.627906976744185,6.13107822410148,5.496828752642706,88.37209302325581,2.9598308668076108,85.41226215644821
E00047406,330,42,21,21,288,15,273,12.727272727272727,6.363636363636363,6.363636363636363,87.27272727272727,4.545454545454546,82.72727272727273
E00047407,413,49,25,24,364,9,355,11.864406779661017,6.053268765133172,5.811138014527845,88.13559322033898,2.1791767554479415,85.95641646489103
E00047408,390,60,33,27,330,15,315,15.384615384615385,8.461538461538462,6.923076923076923,84.61538461538461,3.8461538461538463,80.76923076923077
E00047409,426,52,29,23,374,18,356,12.206572769953052,6.807511737089202,5.39906103286385,87.79342723004694,4.225352112676056,83.56807511737088
E00047410,465,50,25,25,415,15,400,10.75268817204301,5.376344086021505,5.376344086021505,89.24731182795699,3.225806451612903,86.02150537634408
E00047411,376,51,27,24,325,13,312,13.563829787234042,7.180851063829788,6.382978723404255,86.43617021276596,3.4574468085106385,82.97872340425532
E00047412,351,109,78,31,242,11,231,31.054131054131055,22.22222222222222,8.831908831908832,68.94586894586895,3.133903133903134,65.8119658119658
E00047413,493,56,30,26,437,16,421,11.359026369168356,6.085192697768763,5.273833671399594,88.64097363083164,3.2454361054766734,85.39553752535497
E00047414,392,56,30,26,336,6,330,14.285714285714285,7.653061224489796,6.63265306122449,85.71428571428571,1.530612244897959,84.18367346938776
E00047415,359,66,38,28,293,6,287,18.384401114206128,10.584958217270195,7.7994428969359335,81.61559888579387,1.6713091922005572,79.94428969359332
E00047416,479,72,33,39,407,13,394,15.031315240083506,6.8893528183716075,8.1419624217119,84.96868475991648,2.7139874739039667,82.25469728601253
E00047417,249,36,18,18,213,8,205,14.457831325301203,7.228915662650602,7.228915662650602,85.54216867469879,3.2128514056224895,82.32931726907631
E00047418,348,36,14,22,312,14,298,10.344827586206897,4.022988505747127,6.321839080459771,89.65517241379311,4.022988505747127,85.63218390804597
E00047419,447,59,30,29,388,13,375,13.19910514541387,6.7114093959731544,6.487695749440715,86.80089485458613,2.9082774049217,83.89261744966443
E00047420,491,52,26,26,439,7,432,10.590631364562118,5.295315682281059,5.295315682281059,89.40936863543789,1.4256619144602851,87.9837067209776
E00047421,298,29,12,17,269,11,258,9.731543624161073,4.026845637583892,5.704697986577181,90.26845637583892,3.691275167785235,86.57718120805369
E00047423,597,109,46,63,488,12,476,18.257956448911223,7.705192629815745,10.552763819095476,81.74204355108877,2.0100502512562812,79.7319932998325
E00047424,351,52,38,14,299,7,292,14.814814814814813,10.826210826210826,3.9886039886039883,85.18518518518519,1.9943019943019942,83.1908831908832
E00047425,515,77,39,38,438,8,430,14.951456310679612,7.572815533980583,7.3786407766990285,85.04854368932038,1.5533980582524272,83.49514563106796
E00047426,393,50,29,21,343,7,336,12.72264631043257,7.37913486005089,5.343511450381679,87.27735368956743,1.7811704834605597,85.49618320610686
E00047427,365,61,30,31,304,13,291,16.71232876712329,8.21917808219178,8.493150684931507,83.28767123287672,3.5616438356164384,79.72602739726027
E00047428,440,60,26,34,380,25,355,13.636363636363635,5.909090909090909,7.727272727272727,86.36363636363636,5.681818181818182,80.68181818181817
E00047429,359,70,38,32,289,7,282,19.498607242339833,10.584958217270195,8.913649025069638,80.50139275766016,1.9498607242339834,78.55153203342618
E00047430,323,46,24,22,277,12,265,14.241486068111456,7.430340557275541,6.811145510835913,85.75851393188854,3.7151702786377707,82.04334365325077
E00047431,377,59,30,29,318,10,308,15.649867374005305,7.957559681697612,7.6923076923076925,84.3501326259947,2.6525198938992043,81.6976127320955
E00047433,289,39,18,21,250,10,240,13.494809688581316,6.228373702422145,7.26643598615917,86.50519031141869,3.4602076124567476,83.04498269896193
E00047434,378,34,16,18,344,13,331,8.994708994708994,4.232804232804233,4.761904761904762,91.005291005291,3.439153439153439,87.56613756613757
E00047435,405,49,25,24,356,9,347,12.098765432098766,6.172839506172839,5.9259259259259265,87.90123456790123,2.2222222222222223,85.67901234567901
E00047437,389,47,21,26,342,13,329,12.082262210796916,5.3984575835475574,6.683804627249357,87.91773778920309,3.3419023136246784,84.57583547557842
E00047438,339,54,28,26,285,9,276,15.929203539823009,8.259587020648967,7.669616519174041,84.070796460177,2.6548672566371683,81.41592920353983
E00047439,382,61,32,29,321,13,308,15.968586387434556,8.37696335078534,7.591623036649215,84.03141361256544,3.4031413612565444,80.6282722513089
E00047440,367,56,33,23,311,13,298,15.258855585831062,8.991825613079019,6.267029972752043,84.74114441416893,3.5422343324250685,81.19891008174388
E00047441,247,28,15,13,219,8,211,11.336032388663968,6.0728744939271255,5.263157894736842,88.66396761133603,3.2388663967611335,85.4251012145749
E00047442,536,68,37,31,468,23,445,12.686567164179104,6.902985074626866,5.7835820895522385,87.31343283582089,4.291044776119403,83.02238805970148
E00047443,393,90,49,41,303,20,283,22.900763358778626,12.46819338422392,10.432569974554708,77.09923664122137,5.089058524173027,72.01017811704835
E00047444,310,47,26,21,263,10,253,15.161290322580644,8.38709677419355,6.774193548387098,84.83870967741936,3.225806451612903,81.61290322580645
E00047445,575,86,34,52,489,18,471,14.956521739130435,5.913043478260869,9.043478260869566,85.04347826086956,3.130434782608696,81.91304347826087
E00047446,412,73,35,38,339,15,324,17.718446601941746,8.495145631067961,9.223300970873787,82.28155339805825,3.640776699029126,78.64077669902912
E00047447,539,114,60,54,425,15,410,21.150278293135436,11.131725417439704,10.018552875695732,78.84972170686456,2.782931354359926,76.06679035250464
E00047450,514,93,59,34,421,15,406,18.093385214007782,11.478599221789883,6.614785992217899,81.90661478599222,2.9182879377431905,78.98832684824903
E00047451,389,93,47,46,296,9,287,23.90745501285347,12.082262210796916,11.825192802056556,76.09254498714652,2.313624678663239,73.7789203084833
E00047452,434,88,46,42,346,13,333,20.276497695852534,10.599078341013826,9.67741935483871,79.72350230414746,2.995391705069124,76.72811059907833
E00047453,415,89,45,44,326,12,314,21.44578313253012,10.843373493975903,10.602409638554217,78.55421686746989,2.891566265060241,75.66265060240964
E00047454,420,59,30,29,361,22,339,14.047619047619047,7.142857142857142,6.904761904761905,85.95238095238096,5.238095238095238,80.71428571428572
E00047456,363,80,47,33,283,15,268,22.03856749311295,12.947658402203857,9.090909090909092,77.96143250688705,4.132231404958678,73.82920110192838
E00047457,268,33,22,11,235,6,229,12.313432835820896,8.208955223880597,4.104477611940299,87.68656716417911,2.2388059701492535,85.44776119402985
E00047458,296,56,28,28,240,14,226,18.91891891891892,9.45945945945946,9.45945945945946,81.08108108108108,4.72972972972973,76.35135135135135
E00047462,259,41,24,17,218,17,201,15.83011583011583,9.266409266409266,6.563706563706563,84.16988416988417,6.563706563706563,77.60617760617761
E00047464,339,61,26,35,278,10,268,17.99410029498525,7.669616519174041,10.32448377581121,82.00589970501476,2.949852507374631,79.05604719764013
E00047465,451,51,23,28,400,14,386,11.30820399113082,5.099778270509978,6.208425720620843,88.69179600886919,3.1042128603104215,85.58758314855875
E00047466,423,79,36,43,344,7,337,18.67612293144208,8.51063829787234,10.16548463356974,81.32387706855792,1.6548463356973995,79.66903073286052
E00047467,372,45,28,17,327,18,309,12.096774193548388,7.526881720430108,4.56989247311828,87.90322580645162,4.838709677419355,83.06451612903226
E00047468,241,45,21,24,196,7,189,18.672199170124482,8.71369294605809,9.95850622406639,81.32780082987551,2.904564315352697,78.42323651452283
E00047470,598,86,36,50,512,22,490,14.381270903010032,6.0200668896321075,8.361204013377927,85.61872909698997,3.678929765886288,81.93979933110369
E00047471,373,61,31,30,312,8,304,16.353887399463808,8.310991957104557,8.04289544235925,83.6461126005362,2.1447721179624666,81.50134048257372
E00047472,487,72,33,39,415,12,403,14.784394250513348,6.7761806981519515,8.008213552361395,85.21560574948666,2.4640657084188913,82.75154004106776
E00047473,228,37,15,22,191,4,187,16.228070175438596,6.578947368421052,9.649122807017543,83.77192982456141,1.7543859649122806,82.01754385964912
E00047474,417,72,45,27,345,15,330,17.26618705035971,10.79136690647482,6.474820143884892,82.73381294964028,3.5971223021582732,79.13669064748201
E00047476,403,67,34,33,336,14,322,16.62531017369727,8.436724565756824,8.188585607940446,83.37468982630273,3.4739454094292808,79.90074441687345
E00047477,452,92,51,41,360,10,350,20.353982300884958,11.283185840707963,9.070796460176991,79.64601769911505,2.2123893805309733,77.43362831858407
E00047478,542,61,31,30,481,13,468,11.254612546125461,5.719557195571956,5.535055350553505,88.74538745387454,2.3985239852398523,86.34686346863468
E00047479,224,43,21,22,181,4,177,19.196428571428573,9.375,9.821428571428571,80.80357142857143,1.7857142857142856,79.01785714285714
E00047480,540,136,77,59,404,14,390,25.185185185185183,14.25925925925926,10.925925925925926,74.81481481481481,2.5925925925925926,72.22222222222221
E00047481,278,51,33,18,227,11,216,18.345323741007196,11.870503597122301,6.474820143884892,81.65467625899281,3.9568345323741005,77.6978417266187
E00047482,527,101,51,50,426,4,422,19.165085388994306,9.67741935483871,9.487666034155598,80.83491461100569,0.7590132827324478,80.07590132827325
E00047483,407,57,29,28,350,12,338,14.004914004914005,7.125307125307126,6.87960687960688,85.995085995086,2.9484029484029484,83.04668304668304
E00047484,302,59,34,25,243,4,239,19.5364238410596,11.258278145695364,8.27814569536424,80.4635761589404,1.3245033112582782,79.13907284768213
E00047485,476,71,37,34,405,15,390,14.915966386554622,7.773109243697479,7.142857142857142,85.08403361344537,3.1512605042016806,81.9327731092437
E00047486,215,32,15,17,183,4,179,14.883720930232558,6.976744186046512,7.906976744186046,85.11627906976744,1.8604651162790697,83.25581395348837
E00047487,377,38,19,19,339,9,330,10.079575596816976,5.039787798408488,5.039787798408488,89.92042440318302,2.3872679045092835,87.53315649867373
E00047488,438,65,42,23,373,10,363,14.840182648401825,9.58904109589041,5.251141552511415,85.15981735159818,2.28310502283105,82.87671232876713
E00047489,413,70,42,28,343,11,332,16.94915254237288,10.16949152542373,6.779661016949152,83.05084745762711,2.663438256658596,80.38740920096852
E00047490,454,78,51,27,376,10,366,17.180616740088105,11.233480176211454,5.947136563876652,82.81938325991189,2.2026431718061676,80.61674008810573
E00047491,197,28,11,17,169,11,158,14.213197969543149,5.583756345177665,8.629441624365482,85.78680203045685,5.583756345177665,80.20304568527918
E00047492,263,73,35,38,190,9,181,27.756653992395435,13.307984790874524,14.44866920152091,72.24334600760456,3.4220532319391634,68.8212927756654
E00047493,477,72,33,39,405,8,397,15.09433962264151,6.918238993710692,8.176100628930817,84.90566037735849,1.6771488469601679,83.22851153039832
E00047494,597,96,56,40,501,18,483,16.08040201005025,9.380234505862646,6.700167504187604,83.91959798994975,3.015075376884422,80.90452261306532
E00047495,319,74,49,25,245,3,242,23.197492163009404,15.360501567398119,7.836990595611286,76.8025078369906,0.9404388714733543,75.86206896551724
E00047496,291,38,21,17,253,15,238,13.058419243986256,7.216494845360824,5.841924398625429,86.94158075601375,5.154639175257731,81.78694158075601
E00047497,412,70,38,32,342,13,329,16.990291262135923,9.223300970873787,7.766990291262135,83.00970873786407,3.1553398058252426,79.85436893203884
E00047498,424,67,36,31,357,11,346,15.80188679245283,8.49056603773585,7.311320754716981,84.19811320754717,2.5943396226415096,81.60377358490565
E00047499,519,63,33,30,456,10,446,12.138728323699421,6.358381502890173,5.780346820809249,87.861271676300575,1.9267822736030826,85.9344894026975
E00047500,337,50,31,19,287,7,280,14.836795252225517,9.198813056379821,5.637982195845697,85.16320474777447,2.0771513353115725,83.08605341246292
E00047501,353,82,46,36,271,7,264,23.229461756373937,13.031161473087819,10.198300283286118,76.77053824362606,1.9830028328611897,74.78753541076487
E00047502,424,56,32,24,368,9,359,13.20754716981132,7.547169811320755,5.660377358490567,86.79245283018868,2.1226415094339623,84.66981132075472
E00047503,339,40,19,21,299,4,295,11.799410029498524,5.604719764011799,6.1946902654867255,88.20058997050147,1.1799410029498525,87.02064896755162
E00047504,427,59,27,32,368,9,359,13.817330210772832,6.323185011709602,7.494145199063232,86.18266978922716,2.107728337236534,84.07494145199064
E00047505,469,56,36,20,413,15,398,11.940298507462686,7.675906183368871,4.264392324093817,88.05970149253731,3.1982942430703627,84.86140724946695
E00047506,362,63,25,38,299,7,292,17.403314917127073,6.906077348066299,10.497237569060774,82.59668508287292,1.9337016574585635,80.66298342541437
E00047507,344,68,37,31,276,16,260,19.767441860465116,10.755813953488373,9.011627906976743,80.23255813953489,4.651162790697675,75.5813953488372
E00047508,351,60,34,26,291,8,283,17.094017094017094,9.686609686609685,7.4074074074074066,82.90598290598291,2.2792022792022792,80.62678062678063
E00047509,424,55,32,23,369,7,362,12.971698113207546,7.547169811320755,5.4245283018867925,87.02830188679245,1.650943396226415,85.37735849056604
E00047510,330,43,23,20,287,6,281,13.030303030303031,6.969696969696971,6.0606060606060606,86.96969696969697,1.8181818181818181,85.15151515151516
E00047511,491,79,32,47,412,12,400,16.08961303462322,6.517311608961303,9.572301425661914,83.91038696537679,2.4439918533604885,81.4663951120163
E00047512,417,73,43,30,344,14,330,17.505995203836928,10.311750599520384,7.1942446043165464,82.49400479616307,3.357314148681055,79.13669064748201
E00047513,217,59,45,14,158,14,144,27.188940092165897,20.737327188940093,6.451612903225806,72.81105990783409,6.451612903225806,66.3594470046083
E00047514,344,31,13,18,313,8,305,9.011627906976743,3.77906976744186,5.232558139534884,90.98837209302324,2.3255813953488373,88.66279069767442
E00047515,432,66,32,34,366,13,353,15.277777777777779,7.4074074074074066,7.87037037037037,84.72222222222221,3.009259259259259,81.71296296296296
E00047516,401,99,64,35,302,14,288,24.688279301745634,15.96009975062344,8.728179551122196,75.31172069825436,3.4912718204488775,71.82044887780549
E00047517,417,47,26,21,370,12,358,11.270983213429256,6.235011990407674,5.0359712230215825,88.72901678657075,2.877697841726619,85.85131894484412
E00047518,437,77,38,39,360,20,340,17.620137299771166,8.695652173913043,8.924485125858125,82.37986270022884,4.576659038901601,77.80320366132723
E00047519,316,66,36,30,250,11,239,20.88607594936709,11.39240506329114,9.49367088607595,79.11392405063292,3.481012658227848,75.63291139240506
E00047520,508,103,61,42,405,13,392,20.275590551181104,12.007874015748031,8.267716535433072,79.7244094488189,2.559055118110236,77.16535433070865
E00047521,407,94,54,40,313,10,303,23.095823095823096,13.267813267813267,9.828009828009828,76.90417690417691,2.457002457002457,74.44717444717445
E00047522,262,44,24,20,218,6,212,16.793893129770993,9.16030534351145,7.633587786259542,83.20610687022901,2.2900763358778624,80.91603053435115
E00047523,385,70,41,29,315,11,304,18.181818181818183,10.649350649350648,7.532467532467532,81.81818181818183,2.857142857142857,78.96103896103897
E00047524,351,57,31,26,294,10,284,16.23931623931624,8.831908831908832,7.4074074074074066,83.76068376068376,2.849002849002849,80.91168091168092
E00047525,448,78,45,33,370,7,363,17.410714285714285,10.044642857142858,7.366071428571429,82.58928571428571,1.5625,81.02678571428571
E00047526,393,83,47,36,310,8,302,21.119592875318066,11.959287531806616,9.16030534351145,78.88040712468194,2.035623409669211,76.84478371501272
E00047527,237,69,41,28,168,10,158,29.11392405063291,17.29957805907173,11.814345991561181,70.88607594936708,4.219409282700422,66.66666666666666
E00047528,512,89,52,37,423,12,411,17.3828125,10.15625,7.2265625,82.6171875,2.34375,80.2734375
E00047529,483,47,28,19,436,9,427,9.730848861283643,5.797101449275362,3.9337474120082816,90.26915113871635,1.8633540372670807,88.40579710144928
E00047530,286,59,27,32,227,9,218,20.62937062937063,9.44055944055944,11.188811188811188,79.37062937062937,3.146853146853147,76.22377622377621
E00047531,254,67,37,30,187,32,155,26.37795275590551,14.566929133858267,11.811023622047244,73.62204724409449,12.598425196850393,61.023622047244096
E00047532,494,76,32,44,418,25,393,15.384615384615385,6.477732793522267,8.906882591093117,84.61538461538461,5.060728744939271,79.55465587044534
E00047533,393,43,15,28,350,10,340,10.941475826972011,3.816793893129771,7.124681933842239,89.05852417302799,2.5445292620865136,86.51399491094148
E00047534,611,70,35,35,541,20,521,11.456628477905074,5.728314238952537,5.728314238952537,88.54337152209493,3.273322422258593,85.27004909983633
E00047535,396,69,31,38,327,26,301,17.424242424242426,7.828282828282829,9.595959595959595,82.57575757575758,6.565656565656567,76.01010101010101
E00047536,406,87,40,47,319,21,298,21.428571428571427,9.852216748768473,11.576354679802956,78.57142857142857,5.172413793103448,73.39901477832512
E00047537,481,58,35,23,423,10,413,12.058212058212058,7.276507276507277,4.781704781704782,87.94178794178794,2.079002079002079,85.86278586278586
E00047538,236,32,12,20,204,21,183,13.559322033898304,5.084745762711865,8.47457627118644,86.4406779661017,8.898305084745763,77.54237288135593
E00047539,347,43,25,18,304,8,296,12.39193083573487,7.204610951008646,5.187319884726225,87.60806916426513,2.3054755043227666,85.30259365994236
E00047540,462,75,34,41,387,17,370,16.233766233766232,7.35930735930736,8.874458874458876,83.76623376623377,3.67965367965368,80.08658008658008
E00047541,488,71,31,40,417,10,407,14.549180327868852,6.352459016393443,8.19672131147541,85.45081967213115,2.0491803278688523,83.40163934426229
E00047542,450,60,31,29,390,12,378,13.333333333333334,6.888888888888889,6.444444444444445,86.66666666666667,2.666666666666667,84
E00047543,411,65,27,38,346,12,334,15.815085158150852,6.569343065693431,9.245742092457421,84.18491484184915,2.9197080291970803,81.26520681265207
E00047544,505,80,41,39,425,16,409,15.841584158415841,8.118811881188119,7.7227722772277225,84.15841584158416,3.1683168316831685,80.990099009901
E00047546,380,50,16,34,330,33,297,13.157894736842104,4.2105263157894735,8.947368421052632,86.8421052631579,8.68421052631579,78.15789473684211
E00047547,487,53,27,26,434,10,424,10.882956878850102,5.544147843942506,5.338809034907597,89.11704312114989,2.0533880903490758,87.06365503080082
E00047548,424,57,29,28,367,10,357,13.443396226415095,6.8396226415094334,6.60377358490566,86.55660377358491,2.358490566037736,84.19811320754717
E00047549,184,44,13,31,140,19,121,23.91304347826087,7.065217391304348,16.847826086956523,76.08695652173914,10.326086956521738,65.76086956521739
E00047550,539,68,33,35,471,16,455,12.615955473098332,6.122448979591836,6.493506493506493,87.38404452690168,2.9684601113172544,84.4155844155844
E00047551,289,54,32,22,235,11,224,18.685121107266436,11.072664359861593,7.612456747404845,81.31487889273356,3.8062283737024223,77.50865051903114
E00047552,381,105,61,44,276,16,260,27.559055118110237,16.010498687664043,11.548556430446194,72.44094488188976,4.199475065616798,68.24146981627297
E00047553,438,75,44,31,363,6,357,17.123287671232877,10.045662100456621,7.077625570776255,82.87671232876713,1.36986301369863,81.5068493150685
E00047554,364,47,30,17,317,1,316,12.912087912087914,8.241758241758241,4.670329670329671,87.08791208791209,0.27472527472527475,86.81318681318682
E00047555,354,59,35,24,295,8,287,16.666666666666664,9.887005649717514,6.779661016949152,83.33333333333334,2.2598870056497176,81.07344632768361
E00047556,437,77,50,27,360,12,348,17.620137299771166,11.441647597254006,6.178489702517163,82.37986270022884,2.745995423340961,79.63386727688787
E00047557,489,63,35,28,426,1,425,12.883435582822086,7.157464212678937,5.725971370143149,87.11656441717791,0.2044989775051125,86.9120654396728
E00047558,362,38,25,13,324,11,313,10.497237569060774,6.906077348066299,3.591160220994475,89.50276243093923,3.0386740331491713,86.46408839779005
E00047559,442,56,24,32,386,20,366,12.669683257918551,5.429864253393665,7.239819004524888,87.33031674208145,4.524886877828054,82.80542986425338
E00047560,367,61,39,22,306,11,295,16.62125340599455,10.626702997275205,5.994550408719346,83.37874659400545,2.997275204359673,80.38147138964578
E00047561,277,30,15,15,247,8,239,10.830324909747292,5.415162454873646,5.415162454873646,89.16967509025271,2.888086642599278,86.28158844765343
E00047562,416,58,31,27,358,8,350,13.942307692307693,7.451923076923077,6.490384615384616,86.0576923076923,1.9230769230769231,84.13461538461539
E00047563,439,70,36,34,369,7,362,15.945330296127564,8.200455580865604,7.744874715261959,84.05466970387245,1.5945330296127564,82.46013667425967
E00047564,398,62,25,37,336,11,325,15.577889447236181,6.281407035175879,9.296482412060302,84.42211055276381,2.763819095477387,81.65829145728644
E00047565,453,59,34,25,394,7,387,13.024282560706402,7.505518763796909,5.518763796909492,86.9757174392936,1.545253863134658,85.43046357615894
E00047566,402,71,42,29,331,12,319,17.66169154228856,10.44776119402985,7.213930348258707,82.33830845771143,2.9850746268656714,79.35323383084577
E00047567,292,40,12,28,252,7,245,13.698630136986301,4.10958904109589,9.58904109589041,86.3013698630137,2.3972602739726026,83.9041095890411
E00047568,271,69,32,37,202,16,186,25.461254612546124,11.808118081180812,13.653136531365314,74.53874538745387,5.904059040590406,68.63468634686348
E00047569,556,82,44,38,474,6,468,14.748201438848922,7.913669064748201,6.83453237410072,85.25179856115108,1.079136690647482,84.17266187050359
E00047570,585,65,42,23,520,5,515,11.11111111111111,7.179487179487179,3.9316239316239314,88.88888888888889,0.8547008547008548,88.03418803418803
E00047571,434,46,26,20,388,13,375,10.599078341013826,5.990783410138248,4.6082949308755765,89.40092165898618,2.995391705069124,86.40552995391705
E00047573,475,60,31,29,415,14,401,12.631578947368421,6.526315789473684,6.105263157894736,87.36842105263159,2.9473684210526314,84.42105263157896
E00047574,341,80,29,51,261,22,239,23.46041055718475,8.504398826979472,14.95601173020528,76.53958944281524,6.451612903225806,70.08797653958945
E00047575,570,86,52,34,484,17,467,15.087719298245613,9.12280701754386,5.964912280701754,84.91228070175438,2.982456140350877,81.9298245614035
E00047576,511,131,69,62,380,12,368,25.63600782778865,13.50293542074364,12.13307240704501,74.36399217221134,2.3483365949119372,72.01565557729941
E00047577,242,57,22,35,185,20,165,23.553719008264462,9.090909090909092,14.46280991735537,76.44628099173553,8.264462809917356,68.18181818181817
E00047578,331,73,30,43,258,23,235,22.054380664652566,9.06344410876133,12.990936555891238,77.94561933534743,6.948640483383686,70.99697885196375
E00047579,501,64,35,29,437,11,426,12.77445109780439,6.986027944111776,5.788423153692615,87.2255489021956,2.19560878243513,85.02994011976048
E00047580,489,87,50,37,402,12,390,17.791411042944784,10.224948875255624,7.566462167689162,82.20858895705521,2.4539877300613497,79.75460122699386
E00047581,414,63,33,30,351,9,342,15.217391304347828,7.971014492753622,7.246376811594203,84.78260869565217,2.1739130434782608,82.6086956521739
E00047582,430,79,36,43,351,11,340,18.372093023255815,8.372093023255815,10,81.62790697674419,2.558139534883721,79.06976744186046
E00047583,253,52,30,22,201,16,185,20.55335968379447,11.857707509881422,8.695652173913043,79.44664031620553,6.324110671936759,73.12252964426878
E00047584,287,38,15,23,249,12,237,13.240418118466899,5.2264808362369335,8.013937282229964,86.7595818815331,4.181184668989547,82.57839721254355
E00047586,349,61,36,25,288,6,282,17.478510028653297,10.315186246418339,7.163323782234957,82.52148997134671,1.7191977077363898,80.80229226361033
E00047587,314,47,29,18,267,18,249,14.968152866242038,9.235668789808917,5.7324840764331215,85.03184713375796,5.7324840764331215,79.29936305732484
E00047588,414,80,34,46,334,13,321,19.32367149758454,8.212560386473431,11.11111111111111,80.67632850241546,3.140096618357488,77.53623188405797
E00047589,211,26,8,18,185,10,175,12.322274881516588,3.7914691943127963,8.530805687203792,87.67772511848341,4.739336492890995,82.93838862559242
E00047590,402,74,36,38,328,4,324,18.407960199004975,8.955223880597014,9.45273631840796,81.59203980099502,0.9950248756218906,80.59701492537313
E00047591,327,66,31,35,261,15,246,20.18348623853211,9.480122324159021,10.703363914373089,79.81651376146789,4.587155963302752,75.22935779816514
E00047592,524,63,33,30,461,15,446,12.022900763358779,6.297709923664121,5.7251908396946565,87.97709923664122,2.8625954198473282,85.1145038167939
E00047593,389,44,27,17,345,3,342,11.311053984575835,6.940874035989718,4.370179948586118,88.68894601542416,0.7712082262210797,87.91773778920309
E00047594,389,46,19,27,343,4,339,11.825192802056556,4.884318766066838,6.940874035989718,88.17480719794345,1.0282776349614395,87.146529562982
E00047595,336,81,43,38,255,23,232,24.107142857142858,12.797619047619047,11.30952380952381,75.89285714285714,6.845238095238096,69.04761904761905
E00047596,368,88,58,30,280,21,259,23.91304347826087,15.760869565217392,8.152173913043478,76.08695652173914,5.706521739130435,70.38043478260869
E00047597,520,78,40,38,442,11,431,15,7.6923076923076925,7.307692307692308,85,2.1153846153846154,82.88461538461539
E00047598,287,45,18,27,242,20,222,15.6794425087108,6.2717770034843205,9.40766550522648,84.3205574912892,6.968641114982578,77.35191637630662
E00047599,399,70,31,39,329,25,304,17.543859649122805,7.769423558897243,9.774436090225564,82.45614035087719,6.265664160401002,76.19047619047619
E00047600,324,77,32,45,247,11,236,23.765432098765434,9.876543209876543,13.88888888888889,76.23456790123457,3.3950617283950617,72.8395061728395
E00047601,296,54,30,24,242,12,230,18.243243243243242,10.135135135135135,8.108108108108109,81.75675675675676,4.054054054054054,77.7027027027027
E00047602,348,60,27,33,288,16,272,17.24137931034483,7.758620689655173,9.482758620689655,82.75862068965517,4.597701149425287,78.16091954022988
E00047603,369,54,21,33,315,17,298,14.634146341463413,5.691056910569105,8.94308943089431,85.36585365853658,4.607046070460704,80.75880758807588
E00047604,375,72,31,41,303,13,290,19.2,8.266666666666666,10.933333333333334,80.80000000000001,3.4666666666666663,77.33333333333333
E00047605,416,65,25,40,351,17,334,15.625,6.009615384615385,9.615384615384617,84.375,4.086538461538462,80.28846153846155
E00047606,362,81,34,47,281,14,267,22.375690607734807,9.392265193370166,12.98342541436464,77.62430939226519,3.867403314917127,73.75690607734806
E00047607,399,63,26,37,336,18,318,15.789473684210526,6.516290726817042,9.273182957393484,84.21052631578947,4.511278195488721,79.69924812030075
E00047608,271,68,30,38,203,14,189,25.092250922509223,11.07011070110701,14.022140221402212,74.90774907749078,5.166051660516605,69.74169741697416
E00047609,292,56,30,26,236,17,219,19.17808219178082,10.273972602739725,8.904109589041095,80.82191780821918,5.821917808219178,75
E00047610,310,39,14,25,271,18,253,12.580645161290322,4.516129032258064,8.064516129032258,87.41935483870968,5.806451612903226,81.61290322580645
E00047611,385,80,35,45,305,21,284,20.77922077922078,9.090909090909092,11.688311688311687,79.22077922077922,5.454545454545454,73.76623376623377
E00047612,416,98,59,39,318,17,301,23.557692307692307,14.182692307692307,9.375,76.4423076923077,4.086538461538462,72.35576923076923
E00047614,270,66,32,34,204,23,181,24.444444444444443,11.851851851851853,12.592592592592592,75.55555555555556,8.518518518518519,67.03703703703704
E00047616,287,83,41,42,204,25,179,28.9198606271777,14.285714285714285,14.634146341463413,71.0801393728223,8.710801393728223,62.36933797909408
E00047617,391,106,58,48,285,18,267,27.10997442455243,14.83375959079284,12.27621483375959,72.89002557544757,4.603580562659847,68.28644501278772
E00047618,337,78,32,46,259,14,245,23.14540059347181,9.495548961424333,13.649851632047477,76.8545994065282,4.154302670623145,72.70029673590504
E00047619,437,44,27,17,393,19,374,10.068649885583524,6.178489702517163,3.8901601830663615,89.93135011441647,4.3478260869565215,85.58352402745996
E00047620,313,64,25,39,249,25,224,20.447284345047922,7.987220447284344,12.460063897763577,79.55271565495208,7.987220447284344,71.56549520766772
E00047621,310,69,32,37,241,9,232,22.258064516129032,10.32258064516129,11.935483870967742,77.74193548387098,2.903225806451613,74.83870967741936
E00047622,404,133,92,41,271,12,259,32.92079207920792,22.772277227722775,10.14851485148515,67.07920792079209,2.9702970297029703,64.10891089108911
E00047623,266,81,37,44,185,13,172,30.451127819548873,13.909774436090224,16.541353383458645,69.54887218045113,4.887218045112782,64.66165413533834
E00047624,357,54,27,27,303,12,291,15.126050420168067,7.563025210084033,7.563025210084033,84.87394957983193,3.361344537815126,81.5126050420168
E00047625,336,37,20,17,299,13,286,11.011904761904761,5.952380952380952,5.059523809523809,88.98809523809523,3.869047619047619,85.11904761904762
E00047626,281,46,17,29,235,11,224,16.370106761565836,6.049822064056939,10.320284697508896,83.62989323843416,3.9145907473309607,79.7153024911032
E00047627,344,65,36,29,279,18,261,18.8953488372093,10.465116279069768,8.430232558139535,81.1046511627907,5.232558139534884,75.87209302325581
E00047628,242,30,11,19,212,12,200,12.396694214876034,4.545454545454546,7.851239669421488,87.60330578512396,4.958677685950414,82.64462809917356
E00047629,316,54,27,27,262,12,250,17.088607594936708,8.544303797468354,8.544303797468354,82.91139240506328,3.79746835443038,79.11392405063292
E00047630,389,66,24,42,323,11,312,16.966580976863753,6.169665809768637,10.796915167095115,83.03341902313625,2.827763496143959,80.20565552699229
E00047631,593,88,34,54,505,48,457,14.839797639123104,5.733558178752108,9.106239460370995,85.16020236087691,8.094435075885329,77.06576728499157
E00047632,470,71,30,41,399,20,379,15.106382978723405,6.382978723404255,8.72340425531915,84.8936170212766,4.25531914893617,80.63829787234043
E00047633,348,50,23,27,298,33,265,14.367816091954023,6.609195402298851,7.758620689655173,85.63218390804597,9.482758620689655,76.14942528735632
E00047634,359,41,18,23,318,13,305,11.420612813370473,5.013927576601671,6.406685236768802,88.57938718662952,3.6211699164345403,84.958217270195
E00047635,253,80,37,43,173,14,159,31.620553359683797,14.624505928853754,16.99604743083004,68.37944664031622,5.533596837944664,62.845849802371546
E00047636,255,55,20,35,200,18,182,21.568627450980394,7.8431372549019605,13.725490196078432,78.43137254901961,7.0588235294117645,71.37254901960785
E00047637,417,65,31,34,352,15,337,15.587529976019185,7.434052757793765,8.15347721822542,84.41247002398082,3.5971223021582732,80.81534772182253
E00047639,308,50,22,28,258,21,237,16.233766233766232,7.142857142857142,9.090909090909092,83.76623376623377,6.8181818181818175,76.94805194805194
E00047640,271,65,31,34,206,11,195,23.985239852398525,11.439114391143912,12.546125461254611,76.01476014760148,4.059040590405904,71.95571955719558
E00047641,434,73,46,27,361,15,346,16.82027649769585,10.599078341013826,6.221198156682028,83.17972350230414,3.4562211981566824,79.72350230414746
E00047642,281,95,60,35,186,19,167,33.80782918149466,21.352313167259787,12.455516014234876,66.19217081850533,6.761565836298933,59.430604982206404
E00047643,274,46,18,28,228,12,216,16.78832116788321,6.569343065693431,10.218978102189782,83.21167883211679,4.37956204379562,78.83211678832117
E00047644,315,53,20,33,262,13,249,16.825396825396826,6.349206349206349,10.476190476190476,83.17460317460318,4.1269841269841265,79.04761904761905
E00047645,414,63,27,36,351,17,334,15.217391304347828,6.521739130434782,8.695652173913043,84.78260869565217,4.1062801932367154,80.67632850241546
E00047646,326,74,46,28,252,16,236,22.699386503067483,14.11042944785276,8.588957055214724,77.30061349693251,4.9079754601226995,72.39263803680981
E00047647,336,70,41,29,266,14,252,20.833333333333336,12.202380952380953,8.630952380952381,79.16666666666666,4.166666666666666,75
E00047648,362,62,37,25,300,15,285,17.12707182320442,10.220994475138122,6.906077348066299,82.87292817679558,4.143646408839778,78.72928176795581
E00047649,394,75,40,35,319,14,305,19.035532994923855,10.152284263959391,8.883248730964468,80.96446700507614,3.5532994923857872,77.41116751269035
E00047650,379,52,21,31,327,15,312,13.720316622691293,5.540897097625329,8.179419525065963,86.2796833773087,3.95778364116095,82.32189973614776
E00047651,327,54,25,29,273,14,259,16.51376146788991,7.64525993883792,8.868501529051988,83.4862385321101,4.281345565749235,79.20489296636084
E00047652,320,72,31,41,248,8,240,22.5,9.6875,12.812499999999998,77.5,2.5,75
E00047653,495,95,46,49,400,15,385,19.19191919191919,9.292929292929292,9.8989898989899,80.8080808080808,3.0303030303030303,77.77777777777779
E00047654,251,51,14,37,200,13,187,20.318725099601593,5.577689243027888,14.741035856573706,79.6812749003984,5.179282868525896,74.5019920318725
E00047655,311,50,26,24,261,12,249,16.077170418006432,8.360128617363344,7.717041800643088,83.92282958199357,3.858520900321544,80.06430868167203
E00047656,318,66,35,31,252,17,235,20.754716981132077,11.0062893081761,9.748427672955975,79.24528301886792,5.345911949685535,73.89937106918238
E00047657,206,56,33,23,150,7,143,27.184466019417474,16.019417475728158,11.165048543689322,72.81553398058253,3.3980582524271843,69.41747572815534
E00047658,329,43,19,24,286,13,273,13.069908814589665,5.775075987841945,7.29483282674772,86.93009118541033,3.951367781155015,82.97872340425532
E00047659,268,45,22,23,223,14,209,16.791044776119403,8.208955223880597,8.582089552238806,83.2089552238806,5.223880597014925,77.98507462686567
E00047660,363,79,43,36,284,8,276,21.763085399449036,11.84573002754821,9.917355371900827,78.23691460055096,2.203856749311295,76.03305785123968
E00047661,405,80,37,43,325,18,307,19.753086419753085,9.135802469135802,10.617283950617285,80.24691358024691,4.444444444444445,75.80246913580247
E00047662,288,71,28,43,217,9,208,24.65277777777778,9.722222222222223,14.930555555555555,75.34722222222221,3.125,72.22222222222221
E00047663,322,65,28,37,257,14,243,20.18633540372671,8.695652173913043,11.490683229813664,79.8136645962733,4.3478260869565215,75.46583850931677
E00047664,305,43,18,25,262,11,251,14.098360655737704,5.901639344262295,8.19672131147541,85.90163934426229,3.606557377049181,82.29508196721311
E00047665,281,73,34,39,208,15,193,25.97864768683274,12.099644128113878,13.87900355871886,74.02135231316726,5.338078291814947,68.68327402135232
E00047666,314,64,33,31,250,13,237,20.382165605095544,10.509554140127388,9.872611464968154,79.61783439490446,4.140127388535031,75.47770700636943
E00047667,281,48,19,29,233,18,215,17.08185053380783,6.761565836298933,10.320284697508896,82.91814946619218,6.405693950177936,76.51245551601423
E00047668,311,70,41,29,241,14,227,22.508038585209004,13.183279742765272,9.32475884244373,77.491961414791,4.501607717041801,72.9903536977492
E00047669,369,74,32,42,295,28,267,20.05420054200542,8.672086720867208,11.38211382113821,79.94579945799458,7.588075880758807,72.35772357723577
E00047670,298,81,46,35,217,19,198,27.181208053691275,15.436241610738255,11.74496644295302,72.81879194630872,6.375838926174497,66.44295302013423
E00047671,296,78,35,43,218,18,200,26.351351351351347,11.824324324324325,14.527027027027026,73.64864864864865,6.081081081081082,67.56756756756756
E00047672,310,58,24,34,252,16,236,18.70967741935484,7.741935483870968,10.967741935483872,81.29032258064515,5.161290322580645,76.12903225806451
E00047673,448,76,39,37,372,17,355,16.964285714285715,8.705357142857142,8.258928571428571,83.03571428571429,3.7946428571428568,79.24107142857143
E00047674,339,68,29,39,271,7,264,20.058997050147493,8.55457227138643,11.504424778761061,79.9410029498525,2.0648967551622417,77.87610619469027
E00047675,330,48,20,28,282,8,274,14.545454545454545,6.0606060606060606,8.484848484848486,85.45454545454545,2.4242424242424243,83.03030303030303
E00047676,361,55,26,29,306,21,285,15.23545706371191,7.202216066481995,8.033240997229916,84.7645429362881,5.8171745152354575,78.94736842105263
E00047677,302,62,23,39,240,22,218,20.52980132450331,7.6158940397351,12.91390728476821,79.47019867549669,7.28476821192053,72.18543046357617
E00047678,320,71,23,48,249,25,224,22.1875,7.187499999999999,15,77.8125,7.8125,70
E00047679,348,64,27,37,284,22,262,18.39080459770115,7.758620689655173,10.632183908045976,81.60919540229885,6.321839080459771,75.28735632183908
E00047680,341,41,7,34,300,26,274,12.023460410557185,2.0527859237536656,9.970674486803519,87.97653958944281,7.624633431085044,80.35190615835776
E00047681,371,68,27,41,303,21,282,18.328840970350406,7.277628032345014,11.05121293800539,81.6711590296496,5.660377358490567,76.01078167115904
E00047682,398,50,19,31,348,30,318,12.562814070351758,4.773869346733668,7.788944723618091,87.43718592964824,7.537688442211055,79.89949748743719
E00047683,236,40,12,28,196,24,172,16.94915254237288,5.084745762711865,11.864406779661017,83.05084745762711,10.16949152542373,72.88135593220339
E00047684,360,46,13,33,314,29,285,12.777777777777777,3.6111111111111107,9.166666666666666,87.22222222222223,8.055555555555555,79.16666666666666
E00047685,305,39,14,25,266,18,248,12.786885245901638,4.590163934426229,8.19672131147541,87.21311475409837,5.901639344262295,81.31147540983606
E00047686,310,42,19,23,268,19,249,13.548387096774196,6.129032258064516,7.419354838709677,86.45161290322581,6.129032258064516,80.3225806451613
E00047687,377,42,10,32,335,36,299,11.140583554376658,2.6525198938992043,8.488063660477453,88.85941644562334,9.549071618037134,79.3103448275862
E00047688,369,51,16,35,318,32,286,13.821138211382115,4.336043360433604,9.48509485094851,86.1788617886179,8.672086720867208,77.50677506775068
E00047689,299,43,12,31,256,37,219,14.381270903010032,4.013377926421405,10.367892976588628,85.61872909698997,12.37458193979933,73.24414715719062
E00047690,309,71,40,31,238,36,202,22.97734627831715,12.944983818770226,10.032362459546926,77.02265372168284,11.650485436893204,65.37216828478964
E00047691,359,43,16,27,316,21,295,11.977715877437326,4.456824512534819,7.520891364902507,88.02228412256268,5.8495821727019495,82.17270194986072
E00047692,310,45,20,25,265,30,235,14.516129032258066,6.451612903225806,8.064516129032258,85.48387096774194,9.67741935483871,75.80645161290323
E00047693,163,21,10,11,142,11,131,12.883435582822086,6.134969325153374,6.748466257668712,87.11656441717791,6.748466257668712,80.3680981595092
E00047694,374,54,18,36,320,23,297,14.43850267379679,4.81283422459893,9.62566844919786,85.56149732620321,6.149732620320856,79.41176470588235
E00047695,332,42,14,28,290,17,273,12.650602409638553,4.216867469879518,8.433734939759036,87.34939759036145,5.120481927710843,82.2289156626506
E00047696,370,69,29,40,301,26,275,18.64864864864865,7.837837837837839,10.81081081081081,81.35135135135135,7.027027027027027,74.32432432432432
E00047697,262,50,23,27,212,27,185,19.083969465648856,8.778625954198473,10.305343511450381,80.91603053435115,10.305343511450381,70.61068702290076
E00047698,350,38,11,27,312,18,294,10.857142857142858,3.1428571428571432,7.7142857142857135,89.14285714285714,5.142857142857142,84
E00047700,357,37,12,25,320,29,291,10.364145658263306,3.361344537815126,7.002801120448179,89.6358543417367,8.123249299719888,81.5126050420168
E00047701,241,58,23,35,183,17,166,24.066390041493776,9.54356846473029,14.522821576763487,75.93360995850622,7.053941908713693,68.87966804979253
E00047702,323,47,19,28,276,24,252,14.551083591331269,5.88235294117647,8.6687306501548,85.44891640866872,7.430340557275541,78.0185758513932
E00047703,345,48,16,32,297,21,276,13.91304347826087,4.63768115942029,9.27536231884058,86.08695652173914,6.086956521739131,80
E00047704,340,89,38,51,251,16,235,26.176470588235297,11.176470588235295,15,73.82352941176471,4.705882352941177,69.11764705882352
E00047705,358,43,16,27,315,25,290,12.011173184357542,4.4692737430167595,7.5418994413407825,87.98882681564247,6.983240223463687,81.00558659217877
E00047706,359,28,7,21,331,29,302,7.7994428969359335,1.9498607242339834,5.8495821727019495,92.20055710306406,8.07799442896936,84.12256267409471
E00047707,257,49,20,29,208,17,191,19.06614785992218,7.782101167315175,11.284046692607005,80.93385214007782,6.614785992217899,74.31906614785993
E00047708,149,58,23,35,91,5,86,38.92617449664429,15.436241610738255,23.48993288590604,61.07382550335571,3.3557046979865772,57.71812080536913
E00047709,329,48,19,29,281,21,260,14.58966565349544,5.775075987841945,8.814589665653495,85.41033434650456,6.382978723404255,79.0273556231003
E00047710,244,60,29,31,184,18,166,24.59016393442623,11.885245901639344,12.704918032786885,75.40983606557377,7.377049180327869,68.0327868852459
E00047711,364,29,8,21,335,19,316,7.967032967032966,2.197802197802198,5.769230769230769,92.03296703296702,5.21978021978022,86.81318681318682
E00047712,256,49,20,29,207,18,189,19.140625,7.8125,11.328125,80.859375,7.03125,73.828125
E00047713,348,50,19,31,298,33,265,14.367816091954023,5.459770114942529,8.908045977011495,85.63218390804597,9.482758620689655,76.14942528735632
E00047714,172,32,11,21,140,19,121,18.6046511627907,6.395348837209303,12.209302325581394,81.3953488372093,11.046511627906977,70.34883720930233
E00047715,284,35,8,27,249,20,229,12.323943661971832,2.8169014084507045,9.507042253521126,87.67605633802818,7.042253521126761,80.63380281690141
E00047716,256,58,30,28,198,17,181,22.65625,11.71875,10.9375,77.34375,6.640625,70.703125
E00047717,401,62,31,31,339,32,307,15.46134663341646,7.73067331670823,7.73067331670823,84.53865336658353,7.98004987531172,76.55860349127181
E00047718,427,41,19,22,386,33,353,9.601873536299765,4.449648711943794,5.152224824355972,90.39812646370024,7.728337236533958,82.66978922716628
E00047719,241,45,18,27,196,22,174,18.672199170124482,7.468879668049793,11.20331950207469,81.32780082987551,9.12863070539419,72.19917012448133
E00047720,303,54,28,26,249,17,232,17.82178217821782,9.24092409240924,8.58085808580858,82.17821782178217,5.6105610561056105,76.56765676567657
E00047721,327,43,18,25,284,18,266,13.149847094801222,5.5045871559633035,7.64525993883792,86.85015290519877,5.5045871559633035,81.34556574923548
E00047722,212,57,28,29,155,14,141,26.88679245283019,13.20754716981132,13.679245283018867,73.11320754716981,6.60377358490566,66.50943396226415
E00047723,310,41,8,33,269,22,247,13.225806451612904,2.5806451612903225,10.64516129032258,86.7741935483871,7.096774193548387,79.6774193548387
E00047724,288,23,7,16,265,23,242,7.986111111111111,2.430555555555556,5.555555555555555,92.01388888888889,7.986111111111111,84.02777777777779
E00047725,390,64,24,40,326,34,292,16.41025641025641,6.153846153846154,10.256410256410255,83.58974358974359,8.717948717948717,74.87179487179488
E00047726,313,62,22,40,251,23,228,19.808306709265175,7.0287539936102235,12.779552715654951,80.19169329073482,7.348242811501597,72.84345047923323
E00047727,301,37,12,25,264,32,232,12.29235880398671,3.9867109634551494,8.305647840531561,87.70764119601328,10.631229235880399,77.0764119601329
E00047728,394,36,16,20,358,27,331,9.137055837563452,4.060913705583756,5.0761421319796955,90.86294416243655,6.852791878172589,84.01015228426397
E00047729,301,35,14,21,266,26,240,11.627906976744185,4.651162790697675,6.976744186046512,88.37209302325581,8.637873754152823,79.734219269103
E00047730,265,40,11,29,225,21,204,15.09433962264151,4.150943396226415,10.943396226415095,84.90566037735849,7.9245283018867925,76.9811320754717
E00047731,290,61,28,33,229,25,204,21.03448275862069,9.655172413793103,11.379310344827587,78.96551724137932,8.620689655172415,70.34482758620689
E00047732,281,50,17,33,231,27,204,17.793594306049823,6.049822064056939,11.743772241992882,82.20640569395017,9.608540925266903,72.59786476868328
E00047733,298,17,3,14,281,23,258,5.704697986577181,1.006711409395973,4.697986577181208,94.29530201342283,7.718120805369128,86.57718120805369
E00047734,297,51,23,28,246,28,218,17.17171717171717,7.744107744107744,9.427609427609427,82.82828282828282,9.427609427609427,73.4006734006734
E00047735,362,31,10,21,331,17,314,8.56353591160221,2.7624309392265194,5.801104972375691,91.4364640883978,4.696132596685083,86.74033149171271
E00047736,306,54,15,39,252,18,234,17.647058823529413,4.901960784313726,12.745098039215685,82.35294117647058,5.88235294117647,76.47058823529412
E00047737,328,39,14,25,289,34,255,11.890243902439025,4.2682926829268295,7.621951219512195,88.10975609756098,10.365853658536585,77.7439024390244
E00047738,393,47,18,29,346,23,323,11.959287531806616,4.580152671755725,7.37913486005089,88.04071246819338,5.852417302798982,82.1882951653944
E00047739,354,27,11,16,327,20,307,7.627118644067797,3.1073446327683616,4.519774011299435,92.37288135593221,5.649717514124294,86.7231638418079
E00047740,291,54,19,35,237,24,213,18.556701030927837,6.529209621993128,12.027491408934708,81.44329896907216,8.24742268041237,73.19587628865979
E00047741,187,48,24,24,139,6,133,25.668449197860966,12.834224598930483,12.834224598930483,74.33155080213903,3.2085561497326207,71.12299465240642
E00047742,190,35,11,24,155,17,138,18.421052631578945,5.7894736842105265,12.631578947368421,81.57894736842105,8.947368421052632,72.63157894736842
E00047743,300,43,22,21,257,20,237,14.333333333333334,7.333333333333333,7.000000000000001,85.66666666666667,6.666666666666667,79
E00047744,303,37,15,22,266,27,239,12.211221122112212,4.9504950495049505,7.2607260726072615,87.78877887788778,8.91089108910891,78.87788778877888
E00047745,242,27,10,17,215,26,189,11.15702479338843,4.132231404958678,7.024793388429752,88.84297520661157,10.743801652892563,78.099173553719
E00047746,365,39,16,23,326,30,296,10.684931506849315,4.383561643835616,6.301369863013699,89.31506849315069,8.21917808219178,81.0958904109589
E00047747,346,44,7,37,302,25,277,12.716763005780345,2.023121387283237,10.69364161849711,87.28323699421965,7.225433526011561,80.05780346820809
E00047748,352,37,15,22,315,30,285,10.511363636363637,4.261363636363636,6.25,89.48863636363636,8.522727272727272,80.9659090909091
E00047749,224,26,15,11,198,22,176,11.607142857142858,6.696428571428571,4.910714285714286,88.39285714285714,9.821428571428571,78.57142857142857
E00047750,339,49,12,37,290,30,260,14.454277286135694,3.5398230088495577,10.914454277286136,85.54572271386431,8.849557522123893,76.69616519174042
E00047751,359,36,13,23,323,22,301,10.027855153203342,3.6211699164345403,6.406685236768802,89.97214484679665,6.128133704735376,83.84401114206128
E00047752,325,25,9,16,300,30,270,7.6923076923076925,2.769230769230769,4.923076923076923,92.3076923076923,9.230769230769232,83.07692307692308
E00047753,339,55,17,38,284,25,259,16.224188790560472,5.014749262536873,11.209439528023598,83.77581120943954,7.374631268436578,76.40117994100295
E00047754,404,71,45,26,333,28,305,17.574257425742573,11.138613861386139,6.435643564356436,82.42574257425743,6.9306930693069315,75.4950495049505
E00047755,267,38,18,20,229,31,198,14.232209737827715,6.741573033707865,7.490636704119851,85.76779026217228,11.610486891385769,74.15730337078652
E00047756,422,59,28,31,363,31,332,13.981042654028435,6.6350710900473935,7.345971563981042,86.01895734597157,7.345971563981042,78.67298578199052
E00047757,285,39,15,24,246,29,217,13.684210526315791,5.263157894736842,8.421052631578947,86.31578947368422,10.175438596491228,76.14035087719299
E00047758,205,46,18,28,159,17,142,22.439024390243905,8.780487804878048,13.658536585365855,77.5609756097561,8.292682926829269,69.26829268292683
E00047759,328,50,10,40,278,31,247,15.24390243902439,3.048780487804878,12.195121951219512,84.7560975609756,9.451219512195122,75.3048780487805
E00047760,302,35,6,29,267,28,239,11.589403973509933,1.9867549668874174,9.602649006622517,88.41059602649007,9.271523178807946,79.13907284768213
E00047761,256,85,40,45,171,16,155,33.203125,15.625,17.578125,66.796875,6.25,60.546875
E00047762,370,54,18,36,316,27,289,14.594594594594595,4.864864864864865,9.72972972972973,85.4054054054054,7.297297297297297,78.10810810810811
E00047763,328,74,34,40,254,14,240,22.5609756097561,10.365853658536585,12.195121951219512,77.4390243902439,4.2682926829268295,73.17073170731707
E00047764,474,42,11,31,432,42,390,8.860759493670885,2.320675105485232,6.5400843881856545,91.13924050632912,8.860759493670885,82.27848101265823
E00047765,301,29,8,21,272,24,248,9.634551495016613,2.6578073089700998,6.976744186046512,90.36544850498339,7.973421926910299,82.39202657807309
E00047766,339,40,6,34,299,28,271,11.799410029498524,1.7699115044247788,10.029498525073747,88.20058997050147,8.259587020648967,79.9410029498525
E00047767,309,47,17,30,262,27,235,15.210355987055015,5.501618122977346,9.70873786407767,84.78964401294499,8.737864077669903,76.05177993527508
E00047768,310,52,19,33,258,20,238,16.7741935483871,6.129032258064516,10.64516129032258,83.22580645161291,6.451612903225806,76.77419354838709
E00047769,255,56,20,36,199,17,182,21.96078431372549,7.8431372549019605,14.117647058823529,78.03921568627452,6.666666666666667,71.37254901960785
E00047770,319,43,16,27,276,26,250,13.479623824451412,5.015673981191222,8.463949843260188,86.52037617554859,8.150470219435736,78.36990595611285
E00047771,307,82,42,40,225,22,203,26.710097719869708,13.680781758957655,13.029315960912053,73.28990228013029,7.166123778501629,66.12377850162866
E00047772,338,46,22,24,292,28,264,13.609467455621301,6.508875739644971,7.100591715976331,86.3905325443787,8.284023668639055,78.10650887573965
E00047773,311,37,14,23,274,19,255,11.89710610932476,4.501607717041801,7.395498392282958,88.10289389067523,6.109324758842444,81.9935691318328
E00047774,389,38,13,25,351,22,329,9.768637532133676,3.3419023136246784,6.426735218508997,90.23136246786633,5.655526992287918,84.57583547557842
E00047775,253,25,10,15,228,22,206,9.881422924901186,3.9525691699604746,5.928853754940711,90.11857707509881,8.695652173913043,81.42292490118577
E00047776,314,91,53,38,223,9,214,28.980891719745223,16.878980891719745,12.101910828025478,71.01910828025477,2.8662420382165608,68.15286624203821
E00047777,372,44,19,25,328,27,301,11.827956989247312,5.10752688172043,6.720430107526881,88.17204301075269,7.258064516129033,80.91397849462365
E00047778,318,21,9,12,297,22,275,6.60377358490566,2.8301886792452833,3.7735849056603774,93.39622641509435,6.918238993710692,86.47798742138365
E00047779,576,65,23,42,511,45,466,11.284722222222223,3.9930555555555554,7.291666666666667,88.71527777777779,7.8125,80.90277777777779
E00047780,260,46,24,22,214,24,190,17.692307692307693,9.230769230769232,8.461538461538462,82.3076923076923,9.230769230769232,73.07692307692307
E00047781,296,45,20,25,251,20,231,15.202702702702704,6.756756756756757,8.445945945945946,84.7972972972973,6.756756756756757,78.04054054054053
E00047782,515,104,55,49,411,46,365,20.19417475728155,10.679611650485436,9.514563106796116,79.80582524271844,8.932038834951456,70.87378640776699
E00047783,547,66,27,39,481,37,444,12.065813528336381,4.93601462522852,7.129798903107861,87.93418647166362,6.764168190127971,81.17001828153565
E00047784,320,48,17,31,272,20,252,15,5.3125,9.6875,85,6.25,78.75
E00047785,306,62,24,38,244,25,219,20.26143790849673,7.8431372549019605,12.418300653594772,79.73856209150327,8.169934640522875,71.56862745098039
E00047786,318,49,20,29,269,24,245,15.40880503144654,6.289308176100629,9.119496855345911,84.59119496855347,7.547169811320755,77.04402515723271
E00047787,223,55,19,36,168,16,152,24.663677130044842,8.520179372197308,16.143497757847534,75.33632286995515,7.174887892376682,68.16143497757847
E00047788,269,42,13,29,227,26,201,15.613382899628252,4.83271375464684,10.780669144981413,84.38661710037175,9.66542750929368,74.72118959107806
E00047789,260,26,6,20,234,20,214,10,2.307692307692308,7.6923076923076925,90,7.6923076923076925,82.3076923076923
E00047790,379,51,21,30,328,31,297,13.456464379947231,5.540897097625329,7.9155672823219,86.54353562005277,8.179419525065963,78.3641160949868
E00047791,296,49,15,34,247,20,227,16.554054054054053,5.0675675675675675,11.486486486486488,83.44594594594594,6.756756756756757,76.6891891891892
E00047792,298,52,20,32,246,17,229,17.449664429530202,6.7114093959731544,10.738255033557047,82.5503355704698,5.704697986577181,76.84563758389261
E00047793,254,60,30,30,194,18,176,23.62204724409449,11.811023622047244,11.811023622047244,76.37795275590551,7.086614173228346,69.29133858267717
E00047794,327,53,27,26,274,16,258,16.207951070336392,8.256880733944955,7.951070336391437,83.79204892966361,4.892966360856269,78.89908256880734
E00047795,281,42,16,26,239,20,219,14.94661921708185,5.6939501779359425,9.252669039145907,85.05338078291815,7.11743772241993,77.93594306049823
E00047796,332,40,13,27,292,19,273,12.048192771084338,3.91566265060241,8.132530120481928,87.95180722891565,5.72289156626506,82.2289156626506
E00047797,260,46,21,25,214,22,192,17.692307692307693,8.076923076923077,9.615384615384617,82.3076923076923,8.461538461538462,73.84615384615385
E00047798,235,37,7,30,198,20,178,15.74468085106383,2.9787234042553195,12.76595744680851,84.25531914893617,8.51063829787234,75.74468085106383
E00047799,175,31,14,17,144,14,130,17.71428571428571,8,9.714285714285714,82.28571428571428,8,74.28571428571429
E00047800,249,61,20,41,188,15,173,24.497991967871485,8.032128514056225,16.46586345381526,75.50200803212851,6.024096385542169,69.47791164658635
E00047801,274,41,17,24,233,23,210,14.963503649635038,6.204379562043796,8.75912408759124,85.03649635036497,8.394160583941606,76.64233576642336
E00047802,245,35,10,25,210,18,192,14.285714285714285,4.081632653061225,10.204081632653061,85.71428571428571,7.346938775510205,78.36734693877551
E00047803,383,32,7,25,351,24,327,8.355091383812011,1.8276762402088773,6.527415143603134,91.64490861618799,6.266318537859007,85.37859007832898
E00047804,338,55,27,28,283,29,254,16.272189349112427,7.988165680473373,8.284023668639055,83.72781065088756,8.579881656804734,75.14792899408283
E00047805,238,78,50,28,160,15,145,32.773109243697476,21.008403361344538,11.76470588235294,67.22689075630252,6.302521008403361,60.924369747899156
E00047806,307,53,21,32,254,17,237,17.263843648208468,6.840390879478828,10.423452768729643,82.73615635179154,5.537459283387622,77.19869706840392
E00047807,281,33,15,18,248,24,224,11.743772241992882,5.338078291814947,6.405693950177936,88.25622775800713,8.540925266903916,79.7153024911032
E00047808,339,48,14,34,291,26,265,14.15929203539823,4.129793510324483,10.029498525073747,85.84070796460178,7.669616519174041,78.17109144542773
E00047809,326,36,5,31,290,29,261,11.042944785276074,1.5337423312883436,9.509202453987731,88.95705521472392,8.895705521472392,80.06134969325154
E00047810,394,75,30,45,319,27,292,19.035532994923855,7.614213197969544,11.421319796954315,80.96446700507614,6.852791878172589,74.11167512690355
E00047811,261,43,19,24,218,16,202,16.47509578544061,7.2796934865900385,9.195402298850574,83.5249042145594,6.130268199233716,77.39463601532567
E00047812,331,43,15,28,288,31,257,12.990936555891238,4.531722054380665,8.459214501510575,87.00906344410876,9.365558912386707,77.64350453172206
E00047813,172,48,25,23,124,20,104,27.906976744186046,14.534883720930234,13.372093023255813,72.09302325581395,11.627906976744185,60.46511627906976
E00047814,137,38,20,18,99,7,92,27.73722627737226,14.5985401459854,13.138686131386862,72.26277372262774,5.109489051094891,67.15328467153284
E00047815,324,37,11,26,287,31,256,11.419753086419753,3.3950617283950617,8.024691358024691,88.58024691358025,9.5679012345679,79.01234567901234
E00047816,402,45,19,26,357,32,325,11.194029850746269,4.72636815920398,6.467661691542288,88.80597014925374,7.960199004975125,80.84577114427861
E00047817,349,51,14,37,298,26,272,14.613180515759314,4.011461318051576,10.601719197707736,85.38681948424069,7.4498567335243555,77.93696275071633
E00047818,276,38,13,25,238,17,221,13.768115942028986,4.710144927536232,9.057971014492754,86.23188405797102,6.159420289855073,80.07246376811594
E00047819,304,41,11,30,263,27,236,13.486842105263158,3.618421052631579,9.868421052631579,86.51315789473685,8.881578947368421,77.63157894736842
E00047820,313,38,17,21,275,30,245,12.140575079872203,5.431309904153355,6.7092651757188495,87.8594249201278,9.584664536741213,78.27476038338658
E00047821,330,40,10,30,290,30,260,12.121212121212121,3.0303030303030303,9.090909090909092,87.87878787878788,9.090909090909092,78.78787878787878
E00047823,430,41,8,33,389,19,370,9.534883720930234,1.8604651162790697,7.674418604651163,90.46511627906978,4.4186046511627906,86.04651162790698
E00047824,425,54,19,35,371,27,344,12.705882352941176,4.470588235294118,8.235294117647058,87.29411764705883,6.352941176470588,80.94117647058823
E00047825,194,39,14,25,155,21,134,20.103092783505154,7.216494845360824,12.886597938144329,79.89690721649485,10.824742268041238,69.0721649484536
E00047826,347,37,13,24,310,25,285,10.662824207492795,3.7463976945244957,6.9164265129683,89.33717579250721,7.204610951008646,82.13256484149855
E00047827,278,27,7,20,251,23,228,9.712230215827338,2.5179856115107913,7.1942446043165464,90.28776978417267,8.273381294964029,82.01438848920863
E00047828,272,71,41,30,201,21,180,26.10294117647059,15.073529411764705,11.029411764705882,73.89705882352942,7.720588235294118,66.17647058823529
E00047829,253,41,14,27,212,20,192,16.205533596837945,5.533596837944664,10.67193675889328,83.79446640316206,7.905138339920949,75.8893280632411
E00047830,242,27,10,17,215,17,198,11.15702479338843,4.132231404958678,7.024793388429752,88.84297520661157,7.024793388429752,81.81818181818183
E00047831,248,38,12,26,210,19,191,15.32258064516129,4.838709677419355,10.483870967741936,84.67741935483872,7.661290322580645,77.01612903225806
E00047832,278,47,15,32,231,19,212,16.906474820143885,5.39568345323741,11.510791366906476,83.09352517985612,6.83453237410072,76.2589928057554
E00047833,355,43,13,30,312,17,295,12.112676056338028,3.6619718309859155,8.450704225352112,87.88732394366198,4.788732394366197,83.09859154929578
E00047834,264,60,26,34,204,19,185,22.727272727272727,9.848484848484848,12.878787878787879,77.27272727272727,7.196969696969697,70.07575757575758
E00047835,348,52,23,29,296,25,271,14.942528735632186,6.609195402298851,8.333333333333332,85.0574712643678,7.183908045977011,77.87356321839081
E00047836,293,33,9,24,260,25,235,11.262798634812286,3.0716723549488054,8.19112627986348,88.73720136518772,8.532423208191126,80.2047781569966
E00047837,261,36,14,22,225,23,202,13.793103448275861,5.363984674329502,8.42911877394636,86.20689655172413,8.812260536398467,77.39463601532567
E00047838,251,43,16,27,208,10,198,17.131474103585656,6.374501992031872,10.756972111553784,82.86852589641434,3.9840637450199203,78.88446215139442
E00047839,364,121,80,41,243,19,224,33.24175824175824,21.978021978021978,11.263736263736265,66.75824175824175,5.21978021978022,61.53846153846154
E00047840,300,52,26,26,248,26,222,17.333333333333336,8.666666666666668,8.666666666666668,82.66666666666667,8.666666666666668,74
E00047841,269,55,26,29,214,16,198,20.44609665427509,9.66542750929368,10.780669144981413,79.5539033457249,5.947955390334572,73.60594795539033
E00047842,306,44,22,22,262,19,243,14.37908496732026,7.18954248366013,7.18954248366013,85.62091503267973,6.209150326797386,79.41176470588235
E00047843,285,36,13,23,249,25,224,12.631578947368421,4.56140350877193,8.070175438596491,87.36842105263159,8.771929824561402,78.59649122807018
E00047844,280,43,16,27,237,20,217,15.357142857142858,5.714285714285714,9.642857142857144,84.64285714285714,7.142857142857142,77.5
E00047845,315,54,26,28,261,25,236,17.142857142857142,8.253968253968253,8.88888888888889,82.85714285714286,7.936507936507936,74.92063492063492
E00047846,322,42,20,22,280,21,259,13.043478260869565,6.211180124223603,6.832298136645963,86.95652173913044,6.521739130434782,80.43478260869566
E00047847,367,59,29,30,308,30,278,16.076294277929154,7.901907356948229,8.174386920980927,83.92370572207084,8.174386920980927,75.74931880108991
E00047848,282,53,12,41,229,23,206,18.79432624113475,4.25531914893617,14.539007092198581,81.20567375886525,8.156028368794328,73.04964539007092
E00047849,321,41,16,25,280,25,255,12.77258566978193,4.984423676012461,7.78816199376947,87.22741433021807,7.78816199376947,79.43925233644859
E00047850,285,51,16,35,234,23,211,17.894736842105264,5.614035087719298,12.280701754385964,82.10526315789474,8.070175438596491,74.03508771929825
E00047851,290,73,32,41,217,18,199,25.17241379310345,11.03448275862069,14.13793103448276,74.82758620689656,6.206896551724138,68.62068965517241
E00047852,312,66,36,30,246,19,227,21.153846153846153,11.538461538461538,9.615384615384617,78.84615384615384,6.089743589743589,72.75641025641025
E00047853,364,47,12,35,317,32,285,12.912087912087914,3.296703296703297,9.615384615384617,87.08791208791209,8.791208791208792,78.2967032967033
E00047854,290,46,21,25,244,13,231,15.862068965517242,7.241379310344828,8.620689655172415,84.13793103448276,4.482758620689655,79.65517241379311
E00047855,310,52,23,29,258,18,240,16.7741935483871,7.419354838709677,9.35483870967742,83.22580645161291,5.806451612903226,77.41935483870968
E00047856,272,48,25,23,224,19,205,17.647058823529413,9.191176470588236,8.455882352941178,82.35294117647058,6.985294117647059,75.36764705882352
E00047857,232,63,35,28,169,13,156,27.155172413793103,15.086206896551724,12.068965517241379,72.84482758620689,5.603448275862069,67.24137931034483
E00047858,339,52,21,31,287,26,261,15.339233038348082,6.1946902654867255,9.144542772861357,84.66076696165192,7.669616519174041,76.99115044247787
E00047859,236,60,26,34,176,19,157,25.423728813559322,11.016949152542372,14.40677966101695,74.57627118644068,8.050847457627118,66.52542372881356
E00047860,328,38,17,21,290,26,264,11.585365853658537,5.182926829268292,6.402439024390244,88.41463414634147,7.926829268292683,80.48780487804879
E00047861,229,50,17,33,179,14,165,21.83406113537118,7.423580786026202,14.41048034934498,78.16593886462883,6.11353711790393,72.0524017467249
E00047863,322,29,5,24,293,24,269,9.006211180124224,1.5527950310559007,7.453416149068323,90.99378881987577,7.453416149068323,83.54037267080744
E00047864,229,95,70,25,134,10,124,41.48471615720524,30.567685589519648,10.91703056768559,58.515283842794766,4.366812227074235,54.14847161572053
E00047865,295,32,18,14,263,20,243,10.847457627118644,6.101694915254238,4.745762711864407,89.15254237288136,6.779661016949152,82.37288135593221
E00047866,329,39,16,23,290,20,270,11.854103343465045,4.86322188449848,6.990881458966565,88.14589665653494,6.079027355623101,82.06686930091185
E00047867,387,58,33,25,329,30,299,14.987080103359174,8.527131782945736,6.459948320413436,85.01291989664082,7.751937984496124,77.2609819121447
E00047868,311,45,11,34,266,25,241,14.469453376205788,3.536977491961415,10.932475884244374,85.53054662379421,8.038585209003216,77.491961414791
E00047869,456,142,58,84,314,27,287,31.140350877192986,12.719298245614036,18.421052631578945,68.85964912280701,5.921052631578947,62.93859649122807
E00047870,301,36,12,24,265,16,249,11.960132890365449,3.9867109634551494,7.973421926910299,88.03986710963456,5.3156146179401995,82.72425249169434
E00047871,378,89,39,50,289,20,269,23.544973544973544,10.317460317460316,13.227513227513226,76.45502645502646,5.291005291005291,71.16402116402116
E00047872,291,80,31,49,211,16,195,27.491408934707906,10.652920962199312,16.83848797250859,72.5085910652921,5.498281786941581,67.0103092783505
E00047873,378,46,17,29,332,26,306,12.16931216931217,4.497354497354497,7.671957671957672,87.83068783068782,6.878306878306878,80.95238095238095
E00047874,318,70,35,35,248,20,228,22.0125786163522,11.0062893081761,11.0062893081761,77.9874213836478,6.289308176100629,71.69811320754717
E00047875,370,58,22,36,312,13,299,15.675675675675677,5.9459459459459465,9.72972972972973,84.32432432432432,3.5135135135135136,80.8108108108108
E00047876,310,60,23,37,250,15,235,19.35483870967742,7.419354838709677,11.935483870967742,80.64516129032258,4.838709677419355,75.80645161290323
E00047877,303,88,42,46,215,11,204,29.042904290429046,13.861386138613863,15.181518151815181,70.95709570957096,3.6303630363036308,67.32673267326733
E00047878,254,59,28,31,195,10,185,23.228346456692915,11.023622047244094,12.204724409448819,76.77165354330708,3.937007874015748,72.83464566929135
E00047880,402,56,23,33,346,35,311,13.930348258706468,5.721393034825871,8.208955223880597,86.06965174129353,8.706467661691542,77.363184079602
E00047881,381,70,26,44,311,30,281,18.37270341207349,6.824146981627297,11.548556430446194,81.62729658792651,7.874015748031496,73.75328083989501
E00047882,267,48,18,30,219,19,200,17.97752808988764,6.741573033707865,11.235955056179774,82.02247191011236,7.116104868913857,74.90636704119851
E00047883,315,80,49,31,235,19,216,25.396825396825395,15.555555555555555,9.841269841269842,74.60317460317461,6.031746031746032,68.57142857142857
E00047884,361,77,34,43,284,30,254,21.329639889196674,9.418282548476455,11.911357340720222,78.67036011080333,8.310249307479225,70.3601108033241
E00047885,265,80,44,36,185,17,168,30.18867924528302,16.60377358490566,13.584905660377359,69.81132075471697,6.415094339622642,63.39622641509434
E00047886,330,54,26,28,276,26,250,16.363636363636363,7.878787878787878,8.484848484848486,83.63636363636363,7.878787878787878,75.75757575757575
E00047887,304,42,18,24,262,16,246,13.815789473684212,5.921052631578947,7.894736842105263,86.18421052631578,5.263157894736842,80.92105263157895
E00047888,358,62,21,41,296,24,272,17.318435754189945,5.865921787709497,11.452513966480447,82.68156424581005,6.70391061452514,75.97765363128491
E00047890,341,78,41,37,263,31,232,22.87390029325513,12.023460410557185,10.850439882697946,77.12609970674487,9.090909090909092,68.03519061583577
E00047891,374,45,14,31,329,41,288,12.032085561497325,3.7433155080213902,8.288770053475936,87.96791443850267,10.962566844919785,77.00534759358288
E00047892,278,70,25,45,208,22,186,25.179856115107913,8.992805755395683,16.18705035971223,74.82014388489209,7.913669064748201,66.90647482014388
E00047893,265,42,19,23,223,13,210,15.849056603773585,7.169811320754717,8.679245283018867,84.15094339622642,4.905660377358491,79.24528301886792
E00047894,423,101,72,29,322,19,303,23.87706855791962,17.02127659574468,6.8557919621749415,76.12293144208037,4.491725768321513,71.63120567375887
E00047895,342,49,21,28,293,22,271,14.327485380116958,6.140350877192982,8.187134502923977,85.67251461988305,6.432748538011696,79.23976608187134
E00047896,313,59,22,37,254,19,235,18.849840255591054,7.0287539936102235,11.821086261980831,81.15015974440894,6.070287539936102,75.07987220447284
E00047897,264,38,15,23,226,21,205,14.393939393939394,5.681818181818182,8.712121212121213,85.60606060606061,7.954545454545454,77.65151515151516
E00047898,299,92,57,35,207,21,186,30.76923076923077,19.063545150501675,11.705685618729097,69.23076923076923,7.023411371237458,62.207357859531776
E00047899,362,34,16,18,328,25,303,9.392265193370166,4.41988950276243,4.972375690607735,90.60773480662984,6.906077348066299,83.70165745856355
E00047900,295,54,20,34,241,19,222,18.305084745762713,6.779661016949152,11.525423728813559,81.69491525423729,6.440677966101695,75.2542372881356
E00047901,331,52,10,42,279,25,254,15.709969788519636,3.0211480362537766,12.688821752265861,84.29003021148036,7.552870090634441,76.73716012084593
E00047902,320,40,10,30,280,21,259,12.5,3.125,9.375,87.5,6.5625,80.9375
E00047903,313,47,15,32,266,17,249,15.015974440894569,4.792332268370607,10.223642172523961,84.98402555910543,5.431309904153355,79.55271565495208
E00047904,333,49,22,27,284,29,255,14.714714714714713,6.606606606606606,8.108108108108109,85.28528528528528,8.708708708708707,76.57657657657657
E00047905,297,85,36,49,212,8,204,28.619528619528616,12.121212121212121,16.4983164983165,71.38047138047138,2.6936026936026933,68.68686868686868
E00047906,238,40,20,20,198,18,180,16.80672268907563,8.403361344537815,8.403361344537815,83.19327731092437,7.563025210084033,75.63025210084034
E00047907,332,31,10,21,301,24,277,9.33734939759036,3.0120481927710845,6.325301204819277,90.66265060240963,7.228915662650602,83.43373493975903
E00047908,337,41,18,23,296,25,271,12.166172106824925,5.341246290801187,6.824925816023739,87.83382789317507,7.418397626112759,80.41543026706232
E00047909,300,41,18,23,259,17,242,13.666666666666666,6,7.666666666666666,86.33333333333333,5.666666666666666,80.66666666666666
E00047910,382,32,13,19,350,35,315,8.37696335078534,3.4031413612565444,4.973821989528796,91.62303664921467,9.162303664921465,82.4607329842932
E00047911,364,46,13,33,318,23,295,12.637362637362637,3.571428571428571,9.065934065934066,87.36263736263736,6.318681318681318,81.04395604395604
E00047912,296,53,15,38,243,15,228,17.905405405405407,5.0675675675675675,12.837837837837837,82.0945945945946,5.0675675675675675,77.02702702702703
E00047913,280,49,14,35,231,20,211,17.5,5,12.5,82.5,7.142857142857142,75.35714285714286
E00047914,258,49,21,28,209,23,186,18.992248062015506,8.13953488372093,10.852713178294573,81.0077519379845,8.914728682170542,72.09302325581395
E00047915,443,60,22,38,383,47,336,13.544018058690746,4.966139954853273,8.577878103837472,86.45598194130926,10.609480812641085,75.84650112866818
E00047916,274,40,22,18,234,17,217,14.5985401459854,8.02919708029197,6.569343065693431,85.40145985401459,6.204379562043796,79.1970802919708
E00047917,305,54,21,33,251,23,228,17.704918032786885,6.885245901639345,10.819672131147541,82.29508196721311,7.540983606557377,74.75409836065575
E00047918,227,20,6,14,207,32,175,8.81057268722467,2.643171806167401,6.167400881057269,91.18942731277532,14.096916299559473,77.09251101321586
E00047919,311,51,19,32,260,25,235,16.39871382636656,6.109324758842444,10.289389067524116,83.60128617363344,8.038585209003216,75.56270096463022
E00047920,373,62,20,42,311,22,289,16.621983914209114,5.361930294906166,11.26005361930295,83.37801608579089,5.898123324396782,77.4798927613941
E00047921,334,36,14,22,298,25,273,10.778443113772456,4.191616766467066,6.58682634730539,89.22155688622755,7.48502994011976,81.73652694610777
E00047922,248,62,30,32,186,13,173,25,12.096774193548388,12.903225806451612,75,5.241935483870968,69.75806451612904
E00047923,208,57,33,24,151,9,142,27.403846153846157,15.865384615384615,11.538461538461538,72.59615384615384,4.326923076923077,68.26923076923077
E00047924,326,45,16,29,281,18,263,13.803680981595093,4.9079754601226995,8.895705521472392,86.1963190184049,5.521472392638037,80.67484662576688
E00047925,289,46,15,31,243,24,219,15.916955017301039,5.190311418685121,10.726643598615917,84.08304498269896,8.304498269896193,75.77854671280276
E00047926,377,73,39,34,304,33,271,19.363395225464192,10.344827586206897,9.018567639257293,80.63660477453581,8.753315649867375,71.88328912466844
E00047927,424,99,64,35,325,29,296,23.349056603773587,15.09433962264151,8.254716981132075,76.65094339622641,6.8396226415094334,69.81132075471697
E00047928,356,45,14,31,311,39,272,12.640449438202248,3.932584269662921,8.707865168539326,87.35955056179775,10.955056179775282,76.40449438202246
E00047929,333,46,18,28,287,28,259,13.813813813813812,5.405405405405405,8.408408408408409,86.18618618618619,8.408408408408409,77.77777777777779
E00047930,318,42,20,22,276,27,249,13.20754716981132,6.289308176100629,6.918238993710692,86.79245283018868,8.49056603773585,78.30188679245283
E00047931,292,32,8,24,260,27,233,10.95890410958904,2.73972602739726,8.21917808219178,89.04109589041096,9.246575342465754,79.7945205479452
E00047932,281,53,17,36,228,14,214,18.86120996441281,6.049822064056939,12.811387900355871,81.13879003558719,4.98220640569395,76.15658362989323
E00047933,341,57,31,26,284,17,267,16.715542521994134,9.090909090909092,7.624633431085044,83.28445747800586,4.9853372434017595,78.2991202346041
E00047934,293,49,20,29,244,18,226,16.723549488054605,6.825938566552901,9.897610921501707,83.27645051194538,6.143344709897611,77.13310580204778
E00047935,395,51,18,33,344,21,323,12.91139240506329,4.556962025316456,8.354430379746836,87.0886075949367,5.3164556962025316,81.77215189873418
E00047936,352,42,15,27,310,21,289,11.931818181818182,4.261363636363636,7.670454545454546,88.06818181818183,5.965909090909091,82.10227272727273
E00047937,349,43,13,30,306,28,278,12.320916905444127,3.7249283667621778,8.595988538681947,87.67908309455588,8.022922636103152,79.65616045845272
E00047938,395,60,26,34,335,40,295,15.18987341772152,6.582278481012659,8.60759493670886,84.81012658227847,10.126582278481013,74.68354430379746
E00047939,354,62,22,40,292,28,264,17.51412429378531,6.214689265536723,11.299435028248588,82.485875706214685,7.909604519774012,74.57627118644068
E00047940,392,55,30,25,337,31,306,14.030612244897958,7.653061224489796,6.377551020408164,85.96938775510205,7.908163265306123,78.06122448979592
E00047941,284,72,43,29,212,15,197,25.352112676056336,15.140845070422534,10.211267605633804,74.64788732394366,5.28169014084507,69.36619718309859
E00047942,285,56,23,33,229,23,206,19.649122807017545,8.070175438596491,11.578947368421053,80.35087719298247,8.070175438596491,72.28070175438597
E00047943,323,42,14,28,281,24,257,13.003095975232199,4.3343653250774,8.6687306501548,86.9969040247678,7.430340557275541,79.56656346749226
E00047944,364,89,32,57,275,27,248,24.45054945054945,8.791208791208792,15.659340659340659,75.54945054945054,7.417582417582418,68.13186813186813
E00047945,322,42,10,32,280,26,254,13.043478260869565,3.1055900621118013,9.937888198757763,86.95652173913044,8.074534161490684,78.88198757763976
E00047946,337,61,21,40,276,15,261,18.100890207715135,6.231454005934718,11.869436201780417,81.89910979228486,4.451038575667656,77.44807121661721
E00047947,209,34,8,26,175,23,152,16.267942583732058,3.827751196172249,12.440191387559809,83.73205741626795,11.004784688995215,72.72727272727273
E00047948,284,46,18,28,238,14,224,16.19718309859155,6.338028169014084,9.859154929577464,83.80281690140845,4.929577464788732,78.87323943661971
E00047949,285,51,27,24,234,20,214,17.894736842105264,9.473684210526317,8.421052631578947,82.10526315789474,7.017543859649122,75.08771929824562
E00047951,344,50,17,33,294,37,257,14.534883720930234,4.941860465116279,9.593023255813954,85.46511627906976,10.755813953488373,74.70930232558139
E00047952,301,121,97,24,180,30,150,40.19933554817276,32.22591362126246,7.973421926910299,59.800664451827245,9.966777408637874,49.83388704318937
E00047953,316,48,24,24,268,19,249,15.18987341772152,7.59493670886076,7.59493670886076,84.81012658227847,6.012658227848101,78.79746835443038
E00047954,280,83,35,48,197,20,177,29.642857142857142,12.5,17.142857142857142,70.35714285714286,7.142857142857142,63.21428571428571
E00047955,314,40,14,26,274,17,257,12.738853503184714,4.45859872611465,8.280254777070063,87.26114649681529,5.414012738853503,81.84713375796179
E00047956,287,46,13,33,241,19,222,16.02787456445993,4.529616724738676,11.498257839721255,83.97212543554006,6.620209059233449,77.35191637630662
E00047957,239,41,15,26,198,22,176,17.154811715481173,6.2761506276150625,10.87866108786611,82.84518828451883,9.205020920502092,73.64016736401673
E00047958,293,36,10,26,257,28,229,12.286689419795222,3.4129692832764507,8.873720136518772,87.71331058020478,9.556313993174061,78.15699658703072
E00047959,258,33,7,26,225,24,201,12.790697674418606,2.7131782945736433,10.077519379844961,87.20930232558139,9.30232558139535,77.90697674418605
E00047960,255,42,19,23,213,24,189,16.470588235294116,7.450980392156863,9.019607843137255,83.52941176470588,9.411764705882353,74.11764705882354
E00047961,287,42,13,29,245,19,226,14.634146341463413,4.529616724738676,10.104529616724738,85.36585365853658,6.620209059233449,78.74564459930313
E00047962,389,48,13,35,341,34,307,12.339331619537274,3.3419023136246784,8.997429305912597,87.66066838046272,8.740359897172237,78.9203084832905
E00047963,198,64,25,39,134,9,125,32.323232323232325,12.626262626262626,19.696969696969695,67.67676767676768,4.545454545454546,63.13131313131313
E00047964,302,50,20,30,252,21,231,16.55629139072848,6.622516556291391,9.933774834437086,83.44370860927152,6.95364238410596,76.49006622516556
E00047965,207,94,65,29,113,12,101,45.410628019323674,31.40096618357488,14.009661835748794,54.589371980676326,5.797101449275362,48.792270531400966
E00047966,261,40,20,20,221,25,196,15.32567049808429,7.662835249042145,7.662835249042145,84.67432950191571,9.578544061302683,75.09578544061303
E00047967,315,69,29,40,246,33,213,21.904761904761905,9.206349206349207,12.698412698412698,78.0952380952381,10.476190476190476,67.61904761904762
E00047968,312,50,16,34,262,25,237,16.025641025641026,5.128205128205128,10.897435897435898,83.97435897435898,8.012820512820513,75.96153846153845
E00047969,269,48,21,27,221,13,208,17.843866171003718,7.806691449814126,10.037174721189592,82.15613382899627,4.83271375464684,77.32342007434944
E00047970,379,37,12,25,342,15,327,9.762532981530343,3.16622691292876,6.596306068601583,90.23746701846966,3.95778364116095,86.2796833773087
E00047971,367,56,19,37,311,27,284,15.258855585831062,5.177111716621254,10.08174386920981,84.74114441416893,7.3569482288828345,77.3841961852861
E00047972,296,46,21,25,250,21,229,15.54054054054054,7.094594594594595,8.445945945945946,84.45945945945947,7.094594594594595,77.36486486486487
E00047973,356,44,16,28,312,19,293,12.359550561797752,4.49438202247191,7.865168539325842,87.64044943820225,5.337078651685393,82.30337078651685
E00047974,303,43,11,32,260,22,238,14.19141914191419,3.6303630363036308,10.561056105610561,85.8085808580858,7.2607260726072615,78.54785478547855
E00047975,238,25,11,14,213,9,204,10.504201680672269,4.621848739495799,5.88235294117647,89.49579831932773,3.7815126050420167,85.71428571428571
E00047976,271,39,16,23,232,21,211,14.391143911439114,5.904059040590406,8.487084870848708,85.60885608856088,7.7490774907749085,77.85977859778598
E00047977,307,37,11,26,270,20,250,12.052117263843648,3.5830618892508146,8.469055374592834,87.94788273615634,6.514657980456026,81.43322475570032
E00047978,346,39,13,26,307,25,282,11.271676300578035,3.7572254335260116,7.514450867052023,88.72832369942196,7.225433526011561,81.5028901734104
E00047979,364,42,16,26,322,30,292,11.538461538461538,4.395604395604396,7.142857142857142,88.46153846153845,8.241758241758241,80.21978021978022
E00047980,339,53,19,34,286,16,270,15.634218289085547,5.604719764011799,10.029498525073747,84.36578171091446,4.71976401179941,79.64601769911505
E00047981,519,67,39,28,452,18,434,12.909441233140656,7.514450867052023,5.394990366088632,87.09055876685935,3.4682080924855487,83.62235067437379
E00047982,472,51,27,24,421,24,397,10.805084745762713,5.720338983050848,5.084745762711865,89.19491525423729,5.084745762711865,84.11016949152543
E00047983,530,64,32,32,466,4,462,12.075471698113208,6.037735849056604,6.037735849056604,87.9245283018868,0.7547169811320755,87.16981132075472
E00047984,510,63,37,26,447,19,428,12.352941176470589,7.254901960784315,5.098039215686274,87.6470588235294,3.7254901960784315,83.92156862745098
E00047985,550,83,36,47,467,15,452,15.090909090909092,6.545454545454546,8.545454545454545,84.9090909090909,2.727272727272727,82.18181818181817
E00047986,598,70,41,29,528,19,509,11.705685618729097,6.856187290969899,4.849498327759197,88.2943143812709,3.177257525083612,85.11705685618729
E00047987,565,74,37,37,491,24,467,13.097345132743362,6.548672566371681,6.548672566371681,86.90265486725663,4.2477876106194685,82.65486725663716
E00047988,454,68,28,40,386,13,373,14.977973568281937,6.167400881057269,8.81057268722467,85.02202643171806,2.8634361233480177,82.15859030837004
E00047989,613,78,34,44,535,14,521,12.72430668841762,5.5464926590538335,7.177814029363784,87.27569331158239,2.2838499184339316,84.99184339314844
E00047990,500,73,30,43,427,14,413,14.6,6,8.6,85.39999999999999,2.8000000000000003,82.6
E00047991,461,63,33,30,398,17,381,13.665943600867678,7.158351409978309,6.507592190889371,86.33405639913232,3.68763557483731,82.646420824295
E00047992,406,70,41,29,336,7,329,17.24137931034483,10.098522167487685,7.142857142857142,82.75862068965517,1.7241379310344827,81.03448275862068
E00047993,428,60,34,26,368,10,358,14.018691588785046,7.943925233644859,6.074766355140187,85.98130841121495,2.336448598130841,83.64485981308411
E00047995,526,87,44,43,439,15,424,16.53992395437262,8.365019011406844,8.17490494296578,83.46007604562737,2.8517110266159698,80.6083650190114
E00047996,469,68,38,30,401,4,397,14.498933901918976,8.102345415778252,6.396588486140725,85.50106609808103,0.8528784648187633,84.64818763326227
E00047997,266,78,44,34,188,8,180,29.32330827067669,16.541353383458645,12.781954887218044,70.67669172932331,3.007518796992481,67.66917293233082
E00047998,381,68,47,21,313,9,304,17.84776902887139,12.335958005249344,5.511811023622047,82.1522309711286,2.3622047244094486,79.79002624671917
E00047999,525,67,37,30,458,6,452,12.761904761904763,7.0476190476190474,5.714285714285714,87.23809523809524,1.1428571428571428,86.09523809523809
E00048001,310,52,23,29,258,16,242,16.7741935483871,7.419354838709677,9.35483870967742,83.22580645161291,5.161290322580645,78.06451612903226
E00048002,491,60,32,28,431,23,408,12.219959266802444,6.517311608961303,5.7026476578411405,87.78004073319755,4.684317718940937,83.09572301425662
E00048003,318,46,31,15,272,8,264,14.465408805031446,9.748427672955975,4.716981132075472,85.53459119496856,2.515723270440252,83.01886792452831
E00048005,394,42,26,16,352,10,342,10.65989847715736,6.598984771573605,4.060913705583756,89.34010152284264,2.5380710659898478,86.80203045685279
E00048006,481,72,31,41,409,8,401,14.96881496881497,6.4449064449064455,8.523908523908524,85.03118503118503,1.6632016632016633,83.36798336798337
E00048007,497,85,40,45,412,16,396,17.102615694164992,8.048289738430583,9.054325955734406,82.897384305835,3.2193158953722336,79.67806841046277
E00048008,358,66,35,31,292,9,283,18.435754189944134,9.776536312849162,8.659217877094973,81.56424581005587,2.5139664804469275,79.05027932960894
E00048010,432,56,23,33,376,11,365,12.962962962962962,5.324074074074074,7.638888888888889,87.03703703703704,2.5462962962962963,84.49074074074075
E00048011,597,71,40,31,526,12,514,11.892797319932999,6.700167504187604,5.192629815745393,88.107202680067,2.0100502512562812,86.09715242881072
E00048012,445,64,37,27,381,15,366,14.382022471910114,8.314606741573034,6.067415730337078,85.61797752808988,3.3707865168539324,82.24719101123596
E00048013,426,60,35,25,366,6,360,14.084507042253522,8.215962441314554,5.868544600938967,85.91549295774648,1.4084507042253522,84.50704225352112
E00048014,472,28,15,13,444,9,435,5.932203389830509,3.1779661016949152,2.754237288135593,94.0677966101695,1.9067796610169492,92.16101694915254
E00048015,487,49,33,16,438,11,427,10.061601642710473,6.7761806981519515,3.285420944558522,89.93839835728953,2.2587268993839835,87.67967145790554
E00048016,441,70,41,29,371,14,357,15.873015873015872,9.297052154195011,6.575963718820861,84.12698412698413,3.1746031746031744,80.95238095238095
E00048018,572,68,40,28,504,16,488,11.888111888111888,6.993006993006993,4.895104895104895,88.11188811188812,2.797202797202797,85.3146853146853
E00048019,467,63,24,39,404,11,393,13.49036402569593,5.139186295503212,8.35117773019272,86.50963597430406,2.355460385438972,84.1541755888651
E00048020,433,74,35,39,359,12,347,17.090069284064665,8.083140877598153,9.006928406466514,82.90993071593533,2.771362586605081,80.13856812933025
E00048021,458,47,12,35,411,9,402,10.262008733624455,2.6200873362445414,7.641921397379912,89.73799126637554,1.9650655021834063,87.77292576419214
E00048022,588,106,62,44,482,24,458,18.027210884353742,10.54421768707483,7.482993197278912,81.97278911564626,4.081632653061225,77.89115646258503
E00048023,542,79,40,39,463,6,457,14.575645756457565,7.380073800738007,7.195571955719557,85.42435424354244,1.107011070110701,84.31734317343174
E00048024,590,63,32,31,527,6,521,10.677966101694915,5.423728813559322,5.2542372881355925,89.32203389830508,1.0169491525423728,88.30508474576271
E00048025,472,65,38,27,407,9,398,13.771186440677965,8.050847457627118,5.720338983050848,86.22881355932203,1.9067796610169492,84.32203389830508
E00048026,488,90,52,38,398,0,398,18.442622950819672,10.655737704918032,7.786885245901639,81.55737704918032,0,81.55737704918032
E00048028,625,94,52,42,531,13,518,15.040000000000001,8.32,6.72,84.96000000000001,2.08,82.88
E00048029,541,65,35,30,476,20,456,12.014787430683919,6.469500924214418,5.545286506469501,87.98521256931609,3.6968576709796674,84.28835489833642
E00048030,560,72,34,38,488,20,468,12.857142857142856,6.071428571428571,6.785714285714286,87.14285714285714,3.571428571428571,83.57142857142857
E00048031,499,75,45,30,424,7,417,15.030060120240481,9.01803607214429,6.012024048096192,84.96993987975952,1.402805611222445,83.56713426853707
E00048033,326,67,38,29,259,3,256,20.552147239263803,11.65644171779141,8.895705521472392,79.4478527607362,0.9202453987730062,78.52760736196319
E00048034,605,64,36,28,541,21,520,10.578512396694215,5.950413223140496,4.628099173553719,89.42148760330578,3.4710743801652892,85.9504132231405
E00048035,516,67,39,28,449,13,436,12.984496124031008,7.55813953488372,5.426356589147287,87.01550387596899,2.5193798449612403,84.49612403100775
E00048037,602,86,41,45,516,14,502,14.285714285714285,6.810631229235881,7.475083056478406,85.71428571428571,2.3255813953488373,83.38870431893687
E00048039,313,48,22,26,265,10,255,15.335463258785943,7.0287539936102235,8.30670926517572,84.66453674121406,3.1948881789137378,81.46964856230032
E00048040,399,68,40,28,331,5,326,17.042606516290725,10.025062656641603,7.017543859649122,82.95739348370927,1.2531328320802004,81.70426065162907
E00048041,570,68,40,28,502,15,487,11.929824561403509,7.017543859649122,4.912280701754386,88.0701754385965,2.631578947368421,85.43859649122807
E00048043,480,72,44,28,408,11,397,15,9.166666666666666,5.833333333333333,85,2.2916666666666665,82.70833333333333
E00048044,457,73,38,35,384,20,364,15.973741794310722,8.315098468271334,7.658643326039387,84.02625820568927,4.3763676148796495,79.64989059080962
E00048045,397,67,43,24,330,15,315,16.876574307304786,10.831234256926953,6.045340050377834,83.12342569269522,3.7783375314861463,79.34508816120906
E00048047,591,88,46,42,503,16,487,14.890016920473773,7.7834179357022,7.1065989847715745,85.10998307952623,2.707275803722504,82.40270727580372
E00048048,442,123,61,62,319,10,309,27.828054298642535,13.800904977375566,14.027149321266968,72.17194570135746,2.262443438914027,69.90950226244344
E00048049,422,55,32,23,367,7,360,13.033175355450238,7.5829383886255926,5.450236966824645,86.96682464454977,1.6587677725118484,85.30805687203792
E00048050,404,66,34,32,338,14,324,16.33663366336634,8.415841584158416,7.920792079207921,83.66336633663366,3.4653465346534658,80.19801980198021
E00048051,443,81,48,33,362,7,355,18.284424379232505,10.835214446952596,7.44920993227991,81.7155756207675,1.580135440180587,80.1354401805869
E00048052,433,66,35,31,367,17,350,15.242494226327944,8.083140877598153,7.159353348729793,84.75750577367207,3.9260969976905313,80.83140877598153
E00048053,418,74,38,36,344,7,337,17.703349282296653,9.090909090909092,8.61244019138756,82.29665071770334,1.674641148325359,80.622009569378
E00048054,610,89,55,34,521,15,506,14.59016393442623,9.01639344262295,5.573770491803279,85.40983606557377,2.459016393442623,82.95081967213115
E00048055,503,76,40,36,427,13,414,15.109343936381709,7.952286282306163,7.157057654075547,84.89065606361828,2.584493041749503,82.30616302186878
E00048056,576,89,45,44,487,5,482,15.45138888888889,7.8125,7.638888888888889,84.54861111111111,0.8680555555555556,83.68055555555556
E00048057,241,60,24,36,181,8,173,24.896265560165975,9.95850622406639,14.937759336099585,75.10373443983403,3.319502074688797,71.78423236514523
E00048058,310,53,20,33,257,25,232,17.096774193548388,6.451612903225806,10.64516129032258,82.9032258064516,8.064516129032258,74.83870967741936
E00048059,297,68,37,31,229,14,215,22.895622895622896,12.457912457912458,10.437710437710438,77.10437710437711,4.713804713804714,72.39057239057239
E00048060,357,88,51,37,269,18,251,24.649859943977592,14.285714285714285,10.364145658263306,75.35014005602241,5.042016806722689,70.30812324929971
E00048061,242,66,40,26,176,12,164,27.27272727272727,16.528925619834713,10.743801652892563,72.72727272727273,4.958677685950414,67.76859504132231
E00048063,226,52,28,24,174,16,158,23.008849557522122,12.389380530973451,10.619469026548673,76.99115044247787,7.079646017699115,69.91150442477876
E00048064,350,96,46,50,254,20,234,27.42857142857143,13.142857142857142,14.285714285714285,72.57142857142857,5.714285714285714,66.85714285714286
E00048065,275,50,21,29,225,21,204,18.181818181818183,7.636363636363637,10.545454545454545,81.81818181818183,7.636363636363637,74.18181818181819
E00048066,229,58,31,27,171,9,162,25.327510917030565,13.537117903930133,11.790393013100436,74.67248908296943,3.9301310043668125,70.74235807860262
E00048067,294,90,45,45,204,11,193,30.612244897959183,15.306122448979592,15.306122448979592,69.38775510204081,3.741496598639456,65.64625850340136
E00048068,272,64,33,31,208,9,199,23.52941176470588,12.132352941176471,11.397058823529411,76.47058823529412,3.308823529411765,73.16176470588235
E00048069,271,35,10,25,236,15,221,12.915129151291513,3.6900369003690034,9.22509225092251,87.08487084870849,5.535055350553505,81.54981549815497
E00048070,333,95,55,40,238,16,222,28.52852852852853,16.516516516516518,12.012012012012011,71.47147147147147,4.804804804804805,66.66666666666666
E00048071,294,46,22,24,248,17,231,15.646258503401361,7.482993197278912,8.16326530612245,84.35374149659864,5.782312925170068,78.57142857142857
E00048072,154,17,6,11,137,8,129,11.03896103896104,3.896103896103896,7.142857142857142,88.96103896103897,5.194805194805195,83.76623376623377
E00048073,395,62,30,32,333,29,304,15.69620253164557,7.59493670886076,8.10126582278481,84.30379746835443,7.341772151898734,76.9620253164557
E00048074,275,57,23,34,218,10,208,20.727272727272727,8.363636363636363,12.363636363636363,79.27272727272727,3.6363636363636362,75.63636363636364
E00048075,277,55,18,37,222,12,210,19.855595667870034,6.4981949458483745,13.357400722021662,80.14440433212997,4.332129963898916,75.81227436823104
E00048076,314,59,22,37,255,25,230,18.789808917197455,7.006369426751593,11.78343949044586,81.21019108280255,7.961783439490445,73.24840764331209
E00048077,242,45,23,22,197,15,182,18.59504132231405,9.50413223140496,9.090909090909092,81.40495867768594,6.198347107438017,75.20661157024794
E00048078,281,64,28,36,217,20,197,22.77580071174377,9.9644128113879,12.811387900355871,77.22419928825623,7.11743772241993,70.1067615658363
E00048079,321,74,31,43,247,31,216,23.05295950155763,9.657320872274143,13.395638629283487,76.94704049844236,9.657320872274143,67.28971962616822
E00048080,282,59,28,31,223,16,207,20.921985815602838,9.929078014184398,10.99290780141844,79.07801418439716,5.673758865248227,73.40425531914893
E00048081,300,53,28,25,247,19,228,17.666666666666668,9.333333333333334,8.333333333333332,82.33333333333334,6.333333333333334,76
E00048082,403,75,33,42,328,31,297,18.610421836228287,8.188585607940446,10.421836228287841,81.38957816377172,7.6923076923076925,73.69727047146401
E00048083,337,57,22,35,280,14,266,16.913946587537094,6.528189910979229,10.385756676557865,83.08605341246292,4.154302670623145,78.93175074183976
E00048084,461,74,26,48,387,50,337,16.052060737527114,5.639913232104121,10.412147505422993,83.94793926247289,10.84598698481562,73.10195227765726
E00048085,258,59,27,32,199,16,183,22.868217054263564,10.465116279069768,12.4031007751938,77.13178294573643,6.2015503875969,70.93023255813954
E00048086,256,40,7,33,216,16,200,15.625,2.734375,12.890625,84.375,6.25,78.125
E00048087,307,60,24,36,247,18,229,19.54397394136808,7.81758957654723,11.726384364820847,80.45602605863192,5.863192182410423,74.5928338762215
E00048088,283,50,23,27,233,13,220,17.6678445229682,8.12720848056537,9.540636042402827,82.3321554770318,4.593639575971731,77.73851590106007
E00048089,308,63,30,33,245,12,233,20.454545454545457,9.740259740259742,10.714285714285714,79.54545454545455,3.896103896103896,75.64935064935064
E00048090,319,82,36,46,237,25,212,25.705329153605017,11.285266457680251,14.420062695924765,74.29467084639498,7.836990595611286,66.4576802507837
E00048091,453,111,46,65,342,23,319,24.503311258278146,10.154525386313466,14.348785871964681,75.49668874172185,5.077262693156733,70.41942604856513
E00048092,409,87,30,57,322,20,302,21.271393643031786,7.334963325183375,13.93643031784841,78.72860635696821,4.88997555012225,73.83863080684596
E00048093,245,66,35,31,179,15,164,26.93877551020408,14.285714285714285,12.653061224489795,73.06122448979592,6.122448979591836,66.93877551020408
E00048094,323,80,34,46,243,29,214,24.76780185758514,10.526315789473683,14.241486068111456,75.23219814241486,8.978328173374612,66.25386996904025
E00048095,262,52,24,28,210,25,185,19.84732824427481,9.16030534351145,10.687022900763358,80.1526717557252,9.541984732824428,70.61068702290076
E00048096,355,100,58,42,255,17,238,28.169014084507044,16.338028169014084,11.830985915492958,71.83098591549296,4.788732394366197,67.04225352112675
E00048097,276,71,27,44,205,14,191,25.724637681159418,9.782608695652174,15.942028985507244,74.27536231884058,5.072463768115942,69.20289855072464
E00048098,299,75,31,44,224,12,212,25.08361204013378,10.367892976588628,14.715719063545151,74.91638795986621,4.013377926421405,70.903010033444815
E00048099,322,80,34,46,242,12,230,24.84472049689441,10.559006211180124,14.285714285714285,75.15527950310559,3.7267080745341614,71.42857142857143
E00048100,300,63,27,36,237,16,221,21,9,12,79,5.333333333333334,73.66666666666667
E00048101,248,79,35,44,169,12,157,31.85483870967742,14.112903225806454,17.741935483870968,68.14516129032258,4.838709677419355,63.306451612903224
E00048102,281,48,19,29,233,20,213,17.08185053380783,6.761565836298933,10.320284697508896,82.91814946619218,7.11743772241993,75.80071174377224
E00048103,284,52,27,25,232,14,218,18.30985915492958,9.507042253521126,8.80281690140845,81.69014084507043,4.929577464788732,76.76056338028168
E00048104,312,55,17,38,257,13,244,17.628205128205128,5.448717948717949,12.179487179487179,82.37179487179486,4.166666666666666,78.2051282051282
E00048105,243,49,25,24,194,9,185,20.16460905349794,10.2880658436214,9.876543209876543,79.83539094650206,3.7037037037037033,76.13168724279835
E00048106,301,77,37,40,224,27,197,25.581395348837212,12.29235880398671,13.2890365448505,74.4186046511628,8.970099667774086,65.4485049833887
E00048107,319,65,29,36,254,16,238,20.37617554858934,9.090909090909092,11.285266457680251,79.62382445141067,5.015673981191222,74.60815047021944
E00048108,319,68,30,38,251,22,229,21.316614420062695,9.404388714733543,11.912225705329153,78.68338557993731,6.896551724137931,71.78683385579937
E00048109,373,77,31,46,296,18,278,20.64343163538874,8.310991957104557,12.332439678284182,79.35656836461126,4.825737265415549,74.53083109919572
E00048110,352,77,35,42,275,6,269,21.875,9.943181818181818,11.931818181818182,78.125,1.7045454545454544,76.42045454545455
E00048111,355,98,53,45,257,14,243,27.605633802816904,14.929577464788732,12.676056338028168,72.3943661971831,3.943661971830986,68.45070422535211
E00048112,308,54,23,31,254,12,242,17.532467532467532,7.467532467532467,10.064935064935066,82.46753246753246,3.896103896103896,78.57142857142857
E00048113,264,77,33,44,187,13,174,29.166666666666668,12.5,16.666666666666664,70.83333333333334,4.924242424242424,65.9090909090909
E00048114,324,56,26,30,268,16,252,17.28395061728395,8.024691358024691,9.25925925925926,82.71604938271605,4.938271604938271,77.77777777777779
E00048115,347,64,32,32,283,11,272,18.443804034582133,9.221902017291066,9.221902017291066,81.55619596541787,3.170028818443804,78.38616714697406
E00048116,278,54,21,33,224,29,195,19.424460431654676,7.553956834532374,11.870503597122301,80.57553956834532,10.431654676258994,70.14388489208633
E00048117,323,86,40,46,237,17,220,26.625386996904027,12.38390092879257,14.241486068111456,73.37461300309597,5.263157894736842,68.11145510835914
E00048118,422,108,55,53,314,26,288,25.59241706161137,13.033175355450238,12.559241706161137,74.40758293838863,6.161137440758294,68.24644549763033
E00048119,367,88,44,44,279,18,261,23.978201634877383,11.989100817438691,11.989100817438691,76.02179836512262,4.904632152588556,71.11716621253406
E00048120,311,60,24,36,251,13,238,19.292604501607716,7.717041800643088,11.57556270096463,80.70739549839229,4.180064308681672,76.52733118971061
E00048121,311,45,20,25,266,34,232,14.469453376205788,6.430868167202572,8.038585209003216,85.53054662379421,10.932475884244374,74.59807073954984
E00048122,361,83,39,44,278,15,263,22.99168975069252,10.80332409972299,12.18836565096953,77.00831024930747,4.1551246537396125,72.85318559556787
E00048123,297,34,12,22,263,20,243,11.447811447811448,4.040404040404041,7.4074074074074066,88.55218855218855,6.7340067340067336,81.81818181818183
E00048124,362,102,46,56,260,19,241,28.176795580110497,12.70718232044199,15.469613259668508,71.8232044198895,5.248618784530387,66.57458563535911
E00048125,400,103,51,52,297,22,275,25.75,12.75,13,74.25,5.5,68.75
E00048126,230,67,27,40,163,8,155,29.130434782608695,11.73913043478261,17.391304347826086,70.86956521739131,3.4782608695652173,67.3913043478261
E00048127,277,85,49,36,192,17,175,30.685920577617328,17.689530685920577,12.996389891696749,69.31407942238266,6.137184115523466,63.1768953068592
E00048128,326,52,25,27,274,20,254,15.950920245398773,7.668711656441718,8.282208588957054,84.04907975460122,6.134969325153374,77.91411042944786
E00048129,354,66,40,26,288,11,277,18.64406779661017,11.299435028248588,7.344632768361582,81.35593220338984,3.1073446327683616,78.24858757062147
E00048130,406,62,27,35,344,11,333,15.270935960591133,6.65024630541872,8.620689655172415,84.72906403940887,2.70935960591133,82.01970443349754
E00048131,342,80,37,43,262,15,247,23.391812865497073,10.818713450292398,12.573099415204677,76.60818713450293,4.385964912280701,72.22222222222221
E00048132,296,42,17,25,254,11,243,14.18918918918919,5.743243243243244,8.445945945945946,85.8108108108108,3.7162162162162162,82.0945945945946
E00048133,365,49,20,29,316,15,301,13.424657534246576,5.47945205479452,7.9452054794520555,86.57534246575342,4.10958904109589,82.46575342465754
E00048134,379,71,29,42,308,17,291,18.733509234828496,7.651715039577836,11.081794195250659,81.26649076517151,4.485488126649076,76.78100263852242
E00048135,452,69,33,36,383,21,362,15.265486725663715,7.300884955752212,7.964601769911504,84.7345132743363,4.646017699115045,80.08849557522124
E00048136,428,70,30,40,358,16,342,16.355140186915886,7.009345794392523,9.345794392523365,83.64485981308411,3.7383177570093453,79.90654205607477
E00048137,456,130,91,39,326,11,315,28.50877192982456,19.956140350877195,8.552631578947368,71.49122807017544,2.4122807017543857,69.07894736842105
E00048138,211,53,35,18,158,6,152,25.118483412322274,16.587677725118482,8.530805687203792,74.88151658767772,2.843601895734597,72.03791469194313
E00048139,378,81,38,43,297,13,284,21.428571428571427,10.052910052910052,11.375661375661375,78.57142857142857,3.439153439153439,75.13227513227513
E00048140,400,56,26,30,344,16,328,14.000000000000002,6.5,7.5,86,4,82
E00048141,317,49,22,27,268,11,257,15.457413249211358,6.940063091482649,8.517350157728707,84.54258675078864,3.4700315457413247,81.07255520504731
E00048142,547,65,35,30,482,19,463,11.882998171846435,6.39853747714808,5.484460694698354,88.11700182815356,3.473491773308958,84.64351005484461
E00048143,325,74,38,36,251,12,239,22.76923076923077,11.692307692307692,11.076923076923077,77.23076923076924,3.6923076923076925,73.53846153846155
E00048144,322,71,37,34,251,23,228,22.049689440993788,11.490683229813664,10.559006211180124,77.95031055900621,7.142857142857142,70.80745341614907
E00048146,371,42,26,16,329,9,320,11.320754716981133,7.008086253369273,4.31266846361186,88.67924528301887,2.4258760107816713,86.25336927223721
E00048147,362,54,19,35,308,12,296,14.917127071823206,5.248618784530387,9.668508287292818,85.0828729281768,3.314917127071823,81.76795580110497
E00048148,377,94,44,50,283,22,261,24.93368700265252,11.671087533156498,13.262599469496022,75.06631299734748,5.835543766578249,69.23076923076923
E00048149,300,84,36,48,216,15,201,28.000000000000004,12,16,72,5,67
E00048150,391,62,31,31,329,19,310,15.856777493606138,7.928388746803069,7.928388746803069,84.14322250639387,4.859335038363171,79.28388746803068
E00048152,302,48,17,31,254,20,234,15.894039735099339,5.629139072847682,10.264900662251655,84.10596026490066,6.622516556291391,77.48344370860927
E00048153,346,77,48,29,269,16,253,22.254335260115607,13.872832369942195,8.38150289017341,77.74566473988439,4.624277456647398,73.121387283237
E00048154,316,41,25,16,275,14,261,12.974683544303797,7.9113924050632916,5.063291139240507,87.0253164556962,4.430379746835443,82.59493670886076
E00048155,347,63,38,25,284,13,271,18.155619596541786,10.951008645533141,7.204610951008646,81.84438040345822,3.7463976945244957,78.09798270893373
E00048156,400,56,34,22,344,12,332,14.000000000000002,8.5,5.5,86,3,83
E00048158,323,51,29,22,272,18,254,15.789473684210526,8.978328173374612,6.811145510835913,84.21052631578947,5.572755417956656,78.63777089783281
E00048159,409,120,61,59,289,22,267,29.3398533007335,14.91442542787286,14.425427872860636,70.6601466992665,5.378973105134474,65.28117359413203
E00048161,340,70,34,36,270,22,248,20.588235294117645,10,10.588235294117647,79.41176470588235,6.470588235294119,72.94117647058823
E00048162,432,81,33,48,351,16,335,18.75,7.638888888888889,11.11111111111111,81.25,3.7037037037037033,77.54629629629629
E00048163,357,52,18,34,305,25,280,14.565826330532214,5.042016806722689,9.523809523809524,85.43417366946778,7.002801120448179,78.43137254901961
E00048164,513,108,58,50,405,18,387,21.052631578947366,11.306042884990253,9.746588693957115,78.94736842105263,3.508771929824561,75.43859649122807
E00048165,353,67,40,27,286,20,266,18.980169971671387,11.3314447592068,7.64872521246459,81.01983002832861,5.6657223796034,75.3541076487252
E00048166,368,75,29,46,293,15,278,20.380434782608695,7.880434782608696,12.5,79.61956521739131,4.076086956521739,75.54347826086956
E00048167,318,41,17,24,277,12,265,12.89308176100629,5.345911949685535,7.547169811320755,87.10691823899371,3.7735849056603774,83.33333333333334
E00048168,282,49,20,29,233,19,214,17.375886524822697,7.092198581560284,10.28368794326241,82.62411347517731,6.73758865248227,75.88652482269504
E00048169,386,83,44,39,303,17,286,21.502590673575128,11.398963730569948,10.103626943005182,78.49740932642487,4.404145077720207,74.09326424870466
E00048170,379,79,28,51,300,23,277,20.844327176781004,7.387862796833773,13.456464379947231,79.15567282321899,6.068601583113456,73.08707124010554
E00048171,287,40,18,22,247,19,228,13.937282229965156,6.2717770034843205,7.665505226480835,86.06271777003485,6.620209059233449,79.44250871080139
E00048172,276,40,21,19,236,20,216,14.492753623188406,7.608695652173914,6.884057971014493,85.5072463768116,7.246376811594203,78.26086956521739
E00048173,343,50,18,32,293,18,275,14.577259475218659,5.247813411078718,9.329446064139942,85.42274052478133,5.247813411078718,80.17492711370262
E00048174,308,48,21,27,260,27,233,15.584415584415584,6.8181818181818175,8.766233766233766,84.4155844155844,8.766233766233766,75.64935064935064
E00048175,385,64,30,34,321,25,296,16.623376623376622,7.792207792207792,8.831168831168831,83.37662337662337,6.493506493506493,76.88311688311688
E00048176,192,44,20,24,148,16,132,22.916666666666664,10.416666666666668,12.5,77.08333333333334,8.333333333333332,68.75
E00048177,297,58,29,29,239,20,219,19.52861952861953,9.764309764309765,9.764309764309765,80.47138047138047,6.7340067340067336,73.73737373737373
E00048178,296,45,15,30,251,23,228,15.202702702702704,5.0675675675675675,10.135135135135135,84.7972972972973,7.77027027027027,77.02702702702703
E00048179,296,44,19,25,252,19,233,14.864864864864865,6.418918918918918,8.445945945945946,85.13513513513513,6.418918918918918,78.71621621621621
E00048180,306,29,11,18,277,22,255,9.477124183006536,3.594771241830065,5.88235294117647,90.52287581699346,7.18954248366013,83.33333333333334
E00048181,327,53,16,37,274,22,252,16.207951070336392,4.892966360856269,11.314984709480122,83.79204892966361,6.727828746177369,77.06422018348624
E00048182,365,47,12,35,318,19,299,12.876712328767123,3.287671232876712,9.58904109589041,87.12328767123287,5.205479452054795,81.91780821917808
E00048183,290,48,15,33,242,22,220,16.551724137931036,5.172413793103448,11.379310344827587,83.44827586206897,7.586206896551724,75.86206896551724
E00048184,347,56,23,33,291,18,273,16.138328530259365,6.628242074927954,9.510086455331413,83.86167146974063,5.187319884726225,78.6743515850144
E00048185,308,53,23,30,255,21,234,17.20779220779221,7.467532467532467,9.740259740259742,82.79220779220779,6.8181818181818175,75.97402597402598
E00048186,213,56,25,31,157,8,149,26.291079812206576,11.737089201877934,14.553990610328638,73.70892018779342,3.755868544600939,69.95305164319248
E00048187,247,32,7,25,215,20,195,12.955465587044534,2.834008097165992,10.121457489878543,87.04453441295547,8.097165991902834,78.94736842105263
E00048188,369,104,58,46,265,16,249,28.184281842818425,15.718157181571815,12.466124661246612,71.81571815718158,4.336043360433604,67.47967479674797
E00048189,418,79,38,41,339,13,326,18.899521531100476,9.090909090909092,9.808612440191387,81.10047846889952,3.110047846889952,77.99043062200957
E00048190,431,69,38,31,362,8,354,16.009280742459396,8.816705336426914,7.192575406032482,83.9907192575406,1.8561484918793503,82.13457076566125
E00048191,400,48,27,21,352,9,343,12,6.75,5.25,88,2.25,85.75
E00048192,348,74,33,41,274,17,257,21.26436781609195,9.482758620689655,11.781609195402298,78.73563218390804,4.885057471264368,73.85057471264368
E00048193,337,114,59,55,223,14,209,33.82789317507419,17.50741839762611,16.320474777448073,66.17210682492582,4.154302670623145,62.01780415430267
E00048194,489,108,63,45,381,18,363,22.085889570552148,12.883435582822086,9.202453987730062,77.91411042944786,3.6809815950920246,74.23312883435584
E00048195,357,104,54,50,253,11,242,29.13165266106443,15.126050420168067,14.005602240896359,70.86834733893558,3.081232492997199,67.78711484593838
E00048196,442,84,37,47,358,19,339,19.004524886877828,8.3710407239819,10.633484162895927,80.99547511312217,4.298642533936651,76.696832579185525
E00048197,346,47,23,24,299,15,284,13.583815028901732,6.6473988439306355,6.9364161849710975,86.41618497109826,4.335260115606936,82.08092485549133
E00048198,583,77,33,44,506,12,494,13.20754716981132,5.660377358490567,7.547169811320755,86.79245283018868,2.0583190394511153,84.73413379073756
E00048199,279,101,45,56,178,11,167,36.200716845878134,16.129032258064516,20.07168458781362,63.799283154121866,3.942652329749104,59.85663082437276
E00048200,295,72,32,40,223,14,209,24.40677966101695,10.847457627118644,13.559322033898304,75.59322033898304,4.745762711864407,70.84745762711864
E00048201,440,88,45,43,352,18,334,20,10.227272727272728,9.772727272727273,80,4.090909090909091,75.9090909090909
E00048202,378,62,35,27,316,20,296,16.402116402116402,9.25925925925926,7.142857142857142,83.5978835978836,5.291005291005291,78.3068783068783
E00048203,272,51,25,26,221,21,200,18.75,9.191176470588236,9.558823529411764,81.25,7.720588235294118,73.52941176470588
E00165815,404,73,31,42,331,25,306,18.06930693069307,7.673267326732673,10.396039603960396,81.93069306930693,6.188118811881188,75.74257425742574
E00165817,337,42,16,26,295,12,283,12.462908011869436,4.747774480712167,7.71513353115727,87.53709198813057,3.5608308605341246,83.97626112759644
E00175606,535,89,43,46,446,17,429,16.635514018691588,8.037383177570094,8.598130841121495,83.3644859813084,3.177570093457944,80.18691588785046
E00175607,191,22,4,18,169,11,158,11.518324607329843,2.094240837696335,9.424083769633508,88.48167539267016,5.7591623036649215,82.72251308900523
E00175608,188,68,38,30,120,13,107,36.17021276595745,20.212765957446805,15.957446808510639,63.829787234042556,6.914893617021277,56.91489361702128
E00175609,258,58,29,29,200,13,187,22.48062015503876,11.24031007751938,11.24031007751938,77.51937984496125,5.038759689922481,72.48062015503875
E00175611,349,60,30,30,289,14,275,17.191977077363894,8.595988538681947,8.595988538681947,82.8080229226361,4.011461318051576,78.79656160458453
E00175612,212,29,21,8,183,5,178,13.679245283018867,9.90566037735849,3.7735849056603774,86.32075471698113,2.358490566037736,83.9622641509434
E00175613,321,53,26,27,268,11,257,16.510903426791277,8.09968847352025,8.411214953271028,83.48909657320873,3.4267912772585665,80.06230529595015
E00175614,672,115,18,97,557,44,513,17.113095238095237,2.6785714285714284,14.434523809523808,82.88690476190477,6.547619047619048,76.33928571428571
E00175615,341,61,27,34,280,11,269,17.888563049853374,7.9178885630498534,9.970674486803519,82.11143695014663,3.225806451612903,78.88563049853371
E00175616,194,5,1,4,189,10,179,2.5773195876288657,0.5154639175257731,2.0618556701030926,97.42268041237114,5.154639175257731,92.26804123711341
E00175618,157,6,0,6,151,9,142,3.821656050955414,0,3.821656050955414,96.17834394904459,5.7324840764331215,90.44585987261146
E00175619,233,19,5,14,214,18,196,8.15450643776824,2.1459227467811157,6.008583690987124,91.84549356223177,7.725321888412018,84.12017167381974
E00175620,203,22,5,17,181,12,169,10.83743842364532,2.4630541871921183,8.374384236453201,89.16256157635468,5.911330049261084,83.2512315270936
E00175624,193,16,5,11,177,16,161,8.290155440414509,2.5906735751295336,5.699481865284974,91.70984455958549,8.290155440414509,83.41968911917098
E00175625,213,16,3,13,197,15,182,7.511737089201878,1.4084507042253522,6.103286384976526,92.48826291079813,7.042253521126761,85.44600938967136
E00175626,367,40,16,24,327,15,312,10.899182561307901,4.35967302452316,6.539509536784741,89.10081743869209,4.087193460490464,85.01362397820164
E00175630,151,3,3,0,148,8,140,1.9867549668874174,1.9867549668874174,0,98.01324503311258,5.298013245033113,92.71523178807946
E00175631,182,16,1,15,166,13,153,8.791208791208792,0.5494505494505495,8.241758241758241,91.20879120879121,7.142857142857142,84.06593406593407
E00175632,146,18,2,16,128,10,118,12.32876712328767,1.36986301369863,10.95890410958904,87.67123287671232,6.8493150684931505,80.82191780821918
E00175634,145,19,6,13,126,11,115,13.10344827586207,4.137931034482759,8.96551724137931,86.89655172413792,7.586206896551724,79.3103448275862
E00175636,245,31,9,22,214,13,201,12.653061224489795,3.6734693877551026,8.979591836734693,87.34693877551021,5.3061224489795915,82.0408163265306
E00175638,138,22,10,12,116,8,108,15.942028985507244,7.246376811594203,8.695652173913043,84.05797101449275,5.797101449275362,78.26086956521739
E00175639,150,34,12,22,116,5,111,22.666666666666664,8,14.666666666666666,77.33333333333333,3.3333333333333335,74
E00175640,187,23,4,19,164,13,151,12.299465240641712,2.13903743315508,10.16042780748663,87.70053475935828,6.951871657754011,80.74866310160428
E00175641,329,71,34,37,258,15,243,21.580547112462007,10.33434650455927,11.246200607902736,78.419452887538,4.5592705167173255,73.86018237082067
E00175642,515,74,32,42,441,19,422,14.36893203883495,6.213592233009709,8.155339805825243,85.63106796116506,3.6893203883495143,81.94174757281554
E00175643,197,20,4,16,177,14,163,10.152284263959391,2.030456852791878,8.121827411167512,89.84771573604061,7.1065989847715745,82.74111675126903
E00175645,161,14,2,12,147,19,128,8.695652173913043,1.2422360248447204,7.453416149068323,91.30434782608695,11.801242236024844,79.5031055900621
E00175648,360,45,17,28,315,14,301,12.5,4.722222222222222,7.777777777777778,87.5,3.888888888888889,83.61111111111111
E00175649,1160,109,15,94,1051,77,974,9.39655172413793,1.293103448275862,8.103448275862068,90.60344827586206,6.637931034482758,83.9655172413793
E00175650,808,370,218,152,438,53,385,45.79207920792079,26.980198019801982,18.81188118811881,54.207920792079214,6.5594059405940595,47.648514851485146
E00175651,131,12,2,10,119,20,99,9.16030534351145,1.5267175572519083,7.633587786259542,90.83969465648855,15.267175572519085,75.57251908396947
E00175654,332,43,10,33,289,29,260,12.951807228915662,3.0120481927710845,9.939759036144578,87.04819277108435,8.734939759036145,78.3132530120482
E00175655,187,18,1,17,169,22,147,9.62566844919786,0.53475935828877,9.090909090909092,90.37433155080214,11.76470588235294,78.6096256684492
E00175657,212,18,2,16,194,15,179,8.49056603773585,0.9433962264150944,7.547169811320755,91.50943396226415,7.0754716981132075,84.43396226415094
E00175658,164,13,6,7,151,11,140,7.926829268292683,3.6585365853658534,4.2682926829268295,92.07317073170732,6.707317073170732,85.36585365853658
E00175659,561,49,15,34,512,30,482,8.73440285204991,2.6737967914438503,6.0606060606060606,91.26559714795009,5.347593582887701,85.91800356506238
E00175660,350,28,6,22,322,36,286,8,1.7142857142857144,6.2857142857142865,92,10.285714285714285,81.71428571428572
E00175662,259,48,23,25,211,10,201,18.53281853281853,8.880308880308881,9.652509652509652,81.46718146718148,3.861003861003861,77.60617760617761
E00175663,318,47,21,26,271,12,259,14.779874213836477,6.60377358490566,8.176100628930817,85.22012578616352,3.7735849056603774,81.44654088050315
E00175665,227,19,2,17,208,14,194,8.370044052863436,0.881057268722467,7.488986784140969,91.62995594713657,6.167400881057269,85.46255506607929
E00175666,158,15,4,11,143,13,130,9.49367088607595,2.5316455696202533,6.962025316455696,90.50632911392405,8.227848101265822,82.27848101265823
E00175667,177,15,7,8,162,8,154,8.47457627118644,3.954802259887006,4.519774011299435,91.52542372881356,4.519774011299435,87.00564971751412
E00175668,290,59,23,36,231,12,219,20.344827586206897,7.931034482758621,12.413793103448276,79.65517241379311,4.137931034482759,75.51724137931033
E00175669,488,72,36,36,416,22,394,14.754098360655737,7.377049180327869,7.377049180327869,85.24590163934425,4.508196721311475,80.73770491803278
E00175670,192,24,6,18,168,12,156,12.5,3.125,9.375,87.5,6.25,81.25
E00175673,248,41,26,15,207,6,201,16.532258064516128,10.483870967741936,6.048387096774194,83.46774193548387,2.4193548387096775,81.04838709677419
E00175674,115,28,22,6,87,4,83,24.347826086956523,19.130434782608695,5.217391304347826,75.65217391304347,3.4782608695652173,72.17391304347827
E00175675,258,16,1,15,242,13,229,6.2015503875969,0.3875968992248062,5.813953488372093,93.7984496124031,5.038759689922481,88.75968992248062
E00175676,272,17,7,10,255,15,240,6.25,2.5735294117647056,3.6764705882352944,93.75,5.514705882352941,88.23529411764706
E00175677,310,57,33,24,253,11,242,18.387096774193548,10.64516129032258,7.741935483870968,81.61290322580645,3.5483870967741935,78.06451612903226
E00175678,333,14,6,8,319,17,302,4.2042042042042045,1.8018018018018018,2.4024024024024024,95.7957957957958,5.105105105105105,90.69069069069069
E00175679,197,30,6,24,167,14,153,15.228426395939088,3.0456852791878175,12.18274111675127,84.77157360406092,7.1065989847715745,77.66497461928934
E00175680,150,23,8,15,127,12,115,15.333333333333332,5.333333333333334,10,84.66666666666667,8,76.66666666666667
E00175684,263,26,8,18,237,16,221,9.885931558935361,3.041825095057034,6.844106463878327,90.11406844106465,6.083650190114068,84.03041825095056
E00175685,205,32,8,24,173,10,163,15.609756097560975,3.902439024390244,11.707317073170733,84.39024390243902,4.878048780487805,79.51219512195122
E00175686,232,36,18,18,196,10,186,15.517241379310345,7.758620689655173,7.758620689655173,84.48275862068965,4.310344827586207,80.17241379310344
E00175687,838,93,32,61,745,27,718,11.097852028639618,3.8186157517899764,7.279236276849642,88.90214797136038,3.221957040572793,85.68019093078759
E00175688,340,65,32,33,275,12,263,19.11764705882353,9.411764705882353,9.705882352941178,80.88235294117648,3.5294117647058822,77.3529411764706
E00175689,460,42,18,24,418,41,377,9.130434782608695,3.91304347826087,5.217391304347826,90.8695652173913,8.91304347826087,81.95652173913044
E00175690,243,41,12,29,202,27,175,16.872427983539097,4.938271604938271,11.934156378600823,83.1275720164609,11.11111111111111,72.0164609053498
E00175691,222,28,11,17,194,9,185,12.612612612612612,4.954954954954955,7.657657657657657,87.38738738738738,4.054054054054054,83.33333333333334
E00175692,358,89,35,54,269,19,250,24.860335195530723,9.776536312849162,15.083798882681565,75.13966480446928,5.307262569832402,69.83240223463687
E00175693,233,29,18,11,204,16,188,12.446351931330472,7.725321888412018,4.721030042918455,87.55364806866953,6.866952789699571,80.68669527896995
E00175694,306,24,8,16,282,14,268,7.8431372549019605,2.6143790849673203,5.228758169934641,92.15686274509804,4.57516339869281,87.58169934640523
E00175695,327,40,14,26,287,28,259,12.232415902140673,4.281345565749235,7.951070336391437,87.76758409785933,8.56269113149847,79.20489296636084
E00175696,287,41,14,27,246,25,221,14.285714285714285,4.878048780487805,9.40766550522648,85.71428571428571,8.710801393728223,77.00348432055749
E00175697,262,28,8,20,234,24,210,10.687022900763358,3.0534351145038165,7.633587786259542,89.31297709923665,9.16030534351145,80.1526717557252
E00175698,230,33,12,21,197,16,181,14.347826086956522,5.217391304347826,9.130434782608695,85.65217391304348,6.956521739130435,78.69565217391305
E00175699,248,22,6,16,226,13,213,8.870967741935484,2.4193548387096775,6.451612903225806,91.12903225806451,5.241935483870968,85.88709677419355
E00175700,213,51,29,22,162,21,141,23.943661971830984,13.615023474178404,10.328638497652582,76.05633802816901,9.859154929577464,66.19718309859155
E00175701,251,51,18,33,200,14,186,20.318725099601593,7.171314741035857,13.147410358565736,79.6812749003984,5.577689243027888,74.10358565737052
E00175703,350,177,98,79,173,15,158,50.57142857142857,28.000000000000004,22.57142857142857,49.42857142857143,4.285714285714286,45.14285714285714
E00175704,259,28,12,16,231,12,219,10.81081081081081,4.633204633204633,6.177606177606178,89.1891891891892,4.633204633204633,84.55598455598455
E00175705,347,75,28,47,272,18,254,21.613832853025936,8.069164265129682,13.544668587896252,78.38616714697406,5.187319884726225,73.19884726224784
E00175706,243,27,3,24,216,22,194,11.11111111111111,1.2345679012345678,9.876543209876543,88.88888888888889,9.053497942386832,79.83539094650206
E00175708,188,43,24,19,145,19,126,22.872340425531913,12.76595744680851,10.106382978723403,77.12765957446808,10.106382978723403,67.02127659574468
E00175709,101,10,1,9,91,11,80,9.900990099009901,0.9900990099009901,8.91089108910891,90.0990099009901,10.891089108910892,79.20792079207921
E00175710,273,62,30,32,211,15,196,22.71062271062271,10.989010989010989,11.72161172161172,77.2893772893773,5.4945054945054945,71.7948717948718
E00175711,292,36,16,20,256,16,240,12.32876712328767,5.47945205479452,6.8493150684931505,87.67123287671232,5.47945205479452,82.1917808219178
E00175712,286,30,10,20,256,12,244,10.48951048951049,3.4965034965034967,6.993006993006993,89.5104895104895,4.195804195804196,85.3146853146853
E00175713,1339,155,21,134,1184,98,1086,11.57580283793876,1.568334578043316,10.007468259895443,88.42419716206123,7.318894697535475,81.10530246452576
E00175714,263,50,22,28,213,15,198,19.011406844106464,8.365019011406844,10.646387832699618,80.98859315589354,5.7034220532319395,75.2851711026616
E00175715,208,10,1,9,198,9,189,4.807692307692308,0.4807692307692308,4.326923076923077,95.1923076923077,4.326923076923077,90.86538461538461
E00175717,462,46,17,29,416,12,404,9.956709956709958,3.67965367965368,6.2770562770562766,90.04329004329004,2.5974025974025974,87.44588744588745
E00175718,732,89,11,78,643,45,598,12.158469945355192,1.5027322404371584,10.655737704918032,87.8415300546448,6.147540983606557,81.69398907103826
E00175720,365,47,21,26,318,23,295,12.876712328767123,5.7534246575342465,7.123287671232877,87.12328767123287,6.301369863013699,80.82191780821918
E00175721,398,58,33,25,340,8,332,14.572864321608039,8.291457286432161,6.281407035175879,85.42713567839196,2.0100502512562812,83.41708542713567
E00175722,337,35,10,25,302,29,273,10.385756676557865,2.967359050445104,7.418397626112759,89.61424332344214,8.605341246290802,81.00890207715133
E00175723,143,24,13,11,119,7,112,16.783216783216783,9.090909090909092,7.6923076923076925,83.21678321678321,4.895104895104895,78.32167832167832
E00175724,363,35,14,21,328,30,298,9.641873278236915,3.8567493112947657,5.785123966942149,90.35812672176309,8.264462809917356,82.09366391184572
E00175725,423,79,30,49,344,23,321,18.67612293144208,7.092198581560284,11.583924349881796,81.32387706855792,5.4373522458628845,75.88652482269504
E00175726,511,66,11,55,445,51,394,12.915851272015654,2.152641878669276,10.76320939334638,87.08414872798434,9.980430528375733,77.10371819960861
E00175727,416,49,15,34,367,13,354,11.778846153846153,3.6057692307692304,8.173076923076923,88.22115384615384,3.125,85.09615384615384
E00175728,225,16,0,16,209,10,199,7.111111111111111,0,7.111111111111111,92.88888888888889,4.444444444444445,88.44444444444444
E00175729,616,84,48,36,532,14,518,13.636363636363635,7.792207792207792,5.844155844155844,86.36363636363636,2.272727272727273,84.0909090909091
E00175730,266,38,11,27,228,21,207,14.285714285714285,4.135338345864661,10.150375939849624,85.71428571428571,7.894736842105263,77.81954887218046
E00175731,567,49,28,21,518,18,500,8.641975308641975,4.938271604938271,3.7037037037037033,91.35802469135803,3.1746031746031744,88.18342151675485
E00175732,255,41,12,29,214,25,189,16.07843137254902,4.705882352941177,11.372549019607844,83.92156862745098,9.803921568627452,74.11764705882354
E00175733,123,15,0,15,108,4,104,12.195121951219512,0,12.195121951219512,87.8048780487805,3.2520325203252036,84.5528455284553
E00175734,348,56,27,29,292,16,276,16.091954022988507,7.758620689655173,8.333333333333332,83.9080459770115,4.597701149425287,79.3103448275862
E00175735,278,53,16,37,225,17,208,19.06474820143885,5.755395683453238,13.309352517985612,80.93525179856115,6.115107913669065,74.82014388489209
E00175736,99,18,3,15,81,1,80,18.181818181818183,3.0303030303030303,15.151515151515152,81.81818181818183,1.0101010101010102,80.8080808080808
E00175737,223,23,6,17,200,14,186,10.31390134529148,2.690582959641256,7.623318385650224,89.68609865470853,6.278026905829597,83.40807174887892
E00175740,266,33,12,21,233,16,217,12.406015037593985,4.511278195488721,7.894736842105263,87.59398496240601,6.015037593984962,81.57894736842105
E00175741,297,55,28,27,242,14,228,18.51851851851852,9.427609427609427,9.090909090909092,81.48148148148148,4.713804713804714,76.76767676767676
E00175742,264,37,14,23,227,16,211,14.015151515151514,5.303030303030303,8.712121212121213,85.98484848484848,6.0606060606060606,79.92424242424242
E00175743,280,29,6,23,251,12,239,10.357142857142858,2.142857142857143,8.214285714285714,89.64285714285715,4.285714285714286,85.35714285714285
E00175744,370,82,39,43,288,21,267,22.162162162162165,10.54054054054054,11.621621621621623,77.83783783783784,5.675675675675676,72.16216216216216
E00175745,173,16,8,8,157,6,151,9.248554913294797,4.624277456647398,4.624277456647398,90.7514450867052,3.4682080924855487,87.28323699421965
E00175746,499,50,28,22,449,8,441,10.02004008016032,5.61122244488978,4.408817635270541,89.97995991983969,1.6032064128256511,88.37675350701403
E00175747,271,76,38,38,195,19,176,28.044280442804425,14.022140221402212,14.022140221402212,71.95571955719558,7.011070110701106,64.94464944649447
E00175748,222,11,0,11,211,21,190,4.954954954954955,0,4.954954954954955,95.04504504504504,9.45945945945946,85.58558558558559
E00175749,288,57,37,20,231,7,224,19.791666666666664,12.847222222222221,6.944444444444445,80.20833333333334,2.430555555555556,77.77777777777779
E00175750,607,93,36,57,514,16,498,15.32125205930807,5.930807248764415,9.390444810543658,84.67874794069192,2.6359143327841847,82.04283360790774
E00175751,224,54,28,26,170,18,152,24.107142857142858,12.5,11.607142857142858,75.89285714285714,8.035714285714286,67.85714285714286
E00175752,244,65,27,38,179,23,156,26.639344262295083,11.065573770491802,15.573770491803279,73.36065573770492,9.426229508196721,63.934426229508205
E00175754,217,46,16,30,171,15,156,21.19815668202765,7.373271889400922,13.82488479262673,78.80184331797236,6.912442396313365,71.88940092165899
E00175755,301,46,13,33,255,14,241,15.282392026578073,4.318936877076411,10.96345514950166,84.71760797342192,4.651162790697675,80.06644518272425
E00175756,209,63,38,25,146,10,136,30.14354066985646,18.181818181818183,11.961722488038278,69.85645933014354,4.784688995215311,65.07177033492823
E00175758,439,66,22,44,373,33,340,15.034168564920272,5.0113895216400905,10.022779043280181,84.96583143507974,7.517084282460136,77.44874715261959
E00175760,148,11,2,9,137,11,126,7.4324324324324325,1.3513513513513513,6.081081081081082,92.56756756756756,7.4324324324324325,85.13513513513513
E00175761,589,54,30,24,535,16,519,9.168081494057725,5.093378607809847,4.074702886247878,90.83191850594228,2.7164685908319184,88.11544991511036
E00175764,410,53,25,28,357,5,352,12.926829268292684,6.097560975609756,6.829268292682928,87.07317073170732,1.2195121951219512,85.85365853658537
E00175765,337,53,25,28,284,8,276,15.727002967359049,7.418397626112759,8.30860534124629,84.27299703264094,2.3738872403560833,81.89910979228486
E00175766,290,41,21,20,249,11,238,14.13793103448276,7.241379310344828,6.896551724137931,85.86206896551725,3.793103448275862,82.06896551724138
E00175767,575,39,12,27,536,35,501,6.782608695652175,2.086956521739131,4.695652173913043,93.21739130434783,6.086956521739131,87.1304347826087
E00175768,591,78,30,48,513,25,488,13.19796954314721,5.0761421319796955,8.121827411167512,86.80203045685279,4.230118443316413,82.57191201353638
E00175770,153,34,11,23,119,11,108,22.22222222222222,7.18954248366013,15.032679738562091,77.77777777777779,7.18954248366013,70.58823529411765
E00175771,226,23,9,14,203,17,186,10.176991150442479,3.982300884955752,6.1946902654867255,89.82300884955751,7.52212389380531,82.30088495575221
E00175772,352,63,26,37,289,16,273,17.897727272727273,7.386363636363637,10.511363636363637,82.10227272727273,4.545454545454546,77.55681818181817
E00175773,243,14,1,13,229,15,214,5.761316872427984,0.411522633744856,5.349794238683128,94.23868312757202,6.172839506172839,88.06584362139918
E00175774,420,51,17,34,369,14,355,12.142857142857142,4.0476190476190474,8.095238095238095,87.85714285714286,3.3333333333333335,84.52380952380952
E00175776,405,45,23,22,360,4,356,11.11111111111111,5.679012345679013,5.432098765432099,88.88888888888889,0.9876543209876543,87.90123456790123
E00175777,362,64,43,21,298,13,285,17.67955801104972,11.878453038674033,5.801104972375691,82.32044198895028,3.591160220994475,78.72928176795581
E00175778,209,20,11,9,189,14,175,9.569377990430622,5.263157894736842,4.30622009569378,90.43062200956938,6.698564593301436,83.73205741626795
E00175779,162,11,0,11,151,9,142,6.790123456790123,0,6.790123456790123,93.20987654320987,5.555555555555555,87.65432098765432
E00175780,192,16,2,14,176,18,158,8.333333333333332,1.0416666666666665,7.291666666666667,91.66666666666666,9.375,82.29166666666666
E00175782,126,15,8,7,111,10,101,11.904761904761903,6.349206349206349,5.555555555555555,88.09523809523809,7.936507936507936,80.15873015873017
E00175783,717,71,11,60,646,57,589,9.902370990237099,1.5341701534170153,8.368200836820083,90.0976290097629,7.949790794979079,82.14783821478382
E00175784,283,55,27,28,228,11,217,19.434628975265017,9.540636042402827,9.89399293286219,80.56537102473497,3.8869257950530036,76.67844522968198
E00175785,408,61,30,31,347,40,307,14.950980392156863,7.352941176470589,7.598039215686274,85.04901960784314,9.803921568627452,75.24509803921569
E00175788,238,39,21,18,199,8,191,16.386554621848738,8.823529411764707,7.563025210084033,83.61344537815127,3.361344537815126,80.25210084033614
E00175789,298,33,16,17,265,14,251,11.073825503355705,5.369127516778524,5.704697986577181,88.9261744966443,4.697986577181208,84.22818791946308
E00175790,257,39,18,21,218,16,202,15.17509727626459,7.003891050583658,8.171206225680933,84.8249027237354,6.22568093385214,78.59922178988327
E00175791,199,22,14,8,177,5,172,11.055276381909549,7.035175879396985,4.0201005025125625,88.94472361809045,2.512562814070352,86.4321608040201
E00175792,209,31,16,15,178,7,171,14.832535885167463,7.655502392344498,7.177033492822966,85.16746411483254,3.349282296650718,81.81818181818183
E00175793,335,41,12,29,294,17,277,12.238805970149254,3.582089552238806,8.656716417910449,87.76119402985074,5.074626865671641,82.68656716417911
E00175795,467,134,94,40,333,20,313,28.693790149892934,20.12847965738758,8.565310492505352,71.30620985010707,4.282655246252676,67.02355460385438
E00175796,519,55,16,39,464,16,448,10.597302504816955,3.0828516377649327,7.514450867052023,89.40269749518305,3.0828516377649327,86.31984585741812
E00175798,322,53,29,24,269,11,258,16.459627329192546,9.006211180124224,7.453416149068323,83.54037267080744,3.4161490683229814,80.12422360248446
E00175799,294,77,36,41,217,19,198,26.190476190476193,12.244897959183673,13.945578231292515,73.80952380952381,6.462585034013606,67.3469387755102
E00175800,1728,207,40,167,1521,119,1402,11.979166666666668,2.314814814814815,9.664351851851851,88.02083333333334,6.886574074074074,81.13425925925925
E00175801,279,42,18,24,237,9,228,15.053763440860216,6.451612903225806,8.60215053763441,84.94623655913979,3.225806451612903,81.72043010752688
E00175802,261,36,7,29,225,23,202,13.793103448275861,2.681992337164751,11.11111111111111,86.20689655172413,8.812260536398467,77.39463601532567
E00175803,491,89,32,57,402,26,376,18.126272912423623,6.517311608961303,11.608961303462321,81.87372708757637,5.295315682281059,76.57841140529531
E00186085,790,94,41,53,696,16,680,11.89873417721519,5.189873417721519,6.70886075949367,88.10126582278481,2.0253164556962027,86.07594936708861
E00186089,489,86,37,49,403,30,373,17.586912065439673,7.566462167689162,10.020449897750511,82.41308793456032,6.134969325153374,76.27811860940696
E00186091,196,33,18,15,163,5,158,16.83673469387755,9.183673469387756,7.653061224489796,83.16326530612244,2.5510204081632653,80.61224489795919
E00186093,360,53,28,25,307,16,291,14.722222222222223,7.777777777777778,6.944444444444445,85.27777777777777,4.444444444444445,80.83333333333333
E00186094,326,52,29,23,274,13,261,15.950920245398773,8.895705521472392,7.05521472392638,84.04907975460122,3.9877300613496933,80.06134969325154
E00186095,132,29,5,24,103,12,91,21.96969696969697,3.787878787878788,18.181818181818183,78.03030303030303,9.090909090909092,68.93939393939394
E00186096,271,18,6,12,253,20,233,6.642066420664207,2.214022140221402,4.428044280442804,93.35793357933579,7.380073800738007,85.97785977859779
E00186098,534,55,10,45,479,31,448,10.299625468164795,1.8726591760299627,8.426966292134832,89.70037453183521,5.805243445692884,83.89513108614233
E00186099,567,43,9,34,524,24,500,7.583774250440917,1.5873015873015872,5.996472663139329,92.41622574955908,4.232804232804233,88.18342151675485
E00186100,305,37,15,22,268,13,255,12.131147540983607,4.918032786885246,7.213114754098362,87.8688524590164,4.2622950819672125,83.60655737704919
E00186101,339,22,3,19,317,24,293,6.489675516224189,0.8849557522123894,5.604719764011799,93.5103244837758,7.079646017699115,86.4306784660767
E00186102,337,56,24,32,281,12,269,16.61721068249258,7.121661721068249,9.495548961424333,83.38278931750742,3.5608308605341246,79.82195845697329
E00186103,540,111,52,59,429,21,408,20.555555555555554,9.62962962962963,10.925925925925926,79.44444444444444,3.888888888888889,75.55555555555556
E00186104,516,226,197,29,290,11,279,43.798449612403104,38.17829457364341,5.62015503875969,56.201550387596896,2.131782945736434,54.06976744186046
E00186105,476,30,5,25,446,22,424,6.302521008403361,1.050420168067227,5.2521008403361344,93.69747899159664,4.621848739495799,89.07563025210085
E00186106,843,112,13,99,731,58,673,13.285883748517199,1.542111506524318,11.743772241992882,86.71411625148279,6.880189798339265,79.83392645314353
E00186107,532,50,9,41,482,27,455,9.398496240601503,1.6917293233082706,7.7067669172932325,90.6015037593985,5.075187969924812,85.52631578947368
E00186108,138,20,10,10,118,10,108,14.492753623188406,7.246376811594203,7.246376811594203,85.5072463768116,7.246376811594203,78.26086956521739
E00186109,339,55,27,28,284,16,268,16.224188790560472,7.964601769911504,8.259587020648967,83.77581120943954,4.71976401179941,79.05604719764013
E00186110,194,18,7,11,176,5,171,9.278350515463918,3.608247422680412,5.670103092783505,90.72164948453609,2.5773195876288657,88.14432989690721
E00186111,447,30,11,19,417,43,374,6.7114093959731544,2.460850111856823,4.250559284116331,93.28859060402685,9.619686800894854,83.66890380313198
E00186112,319,61,30,31,258,24,234,19.122257053291534,9.404388714733543,9.717868338557993,80.87774294670847,7.523510971786834,73.35423197492163
E00186113,108,13,11,2,95,3,92,12.037037037037036,10.185185185185185,1.8518518518518516,87.96296296296296,2.7777777777777777,85.18518518518519
E00186114,194,33,11,22,161,8,153,17.010309278350515,5.670103092783505,11.34020618556701,82.9896907216495,4.123711340206185,78.8659793814433
E00186115,435,72,41,31,363,9,354,16.551724137931036,9.425287356321839,7.126436781609195,83.44827586206897,2.0689655172413794,81.37931034482759
E00186116,205,37,16,21,168,10,158,18.048780487804876,7.804878048780488,10.24390243902439,81.95121951219512,4.878048780487805,77.07317073170732
E00186117,279,25,16,9,254,9,245,8.960573476702509,5.734767025089606,3.225806451612903,91.0394265232975,3.225806451612903,87.81362007168458
E00186118,309,183,94,89,126,20,106,59.22330097087378,30.42071197411003,28.802588996763756,40.77669902912621,6.472491909385113,34.3042071197411
E00186119,214,17,6,11,197,18,179,7.943925233644859,2.803738317757009,5.14018691588785,92.05607476635514,8.411214953271028,83.64485981308411
E00186120,570,45,23,22,525,11,514,7.894736842105263,4.035087719298246,3.8596491228070176,92.10526315789474,1.9298245614035088,90.17543859649123
E00186121,346,27,1,26,319,30,289,7.803468208092486,0.2890173410404624,7.514450867052023,92.1965317919075,8.670520231213873,83.52601156069365
E00186122,193,21,15,6,172,5,167,10.880829015544041,7.772020725388601,3.1088082901554404,89.11917098445595,2.5906735751295336,86.52849740932642
E00186123,214,12,2,10,202,9,193,5.607476635514018,0.9345794392523363,4.672897196261682,94.39252336448598,4.205607476635514,90.18691588785047
E00186124,404,37,21,16,367,19,348,9.158415841584159,5.198019801980198,3.9603960396039604,90.84158415841584,4.702970297029703,86.13861386138613
E00186125,474,121,43,78,353,55,298,25.52742616033755,9.071729957805907,16.455696202531644,74.47257383966245,11.60337552742616,62.869198312236286
E00186126,194,96,70,26,98,15,83,49.48453608247423,36.08247422680412,13.402061855670103,50.51546391752577,7.731958762886598,42.78350515463917
E00186127,354,76,26,50,278,32,246,21.468926553672315,7.344632768361582,14.124293785310735,78.53107344632768,9.03954802259887,69.49152542372882
E00186128,440,48,35,13,392,9,383,10.909090909090908,7.954545454545454,2.9545454545454546,89.0909090909091,2.0454545454545454,87.04545454545455
E00186129,541,89,50,39,452,25,427,16.45101663585952,9.242144177449168,7.208872458410351,83.54898336414048,4.621072088724584,78.9279112754159
E00186130,183,13,3,10,170,14,156,7.103825136612022,1.639344262295082,5.46448087431694,92.89617486338798,7.650273224043716,85.24590163934425
E00186131,234,19,10,9,215,3,212,8.11965811965812,4.273504273504273,3.8461538461538463,91.88034188034187,1.282051282051282,90.5982905982906
E00186132,167,20,12,8,147,3,144,11.976047904191617,7.18562874251497,4.790419161676647,88.02395209580838,1.7964071856287425,86.22754491017965
E00186133,251,50,25,25,201,12,189,19.9203187250996,9.9601593625498,9.9601593625498,80.0796812749004,4.780876494023905,75.2988047808765
E00186134,239,36,22,14,203,6,197,15.062761506276152,9.205020920502092,5.857740585774058,84.93723849372385,2.510460251046025,82.42677824267783
E00186135,343,41,21,20,302,6,296,11.9533527696793,6.122448979591836,5.830903790087463,88.0466472303207,1.749271137026239,86.29737609329446
E00186136,177,9,2,7,168,15,153,5.084745762711865,1.1299435028248588,3.954802259887006,94.91525423728814,8.47457627118644,86.4406779661017
E00186137,234,34,18,16,200,7,193,14.529914529914532,7.6923076923076925,6.837606837606838,85.47008547008546,2.9914529914529915,82.47863247863248
E00186138,100,2,1,1,98,8,90,2,1,1,98,8,90
E00186139,503,54,24,30,449,15,434,10.73558648111332,4.7713717693836974,5.964214711729622,89.26441351888667,2.982107355864811,86.28230616302187
E00186140,414,55,22,33,359,14,345,13.285024154589372,5.314009661835748,7.971014492753622,86.71497584541062,3.3816425120772946,83.33333333333334
E00186141,202,47,25,22,155,17,138,23.26732673267327,12.376237623762377,10.891089108910892,76.73267326732673,8.415841584158416,68.31683168316832
E00186142,358,31,4,27,327,12,315,8.659217877094973,1.1173184357541899,7.5418994413407825,91.34078212290503,3.35195530726257,87.98882681564247
E00186143,166,30,13,17,136,2,134,18.072289156626507,7.83132530120482,10.240963855421686,81.92771084337349,1.2048192771084338,80.72289156626506
E00186144,406,50,24,26,356,8,348,12.31527093596059,5.911330049261084,6.403940886699508,87.68472906403942,1.9704433497536946,85.71428571428571
E00186145,427,85,31,54,342,14,328,19.906323185011708,7.259953161592506,12.646370023419204,80.09367681498829,3.278688524590164,76.81498829039812
E00186146,148,13,5,8,135,7,128,8.783783783783784,3.3783783783783785,5.405405405405405,91.21621621621621,4.72972972972973,86.48648648648648
E00186147,310,10,0,10,300,18,282,3.225806451612903,0,3.225806451612903,96.7741935483871,5.806451612903226,90.96774193548387
E00186148,350,33,10,23,317,21,296,9.428571428571429,2.857142857142857,6.571428571428571,90.57142857142857,6,84.57142857142857
E00186149,231,39,11,28,192,28,164,16.883116883116884,4.761904761904762,12.121212121212121,83.11688311688312,12.121212121212121,70.995670995671
E00186150,447,59,19,40,388,18,370,13.19910514541387,4.250559284116331,8.94854586129754,86.80089485458613,4.026845637583892,82.77404921700223
E00186151,274,53,17,36,221,21,200,19.34306569343066,6.204379562043796,13.138686131386862,80.65693430656934,7.664233576642336,72.99270072992701
E00186152,308,37,13,24,271,8,263,12.012987012987013,4.220779220779221,7.792207792207792,87.98701298701299,2.5974025974025974,85.3896103896104
E00186153,294,40,21,19,254,15,239,13.60544217687075,7.142857142857142,6.462585034013606,86.39455782312925,5.1020408163265305,81.29251700680273
E00186154,205,9,2,7,196,10,186,4.390243902439024,0.975609756097561,3.414634146341464,95.60975609756098,4.878048780487805,90.73170731707317
E00186155,995,122,15,107,873,79,794,12.261306532663317,1.507537688442211,10.753768844221105,87.73869346733669,7.939698492462312,79.79899497487438
E00186156,197,10,1,9,187,13,174,5.0761421319796955,0.5076142131979695,4.568527918781726,94.9238578680203,6.598984771573605,88.3248730964467
E00186157,152,18,3,15,134,2,132,11.842105263157894,1.9736842105263157,9.868421052631579,88.1578947368421,1.3157894736842104,86.8421052631579
E00186158,324,43,16,27,281,13,268,13.271604938271606,4.938271604938271,8.333333333333332,86.72839506172839,4.012345679012346,82.71604938271605
E00186159,258,10,3,7,248,17,231,3.875968992248062,1.1627906976744187,2.7131782945736433,96.12403100775194,6.5891472868217065,89.53488372093024
E00186160,304,16,5,11,288,16,272,5.263157894736842,1.644736842105263,3.618421052631579,94.73684210526315,5.263157894736842,89.47368421052632
E00186161,573,73,45,28,500,16,484,12.739965095986038,7.853403141361256,4.886561954624781,87.26003490401396,2.7923211169284468,84.46771378708551
E00186162,343,90,47,43,253,11,242,26.239067055393583,13.702623906705538,12.536443148688047,73.76093294460642,3.206997084548105,70.55393586005832
E00186163,392,59,23,36,333,28,305,15.051020408163266,5.86734693877551,9.183673469387756,84.94897959183673,7.142857142857142,77.8061224489796
E00186164,228,22,12,10,206,15,191,9.649122807017543,5.263157894736842,4.385964912280701,90.35087719298247,6.578947368421052,83.77192982456141
E00186165,448,70,39,31,378,15,363,15.625,8.705357142857142,6.919642857142858,84.375,3.3482142857142856,81.02678571428571
E00186166,407,64,31,33,343,15,328,15.724815724815725,7.616707616707617,8.108108108108109,84.27518427518427,3.6855036855036856,80.5896805896806
E00186167,429,129,87,42,300,23,277,30.069930069930066,20.27972027972028,9.79020979020979,69.93006993006993,5.361305361305361,64.56876456876456
E00186168,589,108,71,37,481,19,462,18.33616298811545,12.054329371816639,6.281833616298811,81.66383701188455,3.225806451612903,78.43803056027164
E00186169,170,29,10,19,141,12,129,17.058823529411764,5.88235294117647,11.176470588235295,82.94117647058825,7.0588235294117645,75.88235294117646
E00186170,368,69,28,41,299,14,285,18.75,7.608695652173914,11.141304347826086,81.25,3.804347826086957,77.44565217391305
E00186171,146,26,14,12,120,4,116,17.80821917808219,9.58904109589041,8.21917808219178,82.1917808219178,2.73972602739726,79.45205479452055
E00186172,534,70,38,32,464,19,445,13.108614232209737,7.116104868913857,5.992509363295881,86.89138576779027,3.5580524344569286,83.33333333333334
E00186173,458,56,28,28,402,14,388,12.22707423580786,6.11353711790393,6.11353711790393,87.77292576419214,3.056768558951965,84.71615720524017
E00186174,308,30,11,19,278,7,271,9.740259740259742,3.571428571428571,6.1688311688311686,90.25974025974025,2.272727272727273,87.98701298701299
E00186175,317,43,18,25,274,11,263,13.564668769716087,5.678233438485805,7.886435331230284,86.43533123028391,3.4700315457413247,82.96529968454259
E00186176,150,23,14,9,127,4,123,15.333333333333332,9.333333333333334,6,84.66666666666667,2.666666666666667,82
E00186177,118,16,3,13,102,6,96,13.559322033898304,2.5423728813559325,11.016949152542372,86.4406779661017,5.084745762711865,81.35593220338984
E00186178,292,42,12,30,250,22,228,14.383561643835616,4.10958904109589,10.273972602739725,85.61643835616438,7.534246575342466,78.08219178082192
E00186179,465,56,19,37,409,12,397,12.043010752688172,4.086021505376344,7.956989247311828,87.95698924731182,2.5806451612903225,85.3763440860215
E00186180,365,44,20,24,321,8,313,12.054794520547945,5.47945205479452,6.575342465753424,87.94520547945206,2.191780821917808,85.75342465753425
E00186181,238,16,3,13,222,9,213,6.722689075630252,1.2605042016806722,5.46218487394958,93.27731092436974,3.7815126050420167,89.49579831932773
E00186182,206,42,13,29,164,12,152,20.388349514563107,6.310679611650485,14.077669902912621,79.6116504854369,5.825242718446602,73.7864077669903
E00186183,416,82,44,38,334,12,322,19.71153846153846,10.576923076923077,9.134615384615383,80.28846153846155,2.8846153846153846,77.40384615384616
E00186184,289,43,20,23,246,9,237,14.878892733564014,6.920415224913495,7.958477508650519,85.12110726643598,3.1141868512110724,82.00692041522491
E00186185,341,41,16,25,300,22,278,12.023460410557185,4.69208211143695,7.331378299120235,87.97653958944281,6.451612903225806,81.52492668621701
E00186186,376,57,23,34,319,31,288,15.159574468085108,6.117021276595745,9.042553191489363,84.8404255319149,8.24468085106383,76.59574468085107
E00186187,391,39,22,17,352,9,343,9.974424552429667,5.626598465473146,4.3478260869565215,90.02557544757033,2.3017902813299234,87.7237851662404
E00186188,195,36,17,19,159,10,149,18.461538461538463,8.717948717948717,9.7435897435897445,81.53846153846153,5.128205128205128,76.41025641025641
E00186189,566,78,21,57,488,24,464,13.780918727915195,3.7102473498233217,10.070671378091872,86.21908127208481,4.240282685512367,81.97879858657244
E00186190,450,46,21,25,404,14,390,10.222222222222223,4.666666666666667,5.555555555555555,89.77777777777777,3.111111111111111,86.66666666666667
E00186191,173,10,4,6,163,10,153,5.780346820809249,2.312138728323699,3.4682080924855487,94.21965317919076,5.780346820809249,88.4393063583815
E00186192,418,51,28,23,367,12,355,12.200956937799043,6.698564593301436,5.502392344497608,87.79904306220095,2.8708133971291865,84.92822966507177
E00186193,202,28,15,13,174,7,167,13.861386138613863,7.425742574257425,6.435643564356436,86.13861386138613,3.4653465346534658,82.67326732673267
E00186194,299,45,22,23,254,22,232,15.050167224080269,7.357859531772576,7.6923076923076925,84.94983277591973,7.357859531772576,77.59197324414716
E00186195,376,57,31,26,319,7,312,15.159574468085108,8.24468085106383,6.914893617021277,84.8404255319149,1.8617021276595744,82.97872340425532
E00186196,407,110,67,43,297,17,280,27.027027027027028,16.461916461916463,10.565110565110565,72.97297297297297,4.176904176904177,68.7960687960688
E00186197,507,55,20,35,452,23,429,10.848126232741617,3.9447731755424065,6.903353057199212,89.15187376725838,4.536489151873767,84.61538461538461
E00186198,595,85,54,31,510,8,502,14.285714285714285,9.07563025210084,5.2100840336134455,85.71428571428571,1.3445378151260505,84.36974789915966
E00186199,176,64,25,39,112,8,104,36.36363636363637,14.204545454545455,22.15909090909091,63.63636363636363,4.545454545454546,59.09090909090909
E00186200,173,16,8,8,157,6,151,9.248554913294797,4.624277456647398,4.624277456647398,90.7514450867052,3.4682080924855487,87.28323699421965
E00186201,418,91,52,39,327,22,305,21.770334928229666,12.440191387559809,9.330143540669857,78.22966507177034,5.263157894736842,72.96650717703349
E00186202,218,63,36,27,155,12,143,28.899082568807337,16.51376146788991,12.385321100917432,71.10091743119266,5.5045871559633035,65.59633027522935
E00186203,299,36,22,14,263,11,252,12.040133779264215,7.357859531772576,4.682274247491638,87.95986622073578,3.678929765886288,84.2809364548495
E00186204,467,51,24,27,416,17,399,10.920770877944326,5.139186295503212,5.781584582441114,89.07922912205566,3.640256959314775,85.4389721627409
E00186205,111,23,10,13,88,5,83,20.72072072072072,9.00900900900901,11.711711711711711,79.27927927927928,4.504504504504505,74.77477477477478
E00186206,168,21,10,11,147,7,140,12.5,5.952380952380952,6.547619047619048,87.5,4.166666666666666,83.33333333333334
E00186207,395,65,36,29,330,13,317,16.455696202531644,9.113924050632912,7.341772151898734,83.54430379746836,3.2911392405063293,80.25316455696202
E00186208,171,9,0,9,162,15,147,5.263157894736842,0,5.263157894736842,94.73684210526315,8.771929824561402,85.96491228070175
E00186209,338,35,15,20,303,21,282,10.355029585798817,4.437869822485207,5.9171597633136095,89.64497041420118,6.21301775147929,83.4319526627219
E00186210,211,12,3,9,199,7,192,5.687203791469194,1.4218009478672986,4.265402843601896,94.3127962085308,3.3175355450236967,90.99526066350711
E00186211,442,26,4,22,416,24,392,5.88235294117647,0.904977375565611,4.97737556561086,94.11764705882352,5.429864253393665,88.68778280542986
E00186212,347,31,7,24,316,13,303,8.93371757925072,2.0172910662824206,6.9164265129683,91.06628242074927,3.7463976945244957,87.31988472622479
E00186213,567,67,16,51,500,30,470,11.816578483245149,2.821869488536155,8.994708994708994,88.18342151675485,5.291005291005291,82.89241622574956
E00186214,117,10,2,8,107,8,99,8.547008547008547,1.7094017094017095,6.837606837606838,91.45299145299145,6.837606837606838,84.61538461538461
E00186215,251,21,7,14,230,20,210,8.366533864541832,2.788844621513944,5.577689243027888,91.63346613545816,7.968127490039841,83.66533864541833
E00186216,121,29,13,16,92,8,84,23.96694214876033,10.743801652892563,13.223140495867769,76.03305785123968,6.6115702479338845,69.42148760330579
E00186217,290,27,13,14,263,13,250,9.310344827586208,4.482758620689655,4.827586206896552,90.6896551724138,4.482758620689655,86.20689655172413
E00186218,257,12,1,11,245,6,239,4.669260700389105,0.38910505836575876,4.280155642023346,95.3307392996109,2.3346303501945527,92.99610894941634
E00186219,262,64,44,20,198,10,188,24.427480916030532,16.793893129770993,7.633587786259542,75.57251908396947,3.816793893129771,71.7557251908397
E00186220,141,18,7,11,123,5,118,12.76595744680851,4.964539007092199,7.801418439716312,87.2340425531915,3.546099290780142,83.68794326241135
E00186221,488,51,22,29,437,8,429,10.450819672131148,4.508196721311475,5.942622950819672,89.54918032786885,1.639344262295082,87.90983606557377
E00186222,183,36,15,21,147,12,135,19.672131147540984,8.19672131147541,11.475409836065573,80.32786885245902,6.557377049180328,73.77049180327869
E00186223,239,29,16,13,210,6,204,12.133891213389122,6.694560669456067,5.439330543933055,87.86610878661088,2.510460251046025,85.35564853556485
E00186224,353,60,36,24,293,5,288,16.997167138810198,10.198300283286118,6.79886685552408,83.0028328611898,1.41643059490085,81.58640226628894
E00186225,127,23,9,14,104,3,101,18.11023622047244,7.086614173228346,11.023622047244094,81.88976377952756,2.3622047244094486,79.52755905511812
E00186226,544,71,20,51,473,33,440,13.051470588235295,3.6764705882352944,9.375,86.94852941176471,6.0661764705882355,80.88235294117648
E00186227,449,55,27,28,394,18,376,12.24944320712695,6.013363028953229,6.23608017817372,87.75055679287304,4.008908685968819,83.74164810690424
E00186228,252,39,18,21,213,7,206,15.476190476190476,7.142857142857142,8.333333333333332,84.52380952380952,2.7777777777777777,81.74603174603175
E00186229,342,56,30,26,286,9,277,16.374269005847953,8.771929824561402,7.602339181286549,83.62573099415205,2.631578947368421,80.99415204678363
E00186230,235,30,20,10,205,12,193,12.76595744680851,8.51063829787234,4.25531914893617,87.2340425531915,5.106382978723404,82.12765957446808
E00186231,446,61,23,38,385,20,365,13.67713004484305,5.15695067264574,8.520179372197308,86.32286995515696,4.484304932735426,81.83856502242153
E00186232,228,22,6,16,206,18,188,9.649122807017543,2.631578947368421,7.017543859649122,90.35087719298247,7.894736842105263,82.45614035087719
E00186233,489,63,14,49,426,34,392,12.883435582822086,2.8629856850715747,10.020449897750511,87.11656441717791,6.952965235173824,80.16359918200409
E00186234,344,46,17,29,298,27,271,13.372093023255813,4.941860465116279,8.430232558139535,86.62790697674419,7.848837209302325,78.77906976744185
E00186235,972,97,24,73,875,95,780,9.979423868312757,2.4691358024691357,7.510288065843622,90.02057613168725,9.77366255144033,80.24691358024691
E00186236,256,35,19,16,221,5,216,13.671875,7.421875,6.25,86.328125,1.953125,84.375
E00186237,488,32,5,27,456,27,429,6.557377049180328,1.0245901639344261,5.532786885245901,93.44262295081968,5.532786885245901,87.90983606557377
E00186238,196,17,0,17,179,13,166,8.673469387755102,0,8.673469387755102,91.3265306122449,6.63265306122449,84.6938775510204
E00186239,272,22,9,13,250,8,242,8.088235294117647,3.308823529411765,4.779411764705882,91.91176470588235,2.941176470588235,88.97058823529412
E00186240,183,12,5,7,171,17,154,6.557377049180328,2.73224043715847,3.825136612021858,93.44262295081968,9.289617486338798,84.15300546448088
E00186241,201,13,3,10,188,13,175,6.467661691542288,1.4925373134328357,4.975124378109453,93.53233830845771,6.467661691542288,87.06467661691542
E00186242,171,52,26,26,119,3,116,30.409356725146196,15.204678362573098,15.204678362573098,69.5906432748538,1.7543859649122806,67.83625730994152
E00186243,503,80,41,39,423,13,410,15.904572564612327,8.151093439363818,7.75347912524851,84.09542743538768,2.584493041749503,81.51093439363817
E00186244,377,72,35,37,305,11,294,19.098143236074268,9.283819628647215,9.814323607427056,80.90185676392572,2.9177718832891246,77.9840848806366
E00186245,256,27,17,10,229,5,224,10.546875,6.640625,3.90625,89.453125,1.953125,87.5
E00186246,204,13,5,8,191,7,184,6.372549019607843,2.450980392156863,3.9215686274509802,93.62745098039215,3.431372549019608,90.19607843137256
E00186247,252,18,6,12,234,27,207,7.142857142857142,2.380952380952381,4.761904761904762,92.85714285714286,10.714285714285714,82.14285714285714
E00186248,530,75,47,28,455,10,445,14.150943396226415,8.867924528301886,5.283018867924529,85.84905660377359,1.8867924528301887,83.9622641509434
E00186249,412,40,18,22,372,25,347,9.70873786407767,4.368932038834951,5.339805825242718,90.29126213592234,6.067961165048544,84.22330097087378
E00186250,135,25,14,11,110,7,103,18.51851851851852,10.37037037037037,8.148148148148149,81.48148148148148,5.185185185185185,76.29629629629629
E00186251,297,20,3,17,277,17,260,6.7340067340067336,1.0101010101010102,5.723905723905724,93.26599326599326,5.723905723905724,87.54208754208754
E00186252,388,65,24,41,323,15,308,16.752577319587626,6.185567010309279,10.56701030927835,83.24742268041237,3.865979381443299,79.38144329896907
E00186253,538,65,31,34,473,16,457,12.0817843866171,5.762081784386617,6.319702602230483,87.9182156133829,2.973977695167286,84.94423791821562
E00186254,205,21,1,20,184,15,169,10.24390243902439,0.4878048780487805,9.75609756097561,89.75609756097562,7.317073170731707,82.4390243902439
E00186255,162,22,9,13,140,7,133,13.580246913580247,5.555555555555555,8.024691358024691,86.41975308641975,4.320987654320987,82.09876543209876
E00186256,660,72,10,62,588,24,564,10.909090909090908,1.5151515151515151,9.393939393939393,89.0909090909091,3.6363636363636362,85.45454545454545
E00186257,604,40,8,32,564,53,511,6.622516556291391,1.3245033112582782,5.298013245033113,93.37748344370861,8.774834437086094,84.60264900662253
E00186258,371,54,27,27,317,22,295,14.555256064690028,7.277628032345014,7.277628032345014,85.44474393530997,5.929919137466308,79.51482479784366
E00186259,247,30,15,15,217,6,211,12.145748987854251,6.0728744939271255,6.0728744939271255,87.85425101214574,2.42914979757085,85.4251012145749
E00186260,175,42,25,17,133,4,129,24,14.285714285714285,9.714285714285714,76,2.2857142857142856,73.71428571428571
E00186261,194,22,8,14,172,10,162,11.34020618556701,4.123711340206185,7.216494845360824,88.65979381443299,5.154639175257731,83.50515463917526
E00186262,243,37,15,22,206,21,185,15.22633744855967,6.172839506172839,9.053497942386832,84.77366255144034,8.641975308641975,76.13168724279835
E00186263,378,40,16,24,338,10,328,10.582010582010582,4.232804232804233,6.349206349206349,89.41798941798942,2.6455026455026456,86.77248677248677
E00186264,272,59,27,32,213,13,200,21.691176470588236,9.926470588235293,11.76470588235294,78.30882352941177,4.779411764705882,73.52941176470588
E00186265,170,34,11,23,136,5,131,20,6.470588235294119,13.529411764705882,80,2.941176470588235,77.05882352941177
E00186266,408,101,67,34,307,8,299,24.754901960784316,16.42156862745098,8.333333333333332,75.24509803921569,1.9607843137254901,73.2843137254902
E00186267,220,18,5,13,202,19,183,8.181818181818182,2.272727272727273,5.909090909090909,91.81818181818183,8.636363636363637,83.18181818181817
E00186268,406,60,30,30,346,14,332,14.77832512315271,7.389162561576355,7.389162561576355,85.22167487684729,3.4482758620689653,81.77339901477832
E00186269,277,32,19,13,245,11,234,11.552346570397113,6.859205776173286,4.693140794223827,88.4476534296029,3.9711191335740073,84.47653429602889
E00186270,259,24,6,18,235,14,221,9.266409266409266,2.3166023166023164,6.94980694980695,90.73359073359073,5.405405405405405,85.32818532818533
E00186271,355,50,27,23,305,18,287,14.084507042253522,7.605633802816901,6.478873239436619,85.91549295774648,5.070422535211268,80.84507042253522
E00186272,175,32,10,22,143,3,140,18.285714285714285,5.714285714285714,12.571428571428573,81.71428571428572,1.7142857142857144,80
E00186273,348,52,29,23,296,15,281,14.942528735632186,8.333333333333332,6.609195402298851,85.0574712643678,4.310344827586207,80.74712643678161
E00186274,248,26,5,21,222,19,203,10.483870967741936,2.0161290322580645,8.46774193548387,89.51612903225806,7.661290322580645,81.85483870967742
E00186275,361,51,20,31,310,13,297,14.127423822714682,5.540166204986149,8.587257617728532,85.87257617728532,3.6011080332409975,82.27146814404432
E00186276,213,44,19,25,169,16,153,20.657276995305164,8.92018779342723,11.737089201877934,79.34272300469483,7.511737089201878,71.83098591549296
E00186277,335,49,29,20,286,9,277,14.626865671641792,8.656716417910449,5.970149253731343,85.37313432835822,2.6865671641791042,82.68656716417911
E00186278,308,22,10,12,286,3,283,7.142857142857142,3.2467532467532463,3.896103896103896,92.85714285714286,0.974025974025974,91.88311688311688
E00186279,221,11,2,9,210,12,198,4.97737556561086,0.904977375565611,4.072398190045249,95.02262443438913,5.429864253393665,89.59276018099548
E00186280,150,29,17,12,121,1,120,19.333333333333332,11.333333333333332,8,80.66666666666666,0.6666666666666667,80
E00186281,309,154,77,77,155,22,133,49.83818770226537,24.919093851132686,24.919093851132686,50.161812297734635,7.119741100323624,43.042071197411005
E00186282,225,16,4,12,209,0,209,7.111111111111111,1.7777777777777777,5.333333333333334,92.88888888888889,0,92.88888888888889
E00186283,517,83,43,40,434,31,403,16.054158607350097,8.317214700193423,7.7369439071566735,83.9458413926499,5.996131528046422,77.94970986460348
E00186284,296,46,14,32,250,30,220,15.54054054054054,4.72972972972973,10.81081081081081,84.45945945945947,10.135135135135135,74.32432432432432
E00186285,156,5,0,5,151,9,142,3.205128205128205,0,3.205128205128205,96.7948717948718,5.769230769230769,91.02564102564102
E00186286,381,27,12,15,354,12,342,7.086614173228346,3.149606299212598,3.937007874015748,92.91338582677166,3.149606299212598,89.76377952755905
E00186287,397,72,34,38,325,11,314,18.1360201511335,8.564231738035264,9.571788413098236,81.86397984886649,2.770780856423174,79.09319899244332
E00186288,537,50,27,23,487,11,476,9.31098696461825,5.027932960893855,4.283054003724395,90.68901303538175,2.0484171322160147,88.64059590316573
E00186289,320,57,35,22,263,19,244,17.8125,10.9375,6.875000000000001,82.1875,5.9375,76.25
E00186290,333,72,36,36,261,5,256,21.62162162162162,10.81081081081081,10.81081081081081,78.37837837837837,1.5015015015015014,76.87687687687688
E00186291,437,66,40,26,371,14,357,15.102974828375288,9.153318077803203,5.949656750572083,84.89702517162472,3.203661327231121,81.6933638443936
E00186292,188,24,12,12,164,3,161,12.76595744680851,6.382978723404255,6.382978723404255,87.2340425531915,1.5957446808510638,85.63829787234043
E00186293,266,36,10,26,230,5,225,13.533834586466165,3.7593984962406015,9.774436090225564,86.46616541353383,1.8796992481203008,84.58646616541353
E00186294,472,79,36,43,393,18,375,16.73728813559322,7.627118644067797,9.110169491525424,83.26271186440678,3.8135593220338984,79.44915254237289
E00186295,395,45,24,21,350,17,333,11.39240506329114,6.075949367088607,5.3164556962025316,88.60759493670885,4.30379746835443,84.30379746835443
E00186296,138,7,2,5,131,9,122,5.072463768115942,1.4492753623188406,3.6231884057971016,94.92753623188406,6.521739130434782,88.40579710144928
E00186297,614,80,23,57,534,25,509,13.029315960912053,3.7459283387622153,9.283387622149837,86.97068403908796,4.071661237785016,82.89902280130293
E00186298,344,54,29,25,290,19,271,15.69767441860465,8.430232558139535,7.267441860465117,84.30232558139535,5.523255813953488,78.77906976744185
E00186299,295,47,7,40,248,25,223,15.932203389830507,2.3728813559322033,13.559322033898304,84.06779661016948,8.47457627118644,75.59322033898304
E00186300,619,104,51,53,515,12,503,16.80129240710824,8.239095315024231,8.562197092084006,83.19870759289176,1.938610662358643,81.26009693053312
E00186301,220,37,15,22,183,4,179,16.818181818181817,6.8181818181818175,10,83.18181818181817,1.8181818181818181,81.36363636363636
E00186302,178,24,7,17,154,5,149,13.48314606741573,3.932584269662921,9.550561797752808,86.51685393258427,2.8089887640449436,83.70786516853933
E00186303,370,33,18,15,337,10,327,8.91891891891892,4.864864864864865,4.054054054054054,91.08108108108108,2.7027027027027026,88.37837837837837
E00186304,281,151,73,78,130,18,112,53.736654804270465,25.97864768683274,27.75800711743772,46.263345195729535,6.405693950177936,39.8576512455516
E00186305,565,42,22,20,523,23,500,7.433628318584071,3.893805309734513,3.5398230088495577,92.56637168141593,4.070796460176991,88.49557522123894
E00186306,302,86,44,42,216,18,198,28.47682119205298,14.56953642384106,13.90728476821192,71.52317880794702,5.960264900662252,65.56291390728477
E00186307,407,53,25,28,354,13,341,13.022113022113022,6.142506142506143,6.87960687960688,86.97788697788698,3.194103194103194,83.78378378378379
E00186308,1514,120,20,100,1394,80,1314,7.926023778071334,1.321003963011889,6.605019815059446,92.07397622192866,5.284015852047556,86.78996036988111
E00186309,2305,272,51,221,2033,125,1908,11.800433839479393,2.212581344902386,9.587852494577007,88.1995661605206,5.42299349240781,82.7765726681128
E00186310,252,38,19,19,214,7,207,15.079365079365079,7.5396825396825395,7.5396825396825395,84.92063492063492,2.7777777777777777,82.14285714285714
E00186311,561,76,38,38,485,14,471,13.547237076648841,6.7736185383244205,6.7736185383244205,86.45276292335116,2.4955436720142603,83.9572192513369
E00186312,175,38,18,20,137,8,129,21.714285714285715,10.285714285714285,11.428571428571429,78.28571428571428,4.571428571428571,73.71428571428571
E00186313,276,36,17,19,240,12,228,13.043478260869565,6.159420289855073,6.884057971014493,86.95652173913044,4.3478260869565215,82.6086956521739
E00186314,219,29,14,15,190,7,183,13.24200913242009,6.392694063926941,6.8493150684931505,86.7579908675799,3.1963470319634704,83.56164383561644
E00186315,180,17,7,10,163,3,160,9.444444444444445,3.888888888888889,5.555555555555555,90.55555555555556,1.6666666666666667,88.88888888888889
E00186316,219,59,24,35,160,14,146,26.94063926940639,10.95890410958904,15.981735159817351,73.0593607305936,6.392694063926941,66.66666666666666
E00186317,444,57,12,45,387,36,351,12.837837837837837,2.7027027027027026,10.135135135135135,87.16216216216216,8.108108108108109,79.05405405405406
E00186318,324,83,55,28,241,9,232,25.617283950617285,16.97530864197531,8.641975308641975,74.38271604938271,2.7777777777777777,71.60493827160494
E00186319,226,33,22,11,193,4,189,14.601769911504425,9.734513274336283,4.867256637168142,85.39823008849558,1.7699115044247788,83.6283185840708
