OA,ts0380001,ts0380002,ts0380003,ts0380004,ts0380005,ts0380006,ts0380007,ts0380002_PCT,ts0380003_PCT,ts0380004_PCT,ts0380005_PCT,ts0380006_PCT,ts0380007_PCT
E00123460,311,51,12,39,260,35,225,16.39871382636656,3.858520900321544,12.540192926045016,83.60128617363344,11.254019292604502,72.34726688102894
E00123461,360,28,7,21,332,35,297,7.777777777777778,1.9444444444444444,5.833333333333333,92.22222222222223,9.722222222222223,82.5
E00123462,285,49,15,34,236,18,218,17.192982456140353,5.263157894736842,11.929824561403509,82.80701754385966,6.315789473684211,76.49122807017544
E00123463,300,43,21,22,257,27,230,14.333333333333334,7.000000000000001,7.333333333333333,85.66666666666667,9,76.66666666666667
E00123464,416,47,18,29,369,33,336,11.298076923076923,4.326923076923077,6.971153846153847,88.70192307692307,7.9326923076923075,80.76923076923077
E00123465,276,42,12,30,234,23,211,15.217391304347828,4.3478260869565215,10.869565217391305,84.78260869565217,8.333333333333332,76.44927536231883
E00123466,619,75,33,42,544,44,500,12.116316639741518,5.3311793214862675,6.78513731825525,87.88368336025847,7.1082390953150245,80.77544426494345
E00123467,247,54,20,34,193,22,171,21.86234817813765,8.097165991902834,13.765182186234817,78.13765182186235,8.906882591093117,69.23076923076923
E00123468,240,50,23,27,190,14,176,20.833333333333336,9.583333333333334,11.25,79.16666666666666,5.833333333333333,73.33333333333333
E00123469,300,44,19,25,256,18,238,14.666666666666666,6.333333333333334,8.333333333333332,85.33333333333334,6,79.33333333333333
E00123471,226,62,27,35,164,13,151,27.43362831858407,11.946902654867257,15.486725663716813,72.56637168141593,5.752212389380531,66.8141592920354
E00123472,205,52,26,26,153,12,141,25.365853658536587,12.682926829268293,12.682926829268293,74.63414634146342,5.853658536585367,68.78048780487805
E00123473,287,54,21,33,233,22,211,18.81533101045296,7.317073170731707,11.498257839721255,81.18466898954703,7.665505226480835,73.5191637630662
E00123474,268,67,31,36,201,19,182,25,11.567164179104477,13.432835820895523,75,7.08955223880597,67.91044776119402
E00123475,334,48,17,31,286,25,261,14.37125748502994,5.089820359281437,9.281437125748502,85.62874251497006,7.48502994011976,78.1437125748503
E00123476,234,41,21,20,193,14,179,17.52136752136752,8.974358974358974,8.547008547008547,82.47863247863248,5.982905982905983,76.49572649572649
E00123477,346,44,18,26,302,27,275,12.716763005780345,5.202312138728324,7.514450867052023,87.28323699421965,7.803468208092486,79.47976878612717
E00123478,255,68,23,45,187,20,167,26.666666666666668,9.019607843137255,17.647058823529413,73.33333333333333,7.8431372549019605,65.49019607843137
E00123479,315,47,14,33,268,27,241,14.920634920634921,4.444444444444445,10.476190476190476,85.07936507936508,8.571428571428571,76.5079365079365
E00123480,257,31,11,20,226,27,199,12.062256809338521,4.280155642023346,7.782101167315175,87.93774319066148,10.505836575875486,77.431906614786
E00123482,294,53,18,35,241,31,210,18.027210884353742,6.122448979591836,11.904761904761903,81.97278911564626,10.54421768707483,71.42857142857143
E00123483,331,51,23,28,280,30,250,15.407854984894259,6.948640483383686,8.459214501510575,84.59214501510573,9.06344410876133,75.52870090634441
E00123484,445,55,22,33,390,37,353,12.359550561797752,4.943820224719101,7.415730337078652,87.64044943820225,8.314606741573034,79.32584269662921
E00123485,366,65,18,47,301,30,271,17.759562841530055,4.918032786885246,12.841530054644808,82.24043715846994,8.19672131147541,74.04371584699454
E00123486,314,65,27,38,249,12,237,20.70063694267516,8.598726114649681,12.101910828025478,79.29936305732484,3.821656050955414,75.47770700636943
E00123487,297,55,19,36,242,31,211,18.51851851851852,6.397306397306397,12.121212121212121,81.48148148148148,10.437710437710438,71.04377104377105
E00123488,336,66,28,38,270,40,230,19.642857142857142,8.333333333333332,11.30952380952381,80.35714285714286,11.904761904761903,68.45238095238095
E00123489,302,64,20,44,238,30,208,21.192052980132452,6.622516556291391,14.56953642384106,78.80794701986756,9.933774834437086,68.87417218543047
E00123490,381,53,18,35,328,42,286,13.910761154855644,4.724409448818897,9.186351706036746,86.08923884514435,11.023622047244094,75.06561679790026
E00123491,286,31,9,22,255,28,227,10.839160839160838,3.146853146853147,7.6923076923076925,89.16083916083916,9.79020979020979,79.37062937062937
E00123492,327,54,23,31,273,24,249,16.51376146788991,7.033639143730887,9.480122324159021,83.4862385321101,7.339449541284404,76.14678899082568
E00123493,312,51,19,32,261,30,231,16.346153846153847,6.089743589743589,10.256410256410255,83.65384615384616,9.615384615384617,74.03846153846155
E00123494,344,37,11,26,307,31,276,10.755813953488373,3.1976744186046515,7.55813953488372,89.24418604651163,9.011627906976743,80.23255813953489
E00123495,322,43,15,28,279,23,256,13.354037267080745,4.658385093167702,8.695652173913043,86.64596273291926,7.142857142857142,79.5031055900621
E00123496,333,39,7,32,294,32,262,11.711711711711711,2.1021021021021022,9.60960960960961,88.28828828828829,9.60960960960961,78.67867867867868
E00123497,364,76,48,28,288,27,261,20.87912087912088,13.186813186813188,7.6923076923076925,79.12087912087912,7.417582417582418,71.7032967032967
E00123498,317,77,47,30,240,15,225,24.290220820189273,14.826498422712934,9.46372239747634,75.70977917981072,4.73186119873817,70.97791798107255
E00123499,362,57,19,38,305,29,276,15.745856353591158,5.248618784530387,10.497237569060774,84.25414364640883,8.011049723756907,76.24309392265194
E00123500,312,47,20,27,265,20,245,15.064102564102564,6.41025641025641,8.653846153846153,84.93589743589743,6.41025641025641,78.52564102564102
E00123501,362,39,16,23,323,35,288,10.773480662983426,4.41988950276243,6.353591160220995,89.22651933701657,9.668508287292818,79.55801104972376
E00123502,309,46,13,33,263,21,242,14.886731391585762,4.207119741100324,10.679611650485436,85.11326860841424,6.796116504854369,78.31715210355988
E00123503,280,34,6,28,246,27,219,12.142857142857142,2.142857142857143,10,87.85714285714286,9.642857142857144,78.21428571428571
E00123504,348,45,21,24,303,18,285,12.931034482758621,6.0344827586206895,6.896551724137931,87.06896551724138,5.172413793103448,81.89655172413794
E00123505,317,41,19,22,276,30,246,12.933753943217665,5.993690851735016,6.940063091482649,87.06624605678233,9.46372239747634,77.60252365930599
E00123506,344,49,23,26,295,16,279,14.244186046511627,6.686046511627906,7.55813953488372,85.75581395348837,4.651162790697675,81.1046511627907
E00123507,310,33,10,23,277,21,256,10.64516129032258,3.225806451612903,7.419354838709677,89.35483870967742,6.774193548387098,82.58064516129032
E00123508,283,60,23,37,223,18,205,21.20141342756184,8.12720848056537,13.074204946996467,78.79858657243817,6.36042402826855,72.43816254416961
E00123509,230,58,22,36,172,14,158,25.217391304347824,9.565217391304348,15.65217391304348,74.78260869565217,6.086956521739131,68.69565217391305
E00123510,308,32,11,21,276,25,251,10.38961038961039,3.571428571428571,6.8181818181818175,89.6103896103896,8.116883116883116,81.4935064935065
E00123511,271,56,19,37,215,18,197,20.66420664206642,7.011070110701106,13.653136531365314,79.33579335793358,6.642066420664207,72.69372693726937
E00123512,292,48,19,29,244,25,219,16.43835616438356,6.506849315068493,9.931506849315069,83.56164383561644,8.561643835616438,75
E00123513,311,29,10,19,282,14,268,9.32475884244373,3.215434083601286,6.109324758842444,90.67524115755627,4.501607717041801,86.17363344051448
E00123514,370,44,12,32,326,32,294,11.891891891891893,3.2432432432432434,8.64864864864865,88.10810810810811,8.64864864864865,79.45945945945945
E00123515,352,42,11,31,310,21,289,11.931818181818182,3.125,8.806818181818182,88.06818181818183,5.965909090909091,82.10227272727273
E00123516,464,80,29,51,384,27,357,17.24137931034483,6.25,10.991379310344827,82.75862068965517,5.818965517241379,76.9396551724138
E00123517,342,49,17,32,293,28,265,14.327485380116958,4.970760233918129,9.35672514619883,85.67251461988305,8.187134502923977,77.48538011695906
E00123518,372,37,14,23,335,28,307,9.946236559139784,3.763440860215054,6.182795698924731,90.05376344086021,7.526881720430108,82.52688172043011
E00123519,340,62,21,41,278,34,244,18.235294117647058,6.176470588235294,12.058823529411764,81.76470588235294,10,71.76470588235294
E00123520,470,51,15,36,419,50,369,10.851063829787234,3.1914893617021276,7.659574468085106,89.14893617021276,10.638297872340425,78.51063829787233
E00123521,276,50,17,33,226,17,209,18.115942028985508,6.159420289855073,11.956521739130435,81.88405797101449,6.159420289855073,75.72463768115942
E00123522,440,51,16,35,389,24,365,11.59090909090909,3.6363636363636362,7.954545454545454,88.4090909090909,5.454545454545454,82.95454545454545
E00123523,204,48,22,26,156,12,144,23.52941176470588,10.784313725490197,12.745098039215685,76.47058823529412,5.88235294117647,70.58823529411765
E00123524,330,45,11,34,285,34,251,13.636363636363635,3.3333333333333335,10.303030303030303,86.36363636363636,10.303030303030303,76.06060606060606
E00123525,242,42,18,24,200,18,182,17.355371900826448,7.43801652892562,9.917355371900827,82.64462809917356,7.43801652892562,75.20661157024794
E00123526,286,37,9,28,249,21,228,12.937062937062937,3.146853146853147,9.79020979020979,87.06293706293707,7.3426573426573425,79.72027972027972
E00123528,347,46,13,33,301,28,273,13.256484149855908,3.7463976945244957,9.510086455331413,86.74351585014409,8.069164265129682,78.6743515850144
E00123529,282,25,7,18,257,17,240,8.865248226950355,2.4822695035460995,6.382978723404255,91.13475177304964,6.028368794326241,85.1063829787234
E00123530,328,48,21,27,280,22,258,14.634146341463413,6.402439024390244,8.231707317073171,85.36585365853658,6.707317073170732,78.65853658536585
E00123531,324,35,11,24,289,26,263,10.802469135802468,3.3950617283950617,7.4074074074074066,89.19753086419753,8.024691358024691,81.17283950617285
E00123532,368,27,7,20,341,18,323,7.336956521739131,1.9021739130434785,5.434782608695652,92.66304347826086,4.891304347826087,87.77173913043478
E00123533,320,53,17,36,267,33,234,16.5625,5.3125,11.25,83.4375,10.3125,73.125
E00123534,364,34,9,25,330,24,306,9.340659340659341,2.4725274725274726,6.868131868131869,90.65934065934066,6.593406593406594,84.06593406593407
E00123535,382,50,21,29,332,33,299,13.089005235602095,5.49738219895288,7.591623036649215,86.91099476439791,8.638743455497382,78.27225130890052
E00123536,318,47,15,32,271,31,240,14.779874213836477,4.716981132075472,10.062893081761008,85.22012578616352,9.748427672955975,75.47169811320755
E00123537,301,33,12,21,268,24,244,10.96345514950166,3.9867109634551494,6.976744186046512,89.03654485049833,7.973421926910299,81.06312292358804
E00123538,405,52,13,39,353,27,326,12.839506172839506,3.2098765432098766,9.62962962962963,87.1604938271605,6.666666666666667,80.49382716049382
E00123539,302,50,17,33,252,24,228,16.55629139072848,5.629139072847682,10.927152317880795,83.44370860927152,7.9470198675496695,75.49668874172185
E00123540,311,35,9,26,276,25,251,11.254019292604502,2.8938906752411575,8.360128617363344,88.7459807073955,8.038585209003216,80.70739549839229
E00123541,307,34,11,23,273,27,246,11.074918566775244,3.5830618892508146,7.491856677524431,88.92508143322475,8.794788273615636,80.13029315960912
E00123542,422,48,20,28,374,34,340,11.374407582938389,4.739336492890995,6.6350710900473935,88.62559241706161,8.056872037914692,80.56872037914692
E00123543,433,38,15,23,395,25,370,8.775981524249422,3.4642032332563506,5.311778290993072,91.22401847575058,5.773672055427252,85.45034642032333
E00123544,449,75,33,42,374,46,328,16.70378619153675,7.349665924276169,9.35412026726058,83.29621380846325,10.244988864142538,73.05122494432071
E00123545,337,35,10,25,302,26,276,10.385756676557865,2.967359050445104,7.418397626112759,89.61424332344214,7.71513353115727,81.89910979228486
E00123546,269,38,17,21,231,20,211,14.12639405204461,6.319702602230483,7.806691449814126,85.87360594795538,7.434944237918216,78.43866171003717
E00123547,236,39,15,24,197,9,188,16.52542372881356,6.3559322033898304,10.16949152542373,83.47457627118644,3.8135593220338984,79.66101694915254
E00123548,437,60,24,36,377,40,337,13.729977116704806,5.491990846681922,8.237986270022883,86.2700228832952,9.153318077803203,77.11670480549199
E00123550,467,81,40,41,386,25,361,17.34475374732334,8.565310492505352,8.779443254817988,82.65524625267666,5.353319057815846,77.30192719486081
E00123551,446,101,50,51,345,43,302,22.6457399103139,11.210762331838566,11.434977578475337,77.3542600896861,9.641255605381167,67.71300448430493
E00123552,337,35,11,24,302,32,270,10.385756676557865,3.2640949554896146,7.121661721068249,89.61424332344214,9.495548961424333,80.1186943620178
E00123553,410,134,84,50,276,24,252,32.6829268292683,20.48780487804878,12.195121951219512,67.31707317073172,5.853658536585367,61.46341463414634
E00123554,311,49,21,28,262,25,237,15.755627009646304,6.752411575562702,9.003215434083602,84.2443729903537,8.038585209003216,76.20578778135048
E00123555,375,82,24,58,293,25,268,21.866666666666667,6.4,15.466666666666667,78.13333333333333,6.666666666666667,71.46666666666667
E00123556,361,47,11,36,314,34,280,13.019390581717452,3.0470914127423825,9.97229916897507,86.98060941828255,9.418282548476455,77.5623268698061
E00123557,350,32,9,23,318,33,285,9.142857142857142,2.571428571428571,6.571428571428571,90.85714285714286,9.428571428571429,81.42857142857143
E00123558,502,87,29,58,415,44,371,17.330677290836654,5.776892430278884,11.553784860557768,82.66932270916335,8.764940239043826,73.90438247011953
E00123559,326,55,24,31,271,25,246,16.87116564417178,7.361963190184049,9.509202453987731,83.12883435582822,7.668711656441718,75.4601226993865
E00123560,422,93,54,39,329,23,306,22.03791469194313,12.796208530805686,9.24170616113744,77.96208530805687,5.450236966824645,72.51184834123224
E00123562,256,63,24,39,193,24,169,24.609375,9.375,15.234375,75.390625,9.375,66.015625
E00123563,343,38,19,19,305,27,278,11.078717201166182,5.539358600583091,5.539358600583091,88.92128279883383,7.871720116618077,81.04956268221575
E00123564,342,57,15,42,285,24,261,16.666666666666664,4.385964912280701,12.280701754385964,83.33333333333334,7.017543859649122,76.31578947368422
E00123565,324,64,23,41,260,34,226,19.753086419753085,7.098765432098765,12.654320987654321,80.24691358024691,10.493827160493826,69.75308641975309
E00123567,210,56,23,33,154,15,139,26.666666666666668,10.952380952380953,15.714285714285714,73.33333333333333,7.142857142857142,66.19047619047619
E00123568,292,65,21,44,227,19,208,22.26027397260274,7.191780821917808,15.068493150684931,77.73972602739725,6.506849315068493,71.23287671232876
E00123569,272,39,11,28,233,23,210,14.338235294117647,4.044117647058823,10.294117647058822,85.66176470588235,8.455882352941178,77.20588235294117
E00123570,476,54,20,34,422,29,393,11.344537815126051,4.201680672268908,7.142857142857142,88.65546218487394,6.092436974789916,82.56302521008404
E00123571,428,66,29,37,362,27,335,15.42056074766355,6.775700934579438,8.644859813084112,84.57943925233646,6.308411214953271,78.27102803738318
E00123572,401,55,11,44,346,21,325,13.715710723192021,2.7431421446384037,10.972568578553615,86.28428927680798,5.236907730673317,81.04738154613467
E00123573,300,52,25,27,248,25,223,17.333333333333336,8.333333333333332,9,82.66666666666667,8.333333333333332,74.33333333333333
E00123574,318,49,16,33,269,35,234,15.40880503144654,5.031446540880504,10.377358490566039,84.59119496855347,11.0062893081761,73.58490566037736
E00123575,239,42,16,26,197,10,187,17.573221757322173,6.694560669456067,10.87866108786611,82.42677824267783,4.184100418410042,78.24267782426779
E00123576,263,43,10,33,220,29,191,16.34980988593156,3.802281368821293,12.547528517110266,83.65019011406845,11.02661596958175,72.6235741444867
E00123577,303,77,31,46,226,21,205,25.412541254125415,10.231023102310232,15.181518151815181,74.58745874587459,6.9306930693069315,67.65676567656766
E00123578,276,41,11,30,235,28,207,14.855072463768115,3.985507246376811,10.869565217391305,85.14492753623189,10.144927536231885,75
E00123579,210,40,16,24,170,21,149,19.047619047619047,7.6190476190476195,11.428571428571429,80.95238095238095,10,70.95238095238095
E00123580,290,46,14,32,244,33,211,15.862068965517242,4.827586206896552,11.03448275862069,84.13793103448276,11.379310344827587,72.75862068965517
E00123581,312,64,25,39,248,24,224,20.51282051282051,8.012820512820513,12.5,79.48717948717949,7.6923076923076925,71.7948717948718
E00123582,346,54,14,40,292,29,263,15.606936416184972,4.046242774566474,11.560693641618498,84.39306358381504,8.38150289017341,76.01156069364163
E00123583,327,60,23,37,267,25,242,18.34862385321101,7.033639143730887,11.314984709480122,81.65137614678899,7.64525993883792,74.00611620795107
E00123584,344,41,11,30,303,23,280,11.918604651162791,3.1976744186046515,8.720930232558139,88.0813953488372,6.686046511627906,81.3953488372093
E00123585,125,21,8,13,104,14,90,16.8,6.4,10.4,83.2,11.200000000000001,72
E00123586,441,43,20,23,398,28,370,9.750566893424036,4.535147392290249,5.215419501133787,90.24943310657596,6.349206349206349,83.90022675736961
E00123587,108,11,4,7,97,13,84,10.185185185185185,3.7037037037037033,6.481481481481481,89.81481481481481,12.037037037037036,77.77777777777779
E00123588,533,81,23,58,452,35,417,15.196998123827393,4.315196998123827,10.881801125703564,84.80300187617262,6.566604127579738,78.23639774859286
E00123589,305,34,11,23,271,27,244,11.147540983606557,3.606557377049181,7.540983606557377,88.85245901639345,8.852459016393443,80
E00123590,384,29,10,19,355,33,322,7.552083333333333,2.604166666666667,4.947916666666666,92.44791666666666,8.59375,83.85416666666666
E00123591,424,44,11,33,380,42,338,10.377358490566039,2.5943396226415096,7.783018867924528,89.62264150943396,9.90566037735849,79.71698113207547
E00123592,161,24,11,13,137,4,133,14.906832298136646,6.832298136645963,8.074534161490684,85.09316770186336,2.484472049689441,82.6086956521739
E00123593,220,31,14,17,189,28,161,14.09090909090909,6.363636363636363,7.727272727272727,85.9090909090909,12.727272727272727,73.18181818181819
E00123594,169,26,7,19,143,18,125,15.384615384615385,4.142011834319527,11.242603550295858,84.61538461538461,10.650887573964498,73.96449704142012
E00123595,353,44,17,27,309,24,285,12.464589235127479,4.815864022662889,7.64872521246459,87.53541076487252,6.79886685552408,80.73654390934844
E00123596,381,37,8,29,344,37,307,9.711286089238845,2.099737532808399,7.611548556430446,90.28871391076116,9.711286089238845,80.5774278215223
E00123597,284,29,6,23,255,28,227,10.211267605633804,2.112676056338028,8.098591549295776,89.7887323943662,9.859154929577464,79.92957746478874
E00123598,570,45,15,30,525,37,488,7.894736842105263,2.631578947368421,5.263157894736842,92.10526315789474,6.491228070175438,85.6140350877193
E00123599,250,37,11,26,213,19,194,14.799999999999999,4.3999999999999995,10.4,85.2,7.6,77.60000000000001
E00123600,222,25,11,14,197,17,180,11.26126126126126,4.954954954954955,6.306306306306306,88.73873873873875,7.657657657657657,81.08108108108108
E00123601,328,28,9,19,300,20,280,8.536585365853659,2.7439024390243905,5.7926829268292686,91.46341463414635,6.097560975609756,85.36585365853658
E00123602,278,34,15,19,244,26,218,12.23021582733813,5.39568345323741,6.83453237410072,87.76978417266187,9.352517985611511,78.41726618705036
E00123603,300,50,12,38,250,36,214,16.666666666666664,4,12.666666666666668,83.33333333333334,12,71.33333333333334
E00123604,299,34,7,27,265,20,245,11.37123745819398,2.341137123745819,9.03010033444816,88.62876254180601,6.688963210702341,81.93979933110369
E00123605,306,59,27,32,247,26,221,19.28104575163399,8.823529411764707,10.457516339869281,80.71895424836602,8.49673202614379,72.22222222222221
E00123606,217,30,5,25,187,20,167,13.82488479262673,2.3041474654377883,11.52073732718894,86.17511520737328,9.216589861751153,76.95852534562212
E00123608,267,39,14,25,228,18,210,14.606741573033707,5.2434456928838955,9.363295880149813,85.39325842696628,6.741573033707865,78.65168539325843
E00123609,335,45,15,30,290,21,269,13.432835820895523,4.477611940298507,8.955223880597014,86.56716417910447,6.26865671641791,80.29850746268656
E00123610,322,57,28,29,265,23,242,17.70186335403727,8.695652173913043,9.006211180124224,82.29813664596274,7.142857142857142,75.15527950310559
E00123611,392,59,22,37,333,30,303,15.051020408163266,5.612244897959184,9.438775510204081,84.94897959183673,7.653061224489796,77.29591836734694
E00123612,314,39,13,26,275,21,254,12.420382165605096,4.140127388535031,8.280254777070063,87.57961783439491,6.687898089171974,80.89171974522293
E00123613,486,63,22,41,423,35,388,12.962962962962962,4.526748971193416,8.436213991769549,87.03703703703704,7.20164609053498,79.83539094650206
E00123614,243,59,16,43,184,9,175,24.279835390946502,6.584362139917696,17.695473251028808,75.7201646090535,3.7037037037037033,72.0164609053498
E00123615,281,59,26,33,222,15,207,20.99644128113879,9.252669039145907,11.743772241992882,79.00355871886121,5.338078291814947,73.66548042704626
E00123616,231,55,19,36,176,17,159,23.809523809523807,8.225108225108226,15.584415584415584,76.19047619047619,7.35930735930736,68.83116883116884
E00123617,246,27,12,15,219,22,197,10.975609756097562,4.878048780487805,6.097560975609756,89.02439024390245,8.94308943089431,80.08130081300813
E00123618,551,71,18,53,480,32,448,12.885662431941924,3.2667876588021776,9.618874773139746,87.11433756805808,5.807622504537205,81.30671506352087
E00123619,351,44,15,29,307,22,285,12.535612535612536,4.273504273504273,8.262108262108262,87.46438746438746,6.267806267806268,81.19658119658119
E00123620,339,46,19,27,293,29,264,13.569321533923304,5.604719764011799,7.964601769911504,86.4306784660767,8.55457227138643,77.87610619469027
E00123621,369,72,34,38,297,15,282,19.51219512195122,9.214092140921409,10.29810298102981,80.48780487804879,4.0650406504065035,76.42276422764228
E00123622,265,48,16,32,217,22,195,18.11320754716981,6.037735849056604,12.075471698113208,81.88679245283019,8.30188679245283,73.58490566037736
E00123623,340,52,17,35,288,25,263,15.294117647058824,5,10.294117647058822,84.70588235294117,7.352941176470589,77.3529411764706
E00123624,315,35,20,15,280,23,257,11.11111111111111,6.349206349206349,4.761904761904762,88.88888888888889,7.301587301587302,81.58730158730158
E00123625,307,37,13,24,270,19,251,12.052117263843648,4.234527687296417,7.81758957654723,87.94788273615634,6.188925081433225,81.75895765472313
E00123626,445,53,20,33,392,26,366,11.910112359550562,4.49438202247191,7.415730337078652,88.08988764044943,5.842696629213483,82.24719101123596
E00123627,357,48,18,30,309,21,288,13.445378151260504,5.042016806722689,8.403361344537815,86.5546218487395,5.88235294117647,80.67226890756302
E00123628,297,37,15,22,260,21,239,12.457912457912458,5.05050505050505,7.4074074074074066,87.54208754208754,7.07070707070707,80.47138047138047
E00123629,306,39,15,24,267,27,240,12.745098039215685,4.901960784313726,7.8431372549019605,87.25490196078431,8.823529411764707,78.43137254901961
E00123630,319,36,18,18,283,22,261,11.285266457680251,5.6426332288401255,5.6426332288401255,88.71473354231975,6.896551724137931,81.81818181818183
E00123631,305,66,22,44,239,11,228,21.639344262295083,7.213114754098362,14.426229508196723,78.36065573770492,3.606557377049181,74.75409836065575
E00123632,247,52,18,34,195,19,176,21.052631578947366,7.28744939271255,13.765182186234817,78.94736842105263,7.6923076923076925,71.25506072874494
E00123633,292,42,20,22,250,40,210,14.383561643835616,6.8493150684931505,7.534246575342466,85.61643835616438,13.698630136986301,71.91780821917808
E00123634,333,50,17,33,283,24,259,15.015015015015015,5.105105105105105,9.90990990990991,84.98498498498499,7.207207207207207,77.77777777777779
E00123635,376,64,19,45,312,35,277,17.02127659574468,5.053191489361701,11.96808510638298,82.97872340425532,9.308510638297872,73.67021276595744
E00123636,418,59,23,36,359,30,329,14.114832535885165,5.502392344497608,8.61244019138756,85.88516746411483,7.177033492822966,78.70813397129187
E00123637,293,48,10,38,245,17,228,16.38225255972696,3.4129692832764507,12.969283276450511,83.61774744027304,5.802047781569966,77.81569965870307
E00123638,337,47,19,28,290,21,269,13.94658753709199,5.637982195845697,8.30860534124629,86.05341246290801,6.231454005934718,79.82195845697329
E00123639,316,57,21,36,259,28,231,18.037974683544302,6.6455696202531636,11.39240506329114,81.9620253164557,8.860759493670885,73.10126582278481
E00123640,319,35,13,22,284,26,258,10.9717868338558,4.075235109717868,6.896551724137931,89.0282131661442,8.150470219435736,80.87774294670847
E00123641,219,32,13,19,187,20,167,14.61187214611872,5.93607305936073,8.67579908675799,85.38812785388129,9.1324200913242,76.25570776255708
E00123642,359,70,26,44,289,20,269,19.498607242339833,7.242339832869081,12.256267409470752,80.50139275766016,5.571030640668524,74.93036211699165
E00123643,342,76,40,36,266,31,235,22.22222222222222,11.695906432748536,10.526315789473683,77.77777777777779,9.064327485380117,68.71345029239765
E00123644,291,54,21,33,237,27,210,18.556701030927837,7.216494845360824,11.34020618556701,81.44329896907216,9.278350515463918,72.16494845360825
E00123645,418,42,15,27,376,28,348,10.047846889952153,3.588516746411483,6.4593301435406705,89.95215311004785,6.698564593301436,83.25358851674642
E00123646,388,97,72,25,291,21,270,25,18.556701030927837,6.443298969072164,75,5.412371134020619,69.58762886597938
E00123647,352,76,35,41,276,32,244,21.59090909090909,9.943181818181818,11.647727272727272,78.4090909090909,9.090909090909092,69.31818181818183
E00123648,283,40,14,26,243,24,219,14.13427561837456,4.946996466431095,9.187279151943462,85.86572438162544,8.480565371024735,77.3851590106007
E00123649,337,35,11,24,302,29,273,10.385756676557865,3.2640949554896146,7.121661721068249,89.61424332344214,8.605341246290802,81.00890207715133
E00123650,346,51,15,36,295,31,264,14.739884393063585,4.335260115606936,10.404624277456648,85.26011560693641,8.959537572254336,76.30057803468208
E00123652,293,31,12,19,262,25,237,10.580204778156997,4.09556313993174,6.484641638225256,89.419795221843,8.532423208191126,80.88737201365188
E00123653,362,58,25,33,304,23,281,16.022099447513813,6.906077348066299,9.116022099447514,83.97790055248619,6.353591160220995,77.62430939226519
E00123654,375,35,10,25,340,33,307,9.333333333333334,2.666666666666667,6.666666666666667,90.66666666666666,8.799999999999999,81.86666666666666
E00123655,351,39,10,29,312,34,278,11.11111111111111,2.849002849002849,8.262108262108262,88.88888888888889,9.686609686609685,79.2022792022792
E00123656,251,70,34,36,181,12,169,27.88844621513944,13.545816733067728,14.342629482071715,72.11155378486056,4.780876494023905,67.33067729083665
E00123657,330,46,9,37,284,23,261,13.939393939393941,2.727272727272727,11.212121212121213,86.06060606060606,6.969696969696971,79.0909090909091
E00123658,302,41,11,30,261,26,235,13.57615894039735,3.642384105960265,9.933774834437086,86.42384105960265,8.609271523178808,77.81456953642383
E00123659,423,62,17,45,361,23,338,14.657210401891252,4.0189125295508275,10.638297872340425,85.34278959810875,5.4373522458628845,79.90543735224587
E00123660,333,45,18,27,288,23,265,13.513513513513514,5.405405405405405,8.108108108108109,86.48648648648648,6.906906906906906,79.57957957957959
E00123661,285,70,31,39,215,24,191,24.561403508771928,10.87719298245614,13.684210526315791,75.43859649122807,8.421052631578947,67.01754385964912
E00123662,324,48,14,34,276,25,251,14.814814814814813,4.320987654320987,10.493827160493826,85.18518518518519,7.716049382716049,77.46913580246914
E00123663,522,109,66,43,413,45,368,20.88122605363985,12.643678160919542,8.237547892720306,79.11877394636015,8.620689655172415,70.49808429118774
E00123664,311,59,25,34,252,32,220,18.971061093247588,8.038585209003216,10.932475884244374,81.02893890675242,10.289389067524116,70.7395498392283
E00123665,471,81,33,48,390,39,351,17.197452229299362,7.006369426751593,10.191082802547772,82.80254777070064,8.280254777070063,74.52229299363057
E00123667,583,91,44,47,492,36,456,15.608919382504288,7.547169811320755,8.061749571183533,84.39108061749572,6.174957118353345,78.21612349914237
E00123669,349,43,15,28,306,19,287,12.320916905444127,4.297994269340974,8.022922636103152,87.67908309455588,5.444126074498568,82.23495702005731
E00123670,282,52,29,23,230,23,207,18.439716312056735,10.28368794326241,8.156028368794328,81.56028368794325,8.156028368794328,73.40425531914893
E00123671,311,51,27,24,260,26,234,16.39871382636656,8.681672025723474,7.717041800643088,83.60128617363344,8.360128617363344,75.2411575562701
E00123672,283,72,36,36,211,26,185,25.4416961130742,12.7208480565371,12.7208480565371,74.55830388692578,9.187279151943462,65.37102473498233
E00123673,282,47,16,31,235,35,200,16.666666666666664,5.673758865248227,10.99290780141844,83.33333333333334,12.411347517730496,70.92198581560284
E00123674,286,59,21,38,227,24,203,20.62937062937063,7.3426573426573425,13.286713286713287,79.37062937062937,8.391608391608392,70.97902097902097
E00123675,410,62,19,43,348,30,318,15.121951219512194,4.634146341463414,10.487804878048781,84.8780487804878,7.317073170731707,77.5609756097561
E00123676,298,39,23,16,259,25,234,13.087248322147651,7.718120805369128,5.369127516778524,86.91275167785236,8.389261744966444,78.52348993288591
E00123677,289,46,12,34,243,22,221,15.916955017301039,4.1522491349480966,11.76470588235294,84.08304498269896,7.612456747404845,76.47058823529412
E00123678,309,40,23,17,269,27,242,12.944983818770226,7.443365695792881,5.501618122977346,87.05501618122977,8.737864077669903,78.31715210355988
E00123679,303,35,8,27,268,25,243,11.55115511551155,2.6402640264026402,8.91089108910891,88.44884488448845,8.25082508250825,80.19801980198021
E00123680,239,20,5,15,219,16,203,8.368200836820083,2.092050209205021,6.2761506276150625,91.63179916317992,6.694560669456067,84.93723849372385
E00123681,481,56,17,39,425,37,388,11.642411642411643,3.5343035343035343,8.108108108108109,88.35758835758836,7.6923076923076925,80.66528066528068
E00123682,383,79,27,52,304,22,282,20.626631853785902,7.049608355091384,13.577023498694519,79.37336814621409,5.7441253263707575,73.62924281984334
E00123683,475,78,33,45,397,39,358,16.42105263157895,6.947368421052631,9.473684210526317,83.57894736842105,8.210526315789474,75.36842105263158
E00123684,581,98,27,71,483,46,437,16.867469879518072,4.647160068846816,12.220309810671257,83.13253012048193,7.917383820998279,75.21514629948365
E00123685,401,51,11,40,350,35,315,12.718204488778055,2.7431421446384037,9.975062344139651,87.28179551122194,8.728179551122196,78.55361596009975
E00123686,435,59,20,39,376,41,335,13.563218390804598,4.597701149425287,8.96551724137931,86.4367816091954,9.425287356321839,77.01149425287356
E00123687,266,47,21,26,219,27,192,17.669172932330827,7.894736842105263,9.774436090225564,82.33082706766918,10.150375939849624,72.18045112781954
E00123689,203,56,25,31,147,12,135,27.586206896551722,12.31527093596059,15.270935960591133,72.41379310344827,5.911330049261084,66.50246305418719
E00123690,286,58,24,34,228,31,197,20.27972027972028,8.391608391608392,11.888111888111888,79.72027972027972,10.839160839160838,68.88111888111888
E00123691,412,55,16,39,357,36,321,13.349514563106796,3.8834951456310676,9.466019417475728,86.6504854368932,8.737864077669903,77.9126213592233
E00123692,307,61,26,35,246,31,215,19.86970684039088,8.469055374592834,11.400651465798045,80.13029315960912,10.097719869706841,70.03257328990227
E00123693,279,52,21,31,227,21,206,18.63799283154122,7.526881720430108,11.11111111111111,81.36200716845879,7.526881720430108,73.83512544802868
E00123694,297,34,8,26,263,24,239,11.447811447811448,2.6936026936026933,8.754208754208754,88.55218855218855,8.080808080808081,80.47138047138047
E00123695,311,46,18,28,265,21,244,14.790996784565916,5.787781350482315,9.003215434083602,85.20900321543408,6.752411575562702,78.45659163987139
E00123696,321,46,20,26,275,30,245,14.330218068535824,6.230529595015576,8.09968847352025,85.66978193146417,9.345794392523365,76.32398753894081
E00123697,314,65,33,32,249,19,230,20.70063694267516,10.509554140127388,10.191082802547772,79.29936305732484,6.050955414012739,73.24840764331209
E00123698,457,108,44,64,349,26,323,23.63238512035011,9.62800875273523,14.00437636761488,76.36761487964989,5.689277899343545,70.67833698030634
E00123699,303,54,20,34,249,35,214,17.82178217821782,6.6006600660066,11.221122112211221,82.17821782178217,11.55115511551155,70.62706270627062
E00123701,415,72,27,45,343,32,311,17.349397590361445,6.506024096385541,10.843373493975903,82.65060240963855,7.710843373493977,74.93975903614458
E00123702,450,78,20,58,372,29,343,17.333333333333336,4.444444444444445,12.88888888888889,82.66666666666667,6.444444444444445,76.22222222222223
E00123703,198,34,8,26,164,9,155,17.17171717171717,4.040404040404041,13.131313131313133,82.82828282828282,4.545454545454546,78.28282828282829
E00123704,561,115,75,40,446,46,400,20.499108734402853,13.368983957219251,7.130124777183601,79.50089126559715,8.19964349376114,71.301247771836
E00123706,445,64,25,39,381,35,346,14.382022471910114,5.617977528089887,8.764044943820224,85.61797752808988,7.865168539325842,77.75280898876404
E00123707,312,37,6,31,275,26,249,11.858974358974358,1.9230769230769231,9.935897435897436,88.14102564102564,8.333333333333332,79.8076923076923
E00123708,304,49,19,30,255,22,233,16.11842105263158,6.25,9.868421052631579,83.88157894736842,7.236842105263158,76.64473684210526
E00123709,317,36,10,26,281,23,258,11.35646687697161,3.1545741324921135,8.201892744479496,88.64353312302839,7.255520504731862,81.38801261829653
E00123710,309,48,17,31,261,23,238,15.53398058252427,5.501618122977346,10.032362459546926,84.46601941747572,7.443365695792881,77.02265372168284
E00123711,497,67,30,37,430,22,408,13.480885311871226,6.036217303822937,7.44466800804829,86.51911468812877,4.426559356136821,82.09255533199196
E00123713,375,58,19,39,317,19,298,15.466666666666667,5.066666666666666,10.4,84.53333333333333,5.066666666666666,79.46666666666667
E00123714,335,42,21,21,293,18,275,12.53731343283582,6.26865671641791,6.26865671641791,87.46268656716418,5.3731343283582085,82.08955223880598
E00123715,510,74,29,45,436,35,401,14.50980392156863,5.686274509803922,8.823529411764707,85.49019607843137,6.862745098039216,78.62745098039215
E00123716,308,52,24,28,256,16,240,16.883116883116884,7.792207792207792,9.090909090909092,83.11688311688312,5.194805194805195,77.92207792207793
E00123717,414,70,28,42,344,35,309,16.908212560386474,6.763285024154589,10.144927536231885,83.09178743961353,8.454106280193237,74.63768115942028
E00123718,496,123,62,61,373,33,340,24.798387096774192,12.5,12.298387096774194,75.20161290322581,6.653225806451612,68.54838709677419
E00123719,508,92,32,60,416,25,391,18.11023622047244,6.299212598425196,11.811023622047244,81.88976377952756,4.921259842519685,76.96850393700787
E00123721,281,58,36,22,223,20,203,20.640569395017792,12.811387900355871,7.829181494661921,79.35943060498221,7.11743772241993,72.24199288256227
E00123722,408,81,35,46,327,25,302,19.852941176470587,8.57843137254902,11.27450980392157,80.14705882352942,6.127450980392156,74.01960784313727
E00123723,216,59,34,25,157,10,147,27.314814814814813,15.74074074074074,11.574074074074074,72.68518518518519,4.62962962962963,68.05555555555556
E00123724,330,39,16,23,291,22,269,11.818181818181818,4.848484848484849,6.969696969696971,88.18181818181819,6.666666666666667,81.51515151515152
E00123726,348,81,36,45,267,17,250,23.275862068965516,10.344827586206897,12.931034482758621,76.72413793103449,4.885057471264368,71.83908045977012
E00123727,408,32,8,24,376,38,338,7.8431372549019605,1.9607843137254901,5.88235294117647,92.15686274509804,9.313725490196079,82.84313725490196
E00123729,401,69,32,37,332,40,292,17.206982543640898,7.98004987531172,9.226932668329177,82.7930174563591,9.975062344139651,72.81795511221945
E00123730,335,40,10,30,295,22,273,11.940298507462686,2.9850746268656714,8.955223880597014,88.05970149253731,6.567164179104477,81.49253731343283
E00123731,416,79,23,56,337,34,303,18.990384615384613,5.528846153846153,13.461538461538462,81.00961538461539,8.173076923076923,72.83653846153845
E00123732,370,67,23,44,303,14,289,18.10810810810811,6.216216216216217,11.891891891891893,81.89189189189189,3.783783783783784,78.10810810810811
E00123733,306,49,23,26,257,12,245,16.013071895424837,7.516339869281046,8.49673202614379,83.98692810457517,3.9215686274509802,80.06535947712419
E00123734,306,55,18,37,251,24,227,17.973856209150327,5.88235294117647,12.091503267973856,82.02614379084967,7.8431372549019605,74.18300653594771
E00123735,309,53,19,34,256,25,231,17.15210355987055,6.148867313915858,11.003236245954692,82.84789644012946,8.090614886731391,74.75728155339806
E00123736,391,45,21,24,346,22,324,11.508951406649617,5.3708439897698215,6.138107416879795,88.49104859335038,5.626598465473146,82.86445012787725
E00123737,317,51,22,29,266,35,231,16.08832807570978,6.940063091482649,9.14826498422713,83.91167192429022,11.041009463722396,72.87066246056783
E00123738,228,33,9,24,195,23,172,14.473684210526317,3.9473684210526314,10.526315789473683,85.52631578947368,10.087719298245613,75.43859649122807
E00123739,320,59,22,37,261,26,235,18.4375,6.875000000000001,11.5625,81.5625,8.125,73.4375
E00123740,453,57,19,38,396,47,349,12.582781456953644,4.194260485651214,8.388520971302428,87.41721854304636,10.375275938189846,77.04194260485652
E00123741,287,54,23,31,233,29,204,18.81533101045296,8.013937282229964,10.801393728222997,81.18466898954703,10.104529616724738,71.0801393728223
E00123742,449,38,15,23,411,37,374,8.463251670378618,3.34075723830735,5.122494432071269,91.53674832962137,8.240534521158128,83.29621380846325
E00123743,370,87,38,49,283,24,259,23.513513513513516,10.27027027027027,13.243243243243244,76.48648648648648,6.486486486486487,70
E00123744,471,69,24,45,402,39,363,14.64968152866242,5.095541401273886,9.554140127388536,85.35031847133759,8.280254777070063,77.07006369426752
E00123745,321,47,18,29,274,23,251,14.641744548286603,5.607476635514018,9.034267912772584,85.35825545171339,7.165109034267912,78.19314641744548
E00123746,287,38,14,24,249,22,227,13.240418118466899,4.878048780487805,8.362369337979095,86.7595818815331,7.665505226480835,79.09407665505228
E00123747,546,58,18,40,488,40,448,10.622710622710622,3.296703296703297,7.326007326007327,89.37728937728939,7.326007326007327,82.05128205128204
E00123748,306,47,17,30,259,24,235,15.359477124183007,5.555555555555555,9.803921568627452,84.640522875817,7.8431372549019605,76.79738562091504
E00123749,314,70,27,43,244,30,214,22.29299363057325,8.598726114649681,13.694267515923567,77.70700636942675,9.554140127388536,68.15286624203821
E00123750,331,57,21,36,274,19,255,17.220543806646525,6.3444108761329305,10.876132930513595,82.77945619335347,5.740181268882175,77.0392749244713
E00123751,393,57,20,37,336,25,311,14.50381679389313,5.089058524173027,9.414758269720101,85.49618320610686,6.361323155216285,79.13486005089058
E00123752,274,38,17,21,236,31,205,13.86861313868613,6.204379562043796,7.664233576642336,86.13138686131386,11.313868613138686,74.81751824817519
E00123753,305,56,20,36,249,29,220,18.360655737704917,6.557377049180328,11.80327868852459,81.63934426229508,9.508196721311474,72.1311475409836
E00123755,464,67,28,39,397,38,359,14.439655172413794,6.0344827586206895,8.405172413793103,85.5603448275862,8.189655172413794,77.37068965517241
E00123756,529,73,26,47,456,51,405,13.799621928166353,4.914933837429111,8.88468809073724,86.20037807183365,9.640831758034027,76.55954631379961
E00123757,290,43,14,29,247,17,230,14.827586206896552,4.827586206896552,10,85.17241379310346,5.862068965517241,79.3103448275862
E00123758,478,56,18,38,422,38,384,11.715481171548117,3.765690376569038,7.949790794979079,88.28451882845188,7.949790794979079,80.3347280334728
E00123759,493,79,29,50,414,30,384,16.024340770791078,5.88235294117647,10.141987829614605,83.97565922920892,6.085192697768763,77.89046653144015
E00123760,297,68,25,43,229,18,211,22.895622895622896,8.417508417508419,14.47811447811448,77.10437710437711,6.0606060606060606,71.04377104377105
E00123761,241,48,21,27,193,24,169,19.91701244813278,8.71369294605809,11.20331950207469,80.08298755186722,9.95850622406639,70.12448132780082
E00123762,428,69,31,38,359,26,333,16.121495327102803,7.242990654205607,8.878504672897195,83.8785046728972,6.074766355140187,77.80373831775701
E00123763,256,48,15,33,208,30,178,18.75,5.859375,12.890625,81.25,11.71875,69.53125
E00123764,373,61,24,37,312,26,286,16.353887399463808,6.434316353887399,9.919571045576408,83.6461126005362,6.970509383378016,76.67560321715817
E00123765,284,52,23,29,232,23,209,18.30985915492958,8.098591549295776,10.211267605633804,81.69014084507043,8.098591549295776,73.59154929577466
E00123766,387,59,15,44,328,28,300,15.245478036175712,3.875968992248062,11.369509043927648,84.75452196382429,7.235142118863049,77.51937984496125
E00123767,263,50,23,27,213,20,193,19.011406844106464,8.745247148288973,10.26615969581749,80.98859315589354,7.604562737642586,73.38403041825094
E00123768,327,45,24,21,282,19,263,13.761467889908257,7.339449541284404,6.422018348623854,86.23853211009175,5.81039755351682,80.42813455657493
E00123769,529,87,29,58,442,41,401,16.446124763705104,5.482041587901701,10.964083175803403,83.5538752362949,7.750472589792061,75.80340264650283
E00123770,303,66,39,27,237,23,214,21.782178217821784,12.871287128712872,8.91089108910891,78.21782178217822,7.590759075907591,70.62706270627062
E00123771,529,70,18,52,459,36,423,13.23251417769376,3.402646502835539,9.829867674858223,86.76748582230623,6.805293005671078,79.96219281663515
E00123772,330,74,29,45,256,27,229,22.424242424242426,8.787878787878787,13.636363636363635,77.57575757575758,8.181818181818182,69.39393939393939
E00123773,438,55,22,33,383,38,345,12.557077625570775,5.0228310502283104,7.534246575342466,87.44292237442922,8.67579908675799,78.76712328767124
E00123774,449,64,18,46,385,36,349,14.253897550111358,4.008908685968819,10.244988864142538,85.74610244988864,8.017817371937639,77.728285077951
E00123777,247,73,33,40,174,21,153,29.554655870445345,13.360323886639677,16.194331983805668,70.44534412955466,8.502024291497975,61.943319838056674
E00123779,325,48,17,31,277,30,247,14.76923076923077,5.230769230769231,9.538461538461538,85.23076923076923,9.230769230769232,76
E00123780,441,71,29,42,370,29,341,16.099773242630384,6.575963718820861,9.523809523809524,83.90022675736961,6.575963718820861,77.32426303854876
E00123781,529,47,13,34,482,43,439,8.88468809073724,2.4574669187145557,6.427221172022684,91.11531190926276,8.128544423440454,82.98676748582231
E00123782,360,43,12,31,317,28,289,11.944444444444445,3.3333333333333335,8.61111111111111,88.05555555555556,7.777777777777778,80.27777777777779
E00123783,500,122,55,67,378,36,342,24.4,11,13.4,75.6,7.199999999999999,68.4
E00123784,298,34,9,25,264,22,242,11.409395973154362,3.0201342281879198,8.389261744966444,88.59060402684564,7.38255033557047,81.20805369127517
E00123785,342,55,27,28,287,16,271,16.08187134502924,7.894736842105263,8.187134502923977,83.91812865497076,4.678362573099415,79.23976608187134
E00123786,238,30,6,24,208,19,189,12.605042016806722,2.5210084033613445,10.084033613445378,87.39495798319328,7.9831932773109235,79.41176470588235
E00123787,330,39,14,25,291,25,266,11.818181818181818,4.242424242424243,7.575757575757576,88.18181818181819,7.575757575757576,80.60606060606061
E00123789,237,37,8,29,200,13,187,15.611814345991561,3.375527426160337,12.236286919831224,84.38818565400844,5.485232067510549,78.90295358649789
E00123790,261,56,26,30,205,21,184,21.455938697318008,9.961685823754788,11.494252873563218,78.544061302682,8.045977011494253,70.49808429118774
E00123791,324,57,30,27,267,27,240,17.59259259259259,9.25925925925926,8.333333333333332,82.4074074074074,8.333333333333332,74.07407407407408
E00123792,339,49,14,35,290,22,268,14.454277286135694,4.129793510324483,10.32448377581121,85.54572271386431,6.489675516224189,79.05604719764013
E00123793,332,51,22,29,281,20,261,15.36144578313253,6.626506024096386,8.734939759036145,84.63855421686746,6.024096385542169,78.6144578313253
E00123794,357,48,14,34,309,33,276,13.445378151260504,3.9215686274509802,9.523809523809524,86.5546218487395,9.243697478991598,77.31092436974791
E00123795,501,77,22,55,424,35,389,15.369261477045908,4.39121756487026,10.978043912175648,84.63073852295409,6.986027944111776,77.64471057884231
E00123796,312,58,28,30,254,14,240,18.58974358974359,8.974358974358974,9.615384615384617,81.41025641025641,4.487179487179487,76.92307692307693
E00123797,260,38,14,24,222,24,198,14.615384615384617,5.384615384615385,9.230769230769232,85.38461538461539,9.230769230769232,76.15384615384615
E00123798,327,56,20,36,271,23,248,17.12538226299694,6.116207951070336,11.009174311926607,82.87461773700305,7.033639143730887,75.84097859327217
E00123799,261,57,31,26,204,11,193,21.839080459770116,11.877394636015326,9.961685823754788,78.16091954022988,4.21455938697318,73.9463601532567
E00123800,166,20,4,16,146,9,137,12.048192771084338,2.4096385542168677,9.63855421686747,87.95180722891565,5.421686746987952,82.53012048192771
E00123801,313,51,20,31,262,18,244,16.293929712460063,6.3897763578274756,9.904153354632587,83.70607028753993,5.7507987220447285,77.95527156549521
E00123802,465,78,26,52,387,39,348,16.7741935483871,5.591397849462366,11.182795698924732,83.22580645161291,8.38709677419355,74.83870967741936
E00123803,247,31,10,21,216,21,195,12.550607287449392,4.048582995951417,8.502024291497975,87.4493927125506,8.502024291497975,78.94736842105263
E00123804,176,20,6,14,156,17,139,11.363636363636363,3.4090909090909087,7.954545454545454,88.63636363636364,9.659090909090908,78.97727272727273
E00123805,153,16,4,12,137,12,125,10.457516339869281,2.6143790849673203,7.8431372549019605,89.54248366013073,7.8431372549019605,81.69934640522875
E00123806,442,79,28,51,363,35,328,17.873303167420815,6.334841628959276,11.538461538461538,82.12669683257919,7.918552036199094,74.2081447963801
E00123807,404,53,25,28,351,19,332,13.118811881188119,6.188118811881188,6.9306930693069315,86.88118811881188,4.702970297029703,82.17821782178217
E00123808,116,13,4,9,103,11,92,11.206896551724139,3.4482758620689653,7.758620689655173,88.79310344827587,9.482758620689655,79.3103448275862
E00123809,195,25,9,16,170,26,144,12.82051282051282,4.615384615384616,8.205128205128204,87.17948717948718,13.333333333333334,73.84615384615385
E00123810,458,92,45,47,366,28,338,20.087336244541483,9.82532751091703,10.262008733624455,79.91266375545851,6.11353711790393,73.7991266375546
E00123812,315,94,46,48,221,9,212,29.841269841269842,14.603174603174605,15.238095238095239,70.15873015873015,2.857142857142857,67.3015873015873
E00123813,249,75,40,35,174,14,160,30.120481927710845,16.06425702811245,14.056224899598394,69.87951807228916,5.622489959839357,64.2570281124498
E00123814,305,76,35,41,229,22,207,24.91803278688525,11.475409836065573,13.442622950819672,75.08196721311475,7.213114754098362,67.8688524590164
E00123815,338,59,30,29,279,19,260,17.45562130177515,8.875739644970414,8.579881656804734,82.54437869822485,5.621301775147929,76.92307692307693
E00123816,303,72,34,38,231,21,210,23.762376237623762,11.221122112211221,12.541254125412541,76.23762376237624,6.9306930693069315,69.3069306930693
E00123817,276,92,40,52,184,17,167,33.33333333333333,14.492753623188406,18.84057971014493,66.66666666666666,6.159420289855073,60.507246376811594
E00123819,434,99,50,49,335,26,309,22.811059907834103,11.52073732718894,11.29032258064516,77.18894009216591,5.990783410138248,71.19815668202764
E00123821,426,99,46,53,327,17,310,23.239436619718308,10.7981220657277,12.44131455399061,76.76056338028168,3.9906103286384975,72.76995305164318
E00123822,285,67,25,42,218,23,195,23.50877192982456,8.771929824561402,14.736842105263156,76.49122807017544,8.070175438596491,68.42105263157895
E00123824,336,79,44,35,257,19,238,23.511904761904763,13.095238095238097,10.416666666666668,76.48809523809523,5.654761904761905,70.83333333333334
E00123825,369,70,28,42,299,27,272,18.97018970189702,7.588075880758807,11.38211382113821,81.02981029810297,7.317073170731707,73.71273712737127
E00123826,348,68,33,35,280,21,259,19.54022988505747,9.482758620689655,10.057471264367816,80.45977011494253,6.0344827586206895,74.42528735632183
E00123827,329,57,23,34,272,14,258,17.325227963525837,6.990881458966565,10.33434650455927,82.67477203647417,4.25531914893617,78.419452887538
E00123828,389,52,17,35,337,26,311,13.367609254498714,4.370179948586118,8.997429305912597,86.63239074550128,6.683804627249357,79.94858611825192
E00123829,295,50,20,30,245,31,214,16.94915254237288,6.779661016949152,10.16949152542373,83.05084745762711,10.508474576271185,72.54237288135593
E00123830,346,71,33,38,275,25,250,20.520231213872833,9.53757225433526,10.982658959537572,79.47976878612717,7.225433526011561,72.25433526011561
E00123831,384,76,34,42,308,24,284,19.791666666666664,8.854166666666668,10.9375,80.20833333333334,6.25,73.95833333333334
E00123832,326,50,17,33,276,28,248,15.337423312883436,5.214723926380368,10.122699386503067,84.66257668711657,8.588957055214724,76.07361963190185
E00123833,428,88,47,41,340,42,298,20.5607476635514,10.981308411214954,9.579439252336448,79.43925233644859,9.813084112149532,69.62616822429906
E00123834,368,61,18,43,307,19,288,16.57608695652174,4.891304347826087,11.684782608695652,83.42391304347827,5.163043478260869,78.26086956521739
E00123835,364,73,25,48,291,25,266,20.054945054945055,6.868131868131869,13.186813186813188,79.94505494505495,6.868131868131869,73.07692307692307
E00123836,328,66,28,38,262,26,236,20.121951219512198,8.536585365853659,11.585365853658537,79.8780487804878,7.926829268292683,71.95121951219512
E00123837,511,118,51,67,393,40,353,23.09197651663405,9.980430528375733,13.111545988258316,76.90802348336595,7.8277886497064575,69.08023483365949
E00123838,315,55,23,32,260,25,235,17.46031746031746,7.301587301587302,10.158730158730158,82.53968253968253,7.936507936507936,74.60317460317461
E00123839,393,76,38,38,317,25,292,19.338422391857506,9.669211195928753,9.669211195928753,80.6615776081425,6.361323155216285,74.30025445292621
E00123840,370,65,29,36,305,23,282,17.56756756756757,7.837837837837839,9.72972972972973,82.43243243243244,6.216216216216217,76.21621621621621
E00123841,364,53,30,23,311,28,283,14.560439560439562,8.241758241758241,6.318681318681318,85.43956043956044,7.6923076923076925,77.74725274725274
E00123842,337,76,30,46,261,18,243,22.551928783382788,8.902077151335313,13.649851632047477,77.44807121661721,5.341246290801187,72.10682492581603
E00123843,341,47,23,24,294,27,267,13.78299120234604,6.744868035190615,7.038123167155426,86.21700879765396,7.9178885630498534,78.2991202346041
E00123844,257,47,20,27,210,24,186,18.28793774319066,7.782101167315175,10.505836575875486,81.71206225680933,9.33852140077821,72.37354085603113
E00123845,399,101,37,64,298,26,272,25.31328320802005,9.273182957393484,16.040100250626566,74.68671679197995,6.516290726817042,68.1704260651629
E00123846,275,83,39,44,192,13,179,30.181818181818183,14.181818181818182,16,69.81818181818183,4.7272727272727275,65.0909090909091
E00123847,336,61,23,38,275,16,259,18.154761904761905,6.845238095238096,11.30952380952381,81.84523809523809,4.761904761904762,77.08333333333334
E00123848,332,58,28,30,274,18,256,17.46987951807229,8.433734939759036,9.036144578313253,82.53012048192771,5.421686746987952,77.10843373493977
E00123849,394,87,43,44,307,26,281,22.081218274111674,10.913705583756345,11.16751269035533,77.91878172588832,6.598984771573605,71.31979695431471
E00123850,288,55,13,42,233,22,211,19.09722222222222,4.513888888888888,14.583333333333334,80.90277777777779,7.638888888888889,73.26388888888889
E00123851,342,66,27,39,276,22,254,19.298245614035086,7.894736842105263,11.403508771929824,80.7017543859649,6.432748538011696,74.26900584795322
E00123852,267,64,30,34,203,14,189,23.970037453183522,11.235955056179774,12.734082397003746,76.02996254681648,5.2434456928838955,70.78651685393258
E00123853,339,70,32,38,269,26,243,20.64896755162242,9.43952802359882,11.209439528023598,79.35103244837758,7.669616519174041,71.68141592920354
E00123854,328,77,38,39,251,17,234,23.47560975609756,11.585365853658537,11.890243902439025,76.52439024390245,5.182926829268292,71.34146341463415
E00123855,311,50,18,32,261,27,234,16.077170418006432,5.787781350482315,10.289389067524116,83.92282958199357,8.681672025723474,75.2411575562701
E00123856,307,63,28,35,244,25,219,20.521172638436482,9.120521172638437,11.400651465798045,79.47882736156352,8.143322475570033,71.33550488599349
E00123857,300,71,25,46,229,11,218,23.666666666666668,8.333333333333332,15.333333333333332,76.33333333333333,3.6666666666666665,72.66666666666667
E00123858,266,64,31,33,202,22,180,24.06015037593985,11.654135338345863,12.406015037593985,75.93984962406014,8.270676691729323,67.66917293233082
E00123859,231,69,32,37,162,19,143,29.87012987012987,13.852813852813853,16.017316017316016,70.12987012987013,8.225108225108226,61.904761904761905
E00123860,201,75,42,33,126,20,106,37.3134328358209,20.8955223880597,16.417910447761194,62.68656716417911,9.950248756218906,52.736318407960205
E00123861,355,79,28,51,276,24,252,22.253521126760564,7.887323943661972,14.366197183098592,77.74647887323944,6.760563380281689,70.98591549295776
E00123862,304,55,28,27,249,36,213,18.092105263157894,9.210526315789473,8.881578947368421,81.9078947368421,11.842105263157894,70.06578947368422
E00123863,297,60,24,36,237,22,215,20.2020202020202,8.080808080808081,12.121212121212121,79.7979797979798,7.4074074074074066,72.39057239057239
E00123864,166,56,34,22,110,16,94,33.734939759036145,20.481927710843372,13.253012048192772,66.26506024096386,9.63855421686747,56.62650602409639
E00123865,511,142,92,50,369,32,337,27.788649706457925,18.003913894324853,9.784735812133071,72.21135029354208,6.262230919765166,65.94911937377691
E00123866,442,105,55,50,337,28,309,23.755656108597282,12.44343891402715,11.312217194570136,76.2443438914027,6.334841628959276,69.90950226244344
E00123867,334,61,19,42,273,27,246,18.263473053892216,5.688622754491018,12.574850299401197,81.73652694610777,8.08383233532934,73.65269461077844
E00123868,309,70,38,32,239,21,218,22.653721682847898,12.297734627831716,10.355987055016183,77.34627831715211,6.796116504854369,70.55016181229773
E00123869,334,29,7,22,305,20,285,8.682634730538922,2.095808383233533,6.58682634730539,91.31736526946108,5.9880239520958085,85.32934131736528
E00123870,332,58,17,41,274,20,254,17.46987951807229,5.120481927710843,12.349397590361445,82.53012048192771,6.024096385542169,76.50602409638554
E00123871,282,56,24,32,226,25,201,19.858156028368796,8.51063829787234,11.347517730496454,80.1418439716312,8.865248226950355,71.27659574468085
E00123872,358,53,14,39,305,24,281,14.804469273743019,3.910614525139665,10.893854748603351,85.19553072625699,6.70391061452514,78.49162011173185
E00123873,261,38,11,27,223,20,203,14.559386973180077,4.21455938697318,10.344827586206897,85.44061302681992,7.662835249042145,77.77777777777779
E00123874,389,92,41,51,297,21,276,23.65038560411311,10.539845758354756,13.110539845758353,76.34961439588689,5.3984575835475574,70.95115681233933
E00123875,289,45,11,34,244,24,220,15.570934256055363,3.8062283737024223,11.76470588235294,84.42906574394463,8.304498269896193,76.12456747404845
E00123876,297,43,10,33,254,29,225,14.47811447811448,3.3670033670033668,11.11111111111111,85.52188552188552,9.764309764309765,75.75757575757575
E00123878,428,62,20,42,366,29,337,14.485981308411214,4.672897196261682,9.813084112149532,85.51401869158879,6.775700934579438,78.73831775700934
E00123880,237,42,19,23,195,23,172,17.72151898734177,8.016877637130802,9.70464135021097,82.27848101265823,9.70464135021097,72.57383966244726
E00123881,486,83,32,51,403,59,344,17.078189300411523,6.584362139917696,10.493827160493826,82.92181069958848,12.139917695473251,70.78189300411523
E00123882,387,38,16,22,349,35,314,9.819121447028424,4.1343669250646,5.684754521963824,90.18087855297158,9.043927648578812,81.13695090439276
E00123883,283,36,9,27,247,15,232,12.7208480565371,3.180212014134275,9.540636042402827,87.27915194346289,5.30035335689046,81.97879858657244
E00123884,292,35,15,20,257,23,234,11.986301369863012,5.136986301369863,6.8493150684931505,88.01369863013699,7.876712328767123,80.13698630136986
E00123885,272,53,25,28,219,16,203,19.485294117647058,9.191176470588236,10.294117647058822,80.51470588235294,5.88235294117647,74.63235294117648
E00123887,267,35,9,26,232,18,214,13.108614232209737,3.3707865168539324,9.737827715355806,86.89138576779027,6.741573033707865,80.14981273408239
E00123888,566,121,38,83,445,36,409,21.37809187279152,6.713780918727916,14.664310954063604,78.62190812720848,6.36042402826855,72.26148409893993
E00123889,271,30,12,18,241,26,215,11.07011070110701,4.428044280442804,6.642066420664207,88.92988929889299,9.59409594095941,79.33579335793358
E00123890,291,66,27,39,225,12,213,22.68041237113402,9.278350515463918,13.402061855670103,77.31958762886599,4.123711340206185,73.19587628865979
E00123892,286,39,17,22,247,19,228,13.636363636363635,5.944055944055944,7.6923076923076925,86.36363636363636,6.643356643356643,79.72027972027972
E00123893,548,82,30,52,466,47,419,14.963503649635038,5.474452554744526,9.48905109489051,85.03649635036497,8.576642335766424,76.45985401459853
E00123894,324,31,9,22,293,28,265,9.5679012345679,2.7777777777777777,6.790123456790123,90.4320987654321,8.641975308641975,81.79012345679013
E00123895,548,64,19,45,484,47,437,11.678832116788321,3.4671532846715327,8.211678832116789,88.32116788321169,8.576642335766424,79.74452554744525
E00123896,387,114,72,42,273,24,249,29.457364341085274,18.6046511627907,10.852713178294573,70.54263565891473,6.2015503875969,64.34108527131784
E00123897,376,41,13,28,335,43,292,10.904255319148938,3.4574468085106385,7.446808510638298,89.09574468085107,11.436170212765957,77.6595744680851
E00123898,319,56,17,39,263,25,238,17.55485893416928,5.329153605015674,12.225705329153605,82.44514106583071,7.836990595611286,74.60815047021944
E00123899,611,80,31,49,531,64,467,13.093289689034371,5.073649754500818,8.01963993453355,86.90671031096564,10.474631751227497,76.43207855973813
E00123900,295,51,20,31,244,27,217,17.28813559322034,6.779661016949152,10.508474576271185,82.71186440677965,9.152542372881356,73.5593220338983
E00123901,263,30,6,24,233,21,212,11.406844106463879,2.2813688212927756,9.125475285171103,88.59315589353612,7.984790874524715,80.6083650190114
E00123902,314,37,6,31,277,33,244,11.78343949044586,1.910828025477707,9.872611464968154,88.21656050955414,10.509554140127388,77.70700636942675
E00123903,335,63,27,36,272,26,246,18.80597014925373,8.059701492537313,10.746268656716417,81.19402985074626,7.761194029850746,73.43283582089552
E00123904,346,82,28,54,264,33,231,23.699421965317917,8.092485549132949,15.606936416184972,76.30057803468208,9.53757225433526,66.76300578034682
E00123905,409,67,27,40,342,32,310,16.381418092909534,6.601466992665037,9.7799511002445,83.61858190709046,7.823960880195599,75.79462102689487
E00123906,280,56,20,36,224,26,198,20,7.142857142857142,12.857142857142856,80,9.285714285714286,70.71428571428572
E00123907,276,28,12,16,248,30,218,10.144927536231885,4.3478260869565215,5.797101449275362,89.85507246376811,10.869565217391305,78.98550724637681
E00123908,515,105,62,43,410,34,376,20.388349514563107,12.03883495145631,8.349514563106796,79.6116504854369,6.601941747572816,73.00970873786407
E00123909,255,59,25,34,196,17,179,23.137254901960784,9.803921568627452,13.333333333333334,76.86274509803923,6.666666666666667,70.19607843137254
E00123910,279,44,19,25,235,25,210,15.770609318996415,6.810035842293908,8.960573476702509,84.22939068100358,8.960573476702509,75.26881720430107
E00123911,560,80,32,48,480,35,445,14.285714285714285,5.714285714285714,8.571428571428571,85.71428571428571,6.25,79.46428571428571
E00123912,256,47,22,25,209,21,188,18.359375,8.59375,9.765625,81.640625,8.203125,73.4375
E00123913,313,56,19,37,257,35,222,17.89137380191693,6.070287539936102,11.821086261980831,82.10862619808307,11.182108626198083,70.92651757188499
E00123914,285,55,22,33,230,18,212,19.298245614035086,7.719298245614035,11.578947368421053,80.7017543859649,6.315789473684211,74.3859649122807
E00123915,397,70,28,42,327,25,302,17.632241813602015,7.052896725440807,10.579345088161208,82.36775818639799,6.297229219143577,76.0705289672544
E00123916,426,104,74,30,322,31,291,24.413145539906104,17.370892018779344,7.042253521126761,75.5868544600939,7.276995305164319,68.30985915492957
E00123917,285,49,19,30,236,21,215,17.192982456140353,6.666666666666667,10.526315789473683,82.80701754385966,7.368421052631578,75.43859649122807
E00123918,358,32,8,24,326,31,295,8.938547486033519,2.2346368715083798,6.70391061452514,91.06145251396647,8.659217877094973,82.40223463687151
E00170334,469,119,44,75,350,26,324,25.37313432835821,9.381663113006397,15.991471215351813,74.6268656716418,5.543710021321962,69.08315565031982
E00170335,345,24,7,17,321,27,294,6.956521739130435,2.0289855072463765,4.9275362318840585,93.04347826086956,7.82608695652174,85.21739130434783
E00170336,394,33,6,27,361,21,340,8.375634517766498,1.5228426395939088,6.852791878172589,91.6243654822335,5.32994923857868,86.29441624365482
E00170337,272,42,14,28,230,12,218,15.441176470588236,5.147058823529411,10.294117647058822,84.55882352941177,4.411764705882353,80.14705882352942
E00170338,185,39,16,23,146,15,131,21.08108108108108,8.64864864864865,12.432432432432433,78.91891891891892,8.108108108108109,70.8108108108108
E00170339,310,25,5,20,285,34,251,8.064516129032258,1.6129032258064515,6.451612903225806,91.93548387096774,10.967741935483872,80.96774193548387
E00170340,309,26,8,18,283,19,264,8.414239482200648,2.5889967637540456,5.825242718446602,91.58576051779936,6.148867313915858,85.43689320388349
E00170342,360,53,22,31,307,31,276,14.722222222222223,6.111111111111111,8.61111111111111,85.27777777777777,8.61111111111111,76.66666666666667
E00170343,278,26,9,17,252,18,234,9.352517985611511,3.237410071942446,6.115107913669065,90.64748201438849,6.474820143884892,84.17266187050359
E00170344,379,82,26,56,297,28,269,21.63588390501319,6.860158311345646,14.775725593667547,78.3641160949868,7.387862796833773,70.97625329815304
E00170345,364,48,21,27,316,26,290,13.186813186813188,5.769230769230769,7.417582417582418,86.81318681318682,7.142857142857142,79.67032967032966
E00170346,312,35,12,23,277,16,261,11.217948717948719,3.8461538461538463,7.371794871794872,88.78205128205127,5.128205128205128,83.65384615384616
E00170347,152,15,3,12,137,12,125,9.868421052631579,1.9736842105263157,7.894736842105263,90.13157894736842,7.894736842105263,82.23684210526315
E00170348,240,24,6,18,216,23,193,10,2.5,7.5,90,9.583333333333334,80.41666666666667
E00170349,127,30,15,15,97,13,84,23.62204724409449,11.811023622047244,11.811023622047244,76.37795275590551,10.236220472440944,66.14173228346458
E00170350,460,103,55,48,357,30,327,22.39130434782609,11.956521739130435,10.434782608695652,77.6086956521739,6.521739130434782,71.08695652173913
E00170351,324,45,15,30,279,19,260,13.88888888888889,4.62962962962963,9.25925925925926,86.11111111111111,5.864197530864197,80.24691358024691
E00170352,387,34,10,24,353,24,329,8.785529715762273,2.5839793281653747,6.2015503875969,91.21447028423772,6.2015503875969,85.01291989664082
E00170353,357,65,21,44,292,24,268,18.207282913165265,5.88235294117647,12.324929971988796,81.79271708683473,6.722689075630252,75.07002801120449
E00170354,352,35,13,22,317,23,294,9.943181818181818,3.6931818181818183,6.25,90.05681818181817,6.534090909090909,83.52272727272727
E00170356,391,92,37,55,299,22,277,23.52941176470588,9.462915601023019,14.066496163682865,76.47058823529412,5.626598465473146,70.84398976982096
E00170359,610,44,22,22,566,18,548,7.213114754098362,3.606557377049181,3.606557377049181,92.78688524590164,2.9508196721311477,89.8360655737705
E00170360,337,39,16,23,298,24,274,11.572700296735905,4.747774480712167,6.824925816023739,88.4272997032641,7.121661721068249,81.30563798219585
E00170361,170,31,9,22,139,12,127,18.235294117647058,5.294117647058823,12.941176470588237,81.76470588235294,7.0588235294117645,74.70588235294117
E00170362,163,24,5,19,139,15,124,14.723926380368098,3.067484662576687,11.65644171779141,85.2760736196319,9.202453987730062,76.07361963190185
E00170363,469,80,39,41,389,17,372,17.057569296375267,8.315565031982942,8.742004264392325,82.94243070362474,3.624733475479744,79.317697228145
E00170364,138,12,4,8,126,14,112,8.695652173913043,2.898550724637681,5.797101449275362,91.30434782608695,10.144927536231885,81.15942028985508
E00170365,141,51,28,23,90,18,72,36.17021276595745,19.858156028368796,16.312056737588655,63.829787234042556,12.76595744680851,51.06382978723404
E00170366,261,27,12,15,234,15,219,10.344827586206897,4.597701149425287,5.747126436781609,89.65517241379311,5.747126436781609,83.9080459770115
E00170367,176,21,8,13,155,15,140,11.931818181818182,4.545454545454546,7.386363636363637,88.06818181818183,8.522727272727272,79.54545454545455
E00170368,356,42,17,25,314,29,285,11.797752808988763,4.775280898876404,7.02247191011236,88.20224719101124,8.146067415730338,80.0561797752809
E00170369,227,23,8,15,204,18,186,10.13215859030837,3.524229074889868,6.607929515418502,89.86784140969164,7.929515418502203,81.93832599118943
E00170370,303,47,18,29,256,17,239,15.51155115511551,5.9405940594059405,9.570957095709572,84.48844884488449,5.6105610561056105,78.87788778877888
E00170372,389,71,24,47,318,22,296,18.251928020565554,6.169665809768637,12.082262210796916,81.74807197943444,5.655526992287918,76.09254498714652
E00170373,399,53,21,32,346,23,323,13.283208020050125,5.263157894736842,8.020050125313283,86.71679197994987,5.764411027568922,80.95238095238095
E00170374,298,41,16,25,257,21,236,13.758389261744966,5.369127516778524,8.389261744966444,86.24161073825503,7.046979865771812,79.19463087248322
E00170375,354,51,16,35,303,35,268,14.40677966101695,4.519774011299435,9.887005649717514,85.59322033898306,9.887005649717514,75.70621468926554
E00170376,293,41,10,31,252,18,234,13.993174061433447,3.4129692832764507,10.580204778156997,86.00682593856655,6.143344709897611,79.86348122866895
E00186663,879,170,49,121,709,63,646,19.340159271899886,5.5745164960182025,13.765642775881684,80.65984072810012,7.167235494880546,73.49260523321956
E00186670,119,9,1,8,110,8,102,7.563025210084033,0.8403361344537815,6.722689075630252,92.43697478991596,6.722689075630252,85.71428571428571
E00186674,201,30,8,22,171,8,163,14.925373134328357,3.9800995024875623,10.945273631840797,85.07462686567165,3.9800995024875623,81.09452736318407
E00186676,489,63,26,37,426,22,404,12.883435582822086,5.316973415132924,7.566462167689162,87.11656441717791,4.4989775051124745,82.61758691206545
E00186678,309,57,21,36,252,22,230,18.446601941747574,6.796116504854369,11.650485436893204,81.55339805825243,7.119741100323624,74.4336569579288
E00186679,337,39,14,25,298,23,275,11.572700296735905,4.154302670623145,7.418397626112759,88.4272997032641,6.824925816023739,81.60237388724035
E00186682,401,56,18,38,345,50,295,13.96508728179551,4.488778054862843,9.476309226932669,86.0349127182045,12.468827930174564,73.56608478802993
E00186684,361,24,8,16,337,3,334,6.64819944598338,2.21606648199446,4.43213296398892,93.35180055401662,0.8310249307479225,92.5207756232687
E00186687,230,32,12,20,198,17,181,13.91304347826087,5.217391304347826,8.695652173913043,86.08695652173914,7.391304347826087,78.69565217391305
E00186690,219,17,6,11,202,7,195,7.76255707762557,2.73972602739726,5.0228310502283104,92.23744292237443,3.1963470319634704,89.04109589041096
E00186692,570,66,25,41,504,28,476,11.578947368421053,4.385964912280701,7.192982456140351,88.42105263157895,4.912280701754386,83.50877192982456
E00186696,116,15,5,10,101,9,92,12.931034482758621,4.310344827586207,8.620689655172415,87.06896551724138,7.758620689655173,79.3103448275862
E00186697,522,72,24,48,450,30,420,13.793103448275861,4.597701149425287,9.195402298850574,86.20689655172413,5.747126436781609,80.45977011494253
E00186698,263,22,5,17,241,21,220,8.365019011406844,1.9011406844106464,6.4638783269961975,91.63498098859316,7.984790874524715,83.65019011406845
E00186700,285,45,13,32,240,11,229,15.789473684210526,4.56140350877193,11.228070175438596,84.21052631578947,3.8596491228070176,80.35087719298247
E00186702,171,19,7,12,152,10,142,11.11111111111111,4.093567251461988,7.017543859649122,88.88888888888889,5.847953216374268,83.04093567251462
E00186704,245,46,18,28,199,20,179,18.775510204081634,7.346938775510205,11.428571428571429,81.22448979591836,8.16326530612245,73.06122448979592
E00186706,596,53,19,34,543,31,512,8.89261744966443,3.1879194630872485,5.704697986577181,91.10738255033557,5.201342281879195,85.90604026845638
E00186709,156,23,5,18,133,13,120,14.743589743589745,3.205128205128205,11.538461538461538,85.25641025641025,8.333333333333332,76.92307692307693
E00186714,353,27,6,21,326,25,301,7.64872521246459,1.69971671388102,5.94900849858357,92.3512747875354,7.0821529745042495,85.26912181303116
E00186721,195,49,23,26,146,14,132,25.128205128205128,11.794871794871794,13.333333333333334,74.87179487179488,7.179487179487179,67.6923076923077
E00186722,209,32,6,26,177,16,161,15.311004784688995,2.8708133971291865,12.440191387559809,84.688995215311,7.655502392344498,77.03349282296651
E00186724,371,44,18,26,327,21,306,11.859838274932615,4.8517520215633425,7.008086253369273,88.14016172506739,5.660377358490567,82.47978436657682
E00186727,226,39,21,18,187,14,173,17.25663716814159,9.29203539823009,7.964601769911504,82.7433628318584,6.1946902654867255,76.54867256637168
E00186731,377,68,28,40,309,23,286,18.037135278514587,7.427055702917771,10.610079575596817,81.9628647214854,6.10079575596817,75.86206896551724
E00186732,264,28,8,20,236,20,216,10.606060606060606,3.0303030303030303,7.575757575757576,89.39393939393939,7.575757575757576,81.81818181818183
E00186740,171,17,7,10,154,11,143,9.941520467836257,4.093567251461988,5.847953216374268,90.05847953216374,6.432748538011696,83.62573099415205
E00186750,228,29,9,20,199,13,186,12.719298245614036,3.9473684210526314,8.771929824561402,87.28070175438597,5.701754385964912,81.57894736842105
E00186751,410,46,22,24,364,24,340,11.219512195121952,5.365853658536586,5.853658536585367,88.78048780487805,5.853658536585367,82.92682926829268
E00186753,300,78,35,43,222,20,202,26,11.666666666666666,14.333333333333334,74,6.666666666666667,67.33333333333333
E00186755,613,78,28,50,535,33,502,12.72430668841762,4.567699836867863,8.156606851549755,87.27569331158239,5.383360522022838,81.89233278955955
E00186756,186,46,19,27,140,19,121,24.731182795698924,10.21505376344086,14.516129032258066,75.26881720430107,10.21505376344086,65.05376344086021
E00186762,539,54,21,33,485,23,462,10.018552875695732,3.896103896103896,6.122448979591836,89.98144712430427,4.267161410018553,85.71428571428571
E00186763,354,42,19,23,312,21,291,11.864406779661017,5.367231638418079,6.497175141242938,88.13559322033898,5.932203389830509,82.20338983050848
E00186767,606,55,19,36,551,40,511,9.075907590759076,3.1353135313531353,5.9405940594059405,90.92409240924091,6.6006600660066,84.32343234323433
E00186768,371,44,17,27,327,16,311,11.859838274932615,4.5822102425876015,7.277628032345014,88.14016172506739,4.31266846361186,83.82749326145552
E00186770,192,39,20,19,153,19,134,20.3125,10.416666666666668,9.895833333333332,79.6875,9.895833333333332,69.79166666666666
E00186772,419,65,23,42,354,27,327,15.513126491646778,5.4892601431980905,10.023866348448687,84.48687350835323,6.443914081145586,78.04295942720763
E00186778,201,33,14,19,168,15,153,16.417910447761194,6.965174129353234,9.45273631840796,83.5820895522388,7.462686567164178,76.11940298507463
E00186779,180,15,3,12,165,10,155,8.333333333333332,1.6666666666666667,6.666666666666667,91.66666666666666,5.555555555555555,86.11111111111111
E00186780,149,10,3,7,139,8,131,6.7114093959731544,2.013422818791946,4.697986577181208,93.28859060402685,5.369127516778524,87.91946308724832
E00186781,351,64,33,31,287,21,266,18.233618233618234,9.401709401709402,8.831908831908832,81.76638176638177,5.982905982905983,75.78347578347578
E00186783,215,27,6,21,188,15,173,12.558139534883722,2.7906976744186047,9.767441860465116,87.44186046511628,6.976744186046512,80.46511627906978
E00186793,168,29,8,21,139,6,133,17.261904761904763,4.761904761904762,12.5,82.73809523809523,3.571428571428571,79.16666666666666
E00186795,481,48,23,25,433,26,407,9.97920997920998,4.781704781704782,5.197505197505198,90.02079002079002,5.405405405405405,84.61538461538461
E00186797,540,43,11,32,497,28,469,7.962962962962964,2.037037037037037,5.9259259259259265,92.03703703703704,5.185185185185185,86.85185185185185
E00186811,384,114,51,63,270,43,227,29.6875,13.28125,16.40625,70.3125,11.197916666666668,59.114583333333336
E00186813,513,44,12,32,469,29,440,8.57699805068226,2.3391812865497075,6.237816764132553,91.42300194931774,5.653021442495127,85.7699805068226
E00186815,395,34,12,22,361,24,337,8.60759493670886,3.0379746835443036,5.5696202531645564,91.39240506329114,6.075949367088607,85.31645569620252
E00186817,264,36,14,22,228,18,210,13.636363636363635,5.303030303030303,8.333333333333332,86.36363636363636,6.8181818181818175,79.54545454545455
E00186818,117,18,4,14,99,1,98,15.384615384615385,3.418803418803419,11.965811965811966,84.61538461538461,0.8547008547008548,83.76068376068376
E00186825,189,31,10,21,158,15,143,16.402116402116402,5.291005291005291,11.11111111111111,83.5978835978836,7.936507936507936,75.66137566137566
E00186831,429,75,28,47,354,24,330,17.482517482517483,6.526806526806526,10.955710955710956,82.51748251748252,5.594405594405594,76.92307692307693
E00186834,148,13,2,11,135,9,126,8.783783783783784,1.3513513513513513,7.4324324324324325,91.21621621621621,6.081081081081082,85.13513513513513
E00186835,282,26,10,16,256,14,242,9.219858156028367,3.546099290780142,5.673758865248227,90.78014184397163,4.964539007092199,85.81560283687944
E00186837,471,65,31,34,406,39,367,13.800424628450106,6.581740976645436,7.218683651804671,86.1995753715499,8.280254777070063,77.91932059447984
