OA,ts0590001,ts0590002,ts0590003,ts0590004,ts0590005,ts0590006,ts0590007,ts0590002_PCT,ts0590003_PCT,ts0590004_PCT,ts0590005_PCT,ts0590006_PCT,ts0590007_PCT
E00056750,163,45,11,34,118,104,14,27.607361963190186,6.748466257668712,20.858895705521473,72.39263803680981,63.80368098159509,8.588957055214724
E00056751,152,38,11,27,114,106,8,25,7.236842105263158,17.763157894736842,75,69.73684210526315,5.263157894736842
E00056752,256,80,20,60,176,143,33,31.25,7.8125,23.4375,68.75,55.859375,12.890625
E00056753,76,16,2,14,60,57,3,21.052631578947366,2.631578947368421,18.421052631578945,78.94736842105263,75,3.9473684210526314
E00056754,169,59,17,42,110,94,16,34.9112426035503,10.059171597633137,24.85207100591716,65.08875739644971,55.62130177514793,9.467455621301776
E00056755,168,49,21,28,119,109,10,29.166666666666668,12.5,16.666666666666664,70.83333333333334,64.88095238095238,5.952380952380952
E00056756,143,51,13,38,92,83,9,35.66433566433567,9.090909090909092,26.573426573426573,64.33566433566433,58.04195804195804,6.293706293706294
E00056757,306,62,17,45,244,205,39,20.26143790849673,5.555555555555555,14.705882352941178,79.73856209150327,66.99346405228758,12.745098039215685
E00056758,255,64,24,40,191,159,32,25.098039215686274,9.411764705882353,15.686274509803921,74.90196078431373,62.35294117647059,12.549019607843137
E00056759,148,35,10,25,113,100,13,23.64864864864865,6.756756756756757,16.89189189189189,76.35135135135135,67.56756756756756,8.783783783783784
E00056760,154,50,16,34,104,84,20,32.467532467532465,10.38961038961039,22.07792207792208,67.53246753246754,54.54545454545454,12.987012987012985
E00056761,150,42,15,27,108,90,18,28.000000000000004,10,18,72,60,12
E00056762,229,71,23,48,158,123,35,31.004366812227076,10.043668122270741,20.96069868995633,68.99563318777294,53.711790393013104,15.283842794759824
E00056763,166,41,15,26,125,103,22,24.69879518072289,9.036144578313253,15.66265060240964,75.30120481927712,62.048192771084345,13.253012048192772
E00056764,165,47,13,34,118,90,28,28.484848484848484,7.878787878787878,20.606060606060606,71.51515151515152,54.54545454545454,16.969696969696972
E00056765,166,56,20,36,110,88,22,33.734939759036145,12.048192771084338,21.686746987951807,66.26506024096386,53.01204819277109,13.253012048192772
E00056766,173,43,11,32,130,116,14,24.85549132947977,6.358381502890173,18.497109826589593,75.14450867052022,67.05202312138728,8.092485549132949
E00056767,111,35,12,23,76,58,18,31.53153153153153,10.81081081081081,20.72072072072072,68.46846846846847,52.25225225225225,16.216216216216218
E00056768,193,57,15,42,136,115,21,29.533678756476682,7.772020725388601,21.761658031088082,70.46632124352331,59.58549222797927,10.880829015544041
E00056769,146,48,8,40,98,88,10,32.87671232876712,5.47945205479452,27.397260273972602,67.12328767123287,60.273972602739725,6.8493150684931505
E00056770,146,46,19,27,100,91,9,31.506849315068493,13.013698630136986,18.493150684931507,68.4931506849315,62.328767123287676,6.164383561643835
E00056771,139,43,10,33,96,82,14,30.935251798561154,7.1942446043165464,23.741007194244602,69.06474820143885,58.992805755395686,10.071942446043165
E00056772,308,71,23,48,237,198,39,23.051948051948052,7.467532467532467,15.584415584415584,76.94805194805194,64.28571428571429,12.662337662337661
E00056773,167,46,17,29,121,109,12,27.54491017964072,10.179640718562874,17.365269461077844,72.45508982035929,65.26946107784431,7.18562874251497
E00056774,103,45,21,24,58,44,14,43.689320388349515,20.388349514563107,23.300970873786408,56.310679611650485,42.71844660194174,13.592233009708737
E00056775,148,38,12,26,110,101,9,25.675675675675674,8.108108108108109,17.56756756756757,74.32432432432432,68.24324324324324,6.081081081081082
E00056776,111,24,9,15,87,76,11,21.62162162162162,8.108108108108109,13.513513513513514,78.37837837837837,68.46846846846847,9.90990990990991
E00056777,147,43,15,28,104,91,13,29.25170068027211,10.204081632653061,19.047619047619047,70.74829931972789,61.904761904761905,8.843537414965986
E00056778,49,20,9,11,29,29,0,40.816326530612244,18.367346938775512,22.448979591836736,59.183673469387756,59.183673469387756,0
E00056779,230,69,26,43,161,127,34,30,11.304347826086957,18.695652173913043,70,55.21739130434783,14.782608695652174
E00056780,69,22,8,14,47,37,10,31.88405797101449,11.594202898550725,20.28985507246377,68.11594202898551,53.62318840579711,14.492753623188406
E00056781,155,50,14,36,105,90,15,32.25806451612903,9.032258064516128,23.225806451612904,67.74193548387096,58.06451612903226,9.67741935483871
E00056782,153,47,15,32,106,77,29,30.718954248366014,9.803921568627452,20.915032679738562,69.28104575163398,50.326797385620914,18.954248366013072
E00056783,157,39,12,27,118,104,14,24.840764331210192,7.643312101910828,17.197452229299362,75.15923566878982,66.2420382165605,8.9171974522293
E00056784,148,25,4,21,123,109,14,16.89189189189189,2.7027027027027026,14.18918918918919,83.1081081081081,73.64864864864865,9.45945945945946
E00056787,100,29,8,21,71,53,18,28.999999999999996,8,21,71,53,18
E00056788,133,48,15,33,85,80,5,36.09022556390977,11.278195488721805,24.81203007518797,63.90977443609023,60.150375939849624,3.7593984962406015
E00056789,139,33,9,24,106,94,12,23.741007194244602,6.474820143884892,17.26618705035971,76.2589928057554,67.62589928057554,8.633093525179856
E00056790,201,58,21,37,143,123,20,28.855721393034827,10.44776119402985,18.407960199004975,71.14427860696517,61.19402985074627,9.950248756218906
E00056792,154,49,20,29,105,93,12,31.818181818181817,12.987012987012985,18.83116883116883,68.18181818181817,60.3896103896104,7.792207792207792
E00056793,157,43,12,31,114,92,22,27.388535031847134,7.643312101910828,19.745222929936308,72.61146496815286,58.59872611464968,14.012738853503185
E00056794,125,38,19,19,87,69,18,30.4,15.2,15.2,69.6,55.2,14.399999999999999
E00056795,107,25,5,20,82,71,11,23.364485981308412,4.672897196261682,18.69158878504673,76.63551401869158,66.35514018691589,10.2803738317757
E00056796,113,38,12,26,75,70,5,33.6283185840708,10.619469026548673,23.008849557522122,66.3716814159292,61.94690265486725,4.424778761061947
E00056797,142,35,9,26,107,92,15,24.647887323943664,6.338028169014084,18.30985915492958,75.35211267605634,64.7887323943662,10.56338028169014
E00056798,101,25,6,19,76,69,7,24.752475247524753,5.9405940594059405,18.81188118811881,75.24752475247524,68.31683168316832,6.9306930693069315
E00056799,124,36,15,21,88,74,14,29.03225806451613,12.096774193548388,16.93548387096774,70.96774193548387,59.67741935483871,11.29032258064516
E00056800,77,21,4,17,56,45,11,27.27272727272727,5.194805194805195,22.07792207792208,72.72727272727273,58.44155844155844,14.285714285714285
E00056801,126,38,13,25,88,81,7,30.158730158730158,10.317460317460316,19.841269841269842,69.84126984126983,64.28571428571429,5.555555555555555
E00056802,160,44,14,30,116,97,19,27.500000000000004,8.75,18.75,72.5,60.62499999999999,11.875
E00056803,131,47,11,36,84,72,12,35.87786259541985,8.396946564885496,27.480916030534353,64.12213740458014,54.961832061068705,9.16030534351145
E00056804,141,41,9,32,100,87,13,29.078014184397162,6.382978723404255,22.69503546099291,70.92198581560284,61.702127659574465,9.219858156028367
E00056805,126,43,19,24,83,83,0,34.12698412698413,15.079365079365079,19.047619047619047,65.87301587301587,65.87301587301587,0
E00056806,92,29,9,20,63,57,6,31.521739130434785,9.782608695652174,21.73913043478261,68.47826086956522,61.95652173913043,6.521739130434782
E00056807,126,33,11,22,93,76,17,26.190476190476193,8.73015873015873,17.46031746031746,73.80952380952381,60.317460317460316,13.492063492063492
E00056808,109,39,11,28,70,59,11,35.77981651376147,10.091743119266056,25.688073394495415,64.22018348623854,54.12844036697248,10.091743119266056
E00056809,122,34,12,22,88,81,7,27.86885245901639,9.836065573770492,18.0327868852459,72.1311475409836,66.39344262295081,5.737704918032787
E00056810,146,46,16,30,100,88,12,31.506849315068493,10.95890410958904,20.54794520547945,68.4931506849315,60.273972602739725,8.21917808219178
E00056811,164,42,17,25,122,98,24,25.609756097560975,10.365853658536585,15.24390243902439,74.39024390243902,59.756097560975604,14.634146341463413
E00056812,138,34,5,29,104,91,13,24.637681159420293,3.6231884057971016,21.014492753623188,75.36231884057972,65.94202898550725,9.420289855072465
E00056813,158,47,14,33,111,84,27,29.746835443037973,8.860759493670885,20.88607594936709,70.25316455696202,53.16455696202531,17.088607594936708
E00056814,137,46,16,30,91,75,16,33.57664233576642,11.678832116788321,21.897810218978105,66.42335766423358,54.74452554744526,11.678832116788321
E00056815,177,35,12,23,142,123,19,19.774011299435028,6.779661016949152,12.994350282485875,80.22598870056498,69.49152542372882,10.734463276836157
E00056816,128,47,15,32,81,74,7,36.71875,11.71875,25,63.28125,57.8125,5.46875
E00056817,139,51,14,37,88,73,15,36.69064748201439,10.071942446043165,26.618705035971225,63.30935251798561,52.51798561151079,10.79136690647482
E00056818,116,33,9,24,83,75,8,28.448275862068968,7.758620689655173,20.689655172413794,71.55172413793103,64.65517241379311,6.896551724137931
E00056819,77,17,6,11,60,56,4,22.07792207792208,7.792207792207792,14.285714285714285,77.92207792207793,72.72727272727273,5.194805194805195
E00056820,96,24,7,17,72,59,13,25,7.291666666666667,17.708333333333336,75,61.458333333333336,13.541666666666666
E00056821,106,28,10,18,78,70,8,26.41509433962264,9.433962264150944,16.9811320754717,73.58490566037736,66.0377358490566,7.547169811320755
E00056822,209,67,18,49,142,115,27,32.057416267942585,8.61244019138756,23.444976076555022,67.94258373205741,55.02392344497608,12.918660287081341
E00056823,161,42,17,25,119,108,11,26.08695652173913,10.559006211180124,15.527950310559005,73.91304347826086,67.08074534161491,6.832298136645963
E00056825,137,37,12,25,100,85,15,27.00729927007299,8.75912408759124,18.248175182481752,72.99270072992701,62.04379562043796,10.948905109489052
E00056827,124,36,9,27,88,80,8,29.03225806451613,7.258064516129033,21.774193548387096,70.96774193548387,64.51612903225806,6.451612903225806
E00056828,114,35,7,28,79,66,13,30.701754385964914,6.140350877192982,24.561403508771928,69.2982456140351,57.89473684210527,11.403508771929824
E00056829,143,42,13,29,101,94,7,29.37062937062937,9.090909090909092,20.27972027972028,70.62937062937063,65.73426573426573,4.895104895104895
E00056830,129,48,17,31,81,73,8,37.2093023255814,13.178294573643413,24.031007751937985,62.7906976744186,56.58914728682171,6.2015503875969
E00056831,114,32,10,22,82,73,9,28.07017543859649,8.771929824561402,19.298245614035086,71.9298245614035,64.03508771929825,7.894736842105263
E00056832,154,42,11,31,112,92,20,27.27272727272727,7.142857142857142,20.12987012987013,72.72727272727273,59.74025974025974,12.987012987012985
E00056833,137,38,9,29,99,91,8,27.73722627737226,6.569343065693431,21.16788321167883,72.26277372262774,66.42335766423358,5.839416058394161
E00056834,203,45,16,29,158,130,28,22.167487684729064,7.8817733990147785,14.285714285714285,77.83251231527095,64.03940886699507,13.793103448275861
E00056835,164,57,23,34,107,93,14,34.756097560975604,14.02439024390244,20.73170731707317,65.2439024390244,56.70731707317073,8.536585365853659
E00056836,132,28,11,17,104,94,10,21.21212121212121,8.333333333333332,12.878787878787879,78.78787878787878,71.21212121212122,7.575757575757576
E00056837,131,32,5,27,99,86,13,24.427480916030532,3.816793893129771,20.610687022900763,75.57251908396947,65.64885496183206,9.923664122137405
E00056838,166,46,19,27,120,100,20,27.710843373493976,11.44578313253012,16.265060240963855,72.28915662650603,60.24096385542169,12.048192771084338
E00056839,189,69,17,52,120,108,12,36.507936507936506,8.994708994708994,27.513227513227513,63.49206349206349,57.14285714285714,6.349206349206349
E00056840,154,54,12,42,100,89,11,35.064935064935064,7.792207792207792,27.27272727272727,64.93506493506493,57.7922077922078,7.142857142857142
E00056841,186,55,10,45,131,118,13,29.56989247311828,5.376344086021505,24.193548387096776,70.43010752688173,63.44086021505376,6.989247311827956
E00056842,161,55,15,40,106,96,10,34.161490683229815,9.316770186335404,24.84472049689441,65.83850931677019,59.62732919254658,6.211180124223603
E00056843,175,48,15,33,127,110,17,27.42857142857143,8.571428571428571,18.857142857142858,72.57142857142857,62.857142857142854,9.714285714285714
E00056845,153,44,14,30,109,98,11,28.75816993464052,9.15032679738562,19.607843137254903,71.24183006535948,64.05228758169935,7.18954248366013
E00056846,202,52,23,29,150,136,14,25.742574257425744,11.386138613861387,14.356435643564355,74.25742574257426,67.32673267326733,6.9306930693069315
E00056847,150,35,10,25,115,102,13,23.333333333333332,6.666666666666667,16.666666666666664,76.66666666666667,68,8.666666666666668
E00056848,99,40,9,31,59,58,1,40.4040404040404,9.090909090909092,31.313131313131315,59.59595959595959,58.58585858585859,1.0101010101010102
E00056849,85,35,9,26,50,45,5,41.17647058823529,10.588235294117647,30.58823529411765,58.82352941176471,52.94117647058824,5.88235294117647
E00056850,136,49,16,33,87,73,14,36.029411764705884,11.76470588235294,24.264705882352942,63.970588235294116,53.67647058823529,10.294117647058822
E00056851,174,50,16,34,124,113,11,28.735632183908045,9.195402298850574,19.54022988505747,71.26436781609196,64.9425287356322,6.321839080459771
E00056852,252,58,17,41,194,178,16,23.015873015873016,6.746031746031746,16.26984126984127,76.98412698412699,70.63492063492063,6.349206349206349
E00056853,168,48,9,39,120,110,10,28.57142857142857,5.357142857142857,23.214285714285715,71.42857142857143,65.47619047619048,5.952380952380952
E00056854,148,37,11,26,111,102,9,25,7.4324324324324325,17.56756756756757,75,68.91891891891892,6.081081081081082
E00056855,97,30,10,20,67,55,12,30.927835051546392,10.309278350515463,20.618556701030926,69.0721649484536,56.70103092783505,12.371134020618557
E00056856,152,33,9,24,119,109,10,21.710526315789476,5.921052631578947,15.789473684210526,78.28947368421053,71.71052631578947,6.578947368421052
E00056858,184,45,9,36,139,128,11,24.456521739130434,4.891304347826087,19.565217391304348,75.54347826086956,69.56521739130434,5.978260869565218
E00056859,85,39,7,32,46,38,8,45.88235294117647,8.235294117647058,37.64705882352941,54.11764705882353,44.70588235294118,9.411764705882353
E00056861,143,32,10,22,111,99,12,22.377622377622377,6.993006993006993,15.384615384615385,77.62237762237763,69.23076923076923,8.391608391608392
E00056862,240,46,12,34,194,177,17,19.166666666666668,5,14.166666666666666,80.83333333333333,73.75,7.083333333333333
E00056863,192,56,10,46,136,115,21,29.166666666666668,5.208333333333334,23.958333333333336,70.83333333333334,59.895833333333336,10.9375
E00056864,166,46,11,35,120,108,12,27.710843373493976,6.626506024096386,21.084337349397593,72.28915662650603,65.06024096385542,7.228915662650602
E00056865,139,26,9,17,113,106,7,18.705035971223023,6.474820143884892,12.23021582733813,81.29496402877699,76.2589928057554,5.0359712230215825
E00056866,113,28,9,19,85,76,9,24.778761061946902,7.964601769911504,16.8141592920354,75.22123893805309,67.2566371681416,7.964601769911504
E00056867,178,40,7,33,138,125,13,22.47191011235955,3.932584269662921,18.53932584269663,77.52808988764045,70.2247191011236,7.303370786516854
E00056868,164,45,13,32,119,105,14,27.439024390243905,7.926829268292683,19.51219512195122,72.5609756097561,64.02439024390245,8.536585365853659
E00056869,157,37,7,30,120,103,17,23.56687898089172,4.45859872611465,19.10828025477707,76.43312101910828,65.60509554140127,10.828025477707007
E00056871,78,31,9,22,47,44,3,39.743589743589745,11.538461538461538,28.205128205128204,60.256410256410255,56.41025641025641,3.8461538461538463
E00056873,181,36,9,27,145,125,20,19.88950276243094,4.972375690607735,14.917127071823206,80.11049723756905,69.06077348066299,11.049723756906078
E00056874,232,65,33,32,167,151,16,28.01724137931034,14.224137931034484,13.793103448275861,71.98275862068965,65.08620689655173,6.896551724137931
E00056875,147,40,14,26,107,96,11,27.2108843537415,9.523809523809524,17.687074829931973,72.78911564625851,65.3061224489796,7.482993197278912
E00056877,96,35,12,23,61,53,8,36.45833333333333,12.5,23.958333333333336,63.541666666666664,55.208333333333336,8.333333333333332
E00056878,161,40,10,30,121,112,9,24.84472049689441,6.211180124223603,18.633540372670808,75.15527950310559,69.56521739130434,5.590062111801243
E00056879,146,39,18,21,107,97,10,26.71232876712329,12.32876712328767,14.383561643835616,73.28767123287672,66.43835616438356,6.8493150684931505
E00056880,134,38,13,25,96,87,9,28.35820895522388,9.701492537313433,18.65671641791045,71.64179104477611,64.92537313432835,6.7164179104477615
E00056881,70,13,5,8,57,54,3,18.571428571428573,7.142857142857142,11.428571428571429,81.42857142857143,77.14285714285715,4.285714285714286
E00056882,300,48,18,30,252,231,21,16,6,10,84,77,7.000000000000001
E00056883,117,44,13,31,73,66,7,37.60683760683761,11.11111111111111,26.495726495726498,62.39316239316239,56.41025641025641,5.982905982905983
E00056884,162,35,7,28,127,104,23,21.604938271604937,4.320987654320987,17.28395061728395,78.39506172839506,64.19753086419753,14.19753086419753
E00056885,141,46,18,28,95,89,6,32.62411347517731,12.76595744680851,19.858156028368796,67.37588652482269,63.12056737588653,4.25531914893617
E00056886,79,20,5,15,59,55,4,25.31645569620253,6.329113924050633,18.9873417721519,74.68354430379746,69.62025316455697,5.063291139240507
E00056887,235,51,15,36,184,162,22,21.70212765957447,6.382978723404255,15.319148936170212,78.29787234042553,68.93617021276596,9.361702127659575
E00056888,80,30,8,22,50,44,6,37.5,10,27.500000000000004,62.5,55.00000000000001,7.5
E00056889,169,50,11,39,119,107,12,29.585798816568047,6.508875739644971,23.076923076923077,70.41420118343196,63.31360946745562,7.100591715976331
E00056890,187,45,15,30,142,121,21,24.06417112299465,8.0213903743315509,16.042780748663102,75.93582887700535,64.70588235294117,11.229946524064172
E00056891,68,23,10,13,45,37,8,33.82352941176471,14.705882352941178,19.11764705882353,66.17647058823529,54.41176470588235,11.76470588235294
E00056892,111,37,16,21,74,65,9,33.33333333333333,14.414414414414415,18.91891891891892,66.66666666666666,58.55855855855856,8.108108108108109
E00056893,207,53,16,37,154,139,15,25.60386473429952,7.729468599033816,17.874396135265698,74.39613526570048,67.14975845410628,7.246376811594203
E00056894,200,59,18,41,141,129,12,29.5,9,20.5,70.5,64.5,6
E00056895,114,21,4,17,93,87,6,18.421052631578945,3.508771929824561,14.912280701754385,81.57894736842105,76.31578947368422,5.263157894736842
E00056897,107,29,9,20,78,75,3,27.102803738317753,8.411214953271028,18.69158878504673,72.89719626168224,70.09345794392523,2.803738317757009
E00056898,138,64,16,48,74,68,6,46.3768115942029,11.594202898550725,34.78260869565217,53.62318840579711,49.275362318840585,4.3478260869565215
E00056899,183,49,10,39,134,126,8,26.775956284153008,5.46448087431694,21.311475409836063,73.224043715847,68.85245901639344,4.371584699453552
E00056900,118,30,15,15,88,82,6,25.423728813559322,12.711864406779661,12.711864406779661,74.57627118644068,69.49152542372882,5.084745762711865
E00056901,82,11,5,6,71,70,1,13.414634146341465,6.097560975609756,7.317073170731707,86.58536585365853,85.36585365853658,1.2195121951219512
E00056902,158,44,24,20,114,104,10,27.848101265822784,15.18987341772152,12.658227848101266,72.15189873417721,65.82278481012658,6.329113924050633
E00056903,201,61,17,44,140,133,7,30.34825870646766,8.45771144278607,21.890547263681594,69.65174129353234,66.16915422885572,3.482587064676617
E00056904,164,42,11,31,122,109,13,25.609756097560975,6.707317073170732,18.902439024390244,74.39024390243902,66.46341463414635,7.926829268292683
E00056905,142,49,11,38,93,85,8,34.50704225352113,7.746478873239436,26.76056338028169,65.49295774647888,59.859154929577464,5.633802816901409
E00056906,113,35,12,23,78,70,8,30.973451327433626,10.619469026548673,20.353982300884958,69.02654867256636,61.94690265486725,7.079646017699115
E00056907,95,29,9,20,66,60,6,30.526315789473685,9.473684210526317,21.052631578947366,69.47368421052632,63.1578947368421,6.315789473684211
E00056908,77,28,10,18,49,47,2,36.36363636363637,12.987012987012985,23.376623376623375,63.63636363636363,61.038961038961034,2.5974025974025974
E00056909,243,55,21,34,188,178,10,22.633744855967077,8.641975308641975,13.991769547325102,77.36625514403292,73.25102880658436,4.11522633744856
E00056910,100,31,10,21,69,65,4,31,10,21,69,65,4
E00056911,94,28,6,22,66,62,4,29.78723404255319,6.382978723404255,23.404255319148938,70.2127659574468,65.95744680851064,4.25531914893617
E00056912,174,47,12,35,127,119,8,27.011494252873565,6.896551724137931,20.114942528735632,72.98850574712644,68.39080459770115,4.597701149425287
E00056913,177,50,16,34,127,109,18,28.24858757062147,9.03954802259887,19.2090395480226,71.75141242937853,61.5819209039548,10.16949152542373
E00056914,156,41,13,28,115,98,17,26.282051282051285,8.333333333333332,17.94871794871795,73.71794871794873,62.82051282051282,10.897435897435898
E00056915,172,45,17,28,127,114,13,26.16279069767442,9.883720930232558,16.27906976744186,73.83720930232558,66.27906976744185,7.55813953488372
E00056916,34,13,6,7,21,20,1,38.23529411764706,17.647058823529413,20.588235294117645,61.76470588235294,58.82352941176471,2.941176470588235
E00056917,137,45,13,32,92,82,10,32.846715328467155,9.48905109489051,23.357664233576642,67.15328467153284,59.854014598540154,7.2992700729927
E00056918,115,35,12,23,80,69,11,30.434782608695656,10.434782608695652,20,69.56521739130434,60,9.565217391304348
E00056919,63,25,8,17,38,37,1,39.682539682539684,12.698412698412698,26.984126984126984,60.317460317460316,58.730158730158735,1.5873015873015872
E00056920,169,43,11,32,126,114,12,25.443786982248522,6.508875739644971,18.93491124260355,74.55621301775149,67.45562130177515,7.100591715976331
E00056921,195,61,22,39,134,120,14,31.28205128205128,11.282051282051283,20,68.71794871794872,61.53846153846154,7.179487179487179
E00056922,136,36,8,28,100,84,16,26.47058823529412,5.88235294117647,20.588235294117645,73.52941176470588,61.76470588235294,11.76470588235294
E00056923,115,29,8,21,86,75,11,25.217391304347824,6.956521739130435,18.26086956521739,74.78260869565217,65.21739130434783,9.565217391304348
E00056924,164,39,10,29,125,112,13,23.78048780487805,6.097560975609756,17.682926829268293,76.21951219512195,68.29268292682927,7.926829268292683
E00056925,140,38,11,27,102,94,8,27.142857142857142,7.857142857142857,19.28571428571429,72.85714285714285,67.14285714285714,5.714285714285714
E00056926,84,26,5,21,58,51,7,30.952380952380953,5.952380952380952,25,69.04761904761905,60.71428571428571,8.333333333333332
E00056927,221,56,13,43,165,147,18,25.339366515837103,5.88235294117647,19.457013574660635,74.6606334841629,66.51583710407239,8.144796380090497
E00056928,79,22,10,12,57,47,10,27.848101265822784,12.658227848101266,15.18987341772152,72.15189873417721,59.49367088607595,12.658227848101266
E00056929,138,44,15,29,94,88,6,31.88405797101449,10.869565217391305,21.014492753623188,68.11594202898551,63.76811594202898,4.3478260869565215
E00056930,117,38,14,24,79,70,9,32.47863247863248,11.965811965811966,20.51282051282051,67.52136752136752,59.82905982905983,7.6923076923076925
E00056931,179,47,14,33,132,111,21,26.256983240223462,7.82122905027933,18.435754189944134,73.74301675977654,62.01117318435754,11.731843575418994
E00056932,155,46,18,28,109,100,9,29.677419354838708,11.612903225806452,18.064516129032256,70.3225806451613,64.51612903225806,5.806451612903226
E00056933,163,52,16,36,111,100,11,31.901840490797547,9.815950920245399,22.085889570552148,68.09815950920245,61.34969325153374,6.748466257668712
E00056934,144,39,9,30,105,89,16,27.083333333333332,6.25,20.833333333333336,72.91666666666666,61.80555555555556,11.11111111111111
E00056935,129,39,12,27,90,77,13,30.23255813953488,9.30232558139535,20.930232558139537,69.76744186046511,59.68992248062015,10.077519379844961
E00056936,149,32,9,23,117,104,13,21.476510067114095,6.0402684563758395,15.436241610738255,78.52348993288591,69.79865771812081,8.724832214765101
E00056937,37,15,4,11,22,19,3,40.54054054054054,10.81081081081081,29.72972972972973,59.45945945945946,51.35135135135135,8.108108108108109
E00056938,134,42,14,28,92,82,10,31.343283582089555,10.44776119402985,20.8955223880597,68.65671641791045,61.19402985074627,7.462686567164178
E00056939,197,51,12,39,146,126,20,25.888324873096447,6.091370558375635,19.796954314720814,74.11167512690355,63.95939086294417,10.152284263959391
E00056940,154,40,8,32,114,101,13,25.97402597402597,5.194805194805195,20.77922077922078,74.02597402597402,65.5844155844156,8.441558441558442
E00056941,190,50,17,33,140,128,12,26.31578947368421,8.947368421052632,17.36842105263158,73.68421052631578,67.36842105263158,6.315789473684211
E00056942,173,47,13,34,126,117,9,27.167630057803464,7.514450867052023,19.653179190751445,72.83236994219652,67.63005780346822,5.202312138728324
E00056943,152,45,18,27,107,91,16,29.605263157894733,11.842105263157894,17.763157894736842,70.39473684210526,59.86842105263158,10.526315789473683
E00056945,132,36,10,26,96,84,12,27.27272727272727,7.575757575757576,19.696969696969695,72.72727272727273,63.63636363636363,9.090909090909092
E00056946,175,52,20,32,123,101,22,29.714285714285715,11.428571428571429,18.285714285714285,70.28571428571428,57.714285714285715,12.571428571428573
E00056947,157,50,19,31,107,92,15,31.84713375796178,12.101910828025478,19.745222929936308,68.15286624203821,58.59872611464968,9.554140127388536
E00056948,191,62,25,37,129,101,28,32.460732984293195,13.089005235602095,19.3717277486911,67.5392670157068,52.879581151832454,14.659685863874344
E00056949,68,14,6,8,54,41,13,20.588235294117645,8.823529411764707,11.76470588235294,79.41176470588235,60.29411764705882,19.11764705882353
E00056950,135,45,8,37,90,70,20,33.33333333333333,5.9259259259259265,27.40740740740741,66.66666666666666,51.85185185185185,14.814814814814813
E00056951,110,28,6,22,82,75,7,25.454545454545453,5.454545454545454,20,74.54545454545455,68.18181818181817,6.363636363636363
E00056952,93,21,4,17,72,62,10,22.58064516129032,4.301075268817205,18.27956989247312,77.41935483870968,66.66666666666666,10.75268817204301
E00056953,99,30,13,17,69,58,11,30.303030303030305,13.131313131313133,17.17171717171717,69.6969696969697,58.58585858585859,11.11111111111111
E00056954,137,42,12,30,95,77,18,30.656934306569344,8.75912408759124,21.897810218978105,69.34306569343066,56.20437956204379,13.138686131386862
E00056955,135,41,15,26,94,79,15,30.37037037037037,11.11111111111111,19.25925925925926,69.62962962962963,58.51851851851851,11.11111111111111
E00056956,120,32,13,19,88,77,11,26.666666666666668,10.833333333333334,15.833333333333332,73.33333333333333,64.16666666666667,9.166666666666666
E00056957,108,28,7,21,80,65,15,25.925925925925924,6.481481481481481,19.444444444444446,74.07407407407408,60.18518518518518,13.88888888888889
E00056958,129,41,12,29,88,69,19,31.782945736434108,9.30232558139535,22.48062015503876,68.21705426356588,53.48837209302325,14.728682170542637
E00056959,67,19,7,12,48,35,13,28.35820895522388,10.44776119402985,17.91044776119403,71.64179104477611,52.23880597014925,19.402985074626866
E00056960,164,52,18,34,112,83,29,31.70731707317073,10.975609756097562,20.73170731707317,68.29268292682927,50.609756097560975,17.682926829268293
E00056961,154,25,5,20,129,98,31,16.233766233766232,3.2467532467532463,12.987012987012985,83.76623376623377,63.63636363636363,20.12987012987013
E00056962,283,66,24,42,217,174,43,23.32155477031802,8.480565371024735,14.840989399293287,76.67844522968198,61.48409893992933,15.19434628975265
E00056963,221,51,13,38,170,147,23,23.076923076923077,5.88235294117647,17.194570135746606,76.92307692307693,66.51583710407239,10.407239819004525
E00056964,137,41,13,28,96,86,10,29.927007299270077,9.48905109489051,20.437956204379564,70.07299270072993,62.77372262773723,7.2992700729927
E00056965,137,37,13,24,100,90,10,27.00729927007299,9.48905109489051,17.51824817518248,72.99270072992701,65.69343065693431,7.2992700729927
E00056966,87,19,3,16,68,60,8,21.839080459770116,3.4482758620689653,18.39080459770115,78.16091954022988,68.96551724137932,9.195402298850574
E00056967,151,28,12,16,123,108,15,18.543046357615893,7.9470198675496695,10.596026490066226,81.45695364238411,71.52317880794702,9.933774834437086
E00056968,192,65,36,29,127,89,38,33.85416666666667,18.75,15.104166666666666,66.14583333333334,46.35416666666667,19.791666666666664
E00056969,112,38,18,20,74,56,18,33.92857142857143,16.071428571428573,17.857142857142858,66.07142857142857,50,16.071428571428573
E00056970,171,36,22,14,135,92,43,21.052631578947366,12.865497076023392,8.187134502923977,78.94736842105263,53.80116959064327,25.146198830409354
E00056971,100,32,9,23,68,54,14,32,9,23,68,54,14.000000000000002
E00056972,80,19,3,16,61,48,13,23.75,3.75,20,76.25,60,16.25
E00056973,109,36,8,28,73,61,12,33.02752293577982,7.339449541284404,25.688073394495415,66.97247706422019,55.96330275229357,11.009174311926607
E00056974,140,40,13,27,100,65,35,28.57142857142857,9.285714285714286,19.28571428571429,71.42857142857143,46.42857142857143,25
E00056975,185,55,22,33,130,117,13,29.72972972972973,11.891891891891893,17.83783783783784,70.27027027027027,63.24324324324324,7.027027027027027
E00056976,193,60,21,39,133,106,27,31.088082901554404,10.880829015544041,20.207253886010363,68.9119170984456,54.92227979274611,13.989637305699482
E00056977,124,35,15,20,89,73,16,28.225806451612907,12.096774193548388,16.129032258064516,71.7741935483871,58.87096774193549,12.903225806451612
E00056978,139,41,14,27,98,76,22,29.496402877697843,10.071942446043165,19.424460431654676,70.50359712230215,54.67625899280576,15.827338129496402
E00056979,160,51,12,39,109,91,18,31.874999999999996,7.5,24.375,68.125,56.875,11.25
E00056981,161,46,14,32,115,106,9,28.57142857142857,8.695652173913043,19.875776397515526,71.42857142857143,65.83850931677019,5.590062111801243
E00056982,154,44,11,33,110,103,7,28.57142857142857,7.142857142857142,21.428571428571427,71.42857142857143,66.88311688311688,4.545454545454546
E00056983,135,42,15,27,93,84,9,31.11111111111111,11.11111111111111,20,68.88888888888889,62.22222222222222,6.666666666666667
E00056984,87,26,5,21,61,53,8,29.88505747126437,5.747126436781609,24.137931034482758,70.11494252873564,60.91954022988506,9.195402298850574
E00056985,151,37,8,29,114,103,11,24.503311258278146,5.298013245033113,19.205298013245034,75.49668874172185,68.21192052980133,7.28476821192053
E00056986,144,37,13,24,107,98,9,25.694444444444443,9.027777777777777,16.666666666666664,74.30555555555556,68.05555555555556,6.25
E00056987,185,44,15,29,141,122,19,23.783783783783786,8.108108108108109,15.675675675675677,76.21621621621621,65.94594594594595,10.27027027027027
E00056988,104,33,5,28,71,61,10,31.73076923076923,4.807692307692308,26.923076923076923,68.26923076923077,58.65384615384615,9.615384615384617
E00056989,139,37,8,29,102,86,16,26.618705035971225,5.755395683453238,20.863309352517987,73.38129496402878,61.87050359712231,11.510791366906476
E00056990,176,50,13,37,126,110,16,28.40909090909091,7.386363636363637,21.022727272727273,71.5909090909091,62.5,9.090909090909092
E00056991,206,64,16,48,142,129,13,31.06796116504854,7.766990291262135,23.300970873786408,68.93203883495146,62.62135922330098,6.310679611650485
E00056992,136,45,11,34,91,79,12,33.088235294117645,8.088235294117647,25,66.91176470588235,58.08823529411765,8.823529411764707
E00056993,137,50,19,31,87,86,1,36.496350364963504,13.86861313868613,22.62773722627737,63.503649635036496,62.77372262773723,0.7299270072992701
E00056994,143,46,16,30,97,86,11,32.16783216783217,11.188811188811188,20.97902097902098,67.83216783216784,60.13986013986013,7.6923076923076925
E00056995,153,59,27,32,94,84,10,38.56209150326798,17.647058823529413,20.915032679738562,61.43790849673203,54.90196078431373,6.535947712418301
E00056997,117,39,10,29,78,75,3,33.33333333333333,8.547008547008547,24.786324786324787,66.66666666666666,64.1025641025641,2.564102564102564
E00056998,178,72,16,56,106,94,12,40.44943820224719,8.98876404494382,31.46067415730337,59.55056179775281,52.80898876404494,6.741573033707865
E00056999,164,56,15,41,108,99,9,34.146341463414636,9.146341463414634,25,65.85365853658537,60.36585365853659,5.487804878048781
E00057000,96,28,2,26,68,66,2,29.166666666666668,2.083333333333333,27.083333333333332,70.83333333333334,68.75,2.083333333333333
E00057001,163,41,17,24,122,113,9,25.153374233128833,10.429447852760736,14.723926380368098,74.84662576687117,69.32515337423312,5.521472392638037
E00057002,117,35,9,26,82,74,8,29.914529914529915,7.6923076923076925,22.22222222222222,70.08547008547008,63.24786324786324,6.837606837606838
E00057003,162,57,16,41,105,89,16,35.18518518518518,9.876543209876543,25.308641975308642,64.81481481481481,54.93827160493827,9.876543209876543
E00057004,100,27,5,22,73,64,9,27,5,22,73,64,9
E00057005,85,25,3,22,60,56,4,29.411764705882355,3.5294117647058822,25.882352941176475,70.58823529411765,65.88235294117646,4.705882352941177
E00057006,112,32,12,20,80,74,6,28.57142857142857,10.714285714285714,17.857142857142858,71.42857142857143,66.07142857142857,5.357142857142857
E00057007,139,30,1,29,109,93,16,21.58273381294964,0.7194244604316548,20.863309352517987,78.41726618705036,66.90647482014388,11.510791366906476
E00057008,127,34,11,23,93,84,9,26.77165354330709,8.661417322834646,18.11023622047244,73.22834645669292,66.14173228346458,7.086614173228346
E00057009,144,50,15,35,94,85,9,34.72222222222222,10.416666666666668,24.305555555555554,65.27777777777779,59.02777777777778,6.25
E00057010,101,22,9,13,79,68,11,21.782178217821784,8.91089108910891,12.871287128712872,78.21782178217822,67.32673267326733,10.891089108910892
E00057011,197,61,20,41,136,125,11,30.96446700507614,10.152284263959391,20.812182741116754,69.03553299492386,63.45177664974619,5.583756345177665
E00057012,159,64,20,44,95,78,17,40.25157232704403,12.578616352201259,27.67295597484277,59.74842767295597,49.056603773584904,10.69182389937107
E00057013,99,34,13,21,65,62,3,34.34343434343434,13.131313131313133,21.21212121212121,65.65656565656566,62.62626262626263,3.0303030303030303
E00057014,149,77,28,49,72,66,6,51.67785234899329,18.79194630872483,32.88590604026846,48.322147651006716,44.29530201342282,4.026845637583892
E00057015,154,46,16,30,108,99,9,29.87012987012987,10.38961038961039,19.480519480519483,70.12987012987013,64.28571428571429,5.844155844155844
E00057016,173,49,15,34,124,104,20,28.32369942196532,8.670520231213873,19.653179190751445,71.67630057803468,60.115606936416185,11.560693641618498
E00057017,158,61,21,40,97,81,16,38.607594936708864,13.291139240506327,25.31645569620253,61.39240506329114,51.26582278481012,10.126582278481013
E00057018,127,36,12,24,91,74,17,28.346456692913385,9.448818897637794,18.89763779527559,71.65354330708661,58.26771653543307,13.385826771653544
E00057019,153,47,18,29,106,99,7,30.718954248366014,11.76470588235294,18.954248366013072,69.28104575163398,64.70588235294117,4.57516339869281
E00057020,136,68,22,46,68,60,8,50,16.176470588235293,33.82352941176471,50,44.11764705882353,5.88235294117647
E00057021,149,36,8,28,113,102,11,24.161073825503358,5.369127516778524,18.79194630872483,75.83892617449665,68.45637583892618,7.38255033557047
E00057022,143,40,18,22,103,91,12,27.972027972027973,12.587412587412588,15.384615384615385,72.02797202797203,63.63636363636363,8.391608391608392
E00057023,151,65,16,49,86,78,8,43.04635761589404,10.596026490066226,32.450331125827816,56.95364238410596,51.65562913907284,5.298013245033113
E00057024,151,47,13,34,104,86,18,31.125827814569533,8.609271523178808,22.516556291390728,68.87417218543047,56.95364238410596,11.920529801324504
E00057025,147,49,12,37,98,89,9,33.33333333333333,8.16326530612245,25.170068027210885,66.66666666666666,60.544217687074834,6.122448979591836
E00057026,169,48,12,36,121,103,18,28.402366863905325,7.100591715976331,21.301775147928996,71.59763313609467,60.946745562130175,10.650887573964498
E00057027,176,71,23,48,105,94,11,40.340909090909086,13.068181818181818,27.27272727272727,59.65909090909091,53.40909090909091,6.25
E00057028,171,40,10,30,131,120,11,23.391812865497073,5.847953216374268,17.543859649122805,76.60818713450293,70.17543859649122,6.432748538011696
E00057029,138,45,19,26,93,87,6,32.608695652173914,13.768115942028986,18.84057971014493,67.3913043478261,63.04347826086957,4.3478260869565215
E00057030,112,35,3,32,77,70,7,31.25,2.6785714285714284,28.57142857142857,68.75,62.5,6.25
E00057031,129,44,14,30,85,79,6,34.10852713178294,10.852713178294573,23.25581395348837,65.89147286821705,61.240310077519375,4.651162790697675
E00057032,149,49,13,36,100,94,6,32.88590604026846,8.724832214765101,24.161073825503358,67.11409395973155,63.08724832214765,4.026845637583892
E00057033,84,27,11,16,57,46,11,32.142857142857146,13.095238095238097,19.047619047619047,67.85714285714286,54.761904761904766,13.095238095238097
E00057034,213,64,28,36,149,136,13,30.046948356807512,13.145539906103288,16.901408450704224,69.95305164319248,63.84976525821596,6.103286384976526
E00057035,177,56,17,39,121,110,11,31.63841807909605,9.6045197740113,22.033898305084744,68.36158192090396,62.14689265536724,6.214689265536723
E00057036,151,54,20,34,97,88,9,35.76158940397351,13.245033112582782,22.516556291390728,64.23841059602648,58.27814569536424,5.960264900662252
E00057037,149,53,22,31,96,79,17,35.57046979865772,14.76510067114094,20.80536912751678,64.42953020134227,53.02013422818792,11.409395973154362
E00057038,130,43,9,34,87,81,6,33.07692307692307,6.923076923076923,26.153846153846157,66.92307692307692,62.30769230769231,4.615384615384616
E00057039,96,32,5,27,64,53,11,33.33333333333333,5.208333333333334,28.125,66.66666666666666,55.208333333333336,11.458333333333332
E00057040,122,52,14,38,70,61,9,42.62295081967213,11.475409836065573,31.147540983606557,57.377049180327866,50,7.377049180327869
E00057041,170,49,13,36,121,113,8,28.823529411764703,7.647058823529412,21.176470588235293,71.17647058823529,66.47058823529412,4.705882352941177
E00057042,128,49,7,42,79,74,5,38.28125,5.46875,32.8125,61.71875,57.8125,3.90625
E00057043,99,36,13,23,63,58,5,36.36363636363637,13.131313131313133,23.232323232323232,63.63636363636363,58.58585858585859,5.05050505050505
E00057044,149,48,16,32,101,89,12,32.21476510067114,10.738255033557047,21.476510067114095,67.78523489932886,59.73154362416108,8.053691275167784
E00057045,133,53,18,35,80,75,5,39.849624060150376,13.533834586466165,26.31578947368421,60.150375939849624,56.390977443609025,3.7593984962406015
E00057046,115,33,5,28,82,72,10,28.695652173913043,4.3478260869565215,24.347826086956523,71.30434782608695,62.60869565217392,8.695652173913043
E00057047,141,47,15,32,94,86,8,33.33333333333333,10.638297872340425,22.69503546099291,66.66666666666666,60.99290780141844,5.673758865248227
E00057048,202,68,17,51,134,116,18,33.663366336633665,8.415841584158416,25.247524752475247,66.33663366336634,57.42574257425742,8.91089108910891
E00057049,209,60,24,36,149,137,12,28.708133971291865,11.483253588516746,17.22488038277512,71.29186602870813,65.55023923444976,5.741626794258373
E00057050,138,32,13,19,106,96,10,23.18840579710145,9.420289855072465,13.768115942028986,76.81159420289855,69.56521739130434,7.246376811594203
E00057051,273,51,11,40,222,202,20,18.681318681318682,4.029304029304029,14.652014652014653,81.31868131868131,73.992673992674,7.326007326007327
E00057052,146,41,6,35,105,93,12,28.08219178082192,4.10958904109589,23.972602739726025,71.91780821917808,63.6986301369863,8.21917808219178
E00057053,145,49,10,39,96,84,12,33.793103448275865,6.896551724137931,26.89655172413793,66.20689655172414,57.931034482758626,8.275862068965518
E00057054,271,52,20,32,219,192,27,19.18819188191882,7.380073800738007,11.808118081180812,80.81180811808119,70.84870848708486,9.96309963099631
E00057055,150,43,11,32,107,102,5,28.666666666666668,7.333333333333333,21.333333333333336,71.33333333333334,68,3.3333333333333335
E00057056,127,36,11,25,91,84,7,28.346456692913385,8.661417322834646,19.68503937007874,71.65354330708661,66.14173228346458,5.511811023622047
E00057057,119,26,7,19,93,80,13,21.84873949579832,5.88235294117647,15.966386554621847,78.15126050420169,67.22689075630252,10.92436974789916
E00057058,144,38,8,30,106,92,14,26.38888888888889,5.555555555555555,20.833333333333336,73.61111111111111,63.888888888888886,9.722222222222223
E00057059,126,25,10,15,101,91,10,19.841269841269842,7.936507936507936,11.904761904761903,80.15873015873017,72.22222222222221,7.936507936507936
E00057060,141,36,13,23,105,89,16,25.53191489361702,9.219858156028367,16.312056737588655,74.46808510638297,63.12056737588653,11.347517730496454
E00057062,162,50,12,38,112,100,12,30.864197530864196,7.4074074074074066,23.456790123456788,69.1358024691358,61.72839506172839,7.4074074074074066
E00057063,151,36,15,21,115,109,6,23.841059602649008,9.933774834437086,13.90728476821192,76.15894039735099,72.18543046357617,3.9735099337748347
E00057064,137,43,13,30,94,85,9,31.386861313868614,9.48905109489051,21.897810218978105,68.61313868613139,62.04379562043796,6.569343065693431
E00057065,145,29,11,18,116,111,5,20,7.586206896551724,12.413793103448276,80,76.55172413793103,3.4482758620689653
E00057066,121,37,13,24,84,72,12,30.57851239669421,10.743801652892563,19.834710743801654,69.42148760330579,59.50413223140496,9.917355371900827
E00057067,232,50,15,35,182,164,18,21.551724137931032,6.4655172413793105,15.086206896551724,78.44827586206897,70.6896551724138,7.758620689655173
E00057068,119,43,20,23,76,72,4,36.134453781512605,16.80672268907563,19.327731092436977,63.86554621848739,60.50420168067227,3.361344537815126
E00057069,182,40,10,30,142,131,11,21.978021978021978,5.4945054945054945,16.483516483516482,78.02197802197803,71.97802197802197,6.043956043956044
E00057070,171,39,11,28,132,115,17,22.807017543859647,6.432748538011696,16.374269005847953,77.19298245614034,67.2514619883041,9.941520467836257
E00057071,108,31,7,24,77,73,4,28.703703703703702,6.481481481481481,22.22222222222222,71.29629629629629,67.5925925925926,3.7037037037037033
E00057072,106,26,7,19,80,75,5,24.528301886792452,6.60377358490566,17.92452830188679,75.47169811320755,70.75471698113208,4.716981132075472
E00057073,149,40,12,28,109,97,12,26.845637583892618,8.053691275167784,18.79194630872483,73.15436241610739,65.1006711409396,8.053691275167784
E00057074,90,35,8,27,55,48,7,38.88888888888889,8.88888888888889,30,61.111111111111114,53.333333333333336,7.777777777777778
E00057075,173,41,13,28,132,115,17,23.699421965317917,7.514450867052023,16.184971098265898,76.30057803468208,66.47398843930635,9.826589595375722
E00057076,160,43,16,27,117,107,10,26.875,10,16.875,73.125,66.875,6.25
E00057077,151,41,12,29,110,102,8,27.1523178807947,7.9470198675496695,19.205298013245034,72.84768211920529,67.54966887417218,5.298013245033113
E00057078,137,25,1,24,112,105,7,18.248175182481752,0.7299270072992701,17.51824817518248,81.75182481751825,76.64233576642336,5.109489051094891
E00057079,136,43,13,30,93,79,14,31.61764705882353,9.558823529411764,22.058823529411764,68.38235294117648,58.08823529411765,10.294117647058822
E00057080,107,23,6,17,84,76,8,21.49532710280374,5.607476635514018,15.887850467289718,78.50467289719626,71.02803738317756,7.476635514018691
E00057081,149,40,11,29,109,102,7,26.845637583892618,7.38255033557047,19.463087248322147,73.15436241610739,68.45637583892618,4.697986577181208
E00057082,120,41,19,22,79,70,9,34.166666666666664,15.833333333333332,18.333333333333332,65.83333333333333,58.333333333333336,7.5
E00057083,74,24,11,13,50,49,1,32.432432432432435,14.864864864864865,17.56756756756757,67.56756756756756,66.21621621621621,1.3513513513513513
E00057084,117,20,7,13,97,84,13,17.094017094017094,5.982905982905983,11.11111111111111,82.90598290598291,71.7948717948718,11.11111111111111
E00057085,104,34,10,24,70,64,6,32.69230769230769,9.615384615384617,23.076923076923077,67.3076923076923,61.53846153846154,5.769230769230769
E00057086,118,39,13,26,79,72,7,33.05084745762712,11.016949152542372,22.033898305084744,66.94915254237289,61.016949152542374,5.932203389830509
E00057087,170,45,16,29,125,104,21,26.47058823529412,9.411764705882353,17.058823529411764,73.52941176470588,61.1764705882353,12.352941176470589
E00057088,128,41,13,28,87,81,6,32.03125,10.15625,21.875,67.96875,63.28125,4.6875
E00057089,108,29,8,21,79,73,6,26.851851851851855,7.4074074074074066,19.444444444444446,73.14814814814815,67.5925925925926,5.555555555555555
E00057090,112,22,7,15,90,81,9,19.642857142857142,6.25,13.392857142857142,80.35714285714286,72.32142857142857,8.035714285714286
E00057091,152,49,13,36,103,91,12,32.23684210526316,8.552631578947368,23.684210526315788,67.76315789473685,59.86842105263158,7.894736842105263
E00057092,179,63,17,46,116,108,8,35.19553072625698,9.497206703910614,25.69832402234637,64.80446927374301,60.33519553072626,4.4692737430167595
E00057093,107,32,8,24,75,72,3,29.906542056074763,7.476635514018691,22.429906542056074,70.09345794392523,67.28971962616822,2.803738317757009
E00057094,150,49,17,32,101,91,10,32.666666666666664,11.333333333333332,21.333333333333336,67.33333333333333,60.66666666666667,6.666666666666667
E00057095,104,28,10,18,76,71,5,26.923076923076923,9.615384615384617,17.307692307692307,73.07692307692307,68.26923076923077,4.807692307692308
E00057096,111,48,10,38,63,58,5,43.24324324324324,9.00900900900901,34.234234234234236,56.75675675675676,52.25225225225225,4.504504504504505
E00057097,115,28,6,22,87,80,7,24.347826086956523,5.217391304347826,19.130434782608695,75.65217391304347,69.56521739130434,6.086956521739131
E00057098,94,21,4,17,73,68,5,22.340425531914892,4.25531914893617,18.085106382978726,77.6595744680851,72.3404255319149,5.319148936170213
E00057099,125,20,4,16,105,96,9,16,3.2,12.8,84,76.8,7.199999999999999
E00057100,123,25,6,19,98,85,13,20.32520325203252,4.878048780487805,15.447154471544716,79.67479674796748,69.10569105691057,10.569105691056912
E00057101,144,35,6,29,109,93,16,24.305555555555554,4.166666666666666,20.13888888888889,75.69444444444444,64.58333333333334,11.11111111111111
E00057102,115,37,8,29,78,68,10,32.17391304347826,6.956521739130435,25.217391304347824,67.82608695652173,59.130434782608695,8.695652173913043
E00057103,130,47,10,37,83,69,14,36.15384615384615,7.6923076923076925,28.46153846153846,63.84615384615384,53.07692307692308,10.76923076923077
E00057104,132,41,8,33,91,87,4,31.060606060606062,6.0606060606060606,25,68.93939393939394,65.9090909090909,3.0303030303030303
E00057105,161,46,14,32,115,102,13,28.57142857142857,8.695652173913043,19.875776397515526,71.42857142857143,63.35403726708074,8.074534161490684
E00057106,85,27,7,20,58,48,10,31.76470588235294,8.235294117647058,23.52941176470588,68.23529411764706,56.470588235294116,11.76470588235294
E00057107,131,34,8,26,97,88,9,25.954198473282442,6.106870229007633,19.84732824427481,74.04580152671755,67.17557251908397,6.870229007633588
E00057108,108,34,10,24,74,64,10,31.48148148148148,9.25925925925926,22.22222222222222,68.51851851851852,59.25925925925925,9.25925925925926
E00057109,110,41,12,29,69,62,7,37.27272727272727,10.909090909090908,26.36363636363636,62.727272727272734,56.36363636363636,6.363636363636363
E00057110,160,49,11,38,111,105,6,30.625000000000004,6.875000000000001,23.75,69.375,65.625,3.75
E00057111,165,51,19,32,114,95,19,30.909090909090907,11.515151515151516,19.393939393939394,69.0909090909091,57.57575757575758,11.515151515151516
E00057112,152,48,14,34,104,94,10,31.57894736842105,9.210526315789473,22.36842105263158,68.42105263157895,61.8421052631579,6.578947368421052
E00057113,166,46,17,29,120,105,15,27.710843373493976,10.240963855421686,17.46987951807229,72.28915662650603,63.25301204819277,9.036144578313253
E00057114,149,36,11,25,113,97,16,24.161073825503358,7.38255033557047,16.778523489932887,75.83892617449665,65.1006711409396,10.738255033557047
E00057115,95,41,7,34,54,51,3,43.15789473684211,7.368421052631578,35.78947368421053,56.84210526315789,53.68421052631579,3.1578947368421053
E00057116,196,57,19,38,139,117,22,29.081632653061224,9.693877551020408,19.387755102040817,70.91836734693877,59.693877551020414,11.224489795918368
E00057117,129,35,11,24,94,80,14,27.131782945736433,8.527131782945736,18.6046511627907,72.86821705426357,62.01550387596899,10.852713178294573
E00057118,157,38,11,27,119,104,15,24.203821656050955,7.006369426751593,17.197452229299362,75.79617834394905,66.2420382165605,9.554140127388536
E00057119,133,38,7,31,95,86,9,28.57142857142857,5.263157894736842,23.308270676691727,71.42857142857143,64.66165413533834,6.7669172932330826
E00057120,82,17,3,14,65,61,4,20.73170731707317,3.6585365853658534,17.073170731707318,79.26829268292683,74.39024390243902,4.878048780487805
E00057121,127,28,5,23,99,86,13,22.04724409448819,3.937007874015748,18.11023622047244,77.95275590551181,67.71653543307087,10.236220472440944
E00057122,138,37,11,26,101,94,7,26.811594202898554,7.971014492753622,18.84057971014493,73.18840579710145,68.11594202898551,5.072463768115942
E00057123,136,33,7,26,103,87,16,24.264705882352942,5.147058823529411,19.11764705882353,75.73529411764706,63.970588235294116,11.76470588235294
E00057124,141,44,20,24,97,87,10,31.20567375886525,14.184397163120568,17.02127659574468,68.79432624113475,61.702127659574465,7.092198581560284
E00057125,151,61,19,42,90,82,8,40.397350993377486,12.582781456953644,27.81456953642384,59.60264900662252,54.3046357615894,5.298013245033113
E00057126,136,58,14,44,78,71,7,42.64705882352941,10.294117647058822,32.35294117647059,57.35294117647059,52.20588235294118,5.147058823529411
E00057127,95,44,13,31,51,48,3,46.31578947368421,13.684210526315791,32.631578947368425,53.68421052631579,50.526315789473685,3.1578947368421053
E00057128,120,30,10,20,90,77,13,25,8.333333333333332,16.666666666666664,75,64.16666666666667,10.833333333333334
E00057129,98,32,12,20,66,57,9,32.6530612244898,12.244897959183673,20.408163265306122,67.3469387755102,58.16326530612245,9.183673469387756
E00057130,162,51,16,35,111,107,4,31.48148148148148,9.876543209876543,21.604938271604937,68.51851851851852,66.0493827160494,2.4691358024691357
E00057131,132,60,14,46,72,62,10,45.45454545454545,10.606060606060606,34.84848484848485,54.54545454545454,46.96969696969697,7.575757575757576
E00057132,124,28,10,18,96,84,12,22.58064516129032,8.064516129032258,14.516129032258066,77.41935483870968,67.74193548387096,9.67741935483871
E00057133,117,44,18,26,73,64,9,37.60683760683761,15.384615384615385,22.22222222222222,62.39316239316239,54.700854700854705,7.6923076923076925
E00057134,159,57,17,40,102,94,8,35.84905660377358,10.69182389937107,25.157232704402517,64.15094339622641,59.11949685534591,5.031446540880504
E00057135,178,61,23,38,117,98,19,34.26966292134831,12.921348314606742,21.34831460674157,65.73033707865169,55.0561797752809,10.674157303370785
E00057136,181,42,14,28,139,125,14,23.204419889502763,7.734806629834254,15.469613259668508,76.79558011049724,69.06077348066299,7.734806629834254
E00057137,140,49,10,39,91,83,8,35,7.142857142857142,27.857142857142858,65,59.285714285714285,5.714285714285714
E00057138,238,65,23,42,173,150,23,27.310924369747898,9.663865546218489,17.647058823529413,72.68907563025209,63.02521008403361,9.663865546218489
E00057139,179,38,7,31,141,125,16,21.22905027932961,3.910614525139665,17.318435754189945,78.77094972067039,69.83240223463687,8.938547486033519
E00057140,113,48,20,28,65,62,3,42.47787610619469,17.699115044247787,24.778761061946902,57.52212389380531,54.86725663716814,2.6548672566371683
E00057141,137,38,12,26,99,89,10,27.73722627737226,8.75912408759124,18.97810218978102,72.26277372262774,64.96350364963503,7.2992700729927
E00057142,72,19,8,11,53,49,4,26.38888888888889,11.11111111111111,15.277777777777779,73.61111111111111,68.05555555555556,5.555555555555555
E00057144,176,43,11,32,133,121,12,24.431818181818183,6.25,18.181818181818183,75.56818181818183,68.75,6.8181818181818175
E00057145,154,43,9,34,111,94,17,27.92207792207792,5.844155844155844,22.07792207792208,72.07792207792207,61.038961038961034,11.03896103896104
E00057146,48,20,5,15,28,27,1,41.66666666666667,10.416666666666668,31.25,58.333333333333336,56.25,2.083333333333333
E00057147,101,32,12,20,69,62,7,31.683168316831683,11.881188118811881,19.801980198019802,68.31683168316832,61.386138613861384,6.9306930693069315
E00057148,109,24,8,16,85,81,4,22.018348623853214,7.339449541284404,14.678899082568808,77.98165137614679,74.31192660550458,3.669724770642202
E00057149,102,37,11,26,65,63,2,36.27450980392157,10.784313725490197,25.49019607843137,63.725490196078425,61.76470588235294,1.9607843137254901
E00057150,110,36,18,18,74,69,5,32.72727272727273,16.363636363636363,16.363636363636363,67.27272727272727,62.727272727272734,4.545454545454546
E00057151,149,53,13,40,96,91,5,35.57046979865772,8.724832214765101,26.845637583892618,64.42953020134227,61.07382550335571,3.3557046979865772
E00057152,133,34,10,24,99,89,10,25.563909774436087,7.518796992481203,18.045112781954884,74.43609022556392,66.9172932330827,7.518796992481203
E00057153,111,21,11,10,90,81,9,18.91891891891892,9.90990990990991,9.00900900900901,81.08108108108108,72.97297297297297,8.108108108108109
E00057154,119,45,12,33,74,66,8,37.81512605042017,10.084033613445378,27.73109243697479,62.18487394957983,55.46218487394958,6.722689075630252
E00057155,103,30,7,23,73,69,4,29.126213592233007,6.796116504854369,22.330097087378643,70.87378640776699,66.99029126213593,3.8834951456310676
E00057156,123,41,4,37,82,77,5,33.33333333333333,3.2520325203252036,30.081300813008134,66.66666666666666,62.601626016260155,4.0650406504065035
E00057157,108,37,6,31,71,68,3,34.25925925925926,5.555555555555555,28.703703703703702,65.74074074074075,62.96296296296296,2.7777777777777777
E00057158,123,33,5,28,90,82,8,26.82926829268293,4.0650406504065035,22.76422764227642,73.17073170731707,66.66666666666666,6.504065040650407
E00057159,118,42,16,26,76,68,8,35.59322033898305,13.559322033898304,22.033898305084744,64.40677966101694,57.6271186440678,6.779661016949152
E00057160,152,49,11,38,103,92,11,32.23684210526316,7.236842105263158,25,67.76315789473685,60.526315789473685,7.236842105263158
E00057161,104,48,13,35,56,51,5,46.15384615384615,12.5,33.65384615384615,53.84615384615385,49.03846153846153,4.807692307692308
E00057162,140,55,16,39,85,76,9,39.285714285714285,11.428571428571429,27.857142857142858,60.71428571428571,54.285714285714285,6.428571428571428
E00057163,108,39,6,33,69,64,5,36.11111111111111,5.555555555555555,30.555555555555557,63.888888888888886,59.25925925925925,4.62962962962963
E00057164,79,30,5,25,49,43,6,37.9746835443038,6.329113924050633,31.645569620253166,62.0253164556962,54.43037974683544,7.59493670886076
E00057165,133,55,16,39,78,67,11,41.35338345864661,12.030075187969924,29.32330827067669,58.64661654135338,50.37593984962406,8.270676691729323
E00057167,95,38,13,25,57,57,0,40,13.684210526315791,26.31578947368421,60,60,0
E00057169,95,38,13,25,57,54,3,40,13.684210526315791,26.31578947368421,60,56.84210526315789,3.1578947368421053
E00057170,177,51,13,38,126,108,18,28.8135593220339,7.344632768361582,21.468926553672315,71.1864406779661,61.016949152542374,10.16949152542373
E00057171,135,52,18,34,83,73,10,38.51851851851852,13.333333333333334,25.185185185185183,61.48148148148148,54.074074074074076,7.4074074074074066
E00057172,167,41,7,34,126,108,18,24.550898203592812,4.191616766467066,20.359281437125748,75.44910179640718,64.67065868263472,10.778443113772456
E00057173,115,40,12,28,75,68,7,34.78260869565217,10.434782608695652,24.347826086956523,65.21739130434783,59.130434782608695,6.086956521739131
E00057175,133,55,17,38,78,76,2,41.35338345864661,12.781954887218044,28.57142857142857,58.64661654135338,57.14285714285714,1.5037593984962405
E00057176,124,33,13,20,91,85,6,26.61290322580645,10.483870967741936,16.129032258064516,73.38709677419355,68.54838709677419,4.838709677419355
E00057177,130,46,12,34,84,73,11,35.38461538461539,9.230769230769232,26.153846153846157,64.61538461538461,56.15384615384615,8.461538461538462
E00057178,143,46,13,33,97,89,8,32.16783216783217,9.090909090909092,23.076923076923077,67.83216783216784,62.23776223776224,5.594405594405594
E00057180,202,72,27,45,130,116,14,35.64356435643564,13.366336633663368,22.277227722772277,64.35643564356435,57.42574257425742,6.9306930693069315
E00057181,33,12,3,9,21,21,0,36.36363636363637,9.090909090909092,27.27272727272727,63.63636363636363,63.63636363636363,0
E00057182,80,22,4,18,58,48,10,27.500000000000004,5,22.5,72.5,60,12.5
E00057183,90,29,10,19,61,56,5,32.22222222222222,11.11111111111111,21.11111111111111,67.77777777777779,62.22222222222222,5.555555555555555
E00057184,109,25,7,18,84,76,8,22.93577981651376,6.422018348623854,16.51376146788991,77.06422018348624,69.72477064220183,7.339449541284404
E00057185,101,29,7,22,72,68,4,28.71287128712871,6.9306930693069315,21.782178217821784,71.28712871287128,67.32673267326733,3.9603960396039604
E00057186,88,36,10,26,52,47,5,40.909090909090914,11.363636363636363,29.545454545454547,59.09090909090909,53.40909090909091,5.681818181818182
E00057187,174,39,9,30,135,118,17,22.413793103448278,5.172413793103448,17.24137931034483,77.58620689655173,67.81609195402298,9.770114942528735
E00057188,90,35,11,24,55,49,6,38.88888888888889,12.222222222222221,26.666666666666668,61.111111111111114,54.44444444444444,6.666666666666667
E00057189,140,45,14,31,95,81,14,32.142857142857146,10,22.142857142857142,67.85714285714286,57.85714285714286,10
E00057190,100,36,12,24,64,60,4,36,12,24,64,60,4
E00057191,153,32,11,21,121,107,14,20.915032679738562,7.18954248366013,13.725490196078432,79.08496732026144,69.93464052287581,9.15032679738562
E00057192,150,30,10,20,120,109,11,20,6.666666666666667,13.333333333333334,80,72.66666666666667,7.333333333333333
E00057193,153,43,20,23,110,82,28,28.104575163398692,13.071895424836603,15.032679738562091,71.89542483660131,53.59477124183007,18.30065359477124
E00057194,130,39,9,30,91,91,0,30,6.923076923076923,23.076923076923077,70,70,0
E00057195,160,36,11,25,124,106,18,22.5,6.875000000000001,15.625,77.5,66.25,11.25
E00057196,135,40,13,27,95,88,7,29.629629629629626,9.62962962962963,20,70.37037037037037,65.18518518518519,5.185185185185185
E00057197,146,43,11,32,103,82,21,29.45205479452055,7.534246575342466,21.91780821917808,70.54794520547945,56.16438356164384,14.383561643835616
E00057198,223,47,17,30,176,154,22,21.076233183856502,7.623318385650224,13.452914798206278,78.9237668161435,69.05829596412556,9.865470852017937
E00057199,133,50,9,41,83,73,10,37.59398496240601,6.7669172932330826,30.82706766917293,62.40601503759399,54.88721804511278,7.518796992481203
E00057200,170,72,21,51,98,92,6,42.35294117647059,12.352941176470589,30,57.647058823529406,54.11764705882353,3.5294117647058822
E00057202,156,70,25,45,86,79,7,44.871794871794876,16.025641025641026,28.846153846153843,55.12820512820513,50.641025641025635,4.487179487179487
E00057204,154,59,21,38,95,88,7,38.311688311688314,13.636363636363635,24.675324675324674,61.68831168831169,57.14285714285714,4.545454545454546
E00057205,170,43,15,28,127,109,18,25.294117647058822,8.823529411764707,16.470588235294116,74.70588235294117,64.11764705882354,10.588235294117647
E00057206,103,37,18,19,66,59,7,35.92233009708738,17.475728155339805,18.446601941747574,64.07766990291263,57.28155339805825,6.796116504854369
E00057207,209,40,8,32,169,152,17,19.138755980861244,3.827751196172249,15.311004784688995,80.86124401913875,72.72727272727273,8.133971291866029
E00057208,242,62,19,43,180,154,26,25.6198347107438,7.851239669421488,17.768595041322314,74.3801652892562,63.63636363636363,10.743801652892563
E00057209,161,43,14,29,118,102,16,26.70807453416149,8.695652173913043,18.012422360248447,73.29192546583852,63.35403726708074,9.937888198757763
E00057210,240,57,12,45,183,157,26,23.75,5,18.75,76.25,65.41666666666667,10.833333333333334
E00057211,136,53,11,42,83,71,12,38.970588235294116,8.088235294117647,30.88235294117647,61.029411764705884,52.20588235294118,8.823529411764707
E00057212,125,42,18,24,83,73,10,33.6,14.399999999999999,19.2,66.4,58.4,8
E00057213,214,71,15,56,143,128,15,33.177570093457945,7.009345794392523,26.168224299065418,66.82242990654206,59.813084112149525,7.009345794392523
E00057214,143,41,10,31,102,92,10,28.671328671328673,6.993006993006993,21.678321678321677,71.32867132867133,64.33566433566433,6.993006993006993
E00057215,183,64,21,43,119,109,10,34.97267759562842,11.475409836065573,23.497267759562842,65.02732240437157,59.56284153005464,5.46448087431694
E00057216,189,66,15,51,123,107,16,34.92063492063492,7.936507936507936,26.984126984126984,65.07936507936508,56.613756613756614,8.465608465608465
E00057217,198,72,16,56,126,118,8,36.36363636363637,8.080808080808081,28.28282828282828,63.63636363636363,59.59595959595959,4.040404040404041
E00057218,132,61,30,31,71,68,3,46.21212121212121,22.727272727272727,23.484848484848484,53.78787878787878,51.515151515151516,2.272727272727273
E00057220,192,78,28,50,114,105,9,40.625,14.583333333333334,26.041666666666668,59.375,54.6875,4.6875
E00057221,178,53,18,35,125,112,13,29.775280898876407,10.112359550561797,19.662921348314608,70.2247191011236,62.92134831460674,7.303370786516854
E00057222,206,108,35,73,98,88,10,52.42718446601942,16.990291262135923,35.43689320388349,47.57281553398058,42.71844660194174,4.854368932038835
E00057223,176,76,27,49,100,92,8,43.18181818181818,15.340909090909092,27.84090909090909,56.81818181818182,52.27272727272727,4.545454545454546
E00057225,233,103,33,70,130,121,9,44.20600858369099,14.163090128755366,30.042918454935624,55.793991416309005,51.931330472103,3.862660944206009
E00057226,133,52,11,41,81,72,9,39.097744360902254,8.270676691729323,30.82706766917293,60.902255639097746,54.13533834586466,6.7669172932330826
E00057227,240,33,9,24,207,174,33,13.750000000000002,3.75,10,86.25,72.5,13.750000000000002
E00057228,217,41,13,28,176,136,40,18.89400921658986,5.990783410138248,12.903225806451612,81.10599078341014,62.67281105990783,18.433179723502306
E00057229,142,36,6,30,106,83,23,25.352112676056336,4.225352112676056,21.12676056338028,74.64788732394366,58.45070422535211,16.19718309859155
E00057230,173,36,13,23,137,116,21,20.809248554913296,7.514450867052023,13.294797687861271,79.1907514450867,67.05202312138728,12.138728323699421
E00057231,172,41,18,23,131,111,20,23.837209302325583,10.465116279069768,13.372093023255813,76.16279069767442,64.53488372093024,11.627906976744185
E00057232,324,45,18,27,279,247,32,13.88888888888889,5.555555555555555,8.333333333333332,86.11111111111111,76.23456790123457,9.876543209876543
E00057233,134,35,6,29,99,84,15,26.119402985074625,4.477611940298507,21.641791044776117,73.88059701492537,62.68656716417911,11.194029850746269
E00057234,166,31,5,26,135,116,19,18.67469879518072,3.0120481927710845,15.66265060240964,81.32530120481928,69.87951807228916,11.44578313253012
E00057235,197,43,21,22,154,132,22,21.82741116751269,10.65989847715736,11.16751269035533,78.1725888324873,67.00507614213198,11.16751269035533
E00057236,185,41,12,29,144,123,21,22.162162162162165,6.486486486486487,15.675675675675677,77.83783783783784,66.48648648648648,11.351351351351353
E00057238,209,40,15,25,169,151,18,19.138755980861244,7.177033492822966,11.961722488038278,80.86124401913875,72.24880382775119,8.61244019138756
E00057239,170,42,13,29,128,110,18,24.705882352941178,7.647058823529412,17.058823529411764,75.29411764705883,64.70588235294117,10.588235294117647
E00057240,107,23,9,14,84,74,10,21.49532710280374,8.411214953271028,13.084112149532709,78.50467289719626,69.1588785046729,9.345794392523365
E00057241,140,57,18,39,83,78,5,40.714285714285715,12.857142857142856,27.857142857142858,59.285714285714285,55.714285714285715,3.571428571428571
E00057242,153,49,16,33,104,97,7,32.02614379084967,10.457516339869281,21.568627450980394,67.97385620915033,63.39869281045751,4.57516339869281
E00057244,301,54,16,38,247,212,35,17.940199335548172,5.3156146179401995,12.624584717607974,82.05980066445183,70.43189368770764,11.627906976744185
E00057245,176,45,7,38,131,119,12,25.568181818181817,3.977272727272727,21.59090909090909,74.43181818181817,67.61363636363636,6.8181818181818175
E00057246,43,12,6,6,31,31,0,27.906976744186046,13.953488372093023,13.953488372093023,72.09302325581395,72.09302325581395,0
E00057247,180,30,10,20,150,132,18,16.666666666666664,5.555555555555555,11.11111111111111,83.33333333333334,73.33333333333333,10
E00057248,140,47,11,36,93,88,5,33.57142857142857,7.857142857142857,25.71428571428571,66.42857142857143,62.857142857142854,3.571428571428571
E00057249,173,53,14,39,120,108,12,30.63583815028902,8.092485549132949,22.54335260115607,69.36416184971098,62.42774566473989,6.9364161849710975
E00057250,90,31,5,26,59,48,11,34.44444444444444,5.555555555555555,28.888888888888886,65.55555555555556,53.333333333333336,12.222222222222221
E00057251,184,40,12,28,144,126,18,21.73913043478261,6.521739130434782,15.217391304347828,78.26086956521739,68.47826086956522,9.782608695652174
E00057252,204,45,15,30,159,147,12,22.058823529411764,7.352941176470589,14.705882352941178,77.94117647058823,72.05882352941177,5.88235294117647
E00057253,163,48,15,33,115,101,14,29.447852760736197,9.202453987730062,20.245398773006134,70.5521472392638,61.963190184049076,8.588957055214724
E00057254,168,58,13,45,110,100,10,34.523809523809526,7.738095238095238,26.785714285714285,65.47619047619048,59.523809523809526,5.952380952380952
E00057255,178,55,12,43,123,112,11,30.89887640449438,6.741573033707865,24.15730337078652,69.10112359550563,62.92134831460674,6.179775280898876
E00057256,100,43,13,30,57,48,9,43,13,30,56.99999999999999,48,9
E00057257,78,36,12,24,42,42,0,46.15384615384615,15.384615384615385,30.76923076923077,53.84615384615385,53.84615384615385,0
E00057258,134,27,5,22,107,98,9,20.149253731343283,3.731343283582089,16.417910447761194,79.8507462686567,73.13432835820896,6.7164179104477615
E00057259,82,42,16,26,40,34,6,51.21951219512195,19.51219512195122,31.70731707317073,48.78048780487805,41.46341463414634,7.317073170731707
E00057261,98,42,16,26,56,56,0,42.857142857142854,16.3265306122449,26.53061224489796,57.14285714285714,57.14285714285714,0
E00057262,147,37,11,26,110,96,14,25.170068027210885,7.482993197278912,17.687074829931973,74.82993197278913,65.3061224489796,9.523809523809524
E00057264,127,63,17,46,64,62,2,49.60629921259843,13.385826771653544,36.22047244094488,50.39370078740157,48.818897637795274,1.574803149606299
E00057265,178,51,12,39,127,114,13,28.651685393258425,6.741573033707865,21.910112359550563,71.34831460674157,64.04494382022472,7.303370786516854
E00057266,154,65,25,40,89,79,10,42.2077922077922,16.233766233766232,25.97402597402597,57.7922077922078,51.298701298701296,6.493506493506493
E00057267,133,40,15,25,93,86,7,30.075187969924812,11.278195488721805,18.796992481203006,69.92481203007519,64.66165413533834,5.263157894736842
E00057268,89,29,5,24,60,52,8,32.58426966292135,5.617977528089887,26.96629213483146,67.41573033707866,58.42696629213483,8.98876404494382
E00057269,146,51,16,35,95,88,7,34.93150684931507,10.95890410958904,23.972602739726025,65.06849315068493,60.273972602739725,4.794520547945205
E00057270,180,76,22,54,104,95,9,42.22222222222222,12.222222222222221,30,57.77777777777777,52.77777777777778,5
E00057271,99,40,12,28,59,51,8,40.4040404040404,12.121212121212121,28.28282828282828,59.59595959595959,51.515151515151516,8.080808080808081
E00057272,126,42,8,34,84,80,4,33.33333333333333,6.349206349206349,26.984126984126984,66.66666666666666,63.49206349206349,3.1746031746031744
E00057273,154,61,22,39,93,81,12,39.61038961038961,14.285714285714285,25.324675324675322,60.3896103896104,52.5974025974026,7.792207792207792
E00057274,121,34,12,22,87,78,9,28.09917355371901,9.917355371900827,18.181818181818183,71.900826446281,64.46280991735537,7.43801652892562
E00057275,96,39,10,29,57,48,9,40.625,10.416666666666668,30.208333333333332,59.375,50,9.375
E00057276,142,55,18,37,87,79,8,38.732394366197184,12.676056338028168,26.056338028169012,61.267605633802816,55.633802816901415,5.633802816901409
E00057277,80,31,6,25,49,43,6,38.75,7.5,31.25,61.25000000000001,53.75,7.5
E00057278,114,31,6,25,83,75,8,27.192982456140353,5.263157894736842,21.929824561403507,72.80701754385966,65.78947368421053,7.017543859649122
E00057280,102,25,8,17,77,63,14,24.509803921568626,7.8431372549019605,16.666666666666664,75.49019607843137,61.76470588235294,13.725490196078432
E00057281,121,49,17,32,72,64,8,40.49586776859504,14.049586776859504,26.446280991735538,59.50413223140496,52.892561983471076,6.6115702479338845
E00057282,117,36,14,22,81,71,10,30.76923076923077,11.965811965811966,18.803418803418804,69.23076923076923,60.68376068376068,8.547008547008547
E00057283,115,40,14,26,75,73,2,34.78260869565217,12.173913043478262,22.608695652173914,65.21739130434783,63.47826086956522,1.7391304347826086
E00057284,122,37,11,26,85,76,9,30.327868852459016,9.01639344262295,21.311475409836063,69.67213114754098,62.295081967213115,7.377049180327869
E00057285,163,67,32,35,96,86,10,41.104294478527606,19.631901840490798,21.472392638036812,58.895705521472394,52.760736196319016,6.134969325153374
E00057286,132,37,10,27,95,83,12,28.030303030303028,7.575757575757576,20.454545454545457,71.96969696969697,62.878787878787875,9.090909090909092
E00057287,154,44,17,27,110,104,6,28.57142857142857,11.03896103896104,17.532467532467532,71.42857142857143,67.53246753246754,3.896103896103896
E00057288,115,33,7,26,82,77,5,28.695652173913043,6.086956521739131,22.608695652173914,71.30434782608695,66.95652173913044,4.3478260869565215
E00057289,143,46,10,36,97,85,12,32.16783216783217,6.993006993006993,25.174825174825177,67.83216783216784,59.44055944055944,8.391608391608392
E00057290,134,55,20,35,79,70,9,41.04477611940299,14.925373134328357,26.119402985074625,58.95522388059702,52.23880597014925,6.7164179104477615
E00057291,123,63,11,52,60,55,5,51.21951219512195,8.94308943089431,42.27642276422765,48.78048780487805,44.71544715447154,4.0650406504065035
E00057292,168,77,27,50,91,83,8,45.83333333333333,16.071428571428573,29.761904761904763,54.166666666666664,49.404761904761905,4.761904761904762
E00057293,112,44,12,32,68,54,14,39.285714285714285,10.714285714285714,28.57142857142857,60.71428571428571,48.214285714285715,12.5
E00057294,109,42,14,28,67,59,8,38.53211009174312,12.844036697247708,25.688073394495415,61.46788990825688,54.12844036697248,7.339449541284404
E00057295,110,17,9,8,93,86,7,15.454545454545453,8.181818181818182,7.2727272727272725,84.54545454545455,78.18181818181819,6.363636363636363
E00057296,109,29,4,25,80,71,9,26.605504587155966,3.669724770642202,22.93577981651376,73.39449541284404,65.13761467889908,8.256880733944955
E00057297,84,40,13,27,44,38,6,47.61904761904761,15.476190476190476,32.142857142857146,52.38095238095239,45.23809523809524,7.142857142857142
E00057298,131,40,8,32,91,83,8,30.53435114503817,6.106870229007633,24.427480916030532,69.46564885496184,63.358778625954194,6.106870229007633
E00057300,138,53,20,33,85,79,6,38.405797101449274,14.492753623188406,23.91304347826087,61.59420289855072,57.2463768115942,4.3478260869565215
E00057303,297,46,15,31,251,227,24,15.488215488215488,5.05050505050505,10.437710437710438,84.51178451178451,76.43097643097643,8.080808080808081
E00057304,113,28,7,21,85,85,0,24.778761061946902,6.1946902654867255,18.58407079646018,75.22123893805309,75.22123893805309,0
E00057305,81,27,9,18,54,53,1,33.33333333333333,11.11111111111111,22.22222222222222,66.66666666666666,65.4320987654321,1.2345679012345678
E00057307,87,28,6,22,59,55,4,32.18390804597701,6.896551724137931,25.287356321839084,67.81609195402298,63.2183908045977,4.597701149425287
E00057309,103,40,15,25,63,59,4,38.83495145631068,14.563106796116504,24.271844660194176,61.165048543689316,57.28155339805825,3.8834951456310676
E00057310,131,61,22,39,70,65,5,46.56488549618321,16.793893129770993,29.770992366412212,53.43511450381679,49.61832061068702,3.816793893129771
E00057311,30,7,4,3,23,20,3,23.333333333333332,13.333333333333334,10,76.66666666666667,66.66666666666666,10
E00057312,63,20,7,13,43,39,4,31.746031746031743,11.11111111111111,20.634920634920633,68.25396825396825,61.904761904761905,6.349206349206349
E00057313,132,45,12,33,87,79,8,34.090909090909086,9.090909090909092,25,65.9090909090909,59.84848484848485,6.0606060606060606
E00057315,93,24,6,18,69,62,7,25.806451612903224,6.451612903225806,19.35483870967742,74.19354838709677,66.66666666666666,7.526881720430108
E00057316,141,28,5,23,113,100,13,19.858156028368796,3.546099290780142,16.312056737588655,80.1418439716312,70.92198581560284,9.219858156028367
E00057322,122,43,15,28,79,73,6,35.24590163934426,12.295081967213115,22.950819672131146,64.75409836065575,59.83606557377049,4.918032786885246
E00057323,180,59,15,44,121,105,16,32.77777777777778,8.333333333333332,24.444444444444443,67.22222222222223,58.333333333333336,8.88888888888889
E00057325,57,18,3,15,39,37,2,31.57894736842105,5.263157894736842,26.31578947368421,68.42105263157895,64.91228070175438,3.508771929824561
E00057326,138,42,18,24,96,89,7,30.434782608695656,13.043478260869565,17.391304347826086,69.56521739130434,64.4927536231884,5.072463768115942
E00057327,82,32,10,22,50,44,6,39.02439024390244,12.195121951219512,26.82926829268293,60.97560975609756,53.65853658536586,7.317073170731707
E00057328,139,37,15,22,102,93,9,26.618705035971225,10.79136690647482,15.827338129496402,73.38129496402878,66.90647482014388,6.474820143884892
E00057329,122,33,11,22,89,79,10,27.049180327868854,9.01639344262295,18.0327868852459,72.95081967213115,64.75409836065575,8.19672131147541
E00057330,123,41,12,29,82,75,7,33.33333333333333,9.75609756097561,23.577235772357724,66.66666666666666,60.97560975609756,5.691056910569105
E00057331,98,32,3,29,66,60,6,32.6530612244898,3.061224489795918,29.591836734693878,67.3469387755102,61.224489795918366,6.122448979591836
E00057332,129,50,15,35,79,68,11,38.759689922480625,11.627906976744185,27.131782945736433,61.240310077519375,52.71317829457365,8.527131782945736
E00057333,154,44,12,32,110,99,11,28.57142857142857,7.792207792207792,20.77922077922078,71.42857142857143,64.28571428571429,7.142857142857142
E00057334,156,44,14,30,112,89,23,28.205128205128204,8.974358974358974,19.230769230769234,71.7948717948718,57.05128205128205,14.743589743589745
E00057335,142,54,18,36,88,73,15,38.028169014084504,12.676056338028168,25.352112676056336,61.97183098591549,51.40845070422535,10.56338028169014
E00057336,154,44,15,29,110,100,10,28.57142857142857,9.740259740259742,18.83116883116883,71.42857142857143,64.93506493506493,6.493506493506493
E00057337,155,44,9,35,111,97,14,28.387096774193548,5.806451612903226,22.58064516129032,71.61290322580646,62.58064516129033,9.032258064516128
E00057338,108,36,10,26,72,67,5,33.33333333333333,9.25925925925926,24.074074074074073,66.66666666666666,62.03703703703704,4.62962962962963
E00057339,147,41,11,30,106,90,16,27.89115646258503,7.482993197278912,20.408163265306122,72.10884353741497,61.224489795918366,10.884353741496598
E00057340,142,55,15,40,87,76,11,38.732394366197184,10.56338028169014,28.169014084507044,61.267605633802816,53.52112676056338,7.746478873239436
E00057341,134,35,12,23,99,88,11,26.119402985074625,8.955223880597014,17.16417910447761,73.88059701492537,65.67164179104478,8.208955223880597
E00057342,154,42,14,28,112,96,16,27.27272727272727,9.090909090909092,18.181818181818183,72.72727272727273,62.33766233766234,10.38961038961039
E00057343,191,58,17,41,133,121,12,30.36649214659686,8.900523560209423,21.465968586387437,69.63350785340315,63.35078534031413,6.282722513089005
E00057344,123,41,7,34,82,71,11,33.33333333333333,5.691056910569105,27.64227642276423,66.66666666666666,57.72357723577236,8.94308943089431
E00057345,105,40,9,31,65,61,4,38.095238095238095,8.571428571428571,29.523809523809526,61.904761904761905,58.0952380952381,3.8095238095238098
E00057346,144,39,10,29,105,96,9,27.083333333333332,6.944444444444445,20.13888888888889,72.91666666666666,66.66666666666666,6.25
E00057347,114,40,10,30,74,70,4,35.08771929824561,8.771929824561402,26.31578947368421,64.91228070175438,61.40350877192983,3.508771929824561
E00057348,144,30,6,24,114,108,6,20.833333333333336,4.166666666666666,16.666666666666664,79.16666666666666,75,4.166666666666666
E00057349,138,47,10,37,91,71,20,34.05797101449276,7.246376811594203,26.811594202898554,65.94202898550725,51.449275362318836,14.492753623188406
E00057350,109,29,9,20,80,63,17,26.605504587155966,8.256880733944955,18.34862385321101,73.39449541284404,57.798165137614674,15.59633027522936
E00057351,81,23,8,15,58,52,6,28.39506172839506,9.876543209876543,18.51851851851852,71.60493827160494,64.19753086419753,7.4074074074074066
E00057352,224,56,30,26,168,136,32,25,13.392857142857142,11.607142857142858,75,60.71428571428571,14.285714285714285
E00057353,229,48,9,39,181,150,31,20.96069868995633,3.9301310043668125,17.03056768558952,79.03930131004367,65.50218340611353,13.537117903930133
E00057354,156,57,23,34,99,90,9,36.53846153846153,14.743589743589745,21.794871794871796,63.46153846153846,57.692307692307686,5.769230769230769
E00057355,233,40,12,28,193,171,22,17.167381974248926,5.150214592274678,12.017167381974248,82.83261802575107,73.39055793991416,9.44206008583691
E00057356,82,29,7,22,53,50,3,35.36585365853659,8.536585365853659,26.82926829268293,64.63414634146342,60.97560975609756,3.6585365853658534
E00057357,105,29,11,18,76,70,6,27.61904761904762,10.476190476190476,17.142857142857142,72.38095238095238,66.66666666666666,5.714285714285714
E00057358,85,25,9,16,60,54,6,29.411764705882355,10.588235294117647,18.823529411764707,70.58823529411765,63.52941176470588,7.0588235294117645
E00057359,117,40,14,26,77,64,13,34.18803418803419,11.965811965811966,22.22222222222222,65.8119658119658,54.700854700854705,11.11111111111111
E00057360,151,41,12,29,110,79,31,27.1523178807947,7.9470198675496695,19.205298013245034,72.84768211920529,52.317880794701985,20.52980132450331
E00057361,154,46,20,26,108,96,12,29.87012987012987,12.987012987012985,16.883116883116884,70.12987012987013,62.33766233766234,7.792207792207792
E00057362,109,28,9,19,81,73,8,25.688073394495415,8.256880733944955,17.431192660550458,74.31192660550458,66.97247706422019,7.339449541284404
E00057363,70,28,11,17,42,37,5,40,15.714285714285714,24.285714285714285,60,52.85714285714286,7.142857142857142
E00057364,75,22,7,15,53,48,5,29.333333333333332,9.333333333333334,20,70.66666666666667,64,6.666666666666667
E00057365,84,24,14,10,60,49,11,28.57142857142857,16.666666666666664,11.904761904761903,71.42857142857143,58.333333333333336,13.095238095238097
E00057366,80,22,6,16,58,53,5,27.500000000000004,7.5,20,72.5,66.25,6.25
E00057367,149,34,9,25,115,102,13,22.818791946308725,6.0402684563758395,16.778523489932887,77.18120805369128,68.45637583892618,8.724832214765101
E00057368,93,29,9,20,64,55,9,31.182795698924732,9.67741935483871,21.50537634408602,68.81720430107528,59.13978494623656,9.67741935483871
E00057369,55,22,8,14,33,28,5,40,14.545454545454545,25.454545454545453,60,50.90909090909091,9.090909090909092
E00057370,133,38,11,27,95,84,11,28.57142857142857,8.270676691729323,20.30075187969925,71.42857142857143,63.1578947368421,8.270676691729323
E00057371,110,37,14,23,73,63,10,33.63636363636363,12.727272727272727,20.909090909090907,66.36363636363637,57.27272727272727,9.090909090909092
E00057372,128,41,12,29,87,70,17,32.03125,9.375,22.65625,67.96875,54.6875,13.28125
E00057374,134,44,16,28,90,74,16,32.83582089552239,11.940298507462686,20.8955223880597,67.16417910447761,55.223880597014926,11.940298507462686
E00057375,155,45,15,30,110,89,21,29.03225806451613,9.67741935483871,19.35483870967742,70.96774193548387,57.41935483870968,13.548387096774196
E00057376,131,38,14,24,93,75,18,29.00763358778626,10.687022900763358,18.3206106870229,70.99236641221374,57.25190839694656,13.740458015267176
E00057377,142,48,13,35,94,85,9,33.80281690140845,9.15492957746479,24.647887323943664,66.19718309859155,59.859154929577464,6.338028169014084
E00057378,138,39,11,28,99,76,23,28.26086956521739,7.971014492753622,20.28985507246377,71.73913043478261,55.072463768115945,16.666666666666664
E00057379,173,46,9,37,127,109,18,26.589595375722542,5.202312138728324,21.38728323699422,73.41040462427746,63.005780346820806,10.404624277456648
E00057380,165,41,15,26,124,104,20,24.848484848484848,9.090909090909092,15.757575757575756,75.15151515151514,63.030303030303024,12.121212121212121
E00057382,237,52,19,33,185,158,27,21.940928270042196,8.016877637130802,13.924050632911392,78.05907172995781,66.66666666666666,11.39240506329114
E00057383,121,34,6,28,87,76,11,28.09917355371901,4.958677685950414,23.140495867768596,71.900826446281,62.8099173553719,9.090909090909092
E00057384,133,37,8,29,96,82,14,27.819548872180448,6.015037593984962,21.804511278195488,72.18045112781954,61.65413533834586,10.526315789473683
E00057385,88,37,14,23,51,46,5,42.04545454545455,15.909090909090908,26.136363636363637,57.95454545454546,52.27272727272727,5.681818181818182
E00057386,138,42,8,34,96,83,13,30.434782608695656,5.797101449275362,24.637681159420293,69.56521739130434,60.14492753623188,9.420289855072465
E00057387,148,42,11,31,106,94,12,28.37837837837838,7.4324324324324325,20.945945945945947,71.62162162162163,63.51351351351351,8.108108108108109
E00057388,137,32,6,26,105,95,10,23.357664233576642,4.37956204379562,18.97810218978102,76.64233576642336,69.34306569343066,7.2992700729927
E00057389,127,38,14,24,89,78,11,29.92125984251969,11.023622047244094,18.89763779527559,70.07874015748031,61.417322834645674,8.661417322834646
E00057390,150,31,14,17,119,102,17,20.666666666666668,9.333333333333334,11.333333333333332,79.33333333333333,68,11.333333333333332
E00057391,127,39,12,27,88,74,14,30.708661417322837,9.448818897637794,21.25984251968504,69.29133858267717,58.26771653543307,11.023622047244094
E00057392,156,56,11,45,100,85,15,35.8974358974359,7.051282051282051,28.846153846153843,64.1025641025641,54.48717948717948,9.615384615384617
E00057393,131,36,14,22,95,80,15,27.480916030534353,10.687022900763358,16.793893129770993,72.51908396946564,61.06870229007634,11.450381679389313
E00057394,128,32,12,20,96,81,15,25,9.375,15.625,75,63.28125,11.71875
E00057395,104,30,14,16,74,63,11,28.846153846153843,13.461538461538462,15.384615384615385,71.15384615384616,60.57692307692307,10.576923076923077
E00057396,139,43,17,26,96,84,12,30.935251798561154,12.23021582733813,18.705035971223023,69.06474820143885,60.431654676258994,8.633093525179856
E00057397,168,40,10,30,128,117,11,23.809523809523807,5.952380952380952,17.857142857142858,76.19047619047619,69.64285714285714,6.547619047619048
E00057398,152,43,13,30,109,87,22,28.289473684210524,8.552631578947368,19.736842105263158,71.71052631578947,57.23684210526315,14.473684210526317
E00057399,182,47,22,25,135,110,25,25.82417582417583,12.087912087912088,13.736263736263737,74.17582417582418,60.43956043956044,13.736263736263737
E00057400,217,59,21,38,158,120,38,27.188940092165897,9.67741935483871,17.51152073732719,72.81105990783409,55.29953917050692,17.51152073732719
E00057401,147,47,26,21,100,77,23,31.97278911564626,17.687074829931973,14.285714285714285,68.02721088435374,52.38095238095239,15.646258503401361
E00057402,105,29,9,20,76,71,5,27.61904761904762,8.571428571428571,19.047619047619047,72.38095238095238,67.61904761904762,4.761904761904762
E00057403,276,65,19,46,211,188,23,23.55072463768116,6.884057971014493,16.666666666666664,76.44927536231883,68.11594202898551,8.333333333333332
E00057404,65,20,8,12,45,41,4,30.76923076923077,12.307692307692308,18.461538461538463,69.23076923076923,63.07692307692307,6.153846153846154
E00057405,164,52,14,38,112,96,16,31.70731707317073,8.536585365853659,23.170731707317074,68.29268292682927,58.536585365853654,9.75609756097561
E00057406,193,61,29,32,132,96,36,31.606217616580313,15.025906735751295,16.580310880829018,68.39378238341969,49.740932642487046,18.65284974093264
E00057407,117,45,11,34,72,62,10,38.46153846153847,9.401709401709402,29.059829059829063,61.53846153846154,52.991452991452995,8.547008547008547
E00057408,171,46,19,27,125,115,10,26.900584795321635,11.11111111111111,15.789473684210526,73.09941520467837,67.2514619883041,5.847953216374268
E00057409,164,39,11,28,125,104,21,23.78048780487805,6.707317073170732,17.073170731707318,76.21951219512195,63.41463414634146,12.804878048780488
E00057410,133,36,5,31,97,80,17,27.06766917293233,3.7593984962406015,23.308270676691727,72.93233082706767,60.150375939849624,12.781954887218044
E00057411,248,65,22,43,183,162,21,26.209677419354836,8.870967741935484,17.338709677419356,73.79032258064517,65.32258064516128,8.46774193548387
E00057412,173,51,17,34,122,102,20,29.47976878612717,9.826589595375722,19.653179190751445,70.52023121387283,58.95953757225434,11.560693641618498
E00057413,174,44,12,32,130,117,13,25.287356321839084,6.896551724137931,18.39080459770115,74.71264367816092,67.24137931034483,7.471264367816093
E00057414,181,37,8,29,144,130,14,20.441988950276244,4.41988950276243,16.022099447513813,79.55801104972376,71.8232044198895,7.734806629834254
E00057415,57,27,5,22,30,27,3,47.368421052631575,8.771929824561402,38.59649122807017,52.63157894736842,47.368421052631575,5.263157894736842
E00057416,168,34,9,25,134,117,17,20.238095238095237,5.357142857142857,14.880952380952381,79.76190476190477,69.64285714285714,10.119047619047619
E00057417,166,39,12,27,127,106,21,23.49397590361446,7.228915662650602,16.265060240963855,76.50602409638554,63.85542168674698,12.650602409638553
E00057418,136,48,12,36,88,68,20,35.294117647058826,8.823529411764707,26.47058823529412,64.70588235294117,50,14.705882352941178
E00057419,292,78,23,55,214,190,24,26.71232876712329,7.876712328767123,18.835616438356166,73.28767123287672,65.06849315068493,8.21917808219178
E00057420,101,36,11,25,65,56,9,35.64356435643564,10.891089108910892,24.752475247524753,64.35643564356435,55.44554455445545,8.91089108910891
E00057421,171,51,19,32,120,99,21,29.82456140350877,11.11111111111111,18.71345029239766,70.17543859649122,57.89473684210527,12.280701754385964
E00057422,184,52,12,40,132,106,26,28.26086956521739,6.521739130434782,21.73913043478261,71.73913043478261,57.608695652173914,14.130434782608695
E00057423,176,44,16,28,132,110,22,25,9.090909090909092,15.909090909090908,75,62.5,12.5
E00057424,128,41,13,28,87,72,15,32.03125,10.15625,21.875,67.96875,56.25,11.71875
E00057425,139,53,11,42,86,69,17,38.1294964028777,7.913669064748201,30.215827338129497,61.87050359712231,49.64028776978417,12.23021582733813
E00057426,155,48,18,30,107,93,14,30.967741935483872,11.612903225806452,19.35483870967742,69.03225806451613,60,9.032258064516128
E00057427,231,58,16,42,173,156,17,25.108225108225106,6.926406926406926,18.181818181818183,74.89177489177489,67.53246753246754,7.35930735930736
E00057428,133,36,8,28,97,83,14,27.06766917293233,6.015037593984962,21.052631578947366,72.93233082706767,62.40601503759399,10.526315789473683
E00057429,108,23,4,19,85,76,9,21.296296296296298,3.7037037037037033,17.59259259259259,78.70370370370371,70.37037037037037,8.333333333333332
E00057430,166,43,11,32,123,111,12,25.903614457831324,6.626506024096386,19.27710843373494,74.09638554216868,66.86746987951807,7.228915662650602
E00057431,270,72,23,49,198,168,30,26.666666666666668,8.518518518518519,18.14814814814815,73.33333333333333,62.22222222222222,11.11111111111111
E00057432,130,32,4,28,98,79,19,24.615384615384617,3.076923076923077,21.53846153846154,75.38461538461539,60.76923076923077,14.615384615384617
E00057433,148,32,5,27,116,100,16,21.62162162162162,3.3783783783783785,18.243243243243242,78.37837837837837,67.56756756756756,10.81081081081081
E00057434,139,39,12,27,100,85,15,28.05755395683453,8.633093525179856,19.424460431654676,71.94244604316546,61.15107913669065,10.79136690647482
E00057435,100,33,11,22,67,54,13,33,11,22,67,54,13
E00057436,110,31,9,22,79,71,8,28.18181818181818,8.181818181818182,20,71.81818181818181,64.54545454545455,7.2727272727272725
E00057437,139,33,10,23,106,94,12,23.741007194244602,7.1942446043165464,16.546762589928058,76.2589928057554,67.62589928057554,8.633093525179856
E00057438,154,40,11,29,114,99,15,25.97402597402597,7.142857142857142,18.83116883116883,74.02597402597402,64.28571428571429,9.740259740259742
E00057439,96,17,4,13,79,67,12,17.708333333333336,4.166666666666666,13.541666666666666,82.29166666666666,69.79166666666666,12.5
E00057440,124,32,13,19,92,82,10,25.806451612903224,10.483870967741936,15.32258064516129,74.19354838709677,66.12903225806451,8.064516129032258
E00057441,169,63,20,43,106,94,12,37.278106508875744,11.834319526627219,25.443786982248522,62.721893491124256,55.62130177514793,7.100591715976331
E00057442,98,22,5,17,76,60,16,22.448979591836736,5.1020408163265305,17.346938775510203,77.55102040816327,61.224489795918366,16.3265306122449
E00057443,110,36,7,29,74,62,12,32.72727272727273,6.363636363636363,26.36363636363636,67.27272727272727,56.36363636363636,10.909090909090908
E00057444,175,53,14,39,122,105,17,30.28571428571429,8,22.285714285714285,69.71428571428572,60,9.714285714285714
E00057445,155,46,15,31,109,95,14,29.677419354838708,9.67741935483871,20,70.3225806451613,61.29032258064516,9.032258064516128
E00057446,175,39,10,29,136,127,9,22.285714285714285,5.714285714285714,16.57142857142857,77.71428571428571,72.57142857142857,5.142857142857142
E00057447,128,49,22,27,79,70,9,38.28125,17.1875,21.09375,61.71875,54.6875,7.03125
E00057448,154,40,9,31,114,100,14,25.97402597402597,5.844155844155844,20.12987012987013,74.02597402597402,64.93506493506493,9.090909090909092
E00057449,129,46,16,30,83,73,10,35.65891472868217,12.4031007751938,23.25581395348837,64.34108527131784,56.58914728682171,7.751937984496124
E00057450,147,49,17,32,98,85,13,33.33333333333333,11.564625850340136,21.768707482993197,66.66666666666666,57.82312925170068,8.843537414965986
E00057451,141,31,12,19,110,97,13,21.98581560283688,8.51063829787234,13.47517730496454,78.01418439716312,68.79432624113475,9.219858156028367
E00057452,146,41,15,26,105,92,13,28.08219178082192,10.273972602739725,17.80821917808219,71.91780821917808,63.013698630136986,8.904109589041095
E00057453,81,28,11,17,53,49,4,34.5679012345679,13.580246913580247,20.98765432098765,65.4320987654321,60.49382716049383,4.938271604938271
E00057454,73,21,10,11,52,41,11,28.767123287671232,13.698630136986301,15.068493150684931,71.23287671232876,56.16438356164384,15.068493150684931
E00057455,146,52,12,40,94,79,15,35.61643835616438,8.21917808219178,27.397260273972602,64.38356164383562,54.109589041095894,10.273972602739725
E00057456,78,22,10,12,56,50,6,28.205128205128204,12.82051282051282,15.384615384615385,71.7948717948718,64.1025641025641,7.6923076923076925
E00057457,85,31,11,20,54,48,6,36.470588235294116,12.941176470588237,23.52941176470588,63.52941176470588,56.470588235294116,7.0588235294117645
E00057458,135,34,0,34,101,87,14,25.185185185185183,0,25.185185185185183,74.81481481481481,64.44444444444444,10.37037037037037
E00057459,139,43,8,35,96,82,14,30.935251798561154,5.755395683453238,25.179856115107913,69.06474820143885,58.992805755395686,10.071942446043165
E00057460,191,42,7,35,149,135,14,21.98952879581152,3.664921465968586,18.32460732984293,78.01047120418848,70.68062827225131,7.329842931937172
E00057461,98,24,9,15,74,65,9,24.489795918367346,9.183673469387756,15.306122448979592,75.51020408163265,66.3265306122449,9.183673469387756
E00057462,96,37,6,31,59,53,6,38.54166666666667,6.25,32.29166666666667,61.458333333333336,55.208333333333336,6.25
E00057463,157,49,11,38,108,92,16,31.210191082802545,7.006369426751593,24.203821656050955,68.78980891719745,58.59872611464968,10.191082802547772
E00057464,100,26,9,17,74,66,8,26,9,17,74,66,8
E00057465,106,31,12,19,75,67,8,29.245283018867923,11.320754716981133,17.92452830188679,70.75471698113208,63.20754716981132,7.547169811320755
E00057466,87,27,7,20,60,44,16,31.03448275862069,8.045977011494253,22.988505747126435,68.96551724137932,50.57471264367817,18.39080459770115
E00057467,169,37,10,27,132,102,30,21.893491124260358,5.9171597633136095,15.976331360946746,78.10650887573965,60.35502958579882,17.75147928994083
E00057469,108,43,9,34,65,54,11,39.81481481481482,8.333333333333332,31.48148148148148,60.18518518518518,50,10.185185185185185
E00057470,140,44,17,27,96,82,14,31.428571428571427,12.142857142857142,19.28571428571429,68.57142857142857,58.57142857142858,10
E00057471,123,36,13,23,87,69,18,29.268292682926827,10.569105691056912,18.69918699186992,70.73170731707317,56.09756097560976,14.634146341463413
E00057472,113,42,9,33,71,59,12,37.16814159292036,7.964601769911504,29.20353982300885,62.83185840707964,52.21238938053098,10.619469026548673
E00057474,112,25,10,15,87,75,12,22.321428571428573,8.928571428571429,13.392857142857142,77.67857142857143,66.96428571428571,10.714285714285714
E00057475,121,36,5,31,85,70,15,29.75206611570248,4.132231404958678,25.6198347107438,70.24793388429752,57.85123966942148,12.396694214876034
E00057476,123,26,7,19,97,80,17,21.138211382113823,5.691056910569105,15.447154471544716,78.86178861788618,65.04065040650406,13.821138211382115
E00057477,106,31,9,22,75,65,10,29.245283018867923,8.49056603773585,20.754716981132077,70.75471698113208,61.32075471698113,9.433962264150944
E00057478,120,37,10,27,83,69,14,30.833333333333336,8.333333333333332,22.5,69.16666666666667,57.49999999999999,11.666666666666666
E00057479,55,19,7,12,36,31,5,34.54545454545455,12.727272727272727,21.818181818181817,65.45454545454545,56.36363636363636,9.090909090909092
E00057480,157,45,13,32,112,100,12,28.662420382165603,8.280254777070063,20.382165605095544,71.3375796178344,63.69426751592356,7.643312101910828
E00057481,135,39,9,30,96,90,6,28.888888888888886,6.666666666666667,22.22222222222222,71.11111111111111,66.66666666666666,4.444444444444445
E00057482,131,37,7,30,94,82,12,28.24427480916031,5.343511450381679,22.900763358778626,71.7557251908397,62.59541984732825,9.16030534351145
E00057483,112,38,8,30,74,64,10,33.92857142857143,7.142857142857142,26.785714285714285,66.07142857142857,57.14285714285714,8.928571428571429
E00057484,101,23,7,16,78,64,14,22.772277227722775,6.9306930693069315,15.841584158415841,77.22772277227723,63.366336633663366,13.861386138613863
E00057485,271,63,23,40,208,171,37,23.247232472324722,8.487084870848708,14.760147601476014,76.75276752767527,63.09963099630996,13.653136531365314
E00057486,144,38,10,28,106,92,14,26.38888888888889,6.944444444444445,19.444444444444446,73.61111111111111,63.888888888888886,9.722222222222223
E00057487,118,30,7,23,88,79,9,25.423728813559322,5.932203389830509,19.491525423728813,74.57627118644068,66.94915254237289,7.627118644067797
E00057488,103,30,4,26,73,65,8,29.126213592233007,3.8834951456310676,25.24271844660194,70.87378640776699,63.10679611650486,7.766990291262135
E00057489,122,28,9,19,94,85,9,22.950819672131146,7.377049180327869,15.573770491803279,77.04918032786885,69.67213114754098,7.377049180327869
E00057490,152,26,10,16,126,106,20,17.105263157894736,6.578947368421052,10.526315789473683,82.89473684210526,69.73684210526315,13.157894736842104
E00057491,157,42,13,29,115,103,12,26.751592356687897,8.280254777070063,18.471337579617835,73.24840764331209,65.60509554140127,7.643312101910828
E00057492,149,38,16,22,111,97,14,25.503355704697988,10.738255033557047,14.76510067114094,74.49664429530202,65.1006711409396,9.395973154362416
E00057493,175,43,15,28,132,120,12,24.571428571428573,8.571428571428571,16,75.42857142857143,68.57142857142857,6.857142857142858
E00057494,183,43,9,34,140,120,20,23.497267759562842,4.918032786885246,18.579234972677597,76.50273224043715,65.57377049180327,10.92896174863388
E00057495,175,51,15,36,124,116,8,29.142857142857142,8.571428571428571,20.57142857142857,70.85714285714285,66.28571428571428,4.571428571428571
E00057496,170,45,13,32,125,116,9,26.47058823529412,7.647058823529412,18.823529411764707,73.52941176470588,68.23529411764706,5.294117647058823
E00057497,126,38,16,22,88,75,13,30.158730158730158,12.698412698412698,17.46031746031746,69.84126984126983,59.523809523809526,10.317460317460316
E00057498,195,54,18,36,141,130,11,27.692307692307693,9.230769230769232,18.461538461538463,72.3076923076923,66.66666666666666,5.641025641025641
E00057499,123,41,14,27,82,76,6,33.33333333333333,11.38211382113821,21.951219512195124,66.66666666666666,61.78861788617886,4.878048780487805
E00057500,82,25,8,17,57,50,7,30.48780487804878,9.75609756097561,20.73170731707317,69.51219512195121,60.97560975609756,8.536585365853659
E00057501,171,48,12,36,123,104,19,28.07017543859649,7.017543859649122,21.052631578947366,71.9298245614035,60.81871345029239,11.11111111111111
E00057502,187,42,13,29,145,123,22,22.459893048128343,6.951871657754011,15.508021390374333,77.54010695187165,65.77540106951871,11.76470588235294
E00057503,190,57,19,38,133,116,17,30,10,20,70,61.05263157894737,8.947368421052632
E00057505,103,29,9,20,74,63,11,28.155339805825243,8.737864077669903,19.41747572815534,71.84466019417476,61.165048543689316,10.679611650485436
E00057506,119,30,9,21,89,74,15,25.210084033613445,7.563025210084033,17.647058823529413,74.78991596638656,62.18487394957983,12.605042016806722
E00057507,147,41,10,31,106,96,10,27.89115646258503,6.802721088435375,21.08843537414966,72.10884353741497,65.3061224489796,6.802721088435375
E00057508,147,38,20,18,109,95,14,25.850340136054424,13.60544217687075,12.244897959183673,74.14965986394559,64.62585034013605,9.523809523809524
E00057509,116,30,9,21,86,78,8,25.862068965517242,7.758620689655173,18.103448275862068,74.13793103448276,67.24137931034483,6.896551724137931
E00057510,99,31,10,21,68,61,7,31.313131313131315,10.1010101010101,21.21212121212121,68.68686868686868,61.61616161616161,7.07070707070707
E00057511,152,48,20,28,104,91,13,31.57894736842105,13.157894736842104,18.421052631578945,68.42105263157895,59.86842105263158,8.552631578947368
E00057512,159,40,14,26,119,102,17,25.157232704402517,8.80503144654088,16.352201257861633,74.84276729559748,64.15094339622641,10.69182389937107
E00057513,129,32,7,25,97,93,4,24.8062015503876,5.426356589147287,19.379844961240313,75.1937984496124,72.09302325581395,3.10077519379845
E00057514,137,31,8,23,106,90,16,22.62773722627737,5.839416058394161,16.78832116788321,77.37226277372264,65.69343065693431,11.678832116788321
E00057515,98,21,6,15,77,70,7,21.428571428571427,6.122448979591836,15.306122448979592,78.57142857142857,71.42857142857143,7.142857142857142
E00057516,108,29,3,26,79,72,7,26.851851851851855,2.7777777777777777,24.074074074074073,73.14814814814815,66.66666666666666,6.481481481481481
E00057517,71,25,5,20,46,38,8,35.2112676056338,7.042253521126761,28.169014084507044,64.7887323943662,53.52112676056338,11.267605633802818
E00057518,152,36,11,25,116,100,16,23.684210526315788,7.236842105263158,16.447368421052634,76.31578947368422,65.78947368421053,10.526315789473683
E00057519,73,21,7,14,52,41,11,28.767123287671232,9.58904109589041,19.17808219178082,71.23287671232876,56.16438356164384,15.068493150684931
E00057520,153,39,12,27,114,102,12,25.49019607843137,7.8431372549019605,17.647058823529413,74.50980392156863,66.66666666666666,7.8431372549019605
E00057521,145,39,11,28,106,94,12,26.89655172413793,7.586206896551724,19.310344827586206,73.10344827586206,64.82758620689654,8.275862068965518
E00057522,153,38,11,27,115,96,19,24.836601307189543,7.18954248366013,17.647058823529413,75.16339869281046,62.745098039215684,12.418300653594772
E00057523,110,36,10,26,74,64,10,32.72727272727273,9.090909090909092,23.636363636363637,67.27272727272727,58.18181818181818,9.090909090909092
E00057524,128,44,13,31,84,72,12,34.375,10.15625,24.21875,65.625,56.25,9.375
E00057525,113,28,11,17,85,76,9,24.778761061946902,9.734513274336283,15.04424778761062,75.22123893805309,67.2566371681416,7.964601769911504
E00057527,158,44,18,26,114,99,15,27.848101265822784,11.39240506329114,16.455696202531644,72.15189873417721,62.65822784810127,9.49367088607595
E00057528,173,49,15,34,124,111,13,28.32369942196532,8.670520231213873,19.653179190751445,71.67630057803468,64.16184971098265,7.514450867052023
E00057529,147,40,12,28,107,97,10,27.2108843537415,8.16326530612245,19.047619047619047,72.78911564625851,65.98639455782312,6.802721088435375
E00057530,175,48,10,38,127,111,16,27.42857142857143,5.714285714285714,21.714285714285715,72.57142857142857,63.42857142857142,9.142857142857142
E00057531,153,35,17,18,118,106,12,22.875816993464053,11.11111111111111,11.76470588235294,77.12418300653596,69.28104575163398,7.8431372549019605
E00057532,100,29,6,23,71,64,7,28.999999999999996,6,23,71,64,7.000000000000001
E00057533,148,41,11,30,107,94,13,27.7027027027027,7.4324324324324325,20.27027027027027,72.2972972972973,63.51351351351351,8.783783783783784
E00057534,170,48,10,38,122,112,10,28.235294117647058,5.88235294117647,22.35294117647059,71.76470588235294,65.88235294117646,5.88235294117647
E00057535,180,45,15,30,135,122,13,25,8.333333333333332,16.666666666666664,75,67.77777777777779,7.222222222222221
E00057536,97,33,7,26,64,62,2,34.02061855670103,7.216494845360824,26.804123711340207,65.97938144329896,63.91752577319587,2.0618556701030926
E00057537,146,42,15,27,104,99,5,28.767123287671232,10.273972602739725,18.493150684931507,71.23287671232876,67.8082191780822,3.4246575342465753
E00057538,196,42,11,31,154,136,18,21.428571428571427,5.612244897959184,15.816326530612246,78.57142857142857,69.38775510204081,9.183673469387756
E00057539,128,42,15,27,86,69,17,32.8125,11.71875,21.09375,67.1875,53.90625,13.28125
E00057540,119,27,10,17,92,84,8,22.689075630252102,8.403361344537815,14.285714285714285,77.31092436974791,70.58823529411765,6.722689075630252
E00057541,89,26,8,18,63,56,7,29.213483146067414,8.98876404494382,20.224719101123593,70.78651685393258,62.92134831460674,7.865168539325842
E00057542,166,36,8,28,130,117,13,21.686746987951807,4.819277108433735,16.867469879518072,78.3132530120482,70.48192771084338,7.83132530120482
E00057543,239,66,21,45,173,153,20,27.615062761506277,8.786610878661087,18.828451882845187,72.38493723849372,64.01673640167364,8.368200836820083
E00057544,160,54,22,32,106,88,18,33.75,13.750000000000002,20,66.25,55.00000000000001,11.25
E00057545,121,33,11,22,88,78,10,27.27272727272727,9.090909090909092,18.181818181818183,72.72727272727273,64.46280991735537,8.264462809917356
E00057546,91,30,4,26,61,52,9,32.967032967032964,4.395604395604396,28.57142857142857,67.03296703296702,57.14285714285714,9.89010989010989
E00057547,153,39,12,27,114,102,12,25.49019607843137,7.8431372549019605,17.647058823529413,74.50980392156863,66.66666666666666,7.8431372549019605
E00057548,95,26,9,17,69,67,2,27.368421052631582,9.473684210526317,17.894736842105264,72.63157894736842,70.52631578947368,2.1052631578947367
E00057549,149,32,8,24,117,105,12,21.476510067114095,5.369127516778524,16.10738255033557,78.52348993288591,70.46979865771812,8.053691275167784
E00057550,209,52,18,34,157,139,18,24.880382775119617,8.61244019138756,16.267942583732058,75.11961722488039,66.50717703349282,8.61244019138756
E00057551,112,30,4,26,82,77,5,26.785714285714285,3.571428571428571,23.214285714285715,73.21428571428571,68.75,4.464285714285714
E00057552,170,40,16,24,130,115,15,23.52941176470588,9.411764705882353,14.117647058823529,76.47058823529412,67.64705882352942,8.823529411764707
E00057553,130,28,6,22,102,93,9,21.53846153846154,4.615384615384616,16.923076923076923,78.46153846153847,71.53846153846153,6.923076923076923
E00057554,172,48,20,28,124,104,20,27.906976744186046,11.627906976744185,16.27906976744186,72.09302325581395,60.46511627906976,11.627906976744185
E00057555,99,25,8,17,74,65,9,25.252525252525253,8.080808080808081,17.17171717171717,74.74747474747475,65.65656565656566,9.090909090909092
E00057556,95,27,12,15,68,59,9,28.421052631578945,12.631578947368421,15.789473684210526,71.57894736842105,62.10526315789474,9.473684210526317
E00057557,140,43,13,30,97,91,6,30.714285714285715,9.285714285714286,21.428571428571427,69.28571428571428,65,4.285714285714286
E00057558,96,23,8,15,73,58,15,23.958333333333336,8.333333333333332,15.625,76.04166666666666,60.416666666666664,15.625
E00057559,202,50,18,32,152,133,19,24.752475247524753,8.91089108910891,15.841584158415841,75.24752475247524,65.84158415841584,9.405940594059405
E00057560,136,36,12,24,100,83,17,26.47058823529412,8.823529411764707,17.647058823529413,73.52941176470588,61.029411764705884,12.5
E00057561,113,29,8,21,84,79,5,25.663716814159294,7.079646017699115,18.58407079646018,74.33628318584071,69.91150442477876,4.424778761061947
E00057562,158,42,3,39,116,105,11,26.582278481012654,1.89873417721519,24.68354430379747,73.41772151898735,66.45569620253164,6.962025316455696
E00057563,80,20,9,11,60,54,6,25,11.25,13.750000000000002,75,67.5,7.5
E00057564,137,44,16,28,93,82,11,32.11678832116788,11.678832116788321,20.437956204379564,67.88321167883211,59.854014598540154,8.02919708029197
E00057565,93,35,13,22,58,55,3,37.634408602150536,13.978494623655912,23.655913978494624,62.365591397849464,59.13978494623656,3.225806451612903
E00057566,167,47,11,36,120,109,11,28.143712574850298,6.58682634730539,21.55688622754491,71.8562874251497,65.26946107784431,6.58682634730539
E00057567,179,83,30,53,96,92,4,46.36871508379888,16.75977653631285,29.608938547486037,53.63128491620112,51.39664804469274,2.2346368715083798
E00057568,186,76,24,52,110,105,5,40.86021505376344,12.903225806451612,27.956989247311824,59.13978494623656,56.451612903225815,2.6881720430107525
E00057570,188,100,39,61,88,75,13,53.191489361702125,20.74468085106383,32.4468085106383,46.808510638297875,39.8936170212766,6.914893617021277
E00057571,157,62,18,44,95,81,14,39.490445859872615,11.464968152866243,28.02547770700637,60.509554140127385,51.59235668789809,8.9171974522293
E00057573,102,44,9,35,58,55,3,43.13725490196079,8.823529411764707,34.31372549019608,56.86274509803921,53.92156862745098,2.941176470588235
E00057574,104,42,10,32,62,55,7,40.38461538461539,9.615384615384617,30.76923076923077,59.61538461538461,52.88461538461539,6.730769230769231
E00057575,131,61,24,37,70,65,5,46.56488549618321,18.3206106870229,28.24427480916031,53.43511450381679,49.61832061068702,3.816793893129771
E00057576,114,31,8,23,83,76,7,27.192982456140353,7.017543859649122,20.175438596491226,72.80701754385966,66.66666666666666,6.140350877192982
E00057577,167,86,22,64,81,69,12,51.49700598802395,13.17365269461078,38.32335329341318,48.50299401197605,41.31736526946108,7.18562874251497
E00057578,141,45,15,30,96,83,13,31.914893617021278,10.638297872340425,21.27659574468085,68.08510638297872,58.86524822695035,9.219858156028367
E00057579,153,63,10,53,90,83,7,41.17647058823529,6.535947712418301,34.64052287581699,58.82352941176471,54.248366013071895,4.57516339869281
E00057580,183,53,13,40,130,123,7,28.96174863387978,7.103825136612022,21.85792349726776,71.03825136612022,67.21311475409836,3.825136612021858
E00057581,125,45,11,34,80,72,8,36,8.799999999999999,27.200000000000003,64,57.599999999999994,6.4
E00057582,141,57,23,34,84,74,10,40.42553191489361,16.312056737588655,24.113475177304963,59.57446808510638,52.4822695035461,7.092198581560284
E00057583,142,82,34,48,60,59,1,57.74647887323944,23.943661971830984,33.80281690140845,42.25352112676056,41.54929577464789,0.7042253521126761
E00057584,126,51,13,38,75,70,5,40.476190476190474,10.317460317460316,30.158730158730158,59.523809523809526,55.55555555555556,3.968253968253968
E00057585,136,52,14,38,84,81,3,38.23529411764706,10.294117647058822,27.941176470588236,61.76470588235294,59.55882352941176,2.2058823529411766
E00057586,103,37,7,30,66,62,4,35.92233009708738,6.796116504854369,29.126213592233007,64.07766990291263,60.19417475728155,3.8834951456310676
E00057587,115,59,12,47,56,52,4,51.30434782608696,10.434782608695652,40.869565217391305,48.69565217391305,45.21739130434783,3.4782608695652173
E00057590,115,61,18,43,54,47,7,53.04347826086957,15.65217391304348,37.391304347826086,46.95652173913044,40.869565217391305,6.086956521739131
E00057591,127,51,13,38,76,71,5,40.15748031496063,10.236220472440944,29.92125984251969,59.84251968503938,55.90551181102362,3.937007874015748
E00057592,178,72,25,47,106,97,9,40.44943820224719,14.04494382022472,26.40449438202247,59.55056179775281,54.49438202247191,5.056179775280898
E00057593,144,56,17,39,88,80,8,38.88888888888889,11.805555555555555,27.083333333333332,61.111111111111114,55.55555555555556,5.555555555555555
E00057594,212,82,24,58,130,113,17,38.67924528301887,11.320754716981133,27.358490566037734,61.32075471698113,53.301886792452834,8.018867924528301
E00057595,180,91,25,66,89,78,11,50.55555555555556,13.88888888888889,36.666666666666664,49.44444444444444,43.333333333333336,6.111111111111111
E00057596,92,50,10,40,42,39,3,54.347826086956516,10.869565217391305,43.47826086956522,45.65217391304348,42.391304347826086,3.260869565217391
E00057597,197,85,31,54,112,99,13,43.14720812182741,15.736040609137056,27.411167512690355,56.852791878172596,50.25380710659898,6.598984771573605
E00057598,148,72,26,46,76,72,4,48.64864864864865,17.56756756756757,31.08108108108108,51.35135135135135,48.64864864864865,2.7027027027027026
E00057599,130,50,15,35,80,80,0,38.46153846153847,11.538461538461538,26.923076923076923,61.53846153846154,61.53846153846154,0
E00057600,128,62,19,43,66,59,7,48.4375,14.84375,33.59375,51.5625,46.09375,5.46875
E00057601,114,50,11,39,64,64,0,43.859649122807014,9.649122807017543,34.21052631578947,56.14035087719298,56.14035087719298,0
E00057602,151,66,21,45,85,70,15,43.70860927152318,13.90728476821192,29.80132450331126,56.29139072847682,46.35761589403973,9.933774834437086
E00057603,107,47,15,32,60,56,4,43.925233644859816,14.018691588785046,29.906542056074763,56.074766355140184,52.336448598130836,3.7383177570093453
E00057604,99,40,14,26,59,55,4,40.4040404040404,14.14141414141414,26.262626262626267,59.59595959595959,55.55555555555556,4.040404040404041
E00057605,137,62,14,48,75,72,3,45.25547445255474,10.218978102189782,35.03649635036496,54.74452554744526,52.55474452554745,2.18978102189781
E00057606,89,25,6,19,64,63,1,28.08988764044944,6.741573033707865,21.34831460674157,71.91011235955057,70.78651685393258,1.1235955056179776
E00057607,142,52,17,35,90,81,9,36.61971830985916,11.971830985915492,24.647887323943664,63.38028169014085,57.04225352112676,6.338028169014084
E00057608,125,56,13,43,69,63,6,44.800000000000004,10.4,34.4,55.2,50.4,4.8
E00057609,111,51,16,35,60,53,7,45.94594594594595,14.414414414414415,31.53153153153153,54.054054054054056,47.74774774774775,6.306306306306306
E00057610,100,44,15,29,56,51,5,44,15,28.999999999999996,56.00000000000001,51,5
E00057611,110,43,12,31,67,62,5,39.09090909090909,10.909090909090908,28.18181818181818,60.909090909090914,56.36363636363636,4.545454545454546
E00057612,130,49,19,30,81,76,5,37.69230769230769,14.615384615384617,23.076923076923077,62.30769230769231,58.46153846153847,3.8461538461538463
E00057613,116,41,11,30,75,70,5,35.3448275862069,9.482758620689655,25.862068965517242,64.65517241379311,60.3448275862069,4.310344827586207
E00057614,117,59,18,41,58,58,0,50.427350427350426,15.384615384615385,35.04273504273504,49.572649572649574,49.572649572649574,0
E00057615,135,51,20,31,84,79,5,37.77777777777778,14.814814814814813,22.962962962962962,62.22222222222222,58.51851851851851,3.7037037037037033
E00057616,131,46,15,31,85,81,4,35.11450381679389,11.450381679389313,23.66412213740458,64.8854961832061,61.832061068702295,3.0534351145038165
E00057617,110,38,15,23,72,65,7,34.54545454545455,13.636363636363635,20.909090909090907,65.45454545454545,59.09090909090909,6.363636363636363
E00057618,117,51,18,33,66,58,8,43.58974358974359,15.384615384615385,28.205128205128204,56.41025641025641,49.572649572649574,6.837606837606838
E00057619,113,32,10,22,81,77,4,28.31858407079646,8.849557522123893,19.469026548672566,71.68141592920354,68.14159292035397,3.5398230088495577
E00057620,186,59,21,38,127,112,15,31.72043010752688,11.29032258064516,20.43010752688172,68.27956989247312,60.215053763440864,8.064516129032258
E00057621,183,58,13,45,125,108,17,31.693989071038253,7.103825136612022,24.59016393442623,68.30601092896174,59.01639344262295,9.289617486338798
E00057622,142,40,10,30,102,89,13,28.169014084507044,7.042253521126761,21.12676056338028,71.83098591549296,62.676056338028175,9.15492957746479
E00057623,103,41,9,32,62,51,11,39.80582524271845,8.737864077669903,31.06796116504854,60.19417475728155,49.51456310679612,10.679611650485436
E00057624,94,23,8,15,71,66,5,24.46808510638298,8.51063829787234,15.957446808510639,75.53191489361703,70.2127659574468,5.319148936170213
E00057625,143,60,19,41,83,71,12,41.95804195804196,13.286713286713287,28.671328671328673,58.04195804195804,49.65034965034965,8.391608391608392
E00057626,175,57,15,42,118,104,14,32.57142857142858,8.571428571428571,24,67.42857142857143,59.42857142857143,8
E00057627,118,31,9,22,87,80,7,26.27118644067797,7.627118644067797,18.64406779661017,73.72881355932203,67.79661016949152,5.932203389830509
E00057628,98,67,32,35,31,27,4,68.36734693877551,32.6530612244898,35.714285714285715,31.63265306122449,27.55102040816326,4.081632653061225
E00057629,149,85,40,45,64,60,4,57.04697986577181,26.845637583892618,30.201342281879196,42.95302013422819,40.26845637583892,2.684563758389262
E00057630,99,59,37,22,40,34,6,59.59595959595959,37.37373737373738,22.22222222222222,40.4040404040404,34.34343434343434,6.0606060606060606
E00057631,84,38,19,19,46,36,10,45.23809523809524,22.61904761904762,22.61904761904762,54.761904761904766,42.857142857142854,11.904761904761903
E00057632,90,38,22,16,52,47,5,42.22222222222222,24.444444444444443,17.77777777777778,57.77777777777777,52.22222222222223,5.555555555555555
E00057633,118,66,33,33,52,49,3,55.932203389830505,27.966101694915253,27.966101694915253,44.06779661016949,41.52542372881356,2.5423728813559325
E00057634,208,37,12,25,171,153,18,17.78846153846154,5.769230769230769,12.01923076923077,82.21153846153845,73.5576923076923,8.653846153846153
E00057635,131,71,39,32,60,55,5,54.19847328244275,29.770992366412212,24.427480916030532,45.80152671755725,41.98473282442748,3.816793893129771
E00057637,213,89,51,38,124,111,13,41.78403755868544,23.943661971830984,17.84037558685446,58.21596244131455,52.112676056338024,6.103286384976526
E00057638,115,55,24,31,60,56,4,47.82608695652174,20.869565217391305,26.956521739130434,52.17391304347826,48.69565217391305,3.4782608695652173
E00057639,202,78,46,32,124,121,3,38.613861386138616,22.772277227722775,15.841584158415841,61.386138613861384,59.900990099009896,1.4851485148514851
E00057641,170,62,35,27,108,93,15,36.470588235294116,20.588235294117645,15.88235294117647,63.52941176470588,54.70588235294118,8.823529411764707
E00057642,235,89,49,40,146,126,20,37.87234042553192,20.851063829787233,17.02127659574468,62.12765957446808,53.61702127659574,8.51063829787234
E00057643,177,63,37,26,114,109,5,35.59322033898305,20.903954802259886,14.689265536723164,64.40677966101694,61.5819209039548,2.824858757062147
E00057646,114,60,33,27,54,49,5,52.63157894736842,28.947368421052634,23.684210526315788,47.368421052631575,42.98245614035088,4.385964912280701
E00057647,121,61,38,23,60,58,2,50.413223140495866,31.40495867768595,19.00826446280992,49.586776859504134,47.93388429752066,1.6528925619834711
E00057648,126,88,61,27,38,36,2,69.84126984126983,48.41269841269841,21.428571428571427,30.158730158730158,28.57142857142857,1.5873015873015872
E00057649,149,79,48,31,70,60,10,53.02013422818792,32.21476510067114,20.80536912751678,46.97986577181208,40.26845637583892,6.7114093959731544
E00057650,147,95,66,29,52,46,6,64.62585034013605,44.89795918367347,19.727891156462583,35.374149659863946,31.292517006802722,4.081632653061225
E00057651,104,72,50,22,32,27,5,69.23076923076923,48.07692307692308,21.153846153846153,30.76923076923077,25.961538461538463,4.807692307692308
E00057652,104,67,47,20,37,33,4,64.42307692307693,45.19230769230769,19.230769230769234,35.57692307692308,31.73076923076923,3.8461538461538463
E00057653,114,59,38,21,55,49,6,51.75438596491229,33.33333333333333,18.421052631578945,48.24561403508772,42.98245614035088,5.263157894736842
E00057654,186,75,32,43,111,98,13,40.32258064516129,17.20430107526882,23.118279569892472,59.67741935483871,52.68817204301075,6.989247311827956
E00057655,169,78,30,48,91,81,10,46.15384615384615,17.75147928994083,28.402366863905325,53.84615384615385,47.928994082840234,5.9171597633136095
E00057656,51,24,15,9,27,23,4,47.05882352941176,29.411764705882355,17.647058823529413,52.94117647058824,45.09803921568628,7.8431372549019605
E00057657,104,68,34,34,36,33,3,65.38461538461539,32.69230769230769,32.69230769230769,34.61538461538461,31.73076923076923,2.8846153846153846
E00057658,110,70,39,31,40,36,4,63.63636363636363,35.45454545454545,28.18181818181818,36.36363636363637,32.72727272727273,3.6363636363636362
E00057659,157,85,51,34,72,66,6,54.14012738853503,32.48407643312102,21.656050955414013,45.85987261146497,42.038216560509554,3.821656050955414
E00057660,56,27,11,16,29,25,4,48.214285714285715,19.642857142857142,28.57142857142857,51.78571428571429,44.642857142857146,7.142857142857142
E00057661,138,109,73,36,29,28,1,78.98550724637681,52.89855072463768,26.08695652173913,21.014492753623188,20.28985507246377,0.7246376811594203
E00057662,105,72,44,28,33,29,4,68.57142857142857,41.904761904761905,26.666666666666668,31.428571428571427,27.61904761904762,3.8095238095238098
E00057663,124,73,42,31,51,44,7,58.87096774193549,33.87096774193548,25,41.12903225806452,35.483870967741936,5.64516129032258
E00057664,95,47,35,12,48,42,6,49.473684210526315,36.84210526315789,12.631578947368421,50.526315789473685,44.21052631578947,6.315789473684211
E00057665,94,58,35,23,36,34,2,61.702127659574465,37.234042553191486,24.46808510638298,38.297872340425535,36.17021276595745,2.127659574468085
E00057666,149,72,43,29,77,68,9,48.322147651006716,28.859060402684566,19.463087248322147,51.67785234899329,45.63758389261745,6.0402684563758395
E00057667,45,28,15,13,17,17,0,62.22222222222222,33.33333333333333,28.888888888888886,37.77777777777778,37.77777777777778,0
E00057668,76,37,18,19,39,35,4,48.68421052631579,23.684210526315788,25,51.31578947368421,46.05263157894737,5.263157894736842
E00057669,140,67,37,30,73,69,4,47.85714285714286,26.42857142857143,21.428571428571427,52.142857142857146,49.28571428571429,2.857142857142857
E00057670,63,40,19,21,23,22,1,63.49206349206349,30.158730158730158,33.33333333333333,36.507936507936506,34.92063492063492,1.5873015873015872
E00057671,68,28,3,25,40,40,0,41.17647058823529,4.411764705882353,36.76470588235294,58.82352941176471,58.82352941176471,0
E00057672,116,32,10,22,84,73,11,27.586206896551722,8.620689655172415,18.96551724137931,72.41379310344827,62.93103448275862,9.482758620689655
E00057673,222,56,18,38,166,143,23,25.225225225225223,8.108108108108109,17.117117117117118,74.77477477477478,64.41441441441441,10.36036036036036
E00057674,114,32,10,22,82,75,7,28.07017543859649,8.771929824561402,19.298245614035086,71.9298245614035,65.78947368421053,6.140350877192982
E00057675,81,20,7,13,61,55,6,24.691358024691358,8.641975308641975,16.049382716049383,75.30864197530865,67.90123456790124,7.4074074074074066
E00057676,123,42,10,32,81,77,4,34.146341463414636,8.130081300813007,26.01626016260163,65.85365853658537,62.601626016260155,3.2520325203252036
E00057679,120,46,27,19,74,62,12,38.333333333333336,22.5,15.833333333333332,61.66666666666667,51.66666666666667,10
E00057680,51,27,14,13,24,21,3,52.94117647058824,27.450980392156865,25.49019607843137,47.05882352941176,41.17647058823529,5.88235294117647
E00057681,228,76,48,28,152,127,25,33.33333333333333,21.052631578947366,12.280701754385964,66.66666666666666,55.70175438596491,10.964912280701753
E00057682,185,85,39,46,100,93,7,45.94594594594595,21.08108108108108,24.864864864864867,54.054054054054056,50.27027027027027,3.783783783783784
E00057683,126,53,25,28,73,62,11,42.06349206349206,19.841269841269842,22.22222222222222,57.936507936507944,49.2063492063492,8.73015873015873
E00057684,84,39,16,23,45,37,8,46.42857142857143,19.047619047619047,27.380952380952383,53.57142857142857,44.047619047619044,9.523809523809524
E00057685,101,36,25,11,65,58,7,35.64356435643564,24.752475247524753,10.891089108910892,64.35643564356435,57.42574257425742,6.9306930693069315
E00057686,187,118,64,54,69,64,5,63.101604278074866,34.22459893048128,28.87700534759358,36.898395721925134,34.22459893048128,2.6737967914438503
E00057687,89,35,20,15,54,50,4,39.325842696629216,22.47191011235955,16.853932584269664,60.67415730337079,56.17977528089888,4.49438202247191
E00057689,177,83,37,46,94,89,5,46.89265536723164,20.903954802259886,25.98870056497175,53.10734463276836,50.282485875706215,2.824858757062147
E00057690,185,93,44,49,92,86,6,50.27027027027027,23.783783783783786,26.486486486486488,49.72972972972973,46.48648648648649,3.2432432432432434
E00057691,142,78,40,38,64,61,3,54.929577464788736,28.169014084507044,26.76056338028169,45.07042253521127,42.95774647887324,2.112676056338028
E00057692,173,69,43,26,104,91,13,39.884393063583815,24.85549132947977,15.028901734104046,60.115606936416185,52.601156069364166,7.514450867052023
E00057693,130,57,31,26,73,64,9,43.84615384615385,23.846153846153847,20,56.15384615384615,49.23076923076923,6.923076923076923
E00057695,106,52,34,18,54,49,5,49.056603773584904,32.075471698113205,16.9811320754717,50.943396226415096,46.22641509433962,4.716981132075472
E00057696,149,45,24,21,104,95,9,30.201342281879196,16.10738255033557,14.093959731543624,69.79865771812081,63.758389261744966,6.0402684563758395
E00057697,164,47,26,21,117,111,6,28.65853658536585,15.853658536585366,12.804878048780488,71.34146341463415,67.6829268292683,3.6585365853658534
E00057698,179,61,28,33,118,101,17,34.07821229050279,15.64245810055866,18.435754189944134,65.92178770949721,56.424581005586596,9.497206703910614
E00057699,100,48,33,15,52,51,1,48,33,15,52,51,1
E00057700,143,86,50,36,57,53,4,60.13986013986013,34.96503496503497,25.174825174825177,39.86013986013986,37.06293706293706,2.797202797202797
E00057701,83,52,34,18,31,29,2,62.65060240963856,40.963855421686745,21.686746987951807,37.34939759036144,34.93975903614458,2.4096385542168677
E00057702,147,48,22,26,99,89,10,32.6530612244898,14.965986394557824,17.687074829931973,67.3469387755102,60.544217687074834,6.802721088435375
E00057703,131,94,64,30,37,37,0,71.7557251908397,48.854961832061065,22.900763358778626,28.24427480916031,28.24427480916031,0
E00057704,94,42,19,23,52,47,5,44.680851063829785,20.212765957446805,24.46808510638298,55.319148936170215,50,5.319148936170213
E00057705,169,30,11,19,139,118,21,17.75147928994083,6.508875739644971,11.242603550295858,82.24852071005917,69.8224852071006,12.42603550295858
E00057706,141,28,14,14,113,76,37,19.858156028368796,9.929078014184398,9.929078014184398,80.1418439716312,53.90070921985816,26.24113475177305
E00057707,137,41,15,26,96,76,20,29.927007299270077,10.948905109489052,18.97810218978102,70.07299270072993,55.47445255474452,14.5985401459854
E00057708,190,45,17,28,145,115,30,23.684210526315788,8.947368421052632,14.736842105263156,76.31578947368422,60.526315789473685,15.789473684210526
E00057709,160,48,17,31,112,86,26,30,10.625,19.375,70,53.75,16.25
E00057710,169,60,35,25,109,80,29,35.50295857988166,20.710059171597635,14.792899408284024,64.49704142011834,47.337278106508876,17.159763313609467
E00057711,151,50,12,38,101,83,18,33.11258278145696,7.9470198675496695,25.165562913907287,66.88741721854305,54.966887417218544,11.920529801324504
E00057712,284,70,16,54,214,173,41,24.647887323943664,5.633802816901409,19.014084507042252,75.35211267605634,60.91549295774647,14.43661971830986
E00057713,129,40,11,29,89,77,12,31.007751937984494,8.527131782945736,22.48062015503876,68.9922480620155,59.68992248062015,9.30232558139535
E00057714,143,30,8,22,113,98,15,20.97902097902098,5.594405594405594,15.384615384615385,79.02097902097903,68.53146853146853,10.48951048951049
E00057715,115,25,11,14,90,78,12,21.73913043478261,9.565217391304348,12.173913043478262,78.26086956521739,67.82608695652173,10.434782608695652
E00057716,171,54,20,34,117,96,21,31.57894736842105,11.695906432748536,19.883040935672515,68.42105263157895,56.14035087719298,12.280701754385964
E00057717,144,57,21,36,87,74,13,39.58333333333333,14.583333333333334,25,60.416666666666664,51.388888888888886,9.027777777777777
E00057718,178,52,14,38,126,104,22,29.213483146067414,7.865168539325842,21.34831460674157,70.78651685393258,58.42696629213483,12.359550561797752
E00057719,148,44,14,30,104,85,19,29.72972972972973,9.45945945945946,20.27027027027027,70.27027027027027,57.432432432432435,12.837837837837837
E00057720,131,31,4,27,100,85,15,23.66412213740458,3.0534351145038165,20.610687022900763,76.33587786259542,64.8854961832061,11.450381679389313
E00057721,174,46,15,31,128,112,16,26.436781609195403,8.620689655172415,17.81609195402299,73.5632183908046,64.36781609195403,9.195402298850574
E00057722,239,66,21,45,173,149,24,27.615062761506277,8.786610878661087,18.828451882845187,72.38493723849372,62.34309623430963,10.0418410041841
E00057723,195,54,20,34,141,113,28,27.692307692307693,10.256410256410255,17.435897435897434,72.3076923076923,57.948717948717956,14.358974358974358
E00057724,173,51,13,38,122,107,15,29.47976878612717,7.514450867052023,21.965317919075144,70.52023121387283,61.849710982658955,8.670520231213873
E00057725,126,38,13,25,88,75,13,30.158730158730158,10.317460317460316,19.841269841269842,69.84126984126983,59.523809523809526,10.317460317460316
E00057727,242,45,7,38,197,167,30,18.59504132231405,2.8925619834710745,15.702479338842975,81.40495867768594,69.00826446280992,12.396694214876034
E00057728,187,57,26,31,130,107,23,30.481283422459892,13.903743315508022,16.577540106951872,69.5187165775401,57.21925133689839,12.299465240641712
E00057729,155,46,9,37,109,92,17,29.677419354838708,5.806451612903226,23.870967741935484,70.3225806451613,59.354838709677416,10.967741935483872
E00057730,118,40,11,29,78,68,10,33.89830508474576,9.322033898305085,24.576271186440678,66.10169491525424,57.6271186440678,8.47457627118644
E00057731,175,49,12,37,126,102,24,28.000000000000004,6.857142857142858,21.142857142857142,72,58.285714285714285,13.714285714285715
E00057732,178,45,11,34,133,117,16,25.280898876404496,6.179775280898876,19.101123595505616,74.71910112359551,65.73033707865169,8.98876404494382
E00057733,168,51,16,35,117,96,21,30.357142857142854,9.523809523809524,20.833333333333336,69.64285714285714,57.14285714285714,12.5
E00057734,175,61,23,38,114,102,12,34.85714285714286,13.142857142857142,21.714285714285715,65.14285714285715,58.285714285714285,6.857142857142858
E00057735,205,60,23,37,145,114,31,29.268292682926827,11.219512195121952,18.048780487804876,70.73170731707317,55.60975609756098,15.121951219512194
E00057736,147,22,6,16,125,113,12,14.965986394557824,4.081632653061225,10.884353741496598,85.03401360544217,76.87074829931973,8.16326530612245
E00057737,138,37,10,27,101,93,8,26.811594202898554,7.246376811594203,19.565217391304348,73.18840579710145,67.3913043478261,5.797101449275362
E00057738,186,54,22,32,132,105,27,29.03225806451613,11.827956989247312,17.20430107526882,70.96774193548387,56.451612903225815,14.516129032258066
E00057739,201,52,17,35,149,130,19,25.870646766169152,8.45771144278607,17.412935323383085,74.12935323383084,64.6766169154229,9.45273631840796
E00057740,177,87,47,40,90,72,18,49.152542372881356,26.55367231638418,22.598870056497177,50.847457627118644,40.67796610169492,10.16949152542373
E00057741,147,42,19,23,105,85,20,28.57142857142857,12.925170068027212,15.646258503401361,71.42857142857143,57.82312925170068,13.60544217687075
E00057742,158,56,23,33,102,82,20,35.44303797468354,14.556962025316455,20.88607594936709,64.55696202531645,51.89873417721519,12.658227848101266
E00057743,92,32,15,17,60,57,3,34.78260869565217,16.304347826086957,18.478260869565215,65.21739130434783,61.95652173913043,3.260869565217391
E00057744,155,40,15,25,115,101,14,25.806451612903224,9.67741935483871,16.129032258064516,74.19354838709677,65.16129032258064,9.032258064516128
E00057745,120,34,7,27,86,76,10,28.333333333333332,5.833333333333333,22.5,71.66666666666667,63.33333333333333,8.333333333333332
E00057746,107,40,13,27,67,66,1,37.38317757009346,12.149532710280374,25.233644859813083,62.616822429906534,61.6822429906542,0.9345794392523363
E00057747,183,40,8,32,143,121,22,21.85792349726776,4.371584699453552,17.48633879781421,78.14207650273224,66.12021857923497,12.021857923497267
E00057748,143,37,10,27,106,86,20,25.874125874125873,6.993006993006993,18.88111888111888,74.12587412587412,60.13986013986013,13.986013986013987
E00057749,105,28,1,27,77,66,11,26.666666666666668,0.9523809523809524,25.71428571428571,73.33333333333333,62.857142857142854,10.476190476190476
E00057751,98,32,7,25,66,58,8,32.6530612244898,7.142857142857142,25.510204081632654,67.3469387755102,59.183673469387756,8.16326530612245
E00057752,110,32,9,23,78,65,13,29.09090909090909,8.181818181818182,20.909090909090907,70.9090909090909,59.09090909090909,11.818181818181818
E00057753,114,30,16,14,84,74,10,26.31578947368421,14.035087719298245,12.280701754385964,73.68421052631578,64.91228070175438,8.771929824561402
E00057754,158,51,18,33,107,93,14,32.278481012658226,11.39240506329114,20.88607594936709,67.72151898734177,58.86075949367089,8.860759493670885
E00057755,135,34,13,21,101,76,25,25.185185185185183,9.62962962962963,15.555555555555555,74.81481481481481,56.2962962962963,18.51851851851852
E00057756,153,20,7,13,133,121,12,13.071895424836603,4.57516339869281,8.49673202614379,86.9281045751634,79.08496732026144,7.8431372549019605
E00057757,124,36,16,20,88,82,6,29.03225806451613,12.903225806451612,16.129032258064516,70.96774193548387,66.12903225806451,4.838709677419355
E00057758,137,39,17,22,98,80,18,28.467153284671532,12.408759124087592,16.05839416058394,71.53284671532847,58.3941605839416,13.138686131386862
E00057759,127,23,9,14,104,90,14,18.11023622047244,7.086614173228346,11.023622047244094,81.88976377952756,70.86614173228347,11.023622047244094
E00057760,93,22,4,18,71,64,7,23.655913978494624,4.301075268817205,19.35483870967742,76.34408602150538,68.81720430107528,7.526881720430108
E00057761,167,25,4,21,142,128,14,14.97005988023952,2.3952095808383236,12.574850299401197,85.02994011976048,76.64670658682635,8.383233532934131
E00057762,154,54,14,40,100,88,12,35.064935064935064,9.090909090909092,25.97402597402597,64.93506493506493,57.14285714285714,7.792207792207792
E00057763,171,48,18,30,123,109,14,28.07017543859649,10.526315789473683,17.543859649122805,71.9298245614035,63.74269005847953,8.187134502923977
E00057764,182,59,18,41,123,115,8,32.417582417582416,9.89010989010989,22.52747252747253,67.58241758241759,63.18681318681318,4.395604395604396
E00057765,166,42,8,34,124,109,15,25.301204819277107,4.819277108433735,20.481927710843372,74.69879518072288,65.66265060240963,9.036144578313253
E00057766,185,32,5,27,153,131,22,17.2972972972973,2.7027027027027026,14.594594594594595,82.70270270270271,70.8108108108108,11.891891891891893
E00057767,137,40,12,28,97,93,4,29.1970802919708,8.75912408759124,20.437956204379564,70.8029197080292,67.88321167883211,2.9197080291970803
E00057768,153,44,12,32,109,93,16,28.75816993464052,7.8431372549019605,20.915032679738562,71.24183006535948,60.78431372549019,10.457516339869281
E00057769,166,40,9,31,126,111,15,24.096385542168676,5.421686746987952,18.67469879518072,75.90361445783132,66.86746987951807,9.036144578313253
E00057770,147,34,9,25,113,98,15,23.12925170068027,6.122448979591836,17.006802721088434,76.87074829931973,66.66666666666666,10.204081632653061
E00057771,162,21,3,18,141,124,17,12.962962962962962,1.8518518518518516,11.11111111111111,87.03703703703704,76.5432098765432,10.493827160493826
E00057772,111,33,8,25,78,69,9,29.72972972972973,7.207207207207207,22.52252252252252,70.27027027027027,62.16216216216216,8.108108108108109
E00057773,157,31,8,23,126,110,16,19.745222929936308,5.095541401273886,14.64968152866242,80.2547770700637,70.06369426751591,10.191082802547772
E00057774,115,39,12,27,76,63,13,33.91304347826087,10.434782608695652,23.47826086956522,66.08695652173913,54.78260869565217,11.304347826086957
E00057775,154,41,12,29,113,92,21,26.623376623376622,7.792207792207792,18.83116883116883,73.37662337662337,59.74025974025974,13.636363636363635
E00057776,127,47,15,32,80,70,10,37.00787401574803,11.811023622047244,25.196850393700785,62.99212598425197,55.118110236220474,7.874015748031496
E00057777,100,49,19,30,51,45,6,49,19,30,51,45,6
E00057778,128,33,6,27,95,86,9,25.78125,4.6875,21.09375,74.21875,67.1875,7.03125
E00057779,120,43,16,27,77,69,8,35.833333333333336,13.333333333333334,22.5,64.16666666666667,57.49999999999999,6.666666666666667
E00057780,129,49,18,31,80,71,9,37.98449612403101,13.953488372093023,24.031007751937985,62.01550387596899,55.03875968992248,6.976744186046512
E00057781,113,40,10,30,73,62,11,35.39823008849557,8.849557522123893,26.548672566371685,64.60176991150442,54.86725663716814,9.734513274336283
E00057782,107,41,13,28,66,61,5,38.31775700934579,12.149532710280374,26.168224299065418,61.6822429906542,57.009345794392516,4.672897196261682
E00057783,119,50,11,39,69,64,5,42.016806722689076,9.243697478991598,32.773109243697476,57.98319327731093,53.78151260504202,4.201680672268908
E00057784,123,52,13,39,71,64,7,42.27642276422765,10.569105691056912,31.70731707317073,57.72357723577236,52.03252032520326,5.691056910569105
E00057785,134,44,10,34,90,84,6,32.83582089552239,7.462686567164178,25.37313432835821,67.16417910447761,62.68656716417911,4.477611940298507
E00057786,147,35,5,30,112,102,10,23.809523809523807,3.4013605442176873,20.408163265306122,76.19047619047619,69.38775510204081,6.802721088435375
E00057787,175,42,15,27,133,117,16,24,8.571428571428571,15.428571428571427,76,66.85714285714286,9.142857142857142
E00057788,116,39,11,28,77,70,7,33.62068965517241,9.482758620689655,24.137931034482758,66.37931034482759,60.3448275862069,6.0344827586206895
E00057789,107,38,13,25,69,57,12,35.51401869158878,12.149532710280374,23.364485981308412,64.48598130841121,53.271028037383175,11.214953271028037
E00057790,120,19,6,13,101,97,4,15.833333333333332,5,10.833333333333334,84.16666666666667,80.83333333333333,3.3333333333333335
E00057791,119,41,13,28,78,72,6,34.45378151260504,10.92436974789916,23.52941176470588,65.54621848739495,60.50420168067227,5.042016806722689
E00057792,153,32,12,20,121,110,11,20.915032679738562,7.8431372549019605,13.071895424836603,79.08496732026144,71.89542483660131,7.18954248366013
E00057793,106,28,7,21,78,66,12,26.41509433962264,6.60377358490566,19.81132075471698,73.58490566037736,62.264150943396224,11.320754716981133
E00057794,85,34,9,25,51,47,4,40,10.588235294117647,29.411764705882355,60,55.294117647058826,4.705882352941177
E00057795,164,45,5,40,119,99,20,27.439024390243905,3.048780487804878,24.390243902439025,72.5609756097561,60.36585365853659,12.195121951219512
E00057796,115,26,6,20,89,84,5,22.608695652173914,5.217391304347826,17.391304347826086,77.39130434782608,73.04347826086956,4.3478260869565215
E00057797,165,47,11,36,118,108,10,28.484848484848484,6.666666666666667,21.818181818181817,71.51515151515152,65.45454545454545,6.0606060606060606
E00057798,136,42,15,27,94,80,14,30.88235294117647,11.029411764705882,19.852941176470587,69.11764705882352,58.82352941176471,10.294117647058822
E00057799,100,28,9,19,72,68,4,28.000000000000004,9,19,72,68,4
E00057800,96,29,7,22,67,59,8,30.208333333333332,7.291666666666667,22.916666666666664,69.79166666666666,61.458333333333336,8.333333333333332
E00057801,132,53,14,39,79,73,6,40.15151515151515,10.606060606060606,29.545454545454547,59.84848484848485,55.3030303030303,4.545454545454546
E00057802,79,34,11,23,45,45,0,43.037974683544306,13.924050632911392,29.11392405063291,56.9620253164557,56.9620253164557,0
E00057803,101,40,13,27,61,54,7,39.603960396039604,12.871287128712872,26.732673267326735,60.396039603960396,53.46534653465347,6.9306930693069315
E00057804,115,43,11,32,72,66,6,37.391304347826086,9.565217391304348,27.82608695652174,62.60869565217392,57.391304347826086,5.217391304347826
E00057805,113,30,7,23,83,75,8,26.548672566371685,6.1946902654867255,20.353982300884958,73.45132743362832,66.3716814159292,7.079646017699115
E00057806,237,71,12,59,166,148,18,29.957805907172997,5.063291139240507,24.894514767932492,70.042194092827,62.447257383966246,7.59493670886076
E00057807,70,22,1,21,48,47,1,31.428571428571427,1.4285714285714286,30,68.57142857142857,67.14285714285714,1.4285714285714286
E00057808,116,47,17,30,69,65,4,40.51724137931034,14.655172413793101,25.862068965517242,59.48275862068966,56.03448275862068,3.4482758620689653
E00057809,124,31,9,22,93,77,16,25,7.258064516129033,17.741935483870968,75,62.096774193548384,12.903225806451612
E00057810,126,43,13,30,83,76,7,34.12698412698413,10.317460317460316,23.809523809523807,65.87301587301587,60.317460317460316,5.555555555555555
E00057811,149,39,9,30,110,104,6,26.174496644295303,6.0402684563758395,20.13422818791946,73.8255033557047,69.79865771812081,4.026845637583892
E00057812,108,25,8,17,83,76,7,23.14814814814815,7.4074074074074066,15.74074074074074,76.85185185185185,70.37037037037037,6.481481481481481
E00057813,133,36,17,19,97,84,13,27.06766917293233,12.781954887218044,14.285714285714285,72.93233082706767,63.1578947368421,9.774436090225564
E00057814,141,45,14,31,96,86,10,31.914893617021278,9.929078014184398,21.98581560283688,68.08510638297872,60.99290780141844,7.092198581560284
E00057815,149,33,7,26,116,98,18,22.14765100671141,4.697986577181208,17.449664429530202,77.85234899328859,65.77181208053692,12.080536912751679
E00057816,128,34,2,32,94,81,13,26.5625,1.5625,25,73.4375,63.28125,10.15625
E00057817,150,48,13,35,102,95,7,32,8.666666666666668,23.333333333333332,68,63.33333333333333,4.666666666666667
E00057818,103,42,7,35,61,57,4,40.77669902912621,6.796116504854369,33.980582524271846,59.22330097087378,55.33980582524271,3.8834951456310676
E00057819,130,48,16,32,82,75,7,36.92307692307693,12.307692307692308,24.615384615384617,63.07692307692307,57.692307692307686,5.384615384615385
E00057820,99,24,3,21,75,69,6,24.242424242424242,3.0303030303030303,21.21212121212121,75.75757575757575,69.6969696969697,6.0606060606060606
E00057821,117,33,12,21,84,81,3,28.205128205128204,10.256410256410255,17.94871794871795,71.7948717948718,69.23076923076923,2.564102564102564
E00057822,135,36,10,26,99,87,12,26.666666666666668,7.4074074074074066,19.25925925925926,73.33333333333333,64.44444444444444,8.88888888888889
E00057823,108,34,10,24,74,69,5,31.48148148148148,9.25925925925926,22.22222222222222,68.51851851851852,63.888888888888886,4.62962962962963
E00057824,151,43,11,32,108,97,11,28.47682119205298,7.28476821192053,21.192052980132452,71.52317880794702,64.23841059602648,7.28476821192053
E00057826,134,22,7,15,112,102,10,16.417910447761194,5.223880597014925,11.194029850746269,83.5820895522388,76.11940298507463,7.462686567164178
E00057827,130,46,17,29,84,81,3,35.38461538461539,13.076923076923078,22.30769230769231,64.61538461538461,62.30769230769231,2.307692307692308
E00057829,89,31,6,25,58,51,7,34.831460674157306,6.741573033707865,28.08988764044944,65.1685393258427,57.30337078651685,7.865168539325842
E00057830,81,34,13,21,47,44,3,41.9753086419753,16.049382716049383,25.925925925925924,58.0246913580247,54.32098765432099,3.7037037037037033
E00057831,104,41,12,29,63,53,10,39.42307692307692,11.538461538461538,27.884615384615387,60.57692307692307,50.96153846153846,9.615384615384617
E00057832,178,55,30,25,123,110,13,30.89887640449438,16.853932584269664,14.04494382022472,69.10112359550563,61.79775280898876,7.303370786516854
E00057833,159,67,32,35,92,86,6,42.138364779874216,20.125786163522015,22.0125786163522,57.861635220125784,54.088050314465406,3.7735849056603774
E00057834,123,40,11,29,83,74,9,32.52032520325203,8.94308943089431,23.577235772357724,67.47967479674797,60.16260162601627,7.317073170731707
E00057835,152,59,15,44,93,83,10,38.81578947368421,9.868421052631579,28.947368421052634,61.18421052631579,54.60526315789473,6.578947368421052
E00057838,169,50,16,34,119,103,16,29.585798816568047,9.467455621301776,20.118343195266274,70.41420118343196,60.946745562130175,9.467455621301776
E00057839,146,30,7,23,116,97,19,20.54794520547945,4.794520547945205,15.753424657534246,79.45205479452055,66.43835616438356,13.013698630136986
E00057840,161,42,8,34,119,106,13,26.08695652173913,4.968944099378882,21.11801242236025,73.91304347826086,65.83850931677019,8.074534161490684
E00057841,118,36,12,24,82,71,11,30.508474576271187,10.16949152542373,20.33898305084746,69.49152542372882,60.16949152542372,9.322033898305085
E00057842,183,34,15,19,149,128,21,18.579234972677597,8.19672131147541,10.382513661202186,81.4207650273224,69.94535519125684,11.475409836065573
E00057843,107,41,12,29,66,61,5,38.31775700934579,11.214953271028037,27.102803738317753,61.6822429906542,57.009345794392516,4.672897196261682
E00057844,164,49,16,33,115,103,12,29.878048780487802,9.75609756097561,20.121951219512198,70.1219512195122,62.80487804878049,7.317073170731707
E00057845,193,69,34,35,124,111,13,35.751295336787564,17.616580310880828,18.134715025906736,64.24870466321244,57.51295336787565,6.7357512953367875
E00057846,167,52,19,33,115,104,11,31.137724550898206,11.377245508982035,19.760479041916167,68.8622754491018,62.27544910179641,6.58682634730539
E00057847,138,27,9,18,111,101,10,19.565217391304348,6.521739130434782,13.043478260869565,80.43478260869566,73.18840579710145,7.246376811594203
E00057848,184,42,14,28,142,127,15,22.82608695652174,7.608695652173914,15.217391304347828,77.17391304347827,69.02173913043478,8.152173913043478
E00057849,128,66,43,23,62,57,5,51.5625,33.59375,17.96875,48.4375,44.53125,3.90625
E00057850,162,39,13,26,123,116,7,24.074074074074073,8.024691358024691,16.049382716049383,75.92592592592592,71.60493827160494,4.320987654320987
E00057851,210,42,14,28,168,150,18,20,6.666666666666667,13.333333333333334,80,71.42857142857143,8.571428571428571
E00057852,238,76,45,31,162,152,10,31.932773109243694,18.907563025210084,13.025210084033615,68.0672268907563,63.86554621848739,4.201680672268908
E00057853,88,31,11,20,57,48,9,35.22727272727273,12.5,22.727272727272727,64.77272727272727,54.54545454545454,10.227272727272728
E00057854,236,85,45,40,151,134,17,36.016949152542374,19.06779661016949,16.94915254237288,63.983050847457626,56.779661016949156,7.203389830508475
E00057855,151,76,39,37,75,68,7,50.331125827814574,25.82781456953642,24.503311258278146,49.668874172185426,45.033112582781456,4.635761589403973
E00057856,104,39,22,17,65,58,7,37.5,21.153846153846153,16.346153846153847,62.5,55.769230769230774,6.730769230769231
E00057857,114,54,25,29,60,57,3,47.368421052631575,21.929824561403507,25.438596491228072,52.63157894736842,50,2.631578947368421
E00057858,125,47,24,23,78,72,6,37.6,19.2,18.4,62.4,57.599999999999994,4.8
E00057859,178,87,38,49,91,84,7,48.87640449438202,21.34831460674157,27.52808988764045,51.12359550561798,47.19101123595505,3.932584269662921
E00057860,106,35,6,29,71,68,3,33.0188679245283,5.660377358490567,27.358490566037734,66.98113207547169,64.15094339622641,2.8301886792452833
E00057861,100,33,10,23,67,60,7,33,10,23,67,60,7.000000000000001
E00057862,155,52,15,37,103,89,14,33.5483870967742,9.67741935483871,23.870967741935484,66.45161290322581,57.41935483870968,9.032258064516128
E00057863,85,25,7,18,60,52,8,29.411764705882355,8.235294117647058,21.176470588235293,70.58823529411765,61.1764705882353,9.411764705882353
E00057864,147,48,18,30,99,87,12,32.6530612244898,12.244897959183673,20.408163265306122,67.3469387755102,59.183673469387756,8.16326530612245
E00057865,137,41,11,30,96,89,7,29.927007299270077,8.02919708029197,21.897810218978105,70.07299270072993,64.96350364963503,5.109489051094891
E00057866,111,42,17,25,69,57,12,37.83783783783784,15.315315315315313,22.52252252252252,62.16216216216216,51.35135135135135,10.81081081081081
E00057867,159,52,17,35,107,91,16,32.70440251572327,10.69182389937107,22.0125786163522,67.29559748427673,57.23270440251572,10.062893081761008
E00057868,177,16,4,12,161,148,13,9.03954802259887,2.2598870056497176,6.779661016949152,90.96045197740112,83.61581920903954,7.344632768361582
E00057869,122,39,13,26,83,76,7,31.967213114754102,10.655737704918032,21.311475409836063,68.0327868852459,62.295081967213115,5.737704918032787
E00057871,166,25,4,21,141,129,12,15.060240963855422,2.4096385542168677,12.650602409638553,84.93975903614458,77.71084337349397,7.228915662650602
E00057872,109,35,7,28,74,61,13,32.11009174311927,6.422018348623854,25.688073394495415,67.88990825688074,55.96330275229357,11.926605504587156
E00057873,202,44,13,31,158,141,17,21.782178217821784,6.435643564356436,15.346534653465346,78.21782178217822,69.80198019801979,8.415841584158416
E00057874,135,27,8,19,108,96,12,20,5.9259259259259265,14.074074074074074,80,71.11111111111111,8.88888888888889
E00057875,180,58,18,40,122,111,11,32.22222222222222,10,22.22222222222222,67.77777777777779,61.66666666666667,6.111111111111111
E00057876,120,47,9,38,73,64,9,39.166666666666664,7.5,31.666666666666664,60.83333333333333,53.333333333333336,7.5
E00057877,64,23,6,17,41,40,1,35.9375,9.375,26.5625,64.0625,62.5,1.5625
E00057878,185,42,20,22,143,124,19,22.702702702702705,10.81081081081081,11.891891891891893,77.29729729729729,67.02702702702703,10.27027027027027
E00057879,237,53,17,36,184,172,12,22.362869198312236,7.172995780590717,15.18987341772152,77.63713080168776,72.57383966244726,5.063291139240507
E00057880,93,29,12,17,64,54,10,31.182795698924732,12.903225806451612,18.27956989247312,68.81720430107528,58.06451612903226,10.75268817204301
E00057881,200,47,16,31,153,139,14,23.5,8,15.5,76.5,69.5,7.000000000000001
E00057882,205,46,17,29,159,143,16,22.439024390243905,8.292682926829269,14.146341463414632,77.5609756097561,69.7560975609756,7.804878048780488
E00057883,175,36,11,25,139,132,7,20.57142857142857,6.2857142857142865,14.285714285714285,79.42857142857143,75.42857142857143,4
E00057884,187,61,23,38,126,122,4,32.62032085561498,12.299465240641712,20.32085561497326,67.37967914438502,65.24064171122996,2.13903743315508
E00057885,212,67,22,45,145,134,11,31.60377358490566,10.377358490566039,21.22641509433962,68.39622641509435,63.20754716981132,5.188679245283019
E00057887,218,84,37,47,134,118,16,38.53211009174312,16.972477064220186,21.55963302752294,61.46788990825688,54.12844036697248,7.339449541284404
E00057888,71,27,11,16,44,41,3,38.028169014084504,15.492957746478872,22.535211267605636,61.97183098591549,57.74647887323944,4.225352112676056
E00057889,175,56,17,39,119,109,10,32,9.714285714285714,22.285714285714285,68,62.28571428571429,5.714285714285714
E00057891,276,83,35,48,193,173,20,30.07246376811594,12.681159420289855,17.391304347826086,69.92753623188406,62.68115942028986,7.246376811594203
E00057892,189,63,31,32,126,112,14,33.33333333333333,16.402116402116402,16.93121693121693,66.66666666666666,59.25925925925925,7.4074074074074066
E00057893,157,53,15,38,104,88,16,33.75796178343949,9.554140127388536,24.203821656050955,66.2420382165605,56.05095541401274,10.191082802547772
E00057894,201,79,50,29,122,112,10,39.30348258706468,24.875621890547265,14.427860696517413,60.69651741293532,55.72139303482587,4.975124378109453
E00057895,125,26,8,18,99,89,10,20.8,6.4,14.399999999999999,79.2,71.2,8
E00057896,140,52,21,31,88,85,3,37.142857142857146,15,22.142857142857142,62.857142857142854,60.71428571428571,2.142857142857143
E00057897,165,54,24,30,111,105,6,32.72727272727273,14.545454545454545,18.181818181818183,67.27272727272727,63.63636363636363,3.6363636363636362
E00057898,207,84,39,45,123,118,5,40.57971014492754,18.84057971014493,21.73913043478261,59.42028985507246,57.00483091787439,2.4154589371980677
E00057899,173,34,9,25,139,129,10,19.653179190751445,5.202312138728324,14.450867052023122,80.34682080924856,74.56647398843931,5.780346820809249
E00057900,198,43,15,28,155,142,13,21.71717171717172,7.575757575757576,14.14141414141414,78.28282828282829,71.71717171717171,6.565656565656567
E00057901,181,49,12,37,132,118,14,27.071823204419886,6.629834254143646,20.441988950276244,72.92817679558011,65.19337016574586,7.734806629834254
E00057902,222,53,21,32,169,151,18,23.873873873873876,9.45945945945946,14.414414414414415,76.12612612612612,68.01801801801803,8.108108108108109
E00057903,141,45,9,36,96,91,5,31.914893617021278,6.382978723404255,25.53191489361702,68.08510638297872,64.53900709219859,3.546099290780142
E00057904,154,40,10,30,114,106,8,25.97402597402597,6.493506493506493,19.480519480519483,74.02597402597402,68.83116883116884,5.194805194805195
E00057905,128,35,9,26,93,79,14,27.34375,7.03125,20.3125,72.65625,61.71875,10.9375
E00057906,151,31,7,24,120,107,13,20.52980132450331,4.635761589403973,15.894039735099339,79.47019867549669,70.86092715231787,8.609271523178808
E00057907,117,37,7,30,80,74,6,31.62393162393162,5.982905982905983,25.64102564102564,68.37606837606837,63.24786324786324,5.128205128205128
E00057908,112,45,12,33,67,64,3,40.17857142857143,10.714285714285714,29.464285714285715,59.82142857142857,57.14285714285714,2.6785714285714284
E00057909,162,29,10,19,133,121,12,17.901234567901234,6.172839506172839,11.728395061728394,82.09876543209876,74.69135802469135,7.4074074074074066
E00057911,191,45,13,32,146,128,18,23.56020942408377,6.806282722513089,16.75392670157068,76.43979057591623,67.01570680628272,9.424083769633508
E00057913,119,39,8,31,80,74,6,32.773109243697476,6.722689075630252,26.05042016806723,67.22689075630252,62.18487394957983,5.042016806722689
E00057914,103,36,8,28,67,64,3,34.95145631067961,7.766990291262135,27.184466019417474,65.0485436893204,62.13592233009708,2.912621359223301
E00057916,197,48,16,32,149,131,18,24.36548223350254,8.121827411167512,16.243654822335024,75.63451776649747,66.49746192893402,9.137055837563452
E00057917,152,53,10,43,99,89,10,34.868421052631575,6.578947368421052,28.289473684210524,65.13157894736842,58.55263157894737,6.578947368421052
E00057918,134,28,6,22,106,90,16,20.8955223880597,4.477611940298507,16.417910447761194,79.1044776119403,67.16417910447761,11.940298507462686
E00057919,145,54,13,41,91,85,6,37.24137931034483,8.96551724137931,28.27586206896552,62.758620689655174,58.620689655172406,4.137931034482759
E00057920,168,41,12,29,127,113,14,24.404761904761905,7.142857142857142,17.261904761904763,75.59523809523809,67.26190476190477,8.333333333333332
E00057921,157,43,9,34,114,105,9,27.388535031847134,5.7324840764331215,21.656050955414013,72.61146496815286,66.87898089171973,5.7324840764331215
E00057922,87,28,7,21,59,53,6,32.18390804597701,8.045977011494253,24.137931034482758,67.81609195402298,60.91954022988506,6.896551724137931
E00057923,130,40,11,29,90,82,8,30.76923076923077,8.461538461538462,22.30769230769231,69.23076923076923,63.07692307692307,6.153846153846154
E00057924,140,52,13,39,88,81,7,37.142857142857146,9.285714285714286,27.857142857142858,62.857142857142854,57.85714285714286,5
E00057925,193,37,13,24,156,129,27,19.170984455958546,6.7357512953367875,12.435233160621761,80.82901554404145,66.83937823834198,13.989637305699482
E00057926,133,42,13,29,91,82,9,31.57894736842105,9.774436090225564,21.804511278195488,68.42105263157895,61.65413533834586,6.7669172932330826
E00057927,149,32,10,22,117,104,13,21.476510067114095,6.7114093959731544,14.76510067114094,78.52348993288591,69.79865771812081,8.724832214765101
E00057928,139,34,10,24,105,97,8,24.46043165467626,7.1942446043165464,17.26618705035971,75.53956834532374,69.7841726618705,5.755395683453238
E00057929,187,45,10,35,142,134,8,24.06417112299465,5.347593582887701,18.71657754010695,75.93582887700535,71.65775401069519,4.27807486631016
E00057932,143,39,9,30,104,87,17,27.27272727272727,6.293706293706294,20.97902097902098,72.72727272727273,60.83916083916085,11.888111888111888
E00057933,98,31,8,23,67,67,0,31.63265306122449,8.16326530612245,23.46938775510204,68.36734693877551,68.36734693877551,0
E00057934,119,33,11,22,86,76,10,27.73109243697479,9.243697478991598,18.487394957983195,72.26890756302521,63.86554621848739,8.403361344537815
E00057935,170,50,18,32,120,110,10,29.411764705882355,10.588235294117647,18.823529411764707,70.58823529411765,64.70588235294117,5.88235294117647
E00057936,120,39,12,27,81,72,9,32.5,10,22.5,67.5,60,7.5
E00057937,190,49,17,32,141,124,17,25.789473684210527,8.947368421052632,16.842105263157894,74.21052631578947,65.26315789473685,8.947368421052632
E00057938,177,60,16,44,117,105,12,33.89830508474576,9.03954802259887,24.858757062146893,66.10169491525424,59.32203389830508,6.779661016949152
E00057939,199,46,9,37,153,137,16,23.115577889447238,4.522613065326634,18.592964824120603,76.88442211055276,68.84422110552764,8.040201005025125
E00057940,208,46,12,34,162,140,22,22.115384615384613,5.769230769230769,16.346153846153847,77.88461538461539,67.3076923076923,10.576923076923077
E00057941,164,40,10,30,124,107,17,24.390243902439025,6.097560975609756,18.29268292682927,75.60975609756098,65.2439024390244,10.365853658536585
E00057942,118,44,16,28,74,66,8,37.28813559322034,13.559322033898304,23.728813559322035,62.71186440677966,55.932203389830505,6.779661016949152
E00057943,86,29,7,22,57,53,4,33.72093023255814,8.13953488372093,25.581395348837212,66.27906976744185,61.627906976744185,4.651162790697675
E00057944,145,34,12,22,111,90,21,23.448275862068964,8.275862068965518,15.172413793103448,76.55172413793103,62.06896551724138,14.482758620689657
E00057945,45,13,6,7,32,30,2,28.888888888888886,13.333333333333334,15.555555555555555,71.11111111111111,66.66666666666666,4.444444444444445
E00057946,195,75,20,55,120,111,9,38.46153846153847,10.256410256410255,28.205128205128204,61.53846153846154,56.92307692307692,4.615384615384616
E00057947,89,22,8,14,67,55,12,24.719101123595504,8.98876404494382,15.730337078651685,75.28089887640449,61.79775280898876,13.48314606741573
E00057949,76,26,8,18,50,48,2,34.21052631578947,10.526315789473683,23.684210526315788,65.78947368421053,63.1578947368421,2.631578947368421
E00057950,189,46,15,31,143,129,14,24.33862433862434,7.936507936507936,16.402116402116402,75.66137566137566,68.25396825396825,7.4074074074074066
E00057951,201,48,10,38,153,137,16,23.88059701492537,4.975124378109453,18.90547263681592,76.11940298507463,68.1592039800995,7.960199004975125
E00057952,97,38,9,29,59,55,4,39.175257731958766,9.278350515463918,29.896907216494846,60.824742268041234,56.70103092783505,4.123711340206185
E00057955,173,36,11,25,137,114,23,20.809248554913296,6.358381502890173,14.450867052023122,79.1907514450867,65.89595375722543,13.294797687861271
E00057956,110,43,9,34,67,63,4,39.09090909090909,8.181818181818182,30.909090909090907,60.909090909090914,57.27272727272727,3.6363636363636362
E00057957,183,33,4,29,150,138,12,18.0327868852459,2.185792349726776,15.846994535519126,81.9672131147541,75.40983606557377,6.557377049180328
E00057959,137,47,14,33,90,71,19,34.306569343065696,10.218978102189782,24.087591240875913,65.69343065693431,51.82481751824818,13.86861313868613
E00057960,224,71,17,54,153,137,16,31.69642857142857,7.5892857142857135,24.107142857142858,68.30357142857143,61.16071428571429,7.142857142857142
E00057961,244,76,19,57,168,147,21,31.147540983606557,7.786885245901639,23.36065573770492,68.85245901639344,60.245901639344254,8.60655737704918
E00057962,184,43,9,34,141,127,14,23.369565217391305,4.891304347826087,18.478260869565215,76.63043478260869,69.02173913043478,7.608695652173914
E00057963,169,40,11,29,129,113,16,23.668639053254438,6.508875739644971,17.159763313609467,76.33136094674556,66.86390532544378,9.467455621301776
E00057965,273,60,22,38,213,190,23,21.978021978021978,8.058608058608058,13.91941391941392,78.02197802197803,69.59706959706959,8.424908424908425
E00057966,136,38,8,30,98,88,10,27.941176470588236,5.88235294117647,22.058823529411764,72.05882352941177,64.70588235294117,7.352941176470589
E00057967,96,36,10,26,60,52,8,37.5,10.416666666666668,27.083333333333332,62.5,54.166666666666664,8.333333333333332
E00057968,138,36,14,22,102,86,16,26.08695652173913,10.144927536231885,15.942028985507244,73.91304347826086,62.31884057971014,11.594202898550725
E00057969,153,40,12,28,113,99,14,26.143790849673206,7.8431372549019605,18.30065359477124,73.8562091503268,64.70588235294117,9.15032679738562
E00057970,104,33,7,26,71,64,7,31.73076923076923,6.730769230769231,25,68.26923076923077,61.53846153846154,6.730769230769231
E00057971,154,58,23,35,96,83,13,37.66233766233766,14.935064935064934,22.727272727272727,62.33766233766234,53.896103896103895,8.441558441558442
E00057972,148,36,7,29,112,95,17,24.324324324324326,4.72972972972973,19.594594594594593,75.67567567567568,64.1891891891892,11.486486486486488
E00057973,168,44,10,34,124,107,17,26.190476190476193,5.952380952380952,20.238095238095237,73.80952380952381,63.69047619047619,10.119047619047619
E00057974,189,43,18,25,146,123,23,22.75132275132275,9.523809523809524,13.227513227513226,77.24867724867724,65.07936507936508,12.16931216931217
E00057975,202,49,12,37,153,138,15,24.257425742574256,5.9405940594059405,18.316831683168317,75.74257425742574,68.31683168316832,7.425742574257425
E00057976,117,37,17,20,80,78,2,31.62393162393162,14.529914529914532,17.094017094017094,68.37606837606837,66.66666666666666,1.7094017094017095
E00057977,140,40,14,26,100,85,15,28.57142857142857,10,18.571428571428573,71.42857142857143,60.71428571428571,10.714285714285714
E00057978,170,58,22,36,112,92,20,34.11764705882353,12.941176470588237,21.176470588235293,65.88235294117646,54.11764705882353,11.76470588235294
E00057979,149,44,19,25,105,91,14,29.53020134228188,12.751677852348994,16.778523489932887,70.46979865771812,61.07382550335571,9.395973154362416
E00057980,250,60,19,41,190,168,22,24,7.6,16.400000000000002,76,67.2,8.799999999999999
E00057981,120,32,8,24,88,74,14,26.666666666666668,6.666666666666667,20,73.33333333333333,61.66666666666667,11.666666666666666
E00057982,159,34,15,19,125,105,20,21.38364779874214,9.433962264150944,11.949685534591195,78.61635220125787,66.0377358490566,12.578616352201259
E00057983,141,35,11,24,106,95,11,24.822695035460992,7.801418439716312,17.02127659574468,75.177304964539,67.37588652482269,7.801418439716312
E00057984,189,43,7,36,146,131,15,22.75132275132275,3.7037037037037033,19.047619047619047,77.24867724867724,69.31216931216932,7.936507936507936
E00057985,205,59,22,37,146,132,14,28.780487804878046,10.731707317073171,18.048780487804876,71.21951219512195,64.39024390243902,6.829268292682928
E00057986,159,43,15,28,116,107,9,27.044025157232703,9.433962264150944,17.61006289308176,72.95597484276729,67.29559748427673,5.660377358490567
E00057987,136,40,11,29,96,87,9,29.411764705882355,8.088235294117647,21.323529411764707,70.58823529411765,63.970588235294116,6.61764705882353
E00057988,162,55,12,43,107,91,16,33.95061728395062,7.4074074074074066,26.543209876543212,66.0493827160494,56.17283950617284,9.876543209876543
E00057989,169,43,13,30,126,104,22,25.443786982248522,7.6923076923076925,17.75147928994083,74.55621301775149,61.53846153846154,13.017751479289942
E00057990,144,31,11,20,113,91,22,21.52777777777778,7.638888888888889,13.88888888888889,78.47222222222221,63.19444444444444,15.277777777777779
E00057991,138,34,9,25,104,90,14,24.637681159420293,6.521739130434782,18.115942028985508,75.36231884057972,65.21739130434783,10.144927536231885
E00057992,192,58,18,40,134,112,22,30.208333333333332,9.375,20.833333333333336,69.79166666666666,58.333333333333336,11.458333333333332
E00057993,108,25,11,14,83,82,1,23.14814814814815,10.185185185185185,12.962962962962962,76.85185185185185,75.92592592592592,0.9259259259259258
E00057994,137,39,9,30,98,85,13,28.467153284671532,6.569343065693431,21.897810218978105,71.53284671532847,62.04379562043796,9.48905109489051
E00057995,97,33,7,26,64,53,11,34.02061855670103,7.216494845360824,26.804123711340207,65.97938144329896,54.63917525773196,11.34020618556701
E00057996,157,33,14,19,124,105,19,21.019108280254777,8.9171974522293,12.101910828025478,78.98089171974523,66.87898089171973,12.101910828025478
E00057997,137,50,18,32,87,81,6,36.496350364963504,13.138686131386862,23.357664233576642,63.503649635036496,59.12408759124088,4.37956204379562
E00057998,81,23,6,17,58,52,6,28.39506172839506,7.4074074074074066,20.98765432098765,71.60493827160494,64.19753086419753,7.4074074074074066
E00057999,157,38,7,31,119,106,13,24.203821656050955,4.45859872611465,19.745222929936308,75.79617834394905,67.51592356687898,8.280254777070063
E00058000,107,26,9,17,81,74,7,24.299065420560748,8.411214953271028,15.887850467289718,75.70093457943925,69.1588785046729,6.5420560747663545
E00058001,183,50,17,33,133,116,17,27.322404371584703,9.289617486338798,18.0327868852459,72.6775956284153,63.387978142076506,9.289617486338798
E00058002,120,49,16,33,71,71,0,40.833333333333336,13.333333333333334,27.500000000000004,59.166666666666664,59.166666666666664,0
E00058003,150,37,10,27,113,96,17,24.666666666666668,6.666666666666667,18,75.33333333333333,64,11.333333333333332
E00058004,161,41,7,34,120,111,9,25.465838509316768,4.3478260869565215,21.11801242236025,74.53416149068323,68.94409937888199,5.590062111801243
E00058005,134,34,12,22,100,88,12,25.37313432835821,8.955223880597014,16.417910447761194,74.6268656716418,65.67164179104478,8.955223880597014
E00058006,143,35,8,27,108,91,17,24.475524475524477,5.594405594405594,18.88111888111888,75.52447552447552,63.63636363636363,11.888111888111888
E00058007,173,44,12,32,129,114,15,25.43352601156069,6.9364161849710975,18.497109826589593,74.56647398843931,65.89595375722543,8.670520231213873
E00058008,46,16,5,11,30,23,7,34.78260869565217,10.869565217391305,23.91304347826087,65.21739130434783,50,15.217391304347828
E00058009,183,57,15,42,126,113,13,31.147540983606557,8.19672131147541,22.950819672131146,68.85245901639344,61.74863387978142,7.103825136612022
E00058010,167,62,22,40,105,89,16,37.12574850299401,13.17365269461078,23.952095808383234,62.874251497005986,53.293413173652695,9.580838323353294
E00058011,98,40,13,27,58,55,3,40.816326530612244,13.26530612244898,27.55102040816326,59.183673469387756,56.12244897959183,3.061224489795918
E00058012,130,29,7,22,101,92,9,22.30769230769231,5.384615384615385,16.923076923076923,77.6923076923077,70.76923076923077,6.923076923076923
E00058013,200,76,27,49,124,101,23,38,13.5,24.5,62,50.5,11.5
E00058014,171,53,10,43,118,97,21,30.994152046783626,5.847953216374268,25.146198830409354,69.00584795321637,56.72514619883041,12.280701754385964
E00058015,110,46,13,33,64,53,11,41.81818181818181,11.818181818181818,30,58.18181818181818,48.18181818181818,10
E00058016,350,108,49,59,242,206,36,30.857142857142854,14.000000000000002,16.857142857142858,69.14285714285714,58.857142857142854,10.285714285714285
E00058017,188,60,17,43,128,106,22,31.914893617021278,9.042553191489363,22.872340425531913,68.08510638297872,56.38297872340425,11.702127659574469
E00058018,82,27,10,17,55,41,14,32.926829268292686,12.195121951219512,20.73170731707317,67.07317073170732,50,17.073170731707318
E00058019,106,25,10,15,81,75,6,23.58490566037736,9.433962264150944,14.150943396226415,76.41509433962264,70.75471698113208,5.660377358490567
E00058020,174,46,20,26,128,112,16,26.436781609195403,11.494252873563218,14.942528735632186,73.5632183908046,64.36781609195403,9.195402298850574
E00058021,167,43,13,30,124,111,13,25.748502994011975,7.784431137724551,17.964071856287426,74.25149700598801,66.46706586826348,7.784431137724551
E00058022,62,23,11,12,39,37,2,37.096774193548384,17.741935483870968,19.35483870967742,62.903225806451616,59.67741935483871,3.225806451612903
E00058023,192,62,20,42,130,109,21,32.29166666666667,10.416666666666668,21.875,67.70833333333334,56.770833333333336,10.9375
E00058024,175,46,15,31,129,106,23,26.285714285714285,8.571428571428571,17.71428571428571,73.71428571428571,60.57142857142858,13.142857142857142
E00058025,121,30,3,27,91,82,9,24.793388429752067,2.479338842975207,22.31404958677686,75.20661157024794,67.76859504132231,7.43801652892562
E00058026,30,7,0,7,23,23,0,23.333333333333332,0,23.333333333333332,76.66666666666667,76.66666666666667,0
E00058027,170,46,9,37,124,104,20,27.058823529411764,5.294117647058823,21.764705882352942,72.94117647058823,61.1764705882353,11.76470588235294
E00058028,145,54,18,36,91,78,13,37.24137931034483,12.413793103448276,24.82758620689655,62.758620689655174,53.79310344827586,8.96551724137931
E00058029,100,31,7,24,69,60,9,31,7.000000000000001,24,69,60,9
E00058030,184,45,11,34,139,106,33,24.456521739130434,5.978260869565218,18.478260869565215,75.54347826086956,57.608695652173914,17.934782608695652
E00058031,167,34,13,21,133,113,20,20.359281437125748,7.784431137724551,12.574850299401197,79.64071856287424,67.66467065868264,11.976047904191617
E00058032,175,56,15,41,119,98,21,32,8.571428571428571,23.42857142857143,68,56.00000000000001,12
E00058033,176,47,18,29,129,109,20,26.704545454545453,10.227272727272728,16.477272727272727,73.29545454545455,61.93181818181818,11.363636363636363
E00058034,167,39,12,27,128,117,11,23.353293413173652,7.18562874251497,16.16766467065868,76.64670658682635,70.05988023952095,6.58682634730539
E00058036,160,55,24,31,105,98,7,34.375,15,19.375,65.625,61.25000000000001,4.375
E00058037,176,46,12,34,130,118,12,26.136363636363637,6.8181818181818175,19.318181818181817,73.86363636363636,67.04545454545455,6.8181818181818175
E00058038,130,41,14,27,89,78,11,31.538461538461537,10.76923076923077,20.76923076923077,68.46153846153847,60,8.461538461538462
E00058039,199,33,9,24,166,140,26,16.582914572864322,4.522613065326634,12.060301507537687,83.41708542713567,70.35175879396985,13.06532663316583
E00058040,126,37,17,20,89,77,12,29.365079365079367,13.492063492063492,15.873015873015872,70.63492063492063,61.111111111111114,9.523809523809524
E00058041,264,77,25,52,187,159,28,29.166666666666668,9.469696969696969,19.696969696969695,70.83333333333334,60.22727272727273,10.606060606060606
E00058043,148,35,13,22,113,97,16,23.64864864864865,8.783783783783784,14.864864864864865,76.35135135135135,65.54054054054053,10.81081081081081
E00058044,146,43,14,29,103,90,13,29.45205479452055,9.58904109589041,19.863013698630137,70.54794520547945,61.64383561643836,8.904109589041095
E00058045,116,38,11,27,78,65,13,32.758620689655174,9.482758620689655,23.275862068965516,67.24137931034483,56.03448275862068,11.206896551724139
E00058047,111,34,10,24,77,70,7,30.630630630630627,9.00900900900901,21.62162162162162,69.36936936936937,63.06306306306306,6.306306306306306
E00058048,200,52,18,34,148,125,23,26,9,17,74,62.5,11.5
E00058049,110,34,10,24,76,66,10,30.909090909090907,9.090909090909092,21.818181818181817,69.0909090909091,60,9.090909090909092
E00058050,142,39,10,29,103,92,11,27.464788732394368,7.042253521126761,20.422535211267608,72.53521126760563,64.7887323943662,7.746478873239436
E00058051,133,27,4,23,106,94,12,20.30075187969925,3.007518796992481,17.293233082706767,79.69924812030075,70.67669172932331,9.022556390977442
E00058052,84,32,10,22,52,44,8,38.095238095238095,11.904761904761903,26.190476190476193,61.904761904761905,52.38095238095239,9.523809523809524
E00058053,154,44,13,31,110,99,11,28.57142857142857,8.441558441558442,20.12987012987013,71.42857142857143,64.28571428571429,7.142857142857142
E00058054,121,34,11,23,87,79,8,28.09917355371901,9.090909090909092,19.00826446280992,71.900826446281,65.28925619834712,6.6115702479338845
E00058055,151,39,13,26,112,99,13,25.82781456953642,8.609271523178808,17.218543046357617,74.17218543046357,65.56291390728477,8.609271523178808
E00058056,156,31,7,24,125,101,24,19.871794871794872,4.487179487179487,15.384615384615385,80.12820512820514,64.74358974358975,15.384615384615385
E00058057,249,74,17,57,175,145,30,29.71887550200803,6.827309236947792,22.89156626506024,70.28112449799197,58.23293172690763,12.048192771084338
E00058058,135,30,10,20,105,88,17,22.22222222222222,7.4074074074074066,14.814814814814813,77.77777777777779,65.18518518518519,12.592592592592592
E00058059,268,70,22,48,198,159,39,26.119402985074625,8.208955223880597,17.91044776119403,73.88059701492537,59.32835820895522,14.55223880597015
E00058060,152,50,14,36,102,90,12,32.89473684210527,9.210526315789473,23.684210526315788,67.10526315789474,59.210526315789465,7.894736842105263
E00058061,119,38,17,21,81,69,12,31.932773109243694,14.285714285714285,17.647058823529413,68.0672268907563,57.98319327731093,10.084033613445378
E00058062,181,50,21,29,131,107,24,27.624309392265197,11.602209944751381,16.022099447513813,72.37569060773481,59.11602209944752,13.259668508287293
E00058063,140,36,10,26,104,87,17,25.71428571428571,7.142857142857142,18.571428571428573,74.28571428571429,62.142857142857146,12.142857142857142
E00058064,128,32,9,23,96,81,15,25,7.03125,17.96875,75,63.28125,11.71875
E00058065,56,14,7,7,42,39,3,25,12.5,12.5,75,69.64285714285714,5.357142857142857
E00058066,124,35,8,27,89,81,8,28.225806451612907,6.451612903225806,21.774193548387096,71.7741935483871,65.32258064516128,6.451612903225806
E00058067,162,47,18,29,115,95,20,29.01234567901235,11.11111111111111,17.901234567901234,70.98765432098766,58.64197530864198,12.345679012345679
E00058068,112,35,17,18,77,65,12,31.25,15.178571428571427,16.071428571428573,68.75,58.03571428571429,10.714285714285714
E00058069,151,40,16,24,111,97,14,26.490066225165563,10.596026490066226,15.894039735099339,73.50993377483444,64.23841059602648,9.271523178807946
E00058070,130,33,5,28,97,82,15,25.384615384615383,3.8461538461538463,21.53846153846154,74.61538461538461,63.07692307692307,11.538461538461538
E00058071,143,37,15,22,106,87,19,25.874125874125873,10.48951048951049,15.384615384615385,74.12587412587412,60.83916083916085,13.286713286713287
E00058072,187,40,13,27,147,117,30,21.390374331550802,6.951871657754011,14.43850267379679,78.6096256684492,62.56684491978609,16.042780748663102
E00058073,226,65,24,41,161,133,28,28.761061946902654,10.619469026548673,18.141592920353983,71.23893805309734,58.849557522123895,12.389380530973451
E00058074,121,32,7,25,89,79,10,26.446280991735538,5.785123966942149,20.66115702479339,73.55371900826447,65.28925619834712,8.264462809917356
E00058075,147,55,14,41,92,79,13,37.41496598639456,9.523809523809524,27.89115646258503,62.585034013605444,53.74149659863946,8.843537414965986
E00058076,160,50,26,24,110,95,15,31.25,16.25,15,68.75,59.375,9.375
E00058077,145,44,14,30,101,88,13,30.344827586206897,9.655172413793103,20.689655172413794,69.6551724137931,60.689655172413794,8.96551724137931
E00058078,216,45,9,36,171,146,25,20.833333333333336,4.166666666666666,16.666666666666664,79.16666666666666,67.5925925925926,11.574074074074074
E00058079,204,59,23,36,145,123,22,28.921568627450984,11.27450980392157,17.647058823529413,71.07843137254902,60.29411764705882,10.784313725490197
E00058080,109,28,9,19,81,74,7,25.688073394495415,8.256880733944955,17.431192660550458,74.31192660550458,67.88990825688074,6.422018348623854
E00058081,159,34,7,27,125,114,11,21.38364779874214,4.40251572327044,16.9811320754717,78.61635220125787,71.69811320754717,6.918238993710692
E00058082,234,57,19,38,177,147,30,24.358974358974358,8.11965811965812,16.23931623931624,75.64102564102564,62.82051282051282,12.82051282051282
E00058083,137,45,18,27,92,77,15,32.846715328467155,13.138686131386862,19.708029197080293,67.15328467153284,56.20437956204379,10.948905109489052
E00058084,126,30,7,23,96,85,11,23.809523809523807,5.555555555555555,18.253968253968253,76.19047619047619,67.46031746031747,8.73015873015873
E00058086,181,37,14,23,144,117,27,20.441988950276244,7.734806629834254,12.70718232044199,79.55801104972376,64.64088397790056,14.917127071823206
E00058087,166,50,9,41,116,100,16,30.120481927710845,5.421686746987952,24.69879518072289,69.87951807228916,60.24096385542169,9.63855421686747
E00058088,104,24,7,17,80,72,8,23.076923076923077,6.730769230769231,16.346153846153847,76.92307692307693,69.23076923076923,7.6923076923076925
E00058090,177,50,20,30,127,112,15,28.24858757062147,11.299435028248588,16.94915254237288,71.75141242937853,63.2768361581921,8.47457627118644
E00058091,256,64,19,45,192,174,18,25,7.421875,17.578125,75,67.96875,7.03125
E00058092,138,26,8,18,112,97,15,18.84057971014493,5.797101449275362,13.043478260869565,81.15942028985508,70.28985507246377,10.869565217391305
E00058093,149,40,11,29,109,86,23,26.845637583892618,7.38255033557047,19.463087248322147,73.15436241610739,57.71812080536913,15.436241610738255
E00058094,181,41,14,27,140,122,18,22.65193370165746,7.734806629834254,14.917127071823206,77.34806629834254,67.40331491712708,9.94475138121547
E00058095,180,51,19,32,129,104,25,28.333333333333332,10.555555555555555,17.77777777777778,71.66666666666667,57.77777777777777,13.88888888888889
E00058096,166,32,6,26,134,121,13,19.27710843373494,3.614457831325301,15.66265060240964,80.72289156626506,72.89156626506023,7.83132530120482
E00058097,111,33,10,23,78,70,8,29.72972972972973,9.00900900900901,20.72072072072072,70.27027027027027,63.06306306306306,7.207207207207207
E00058098,187,36,8,28,151,129,22,19.25133689839572,4.27807486631016,14.973262032085561,80.74866310160428,68.98395721925134,11.76470588235294
E00058099,206,55,14,41,151,135,16,26.699029126213592,6.796116504854369,19.902912621359224,73.30097087378641,65.53398058252428,7.766990291262135
E00058100,155,33,10,23,122,105,17,21.29032258064516,6.451612903225806,14.838709677419354,78.70967741935485,67.74193548387096,10.967741935483872
E00058101,198,58,20,38,140,117,23,29.292929292929294,10.1010101010101,19.19191919191919,70.70707070707071,59.09090909090909,11.616161616161616
E00058102,168,48,18,30,120,109,11,28.57142857142857,10.714285714285714,17.857142857142858,71.42857142857143,64.88095238095238,6.547619047619048
E00058103,148,50,15,35,98,92,6,33.78378378378378,10.135135135135135,23.64864864864865,66.21621621621621,62.16216216216216,4.054054054054054
E00058104,148,38,11,27,110,104,6,25.675675675675674,7.4324324324324325,18.243243243243242,74.32432432432432,70.27027027027027,4.054054054054054
E00058105,163,37,9,28,126,110,16,22.699386503067483,5.521472392638037,17.177914110429448,77.30061349693251,67.48466257668711,9.815950920245399
E00058106,152,36,6,30,116,100,16,23.684210526315788,3.9473684210526314,19.736842105263158,76.31578947368422,65.78947368421053,10.526315789473683
E00058107,200,51,12,39,149,132,17,25.5,6,19.5,74.5,66,8.5
E00058108,138,36,5,31,102,85,17,26.08695652173913,3.6231884057971016,22.463768115942027,73.91304347826086,61.59420289855072,12.318840579710146
E00058109,131,37,8,29,94,80,14,28.24427480916031,6.106870229007633,22.137404580152673,71.7557251908397,61.06870229007634,10.687022900763358
E00058110,127,32,10,22,95,82,13,25.196850393700785,7.874015748031496,17.322834645669293,74.80314960629921,64.56692913385827,10.236220472440944
E00058111,258,41,11,30,217,200,17,15.891472868217054,4.263565891472868,11.627906976744185,84.10852713178295,77.51937984496125,6.5891472868217065
E00058112,163,54,15,39,109,99,10,33.12883435582822,9.202453987730062,23.92638036809816,66.87116564417178,60.73619631901841,6.134969325153374
E00058113,116,28,4,24,88,77,11,24.137931034482758,3.4482758620689653,20.689655172413794,75.86206896551724,66.37931034482759,9.482758620689655
E00058114,141,32,11,21,109,100,9,22.69503546099291,7.801418439716312,14.893617021276595,77.30496453900709,70.92198581560284,6.382978723404255
E00058115,318,80,18,62,238,206,32,25.157232704402517,5.660377358490567,19.49685534591195,74.84276729559748,64.77987421383648,10.062893081761008
E00058116,84,25,6,19,59,52,7,29.761904761904763,7.142857142857142,22.61904761904762,70.23809523809523,61.904761904761905,8.333333333333332
E00058117,62,23,6,17,39,34,5,37.096774193548384,9.67741935483871,27.419354838709676,62.903225806451616,54.83870967741935,8.064516129032258
E00058118,118,49,18,31,69,65,4,41.52542372881356,15.254237288135593,26.27118644067797,58.47457627118644,55.08474576271186,3.389830508474576
E00058119,95,26,6,20,69,63,6,27.368421052631582,6.315789473684211,21.052631578947366,72.63157894736842,66.3157894736842,6.315789473684211
E00058120,167,55,11,44,112,100,12,32.93413173652694,6.58682634730539,26.34730538922156,67.06586826347305,59.88023952095808,7.18562874251497
E00058121,237,64,22,42,173,147,26,27.004219409282697,9.282700421940929,17.72151898734177,72.9957805907173,62.0253164556962,10.970464135021098
E00058122,78,20,8,12,58,53,5,25.64102564102564,10.256410256410255,15.384615384615385,74.35897435897436,67.94871794871796,6.41025641025641
E00058123,133,31,12,19,102,91,11,23.308270676691727,9.022556390977442,14.285714285714285,76.69172932330827,68.42105263157895,8.270676691729323
E00058124,69,18,6,12,51,46,5,26.08695652173913,8.695652173913043,17.391304347826086,73.91304347826086,66.66666666666666,7.246376811594203
E00058125,125,26,6,20,99,92,7,20.8,4.8,16,79.2,73.6,5.6000000000000005
E00058126,132,39,9,30,93,79,14,29.545454545454547,6.8181818181818175,22.727272727272727,70.45454545454545,59.84848484848485,10.606060606060606
E00058127,140,24,5,19,116,97,19,17.142857142857142,3.571428571428571,13.571428571428571,82.85714285714286,69.28571428571428,13.571428571428571
E00058128,208,63,25,38,145,119,26,30.288461538461537,12.01923076923077,18.269230769230766,69.71153846153845,57.21153846153846,12.5
E00058129,125,37,12,25,88,74,14,29.599999999999998,9.6,20,70.39999999999999,59.199999999999996,11.200000000000001
E00058130,353,70,19,51,283,246,37,19.8300283286119,5.382436260623229,14.44759206798867,80.16997167138811,69.68838526912181,10.48158640226629
E00058131,163,50,18,32,113,101,12,30.67484662576687,11.042944785276074,19.631901840490798,69.32515337423312,61.963190184049076,7.361963190184049
E00058132,236,63,15,48,173,148,25,26.69491525423729,6.3559322033898304,20.33898305084746,73.30508474576271,62.71186440677966,10.59322033898305
E00058133,195,55,13,42,140,119,21,28.205128205128204,6.666666666666667,21.53846153846154,71.7948717948718,61.02564102564103,10.76923076923077
E00058134,92,28,9,19,64,56,8,30.434782608695656,9.782608695652174,20.652173913043477,69.56521739130434,60.86956521739131,8.695652173913043
E00058135,126,38,11,27,88,68,20,30.158730158730158,8.73015873015873,21.428571428571427,69.84126984126983,53.96825396825397,15.873015873015872
E00058136,201,46,9,37,155,126,29,22.885572139303484,4.477611940298507,18.407960199004975,77.11442786069652,62.68656716417911,14.427860696517413
E00058137,113,32,13,19,81,74,7,28.31858407079646,11.504424778761061,16.8141592920354,71.68141592920354,65.48672566371681,6.1946902654867255
E00058138,178,38,6,32,140,126,14,21.34831460674157,3.3707865168539324,17.97752808988764,78.65168539325843,70.78651685393258,7.865168539325842
E00058139,108,29,6,23,79,68,11,26.851851851851855,5.555555555555555,21.296296296296298,73.14814814814815,62.96296296296296,10.185185185185185
E00058140,133,37,12,25,96,86,10,27.819548872180448,9.022556390977442,18.796992481203006,72.18045112781954,64.66165413533834,7.518796992481203
E00058141,148,57,20,37,91,75,16,38.513513513513516,13.513513513513514,25,61.48648648648649,50.67567567567568,10.81081081081081
E00058142,123,35,14,21,88,80,8,28.455284552845526,11.38211382113821,17.073170731707318,71.54471544715447,65.04065040650406,6.504065040650407
E00058143,190,54,17,37,136,113,23,28.421052631578945,8.947368421052632,19.473684210526315,71.57894736842105,59.473684210526315,12.105263157894736
E00058144,151,39,11,28,112,100,12,25.82781456953642,7.28476821192053,18.543046357615893,74.17218543046357,66.22516556291392,7.9470198675496695
E00058145,176,54,18,36,122,104,18,30.681818181818183,10.227272727272728,20.454545454545457,69.31818181818183,59.09090909090909,10.227272727272728
E00058146,159,36,9,27,123,107,16,22.641509433962266,5.660377358490567,16.9811320754717,77.35849056603774,67.29559748427673,10.062893081761008
E00058147,123,29,10,19,94,80,14,23.577235772357724,8.130081300813007,15.447154471544716,76.42276422764228,65.04065040650406,11.38211382113821
E00058148,161,41,7,34,120,106,14,25.465838509316768,4.3478260869565215,21.11801242236025,74.53416149068323,65.83850931677019,8.695652173913043
E00058149,138,39,6,33,99,87,12,28.26086956521739,4.3478260869565215,23.91304347826087,71.73913043478261,63.04347826086957,8.695652173913043
E00058150,113,30,5,25,83,73,10,26.548672566371685,4.424778761061947,22.123893805309734,73.45132743362832,64.60176991150442,8.849557522123893
E00058151,142,41,11,30,101,85,16,28.87323943661972,7.746478873239436,21.12676056338028,71.12676056338029,59.859154929577464,11.267605633802818
E00058152,152,46,20,26,106,91,15,30.263157894736842,13.157894736842104,17.105263157894736,69.73684210526315,59.86842105263158,9.868421052631579
E00058153,123,39,4,35,84,81,3,31.70731707317073,3.2520325203252036,28.455284552845526,68.29268292682927,65.85365853658537,2.4390243902439024
E00058154,150,38,12,26,112,94,18,25.333333333333336,8,17.333333333333336,74.66666666666667,62.66666666666667,12
E00058155,156,28,10,18,128,110,18,17.94871794871795,6.41025641025641,11.538461538461538,82.05128205128204,70.51282051282051,11.538461538461538
E00058156,171,48,8,40,123,106,17,28.07017543859649,4.678362573099415,23.391812865497073,71.9298245614035,61.98830409356725,9.941520467836257
E00058157,185,57,14,43,128,107,21,30.810810810810814,7.567567567567568,23.243243243243246,69.1891891891892,57.83783783783784,11.351351351351353
E00058158,211,60,17,43,151,127,24,28.436018957345972,8.056872037914692,20.379146919431278,71.56398104265402,60.18957345971564,11.374407582938389
E00058159,96,26,8,18,70,61,9,27.083333333333332,8.333333333333332,18.75,72.91666666666666,63.541666666666664,9.375
E00058160,141,37,15,22,104,85,19,26.24113475177305,10.638297872340425,15.602836879432624,73.75886524822694,60.28368794326241,13.47517730496454
E00058161,169,40,11,29,129,111,18,23.668639053254438,6.508875739644971,17.159763313609467,76.33136094674556,65.68047337278107,10.650887573964498
E00058162,114,44,17,27,70,60,10,38.59649122807017,14.912280701754385,23.684210526315788,61.40350877192983,52.63157894736842,8.771929824561402
E00058163,168,45,15,30,123,108,15,26.785714285714285,8.928571428571429,17.857142857142858,73.21428571428571,64.28571428571429,8.928571428571429
E00058164,173,39,17,22,134,116,18,22.54335260115607,9.826589595375722,12.716763005780345,77.45664739884393,67.05202312138728,10.404624277456648
E00058165,229,65,21,44,164,133,31,28.38427947598253,9.170305676855897,19.213973799126638,71.61572052401746,58.07860262008734,13.537117903930133
E00058166,122,37,8,29,85,77,8,30.327868852459016,6.557377049180328,23.770491803278688,69.67213114754098,63.114754098360656,6.557377049180328
E00058167,109,26,3,23,83,72,11,23.853211009174313,2.7522935779816518,21.100917431192663,76.14678899082568,66.05504587155964,10.091743119266056
E00058168,226,35,11,24,191,162,29,15.486725663716813,4.867256637168142,10.619469026548673,84.51327433628319,71.68141592920354,12.831858407079647
E00058169,134,40,6,34,94,87,7,29.850746268656714,4.477611940298507,25.37313432835821,70.1492537313433,64.92537313432835,5.223880597014925
E00058170,163,35,13,22,128,108,20,21.472392638036812,7.975460122699387,13.496932515337424,78.52760736196319,66.25766871165644,12.269938650306749
E00058171,133,40,13,27,93,82,11,30.075187969924812,9.774436090225564,20.30075187969925,69.92481203007519,61.65413533834586,8.270676691729323
E00058172,241,75,27,48,166,137,29,31.12033195020747,11.20331950207469,19.91701244813278,68.87966804979253,56.84647302904564,12.033195020746888
E00058173,191,54,12,42,137,121,16,28.272251308900525,6.282722513089005,21.98952879581152,71.72774869109948,63.35078534031413,8.37696335078534
E00058174,115,41,15,26,74,64,10,35.65217391304348,13.043478260869565,22.608695652173914,64.34782608695652,55.65217391304348,8.695652173913043
E00058175,138,40,10,30,98,81,17,28.985507246376812,7.246376811594203,21.73913043478261,71.01449275362319,58.69565217391305,12.318840579710146
E00058177,124,33,5,28,91,84,7,26.61290322580645,4.032258064516129,22.58064516129032,73.38709677419355,67.74193548387096,5.64516129032258
E00058178,198,54,18,36,144,126,18,27.27272727272727,9.090909090909092,18.181818181818183,72.72727272727273,63.63636363636363,9.090909090909092
E00058179,178,41,8,33,137,116,21,23.03370786516854,4.49438202247191,18.53932584269663,76.96629213483146,65.1685393258427,11.797752808988763
E00058180,126,30,8,22,96,81,15,23.809523809523807,6.349206349206349,17.46031746031746,76.19047619047619,64.28571428571429,11.904761904761903
E00058181,140,44,11,33,96,83,13,31.428571428571427,7.857142857142857,23.57142857142857,68.57142857142857,59.285714285714285,9.285714285714286
E00058182,150,35,13,22,115,100,15,23.333333333333332,8.666666666666668,14.666666666666666,76.66666666666667,66.66666666666666,10
E00058183,137,34,4,30,103,90,13,24.817518248175183,2.9197080291970803,21.897810218978105,75.18248175182481,65.69343065693431,9.48905109489051
E00058184,153,23,6,17,130,117,13,15.032679738562091,3.9215686274509802,11.11111111111111,84.9673202614379,76.47058823529412,8.49673202614379
E00058185,177,34,13,21,143,126,17,19.2090395480226,7.344632768361582,11.864406779661017,80.7909604519774,71.1864406779661,9.6045197740113
E00058186,271,68,20,48,203,177,26,25.092250922509223,7.380073800738007,17.712177121771216,74.90774907749078,65.31365313653137,9.59409594095941
E00058187,161,52,16,36,109,102,7,32.298136645962735,9.937888198757763,22.36024844720497,67.70186335403726,63.35403726708074,4.3478260869565215
E00058188,190,42,11,31,148,134,14,22.105263157894736,5.7894736842105265,16.315789473684212,77.89473684210526,70.52631578947368,7.368421052631578
E00058189,114,21,5,16,93,78,15,18.421052631578945,4.385964912280701,14.035087719298245,81.57894736842105,68.42105263157895,13.157894736842104
E00058190,126,33,11,22,93,73,20,26.190476190476193,8.73015873015873,17.46031746031746,73.80952380952381,57.936507936507944,15.873015873015872
E00058192,70,18,3,15,52,44,8,25.71428571428571,4.285714285714286,21.428571428571427,74.28571428571429,62.857142857142854,11.428571428571429
E00058193,171,41,9,32,130,113,17,23.976608187134502,5.263157894736842,18.71345029239766,76.0233918128655,66.08187134502924,9.941520467836257
E00058194,168,27,5,22,141,121,20,16.071428571428573,2.976190476190476,13.095238095238097,83.92857142857143,72.02380952380952,11.904761904761903
E00058195,134,31,10,21,103,94,9,23.134328358208954,7.462686567164178,15.671641791044777,76.86567164179104,70.1492537313433,6.7164179104477615
E00058196,181,49,13,36,132,119,13,27.071823204419886,7.18232044198895,19.88950276243094,72.92817679558011,65.74585635359117,7.18232044198895
E00058197,100,36,14,22,64,60,4,36,14.000000000000002,22,64,60,4
E00058199,146,28,11,17,118,107,11,19.17808219178082,7.534246575342466,11.643835616438356,80.82191780821918,73.28767123287672,7.534246575342466
E00058200,167,38,12,26,129,109,20,22.75449101796407,7.18562874251497,15.568862275449103,77.24550898203593,65.26946107784431,11.976047904191617
E00058201,135,26,7,19,109,99,10,19.25925925925926,5.185185185185185,14.074074074074074,80.74074074074075,73.33333333333333,7.4074074074074066
E00058202,171,43,14,29,128,118,10,25.146198830409354,8.187134502923977,16.95906432748538,74.85380116959064,69.00584795321637,5.847953216374268
E00058204,117,24,8,16,93,81,12,20.51282051282051,6.837606837606838,13.675213675213676,79.48717948717949,69.23076923076923,10.256410256410255
E00058205,240,68,22,46,172,154,18,28.333333333333332,9.166666666666666,19.166666666666668,71.66666666666667,64.16666666666667,7.5
E00058206,110,24,6,18,86,73,13,21.818181818181817,5.454545454545454,16.363636363636363,78.18181818181819,66.36363636363637,11.818181818181818
E00058207,197,40,10,30,157,138,19,20.304568527918782,5.0761421319796955,15.228426395939088,79.69543147208121,70.05076142131979,9.644670050761421
E00058208,149,41,9,32,108,98,10,27.516778523489933,6.0402684563758395,21.476510067114095,72.48322147651007,65.77181208053692,6.7114093959731544
E00058209,138,41,15,26,97,79,18,29.71014492753623,10.869565217391305,18.84057971014493,70.28985507246377,57.2463768115942,13.043478260869565
E00058210,188,51,15,36,137,109,28,27.127659574468083,7.9787234042553195,19.148936170212767,72.87234042553192,57.97872340425532,14.893617021276595
E00058212,238,47,13,34,191,163,28,19.747899159663866,5.46218487394958,14.285714285714285,80.25210084033614,68.4873949579832,11.76470588235294
E00058213,110,38,12,26,72,63,9,34.54545454545455,10.909090909090908,23.636363636363637,65.45454545454545,57.27272727272727,8.181818181818182
E00058214,230,46,14,32,184,159,25,20,6.086956521739131,13.91304347826087,80,69.1304347826087,10.869565217391305
E00058215,212,46,11,35,166,153,13,21.69811320754717,5.188679245283019,16.50943396226415,78.30188679245283,72.16981132075472,6.132075471698113
E00058216,80,10,1,9,70,65,5,12.5,1.25,11.25,87.5,81.25,6.25
E00058217,185,33,13,20,152,137,15,17.83783783783784,7.027027027027027,10.81081081081081,82.16216216216216,74.05405405405405,8.108108108108109
E00058218,106,37,8,29,69,62,7,34.90566037735849,7.547169811320755,27.358490566037734,65.09433962264151,58.490566037735846,6.60377358490566
E00058219,150,44,19,25,106,96,10,29.333333333333332,12.666666666666668,16.666666666666664,70.66666666666667,64,6.666666666666667
E00058220,261,63,16,47,198,174,24,24.137931034482758,6.130268199233716,18.007662835249043,75.86206896551724,66.66666666666666,9.195402298850574
E00058221,133,38,10,28,95,82,13,28.57142857142857,7.518796992481203,21.052631578947366,71.42857142857143,61.65413533834586,9.774436090225564
E00058222,131,31,11,20,100,86,14,23.66412213740458,8.396946564885496,15.267175572519085,76.33587786259542,65.64885496183206,10.687022900763358
E00058223,181,52,18,34,129,109,20,28.7292817679558,9.94475138121547,18.784530386740332,71.27071823204419,60.22099447513812,11.049723756906078
E00058224,109,27,10,17,82,69,13,24.770642201834864,9.174311926605505,15.59633027522936,75.22935779816514,63.30275229357798,11.926605504587156
E00058226,123,39,15,24,84,71,13,31.70731707317073,12.195121951219512,19.51219512195122,68.29268292682927,57.72357723577236,10.569105691056912
E00058227,144,46,9,37,98,80,18,31.944444444444443,6.25,25.694444444444443,68.05555555555556,55.55555555555556,12.5
E00058228,109,32,9,23,77,69,8,29.357798165137616,8.256880733944955,21.100917431192663,70.64220183486239,63.30275229357798,7.339449541284404
E00058229,103,39,10,29,64,59,5,37.86407766990291,9.70873786407767,28.155339805825243,62.13592233009708,57.28155339805825,4.854368932038835
E00058230,117,41,18,23,76,73,3,35.04273504273504,15.384615384615385,19.65811965811966,64.95726495726495,62.39316239316239,2.564102564102564
E00058231,95,41,8,33,54,48,6,43.15789473684211,8.421052631578947,34.73684210526316,56.84210526315789,50.526315789473685,6.315789473684211
E00058232,101,43,12,31,58,49,9,42.57425742574257,11.881188118811881,30.693069306930692,57.42574257425742,48.51485148514851,8.91089108910891
E00058233,159,56,12,44,103,94,9,35.22012578616352,7.547169811320755,27.67295597484277,64.77987421383648,59.11949685534591,5.660377358490567
E00058234,170,53,25,28,117,83,34,31.176470588235293,14.705882352941178,16.470588235294116,68.82352941176471,48.8235294117647,20
E00058235,101,43,22,21,58,42,16,42.57425742574257,21.782178217821784,20.792079207920793,57.42574257425742,41.584158415841586,15.841584158415841
E00058236,136,40,18,22,96,63,33,29.411764705882355,13.23529411764706,16.176470588235293,70.58823529411765,46.32352941176471,24.264705882352942
E00058237,185,56,18,38,129,114,15,30.270270270270274,9.72972972972973,20.54054054054054,69.72972972972973,61.62162162162163,8.108108108108109
E00058238,132,39,14,25,93,80,13,29.545454545454547,10.606060606060606,18.939393939393938,70.45454545454545,60.60606060606061,9.848484848484848
E00058239,132,41,12,29,91,82,9,31.060606060606062,9.090909090909092,21.96969696969697,68.93939393939394,62.121212121212125,6.8181818181818175
E00058240,159,48,23,25,111,91,20,30.18867924528302,14.465408805031446,15.723270440251572,69.81132075471697,57.23270440251572,12.578616352201259
E00058241,133,31,7,24,102,84,18,23.308270676691727,5.263157894736842,18.045112781954884,76.69172932330827,63.1578947368421,13.533834586466165
E00058242,114,43,12,31,71,60,11,37.719298245614034,10.526315789473683,27.192982456140353,62.28070175438597,52.63157894736842,9.649122807017543
E00058243,103,26,4,22,77,68,9,25.24271844660194,3.8834951456310676,21.35922330097087,74.75728155339806,66.01941747572816,8.737864077669903
E00058244,139,52,10,42,87,71,16,37.410071942446045,7.1942446043165464,30.215827338129497,62.589928057553955,51.07913669064749,11.510791366906476
E00058245,114,33,20,13,81,73,8,28.947368421052634,17.543859649122805,11.403508771929824,71.05263157894737,64.03508771929825,7.017543859649122
E00058246,111,33,10,23,78,70,8,29.72972972972973,9.00900900900901,20.72072072072072,70.27027027027027,63.06306306306306,7.207207207207207
E00058247,103,35,6,29,68,58,10,33.980582524271846,5.825242718446602,28.155339805825243,66.01941747572816,56.310679611650485,9.70873786407767
E00058248,128,35,11,24,93,75,18,27.34375,8.59375,18.75,72.65625,58.59375,14.0625
E00058249,111,37,13,24,74,60,14,33.33333333333333,11.711711711711711,21.62162162162162,66.66666666666666,54.054054054054056,12.612612612612612
E00058250,151,26,11,15,125,115,10,17.218543046357617,7.28476821192053,9.933774834437086,82.78145695364239,76.15894039735099,6.622516556291391
E00058251,141,35,11,24,106,87,19,24.822695035460992,7.801418439716312,17.02127659574468,75.177304964539,61.702127659574465,13.47517730496454
E00058252,147,37,9,28,110,103,7,25.170068027210885,6.122448979591836,19.047619047619047,74.82993197278913,70.06802721088435,4.761904761904762
E00058253,163,52,15,37,111,98,13,31.901840490797547,9.202453987730062,22.699386503067483,68.09815950920245,60.122699386503065,7.975460122699387
E00058254,106,45,20,25,61,55,6,42.45283018867924,18.867924528301888,23.58490566037736,57.54716981132076,51.886792452830186,5.660377358490567
E00058255,137,59,23,36,78,72,6,43.06569343065693,16.78832116788321,26.277372262773724,56.934306569343065,52.55474452554745,4.37956204379562
E00058256,103,30,8,22,73,62,11,29.126213592233007,7.766990291262135,21.35922330097087,70.87378640776699,60.19417475728155,10.679611650485436
E00058257,100,40,13,27,60,51,9,40,13,27,60,51,9
E00058258,99,44,13,31,55,55,0,44.44444444444444,13.131313131313133,31.313131313131315,55.55555555555556,55.55555555555556,0
E00058259,146,38,18,20,108,96,12,26.027397260273972,12.32876712328767,13.698630136986301,73.97260273972603,65.75342465753424,8.21917808219178
E00058260,144,54,7,47,90,81,9,37.5,4.861111111111112,32.63888888888889,62.5,56.25,6.25
E00058261,104,35,8,27,69,61,8,33.65384615384615,7.6923076923076925,25.961538461538463,66.34615384615384,58.65384615384615,7.6923076923076925
E00058262,99,44,19,25,55,47,8,44.44444444444444,19.19191919191919,25.252525252525253,55.55555555555556,47.474747474747474,8.080808080808081
E00058263,85,49,20,29,36,34,2,57.647058823529406,23.52941176470588,34.11764705882353,42.35294117647059,40,2.3529411764705883
E00058264,114,39,11,28,75,68,7,34.21052631578947,9.649122807017543,24.561403508771928,65.78947368421053,59.64912280701754,6.140350877192982
E00058265,142,53,19,34,89,74,15,37.32394366197183,13.380281690140844,23.943661971830984,62.676056338028175,52.112676056338024,10.56338028169014
E00058266,46,15,3,12,31,24,7,32.608695652173914,6.521739130434782,26.08695652173913,67.3913043478261,52.17391304347826,15.217391304347828
E00058267,134,42,24,18,92,70,22,31.343283582089555,17.91044776119403,13.432835820895523,68.65671641791045,52.23880597014925,16.417910447761194
E00058268,136,44,18,26,92,73,19,32.35294117647059,13.23529411764706,19.11764705882353,67.64705882352942,53.67647058823529,13.970588235294118
E00058269,180,39,14,25,141,122,19,21.666666666666668,7.777777777777778,13.88888888888889,78.33333333333333,67.77777777777779,10.555555555555555
E00058270,189,63,27,36,126,100,26,33.33333333333333,14.285714285714285,19.047619047619047,66.66666666666666,52.910052910052904,13.756613756613756
E00058271,83,21,8,13,62,51,11,25.301204819277107,9.63855421686747,15.66265060240964,74.69879518072288,61.44578313253012,13.253012048192772
E00058272,162,47,12,35,115,105,10,29.01234567901235,7.4074074074074066,21.604938271604937,70.98765432098766,64.81481481481481,6.172839506172839
E00058273,35,14,5,9,21,15,6,40,14.285714285714285,25.71428571428571,60,42.857142857142854,17.142857142857142
E00058274,145,42,10,32,103,92,11,28.965517241379313,6.896551724137931,22.06896551724138,71.03448275862068,63.44827586206897,7.586206896551724
E00058275,162,40,10,30,122,100,22,24.691358024691358,6.172839506172839,18.51851851851852,75.30864197530865,61.72839506172839,13.580246913580247
E00058276,121,28,6,22,93,77,16,23.140495867768596,4.958677685950414,18.181818181818183,76.85950413223141,63.63636363636363,13.223140495867769
E00058277,36,12,5,7,24,17,7,33.33333333333333,13.88888888888889,19.444444444444446,66.66666666666666,47.22222222222222,19.444444444444446
E00058278,133,45,19,26,88,78,10,33.83458646616541,14.285714285714285,19.548872180451127,66.16541353383458,58.64661654135338,7.518796992481203
E00058279,153,48,12,36,105,97,8,31.372549019607842,7.8431372549019605,23.52941176470588,68.62745098039215,63.39869281045751,5.228758169934641
E00058280,134,40,15,25,94,90,4,29.850746268656714,11.194029850746269,18.65671641791045,70.1492537313433,67.16417910447761,2.9850746268656714
E00058281,82,21,7,14,61,53,8,25.609756097560975,8.536585365853659,17.073170731707318,74.39024390243902,64.63414634146342,9.75609756097561
E00058282,155,51,29,22,104,87,17,32.903225806451616,18.70967741935484,14.193548387096774,67.0967741935484,56.12903225806451,10.967741935483872
E00058283,168,44,13,31,124,105,19,26.190476190476193,7.738095238095238,18.452380952380953,73.80952380952381,62.5,11.30952380952381
E00058284,139,38,17,21,101,93,8,27.33812949640288,12.23021582733813,15.107913669064748,72.66187050359713,66.90647482014388,5.755395683453238
E00058285,87,19,5,14,68,61,7,21.839080459770116,5.747126436781609,16.091954022988507,78.16091954022988,70.11494252873564,8.045977011494253
E00058286,86,23,11,12,63,53,10,26.744186046511626,12.790697674418606,13.953488372093023,73.25581395348837,61.627906976744185,11.627906976744185
E00058287,219,59,26,33,160,130,30,26.94063926940639,11.87214611872146,15.068493150684931,73.0593607305936,59.3607305936073,13.698630136986301
E00058288,148,52,17,35,96,78,18,35.13513513513514,11.486486486486488,23.64864864864865,64.86486486486487,52.702702702702695,12.162162162162163
E00058289,130,46,12,34,84,70,14,35.38461538461539,9.230769230769232,26.153846153846157,64.61538461538461,53.84615384615385,10.76923076923077
E00058290,137,41,15,26,96,81,15,29.927007299270077,10.948905109489052,18.97810218978102,70.07299270072993,59.12408759124088,10.948905109489052
E00058291,108,27,8,19,81,71,10,25,7.4074074074074066,17.59259259259259,75,65.74074074074075,9.25925925925926
E00058292,126,37,12,25,89,74,15,29.365079365079367,9.523809523809524,19.841269841269842,70.63492063492063,58.730158730158735,11.904761904761903
E00058293,161,42,16,26,119,103,16,26.08695652173913,9.937888198757763,16.149068322981368,73.91304347826086,63.975155279503106,9.937888198757763
E00058294,138,37,18,19,101,73,28,26.811594202898554,13.043478260869565,13.768115942028986,73.18840579710145,52.89855072463768,20.28985507246377
E00058295,152,49,21,28,103,72,31,32.23684210526316,13.815789473684212,18.421052631578945,67.76315789473685,47.368421052631575,20.394736842105264
E00058296,186,64,28,36,122,91,31,34.40860215053764,15.053763440860216,19.35483870967742,65.59139784946237,48.924731182795696,16.666666666666664
E00058297,151,46,19,27,105,78,27,30.4635761589404,12.582781456953644,17.880794701986755,69.5364238410596,51.65562913907284,17.880794701986755
E00058298,159,36,12,24,123,101,22,22.641509433962266,7.547169811320755,15.09433962264151,77.35849056603774,63.52201257861635,13.836477987421384
E00058299,147,55,26,29,92,67,25,37.41496598639456,17.687074829931973,19.727891156462583,62.585034013605444,45.57823129251701,17.006802721088434
E00058300,140,40,18,22,100,85,15,28.57142857142857,12.857142857142856,15.714285714285714,71.42857142857143,60.71428571428571,10.714285714285714
E00058301,87,23,8,15,64,56,8,26.436781609195403,9.195402298850574,17.24137931034483,73.5632183908046,64.36781609195403,9.195402298850574
E00058302,154,35,9,26,119,93,26,22.727272727272727,5.844155844155844,16.883116883116884,77.27272727272727,60.3896103896104,16.883116883116884
E00058303,159,49,15,34,110,99,11,30.81761006289308,9.433962264150944,21.38364779874214,69.18238993710692,62.264150943396224,6.918238993710692
E00058304,123,46,13,33,77,65,12,37.39837398373984,10.569105691056912,26.82926829268293,62.601626016260155,52.84552845528455,9.75609756097561
E00058305,107,37,15,22,70,62,8,34.57943925233645,14.018691588785046,20.5607476635514,65.42056074766354,57.943925233644855,7.476635514018691
E00058306,178,53,17,36,125,115,10,29.775280898876407,9.550561797752808,20.224719101123593,70.2247191011236,64.60674157303372,5.617977528089887
E00058307,153,43,15,28,110,99,11,28.104575163398692,9.803921568627452,18.30065359477124,71.89542483660131,64.70588235294117,7.18954248366013
E00058308,171,51,14,37,120,101,19,29.82456140350877,8.187134502923977,21.637426900584796,70.17543859649122,59.06432748538012,11.11111111111111
E00058309,122,40,8,32,82,74,8,32.78688524590164,6.557377049180328,26.229508196721312,67.21311475409836,60.65573770491803,6.557377049180328
E00058310,130,43,22,21,87,73,14,33.07692307692307,16.923076923076923,16.153846153846153,66.92307692307692,56.15384615384615,10.76923076923077
E00058311,167,41,10,31,126,109,17,24.550898203592812,5.9880239520958085,18.562874251497004,75.44910179640718,65.26946107784431,10.179640718562874
E00058312,92,24,5,19,68,54,14,26.08695652173913,5.434782608695652,20.652173913043477,73.91304347826086,58.69565217391305,15.217391304347828
E00058313,194,61,20,41,133,110,23,31.443298969072163,10.309278350515463,21.1340206185567,68.55670103092784,56.70103092783505,11.855670103092782
E00058314,127,37,11,26,90,83,7,29.133858267716533,8.661417322834646,20.47244094488189,70.86614173228347,65.35433070866141,5.511811023622047
E00058315,140,38,13,25,102,87,15,27.142857142857142,9.285714285714286,17.857142857142858,72.85714285714285,62.142857142857146,10.714285714285714
E00058317,124,33,14,19,91,84,7,26.61290322580645,11.29032258064516,15.32258064516129,73.38709677419355,67.74193548387096,5.64516129032258
E00058318,123,31,5,26,92,84,8,25.203252032520325,4.0650406504065035,21.138211382113823,74.79674796747967,68.29268292682927,6.504065040650407
E00058319,131,37,15,22,94,69,25,28.24427480916031,11.450381679389313,16.793893129770993,71.7557251908397,52.67175572519084,19.083969465648856
E00058320,134,47,18,29,87,66,21,35.07462686567165,13.432835820895523,21.641791044776117,64.92537313432835,49.25373134328358,15.671641791044777
E00058321,124,32,9,23,92,73,19,25.806451612903224,7.258064516129033,18.548387096774192,74.19354838709677,58.87096774193549,15.32258064516129
E00058322,142,42,11,31,100,85,15,29.577464788732392,7.746478873239436,21.830985915492956,70.4225352112676,59.859154929577464,10.56338028169014
E00058323,144,47,15,32,97,71,26,32.63888888888889,10.416666666666668,22.22222222222222,67.36111111111111,49.30555555555556,18.055555555555554
E00058325,119,40,18,22,79,63,16,33.61344537815126,15.126050420168067,18.487394957983195,66.38655462184873,52.94117647058824,13.445378151260504
E00058326,138,48,15,33,90,65,25,34.78260869565217,10.869565217391305,23.91304347826087,65.21739130434783,47.10144927536232,18.115942028985508
E00058327,230,74,35,39,156,118,38,32.17391304347826,15.217391304347828,16.956521739130434,67.82608695652173,51.30434782608696,16.52173913043478
E00058328,114,28,9,19,86,78,8,24.561403508771928,7.894736842105263,16.666666666666664,75.43859649122807,68.42105263157895,7.017543859649122
E00058329,90,34,14,20,56,49,7,37.77777777777778,15.555555555555555,22.22222222222222,62.22222222222222,54.44444444444444,7.777777777777778
E00058330,142,57,23,34,85,71,14,40.140845070422536,16.19718309859155,23.943661971830984,59.859154929577464,50,9.859154929577464
E00058331,172,45,17,28,127,91,36,26.16279069767442,9.883720930232558,16.27906976744186,73.83720930232558,52.90697674418605,20.930232558139537
E00058332,93,32,8,24,61,46,15,34.40860215053764,8.60215053763441,25.806451612903224,65.59139784946237,49.46236559139785,16.129032258064516
E00058333,138,45,20,25,93,81,12,32.608695652173914,14.492753623188406,18.115942028985508,67.3913043478261,58.69565217391305,8.695652173913043
E00058334,148,41,25,16,107,87,20,27.7027027027027,16.89189189189189,10.81081081081081,72.2972972972973,58.78378378378378,13.513513513513514
E00058335,89,30,10,20,59,51,8,33.70786516853933,11.235955056179774,22.47191011235955,66.29213483146067,57.30337078651685,8.98876404494382
E00058336,121,45,12,33,76,63,13,37.1900826446281,9.917355371900827,27.27272727272727,62.8099173553719,52.066115702479344,10.743801652892563
E00058337,132,53,24,29,79,65,14,40.15151515151515,18.181818181818183,21.96969696969697,59.84848484848485,49.24242424242424,10.606060606060606
E00058338,161,44,14,30,117,108,9,27.32919254658385,8.695652173913043,18.633540372670808,72.67080745341616,67.08074534161491,5.590062111801243
E00058339,231,55,12,43,176,148,28,23.809523809523807,5.194805194805195,18.614718614718615,76.19047619047619,64.06926406926407,12.121212121212121
E00058340,211,73,36,37,138,124,14,34.59715639810427,17.061611374407583,17.535545023696685,65.40284360189574,58.767772511848335,6.6350710900473935
E00058341,118,41,9,32,77,64,13,34.74576271186441,7.627118644067797,27.11864406779661,65.2542372881356,54.23728813559322,11.016949152542372
E00058342,100,34,8,26,66,59,7,34,8,26,66,59,7.000000000000001
E00058343,120,46,14,32,74,67,7,38.333333333333336,11.666666666666666,26.666666666666668,61.66666666666667,55.833333333333336,5.833333333333333
E00058344,126,42,12,30,84,73,11,33.33333333333333,9.523809523809524,23.809523809523807,66.66666666666666,57.936507936507944,8.73015873015873
E00058345,124,49,18,31,75,62,13,39.516129032258064,14.516129032258066,25,60.483870967741936,50,10.483870967741936
E00058347,114,48,13,35,66,54,12,42.10526315789473,11.403508771929824,30.701754385964914,57.89473684210527,47.368421052631575,10.526315789473683
E00058348,159,48,24,24,111,93,18,30.18867924528302,15.09433962264151,15.09433962264151,69.81132075471697,58.490566037735846,11.320754716981133
E00058349,106,28,8,20,78,72,6,26.41509433962264,7.547169811320755,18.867924528301888,73.58490566037736,67.9245283018868,5.660377358490567
E00058350,144,43,9,34,101,89,12,29.86111111111111,6.25,23.61111111111111,70.13888888888889,61.80555555555556,8.333333333333332
E00058351,136,35,13,22,101,88,13,25.735294117647058,9.558823529411764,16.176470588235293,74.26470588235294,64.70588235294117,9.558823529411764
E00058352,164,46,17,29,118,102,16,28.04878048780488,10.365853658536585,17.682926829268293,71.95121951219512,62.19512195121951,9.75609756097561
E00058353,85,23,5,18,62,53,9,27.058823529411764,5.88235294117647,21.176470588235293,72.94117647058823,62.35294117647059,10.588235294117647
E00058354,204,66,21,45,138,118,20,32.35294117647059,10.294117647058822,22.058823529411764,67.64705882352942,57.84313725490197,9.803921568627452
E00058355,148,46,18,28,102,84,18,31.08108108108108,12.162162162162163,18.91891891891892,68.91891891891892,56.75675675675676,12.162162162162163
E00058356,167,50,10,40,117,105,12,29.94011976047904,5.9880239520958085,23.952095808383234,70.05988023952095,62.874251497005986,7.18562874251497
E00058357,83,26,6,20,57,44,13,31.32530120481928,7.228915662650602,24.096385542168676,68.67469879518072,53.01204819277109,15.66265060240964
E00058358,164,44,6,38,120,107,13,26.82926829268293,3.6585365853658534,23.170731707317074,73.17073170731707,65.2439024390244,7.926829268292683
E00058359,150,44,8,36,106,95,11,29.333333333333332,5.333333333333334,24,70.66666666666667,63.33333333333333,7.333333333333333
E00058360,138,44,15,29,94,77,17,31.88405797101449,10.869565217391305,21.014492753623188,68.11594202898551,55.79710144927537,12.318840579710146
E00058361,150,48,15,33,102,92,10,32,10,22,68,61.33333333333333,6.666666666666667
E00058362,100,30,12,18,70,63,7,30,12,18,70,63,7.000000000000001
E00058363,129,47,24,23,82,65,17,36.434108527131784,18.6046511627907,17.829457364341085,63.565891472868216,50.3875968992248,13.178294573643413
E00058364,168,66,22,44,102,81,21,39.285714285714285,13.095238095238097,26.190476190476193,60.71428571428571,48.214285714285715,12.5
E00058365,161,50,16,34,111,96,15,31.05590062111801,9.937888198757763,21.11801242236025,68.94409937888199,59.62732919254658,9.316770186335404
E00058366,154,45,13,32,109,91,18,29.22077922077922,8.441558441558442,20.77922077922078,70.77922077922078,59.09090909090909,11.688311688311687
E00058367,144,45,16,29,99,83,16,31.25,11.11111111111111,20.13888888888889,68.75,57.638888888888886,11.11111111111111
E00058368,85,28,10,18,57,53,4,32.94117647058823,11.76470588235294,21.176470588235293,67.05882352941175,62.35294117647059,4.705882352941177
E00058369,174,47,16,31,127,102,25,27.011494252873565,9.195402298850574,17.81609195402299,72.98850574712644,58.620689655172406,14.367816091954023
E00058370,97,30,13,17,67,57,10,30.927835051546392,13.402061855670103,17.525773195876287,69.0721649484536,58.76288659793815,10.309278350515463
E00058371,186,54,19,35,132,116,16,29.03225806451613,10.21505376344086,18.817204301075268,70.96774193548387,62.365591397849464,8.60215053763441
E00058372,164,46,16,30,118,103,15,28.04878048780488,9.75609756097561,18.29268292682927,71.95121951219512,62.80487804878049,9.146341463414634
E00058373,145,51,13,38,94,81,13,35.172413793103445,8.96551724137931,26.20689655172414,64.82758620689654,55.86206896551724,8.96551724137931
E00058374,139,51,16,35,88,74,14,36.69064748201439,11.510791366906476,25.179856115107913,63.30935251798561,53.23741007194245,10.071942446043165
E00058375,171,68,32,36,103,88,15,39.76608187134503,18.71345029239766,21.052631578947366,60.23391812865497,51.461988304093566,8.771929824561402
E00058376,112,37,12,25,75,60,15,33.035714285714285,10.714285714285714,22.321428571428573,66.96428571428571,53.57142857142857,13.392857142857142
E00058377,43,19,2,17,24,21,3,44.18604651162791,4.651162790697675,39.53488372093023,55.81395348837209,48.837209302325576,6.976744186046512
E00058378,154,54,18,36,100,92,8,35.064935064935064,11.688311688311687,23.376623376623375,64.93506493506493,59.74025974025974,5.194805194805195
E00058379,59,23,7,16,36,31,5,38.983050847457626,11.864406779661017,27.11864406779661,61.016949152542374,52.54237288135594,8.47457627118644
E00058380,98,33,16,17,65,53,12,33.6734693877551,16.3265306122449,17.346938775510203,66.3265306122449,54.08163265306123,12.244897959183673
E00058381,155,48,27,21,107,88,19,30.967741935483872,17.419354838709676,13.548387096774196,69.03225806451613,56.774193548387096,12.258064516129032
E00058382,136,46,12,34,90,78,12,33.82352941176471,8.823529411764707,25,66.17647058823529,57.35294117647059,8.823529411764707
E00058383,271,83,31,52,188,145,43,30.627306273062732,11.439114391143912,19.18819188191882,69.37269372693727,53.50553505535055,15.867158671586715
E00058384,160,59,25,34,101,80,21,36.875,15.625,21.25,63.125,50,13.125
E00058385,143,46,16,30,97,77,20,32.16783216783217,11.188811188811188,20.97902097902098,67.83216783216784,53.84615384615385,13.986013986013987
E00058386,251,72,34,38,179,139,40,28.68525896414343,13.545816733067728,15.139442231075698,71.31474103585657,55.37848605577689,15.936254980079681
E00058387,211,41,14,27,170,148,22,19.431279620853083,6.6350710900473935,12.796208530805686,80.56872037914692,70.14218009478674,10.42654028436019
E00058388,156,46,14,32,110,96,14,29.48717948717949,8.974358974358974,20.51282051282051,70.51282051282051,61.53846153846154,8.974358974358974
E00058389,179,34,8,26,145,133,12,18.994413407821227,4.4692737430167595,14.52513966480447,81.00558659217877,74.30167597765363,6.70391061452514
E00058390,168,41,9,32,127,113,14,24.404761904761905,5.357142857142857,19.047619047619047,75.59523809523809,67.26190476190477,8.333333333333332
E00058391,173,51,19,32,122,110,12,29.47976878612717,10.982658959537572,18.497109826589593,70.52023121387283,63.58381502890174,6.9364161849710975
E00058392,167,44,14,30,123,110,13,26.34730538922156,8.383233532934131,17.964071856287426,73.65269461077844,65.86826347305389,7.784431137724551
E00058393,107,37,13,24,70,64,6,34.57943925233645,12.149532710280374,22.429906542056074,65.42056074766354,59.813084112149525,5.607476635514018
E00058394,177,39,12,27,138,127,11,22.033898305084744,6.779661016949152,15.254237288135593,77.96610169491525,71.75141242937853,6.214689265536723
E00058395,216,53,15,38,163,140,23,24.537037037037038,6.944444444444445,17.59259259259259,75.46296296296296,64.81481481481481,10.648148148148149
E00058396,169,53,19,34,116,101,15,31.360946745562128,11.242603550295858,20.118343195266274,68.63905325443787,59.76331360946746,8.875739644970414
E00058397,164,56,16,40,108,90,18,34.146341463414636,9.75609756097561,24.390243902439025,65.85365853658537,54.87804878048781,10.975609756097562
E00058398,164,51,14,37,113,106,7,31.097560975609756,8.536585365853659,22.5609756097561,68.90243902439023,64.63414634146342,4.2682926829268295
E00058399,170,52,18,34,118,106,12,30.58823529411765,10.588235294117647,20,69.41176470588235,62.35294117647059,7.0588235294117645
E00058400,125,33,4,29,92,85,7,26.400000000000002,3.2,23.200000000000003,73.6,68,5.6000000000000005
E00058401,163,47,13,34,116,102,14,28.834355828220858,7.975460122699387,20.858895705521473,71.16564417177914,62.57668711656442,8.588957055214724
E00058402,207,60,24,36,147,129,18,28.985507246376812,11.594202898550725,17.391304347826086,71.01449275362319,62.31884057971014,8.695652173913043
E00058403,148,31,10,21,117,94,23,20.945945945945947,6.756756756756757,14.18918918918919,79.05405405405406,63.51351351351351,15.54054054054054
E00058404,163,52,11,41,111,95,16,31.901840490797547,6.748466257668712,25.153374233128833,68.09815950920245,58.282208588957054,9.815950920245399
E00058405,151,43,7,36,108,93,15,28.47682119205298,4.635761589403973,23.841059602649008,71.52317880794702,61.58940397350994,9.933774834437086
E00058406,154,33,13,20,121,102,19,21.428571428571427,8.441558441558442,12.987012987012985,78.57142857142857,66.23376623376623,12.337662337662337
E00058407,283,61,15,46,222,189,33,21.554770318021202,5.30035335689046,16.25441696113074,78.4452296819788,66.78445229681978,11.66077738515901
E00058408,177,45,18,27,132,117,15,25.423728813559322,10.16949152542373,15.254237288135593,74.57627118644068,66.10169491525424,8.47457627118644
E00058409,150,56,29,27,94,81,13,37.333333333333336,19.333333333333332,18,62.66666666666667,54,8.666666666666668
E00058410,140,36,11,25,104,92,12,25.71428571428571,7.857142857142857,17.857142857142858,74.28571428571429,65.71428571428571,8.571428571428571
E00058411,153,47,11,36,106,92,14,30.718954248366014,7.18954248366013,23.52941176470588,69.28104575163398,60.130718954248366,9.15032679738562
E00058412,165,48,15,33,117,110,7,29.09090909090909,9.090909090909092,20,70.9090909090909,66.66666666666666,4.242424242424243
E00058413,131,39,7,32,92,86,6,29.770992366412212,5.343511450381679,24.427480916030532,70.22900763358778,65.64885496183206,4.580152671755725
E00058414,107,33,7,26,74,64,10,30.8411214953271,6.5420560747663545,24.299065420560748,69.1588785046729,59.813084112149525,9.345794392523365
E00058415,168,44,12,32,124,115,9,26.190476190476193,7.142857142857142,19.047619047619047,73.80952380952381,68.45238095238095,5.357142857142857
E00058416,296,69,20,49,227,198,29,23.31081081081081,6.756756756756757,16.554054054054053,76.6891891891892,66.8918918918919,9.797297297297296
E00058417,161,41,10,31,120,101,19,25.465838509316768,6.211180124223603,19.25465838509317,74.53416149068323,62.732919254658384,11.801242236024844
E00058419,172,40,11,29,132,119,13,23.25581395348837,6.395348837209303,16.86046511627907,76.74418604651163,69.18604651162791,7.55813953488372
E00058420,145,21,7,14,124,110,14,14.482758620689657,4.827586206896552,9.655172413793103,85.51724137931035,75.86206896551724,9.655172413793103
E00058421,157,49,20,29,108,95,13,31.210191082802545,12.738853503184714,18.471337579617835,68.78980891719745,60.509554140127385,8.280254777070063
E00058422,166,36,16,20,130,120,10,21.686746987951807,9.63855421686747,12.048192771084338,78.3132530120482,72.28915662650603,6.024096385542169
E00058423,200,45,10,35,155,133,22,22.5,5,17.5,77.5,66.5,11
E00058424,144,27,6,21,117,106,11,18.75,4.166666666666666,14.583333333333334,81.25,73.61111111111111,7.638888888888889
E00058425,83,26,8,18,57,52,5,31.32530120481928,9.63855421686747,21.686746987951807,68.67469879518072,62.65060240963856,6.024096385542169
E00058426,282,68,15,53,214,192,22,24.113475177304963,5.319148936170213,18.79432624113475,75.88652482269504,68.08510638297872,7.801418439716312
E00058427,150,52,11,41,98,90,8,34.66666666666667,7.333333333333333,27.333333333333332,65.33333333333333,60,5.333333333333334
E00058428,166,49,11,38,117,97,20,29.518072289156628,6.626506024096386,22.89156626506024,70.48192771084338,58.43373493975904,12.048192771084338
E00058429,155,50,11,39,105,101,4,32.25806451612903,7.096774193548387,25.161290322580644,67.74193548387096,65.16129032258064,2.5806451612903225
E00058430,145,53,12,41,92,87,5,36.55172413793103,8.275862068965518,28.27586206896552,63.44827586206897,60,3.4482758620689653
E00058432,91,29,8,21,62,58,4,31.868131868131865,8.791208791208792,23.076923076923077,68.13186813186813,63.73626373626373,4.395604395604396
E00058433,153,47,13,34,106,93,13,30.718954248366014,8.49673202614379,22.22222222222222,69.28104575163398,60.78431372549019,8.49673202614379
E00058434,136,43,13,30,93,80,13,31.61764705882353,9.558823529411764,22.058823529411764,68.38235294117648,58.82352941176471,9.558823529411764
E00058435,164,41,7,34,123,110,13,25,4.2682926829268295,20.73170731707317,75,67.07317073170732,7.926829268292683
E00058436,154,31,9,22,123,114,9,20.12987012987013,5.844155844155844,14.285714285714285,79.87012987012987,74.02597402597402,5.844155844155844
E00058437,141,25,8,17,116,103,13,17.73049645390071,5.673758865248227,12.056737588652481,82.26950354609929,73.04964539007092,9.219858156028367
E00058438,126,40,11,29,86,77,9,31.746031746031743,8.73015873015873,23.015873015873016,68.25396825396825,61.111111111111114,7.142857142857142
E00058439,132,36,6,30,96,87,9,27.27272727272727,4.545454545454546,22.727272727272727,72.72727272727273,65.9090909090909,6.8181818181818175
E00058440,119,36,11,25,83,73,10,30.252100840336134,9.243697478991598,21.008403361344538,69.74789915966386,61.34453781512605,8.403361344537815
E00058441,181,49,20,29,132,106,26,27.071823204419886,11.049723756906078,16.022099447513813,72.92817679558011,58.5635359116022,14.3646408839779
E00058442,175,56,19,37,119,101,18,32,10.857142857142858,21.142857142857142,68,57.714285714285715,10.285714285714285
E00058443,170,34,6,28,136,120,16,20,3.5294117647058822,16.470588235294116,80,70.58823529411765,9.411764705882353
E00058444,181,56,20,36,125,113,12,30.939226519337016,11.049723756906078,19.88950276243094,69.06077348066299,62.430939226519335,6.629834254143646
E00058445,166,46,17,29,120,105,15,27.710843373493976,10.240963855421686,17.46987951807229,72.28915662650603,63.25301204819277,9.036144578313253
E00058446,160,32,9,23,128,103,25,20,5.625,14.374999999999998,80,64.375,15.625
E00058447,187,55,20,35,132,115,17,29.411764705882355,10.695187165775401,18.71657754010695,70.58823529411765,61.49732620320856,9.090909090909092
E00058448,113,27,7,20,86,77,9,23.893805309734514,6.1946902654867255,17.699115044247787,76.10619469026548,68.14159292035397,7.964601769911504
E00058449,216,51,17,34,165,130,35,23.61111111111111,7.87037037037037,15.74074074074074,76.38888888888889,60.18518518518518,16.203703703703702
E00058450,138,47,14,33,91,72,19,34.05797101449276,10.144927536231885,23.91304347826087,65.94202898550725,52.17391304347826,13.768115942028986
E00058451,170,32,10,22,138,118,20,18.823529411764707,5.88235294117647,12.941176470588237,81.17647058823529,69.41176470588235,11.76470588235294
E00058452,313,55,18,37,258,227,31,17.57188498402556,5.7507987220447285,11.821086261980831,82.42811501597444,72.52396166134186,9.904153354632587
E00058453,269,42,16,26,227,202,25,15.613382899628252,5.947955390334572,9.66542750929368,84.38661710037175,75.09293680297398,9.293680297397769
E00058454,220,38,12,26,182,159,23,17.272727272727273,5.454545454545454,11.818181818181818,82.72727272727273,72.27272727272728,10.454545454545453
E00058455,251,51,15,36,200,167,33,20.318725099601593,5.9760956175298805,14.342629482071715,79.6812749003984,66.53386454183267,13.147410358565736
E00058456,125,28,9,19,97,86,11,22.400000000000002,7.199999999999999,15.2,77.60000000000001,68.8,8.799999999999999
E00058457,197,51,11,40,146,126,20,25.888324873096447,5.583756345177665,20.304568527918782,74.11167512690355,63.95939086294417,10.152284263959391
E00058458,295,76,20,56,219,183,36,25.76271186440678,6.779661016949152,18.983050847457626,74.23728813559322,62.03389830508475,12.203389830508476
E00058459,121,27,7,20,94,86,8,22.31404958677686,5.785123966942149,16.528925619834713,77.68595041322314,71.07438016528926,6.6115702479338845
E00058460,101,25,8,17,76,60,16,24.752475247524753,7.920792079207921,16.831683168316832,75.24752475247524,59.4059405940594,15.841584158415841
E00058461,110,34,8,26,76,64,12,30.909090909090907,7.2727272727272725,23.636363636363637,69.0909090909091,58.18181818181818,10.909090909090908
E00058462,199,41,17,24,158,134,24,20.603015075376884,8.542713567839195,12.060301507537687,79.39698492462311,67.33668341708542,12.060301507537687
E00058463,138,40,16,24,98,89,9,28.985507246376812,11.594202898550725,17.391304347826086,71.01449275362319,64.4927536231884,6.521739130434782
E00058464,173,45,9,36,128,107,21,26.011560693641616,5.202312138728324,20.809248554913296,73.98843930635837,61.849710982658955,12.138728323699421
E00058465,168,31,5,26,137,117,20,18.452380952380953,2.976190476190476,15.476190476190476,81.54761904761905,69.64285714285714,11.904761904761903
E00058466,156,36,6,30,120,108,12,23.076923076923077,3.8461538461538463,19.230769230769234,76.92307692307693,69.23076923076923,7.6923076923076925
E00058467,161,47,12,35,114,93,21,29.19254658385093,7.453416149068323,21.73913043478261,70.80745341614907,57.7639751552795,13.043478260869565
E00058468,176,50,12,38,126,117,9,28.40909090909091,6.8181818181818175,21.59090909090909,71.5909090909091,66.47727272727273,5.113636363636364
E00058469,182,39,11,28,143,122,21,21.428571428571427,6.043956043956044,15.384615384615385,78.57142857142857,67.03296703296702,11.538461538461538
E00058470,193,53,14,39,140,118,22,27.461139896373055,7.253886010362693,20.207253886010363,72.53886010362694,61.13989637305699,11.398963730569948
E00058471,106,38,12,26,68,60,8,35.84905660377358,11.320754716981133,24.528301886792452,64.15094339622641,56.60377358490566,7.547169811320755
E00058472,196,55,13,42,141,122,19,28.061224489795915,6.63265306122449,21.428571428571427,71.93877551020408,62.244897959183675,9.693877551020408
E00058473,121,49,13,36,72,63,9,40.49586776859504,10.743801652892563,29.75206611570248,59.50413223140496,52.066115702479344,7.43801652892562
E00058474,143,59,12,47,84,74,10,41.25874125874126,8.391608391608392,32.86713286713287,58.74125874125874,51.74825174825175,6.993006993006993
E00058475,177,39,10,29,138,119,19,22.033898305084744,5.649717514124294,16.38418079096045,77.96610169491525,67.2316384180791,10.734463276836157
E00058476,139,38,9,29,101,84,17,27.33812949640288,6.474820143884892,20.863309352517987,72.66187050359713,60.431654676258994,12.23021582733813
E00058477,181,43,10,33,138,119,19,23.756906077348066,5.524861878453039,18.23204419889503,76.24309392265194,65.74585635359117,10.497237569060774
E00058478,240,57,15,42,183,159,24,23.75,6.25,17.5,76.25,66.25,10
E00058479,282,73,18,55,209,182,27,25.886524822695034,6.382978723404255,19.50354609929078,74.11347517730496,64.53900709219859,9.574468085106384
E00058481,223,63,18,45,160,145,15,28.251121076233183,8.071748878923767,20.179372197309416,71.74887892376681,65.02242152466367,6.726457399103139
E00058482,171,32,15,17,139,128,11,18.71345029239766,8.771929824561402,9.941520467836257,81.28654970760235,74.85380116959064,6.432748538011696
E00058484,137,51,10,41,86,75,11,37.22627737226277,7.2992700729927,29.927007299270077,62.77372262773723,54.74452554744526,8.02919708029197
E00058485,101,27,13,14,74,62,12,26.732673267326735,12.871287128712872,13.861386138613863,73.26732673267327,61.386138613861384,11.881188118811881
E00058486,161,49,19,30,112,93,19,30.434782608695656,11.801242236024844,18.633540372670808,69.56521739130434,57.7639751552795,11.801242236024844
E00058487,149,41,13,28,108,97,11,27.516778523489933,8.724832214765101,18.79194630872483,72.48322147651007,65.1006711409396,7.38255033557047
E00058488,181,44,10,34,137,109,28,24.30939226519337,5.524861878453039,18.784530386740332,75.69060773480662,60.22099447513812,15.469613259668508
E00058489,143,40,12,28,103,93,10,27.972027972027973,8.391608391608392,19.58041958041958,72.02797202797203,65.03496503496503,6.993006993006993
E00058490,172,46,9,37,126,115,11,26.744186046511626,5.232558139534884,21.511627906976745,73.25581395348837,66.86046511627907,6.395348837209303
E00058491,170,56,15,41,114,103,11,32.94117647058823,8.823529411764707,24.11764705882353,67.05882352941175,60.588235294117645,6.470588235294119
E00058492,201,47,15,32,154,128,26,23.383084577114428,7.462686567164178,15.92039800995025,76.61691542288557,63.681592039801,12.935323383084576
E00058493,139,44,18,26,95,85,10,31.654676258992804,12.949640287769784,18.705035971223023,68.34532374100719,61.15107913669065,7.1942446043165464
E00058494,41,5,0,5,36,32,4,12.195121951219512,0,12.195121951219512,87.8048780487805,78.04878048780488,9.75609756097561
E00058495,152,38,12,26,114,99,15,25,7.894736842105263,17.105263157894736,75,65.13157894736842,9.868421052631579
E00058496,182,38,15,23,144,131,13,20.87912087912088,8.241758241758241,12.637362637362637,79.12087912087912,71.97802197802197,7.142857142857142
E00058498,219,51,14,37,168,159,9,23.28767123287671,6.392694063926941,16.894977168949772,76.71232876712328,72.6027397260274,4.10958904109589
E00058499,164,47,15,32,117,102,15,28.65853658536585,9.146341463414634,19.51219512195122,71.34146341463415,62.19512195121951,9.146341463414634
E00058500,111,34,12,22,77,70,7,30.630630630630627,10.81081081081081,19.81981981981982,69.36936936936937,63.06306306306306,6.306306306306306
E00058501,191,43,12,31,148,127,21,22.5130890052356,6.282722513089005,16.230366492146597,77.4869109947644,66.49214659685863,10.99476439790576
E00058502,152,55,15,40,97,86,11,36.18421052631579,9.868421052631579,26.31578947368421,63.81578947368421,56.57894736842105,7.236842105263158
E00058503,165,37,10,27,128,104,24,22.424242424242426,6.0606060606060606,16.363636363636363,77.57575757575758,63.030303030303024,14.545454545454545
E00058504,202,50,15,35,152,137,15,24.752475247524753,7.425742574257425,17.326732673267326,75.24752475247524,67.82178217821783,7.425742574257425
E00058505,140,40,15,25,100,85,15,28.57142857142857,10.714285714285714,17.857142857142858,71.42857142857143,60.71428571428571,10.714285714285714
E00058506,143,37,18,19,106,94,12,25.874125874125873,12.587412587412588,13.286713286713287,74.12587412587412,65.73426573426573,8.391608391608392
E00058507,143,38,13,25,105,89,16,26.573426573426573,9.090909090909092,17.482517482517483,73.42657342657343,62.23776223776224,11.188811188811188
E00058508,112,32,11,21,80,69,11,28.57142857142857,9.821428571428571,18.75,71.42857142857143,61.60714285714286,9.821428571428571
E00058509,121,39,9,30,82,69,13,32.231404958677686,7.43801652892562,24.793388429752067,67.76859504132231,57.02479338842975,10.743801652892563
E00058510,116,34,6,28,82,74,8,29.310344827586203,5.172413793103448,24.137931034482758,70.6896551724138,63.793103448275865,6.896551724137931
E00058511,143,38,7,31,105,95,10,26.573426573426573,4.895104895104895,21.678321678321677,73.42657342657343,66.43356643356644,6.993006993006993
E00058512,145,46,11,35,99,85,14,31.724137931034484,7.586206896551724,24.137931034482758,68.27586206896552,58.620689655172406,9.655172413793103
E00058513,104,28,4,24,76,69,7,26.923076923076923,3.8461538461538463,23.076923076923077,73.07692307692307,66.34615384615384,6.730769230769231
E00058514,141,46,18,28,95,83,12,32.62411347517731,12.76595744680851,19.858156028368796,67.37588652482269,58.86524822695035,8.51063829787234
E00058515,111,30,10,20,81,71,10,27.027027027027028,9.00900900900901,18.01801801801802,72.97297297297297,63.96396396396396,9.00900900900901
E00058516,74,16,5,11,58,53,5,21.62162162162162,6.756756756756757,14.864864864864865,78.37837837837837,71.62162162162163,6.756756756756757
E00058517,155,47,16,31,108,98,10,30.32258064516129,10.32258064516129,20,69.6774193548387,63.2258064516129,6.451612903225806
E00058518,213,46,20,26,167,153,14,21.5962441314554,9.389671361502346,12.206572769953052,78.40375586854461,71.83098591549296,6.572769953051644
E00058519,77,21,7,14,56,52,4,27.27272727272727,9.090909090909092,18.181818181818183,72.72727272727273,67.53246753246754,5.194805194805195
E00058520,130,28,6,22,102,89,13,21.53846153846154,4.615384615384616,16.923076923076923,78.46153846153847,68.46153846153847,10
E00058521,159,40,6,34,119,108,11,25.157232704402517,3.7735849056603774,21.38364779874214,74.84276729559748,67.9245283018868,6.918238993710692
E00058522,103,30,8,22,73,69,4,29.126213592233007,7.766990291262135,21.35922330097087,70.87378640776699,66.99029126213593,3.8834951456310676
E00058523,135,35,9,26,100,88,12,25.925925925925924,6.666666666666667,19.25925925925926,74.07407407407408,65.18518518518519,8.88888888888889
E00058524,137,40,9,31,97,86,11,29.1970802919708,6.569343065693431,22.62773722627737,70.8029197080292,62.77372262773723,8.02919708029197
E00058525,158,37,10,27,121,102,19,23.417721518987342,6.329113924050633,17.088607594936708,76.58227848101265,64.55696202531645,12.025316455696203
E00058526,165,36,10,26,129,116,13,21.818181818181817,6.0606060606060606,15.757575757575756,78.18181818181819,70.3030303030303,7.878787878787878
E00058527,183,46,12,34,137,115,22,25.136612021857925,6.557377049180328,18.579234972677597,74.86338797814209,62.841530054644814,12.021857923497267
E00058528,116,34,7,27,82,71,11,29.310344827586203,6.0344827586206895,23.275862068965516,70.6896551724138,61.206896551724135,9.482758620689655
E00058529,152,28,11,17,124,108,16,18.421052631578945,7.236842105263158,11.18421052631579,81.57894736842105,71.05263157894737,10.526315789473683
E00058530,28,14,5,9,14,14,0,50,17.857142857142858,32.142857142857146,50,50,0
E00058531,131,38,8,30,93,84,9,29.00763358778626,6.106870229007633,22.900763358778626,70.99236641221374,64.12213740458014,6.870229007633588
E00058532,146,30,7,23,116,105,11,20.54794520547945,4.794520547945205,15.753424657534246,79.45205479452055,71.91780821917808,7.534246575342466
E00058533,151,46,19,27,105,93,12,30.4635761589404,12.582781456953644,17.880794701986755,69.5364238410596,61.58940397350994,7.9470198675496695
E00058534,116,29,10,19,87,68,19,25,8.620689655172415,16.379310344827587,75,58.620689655172406,16.379310344827587
E00058535,149,47,12,35,102,87,15,31.543624161073826,8.053691275167784,23.48993288590604,68.45637583892618,58.38926174496645,10.06711409395973
E00058536,109,20,5,15,89,74,15,18.34862385321101,4.587155963302752,13.761467889908257,81.65137614678899,67.88990825688074,13.761467889908257
E00058537,167,46,12,34,121,103,18,27.54491017964072,7.18562874251497,20.359281437125748,72.45508982035929,61.67664670658682,10.778443113772456
E00058538,145,41,19,22,104,91,13,28.27586206896552,13.10344827586207,15.172413793103448,71.72413793103448,62.758620689655174,8.96551724137931
E00058539,98,33,5,28,65,54,11,33.6734693877551,5.1020408163265305,28.57142857142857,66.3265306122449,55.10204081632652,11.224489795918368
E00058540,120,39,9,30,81,69,12,32.5,7.5,25,67.5,57.49999999999999,10
E00058541,110,41,12,29,69,60,9,37.27272727272727,10.909090909090908,26.36363636363636,62.727272727272734,54.54545454545454,8.181818181818182
E00058543,101,33,12,21,68,61,7,32.67326732673268,11.881188118811881,20.792079207920793,67.32673267326733,60.396039603960396,6.9306930693069315
E00058544,162,61,16,45,101,93,8,37.65432098765432,9.876543209876543,27.77777777777778,62.34567901234568,57.407407407407405,4.938271604938271
E00058545,85,31,8,23,54,49,5,36.470588235294116,9.411764705882353,27.058823529411764,63.52941176470588,57.647058823529406,5.88235294117647
E00058546,238,42,13,29,196,153,43,17.647058823529413,5.46218487394958,12.184873949579831,82.35294117647058,64.28571428571429,18.067226890756302
E00058547,140,44,16,28,96,91,5,31.428571428571427,11.428571428571429,20,68.57142857142857,65,3.571428571428571
E00058548,133,43,15,28,90,80,10,32.33082706766917,11.278195488721805,21.052631578947366,67.66917293233082,60.150375939849624,7.518796992481203
E00058549,149,53,26,27,96,87,9,35.57046979865772,17.449664429530202,18.120805369127517,64.42953020134227,58.38926174496645,6.0402684563758395
E00058550,187,67,15,52,120,112,8,35.82887700534759,8.0213903743315509,27.807486631016044,64.171122994652407,59.893048128342244,4.27807486631016
E00058551,159,41,10,31,118,101,17,25.78616352201258,6.289308176100629,19.49685534591195,74.21383647798741,63.52201257861635,10.69182389937107
E00058552,156,62,16,46,94,87,7,39.743589743589745,10.256410256410255,29.48717948717949,60.256410256410255,55.769230769230774,4.487179487179487
E00058554,117,44,19,25,73,68,5,37.60683760683761,16.23931623931624,21.367521367521366,62.39316239316239,58.119658119658126,4.273504273504273
E00058555,171,44,9,35,127,108,19,25.730994152046783,5.263157894736842,20.46783625730994,74.26900584795322,63.1578947368421,11.11111111111111
E00058556,117,32,9,23,85,79,6,27.350427350427353,7.6923076923076925,19.65811965811966,72.64957264957265,67.52136752136752,5.128205128205128
E00058557,93,32,4,28,61,57,4,34.40860215053764,4.301075268817205,30.107526881720432,65.59139784946237,61.29032258064516,4.301075268817205
E00058558,213,49,19,30,164,142,22,23.004694835680752,8.92018779342723,14.084507042253522,76.99530516431925,66.66666666666666,10.328638497652582
E00058559,147,36,8,28,111,104,7,24.489795918367346,5.442176870748299,19.047619047619047,75.51020408163265,70.74829931972789,4.761904761904762
E00058561,91,41,10,31,50,42,8,45.05494505494506,10.989010989010989,34.065934065934066,54.94505494505495,46.15384615384615,8.791208791208792
E00058562,133,47,13,34,86,75,11,35.338345864661655,9.774436090225564,25.563909774436087,64.66165413533834,56.390977443609025,8.270676691729323
E00058563,110,51,15,36,59,54,5,46.36363636363636,13.636363636363635,32.72727272727273,53.63636363636364,49.09090909090909,4.545454545454546
E00058564,176,68,18,50,108,91,17,38.63636363636363,10.227272727272728,28.40909090909091,61.36363636363637,51.70454545454546,9.659090909090908
E00058565,110,42,9,33,68,56,12,38.18181818181819,8.181818181818182,30,61.81818181818181,50.90909090909091,10.909090909090908
E00058566,120,40,19,21,80,71,9,33.33333333333333,15.833333333333332,17.5,66.66666666666666,59.166666666666664,7.5
E00058567,101,50,14,36,51,51,0,49.504950495049506,13.861386138613863,35.64356435643564,50.495049504950494,50.495049504950494,0
E00058568,91,42,8,34,49,45,4,46.15384615384615,8.791208791208792,37.362637362637365,53.84615384615385,49.45054945054945,4.395604395604396
E00058571,162,70,21,49,92,80,12,43.20987654320987,12.962962962962962,30.246913580246915,56.79012345679012,49.382716049382715,7.4074074074074066
E00058572,242,61,16,45,181,164,17,25.206611570247933,6.6115702479338845,18.59504132231405,74.79338842975206,67.76859504132231,7.024793388429752
E00058573,119,51,11,40,68,60,8,42.857142857142854,9.243697478991598,33.61344537815126,57.14285714285714,50.42016806722689,6.722689075630252
E00058574,149,44,10,34,105,95,10,29.53020134228188,6.7114093959731544,22.818791946308725,70.46979865771812,63.758389261744966,6.7114093959731544
E00058575,100,22,10,12,78,70,8,22,10,12,78,70,8
E00058576,134,53,15,38,81,75,6,39.55223880597015,11.194029850746269,28.35820895522388,60.447761194029844,55.970149253731336,4.477611940298507
E00058577,151,48,9,39,103,91,12,31.788079470198678,5.960264900662252,25.82781456953642,68.21192052980133,60.264900662251655,7.9470198675496695
E00058578,150,59,18,41,91,84,7,39.33333333333333,12,27.333333333333332,60.66666666666667,56.00000000000001,4.666666666666667
E00058579,104,34,11,23,70,66,4,32.69230769230769,10.576923076923077,22.115384615384613,67.3076923076923,63.46153846153846,3.8461538461538463
E00058580,114,32,14,18,82,74,8,28.07017543859649,12.280701754385964,15.789473684210526,71.9298245614035,64.91228070175438,7.017543859649122
E00058581,133,49,18,31,84,80,4,36.84210526315789,13.533834586466165,23.308270676691727,63.1578947368421,60.150375939849624,3.007518796992481
E00058583,52,21,6,15,31,29,2,40.38461538461539,11.538461538461538,28.846153846153843,59.61538461538461,55.769230769230774,3.8461538461538463
E00058585,95,35,11,24,60,59,1,36.84210526315789,11.578947368421053,25.263157894736842,63.1578947368421,62.10526315789474,1.0526315789473684
E00058586,81,36,12,24,45,36,9,44.44444444444444,14.814814814814813,29.629629629629626,55.55555555555556,44.44444444444444,11.11111111111111
E00058587,101,39,9,30,62,56,6,38.613861386138616,8.91089108910891,29.7029702970297,61.386138613861384,55.44554455445545,5.9405940594059405
E00058588,141,46,16,30,95,83,12,32.62411347517731,11.347517730496454,21.27659574468085,67.37588652482269,58.86524822695035,8.51063829787234
E00058589,136,64,18,46,72,63,9,47.05882352941176,13.23529411764706,33.82352941176471,52.94117647058824,46.32352941176471,6.61764705882353
E00058590,129,42,12,30,87,76,11,32.55813953488372,9.30232558139535,23.25581395348837,67.44186046511628,58.91472868217055,8.527131782945736
E00058591,87,19,9,10,68,58,10,21.839080459770116,10.344827586206897,11.494252873563218,78.16091954022988,66.66666666666666,11.494252873563218
E00058592,171,60,11,49,111,98,13,35.08771929824561,6.432748538011696,28.654970760233915,64.91228070175438,57.30994152046783,7.602339181286549
E00058593,117,46,11,35,71,67,4,39.31623931623932,9.401709401709402,29.914529914529915,60.68376068376068,57.26495726495726,3.418803418803419
E00058594,127,33,10,23,94,89,5,25.984251968503933,7.874015748031496,18.11023622047244,74.01574803149606,70.07874015748031,3.937007874015748
E00058595,120,33,6,27,87,75,12,27.500000000000004,5,22.5,72.5,62.5,10
E00058596,142,43,12,31,99,88,11,30.28169014084507,8.450704225352112,21.830985915492956,69.71830985915493,61.97183098591549,7.746478873239436
E00058597,171,46,13,33,125,116,9,26.900584795321635,7.602339181286549,19.298245614035086,73.09941520467837,67.83625730994152,5.263157894736842
E00058598,94,32,6,26,62,56,6,34.04255319148936,6.382978723404255,27.659574468085108,65.95744680851064,59.57446808510638,6.382978723404255
E00058599,138,34,20,14,104,100,4,24.637681159420293,14.492753623188406,10.144927536231885,75.36231884057972,72.46376811594203,2.898550724637681
E00058600,140,51,13,38,89,85,4,36.42857142857142,9.285714285714286,27.142857142857142,63.57142857142857,60.71428571428571,2.857142857142857
E00058601,189,56,17,39,133,116,17,29.629629629629626,8.994708994708994,20.634920634920633,70.37037037037037,61.37566137566137,8.994708994708994
E00058602,101,32,10,22,69,60,9,31.683168316831683,9.900990099009901,21.782178217821784,68.31683168316832,59.4059405940594,8.91089108910891
E00058603,82,20,6,14,62,53,9,24.390243902439025,7.317073170731707,17.073170731707318,75.60975609756098,64.63414634146342,10.975609756097562
E00058604,109,33,10,23,76,63,13,30.275229357798167,9.174311926605505,21.100917431192663,69.72477064220183,57.798165137614674,11.926605504587156
E00058605,228,46,21,25,182,146,36,20.175438596491226,9.210526315789473,10.964912280701753,79.82456140350878,64.03508771929825,15.789473684210526
E00058606,141,42,16,26,99,86,13,29.78723404255319,11.347517730496454,18.439716312056735,70.2127659574468,60.99290780141844,9.219858156028367
E00058607,199,50,18,32,149,129,20,25.125628140703515,9.045226130653267,16.08040201005025,74.87437185929649,64.82412060301507,10.050251256281408
E00058608,143,47,19,28,96,80,16,32.86713286713287,13.286713286713287,19.58041958041958,67.13286713286713,55.94405594405595,11.188811188811188
E00058609,208,54,13,41,154,133,21,25.961538461538463,6.25,19.71153846153846,74.03846153846155,63.942307692307686,10.096153846153847
E00058610,155,47,21,26,108,90,18,30.32258064516129,13.548387096774196,16.7741935483871,69.6774193548387,58.06451612903226,11.612903225806452
E00058611,105,36,5,31,69,64,5,34.285714285714285,4.761904761904762,29.523809523809526,65.71428571428571,60.952380952380956,4.761904761904762
E00058612,145,37,9,28,108,94,14,25.517241379310345,6.206896551724138,19.310344827586206,74.48275862068967,64.82758620689654,9.655172413793103
E00058613,139,30,11,19,109,95,14,21.58273381294964,7.913669064748201,13.66906474820144,78.41726618705036,68.34532374100719,10.071942446043165
E00058614,169,42,12,30,127,115,12,24.85207100591716,7.100591715976331,17.75147928994083,75.14792899408283,68.04733727810651,7.100591715976331
E00058616,150,45,14,31,105,91,14,30,9.333333333333334,20.666666666666668,70,60.66666666666667,9.333333333333334
E00058618,153,37,8,29,116,104,12,24.183006535947712,5.228758169934641,18.954248366013072,75.81699346405229,67.97385620915033,7.8431372549019605
E00058619,102,33,6,27,69,60,9,32.35294117647059,5.88235294117647,26.47058823529412,67.64705882352942,58.82352941176471,8.823529411764707
E00058620,131,34,9,25,97,86,11,25.954198473282442,6.870229007633588,19.083969465648856,74.04580152671755,65.64885496183206,8.396946564885496
E00058621,103,21,6,15,82,71,11,20.388349514563107,5.825242718446602,14.563106796116504,79.6116504854369,68.93203883495146,10.679611650485436
E00058622,90,34,10,24,56,53,3,37.77777777777778,11.11111111111111,26.666666666666668,62.22222222222222,58.88888888888889,3.3333333333333335
E00058623,153,34,8,26,119,102,17,22.22222222222222,5.228758169934641,16.99346405228758,77.77777777777779,66.66666666666666,11.11111111111111
E00058624,126,35,7,28,91,80,11,27.77777777777778,5.555555555555555,22.22222222222222,72.22222222222221,63.49206349206349,8.73015873015873
E00058625,159,48,12,36,111,98,13,30.18867924528302,7.547169811320755,22.641509433962266,69.81132075471697,61.63522012578616,8.176100628930817
E00058626,143,30,6,24,113,103,10,20.97902097902098,4.195804195804196,16.783216783216783,79.02097902097903,72.02797202797203,6.993006993006993
E00058627,96,22,11,11,74,66,8,22.916666666666664,11.458333333333332,11.458333333333332,77.08333333333334,68.75,8.333333333333332
E00058628,181,69,23,46,112,93,19,38.12154696132597,12.70718232044199,25.41436464088398,61.87845303867403,51.38121546961326,10.497237569060774
E00058629,125,39,11,28,86,80,6,31.2,8.799999999999999,22.400000000000002,68.8,64,4.8
E00058630,147,34,8,26,113,98,15,23.12925170068027,5.442176870748299,17.687074829931973,76.87074829931973,66.66666666666666,10.204081632653061
E00058631,93,17,4,13,76,63,13,18.27956989247312,4.301075268817205,13.978494623655912,81.72043010752688,67.74193548387096,13.978494623655912
E00058632,90,27,8,19,63,59,4,30,8.88888888888889,21.11111111111111,70,65.55555555555556,4.444444444444445
E00058633,157,39,10,29,118,103,15,24.840764331210192,6.369426751592357,18.471337579617835,75.15923566878982,65.60509554140127,9.554140127388536
E00058634,101,25,12,13,76,62,14,24.752475247524753,11.881188118811881,12.871287128712872,75.24752475247524,61.386138613861384,13.861386138613863
E00058635,130,37,15,22,93,77,16,28.46153846153846,11.538461538461538,16.923076923076923,71.53846153846153,59.23076923076923,12.307692307692308
E00058636,158,38,15,23,120,103,17,24.050632911392405,9.49367088607595,14.556962025316455,75.9493670886076,65.18987341772153,10.759493670886076
E00058637,136,33,8,25,103,91,12,24.264705882352942,5.88235294117647,18.38235294117647,75.73529411764706,66.91176470588235,8.823529411764707
E00058638,104,25,8,17,79,71,8,24.03846153846154,7.6923076923076925,16.346153846153847,75.96153846153845,68.26923076923077,7.6923076923076925
E00058639,214,54,19,35,160,136,24,25.233644859813083,8.878504672897195,16.355140186915886,74.76635514018692,63.55140186915887,11.214953271028037
E00058640,200,53,15,38,147,121,26,26.5,7.5,19,73.5,60.5,13
E00058642,124,42,10,32,82,74,8,33.87096774193548,8.064516129032258,25.806451612903224,66.12903225806451,59.67741935483871,6.451612903225806
E00058643,127,37,6,31,90,79,11,29.133858267716533,4.724409448818897,24.409448818897637,70.86614173228347,62.20472440944882,8.661417322834646
E00058644,136,30,10,20,106,93,13,22.058823529411764,7.352941176470589,14.705882352941178,77.94117647058823,68.38235294117648,9.558823529411764
E00058646,130,41,12,29,89,77,12,31.538461538461537,9.230769230769232,22.30769230769231,68.46153846153847,59.23076923076923,9.230769230769232
E00058647,124,25,10,15,99,84,15,20.161290322580644,8.064516129032258,12.096774193548388,79.83870967741935,67.74193548387096,12.096774193548388
E00058648,168,39,10,29,129,110,19,23.214285714285715,5.952380952380952,17.261904761904763,76.78571428571429,65.47619047619048,11.30952380952381
E00058649,155,39,9,30,116,99,17,25.161290322580644,5.806451612903226,19.35483870967742,74.83870967741936,63.87096774193548,10.967741935483872
E00058650,131,34,13,21,97,83,14,25.954198473282442,9.923664122137405,16.030534351145036,74.04580152671755,63.358778625954194,10.687022900763358
E00058651,117,29,8,21,88,81,7,24.786324786324787,6.837606837606838,17.94871794871795,75.21367521367522,69.23076923076923,5.982905982905983
E00058652,219,51,13,38,168,148,20,23.28767123287671,5.93607305936073,17.35159817351598,76.71232876712328,67.57990867579909,9.1324200913242
E00058653,156,39,10,29,117,108,9,25,6.41025641025641,18.58974358974359,75,69.23076923076923,5.769230769230769
E00058654,145,41,13,28,104,91,13,28.27586206896552,8.96551724137931,19.310344827586206,71.72413793103448,62.758620689655174,8.96551724137931
E00058655,96,28,6,22,68,65,3,29.166666666666668,6.25,22.916666666666664,70.83333333333334,67.70833333333334,3.125
E00058656,134,36,5,31,98,90,8,26.865671641791046,3.731343283582089,23.134328358208954,73.13432835820896,67.16417910447761,5.970149253731343
E00058657,114,27,6,21,87,72,15,23.684210526315788,5.263157894736842,18.421052631578945,76.31578947368422,63.1578947368421,13.157894736842104
E00058658,101,23,7,16,78,71,7,22.772277227722775,6.9306930693069315,15.841584158415841,77.22772277227723,70.29702970297029,6.9306930693069315
E00058659,121,36,12,24,85,75,10,29.75206611570248,9.917355371900827,19.834710743801654,70.24793388429752,61.98347107438017,8.264462809917356
E00058660,140,40,12,28,100,92,8,28.57142857142857,8.571428571428571,20,71.42857142857143,65.71428571428571,5.714285714285714
E00058661,96,24,6,18,72,68,4,25,6.25,18.75,75,70.83333333333334,4.166666666666666
E00058662,109,22,6,16,87,75,12,20.18348623853211,5.5045871559633035,14.678899082568808,79.81651376146789,68.80733944954129,11.009174311926607
E00058663,108,38,12,26,70,59,11,35.18518518518518,11.11111111111111,24.074074074074073,64.81481481481481,54.629629629629626,10.185185185185185
E00058664,135,35,7,28,100,90,10,25.925925925925924,5.185185185185185,20.74074074074074,74.07407407407408,66.66666666666666,7.4074074074074066
E00058665,139,36,8,28,103,92,11,25.899280575539567,5.755395683453238,20.14388489208633,74.10071942446042,66.18705035971223,7.913669064748201
E00058666,95,28,9,19,67,55,12,29.47368421052631,9.473684210526317,20,70.52631578947368,57.89473684210527,12.631578947368421
E00058667,51,26,6,20,25,25,0,50.98039215686274,11.76470588235294,39.21568627450981,49.01960784313725,49.01960784313725,0
E00058668,209,43,14,29,166,136,30,20.574162679425836,6.698564593301436,13.875598086124402,79.42583732057416,65.07177033492823,14.354066985645932
E00058669,187,45,17,28,142,121,21,24.06417112299465,9.090909090909092,14.973262032085561,75.93582887700535,64.70588235294117,11.229946524064172
E00058670,131,36,14,22,95,88,7,27.480916030534353,10.687022900763358,16.793893129770993,72.51908396946564,67.17557251908397,5.343511450381679
E00058671,160,52,20,32,108,84,24,32.5,12.5,20,67.5,52.5,15
E00058672,188,48,21,27,140,106,34,25.53191489361702,11.170212765957446,14.361702127659576,74.46808510638297,56.38297872340425,18.085106382978726
E00058673,157,41,12,29,116,87,29,26.11464968152866,7.643312101910828,18.471337579617835,73.88535031847134,55.4140127388535,18.471337579617835
E00058674,120,32,12,20,88,70,18,26.666666666666668,10,16.666666666666664,73.33333333333333,58.333333333333336,15
E00058675,108,24,4,20,84,63,21,22.22222222222222,3.7037037037037033,18.51851851851852,77.77777777777779,58.333333333333336,19.444444444444446
E00058676,173,49,18,31,124,108,16,28.32369942196532,10.404624277456648,17.91907514450867,71.67630057803468,62.42774566473989,9.248554913294797
E00058677,164,41,9,32,123,108,15,25,5.487804878048781,19.51219512195122,75,65.85365853658537,9.146341463414634
E00058678,185,72,24,48,113,102,11,38.91891891891892,12.972972972972974,25.945945945945947,61.08108108108108,55.13513513513514,5.9459459459459465
E00058679,270,102,36,66,168,146,22,37.77777777777778,13.333333333333334,24.444444444444443,62.22222222222222,54.074074074074076,8.148148148148149
E00058680,154,34,13,21,120,106,14,22.07792207792208,8.441558441558442,13.636363636363635,77.92207792207793,68.83116883116884,9.090909090909092
E00058681,231,53,16,37,178,140,38,22.943722943722943,6.926406926406926,16.017316017316016,77.05627705627705,60.60606060606061,16.450216450216452
E00058682,229,63,17,46,166,148,18,27.510917030567683,7.423580786026202,20.087336244541483,72.48908296943232,64.62882096069869,7.860262008733625
E00058683,123,36,16,20,87,71,16,29.268292682926827,13.008130081300814,16.260162601626014,70.73170731707317,57.72357723577236,13.008130081300814
E00058684,179,40,15,25,139,123,16,22.3463687150838,8.379888268156424,13.966480446927374,77.6536312849162,68.71508379888269,8.938547486033519
E00058685,231,47,17,30,184,167,17,20.346320346320347,7.35930735930736,12.987012987012985,79.65367965367966,72.2943722943723,7.35930735930736
E00058686,171,51,16,35,120,91,29,29.82456140350877,9.35672514619883,20.46783625730994,70.17543859649122,53.216374269005854,16.95906432748538
E00058687,170,40,16,24,130,110,20,23.52941176470588,9.411764705882353,14.117647058823529,76.47058823529412,64.70588235294117,11.76470588235294
E00058688,148,41,10,31,107,87,20,27.7027027027027,6.756756756756757,20.945945945945947,72.2972972972973,58.78378378378378,13.513513513513514
E00058689,177,34,10,24,143,124,19,19.2090395480226,5.649717514124294,13.559322033898304,80.7909604519774,70.05649717514125,10.734463276836157
E00058690,165,47,20,27,118,98,20,28.484848484848484,12.121212121212121,16.363636363636363,71.51515151515152,59.3939393939394,12.121212121212121
E00058691,197,45,14,31,152,120,32,22.84263959390863,7.1065989847715745,15.736040609137056,77.15736040609137,60.913705583756354,16.243654822335024
E00058692,140,46,13,33,94,76,18,32.857142857142854,9.285714285714286,23.57142857142857,67.14285714285714,54.285714285714285,12.857142857142856
E00058693,178,39,15,24,139,117,22,21.910112359550563,8.426966292134832,13.48314606741573,78.08988764044943,65.73033707865169,12.359550561797752
E00058694,129,26,9,17,103,78,25,20.155038759689923,6.976744186046512,13.178294573643413,79.84496124031007,60.46511627906976,19.379844961240313
E00058695,142,44,11,33,98,82,16,30.985915492957744,7.746478873239436,23.239436619718308,69.01408450704226,57.74647887323944,11.267605633802818
E00058696,146,38,10,28,108,96,12,26.027397260273972,6.8493150684931505,19.17808219178082,73.97260273972603,65.75342465753424,8.21917808219178
E00058697,86,26,13,13,60,42,18,30.23255813953488,15.11627906976744,15.11627906976744,69.76744186046511,48.837209302325576,20.930232558139537
E00058698,189,57,16,41,132,116,16,30.158730158730158,8.465608465608465,21.693121693121693,69.84126984126983,61.37566137566137,8.465608465608465
E00058699,202,51,22,29,151,111,40,25.247524752475247,10.891089108910892,14.356435643564355,74.75247524752476,54.95049504950495,19.801980198019802
E00058700,124,48,13,35,76,58,18,38.70967741935484,10.483870967741936,28.225806451612907,61.29032258064516,46.774193548387096,14.516129032258066
E00058701,178,52,18,34,126,107,19,29.213483146067414,10.112359550561797,19.101123595505616,70.78651685393258,60.1123595505618,10.674157303370785
E00058702,112,52,20,32,60,60,0,46.42857142857143,17.857142857142858,28.57142857142857,53.57142857142857,53.57142857142857,0
E00058703,214,64,23,41,150,122,28,29.906542056074763,10.74766355140187,19.158878504672895,70.09345794392523,57.009345794392516,13.084112149532709
E00058704,167,38,19,19,129,101,28,22.75449101796407,11.377245508982035,11.377245508982035,77.24550898203593,60.47904191616767,16.766467065868262
E00058705,95,19,4,15,76,68,8,20,4.2105263157894735,15.789473684210526,80,71.57894736842105,8.421052631578947
E00058706,120,31,10,21,89,78,11,25.833333333333336,8.333333333333332,17.5,74.16666666666667,65,9.166666666666666
E00058707,186,56,19,37,130,116,14,30.107526881720432,10.21505376344086,19.892473118279568,69.89247311827957,62.365591397849464,7.526881720430108
E00058708,188,52,13,39,136,121,15,27.659574468085108,6.914893617021277,20.74468085106383,72.3404255319149,64.36170212765957,7.9787234042553195
E00058709,149,46,18,28,103,91,12,30.87248322147651,12.080536912751679,18.79194630872483,69.12751677852349,61.07382550335571,8.053691275167784
E00058710,146,53,13,40,93,85,8,36.3013698630137,8.904109589041095,27.397260273972602,63.6986301369863,58.21917808219178,5.47945205479452
E00058711,171,40,12,28,131,108,23,23.391812865497073,7.017543859649122,16.374269005847953,76.60818713450293,63.1578947368421,13.450292397660817
E00058712,166,34,9,25,132,119,13,20.481927710843372,5.421686746987952,15.060240963855422,79.51807228915662,71.6867469879518,7.83132530120482
E00058713,173,60,16,44,113,99,14,34.68208092485549,9.248554913294797,25.43352601156069,65.3179190751445,57.22543352601156,8.092485549132949
E00058714,166,62,16,46,104,91,13,37.34939759036144,9.63855421686747,27.710843373493976,62.65060240963856,54.81927710843374,7.83132530120482
E00058715,217,61,23,38,156,134,22,28.110599078341014,10.599078341013826,17.51152073732719,71.88940092165899,61.75115207373272,10.138248847926267
E00058716,166,64,9,55,102,93,9,38.55421686746988,5.421686746987952,33.13253012048193,61.44578313253012,56.024096385542165,5.421686746987952
E00058717,201,68,19,49,133,126,7,33.83084577114428,9.45273631840796,24.378109452736318,66.16915422885572,62.68656716417911,3.482587064676617
E00058718,159,55,19,36,104,96,8,34.59119496855346,11.949685534591195,22.641509433962266,65.40880503144653,60.37735849056604,5.031446540880504
E00058719,200,87,24,63,113,102,11,43.5,12,31.5,56.49999999999999,51,5.5
E00058720,185,61,16,45,124,110,14,32.972972972972975,8.64864864864865,24.324324324324326,67.02702702702703,59.45945945945946,7.567567567567568
E00058721,161,49,20,29,112,89,23,30.434782608695656,12.422360248447205,18.012422360248447,69.56521739130434,55.27950310559007,14.285714285714285
E00058722,88,32,8,24,56,46,10,36.36363636363637,9.090909090909092,27.27272727272727,63.63636363636363,52.27272727272727,11.363636363636363
E00058723,165,38,11,27,127,113,14,23.03030303030303,6.666666666666667,16.363636363636363,76.96969696969697,68.48484848484848,8.484848484848486
E00058724,187,57,17,40,130,105,25,30.481283422459892,9.090909090909092,21.390374331550802,69.5187165775401,56.14973262032086,13.368983957219251
E00058725,125,33,17,16,92,73,19,26.400000000000002,13.600000000000001,12.8,73.6,58.4,15.2
E00058726,63,18,4,14,45,38,7,28.57142857142857,6.349206349206349,22.22222222222222,71.42857142857143,60.317460317460316,11.11111111111111
E00058727,170,60,11,49,110,87,23,35.294117647058826,6.470588235294119,28.823529411764703,64.70588235294117,51.17647058823529,13.529411764705882
E00058728,111,15,4,11,96,82,14,13.513513513513514,3.6036036036036037,9.90990990990991,86.48648648648648,73.87387387387388,12.612612612612612
E00058729,144,53,22,31,91,67,24,36.80555555555556,15.277777777777779,21.52777777777778,63.19444444444444,46.52777777777778,16.666666666666664
E00058730,129,41,15,26,88,71,17,31.782945736434108,11.627906976744185,20.155038759689923,68.21705426356588,55.03875968992248,13.178294573643413
E00058731,136,45,20,25,91,60,31,33.088235294117645,14.705882352941178,18.38235294117647,66.91176470588235,44.11764705882353,22.794117647058822
E00058732,149,50,15,35,99,79,20,33.557046979865774,10.06711409395973,23.48993288590604,66.44295302013423,53.02013422818792,13.422818791946309
E00058733,138,40,12,28,98,83,15,28.985507246376812,8.695652173913043,20.28985507246377,71.01449275362319,60.14492753623188,10.869565217391305
E00058734,211,80,34,46,131,102,29,37.91469194312796,16.113744075829384,21.80094786729858,62.08530805687204,48.34123222748815,13.744075829383887
E00058735,104,36,11,25,68,52,16,34.61538461538461,10.576923076923077,24.03846153846154,65.38461538461539,50,15.384615384615385
E00058736,192,51,23,28,141,120,21,26.5625,11.979166666666668,14.583333333333334,73.4375,62.5,10.9375
E00058737,54,14,6,8,40,37,3,25.925925925925924,11.11111111111111,14.814814814814813,74.07407407407408,68.51851851851852,5.555555555555555
E00058738,125,46,14,32,79,67,12,36.8,11.200000000000001,25.6,63.2,53.6,9.6
E00058739,111,32,11,21,79,66,13,28.82882882882883,9.90990990990991,18.91891891891892,71.17117117117117,59.45945945945946,11.711711711711711
E00058740,131,46,19,27,85,67,18,35.11450381679389,14.50381679389313,20.610687022900763,64.8854961832061,51.14503816793893,13.740458015267176
E00058741,54,21,8,13,33,29,4,38.88888888888889,14.814814814814813,24.074074074074073,61.111111111111114,53.70370370370371,7.4074074074074066
E00058742,150,39,11,28,111,101,10,26,7.333333333333333,18.666666666666668,74,67.33333333333333,6.666666666666667
E00058743,116,45,16,29,71,65,6,38.793103448275865,13.793103448275861,25,61.206896551724135,56.03448275862068,5.172413793103448
E00058744,129,53,15,38,76,69,7,41.08527131782946,11.627906976744185,29.457364341085274,58.91472868217055,53.48837209302325,5.426356589147287
E00058745,102,46,11,35,56,50,6,45.09803921568628,10.784313725490197,34.31372549019608,54.90196078431373,49.01960784313725,5.88235294117647
E00058746,109,58,24,34,51,49,2,53.21100917431193,22.018348623853214,31.19266055045872,46.788990825688074,44.95412844036697,1.834862385321101
E00058747,148,30,6,24,118,107,11,20.27027027027027,4.054054054054054,16.216216216216218,79.72972972972973,72.2972972972973,7.4324324324324325
E00058748,93,30,6,24,63,55,8,32.25806451612903,6.451612903225806,25.806451612903224,67.74193548387096,59.13978494623656,8.60215053763441
E00058749,137,51,11,40,86,77,9,37.22627737226277,8.02919708029197,29.1970802919708,62.77372262773723,56.20437956204379,6.569343065693431
E00058750,89,28,7,21,61,58,3,31.46067415730337,7.865168539325842,23.595505617977526,68.53932584269663,65.1685393258427,3.3707865168539324
E00058751,47,12,3,9,35,31,4,25.53191489361702,6.382978723404255,19.148936170212767,74.46808510638297,65.95744680851064,8.51063829787234
E00058752,95,28,5,23,67,64,3,29.47368421052631,5.263157894736842,24.210526315789473,70.52631578947368,67.36842105263158,3.1578947368421053
E00058753,123,52,14,38,71,66,5,42.27642276422765,11.38211382113821,30.89430894308943,57.72357723577236,53.65853658536586,4.0650406504065035
E00058754,120,37,10,27,83,74,9,30.833333333333336,8.333333333333332,22.5,69.16666666666667,61.66666666666667,7.5
E00058755,208,68,26,42,140,127,13,32.69230769230769,12.5,20.192307692307693,67.3076923076923,61.057692307692314,6.25
E00058756,245,55,9,46,190,165,25,22.448979591836736,3.6734693877551026,18.775510204081634,77.55102040816327,67.3469387755102,10.204081632653061
E00058757,132,48,20,28,84,72,12,36.36363636363637,15.151515151515152,21.21212121212121,63.63636363636363,54.54545454545454,9.090909090909092
E00058759,107,42,21,21,65,55,10,39.25233644859813,19.626168224299064,19.626168224299064,60.747663551401864,51.4018691588785,9.345794392523365
E00058760,103,38,11,27,65,58,7,36.89320388349515,10.679611650485436,26.21359223300971,63.10679611650486,56.310679611650485,6.796116504854369
E00058761,206,70,20,50,136,117,19,33.980582524271846,9.70873786407767,24.271844660194176,66.01941747572816,56.79611650485437,9.223300970873787
E00058762,169,53,13,40,116,107,9,31.360946745562128,7.6923076923076925,23.668639053254438,68.63905325443787,63.31360946745562,5.325443786982249
E00058764,142,59,8,51,83,71,12,41.54929577464789,5.633802816901409,35.91549295774648,58.45070422535211,50,8.450704225352112
E00058765,130,46,16,30,84,76,8,35.38461538461539,12.307692307692308,23.076923076923077,64.61538461538461,58.46153846153847,6.153846153846154
E00058766,142,58,11,47,84,71,13,40.845070422535215,7.746478873239436,33.098591549295776,59.154929577464785,50,9.15492957746479
E00058767,171,48,15,33,123,110,13,28.07017543859649,8.771929824561402,19.298245614035086,71.9298245614035,64.32748538011695,7.602339181286549
E00058768,90,22,8,14,68,55,13,24.444444444444443,8.88888888888889,15.555555555555555,75.55555555555556,61.111111111111114,14.444444444444443
E00058769,173,60,23,37,113,101,12,34.68208092485549,13.294797687861271,21.38728323699422,65.3179190751445,58.38150289017341,6.9364161849710975
E00058770,131,39,10,29,92,85,7,29.770992366412212,7.633587786259542,22.137404580152673,70.22900763358778,64.8854961832061,5.343511450381679
E00058771,170,39,7,32,131,117,14,22.941176470588236,4.117647058823529,18.823529411764707,77.05882352941177,68.82352941176471,8.235294117647058
E00058772,127,22,3,19,105,98,7,17.322834645669293,2.3622047244094486,14.960629921259844,82.67716535433071,77.16535433070865,5.511811023622047
E00058773,103,31,8,23,72,67,5,30.097087378640776,7.766990291262135,22.330097087378643,69.90291262135922,65.0485436893204,4.854368932038835
E00058774,74,25,1,24,49,42,7,33.78378378378378,1.3513513513513513,32.432432432432435,66.21621621621621,56.75675675675676,9.45945945945946
E00058775,130,42,6,36,88,82,6,32.30769230769231,4.615384615384616,27.692307692307693,67.6923076923077,63.07692307692307,4.615384615384616
E00058776,129,40,15,25,89,77,12,31.007751937984494,11.627906976744185,19.379844961240313,68.9922480620155,59.68992248062015,9.30232558139535
E00058777,149,38,8,30,111,98,13,25.503355704697988,5.369127516778524,20.13422818791946,74.49664429530202,65.77181208053692,8.724832214765101
E00058778,92,40,12,28,52,45,7,43.47826086956522,13.043478260869565,30.434782608695656,56.52173913043478,48.91304347826087,7.608695652173914
E00058779,123,34,9,25,89,76,13,27.64227642276423,7.317073170731707,20.32520325203252,72.35772357723577,61.78861788617886,10.569105691056912
E00058780,144,46,12,34,98,90,8,31.944444444444443,8.333333333333332,23.61111111111111,68.05555555555556,62.5,5.555555555555555
E00058781,153,46,23,23,107,102,5,30.065359477124183,15.032679738562091,15.032679738562091,69.93464052287581,66.66666666666666,3.2679738562091507
E00058782,115,36,10,26,79,68,11,31.30434782608696,8.695652173913043,22.608695652173914,68.69565217391305,59.130434782608695,9.565217391304348
E00058783,110,27,5,22,83,74,9,24.545454545454547,4.545454545454546,20,75.45454545454545,67.27272727272727,8.181818181818182
E00058784,101,45,11,34,56,49,7,44.554455445544555,10.891089108910892,33.663366336633665,55.44554455445545,48.51485148514851,6.9306930693069315
E00058785,64,26,5,21,38,29,9,40.625,7.8125,32.8125,59.375,45.3125,14.0625
E00058786,250,48,12,36,202,185,17,19.2,4.8,14.399999999999999,80.80000000000001,74,6.800000000000001
E00058787,146,41,8,33,105,95,10,28.08219178082192,5.47945205479452,22.602739726027394,71.91780821917808,65.06849315068493,6.8493150684931505
E00058788,31,7,3,4,24,22,2,22.58064516129032,9.67741935483871,12.903225806451612,77.41935483870968,70.96774193548387,6.451612903225806
E00058789,146,51,19,32,95,85,10,34.93150684931507,13.013698630136986,21.91780821917808,65.06849315068493,58.21917808219178,6.8493150684931505
E00058790,110,27,5,22,83,73,10,24.545454545454547,4.545454545454546,20,75.45454545454545,66.36363636363637,9.090909090909092
E00058791,102,33,8,25,69,65,4,32.35294117647059,7.8431372549019605,24.509803921568626,67.64705882352942,63.725490196078425,3.9215686274509802
E00058792,137,43,16,27,94,85,9,31.386861313868614,11.678832116788321,19.708029197080293,68.61313868613139,62.04379562043796,6.569343065693431
E00058793,99,36,9,27,63,56,7,36.36363636363637,9.090909090909092,27.27272727272727,63.63636363636363,56.56565656565656,7.07070707070707
E00058794,113,31,13,18,82,69,13,27.43362831858407,11.504424778761061,15.929203539823009,72.56637168141593,61.06194690265486,11.504424778761061
E00058795,125,36,4,32,89,84,5,28.799999999999997,3.2,25.6,71.2,67.2,4
E00058796,150,36,10,26,114,109,5,24,6.666666666666667,17.333333333333336,76,72.66666666666667,3.3333333333333335
E00058797,104,27,3,24,77,64,13,25.961538461538463,2.8846153846153846,23.076923076923077,74.03846153846155,61.53846153846154,12.5
E00058798,184,46,14,32,138,126,12,25,7.608695652173914,17.391304347826086,75,68.47826086956522,6.521739130434782
E00058799,114,46,11,35,68,63,5,40.35087719298245,9.649122807017543,30.701754385964914,59.64912280701754,55.26315789473685,4.385964912280701
E00058800,72,43,20,23,29,28,1,59.72222222222222,27.77777777777778,31.944444444444443,40.27777777777778,38.88888888888889,1.3888888888888888
E00058801,119,59,23,36,60,50,10,49.57983193277311,19.327731092436977,30.252100840336134,50.42016806722689,42.016806722689076,8.403361344537815
E00058802,95,44,23,21,51,48,3,46.31578947368421,24.210526315789473,22.105263157894736,53.68421052631579,50.526315789473685,3.1578947368421053
E00058803,78,51,13,38,27,26,1,65.38461538461539,16.666666666666664,48.717948717948715,34.61538461538461,33.33333333333333,1.282051282051282
E00058805,148,69,13,56,79,76,3,46.62162162162162,8.783783783783784,37.83783783783784,53.37837837837838,51.35135135135135,2.027027027027027
E00058806,181,68,15,53,113,100,13,37.569060773480665,8.287292817679557,29.2817679558011,62.430939226519335,55.24861878453039,7.18232044198895
E00058807,102,42,18,24,60,52,8,41.17647058823529,17.647058823529413,23.52941176470588,58.82352941176471,50.98039215686274,7.8431372549019605
E00058808,159,62,22,40,97,90,7,38.9937106918239,13.836477987421384,25.157232704402517,61.0062893081761,56.60377358490566,4.40251572327044
E00058809,154,57,14,43,97,87,10,37.01298701298701,9.090909090909092,27.92207792207792,62.98701298701299,56.493506493506494,6.493506493506493
E00058810,148,78,44,34,70,64,6,52.702702702702695,29.72972972972973,22.972972972972975,47.2972972972973,43.24324324324324,4.054054054054054
E00058811,106,53,27,26,53,44,9,50,25.471698113207548,24.528301886792452,50,41.509433962264154,8.49056603773585
E00058812,125,63,36,27,62,56,6,50.4,28.799999999999997,21.6,49.6,44.800000000000004,4.8
E00058813,96,55,28,27,41,39,2,57.291666666666664,29.166666666666668,28.125,42.70833333333333,40.625,2.083333333333333
E00058814,68,25,16,9,43,39,4,36.76470588235294,23.52941176470588,13.23529411764706,63.23529411764706,57.35294117647059,5.88235294117647
E00058816,105,44,9,35,61,57,4,41.904761904761905,8.571428571428571,33.33333333333333,58.0952380952381,54.285714285714285,3.8095238095238098
E00058818,104,34,17,17,70,65,5,32.69230769230769,16.346153846153847,16.346153846153847,67.3076923076923,62.5,4.807692307692308
E00058821,144,76,50,26,68,63,5,52.77777777777778,34.72222222222222,18.055555555555554,47.22222222222222,43.75,3.4722222222222223
E00058823,98,56,28,28,42,41,1,57.14285714285714,28.57142857142857,28.57142857142857,42.857142857142854,41.83673469387755,1.0204081632653061
E00058826,117,65,40,25,52,50,2,55.55555555555556,34.18803418803419,21.367521367521366,44.44444444444444,42.73504273504273,1.7094017094017095
E00058827,62,29,14,15,33,32,1,46.774193548387096,22.58064516129032,24.193548387096776,53.2258064516129,51.61290322580645,1.6129032258064515
E00058828,123,62,31,31,61,53,8,50.40650406504065,25.203252032520325,25.203252032520325,49.59349593495935,43.08943089430895,6.504065040650407
E00058829,41,18,5,13,23,23,0,43.90243902439025,12.195121951219512,31.70731707317073,56.09756097560976,56.09756097560976,0
E00058830,46,19,5,14,27,21,6,41.30434782608695,10.869565217391305,30.434782608695656,58.69565217391305,45.65217391304348,13.043478260869565
E00058831,65,28,11,17,37,35,2,43.07692307692308,16.923076923076923,26.153846153846157,56.92307692307692,53.84615384615385,3.076923076923077
E00058832,128,56,27,29,72,67,5,43.75,21.09375,22.65625,56.25,52.34375,3.90625
E00058833,74,35,19,16,39,36,3,47.2972972972973,25.675675675675674,21.62162162162162,52.702702702702695,48.64864864864865,4.054054054054054
E00058834,100,42,21,21,58,52,6,42,21,21,57.99999999999999,52,6
E00058836,67,26,13,13,41,39,2,38.80597014925373,19.402985074626866,19.402985074626866,61.19402985074627,58.2089552238806,2.9850746268656714
E00058837,88,39,20,19,49,42,7,44.31818181818182,22.727272727272727,21.59090909090909,55.68181818181818,47.72727272727273,7.954545454545454
E00058838,68,26,11,15,42,34,8,38.23529411764706,16.176470588235293,22.058823529411764,61.76470588235294,50,11.76470588235294
E00058840,75,38,18,20,37,37,0,50.66666666666667,24,26.666666666666668,49.333333333333336,49.333333333333336,0
E00058842,88,29,20,9,59,54,5,32.95454545454545,22.727272727272727,10.227272727272728,67.04545454545455,61.36363636363637,5.681818181818182
E00058843,113,41,13,28,72,69,3,36.283185840707965,11.504424778761061,24.778761061946902,63.716814159292035,61.06194690265486,2.6548672566371683
E00058844,86,35,14,21,51,45,6,40.69767441860465,16.27906976744186,24.418604651162788,59.30232558139535,52.32558139534884,6.976744186046512
E00058847,71,36,9,27,35,31,4,50.70422535211267,12.676056338028168,38.028169014084504,49.29577464788733,43.66197183098591,5.633802816901409
E00058849,121,55,19,36,66,61,5,45.45454545454545,15.702479338842975,29.75206611570248,54.54545454545454,50.413223140495866,4.132231404958678
E00058850,78,30,8,22,48,40,8,38.46153846153847,10.256410256410255,28.205128205128204,61.53846153846154,51.28205128205128,10.256410256410255
E00058851,70,27,6,21,43,38,5,38.57142857142858,8.571428571428571,30,61.42857142857143,54.285714285714285,7.142857142857142
E00058852,84,33,10,23,51,48,3,39.285714285714285,11.904761904761903,27.380952380952383,60.71428571428571,57.14285714285714,3.571428571428571
E00058853,79,30,14,16,49,49,0,37.9746835443038,17.72151898734177,20.253164556962027,62.0253164556962,62.0253164556962,0
E00058854,123,32,10,22,91,80,11,26.01626016260163,8.130081300813007,17.88617886178862,73.98373983739837,65.04065040650406,8.94308943089431
E00058855,101,44,28,16,57,48,9,43.56435643564357,27.722772277227726,15.841584158415841,56.43564356435643,47.524752475247524,8.91089108910891
E00058856,102,80,59,21,22,19,3,78.43137254901961,57.84313725490197,20.588235294117645,21.568627450980394,18.627450980392158,2.941176470588235
E00058858,112,38,14,24,74,65,9,33.92857142857143,12.5,21.428571428571427,66.07142857142857,58.03571428571429,8.035714285714286
E00058859,73,33,12,21,40,37,3,45.20547945205479,16.43835616438356,28.767123287671232,54.794520547945204,50.68493150684932,4.10958904109589
E00058861,81,39,7,32,42,42,0,48.148148148148145,8.641975308641975,39.50617283950617,51.85185185185185,51.85185185185185,0
E00058862,66,46,23,23,20,19,1,69.6969696969697,34.84848484848485,34.84848484848485,30.303030303030305,28.78787878787879,1.5151515151515151
E00058864,134,60,16,44,74,67,7,44.776119402985074,11.940298507462686,32.83582089552239,55.223880597014926,50,5.223880597014925
E00058865,154,44,12,32,110,99,11,28.57142857142857,7.792207792207792,20.77922077922078,71.42857142857143,64.28571428571429,7.142857142857142
E00058866,139,99,73,26,40,39,1,71.22302158273382,52.51798561151079,18.705035971223023,28.776978417266186,28.05755395683453,0.7194244604316548
E00058867,48,8,0,8,40,40,0,16.666666666666664,0,16.666666666666664,83.33333333333334,83.33333333333334,0
E00058869,66,26,14,12,40,35,5,39.39393939393939,21.21212121212121,18.181818181818183,60.60606060606061,53.03030303030303,7.575757575757576
E00058870,104,49,30,19,55,51,4,47.11538461538461,28.846153846153843,18.269230769230766,52.88461538461539,49.03846153846153,3.8461538461538463
E00058871,54,17,3,14,37,34,3,31.48148148148148,5.555555555555555,25.925925925925924,68.51851851851852,62.96296296296296,5.555555555555555
E00058872,63,22,12,10,41,37,4,34.92063492063492,19.047619047619047,15.873015873015872,65.07936507936508,58.730158730158735,6.349206349206349
E00058873,61,22,9,13,39,36,3,36.0655737704918,14.754098360655737,21.311475409836063,63.934426229508205,59.01639344262295,4.918032786885246
E00058874,99,42,15,27,57,48,9,42.42424242424242,15.151515151515152,27.27272727272727,57.57575757575758,48.484848484848484,9.090909090909092
E00058875,53,20,9,11,33,33,0,37.735849056603776,16.9811320754717,20.754716981132077,62.264150943396224,62.264150943396224,0
E00058876,81,38,14,24,43,39,4,46.913580246913575,17.28395061728395,29.629629629629626,53.086419753086425,48.148148148148145,4.938271604938271
E00058877,145,66,27,39,79,66,13,45.51724137931035,18.620689655172416,26.89655172413793,54.48275862068965,45.51724137931035,8.96551724137931
E00058878,79,17,5,12,62,56,6,21.518987341772153,6.329113924050633,15.18987341772152,78.48101265822784,70.88607594936708,7.59493670886076
E00058879,104,50,19,31,54,53,1,48.07692307692308,18.269230769230766,29.807692307692307,51.92307692307693,50.96153846153846,0.9615384615384616
E00058880,122,65,29,36,57,51,6,53.278688524590166,23.770491803278688,29.508196721311474,46.72131147540984,41.80327868852459,4.918032786885246
E00058881,146,54,31,23,92,83,9,36.986301369863014,21.232876712328768,15.753424657534246,63.013698630136986,56.849315068493155,6.164383561643835
E00058884,62,25,17,8,37,34,3,40.32258064516129,27.419354838709676,12.903225806451612,59.67741935483871,54.83870967741935,4.838709677419355
E00058885,166,65,37,28,101,93,8,39.1566265060241,22.289156626506024,16.867469879518072,60.8433734939759,56.024096385542165,4.819277108433735
E00058887,212,50,19,31,162,140,22,23.58490566037736,8.962264150943396,14.622641509433961,76.41509433962264,66.0377358490566,10.377358490566039
E00058889,71,25,7,18,46,41,5,35.2112676056338,9.859154929577464,25.352112676056336,64.7887323943662,57.74647887323944,7.042253521126761
E00058890,69,33,10,23,36,33,3,47.82608695652174,14.492753623188406,33.33333333333333,52.17391304347826,47.82608695652174,4.3478260869565215
E00058891,123,28,10,18,95,83,12,22.76422764227642,8.130081300813007,14.634146341463413,77.23577235772358,67.47967479674797,9.75609756097561
E00058892,90,24,8,16,66,60,6,26.666666666666668,8.88888888888889,17.77777777777778,73.33333333333333,66.66666666666666,6.666666666666667
E00058893,169,44,18,26,125,114,11,26.035502958579883,10.650887573964498,15.384615384615385,73.96449704142012,67.45562130177515,6.508875739644971
E00058894,270,54,25,29,216,186,30,20,9.25925925925926,10.74074074074074,80,68.88888888888889,11.11111111111111
E00058895,106,36,16,20,70,63,7,33.9622641509434,15.09433962264151,18.867924528301888,66.0377358490566,59.43396226415094,6.60377358490566
E00058896,115,39,17,22,76,67,9,33.91304347826087,14.782608695652174,19.130434782608695,66.08695652173913,58.26086956521739,7.82608695652174
E00058897,167,64,23,41,103,91,12,38.32335329341318,13.77245508982036,24.550898203592812,61.67664670658682,54.49101796407185,7.18562874251497
E00058898,159,47,21,26,112,101,11,29.559748427672954,13.20754716981132,16.352201257861633,70.44025157232704,63.52201257861635,6.918238993710692
E00058899,213,40,14,26,173,138,35,18.779342723004692,6.572769953051644,12.206572769953052,81.2206572769953,64.7887323943662,16.431924882629108
E00058900,141,44,12,32,97,81,16,31.20567375886525,8.51063829787234,22.69503546099291,68.79432624113475,57.446808510638306,11.347517730496454
E00058902,276,81,37,44,195,154,41,29.347826086956523,13.405797101449277,15.942028985507244,70.65217391304348,55.79710144927537,14.855072463768115
E00058903,106,22,9,13,84,74,10,20.754716981132077,8.49056603773585,12.264150943396226,79.24528301886792,69.81132075471697,9.433962264150944
E00058904,196,64,16,48,132,120,12,32.6530612244898,8.16326530612245,24.489795918367346,67.3469387755102,61.224489795918366,6.122448979591836
E00058905,144,44,21,23,100,83,17,30.555555555555557,14.583333333333334,15.972222222222221,69.44444444444444,57.638888888888886,11.805555555555555
E00058906,152,35,11,24,117,106,11,23.026315789473685,7.236842105263158,15.789473684210526,76.97368421052632,69.73684210526315,7.236842105263158
E00058907,266,67,26,41,199,187,12,25.18796992481203,9.774436090225564,15.413533834586465,74.81203007518798,70.30075187969925,4.511278195488721
E00058909,97,14,6,8,83,74,9,14.432989690721648,6.185567010309279,8.24742268041237,85.56701030927834,76.28865979381443,9.278350515463918
E00058910,162,49,23,26,113,89,24,30.246913580246915,14.19753086419753,16.049382716049383,69.75308641975309,54.93827160493827,14.814814814814813
E00058911,131,36,14,22,95,79,16,27.480916030534353,10.687022900763358,16.793893129770993,72.51908396946564,60.30534351145038,12.213740458015266
E00058912,184,36,13,23,148,128,20,19.565217391304348,7.065217391304348,12.5,80.43478260869566,69.56521739130434,10.869565217391305
E00058913,91,15,4,11,76,63,13,16.483516483516482,4.395604395604396,12.087912087912088,83.51648351648352,69.23076923076923,14.285714285714285
E00058914,221,50,21,29,171,154,17,22.624434389140273,9.502262443438914,13.122171945701359,77.37556561085974,69.68325791855203,7.6923076923076925
E00058915,79,28,5,23,51,46,5,35.44303797468354,6.329113924050633,29.11392405063291,64.55696202531645,58.22784810126582,6.329113924050633
E00058917,186,36,7,29,150,124,26,19.35483870967742,3.763440860215054,15.591397849462366,80.64516129032258,66.66666666666666,13.978494623655912
E00058918,67,29,13,16,38,37,1,43.28358208955223,19.402985074626866,23.88059701492537,56.71641791044776,55.223880597014926,1.4925373134328357
E00058919,192,56,18,38,136,111,25,29.166666666666668,9.375,19.791666666666664,70.83333333333334,57.8125,13.020833333333334
E00058920,35,13,3,10,22,18,4,37.142857142857146,8.571428571428571,28.57142857142857,62.857142857142854,51.42857142857142,11.428571428571429
E00058921,116,27,7,20,89,77,12,23.275862068965516,6.0344827586206895,17.24137931034483,76.72413793103449,66.37931034482759,10.344827586206897
E00058922,63,20,3,17,43,40,3,31.746031746031743,4.761904761904762,26.984126984126984,68.25396825396825,63.49206349206349,4.761904761904762
E00058923,197,46,16,30,151,133,18,23.3502538071066,8.121827411167512,15.228426395939088,76.6497461928934,67.51269035532995,9.137055837563452
E00058924,160,35,15,20,125,113,12,21.875,9.375,12.5,78.125,70.625,7.5
E00058925,159,32,12,20,127,118,9,20.125786163522015,7.547169811320755,12.578616352201259,79.87421383647799,74.21383647798741,5.660377358490567
E00058926,251,69,21,48,182,171,11,27.490039840637447,8.366533864541832,19.12350597609562,72.50996015936255,68.12749003984064,4.382470119521913
E00058927,114,33,14,19,81,68,13,28.947368421052634,12.280701754385964,16.666666666666664,71.05263157894737,59.64912280701754,11.403508771929824
E00058928,170,49,19,30,121,106,15,28.823529411764703,11.176470588235295,17.647058823529413,71.17647058823529,62.35294117647059,8.823529411764707
E00058929,166,31,11,20,135,119,16,18.67469879518072,6.626506024096386,12.048192771084338,81.32530120481928,71.6867469879518,9.63855421686747
E00058930,150,43,19,24,107,90,17,28.666666666666668,12.666666666666668,16,71.33333333333334,60,11.333333333333332
E00058931,140,55,31,24,85,77,8,39.285714285714285,22.142857142857142,17.142857142857142,60.71428571428571,55.00000000000001,5.714285714285714
E00058932,169,44,9,35,125,107,18,26.035502958579883,5.325443786982249,20.710059171597635,73.96449704142012,63.31360946745562,10.650887573964498
E00058933,110,36,8,28,74,65,9,32.72727272727273,7.2727272727272725,25.454545454545453,67.27272727272727,59.09090909090909,8.181818181818182
E00058934,126,38,13,25,88,74,14,30.158730158730158,10.317460317460316,19.841269841269842,69.84126984126983,58.730158730158735,11.11111111111111
E00058935,64,24,7,17,40,35,5,37.5,10.9375,26.5625,62.5,54.6875,7.8125
E00058936,113,38,11,27,75,69,6,33.6283185840708,9.734513274336283,23.893805309734514,66.3716814159292,61.06194690265486,5.3097345132743365
E00058937,108,38,10,28,70,60,10,35.18518518518518,9.25925925925926,25.925925925925924,64.81481481481481,55.55555555555556,9.25925925925926
E00058938,86,40,6,34,46,41,5,46.51162790697674,6.976744186046512,39.53488372093023,53.48837209302325,47.674418604651166,5.813953488372093
E00058939,55,16,5,11,39,38,1,29.09090909090909,9.090909090909092,20,70.9090909090909,69.0909090909091,1.8181818181818181
E00058940,82,30,13,17,52,48,4,36.58536585365854,15.853658536585366,20.73170731707317,63.41463414634146,58.536585365853654,4.878048780487805
E00058941,134,37,11,26,97,87,10,27.611940298507463,8.208955223880597,19.402985074626866,72.38805970149254,64.92537313432835,7.462686567164178
E00058942,136,42,9,33,94,83,11,30.88235294117647,6.61764705882353,24.264705882352942,69.11764705882352,61.029411764705884,8.088235294117647
E00058943,118,32,8,24,86,74,12,27.11864406779661,6.779661016949152,20.33898305084746,72.88135593220339,62.71186440677966,10.16949152542373
E00058944,131,36,8,28,95,81,14,27.480916030534353,6.106870229007633,21.374045801526716,72.51908396946564,61.832061068702295,10.687022900763358
E00058945,178,48,13,35,130,110,20,26.96629213483146,7.303370786516854,19.662921348314608,73.03370786516854,61.79775280898876,11.235955056179774
E00058947,177,48,11,37,129,115,14,27.11864406779661,6.214689265536723,20.903954802259886,72.88135593220339,64.97175141242938,7.909604519774012
E00058948,118,41,12,29,77,62,15,34.74576271186441,10.16949152542373,24.576271186440678,65.2542372881356,52.54237288135594,12.711864406779661
E00058949,130,45,7,38,85,76,9,34.61538461538461,5.384615384615385,29.230769230769234,65.38461538461539,58.46153846153847,6.923076923076923
E00058950,147,41,14,27,106,94,12,27.89115646258503,9.523809523809524,18.367346938775512,72.10884353741497,63.94557823129252,8.16326530612245
E00058951,143,36,17,19,107,86,21,25.174825174825177,11.888111888111888,13.286713286713287,74.82517482517483,60.13986013986013,14.685314685314685
E00058952,94,32,10,22,62,55,7,34.04255319148936,10.638297872340425,23.404255319148938,65.95744680851064,58.51063829787234,7.446808510638298
E00058953,112,35,13,22,77,71,6,31.25,11.607142857142858,19.642857142857142,68.75,63.39285714285714,5.357142857142857
E00058954,132,37,11,26,95,86,9,28.030303030303028,8.333333333333332,19.696969696969695,71.96969696969697,65.15151515151516,6.8181818181818175
E00058955,147,46,8,38,101,89,12,31.292517006802722,5.442176870748299,25.850340136054424,68.70748299319727,60.544217687074834,8.16326530612245
E00058956,84,26,7,19,58,48,10,30.952380952380953,8.333333333333332,22.61904761904762,69.04761904761905,57.14285714285714,11.904761904761903
E00058957,182,58,26,32,124,93,31,31.868131868131865,14.285714285714285,17.582417582417584,68.13186813186813,51.098901098901095,17.032967032967033
E00058958,153,26,10,16,127,108,19,16.99346405228758,6.535947712418301,10.457516339869281,83.00653594771242,70.58823529411765,12.418300653594772
E00058959,200,39,13,26,161,145,16,19.5,6.5,13,80.5,72.5,8
E00058960,108,23,7,16,85,77,8,21.296296296296298,6.481481481481481,14.814814814814813,78.70370370370371,71.29629629629629,7.4074074074074066
E00058961,138,45,14,31,93,69,24,32.608695652173914,10.144927536231885,22.463768115942027,67.3913043478261,50,17.391304347826086
E00058962,159,49,20,29,110,91,19,30.81761006289308,12.578616352201259,18.238993710691823,69.18238993710692,57.23270440251572,11.949685534591195
E00058963,203,61,24,37,142,109,33,30.049261083743843,11.822660098522167,18.226600985221676,69.95073891625616,53.69458128078818,16.25615763546798
E00058964,169,63,24,39,106,86,20,37.278106508875744,14.201183431952662,23.076923076923077,62.721893491124256,50.887573964497044,11.834319526627219
E00058965,155,60,19,41,95,72,23,38.70967741935484,12.258064516129032,26.451612903225808,61.29032258064516,46.45161290322581,14.838709677419354
E00058966,172,60,25,35,112,96,16,34.883720930232556,14.534883720930234,20.348837209302324,65.11627906976744,55.81395348837209,9.30232558139535
E00058967,180,55,20,35,125,99,26,30.555555555555557,11.11111111111111,19.444444444444446,69.44444444444444,55.00000000000001,14.444444444444443
E00058968,147,47,22,25,100,80,20,31.97278911564626,14.965986394557824,17.006802721088434,68.02721088435374,54.421768707483,13.60544217687075
E00058969,95,32,16,16,63,47,16,33.68421052631579,16.842105263157894,16.842105263157894,66.3157894736842,49.473684210526315,16.842105263157894
E00058970,128,36,13,23,92,81,11,28.125,10.15625,17.96875,71.875,63.28125,8.59375
E00058971,163,40,15,25,123,98,25,24.539877300613497,9.202453987730062,15.337423312883436,75.4601226993865,60.122699386503065,15.337423312883436
E00058972,124,39,10,29,85,66,19,31.451612903225808,8.064516129032258,23.387096774193548,68.54838709677419,53.2258064516129,15.32258064516129
E00058973,161,53,21,32,108,89,19,32.91925465838509,13.043478260869565,19.875776397515526,67.08074534161491,55.27950310559007,11.801242236024844
E00058974,98,30,10,20,68,59,9,30.612244897959183,10.204081632653061,20.408163265306122,69.38775510204081,60.204081632653065,9.183673469387756
E00058975,205,67,22,45,138,107,31,32.6829268292683,10.731707317073171,21.951219512195124,67.31707317073172,52.19512195121951,15.121951219512194
E00058976,212,50,22,28,162,113,49,23.58490566037736,10.377358490566039,13.20754716981132,76.41509433962264,53.301886792452834,23.11320754716981
E00058977,128,42,16,26,86,66,20,32.8125,12.5,20.3125,67.1875,51.5625,15.625
E00058978,131,43,11,32,88,78,10,32.82442748091603,8.396946564885496,24.427480916030532,67.17557251908397,59.541984732824424,7.633587786259542
E00058979,96,34,14,20,62,52,10,35.41666666666667,14.583333333333334,20.833333333333336,64.58333333333334,54.166666666666664,10.416666666666668
E00058980,98,33,14,19,65,56,9,33.6734693877551,14.285714285714285,19.387755102040817,66.3265306122449,57.14285714285714,9.183673469387756
E00058981,134,35,13,22,99,82,17,26.119402985074625,9.701492537313433,16.417910447761194,73.88059701492537,61.19402985074627,12.686567164179104
E00058982,159,52,18,34,107,83,24,32.70440251572327,11.320754716981133,21.38364779874214,67.29559748427673,52.20125786163522,15.09433962264151
E00058983,165,44,17,27,121,93,28,26.666666666666668,10.303030303030303,16.363636363636363,73.33333333333333,56.36363636363636,16.969696969696972
E00058984,134,39,12,27,95,73,22,29.1044776119403,8.955223880597014,20.149253731343283,70.8955223880597,54.47761194029851,16.417910447761194
E00058985,106,38,10,28,68,49,19,35.84905660377358,9.433962264150944,26.41509433962264,64.15094339622641,46.22641509433962,17.92452830188679
E00058986,155,42,17,25,113,87,26,27.09677419354839,10.967741935483872,16.129032258064516,72.90322580645162,56.12903225806451,16.7741935483871
E00058987,149,50,17,33,99,84,15,33.557046979865774,11.409395973154362,22.14765100671141,66.44295302013423,56.375838926174495,10.06711409395973
E00058988,118,36,13,23,82,65,17,30.508474576271187,11.016949152542372,19.491525423728813,69.49152542372882,55.08474576271186,14.40677966101695
E00058989,172,56,26,30,116,92,24,32.55813953488372,15.11627906976744,17.441860465116278,67.44186046511628,53.48837209302325,13.953488372093023
E00058990,238,66,16,50,172,132,40,27.73109243697479,6.722689075630252,21.008403361344538,72.26890756302521,55.46218487394958,16.80672268907563
E00058991,122,40,11,29,82,66,16,32.78688524590164,9.01639344262295,23.770491803278688,67.21311475409836,54.09836065573771,13.114754098360656
E00058992,118,35,15,20,83,71,12,29.66101694915254,12.711864406779661,16.94915254237288,70.33898305084746,60.16949152542372,10.16949152542373
E00058993,113,36,11,25,77,66,11,31.858407079646017,9.734513274336283,22.123893805309734,68.14159292035397,58.4070796460177,9.734513274336283
E00058994,168,58,26,32,110,87,23,34.523809523809526,15.476190476190476,19.047619047619047,65.47619047619048,51.78571428571429,13.690476190476192
E00058995,173,52,15,37,121,88,33,30.057803468208093,8.670520231213873,21.38728323699422,69.94219653179191,50.86705202312138,19.07514450867052
E00058996,157,56,28,28,101,59,42,35.6687898089172,17.8343949044586,17.8343949044586,64.3312101910828,37.57961783439491,26.751592356687897
E00058997,128,44,19,25,84,70,14,34.375,14.84375,19.53125,65.625,54.6875,10.9375
E00058998,146,49,21,28,97,70,27,33.56164383561644,14.383561643835616,19.17808219178082,66.43835616438356,47.94520547945205,18.493150684931507
E00058999,88,23,11,12,65,53,12,26.136363636363637,12.5,13.636363636363635,73.86363636363636,60.22727272727273,13.636363636363635
E00059000,100,36,16,20,64,51,13,36,16,20,64,51,13
E00059001,131,34,12,22,97,73,24,25.954198473282442,9.16030534351145,16.793893129770993,74.04580152671755,55.72519083969466,18.3206106870229
E00059002,140,49,18,31,91,72,19,35,12.857142857142856,22.142857142857142,65,51.42857142857142,13.571428571428571
E00059003,112,37,8,29,75,63,12,33.035714285714285,7.142857142857142,25.892857142857146,66.96428571428571,56.25,10.714285714285714
E00059004,128,38,11,27,90,69,21,29.6875,8.59375,21.09375,70.3125,53.90625,16.40625
E00059005,167,61,22,39,106,70,36,36.52694610778443,13.17365269461078,23.353293413173652,63.47305389221557,41.91616766467065,21.55688622754491
E00059006,126,44,11,33,82,64,18,34.92063492063492,8.73015873015873,26.190476190476193,65.07936507936508,50.79365079365079,14.285714285714285
E00059007,111,24,8,16,87,67,20,21.62162162162162,7.207207207207207,14.414414414414415,78.37837837837837,60.36036036036037,18.01801801801802
E00059008,120,28,13,15,92,74,18,23.333333333333332,10.833333333333334,12.5,76.66666666666667,61.66666666666667,15
E00059010,99,27,15,12,72,50,22,27.27272727272727,15.151515151515152,12.121212121212121,72.72727272727273,50.505050505050505,22.22222222222222
E00059011,172,62,14,48,110,100,10,36.04651162790697,8.13953488372093,27.906976744186046,63.95348837209303,58.139534883720934,5.813953488372093
E00059012,107,34,10,24,73,65,8,31.775700934579437,9.345794392523365,22.429906542056074,68.22429906542055,60.747663551401864,7.476635514018691
E00059013,162,52,21,31,110,92,18,32.098765432098766,12.962962962962962,19.1358024691358,67.90123456790124,56.79012345679012,11.11111111111111
E00059014,158,42,14,28,116,103,13,26.582278481012654,8.860759493670885,17.72151898734177,73.41772151898735,65.18987341772153,8.227848101265822
E00059015,269,72,23,49,197,160,37,26.765799256505574,8.550185873605948,18.21561338289963,73.23420074349443,59.479553903345725,13.754646840148698
E00059016,265,71,19,52,194,137,57,26.79245283018868,7.169811320754717,19.622641509433965,73.20754716981132,51.698113207547166,21.50943396226415
E00059017,69,26,14,12,43,32,11,37.68115942028986,20.28985507246377,17.391304347826086,62.31884057971014,46.3768115942029,15.942028985507244
E00059018,145,29,15,14,116,92,24,20,10.344827586206897,9.655172413793103,80,63.44827586206897,16.551724137931036
E00059019,125,35,16,19,90,75,15,28.000000000000004,12.8,15.2,72,60,12
E00059020,122,28,5,23,94,79,15,22.950819672131146,4.098360655737705,18.852459016393443,77.04918032786885,64.75409836065575,12.295081967213115
E00059021,123,45,8,37,78,73,5,36.58536585365854,6.504065040650407,30.081300813008134,63.41463414634146,59.34959349593496,4.0650406504065035
E00059022,119,30,7,23,89,80,9,25.210084033613445,5.88235294117647,19.327731092436977,74.78991596638656,67.22689075630252,7.563025210084033
E00059023,148,47,16,31,101,81,20,31.756756756756754,10.81081081081081,20.945945945945947,68.24324324324324,54.729729729729726,13.513513513513514
E00059024,118,38,14,24,80,63,17,32.20338983050847,11.864406779661017,20.33898305084746,67.79661016949152,53.38983050847458,14.40677966101695
E00059025,219,59,16,43,160,142,18,26.94063926940639,7.30593607305936,19.63470319634703,73.0593607305936,64.84018264840182,8.21917808219178
E00059026,94,33,12,21,61,51,10,35.1063829787234,12.76595744680851,22.340425531914892,64.8936170212766,54.25531914893617,10.638297872340425
E00059027,130,31,13,18,99,85,14,23.846153846153847,10,13.846153846153847,76.15384615384615,65.38461538461539,10.76923076923077
E00059028,120,37,11,26,83,73,10,30.833333333333336,9.166666666666666,21.666666666666668,69.16666666666667,60.83333333333333,8.333333333333332
E00059029,75,23,6,17,52,49,3,30.666666666666664,8,22.666666666666664,69.33333333333334,65.33333333333333,4
E00059030,109,46,16,30,63,54,9,42.201834862385326,14.678899082568808,27.522935779816514,57.798165137614674,49.54128440366973,8.256880733944955
E00059031,202,44,14,30,158,128,30,21.782178217821784,6.9306930693069315,14.85148514851485,78.21782178217822,63.366336633663366,14.85148514851485
E00059032,168,56,11,45,112,95,17,33.33333333333333,6.547619047619048,26.785714285714285,66.66666666666666,56.547619047619044,10.119047619047619
E00059033,87,20,7,13,67,55,12,22.988505747126435,8.045977011494253,14.942528735632186,77.01149425287356,63.2183908045977,13.793103448275861
E00059034,86,30,13,17,56,47,9,34.883720930232556,15.11627906976744,19.767441860465116,65.11627906976744,54.65116279069767,10.465116279069768
E00059035,65,16,9,7,49,44,5,24.615384615384617,13.846153846153847,10.76923076923077,75.38461538461539,67.6923076923077,7.6923076923076925
E00059036,124,34,18,16,90,78,12,27.419354838709676,14.516129032258066,12.903225806451612,72.58064516129032,62.903225806451616,9.67741935483871
E00059037,70,30,10,20,40,36,4,42.857142857142854,14.285714285714285,28.57142857142857,57.14285714285714,51.42857142857142,5.714285714285714
E00059038,98,33,12,21,65,52,13,33.6734693877551,12.244897959183673,21.428571428571427,66.3265306122449,53.06122448979592,13.26530612244898
E00059039,67,28,8,20,39,29,10,41.7910447761194,11.940298507462686,29.850746268656714,58.2089552238806,43.28358208955223,14.925373134328357
E00059040,134,41,8,33,93,76,17,30.597014925373134,5.970149253731343,24.62686567164179,69.40298507462687,56.71641791044776,12.686567164179104
E00059041,93,30,8,22,63,53,10,32.25806451612903,8.60215053763441,23.655913978494624,67.74193548387096,56.98924731182796,10.75268817204301
E00059042,143,39,13,26,104,96,8,27.27272727272727,9.090909090909092,18.181818181818183,72.72727272727273,67.13286713286713,5.594405594405594
E00059043,61,24,8,16,37,32,5,39.34426229508197,13.114754098360656,26.229508196721312,60.65573770491803,52.459016393442624,8.19672131147541
E00059044,161,38,7,31,123,111,12,23.60248447204969,4.3478260869565215,19.25465838509317,76.3975155279503,68.94409937888199,7.453416149068323
E00059045,94,36,19,17,58,46,12,38.297872340425535,20.212765957446805,18.085106382978726,61.702127659574465,48.93617021276596,12.76595744680851
E00059047,45,14,4,10,31,24,7,31.11111111111111,8.88888888888889,22.22222222222222,68.88888888888889,53.333333333333336,15.555555555555555
E00059048,134,33,5,28,101,96,5,24.62686567164179,3.731343283582089,20.8955223880597,75.3731343283582,71.64179104477611,3.731343283582089
E00059049,132,47,6,41,85,78,7,35.60606060606061,4.545454545454546,31.060606060606062,64.39393939393939,59.09090909090909,5.303030303030303
E00059050,148,37,5,32,111,102,9,25,3.3783783783783785,21.62162162162162,75,68.91891891891892,6.081081081081082
E00059051,135,56,13,43,79,76,3,41.48148148148148,9.62962962962963,31.851851851851855,58.51851851851851,56.2962962962963,2.2222222222222223
E00059052,128,30,7,23,98,91,7,23.4375,5.46875,17.96875,76.5625,71.09375,5.46875
E00059053,125,39,10,29,86,76,10,31.2,8,23.200000000000003,68.8,60.8,8
E00059054,213,46,19,27,167,147,20,21.5962441314554,8.92018779342723,12.676056338028168,78.40375586854461,69.01408450704226,9.389671361502346
E00059055,152,41,12,29,111,96,15,26.973684210526315,7.894736842105263,19.078947368421055,73.02631578947368,63.1578947368421,9.868421052631579
E00059056,130,28,8,20,102,90,12,21.53846153846154,6.153846153846154,15.384615384615385,78.46153846153847,69.23076923076923,9.230769230769232
E00059057,263,68,23,45,195,184,11,25.85551330798479,8.745247148288973,17.110266159695815,74.1444866920152,69.96197718631178,4.182509505703422
E00059058,136,48,17,31,88,80,8,35.294117647058826,12.5,22.794117647058822,64.70588235294117,58.82352941176471,5.88235294117647
E00059059,143,44,9,35,99,90,9,30.76923076923077,6.293706293706294,24.475524475524477,69.23076923076923,62.93706293706294,6.293706293706294
E00059060,127,34,10,24,93,75,18,26.77165354330709,7.874015748031496,18.89763779527559,73.22834645669292,59.055118110236215,14.173228346456693
E00059061,63,25,3,22,38,31,7,39.682539682539684,4.761904761904762,34.92063492063492,60.317460317460316,49.2063492063492,11.11111111111111
E00059062,102,27,8,19,75,64,11,26.47058823529412,7.8431372549019605,18.627450980392158,73.52941176470588,62.745098039215684,10.784313725490197
E00059063,140,43,8,35,97,85,12,30.714285714285715,5.714285714285714,25,69.28571428571428,60.71428571428571,8.571428571428571
E00059064,199,49,16,33,150,131,19,24.623115577889447,8.040201005025125,16.582914572864322,75.37688442211056,65.82914572864321,9.547738693467336
E00059065,135,41,9,32,94,90,4,30.37037037037037,6.666666666666667,23.703703703703706,69.62962962962963,66.66666666666666,2.9629629629629632
E00059066,134,43,8,35,91,79,12,32.08955223880597,5.970149253731343,26.119402985074625,67.91044776119402,58.95522388059702,8.955223880597014
E00059067,106,32,5,27,74,61,13,30.18867924528302,4.716981132075472,25.471698113207548,69.81132075471697,57.54716981132076,12.264150943396226
E00059068,240,47,12,35,193,166,27,19.583333333333332,5,14.583333333333334,80.41666666666667,69.16666666666667,11.25
E00059069,120,30,5,25,90,84,6,25,4.166666666666666,20.833333333333336,75,70,5
E00059071,123,44,9,35,79,68,11,35.77235772357724,7.317073170731707,28.455284552845526,64.22764227642277,55.28455284552846,8.94308943089431
E00059073,117,41,3,38,76,66,10,35.04273504273504,2.564102564102564,32.47863247863248,64.95726495726495,56.41025641025641,8.547008547008547
E00059074,216,57,22,35,159,148,11,26.38888888888889,10.185185185185185,16.203703703703702,73.61111111111111,68.51851851851852,5.092592592592593
E00059075,118,26,8,18,92,78,14,22.033898305084744,6.779661016949152,15.254237288135593,77.96610169491525,66.10169491525424,11.864406779661017
E00059076,125,45,11,34,80,65,15,36,8.799999999999999,27.200000000000003,64,52,12
E00059077,45,16,6,10,29,29,0,35.55555555555556,13.333333333333334,22.22222222222222,64.44444444444444,64.44444444444444,0
E00059078,101,29,11,18,72,64,8,28.71287128712871,10.891089108910892,17.82178217821782,71.28712871287128,63.366336633663366,7.920792079207921
E00059079,70,23,7,16,47,40,7,32.857142857142854,10,22.857142857142858,67.14285714285714,57.14285714285714,10
E00059080,144,39,5,34,105,94,11,27.083333333333332,3.4722222222222223,23.61111111111111,72.91666666666666,65.27777777777779,7.638888888888889
E00059081,147,42,10,32,105,91,14,28.57142857142857,6.802721088435375,21.768707482993197,71.42857142857143,61.904761904761905,9.523809523809524
E00059082,218,59,17,42,159,144,15,27.06422018348624,7.79816513761468,19.26605504587156,72.93577981651376,66.05504587155964,6.8807339449541285
E00059083,146,36,9,27,110,105,5,24.65753424657534,6.164383561643835,18.493150684931507,75.34246575342466,71.91780821917808,3.4246575342465753
E00059084,159,49,12,37,110,100,10,30.81761006289308,7.547169811320755,23.270440251572328,69.18238993710692,62.893081761006286,6.289308176100629
E00059085,115,42,12,30,73,66,7,36.52173913043478,10.434782608695652,26.08695652173913,63.47826086956522,57.391304347826086,6.086956521739131
E00059086,152,48,7,41,104,92,12,31.57894736842105,4.605263157894736,26.973684210526315,68.42105263157895,60.526315789473685,7.894736842105263
E00059087,169,47,16,31,122,105,17,27.810650887573964,9.467455621301776,18.34319526627219,72.18934911242604,62.1301775147929,10.059171597633137
E00059088,177,51,19,32,126,113,13,28.8135593220339,10.734463276836157,18.07909604519774,71.1864406779661,63.84180790960452,7.344632768361582
E00059089,122,51,16,35,71,62,9,41.80327868852459,13.114754098360656,28.688524590163933,58.19672131147541,50.81967213114754,7.377049180327869
E00059090,192,57,9,48,135,125,10,29.6875,4.6875,25,70.3125,65.10416666666666,5.208333333333334
E00059091,149,33,8,25,116,107,9,22.14765100671141,5.369127516778524,16.778523489932887,77.85234899328859,71.81208053691275,6.0402684563758395
E00059092,150,46,12,34,104,86,18,30.666666666666664,8,22.666666666666664,69.33333333333334,57.333333333333336,12
E00059093,87,35,5,30,52,45,7,40.229885057471265,5.747126436781609,34.48275862068966,59.77011494252874,51.724137931034484,8.045977011494253
E00059094,117,35,9,26,82,74,8,29.914529914529915,7.6923076923076925,22.22222222222222,70.08547008547008,63.24786324786324,6.837606837606838
E00059095,115,19,7,12,96,85,11,16.52173913043478,6.086956521739131,10.434782608695652,83.47826086956522,73.91304347826086,9.565217391304348
E00059096,128,40,8,32,88,76,12,31.25,6.25,25,68.75,59.375,9.375
E00059097,132,36,11,25,96,82,14,27.27272727272727,8.333333333333332,18.939393939393938,72.72727272727273,62.121212121212125,10.606060606060606
E00059098,60,17,6,11,43,35,8,28.333333333333332,10,18.333333333333332,71.66666666666667,58.333333333333336,13.333333333333334
E00059099,107,30,9,21,77,69,8,28.037383177570092,8.411214953271028,19.626168224299064,71.96261682242991,64.48598130841121,7.476635514018691
E00059100,121,33,11,22,88,73,15,27.27272727272727,9.090909090909092,18.181818181818183,72.72727272727273,60.33057851239669,12.396694214876034
E00059101,117,33,9,24,84,69,15,28.205128205128204,7.6923076923076925,20.51282051282051,71.7948717948718,58.97435897435898,12.82051282051282
E00059102,156,36,9,27,120,95,25,23.076923076923077,5.769230769230769,17.307692307692307,76.92307692307693,60.89743589743589,16.025641025641026
E00059103,147,56,23,33,91,77,14,38.095238095238095,15.646258503401361,22.448979591836736,61.904761904761905,52.38095238095239,9.523809523809524
E00059104,152,40,18,22,112,88,24,26.31578947368421,11.842105263157894,14.473684210526317,73.68421052631578,57.89473684210527,15.789473684210526
E00059105,94,27,10,17,67,60,7,28.723404255319153,10.638297872340425,18.085106382978726,71.27659574468085,63.829787234042556,7.446808510638298
E00059106,162,30,14,16,132,110,22,18.51851851851852,8.641975308641975,9.876543209876543,81.48148148148148,67.90123456790124,13.580246913580247
E00059107,144,48,18,30,96,83,13,33.33333333333333,12.5,20.833333333333336,66.66666666666666,57.638888888888886,9.027777777777777
E00059108,146,48,14,34,98,87,11,32.87671232876712,9.58904109589041,23.28767123287671,67.12328767123287,59.589041095890416,7.534246575342466
E00059109,140,50,17,33,90,83,7,35.714285714285715,12.142857142857142,23.57142857142857,64.28571428571429,59.285714285714285,5
E00059110,138,37,9,28,101,92,9,26.811594202898554,6.521739130434782,20.28985507246377,73.18840579710145,66.66666666666666,6.521739130434782
E00059111,179,46,16,30,133,113,20,25.69832402234637,8.938547486033519,16.75977653631285,74.30167597765363,63.128491620111724,11.1731843575419
E00059112,132,43,3,40,89,72,17,32.57575757575758,2.272727272727273,30.303030303030305,67.42424242424242,54.54545454545454,12.878787878787879
E00059113,144,53,12,41,91,80,11,36.80555555555556,8.333333333333332,28.47222222222222,63.19444444444444,55.55555555555556,7.638888888888889
E00059114,121,33,11,22,88,79,9,27.27272727272727,9.090909090909092,18.181818181818183,72.72727272727273,65.28925619834712,7.43801652892562
E00059115,152,36,11,25,116,103,13,23.684210526315788,7.236842105263158,16.447368421052634,76.31578947368422,67.76315789473685,8.552631578947368
E00059116,102,22,9,13,80,66,14,21.568627450980394,8.823529411764707,12.745098039215685,78.43137254901961,64.70588235294117,13.725490196078432
E00059117,111,37,15,22,74,65,9,33.33333333333333,13.513513513513514,19.81981981981982,66.66666666666666,58.55855855855856,8.108108108108109
E00059118,134,42,7,35,92,87,5,31.343283582089555,5.223880597014925,26.119402985074625,68.65671641791045,64.92537313432835,3.731343283582089
E00059119,118,26,7,19,92,80,12,22.033898305084744,5.932203389830509,16.101694915254235,77.96610169491525,67.79661016949152,10.16949152542373
E00059120,165,46,8,38,119,107,12,27.878787878787882,4.848484848484849,23.03030303030303,72.12121212121212,64.84848484848484,7.2727272727272725
E00059121,136,30,10,20,106,93,13,22.058823529411764,7.352941176470589,14.705882352941178,77.94117647058823,68.38235294117648,9.558823529411764
E00059122,119,32,5,27,87,76,11,26.89075630252101,4.201680672268908,22.689075630252102,73.10924369747899,63.86554621848739,9.243697478991598
E00059123,179,54,8,46,125,115,10,30.16759776536313,4.4692737430167595,25.69832402234637,69.83240223463687,64.24581005586593,5.58659217877095
E00059124,217,40,11,29,177,159,18,18.433179723502306,5.0691244239631335,13.36405529953917,81.5668202764977,73.27188940092167,8.294930875576037
E00059125,279,67,24,43,212,187,25,24.014336917562723,8.60215053763441,15.412186379928317,75.98566308243727,67.02508960573476,8.960573476702509
E00059126,134,39,12,27,95,83,12,29.1044776119403,8.955223880597014,20.149253731343283,70.8955223880597,61.940298507462686,8.955223880597014
E00059127,82,31,12,19,51,44,7,37.80487804878049,14.634146341463413,23.170731707317074,62.19512195121951,53.65853658536586,8.536585365853659
E00059128,152,31,9,22,121,113,8,20.394736842105264,5.921052631578947,14.473684210526317,79.60526315789474,74.3421052631579,5.263157894736842
E00059129,164,46,11,35,118,109,9,28.04878048780488,6.707317073170732,21.341463414634145,71.95121951219512,66.46341463414635,5.487804878048781
E00059130,247,59,13,46,188,173,15,23.88663967611336,5.263157894736842,18.62348178137652,76.11336032388664,70.04048582995951,6.0728744939271255
E00059131,115,35,8,27,80,71,9,30.434782608695656,6.956521739130435,23.47826086956522,69.56521739130434,61.73913043478261,7.82608695652174
E00059132,105,31,7,24,74,70,4,29.523809523809526,6.666666666666667,22.857142857142858,70.47619047619048,66.66666666666666,3.8095238095238098
E00059133,109,29,8,21,80,71,9,26.605504587155966,7.339449541284404,19.26605504587156,73.39449541284404,65.13761467889908,8.256880733944955
E00059134,120,35,11,24,85,83,2,29.166666666666668,9.166666666666666,20,70.83333333333334,69.16666666666667,1.6666666666666667
E00059135,69,25,8,17,44,39,5,36.231884057971016,11.594202898550725,24.637681159420293,63.76811594202898,56.52173913043478,7.246376811594203
E00059136,126,24,7,17,102,86,16,19.047619047619047,5.555555555555555,13.492063492063492,80.95238095238095,68.25396825396825,12.698412698412698
E00059137,122,40,11,29,82,72,10,32.78688524590164,9.01639344262295,23.770491803278688,67.21311475409836,59.01639344262295,8.19672131147541
E00059138,117,36,15,21,81,74,7,30.76923076923077,12.82051282051282,17.94871794871795,69.23076923076923,63.24786324786324,5.982905982905983
E00059139,103,31,7,24,72,62,10,30.097087378640776,6.796116504854369,23.300970873786408,69.90291262135922,60.19417475728155,9.70873786407767
E00059140,122,37,17,20,85,77,8,30.327868852459016,13.934426229508196,16.39344262295082,69.67213114754098,63.114754098360656,6.557377049180328
E00059141,124,25,9,16,99,88,11,20.161290322580644,7.258064516129033,12.903225806451612,79.83870967741935,70.96774193548387,8.870967741935484
E00059142,104,29,9,20,75,71,4,27.884615384615387,8.653846153846153,19.230769230769234,72.11538461538461,68.26923076923077,3.8461538461538463
E00059143,141,34,11,23,107,91,16,24.113475177304963,7.801418439716312,16.312056737588655,75.88652482269504,64.53900709219859,11.347517730496454
E00059144,148,37,12,25,111,97,14,25,8.108108108108109,16.89189189189189,75,65.54054054054053,9.45945945945946
E00059146,131,31,11,20,100,85,15,23.66412213740458,8.396946564885496,15.267175572519085,76.33587786259542,64.8854961832061,11.450381679389313
E00059147,88,26,6,20,62,54,8,29.545454545454547,6.8181818181818175,22.727272727272727,70.45454545454545,61.36363636363637,9.090909090909092
E00059148,133,34,9,25,99,93,6,25.563909774436087,6.7669172932330826,18.796992481203006,74.43609022556392,69.92481203007519,4.511278195488721
E00059149,138,34,10,24,104,94,10,24.637681159420293,7.246376811594203,17.391304347826086,75.36231884057972,68.11594202898551,7.246376811594203
E00059150,135,22,5,17,113,100,13,16.296296296296298,3.7037037037037033,12.592592592592592,83.7037037037037,74.07407407407408,9.62962962962963
E00059151,158,45,14,31,113,101,12,28.48101265822785,8.860759493670885,19.62025316455696,71.51898734177216,63.92405063291139,7.59493670886076
E00059152,163,45,18,27,118,106,12,27.607361963190186,11.042944785276074,16.56441717791411,72.39263803680981,65.03067484662577,7.361963190184049
E00059153,141,41,11,30,100,90,10,29.078014184397162,7.801418439716312,21.27659574468085,70.92198581560284,63.829787234042556,7.092198581560284
E00059154,126,35,14,21,91,77,14,27.77777777777778,11.11111111111111,16.666666666666664,72.22222222222221,61.111111111111114,11.11111111111111
E00059155,103,36,15,21,67,57,10,34.95145631067961,14.563106796116504,20.388349514563107,65.0485436893204,55.33980582524271,9.70873786407767
E00059156,135,35,12,23,100,89,11,25.925925925925924,8.88888888888889,17.037037037037038,74.07407407407408,65.92592592592592,8.148148148148149
E00059157,74,17,4,13,57,49,8,22.972972972972975,5.405405405405405,17.56756756756757,77.02702702702703,66.21621621621621,10.81081081081081
E00059158,96,15,4,11,81,72,9,15.625,4.166666666666666,11.458333333333332,84.375,75,9.375
E00059159,107,28,7,21,79,72,7,26.168224299065418,6.5420560747663545,19.626168224299064,73.83177570093457,67.28971962616822,6.5420560747663545
E00059160,138,33,8,25,105,94,11,23.91304347826087,5.797101449275362,18.115942028985508,76.08695652173914,68.11594202898551,7.971014492753622
E00059161,265,60,19,41,205,178,27,22.641509433962266,7.169811320754717,15.471698113207546,77.35849056603774,67.16981132075472,10.18867924528302
E00059163,243,45,10,35,198,177,21,18.51851851851852,4.11522633744856,14.40329218106996,81.48148148148148,72.8395061728395,8.641975308641975
E00059164,123,27,7,20,96,88,8,21.951219512195124,5.691056910569105,16.260162601626014,78.04878048780488,71.54471544715447,6.504065040650407
E00059165,137,38,17,21,99,90,9,27.73722627737226,12.408759124087592,15.328467153284672,72.26277372262774,65.69343065693431,6.569343065693431
E00059166,141,36,12,24,105,98,7,25.53191489361702,8.51063829787234,17.02127659574468,74.46808510638297,69.50354609929079,4.964539007092199
E00059167,120,26,3,23,94,86,8,21.666666666666668,2.5,19.166666666666668,78.33333333333333,71.66666666666667,6.666666666666667
E00059168,118,29,5,24,89,76,13,24.576271186440678,4.23728813559322,20.33898305084746,75.42372881355932,64.40677966101694,11.016949152542372
E00059169,112,31,10,21,81,67,14,27.67857142857143,8.928571428571429,18.75,72.32142857142857,59.82142857142857,12.5
E00059170,107,33,9,24,74,62,12,30.8411214953271,8.411214953271028,22.429906542056074,69.1588785046729,57.943925233644855,11.214953271028037
E00059171,141,33,6,27,108,98,10,23.404255319148938,4.25531914893617,19.148936170212767,76.59574468085107,69.50354609929079,7.092198581560284
E00059172,95,34,16,18,61,54,7,35.78947368421053,16.842105263157894,18.947368421052634,64.21052631578948,56.84210526315789,7.368421052631578
E00059173,96,33,9,24,63,55,8,34.375,9.375,25,65.625,57.291666666666664,8.333333333333332
E00059174,131,39,6,33,92,84,8,29.770992366412212,4.580152671755725,25.190839694656486,70.22900763358778,64.12213740458014,6.106870229007633
E00059175,90,31,12,19,59,48,11,34.44444444444444,13.333333333333334,21.11111111111111,65.55555555555556,53.333333333333336,12.222222222222221
E00059176,141,52,14,38,89,75,14,36.87943262411347,9.929078014184398,26.95035460992908,63.12056737588653,53.191489361702125,9.929078014184398
E00059177,188,43,16,27,145,129,16,22.872340425531913,8.51063829787234,14.361702127659576,77.12765957446808,68.61702127659575,8.51063829787234
E00059178,130,37,11,26,93,85,8,28.46153846153846,8.461538461538462,20,71.53846153846153,65.38461538461539,6.153846153846154
E00059179,110,38,14,24,72,61,11,34.54545454545455,12.727272727272727,21.818181818181817,65.45454545454545,55.45454545454545,10
E00059180,168,48,22,26,120,100,20,28.57142857142857,13.095238095238097,15.476190476190476,71.42857142857143,59.523809523809526,11.904761904761903
E00059181,117,32,10,22,85,83,2,27.350427350427353,8.547008547008547,18.803418803418804,72.64957264957265,70.94017094017094,1.7094017094017095
E00059182,181,60,24,36,121,118,3,33.14917127071823,13.259668508287293,19.88950276243094,66.85082872928176,65.19337016574586,1.6574585635359116
E00059183,118,44,21,23,74,68,6,37.28813559322034,17.796610169491526,19.491525423728813,62.71186440677966,57.6271186440678,5.084745762711865
E00059184,109,30,5,25,79,70,9,27.522935779816514,4.587155963302752,22.93577981651376,72.47706422018348,64.22018348623854,8.256880733944955
E00059185,130,37,10,27,93,85,8,28.46153846153846,7.6923076923076925,20.76923076923077,71.53846153846153,65.38461538461539,6.153846153846154
E00059186,130,40,6,34,90,81,9,30.76923076923077,4.615384615384616,26.153846153846157,69.23076923076923,62.30769230769231,6.923076923076923
E00059187,90,17,0,17,73,68,5,18.88888888888889,0,18.88888888888889,81.11111111111111,75.55555555555556,5.555555555555555
E00059188,97,23,8,15,74,70,4,23.711340206185564,8.24742268041237,15.463917525773196,76.28865979381443,72.16494845360825,4.123711340206185
E00165673,85,27,3,24,58,50,8,31.76470588235294,3.5294117647058822,28.235294117647058,68.23529411764706,58.82352941176471,9.411764705882353
E00165674,133,51,17,34,82,71,11,38.34586466165413,12.781954887218044,25.563909774436087,61.65413533834586,53.383458646616546,8.270676691729323
E00165675,70,25,3,22,45,39,6,35.714285714285715,4.285714285714286,31.428571428571427,64.28571428571429,55.714285714285715,8.571428571428571
E00165676,117,34,9,25,83,73,10,29.059829059829063,7.6923076923076925,21.367521367521366,70.94017094017094,62.39316239316239,8.547008547008547
E00165677,204,71,24,47,133,112,21,34.80392156862745,11.76470588235294,23.03921568627451,65.19607843137256,54.90196078431373,10.294117647058822
E00165678,46,18,6,12,28,28,0,39.130434782608695,13.043478260869565,26.08695652173913,60.86956521739131,60.86956521739131,0
E00165679,158,58,19,39,100,84,16,36.708860759493675,12.025316455696203,24.68354430379747,63.29113924050633,53.16455696202531,10.126582278481013
E00165680,306,55,12,43,251,209,42,17.973856209150327,3.9215686274509802,14.052287581699346,82.02614379084967,68.30065359477125,13.725490196078432
E00165681,149,44,11,33,105,98,7,29.53020134228188,7.38255033557047,22.14765100671141,70.46979865771812,65.77181208053692,4.697986577181208
E00165682,116,37,10,27,79,71,8,31.896551724137932,8.620689655172415,23.275862068965516,68.10344827586206,61.206896551724135,6.896551724137931
E00165683,183,58,21,37,125,120,5,31.693989071038253,11.475409836065573,20.21857923497268,68.30601092896174,65.57377049180327,2.73224043715847
E00165684,204,51,18,33,153,132,21,25,8.823529411764707,16.176470588235293,75,64.70588235294117,10.294117647058822
E00165685,112,36,12,24,76,66,10,32.142857142857146,10.714285714285714,21.428571428571427,67.85714285714286,58.92857142857143,8.928571428571429
E00165686,143,45,23,22,98,93,5,31.46853146853147,16.083916083916083,15.384615384615385,68.53146853146853,65.03496503496503,3.4965034965034967
E00165687,203,62,16,46,141,128,13,30.541871921182267,7.8817733990147785,22.660098522167488,69.45812807881774,63.05418719211823,6.403940886699508
E00165688,111,33,11,22,78,62,16,29.72972972972973,9.90990990990991,19.81981981981982,70.27027027027027,55.85585585585585,14.414414414414415
E00165689,75,11,2,9,64,57,7,14.666666666666666,2.666666666666667,12,85.33333333333334,76,9.333333333333334
E00165690,127,25,5,20,102,93,9,19.68503937007874,3.937007874015748,15.748031496062993,80.31496062992126,73.22834645669292,7.086614173228346
E00165691,304,76,25,51,228,197,31,25,8.223684210526317,16.776315789473685,75,64.80263157894737,10.197368421052632
E00165692,121,38,8,30,83,77,6,31.40495867768595,6.6115702479338845,24.793388429752067,68.59504132231406,63.63636363636363,4.958677685950414
E00165693,159,37,10,27,122,110,12,23.270440251572328,6.289308176100629,16.9811320754717,76.72955974842768,69.18238993710692,7.547169811320755
E00165694,119,25,10,15,94,89,5,21.008403361344538,8.403361344537815,12.605042016806722,78.99159663865547,74.78991596638656,4.201680672268908
E00165695,196,62,13,49,134,114,20,31.63265306122449,6.63265306122449,25,68.36734693877551,58.16326530612245,10.204081632653061
E00165696,95,26,9,17,69,50,19,27.368421052631582,9.473684210526317,17.894736842105264,72.63157894736842,52.63157894736842,20
E00169576,141,22,12,10,119,108,11,15.602836879432624,8.51063829787234,7.092198581560284,84.39716312056737,76.59574468085107,7.801418439716312
E00169578,152,38,17,21,114,96,18,25,11.18421052631579,13.815789473684212,75,63.1578947368421,11.842105263157894
E00169579,131,48,18,30,83,70,13,36.6412213740458,13.740458015267176,22.900763358778626,63.358778625954194,53.43511450381679,9.923664122137405
E00169581,191,45,20,25,146,127,19,23.56020942408377,10.471204188481675,13.089005235602095,76.43979057591623,66.49214659685863,9.947643979057592
E00169583,175,66,25,41,109,101,8,37.714285714285715,14.285714285714285,23.42857142857143,62.28571428571429,57.714285714285715,4.571428571428571
E00169584,155,29,14,15,126,111,15,18.70967741935484,9.032258064516128,9.67741935483871,81.29032258064515,71.61290322580646,9.67741935483871
E00169586,184,27,11,16,157,139,18,14.673913043478262,5.978260869565218,8.695652173913043,85.32608695652173,75.54347826086956,9.782608695652174
E00169587,145,62,16,46,83,82,1,42.758620689655174,11.03448275862069,31.724137931034484,57.24137931034483,56.55172413793104,0.6896551724137931
E00169589,90,19,6,13,71,57,14,21.11111111111111,6.666666666666667,14.444444444444443,78.88888888888889,63.33333333333333,15.555555555555555
E00169590,181,48,16,32,133,118,15,26.519337016574585,8.83977900552486,17.67955801104972,73.48066298342542,65.19337016574586,8.287292817679557
E00169592,143,30,6,24,113,100,13,20.97902097902098,4.195804195804196,16.783216783216783,79.02097902097903,69.93006993006993,9.090909090909092
E00169593,136,19,7,12,117,106,11,13.970588235294118,5.147058823529411,8.823529411764707,86.02941176470588,77.94117647058823,8.088235294117647
E00169595,205,32,8,24,173,144,29,15.609756097560975,3.902439024390244,11.707317073170733,84.39024390243902,70.24390243902438,14.146341463414632
E00169597,136,55,33,22,81,64,17,40.44117647058824,24.264705882352942,16.176470588235293,59.55882352941176,47.05882352941176,12.5
E00169598,56,13,4,9,43,39,4,23.214285714285715,7.142857142857142,16.071428571428573,76.78571428571429,69.64285714285714,7.142857142857142
E00169606,81,19,6,13,62,54,8,23.456790123456788,7.4074074074074066,16.049382716049383,76.5432098765432,66.66666666666666,9.876543209876543
E00169607,185,58,23,35,127,112,15,31.351351351351354,12.432432432432433,18.91891891891892,68.64864864864865,60.54054054054055,8.108108108108109
E00169609,155,99,73,26,56,48,8,63.87096774193548,47.096774193548384,16.7741935483871,36.12903225806451,30.967741935483872,5.161290322580645
E00169611,138,49,25,24,89,79,10,35.507246376811594,18.115942028985508,17.391304347826086,64.4927536231884,57.2463768115942,7.246376811594203
E00169612,105,62,46,16,43,39,4,59.04761904761905,43.80952380952381,15.238095238095239,40.95238095238095,37.142857142857146,3.8095238095238098
E00169617,133,53,26,27,80,74,6,39.849624060150376,19.548872180451127,20.30075187969925,60.150375939849624,55.639097744360896,4.511278195488721
E00169618,141,35,11,24,106,96,10,24.822695035460992,7.801418439716312,17.02127659574468,75.177304964539,68.08510638297872,7.092198581560284
E00169620,126,69,23,46,57,52,5,54.761904761904766,18.253968253968253,36.507936507936506,45.23809523809524,41.269841269841265,3.968253968253968
E00169621,162,61,19,42,101,93,8,37.65432098765432,11.728395061728394,25.925925925925924,62.34567901234568,57.407407407407405,4.938271604938271
E00169625,82,52,27,25,30,30,0,63.41463414634146,32.926829268292686,30.48780487804878,36.58536585365854,36.58536585365854,0
E00169626,176,31,9,22,145,135,10,17.613636363636363,5.113636363636364,12.5,82.38636363636364,76.70454545454545,5.681818181818182
E00169629,189,36,11,25,153,141,12,19.047619047619047,5.82010582010582,13.227513227513226,80.95238095238095,74.60317460317461,6.349206349206349
E00169738,139,38,10,28,101,95,6,27.33812949640288,7.1942446043165464,20.14388489208633,72.66187050359713,68.34532374100719,4.316546762589928
E00169739,161,75,24,51,86,76,10,46.58385093167702,14.906832298136646,31.67701863354037,53.41614906832298,47.20496894409938,6.211180124223603
E00169740,117,59,25,34,58,46,12,50.427350427350426,21.367521367521366,29.059829059829063,49.572649572649574,39.31623931623932,10.256410256410255
E00169741,98,44,7,37,54,51,3,44.89795918367347,7.142857142857142,37.755102040816325,55.10204081632652,52.04081632653062,3.061224489795918
E00169742,88,45,23,22,43,40,3,51.13636363636363,26.136363636363637,25,48.86363636363637,45.45454545454545,3.4090909090909087
E00169744,118,42,15,27,76,69,7,35.59322033898305,12.711864406779661,22.88135593220339,64.40677966101694,58.47457627118644,5.932203389830509
E00169745,89,25,7,18,64,59,5,28.08988764044944,7.865168539325842,20.224719101123593,71.91011235955057,66.29213483146067,5.617977528089887
E00169746,90,57,50,7,33,32,1,63.33333333333333,55.55555555555556,7.777777777777778,36.666666666666664,35.55555555555556,1.1111111111111112
E00169747,39,19,8,11,20,19,1,48.717948717948715,20.51282051282051,28.205128205128204,51.28205128205128,48.717948717948715,2.564102564102564
E00169748,179,122,90,32,57,52,5,68.15642458100558,50.27932960893855,17.877094972067038,31.843575418994412,29.05027932960894,2.793296089385475
E00169749,142,47,14,33,95,81,14,33.098591549295776,9.859154929577464,23.239436619718308,66.90140845070422,57.04225352112676,9.859154929577464
E00169750,170,34,7,27,136,123,13,20,4.117647058823529,15.88235294117647,80,72.35294117647058,7.647058823529412
E00169751,111,54,18,36,57,52,5,48.64864864864865,16.216216216216218,32.432432432432435,51.35135135135135,46.846846846846844,4.504504504504505
E00169752,60,23,10,13,37,37,0,38.333333333333336,16.666666666666664,21.666666666666668,61.66666666666667,61.66666666666667,0
E00169753,190,49,14,35,141,130,11,25.789473684210527,7.368421052631578,18.421052631578945,74.21052631578947,68.42105263157895,5.7894736842105265
E00169754,131,41,15,26,90,82,8,31.297709923664126,11.450381679389313,19.84732824427481,68.70229007633588,62.59541984732825,6.106870229007633
E00169755,251,66,12,54,185,170,15,26.294820717131472,4.780876494023905,21.51394422310757,73.70517928286853,67.729083665338635,5.9760956175298805
E00169780,120,23,13,10,97,85,12,19.166666666666668,10.833333333333334,8.333333333333332,80.83333333333333,70.83333333333334,10
E00169783,61,22,14,8,39,31,8,36.0655737704918,22.950819672131146,13.114754098360656,63.934426229508205,50.81967213114754,13.114754098360656
E00169786,128,36,21,15,92,86,6,28.125,16.40625,11.71875,71.875,67.1875,4.6875
E00169788,143,43,31,12,100,90,10,30.069930069930066,21.678321678321677,8.391608391608392,69.93006993006993,62.93706293706294,6.993006993006993
E00169789,229,28,17,11,201,168,33,12.22707423580786,7.423580786026202,4.8034934497816595,87.77292576419214,73.36244541484717,14.41048034934498
E00169792,204,29,14,15,175,152,23,14.215686274509803,6.862745098039216,7.352941176470589,85.7843137254902,74.50980392156863,11.27450980392157
E00169794,203,14,10,4,189,163,26,6.896551724137931,4.926108374384237,1.9704433497536946,93.10344827586206,80.29556650246306,12.807881773399016
E00169796,109,21,12,9,88,65,23,19.26605504587156,11.009174311926607,8.256880733944955,80.73394495412845,59.63302752293578,21.100917431192663
E00169797,94,18,11,7,76,64,12,19.148936170212767,11.702127659574469,7.446808510638298,80.85106382978722,68.08510638297872,12.76595744680851
E00169800,165,25,13,12,140,130,10,15.151515151515152,7.878787878787878,7.2727272727272725,84.84848484848484,78.78787878787878,6.0606060606060606
E00169802,120,19,9,10,101,89,12,15.833333333333332,7.5,8.333333333333332,84.16666666666667,74.16666666666667,10
E00169803,154,18,10,8,136,112,24,11.688311688311687,6.493506493506493,5.194805194805195,88.31168831168831,72.72727272727273,15.584415584415584
E00169805,164,21,11,10,143,119,24,12.804878048780488,6.707317073170732,6.097560975609756,87.1951219512195,72.5609756097561,14.634146341463413
E00169806,60,17,11,6,43,42,1,28.333333333333332,18.333333333333332,10,71.66666666666667,70,1.6666666666666667
E00169810,129,12,5,7,117,88,29,9.30232558139535,3.875968992248062,5.426356589147287,90.69767441860465,68.21705426356588,22.48062015503876
E00169811,238,26,10,16,212,170,42,10.92436974789916,4.201680672268908,6.722689075630252,89.07563025210085,71.42857142857143,17.647058823529413
E00169813,63,8,0,8,55,40,15,12.698412698412698,0,12.698412698412698,87.3015873015873,63.49206349206349,23.809523809523807
E00169814,96,11,3,8,85,80,5,11.458333333333332,3.125,8.333333333333332,88.54166666666666,83.33333333333334,5.208333333333334
E00169817,168,26,11,15,142,115,27,15.476190476190476,6.547619047619048,8.928571428571429,84.52380952380952,68.45238095238095,16.071428571428573
E00170037,218,14,4,10,204,177,27,6.422018348623854,1.834862385321101,4.587155963302752,93.57798165137615,81.19266055045871,12.385321100917432
E00170040,148,11,5,6,137,114,23,7.4324324324324325,3.3783783783783785,4.054054054054054,92.56756756756756,77.02702702702703,15.54054054054054
E00170041,113,48,29,19,65,58,7,42.47787610619469,25.663716814159294,16.8141592920354,57.52212389380531,51.32743362831859,6.1946902654867255
E00170043,46,11,1,10,35,31,4,23.91304347826087,2.1739130434782608,21.73913043478261,76.08695652173914,67.3913043478261,8.695652173913043
E00170044,50,15,2,13,35,28,7,30,4,26,70,56.00000000000001,14.000000000000002
E00170048,120,25,8,17,95,87,8,20.833333333333336,6.666666666666667,14.166666666666666,79.16666666666666,72.5,6.666666666666667
E00170049,63,32,14,18,31,24,7,50.79365079365079,22.22222222222222,28.57142857142857,49.2063492063492,38.095238095238095,11.11111111111111
E00170051,98,15,2,13,83,61,22,15.306122448979592,2.0408163265306123,13.26530612244898,84.6938775510204,62.244897959183675,22.448979591836736
E00170052,114,18,7,11,96,85,11,15.789473684210526,6.140350877192982,9.649122807017543,84.21052631578947,74.56140350877193,9.649122807017543
E00170055,195,32,11,21,163,146,17,16.41025641025641,5.641025641025641,10.76923076923077,83.58974358974359,74.87179487179488,8.717948717948717
E00170057,298,27,6,21,271,236,35,9.060402684563758,2.013422818791946,7.046979865771812,90.93959731543623,79.19463087248322,11.74496644295302
E00170259,63,24,9,15,39,29,10,38.095238095238095,14.285714285714285,23.809523809523807,61.904761904761905,46.03174603174603,15.873015873015872
E00170262,80,13,6,7,67,58,9,16.25,7.5,8.75,83.75,72.5,11.25
E00170264,211,14,5,9,197,176,21,6.6350710900473935,2.3696682464454977,4.265402843601896,93.36492890995261,83.41232227488152,9.95260663507109
E00170265,265,20,8,12,245,216,29,7.547169811320755,3.018867924528302,4.528301886792453,92.45283018867924,81.50943396226415,10.943396226415095
E00170267,182,17,4,13,165,144,21,9.340659340659341,2.197802197802198,7.142857142857142,90.65934065934066,79.12087912087912,11.538461538461538
E00170268,224,22,13,9,202,175,27,9.821428571428571,5.803571428571429,4.017857142857143,90.17857142857143,78.125,12.053571428571429
E00170270,194,48,21,27,146,138,8,24.742268041237114,10.824742268041238,13.917525773195877,75.25773195876289,71.1340206185567,4.123711340206185
E00170271,129,96,64,32,33,27,6,74.4186046511628,49.6124031007752,24.8062015503876,25.581395348837212,20.930232558139537,4.651162790697675
E00170276,43,15,3,12,28,23,5,34.883720930232556,6.976744186046512,27.906976744186046,65.11627906976744,53.48837209302325,11.627906976744185
E00170327,152,40,10,30,112,101,11,26.31578947368421,6.578947368421052,19.736842105263158,73.68421052631578,66.44736842105263,7.236842105263158
E00170329,145,14,2,12,131,117,14,9.655172413793103,1.3793103448275863,8.275862068965518,90.3448275862069,80.6896551724138,9.655172413793103
E00170332,68,32,10,22,36,36,0,47.05882352941176,14.705882352941178,32.35294117647059,52.94117647058824,52.94117647058824,0
E00170433,224,43,10,33,181,168,13,19.196428571428573,4.464285714285714,14.732142857142858,80.80357142857143,75,5.803571428571429
E00170435,191,45,13,32,146,132,14,23.56020942408377,6.806282722513089,16.75392670157068,76.43979057591623,69.10994764397905,7.329842931937172
E00170436,153,21,6,15,132,114,18,13.725490196078432,3.9215686274509802,9.803921568627452,86.27450980392157,74.50980392156863,11.76470588235294
E00170438,101,32,7,25,69,64,5,31.683168316831683,6.9306930693069315,24.752475247524753,68.31683168316832,63.366336633663366,4.9504950495049505
E00170439,248,52,7,45,196,172,24,20.967741935483872,2.82258064516129,18.14516129032258,79.03225806451613,69.35483870967742,9.67741935483871
E00170441,162,33,14,19,129,121,8,20.37037037037037,8.641975308641975,11.728395061728394,79.62962962962963,74.69135802469135,4.938271604938271
E00170443,205,38,5,33,167,153,14,18.536585365853657,2.4390243902439024,16.097560975609756,81.46341463414633,74.63414634146342,6.829268292682928
E00170444,209,36,9,27,173,151,22,17.22488038277512,4.30622009569378,12.918660287081341,82.77511961722487,72.24880382775119,10.526315789473683
E00170446,84,20,9,11,64,57,7,23.809523809523807,10.714285714285714,13.095238095238097,76.19047619047619,67.85714285714286,8.333333333333332
E00170447,128,35,11,24,93,82,11,27.34375,8.59375,18.75,72.65625,64.0625,8.59375
E00170449,144,26,5,21,118,108,10,18.055555555555554,3.4722222222222223,14.583333333333334,81.94444444444444,75,6.944444444444445
E00170450,161,32,9,23,129,123,6,19.875776397515526,5.590062111801243,14.285714285714285,80.12422360248446,76.3975155279503,3.7267080745341614
E00170452,151,38,10,28,113,105,8,25.165562913907287,6.622516556291391,18.543046357615893,74.83443708609272,69.5364238410596,5.298013245033113
E00170453,114,33,9,24,81,72,9,28.947368421052634,7.894736842105263,21.052631578947366,71.05263157894737,63.1578947368421,7.894736842105263
E00170455,91,30,15,15,61,54,7,32.967032967032964,16.483516483516482,16.483516483516482,67.03296703296702,59.34065934065934,7.6923076923076925
E00170457,99,33,10,23,66,56,10,33.33333333333333,10.1010101010101,23.232323232323232,66.66666666666666,56.56565656565656,10.1010101010101
E00170458,92,23,8,15,69,60,9,25,8.695652173913043,16.304347826086957,75,65.21739130434783,9.782608695652174
E00170459,179,31,9,22,148,121,27,17.318435754189945,5.027932960893855,12.290502793296088,82.68156424581005,67.59776536312849,15.083798882681565
E00170460,128,32,7,25,96,85,11,25,5.46875,19.53125,75,66.40625,8.59375
E00170461,177,28,9,19,149,130,19,15.819209039548024,5.084745762711865,10.734463276836157,84.18079096045197,73.44632768361582,10.734463276836157
E00170462,318,42,9,33,276,248,28,13.20754716981132,2.8301886792452833,10.377358490566039,86.79245283018868,77.9874213836478,8.80503144654088
E00170463,180,40,10,30,140,114,26,22.22222222222222,5.555555555555555,16.666666666666664,77.77777777777779,63.33333333333333,14.444444444444443
E00170464,263,49,12,37,214,191,23,18.631178707224336,4.562737642585551,14.068441064638785,81.36882129277566,72.6235741444867,8.745247148288973
E00170465,166,40,8,32,126,113,13,24.096385542168676,4.819277108433735,19.27710843373494,75.90361445783132,68.07228915662651,7.83132530120482
E00170466,80,32,6,26,48,40,8,40,7.5,32.5,60,50,10
E00170467,152,46,11,35,106,94,12,30.263157894736842,7.236842105263158,23.026315789473685,69.73684210526315,61.8421052631579,7.894736842105263
E00170469,179,48,11,37,131,115,16,26.81564245810056,6.145251396648044,20.670391061452513,73.18435754189943,64.24581005586593,8.938547486033519
E00170470,96,21,6,15,75,67,8,21.875,6.25,15.625,78.125,69.79166666666666,8.333333333333332
E00170471,203,50,9,41,153,137,16,24.63054187192118,4.433497536945813,20.19704433497537,75.36945812807882,67.48768472906403,7.8817733990147785
E00170472,166,31,6,25,135,120,15,18.67469879518072,3.614457831325301,15.060240963855422,81.32530120481928,72.28915662650603,9.036144578313253
E00170473,204,36,10,26,168,146,22,17.647058823529413,4.901960784313726,12.745098039215685,82.35294117647058,71.56862745098039,10.784313725490197
E00170474,146,23,8,15,123,109,14,15.753424657534246,5.47945205479452,10.273972602739725,84.24657534246576,74.65753424657534,9.58904109589041
E00170475,85,14,6,8,71,66,5,16.470588235294116,7.0588235294117645,9.411764705882353,83.52941176470588,77.64705882352942,5.88235294117647
E00170476,172,35,14,21,137,120,17,20.348837209302324,8.13953488372093,12.209302325581394,79.65116279069767,69.76744186046511,9.883720930232558
E00170564,301,76,16,60,225,199,26,25.249169435215947,5.3156146179401995,19.93355481727575,74.75083056478405,66.11295681063123,8.637873754152823
E00170565,274,53,11,42,221,189,32,19.34306569343066,4.014598540145985,15.328467153284672,80.65693430656934,68.97810218978103,11.678832116788321
E00170567,248,65,18,47,183,153,30,26.209677419354836,7.258064516129033,18.951612903225808,73.79032258064517,61.693548387096776,12.096774193548388
E00170568,46,14,5,9,32,30,2,30.434782608695656,10.869565217391305,19.565217391304348,69.56521739130434,65.21739130434783,4.3478260869565215
E00170570,259,61,15,46,198,172,26,23.552123552123554,5.7915057915057915,17.760617760617762,76.44787644787645,66.40926640926641,10.038610038610038
E00170575,136,37,13,24,99,84,15,27.205882352941174,9.558823529411764,17.647058823529413,72.79411764705883,61.76470588235294,11.029411764705882
E00170576,119,23,4,19,96,78,18,19.327731092436977,3.361344537815126,15.966386554621847,80.67226890756302,65.54621848739495,15.126050420168067
E00170578,57,17,9,8,40,36,4,29.82456140350877,15.789473684210526,14.035087719298245,70.17543859649122,63.1578947368421,7.017543859649122
E00170581,122,72,47,25,50,43,7,59.01639344262295,38.52459016393443,20.491803278688526,40.98360655737705,35.24590163934426,5.737704918032787
E00170582,127,59,34,25,68,65,3,46.45669291338583,26.77165354330709,19.68503937007874,53.54330708661418,51.181102362204726,2.3622047244094486
E00170584,104,47,16,31,57,50,7,45.19230769230769,15.384615384615385,29.807692307692307,54.807692307692314,48.07692307692308,6.730769230769231
E00170586,218,42,20,22,176,160,16,19.26605504587156,9.174311926605505,10.091743119266056,80.73394495412845,73.39449541284404,7.339449541284404
E00170587,144,30,9,21,114,101,13,20.833333333333336,6.25,14.583333333333334,79.16666666666666,70.13888888888889,9.027777777777777
E00170589,123,31,5,26,92,72,20,25.203252032520325,4.0650406504065035,21.138211382113823,74.79674796747967,58.536585365853654,16.260162601626014
E00170590,152,39,13,26,113,90,23,25.657894736842106,8.552631578947368,17.105263157894736,74.3421052631579,59.210526315789465,15.131578947368421
E00170592,98,28,11,17,70,57,13,28.57142857142857,11.224489795918368,17.346938775510203,71.42857142857143,58.16326530612245,13.26530612244898
E00170593,235,90,35,55,145,93,52,38.297872340425535,14.893617021276595,23.404255319148938,61.702127659574465,39.57446808510638,22.127659574468083
E00170595,172,43,11,32,129,107,22,25,6.395348837209303,18.6046511627907,75,62.2093023255814,12.790697674418606
E00170596,79,25,6,19,54,43,11,31.645569620253166,7.59493670886076,24.050632911392405,68.35443037974683,54.43037974683544,13.924050632911392
E00170598,128,38,10,28,90,80,10,29.6875,7.8125,21.875,70.3125,62.5,7.8125
E00170600,110,46,11,35,64,61,3,41.81818181818181,10,31.818181818181817,58.18181818181818,55.45454545454545,2.727272727272727
E00170601,147,60,20,40,87,80,7,40.816326530612244,13.60544217687075,27.2108843537415,59.183673469387756,54.421768707483,4.761904761904762
E00170603,125,54,19,35,71,62,9,43.2,15.2,28.000000000000004,56.8,49.6,7.199999999999999
E00170606,270,60,14,46,210,196,14,22.22222222222222,5.185185185185185,17.037037037037038,77.77777777777779,72.5925925925926,5.185185185185185
E00170609,139,8,4,4,131,122,9,5.755395683453238,2.877697841726619,2.877697841726619,94.24460431654677,87.76978417266187,6.474820143884892
E00170610,228,15,0,15,213,183,30,6.578947368421052,0,6.578947368421052,93.42105263157895,80.26315789473685,13.157894736842104
E00170612,173,15,9,6,158,145,13,8.670520231213873,5.202312138728324,3.4682080924855487,91.32947976878613,83.8150289017341,7.514450867052023
E00170615,304,71,26,45,233,216,17,23.355263157894736,8.552631578947368,14.802631578947366,76.64473684210526,71.05263157894737,5.592105263157895
E00170617,191,8,7,1,183,164,19,4.18848167539267,3.664921465968586,0.5235602094240838,95.81151832460732,85.86387434554975,9.947643979057592
E00170618,116,35,8,27,81,74,7,30.17241379310345,6.896551724137931,23.275862068965516,69.82758620689656,63.793103448275865,6.0344827586206895
E00170620,206,18,7,11,188,170,18,8.737864077669903,3.3980582524271843,5.339805825242718,91.2621359223301,82.52427184466019,8.737864077669903
E00170621,147,38,20,18,109,97,12,25.850340136054424,13.60544217687075,12.244897959183673,74.14965986394559,65.98639455782312,8.16326530612245
E00170623,93,23,6,17,70,61,9,24.731182795698924,6.451612903225806,18.27956989247312,75.26881720430107,65.59139784946237,9.67741935483871
E00170887,371,80,18,62,291,254,37,21.563342318059302,4.8517520215633425,16.711590296495956,78.4366576819407,68.46361185983828,9.973045822102426
E00170888,210,31,8,23,179,157,22,14.761904761904763,3.8095238095238098,10.952380952380953,85.23809523809524,74.76190476190476,10.476190476190476
E00170889,266,81,30,51,185,138,47,30.451127819548873,11.278195488721805,19.172932330827066,69.54887218045113,51.8796992481203,17.669172932330827
E00170890,132,21,7,14,111,104,7,15.909090909090908,5.303030303030303,10.606060606060606,84.0909090909091,78.78787878787878,5.303030303030303
E00187024,193,114,65,49,79,72,7,59.067357512953365,33.67875647668394,25.38860103626943,40.932642487046635,37.30569948186528,3.6269430051813467
E00187025,149,85,55,30,64,59,5,57.04697986577181,36.91275167785235,20.13422818791946,42.95302013422819,39.59731543624161,3.3557046979865772
E00187026,244,149,83,66,95,89,6,61.065573770491795,34.01639344262295,27.049180327868854,38.9344262295082,36.47540983606557,2.459016393442623
E00187027,230,26,12,14,204,179,25,11.304347826086957,5.217391304347826,6.086956521739131,88.69565217391305,77.82608695652173,10.869565217391305
E00187028,183,19,6,13,164,134,30,10.382513661202186,3.278688524590164,7.103825136612022,89.61748633879782,73.224043715847,16.39344262295082
E00187029,279,40,19,21,239,198,41,14.336917562724013,6.810035842293908,7.526881720430108,85.66308243727599,70.96774193548387,14.695340501792115
E00187030,242,33,15,18,209,194,15,13.636363636363635,6.198347107438017,7.43801652892562,86.36363636363636,80.16528925619835,6.198347107438017
E00187031,61,15,5,10,46,36,10,24.59016393442623,8.19672131147541,16.39344262295082,75.40983606557377,59.01639344262295,16.39344262295082
E00187032,151,32,7,25,119,109,10,21.192052980132452,4.635761589403973,16.55629139072848,78.80794701986756,72.18543046357617,6.622516556291391
E00187033,152,25,11,14,127,110,17,16.447368421052634,7.236842105263158,9.210526315789473,83.55263157894737,72.36842105263158,11.18421052631579
E00187034,158,11,6,5,147,120,27,6.962025316455696,3.79746835443038,3.1645569620253164,93.0379746835443,75.9493670886076,17.088607594936708
E00187035,222,28,6,22,194,172,22,12.612612612612612,2.7027027027027026,9.90990990990991,87.38738738738738,77.47747747747748,9.90990990990991
E00187036,56,20,6,14,36,31,5,35.714285714285715,10.714285714285714,25,64.28571428571429,55.35714285714286,8.928571428571429
E00187037,73,27,9,18,46,45,1,36.986301369863014,12.32876712328767,24.65753424657534,63.013698630136986,61.64383561643836,1.36986301369863
E00187038,159,87,19,68,72,67,5,54.71698113207547,11.949685534591195,42.76729559748428,45.28301886792453,42.138364779874216,3.1446540880503147
E00187039,153,50,12,38,103,89,14,32.6797385620915,7.8431372549019605,24.836601307189543,67.3202614379085,58.16993464052288,9.15032679738562
E00187040,211,52,8,44,159,139,20,24.644549763033176,3.7914691943127963,20.85308056872038,75.35545023696683,65.87677725118483,9.47867298578199
E00187041,185,56,19,37,129,118,11,30.270270270270274,10.27027027027027,20,69.72972972972973,63.78378378378379,5.9459459459459465
E00187042,110,54,19,35,56,53,3,49.09090909090909,17.272727272727273,31.818181818181817,50.90909090909091,48.18181818181818,2.727272727272727
E00187043,225,17,7,10,208,173,35,7.555555555555555,3.111111111111111,4.444444444444445,92.44444444444444,76.88888888888889,15.555555555555555
E00187044,167,54,18,36,113,102,11,32.33532934131736,10.778443113772456,21.55688622754491,67.66467065868264,61.07784431137725,6.58682634730539
E00187045,167,46,20,26,121,108,13,27.54491017964072,11.976047904191617,15.568862275449103,72.45508982035929,64.67065868263472,7.784431137724551
E00187046,170,80,23,57,90,84,6,47.05882352941176,13.529411764705882,33.52941176470588,52.94117647058824,49.411764705882355,3.5294117647058822
E00187047,106,77,54,23,29,29,0,72.64150943396226,50.943396226415096,21.69811320754717,27.358490566037734,27.358490566037734,0
E00187048,201,52,13,39,149,117,32,25.870646766169152,6.467661691542288,19.402985074626866,74.12935323383084,58.2089552238806,15.92039800995025
E00187049,170,53,17,36,117,100,17,31.176470588235293,10,21.176470588235293,68.82352941176471,58.82352941176471,10
E00187050,112,38,22,16,74,65,9,33.92857142857143,19.642857142857142,14.285714285714285,66.07142857142857,58.03571428571429,8.035714285714286
E00187051,98,14,6,8,84,70,14,14.285714285714285,6.122448979591836,8.16326530612245,85.71428571428571,71.42857142857143,14.285714285714285
E00187052,167,14,6,8,153,130,23,8.383233532934131,3.592814371257485,4.790419161676647,91.61676646706587,77.84431137724552,13.77245508982036
E00187053,60,23,6,17,37,36,1,38.333333333333336,10,28.333333333333332,61.66666666666667,60,1.6666666666666667
E00187054,140,16,9,7,124,101,23,11.428571428571429,6.428571428571428,5,88.57142857142857,72.14285714285714,16.428571428571427
E00187055,317,29,6,23,288,251,37,9.14826498422713,1.8927444794952681,7.255520504731862,90.85173501577287,79.17981072555204,11.67192429022082
E00187056,129,36,11,25,93,82,11,27.906976744186046,8.527131782945736,19.379844961240313,72.09302325581395,63.565891472868216,8.527131782945736
E00187057,45,19,5,14,26,25,1,42.22222222222222,11.11111111111111,31.11111111111111,57.77777777777777,55.55555555555556,2.2222222222222223
E00187058,127,14,6,8,113,103,10,11.023622047244094,4.724409448818897,6.299212598425196,88.9763779527559,81.10236220472441,7.874015748031496
E00187059,202,41,15,26,161,130,31,20.2970297029703,7.425742574257425,12.871287128712872,79.70297029702971,64.35643564356435,15.346534653465346
E00187060,275,56,17,39,219,183,36,20.363636363636363,6.181818181818182,14.181818181818182,79.63636363636364,66.54545454545455,13.090909090909092
E00187061,90,27,11,16,63,63,0,30,12.222222222222221,17.77777777777778,70,70,0
E00187062,136,83,55,28,53,49,4,61.029411764705884,40.44117647058824,20.588235294117645,38.970588235294116,36.029411764705884,2.941176470588235
E00187063,190,46,10,36,144,120,24,24.210526315789473,5.263157894736842,18.947368421052634,75.78947368421053,63.1578947368421,12.631578947368421
E00187064,133,19,3,16,114,105,9,14.285714285714285,2.2556390977443606,12.030075187969924,85.71428571428571,78.94736842105263,6.7669172932330826
E00187065,219,52,21,31,167,124,43,23.74429223744292,9.58904109589041,14.15525114155251,76.25570776255708,56.62100456621004,19.63470319634703
E00187066,129,38,11,27,91,83,8,29.457364341085274,8.527131782945736,20.930232558139537,70.54263565891473,64.34108527131784,6.2015503875969
E00187067,103,51,37,14,52,52,0,49.51456310679612,35.92233009708738,13.592233009708737,50.48543689320388,50.48543689320388,0
E00187068,88,20,2,18,68,59,9,22.727272727272727,2.272727272727273,20.454545454545457,77.27272727272727,67.04545454545455,10.227272727272728
E00187069,232,47,15,32,185,163,22,20.25862068965517,6.4655172413793105,13.793103448275861,79.74137931034483,70.25862068965517,9.482758620689655
E00187070,143,42,9,33,101,86,15,29.37062937062937,6.293706293706294,23.076923076923077,70.62937062937063,60.13986013986013,10.48951048951049
E00187071,179,13,2,11,166,151,15,7.262569832402235,1.1173184357541899,6.145251396648044,92.73743016759776,84.35754189944134,8.379888268156424
E00187072,196,17,6,11,179,161,18,8.673469387755102,3.061224489795918,5.612244897959184,91.3265306122449,82.14285714285714,9.183673469387756
E00187073,93,27,9,18,66,57,9,29.03225806451613,9.67741935483871,19.35483870967742,70.96774193548387,61.29032258064516,9.67741935483871
E00187074,105,27,15,12,78,63,15,25.71428571428571,14.285714285714285,11.428571428571429,74.28571428571429,60,14.285714285714285
E00187075,199,43,16,27,156,136,20,21.608040201005025,8.040201005025125,13.5678391959799,78.39195979899498,68.34170854271356,10.050251256281408
E00187076,170,22,0,22,148,126,22,12.941176470588237,0,12.941176470588237,87.05882352941177,74.11764705882354,12.941176470588237
E00187077,186,43,16,27,143,130,13,23.118279569892472,8.60215053763441,14.516129032258066,76.88172043010752,69.89247311827957,6.989247311827956
E00187078,193,58,18,40,135,115,20,30.05181347150259,9.32642487046632,20.72538860103627,69.94818652849742,59.58549222797927,10.362694300518134
E00187079,121,61,23,38,60,55,5,50.413223140495866,19.00826446280992,31.40495867768595,49.586776859504134,45.45454545454545,4.132231404958678
E00187080,61,13,6,7,48,42,6,21.311475409836063,9.836065573770492,11.475409836065573,78.68852459016394,68.85245901639344,9.836065573770492
E00187081,100,28,7,21,72,63,9,28.000000000000004,7.000000000000001,21,72,63,9
E00187082,145,40,10,30,105,95,10,27.586206896551722,6.896551724137931,20.689655172413794,72.41379310344827,65.51724137931035,6.896551724137931
E00187083,136,26,14,12,110,94,16,19.11764705882353,10.294117647058822,8.823529411764707,80.88235294117648,69.11764705882352,11.76470588235294
E00187084,97,33,8,25,64,58,6,34.02061855670103,8.24742268041237,25.773195876288657,65.97938144329896,59.79381443298969,6.185567010309279
E00187085,256,34,11,23,222,201,21,13.28125,4.296875,8.984375,86.71875,78.515625,8.203125
E00187086,95,23,12,11,72,55,17,24.210526315789473,12.631578947368421,11.578947368421053,75.78947368421053,57.89473684210527,17.894736842105264
E00187087,48,12,6,6,36,29,7,25,12.5,12.5,75,60.416666666666664,14.583333333333334
E00187088,157,16,8,8,141,128,13,10.191082802547772,5.095541401273886,5.095541401273886,89.80891719745223,81.52866242038218,8.280254777070063
E00187089,197,18,9,9,179,154,25,9.137055837563452,4.568527918781726,4.568527918781726,90.86294416243655,78.1725888324873,12.690355329949238
E00187090,307,42,15,27,265,241,24,13.680781758957655,4.88599348534202,8.794788273615636,86.31921824104235,78.50162866449512,7.81758957654723
E00187091,62,18,6,12,44,38,6,29.03225806451613,9.67741935483871,19.35483870967742,70.96774193548387,61.29032258064516,9.67741935483871
E00187092,247,53,10,43,194,165,29,21.45748987854251,4.048582995951417,17.408906882591094,78.54251012145748,66.80161943319838,11.740890688259109
E00187093,146,17,8,9,129,99,30,11.643835616438356,5.47945205479452,6.164383561643835,88.35616438356165,67.8082191780822,20.54794520547945
E00187094,123,22,3,19,101,87,14,17.88617886178862,2.4390243902439024,15.447154471544716,82.11382113821138,70.73170731707317,11.38211382113821
E00187095,94,20,5,15,74,70,4,21.27659574468085,5.319148936170213,15.957446808510639,78.72340425531915,74.46808510638297,4.25531914893617
E00187096,143,35,10,25,108,83,25,24.475524475524477,6.993006993006993,17.482517482517483,75.52447552447552,58.04195804195804,17.482517482517483
E00187097,302,36,18,18,266,227,39,11.920529801324504,5.960264900662252,5.960264900662252,88.0794701986755,75.16556291390728,12.91390728476821
E00187098,228,51,34,17,177,157,20,22.36842105263158,14.912280701754385,7.456140350877193,77.63157894736842,68.85964912280701,8.771929824561402
E00187099,297,22,11,11,275,241,34,7.4074074074074066,3.7037037037037033,3.7037037037037033,92.5925925925926,81.14478114478115,11.447811447811448
E00187100,55,13,3,10,42,39,3,23.636363636363637,5.454545454545454,18.181818181818183,76.36363636363637,70.9090909090909,5.454545454545454
E00187101,250,37,9,28,213,193,20,14.799999999999999,3.5999999999999996,11.200000000000001,85.2,77.2,8
E00187102,162,26,7,19,136,123,13,16.049382716049383,4.320987654320987,11.728395061728394,83.9506172839506,75.92592592592592,8.024691358024691
E00187103,265,48,12,36,217,197,20,18.11320754716981,4.528301886792453,13.584905660377359,81.88679245283019,74.33962264150942,7.547169811320755
E00187104,153,20,8,12,133,113,20,13.071895424836603,5.228758169934641,7.8431372549019605,86.9281045751634,73.8562091503268,13.071895424836603
E00187105,186,44,10,34,142,128,14,23.655913978494624,5.376344086021505,18.27956989247312,76.34408602150538,68.81720430107528,7.526881720430108
E00187106,153,55,14,41,98,92,6,35.947712418300654,9.15032679738562,26.797385620915033,64.05228758169935,60.130718954248366,3.9215686274509802
E00187107,140,29,12,17,111,92,19,20.714285714285715,8.571428571428571,12.142857142857142,79.28571428571428,65.71428571428571,13.571428571428571
E00187108,82,22,9,13,60,53,7,26.82926829268293,10.975609756097562,15.853658536585366,73.17073170731707,64.63414634146342,8.536585365853659
E00187109,100,21,6,15,79,71,8,21,6,15,79,71,8
E00187110,315,267,183,84,48,44,4,84.76190476190476,58.0952380952381,26.666666666666668,15.238095238095239,13.968253968253968,1.2698412698412698
E00187111,143,17,6,11,126,121,5,11.888111888111888,4.195804195804196,7.6923076923076925,88.11188811188812,84.61538461538461,3.4965034965034967
E00187112,174,56,18,38,118,105,13,32.18390804597701,10.344827586206897,21.839080459770116,67.81609195402298,60.3448275862069,7.471264367816093
E00187113,65,6,0,6,59,54,5,9.230769230769232,0,9.230769230769232,90.76923076923077,83.07692307692308,7.6923076923076925
E00187114,252,42,13,29,210,179,31,16.666666666666664,5.158730158730158,11.507936507936508,83.33333333333334,71.03174603174604,12.3015873015873
E00187115,191,47,11,36,144,116,28,24.60732984293194,5.7591623036649215,18.848167539267017,75.39267015706807,60.73298429319372,14.659685863874344
E00187116,90,26,8,18,64,61,3,28.888888888888886,8.88888888888889,20,71.11111111111111,67.77777777777779,3.3333333333333335
E00187117,150,34,7,27,116,105,11,22.666666666666664,4.666666666666667,18,77.33333333333333,70,7.333333333333333
E00187118,285,37,16,21,248,215,33,12.982456140350877,5.614035087719298,7.368421052631578,87.01754385964912,75.43859649122807,11.578947368421053
E00187119,81,69,37,32,12,8,4,85.18518518518519,45.67901234567901,39.50617283950617,14.814814814814813,9.876543209876543,4.938271604938271
E00187120,296,34,11,23,262,218,44,11.486486486486488,3.7162162162162162,7.77027027027027,88.51351351351352,73.64864864864865,14.864864864864865
E00187121,225,46,9,37,179,158,21,20.444444444444446,4,16.444444444444446,79.55555555555556,70.22222222222221,9.333333333333334
E00187122,98,14,8,6,84,72,12,14.285714285714285,8.16326530612245,6.122448979591836,85.71428571428571,73.46938775510205,12.244897959183673
E00187123,72,18,7,11,54,45,9,25,9.722222222222223,15.277777777777779,75,62.5,12.5
E00187124,140,30,2,28,110,101,9,21.428571428571427,1.4285714285714286,20,78.57142857142857,72.14285714285714,6.428571428571428
E00187125,214,38,9,29,176,144,32,17.75700934579439,4.205607476635514,13.551401869158877,82.2429906542056,67.28971962616822,14.953271028037381
E00187126,94,10,4,6,84,75,9,10.638297872340425,4.25531914893617,6.382978723404255,89.36170212765957,79.7872340425532,9.574468085106384
E00187127,36,24,8,16,12,9,3,66.66666666666666,22.22222222222222,44.44444444444444,33.33333333333333,25,8.333333333333332
E00187128,83,31,14,17,52,52,0,37.34939759036144,16.867469879518072,20.481927710843372,62.65060240963856,62.65060240963856,0
E00187129,202,38,5,33,164,145,19,18.81188118811881,2.4752475247524752,16.33663366336634,81.1881188118812,71.78217821782178,9.405940594059405
E00187130,178,47,18,29,131,111,20,26.40449438202247,10.112359550561797,16.292134831460675,73.59550561797754,62.35955056179775,11.235955056179774
E00187131,121,25,15,10,96,83,13,20.66115702479339,12.396694214876034,8.264462809917356,79.33884297520662,68.59504132231406,10.743801652892563
E00187132,76,27,8,19,49,45,4,35.526315789473685,10.526315789473683,25,64.47368421052632,59.210526315789465,5.263157894736842
E00187133,184,32,6,26,152,131,21,17.391304347826086,3.260869565217391,14.130434782608695,82.6086956521739,71.19565217391305,11.41304347826087
E00187134,65,26,11,15,39,31,8,40,16.923076923076923,23.076923076923077,60,47.69230769230769,12.307692307692308
E00187135,66,26,19,7,40,36,4,39.39393939393939,28.78787878787879,10.606060606060606,60.60606060606061,54.54545454545454,6.0606060606060606
E00187136,227,49,20,29,178,167,11,21.58590308370044,8.81057268722467,12.77533039647577,78.41409691629956,73.568281938326,4.845814977973569
E00187137,148,92,66,26,56,56,0,62.16216216216216,44.5945945945946,17.56756756756757,37.83783783783784,37.83783783783784,0
E00187138,65,21,10,11,44,37,7,32.30769230769231,15.384615384615385,16.923076923076923,67.6923076923077,56.92307692307692,10.76923076923077
E00187139,217,29,8,21,188,173,15,13.36405529953917,3.686635944700461,9.67741935483871,86.63594470046083,79.72350230414746,6.912442396313365
E00187140,110,28,2,26,82,74,8,25.454545454545453,1.8181818181818181,23.636363636363637,74.54545454545455,67.27272727272727,7.2727272727272725
E00187141,218,60,24,36,158,129,29,27.522935779816514,11.009174311926607,16.51376146788991,72.47706422018348,59.174311926605505,13.302752293577983
E00187142,231,43,16,27,188,173,15,18.614718614718615,6.926406926406926,11.688311688311687,81.38528138528139,74.89177489177489,6.493506493506493
E00187143,288,32,11,21,256,229,27,11.11111111111111,3.8194444444444446,7.291666666666667,88.88888888888889,79.51388888888889,9.375
E00187144,124,21,7,14,103,89,14,16.93548387096774,5.64516129032258,11.29032258064516,83.06451612903226,71.7741935483871,11.29032258064516
E00187145,239,42,20,22,197,181,16,17.573221757322173,8.368200836820083,9.205020920502092,82.42677824267783,75.73221757322176,6.694560669456067
E00187146,135,10,3,7,125,111,14,7.4074074074074066,2.2222222222222223,5.185185185185185,92.5925925925926,82.22222222222221,10.37037037037037
E00187147,125,27,6,21,98,87,11,21.6,4.8,16.8,78.4,69.6,8.799999999999999
E00187148,309,77,24,53,232,202,30,24.919093851132686,7.766990291262135,17.15210355987055,75.08090614886731,65.37216828478964,9.70873786407767
E00187149,322,44,9,35,278,241,37,13.664596273291925,2.7950310559006213,10.869565217391305,86.33540372670807,74.84472049689441,11.490683229813664
E00187150,304,48,9,39,256,229,27,15.789473684210526,2.9605263157894735,12.828947368421053,84.21052631578947,75.32894736842105,8.881578947368421
E00187151,121,21,4,17,100,85,15,17.355371900826448,3.3057851239669422,14.049586776859504,82.64462809917356,70.24793388429752,12.396694214876034
E00187152,193,129,102,27,64,61,3,66.83937823834198,52.84974093264248,13.989637305699482,33.160621761658035,31.606217616580313,1.5544041450777202
E00187153,166,29,9,20,137,127,10,17.46987951807229,5.421686746987952,12.048192771084338,82.53012048192771,76.50602409638554,6.024096385542169
