OA,ts0590001,ts0590002,ts0590003,ts0590004,ts0590005,ts0590006,ts0590007,ts0590002_PCT,ts0590003_PCT,ts0590004_PCT,ts0590005_PCT,ts0590006_PCT,ts0590007_PCT
E00005966,186,63,26,37,123,96,27,33.87096774193548,13.978494623655912,19.892473118279568,66.12903225806451,51.61290322580645,14.516129032258066
E00005967,119,39,19,20,80,66,14,32.773109243697476,15.966386554621847,16.80672268907563,67.22689075630252,55.46218487394958,11.76470588235294
E00005969,123,52,19,33,71,64,7,42.27642276422765,15.447154471544716,26.82926829268293,57.72357723577236,52.03252032520326,5.691056910569105
E00005970,180,46,13,33,134,117,17,25.555555555555554,7.222222222222221,18.333333333333332,74.44444444444444,65,9.444444444444445
E00005971,98,40,19,21,58,54,4,40.816326530612244,19.387755102040817,21.428571428571427,59.183673469387756,55.10204081632652,4.081632653061225
E00005972,175,44,21,23,131,103,28,25.142857142857146,12,13.142857142857142,74.85714285714286,58.857142857142854,16
E00005973,158,52,15,37,106,81,25,32.91139240506329,9.49367088607595,23.417721518987342,67.08860759493672,51.26582278481012,15.822784810126583
E00005974,178,49,18,31,129,111,18,27.52808988764045,10.112359550561797,17.415730337078653,72.47191011235955,62.35955056179775,10.112359550561797
E00005975,158,39,15,24,119,102,17,24.68354430379747,9.49367088607595,15.18987341772152,75.31645569620254,64.55696202531645,10.759493670886076
E00005976,148,35,13,22,113,95,18,23.64864864864865,8.783783783783784,14.864864864864865,76.35135135135135,64.1891891891892,12.162162162162163
E00005977,156,50,15,35,106,75,31,32.05128205128205,9.615384615384617,22.435897435897438,67.94871794871796,48.07692307692308,19.871794871794872
E00005978,123,43,16,27,80,71,9,34.959349593495936,13.008130081300814,21.951219512195124,65.04065040650406,57.72357723577236,7.317073170731707
E00005979,148,41,17,24,107,72,35,27.7027027027027,11.486486486486488,16.216216216216218,72.2972972972973,48.64864864864865,23.64864864864865
E00005980,142,40,14,26,102,86,16,28.169014084507044,9.859154929577464,18.30985915492958,71.83098591549296,60.56338028169014,11.267605633802818
E00005981,103,34,17,17,69,58,11,33.00970873786408,16.50485436893204,16.50485436893204,66.99029126213593,56.310679611650485,10.679611650485436
E00005982,167,56,18,38,111,97,14,33.532934131736525,10.778443113772456,22.75449101796407,66.46706586826348,58.08383233532935,8.383233532934131
E00005983,232,70,27,43,162,132,30,30.17241379310345,11.637931034482758,18.53448275862069,69.82758620689656,56.896551724137936,12.931034482758621
E00005984,205,44,19,25,161,120,41,21.463414634146343,9.268292682926829,12.195121951219512,78.53658536585367,58.536585365853654,20
E00005985,180,51,21,30,129,91,38,28.333333333333332,11.666666666666666,16.666666666666664,71.66666666666667,50.55555555555556,21.11111111111111
E00005986,172,44,22,22,128,99,29,25.581395348837212,12.790697674418606,12.790697674418606,74.4186046511628,57.55813953488372,16.86046511627907
E00005987,160,51,19,32,109,100,9,31.874999999999996,11.875,20,68.125,62.5,5.625
E00005988,168,53,26,27,115,88,27,31.547619047619047,15.476190476190476,16.071428571428573,68.45238095238095,52.38095238095239,16.071428571428573
E00005989,171,52,21,31,119,85,34,30.409356725146196,12.280701754385964,18.128654970760234,69.5906432748538,49.707602339181285,19.883040935672515
E00005990,239,63,22,41,176,139,37,26.359832635983267,9.205020920502092,17.154811715481173,73.64016736401673,58.15899581589959,15.481171548117153
E00005991,180,52,21,31,128,100,28,28.888888888888886,11.666666666666666,17.22222222222222,71.11111111111111,55.55555555555556,15.555555555555555
E00005992,167,47,23,24,120,97,23,28.143712574850298,13.77245508982036,14.37125748502994,71.8562874251497,58.08383233532935,13.77245508982036
E00005993,202,78,35,43,124,93,31,38.613861386138616,17.326732673267326,21.287128712871286,61.386138613861384,46.03960396039604,15.346534653465346
E00005994,170,60,26,34,110,97,13,35.294117647058826,15.294117647058824,20,64.70588235294117,57.05882352941176,7.647058823529412
E00005995,156,40,16,24,116,94,22,25.64102564102564,10.256410256410255,15.384615384615385,74.35897435897436,60.256410256410255,14.102564102564102
E00005996,211,68,29,39,143,124,19,32.22748815165877,13.744075829383887,18.48341232227488,67.77251184834124,58.767772511848335,9.004739336492891
E00005997,215,52,15,37,163,135,28,24.186046511627907,6.976744186046512,17.209302325581397,75.81395348837209,62.7906976744186,13.023255813953488
E00005998,147,35,15,20,112,78,34,23.809523809523807,10.204081632653061,13.60544217687075,76.19047619047619,53.06122448979592,23.12925170068027
E00005999,173,41,13,28,132,91,41,23.699421965317917,7.514450867052023,16.184971098265898,76.30057803468208,52.601156069364166,23.699421965317917
E00006000,162,48,24,24,114,102,12,29.629629629629626,14.814814814814813,14.814814814814813,70.37037037037037,62.96296296296296,7.4074074074074066
E00006001,193,42,13,29,151,127,24,21.761658031088082,6.7357512953367875,15.025906735751295,78.23834196891191,65.80310880829016,12.435233160621761
E00006002,121,42,14,28,79,65,14,34.710743801652896,11.570247933884298,23.140495867768596,65.28925619834712,53.71900826446281,11.570247933884298
E00006003,184,60,20,40,124,97,27,32.608695652173914,10.869565217391305,21.73913043478261,67.3913043478261,52.71739130434783,14.673913043478262
E00006004,272,95,44,51,177,149,28,34.92647058823529,16.176470588235293,18.75,65.07352941176471,54.779411764705884,10.294117647058822
E00006005,187,44,22,22,143,104,39,23.52941176470588,11.76470588235294,11.76470588235294,76.47058823529412,55.61497326203209,20.855614973262032
E00006006,173,41,13,28,132,99,33,23.699421965317917,7.514450867052023,16.184971098265898,76.30057803468208,57.22543352601156,19.07514450867052
E00006007,150,35,18,17,115,88,27,23.333333333333332,12,11.333333333333332,76.66666666666667,58.666666666666664,18
E00006008,175,50,21,29,125,89,36,28.57142857142857,12,16.57142857142857,71.42857142857143,50.857142857142854,20.57142857142857
E00006009,154,53,16,37,101,77,24,34.41558441558442,10.38961038961039,24.025974025974026,65.5844155844156,50,15.584415584415584
E00006010,161,39,20,19,122,104,18,24.22360248447205,12.422360248447205,11.801242236024844,75.77639751552795,64.59627329192547,11.180124223602485
E00006011,242,59,30,29,183,157,26,24.380165289256198,12.396694214876034,11.983471074380166,75.6198347107438,64.87603305785123,10.743801652892563
E00006012,172,79,26,53,93,86,7,45.93023255813954,15.11627906976744,30.813953488372093,54.06976744186046,50,4.069767441860465
E00006013,188,55,32,23,133,105,28,29.25531914893617,17.02127659574468,12.23404255319149,70.74468085106383,55.85106382978723,14.893617021276595
E00006014,128,38,12,26,90,66,24,29.6875,9.375,20.3125,70.3125,51.5625,18.75
E00006015,194,60,29,31,134,116,18,30.927835051546392,14.948453608247423,15.979381443298967,69.0721649484536,59.79381443298969,9.278350515463918
E00006016,64,31,9,22,33,30,3,48.4375,14.0625,34.375,51.5625,46.875,4.6875
E00006017,176,57,20,37,119,90,29,32.38636363636363,11.363636363636363,21.022727272727273,67.61363636363636,51.13636363636363,16.477272727272727
E00006018,51,23,8,15,28,26,2,45.09803921568628,15.686274509803921,29.411764705882355,54.90196078431373,50.98039215686274,3.9215686274509802
E00006019,210,54,22,32,156,129,27,25.71428571428571,10.476190476190476,15.238095238095239,74.28571428571429,61.42857142857143,12.857142857142856
E00006020,168,45,21,24,123,106,17,26.785714285714285,12.5,14.285714285714285,73.21428571428571,63.095238095238095,10.119047619047619
E00006021,175,38,12,26,137,114,23,21.714285714285715,6.857142857142858,14.857142857142858,78.28571428571428,65.14285714285715,13.142857142857142
E00006022,151,47,20,27,104,89,15,31.125827814569533,13.245033112582782,17.880794701986755,68.87417218543047,58.94039735099338,9.933774834437086
E00006023,161,43,21,22,118,91,27,26.70807453416149,13.043478260869565,13.664596273291925,73.29192546583852,56.52173913043478,16.77018633540373
E00006024,169,53,14,39,116,95,21,31.360946745562128,8.284023668639055,23.076923076923077,68.63905325443787,56.213017751479285,12.42603550295858
E00006025,118,30,12,18,88,75,13,25.423728813559322,10.16949152542373,15.254237288135593,74.57627118644068,63.559322033898304,11.016949152542372
E00006026,125,40,22,18,85,55,30,32,17.599999999999998,14.399999999999999,68,44,24
E00006027,111,66,24,42,45,38,7,59.45945945945946,21.62162162162162,37.83783783783784,40.54054054054054,34.234234234234236,6.306306306306306
E00006028,132,25,12,13,107,81,26,18.939393939393938,9.090909090909092,9.848484848484848,81.06060606060606,61.36363636363637,19.696969696969695
E00006029,116,39,15,24,77,68,9,33.62068965517241,12.931034482758621,20.689655172413794,66.37931034482759,58.620689655172406,7.758620689655173
E00006030,139,32,14,18,107,88,19,23.021582733812952,10.071942446043165,12.949640287769784,76.97841726618705,63.30935251798561,13.66906474820144
E00006031,129,59,24,35,70,65,5,45.73643410852713,18.6046511627907,27.131782945736433,54.263565891472865,50.3875968992248,3.875968992248062
E00006032,184,36,19,17,148,95,53,19.565217391304348,10.326086956521738,9.239130434782608,80.43478260869566,51.63043478260869,28.804347826086957
E00006033,140,34,10,24,106,85,21,24.285714285714285,7.142857142857142,17.142857142857142,75.71428571428571,60.71428571428571,15
E00006034,141,28,13,15,113,91,22,19.858156028368796,9.219858156028367,10.638297872340425,80.1418439716312,64.53900709219859,15.602836879432624
E00006035,123,43,17,26,80,70,10,34.959349593495936,13.821138211382115,21.138211382113823,65.04065040650406,56.91056910569105,8.130081300813007
E00006036,172,40,19,21,132,114,18,23.25581395348837,11.046511627906977,12.209302325581394,76.74418604651163,66.27906976744185,10.465116279069768
E00006037,210,35,18,17,175,133,42,16.666666666666664,8.571428571428571,8.095238095238095,83.33333333333334,63.33333333333333,20
E00006038,176,64,28,36,112,96,16,36.36363636363637,15.909090909090908,20.454545454545457,63.63636363636363,54.54545454545454,9.090909090909092
E00006039,192,52,14,38,140,122,18,27.083333333333332,7.291666666666667,19.791666666666664,72.91666666666666,63.541666666666664,9.375
E00006040,225,53,9,44,172,142,30,23.555555555555554,4,19.555555555555557,76.44444444444444,63.11111111111111,13.333333333333334
E00006041,125,34,14,20,91,71,20,27.200000000000003,11.200000000000001,16,72.8,56.8,16
E00006042,156,54,23,31,102,83,19,34.61538461538461,14.743589743589745,19.871794871794872,65.38461538461539,53.205128205128204,12.179487179487179
E00006043,57,24,9,15,33,32,1,42.10526315789473,15.789473684210526,26.31578947368421,57.89473684210527,56.14035087719298,1.7543859649122806
E00006044,180,46,20,26,134,93,41,25.555555555555554,11.11111111111111,14.444444444444443,74.44444444444444,51.66666666666667,22.77777777777778
E00006045,194,54,30,24,140,117,23,27.835051546391753,15.463917525773196,12.371134020618557,72.16494845360825,60.30927835051546,11.855670103092782
E00006046,184,73,33,40,111,94,17,39.67391304347826,17.934782608695652,21.73913043478261,60.32608695652174,51.08695652173913,9.239130434782608
E00006047,165,39,16,23,126,89,37,23.636363636363637,9.696969696969697,13.939393939393941,76.36363636363637,53.939393939393945,22.424242424242426
E00006048,98,42,22,20,56,51,5,42.857142857142854,22.448979591836736,20.408163265306122,57.14285714285714,52.04081632653062,5.1020408163265305
E00006049,163,54,25,29,109,79,30,33.12883435582822,15.337423312883436,17.791411042944784,66.87116564417178,48.466257668711656,18.404907975460123
E00006050,151,38,15,23,113,91,22,25.165562913907287,9.933774834437086,15.2317880794702,74.83443708609272,60.264900662251655,14.56953642384106
E00006051,91,30,13,17,61,51,10,32.967032967032964,14.285714285714285,18.681318681318682,67.03296703296702,56.043956043956044,10.989010989010989
E00006052,106,35,16,19,71,50,21,33.0188679245283,15.09433962264151,17.92452830188679,66.98113207547169,47.16981132075472,19.81132075471698
E00006053,147,51,18,33,96,74,22,34.69387755102041,12.244897959183673,22.448979591836736,65.3061224489796,50.34013605442177,14.965986394557824
E00006054,177,39,17,22,138,114,24,22.033898305084744,9.6045197740113,12.429378531073446,77.96610169491525,64.40677966101694,13.559322033898304
E00006055,182,54,23,31,128,91,37,29.67032967032967,12.637362637362637,17.032967032967033,70.32967032967034,50,20.32967032967033
E00006056,116,37,19,18,79,65,14,31.896551724137932,16.379310344827587,15.517241379310345,68.10344827586206,56.03448275862068,12.068965517241379
E00006057,151,34,7,27,117,106,11,22.516556291390728,4.635761589403973,17.880794701986755,77.48344370860927,70.19867549668875,7.28476821192053
E00006058,179,66,32,34,113,99,14,36.87150837988827,17.877094972067038,18.994413407821227,63.128491620111724,55.3072625698324,7.82122905027933
E00006059,188,59,20,39,129,102,27,31.382978723404253,10.638297872340425,20.74468085106383,68.61702127659575,54.25531914893617,14.361702127659576
E00006060,150,47,19,28,103,84,19,31.333333333333336,12.666666666666668,18.666666666666668,68.66666666666667,56.00000000000001,12.666666666666668
E00006061,173,54,22,32,119,102,17,31.213872832369944,12.716763005780345,18.497109826589593,68.78612716763006,58.95953757225434,9.826589595375722
E00006062,215,81,35,46,134,117,17,37.67441860465116,16.27906976744186,21.3953488372093,62.32558139534884,54.418604651162795,7.906976744186046
E00006063,158,63,26,37,95,83,12,39.87341772151899,16.455696202531644,23.417721518987342,60.12658227848101,52.53164556962025,7.59493670886076
E00006064,174,50,24,26,124,104,20,28.735632183908045,13.793103448275861,14.942528735632186,71.26436781609196,59.77011494252874,11.494252873563218
E00006065,132,46,16,30,86,80,6,34.84848484848485,12.121212121212121,22.727272727272727,65.15151515151516,60.60606060606061,4.545454545454546
E00006066,137,53,16,37,84,79,5,38.68613138686132,11.678832116788321,27.00729927007299,61.31386861313869,57.66423357664233,3.64963503649635
E00006067,169,48,14,34,121,111,10,28.402366863905325,8.284023668639055,20.118343195266274,71.59763313609467,65.68047337278107,5.9171597633136095
E00006068,114,37,7,30,77,69,8,32.45614035087719,6.140350877192982,26.31578947368421,67.54385964912281,60.526315789473685,7.017543859649122
E00006069,244,94,35,59,150,136,14,38.52459016393443,14.344262295081966,24.18032786885246,61.47540983606557,55.73770491803278,5.737704918032787
E00006071,122,47,17,30,75,66,9,38.52459016393443,13.934426229508196,24.59016393442623,61.47540983606557,54.09836065573771,7.377049180327869
E00006072,112,50,14,36,62,54,8,44.642857142857146,12.5,32.142857142857146,55.35714285714286,48.214285714285715,7.142857142857142
E00006073,140,65,18,47,75,68,7,46.42857142857143,12.857142857142856,33.57142857142857,53.57142857142857,48.57142857142857,5
E00006074,49,15,7,8,34,32,2,30.612244897959183,14.285714285714285,16.3265306122449,69.38775510204081,65.3061224489796,4.081632653061225
E00006075,215,83,28,55,132,113,19,38.604651162790695,13.023255813953488,25.581395348837212,61.395348837209305,52.55813953488372,8.837209302325581
E00006076,149,66,25,41,83,71,12,44.29530201342282,16.778523489932887,27.516778523489933,55.70469798657718,47.651006711409394,8.053691275167784
E00006077,197,74,23,51,123,116,7,37.56345177664975,11.6751269035533,25.888324873096447,62.43654822335025,58.88324873096447,3.5532994923857872
E00006078,171,56,15,41,115,98,17,32.748538011695906,8.771929824561402,23.976608187134502,67.2514619883041,57.30994152046783,9.941520467836257
E00006079,188,61,23,38,127,111,16,32.4468085106383,12.23404255319149,20.212765957446805,67.5531914893617,59.04255319148937,8.51063829787234
E00006080,160,47,15,32,113,97,16,29.375,9.375,20,70.625,60.62499999999999,10
E00006081,212,76,29,47,136,123,13,35.84905660377358,13.679245283018867,22.169811320754718,64.15094339622641,58.01886792452831,6.132075471698113
E00006082,194,75,33,42,119,108,11,38.659793814432994,17.010309278350515,21.649484536082475,61.34020618556701,55.670103092783506,5.670103092783505
E00006083,192,73,28,45,119,108,11,38.02083333333333,14.583333333333334,23.4375,61.979166666666664,56.25,5.729166666666666
E00006084,203,65,28,37,138,123,15,32.01970443349754,13.793103448275861,18.226600985221676,67.98029556650246,60.591133004926114,7.389162561576355
E00006085,152,47,9,38,105,97,8,30.92105263157895,5.921052631578947,25,69.07894736842105,63.81578947368421,5.263157894736842
E00006086,205,58,18,40,147,132,15,28.292682926829265,8.780487804878048,19.51219512195122,71.70731707317073,64.39024390243902,7.317073170731707
E00006087,162,61,20,41,101,87,14,37.65432098765432,12.345679012345679,25.308641975308642,62.34567901234568,53.70370370370371,8.641975308641975
E00006088,210,65,16,49,145,132,13,30.952380952380953,7.6190476190476195,23.333333333333332,69.04761904761905,62.857142857142854,6.190476190476191
E00006089,156,65,27,38,91,79,12,41.66666666666667,17.307692307692307,24.358974358974358,58.333333333333336,50.641025641025635,7.6923076923076925
E00006090,132,48,16,32,84,79,5,36.36363636363637,12.121212121212121,24.242424242424242,63.63636363636363,59.84848484848485,3.787878787878788
E00006091,149,34,14,20,115,92,23,22.818791946308725,9.395973154362416,13.422818791946309,77.18120805369128,61.74496644295302,15.436241610738255
E00006092,214,62,25,37,152,127,25,28.971962616822427,11.682242990654206,17.289719626168225,71.02803738317756,59.345794392523366,11.682242990654206
E00006093,166,33,11,22,133,104,29,19.879518072289155,6.626506024096386,13.253012048192772,80.12048192771084,62.65060240963856,17.46987951807229
E00006094,185,44,17,27,141,102,39,23.783783783783786,9.18918918918919,14.594594594594595,76.21621621621621,55.13513513513514,21.08108108108108
E00006095,152,35,21,14,117,90,27,23.026315789473685,13.815789473684212,9.210526315789473,76.97368421052632,59.210526315789465,17.763157894736842
E00006096,131,35,19,16,96,72,24,26.717557251908396,14.50381679389313,12.213740458015266,73.2824427480916,54.961832061068705,18.3206106870229
E00006097,165,34,13,21,131,98,33,20.606060606060606,7.878787878787878,12.727272727272727,79.39393939393939,59.3939393939394,20
E00006098,140,28,9,19,112,90,22,20,6.428571428571428,13.571428571428571,80,64.28571428571429,15.714285714285714
E00006099,199,69,18,51,130,121,9,34.67336683417086,9.045226130653267,25.628140703517587,65.32663316582915,60.80402010050251,4.522613065326634
E00006100,138,30,12,18,108,87,21,21.73913043478261,8.695652173913043,13.043478260869565,78.26086956521739,63.04347826086957,15.217391304347828
E00006101,145,28,10,18,117,94,23,19.310344827586206,6.896551724137931,12.413793103448276,80.6896551724138,64.82758620689654,15.862068965517242
E00006102,168,53,29,24,115,90,25,31.547619047619047,17.261904761904763,14.285714285714285,68.45238095238095,53.57142857142857,14.880952380952381
E00006103,143,33,13,20,110,72,38,23.076923076923077,9.090909090909092,13.986013986013987,76.92307692307693,50.349650349650354,26.573426573426573
E00006104,156,27,16,11,129,93,36,17.307692307692307,10.256410256410255,7.051282051282051,82.6923076923077,59.61538461538461,23.076923076923077
E00006105,160,46,22,24,114,87,27,28.749999999999996,13.750000000000002,15,71.25,54.37499999999999,16.875
E00006106,142,36,15,21,106,73,33,25.352112676056336,10.56338028169014,14.788732394366196,74.64788732394366,51.40845070422535,23.239436619718308
E00006107,130,39,15,24,91,70,21,30,11.538461538461538,18.461538461538463,70,53.84615384615385,16.153846153846153
E00006108,124,38,20,18,86,69,17,30.64516129032258,16.129032258064516,14.516129032258066,69.35483870967742,55.64516129032258,13.709677419354838
E00006109,138,25,16,9,113,87,26,18.115942028985508,11.594202898550725,6.521739130434782,81.88405797101449,63.04347826086957,18.84057971014493
E00006110,189,52,23,29,137,100,37,27.513227513227513,12.16931216931217,15.343915343915343,72.4867724867725,52.910052910052904,19.576719576719576
E00006111,155,43,20,23,112,86,26,27.741935483870968,12.903225806451612,14.838709677419354,72.25806451612902,55.483870967741936,16.7741935483871
E00006112,176,55,25,30,121,91,30,31.25,14.204545454545455,17.045454545454543,68.75,51.70454545454546,17.045454545454543
E00006113,178,31,14,17,147,97,50,17.415730337078653,7.865168539325842,9.550561797752808,82.58426966292134,54.49438202247191,28.08988764044944
E00006114,159,34,14,20,125,94,31,21.38364779874214,8.80503144654088,12.578616352201259,78.61635220125787,59.11949685534591,19.49685534591195
E00006115,271,48,20,28,223,196,27,17.712177121771216,7.380073800738007,10.33210332103321,82.28782287822878,72.32472324723247,9.96309963099631
E00006116,145,34,10,24,111,79,32,23.448275862068964,6.896551724137931,16.551724137931036,76.55172413793103,54.48275862068965,22.06896551724138
E00006118,159,38,11,27,121,89,32,23.89937106918239,6.918238993710692,16.9811320754717,76.10062893081762,55.9748427672956,20.125786163522015
E00006119,196,34,17,17,162,128,34,17.346938775510203,8.673469387755102,8.673469387755102,82.6530612244898,65.3061224489796,17.346938775510203
E00006120,156,36,14,22,120,93,27,23.076923076923077,8.974358974358974,14.102564102564102,76.92307692307693,59.61538461538461,17.307692307692307
E00006121,96,17,7,10,79,70,9,17.708333333333336,7.291666666666667,10.416666666666668,82.29166666666666,72.91666666666666,9.375
E00006122,156,35,15,20,121,93,28,22.435897435897438,9.615384615384617,12.82051282051282,77.56410256410257,59.61538461538461,17.94871794871795
E00006123,160,39,9,30,121,95,26,24.375,5.625,18.75,75.625,59.375,16.25
E00006124,202,32,16,16,170,134,36,15.841584158415841,7.920792079207921,7.920792079207921,84.15841584158416,66.33663366336634,17.82178217821782
E00006125,200,74,47,27,126,99,27,37,23.5,13.5,63,49.5,13.5
E00006127,195,37,8,29,158,139,19,18.974358974358974,4.102564102564102,14.871794871794872,81.02564102564102,71.28205128205128,9.7435897435897445
E00006128,133,28,11,17,105,87,18,21.052631578947366,8.270676691729323,12.781954887218044,78.94736842105263,65.41353383458647,13.533834586466165
E00006130,268,52,21,31,216,181,35,19.402985074626866,7.835820895522389,11.567164179104477,80.59701492537313,67.53731343283582,13.059701492537313
E00006131,168,42,24,18,126,108,18,25,14.285714285714285,10.714285714285714,75,64.28571428571429,10.714285714285714
E00006132,80,20,15,5,60,46,14,25,18.75,6.25,75,57.49999999999999,17.5
E00006133,153,38,12,26,115,93,22,24.836601307189543,7.8431372549019605,16.99346405228758,75.16339869281046,60.78431372549019,14.37908496732026
E00006134,163,40,17,23,123,104,19,24.539877300613497,10.429447852760736,14.11042944785276,75.4601226993865,63.80368098159509,11.65644171779141
E00006135,215,37,9,28,178,140,38,17.209302325581397,4.186046511627907,13.023255813953488,82.7906976744186,65.11627906976744,17.674418604651162
E00006136,224,42,17,25,182,153,29,18.75,7.5892857142857135,11.160714285714286,81.25,68.30357142857143,12.946428571428573
E00006137,163,35,13,22,128,97,31,21.472392638036812,7.975460122699387,13.496932515337424,78.52760736196319,59.50920245398773,19.018404907975462
E00006138,207,41,20,21,166,130,36,19.806763285024154,9.66183574879227,10.144927536231885,80.19323671497585,62.80193236714976,17.391304347826086
E00006139,169,34,11,23,135,113,22,20.118343195266274,6.508875739644971,13.609467455621301,79.88165680473372,66.86390532544378,13.017751479289942
E00006140,116,43,16,27,73,64,9,37.06896551724138,13.793103448275861,23.275862068965516,62.93103448275862,55.172413793103445,7.758620689655173
E00006141,153,54,29,25,99,84,15,35.294117647058826,18.954248366013072,16.33986928104575,64.70588235294117,54.90196078431373,9.803921568627452
E00006142,153,50,21,29,103,81,22,32.6797385620915,13.725490196078432,18.954248366013072,67.3202614379085,52.94117647058824,14.37908496732026
E00006143,157,39,21,18,118,97,21,24.840764331210192,13.375796178343949,11.464968152866243,75.15923566878982,61.78343949044586,13.375796178343949
E00006144,125,33,12,21,92,66,26,26.400000000000002,9.6,16.8,73.6,52.800000000000004,20.8
E00006145,145,43,12,31,102,82,20,29.655172413793103,8.275862068965518,21.379310344827587,70.34482758620689,56.55172413793104,13.793103448275861
E00006146,144,42,22,20,102,83,19,29.166666666666668,15.277777777777779,13.88888888888889,70.83333333333334,57.638888888888886,13.194444444444445
E00006147,143,37,16,21,106,79,27,25.874125874125873,11.188811188811188,14.685314685314685,74.12587412587412,55.24475524475524,18.88111888111888
E00006148,136,35,16,19,101,87,14,25.735294117647058,11.76470588235294,13.970588235294118,74.26470588235294,63.970588235294116,10.294117647058822
E00006149,251,65,35,30,186,148,38,25.89641434262948,13.94422310756972,11.952191235059761,74.10358565737052,58.964143426294825,15.139442231075698
E00006150,170,53,28,25,117,82,35,31.176470588235293,16.470588235294116,14.705882352941178,68.82352941176471,48.23529411764706,20.588235294117645
E00006151,161,46,26,20,115,96,19,28.57142857142857,16.149068322981368,12.422360248447205,71.42857142857143,59.62732919254658,11.801242236024844
E00006153,172,36,14,22,136,98,38,20.930232558139537,8.13953488372093,12.790697674418606,79.06976744186046,56.97674418604651,22.093023255813954
E00006154,157,40,18,22,117,89,28,25.477707006369428,11.464968152866243,14.012738853503185,74.52229299363057,56.68789808917197,17.8343949044586
E00006155,195,47,26,21,148,116,32,24.102564102564102,13.333333333333334,10.76923076923077,75.8974358974359,59.48717948717949,16.41025641025641
E00006156,113,32,7,25,81,65,16,28.31858407079646,6.1946902654867255,22.123893805309734,71.68141592920354,57.52212389380531,14.15929203539823
E00006157,208,62,31,31,146,103,43,29.807692307692307,14.903846153846153,14.903846153846153,70.1923076923077,49.519230769230774,20.673076923076923
E00006158,147,51,22,29,96,87,9,34.69387755102041,14.965986394557824,19.727891156462583,65.3061224489796,59.183673469387756,6.122448979591836
E00006159,160,39,15,24,121,96,25,24.375,9.375,15,75.625,60,15.625
E00006160,146,40,11,29,106,91,15,27.397260273972602,7.534246575342466,19.863013698630137,72.6027397260274,62.328767123287676,10.273972602739725
E00006161,141,49,21,28,92,73,19,34.751773049645394,14.893617021276595,19.858156028368796,65.24822695035462,51.77304964539007,13.47517730496454
E00006162,160,50,20,30,110,91,19,31.25,12.5,18.75,68.75,56.875,11.875
E00006163,206,38,13,25,168,149,19,18.446601941747574,6.310679611650485,12.135922330097088,81.55339805825243,72.33009708737865,9.223300970873787
E00006164,180,44,17,27,136,112,24,24.444444444444443,9.444444444444445,15,75.55555555555556,62.22222222222222,13.333333333333334
E00006165,184,46,21,25,138,112,26,25,11.41304347826087,13.586956521739129,75,60.86956521739131,14.130434782608695
E00006166,267,53,23,30,214,174,40,19.850187265917604,8.614232209737828,11.235955056179774,80.14981273408239,65.1685393258427,14.981273408239701
E00006167,159,47,16,31,112,91,21,29.559748427672954,10.062893081761008,19.49685534591195,70.44025157232704,57.23270440251572,13.20754716981132
E00006168,112,24,10,14,88,77,11,21.428571428571427,8.928571428571429,12.5,78.57142857142857,68.75,9.821428571428571
E00006169,115,20,8,12,95,69,26,17.391304347826086,6.956521739130435,10.434782608695652,82.6086956521739,60,22.608695652173914
E00006170,182,43,21,22,139,114,25,23.626373626373624,11.538461538461538,12.087912087912088,76.37362637362637,62.637362637362635,13.736263736263737
E00006171,200,43,25,18,157,128,29,21.5,12.5,9,78.5,64,14.499999999999998
E00006172,178,34,16,18,144,119,25,19.101123595505616,8.98876404494382,10.112359550561797,80.89887640449437,66.85393258426966,14.04494382022472
E00006173,109,32,14,18,77,67,10,29.357798165137616,12.844036697247708,16.51376146788991,70.64220183486239,61.46788990825688,9.174311926605505
E00006174,92,17,6,11,75,63,12,18.478260869565215,6.521739130434782,11.956521739130435,81.52173913043478,68.47826086956522,13.043478260869565
E00006175,165,36,13,23,129,96,33,21.818181818181817,7.878787878787878,13.939393939393941,78.18181818181819,58.18181818181818,20
E00006176,186,42,22,20,144,117,27,22.58064516129032,11.827956989247312,10.75268817204301,77.41935483870968,62.903225806451616,14.516129032258066
E00006177,143,32,22,10,111,85,26,22.377622377622377,15.384615384615385,6.993006993006993,77.62237762237763,59.44055944055944,18.181818181818183
E00006178,222,44,26,18,178,150,28,19.81981981981982,11.711711711711711,8.108108108108109,80.18018018018019,67.56756756756756,12.612612612612612
E00006179,153,30,8,22,123,103,20,19.607843137254903,5.228758169934641,14.37908496732026,80.3921568627451,67.3202614379085,13.071895424836603
E00006180,167,37,19,18,130,97,33,22.15568862275449,11.377245508982035,10.778443113772456,77.84431137724552,58.08383233532935,19.760479041916167
E00006181,258,89,31,58,169,147,22,34.49612403100775,12.015503875968992,22.48062015503876,65.50387596899225,56.97674418604651,8.527131782945736
E00006182,126,37,17,20,89,78,11,29.365079365079367,13.492063492063492,15.873015873015872,70.63492063492063,61.904761904761905,8.73015873015873
E00006183,174,53,20,33,121,104,17,30.45977011494253,11.494252873563218,18.96551724137931,69.54022988505747,59.77011494252874,9.770114942528735
E00006185,155,49,24,25,106,90,16,31.61290322580645,15.483870967741936,16.129032258064516,68.38709677419355,58.06451612903226,10.32258064516129
E00006186,126,52,19,33,74,67,7,41.269841269841265,15.079365079365079,26.190476190476193,58.730158730158735,53.17460317460318,5.555555555555555
E00006187,201,39,9,30,162,124,38,19.402985074626866,4.477611940298507,14.925373134328357,80.59701492537313,61.69154228855721,18.90547263681592
E00006188,175,30,12,18,145,107,38,17.142857142857142,6.857142857142858,10.285714285714285,82.85714285714286,61.142857142857146,21.714285714285715
E00006190,206,74,30,44,132,109,23,35.92233009708738,14.563106796116504,21.35922330097087,64.07766990291263,52.9126213592233,11.165048543689322
E00006191,163,51,15,36,112,98,14,31.28834355828221,9.202453987730062,22.085889570552148,68.71165644171779,60.122699386503065,8.588957055214724
E00006192,277,69,35,34,208,177,31,24.90974729241877,12.63537906137184,12.274368231046932,75.09025270758123,63.898916967509024,11.191335740072201
E00006194,143,67,17,50,76,64,12,46.85314685314685,11.888111888111888,34.96503496503497,53.14685314685315,44.75524475524475,8.391608391608392
E00006195,139,34,17,17,105,93,12,24.46043165467626,12.23021582733813,12.23021582733813,75.53956834532374,66.90647482014388,8.633093525179856
E00006197,230,66,25,41,164,132,32,28.695652173913043,10.869565217391305,17.82608695652174,71.30434782608695,57.391304347826086,13.91304347826087
E00006198,233,56,24,32,177,147,30,24.034334763948497,10.300429184549357,13.733905579399142,75.9656652360515,63.0901287553648,12.875536480686694
E00006199,200,44,13,31,156,119,37,22,6.5,15.5,78,59.5,18.5
E00006200,122,38,16,22,84,69,15,31.147540983606557,13.114754098360656,18.0327868852459,68.85245901639344,56.557377049180324,12.295081967213115
E00006201,149,51,9,42,98,88,10,34.22818791946309,6.0402684563758395,28.187919463087248,65.77181208053692,59.06040268456376,6.7114093959731544
E00006202,187,49,25,24,138,116,22,26.203208556149733,13.368983957219251,12.834224598930483,73.79679144385027,62.03208556149733,11.76470588235294
E00006203,204,46,22,24,158,141,17,22.54901960784314,10.784313725490197,11.76470588235294,77.45098039215686,69.11764705882352,8.333333333333332
E00006204,287,77,25,52,210,189,21,26.82926829268293,8.710801393728223,18.118466898954704,73.17073170731707,65.85365853658537,7.317073170731707
E00006205,269,109,51,58,160,140,20,40.520446096654275,18.95910780669145,21.561338289962826,59.479553903345725,52.04460966542751,7.434944237918216
E00006206,242,57,22,35,185,156,29,23.553719008264462,9.090909090909092,14.46280991735537,76.44628099173553,64.46280991735537,11.983471074380166
E00006207,248,56,19,37,192,158,34,22.58064516129032,7.661290322580645,14.919354838709678,77.41935483870968,63.70967741935484,13.709677419354838
E00006208,153,59,26,33,94,82,12,38.56209150326798,16.99346405228758,21.568627450980394,61.43790849673203,53.59477124183007,7.8431372549019605
E00006209,271,68,26,42,203,182,21,25.092250922509223,9.59409594095941,15.498154981549817,74.90774907749078,67.15867158671587,7.7490774907749085
E00006210,168,65,19,46,103,93,10,38.69047619047619,11.30952380952381,27.380952380952383,61.30952380952381,55.35714285714286,5.952380952380952
E00006211,282,92,45,47,190,167,23,32.62411347517731,15.957446808510639,16.666666666666664,67.37588652482269,59.21985815602837,8.156028368794328
E00006212,222,73,29,44,149,111,38,32.88288288288289,13.063063063063062,19.81981981981982,67.11711711711712,50,17.117117117117118
E00006213,107,42,16,26,65,60,5,39.25233644859813,14.953271028037381,24.299065420560748,60.747663551401864,56.074766355140184,4.672897196261682
E00006214,157,50,18,32,107,76,31,31.84713375796178,11.464968152866243,20.382165605095544,68.15286624203821,48.40764331210191,19.745222929936308
E00006216,240,80,32,48,160,134,26,33.33333333333333,13.333333333333334,20,66.66666666666666,55.833333333333336,10.833333333333334
E00006217,164,50,21,29,114,101,13,30.48780487804878,12.804878048780488,17.682926829268293,69.51219512195121,61.58536585365854,7.926829268292683
E00006218,149,29,13,16,120,106,14,19.463087248322147,8.724832214765101,10.738255033557047,80.53691275167785,71.14093959731544,9.395973154362416
E00006219,173,50,25,25,123,96,27,28.901734104046245,14.450867052023122,14.450867052023122,71.09826589595376,55.49132947976878,15.606936416184972
E00006220,196,55,22,33,141,116,25,28.061224489795915,11.224489795918368,16.83673469387755,71.93877551020408,59.183673469387756,12.755102040816327
E00006221,244,77,43,34,167,129,38,31.557377049180328,17.62295081967213,13.934426229508196,68.44262295081968,52.86885245901639,15.573770491803279
E00006224,200,60,22,38,140,109,31,30,11,19,70,54.50000000000001,15.5
E00006225,182,67,29,38,115,106,9,36.81318681318682,15.934065934065933,20.87912087912088,63.18681318681318,58.24175824175825,4.945054945054945
E00006226,217,80,27,53,137,114,23,36.86635944700461,12.442396313364055,24.42396313364055,63.133640552995395,52.53456221198156,10.599078341013826
E00006227,147,41,19,22,106,86,20,27.89115646258503,12.925170068027212,14.965986394557824,72.10884353741497,58.50340136054422,13.60544217687075
E00006228,266,68,23,45,198,167,31,25.563909774436087,8.646616541353383,16.917293233082706,74.43609022556392,62.78195488721805,11.654135338345863
E00006229,203,63,27,36,140,120,20,31.03448275862069,13.30049261083744,17.733990147783253,68.96551724137932,59.11330049261084,9.852216748768473
E00006230,224,75,31,44,149,120,29,33.482142857142854,13.839285714285715,19.642857142857142,66.51785714285714,53.57142857142857,12.946428571428573
E00006231,176,58,19,39,118,108,10,32.95454545454545,10.795454545454545,22.15909090909091,67.04545454545455,61.36363636363637,5.681818181818182
E00006232,124,43,26,17,81,72,9,34.67741935483871,20.967741935483872,13.709677419354838,65.32258064516128,58.06451612903226,7.258064516129033
E00006233,127,34,13,21,93,84,9,26.77165354330709,10.236220472440944,16.535433070866144,73.22834645669292,66.14173228346458,7.086614173228346
E00006234,150,50,25,25,100,88,12,33.33333333333333,16.666666666666664,16.666666666666664,66.66666666666666,58.666666666666664,8
E00006235,185,50,18,32,135,115,20,27.027027027027028,9.72972972972973,17.2972972972973,72.97297297297297,62.16216216216216,10.81081081081081
E00006236,31,14,7,7,17,14,3,45.16129032258064,22.58064516129032,22.58064516129032,54.83870967741935,45.16129032258064,9.67741935483871
E00006237,152,36,9,27,116,91,25,23.684210526315788,5.921052631578947,17.763157894736842,76.31578947368422,59.86842105263158,16.447368421052634
E00006238,111,29,10,19,82,66,16,26.126126126126124,9.00900900900901,17.117117117117118,73.87387387387388,59.45945945945946,14.414414414414415
E00006239,204,75,34,41,129,111,18,36.76470588235294,16.666666666666664,20.098039215686274,63.23529411764706,54.41176470588235,8.823529411764707
E00006240,117,38,16,22,79,71,8,32.47863247863248,13.675213675213676,18.803418803418804,67.52136752136752,60.68376068376068,6.837606837606838
E00006241,180,56,23,33,124,99,25,31.11111111111111,12.777777777777777,18.333333333333332,68.88888888888889,55.00000000000001,13.88888888888889
E00006242,178,65,28,37,113,95,18,36.51685393258427,15.730337078651685,20.786516853932586,63.48314606741573,53.37078651685393,10.112359550561797
E00006243,184,35,15,20,149,124,25,19.021739130434785,8.152173913043478,10.869565217391305,80.97826086956522,67.3913043478261,13.586956521739129
E00006244,202,51,19,32,151,114,37,25.247524752475247,9.405940594059405,15.841584158415841,74.75247524752476,56.43564356435643,18.316831683168317
E00006245,180,37,8,29,143,125,18,20.555555555555554,4.444444444444445,16.11111111111111,79.44444444444444,69.44444444444444,10
E00006246,182,64,25,39,118,99,19,35.16483516483517,13.736263736263737,21.428571428571427,64.83516483516483,54.395604395604394,10.43956043956044
E00006247,163,56,25,31,107,88,19,34.355828220858896,15.337423312883436,19.018404907975462,65.6441717791411,53.987730061349694,11.65644171779141
E00006248,138,41,12,29,97,74,23,29.71014492753623,8.695652173913043,21.014492753623188,70.28985507246377,53.62318840579711,16.666666666666664
E00006249,314,105,39,66,209,170,39,33.43949044585987,12.420382165605096,21.019108280254777,66.56050955414013,54.14012738853503,12.420382165605096
E00006251,193,56,20,36,137,105,32,29.015544041450774,10.362694300518134,18.65284974093264,70.98445595854922,54.40414507772021,16.580310880829018
E00006252,184,62,24,38,122,100,22,33.69565217391305,13.043478260869565,20.652173913043477,66.30434782608695,54.347826086956516,11.956521739130435
E00006253,187,46,10,36,141,115,26,24.598930481283425,5.347593582887701,19.25133689839572,75.40106951871658,61.49732620320856,13.903743315508022
E00006254,139,34,14,20,105,84,21,24.46043165467626,10.071942446043165,14.388489208633093,75.53956834532374,60.431654676258994,15.107913669064748
E00006255,169,31,7,24,138,117,21,18.34319526627219,4.142011834319527,14.201183431952662,81.65680473372781,69.23076923076923,12.42603550295858
E00006256,191,73,30,43,118,98,20,38.21989528795812,15.706806282722512,22.5130890052356,61.78010471204188,51.30890052356021,10.471204188481675
E00006257,194,38,14,24,156,128,28,19.587628865979383,7.216494845360824,12.371134020618557,80.41237113402062,65.97938144329896,14.432989690721648
E00006258,189,33,12,21,156,130,26,17.46031746031746,6.349206349206349,11.11111111111111,82.53968253968253,68.78306878306879,13.756613756613756
E00006259,181,36,17,19,145,109,36,19.88950276243094,9.392265193370166,10.497237569060774,80.11049723756905,60.22099447513812,19.88950276243094
E00006260,165,50,13,37,115,94,21,30.303030303030305,7.878787878787878,22.424242424242426,69.6969696969697,56.96969696969697,12.727272727272727
E00006262,159,41,16,25,118,86,32,25.78616352201258,10.062893081761008,15.723270440251572,74.21383647798741,54.088050314465406,20.125786163522015
E00006263,174,61,22,39,113,101,12,35.05747126436782,12.643678160919542,22.413793103448278,64.9425287356322,58.04597701149425,6.896551724137931
E00006264,149,56,26,30,93,79,14,37.58389261744966,17.449664429530202,20.13422818791946,62.41610738255034,53.02013422818792,9.395973154362416
E00006265,148,40,21,19,108,81,27,27.027027027027028,14.18918918918919,12.837837837837837,72.97297297297297,54.729729729729726,18.243243243243242
E00006266,138,50,23,27,88,79,9,36.231884057971016,16.666666666666664,19.565217391304348,63.76811594202898,57.2463768115942,6.521739130434782
E00006267,142,38,13,25,104,87,17,26.76056338028169,9.15492957746479,17.6056338028169,73.23943661971832,61.267605633802816,11.971830985915492
E00006268,180,46,16,30,134,108,26,25.555555555555554,8.88888888888889,16.666666666666664,74.44444444444444,60,14.444444444444443
E00006269,154,42,15,27,112,96,16,27.27272727272727,9.740259740259742,17.532467532467532,72.72727272727273,62.33766233766234,10.38961038961039
E00006270,152,49,11,38,103,86,17,32.23684210526316,7.236842105263158,25,67.76315789473685,56.57894736842105,11.18421052631579
E00006271,147,48,12,36,99,93,6,32.6530612244898,8.16326530612245,24.489795918367346,67.3469387755102,63.26530612244898,4.081632653061225
E00006272,168,55,22,33,113,102,11,32.73809523809524,13.095238095238097,19.642857142857142,67.26190476190477,60.71428571428571,6.547619047619048
E00006273,147,55,12,43,92,77,15,37.41496598639456,8.16326530612245,29.25170068027211,62.585034013605444,52.38095238095239,10.204081632653061
E00006274,171,51,25,26,120,106,14,29.82456140350877,14.619883040935672,15.204678362573098,70.17543859649122,61.98830409356725,8.187134502923977
E00006275,157,59,22,37,98,88,10,37.57961783439491,14.012738853503185,23.56687898089172,62.42038216560509,56.05095541401274,6.369426751592357
E00006276,135,35,12,23,100,87,13,25.925925925925924,8.88888888888889,17.037037037037038,74.07407407407408,64.44444444444444,9.62962962962963
E00006277,186,44,15,29,142,116,26,23.655913978494624,8.064516129032258,15.591397849462366,76.34408602150538,62.365591397849464,13.978494623655912
E00006278,137,44,16,28,93,88,5,32.11678832116788,11.678832116788321,20.437956204379564,67.88321167883211,64.23357664233576,3.64963503649635
E00006279,167,54,20,34,113,97,16,32.33532934131736,11.976047904191617,20.359281437125748,67.66467065868264,58.08383233532935,9.580838323353294
E00006280,156,37,11,26,119,105,14,23.717948717948715,7.051282051282051,16.666666666666664,76.28205128205127,67.3076923076923,8.974358974358974
E00006281,225,68,22,46,157,130,27,30.22222222222222,9.777777777777779,20.444444444444446,69.77777777777779,57.77777777777777,12
E00006282,139,52,10,42,87,77,10,37.410071942446045,7.1942446043165464,30.215827338129497,62.589928057553955,55.39568345323741,7.1942446043165464
E00006283,120,37,9,28,83,63,20,30.833333333333336,7.5,23.333333333333332,69.16666666666667,52.5,16.666666666666664
E00006284,168,65,18,47,103,90,13,38.69047619047619,10.714285714285714,27.976190476190478,61.30952380952381,53.57142857142857,7.738095238095238
E00006285,188,46,19,27,142,129,13,24.46808510638298,10.106382978723403,14.361702127659576,75.53191489361703,68.61702127659575,6.914893617021277
E00006286,182,57,15,42,125,114,11,31.318681318681318,8.241758241758241,23.076923076923077,68.68131868131869,62.637362637362635,6.043956043956044
E00006287,162,65,21,44,97,85,12,40.123456790123456,12.962962962962962,27.160493827160494,59.876543209876544,52.46913580246913,7.4074074074074066
E00006288,123,47,23,24,76,65,11,38.21138211382114,18.69918699186992,19.51219512195122,61.78861788617886,52.84552845528455,8.94308943089431
E00006289,211,59,21,38,152,134,18,27.96208530805687,9.95260663507109,18.009478672985782,72.03791469194313,63.507109004739334,8.530805687203792
E00006290,191,57,21,36,134,120,14,29.84293193717277,10.99476439790576,18.848167539267017,70.15706806282722,62.82722513089005,7.329842931937172
E00006291,161,61,26,35,100,90,10,37.88819875776397,16.149068322981368,21.73913043478261,62.11180124223602,55.90062111801242,6.211180124223603
E00006292,256,53,17,36,203,180,23,20.703125,6.640625,14.0625,79.296875,70.3125,8.984375
E00006293,174,61,17,44,113,99,14,35.05747126436782,9.770114942528735,25.287356321839084,64.9425287356322,56.896551724137936,8.045977011494253
E00006295,214,72,24,48,142,120,22,33.64485981308411,11.214953271028037,22.429906542056074,66.35514018691589,56.074766355140184,10.2803738317757
E00006296,129,36,8,28,93,85,8,27.906976744186046,6.2015503875969,21.705426356589147,72.09302325581395,65.89147286821705,6.2015503875969
E00006298,187,56,21,35,131,117,14,29.946524064171122,11.229946524064172,18.71657754010695,70.05347593582889,62.56684491978609,7.4866310160427805
E00006299,260,96,34,62,164,134,30,36.92307692307693,13.076923076923078,23.846153846153847,63.07692307692307,51.53846153846153,11.538461538461538
E00006300,205,63,27,36,142,117,25,30.73170731707317,13.170731707317074,17.560975609756095,69.26829268292683,57.073170731707314,12.195121951219512
E00006301,179,48,18,30,131,107,24,26.81564245810056,10.05586592178771,16.75977653631285,73.18435754189943,59.77653631284916,13.40782122905028
E00006302,168,58,24,34,110,91,19,34.523809523809526,14.285714285714285,20.238095238095237,65.47619047619048,54.166666666666664,11.30952380952381
E00006303,190,67,24,43,123,106,17,35.26315789473684,12.631578947368421,22.63157894736842,64.73684210526316,55.78947368421052,8.947368421052632
E00006304,235,93,35,58,142,110,32,39.57446808510638,14.893617021276595,24.680851063829788,60.42553191489362,46.808510638297875,13.617021276595745
E00006305,181,66,21,45,115,100,15,36.46408839779006,11.602209944751381,24.861878453038674,63.53591160220995,55.24861878453039,8.287292817679557
E00006307,139,47,24,23,92,80,12,33.81294964028777,17.26618705035971,16.546762589928058,66.18705035971223,57.55395683453237,8.633093525179856
E00006308,192,75,21,54,117,100,17,39.0625,10.9375,28.125,60.9375,52.083333333333336,8.854166666666668
E00006309,176,62,25,37,114,103,11,35.22727272727273,14.204545454545455,21.022727272727273,64.77272727272727,58.52272727272727,6.25
E00006310,161,46,14,32,115,98,17,28.57142857142857,8.695652173913043,19.875776397515526,71.42857142857143,60.86956521739131,10.559006211180124
E00006311,201,56,21,35,145,115,30,27.860696517412936,10.44776119402985,17.412935323383085,72.13930348258707,57.2139303482587,14.925373134328357
E00006312,168,38,12,26,130,117,13,22.61904761904762,7.142857142857142,15.476190476190476,77.38095238095238,69.64285714285714,7.738095238095238
E00006313,100,31,10,21,69,62,7,31,10,21,69,62,7.000000000000001
E00006314,282,114,48,66,168,145,23,40.42553191489361,17.02127659574468,23.404255319148938,59.57446808510638,51.41843971631206,8.156028368794328
E00006315,172,59,17,42,113,95,18,34.30232558139535,9.883720930232558,24.418604651162788,65.69767441860465,55.23255813953488,10.465116279069768
E00006316,183,39,11,28,144,121,23,21.311475409836063,6.0109289617486334,15.300546448087433,78.68852459016394,66.12021857923497,12.568306010928962
E00006317,201,52,14,38,149,131,18,25.870646766169152,6.965174129353234,18.90547263681592,74.12935323383084,65.17412935323384,8.955223880597014
E00006318,171,52,22,30,119,102,17,30.409356725146196,12.865497076023392,17.543859649122805,69.5906432748538,59.64912280701754,9.941520467836257
E00006319,227,57,21,36,170,142,28,25.11013215859031,9.251101321585903,15.859030837004406,74.8898678414097,62.55506607929515,12.334801762114537
E00006320,177,53,16,37,124,107,17,29.943502824858758,9.03954802259887,20.903954802259886,70.05649717514125,60.451977401129945,9.6045197740113
E00006321,157,47,13,34,110,88,22,29.936305732484076,8.280254777070063,21.656050955414013,70.06369426751591,56.05095541401274,14.012738853503185
E00006322,209,67,28,39,142,124,18,32.057416267942585,13.397129186602871,18.660287081339714,67.94258373205741,59.33014354066985,8.61244019138756
E00006323,247,76,22,54,171,145,26,30.76923076923077,8.906882591093117,21.86234817813765,69.23076923076923,58.70445344129555,10.526315789473683
E00006324,171,42,19,23,129,114,15,24.561403508771928,11.11111111111111,13.450292397660817,75.43859649122807,66.66666666666666,8.771929824561402
E00006325,252,78,30,48,174,144,30,30.952380952380953,11.904761904761903,19.047619047619047,69.04761904761905,57.14285714285714,11.904761904761903
E00006326,210,68,28,40,142,121,21,32.38095238095238,13.333333333333334,19.047619047619047,67.61904761904762,57.61904761904761,10
E00006327,178,55,15,40,123,110,13,30.89887640449438,8.426966292134832,22.47191011235955,69.10112359550563,61.79775280898876,7.303370786516854
E00006328,180,61,24,37,119,100,19,33.88888888888889,13.333333333333334,20.555555555555554,66.11111111111111,55.55555555555556,10.555555555555555
E00006329,146,29,8,21,117,110,7,19.863013698630137,5.47945205479452,14.383561643835616,80.13698630136986,75.34246575342466,4.794520547945205
E00006330,199,67,28,39,132,112,20,33.66834170854271,14.07035175879397,19.597989949748744,66.33165829145729,56.28140703517588,10.050251256281408
E00006331,125,36,13,23,89,76,13,28.799999999999997,10.4,18.4,71.2,60.8,10.4
E00006332,104,42,19,23,62,60,2,40.38461538461539,18.269230769230766,22.115384615384613,59.61538461538461,57.692307692307686,1.9230769230769231
E00006333,235,76,35,41,159,141,18,32.340425531914896,14.893617021276595,17.4468085106383,67.65957446808511,60,7.659574468085106
E00006334,206,74,23,51,132,112,20,35.92233009708738,11.165048543689322,24.75728155339806,64.07766990291263,54.36893203883495,9.70873786407767
E00006335,180,53,21,32,127,108,19,29.444444444444446,11.666666666666666,17.77777777777778,70.55555555555556,60,10.555555555555555
E00006336,246,81,40,41,165,146,19,32.926829268292686,16.260162601626014,16.666666666666664,67.07317073170732,59.34959349593496,7.723577235772358
E00006337,151,38,13,25,113,99,14,25.165562913907287,8.609271523178808,16.55629139072848,74.83443708609272,65.56291390728477,9.271523178807946
E00006338,190,58,20,38,132,108,24,30.526315789473685,10.526315789473683,20,69.47368421052632,56.84210526315789,12.631578947368421
E00006339,187,59,27,32,128,110,18,31.550802139037433,14.43850267379679,17.11229946524064,68.44919786096256,58.82352941176471,9.62566844919786
E00006340,159,40,17,23,119,97,22,25.157232704402517,10.69182389937107,14.465408805031446,74.84276729559748,61.0062893081761,13.836477987421384
E00006341,160,47,23,24,113,96,17,29.375,14.374999999999998,15,70.625,60,10.625
E00006342,208,64,15,49,144,125,19,30.76923076923077,7.211538461538461,23.557692307692307,69.23076923076923,60.09615384615385,9.134615384615383
E00006343,206,62,21,41,144,122,22,30.097087378640776,10.194174757281553,19.902912621359224,69.90291262135922,59.22330097087378,10.679611650485436
E00006344,162,66,24,42,96,91,5,40.74074074074074,14.814814814814813,25.925925925925924,59.25925925925925,56.17283950617284,3.0864197530864197
E00006345,180,62,25,37,118,100,18,34.44444444444444,13.88888888888889,20.555555555555554,65.55555555555556,55.55555555555556,10
E00006346,204,73,19,54,131,111,20,35.78431372549019,9.313725490196079,26.47058823529412,64.2156862745098,54.41176470588235,9.803921568627452
E00006347,164,47,16,31,117,100,17,28.65853658536585,9.75609756097561,18.902439024390244,71.34146341463415,60.97560975609756,10.365853658536585
E00006348,331,84,37,47,247,205,42,25.377643504531722,11.178247734138973,14.19939577039275,74.62235649546828,61.933534743202415,12.688821752265861
E00006349,221,57,24,33,164,145,19,25.791855203619914,10.85972850678733,14.93212669683258,74.2081447963801,65.61085972850678,8.597285067873303
E00006350,216,79,27,52,137,126,11,36.574074074074076,12.5,24.074074074074073,63.42592592592593,58.333333333333336,5.092592592592593
E00006351,188,54,22,32,134,119,15,28.723404255319153,11.702127659574469,17.02127659574468,71.27659574468085,63.297872340425535,7.9787234042553195
E00006352,98,24,18,6,74,56,18,24.489795918367346,18.367346938775512,6.122448979591836,75.51020408163265,57.14285714285714,18.367346938775512
E00006353,147,56,29,27,91,55,36,38.095238095238095,19.727891156462583,18.367346938775512,61.904761904761905,37.41496598639456,24.489795918367346
E00006354,137,42,19,23,95,71,24,30.656934306569344,13.86861313868613,16.78832116788321,69.34306569343066,51.82481751824818,17.51824817518248
E00006355,173,43,22,21,130,97,33,24.85549132947977,12.716763005780345,12.138728323699421,75.14450867052022,56.06936416184971,19.07514450867052
E00006356,137,30,15,15,107,77,30,21.897810218978105,10.948905109489052,10.948905109489052,78.1021897810219,56.20437956204379,21.897810218978105
E00006357,212,49,16,33,163,125,38,23.11320754716981,7.547169811320755,15.566037735849056,76.88679245283019,58.9622641509434,17.92452830188679
E00006358,164,50,21,29,114,91,23,30.48780487804878,12.804878048780488,17.682926829268293,69.51219512195121,55.487804878048784,14.02439024390244
E00006359,117,23,8,15,94,77,17,19.65811965811966,6.837606837606838,12.82051282051282,80.34188034188034,65.8119658119658,14.529914529914532
E00006360,137,36,16,20,101,75,26,26.277372262773724,11.678832116788321,14.5985401459854,73.72262773722628,54.74452554744526,18.97810218978102
E00006361,119,32,12,20,87,68,19,26.89075630252101,10.084033613445378,16.80672268907563,73.10924369747899,57.14285714285714,15.966386554621847
E00006362,136,32,18,14,104,77,27,23.52941176470588,13.23529411764706,10.294117647058822,76.47058823529412,56.61764705882353,19.852941176470587
E00006363,115,24,8,16,91,68,23,20.869565217391305,6.956521739130435,13.91304347826087,79.13043478260869,59.130434782608695,20
E00006364,223,47,21,26,176,145,31,21.076233183856502,9.417040358744394,11.659192825112108,78.9237668161435,65.02242152466367,13.901345291479823
E00006365,132,20,8,12,112,83,29,15.151515151515152,6.0606060606060606,9.090909090909092,84.84848484848484,62.878787878787875,21.96969696969697
E00006366,185,39,15,24,146,116,30,21.08108108108108,8.108108108108109,12.972972972972974,78.91891891891892,62.70270270270271,16.216216216216218
E00006367,198,40,16,24,158,138,20,20.2020202020202,8.080808080808081,12.121212121212121,79.7979797979798,69.6969696969697,10.1010101010101
E00006368,164,53,18,35,111,95,16,32.31707317073171,10.975609756097562,21.341463414634145,67.6829268292683,57.92682926829268,9.75609756097561
E00006369,150,47,21,26,103,84,19,31.333333333333336,14.000000000000002,17.333333333333336,68.66666666666667,56.00000000000001,12.666666666666668
E00006370,224,66,24,42,158,125,33,29.464285714285715,10.714285714285714,18.75,70.53571428571429,55.80357142857143,14.732142857142858
E00006371,115,21,6,15,94,80,14,18.26086956521739,5.217391304347826,13.043478260869565,81.73913043478261,69.56521739130434,12.173913043478262
E00006372,206,64,27,37,142,116,26,31.06796116504854,13.106796116504855,17.96116504854369,68.93203883495146,56.310679611650485,12.62135922330097
E00006373,161,55,24,31,106,87,19,34.161490683229815,14.906832298136646,19.25465838509317,65.83850931677019,54.037267080745345,11.801242236024844
E00006374,235,73,27,46,162,138,24,31.06382978723404,11.48936170212766,19.574468085106382,68.93617021276596,58.723404255319146,10.212765957446807
E00006375,256,77,31,46,179,151,28,30.078125,12.109375,17.96875,69.921875,58.984375,10.9375
E00006376,195,69,13,56,126,98,28,35.38461538461539,6.666666666666667,28.717948717948715,64.61538461538461,50.256410256410255,14.358974358974358
E00006377,139,33,14,19,106,86,20,23.741007194244602,10.071942446043165,13.66906474820144,76.2589928057554,61.87050359712231,14.388489208633093
E00006378,147,36,14,22,111,83,28,24.489795918367346,9.523809523809524,14.965986394557824,75.51020408163265,56.4625850340136,19.047619047619047
E00006379,240,62,19,43,178,129,49,25.833333333333336,7.916666666666666,17.916666666666668,74.16666666666667,53.75,20.416666666666668
E00006380,113,32,13,19,81,64,17,28.31858407079646,11.504424778761061,16.8141592920354,71.68141592920354,56.63716814159292,15.04424778761062
E00006381,150,37,16,21,113,78,35,24.666666666666668,10.666666666666668,14.000000000000002,75.33333333333333,52,23.333333333333332
E00006382,148,43,16,27,105,89,16,29.054054054054053,10.81081081081081,18.243243243243242,70.94594594594594,60.13513513513513,10.81081081081081
E00006383,135,45,17,28,90,77,13,33.33333333333333,12.592592592592592,20.74074074074074,66.66666666666666,57.03703703703704,9.62962962962963
E00006384,158,51,19,32,107,78,29,32.278481012658226,12.025316455696203,20.253164556962027,67.72151898734177,49.36708860759494,18.354430379746837
E00006385,170,71,37,34,99,83,16,41.76470588235294,21.764705882352942,20,58.235294117647065,48.8235294117647,9.411764705882353
E00006386,125,41,22,19,84,64,20,32.800000000000004,17.599999999999998,15.2,67.2,51.2,16
E00006387,187,67,35,32,120,80,40,35.82887700534759,18.71657754010695,17.11229946524064,64.171122994652407,42.780748663101605,21.390374331550802
E00006388,153,45,20,25,108,80,28,29.411764705882355,13.071895424836603,16.33986928104575,70.58823529411765,52.28758169934641,18.30065359477124
E00006389,150,44,20,24,106,79,27,29.333333333333332,13.333333333333334,16,70.66666666666667,52.666666666666664,18
E00006390,114,33,12,21,81,75,6,28.947368421052634,10.526315789473683,18.421052631578945,71.05263157894737,65.78947368421053,5.263157894736842
E00006391,149,49,17,32,100,71,29,32.88590604026846,11.409395973154362,21.476510067114095,67.11409395973155,47.651006711409394,19.463087248322147
E00006392,113,38,19,19,75,58,17,33.6283185840708,16.8141592920354,16.8141592920354,66.3716814159292,51.32743362831859,15.04424778761062
E00006393,146,42,21,21,104,79,25,28.767123287671232,14.383561643835616,14.383561643835616,71.23287671232876,54.109589041095894,17.123287671232877
E00006394,180,42,20,22,138,113,25,23.333333333333332,11.11111111111111,12.222222222222221,76.66666666666667,62.77777777777778,13.88888888888889
E00006395,149,37,18,19,112,84,28,24.832214765100673,12.080536912751679,12.751677852348994,75.16778523489933,56.375838926174495,18.79194630872483
E00006396,139,48,17,31,91,63,28,34.53237410071942,12.23021582733813,22.302158273381295,65.46762589928058,45.32374100719424,20.14388489208633
E00006397,195,56,21,35,139,81,58,28.717948717948715,10.76923076923077,17.94871794871795,71.28205128205128,41.53846153846154,29.743589743589745
E00006398,187,49,16,33,138,111,27,26.203208556149733,8.55614973262032,17.647058823529413,73.79679144385027,59.35828877005348,14.43850267379679
E00006399,114,30,11,19,84,67,17,26.31578947368421,9.649122807017543,16.666666666666664,73.68421052631578,58.77192982456141,14.912280701754385
E00006400,163,47,18,29,116,101,15,28.834355828220858,11.042944785276074,17.791411042944784,71.16564417177914,61.963190184049076,9.202453987730062
E00006401,118,36,14,22,82,68,14,30.508474576271187,11.864406779661017,18.64406779661017,69.49152542372882,57.6271186440678,11.864406779661017
E00006402,148,45,19,26,103,87,16,30.405405405405407,12.837837837837837,17.56756756756757,69.5945945945946,58.78378378378378,10.81081081081081
E00006403,180,55,18,37,125,106,19,30.555555555555557,10,20.555555555555554,69.44444444444444,58.88888888888889,10.555555555555555
E00006404,179,59,27,32,120,103,17,32.960893854748605,15.083798882681565,17.877094972067038,67.0391061452514,57.54189944134078,9.497206703910614
E00006405,182,68,32,36,114,100,14,37.362637362637365,17.582417582417584,19.78021978021978,62.637362637362635,54.94505494505495,7.6923076923076925
E00006406,123,35,11,24,88,77,11,28.455284552845526,8.94308943089431,19.51219512195122,71.54471544715447,62.601626016260155,8.94308943089431
E00006407,140,74,31,43,66,63,3,52.85714285714286,22.142857142857142,30.714285714285715,47.14285714285714,45,2.142857142857143
E00006408,101,51,22,29,50,45,5,50.495049504950494,21.782178217821784,28.71287128712871,49.504950495049506,44.554455445544555,4.9504950495049505
E00006409,140,33,9,24,107,91,16,23.57142857142857,6.428571428571428,17.142857142857142,76.42857142857142,65,11.428571428571429
E00006410,191,52,19,33,139,108,31,27.225130890052355,9.947643979057592,17.277486910994764,72.77486910994764,56.54450261780105,16.230366492146597
E00006411,190,77,28,49,113,98,15,40.526315789473685,14.736842105263156,25.789473684210527,59.473684210526315,51.578947368421055,7.894736842105263
E00006412,163,44,17,27,119,99,20,26.993865030674847,10.429447852760736,16.56441717791411,73.00613496932516,60.73619631901841,12.269938650306749
E00006413,192,50,16,34,142,116,26,26.041666666666668,8.333333333333332,17.708333333333336,73.95833333333334,60.416666666666664,13.541666666666666
E00006414,143,37,16,21,106,95,11,25.874125874125873,11.188811188811188,14.685314685314685,74.12587412587412,66.43356643356644,7.6923076923076925
E00006415,178,56,24,32,122,91,31,31.46067415730337,13.48314606741573,17.97752808988764,68.53932584269663,51.12359550561798,17.415730337078653
E00006416,167,61,21,40,106,84,22,36.52694610778443,12.574850299401197,23.952095808383234,63.47305389221557,50.29940119760479,13.17365269461078
E00006417,186,42,20,22,144,116,28,22.58064516129032,10.75268817204301,11.827956989247312,77.41935483870968,62.365591397849464,15.053763440860216
E00006418,149,48,19,29,101,85,16,32.21476510067114,12.751677852348994,19.463087248322147,67.78523489932886,57.04697986577181,10.738255033557047
E00006419,270,97,39,58,173,142,31,35.92592592592593,14.444444444444443,21.48148148148148,64.07407407407408,52.59259259259259,11.481481481481481
E00006420,192,50,12,38,142,115,27,26.041666666666668,6.25,19.791666666666664,73.95833333333334,59.895833333333336,14.0625
E00006421,253,72,26,46,181,144,37,28.458498023715418,10.276679841897234,18.181818181818183,71.54150197628458,56.916996047430835,14.624505928853754
E00006422,198,56,25,31,142,113,29,28.28282828282828,12.626262626262626,15.656565656565657,71.71717171717171,57.07070707070707,14.646464646464647
E00006423,202,46,14,32,156,132,24,22.772277227722775,6.9306930693069315,15.841584158415841,77.22772277227723,65.34653465346535,11.881188118811881
E00006424,187,58,24,34,129,107,22,31.016042780748666,12.834224598930483,18.181818181818183,68.98395721925134,57.21925133689839,11.76470588235294
E00006425,171,48,19,29,123,101,22,28.07017543859649,11.11111111111111,16.95906432748538,71.9298245614035,59.06432748538012,12.865497076023392
E00006426,203,52,17,35,151,133,18,25.615763546798032,8.374384236453201,17.24137931034483,74.38423645320196,65.51724137931035,8.866995073891626
E00006427,171,50,21,29,121,105,16,29.239766081871345,12.280701754385964,16.95906432748538,70.76023391812866,61.40350877192983,9.35672514619883
E00006428,120,52,16,36,68,59,9,43.333333333333336,13.333333333333334,30,56.666666666666664,49.166666666666664,7.5
E00006429,136,53,13,40,83,77,6,38.970588235294116,9.558823529411764,29.411764705882355,61.029411764705884,56.61764705882353,4.411764705882353
E00006430,71,32,17,15,39,34,5,45.07042253521127,23.943661971830984,21.12676056338028,54.929577464788736,47.88732394366197,7.042253521126761
E00006431,148,44,14,30,104,90,14,29.72972972972973,9.45945945945946,20.27027027027027,70.27027027027027,60.810810810810814,9.45945945945946
E00006432,143,35,8,27,108,94,14,24.475524475524477,5.594405594405594,18.88111888111888,75.52447552447552,65.73426573426573,9.79020979020979
E00006433,169,65,23,42,104,88,16,38.46153846153847,13.609467455621301,24.85207100591716,61.53846153846154,52.071005917159766,9.467455621301776
E00006434,183,54,17,37,129,106,23,29.508196721311474,9.289617486338798,20.21857923497268,70.49180327868852,57.92349726775956,12.568306010928962
E00006435,100,33,21,12,67,58,9,33,21,12,67,57.99999999999999,9
E00006436,133,52,19,33,81,71,10,39.097744360902254,14.285714285714285,24.81203007518797,60.902255639097746,53.383458646616546,7.518796992481203
E00006437,88,26,10,16,62,57,5,29.545454545454547,11.363636363636363,18.181818181818183,70.45454545454545,64.77272727272727,5.681818181818182
E00006438,165,45,15,30,120,95,25,27.27272727272727,9.090909090909092,18.181818181818183,72.72727272727273,57.57575757575758,15.151515151515152
E00006439,143,55,21,34,88,79,9,38.46153846153847,14.685314685314685,23.776223776223777,61.53846153846154,55.24475524475524,6.293706293706294
E00006440,166,70,29,41,96,89,7,42.168674698795186,17.46987951807229,24.69879518072289,57.831325301204814,53.6144578313253,4.216867469879518
E00006441,123,31,11,20,92,81,11,25.203252032520325,8.94308943089431,16.260162601626014,74.79674796747967,65.85365853658537,8.94308943089431
E00006442,160,67,24,43,93,83,10,41.875,15,26.875,58.12500000000001,51.87500000000001,6.25
E00006443,188,56,16,40,132,121,11,29.78723404255319,8.51063829787234,21.27659574468085,70.2127659574468,64.36170212765957,5.851063829787234
E00006444,262,87,24,63,175,142,33,33.20610687022901,9.16030534351145,24.045801526717558,66.79389312977099,54.19847328244275,12.595419847328243
E00006445,219,69,24,45,150,135,15,31.506849315068493,10.95890410958904,20.54794520547945,68.4931506849315,61.64383561643836,6.8493150684931505
E00006446,208,58,28,30,150,139,11,27.884615384615387,13.461538461538462,14.423076923076922,72.11538461538461,66.82692307692307,5.288461538461538
E00006447,208,60,18,42,148,137,11,28.846153846153843,8.653846153846153,20.192307692307693,71.15384615384616,65.86538461538461,5.288461538461538
E00006448,214,62,16,46,152,135,17,28.971962616822427,7.476635514018691,21.49532710280374,71.02803738317756,63.084112149532714,7.943925233644859
E00006449,240,70,24,46,170,145,25,29.166666666666668,10,19.166666666666668,70.83333333333334,60.416666666666664,10.416666666666668
E00006450,224,80,21,59,144,113,31,35.714285714285715,9.375,26.339285714285715,64.28571428571429,50.44642857142857,13.839285714285715
E00006451,187,46,21,25,141,131,10,24.598930481283425,11.229946524064172,13.368983957219251,75.40106951871658,70.05347593582889,5.347593582887701
E00006452,235,85,38,47,150,131,19,36.17021276595745,16.170212765957448,20,63.829787234042556,55.74468085106383,8.085106382978724
E00006453,205,50,17,33,155,138,17,24.390243902439025,8.292682926829269,16.097560975609756,75.60975609756098,67.31707317073172,8.292682926829269
E00006454,179,80,33,47,99,94,5,44.6927374301676,18.435754189944134,26.256983240223462,55.3072625698324,52.513966480446925,2.793296089385475
E00006455,211,77,23,54,134,115,19,36.492890995260666,10.90047393364929,25.59241706161137,63.507109004739334,54.502369668246445,9.004739336492891
E00006456,228,70,19,51,158,140,18,30.701754385964914,8.333333333333332,22.36842105263158,69.2982456140351,61.40350877192983,7.894736842105263
E00006457,254,90,32,58,164,147,17,35.43307086614173,12.598425196850393,22.83464566929134,64.56692913385827,57.874015748031496,6.692913385826772
E00006458,201,61,23,38,140,122,18,30.34825870646766,11.442786069651742,18.90547263681592,69.65174129353234,60.69651741293532,8.955223880597014
E00006459,159,46,8,38,113,107,6,28.930817610062892,5.031446540880504,23.89937106918239,71.0691823899371,67.29559748427673,3.7735849056603774
E00006460,223,70,25,45,153,139,14,31.390134529147986,11.210762331838566,20.179372197309416,68.60986547085201,62.33183856502242,6.278026905829597
E00006462,174,56,24,32,118,108,10,32.18390804597701,13.793103448275861,18.39080459770115,67.81609195402298,62.06896551724138,5.747126436781609
E00006464,178,61,29,32,117,113,4,34.26966292134831,16.292134831460675,17.97752808988764,65.73033707865169,63.48314606741573,2.247191011235955
E00006465,204,58,28,30,146,133,13,28.431372549019606,13.725490196078432,14.705882352941178,71.56862745098039,65.19607843137256,6.372549019607843
E00006466,178,53,19,34,125,114,11,29.775280898876407,10.674157303370785,19.101123595505616,70.2247191011236,64.04494382022472,6.179775280898876
E00006467,176,50,18,32,126,113,13,28.40909090909091,10.227272727272728,18.181818181818183,71.5909090909091,64.20454545454545,7.386363636363637
E00006468,187,54,20,34,133,115,18,28.87700534759358,10.695187165775401,18.181818181818183,71.12299465240642,61.49732620320856,9.62566844919786
E00006469,228,66,23,43,162,144,18,28.947368421052634,10.087719298245613,18.859649122807017,71.05263157894737,63.1578947368421,7.894736842105263
E00006470,170,59,18,41,111,103,8,34.705882352941174,10.588235294117647,24.11764705882353,65.29411764705883,60.588235294117645,4.705882352941177
E00006471,207,66,27,39,141,123,18,31.88405797101449,13.043478260869565,18.84057971014493,68.11594202898551,59.42028985507246,8.695652173913043
E00006472,215,77,27,50,138,131,7,35.81395348837209,12.558139534883722,23.25581395348837,64.18604651162791,60.93023255813953,3.255813953488372
E00006473,211,63,26,37,148,143,5,29.85781990521327,12.322274881516588,17.535545023696685,70.14218009478674,67.77251184834124,2.3696682464454977
E00006474,160,49,15,34,111,90,21,30.625000000000004,9.375,21.25,69.375,56.25,13.125
E00006475,192,44,16,28,148,120,28,22.916666666666664,8.333333333333332,14.583333333333334,77.08333333333334,62.5,14.583333333333334
E00006476,179,50,23,27,129,99,30,27.932960893854748,12.849162011173185,15.083798882681565,72.06703910614524,55.3072625698324,16.75977653631285
E00006477,236,61,25,36,175,133,42,25.847457627118644,10.59322033898305,15.254237288135593,74.15254237288136,56.355932203389834,17.796610169491526
E00006478,212,49,22,27,163,134,29,23.11320754716981,10.377358490566039,12.735849056603774,76.88679245283019,63.20754716981132,13.679245283018867
E00006479,194,42,18,24,152,118,34,21.649484536082475,9.278350515463918,12.371134020618557,78.35051546391753,60.824742268041234,17.525773195876287
E00006480,160,49,13,36,111,93,18,30.625000000000004,8.125,22.5,69.375,58.12500000000001,11.25
E00006481,169,49,17,32,120,92,28,28.994082840236686,10.059171597633137,18.93491124260355,71.00591715976331,54.437869822485204,16.56804733727811
E00006482,152,47,14,33,105,75,30,30.92105263157895,9.210526315789473,21.710526315789476,69.07894736842105,49.34210526315789,19.736842105263158
E00006483,137,30,16,14,107,76,31,21.897810218978105,11.678832116788321,10.218978102189782,78.1021897810219,55.47445255474452,22.62773722627737
E00006484,158,38,16,22,120,91,29,24.050632911392405,10.126582278481013,13.924050632911392,75.9493670886076,57.59493670886076,18.354430379746837
E00006485,90,21,12,9,69,52,17,23.333333333333332,13.333333333333334,10,76.66666666666667,57.77777777777777,18.88888888888889
E00006486,158,42,14,28,116,90,26,26.582278481012654,8.860759493670885,17.72151898734177,73.41772151898735,56.9620253164557,16.455696202531644
E00006487,184,57,25,32,127,98,29,30.978260869565215,13.586956521739129,17.391304347826086,69.02173913043478,53.2608695652174,15.760869565217392
E00006488,180,50,16,34,130,105,25,27.77777777777778,8.88888888888889,18.88888888888889,72.22222222222221,58.333333333333336,13.88888888888889
E00006489,215,54,21,33,161,115,46,25.116279069767444,9.767441860465116,15.348837209302326,74.88372093023256,53.48837209302325,21.3953488372093
E00006491,118,26,12,14,92,74,18,22.033898305084744,10.16949152542373,11.864406779661017,77.96610169491525,62.71186440677966,15.254237288135593
E00006492,109,36,13,23,73,57,16,33.02752293577982,11.926605504587156,21.100917431192663,66.97247706422019,52.293577981651374,14.678899082568808
E00006493,97,19,8,11,78,56,22,19.587628865979383,8.24742268041237,11.34020618556701,80.41237113402062,57.73195876288659,22.68041237113402
E00006494,179,31,16,15,148,124,24,17.318435754189945,8.938547486033519,8.379888268156424,82.68156424581005,69.27374301675978,13.40782122905028
E00006496,175,43,19,24,132,114,18,24.571428571428573,10.857142857142858,13.714285714285715,75.42857142857143,65.14285714285715,10.285714285714285
E00006497,155,37,16,21,118,99,19,23.870967741935484,10.32258064516129,13.548387096774196,76.12903225806451,63.87096774193548,12.258064516129032
E00006498,241,58,20,38,183,138,45,24.066390041493776,8.29875518672199,15.767634854771783,75.93360995850622,57.26141078838174,18.672199170124482
E00006499,168,42,16,26,126,105,21,25,9.523809523809524,15.476190476190476,75,62.5,12.5
E00006500,168,43,14,29,125,109,16,25.595238095238095,8.333333333333332,17.261904761904763,74.40476190476191,64.88095238095238,9.523809523809524
E00006501,149,35,11,24,114,93,21,23.48993288590604,7.38255033557047,16.10738255033557,76.51006711409396,62.41610738255034,14.093959731543624
E00006502,153,38,11,27,115,84,31,24.836601307189543,7.18954248366013,17.647058823529413,75.16339869281046,54.90196078431373,20.26143790849673
E00006503,150,40,20,20,110,82,28,26.666666666666668,13.333333333333334,13.333333333333334,73.33333333333333,54.666666666666664,18.666666666666668
E00006504,214,34,8,26,180,154,26,15.887850467289718,3.7383177570093453,12.149532710280374,84.11214953271028,71.96261682242991,12.149532710280374
E00006505,124,24,10,14,100,78,22,19.35483870967742,8.064516129032258,11.29032258064516,80.64516129032258,62.903225806451616,17.741935483870968
E00006506,186,39,14,25,147,124,23,20.967741935483872,7.526881720430108,13.440860215053762,79.03225806451613,66.66666666666666,12.365591397849462
E00006507,198,48,19,29,150,114,36,24.242424242424242,9.595959595959595,14.646464646464647,75.75757575757575,57.57575757575758,18.181818181818183
E00006508,167,31,12,19,136,106,30,18.562874251497004,7.18562874251497,11.377245508982035,81.437125748502993,63.47305389221557,17.964071856287426
E00006509,111,27,11,16,84,72,12,24.324324324324326,9.90990990990991,14.414414414414415,75.67567567567568,64.86486486486487,10.81081081081081
E00006510,155,41,16,25,114,98,16,26.451612903225808,10.32258064516129,16.129032258064516,73.54838709677419,63.2258064516129,10.32258064516129
E00006511,215,61,24,37,154,120,34,28.37209302325581,11.162790697674419,17.209302325581397,71.62790697674419,55.81395348837209,15.813953488372093
E00006512,149,34,13,21,115,91,24,22.818791946308725,8.724832214765101,14.093959731543624,77.18120805369128,61.07382550335571,16.10738255033557
E00006513,124,28,12,16,96,77,19,22.58064516129032,9.67741935483871,12.903225806451612,77.41935483870968,62.096774193548384,15.32258064516129
E00006514,156,66,25,41,90,77,13,42.30769230769231,16.025641025641026,26.282051282051285,57.692307692307686,49.358974358974365,8.333333333333332
E00006515,176,47,26,21,129,97,32,26.704545454545453,14.772727272727273,11.931818181818182,73.29545454545455,55.11363636363637,18.181818181818183
E00006516,160,41,13,28,119,87,32,25.624999999999996,8.125,17.5,74.375,54.37499999999999,20
E00006517,257,72,22,50,185,157,28,28.01556420233463,8.560311284046692,19.45525291828794,71.98443579766537,61.08949416342413,10.894941634241246
E00006518,181,47,20,27,134,118,16,25.96685082872928,11.049723756906078,14.917127071823206,74.03314917127072,65.19337016574586,8.83977900552486
E00006519,185,41,16,25,144,124,20,22.162162162162165,8.64864864864865,13.513513513513514,77.83783783783784,67.02702702702703,10.81081081081081
E00006521,193,66,20,46,127,113,14,34.196891191709845,10.362694300518134,23.83419689119171,65.80310880829016,58.549222797927456,7.253886010362693
E00006522,160,48,17,31,112,89,23,30,10.625,19.375,70,55.625,14.374999999999998
E00006523,194,65,20,45,129,114,15,33.50515463917525,10.309278350515463,23.195876288659793,66.49484536082474,58.76288659793815,7.731958762886598
E00006524,177,48,21,27,129,115,14,27.11864406779661,11.864406779661017,15.254237288135593,72.88135593220339,64.97175141242938,7.909604519774012
E00006525,197,53,24,29,144,130,14,26.903553299492383,12.18274111675127,14.720812182741117,73.09644670050761,65.98984771573603,7.1065989847715745
E00006526,217,69,25,44,148,126,22,31.797235023041477,11.52073732718894,20.276497695852534,68.20276497695853,58.06451612903226,10.138248847926267
E00006527,236,67,22,45,169,152,17,28.389830508474578,9.322033898305085,19.06779661016949,71.61016949152543,64.40677966101694,7.203389830508475
E00006528,190,49,19,30,141,115,26,25.789473684210527,10,15.789473684210526,74.21052631578947,60.526315789473685,13.684210526315791
E00006529,194,56,26,30,138,120,18,28.865979381443296,13.402061855670103,15.463917525773196,71.1340206185567,61.855670103092784,9.278350515463918
E00006530,181,52,26,26,129,108,21,28.7292817679558,14.3646408839779,14.3646408839779,71.27071823204419,59.66850828729282,11.602209944751381
E00006531,156,42,14,28,114,97,17,26.923076923076923,8.974358974358974,17.94871794871795,73.07692307692307,62.17948717948718,10.897435897435898
E00006532,147,44,18,26,103,89,14,29.931972789115648,12.244897959183673,17.687074829931973,70.06802721088435,60.544217687074834,9.523809523809524
E00006533,181,66,23,43,115,102,13,36.46408839779006,12.70718232044199,23.756906077348066,63.53591160220995,56.353591160220994,7.18232044198895
E00006534,302,76,29,47,226,180,46,25.165562913907287,9.602649006622517,15.562913907284766,74.83443708609272,59.60264900662252,15.2317880794702
E00006535,190,49,15,34,141,126,15,25.789473684210527,7.894736842105263,17.894736842105264,74.21052631578947,66.3157894736842,7.894736842105263
E00006536,164,41,14,27,123,103,20,25,8.536585365853659,16.463414634146343,75,62.80487804878049,12.195121951219512
E00006537,170,54,21,33,116,102,14,31.76470588235294,12.352941176470589,19.411764705882355,68.23529411764706,60,8.235294117647058
E00006538,197,59,17,42,138,120,18,29.949238578680205,8.629441624365482,21.31979695431472,70.05076142131979,60.913705583756354,9.137055837563452
E00006539,190,67,35,32,123,105,18,35.26315789473684,18.421052631578945,16.842105263157894,64.73684210526316,55.26315789473685,9.473684210526317
E00006540,237,87,32,55,150,120,30,36.708860759493675,13.502109704641349,23.20675105485232,63.29113924050633,50.63291139240506,12.658227848101266
E00006541,186,56,11,45,130,122,8,30.107526881720432,5.913978494623656,24.193548387096776,69.89247311827957,65.59139784946237,4.301075268817205
E00006542,179,61,24,37,118,107,11,34.07821229050279,13.40782122905028,20.670391061452513,65.92178770949721,59.77653631284916,6.145251396648044
E00006543,186,60,22,38,126,109,17,32.25806451612903,11.827956989247312,20.43010752688172,67.74193548387096,58.602150537634415,9.13978494623656
E00006544,206,71,23,48,135,109,26,34.46601941747573,11.165048543689322,23.300970873786408,65.53398058252428,52.9126213592233,12.62135922330097
E00006545,255,64,20,44,191,152,39,25.098039215686274,7.8431372549019605,17.254901960784313,74.90196078431373,59.6078431372549,15.294117647058824
E00006546,269,81,31,50,188,151,37,30.111524163568777,11.524163568773234,18.587360594795538,69.88847583643123,56.13382899628253,13.754646840148698
E00006547,204,60,25,35,144,126,18,29.411764705882355,12.254901960784313,17.15686274509804,70.58823529411765,61.76470588235294,8.823529411764707
E00006548,198,49,23,26,149,123,26,24.747474747474747,11.616161616161616,13.131313131313133,75.25252525252525,62.121212121212125,13.131313131313133
E00006549,168,49,22,27,119,107,12,29.166666666666668,13.095238095238097,16.071428571428573,70.83333333333334,63.69047619047619,7.142857142857142
E00006550,222,63,21,42,159,137,22,28.37837837837838,9.45945945945946,18.91891891891892,71.62162162162163,61.711711711711715,9.90990990990991
E00006551,191,66,23,43,125,102,23,34.55497382198953,12.041884816753926,22.5130890052356,65.44502617801047,53.403141361256544,12.041884816753926
E00006552,227,73,34,39,154,132,22,32.158590308370044,14.977973568281937,17.180616740088105,67.84140969162996,58.14977973568281,9.691629955947137
E00006553,224,48,17,31,176,154,22,21.428571428571427,7.5892857142857135,13.839285714285715,78.57142857142857,68.75,9.821428571428571
E00006554,189,75,20,55,114,96,18,39.682539682539684,10.582010582010582,29.100529100529098,60.317460317460316,50.79365079365079,9.523809523809524
E00006555,181,59,24,35,122,93,29,32.59668508287293,13.259668508287293,19.337016574585636,67.40331491712708,51.38121546961326,16.022099447513813
E00006556,196,51,12,39,145,131,14,26.02040816326531,6.122448979591836,19.897959183673468,73.9795918367347,66.83673469387756,7.142857142857142
E00006557,187,58,27,31,129,97,32,31.016042780748666,14.43850267379679,16.577540106951872,68.98395721925134,51.87165775401069,17.11229946524064
E00006558,183,57,17,40,126,103,23,31.147540983606557,9.289617486338798,21.85792349726776,68.85245901639344,56.284153005464475,12.568306010928962
E00006559,153,46,17,29,107,90,17,30.065359477124183,11.11111111111111,18.954248366013072,69.93464052287581,58.82352941176471,11.11111111111111
E00006560,174,50,20,30,124,112,12,28.735632183908045,11.494252873563218,17.24137931034483,71.26436781609196,64.36781609195403,6.896551724137931
E00006561,161,53,20,33,108,94,14,32.91925465838509,12.422360248447205,20.496894409937887,67.08074534161491,58.38509316770186,8.695652173913043
E00006562,139,54,22,32,85,76,9,38.84892086330935,15.827338129496402,23.021582733812952,61.15107913669065,54.67625899280576,6.474820143884892
E00006563,178,57,17,40,121,102,19,32.02247191011236,9.550561797752808,22.47191011235955,67.97752808988764,57.30337078651685,10.674157303370785
E00006564,140,58,18,40,82,69,13,41.42857142857143,12.857142857142856,28.57142857142857,58.57142857142858,49.28571428571429,9.285714285714286
E00006565,182,76,28,48,106,100,6,41.75824175824176,15.384615384615385,26.373626373626376,58.24175824175825,54.94505494505495,3.296703296703297
E00006566,116,50,25,25,66,59,7,43.103448275862064,21.551724137931032,21.551724137931032,56.896551724137936,50.86206896551724,6.0344827586206895
E00006567,151,57,22,35,94,87,7,37.74834437086093,14.56953642384106,23.178807947019866,62.251655629139066,57.615894039735096,4.635761589403973
E00006568,165,38,12,26,127,108,19,23.03030303030303,7.2727272727272725,15.757575757575756,76.96969696969697,65.45454545454545,11.515151515151516
E00006569,192,68,26,42,124,108,16,35.41666666666667,13.541666666666666,21.875,64.58333333333334,56.25,8.333333333333332
E00006570,203,64,20,44,139,123,16,31.527093596059114,9.852216748768473,21.67487684729064,68.4729064039409,60.591133004926114,7.8817733990147785
E00006571,152,50,15,35,102,93,9,32.89473684210527,9.868421052631579,23.026315789473685,67.10526315789474,61.18421052631579,5.921052631578947
E00006572,197,58,16,42,139,119,20,29.441624365482234,8.121827411167512,21.31979695431472,70.55837563451777,60.40609137055838,10.152284263959391
E00006573,179,58,23,35,121,105,16,32.402234636871505,12.849162011173185,19.553072625698324,67.59776536312849,58.659217877094974,8.938547486033519
E00006574,200,39,18,21,161,144,17,19.5,9,10.5,80.5,72,8.5
E00006575,150,34,11,23,116,105,11,22.666666666666664,7.333333333333333,15.333333333333332,77.33333333333333,70,7.333333333333333
E00006576,184,65,16,49,119,107,12,35.32608695652174,8.695652173913043,26.6304347826087,64.67391304347827,58.152173913043484,6.521739130434782
E00006577,255,79,28,51,176,150,26,30.980392156862745,10.980392156862745,20,69.01960784313725,58.82352941176471,10.196078431372548
E00006578,181,56,32,24,125,120,5,30.939226519337016,17.67955801104972,13.259668508287293,69.06077348066299,66.29834254143645,2.7624309392265194
E00006579,140,35,11,24,105,93,12,25,7.857142857142857,17.142857142857142,75,66.42857142857143,8.571428571428571
E00006580,194,62,30,32,132,124,8,31.958762886597935,15.463917525773196,16.49484536082474,68.04123711340206,63.91752577319587,4.123711340206185
E00006581,169,57,23,34,112,97,15,33.72781065088758,13.609467455621301,20.118343195266274,66.27218934911244,57.396449704142015,8.875739644970414
E00006582,255,73,30,43,182,165,17,28.627450980392155,11.76470588235294,16.862745098039216,71.37254901960785,64.70588235294117,6.666666666666667
E00006583,264,92,22,70,172,149,23,34.84848484848485,8.333333333333332,26.515151515151516,65.15151515151516,56.439393939393945,8.712121212121213
E00006585,128,38,10,28,90,76,14,29.6875,7.8125,21.875,70.3125,59.375,10.9375
E00006586,160,44,14,30,116,102,14,27.500000000000004,8.75,18.75,72.5,63.74999999999999,8.75
E00006587,205,51,13,38,154,133,21,24.878048780487806,6.341463414634147,18.536585365853657,75.1219512195122,64.8780487804878,10.24390243902439
E00006588,191,68,24,44,123,102,21,35.602094240837694,12.56544502617801,23.036649214659686,64.3979057591623,53.403141361256544,10.99476439790576
E00006589,156,52,17,35,104,82,22,33.33333333333333,10.897435897435898,22.435897435897438,66.66666666666666,52.56410256410257,14.102564102564102
E00006590,185,64,23,41,121,108,13,34.5945945945946,12.432432432432433,22.162162162162165,65.4054054054054,58.37837837837838,7.027027027027027
E00006591,186,57,16,41,129,114,15,30.64516129032258,8.60215053763441,22.043010752688172,69.35483870967742,61.29032258064516,8.064516129032258
E00006592,206,71,21,50,135,115,20,34.46601941747573,10.194174757281553,24.271844660194176,65.53398058252428,55.8252427184466,9.70873786407767
E00006593,139,42,14,28,97,80,17,30.215827338129497,10.071942446043165,20.14388489208633,69.7841726618705,57.55395683453237,12.23021582733813
E00006594,166,59,19,40,107,94,13,35.54216867469879,11.44578313253012,24.096385542168676,64.45783132530121,56.62650602409639,7.83132530120482
E00006595,181,50,21,29,131,111,20,27.624309392265197,11.602209944751381,16.022099447513813,72.37569060773481,61.32596685082873,11.049723756906078
E00006596,181,61,21,40,120,107,13,33.70165745856354,11.602209944751381,22.099447513812155,66.29834254143645,59.11602209944752,7.18232044198895
E00006597,186,53,23,30,133,124,9,28.49462365591398,12.365591397849462,16.129032258064516,71.50537634408603,66.66666666666666,4.838709677419355
E00006598,150,47,15,32,103,92,11,31.333333333333336,10,21.333333333333336,68.66666666666667,61.33333333333333,7.333333333333333
E00006599,157,59,19,40,98,88,10,37.57961783439491,12.101910828025478,25.477707006369428,62.42038216560509,56.05095541401274,6.369426751592357
E00006600,145,46,18,28,99,88,11,31.724137931034484,12.413793103448276,19.310344827586206,68.27586206896552,60.689655172413794,7.586206896551724
E00006601,182,46,19,27,136,127,9,25.274725274725274,10.43956043956044,14.835164835164836,74.72527472527473,69.78021978021978,4.945054945054945
E00006602,182,67,28,39,115,105,10,36.81318681318682,15.384615384615385,21.428571428571427,63.18681318681318,57.692307692307686,5.4945054945054945
E00006603,180,50,24,26,130,109,21,27.77777777777778,13.333333333333334,14.444444444444443,72.22222222222221,60.55555555555555,11.666666666666666
E00006604,126,50,15,35,76,68,8,39.682539682539684,11.904761904761903,27.77777777777778,60.317460317460316,53.96825396825397,6.349206349206349
E00006605,162,53,13,40,109,94,15,32.71604938271605,8.024691358024691,24.691358024691358,67.28395061728395,58.0246913580247,9.25925925925926
E00006606,141,50,19,31,91,78,13,35.46099290780142,13.47517730496454,21.98581560283688,64.53900709219859,55.319148936170215,9.219858156028367
E00006607,168,49,25,24,119,107,12,29.166666666666668,14.880952380952381,14.285714285714285,70.83333333333334,63.69047619047619,7.142857142857142
E00006608,137,52,16,36,85,75,10,37.95620437956204,11.678832116788321,26.277372262773724,62.04379562043796,54.74452554744526,7.2992700729927
E00006609,161,46,15,31,115,97,18,28.57142857142857,9.316770186335404,19.25465838509317,71.42857142857143,60.24844720496895,11.180124223602485
E00006610,197,57,25,32,140,124,16,28.934010152284262,12.690355329949238,16.243654822335024,71.06598984771574,62.944162436548226,8.121827411167512
E00006611,223,85,38,47,138,120,18,38.11659192825112,17.040358744394617,21.076233183856502,61.88340807174888,53.81165919282511,8.071748878923767
E00006612,178,66,31,35,112,101,11,37.07865168539326,17.415730337078653,19.662921348314608,62.92134831460674,56.74157303370787,6.179775280898876
E00006613,135,49,20,29,86,72,14,36.2962962962963,14.814814814814813,21.48148148148148,63.70370370370371,53.333333333333336,10.37037037037037
E00006614,153,53,25,28,100,86,14,34.64052287581699,16.33986928104575,18.30065359477124,65.359477124183,56.209150326797385,9.15032679738562
E00006615,119,54,18,36,65,61,4,45.378151260504204,15.126050420168067,30.252100840336134,54.621848739495796,51.26050420168067,3.361344537815126
E00006616,118,39,7,32,79,70,9,33.05084745762712,5.932203389830509,27.11864406779661,66.94915254237289,59.32203389830508,7.627118644067797
E00006617,133,53,13,40,80,75,5,39.849624060150376,9.774436090225564,30.075187969924812,60.150375939849624,56.390977443609025,3.7593984962406015
E00006618,171,46,14,32,125,106,19,26.900584795321635,8.187134502923977,18.71345029239766,73.09941520467837,61.98830409356725,11.11111111111111
E00006619,146,50,15,35,96,83,13,34.24657534246575,10.273972602739725,23.972602739726025,65.75342465753424,56.849315068493155,8.904109589041095
E00006620,143,54,20,34,89,77,12,37.76223776223776,13.986013986013987,23.776223776223777,62.23776223776224,53.84615384615385,8.391608391608392
E00006621,172,51,15,36,121,109,12,29.651162790697676,8.720930232558139,20.930232558139537,70.34883720930233,63.372093023255815,6.976744186046512
E00006622,149,60,20,40,89,82,7,40.26845637583892,13.422818791946309,26.845637583892618,59.73154362416108,55.033557046979865,4.697986577181208
E00006623,140,32,7,25,108,90,18,22.857142857142858,5,17.857142857142858,77.14285714285715,64.28571428571429,12.857142857142856
E00006624,165,50,27,23,115,104,11,30.303030303030305,16.363636363636363,13.939393939393941,69.6969696969697,63.030303030303024,6.666666666666667
E00006625,199,55,20,35,144,122,22,27.63819095477387,10.050251256281408,17.587939698492463,72.36180904522614,61.30653266331658,11.055276381909549
E00006626,179,63,20,43,116,100,16,35.19553072625698,11.1731843575419,24.022346368715084,64.80446927374301,55.865921787709496,8.938547486033519
E00006627,185,51,15,36,134,120,14,27.56756756756757,8.108108108108109,19.45945945945946,72.43243243243244,64.86486486486487,7.567567567567568
E00006628,121,42,17,25,79,70,9,34.710743801652896,14.049586776859504,20.66115702479339,65.28925619834712,57.85123966942148,7.43801652892562
E00006629,170,71,22,49,99,84,15,41.76470588235294,12.941176470588237,28.823529411764703,58.235294117647065,49.411764705882355,8.823529411764707
E00006630,201,64,23,41,137,123,14,31.8407960199005,11.442786069651742,20.398009950248756,68.1592039800995,61.19402985074627,6.965174129353234
E00006631,136,49,13,36,87,77,10,36.029411764705884,9.558823529411764,26.47058823529412,63.970588235294116,56.61764705882353,7.352941176470589
E00006632,181,75,21,54,106,96,10,41.43646408839779,11.602209944751381,29.83425414364641,58.5635359116022,53.03867403314917,5.524861878453039
E00006633,115,50,15,35,65,55,10,43.47826086956522,13.043478260869565,30.434782608695656,56.52173913043478,47.82608695652174,8.695652173913043
E00006634,214,79,26,53,135,119,16,36.915887850467286,12.149532710280374,24.766355140186917,63.084112149532714,55.60747663551402,7.476635514018691
E00006635,144,59,14,45,85,74,11,40.97222222222222,9.722222222222223,31.25,59.02777777777778,51.388888888888886,7.638888888888889
E00006636,183,68,22,46,115,101,14,37.15846994535519,12.021857923497267,25.136612021857925,62.841530054644814,55.19125683060109,7.650273224043716
E00006637,179,66,19,47,113,101,12,36.87150837988827,10.614525139664805,26.256983240223462,63.128491620111724,56.424581005586596,6.70391061452514
E00006638,168,68,19,49,100,84,16,40.476190476190474,11.30952380952381,29.166666666666668,59.523809523809526,50,9.523809523809524
E00006639,148,45,14,31,103,86,17,30.405405405405407,9.45945945945946,20.945945945945947,69.5945945945946,58.108108108108105,11.486486486486488
E00006640,90,27,9,18,63,56,7,30,10,20,70,62.22222222222222,7.777777777777778
E00006643,199,52,14,38,147,125,22,26.13065326633166,7.035175879396985,19.09547738693467,73.86934673366834,62.8140703517588,11.055276381909549
E00006644,194,66,27,39,128,110,18,34.02061855670103,13.917525773195877,20.103092783505154,65.97938144329896,56.70103092783505,9.278350515463918
E00006646,204,72,26,46,132,116,16,35.294117647058826,12.745098039215685,22.54901960784314,64.70588235294117,56.86274509803921,7.8431372549019605
E00006647,151,44,13,31,107,86,21,29.13907284768212,8.609271523178808,20.52980132450331,70.86092715231787,56.95364238410596,13.90728476821192
E00006648,189,42,14,28,147,132,15,22.22222222222222,7.4074074074074066,14.814814814814813,77.77777777777779,69.84126984126983,7.936507936507936
E00006650,244,71,25,46,173,152,21,29.098360655737704,10.245901639344263,18.852459016393443,70.90163934426229,62.295081967213115,8.60655737704918
E00006651,148,68,27,41,80,66,14,45.94594594594595,18.243243243243242,27.7027027027027,54.054054054054056,44.5945945945946,9.45945945945946
E00006652,215,79,30,49,136,126,10,36.74418604651163,13.953488372093023,22.790697674418606,63.25581395348837,58.6046511627907,4.651162790697675
E00006653,128,50,25,25,78,69,9,39.0625,19.53125,19.53125,60.9375,53.90625,7.03125
E00006654,247,72,26,46,175,164,11,29.1497975708502,10.526315789473683,18.62348178137652,70.8502024291498,66.39676113360325,4.4534412955465585
E00006655,173,62,27,35,111,97,14,35.83815028901734,15.606936416184972,20.23121387283237,64.16184971098265,56.06936416184971,8.092485549132949
E00006656,98,29,12,17,69,61,8,29.591836734693878,12.244897959183673,17.346938775510203,70.40816326530613,62.244897959183675,8.16326530612245
E00006657,271,71,20,51,200,165,35,26.199261992619927,7.380073800738007,18.81918819188192,73.80073800738008,60.88560885608856,12.915129151291513
E00006658,229,72,23,49,157,134,23,31.4410480349345,10.043668122270741,21.397379912663755,68.5589519650655,58.515283842794766,10.043668122270741
E00006659,135,50,13,37,85,77,8,37.03703703703704,9.62962962962963,27.40740740740741,62.96296296296296,57.03703703703704,5.9259259259259265
E00006660,183,58,18,40,125,103,22,31.693989071038253,9.836065573770492,21.85792349726776,68.30601092896174,56.284153005464475,12.021857923497267
E00006661,185,74,24,50,111,97,14,40,12.972972972972974,27.027027027027028,60,52.43243243243243,7.567567567567568
E00006662,117,39,14,25,78,72,6,33.33333333333333,11.965811965811966,21.367521367521366,66.66666666666666,61.53846153846154,5.128205128205128
E00006663,173,68,17,51,105,87,18,39.30635838150289,9.826589595375722,29.47976878612717,60.69364161849711,50.28901734104046,10.404624277456648
E00006664,242,78,23,55,164,147,17,32.231404958677686,9.50413223140496,22.727272727272727,67.76859504132231,60.74380165289256,7.024793388429752
E00006665,164,48,22,26,116,102,14,29.268292682926827,13.414634146341465,15.853658536585366,70.73170731707317,62.19512195121951,8.536585365853659
E00006666,206,63,20,43,143,132,11,30.582524271844658,9.70873786407767,20.87378640776699,69.41747572815534,64.07766990291263,5.339805825242718
E00006667,145,48,15,33,97,83,14,33.10344827586207,10.344827586206897,22.758620689655174,66.89655172413794,57.24137931034483,9.655172413793103
E00006668,229,59,20,39,170,148,22,25.76419213973799,8.73362445414847,17.03056768558952,74.235807860262,64.62882096069869,9.606986899563319
E00006669,139,46,18,28,93,85,8,33.093525179856115,12.949640287769784,20.14388489208633,66.90647482014388,61.15107913669065,5.755395683453238
E00006670,282,52,32,20,230,187,43,18.439716312056735,11.347517730496454,7.092198581560284,81.56028368794325,66.31205673758865,15.24822695035461
E00006671,118,43,19,24,75,67,8,36.440677966101696,16.101694915254235,20.33898305084746,63.559322033898304,56.779661016949156,6.779661016949152
E00006672,151,52,22,30,99,89,10,34.437086092715234,14.56953642384106,19.867549668874172,65.56291390728477,58.94039735099338,6.622516556291391
E00006673,207,75,31,44,132,117,15,36.231884057971016,14.975845410628018,21.256038647342994,63.76811594202898,56.52173913043478,7.246376811594203
E00006674,168,51,18,33,117,104,13,30.357142857142854,10.714285714285714,19.642857142857142,69.64285714285714,61.904761904761905,7.738095238095238
E00006675,198,77,27,50,121,108,13,38.88888888888889,13.636363636363635,25.252525252525253,61.111111111111114,54.54545454545454,6.565656565656567
E00006676,260,70,27,43,190,152,38,26.923076923076923,10.384615384615385,16.538461538461537,73.07692307692307,58.46153846153847,14.615384615384617
E00006677,174,61,20,41,113,96,17,35.05747126436782,11.494252873563218,23.563218390804597,64.9425287356322,55.172413793103445,9.770114942528735
E00006678,219,74,26,48,145,126,19,33.789954337899545,11.87214611872146,21.91780821917808,66.21004566210046,57.534246575342465,8.67579908675799
E00006679,149,62,17,45,87,73,14,41.61073825503356,11.409395973154362,30.201342281879196,58.38926174496645,48.99328859060403,9.395973154362416
E00006680,141,41,17,24,100,84,16,29.078014184397162,12.056737588652481,17.02127659574468,70.92198581560284,59.57446808510638,11.347517730496454
E00006681,249,86,34,52,163,138,25,34.53815261044177,13.654618473895583,20.883534136546185,65.46184738955823,55.42168674698795,10.040160642570282
E00006682,164,51,19,32,113,95,18,31.097560975609756,11.585365853658537,19.51219512195122,68.90243902439023,57.92682926829268,10.975609756097562
E00006683,201,71,25,46,130,108,22,35.32338308457712,12.437810945273633,22.885572139303484,64.6766169154229,53.73134328358209,10.945273631840797
E00006684,264,75,34,41,189,153,36,28.40909090909091,12.878787878787879,15.530303030303031,71.5909090909091,57.95454545454546,13.636363636363635
E00006685,125,39,14,25,86,74,12,31.2,11.200000000000001,20,68.8,59.199999999999996,9.6
E00006686,104,39,15,24,65,57,8,37.5,14.423076923076922,23.076923076923077,62.5,54.807692307692314,7.6923076923076925
E00006687,176,58,30,28,118,101,17,32.95454545454545,17.045454545454543,15.909090909090908,67.04545454545455,57.38636363636363,9.659090909090908
E00006688,207,49,22,27,158,137,21,23.67149758454106,10.628019323671497,13.043478260869565,76.32850241545893,66.18357487922705,10.144927536231885
E00006689,176,50,24,26,126,103,23,28.40909090909091,13.636363636363635,14.772727272727273,71.5909090909091,58.52272727272727,13.068181818181818
E00006690,205,66,21,45,139,112,27,32.19512195121951,10.24390243902439,21.951219512195124,67.8048780487805,54.63414634146342,13.170731707317074
E00006691,215,64,24,40,151,132,19,29.767441860465116,11.162790697674419,18.6046511627907,70.23255813953489,61.395348837209305,8.837209302325581
E00006692,121,37,10,27,84,71,13,30.57851239669421,8.264462809917356,22.31404958677686,69.42148760330579,58.67768595041323,10.743801652892563
E00006693,148,51,18,33,97,76,21,34.45945945945946,12.162162162162163,22.2972972972973,65.54054054054053,51.35135135135135,14.18918918918919
E00006694,123,42,12,30,81,68,13,34.146341463414636,9.75609756097561,24.390243902439025,65.85365853658537,55.28455284552846,10.569105691056912
E00006695,232,61,22,39,171,133,38,26.29310344827586,9.482758620689655,16.810344827586206,73.70689655172413,57.327586206896555,16.379310344827587
E00006696,163,57,24,33,106,95,11,34.96932515337423,14.723926380368098,20.245398773006134,65.03067484662577,58.282208588957054,6.748466257668712
E00006697,153,46,11,35,107,83,24,30.065359477124183,7.18954248366013,22.875816993464053,69.93464052287581,54.248366013071895,15.686274509803921
E00006698,213,58,24,34,155,130,25,27.230046948356808,11.267605633802818,15.96244131455399,72.76995305164318,61.03286384976526,11.737089201877934
E00006699,295,78,30,48,217,195,22,26.440677966101696,10.16949152542373,16.271186440677965,73.5593220338983,66.10169491525424,7.457627118644068
E00006701,224,56,27,29,168,149,19,25,12.053571428571429,12.946428571428573,75,66.51785714285714,8.482142857142858
E00006702,177,50,17,33,127,111,16,28.24858757062147,9.6045197740113,18.64406779661017,71.75141242937853,62.71186440677966,9.03954802259887
E00006703,192,61,34,27,131,114,17,31.770833333333332,17.708333333333336,14.0625,68.22916666666666,59.375,8.854166666666668
E00006704,179,63,24,39,116,94,22,35.19553072625698,13.40782122905028,21.787709497206702,64.80446927374301,52.513966480446925,12.290502793296088
E00006705,155,52,20,32,103,90,13,33.5483870967742,12.903225806451612,20.64516129032258,66.45161290322581,58.06451612903226,8.38709677419355
E00006706,183,61,32,29,122,101,21,33.33333333333333,17.48633879781421,15.846994535519126,66.66666666666666,55.19125683060109,11.475409836065573
E00006707,184,54,18,36,130,112,18,29.347826086956523,9.782608695652174,19.565217391304348,70.65217391304348,60.86956521739131,9.782608695652174
E00006708,199,65,29,36,134,119,15,32.663316582914575,14.572864321608039,18.090452261306535,67.33668341708542,59.798994974874375,7.537688442211055
E00006709,203,64,21,43,139,119,20,31.527093596059114,10.344827586206897,21.182266009852217,68.4729064039409,58.620689655172406,9.852216748768473
E00006710,209,68,20,48,141,109,32,32.535885167464116,9.569377990430622,22.966507177033492,67.46411483253588,52.15311004784689,15.311004784688995
E00006711,188,75,31,44,113,99,14,39.8936170212766,16.48936170212766,23.404255319148938,60.1063829787234,52.659574468085104,7.446808510638298
E00006712,204,67,29,38,137,119,18,32.84313725490196,14.215686274509803,18.627450980392158,67.15686274509804,58.333333333333336,8.823529411764707
E00006713,147,26,9,17,121,95,26,17.687074829931973,6.122448979591836,11.564625850340136,82.31292517006803,64.62585034013605,17.687074829931973
E00006714,80,19,4,15,61,48,13,23.75,5,18.75,76.25,60,16.25
E00006715,101,36,12,24,65,58,7,35.64356435643564,11.881188118811881,23.762376237623762,64.35643564356435,57.42574257425742,6.9306930693069315
E00006716,181,39,18,21,142,105,37,21.54696132596685,9.94475138121547,11.602209944751381,78.45303867403315,58.011049723756905,20.441988950276244
E00006717,186,46,17,29,140,115,25,24.731182795698924,9.13978494623656,15.591397849462366,75.26881720430107,61.82795698924731,13.440860215053762
E00006718,189,63,22,41,126,102,24,33.33333333333333,11.64021164021164,21.693121693121693,66.66666666666666,53.96825396825397,12.698412698412698
E00006719,168,40,15,25,128,101,27,23.809523809523807,8.928571428571429,14.880952380952381,76.19047619047619,60.11904761904761,16.071428571428573
E00006720,211,51,13,38,160,132,28,24.170616113744074,6.161137440758294,18.009478672985782,75.82938388625593,62.55924170616114,13.270142180094787
E00006721,257,49,19,30,208,147,61,19.06614785992218,7.392996108949417,11.673151750972762,80.93385214007782,57.19844357976653,23.73540856031128
E00006722,94,44,15,29,50,44,6,46.808510638297875,15.957446808510639,30.851063829787233,53.191489361702125,46.808510638297875,6.382978723404255
E00006723,109,28,6,22,81,64,17,25.688073394495415,5.5045871559633035,20.18348623853211,74.31192660550458,58.71559633027523,15.59633027522936
E00006724,189,55,30,25,134,118,16,29.100529100529098,15.873015873015872,13.227513227513226,70.8994708994709,62.43386243386243,8.465608465608465
E00006725,166,53,25,28,113,96,17,31.92771084337349,15.060240963855422,16.867469879518072,68.07228915662651,57.831325301204814,10.240963855421686
E00006726,208,50,23,27,158,134,24,24.03846153846154,11.057692307692307,12.980769230769232,75.96153846153845,64.42307692307693,11.538461538461538
E00006727,137,35,16,19,102,84,18,25.547445255474454,11.678832116788321,13.86861313868613,74.45255474452554,61.31386861313869,13.138686131386862
E00006728,64,19,3,16,45,41,4,29.6875,4.6875,25,70.3125,64.0625,6.25
E00006731,84,35,12,23,49,36,13,41.66666666666667,14.285714285714285,27.380952380952383,58.333333333333336,42.857142857142854,15.476190476190476
E00006735,214,21,8,13,193,147,46,9.813084112149532,3.7383177570093453,6.074766355140187,90.18691588785047,68.69158878504673,21.49532710280374
E00006737,274,51,18,33,223,179,44,18.613138686131386,6.569343065693431,12.043795620437956,81.38686131386861,65.32846715328468,16.05839416058394
E00006738,140,29,15,14,111,90,21,20.714285714285715,10.714285714285714,10,79.28571428571428,64.28571428571429,15
E00006739,170,51,23,28,119,92,27,30,13.529411764705882,16.470588235294116,70,54.11764705882353,15.88235294117647
E00006740,162,48,20,28,114,102,12,29.629629629629626,12.345679012345679,17.28395061728395,70.37037037037037,62.96296296296296,7.4074074074074066
E00006741,122,46,24,22,76,57,19,37.704918032786885,19.672131147540984,18.0327868852459,62.295081967213115,46.72131147540984,15.573770491803279
E00006742,171,37,15,22,134,93,41,21.637426900584796,8.771929824561402,12.865497076023392,78.3625730994152,54.385964912280706,23.976608187134502
E00006743,258,76,44,32,182,150,32,29.457364341085274,17.05426356589147,12.4031007751938,70.54263565891473,58.139534883720934,12.4031007751938
E00006744,175,58,27,31,117,80,37,33.14285714285714,15.428571428571427,17.71428571428571,66.85714285714286,45.714285714285715,21.142857142857142
E00006745,283,63,18,45,220,172,48,22.261484098939928,6.36042402826855,15.901060070671377,77.73851590106007,60.7773851590106,16.96113074204947
E00006746,149,50,17,33,99,77,22,33.557046979865774,11.409395973154362,22.14765100671141,66.44295302013423,51.67785234899329,14.76510067114094
E00006747,319,76,41,35,243,195,48,23.824451410658305,12.852664576802509,10.9717868338558,76.17554858934169,61.12852664576802,15.047021943573668
E00006748,277,91,45,46,186,147,39,32.851985559566785,16.24548736462094,16.60649819494585,67.14801444043322,53.068592057761734,14.079422382671481
E00006749,185,59,19,40,126,104,22,31.891891891891895,10.27027027027027,21.62162162162162,68.10810810810811,56.21621621621622,11.891891891891893
E00006750,222,55,18,37,167,126,41,24.774774774774773,8.108108108108109,16.666666666666664,75.22522522522522,56.75675675675676,18.46846846846847
E00006751,114,30,5,25,84,63,21,26.31578947368421,4.385964912280701,21.929824561403507,73.68421052631578,55.26315789473685,18.421052631578945
E00006752,212,62,26,36,150,127,23,29.245283018867923,12.264150943396226,16.9811320754717,70.75471698113208,59.905660377358494,10.849056603773585
E00006753,222,68,28,40,154,116,38,30.630630630630627,12.612612612612612,18.01801801801802,69.36936936936937,52.25225225225225,17.117117117117118
E00006754,73,19,8,11,54,48,6,26.027397260273972,10.95890410958904,15.068493150684931,73.97260273972603,65.75342465753424,8.21917808219178
E00006755,73,35,16,19,38,34,4,47.94520547945205,21.91780821917808,26.027397260273972,52.054794520547944,46.57534246575342,5.47945205479452
E00006756,231,56,20,36,175,136,39,24.242424242424242,8.658008658008658,15.584415584415584,75.75757575757575,58.87445887445888,16.883116883116884
E00006757,161,41,21,20,120,106,14,25.465838509316768,13.043478260869565,12.422360248447205,74.53416149068323,65.83850931677019,8.695652173913043
E00006759,130,40,16,24,90,79,11,30.76923076923077,12.307692307692308,18.461538461538463,69.23076923076923,60.76923076923077,8.461538461538462
E00006761,185,64,19,45,121,121,0,34.5945945945946,10.27027027027027,24.324324324324326,65.4054054054054,65.4054054054054,0
E00006762,144,57,19,38,87,80,7,39.58333333333333,13.194444444444445,26.38888888888889,60.416666666666664,55.55555555555556,4.861111111111112
E00006763,198,58,24,34,140,124,16,29.292929292929294,12.121212121212121,17.17171717171717,70.70707070707071,62.62626262626263,8.080808080808081
E00006764,233,59,17,42,174,160,14,25.321888412017167,7.296137339055794,18.025751072961373,74.67811158798283,68.6695278969957,6.008583690987124
E00006766,151,54,27,27,97,91,6,35.76158940397351,17.880794701986755,17.880794701986755,64.23841059602648,60.264900662251655,3.9735099337748347
E00006767,195,63,25,38,132,119,13,32.30769230769231,12.82051282051282,19.48717948717949,67.6923076923077,61.02564102564103,6.666666666666667
E00006768,236,64,26,38,172,155,17,27.11864406779661,11.016949152542372,16.101694915254235,72.88135593220339,65.67796610169492,7.203389830508475
E00006769,225,62,18,44,163,148,15,27.555555555555557,8,19.555555555555557,72.44444444444444,65.77777777777779,6.666666666666667
E00006771,110,30,10,20,80,72,8,27.27272727272727,9.090909090909092,18.181818181818183,72.72727272727273,65.45454545454545,7.2727272727272725
E00006772,188,74,33,41,114,105,9,39.361702127659576,17.5531914893617,21.808510638297875,60.63829787234043,55.85106382978723,4.787234042553192
E00006773,213,65,18,47,148,123,25,30.51643192488263,8.450704225352112,22.065727699530516,69.48356807511738,57.74647887323944,11.737089201877934
E00006774,255,72,29,43,183,173,10,28.235294117647058,11.372549019607844,16.862745098039216,71.76470588235294,67.84313725490196,3.9215686274509802
E00006776,209,68,11,57,141,134,7,32.535885167464116,5.263157894736842,27.27272727272727,67.46411483253588,64.11483253588517,3.349282296650718
E00006777,190,83,24,59,107,94,13,43.684210526315795,12.631578947368421,31.05263157894737,56.315789473684205,49.473684210526315,6.842105263157896
E00006778,218,79,26,53,139,128,11,36.23853211009174,11.926605504587156,24.31192660550459,63.76146788990825,58.71559633027523,5.045871559633028
E00006782,209,59,22,37,150,137,13,28.22966507177033,10.526315789473683,17.703349282296653,71.77033492822966,65.55023923444976,6.220095693779904
E00006783,225,85,23,62,140,128,12,37.77777777777778,10.222222222222223,27.555555555555557,62.22222222222222,56.888888888888886,5.333333333333334
E00006784,243,79,30,49,164,154,10,32.510288065843625,12.345679012345679,20.16460905349794,67.48971193415639,63.37448559670782,4.11522633744856
E00006785,263,83,29,54,180,165,15,31.55893536121673,11.02661596958175,20.53231939163498,68.44106463878326,62.737642585551335,5.7034220532319395
E00006786,254,83,28,55,171,157,14,32.677165354330704,11.023622047244094,21.653543307086615,67.32283464566929,61.811023622047244,5.511811023622047
E00006787,176,54,17,37,122,107,15,30.681818181818183,9.659090909090908,21.022727272727273,69.31818181818183,60.79545454545454,8.522727272727272
E00006790,191,59,17,42,132,121,11,30.89005235602094,8.900523560209423,21.98952879581152,69.10994764397905,63.35078534031413,5.7591623036649215
E00006791,224,70,28,42,154,136,18,31.25,12.5,18.75,68.75,60.71428571428571,8.035714285714286
E00006793,165,49,14,35,116,105,11,29.6969696969697,8.484848484848486,21.21212121212121,70.3030303030303,63.63636363636363,6.666666666666667
E00006794,206,68,21,47,138,127,11,33.00970873786408,10.194174757281553,22.815533980582526,66.99029126213593,61.6504854368932,5.339805825242718
E00006795,229,88,22,66,141,122,19,38.427947598253276,9.606986899563319,28.82096069868996,61.572052401746724,53.275109170305676,8.296943231441048
E00006796,260,72,30,42,188,167,21,27.692307692307693,11.538461538461538,16.153846153846153,72.3076923076923,64.23076923076924,8.076923076923077
E00006797,179,68,24,44,111,98,13,37.988826815642454,13.40782122905028,24.581005586592177,62.01117318435754,54.7486033519553,7.262569832402235
E00006800,202,58,19,39,144,137,7,28.71287128712871,9.405940594059405,19.306930693069308,71.28712871287128,67.82178217821783,3.4653465346534658
E00006801,221,67,17,50,154,141,13,30.316742081447963,7.6923076923076925,22.624434389140273,69.68325791855203,63.80090497737556,5.88235294117647
E00006802,199,72,32,40,127,119,8,36.18090452261307,16.08040201005025,20.100502512562816,63.81909547738693,59.798994974874375,4.0201005025125625
E00006804,245,89,33,56,156,139,17,36.3265306122449,13.46938775510204,22.857142857142858,63.6734693877551,56.734693877551024,6.938775510204081
E00006806,139,62,12,50,77,71,6,44.60431654676259,8.633093525179856,35.97122302158273,55.39568345323741,51.07913669064749,4.316546762589928
E00006807,259,80,27,53,179,161,18,30.888030888030887,10.424710424710424,20.463320463320464,69.1119691119691,62.16216216216216,6.94980694980695
E00006809,166,60,24,36,106,87,19,36.144578313253014,14.457831325301203,21.686746987951807,63.85542168674698,52.40963855421686,11.44578313253012
E00006810,236,74,23,51,162,146,16,31.35593220338983,9.745762711864407,21.610169491525426,68.64406779661016,61.86440677966102,6.779661016949152
E00006811,181,52,16,36,129,116,13,28.7292817679558,8.83977900552486,19.88950276243094,71.27071823204419,64.08839779005525,7.18232044198895
E00006812,240,87,30,57,153,139,14,36.25,12.5,23.75,63.74999999999999,57.91666666666667,5.833333333333333
E00006813,224,72,16,56,152,127,25,32.142857142857146,7.142857142857142,25,67.85714285714286,56.69642857142857,11.160714285714286
E00006814,229,81,26,55,148,131,17,35.37117903930131,11.353711790393014,24.017467248908297,64.62882096069869,57.20524017467249,7.423580786026202
E00006815,91,36,13,23,55,49,6,39.56043956043956,14.285714285714285,25.274725274725274,60.43956043956044,53.84615384615385,6.593406593406594
E00006817,212,65,33,32,147,137,10,30.660377358490564,15.566037735849056,15.09433962264151,69.33962264150944,64.62264150943396,4.716981132075472
E00006818,172,67,26,41,105,89,16,38.95348837209303,15.11627906976744,23.837209302325583,61.04651162790697,51.74418604651163,9.30232558139535
E00006819,191,58,18,40,133,120,13,30.36649214659686,9.424083769633508,20.94240837696335,69.63350785340315,62.82722513089005,6.806282722513089
E00006820,144,36,19,17,108,73,35,25,13.194444444444445,11.805555555555555,75,50.69444444444444,24.305555555555554
E00006821,134,28,9,19,106,77,29,20.8955223880597,6.7164179104477615,14.17910447761194,79.1044776119403,57.46268656716418,21.641791044776117
E00006822,110,34,17,17,76,55,21,30.909090909090907,15.454545454545453,15.454545454545453,69.0909090909091,50,19.090909090909093
E00006823,206,66,25,41,140,110,30,32.038834951456316,12.135922330097088,19.902912621359224,67.96116504854369,53.398058252427184,14.563106796116504
E00006824,160,50,19,31,110,81,29,31.25,11.875,19.375,68.75,50.625,18.125
E00006825,212,38,12,26,174,126,48,17.92452830188679,5.660377358490567,12.264150943396226,82.0754716981132,59.43396226415094,22.641509433962266
E00006826,188,43,21,22,145,114,31,22.872340425531913,11.170212765957446,11.702127659574469,77.12765957446808,60.63829787234043,16.48936170212766
E00006827,177,39,21,18,138,98,40,22.033898305084744,11.864406779661017,10.16949152542373,77.96610169491525,55.367231638418076,22.598870056497177
E00006828,209,39,12,27,170,124,46,18.660287081339714,5.741626794258373,12.918660287081341,81.3397129186603,59.33014354066985,22.00956937799043
E00006829,153,38,14,24,115,84,31,24.836601307189543,9.15032679738562,15.686274509803921,75.16339869281046,54.90196078431373,20.26143790849673
E00006830,119,25,11,14,94,77,17,21.008403361344538,9.243697478991598,11.76470588235294,78.99159663865547,64.70588235294117,14.285714285714285
E00006831,151,25,14,11,126,89,37,16.55629139072848,9.271523178807946,7.28476821192053,83.44370860927152,58.94039735099338,24.503311258278146
E00006832,194,50,20,30,144,114,30,25.773195876288657,10.309278350515463,15.463917525773196,74.22680412371135,58.76288659793815,15.463917525773196
E00006833,145,28,14,14,117,74,43,19.310344827586206,9.655172413793103,9.655172413793103,80.6896551724138,51.03448275862069,29.655172413793103
E00006834,189,37,17,20,152,111,41,19.576719576719576,8.994708994708994,10.582010582010582,80.42328042328042,58.730158730158735,21.693121693121693
E00006835,157,28,10,18,129,90,39,17.8343949044586,6.369426751592357,11.464968152866243,82.16560509554141,57.324840764331206,24.840764331210192
E00006836,150,31,14,17,119,85,34,20.666666666666668,9.333333333333334,11.333333333333332,79.33333333333333,56.666666666666664,22.666666666666664
E00006837,163,43,17,26,120,98,22,26.380368098159508,10.429447852760736,15.950920245398773,73.61963190184049,60.122699386503065,13.496932515337424
E00006838,152,33,15,18,119,87,32,21.710526315789476,9.868421052631579,11.842105263157894,78.28947368421053,57.23684210526315,21.052631578947366
E00006839,178,30,16,14,148,110,38,16.853932584269664,8.98876404494382,7.865168539325842,83.14606741573034,61.79775280898876,21.34831460674157
E00006840,147,31,16,15,116,84,32,21.08843537414966,10.884353741496598,10.204081632653061,78.91156462585033,57.14285714285714,21.768707482993197
E00006841,151,43,23,20,108,80,28,28.47682119205298,15.2317880794702,13.245033112582782,71.52317880794702,52.980132450331126,18.543046357615893
E00006842,164,55,26,29,109,71,38,33.53658536585366,15.853658536585366,17.682926829268293,66.46341463414635,43.292682926829265,23.170731707317074
E00006843,135,27,6,21,108,78,30,20,4.444444444444445,15.555555555555555,80,57.77777777777777,22.22222222222222
E00006844,141,26,8,18,115,85,30,18.439716312056735,5.673758865248227,12.76595744680851,81.56028368794325,60.28368794326241,21.27659574468085
E00006845,243,48,17,31,195,163,32,19.753086419753085,6.995884773662551,12.757201646090536,80.24691358024691,67.07818930041152,13.168724279835391
E00006846,144,35,15,20,109,70,39,24.305555555555554,10.416666666666668,13.88888888888889,75.69444444444444,48.61111111111111,27.083333333333332
E00006847,181,36,10,26,145,101,44,19.88950276243094,5.524861878453039,14.3646408839779,80.11049723756905,55.80110497237569,24.30939226519337
E00006848,190,36,16,20,154,111,43,18.947368421052634,8.421052631578947,10.526315789473683,81.05263157894737,58.42105263157895,22.63157894736842
E00006849,179,43,21,22,136,103,33,24.022346368715084,11.731843575418994,12.290502793296088,75.97765363128491,57.54189944134078,18.435754189944134
E00006850,100,21,7,14,79,57,22,21,7.000000000000001,14.000000000000002,79,56.99999999999999,22
E00006851,122,34,18,16,88,65,23,27.86885245901639,14.754098360655737,13.114754098360656,72.1311475409836,53.278688524590166,18.852459016393443
E00006852,155,29,14,15,126,84,42,18.70967741935484,9.032258064516128,9.67741935483871,81.29032258064515,54.19354838709678,27.09677419354839
E00006853,150,37,15,22,113,72,41,24.666666666666668,10,14.666666666666666,75.33333333333333,48,27.333333333333332
E00006854,137,47,20,27,90,75,15,34.306569343065696,14.5985401459854,19.708029197080293,65.69343065693431,54.74452554744526,10.948905109489052
E00006855,312,44,21,23,268,209,59,14.102564102564102,6.730769230769231,7.371794871794872,85.8974358974359,66.98717948717949,18.91025641025641
E00006856,189,48,28,20,141,106,35,25.396825396825395,14.814814814814813,10.582010582010582,74.60317460317461,56.08465608465608,18.51851851851852
E00006857,285,51,16,35,234,178,56,17.894736842105264,5.614035087719298,12.280701754385964,82.10526315789474,62.4561403508772,19.649122807017545
E00006858,263,41,9,32,222,158,64,15.5893536121673,3.4220532319391634,12.167300380228136,84.4106463878327,60.07604562737643,24.334600760456272
E00006860,268,46,17,29,222,165,57,17.16417910447761,6.343283582089552,10.820895522388058,82.83582089552239,61.56716417910447,21.26865671641791
E00006861,230,75,39,36,155,130,25,32.608695652173914,16.956521739130434,15.65217391304348,67.3913043478261,56.52173913043478,10.869565217391305
E00006862,167,37,16,21,130,106,24,22.15568862275449,9.580838323353294,12.574850299401197,77.84431137724552,63.47305389221557,14.37125748502994
E00006863,232,46,19,27,186,152,34,19.82758620689655,8.189655172413794,11.637931034482758,80.17241379310344,65.51724137931035,14.655172413793101
E00006864,86,17,7,10,69,53,16,19.767441860465116,8.13953488372093,11.627906976744185,80.23255813953489,61.627906976744185,18.6046511627907
E00006865,157,36,14,22,121,104,17,22.929936305732486,8.9171974522293,14.012738853503185,77.07006369426752,66.2420382165605,10.828025477707007
E00006866,145,26,10,16,119,85,34,17.93103448275862,6.896551724137931,11.03448275862069,82.06896551724138,58.620689655172406,23.448275862068964
E00006867,185,43,15,28,142,102,40,23.243243243243246,8.108108108108109,15.135135135135137,76.75675675675676,55.13513513513514,21.62162162162162
E00006868,175,50,22,28,125,93,32,28.57142857142857,12.571428571428573,16,71.42857142857143,53.142857142857146,18.285714285714285
E00006869,213,61,28,33,152,131,21,28.638497652582164,13.145539906103288,15.492957746478872,71.36150234741784,61.502347417840376,9.859154929577464
E00006870,158,27,12,15,131,108,23,17.088607594936708,7.59493670886076,9.49367088607595,82.91139240506328,68.35443037974683,14.556962025316455
E00006871,190,48,16,32,142,122,20,25.263157894736842,8.421052631578947,16.842105263157894,74.73684210526315,64.21052631578948,10.526315789473683
E00006872,221,55,20,35,166,126,40,24.8868778280543,9.049773755656108,15.837104072398189,75.1131221719457,57.01357466063348,18.099547511312217
E00006873,86,21,11,10,65,53,12,24.418604651162788,12.790697674418606,11.627906976744185,75.5813953488372,61.627906976744185,13.953488372093023
E00006874,171,46,25,21,125,97,28,26.900584795321635,14.619883040935672,12.280701754385964,73.09941520467837,56.72514619883041,16.374269005847953
E00006875,186,37,13,24,149,123,26,19.892473118279568,6.989247311827956,12.903225806451612,80.10752688172043,66.12903225806451,13.978494623655912
E00006876,160,47,20,27,113,91,22,29.375,12.5,16.875,70.625,56.875,13.750000000000002
E00006877,243,46,18,28,197,164,33,18.930041152263374,7.4074074074074066,11.522633744855968,81.06995884773663,67.48971193415639,13.580246913580247
E00006878,149,43,14,29,106,75,31,28.859060402684566,9.395973154362416,19.463087248322147,71.14093959731544,50.33557046979866,20.80536912751678
E00006879,187,31,9,22,156,125,31,16.577540106951872,4.81283422459893,11.76470588235294,83.42245989304813,66.84491978609626,16.577540106951872
E00006880,152,41,15,26,111,86,25,26.973684210526315,9.868421052631579,17.105263157894736,73.02631578947368,56.57894736842105,16.447368421052634
E00006881,218,41,16,25,177,133,44,18.807339449541285,7.339449541284404,11.46788990825688,81.19266055045871,61.00917431192661,20.18348623853211
E00006882,146,42,20,22,104,83,21,28.767123287671232,13.698630136986301,15.068493150684931,71.23287671232876,56.849315068493155,14.383561643835616
E00006883,198,52,16,36,146,121,25,26.262626262626267,8.080808080808081,18.181818181818183,73.73737373737373,61.111111111111114,12.626262626262626
E00006884,189,40,14,26,149,119,30,21.164021164021165,7.4074074074074066,13.756613756613756,78.83597883597884,62.96296296296296,15.873015873015872
E00006885,171,58,24,34,113,76,37,33.91812865497076,14.035087719298245,19.883040935672515,66.08187134502924,44.44444444444444,21.637426900584796
E00006886,138,43,20,23,95,67,28,31.15942028985507,14.492753623188406,16.666666666666664,68.84057971014492,48.55072463768116,20.28985507246377
E00006887,178,37,15,22,141,112,29,20.786516853932586,8.426966292134832,12.359550561797752,79.21348314606742,62.92134831460674,16.292134831460675
E00006888,145,31,11,20,114,91,23,21.379310344827587,7.586206896551724,13.793103448275861,78.62068965517241,62.758620689655174,15.862068965517242
E00006889,164,28,15,13,136,101,35,17.073170731707318,9.146341463414634,7.926829268292683,82.92682926829268,61.58536585365854,21.341463414634145
E00006890,158,49,26,23,109,76,33,31.0126582278481,16.455696202531644,14.556962025316455,68.9873417721519,48.10126582278481,20.88607594936709
E00006891,138,32,12,20,106,92,14,23.18840579710145,8.695652173913043,14.492753623188406,76.81159420289855,66.66666666666666,10.144927536231885
E00006893,169,36,20,16,133,113,20,21.301775147928996,11.834319526627219,9.467455621301776,78.69822485207101,66.86390532544378,11.834319526627219
E00006894,246,69,24,45,177,144,33,28.04878048780488,9.75609756097561,18.29268292682927,71.95121951219512,58.536585365853654,13.414634146341465
E00006895,144,26,8,18,118,85,33,18.055555555555554,5.555555555555555,12.5,81.94444444444444,59.02777777777778,22.916666666666664
E00006896,191,44,14,30,147,123,24,23.036649214659686,7.329842931937172,15.706806282722512,76.96335078534031,64.3979057591623,12.56544502617801
E00006897,202,48,19,29,154,124,30,23.762376237623762,9.405940594059405,14.356435643564355,76.23762376237624,61.386138613861384,14.85148514851485
E00006898,163,55,10,45,108,80,28,33.74233128834356,6.134969325153374,27.607361963190186,66.25766871165644,49.079754601226995,17.177914110429448
E00006899,117,28,12,16,89,73,16,23.931623931623932,10.256410256410255,13.675213675213676,76.06837606837607,62.39316239316239,13.675213675213676
E00006901,168,58,18,40,110,83,27,34.523809523809526,10.714285714285714,23.809523809523807,65.47619047619048,49.404761904761905,16.071428571428573
E00006903,207,42,18,24,165,136,29,20.28985507246377,8.695652173913043,11.594202898550725,79.71014492753623,65.70048309178745,14.009661835748794
E00006904,207,56,23,33,151,126,25,27.053140096618357,11.11111111111111,15.942028985507244,72.94685990338165,60.86956521739131,12.077294685990339
E00006905,111,32,17,15,79,52,27,28.82882882882883,15.315315315315313,13.513513513513514,71.17117117117117,46.846846846846844,24.324324324324326
E00006906,176,50,22,28,126,107,19,28.40909090909091,12.5,15.909090909090908,71.5909090909091,60.79545454545454,10.795454545454545
E00006907,183,53,16,37,130,91,39,28.96174863387978,8.743169398907105,20.21857923497268,71.03825136612022,49.72677595628415,21.311475409836063
E00006908,203,45,13,32,158,121,37,22.167487684729064,6.403940886699508,15.763546798029557,77.83251231527095,59.60591133004927,18.226600985221676
E00006909,182,47,23,24,135,100,35,25.82417582417583,12.637362637362637,13.186813186813188,74.17582417582418,54.94505494505495,19.230769230769234
E00165797,131,35,19,16,96,81,15,26.717557251908396,14.50381679389313,12.213740458015266,73.2824427480916,61.832061068702295,11.450381679389313
E00166844,158,60,18,42,98,94,4,37.9746835443038,11.39240506329114,26.582278481012654,62.0253164556962,59.49367088607595,2.5316455696202533
E00166845,155,55,18,37,100,84,16,35.483870967741936,11.612903225806452,23.870967741935484,64.51612903225806,54.19354838709678,10.32258064516129
E00166847,202,65,21,44,137,122,15,32.17821782178218,10.396039603960396,21.782178217821784,67.82178217821783,60.396039603960396,7.425742574257425
E00166848,260,71,24,47,189,155,34,27.307692307692307,9.230769230769232,18.076923076923077,72.6923076923077,59.61538461538461,13.076923076923078
E00166850,173,41,13,28,132,111,21,23.699421965317917,7.514450867052023,16.184971098265898,76.30057803468208,64.16184971098265,12.138728323699421
E00166851,277,118,65,53,159,137,22,42.59927797833935,23.465703971119133,19.133574007220215,57.400722021660656,49.458483754512635,7.9422382671480145
E00166852,158,42,16,26,116,93,23,26.582278481012654,10.126582278481013,16.455696202531644,73.41772151898735,58.86075949367089,14.556962025316455
E00166853,64,15,4,11,49,41,8,23.4375,6.25,17.1875,76.5625,64.0625,12.5
E00166855,161,29,11,18,132,102,30,18.012422360248447,6.832298136645963,11.180124223602485,81.98757763975155,63.35403726708074,18.633540372670808
E00166857,277,77,21,56,200,169,31,27.79783393501805,7.581227436823104,20.216606498194945,72.20216606498195,61.01083032490975,11.191335740072201
E00166858,93,28,10,18,65,54,11,30.107526881720432,10.75268817204301,19.35483870967742,69.89247311827957,58.06451612903226,11.827956989247312
E00166859,93,41,17,24,52,52,0,44.086021505376344,18.27956989247312,25.806451612903224,55.91397849462365,55.91397849462365,0
E00166860,103,29,8,21,74,61,13,28.155339805825243,7.766990291262135,20.388349514563107,71.84466019417476,59.22330097087378,12.62135922330097
E00166861,169,47,16,31,122,104,18,27.810650887573964,9.467455621301776,18.34319526627219,72.18934911242604,61.53846153846154,10.650887573964498
E00166862,241,75,26,49,166,141,25,31.12033195020747,10.78838174273859,20.33195020746888,68.87966804979253,58.50622406639005,10.37344398340249
E00166863,154,31,10,21,123,101,22,20.12987012987013,6.493506493506493,13.636363636363635,79.87012987012987,65.5844155844156,14.285714285714285
E00166865,194,75,23,52,119,111,8,38.659793814432994,11.855670103092782,26.804123711340207,61.34020618556701,57.21649484536082,4.123711340206185
E00166866,76,22,7,15,54,41,13,28.947368421052634,9.210526315789473,19.736842105263158,71.05263157894737,53.94736842105263,17.105263157894736
E00166867,69,16,5,11,53,46,7,23.18840579710145,7.246376811594203,15.942028985507244,76.81159420289855,66.66666666666666,10.144927536231885
E00166869,309,89,41,48,220,185,35,28.802588996763756,13.268608414239482,15.53398058252427,71.19741100323624,59.8705501618123,11.326860841423949
E00179074,181,56,25,31,125,96,29,30.939226519337016,13.812154696132598,17.12707182320442,69.06077348066299,53.03867403314917,16.022099447513813
E00179075,240,92,30,62,148,134,14,38.333333333333336,12.5,25.833333333333336,61.66666666666667,55.833333333333336,5.833333333333333
E00179079,182,63,22,41,119,113,6,34.61538461538461,12.087912087912088,22.52747252747253,65.38461538461539,62.08791208791209,3.296703296703297
E00179081,144,59,23,36,85,72,13,40.97222222222222,15.972222222222221,25,59.02777777777778,50,9.027777777777777
E00179085,229,57,22,35,172,139,33,24.890829694323145,9.606986899563319,15.283842794759824,75.10917030567686,60.698689956331876,14.41048034934498
E00179087,209,62,22,40,147,128,19,29.665071770334926,10.526315789473683,19.138755980861244,70.33492822966507,61.24401913875598,9.090909090909092
E00179097,211,57,12,45,154,130,24,27.014218009478675,5.687203791469194,21.32701421800948,72.98578199052133,61.61137440758294,11.374407582938389
E00179099,124,26,10,16,98,84,14,20.967741935483872,8.064516129032258,12.903225806451612,79.03225806451613,67.74193548387096,11.29032258064516
E00179100,357,51,18,33,306,237,69,14.285714285714285,5.042016806722689,9.243697478991598,85.71428571428571,66.38655462184873,19.327731092436977
E00179102,231,64,35,29,167,153,14,27.705627705627705,15.151515151515152,12.554112554112553,72.2943722943723,66.23376623376623,6.0606060606060606
E00179106,186,65,15,50,121,111,10,34.946236559139784,8.064516129032258,26.881720430107524,65.05376344086021,59.67741935483871,5.376344086021505
E00179107,175,60,32,28,115,103,12,34.285714285714285,18.285714285714285,16,65.71428571428571,58.857142857142854,6.857142857142858
E00179109,492,117,61,56,375,318,57,23.78048780487805,12.398373983739837,11.38211382113821,76.21951219512195,64.63414634146342,11.585365853658537
E00179113,223,45,20,25,178,135,43,20.179372197309416,8.968609865470851,11.210762331838566,79.82062780269058,60.53811659192825,19.282511210762333
E00179114,179,45,20,25,134,108,26,25.139664804469277,11.1731843575419,13.966480446927374,74.86033519553072,60.33519553072626,14.52513966480447
E00179116,34,15,4,11,19,15,4,44.11764705882353,11.76470588235294,32.35294117647059,55.88235294117647,44.11764705882353,11.76470588235294
E00179117,420,72,26,46,348,308,40,17.142857142857142,6.190476190476191,10.952380952380953,82.85714285714286,73.33333333333333,9.523809523809524
E00179120,203,62,24,38,141,126,15,30.541871921182267,11.822660098522167,18.7192118226601,69.45812807881774,62.06896551724138,7.389162561576355
E00179124,252,84,21,63,168,151,17,33.33333333333333,8.333333333333332,25,66.66666666666666,59.92063492063492,6.746031746031746
E00179125,88,28,4,24,60,57,3,31.818181818181817,4.545454545454546,27.27272727272727,68.18181818181817,64.77272727272727,3.4090909090909087
E00179129,95,31,13,18,64,60,4,32.631578947368425,13.684210526315791,18.947368421052634,67.36842105263158,63.1578947368421,4.2105263157894735
E00179131,109,36,16,20,73,66,7,33.02752293577982,14.678899082568808,18.34862385321101,66.97247706422019,60.550458715596335,6.422018348623854
E00179134,241,72,18,54,169,148,21,29.87551867219917,7.468879668049793,22.40663900414938,70.12448132780082,61.41078838174274,8.71369294605809
E00179136,231,40,14,26,191,163,28,17.316017316017316,6.0606060606060606,11.255411255411255,82.68398268398268,70.56277056277057,12.121212121212121
E00179138,92,30,13,17,62,52,10,32.608695652173914,14.130434782608695,18.478260869565215,67.3913043478261,56.52173913043478,10.869565217391305
E00179139,217,62,15,47,155,144,11,28.57142857142857,6.912442396313365,21.658986175115206,71.42857142857143,66.3594470046083,5.0691244239631335
E00179145,191,40,23,17,151,118,33,20.94240837696335,12.041884816753926,8.900523560209423,79.05759162303664,61.78010471204188,17.277486910994764
E00179146,217,48,12,36,169,159,10,22.119815668202765,5.529953917050691,16.589861751152075,77.88018433179722,73.27188940092167,4.6082949308755765
E00179147,128,25,16,9,103,87,16,19.53125,12.5,7.03125,80.46875,67.96875,12.5
E00179149,148,35,11,24,113,93,20,23.64864864864865,7.4324324324324325,16.216216216216218,76.35135135135135,62.83783783783784,13.513513513513514
E00179150,218,71,22,49,147,127,20,32.56880733944954,10.091743119266056,22.477064220183486,67.43119266055045,58.256880733944946,9.174311926605505
E00179151,133,29,10,19,104,85,19,21.804511278195488,7.518796992481203,14.285714285714285,78.19548872180451,63.90977443609023,14.285714285714285
E00179153,232,86,33,53,146,116,30,37.06896551724138,14.224137931034484,22.844827586206897,62.93103448275862,50,12.931034482758621
E00179154,206,27,10,17,179,163,16,13.106796116504855,4.854368932038835,8.25242718446602,86.89320388349515,79.12621359223301,7.766990291262135
E00179156,208,57,18,39,151,126,25,27.403846153846157,8.653846153846153,18.75,72.59615384615384,60.57692307692307,12.01923076923077
E00179160,68,13,3,10,55,48,7,19.11764705882353,4.411764705882353,14.705882352941178,80.88235294117648,70.58823529411765,10.294117647058822
E00179164,90,21,6,15,69,61,8,23.333333333333332,6.666666666666667,16.666666666666664,76.66666666666667,67.77777777777779,8.88888888888889
E00179166,185,60,18,42,125,111,14,32.432432432432435,9.72972972972973,22.702702702702705,67.56756756756756,60,7.567567567567568
E00179167,76,35,9,26,41,38,3,46.05263157894737,11.842105263157894,34.21052631578947,53.94736842105263,50,3.9473684210526314
E00179169,56,22,11,11,34,34,0,39.285714285714285,19.642857142857142,19.642857142857142,60.71428571428571,60.71428571428571,0
E00179172,105,48,14,34,57,49,8,45.714285714285715,13.333333333333334,32.38095238095238,54.285714285714285,46.666666666666664,7.6190476190476195
E00179173,233,71,31,40,162,149,13,30.472103004291846,13.304721030042918,17.167381974248926,69.52789699570815,63.94849785407726,5.579399141630901
E00179174,82,30,7,23,52,42,10,36.58536585365854,8.536585365853659,28.04878048780488,63.41463414634146,51.21951219512195,12.195121951219512
E00179176,92,20,5,15,72,64,8,21.73913043478261,5.434782608695652,16.304347826086957,78.26086956521739,69.56521739130434,8.695652173913043
E00179177,255,31,15,16,224,188,36,12.156862745098039,5.88235294117647,6.2745098039215685,87.84313725490196,73.72549019607844,14.117647058823529
E00179178,185,34,13,21,151,128,23,18.37837837837838,7.027027027027027,11.351351351351353,81.62162162162161,69.1891891891892,12.432432432432433
E00179180,123,41,13,28,82,71,11,33.33333333333333,10.569105691056912,22.76422764227642,66.66666666666666,57.72357723577236,8.94308943089431
E00179181,181,47,18,29,134,112,22,25.96685082872928,9.94475138121547,16.022099447513813,74.03314917127072,61.87845303867403,12.154696132596685
E00179182,77,46,8,38,31,31,0,59.74025974025974,10.38961038961039,49.35064935064935,40.25974025974026,40.25974025974026,0
E00179192,216,92,41,51,124,112,12,42.592592592592595,18.98148148148148,23.61111111111111,57.407407407407405,51.85185185185185,5.555555555555555
E00179193,192,52,12,40,140,117,23,27.083333333333332,6.25,20.833333333333336,72.91666666666666,60.9375,11.979166666666668
E00179195,132,67,41,26,65,53,12,50.75757575757576,31.060606060606062,19.696969696969695,49.24242424242424,40.15151515151515,9.090909090909092
E00179196,170,48,17,31,122,105,17,28.235294117647058,10,18.235294117647058,71.76470588235294,61.76470588235294,10
E00179197,306,49,23,26,257,200,57,16.013071895424837,7.516339869281046,8.49673202614379,83.98692810457517,65.359477124183,18.627450980392158
E00179198,188,22,4,18,166,140,26,11.702127659574469,2.127659574468085,9.574468085106384,88.29787234042553,74.46808510638297,13.829787234042554
E00179201,90,17,8,9,73,50,23,18.88888888888889,8.88888888888889,10,81.11111111111111,55.55555555555556,25.555555555555554
E00179203,270,85,44,41,185,168,17,31.48148148148148,16.296296296296298,15.185185185185185,68.51851851851852,62.22222222222222,6.296296296296296
E00179204,172,49,15,34,123,103,20,28.488372093023255,8.720930232558139,19.767441860465116,71.51162790697676,59.883720930232556,11.627906976744185
E00179205,125,47,16,31,78,69,9,37.6,12.8,24.8,62.4,55.2,7.199999999999999
E00179206,165,48,14,34,117,99,18,29.09090909090909,8.484848484848486,20.606060606060606,70.9090909090909,60,10.909090909090908
E00179207,61,17,7,10,44,38,6,27.86885245901639,11.475409836065573,16.39344262295082,72.1311475409836,62.295081967213115,9.836065573770492
E00179208,85,31,10,21,54,49,5,36.470588235294116,11.76470588235294,24.705882352941178,63.52941176470588,57.647058823529406,5.88235294117647
E00179212,120,34,11,23,86,80,6,28.333333333333332,9.166666666666666,19.166666666666668,71.66666666666667,66.66666666666666,5
E00179214,119,44,23,21,75,62,13,36.97478991596639,19.327731092436977,17.647058823529413,63.02521008403361,52.10084033613446,10.92436974789916
E00179215,194,36,10,26,158,142,16,18.556701030927837,5.154639175257731,13.402061855670103,81.44329896907216,73.19587628865979,8.24742268041237
E00179218,207,58,19,39,149,115,34,28.019323671497588,9.178743961352657,18.84057971014493,71.98067632850241,55.55555555555556,16.425120772946862
E00179219,283,27,10,17,256,184,72,9.540636042402827,3.53356890459364,6.007067137809187,90.45936395759718,65.01766784452296,25.4416961130742
E00179220,181,44,17,27,137,130,7,24.30939226519337,9.392265193370166,14.917127071823206,75.69060773480662,71.8232044198895,3.867403314917127
E00179222,105,13,7,6,92,83,9,12.380952380952381,6.666666666666667,5.714285714285714,87.61904761904762,79.04761904761905,8.571428571428571
E00179223,167,37,16,21,130,109,21,22.15568862275449,9.580838323353294,12.574850299401197,77.84431137724552,65.26946107784431,12.574850299401197
E00179224,251,66,20,46,185,162,23,26.294820717131472,7.968127490039841,18.326693227091635,73.70517928286853,64.5418326693227,9.163346613545817
E00179226,54,15,10,5,39,33,6,27.77777777777778,18.51851851851852,9.25925925925926,72.22222222222221,61.111111111111114,11.11111111111111
E00179227,186,65,14,51,121,106,15,34.946236559139784,7.526881720430108,27.419354838709676,65.05376344086021,56.98924731182796,8.064516129032258
E00179229,274,87,24,63,187,172,15,31.751824817518248,8.75912408759124,22.99270072992701,68.24817518248175,62.77372262773723,5.474452554744526
E00179230,266,58,27,31,208,163,45,21.804511278195488,10.150375939849624,11.654135338345863,78.19548872180451,61.278195488721806,16.917293233082706
E00179232,121,12,4,8,109,87,22,9.917355371900827,3.3057851239669422,6.6115702479338845,90.08264462809917,71.900826446281,18.181818181818183
E00179233,94,29,11,18,65,50,15,30.851063829787233,11.702127659574469,19.148936170212767,69.14893617021278,53.191489361702125,15.957446808510639
E00179236,149,52,22,30,97,85,12,34.899328859060404,14.76510067114094,20.13422818791946,65.1006711409396,57.04697986577181,8.053691275167784
E00179238,35,20,6,14,15,12,3,57.14285714285714,17.142857142857142,40,42.857142857142854,34.285714285714285,8.571428571428571
E00179241,114,22,7,15,92,82,10,19.298245614035086,6.140350877192982,13.157894736842104,80.7017543859649,71.9298245614035,8.771929824561402
E00179246,107,49,13,36,58,47,11,45.794392523364486,12.149532710280374,33.64485981308411,54.20560747663551,43.925233644859816,10.2803738317757
E00179248,124,47,10,37,77,68,9,37.903225806451616,8.064516129032258,29.838709677419356,62.096774193548384,54.83870967741935,7.258064516129033
E00179250,145,51,33,18,94,85,9,35.172413793103445,22.758620689655174,12.413793103448276,64.82758620689654,58.620689655172406,6.206896551724138
E00179253,186,53,16,37,133,128,5,28.49462365591398,8.60215053763441,19.892473118279568,71.50537634408603,68.81720430107528,2.6881720430107525
E00179254,157,58,23,35,99,88,11,36.94267515923567,14.64968152866242,22.29299363057325,63.05732484076433,56.05095541401274,7.006369426751593
E00179257,108,37,15,22,71,51,20,34.25925925925926,13.88888888888889,20.37037037037037,65.74074074074075,47.22222222222222,18.51851851851852
E00179259,118,33,15,18,85,64,21,27.966101694915253,12.711864406779661,15.254237288135593,72.03389830508475,54.23728813559322,17.796610169491526
E00179260,131,51,9,42,80,75,5,38.93129770992366,6.870229007633588,32.06106870229007,61.06870229007634,57.25190839694656,3.816793893129771
E00179261,106,22,9,13,84,74,10,20.754716981132077,8.49056603773585,12.264150943396226,79.24528301886792,69.81132075471697,9.433962264150944
E00179276,186,78,31,47,108,101,7,41.935483870967744,16.666666666666664,25.268817204301076,58.06451612903226,54.3010752688172,3.763440860215054
E00179277,94,32,11,21,62,56,6,34.04255319148936,11.702127659574469,22.340425531914892,65.95744680851064,59.57446808510638,6.382978723404255
E00179278,126,42,17,25,84,76,8,33.33333333333333,13.492063492063492,19.841269841269842,66.66666666666666,60.317460317460316,6.349206349206349
E00179279,133,39,15,24,94,91,3,29.32330827067669,11.278195488721805,18.045112781954884,70.67669172932331,68.42105263157895,2.2556390977443606
E00179280,190,55,19,36,135,127,8,28.947368421052634,10,18.947368421052634,71.05263157894737,66.84210526315789,4.2105263157894735
E00179281,144,44,16,28,100,86,14,30.555555555555557,11.11111111111111,19.444444444444446,69.44444444444444,59.72222222222222,9.722222222222223
