OA,ts0380001,ts0380002,ts0380003,ts0380004,ts0380005,ts0380006,ts0380007,ts0380002_PCT,ts0380003_PCT,ts0380004_PCT,ts0380005_PCT,ts0380006_PCT,ts0380007_PCT
W00001336,287,44,23,21,243,20,223,15.33101045296167,8.013937282229964,7.317073170731707,84.66898954703834,6.968641114982578,77.70034843205575
W00001337,313,53,14,39,260,28,232,16.93290734824281,4.472843450479233,12.460063897763577,83.06709265175719,8.945686900958465,74.12140575079871
W00001338,303,44,17,27,259,31,228,14.521452145214523,5.6105610561056105,8.91089108910891,85.47854785478548,10.231023102310232,75.24752475247524
W00001339,262,60,22,38,202,28,174,22.900763358778626,8.396946564885496,14.50381679389313,77.09923664122137,10.687022900763358,66.41221374045801
W00001340,306,40,15,25,266,23,243,13.071895424836603,4.901960784313726,8.169934640522875,86.9281045751634,7.516339869281046,79.41176470588235
W00001341,239,51,29,22,188,17,171,21.338912133891213,12.133891213389122,9.205020920502092,78.66108786610879,7.112970711297072,71.54811715481172
W00001342,325,49,19,30,276,19,257,15.076923076923077,5.846153846153846,9.230769230769232,84.92307692307692,5.846153846153846,79.07692307692308
W00001343,275,51,19,32,224,23,201,18.545454545454547,6.909090909090909,11.636363636363637,81.45454545454545,8.363636363636363,73.0909090909091
W00001344,303,50,22,28,253,31,222,16.5016501650165,7.2607260726072615,9.24092409240924,83.4983498349835,10.231023102310232,73.26732673267327
W00001345,289,55,21,34,234,24,210,19.031141868512112,7.26643598615917,11.76470588235294,80.96885813148789,8.304498269896193,72.66435986159169
W00001346,266,49,29,20,217,13,204,18.421052631578945,10.902255639097744,7.518796992481203,81.57894736842105,4.887218045112782,76.69172932330827
W00001347,338,64,25,39,274,28,246,18.93491124260355,7.396449704142012,11.538461538461538,81.06508875739645,8.284023668639055,72.7810650887574
W00001348,245,44,19,25,201,17,184,17.959183673469386,7.755102040816326,10.204081632653061,82.0408163265306,6.938775510204081,75.10204081632654
W00001349,444,68,33,35,376,35,341,15.315315315315313,7.4324324324324325,7.882882882882883,84.68468468468468,7.882882882882883,76.8018018018018
W00001350,297,33,16,17,264,24,240,11.11111111111111,5.387205387205387,5.723905723905724,88.88888888888889,8.080808080808081,80.8080808080808
W00001351,289,47,19,28,242,11,231,16.26297577854671,6.5743944636678195,9.688581314878892,83.73702422145328,3.8062283737024223,79.93079584775087
W00001352,220,60,26,34,160,10,150,27.27272727272727,11.818181818181818,15.454545454545453,72.72727272727273,4.545454545454546,68.18181818181817
W00001353,259,63,28,35,196,11,185,24.324324324324326,10.81081081081081,13.513513513513514,75.67567567567568,4.247104247104247,71.42857142857143
W00001354,228,53,29,24,175,15,160,23.24561403508772,12.719298245614036,10.526315789473683,76.75438596491229,6.578947368421052,70.17543859649122
W00001355,292,84,42,42,208,18,190,28.767123287671232,14.383561643835616,14.383561643835616,71.23287671232876,6.164383561643835,65.06849315068493
W00001356,431,85,37,48,346,21,325,19.721577726218097,8.584686774941995,11.1368909512761,80.2784222737819,4.872389791183294,75.4060324825986
W00001357,316,71,39,32,245,18,227,22.468354430379748,12.341772151898734,10.126582278481013,77.53164556962025,5.69620253164557,71.83544303797468
W00001358,295,54,19,35,241,35,206,18.305084745762713,6.440677966101695,11.864406779661017,81.69491525423729,11.864406779661017,69.83050847457626
W00001359,188,35,16,19,153,10,143,18.617021276595743,8.51063829787234,10.106382978723403,81.38297872340425,5.319148936170213,76.06382978723404
W00001360,369,61,32,29,308,29,279,16.53116531165312,8.672086720867208,7.8590785907859075,83.46883468834689,7.8590785907859075,75.60975609756098
W00001361,252,60,20,40,192,12,180,23.809523809523807,7.936507936507936,15.873015873015872,76.19047619047619,4.761904761904762,71.42857142857143
W00001362,425,70,28,42,355,15,340,16.470588235294116,6.588235294117648,9.88235294117647,83.52941176470588,3.5294117647058822,80
W00001363,284,92,47,45,192,12,180,32.3943661971831,16.549295774647888,15.845070422535212,67.6056338028169,4.225352112676056,63.38028169014085
W00001364,270,55,25,30,215,24,191,20.37037037037037,9.25925925925926,11.11111111111111,79.62962962962963,8.88888888888889,70.74074074074073
W00001365,258,81,42,39,177,13,164,31.3953488372093,16.27906976744186,15.11627906976744,68.6046511627907,5.038759689922481,63.565891472868216
W00001366,291,56,24,32,235,14,221,19.243986254295535,8.24742268041237,10.996563573883162,80.75601374570446,4.810996563573884,75.94501718213058
W00001367,272,68,31,37,204,14,190,25,11.397058823529411,13.602941176470587,75,5.147058823529411,69.85294117647058
W00001368,317,76,41,35,241,20,221,23.974763406940063,12.933753943217665,11.041009463722396,76.02523659305994,6.309148264984227,69.71608832807571
W00001369,269,55,27,28,214,28,186,20.44609665427509,10.037174721189592,10.408921933085502,79.5539033457249,10.408921933085502,69.14498141263941
W00001370,267,66,30,36,201,14,187,24.719101123595504,11.235955056179774,13.48314606741573,75.28089887640449,5.2434456928838955,70.0374531835206
W00001371,292,48,25,23,244,29,215,16.43835616438356,8.561643835616438,7.876712328767123,83.56164383561644,9.931506849315069,73.63013698630137
W00001372,318,70,35,35,248,20,228,22.0125786163522,11.0062893081761,11.0062893081761,77.9874213836478,6.289308176100629,71.69811320754717
W00001373,477,59,18,41,418,40,378,12.368972746331238,3.7735849056603774,8.59538784067086,87.63102725366876,8.385744234800839,79.24528301886792
W00001374,283,43,15,28,240,35,205,15.19434628975265,5.30035335689046,9.89399293286219,84.80565371024736,12.36749116607774,72.43816254416961
W00001375,360,44,13,31,316,29,287,12.222222222222221,3.6111111111111107,8.61111111111111,87.77777777777777,8.055555555555555,79.72222222222223
W00001376,330,53,26,27,277,20,257,16.060606060606062,7.878787878787878,8.181818181818182,83.93939393939394,6.0606060606060606,77.87878787878788
W00001377,333,59,23,36,274,22,252,17.71771771771772,6.906906906906906,10.81081081081081,82.28228228228228,6.606606606606606,75.67567567567568
W00001378,316,59,29,30,257,31,226,18.670886075949365,9.177215189873419,9.49367088607595,81.32911392405063,9.81012658227848,71.51898734177216
W00001379,289,51,21,30,238,22,216,17.647058823529413,7.26643598615917,10.380622837370241,82.35294117647058,7.612456747404845,74.74048442906575
W00001380,312,28,6,22,284,22,262,8.974358974358974,1.9230769230769231,7.051282051282051,91.02564102564102,7.051282051282051,83.97435897435898
W00001381,291,66,23,43,225,20,205,22.68041237113402,7.903780068728522,14.776632302405499,77.31958762886599,6.872852233676976,70.44673539518901
W00001382,233,47,21,26,186,19,167,20.171673819742487,9.012875536480687,11.158798283261802,79.82832618025752,8.15450643776824,71.67381974248927
W00001384,262,54,23,31,208,14,194,20.610687022900763,8.778625954198473,11.83206106870229,79.38931297709924,5.343511450381679,74.04580152671755
W00001385,284,55,22,33,229,23,206,19.366197183098592,7.746478873239436,11.619718309859154,80.63380281690141,8.098591549295776,72.53521126760563
W00001386,260,44,14,30,216,21,195,16.923076923076923,5.384615384615385,11.538461538461538,83.07692307692308,8.076923076923077,75
W00001387,293,61,22,39,232,18,214,20.819112627986346,7.508532423208192,13.310580204778159,79.18088737201366,6.143344709897611,73.03754266211604
W00001388,360,75,32,43,285,26,259,20.833333333333336,8.88888888888889,11.944444444444445,79.16666666666666,7.222222222222221,71.94444444444444
W00001389,352,57,25,32,295,21,274,16.193181818181817,7.1022727272727275,9.090909090909092,83.80681818181817,5.965909090909091,77.8409090909091
W00001390,311,99,54,45,212,19,193,31.832797427652732,17.363344051446948,14.469453376205788,68.16720257234726,6.109324758842444,62.057877813504824
W00001391,438,85,34,51,353,38,315,19.406392694063925,7.76255707762557,11.643835616438356,80.59360730593608,8.67579908675799,71.91780821917808
W00001392,271,39,19,20,232,23,209,14.391143911439114,7.011070110701106,7.380073800738007,85.60885608856088,8.487084870848708,77.12177121771218
W00001393,163,44,26,18,119,10,109,26.993865030674847,15.950920245398773,11.042944785276074,73.00613496932516,6.134969325153374,66.87116564417178
W00001394,209,38,9,29,171,24,147,18.181818181818183,4.30622009569378,13.875598086124402,81.81818181818183,11.483253588516746,70.33492822966507
W00001395,304,45,20,25,259,16,243,14.802631578947366,6.578947368421052,8.223684210526317,85.19736842105263,5.263157894736842,79.93421052631578
W00001396,289,66,29,37,223,18,205,22.837370242214533,10.034602076124568,12.802768166089965,77.16262975778547,6.228373702422145,70.93425605536332
W00001397,281,42,14,28,239,20,219,14.94661921708185,4.98220640569395,9.9644128113879,85.05338078291815,7.11743772241993,77.93594306049823
W00001398,212,56,21,35,156,25,131,26.41509433962264,9.90566037735849,16.50943396226415,73.58490566037736,11.79245283018868,61.79245283018868
W00001399,270,54,25,29,216,20,196,20,9.25925925925926,10.74074074074074,80,7.4074074074074066,72.5925925925926
W00001400,266,78,50,28,188,18,170,29.32330827067669,18.796992481203006,10.526315789473683,70.67669172932331,6.7669172932330826,63.90977443609023
W00001401,336,53,22,31,283,22,261,15.773809523809524,6.547619047619048,9.226190476190476,84.22619047619048,6.547619047619048,77.67857142857143
W00001402,313,70,35,35,243,21,222,22.364217252396166,11.182108626198083,11.182108626198083,77.63578274760383,6.7092651757188495,70.92651757188499
W00001403,309,55,29,26,254,18,236,17.79935275080906,9.385113268608414,8.414239482200648,82.20064724919094,5.825242718446602,76.37540453074433
W00001404,206,67,47,20,139,15,124,32.5242718446602,22.815533980582526,9.70873786407767,67.47572815533981,7.281553398058252,60.19417475728155
W00001405,289,77,37,40,212,21,191,26.643598615916954,12.802768166089965,13.84083044982699,73.35640138408304,7.26643598615917,66.08996539792388
W00001406,314,54,24,30,260,10,250,17.197452229299362,7.643312101910828,9.554140127388536,82.80254777070064,3.1847133757961785,79.61783439490446
W00001407,261,45,17,28,216,19,197,17.24137931034483,6.513409961685824,10.727969348659004,82.75862068965517,7.2796934865900385,75.47892720306514
W00001408,338,54,25,29,284,28,256,15.976331360946746,7.396449704142012,8.579881656804734,84.02366863905326,8.284023668639055,75.7396449704142
W00001409,312,68,30,38,244,17,227,21.794871794871796,9.615384615384617,12.179487179487179,78.2051282051282,5.448717948717949,72.75641025641025
W00001410,303,48,18,30,255,21,234,15.841584158415841,5.9405940594059405,9.900990099009901,84.15841584158416,6.9306930693069315,77.22772277227723
W00001411,156,57,29,28,99,8,91,36.53846153846153,18.58974358974359,17.94871794871795,63.46153846153846,5.128205128205128,58.333333333333336
W00001412,200,33,11,22,167,11,156,16.5,5.5,11,83.5,5.5,78
W00001413,336,68,29,39,268,24,244,20.238095238095237,8.630952380952381,11.607142857142858,79.76190476190477,7.142857142857142,72.61904761904762
W00001414,313,91,49,42,222,15,207,29.073482428115017,15.654952076677317,13.418530351437699,70.92651757188499,4.792332268370607,66.13418530351439
W00001415,237,70,40,30,167,9,158,29.535864978902953,16.877637130801688,12.658227848101266,70.46413502109705,3.79746835443038,66.66666666666666
W00001416,303,98,50,48,205,12,193,32.34323432343234,16.5016501650165,15.841584158415841,67.65676567656766,3.9603960396039604,63.6963696369637
W00001417,339,57,15,42,282,22,260,16.8141592920354,4.424778761061947,12.389380530973451,83.1858407079646,6.489675516224189,76.69616519174042
W00001418,308,57,26,31,251,30,221,18.506493506493506,8.441558441558442,10.064935064935066,81.4935064935065,9.740259740259742,71.75324675324676
W00001419,283,86,51,35,197,22,175,30.3886925795053,18.021201413427562,12.36749116607774,69.6113074204947,7.773851590106007,61.83745583038869
W00001420,251,62,26,36,189,18,171,24.701195219123505,10.358565737051793,14.342629482071715,75.2988047808765,7.171314741035857,68.12749003984064
W00001421,237,55,26,29,182,12,170,23.20675105485232,10.970464135021098,12.236286919831224,76.79324894514767,5.063291139240507,71.72995780590718
W00001422,268,68,27,41,200,14,186,25.37313432835821,10.074626865671641,15.298507462686567,74.6268656716418,5.223880597014925,69.40298507462687
W00001423,453,82,31,51,371,45,326,18.101545253863137,6.843267108167771,11.258278145695364,81.89845474613686,9.933774834437086,71.96467991169978
W00001424,259,56,30,26,203,13,190,21.62162162162162,11.583011583011583,10.038610038610038,78.37837837837837,5.019305019305019,73.35907335907336
W00001425,246,35,8,27,211,18,193,14.227642276422763,3.2520325203252036,10.975609756097562,85.77235772357723,7.317073170731707,78.45528455284553
W00001426,333,66,31,35,267,27,240,19.81981981981982,9.30930930930931,10.51051051051051,80.18018018018019,8.108108108108109,72.07207207207207
W00001427,477,64,25,39,413,35,378,13.417190775681343,5.2410901467505235,8.176100628930817,86.58280922431865,7.337526205450734,79.24528301886792
W00001428,408,73,28,45,335,33,302,17.892156862745097,6.862745098039216,11.029411764705882,82.1078431372549,8.088235294117647,74.01960784313727
W00001429,524,68,32,36,456,38,418,12.977099236641221,6.106870229007633,6.870229007633588,87.02290076335878,7.251908396946565,79.77099236641222
W00001430,230,43,18,25,187,15,172,18.695652173913043,7.82608695652174,10.869565217391305,81.30434782608695,6.521739130434782,74.78260869565217
W00001431,237,56,26,30,181,13,168,23.628691983122362,10.970464135021098,12.658227848101266,76.37130801687763,5.485232067510549,70.88607594936708
W00001432,334,61,29,32,273,24,249,18.263473053892216,8.682634730538922,9.580838323353294,81.73652694610777,7.18562874251497,74.55089820359282
W00001433,282,54,26,28,228,13,215,19.148936170212767,9.219858156028367,9.929078014184398,80.85106382978722,4.609929078014184,76.24113475177306
W00001434,215,60,23,37,155,17,138,27.906976744186046,10.69767441860465,17.209302325581397,72.09302325581395,7.906976744186046,64.18604651162791
W00001435,293,61,20,41,232,21,211,20.819112627986346,6.825938566552901,13.993174061433447,79.18088737201366,7.167235494880546,72.01365187713311
W00001436,391,43,21,22,348,40,308,10.997442455242968,5.3708439897698215,5.626598465473146,89.00255754475704,10.230179028132993,78.77237851662404
W00001437,213,69,37,32,144,13,131,32.3943661971831,17.370892018779344,15.023474178403756,67.6056338028169,6.103286384976526,61.502347417840376
W00001438,442,33,11,22,409,39,370,7.46606334841629,2.48868778280543,4.97737556561086,92.53393665158372,8.823529411764707,83.710407239819
W00001439,416,74,33,41,342,32,310,17.78846153846154,7.9326923076923075,9.85576923076923,82.21153846153845,7.6923076923076925,74.51923076923077
W00001440,529,87,29,58,442,32,410,16.446124763705104,5.482041587901701,10.964083175803403,83.5538752362949,6.049149338374291,77.50472589792061
W00001442,363,71,29,42,292,34,258,19.55922865013774,7.988980716253444,11.570247933884298,80.44077134986226,9.366391184573002,71.07438016528926
W00001443,593,61,17,44,532,48,484,10.286677908937605,2.866779089376054,7.419898819561552,89.7133220910624,8.094435075885329,81.61888701517707
W00001444,251,49,24,25,202,24,178,19.52191235059761,9.56175298804781,9.9601593625498,80.47808764940238,9.56175298804781,70.91633466135458
W00001445,248,51,27,24,197,12,185,20.56451612903226,10.887096774193548,9.67741935483871,79.43548387096774,4.838709677419355,74.59677419354838
W00001446,285,91,56,35,194,19,175,31.929824561403507,19.649122807017545,12.280701754385964,68.0701754385965,6.666666666666667,61.40350877192983
W00001447,216,42,15,27,174,28,146,19.444444444444446,6.944444444444445,12.5,80.55555555555556,12.962962962962962,67.5925925925926
W00001448,258,46,18,28,212,13,199,17.829457364341085,6.976744186046512,10.852713178294573,82.17054263565892,5.038759689922481,77.13178294573643
W00001449,224,61,38,23,163,10,153,27.232142857142854,16.964285714285715,10.267857142857142,72.76785714285714,4.464285714285714,68.30357142857143
W00001450,328,55,23,32,273,31,242,16.76829268292683,7.01219512195122,9.75609756097561,83.23170731707317,9.451219512195122,73.78048780487805
W00001451,164,37,16,21,127,12,115,22.5609756097561,9.75609756097561,12.804878048780488,77.4390243902439,7.317073170731707,70.1219512195122
W00001452,243,38,14,24,205,24,181,15.637860082304528,5.761316872427984,9.876543209876543,84.36213991769547,9.876543209876543,74.48559670781893
W00001453,264,33,11,22,231,22,209,12.5,4.166666666666666,8.333333333333332,87.5,8.333333333333332,79.16666666666666
W00001454,125,22,6,16,103,9,94,17.599999999999998,4.8,12.8,82.39999999999999,7.199999999999999,75.2
W00001455,184,50,29,21,134,10,124,27.173913043478258,15.760869565217392,11.41304347826087,72.82608695652173,5.434782608695652,67.3913043478261
W00001456,261,44,25,19,217,17,200,16.85823754789272,9.578544061302683,7.2796934865900385,83.14176245210729,6.513409961685824,76.62835249042146
W00001457,337,52,21,31,285,32,253,15.43026706231454,6.231454005934718,9.198813056379821,84.56973293768546,9.495548961424333,75.07418397626114
W00001458,284,49,19,30,235,25,210,17.253521126760564,6.690140845070422,10.56338028169014,82.74647887323944,8.80281690140845,73.94366197183099
W00001459,353,49,17,32,304,32,272,13.881019830028329,4.815864022662889,9.06515580736544,86.11898016997166,9.06515580736544,77.05382436260622
W00001460,274,49,21,28,225,22,203,17.88321167883212,7.664233576642336,10.218978102189782,82.11678832116789,8.02919708029197,74.08759124087592
W00001461,293,49,24,25,244,31,213,16.723549488054605,8.19112627986348,8.532423208191126,83.27645051194538,10.580204778156997,72.6962457337884
W00001462,424,72,22,50,352,41,311,16.9811320754717,5.188679245283019,11.79245283018868,83.01886792452831,9.669811320754718,73.34905660377359
W00001463,395,60,25,35,335,31,304,15.18987341772152,6.329113924050633,8.860759493670885,84.81012658227847,7.848101265822785,76.9620253164557
W00001464,227,67,32,35,160,19,141,29.515418502202646,14.096916299559473,15.418502202643172,70.48458149779736,8.370044052863436,62.11453744493392
W00001465,236,28,12,16,208,23,185,11.864406779661017,5.084745762711865,6.779661016949152,88.13559322033898,9.745762711864407,78.38983050847457
W00001466,213,41,7,34,172,22,150,19.248826291079812,3.286384976525822,15.96244131455399,80.75117370892019,10.328638497652582,70.4225352112676
W00001467,302,61,33,28,241,13,228,20.198675496688743,10.927152317880795,9.271523178807946,79.80132450331125,4.304635761589404,75.49668874172185
W00001468,299,67,27,40,232,17,215,22.40802675585284,9.03010033444816,13.377926421404682,77.59197324414716,5.68561872909699,71.90635451505017
W00001469,243,50,26,24,193,16,177,20.5761316872428,10.699588477366255,9.876543209876543,79.42386831275721,6.584362139917696,72.8395061728395
W00001470,293,63,29,34,230,16,214,21.501706484641637,9.897610921501707,11.604095563139932,78.49829351535837,5.460750853242321,73.03754266211604
W00001471,227,48,26,22,179,16,163,21.145374449339208,11.45374449339207,9.691629955947137,78.8546255506608,7.048458149779736,71.80616740088107
W00001472,293,65,29,36,228,13,215,22.18430034129693,9.897610921501707,12.286689419795222,77.81569965870307,4.436860068259386,73.37883959044369
W00001473,344,65,33,32,279,19,260,18.8953488372093,9.593023255813954,9.30232558139535,81.1046511627907,5.523255813953488,75.5813953488372
W00001474,301,69,30,39,232,15,217,22.92358803986711,9.966777408637874,12.956810631229235,77.0764119601329,4.983388704318937,72.09302325581395
W00001475,228,73,39,34,155,8,147,32.01754385964912,17.105263157894736,14.912280701754385,67.98245614035088,3.508771929824561,64.47368421052632
W00001476,369,60,29,31,309,21,288,16.260162601626014,7.8590785907859075,8.401084010840108,83.73983739837398,5.691056910569105,78.04878048780488
W00001477,238,67,35,32,171,17,154,28.15126050420168,14.705882352941178,13.445378151260504,71.84873949579831,7.142857142857142,64.70588235294117
W00001478,324,83,40,43,241,18,223,25.617283950617285,12.345679012345679,13.271604938271606,74.38271604938271,5.555555555555555,68.82716049382715
W00001479,308,44,15,29,264,19,245,14.285714285714285,4.870129870129871,9.415584415584416,85.71428571428571,6.1688311688311686,79.54545454545455
W00001480,351,74,30,44,277,14,263,21.082621082621085,8.547008547008547,12.535612535612536,78.91737891737893,3.9886039886039883,74.92877492877493
W00001481,296,29,10,19,267,23,244,9.797297297297296,3.3783783783783785,6.418918918918918,90.2027027027027,7.77027027027027,82.43243243243244
W00001482,327,74,31,43,253,13,240,22.629969418960243,9.480122324159021,13.149847094801222,77.37003058103976,3.9755351681957185,73.39449541284404
W00001483,286,21,11,10,265,17,248,7.3426573426573425,3.8461538461538463,3.4965034965034967,92.65734265734265,5.944055944055944,86.7132867132867
W00001484,304,48,16,32,256,21,235,15.789473684210526,5.263157894736842,10.526315789473683,84.21052631578947,6.907894736842106,77.30263157894737
W00001485,322,37,11,26,285,14,271,11.490683229813664,3.4161490683229814,8.074534161490684,88.50931677018633,4.3478260869565215,84.16149068322981
W00001486,332,78,46,32,254,14,240,23.49397590361446,13.855421686746988,9.63855421686747,76.50602409638554,4.216867469879518,72.28915662650603
W00001487,278,52,23,29,226,23,203,18.705035971223023,8.273381294964029,10.431654676258994,81.29496402877699,8.273381294964029,73.02158273381295
W00001488,303,51,19,32,252,22,230,16.831683168316832,6.270627062706271,10.561056105610561,83.16831683168317,7.2607260726072615,75.9075907590759
W00001489,483,42,15,27,441,28,413,8.695652173913043,3.1055900621118013,5.590062111801243,91.30434782608695,5.797101449275362,85.5072463768116
W00001490,309,47,19,28,262,13,249,15.210355987055015,6.148867313915858,9.06148867313916,84.78964401294499,4.207119741100324,80.58252427184466
W00001491,154,64,43,21,90,7,83,41.55844155844156,27.92207792207792,13.636363636363635,58.44155844155844,4.545454545454546,53.896103896103895
W00001492,289,54,19,35,235,14,221,18.685121107266436,6.5743944636678195,12.110726643598616,81.31487889273356,4.844290657439446,76.47058823529412
W00001493,300,40,18,22,260,19,241,13.333333333333334,6,7.333333333333333,86.66666666666667,6.333333333333334,80.33333333333333
W00001494,312,60,32,28,252,14,238,19.230769230769234,10.256410256410255,8.974358974358974,80.76923076923077,4.487179487179487,76.28205128205127
W00001495,288,43,13,30,245,21,224,14.930555555555555,4.513888888888888,10.416666666666668,85.06944444444444,7.291666666666667,77.77777777777779
W00001496,244,51,22,29,193,18,175,20.901639344262296,9.01639344262295,11.885245901639344,79.09836065573771,7.377049180327869,71.72131147540983
W00001497,339,61,28,33,278,26,252,17.99410029498525,8.259587020648967,9.734513274336283,82.00589970501476,7.669616519174041,74.33628318584071
W00001498,236,68,32,36,168,9,159,28.8135593220339,13.559322033898304,15.254237288135593,71.1864406779661,3.8135593220338984,67.37288135593221
W00001500,289,48,21,27,241,17,224,16.608996539792386,7.26643598615917,9.342560553633218,83.39100346020761,5.88235294117647,77.50865051903114
W00001501,346,41,15,26,305,19,286,11.849710982658959,4.335260115606936,7.514450867052023,88.15028901734104,5.491329479768786,82.65895953757226
W00001502,282,58,24,34,224,23,201,20.56737588652482,8.51063829787234,12.056737588652481,79.43262411347519,8.156028368794328,71.27659574468085
W00001503,236,55,20,35,181,17,164,23.30508474576271,8.47457627118644,14.83050847457627,76.69491525423729,7.203389830508475,69.49152542372882
W00001504,262,37,20,17,225,15,210,14.122137404580155,7.633587786259542,6.488549618320611,85.87786259541986,5.7251908396946565,80.1526717557252
W00001505,302,49,21,28,253,20,233,16.225165562913908,6.95364238410596,9.271523178807946,83.77483443708608,6.622516556291391,77.15231788079471
W00001506,315,109,54,55,206,15,191,34.6031746031746,17.142857142857142,17.46031746031746,65.39682539682539,4.761904761904762,60.63492063492063
W00001507,319,30,14,16,289,23,266,9.404388714733543,4.38871473354232,5.015673981191222,90.59561128526646,7.210031347962382,83.38557993730407
W00001508,433,40,10,30,393,31,362,9.237875288683602,2.3094688221709005,6.928406466512701,90.76212471131639,7.159353348729793,83.60277136258661
W00001509,330,30,11,19,300,19,281,9.090909090909092,3.3333333333333335,5.757575757575758,90.9090909090909,5.757575757575758,85.15151515151516
W00001510,523,53,19,34,470,46,424,10.133843212237094,3.632887189292543,6.5009560229445515,89.8661567877629,8.795411089866157,81.07074569789675
W00001511,300,52,23,29,248,19,229,17.333333333333336,7.666666666666666,9.666666666666666,82.66666666666667,6.333333333333334,76.33333333333333
W00001512,261,44,18,26,217,23,194,16.85823754789272,6.896551724137931,9.961685823754788,83.14176245210729,8.812260536398467,74.32950191570882
W00001513,313,51,25,26,262,29,233,16.293929712460063,7.987220447284344,8.30670926517572,83.70607028753993,9.26517571884984,74.4408945686901
W00001514,314,52,24,28,262,21,241,16.560509554140125,7.643312101910828,8.9171974522293,83.43949044585987,6.687898089171974,76.75159235668791
W00001515,466,69,27,42,397,26,371,14.806866952789699,5.793991416309012,9.012875536480687,85.1931330472103,5.579399141630901,79.6137339055794
W00001516,331,75,29,46,256,25,231,22.658610271903324,8.761329305135952,13.897280966767372,77.34138972809667,7.552870090634441,69.78851963746223
W00001517,380,46,22,24,334,25,309,12.105263157894736,5.7894736842105265,6.315789473684211,87.89473684210526,6.578947368421052,81.3157894736842
W00001518,254,53,30,23,201,9,192,20.866141732283463,11.811023622047244,9.05511811023622,79.13385826771653,3.543307086614173,75.59055118110236
W00001519,281,53,26,27,228,25,203,18.86120996441281,9.252669039145907,9.608540925266903,81.13879003558719,8.896797153024911,72.24199288256227
W00001520,345,46,17,29,299,32,267,13.333333333333334,4.9275362318840585,8.405797101449275,86.66666666666667,9.27536231884058,77.39130434782608
W00001521,432,68,19,49,364,36,328,15.74074074074074,4.398148148148148,11.342592592592593,84.25925925925925,8.333333333333332,75.92592592592592
W00001522,304,30,12,18,274,23,251,9.868421052631579,3.9473684210526314,5.921052631578947,90.13157894736842,7.565789473684211,82.56578947368422
W00001523,330,54,26,28,276,25,251,16.363636363636363,7.878787878787878,8.484848484848486,83.63636363636363,7.575757575757576,76.06060606060606
W00001524,363,36,12,24,327,25,302,9.917355371900827,3.3057851239669422,6.6115702479338845,90.08264462809917,6.887052341597796,83.19559228650138
W00001525,344,56,23,33,288,25,263,16.27906976744186,6.686046511627906,9.593023255813954,83.72093023255815,7.267441860465117,76.45348837209302
W00001526,423,45,21,24,378,38,340,10.638297872340425,4.964539007092199,5.673758865248227,89.36170212765957,8.983451536643026,80.37825059101655
W00001527,354,51,23,28,303,25,278,14.40677966101695,6.497175141242938,7.909604519774012,85.59322033898306,7.062146892655368,78.53107344632768
W00001528,302,57,39,18,245,35,210,18.874172185430464,12.91390728476821,5.960264900662252,81.12582781456953,11.589403973509933,69.5364238410596
W00001530,316,44,19,25,272,23,249,13.924050632911392,6.012658227848101,7.9113924050632916,86.07594936708861,7.2784810126582276,78.79746835443038
W00001531,416,38,16,22,378,32,346,9.134615384615383,3.8461538461538463,5.288461538461538,90.86538461538461,7.6923076923076925,83.17307692307693
W00001532,389,63,34,29,326,26,300,16.195372750642672,8.740359897172237,7.455012853470437,83.80462724935732,6.683804627249357,77.12082262210797
W00001533,347,32,11,21,315,22,293,9.221902017291066,3.170028818443804,6.051873198847262,90.77809798270894,6.340057636887608,84.43804034582134
W00001534,206,40,18,22,166,16,150,19.41747572815534,8.737864077669903,10.679611650485436,80.58252427184466,7.766990291262135,72.81553398058253
W00001535,485,115,60,55,370,28,342,23.711340206185564,12.371134020618557,11.34020618556701,76.28865979381443,5.77319587628866,70.51546391752578
W00001536,242,66,35,31,176,24,152,27.27272727272727,14.46280991735537,12.8099173553719,72.72727272727273,9.917355371900827,62.8099173553719
W00001537,177,42,23,19,135,14,121,23.728813559322035,12.994350282485875,10.734463276836157,76.27118644067797,7.909604519774012,68.36158192090396
W00001538,289,66,36,30,223,15,208,22.837370242214533,12.45674740484429,10.380622837370241,77.16262975778547,5.190311418685121,71.97231833910035
W00001539,206,59,34,25,147,17,130,28.640776699029125,16.50485436893204,12.135922330097088,71.35922330097088,8.25242718446602,63.10679611650486
W00001540,355,71,40,31,284,18,266,20,11.267605633802818,8.732394366197182,80,5.070422535211268,74.92957746478874
W00001541,126,47,28,19,79,3,76,37.301587301587304,22.22222222222222,15.079365079365079,62.698412698412696,2.380952380952381,60.317460317460316
W00001542,322,73,41,32,249,13,236,22.67080745341615,12.732919254658384,9.937888198757763,77.32919254658384,4.037267080745342,73.29192546583852
W00001543,181,51,19,32,130,8,122,28.176795580110497,10.497237569060774,17.67955801104972,71.8232044198895,4.41988950276243,67.40331491712708
W00001544,157,53,34,19,104,7,97,33.75796178343949,21.656050955414013,12.101910828025478,66.2420382165605,4.45859872611465,61.78343949044586
W00001545,313,71,30,41,242,9,233,22.683706070287542,9.584664536741213,13.099041533546327,77.31629392971246,2.8753993610223643,74.4408945686901
W00001546,289,64,37,27,225,16,209,22.145328719723185,12.802768166089965,9.342560553633218,77.85467128027682,5.536332179930796,72.31833910034602
W00001547,329,81,50,31,248,21,227,24.620060790273556,15.19756838905775,9.422492401215806,75.37993920972644,6.382978723404255,68.9969604863222
W00001548,255,73,41,32,182,10,172,28.627450980392155,16.07843137254902,12.549019607843137,71.37254901960785,3.9215686274509802,67.45098039215686
W00001549,333,78,36,42,255,16,239,23.423423423423422,10.81081081081081,12.612612612612612,76.57657657657657,4.804804804804805,71.77177177177178
W00001550,422,53,26,27,369,24,345,12.559241706161137,6.161137440758294,6.398104265402843,87.44075829383885,5.687203791469194,81.75355450236967
W00001551,240,40,18,22,200,20,180,16.666666666666664,7.5,9.166666666666666,83.33333333333334,8.333333333333332,75
W00001552,291,98,57,41,193,17,176,33.67697594501718,19.587628865979383,14.0893470790378,66.32302405498281,5.841924398625429,60.48109965635739
W00001553,308,61,33,28,247,12,235,19.805194805194805,10.714285714285714,9.090909090909092,80.1948051948052,3.896103896103896,76.2987012987013
W00001554,221,46,28,18,175,16,159,20.81447963800905,12.669683257918551,8.144796380090497,79.18552036199095,7.239819004524888,71.94570135746606
W00001555,354,36,21,15,318,28,290,10.16949152542373,5.932203389830509,4.23728813559322,89.83050847457628,7.909604519774012,81.92090395480226
W00001556,331,68,33,35,263,16,247,20.54380664652568,9.969788519637463,10.574018126888216,79.45619335347432,4.833836858006042,74.62235649546828
W00001557,263,41,21,20,222,26,196,15.5893536121673,7.984790874524715,7.604562737642586,84.4106463878327,9.885931558935361,74.52471482889734
W00001558,257,43,16,27,214,12,202,16.731517509727624,6.22568093385214,10.505836575875486,83.26848249027238,4.669260700389105,78.59922178988327
W00001559,331,56,29,27,275,20,255,16.91842900302115,8.761329305135952,8.157099697885197,83.08157099697885,6.042296072507553,77.0392749244713
W00001560,272,42,22,20,230,7,223,15.441176470588236,8.088235294117647,7.352941176470589,84.55882352941177,2.5735294117647056,81.98529411764706
W00001561,214,97,60,37,117,10,107,45.32710280373832,28.037383177570092,17.289719626168225,54.67289719626168,4.672897196261682,50
W00001562,131,69,38,31,62,5,57,52.67175572519084,29.00763358778626,23.66412213740458,47.32824427480916,3.816793893129771,43.51145038167939
W00001563,294,59,30,29,235,21,214,20.068027210884352,10.204081632653061,9.863945578231291,79.93197278911565,7.142857142857142,72.78911564625851
W00001565,325,76,36,40,249,17,232,23.384615384615383,11.076923076923077,12.307692307692308,76.61538461538461,5.230769230769231,71.38461538461539
W00001566,337,54,28,26,283,20,263,16.023738872403563,8.30860534124629,7.71513353115727,83.97626112759644,5.934718100890208,78.04154302670622
W00001567,462,141,80,61,321,12,309,30.519480519480517,17.316017316017316,13.203463203463203,69.48051948051948,2.5974025974025974,66.88311688311688
W00001568,350,67,24,43,283,18,265,19.142857142857142,6.857142857142858,12.285714285714286,80.85714285714286,5.142857142857142,75.71428571428571
W00001569,325,74,34,40,251,14,237,22.76923076923077,10.461538461538462,12.307692307692308,77.23076923076924,4.3076923076923075,72.92307692307692
W00001570,328,55,27,28,273,16,257,16.76829268292683,8.231707317073171,8.536585365853659,83.23170731707317,4.878048780487805,78.35365853658537
W00001572,201,40,16,24,161,13,148,19.900497512437813,7.960199004975125,11.940298507462686,80.09950248756219,6.467661691542288,73.6318407960199
W00001573,558,92,36,56,466,36,430,16.48745519713262,6.451612903225806,10.03584229390681,83.51254480286738,6.451612903225806,77.06093189964157
W00001574,245,48,20,28,197,17,180,19.591836734693878,8.16326530612245,11.428571428571429,80.40816326530611,6.938775510204081,73.46938775510205
W00001575,130,25,17,8,105,9,96,19.230769230769234,13.076923076923078,6.153846153846154,80.76923076923077,6.923076923076923,73.84615384615385
W00001576,357,59,20,39,298,31,267,16.5266106442577,5.602240896358544,10.92436974789916,83.4733893557423,8.683473389355742,74.78991596638656
W00001577,458,129,103,26,329,25,304,28.16593886462882,22.489082969432314,5.676855895196507,71.83406113537117,5.458515283842795,66.37554585152839
W00001578,283,61,20,41,222,22,200,21.554770318021202,7.06713780918728,14.487632508833922,78.4452296819788,7.773851590106007,70.6713780918728
W00001579,310,58,21,37,252,14,238,18.70967741935484,6.774193548387098,11.935483870967742,81.29032258064515,4.516129032258064,76.77419354838709
W00001580,340,63,25,38,277,18,259,18.529411764705884,7.352941176470589,11.176470588235295,81.47058823529412,5.294117647058823,76.17647058823529
W00001581,327,50,22,28,277,21,256,15.29051987767584,6.727828746177369,8.56269113149847,84.70948012232415,6.422018348623854,78.2874617737003
W00001582,444,95,47,48,349,37,312,21.396396396396398,10.585585585585585,10.81081081081081,78.6036036036036,8.333333333333332,70.27027027027027
W00001583,434,145,100,45,289,28,261,33.41013824884793,23.04147465437788,10.368663594470046,66.58986175115207,6.451612903225806,60.13824884792627
W00001584,362,75,34,41,287,28,259,20.718232044198896,9.392265193370166,11.32596685082873,79.28176795580112,7.734806629834254,71.54696132596685
W00001585,198,72,40,32,126,11,115,36.36363636363637,20.2020202020202,16.161616161616163,63.63636363636363,5.555555555555555,58.080808080808076
W00001586,293,93,56,37,200,11,189,31.74061433447099,19.112627986348123,12.627986348122866,68.25938566552901,3.754266211604096,64.50511945392492
W00001587,300,48,28,20,252,22,230,16,9.333333333333334,6.666666666666667,84,7.333333333333333,76.66666666666667
W00001588,315,58,25,33,257,17,240,18.412698412698415,7.936507936507936,10.476190476190476,81.58730158730158,5.396825396825397,76.19047619047619
W00001589,323,67,32,35,256,21,235,20.743034055727556,9.907120743034056,10.8359133126935,79.25696594427245,6.5015479876160995,72.75541795665634
W00001590,255,41,16,25,214,12,202,16.07843137254902,6.2745098039215685,9.803921568627452,83.92156862745098,4.705882352941177,79.2156862745098
W00001591,302,90,44,46,212,7,205,29.80132450331126,14.56953642384106,15.2317880794702,70.19867549668875,2.3178807947019866,67.88079470198676
W00001592,259,92,47,45,167,11,156,35.521235521235525,18.146718146718147,17.374517374517374,64.47876447876449,4.247104247104247,60.231660231660236
W00001593,188,50,25,25,138,11,127,26.595744680851062,13.297872340425531,13.297872340425531,73.40425531914893,5.851063829787234,67.5531914893617
W00001594,204,67,32,35,137,12,125,32.84313725490196,15.686274509803921,17.15686274509804,67.15686274509804,5.88235294117647,61.274509803921575
W00001595,308,68,27,41,240,15,225,22.07792207792208,8.766233766233766,13.311688311688311,77.92207792207793,4.870129870129871,73.05194805194806
W00001596,275,65,27,38,210,17,193,23.636363636363637,9.818181818181818,13.818181818181818,76.36363636363637,6.181818181818182,70.18181818181817
W00001597,247,58,27,31,189,16,173,23.481781376518217,10.931174089068826,12.550607287449392,76.51821862348179,6.477732793522267,70.04048582995951
W00001598,290,44,14,30,246,24,222,15.172413793103448,4.827586206896552,10.344827586206897,84.82758620689656,8.275862068965518,76.55172413793103
W00001599,255,39,14,25,216,27,189,15.294117647058824,5.490196078431373,9.803921568627452,84.70588235294117,10.588235294117647,74.11764705882354
W00001600,230,53,17,36,177,17,160,23.043478260869566,7.391304347826087,15.65217391304348,76.95652173913044,7.391304347826087,69.56521739130434
W00001601,326,74,28,46,252,35,217,22.699386503067483,8.588957055214724,14.11042944785276,77.30061349693251,10.736196319018406,66.56441717791411
W00001602,258,64,28,36,194,28,166,24.8062015503876,10.852713178294573,13.953488372093023,75.1937984496124,10.852713178294573,64.34108527131784
W00001603,205,45,17,28,160,8,152,21.951219512195124,8.292682926829269,13.658536585365855,78.04878048780488,3.902439024390244,74.14634146341463
W00001604,323,55,22,33,268,38,230,17.027863777089784,6.811145510835913,10.21671826625387,82.97213622291022,11.76470588235294,71.20743034055728
W00001605,524,74,28,46,450,39,411,14.122137404580155,5.343511450381679,8.778625954198473,85.87786259541986,7.442748091603053,78.43511450381679
W00001608,160,32,12,20,128,20,108,20,7.5,12.5,80,12.5,67.5
W00001609,318,41,18,23,277,27,250,12.89308176100629,5.660377358490567,7.232704402515723,87.10691823899371,8.49056603773585,78.61635220125787
W00001610,230,41,19,22,189,8,181,17.82608695652174,8.26086956521739,9.565217391304348,82.17391304347827,3.4782608695652173,78.69565217391305
W00001611,248,65,27,38,183,21,162,26.209677419354836,10.887096774193548,15.32258064516129,73.79032258064517,8.46774193548387,65.32258064516128
W00001612,339,48,21,27,291,25,266,14.15929203539823,6.1946902654867255,7.964601769911504,85.84070796460178,7.374631268436578,78.46607669616519
W00001613,355,88,32,56,267,21,246,24.788732394366196,9.014084507042254,15.774647887323944,75.21126760563381,5.915492957746479,69.29577464788733
W00001614,289,57,23,34,232,27,205,19.72318339100346,7.958477508650519,11.76470588235294,80.27681660899654,9.342560553633218,70.93425605536332
W00001615,281,28,9,19,253,27,226,9.9644128113879,3.202846975088968,6.761565836298933,90.0355871886121,9.608540925266903,80.42704626334519
W00001616,207,65,29,36,142,17,125,31.40096618357488,14.009661835748794,17.391304347826086,68.59903381642512,8.212560386473431,60.38647342995169
W00001617,503,73,23,50,430,33,397,14.512922465208748,4.572564612326044,9.940357852882704,85.48707753479125,6.560636182902585,78.92644135188867
W00001618,280,43,20,23,237,23,214,15.357142857142858,7.142857142857142,8.214285714285714,84.64285714285714,8.214285714285714,76.42857142857142
W00001619,300,38,13,25,262,24,238,12.666666666666668,4.333333333333334,8.333333333333332,87.33333333333333,8,79.33333333333333
W00001620,211,45,21,24,166,12,154,21.32701421800948,9.95260663507109,11.374407582938389,78.67298578199052,5.687203791469194,72.98578199052133
W00001621,222,48,19,29,174,19,155,21.62162162162162,8.558558558558559,13.063063063063062,78.37837837837837,8.558558558558559,69.81981981981981
W00001622,254,50,23,27,204,22,182,19.68503937007874,9.05511811023622,10.62992125984252,80.31496062992126,8.661417322834646,71.65354330708661
W00001623,160,29,12,17,131,12,119,18.125,7.5,10.625,81.875,7.5,74.375
W00001624,322,52,26,26,270,23,247,16.149068322981368,8.074534161490684,8.074534161490684,83.85093167701864,7.142857142857142,76.70807453416148
W00001625,392,47,17,30,345,35,310,11.989795918367346,4.336734693877551,7.653061224489796,88.01020408163265,8.928571428571429,79.08163265306123
W00001626,419,45,20,25,374,41,333,10.739856801909307,4.77326968973747,5.966587112171838,89.26014319809069,9.785202863961814,79.47494033412887
W00001627,263,43,16,27,220,24,196,16.34980988593156,6.083650190114068,10.26615969581749,83.65019011406845,9.125475285171103,74.52471482889734
W00001628,333,37,16,21,296,26,270,11.11111111111111,4.804804804804805,6.306306306306306,88.88888888888889,7.807807807807808,81.08108108108108
W00001629,410,108,52,56,302,13,289,26.34146341463415,12.682926829268293,13.658536585365855,73.65853658536585,3.1707317073170733,70.48780487804878
W00001630,231,57,27,30,174,14,160,24.675324675324674,11.688311688311687,12.987012987012985,75.32467532467533,6.0606060606060606,69.26406926406926
W00001631,316,81,44,37,235,26,209,25.63291139240506,13.924050632911392,11.708860759493671,74.36708860759494,8.227848101265822,66.13924050632912
W00001632,299,114,59,55,185,24,161,38.12709030100335,19.732441471571907,18.394648829431436,61.87290969899666,8.02675585284281,53.84615384615385
W00001633,300,78,35,43,222,11,211,26,11.666666666666666,14.333333333333334,74,3.6666666666666665,70.33333333333334
W00001634,339,100,64,36,239,13,226,29.49852507374631,18.87905604719764,10.619469026548673,70.50147492625368,3.8348082595870205,66.66666666666666
W00001635,177,65,37,28,112,11,101,36.72316384180791,20.903954802259886,15.819209039548024,63.2768361581921,6.214689265536723,57.06214689265536
W00001636,485,93,44,49,392,34,358,19.175257731958766,9.072164948453608,10.103092783505154,80.82474226804123,7.010309278350515,73.81443298969073
W00001637,274,32,13,19,242,21,221,11.678832116788321,4.744525547445255,6.934306569343065,88.32116788321169,7.664233576642336,80.65693430656934
W00001638,266,61,34,27,205,17,188,22.932330827067666,12.781954887218044,10.150375939849624,77.06766917293233,6.390977443609022,70.67669172932331
W00001639,270,70,39,31,200,12,188,25.925925925925924,14.444444444444443,11.481481481481481,74.07407407407408,4.444444444444445,69.62962962962963
W00001640,281,66,21,45,215,12,203,23.487544483985765,7.473309608540925,16.014234875444842,76.51245551601423,4.270462633451958,72.24199288256227
W00001641,347,53,25,28,294,31,263,15.273775216138327,7.204610951008646,8.069164265129682,84.72622478386167,8.93371757925072,75.79250720461094
W00001642,311,81,34,47,230,10,220,26.04501607717042,10.932475884244374,15.112540192926044,73.95498392282958,3.215434083601286,70.7395498392283
W00001643,434,66,26,40,368,30,338,15.207373271889402,5.990783410138248,9.216589861751153,84.7926267281106,6.912442396313365,77.88018433179722
W00001644,313,60,29,31,253,29,224,19.169329073482427,9.26517571884984,9.904153354632587,80.83067092651757,9.26517571884984,71.56549520766772
W00001645,359,82,46,36,277,15,262,22.841225626740947,12.813370473537605,10.027855153203342,77.15877437325905,4.178272980501393,72.98050139275766
W00001646,296,70,34,36,226,15,211,23.64864864864865,11.486486486486488,12.162162162162163,76.35135135135135,5.0675675675675675,71.28378378378379
W00001647,339,62,21,41,277,25,252,18.289085545722713,6.1946902654867255,12.094395280235988,81.71091445427729,7.374631268436578,74.33628318584071
W00001648,391,79,36,43,312,34,278,20.20460358056266,9.207161125319693,10.997442455242968,79.79539641943734,8.695652173913043,71.0997442455243
W00001649,310,47,24,23,263,21,242,15.161290322580644,7.741935483870968,7.419354838709677,84.83870967741936,6.774193548387098,78.06451612903226
W00001650,264,60,24,36,204,17,187,22.727272727272727,9.090909090909092,13.636363636363635,77.27272727272727,6.4393939393939394,70.83333333333334
W00001651,316,49,23,26,267,22,245,15.50632911392405,7.2784810126582276,8.227848101265822,84.49367088607595,6.962025316455696,77.53164556962025
W00001652,215,48,21,27,167,19,148,22.325581395348838,9.767441860465116,12.558139534883722,77.67441860465117,8.837209302325581,68.83720930232559
W00001653,208,27,7,20,181,12,169,12.980769230769232,3.3653846153846154,9.615384615384617,87.01923076923077,5.769230769230769,81.25
W00001654,289,38,19,19,251,20,231,13.148788927335639,6.5743944636678195,6.5743944636678195,86.85121107266436,6.920415224913495,79.93079584775087
W00001655,429,59,19,40,370,33,337,13.752913752913754,4.428904428904429,9.324009324009324,86.24708624708624,7.6923076923076925,78.55477855477857
W00001656,281,57,36,21,224,25,199,20.284697508896798,12.811387900355871,7.473309608540925,79.7153024911032,8.896797153024911,70.8185053380783
W00001657,294,64,31,33,230,21,209,21.768707482993197,10.54421768707483,11.224489795918368,78.2312925170068,7.142857142857142,71.08843537414967
W00001658,304,67,25,42,237,25,212,22.039473684210524,8.223684210526317,13.815789473684212,77.96052631578947,8.223684210526317,69.73684210526315
W00001659,265,49,16,33,216,13,203,18.49056603773585,6.037735849056604,12.452830188679245,81.50943396226415,4.905660377358491,76.60377358490567
W00001660,280,58,22,36,222,24,198,20.714285714285715,7.857142857142857,12.857142857142856,79.28571428571428,8.571428571428571,70.71428571428572
W00001661,337,48,20,28,289,29,260,14.243323442136498,5.934718100890208,8.30860534124629,85.7566765578635,8.605341246290802,77.1513353115727
W00001662,263,79,45,34,184,11,173,30.038022813688215,17.110266159695815,12.927756653992395,69.96197718631178,4.182509505703422,65.77946768060836
W00001663,296,60,32,28,236,18,218,20.27027027027027,10.81081081081081,9.45945945945946,79.72972972972973,6.081081081081082,73.64864864864865
W00001664,376,70,24,46,306,37,269,18.617021276595743,6.382978723404255,12.23404255319149,81.38297872340425,9.840425531914894,71.54255319148936
W00001665,201,36,12,24,165,14,151,17.91044776119403,5.970149253731343,11.940298507462686,82.08955223880598,6.965174129353234,75.12437810945273
W00001666,226,30,11,19,196,18,178,13.274336283185843,4.867256637168142,8.4070796460177,86.72566371681415,7.964601769911504,78.76106194690266
W00001667,379,90,47,43,289,36,253,23.7467018469657,12.401055408970976,11.345646437994723,76.2532981530343,9.498680738786279,66.75461741424802
W00001668,298,53,22,31,245,14,231,17.78523489932886,7.38255033557047,10.40268456375839,82.21476510067114,4.697986577181208,77.51677852348993
W00001669,352,57,20,37,295,23,272,16.193181818181817,5.681818181818182,10.511363636363637,83.80681818181817,6.534090909090909,77.27272727272727
W00001670,417,43,17,26,374,29,345,10.311750599520384,4.07673860911271,6.235011990407674,89.68824940047962,6.954436450839328,82.73381294964028
W00001671,262,41,12,29,221,22,199,15.648854961832063,4.580152671755725,11.068702290076336,84.35114503816794,8.396946564885496,75.95419847328245
W00001672,288,51,16,35,237,27,210,17.708333333333336,5.555555555555555,12.152777777777777,82.29166666666666,9.375,72.91666666666666
W00001674,310,49,19,30,261,28,233,15.806451612903224,6.129032258064516,9.67741935483871,84.19354838709677,9.032258064516128,75.16129032258064
W00001675,311,35,13,22,276,23,253,11.254019292604502,4.180064308681672,7.07395498392283,88.7459807073955,7.395498392282958,81.35048231511254
W00001676,259,56,23,33,203,20,183,21.62162162162162,8.880308880308881,12.741312741312742,78.37837837837837,7.722007722007722,70.65637065637065
W00001677,298,60,29,31,238,20,218,20.13422818791946,9.731543624161073,10.40268456375839,79.86577181208054,6.7114093959731544,73.15436241610739
W00001678,247,56,20,36,191,13,178,22.672064777327936,8.097165991902834,14.5748987854251,77.32793522267207,5.263157894736842,72.06477732793523
W00001679,205,66,36,30,139,11,128,32.19512195121951,17.560975609756095,14.634146341463413,67.8048780487805,5.365853658536586,62.4390243902439
W00001680,374,78,30,48,296,20,276,20.855614973262032,8.0213903743315509,12.834224598930483,79.14438502673798,5.347593582887701,73.79679144385027
W00001681,332,89,41,48,243,15,228,26.80722891566265,12.349397590361445,14.457831325301203,73.19277108433735,4.518072289156627,68.67469879518072
W00001683,248,60,29,31,188,27,161,24.193548387096776,11.693548387096774,12.5,75.80645161290323,10.887096774193548,64.91935483870968
W00001684,302,85,36,49,217,15,202,28.14569536423841,11.920529801324504,16.225165562913908,71.8543046357616,4.966887417218543,66.88741721854305
W00001685,277,58,21,37,219,15,204,20.938628158844764,7.581227436823104,13.357400722021662,79.06137184115524,5.415162454873646,73.6462093862816
W00001686,265,65,27,38,200,30,170,24.528301886792452,10.18867924528302,14.339622641509434,75.47169811320755,11.320754716981133,64.15094339622641
W00001687,278,47,22,25,231,26,205,16.906474820143885,7.913669064748201,8.992805755395683,83.09352517985612,9.352517985611511,73.7410071942446
W00001688,272,64,28,36,208,26,182,23.52941176470588,10.294117647058822,13.23529411764706,76.47058823529412,9.558823529411764,66.91176470588235
W00001689,305,47,15,32,258,32,226,15.40983606557377,4.918032786885246,10.491803278688524,84.59016393442623,10.491803278688524,74.09836065573771
W00001690,492,76,30,46,416,36,380,15.447154471544716,6.097560975609756,9.34959349593496,84.5528455284553,7.317073170731707,77.23577235772358
W00001691,287,90,40,50,197,24,173,31.3588850174216,13.937282229965156,17.421602787456447,68.6411149825784,8.362369337979095,60.278745644599304
W00001692,301,76,41,35,225,26,199,25.249169435215947,13.621262458471762,11.627906976744185,74.75083056478405,8.637873754152823,66.11295681063123
W00001693,245,52,20,32,193,18,175,21.224489795918366,8.16326530612245,13.061224489795919,78.77551020408163,7.346938775510205,71.42857142857143
W00001694,341,74,29,45,267,32,235,21.700879765395893,8.504398826979472,13.196480938416421,78.2991202346041,9.3841642228739,68.91495601173021
W00001695,289,48,19,29,241,28,213,16.608996539792386,6.5743944636678195,10.034602076124568,83.39100346020761,9.688581314878892,73.70242214532871
W00001696,259,57,28,29,202,15,187,22.00772200772201,10.81081081081081,11.196911196911197,77.99227799227799,5.7915057915057915,72.2007722007722
W00001697,215,57,19,38,158,17,141,26.51162790697674,8.837209302325581,17.674418604651162,73.48837209302326,7.906976744186046,65.58139534883722
W00001698,309,63,22,41,246,24,222,20.388349514563107,7.119741100323624,13.268608414239482,79.6116504854369,7.766990291262135,71.84466019417476
W00001699,286,40,12,28,246,35,211,13.986013986013987,4.195804195804196,9.79020979020979,86.01398601398601,12.237762237762238,73.77622377622379
W00001700,275,56,16,40,219,20,199,20.363636363636363,5.818181818181818,14.545454545454545,79.63636363636364,7.2727272727272725,72.36363636363636
W00001701,331,45,12,33,286,26,260,13.595166163141995,3.625377643504532,9.969788519637463,86.404833836858,7.854984894259818,78.54984894259819
W00001702,378,95,62,33,283,33,250,25.132275132275133,16.402116402116402,8.73015873015873,74.86772486772487,8.73015873015873,66.13756613756614
W00001703,296,34,8,26,262,20,242,11.486486486486488,2.7027027027027026,8.783783783783784,88.51351351351352,6.756756756756757,81.75675675675676
W00001704,280,38,17,21,242,33,209,13.571428571428571,6.071428571428571,7.5,86.42857142857143,11.785714285714285,74.64285714285714
W00001706,345,36,5,31,309,17,292,10.434782608695652,1.4492753623188406,8.985507246376812,89.56521739130436,4.9275362318840585,84.63768115942028
W00001707,313,75,39,36,238,11,227,23.961661341853034,12.460063897763577,11.501597444089457,76.03833865814697,3.5143769968051117,72.52396166134186
W00001708,252,95,56,39,157,16,141,37.698412698412696,22.22222222222222,15.476190476190476,62.301587301587304,6.349206349206349,55.952380952380956
W00001709,268,51,23,28,217,20,197,19.029850746268657,8.582089552238806,10.44776119402985,80.97014925373134,7.462686567164178,73.50746268656717
W00001710,278,55,22,33,223,30,193,19.784172661870503,7.913669064748201,11.870503597122301,80.2158273381295,10.79136690647482,69.42446043165468
W00001711,245,62,30,32,183,16,167,25.30612244897959,12.244897959183673,13.061224489795919,74.6938775510204,6.530612244897959,68.16326530612244
W00001712,184,62,27,35,122,15,107,33.69565217391305,14.673913043478262,19.021739130434785,66.30434782608695,8.152173913043478,58.152173913043484
W00001713,459,82,26,56,377,34,343,17.86492374727669,5.664488017429194,12.200435729847495,82.13507625272331,7.4074074074074066,74.7276688453159
W00001714,303,91,46,45,212,17,195,30.033003300330037,15.181518151815181,14.85148514851485,69.96699669966998,5.6105610561056105,64.35643564356435
W00001715,329,79,42,37,250,15,235,24.012158054711247,12.76595744680851,11.246200607902736,75.98784194528876,4.5592705167173255,71.42857142857143
W00001716,287,65,32,33,222,13,209,22.64808362369338,11.149825783972126,11.498257839721255,77.35191637630662,4.529616724738676,72.82229965156795
W00001717,463,114,53,61,349,31,318,24.622030237580994,11.447084233261338,13.174946004319654,75.377969762419,6.695464362850973,68.68250539956804
W00001718,252,53,38,15,199,20,179,21.03174603174603,15.079365079365079,5.952380952380952,78.96825396825396,7.936507936507936,71.03174603174604
W00001719,177,59,29,30,118,14,104,33.33333333333333,16.38418079096045,16.94915254237288,66.66666666666666,7.909604519774012,58.75706214689266
W00001720,245,67,38,29,178,12,166,27.346938775510203,15.510204081632653,11.83673469387755,72.6530612244898,4.8979591836734695,67.75510204081633
W00001721,274,60,36,24,214,10,204,21.897810218978105,13.138686131386862,8.75912408759124,78.1021897810219,3.64963503649635,74.45255474452554
W00001722,198,49,24,25,149,13,136,24.747474747474747,12.121212121212121,12.626262626262626,75.25252525252525,6.565656565656567,68.68686868686868
W00001723,317,64,27,37,253,25,228,20.189274447949526,8.517350157728707,11.67192429022082,79.81072555205047,7.886435331230284,71.92429022082018
W00001724,329,62,19,43,267,35,232,18.84498480243161,5.775075987841945,13.069908814589665,81.15501519756839,10.638297872340425,70.51671732522796
W00001725,269,39,6,33,230,16,214,14.49814126394052,2.2304832713754648,12.267657992565056,85.50185873605948,5.947955390334572,79.5539033457249
W00001726,171,51,23,28,120,9,111,29.82456140350877,13.450292397660817,16.374269005847953,70.17543859649122,5.263157894736842,64.91228070175438
W00001727,582,75,27,48,507,47,460,12.886597938144329,4.639175257731959,8.24742268041237,87.11340206185567,8.075601374570446,79.03780068728523
W00001728,327,90,43,47,237,27,210,27.522935779816514,13.149847094801222,14.37308868501529,72.47706422018348,8.256880733944955,64.22018348623854
W00001729,281,54,24,30,227,15,212,19.217081850533805,8.540925266903916,10.676156583629894,80.78291814946618,5.338078291814947,75.44483985765125
W00001730,242,46,10,36,196,21,175,19.00826446280992,4.132231404958678,14.87603305785124,80.99173553719008,8.677685950413224,72.31404958677686
W00001731,208,31,11,20,177,16,161,14.903846153846153,5.288461538461538,9.615384615384617,85.09615384615384,7.6923076923076925,77.40384615384616
W00001732,288,54,19,35,234,24,210,18.75,6.597222222222222,12.152777777777777,81.25,8.333333333333332,72.91666666666666
W00001733,313,46,22,24,267,29,238,14.696485623003195,7.0287539936102235,7.667731629392971,85.3035143769968,9.26517571884984,76.03833865814697
W00001734,276,48,21,27,228,25,203,17.391304347826086,7.608695652173914,9.782608695652174,82.6086956521739,9.057971014492754,73.55072463768117
W00001735,443,75,28,47,368,31,337,16.93002257336343,6.320541760722348,10.609480812641085,83.06997742663657,6.997742663656885,76.07223476297969
W00001736,303,57,26,31,246,25,221,18.81188118811881,8.58085808580858,10.231023102310232,81.1881188118812,8.25082508250825,72.93729372937293
W00001737,332,53,22,31,279,24,255,15.963855421686745,6.626506024096386,9.33734939759036,84.03614457831326,7.228915662650602,76.80722891566265
W00001738,199,40,17,23,159,20,139,20.100502512562816,8.542713567839195,11.557788944723619,79.89949748743719,10.050251256281408,69.84924623115577
W00001739,278,42,12,30,236,20,216,15.107913669064748,4.316546762589928,10.79136690647482,84.89208633093526,7.1942446043165464,77.6978417266187
W00001740,213,26,11,15,187,14,173,12.206572769953052,5.164319248826291,7.042253521126761,87.79342723004694,6.572769953051644,81.2206572769953
W00001741,287,41,15,26,246,23,223,14.285714285714285,5.2264808362369335,9.059233449477352,85.71428571428571,8.013937282229964,77.70034843205575
W00001742,414,64,26,38,350,39,311,15.458937198067632,6.280193236714976,9.178743961352657,84.54106280193237,9.420289855072465,75.1207729468599
W00001743,404,56,19,37,348,36,312,13.861386138613863,4.702970297029703,9.158415841584159,86.13861386138613,8.91089108910891,77.22772277227723
W00001745,388,76,32,44,312,32,280,19.587628865979383,8.24742268041237,11.34020618556701,80.41237113402062,8.24742268041237,72.16494845360825
W00001746,174,24,9,15,150,16,134,13.793103448275861,5.172413793103448,8.620689655172415,86.20689655172413,9.195402298850574,77.01149425287356
W00001747,186,27,11,16,159,21,138,14.516129032258066,5.913978494623656,8.60215053763441,85.48387096774194,11.29032258064516,74.19354838709677
W00001748,445,82,28,54,363,32,331,18.426966292134832,6.292134831460674,12.134831460674157,81.57303370786518,7.191011235955057,74.38202247191012
W00001749,339,66,38,28,273,31,242,19.469026548672566,11.209439528023598,8.259587020648967,80.53097345132744,9.144542772861357,71.38643067846607
W00001750,340,56,24,32,284,30,254,16.470588235294116,7.0588235294117645,9.411764705882353,83.52941176470588,8.823529411764707,74.70588235294117
W00001751,312,49,21,28,263,27,236,15.705128205128204,6.730769230769231,8.974358974358974,84.2948717948718,8.653846153846153,75.64102564102564
W00001752,363,47,18,29,316,35,281,12.947658402203857,4.958677685950414,7.988980716253444,87.05234159779614,9.641873278236915,77.41046831955923
W00001753,309,54,26,28,255,22,233,17.475728155339805,8.414239482200648,9.06148867313916,82.52427184466019,7.119741100323624,75.40453074433657
W00001754,333,35,9,26,298,30,268,10.51051051051051,2.7027027027027026,7.807807807807808,89.4894894894895,9.00900900900901,80.48048048048048
W00001756,301,54,19,35,247,23,224,17.940199335548172,6.312292358803987,11.627906976744185,82.05980066445183,7.641196013289036,74.4186046511628
W00001757,289,44,15,29,245,20,225,15.22491349480969,5.190311418685121,10.034602076124568,84.77508650519032,6.920415224913495,77.85467128027682
W00001758,537,57,18,39,480,35,445,10.614525139664805,3.35195530726257,7.262569832402235,89.3854748603352,6.517690875232775,82.86778398510242
W00001759,293,30,12,18,263,22,241,10.238907849829351,4.09556313993174,6.143344709897611,89.76109215017065,7.508532423208192,82.25255972696246
W00001760,479,114,50,64,365,33,332,23.799582463465555,10.438413361169102,13.361169102296449,76.20041753653445,6.8893528183716075,69.31106471816284
W00001761,284,44,18,26,240,16,224,15.492957746478872,6.338028169014084,9.15492957746479,84.50704225352112,5.633802816901409,78.87323943661971
W00001763,271,47,15,32,224,9,215,17.343173431734318,5.535055350553505,11.808118081180812,82.65682656826569,3.3210332103321036,79.33579335793358
W00001765,290,64,22,42,226,25,201,22.06896551724138,7.586206896551724,14.482758620689657,77.93103448275862,8.620689655172415,69.3103448275862
W00001766,257,60,28,32,197,14,183,23.346303501945524,10.894941634241246,12.45136186770428,76.65369649805449,5.447470817120623,71.20622568093385
W00001767,272,67,31,36,205,16,189,24.63235294117647,11.397058823529411,13.23529411764706,75.36764705882352,5.88235294117647,69.48529411764706
W00001768,298,50,20,30,248,20,228,16.778523489932887,6.7114093959731544,10.06711409395973,83.22147651006712,6.7114093959731544,76.51006711409396
W00001769,400,43,17,26,357,23,334,10.75,4.25,6.5,89.25,5.75,83.5
W00001770,348,81,29,52,267,27,240,23.275862068965516,8.333333333333332,14.942528735632186,76.72413793103449,7.758620689655173,68.96551724137932
W00001771,303,53,20,33,250,12,238,17.491749174917494,6.6006600660066,10.891089108910892,82.50825082508251,3.9603960396039604,78.54785478547855
W00001772,341,68,29,39,273,21,252,19.941348973607038,8.504398826979472,11.436950146627565,80.05865102639295,6.158357771260997,73.90029325513197
W00001773,246,74,41,33,172,12,160,30.081300813008134,16.666666666666664,13.414634146341465,69.91869918699187,4.878048780487805,65.04065040650406
W00001774,270,42,16,26,228,17,211,15.555555555555555,5.9259259259259265,9.62962962962963,84.44444444444444,6.296296296296296,78.14814814814814
W00001775,293,75,31,44,218,16,202,25.597269624573375,10.580204778156997,15.017064846416384,74.40273037542661,5.460750853242321,68.94197952218431
W00001776,259,52,17,35,207,21,186,20.077220077220076,6.563706563706563,13.513513513513514,79.92277992277992,8.108108108108109,71.81467181467181
W00001777,337,66,35,31,271,9,262,19.584569732937684,10.385756676557865,9.198813056379821,80.41543026706232,2.6706231454005933,77.74480712166172
W00001779,303,80,48,32,223,20,203,26.4026402640264,15.841584158415841,10.561056105610561,73.5973597359736,6.6006600660066,66.996699669967
W00001780,275,49,21,28,226,18,208,17.81818181818182,7.636363636363637,10.181818181818182,82.18181818181817,6.545454545454546,75.63636363636364
W00001781,324,64,28,36,260,13,247,19.753086419753085,8.641975308641975,11.11111111111111,80.24691358024691,4.012345679012346,76.23456790123457
W00001782,297,47,14,33,250,24,226,15.824915824915825,4.713804713804714,11.11111111111111,84.17508417508418,8.080808080808081,76.0942760942761
W00001783,446,90,36,54,356,16,340,20.179372197309416,8.071748878923767,12.10762331838565,79.82062780269058,3.587443946188341,76.23318385650224
W00001784,309,61,37,24,248,22,226,19.741100323624593,11.974110032362459,7.766990291262135,80.2588996763754,7.119741100323624,73.13915857605178
W00001785,278,91,51,40,187,17,170,32.73381294964029,18.345323741007196,14.388489208633093,67.26618705035972,6.115107913669065,61.15107913669065
W00001786,332,69,35,34,263,17,246,20.783132530120483,10.542168674698797,10.240963855421686,79.21686746987952,5.120481927710843,74.09638554216868
W00001787,291,39,13,26,252,20,232,13.402061855670103,4.4673539518900345,8.934707903780069,86.5979381443299,6.872852233676976,79.72508591065292
W00001788,474,67,30,37,407,40,367,14.135021097046414,6.329113924050633,7.805907172995781,85.86497890295358,8.438818565400844,77.42616033755274
W00001789,266,63,26,37,203,18,185,23.684210526315788,9.774436090225564,13.909774436090224,76.31578947368422,6.7669172932330826,69.54887218045113
W00001791,332,57,24,33,275,18,257,17.16867469879518,7.228915662650602,9.939759036144578,82.83132530120481,5.421686746987952,77.40963855421687
W00001792,283,54,24,30,229,20,209,19.081272084805654,8.480565371024735,10.60070671378092,80.91872791519434,7.06713780918728,73.85159010600707
W00001793,254,44,28,16,210,9,201,17.322834645669293,11.023622047244094,6.299212598425196,82.67716535433071,3.543307086614173,79.13385826771653
W00001794,329,55,20,35,274,19,255,16.717325227963524,6.079027355623101,10.638297872340425,83.28267477203647,5.775075987841945,77.50759878419453
W00001795,294,59,26,33,235,14,221,20.068027210884352,8.843537414965986,11.224489795918368,79.93197278911565,4.761904761904762,75.17006802721087
W00001796,297,69,23,46,228,19,209,23.232323232323232,7.744107744107744,15.488215488215488,76.76767676767676,6.397306397306397,70.37037037037037
W00001797,285,61,29,32,224,14,210,21.403508771929825,10.175438596491228,11.228070175438596,78.59649122807018,4.912280701754386,73.68421052631578
W00001798,292,79,44,35,213,9,204,27.054794520547947,15.068493150684931,11.986301369863012,72.94520547945206,3.0821917808219177,69.86301369863014
W00001799,323,70,34,36,253,11,242,21.671826625387,10.526315789473683,11.145510835913312,78.328173374613,3.4055727554179565,74.92260061919505
W00001800,361,94,58,36,267,14,253,26.038781163434905,16.06648199445983,9.97229916897507,73.9612188365651,3.8781163434903045,70.08310249307479
W00001801,459,169,86,83,290,21,269,36.81917211328976,18.736383442265794,18.082788671023962,63.18082788671025,4.57516339869281,58.605664488017425
W00001802,354,97,52,45,257,19,238,27.401129943502823,14.689265536723164,12.711864406779661,72.59887005649718,5.367231638418079,67.2316384180791
W00001803,234,80,51,29,154,3,151,34.18803418803419,21.794871794871796,12.393162393162394,65.8119658119658,1.282051282051282,64.52991452991454
W00001804,295,76,38,38,219,11,208,25.76271186440678,12.88135593220339,12.88135593220339,74.23728813559322,3.728813559322034,70.50847457627118
W00001805,288,67,33,34,221,24,197,23.26388888888889,11.458333333333332,11.805555555555555,76.73611111111111,8.333333333333332,68.40277777777779
W00001806,352,60,31,29,292,32,260,17.045454545454543,8.806818181818182,8.238636363636363,82.95454545454545,9.090909090909092,73.86363636363636
W00001807,271,55,24,31,216,21,195,20.29520295202952,8.856088560885608,11.439114391143912,79.70479704797047,7.7490774907749085,71.95571955719558
W00001808,296,54,28,26,242,19,223,18.243243243243242,9.45945945945946,8.783783783783784,81.75675675675676,6.418918918918918,75.33783783783784
W00001809,301,55,30,25,246,24,222,18.272425249169437,9.966777408637874,8.305647840531561,81.72757475083057,7.973421926910299,73.75415282392026
W00001810,383,58,27,31,325,22,303,15.143603133159269,7.049608355091384,8.093994778067886,84.85639686684074,5.7441253263707575,79.11227154046998
W00001811,262,44,18,26,218,16,202,16.793893129770993,6.870229007633588,9.923664122137405,83.20610687022901,6.106870229007633,77.09923664122137
W00001812,282,53,29,24,229,15,214,18.79432624113475,10.28368794326241,8.51063829787234,81.20567375886525,5.319148936170213,75.88652482269504
W00001813,141,26,6,20,115,15,100,18.439716312056735,4.25531914893617,14.184397163120568,81.56028368794325,10.638297872340425,70.92198581560284
W00001815,215,28,10,18,187,18,169,13.023255813953488,4.651162790697675,8.372093023255815,86.9767441860465,8.372093023255815,78.6046511627907
W00001816,298,54,21,33,244,26,218,18.120805369127517,7.046979865771812,11.073825503355705,81.87919463087249,8.724832214765101,73.15436241610739
W00001817,285,78,39,39,207,19,188,27.368421052631582,13.684210526315791,13.684210526315791,72.63157894736842,6.666666666666667,65.96491228070175
W00001818,204,43,22,21,161,13,148,21.07843137254902,10.784313725490197,10.294117647058822,78.92156862745098,6.372549019607843,72.54901960784314
W00001819,283,64,28,36,219,21,198,22.614840989399294,9.89399293286219,12.7208480565371,77.3851590106007,7.420494699646643,69.96466431095406
W00001820,382,53,22,31,329,24,305,13.874345549738221,5.7591623036649215,8.115183246073299,86.12565445026178,6.282722513089005,79.84293193717278
W00001821,285,77,34,43,208,17,191,27.017543859649123,11.929824561403509,15.087719298245613,72.98245614035088,5.964912280701754,67.01754385964912
W00001822,457,70,25,45,387,46,341,15.317286652078774,5.470459518599562,9.846827133479213,84.68271334792122,10.065645514223196,74.61706783369803
W00001823,280,40,13,27,240,23,217,14.285714285714285,4.642857142857143,9.642857142857144,85.71428571428571,8.214285714285714,77.5
W00001824,356,59,21,38,297,34,263,16.573033707865168,5.8988764044943816,10.674157303370785,83.42696629213484,9.550561797752808,73.87640449438202
W00001825,215,41,21,20,174,17,157,19.069767441860467,9.767441860465116,9.30232558139535,80.93023255813954,7.906976744186046,73.0232558139535
W00001826,215,38,14,24,177,23,154,17.674418604651162,6.511627906976744,11.162790697674419,82.32558139534883,10.69767441860465,71.62790697674419
W00001827,298,49,19,30,249,17,232,16.44295302013423,6.375838926174497,10.06711409395973,83.55704697986577,5.704697986577181,77.85234899328859
W00001828,303,60,27,33,243,19,224,19.801980198019802,8.91089108910891,10.891089108910892,80.19801980198021,6.270627062706271,73.92739273927393
W00001829,269,38,13,25,231,19,212,14.12639405204461,4.83271375464684,9.293680297397769,85.87360594795538,7.063197026022305,78.81040892193309
W00001830,242,49,21,28,193,18,175,20.24793388429752,8.677685950413224,11.570247933884298,79.75206611570248,7.43801652892562,72.31404958677686
W00001831,344,67,25,42,277,35,242,19.476744186046513,7.267441860465117,12.209302325581394,80.52325581395348,10.174418604651162,70.34883720930233
W00010017,291,43,21,22,248,16,232,14.776632302405499,7.216494845360824,7.560137457044673,85.2233676975945,5.498281786941581,79.72508591065292
W00010018,314,70,30,40,244,25,219,22.29299363057325,9.554140127388536,12.738853503184714,77.70700636942675,7.961783439490445,69.7452229299363
W00010021,315,62,22,40,253,27,226,19.682539682539684,6.984126984126984,12.698412698412698,80.31746031746032,8.571428571428571,71.74603174603175
W00010022,399,94,45,49,305,34,271,23.55889724310777,11.278195488721805,12.280701754385964,76.441102756892235,8.521303258145362,67.91979949874687
W00010023,398,79,42,37,319,38,281,19.849246231155778,10.552763819095476,9.296482412060302,80.15075376884423,9.547738693467336,70.60301507537689
W00010454,340,33,10,23,307,30,277,9.705882352941178,2.941176470588235,6.764705882352941,90.29411764705883,8.823529411764707,81.47058823529412
W00010455,327,76,38,38,251,19,232,23.24159021406728,11.62079510703364,11.62079510703364,76.75840978593273,5.81039755351682,70.9480122324159
W00010460,163,36,8,28,127,16,111,22.085889570552148,4.9079754601226995,17.177914110429448,77.91411042944786,9.815950920245399,68.09815950920245
W00010462,195,17,6,11,178,16,162,8.717948717948717,3.076923076923077,5.641025641025641,91.28205128205128,8.205128205128204,83.07692307692308
W00010463,148,16,4,12,132,7,125,10.81081081081081,2.7027027027027026,8.108108108108109,89.1891891891892,4.72972972972973,84.45945945945947
W00010464,160,20,8,12,140,13,127,12.5,5,7.5,87.5,8.125,79.375
W00010465,157,30,11,19,127,11,116,19.10828025477707,7.006369426751593,12.101910828025478,80.89171974522293,7.006369426751593,73.88535031847134
W00010466,475,90,33,57,385,41,344,18.947368421052634,6.947368421052631,12,81.05263157894737,8.631578947368421,72.42105263157896
W00010467,622,48,19,29,574,32,542,7.717041800643088,3.054662379421222,4.662379421221865,92.28295819935691,5.144694533762058,87.13826366559485
W00010469,349,39,18,21,310,19,291,11.174785100286533,5.157593123209169,6.017191977077363,88.82521489971347,5.444126074498568,83.3810888252149
W00010471,460,71,22,49,389,45,344,15.434782608695652,4.782608695652174,10.652173913043478,84.56521739130434,9.782608695652174,74.78260869565217
W00010472,479,47,9,38,432,48,384,9.812108559498958,1.8789144050104383,7.933194154488518,90.18789144050105,10.020876826722338,80.1670146137787
W00010473,213,26,12,14,187,14,173,12.206572769953052,5.633802816901409,6.572769953051644,87.79342723004694,6.572769953051644,81.2206572769953
W00010474,497,38,11,27,459,32,427,7.645875251509055,2.2132796780684103,5.432595573440644,92.35412474849095,6.438631790744467,85.91549295774648
W00010475,207,34,10,24,173,18,155,16.425120772946862,4.830917874396135,11.594202898550725,83.57487922705315,8.695652173913043,74.8792270531401
W00010478,260,22,11,11,238,24,214,8.461538461538462,4.230769230769231,4.230769230769231,91.53846153846153,9.230769230769232,82.3076923076923
W00010479,269,29,9,20,240,15,225,10.780669144981413,3.3457249070631967,7.434944237918216,89.21933085501858,5.5762081784386615,83.64312267657994
W00010482,405,23,4,19,382,25,357,5.679012345679013,0.9876543209876543,4.691358024691358,94.32098765432099,6.172839506172839,88.14814814814815
W00010483,520,38,16,22,482,26,456,7.307692307692308,3.076923076923077,4.230769230769231,92.6923076923077,5,87.6923076923077
W00010484,260,17,0,17,243,9,234,6.538461538461539,0,6.538461538461539,93.46153846153847,3.4615384615384617,90
W00010485,615,36,11,25,579,43,536,5.853658536585367,1.788617886178862,4.0650406504065035,94.14634146341463,6.991869918699186,87.15447154471545
W00010486,221,47,20,27,174,14,160,21.266968325791854,9.049773755656108,12.217194570135746,78.73303167420815,6.334841628959276,72.39819004524887
W00010487,215,36,20,16,179,11,168,16.74418604651163,9.30232558139535,7.441860465116279,83.25581395348837,5.116279069767442,78.13953488372093
W00010488,309,69,32,37,240,24,216,22.330097087378643,10.355987055016183,11.974110032362459,77.66990291262135,7.766990291262135,69.90291262135922
W00010490,101,11,4,7,90,10,80,10.891089108910892,3.9603960396039604,6.9306930693069315,89.10891089108911,9.900990099009901,79.20792079207921
W00010491,334,22,4,18,312,24,288,6.58682634730539,1.1976047904191618,5.389221556886228,93.41317365269461,7.18562874251497,86.22754491017965
W00010492,129,25,4,21,104,17,87,19.379844961240313,3.10077519379845,16.27906976744186,80.62015503875969,13.178294573643413,67.44186046511628
