OA,ts0380001,ts0380002,ts0380003,ts0380004,ts0380005,ts0380006,ts0380007,ts0380002_PCT,ts0380003_PCT,ts0380004_PCT,ts0380005_PCT,ts0380006_PCT,ts0380007_PCT
E00032499,251,68,38,30,183,12,171,27.091633466135455,15.139442231075698,11.952191235059761,72.90836653386454,4.780876494023905,68.12749003984064
E00032500,222,59,37,22,163,12,151,26.576576576576578,16.666666666666664,9.90990990990991,73.42342342342343,5.405405405405405,68.01801801801803
E00032501,200,82,49,33,118,2,116,41,24.5,16.5,59,1,57.99999999999999
E00032502,244,78,48,30,166,13,153,31.967213114754102,19.672131147540984,12.295081967213115,68.0327868852459,5.327868852459016,62.704918032786885
E00032504,293,94,50,44,199,14,185,32.081911262798634,17.064846416382252,15.017064846416384,67.91808873720136,4.778156996587031,63.13993174061433
E00032505,248,88,55,33,160,12,148,35.483870967741936,22.177419354838708,13.306451612903224,64.51612903225806,4.838709677419355,59.67741935483871
E00032506,204,82,46,36,122,6,116,40.19607843137255,22.54901960784314,17.647058823529413,59.80392156862745,2.941176470588235,56.86274509803921
E00032507,227,73,44,29,154,7,147,32.158590308370044,19.383259911894275,12.77533039647577,67.84140969162996,3.0837004405286343,64.75770925110133
E00032508,279,76,41,35,203,17,186,27.24014336917563,14.695340501792115,12.544802867383511,72.75985663082437,6.093189964157706,66.66666666666666
E00032510,301,95,61,34,206,10,196,31.561461794019934,20.26578073089701,11.295681063122924,68.43853820598007,3.322259136212625,65.11627906976744
E00032511,296,92,54,38,204,4,200,31.08108108108108,18.243243243243242,12.837837837837837,68.91891891891892,1.3513513513513513,67.56756756756756
E00032512,308,90,57,33,218,9,209,29.22077922077922,18.506493506493506,10.714285714285714,70.77922077922078,2.922077922077922,67.85714285714286
E00032513,403,96,53,43,307,17,290,23.82133995037221,13.151364764267989,10.669975186104217,76.1786600496278,4.218362282878412,71.96029776674938
E00032514,242,85,49,36,157,18,139,35.12396694214876,20.24793388429752,14.87603305785124,64.87603305785123,7.43801652892562,57.438016528925615
E00032515,355,87,50,37,268,15,253,24.507042253521128,14.084507042253522,10.422535211267606,75.49295774647888,4.225352112676056,71.26760563380282
E00032516,249,65,41,24,184,9,175,26.104417670682732,16.46586345381526,9.63855421686747,73.89558232931726,3.614457831325301,70.28112449799197
E00032517,356,113,56,57,243,12,231,31.741573033707866,15.730337078651685,16.01123595505618,68.25842696629213,3.3707865168539324,64.8876404494382
E00032518,285,77,41,36,208,14,194,27.017543859649123,14.385964912280702,12.631578947368421,72.98245614035088,4.912280701754386,68.0701754385965
E00032520,268,66,39,27,202,12,190,24.62686567164179,14.55223880597015,10.074626865671641,75.3731343283582,4.477611940298507,70.8955223880597
E00032521,257,71,36,35,186,14,172,27.626459143968873,14.007782101167315,13.618677042801556,72.37354085603113,5.447470817120623,66.9260700389105
E00032522,381,125,79,46,256,24,232,32.808398950131235,20.73490813648294,12.073490813648293,67.19160104986877,6.299212598425196,60.892388451443566
E00032523,252,48,28,20,204,10,194,19.047619047619047,11.11111111111111,7.936507936507936,80.95238095238095,3.968253968253968,76.98412698412699
E00032524,261,69,35,34,192,14,178,26.436781609195403,13.409961685823754,13.026819923371647,73.5632183908046,5.363984674329502,68.19923371647509
E00032525,307,68,36,32,239,6,233,22.149837133550488,11.726384364820847,10.423452768729643,77.85016286644951,1.9543973941368076,75.8957654723127
E00032526,251,68,43,25,183,15,168,27.091633466135455,17.131474103585656,9.9601593625498,72.90836653386454,5.9760956175298805,66.93227091633466
E00032528,268,78,38,40,190,6,184,29.1044776119403,14.17910447761194,14.925373134328357,70.8955223880597,2.2388059701492535,68.65671641791045
E00032529,253,72,40,32,181,5,176,28.458498023715418,15.810276679841898,12.648221343873518,71.54150197628458,1.9762845849802373,69.56521739130434
E00032530,421,68,33,35,353,22,331,16.152019002375297,7.8384798099762465,8.31353919239905,83.8479809976247,5.225653206650831,78.62232779097387
E00032531,187,56,29,27,131,6,125,29.946524064171122,15.508021390374333,14.43850267379679,70.05347593582889,3.2085561497326207,66.84491978609626
E00032532,301,77,29,48,224,10,214,25.581395348837212,9.634551495016613,15.946843853820598,74.4186046511628,3.322259136212625,71.09634551495017
E00032533,335,85,56,29,250,13,237,25.37313432835821,16.716417910447763,8.656716417910449,74.6268656716418,3.880597014925373,70.74626865671641
E00032534,347,113,59,54,234,15,219,32.564841498559076,17.002881844380404,15.561959654178676,67.43515850144092,4.322766570605188,63.112391930835734
E00032536,271,33,17,16,238,12,226,12.177121771217712,6.273062730627306,5.904059040590406,87.82287822878229,4.428044280442804,83.39483394833948
E00032537,606,81,39,42,525,45,480,13.366336633663368,6.435643564356436,6.9306930693069315,86.63366336633663,7.425742574257425,79.20792079207921
E00032538,363,65,34,31,298,23,275,17.90633608815427,9.366391184573002,8.539944903581267,82.09366391184572,6.336088154269973,75.75757575757575
E00032539,351,87,45,42,264,21,243,24.786324786324787,12.82051282051282,11.965811965811966,75.21367521367522,5.982905982905983,69.23076923076923
E00032540,140,38,20,18,102,7,95,27.142857142857142,14.285714285714285,12.857142857142856,72.85714285714285,5,67.85714285714286
E00032541,303,32,10,22,271,20,251,10.561056105610561,3.3003300330033,7.2607260726072615,89.43894389438944,6.6006600660066,82.83828382838284
E00032542,240,33,16,17,207,27,180,13.750000000000002,6.666666666666667,7.083333333333333,86.25,11.25,75
E00032543,283,50,20,30,233,23,210,17.6678445229682,7.06713780918728,10.60070671378092,82.3321554770318,8.12720848056537,74.20494699646643
E00032544,329,40,17,23,289,19,270,12.158054711246201,5.167173252279635,6.990881458966565,87.84194528875379,5.775075987841945,82.06686930091185
E00032545,315,58,26,32,257,19,238,18.412698412698415,8.253968253968253,10.158730158730158,81.58730158730158,6.031746031746032,75.55555555555556
E00032546,261,53,26,27,208,16,192,20.306513409961685,9.961685823754788,10.344827586206897,79.6934865900383,6.130268199233716,73.5632183908046
E00032547,319,48,21,27,271,24,247,15.047021943573668,6.583072100313479,8.463949843260188,84.95297805642633,7.523510971786834,77.4294670846395
E00032548,320,64,31,33,256,19,237,20,9.6875,10.3125,80,5.9375,74.0625
E00032549,244,74,36,38,170,11,159,30.327868852459016,14.754098360655737,15.573770491803279,69.67213114754098,4.508196721311475,65.1639344262295
E00032550,259,46,29,17,213,20,193,17.760617760617762,11.196911196911197,6.563706563706563,82.23938223938224,7.722007722007722,74.5173745173745
E00032551,254,58,34,24,196,19,177,22.83464566929134,13.385826771653544,9.448818897637794,77.16535433070865,7.480314960629922,69.68503937007874
E00032552,228,80,42,38,148,12,136,35.08771929824561,18.421052631578945,16.666666666666664,64.91228070175438,5.263157894736842,59.64912280701754
E00032553,286,36,8,28,250,16,234,12.587412587412588,2.797202797202797,9.79020979020979,87.41258741258741,5.594405594405594,81.81818181818183
E00032554,366,52,21,31,314,31,283,14.207650273224044,5.737704918032787,8.469945355191257,85.79234972677595,8.469945355191257,77.3224043715847
E00032555,244,43,26,17,201,16,185,17.62295081967213,10.655737704918032,6.967213114754098,82.37704918032787,6.557377049180328,75.81967213114754
E00032557,289,42,22,20,247,13,234,14.53287197231834,7.612456747404845,6.920415224913495,85.46712802768167,4.498269896193772,80.96885813148789
E00032558,296,38,18,20,258,26,232,12.837837837837837,6.081081081081082,6.756756756756757,87.16216216216216,8.783783783783784,78.37837837837837
E00032559,311,62,23,39,249,21,228,19.935691318327976,7.395498392282958,12.540192926045016,80.06430868167203,6.752411575562702,73.31189710610933
E00032560,329,51,26,25,278,28,250,15.501519756838904,7.90273556231003,7.598784194528875,84.49848024316108,8.51063829787234,75.98784194528876
E00032561,354,63,35,28,291,18,273,17.796610169491526,9.887005649717514,7.909604519774012,82.20338983050848,5.084745762711865,77.11864406779661
E00032562,227,34,14,20,193,18,175,14.977973568281937,6.167400881057269,8.81057268722467,85.02202643171806,7.929515418502203,77.09251101321586
E00032563,391,100,50,50,291,21,270,25.575447570332482,12.787723785166241,12.787723785166241,74.42455242966753,5.3708439897698215,69.0537084398977
E00032564,199,34,17,17,165,7,158,17.08542713567839,8.542713567839195,8.542713567839195,82.91457286432161,3.5175879396984926,79.39698492462311
E00032565,338,55,26,29,283,26,257,16.272189349112427,7.6923076923076925,8.579881656804734,83.72781065088756,7.6923076923076925,76.03550295857988
E00032566,457,70,38,32,387,28,359,15.317286652078774,8.315098468271334,7.00218818380744,84.68271334792122,6.12691466083151,78.55579868708972
E00032567,298,44,23,21,254,15,239,14.76510067114094,7.718120805369128,7.046979865771812,85.23489932885906,5.033557046979865,80.20134228187919
E00032568,343,103,49,54,240,22,218,30.029154518950435,14.285714285714285,15.743440233236154,69.97084548104957,6.41399416909621,63.55685131195335
E00032569,367,59,25,34,308,27,281,16.076294277929154,6.811989100817439,9.264305177111716,83.92370572207084,7.3569482288828345,76.566757493188
E00032570,267,78,55,23,189,9,180,29.213483146067414,20.59925093632959,8.614232209737828,70.78651685393258,3.3707865168539324,67.41573033707866
E00032571,386,79,37,42,307,17,290,20.466321243523318,9.585492227979273,10.880829015544041,79.53367875647669,4.404145077720207,75.12953367875647
E00032572,377,93,50,43,284,14,270,24.6684350132626,13.262599469496022,11.405835543766578,75.3315649867374,3.7135278514588856,71.61803713527851
E00032573,302,51,24,27,251,18,233,16.887417218543046,7.9470198675496695,8.940397350993377,83.11258278145695,5.960264900662252,77.15231788079471
E00032574,228,42,16,26,186,8,178,18.421052631578945,7.017543859649122,11.403508771929824,81.57894736842105,3.508771929824561,78.0701754385965
E00032575,325,121,75,46,204,19,185,37.230769230769226,23.076923076923077,14.153846153846153,62.76923076923077,5.846153846153846,56.92307692307692
E00032576,276,74,33,41,202,12,190,26.811594202898554,11.956521739130435,14.855072463768115,73.18840579710145,4.3478260869565215,68.84057971014492
E00032577,327,75,44,31,252,11,241,22.93577981651376,13.455657492354739,9.480122324159021,77.06422018348624,3.3639143730886847,73.70030581039755
E00032578,310,83,48,35,227,14,213,26.7741935483871,15.483870967741936,11.29032258064516,73.22580645161291,4.516129032258064,68.70967741935485
E00032579,286,77,42,35,209,11,198,26.923076923076923,14.685314685314685,12.237762237762238,73.07692307692307,3.8461538461538463,69.23076923076923
E00032580,236,82,47,35,154,7,147,34.74576271186441,19.915254237288135,14.83050847457627,65.2542372881356,2.9661016949152543,62.28813559322034
E00032581,237,60,33,27,177,11,166,25.31645569620253,13.924050632911392,11.39240506329114,74.68354430379746,4.641350210970464,70.042194092827
E00032582,264,81,44,37,183,14,169,30.681818181818183,16.666666666666664,14.015151515151514,69.31818181818183,5.303030303030303,64.01515151515152
E00032583,213,53,26,27,160,4,156,24.88262910798122,12.206572769953052,12.676056338028168,75.11737089201877,1.8779342723004695,73.23943661971832
E00032584,205,52,35,17,153,7,146,25.365853658536587,17.073170731707318,8.292682926829269,74.63414634146342,3.414634146341464,71.21951219512195
E00032585,249,59,27,32,190,19,171,23.694779116465863,10.843373493975903,12.851405622489958,76.30522088353415,7.630522088353414,68.67469879518072
E00032586,286,65,32,33,221,13,208,22.727272727272727,11.188811188811188,11.538461538461538,77.27272727272727,4.545454545454546,72.72727272727273
E00032587,297,89,49,40,208,18,190,29.96632996632997,16.4983164983165,13.468013468013467,70.03367003367003,6.0606060606060606,63.97306397306397
E00032588,431,88,49,39,343,23,320,20.417633410672853,11.36890951276102,9.048723897911833,79.58236658932715,5.336426914153132,74.24593967517401
E00032589,289,61,26,35,228,18,210,21.10726643598616,8.996539792387544,12.110726643598616,78.89273356401384,6.228373702422145,72.66435986159169
E00032590,313,59,18,41,254,21,233,18.849840255591054,5.7507987220447285,13.099041533546327,81.15015974440894,6.7092651757188495,74.4408945686901
E00032591,416,140,69,71,276,26,250,33.65384615384615,16.58653846153846,17.067307692307693,66.34615384615384,6.25,60.09615384615385
E00032592,508,78,44,34,430,33,397,15.354330708661418,8.661417322834646,6.692913385826772,84.64566929133859,6.496062992125983,78.1496062992126
E00032593,495,52,25,27,443,49,394,10.505050505050505,5.05050505050505,5.454545454545454,89.4949494949495,9.8989898989899,79.5959595959596
E00032594,254,62,38,24,192,16,176,24.409448818897637,14.960629921259844,9.448818897637794,75.59055118110236,6.299212598425196,69.29133858267717
E00032595,208,54,26,28,154,12,142,25.961538461538463,12.5,13.461538461538462,74.03846153846155,5.769230769230769,68.26923076923077
E00032596,304,85,43,42,219,12,207,27.960526315789476,14.144736842105262,13.815789473684212,72.03947368421053,3.9473684210526314,68.0921052631579
E00032597,242,56,32,24,186,12,174,23.140495867768596,13.223140495867769,9.917355371900827,76.85950413223141,4.958677685950414,71.900826446281
E00032598,297,36,14,22,261,23,238,12.121212121212121,4.713804713804714,7.4074074074074066,87.87878787878788,7.744107744107744,80.13468013468014
E00032599,254,64,42,22,190,7,183,25.196850393700785,16.535433070866144,8.661417322834646,74.80314960629921,2.7559055118110236,72.04724409448819
E00032600,257,74,38,36,183,18,165,28.793774319066145,14.785992217898833,14.007782101167315,71.20622568093385,7.003891050583658,64.2023346303502
E00032601,294,69,38,31,225,24,201,23.46938775510204,12.925170068027212,10.54421768707483,76.53061224489795,8.16326530612245,68.36734693877551
E00032602,236,56,32,24,180,13,167,23.728813559322035,13.559322033898304,10.16949152542373,76.27118644067797,5.508474576271186,70.76271186440678
E00032603,476,114,64,50,362,26,336,23.949579831932773,13.445378151260504,10.504201680672269,76.05042016806722,5.46218487394958,70.58823529411765
E00032604,442,157,125,32,285,22,263,35.52036199095023,28.28054298642534,7.239819004524888,64.47963800904978,4.97737556561086,59.502262443438916
E00032605,116,70,44,26,46,7,39,60.3448275862069,37.93103448275862,22.413793103448278,39.6551724137931,6.0344827586206895,33.62068965517241
E00032606,373,66,33,33,307,17,290,17.694369973190348,8.847184986595174,8.847184986595174,82.30563002680965,4.557640750670242,77.7479892761394
E00032607,272,100,62,38,172,8,164,36.76470588235294,22.794117647058822,13.970588235294118,63.23529411764706,2.941176470588235,60.29411764705882
E00032608,290,79,53,26,211,16,195,27.241379310344826,18.275862068965516,8.96551724137931,72.75862068965517,5.517241379310345,67.24137931034483
E00032609,289,79,50,29,210,17,193,27.33564013840831,17.301038062283737,10.034602076124568,72.66435986159169,5.88235294117647,66.78200692041523
E00032610,323,105,63,42,218,12,206,32.50773993808049,19.5046439628483,13.003095975232199,67.49226006191951,3.7151702786377707,63.77708978328174
E00032611,412,148,95,53,264,17,247,35.92233009708738,23.058252427184467,12.864077669902912,64.07766990291263,4.12621359223301,59.95145631067961
E00032612,279,76,43,33,203,10,193,27.24014336917563,15.412186379928317,11.827956989247312,72.75985663082437,3.584229390681003,69.17562724014337
E00032613,277,71,32,39,206,16,190,25.63176895306859,11.552346570397113,14.079422382671481,74.36823104693141,5.776173285198556,68.59205776173285
E00032614,158,44,28,16,114,6,108,27.848101265822784,17.72151898734177,10.126582278481013,72.15189873417721,3.79746835443038,68.35443037974683
E00032615,273,87,55,32,186,12,174,31.868131868131865,20.146520146520146,11.72161172161172,68.13186813186813,4.395604395604396,63.73626373626373
E00032616,339,80,47,33,259,11,248,23.59882005899705,13.864306784660767,9.734513274336283,76.40117994100295,3.2448377581120944,73.15634218289085
E00032617,289,59,29,30,230,20,210,20.415224913494807,10.034602076124568,10.380622837370241,79.58477508650519,6.920415224913495,72.66435986159169
E00032618,384,66,34,32,318,16,302,17.1875,8.854166666666668,8.333333333333332,82.8125,4.166666666666666,78.64583333333334
E00032619,349,83,52,31,266,8,258,23.78223495702006,14.899713467048711,8.882521489971348,76.21776504297995,2.292263610315186,73.92550143266476
E00032620,216,52,27,25,164,12,152,24.074074074074073,12.5,11.574074074074074,75.92592592592592,5.555555555555555,70.37037037037037
E00032621,349,99,61,38,250,19,231,28.36676217765043,17.478510028653297,10.888252148997136,71.63323782234957,5.444126074498568,66.189111747851
E00032622,281,74,46,28,207,9,198,26.334519572953734,16.370106761565836,9.9644128113879,73.66548042704626,3.202846975088968,70.46263345195729
E00032623,293,90,58,32,203,8,195,30.716723549488055,19.795221843003414,10.921501706484642,69.28327645051195,2.7303754266211606,66.55290102389078
E00032624,249,75,41,34,174,13,161,30.120481927710845,16.46586345381526,13.654618473895583,69.87951807228916,5.220883534136546,64.65863453815261
E00032625,257,81,52,29,176,13,163,31.517509727626457,20.233463035019454,11.284046692607005,68.48249027237354,5.058365758754864,63.42412451361867
E00032626,310,111,70,41,199,12,187,35.80645161290323,22.58064516129032,13.225806451612904,64.19354838709678,3.870967741935484,60.322580645161295
E00032627,352,88,49,39,264,21,243,25,13.920454545454545,11.079545454545455,75,5.965909090909091,69.0340909090909
E00032628,297,68,47,21,229,8,221,22.895622895622896,15.824915824915825,7.07070707070707,77.10437710437711,2.6936026936026933,74.41077441077442
E00032629,251,57,31,26,194,20,174,22.709163346613543,12.350597609561753,10.358565737051793,77.29083665338645,7.968127490039841,69.32270916334662
E00032630,325,61,26,35,264,23,241,18.76923076923077,8,10.76923076923077,81.23076923076923,7.076923076923077,74.15384615384616
E00032631,460,67,24,43,393,22,371,14.565217391304348,5.217391304347826,9.347826086956522,85.43478260869564,4.782608695652174,80.65217391304348
E00032632,348,81,58,23,267,10,257,23.275862068965516,16.666666666666664,6.609195402298851,76.72413793103449,2.8735632183908044,73.85057471264368
E00032633,311,89,64,25,222,17,205,28.617363344051448,20.578778135048232,8.038585209003216,71.38263665594855,5.466237942122187,65.91639871382637
E00032634,302,58,28,30,244,15,229,19.205298013245034,9.271523178807946,9.933774834437086,80.79470198675497,4.966887417218543,75.82781456953643
E00032635,303,77,46,31,226,21,205,25.412541254125415,15.181518151815181,10.231023102310232,74.58745874587459,6.9306930693069315,67.65676567656766
E00032636,232,58,39,19,174,10,164,25,16.810344827586206,8.189655172413794,75,4.310344827586207,70.6896551724138
E00032637,356,89,52,37,267,16,251,25,14.606741573033707,10.393258426966293,75,4.49438202247191,70.50561797752809
E00032639,317,56,30,26,261,15,246,17.665615141955836,9.46372239747634,8.201892744479496,82.33438485804416,4.73186119873817,77.60252365930599
E00032640,231,84,51,33,147,9,138,36.36363636363637,22.07792207792208,14.285714285714285,63.63636363636363,3.896103896103896,59.74025974025974
E00032641,422,65,43,22,357,22,335,15.402843601895736,10.189573459715639,5.213270142180095,84.59715639810426,5.213270142180095,79.38388625592417
E00032644,258,62,34,28,196,17,179,24.031007751937985,13.178294573643413,10.852713178294573,75.96899224806202,6.5891472868217065,69.37984496124031
E00032645,350,95,56,39,255,22,233,27.142857142857142,16,11.142857142857142,72.85714285714285,6.2857142857142865,66.57142857142857
E00032646,265,68,38,30,197,15,182,25.660377358490567,14.339622641509434,11.320754716981133,74.33962264150942,5.660377358490567,68.67924528301886
E00032647,232,60,35,25,172,11,161,25.862068965517242,15.086206896551724,10.775862068965516,74.13793103448276,4.741379310344827,69.39655172413794
E00032648,269,57,23,34,212,19,193,21.189591078066915,8.550185873605948,12.639405204460965,78.81040892193309,7.063197026022305,71.74721189591078
E00032649,400,82,49,33,318,19,299,20.5,12.25,8.25,79.5,4.75,74.75
E00032650,296,76,40,36,220,13,207,25.675675675675674,13.513513513513514,12.162162162162163,74.32432432432432,4.391891891891892,69.93243243243244
E00032651,254,70,36,34,184,8,176,27.559055118110237,14.173228346456693,13.385826771653544,72.44094488188976,3.149606299212598,69.29133858267717
E00032652,264,74,42,32,190,6,184,28.030303030303028,15.909090909090908,12.121212121212121,71.96969696969697,2.272727272727273,69.6969696969697
E00032653,224,72,36,36,152,3,149,32.142857142857146,16.071428571428573,16.071428571428573,67.85714285714286,1.3392857142857142,66.51785714285714
E00032654,317,83,44,39,234,11,223,26.18296529968454,13.880126182965299,12.302839116719243,73.81703470031546,3.4700315457413247,70.347003154574125
E00032656,349,94,56,38,255,10,245,26.93409742120344,16.045845272206304,10.888252148997136,73.06590257879655,2.865329512893983,70.20057306590259
E00032657,200,58,28,30,142,9,133,28.999999999999996,14.000000000000002,15,71,4.5,66.5
E00032659,217,93,60,33,124,7,117,42.857142857142854,27.64976958525346,15.207373271889402,57.14285714285714,3.225806451612903,53.91705069124424
E00032660,220,84,51,33,136,8,128,38.18181818181819,23.18181818181818,15,61.81818181818181,3.6363636363636362,58.18181818181818
E00032661,283,81,42,39,202,17,185,28.621908127208478,14.840989399293287,13.780918727915195,71.37809187279152,6.007067137809187,65.37102473498233
E00032662,338,60,28,32,278,21,257,17.75147928994083,8.284023668639055,9.467455621301776,82.24852071005917,6.21301775147929,76.03550295857988
E00032663,416,145,88,57,271,15,256,34.855769230769226,21.153846153846153,13.701923076923078,65.14423076923077,3.6057692307692304,61.53846153846154
E00032664,315,87,46,41,228,16,212,27.61904761904762,14.603174603174605,13.015873015873018,72.38095238095238,5.079365079365079,67.3015873015873
E00032665,305,76,50,26,229,9,220,24.91803278688525,16.39344262295082,8.524590163934425,75.08196721311475,2.9508196721311477,72.1311475409836
E00032666,302,82,41,41,220,10,210,27.1523178807947,13.57615894039735,13.57615894039735,72.84768211920529,3.3112582781456954,69.5364238410596
E00032667,340,81,35,46,259,17,242,23.823529411764703,10.294117647058822,13.529411764705882,76.17647058823529,5,71.17647058823529
E00032668,239,68,42,26,171,12,159,28.451882845188287,17.573221757322173,10.87866108786611,71.54811715481172,5.02092050209205,66.52719665271967
E00032669,380,94,50,44,286,20,266,24.736842105263158,13.157894736842104,11.578947368421053,75.26315789473685,5.263157894736842,70
E00032670,216,48,25,23,168,16,152,22.22222222222222,11.574074074074074,10.648148148148149,77.77777777777779,7.4074074074074066,70.37037037037037
E00032671,348,89,49,40,259,10,249,25.57471264367816,14.080459770114942,11.494252873563218,74.42528735632183,2.8735632183908044,71.55172413793103
E00032672,360,109,61,48,251,17,234,30.277777777777775,16.944444444444446,13.333333333333334,69.72222222222221,4.722222222222222,65
E00032673,300,67,34,33,233,22,211,22.333333333333332,11.333333333333332,11,77.66666666666666,7.333333333333333,70.33333333333334
E00032674,286,69,34,35,217,18,199,24.125874125874127,11.888111888111888,12.237762237762238,75.87412587412588,6.293706293706294,69.58041958041959
E00032675,340,98,55,43,242,16,226,28.823529411764703,16.176470588235293,12.647058823529411,71.17647058823529,4.705882352941177,66.47058823529412
E00032676,352,99,55,44,253,9,244,28.125,15.625,12.5,71.875,2.556818181818182,69.31818181818183
E00032677,367,90,50,40,277,24,253,24.52316076294278,13.623978201634879,10.899182561307901,75.47683923705722,6.539509536784741,68.93732970027247
E00032678,249,55,34,21,194,17,177,22.08835341365462,13.654618473895583,8.433734939759036,77.91164658634538,6.827309236947792,71.08433734939759
E00032679,251,68,43,25,183,15,168,27.091633466135455,17.131474103585656,9.9601593625498,72.90836653386454,5.9760956175298805,66.93227091633466
E00032680,284,95,67,28,189,8,181,33.45070422535211,23.591549295774648,9.859154929577464,66.54929577464789,2.8169014084507045,63.732394366197184
E00032681,190,60,28,32,130,13,117,31.57894736842105,14.736842105263156,16.842105263157894,68.42105263157895,6.842105263157896,61.578947368421055
E00032682,434,124,76,48,310,17,293,28.57142857142857,17.51152073732719,11.059907834101383,71.42857142857143,3.9170506912442393,67.51152073732719
E00032683,155,55,38,17,100,9,91,35.483870967741936,24.516129032258064,10.967741935483872,64.51612903225806,5.806451612903226,58.70967741935483
E00032684,171,56,44,12,115,5,110,32.748538011695906,25.730994152046783,7.017543859649122,67.2514619883041,2.923976608187134,64.32748538011695
E00032685,314,76,43,33,238,18,220,24.203821656050955,13.694267515923567,10.509554140127388,75.79617834394905,5.7324840764331215,70.06369426751591
E00032686,314,76,41,35,238,11,227,24.203821656050955,13.05732484076433,11.146496815286625,75.79617834394905,3.5031847133757963,72.29299363057325
E00032687,452,93,39,54,359,14,345,20.575221238938052,8.628318584070795,11.946902654867257,79.42477876106194,3.0973451327433628,76.32743362831859
E00032688,269,71,39,32,198,22,176,26.394052044609666,14.49814126394052,11.895910780669144,73.60594795539033,8.178438661710038,65.4275092936803
E00032689,312,65,39,26,247,10,237,20.833333333333336,12.5,8.333333333333332,79.16666666666666,3.205128205128205,75.96153846153845
E00032690,192,65,42,23,127,3,124,33.85416666666667,21.875,11.979166666666668,66.14583333333334,1.5625,64.58333333333334
E00032691,444,62,34,28,382,25,357,13.963963963963963,7.657657657657657,6.306306306306306,86.03603603603604,5.63063063063063,80.4054054054054
E00032692,269,61,26,35,208,12,196,22.676579925650557,9.66542750929368,13.011152416356877,77.32342007434944,4.4609665427509295,72.86245353159852
E00032693,552,76,33,43,476,26,450,13.768115942028986,5.978260869565218,7.789855072463768,86.23188405797102,4.710144927536232,81.52173913043478
E00032694,246,55,27,28,191,15,176,22.35772357723577,10.975609756097562,11.38211382113821,77.64227642276423,6.097560975609756,71.54471544715447
E00032695,268,98,55,43,170,16,154,36.56716417910448,20.522388059701495,16.044776119402986,63.43283582089553,5.970149253731343,57.46268656716418
E00032696,273,76,46,30,197,10,187,27.83882783882784,16.84981684981685,10.989010989010989,72.16117216117216,3.6630036630036633,68.4981684981685
E00032697,280,65,30,35,215,14,201,23.214285714285715,10.714285714285714,12.5,76.78571428571429,5,71.78571428571429
E00032698,311,53,25,28,258,15,243,17.041800643086816,8.038585209003216,9.003215434083602,82.95819935691318,4.823151125401929,78.13504823151125
E00032699,223,57,29,28,166,7,159,25.56053811659193,13.004484304932735,12.556053811659194,74.43946188340807,3.1390134529147984,71.30044843049326
E00032700,279,60,30,30,219,22,197,21.50537634408602,10.75268817204301,10.75268817204301,78.49462365591397,7.885304659498208,70.60931899641577
E00032701,341,112,81,31,229,17,212,32.84457478005865,23.75366568914956,9.090909090909092,67.15542521994135,4.9853372434017595,62.17008797653959
E00032702,296,79,42,37,217,17,200,26.68918918918919,14.18918918918919,12.5,73.3108108108108,5.743243243243244,67.56756756756756
E00032703,315,86,57,29,229,10,219,27.3015873015873,18.095238095238095,9.206349206349207,72.6984126984127,3.1746031746031744,69.52380952380952
E00032704,287,62,42,20,225,14,211,21.602787456445995,14.634146341463413,6.968641114982578,78.397212543554,4.878048780487805,73.5191637630662
E00032705,373,71,29,42,302,13,289,19.034852546916888,7.774798927613941,11.26005361930295,80.9651474530831,3.485254691689008,77.4798927613941
E00032706,285,80,44,36,205,8,197,28.07017543859649,15.43859649122807,12.631578947368421,71.9298245614035,2.807017543859649,69.12280701754386
E00032707,262,63,38,25,199,12,187,24.045801526717558,14.50381679389313,9.541984732824428,75.95419847328245,4.580152671755725,71.37404580152672
E00032708,208,54,33,21,154,12,142,25.961538461538463,15.865384615384615,10.096153846153847,74.03846153846155,5.769230769230769,68.26923076923077
E00032709,258,51,31,20,207,12,195,19.767441860465116,12.015503875968992,7.751937984496124,80.23255813953489,4.651162790697675,75.5813953488372
E00032710,278,75,41,34,203,8,195,26.978417266187048,14.748201438848922,12.23021582733813,73.02158273381295,2.877697841726619,70.14388489208633
E00032711,279,62,36,26,217,18,199,22.22222222222222,12.903225806451612,9.31899641577061,77.77777777777779,6.451612903225806,71.32616487455196
E00032712,245,67,32,35,178,13,165,27.346938775510203,13.061224489795919,14.285714285714285,72.6530612244898,5.3061224489795915,67.3469387755102
E00032713,307,79,39,40,228,14,214,25.732899022801302,12.703583061889251,13.029315960912053,74.2671009771987,4.5602605863192185,69.70684039087948
E00032714,353,84,45,39,269,18,251,23.79603399433428,12.747875354107649,11.048158640226628,76.20396600566572,5.099150141643059,71.10481586402267
E00032715,246,67,35,32,179,14,165,27.235772357723576,14.227642276422763,13.008130081300814,72.76422764227642,5.691056910569105,67.07317073170732
E00032716,345,101,71,30,244,21,223,29.275362318840582,20.579710144927535,8.695652173913043,70.72463768115942,6.086956521739131,64.6376811594203
E00032717,250,60,38,22,190,7,183,24,15.2,8.799999999999999,76,2.8000000000000003,73.2
E00032718,317,72,36,36,245,23,222,22.71293375394322,11.35646687697161,11.35646687697161,77.28706624605678,7.255520504731862,70.03154574132492
E00032719,255,66,40,26,189,11,178,25.882352941176475,15.686274509803921,10.196078431372548,74.11764705882354,4.313725490196078,69.80392156862744
E00032720,507,70,35,35,437,29,408,13.806706114398423,6.903353057199212,6.903353057199212,86.19329388560158,5.719921104536489,80.4733727810651
E00032721,260,67,41,26,193,12,181,25.769230769230766,15.769230769230768,10,74.23076923076923,4.615384615384616,69.61538461538461
E00032722,310,99,56,43,211,15,196,31.93548387096774,18.064516129032256,13.870967741935484,68.06451612903226,4.838709677419355,63.2258064516129
E00032723,489,113,67,46,376,25,351,23.108384458077712,13.701431492842536,9.406952965235174,76.89161554192229,5.112474437627812,71.77914110429448
E00032724,312,76,43,33,236,11,225,24.358974358974358,13.782051282051283,10.576923076923077,75.64102564102564,3.5256410256410255,72.11538461538461
E00032725,294,81,51,30,213,19,194,27.55102040816326,17.346938775510203,10.204081632653061,72.44897959183673,6.462585034013606,65.98639455782312
E00032726,380,107,57,50,273,24,249,28.157894736842103,15,13.157894736842104,71.84210526315789,6.315789473684211,65.52631578947368
E00032727,613,78,47,31,535,32,503,12.72430668841762,7.6672104404567705,5.057096247960848,87.27569331158239,5.220228384991843,82.05546492659053
E00032729,285,82,53,29,203,8,195,28.771929824561404,18.596491228070175,10.175438596491228,71.2280701754386,2.807017543859649,68.42105263157895
E00032730,313,90,46,44,223,17,206,28.753993610223645,14.696485623003195,14.057507987220447,71.24600638977637,5.431309904153355,65.814696485623
E00032731,264,77,47,30,187,12,175,29.166666666666668,17.803030303030305,11.363636363636363,70.83333333333334,4.545454545454546,66.28787878787878
E00032732,203,66,42,24,137,10,127,32.51231527093596,20.689655172413794,11.822660098522167,67.48768472906403,4.926108374384237,62.5615763546798
E00032733,368,65,32,33,303,27,276,17.66304347826087,8.695652173913043,8.967391304347826,82.33695652173914,7.336956521739131,75
E00032734,314,73,50,23,241,15,226,23.248407643312103,15.92356687898089,7.32484076433121,76.75159235668791,4.777070063694268,71.97452229299363
E00032735,330,80,47,33,250,21,229,24.242424242424242,14.242424242424242,10,75.75757575757575,6.363636363636363,69.39393939393939
E00032736,278,70,44,26,208,17,191,25.179856115107913,15.827338129496402,9.352517985611511,74.82014388489209,6.115107913669065,68.70503597122301
E00032737,274,68,38,30,206,17,189,24.817518248175183,13.86861313868613,10.948905109489052,75.18248175182481,6.204379562043796,68.97810218978103
E00032738,335,72,41,31,263,8,255,21.492537313432834,12.238805970149254,9.253731343283581,78.50746268656717,2.3880597014925375,76.11940298507463
E00032739,274,74,36,38,200,13,187,27.00729927007299,13.138686131386862,13.86861313868613,72.99270072992701,4.744525547445255,68.24817518248175
E00032740,282,79,46,33,203,18,185,28.01418439716312,16.312056737588655,11.702127659574469,71.98581560283688,6.382978723404255,65.60283687943263
E00032741,299,32,12,20,267,18,249,10.702341137123746,4.013377926421405,6.688963210702341,89.29765886287625,6.0200668896321075,83.27759197324414
E00032742,411,67,25,42,344,38,306,16.30170316301703,6.082725060827251,10.218978102189782,83.69829683698296,9.245742092457421,74.45255474452554
E00032743,271,49,24,25,222,19,203,18.081180811808117,8.856088560885608,9.22509225092251,81.91881918819189,7.011070110701106,74.90774907749078
E00032744,354,65,38,27,289,23,266,18.361581920903955,10.734463276836157,7.627118644067797,81.63841807909604,6.497175141242938,75.14124293785311
E00032745,304,59,27,32,245,20,225,19.407894736842106,8.881578947368421,10.526315789473683,80.5921052631579,6.578947368421052,74.01315789473685
E00032746,446,71,39,32,375,29,346,15.919282511210762,8.74439461883408,7.174887892376682,84.08071748878923,6.502242152466367,77.57847533632287
E00032747,287,44,17,27,243,19,224,15.33101045296167,5.923344947735192,9.40766550522648,84.66898954703834,6.620209059233449,78.04878048780488
E00032748,369,104,53,51,265,12,253,28.184281842818425,14.363143631436316,13.821138211382115,71.81571815718158,3.2520325203252036,68.56368563685636
E00032749,295,75,42,33,220,19,201,25.423728813559322,14.237288135593221,11.186440677966102,74.57627118644068,6.440677966101695,68.13559322033899
E00032750,333,102,62,40,231,19,212,30.630630630630627,18.61861861861862,12.012012012012011,69.36936936936937,5.7057057057057055,63.66366366366366
E00032751,281,59,32,27,222,16,206,20.99644128113879,11.387900355871885,9.608540925266903,79.00355871886121,5.6939501779359425,73.30960854092527
E00032752,408,57,26,31,351,27,324,13.970588235294118,6.372549019607843,7.598039215686274,86.02941176470588,6.61764705882353,79.41176470588235
E00032753,249,43,25,18,206,15,191,17.269076305220885,10.040160642570282,7.228915662650602,82.73092369477911,6.024096385542169,76.70682730923694
E00032754,296,61,37,24,235,18,217,20.60810810810811,12.5,8.108108108108109,79.3918918918919,6.081081081081082,73.3108108108108
E00032755,307,71,32,39,236,23,213,23.12703583061889,10.423452768729643,12.703583061889251,76.8729641693811,7.491856677524431,69.38110749185668
E00032756,317,28,11,17,289,23,266,8.832807570977918,3.4700315457413247,5.3627760252365935,91.16719242902208,7.255520504731862,83.91167192429022
E00032757,255,90,57,33,165,11,154,35.294117647058826,22.35294117647059,12.941176470588237,64.70588235294117,4.313725490196078,60.3921568627451
E00032758,300,72,40,32,228,19,209,24,13.333333333333334,10.666666666666668,76,6.333333333333334,69.66666666666667
E00032759,343,41,15,26,302,23,279,11.9533527696793,4.373177842565598,7.580174927113703,88.0466472303207,6.705539358600583,81.34110787172013
E00032760,247,72,29,43,175,13,162,29.1497975708502,11.740890688259109,17.408906882591094,70.8502024291498,5.263157894736842,65.58704453441295
E00032761,207,71,43,28,136,10,126,34.29951690821256,20.77294685990338,13.526570048309178,65.70048309178745,4.830917874396135,60.86956521739131
E00032762,256,103,51,52,153,9,144,40.234375,19.921875,20.3125,59.765625,3.515625,56.25
E00032763,244,43,16,27,201,24,177,17.62295081967213,6.557377049180328,11.065573770491802,82.37704918032787,9.836065573770492,72.54098360655738
E00032764,218,48,20,28,170,14,156,22.018348623853214,9.174311926605505,12.844036697247708,77.98165137614679,6.422018348623854,71.55963302752293
E00032765,219,51,25,26,168,13,155,23.28767123287671,11.415525114155251,11.87214611872146,76.71232876712328,5.93607305936073,70.77625570776256
E00032766,211,42,23,19,169,15,154,19.90521327014218,10.90047393364929,9.004739336492891,80.09478672985783,7.109004739336493,72.98578199052133
E00032767,267,102,69,33,165,16,149,38.20224719101123,25.842696629213485,12.359550561797752,61.79775280898876,5.992509363295881,55.80524344569289
E00032768,194,90,60,30,104,11,93,46.391752577319586,30.927835051546392,15.463917525773196,53.608247422680414,5.670103092783505,47.93814432989691
E00032769,246,78,40,38,168,14,154,31.70731707317073,16.260162601626014,15.447154471544716,68.29268292682927,5.691056910569105,62.601626016260155
E00032771,145,52,40,12,93,8,85,35.86206896551724,27.586206896551722,8.275862068965518,64.13793103448275,5.517241379310345,58.620689655172406
E00032772,290,59,33,26,231,18,213,20.344827586206897,11.379310344827587,8.96551724137931,79.65517241379311,6.206896551724138,73.44827586206897
E00032773,249,91,53,38,158,16,142,36.54618473895582,21.285140562248998,15.261044176706829,63.45381526104418,6.425702811244979,57.028112449799195
E00032775,395,93,62,31,302,21,281,23.544303797468356,15.69620253164557,7.848101265822785,76.45569620253164,5.3164556962025316,71.13924050632912
E00032776,276,86,53,33,190,11,179,31.15942028985507,19.202898550724637,11.956521739130435,68.84057971014492,3.985507246376811,64.85507246376811
E00032777,200,55,35,20,145,10,135,27.500000000000004,17.5,10,72.5,5,67.5
E00032778,368,94,53,41,274,15,259,25.543478260869566,14.402173913043478,11.141304347826086,74.45652173913044,4.076086956521739,70.38043478260869
E00032779,294,73,37,36,221,12,209,24.829931972789115,12.585034013605442,12.244897959183673,75.17006802721087,4.081632653061225,71.08843537414967
E00032780,299,59,33,26,240,17,223,19.732441471571907,11.036789297658862,8.695652173913043,80.2675585284281,5.68561872909699,74.5819397993311
E00032782,274,84,56,28,190,11,179,30.656934306569344,20.437956204379564,10.218978102189782,69.34306569343066,4.014598540145985,65.32846715328468
E00032783,310,83,54,29,227,12,215,26.7741935483871,17.419354838709676,9.35483870967742,73.22580645161291,3.870967741935484,69.35483870967742
E00032784,267,80,49,31,187,19,168,29.962546816479403,18.352059925093634,11.610486891385769,70.0374531835206,7.116104868913857,62.92134831460674
E00032785,290,59,29,30,231,15,216,20.344827586206897,10,10.344827586206897,79.65517241379311,5.172413793103448,74.48275862068967
E00032787,264,72,46,26,192,14,178,27.27272727272727,17.424242424242426,9.848484848484848,72.72727272727273,5.303030303030303,67.42424242424242
E00032790,219,97,69,28,122,11,111,44.29223744292237,31.506849315068493,12.785388127853881,55.70776255707762,5.0228310502283104,50.68493150684932
E00032791,321,88,45,43,233,11,222,27.41433021806853,14.018691588785046,13.395638629283487,72.58566978193146,3.4267912772585665,69.1588785046729
E00032792,345,90,59,31,255,8,247,26.08695652173913,17.101449275362317,8.985507246376812,73.91304347826086,2.318840579710145,71.59420289855073
E00032793,189,63,36,27,126,5,121,33.33333333333333,19.047619047619047,14.285714285714285,66.66666666666666,2.6455026455026456,64.02116402116403
E00032795,297,66,35,31,231,20,211,22.22222222222222,11.784511784511785,10.437710437710438,77.77777777777779,6.7340067340067336,71.04377104377105
E00032796,342,71,30,41,271,30,241,20.760233918128655,8.771929824561402,11.988304093567251,79.23976608187134,8.771929824561402,70.46783625730994
E00032797,309,48,19,29,261,18,243,15.53398058252427,6.148867313915858,9.385113268608414,84.46601941747572,5.825242718446602,78.64077669902912
E00032798,286,49,23,26,237,21,216,17.132867132867133,8.041958041958042,9.090909090909092,82.86713286713287,7.3426573426573425,75.52447552447552
E00032799,241,34,17,17,207,23,184,14.107883817427386,7.053941908713693,7.053941908713693,85.89211618257261,9.54356846473029,76.34854771784232
E00032800,431,106,59,47,325,28,297,24.593967517401392,13.68909512761021,10.904872389791183,75.4060324825986,6.496519721577726,68.90951276102089
E00032801,550,258,173,85,292,18,274,46.909090909090914,31.454545454545457,15.454545454545453,53.090909090909086,3.272727272727273,49.81818181818182
E00032802,299,58,29,29,241,13,228,19.39799331103679,9.698996655518394,9.698996655518394,80.60200668896321,4.3478260869565215,76.2541806020067
E00032803,324,53,23,30,271,19,252,16.358024691358025,7.098765432098765,9.25925925925926,83.64197530864197,5.864197530864197,77.77777777777779
E00032804,323,47,27,20,276,18,258,14.551083591331269,8.359133126934983,6.191950464396285,85.44891640866872,5.572755417956656,79.87616099071208
E00032805,349,50,24,26,299,34,265,14.326647564469914,6.876790830945559,7.4498567335243555,85.67335243553008,9.742120343839542,75.93123209169055
E00032806,297,43,26,17,254,28,226,14.47811447811448,8.754208754208754,5.723905723905724,85.52188552188552,9.427609427609427,76.0942760942761
E00032807,267,42,22,20,225,22,203,15.730337078651685,8.239700374531834,7.490636704119851,84.26966292134831,8.239700374531834,76.02996254681648
E00032808,354,56,31,25,298,33,265,15.819209039548024,8.757062146892656,7.062146892655368,84.18079096045197,9.322033898305085,74.85875706214689
E00032809,318,52,22,30,266,25,241,16.352201257861633,6.918238993710692,9.433962264150944,83.64779874213836,7.861635220125786,75.78616352201259
E00032810,280,46,20,26,234,34,200,16.428571428571427,7.142857142857142,9.285714285714286,83.57142857142857,12.142857142857142,71.42857142857143
E00032811,301,35,19,16,266,26,240,11.627906976744185,6.312292358803987,5.3156146179401995,88.37209302325581,8.637873754152823,79.734219269103
E00032812,311,65,30,35,246,15,231,20.90032154340836,9.646302250803858,11.254019292604502,79.09967845659163,4.823151125401929,74.27652733118971
E00032813,266,47,23,24,219,19,200,17.669172932330827,8.646616541353383,9.022556390977442,82.33082706766918,7.142857142857142,75.18796992481202
E00032814,251,48,17,31,203,19,184,19.12350597609562,6.772908366533864,12.350597609561753,80.87649402390437,7.569721115537849,73.30677290836654
E00032815,296,49,22,27,247,14,233,16.554054054054053,7.4324324324324325,9.121621621621621,83.44594594594594,4.72972972972973,78.71621621621621
E00032816,133,55,41,14,78,9,69,41.35338345864661,30.82706766917293,10.526315789473683,58.64661654135338,6.7669172932330826,51.8796992481203
E00032817,611,100,47,53,511,36,475,16.366612111292962,7.6923076923076925,8.674304418985269,83.63338788870703,5.8919803600654665,77.74140752864157
E00032818,340,71,37,34,269,15,254,20.88235294117647,10.882352941176471,10,79.11764705882352,4.411764705882353,74.70588235294117
E00032819,557,82,43,39,475,39,436,14.721723518850988,7.719928186714542,7.001795332136446,85.27827648114902,7.001795332136446,78.27648114901257
E00032820,596,87,41,46,509,40,469,14.597315436241612,6.879194630872483,7.718120805369128,85.40268456375838,6.7114093959731544,78.69127516778524
E00032821,419,60,23,37,359,28,331,14.319809069212411,5.4892601431980905,8.83054892601432,85.68019093078759,6.682577565632458,78.99761336515513
E00032822,229,57,28,29,172,14,158,24.890829694323145,12.22707423580786,12.663755458515283,75.10917030567686,6.11353711790393,68.99563318777294
E00032823,324,105,69,36,219,12,207,32.407407407407405,21.296296296296298,11.11111111111111,67.5925925925926,3.7037037037037033,63.888888888888886
E00032824,241,79,51,28,162,12,150,32.780082987551864,21.16182572614108,11.618257261410788,67.21991701244814,4.979253112033195,62.24066390041494
E00032825,266,54,30,24,212,18,194,20.30075187969925,11.278195488721805,9.022556390977442,79.69924812030075,6.7669172932330826,72.93233082706767
E00032826,414,78,37,41,336,16,320,18.84057971014493,8.937198067632849,9.903381642512077,81.15942028985508,3.864734299516908,77.29468599033817
E00032827,226,50,27,23,176,8,168,22.123893805309734,11.946902654867257,10.176991150442479,77.87610619469027,3.5398230088495577,74.33628318584071
E00032828,233,50,22,28,183,9,174,21.45922746781116,9.44206008583691,12.017167381974248,78.54077253218884,3.862660944206009,74.67811158798283
E00032829,388,113,72,41,275,27,248,29.12371134020619,18.556701030927837,10.56701030927835,70.87628865979381,6.958762886597938,63.91752577319587
E00032830,425,89,58,31,336,20,316,20.941176470588236,13.647058823529413,7.294117647058823,79.05882352941175,4.705882352941177,74.3529411764706
E00032831,363,88,51,37,275,20,255,24.242424242424242,14.049586776859504,10.192837465564738,75.75757575757575,5.5096418732782375,70.24793388429752
E00032832,297,76,39,37,221,9,212,25.589225589225588,13.131313131313133,12.457912457912458,74.41077441077442,3.0303030303030303,71.38047138047138
E00032833,276,61,35,26,215,13,202,22.10144927536232,12.681159420289855,9.420289855072465,77.89855072463769,4.710144927536232,73.18840579710145
E00032834,243,36,23,13,207,23,184,14.814814814814813,9.465020576131687,5.349794238683128,85.18518518518519,9.465020576131687,75.7201646090535
E00032835,306,49,22,27,257,21,236,16.013071895424837,7.18954248366013,8.823529411764707,83.98692810457517,6.862745098039216,77.12418300653596
E00032836,302,84,47,37,218,16,202,27.81456953642384,15.562913907284766,12.251655629139073,72.18543046357617,5.298013245033113,66.88741721854305
E00032837,314,90,50,40,224,10,214,28.662420382165603,15.92356687898089,12.738853503184714,71.3375796178344,3.1847133757961785,68.15286624203821
E00032838,341,81,42,39,260,12,248,23.75366568914956,12.316715542521994,11.436950146627565,76.24633431085044,3.519061583577713,72.72727272727273
E00032839,275,56,35,21,219,10,209,20.363636363636363,12.727272727272727,7.636363636363637,79.63636363636364,3.6363636363636362,76
E00032840,360,87,50,37,273,19,254,24.166666666666668,13.88888888888889,10.277777777777777,75.83333333333333,5.277777777777778,70.55555555555556
E00032841,324,92,63,29,232,19,213,28.39506172839506,19.444444444444446,8.950617283950617,71.60493827160494,5.864197530864197,65.74074074074075
E00032842,250,71,45,26,179,12,167,28.4,18,10.4,71.6,4.8,66.8
E00032843,320,69,37,32,251,15,236,21.5625,11.5625,10,78.4375,4.6875,73.75
E00032844,264,42,25,17,222,17,205,15.909090909090908,9.469696969696969,6.4393939393939394,84.0909090909091,6.4393939393939394,77.65151515151516
E00032845,214,50,27,23,164,8,156,23.364485981308412,12.616822429906541,10.74766355140187,76.63551401869158,3.7383177570093453,72.89719626168224
E00032846,307,71,36,35,236,20,216,23.12703583061889,11.726384364820847,11.400651465798045,76.8729641693811,6.514657980456026,70.35830618892508
E00032847,285,67,36,31,218,14,204,23.50877192982456,12.631578947368421,10.87719298245614,76.49122807017544,4.912280701754386,71.57894736842105
E00032848,257,55,34,21,202,16,186,21.40077821011673,13.229571984435799,8.171206225680933,78.59922178988327,6.22568093385214,72.37354085603113
E00032849,251,57,28,29,194,14,180,22.709163346613543,11.155378486055776,11.553784860557768,77.29083665338645,5.577689243027888,71.71314741035857
E00032850,278,66,33,33,212,17,195,23.741007194244602,11.870503597122301,11.870503597122301,76.2589928057554,6.115107913669065,70.14388489208633
E00032851,317,119,74,45,198,18,180,37.53943217665615,23.34384858044164,14.195583596214512,62.46056782334385,5.678233438485805,56.782334384858046
E00032852,316,57,31,26,259,15,244,18.037974683544302,9.81012658227848,8.227848101265822,81.9620253164557,4.746835443037975,77.21518987341773
E00032853,275,60,28,32,215,16,199,21.818181818181817,10.181818181818182,11.636363636363637,78.18181818181819,5.818181818181818,72.36363636363636
E00032854,238,93,47,46,145,11,134,39.075630252100844,19.747899159663866,19.327731092436977,60.924369747899156,4.621848739495799,56.30252100840336
E00032855,269,73,39,34,196,11,185,27.137546468401485,14.49814126394052,12.639405204460965,72.86245353159852,4.089219330855019,68.77323420074349
E00032856,205,86,48,38,119,8,111,41.951219512195124,23.414634146341466,18.536585365853657,58.048780487804876,3.902439024390244,54.146341463414636
E00032857,420,64,32,32,356,20,336,15.238095238095239,7.6190476190476195,7.6190476190476195,84.76190476190476,4.761904761904762,80
E00032858,284,122,64,58,162,25,137,42.95774647887324,22.535211267605636,20.422535211267608,57.04225352112676,8.80281690140845,48.23943661971831
E00032859,349,69,33,36,280,17,263,19.770773638968482,9.455587392550143,10.315186246418339,80.22922636103151,4.871060171919771,75.35816618911176
E00032860,280,72,41,31,208,13,195,25.71428571428571,14.642857142857144,11.071428571428571,74.28571428571429,4.642857142857143,69.64285714285714
E00032861,242,68,29,39,174,10,164,28.09917355371901,11.983471074380166,16.115702479338843,71.900826446281,4.132231404958678,67.76859504132231
E00032862,349,45,30,15,304,19,285,12.893982808022923,8.595988538681947,4.297994269340974,87.10601719197709,5.444126074498568,81.66189111747852
E00032863,315,51,22,29,264,21,243,16.19047619047619,6.984126984126984,9.206349206349207,83.80952380952381,6.666666666666667,77.14285714285715
E00032864,266,49,18,31,217,19,198,18.421052631578945,6.7669172932330826,11.654135338345863,81.57894736842105,7.142857142857142,74.43609022556392
E00032865,261,47,17,30,214,10,204,18.007662835249043,6.513409961685824,11.494252873563218,81.99233716475096,3.8314176245210727,78.16091954022988
E00032866,261,59,29,30,202,15,187,22.60536398467433,11.11111111111111,11.494252873563218,77.39463601532567,5.747126436781609,71.64750957854406
E00032867,581,89,39,50,492,39,453,15.3184165232358,6.712564543889846,8.605851979345955,84.6815834767642,6.712564543889846,77.96901893287436
E00032868,271,62,30,32,209,17,192,22.878228782287824,11.07011070110701,11.808118081180812,77.12177121771218,6.273062730627306,70.84870848708486
E00032869,264,39,18,21,225,16,209,14.772727272727273,6.8181818181818175,7.954545454545454,85.22727272727273,6.0606060606060606,79.16666666666666
E00032870,296,52,24,28,244,22,222,17.56756756756757,8.108108108108109,9.45945945945946,82.43243243243244,7.4324324324324325,75
E00032871,216,41,23,18,175,10,165,18.98148148148148,10.648148148148149,8.333333333333332,81.01851851851852,4.62962962962963,76.38888888888889
E00032872,321,55,31,24,266,19,247,17.133956386292834,9.657320872274143,7.476635514018691,82.86604361370716,5.919003115264798,76.94704049844236
E00032873,293,46,21,25,247,15,232,15.699658703071673,7.167235494880546,8.532423208191126,84.30034129692832,5.1194539249146755,79.18088737201366
E00032874,291,47,22,25,244,19,225,16.151202749140893,7.560137457044673,8.59106529209622,83.8487972508591,6.529209621993128,77.31958762886599
E00032875,337,52,26,26,285,20,265,15.43026706231454,7.71513353115727,7.71513353115727,84.56973293768546,5.934718100890208,78.63501483679525
E00032876,259,42,19,23,217,15,202,16.216216216216218,7.335907335907336,8.880308880308881,83.78378378378379,5.7915057915057915,77.99227799227799
E00032877,309,46,18,28,263,20,243,14.886731391585762,5.825242718446602,9.06148867313916,85.11326860841424,6.472491909385113,78.64077669902912
E00032878,187,39,22,17,148,16,132,20.855614973262032,11.76470588235294,9.090909090909092,79.14438502673798,8.55614973262032,70.58823529411765
E00032879,340,52,21,31,288,16,272,15.294117647058824,6.176470588235294,9.117647058823529,84.70588235294117,4.705882352941177,80
E00032880,316,49,22,27,267,19,248,15.50632911392405,6.962025316455696,8.544303797468354,84.49367088607595,6.012658227848101,78.48101265822784
E00032882,328,54,20,34,274,18,256,16.463414634146343,6.097560975609756,10.365853658536585,83.53658536585365,5.487804878048781,78.04878048780488
E00032883,346,66,34,32,280,31,249,19.07514450867052,9.826589595375722,9.248554913294797,80.92485549132948,8.959537572254336,71.96531791907515
E00032884,276,40,20,20,236,15,221,14.492753623188406,7.246376811594203,7.246376811594203,85.5072463768116,5.434782608695652,80.07246376811594
E00032885,292,58,29,29,234,13,221,19.863013698630137,9.931506849315069,9.931506849315069,80.13698630136986,4.4520547945205475,75.68493150684932
E00032886,206,44,19,25,162,12,150,21.35922330097087,9.223300970873787,12.135922330097088,78.64077669902912,5.825242718446602,72.81553398058253
E00032889,284,76,50,26,208,16,192,26.76056338028169,17.6056338028169,9.15492957746479,73.23943661971832,5.633802816901409,67.6056338028169
E00032890,325,62,24,38,263,18,245,19.076923076923077,7.384615384615385,11.692307692307692,80.92307692307692,5.538461538461538,75.38461538461539
E00032891,337,71,37,34,266,18,248,21.068249258160236,10.979228486646884,10.089020771513352,78.93175074183976,5.341246290801187,73.59050445103857
E00032893,346,81,36,45,265,21,244,23.410404624277454,10.404624277456648,13.005780346820808,76.58959537572254,6.069364161849711,70.52023121387283
E00032894,398,88,48,40,310,17,293,22.110552763819097,12.060301507537687,10.050251256281408,77.88944723618091,4.271356783919598,73.61809045226131
E00032895,495,93,55,38,402,22,380,18.787878787878785,11.11111111111111,7.6767676767676765,81.21212121212122,4.444444444444445,76.76767676767676
E00032896,308,90,49,41,218,13,205,29.22077922077922,15.909090909090908,13.311688311688311,70.77922077922078,4.220779220779221,66.55844155844156
E00032897,314,111,59,52,203,25,178,35.35031847133758,18.789808917197455,16.560509554140125,64.64968152866241,7.961783439490445,56.68789808917197
E00032898,445,135,75,60,310,22,288,30.337078651685395,16.853932584269664,13.48314606741573,69.66292134831461,4.943820224719101,64.71910112359551
E00032899,397,108,69,39,289,16,273,27.204030226700255,17.38035264483627,9.82367758186398,72.79596977329975,4.030226700251889,68.76574307304786
E00032900,298,66,30,36,232,12,220,22.14765100671141,10.06711409395973,12.080536912751679,77.85234899328859,4.026845637583892,73.8255033557047
E00032902,267,47,23,24,220,19,201,17.60299625468165,8.614232209737828,8.98876404494382,82.39700374531836,7.116104868913857,75.28089887640449
E00032903,290,83,52,31,207,17,190,28.620689655172416,17.93103448275862,10.689655172413794,71.37931034482759,5.862068965517241,65.51724137931035
E00032904,280,47,29,18,233,17,216,16.785714285714285,10.357142857142858,6.428571428571428,83.21428571428572,6.071428571428571,77.14285714285715
E00032905,318,56,28,28,262,24,238,17.61006289308176,8.80503144654088,8.80503144654088,82.38993710691824,7.547169811320755,74.84276729559748
E00032906,455,103,61,42,352,19,333,22.63736263736264,13.406593406593407,9.230769230769232,77.36263736263737,4.175824175824175,73.18681318681318
E00032907,345,84,43,41,261,23,238,24.347826086956523,12.46376811594203,11.884057971014492,75.65217391304347,6.666666666666667,68.98550724637681
E00032908,496,103,64,39,393,23,370,20.766129032258064,12.903225806451612,7.862903225806452,79.23387096774194,4.637096774193548,74.59677419354838
E00032910,462,71,27,44,391,38,353,15.367965367965366,5.844155844155844,9.523809523809524,84.63203463203463,8.225108225108226,76.40692640692642
E00032911,411,101,62,39,310,17,293,24.574209245742093,15.085158150851582,9.48905109489051,75.4257907542579,4.13625304136253,71.28953771289538
E00032912,517,108,50,58,409,31,378,20.889748549323016,9.671179883945841,11.218568665377177,79.11025145067698,5.996131528046422,73.11411992263056
E00032913,433,37,16,21,396,32,364,8.545034642032332,3.695150115473441,4.849884526558892,91.45496535796767,7.390300230946882,84.06466512702079
E00032914,247,61,33,28,186,11,175,24.696356275303643,13.360323886639677,11.336032388663968,75.30364372469636,4.4534412955465585,70.8502024291498
E00032915,282,78,46,32,204,17,187,27.659574468085108,16.312056737588655,11.347517730496454,72.3404255319149,6.028368794326241,66.31205673758865
E00032916,350,45,13,32,305,26,279,12.857142857142856,3.7142857142857144,9.142857142857142,87.14285714285714,7.428571428571429,79.71428571428572
E00032917,283,58,21,37,225,12,213,20.49469964664311,7.420494699646643,13.074204946996467,79.50530035335689,4.240282685512367,75.26501766784452
E00032918,301,57,31,26,244,15,229,18.93687707641196,10.299003322259136,8.637873754152823,81.06312292358804,4.983388704318937,76.0797342192691
E00032919,262,60,30,30,202,13,189,22.900763358778626,11.450381679389313,11.450381679389313,77.09923664122137,4.961832061068702,72.13740458015268
E00032920,300,60,26,34,240,16,224,20,8.666666666666668,11.333333333333332,80,5.333333333333334,74.66666666666667
E00032921,235,48,24,24,187,14,173,20.425531914893615,10.212765957446807,10.212765957446807,79.57446808510639,5.957446808510639,73.61702127659574
E00032922,318,78,32,46,240,18,222,24.528301886792452,10.062893081761008,14.465408805031446,75.47169811320755,5.660377358490567,69.81132075471697
E00032923,270,51,21,30,219,11,208,18.88888888888889,7.777777777777778,11.11111111111111,81.11111111111111,4.074074074074074,77.03703703703704
E00032924,290,63,39,24,227,23,204,21.72413793103448,13.448275862068964,8.275862068965518,78.27586206896552,7.931034482758621,70.34482758620689
E00032926,371,55,21,34,316,21,295,14.824797843665769,5.660377358490567,9.164420485175203,85.17520215633422,5.660377358490567,79.51482479784366
E00032927,234,55,36,19,179,16,163,23.504273504273502,15.384615384615385,8.11965811965812,76.49572649572649,6.837606837606838,69.65811965811966
E00032928,285,94,58,36,191,21,170,32.98245614035088,20.350877192982455,12.631578947368421,67.01754385964912,7.368421052631578,59.64912280701754
E00032929,286,84,45,39,202,14,188,29.37062937062937,15.734265734265735,13.636363636363635,70.62937062937063,4.895104895104895,65.73426573426573
E00032930,306,72,37,35,234,8,226,23.52941176470588,12.091503267973856,11.437908496732026,76.47058823529412,2.6143790849673203,73.8562091503268
E00032931,255,62,36,26,193,16,177,24.313725490196077,14.117647058823529,10.196078431372548,75.68627450980392,6.2745098039215685,69.41176470588235
E00032932,248,67,37,30,181,17,164,27.016129032258064,14.919354838709678,12.096774193548388,72.98387096774194,6.854838709677419,66.12903225806451
E00032933,241,78,48,30,163,16,147,32.365145228215766,19.91701244813278,12.448132780082988,67.63485477178423,6.639004149377594,60.99585062240664
E00032934,243,57,33,24,186,17,169,23.456790123456788,13.580246913580247,9.876543209876543,76.5432098765432,6.995884773662551,69.54732510288066
E00032935,252,50,22,28,202,22,180,19.841269841269842,8.73015873015873,11.11111111111111,80.15873015873017,8.73015873015873,71.42857142857143
E00032936,248,38,18,20,210,21,189,15.32258064516129,7.258064516129033,8.064516129032258,84.67741935483872,8.46774193548387,76.20967741935483
E00032937,259,51,29,22,208,23,185,19.69111969111969,11.196911196911197,8.494208494208493,80.3088803088803,8.880308880308881,71.42857142857143
E00032938,232,52,27,25,180,21,159,22.413793103448278,11.637931034482758,10.775862068965516,77.58620689655173,9.051724137931034,68.53448275862068
E00032939,320,41,16,25,279,12,267,12.812499999999998,5,7.8125,87.1875,3.75,83.4375
E00032940,302,52,24,28,250,20,230,17.218543046357617,7.9470198675496695,9.271523178807946,82.78145695364239,6.622516556291391,76.15894039735099
E00032941,318,79,40,39,239,22,217,24.842767295597483,12.578616352201259,12.264150943396226,75.15723270440252,6.918238993710692,68.23899371069182
E00032943,248,57,35,22,191,22,169,22.983870967741936,14.112903225806454,8.870967741935484,77.01612903225806,8.870967741935484,68.14516129032258
E00032944,383,89,52,37,294,31,263,23.237597911227155,13.577023498694519,9.660574412532636,76.76240208877284,8.093994778067886,68.66840731070496
E00032945,304,57,25,32,247,20,227,18.75,8.223684210526317,10.526315789473683,81.25,6.578947368421052,74.67105263157895
E00032946,326,43,16,27,283,25,258,13.190184049079754,4.9079754601226995,8.282208588957054,86.80981595092024,7.668711656441718,79.14110429447852
E00032947,159,59,37,22,100,7,93,37.10691823899371,23.270440251572328,13.836477987421384,62.893081761006286,4.40251572327044,58.490566037735846
E00032948,205,50,24,26,155,9,146,24.390243902439025,11.707317073170733,12.682926829268293,75.60975609756098,4.390243902439024,71.21951219512195
E00032949,257,78,46,32,179,17,162,30.35019455252918,17.898832684824903,12.45136186770428,69.64980544747081,6.614785992217899,63.035019455252915
E00032950,183,49,24,25,134,7,127,26.775956284153008,13.114754098360656,13.661202185792352,73.224043715847,3.825136612021858,69.39890710382514
E00032951,205,66,29,37,139,11,128,32.19512195121951,14.146341463414632,18.048780487804876,67.8048780487805,5.365853658536586,62.4390243902439
E00032952,333,71,36,35,262,22,240,21.32132132132132,10.81081081081081,10.51051051051051,78.67867867867868,6.606606606606606,72.07207207207207
E00032953,258,77,41,36,181,11,170,29.844961240310074,15.891472868217054,13.953488372093023,70.15503875968993,4.263565891472868,65.89147286821705
E00032954,317,84,36,48,233,17,216,26.498422712933756,11.35646687697161,15.141955835962145,73.50157728706624,5.3627760252365935,68.13880126182966
E00032955,287,68,33,35,219,13,206,23.693379790940767,11.498257839721255,12.195121951219512,76.30662020905923,4.529616724738676,71.77700348432056
E00032957,235,52,25,27,183,12,171,22.127659574468083,10.638297872340425,11.48936170212766,77.87234042553192,5.106382978723404,72.76595744680851
E00032958,266,40,11,29,226,15,211,15.037593984962406,4.135338345864661,10.902255639097744,84.9624060150376,5.639097744360902,79.32330827067669
E00032959,279,60,33,27,219,25,194,21.50537634408602,11.827956989247312,9.67741935483871,78.49462365591397,8.960573476702509,69.53405017921148
E00032960,264,44,19,25,220,24,196,16.666666666666664,7.196969696969697,9.469696969696969,83.33333333333334,9.090909090909092,74.24242424242425
E00032961,340,105,70,35,235,14,221,30.88235294117647,20.588235294117645,10.294117647058822,69.11764705882352,4.117647058823529,65
E00032962,303,56,25,31,247,16,231,18.48184818481848,8.25082508250825,10.231023102310232,81.51815181518151,5.2805280528052805,76.23762376237624
E00032963,285,40,24,16,245,20,225,14.035087719298245,8.421052631578947,5.614035087719298,85.96491228070175,7.017543859649122,78.94736842105263
E00032964,243,49,29,20,194,15,179,20.16460905349794,11.934156378600823,8.23045267489712,79.83539094650206,6.172839506172839,73.66255144032921
E00032965,275,70,43,27,205,7,198,25.454545454545453,15.636363636363637,9.818181818181818,74.54545454545455,2.5454545454545454,72
E00032966,277,61,38,23,216,11,205,22.021660649819495,13.718411552346572,8.303249097472925,77.9783393501805,3.9711191335740073,74.0072202166065
E00032967,317,86,54,32,231,15,216,27.129337539432175,17.034700315457414,10.094637223974763,72.87066246056783,4.73186119873817,68.13880126182966
E00032968,309,77,42,35,232,14,218,24.919093851132686,13.592233009708737,11.326860841423949,75.08090614886731,4.53074433656958,70.55016181229773
E00032969,286,80,46,34,206,15,191,27.972027972027973,16.083916083916083,11.888111888111888,72.02797202797203,5.244755244755245,66.78321678321679
E00032970,513,113,53,60,400,30,370,22.027290448343077,10.33138401559454,11.695906432748536,77.97270955165692,5.847953216374268,72.12475633528264
E00032971,384,90,51,39,294,13,281,23.4375,13.28125,10.15625,76.5625,3.3854166666666665,73.17708333333334
E00032972,220,64,44,20,156,7,149,29.09090909090909,20,9.090909090909092,70.9090909090909,3.1818181818181817,67.72727272727272
E00032973,314,86,54,32,228,15,213,27.388535031847134,17.197452229299362,10.191082802547772,72.61146496815286,4.777070063694268,67.83439490445859
E00032974,261,50,23,27,211,14,197,19.157088122605366,8.812260536398467,10.344827586206897,80.84291187739464,5.363984674329502,75.47892720306514
E00032975,220,48,26,22,172,23,149,21.818181818181817,11.818181818181818,10,78.18181818181819,10.454545454545453,67.72727272727272
E00032976,322,68,28,40,254,13,241,21.11801242236025,8.695652173913043,12.422360248447205,78.88198757763976,4.037267080745342,74.84472049689441
E00032977,333,64,34,30,269,22,247,19.21921921921922,10.21021021021021,9.00900900900901,80.78078078078079,6.606606606606606,74.17417417417418
E00032978,398,78,33,45,320,15,305,19.597989949748744,8.291457286432161,11.306532663316583,80.40201005025126,3.7688442211055273,76.63316582914574
E00032979,262,44,21,23,218,13,205,16.793893129770993,8.015267175572518,8.778625954198473,83.20610687022901,4.961832061068702,78.2442748091603
E00032980,283,75,46,29,208,18,190,26.501766784452297,16.25441696113074,10.247349823321555,73.4982332155477,6.36042402826855,67.13780918727915
E00032981,234,48,27,21,186,8,178,20.51282051282051,11.538461538461538,8.974358974358974,79.48717948717949,3.418803418803419,76.06837606837607
E00032982,289,71,37,34,218,15,203,24.567474048442904,12.802768166089965,11.76470588235294,75.4325259515571,5.190311418685121,70.24221453287197
E00032983,332,103,55,48,229,14,215,31.024096385542173,16.566265060240966,14.457831325301203,68.97590361445783,4.216867469879518,64.7590361445783
E00032984,333,68,40,28,265,12,253,20.42042042042042,12.012012012012011,8.408408408408409,79.57957957957959,3.6036036036036037,75.97597597597597
E00172016,365,41,18,23,324,28,296,11.232876712328768,4.931506849315069,6.301369863013699,88.76712328767124,7.671232876712329,81.0958904109589
E00172017,556,37,11,26,519,27,492,6.654676258992806,1.9784172661870503,4.676258992805756,93.34532374100719,4.856115107913669,88.48920863309353
E00172018,301,88,65,23,213,16,197,29.2358803986711,21.59468438538206,7.641196013289036,70.7641196013289,5.3156146179401995,65.4485049833887
E00172020,330,35,17,18,295,19,276,10.606060606060606,5.151515151515151,5.454545454545454,89.39393939393939,5.757575757575758,83.63636363636363
E00172021,364,69,34,35,295,18,277,18.956043956043956,9.340659340659341,9.615384615384617,81.04395604395604,4.945054945054945,76.0989010989011
E00172022,323,166,104,62,157,8,149,51.39318885448917,32.19814241486068,19.195046439628484,48.60681114551084,2.476780185758514,46.13003095975232
E00172023,187,27,13,14,160,12,148,14.43850267379679,6.951871657754011,7.4866310160427805,85.56149732620321,6.417112299465241,79.14438502673798
E00172024,298,35,9,26,263,23,240,11.74496644295302,3.0201342281879198,8.724832214765101,88.25503355704699,7.718120805369128,80.53691275167785
E00172025,137,22,11,11,115,8,107,16.05839416058394,8.02919708029197,8.02919708029197,83.94160583941606,5.839416058394161,78.1021897810219
E00172026,330,54,26,28,276,25,251,16.363636363636363,7.878787878787878,8.484848484848486,83.63636363636363,7.575757575757576,76.06060606060606
E00172027,340,64,26,38,276,15,261,18.823529411764707,7.647058823529412,11.176470588235295,81.17647058823529,4.411764705882353,76.76470588235294
E00172028,549,55,24,31,494,25,469,10.018214936247723,4.371584699453552,5.646630236794172,89.98178506375227,4.553734061930783,85.42805100182149
E00172029,393,104,65,39,289,21,268,26.463104325699742,16.539440203562343,9.923664122137405,73.53689567430025,5.343511450381679,68.19338422391857
E00172030,362,44,13,31,318,27,291,12.154696132596685,3.591160220994475,8.56353591160221,87.84530386740332,7.458563535911603,80.38674033149171
E00172031,381,46,21,25,335,30,305,12.073490813648293,5.511811023622047,6.561679790026247,87.92650918635171,7.874015748031496,80.0524934383202
E00172032,372,60,29,31,312,24,288,16.129032258064516,7.795698924731183,8.333333333333332,83.87096774193549,6.451612903225806,77.41935483870968
E00172033,280,48,21,27,232,16,216,17.142857142857142,7.5,9.642857142857144,82.85714285714286,5.714285714285714,77.14285714285715
E00172034,339,46,20,26,293,22,271,13.569321533923304,5.899705014749262,7.669616519174041,86.4306784660767,6.489675516224189,79.9410029498525
E00172035,315,101,63,38,214,8,206,32.06349206349206,20,12.063492063492063,67.93650793650794,2.5396825396825395,65.39682539682539
E00172036,274,59,28,31,215,17,198,21.532846715328464,10.218978102189782,11.313868613138686,78.46715328467153,6.204379562043796,72.26277372262774
E00172037,338,39,23,16,299,17,282,11.538461538461538,6.8047337278106506,4.733727810650888,88.46153846153845,5.029585798816568,83.4319526627219
E00172038,554,78,44,34,476,34,442,14.079422382671481,7.9422382671480145,6.137184115523466,85.92057761732852,6.137184115523466,79.78339350180505
E00172128,214,62,31,31,152,7,145,28.971962616822427,14.485981308411214,14.485981308411214,71.02803738317756,3.2710280373831773,67.7570093457944
E00172131,303,33,14,19,270,18,252,10.891089108910892,4.62046204620462,6.270627062706271,89.10891089108911,5.9405940594059405,83.16831683168317
E00185137,128,55,31,24,73,4,69,42.96875,24.21875,18.75,57.03125,3.125,53.90625
E00185138,433,118,58,60,315,28,287,27.25173210161663,13.394919168591224,13.856812933025402,72.74826789838336,6.466512702078522,66.28175519630484
E00185139,208,28,13,15,180,9,171,13.461538461538462,6.25,7.211538461538461,86.53846153846155,4.326923076923077,82.21153846153845
E00185141,261,40,17,23,221,17,204,15.32567049808429,6.513409961685824,8.812260536398467,84.67432950191571,6.513409961685824,78.16091954022988
E00185142,206,34,10,24,172,9,163,16.50485436893204,4.854368932038835,11.650485436893204,83.49514563106796,4.368932038834951,79.12621359223301
E00185143,268,63,34,29,205,14,191,23.507462686567166,12.686567164179104,10.820895522388058,76.49253731343283,5.223880597014925,71.26865671641791
E00185144,153,21,6,15,132,8,124,13.725490196078432,3.9215686274509802,9.803921568627452,86.27450980392157,5.228758169934641,81.04575163398692
E00185145,411,87,54,33,324,22,302,21.16788321167883,13.138686131386862,8.02919708029197,78.83211678832117,5.35279805352798,73.47931873479318
E00185147,105,14,0,14,91,9,82,13.333333333333334,0,13.333333333333334,86.66666666666667,8.571428571428571,78.0952380952381
E00185149,133,24,15,9,109,11,98,18.045112781954884,11.278195488721805,6.7669172932330826,81.95488721804512,8.270676691729323,73.68421052631578
E00185150,549,31,5,26,518,37,481,5.646630236794172,0.9107468123861567,4.735883424408015,94.35336976320583,6.739526411657559,87.61384335154827
E00185152,586,71,34,37,515,35,480,12.1160409556314,5.802047781569966,6.313993174061433,87.8839590443686,5.972696245733788,81.91126279863481
E00185155,223,21,6,15,202,10,192,9.417040358744394,2.690582959641256,6.726457399103139,90.5829596412556,4.484304932735426,86.09865470852019
E00185157,306,50,24,26,256,23,233,16.33986928104575,7.8431372549019605,8.49673202614379,83.66013071895425,7.516339869281046,76.1437908496732
E00185160,315,66,33,33,249,13,236,20.952380952380953,10.476190476190476,10.476190476190476,79.04761904761905,4.1269841269841265,74.92063492063492
E00185161,389,95,72,23,294,19,275,24.42159383033419,18.50899742930591,5.912596401028278,75.57840616966581,4.884318766066838,70.69408740359897
E00185162,517,34,11,23,483,28,455,6.5764023210831715,2.127659574468085,4.448742746615087,93.42359767891682,5.415860735009671,88.00773694390716
E00185163,293,55,26,29,238,21,217,18.771331058020476,8.873720136518772,9.897610921501707,81.22866894197952,7.167235494880546,74.06143344709898
E00185165,151,17,8,9,134,10,124,11.258278145695364,5.298013245033113,5.960264900662252,88.74172185430463,6.622516556291391,82.11920529801324
E00185166,478,41,14,27,437,35,402,8.577405857740587,2.928870292887029,5.648535564853557,91.42259414225941,7.322175732217573,84.10041841004184
E00185167,271,69,46,23,202,11,191,25.461254612546124,16.974169741697416,8.487084870848708,74.53874538745387,4.059040590405904,70.47970479704797
E00185171,265,45,27,18,220,17,203,16.9811320754717,10.18867924528302,6.7924528301886795,83.01886792452831,6.415094339622642,76.60377358490567
E00185173,166,25,12,13,141,12,129,15.060240963855422,7.228915662650602,7.83132530120482,84.93975903614458,7.228915662650602,77.71084337349397
E00185175,436,81,44,37,355,18,337,18.577981651376145,10.091743119266056,8.486238532110093,81.42201834862385,4.128440366972478,77.29357798165137
E00185176,310,37,21,16,273,16,257,11.935483870967742,6.774193548387098,5.161290322580645,88.06451612903226,5.161290322580645,82.9032258064516
