OA,ts0590001,ts0590002,ts0590003,ts0590004,ts0590005,ts0590006,ts0590007,ts0590002_PCT,ts0590003_PCT,ts0590004_PCT,ts0590005_PCT,ts0590006_PCT,ts0590007_PCT
E00032499,96,25,6,19,71,63,8,26.041666666666668,6.25,19.791666666666664,73.95833333333334,65.625,8.333333333333332
E00032500,111,25,9,16,86,69,17,22.52252252252252,8.108108108108109,14.414414414414415,77.47747747747748,62.16216216216216,15.315315315315313
E00032501,50,15,4,11,35,33,2,30,8,22,70,66,4
E00032502,81,25,6,19,56,52,4,30.864197530864196,7.4074074074074066,23.456790123456788,69.1358024691358,64.19753086419753,4.938271604938271
E00032504,97,38,10,28,59,58,1,39.175257731958766,10.309278350515463,28.865979381443296,60.824742268041234,59.79381443298969,1.0309278350515463
E00032505,95,38,13,25,57,53,4,40,13.684210526315791,26.31578947368421,60,55.78947368421052,4.2105263157894735
E00032506,88,20,3,17,68,54,14,22.727272727272727,3.4090909090909087,19.318181818181817,77.27272727272727,61.36363636363637,15.909090909090908
E00032507,85,28,8,20,57,47,10,32.94117647058823,9.411764705882353,23.52941176470588,67.05882352941175,55.294117647058826,11.76470588235294
E00032508,107,38,11,27,69,64,5,35.51401869158878,10.2803738317757,25.233644859813083,64.48598130841121,59.813084112149525,4.672897196261682
E00032510,117,34,9,25,83,79,4,29.059829059829063,7.6923076923076925,21.367521367521366,70.94017094017094,67.52136752136752,3.418803418803419
E00032511,102,44,10,34,58,53,5,43.13725490196079,9.803921568627452,33.33333333333333,56.86274509803921,51.9607843137255,4.901960784313726
E00032512,101,38,7,31,63,57,6,37.62376237623762,6.9306930693069315,30.693069306930692,62.37623762376238,56.43564356435643,5.9405940594059405
E00032513,142,51,8,43,91,83,8,35.91549295774648,5.633802816901409,30.28169014084507,64.08450704225352,58.45070422535211,5.633802816901409
E00032514,73,24,0,24,49,47,2,32.87671232876712,0,32.87671232876712,67.12328767123287,64.38356164383562,2.73972602739726
E00032515,112,39,8,31,73,63,10,34.82142857142857,7.142857142857142,27.67857142857143,65.17857142857143,56.25,8.928571428571429
E00032516,97,36,8,28,61,61,0,37.11340206185567,8.24742268041237,28.865979381443296,62.88659793814433,62.88659793814433,0
E00032517,139,42,10,32,97,85,12,30.215827338129497,7.1942446043165464,23.021582733812952,69.7841726618705,61.15107913669065,8.633093525179856
E00032518,104,24,7,17,80,72,8,23.076923076923077,6.730769230769231,16.346153846153847,76.92307692307693,69.23076923076923,7.6923076923076925
E00032520,104,42,6,36,62,57,5,40.38461538461539,5.769230769230769,34.61538461538461,59.61538461538461,54.807692307692314,4.807692307692308
E00032521,110,29,5,24,81,73,8,26.36363636363636,4.545454545454546,21.818181818181817,73.63636363636363,66.36363636363637,7.2727272727272725
E00032522,154,49,15,34,105,100,5,31.818181818181817,9.740259740259742,22.07792207792208,68.18181818181817,64.93506493506493,3.2467532467532463
E00032523,104,43,12,31,61,54,7,41.34615384615385,11.538461538461538,29.807692307692307,58.65384615384615,51.92307692307693,6.730769230769231
E00032524,105,29,5,24,76,64,12,27.61904761904762,4.761904761904762,22.857142857142858,72.38095238095238,60.952380952380956,11.428571428571429
E00032525,126,47,14,33,79,75,4,37.301587301587304,11.11111111111111,26.190476190476193,62.698412698412696,59.523809523809526,3.1746031746031744
E00032526,84,25,7,18,59,52,7,29.761904761904763,8.333333333333332,21.428571428571427,70.23809523809523,61.904761904761905,8.333333333333332
E00032528,98,35,10,25,63,57,6,35.714285714285715,10.204081632653061,25.510204081632654,64.28571428571429,58.16326530612245,6.122448979591836
E00032529,112,30,9,21,82,79,3,26.785714285714285,8.035714285714286,18.75,73.21428571428571,70.53571428571429,2.6785714285714284
E00032530,227,64,16,48,163,139,24,28.193832599118945,7.048458149779736,21.145374449339208,71.80616740088107,61.23348017621145,10.572687224669604
E00032531,73,25,8,17,48,39,9,34.24657534246575,10.95890410958904,23.28767123287671,65.75342465753424,53.42465753424658,12.32876712328767
E00032532,117,36,9,27,81,75,6,30.76923076923077,7.6923076923076925,23.076923076923077,69.23076923076923,64.1025641025641,5.128205128205128
E00032533,147,42,10,32,105,89,16,28.57142857142857,6.802721088435375,21.768707482993197,71.42857142857143,60.544217687074834,10.884353741496598
E00032534,131,45,6,39,86,78,8,34.35114503816794,4.580152671755725,29.770992366412212,65.64885496183206,59.541984732824424,6.106870229007633
E00032536,150,51,15,36,99,86,13,34,10,24,66,57.333333333333336,8.666666666666668
E00032537,326,82,32,50,244,218,26,25.153374233128833,9.815950920245399,15.337423312883436,74.84662576687117,66.87116564417178,7.975460122699387
E00032538,182,48,13,35,134,125,9,26.373626373626376,7.142857142857142,19.230769230769234,73.62637362637363,68.68131868131869,4.945054945054945
E00032539,157,39,13,26,118,110,8,24.840764331210192,8.280254777070063,16.560509554140125,75.15923566878982,70.06369426751591,5.095541401273886
E00032540,65,21,5,16,44,38,6,32.30769230769231,7.6923076923076925,24.615384615384617,67.6923076923077,58.46153846153847,9.230769230769232
E00032541,167,47,15,32,120,104,16,28.143712574850298,8.982035928143713,19.16167664670659,71.8562874251497,62.27544910179641,9.580838323353294
E00032542,147,45,17,28,102,90,12,30.612244897959183,11.564625850340136,19.047619047619047,69.38775510204081,61.224489795918366,8.16326530612245
E00032543,170,62,17,45,108,98,10,36.470588235294116,10,26.47058823529412,63.52941176470588,57.647058823529406,5.88235294117647
E00032544,186,50,21,29,136,120,16,26.881720430107524,11.29032258064516,15.591397849462366,73.11827956989248,64.51612903225806,8.60215053763441
E00032545,150,44,6,38,106,99,7,29.333333333333332,4,25.333333333333336,70.66666666666667,66,4.666666666666667
E00032546,118,29,7,22,89,70,19,24.576271186440678,5.932203389830509,18.64406779661017,75.42372881355932,59.32203389830508,16.101694915254235
E00032547,165,40,9,31,125,113,12,24.242424242424242,5.454545454545454,18.787878787878785,75.75757575757575,68.48484848484848,7.2727272727272725
E00032548,152,46,13,33,106,95,11,30.263157894736842,8.552631578947368,21.710526315789476,69.73684210526315,62.5,7.236842105263158
E00032549,110,41,13,28,69,58,11,37.27272727272727,11.818181818181818,25.454545454545453,62.727272727272734,52.72727272727272,10
E00032550,123,31,5,26,92,83,9,25.203252032520325,4.0650406504065035,21.138211382113823,74.79674796747967,67.47967479674797,7.317073170731707
E00032551,119,24,9,15,95,78,17,20.168067226890756,7.563025210084033,12.605042016806722,79.83193277310924,65.54621848739495,14.285714285714285
E00032552,92,31,12,19,61,57,4,33.69565217391305,13.043478260869565,20.652173913043477,66.30434782608695,61.95652173913043,4.3478260869565215
E00032553,147,44,17,27,103,93,10,29.931972789115648,11.564625850340136,18.367346938775512,70.06802721088435,63.26530612244898,6.802721088435375
E00032554,191,49,15,34,142,124,18,25.654450261780106,7.853403141361256,17.801047120418847,74.3455497382199,64.92146596858639,9.424083769633508
E00032555,142,33,9,24,109,99,10,23.239436619718308,6.338028169014084,16.901408450704224,76.76056338028168,69.71830985915493,7.042253521126761
E00032557,169,35,11,24,134,123,11,20.710059171597635,6.508875739644971,14.201183431952662,79.28994082840237,72.7810650887574,6.508875739644971
E00032558,161,51,7,44,110,100,10,31.67701863354037,4.3478260869565215,27.32919254658385,68.32298136645963,62.11180124223602,6.211180124223603
E00032559,153,41,12,29,112,100,12,26.797385620915033,7.8431372549019605,18.954248366013072,73.20261437908496,65.359477124183,7.8431372549019605
E00032560,167,45,17,28,122,107,15,26.94610778443114,10.179640718562874,16.766467065868262,73.05389221556887,64.07185628742515,8.982035928143713
E00032561,192,56,24,32,136,115,21,29.166666666666668,12.5,16.666666666666664,70.83333333333334,59.895833333333336,10.9375
E00032562,133,27,8,19,106,103,3,20.30075187969925,6.015037593984962,14.285714285714285,79.69924812030075,77.44360902255639,2.2556390977443606
E00032563,183,52,18,34,131,118,13,28.415300546448087,9.836065573770492,18.579234972677597,71.58469945355192,64.48087431693989,7.103825136612022
E00032564,110,38,7,31,72,62,10,34.54545454545455,6.363636363636363,28.18181818181818,65.45454545454545,56.36363636363636,9.090909090909092
E00032565,180,44,17,27,136,109,27,24.444444444444443,9.444444444444445,15,75.55555555555556,60.55555555555555,15
E00032566,288,73,30,43,215,191,24,25.34722222222222,10.416666666666668,14.930555555555555,74.65277777777779,66.31944444444444,8.333333333333332
E00032567,158,58,16,42,100,87,13,36.708860759493675,10.126582278481013,26.582278481012654,63.29113924050633,55.06329113924051,8.227848101265822
E00032568,138,49,10,39,89,82,7,35.507246376811594,7.246376811594203,28.26086956521739,64.4927536231884,59.42028985507246,5.072463768115942
E00032569,183,50,14,36,133,117,16,27.322404371584703,7.650273224043716,19.672131147540984,72.6775956284153,63.934426229508205,8.743169398907105
E00032570,94,37,12,25,57,53,4,39.361702127659576,12.76595744680851,26.595744680851062,60.63829787234043,56.38297872340425,4.25531914893617
E00032571,182,58,19,39,124,113,11,31.868131868131865,10.43956043956044,21.428571428571427,68.13186813186813,62.08791208791209,6.043956043956044
E00032572,162,38,7,31,124,111,13,23.456790123456788,4.320987654320987,19.1358024691358,76.5432098765432,68.51851851851852,8.024691358024691
E00032573,138,50,14,36,88,84,4,36.231884057971016,10.144927536231885,26.08695652173913,63.76811594202898,60.86956521739131,2.898550724637681
E00032574,118,33,9,24,85,78,7,27.966101694915253,7.627118644067797,20.33898305084746,72.03389830508475,66.10169491525424,5.932203389830509
E00032575,90,28,3,25,62,57,5,31.11111111111111,3.3333333333333335,27.77777777777778,68.88888888888889,63.33333333333333,5.555555555555555
E00032576,126,37,9,28,89,85,4,29.365079365079367,7.142857142857142,22.22222222222222,70.63492063492063,67.46031746031747,3.1746031746031744
E00032577,120,48,15,33,72,65,7,40,12.5,27.500000000000004,60,54.166666666666664,5.833333333333333
E00032578,118,38,11,27,80,75,5,32.20338983050847,9.322033898305085,22.88135593220339,67.79661016949152,63.559322033898304,4.23728813559322
E00032579,102,42,17,25,60,59,1,41.17647058823529,16.666666666666664,24.509803921568626,58.82352941176471,57.84313725490197,0.9803921568627451
E00032580,74,28,10,18,46,45,1,37.83783783783784,13.513513513513514,24.324324324324326,62.16216216216216,60.810810810810814,1.3513513513513513
E00032581,97,30,9,21,67,59,8,30.927835051546392,9.278350515463918,21.649484536082475,69.0721649484536,60.824742268041234,8.24742268041237
E00032582,100,40,13,27,60,54,6,40,13,27,60,54,6
E00032583,91,29,9,20,62,51,11,31.868131868131865,9.89010989010989,21.978021978021978,68.13186813186813,56.043956043956044,12.087912087912088
E00032584,96,30,10,20,66,57,9,31.25,10.416666666666668,20.833333333333336,68.75,59.375,9.375
E00032585,118,38,9,29,80,72,8,32.20338983050847,7.627118644067797,24.576271186440678,67.79661016949152,61.016949152542374,6.779661016949152
E00032586,141,36,9,27,105,101,4,25.53191489361702,6.382978723404255,19.148936170212767,74.46808510638297,71.63120567375887,2.8368794326241136
E00032587,113,42,13,29,71,60,11,37.16814159292036,11.504424778761061,25.663716814159294,62.83185840707964,53.09734513274337,9.734513274336283
E00032588,191,69,22,47,122,110,12,36.12565445026178,11.518324607329843,24.60732984293194,63.87434554973822,57.59162303664922,6.282722513089005
E00032589,123,43,8,35,80,66,14,34.959349593495936,6.504065040650407,28.455284552845526,65.04065040650406,53.65853658536586,11.38211382113821
E00032590,140,42,14,28,98,89,9,30,10,20,70,63.57142857142857,6.428571428571428
E00032591,172,49,13,36,123,112,11,28.488372093023255,7.55813953488372,20.930232558139537,71.51162790697676,65.11627906976744,6.395348837209303
E00032592,282,68,19,49,214,197,17,24.113475177304963,6.73758865248227,17.375886524822697,75.88652482269504,69.8581560283688,6.028368794326241
E00032593,276,76,21,55,200,186,14,27.536231884057973,7.608695652173914,19.92753623188406,72.46376811594203,67.3913043478261,5.072463768115942
E00032594,98,33,10,23,65,60,5,33.6734693877551,10.204081632653061,23.46938775510204,66.3265306122449,61.224489795918366,5.1020408163265305
E00032595,97,34,8,26,63,57,6,35.051546391752574,8.24742268041237,26.804123711340207,64.94845360824742,58.76288659793815,6.185567010309279
E00032596,108,37,11,26,71,69,2,34.25925925925926,10.185185185185185,24.074074074074073,65.74074074074075,63.888888888888886,1.8518518518518516
E00032597,112,26,8,18,86,81,5,23.214285714285715,7.142857142857142,16.071428571428573,76.78571428571429,72.32142857142857,4.464285714285714
E00032598,174,44,7,37,130,123,7,25.287356321839084,4.022988505747127,21.26436781609195,74.71264367816092,70.6896551724138,4.022988505747127
E00032599,106,30,9,21,76,64,12,28.30188679245283,8.49056603773585,19.81132075471698,71.69811320754717,60.37735849056604,11.320754716981133
E00032600,116,41,14,27,75,64,11,35.3448275862069,12.068965517241379,23.275862068965516,64.65517241379311,55.172413793103445,9.482758620689655
E00032601,135,36,12,24,99,90,9,26.666666666666668,8.88888888888889,17.77777777777778,73.33333333333333,66.66666666666666,6.666666666666667
E00032602,94,32,7,25,62,59,3,34.04255319148936,7.446808510638298,26.595744680851062,65.95744680851064,62.76595744680851,3.1914893617021276
E00032603,220,52,13,39,168,154,14,23.636363636363637,5.909090909090909,17.727272727272727,76.36363636363637,70,6.363636363636363
E00032604,162,53,10,43,109,99,10,32.71604938271605,6.172839506172839,26.543209876543212,67.28395061728395,61.111111111111114,6.172839506172839
E00032605,11,4,1,3,7,7,0,36.36363636363637,9.090909090909092,27.27272727272727,63.63636363636363,63.63636363636363,0
E00032606,183,45,14,31,138,117,21,24.59016393442623,7.650273224043716,16.939890710382514,75.40983606557377,63.934426229508205,11.475409836065573
E00032607,102,31,9,22,71,65,6,30.392156862745097,8.823529411764707,21.568627450980394,69.6078431372549,63.725490196078425,5.88235294117647
E00032608,127,37,11,26,90,86,4,29.133858267716533,8.661417322834646,20.47244094488189,70.86614173228347,67.71653543307087,3.149606299212598
E00032609,121,34,10,24,87,80,7,28.09917355371901,8.264462809917356,19.834710743801654,71.900826446281,66.11570247933885,5.785123966942149
E00032610,101,36,16,20,65,64,1,35.64356435643564,15.841584158415841,19.801980198019802,64.35643564356435,63.366336633663366,0.9900990099009901
E00032611,128,48,16,32,80,68,12,37.5,12.5,25,62.5,53.125,9.375
E00032612,91,27,4,23,64,62,2,29.67032967032967,4.395604395604396,25.274725274725274,70.32967032967034,68.13186813186813,2.197802197802198
E00032613,121,34,13,21,87,76,11,28.09917355371901,10.743801652892563,17.355371900826448,71.900826446281,62.8099173553719,9.090909090909092
E00032614,61,22,7,15,39,35,4,36.0655737704918,11.475409836065573,24.59016393442623,63.934426229508205,57.377049180327866,6.557377049180328
E00032615,109,32,9,23,77,70,7,29.357798165137616,8.256880733944955,21.100917431192663,70.64220183486239,64.22018348623854,6.422018348623854
E00032616,142,49,17,32,93,87,6,34.50704225352113,11.971830985915492,22.535211267605636,65.49295774647888,61.267605633802816,4.225352112676056
E00032617,138,48,13,35,90,80,10,34.78260869565217,9.420289855072465,25.36231884057971,65.21739130434783,57.971014492753625,7.246376811594203
E00032618,191,53,8,45,138,125,13,27.748691099476442,4.18848167539267,23.56020942408377,72.25130890052355,65.44502617801047,6.806282722513089
E00032619,151,50,13,37,101,94,7,33.11258278145696,8.609271523178808,24.503311258278146,66.88741721854305,62.251655629139066,4.635761589403973
E00032620,85,24,7,17,61,57,4,28.235294117647058,8.235294117647058,20,71.76470588235294,67.05882352941175,4.705882352941177
E00032621,114,44,14,30,70,64,6,38.59649122807017,12.280701754385964,26.31578947368421,61.40350877192983,56.14035087719298,5.263157894736842
E00032622,112,34,10,24,78,67,11,30.357142857142854,8.928571428571429,21.428571428571427,69.64285714285714,59.82142857142857,9.821428571428571
E00032623,81,33,12,21,48,44,4,40.74074074074074,14.814814814814813,25.925925925925924,59.25925925925925,54.32098765432099,4.938271604938271
E00032624,99,33,8,25,66,58,8,33.33333333333333,8.080808080808081,25.252525252525253,66.66666666666666,58.58585858585859,8.080808080808081
E00032625,85,26,5,21,59,52,7,30.58823529411765,5.88235294117647,24.705882352941178,69.41176470588235,61.1764705882353,8.235294117647058
E00032626,110,41,15,26,69,62,7,37.27272727272727,13.636363636363635,23.636363636363637,62.727272727272734,56.36363636363636,6.363636363636363
E00032627,171,46,12,34,125,111,14,26.900584795321635,7.017543859649122,19.883040935672515,73.09941520467837,64.91228070175438,8.187134502923977
E00032628,106,38,12,26,68,65,3,35.84905660377358,11.320754716981133,24.528301886792452,64.15094339622641,61.32075471698113,2.8301886792452833
E00032629,117,35,9,26,82,62,20,29.914529914529915,7.6923076923076925,22.22222222222222,70.08547008547008,52.991452991452995,17.094017094017094
E00032630,154,40,15,25,114,105,9,25.97402597402597,9.740259740259742,16.233766233766232,74.02597402597402,68.18181818181817,5.844155844155844
E00032631,246,59,20,39,187,158,29,23.983739837398375,8.130081300813007,15.853658536585366,76.01626016260163,64.22764227642277,11.788617886178862
E00032632,160,45,14,31,115,102,13,28.125,8.75,19.375,71.875,63.74999999999999,8.125
E00032633,130,37,14,23,93,86,7,28.46153846153846,10.76923076923077,17.692307692307693,71.53846153846153,66.15384615384615,5.384615384615385
E00032634,155,46,19,27,109,95,14,29.677419354838708,12.258064516129032,17.419354838709676,70.3225806451613,61.29032258064516,9.032258064516128
E00032635,127,37,6,31,90,82,8,29.133858267716533,4.724409448818897,24.409448818897637,70.86614173228347,64.56692913385827,6.299212598425196
E00032636,101,29,6,23,72,60,12,28.71287128712871,5.9405940594059405,22.772277227722775,71.28712871287128,59.4059405940594,11.881188118811881
E00032637,144,50,16,34,94,84,10,34.72222222222222,11.11111111111111,23.61111111111111,65.27777777777779,58.333333333333336,6.944444444444445
E00032639,177,55,17,38,122,113,9,31.07344632768362,9.6045197740113,21.468926553672315,68.92655367231639,63.84180790960452,5.084745762711865
E00032640,66,21,5,16,45,45,0,31.818181818181817,7.575757575757576,24.242424242424242,68.18181818181817,68.18181818181817,0
E00032641,227,53,9,44,174,160,14,23.348017621145374,3.9647577092511015,19.383259911894275,76.65198237885463,70.48458149779736,6.167400881057269
E00032644,91,25,6,19,66,59,7,27.472527472527474,6.593406593406594,20.87912087912088,72.52747252747253,64.83516483516483,7.6923076923076925
E00032645,167,51,15,36,116,100,16,30.538922155688624,8.982035928143713,21.55688622754491,69.46107784431138,59.88023952095808,9.580838323353294
E00032646,120,33,7,26,87,79,8,27.500000000000004,5.833333333333333,21.666666666666668,72.5,65.83333333333333,6.666666666666667
E00032647,81,35,8,27,46,42,4,43.20987654320987,9.876543209876543,33.33333333333333,56.79012345679012,51.85185185185185,4.938271604938271
E00032648,121,41,14,27,80,71,9,33.88429752066116,11.570247933884298,22.31404958677686,66.11570247933885,58.67768595041323,7.43801652892562
E00032649,186,52,17,35,134,127,7,27.956989247311824,9.13978494623656,18.817204301075268,72.04301075268818,68.27956989247312,3.763440860215054
E00032650,108,30,4,26,78,62,16,27.77777777777778,3.7037037037037033,24.074074074074073,72.22222222222221,57.407407407407405,14.814814814814813
E00032651,100,33,7,26,67,60,7,33,7.000000000000001,26,67,60,7.000000000000001
E00032652,91,32,5,27,59,56,3,35.16483516483517,5.4945054945054945,29.67032967032967,64.83516483516483,61.53846153846154,3.296703296703297
E00032653,71,25,5,20,46,43,3,35.2112676056338,7.042253521126761,28.169014084507044,64.7887323943662,60.56338028169014,4.225352112676056
E00032654,126,45,12,33,81,72,9,35.714285714285715,9.523809523809524,26.190476190476193,64.28571428571429,57.14285714285714,7.142857142857142
E00032656,109,44,10,34,65,59,6,40.36697247706422,9.174311926605505,31.19266055045872,59.63302752293578,54.12844036697248,5.5045871559633035
E00032657,79,21,6,15,58,50,8,26.582278481012654,7.59493670886076,18.9873417721519,73.41772151898735,63.29113924050633,10.126582278481013
E00032659,63,22,5,17,41,34,7,34.92063492063492,7.936507936507936,26.984126984126984,65.07936507936508,53.96825396825397,11.11111111111111
E00032660,53,19,4,15,34,30,4,35.84905660377358,7.547169811320755,28.30188679245283,64.15094339622641,56.60377358490566,7.547169811320755
E00032661,95,28,6,22,67,63,4,29.47368421052631,6.315789473684211,23.157894736842106,70.52631578947368,66.3157894736842,4.2105263157894735
E00032662,173,48,11,37,125,111,14,27.74566473988439,6.358381502890173,21.38728323699422,72.25433526011561,64.16184971098265,8.092485549132949
E00032663,121,56,22,34,65,58,7,46.28099173553719,18.181818181818183,28.09917355371901,53.71900826446281,47.93388429752066,5.785123966942149
E00032664,120,42,11,31,78,71,7,35,9.166666666666666,25.833333333333336,65,59.166666666666664,5.833333333333333
E00032665,117,46,23,23,71,59,12,39.31623931623932,19.65811965811966,19.65811965811966,60.68376068376068,50.427350427350426,10.256410256410255
E00032666,102,46,16,30,56,51,5,45.09803921568628,15.686274509803921,29.411764705882355,54.90196078431373,50,4.901960784313726
E00032667,141,54,20,34,87,77,10,38.297872340425535,14.184397163120568,24.113475177304963,61.702127659574465,54.60992907801418,7.092198581560284
E00032668,93,34,13,21,59,53,6,36.55913978494624,13.978494623655912,22.58064516129032,63.44086021505376,56.98924731182796,6.451612903225806
E00032669,137,44,14,30,93,81,12,32.11678832116788,10.218978102189782,21.897810218978105,67.88321167883211,59.12408759124088,8.75912408759124
E00032670,121,23,7,16,98,90,8,19.00826446280992,5.785123966942149,13.223140495867769,80.99173553719008,74.3801652892562,6.6115702479338845
E00032671,119,31,7,24,88,74,14,26.05042016806723,5.88235294117647,20.168067226890756,73.94957983193278,62.18487394957983,11.76470588235294
E00032672,112,44,9,35,68,61,7,39.285714285714285,8.035714285714286,31.25,60.71428571428571,54.46428571428571,6.25
E00032673,126,26,8,18,100,91,9,20.634920634920633,6.349206349206349,14.285714285714285,79.36507936507937,72.22222222222221,7.142857142857142
E00032674,109,35,13,22,74,68,6,32.11009174311927,11.926605504587156,20.18348623853211,67.88990825688074,62.38532110091744,5.5045871559633035
E00032675,103,32,7,25,71,66,5,31.06796116504854,6.796116504854369,24.271844660194176,68.93203883495146,64.07766990291263,4.854368932038835
E00032676,116,50,11,39,66,60,6,43.103448275862064,9.482758620689655,33.62068965517241,56.896551724137936,51.724137931034484,5.172413793103448
E00032677,146,44,7,37,102,96,6,30.136986301369863,4.794520547945205,25.34246575342466,69.86301369863014,65.75342465753424,4.10958904109589
E00032678,122,33,9,24,89,74,15,27.049180327868854,7.377049180327869,19.672131147540984,72.95081967213115,60.65573770491803,12.295081967213115
E00032679,93,24,6,18,69,61,8,25.806451612903224,6.451612903225806,19.35483870967742,74.19354838709677,65.59139784946237,8.60215053763441
E00032680,98,35,11,24,63,53,10,35.714285714285715,11.224489795918368,24.489795918367346,64.28571428571429,54.08163265306123,10.204081632653061
E00032681,70,21,3,18,49,43,6,30,4.285714285714286,25.71428571428571,70,61.42857142857143,8.571428571428571
E00032682,126,45,7,38,81,70,11,35.714285714285715,5.555555555555555,30.158730158730158,64.28571428571429,55.55555555555556,8.73015873015873
E00032683,76,17,6,11,59,53,6,22.36842105263158,7.894736842105263,14.473684210526317,77.63157894736842,69.73684210526315,7.894736842105263
E00032684,64,16,4,12,48,41,7,25,6.25,18.75,75,64.0625,10.9375
E00032685,96,35,10,25,61,55,6,36.45833333333333,10.416666666666668,26.041666666666668,63.541666666666664,57.291666666666664,6.25
E00032686,150,62,21,41,88,80,8,41.333333333333336,14.000000000000002,27.333333333333332,58.666666666666664,53.333333333333336,5.333333333333334
E00032687,208,58,9,49,150,136,14,27.884615384615387,4.326923076923077,23.557692307692307,72.11538461538461,65.38461538461539,6.730769230769231
E00032688,109,30,4,26,79,70,9,27.522935779816514,3.669724770642202,23.853211009174313,72.47706422018348,64.22018348623854,8.256880733944955
E00032689,105,38,8,30,67,61,6,36.19047619047619,7.6190476190476195,28.57142857142857,63.8095238095238,58.0952380952381,5.714285714285714
E00032690,68,24,7,17,44,37,7,35.294117647058826,10.294117647058822,25,64.70588235294117,54.41176470588235,10.294117647058822
E00032691,251,51,7,44,200,184,16,20.318725099601593,2.788844621513944,17.52988047808765,79.6812749003984,73.30677290836654,6.374501992031872
E00032692,143,52,12,40,91,81,10,36.36363636363637,8.391608391608392,27.972027972027973,63.63636363636363,56.64335664335665,6.993006993006993
E00032693,342,45,10,35,297,264,33,13.157894736842104,2.923976608187134,10.23391812865497,86.8421052631579,77.19298245614034,9.649122807017543
E00032694,128,34,7,27,94,81,13,26.5625,5.46875,21.09375,73.4375,63.28125,10.15625
E00032695,98,39,9,30,59,52,7,39.795918367346935,9.183673469387756,30.612244897959183,60.204081632653065,53.06122448979592,7.142857142857142
E00032696,106,31,6,25,75,69,6,29.245283018867923,5.660377358490567,23.58490566037736,70.75471698113208,65.09433962264151,5.660377358490567
E00032697,121,42,17,25,79,72,7,34.710743801652896,14.049586776859504,20.66115702479339,65.28925619834712,59.50413223140496,5.785123966942149
E00032698,143,40,10,30,103,92,11,27.972027972027973,6.993006993006993,20.97902097902098,72.02797202797203,64.33566433566433,7.6923076923076925
E00032699,108,34,6,28,74,68,6,31.48148148148148,5.555555555555555,25.925925925925924,68.51851851851852,62.96296296296296,5.555555555555555
E00032700,125,38,10,28,87,82,5,30.4,8,22.400000000000002,69.6,65.60000000000001,4
E00032701,132,43,11,32,89,82,7,32.57575757575758,8.333333333333332,24.242424242424242,67.42424242424242,62.121212121212125,5.303030303030303
E00032702,106,47,16,31,59,55,4,44.339622641509436,15.09433962264151,29.245283018867923,55.660377358490564,51.886792452830186,3.7735849056603774
E00032703,84,35,7,28,49,45,4,41.66666666666667,8.333333333333332,33.33333333333333,58.333333333333336,53.57142857142857,4.761904761904762
E00032704,128,39,8,31,89,83,6,30.46875,6.25,24.21875,69.53125,64.84375,4.6875
E00032705,165,58,19,39,107,98,9,35.15151515151515,11.515151515151516,23.636363636363637,64.84848484848484,59.3939393939394,5.454545454545454
E00032706,94,27,3,24,67,59,8,28.723404255319153,3.1914893617021276,25.53191489361702,71.27659574468085,62.76595744680851,8.51063829787234
E00032707,106,41,8,33,65,59,6,38.67924528301887,7.547169811320755,31.132075471698112,61.32075471698113,55.660377358490564,5.660377358490567
E00032708,81,31,11,20,50,48,2,38.2716049382716,13.580246913580247,24.691358024691358,61.72839506172839,59.25925925925925,2.4691358024691357
E00032709,128,44,8,36,84,79,5,34.375,6.25,28.125,65.625,61.71875,3.90625
E00032710,98,33,10,23,65,57,8,33.6734693877551,10.204081632653061,23.46938775510204,66.3265306122449,58.16326530612245,8.16326530612245
E00032711,133,31,8,23,102,89,13,23.308270676691727,6.015037593984962,17.293233082706767,76.69172932330827,66.9172932330827,9.774436090225564
E00032712,103,36,7,29,67,55,12,34.95145631067961,6.796116504854369,28.155339805825243,65.0485436893204,53.398058252427184,11.650485436893204
E00032713,149,43,9,34,106,94,12,28.859060402684566,6.0402684563758395,22.818791946308725,71.14093959731544,63.08724832214765,8.053691275167784
E00032714,163,47,17,30,116,105,11,28.834355828220858,10.429447852760736,18.404907975460123,71.16564417177914,64.41717791411043,6.748466257668712
E00032715,93,32,9,23,61,55,6,34.40860215053764,9.67741935483871,24.731182795698924,65.59139784946237,59.13978494623656,6.451612903225806
E00032716,133,36,10,26,97,84,13,27.06766917293233,7.518796992481203,19.548872180451127,72.93233082706767,63.1578947368421,9.774436090225564
E00032717,118,35,7,28,83,68,15,29.66101694915254,5.932203389830509,23.728813559322035,70.33898305084746,57.6271186440678,12.711864406779661
E00032718,159,37,13,24,122,112,10,23.270440251572328,8.176100628930817,15.09433962264151,76.72955974842768,70.44025157232704,6.289308176100629
E00032719,109,28,6,22,81,72,9,25.688073394495415,5.5045871559633035,20.18348623853211,74.31192660550458,66.05504587155964,8.256880733944955
E00032720,274,61,11,50,213,190,23,22.26277372262774,4.014598540145985,18.248175182481752,77.73722627737226,69.34306569343066,8.394160583941606
E00032721,123,28,7,21,95,86,9,22.76422764227642,5.691056910569105,17.073170731707318,77.23577235772358,69.91869918699187,7.317073170731707
E00032722,109,35,6,29,74,67,7,32.11009174311927,5.5045871559633035,26.605504587155966,67.88990825688074,61.46788990825688,6.422018348623854
E00032723,186,62,21,41,124,110,14,33.33333333333333,11.29032258064516,22.043010752688172,66.66666666666666,59.13978494623656,7.526881720430108
E00032724,140,37,9,28,103,94,9,26.42857142857143,6.428571428571428,20,73.57142857142858,67.14285714285714,6.428571428571428
E00032725,96,37,2,35,59,59,0,38.54166666666667,2.083333333333333,36.45833333333333,61.458333333333336,61.458333333333336,0
E00032726,160,55,13,42,105,98,7,34.375,8.125,26.25,65.625,61.25000000000001,4.375
E00032727,362,79,25,54,283,251,32,21.823204419889503,6.906077348066299,14.917127071823206,78.1767955801105,69.33701657458563,8.83977900552486
E00032729,114,55,15,40,59,58,1,48.24561403508772,13.157894736842104,35.08771929824561,51.75438596491229,50.877192982456144,0.8771929824561403
E00032730,109,40,11,29,69,62,7,36.69724770642202,10.091743119266056,26.605504587155966,63.30275229357798,56.88073394495413,6.422018348623854
E00032731,106,31,12,19,75,68,7,29.245283018867923,11.320754716981133,17.92452830188679,70.75471698113208,64.15094339622641,6.60377358490566
E00032732,38,13,8,5,25,23,2,34.21052631578947,21.052631578947366,13.157894736842104,65.78947368421053,60.526315789473685,5.263157894736842
E00032733,187,56,13,43,131,118,13,29.946524064171122,6.951871657754011,22.994652406417114,70.05347593582889,63.101604278074866,6.951871657754011
E00032734,112,42,16,26,70,69,1,37.5,14.285714285714285,23.214285714285715,62.5,61.60714285714286,0.8928571428571428
E00032735,147,53,18,35,94,80,14,36.054421768707485,12.244897959183673,23.809523809523807,63.94557823129252,54.421768707483,9.523809523809524
E00032736,140,50,11,39,90,76,14,35.714285714285715,7.857142857142857,27.857142857142858,64.28571428571429,54.285714285714285,10
E00032737,96,34,5,29,62,58,4,35.41666666666667,5.208333333333334,30.208333333333332,64.58333333333334,60.416666666666664,4.166666666666666
E00032738,125,47,11,36,78,71,7,37.6,8.799999999999999,28.799999999999997,62.4,56.8,5.6000000000000005
E00032739,89,31,7,24,58,54,4,34.831460674157306,7.865168539325842,26.96629213483146,65.1685393258427,60.67415730337079,4.49438202247191
E00032740,104,38,13,25,66,60,6,36.53846153846153,12.5,24.03846153846154,63.46153846153846,57.692307692307686,5.769230769230769
E00032741,157,43,8,35,114,107,7,27.388535031847134,5.095541401273886,22.29299363057325,72.61146496815286,68.15286624203821,4.45859872611465
E00032742,224,45,14,31,179,154,25,20.089285714285715,6.25,13.839285714285715,79.91071428571429,68.75,11.160714285714286
E00032743,144,39,10,29,105,95,10,27.083333333333332,6.944444444444445,20.13888888888889,72.91666666666666,65.97222222222221,6.944444444444445
E00032744,175,58,12,46,117,111,6,33.14285714285714,6.857142857142858,26.285714285714285,66.85714285714286,63.42857142857142,3.428571428571429
E00032745,169,48,16,32,121,111,10,28.402366863905325,9.467455621301776,18.93491124260355,71.59763313609467,65.68047337278107,5.9171597633136095
E00032746,270,57,14,43,213,190,23,21.11111111111111,5.185185185185185,15.925925925925927,78.88888888888889,70.37037037037037,8.518518518518519
E00032747,143,40,11,29,103,94,9,27.972027972027973,7.6923076923076925,20.27972027972028,72.02797202797203,65.73426573426573,6.293706293706294
E00032748,118,41,3,38,77,68,9,34.74576271186441,2.5423728813559325,32.20338983050847,65.2542372881356,57.6271186440678,7.627118644067797
E00032749,114,43,8,35,71,60,11,37.719298245614034,7.017543859649122,30.701754385964914,62.28070175438597,52.63157894736842,9.649122807017543
E00032750,92,34,10,24,58,56,2,36.95652173913043,10.869565217391305,26.08695652173913,63.04347826086957,60.86956521739131,2.1739130434782608
E00032751,130,37,8,29,93,83,10,28.46153846153846,6.153846153846154,22.30769230769231,71.53846153846153,63.84615384615384,7.6923076923076925
E00032752,224,62,17,45,162,141,21,27.67857142857143,7.5892857142857135,20.089285714285715,72.32142857142857,62.94642857142857,9.375
E00032753,134,40,9,31,94,82,12,29.850746268656714,6.7164179104477615,23.134328358208954,70.1492537313433,61.19402985074627,8.955223880597014
E00032754,151,33,10,23,118,100,18,21.85430463576159,6.622516556291391,15.2317880794702,78.1456953642384,66.22516556291392,11.920529801324504
E00032755,137,33,11,22,104,100,4,24.087591240875913,8.02919708029197,16.05839416058394,75.91240875912408,72.99270072992701,2.9197080291970803
E00032756,187,46,11,35,141,117,24,24.598930481283425,5.88235294117647,18.71657754010695,75.40106951871658,62.56684491978609,12.834224598930483
E00032757,106,33,8,25,73,67,6,31.132075471698112,7.547169811320755,23.58490566037736,68.86792452830188,63.20754716981132,5.660377358490567
E00032758,139,41,10,31,98,95,3,29.496402877697843,7.1942446043165464,22.302158273381295,70.50359712230215,68.34532374100719,2.158273381294964
E00032759,198,63,18,45,135,121,14,31.818181818181817,9.090909090909092,22.727272727272727,68.18181818181817,61.111111111111114,7.07070707070707
E00032760,113,32,5,27,81,74,7,28.31858407079646,4.424778761061947,23.893805309734514,71.68141592920354,65.48672566371681,6.1946902654867255
E00032761,80,22,3,19,58,53,5,27.500000000000004,3.75,23.75,72.5,66.25,6.25
E00032762,70,27,5,22,43,35,8,38.57142857142858,7.142857142857142,31.428571428571427,61.42857142857143,50,11.428571428571429
E00032763,138,41,15,26,97,86,11,29.71014492753623,10.869565217391305,18.84057971014493,70.28985507246377,62.31884057971014,7.971014492753622
E00032764,129,31,8,23,98,87,11,24.031007751937985,6.2015503875969,17.829457364341085,75.96899224806202,67.44186046511628,8.527131782945736
E00032765,102,32,7,25,70,59,11,31.372549019607842,6.862745098039216,24.509803921568626,68.62745098039215,57.84313725490197,10.784313725490197
E00032766,108,36,12,24,72,67,5,33.33333333333333,11.11111111111111,22.22222222222222,66.66666666666666,62.03703703703704,4.62962962962963
E00032767,90,24,7,17,66,60,6,26.666666666666668,7.777777777777778,18.88888888888889,73.33333333333333,66.66666666666666,6.666666666666667
E00032768,56,21,8,13,35,31,4,37.5,14.285714285714285,23.214285714285715,62.5,55.35714285714286,7.142857142857142
E00032769,96,26,6,20,70,65,5,27.083333333333332,6.25,20.833333333333336,72.91666666666666,67.70833333333334,5.208333333333334
E00032771,51,19,7,12,32,26,6,37.254901960784316,13.725490196078432,23.52941176470588,62.745098039215684,50.98039215686274,11.76470588235294
E00032772,140,43,13,30,97,90,7,30.714285714285715,9.285714285714286,21.428571428571427,69.28571428571428,64.28571428571429,5
E00032773,100,34,12,22,66,60,6,34,12,22,66,60,6
E00032775,128,38,9,29,90,83,7,29.6875,7.03125,22.65625,70.3125,64.84375,5.46875
E00032776,94,30,10,20,64,56,8,31.914893617021278,10.638297872340425,21.27659574468085,68.08510638297872,59.57446808510638,8.51063829787234
E00032777,84,28,7,21,56,53,3,33.33333333333333,8.333333333333332,25,66.66666666666666,63.095238095238095,3.571428571428571
E00032778,128,49,9,40,79,69,10,38.28125,7.03125,31.25,61.71875,53.90625,7.8125
E00032779,144,45,10,35,99,88,11,31.25,6.944444444444445,24.305555555555554,68.75,61.111111111111114,7.638888888888889
E00032780,138,46,17,29,92,80,12,33.33333333333333,12.318840579710146,21.014492753623188,66.66666666666666,57.971014492753625,8.695652173913043
E00032782,92,37,10,27,55,52,3,40.21739130434783,10.869565217391305,29.347826086956523,59.78260869565217,56.52173913043478,3.260869565217391
E00032783,97,39,10,29,58,53,5,40.20618556701031,10.309278350515463,29.896907216494846,59.79381443298969,54.63917525773196,5.154639175257731
E00032784,98,36,14,22,62,57,5,36.734693877551024,14.285714285714285,22.448979591836736,63.26530612244898,58.16326530612245,5.1020408163265305
E00032785,146,26,5,21,120,111,9,17.80821917808219,3.4246575342465753,14.383561643835616,82.1917808219178,76.02739726027397,6.164383561643835
E00032787,87,33,6,27,54,48,6,37.93103448275862,6.896551724137931,31.03448275862069,62.06896551724138,55.172413793103445,6.896551724137931
E00032790,64,18,3,15,46,42,4,28.125,4.6875,23.4375,71.875,65.625,6.25
E00032791,121,43,17,26,78,74,4,35.53719008264463,14.049586776859504,21.487603305785125,64.46280991735537,61.15702479338842,3.3057851239669422
E00032792,100,42,10,32,58,54,4,42,10,32,57.99999999999999,54,4
E00032793,56,21,7,14,35,35,0,37.5,12.5,25,62.5,62.5,0
E00032795,149,41,18,23,108,96,12,27.516778523489933,12.080536912751679,15.436241610738255,72.48322147651007,64.42953020134227,8.053691275167784
E00032796,166,42,14,28,124,103,21,25.301204819277107,8.433734939759036,16.867469879518072,74.69879518072288,62.048192771084345,12.650602409638553
E00032797,160,42,10,32,118,101,17,26.25,6.25,20,73.75,63.125,10.625
E00032798,149,38,13,25,111,105,6,25.503355704697988,8.724832214765101,16.778523489932887,74.49664429530202,70.46979865771812,4.026845637583892
E00032799,112,30,9,21,82,69,13,26.785714285714285,8.035714285714286,18.75,73.21428571428571,61.60714285714286,11.607142857142858
E00032800,194,47,13,34,147,129,18,24.22680412371134,6.701030927835052,17.525773195876287,75.77319587628865,66.49484536082474,9.278350515463918
E00032801,184,54,12,42,130,108,22,29.347826086956523,6.521739130434782,22.82608695652174,70.65217391304348,58.69565217391305,11.956521739130435
E00032802,153,44,13,31,109,93,16,28.75816993464052,8.49673202614379,20.26143790849673,71.24183006535948,60.78431372549019,10.457516339869281
E00032803,156,38,12,26,118,104,14,24.358974358974358,7.6923076923076925,16.666666666666664,75.64102564102564,66.66666666666666,8.974358974358974
E00032804,166,38,9,29,128,113,15,22.89156626506024,5.421686746987952,17.46987951807229,77.10843373493977,68.07228915662651,9.036144578313253
E00032805,203,50,18,32,153,135,18,24.63054187192118,8.866995073891626,15.763546798029557,75.36945812807882,66.50246305418719,8.866995073891626
E00032806,155,55,13,42,100,85,15,35.483870967741936,8.38709677419355,27.09677419354839,64.51612903225806,54.83870967741935,9.67741935483871
E00032807,140,43,13,30,97,87,10,30.714285714285715,9.285714285714286,21.428571428571427,69.28571428571428,62.142857142857146,7.142857142857142
E00032808,190,53,12,41,137,122,15,27.89473684210526,6.315789473684211,21.578947368421055,72.10526315789474,64.21052631578948,7.894736842105263
E00032809,146,36,12,24,110,98,12,24.65753424657534,8.21917808219178,16.43835616438356,75.34246575342466,67.12328767123287,8.21917808219178
E00032810,140,37,12,25,103,97,6,26.42857142857143,8.571428571428571,17.857142857142858,73.57142857142858,69.28571428571428,4.285714285714286
E00032811,189,46,11,35,143,121,22,24.33862433862434,5.82010582010582,18.51851851851852,75.66137566137566,64.02116402116403,11.64021164021164
E00032812,147,34,9,25,113,104,9,23.12925170068027,6.122448979591836,17.006802721088434,76.87074829931973,70.74829931972789,6.122448979591836
E00032813,114,41,11,30,73,66,7,35.96491228070175,9.649122807017543,26.31578947368421,64.03508771929825,57.89473684210527,6.140350877192982
E00032814,139,36,14,22,103,91,12,25.899280575539567,10.071942446043165,15.827338129496402,74.10071942446042,65.46762589928058,8.633093525179856
E00032815,149,39,14,25,110,101,9,26.174496644295303,9.395973154362416,16.778523489932887,73.8255033557047,67.78523489932886,6.0402684563758395
E00032816,25,6,0,6,19,18,1,24,0,24,76,72,4
E00032817,327,61,21,40,266,238,28,18.654434250764528,6.422018348623854,12.232415902140673,81.34556574923548,72.78287461773701,8.56269113149847
E00032818,165,40,14,26,125,107,18,24.242424242424242,8.484848484848486,15.757575757575756,75.75757575757575,64.84848484848484,10.909090909090908
E00032819,319,65,18,47,254,224,30,20.37617554858934,5.6426332288401255,14.733542319749215,79.62382445141067,70.21943573667711,9.404388714733543
E00032820,301,83,20,63,218,179,39,27.57475083056478,6.64451827242525,20.930232558139537,72.42524916943522,59.46843853820598,12.956810631229235
E00032821,231,50,13,37,181,153,28,21.645021645021643,5.627705627705628,16.017316017316016,78.35497835497836,66.23376623376623,12.121212121212121
E00032822,96,19,4,15,77,71,6,19.791666666666664,4.166666666666666,15.625,80.20833333333334,73.95833333333334,6.25
E00032823,114,46,20,26,68,60,8,40.35087719298245,17.543859649122805,22.807017543859647,59.64912280701754,52.63157894736842,7.017543859649122
E00032824,87,27,7,20,60,54,6,31.03448275862069,8.045977011494253,22.988505747126435,68.96551724137932,62.06896551724138,6.896551724137931
E00032825,115,28,6,22,87,80,7,24.347826086956523,5.217391304347826,19.130434782608695,75.65217391304347,69.56521739130434,6.086956521739131
E00032826,206,52,5,47,154,139,15,25.24271844660194,2.4271844660194173,22.815533980582526,74.75728155339806,67.47572815533981,7.281553398058252
E00032827,80,29,8,21,51,45,6,36.25,10,26.25,63.74999999999999,56.25,7.5
E00032828,119,38,7,31,81,81,0,31.932773109243694,5.88235294117647,26.05042016806723,68.0672268907563,68.0672268907563,0
E00032829,178,52,15,37,126,116,10,29.213483146067414,8.426966292134832,20.786516853932586,70.78651685393258,65.1685393258427,5.617977528089887
E00032830,165,74,25,49,91,81,10,44.84848484848485,15.151515151515152,29.6969696969697,55.15151515151515,49.09090909090909,6.0606060606060606
E00032831,149,42,12,30,107,97,10,28.187919463087248,8.053691275167784,20.13422818791946,71.81208053691275,65.1006711409396,6.7114093959731544
E00032832,133,25,1,24,108,97,11,18.796992481203006,0.7518796992481203,18.045112781954884,81.203007518797,72.93233082706767,8.270676691729323
E00032833,134,38,10,28,96,88,8,28.35820895522388,7.462686567164178,20.8955223880597,71.64179104477611,65.67164179104478,5.970149253731343
E00032834,112,31,14,17,81,74,7,27.67857142857143,12.5,15.178571428571427,72.32142857142857,66.07142857142857,6.25
E00032835,140,28,5,23,112,100,12,20,3.571428571428571,16.428571428571427,80,71.42857142857143,8.571428571428571
E00032836,107,43,10,33,64,61,3,40.18691588785047,9.345794392523365,30.8411214953271,59.813084112149525,57.009345794392516,2.803738317757009
E00032837,104,39,12,27,65,60,5,37.5,11.538461538461538,25.961538461538463,62.5,57.692307692307686,4.807692307692308
E00032838,162,50,19,31,112,101,11,30.864197530864196,11.728395061728394,19.1358024691358,69.1358024691358,62.34567901234568,6.790123456790123
E00032839,110,30,4,26,80,74,6,27.27272727272727,3.6363636363636362,23.636363636363637,72.72727272727273,67.27272727272727,5.454545454545454
E00032840,164,59,19,40,105,92,13,35.97560975609756,11.585365853658537,24.390243902439025,64.02439024390245,56.09756097560976,7.926829268292683
E00032841,127,42,7,35,85,82,3,33.07086614173229,5.511811023622047,27.559055118110237,66.92913385826772,64.56692913385827,2.3622047244094486
E00032842,103,30,7,23,73,62,11,29.126213592233007,6.796116504854369,22.330097087378643,70.87378640776699,60.19417475728155,10.679611650485436
E00032843,164,37,8,29,127,117,10,22.5609756097561,4.878048780487805,17.682926829268293,77.4390243902439,71.34146341463415,6.097560975609756
E00032844,135,43,6,37,92,92,0,31.851851851851855,4.444444444444445,27.40740740740741,68.14814814814815,68.14814814814815,0
E00032845,69,23,8,15,46,46,0,33.33333333333333,11.594202898550725,21.73913043478261,66.66666666666666,66.66666666666666,0
E00032846,113,43,12,31,70,66,4,38.05309734513274,10.619469026548673,27.43362831858407,61.94690265486725,58.4070796460177,3.5398230088495577
E00032847,121,44,13,31,77,70,7,36.36363636363637,10.743801652892563,25.6198347107438,63.63636363636363,57.85123966942148,5.785123966942149
E00032848,112,43,14,29,69,61,8,38.392857142857146,12.5,25.892857142857146,61.60714285714286,54.46428571428571,7.142857142857142
E00032849,107,31,9,22,76,71,5,28.971962616822427,8.411214953271028,20.5607476635514,71.02803738317756,66.35514018691589,4.672897196261682
E00032850,134,45,11,34,89,80,9,33.582089552238806,8.208955223880597,25.37313432835821,66.4179104477612,59.70149253731343,6.7164179104477615
E00032851,112,30,11,19,82,71,11,26.785714285714285,9.821428571428571,16.964285714285715,73.21428571428571,63.39285714285714,9.821428571428571
E00032852,158,46,10,36,112,96,16,29.11392405063291,6.329113924050633,22.78481012658228,70.88607594936708,60.75949367088608,10.126582278481013
E00032853,139,52,14,38,87,82,5,37.410071942446045,10.071942446043165,27.33812949640288,62.589928057553955,58.992805755395686,3.5971223021582732
E00032854,72,27,6,21,45,45,0,37.5,8.333333333333332,29.166666666666668,62.5,62.5,0
E00032855,112,44,8,36,68,62,6,39.285714285714285,7.142857142857142,32.142857142857146,60.71428571428571,55.35714285714286,5.357142857142857
E00032856,58,18,5,13,40,38,2,31.03448275862069,8.620689655172415,22.413793103448278,68.96551724137932,65.51724137931035,3.4482758620689653
E00032857,221,55,8,47,166,148,18,24.8868778280543,3.619909502262444,21.266968325791854,75.1131221719457,66.9683257918552,8.144796380090497
E00032858,98,30,9,21,68,55,13,30.612244897959183,9.183673469387756,21.428571428571427,69.38775510204081,56.12244897959183,13.26530612244898
E00032859,159,45,12,33,114,109,5,28.30188679245283,7.547169811320755,20.754716981132077,71.69811320754717,68.55345911949685,3.1446540880503147
E00032860,111,41,10,31,70,62,8,36.93693693693694,9.00900900900901,27.927927927927925,63.06306306306306,55.85585585585585,7.207207207207207
E00032861,119,33,6,27,86,75,11,27.73109243697479,5.042016806722689,22.689075630252102,72.26890756302521,63.02521008403361,9.243697478991598
E00032862,204,49,14,35,155,138,17,24.019607843137255,6.862745098039216,17.15686274509804,75.98039215686273,67.64705882352942,8.333333333333332
E00032863,171,51,4,47,120,104,16,29.82456140350877,2.3391812865497075,27.485380116959064,70.17543859649122,60.81871345029239,9.35672514619883
E00032864,129,48,13,35,81,76,5,37.2093023255814,10.077519379844961,27.131782945736433,62.7906976744186,58.91472868217055,3.875968992248062
E00032865,125,33,8,25,92,84,8,26.400000000000002,6.4,20,73.6,67.2,6.4
E00032866,105,33,11,22,72,64,8,31.428571428571427,10.476190476190476,20.952380952380953,68.57142857142857,60.952380952380956,7.6190476190476195
E00032867,314,74,23,51,240,217,23,23.56687898089172,7.32484076433121,16.24203821656051,76.43312101910828,69.10828025477707,7.32484076433121
E00032868,113,28,2,26,85,74,11,24.778761061946902,1.7699115044247788,23.008849557522122,75.22123893805309,65.48672566371681,9.734513274336283
E00032869,144,31,14,17,113,101,12,21.52777777777778,9.722222222222223,11.805555555555555,78.47222222222221,70.13888888888889,8.333333333333332
E00032870,162,41,10,31,121,112,9,25.308641975308642,6.172839506172839,19.1358024691358,74.69135802469135,69.1358024691358,5.555555555555555
E00032871,119,29,8,21,90,76,14,24.369747899159663,6.722689075630252,17.647058823529413,75.63025210084034,63.86554621848739,11.76470588235294
E00032872,166,44,17,27,122,108,14,26.506024096385545,10.240963855421686,16.265060240963855,73.49397590361446,65.06024096385542,8.433734939759036
E00032873,140,35,9,26,105,98,7,25,6.428571428571428,18.571428571428573,75,70,5
E00032874,147,43,12,31,104,97,7,29.25170068027211,8.16326530612245,21.08843537414966,70.74829931972789,65.98639455782312,4.761904761904762
E00032875,161,51,17,34,110,103,7,31.67701863354037,10.559006211180124,21.11801242236025,68.32298136645963,63.975155279503106,4.3478260869565215
E00032876,133,33,10,23,100,87,13,24.81203007518797,7.518796992481203,17.293233082706767,75.18796992481202,65.41353383458647,9.774436090225564
E00032877,165,43,8,35,122,114,8,26.060606060606062,4.848484848484849,21.21212121212121,73.93939393939394,69.0909090909091,4.848484848484849
E00032878,91,27,6,21,64,61,3,29.67032967032967,6.593406593406594,23.076923076923077,70.32967032967034,67.03296703296702,3.296703296703297
E00032879,175,35,11,24,140,119,21,20,6.2857142857142865,13.714285714285715,80,68,12
E00032880,166,44,15,29,122,113,9,26.506024096385545,9.036144578313253,17.46987951807229,73.49397590361446,68.07228915662651,5.421686746987952
E00032882,169,53,13,40,116,104,12,31.360946745562128,7.6923076923076925,23.668639053254438,68.63905325443787,61.53846153846154,7.100591715976331
E00032883,172,47,14,33,125,112,13,27.325581395348834,8.13953488372093,19.186046511627907,72.67441860465115,65.11627906976744,7.55813953488372
E00032884,147,33,10,23,114,103,11,22.448979591836736,6.802721088435375,15.646258503401361,77.55102040816327,70.06802721088435,7.482993197278912
E00032885,137,32,8,24,105,88,17,23.357664233576642,5.839416058394161,17.51824817518248,76.64233576642336,64.23357664233576,12.408759124087592
E00032886,107,23,6,17,84,75,9,21.49532710280374,5.607476635514018,15.887850467289718,78.50467289719626,70.09345794392523,8.411214953271028
E00032889,99,34,8,26,65,65,0,34.34343434343434,8.080808080808081,26.262626262626267,65.65656565656566,65.65656565656566,0
E00032890,151,44,9,35,107,97,10,29.13907284768212,5.960264900662252,23.178807947019866,70.86092715231787,64.23841059602648,6.622516556291391
E00032891,170,58,18,40,112,95,17,34.11764705882353,10.588235294117647,23.52941176470588,65.88235294117646,55.88235294117647,10
E00032893,176,51,12,39,125,110,15,28.97727272727273,6.8181818181818175,22.15909090909091,71.02272727272727,62.5,8.522727272727272
E00032894,150,44,15,29,106,95,11,29.333333333333332,10,19.333333333333332,70.66666666666667,63.33333333333333,7.333333333333333
E00032895,251,55,10,45,196,183,13,21.91235059760956,3.9840637450199203,17.928286852589643,78.08764940239044,72.90836653386454,5.179282868525896
E00032896,103,36,11,25,67,59,8,34.95145631067961,10.679611650485436,24.271844660194176,65.0485436893204,57.28155339805825,7.766990291262135
E00032897,111,37,8,29,74,71,3,33.33333333333333,7.207207207207207,26.126126126126124,66.66666666666666,63.96396396396396,2.7027027027027026
E00032898,135,44,7,37,91,83,8,32.592592592592595,5.185185185185185,27.40740740740741,67.4074074074074,61.48148148148148,5.9259259259259265
E00032899,93,32,12,20,61,54,7,34.40860215053764,12.903225806451612,21.50537634408602,65.59139784946237,58.06451612903226,7.526881720430108
E00032900,161,43,12,31,118,111,7,26.70807453416149,7.453416149068323,19.25465838509317,73.29192546583852,68.94409937888199,4.3478260869565215
E00032902,150,47,11,36,103,96,7,31.333333333333336,7.333333333333333,24,68.66666666666667,64,4.666666666666667
E00032903,113,33,9,24,80,72,8,29.20353982300885,7.964601769911504,21.238938053097346,70.79646017699115,63.716814159292035,7.079646017699115
E00032904,148,44,6,38,104,93,11,29.72972972972973,4.054054054054054,25.675675675675674,70.27027027027027,62.83783783783784,7.4324324324324325
E00032905,179,38,8,30,141,127,14,21.22905027932961,4.4692737430167595,16.75977653631285,78.77094972067039,70.94972067039106,7.82122905027933
E00032906,161,49,10,39,112,103,9,30.434782608695656,6.211180124223603,24.22360248447205,69.56521739130434,63.975155279503106,5.590062111801243
E00032907,140,47,13,34,93,82,11,33.57142857142857,9.285714285714286,24.285714285714285,66.42857142857143,58.57142857142858,7.857142857142857
E00032908,210,53,14,39,157,142,15,25.238095238095237,6.666666666666667,18.571428571428573,74.76190476190476,67.61904761904762,7.142857142857142
E00032910,261,52,15,37,209,186,23,19.923371647509576,5.747126436781609,14.17624521072797,80.07662835249042,71.26436781609196,8.812260536398467
E00032911,144,39,8,31,105,89,16,27.083333333333332,5.555555555555555,21.52777777777778,72.91666666666666,61.80555555555556,11.11111111111111
E00032912,273,67,15,52,206,190,16,24.54212454212454,5.4945054945054945,19.047619047619047,75.45787545787546,69.59706959706959,5.86080586080586
E00032913,268,55,25,30,213,195,18,20.522388059701495,9.328358208955224,11.194029850746269,79.47761194029852,72.76119402985076,6.7164179104477615
E00032914,106,26,7,19,80,74,6,24.528301886792452,6.60377358490566,17.92452830188679,75.47169811320755,69.81132075471697,5.660377358490567
E00032915,127,41,14,27,86,80,6,32.28346456692913,11.023622047244094,21.25984251968504,67.71653543307087,62.99212598425197,4.724409448818897
E00032916,207,58,17,41,149,131,18,28.019323671497588,8.212560386473431,19.806763285024154,71.98067632850241,63.28502415458937,8.695652173913043
E00032917,146,36,9,27,110,93,17,24.65753424657534,6.164383561643835,18.493150684931507,75.34246575342466,63.6986301369863,11.643835616438356
E00032918,142,35,3,32,107,99,8,24.647887323943664,2.112676056338028,22.535211267605636,75.35211267605634,69.71830985915493,5.633802816901409
E00032919,121,34,13,21,87,75,12,28.09917355371901,10.743801652892563,17.355371900826448,71.900826446281,61.98347107438017,9.917355371900827
E00032920,144,33,8,25,111,100,11,22.916666666666664,5.555555555555555,17.36111111111111,77.08333333333334,69.44444444444444,7.638888888888889
E00032921,105,31,9,22,74,66,8,29.523809523809526,8.571428571428571,20.952380952380953,70.47619047619048,62.857142857142854,7.6190476190476195
E00032922,129,38,10,28,91,87,4,29.457364341085274,7.751937984496124,21.705426356589147,70.54263565891473,67.44186046511628,3.10077519379845
E00032923,135,43,8,35,92,84,8,31.851851851851855,5.9259259259259265,25.925925925925924,68.14814814814815,62.22222222222222,5.9259259259259265
E00032924,133,24,4,20,109,101,8,18.045112781954884,3.007518796992481,15.037593984962406,81.95488721804512,75.93984962406014,6.015037593984962
E00032926,180,38,10,28,142,120,22,21.11111111111111,5.555555555555555,15.555555555555555,78.88888888888889,66.66666666666666,12.222222222222221
E00032927,94,22,8,14,72,61,11,23.404255319148938,8.51063829787234,14.893617021276595,76.59574468085107,64.8936170212766,11.702127659574469
E00032928,123,40,8,32,83,75,8,32.52032520325203,6.504065040650407,26.01626016260163,67.47967479674797,60.97560975609756,6.504065040650407
E00032929,127,35,4,31,92,86,6,27.559055118110237,3.149606299212598,24.409448818897637,72.44094488188976,67.71653543307087,4.724409448818897
E00032930,110,43,17,26,67,64,3,39.09090909090909,15.454545454545453,23.636363636363637,60.909090909090914,58.18181818181818,2.727272727272727
E00032931,115,33,6,27,82,70,12,28.695652173913043,5.217391304347826,23.47826086956522,71.30434782608695,60.86956521739131,10.434782608695652
E00032932,97,33,8,25,64,59,5,34.02061855670103,8.24742268041237,25.773195876288657,65.97938144329896,60.824742268041234,5.154639175257731
E00032933,81,23,9,14,58,51,7,28.39506172839506,11.11111111111111,17.28395061728395,71.60493827160494,62.96296296296296,8.641975308641975
E00032934,100,28,6,22,72,62,10,28.000000000000004,6,22,72,62,10
E00032935,119,40,20,20,79,63,16,33.61344537815126,16.80672268907563,16.80672268907563,66.38655462184873,52.94117647058824,13.445378151260504
E00032936,124,36,13,23,88,80,8,29.03225806451613,10.483870967741936,18.548387096774192,70.96774193548387,64.51612903225806,6.451612903225806
E00032937,107,36,11,25,71,58,13,33.64485981308411,10.2803738317757,23.364485981308412,66.35514018691589,54.20560747663551,12.149532710280374
E00032938,93,24,7,17,69,63,6,25.806451612903224,7.526881720430108,18.27956989247312,74.19354838709677,67.74193548387096,6.451612903225806
E00032939,178,32,5,27,146,138,8,17.97752808988764,2.8089887640449436,15.168539325842698,82.02247191011236,77.52808988764045,4.49438202247191
E00032940,143,40,8,32,103,94,9,27.972027972027973,5.594405594405594,22.377622377622377,72.02797202797203,65.73426573426573,6.293706293706294
E00032941,118,40,9,31,78,69,9,33.89830508474576,7.627118644067797,26.27118644067797,66.10169491525424,58.47457627118644,7.627118644067797
E00032943,102,35,12,23,67,62,5,34.31372549019608,11.76470588235294,22.54901960784314,65.68627450980392,60.78431372549019,4.901960784313726
E00032944,152,56,9,47,96,81,15,36.84210526315789,5.921052631578947,30.92105263157895,63.1578947368421,53.289473684210535,9.868421052631579
E00032945,164,48,15,33,116,101,15,29.268292682926827,9.146341463414634,20.121951219512198,70.73170731707317,61.58536585365854,9.146341463414634
E00032946,180,37,9,28,143,133,10,20.555555555555554,5,15.555555555555555,79.44444444444444,73.88888888888889,5.555555555555555
E00032947,46,15,5,10,31,29,2,32.608695652173914,10.869565217391305,21.73913043478261,67.3913043478261,63.04347826086957,4.3478260869565215
E00032948,97,22,8,14,75,67,8,22.68041237113402,8.24742268041237,14.432989690721648,77.31958762886599,69.0721649484536,8.24742268041237
E00032949,107,32,9,23,75,70,5,29.906542056074763,8.411214953271028,21.49532710280374,70.09345794392523,65.42056074766354,4.672897196261682
E00032950,70,16,7,9,54,46,8,22.857142857142858,10,12.857142857142856,77.14285714285715,65.71428571428571,11.428571428571429
E00032951,91,29,10,19,62,62,0,31.868131868131865,10.989010989010989,20.87912087912088,68.13186813186813,68.13186813186813,0
E00032952,141,48,10,38,93,82,11,34.04255319148936,7.092198581560284,26.95035460992908,65.95744680851064,58.156028368794324,7.801418439716312
E00032953,78,35,11,24,43,42,1,44.871794871794876,14.102564102564102,30.76923076923077,55.12820512820513,53.84615384615385,1.282051282051282
E00032954,117,37,7,30,80,77,3,31.62393162393162,5.982905982905983,25.64102564102564,68.37606837606837,65.8119658119658,2.564102564102564
E00032955,116,44,10,34,72,65,7,37.93103448275862,8.620689655172415,29.310344827586203,62.06896551724138,56.03448275862068,6.0344827586206895
E00032957,91,41,16,25,50,48,2,45.05494505494506,17.582417582417584,27.472527472527474,54.94505494505495,52.74725274725275,2.197802197802198
E00032958,149,47,7,40,102,91,11,31.543624161073826,4.697986577181208,26.845637583892618,68.45637583892618,61.07382550335571,7.38255033557047
E00032959,124,38,13,25,86,76,10,30.64516129032258,10.483870967741936,20.161290322580644,69.35483870967742,61.29032258064516,8.064516129032258
E00032960,118,30,7,23,88,82,6,25.423728813559322,5.932203389830509,19.491525423728813,74.57627118644068,69.49152542372882,5.084745762711865
E00032961,135,44,13,31,91,86,5,32.592592592592595,9.62962962962963,22.962962962962962,67.4074074074074,63.70370370370371,3.7037037037037033
E00032962,171,52,12,40,119,109,10,30.409356725146196,7.017543859649122,23.391812865497073,69.5906432748538,63.74269005847953,5.847953216374268
E00032963,131,31,8,23,100,87,13,23.66412213740458,6.106870229007633,17.557251908396946,76.33587786259542,66.41221374045801,9.923664122137405
E00032964,121,31,4,27,90,86,4,25.6198347107438,3.3057851239669422,22.31404958677686,74.3801652892562,71.07438016528926,3.3057851239669422
E00032965,114,31,11,20,83,79,4,27.192982456140353,9.649122807017543,17.543859649122805,72.80701754385966,69.2982456140351,3.508771929824561
E00032966,118,39,9,30,79,72,7,33.05084745762712,7.627118644067797,25.423728813559322,66.94915254237289,61.016949152542374,5.932203389830509
E00032967,138,46,13,33,92,84,8,33.33333333333333,9.420289855072465,23.91304347826087,66.66666666666666,60.86956521739131,5.797101449275362
E00032968,130,36,13,23,94,87,7,27.692307692307693,10,17.692307692307693,72.3076923076923,66.92307692307692,5.384615384615385
E00032969,119,36,11,25,83,75,8,30.252100840336134,9.243697478991598,21.008403361344538,69.74789915966386,63.02521008403361,6.722689075630252
E00032970,237,70,20,50,167,149,18,29.535864978902953,8.438818565400844,21.09704641350211,70.46413502109705,62.869198312236286,7.59493670886076
E00032971,158,58,24,34,100,92,8,36.708860759493675,15.18987341772152,21.518987341772153,63.29113924050633,58.22784810126582,5.063291139240507
E00032972,78,25,4,21,53,46,7,32.05128205128205,5.128205128205128,26.923076923076923,67.94871794871796,58.97435897435898,8.974358974358974
E00032973,119,45,12,33,74,71,3,37.81512605042017,10.084033613445378,27.73109243697479,62.18487394957983,59.66386554621849,2.5210084033613445
E00032974,154,42,9,33,112,106,6,27.27272727272727,5.844155844155844,21.428571428571427,72.72727272727273,68.83116883116884,3.896103896103896
E00032975,111,38,5,33,73,66,7,34.234234234234236,4.504504504504505,29.72972972972973,65.76576576576578,59.45945945945946,6.306306306306306
E00032976,176,48,11,37,128,123,5,27.27272727272727,6.25,21.022727272727273,72.72727272727273,69.88636363636364,2.840909090909091
E00032977,157,48,9,39,109,104,5,30.573248407643312,5.7324840764331215,24.840764331210192,69.42675159235668,66.2420382165605,3.1847133757961785
E00032978,164,60,11,49,104,88,16,36.58536585365854,6.707317073170732,29.878048780487802,63.41463414634146,53.65853658536586,9.75609756097561
E00032979,110,31,5,26,79,70,9,28.18181818181818,4.545454545454546,23.636363636363637,71.81818181818181,63.63636363636363,8.181818181818182
E00032980,142,43,12,31,99,92,7,30.28169014084507,8.450704225352112,21.830985915492956,69.71830985915493,64.7887323943662,4.929577464788732
E00032981,98,27,10,17,71,67,4,27.55102040816326,10.204081632653061,17.346938775510203,72.44897959183673,68.36734693877551,4.081632653061225
E00032982,140,52,16,36,88,76,12,37.142857142857146,11.428571428571429,25.71428571428571,62.857142857142854,54.285714285714285,8.571428571428571
E00032983,132,49,5,44,83,74,9,37.121212121212125,3.787878787878788,33.33333333333333,62.878787878787875,56.060606060606055,6.8181818181818175
E00032984,145,44,17,27,101,89,12,30.344827586206897,11.724137931034482,18.620689655172416,69.6551724137931,61.37931034482759,8.275862068965518
E00172016,204,59,19,40,145,122,23,28.921568627450984,9.313725490196079,19.607843137254903,71.07843137254902,59.80392156862745,11.27450980392157
E00172017,349,59,14,45,290,251,39,16.9054441260745,4.011461318051576,12.893982808022923,83.0945558739255,71.91977077363897,11.174785100286533
E00172018,146,49,11,38,97,88,9,33.56164383561644,7.534246575342466,26.027397260273972,66.43835616438356,60.273972602739725,6.164383561643835
E00172020,197,40,10,30,157,134,23,20.304568527918782,5.0761421319796955,15.228426395939088,79.69543147208121,68.02030456852792,11.6751269035533
E00172021,209,54,24,30,155,134,21,25.837320574162682,11.483253588516746,14.354066985645932,74.16267942583733,64.11483253588517,10.047846889952153
E00172022,84,30,8,22,54,47,7,35.714285714285715,9.523809523809524,26.190476190476193,64.28571428571429,55.952380952380956,8.333333333333332
E00172023,98,25,8,17,73,70,3,25.510204081632654,8.16326530612245,17.346938775510203,74.48979591836735,71.42857142857143,3.061224489795918
E00172024,170,47,13,34,123,105,18,27.647058823529413,7.647058823529412,20,72.35294117647058,61.76470588235294,10.588235294117647
E00172025,77,21,6,15,56,50,6,27.27272727272727,7.792207792207792,19.480519480519483,72.72727272727273,64.93506493506493,7.792207792207792
E00172026,192,60,13,47,132,124,8,31.25,6.770833333333333,24.479166666666664,68.75,64.58333333333334,4.166666666666666
E00172027,177,44,13,31,133,119,14,24.858757062146893,7.344632768361582,17.51412429378531,75.14124293785311,67.2316384180791,7.909604519774012
E00172028,295,72,19,53,223,203,20,24.40677966101695,6.440677966101695,17.966101694915253,75.59322033898304,68.8135593220339,6.779661016949152
E00172029,195,54,9,45,141,124,17,27.692307692307693,4.615384615384616,23.076923076923077,72.3076923076923,63.589743589743584,8.717948717948717
E00172030,208,48,20,28,160,145,15,23.076923076923077,9.615384615384617,13.461538461538462,76.92307692307693,69.71153846153845,7.211538461538461
E00172031,223,45,9,36,178,160,18,20.179372197309416,4.0358744394618835,16.143497757847534,79.82062780269058,71.74887892376681,8.071748878923767
E00172032,202,51,17,34,151,133,18,25.247524752475247,8.415841584158416,16.831683168316832,74.75247524752476,65.84158415841584,8.91089108910891
E00172033,155,36,10,26,119,105,14,23.225806451612904,6.451612903225806,16.7741935483871,76.77419354838709,67.74193548387096,9.032258064516128
E00172034,180,46,15,31,134,120,14,25.555555555555554,8.333333333333332,17.22222222222222,74.44444444444444,66.66666666666666,7.777777777777778
E00172035,116,39,8,31,77,68,9,33.62068965517241,6.896551724137931,26.72413793103448,66.37931034482759,58.620689655172406,7.758620689655173
E00172036,132,42,10,32,90,82,8,31.818181818181817,7.575757575757576,24.242424242424242,68.18181818181817,62.121212121212125,6.0606060606060606
E00172037,182,60,17,43,122,103,19,32.967032967032964,9.340659340659341,23.626373626373624,67.03296703296702,56.59340659340659,10.43956043956044
E00172038,299,76,28,48,223,183,40,25.418060200668897,9.364548494983277,16.05351170568562,74.5819397993311,61.20401337792642,13.377926421404682
E00172128,85,26,7,19,59,54,5,30.58823529411765,8.235294117647058,22.35294117647059,69.41176470588235,63.52941176470588,5.88235294117647
E00172131,172,43,15,28,129,100,29,25,8.720930232558139,16.27906976744186,75,58.139534883720934,16.86046511627907
E00185137,46,13,1,12,33,29,4,28.26086956521739,2.1739130434782608,26.08695652173913,71.73913043478261,63.04347826086957,8.695652173913043
E00185138,175,50,19,31,125,104,21,28.57142857142857,10.857142857142858,17.71428571428571,71.42857142857143,59.42857142857143,12
E00185139,119,21,5,16,98,84,14,17.647058823529413,4.201680672268908,13.445378151260504,82.35294117647058,70.58823529411765,11.76470588235294
E00185141,136,31,7,24,105,91,14,22.794117647058822,5.147058823529411,17.647058823529413,77.20588235294117,66.91176470588235,10.294117647058822
E00185142,100,17,0,17,83,78,5,17,0,17,83,78,5
E00185143,124,28,4,24,96,88,8,22.58064516129032,3.225806451612903,19.35483870967742,77.41935483870968,70.96774193548387,6.451612903225806
E00185144,84,17,5,12,67,59,8,20.238095238095237,5.952380952380952,14.285714285714285,79.76190476190477,70.23809523809523,9.523809523809524
E00185145,164,55,16,39,109,95,14,33.53658536585366,9.75609756097561,23.78048780487805,66.46341463414635,57.92682926829268,8.536585365853659
E00185147,62,12,2,10,50,45,5,19.35483870967742,3.225806451612903,16.129032258064516,80.64516129032258,72.58064516129032,8.064516129032258
E00185149,56,20,5,15,36,33,3,35.714285714285715,8.928571428571429,26.785714285714285,64.28571428571429,58.92857142857143,5.357142857142857
E00185150,407,49,13,36,358,323,35,12.039312039312039,3.194103194103194,8.845208845208845,87.96068796068795,79.36117936117935,8.5995085995086
E00185152,357,77,15,62,280,245,35,21.568627450980394,4.201680672268908,17.366946778711483,78.43137254901961,68.62745098039215,9.803921568627452
E00185155,154,18,3,15,136,123,13,11.688311688311687,1.948051948051948,9.740259740259742,88.31168831168831,79.87012987012987,8.441558441558442
E00185157,161,33,10,23,128,116,12,20.496894409937887,6.211180124223603,14.285714285714285,79.5031055900621,72.04968944099379,7.453416149068323
E00185160,125,34,5,29,91,78,13,27.200000000000003,4,23.200000000000003,72.8,62.4,10.4
E00185161,176,47,11,36,129,118,11,26.704545454545453,6.25,20.454545454545457,73.29545454545455,67.04545454545455,6.25
E00185162,295,41,12,29,254,226,28,13.898305084745763,4.067796610169491,9.830508474576272,86.10169491525423,76.61016949152543,9.491525423728813
E00185163,151,39,11,28,112,96,16,25.82781456953642,7.28476821192053,18.543046357615893,74.17218543046357,63.576158940397356,10.596026490066226
E00185165,95,11,1,10,84,69,15,11.578947368421053,1.0526315789473684,10.526315789473683,88.42105263157895,72.63157894736842,15.789473684210526
E00185166,292,54,11,43,238,213,25,18.493150684931507,3.767123287671233,14.726027397260275,81.5068493150685,72.94520547945206,8.561643835616438
E00185167,87,28,9,19,59,55,4,32.18390804597701,10.344827586206897,21.839080459770116,67.81609195402298,63.2183908045977,4.597701149425287
E00185171,124,30,13,17,94,81,13,24.193548387096776,10.483870967741936,13.709677419354838,75.80645161290323,65.32258064516128,10.483870967741936
E00185173,98,20,6,14,78,71,7,20.408163265306122,6.122448979591836,14.285714285714285,79.59183673469387,72.44897959183673,7.142857142857142
E00185175,217,62,19,43,155,130,25,28.57142857142857,8.755760368663594,19.81566820276498,71.42857142857143,59.907834101382484,11.52073732718894
E00185176,196,35,9,26,161,138,23,17.857142857142858,4.591836734693878,13.26530612244898,82.14285714285714,70.40816326530613,11.73469387755102
