OA,ts0380001,ts0380002,ts0380003,ts0380004,ts0380005,ts0380006,ts0380007,ts0380002_PCT,ts0380003_PCT,ts0380004_PCT,ts0380005_PCT,ts0380006_PCT,ts0380007_PCT
E00152685,344,78,27,51,266,19,247,22.674418604651162,7.848837209302325,14.825581395348838,77.32558139534885,5.523255813953488,71.80232558139535
E00152686,301,51,17,34,250,25,225,16.943521594684384,5.647840531561462,11.295681063122924,83.05647840531562,8.305647840531561,74.75083056478405
E00152688,302,38,14,24,264,24,240,12.582781456953644,4.635761589403973,7.9470198675496695,87.41721854304636,7.9470198675496695,79.47019867549669
E00152690,343,66,30,36,277,34,243,19.24198250728863,8.746355685131196,10.495626822157435,80.75801749271136,9.912536443148689,70.8454810495627
E00152691,291,40,15,25,251,27,224,13.745704467353953,5.154639175257731,8.59106529209622,86.25429553264605,9.278350515463918,76.97594501718214
E00152692,293,45,18,27,248,23,225,15.358361774744028,6.143344709897611,9.215017064846416,84.64163822525597,7.849829351535837,76.79180887372013
E00152693,317,32,13,19,285,24,261,10.094637223974763,4.100946372239748,5.993690851735016,89.90536277602523,7.570977917981073,82.33438485804416
E00152694,570,79,24,55,491,43,448,13.859649122807017,4.2105263157894735,9.649122807017543,86.14035087719299,7.5438596491228065,78.59649122807018
E00152695,280,41,11,30,239,29,210,14.642857142857144,3.9285714285714284,10.714285714285714,85.35714285714285,10.357142857142858,75
E00152696,238,42,11,31,196,16,180,17.647058823529413,4.621848739495799,13.025210084033615,82.35294117647058,6.722689075630252,75.63025210084034
E00152697,274,47,17,30,227,14,213,17.153284671532848,6.204379562043796,10.948905109489052,82.84671532846716,5.109489051094891,77.73722627737226
E00152698,250,40,17,23,210,17,193,16,6.800000000000001,9.2,84,6.800000000000001,77.2
E00152699,393,83,35,48,310,30,280,21.119592875318066,8.9058524173028,12.213740458015266,78.88040712468194,7.633587786259542,71.2468193384224
E00152700,318,48,17,31,270,33,237,15.09433962264151,5.345911949685535,9.748427672955975,84.90566037735849,10.377358490566039,74.52830188679245
E00152701,333,43,15,28,290,23,267,12.912912912912914,4.504504504504505,8.408408408408409,87.08708708708708,6.906906906906906,80.18018018018019
E00152702,304,45,21,24,259,28,231,14.802631578947366,6.907894736842106,7.894736842105263,85.19736842105263,9.210526315789473,75.98684210526315
E00152703,193,31,9,22,162,15,147,16.06217616580311,4.66321243523316,11.398963730569948,83.93782383419689,7.772020725388601,76.16580310880829
E00152704,424,74,23,51,350,47,303,17.452830188679243,5.4245283018867925,12.028301886792454,82.54716981132076,11.084905660377359,71.4622641509434
E00152705,338,45,19,26,293,31,262,13.313609467455622,5.621301775147929,7.6923076923076925,86.68639053254438,9.171597633136095,77.51479289940828
E00152706,272,47,13,34,225,27,198,17.27941176470588,4.779411764705882,12.5,82.72058823529412,9.926470588235293,72.79411764705883
E00152707,355,43,10,33,312,19,293,12.112676056338028,2.8169014084507045,9.295774647887324,87.88732394366198,5.352112676056338,82.53521126760563
E00152708,296,63,20,43,233,18,215,21.283783783783782,6.756756756756757,14.527027027027026,78.71621621621621,6.081081081081082,72.63513513513513
E00152709,381,72,25,47,309,14,295,18.89763779527559,6.561679790026247,12.335958005249344,81.10236220472441,3.674540682414698,77.42782152230971
E00152710,275,40,12,28,235,21,214,14.545454545454545,4.363636363636364,10.181818181818182,85.45454545454545,7.636363636363637,77.81818181818181
E00152711,293,40,11,29,253,16,237,13.651877133105803,3.754266211604096,9.897610921501707,86.3481228668942,5.460750853242321,80.88737201365188
E00152712,286,51,25,26,235,32,203,17.832167832167833,8.741258741258742,9.090909090909092,82.16783216783216,11.188811188811188,70.97902097902097
E00152713,314,48,19,29,266,21,245,15.286624203821656,6.050955414012739,9.235668789808917,84.71337579617835,6.687898089171974,78.02547770700637
E00152714,249,70,35,35,179,18,161,28.11244979919679,14.056224899598394,14.056224899598394,71.8875502008032,7.228915662650602,64.65863453815261
E00152715,309,38,18,20,271,28,243,12.297734627831716,5.825242718446602,6.472491909385113,87.70226537216828,9.06148867313916,78.64077669902912
E00152718,327,69,17,52,258,21,237,21.100917431192663,5.198776758409786,15.902140672782874,78.89908256880734,6.422018348623854,72.47706422018348
E00152719,278,49,21,28,229,19,210,17.62589928057554,7.553956834532374,10.071942446043165,82.37410071942446,6.83453237410072,75.53956834532374
E00152720,308,53,16,37,255,27,228,17.20779220779221,5.194805194805195,12.012987012987013,82.79220779220779,8.766233766233766,74.02597402597402
E00152721,232,47,22,25,185,19,166,20.25862068965517,9.482758620689655,10.775862068965516,79.74137931034483,8.189655172413794,71.55172413793103
E00152722,292,58,18,40,234,19,215,19.863013698630137,6.164383561643835,13.698630136986301,80.13698630136986,6.506849315068493,73.63013698630137
E00152723,382,65,20,45,317,36,281,17.015706806282722,5.2356020942408374,11.780104712041885,82.98429319371728,9.424083769633508,73.56020942408377
E00152724,250,47,19,28,203,20,183,18.8,7.6,11.200000000000001,81.2,8,73.2
E00152725,274,42,18,24,232,23,209,15.328467153284672,6.569343065693431,8.75912408759124,84.67153284671532,8.394160583941606,76.27737226277372
E00152726,262,44,19,25,218,12,206,16.793893129770993,7.251908396946565,9.541984732824428,83.20610687022901,4.580152671755725,78.62595419847328
E00152727,288,64,43,21,224,18,206,22.22222222222222,14.930555555555555,7.291666666666667,77.77777777777779,6.25,71.52777777777779
E00152728,282,44,14,30,238,24,214,15.602836879432624,4.964539007092199,10.638297872340425,84.39716312056737,8.51063829787234,75.88652482269504
E00152729,333,51,16,35,282,34,248,15.315315315315313,4.804804804804805,10.51051051051051,84.68468468468468,10.21021021021021,74.47447447447448
E00152730,311,63,34,29,248,29,219,20.257234726688104,10.932475884244374,9.32475884244373,79.7427652733119,9.32475884244373,70.41800643086816
E00152731,350,53,17,36,297,26,271,15.142857142857144,4.857142857142857,10.285714285714285,84.85714285714285,7.428571428571429,77.42857142857143
E00152732,355,62,17,45,293,26,267,17.464788732394364,4.788732394366197,12.676056338028168,82.53521126760563,7.323943661971831,75.21126760563381
E00152733,313,57,17,40,256,26,230,18.210862619808307,5.431309904153355,12.779552715654951,81.78913738019169,8.30670926517572,73.48242811501598
E00152734,374,60,24,36,314,29,285,16.042780748663102,6.417112299465241,9.62566844919786,83.9572192513369,7.754010695187167,76.20320855614973
E00152735,378,63,23,40,315,42,273,16.666666666666664,6.084656084656085,10.582010582010582,83.33333333333334,11.11111111111111,72.22222222222221
E00152736,440,164,97,67,276,31,245,37.27272727272727,22.045454545454547,15.227272727272728,62.727272727272734,7.045454545454545,55.68181818181818
E00152737,282,55,23,32,227,25,202,19.50354609929078,8.156028368794328,11.347517730496454,80.49645390070921,8.865248226950355,71.63120567375887
E00152738,239,50,9,41,189,14,175,20.920502092050206,3.765690376569038,17.154811715481173,79.07949790794979,5.857740585774058,73.22175732217573
E00152739,324,56,16,40,268,22,246,17.28395061728395,4.938271604938271,12.345679012345679,82.71604938271605,6.790123456790123,75.92592592592592
E00152740,247,86,45,41,161,12,149,34.81781376518219,18.218623481781375,16.599190283400812,65.18218623481782,4.8582995951417,60.32388663967612
E00152741,330,49,19,30,281,17,264,14.84848484848485,5.757575757575758,9.090909090909092,85.15151515151516,5.151515151515151,80
E00152744,281,52,13,39,229,22,207,18.505338078291814,4.6263345195729535,13.87900355871886,81.49466192170819,7.829181494661921,73.66548042704626
E00152745,294,26,12,14,268,14,254,8.843537414965986,4.081632653061225,4.761904761904762,91.15646258503402,4.761904761904762,86.39455782312925
E00152746,336,46,22,24,290,19,271,13.690476190476192,6.547619047619048,7.142857142857142,86.30952380952381,5.654761904761905,80.65476190476191
E00152747,330,38,14,24,292,27,265,11.515151515151516,4.242424242424243,7.2727272727272725,88.48484848484848,8.181818181818182,80.3030303030303
E00152748,337,50,17,33,287,34,253,14.836795252225517,5.044510385756676,9.792284866468842,85.16320474777447,10.089020771513352,75.07418397626114
E00152749,366,51,17,34,315,29,286,13.934426229508196,4.644808743169399,9.289617486338798,86.0655737704918,7.923497267759563,78.14207650273224
E00152751,246,36,12,24,210,18,192,14.634146341463413,4.878048780487805,9.75609756097561,85.36585365853658,7.317073170731707,78.04878048780488
E00152752,486,63,19,44,423,32,391,12.962962962962962,3.909465020576132,9.053497942386832,87.03703703703704,6.584362139917696,80.45267489711934
E00152753,307,60,29,31,247,25,222,19.54397394136808,9.446254071661238,10.097719869706841,80.45602605863192,8.143322475570033,72.31270358306189
E00152754,329,91,48,43,238,12,226,27.659574468085108,14.58966565349544,13.069908814589665,72.3404255319149,3.64741641337386,68.69300911854104
E00152755,278,38,14,24,240,33,207,13.66906474820144,5.0359712230215825,8.633093525179856,86.33093525179856,11.870503597122301,74.46043165467626
E00152756,271,66,32,34,205,22,183,24.354243542435423,11.808118081180812,12.546125461254611,75.64575645756457,8.118081180811808,67.52767527675276
E00152757,274,43,19,24,231,36,195,15.693430656934307,6.934306569343065,8.75912408759124,84.30656934306569,13.138686131386862,71.16788321167883
E00152758,295,78,32,46,217,26,191,26.440677966101696,10.847457627118644,15.593220338983052,73.5593220338983,8.813559322033898,64.7457627118644
E00152759,380,93,36,57,287,22,265,24.47368421052632,9.473684210526317,15,75.52631578947368,5.7894736842105265,69.73684210526315
E00152760,315,67,31,36,248,15,233,21.26984126984127,9.841269841269842,11.428571428571429,78.73015873015873,4.761904761904762,73.96825396825398
E00152761,403,63,27,36,340,38,302,15.632754342431761,6.699751861042183,8.933002481389577,84.36724565756823,9.429280397022332,74.93796526054591
E00152762,310,54,23,31,256,17,239,17.419354838709676,7.419354838709677,10,82.58064516129032,5.483870967741936,77.09677419354838
E00152763,277,39,14,25,238,18,220,14.079422382671481,5.054151624548736,9.025270758122744,85.92057761732852,6.4981949458483745,79.42238267148014
E00152764,290,51,19,32,239,24,215,17.586206896551722,6.551724137931035,11.03448275862069,82.41379310344827,8.275862068965518,74.13793103448276
E00152765,295,53,10,43,242,28,214,17.966101694915253,3.389830508474576,14.576271186440678,82.03389830508473,9.491525423728813,72.54237288135593
E00152766,292,51,20,31,241,20,221,17.465753424657535,6.8493150684931505,10.616438356164384,82.53424657534246,6.8493150684931505,75.68493150684932
E00152767,286,44,19,25,242,35,207,15.384615384615385,6.643356643356643,8.741258741258742,84.61538461538461,12.237762237762238,72.37762237762237
E00152768,294,44,11,33,250,13,237,14.965986394557824,3.741496598639456,11.224489795918368,85.03401360544217,4.421768707482993,80.61224489795919
E00152769,304,50,19,31,254,29,225,16.447368421052634,6.25,10.197368421052632,83.55263157894737,9.539473684210527,74.01315789473685
E00152770,300,47,15,32,253,22,231,15.666666666666668,5,10.666666666666668,84.33333333333334,7.333333333333333,77
E00152771,318,47,16,31,271,19,252,14.779874213836477,5.031446540880504,9.748427672955975,85.22012578616352,5.9748427672955975,79.24528301886792
E00152772,306,63,26,37,243,22,221,20.588235294117645,8.49673202614379,12.091503267973856,79.41176470588235,7.18954248366013,72.22222222222221
E00152773,345,57,17,40,288,26,262,16.52173913043478,4.9275362318840585,11.594202898550725,83.47826086956522,7.536231884057972,75.94202898550725
E00152774,333,36,11,25,297,23,274,10.81081081081081,3.303303303303303,7.5075075075075075,89.1891891891892,6.906906906906906,82.28228228228228
E00152775,339,72,31,41,267,22,245,21.238938053097346,9.144542772861357,12.094395280235988,78.76106194690266,6.489675516224189,72.27138643067846
E00152776,297,38,19,19,259,35,224,12.794612794612794,6.397306397306397,6.397306397306397,87.20538720538721,11.784511784511785,75.42087542087542
E00152777,297,65,24,41,232,25,207,21.885521885521886,8.080808080808081,13.804713804713806,78.11447811447812,8.417508417508419,69.6969696969697
E00152778,290,40,23,17,250,26,224,13.793103448275861,7.931034482758621,5.862068965517241,86.20689655172413,8.96551724137931,77.24137931034483
E00152779,274,46,16,30,228,23,205,16.78832116788321,5.839416058394161,10.948905109489052,83.21167883211679,8.394160583941606,74.81751824817519
E00152780,335,43,19,24,292,35,257,12.835820895522387,5.6716417910447765,7.164179104477612,87.16417910447761,10.44776119402985,76.71641791044776
E00152781,321,55,23,32,266,20,246,17.133956386292834,7.165109034267912,9.968847352024921,82.86604361370716,6.230529595015576,76.63551401869158
E00152782,390,101,50,51,289,16,273,25.8974358974359,12.82051282051282,13.076923076923078,74.1025641025641,4.102564102564102,70
E00152783,242,49,16,33,193,17,176,20.24793388429752,6.6115702479338845,13.636363636363635,79.75206611570248,7.024793388429752,72.72727272727273
E00152784,302,74,29,45,228,19,209,24.503311258278146,9.602649006622517,14.90066225165563,75.49668874172185,6.291390728476822,69.20529801324503
E00152785,328,47,18,29,281,32,249,14.329268292682926,5.487804878048781,8.841463414634147,85.67073170731707,9.75609756097561,75.91463414634147
E00152786,389,83,39,44,306,22,284,21.336760925449873,10.025706940874036,11.311053984575835,78.66323907455013,5.655526992287918,73.00771208226222
E00152787,343,78,31,47,265,20,245,22.740524781341108,9.037900874635568,13.702623906705538,77.25947521865889,5.830903790087463,71.42857142857143
E00152788,380,52,21,31,328,24,304,13.684210526315791,5.526315789473684,8.157894736842106,86.31578947368422,6.315789473684211,80
E00152789,379,65,23,42,314,18,296,17.150395778364118,6.068601583113456,11.081794195250659,82.84960422163589,4.749340369393139,78.10026385224275
E00152790,306,41,17,24,265,24,241,13.398692810457517,5.555555555555555,7.8431372549019605,86.60130718954248,7.8431372549019605,78.75816993464052
E00152791,302,76,40,36,226,23,203,25.165562913907287,13.245033112582782,11.920529801324504,74.83443708609272,7.6158940397351,67.21854304635761
E00152792,376,85,38,47,291,19,272,22.606382978723406,10.106382978723403,12.5,77.3936170212766,5.053191489361701,72.3404255319149
E00152793,280,41,11,30,239,30,209,14.642857142857144,3.9285714285714284,10.714285714285714,85.35714285714285,10.714285714285714,74.64285714285714
E00152794,325,46,12,34,279,28,251,14.153846153846153,3.6923076923076925,10.461538461538462,85.84615384615385,8.615384615384615,77.23076923076924
E00152795,313,42,11,31,271,32,239,13.418530351437699,3.5143769968051117,9.904153354632587,86.5814696485623,10.223642172523961,76.35782747603834
E00152796,399,101,45,56,298,17,281,25.31328320802005,11.278195488721805,14.035087719298245,74.68671679197995,4.260651629072681,70.42606516290726
E00152797,339,56,23,33,283,32,251,16.519174041297934,6.784660766961652,9.734513274336283,83.48082595870207,9.43952802359882,74.04129793510324
E00152798,214,77,41,36,137,11,126,35.981308411214954,19.158878504672895,16.822429906542055,64.01869158878505,5.14018691588785,58.87850467289719
E00152799,285,42,9,33,243,19,224,14.736842105263156,3.1578947368421053,11.578947368421053,85.26315789473684,6.666666666666667,78.59649122807018
E00152800,296,48,25,23,248,20,228,16.216216216216218,8.445945945945946,7.77027027027027,83.78378378378379,6.756756756756757,77.02702702702703
E00152801,321,62,32,30,259,32,227,19.314641744548286,9.968847352024921,9.345794392523365,80.68535825545172,9.968847352024921,70.7165109034268
E00152802,342,60,30,30,282,27,255,17.543859649122805,8.771929824561402,8.771929824561402,82.45614035087719,7.894736842105263,74.56140350877193
E00152803,325,64,19,45,261,22,239,19.692307692307693,5.846153846153846,13.846153846153847,80.3076923076923,6.769230769230769,73.53846153846155
E00152804,366,91,33,58,275,12,263,24.863387978142075,9.01639344262295,15.846994535519126,75.13661202185791,3.278688524590164,71.85792349726776
E00152805,347,59,30,29,288,26,262,17.002881844380404,8.645533141210375,8.357348703170029,82.9971181556196,7.492795389048991,75.50432276657061
E00152806,295,64,26,38,231,8,223,21.694915254237287,8.813559322033898,12.88135593220339,78.30508474576271,2.711864406779661,75.59322033898304
E00152807,217,52,23,29,165,12,153,23.963133640552993,10.599078341013826,13.36405529953917,76.036866359447,5.529953917050691,70.50691244239631
E00152808,390,82,33,49,308,24,284,21.025641025641026,8.461538461538462,12.564102564102564,78.97435897435898,6.153846153846154,72.82051282051282
E00152809,387,63,24,39,324,33,291,16.27906976744186,6.2015503875969,10.077519379844961,83.72093023255815,8.527131782945736,75.1937984496124
E00152810,271,77,41,36,194,16,178,28.413284132841326,15.129151291512915,13.284132841328415,71.58671586715867,5.904059040590406,65.68265682656826
E00152811,328,77,32,45,251,11,240,23.47560975609756,9.75609756097561,13.719512195121952,76.52439024390245,3.353658536585366,73.17073170731707
E00152812,348,73,45,28,275,20,255,20.977011494252874,12.931034482758621,8.045977011494253,79.02298850574712,5.747126436781609,73.27586206896551
E00152813,461,70,24,46,391,17,374,15.184381778741866,5.206073752711497,9.97830802603037,84.81561822125813,3.68763557483731,81.12798264642083
E00152814,424,55,27,28,369,22,347,12.971698113207546,6.367924528301887,6.60377358490566,87.02830188679245,5.188679245283019,81.83962264150944
E00152815,342,85,39,46,257,20,237,24.853801169590643,11.403508771929824,13.450292397660817,75.14619883040936,5.847953216374268,69.2982456140351
E00152816,331,63,36,27,268,24,244,19.033232628398792,10.876132930513595,8.157099697885197,80.96676737160121,7.250755287009064,73.71601208459214
E00152817,417,76,36,40,341,16,325,18.225419664268586,8.633093525179856,9.59232613908873,81.77458033573141,3.8369304556354913,77.93764988009593
E00152818,293,67,32,35,226,17,209,22.866894197952217,10.921501706484642,11.945392491467576,77.13310580204778,5.802047781569966,71.33105802047781
E00152819,312,56,27,29,256,30,226,17.94871794871795,8.653846153846153,9.294871794871796,82.05128205128204,9.615384615384617,72.43589743589743
E00152820,329,67,34,33,262,13,249,20.364741641337385,10.33434650455927,10.030395136778116,79.63525835866263,3.951367781155015,75.6838905775076
E00152821,262,60,33,27,202,16,186,22.900763358778626,12.595419847328243,10.305343511450381,77.09923664122137,6.106870229007633,70.99236641221374
E00152822,314,40,13,27,274,27,247,12.738853503184714,4.140127388535031,8.598726114649681,87.26114649681529,8.598726114649681,78.6624203821656
E00152823,203,73,39,34,130,20,110,35.960591133004925,19.21182266009852,16.748768472906402,64.03940886699507,9.852216748768473,54.187192118226605
E00152824,312,128,78,50,184,16,168,41.02564102564102,25,16.025641025641026,58.97435897435898,5.128205128205128,53.84615384615385
E00152826,251,53,16,37,198,22,176,21.115537848605577,6.374501992031872,14.741035856573706,78.88446215139442,8.764940239043826,70.1195219123506
E00152827,282,37,10,27,245,17,228,13.120567375886525,3.546099290780142,9.574468085106384,86.87943262411348,6.028368794326241,80.85106382978722
E00152828,319,38,18,20,281,16,265,11.912225705329153,5.6426332288401255,6.269592476489027,88.08777429467085,5.015673981191222,83.07210031347962
E00152829,392,123,56,67,269,24,245,31.377551020408163,14.285714285714285,17.091836734693878,68.62244897959184,6.122448979591836,62.5
E00152830,369,65,24,41,304,26,278,17.615176151761517,6.504065040650407,11.11111111111111,82.38482384823848,7.046070460704606,75.33875338753387
E00152831,276,53,22,31,223,18,205,19.202898550724637,7.971014492753622,11.231884057971014,80.79710144927536,6.521739130434782,74.27536231884058
E00152833,276,63,22,41,213,9,204,22.82608695652174,7.971014492753622,14.855072463768115,77.17391304347827,3.260869565217391,73.91304347826086
E00152834,332,46,19,27,286,23,263,13.855421686746988,5.72289156626506,8.132530120481928,86.14457831325302,6.927710843373494,79.21686746987952
E00152835,332,61,26,35,271,17,254,18.373493975903614,7.83132530120482,10.542168674698797,81.62650602409639,5.120481927710843,76.50602409638554
E00152836,359,54,26,28,305,29,276,15.041782729805014,7.242339832869081,7.7994428969359335,84.958217270195,8.07799442896936,76.88022284122563
E00152837,308,72,37,35,236,24,212,23.376623376623375,12.012987012987013,11.363636363636363,76.62337662337663,7.792207792207792,68.83116883116884
E00152838,294,52,16,36,242,28,214,17.687074829931973,5.442176870748299,12.244897959183673,82.31292517006803,9.523809523809524,72.78911564625851
E00152839,290,65,24,41,225,25,200,22.413793103448278,8.275862068965518,14.13793103448276,77.58620689655173,8.620689655172415,68.96551724137932
E00152840,395,64,27,37,331,30,301,16.20253164556962,6.8354430379746836,9.367088607594937,83.79746835443038,7.59493670886076,76.20253164556962
E00152841,302,69,30,39,233,20,213,22.8476821192053,9.933774834437086,12.91390728476821,77.15231788079471,6.622516556291391,70.52980132450331
E00152842,306,49,17,32,257,26,231,16.013071895424837,5.555555555555555,10.457516339869281,83.98692810457517,8.49673202614379,75.49019607843137
E00152843,351,77,24,53,274,23,251,21.937321937321936,6.837606837606838,15.0997150997151,78.06267806267806,6.552706552706552,71.50997150997152
E00152844,278,39,16,23,239,20,219,14.028776978417264,5.755395683453238,8.273381294964029,85.97122302158273,7.1942446043165464,78.77697841726618
E00152845,301,55,17,38,246,29,217,18.272425249169437,5.647840531561462,12.624584717607974,81.72757475083057,9.634551495016613,72.09302325581395
E00152847,361,47,19,28,314,27,287,13.019390581717452,5.263157894736842,7.756232686980609,86.98060941828255,7.479224376731302,79.50138504155125
E00152848,309,59,17,42,250,30,220,19.093851132686083,5.501618122977346,13.592233009708737,80.90614886731392,9.70873786407767,71.19741100323624
E00152849,348,47,19,28,301,37,264,13.505747126436782,5.459770114942529,8.045977011494253,86.49425287356321,10.632183908045976,75.86206896551724
E00152850,300,53,17,36,247,20,227,17.666666666666668,5.666666666666666,12,82.33333333333334,6.666666666666667,75.66666666666667
E00152851,297,54,14,40,243,15,228,18.181818181818183,4.713804713804714,13.468013468013467,81.81818181818183,5.05050505050505,76.76767676767676
E00152852,239,57,26,31,182,22,160,23.84937238493724,10.87866108786611,12.97071129707113,76.15062761506276,9.205020920502092,66.94560669456067
E00152853,365,59,25,34,306,38,268,16.164383561643834,6.8493150684931505,9.315068493150685,83.83561643835617,10.41095890410959,73.42465753424658
E00152854,300,42,17,25,258,27,231,14.000000000000002,5.666666666666666,8.333333333333332,86,9,77
E00152855,297,41,17,24,256,31,225,13.804713804713806,5.723905723905724,8.080808080808081,86.19528619528619,10.437710437710438,75.75757575757575
E00152856,364,75,31,44,289,36,253,20.604395604395602,8.516483516483516,12.087912087912088,79.3956043956044,9.89010989010989,69.5054945054945
E00152857,284,33,15,18,251,35,216,11.619718309859154,5.28169014084507,6.338028169014084,88.38028169014085,12.323943661971832,76.05633802816901
E00152858,396,65,29,36,331,35,296,16.414141414141415,7.3232323232323235,9.090909090909092,83.58585858585859,8.83838383838384,74.74747474747475
E00152859,346,50,19,31,296,21,275,14.450867052023122,5.491329479768786,8.959537572254336,85.54913294797689,6.069364161849711,79.47976878612717
E00152860,332,69,32,37,263,19,244,20.783132530120483,9.63855421686747,11.144578313253012,79.21686746987952,5.72289156626506,73.49397590361446
E00152861,379,82,36,46,297,17,280,21.63588390501319,9.498680738786279,12.137203166226913,78.3641160949868,4.485488126649076,73.87862796833772
E00152862,340,92,56,36,248,21,227,27.058823529411764,16.470588235294116,10.588235294117647,72.94117647058823,6.176470588235294,66.76470588235294
E00152863,346,75,40,35,271,18,253,21.67630057803468,11.560693641618498,10.115606936416185,78.32369942196532,5.202312138728324,73.121387283237
E00152864,343,71,28,43,272,26,246,20.699708454810494,8.16326530612245,12.536443148688047,79.30029154518951,7.580174927113703,71.7201166180758
E00152865,330,67,27,40,263,16,247,20.303030303030305,8.181818181818182,12.121212121212121,79.6969696969697,4.848484848484849,74.84848484848486
E00152866,588,133,65,68,455,19,436,22.61904761904762,11.054421768707483,11.564625850340136,77.38095238095238,3.231292517006803,74.14965986394559
E00152867,369,93,45,48,276,25,251,25.203252032520325,12.195121951219512,13.008130081300814,74.79674796747967,6.775067750677506,68.02168021680217
E00152869,317,73,42,31,244,23,221,23.02839116719243,13.249211356466878,9.779179810725552,76.97160883280758,7.255520504731862,69.71608832807571
E00152870,296,64,30,34,232,25,207,21.62162162162162,10.135135135135135,11.486486486486488,78.37837837837837,8.445945945945946,69.93243243243244
E00152871,388,81,38,43,307,27,280,20.876288659793815,9.793814432989691,11.082474226804123,79.12371134020619,6.958762886597938,72.16494845360825
E00152872,416,94,45,49,322,19,303,22.596153846153847,10.817307692307693,11.778846153846153,77.40384615384616,4.567307692307692,72.83653846153845
E00152873,360,46,15,31,314,31,283,12.777777777777777,4.166666666666666,8.61111111111111,87.22222222222223,8.61111111111111,78.61111111111111
E00152874,380,91,47,44,289,32,257,23.94736842105263,12.368421052631579,11.578947368421053,76.05263157894737,8.421052631578947,67.63157894736842
E00152875,314,39,12,27,275,30,245,12.420382165605096,3.821656050955414,8.598726114649681,87.57961783439491,9.554140127388536,78.02547770700637
E00152876,278,57,22,35,221,26,195,20.503597122302157,7.913669064748201,12.589928057553957,79.49640287769785,9.352517985611511,70.14388489208633
E00152877,354,41,14,27,313,19,294,11.581920903954803,3.954802259887006,7.627118644067797,88.4180790960452,5.367231638418079,83.05084745762711
E00152878,268,45,16,29,223,15,208,16.791044776119403,5.970149253731343,10.820895522388058,83.2089552238806,5.597014925373134,77.61194029850746
E00152879,302,59,24,35,243,30,213,19.5364238410596,7.9470198675496695,11.589403973509933,80.4635761589404,9.933774834437086,70.52980132450331
E00152880,364,63,31,32,301,29,272,17.307692307692307,8.516483516483516,8.791208791208792,82.6923076923077,7.967032967032966,74.72527472527473
E00152881,351,58,25,33,293,24,269,16.524216524216524,7.122507122507122,9.401709401709402,83.47578347578347,6.837606837606838,76.63817663817663
E00152882,321,45,21,24,276,26,250,14.018691588785046,6.5420560747663545,7.476635514018691,85.98130841121495,8.09968847352025,77.88161993769471
E00152883,359,86,33,53,273,25,248,23.955431754874652,9.192200557103064,14.763231197771587,76.04456824512535,6.963788300835655,69.08077994428969
E00152884,567,103,52,51,464,31,433,18.165784832451497,9.171075837742503,8.994708994708994,81.83421516754849,5.467372134038801,76.3668430335097
E00152885,354,101,58,43,253,18,235,28.53107344632768,16.38418079096045,12.146892655367232,71.46892655367232,5.084745762711865,66.38418079096046
E00152886,353,42,9,33,311,29,282,11.89801699716714,2.5495750708215295,9.34844192634561,88.10198300283287,8.21529745042493,79.88668555240793
E00152887,272,96,52,44,176,19,157,35.294117647058826,19.11764705882353,16.176470588235293,64.70588235294117,6.985294117647059,57.720588235294116
E00152888,178,58,26,32,120,8,112,32.58426966292135,14.606741573033707,17.97752808988764,67.41573033707866,4.49438202247191,62.92134831460674
E00152889,348,49,17,32,299,34,265,14.080459770114942,4.885057471264368,9.195402298850574,85.91954022988506,9.770114942528735,76.14942528735632
E00152890,342,42,21,21,300,20,280,12.280701754385964,6.140350877192982,6.140350877192982,87.71929824561403,5.847953216374268,81.87134502923976
E00152891,327,51,17,34,276,29,247,15.59633027522936,5.198776758409786,10.397553516819572,84.40366972477065,8.868501529051988,75.53516819571865
E00152892,349,41,8,33,308,26,282,11.74785100286533,2.292263610315186,9.455587392550143,88.25214899713467,7.4498567335243555,80.80229226361033
E00152893,320,42,8,34,278,39,239,13.125,2.5,10.625,86.875,12.1875,74.6875
E00152894,312,50,14,36,262,30,232,16.025641025641026,4.487179487179487,11.538461538461538,83.97435897435898,9.615384615384617,74.35897435897436
E00152895,344,50,17,33,294,26,268,14.534883720930234,4.941860465116279,9.593023255813954,85.46511627906976,7.55813953488372,77.90697674418605
E00152896,352,45,20,25,307,30,277,12.784090909090908,5.681818181818182,7.1022727272727275,87.2159090909091,8.522727272727272,78.69318181818183
E00152897,308,45,7,38,263,20,243,14.61038961038961,2.272727272727273,12.337662337662337,85.3896103896104,6.493506493506493,78.8961038961039
E00152898,306,44,23,21,262,26,236,14.37908496732026,7.516339869281046,6.862745098039216,85.62091503267973,8.49673202614379,77.12418300653596
E00152899,283,29,4,25,254,28,226,10.247349823321555,1.4134275618374559,8.8339222614841,89.75265017667844,9.89399293286219,79.85865724381625
E00152900,331,52,18,34,279,22,257,15.709969788519636,5.438066465256798,10.27190332326284,84.29003021148036,6.646525679758309,77.64350453172206
E00152901,186,79,52,27,107,11,96,42.473118279569896,27.956989247311824,14.516129032258066,57.52688172043011,5.913978494623656,51.61290322580645
E00152902,322,70,38,32,252,20,232,21.73913043478261,11.801242236024844,9.937888198757763,78.26086956521739,6.211180124223603,72.04968944099379
E00152903,196,53,18,35,143,8,135,27.040816326530614,9.183673469387756,17.857142857142858,72.95918367346938,4.081632653061225,68.87755102040816
E00152904,360,35,12,23,325,26,299,9.722222222222223,3.3333333333333335,6.388888888888888,90.27777777777779,7.222222222222221,83.05555555555556
E00152905,430,110,46,64,320,30,290,25.581395348837212,10.69767441860465,14.883720930232558,74.4186046511628,6.976744186046512,67.44186046511628
E00152906,368,50,15,35,318,23,295,13.586956521739129,4.076086956521739,9.510869565217392,86.41304347826086,6.25,80.16304347826086
E00152907,341,65,24,41,276,27,249,19.06158357771261,7.038123167155426,12.023460410557185,80.93841642228739,7.9178885630498534,73.02052785923753
E00152908,312,50,16,34,262,29,233,16.025641025641026,5.128205128205128,10.897435897435898,83.97435897435898,9.294871794871796,74.67948717948718
E00152909,321,32,14,18,289,30,259,9.968847352024921,4.361370716510903,5.607476635514018,90.03115264797508,9.345794392523365,80.68535825545172
E00152910,341,36,10,26,305,34,271,10.557184750733137,2.932551319648094,7.624633431085044,89.44281524926686,9.970674486803519,79.47214076246334
E00152911,350,100,31,69,250,29,221,28.57142857142857,8.857142857142856,19.714285714285715,71.42857142857143,8.285714285714285,63.142857142857146
E00152912,296,49,16,33,247,36,211,16.554054054054053,5.405405405405405,11.14864864864865,83.44594594594594,12.162162162162163,71.28378378378379
E00152913,174,60,27,33,114,21,93,34.48275862068966,15.517241379310345,18.96551724137931,65.51724137931035,12.068965517241379,53.44827586206896
E00152914,283,44,10,34,239,22,217,15.547703180212014,3.53356890459364,12.014134275618375,84.45229681978799,7.773851590106007,76.67844522968198
E00152915,357,48,13,35,309,30,279,13.445378151260504,3.6414565826330536,9.803921568627452,86.5546218487395,8.403361344537815,78.15126050420169
E00152916,346,45,15,30,301,23,278,13.005780346820808,4.335260115606936,8.670520231213873,86.9942196531792,6.6473988439306355,80.34682080924856
E00152917,318,51,12,39,267,20,247,16.037735849056602,3.7735849056603774,12.264150943396226,83.9622641509434,6.289308176100629,77.67295597484278
E00152918,316,41,16,25,275,21,254,12.974683544303797,5.063291139240507,7.9113924050632916,87.0253164556962,6.6455696202531636,80.37974683544303
E00152920,356,58,23,35,298,20,278,16.292134831460675,6.460674157303371,9.831460674157304,83.70786516853933,5.617977528089887,78.08988764044943
E00152921,253,57,21,36,196,13,183,22.529644268774703,8.300395256916996,14.229249011857709,77.4703557312253,5.138339920948617,72.33201581027669
E00152922,452,40,10,30,412,47,365,8.849557522123893,2.2123893805309733,6.637168141592921,91.1504424778761,10.398230088495575,80.75221238938053
E00152923,347,54,13,41,293,31,262,15.561959654178676,3.7463976945244957,11.815561959654179,84.43804034582134,8.93371757925072,75.50432276657061
E00152925,331,41,9,32,290,30,260,12.386706948640484,2.719033232628399,9.667673716012084,87.61329305135952,9.06344410876133,78.54984894259819
E00152926,328,60,14,46,268,33,235,18.29268292682927,4.2682926829268295,14.02439024390244,81.70731707317073,10.060975609756099,71.64634146341463
E00152927,328,64,18,46,264,23,241,19.51219512195122,5.487804878048781,14.02439024390244,80.48780487804879,7.01219512195122,73.47560975609755
E00152928,426,65,27,38,361,32,329,15.258215962441316,6.338028169014084,8.92018779342723,84.74178403755869,7.511737089201878,77.23004694835682
E00152929,199,51,23,28,148,12,136,25.628140703517587,11.557788944723619,14.07035175879397,74.37185929648241,6.030150753768844,68.34170854271356
E00152930,367,81,18,63,286,27,259,22.070844686648503,4.904632152588556,17.166212534059948,77.9291553133515,7.3569482288828345,70.57220708446866
E00152931,281,36,12,24,245,14,231,12.811387900355871,4.270462633451958,8.540925266903916,87.18861209964413,4.98220640569395,82.20640569395017
E00152932,347,43,19,24,304,30,274,12.39193083573487,5.475504322766571,6.9164265129683,87.60806916426513,8.645533141210375,78.96253602305475
E00152933,420,52,16,36,368,44,324,12.380952380952381,3.8095238095238098,8.571428571428571,87.61904761904762,10.476190476190476,77.14285714285715
E00152934,322,58,19,39,264,40,224,18.012422360248447,5.900621118012422,12.111801242236025,81.98757763975155,12.422360248447205,69.56521739130434
E00152935,340,45,14,31,295,27,268,13.23529411764706,4.117647058823529,9.117647058823529,86.76470588235294,7.941176470588235,78.82352941176471
E00152936,272,26,6,20,246,25,221,9.558823529411764,2.2058823529411766,7.352941176470589,90.44117647058823,9.191176470588236,81.25
E00152937,360,33,8,25,327,45,282,9.166666666666666,2.2222222222222223,6.944444444444445,90.83333333333333,12.5,78.33333333333333
E00152939,355,48,10,38,307,24,283,13.521126760563378,2.8169014084507045,10.704225352112676,86.47887323943661,6.760563380281689,79.71830985915493
E00152940,309,58,26,32,251,27,224,18.77022653721683,8.414239482200648,10.355987055016183,81.22977346278317,8.737864077669903,72.49190938511327
E00152941,346,57,24,33,289,35,254,16.473988439306357,6.9364161849710975,9.53757225433526,83.52601156069365,10.115606936416185,73.41040462427746
E00152942,255,34,13,21,221,28,193,13.333333333333334,5.098039215686274,8.235294117647058,86.66666666666667,10.980392156862745,75.68627450980392
E00152943,263,38,8,30,225,25,200,14.44866920152091,3.041825095057034,11.406844106463879,85.55133079847909,9.505703422053232,76.04562737642586
E00152944,329,35,14,21,294,22,272,10.638297872340425,4.25531914893617,6.382978723404255,89.36170212765957,6.68693009118541,82.67477203647417
E00152945,272,35,6,29,237,26,211,12.867647058823529,2.2058823529411766,10.661764705882353,87.13235294117648,9.558823529411764,77.57352941176471
E00152946,306,39,13,26,267,23,244,12.745098039215685,4.248366013071895,8.49673202614379,87.25490196078431,7.516339869281046,79.73856209150327
E00152947,420,91,35,56,329,29,300,21.666666666666668,8.333333333333332,13.333333333333334,78.33333333333333,6.904761904761905,71.42857142857143
E00152948,270,59,22,37,211,28,183,21.85185185185185,8.148148148148149,13.703703703703704,78.14814814814814,10.37037037037037,67.77777777777779
E00152949,240,59,21,38,181,18,163,24.583333333333332,8.75,15.833333333333332,75.41666666666667,7.5,67.91666666666667
E00152950,287,50,17,33,237,18,219,17.421602787456447,5.923344947735192,11.498257839721255,82.57839721254355,6.2717770034843205,76.30662020905923
E00152951,177,53,29,24,124,12,112,29.943502824858758,16.38418079096045,13.559322033898304,70.05649717514125,6.779661016949152,63.2768361581921
E00152952,364,36,8,28,328,29,299,9.89010989010989,2.197802197802198,7.6923076923076925,90.10989010989012,7.967032967032966,82.14285714285714
E00152953,284,68,20,48,216,15,201,23.943661971830984,7.042253521126761,16.901408450704224,76.05633802816901,5.28169014084507,70.77464788732394
E00152954,174,43,18,25,131,13,118,24.71264367816092,10.344827586206897,14.367816091954023,75.28735632183908,7.471264367816093,67.81609195402298
E00152955,386,70,26,44,316,35,281,18.134715025906736,6.7357512953367875,11.398963730569948,81.86528497409327,9.067357512953368,72.7979274611399
E00152956,331,68,29,39,263,18,245,20.54380664652568,8.761329305135952,11.782477341389729,79.45619335347432,5.438066465256798,74.01812688821752
E00152957,191,67,36,31,124,13,111,35.07853403141361,18.848167539267017,16.230366492146597,64.92146596858639,6.806282722513089,58.1151832460733
E00152958,268,72,35,37,196,7,189,26.865671641791046,13.059701492537313,13.805970149253731,73.13432835820896,2.6119402985074625,70.52238805970148
E00152959,208,65,36,29,143,13,130,31.25,17.307692307692307,13.942307692307693,68.75,6.25,62.5
E00152960,329,56,30,26,273,21,252,17.02127659574468,9.118541033434651,7.90273556231003,82.97872340425532,6.382978723404255,76.59574468085107
E00152961,329,66,24,42,263,18,245,20.060790273556233,7.29483282674772,12.76595744680851,79.93920972644378,5.47112462006079,74.46808510638297
E00152962,301,57,24,33,244,18,226,18.93687707641196,7.973421926910299,10.96345514950166,81.06312292358804,5.980066445182724,75.08305647840533
E00152963,281,59,26,33,222,21,201,20.99644128113879,9.252669039145907,11.743772241992882,79.00355871886121,7.473309608540925,71.53024911032028
E00152964,301,59,27,32,242,22,220,19.601328903654487,8.970099667774086,10.631229235880399,80.39867109634552,7.308970099667775,73.08970099667775
E00152965,220,75,45,30,145,9,136,34.090909090909086,20.454545454545457,13.636363636363635,65.9090909090909,4.090909090909091,61.81818181818181
E00152966,259,51,16,35,208,20,188,19.69111969111969,6.177606177606178,13.513513513513514,80.3088803088803,7.722007722007722,72.58687258687259
E00152967,268,48,15,33,220,23,197,17.91044776119403,5.597014925373134,12.313432835820896,82.08955223880598,8.582089552238806,73.50746268656717
E00152968,265,44,15,29,221,24,197,16.60377358490566,5.660377358490567,10.943396226415095,83.39622641509435,9.056603773584905,74.33962264150942
E00152969,232,53,25,28,179,17,162,22.844827586206897,10.775862068965516,12.068965517241379,77.15517241379311,7.327586206896551,69.82758620689656
E00152970,314,38,14,24,276,28,248,12.101910828025478,4.45859872611465,7.643312101910828,87.89808917197452,8.9171974522293,78.98089171974523
E00152971,311,67,28,39,244,21,223,21.54340836012862,9.003215434083602,12.540192926045016,78.45659163987139,6.752411575562702,71.70418006430869
E00152972,295,50,21,29,245,18,227,16.94915254237288,7.118644067796611,9.830508474576272,83.05084745762711,6.101694915254238,76.94915254237287
E00152973,242,66,33,33,176,15,161,27.27272727272727,13.636363636363635,13.636363636363635,72.72727272727273,6.198347107438017,66.52892561983471
E00152974,278,92,46,46,186,25,161,33.093525179856115,16.546762589928058,16.546762589928058,66.90647482014388,8.992805755395683,57.9136690647482
E00152975,352,80,31,49,272,17,255,22.727272727272727,8.806818181818182,13.920454545454545,77.27272727272727,4.829545454545454,72.44318181818183
E00152976,255,73,29,44,182,8,174,28.627450980392155,11.372549019607844,17.254901960784313,71.37254901960785,3.1372549019607843,68.23529411764706
E00152977,286,73,34,39,213,15,198,25.524475524475527,11.888111888111888,13.636363636363635,74.47552447552448,5.244755244755245,69.23076923076923
E00152978,277,51,26,25,226,17,209,18.4115523465704,9.386281588447654,9.025270758122744,81.58844765342961,6.137184115523466,75.45126353790613
E00152979,280,73,34,39,207,15,192,26.071428571428573,12.142857142857142,13.928571428571429,73.92857142857143,5.357142857142857,68.57142857142857
E00152980,305,55,27,28,250,22,228,18.0327868852459,8.852459016393443,9.180327868852459,81.9672131147541,7.213114754098362,74.75409836065575
E00152981,305,44,20,24,261,16,245,14.426229508196723,6.557377049180328,7.868852459016394,85.57377049180329,5.245901639344262,80.32786885245902
E00152982,271,56,22,34,215,18,197,20.66420664206642,8.118081180811808,12.546125461254611,79.33579335793358,6.642066420664207,72.69372693726937
E00152983,197,37,19,18,160,15,145,18.781725888324875,9.644670050761421,9.137055837563452,81.21827411167513,7.614213197969544,73.60406091370558
E00152984,315,52,16,36,263,24,239,16.507936507936506,5.079365079365079,11.428571428571429,83.4920634920635,7.6190476190476195,75.87301587301587
E00152985,270,34,12,22,236,23,213,12.592592592592592,4.444444444444445,8.148148148148149,87.4074074074074,8.518518518518519,78.88888888888889
E00152986,268,39,11,28,229,19,210,14.55223880597015,4.104477611940299,10.44776119402985,85.44776119402985,7.08955223880597,78.35820895522389
E00152987,300,45,18,27,255,25,230,15,6,9,85,8.333333333333332,76.66666666666667
E00152988,282,55,17,38,227,21,206,19.50354609929078,6.028368794326241,13.47517730496454,80.49645390070921,7.446808510638298,73.04964539007092
E00152989,246,41,24,17,205,23,182,16.666666666666664,9.75609756097561,6.910569105691057,83.33333333333334,9.34959349593496,73.98373983739837
E00152990,271,64,21,43,207,12,195,23.616236162361623,7.7490774907749085,15.867158671586715,76.38376383763837,4.428044280442804,71.95571955719558
E00152991,252,67,32,35,185,16,169,26.58730158730159,12.698412698412698,13.88888888888889,73.4126984126984,6.349206349206349,67.06349206349206
E00152992,381,84,36,48,297,17,280,22.04724409448819,9.448818897637794,12.598425196850393,77.95275590551181,4.4619422572178475,73.49081364829397
E00152993,309,61,30,31,248,20,228,19.741100323624593,9.70873786407767,10.032362459546926,80.2588996763754,6.472491909385113,73.7864077669903
E00152994,429,75,34,41,354,37,317,17.482517482517483,7.925407925407925,9.557109557109557,82.51748251748252,8.624708624708624,73.89277389277389
E00152995,236,79,42,37,157,20,137,33.47457627118644,17.796610169491526,15.677966101694915,66.52542372881356,8.47457627118644,58.05084745762712
E00152996,312,69,29,40,243,15,228,22.115384615384613,9.294871794871796,12.82051282051282,77.88461538461539,4.807692307692308,73.07692307692307
E00152997,235,56,16,40,179,15,164,23.829787234042556,6.808510638297872,17.02127659574468,76.17021276595744,6.382978723404255,69.7872340425532
E00152998,301,68,39,29,233,18,215,22.591362126245848,12.956810631229235,9.634551495016613,77.40863787375415,5.980066445182724,71.42857142857143
E00152999,287,55,23,32,232,34,198,19.16376306620209,8.013937282229964,11.149825783972126,80.8362369337979,11.846689895470384,68.98954703832753
E00153000,331,76,30,46,255,14,241,22.9607250755287,9.06344410876133,13.897280966767372,77.0392749244713,4.229607250755287,72.80966767371602
E00153001,393,70,29,41,323,22,301,17.8117048346056,7.37913486005089,10.432569974554708,82.1882951653944,5.597964376590331,76.59033078880407
E00153002,245,51,23,28,194,26,168,20.816326530612244,9.387755102040817,11.428571428571429,79.18367346938776,10.612244897959183,68.57142857142857
E00153003,259,35,12,23,224,23,201,13.513513513513514,4.633204633204633,8.880308880308881,86.48648648648648,8.880308880308881,77.60617760617761
E00153004,286,67,29,38,219,15,204,23.426573426573427,10.13986013986014,13.286713286713287,76.57342657342657,5.244755244755245,71.32867132867133
E00153005,284,60,29,31,224,18,206,21.12676056338028,10.211267605633804,10.915492957746478,78.87323943661971,6.338028169014084,72.53521126760563
E00153006,334,39,14,25,295,15,280,11.676646706586826,4.191616766467066,7.48502994011976,88.32335329341318,4.491017964071856,83.8323353293413
E00153007,303,32,8,24,271,11,260,10.561056105610561,2.6402640264026402,7.920792079207921,89.43894389438944,3.6303630363036308,85.8085808580858
E00153008,375,57,32,25,318,39,279,15.2,8.533333333333333,6.666666666666667,84.8,10.4,74.4
E00153009,371,54,14,40,317,34,283,14.555256064690028,3.7735849056603774,10.781671159029651,85.44474393530997,9.164420485175203,76.28032345013477
E00153010,438,58,15,43,380,20,360,13.24200913242009,3.4246575342465753,9.817351598173515,86.7579908675799,4.5662100456621,82.1917808219178
E00153011,345,49,22,27,296,21,275,14.202898550724639,6.3768115942028984,7.82608695652174,85.79710144927536,6.086956521739131,79.71014492753623
E00153012,336,36,13,23,300,27,273,10.714285714285714,3.869047619047619,6.845238095238096,89.28571428571429,8.035714285714286,81.25
E00153013,354,53,22,31,301,29,272,14.971751412429379,6.214689265536723,8.757062146892656,85.02824858757062,8.192090395480225,76.8361581920904
E00153014,300,55,26,29,245,14,231,18.333333333333332,8.666666666666668,9.666666666666666,81.66666666666667,4.666666666666667,77
E00153015,307,51,14,37,256,14,242,16.612377850162865,4.5602605863192185,12.052117263843648,83.38762214983714,4.5602605863192185,78.82736156351791
E00153016,259,50,25,25,209,26,183,19.305019305019304,9.652509652509652,9.652509652509652,80.6949806949807,10.038610038610038,70.65637065637065
E00153017,294,54,26,28,240,13,227,18.367346938775512,8.843537414965986,9.523809523809524,81.63265306122449,4.421768707482993,77.21088435374149
E00153019,276,49,23,26,227,18,209,17.753623188405797,8.333333333333332,9.420289855072465,82.2463768115942,6.521739130434782,75.72463768115942
E00153020,322,48,28,20,274,26,248,14.906832298136646,8.695652173913043,6.211180124223603,85.09316770186336,8.074534161490684,77.01863354037268
E00153021,323,43,10,33,280,14,266,13.312693498452013,3.0959752321981426,10.21671826625387,86.687306501548,4.3343653250774,82.35294117647058
E00153022,403,60,22,38,343,33,310,14.888337468982629,5.459057071960298,9.429280397022332,85.11166253101737,8.188585607940446,76.92307692307693
E00153023,218,38,12,26,180,7,173,17.431192660550458,5.5045871559633035,11.926605504587156,82.56880733944955,3.211009174311927,79.35779816513761
E00153024,296,56,16,40,240,25,215,18.91891891891892,5.405405405405405,13.513513513513514,81.08108108108108,8.445945945945946,72.63513513513513
E00153025,282,63,15,48,219,20,199,22.340425531914892,5.319148936170213,17.02127659574468,77.6595744680851,7.092198581560284,70.56737588652481
E00153026,316,55,21,34,261,22,239,17.405063291139243,6.6455696202531636,10.759493670886076,82.59493670886076,6.962025316455696,75.63291139240506
E00153027,295,86,58,28,209,8,201,29.152542372881356,19.661016949152543,9.491525423728813,70.84745762711864,2.711864406779661,68.13559322033899
E00153030,337,47,19,28,290,10,280,13.94658753709199,5.637982195845697,8.30860534124629,86.05341246290801,2.967359050445104,83.08605341246292
E00153031,286,43,14,29,243,9,234,15.034965034965033,4.895104895104895,10.13986013986014,84.96503496503497,3.146853146853147,81.81818181818183
E00153032,294,74,35,39,220,18,202,25.170068027210885,11.904761904761903,13.26530612244898,74.82993197278913,6.122448979591836,68.70748299319727
E00153033,355,50,24,26,305,24,281,14.084507042253522,6.760563380281689,7.323943661971831,85.91549295774648,6.760563380281689,79.15492957746478
E00153034,299,38,19,19,261,15,246,12.709030100334449,6.354515050167224,6.354515050167224,87.29096989966555,5.016722408026756,82.2742474916388
E00153036,356,76,32,44,280,20,260,21.34831460674157,8.98876404494382,12.359550561797752,78.65168539325843,5.617977528089887,73.03370786516854
E00153037,316,75,24,51,241,23,218,23.734177215189874,7.59493670886076,16.139240506329113,76.26582278481013,7.2784810126582276,68.9873417721519
E00153038,306,58,24,34,248,21,227,18.954248366013072,7.8431372549019605,11.11111111111111,81.04575163398692,6.862745098039216,74.18300653594771
E00153039,218,37,11,26,181,20,161,16.972477064220186,5.045871559633028,11.926605504587156,83.02752293577981,9.174311926605505,73.85321100917432
E00153040,266,35,16,19,231,20,211,13.157894736842104,6.015037593984962,7.142857142857142,86.8421052631579,7.518796992481203,79.32330827067669
E00153041,255,40,11,29,215,17,198,15.686274509803921,4.313725490196078,11.372549019607844,84.31372549019608,6.666666666666667,77.64705882352942
E00153042,330,51,17,34,279,17,262,15.454545454545453,5.151515151515151,10.303030303030303,84.54545454545455,5.151515151515151,79.39393939393939
E00153043,364,59,20,39,305,24,281,16.208791208791208,5.4945054945054945,10.714285714285714,83.79120879120879,6.593406593406594,77.1978021978022
E00153044,473,68,23,45,405,31,374,14.376321353065538,4.862579281183932,9.513742071881607,85.62367864693447,6.553911205073996,79.06976744186046
E00153045,277,41,13,28,236,21,215,14.801444043321299,4.693140794223827,10.108303249097473,85.1985559566787,7.581227436823104,77.6173285198556
E00153048,373,77,43,34,296,26,270,20.64343163538874,11.528150134048257,9.115281501340483,79.35656836461126,6.970509383378016,72.38605898123325
E00153049,310,79,43,36,231,14,217,25.483870967741932,13.870967741935484,11.612903225806452,74.51612903225806,4.516129032258064,70
E00153050,192,67,33,34,125,13,112,34.89583333333333,17.1875,17.708333333333336,65.10416666666666,6.770833333333333,58.333333333333336
E00153051,310,76,37,39,234,21,213,24.516129032258064,11.935483870967742,12.580645161290322,75.48387096774194,6.774193548387098,68.70967741935485
E00153053,424,98,49,49,326,26,300,23.11320754716981,11.556603773584905,11.556603773584905,76.88679245283019,6.132075471698113,70.75471698113208
E00153054,262,44,15,29,218,23,195,16.793893129770993,5.7251908396946565,11.068702290076336,83.20610687022901,8.778625954198473,74.42748091603053
E00153055,471,71,34,37,400,25,375,15.074309978768577,7.218683651804671,7.855626326963907,84.92569002123143,5.3078556263269645,79.61783439490446
E00153056,302,67,30,37,235,22,213,22.185430463576157,9.933774834437086,12.251655629139073,77.81456953642383,7.28476821192053,70.52980132450331
E00153057,302,56,23,33,246,23,223,18.543046357615893,7.6158940397351,10.927152317880795,81.45695364238411,7.6158940397351,73.84105960264901
E00153058,280,47,20,27,233,24,209,16.785714285714285,7.142857142857142,9.642857142857144,83.21428571428572,8.571428571428571,74.64285714285714
E00153059,282,52,19,33,230,21,209,18.439716312056735,6.73758865248227,11.702127659574469,81.56028368794325,7.446808510638298,74.11347517730496
E00153060,258,58,24,34,200,14,186,22.48062015503876,9.30232558139535,13.178294573643413,77.51937984496125,5.426356589147287,72.09302325581395
E00153061,293,62,26,36,231,8,223,21.160409556313994,8.873720136518772,12.286689419795222,78.839590443686,2.7303754266211606,76.10921501706484
E00153062,437,104,52,52,333,28,305,23.79862700228833,11.899313501144166,11.899313501144166,76.20137299771167,6.407322654462242,69.79405034324942
E00153063,267,52,17,35,215,29,186,19.475655430711612,6.367041198501873,13.108614232209737,80.52434456928839,10.861423220973784,69.66292134831461
E00153064,390,102,50,52,288,29,259,26.153846153846157,12.82051282051282,13.333333333333334,73.84615384615385,7.435897435897436,66.41025641025641
E00153065,363,73,43,30,290,29,261,20.110192837465565,11.84573002754821,8.264462809917356,79.88980716253444,7.988980716253444,71.900826446281
E00153066,263,57,31,26,206,17,189,21.673003802281368,11.787072243346007,9.885931558935361,78.32699619771863,6.4638783269961975,71.86311787072243
E00153067,359,78,46,32,281,12,269,21.72701949860724,12.813370473537605,8.913649025069638,78.27298050139275,3.3426183844011144,74.93036211699165
E00153068,281,52,17,35,229,24,205,18.505338078291814,6.049822064056939,12.455516014234876,81.49466192170819,8.540925266903916,72.95373665480427
E00153069,417,66,24,42,351,28,323,15.827338129496402,5.755395683453238,10.071942446043165,84.17266187050359,6.71462829736211,77.45803357314148
E00153070,193,65,31,34,128,11,117,33.67875647668394,16.06217616580311,17.616580310880828,66.32124352331607,5.699481865284974,60.62176165803109
E00153071,264,69,30,39,195,13,182,26.136363636363637,11.363636363636363,14.772727272727273,73.86363636363636,4.924242424242424,68.93939393939394
E00153072,411,72,35,37,339,22,317,17.51824817518248,8.51581508515815,9.002433090024331,82.48175182481752,5.35279805352798,77.12895377128953
E00153073,313,48,14,34,265,29,236,15.335463258785943,4.472843450479233,10.86261980830671,84.66453674121406,9.26517571884984,75.39936102236422
E00153074,401,55,19,36,346,23,323,13.715710723192021,4.738154613466334,8.977556109725686,86.28428927680798,5.7356608478802995,80.54862842892769
E00153075,332,41,15,26,291,34,257,12.349397590361445,4.518072289156627,7.83132530120482,87.65060240963855,10.240963855421686,77.40963855421687
E00153076,432,76,26,50,356,28,328,17.59259259259259,6.018518518518518,11.574074074074074,82.4074074074074,6.481481481481481,75.92592592592592
E00153077,270,45,15,30,225,23,202,16.666666666666664,5.555555555555555,11.11111111111111,83.33333333333334,8.518518518518519,74.81481481481481
E00153078,310,52,15,37,258,22,236,16.7741935483871,4.838709677419355,11.935483870967742,83.22580645161291,7.096774193548387,76.12903225806451
E00153079,372,86,51,35,286,23,263,23.118279569892472,13.709677419354838,9.408602150537634,76.88172043010752,6.182795698924731,70.6989247311828
E00153080,303,63,27,36,240,30,210,20.792079207920793,8.91089108910891,11.881188118811881,79.20792079207921,9.900990099009901,69.3069306930693
E00153081,275,51,19,32,224,22,202,18.545454545454547,6.909090909090909,11.636363636363637,81.45454545454545,8,73.45454545454545
E00153082,363,63,28,35,300,23,277,17.355371900826448,7.7134986225895315,9.641873278236915,82.64462809917356,6.336088154269973,76.30853994490359
E00153083,380,72,37,35,308,21,287,18.947368421052634,9.736842105263158,9.210526315789473,81.05263157894737,5.526315789473684,75.52631578947368
E00153084,336,74,44,30,262,30,232,22.023809523809522,13.095238095238097,8.928571428571429,77.97619047619048,8.928571428571429,69.04761904761905
E00170838,304,40,19,21,264,26,238,13.157894736842104,6.25,6.907894736842106,86.8421052631579,8.552631578947368,78.28947368421053
E00170839,321,29,15,14,292,18,274,9.034267912772584,4.672897196261682,4.361370716510903,90.96573208722741,5.607476635514018,85.35825545171339
E00170840,112,33,18,15,79,8,71,29.464285714285715,16.071428571428573,13.392857142857142,70.53571428571429,7.142857142857142,63.39285714285714
E00170841,307,49,20,29,258,27,231,15.960912052117262,6.514657980456026,9.446254071661238,84.03908794788273,8.794788273615636,75.2442996742671
E00170842,207,24,12,12,183,15,168,11.594202898550725,5.797101449275362,5.797101449275362,88.40579710144928,7.246376811594203,81.15942028985508
E00170843,243,33,8,25,210,16,194,13.580246913580247,3.292181069958848,10.2880658436214,86.41975308641975,6.584362139917696,79.83539094650206
E00170844,158,47,20,27,111,19,92,29.746835443037973,12.658227848101266,17.088607594936708,70.25316455696202,12.025316455696203,58.22784810126582
E00170845,149,13,6,7,136,9,127,8.724832214765101,4.026845637583892,4.697986577181208,91.2751677852349,6.0402684563758395,85.23489932885906
E00170846,207,44,20,24,163,9,154,21.256038647342994,9.66183574879227,11.594202898550725,78.74396135265701,4.3478260869565215,74.39613526570048
E00170848,170,16,4,12,154,7,147,9.411764705882353,2.3529411764705883,7.0588235294117645,90.58823529411765,4.117647058823529,86.47058823529412
E00170849,183,44,15,29,139,14,125,24.043715846994534,8.19672131147541,15.846994535519126,75.95628415300546,7.650273224043716,68.30601092896174
E00170850,421,62,16,46,359,23,336,14.726840855106888,3.800475059382423,10.926365795724466,85.2731591448931,5.463182897862233,79.80997624703087
E00170851,300,31,14,17,269,22,247,10.333333333333334,4.666666666666667,5.666666666666666,89.66666666666666,7.333333333333333,82.33333333333334
E00170852,307,38,7,31,269,23,246,12.37785016286645,2.2801302931596092,10.097719869706841,87.62214983713355,7.491856677524431,80.13029315960912
E00170853,420,61,28,33,359,26,333,14.523809523809526,6.666666666666667,7.857142857142857,85.47619047619047,6.190476190476191,79.28571428571428
E00170854,201,28,6,22,173,13,160,13.930348258706468,2.9850746268656714,10.945273631840797,86.06965174129353,6.467661691542288,79.60199004975125
E00170855,316,38,15,23,278,20,258,12.025316455696203,4.746835443037975,7.2784810126582276,87.9746835443038,6.329113924050633,81.64556962025317
E00170856,311,44,17,27,267,20,247,14.14790996784566,5.466237942122187,8.681672025723474,85.85209003215434,6.430868167202572,79.42122186495176
E00170857,347,45,19,26,302,27,275,12.968299711815561,5.475504322766571,7.492795389048991,87.03170028818444,7.780979827089338,79.2507204610951
E00170858,308,25,8,17,283,16,267,8.116883116883116,2.5974025974025974,5.51948051948052,91.88311688311688,5.194805194805195,86.68831168831169
E00170859,277,52,21,31,225,18,207,18.772563176895307,7.581227436823104,11.191335740072201,81.2274368231047,6.4981949458483745,74.72924187725631
E00170860,333,115,82,33,218,20,198,34.53453453453454,24.624624624624623,9.90990990990991,65.46546546546547,6.006006006006006,59.45945945945946
E00170861,303,50,17,33,253,15,238,16.5016501650165,5.6105610561056105,10.891089108910892,83.4983498349835,4.9504950495049505,78.54785478547855
E00170862,335,56,19,37,279,18,261,16.716417910447763,5.6716417910447765,11.044776119402986,83.28358208955224,5.3731343283582085,77.91044776119404
E00170863,307,36,14,22,271,27,244,11.726384364820847,4.5602605863192185,7.166123778501629,88.27361563517914,8.794788273615636,79.47882736156352
E00170864,261,47,23,24,214,23,191,18.007662835249043,8.812260536398467,9.195402298850574,81.99233716475096,8.812260536398467,73.18007662835248
E00170865,241,21,5,16,220,18,202,8.71369294605809,2.0746887966804977,6.639004149377594,91.28630705394191,7.468879668049793,83.81742738589212
E00170866,456,80,29,51,376,19,357,17.543859649122805,6.359649122807018,11.18421052631579,82.45614035087719,4.166666666666666,78.28947368421053
E00170867,320,63,31,32,257,27,230,19.6875,9.6875,10,80.3125,8.4375,71.875
E00170868,292,49,27,22,243,20,223,16.78082191780822,9.246575342465754,7.534246575342466,83.21917808219177,6.8493150684931505,76.36986301369863
E00170869,283,30,11,19,253,8,245,10.60070671378092,3.8869257950530036,6.713780918727916,89.39929328621908,2.8268551236749118,86.57243816254417
E00170870,310,63,20,43,247,21,226,20.32258064516129,6.451612903225806,13.870967741935484,79.6774193548387,6.774193548387098,72.90322580645162
E00170871,333,55,20,35,278,20,258,16.516516516516518,6.006006006006006,10.51051051051051,83.48348348348348,6.006006006006006,77.47747747747748
E00170872,257,39,17,22,218,20,198,15.17509727626459,6.614785992217899,8.560311284046692,84.8249027237354,7.782101167315175,77.04280155642024
E00170873,269,28,9,19,241,17,224,10.408921933085502,3.3457249070631967,7.063197026022305,89.59107806691449,6.319702602230483,83.27137546468401
E00170874,598,87,14,73,511,54,457,14.54849498327759,2.341137123745819,12.207357859531772,85.45150501672241,9.03010033444816,76.42140468227426
E00170875,223,22,3,19,201,16,185,9.865470852017937,1.345291479820628,8.520179372197308,90.13452914798206,7.174887892376682,82.95964125560538
E00170876,350,71,26,45,279,19,260,20.285714285714285,7.428571428571429,12.857142857142856,79.71428571428572,5.428571428571429,74.28571428571429
E00170877,405,62,27,35,343,32,311,15.308641975308642,6.666666666666667,8.641975308641975,84.69135802469135,7.901234567901234,76.79012345679013
E00170878,294,46,13,33,248,29,219,15.646258503401361,4.421768707482993,11.224489795918368,84.35374149659864,9.863945578231291,74.48979591836735
E00170879,275,33,10,23,242,18,224,12,3.6363636363636362,8.363636363636363,88,6.545454545454546,81.45454545454545
E00170880,304,44,14,30,260,22,238,14.473684210526317,4.605263157894736,9.868421052631579,85.52631578947368,7.236842105263158,78.28947368421053
E00170881,353,76,33,43,277,26,251,21.529745042492916,9.34844192634561,12.181303116147308,78.47025495750708,7.365439093484419,71.10481586402267
E00170882,229,41,16,25,188,18,170,17.903930131004365,6.986899563318777,10.91703056768559,82.09606986899564,7.860262008733625,74.235807860262
E00170883,252,55,26,29,197,12,185,21.825396825396826,10.317460317460316,11.507936507936508,78.17460317460318,4.761904761904762,73.4126984126984
E00170884,237,21,6,15,216,11,205,8.860759493670885,2.5316455696202533,6.329113924050633,91.13924050632912,4.641350210970464,86.49789029535864
E00170885,202,58,22,36,144,13,131,28.71287128712871,10.891089108910892,17.82178217821782,71.28712871287128,6.435643564356436,64.85148514851485
E00170886,268,29,5,24,239,26,213,10.820895522388058,1.8656716417910446,8.955223880597014,89.17910447761194,9.701492537313433,79.47761194029852
E00183325,341,62,27,35,279,16,263,18.181818181818183,7.9178885630498534,10.263929618768328,81.81818181818183,4.69208211143695,77.12609970674487
E00183329,240,35,12,23,205,12,193,14.583333333333334,5,9.583333333333334,85.41666666666666,5,80.41666666666667
E00183332,197,44,18,26,153,10,143,22.33502538071066,9.137055837563452,13.19796954314721,77.66497461928934,5.0761421319796955,72.58883248730965
E00183344,274,31,7,24,243,12,231,11.313868613138686,2.5547445255474455,8.75912408759124,88.6861313868613,4.37956204379562,84.30656934306569
E00183347,292,29,7,22,263,21,242,9.931506849315069,2.3972602739726026,7.534246575342466,90.06849315068493,7.191780821917808,82.87671232876713
E00183350,112,30,19,11,82,7,75,26.785714285714285,16.964285714285715,9.821428571428571,73.21428571428571,6.25,66.96428571428571
E00183351,589,74,28,46,515,25,490,12.563667232597622,4.753820033955857,7.809847198641766,87.43633276740238,4.244482173174872,83.1918505942275
E00183352,183,26,12,14,157,10,147,14.207650273224044,6.557377049180328,7.650273224043716,85.79234972677595,5.46448087431694,80.32786885245902
E00183358,233,25,13,12,208,12,196,10.72961373390558,5.579399141630901,5.150214592274678,89.27038626609442,5.150214592274678,84.12017167381974
E00183368,380,41,11,30,339,30,309,10.789473684210527,2.8947368421052633,7.894736842105263,89.21052631578948,7.894736842105263,81.3157894736842
E00183374,169,36,12,24,133,15,118,21.301775147928996,7.100591715976331,14.201183431952662,78.69822485207101,8.875739644970414,69.8224852071006
E00183376,209,61,31,30,148,8,140,29.1866028708134,14.832535885167463,14.354066985645932,70.81339712918661,3.827751196172249,66.98564593301435
E00183380,142,9,1,8,133,12,121,6.338028169014084,0.7042253521126761,5.633802816901409,93.66197183098592,8.450704225352112,85.2112676056338
E00183382,148,13,3,10,135,12,123,8.783783783783784,2.027027027027027,6.756756756756757,91.21621621621621,8.108108108108109,83.1081081081081
E00183385,290,46,6,40,244,20,224,15.862068965517242,2.0689655172413794,13.793103448275861,84.13793103448276,6.896551724137931,77.24137931034483
E00183395,181,18,5,13,163,16,147,9.94475138121547,2.7624309392265194,7.18232044198895,90.05524861878453,8.83977900552486,81.21546961325967
E00183400,269,52,13,39,217,24,193,19.33085501858736,4.83271375464684,14.49814126394052,80.66914498141264,8.921933085501859,71.74721189591078
E00183406,370,52,15,37,318,29,289,14.054054054054054,4.054054054054054,10,85.94594594594595,7.837837837837839,78.10810810810811
E00183408,587,83,35,48,504,46,458,14.139693356047701,5.9625212947189095,8.17717206132879,85.8603066439523,7.836456558773425,78.02385008517888
E00183411,183,25,6,19,158,14,144,13.661202185792352,3.278688524590164,10.382513661202186,86.33879781420765,7.650273224043716,78.68852459016394
E00183415,195,64,24,40,131,17,114,32.82051282051282,12.307692307692308,20.51282051282051,67.17948717948717,8.717948717948717,58.46153846153847
