OA,ts0590001,ts0590002,ts0590003,ts0590004,ts0590005,ts0590006,ts0590007,ts0590002_PCT,ts0590003_PCT,ts0590004_PCT,ts0590005_PCT,ts0590006_PCT,ts0590007_PCT
E00134224,160,52,19,33,108,78,30,32.5,11.875,20.625,67.5,48.75,18.75
E00134225,206,66,25,41,140,111,29,32.038834951456316,12.135922330097088,19.902912621359224,67.96116504854369,53.883495145631066,14.077669902912621
E00134226,246,74,34,40,172,125,47,30.081300813008134,13.821138211382115,16.260162601626014,69.91869918699187,50.81300813008131,19.10569105691057
E00134227,124,47,17,30,77,65,12,37.903225806451616,13.709677419354838,24.193548387096776,62.096774193548384,52.41935483870967,9.67741935483871
E00134228,187,66,27,39,121,94,27,35.294117647058826,14.43850267379679,20.855614973262032,64.70588235294117,50.26737967914438,14.43850267379679
E00134229,188,56,26,30,132,95,37,29.78723404255319,13.829787234042554,15.957446808510639,70.2127659574468,50.53191489361703,19.680851063829788
E00134230,130,41,18,23,89,62,27,31.538461538461537,13.846153846153847,17.692307692307693,68.46153846153847,47.69230769230769,20.76923076923077
E00134231,121,38,15,23,83,67,16,31.40495867768595,12.396694214876034,19.00826446280992,68.59504132231406,55.371900826446286,13.223140495867769
E00134232,110,34,20,14,76,57,19,30.909090909090907,18.181818181818183,12.727272727272727,69.0909090909091,51.81818181818182,17.272727272727273
E00134233,122,47,22,25,75,61,14,38.52459016393443,18.0327868852459,20.491803278688526,61.47540983606557,50,11.475409836065573
E00134234,238,97,33,64,141,109,32,40.7563025210084,13.865546218487395,26.89075630252101,59.2436974789916,45.79831932773109,13.445378151260504
E00134235,116,45,20,25,71,53,18,38.793103448275865,17.24137931034483,21.551724137931032,61.206896551724135,45.689655172413794,15.517241379310345
E00134236,122,34,10,24,88,75,13,27.86885245901639,8.19672131147541,19.672131147540984,72.1311475409836,61.47540983606557,10.655737704918032
E00134237,98,33,13,20,65,48,17,33.6734693877551,13.26530612244898,20.408163265306122,66.3265306122449,48.97959183673469,17.346938775510203
E00134238,122,27,6,21,95,77,18,22.131147540983605,4.918032786885246,17.21311475409836,77.8688524590164,63.114754098360656,14.754098360655737
E00134239,208,55,25,30,153,130,23,26.442307692307693,12.01923076923077,14.423076923076922,73.5576923076923,62.5,11.057692307692307
E00134240,126,44,15,29,82,60,22,34.92063492063492,11.904761904761903,23.015873015873016,65.07936507936508,47.61904761904761,17.46031746031746
E00134242,200,57,16,41,143,121,22,28.499999999999996,8,20.5,71.5,60.5,11
E00134243,200,55,26,29,145,121,24,27.500000000000004,13,14.499999999999998,72.5,60.5,12
E00134244,154,43,15,28,111,96,15,27.92207792207792,9.740259740259742,18.181818181818183,72.07792207792207,62.33766233766234,9.740259740259742
E00134245,152,50,16,34,102,84,18,32.89473684210527,10.526315789473683,22.36842105263158,67.10526315789474,55.26315789473685,11.842105263157894
E00134246,140,41,26,15,99,80,19,29.28571428571429,18.571428571428573,10.714285714285714,70.71428571428572,57.14285714285714,13.571428571428571
E00134247,105,39,18,21,66,59,7,37.142857142857146,17.142857142857142,20,62.857142857142854,56.19047619047619,6.666666666666667
E00134248,109,28,9,19,81,68,13,25.688073394495415,8.256880733944955,17.431192660550458,74.31192660550458,62.38532110091744,11.926605504587156
E00134249,107,33,11,22,74,63,11,30.8411214953271,10.2803738317757,20.5607476635514,69.1588785046729,58.87850467289719,10.2803738317757
E00134251,123,40,19,21,83,57,26,32.52032520325203,15.447154471544716,17.073170731707318,67.47967479674797,46.34146341463415,21.138211382113823
E00134253,133,39,23,16,94,78,16,29.32330827067669,17.293233082706767,12.030075187969924,70.67669172932331,58.64661654135338,12.030075187969924
E00134254,161,48,11,37,113,89,24,29.81366459627329,6.832298136645963,22.981366459627328,70.1863354037267,55.27950310559007,14.906832298136646
E00134255,157,41,15,26,116,90,26,26.11464968152866,9.554140127388536,16.560509554140125,73.88535031847134,57.324840764331206,16.560509554140125
E00134256,109,39,20,19,70,56,14,35.77981651376147,18.34862385321101,17.431192660550458,64.22018348623854,51.37614678899083,12.844036697247708
E00134257,161,40,13,27,121,99,22,24.84472049689441,8.074534161490684,16.77018633540373,75.15527950310559,61.49068322981367,13.664596273291925
E00134258,179,58,21,37,121,103,18,32.402234636871505,11.731843575418994,20.670391061452513,67.59776536312849,57.54189944134078,10.05586592178771
E00134260,138,52,23,29,86,75,11,37.68115942028986,16.666666666666664,21.014492753623188,62.31884057971014,54.347826086956516,7.971014492753622
E00134261,89,32,11,21,57,41,16,35.95505617977528,12.359550561797752,23.595505617977526,64.04494382022472,46.06741573033708,17.97752808988764
E00134262,108,33,7,26,75,68,7,30.555555555555557,6.481481481481481,24.074074074074073,69.44444444444444,62.96296296296296,6.481481481481481
E00134263,141,55,22,33,86,68,18,39.00709219858156,15.602836879432624,23.404255319148938,60.99290780141844,48.226950354609926,12.76595744680851
E00134264,115,44,13,31,71,59,12,38.26086956521739,11.304347826086957,26.956521739130434,61.73913043478261,51.30434782608696,10.434782608695652
E00134265,95,32,10,22,63,56,7,33.68421052631579,10.526315789473683,23.157894736842106,66.3157894736842,58.94736842105262,7.368421052631578
E00134266,112,32,12,20,80,69,11,28.57142857142857,10.714285714285714,17.857142857142858,71.42857142857143,61.60714285714286,9.821428571428571
E00134267,127,46,13,33,81,65,16,36.22047244094488,10.236220472440944,25.984251968503933,63.77952755905512,51.181102362204726,12.598425196850393
E00134268,156,44,14,30,112,94,18,28.205128205128204,8.974358974358974,19.230769230769234,71.7948717948718,60.256410256410255,11.538461538461538
E00134269,165,31,10,21,134,112,22,18.787878787878785,6.0606060606060606,12.727272727272727,81.21212121212122,67.87878787878789,13.333333333333334
E00134270,150,28,12,16,122,100,22,18.666666666666668,8,10.666666666666668,81.33333333333333,66.66666666666666,14.666666666666666
E00134271,194,57,24,33,137,114,23,29.381443298969074,12.371134020618557,17.010309278350515,70.61855670103093,58.76288659793815,11.855670103092782
E00134272,203,61,16,45,142,110,32,30.049261083743843,7.8817733990147785,22.167487684729064,69.95073891625616,54.187192118226605,15.763546798029557
E00134273,97,30,7,23,67,60,7,30.927835051546392,7.216494845360824,23.711340206185564,69.0721649484536,61.855670103092784,7.216494845360824
E00134274,190,64,15,49,126,108,18,33.68421052631579,7.894736842105263,25.789473684210527,66.3157894736842,56.84210526315789,9.473684210526317
E00134275,109,39,12,27,70,60,10,35.77981651376147,11.009174311926607,24.770642201834864,64.22018348623854,55.04587155963303,9.174311926605505
E00134276,106,42,7,35,64,54,10,39.62264150943396,6.60377358490566,33.0188679245283,60.37735849056604,50.943396226415096,9.433962264150944
E00134277,134,51,20,31,83,66,17,38.059701492537314,14.925373134328357,23.134328358208954,61.940298507462686,49.25373134328358,12.686567164179104
E00134278,186,63,17,46,123,103,20,33.87096774193548,9.13978494623656,24.731182795698924,66.12903225806451,55.376344086021504,10.75268817204301
E00134280,246,76,23,53,170,138,32,30.89430894308943,9.34959349593496,21.544715447154474,69.10569105691057,56.09756097560976,13.008130081300814
E00134281,179,66,14,52,113,100,13,36.87150837988827,7.82122905027933,29.05027932960894,63.128491620111724,55.865921787709496,7.262569832402235
E00134282,123,43,13,30,80,70,10,34.959349593495936,10.569105691056912,24.390243902439025,65.04065040650406,56.91056910569105,8.130081300813007
E00134283,115,47,19,28,68,61,7,40.869565217391305,16.52173913043478,24.347826086956523,59.130434782608695,53.04347826086957,6.086956521739131
E00134284,158,59,17,42,99,72,27,37.34177215189873,10.759493670886076,26.582278481012654,62.65822784810127,45.56962025316456,17.088607594936708
E00134287,139,39,12,27,100,79,21,28.05755395683453,8.633093525179856,19.424460431654676,71.94244604316546,56.83453237410072,15.107913669064748
E00134288,88,40,8,32,48,38,10,45.45454545454545,9.090909090909092,36.36363636363637,54.54545454545454,43.18181818181818,11.363636363636363
E00134289,118,40,6,34,78,64,14,33.89830508474576,5.084745762711865,28.8135593220339,66.10169491525424,54.23728813559322,11.864406779661017
E00134290,89,29,8,21,60,47,13,32.58426966292135,8.98876404494382,23.595505617977526,67.41573033707866,52.80898876404494,14.606741573033707
E00134291,97,36,13,23,61,53,8,37.11340206185567,13.402061855670103,23.711340206185564,62.88659793814433,54.63917525773196,8.24742268041237
E00134292,119,35,9,26,84,68,16,29.411764705882355,7.563025210084033,21.84873949579832,70.58823529411765,57.14285714285714,13.445378151260504
E00134293,163,67,14,53,96,83,13,41.104294478527606,8.588957055214724,32.515337423312886,58.895705521472394,50.920245398773,7.975460122699387
E00134294,88,30,10,20,58,50,8,34.090909090909086,11.363636363636363,22.727272727272727,65.9090909090909,56.81818181818182,9.090909090909092
E00134295,131,41,10,31,90,71,19,31.297709923664126,7.633587786259542,23.66412213740458,68.70229007633588,54.19847328244275,14.50381679389313
E00134296,75,27,9,18,48,39,9,36,12,24,64,52,12
E00134297,120,41,13,28,79,64,15,34.166666666666664,10.833333333333334,23.333333333333332,65.83333333333333,53.333333333333336,12.5
E00134299,152,43,16,27,109,92,17,28.289473684210524,10.526315789473683,17.763157894736842,71.71052631578947,60.526315789473685,11.18421052631579
E00134300,106,36,14,22,70,62,8,33.9622641509434,13.20754716981132,20.754716981132077,66.0377358490566,58.490566037735846,7.547169811320755
E00134301,105,32,9,23,73,65,8,30.476190476190478,8.571428571428571,21.904761904761905,69.52380952380952,61.904761904761905,7.6190476190476195
E00134302,114,37,7,30,77,61,16,32.45614035087719,6.140350877192982,26.31578947368421,67.54385964912281,53.50877192982456,14.035087719298245
E00134303,169,41,9,32,128,102,26,24.2603550295858,5.325443786982249,18.93491124260355,75.7396449704142,60.35502958579882,15.384615384615385
E00134304,166,49,10,39,117,99,18,29.518072289156628,6.024096385542169,23.49397590361446,70.48192771084338,59.63855421686747,10.843373493975903
E00134305,110,25,5,20,85,70,15,22.727272727272727,4.545454545454546,18.181818181818183,77.27272727272727,63.63636363636363,13.636363636363635
E00134306,115,45,16,29,70,56,14,39.130434782608695,13.91304347826087,25.217391304347824,60.86956521739131,48.69565217391305,12.173913043478262
E00134307,197,58,23,35,139,115,24,29.441624365482234,11.6751269035533,17.766497461928935,70.55837563451777,58.37563451776649,12.18274111675127
E00134308,110,40,14,26,70,56,14,36.36363636363637,12.727272727272727,23.636363636363637,63.63636363636363,50.90909090909091,12.727272727272727
E00134309,158,35,6,29,123,111,12,22.151898734177212,3.79746835443038,18.354430379746837,77.84810126582279,70.25316455696202,7.59493670886076
E00134310,90,29,4,25,61,53,8,32.22222222222222,4.444444444444445,27.77777777777778,67.77777777777779,58.88888888888889,8.88888888888889
E00134311,100,41,10,31,59,46,13,41,10,31,59,46,13
E00134312,113,33,10,23,80,71,9,29.20353982300885,8.849557522123893,20.353982300884958,70.79646017699115,62.83185840707964,7.964601769911504
E00134313,137,52,18,34,85,73,12,37.95620437956204,13.138686131386862,24.817518248175183,62.04379562043796,53.284671532846716,8.75912408759124
E00134314,110,34,14,20,76,61,15,30.909090909090907,12.727272727272727,18.181818181818183,69.0909090909091,55.45454545454545,13.636363636363635
E00134315,170,50,18,32,120,99,21,29.411764705882355,10.588235294117647,18.823529411764707,70.58823529411765,58.235294117647065,12.352941176470589
E00134316,154,43,19,24,111,83,28,27.92207792207792,12.337662337662337,15.584415584415584,72.07792207792207,53.896103896103895,18.181818181818183
E00134317,97,34,14,20,63,52,11,35.051546391752574,14.432989690721648,20.618556701030926,64.94845360824742,53.608247422680414,11.34020618556701
E00134318,171,45,17,28,126,95,31,26.31578947368421,9.941520467836257,16.374269005847953,73.68421052631578,55.55555555555556,18.128654970760234
E00134319,250,78,32,46,172,124,48,31.2,12.8,18.4,68.8,49.6,19.2
E00134320,147,42,11,31,105,80,25,28.57142857142857,7.482993197278912,21.08843537414966,71.42857142857143,54.421768707483,17.006802721088434
E00134321,150,46,18,28,104,84,20,30.666666666666664,12,18.666666666666668,69.33333333333334,56.00000000000001,13.333333333333334
E00134322,149,35,7,28,114,97,17,23.48993288590604,4.697986577181208,18.79194630872483,76.51006711409396,65.1006711409396,11.409395973154362
E00134323,126,43,21,22,83,66,17,34.12698412698413,16.666666666666664,17.46031746031746,65.87301587301587,52.38095238095239,13.492063492063492
E00134324,167,71,29,42,96,72,24,42.51497005988024,17.365269461077844,25.149700598802394,57.48502994011976,43.11377245508982,14.37125748502994
E00134325,132,55,25,30,77,58,19,41.66666666666667,18.939393939393938,22.727272727272727,58.333333333333336,43.93939393939394,14.393939393939394
E00134326,125,35,11,24,90,72,18,28.000000000000004,8.799999999999999,19.2,72,57.599999999999994,14.399999999999999
E00134327,143,49,18,31,94,76,18,34.26573426573427,12.587412587412588,21.678321678321677,65.73426573426573,53.14685314685315,12.587412587412588
E00134328,168,45,19,26,123,91,32,26.785714285714285,11.30952380952381,15.476190476190476,73.21428571428571,54.166666666666664,19.047619047619047
E00134329,151,52,21,31,99,71,28,34.437086092715234,13.90728476821192,20.52980132450331,65.56291390728477,47.019867549668874,18.543046357615893
E00134330,172,62,23,39,110,86,24,36.04651162790697,13.372093023255813,22.674418604651162,63.95348837209303,50,13.953488372093023
E00134331,183,60,29,31,123,95,28,32.78688524590164,15.846994535519126,16.939890710382514,67.21311475409836,51.91256830601093,15.300546448087433
E00134332,172,55,15,40,117,89,28,31.976744186046513,8.720930232558139,23.25581395348837,68.02325581395348,51.74418604651163,16.27906976744186
E00134333,151,46,22,24,105,82,23,30.4635761589404,14.56953642384106,15.894039735099339,69.5364238410596,54.3046357615894,15.2317880794702
E00134334,123,48,17,31,75,62,13,39.02439024390244,13.821138211382115,25.203252032520325,60.97560975609756,50.40650406504065,10.569105691056912
E00134335,89,33,14,19,56,48,8,37.07865168539326,15.730337078651685,21.34831460674157,62.92134831460674,53.93258426966292,8.98876404494382
E00134336,153,37,11,26,116,93,23,24.183006535947712,7.18954248366013,16.99346405228758,75.81699346405229,60.78431372549019,15.032679738562091
E00134337,113,34,15,19,79,65,14,30.08849557522124,13.274336283185843,16.8141592920354,69.91150442477876,57.52212389380531,12.389380530973451
E00134338,190,56,24,32,134,92,42,29.47368421052631,12.631578947368421,16.842105263157894,70.52631578947368,48.421052631578945,22.105263157894736
E00134339,100,36,14,22,64,50,14,36,14.000000000000002,22,64,50,14.000000000000002
E00134341,121,45,19,26,76,62,14,37.1900826446281,15.702479338842975,21.487603305785125,62.8099173553719,51.2396694214876,11.570247933884298
E00134343,160,58,24,34,102,87,15,36.25,15,21.25,63.74999999999999,54.37499999999999,9.375
E00134344,158,48,18,30,110,89,21,30.37974683544304,11.39240506329114,18.9873417721519,69.62025316455697,56.32911392405063,13.291139240506327
E00134345,166,41,17,24,125,94,31,24.69879518072289,10.240963855421686,14.457831325301203,75.30120481927712,56.62650602409639,18.67469879518072
E00134346,174,48,23,25,126,98,28,27.586206896551722,13.218390804597702,14.367816091954023,72.41379310344827,56.32183908045977,16.091954022988507
E00134347,185,67,30,37,118,95,23,36.21621621621622,16.216216216216218,20,63.78378378378379,51.35135135135135,12.432432432432433
E00134348,206,68,28,40,138,101,37,33.00970873786408,13.592233009708737,19.41747572815534,66.99029126213593,49.029126213592235,17.96116504854369
E00134349,77,23,9,14,54,47,7,29.87012987012987,11.688311688311687,18.181818181818183,70.12987012987013,61.038961038961034,9.090909090909092
E00134351,183,64,30,34,119,89,30,34.97267759562842,16.39344262295082,18.579234972677597,65.02732240437157,48.63387978142077,16.39344262295082
E00134352,116,37,13,24,79,58,21,31.896551724137932,11.206896551724139,20.689655172413794,68.10344827586206,50,18.103448275862068
E00134353,122,42,13,29,80,57,23,34.42622950819672,10.655737704918032,23.770491803278688,65.57377049180327,46.72131147540984,18.852459016393443
E00134354,59,17,10,7,42,30,12,28.8135593220339,16.94915254237288,11.864406779661017,71.1864406779661,50.847457627118644,20.33898305084746
E00134355,85,33,15,18,52,36,16,38.82352941176471,17.647058823529413,21.176470588235293,61.1764705882353,42.35294117647059,18.823529411764707
E00134356,180,66,22,44,114,89,25,36.666666666666664,12.222222222222221,24.444444444444443,63.33333333333333,49.44444444444444,13.88888888888889
E00134357,96,25,9,16,71,52,19,26.041666666666668,9.375,16.666666666666664,73.95833333333334,54.166666666666664,19.791666666666664
E00134358,60,23,9,14,37,29,8,38.333333333333336,15,23.333333333333332,61.66666666666667,48.333333333333336,13.333333333333334
E00134359,119,34,15,19,85,68,17,28.57142857142857,12.605042016806722,15.966386554621847,71.42857142857143,57.14285714285714,14.285714285714285
E00134360,87,34,10,24,53,42,11,39.08045977011494,11.494252873563218,27.586206896551722,60.91954022988506,48.275862068965516,12.643678160919542
E00134361,156,56,16,40,100,77,23,35.8974358974359,10.256410256410255,25.64102564102564,64.1025641025641,49.358974358974365,14.743589743589745
E00134362,128,43,16,27,85,66,19,33.59375,12.5,21.09375,66.40625,51.5625,14.84375
E00134363,178,67,27,40,111,87,24,37.640449438202246,15.168539325842698,22.47191011235955,62.35955056179775,48.87640449438202,13.48314606741573
E00134364,71,23,10,13,48,34,14,32.3943661971831,14.084507042253522,18.30985915492958,67.6056338028169,47.88732394366197,19.718309859154928
E00134365,81,26,13,13,55,42,13,32.098765432098766,16.049382716049383,16.049382716049383,67.90123456790124,51.85185185185185,16.049382716049383
E00134366,75,24,6,18,51,41,10,32,8,24,68,54.666666666666664,13.333333333333334
E00134367,105,37,12,25,68,57,11,35.23809523809524,11.428571428571429,23.809523809523807,64.76190476190476,54.285714285714285,10.476190476190476
E00134368,123,45,14,31,78,56,22,36.58536585365854,11.38211382113821,25.203252032520325,63.41463414634146,45.52845528455284,17.88617886178862
E00134369,76,31,12,19,45,38,7,40.78947368421053,15.789473684210526,25,59.210526315789465,50,9.210526315789473
E00134370,125,47,21,26,78,57,21,37.6,16.8,20.8,62.4,45.6,16.8
E00134372,191,64,25,39,127,95,32,33.50785340314136,13.089005235602095,20.418848167539267,66.49214659685863,49.73821989528796,16.75392670157068
E00134373,188,65,28,37,123,82,41,34.57446808510639,14.893617021276595,19.680851063829788,65.42553191489363,43.61702127659575,21.808510638297875
E00134376,105,35,16,19,70,56,14,33.33333333333333,15.238095238095239,18.095238095238095,66.66666666666666,53.333333333333336,13.333333333333334
E00134378,124,47,11,36,77,58,19,37.903225806451616,8.870967741935484,29.03225806451613,62.096774193548384,46.774193548387096,15.32258064516129
E00134379,122,48,22,26,74,56,18,39.34426229508197,18.0327868852459,21.311475409836063,60.65573770491803,45.90163934426229,14.754098360655737
E00134380,181,51,17,34,130,108,22,28.176795580110497,9.392265193370166,18.784530386740332,71.8232044198895,59.66850828729282,12.154696132596685
E00134381,114,37,15,22,77,57,20,32.45614035087719,13.157894736842104,19.298245614035086,67.54385964912281,50,17.543859649122805
E00134382,61,24,12,12,37,23,14,39.34426229508197,19.672131147540984,19.672131147540984,60.65573770491803,37.704918032786885,22.950819672131146
E00134383,108,43,17,26,65,52,13,39.81481481481482,15.74074074074074,24.074074074074073,60.18518518518518,48.148148148148145,12.037037037037036
E00134384,147,53,26,27,94,72,22,36.054421768707485,17.687074829931973,18.367346938775512,63.94557823129252,48.97959183673469,14.965986394557824
E00134385,90,28,14,14,62,47,15,31.11111111111111,15.555555555555555,15.555555555555555,68.88888888888889,52.22222222222223,16.666666666666664
E00134386,112,41,11,30,71,50,21,36.607142857142854,9.821428571428571,26.785714285714285,63.39285714285714,44.642857142857146,18.75
E00134387,129,40,11,29,89,67,22,31.007751937984494,8.527131782945736,22.48062015503876,68.9922480620155,51.93798449612403,17.05426356589147
E00134388,93,35,13,22,58,43,15,37.634408602150536,13.978494623655912,23.655913978494624,62.365591397849464,46.236559139784944,16.129032258064516
E00134389,131,45,21,24,86,61,25,34.35114503816794,16.030534351145036,18.3206106870229,65.64885496183206,46.56488549618321,19.083969465648856
E00134390,127,49,23,26,78,65,13,38.582677165354326,18.11023622047244,20.47244094488189,61.417322834645674,51.181102362204726,10.236220472440944
E00134391,63,24,12,12,39,25,14,38.095238095238095,19.047619047619047,19.047619047619047,61.904761904761905,39.682539682539684,22.22222222222222
E00134392,130,39,14,25,91,75,16,30,10.76923076923077,19.230769230769234,70,57.692307692307686,12.307692307692308
E00134393,113,34,12,22,79,63,16,30.08849557522124,10.619469026548673,19.469026548672566,69.91150442477876,55.75221238938053,14.15929203539823
E00134394,81,34,13,21,47,33,14,41.9753086419753,16.049382716049383,25.925925925925924,58.0246913580247,40.74074074074074,17.28395061728395
E00134397,293,75,21,54,218,184,34,25.597269624573375,7.167235494880546,18.43003412969283,74.40273037542661,62.79863481228669,11.604095563139932
E00134398,118,42,8,34,76,63,13,35.59322033898305,6.779661016949152,28.8135593220339,64.40677966101694,53.38983050847458,11.016949152542372
E00134399,161,55,16,39,106,78,28,34.161490683229815,9.937888198757763,24.22360248447205,65.83850931677019,48.4472049689441,17.391304347826086
E00134400,164,47,19,28,117,93,24,28.65853658536585,11.585365853658537,17.073170731707318,71.34146341463415,56.70731707317073,14.634146341463413
E00134401,74,17,8,9,57,46,11,22.972972972972975,10.81081081081081,12.162162162162163,77.02702702702703,62.16216216216216,14.864864864864865
E00134402,134,34,11,23,100,82,18,25.37313432835821,8.208955223880597,17.16417910447761,74.6268656716418,61.19402985074627,13.432835820895523
E00134403,128,43,15,28,85,63,22,33.59375,11.71875,21.875,66.40625,49.21875,17.1875
E00134406,15,5,3,2,10,7,3,33.33333333333333,20,13.333333333333334,66.66666666666666,46.666666666666664,20
E00134407,96,34,16,18,62,55,7,35.41666666666667,16.666666666666664,18.75,64.58333333333334,57.291666666666664,7.291666666666667
E00134408,122,42,16,26,80,62,18,34.42622950819672,13.114754098360656,21.311475409836063,65.57377049180327,50.81967213114754,14.754098360655737
E00134409,157,40,6,34,117,104,13,25.477707006369428,3.821656050955414,21.656050955414013,74.52229299363057,66.2420382165605,8.280254777070063
E00134413,151,45,16,29,106,80,26,29.80132450331126,10.596026490066226,19.205298013245034,70.19867549668875,52.980132450331126,17.218543046357617
E00134414,104,38,13,25,66,55,11,36.53846153846153,12.5,24.03846153846154,63.46153846153846,52.88461538461539,10.576923076923077
E00134416,233,70,29,41,163,135,28,30.042918454935624,12.446351931330472,17.59656652360515,69.95708154506438,57.93991416309014,12.017167381974248
E00134417,232,63,27,36,169,117,52,27.155172413793103,11.637931034482758,15.517241379310345,72.84482758620689,50.43103448275862,22.413793103448278
E00134418,242,68,27,41,174,144,30,28.09917355371901,11.15702479338843,16.94214876033058,71.900826446281,59.50413223140496,12.396694214876034
E00134419,165,60,23,37,105,85,20,36.36363636363637,13.939393939393941,22.424242424242426,63.63636363636363,51.515151515151516,12.121212121212121
E00134420,141,46,21,25,95,72,23,32.62411347517731,14.893617021276595,17.73049645390071,67.37588652482269,51.06382978723404,16.312056737588655
E00134421,154,42,12,30,112,93,19,27.27272727272727,7.792207792207792,19.480519480519483,72.72727272727273,60.3896103896104,12.337662337662337
E00134422,169,54,14,40,115,79,36,31.952662721893493,8.284023668639055,23.668639053254438,68.04733727810651,46.74556213017752,21.301775147928996
E00134423,196,68,19,49,128,102,26,34.69387755102041,9.693877551020408,25,65.3061224489796,52.04081632653062,13.26530612244898
E00134424,117,44,11,33,73,64,9,37.60683760683761,9.401709401709402,28.205128205128204,62.39316239316239,54.700854700854705,7.6923076923076925
E00134425,168,54,19,35,114,90,24,32.142857142857146,11.30952380952381,20.833333333333336,67.85714285714286,53.57142857142857,14.285714285714285
E00134426,211,71,30,41,140,98,42,33.649289099526065,14.218009478672986,19.431279620853083,66.35071090047393,46.44549763033176,19.90521327014218
E00134427,150,55,20,35,95,71,24,36.666666666666664,13.333333333333334,23.333333333333332,63.33333333333333,47.333333333333336,16
E00134428,91,32,13,19,59,46,13,35.16483516483517,14.285714285714285,20.87912087912088,64.83516483516483,50.54945054945055,14.285714285714285
E00134429,34,16,7,9,18,16,2,47.05882352941176,20.588235294117645,26.47058823529412,52.94117647058824,47.05882352941176,5.88235294117647
E00134430,51,22,8,14,29,18,11,43.13725490196079,15.686274509803921,27.450980392156865,56.86274509803921,35.294117647058826,21.568627450980394
E00134431,101,31,13,18,70,53,17,30.693069306930692,12.871287128712872,17.82178217821782,69.3069306930693,52.475247524752476,16.831683168316832
E00134432,95,32,14,18,63,52,11,33.68421052631579,14.736842105263156,18.947368421052634,66.3157894736842,54.736842105263165,11.578947368421053
E00134433,183,64,19,45,119,96,23,34.97267759562842,10.382513661202186,24.59016393442623,65.02732240437157,52.459016393442624,12.568306010928962
E00134434,164,62,19,43,102,80,22,37.80487804878049,11.585365853658537,26.21951219512195,62.19512195121951,48.78048780487805,13.414634146341465
E00134435,101,32,9,23,69,59,10,31.683168316831683,8.91089108910891,22.772277227722775,68.31683168316832,58.415841584158414,9.900990099009901
E00134436,131,47,20,27,84,69,15,35.87786259541985,15.267175572519085,20.610687022900763,64.12213740458014,52.67175572519084,11.450381679389313
E00134437,216,64,19,45,152,126,26,29.629629629629626,8.796296296296296,20.833333333333336,70.37037037037037,58.333333333333336,12.037037037037036
E00134438,195,57,12,45,138,123,15,29.230769230769234,6.153846153846154,23.076923076923077,70.76923076923077,63.07692307692307,7.6923076923076925
E00134439,116,39,5,34,77,65,12,33.62068965517241,4.310344827586207,29.310344827586203,66.37931034482759,56.03448275862068,10.344827586206897
E00134440,193,73,24,49,120,103,17,37.82383419689119,12.435233160621761,25.38860103626943,62.17616580310881,53.36787564766839,8.808290155440414
E00134441,179,61,13,48,118,99,19,34.07821229050279,7.262569832402235,26.81564245810056,65.92178770949721,55.3072625698324,10.614525139664805
E00134442,142,55,20,35,87,70,17,38.732394366197184,14.084507042253522,24.647887323943664,61.267605633802816,49.29577464788733,11.971830985915492
E00134443,104,32,9,23,72,59,13,30.76923076923077,8.653846153846153,22.115384615384613,69.23076923076923,56.730769230769226,12.5
E00134444,118,38,12,26,80,65,15,32.20338983050847,10.16949152542373,22.033898305084744,67.79661016949152,55.08474576271186,12.711864406779661
E00134446,81,32,17,15,49,45,4,39.50617283950617,20.98765432098765,18.51851851851852,60.49382716049383,55.55555555555556,4.938271604938271
E00134447,116,36,16,20,80,64,16,31.03448275862069,13.793103448275861,17.24137931034483,68.96551724137932,55.172413793103445,13.793103448275861
E00134448,150,41,15,26,109,88,21,27.333333333333332,10,17.333333333333336,72.66666666666667,58.666666666666664,14.000000000000002
E00134449,124,36,10,26,88,78,10,29.03225806451613,8.064516129032258,20.967741935483872,70.96774193548387,62.903225806451616,8.064516129032258
E00134450,95,35,13,22,60,44,16,36.84210526315789,13.684210526315791,23.157894736842106,63.1578947368421,46.31578947368421,16.842105263157894
E00134451,56,23,6,17,33,28,5,41.07142857142857,10.714285714285714,30.357142857142854,58.92857142857143,50,8.928571428571429
E00134453,131,43,9,34,88,70,18,32.82442748091603,6.870229007633588,25.954198473282442,67.17557251908397,53.43511450381679,13.740458015267176
E00134454,84,34,12,22,50,41,9,40.476190476190474,14.285714285714285,26.190476190476193,59.523809523809526,48.80952380952381,10.714285714285714
E00134455,107,38,10,28,69,55,14,35.51401869158878,9.345794392523365,26.168224299065418,64.48598130841121,51.4018691588785,13.084112149532709
E00134456,95,25,6,19,70,54,16,26.31578947368421,6.315789473684211,20,73.68421052631578,56.84210526315789,16.842105263157894
E00134457,55,24,10,14,31,26,5,43.63636363636363,18.181818181818183,25.454545454545453,56.36363636363636,47.27272727272727,9.090909090909092
E00134458,58,19,11,8,39,32,7,32.758620689655174,18.96551724137931,13.793103448275861,67.24137931034483,55.172413793103445,12.068965517241379
E00134459,141,50,17,33,91,80,11,35.46099290780142,12.056737588652481,23.404255319148938,64.53900709219859,56.73758865248227,7.801418439716312
E00134460,163,58,18,40,105,85,20,35.58282208588957,11.042944785276074,24.539877300613497,64.41717791411043,52.14723926380368,12.269938650306749
E00134462,59,19,4,15,40,40,0,32.20338983050847,6.779661016949152,25.423728813559322,67.79661016949152,67.79661016949152,0
E00134463,155,43,20,23,112,92,20,27.741935483870968,12.903225806451612,14.838709677419354,72.25806451612902,59.354838709677416,12.903225806451612
E00134464,98,36,14,22,62,51,11,36.734693877551024,14.285714285714285,22.448979591836736,63.26530612244898,52.04081632653062,11.224489795918368
E00134465,82,36,14,22,46,36,10,43.90243902439025,17.073170731707318,26.82926829268293,56.09756097560976,43.90243902439025,12.195121951219512
E00134466,103,37,12,25,66,48,18,35.92233009708738,11.650485436893204,24.271844660194176,64.07766990291263,46.601941747572816,17.475728155339805
E00134467,92,38,9,29,54,43,11,41.30434782608695,9.782608695652174,31.521739130434785,58.69565217391305,46.73913043478261,11.956521739130435
E00134468,128,48,20,28,80,60,20,37.5,15.625,21.875,62.5,46.875,15.625
E00134469,128,64,20,44,64,44,20,50,15.625,34.375,50,34.375,15.625
E00134470,61,18,10,8,43,35,8,29.508196721311474,16.39344262295082,13.114754098360656,70.49180327868852,57.377049180327866,13.114754098360656
E00134472,160,69,30,39,91,73,18,43.125,18.75,24.375,56.875,45.625,11.25
E00134473,264,48,8,40,216,139,77,18.181818181818183,3.0303030303030303,15.151515151515152,81.81818181818183,52.65151515151515,29.166666666666668
E00134475,211,75,23,52,136,101,35,35.54502369668246,10.90047393364929,24.644549763033176,64.45497630331754,47.867298578199055,16.587677725118482
E00134476,141,45,17,28,96,79,17,31.914893617021278,12.056737588652481,19.858156028368796,68.08510638297872,56.02836879432624,12.056737588652481
E00134477,129,49,23,26,80,68,12,37.98449612403101,17.829457364341085,20.155038759689923,62.01550387596899,52.71317829457365,9.30232558139535
E00134478,192,63,28,35,129,94,35,32.8125,14.583333333333334,18.229166666666664,67.1875,48.95833333333333,18.229166666666664
E00134479,183,66,32,34,117,91,26,36.0655737704918,17.48633879781421,18.579234972677597,63.934426229508205,49.72677595628415,14.207650273224044
E00134480,136,46,18,28,90,74,16,33.82352941176471,13.23529411764706,20.588235294117645,66.17647058823529,54.41176470588235,11.76470588235294
E00134481,150,61,18,43,89,65,24,40.666666666666664,12,28.666666666666668,59.333333333333336,43.333333333333336,16
E00134482,114,28,13,15,86,69,17,24.561403508771928,11.403508771929824,13.157894736842104,75.43859649122807,60.526315789473685,14.912280701754385
E00134483,166,51,17,34,115,83,32,30.72289156626506,10.240963855421686,20.481927710843372,69.27710843373494,50,19.27710843373494
E00134484,122,38,15,23,84,66,18,31.147540983606557,12.295081967213115,18.852459016393443,68.85245901639344,54.09836065573771,14.754098360655737
E00134485,142,50,19,31,92,71,21,35.2112676056338,13.380281690140844,21.830985915492956,64.7887323943662,50,14.788732394366196
E00134487,170,44,15,29,126,101,25,25.882352941176475,8.823529411764707,17.058823529411764,74.11764705882354,59.411764705882355,14.705882352941178
E00134488,229,82,38,44,147,102,45,35.80786026200873,16.593886462882097,19.213973799126638,64.19213973799127,44.54148471615721,19.65065502183406
E00134491,124,40,12,28,84,55,29,32.25806451612903,9.67741935483871,22.58064516129032,67.74193548387096,44.354838709677416,23.387096774193548
E00134492,163,34,8,26,129,117,12,20.858895705521473,4.9079754601226995,15.950920245398773,79.14110429447852,71.77914110429448,7.361963190184049
E00134493,172,33,10,23,139,120,19,19.186046511627907,5.813953488372093,13.372093023255813,80.81395348837209,69.76744186046511,11.046511627906977
E00134494,140,46,14,32,94,76,18,32.857142857142854,10,22.857142857142858,67.14285714285714,54.285714285714285,12.857142857142856
E00134495,171,40,14,26,131,119,12,23.391812865497073,8.187134502923977,15.204678362573098,76.60818713450293,69.5906432748538,7.017543859649122
E00134497,136,47,12,35,89,79,10,34.55882352941176,8.823529411764707,25.735294117647058,65.44117647058823,58.08823529411765,7.352941176470589
E00134498,144,47,10,37,97,83,14,32.63888888888889,6.944444444444445,25.694444444444443,67.36111111111111,57.638888888888886,9.722222222222223
E00134499,146,44,14,30,102,92,10,30.136986301369863,9.58904109589041,20.54794520547945,69.86301369863014,63.013698630136986,6.8493150684931505
E00134500,196,56,16,40,140,116,24,28.57142857142857,8.16326530612245,20.408163265306122,71.42857142857143,59.183673469387756,12.244897959183673
E00134501,184,38,10,28,146,128,18,20.652173913043477,5.434782608695652,15.217391304347828,79.34782608695652,69.56521739130434,9.782608695652174
E00134502,106,26,10,16,80,73,7,24.528301886792452,9.433962264150944,15.09433962264151,75.47169811320755,68.86792452830188,6.60377358490566
E00134503,168,25,7,18,143,129,14,14.880952380952381,4.166666666666666,10.714285714285714,85.11904761904762,76.78571428571429,8.333333333333332
E00134504,186,46,10,36,140,117,23,24.731182795698924,5.376344086021505,19.35483870967742,75.26881720430107,62.903225806451616,12.365591397849462
E00134505,161,44,16,28,117,109,8,27.32919254658385,9.937888198757763,17.391304347826086,72.67080745341616,67.70186335403726,4.968944099378882
E00134506,130,28,10,18,102,83,19,21.53846153846154,7.6923076923076925,13.846153846153847,78.46153846153847,63.84615384615384,14.615384615384617
E00134507,83,16,3,13,67,59,8,19.27710843373494,3.614457831325301,15.66265060240964,80.72289156626506,71.08433734939759,9.63855421686747
E00134508,159,33,10,23,126,113,13,20.754716981132077,6.289308176100629,14.465408805031446,79.24528301886792,71.0691823899371,8.176100628930817
E00134509,180,43,16,27,137,122,15,23.88888888888889,8.88888888888889,15,76.11111111111111,67.77777777777779,8.333333333333332
E00134510,161,35,16,19,126,110,16,21.73913043478261,9.937888198757763,11.801242236024844,78.26086956521739,68.32298136645963,9.937888198757763
E00134511,91,21,3,18,70,59,11,23.076923076923077,3.296703296703297,19.78021978021978,76.92307692307693,64.83516483516483,12.087912087912088
E00134512,208,50,14,36,158,129,29,24.03846153846154,6.730769230769231,17.307692307692307,75.96153846153845,62.019230769230774,13.942307692307693
E00134513,178,36,11,25,142,124,18,20.224719101123593,6.179775280898876,14.04494382022472,79.7752808988764,69.66292134831461,10.112359550561797
E00134514,183,31,11,20,152,129,23,16.939890710382514,6.0109289617486334,10.92896174863388,83.06010928961749,70.49180327868852,12.568306010928962
E00134515,122,35,15,20,87,76,11,28.688524590163933,12.295081967213115,16.39344262295082,71.31147540983606,62.295081967213115,9.01639344262295
E00134516,120,38,19,19,82,67,15,31.666666666666664,15.833333333333332,15.833333333333332,68.33333333333333,55.833333333333336,12.5
E00134517,186,35,14,21,151,135,16,18.817204301075268,7.526881720430108,11.29032258064516,81.18279569892472,72.58064516129032,8.60215053763441
E00134518,144,38,14,24,106,94,12,26.38888888888889,9.722222222222223,16.666666666666664,73.61111111111111,65.27777777777779,8.333333333333332
E00134519,169,47,20,27,122,101,21,27.810650887573964,11.834319526627219,15.976331360946746,72.18934911242604,59.76331360946746,12.42603550295858
E00134520,87,24,7,17,63,57,6,27.586206896551722,8.045977011494253,19.54022988505747,72.41379310344827,65.51724137931035,6.896551724137931
E00134521,227,48,17,31,179,153,26,21.145374449339208,7.488986784140969,13.656387665198238,78.8546255506608,67.40088105726872,11.45374449339207
E00134522,168,42,12,30,126,110,16,25,7.142857142857142,17.857142857142858,75,65.47619047619048,9.523809523809524
E00134523,145,25,12,13,120,101,19,17.24137931034483,8.275862068965518,8.96551724137931,82.75862068965517,69.6551724137931,13.10344827586207
E00134524,181,44,17,27,137,116,21,24.30939226519337,9.392265193370166,14.917127071823206,75.69060773480662,64.08839779005525,11.602209944751381
E00134525,186,42,12,30,144,126,18,22.58064516129032,6.451612903225806,16.129032258064516,77.41935483870968,67.74193548387096,9.67741935483871
E00134526,180,50,13,37,130,111,19,27.77777777777778,7.222222222222221,20.555555555555554,72.22222222222221,61.66666666666667,10.555555555555555
E00134527,123,36,12,24,87,78,9,29.268292682926827,9.75609756097561,19.51219512195122,70.73170731707317,63.41463414634146,7.317073170731707
E00134528,184,47,16,31,137,123,14,25.543478260869566,8.695652173913043,16.847826086956523,74.45652173913044,66.84782608695652,7.608695652173914
E00134529,143,31,9,22,112,94,18,21.678321678321677,6.293706293706294,15.384615384615385,78.32167832167832,65.73426573426573,12.587412587412588
E00134530,159,42,16,26,117,96,21,26.41509433962264,10.062893081761008,16.352201257861633,73.58490566037736,60.37735849056604,13.20754716981132
E00134531,153,40,11,29,113,100,13,26.143790849673206,7.18954248366013,18.954248366013072,73.8562091503268,65.359477124183,8.49673202614379
E00134533,159,27,10,17,132,110,22,16.9811320754717,6.289308176100629,10.69182389937107,83.01886792452831,69.18238993710692,13.836477987421384
E00134534,156,47,17,30,109,88,21,30.128205128205128,10.897435897435898,19.230769230769234,69.87179487179486,56.41025641025641,13.461538461538462
E00134535,170,41,8,33,129,108,21,24.11764705882353,4.705882352941177,19.411764705882355,75.88235294117646,63.52941176470588,12.352941176470589
E00134536,158,38,11,27,120,101,19,24.050632911392405,6.962025316455696,17.088607594936708,75.9493670886076,63.92405063291139,12.025316455696203
E00134537,170,30,11,19,140,127,13,17.647058823529413,6.470588235294119,11.176470588235295,82.35294117647058,74.70588235294117,7.647058823529412
E00134538,199,59,15,44,140,123,17,29.64824120603015,7.537688442211055,22.110552763819097,70.35175879396985,61.80904522613066,8.542713567839195
E00134540,158,45,12,33,113,96,17,28.48101265822785,7.59493670886076,20.88607594936709,71.51898734177216,60.75949367088608,10.759493670886076
E00134541,116,40,13,27,76,66,10,34.48275862068966,11.206896551724139,23.275862068965516,65.51724137931035,56.896551724137936,8.620689655172415
E00134542,156,36,12,24,120,101,19,23.076923076923077,7.6923076923076925,15.384615384615385,76.92307692307693,64.74358974358975,12.179487179487179
E00134543,157,40,11,29,117,101,16,25.477707006369428,7.006369426751593,18.471337579617835,74.52229299363057,64.3312101910828,10.191082802547772
E00134544,129,36,11,25,93,82,11,27.906976744186046,8.527131782945736,19.379844961240313,72.09302325581395,63.565891472868216,8.527131782945736
E00134545,164,46,13,33,118,105,13,28.04878048780488,7.926829268292683,20.121951219512198,71.95121951219512,64.02439024390245,7.926829268292683
E00134546,171,51,21,30,120,105,15,29.82456140350877,12.280701754385964,17.543859649122805,70.17543859649122,61.40350877192983,8.771929824561402
E00134547,155,49,11,38,106,95,11,31.61290322580645,7.096774193548387,24.516129032258064,68.38709677419355,61.29032258064516,7.096774193548387
E00134548,169,55,21,34,114,93,21,32.544378698224854,12.42603550295858,20.118343195266274,67.45562130177515,55.02958579881657,12.42603550295858
E00134549,110,26,3,23,84,72,12,23.636363636363637,2.727272727272727,20.909090909090907,76.36363636363637,65.45454545454545,10.909090909090908
E00134550,174,50,12,38,124,113,11,28.735632183908045,6.896551724137931,21.839080459770116,71.26436781609196,64.9425287356322,6.321839080459771
E00134551,174,38,12,26,136,116,20,21.839080459770116,6.896551724137931,14.942528735632186,78.16091954022988,66.66666666666666,11.494252873563218
E00134552,118,25,10,15,93,83,10,21.1864406779661,8.47457627118644,12.711864406779661,78.8135593220339,70.33898305084746,8.47457627118644
E00134553,143,49,15,34,94,84,10,34.26573426573427,10.48951048951049,23.776223776223777,65.73426573426573,58.74125874125874,6.993006993006993
E00134554,148,39,14,25,109,92,17,26.351351351351347,9.45945945945946,16.89189189189189,73.64864864864865,62.16216216216216,11.486486486486488
E00134555,202,52,11,41,150,137,13,25.742574257425744,5.445544554455446,20.2970297029703,74.25742574257426,67.82178217821783,6.435643564356436
E00134556,147,39,11,28,108,98,10,26.53061224489796,7.482993197278912,19.047619047619047,73.46938775510205,66.66666666666666,6.802721088435375
E00134557,109,38,17,21,71,65,6,34.862385321100916,15.59633027522936,19.26605504587156,65.13761467889908,59.63302752293578,5.5045871559633035
E00134558,166,49,19,30,117,101,16,29.518072289156628,11.44578313253012,18.072289156626507,70.48192771084338,60.8433734939759,9.63855421686747
E00134559,140,34,9,25,106,91,15,24.285714285714285,6.428571428571428,17.857142857142858,75.71428571428571,65,10.714285714285714
E00134560,165,49,20,29,116,92,24,29.6969696969697,12.121212121212121,17.575757575757574,70.3030303030303,55.757575757575765,14.545454545454545
E00134561,140,38,14,24,102,77,25,27.142857142857142,10,17.142857142857142,72.85714285714285,55.00000000000001,17.857142857142858
E00134562,157,38,12,26,119,95,24,24.203821656050955,7.643312101910828,16.560509554140125,75.79617834394905,60.509554140127385,15.286624203821656
E00134563,151,45,18,27,106,95,11,29.80132450331126,11.920529801324504,17.880794701986755,70.19867549668875,62.913907284768214,7.28476821192053
E00134564,209,71,33,38,138,97,41,33.97129186602871,15.789473684210526,18.181818181818183,66.02870813397129,46.411483253588514,19.617224880382775
E00134565,181,58,23,35,123,98,25,32.04419889502763,12.70718232044199,19.337016574585636,67.95580110497238,54.14364640883977,13.812154696132598
E00134566,255,79,24,55,176,148,28,30.980392156862745,9.411764705882353,21.568627450980394,69.01960784313725,58.03921568627452,10.980392156862745
E00134567,113,32,8,24,81,67,14,28.31858407079646,7.079646017699115,21.238938053097346,71.68141592920354,59.29203539823009,12.389380530973451
E00134568,133,51,21,30,82,65,17,38.34586466165413,15.789473684210526,22.55639097744361,61.65413533834586,48.87218045112782,12.781954887218044
E00134569,163,59,31,28,104,74,30,36.19631901840491,19.018404907975462,17.177914110429448,63.80368098159509,45.39877300613497,18.404907975460123
E00134570,159,55,19,36,104,83,21,34.59119496855346,11.949685534591195,22.641509433962266,65.40880503144653,52.20125786163522,13.20754716981132
E00134571,132,47,17,30,85,74,11,35.60606060606061,12.878787878787879,22.727272727272727,64.39393939393939,56.060606060606055,8.333333333333332
E00134572,146,60,15,45,86,71,15,41.0958904109589,10.273972602739725,30.82191780821918,58.9041095890411,48.63013698630137,10.273972602739725
E00134573,88,36,14,22,52,38,14,40.909090909090914,15.909090909090908,25,59.09090909090909,43.18181818181818,15.909090909090908
E00134574,158,56,21,35,102,78,24,35.44303797468354,13.291139240506327,22.151898734177212,64.55696202531645,49.36708860759494,15.18987341772152
E00134575,164,58,20,38,106,83,23,35.36585365853659,12.195121951219512,23.170731707317074,64.63414634146342,50.609756097560975,14.02439024390244
E00134576,200,52,14,38,148,105,43,26,7.000000000000001,19,74,52.5,21.5
E00134577,107,32,14,18,75,60,15,29.906542056074763,13.084112149532709,16.822429906542055,70.09345794392523,56.074766355140184,14.018691588785046
E00134578,148,55,20,35,93,73,20,37.16216216216216,13.513513513513514,23.64864864864865,62.83783783783784,49.32432432432432,13.513513513513514
E00134579,112,42,16,26,70,54,16,37.5,14.285714285714285,23.214285714285715,62.5,48.214285714285715,14.285714285714285
E00134580,144,55,23,32,89,59,30,38.19444444444444,15.972222222222221,22.22222222222222,61.80555555555556,40.97222222222222,20.833333333333336
E00134581,112,43,16,27,69,57,12,38.392857142857146,14.285714285714285,24.107142857142858,61.60714285714286,50.89285714285714,10.714285714285714
E00134582,148,59,22,37,89,68,21,39.86486486486486,14.864864864864865,25,60.13513513513513,45.94594594594595,14.18918918918919
E00134583,116,43,15,28,73,57,16,37.06896551724138,12.931034482758621,24.137931034482758,62.93103448275862,49.137931034482754,13.793103448275861
E00134584,105,44,24,20,61,53,8,41.904761904761905,22.857142857142858,19.047619047619047,58.0952380952381,50.476190476190474,7.6190476190476195
E00134585,232,91,36,55,141,111,30,39.224137931034484,15.517241379310345,23.70689655172414,60.775862068965516,47.8448275862069,12.931034482758621
E00134586,154,53,17,36,101,75,26,34.41558441558442,11.03896103896104,23.376623376623375,65.5844155844156,48.701298701298704,16.883116883116884
E00134587,176,58,30,28,118,80,38,32.95454545454545,17.045454545454543,15.909090909090908,67.04545454545455,45.45454545454545,21.59090909090909
E00134588,165,58,20,38,107,80,27,35.15151515151515,12.121212121212121,23.03030303030303,64.84848484848484,48.484848484848484,16.363636363636363
E00134589,182,64,26,38,118,86,32,35.16483516483517,14.285714285714285,20.87912087912088,64.83516483516483,47.25274725274725,17.582417582417584
E00134590,182,68,23,45,114,87,27,37.362637362637365,12.637362637362637,24.725274725274726,62.637362637362635,47.8021978021978,14.835164835164836
E00134591,221,68,32,36,153,124,29,30.76923076923077,14.479638009049776,16.289592760180994,69.23076923076923,56.10859728506787,13.122171945701359
E00134592,146,28,7,21,118,97,21,19.17808219178082,4.794520547945205,14.383561643835616,80.82191780821918,66.43835616438356,14.383561643835616
E00134593,146,31,12,19,115,90,25,21.232876712328768,8.21917808219178,13.013698630136986,78.76712328767124,61.64383561643836,17.123287671232877
E00134594,172,33,10,23,139,124,15,19.186046511627907,5.813953488372093,13.372093023255813,80.81395348837209,72.09302325581395,8.720930232558139
E00134595,122,40,17,23,82,64,18,32.78688524590164,13.934426229508196,18.852459016393443,67.21311475409836,52.459016393442624,14.754098360655737
E00134596,243,68,17,51,175,145,30,27.983539094650205,6.995884773662551,20.98765432098765,72.0164609053498,59.67078189300411,12.345679012345679
E00134597,72,25,12,13,47,33,14,34.72222222222222,16.666666666666664,18.055555555555554,65.27777777777779,45.83333333333333,19.444444444444446
E00134598,160,38,16,22,122,102,20,23.75,10,13.750000000000002,76.25,63.74999999999999,12.5
E00134601,106,26,11,15,80,62,18,24.528301886792452,10.377358490566039,14.150943396226415,75.47169811320755,58.490566037735846,16.9811320754717
E00134603,103,25,10,15,78,66,12,24.271844660194176,9.70873786407767,14.563106796116504,75.72815533980582,64.07766990291263,11.650485436893204
E00134604,105,29,13,16,76,60,16,27.61904761904762,12.380952380952381,15.238095238095239,72.38095238095238,57.14285714285714,15.238095238095239
E00134606,122,31,9,22,91,72,19,25.40983606557377,7.377049180327869,18.0327868852459,74.59016393442623,59.01639344262295,15.573770491803279
E00134607,149,33,12,21,116,94,22,22.14765100671141,8.053691275167784,14.093959731543624,77.85234899328859,63.08724832214765,14.76510067114094
E00134608,156,50,20,30,106,83,23,32.05128205128205,12.82051282051282,19.230769230769234,67.94871794871796,53.205128205128204,14.743589743589745
E00134609,118,41,17,24,77,65,12,34.74576271186441,14.40677966101695,20.33898305084746,65.2542372881356,55.08474576271186,10.16949152542373
E00134610,119,39,14,25,80,66,14,32.773109243697476,11.76470588235294,21.008403361344538,67.22689075630252,55.46218487394958,11.76470588235294
E00134611,109,32,11,21,77,59,18,29.357798165137616,10.091743119266056,19.26605504587156,70.64220183486239,54.12844036697248,16.51376146788991
E00134612,97,35,16,19,62,48,14,36.08247422680412,16.49484536082474,19.587628865979383,63.91752577319587,49.48453608247423,14.432989690721648
E00134613,165,44,11,33,121,100,21,26.666666666666668,6.666666666666667,20,73.33333333333333,60.60606060606061,12.727272727272727
E00134614,197,50,14,36,147,118,29,25.380710659898476,7.1065989847715745,18.274111675126903,74.61928934010153,59.89847715736041,14.720812182741117
E00134615,224,23,9,14,201,147,54,10.267857142857142,4.017857142857143,6.25,89.73214285714286,65.625,24.107142857142858
E00134616,154,65,30,35,89,70,19,42.2077922077922,19.480519480519483,22.727272727272727,57.7922077922078,45.45454545454545,12.337662337662337
E00134617,176,74,22,52,102,81,21,42.04545454545455,12.5,29.545454545454547,57.95454545454546,46.02272727272727,11.931818181818182
E00134618,46,15,8,7,31,22,9,32.608695652173914,17.391304347826086,15.217391304347828,67.3913043478261,47.82608695652174,19.565217391304348
E00134619,229,82,31,51,147,103,44,35.80786026200873,13.537117903930133,22.270742358078603,64.19213973799127,44.97816593886463,19.213973799126638
E00134620,155,59,24,35,96,64,32,38.064516129032256,15.483870967741936,22.58064516129032,61.935483870967744,41.29032258064516,20.64516129032258
E00134621,149,45,17,28,104,79,25,30.201342281879196,11.409395973154362,18.79194630872483,69.79865771812081,53.02013422818792,16.778523489932887
E00134622,216,60,23,37,156,108,48,27.77777777777778,10.648148148148149,17.12962962962963,72.22222222222221,50,22.22222222222222
E00134623,163,43,10,33,120,105,15,26.380368098159508,6.134969325153374,20.245398773006134,73.61963190184049,64.41717791411043,9.202453987730062
E00134624,116,35,12,23,81,62,19,30.17241379310345,10.344827586206897,19.82758620689655,69.82758620689656,53.44827586206896,16.379310344827587
E00134625,65,23,9,14,42,33,9,35.38461538461539,13.846153846153847,21.53846153846154,64.61538461538461,50.76923076923077,13.846153846153847
E00134626,159,49,13,36,110,95,15,30.81761006289308,8.176100628930817,22.641509433962266,69.18238993710692,59.74842767295597,9.433962264150944
E00134627,121,37,16,21,84,71,13,30.57851239669421,13.223140495867769,17.355371900826448,69.42148760330579,58.67768595041323,10.743801652892563
E00134628,158,40,26,14,118,91,27,25.31645569620253,16.455696202531644,8.860759493670885,74.68354430379746,57.59493670886076,17.088607594936708
E00134629,163,52,25,27,111,96,15,31.901840490797547,15.337423312883436,16.56441717791411,68.09815950920245,58.895705521472394,9.202453987730062
E00134630,125,41,12,29,84,74,10,32.800000000000004,9.6,23.200000000000003,67.2,59.199999999999996,8
E00134631,157,50,14,36,107,88,19,31.84713375796178,8.9171974522293,22.929936305732486,68.15286624203821,56.05095541401274,12.101910828025478
E00134632,111,37,15,22,74,59,15,33.33333333333333,13.513513513513514,19.81981981981982,66.66666666666666,53.153153153153156,13.513513513513514
E00134633,136,52,22,30,84,64,20,38.23529411764706,16.176470588235293,22.058823529411764,61.76470588235294,47.05882352941176,14.705882352941178
E00134634,247,78,37,41,169,131,38,31.57894736842105,14.979757085020243,16.599190283400812,68.42105263157895,53.036437246963565,15.384615384615385
E00134635,125,41,16,25,84,53,31,32.800000000000004,12.8,20,67.2,42.4,24.8
E00134636,165,53,14,39,112,91,21,32.121212121212125,8.484848484848486,23.636363636363637,67.87878787878789,55.15151515151515,12.727272727272727
E00134637,148,40,16,24,108,87,21,27.027027027027028,10.81081081081081,16.216216216216218,72.97297297297297,58.78378378378378,14.18918918918919
E00134638,213,72,35,37,141,99,42,33.80281690140845,16.431924882629108,17.370892018779344,66.19718309859155,46.478873239436616,19.718309859154928
E00134639,167,57,25,32,110,84,26,34.13173652694611,14.97005988023952,19.16167664670659,65.86826347305389,50.29940119760479,15.568862275449103
E00134640,88,34,10,24,54,40,14,38.63636363636363,11.363636363636363,27.27272727272727,61.36363636363637,45.45454545454545,15.909090909090908
E00134641,92,31,10,21,61,53,8,33.69565217391305,10.869565217391305,22.82608695652174,66.30434782608695,57.608695652173914,8.695652173913043
E00134642,90,33,13,20,57,47,10,36.666666666666664,14.444444444444443,22.22222222222222,63.33333333333333,52.22222222222223,11.11111111111111
E00134643,130,42,20,22,88,73,15,32.30769230769231,15.384615384615385,16.923076923076923,67.6923076923077,56.15384615384615,11.538461538461538
E00134644,122,45,20,25,77,55,22,36.885245901639344,16.39344262295082,20.491803278688526,63.114754098360656,45.08196721311475,18.0327868852459
E00134645,91,38,16,22,53,42,11,41.75824175824176,17.582417582417584,24.175824175824175,58.24175824175825,46.15384615384615,12.087912087912088
E00134646,144,50,21,29,94,71,23,34.72222222222222,14.583333333333334,20.13888888888889,65.27777777777779,49.30555555555556,15.972222222222221
E00134647,91,29,10,19,62,46,16,31.868131868131865,10.989010989010989,20.87912087912088,68.13186813186813,50.54945054945055,17.582417582417584
E00169875,142,34,12,22,108,96,12,23.943661971830984,8.450704225352112,15.492957746478872,76.05633802816901,67.6056338028169,8.450704225352112
E00169876,144,56,19,37,88,68,20,38.88888888888889,13.194444444444445,25.694444444444443,61.111111111111114,47.22222222222222,13.88888888888889
E00169877,143,43,17,26,100,74,26,30.069930069930066,11.888111888111888,18.181818181818183,69.93006993006993,51.74825174825175,18.181818181818183
E00169878,178,47,13,34,131,113,18,26.40449438202247,7.303370786516854,19.101123595505616,73.59550561797754,63.48314606741573,10.112359550561797
E00169879,302,67,25,42,235,196,39,22.185430463576157,8.27814569536424,13.90728476821192,77.81456953642383,64.90066225165563,12.91390728476821
E00169880,173,31,9,22,142,114,28,17.91907514450867,5.202312138728324,12.716763005780345,82.08092485549133,65.89595375722543,16.184971098265898
E00169881,173,44,11,33,129,105,24,25.43352601156069,6.358381502890173,19.07514450867052,74.56647398843931,60.69364161849711,13.872832369942195
E00169882,190,38,12,26,152,130,22,20,6.315789473684211,13.684210526315791,80,68.42105263157895,11.578947368421053
E00169884,187,53,22,31,134,110,24,28.342245989304814,11.76470588235294,16.577540106951872,71.65775401069519,58.82352941176471,12.834224598930483
E00169885,226,57,20,37,169,139,30,25.221238938053098,8.849557522123893,16.371681415929203,74.77876106194691,61.504424778761056,13.274336283185843
E00169886,160,51,13,38,109,99,10,31.874999999999996,8.125,23.75,68.125,61.875,6.25
E00169887,334,65,19,46,269,224,45,19.46107784431138,5.688622754491018,13.77245508982036,80.53892215568862,67.06586826347305,13.47305389221557
E00169888,268,76,26,50,192,158,34,28.35820895522388,9.701492537313433,18.65671641791045,71.64179104477611,58.95522388059702,12.686567164179104
E00169889,143,36,18,18,107,92,15,25.174825174825177,12.587412587412588,12.587412587412588,74.82517482517483,64.33566433566433,10.48951048951049
E00169890,190,35,12,23,155,129,26,18.421052631578945,6.315789473684211,12.105263157894736,81.57894736842105,67.89473684210526,13.684210526315791
E00169891,39,15,10,5,24,15,9,38.46153846153847,25.64102564102564,12.82051282051282,61.53846153846154,38.46153846153847,23.076923076923077
E00169893,168,40,18,22,128,102,26,23.809523809523807,10.714285714285714,13.095238095238097,76.19047619047619,60.71428571428571,15.476190476190476
E00169894,173,61,17,44,112,97,15,35.26011560693642,9.826589595375722,25.43352601156069,64.73988439306359,56.06936416184971,8.670520231213873
E00169895,129,36,9,27,93,83,10,27.906976744186046,6.976744186046512,20.930232558139537,72.09302325581395,64.34108527131784,7.751937984496124
E00169896,167,46,13,33,121,96,25,27.54491017964072,7.784431137724551,19.760479041916167,72.45508982035929,57.48502994011976,14.97005988023952
E00169897,144,43,14,29,101,82,19,29.86111111111111,9.722222222222223,20.13888888888889,70.13888888888889,56.94444444444444,13.194444444444445
E00169898,151,37,15,22,114,100,14,24.503311258278146,9.933774834437086,14.56953642384106,75.49668874172185,66.22516556291392,9.271523178807946
E00169899,225,71,21,50,154,127,27,31.555555555555554,9.333333333333334,22.22222222222222,68.44444444444444,56.44444444444444,12
E00169900,95,32,7,25,63,50,13,33.68421052631579,7.368421052631578,26.31578947368421,66.3157894736842,52.63157894736842,13.684210526315791
E00169901,124,31,9,22,93,77,16,25,7.258064516129033,17.741935483870968,75,62.096774193548384,12.903225806451612
E00169902,225,98,42,56,127,95,32,43.55555555555555,18.666666666666668,24.88888888888889,56.44444444444444,42.22222222222222,14.222222222222221
E00169903,201,61,24,37,140,100,40,30.34825870646766,11.940298507462686,18.407960199004975,69.65174129353234,49.75124378109453,19.900497512437813
E00169904,212,73,25,48,139,94,45,34.43396226415094,11.79245283018868,22.641509433962266,65.56603773584906,44.339622641509436,21.22641509433962
E00169905,154,40,19,21,114,91,23,25.97402597402597,12.337662337662337,13.636363636363635,74.02597402597402,59.09090909090909,14.935064935064934
E00169906,101,31,9,22,70,50,20,30.693069306930692,8.91089108910891,21.782178217821784,69.3069306930693,49.504950495049506,19.801980198019802
E00169907,206,66,21,45,140,109,31,32.038834951456316,10.194174757281553,21.844660194174757,67.96116504854369,52.9126213592233,15.048543689320388
E00187853,223,65,20,45,158,129,29,29.14798206278027,8.968609865470851,20.179372197309416,70.85201793721974,57.847533632286996,13.004484304932735
E00187854,66,23,11,12,43,35,8,34.84848484848485,16.666666666666664,18.181818181818183,65.15151515151516,53.03030303030303,12.121212121212121
E00187855,61,16,6,10,45,35,10,26.229508196721312,9.836065573770492,16.39344262295082,73.77049180327869,57.377049180327866,16.39344262295082
E00187856,178,56,22,34,122,108,14,31.46067415730337,12.359550561797752,19.101123595505616,68.53932584269663,60.67415730337079,7.865168539325842
E00187857,94,29,10,19,65,54,11,30.851063829787233,10.638297872340425,20.212765957446805,69.14893617021278,57.446808510638306,11.702127659574469
E00187862,193,60,30,30,133,111,22,31.088082901554404,15.544041450777202,15.544041450777202,68.9119170984456,57.51295336787565,11.398963730569948
E00187863,171,49,14,35,122,93,29,28.654970760233915,8.187134502923977,20.46783625730994,71.34502923976608,54.385964912280706,16.95906432748538
E00187864,76,18,5,13,58,46,12,23.684210526315788,6.578947368421052,17.105263157894736,76.31578947368422,60.526315789473685,15.789473684210526
E00187865,271,88,33,55,183,148,35,32.47232472324723,12.177121771217712,20.29520295202952,67.52767527675276,54.61254612546126,12.915129151291513
E00187879,43,6,2,4,37,34,3,13.953488372093023,4.651162790697675,9.30232558139535,86.04651162790698,79.06976744186046,6.976744186046512
E00187885,57,16,4,12,41,31,10,28.07017543859649,7.017543859649122,21.052631578947366,71.9298245614035,54.385964912280706,17.543859649122805
E00187891,178,55,13,42,123,102,21,30.89887640449438,7.303370786516854,23.595505617977526,69.10112359550563,57.30337078651685,11.797752808988763
E00187898,196,41,17,24,155,130,25,20.918367346938776,8.673469387755102,12.244897959183673,79.08163265306123,66.3265306122449,12.755102040816327
E00187900,30,10,3,7,20,16,4,33.33333333333333,10,23.333333333333332,66.66666666666666,53.333333333333336,13.333333333333334
E00187901,292,60,17,43,232,186,46,20.54794520547945,5.821917808219178,14.726027397260275,79.45205479452055,63.6986301369863,15.753424657534246
E00187902,98,26,14,12,72,61,11,26.53061224489796,14.285714285714285,12.244897959183673,73.46938775510205,62.244897959183675,11.224489795918368
E00187907,119,36,12,24,83,68,15,30.252100840336134,10.084033613445378,20.168067226890756,69.74789915966386,57.14285714285714,12.605042016806722
E00187913,157,45,17,28,112,93,19,28.662420382165603,10.828025477707007,17.8343949044586,71.3375796178344,59.23566878980891,12.101910828025478
E00187922,186,35,6,29,151,119,32,18.817204301075268,3.225806451612903,15.591397849462366,81.18279569892472,63.97849462365591,17.20430107526882
E00187925,184,42,15,27,142,110,32,22.82608695652174,8.152173913043478,14.673913043478262,77.17391304347827,59.78260869565217,17.391304347826086
E00187927,96,26,8,18,70,58,12,27.083333333333332,8.333333333333332,18.75,72.91666666666666,60.416666666666664,12.5
E00187930,88,18,4,14,70,56,14,20.454545454545457,4.545454545454546,15.909090909090908,79.54545454545455,63.63636363636363,15.909090909090908
E00187934,131,20,6,14,111,91,20,15.267175572519085,4.580152671755725,10.687022900763358,84.7328244274809,69.46564885496184,15.267175572519085
E00187941,174,66,22,44,108,93,15,37.93103448275862,12.643678160919542,25.287356321839084,62.06896551724138,53.44827586206896,8.620689655172415
E00187951,70,7,0,7,63,53,10,10,0,10,90,75.71428571428571,14.285714285714285
E00187953,91,25,8,17,66,53,13,27.472527472527474,8.791208791208792,18.681318681318682,72.52747252747253,58.24175824175825,14.285714285714285
E00187960,168,40,17,23,128,106,22,23.809523809523807,10.119047619047619,13.690476190476192,76.19047619047619,63.095238095238095,13.095238095238097
E00187972,229,48,17,31,181,160,21,20.96069868995633,7.423580786026202,13.537117903930133,79.03930131004367,69.86899563318777,9.170305676855897
E00187982,95,33,7,26,62,46,16,34.73684210526316,7.368421052631578,27.368421052631582,65.26315789473685,48.421052631578945,16.842105263157894
E00187985,14,4,1,3,10,6,4,28.57142857142857,7.142857142857142,21.428571428571427,71.42857142857143,42.857142857142854,28.57142857142857
E00187992,184,40,14,26,144,120,24,21.73913043478261,7.608695652173914,14.130434782608695,78.26086956521739,65.21739130434783,13.043478260869565
E00187993,200,37,10,27,163,121,42,18.5,5,13.5,81.5,60.5,21
E00188004,59,19,10,9,40,32,8,32.20338983050847,16.94915254237288,15.254237288135593,67.79661016949152,54.23728813559322,13.559322033898304
E00188005,131,33,21,12,98,79,19,25.190839694656486,16.030534351145036,9.16030534351145,74.80916030534351,60.30534351145038,14.50381679389313
E00188011,111,32,8,24,79,71,8,28.82882882882883,7.207207207207207,21.62162162162162,71.17117117117117,63.96396396396396,7.207207207207207
E00188013,215,80,24,56,135,113,22,37.2093023255814,11.162790697674419,26.046511627906977,62.7906976744186,52.55813953488372,10.232558139534884
E00188014,119,29,10,19,90,76,14,24.369747899159663,8.403361344537815,15.966386554621847,75.63025210084034,63.86554621848739,11.76470588235294
E00188016,368,73,20,53,295,251,44,19.83695652173913,5.434782608695652,14.402173913043478,80.16304347826086,68.20652173913044,11.956521739130435
