OA,ts0590001,ts0590002,ts0590003,ts0590004,ts0590005,ts0590006,ts0590007,ts0590002_PCT,ts0590003_PCT,ts0590004_PCT,ts0590005_PCT,ts0590006_PCT,ts0590007_PCT
W00005996,134,44,12,32,90,82,8,32.83582089552239,8.955223880597014,23.88059701492537,67.16417910447761,61.19402985074627,5.970149253731343
W00005997,139,41,8,33,98,93,5,29.496402877697843,5.755395683453238,23.741007194244602,70.50359712230215,66.90647482014388,3.5971223021582732
W00005998,128,46,7,39,82,76,6,35.9375,5.46875,30.46875,64.0625,59.375,4.6875
W00005999,122,36,10,26,86,77,9,29.508196721311474,8.19672131147541,21.311475409836063,70.49180327868852,63.114754098360656,7.377049180327869
W00006000,92,22,7,15,70,64,6,23.91304347826087,7.608695652173914,16.304347826086957,76.08695652173914,69.56521739130434,6.521739130434782
W00006001,182,56,25,31,126,114,12,30.76923076923077,13.736263736263737,17.032967032967033,69.23076923076923,62.637362637362635,6.593406593406594
W00006002,35,11,6,5,24,20,4,31.428571428571427,17.142857142857142,14.285714285714285,68.57142857142857,57.14285714285714,11.428571428571429
W00006003,115,25,8,17,90,77,13,21.73913043478261,6.956521739130435,14.782608695652174,78.26086956521739,66.95652173913044,11.304347826086957
W00006004,155,47,7,40,108,96,12,30.32258064516129,4.516129032258064,25.806451612903224,69.6774193548387,61.935483870967744,7.741935483870968
W00006005,103,30,4,26,73,62,11,29.126213592233007,3.8834951456310676,25.24271844660194,70.87378640776699,60.19417475728155,10.679611650485436
W00006006,115,35,8,27,80,69,11,30.434782608695656,6.956521739130435,23.47826086956522,69.56521739130434,60,9.565217391304348
W00006007,123,28,9,19,95,85,10,22.76422764227642,7.317073170731707,15.447154471544716,77.23577235772358,69.10569105691057,8.130081300813007
W00006008,161,51,12,39,110,86,24,31.67701863354037,7.453416149068323,24.22360248447205,68.32298136645963,53.41614906832298,14.906832298136646
W00006009,131,39,15,24,92,77,15,29.770992366412212,11.450381679389313,18.3206106870229,70.22900763358778,58.778625954198475,11.450381679389313
W00006010,96,32,10,22,64,61,3,33.33333333333333,10.416666666666668,22.916666666666664,66.66666666666666,63.541666666666664,3.125
W00006011,123,34,7,27,89,81,8,27.64227642276423,5.691056910569105,21.951219512195124,72.35772357723577,65.85365853658537,6.504065040650407
W00006012,149,35,10,25,114,106,8,23.48993288590604,6.7114093959731544,16.778523489932887,76.51006711409396,71.14093959731544,5.369127516778524
W00006013,112,30,6,24,82,76,6,26.785714285714285,5.357142857142857,21.428571428571427,73.21428571428571,67.85714285714286,5.357142857142857
W00006014,130,42,6,36,88,76,12,32.30769230769231,4.615384615384616,27.692307692307693,67.6923076923077,58.46153846153847,9.230769230769232
W00006015,128,33,7,26,95,78,17,25.78125,5.46875,20.3125,74.21875,60.9375,13.28125
W00006016,124,29,5,24,95,85,10,23.387096774193548,4.032258064516129,19.35483870967742,76.61290322580645,68.54838709677419,8.064516129032258
W00006017,101,27,9,18,74,68,6,26.732673267326735,8.91089108910891,17.82178217821782,73.26732673267327,67.32673267326733,5.9405940594059405
W00006018,130,44,15,29,86,80,6,33.84615384615385,11.538461538461538,22.30769230769231,66.15384615384615,61.53846153846154,4.615384615384616
W00006019,126,39,8,31,87,79,8,30.952380952380953,6.349206349206349,24.6031746031746,69.04761904761905,62.698412698412696,6.349206349206349
W00006020,152,40,7,33,112,97,15,26.31578947368421,4.605263157894736,21.710526315789476,73.68421052631578,63.81578947368421,9.868421052631579
W00006021,41,11,0,11,30,25,5,26.82926829268293,0,26.82926829268293,73.17073170731707,60.97560975609756,12.195121951219512
W00006022,150,37,13,24,113,100,13,24.666666666666668,8.666666666666668,16,75.33333333333333,66.66666666666666,8.666666666666668
W00006023,118,38,10,28,80,70,10,32.20338983050847,8.47457627118644,23.728813559322035,67.79661016949152,59.32203389830508,8.47457627118644
W00006024,107,26,7,19,81,67,14,24.299065420560748,6.5420560747663545,17.75700934579439,75.70093457943925,62.616822429906534,13.084112149532709
W00006025,160,51,9,42,109,95,14,31.874999999999996,5.625,26.25,68.125,59.375,8.75
W00006026,102,32,10,22,70,59,11,31.372549019607842,9.803921568627452,21.568627450980394,68.62745098039215,57.84313725490197,10.784313725490197
W00006028,114,38,5,33,76,66,10,33.33333333333333,4.385964912280701,28.947368421052634,66.66666666666666,57.89473684210527,8.771929824561402
W00006029,168,41,8,33,127,108,19,24.404761904761905,4.761904761904762,19.642857142857142,75.59523809523809,64.28571428571429,11.30952380952381
W00006030,148,41,11,30,107,97,10,27.7027027027027,7.4324324324324325,20.27027027027027,72.2972972972973,65.54054054054053,6.756756756756757
W00006031,162,50,12,38,112,101,11,30.864197530864196,7.4074074074074066,23.456790123456788,69.1358024691358,62.34567901234568,6.790123456790123
W00006032,179,51,13,38,128,107,21,28.49162011173184,7.262569832402235,21.22905027932961,71.50837988826815,59.77653631284916,11.731843575418994
W00006033,98,24,6,18,74,66,8,24.489795918367346,6.122448979591836,18.367346938775512,75.51020408163265,67.3469387755102,8.16326530612245
W00006034,84,22,7,15,62,53,9,26.190476190476193,8.333333333333332,17.857142857142858,73.80952380952381,63.095238095238095,10.714285714285714
W00006035,129,36,6,30,93,86,7,27.906976744186046,4.651162790697675,23.25581395348837,72.09302325581395,66.66666666666666,5.426356589147287
W00006036,136,37,12,25,99,92,7,27.205882352941174,8.823529411764707,18.38235294117647,72.79411764705883,67.64705882352942,5.147058823529411
W00006037,130,37,7,30,93,79,14,28.46153846153846,5.384615384615385,23.076923076923077,71.53846153846153,60.76923076923077,10.76923076923077
W00006038,131,32,7,25,99,84,15,24.427480916030532,5.343511450381679,19.083969465648856,75.57251908396947,64.12213740458014,11.450381679389313
W00006039,126,30,11,19,96,78,18,23.809523809523807,8.73015873015873,15.079365079365079,76.19047619047619,61.904761904761905,14.285714285714285
W00006040,211,50,14,36,161,147,14,23.696682464454977,6.6350710900473935,17.061611374407583,76.30331753554502,69.66824644549763,6.6350710900473935
W00006041,106,38,4,34,68,58,10,35.84905660377358,3.7735849056603774,32.075471698113205,64.15094339622641,54.71698113207547,9.433962264150944
W00006042,133,40,11,29,93,82,11,30.075187969924812,8.270676691729323,21.804511278195488,69.92481203007519,61.65413533834586,8.270676691729323
W00006043,122,31,9,22,91,86,5,25.40983606557377,7.377049180327869,18.0327868852459,74.59016393442623,70.49180327868852,4.098360655737705
W00006044,111,31,8,23,80,69,11,27.927927927927925,7.207207207207207,20.72072072072072,72.07207207207207,62.16216216216216,9.90990990990991
W00006045,128,38,5,33,90,82,8,29.6875,3.90625,25.78125,70.3125,64.0625,6.25
W00006046,114,36,7,29,78,74,4,31.57894736842105,6.140350877192982,25.438596491228072,68.42105263157895,64.91228070175438,3.508771929824561
W00006047,102,27,6,21,75,64,11,26.47058823529412,5.88235294117647,20.588235294117645,73.52941176470588,62.745098039215684,10.784313725490197
W00006048,104,25,10,15,79,70,9,24.03846153846154,9.615384615384617,14.423076923076922,75.96153846153845,67.3076923076923,8.653846153846153
W00006049,139,42,13,29,97,86,11,30.215827338129497,9.352517985611511,20.863309352517987,69.7841726618705,61.87050359712231,7.913669064748201
W00006050,122,21,6,15,101,92,9,17.21311475409836,4.918032786885246,12.295081967213115,82.78688524590164,75.40983606557377,7.377049180327869
W00006051,172,52,19,33,120,106,14,30.23255813953488,11.046511627906977,19.186046511627907,69.76744186046511,61.627906976744185,8.13953488372093
W00006052,175,51,18,33,124,109,15,29.142857142857142,10.285714285714285,18.857142857142858,70.85714285714285,62.28571428571429,8.571428571428571
W00006053,109,40,11,29,69,54,15,36.69724770642202,10.091743119266056,26.605504587155966,63.30275229357798,49.54128440366973,13.761467889908257
W00006054,141,48,13,35,93,78,15,34.04255319148936,9.219858156028367,24.822695035460992,65.95744680851064,55.319148936170215,10.638297872340425
W00006055,116,38,14,24,78,67,11,32.758620689655174,12.068965517241379,20.689655172413794,67.24137931034483,57.758620689655174,9.482758620689655
W00006056,98,32,7,25,66,59,7,32.6530612244898,7.142857142857142,25.510204081632654,67.3469387755102,60.204081632653065,7.142857142857142
W00006057,138,43,17,26,95,89,6,31.15942028985507,12.318840579710146,18.84057971014493,68.84057971014492,64.4927536231884,4.3478260869565215
W00006058,124,39,6,33,85,64,21,31.451612903225808,4.838709677419355,26.61290322580645,68.54838709677419,51.61290322580645,16.93548387096774
W00006059,71,26,10,16,45,45,0,36.61971830985916,14.084507042253522,22.535211267605636,63.38028169014085,63.38028169014085,0
W00006060,110,33,11,22,77,69,8,30,10,20,70,62.727272727272734,7.2727272727272725
W00006061,117,29,11,18,88,72,16,24.786324786324787,9.401709401709402,15.384615384615385,75.21367521367522,61.53846153846154,13.675213675213676
W00006062,158,55,13,42,103,94,9,34.810126582278485,8.227848101265822,26.582278481012654,65.18987341772153,59.49367088607595,5.69620253164557
W00006063,116,38,9,29,78,67,11,32.758620689655174,7.758620689655173,25,67.24137931034483,57.758620689655174,9.482758620689655
W00006064,159,40,15,25,119,103,16,25.157232704402517,9.433962264150944,15.723270440251572,74.84276729559748,64.77987421383648,10.062893081761008
W00006065,152,33,18,15,119,92,27,21.710526315789476,11.842105263157894,9.868421052631579,78.28947368421053,60.526315789473685,17.763157894736842
W00006066,145,49,19,30,96,81,15,33.793103448275865,13.10344827586207,20.689655172413794,66.20689655172414,55.86206896551724,10.344827586206897
W00006067,99,30,6,24,69,64,5,30.303030303030305,6.0606060606060606,24.242424242424242,69.6969696969697,64.64646464646465,5.05050505050505
W00006068,54,25,4,21,29,24,5,46.2962962962963,7.4074074074074066,38.88888888888889,53.70370370370371,44.44444444444444,9.25925925925926
W00006069,131,30,6,24,101,94,7,22.900763358778626,4.580152671755725,18.3206106870229,77.09923664122137,71.7557251908397,5.343511450381679
W00006070,140,36,12,24,104,91,13,25.71428571428571,8.571428571428571,17.142857142857142,74.28571428571429,65,9.285714285714286
W00006071,81,26,4,22,55,46,9,32.098765432098766,4.938271604938271,27.160493827160494,67.90123456790124,56.79012345679012,11.11111111111111
W00006072,164,41,6,35,123,99,24,25,3.6585365853658534,21.341463414634145,75,60.36585365853659,14.634146341463413
W00006073,101,26,9,17,75,64,11,25.742574257425744,8.91089108910891,16.831683168316832,74.25742574257426,63.366336633663366,10.891089108910892
W00006074,114,25,7,18,89,81,8,21.929824561403507,6.140350877192982,15.789473684210526,78.0701754385965,71.05263157894737,7.017543859649122
W00006075,127,37,10,27,90,78,12,29.133858267716533,7.874015748031496,21.25984251968504,70.86614173228347,61.417322834645674,9.448818897637794
W00006076,125,27,7,20,98,83,15,21.6,5.6000000000000005,16,78.4,66.4,12
W00006077,126,42,12,30,84,75,9,33.33333333333333,9.523809523809524,23.809523809523807,66.66666666666666,59.523809523809526,7.142857142857142
W00006078,153,39,7,32,114,96,18,25.49019607843137,4.57516339869281,20.915032679738562,74.50980392156863,62.745098039215684,11.76470588235294
W00006079,117,30,5,25,87,75,12,25.64102564102564,4.273504273504273,21.367521367521366,74.35897435897436,64.1025641025641,10.256410256410255
W00006080,212,42,16,26,170,156,14,19.81132075471698,7.547169811320755,12.264150943396226,80.18867924528303,73.58490566037736,6.60377358490566
W00006081,152,39,8,31,113,103,10,25.657894736842106,5.263157894736842,20.394736842105264,74.3421052631579,67.76315789473685,6.578947368421052
W00006082,219,51,19,32,168,143,25,23.28767123287671,8.67579908675799,14.61187214611872,76.71232876712328,65.29680365296804,11.415525114155251
W00006083,138,42,10,32,96,84,12,30.434782608695656,7.246376811594203,23.18840579710145,69.56521739130434,60.86956521739131,8.695652173913043
W00006084,145,42,6,36,103,94,9,28.965517241379313,4.137931034482759,24.82758620689655,71.03448275862068,64.82758620689654,6.206896551724138
W00006085,113,30,5,25,83,68,15,26.548672566371685,4.424778761061947,22.123893805309734,73.45132743362832,60.17699115044248,13.274336283185843
W00006086,69,22,5,17,47,43,4,31.88405797101449,7.246376811594203,24.637681159420293,68.11594202898551,62.31884057971014,5.797101449275362
W00006087,121,36,7,29,85,71,14,29.75206611570248,5.785123966942149,23.96694214876033,70.24793388429752,58.67768595041323,11.570247933884298
W00006088,113,28,8,20,85,75,10,24.778761061946902,7.079646017699115,17.699115044247787,75.22123893805309,66.3716814159292,8.849557522123893
W00006089,231,52,17,35,179,147,32,22.51082251082251,7.35930735930736,15.151515151515152,77.48917748917748,63.63636363636363,13.852813852813853
W00006090,85,22,10,12,63,55,8,25.882352941176475,11.76470588235294,14.117647058823529,74.11764705882354,64.70588235294117,9.411764705882353
W00006091,37,11,0,11,26,25,1,29.72972972972973,0,29.72972972972973,70.27027027027027,67.56756756756756,2.7027027027027026
W00006092,149,43,14,29,106,90,16,28.859060402684566,9.395973154362416,19.463087248322147,71.14093959731544,60.40268456375839,10.738255033557047
W00006093,104,28,8,20,76,71,5,26.923076923076923,7.6923076923076925,19.230769230769234,73.07692307692307,68.26923076923077,4.807692307692308
W00006094,93,22,4,18,71,66,5,23.655913978494624,4.301075268817205,19.35483870967742,76.34408602150538,70.96774193548387,5.376344086021505
W00006095,204,51,12,39,153,133,20,25,5.88235294117647,19.11764705882353,75,65.19607843137256,9.803921568627452
W00006096,110,31,9,22,79,70,9,28.18181818181818,8.181818181818182,20,71.81818181818181,63.63636363636363,8.181818181818182
W00006097,187,46,16,30,141,117,24,24.598930481283425,8.55614973262032,16.042780748663102,75.40106951871658,62.56684491978609,12.834224598930483
W00006098,104,35,6,29,69,61,8,33.65384615384615,5.769230769230769,27.884615384615387,66.34615384615384,58.65384615384615,7.6923076923076925
W00006099,135,44,8,36,91,79,12,32.592592592592595,5.9259259259259265,26.666666666666668,67.4074074074074,58.51851851851851,8.88888888888889
W00006100,134,32,11,21,102,85,17,23.88059701492537,8.208955223880597,15.671641791044777,76.11940298507463,63.43283582089553,12.686567164179104
W00006101,130,34,11,23,96,79,17,26.153846153846157,8.461538461538462,17.692307692307693,73.84615384615385,60.76923076923077,13.076923076923078
W00006102,192,47,14,33,145,128,17,24.479166666666664,7.291666666666667,17.1875,75.52083333333334,66.66666666666666,8.854166666666668
W00006103,200,55,16,39,145,113,32,27.500000000000004,8,19.5,72.5,56.49999999999999,16
W00006105,123,38,8,30,85,71,14,30.89430894308943,6.504065040650407,24.390243902439025,69.10569105691057,57.72357723577236,11.38211382113821
W00006106,141,52,12,40,89,78,11,36.87943262411347,8.51063829787234,28.368794326241137,63.12056737588653,55.319148936170215,7.801418439716312
W00006107,130,38,10,28,92,83,9,29.230769230769234,7.6923076923076925,21.53846153846154,70.76923076923077,63.84615384615384,6.923076923076923
W00006108,116,37,8,29,79,71,8,31.896551724137932,6.896551724137931,25,68.10344827586206,61.206896551724135,6.896551724137931
W00006109,140,29,12,17,111,94,17,20.714285714285715,8.571428571428571,12.142857142857142,79.28571428571428,67.14285714285714,12.142857142857142
W00006110,86,34,17,17,52,44,8,39.53488372093023,19.767441860465116,19.767441860465116,60.46511627906976,51.162790697674424,9.30232558139535
W00006111,156,39,12,27,117,100,17,25,7.6923076923076925,17.307692307692307,75,64.1025641025641,10.897435897435898
W00006112,145,36,9,27,109,97,12,24.82758620689655,6.206896551724138,18.620689655172416,75.17241379310344,66.89655172413794,8.275862068965518
W00006113,175,47,15,32,128,116,12,26.857142857142858,8.571428571428571,18.285714285714285,73.14285714285714,66.28571428571428,6.857142857142858
W00006114,176,53,11,42,123,107,16,30.113636363636363,6.25,23.863636363636363,69.88636363636364,60.79545454545454,9.090909090909092
W00006115,163,38,9,29,125,113,12,23.31288343558282,5.521472392638037,17.791411042944784,76.68711656441718,69.32515337423312,7.361963190184049
W00006116,196,51,13,38,145,125,20,26.02040816326531,6.63265306122449,19.387755102040817,73.9795918367347,63.775510204081634,10.204081632653061
W00006117,110,34,14,20,76,64,12,30.909090909090907,12.727272727272727,18.181818181818183,69.0909090909091,58.18181818181818,10.909090909090908
W00006118,136,39,12,27,97,83,14,28.676470588235293,8.823529411764707,19.852941176470587,71.32352941176471,61.029411764705884,10.294117647058822
W00006119,154,33,8,25,121,111,10,21.428571428571427,5.194805194805195,16.233766233766232,78.57142857142857,72.07792207792207,6.493506493506493
W00006120,280,73,26,47,207,180,27,26.071428571428573,9.285714285714286,16.785714285714285,73.92857142857143,64.28571428571429,9.642857142857144
W00006121,135,44,16,28,91,82,9,32.592592592592595,11.851851851851853,20.74074074074074,67.4074074074074,60.74074074074074,6.666666666666667
W00006122,173,47,21,26,126,101,25,27.167630057803464,12.138728323699421,15.028901734104046,72.83236994219652,58.38150289017341,14.450867052023122
W00006123,35,8,4,4,27,21,6,22.857142857142858,11.428571428571429,11.428571428571429,77.14285714285715,60,17.142857142857142
W00006124,72,22,7,15,50,44,6,30.555555555555557,9.722222222222223,20.833333333333336,69.44444444444444,61.111111111111114,8.333333333333332
W00006125,206,52,16,36,154,139,15,25.24271844660194,7.766990291262135,17.475728155339805,74.75728155339806,67.47572815533981,7.281553398058252
W00006126,113,26,8,18,87,80,7,23.008849557522122,7.079646017699115,15.929203539823009,76.99115044247787,70.79646017699115,6.1946902654867255
W00006127,166,52,13,39,114,101,13,31.32530120481928,7.83132530120482,23.49397590361446,68.67469879518072,60.8433734939759,7.83132530120482
W00006129,171,46,10,36,125,104,21,26.900584795321635,5.847953216374268,21.052631578947366,73.09941520467837,60.81871345029239,12.280701754385964
W00006130,119,33,11,22,86,79,7,27.73109243697479,9.243697478991598,18.487394957983195,72.26890756302521,66.38655462184873,5.88235294117647
W00006131,95,32,12,20,63,56,7,33.68421052631579,12.631578947368421,21.052631578947366,66.3157894736842,58.94736842105262,7.368421052631578
W00006133,58,16,7,9,42,41,1,27.586206896551722,12.068965517241379,15.517241379310345,72.41379310344827,70.6896551724138,1.7241379310344827
W00006137,241,73,19,54,168,143,25,30.29045643153527,7.883817427385892,22.40663900414938,69.70954356846472,59.33609958506224,10.37344398340249
W00006138,137,35,7,28,102,94,8,25.547445255474454,5.109489051094891,20.437956204379564,74.45255474452554,68.61313868613139,5.839416058394161
W00006139,147,37,9,28,110,93,17,25.170068027210885,6.122448979591836,19.047619047619047,74.82993197278913,63.26530612244898,11.564625850340136
W00006140,183,51,14,37,132,123,9,27.86885245901639,7.650273224043716,20.21857923497268,72.1311475409836,67.21311475409836,4.918032786885246
W00006141,186,50,18,32,136,124,12,26.881720430107524,9.67741935483871,17.20430107526882,73.11827956989248,66.66666666666666,6.451612903225806
W00006142,141,39,7,32,102,94,8,27.659574468085108,4.964539007092199,22.69503546099291,72.3404255319149,66.66666666666666,5.673758865248227
W00006143,192,43,14,29,149,131,18,22.395833333333336,7.291666666666667,15.104166666666666,77.60416666666666,68.22916666666666,9.375
W00006144,130,34,3,31,96,85,11,26.153846153846157,2.307692307692308,23.846153846153847,73.84615384615385,65.38461538461539,8.461538461538462
W00006145,208,55,10,45,153,139,14,26.442307692307693,4.807692307692308,21.634615384615387,73.5576923076923,66.82692307692307,6.730769230769231
W00006146,127,37,7,30,90,81,9,29.133858267716533,5.511811023622047,23.62204724409449,70.86614173228347,63.77952755905512,7.086614173228346
W00006147,141,39,9,30,102,88,14,27.659574468085108,6.382978723404255,21.27659574468085,72.3404255319149,62.4113475177305,9.929078014184398
W00006148,140,35,8,27,105,90,15,25,5.714285714285714,19.28571428571429,75,64.28571428571429,10.714285714285714
W00006149,167,46,10,36,121,108,13,27.54491017964072,5.9880239520958085,21.55688622754491,72.45508982035929,64.67065868263472,7.784431137724551
W00006150,82,20,1,19,62,54,8,24.390243902439025,1.2195121951219512,23.170731707317074,75.60975609756098,65.85365853658537,9.75609756097561
W00006151,122,44,9,35,78,66,12,36.0655737704918,7.377049180327869,28.688524590163933,63.934426229508205,54.09836065573771,9.836065573770492
W00006152,135,49,14,35,86,77,9,36.2962962962963,10.37037037037037,25.925925925925924,63.70370370370371,57.03703703703704,6.666666666666667
W00006153,115,39,9,30,76,71,5,33.91304347826087,7.82608695652174,26.08695652173913,66.08695652173913,61.73913043478261,4.3478260869565215
W00006154,100,36,6,30,64,56,8,36,6,30,64,56.00000000000001,8
W00006155,116,31,5,26,85,84,1,26.72413793103448,4.310344827586207,22.413793103448278,73.27586206896551,72.41379310344827,0.8620689655172413
W00006156,118,41,11,30,77,71,6,34.74576271186441,9.322033898305085,25.423728813559322,65.2542372881356,60.16949152542372,5.084745762711865
W00006157,79,26,0,26,53,45,8,32.91139240506329,0,32.91139240506329,67.08860759493672,56.9620253164557,10.126582278481013
W00006158,105,23,5,18,82,70,12,21.904761904761905,4.761904761904762,17.142857142857142,78.0952380952381,66.66666666666666,11.428571428571429
W00006159,131,36,4,32,95,80,15,27.480916030534353,3.0534351145038165,24.427480916030532,72.51908396946564,61.06870229007634,11.450381679389313
W00006160,149,37,10,27,112,99,13,24.832214765100673,6.7114093959731544,18.120805369127517,75.16778523489933,66.44295302013423,8.724832214765101
W00006161,67,28,16,12,39,35,4,41.7910447761194,23.88059701492537,17.91044776119403,58.2089552238806,52.23880597014925,5.970149253731343
W00006162,148,42,8,34,106,98,8,28.37837837837838,5.405405405405405,22.972972972972975,71.62162162162163,66.21621621621621,5.405405405405405
W00006163,113,43,9,34,70,63,7,38.05309734513274,7.964601769911504,30.08849557522124,61.94690265486725,55.75221238938053,6.1946902654867255
W00006164,117,33,15,18,84,72,12,28.205128205128204,12.82051282051282,15.384615384615385,71.7948717948718,61.53846153846154,10.256410256410255
W00006166,111,23,4,19,88,82,6,20.72072072072072,3.6036036036036037,17.117117117117118,79.27927927927928,73.87387387387388,5.405405405405405
W00006167,120,18,4,14,102,93,9,15,3.3333333333333335,11.666666666666666,85,77.5,7.5
W00006168,99,30,12,18,69,55,14,30.303030303030305,12.121212121212121,18.181818181818183,69.6969696969697,55.55555555555556,14.14141414141414
W00006169,126,35,10,25,91,74,17,27.77777777777778,7.936507936507936,19.841269841269842,72.22222222222221,58.730158730158735,13.492063492063492
W00006170,118,39,12,27,79,72,7,33.05084745762712,10.16949152542373,22.88135593220339,66.94915254237289,61.016949152542374,5.932203389830509
W00006172,100,27,7,20,73,67,6,27,7.000000000000001,20,73,67,6
W00006173,173,46,8,38,127,107,20,26.589595375722542,4.624277456647398,21.965317919075144,73.41040462427746,61.849710982658955,11.560693641618498
W00006174,123,23,9,14,100,86,14,18.69918699186992,7.317073170731707,11.38211382113821,81.30081300813008,69.91869918699187,11.38211382113821
W00006175,124,34,10,24,90,76,14,27.419354838709676,8.064516129032258,19.35483870967742,72.58064516129032,61.29032258064516,11.29032258064516
W00006176,132,24,7,17,108,94,14,18.181818181818183,5.303030303030303,12.878787878787879,81.81818181818183,71.21212121212122,10.606060606060606
W00006177,69,20,6,14,49,37,12,28.985507246376812,8.695652173913043,20.28985507246377,71.01449275362319,53.62318840579711,17.391304347826086
W00006178,55,22,6,16,33,30,3,40,10.909090909090908,29.09090909090909,60,54.54545454545454,5.454545454545454
W00006179,111,26,6,20,85,80,5,23.423423423423422,5.405405405405405,18.01801801801802,76.57657657657657,72.07207207207207,4.504504504504505
W00006180,81,25,7,18,56,49,7,30.864197530864196,8.641975308641975,22.22222222222222,69.1358024691358,60.49382716049383,8.641975308641975
W00006181,127,34,6,28,93,82,11,26.77165354330709,4.724409448818897,22.04724409448819,73.22834645669292,64.56692913385827,8.661417322834646
W00006182,95,30,7,23,65,55,10,31.57894736842105,7.368421052631578,24.210526315789473,68.42105263157895,57.89473684210527,10.526315789473683
W00006183,142,44,5,39,98,82,16,30.985915492957744,3.5211267605633805,27.464788732394368,69.01408450704226,57.74647887323944,11.267605633802818
W00006184,75,25,8,17,50,48,2,33.33333333333333,10.666666666666668,22.666666666666664,66.66666666666666,64,2.666666666666667
W00006185,157,40,12,28,117,105,12,25.477707006369428,7.643312101910828,17.8343949044586,74.52229299363057,66.87898089171973,7.643312101910828
W00006186,141,34,6,28,107,91,16,24.113475177304963,4.25531914893617,19.858156028368796,75.88652482269504,64.53900709219859,11.347517730496454
W00006187,135,41,11,30,94,78,16,30.37037037037037,8.148148148148149,22.22222222222222,69.62962962962963,57.77777777777777,11.851851851851853
W00006188,100,25,13,12,75,65,10,25,13,12,75,65,10
W00006189,148,36,6,30,112,102,10,24.324324324324326,4.054054054054054,20.27027027027027,75.67567567567568,68.91891891891892,6.756756756756757
W00006190,111,20,4,16,91,83,8,18.01801801801802,3.6036036036036037,14.414414414414415,81.98198198198197,74.77477477477478,7.207207207207207
W00006191,112,38,14,24,74,69,5,33.92857142857143,12.5,21.428571428571427,66.07142857142857,61.60714285714286,4.464285714285714
W00006192,114,34,6,28,80,78,2,29.82456140350877,5.263157894736842,24.561403508771928,70.17543859649122,68.42105263157895,1.7543859649122806
W00006193,117,36,10,26,81,74,7,30.76923076923077,8.547008547008547,22.22222222222222,69.23076923076923,63.24786324786324,5.982905982905983
W00006194,118,36,8,28,82,77,5,30.508474576271187,6.779661016949152,23.728813559322035,69.49152542372882,65.2542372881356,4.23728813559322
W00006195,133,30,6,24,103,98,5,22.55639097744361,4.511278195488721,18.045112781954884,77.44360902255639,73.68421052631578,3.7593984962406015
W00006196,134,40,11,29,94,84,10,29.850746268656714,8.208955223880597,21.641791044776117,70.1492537313433,62.68656716417911,7.462686567164178
W00006197,120,39,9,30,81,78,3,32.5,7.5,25,67.5,65,2.5
W00006198,127,46,17,29,81,74,7,36.22047244094488,13.385826771653544,22.83464566929134,63.77952755905512,58.26771653543307,5.511811023622047
W00006199,118,27,6,21,91,80,11,22.88135593220339,5.084745762711865,17.796610169491526,77.11864406779661,67.79661016949152,9.322033898305085
W00006200,111,35,12,23,76,73,3,31.53153153153153,10.81081081081081,20.72072072072072,68.46846846846847,65.76576576576578,2.7027027027027026
W00006201,117,35,8,27,82,66,16,29.914529914529915,6.837606837606838,23.076923076923077,70.08547008547008,56.41025641025641,13.675213675213676
W00006202,87,24,9,15,63,58,5,27.586206896551722,10.344827586206897,17.24137931034483,72.41379310344827,66.66666666666666,5.747126436781609
W00006203,88,36,4,32,52,48,4,40.909090909090914,4.545454545454546,36.36363636363637,59.09090909090909,54.54545454545454,4.545454545454546
W00006204,142,48,11,37,94,89,5,33.80281690140845,7.746478873239436,26.056338028169012,66.19718309859155,62.676056338028175,3.5211267605633805
W00006205,40,6,0,6,34,31,3,15,0,15,85,77.5,7.5
W00006206,164,32,5,27,132,122,10,19.51219512195122,3.048780487804878,16.463414634146343,80.48780487804879,74.39024390243902,6.097560975609756
W00006207,111,30,4,26,81,69,12,27.027027027027028,3.6036036036036037,23.423423423423422,72.97297297297297,62.16216216216216,10.81081081081081
W00006208,101,28,5,23,73,65,8,27.722772277227726,4.9504950495049505,22.772277227722775,72.27722772277228,64.35643564356435,7.920792079207921
W00006209,200,64,13,51,136,125,11,32,6.5,25.5,68,62.5,5.5
W00006210,130,35,10,25,95,85,10,26.923076923076923,7.6923076923076925,19.230769230769234,73.07692307692307,65.38461538461539,7.6923076923076925
W00006211,140,44,7,37,96,84,12,31.428571428571427,5,26.42857142857143,68.57142857142857,60,8.571428571428571
W00006212,134,31,4,27,103,88,15,23.134328358208954,2.9850746268656714,20.149253731343283,76.86567164179104,65.67164179104478,11.194029850746269
W00006213,117,25,4,21,92,79,13,21.367521367521366,3.418803418803419,17.94871794871795,78.63247863247864,67.52136752136752,11.11111111111111
W00006214,154,40,10,30,114,99,15,25.97402597402597,6.493506493506493,19.480519480519483,74.02597402597402,64.28571428571429,9.740259740259742
W00006215,148,45,6,39,103,96,7,30.405405405405407,4.054054054054054,26.351351351351347,69.5945945945946,64.86486486486487,4.72972972972973
W00006216,86,20,0,20,66,59,7,23.25581395348837,0,23.25581395348837,76.74418604651163,68.6046511627907,8.13953488372093
W00006217,74,28,8,20,46,41,5,37.83783783783784,10.81081081081081,27.027027027027028,62.16216216216216,55.4054054054054,6.756756756756757
W00006218,145,32,12,20,113,101,12,22.06896551724138,8.275862068965518,13.793103448275861,77.93103448275862,69.6551724137931,8.275862068965518
W00006219,92,30,9,21,62,51,11,32.608695652173914,9.782608695652174,22.82608695652174,67.3913043478261,55.434782608695656,11.956521739130435
W00006220,104,39,8,31,65,62,3,37.5,7.6923076923076925,29.807692307692307,62.5,59.61538461538461,2.8846153846153846
W00006221,117,40,12,28,77,63,14,34.18803418803419,10.256410256410255,23.931623931623932,65.8119658119658,53.84615384615385,11.965811965811966
W00006222,112,42,16,26,70,62,8,37.5,14.285714285714285,23.214285714285715,62.5,55.35714285714286,7.142857142857142
W00006223,146,41,9,32,105,97,8,28.08219178082192,6.164383561643835,21.91780821917808,71.91780821917808,66.43835616438356,5.47945205479452
W00006224,88,14,1,13,74,66,8,15.909090909090908,1.1363636363636365,14.772727272727273,84.0909090909091,75,9.090909090909092
W00006225,90,27,5,22,63,56,7,30,5.555555555555555,24.444444444444443,70,62.22222222222222,7.777777777777778
W00006226,119,41,7,34,78,70,8,34.45378151260504,5.88235294117647,28.57142857142857,65.54621848739495,58.82352941176471,6.722689075630252
W00006227,145,37,13,24,108,91,17,25.517241379310345,8.96551724137931,16.551724137931036,74.48275862068967,62.758620689655174,11.724137931034482
W00006228,143,33,13,20,110,95,15,23.076923076923077,9.090909090909092,13.986013986013987,76.92307692307693,66.43356643356644,10.48951048951049
W00006229,58,21,4,17,37,33,4,36.206896551724135,6.896551724137931,29.310344827586203,63.793103448275865,56.896551724137936,6.896551724137931
W00006230,139,43,12,31,96,90,6,30.935251798561154,8.633093525179856,22.302158273381295,69.06474820143885,64.74820143884892,4.316546762589928
W00006231,95,17,4,13,78,73,5,17.894736842105264,4.2105263157894735,13.684210526315791,82.10526315789474,76.84210526315789,5.263157894736842
W00006232,106,33,12,21,73,65,8,31.132075471698112,11.320754716981133,19.81132075471698,68.86792452830188,61.32075471698113,7.547169811320755
W00006233,123,38,12,26,85,79,6,30.89430894308943,9.75609756097561,21.138211382113823,69.10569105691057,64.22764227642277,4.878048780487805
W00006234,138,37,7,30,101,92,9,26.811594202898554,5.072463768115942,21.73913043478261,73.18840579710145,66.66666666666666,6.521739130434782
W00006235,123,21,7,14,102,94,8,17.073170731707318,5.691056910569105,11.38211382113821,82.92682926829268,76.42276422764228,6.504065040650407
W00006236,160,41,11,30,119,104,15,25.624999999999996,6.875000000000001,18.75,74.375,65,9.375
W00006237,127,28,9,19,99,89,10,22.04724409448819,7.086614173228346,14.960629921259844,77.95275590551181,70.07874015748031,7.874015748031496
W00006238,102,30,5,25,72,65,7,29.411764705882355,4.901960784313726,24.509803921568626,70.58823529411765,63.725490196078425,6.862745098039216
W00006239,75,19,9,10,56,48,8,25.333333333333336,12,13.333333333333334,74.66666666666667,64,10.666666666666668
W00006240,230,60,11,49,170,147,23,26.08695652173913,4.782608695652174,21.304347826086957,73.91304347826086,63.91304347826087,10
W00006241,126,28,4,24,98,86,12,22.22222222222222,3.1746031746031744,19.047619047619047,77.77777777777779,68.25396825396825,9.523809523809524
W00006242,65,17,5,12,48,43,5,26.153846153846157,7.6923076923076925,18.461538461538463,73.84615384615385,66.15384615384615,7.6923076923076925
W00006243,117,29,6,23,88,80,8,24.786324786324787,5.128205128205128,19.65811965811966,75.21367521367522,68.37606837606837,6.837606837606838
W00006244,147,50,11,39,97,86,11,34.01360544217687,7.482993197278912,26.53061224489796,65.98639455782312,58.50340136054422,7.482993197278912
W00006245,121,37,9,28,84,73,11,30.57851239669421,7.43801652892562,23.140495867768596,69.42148760330579,60.33057851239669,9.090909090909092
W00006246,100,29,9,20,71,65,6,28.999999999999996,9,20,71,65,6
W00006247,62,14,3,11,48,40,8,22.58064516129032,4.838709677419355,17.741935483870968,77.41935483870968,64.51612903225806,12.903225806451612
W00006248,144,33,5,28,111,100,11,22.916666666666664,3.4722222222222223,19.444444444444446,77.08333333333334,69.44444444444444,7.638888888888889
W00006249,282,73,23,50,209,185,24,25.886524822695034,8.156028368794328,17.73049645390071,74.11347517730496,65.60283687943263,8.51063829787234
W00006250,201,58,12,46,143,131,12,28.855721393034827,5.970149253731343,22.885572139303484,71.14427860696517,65.17412935323384,5.970149253731343
W00006251,237,41,11,30,196,170,26,17.29957805907173,4.641350210970464,12.658227848101266,82.70042194092827,71.72995780590718,10.970464135021098
W00006252,156,43,17,26,113,95,18,27.564102564102566,10.897435897435898,16.666666666666664,72.43589743589743,60.89743589743589,11.538461538461538
W00006253,125,33,5,28,92,82,10,26.400000000000002,4,22.400000000000002,73.6,65.60000000000001,8
W00006254,155,56,15,41,99,87,12,36.12903225806451,9.67741935483871,26.451612903225808,63.87096774193548,56.12903225806451,7.741935483870968
W00006255,122,39,8,31,83,73,10,31.967213114754102,6.557377049180328,25.40983606557377,68.0327868852459,59.83606557377049,8.19672131147541
W00006257,183,52,20,32,131,106,25,28.415300546448087,10.92896174863388,17.48633879781421,71.58469945355192,57.92349726775956,13.661202185792352
W00006259,143,37,15,22,106,83,23,25.874125874125873,10.48951048951049,15.384615384615385,74.12587412587412,58.04195804195804,16.083916083916083
W00006261,110,26,5,21,84,65,19,23.636363636363637,4.545454545454546,19.090909090909093,76.36363636363637,59.09090909090909,17.272727272727273
W00006262,48,16,5,11,32,28,4,33.33333333333333,10.416666666666668,22.916666666666664,66.66666666666666,58.333333333333336,8.333333333333332
W00006263,163,44,12,32,119,100,19,26.993865030674847,7.361963190184049,19.631901840490798,73.00613496932516,61.34969325153374,11.65644171779141
W00006264,157,46,13,33,111,95,16,29.29936305732484,8.280254777070063,21.019108280254777,70.70063694267516,60.509554140127385,10.191082802547772
W00006265,211,51,11,40,160,148,12,24.170616113744074,5.213270142180095,18.95734597156398,75.82938388625593,70.14218009478674,5.687203791469194
W00006266,74,16,4,12,58,51,7,21.62162162162162,5.405405405405405,16.216216216216218,78.37837837837837,68.91891891891892,9.45945945945946
W00006268,288,77,21,56,211,169,42,26.73611111111111,7.291666666666667,19.444444444444446,73.26388888888889,58.68055555555556,14.583333333333334
W00006269,199,50,10,40,149,130,19,25.125628140703515,5.025125628140704,20.100502512562816,74.87437185929649,65.32663316582915,9.547738693467336
W00006270,142,33,11,22,109,100,9,23.239436619718308,7.746478873239436,15.492957746478872,76.76056338028168,70.4225352112676,6.338028169014084
W00006271,113,38,14,24,75,62,13,33.6283185840708,12.389380530973451,21.238938053097346,66.3716814159292,54.86725663716814,11.504424778761061
W00006272,140,46,14,32,94,80,14,32.857142857142854,10,22.857142857142858,67.14285714285714,57.14285714285714,10
W00006273,205,63,18,45,142,134,8,30.73170731707317,8.780487804878048,21.951219512195124,69.26829268292683,65.3658536585366,3.902439024390244
W00006274,267,81,34,47,186,139,47,30.337078651685395,12.734082397003746,17.60299625468165,69.66292134831461,52.05992509363296,17.60299625468165
W00006275,78,32,10,22,46,38,8,41.02564102564102,12.82051282051282,28.205128205128204,58.97435897435898,48.717948717948715,10.256410256410255
W00006276,143,40,9,31,103,90,13,27.972027972027973,6.293706293706294,21.678321678321677,72.02797202797203,62.93706293706294,9.090909090909092
W00006277,63,21,4,17,42,36,6,33.33333333333333,6.349206349206349,26.984126984126984,66.66666666666666,57.14285714285714,9.523809523809524
W00006278,299,65,20,45,234,206,28,21.73913043478261,6.688963210702341,15.050167224080269,78.26086956521739,68.89632107023411,9.364548494983277
W00006280,143,55,17,38,88,76,12,38.46153846153847,11.888111888111888,26.573426573426573,61.53846153846154,53.14685314685315,8.391608391608392
W00006281,130,40,20,20,90,82,8,30.76923076923077,15.384615384615385,15.384615384615385,69.23076923076923,63.07692307692307,6.153846153846154
W00006282,74,18,7,11,56,51,5,24.324324324324326,9.45945945945946,14.864864864864865,75.67567567567568,68.91891891891892,6.756756756756757
W00006283,176,39,11,28,137,119,18,22.15909090909091,6.25,15.909090909090908,77.8409090909091,67.61363636363636,10.227272727272728
W00006284,215,52,15,37,163,131,32,24.186046511627907,6.976744186046512,17.209302325581397,75.81395348837209,60.93023255813953,14.883720930232558
W00006286,126,31,10,21,95,85,10,24.6031746031746,7.936507936507936,16.666666666666664,75.39682539682539,67.46031746031747,7.936507936507936
W00006287,134,42,15,27,92,84,8,31.343283582089555,11.194029850746269,20.149253731343283,68.65671641791045,62.68656716417911,5.970149253731343
W00006289,112,34,11,23,78,69,9,30.357142857142854,9.821428571428571,20.535714285714285,69.64285714285714,61.60714285714286,8.035714285714286
W00006290,165,45,15,30,120,103,17,27.27272727272727,9.090909090909092,18.181818181818183,72.72727272727273,62.42424242424243,10.303030303030303
W00006291,125,45,13,32,80,72,8,36,10.4,25.6,64,57.599999999999994,6.4
W00006292,133,44,19,25,89,75,14,33.08270676691729,14.285714285714285,18.796992481203006,66.9172932330827,56.390977443609025,10.526315789473683
W00006293,152,38,7,31,114,97,17,25,4.605263157894736,20.394736842105264,75,63.81578947368421,11.18421052631579
W00006294,136,45,12,33,91,77,14,33.088235294117645,8.823529411764707,24.264705882352942,66.91176470588235,56.61764705882353,10.294117647058822
W00006295,198,62,25,37,136,124,12,31.313131313131315,12.626262626262626,18.68686868686869,68.68686868686868,62.62626262626263,6.0606060606060606
W00006296,129,33,8,25,96,81,15,25.581395348837212,6.2015503875969,19.379844961240313,74.4186046511628,62.7906976744186,11.627906976744185
W00006297,144,41,11,30,103,95,8,28.47222222222222,7.638888888888889,20.833333333333336,71.52777777777779,65.97222222222221,5.555555555555555
W00006298,128,34,16,18,94,84,10,26.5625,12.5,14.0625,73.4375,65.625,7.8125
W00006299,117,32,13,19,85,75,10,27.350427350427353,11.11111111111111,16.23931623931624,72.64957264957265,64.1025641025641,8.547008547008547
W00006300,149,36,10,26,113,99,14,24.161073825503358,6.7114093959731544,17.449664429530202,75.83892617449665,66.44295302013423,9.395973154362416
W00006301,148,37,9,28,111,89,22,25,6.081081081081082,18.91891891891892,75,60.13513513513513,14.864864864864865
W00006302,158,43,14,29,115,96,19,27.21518987341772,8.860759493670885,18.354430379746837,72.78481012658227,60.75949367088608,12.025316455696203
W00006303,160,36,11,25,124,107,17,22.5,6.875000000000001,15.625,77.5,66.875,10.625
W00006304,190,58,24,34,132,110,22,30.526315789473685,12.631578947368421,17.894736842105264,69.47368421052632,57.89473684210527,11.578947368421053
W00006305,140,40,12,28,100,86,14,28.57142857142857,8.571428571428571,20,71.42857142857143,61.42857142857143,10
W00006306,141,32,10,22,109,102,7,22.69503546099291,7.092198581560284,15.602836879432624,77.30496453900709,72.3404255319149,4.964539007092199
W00006307,122,26,3,23,96,79,17,21.311475409836063,2.459016393442623,18.852459016393443,78.68852459016394,64.75409836065575,13.934426229508196
W00006308,122,46,22,24,76,65,11,37.704918032786885,18.0327868852459,19.672131147540984,62.295081967213115,53.278688524590166,9.01639344262295
W00006309,173,44,8,36,129,117,12,25.43352601156069,4.624277456647398,20.809248554913296,74.56647398843931,67.63005780346822,6.9364161849710975
W00006310,161,40,18,22,121,113,8,24.84472049689441,11.180124223602485,13.664596273291925,75.15527950310559,70.1863354037267,4.968944099378882
W00006311,115,26,6,20,89,82,7,22.608695652173914,5.217391304347826,17.391304347826086,77.39130434782608,71.30434782608695,6.086956521739131
W00006312,143,42,18,24,101,85,16,29.37062937062937,12.587412587412588,16.783216783216783,70.62937062937063,59.44055944055944,11.188811188811188
W00006313,100,23,5,18,77,63,14,23,5,18,77,63,14.000000000000002
W00006314,170,35,12,23,135,124,11,20.588235294117645,7.0588235294117645,13.529411764705882,79.41176470588235,72.94117647058823,6.470588235294119
W00006315,165,44,20,24,121,90,31,26.666666666666668,12.121212121212121,14.545454545454545,73.33333333333333,54.54545454545454,18.787878787878785
W00006316,253,63,12,51,190,164,26,24.90118577075099,4.743083003952568,20.158102766798418,75.09881422924902,64.82213438735178,10.276679841897234
W00006317,125,33,11,22,92,81,11,26.400000000000002,8.799999999999999,17.599999999999998,73.6,64.8,8.799999999999999
W00006318,145,46,15,31,99,93,6,31.724137931034484,10.344827586206897,21.379310344827587,68.27586206896552,64.13793103448275,4.137931034482759
W00006319,135,49,22,27,86,77,9,36.2962962962963,16.296296296296298,20,63.70370370370371,57.03703703703704,6.666666666666667
W00006320,159,46,8,38,113,105,8,28.930817610062892,5.031446540880504,23.89937106918239,71.0691823899371,66.0377358490566,5.031446540880504
W00006321,104,43,13,30,61,55,6,41.34615384615385,12.5,28.846153846153843,58.65384615384615,52.88461538461539,5.769230769230769
W00006322,153,43,8,35,110,98,12,28.104575163398692,5.228758169934641,22.875816993464053,71.89542483660131,64.05228758169935,7.8431372549019605
W00006323,135,36,10,26,99,84,15,26.666666666666668,7.4074074074074066,19.25925925925926,73.33333333333333,62.22222222222222,11.11111111111111
W00006324,119,38,5,33,81,81,0,31.932773109243694,4.201680672268908,27.73109243697479,68.0672268907563,68.0672268907563,0
W00006325,159,45,9,36,114,96,18,28.30188679245283,5.660377358490567,22.641509433962266,71.69811320754717,60.37735849056604,11.320754716981133
W00006326,74,19,0,19,55,50,5,25.675675675675674,0,25.675675675675674,74.32432432432432,67.56756756756756,6.756756756756757
W00006327,83,34,9,25,49,45,4,40.963855421686745,10.843373493975903,30.120481927710845,59.036144578313255,54.21686746987952,4.819277108433735
W00006328,100,31,3,28,69,59,10,31,3,28.000000000000004,69,59,10
W00006329,92,25,12,13,67,56,11,27.173913043478258,13.043478260869565,14.130434782608695,72.82608695652173,60.86956521739131,11.956521739130435
W00006330,66,22,4,18,44,43,1,33.33333333333333,6.0606060606060606,27.27272727272727,66.66666666666666,65.15151515151516,1.5151515151515151
W00006331,71,26,10,16,45,39,6,36.61971830985916,14.084507042253522,22.535211267605636,63.38028169014085,54.929577464788736,8.450704225352112
W00006332,79,23,9,14,56,53,3,29.11392405063291,11.39240506329114,17.72151898734177,70.88607594936708,67.08860759493672,3.79746835443038
W00006333,114,24,5,19,90,82,8,21.052631578947366,4.385964912280701,16.666666666666664,78.94736842105263,71.9298245614035,7.017543859649122
W00006334,83,24,8,16,59,57,2,28.915662650602407,9.63855421686747,19.27710843373494,71.08433734939759,68.67469879518072,2.4096385542168677
W00006335,83,24,4,20,59,55,4,28.915662650602407,4.819277108433735,24.096385542168676,71.08433734939759,66.26506024096386,4.819277108433735
W00006336,47,15,3,12,32,32,0,31.914893617021278,6.382978723404255,25.53191489361702,68.08510638297872,68.08510638297872,0
W00006337,135,34,9,25,101,88,13,25.185185185185183,6.666666666666667,18.51851851851852,74.81481481481481,65.18518518518519,9.62962962962963
W00006338,171,42,9,33,129,118,11,24.561403508771928,5.263157894736842,19.298245614035086,75.43859649122807,69.00584795321637,6.432748538011696
W00006339,162,39,10,29,123,112,11,24.074074074074073,6.172839506172839,17.901234567901234,75.92592592592592,69.1358024691358,6.790123456790123
W00006340,92,27,10,17,65,56,9,29.347826086956523,10.869565217391305,18.478260869565215,70.65217391304348,60.86956521739131,9.782608695652174
W00006341,312,68,15,53,244,220,24,21.794871794871796,4.807692307692308,16.98717948717949,78.2051282051282,70.51282051282051,7.6923076923076925
W00006342,123,31,7,24,92,83,9,25.203252032520325,5.691056910569105,19.51219512195122,74.79674796747967,67.47967479674797,7.317073170731707
W00006343,115,39,11,28,76,66,10,33.91304347826087,9.565217391304348,24.347826086956523,66.08695652173913,57.391304347826086,8.695652173913043
W00006344,90,19,3,16,71,64,7,21.11111111111111,3.3333333333333335,17.77777777777778,78.88888888888889,71.11111111111111,7.777777777777778
W00006345,177,47,10,37,130,117,13,26.55367231638418,5.649717514124294,20.903954802259886,73.44632768361582,66.10169491525424,7.344632768361582
W00006346,108,25,5,20,83,76,7,23.14814814814815,4.62962962962963,18.51851851851852,76.85185185185185,70.37037037037037,6.481481481481481
W00006347,105,31,5,26,74,60,14,29.523809523809526,4.761904761904762,24.761904761904763,70.47619047619048,57.14285714285714,13.333333333333334
W00006348,126,34,9,25,92,82,10,26.984126984126984,7.142857142857142,19.841269841269842,73.01587301587301,65.07936507936508,7.936507936507936
W00006349,147,40,11,29,107,95,12,27.2108843537415,7.482993197278912,19.727891156462583,72.78911564625851,64.62585034013605,8.16326530612245
W00006350,105,26,7,19,79,71,8,24.761904761904763,6.666666666666667,18.095238095238095,75.23809523809524,67.61904761904762,7.6190476190476195
W00006351,152,37,6,31,115,106,9,24.342105263157894,3.9473684210526314,20.394736842105264,75.6578947368421,69.73684210526315,5.921052631578947
W00006352,85,21,5,16,64,60,4,24.705882352941178,5.88235294117647,18.823529411764707,75.29411764705883,70.58823529411765,4.705882352941177
W00006353,132,45,16,29,87,80,7,34.090909090909086,12.121212121212121,21.96969696969697,65.9090909090909,60.60606060606061,5.303030303030303
W00006354,92,25,7,18,67,56,11,27.173913043478258,7.608695652173914,19.565217391304348,72.82608695652173,60.86956521739131,11.956521739130435
W00006355,91,29,9,20,62,56,6,31.868131868131865,9.89010989010989,21.978021978021978,68.13186813186813,61.53846153846154,6.593406593406594
W00006356,142,30,12,18,112,99,13,21.12676056338028,8.450704225352112,12.676056338028168,78.87323943661971,69.71830985915493,9.15492957746479
W00006357,111,26,6,20,85,74,11,23.423423423423422,5.405405405405405,18.01801801801802,76.57657657657657,66.66666666666666,9.90990990990991
W00006358,110,35,15,20,75,68,7,31.818181818181817,13.636363636363635,18.181818181818183,68.18181818181817,61.81818181818181,6.363636363636363
W00006359,42,16,6,10,26,26,0,38.095238095238095,14.285714285714285,23.809523809523807,61.904761904761905,61.904761904761905,0
W00006360,153,45,13,32,108,94,14,29.411764705882355,8.49673202614379,20.915032679738562,70.58823529411765,61.43790849673203,9.15032679738562
W00006361,67,23,4,19,44,42,2,34.32835820895522,5.970149253731343,28.35820895522388,65.67164179104478,62.68656716417911,2.9850746268656714
W00006362,109,38,9,29,71,63,8,34.862385321100916,8.256880733944955,26.605504587155966,65.13761467889908,57.798165137614674,7.339449541284404
W00006363,111,30,7,23,81,73,8,27.027027027027028,6.306306306306306,20.72072072072072,72.97297297297297,65.76576576576578,7.207207207207207
W00006364,129,39,11,28,90,83,7,30.23255813953488,8.527131782945736,21.705426356589147,69.76744186046511,64.34108527131784,5.426356589147287
W00006365,123,35,4,31,88,78,10,28.455284552845526,3.2520325203252036,25.203252032520325,71.54471544715447,63.41463414634146,8.130081300813007
W00006366,113,33,6,27,80,76,4,29.20353982300885,5.3097345132743365,23.893805309734514,70.79646017699115,67.2566371681416,3.5398230088495577
W00006367,106,28,9,19,78,69,9,26.41509433962264,8.49056603773585,17.92452830188679,73.58490566037736,65.09433962264151,8.49056603773585
W00006368,90,24,3,21,66,58,8,26.666666666666668,3.3333333333333335,23.333333333333332,73.33333333333333,64.44444444444444,8.88888888888889
W00006369,99,28,14,14,71,64,7,28.28282828282828,14.14141414141414,14.14141414141414,71.71717171717171,64.64646464646465,7.07070707070707
W00006370,110,26,10,16,84,80,4,23.636363636363637,9.090909090909092,14.545454545454545,76.36363636363637,72.72727272727273,3.6363636363636362
W00006371,115,38,12,26,77,69,8,33.04347826086956,10.434782608695652,22.608695652173914,66.95652173913044,60,6.956521739130435
W00006372,99,18,4,14,81,75,6,18.181818181818183,4.040404040404041,14.14141414141414,81.81818181818183,75.75757575757575,6.0606060606060606
W00006373,108,30,9,21,78,67,11,27.77777777777778,8.333333333333332,19.444444444444446,72.22222222222221,62.03703703703704,10.185185185185185
W00006374,113,29,10,19,84,76,8,25.663716814159294,8.849557522123893,16.8141592920354,74.33628318584071,67.2566371681416,7.079646017699115
W00006375,96,31,8,23,65,61,4,32.29166666666667,8.333333333333332,23.958333333333336,67.70833333333334,63.541666666666664,4.166666666666666
W00006376,75,19,9,10,56,56,0,25.333333333333336,12,13.333333333333334,74.66666666666667,74.66666666666667,0
W00006377,123,37,9,28,86,79,7,30.081300813008134,7.317073170731707,22.76422764227642,69.91869918699187,64.22764227642277,5.691056910569105
W00006378,144,45,11,34,99,96,3,31.25,7.638888888888889,23.61111111111111,68.75,66.66666666666666,2.083333333333333
W00006379,110,39,8,31,71,67,4,35.45454545454545,7.2727272727272725,28.18181818181818,64.54545454545455,60.909090909090914,3.6363636363636362
W00006380,91,34,8,26,57,51,6,37.362637362637365,8.791208791208792,28.57142857142857,62.637362637362635,56.043956043956044,6.593406593406594
W00006381,138,47,15,32,91,83,8,34.05797101449276,10.869565217391305,23.18840579710145,65.94202898550725,60.14492753623188,5.797101449275362
W00006382,142,39,9,30,103,96,7,27.464788732394368,6.338028169014084,21.12676056338028,72.53521126760563,67.6056338028169,4.929577464788732
W00006383,161,48,13,35,113,101,12,29.81366459627329,8.074534161490684,21.73913043478261,70.1863354037267,62.732919254658384,7.453416149068323
W00006384,132,37,12,25,95,85,10,28.030303030303028,9.090909090909092,18.939393939393938,71.96969696969697,64.39393939393939,7.575757575757576
W00006385,137,33,9,24,104,94,10,24.087591240875913,6.569343065693431,17.51824817518248,75.91240875912408,68.61313868613139,7.2992700729927
W00006386,143,34,7,27,109,95,14,23.776223776223777,4.895104895104895,18.88111888111888,76.22377622377621,66.43356643356644,9.79020979020979
W00006387,107,21,3,18,86,76,10,19.626168224299064,2.803738317757009,16.822429906542055,80.37383177570094,71.02803738317756,9.345794392523365
W00006388,71,27,3,24,44,39,5,38.028169014084504,4.225352112676056,33.80281690140845,61.97183098591549,54.929577464788736,7.042253521126761
W00006389,136,35,8,27,101,87,14,25.735294117647058,5.88235294117647,19.852941176470587,74.26470588235294,63.970588235294116,10.294117647058822
W00006390,132,51,27,24,81,69,12,38.63636363636363,20.454545454545457,18.181818181818183,61.36363636363637,52.27272727272727,9.090909090909092
W00006391,127,35,2,33,92,81,11,27.559055118110237,1.574803149606299,25.984251968503933,72.44094488188976,63.77952755905512,8.661417322834646
W00006392,126,41,9,32,85,78,7,32.53968253968254,7.142857142857142,25.396825396825395,67.46031746031747,61.904761904761905,5.555555555555555
W00006393,108,24,3,21,84,77,7,22.22222222222222,2.7777777777777777,19.444444444444446,77.77777777777779,71.29629629629629,6.481481481481481
W00006394,127,38,8,30,89,80,9,29.92125984251969,6.299212598425196,23.62204724409449,70.07874015748031,62.99212598425197,7.086614173228346
W00006395,120,35,8,27,85,74,11,29.166666666666668,6.666666666666667,22.5,70.83333333333334,61.66666666666667,9.166666666666666
W00006396,123,35,8,27,88,82,6,28.455284552845526,6.504065040650407,21.951219512195124,71.54471544715447,66.66666666666666,4.878048780487805
W00006397,94,30,10,20,64,58,6,31.914893617021278,10.638297872340425,21.27659574468085,68.08510638297872,61.702127659574465,6.382978723404255
W00006398,167,40,5,35,127,111,16,23.952095808383234,2.9940119760479043,20.958083832335326,76.04790419161677,66.46706586826348,9.580838323353294
W00006399,122,32,6,26,90,82,8,26.229508196721312,4.918032786885246,21.311475409836063,73.77049180327869,67.21311475409836,6.557377049180328
W00006400,119,25,4,21,94,86,8,21.008403361344538,3.361344537815126,17.647058823529413,78.99159663865547,72.26890756302521,6.722689075630252
W00006401,119,40,8,32,79,71,8,33.61344537815126,6.722689075630252,26.89075630252101,66.38655462184873,59.66386554621849,6.722689075630252
W00006402,150,37,13,24,113,97,16,24.666666666666668,8.666666666666668,16,75.33333333333333,64.66666666666666,10.666666666666668
W00006403,75,28,11,17,47,43,4,37.333333333333336,14.666666666666666,22.666666666666664,62.66666666666667,57.333333333333336,5.333333333333334
W00006404,129,35,6,29,94,85,9,27.131782945736433,4.651162790697675,22.48062015503876,72.86821705426357,65.89147286821705,6.976744186046512
W00006405,140,49,11,38,91,75,16,35,7.857142857142857,27.142857142857142,65,53.57142857142857,11.428571428571429
W00006406,131,37,12,25,94,83,11,28.24427480916031,9.16030534351145,19.083969465648856,71.7557251908397,63.358778625954194,8.396946564885496
W00006407,57,15,3,12,42,38,4,26.31578947368421,5.263157894736842,21.052631578947366,73.68421052631578,66.66666666666666,7.017543859649122
W00006408,100,31,10,21,69,61,8,31,10,21,69,61,8
W00006409,119,26,5,21,93,87,6,21.84873949579832,4.201680672268908,17.647058823529413,78.15126050420169,73.10924369747899,5.042016806722689
W00006410,76,21,3,18,55,53,2,27.631578947368425,3.9473684210526314,23.684210526315788,72.36842105263158,69.73684210526315,2.631578947368421
W00006411,124,34,12,22,90,75,15,27.419354838709676,9.67741935483871,17.741935483870968,72.58064516129032,60.483870967741936,12.096774193548388
W00006412,120,37,11,26,83,74,9,30.833333333333336,9.166666666666666,21.666666666666668,69.16666666666667,61.66666666666667,7.5
W00006413,138,41,11,30,97,84,13,29.71014492753623,7.971014492753622,21.73913043478261,70.28985507246377,60.86956521739131,9.420289855072465
W00006414,137,40,8,32,97,88,9,29.1970802919708,5.839416058394161,23.357664233576642,70.8029197080292,64.23357664233576,6.569343065693431
W00006415,123,38,4,34,85,83,2,30.89430894308943,3.2520325203252036,27.64227642276423,69.10569105691057,67.47967479674797,1.6260162601626018
W00006416,140,47,10,37,93,81,12,33.57142857142857,7.142857142857142,26.42857142857143,66.42857142857143,57.85714285714286,8.571428571428571
W00006417,160,50,13,37,110,98,12,31.25,8.125,23.125,68.75,61.25000000000001,7.5
W00006418,79,24,4,20,55,50,5,30.37974683544304,5.063291139240507,25.31645569620253,69.62025316455697,63.29113924050633,6.329113924050633
W00006419,85,31,3,28,54,48,6,36.470588235294116,3.5294117647058822,32.94117647058823,63.52941176470588,56.470588235294116,7.0588235294117645
W00006420,67,18,7,11,49,43,6,26.865671641791046,10.44776119402985,16.417910447761194,73.13432835820896,64.17910447761194,8.955223880597014
W00006421,81,21,6,15,60,50,10,25.925925925925924,7.4074074074074066,18.51851851851852,74.07407407407408,61.72839506172839,12.345679012345679
W00006422,75,22,10,12,53,42,11,29.333333333333332,13.333333333333334,16,70.66666666666667,56.00000000000001,14.666666666666666
W00006423,112,36,9,27,76,68,8,32.142857142857146,8.035714285714286,24.107142857142858,67.85714285714286,60.71428571428571,7.142857142857142
W00006424,123,38,9,29,85,75,10,30.89430894308943,7.317073170731707,23.577235772357724,69.10569105691057,60.97560975609756,8.130081300813007
W00006425,98,34,13,21,64,59,5,34.69387755102041,13.26530612244898,21.428571428571427,65.3061224489796,60.204081632653065,5.1020408163265305
W00006426,82,20,3,17,62,45,17,24.390243902439025,3.6585365853658534,20.73170731707317,75.60975609756098,54.87804878048781,20.73170731707317
W00006427,71,25,7,18,46,43,3,35.2112676056338,9.859154929577464,25.352112676056336,64.7887323943662,60.56338028169014,4.225352112676056
W00006428,93,34,7,27,59,49,10,36.55913978494624,7.526881720430108,29.03225806451613,63.44086021505376,52.68817204301075,10.75268817204301
W00006429,206,67,24,43,139,111,28,32.5242718446602,11.650485436893204,20.87378640776699,67.47572815533981,53.883495145631066,13.592233009708737
W00006430,182,54,12,42,128,106,22,29.67032967032967,6.593406593406594,23.076923076923077,70.32967032967034,58.24175824175825,12.087912087912088
W00006431,102,34,13,21,68,58,10,33.33333333333333,12.745098039215685,20.588235294117645,66.66666666666666,56.86274509803921,9.803921568627452
W00006432,234,75,25,50,159,128,31,32.05128205128205,10.683760683760683,21.367521367521366,67.94871794871796,54.700854700854705,13.247863247863249
W00006433,120,37,10,27,83,62,21,30.833333333333336,8.333333333333332,22.5,69.16666666666667,51.66666666666667,17.5
W00006434,78,21,9,12,57,44,13,26.923076923076923,11.538461538461538,15.384615384615385,73.07692307692307,56.41025641025641,16.666666666666664
W00006435,202,51,15,36,151,129,22,25.247524752475247,7.425742574257425,17.82178217821782,74.75247524752476,63.86138613861386,10.891089108910892
W00006437,135,28,4,24,107,93,14,20.74074074074074,2.9629629629629632,17.77777777777778,79.25925925925927,68.88888888888889,10.37037037037037
W00006438,109,37,8,29,72,63,9,33.94495412844037,7.339449541284404,26.605504587155966,66.05504587155964,57.798165137614674,8.256880733944955
W00006439,274,55,19,36,219,191,28,20.072992700729927,6.934306569343065,13.138686131386862,79.92700729927007,69.7080291970803,10.218978102189782
W00006440,297,65,18,47,232,199,33,21.885521885521886,6.0606060606060606,15.824915824915825,78.11447811447812,67.003367003367,11.11111111111111
W00006441,100,29,8,21,71,59,12,28.999999999999996,8,21,71,59,12
W00006442,201,42,20,22,159,136,23,20.8955223880597,9.950248756218906,10.945273631840797,79.1044776119403,67.66169154228857,11.442786069651742
W00006443,134,35,10,25,99,85,14,26.119402985074625,7.462686567164178,18.65671641791045,73.88059701492537,63.43283582089553,10.44776119402985
W00006444,136,32,3,29,104,84,20,23.52941176470588,2.2058823529411766,21.323529411764707,76.47058823529412,61.76470588235294,14.705882352941178
W00006445,309,76,23,53,233,198,35,24.59546925566343,7.443365695792881,17.15210355987055,75.40453074433657,64.07766990291263,11.326860841423949
W00006446,98,38,16,22,60,49,11,38.775510204081634,16.3265306122449,22.448979591836736,61.224489795918366,50,11.224489795918368
W00006447,143,42,18,24,101,90,11,29.37062937062937,12.587412587412588,16.783216783216783,70.62937062937063,62.93706293706294,7.6923076923076925
W00006448,235,56,18,38,179,159,20,23.829787234042556,7.659574468085106,16.170212765957448,76.17021276595744,67.65957446808511,8.51063829787234
W00006449,166,56,12,44,110,101,9,33.734939759036145,7.228915662650602,26.506024096385545,66.26506024096386,60.8433734939759,5.421686746987952
W00006450,143,36,10,26,107,97,10,25.174825174825177,6.993006993006993,18.181818181818183,74.82517482517483,67.83216783216784,6.993006993006993
W00006451,100,31,8,23,69,53,16,31,8,23,69,53,16
W00006452,142,40,14,26,102,91,11,28.169014084507044,9.859154929577464,18.30985915492958,71.83098591549296,64.08450704225352,7.746478873239436
W00006453,165,49,20,29,116,106,10,29.6969696969697,12.121212121212121,17.575757575757574,70.3030303030303,64.24242424242425,6.0606060606060606
W00006454,106,30,4,26,76,58,18,28.30188679245283,3.7735849056603774,24.528301886792452,71.69811320754717,54.71698113207547,16.9811320754717
W00006455,98,33,15,18,65,57,8,33.6734693877551,15.306122448979592,18.367346938775512,66.3265306122449,58.16326530612245,8.16326530612245
W00006456,136,33,8,25,103,91,12,24.264705882352942,5.88235294117647,18.38235294117647,75.73529411764706,66.91176470588235,8.823529411764707
W00006457,117,34,12,22,83,74,9,29.059829059829063,10.256410256410255,18.803418803418804,70.94017094017094,63.24786324786324,7.6923076923076925
W00006458,139,33,7,26,106,98,8,23.741007194244602,5.0359712230215825,18.705035971223023,76.2589928057554,70.50359712230215,5.755395683453238
W00006459,119,51,21,30,68,58,10,42.857142857142854,17.647058823529413,25.210084033613445,57.14285714285714,48.739495798319325,8.403361344537815
W00006460,130,50,17,33,80,72,8,38.46153846153847,13.076923076923078,25.384615384615383,61.53846153846154,55.38461538461539,6.153846153846154
W00006461,156,40,6,34,116,103,13,25.64102564102564,3.8461538461538463,21.794871794871796,74.35897435897436,66.02564102564102,8.333333333333332
W00006462,126,33,9,24,93,88,5,26.190476190476193,7.142857142857142,19.047619047619047,73.80952380952381,69.84126984126983,3.968253968253968
W00006463,114,35,9,26,79,69,10,30.701754385964914,7.894736842105263,22.807017543859647,69.2982456140351,60.526315789473685,8.771929824561402
W00006464,124,30,9,21,94,83,11,24.193548387096776,7.258064516129033,16.93548387096774,75.80645161290323,66.93548387096774,8.870967741935484
W00006465,146,38,6,32,108,92,16,26.027397260273972,4.10958904109589,21.91780821917808,73.97260273972603,63.013698630136986,10.95890410958904
W00006466,157,39,11,28,118,109,9,24.840764331210192,7.006369426751593,17.8343949044586,75.15923566878982,69.42675159235668,5.7324840764331215
W00006467,117,24,6,18,93,78,15,20.51282051282051,5.128205128205128,15.384615384615385,79.48717948717949,66.66666666666666,12.82051282051282
W00006468,144,39,9,30,105,97,8,27.083333333333332,6.25,20.833333333333336,72.91666666666666,67.36111111111111,5.555555555555555
W00006469,111,26,10,16,85,75,10,23.423423423423422,9.00900900900901,14.414414414414415,76.57657657657657,67.56756756756756,9.00900900900901
W00006470,156,50,8,42,106,94,12,32.05128205128205,5.128205128205128,26.923076923076923,67.94871794871796,60.256410256410255,7.6923076923076925
W00006471,162,46,12,34,116,107,9,28.39506172839506,7.4074074074074066,20.98765432098765,71.60493827160494,66.0493827160494,5.555555555555555
W00006472,177,47,18,29,130,112,18,26.55367231638418,10.16949152542373,16.38418079096045,73.44632768361582,63.2768361581921,10.16949152542373
W00006473,50,12,1,11,38,30,8,24,2,22,76,60,16
W00006474,43,13,4,9,30,20,10,30.23255813953488,9.30232558139535,20.930232558139537,69.76744186046511,46.51162790697674,23.25581395348837
W00006475,113,28,9,19,85,77,8,24.778761061946902,7.964601769911504,16.8141592920354,75.22123893805309,68.14159292035397,7.079646017699115
W00006476,123,34,9,25,89,78,11,27.64227642276423,7.317073170731707,20.32520325203252,72.35772357723577,63.41463414634146,8.94308943089431
W00006477,120,31,9,22,89,68,21,25.833333333333336,7.5,18.333333333333332,74.16666666666667,56.666666666666664,17.5
W00006478,116,32,8,24,84,66,18,27.586206896551722,6.896551724137931,20.689655172413794,72.41379310344827,56.896551724137936,15.517241379310345
W00006479,152,45,14,31,107,76,31,29.605263157894733,9.210526315789473,20.394736842105264,70.39473684210526,50,20.394736842105264
W00006480,116,31,9,22,85,62,23,26.72413793103448,7.758620689655173,18.96551724137931,73.27586206896551,53.44827586206896,19.82758620689655
W00006481,76,17,3,14,59,48,11,22.36842105263158,3.9473684210526314,18.421052631578945,77.63157894736842,63.1578947368421,14.473684210526317
W00006482,159,44,13,31,115,91,24,27.67295597484277,8.176100628930817,19.49685534591195,72.32704402515722,57.23270440251572,15.09433962264151
W00006483,52,13,4,9,39,35,4,25,7.6923076923076925,17.307692307692307,75,67.3076923076923,7.6923076923076925
W00006484,134,35,10,25,99,92,7,26.119402985074625,7.462686567164178,18.65671641791045,73.88059701492537,68.65671641791045,5.223880597014925
W00006485,199,58,16,42,141,126,15,29.145728643216078,8.040201005025125,21.105527638190953,70.85427135678391,63.31658291457286,7.537688442211055
W00006486,135,41,12,29,94,80,14,30.37037037037037,8.88888888888889,21.48148148148148,69.62962962962963,59.25925925925925,10.37037037037037
W00006487,132,26,6,20,106,92,14,19.696969696969695,4.545454545454546,15.151515151515152,80.3030303030303,69.6969696969697,10.606060606060606
W00006488,122,32,11,21,90,82,8,26.229508196721312,9.01639344262295,17.21311475409836,73.77049180327869,67.21311475409836,6.557377049180328
W00006489,123,48,12,36,75,65,10,39.02439024390244,9.75609756097561,29.268292682926827,60.97560975609756,52.84552845528455,8.130081300813007
W00006490,144,37,13,24,107,83,24,25.694444444444443,9.027777777777777,16.666666666666664,74.30555555555556,57.638888888888886,16.666666666666664
W00006491,53,15,4,11,38,33,5,28.30188679245283,7.547169811320755,20.754716981132077,71.69811320754717,62.264150943396224,9.433962264150944
W00006492,115,30,9,21,85,69,16,26.08695652173913,7.82608695652174,18.26086956521739,73.91304347826086,60,13.91304347826087
W00006493,142,44,11,33,98,88,10,30.985915492957744,7.746478873239436,23.239436619718308,69.01408450704226,61.97183098591549,7.042253521126761
W00006494,139,47,14,33,92,79,13,33.81294964028777,10.071942446043165,23.741007194244602,66.18705035971223,56.83453237410072,9.352517985611511
W00006495,146,42,13,29,104,94,10,28.767123287671232,8.904109589041095,19.863013698630137,71.23287671232876,64.38356164383562,6.8493150684931505
W00006496,166,57,25,32,109,103,6,34.33734939759036,15.060240963855422,19.27710843373494,65.66265060240963,62.048192771084345,3.614457831325301
W00006497,152,45,11,34,107,97,10,29.605263157894733,7.236842105263158,22.36842105263158,70.39473684210526,63.81578947368421,6.578947368421052
W00006498,167,45,13,32,122,106,16,26.94610778443114,7.784431137724551,19.16167664670659,73.05389221556887,63.47305389221557,9.580838323353294
W00006499,119,34,11,23,85,74,11,28.57142857142857,9.243697478991598,19.327731092436977,71.42857142857143,62.18487394957983,9.243697478991598
W00006500,127,36,11,25,91,76,15,28.346456692913385,8.661417322834646,19.68503937007874,71.65354330708661,59.84251968503938,11.811023622047244
W00006501,142,39,9,30,103,90,13,27.464788732394368,6.338028169014084,21.12676056338028,72.53521126760563,63.38028169014085,9.15492957746479
W00006502,119,35,10,25,84,77,7,29.411764705882355,8.403361344537815,21.008403361344538,70.58823529411765,64.70588235294117,5.88235294117647
W00006503,145,55,17,38,90,75,15,37.93103448275862,11.724137931034482,26.20689655172414,62.06896551724138,51.724137931034484,10.344827586206897
W00006504,92,23,9,14,69,64,5,25,9.782608695652174,15.217391304347828,75,69.56521739130434,5.434782608695652
W00006505,91,27,8,19,64,60,4,29.67032967032967,8.791208791208792,20.87912087912088,70.32967032967034,65.93406593406593,4.395604395604396
W00006506,88,31,9,22,57,49,8,35.22727272727273,10.227272727272728,25,64.77272727272727,55.68181818181818,9.090909090909092
W00006507,121,38,13,25,83,72,11,31.40495867768595,10.743801652892563,20.66115702479339,68.59504132231406,59.50413223140496,9.090909090909092
W00006508,88,32,11,21,56,53,3,36.36363636363637,12.5,23.863636363636363,63.63636363636363,60.22727272727273,3.4090909090909087
W00006509,144,45,9,36,99,84,15,31.25,6.25,25,68.75,58.333333333333336,10.416666666666668
W00006510,84,22,3,19,62,56,6,26.190476190476193,3.571428571428571,22.61904761904762,73.80952380952381,66.66666666666666,7.142857142857142
W00006511,118,39,15,24,79,74,5,33.05084745762712,12.711864406779661,20.33898305084746,66.94915254237289,62.71186440677966,4.23728813559322
W00006512,123,43,10,33,80,75,5,34.959349593495936,8.130081300813007,26.82926829268293,65.04065040650406,60.97560975609756,4.0650406504065035
W00006513,67,21,9,12,46,43,3,31.343283582089555,13.432835820895523,17.91044776119403,68.65671641791045,64.17910447761194,4.477611940298507
W00006514,112,37,8,29,75,71,4,33.035714285714285,7.142857142857142,25.892857142857146,66.96428571428571,63.39285714285714,3.571428571428571
W00006515,250,60,16,44,190,162,28,24,6.4,17.599999999999998,76,64.8,11.200000000000001
W00006516,165,52,11,41,113,95,18,31.515151515151512,6.666666666666667,24.848484848484848,68.48484848484848,57.57575757575758,10.909090909090908
W00006517,110,40,12,28,70,70,0,36.36363636363637,10.909090909090908,25.454545454545453,63.63636363636363,63.63636363636363,0
W00006518,179,50,12,38,129,113,16,27.932960893854748,6.70391061452514,21.22905027932961,72.06703910614524,63.128491620111724,8.938547486033519
W00006519,142,41,8,33,101,97,4,28.87323943661972,5.633802816901409,23.239436619718308,71.12676056338029,68.30985915492957,2.8169014084507045
W00006520,132,42,17,25,90,80,10,31.818181818181817,12.878787878787879,18.939393939393938,68.18181818181817,60.60606060606061,7.575757575757576
W00006521,142,47,13,34,95,84,11,33.098591549295776,9.15492957746479,23.943661971830984,66.90140845070422,59.154929577464785,7.746478873239436
W00006522,145,26,9,17,119,104,15,17.93103448275862,6.206896551724138,11.724137931034482,82.06896551724138,71.72413793103448,10.344827586206897
W00006523,123,41,13,28,82,71,11,33.33333333333333,10.569105691056912,22.76422764227642,66.66666666666666,57.72357723577236,8.94308943089431
W00006524,129,28,6,22,101,85,16,21.705426356589147,4.651162790697675,17.05426356589147,78.29457364341084,65.89147286821705,12.4031007751938
W00006525,121,37,13,24,84,72,12,30.57851239669421,10.743801652892563,19.834710743801654,69.42148760330579,59.50413223140496,9.917355371900827
W00006526,156,39,11,28,117,102,15,25,7.051282051282051,17.94871794871795,75,65.38461538461539,9.615384615384617
W00006527,44,17,2,15,27,24,3,38.63636363636363,4.545454545454546,34.090909090909086,61.36363636363637,54.54545454545454,6.8181818181818175
W00006528,208,56,20,36,152,124,28,26.923076923076923,9.615384615384617,17.307692307692307,73.07692307692307,59.61538461538461,13.461538461538462
W00006529,125,34,10,24,91,82,9,27.200000000000003,8,19.2,72.8,65.60000000000001,7.199999999999999
W00006530,115,34,11,23,81,72,9,29.565217391304348,9.565217391304348,20,70.43478260869566,62.60869565217392,7.82608695652174
W00006531,135,27,13,14,108,93,15,20,9.62962962962963,10.37037037037037,80,68.88888888888889,11.11111111111111
W00006532,145,32,8,24,113,100,13,22.06896551724138,5.517241379310345,16.551724137931036,77.93103448275862,68.96551724137932,8.96551724137931
W00006533,149,46,18,28,103,88,15,30.87248322147651,12.080536912751679,18.79194630872483,69.12751677852349,59.06040268456376,10.06711409395973
W00006534,135,34,12,22,101,91,10,25.185185185185183,8.88888888888889,16.296296296296298,74.81481481481481,67.4074074074074,7.4074074074074066
W00006535,87,28,10,18,59,54,5,32.18390804597701,11.494252873563218,20.689655172413794,67.81609195402298,62.06896551724138,5.747126436781609
W00006536,135,31,5,26,104,94,10,22.962962962962962,3.7037037037037033,19.25925925925926,77.03703703703704,69.62962962962963,7.4074074074074066
W00006537,119,32,6,26,87,74,13,26.89075630252101,5.042016806722689,21.84873949579832,73.10924369747899,62.18487394957983,10.92436974789916
W00006538,149,45,12,33,104,95,9,30.201342281879196,8.053691275167784,22.14765100671141,69.79865771812081,63.758389261744966,6.0402684563758395
W00006539,103,28,8,20,75,66,9,27.184466019417474,7.766990291262135,19.41747572815534,72.81553398058253,64.07766990291263,8.737864077669903
W00006540,110,34,5,29,76,65,11,30.909090909090907,4.545454545454546,26.36363636363636,69.0909090909091,59.09090909090909,10
W00006541,121,29,11,18,92,78,14,23.96694214876033,9.090909090909092,14.87603305785124,76.03305785123968,64.46280991735537,11.570247933884298
W00006542,80,22,7,15,58,53,5,27.500000000000004,8.75,18.75,72.5,66.25,6.25
W00006543,96,26,7,19,70,65,5,27.083333333333332,7.291666666666667,19.791666666666664,72.91666666666666,67.70833333333334,5.208333333333334
W00006544,79,15,5,10,64,60,4,18.9873417721519,6.329113924050633,12.658227848101266,81.0126582278481,75.9493670886076,5.063291139240507
W00006545,106,29,7,22,77,59,18,27.358490566037734,6.60377358490566,20.754716981132077,72.64150943396226,55.660377358490564,16.9811320754717
W00006546,125,39,12,27,86,72,14,31.2,9.6,21.6,68.8,57.599999999999994,11.200000000000001
W00006547,108,18,5,13,90,71,19,16.666666666666664,4.62962962962963,12.037037037037036,83.33333333333334,65.74074074074075,17.59259259259259
W00006548,98,30,7,23,68,67,1,30.612244897959183,7.142857142857142,23.46938775510204,69.38775510204081,68.36734693877551,1.0204081632653061
W00006549,136,38,8,30,98,87,11,27.941176470588236,5.88235294117647,22.058823529411764,72.05882352941177,63.970588235294116,8.088235294117647
W00006550,125,40,10,30,85,80,5,32,8,24,68,64,4
W00006551,339,82,29,53,257,227,30,24.188790560471976,8.55457227138643,15.634218289085547,75.81120943952803,66.96165191740413,8.849557522123893
W00006552,91,26,6,20,65,57,8,28.57142857142857,6.593406593406594,21.978021978021978,71.42857142857143,62.637362637362635,8.791208791208792
W00006553,91,33,5,28,58,57,1,36.26373626373626,5.4945054945054945,30.76923076923077,63.73626373626373,62.637362637362635,1.098901098901099
W00006554,140,39,7,32,101,92,9,27.857142857142858,5,22.857142857142858,72.14285714285714,65.71428571428571,6.428571428571428
W00006555,130,41,12,29,89,81,8,31.538461538461537,9.230769230769232,22.30769230769231,68.46153846153847,62.30769230769231,6.153846153846154
W00006556,137,46,10,36,91,86,5,33.57664233576642,7.2992700729927,26.277372262773724,66.42335766423358,62.77372262773723,3.64963503649635
W00006557,121,34,12,22,87,75,12,28.09917355371901,9.917355371900827,18.181818181818183,71.900826446281,61.98347107438017,9.917355371900827
W00006558,100,30,1,29,70,60,10,30,1,28.999999999999996,70,60,10
W00006559,160,50,6,44,110,100,10,31.25,3.75,27.500000000000004,68.75,62.5,6.25
W00006560,49,16,4,12,33,29,4,32.6530612244898,8.16326530612245,24.489795918367346,67.3469387755102,59.183673469387756,8.16326530612245
W00006561,123,39,13,26,84,77,7,31.70731707317073,10.569105691056912,21.138211382113823,68.29268292682927,62.601626016260155,5.691056910569105
W00006562,134,36,7,29,98,87,11,26.865671641791046,5.223880597014925,21.641791044776117,73.13432835820896,64.92537313432835,8.208955223880597
W00006564,331,66,8,58,265,209,56,19.939577039274926,2.416918429003021,17.522658610271904,80.06042296072508,63.141993957703924,16.91842900302115
W00006565,131,31,11,20,100,84,16,23.66412213740458,8.396946564885496,15.267175572519085,76.33587786259542,64.12213740458014,12.213740458015266
W00006566,105,37,10,27,68,57,11,35.23809523809524,9.523809523809524,25.71428571428571,64.76190476190476,54.285714285714285,10.476190476190476
W00006567,124,27,4,23,97,94,3,21.774193548387096,3.225806451612903,18.548387096774192,78.2258064516129,75.80645161290323,2.4193548387096775
W00006568,75,35,11,24,40,39,1,46.666666666666664,14.666666666666666,32,53.333333333333336,52,1.3333333333333335
W00006569,130,34,9,25,96,86,10,26.153846153846157,6.923076923076923,19.230769230769234,73.84615384615385,66.15384615384615,7.6923076923076925
W00006570,138,37,10,27,101,93,8,26.811594202898554,7.246376811594203,19.565217391304348,73.18840579710145,67.3913043478261,5.797101449275362
W00006571,84,28,0,28,56,48,8,33.33333333333333,0,33.33333333333333,66.66666666666666,57.14285714285714,9.523809523809524
W00006572,132,35,8,27,97,83,14,26.515151515151516,6.0606060606060606,20.454545454545457,73.48484848484848,62.878787878787875,10.606060606060606
W00006573,187,43,12,31,144,132,12,22.994652406417114,6.417112299465241,16.577540106951872,77.00534759358288,70.58823529411765,6.417112299465241
W00006574,98,27,3,24,71,59,12,27.55102040816326,3.061224489795918,24.489795918367346,72.44897959183673,60.204081632653065,12.244897959183673
W00006575,124,37,9,28,87,81,6,29.838709677419356,7.258064516129033,22.58064516129032,70.16129032258065,65.32258064516128,4.838709677419355
W00006576,100,22,4,18,78,73,5,22,4,18,78,73,5
W00006577,131,42,9,33,89,82,7,32.06106870229007,6.870229007633588,25.190839694656486,67.93893129770993,62.59541984732825,5.343511450381679
W00006578,160,55,20,35,105,90,15,34.375,12.5,21.875,65.625,56.25,9.375
W00006579,157,42,12,30,115,101,14,26.751592356687897,7.643312101910828,19.10828025477707,73.24840764331209,64.3312101910828,8.9171974522293
W00006580,104,25,6,19,79,74,5,24.03846153846154,5.769230769230769,18.269230769230766,75.96153846153845,71.15384615384616,4.807692307692308
W00006581,130,44,14,30,86,70,16,33.84615384615385,10.76923076923077,23.076923076923077,66.15384615384615,53.84615384615385,12.307692307692308
W00006583,126,40,12,28,86,77,9,31.746031746031743,9.523809523809524,22.22222222222222,68.25396825396825,61.111111111111114,7.142857142857142
W00006584,182,41,12,29,141,119,22,22.52747252747253,6.593406593406594,15.934065934065933,77.47252747252747,65.38461538461539,12.087912087912088
W00006585,140,42,14,28,98,84,14,30,10,20,70,60,10
W00006586,230,58,9,49,172,146,26,25.217391304347824,3.91304347826087,21.304347826086957,74.78260869565217,63.47826086956522,11.304347826086957
W00006587,141,44,6,38,97,89,8,31.20567375886525,4.25531914893617,26.95035460992908,68.79432624113475,63.12056737588653,5.673758865248227
W00006588,137,39,8,31,98,79,19,28.467153284671532,5.839416058394161,22.62773722627737,71.53284671532847,57.66423357664233,13.86861313868613
W00006589,154,45,13,32,109,92,17,29.22077922077922,8.441558441558442,20.77922077922078,70.77922077922078,59.74025974025974,11.03896103896104
W00006590,141,30,8,22,111,94,17,21.27659574468085,5.673758865248227,15.602836879432624,78.72340425531915,66.66666666666666,12.056737588652481
W00006592,126,31,12,19,95,87,8,24.6031746031746,9.523809523809524,15.079365079365079,75.39682539682539,69.04761904761905,6.349206349206349
W00006593,72,19,0,19,53,48,5,26.38888888888889,0,26.38888888888889,73.61111111111111,66.66666666666666,6.944444444444445
W00006594,111,32,9,23,79,74,5,28.82882882882883,8.108108108108109,20.72072072072072,71.17117117117117,66.66666666666666,4.504504504504505
W00006596,135,39,9,30,96,86,10,28.888888888888886,6.666666666666667,22.22222222222222,71.11111111111111,63.70370370370371,7.4074074074074066
W00006597,127,35,7,28,92,79,13,27.559055118110237,5.511811023622047,22.04724409448819,72.44094488188976,62.20472440944882,10.236220472440944
W00006598,150,39,14,25,111,96,15,26,9.333333333333334,16.666666666666664,74,64,10
W00006599,143,40,14,26,103,92,11,27.972027972027973,9.79020979020979,18.181818181818183,72.02797202797203,64.33566433566433,7.6923076923076925
W00006600,157,52,19,33,105,100,5,33.12101910828025,12.101910828025478,21.019108280254777,66.87898089171973,63.69426751592356,3.1847133757961785
W00006601,140,44,8,36,96,86,10,31.428571428571427,5.714285714285714,25.71428571428571,68.57142857142857,61.42857142857143,7.142857142857142
W00006602,145,40,13,27,105,91,14,27.586206896551722,8.96551724137931,18.620689655172416,72.41379310344827,62.758620689655174,9.655172413793103
W00006603,109,32,10,22,77,69,8,29.357798165137616,9.174311926605505,20.18348623853211,70.64220183486239,63.30275229357798,7.339449541284404
W00006604,104,30,4,26,74,70,4,28.846153846153843,3.8461538461538463,25,71.15384615384616,67.3076923076923,3.8461538461538463
W00006605,126,38,12,26,88,78,10,30.158730158730158,9.523809523809524,20.634920634920633,69.84126984126983,61.904761904761905,7.936507936507936
W00006606,176,50,16,34,126,108,18,28.40909090909091,9.090909090909092,19.318181818181817,71.5909090909091,61.36363636363637,10.227272727272728
W00006607,107,33,7,26,74,67,7,30.8411214953271,6.5420560747663545,24.299065420560748,69.1588785046729,62.616822429906534,6.5420560747663545
W00006608,101,24,5,19,77,73,4,23.762376237623762,4.9504950495049505,18.81188118811881,76.23762376237624,72.27722772277228,3.9603960396039604
W00006609,144,42,7,35,102,99,3,29.166666666666668,4.861111111111112,24.305555555555554,70.83333333333334,68.75,2.083333333333333
W00006610,146,35,10,25,111,96,15,23.972602739726025,6.8493150684931505,17.123287671232877,76.02739726027397,65.75342465753424,10.273972602739725
W00006611,140,38,8,30,102,90,12,27.142857142857142,5.714285714285714,21.428571428571427,72.85714285714285,64.28571428571429,8.571428571428571
W00006612,122,22,3,19,100,86,14,18.0327868852459,2.459016393442623,15.573770491803279,81.9672131147541,70.49180327868852,11.475409836065573
W00006613,71,19,5,14,52,49,3,26.76056338028169,7.042253521126761,19.718309859154928,73.23943661971832,69.01408450704226,4.225352112676056
W00006614,109,38,14,24,71,67,4,34.862385321100916,12.844036697247708,22.018348623853214,65.13761467889908,61.46788990825688,3.669724770642202
W00006615,149,50,14,36,99,89,10,33.557046979865774,9.395973154362416,24.161073825503358,66.44295302013423,59.73154362416108,6.7114093959731544
W00006616,124,27,7,20,97,88,9,21.774193548387096,5.64516129032258,16.129032258064516,78.2258064516129,70.96774193548387,7.258064516129033
W00006617,121,37,6,31,84,77,7,30.57851239669421,4.958677685950414,25.6198347107438,69.42148760330579,63.63636363636363,5.785123966942149
W00006618,124,35,7,28,89,75,14,28.225806451612907,5.64516129032258,22.58064516129032,71.7741935483871,60.483870967741936,11.29032258064516
W00006619,153,39,6,33,114,100,14,25.49019607843137,3.9215686274509802,21.568627450980394,74.50980392156863,65.359477124183,9.15032679738562
W00006620,162,44,10,34,118,109,9,27.160493827160494,6.172839506172839,20.98765432098765,72.8395061728395,67.28395061728395,5.555555555555555
W00006621,122,38,10,28,84,73,11,31.147540983606557,8.19672131147541,22.950819672131146,68.85245901639344,59.83606557377049,9.01639344262295
W00006622,130,36,12,24,94,79,15,27.692307692307693,9.230769230769232,18.461538461538463,72.3076923076923,60.76923076923077,11.538461538461538
W00006623,135,55,25,30,80,74,6,40.74074074074074,18.51851851851852,22.22222222222222,59.25925925925925,54.81481481481482,4.444444444444445
W00006624,160,70,39,31,90,79,11,43.75,24.375,19.375,56.25,49.375,6.875000000000001
W00006625,187,78,32,46,109,93,16,41.711229946524064,17.11229946524064,24.598930481283425,58.288770053475936,49.73262032085562,8.55614973262032
W00006626,157,91,47,44,66,62,4,57.961783439490446,29.936305732484076,28.02547770700637,42.038216560509554,39.490445859872615,2.547770700636943
W00006627,109,29,7,22,80,70,10,26.605504587155966,6.422018348623854,20.18348623853211,73.39449541284404,64.22018348623854,9.174311926605505
W00006628,168,82,36,46,86,81,5,48.80952380952381,21.428571428571427,27.380952380952383,51.19047619047619,48.214285714285715,2.976190476190476
W00006629,122,61,33,28,61,58,3,50,27.049180327868854,22.950819672131146,50,47.540983606557376,2.459016393442623
W00006630,133,58,30,28,75,69,6,43.609022556390975,22.55639097744361,21.052631578947366,56.390977443609025,51.8796992481203,4.511278195488721
W00006631,103,47,23,24,56,46,10,45.63106796116505,22.330097087378643,23.300970873786408,54.36893203883495,44.66019417475729,9.70873786407767
W00006633,174,73,33,40,101,92,9,41.95402298850575,18.96551724137931,22.988505747126435,58.04597701149425,52.87356321839081,5.172413793103448
W00006634,122,42,13,29,80,72,8,34.42622950819672,10.655737704918032,23.770491803278688,65.57377049180327,59.01639344262295,6.557377049180328
W00006635,98,22,6,16,76,64,12,22.448979591836736,6.122448979591836,16.3265306122449,77.55102040816327,65.3061224489796,12.244897959183673
W00006636,98,28,10,18,70,62,8,28.57142857142857,10.204081632653061,18.367346938775512,71.42857142857143,63.26530612244898,8.16326530612245
W00006637,91,24,6,18,67,59,8,26.373626373626376,6.593406593406594,19.78021978021978,73.62637362637363,64.83516483516483,8.791208791208792
W00006638,104,23,6,17,81,75,6,22.115384615384613,5.769230769230769,16.346153846153847,77.88461538461539,72.11538461538461,5.769230769230769
W00006639,102,22,3,19,80,72,8,21.568627450980394,2.941176470588235,18.627450980392158,78.43137254901961,70.58823529411765,7.8431372549019605
W00006640,170,50,13,37,120,105,15,29.411764705882355,7.647058823529412,21.764705882352942,70.58823529411765,61.76470588235294,8.823529411764707
W00006641,82,29,5,24,53,46,7,35.36585365853659,6.097560975609756,29.268292682926827,64.63414634146342,56.09756097560976,8.536585365853659
W00006642,124,36,8,28,88,82,6,29.03225806451613,6.451612903225806,22.58064516129032,70.96774193548387,66.12903225806451,4.838709677419355
W00006643,133,33,9,24,100,90,10,24.81203007518797,6.7669172932330826,18.045112781954884,75.18796992481202,67.66917293233082,7.518796992481203
W00006644,58,20,4,16,38,33,5,34.48275862068966,6.896551724137931,27.586206896551722,65.51724137931035,56.896551724137936,8.620689655172415
W00006645,110,33,8,25,77,70,7,30,7.2727272727272725,22.727272727272727,70,63.63636363636363,6.363636363636363
W00006646,97,31,9,22,66,56,10,31.958762886597935,9.278350515463918,22.68041237113402,68.04123711340206,57.73195876288659,10.309278350515463
W00006647,112,35,11,24,77,69,8,31.25,9.821428571428571,21.428571428571427,68.75,61.60714285714286,7.142857142857142
W00006648,133,39,11,28,94,81,13,29.32330827067669,8.270676691729323,21.052631578947366,70.67669172932331,60.902255639097746,9.774436090225564
W00006649,159,41,14,27,118,112,6,25.78616352201258,8.80503144654088,16.9811320754717,74.21383647798741,70.44025157232704,3.7735849056603774
W00006650,74,19,5,14,55,48,7,25.675675675675674,6.756756756756757,18.91891891891892,74.32432432432432,64.86486486486487,9.45945945945946
W00006651,102,35,12,23,67,63,4,34.31372549019608,11.76470588235294,22.54901960784314,65.68627450980392,61.76470588235294,3.9215686274509802
W00006652,96,22,3,19,74,69,5,22.916666666666664,3.125,19.791666666666664,77.08333333333334,71.875,5.208333333333334
W00006653,127,41,6,35,86,75,11,32.28346456692913,4.724409448818897,27.559055118110237,67.71653543307087,59.055118110236215,8.661417322834646
W00006654,131,28,6,22,103,90,13,21.374045801526716,4.580152671755725,16.793893129770993,78.62595419847328,68.70229007633588,9.923664122137405
W00006655,93,37,10,27,56,51,5,39.784946236559136,10.75268817204301,29.03225806451613,60.215053763440864,54.83870967741935,5.376344086021505
W00006656,134,34,9,25,100,88,12,25.37313432835821,6.7164179104477615,18.65671641791045,74.6268656716418,65.67164179104478,8.955223880597014
W00006657,158,30,7,23,128,116,12,18.9873417721519,4.430379746835443,14.556962025316455,81.0126582278481,73.41772151898735,7.59493670886076
W00006658,115,28,4,24,87,83,4,24.347826086956523,3.4782608695652173,20.869565217391305,75.65217391304347,72.17391304347827,3.4782608695652173
W00006659,104,33,10,23,71,67,4,31.73076923076923,9.615384615384617,22.115384615384613,68.26923076923077,64.42307692307693,3.8461538461538463
W00006660,146,47,5,42,99,89,10,32.19178082191781,3.4246575342465753,28.767123287671232,67.8082191780822,60.95890410958904,6.8493150684931505
W00006661,139,49,20,29,90,76,14,35.25179856115108,14.388489208633093,20.863309352517987,64.74820143884892,54.67625899280576,10.071942446043165
W00006662,82,19,0,19,63,55,8,23.170731707317074,0,23.170731707317074,76.82926829268293,67.07317073170732,9.75609756097561
W00006663,117,33,5,28,84,76,8,28.205128205128204,4.273504273504273,23.931623931623932,71.7948717948718,64.95726495726495,6.837606837606838
W00006664,74,27,9,18,47,44,3,36.486486486486484,12.162162162162163,24.324324324324326,63.51351351351351,59.45945945945946,4.054054054054054
W00006665,160,53,14,39,107,95,12,33.125,8.75,24.375,66.875,59.375,7.5
W00006666,94,24,3,21,70,63,7,25.53191489361702,3.1914893617021276,22.340425531914892,74.46808510638297,67.02127659574468,7.446808510638298
W00006667,120,29,11,18,91,81,10,24.166666666666668,9.166666666666666,15,75.83333333333333,67.5,8.333333333333332
W00006668,116,30,7,23,86,81,5,25.862068965517242,6.0344827586206895,19.82758620689655,74.13793103448276,69.82758620689656,4.310344827586207
W00006669,134,40,5,35,94,85,9,29.850746268656714,3.731343283582089,26.119402985074625,70.1492537313433,63.43283582089553,6.7164179104477615
W00006670,95,21,5,16,74,62,12,22.105263157894736,5.263157894736842,16.842105263157894,77.89473684210526,65.26315789473685,12.631578947368421
W00006671,166,39,7,32,127,119,8,23.49397590361446,4.216867469879518,19.27710843373494,76.50602409638554,71.6867469879518,4.819277108433735
W00006672,71,27,6,21,44,43,1,38.028169014084504,8.450704225352112,29.577464788732392,61.97183098591549,60.56338028169014,1.4084507042253522
W00006673,121,38,5,33,83,73,10,31.40495867768595,4.132231404958678,27.27272727272727,68.59504132231406,60.33057851239669,8.264462809917356
W00006674,177,40,10,30,137,118,19,22.598870056497177,5.649717514124294,16.94915254237288,77.40112994350282,66.66666666666666,10.734463276836157
W00006675,79,24,6,18,55,47,8,30.37974683544304,7.59493670886076,22.78481012658228,69.62025316455697,59.49367088607595,10.126582278481013
W00006676,149,44,10,34,105,91,14,29.53020134228188,6.7114093959731544,22.818791946308725,70.46979865771812,61.07382550335571,9.395973154362416
W00006677,105,42,5,37,63,49,14,40,4.761904761904762,35.23809523809524,60,46.666666666666664,13.333333333333334
W00006678,109,24,5,19,85,75,10,22.018348623853214,4.587155963302752,17.431192660550458,77.98165137614679,68.80733944954129,9.174311926605505
W00006679,85,28,7,21,57,57,0,32.94117647058823,8.235294117647058,24.705882352941178,67.05882352941175,67.05882352941175,0
W00006680,134,19,5,14,115,95,20,14.17910447761194,3.731343283582089,10.44776119402985,85.82089552238806,70.8955223880597,14.925373134328357
W00006681,104,32,7,25,72,58,14,30.76923076923077,6.730769230769231,24.03846153846154,69.23076923076923,55.769230769230774,13.461538461538462
W00006682,115,35,9,26,80,73,7,30.434782608695656,7.82608695652174,22.608695652173914,69.56521739130434,63.47826086956522,6.086956521739131
W00006683,109,34,5,29,75,65,10,31.19266055045872,4.587155963302752,26.605504587155966,68.80733944954129,59.63302752293578,9.174311926605505
W00006684,76,22,6,16,54,44,10,28.947368421052634,7.894736842105263,21.052631578947366,71.05263157894737,57.89473684210527,13.157894736842104
W00006685,28,12,2,10,16,16,0,42.857142857142854,7.142857142857142,35.714285714285715,57.14285714285714,57.14285714285714,0
W00006686,79,19,7,12,60,53,7,24.050632911392405,8.860759493670885,15.18987341772152,75.9493670886076,67.08860759493672,8.860759493670885
W00006687,95,30,9,21,65,62,3,31.57894736842105,9.473684210526317,22.105263157894736,68.42105263157895,65.26315789473685,3.1578947368421053
W00006688,162,47,10,37,115,102,13,29.01234567901235,6.172839506172839,22.839506172839506,70.98765432098766,62.96296296296296,8.024691358024691
W00006689,42,13,5,8,29,25,4,30.952380952380953,11.904761904761903,19.047619047619047,69.04761904761905,59.523809523809526,9.523809523809524
W00006690,87,24,4,20,63,49,14,27.586206896551722,4.597701149425287,22.988505747126435,72.41379310344827,56.32183908045977,16.091954022988507
W00006691,105,39,7,32,66,57,9,37.142857142857146,6.666666666666667,30.476190476190478,62.857142857142854,54.285714285714285,8.571428571428571
W00006692,117,35,8,27,82,74,8,29.914529914529915,6.837606837606838,23.076923076923077,70.08547008547008,63.24786324786324,6.837606837606838
W00006693,109,28,0,28,81,74,7,25.688073394495415,0,25.688073394495415,74.31192660550458,67.88990825688074,6.422018348623854
W00006694,138,36,7,29,102,87,15,26.08695652173913,5.072463768115942,21.014492753623188,73.91304347826086,63.04347826086957,10.869565217391305
W00006695,118,26,6,20,92,80,12,22.033898305084744,5.084745762711865,16.94915254237288,77.96610169491525,67.79661016949152,10.16949152542373
W00006696,134,43,12,31,91,87,4,32.08955223880597,8.955223880597014,23.134328358208954,67.91044776119402,64.92537313432835,2.9850746268656714
W00006697,134,49,13,36,85,71,14,36.56716417910448,9.701492537313433,26.865671641791046,63.43283582089553,52.98507462686567,10.44776119402985
W00006698,110,33,10,23,77,69,8,30,9.090909090909092,20.909090909090907,70,62.727272727272734,7.2727272727272725
W00006699,77,25,10,15,52,41,11,32.467532467532465,12.987012987012985,19.480519480519483,67.53246753246754,53.246753246753244,14.285714285714285
W00006700,131,32,9,23,99,90,9,24.427480916030532,6.870229007633588,17.557251908396946,75.57251908396947,68.70229007633588,6.870229007633588
W00006701,140,43,7,36,97,79,18,30.714285714285715,5,25.71428571428571,69.28571428571428,56.42857142857143,12.857142857142856
W00006702,111,30,3,27,81,70,11,27.027027027027028,2.7027027027027026,24.324324324324326,72.97297297297297,63.06306306306306,9.90990990990991
W00006703,136,41,16,25,95,85,10,30.14705882352941,11.76470588235294,18.38235294117647,69.85294117647058,62.5,7.352941176470589
W00006704,159,44,12,32,115,106,9,27.67295597484277,7.547169811320755,20.125786163522015,72.32704402515722,66.66666666666666,5.660377358490567
W00006705,160,47,15,32,113,101,12,29.375,9.375,20,70.625,63.125,7.5
W00006706,95,33,8,25,62,57,5,34.73684210526316,8.421052631578947,26.31578947368421,65.26315789473685,60,5.263157894736842
W00006707,96,37,16,21,59,55,4,38.54166666666667,16.666666666666664,21.875,61.458333333333336,57.291666666666664,4.166666666666666
W00006708,106,29,7,22,77,73,4,27.358490566037734,6.60377358490566,20.754716981132077,72.64150943396226,68.86792452830188,3.7735849056603774
W00006709,129,40,11,29,89,74,15,31.007751937984494,8.527131782945736,22.48062015503876,68.9922480620155,57.36434108527132,11.627906976744185
W00006710,132,45,11,34,87,74,13,34.090909090909086,8.333333333333332,25.757575757575758,65.9090909090909,56.060606060606055,9.848484848484848
W00006711,126,40,7,33,86,72,14,31.746031746031743,5.555555555555555,26.190476190476193,68.25396825396825,57.14285714285714,11.11111111111111
W00006712,65,20,4,16,45,40,5,30.76923076923077,6.153846153846154,24.615384615384617,69.23076923076923,61.53846153846154,7.6923076923076925
W00006713,97,33,5,28,64,59,5,34.02061855670103,5.154639175257731,28.865979381443296,65.97938144329896,60.824742268041234,5.154639175257731
W00006714,123,27,4,23,96,82,14,21.951219512195124,3.2520325203252036,18.69918699186992,78.04878048780488,66.66666666666666,11.38211382113821
W00006715,123,35,4,31,88,79,9,28.455284552845526,3.2520325203252036,25.203252032520325,71.54471544715447,64.22764227642277,7.317073170731707
W00006716,80,25,12,13,55,47,8,31.25,15,16.25,68.75,58.75,10
W00006717,139,43,11,32,96,86,10,30.935251798561154,7.913669064748201,23.021582733812952,69.06474820143885,61.87050359712231,7.1942446043165464
W00006718,63,17,6,11,46,41,5,26.984126984126984,9.523809523809524,17.46031746031746,73.01587301587301,65.07936507936508,7.936507936507936
W00006719,118,33,6,27,85,81,4,27.966101694915253,5.084745762711865,22.88135593220339,72.03389830508475,68.64406779661016,3.389830508474576
W00006720,127,39,9,30,88,75,13,30.708661417322837,7.086614173228346,23.62204724409449,69.29133858267717,59.055118110236215,10.236220472440944
W00006721,183,42,8,34,141,126,15,22.950819672131146,4.371584699453552,18.579234972677597,77.04918032786885,68.85245901639344,8.19672131147541
W00006722,114,35,7,28,79,59,20,30.701754385964914,6.140350877192982,24.561403508771928,69.2982456140351,51.75438596491229,17.543859649122805
W00006723,65,17,2,15,48,42,6,26.153846153846157,3.076923076923077,23.076923076923077,73.84615384615385,64.61538461538461,9.230769230769232
W00006724,98,24,5,19,74,62,12,24.489795918367346,5.1020408163265305,19.387755102040817,75.51020408163265,63.26530612244898,12.244897959183673
W00006725,252,65,12,53,187,168,19,25.793650793650798,4.761904761904762,21.03174603174603,74.20634920634922,66.66666666666666,7.5396825396825395
W00006726,158,42,9,33,116,101,15,26.582278481012654,5.69620253164557,20.88607594936709,73.41772151898735,63.92405063291139,9.49367088607595
W00006727,129,32,10,22,97,89,8,24.8062015503876,7.751937984496124,17.05426356589147,75.1937984496124,68.9922480620155,6.2015503875969
W00006728,130,25,4,21,105,88,17,19.230769230769234,3.076923076923077,16.153846153846153,80.76923076923077,67.6923076923077,13.076923076923078
W00006729,104,22,6,16,82,70,12,21.153846153846153,5.769230769230769,15.384615384615385,78.84615384615384,67.3076923076923,11.538461538461538
W00006730,128,39,8,31,89,83,6,30.46875,6.25,24.21875,69.53125,64.84375,4.6875
W00006731,154,49,13,36,105,93,12,31.818181818181817,8.441558441558442,23.376623376623375,68.18181818181817,60.3896103896104,7.792207792207792
W00006732,143,35,9,26,108,95,13,24.475524475524477,6.293706293706294,18.181818181818183,75.52447552447552,66.43356643356644,9.090909090909092
W00006733,151,33,11,22,118,103,15,21.85430463576159,7.28476821192053,14.56953642384106,78.1456953642384,68.21192052980133,9.933774834437086
W00006734,134,32,6,26,102,91,11,23.88059701492537,4.477611940298507,19.402985074626866,76.11940298507463,67.91044776119402,8.208955223880597
W00006735,112,37,12,25,75,57,18,33.035714285714285,10.714285714285714,22.321428571428573,66.96428571428571,50.89285714285714,16.071428571428573
W00006736,52,19,10,9,33,23,10,36.53846153846153,19.230769230769234,17.307692307692307,63.46153846153846,44.230769230769226,19.230769230769234
W00006737,136,32,4,28,104,89,15,23.52941176470588,2.941176470588235,20.588235294117645,76.47058823529412,65.44117647058823,11.029411764705882
W00006738,139,36,11,25,103,84,19,25.899280575539567,7.913669064748201,17.985611510791365,74.10071942446042,60.431654676258994,13.66906474820144
W00006739,158,40,13,27,118,102,16,25.31645569620253,8.227848101265822,17.088607594936708,74.68354430379746,64.55696202531645,10.126582278481013
W00006740,121,34,6,28,87,73,14,28.09917355371901,4.958677685950414,23.140495867768596,71.900826446281,60.33057851239669,11.570247933884298
W00006741,114,30,7,23,84,77,7,26.31578947368421,6.140350877192982,20.175438596491226,73.68421052631578,67.54385964912281,6.140350877192982
W00006742,152,40,12,28,112,101,11,26.31578947368421,7.894736842105263,18.421052631578945,73.68421052631578,66.44736842105263,7.236842105263158
W00006743,121,37,4,33,84,79,5,30.57851239669421,3.3057851239669422,27.27272727272727,69.42148760330579,65.28925619834712,4.132231404958678
W00006744,102,39,12,27,63,53,10,38.23529411764706,11.76470588235294,26.47058823529412,61.76470588235294,51.9607843137255,9.803921568627452
W00006745,111,26,7,19,85,72,13,23.423423423423422,6.306306306306306,17.117117117117118,76.57657657657657,64.86486486486487,11.711711711711711
W00006746,130,31,0,31,99,93,6,23.846153846153847,0,23.846153846153847,76.15384615384615,71.53846153846153,4.615384615384616
W00006747,63,15,4,11,48,41,7,23.809523809523807,6.349206349206349,17.46031746031746,76.19047619047619,65.07936507936508,11.11111111111111
W00006748,129,33,12,21,96,86,10,25.581395348837212,9.30232558139535,16.27906976744186,74.4186046511628,66.66666666666666,7.751937984496124
W00006749,120,37,9,28,83,73,10,30.833333333333336,7.5,23.333333333333332,69.16666666666667,60.83333333333333,8.333333333333332
W00006750,141,48,11,37,93,81,12,34.04255319148936,7.801418439716312,26.24113475177305,65.95744680851064,57.446808510638306,8.51063829787234
W00006751,126,38,3,35,88,83,5,30.158730158730158,2.380952380952381,27.77777777777778,69.84126984126983,65.87301587301587,3.968253968253968
W00006752,120,26,8,18,94,82,12,21.666666666666668,6.666666666666667,15,78.33333333333333,68.33333333333333,10
W00006753,121,33,7,26,88,78,10,27.27272727272727,5.785123966942149,21.487603305785125,72.72727272727273,64.46280991735537,8.264462809917356
W00006754,148,35,5,30,113,99,14,23.64864864864865,3.3783783783783785,20.27027027027027,76.35135135135135,66.8918918918919,9.45945945945946
W00006755,112,23,3,20,89,74,15,20.535714285714285,2.6785714285714284,17.857142857142858,79.46428571428571,66.07142857142857,13.392857142857142
W00009893,162,44,7,37,118,106,12,27.160493827160494,4.320987654320987,22.839506172839506,72.8395061728395,65.4320987654321,7.4074074074074066
W00009894,153,109,82,27,44,39,5,71.24183006535948,53.59477124183007,17.647058823529413,28.75816993464052,25.49019607843137,3.2679738562091507
W00009895,184,47,10,37,137,118,19,25.543478260869566,5.434782608695652,20.108695652173914,74.45652173913044,64.13043478260869,10.326086956521738
W00009896,211,39,12,27,172,151,21,18.48341232227488,5.687203791469194,12.796208530805686,81.51658767772511,71.56398104265402,9.95260663507109
W00009897,207,50,15,35,157,135,22,24.154589371980677,7.246376811594203,16.908212560386474,75.84541062801932,65.21739130434783,10.628019323671497
W00009898,181,50,19,31,131,117,14,27.624309392265197,10.497237569060774,17.12707182320442,72.37569060773481,64.64088397790056,7.734806629834254
W00009899,183,46,14,32,137,127,10,25.136612021857925,7.650273224043716,17.48633879781421,74.86338797814209,69.39890710382514,5.46448087431694
W00009900,298,65,18,47,233,211,22,21.812080536912752,6.0402684563758395,15.771812080536913,78.18791946308725,70.80536912751678,7.38255033557047
W00009901,218,35,7,28,183,157,26,16.055045871559635,3.211009174311927,12.844036697247708,83.94495412844036,72.01834862385321,11.926605504587156
W00009902,226,63,18,45,163,137,26,27.876106194690266,7.964601769911504,19.911504424778762,72.12389380530973,60.61946902654868,11.504424778761061
W00009903,207,40,9,31,167,148,19,19.32367149758454,4.3478260869565215,14.975845410628018,80.67632850241546,71.49758454106279,9.178743961352657
W00009904,91,39,20,19,52,42,10,42.857142857142854,21.978021978021978,20.87912087912088,57.14285714285714,46.15384615384615,10.989010989010989
W00009905,130,33,8,25,97,86,11,25.384615384615383,6.153846153846154,19.230769230769234,74.61538461538461,66.15384615384615,8.461538461538462
W00009906,86,25,6,19,61,48,13,29.069767441860467,6.976744186046512,22.093023255813954,70.93023255813954,55.81395348837209,15.11627906976744
W00009907,170,39,14,25,131,117,14,22.941176470588236,8.235294117647058,14.705882352941178,77.05882352941177,68.82352941176471,8.235294117647058
W00009908,302,61,16,45,241,213,28,20.198675496688743,5.298013245033113,14.90066225165563,79.80132450331125,70.52980132450331,9.271523178807946
W00009909,214,47,12,35,167,136,31,21.962616822429908,5.607476635514018,16.355140186915886,78.03738317757009,63.55140186915887,14.485981308411214
W00009910,174,46,15,31,128,112,16,26.436781609195403,8.620689655172415,17.81609195402299,73.5632183908046,64.36781609195403,9.195402298850574
W00009911,206,57,11,46,149,135,14,27.669902912621357,5.339805825242718,22.330097087378643,72.33009708737865,65.53398058252428,6.796116504854369
W00009912,221,49,14,35,172,146,26,22.171945701357465,6.334841628959276,15.837104072398189,77.82805429864254,66.06334841628959,11.76470588235294
W00009913,129,32,13,19,97,90,7,24.8062015503876,10.077519379844961,14.728682170542637,75.1937984496124,69.76744186046511,5.426356589147287
W00009914,201,41,9,32,160,140,20,20.398009950248756,4.477611940298507,15.92039800995025,79.60199004975125,69.65174129353234,9.950248756218906
W00009915,151,35,14,21,116,95,21,23.178807947019866,9.271523178807946,13.90728476821192,76.82119205298014,62.913907284768214,13.90728476821192
W00009916,78,18,0,18,60,53,7,23.076923076923077,0,23.076923076923077,76.92307692307693,67.94871794871796,8.974358974358974
W00009917,95,28,8,20,67,61,6,29.47368421052631,8.421052631578947,21.052631578947366,70.52631578947368,64.21052631578948,6.315789473684211
W00010267,207,43,11,32,164,138,26,20.77294685990338,5.314009661835748,15.458937198067632,79.22705314009661,66.66666666666666,12.560386473429952
W00010269,296,78,25,53,218,201,17,26.351351351351347,8.445945945945946,17.905405405405407,73.64864864864865,67.9054054054054,5.743243243243244
W00010271,43,11,3,8,32,26,6,25.581395348837212,6.976744186046512,18.6046511627907,74.4186046511628,60.46511627906976,13.953488372093023
W00010272,79,28,11,17,51,48,3,35.44303797468354,13.924050632911392,21.518987341772153,64.55696202531645,60.75949367088608,3.79746835443038
W00010275,179,25,4,21,154,133,21,13.966480446927374,2.2346368715083798,11.731843575418994,86.03351955307262,74.30167597765363,11.731843575418994
W00010282,105,30,8,22,75,68,7,28.57142857142857,7.6190476190476195,20.952380952380953,71.42857142857143,64.76190476190476,6.666666666666667
W00010284,207,40,9,31,167,136,31,19.32367149758454,4.3478260869565215,14.975845410628018,80.67632850241546,65.70048309178745,14.975845410628018
W00010286,265,62,17,45,203,170,33,23.39622641509434,6.415094339622642,16.9811320754717,76.60377358490567,64.15094339622641,12.452830188679245
W00010289,331,88,24,64,243,213,30,26.586102719033235,7.250755287009064,19.335347432024168,73.41389728096676,64.35045317220543,9.06344410876133
W00010291,223,54,16,38,169,151,18,24.2152466367713,7.174887892376682,17.040358744394617,75.7847533632287,67.71300448430493,8.071748878923767
W00010293,117,39,10,29,78,68,10,33.33333333333333,8.547008547008547,24.786324786324787,66.66666666666666,58.119658119658126,8.547008547008547
W00010294,54,22,3,19,32,26,6,40.74074074074074,5.555555555555555,35.18518518518518,59.25925925925925,48.148148148148145,11.11111111111111
W00010295,60,14,1,13,46,41,5,23.333333333333332,1.6666666666666667,21.666666666666668,76.66666666666667,68.33333333333333,8.333333333333332
W00010300,58,18,7,11,40,35,5,31.03448275862069,12.068965517241379,18.96551724137931,68.96551724137932,60.3448275862069,8.620689655172415
W00010303,79,21,5,16,58,51,7,26.582278481012654,6.329113924050633,20.253164556962027,73.41772151898735,64.55696202531645,8.860759493670885
W00010304,173,38,7,31,135,118,17,21.965317919075144,4.046242774566474,17.91907514450867,78.03468208092485,68.20809248554913,9.826589595375722
W00010305,293,70,13,57,223,195,28,23.890784982935152,4.436860068259386,19.453924914675767,76.10921501706484,66.55290102389078,9.556313993174061
W00010306,310,62,15,47,248,208,40,20,4.838709677419355,15.161290322580644,80,67.0967741935484,12.903225806451612
W00010307,316,60,12,48,256,221,35,18.9873417721519,3.79746835443038,15.18987341772152,81.0126582278481,69.9367088607595,11.075949367088606
W00010308,125,24,8,16,101,89,12,19.2,6.4,12.8,80.80000000000001,71.2,9.6
W00010310,140,53,23,30,87,79,8,37.857142857142854,16.428571428571427,21.428571428571427,62.142857142857146,56.42857142857143,5.714285714285714
W00010311,145,26,8,18,119,94,25,17.93103448275862,5.517241379310345,12.413793103448276,82.06896551724138,64.82758620689654,17.24137931034483
W00010312,240,40,13,27,200,179,21,16.666666666666664,5.416666666666667,11.25,83.33333333333334,74.58333333333333,8.75
W00010313,60,12,6,6,48,48,0,20,10,10,80,80,0
W00010314,314,56,12,44,258,231,27,17.8343949044586,3.821656050955414,14.012738853503185,82.16560509554141,73.56687898089172,8.598726114649681
W00010315,119,34,6,28,85,68,17,28.57142857142857,5.042016806722689,23.52941176470588,71.42857142857143,57.14285714285714,14.285714285714285
