OA,ts0380001,ts0380002,ts0380003,ts0380004,ts0380005,ts0380006,ts0380007,ts0380002_PCT,ts0380003_PCT,ts0380004_PCT,ts0380005_PCT,ts0380006_PCT,ts0380007_PCT
W00005996,335,84,45,39,251,23,228,25.07462686567164,13.432835820895523,11.641791044776118,74.92537313432835,6.865671641791045,68.05970149253731
W00005997,305,67,33,34,238,25,213,21.9672131147541,10.819672131147541,11.147540983606557,78.0327868852459,8.19672131147541,69.83606557377048
W00005998,337,103,54,49,234,12,222,30.56379821958457,16.023738872403563,14.540059347181009,69.43620178041543,3.5608308605341246,65.8753709198813
W00005999,293,59,33,26,234,24,210,20.13651877133106,11.262798634812286,8.873720136518772,79.86348122866895,8.19112627986348,71.67235494880546
W00006000,203,58,32,26,145,8,137,28.57142857142857,15.763546798029557,12.807881773399016,71.42857142857143,3.9408866995073892,67.48768472906403
W00006001,392,76,37,39,316,20,296,19.387755102040817,9.438775510204081,9.948979591836734,80.61224489795919,5.1020408163265305,75.51020408163265
W00006002,145,58,36,22,87,12,75,40,24.82758620689655,15.172413793103448,60,8.275862068965518,51.724137931034484
W00006003,261,64,32,32,197,17,180,24.521072796934863,12.260536398467432,12.260536398467432,75.47892720306514,6.513409961685824,68.96551724137932
W00006004,352,77,33,44,275,16,259,21.875,9.375,12.5,78.125,4.545454545454546,73.57954545454545
W00006005,218,51,21,30,167,15,152,23.394495412844037,9.63302752293578,13.761467889908257,76.60550458715596,6.8807339449541285,69.72477064220183
W00006006,283,99,49,50,184,20,164,34.98233215547703,17.314487632508836,17.6678445229682,65.01766784452296,7.06713780918728,57.95053003533569
W00006007,264,54,31,23,210,19,191,20.454545454545457,11.742424242424242,8.712121212121213,79.54545454545455,7.196969696969697,72.34848484848484
W00006008,331,57,34,23,274,22,252,17.220543806646525,10.27190332326284,6.948640483383686,82.77945619335347,6.646525679758309,76.13293051359517
W00006009,296,86,35,51,210,17,193,29.054054054054053,11.824324324324325,17.22972972972973,70.94594594594594,5.743243243243244,65.2027027027027
W00006010,262,68,33,35,194,16,178,25.954198473282442,12.595419847328243,13.358778625954198,74.04580152671755,6.106870229007633,67.93893129770993
W00006011,284,76,37,39,208,21,187,26.76056338028169,13.028169014084506,13.732394366197184,73.23943661971832,7.394366197183098,65.84507042253522
W00006012,314,70,32,38,244,19,225,22.29299363057325,10.191082802547772,12.101910828025478,77.70700636942675,6.050955414012739,71.656050955414
W00006013,276,71,35,36,205,22,183,25.724637681159418,12.681159420289855,13.043478260869565,74.27536231884058,7.971014492753622,66.30434782608695
W00006014,343,68,39,29,275,17,258,19.825072886297377,11.370262390670554,8.454810495626822,80.17492711370262,4.956268221574344,75.21865889212827
W00006015,322,74,40,34,248,15,233,22.981366459627328,12.422360248447205,10.559006211180124,77.01863354037268,4.658385093167702,72.36024844720497
W00006016,276,69,40,29,207,18,189,25,14.492753623188406,10.507246376811594,75,6.521739130434782,68.47826086956522
W00006017,272,64,35,29,208,12,196,23.52941176470588,12.867647058823529,10.661764705882353,76.47058823529412,4.411764705882353,72.05882352941177
W00006018,300,75,42,33,225,13,212,25,14.000000000000002,11,75,4.333333333333334,70.66666666666667
W00006019,324,98,58,40,226,20,206,30.246913580246915,17.901234567901234,12.345679012345679,69.75308641975309,6.172839506172839,63.580246913580254
W00006020,299,66,34,32,233,20,213,22.073578595317723,11.37123745819398,10.702341137123746,77.92642140468227,6.688963210702341,71.23745819397993
W00006021,200,79,47,32,121,14,107,39.5,23.5,16,60.5,7.000000000000001,53.5
W00006022,381,92,51,41,289,14,275,24.146981627296586,13.385826771653544,10.761154855643044,75.8530183727034,3.674540682414698,72.17847769028872
W00006023,292,68,34,34,224,17,207,23.28767123287671,11.643835616438356,11.643835616438356,76.71232876712328,5.821917808219178,70.8904109589041
W00006024,261,70,39,31,191,15,176,26.81992337164751,14.942528735632186,11.877394636015326,73.18007662835248,5.747126436781609,67.43295019157088
W00006025,344,89,47,42,255,17,238,25.872093023255815,13.662790697674417,12.209302325581394,74.12790697674419,4.941860465116279,69.18604651162791
W00006026,270,74,44,30,196,21,175,27.40740740740741,16.296296296296298,11.11111111111111,72.5925925925926,7.777777777777778,64.81481481481481
W00006028,284,73,29,44,211,13,198,25.704225352112676,10.211267605633804,15.492957746478872,74.29577464788733,4.577464788732395,69.71830985915493
W00006029,329,58,23,35,271,17,254,17.62917933130699,6.990881458966565,10.638297872340425,82.37082066869301,5.167173252279635,77.20364741641338
W00006030,281,50,16,34,231,13,218,17.793594306049823,5.6939501779359425,12.099644128113878,82.20640569395017,4.6263345195729535,77.58007117437722
W00006031,311,68,39,29,243,16,227,21.864951768488748,12.540192926045016,9.32475884244373,78.13504823151125,5.144694533762058,72.9903536977492
W00006032,377,80,42,38,297,23,274,21.220159151193634,11.140583554376658,10.079575596816976,78.77984084880637,6.10079575596817,72.67904509283821
W00006033,229,51,25,26,178,19,159,22.270742358078603,10.91703056768559,11.353711790393014,77.72925764192141,8.296943231441048,69.43231441048034
W00006034,249,76,39,37,173,10,163,30.522088353413658,15.66265060240964,14.859437751004014,69.47791164658635,4.016064257028113,65.46184738955823
W00006035,277,70,34,36,207,22,185,25.27075812274368,12.274368231046932,12.996389891696749,74.72924187725631,7.9422382671480145,66.78700361010831
W00006036,274,51,27,24,223,12,211,18.613138686131386,9.854014598540147,8.75912408759124,81.38686131386861,4.37956204379562,77.00729927007299
W00006037,293,78,36,42,215,14,201,26.621160409556317,12.286689419795222,14.334470989761092,73.37883959044369,4.778156996587031,68.60068259385666
W00006038,265,51,30,21,214,15,199,19.245283018867926,11.320754716981133,7.9245283018867925,80.75471698113208,5.660377358490567,75.09433962264151
W00006039,294,72,36,36,222,16,206,24.489795918367346,12.244897959183673,12.244897959183673,75.51020408163265,5.442176870748299,70.06802721088435
W00006040,455,112,73,39,343,27,316,24.615384615384617,16.043956043956044,8.571428571428571,75.38461538461539,5.934065934065933,69.45054945054945
W00006041,404,115,69,46,289,19,270,28.465346534653463,17.07920792079208,11.386138613861387,71.53465346534654,4.702970297029703,66.83168316831683
W00006042,329,93,57,36,236,17,219,28.267477203647417,17.325227963525837,10.94224924012158,71.73252279635258,5.167173252279635,66.56534954407294
W00006043,330,97,58,39,233,13,220,29.393939393939394,17.575757575757574,11.818181818181818,70.60606060606061,3.939393939393939,66.66666666666666
W00006044,341,97,53,44,244,13,231,28.445747800586513,15.542521994134898,12.903225806451612,71.5542521994135,3.812316715542522,67.74193548387096
W00006045,330,96,64,32,234,22,212,29.09090909090909,19.393939393939394,9.696969696969697,70.9090909090909,6.666666666666667,64.24242424242425
W00006046,248,55,27,28,193,17,176,22.177419354838708,10.887096774193548,11.29032258064516,77.82258064516128,6.854838709677419,70.96774193548387
W00006047,251,74,40,34,177,15,162,29.482071713147413,15.936254980079681,13.545816733067728,70.5179282868526,5.9760956175298805,64.5418326693227
W00006048,240,55,29,26,185,18,167,22.916666666666664,12.083333333333334,10.833333333333334,77.08333333333334,7.5,69.58333333333333
W00006049,270,60,22,38,210,14,196,22.22222222222222,8.148148148148149,14.074074074074074,77.77777777777779,5.185185185185185,72.5925925925926
W00006050,256,53,22,31,203,20,183,20.703125,8.59375,12.109375,79.296875,7.8125,71.484375
W00006051,342,87,38,49,255,24,231,25.438596491228072,11.11111111111111,14.327485380116958,74.56140350877193,7.017543859649122,67.54385964912281
W00006052,348,73,38,35,275,29,246,20.977011494252874,10.919540229885058,10.057471264367816,79.02298850574712,8.333333333333332,70.6896551724138
W00006053,283,69,39,30,214,10,204,24.381625441696116,13.780918727915195,10.60070671378092,75.61837455830388,3.53356890459364,72.08480565371025
W00006054,330,98,59,39,232,30,202,29.6969696969697,17.87878787878788,11.818181818181818,70.3030303030303,9.090909090909092,61.212121212121204
W00006055,342,105,64,41,237,22,215,30.701754385964914,18.71345029239766,11.988304093567251,69.2982456140351,6.432748538011696,62.86549707602339
W00006056,304,96,48,48,208,19,189,31.57894736842105,15.789473684210526,15.789473684210526,68.42105263157895,6.25,62.17105263157895
W00006057,313,68,36,32,245,18,227,21.72523961661342,11.501597444089457,10.223642172523961,78.27476038338658,5.7507987220447285,72.52396166134186
W00006058,323,97,50,47,226,20,206,30.030959752321984,15.479876160990713,14.551083591331269,69.96904024767801,6.191950464396285,63.77708978328174
W00006059,256,105,57,48,151,13,138,41.015625,22.265625,18.75,58.984375,5.078125,53.90625
W00006060,306,92,49,43,214,28,186,30.065359477124183,16.013071895424837,14.052287581699346,69.93464052287581,9.15032679738562,60.78431372549019
W00006061,324,102,66,36,222,22,200,31.48148148148148,20.37037037037037,11.11111111111111,68.51851851851852,6.790123456790123,61.72839506172839
W00006062,318,52,19,33,266,26,240,16.352201257861633,5.9748427672955975,10.377358490566039,83.64779874213836,8.176100628930817,75.47169811320755
W00006063,260,74,40,34,186,23,163,28.46153846153846,15.384615384615385,13.076923076923078,71.53846153846153,8.846153846153847,62.69230769230769
W00006064,289,51,27,24,238,25,213,17.647058823529413,9.342560553633218,8.304498269896193,82.35294117647058,8.650519031141869,73.70242214532871
W00006065,297,69,36,33,228,15,213,23.232323232323232,12.121212121212121,11.11111111111111,76.76767676767676,5.05050505050505,71.71717171717171
W00006066,318,84,39,45,234,25,209,26.41509433962264,12.264150943396226,14.150943396226415,73.58490566037736,7.861635220125786,65.72327044025157
W00006067,253,76,43,33,177,19,158,30.039525691699602,16.99604743083004,13.043478260869565,69.96047430830039,7.5098814229249005,62.450592885375485
W00006068,195,95,52,43,100,10,90,48.717948717948715,26.666666666666668,22.05128205128205,51.28205128205128,5.128205128205128,46.15384615384615
W00006069,288,64,38,26,224,19,205,22.22222222222222,13.194444444444445,9.027777777777777,77.77777777777779,6.597222222222222,71.18055555555556
W00006070,349,82,55,27,267,29,238,23.49570200573066,15.759312320916905,7.736389684813753,76.50429799426934,8.30945558739255,68.19484240687679
W00006071,240,71,40,31,169,10,159,29.583333333333332,16.666666666666664,12.916666666666668,70.41666666666667,4.166666666666666,66.25
W00006072,335,74,31,43,261,22,239,22.08955223880597,9.253731343283581,12.835820895522387,77.91044776119404,6.567164179104477,71.34328358208955
W00006073,320,109,73,36,211,24,187,34.0625,22.8125,11.25,65.9375,7.5,58.4375
W00006074,257,48,25,23,209,22,187,18.67704280155642,9.72762645914397,8.949416342412452,81.32295719844358,8.560311284046692,72.76264591439688
W00006075,298,87,45,42,211,21,190,29.194630872483224,15.100671140939598,14.093959731543624,70.80536912751678,7.046979865771812,63.758389261744966
W00006076,289,66,39,27,223,21,202,22.837370242214533,13.494809688581316,9.342560553633218,77.16262975778547,7.26643598615917,69.8961937716263
W00006077,282,74,43,31,208,16,192,26.24113475177305,15.24822695035461,10.99290780141844,73.75886524822694,5.673758865248227,68.08510638297872
W00006078,338,80,37,43,258,23,235,23.668639053254438,10.946745562130179,12.721893491124261,76.33136094674556,6.8047337278106506,69.5266272189349
W00006079,288,59,17,42,229,19,210,20.48611111111111,5.902777777777778,14.583333333333334,79.51388888888889,6.597222222222222,72.91666666666666
W00006080,369,59,23,36,310,23,287,15.989159891598916,6.233062330623306,9.75609756097561,84.01084010840108,6.233062330623306,77.77777777777779
W00006081,353,88,38,50,265,22,243,24.929178470254957,10.764872521246458,14.164305949008499,75.07082152974505,6.232294617563739,68.83852691218131
W00006082,380,43,15,28,337,35,302,11.31578947368421,3.9473684210526314,7.368421052631578,88.68421052631578,9.210526315789473,79.47368421052632
W00006083,264,64,26,38,200,11,189,24.242424242424242,9.848484848484848,14.393939393939394,75.75757575757575,4.166666666666666,71.5909090909091
W00006084,335,95,48,47,240,18,222,28.35820895522388,14.328358208955224,14.029850746268657,71.64179104477611,5.3731343283582085,66.26865671641791
W00006085,312,96,66,30,216,22,194,30.76923076923077,21.153846153846153,9.615384615384617,69.23076923076923,7.051282051282051,62.17948717948718
W00006086,239,92,50,42,147,9,138,38.49372384937239,20.920502092050206,17.573221757322173,61.50627615062761,3.765690376569038,57.74058577405857
W00006087,347,124,78,46,223,16,207,35.73487031700288,22.478386167146976,13.256484149855908,64.26512968299711,4.610951008645533,59.654178674351584
W00006088,261,77,44,33,184,16,168,29.50191570881226,16.85823754789272,12.643678160919542,70.49808429118774,6.130268199233716,64.36781609195403
W00006089,481,110,53,57,371,24,347,22.86902286902287,11.01871101871102,11.85031185031185,77.13097713097713,4.98960498960499,72.14137214137214
W00006090,222,81,48,33,141,17,124,36.486486486486484,21.62162162162162,14.864864864864865,63.51351351351351,7.657657657657657,55.85585585585585
W00006091,156,64,28,36,92,6,86,41.02564102564102,17.94871794871795,23.076923076923077,58.97435897435898,3.8461538461538463,55.12820512820513
W00006092,294,64,22,42,230,20,210,21.768707482993197,7.482993197278912,14.285714285714285,78.2312925170068,6.802721088435375,71.42857142857143
W00006093,266,57,27,30,209,21,188,21.428571428571427,10.150375939849624,11.278195488721805,78.57142857142857,7.894736842105263,70.67669172932331
W00006094,244,44,22,22,200,13,187,18.0327868852459,9.01639344262295,9.01639344262295,81.9672131147541,5.327868852459016,76.63934426229508
W00006095,393,54,19,35,339,33,306,13.740458015267176,4.8346055979643765,8.9058524173028,86.25954198473282,8.396946564885496,77.86259541984732
W00006096,259,49,22,27,210,23,187,18.91891891891892,8.494208494208493,10.424710424710424,81.08108108108108,8.880308880308881,72.2007722007722
W00006097,448,84,34,50,364,40,324,18.75,7.5892857142857135,11.160714285714286,81.25,8.928571428571429,72.32142857142857
W00006098,279,87,47,40,192,14,178,31.182795698924732,16.845878136200717,14.336917562724013,68.81720430107528,5.017921146953405,63.799283154121866
W00006099,284,85,41,44,199,15,184,29.929577464788732,14.43661971830986,15.492957746478872,70.07042253521126,5.28169014084507,64.7887323943662
W00006100,270,55,28,27,215,22,193,20.37037037037037,10.37037037037037,10,79.62962962962963,8.148148148148149,71.48148148148148
W00006101,279,40,12,28,239,22,217,14.336917562724013,4.301075268817205,10.03584229390681,85.66308243727599,7.885304659498208,77.77777777777779
W00006102,393,57,22,35,336,34,302,14.50381679389313,5.597964376590331,8.9058524173028,85.49618320610686,8.651399491094146,76.84478371501272
W00006103,447,103,56,47,344,35,309,23.042505592841163,12.527964205816556,10.51454138702461,76.95749440715883,7.829977628635347,69.12751677852349
W00006105,327,99,58,41,228,25,203,30.275229357798167,17.737003058103976,12.538226299694188,69.72477064220183,7.64525993883792,62.079510703363916
W00006106,375,99,50,49,276,21,255,26.400000000000002,13.333333333333334,13.066666666666665,73.6,5.6000000000000005,68
W00006107,291,63,28,35,228,19,209,21.649484536082475,9.621993127147768,12.027491408934708,78.35051546391753,6.529209621993128,71.8213058419244
W00006108,229,53,25,28,176,16,160,23.144104803493452,10.91703056768559,12.22707423580786,76.85589519650655,6.986899563318777,69.86899563318777
W00006109,289,56,26,30,233,26,207,19.377162629757784,8.996539792387544,10.380622837370241,80.62283737024222,8.996539792387544,71.62629757785467
W00006110,213,66,41,25,147,16,131,30.985915492957744,19.248826291079812,11.737089201877934,69.01408450704226,7.511737089201878,61.502347417840376
W00006111,288,59,30,29,229,24,205,20.48611111111111,10.416666666666668,10.069444444444445,79.51388888888889,8.333333333333332,71.18055555555556
W00006112,263,56,18,38,207,27,180,21.292775665399237,6.844106463878327,14.44866920152091,78.70722433460075,10.26615969581749,68.44106463878326
W00006113,283,51,17,34,232,28,204,18.021201413427562,6.007067137809187,12.014134275618375,81.97879858657244,9.89399293286219,72.08480565371025
W00006114,289,38,13,25,251,29,222,13.148788927335639,4.498269896193772,8.650519031141869,86.85121107266436,10.034602076124568,76.8166089965398
W00006115,294,46,18,28,248,32,216,15.646258503401361,6.122448979591836,9.523809523809524,84.35374149659864,10.884353741496598,73.46938775510205
W00006116,325,45,17,28,280,27,253,13.846153846153847,5.230769230769231,8.615384615384615,86.15384615384616,8.307692307692308,77.84615384615384
W00006117,235,44,26,18,191,23,168,18.72340425531915,11.063829787234042,7.659574468085106,81.27659574468085,9.787234042553191,71.48936170212767
W00006118,248,36,19,17,212,21,191,14.516129032258066,7.661290322580645,6.854838709677419,85.48387096774194,8.46774193548387,77.01612903225806
W00006119,272,49,21,28,223,25,198,18.014705882352942,7.720588235294118,10.294117647058822,81.98529411764706,9.191176470588236,72.79411764705883
W00006120,613,116,51,65,497,39,458,18.92332789559543,8.31973898858075,10.60358890701468,81.07667210440457,6.36215334420881,74.71451876019576
W00006121,300,66,32,34,234,24,210,22,10.666666666666668,11.333333333333332,78,8,70
W00006122,390,98,42,56,292,33,259,25.128205128205128,10.76923076923077,14.358974358974358,74.87179487179488,8.461538461538462,66.41025641025641
W00006123,139,33,16,17,106,7,99,23.741007194244602,11.510791366906476,12.23021582733813,76.2589928057554,5.0359712230215825,71.22302158273382
W00006124,204,57,26,31,147,9,138,27.941176470588236,12.745098039215685,15.196078431372548,72.05882352941177,4.411764705882353,67.64705882352942
W00006125,352,51,21,30,301,21,280,14.488636363636365,5.965909090909091,8.522727272727272,85.51136363636364,5.965909090909091,79.54545454545455
W00006126,245,52,24,28,193,20,173,21.224489795918366,9.795918367346939,11.428571428571429,78.77551020408163,8.16326530612245,70.61224489795919
W00006127,347,48,17,31,299,23,276,13.8328530259366,4.899135446685879,8.93371757925072,86.1671469740634,6.628242074927954,79.53890489913545
W00006129,344,57,27,30,287,28,259,16.569767441860463,7.848837209302325,8.720930232558139,83.43023255813954,8.13953488372093,75.29069767441861
W00006130,282,66,39,27,216,17,199,23.404255319148938,13.829787234042554,9.574468085106384,76.59574468085107,6.028368794326241,70.56737588652481
W00006131,279,87,49,38,192,20,172,31.182795698924732,17.562724014336915,13.620071684587815,68.81720430107528,7.168458781362006,61.648745519713266
W00006133,231,64,33,31,167,18,149,27.705627705627705,14.285714285714285,13.41991341991342,72.2943722943723,7.792207792207792,64.5021645021645
W00006137,455,59,18,41,396,33,363,12.967032967032969,3.9560439560439558,9.010989010989011,87.03296703296704,7.252747252747254,79.78021978021978
W00006138,274,48,17,31,226,28,198,17.51824817518248,6.204379562043796,11.313868613138686,82.48175182481752,10.218978102189782,72.26277372262774
W00006139,379,89,51,38,290,19,271,23.482849604221638,13.456464379947231,10.026385224274406,76.51715039577837,5.013192612137203,71.50395778364116
W00006140,320,35,7,28,285,34,251,10.9375,2.1875,8.75,89.0625,10.625,78.4375
W00006141,348,85,45,40,263,18,245,24.42528735632184,12.931034482758621,11.494252873563218,75.57471264367817,5.172413793103448,70.40229885057471
W00006142,303,62,25,37,241,24,217,20.462046204620464,8.25082508250825,12.211221122112212,79.53795379537954,7.920792079207921,71.61716171617162
W00006143,324,53,24,29,271,24,247,16.358024691358025,7.4074074074074066,8.950617283950617,83.64197530864197,7.4074074074074066,76.23456790123457
W00006144,314,61,31,30,253,16,237,19.426751592356688,9.872611464968154,9.554140127388536,80.57324840764332,5.095541401273886,75.47770700636943
W00006145,392,89,47,42,303,40,263,22.70408163265306,11.989795918367346,10.714285714285714,77.29591836734694,10.204081632653061,67.09183673469387
W00006146,285,76,40,36,209,18,191,26.666666666666668,14.035087719298245,12.631578947368421,73.33333333333333,6.315789473684211,67.01754385964912
W00006147,321,62,24,38,259,24,235,19.314641744548286,7.476635514018691,11.838006230529595,80.68535825545172,7.476635514018691,73.20872274143302
W00006148,300,57,26,31,243,24,219,19,8.666666666666668,10.333333333333334,81,8,73
W00006149,350,64,30,34,286,22,264,18.285714285714285,8.571428571428571,9.714285714285714,81.71428571428572,6.2857142857142865,75.42857142857143
W00006150,292,88,56,32,204,8,196,30.136986301369863,19.17808219178082,10.95890410958904,69.86301369863014,2.73972602739726,67.12328767123287
W00006151,268,56,29,27,212,19,193,20.8955223880597,10.820895522388058,10.074626865671641,79.1044776119403,7.08955223880597,72.01492537313433
W00006152,287,60,27,33,227,10,217,20.905923344947734,9.40766550522648,11.498257839721255,79.09407665505228,3.484320557491289,75.60975609756098
W00006153,276,69,28,41,207,6,201,25,10.144927536231885,14.855072463768115,75,2.1739130434782608,72.82608695652173
W00006154,268,77,42,35,191,12,179,28.73134328358209,15.671641791044777,13.059701492537313,71.26865671641791,4.477611940298507,66.7910447761194
W00006155,307,90,50,40,217,15,202,29.31596091205212,16.286644951140065,13.029315960912053,70.68403908794788,4.88599348534202,65.79804560260585
W00006156,270,71,30,41,199,12,187,26.296296296296294,11.11111111111111,15.185185185185185,73.70370370370371,4.444444444444445,69.25925925925925
W00006157,236,75,29,46,161,17,144,31.779661016949152,12.288135593220339,19.491525423728813,68.22033898305084,7.203389830508475,61.016949152542374
W00006158,230,46,22,24,184,13,171,20,9.565217391304348,10.434782608695652,80,5.6521739130434785,74.34782608695653
W00006159,343,79,44,35,264,21,243,23.03206997084548,12.82798833819242,10.204081632653061,76.96793002915452,6.122448979591836,70.8454810495627
W00006160,316,65,26,39,251,22,229,20.569620253164558,8.227848101265822,12.341772151898734,79.43037974683544,6.962025316455696,72.46835443037975
W00006161,249,111,57,54,138,9,129,44.57831325301205,22.89156626506024,21.686746987951807,55.42168674698795,3.614457831325301,51.80722891566265
W00006162,410,109,45,64,301,26,275,26.585365853658537,10.975609756097562,15.609756097560975,73.41463414634146,6.341463414634147,67.07317073170732
W00006163,333,87,49,38,246,9,237,26.126126126126124,14.714714714714713,11.411411411411411,73.87387387387388,2.7027027027027026,71.17117117117117
W00006164,274,86,34,52,188,10,178,31.386861313868614,12.408759124087592,18.97810218978102,68.61313868613139,3.64963503649635,64.96350364963503
W00006166,261,48,19,29,213,12,201,18.39080459770115,7.2796934865900385,11.11111111111111,81.60919540229885,4.597701149425287,77.01149425287356
W00006167,298,63,34,29,235,18,217,21.140939597315437,11.409395973154362,9.731543624161073,78.85906040268456,6.0402684563758395,72.81879194630872
W00006168,278,72,31,41,206,13,193,25.899280575539567,11.151079136690647,14.748201438848922,74.10071942446042,4.676258992805756,69.42446043165468
W00006169,291,63,33,30,228,20,208,21.649484536082475,11.34020618556701,10.309278350515463,78.35051546391753,6.872852233676976,71.47766323024055
W00006170,275,71,25,46,204,20,184,25.818181818181817,9.090909090909092,16.727272727272727,74.18181818181819,7.2727272727272725,66.9090909090909
W00006172,246,58,28,30,188,18,170,23.577235772357724,11.38211382113821,12.195121951219512,76.42276422764228,7.317073170731707,69.10569105691057
W00006173,444,116,75,41,328,13,315,26.126126126126124,16.89189189189189,9.234234234234235,73.87387387387388,2.9279279279279278,70.94594594594594
W00006174,261,70,42,28,191,17,174,26.81992337164751,16.091954022988507,10.727969348659004,73.18007662835248,6.513409961685824,66.66666666666666
W00006175,257,60,37,23,197,17,180,23.346303501945524,14.396887159533073,8.949416342412452,76.65369649805449,6.614785992217899,70.03891050583657
W00006176,277,65,30,35,212,13,199,23.465703971119133,10.830324909747292,12.63537906137184,76.53429602888086,4.693140794223827,71.84115523465704
W00006177,225,88,52,36,137,8,129,39.111111111111114,23.11111111111111,16,60.88888888888889,3.5555555555555554,57.333333333333336
W00006178,205,79,49,30,126,7,119,38.53658536585366,23.902439024390244,14.634146341463413,61.46341463414634,3.414634146341464,58.048780487804876
W00006179,297,85,50,35,212,19,193,28.619528619528616,16.835016835016837,11.784511784511785,71.38047138047138,6.397306397306397,64.98316498316498
W00006180,305,100,63,37,205,15,190,32.78688524590164,20.655737704918035,12.131147540983607,67.21311475409836,4.918032786885246,62.295081967213115
W00006181,307,86,46,40,221,17,204,28.013029315960914,14.983713355048861,13.029315960912053,71.9869706840391,5.537459283387622,66.44951140065146
W00006182,247,60,41,19,187,13,174,24.291497975708502,16.599190283400812,7.6923076923076925,75.7085020242915,5.263157894736842,70.44534412955466
W00006183,301,70,35,35,231,19,212,23.25581395348837,11.627906976744185,11.627906976744185,76.74418604651163,6.312292358803987,70.43189368770764
W00006184,303,92,45,47,211,16,195,30.363036303630363,14.85148514851485,15.51155115511551,69.63696369636963,5.2805280528052805,64.35643564356435
W00006185,328,75,34,41,253,15,238,22.865853658536587,10.365853658536585,12.5,77.13414634146342,4.573170731707317,72.5609756097561
W00006186,275,66,34,32,209,14,195,24,12.363636363636363,11.636363636363637,76,5.090909090909091,70.9090909090909
W00006187,291,58,33,25,233,12,221,19.93127147766323,11.34020618556701,8.59106529209622,80.06872852233677,4.123711340206185,75.94501718213058
W00006188,271,82,39,43,189,19,170,30.25830258302583,14.391143911439114,15.867158671586715,69.74169741697416,7.011070110701106,62.73062730627307
W00006189,290,54,20,34,236,20,216,18.620689655172416,6.896551724137931,11.724137931034482,81.37931034482759,6.896551724137931,74.48275862068967
W00006190,273,74,42,32,199,9,190,27.106227106227106,15.384615384615385,11.72161172161172,72.89377289377289,3.296703296703297,69.59706959706959
W00006191,240,63,25,38,177,16,161,26.25,10.416666666666668,15.833333333333332,73.75,6.666666666666667,67.08333333333333
W00006192,258,68,37,31,190,11,179,26.356589147286826,14.34108527131783,12.015503875968992,73.64341085271317,4.263565891472868,69.37984496124031
W00006193,241,60,22,38,181,13,168,24.896265560165975,9.12863070539419,15.767634854771783,75.10373443983403,5.394190871369295,69.70954356846472
W00006194,267,56,29,27,211,16,195,20.973782771535582,10.861423220973784,10.112359550561797,79.02621722846442,5.992509363295881,73.03370786516854
W00006195,282,53,32,21,229,15,214,18.79432624113475,11.347517730496454,7.446808510638298,81.20567375886525,5.319148936170213,75.88652482269504
W00006196,293,53,25,28,240,17,223,18.088737201365188,8.532423208191126,9.556313993174061,81.91126279863481,5.802047781569966,76.10921501706484
W00006197,322,78,38,40,244,9,235,24.22360248447205,11.801242236024844,12.422360248447205,75.77639751552795,2.7950310559006213,72.98136645962732
W00006198,291,57,30,27,234,29,205,19.587628865979383,10.309278350515463,9.278350515463918,80.41237113402062,9.965635738831615,70.44673539518901
W00006199,270,61,29,32,209,13,196,22.59259259259259,10.74074074074074,11.851851851851853,77.4074074074074,4.814814814814815,72.5925925925926
W00006200,248,78,39,39,170,13,157,31.451612903225808,15.725806451612904,15.725806451612904,68.54838709677419,5.241935483870968,63.306451612903224
W00006201,258,68,33,35,190,9,181,26.356589147286826,12.790697674418606,13.565891472868216,73.64341085271317,3.488372093023256,70.15503875968993
W00006202,200,70,30,40,130,13,117,35,15,20,65,6.5,58.5
W00006203,248,68,31,37,180,9,171,27.419354838709676,12.5,14.919354838709678,72.58064516129032,3.6290322580645165,68.95161290322581
W00006204,319,66,36,30,253,21,232,20.689655172413794,11.285266457680251,9.404388714733543,79.3103448275862,6.583072100313479,72.72727272727273
W00006205,170,73,47,26,97,13,84,42.94117647058823,27.647058823529413,15.294117647058824,57.05882352941176,7.647058823529412,49.411764705882355
W00006206,328,56,31,25,272,23,249,17.073170731707318,9.451219512195122,7.621951219512195,82.92682926829268,7.01219512195122,75.91463414634147
W00006207,270,61,34,27,209,14,195,22.59259259259259,12.592592592592592,10,77.4074074074074,5.185185185185185,72.22222222222221
W00006208,239,52,28,24,187,6,181,21.75732217573222,11.715481171548117,10.0418410041841,78.24267782426779,2.510460251046025,75.73221757322176
W00006209,418,78,31,47,340,17,323,18.660287081339714,7.4162679425837315,11.24401913875598,81.3397129186603,4.0669856459330145,77.27272727272727
W00006210,279,72,39,33,207,15,192,25.806451612903224,13.978494623655912,11.827956989247312,74.19354838709677,5.376344086021505,68.81720430107528
W00006211,364,120,69,51,244,15,229,32.967032967032964,18.956043956043956,14.010989010989011,67.03296703296702,4.1208791208791204,62.91208791208791
W00006212,276,63,32,31,213,19,194,22.82608695652174,11.594202898550725,11.231884057971014,77.17391304347827,6.884057971014493,70.28985507246377
W00006213,235,69,39,30,166,15,151,29.361702127659573,16.595744680851062,12.76595744680851,70.63829787234043,6.382978723404255,64.25531914893618
W00006214,332,101,54,47,231,11,220,30.42168674698795,16.265060240963855,14.156626506024098,69.57831325301204,3.313253012048193,66.26506024096386
W00006215,344,76,43,33,268,24,244,22.093023255813954,12.5,9.593023255813954,77.90697674418605,6.976744186046512,70.93023255813954
W00006216,217,72,43,29,145,17,128,33.17972350230415,19.81566820276498,13.36405529953917,66.82027649769586,7.834101382488479,58.986175115207374
W00006217,281,92,52,40,189,10,179,32.74021352313167,18.505338078291814,14.23487544483986,67.25978647686833,3.558718861209965,63.70106761565836
W00006218,322,81,42,39,241,15,226,25.15527950310559,13.043478260869565,12.111801242236025,74.84472049689441,4.658385093167702,70.1863354037267
W00006219,272,92,51,41,180,14,166,33.82352941176471,18.75,15.073529411764705,66.17647058823529,5.147058823529411,61.029411764705884
W00006220,292,87,42,45,205,11,194,29.794520547945208,14.383561643835616,15.41095890410959,70.2054794520548,3.767123287671233,66.43835616438356
W00006221,382,118,84,34,264,15,249,30.89005235602094,21.98952879581152,8.900523560209423,69.10994764397905,3.926701570680628,65.18324607329843
W00006222,240,56,25,31,184,14,170,23.333333333333332,10.416666666666668,12.916666666666668,76.66666666666667,5.833333333333333,70.83333333333334
W00006223,278,62,27,35,216,17,199,22.302158273381295,9.712230215827338,12.589928057553957,77.6978417266187,6.115107913669065,71.58273381294964
W00006224,240,76,38,38,164,13,151,31.666666666666664,15.833333333333332,15.833333333333332,68.33333333333333,5.416666666666667,62.916666666666664
W00006225,247,75,43,32,172,11,161,30.364372469635626,17.408906882591094,12.955465587044534,69.63562753036437,4.4534412955465585,65.18218623481782
W00006226,383,89,39,50,294,24,270,23.237597911227155,10.182767624020887,13.054830287206268,76.76240208877284,6.266318537859007,70.49608355091384
W00006227,315,93,45,48,222,15,207,29.523809523809526,14.285714285714285,15.238095238095239,70.47619047619048,4.761904761904762,65.71428571428571
W00006228,318,81,46,35,237,22,215,25.471698113207548,14.465408805031446,11.0062893081761,74.52830188679245,6.918238993710692,67.61006289308176
W00006229,222,86,45,41,136,9,127,38.73873873873874,20.27027027027027,18.46846846846847,61.261261261261254,4.054054054054054,57.20720720720721
W00006230,303,78,39,39,225,20,205,25.742574257425744,12.871287128712872,12.871287128712872,74.25742574257426,6.6006600660066,67.65676567656766
W00006231,218,92,47,45,126,20,106,42.201834862385326,21.55963302752294,20.642201834862387,57.798165137614674,9.174311926605505,48.62385321100918
W00006232,251,51,23,28,200,13,187,20.318725099601593,9.163346613545817,11.155378486055776,79.6812749003984,5.179282868525896,74.5019920318725
W00006233,253,66,28,38,187,20,167,26.08695652173913,11.067193675889328,15.019762845849801,73.91304347826086,7.905138339920949,66.00790513833992
W00006234,271,56,21,35,215,15,200,20.66420664206642,7.7490774907749085,12.915129151291513,79.33579335793358,5.535055350553505,73.80073800738008
W00006235,210,42,25,17,168,9,159,20,11.904761904761903,8.095238095238095,80,4.285714285714286,75.71428571428571
W00006236,292,56,24,32,236,13,223,19.17808219178082,8.21917808219178,10.95890410958904,80.82191780821918,4.4520547945205475,76.36986301369863
W00006237,253,61,32,29,192,16,176,24.110671936758894,12.648221343873518,11.462450592885375,75.8893280632411,6.324110671936759,69.56521739130434
W00006238,207,47,21,26,160,12,148,22.705314009661837,10.144927536231885,12.560386473429952,77.29468599033817,5.797101449275362,71.49758454106279
W00006239,206,72,41,31,134,16,118,34.95145631067961,19.902912621359224,15.048543689320388,65.0485436893204,7.766990291262135,57.28155339805825
W00006240,507,106,44,62,401,31,370,20.907297830374755,8.678500986193294,12.22879684418146,79.09270216962526,6.11439842209073,72.97830374753451
W00006241,272,47,24,23,225,17,208,17.27941176470588,8.823529411764707,8.455882352941178,82.72058823529412,6.25,76.47058823529412
W00006242,208,69,36,33,139,14,125,33.17307692307692,17.307692307692307,15.865384615384615,66.82692307692307,6.730769230769231,60.09615384615385
W00006243,287,84,60,24,203,20,183,29.268292682926827,20.905923344947734,8.362369337979095,70.73170731707317,6.968641114982578,63.76306620209059
W00006244,307,54,26,28,253,27,226,17.58957654723127,8.469055374592834,9.120521172638437,82.41042345276874,8.794788273615636,73.61563517915309
W00006245,281,68,33,35,213,23,190,24.199288256227756,11.743772241992882,12.455516014234876,75.80071174377224,8.185053380782918,67.61565836298932
W00006246,248,67,37,30,181,10,171,27.016129032258064,14.919354838709678,12.096774193548388,72.98387096774194,4.032258064516129,68.95161290322581
W00006247,134,24,11,13,110,12,98,17.91044776119403,8.208955223880597,9.701492537313433,82.08955223880598,8.955223880597014,73.13432835820896
W00006248,303,79,38,41,224,22,202,26.072607260726073,12.541254125412541,13.531353135313532,73.92739273927393,7.2607260726072615,66.66666666666666
W00006249,552,92,48,44,460,47,413,16.666666666666664,8.695652173913043,7.971014492753622,83.33333333333334,8.51449275362319,74.81884057971014
W00006250,418,98,48,50,320,31,289,23.444976076555022,11.483253588516746,11.961722488038278,76.55502392344498,7.4162679425837315,69.13875598086125
W00006251,463,95,34,61,368,36,332,20.518358531317496,7.343412526997841,13.174946004319654,79.48164146868251,7.775377969762419,71.70626349892008
W00006252,361,99,52,47,262,19,243,27.42382271468144,14.40443213296399,13.019390581717452,72.57617728531855,5.263157894736842,67.31301939058172
W00006253,281,73,33,40,208,21,187,25.97864768683274,11.743772241992882,14.23487544483986,74.02135231316726,7.473309608540925,66.54804270462633
W00006254,343,76,34,42,267,23,244,22.157434402332363,9.912536443148689,12.244897959183673,77.84256559766763,6.705539358600583,71.13702623906705
W00006255,359,103,58,45,256,17,239,28.690807799442897,16.15598885793872,12.534818941504177,71.3091922005571,4.735376044568245,66.57381615598887
W00006257,389,73,22,51,316,30,286,18.76606683804627,5.655526992287918,13.110539845758353,81.23393316195373,7.712082262210797,73.52185089974293
W00006259,412,133,67,66,279,25,254,32.28155339805826,16.2621359223301,16.019417475728158,67.71844660194175,6.067961165048544,61.6504854368932
W00006261,267,71,33,38,196,27,169,26.591760299625467,12.359550561797752,14.232209737827715,73.40823970037454,10.112359550561797,63.29588014981273
W00006262,219,88,50,38,131,12,119,40.182648401826484,22.831050228310502,17.35159817351598,59.817351598173516,5.47945205479452,54.337899543378995
W00006263,406,105,65,40,301,25,276,25.862068965517242,16.00985221674877,9.852216748768473,74.13793103448276,6.157635467980295,67.98029556650246
W00006264,327,72,42,30,255,21,234,22.018348623853214,12.844036697247708,9.174311926605505,77.98165137614679,6.422018348623854,71.55963302752293
W00006265,398,72,26,46,326,33,293,18.090452261306535,6.532663316582915,11.557788944723619,81.90954773869346,8.291457286432161,73.61809045226131
W00006266,197,29,14,15,168,10,158,14.720812182741117,7.1065989847715745,7.614213197969544,85.27918781725889,5.0761421319796955,80.20304568527918
W00006268,522,64,17,47,458,38,420,12.260536398467432,3.256704980842912,9.003831417624522,87.73946360153256,7.2796934865900385,80.45977011494253
W00006269,361,57,17,40,304,29,275,15.789473684210526,4.7091412742382275,11.080332409972298,84.21052631578947,8.033240997229916,76.17728531855957
W00006270,237,47,18,29,190,13,177,19.831223628691983,7.59493670886076,12.236286919831224,80.16877637130801,5.485232067510549,74.68354430379746
W00006271,261,62,28,34,199,15,184,23.754789272030653,10.727969348659004,13.026819923371647,76.24521072796935,5.747126436781609,70.49808429118774
W00006272,300,57,24,33,243,27,216,19,8,11,81,9,72
W00006273,392,79,25,54,313,24,289,20.153061224489797,6.377551020408164,13.77551020408163,79.8469387755102,6.122448979591836,73.72448979591837
W00006274,468,74,33,41,394,30,364,15.81196581196581,7.051282051282051,8.76068376068376,84.1880341880342,6.41025641025641,77.77777777777779
W00006275,322,110,77,33,212,15,197,34.161490683229815,23.91304347826087,10.248447204968944,65.83850931677019,4.658385093167702,61.18012422360248
W00006276,335,64,43,21,271,16,255,19.1044776119403,12.835820895522387,6.26865671641791,80.8955223880597,4.776119402985075,76.11940298507463
W00006277,207,71,38,33,136,11,125,34.29951690821256,18.357487922705314,15.942028985507244,65.70048309178745,5.314009661835748,60.38647342995169
W00006278,525,55,22,33,470,30,440,10.476190476190476,4.190476190476191,6.2857142857142865,89.52380952380953,5.714285714285714,83.80952380952381
W00006280,311,63,23,40,248,24,224,20.257234726688104,7.395498392282958,12.861736334405144,79.7427652733119,7.717041800643088,72.02572347266882
W00006281,296,78,36,42,218,11,207,26.351351351351347,12.162162162162163,14.18918918918919,73.64864864864865,3.7162162162162162,69.93243243243244
W00006282,186,58,37,21,128,12,116,31.182795698924732,19.892473118279568,11.29032258064516,68.81720430107528,6.451612903225806,62.365591397849464
W00006283,429,125,65,60,304,18,286,29.13752913752914,15.151515151515152,13.986013986013987,70.86247086247086,4.195804195804196,66.66666666666666
W00006284,440,89,45,44,351,25,326,20.227272727272727,10.227272727272728,10,79.77272727272727,5.681818181818182,74.0909090909091
W00006286,278,58,27,31,220,27,193,20.863309352517987,9.712230215827338,11.151079136690647,79.13669064748201,9.712230215827338,69.42446043165468
W00006287,255,54,23,31,201,20,181,21.176470588235293,9.019607843137255,12.156862745098039,78.82352941176471,7.8431372549019605,70.98039215686275
W00006289,262,76,38,38,186,30,156,29.00763358778626,14.50381679389313,14.50381679389313,70.99236641221374,11.450381679389313,59.541984732824424
W00006290,314,65,34,31,249,41,208,20.70063694267516,10.828025477707007,9.872611464968154,79.29936305732484,13.05732484076433,66.2420382165605
W00006291,337,121,66,55,216,16,200,35.90504451038576,19.584569732937684,16.320474777448073,64.09495548961425,4.747774480712167,59.34718100890207
W00006292,249,47,20,27,202,23,179,18.87550200803213,8.032128514056225,10.843373493975903,81.12449799196787,9.236947791164658,71.8875502008032
W00006293,291,57,30,27,234,28,206,19.587628865979383,10.309278350515463,9.278350515463918,80.41237113402062,9.621993127147768,70.79037800687286
W00006294,294,42,20,22,252,25,227,14.285714285714285,6.802721088435375,7.482993197278912,85.71428571428571,8.503401360544217,77.21088435374149
W00006295,328,53,30,23,275,20,255,16.158536585365855,9.146341463414634,7.01219512195122,83.84146341463415,6.097560975609756,77.7439024390244
W00006296,277,49,25,24,228,27,201,17.689530685920577,9.025270758122744,8.664259927797833,82.31046931407943,9.747292418772563,72.56317689530685
W00006297,284,49,20,29,235,20,215,17.253521126760564,7.042253521126761,10.211267605633804,82.74647887323944,7.042253521126761,75.70422535211267
W00006298,279,45,11,34,234,21,213,16.129032258064516,3.942652329749104,12.186379928315413,83.87096774193549,7.526881720430108,76.34408602150538
W00006299,291,51,20,31,240,26,214,17.525773195876287,6.872852233676976,10.652920962199312,82.4742268041237,8.934707903780069,73.53951890034365
W00006300,297,54,25,29,243,26,217,18.181818181818183,8.417508417508419,9.764309764309765,81.81818181818183,8.754208754208754,73.06397306397307
W00006301,315,39,20,19,276,28,248,12.380952380952381,6.349206349206349,6.031746031746032,87.61904761904762,8.88888888888889,78.73015873015873
W00006302,314,53,20,33,261,24,237,16.878980891719745,6.369426751592357,10.509554140127388,83.12101910828027,7.643312101910828,75.47770700636943
W00006303,289,45,22,23,244,26,218,15.570934256055363,7.612456747404845,7.958477508650519,84.42906574394463,8.996539792387544,75.4325259515571
W00006304,372,68,24,44,304,28,276,18.27956989247312,6.451612903225806,11.827956989247312,81.72043010752688,7.526881720430108,74.19354838709677
W00006305,312,52,32,20,260,33,227,16.666666666666664,10.256410256410255,6.41025641025641,83.33333333333334,10.576923076923077,72.75641025641025
W00006306,275,60,32,28,215,20,195,21.818181818181817,11.636363636363637,10.181818181818182,78.18181818181819,7.2727272727272725,70.9090909090909
W00006307,273,41,13,28,232,23,209,15.018315018315018,4.761904761904762,10.256410256410255,84.98168498168498,8.424908424908425,76.55677655677655
W00006308,292,43,16,27,249,15,234,14.726027397260275,5.47945205479452,9.246575342465754,85.27397260273972,5.136986301369863,80.13698630136986
W00006309,285,48,19,29,237,20,217,16.842105263157894,6.666666666666667,10.175438596491228,83.15789473684211,7.017543859649122,76.14035087719299
W00006310,299,46,16,30,253,24,229,15.384615384615385,5.351170568561873,10.033444816053512,84.61538461538461,8.02675585284281,76.58862876254182
W00006311,251,37,15,22,214,14,200,14.741035856573706,5.9760956175298805,8.764940239043826,85.2589641434263,5.577689243027888,79.6812749003984
W00006312,286,49,20,29,237,25,212,17.132867132867133,6.993006993006993,10.13986013986014,82.86713286713287,8.741258741258742,74.12587412587412
W00006313,233,35,12,23,198,22,176,15.021459227467812,5.150214592274678,9.871244635193133,84.97854077253218,9.44206008583691,75.53648068669528
W00006314,301,54,24,30,247,39,208,17.940199335548172,7.973421926910299,9.966777408637874,82.05980066445183,12.956810631229235,69.10299003322258
W00006315,336,39,12,27,297,32,265,11.607142857142858,3.571428571428571,8.035714285714286,88.39285714285714,9.523809523809524,78.86904761904762
W00006316,472,63,30,33,409,36,373,13.347457627118645,6.3559322033898304,6.991525423728813,86.65254237288136,7.627118644067797,79.02542372881356
W00006317,280,59,34,25,221,23,198,21.071428571428573,12.142857142857142,8.928571428571429,78.92857142857143,8.214285714285714,70.71428571428572
W00006318,322,59,23,36,263,24,239,18.32298136645963,7.142857142857142,11.180124223602485,81.67701863354037,7.453416149068323,74.22360248447205
W00006319,359,92,42,50,267,16,251,25.62674094707521,11.699164345403899,13.92757660167131,74.3732590529248,4.456824512534819,69.91643454038997
W00006320,327,71,35,36,256,12,244,21.712538226299692,10.703363914373089,11.009174311926607,78.2874617737003,3.669724770642202,74.61773700305811
W00006321,298,94,62,32,204,11,193,31.543624161073826,20.80536912751678,10.738255033557047,68.45637583892618,3.691275167785235,64.76510067114094
W00006322,291,63,28,35,228,22,206,21.649484536082475,9.621993127147768,12.027491408934708,78.35051546391753,7.560137457044673,70.79037800687286
W00006323,304,77,38,39,227,24,203,25.32894736842105,12.5,12.828947368421053,74.67105263157895,7.894736842105263,66.77631578947368
W00006324,336,109,63,46,227,15,212,32.44047619047619,18.75,13.690476190476192,67.55952380952381,4.464285714285714,63.095238095238095
W00006325,332,78,45,33,254,15,239,23.49397590361446,13.55421686746988,9.939759036144578,76.50602409638554,4.518072289156627,71.98795180722891
W00006326,233,71,36,35,162,16,146,30.472103004291846,15.450643776824036,15.021459227467812,69.52789699570815,6.866952789699571,62.66094420600859
W00006327,305,105,79,26,200,9,191,34.42622950819672,25.901639344262296,8.524590163934425,65.57377049180327,2.9508196721311477,62.62295081967213
W00006328,258,73,37,36,185,23,162,28.294573643410853,14.34108527131783,13.953488372093023,71.70542635658916,8.914728682170542,62.7906976744186
W00006329,282,96,55,41,186,18,168,34.04255319148936,19.50354609929078,14.539007092198581,65.95744680851064,6.382978723404255,59.57446808510638
W00006330,272,95,50,45,177,9,168,34.92647058823529,18.38235294117647,16.544117647058822,65.07352941176471,3.308823529411765,61.76470588235294
W00006331,234,85,48,37,149,7,142,36.324786324786324,20.51282051282051,15.81196581196581,63.67521367521367,2.9914529914529915,60.68376068376068
W00006332,236,71,36,35,165,11,154,30.08474576271186,15.254237288135593,14.83050847457627,69.91525423728814,4.661016949152542,65.2542372881356
W00006333,304,67,35,32,237,20,217,22.039473684210524,11.513157894736842,10.526315789473683,77.96052631578947,6.578947368421052,71.38157894736842
W00006334,229,74,43,31,155,4,151,32.314410480349345,18.777292576419214,13.537117903930133,67.68558951965066,1.7467248908296942,65.93886462882097
W00006335,267,92,46,46,175,10,165,34.45692883895131,17.228464419475657,17.228464419475657,65.54307116104869,3.7453183520599254,61.79775280898876
W00006336,189,75,40,35,114,8,106,39.682539682539684,21.164021164021165,18.51851851851852,60.317460317460316,4.232804232804233,56.08465608465608
W00006337,307,87,51,36,220,17,203,28.338762214983714,16.612377850162865,11.726384364820847,71.66123778501628,5.537459283387622,66.12377850162866
W00006338,378,73,33,40,305,33,272,19.31216931216931,8.73015873015873,10.582010582010582,80.68783068783068,8.73015873015873,71.95767195767195
W00006339,341,67,34,33,274,24,250,19.64809384164223,9.970674486803519,9.67741935483871,80.35190615835776,7.038123167155426,73.31378299120234
W00006340,278,105,69,36,173,19,154,37.76978417266187,24.820143884892087,12.949640287769784,62.23021582733813,6.83453237410072,55.39568345323741
W00006341,524,81,26,55,443,41,402,15.458015267175574,4.961832061068702,10.49618320610687,84.54198473282443,7.8244274809160315,76.7175572519084
W00006342,285,76,43,33,209,12,197,26.666666666666668,15.087719298245613,11.578947368421053,73.33333333333333,4.2105263157894735,69.12280701754386
W00006343,305,90,45,45,215,21,194,29.508196721311474,14.754098360655737,14.754098360655737,70.49180327868852,6.885245901639345,63.60655737704918
W00006344,244,66,32,34,178,12,166,27.049180327868854,13.114754098360656,13.934426229508196,72.95081967213115,4.918032786885246,68.0327868852459
W00006345,378,87,43,44,291,33,258,23.015873015873016,11.375661375661375,11.64021164021164,76.98412698412699,8.73015873015873,68.25396825396825
W00006346,254,72,31,41,182,24,158,28.346456692913385,12.204724409448819,16.141732283464567,71.65354330708661,9.448818897637794,62.20472440944882
W00006347,339,115,73,42,224,18,206,33.92330383480826,21.533923303834808,12.389380530973451,66.07669616519173,5.3097345132743365,60.766961651917406
W00006348,261,50,23,27,211,8,203,19.157088122605366,8.812260536398467,10.344827586206897,80.84291187739464,3.065134099616858,77.77777777777779
W00006349,310,82,46,36,228,14,214,26.451612903225808,14.838709677419354,11.612903225806452,73.54838709677419,4.516129032258064,69.03225806451613
W00006350,241,71,39,32,170,24,146,29.460580912863072,16.182572614107883,13.278008298755188,70.53941908713693,9.95850622406639,60.58091286307054
W00006351,336,70,33,37,266,33,233,20.833333333333336,9.821428571428571,11.011904761904761,79.16666666666666,9.821428571428571,69.34523809523809
W00006352,257,68,38,30,189,10,179,26.459143968871597,14.785992217898833,11.673151750972762,73.54085603112841,3.8910505836575875,69.64980544747081
W00006353,284,57,27,30,227,17,210,20.070422535211268,9.507042253521126,10.56338028169014,79.92957746478874,5.985915492957746,73.94366197183099
W00006354,238,60,35,25,178,15,163,25.210084033613445,14.705882352941178,10.504201680672269,74.78991596638656,6.302521008403361,68.4873949579832
W00006355,366,99,54,45,267,20,247,27.049180327868854,14.754098360655737,12.295081967213115,72.95081967213115,5.46448087431694,67.4863387978142
W00006356,360,90,40,50,270,22,248,25,11.11111111111111,13.88888888888889,75,6.111111111111111,68.88888888888889
W00006357,264,68,40,28,196,17,179,25.757575757575758,15.151515151515152,10.606060606060606,74.24242424242425,6.4393939393939394,67.8030303030303
W00006358,251,67,34,33,184,13,171,26.693227091633464,13.545816733067728,13.147410358565736,73.30677290836654,5.179282868525896,68.12749003984064
W00006359,235,76,53,23,159,9,150,32.340425531914896,22.5531914893617,9.787234042553191,67.65957446808511,3.829787234042553,63.829787234042556
W00006360,320,73,41,32,247,20,227,22.8125,12.812499999999998,10,77.1875,6.25,70.9375
W00006361,198,63,41,22,135,7,128,31.818181818181817,20.707070707070706,11.11111111111111,68.18181818181817,3.535353535353535,64.64646464646465
W00006362,277,69,37,32,208,14,194,24.90974729241877,13.357400722021662,11.552346570397113,75.09025270758123,5.054151624548736,70.03610108303249
W00006363,249,51,33,18,198,22,176,20.481927710843372,13.253012048192772,7.228915662650602,79.51807228915662,8.835341365461847,70.68273092369478
W00006364,322,57,27,30,265,15,250,17.70186335403727,8.385093167701864,9.316770186335404,82.29813664596274,4.658385093167702,77.63975155279503
W00006365,346,114,75,39,232,14,218,32.947976878612714,21.67630057803468,11.271676300578035,67.05202312138728,4.046242774566474,63.005780346820806
W00006366,296,85,41,44,211,13,198,28.716216216216218,13.85135135135135,14.864864864864865,71.28378378378379,4.391891891891892,66.8918918918919
W00006367,260,74,39,35,186,15,171,28.46153846153846,15,13.461538461538462,71.53846153846153,5.769230769230769,65.76923076923077
W00006368,233,70,37,33,163,14,149,30.042918454935624,15.879828326180256,14.163090128755366,69.95708154506438,6.008583690987124,63.94849785407726
W00006369,251,68,29,39,183,11,172,27.091633466135455,11.553784860557768,15.53784860557769,72.90836653386454,4.382470119521913,68.52589641434263
W00006370,273,73,41,32,200,9,191,26.73992673992674,15.018315018315018,11.72161172161172,73.26007326007326,3.296703296703297,69.96336996336996
W00006371,310,88,56,32,222,19,203,28.387096774193548,18.064516129032256,10.32258064516129,71.61290322580646,6.129032258064516,65.48387096774194
W00006372,281,84,48,36,197,22,175,29.8932384341637,17.08185053380783,12.811387900355871,70.1067615658363,7.829181494661921,62.27758007117438
W00006373,294,89,45,44,205,16,189,30.272108843537417,15.306122448979592,14.965986394557824,69.72789115646259,5.442176870748299,64.28571428571429
W00006374,274,66,33,33,208,14,194,24.087591240875913,12.043795620437956,12.043795620437956,75.91240875912408,5.109489051094891,70.8029197080292
W00006375,393,164,109,55,229,10,219,41.73027989821883,27.735368956743002,13.994910941475828,58.269720101781175,2.5445292620865136,55.72519083969466
W00006376,221,66,41,25,155,13,142,29.86425339366516,18.552036199095024,11.312217194570136,70.13574660633483,5.88235294117647,64.25339366515837
W00006377,265,65,38,27,200,9,191,24.528301886792452,14.339622641509434,10.18867924528302,75.47169811320755,3.3962264150943398,72.0754716981132
W00006378,328,83,41,42,245,17,228,25.304878048780488,12.5,12.804878048780488,74.6951219512195,5.182926829268292,69.51219512195121
W00006379,289,84,43,41,205,9,196,29.06574394463668,14.878892733564014,14.186851211072666,70.93425605536332,3.1141868512110724,67.82006920415225
W00006380,271,78,46,32,193,4,189,28.782287822878228,16.974169741697416,11.808118081180812,71.21771217712177,1.4760147601476015,69.74169741697416
W00006381,312,76,35,41,236,14,222,24.358974358974358,11.217948717948719,13.141025641025642,75.64102564102564,4.487179487179487,71.15384615384616
W00006382,305,57,26,31,248,24,224,18.688524590163937,8.524590163934425,10.163934426229508,81.31147540983606,7.868852459016394,73.44262295081967
W00006383,346,74,26,48,272,21,251,21.38728323699422,7.514450867052023,13.872832369942195,78.61271676300578,6.069364161849711,72.54335260115607
W00006384,326,69,35,34,257,18,239,21.165644171779142,10.736196319018406,10.429447852760736,78.83435582822086,5.521472392638037,73.31288343558282
W00006385,292,52,26,26,240,21,219,17.80821917808219,8.904109589041095,8.904109589041095,82.1917808219178,7.191780821917808,75
W00006386,340,70,35,35,270,13,257,20.588235294117645,10.294117647058822,10.294117647058822,79.41176470588235,3.823529411764706,75.58823529411765
W00006387,267,67,42,25,200,17,183,25.0936329588015,15.730337078651685,9.363295880149813,74.90636704119851,6.367041198501873,68.53932584269663
W00006388,200,80,49,31,120,9,111,40,24.5,15.5,60,4.5,55.50000000000001
W00006389,287,61,27,34,226,25,201,21.254355400696863,9.40766550522648,11.846689895470384,78.74564459930313,8.710801393728223,70.03484320557492
W00006390,342,90,45,45,252,27,225,26.31578947368421,13.157894736842104,13.157894736842104,73.68421052631578,7.894736842105263,65.78947368421053
W00006391,308,84,43,41,224,13,211,27.27272727272727,13.96103896103896,13.311688311688311,72.72727272727273,4.220779220779221,68.5064935064935
W00006392,293,77,37,40,216,15,201,26.27986348122867,12.627986348122866,13.651877133105803,73.72013651877133,5.1194539249146755,68.60068259385666
W00006393,243,68,32,36,175,14,161,27.983539094650205,13.168724279835391,14.814814814814813,72.0164609053498,5.761316872427984,66.2551440329218
W00006394,294,62,32,30,232,18,214,21.08843537414966,10.884353741496598,10.204081632653061,78.91156462585033,6.122448979591836,72.78911564625851
W00006395,275,58,30,28,217,10,207,21.09090909090909,10.909090909090908,10.181818181818182,78.9090909090909,3.6363636363636362,75.27272727272727
W00006396,278,57,20,37,221,36,185,20.503597122302157,7.1942446043165464,13.309352517985612,79.49640287769785,12.949640287769784,66.54676258992805
W00006397,251,84,45,39,167,9,158,33.46613545816733,17.928286852589643,15.53784860557769,66.53386454183267,3.5856573705179287,62.94820717131474
W00006398,326,46,25,21,280,26,254,14.11042944785276,7.668711656441718,6.441717791411043,85.88957055214725,7.975460122699387,77.91411042944786
W00006399,322,54,27,27,268,16,252,16.77018633540373,8.385093167701864,8.385093167701864,83.22981366459628,4.968944099378882,78.26086956521739
W00006400,280,67,37,30,213,20,193,23.92857142857143,13.214285714285715,10.714285714285714,76.07142857142857,7.142857142857142,68.92857142857143
W00006401,341,109,68,41,232,12,220,31.964809384164223,19.941348973607038,12.023460410557185,68.03519061583577,3.519061583577713,64.51612903225806
W00006402,321,72,29,43,249,20,229,22.429906542056074,9.034267912772584,13.395638629283487,77.57009345794393,6.230529595015576,71.33956386292834
W00006403,207,56,33,23,151,15,136,27.053140096618357,15.942028985507244,11.11111111111111,72.94685990338165,7.246376811594203,65.70048309178745
W00006404,280,75,41,34,205,17,188,26.785714285714285,14.642857142857144,12.142857142857142,73.21428571428571,6.071428571428571,67.14285714285714
W00006405,309,56,25,31,253,21,232,18.12297734627832,8.090614886731391,10.032362459546926,81.87702265372168,6.796116504854369,75.08090614886731
W00006406,309,71,36,35,238,18,220,22.97734627831715,11.650485436893204,11.326860841423949,77.02265372168284,5.825242718446602,71.19741100323624
W00006407,203,97,61,36,106,10,96,47.783251231527096,30.049261083743843,17.733990147783253,52.21674876847291,4.926108374384237,47.29064039408867
W00006408,266,68,43,25,198,16,182,25.563909774436087,16.165413533834585,9.398496240601503,74.43609022556392,6.015037593984962,68.42105263157895
W00006409,259,58,27,31,201,11,190,22.393822393822393,10.424710424710424,11.96911196911197,77.60617760617761,4.247104247104247,73.35907335907336
W00006410,199,66,43,23,133,7,126,33.165829145728644,21.608040201005025,11.557788944723619,66.83417085427136,3.5175879396984926,63.31658291457286
W00006411,270,68,35,33,202,25,177,25.185185185185183,12.962962962962962,12.222222222222221,74.81481481481481,9.25925925925926,65.55555555555556
W00006412,303,72,49,23,231,12,219,23.762376237623762,16.17161716171617,7.590759075907591,76.23762376237624,3.9603960396039604,72.27722772277228
W00006413,322,74,35,39,248,19,229,22.981366459627328,10.869565217391305,12.111801242236025,77.01863354037268,5.900621118012422,71.11801242236024
W00006414,301,71,35,36,230,10,220,23.588039867109632,11.627906976744185,11.960132890365449,76.41196013289037,3.322259136212625,73.08970099667775
W00006415,303,72,46,26,231,12,219,23.762376237623762,15.181518151815181,8.58085808580858,76.23762376237624,3.9603960396039604,72.27722772277228
W00006416,344,90,53,37,254,24,230,26.16279069767442,15.406976744186046,10.755813953488373,73.83720930232558,6.976744186046512,66.86046511627907
W00006417,302,64,33,31,238,16,222,21.192052980132452,10.927152317880795,10.264900662251655,78.80794701986756,5.298013245033113,73.50993377483444
W00006418,230,80,40,40,150,11,139,34.78260869565217,17.391304347826086,17.391304347826086,65.21739130434783,4.782608695652174,60.43478260869565
W00006419,296,89,52,37,207,6,201,30.067567567567565,17.56756756756757,12.5,69.93243243243244,2.027027027027027,67.9054054054054
W00006420,221,84,52,32,137,12,125,38.009049773755656,23.52941176470588,14.479638009049776,61.990950226244344,5.429864253393665,56.56108597285068
W00006421,336,93,56,37,243,19,224,27.67857142857143,16.666666666666664,11.011904761904761,72.32142857142857,5.654761904761905,66.66666666666666
W00006422,340,104,55,49,236,18,218,30.58823529411765,16.176470588235293,14.411764705882351,69.41176470588235,5.294117647058823,64.11764705882354
W00006423,310,96,50,46,214,13,201,30.967741935483872,16.129032258064516,14.838709677419354,69.03225806451613,4.193548387096775,64.83870967741936
W00006424,315,97,44,53,218,13,205,30.793650793650794,13.968253968253968,16.825396825396826,69.2063492063492,4.1269841269841265,65.07936507936508
W00006425,328,111,65,46,217,13,204,33.84146341463415,19.817073170731707,14.02439024390244,66.15853658536585,3.9634146341463414,62.19512195121951
W00006426,234,86,53,33,148,10,138,36.75213675213676,22.64957264957265,14.102564102564102,63.24786324786324,4.273504273504273,58.97435897435898
W00006427,236,82,49,33,154,13,141,34.74576271186441,20.76271186440678,13.983050847457626,65.2542372881356,5.508474576271186,59.7457627118644
W00006428,357,106,62,44,251,16,235,29.69187675070028,17.366946778711483,12.324929971988796,70.30812324929971,4.481792717086835,65.82633053221288
W00006429,429,87,39,48,342,35,307,20.27972027972028,9.090909090909092,11.188811188811188,79.72027972027972,8.158508158508159,71.56177156177156
W00006430,369,76,28,48,293,17,276,20.59620596205962,7.588075880758807,13.008130081300814,79.40379403794037,4.607046070460704,74.79674796747967
W00006431,250,46,21,25,204,23,181,18.4,8.4,10,81.6,9.2,72.39999999999999
W00006432,475,75,27,48,400,42,358,15.789473684210526,5.684210526315789,10.105263157894736,84.21052631578947,8.842105263157894,75.36842105263158
W00006433,279,42,16,26,237,27,210,15.053763440860216,5.734767025089606,9.31899641577061,84.94623655913979,9.67741935483871,75.26881720430107
W00006434,221,41,19,22,180,24,156,18.552036199095024,8.597285067873303,9.95475113122172,81.44796380090497,10.85972850678733,70.58823529411765
W00006435,434,53,14,39,381,46,335,12.211981566820276,3.225806451612903,8.986175115207374,87.78801843317973,10.599078341013826,77.18894009216591
W00006437,264,26,6,20,238,18,220,9.848484848484848,2.272727272727273,7.575757575757576,90.15151515151516,6.8181818181818175,83.33333333333334
W00006438,270,83,38,45,187,23,164,30.74074074074074,14.074074074074074,16.666666666666664,69.25925925925925,8.518518518518519,60.74074074074074
W00006439,572,93,35,58,479,40,439,16.258741258741257,6.118881118881119,10.13986013986014,83.74125874125873,6.993006993006993,76.74825174825175
W00006440,543,52,16,36,491,39,452,9.576427255985267,2.9465930018416207,6.629834254143646,90.42357274401473,7.18232044198895,83.24125230202579
W00006441,250,63,31,32,187,20,167,25.2,12.4,12.8,74.8,8,66.8
W00006442,344,48,8,40,296,25,271,13.953488372093023,2.3255813953488373,11.627906976744185,86.04651162790698,7.267441860465117,78.77906976744185
W00006443,279,68,28,40,211,26,185,24.372759856630825,10.03584229390681,14.336917562724013,75.62724014336918,9.31899641577061,66.30824372759857
W00006444,319,77,32,45,242,19,223,24.137931034482758,10.031347962382444,14.106583072100312,75.86206896551724,5.956112852664576,69.90595611285266
W00006445,571,59,16,43,512,42,470,10.332749562171628,2.8021015761821366,7.530647985989491,89.66725043782837,7.355516637478108,82.31173380035027
W00006446,236,53,22,31,183,16,167,22.45762711864407,9.322033898305085,13.135593220338984,77.54237288135593,6.779661016949152,70.76271186440678
W00006447,282,49,21,28,233,32,201,17.375886524822697,7.446808510638298,9.929078014184398,82.62411347517731,11.347517730496454,71.27659574468085
W00006448,480,109,44,65,371,37,334,22.708333333333332,9.166666666666666,13.541666666666666,77.29166666666667,7.708333333333334,69.58333333333333
W00006449,355,71,22,49,284,27,257,20,6.197183098591549,13.802816901408452,80,7.605633802816901,72.3943661971831
W00006450,295,65,22,43,230,30,200,22.033898305084744,7.457627118644068,14.576271186440678,77.96610169491525,10.16949152542373,67.79661016949152
W00006451,300,83,36,47,217,12,205,27.666666666666668,12,15.666666666666668,72.33333333333334,4,68.33333333333333
W00006452,325,88,37,51,237,34,203,27.076923076923077,11.384615384615385,15.692307692307692,72.92307692307692,10.461538461538462,62.46153846153846
W00006453,335,52,17,35,283,34,249,15.522388059701491,5.074626865671641,10.44776119402985,84.4776119402985,10.149253731343283,74.32835820895522
W00006454,274,53,17,36,221,21,200,19.34306569343066,6.204379562043796,13.138686131386862,80.65693430656934,7.664233576642336,72.99270072992701
W00006455,247,56,29,27,191,22,169,22.672064777327936,11.740890688259109,10.931174089068826,77.32793522267207,8.906882591093117,68.42105263157895
W00006456,294,58,20,38,236,28,208,19.727891156462583,6.802721088435375,12.925170068027212,80.27210884353741,9.523809523809524,70.74829931972789
W00006457,270,85,47,38,185,14,171,31.48148148148148,17.40740740740741,14.074074074074074,68.51851851851852,5.185185185185185,63.33333333333333
W00006458,319,78,39,39,241,20,221,24.45141065830721,12.225705329153605,12.225705329153605,75.54858934169279,6.269592476489027,69.27899686520375
W00006459,283,69,34,35,214,18,196,24.381625441696116,12.014134275618375,12.36749116607774,75.61837455830388,6.36042402826855,69.25795053003534
W00006460,275,73,37,36,202,22,180,26.545454545454543,13.454545454545455,13.090909090909092,73.45454545454545,8,65.45454545454545
W00006461,307,68,39,29,239,18,221,22.149837133550488,12.703583061889251,9.446254071661238,77.85016286644951,5.863192182410423,71.9869706840391
W00006462,291,50,21,29,241,17,224,17.18213058419244,7.216494845360824,9.965635738831615,82.81786941580756,5.841924398625429,76.97594501718214
W00006463,263,85,44,41,178,24,154,32.31939163498099,16.730038022813687,15.5893536121673,67.68060836501901,9.125475285171103,58.55513307984791
W00006464,286,60,37,23,226,25,201,20.97902097902098,12.937062937062937,8.041958041958042,79.02097902097903,8.741258741258742,70.27972027972028
W00006465,318,66,35,31,252,18,234,20.754716981132077,11.0062893081761,9.748427672955975,79.24528301886792,5.660377358490567,73.58490566037736
W00006466,324,74,35,39,250,24,226,22.839506172839506,10.802469135802468,12.037037037037036,77.1604938271605,7.4074074074074066,69.75308641975309
W00006467,265,59,26,33,206,18,188,22.264150943396228,9.811320754716983,12.452830188679245,77.73584905660378,6.7924528301886795,70.94339622641509
W00006468,308,68,32,36,240,13,227,22.07792207792208,10.38961038961039,11.688311688311687,77.92207792207793,4.220779220779221,73.7012987012987
W00006469,281,75,35,40,206,21,185,26.690391459074732,12.455516014234876,14.23487544483986,73.30960854092527,7.473309608540925,65.83629893238434
W00006470,288,68,32,36,220,23,197,23.61111111111111,11.11111111111111,12.5,76.38888888888889,7.986111111111111,68.40277777777779
W00006471,366,132,96,36,234,17,217,36.0655737704918,26.229508196721312,9.836065573770492,63.934426229508205,4.644808743169399,59.2896174863388
W00006472,341,68,25,43,273,23,250,19.941348973607038,7.331378299120235,12.609970674486803,80.05865102639295,6.744868035190615,73.31378299120234
W00006473,208,71,35,36,137,5,132,34.13461538461539,16.826923076923077,17.307692307692307,65.86538461538461,2.403846153846154,63.46153846153846
W00006474,160,68,42,26,92,14,78,42.5,26.25,16.25,57.49999999999999,8.75,48.75
W00006475,250,61,34,27,189,13,176,24.4,13.600000000000001,10.8,75.6,5.2,70.39999999999999
W00006476,271,53,20,33,218,16,202,19.557195571955717,7.380073800738007,12.177121771217712,80.44280442804428,5.904059040590406,74.53874538745387
W00006477,264,52,19,33,212,16,196,19.696969696969695,7.196969696969697,12.5,80.3030303030303,6.0606060606060606,74.24242424242425
W00006478,262,73,41,32,189,21,168,27.86259541984733,15.648854961832063,12.213740458015266,72.13740458015268,8.015267175572518,64.12213740458014
W00006479,314,79,49,30,235,16,219,25.159235668789808,15.605095541401273,9.554140127388536,74.84076433121018,5.095541401273886,69.7452229299363
W00006480,288,80,49,31,208,23,185,27.77777777777778,17.01388888888889,10.76388888888889,72.22222222222221,7.986111111111111,64.23611111111111
W00006481,179,50,27,23,129,6,123,27.932960893854748,15.083798882681565,12.849162011173185,72.06703910614524,3.35195530726257,68.71508379888269
W00006482,355,87,41,46,268,17,251,24.507042253521128,11.549295774647888,12.957746478873238,75.49295774647888,4.788732394366197,70.70422535211267
W00006483,152,46,31,15,106,6,100,30.263157894736842,20.394736842105264,9.868421052631579,69.73684210526315,3.9473684210526314,65.78947368421053
W00006484,305,68,28,40,237,20,217,22.295081967213115,9.180327868852459,13.114754098360656,77.70491803278688,6.557377049180328,71.14754098360656
W00006485,401,85,40,45,316,35,281,21.197007481296758,9.975062344139651,11.221945137157107,78.80299251870323,8.728179551122196,70.07481296758104
W00006486,275,56,22,34,219,23,196,20.363636363636363,8,12.363636363636363,79.63636363636364,8.363636363636363,71.27272727272728
W00006487,267,55,27,28,212,24,188,20.59925093632959,10.112359550561797,10.486891385767791,79.40074906367042,8.98876404494382,70.4119850187266
W00006488,270,67,35,32,203,15,188,24.814814814814813,12.962962962962962,11.851851851851853,75.18518518518519,5.555555555555555,69.62962962962963
W00006489,291,72,39,33,219,23,196,24.742268041237114,13.402061855670103,11.34020618556701,75.25773195876289,7.903780068728522,67.35395189003437
W00006490,334,69,36,33,265,14,251,20.65868263473054,10.778443113772456,9.880239520958083,79.34131736526946,4.191616766467066,75.1497005988024
W00006491,209,107,84,23,102,9,93,51.196172248803826,40.19138755980861,11.004784688995215,48.803827751196174,4.30622009569378,44.49760765550239
W00006492,276,73,38,35,203,17,186,26.44927536231884,13.768115942028986,12.681159420289855,73.55072463768117,6.159420289855073,67.3913043478261
W00006493,278,43,29,14,235,25,210,15.467625899280577,10.431654676258994,5.0359712230215825,84.53237410071942,8.992805755395683,75.53956834532374
W00006494,289,69,32,37,220,20,200,23.875432525951556,11.072664359861593,12.802768166089965,76.12456747404845,6.920415224913495,69.20415224913495
W00006495,299,62,26,36,237,21,216,20.735785953177256,8.695652173913043,12.040133779264215,79.26421404682274,7.023411371237458,72.24080267558529
W00006496,376,101,59,42,275,26,249,26.861702127659576,15.691489361702127,11.170212765957446,73.13829787234043,6.914893617021277,66.22340425531915
W00006497,309,52,23,29,257,12,245,16.828478964401295,7.443365695792881,9.385113268608414,83.1715210355987,3.8834951456310676,79.28802588996764
W00006498,326,51,21,30,275,29,246,15.644171779141105,6.441717791411043,9.202453987730062,84.3558282208589,8.895705521472392,75.4601226993865
W00006499,246,67,33,34,179,25,154,27.235772357723576,13.414634146341465,13.821138211382115,72.76422764227642,10.16260162601626,62.601626016260155
W00006500,302,85,49,36,217,11,206,28.14569536423841,16.225165562913908,11.920529801324504,71.8543046357616,3.642384105960265,68.21192052980133
W00006501,346,78,36,42,268,17,251,22.54335260115607,10.404624277456648,12.138728323699421,77.45664739884393,4.913294797687861,72.54335260115607
W00006502,255,77,37,40,178,17,161,30.19607843137255,14.50980392156863,15.686274509803921,69.80392156862744,6.666666666666667,63.13725490196078
W00006503,435,140,72,68,295,18,277,32.18390804597701,16.551724137931036,15.632183908045977,67.81609195402298,4.137931034482759,63.678160919540225
W00006504,279,78,41,37,201,11,190,27.956989247311824,14.695340501792115,13.261648745519713,72.04301075268818,3.942652329749104,68.10035842293907
W00006505,234,73,27,46,161,17,144,31.196581196581196,11.538461538461538,19.65811965811966,68.80341880341881,7.264957264957266,61.53846153846154
W00006506,289,93,53,40,196,10,186,32.17993079584775,18.33910034602076,13.84083044982699,67.82006920415225,3.4602076124567476,64.3598615916955
W00006507,317,87,52,35,230,22,208,27.444794952681388,16.40378548895899,11.041009463722396,72.55520504731862,6.940063091482649,65.61514195583597
W00006508,328,106,49,57,222,27,195,32.31707317073171,14.939024390243901,17.378048780487802,67.6829268292683,8.231707317073171,59.45121951219512
W00006509,313,82,36,46,231,25,206,26.198083067092654,11.501597444089457,14.696485623003195,73.80191693290735,7.987220447284344,65.814696485623
W00006510,223,75,42,33,148,31,117,33.6322869955157,18.83408071748879,14.798206278026907,66.3677130044843,13.901345291479823,52.46636771300448
W00006511,322,105,62,43,217,20,197,32.608695652173914,19.25465838509317,13.354037267080745,67.3913043478261,6.211180124223603,61.18012422360248
W00006512,303,76,39,37,227,18,209,25.082508250825082,12.871287128712872,12.211221122112212,74.91749174917491,5.9405940594059405,68.97689768976898
W00006513,199,46,24,22,153,15,138,23.115577889447238,12.060301507537687,11.055276381909549,76.88442211055276,7.537688442211055,69.34673366834171
W00006514,318,93,55,38,225,16,209,29.245283018867923,17.29559748427673,11.949685534591195,70.75471698113208,5.031446540880504,65.72327044025157
W00006515,449,76,24,52,373,35,338,16.926503340757236,5.3452115812917596,11.58129175946548,83.07349665924276,7.795100222717149,75.27839643652561
W00006516,375,120,74,46,255,20,235,32,19.733333333333334,12.266666666666666,68,5.333333333333334,62.66666666666667
W00006517,305,78,44,34,227,14,213,25.573770491803277,14.426229508196723,11.147540983606557,74.42622950819671,4.590163934426229,69.83606557377048
W00006518,311,68,28,40,243,24,219,21.864951768488748,9.003215434083602,12.861736334405144,78.13504823151125,7.717041800643088,70.41800643086816
W00006519,263,53,21,32,210,17,193,20.15209125475285,7.984790874524715,12.167300380228136,79.84790874524715,6.4638783269961975,73.38403041825094
W00006520,274,72,27,45,202,10,192,26.277372262773724,9.854014598540147,16.423357664233578,73.72262773722628,3.64963503649635,70.07299270072993
W00006521,276,55,22,33,221,17,204,19.92753623188406,7.971014492753622,11.956521739130435,80.07246376811594,6.159420289855073,73.91304347826086
W00006522,222,35,10,25,187,21,166,15.765765765765765,4.504504504504505,11.26126126126126,84.23423423423422,9.45945945945946,74.77477477477478
W00006523,251,53,24,29,198,18,180,21.115537848605577,9.56175298804781,11.553784860557768,78.88446215139442,7.171314741035857,71.71314741035857
W00006524,267,54,32,22,213,20,193,20.224719101123593,11.985018726591761,8.239700374531834,79.7752808988764,7.490636704119851,72.28464419475655
W00006525,240,43,15,28,197,22,175,17.916666666666668,6.25,11.666666666666666,82.08333333333333,9.166666666666666,72.91666666666666
W00006526,310,72,32,40,238,19,219,23.225806451612904,10.32258064516129,12.903225806451612,76.77419354838709,6.129032258064516,70.64516129032258
W00006527,188,97,73,24,91,8,83,51.59574468085106,38.82978723404255,12.76595744680851,48.40425531914894,4.25531914893617,44.148936170212764
W00006528,429,81,32,49,348,38,310,18.88111888111888,7.459207459207459,11.421911421911423,81.11888111888112,8.857808857808857,72.26107226107226
W00006529,259,58,33,25,201,16,185,22.393822393822393,12.741312741312742,9.652509652509652,77.60617760617761,6.177606177606178,71.42857142857143
W00006530,254,52,20,32,202,15,187,20.47244094488189,7.874015748031496,12.598425196850393,79.52755905511812,5.905511811023622,73.62204724409449
W00006531,362,84,44,40,278,28,250,23.204419889502763,12.154696132596685,11.049723756906078,76.79558011049724,7.734806629834254,69.06077348066299
W00006532,314,53,22,31,261,25,236,16.878980891719745,7.006369426751593,9.872611464968154,83.12101910828027,7.961783439490445,75.15923566878982
W00006533,309,49,17,32,260,28,232,15.857605177993527,5.501618122977346,10.355987055016183,84.14239482200647,9.06148867313916,75.08090614886731
W00006534,377,122,66,56,255,19,236,32.360742705570296,17.50663129973475,14.854111405835543,67.63925729442971,5.039787798408488,62.59946949602122
W00006535,272,106,56,50,166,18,148,38.970588235294116,20.588235294117645,18.38235294117647,61.029411764705884,6.61764705882353,54.41176470588235
W00006536,302,51,20,31,251,28,223,16.887417218543046,6.622516556291391,10.264900662251655,83.11258278145695,9.271523178807946,73.84105960264901
W00006537,293,69,27,42,224,24,200,23.549488054607508,9.215017064846416,14.334470989761092,76.45051194539249,8.19112627986348,68.25938566552901
W00006538,319,72,25,47,247,24,223,22.570532915360502,7.836990595611286,14.733542319749215,77.4294670846395,7.523510971786834,69.90595611285266
W00006539,249,71,39,32,178,18,160,28.514056224899598,15.66265060240964,12.851405622489958,71.4859437751004,7.228915662650602,64.2570281124498
W00006540,270,46,23,23,224,18,206,17.037037037037038,8.518518518518519,8.518518518518519,82.96296296296296,6.666666666666667,76.29629629629629
W00006541,277,72,25,47,205,20,185,25.992779783393498,9.025270758122744,16.967509025270758,74.0072202166065,7.2202166064981945,66.78700361010831
W00006542,249,82,44,38,167,18,149,32.93172690763052,17.670682730923694,15.261044176706829,67.06827309236948,7.228915662650602,59.83935742971887
W00006543,272,77,40,37,195,21,174,28.308823529411764,14.705882352941178,13.602941176470587,71.69117647058823,7.720588235294118,63.970588235294116
W00006544,255,50,19,31,205,24,181,19.607843137254903,7.450980392156863,12.156862745098039,80.3921568627451,9.411764705882353,70.98039215686275
W00006545,277,46,19,27,231,22,209,16.60649819494585,6.859205776173286,9.747292418772563,83.39350180505414,7.9422382671480145,75.45126353790613
W00006546,341,78,35,43,263,31,232,22.87390029325513,10.263929618768328,12.609970674486803,77.12609970674487,9.090909090909092,68.03519061583577
W00006547,301,79,37,42,222,21,201,26.245847176079735,12.29235880398671,13.953488372093023,73.75415282392026,6.976744186046512,66.77740863787376
W00006548,239,34,10,24,205,25,180,14.225941422594143,4.184100418410042,10.0418410041841,85.77405857740585,10.460251046025103,75.31380753138075
W00006549,315,49,24,25,266,36,230,15.555555555555555,7.6190476190476195,7.936507936507936,84.44444444444444,11.428571428571429,73.01587301587301
W00006550,264,48,26,22,216,14,202,18.181818181818183,9.848484848484848,8.333333333333332,81.81818181818183,5.303030303030303,76.51515151515152
W00006551,623,111,48,63,512,32,480,17.81701444622793,7.704654895666131,10.112359550561797,82.18298555377207,5.136436597110754,77.04654895666133
W00006552,222,75,40,35,147,14,133,33.78378378378378,18.01801801801802,15.765765765765765,66.21621621621621,6.306306306306306,59.909909909909906
W00006553,304,108,63,45,196,11,185,35.526315789473685,20.723684210526315,14.802631578947366,64.47368421052632,3.618421052631579,60.85526315789473
W00006554,297,65,37,28,232,14,218,21.885521885521886,12.457912457912458,9.427609427609427,78.11447811447812,4.713804713804714,73.4006734006734
W00006555,268,59,24,35,209,13,196,22.01492537313433,8.955223880597014,13.059701492537313,77.98507462686567,4.850746268656716,73.13432835820896
W00006556,291,61,30,31,230,16,214,20.962199312714777,10.309278350515463,10.652920962199312,79.03780068728523,5.498281786941581,73.53951890034365
W00006557,286,64,29,35,222,25,197,22.377622377622377,10.13986013986014,12.237762237762238,77.62237762237763,8.741258741258742,68.88111888111888
W00006558,243,47,23,24,196,12,184,19.34156378600823,9.465020576131687,9.876543209876543,80.65843621399176,4.938271604938271,75.7201646090535
W00006559,326,58,31,27,268,17,251,17.791411042944784,9.509202453987731,8.282208588957054,82.20858895705521,5.214723926380368,76.99386503067484
W00006560,171,64,38,26,107,10,97,37.42690058479532,22.22222222222222,15.204678362573098,62.57309941520468,5.847953216374268,56.72514619883041
W00006561,268,74,32,42,194,15,179,27.611940298507463,11.940298507462686,15.671641791044777,72.38805970149254,5.597014925373134,66.7910447761194
W00006562,290,72,40,32,218,7,211,24.82758620689655,13.793103448275861,11.03448275862069,75.17241379310344,2.413793103448276,72.75862068965517
W00006564,583,80,26,54,503,30,473,13.7221269296741,4.459691252144083,9.262435677530018,86.27787307032591,5.145797598627787,81.13207547169812
W00006565,301,80,44,36,221,22,199,26.578073089701,14.61794019933555,11.960132890365449,73.421926910299,7.308970099667775,66.11295681063123
W00006566,387,146,85,61,241,14,227,37.72609819121447,21.963824289405682,15.762273901808785,62.273901808785524,3.6175710594315245,58.656330749354005
W00006567,307,82,41,41,225,9,216,26.710097719869708,13.355048859934854,13.355048859934854,73.28990228013029,2.9315960912052117,70.35830618892508
W00006568,242,58,38,20,184,13,171,23.96694214876033,15.702479338842975,8.264462809917356,76.03305785123968,5.371900826446281,70.66115702479338
W00006569,342,98,46,52,244,16,228,28.654970760233915,13.450292397660817,15.204678362573098,71.34502923976608,4.678362573099415,66.66666666666666
W00006570,289,77,36,41,212,25,187,26.643598615916954,12.45674740484429,14.186851211072666,73.35640138408304,8.650519031141869,64.70588235294117
W00006571,255,94,57,37,161,17,144,36.86274509803922,22.35294117647059,14.50980392156863,63.13725490196078,6.666666666666667,56.470588235294116
W00006572,266,60,36,24,206,12,194,22.55639097744361,13.533834586466165,9.022556390977442,77.44360902255639,4.511278195488721,72.93233082706767
W00006573,380,89,44,45,291,18,273,23.42105263157895,11.578947368421053,11.842105263157894,76.57894736842105,4.736842105263158,71.84210526315789
W00006574,258,75,35,40,183,21,162,29.069767441860467,13.565891472868216,15.503875968992247,70.93023255813954,8.13953488372093,62.7906976744186
W00006575,306,89,50,39,217,14,203,29.08496732026144,16.33986928104575,12.745098039215685,70.91503267973856,4.57516339869281,66.33986928104575
W00006576,285,85,45,40,200,11,189,29.82456140350877,15.789473684210526,14.035087719298245,70.17543859649122,3.8596491228070176,66.3157894736842
W00006577,308,72,38,34,236,18,218,23.376623376623375,12.337662337662337,11.03896103896104,76.62337662337663,5.844155844155844,70.77922077922078
W00006578,280,55,29,26,225,21,204,19.642857142857142,10.357142857142858,9.285714285714286,80.35714285714286,7.5,72.85714285714285
W00006579,305,71,29,42,234,21,213,23.278688524590162,9.508196721311474,13.77049180327869,76.72131147540983,6.885245901639345,69.83606557377048
W00006580,283,93,56,37,190,10,180,32.86219081272085,19.78798586572438,13.074204946996467,67.13780918727915,3.53356890459364,63.60424028268551
W00006581,310,81,41,40,229,15,214,26.129032258064516,13.225806451612904,12.903225806451612,73.87096774193549,4.838709677419355,69.03225806451613
W00006583,265,66,35,31,199,15,184,24.90566037735849,13.20754716981132,11.69811320754717,75.09433962264151,5.660377358490567,69.43396226415094
W00006584,341,67,35,32,274,23,251,19.64809384164223,10.263929618768328,9.3841642228739,80.35190615835776,6.744868035190615,73.60703812316716
W00006585,275,67,33,34,208,17,191,24.363636363636363,12,12.363636363636363,75.63636363636364,6.181818181818182,69.45454545454545
W00006586,472,96,55,41,376,20,356,20.33898305084746,11.652542372881355,8.686440677966102,79.66101694915254,4.23728813559322,75.42372881355932
W00006587,326,83,53,30,243,21,222,25.4601226993865,16.257668711656443,9.202453987730062,74.5398773006135,6.441717791411043,68.09815950920245
W00006588,308,78,51,27,230,14,216,25.324675324675322,16.558441558441558,8.766233766233766,74.67532467532467,4.545454545454546,70.12987012987013
W00006589,337,99,52,47,238,15,223,29.376854599406528,15.43026706231454,13.94658753709199,70.62314540059347,4.451038575667656,66.17210682492582
W00006590,287,60,37,23,227,9,218,20.905923344947734,12.89198606271777,8.013937282229964,79.09407665505228,3.1358885017421603,75.9581881533101
W00006592,280,79,39,40,201,11,190,28.214285714285715,13.928571428571429,14.285714285714285,71.78571428571429,3.9285714285714284,67.85714285714286
W00006593,233,78,40,38,155,7,148,33.47639484978541,17.167381974248926,16.30901287553648,66.52360515021459,3.004291845493562,63.519313304721024
W00006594,294,87,45,42,207,18,189,29.591836734693878,15.306122448979592,14.285714285714285,70.40816326530613,6.122448979591836,64.28571428571429
W00006596,253,63,24,39,190,19,171,24.90118577075099,9.486166007905137,15.41501976284585,75.09881422924902,7.5098814229249005,67.58893280632411
W00006597,265,57,24,33,208,24,184,21.50943396226415,9.056603773584905,12.452830188679245,78.49056603773586,9.056603773584905,69.43396226415094
W00006598,305,45,18,27,260,21,239,14.754098360655737,5.901639344262295,8.852459016393443,85.24590163934425,6.885245901639345,78.36065573770492
W00006599,307,61,22,39,246,16,230,19.86970684039088,7.166123778501629,12.703583061889251,80.13029315960912,5.211726384364821,74.9185667752443
W00006600,288,68,27,41,220,13,207,23.61111111111111,9.375,14.23611111111111,76.38888888888889,4.513888888888888,71.875
W00006601,320,91,46,45,229,19,210,28.4375,14.374999999999998,14.0625,71.5625,5.9375,65.625
W00006602,300,65,34,31,235,24,211,21.666666666666668,11.333333333333332,10.333333333333334,78.33333333333333,8,70.33333333333334
W00006603,273,60,26,34,213,17,196,21.978021978021978,9.523809523809524,12.454212454212454,78.02197802197803,6.227106227106227,71.7948717948718
W00006604,260,70,37,33,190,23,167,26.923076923076923,14.23076923076923,12.692307692307692,73.07692307692307,8.846153846153847,64.23076923076924
W00006605,251,56,26,30,195,19,176,22.31075697211155,10.358565737051793,11.952191235059761,77.68924302788844,7.569721115537849,70.1195219123506
W00006606,368,90,45,45,278,36,242,24.456521739130434,12.228260869565217,12.228260869565217,75.54347826086956,9.782608695652174,65.76086956521739
W00006607,255,60,21,39,195,16,179,23.52941176470588,8.235294117647058,15.294117647058824,76.47058823529412,6.2745098039215685,70.19607843137254
W00006608,205,37,12,25,168,10,158,18.048780487804876,5.853658536585367,12.195121951219512,81.95121951219512,4.878048780487805,77.07317073170732
W00006609,328,77,41,36,251,23,228,23.47560975609756,12.5,10.975609756097562,76.52439024390245,7.01219512195122,69.51219512195121
W00006610,334,93,33,60,241,28,213,27.844311377245507,9.880239520958083,17.964071856287426,72.15568862275448,8.383233532934131,63.772455089820355
W00006611,306,72,30,42,234,17,217,23.52941176470588,9.803921568627452,13.725490196078432,76.47058823529412,5.555555555555555,70.91503267973856
W00006612,261,54,22,32,207,13,194,20.689655172413794,8.42911877394636,12.260536398467432,79.3103448275862,4.980842911877394,74.32950191570882
W00006613,257,95,50,45,162,9,153,36.964980544747085,19.45525291828794,17.509727626459142,63.035019455252915,3.501945525291829,59.53307392996109
W00006614,364,101,48,53,263,10,253,27.747252747252748,13.186813186813188,14.560439560439562,72.25274725274726,2.7472527472527473,69.5054945054945
W00006615,347,67,37,30,280,20,260,19.30835734870317,10.662824207492795,8.645533141210375,80.69164265129683,5.763688760806916,74.92795389048992
W00006616,272,63,37,26,209,17,192,23.161764705882355,13.602941176470587,9.558823529411764,76.83823529411765,6.25,70.58823529411765
W00006617,304,79,44,35,225,17,208,25.986842105263158,14.473684210526317,11.513157894736842,74.01315789473685,5.592105263157895,68.42105263157895
W00006618,318,98,57,41,220,19,201,30.81761006289308,17.92452830188679,12.89308176100629,69.18238993710692,5.9748427672955975,63.20754716981132
W00006619,336,105,54,51,231,15,216,31.25,16.071428571428573,15.178571428571427,68.75,4.464285714285714,64.28571428571429
W00006620,326,54,27,27,272,13,259,16.56441717791411,8.282208588957054,8.282208588957054,83.43558282208589,3.9877300613496933,79.4478527607362
W00006621,324,90,51,39,234,13,221,27.77777777777778,15.74074074074074,12.037037037037036,72.22222222222221,4.012345679012346,68.20987654320987
W00006622,287,69,36,33,218,30,188,24.041811846689896,12.543554006968641,11.498257839721255,75.9581881533101,10.452961672473867,65.50522648083623
W00006623,341,64,30,34,277,34,243,18.7683284457478,8.797653958944283,9.970674486803519,81.23167155425219,9.970674486803519,71.26099706744868
W00006624,364,50,10,40,314,25,289,13.736263736263737,2.7472527472527473,10.989010989010989,86.26373626373626,6.868131868131869,79.3956043956044
W00006625,444,68,17,51,376,31,345,15.315315315315313,3.8288288288288284,11.486486486486488,84.68468468468468,6.981981981981981,77.7027027027027
W00006626,478,78,29,49,400,37,363,16.317991631799163,6.066945606694561,10.251046025104603,83.68200836820083,7.740585774058577,75.94142259414227
W00006627,229,42,16,26,187,19,168,18.340611353711793,6.986899563318777,11.353711790393014,81.6593886462882,8.296943231441048,73.36244541484717
W00006628,543,122,55,67,421,34,387,22.467771639042358,10.128913443830571,12.338858195211786,77.53222836095765,6.261510128913445,71.27071823204419
W00006629,341,62,15,47,279,23,256,18.181818181818183,4.398826979472141,13.78299120234604,81.81818181818183,6.744868035190615,75.0733137829912
W00006630,352,70,26,44,282,22,260,19.886363636363637,7.386363636363637,12.5,80.11363636363636,6.25,73.86363636363636
W00006631,307,63,25,38,244,21,223,20.521172638436482,8.143322475570033,12.37785016286645,79.47882736156352,6.840390879478828,72.63843648208469
W00006633,450,67,28,39,383,28,355,14.888888888888888,6.222222222222222,8.666666666666668,85.11111111111111,6.222222222222222,78.88888888888889
W00006634,306,85,56,29,221,16,205,27.77777777777778,18.30065359477124,9.477124183006536,72.22222222222221,5.228758169934641,66.99346405228758
W00006635,277,87,51,36,190,24,166,31.40794223826715,18.4115523465704,12.996389891696749,68.59205776173285,8.664259927797833,59.92779783393502
W00006636,257,64,34,30,193,14,179,24.90272373540856,13.229571984435799,11.673151750972762,75.09727626459144,5.447470817120623,69.64980544747081
W00006637,246,54,27,27,192,18,174,21.951219512195124,10.975609756097562,10.975609756097562,78.04878048780488,7.317073170731707,70.73170731707317
W00006638,245,57,40,17,188,14,174,23.26530612244898,16.3265306122449,6.938775510204081,76.73469387755102,5.714285714285714,71.0204081632653
W00006639,277,70,34,36,207,17,190,25.27075812274368,12.274368231046932,12.996389891696749,74.72924187725631,6.137184115523466,68.59205776173285
W00006640,352,69,27,42,283,18,265,19.602272727272727,7.670454545454546,11.931818181818182,80.39772727272727,5.113636363636364,75.2840909090909
W00006641,225,83,42,41,142,14,128,36.888888888888886,18.666666666666668,18.22222222222222,63.11111111111111,6.222222222222222,56.888888888888886
W00006642,318,82,39,43,236,14,222,25.78616352201258,12.264150943396226,13.522012578616351,74.21383647798741,4.40251572327044,69.81132075471697
W00006643,326,74,40,34,252,33,219,22.699386503067483,12.269938650306749,10.429447852760736,77.30061349693251,10.122699386503067,67.17791411042946
W00006644,223,79,47,32,144,6,138,35.42600896860987,21.076233183856502,14.349775784753364,64.57399103139014,2.690582959641256,61.88340807174888
W00006645,300,98,49,49,202,12,190,32.666666666666664,16.333333333333332,16.333333333333332,67.33333333333333,4,63.33333333333333
W00006646,239,64,36,28,175,14,161,26.778242677824267,15.062761506276152,11.715481171548117,73.22175732217573,5.857740585774058,67.36401673640168
W00006647,314,103,47,56,211,12,199,32.802547770700635,14.968152866242038,17.8343949044586,67.19745222929936,3.821656050955414,63.37579617834395
W00006648,368,85,45,40,283,16,267,23.097826086956523,12.228260869565217,10.869565217391305,76.90217391304348,4.3478260869565215,72.55434782608695
W00006649,311,83,41,42,228,17,211,26.688102893890676,13.183279742765272,13.504823151125404,73.31189710610933,5.466237942122187,67.84565916398714
W00006650,281,94,51,43,187,17,170,33.45195729537366,18.14946619217082,15.302491103202847,66.54804270462633,6.049822064056939,60.4982206405694
W00006651,262,89,41,48,173,20,153,33.969465648854964,15.648854961832063,18.3206106870229,66.03053435114504,7.633587786259542,58.396946564885496
W00006652,234,54,19,35,180,18,162,23.076923076923077,8.11965811965812,14.957264957264957,76.92307692307693,7.6923076923076925,69.23076923076923
W00006653,353,108,63,45,245,17,228,30.59490084985836,17.847025495750707,12.747875354107649,69.40509915014165,4.815864022662889,64.58923512747874
W00006654,285,67,29,38,218,21,197,23.50877192982456,10.175438596491228,13.333333333333334,76.49122807017544,7.368421052631578,69.12280701754386
W00006655,280,104,55,49,176,8,168,37.142857142857146,19.642857142857142,17.5,62.857142857142854,2.857142857142857,60
W00006656,302,96,70,26,206,20,186,31.788079470198678,23.178807947019866,8.609271523178808,68.21192052980133,6.622516556291391,61.58940397350994
W00006657,336,70,33,37,266,22,244,20.833333333333336,9.821428571428571,11.011904761904761,79.16666666666666,6.547619047619048,72.61904761904762
W00006658,258,70,34,36,188,12,176,27.131782945736433,13.178294573643413,13.953488372093023,72.86821705426357,4.651162790697675,68.21705426356588
W00006659,274,62,31,31,212,12,200,22.62773722627737,11.313868613138686,11.313868613138686,77.37226277372264,4.37956204379562,72.99270072992701
W00006660,304,60,34,26,244,13,231,19.736842105263158,11.18421052631579,8.552631578947368,80.26315789473685,4.276315789473684,75.98684210526315
W00006661,323,76,48,28,247,22,225,23.52941176470588,14.860681114551083,8.6687306501548,76.47058823529412,6.811145510835913,69.65944272445822
W00006662,215,56,32,24,159,20,139,26.046511627906977,14.883720930232558,11.162790697674419,73.95348837209302,9.30232558139535,64.65116279069767
W00006663,254,66,34,32,188,15,173,25.984251968503933,13.385826771653544,12.598425196850393,74.01574803149606,5.905511811023622,68.11023622047244
W00006664,189,45,23,22,144,13,131,23.809523809523807,12.16931216931217,11.64021164021164,76.19047619047619,6.878306878306878,69.31216931216932
W00006665,401,83,37,46,318,41,277,20.698254364089774,9.226932668329177,11.471321695760599,79.30174563591022,10.224438902743142,69.07730673316709
W00006666,253,60,42,18,193,10,183,23.715415019762844,16.600790513833992,7.114624505928854,76.28458498023716,3.9525691699604746,72.33201581027669
W00006667,287,89,47,42,198,25,173,31.010452961672474,16.376306620209057,14.634146341463413,68.98954703832753,8.710801393728223,60.278745644599304
W00006668,301,52,27,25,249,21,228,17.275747508305646,8.970099667774086,8.305647840531561,82.72425249169434,6.976744186046512,75.74750830564784
W00006669,320,61,29,32,259,28,231,19.0625,9.0625,10,80.9375,8.75,72.1875
W00006670,266,61,33,28,205,19,186,22.932330827067666,12.406015037593985,10.526315789473683,77.06766917293233,7.142857142857142,69.92481203007519
W00006671,360,75,38,37,285,20,265,20.833333333333336,10.555555555555555,10.277777777777777,79.16666666666666,5.555555555555555,73.61111111111111
W00006672,220,77,36,41,143,9,134,35,16.363636363636363,18.636363636363637,65,4.090909090909091,60.909090909090914
W00006673,298,54,23,31,244,19,225,18.120805369127517,7.718120805369128,10.40268456375839,81.87919463087249,6.375838926174497,75.50335570469798
W00006674,336,63,33,30,273,23,250,18.75,9.821428571428571,8.928571428571429,81.25,6.845238095238096,74.40476190476191
W00006675,230,63,34,29,167,12,155,27.391304347826086,14.782608695652174,12.608695652173912,72.60869565217392,5.217391304347826,67.3913043478261
W00006676,334,65,25,40,269,20,249,19.46107784431138,7.48502994011976,11.976047904191617,80.53892215568862,5.9880239520958085,74.55089820359282
W00006677,262,60,36,24,202,19,183,22.900763358778626,13.740458015267176,9.16030534351145,77.09923664122137,7.251908396946565,69.8473282442748
W00006678,261,56,27,29,205,15,190,21.455938697318008,10.344827586206897,11.11111111111111,78.544061302682,5.747126436781609,72.79693486590038
W00006679,198,49,37,12,149,13,136,24.747474747474747,18.68686868686869,6.0606060606060606,75.25252525252525,6.565656565656567,68.68686868686868
W00006680,294,71,32,39,223,16,207,24.149659863945576,10.884353741496598,13.26530612244898,75.85034013605441,5.442176870748299,70.40816326530613
W00006681,281,103,47,56,178,17,161,36.654804270462634,16.72597864768683,19.9288256227758,63.345195729537366,6.049822064056939,57.29537366548043
W00006682,260,68,43,25,192,16,176,26.153846153846157,16.538461538461537,9.615384615384617,73.84615384615385,6.153846153846154,67.6923076923077
W00006683,257,88,55,33,169,16,153,34.24124513618677,21.40077821011673,12.840466926070038,65.75875486381322,6.22568093385214,59.53307392996109
W00006684,219,66,34,32,153,10,143,30.136986301369863,15.52511415525114,14.61187214611872,69.86301369863014,4.5662100456621,65.29680365296804
W00006685,200,60,46,14,140,12,128,30,23,7.000000000000001,70,6,64
W00006686,241,71,39,32,170,8,162,29.460580912863072,16.182572614107883,13.278008298755188,70.53941908713693,3.319502074688797,67.21991701244814
W00006687,258,77,37,40,181,7,174,29.844961240310074,14.34108527131783,15.503875968992247,70.15503875968993,2.7131782945736433,67.44186046511628
W00006688,360,84,42,42,276,14,262,23.333333333333332,11.666666666666666,11.666666666666666,76.66666666666667,3.888888888888889,72.77777777777777
W00006689,254,79,41,38,175,12,163,31.10236220472441,16.141732283464567,14.960629921259844,68.89763779527559,4.724409448818897,64.1732283464567
W00006690,254,81,43,38,173,6,167,31.88976377952756,16.92913385826772,14.960629921259844,68.11023622047244,2.3622047244094486,65.74803149606299
W00006691,276,94,38,56,182,19,163,34.05797101449276,13.768115942028986,20.28985507246377,65.94202898550725,6.884057971014493,59.05797101449275
W00006692,310,89,51,38,221,27,194,28.70967741935484,16.451612903225808,12.258064516129032,71.29032258064515,8.709677419354838,62.58064516129033
W00006693,280,80,46,34,200,17,183,28.57142857142857,16.428571428571427,12.142857142857142,71.42857142857143,6.071428571428571,65.35714285714286
W00006694,276,48,23,25,228,8,220,17.391304347826086,8.333333333333332,9.057971014492754,82.6086956521739,2.898550724637681,79.71014492753623
W00006695,237,38,25,13,199,15,184,16.033755274261605,10.548523206751055,5.485232067510549,83.96624472573839,6.329113924050633,77.63713080168776
W00006696,313,62,32,30,251,14,237,19.808306709265175,10.223642172523961,9.584664536741213,80.19169329073482,4.472843450479233,75.71884984025559
W00006697,289,65,35,30,224,10,214,22.491349480968857,12.110726643598616,10.380622837370241,77.50865051903114,3.4602076124567476,74.0484429065744
W00006698,294,73,38,35,221,28,193,24.829931972789115,12.925170068027212,11.904761904761903,75.17006802721087,9.523809523809524,65.64625850340136
W00006699,255,87,51,36,168,3,165,34.11764705882353,20,14.117647058823529,65.88235294117646,1.1764705882352942,64.70588235294117
W00006700,270,54,31,23,216,19,197,20,11.481481481481481,8.518518518518519,80,7.037037037037037,72.96296296296296
W00006701,321,73,29,44,248,19,229,22.741433021806852,9.034267912772584,13.707165109034266,77.25856697819314,5.919003115264798,71.33956386292834
W00006702,251,45,18,27,206,14,192,17.928286852589643,7.171314741035857,10.756972111553784,82.07171314741036,5.577689243027888,76.49402390438247
W00006703,269,40,17,23,229,32,197,14.869888475836431,6.319702602230483,8.550185873605948,85.13011152416357,11.895910780669144,73.23420074349443
W00006704,308,57,19,38,251,22,229,18.506493506493506,6.1688311688311686,12.337662337662337,81.4935064935065,7.142857142857142,74.35064935064936
W00006705,310,49,17,32,261,17,244,15.806451612903224,5.483870967741936,10.32258064516129,84.19354838709677,5.483870967741936,78.70967741935485
W00006706,259,90,51,39,169,4,165,34.74903474903475,19.69111969111969,15.057915057915059,65.25096525096525,1.5444015444015444,63.7065637065637
W00006707,240,45,26,19,195,16,179,18.75,10.833333333333334,7.916666666666666,81.25,6.666666666666667,74.58333333333333
W00006708,293,83,44,39,210,14,196,28.327645051194537,15.017064846416384,13.310580204778159,71.67235494880546,4.778156996587031,66.89419795221842
W00006709,301,57,26,31,244,23,221,18.93687707641196,8.637873754152823,10.299003322259136,81.06312292358804,7.641196013289036,73.421926910299
W00006710,305,54,22,32,251,15,236,17.704918032786885,7.213114754098362,10.491803278688524,82.29508196721311,4.918032786885246,77.37704918032787
W00006711,272,59,27,32,213,28,185,21.691176470588236,9.926470588235293,11.76470588235294,78.30882352941177,10.294117647058822,68.01470588235294
W00006712,233,82,51,31,151,12,139,35.1931330472103,21.888412017167383,13.304721030042918,64.8068669527897,5.150214592274678,59.65665236051502
W00006713,322,88,51,37,234,16,218,27.32919254658385,15.838509316770185,11.490683229813664,72.67080745341616,4.968944099378882,67.70186335403726
W00006714,290,82,37,45,208,14,194,28.27586206896552,12.758620689655173,15.517241379310345,71.72413793103448,4.827586206896552,66.89655172413794
W00006715,296,67,39,28,229,14,215,22.635135135135133,13.175675675675674,9.45945945945946,77.36486486486487,4.72972972972973,72.63513513513513
W00006716,195,43,26,17,152,10,142,22.05128205128205,13.333333333333334,8.717948717948717,77.94871794871796,5.128205128205128,72.82051282051282
W00006717,295,70,35,35,225,14,211,23.728813559322035,11.864406779661017,11.864406779661017,76.27118644067797,4.745762711864407,71.52542372881356
W00006718,223,91,49,42,132,15,117,40.80717488789238,21.973094170403588,18.83408071748879,59.19282511210763,6.726457399103139,52.46636771300448
W00006719,253,54,25,29,199,10,189,21.34387351778656,9.881422924901186,11.462450592885375,78.65612648221344,3.9525691699604746,74.70355731225297
W00006720,268,67,28,39,201,18,183,25,10.44776119402985,14.55223880597015,75,6.7164179104477615,68.28358208955224
W00006721,311,50,18,32,261,33,228,16.077170418006432,5.787781350482315,10.289389067524116,83.92282958199357,10.610932475884244,73.31189710610933
W00006722,314,80,36,44,234,24,210,25.477707006369428,11.464968152866243,14.012738853503185,74.52229299363057,7.643312101910828,66.87898089171973
W00006723,195,80,43,37,115,7,108,41.02564102564102,22.05128205128205,18.974358974358974,58.97435897435898,3.5897435897435894,55.38461538461539
W00006724,261,62,37,25,199,16,183,23.754789272030653,14.17624521072797,9.578544061302683,76.24521072796935,6.130268199233716,70.11494252873564
W00006725,439,73,27,46,366,34,332,16.62870159453303,6.150341685649203,10.478359908883828,83.37129840546697,7.744874715261959,75.62642369020502
W00006726,324,57,27,30,267,28,239,17.59259259259259,8.333333333333332,9.25925925925926,82.4074074074074,8.641975308641975,73.76543209876543
W00006727,308,75,35,40,233,16,217,24.350649350649352,11.363636363636363,12.987012987012985,75.64935064935064,5.194805194805195,70.45454545454545
W00006728,278,66,28,38,212,22,190,23.741007194244602,10.071942446043165,13.66906474820144,76.2589928057554,7.913669064748201,68.34532374100719
W00006729,292,69,38,31,223,10,213,23.63013698630137,13.013698630136986,10.616438356164384,76.36986301369863,3.4246575342465753,72.94520547945206
W00006730,269,52,20,32,217,14,203,19.33085501858736,7.434944237918216,11.895910780669144,80.66914498141264,5.204460966542751,75.46468401486989
W00006731,328,75,46,29,253,17,236,22.865853658536587,14.02439024390244,8.841463414634147,77.13414634146342,5.182926829268292,71.95121951219512
W00006732,325,71,37,34,254,18,236,21.846153846153847,11.384615384615385,10.461538461538462,78.15384615384615,5.538461538461538,72.61538461538461
W00006733,324,75,32,43,249,22,227,23.14814814814815,9.876543209876543,13.271604938271606,76.85185185185185,6.790123456790123,70.06172839506173
W00006734,298,69,27,42,229,19,210,23.154362416107382,9.060402684563758,14.093959731543624,76.84563758389261,6.375838926174497,70.46979865771812
W00006735,318,98,54,44,220,16,204,30.81761006289308,16.9811320754717,13.836477987421384,69.18238993710692,5.031446540880504,64.15094339622641
W00006736,210,80,40,40,130,13,117,38.095238095238095,19.047619047619047,19.047619047619047,61.904761904761905,6.190476190476191,55.714285714285715
W00006737,284,77,34,43,207,16,191,27.11267605633803,11.971830985915492,15.140845070422534,72.88732394366197,5.633802816901409,67.25352112676056
W00006738,327,77,39,38,250,12,238,23.547400611620795,11.926605504587156,11.62079510703364,76.45259938837921,3.669724770642202,72.78287461773701
W00006739,353,79,51,28,274,19,255,22.379603399433428,14.44759206798867,7.932011331444759,77.62039660056658,5.382436260623229,72.23796033994334
W00006740,361,110,67,43,251,18,233,30.47091412742382,18.559556786703602,11.911357340720222,69.52908587257618,4.986149584487535,64.54293628808865
W00006741,273,75,35,40,198,12,186,27.472527472527474,12.82051282051282,14.652014652014653,72.52747252747253,4.395604395604396,68.13186813186813
W00006742,308,62,23,39,246,19,227,20.12987012987013,7.467532467532467,12.662337662337661,79.87012987012987,6.1688311688311686,73.7012987012987
W00006743,262,58,31,27,204,19,185,22.137404580152673,11.83206106870229,10.305343511450381,77.86259541984732,7.251908396946565,70.61068702290076
W00006744,263,76,37,39,187,17,170,28.89733840304182,14.068441064638785,14.82889733840304,71.10266159695817,6.4638783269961975,64.63878326996198
W00006745,281,84,52,32,197,19,178,29.8932384341637,18.505338078291814,11.387900355871885,70.1067615658363,6.761565836298933,63.345195729537366
W00006746,297,99,56,43,198,17,181,33.33333333333333,18.855218855218855,14.47811447811448,66.66666666666666,5.723905723905724,60.94276094276094
W00006747,133,36,20,16,97,12,85,27.06766917293233,15.037593984962406,12.030075187969924,72.93233082706767,9.022556390977442,63.90977443609023
W00006748,315,92,52,40,223,19,204,29.20634920634921,16.507936507936506,12.698412698412698,70.7936507936508,6.031746031746032,64.76190476190476
W00006749,310,76,42,34,234,15,219,24.516129032258064,13.548387096774196,10.967741935483872,75.48387096774194,4.838709677419355,70.64516129032258
W00006750,305,54,27,27,251,10,241,17.704918032786885,8.852459016393443,8.852459016393443,82.29508196721311,3.278688524590164,79.01639344262294
W00006751,292,55,30,25,237,19,218,18.835616438356166,10.273972602739725,8.561643835616438,81.16438356164383,6.506849315068493,74.65753424657534
W00006752,286,84,47,37,202,15,187,29.37062937062937,16.433566433566433,12.937062937062937,70.62937062937063,5.244755244755245,65.38461538461539
W00006753,280,72,41,31,208,16,192,25.71428571428571,14.642857142857144,11.071428571428571,74.28571428571429,5.714285714285714,68.57142857142857
W00006754,332,89,46,43,243,19,224,26.80722891566265,13.855421686746988,12.951807228915662,73.19277108433735,5.72289156626506,67.46987951807229
W00006755,251,55,27,28,196,23,173,21.91235059760956,10.756972111553784,11.155378486055776,78.08764940239044,9.163346613545817,68.92430278884463
W00009893,312,40,17,23,272,26,246,12.82051282051282,5.448717948717949,7.371794871794872,87.17948717948718,8.333333333333332,78.84615384615384
W00009894,841,123,29,94,718,68,650,14.625445897740786,3.4482758620689653,11.17717003567182,85.37455410225921,8.085612366230679,77.28894173602853
W00009895,410,126,95,31,284,17,267,30.73170731707317,23.170731707317074,7.560975609756097,69.26829268292683,4.146341463414634,65.1219512195122
W00009896,357,44,9,35,313,32,281,12.324929971988796,2.5210084033613445,9.803921568627452,87.6750700280112,8.96358543417367,78.71148459383754
W00009897,410,80,36,44,330,30,300,19.51219512195122,8.780487804878048,10.731707317073171,80.48780487804879,7.317073170731707,73.17073170731707
W00009898,334,38,18,20,296,23,273,11.377245508982035,5.389221556886228,5.9880239520958085,88.62275449101796,6.88622754491018,81.73652694610777
W00009899,329,43,18,25,286,22,264,13.069908814589665,5.47112462006079,7.598784194528875,86.93009118541033,6.68693009118541,80.24316109422493
W00009900,536,81,22,59,455,42,413,15.111940298507461,4.104477611940299,11.007462686567164,84.88805970149254,7.835820895522389,77.05223880597015
W00009901,362,54,29,25,308,31,277,14.917127071823206,8.011049723756907,6.906077348066299,85.0828729281768,8.56353591160221,76.51933701657458
W00009902,441,56,23,33,385,41,344,12.698412698412698,5.215419501133787,7.482993197278912,87.3015873015873,9.297052154195011,78.00453514739229
W00009903,332,27,8,19,305,18,287,8.132530120481928,2.4096385542168677,5.72289156626506,91.86746987951807,5.421686746987952,86.44578313253012
W00009904,192,34,13,21,158,16,142,17.708333333333336,6.770833333333333,10.9375,82.29166666666666,8.333333333333332,73.95833333333334
W00009905,257,47,15,32,210,14,196,18.28793774319066,5.836575875486381,12.45136186770428,81.71206225680933,5.447470817120623,76.26459143968872
W00009906,197,38,18,20,159,11,148,19.289340101522843,9.137055837563452,10.152284263959391,80.71065989847716,5.583756345177665,75.1269035532995
W00009907,319,42,16,26,277,25,252,13.166144200626958,5.015673981191222,8.150470219435736,86.83385579937304,7.836990595611286,78.99686520376176
W00009908,530,73,37,36,457,49,408,13.773584905660377,6.981132075471698,6.7924528301886795,86.22641509433963,9.245283018867925,76.9811320754717
W00009909,388,47,10,37,341,38,303,12.11340206185567,2.5773195876288657,9.536082474226804,87.88659793814433,9.793814432989691,78.09278350515464
W00009910,287,39,19,20,248,29,219,13.588850174216027,6.620209059233449,6.968641114982578,86.41114982578398,10.104529616724738,76.30662020905923
W00009911,385,39,16,23,346,31,315,10.129870129870131,4.1558441558441555,5.974025974025974,89.87012987012987,8.051948051948052,81.81818181818183
W00009912,426,69,16,53,357,31,326,16.19718309859155,3.755868544600939,12.44131455399061,83.80281690140845,7.276995305164319,76.52582159624414
W00009913,266,40,11,29,226,30,196,15.037593984962406,4.135338345864661,10.902255639097744,84.9624060150376,11.278195488721805,73.68421052631578
W00009914,344,39,14,25,305,21,284,11.337209302325581,4.069767441860465,7.267441860465117,88.66279069767442,6.104651162790697,82.55813953488372
W00009915,271,32,9,23,239,23,216,11.808118081180812,3.3210332103321036,8.487084870848708,88.19188191881919,8.487084870848708,79.70479704797047
W00009916,216,60,37,23,156,13,143,27.77777777777778,17.12962962962963,10.648148148148149,72.22222222222221,6.018518518518518,66.20370370370371
W00009917,393,131,75,56,262,20,242,33.33333333333333,19.083969465648856,14.249363867684478,66.66666666666666,5.089058524173027,61.57760814249363
W00010267,366,33,15,18,333,21,312,9.01639344262295,4.098360655737705,4.918032786885246,90.98360655737704,5.737704918032787,85.24590163934425
W00010269,547,83,48,35,464,47,417,15.173674588665447,8.775137111517367,6.39853747714808,84.82632541133455,8.592321755027422,76.23400365630712
W00010271,149,51,33,18,98,5,93,34.22818791946309,22.14765100671141,12.080536912751679,65.77181208053692,3.3557046979865772,62.41610738255034
W00010272,190,51,23,28,139,6,133,26.842105263157894,12.105263157894736,14.736842105263156,73.15789473684211,3.1578947368421053,70
W00010275,264,20,6,14,244,20,224,7.575757575757576,2.272727272727273,5.303030303030303,92.42424242424242,7.575757575757576,84.84848484848484
W00010282,242,58,36,22,184,15,169,23.96694214876033,14.87603305785124,9.090909090909092,76.03305785123968,6.198347107438017,69.83471074380165
W00010284,383,38,10,28,345,33,312,9.921671018276761,2.610966057441253,7.310704960835509,90.07832898172323,8.616187989556137,81.4621409921671
W00010286,451,63,15,48,388,31,357,13.968957871396896,3.325942350332594,10.643015521064301,86.0310421286031,6.873614190687362,79.15742793791574
W00010289,553,56,21,35,497,35,462,10.126582278481013,3.79746835443038,6.329113924050633,89.87341772151899,6.329113924050633,83.54430379746836
W00010291,362,36,16,20,326,17,309,9.94475138121547,4.41988950276243,5.524861878453039,90.05524861878453,4.696132596685083,85.35911602209944
W00010293,283,56,24,32,227,22,205,19.78798586572438,8.480565371024735,11.307420494699647,80.21201413427562,7.773851590106007,72.43816254416961
W00010294,156,47,20,27,109,1,108,30.128205128205128,12.82051282051282,17.307692307692307,69.87179487179486,0.641025641025641,69.23076923076923
W00010295,156,36,12,24,120,12,108,23.076923076923077,7.6923076923076925,15.384615384615385,76.92307692307693,7.6923076923076925,69.23076923076923
W00010300,208,83,48,35,125,8,117,39.90384615384615,23.076923076923077,16.826923076923077,60.09615384615385,3.8461538461538463,56.25
W00010303,231,73,42,31,158,16,142,31.601731601731604,18.181818181818183,13.41991341991342,68.3982683982684,6.926406926406926,61.471861471861466
W00010304,311,40,10,30,271,21,250,12.861736334405144,3.215434083601286,9.646302250803858,87.13826366559485,6.752411575562702,80.38585209003215
W00010305,544,76,44,32,468,34,434,13.970588235294118,8.088235294117647,5.88235294117647,86.02941176470588,6.25,79.77941176470588
W00010306,524,60,16,44,464,30,434,11.450381679389313,3.0534351145038165,8.396946564885496,88.54961832061069,5.7251908396946565,82.82442748091603
W00010307,583,68,30,38,515,36,479,11.663807890222985,5.145797598627787,6.518010291595197,88.33619210977702,6.174957118353345,82.16123499142367
W00010308,220,37,15,22,183,19,164,16.818181818181817,6.8181818181818175,10,83.18181818181817,8.636363636363637,74.54545454545455
W00010310,369,105,65,40,264,24,240,28.455284552845526,17.615176151761517,10.840108401084011,71.54471544715447,6.504065040650407,65.04065040650406
W00010311,309,60,30,30,249,17,232,19.41747572815534,9.70873786407767,9.70873786407767,80.58252427184466,5.501618122977346,75.08090614886731
W00010312,391,35,12,23,356,34,322,8.951406649616368,3.0690537084398977,5.88235294117647,91.04859335038363,8.695652173913043,82.35294117647058
W00010313,100,16,7,9,84,3,81,16,7.000000000000001,9,84,3,81
W00010314,556,48,16,32,508,46,462,8.633093525179856,2.877697841726619,5.755395683453238,91.36690647482014,8.273381294964029,83.09352517985612
W00010315,225,29,18,11,196,9,187,12.88888888888889,8,4.888888888888889,87.1111111111111,4,83.11111111111111
