OA,ts0590001,ts0590002,ts0590003,ts0590004,ts0590005,ts0590006,ts0590007,ts0590002_PCT,ts0590003_PCT,ts0590004_PCT,ts0590005_PCT,ts0590006_PCT,ts0590007_PCT
E00076717,79,37,17,20,42,37,5,46.835443037974684,21.518987341772153,25.31645569620253,53.16455696202531,46.835443037974684,6.329113924050633
E00076718,169,70,26,44,99,76,23,41.42011834319527,15.384615384615385,26.035502958579883,58.57988165680473,44.97041420118343,13.609467455621301
E00076719,67,23,6,17,44,37,7,34.32835820895522,8.955223880597014,25.37313432835821,65.67164179104478,55.223880597014926,10.44776119402985
E00076720,90,37,14,23,53,43,10,41.11111111111111,15.555555555555555,25.555555555555554,58.88888888888889,47.77777777777778,11.11111111111111
E00076721,102,49,15,34,53,46,7,48.03921568627451,14.705882352941178,33.33333333333333,51.9607843137255,45.09803921568628,6.862745098039216
E00076722,118,45,16,29,73,56,17,38.13559322033898,13.559322033898304,24.576271186440678,61.86440677966102,47.45762711864407,14.40677966101695
E00076723,113,40,8,32,73,60,13,35.39823008849557,7.079646017699115,28.31858407079646,64.60176991150442,53.09734513274337,11.504424778761061
E00076724,111,41,15,26,70,46,24,36.93693693693694,13.513513513513514,23.423423423423422,63.06306306306306,41.44144144144144,21.62162162162162
E00076725,112,42,15,27,70,58,12,37.5,13.392857142857142,24.107142857142858,62.5,51.78571428571429,10.714285714285714
E00076726,76,29,11,18,47,38,9,38.15789473684211,14.473684210526317,23.684210526315788,61.8421052631579,50,11.842105263157894
E00076727,86,40,9,31,46,36,10,46.51162790697674,10.465116279069768,36.04651162790697,53.48837209302325,41.86046511627907,11.627906976744185
E00076728,83,34,10,24,49,43,6,40.963855421686745,12.048192771084338,28.915662650602407,59.036144578313255,51.80722891566265,7.228915662650602
E00076729,82,29,11,18,53,41,12,35.36585365853659,13.414634146341465,21.951219512195124,64.63414634146342,50,14.634146341463413
E00076730,104,46,15,31,58,46,12,44.230769230769226,14.423076923076922,29.807692307692307,55.769230769230774,44.230769230769226,11.538461538461538
E00076731,37,8,2,6,29,23,6,21.62162162162162,5.405405405405405,16.216216216216218,78.37837837837837,62.16216216216216,16.216216216216218
E00076732,252,85,30,55,167,132,35,33.730158730158735,11.904761904761903,21.825396825396826,66.26984126984127,52.38095238095239,13.88888888888889
E00076733,58,28,8,20,30,22,8,48.275862068965516,13.793103448275861,34.48275862068966,51.724137931034484,37.93103448275862,13.793103448275861
E00076734,112,37,13,24,75,56,19,33.035714285714285,11.607142857142858,21.428571428571427,66.96428571428571,50,16.964285714285715
E00076735,110,42,12,30,68,59,9,38.18181818181819,10.909090909090908,27.27272727272727,61.81818181818181,53.63636363636364,8.181818181818182
E00076736,58,20,7,13,38,36,2,34.48275862068966,12.068965517241379,22.413793103448278,65.51724137931035,62.06896551724138,3.4482758620689653
E00076737,72,34,9,25,38,33,5,47.22222222222222,12.5,34.72222222222222,52.77777777777778,45.83333333333333,6.944444444444445
E00076738,62,23,12,11,39,26,13,37.096774193548384,19.35483870967742,17.741935483870968,62.903225806451616,41.935483870967744,20.967741935483872
E00076739,138,50,14,36,88,58,30,36.231884057971016,10.144927536231885,26.08695652173913,63.76811594202898,42.028985507246375,21.73913043478261
E00076740,61,20,10,10,41,33,8,32.78688524590164,16.39344262295082,16.39344262295082,67.21311475409836,54.09836065573771,13.114754098360656
E00076741,84,37,9,28,47,39,8,44.047619047619044,10.714285714285714,33.33333333333333,55.952380952380956,46.42857142857143,9.523809523809524
E00076742,130,43,6,37,87,72,15,33.07692307692307,4.615384615384616,28.46153846153846,66.92307692307692,55.38461538461539,11.538461538461538
E00076743,47,16,6,10,31,24,7,34.04255319148936,12.76595744680851,21.27659574468085,65.95744680851064,51.06382978723404,14.893617021276595
E00076744,91,33,12,21,58,40,18,36.26373626373626,13.186813186813188,23.076923076923077,63.73626373626373,43.956043956043956,19.78021978021978
E00076745,100,41,11,30,59,50,9,41,11,30,59,50,9
E00076746,115,39,11,28,76,59,17,33.91304347826087,9.565217391304348,24.347826086956523,66.08695652173913,51.30434782608696,14.782608695652174
E00076747,85,33,14,19,52,45,7,38.82352941176471,16.470588235294116,22.35294117647059,61.1764705882353,52.94117647058824,8.235294117647058
E00076748,40,15,6,9,25,21,4,37.5,15,22.5,62.5,52.5,10
E00076749,70,22,11,11,48,40,8,31.428571428571427,15.714285714285714,15.714285714285714,68.57142857142857,57.14285714285714,11.428571428571429
E00076750,98,34,9,25,64,49,15,34.69387755102041,9.183673469387756,25.510204081632654,65.3061224489796,50,15.306122448979592
E00076751,99,41,11,30,58,51,7,41.41414141414141,11.11111111111111,30.303030303030305,58.58585858585859,51.515151515151516,7.07070707070707
E00076752,59,26,12,14,33,27,6,44.06779661016949,20.33898305084746,23.728813559322035,55.932203389830505,45.76271186440678,10.16949152542373
E00076753,125,51,19,32,74,54,20,40.8,15.2,25.6,59.199999999999996,43.2,16
E00076754,96,35,13,22,61,50,11,36.45833333333333,13.541666666666666,22.916666666666664,63.541666666666664,52.083333333333336,11.458333333333332
E00076755,116,47,18,29,69,61,8,40.51724137931034,15.517241379310345,25,59.48275862068966,52.58620689655172,6.896551724137931
E00076756,114,42,8,34,72,59,13,36.84210526315789,7.017543859649122,29.82456140350877,63.1578947368421,51.75438596491229,11.403508771929824
E00076757,151,48,10,38,103,94,9,31.788079470198678,6.622516556291391,25.165562913907287,68.21192052980133,62.251655629139066,5.960264900662252
E00076759,108,48,12,36,60,60,0,44.44444444444444,11.11111111111111,33.33333333333333,55.55555555555556,55.55555555555556,0
E00076760,133,54,14,40,79,63,16,40.6015037593985,10.526315789473683,30.075187969924812,59.3984962406015,47.368421052631575,12.030075187969924
E00076761,191,65,16,49,126,110,16,34.031413612565444,8.37696335078534,25.654450261780106,65.96858638743456,57.59162303664922,8.37696335078534
E00076762,132,52,10,42,80,67,13,39.39393939393939,7.575757575757576,31.818181818181817,60.60606060606061,50.75757575757576,9.848484848484848
E00076763,118,41,11,30,77,67,10,34.74576271186441,9.322033898305085,25.423728813559322,65.2542372881356,56.779661016949156,8.47457627118644
E00076764,149,43,12,31,106,93,13,28.859060402684566,8.053691275167784,20.80536912751678,71.14093959731544,62.41610738255034,8.724832214765101
E00076765,147,48,14,34,99,92,7,32.6530612244898,9.523809523809524,23.12925170068027,67.3469387755102,62.585034013605444,4.761904761904762
E00076766,147,35,11,24,112,97,15,23.809523809523807,7.482993197278912,16.3265306122449,76.19047619047619,65.98639455782312,10.204081632653061
E00076767,127,44,14,30,83,67,16,34.645669291338585,11.023622047244094,23.62204724409449,65.35433070866141,52.75590551181102,12.598425196850393
E00076768,235,65,21,44,170,145,25,27.659574468085108,8.936170212765958,18.72340425531915,72.3404255319149,61.702127659574465,10.638297872340425
E00076769,153,64,22,42,89,71,18,41.830065359477125,14.37908496732026,27.450980392156865,58.16993464052288,46.40522875816993,11.76470588235294
E00076770,76,23,7,16,53,46,7,30.263157894736842,9.210526315789473,21.052631578947366,69.73684210526315,60.526315789473685,9.210526315789473
E00076771,137,51,11,40,86,71,15,37.22627737226277,8.02919708029197,29.1970802919708,62.77372262773723,51.82481751824818,10.948905109489052
E00076772,132,54,16,38,78,64,14,40.909090909090914,12.121212121212121,28.78787878787879,59.09090909090909,48.484848484848484,10.606060606060606
E00076773,152,46,14,32,106,89,17,30.263157894736842,9.210526315789473,21.052631578947366,69.73684210526315,58.55263157894737,11.18421052631579
E00076774,74,22,11,11,52,48,4,29.72972972972973,14.864864864864865,14.864864864864865,70.27027027027027,64.86486486486487,5.405405405405405
E00076775,156,50,19,31,106,89,17,32.05128205128205,12.179487179487179,19.871794871794872,67.94871794871796,57.05128205128205,10.897435897435898
E00076776,89,30,4,26,59,47,12,33.70786516853933,4.49438202247191,29.213483146067414,66.29213483146067,52.80898876404494,13.48314606741573
E00076777,131,51,18,33,80,73,7,38.93129770992366,13.740458015267176,25.190839694656486,61.06870229007634,55.72519083969466,5.343511450381679
E00076778,84,39,14,25,45,38,7,46.42857142857143,16.666666666666664,29.761904761904763,53.57142857142857,45.23809523809524,8.333333333333332
E00076779,105,36,11,25,69,63,6,34.285714285714285,10.476190476190476,23.809523809523807,65.71428571428571,60,5.714285714285714
E00076780,121,46,13,33,75,63,12,38.01652892561984,10.743801652892563,27.27272727272727,61.98347107438017,52.066115702479344,9.917355371900827
E00076781,153,45,10,35,108,97,11,29.411764705882355,6.535947712418301,22.875816993464053,70.58823529411765,63.39869281045751,7.18954248366013
E00076782,115,40,13,27,75,66,9,34.78260869565217,11.304347826086957,23.47826086956522,65.21739130434783,57.391304347826086,7.82608695652174
E00076786,154,53,22,31,101,81,20,34.41558441558442,14.285714285714285,20.12987012987013,65.5844155844156,52.5974025974026,12.987012987012985
E00076787,84,27,10,17,57,53,4,32.142857142857146,11.904761904761903,20.238095238095237,67.85714285714286,63.095238095238095,4.761904761904762
E00076788,139,45,11,34,94,80,14,32.37410071942446,7.913669064748201,24.46043165467626,67.62589928057554,57.55395683453237,10.071942446043165
E00076789,97,29,9,20,68,54,14,29.896907216494846,9.278350515463918,20.618556701030926,70.10309278350515,55.670103092783506,14.432989690721648
E00076790,80,33,10,23,47,39,8,41.25,12.5,28.749999999999996,58.75,48.75,10
E00076791,121,47,10,37,74,66,8,38.84297520661157,8.264462809917356,30.57851239669421,61.15702479338842,54.54545454545454,6.6115702479338845
E00076792,97,41,15,26,56,46,10,42.2680412371134,15.463917525773196,26.804123711340207,57.73195876288659,47.42268041237113,10.309278350515463
E00076793,124,50,20,30,74,57,17,40.32258064516129,16.129032258064516,24.193548387096776,59.67741935483871,45.96774193548387,13.709677419354838
E00076794,57,23,6,17,34,27,7,40.35087719298245,10.526315789473683,29.82456140350877,59.64912280701754,47.368421052631575,12.280701754385964
E00076795,101,45,16,29,56,52,4,44.554455445544555,15.841584158415841,28.71287128712871,55.44554455445545,51.48514851485149,3.9603960396039604
E00076796,117,40,7,33,77,70,7,34.18803418803419,5.982905982905983,28.205128205128204,65.8119658119658,59.82905982905983,5.982905982905983
E00076797,64,30,15,15,34,31,3,46.875,23.4375,23.4375,53.125,48.4375,4.6875
E00076798,131,48,13,35,83,67,16,36.6412213740458,9.923664122137405,26.717557251908396,63.358778625954194,51.14503816793893,12.213740458015266
E00076799,117,39,11,28,78,64,14,33.33333333333333,9.401709401709402,23.931623931623932,66.66666666666666,54.700854700854705,11.965811965811966
E00076800,112,37,11,26,75,64,11,33.035714285714285,9.821428571428571,23.214285714285715,66.96428571428571,57.14285714285714,9.821428571428571
E00076801,114,41,9,32,73,64,9,35.96491228070175,7.894736842105263,28.07017543859649,64.03508771929825,56.14035087719298,7.894736842105263
E00076802,86,31,12,19,55,50,5,36.04651162790697,13.953488372093023,22.093023255813954,63.95348837209303,58.139534883720934,5.813953488372093
E00076803,81,27,6,21,54,42,12,33.33333333333333,7.4074074074074066,25.925925925925924,66.66666666666666,51.85185185185185,14.814814814814813
E00076804,115,48,12,36,67,57,10,41.73913043478261,10.434782608695652,31.30434782608696,58.26086956521739,49.56521739130435,8.695652173913043
E00076805,115,45,18,27,70,61,9,39.130434782608695,15.65217391304348,23.47826086956522,60.86956521739131,53.04347826086957,7.82608695652174
E00076806,102,41,19,22,61,48,13,40.19607843137255,18.627450980392158,21.568627450980394,59.80392156862745,47.05882352941176,12.745098039215685
E00076807,131,59,32,27,72,61,11,45.038167938931295,24.427480916030532,20.610687022900763,54.961832061068705,46.56488549618321,8.396946564885496
E00076808,82,40,15,25,42,33,9,48.78048780487805,18.29268292682927,30.48780487804878,51.21951219512195,40.243902439024396,10.975609756097562
E00076809,76,34,19,15,42,34,8,44.73684210526316,25,19.736842105263158,55.26315789473685,44.73684210526316,10.526315789473683
E00076810,105,39,19,20,66,55,11,37.142857142857146,18.095238095238095,19.047619047619047,62.857142857142854,52.38095238095239,10.476190476190476
E00076811,88,34,12,22,54,43,11,38.63636363636363,13.636363636363635,25,61.36363636363637,48.86363636363637,12.5
E00076812,97,34,6,28,63,46,17,35.051546391752574,6.185567010309279,28.865979381443296,64.94845360824742,47.42268041237113,17.525773195876287
E00076813,78,24,8,16,54,48,6,30.76923076923077,10.256410256410255,20.51282051282051,69.23076923076923,61.53846153846154,7.6923076923076925
E00076814,148,50,22,28,98,92,6,33.78378378378378,14.864864864864865,18.91891891891892,66.21621621621621,62.16216216216216,4.054054054054054
E00076815,155,53,19,34,102,94,8,34.193548387096776,12.258064516129032,21.935483870967744,65.80645161290323,60.64516129032258,5.161290322580645
E00076816,144,73,30,43,71,64,7,50.69444444444444,20.833333333333336,29.86111111111111,49.30555555555556,44.44444444444444,4.861111111111112
E00076817,125,55,23,32,70,57,13,44,18.4,25.6,56.00000000000001,45.6,10.4
E00076818,111,46,19,27,65,58,7,41.44144144144144,17.117117117117118,24.324324324324326,58.55855855855856,52.25225225225225,6.306306306306306
E00076819,125,38,24,14,87,74,13,30.4,19.2,11.200000000000001,69.6,59.199999999999996,10.4
E00076820,161,47,9,38,114,99,15,29.19254658385093,5.590062111801243,23.60248447204969,70.80745341614907,61.49068322981367,9.316770186335404
E00076821,135,57,19,38,78,70,8,42.22222222222222,14.074074074074074,28.14814814814815,57.77777777777777,51.85185185185185,5.9259259259259265
E00076822,133,52,13,39,81,72,9,39.097744360902254,9.774436090225564,29.32330827067669,60.902255639097746,54.13533834586466,6.7669172932330826
E00076823,111,30,10,20,81,73,8,27.027027027027028,9.00900900900901,18.01801801801802,72.97297297297297,65.76576576576578,7.207207207207207
E00076824,122,47,15,32,75,64,11,38.52459016393443,12.295081967213115,26.229508196721312,61.47540983606557,52.459016393442624,9.01639344262295
E00076825,141,52,18,34,89,80,9,36.87943262411347,12.76595744680851,24.113475177304963,63.12056737588653,56.73758865248227,6.382978723404255
E00076826,144,48,11,37,96,83,13,33.33333333333333,7.638888888888889,25.694444444444443,66.66666666666666,57.638888888888886,9.027777777777777
E00076827,132,50,19,31,82,70,12,37.878787878787875,14.393939393939394,23.484848484848484,62.121212121212125,53.03030303030303,9.090909090909092
E00076828,148,65,21,44,83,74,9,43.91891891891892,14.18918918918919,29.72972972972973,56.08108108108109,50,6.081081081081082
E00076829,142,53,23,30,89,73,16,37.32394366197183,16.19718309859155,21.12676056338028,62.676056338028175,51.40845070422535,11.267605633802818
E00076830,123,47,17,30,76,62,14,38.21138211382114,13.821138211382115,24.390243902439025,61.78861788617886,50.40650406504065,11.38211382113821
E00076831,137,42,11,31,95,80,15,30.656934306569344,8.02919708029197,22.62773722627737,69.34306569343066,58.3941605839416,10.948905109489052
E00076832,161,47,15,32,114,97,17,29.19254658385093,9.316770186335404,19.875776397515526,70.80745341614907,60.24844720496895,10.559006211180124
E00076833,122,37,8,29,85,75,10,30.327868852459016,6.557377049180328,23.770491803278688,69.67213114754098,61.47540983606557,8.19672131147541
E00076834,178,63,25,38,115,106,9,35.39325842696629,14.04494382022472,21.34831460674157,64.60674157303372,59.55056179775281,5.056179775280898
E00076835,129,51,20,31,78,63,15,39.53488372093023,15.503875968992247,24.031007751937985,60.46511627906976,48.837209302325576,11.627906976744185
E00076836,148,61,23,38,87,80,7,41.21621621621622,15.54054054054054,25.675675675675674,58.78378378378378,54.054054054054056,4.72972972972973
E00076837,167,50,17,33,117,110,7,29.94011976047904,10.179640718562874,19.760479041916167,70.05988023952095,65.86826347305389,4.191616766467066
E00076838,152,53,12,41,99,90,9,34.868421052631575,7.894736842105263,26.973684210526315,65.13157894736842,59.210526315789465,5.921052631578947
E00076839,179,70,22,48,109,93,16,39.10614525139665,12.290502793296088,26.81564245810056,60.893854748603346,51.955307262569825,8.938547486033519
E00076840,122,34,14,20,88,74,14,27.86885245901639,11.475409836065573,16.39344262295082,72.1311475409836,60.65573770491803,11.475409836065573
E00076841,172,70,32,38,102,83,19,40.69767441860465,18.6046511627907,22.093023255813954,59.30232558139535,48.25581395348838,11.046511627906977
E00076842,55,20,8,12,35,27,8,36.36363636363637,14.545454545454545,21.818181818181817,63.63636363636363,49.09090909090909,14.545454545454545
E00076843,142,48,11,37,94,75,19,33.80281690140845,7.746478873239436,26.056338028169012,66.19718309859155,52.816901408450704,13.380281690140844
E00076844,132,42,7,35,90,79,11,31.818181818181817,5.303030303030303,26.515151515151516,68.18181818181817,59.84848484848485,8.333333333333332
E00076845,158,58,20,38,100,92,8,36.708860759493675,12.658227848101266,24.050632911392405,63.29113924050633,58.22784810126582,5.063291139240507
E00076846,165,52,16,36,113,101,12,31.515151515151512,9.696969696969697,21.818181818181817,68.48484848484848,61.212121212121204,7.2727272727272725
E00076847,118,45,20,25,73,61,12,38.13559322033898,16.94915254237288,21.1864406779661,61.86440677966102,51.69491525423729,10.16949152542373
E00076848,93,42,8,34,51,40,11,45.16129032258064,8.60215053763441,36.55913978494624,54.83870967741935,43.01075268817204,11.827956989247312
E00076849,169,74,23,51,95,75,20,43.786982248520715,13.609467455621301,30.17751479289941,56.213017751479285,44.37869822485207,11.834319526627219
E00076850,156,64,25,39,92,77,15,41.02564102564102,16.025641025641026,25,58.97435897435898,49.358974358974365,9.615384615384617
E00076851,97,34,14,20,63,54,9,35.051546391752574,14.432989690721648,20.618556701030926,64.94845360824742,55.670103092783506,9.278350515463918
E00076852,155,56,29,27,99,86,13,36.12903225806451,18.70967741935484,17.419354838709676,63.87096774193548,55.483870967741936,8.38709677419355
E00076853,107,36,11,25,71,60,11,33.64485981308411,10.2803738317757,23.364485981308412,66.35514018691589,56.074766355140184,10.2803738317757
E00076854,90,30,4,26,60,53,7,33.33333333333333,4.444444444444445,28.888888888888886,66.66666666666666,58.88888888888889,7.777777777777778
E00076855,123,57,24,33,66,53,13,46.34146341463415,19.51219512195122,26.82926829268293,53.65853658536586,43.08943089430895,10.569105691056912
E00076856,119,51,27,24,68,55,13,42.857142857142854,22.689075630252102,20.168067226890756,57.14285714285714,46.21848739495798,10.92436974789916
E00076857,81,19,10,9,62,49,13,23.456790123456788,12.345679012345679,11.11111111111111,76.5432098765432,60.49382716049383,16.049382716049383
E00076858,115,44,14,30,71,60,11,38.26086956521739,12.173913043478262,26.08695652173913,61.73913043478261,52.17391304347826,9.565217391304348
E00076859,134,56,28,28,78,65,13,41.7910447761194,20.8955223880597,20.8955223880597,58.2089552238806,48.507462686567166,9.701492537313433
E00076860,123,48,11,37,75,64,11,39.02439024390244,8.94308943089431,30.081300813008134,60.97560975609756,52.03252032520326,8.94308943089431
E00076861,130,38,8,30,92,82,10,29.230769230769234,6.153846153846154,23.076923076923077,70.76923076923077,63.07692307692307,7.6923076923076925
E00076862,96,36,10,26,60,52,8,37.5,10.416666666666668,27.083333333333332,62.5,54.166666666666664,8.333333333333332
E00076863,158,57,16,41,101,88,13,36.075949367088604,10.126582278481013,25.949367088607595,63.92405063291139,55.69620253164557,8.227848101265822
E00076864,142,48,12,36,94,77,17,33.80281690140845,8.450704225352112,25.352112676056336,66.19718309859155,54.22535211267606,11.971830985915492
E00076865,151,50,10,40,101,94,7,33.11258278145696,6.622516556291391,26.490066225165563,66.88741721854305,62.251655629139066,4.635761589403973
E00076866,132,51,15,36,81,75,6,38.63636363636363,11.363636363636363,27.27272727272727,61.36363636363637,56.81818181818182,4.545454545454546
E00076867,132,55,12,43,77,72,5,41.66666666666667,9.090909090909092,32.57575757575758,58.333333333333336,54.54545454545454,3.787878787878788
E00076868,107,37,8,29,70,61,9,34.57943925233645,7.476635514018691,27.102803738317753,65.42056074766354,57.009345794392516,8.411214953271028
E00076869,93,37,10,27,56,50,6,39.784946236559136,10.75268817204301,29.03225806451613,60.215053763440864,53.76344086021505,6.451612903225806
E00076870,144,47,14,33,97,75,22,32.63888888888889,9.722222222222223,22.916666666666664,67.36111111111111,52.083333333333336,15.277777777777779
E00076871,113,43,16,27,70,57,13,38.05309734513274,14.15929203539823,23.893805309734514,61.94690265486725,50.442477876106196,11.504424778761061
E00076872,169,51,18,33,118,106,12,30.17751479289941,10.650887573964498,19.526627218934912,69.8224852071006,62.721893491124256,7.100591715976331
E00076873,164,59,16,43,105,100,5,35.97560975609756,9.75609756097561,26.21951219512195,64.02439024390245,60.97560975609756,3.048780487804878
E00076874,101,41,15,26,60,52,8,40.5940594059406,14.85148514851485,25.742574257425744,59.4059405940594,51.48514851485149,7.920792079207921
E00076875,169,62,18,44,107,89,18,36.68639053254438,10.650887573964498,26.035502958579883,63.31360946745562,52.662721893491124,10.650887573964498
E00076876,119,46,13,33,73,67,6,38.655462184873954,10.92436974789916,27.73109243697479,61.34453781512605,56.30252100840336,5.042016806722689
E00076877,149,62,23,39,87,66,21,41.61073825503356,15.436241610738255,26.174496644295303,58.38926174496645,44.29530201342282,14.093959731543624
E00076878,110,41,13,28,69,57,12,37.27272727272727,11.818181818181818,25.454545454545453,62.727272727272734,51.81818181818182,10.909090909090908
E00076879,185,62,17,45,123,104,19,33.513513513513516,9.18918918918919,24.324324324324326,66.48648648648648,56.21621621621622,10.27027027027027
E00076880,143,40,9,31,103,92,11,27.972027972027973,6.293706293706294,21.678321678321677,72.02797202797203,64.33566433566433,7.6923076923076925
E00076881,123,39,13,26,84,76,8,31.70731707317073,10.569105691056912,21.138211382113823,68.29268292682927,61.78861788617886,6.504065040650407
E00076882,142,55,18,37,87,79,8,38.732394366197184,12.676056338028168,26.056338028169012,61.267605633802816,55.633802816901415,5.633802816901409
E00076883,153,41,14,27,112,98,14,26.797385620915033,9.15032679738562,17.647058823529413,73.20261437908496,64.05228758169935,9.15032679738562
E00076884,149,53,16,37,96,82,14,35.57046979865772,10.738255033557047,24.832214765100673,64.42953020134227,55.033557046979865,9.395973154362416
E00076885,166,58,16,42,108,92,16,34.93975903614458,9.63855421686747,25.301204819277107,65.06024096385542,55.42168674698795,9.63855421686747
E00076886,112,36,13,23,76,60,16,32.142857142857146,11.607142857142858,20.535714285714285,67.85714285714286,53.57142857142857,14.285714285714285
E00076887,131,52,13,39,79,75,4,39.69465648854962,9.923664122137405,29.770992366412212,60.30534351145038,57.25190839694656,3.0534351145038165
E00076888,140,45,14,31,95,89,6,32.142857142857146,10,22.142857142857142,67.85714285714286,63.57142857142857,4.285714285714286
E00076889,143,59,15,44,84,68,16,41.25874125874126,10.48951048951049,30.76923076923077,58.74125874125874,47.55244755244755,11.188811188811188
E00076890,172,49,10,39,123,103,20,28.488372093023255,5.813953488372093,22.674418604651162,71.51162790697676,59.883720930232556,11.627906976744185
E00076891,147,54,20,34,93,83,10,36.734693877551024,13.60544217687075,23.12925170068027,63.26530612244898,56.4625850340136,6.802721088435375
E00076892,134,40,14,26,94,83,11,29.850746268656714,10.44776119402985,19.402985074626866,70.1492537313433,61.940298507462686,8.208955223880597
E00076893,61,19,4,15,42,36,6,31.147540983606557,6.557377049180328,24.59016393442623,68.85245901639344,59.01639344262295,9.836065573770492
E00076894,115,36,16,20,79,72,7,31.30434782608696,13.91304347826087,17.391304347826086,68.69565217391305,62.60869565217392,6.086956521739131
E00076895,137,47,22,25,90,72,18,34.306569343065696,16.05839416058394,18.248175182481752,65.69343065693431,52.55474452554745,13.138686131386862
E00076896,134,47,17,30,87,75,12,35.07462686567165,12.686567164179104,22.388059701492537,64.92537313432835,55.970149253731336,8.955223880597014
E00076897,164,52,20,32,112,94,18,31.70731707317073,12.195121951219512,19.51219512195122,68.29268292682927,57.3170731707317,10.975609756097562
E00076898,131,48,14,34,83,72,11,36.6412213740458,10.687022900763358,25.954198473282442,63.358778625954194,54.961832061068705,8.396946564885496
E00076899,100,38,8,30,62,54,8,38,8,30,62,54,8
E00076900,127,47,14,33,80,72,8,37.00787401574803,11.023622047244094,25.984251968503933,62.99212598425197,56.69291338582677,6.299212598425196
E00076901,165,62,22,40,103,92,11,37.57575757575757,13.333333333333334,24.242424242424242,62.42424242424243,55.757575757575765,6.666666666666667
E00076902,108,42,7,35,66,59,7,38.88888888888889,6.481481481481481,32.407407407407405,61.111111111111114,54.629629629629626,6.481481481481481
E00076903,100,40,14,26,60,46,14,40,14.000000000000002,26,60,46,14.000000000000002
E00076904,174,50,13,37,124,109,15,28.735632183908045,7.471264367816093,21.26436781609195,71.26436781609196,62.643678160919535,8.620689655172415
E00076905,172,70,38,32,102,82,20,40.69767441860465,22.093023255813954,18.6046511627907,59.30232558139535,47.674418604651166,11.627906976744185
E00076906,129,58,19,39,71,61,10,44.96124031007752,14.728682170542637,30.23255813953488,55.03875968992248,47.286821705426355,7.751937984496124
E00076907,193,70,18,52,123,106,17,36.26943005181347,9.32642487046632,26.94300518134715,63.730569948186535,54.92227979274611,8.808290155440414
E00076908,172,52,11,41,120,100,20,30.23255813953488,6.395348837209303,23.837209302325583,69.76744186046511,58.139534883720934,11.627906976744185
E00076909,126,44,11,33,82,75,7,34.92063492063492,8.73015873015873,26.190476190476193,65.07936507936508,59.523809523809526,5.555555555555555
E00076910,137,57,16,41,80,62,18,41.605839416058394,11.678832116788321,29.927007299270077,58.3941605839416,45.25547445255474,13.138686131386862
E00076911,122,42,11,31,80,73,7,34.42622950819672,9.01639344262295,25.40983606557377,65.57377049180327,59.83606557377049,5.737704918032787
E00076912,139,54,17,37,85,70,15,38.84892086330935,12.23021582733813,26.618705035971225,61.15107913669065,50.35971223021583,10.79136690647482
E00076913,81,36,15,21,45,42,3,44.44444444444444,18.51851851851852,25.925925925925924,55.55555555555556,51.85185185185185,3.7037037037037033
E00076914,91,30,12,18,61,58,3,32.967032967032964,13.186813186813188,19.78021978021978,67.03296703296702,63.73626373626373,3.296703296703297
E00076915,81,33,14,19,48,44,4,40.74074074074074,17.28395061728395,23.456790123456788,59.25925925925925,54.32098765432099,4.938271604938271
E00076916,136,47,14,33,89,81,8,34.55882352941176,10.294117647058822,24.264705882352942,65.44117647058823,59.55882352941176,5.88235294117647
E00076917,48,24,9,15,24,19,5,50,18.75,31.25,50,39.58333333333333,10.416666666666668
E00076918,124,41,19,22,83,76,7,33.064516129032256,15.32258064516129,17.741935483870968,66.93548387096774,61.29032258064516,5.64516129032258
E00076919,94,47,21,26,47,42,5,50,22.340425531914892,27.659574468085108,50,44.680851063829785,5.319148936170213
E00076920,106,52,18,34,54,48,6,49.056603773584904,16.9811320754717,32.075471698113205,50.943396226415096,45.28301886792453,5.660377358490567
E00076921,122,39,11,28,83,73,10,31.967213114754102,9.01639344262295,22.950819672131146,68.0327868852459,59.83606557377049,8.19672131147541
E00076922,164,64,11,53,100,89,11,39.02439024390244,6.707317073170732,32.31707317073171,60.97560975609756,54.268292682926834,6.707317073170732
E00076923,152,48,25,23,104,86,18,31.57894736842105,16.447368421052634,15.131578947368421,68.42105263157895,56.57894736842105,11.842105263157894
E00076924,109,30,10,20,79,69,10,27.522935779816514,9.174311926605505,18.34862385321101,72.47706422018348,63.30275229357798,9.174311926605505
E00076925,135,51,15,36,84,71,13,37.77777777777778,11.11111111111111,26.666666666666668,62.22222222222222,52.59259259259259,9.62962962962963
E00076926,130,49,12,37,81,74,7,37.69230769230769,9.230769230769232,28.46153846153846,62.30769230769231,56.92307692307692,5.384615384615385
E00076927,166,66,20,46,100,83,17,39.75903614457831,12.048192771084338,27.710843373493976,60.24096385542169,50,10.240963855421686
E00076928,131,43,15,28,88,67,21,32.82442748091603,11.450381679389313,21.374045801526716,67.17557251908397,51.14503816793893,16.030534351145036
E00076929,127,44,11,33,83,70,13,34.645669291338585,8.661417322834646,25.984251968503933,65.35433070866141,55.118110236220474,10.236220472440944
E00076930,151,54,15,39,97,86,11,35.76158940397351,9.933774834437086,25.82781456953642,64.23841059602648,56.95364238410596,7.28476821192053
E00076931,107,39,12,27,68,62,6,36.44859813084112,11.214953271028037,25.233644859813083,63.55140186915887,57.943925233644855,5.607476635514018
E00076932,141,38,16,22,103,81,22,26.95035460992908,11.347517730496454,15.602836879432624,73.04964539007092,57.446808510638306,15.602836879432624
E00076933,61,22,9,13,39,30,9,36.0655737704918,14.754098360655737,21.311475409836063,63.934426229508205,49.18032786885246,14.754098360655737
E00076934,92,38,12,26,54,50,4,41.30434782608695,13.043478260869565,28.26086956521739,58.69565217391305,54.347826086956516,4.3478260869565215
E00076935,122,40,14,26,82,59,23,32.78688524590164,11.475409836065573,21.311475409836063,67.21311475409836,48.36065573770492,18.852459016393443
E00076936,112,41,17,24,71,61,10,36.607142857142854,15.178571428571427,21.428571428571427,63.39285714285714,54.46428571428571,8.928571428571429
E00076937,89,33,10,23,56,43,13,37.07865168539326,11.235955056179774,25.842696629213485,62.92134831460674,48.31460674157304,14.606741573033707
E00076938,117,45,14,31,72,59,13,38.46153846153847,11.965811965811966,26.495726495726498,61.53846153846154,50.427350427350426,11.11111111111111
E00076939,174,55,17,38,119,105,14,31.60919540229885,9.770114942528735,21.839080459770116,68.39080459770115,60.3448275862069,8.045977011494253
E00076940,169,62,22,40,107,100,7,36.68639053254438,13.017751479289942,23.668639053254438,63.31360946745562,59.171597633136095,4.142011834319527
E00076941,140,53,14,39,87,78,9,37.857142857142854,10,27.857142857142858,62.142857142857146,55.714285714285715,6.428571428571428
E00076942,120,43,17,26,77,69,8,35.833333333333336,14.166666666666666,21.666666666666668,64.16666666666667,57.49999999999999,6.666666666666667
E00076943,143,54,16,38,89,81,8,37.76223776223776,11.188811188811188,26.573426573426573,62.23776223776224,56.64335664335665,5.594405594405594
E00076944,131,52,14,38,79,70,9,39.69465648854962,10.687022900763358,29.00763358778626,60.30534351145038,53.43511450381679,6.870229007633588
E00076945,109,45,16,29,64,56,8,41.284403669724774,14.678899082568808,26.605504587155966,58.71559633027523,51.37614678899083,7.339449541284404
E00076946,108,48,15,33,60,52,8,44.44444444444444,13.88888888888889,30.555555555555557,55.55555555555556,48.148148148148145,7.4074074074074066
E00076947,146,63,16,47,83,68,15,43.15068493150685,10.95890410958904,32.19178082191781,56.849315068493155,46.57534246575342,10.273972602739725
E00076948,154,53,11,42,101,89,12,34.41558441558442,7.142857142857142,27.27272727272727,65.5844155844156,57.7922077922078,7.792207792207792
E00076949,130,45,14,31,85,70,15,34.61538461538461,10.76923076923077,23.846153846153847,65.38461538461539,53.84615384615385,11.538461538461538
E00076950,108,43,11,32,65,52,13,39.81481481481482,10.185185185185185,29.629629629629626,60.18518518518518,48.148148148148145,12.037037037037036
E00076951,108,36,19,17,72,63,9,33.33333333333333,17.59259259259259,15.74074074074074,66.66666666666666,58.333333333333336,8.333333333333332
E00076952,95,42,11,31,53,43,10,44.21052631578947,11.578947368421053,32.631578947368425,55.78947368421052,45.26315789473684,10.526315789473683
E00076953,142,50,12,38,92,81,11,35.2112676056338,8.450704225352112,26.76056338028169,64.7887323943662,57.04225352112676,7.746478873239436
E00076954,166,55,17,38,111,92,19,33.13253012048193,10.240963855421686,22.89156626506024,66.86746987951807,55.42168674698795,11.44578313253012
E00076955,155,57,18,39,98,87,11,36.774193548387096,11.612903225806452,25.161290322580644,63.2258064516129,56.12903225806451,7.096774193548387
E00076956,137,41,15,26,96,79,17,29.927007299270077,10.948905109489052,18.97810218978102,70.07299270072993,57.66423357664233,12.408759124087592
E00076957,101,38,9,29,63,53,10,37.62376237623762,8.91089108910891,28.71287128712871,62.37623762376238,52.475247524752476,9.900990099009901
E00076958,105,49,16,33,56,43,13,46.666666666666664,15.238095238095239,31.428571428571427,53.333333333333336,40.95238095238095,12.380952380952381
E00076959,133,48,15,33,85,70,15,36.09022556390977,11.278195488721805,24.81203007518797,63.90977443609023,52.63157894736842,11.278195488721805
E00076960,149,54,21,33,95,72,23,36.241610738255034,14.093959731543624,22.14765100671141,63.758389261744966,48.322147651006716,15.436241610738255
E00076961,111,34,13,21,77,66,11,30.630630630630627,11.711711711711711,18.91891891891892,69.36936936936937,59.45945945945946,9.90990990990991
E00076962,4,0,0,0,4,3,1,0,0,0,100,75,25
E00076963,94,37,16,21,57,46,11,39.361702127659576,17.02127659574468,22.340425531914892,60.63829787234043,48.93617021276596,11.702127659574469
E00076964,183,51,18,33,132,111,21,27.86885245901639,9.836065573770492,18.0327868852459,72.1311475409836,60.65573770491803,11.475409836065573
E00076965,131,53,13,40,78,69,9,40.458015267175576,9.923664122137405,30.53435114503817,59.541984732824424,52.67175572519084,6.870229007633588
E00076966,140,49,21,28,91,86,5,35,15,20,65,61.42857142857143,3.571428571428571
E00076967,152,54,15,39,98,84,14,35.526315789473685,9.868421052631579,25.657894736842106,64.47368421052632,55.26315789473685,9.210526315789473
E00076968,100,41,19,22,59,50,9,41,19,22,59,50,9
E00076969,94,22,5,17,72,55,17,23.404255319148938,5.319148936170213,18.085106382978726,76.59574468085107,58.51063829787234,18.085106382978726
E00076970,89,27,5,22,62,52,10,30.337078651685395,5.617977528089887,24.719101123595504,69.66292134831461,58.42696629213483,11.235955056179774
E00076971,184,59,20,39,125,106,19,32.065217391304344,10.869565217391305,21.195652173913043,67.93478260869566,57.608695652173914,10.326086956521738
E00076972,148,47,18,29,101,82,19,31.756756756756754,12.162162162162163,19.594594594594593,68.24324324324324,55.4054054054054,12.837837837837837
E00076973,117,39,6,33,78,70,8,33.33333333333333,5.128205128205128,28.205128205128204,66.66666666666666,59.82905982905983,6.837606837606838
E00076974,90,41,8,33,49,41,8,45.55555555555556,8.88888888888889,36.666666666666664,54.44444444444444,45.55555555555556,8.88888888888889
E00076975,74,28,12,16,46,38,8,37.83783783783784,16.216216216216218,21.62162162162162,62.16216216216216,51.35135135135135,10.81081081081081
E00076976,122,34,12,22,88,63,25,27.86885245901639,9.836065573770492,18.0327868852459,72.1311475409836,51.63934426229508,20.491803278688526
E00076977,122,40,22,18,82,75,7,32.78688524590164,18.0327868852459,14.754098360655737,67.21311475409836,61.47540983606557,5.737704918032787
E00076978,93,32,10,22,61,51,10,34.40860215053764,10.75268817204301,23.655913978494624,65.59139784946237,54.83870967741935,10.75268817204301
E00076979,133,49,19,30,84,65,19,36.84210526315789,14.285714285714285,22.55639097744361,63.1578947368421,48.87218045112782,14.285714285714285
E00076980,100,39,9,30,61,48,13,39,9,30,61,48,13
E00076981,100,41,17,24,59,46,13,41,17,24,59,46,13
E00076982,197,91,28,63,106,90,16,46.192893401015226,14.213197969543149,31.979695431472084,53.80710659898477,45.68527918781726,8.121827411167512
E00076983,81,18,8,10,63,54,9,22.22222222222222,9.876543209876543,12.345679012345679,77.77777777777779,66.66666666666666,11.11111111111111
E00076984,97,35,8,27,62,57,5,36.08247422680412,8.24742268041237,27.835051546391753,63.91752577319587,58.76288659793815,5.154639175257731
E00076985,134,55,20,35,79,50,29,41.04477611940299,14.925373134328357,26.119402985074625,58.95522388059702,37.3134328358209,21.641791044776117
E00076986,182,61,24,37,121,96,25,33.51648351648351,13.186813186813188,20.32967032967033,66.48351648351648,52.74725274725275,13.736263736263737
E00076987,130,55,17,38,75,69,6,42.30769230769231,13.076923076923078,29.230769230769234,57.692307692307686,53.07692307692308,4.615384615384616
E00076988,91,30,7,23,61,50,11,32.967032967032964,7.6923076923076925,25.274725274725274,67.03296703296702,54.94505494505495,12.087912087912088
E00076989,121,48,17,31,73,68,5,39.66942148760331,14.049586776859504,25.6198347107438,60.33057851239669,56.19834710743802,4.132231404958678
E00076990,144,54,19,35,90,73,17,37.5,13.194444444444445,24.305555555555554,62.5,50.69444444444444,11.805555555555555
E00076991,97,41,14,27,56,47,9,42.2680412371134,14.432989690721648,27.835051546391753,57.73195876288659,48.45360824742268,9.278350515463918
E00076992,149,54,20,34,95,72,23,36.241610738255034,13.422818791946309,22.818791946308725,63.758389261744966,48.322147651006716,15.436241610738255
E00076993,84,47,17,30,37,26,11,55.952380952380956,20.238095238095237,35.714285714285715,44.047619047619044,30.952380952380953,13.095238095238097
E00076994,68,19,5,14,49,33,16,27.941176470588236,7.352941176470589,20.588235294117645,72.05882352941177,48.529411764705884,23.52941176470588
E00076995,102,32,13,19,70,60,10,31.372549019607842,12.745098039215685,18.627450980392158,68.62745098039215,58.82352941176471,9.803921568627452
E00076996,116,41,19,22,75,58,17,35.3448275862069,16.379310344827587,18.96551724137931,64.65517241379311,50,14.655172413793101
E00076997,160,42,11,31,118,104,14,26.25,6.875000000000001,19.375,73.75,65,8.75
E00076998,144,58,12,46,86,74,12,40.27777777777778,8.333333333333332,31.944444444444443,59.72222222222222,51.388888888888886,8.333333333333332
E00076999,79,32,9,23,47,36,11,40.50632911392405,11.39240506329114,29.11392405063291,59.49367088607595,45.56962025316456,13.924050632911392
E00077000,106,34,11,23,72,64,8,32.075471698113205,10.377358490566039,21.69811320754717,67.9245283018868,60.37735849056604,7.547169811320755
E00077001,97,39,10,29,58,45,13,40.20618556701031,10.309278350515463,29.896907216494846,59.79381443298969,46.391752577319586,13.402061855670103
E00077002,186,58,16,42,128,112,16,31.182795698924732,8.60215053763441,22.58064516129032,68.81720430107528,60.215053763440864,8.60215053763441
E00077003,102,31,10,21,71,61,10,30.392156862745097,9.803921568627452,20.588235294117645,69.6078431372549,59.80392156862745,9.803921568627452
E00077004,140,37,8,29,103,89,14,26.42857142857143,5.714285714285714,20.714285714285715,73.57142857142858,63.57142857142857,10
E00077005,152,56,18,38,96,78,18,36.84210526315789,11.842105263157894,25,63.1578947368421,51.31578947368421,11.842105263157894
E00077006,152,61,16,45,91,72,19,40.131578947368425,10.526315789473683,29.605263157894733,59.86842105263158,47.368421052631575,12.5
E00077007,170,54,15,39,116,101,15,31.76470588235294,8.823529411764707,22.941176470588236,68.23529411764706,59.411764705882355,8.823529411764707
E00077008,107,40,13,27,67,56,11,37.38317757009346,12.149532710280374,25.233644859813083,62.616822429906534,52.336448598130836,10.2803738317757
E00077009,116,44,7,37,72,65,7,37.93103448275862,6.0344827586206895,31.896551724137932,62.06896551724138,56.03448275862068,6.0344827586206895
E00077010,83,29,11,18,54,48,6,34.93975903614458,13.253012048192772,21.686746987951807,65.06024096385542,57.831325301204814,7.228915662650602
E00077011,135,47,14,33,88,73,15,34.81481481481482,10.37037037037037,24.444444444444443,65.18518518518519,54.074074074074076,11.11111111111111
E00077012,84,35,13,22,49,42,7,41.66666666666667,15.476190476190476,26.190476190476193,58.333333333333336,50,8.333333333333332
E00077013,103,43,23,20,60,50,10,41.74757281553398,22.330097087378643,19.41747572815534,58.252427184466015,48.54368932038835,9.70873786407767
E00077014,134,56,18,38,78,74,4,41.7910447761194,13.432835820895523,28.35820895522388,58.2089552238806,55.223880597014926,2.9850746268656714
E00077015,89,45,21,24,44,40,4,50.56179775280899,23.595505617977526,26.96629213483146,49.43820224719101,44.9438202247191,4.49438202247191
E00077016,110,42,20,22,68,53,15,38.18181818181819,18.181818181818183,20,61.81818181818181,48.18181818181818,13.636363636363635
E00077017,154,56,18,38,98,88,10,36.36363636363637,11.688311688311687,24.675324675324674,63.63636363636363,57.14285714285714,6.493506493506493
E00077018,136,57,13,44,79,67,12,41.911764705882355,9.558823529411764,32.35294117647059,58.08823529411765,49.26470588235294,8.823529411764707
E00077019,93,37,8,29,56,51,5,39.784946236559136,8.60215053763441,31.182795698924732,60.215053763440864,54.83870967741935,5.376344086021505
E00077020,153,49,19,30,104,94,10,32.02614379084967,12.418300653594772,19.607843137254903,67.97385620915033,61.43790849673203,6.535947712418301
E00077021,79,29,11,18,50,38,12,36.708860759493675,13.924050632911392,22.78481012658228,63.29113924050633,48.10126582278481,15.18987341772152
E00077022,116,45,16,29,71,63,8,38.793103448275865,13.793103448275861,25,61.206896551724135,54.310344827586206,6.896551724137931
E00077023,112,41,15,26,71,62,9,36.607142857142854,13.392857142857142,23.214285714285715,63.39285714285714,55.35714285714286,8.035714285714286
E00077024,131,43,18,25,88,76,12,32.82442748091603,13.740458015267176,19.083969465648856,67.17557251908397,58.01526717557252,9.16030534351145
E00077025,135,65,30,35,70,57,13,48.148148148148145,22.22222222222222,25.925925925925924,51.85185185185185,42.22222222222222,9.62962962962963
E00077026,180,53,11,42,127,106,21,29.444444444444446,6.111111111111111,23.333333333333332,70.55555555555556,58.88888888888889,11.666666666666666
E00077027,73,23,8,15,50,43,7,31.506849315068493,10.95890410958904,20.54794520547945,68.4931506849315,58.9041095890411,9.58904109589041
E00077028,172,69,13,56,103,89,14,40.116279069767444,7.55813953488372,32.55813953488372,59.883720930232556,51.74418604651163,8.13953488372093
E00077029,168,56,15,41,112,95,17,33.33333333333333,8.928571428571429,24.404761904761905,66.66666666666666,56.547619047619044,10.119047619047619
E00077030,84,34,13,21,50,40,10,40.476190476190474,15.476190476190476,25,59.523809523809526,47.61904761904761,11.904761904761903
E00077031,101,39,17,22,62,51,11,38.613861386138616,16.831683168316832,21.782178217821784,61.386138613861384,50.495049504950494,10.891089108910892
E00077032,153,55,18,37,98,83,15,35.947712418300654,11.76470588235294,24.183006535947712,64.05228758169935,54.248366013071895,9.803921568627452
E00077033,115,31,12,19,84,69,15,26.956521739130434,10.434782608695652,16.52173913043478,73.04347826086956,60,13.043478260869565
E00077034,56,19,7,12,37,31,6,33.92857142857143,12.5,21.428571428571427,66.07142857142857,55.35714285714286,10.714285714285714
E00077035,143,46,18,28,97,77,20,32.16783216783217,12.587412587412588,19.58041958041958,67.83216783216784,53.84615384615385,13.986013986013987
E00077036,94,42,12,30,52,42,10,44.680851063829785,12.76595744680851,31.914893617021278,55.319148936170215,44.680851063829785,10.638297872340425
E00077037,77,25,10,15,52,40,12,32.467532467532465,12.987012987012985,19.480519480519483,67.53246753246754,51.94805194805194,15.584415584415584
E00077038,86,30,11,19,56,39,17,34.883720930232556,12.790697674418606,22.093023255813954,65.11627906976744,45.348837209302324,19.767441860465116
E00077039,115,42,16,26,73,59,14,36.52173913043478,13.91304347826087,22.608695652173914,63.47826086956522,51.30434782608696,12.173913043478262
E00077040,104,29,17,12,75,66,9,27.884615384615387,16.346153846153847,11.538461538461538,72.11538461538461,63.46153846153846,8.653846153846153
E00077042,134,53,23,30,81,68,13,39.55223880597015,17.16417910447761,22.388059701492537,60.447761194029844,50.74626865671642,9.701492537313433
E00077043,133,52,27,25,81,73,8,39.097744360902254,20.30075187969925,18.796992481203006,60.902255639097746,54.88721804511278,6.015037593984962
E00077044,117,48,12,36,69,62,7,41.02564102564102,10.256410256410255,30.76923076923077,58.97435897435898,52.991452991452995,5.982905982905983
E00077045,122,42,9,33,80,66,14,34.42622950819672,7.377049180327869,27.049180327868854,65.57377049180327,54.09836065573771,11.475409836065573
E00077046,154,51,16,35,103,81,22,33.116883116883116,10.38961038961039,22.727272727272727,66.88311688311688,52.5974025974026,14.285714285714285
E00077047,96,38,11,27,58,50,8,39.58333333333333,11.458333333333332,28.125,60.416666666666664,52.083333333333336,8.333333333333332
E00077048,121,46,16,30,75,65,10,38.01652892561984,13.223140495867769,24.793388429752067,61.98347107438017,53.71900826446281,8.264462809917356
E00077049,107,38,13,25,69,53,16,35.51401869158878,12.149532710280374,23.364485981308412,64.48598130841121,49.532710280373834,14.953271028037381
E00077050,122,47,11,36,75,67,8,38.52459016393443,9.01639344262295,29.508196721311474,61.47540983606557,54.91803278688525,6.557377049180328
E00077051,96,25,9,16,71,61,10,26.041666666666668,9.375,16.666666666666664,73.95833333333334,63.541666666666664,10.416666666666668
E00077052,62,21,10,11,41,29,12,33.87096774193548,16.129032258064516,17.741935483870968,66.12903225806451,46.774193548387096,19.35483870967742
E00077053,126,40,15,25,86,73,13,31.746031746031743,11.904761904761903,19.841269841269842,68.25396825396825,57.936507936507944,10.317460317460316
E00077054,114,46,13,33,68,56,12,40.35087719298245,11.403508771929824,28.947368421052634,59.64912280701754,49.122807017543856,10.526315789473683
E00077055,118,49,20,29,69,56,13,41.52542372881356,16.94915254237288,24.576271186440678,58.47457627118644,47.45762711864407,11.016949152542372
E00077057,174,55,13,42,119,107,12,31.60919540229885,7.471264367816093,24.137931034482758,68.39080459770115,61.49425287356321,6.896551724137931
E00077058,143,38,0,38,105,94,11,26.573426573426573,0,26.573426573426573,73.42657342657343,65.73426573426573,7.6923076923076925
E00077059,168,67,15,52,101,88,13,39.88095238095239,8.928571428571429,30.952380952380953,60.11904761904761,52.38095238095239,7.738095238095238
E00077062,218,77,30,47,141,112,29,35.321100917431195,13.761467889908257,21.55963302752294,64.6788990825688,51.37614678899083,13.302752293577983
E00077063,200,68,17,51,132,110,22,34,8.5,25.5,66,55.00000000000001,11
E00077064,209,62,22,40,147,128,19,29.665071770334926,10.526315789473683,19.138755980861244,70.33492822966507,61.24401913875598,9.090909090909092
E00077065,99,36,16,20,63,50,13,36.36363636363637,16.161616161616163,20.2020202020202,63.63636363636363,50.505050505050505,13.131313131313133
E00077066,150,51,16,35,99,93,6,34,10.666666666666668,23.333333333333332,66,62,4
E00077067,126,42,16,26,84,72,12,33.33333333333333,12.698412698412698,20.634920634920633,66.66666666666666,57.14285714285714,9.523809523809524
E00077068,155,57,22,35,98,76,22,36.774193548387096,14.193548387096774,22.58064516129032,63.2258064516129,49.03225806451613,14.193548387096774
E00077069,141,38,7,31,103,94,9,26.95035460992908,4.964539007092199,21.98581560283688,73.04964539007092,66.66666666666666,6.382978723404255
E00077070,91,24,6,18,67,59,8,26.373626373626376,6.593406593406594,19.78021978021978,73.62637362637363,64.83516483516483,8.791208791208792
E00077071,132,42,12,30,90,79,11,31.818181818181817,9.090909090909092,22.727272727272727,68.18181818181817,59.84848484848485,8.333333333333332
E00077072,133,33,12,21,100,92,8,24.81203007518797,9.022556390977442,15.789473684210526,75.18796992481202,69.17293233082707,6.015037593984962
E00077073,127,29,7,22,98,84,14,22.83464566929134,5.511811023622047,17.322834645669293,77.16535433070865,66.14173228346458,11.023622047244094
E00077074,109,52,16,36,57,46,11,47.706422018348626,14.678899082568808,33.02752293577982,52.293577981651374,42.201834862385326,10.091743119266056
E00077075,160,60,25,35,100,91,9,37.5,15.625,21.875,62.5,56.875,5.625
E00077076,136,63,24,39,73,65,8,46.32352941176471,17.647058823529413,28.676470588235293,53.67647058823529,47.794117647058826,5.88235294117647
E00077077,187,59,12,47,128,119,9,31.550802139037433,6.417112299465241,25.13368983957219,68.44919786096256,63.63636363636363,4.81283422459893
E00077078,29,17,3,14,12,10,2,58.620689655172406,10.344827586206897,48.275862068965516,41.37931034482759,34.48275862068966,6.896551724137931
E00077079,176,55,13,42,121,103,18,31.25,7.386363636363637,23.863636363636363,68.75,58.52272727272727,10.227272727272728
E00077080,189,76,32,44,113,93,20,40.21164021164021,16.93121693121693,23.28042328042328,59.78835978835979,49.2063492063492,10.582010582010582
E00077081,150,58,19,39,92,78,14,38.666666666666664,12.666666666666668,26,61.33333333333333,52,9.333333333333334
E00077082,136,47,14,33,89,80,9,34.55882352941176,10.294117647058822,24.264705882352942,65.44117647058823,58.82352941176471,6.61764705882353
E00077083,63,19,4,15,44,40,4,30.158730158730158,6.349206349206349,23.809523809523807,69.84126984126983,63.49206349206349,6.349206349206349
E00077084,196,59,23,36,137,118,19,30.102040816326532,11.73469387755102,18.367346938775512,69.89795918367348,60.204081632653065,9.693877551020408
E00077085,114,40,9,31,74,64,10,35.08771929824561,7.894736842105263,27.192982456140353,64.91228070175438,56.14035087719298,8.771929824561402
E00077086,140,49,13,36,91,77,14,35,9.285714285714286,25.71428571428571,65,55.00000000000001,10
E00077087,138,55,16,39,83,74,9,39.85507246376812,11.594202898550725,28.26086956521739,60.14492753623188,53.62318840579711,6.521739130434782
E00077088,102,26,10,16,76,68,8,25.49019607843137,9.803921568627452,15.686274509803921,74.50980392156863,66.66666666666666,7.8431372549019605
E00077089,87,33,18,15,54,42,12,37.93103448275862,20.689655172413794,17.24137931034483,62.06896551724138,48.275862068965516,13.793103448275861
E00077090,161,57,27,30,104,85,19,35.40372670807454,16.77018633540373,18.633540372670808,64.59627329192547,52.79503105590062,11.801242236024844
E00077091,129,57,10,47,72,61,11,44.18604651162791,7.751937984496124,36.434108527131784,55.81395348837209,47.286821705426355,8.527131782945736
E00077092,88,33,13,20,55,47,8,37.5,14.772727272727273,22.727272727272727,62.5,53.40909090909091,9.090909090909092
E00077093,127,36,10,26,91,79,12,28.346456692913385,7.874015748031496,20.47244094488189,71.65354330708661,62.20472440944882,9.448818897637794
E00077094,72,26,10,16,46,41,5,36.11111111111111,13.88888888888889,22.22222222222222,63.888888888888886,56.94444444444444,6.944444444444445
E00077095,153,66,23,43,87,70,17,43.13725490196079,15.032679738562091,28.104575163398692,56.86274509803921,45.751633986928105,11.11111111111111
E00077096,153,48,10,38,105,85,20,31.372549019607842,6.535947712418301,24.836601307189543,68.62745098039215,55.55555555555556,13.071895424836603
E00077097,171,57,15,42,114,99,15,33.33333333333333,8.771929824561402,24.561403508771928,66.66666666666666,57.89473684210527,8.771929824561402
E00077098,143,53,14,39,90,85,5,37.06293706293706,9.79020979020979,27.27272727272727,62.93706293706294,59.44055944055944,3.4965034965034967
E00077099,66,32,9,23,34,28,6,48.484848484848484,13.636363636363635,34.84848484848485,51.515151515151516,42.42424242424242,9.090909090909092
E00077100,198,61,25,36,137,113,24,30.808080808080806,12.626262626262626,18.181818181818183,69.1919191919192,57.07070707070707,12.121212121212121
E00077101,243,87,28,59,156,138,18,35.80246913580247,11.522633744855968,24.279835390946502,64.19753086419753,56.79012345679012,7.4074074074074066
E00077102,138,54,17,37,84,76,8,39.130434782608695,12.318840579710146,26.811594202898554,60.86956521739131,55.072463768115945,5.797101449275362
E00077103,169,72,31,41,97,84,13,42.60355029585799,18.34319526627219,24.2603550295858,57.396449704142015,49.70414201183432,7.6923076923076925
E00077104,116,50,20,30,66,53,13,43.103448275862064,17.24137931034483,25.862068965517242,56.896551724137936,45.689655172413794,11.206896551724139
E00077105,153,56,15,41,97,78,19,36.60130718954248,9.803921568627452,26.797385620915033,63.39869281045751,50.98039215686274,12.418300653594772
E00077107,104,36,10,26,68,62,6,34.61538461538461,9.615384615384617,25,65.38461538461539,59.61538461538461,5.769230769230769
E00077108,160,55,18,37,105,91,14,34.375,11.25,23.125,65.625,56.875,8.75
E00077109,161,57,15,42,104,89,15,35.40372670807454,9.316770186335404,26.08695652173913,64.59627329192547,55.27950310559007,9.316770186335404
E00077110,114,43,13,30,71,60,11,37.719298245614034,11.403508771929824,26.31578947368421,62.28070175438597,52.63157894736842,9.649122807017543
E00077111,149,52,20,32,97,65,32,34.899328859060404,13.422818791946309,21.476510067114095,65.1006711409396,43.624161073825505,21.476510067114095
E00077112,164,64,18,46,100,87,13,39.02439024390244,10.975609756097562,28.04878048780488,60.97560975609756,53.04878048780488,7.926829268292683
E00077113,115,42,12,30,73,59,14,36.52173913043478,10.434782608695652,26.08695652173913,63.47826086956522,51.30434782608696,12.173913043478262
E00077114,198,55,21,34,143,111,32,27.77777777777778,10.606060606060606,17.17171717171717,72.22222222222221,56.060606060606055,16.161616161616163
E00077115,53,25,3,22,28,26,2,47.16981132075472,5.660377358490567,41.509433962264154,52.83018867924528,49.056603773584904,3.7735849056603774
E00077116,132,31,8,23,101,83,18,23.484848484848484,6.0606060606060606,17.424242424242426,76.51515151515152,62.878787878787875,13.636363636363635
E00077117,120,33,12,21,87,76,11,27.500000000000004,10,17.5,72.5,63.33333333333333,9.166666666666666
E00077118,115,38,10,28,77,68,9,33.04347826086956,8.695652173913043,24.347826086956523,66.95652173913044,59.130434782608695,7.82608695652174
E00077119,143,41,13,28,102,86,16,28.671328671328673,9.090909090909092,19.58041958041958,71.32867132867133,60.13986013986013,11.188811188811188
E00077120,130,34,10,24,96,84,12,26.153846153846157,7.6923076923076925,18.461538461538463,73.84615384615385,64.61538461538461,9.230769230769232
E00077121,136,43,19,24,93,79,14,31.61764705882353,13.970588235294118,17.647058823529413,68.38235294117648,58.08823529411765,10.294117647058822
E00077122,102,43,17,26,59,53,6,42.15686274509804,16.666666666666664,25.49019607843137,57.84313725490197,51.9607843137255,5.88235294117647
E00077123,95,23,10,13,72,60,12,24.210526315789473,10.526315789473683,13.684210526315791,75.78947368421053,63.1578947368421,12.631578947368421
E00077124,119,40,14,26,79,70,9,33.61344537815126,11.76470588235294,21.84873949579832,66.38655462184873,58.82352941176471,7.563025210084033
E00077125,120,45,7,38,75,63,12,37.5,5.833333333333333,31.666666666666664,62.5,52.5,10
E00077126,61,20,5,15,41,34,7,32.78688524590164,8.19672131147541,24.59016393442623,67.21311475409836,55.73770491803278,11.475409836065573
E00077127,103,39,10,29,64,54,10,37.86407766990291,9.70873786407767,28.155339805825243,62.13592233009708,52.42718446601942,9.70873786407767
E00077128,68,30,11,19,38,35,3,44.11764705882353,16.176470588235293,27.941176470588236,55.88235294117647,51.470588235294116,4.411764705882353
E00077129,141,55,22,33,86,73,13,39.00709219858156,15.602836879432624,23.404255319148938,60.99290780141844,51.77304964539007,9.219858156028367
E00077130,72,19,7,12,53,48,5,26.38888888888889,9.722222222222223,16.666666666666664,73.61111111111111,66.66666666666666,6.944444444444445
E00077131,96,42,10,32,54,45,9,43.75,10.416666666666668,33.33333333333333,56.25,46.875,9.375
E00077132,156,52,15,37,104,92,12,33.33333333333333,9.615384615384617,23.717948717948715,66.66666666666666,58.97435897435898,7.6923076923076925
E00077133,158,57,20,37,101,89,12,36.075949367088604,12.658227848101266,23.417721518987342,63.92405063291139,56.32911392405063,7.59493670886076
E00077134,87,36,12,24,51,39,12,41.37931034482759,13.793103448275861,27.586206896551722,58.620689655172406,44.827586206896555,13.793103448275861
E00077135,161,57,21,36,104,88,16,35.40372670807454,13.043478260869565,22.36024844720497,64.59627329192547,54.6583850931677,9.937888198757763
E00077136,164,66,20,46,98,86,12,40.243902439024396,12.195121951219512,28.04878048780488,59.756097560975604,52.4390243902439,7.317073170731707
E00077137,124,50,11,39,74,67,7,40.32258064516129,8.870967741935484,31.451612903225808,59.67741935483871,54.03225806451613,5.64516129032258
E00077138,122,48,11,37,74,66,8,39.34426229508197,9.01639344262295,30.327868852459016,60.65573770491803,54.09836065573771,6.557377049180328
E00077139,140,45,16,29,95,82,13,32.142857142857146,11.428571428571429,20.714285714285715,67.85714285714286,58.57142857142858,9.285714285714286
E00077140,146,42,11,31,104,95,9,28.767123287671232,7.534246575342466,21.232876712328768,71.23287671232876,65.06849315068493,6.164383561643835
E00077141,87,32,8,24,55,55,0,36.7816091954023,9.195402298850574,27.586206896551722,63.2183908045977,63.2183908045977,0
E00077142,186,77,20,57,109,101,8,41.39784946236559,10.75268817204301,30.64516129032258,58.602150537634415,54.3010752688172,4.301075268817205
E00077143,141,49,9,40,92,80,12,34.751773049645394,6.382978723404255,28.368794326241137,65.24822695035462,56.73758865248227,8.51063829787234
E00077144,118,60,25,35,58,50,8,50.847457627118644,21.1864406779661,29.66101694915254,49.152542372881356,42.3728813559322,6.779661016949152
E00077145,90,41,12,29,49,46,3,45.55555555555556,13.333333333333334,32.22222222222222,54.44444444444444,51.11111111111111,3.3333333333333335
E00077146,125,40,14,26,85,74,11,32,11.200000000000001,20.8,68,59.199999999999996,8.799999999999999
E00077147,94,33,11,22,61,52,9,35.1063829787234,11.702127659574469,23.404255319148938,64.8936170212766,55.319148936170215,9.574468085106384
E00077148,101,32,15,17,69,52,17,31.683168316831683,14.85148514851485,16.831683168316832,68.31683168316832,51.48514851485149,16.831683168316832
E00077149,117,40,21,19,77,67,10,34.18803418803419,17.94871794871795,16.23931623931624,65.8119658119658,57.26495726495726,8.547008547008547
E00077150,118,44,14,30,74,60,14,37.28813559322034,11.864406779661017,25.423728813559322,62.71186440677966,50.847457627118644,11.864406779661017
E00077151,103,37,16,21,66,48,18,35.92233009708738,15.53398058252427,20.388349514563107,64.07766990291263,46.601941747572816,17.475728155339805
E00077152,126,40,16,24,86,70,16,31.746031746031743,12.698412698412698,19.047619047619047,68.25396825396825,55.55555555555556,12.698412698412698
E00077153,96,38,17,21,58,50,8,39.58333333333333,17.708333333333336,21.875,60.416666666666664,52.083333333333336,8.333333333333332
E00077154,134,55,31,24,79,69,10,41.04477611940299,23.134328358208954,17.91044776119403,58.95522388059702,51.49253731343284,7.462686567164178
E00077155,70,27,10,17,43,38,5,38.57142857142858,14.285714285714285,24.285714285714285,61.42857142857143,54.285714285714285,7.142857142857142
E00077156,123,49,17,32,74,59,15,39.83739837398374,13.821138211382115,26.01626016260163,60.16260162601627,47.96747967479675,12.195121951219512
E00077157,121,39,12,27,82,70,12,32.231404958677686,9.917355371900827,22.31404958677686,67.76859504132231,57.85123966942148,9.917355371900827
E00077158,85,39,20,19,46,28,18,45.88235294117647,23.52941176470588,22.35294117647059,54.11764705882353,32.94117647058823,21.176470588235293
E00077159,101,39,15,24,62,45,17,38.613861386138616,14.85148514851485,23.762376237623762,61.386138613861384,44.554455445544555,16.831683168316832
E00077160,93,37,17,20,56,44,12,39.784946236559136,18.27956989247312,21.50537634408602,60.215053763440864,47.31182795698925,12.903225806451612
E00077161,122,51,17,34,71,60,11,41.80327868852459,13.934426229508196,27.86885245901639,58.19672131147541,49.18032786885246,9.01639344262295
E00077162,64,31,14,17,33,26,7,48.4375,21.875,26.5625,51.5625,40.625,10.9375
E00077163,71,18,5,13,53,47,6,25.352112676056336,7.042253521126761,18.30985915492958,74.64788732394366,66.19718309859155,8.450704225352112
E00077164,159,49,18,31,110,97,13,30.81761006289308,11.320754716981133,19.49685534591195,69.18238993710692,61.0062893081761,8.176100628930817
E00077165,76,26,12,14,50,41,9,34.21052631578947,15.789473684210526,18.421052631578945,65.78947368421053,53.94736842105263,11.842105263157894
E00077166,119,38,13,25,81,72,9,31.932773109243694,10.92436974789916,21.008403361344538,68.0672268907563,60.50420168067227,7.563025210084033
E00077167,143,48,19,29,95,76,19,33.56643356643357,13.286713286713287,20.27972027972028,66.43356643356644,53.14685314685315,13.286713286713287
E00077168,66,24,13,11,42,32,10,36.36363636363637,19.696969696969695,16.666666666666664,63.63636363636363,48.484848484848484,15.151515151515152
E00077169,63,25,12,13,38,32,6,39.682539682539684,19.047619047619047,20.634920634920633,60.317460317460316,50.79365079365079,9.523809523809524
E00077170,97,39,20,19,58,48,10,40.20618556701031,20.618556701030926,19.587628865979383,59.79381443298969,49.48453608247423,10.309278350515463
E00077171,129,40,15,25,89,86,3,31.007751937984494,11.627906976744185,19.379844961240313,68.9922480620155,66.66666666666666,2.3255813953488373
E00077172,74,29,12,17,45,37,8,39.189189189189186,16.216216216216218,22.972972972972975,60.810810810810814,50,10.81081081081081
E00077173,80,28,11,17,52,46,6,35,13.750000000000002,21.25,65,57.49999999999999,7.5
E00077174,108,31,18,13,77,59,18,28.703703703703702,16.666666666666664,12.037037037037036,71.29629629629629,54.629629629629626,16.666666666666664
E00077175,114,48,28,20,66,51,15,42.10526315789473,24.561403508771928,17.543859649122805,57.89473684210527,44.73684210526316,13.157894736842104
E00077176,50,28,13,15,22,18,4,56.00000000000001,26,30,44,36,8
E00077177,129,42,21,21,87,65,22,32.55813953488372,16.27906976744186,16.27906976744186,67.44186046511628,50.3875968992248,17.05426356589147
E00077178,79,19,4,15,60,55,5,24.050632911392405,5.063291139240507,18.9873417721519,75.9493670886076,69.62025316455697,6.329113924050633
E00165878,142,48,13,35,94,85,9,33.80281690140845,9.15492957746479,24.647887323943664,66.19718309859155,59.859154929577464,6.338028169014084
E00165880,123,49,20,29,74,63,11,39.83739837398374,16.260162601626014,23.577235772357724,60.16260162601627,51.21951219512195,8.94308943089431
E00165881,55,26,9,17,29,25,4,47.27272727272727,16.363636363636363,30.909090909090907,52.72727272727272,45.45454545454545,7.2727272727272725
E00165882,175,48,12,36,127,114,13,27.42857142857143,6.857142857142858,20.57142857142857,72.57142857142857,65.14285714285715,7.428571428571429
E00165883,119,46,12,34,73,58,15,38.655462184873954,10.084033613445378,28.57142857142857,61.34453781512605,48.739495798319325,12.605042016806722
E00165884,78,34,12,22,44,37,7,43.58974358974359,15.384615384615385,28.205128205128204,56.41025641025641,47.43589743589743,8.974358974358974
E00165885,83,31,17,14,52,44,8,37.34939759036144,20.481927710843372,16.867469879518072,62.65060240963856,53.01204819277109,9.63855421686747
E00165886,162,61,28,33,101,75,26,37.65432098765432,17.28395061728395,20.37037037037037,62.34567901234568,46.2962962962963,16.049382716049383
E00165887,69,35,12,23,34,27,7,50.72463768115942,17.391304347826086,33.33333333333333,49.275362318840585,39.130434782608695,10.144927536231885
E00165888,254,85,18,67,169,140,29,33.46456692913386,7.086614173228346,26.37795275590551,66.53543307086615,55.118110236220474,11.41732283464567
E00165889,83,25,8,17,58,49,9,30.120481927710845,9.63855421686747,20.481927710843372,69.87951807228916,59.036144578313255,10.843373493975903
E00165890,56,20,8,12,36,27,9,35.714285714285715,14.285714285714285,21.428571428571427,64.28571428571429,48.214285714285715,16.071428571428573
E00165891,235,97,30,67,138,114,24,41.27659574468085,12.76595744680851,28.510638297872344,58.723404255319146,48.51063829787234,10.212765957446807
E00181106,209,67,30,37,142,126,16,32.057416267942585,14.354066985645932,17.703349282296653,67.94258373205741,60.28708133971292,7.655502392344498
E00181117,214,66,14,52,148,125,23,30.8411214953271,6.5420560747663545,24.299065420560748,69.1588785046729,58.41121495327103,10.74766355140187
E00181119,200,47,19,28,153,129,24,23.5,9.5,14.000000000000002,76.5,64.5,12
E00181120,148,44,10,34,104,94,10,29.72972972972973,6.756756756756757,22.972972972972975,70.27027027027027,63.51351351351351,6.756756756756757
E00181122,221,42,9,33,179,143,36,19.004524886877828,4.072398190045249,14.93212669683258,80.99547511312217,64.70588235294117,16.289592760180994
E00181124,113,49,10,39,64,54,10,43.36283185840708,8.849557522123893,34.51327433628318,56.63716814159292,47.78761061946903,8.849557522123893
E00181127,116,41,12,29,75,64,11,35.3448275862069,10.344827586206897,25,64.65517241379311,55.172413793103445,9.482758620689655
E00181128,150,45,10,35,105,87,18,30,6.666666666666667,23.333333333333332,70,57.99999999999999,12
E00181145,123,35,14,21,88,75,13,28.455284552845526,11.38211382113821,17.073170731707318,71.54471544715447,60.97560975609756,10.569105691056912
E00181156,65,19,6,13,46,40,6,29.230769230769234,9.230769230769232,20,70.76923076923077,61.53846153846154,9.230769230769232
E00181160,64,22,7,15,42,32,10,34.375,10.9375,23.4375,65.625,50,15.625
E00181163,239,74,17,57,165,142,23,30.962343096234306,7.112970711297072,23.84937238493724,69.0376569037657,59.41422594142259,9.623430962343097
E00181194,168,50,13,37,118,105,13,29.761904761904763,7.738095238095238,22.023809523809522,70.23809523809523,62.5,7.738095238095238
