OA,ts0380001,ts0380002,ts0380003,ts0380004,ts0380005,ts0380006,ts0380007,ts0380002_PCT,ts0380003_PCT,ts0380004_PCT,ts0380005_PCT,ts0380006_PCT,ts0380007_PCT
E00076717,200,61,22,39,139,12,127,30.5,11,19.5,69.5,6,63.5
E00076718,398,95,44,51,303,27,276,23.869346733668344,11.055276381909549,12.814070351758794,76.13065326633166,6.78391959798995,69.34673366834171
E00076719,154,35,14,21,119,13,106,22.727272727272727,9.090909090909092,13.636363636363635,77.27272727272727,8.441558441558442,68.83116883116884
E00076720,219,51,17,34,168,19,149,23.28767123287671,7.76255707762557,15.52511415525114,76.71232876712328,8.67579908675799,68.0365296803653
E00076721,229,31,10,21,198,14,184,13.537117903930133,4.366812227074235,9.170305676855897,86.46288209606988,6.11353711790393,80.34934497816593
E00076722,307,79,45,34,228,17,211,25.732899022801302,14.65798045602606,11.074918566775244,74.2671009771987,5.537459283387622,68.72964169381108
E00076723,243,62,30,32,181,13,168,25.514403292181072,12.345679012345679,13.168724279835391,74.48559670781893,5.349794238683128,69.1358024691358
E00076724,307,103,67,36,204,10,194,33.55048859934853,21.824104234527688,11.726384364820847,66.44951140065146,3.257328990228013,63.19218241042345
E00076725,323,70,25,45,253,31,222,21.671826625387,7.739938080495357,13.93188854489164,78.328173374613,9.597523219814242,68.73065015479877
E00076726,183,35,17,18,148,20,128,19.12568306010929,9.289617486338798,9.836065573770492,80.87431693989072,10.92896174863388,69.94535519125684
E00076727,227,53,21,32,174,25,149,23.348017621145374,9.251101321585903,14.096916299559473,76.65198237885463,11.013215859030836,65.63876651982379
E00076728,257,68,31,37,189,20,169,26.459143968871597,12.062256809338521,14.396887159533073,73.54085603112841,7.782101167315175,65.75875486381322
E00076729,231,65,32,33,166,20,146,28.13852813852814,13.852813852813853,14.285714285714285,71.86147186147186,8.658008658008658,63.20346320346321
E00076730,270,78,43,35,192,22,170,28.888888888888886,15.925925925925927,12.962962962962962,71.11111111111111,8.148148148148149,62.96296296296296
E00076731,196,47,15,32,149,18,131,23.97959183673469,7.653061224489796,16.3265306122449,76.0204081632653,9.183673469387756,66.83673469387756
E00076732,564,94,32,62,470,44,426,16.666666666666664,5.673758865248227,10.99290780141844,83.33333333333334,7.801418439716312,75.53191489361703
E00076733,177,47,12,35,130,22,108,26.55367231638418,6.779661016949152,19.774011299435028,73.44632768361582,12.429378531073446,61.016949152542374
E00076734,300,57,22,35,243,29,214,19,7.333333333333333,11.666666666666666,81,9.666666666666666,71.33333333333334
E00076735,259,60,23,37,199,28,171,23.166023166023166,8.880308880308881,14.285714285714285,76.83397683397683,10.81081081081081,66.02316602316603
E00076736,218,66,34,32,152,14,138,30.275229357798167,15.59633027522936,14.678899082568808,69.72477064220183,6.422018348623854,63.30275229357798
E00076737,200,53,18,35,147,13,134,26.5,9,17.5,73.5,6.5,67
E00076738,162,40,16,24,122,6,116,24.691358024691358,9.876543209876543,14.814814814814813,75.30864197530865,3.7037037037037033,71.60493827160494
E00076739,270,65,30,35,205,20,185,24.074074074074073,11.11111111111111,12.962962962962962,75.92592592592592,7.4074074074074066,68.51851851851852
E00076740,209,71,37,34,138,17,121,33.97129186602871,17.703349282296653,16.267942583732058,66.02870813397129,8.133971291866029,57.89473684210527
E00076741,224,72,37,35,152,20,132,32.142857142857146,16.517857142857142,15.625,67.85714285714286,8.928571428571429,58.92857142857143
E00076742,311,52,21,31,259,23,236,16.720257234726688,6.752411575562702,9.967845659163988,83.27974276527331,7.395498392282958,75.88424437299035
E00076743,230,75,35,40,155,23,132,32.608695652173914,15.217391304347828,17.391304347826086,67.3913043478261,10,57.391304347826086
E00076744,257,61,26,35,196,19,177,23.73540856031128,10.116731517509727,13.618677042801556,76.26459143968872,7.392996108949417,68.8715953307393
E00076745,235,55,26,29,180,12,168,23.404255319148938,11.063829787234042,12.340425531914894,76.59574468085107,5.106382978723404,71.48936170212767
E00076746,300,79,44,35,221,25,196,26.333333333333332,14.666666666666666,11.666666666666666,73.66666666666667,8.333333333333332,65.33333333333333
E00076747,236,61,21,40,175,22,153,25.847457627118644,8.898305084745763,16.94915254237288,74.15254237288136,9.322033898305085,64.83050847457628
E00076748,206,72,31,41,134,15,119,34.95145631067961,15.048543689320388,19.902912621359224,65.0485436893204,7.281553398058252,57.76699029126213
E00076749,171,52,25,27,119,14,105,30.409356725146196,14.619883040935672,15.789473684210526,69.5906432748538,8.187134502923977,61.40350877192983
E00076750,257,60,24,36,197,24,173,23.346303501945524,9.33852140077821,14.007782101167315,76.65369649805449,9.33852140077821,67.31517509727627
E00076751,228,56,20,36,172,23,149,24.561403508771928,8.771929824561402,15.789473684210526,75.43859649122807,10.087719298245613,65.35087719298247
E00076752,192,66,37,29,126,16,110,34.375,19.270833333333336,15.104166666666666,65.625,8.333333333333332,57.291666666666664
E00076753,268,59,22,37,209,20,189,22.01492537313433,8.208955223880597,13.805970149253731,77.98507462686567,7.462686567164178,70.52238805970148
E00076754,262,54,23,31,208,25,183,20.610687022900763,8.778625954198473,11.83206106870229,79.38931297709924,9.541984732824428,69.8473282442748
E00076755,288,54,28,26,234,21,213,18.75,9.722222222222223,9.027777777777777,81.25,7.291666666666667,73.95833333333334
E00076756,278,48,26,22,230,20,210,17.26618705035971,9.352517985611511,7.913669064748201,82.73381294964028,7.1942446043165464,75.53956834532374
E00076757,319,77,40,37,242,22,220,24.137931034482758,12.539184952978054,11.598746081504702,75.86206896551724,6.896551724137931,68.96551724137932
E00076759,312,109,57,52,203,18,185,34.93589743589743,18.269230769230766,16.666666666666664,65.06410256410257,5.769230769230769,59.294871794871796
E00076760,346,102,48,54,244,23,221,29.47976878612717,13.872832369942195,15.606936416184972,70.52023121387283,6.6473988439306355,63.8728323699422
E00076761,335,54,21,33,281,26,255,16.119402985074625,6.26865671641791,9.850746268656717,83.88059701492537,7.761194029850746,76.11940298507463
E00076762,460,154,68,86,306,21,285,33.47826086956522,14.782608695652174,18.695652173913043,66.52173913043478,4.565217391304348,61.95652173913043
E00076763,269,54,16,38,215,20,195,20.074349442379184,5.947955390334572,14.12639405204461,79.92565055762083,7.434944237918216,72.4907063197026
E00076764,322,71,27,44,251,18,233,22.049689440993788,8.385093167701864,13.664596273291925,77.95031055900621,5.590062111801243,72.36024844720497
E00076765,340,83,38,45,257,25,232,24.41176470588235,11.176470588235295,13.23529411764706,75.58823529411765,7.352941176470589,68.23529411764706
E00076766,269,57,17,40,212,13,199,21.189591078066915,6.319702602230483,14.869888475836431,78.81040892193309,4.83271375464684,73.97769516728626
E00076767,381,130,53,77,251,17,234,34.120734908136484,13.910761154855644,20.209973753280842,65.87926509186352,4.4619422572178475,61.417322834645674
E00076768,452,67,23,44,385,32,353,14.823008849557523,5.0884955752212395,9.734513274336283,85.17699115044249,7.079646017699115,78.09734513274337
E00076769,437,130,65,65,307,26,281,29.74828375286041,14.874141876430205,14.874141876430205,70.25171624713958,5.949656750572083,64.30205949656751
E00076770,210,56,21,35,154,11,143,26.666666666666668,10,16.666666666666664,73.33333333333333,5.238095238095238,68.0952380952381
E00076771,287,53,25,28,234,25,209,18.466898954703833,8.710801393728223,9.75609756097561,81.53310104529616,8.710801393728223,72.82229965156795
E00076772,322,91,51,40,231,15,216,28.26086956521739,15.838509316770185,12.422360248447205,71.73913043478261,4.658385093167702,67.08074534161491
E00076773,340,74,36,38,266,9,257,21.764705882352942,10.588235294117647,11.176470588235295,78.23529411764706,2.6470588235294117,75.58823529411765
E00076774,186,74,31,43,112,18,94,39.784946236559136,16.666666666666664,23.118279569892472,60.215053763440864,9.67741935483871,50.53763440860215
E00076775,363,74,35,39,289,23,266,20.385674931129476,9.641873278236915,10.743801652892563,79.61432506887053,6.336088154269973,73.27823691460054
E00076776,206,42,24,18,164,23,141,20.388349514563107,11.650485436893204,8.737864077669903,79.6116504854369,11.165048543689322,68.44660194174757
E00076777,345,83,46,37,262,36,226,24.057971014492754,13.333333333333334,10.72463768115942,75.94202898550725,10.434782608695652,65.5072463768116
E00076778,233,62,30,32,171,20,151,26.609442060085836,12.875536480686694,13.733905579399142,73.39055793991416,8.583690987124463,64.8068669527897
E00076779,312,108,51,57,204,21,183,34.61538461538461,16.346153846153847,18.269230769230766,65.38461538461539,6.730769230769231,58.65384615384615
E00076780,275,59,16,43,216,20,196,21.454545454545453,5.818181818181818,15.636363636363637,78.54545454545455,7.2727272727272725,71.27272727272728
E00076781,342,47,23,24,295,21,274,13.742690058479532,6.725146198830409,7.017543859649122,86.25730994152046,6.140350877192982,80.11695906432749
E00076782,250,64,34,30,186,23,163,25.6,13.600000000000001,12,74.4,9.2,65.2
E00076786,316,51,14,37,265,25,240,16.139240506329113,4.430379746835443,11.708860759493671,83.86075949367088,7.9113924050632916,75.9493670886076
E00076787,251,81,49,32,170,17,153,32.27091633466135,19.52191235059761,12.749003984063744,67.729083665338635,6.772908366533864,60.95617529880478
E00076788,310,74,35,39,236,16,220,23.870967741935484,11.29032258064516,12.580645161290322,76.12903225806451,5.161290322580645,70.96774193548387
E00076789,232,49,25,24,183,15,168,21.120689655172413,10.775862068965516,10.344827586206897,78.87931034482759,6.4655172413793105,72.41379310344827
E00076790,246,60,19,41,186,15,171,24.390243902439025,7.723577235772358,16.666666666666664,75.60975609756098,6.097560975609756,69.51219512195121
E00076791,269,79,39,40,190,16,174,29.36802973977695,14.49814126394052,14.869888475836431,70.63197026022306,5.947955390334572,64.68401486988847
E00076792,255,66,34,32,189,23,166,25.882352941176475,13.333333333333334,12.549019607843137,74.11764705882354,9.019607843137255,65.09803921568627
E00076793,324,68,27,41,256,18,238,20.98765432098765,8.333333333333332,12.654320987654321,79.01234567901234,5.555555555555555,73.4567901234568
E00076794,242,51,20,31,191,23,168,21.074380165289256,8.264462809917356,12.8099173553719,78.92561983471074,9.50413223140496,69.42148760330579
E00076795,279,53,27,26,226,21,205,18.996415770609318,9.67741935483871,9.31899641577061,81.00358422939068,7.526881720430108,73.47670250896059
E00076796,273,73,25,48,200,17,183,26.73992673992674,9.157509157509157,17.582417582417584,73.26007326007326,6.227106227106227,67.03296703296702
E00076797,244,60,25,35,184,27,157,24.59016393442623,10.245901639344263,14.344262295081966,75.40983606557377,11.065573770491802,64.34426229508196
E00076798,288,79,36,43,209,18,191,27.430555555555557,12.5,14.930555555555555,72.56944444444444,6.25,66.31944444444444
E00076799,281,55,25,30,226,23,203,19.572953736654807,8.896797153024911,10.676156583629894,80.42704626334519,8.185053380782918,72.24199288256227
E00076800,250,58,24,34,192,11,181,23.200000000000003,9.6,13.600000000000001,76.8,4.3999999999999995,72.39999999999999
E00076801,278,67,23,44,211,24,187,24.100719424460433,8.273381294964029,15.827338129496402,75.89928057553958,8.633093525179856,67.26618705035972
E00076802,256,43,15,28,213,30,183,16.796875,5.859375,10.9375,83.203125,11.71875,71.484375
E00076803,236,48,20,28,188,15,173,20.33898305084746,8.47457627118644,11.864406779661017,79.66101694915254,6.3559322033898304,73.30508474576271
E00076804,247,61,20,41,186,14,172,24.696356275303643,8.097165991902834,16.599190283400812,75.30364372469636,5.668016194331984,69.63562753036437
E00076805,277,53,23,30,224,18,206,19.133574007220215,8.303249097472925,10.830324909747292,80.86642599277978,6.4981949458483745,74.36823104693141
E00076806,276,70,31,39,206,18,188,25.36231884057971,11.231884057971014,14.130434782608695,74.63768115942028,6.521739130434782,68.11594202898551
E00076807,314,66,28,38,248,26,222,21.019108280254777,8.9171974522293,12.101910828025478,78.98089171974523,8.280254777070063,70.70063694267516
E00076808,241,47,17,30,194,17,177,19.502074688796682,7.053941908713693,12.448132780082988,80.49792531120332,7.053941908713693,73.44398340248964
E00076809,284,62,37,25,222,24,198,21.830985915492956,13.028169014084506,8.80281690140845,78.16901408450704,8.450704225352112,69.71830985915493
E00076810,229,39,10,29,190,20,170,17.03056768558952,4.366812227074235,12.663755458515283,82.96943231441048,8.73362445414847,74.235807860262
E00076811,239,55,20,35,184,17,167,23.01255230125523,8.368200836820083,14.644351464435147,76.98744769874477,7.112970711297072,69.8744769874477
E00076812,242,53,22,31,189,23,166,21.90082644628099,9.090909090909092,12.8099173553719,78.099173553719,9.50413223140496,68.59504132231406
E00076813,294,86,48,38,208,25,183,29.25170068027211,16.3265306122449,12.925170068027212,70.74829931972789,8.503401360544217,62.244897959183675
E00076814,323,70,22,48,253,34,219,21.671826625387,6.811145510835913,14.860681114551083,78.328173374613,10.526315789473683,67.80185758513932
E00076815,317,67,23,44,250,27,223,21.13564668769716,7.255520504731862,13.880126182965299,78.86435331230284,8.517350157728707,70.347003154574125
E00076816,317,72,30,42,245,21,224,22.71293375394322,9.46372239747634,13.249211356466878,77.28706624605678,6.624605678233439,70.66246056782335
E00076817,279,73,40,33,206,20,186,26.16487455197133,14.336917562724013,11.827956989247312,73.83512544802868,7.168458781362006,66.66666666666666
E00076818,261,53,22,31,208,24,184,20.306513409961685,8.42911877394636,11.877394636015326,79.6934865900383,9.195402298850574,70.49808429118774
E00076819,291,75,36,39,216,26,190,25.773195876288657,12.371134020618557,13.402061855670103,74.22680412371135,8.934707903780069,65.29209621993127
E00076820,341,68,28,40,273,32,241,19.941348973607038,8.211143695014663,11.730205278592376,80.05865102639295,9.3841642228739,70.67448680351906
E00076821,290,65,31,34,225,30,195,22.413793103448278,10.689655172413794,11.724137931034482,77.58620689655173,10.344827586206897,67.24137931034483
E00076822,277,64,34,30,213,29,184,23.104693140794225,12.274368231046932,10.830324909747292,76.89530685920577,10.469314079422382,66.4259927797834
E00076823,268,76,47,29,192,13,179,28.35820895522388,17.537313432835823,10.820895522388058,71.64179104477611,4.850746268656716,66.7910447761194
E00076824,260,33,8,25,227,14,213,12.692307692307692,3.076923076923077,9.615384615384617,87.3076923076923,5.384615384615385,81.92307692307692
E00076825,431,158,99,59,273,28,245,36.65893271461717,22.96983758700696,13.68909512761021,63.341067285382834,6.496519721577726,56.8445475638051
E00076826,312,68,27,41,244,24,220,21.794871794871796,8.653846153846153,13.141025641025642,78.2051282051282,7.6923076923076925,70.51282051282051
E00076827,325,59,27,32,266,28,238,18.153846153846153,8.307692307692308,9.846153846153847,81.84615384615384,8.615384615384615,73.23076923076923
E00076828,307,53,21,32,254,23,231,17.263843648208468,6.840390879478828,10.423452768729643,82.73615635179154,7.491856677524431,75.2442996742671
E00076829,312,64,27,37,248,25,223,20.51282051282051,8.653846153846153,11.858974358974358,79.48717948717949,8.012820512820513,71.47435897435898
E00076830,297,52,13,39,245,17,228,17.50841750841751,4.377104377104377,13.131313131313133,82.49158249158249,5.723905723905724,76.76767676767676
E00076831,282,67,33,34,215,18,197,23.75886524822695,11.702127659574469,12.056737588652481,76.24113475177306,6.382978723404255,69.8581560283688
E00076832,352,92,43,49,260,33,227,26.136363636363637,12.215909090909092,13.920454545454545,73.86363636363636,9.375,64.48863636363636
E00076833,284,80,39,41,204,21,183,28.169014084507044,13.732394366197184,14.43661971830986,71.83098591549296,7.394366197183098,64.43661971830986
E00076834,314,57,16,41,257,24,233,18.152866242038215,5.095541401273886,13.05732484076433,81.84713375796179,7.643312101910828,74.20382165605095
E00076835,248,42,16,26,206,17,189,16.93548387096774,6.451612903225806,10.483870967741936,83.06451612903226,6.854838709677419,76.20967741935483
E00076836,320,59,22,37,261,26,235,18.4375,6.875000000000001,11.5625,81.5625,8.125,73.4375
E00076837,314,53,14,39,261,16,245,16.878980891719745,4.45859872611465,12.420382165605096,83.12101910828027,5.095541401273886,78.02547770700637
E00076838,331,49,21,28,282,16,266,14.803625377643503,6.3444108761329305,8.459214501510575,85.1963746223565,4.833836858006042,80.36253776435045
E00076839,329,57,16,41,272,30,242,17.325227963525837,4.86322188449848,12.462006079027356,82.67477203647417,9.118541033434651,73.55623100303951
E00076840,257,60,29,31,197,26,171,23.346303501945524,11.284046692607005,12.062256809338521,76.65369649805449,10.116731517509727,66.53696498054474
E00076841,349,54,32,22,295,18,277,15.472779369627506,9.169054441260744,6.303724928366762,84.5272206303725,5.157593123209169,79.36962750716332
E00076842,135,28,15,13,107,11,96,20.74074074074074,11.11111111111111,9.62962962962963,79.25925925925927,8.148148148148149,71.11111111111111
E00076843,286,55,19,36,231,25,206,19.230769230769234,6.643356643356643,12.587412587412588,80.76923076923077,8.741258741258742,72.02797202797203
E00076844,268,55,21,34,213,11,202,20.522388059701495,7.835820895522389,12.686567164179104,79.47761194029852,4.104477611940299,75.3731343283582
E00076845,335,76,35,41,259,16,243,22.686567164179106,10.44776119402985,12.238805970149254,77.31343283582089,4.776119402985075,72.53731343283583
E00076846,290,46,19,27,244,24,220,15.862068965517242,6.551724137931035,9.310344827586208,84.13793103448276,8.275862068965518,75.86206896551724
E00076847,262,62,32,30,200,29,171,23.66412213740458,12.213740458015266,11.450381679389313,76.33587786259542,11.068702290076336,65.2671755725191
E00076848,247,48,23,25,199,27,172,19.4331983805668,9.31174089068826,10.121457489878543,80.5668016194332,10.931174089068826,69.63562753036437
E00076849,303,64,28,36,239,26,213,21.122112211221122,9.24092409240924,11.881188118811881,78.87788778877888,8.58085808580858,70.29702970297029
E00076850,328,81,30,51,247,21,226,24.695121951219512,9.146341463414634,15.548780487804878,75.3048780487805,6.402439024390244,68.90243902439023
E00076851,213,45,19,26,168,16,152,21.12676056338028,8.92018779342723,12.206572769953052,78.87323943661971,7.511737089201878,71.36150234741784
E00076852,323,99,50,49,224,24,200,30.65015479876161,15.479876160990713,15.170278637770899,69.3498452012384,7.430340557275541,61.91950464396285
E00076853,254,49,9,40,205,23,182,19.291338582677163,3.543307086614173,15.748031496062993,80.70866141732283,9.05511811023622,71.65354330708661
E00076854,240,47,20,27,193,26,167,19.583333333333332,8.333333333333332,11.25,80.41666666666667,10.833333333333334,69.58333333333333
E00076855,323,59,18,41,264,38,226,18.26625386996904,5.572755417956656,12.693498452012383,81.73374613003097,11.76470588235294,69.96904024767801
E00076856,334,59,21,38,275,19,256,17.664670658682635,6.287425149700598,11.377245508982035,82.33532934131736,5.688622754491018,76.64670658682635
E00076857,250,59,23,36,191,10,181,23.599999999999998,9.2,14.399999999999999,76.4,4,72.39999999999999
E00076858,273,50,16,34,223,33,190,18.315018315018314,5.86080586080586,12.454212454212454,81.68498168498168,12.087912087912088,69.59706959706959
E00076859,303,37,16,21,266,21,245,12.211221122112212,5.2805280528052805,6.9306930693069315,87.78877887788778,6.9306930693069315,80.85808580858085
E00076860,290,76,18,58,214,15,199,26.20689655172414,6.206896551724138,20,73.79310344827587,5.172413793103448,68.62068965517241
E00076861,249,39,15,24,210,15,195,15.66265060240964,6.024096385542169,9.63855421686747,84.33734939759037,6.024096385542169,78.3132530120482
E00076862,199,47,16,31,152,10,142,23.618090452261306,8.040201005025125,15.577889447236181,76.38190954773869,5.025125628140704,71.35678391959799
E00076863,352,68,29,39,284,17,267,19.318181818181817,8.238636363636363,11.079545454545455,80.68181818181817,4.829545454545454,75.85227272727273
E00076864,318,56,16,40,262,23,239,17.61006289308176,5.031446540880504,12.578616352201259,82.38993710691824,7.232704402515723,75.15723270440252
E00076865,342,54,23,31,288,18,270,15.789473684210526,6.725146198830409,9.064327485380117,84.21052631578947,5.263157894736842,78.94736842105263
E00076866,344,73,32,41,271,24,247,21.22093023255814,9.30232558139535,11.918604651162791,78.77906976744185,6.976744186046512,71.80232558139535
E00076867,291,69,29,40,222,15,207,23.711340206185564,9.965635738831615,13.745704467353953,76.28865979381443,5.154639175257731,71.1340206185567
E00076868,300,87,43,44,213,22,191,28.999999999999996,14.333333333333334,14.666666666666666,71,7.333333333333333,63.66666666666667
E00076869,274,87,39,48,187,9,178,31.751824817518248,14.233576642335766,17.51824817518248,68.24817518248175,3.2846715328467155,64.96350364963503
E00076870,327,38,11,27,289,33,256,11.62079510703364,3.3639143730886847,8.256880733944955,88.37920489296636,10.091743119266056,78.2874617737003
E00076871,264,65,25,40,199,14,185,24.62121212121212,9.469696969696969,15.151515151515152,75.37878787878788,5.303030303030303,70.07575757575758
E00076872,319,54,25,29,265,28,237,16.927899686520377,7.836990595611286,9.090909090909092,83.07210031347962,8.77742946708464,74.29467084639498
E00076873,313,51,19,32,262,24,238,16.293929712460063,6.070287539936102,10.223642172523961,83.70607028753993,7.667731629392971,76.03833865814697
E00076874,232,37,12,25,195,16,179,15.948275862068966,5.172413793103448,10.775862068965516,84.05172413793103,6.896551724137931,77.15517241379311
E00076875,343,68,26,42,275,29,246,19.825072886297377,7.580174927113703,12.244897959183673,80.17492711370262,8.454810495626822,71.7201166180758
E00076876,304,67,29,38,237,18,219,22.039473684210524,9.539473684210527,12.5,77.96052631578947,5.921052631578947,72.03947368421053
E00076877,324,79,38,41,245,12,233,24.382716049382715,11.728395061728394,12.654320987654321,75.61728395061729,3.7037037037037033,71.91358024691358
E00076878,245,62,31,31,183,22,161,25.30612244897959,12.653061224489795,12.653061224489795,74.6938775510204,8.979591836734693,65.71428571428571
E00076879,370,77,30,47,293,19,274,20.81081081081081,8.108108108108109,12.702702702702704,79.1891891891892,5.135135135135135,74.05405405405405
E00076880,288,56,29,27,232,7,225,19.444444444444446,10.069444444444445,9.375,80.55555555555556,2.430555555555556,78.125
E00076881,275,51,25,26,224,28,196,18.545454545454547,9.090909090909092,9.454545454545455,81.45454545454545,10.181818181818182,71.27272727272728
E00076882,290,47,18,29,243,10,233,16.206896551724135,6.206896551724138,10,83.79310344827586,3.4482758620689653,80.3448275862069
E00076883,283,59,23,36,224,13,211,20.848056537102476,8.12720848056537,12.7208480565371,79.15194346289752,4.593639575971731,74.55830388692578
E00076884,294,57,24,33,237,21,216,19.387755102040817,8.16326530612245,11.224489795918368,80.61224489795919,7.142857142857142,73.46938775510205
E00076885,312,43,23,20,269,26,243,13.782051282051283,7.371794871794872,6.41025641025641,86.21794871794873,8.333333333333332,77.88461538461539
E00076886,297,88,54,34,209,25,184,29.629629629629626,18.181818181818183,11.447811447811448,70.37037037037037,8.417508417508419,61.95286195286195
E00076887,293,80,33,47,213,12,201,27.303754266211605,11.262798634812286,16.040955631399317,72.6962457337884,4.09556313993174,68.60068259385666
E00076888,275,59,20,39,216,14,202,21.454545454545453,7.2727272727272725,14.181818181818182,78.54545454545455,5.090909090909091,73.45454545454545
E00076889,369,69,27,42,300,23,277,18.69918699186992,7.317073170731707,11.38211382113821,81.30081300813008,6.233062330623306,75.06775067750678
E00076890,326,64,19,45,262,15,247,19.631901840490798,5.828220858895705,13.803680981595093,80.3680981595092,4.601226993865031,75.76687116564416
E00076891,343,97,46,51,246,27,219,28.279883381924197,13.411078717201166,14.868804664723031,71.7201166180758,7.871720116618077,63.84839650145773
E00076892,277,71,23,48,206,19,187,25.63176895306859,8.303249097472925,17.328519855595665,74.36823104693141,6.859205776173286,67.50902527075813
E00076893,197,48,16,32,149,14,135,24.36548223350254,8.121827411167512,16.243654822335024,75.63451776649747,7.1065989847715745,68.52791878172589
E00076894,272,110,41,69,162,25,137,40.44117647058824,15.073529411764705,25.36764705882353,59.55882352941176,9.191176470588236,50.36764705882353
E00076895,276,65,31,34,211,26,185,23.55072463768116,11.231884057971014,12.318840579710146,76.44927536231883,9.420289855072465,67.02898550724638
E00076896,304,56,24,32,248,20,228,18.421052631578945,7.894736842105263,10.526315789473683,81.57894736842105,6.578947368421052,75
E00076897,387,130,60,70,257,24,233,33.59173126614987,15.503875968992247,18.087855297157624,66.40826873385012,6.2015503875969,60.20671834625323
E00076898,306,71,31,40,235,25,210,23.202614379084967,10.130718954248366,13.071895424836603,76.79738562091504,8.169934640522875,68.62745098039215
E00076899,234,40,20,20,194,10,184,17.094017094017094,8.547008547008547,8.547008547008547,82.90598290598291,4.273504273504273,78.63247863247864
E00076900,284,52,24,28,232,20,212,18.30985915492958,8.450704225352112,9.859154929577464,81.69014084507043,7.042253521126761,74.64788732394366
E00076901,361,97,43,54,264,21,243,26.869806094182824,11.911357340720222,14.958448753462603,73.13019390581718,5.8171745152354575,67.31301939058172
E00076902,207,51,25,26,156,16,140,24.637681159420293,12.077294685990339,12.560386473429952,75.36231884057972,7.729468599033816,67.6328502415459
E00076903,290,71,32,39,219,22,197,24.482758620689655,11.03448275862069,13.448275862068964,75.51724137931033,7.586206896551724,67.93103448275862
E00076904,373,67,23,44,306,33,273,17.962466487935657,6.166219839142091,11.796246648793565,82.03753351206434,8.847184986595174,73.19034852546918
E00076905,339,59,35,24,280,25,255,17.404129793510325,10.32448377581121,7.079646017699115,82.59587020648968,7.374631268436578,75.22123893805309
E00076906,319,73,30,43,246,26,220,22.884012539184955,9.404388714733543,13.479623824451412,77.11598746081505,8.150470219435736,68.96551724137932
E00076907,337,60,19,41,277,28,249,17.804154302670625,5.637982195845697,12.166172106824925,82.19584569732937,8.30860534124629,73.88724035608308
E00076908,405,84,39,45,321,33,288,20.74074074074074,9.62962962962963,11.11111111111111,79.25925925925927,8.148148148148149,71.11111111111111
E00076909,301,66,28,38,235,30,205,21.92691029900332,9.30232558139535,12.624584717607974,78.07308970099668,9.966777408637874,68.10631229235881
E00076910,281,52,20,32,229,24,205,18.505338078291814,7.11743772241993,11.387900355871885,81.49466192170819,8.540925266903916,72.95373665480427
E00076911,263,52,26,26,211,21,190,19.771863117870723,9.885931558935361,9.885931558935361,80.22813688212928,7.984790874524715,72.24334600760456
E00076912,394,138,75,63,256,30,226,35.025380710659896,19.035532994923855,15.989847715736042,64.9746192893401,7.614213197969544,57.360406091370564
E00076913,317,148,91,57,169,18,151,46.68769716088328,28.706624605678233,17.981072555205046,53.31230283911672,5.678233438485805,47.634069400630914
E00076914,285,56,32,24,229,25,204,19.649122807017545,11.228070175438596,8.421052631578947,80.35087719298247,8.771929824561402,71.57894736842105
E00076915,217,58,17,41,159,22,137,26.72811059907834,7.834101382488479,18.89400921658986,73.27188940092167,10.138248847926267,63.133640552995395
E00076916,282,54,20,34,228,20,208,19.148936170212767,7.092198581560284,12.056737588652481,80.85106382978722,7.092198581560284,73.75886524822694
E00076917,154,58,34,24,96,10,86,37.66233766233766,22.07792207792208,15.584415584415584,62.33766233766234,6.493506493506493,55.84415584415584
E00076918,285,57,21,36,228,21,207,20,7.368421052631578,12.631578947368421,80,7.368421052631578,72.63157894736842
E00076919,268,48,19,29,220,22,198,17.91044776119403,7.08955223880597,10.820895522388058,82.08955223880598,8.208955223880597,73.88059701492537
E00076920,286,59,23,36,227,19,208,20.62937062937063,8.041958041958042,12.587412587412588,79.37062937062937,6.643356643356643,72.72727272727273
E00076921,295,52,17,35,243,26,217,17.627118644067796,5.762711864406779,11.864406779661017,82.37288135593221,8.813559322033898,73.5593220338983
E00076922,341,67,22,45,274,26,248,19.64809384164223,6.451612903225806,13.196480938416421,80.35190615835776,7.624633431085044,72.72727272727273
E00076923,311,61,30,31,250,21,229,19.614147909967848,9.646302250803858,9.967845659163988,80.38585209003215,6.752411575562702,73.63344051446946
E00076924,226,49,27,22,177,19,158,21.68141592920354,11.946902654867257,9.734513274336283,78.31858407079646,8.4070796460177,69.91150442477876
E00076925,305,54,25,29,251,30,221,17.704918032786885,8.19672131147541,9.508196721311474,82.29508196721311,9.836065573770492,72.45901639344262
E00076926,277,52,26,26,225,19,206,18.772563176895307,9.386281588447654,9.386281588447654,81.2274368231047,6.859205776173286,74.36823104693141
E00076927,309,51,24,27,258,22,236,16.50485436893204,7.766990291262135,8.737864077669903,83.49514563106796,7.119741100323624,76.37540453074433
E00076928,321,84,52,32,237,20,217,26.168224299065418,16.1993769470405,9.968847352024921,73.83177570093457,6.230529595015576,67.601246105919
E00076929,347,106,52,54,241,27,214,30.547550432276655,14.985590778097983,15.561959654178676,69.45244956772333,7.780979827089338,61.67146974063401
E00076930,319,75,24,51,244,23,221,23.510971786833856,7.523510971786834,15.987460815047022,76.48902821316614,7.210031347962382,69.27899686520375
E00076931,309,119,69,50,190,10,180,38.51132686084142,22.330097087378643,16.181229773462782,61.48867313915858,3.2362459546925564,58.252427184466015
E00076932,353,104,43,61,249,23,226,29.461756373937675,12.181303116147308,17.280453257790366,70.53824362606233,6.515580736543909,64.02266288951841
E00076933,245,76,39,37,169,17,152,31.020408163265305,15.918367346938775,15.10204081632653,68.9795918367347,6.938775510204081,62.04081632653061
E00076934,248,66,27,39,182,24,158,26.61290322580645,10.887096774193548,15.725806451612904,73.38709677419355,9.67741935483871,63.70967741935484
E00076935,298,61,30,31,237,17,220,20.469798657718123,10.06711409395973,10.40268456375839,79.53020134228188,5.704697986577181,73.8255033557047
E00076936,282,62,29,33,220,22,198,21.98581560283688,10.28368794326241,11.702127659574469,78.01418439716312,7.801418439716312,70.2127659574468
E00076937,267,65,28,37,202,19,183,24.344569288389515,10.486891385767791,13.857677902621724,75.65543071161048,7.116104868913857,68.53932584269663
E00076938,302,71,31,40,231,15,216,23.509933774834437,10.264900662251655,13.245033112582782,76.49006622516556,4.966887417218543,71.52317880794702
E00076939,322,52,22,30,270,19,251,16.149068322981368,6.832298136645963,9.316770186335404,83.85093167701864,5.900621118012422,77.95031055900621
E00076940,336,49,21,28,287,27,260,14.583333333333334,6.25,8.333333333333332,85.41666666666666,8.035714285714286,77.38095238095238
E00076941,296,60,29,31,236,22,214,20.27027027027027,9.797297297297296,10.472972972972974,79.72972972972973,7.4324324324324325,72.2972972972973
E00076942,263,52,24,28,211,21,190,19.771863117870723,9.125475285171103,10.646387832699618,80.22813688212928,7.984790874524715,72.24334600760456
E00076943,284,42,16,26,242,16,226,14.788732394366196,5.633802816901409,9.15492957746479,85.2112676056338,5.633802816901409,79.5774647887324
E00076944,297,69,25,44,228,20,208,23.232323232323232,8.417508417508419,14.814814814814813,76.76767676767676,6.7340067340067336,70.03367003367003
E00076945,267,70,30,40,197,11,186,26.217228464419474,11.235955056179774,14.981273408239701,73.78277153558052,4.119850187265917,69.66292134831461
E00076946,273,54,21,33,219,22,197,19.78021978021978,7.6923076923076925,12.087912087912088,80.21978021978022,8.058608058608058,72.16117216117216
E00076947,344,94,53,41,250,15,235,27.325581395348834,15.406976744186046,11.918604651162791,72.67441860465115,4.3604651162790695,68.31395348837209
E00076948,309,55,24,31,254,22,232,17.79935275080906,7.766990291262135,10.032362459546926,82.20064724919094,7.119741100323624,75.08090614886731
E00076949,309,69,37,32,240,29,211,22.330097087378643,11.974110032362459,10.355987055016183,77.66990291262135,9.385113268608414,68.28478964401295
E00076950,289,96,65,31,193,18,175,33.21799307958477,22.491349480968857,10.726643598615917,66.78200692041523,6.228373702422145,60.553633217993074
E00076951,251,47,23,24,204,19,185,18.725099601593627,9.163346613545817,9.56175298804781,81.27490039840637,7.569721115537849,73.70517928286853
E00076952,249,57,37,20,192,16,176,22.89156626506024,14.859437751004014,8.032128514056225,77.10843373493977,6.425702811244979,70.68273092369478
E00076953,329,59,26,33,270,29,241,17.933130699088146,7.90273556231003,10.030395136778116,82.06686930091185,8.814589665653495,73.25227963525836
E00076954,313,54,22,32,259,17,242,17.252396166134183,7.0287539936102235,10.223642172523961,82.74760383386581,5.431309904153355,77.31629392971246
E00076955,317,52,17,35,265,26,239,16.40378548895899,5.3627760252365935,11.041009463722396,83.59621451104101,8.201892744479496,75.39432176656152
E00076956,319,50,20,30,269,26,243,15.673981191222571,6.269592476489027,9.404388714733543,84.32601880877742,8.150470219435736,76.17554858934169
E00076957,207,44,19,25,163,23,140,21.256038647342994,9.178743961352657,12.077294685990339,78.74396135265701,11.11111111111111,67.6328502415459
E00076958,275,78,34,44,197,21,176,28.363636363636363,12.363636363636363,16,71.63636363636363,7.636363636363637,64
E00076959,299,75,28,47,224,26,198,25.08361204013378,9.364548494983277,15.719063545150503,74.91638795986621,8.695652173913043,66.22073578595318
E00076960,341,56,21,35,285,34,251,16.422287390029325,6.158357771260997,10.263929618768328,83.57771260997067,9.970674486803519,73.60703812316716
E00076961,274,63,30,33,211,18,193,22.99270072992701,10.948905109489052,12.043795620437956,77.00729927007299,6.569343065693431,70.43795620437956
E00076962,161,86,43,43,75,21,54,53.41614906832298,26.70807453416149,26.70807453416149,46.58385093167702,13.043478260869565,33.54037267080746
E00076963,361,146,101,45,215,25,190,40.443213296398895,27.977839335180054,12.465373961218837,59.556786703601105,6.9252077562326875,52.63157894736842
E00076964,315,80,33,47,235,20,215,25.396825396825395,10.476190476190476,14.920634920634921,74.60317460317461,6.349206349206349,68.25396825396825
E00076965,260,63,32,31,197,16,181,24.23076923076923,12.307692307692308,11.923076923076923,75.76923076923077,6.153846153846154,69.61538461538461
E00076966,287,76,31,45,211,16,195,26.480836236933797,10.801393728222997,15.6794425087108,73.5191637630662,5.574912891986063,67.94425087108013
E00076967,304,70,31,39,234,27,207,23.026315789473685,10.197368421052632,12.828947368421053,76.97368421052632,8.881578947368421,68.0921052631579
E00076968,272,95,48,47,177,15,162,34.92647058823529,17.647058823529413,17.27941176470588,65.07352941176471,5.514705882352941,59.55882352941176
E00076969,226,51,22,29,175,7,168,22.566371681415927,9.734513274336283,12.831858407079647,77.43362831858407,3.0973451327433628,74.33628318584071
E00076970,248,63,36,27,185,15,170,25.403225806451612,14.516129032258066,10.887096774193548,74.59677419354838,6.048387096774194,68.54838709677419
E00076971,411,121,50,71,290,32,258,29.44038929440389,12.165450121654501,17.27493917274939,70.55961070559611,7.785888077858881,62.77372262773723
E00076972,279,54,23,31,225,24,201,19.35483870967742,8.24372759856631,11.11111111111111,80.64516129032258,8.60215053763441,72.04301075268818
E00076973,241,58,26,32,183,14,169,24.066390041493776,10.78838174273859,13.278008298755188,75.93360995850622,5.809128630705394,70.12448132780082
E00076974,254,74,33,41,180,22,158,29.133858267716533,12.992125984251967,16.141732283464567,70.86614173228347,8.661417322834646,62.20472440944882
E00076975,222,70,36,34,152,22,130,31.53153153153153,16.216216216216218,15.315315315315313,68.46846846846847,9.90990990990991,58.55855855855856
E00076976,292,72,30,42,220,22,198,24.65753424657534,10.273972602739725,14.383561643835616,75.34246575342466,7.534246575342466,67.8082191780822
E00076977,388,119,59,60,269,31,238,30.670103092783506,15.206185567010309,15.463917525773196,69.3298969072165,7.989690721649484,61.34020618556701
E00076978,314,137,69,68,177,20,157,43.63057324840764,21.97452229299363,21.656050955414013,56.36942675159236,6.369426751592357,50
E00076979,324,89,38,51,235,15,220,27.469135802469136,11.728395061728394,15.74074074074074,72.53086419753086,4.62962962962963,67.90123456790124
E00076980,244,85,42,43,159,12,147,34.83606557377049,17.21311475409836,17.62295081967213,65.1639344262295,4.918032786885246,60.245901639344254
E00076981,254,75,33,42,179,13,166,29.527559055118108,12.992125984251967,16.535433070866144,70.47244094488188,5.118110236220472,65.35433070866141
E00076982,438,130,62,68,308,20,288,29.68036529680365,14.15525114155251,15.52511415525114,70.31963470319634,4.5662100456621,65.75342465753424
E00076983,187,67,31,36,120,14,106,35.82887700534759,16.577540106951872,19.25133689839572,64.171122994652407,7.4866310160427805,56.68449197860963
E00076984,285,90,49,41,195,20,175,31.57894736842105,17.192982456140353,14.385964912280702,68.42105263157895,7.017543859649122,61.40350877192983
E00076985,309,96,44,52,213,22,191,31.06796116504854,14.239482200647249,16.828478964401295,68.93203883495146,7.119741100323624,61.81229773462783
E00076986,363,101,52,49,262,25,237,27.823691460055095,14.325068870523417,13.498622589531681,72.1763085399449,6.887052341597796,65.28925619834712
E00076987,332,103,45,58,229,21,208,31.024096385542173,13.55421686746988,17.46987951807229,68.97590361445783,6.325301204819277,62.65060240963856
E00076988,293,103,58,45,190,24,166,35.153583617747444,19.795221843003414,15.358361774744028,64.84641638225256,8.19112627986348,56.655290102389074
E00076989,304,110,55,55,194,24,170,36.18421052631579,18.092105263157894,18.092105263157894,63.81578947368421,7.894736842105263,55.92105263157895
E00076990,357,106,52,54,251,23,228,29.69187675070028,14.565826330532214,15.126050420168067,70.30812324929971,6.442577030812324,63.86554621848739
E00076991,311,91,40,51,220,21,199,29.260450160771708,12.861736334405144,16.39871382636656,70.7395498392283,6.752411575562702,63.9871382636656
E00076992,317,53,20,33,264,17,247,16.7192429022082,6.309148264984227,10.410094637223976,83.2807570977918,5.3627760252365935,77.91798107255521
E00076993,378,150,94,56,228,20,208,39.682539682539684,24.867724867724867,14.814814814814813,60.317460317460316,5.291005291005291,55.026455026455025
E00076994,275,93,47,46,182,17,165,33.81818181818182,17.09090909090909,16.727272727272727,66.18181818181819,6.181818181818182,60
E00076995,280,119,77,42,161,19,142,42.5,27.500000000000004,15,57.49999999999999,6.785714285714286,50.71428571428571
E00076996,459,179,106,73,280,24,256,38.99782135076253,23.093681917211327,15.904139433551197,61.00217864923747,5.228758169934641,55.773420479302835
E00076997,348,70,32,38,278,23,255,20.114942528735632,9.195402298850574,10.919540229885058,79.88505747126436,6.609195402298851,73.27586206896551
E00076998,317,62,25,37,255,22,233,19.558359621451103,7.886435331230284,11.67192429022082,80.4416403785489,6.940063091482649,73.50157728706624
E00076999,197,49,26,23,148,15,133,24.873096446700508,13.19796954314721,11.6751269035533,75.1269035532995,7.614213197969544,67.51269035532995
E00077000,221,56,28,28,165,15,150,25.339366515837103,12.669683257918551,12.669683257918551,74.6606334841629,6.787330316742081,67.87330316742081
E00077001,229,55,27,28,174,10,164,24.017467248908297,11.790393013100436,12.22707423580786,75.9825327510917,4.366812227074235,71.61572052401746
E00077002,416,82,32,50,334,17,317,19.71153846153846,7.6923076923076925,12.01923076923077,80.28846153846155,4.086538461538462,76.20192307692307
E00077003,382,159,113,46,223,26,197,41.62303664921466,29.581151832460733,12.041884816753926,58.37696335078534,6.806282722513089,51.57068062827225
E00077004,323,81,37,44,242,12,230,25.077399380804955,11.455108359133128,13.622291021671826,74.92260061919505,3.7151702786377707,71.20743034055728
E00077005,368,90,42,48,278,18,260,24.456521739130434,11.41304347826087,13.043478260869565,75.54347826086956,4.891304347826087,70.65217391304348
E00077006,334,54,24,30,280,23,257,16.16766467065868,7.18562874251497,8.982035928143713,83.8323353293413,6.88622754491018,76.94610778443113
E00077007,312,61,27,34,251,19,232,19.55128205128205,8.653846153846153,10.897435897435898,80.44871794871796,6.089743589743589,74.35897435897436
E00077008,246,42,21,21,204,19,185,17.073170731707318,8.536585365853659,8.536585365853659,82.92682926829268,7.723577235772358,75.20325203252033
E00077009,283,71,31,40,212,21,191,25.08833922261484,10.954063604240282,14.13427561837456,74.91166077738515,7.420494699646643,67.49116607773851
E00077010,222,58,31,27,164,20,144,26.126126126126124,13.963963963963963,12.162162162162163,73.87387387387388,9.00900900900901,64.86486486486487
E00077011,294,53,22,31,241,26,215,18.027210884353742,7.482993197278912,10.54421768707483,81.97278911564626,8.843537414965986,73.12925170068027
E00077012,248,80,41,39,168,18,150,32.25806451612903,16.532258064516128,15.725806451612904,67.74193548387096,7.258064516129033,60.483870967741936
E00077013,243,50,16,34,193,30,163,20.5761316872428,6.584362139917696,13.991769547325102,79.42386831275721,12.345679012345679,67.07818930041152
E00077014,271,50,14,36,221,19,202,18.45018450184502,5.166051660516605,13.284132841328415,81.54981549815497,7.011070110701106,74.53874538745387
E00077015,229,52,24,28,177,21,156,22.707423580786028,10.480349344978166,12.22707423580786,77.29257641921397,9.170305676855897,68.12227074235808
E00077016,287,63,23,40,224,33,191,21.951219512195124,8.013937282229964,13.937282229965156,78.04878048780488,11.498257839721255,66.55052264808361
E00077017,335,62,26,36,273,28,245,18.507462686567163,7.761194029850746,10.746268656716417,81.49253731343283,8.358208955223882,73.13432835820896
E00077018,297,78,40,38,219,24,195,26.262626262626267,13.468013468013467,12.794612794612794,73.73737373737373,8.080808080808081,65.65656565656566
E00077019,235,44,19,25,191,23,168,18.72340425531915,8.085106382978724,10.638297872340425,81.27659574468085,9.787234042553191,71.48936170212767
E00077020,332,86,36,50,246,25,221,25.903614457831324,10.843373493975903,15.060240963855422,74.09638554216868,7.530120481927711,66.56626506024097
E00077021,242,49,21,28,193,20,173,20.24793388429752,8.677685950413224,11.570247933884298,79.75206611570248,8.264462809917356,71.48760330578511
E00077022,254,57,26,31,197,20,177,22.440944881889763,10.236220472440944,12.204724409448819,77.55905511811024,7.874015748031496,69.68503937007874
E00077023,293,108,56,52,185,33,152,36.86006825938566,19.112627986348123,17.747440273037544,63.13993174061433,11.262798634812286,51.877133105802045
E00077024,334,116,53,63,218,22,196,34.73053892215569,15.868263473053892,18.862275449101794,65.26946107784431,6.58682634730539,58.68263473053892
E00077025,269,43,19,24,226,16,210,15.985130111524162,7.063197026022305,8.921933085501859,84.01486988847584,5.947955390334572,78.06691449814126
E00077026,360,72,30,42,288,29,259,20,8.333333333333332,11.666666666666666,80,8.055555555555555,71.94444444444444
E00077027,210,63,22,41,147,16,131,30,10.476190476190476,19.523809523809526,70,7.6190476190476195,62.38095238095238
E00077028,382,88,31,57,294,30,264,23.036649214659686,8.115183246073299,14.921465968586386,76.96335078534031,7.853403141361256,69.10994764397905
E00077029,294,45,18,27,249,23,226,15.306122448979592,6.122448979591836,9.183673469387756,84.6938775510204,7.8231292517006805,76.87074829931973
E00077030,229,52,22,30,177,17,160,22.707423580786028,9.606986899563319,13.100436681222707,77.29257641921397,7.423580786026202,69.86899563318777
E00077031,244,62,31,31,182,17,165,25.40983606557377,12.704918032786885,12.704918032786885,74.59016393442623,6.967213114754098,67.62295081967213
E00077032,316,61,29,32,255,26,229,19.303797468354432,9.177215189873419,10.126582278481013,80.69620253164557,8.227848101265822,72.46835443037975
E00077033,288,79,47,32,209,13,196,27.430555555555557,16.319444444444446,11.11111111111111,72.56944444444444,4.513888888888888,68.05555555555556
E00077034,189,70,34,36,119,11,108,37.03703703703704,17.989417989417987,19.047619047619047,62.96296296296296,5.82010582010582,57.14285714285714
E00077035,303,50,14,36,253,17,236,16.5016501650165,4.62046204620462,11.881188118811881,83.4983498349835,5.6105610561056105,77.88778877887789
E00077036,281,79,34,45,202,26,176,28.11387900355872,12.099644128113878,16.014234875444842,71.88612099644128,9.252669039145907,62.63345195729537
E00077037,229,37,15,22,192,23,169,16.157205240174672,6.550218340611353,9.606986899563319,83.84279475982532,10.043668122270741,73.7991266375546
E00077038,260,82,38,44,178,18,160,31.538461538461537,14.615384615384617,16.923076923076923,68.46153846153847,6.923076923076923,61.53846153846154
E00077039,266,62,26,36,204,20,184,23.308270676691727,9.774436090225564,13.533834586466165,76.69172932330827,7.518796992481203,69.17293233082707
E00077040,280,73,36,37,207,22,185,26.071428571428573,12.857142857142856,13.214285714285715,73.92857142857143,7.857142857142857,66.07142857142857
E00077042,289,83,33,50,206,21,185,28.719723183391004,11.418685121107266,17.301038062283737,71.280276816609,7.26643598615917,64.01384083044984
E00077043,304,56,27,29,248,29,219,18.421052631578945,8.881578947368421,9.539473684210527,81.57894736842105,9.539473684210527,72.03947368421053
E00077044,258,61,34,27,197,13,184,23.643410852713178,13.178294573643413,10.465116279069768,76.35658914728683,5.038759689922481,71.31782945736434
E00077045,321,65,30,35,256,24,232,20.24922118380062,9.345794392523365,10.903426791277258,79.75077881619937,7.476635514018691,72.27414330218068
E00077046,343,92,41,51,251,16,235,26.82215743440233,11.9533527696793,14.868804664723031,73.17784256559767,4.664723032069971,68.5131195335277
E00077047,289,99,53,46,190,11,179,34.2560553633218,18.33910034602076,15.916955017301039,65.7439446366782,3.8062283737024223,61.93771626297578
E00077048,322,85,53,32,237,28,209,26.39751552795031,16.459627329192546,9.937888198757763,73.6024844720497,8.695652173913043,64.90683229813664
E00077049,259,68,31,37,191,22,169,26.254826254826252,11.96911196911197,14.285714285714285,73.74517374517374,8.494208494208493,65.25096525096525
E00077050,289,70,32,38,219,15,204,24.22145328719723,11.072664359861593,13.148788927335639,75.77854671280276,5.190311418685121,70.58823529411765
E00077051,251,71,36,35,180,14,166,28.286852589641438,14.342629482071715,13.94422310756972,71.71314741035857,5.577689243027888,66.13545816733067
E00077052,238,62,19,43,176,17,159,26.05042016806723,7.9831932773109235,18.067226890756302,73.94957983193278,7.142857142857142,66.80672268907563
E00077053,309,68,23,45,241,23,218,22.006472491909385,7.443365695792881,14.563106796116504,77.99352750809061,7.443365695792881,70.55016181229773
E00077054,273,57,22,35,216,32,184,20.87912087912088,8.058608058608058,12.82051282051282,79.12087912087912,11.72161172161172,67.3992673992674
E00077055,267,70,32,38,197,19,178,26.217228464419474,11.985018726591761,14.232209737827715,73.78277153558052,7.116104868913857,66.66666666666666
E00077057,363,71,27,44,292,21,271,19.55922865013774,7.43801652892562,12.121212121212121,80.44077134986226,5.785123966942149,74.65564738292011
E00077058,290,52,28,24,238,22,216,17.93103448275862,9.655172413793103,8.275862068965518,82.06896551724138,7.586206896551724,74.48275862068967
E00077059,372,92,41,51,280,22,258,24.731182795698924,11.021505376344086,13.709677419354838,75.26881720430107,5.913978494623656,69.35483870967742
E00077062,412,65,29,36,347,32,315,15.776699029126215,7.038834951456311,8.737864077669903,84.22330097087378,7.766990291262135,76.45631067961165
E00077063,410,54,29,25,356,28,328,13.170731707317074,7.073170731707316,6.097560975609756,86.82926829268293,6.829268292682928,80
E00077064,446,70,30,40,376,44,332,15.695067264573993,6.726457399103139,8.968609865470851,84.30493273542601,9.865470852017937,74.43946188340807
E00077065,267,77,37,40,190,9,181,28.83895131086142,13.857677902621724,14.981273408239701,71.16104868913857,3.3707865168539324,67.79026217228464
E00077066,322,64,27,37,258,32,226,19.875776397515526,8.385093167701864,11.490683229813664,80.12422360248446,9.937888198757763,70.1863354037267
E00077067,312,72,34,38,240,27,213,23.076923076923077,10.897435897435898,12.179487179487179,76.92307692307693,8.653846153846153,68.26923076923077
E00077068,313,55,23,32,258,16,242,17.57188498402556,7.348242811501597,10.223642172523961,82.42811501597444,5.111821086261981,77.31629392971246
E00077069,283,56,28,28,227,16,211,19.78798586572438,9.89399293286219,9.89399293286219,80.21201413427562,5.6537102473498235,74.55830388692578
E00077070,220,50,21,29,170,19,151,22.727272727272727,9.545454545454547,13.18181818181818,77.27272727272727,8.636363636363637,68.63636363636364
E00077071,289,49,16,33,240,29,211,16.955017301038062,5.536332179930796,11.418685121107266,83.04498269896193,10.034602076124568,73.01038062283737
E00077072,251,29,5,24,222,22,200,11.553784860557768,1.9920318725099602,9.56175298804781,88.44621513944223,8.764940239043826,79.6812749003984
E00077073,216,30,12,18,186,21,165,13.88888888888889,5.555555555555555,8.333333333333332,86.11111111111111,9.722222222222223,76.38888888888889
E00077074,246,67,35,32,179,13,166,27.235772357723576,14.227642276422763,13.008130081300814,72.76422764227642,5.284552845528456,67.47967479674797
E00077075,332,93,49,44,239,23,216,28.012048192771083,14.759036144578314,13.253012048192772,71.98795180722891,6.927710843373494,65.06024096385542
E00077076,275,42,20,22,233,25,208,15.272727272727273,7.2727272727272725,8,84.72727272727273,9.090909090909092,75.63636363636364
E00077077,352,47,15,32,305,23,282,13.352272727272727,4.261363636363636,9.090909090909092,86.64772727272727,6.534090909090909,80.11363636363636
E00077078,167,81,46,35,86,6,80,48.50299401197605,27.54491017964072,20.958083832335326,51.49700598802395,3.592814371257485,47.90419161676647
E00077079,378,71,26,45,307,28,279,18.78306878306878,6.878306878306878,11.904761904761903,81.21693121693121,7.4074074074074066,73.80952380952381
E00077080,373,57,25,32,316,31,285,15.281501340482572,6.702412868632708,8.579088471849866,84.71849865951742,8.310991957104557,76.40750670241286
E00077081,296,66,36,30,230,20,210,22.2972972972973,12.162162162162163,10.135135135135135,77.7027027027027,6.756756756756757,70.94594594594594
E00077082,334,80,43,37,254,20,234,23.952095808383234,12.874251497005988,11.077844311377245,76.04790419161677,5.9880239520958085,70.05988023952095
E00077083,177,62,26,36,115,9,106,35.02824858757062,14.689265536723164,20.33898305084746,64.97175141242938,5.084745762711865,59.887005649717516
E00077084,389,80,31,49,309,23,286,20.565552699228792,7.969151670951156,12.596401028277635,79.43444730077121,5.912596401028278,73.52185089974293
E00077085,326,95,50,45,231,26,205,29.141104294478527,15.337423312883436,13.803680981595093,70.85889570552148,7.975460122699387,62.88343558282209
E00077086,270,54,18,36,216,16,200,20,6.666666666666667,13.333333333333334,80,5.9259259259259265,74.07407407407408
E00077087,317,85,32,53,232,8,224,26.813880126182966,10.094637223974763,16.7192429022082,73.18611987381703,2.5236593059936907,70.66246056782335
E00077088,218,60,33,27,158,25,133,27.522935779816514,15.137614678899084,12.385321100917432,72.47706422018348,11.46788990825688,61.00917431192661
E00077089,248,93,50,43,155,14,141,37.5,20.161290322580644,17.338709677419356,62.5,5.64516129032258,56.85483870967742
E00077090,338,84,37,47,254,28,226,24.85207100591716,10.946745562130179,13.905325443786982,75.14792899408283,8.284023668639055,66.86390532544378
E00077091,323,93,39,54,230,21,209,28.792569659442723,12.074303405572756,16.718266253869967,71.20743034055728,6.5015479876160995,64.70588235294117
E00077092,265,96,54,42,169,14,155,36.22641509433962,20.37735849056604,15.849056603773585,63.77358490566037,5.283018867924529,58.490566037735846
E00077093,264,46,16,30,218,16,202,17.424242424242426,6.0606060606060606,11.363636363636363,82.57575757575758,6.0606060606060606,76.51515151515152
E00077094,264,86,55,31,178,17,161,32.57575757575758,20.833333333333336,11.742424242424242,67.42424242424242,6.4393939393939394,60.984848484848484
E00077095,355,73,29,44,282,27,255,20.56338028169014,8.169014084507042,12.394366197183098,79.43661971830987,7.605633802816901,71.83098591549296
E00077096,297,64,27,37,233,26,207,21.548821548821547,9.090909090909092,12.457912457912458,78.45117845117845,8.754208754208754,69.6969696969697
E00077097,342,43,18,25,299,23,276,12.573099415204677,5.263157894736842,7.309941520467836,87.42690058479532,6.725146198830409,80.7017543859649
E00077098,305,67,28,39,238,20,218,21.9672131147541,9.180327868852459,12.786885245901638,78.0327868852459,6.557377049180328,71.47540983606558
E00077099,221,76,41,35,145,12,133,34.38914027149321,18.552036199095024,15.837104072398189,65.61085972850678,5.429864253393665,60.18099547511312
E00077100,391,65,29,36,326,30,296,16.624040920716112,7.41687979539642,9.207161125319693,83.37595907928389,7.672634271099745,75.70332480818415
E00077101,504,84,38,46,420,29,391,16.666666666666664,7.5396825396825395,9.126984126984127,83.33333333333334,5.753968253968254,77.57936507936508
E00077102,293,72,29,43,221,23,198,24.573378839590443,9.897610921501707,14.675767918088736,75.42662116040955,7.849829351535837,67.57679180887372
E00077103,366,69,31,38,297,30,267,18.852459016393443,8.469945355191257,10.382513661202186,81.14754098360656,8.19672131147541,72.95081967213115
E00077104,309,99,57,42,210,18,192,32.038834951456316,18.446601941747574,13.592233009708737,67.96116504854369,5.825242718446602,62.13592233009708
E00077105,320,58,25,33,262,20,242,18.125,7.8125,10.3125,81.875,6.25,75.625
E00077107,292,92,37,55,200,29,171,31.506849315068493,12.67123287671233,18.835616438356166,68.4931506849315,9.931506849315069,58.56164383561644
E00077108,369,88,40,48,281,27,254,23.848238482384822,10.840108401084011,13.008130081300814,76.15176151761518,7.317073170731707,68.83468834688347
E00077109,356,81,46,35,275,24,251,22.752808988764045,12.921348314606742,9.831460674157304,77.24719101123596,6.741573033707865,70.50561797752809
E00077110,260,61,28,33,199,24,175,23.46153846153846,10.76923076923077,12.692307692307692,76.53846153846153,9.230769230769232,67.3076923076923
E00077111,395,92,48,44,303,29,274,23.29113924050633,12.151898734177214,11.139240506329113,76.70886075949367,7.341772151898734,69.36708860759494
E00077112,394,126,48,78,268,29,239,31.979695431472084,12.18274111675127,19.796954314720814,68.02030456852792,7.3604060913705585,60.659898477157356
E00077113,264,56,20,36,208,18,190,21.21212121212121,7.575757575757576,13.636363636363635,78.78787878787878,6.8181818181818175,71.96969696969697
E00077114,362,90,43,47,272,22,250,24.861878453038674,11.878453038674033,12.98342541436464,75.13812154696133,6.077348066298343,69.06077348066299
E00077115,230,88,59,29,142,11,131,38.26086956521739,25.65217391304348,12.608695652173912,61.73913043478261,4.782608695652174,56.95652173913044
E00077116,339,125,56,69,214,10,204,36.87315634218289,16.519174041297934,20.353982300884958,63.12684365781711,2.949852507374631,60.17699115044248
E00077117,257,78,41,37,179,14,165,30.35019455252918,15.953307392996107,14.396887159533073,69.64980544747081,5.447470817120623,64.2023346303502
E00077118,263,80,42,38,183,13,170,30.418250950570343,15.96958174904943,14.44866920152091,69.58174904942965,4.942965779467681,64.63878326996198
E00077119,318,100,53,47,218,12,206,31.446540880503143,16.666666666666664,14.779874213836477,68.55345911949685,3.7735849056603774,64.77987421383648
E00077120,279,69,29,40,210,14,196,24.731182795698924,10.39426523297491,14.336917562724013,75.26881720430107,5.017921146953405,70.25089605734766
E00077121,294,82,33,49,212,24,188,27.89115646258503,11.224489795918368,16.666666666666664,72.10884353741497,8.16326530612245,63.94557823129252
E00077122,240,82,41,41,158,17,141,34.166666666666664,17.083333333333332,17.083333333333332,65.83333333333333,7.083333333333333,58.75
E00077123,270,75,28,47,195,23,172,27.77777777777778,10.37037037037037,17.40740740740741,72.22222222222221,8.518518518518519,63.70370370370371
E00077124,282,90,49,41,192,14,178,31.914893617021278,17.375886524822697,14.539007092198581,68.08510638297872,4.964539007092199,63.12056737588653
E00077125,284,60,28,32,224,25,199,21.12676056338028,9.859154929577464,11.267605633802818,78.87323943661971,8.80281690140845,70.07042253521126
E00077126,217,61,30,31,156,12,144,28.110599078341014,13.82488479262673,14.285714285714285,71.88940092165899,5.529953917050691,66.3594470046083
E00077127,294,92,43,49,202,16,186,31.292517006802722,14.625850340136054,16.666666666666664,68.70748299319727,5.442176870748299,63.26530612244898
E00077128,229,53,20,33,176,24,152,23.144104803493452,8.73362445414847,14.41048034934498,76.85589519650655,10.480349344978166,66.37554585152839
E00077129,296,59,21,38,237,21,216,19.93243243243243,7.094594594594595,12.837837837837837,80.06756756756756,7.094594594594595,72.97297297297297
E00077130,258,67,23,44,191,15,176,25.968992248062015,8.914728682170542,17.05426356589147,74.03100775193798,5.813953488372093,68.21705426356588
E00077131,279,88,47,41,191,11,180,31.54121863799283,16.845878136200717,14.695340501792115,68.45878136200717,3.942652329749104,64.51612903225806
E00077132,352,82,36,46,270,24,246,23.295454545454543,10.227272727272728,13.068181818181818,76.70454545454545,6.8181818181818175,69.88636363636364
E00077133,417,108,55,53,309,23,286,25.899280575539567,13.189448441247004,12.709832134292565,74.10071942446042,5.515587529976019,68.5851318944844
E00077134,244,62,22,40,182,23,159,25.40983606557377,9.01639344262295,16.39344262295082,74.59016393442623,9.426229508196721,65.1639344262295
E00077135,321,70,30,40,251,24,227,21.806853582554517,9.345794392523365,12.461059190031152,78.19314641744548,7.476635514018691,70.7165109034268
E00077136,373,85,37,48,288,27,261,22.78820375335121,9.919571045576408,12.868632707774799,77.21179624664879,7.238605898123325,69.97319034852548
E00077137,275,77,43,34,198,11,187,28.000000000000004,15.636363636363637,12.363636363636363,72,4,68
E00077138,317,64,34,30,253,16,237,20.189274447949526,10.725552050473187,9.46372239747634,79.81072555205047,5.047318611987381,74.76340694006309
E00077139,346,71,48,23,275,20,255,20.520231213872833,13.872832369942195,6.6473988439306355,79.47976878612717,5.780346820809249,73.69942196531792
E00077140,329,62,17,45,267,21,246,18.84498480243161,5.167173252279635,13.677811550151976,81.15501519756839,6.382978723404255,74.77203647416414
E00077141,282,105,64,41,177,14,163,37.234042553191486,22.69503546099291,14.539007092198581,62.76595744680851,4.964539007092199,57.801418439716315
E00077142,398,106,48,58,292,35,257,26.633165829145728,12.060301507537687,14.572864321608039,73.36683417085426,8.793969849246231,64.57286432160804
E00077143,354,109,58,51,245,27,218,30.7909604519774,16.38418079096045,14.40677966101695,69.2090395480226,7.627118644067797,61.5819209039548
E00077144,347,100,45,55,247,18,229,28.818443804034583,12.968299711815561,15.85014409221902,71.18155619596543,5.187319884726225,65.99423631123919
E00077145,264,70,38,32,194,12,182,26.515151515151516,14.393939393939394,12.121212121212121,73.48484848484848,4.545454545454546,68.93939393939394
E00077146,279,61,26,35,218,23,195,21.863799283154123,9.31899641577061,12.544802867383511,78.13620071684588,8.24372759856631,69.89247311827957
E00077147,242,69,30,39,173,8,165,28.512396694214875,12.396694214876034,16.115702479338843,71.48760330578511,3.3057851239669422,68.18181818181817
E00077148,262,64,34,30,198,21,177,24.427480916030532,12.977099236641221,11.450381679389313,75.57251908396947,8.015267175572518,67.55725190839695
E00077149,276,104,68,36,172,20,152,37.68115942028986,24.637681159420293,13.043478260869565,62.31884057971014,7.246376811594203,55.072463768115945
E00077150,271,71,36,35,200,28,172,26.199261992619927,13.284132841328415,12.915129151291513,73.80073800738008,10.33210332103321,63.46863468634686
E00077151,260,50,27,23,210,12,198,19.230769230769234,10.384615384615385,8.846153846153847,80.76923076923077,4.615384615384616,76.15384615384615
E00077152,231,40,16,24,191,22,169,17.316017316017316,6.926406926406926,10.38961038961039,82.68398268398268,9.523809523809524,73.16017316017316
E00077153,254,65,29,36,189,22,167,25.590551181102363,11.41732283464567,14.173228346456693,74.40944881889764,8.661417322834646,65.74803149606299
E00077154,334,75,43,32,259,27,232,22.45508982035928,12.874251497005988,9.580838323353294,77.54491017964071,8.08383233532934,69.46107784431138
E00077155,222,58,22,36,164,16,148,26.126126126126124,9.90990990990991,16.216216216216218,73.87387387387388,7.207207207207207,66.66666666666666
E00077156,289,91,53,38,198,16,182,31.4878892733564,18.33910034602076,13.148788927335639,68.5121107266436,5.536332179930796,62.9757785467128
E00077157,304,101,55,46,203,15,188,33.223684210526315,18.092105263157894,15.131578947368421,66.77631578947368,4.934210526315789,61.8421052631579
E00077158,257,54,21,33,203,31,172,21.011673151750973,8.171206225680933,12.840466926070038,78.98832684824903,12.062256809338521,66.9260700389105
E00077159,242,44,18,26,198,25,173,18.181818181818183,7.43801652892562,10.743801652892563,81.81818181818183,10.330578512396695,71.48760330578511
E00077160,201,46,26,20,155,17,138,22.885572139303484,12.935323383084576,9.950248756218906,77.11442786069652,8.45771144278607,68.65671641791045
E00077161,304,81,38,43,223,25,198,26.644736842105267,12.5,14.144736842105262,73.35526315789474,8.223684210526317,65.13157894736842
E00077162,233,70,34,36,163,18,145,30.042918454935624,14.592274678111588,15.450643776824036,69.95708154506438,7.725321888412018,62.231759656652365
E00077163,180,70,32,38,110,16,94,38.88888888888889,17.77777777777778,21.11111111111111,61.111111111111114,8.88888888888889,52.22222222222223
E00077164,312,84,33,51,228,26,202,26.923076923076923,10.576923076923077,16.346153846153847,73.07692307692307,8.333333333333332,64.74358974358975
E00077165,221,69,37,32,152,14,138,31.221719457013574,16.7420814479638,14.479638009049776,68.77828054298642,6.334841628959276,62.44343891402715
E00077166,239,54,27,27,185,15,170,22.594142259414227,11.297071129707113,11.297071129707113,77.40585774058577,6.2761506276150625,71.1297071129707
E00077167,353,113,65,48,240,22,218,32.01133144475921,18.413597733711047,13.59773371104816,67.98866855524079,6.232294617563739,61.756373937677054
E00077168,230,44,18,26,186,21,165,19.130434782608695,7.82608695652174,11.304347826086957,80.8695652173913,9.130434782608695,71.73913043478261
E00077169,191,39,12,27,152,7,145,20.418848167539267,6.282722513089005,14.136125654450263,79.58115183246073,3.664921465968586,75.91623036649214
E00077170,291,68,24,44,223,22,201,23.367697594501717,8.24742268041237,15.120274914089347,76.6323024054983,7.560137457044673,69.0721649484536
E00077171,272,74,34,40,198,17,181,27.205882352941174,12.5,14.705882352941178,72.79411764705883,6.25,66.54411764705883
E00077172,222,82,28,54,140,9,131,36.93693693693694,12.612612612612612,24.324324324324326,63.06306306306306,4.054054054054054,59.009009009009006
E00077173,305,96,52,44,209,25,184,31.475409836065577,17.04918032786885,14.426229508196723,68.52459016393443,8.19672131147541,60.32786885245902
E00077174,388,144,89,55,244,21,223,37.11340206185567,22.938144329896907,14.175257731958762,62.88659793814433,5.412371134020619,57.47422680412371
E00077175,285,64,21,43,221,21,200,22.45614035087719,7.368421052631578,15.087719298245613,77.54385964912281,7.368421052631578,70.17543859649122
E00077176,220,64,34,30,156,20,136,29.09090909090909,15.454545454545453,13.636363636363635,70.9090909090909,9.090909090909092,61.81818181818181
E00077177,305,76,53,23,229,21,208,24.91803278688525,17.37704918032787,7.540983606557377,75.08196721311475,6.885245901639345,68.1967213114754
E00077178,172,47,22,25,125,17,108,27.325581395348834,12.790697674418606,14.534883720930234,72.67441860465115,9.883720930232558,62.7906976744186
E00165878,281,50,28,22,231,19,212,17.793594306049823,9.9644128113879,7.829181494661921,82.20640569395017,6.761565836298933,75.44483985765125
E00165880,217,31,14,17,186,10,176,14.285714285714285,6.451612903225806,7.834101382488479,85.71428571428571,4.6082949308755765,81.10599078341014
E00165881,181,60,23,37,121,7,114,33.14917127071823,12.70718232044199,20.441988950276244,66.85082872928176,3.867403314917127,62.98342541436463
E00165882,323,43,11,32,280,20,260,13.312693498452013,3.4055727554179565,9.907120743034056,86.687306501548,6.191950464396285,80.4953560371517
E00165883,333,71,33,38,262,23,239,21.32132132132132,9.90990990990991,11.411411411411411,78.67867867867868,6.906906906906906,71.77177177177178
E00165884,182,41,15,26,141,16,125,22.52747252747253,8.241758241758241,14.285714285714285,77.47252747252747,8.791208791208792,68.68131868131869
E00165885,218,57,32,25,161,11,150,26.146788990825687,14.678899082568808,11.46788990825688,73.85321100917432,5.045871559633028,68.80733944954129
E00165886,307,61,25,36,246,17,229,19.86970684039088,8.143322475570033,11.726384364820847,80.13029315960912,5.537459283387622,74.5928338762215
E00165887,228,79,34,45,149,14,135,34.64912280701755,14.912280701754385,19.736842105263158,65.35087719298247,6.140350877192982,59.210526315789465
E00165888,554,107,44,63,447,39,408,19.314079422382672,7.9422382671480145,11.371841155234657,80.68592057761734,7.039711191335741,73.6462093862816
E00165889,165,37,17,20,128,6,122,22.424242424242426,10.303030303030303,12.121212121212121,77.57575757575758,3.6363636363636362,73.93939393939394
E00165890,166,59,34,25,107,11,96,35.54216867469879,20.481927710843372,15.060240963855422,64.45783132530121,6.626506024096386,57.831325301204814
E00165891,549,116,49,67,433,39,394,21.129326047358834,8.925318761384334,12.2040072859745,78.87067395264117,7.103825136612022,71.76684881602914
E00181106,471,69,26,43,402,33,369,14.64968152866242,5.520169851380043,9.129511677282377,85.35031847133759,7.006369426751593,78.343949044586
E00181117,440,70,25,45,370,33,337,15.909090909090908,5.681818181818182,10.227272727272728,84.0909090909091,7.5,76.5909090909091
E00181119,391,56,19,37,335,31,304,14.322250639386189,4.859335038363171,9.462915601023019,85.6777493606138,7.928388746803069,77.74936061381074
E00181120,291,40,15,25,251,20,231,13.745704467353953,5.154639175257731,8.59106529209622,86.25429553264605,6.872852233676976,79.38144329896907
E00181122,440,65,25,40,375,33,342,14.772727272727273,5.681818181818182,9.090909090909092,85.22727272727273,7.5,77.72727272727272
E00181124,261,51,26,25,210,12,198,19.54022988505747,9.961685823754788,9.578544061302683,80.45977011494253,4.597701149425287,75.86206896551724
E00181127,259,75,35,40,184,23,161,28.957528957528954,13.513513513513514,15.444015444015443,71.04247104247105,8.880308880308881,62.16216216216216
E00181128,261,36,14,22,225,15,210,13.793103448275861,5.363984674329502,8.42911877394636,86.20689655172413,5.747126436781609,80.45977011494253
E00181145,220,30,12,18,190,16,174,13.636363636363635,5.454545454545454,8.181818181818182,86.36363636363636,7.2727272727272725,79.0909090909091
E00181156,136,30,16,14,106,6,100,22.058823529411764,11.76470588235294,10.294117647058822,77.94117647058823,4.411764705882353,73.52941176470588
E00181160,146,39,23,16,107,13,94,26.71232876712329,15.753424657534246,10.95890410958904,73.28767123287672,8.904109589041095,64.38356164383562
E00181163,498,86,29,57,412,47,365,17.269076305220885,5.8232931726907635,11.44578313253012,82.73092369477911,9.437751004016064,73.29317269076306
E00181194,328,76,33,43,252,29,223,23.170731707317074,10.060975609756099,13.109756097560975,76.82926829268293,8.841463414634147,67.98780487804879
