OA,ts0380001,ts0380002,ts0380003,ts0380004,ts0380005,ts0380006,ts0380007,ts0380002_PCT,ts0380003_PCT,ts0380004_PCT,ts0380005_PCT,ts0380006_PCT,ts0380007_PCT
E00115488,339,34,9,25,305,36,269,10.029498525073747,2.6548672566371683,7.374631268436578,89.97050147492625,10.619469026548673,79.35103244837758
E00115489,284,50,13,37,234,28,206,17.6056338028169,4.577464788732395,13.028169014084506,82.3943661971831,9.859154929577464,72.53521126760563
E00115490,263,38,13,25,225,29,196,14.44866920152091,4.942965779467681,9.505703422053232,85.55133079847909,11.02661596958175,74.52471482889734
E00115491,326,53,23,30,273,27,246,16.257668711656443,7.05521472392638,9.202453987730062,83.74233128834356,8.282208588957054,75.4601226993865
E00115492,285,28,3,25,257,19,238,9.824561403508772,1.0526315789473684,8.771929824561402,90.17543859649123,6.666666666666667,83.50877192982456
E00115493,395,55,15,40,340,27,313,13.924050632911392,3.79746835443038,10.126582278481013,86.07594936708861,6.8354430379746836,79.24050632911393
E00115494,332,41,14,27,291,39,252,12.349397590361445,4.216867469879518,8.132530120481928,87.65060240963855,11.74698795180723,75.90361445783132
E00115495,357,87,52,35,270,24,246,24.369747899159663,14.565826330532214,9.803921568627452,75.63025210084034,6.722689075630252,68.90756302521008
E00115496,279,84,47,37,195,27,168,30.107526881720432,16.845878136200717,13.261648745519713,69.89247311827957,9.67741935483871,60.215053763440864
E00115497,259,78,34,44,181,18,163,30.115830115830118,13.127413127413126,16.988416988416986,69.88416988416989,6.94980694980695,62.93436293436293
E00115498,311,40,16,24,271,31,240,12.861736334405144,5.144694533762058,7.717041800643088,87.13826366559485,9.967845659163988,77.17041800643086
E00115499,259,61,26,35,198,33,165,23.552123552123554,10.038610038610038,13.513513513513514,76.44787644787645,12.741312741312742,63.7065637065637
E00115500,468,81,32,49,387,43,344,17.307692307692307,6.837606837606838,10.47008547008547,82.6923076923077,9.18803418803419,73.50427350427351
E00115501,240,27,7,20,213,25,188,11.25,2.9166666666666665,8.333333333333332,88.75,10.416666666666668,78.33333333333333
E00115502,302,59,13,46,243,18,225,19.5364238410596,4.304635761589404,15.2317880794702,80.4635761589404,5.960264900662252,74.50331125827815
E00115503,241,53,26,27,188,16,172,21.991701244813278,10.78838174273859,11.20331950207469,78.00829875518673,6.639004149377594,71.36929460580913
E00115504,284,62,19,43,222,19,203,21.830985915492956,6.690140845070422,15.140845070422534,78.16901408450704,6.690140845070422,71.47887323943662
E00115505,282,58,21,37,224,30,194,20.56737588652482,7.446808510638298,13.120567375886525,79.43262411347519,10.638297872340425,68.79432624113475
E00115506,237,38,9,29,199,25,174,16.033755274261605,3.79746835443038,12.236286919831224,83.96624472573839,10.548523206751055,73.41772151898735
E00115507,317,47,13,34,270,24,246,14.826498422712934,4.100946372239748,10.725552050473187,85.17350157728707,7.570977917981073,77.60252365930599
E00115508,257,61,20,41,196,11,185,23.73540856031128,7.782101167315175,15.953307392996107,76.26459143968872,4.280155642023346,71.98443579766537
E00115509,156,24,14,10,132,10,122,15.384615384615385,8.974358974358974,6.41025641025641,84.61538461538461,6.41025641025641,78.2051282051282
E00115510,415,32,7,25,383,41,342,7.710843373493977,1.6867469879518073,6.024096385542169,92.28915662650601,9.879518072289157,82.40963855421687
E00115511,339,31,6,25,308,34,274,9.144542772861357,1.7699115044247788,7.374631268436578,90.85545722713864,10.029498525073747,80.8259587020649
E00115512,320,37,11,26,283,33,250,11.5625,3.4375000000000004,8.125,88.4375,10.3125,78.125
E00115513,324,44,14,30,280,31,249,13.580246913580247,4.320987654320987,9.25925925925926,86.41975308641975,9.5679012345679,76.85185185185185
E00115514,281,56,18,38,225,26,199,19.9288256227758,6.405693950177936,13.523131672597867,80.0711743772242,9.252669039145907,70.8185053380783
E00115515,298,59,19,40,239,30,209,19.798657718120804,6.375838926174497,13.422818791946309,80.20134228187919,10.06711409395973,70.13422818791946
E00115516,235,46,27,19,189,22,167,19.574468085106382,11.48936170212766,8.085106382978724,80.42553191489363,9.361702127659575,71.06382978723404
E00115517,305,60,21,39,245,23,222,19.672131147540984,6.885245901639345,12.786885245901638,80.32786885245902,7.540983606557377,72.78688524590164
E00115518,399,96,33,63,303,26,277,24.06015037593985,8.270676691729323,15.789473684210526,75.93984962406014,6.516290726817042,69.42355889724311
E00115519,386,90,34,56,296,36,260,23.316062176165804,8.808290155440414,14.507772020725387,76.68393782383419,9.32642487046632,67.35751295336787
E00115520,318,57,24,33,261,25,236,17.92452830188679,7.547169811320755,10.377358490566039,82.0754716981132,7.861635220125786,74.21383647798741
E00115521,292,31,8,23,261,24,237,10.616438356164384,2.73972602739726,7.876712328767123,89.38356164383562,8.21917808219178,81.16438356164383
E00115522,341,44,11,33,297,35,262,12.903225806451612,3.225806451612903,9.67741935483871,87.09677419354838,10.263929618768328,76.83284457478005
E00115523,247,39,11,28,208,26,182,15.789473684210526,4.4534412955465585,11.336032388663968,84.21052631578947,10.526315789473683,73.68421052631578
E00115524,277,38,21,17,239,19,220,13.718411552346572,7.581227436823104,6.137184115523466,86.28158844765343,6.859205776173286,79.42238267148014
E00115525,239,62,32,30,177,31,146,25.94142259414226,13.389121338912133,12.552301255230125,74.05857740585773,12.97071129707113,61.08786610878661
E00115526,335,55,21,34,280,27,253,16.417910447761194,6.26865671641791,10.149253731343283,83.5820895522388,8.059701492537313,75.5223880597015
E00115527,317,61,23,38,256,27,229,19.242902208201894,7.255520504731862,11.987381703470032,80.7570977917981,8.517350157728707,72.2397476340694
E00115528,301,69,24,45,232,22,210,22.92358803986711,7.973421926910299,14.950166112956811,77.0764119601329,7.308970099667775,69.76744186046511
E00115529,316,37,9,28,279,37,242,11.708860759493671,2.848101265822785,8.860759493670885,88.29113924050634,11.708860759493671,76.58227848101265
E00115530,348,108,66,42,240,44,196,31.03448275862069,18.96551724137931,12.068965517241379,68.96551724137932,12.643678160919542,56.32183908045977
E00115531,250,43,19,24,207,20,187,17.2,7.6,9.6,82.8,8,74.8
E00115532,295,44,14,30,251,33,218,14.915254237288137,4.745762711864407,10.16949152542373,85.08474576271186,11.186440677966102,73.89830508474576
E00115533,315,37,14,23,278,42,236,11.746031746031745,4.444444444444445,7.301587301587302,88.25396825396825,13.333333333333334,74.92063492063492
E00115534,317,45,13,32,272,30,242,14.195583596214512,4.100946372239748,10.094637223974763,85.8044164037855,9.46372239747634,76.34069400630915
E00115535,303,41,16,25,262,28,234,13.531353135313532,5.2805280528052805,8.25082508250825,86.46864686468648,9.24092409240924,77.22772277227723
E00115536,441,134,50,84,307,26,281,30.385487528344672,11.337868480725625,19.047619047619047,69.61451247165533,5.895691609977324,63.718820861678005
E00115537,328,57,16,41,271,21,250,17.378048780487802,4.878048780487805,12.5,82.6219512195122,6.402439024390244,76.21951219512195
E00115538,287,76,35,41,211,18,193,26.480836236933797,12.195121951219512,14.285714285714285,73.5191637630662,6.2717770034843205,67.24738675958189
E00115539,365,64,25,39,301,23,278,17.534246575342465,6.8493150684931505,10.684931506849315,82.46575342465754,6.301369863013699,76.16438356164383
E00115540,339,77,22,55,262,39,223,22.71386430678466,6.489675516224189,16.224188790560472,77.28613569321534,11.504424778761061,65.78171091445427
E00115541,432,81,29,52,351,41,310,18.75,6.712962962962964,12.037037037037036,81.25,9.49074074074074,71.75925925925925
E00115542,282,59,21,38,223,25,198,20.921985815602838,7.446808510638298,13.47517730496454,79.07801418439716,8.865248226950355,70.2127659574468
E00115543,267,79,37,42,188,22,166,29.588014981273407,13.857677902621724,15.730337078651685,70.4119850187266,8.239700374531834,62.172284644194754
E00115544,362,57,15,42,305,26,279,15.745856353591158,4.143646408839778,11.602209944751381,84.25414364640883,7.18232044198895,77.07182320441989
E00115545,262,32,11,21,230,25,205,12.213740458015266,4.198473282442748,8.015267175572518,87.78625954198473,9.541984732824428,78.2442748091603
E00115546,326,48,16,32,278,34,244,14.723926380368098,4.9079754601226995,9.815950920245399,85.2760736196319,10.429447852760736,74.84662576687117
E00115547,270,65,30,35,205,27,178,24.074074074074073,11.11111111111111,12.962962962962962,75.92592592592592,10,65.92592592592592
E00115548,327,45,16,29,282,31,251,13.761467889908257,4.892966360856269,8.868501529051988,86.23853211009175,9.480122324159021,76.75840978593273
E00115549,313,45,14,31,268,28,240,14.376996805111823,4.472843450479233,9.904153354632587,85.62300319488818,8.945686900958465,76.6773162939297
E00115550,269,43,12,31,226,30,196,15.985130111524162,4.4609665427509295,11.524163568773234,84.01486988847584,11.152416356877323,72.86245353159852
E00115551,218,61,19,42,157,8,149,27.981651376146786,8.715596330275229,19.26605504587156,72.01834862385321,3.669724770642202,68.34862385321101
E00115552,230,46,12,34,184,20,164,20,5.217391304347826,14.782608695652174,80,8.695652173913043,71.30434782608695
E00115553,330,68,24,44,262,21,241,20.606060606060606,7.2727272727272725,13.333333333333334,79.39393939393939,6.363636363636363,73.03030303030303
E00115554,310,73,36,37,237,31,206,23.548387096774192,11.612903225806452,11.935483870967742,76.45161290322581,10,66.45161290322581
E00115555,341,63,17,46,278,26,252,18.475073313782993,4.9853372434017595,13.48973607038123,81.52492668621701,7.624633431085044,73.90029325513197
E00115556,328,86,36,50,242,23,219,26.21951219512195,10.975609756097562,15.24390243902439,73.78048780487805,7.01219512195122,66.76829268292683
E00115557,238,53,16,37,185,22,163,22.268907563025213,6.722689075630252,15.546218487394958,77.73109243697479,9.243697478991598,68.4873949579832
E00115558,390,52,14,38,338,30,308,13.333333333333334,3.5897435897435894,9.7435897435897445,86.66666666666667,7.6923076923076925,78.97435897435898
E00115559,324,67,19,48,257,40,217,20.679012345679013,5.864197530864197,14.814814814814813,79.32098765432099,12.345679012345679,66.9753086419753
E00115560,386,69,22,47,317,40,277,17.875647668393782,5.699481865284974,12.176165803108809,82.12435233160622,10.362694300518134,71.76165803108809
E00115561,235,46,18,28,189,23,166,19.574468085106382,7.659574468085106,11.914893617021278,80.42553191489363,9.787234042553191,70.63829787234043
E00115562,316,60,22,38,256,20,236,18.9873417721519,6.962025316455696,12.025316455696203,81.0126582278481,6.329113924050633,74.68354430379746
E00115563,369,80,27,53,289,17,272,21.680216802168022,7.317073170731707,14.363143631436316,78.31978319783198,4.607046070460704,73.71273712737127
E00115564,376,40,8,32,336,28,308,10.638297872340425,2.127659574468085,8.51063829787234,89.36170212765957,7.446808510638298,81.91489361702128
E00115565,281,136,99,37,145,17,128,48.39857651245551,35.231316725978644,13.167259786476867,51.60142348754449,6.049822064056939,45.55160142348754
E00115566,287,49,11,38,238,16,222,17.073170731707318,3.8327526132404177,13.240418118466899,82.92682926829268,5.574912891986063,77.35191637630662
E00115567,302,57,27,30,245,26,219,18.874172185430464,8.940397350993377,9.933774834437086,81.12582781456953,8.609271523178808,72.51655629139073
E00115568,281,85,38,47,196,23,173,30.2491103202847,13.523131672597867,16.72597864768683,69.7508896797153,8.185053380782918,61.56583629893239
E00115569,263,53,21,32,210,30,180,20.15209125475285,7.984790874524715,12.167300380228136,79.84790874524715,11.406844106463879,68.44106463878326
E00115570,239,49,19,30,190,17,173,20.502092050209207,7.949790794979079,12.552301255230125,79.49790794979079,7.112970711297072,72.38493723849372
E00115571,279,71,20,51,208,32,176,25.448028673835125,7.168458781362006,18.27956989247312,74.55197132616487,11.469534050179211,63.08243727598566
E00115572,468,71,19,52,397,42,355,15.17094017094017,4.05982905982906,11.11111111111111,84.82905982905983,8.974358974358974,75.85470085470085
E00115573,529,75,21,54,454,35,419,14.177693761814744,3.9697542533081283,10.207939508506616,85.82230623818525,6.61625708884688,79.20604914933837
E00115574,272,53,28,25,219,19,200,19.485294117647058,10.294117647058822,9.191176470588236,80.51470588235294,6.985294117647059,73.52941176470588
E00115575,386,88,29,59,298,52,246,22.797927461139896,7.512953367875648,15.284974093264248,77.2020725388601,13.471502590673575,63.730569948186535
E00115576,322,66,21,45,256,43,213,20.496894409937887,6.521739130434782,13.975155279503104,79.5031055900621,13.354037267080745,66.14906832298136
E00115577,263,75,29,46,188,19,169,28.517110266159694,11.02661596958175,17.490494296577946,71.48288973384031,7.224334600760455,64.25855513307985
E00115578,295,57,17,40,238,29,209,19.322033898305087,5.762711864406779,13.559322033898304,80.67796610169492,9.830508474576272,70.84745762711864
E00115579,329,61,20,41,268,32,236,18.541033434650455,6.079027355623101,12.462006079027356,81.45896656534954,9.72644376899696,71.73252279635258
E00115580,332,76,30,46,256,16,240,22.89156626506024,9.036144578313253,13.855421686746988,77.10843373493977,4.819277108433735,72.28915662650603
E00115581,335,60,29,31,275,28,247,17.91044776119403,8.656716417910449,9.253731343283581,82.08955223880598,8.358208955223882,73.73134328358208
E00115582,237,46,14,32,191,28,163,19.40928270042194,5.9071729957805905,13.502109704641349,80.59071729957806,11.814345991561181,68.77637130801688
E00115583,241,49,24,25,192,32,160,20.33195020746888,9.95850622406639,10.37344398340249,79.66804979253112,13.278008298755188,66.39004149377593
E00115584,250,40,10,30,210,29,181,16,4,12,84,11.600000000000001,72.39999999999999
E00115585,277,48,18,30,229,26,203,17.328519855595665,6.4981949458483745,10.830324909747292,82.67148014440433,9.386281588447654,73.28519855595668
E00115586,261,68,18,50,193,33,160,26.053639846743295,6.896551724137931,19.157088122605366,73.9463601532567,12.643678160919542,61.30268199233716
E00115587,352,58,25,33,294,34,260,16.477272727272727,7.1022727272727275,9.375,83.52272727272727,9.659090909090908,73.86363636363636
E00115588,295,62,26,36,233,25,208,21.01694915254237,8.813559322033898,12.203389830508476,78.98305084745762,8.47457627118644,70.50847457627118
E00115589,341,73,24,49,268,25,243,21.407624633431084,7.038123167155426,14.369501466275661,78.59237536656892,7.331378299120235,71.26099706744868
E00115590,256,55,20,35,201,27,174,21.484375,7.8125,13.671875,78.515625,10.546875,67.96875
E00115591,506,40,14,26,466,22,444,7.905138339920949,2.766798418972332,5.138339920948617,92.09486166007905,4.3478260869565215,87.74703557312253
E00115592,208,52,9,43,156,19,137,25,4.326923076923077,20.673076923076923,75,9.134615384615383,65.86538461538461
E00115593,316,49,22,27,267,26,241,15.50632911392405,6.962025316455696,8.544303797468354,84.49367088607595,8.227848101265822,76.26582278481013
E00115594,289,52,14,38,237,31,206,17.99307958477509,4.844290657439446,13.148788927335639,82.00692041522491,10.726643598615917,71.280276816609
E00115595,319,37,8,29,282,36,246,11.598746081504702,2.507836990595611,9.090909090909092,88.40125391849529,11.285266457680251,77.11598746081505
E00115596,236,35,13,22,201,31,170,14.83050847457627,5.508474576271186,9.322033898305085,85.16949152542372,13.135593220338984,72.03389830508475
E00115597,265,55,15,40,210,31,179,20.754716981132077,5.660377358490567,15.09433962264151,79.24528301886792,11.69811320754717,67.54716981132076
E00115598,315,42,16,26,273,29,244,13.333333333333334,5.079365079365079,8.253968253968253,86.66666666666667,9.206349206349207,77.46031746031747
E00115599,341,65,27,38,276,25,251,19.06158357771261,7.9178885630498534,11.143695014662756,80.93841642228739,7.331378299120235,73.60703812316716
E00115600,222,49,17,32,173,25,148,22.07207207207207,7.657657657657657,14.414414414414415,77.92792792792793,11.26126126126126,66.66666666666666
E00115601,249,42,23,19,207,21,186,16.867469879518072,9.236947791164658,7.630522088353414,83.13253012048193,8.433734939759036,74.69879518072288
E00115602,230,60,28,32,170,21,149,26.08695652173913,12.173913043478262,13.91304347826087,73.91304347826086,9.130434782608695,64.78260869565217
E00115603,218,50,21,29,168,21,147,22.93577981651376,9.63302752293578,13.302752293577983,77.06422018348624,9.63302752293578,67.43119266055045
E00115604,277,49,16,33,228,15,213,17.689530685920577,5.776173285198556,11.913357400722022,82.31046931407943,5.415162454873646,76.89530685920577
E00115606,295,51,16,35,244,33,211,17.28813559322034,5.423728813559322,11.864406779661017,82.71186440677965,11.186440677966102,71.52542372881356
E00115607,285,48,23,25,237,30,207,16.842105263157894,8.070175438596491,8.771929824561402,83.15789473684211,10.526315789473683,72.63157894736842
E00115608,265,46,20,26,219,32,187,17.358490566037734,7.547169811320755,9.811320754716983,82.64150943396227,12.075471698113208,70.56603773584905
E00115609,312,45,18,27,267,33,234,14.423076923076922,5.769230769230769,8.653846153846153,85.57692307692307,10.576923076923077,75
E00115610,274,48,14,34,226,32,194,17.51824817518248,5.109489051094891,12.408759124087592,82.48175182481752,11.678832116788321,70.8029197080292
E00115611,251,61,24,37,190,24,166,24.302788844621514,9.56175298804781,14.741035856573706,75.69721115537848,9.56175298804781,66.13545816733067
E00115612,291,47,20,27,244,29,215,16.151202749140893,6.872852233676976,9.278350515463918,83.8487972508591,9.965635738831615,73.8831615120275
E00115613,293,46,9,37,247,35,212,15.699658703071673,3.0716723549488054,12.627986348122866,84.30034129692832,11.945392491467576,72.35494880546075
E00115614,337,68,44,24,269,31,238,20.178041543026705,13.056379821958458,7.121661721068249,79.82195845697329,9.198813056379821,70.62314540059347
E00115615,286,37,14,23,249,40,209,12.937062937062937,4.895104895104895,8.041958041958042,87.06293706293707,13.986013986013987,73.07692307692307
E00115616,280,75,33,42,205,28,177,26.785714285714285,11.785714285714285,15,73.21428571428571,10,63.21428571428571
E00115617,346,94,36,58,252,27,225,27.167630057803464,10.404624277456648,16.76300578034682,72.83236994219652,7.803468208092486,65.02890173410405
E00115618,294,49,21,28,245,29,216,16.666666666666664,7.142857142857142,9.523809523809524,83.33333333333334,9.863945578231291,73.46938775510205
E00115619,320,77,33,44,243,37,206,24.0625,10.3125,13.750000000000002,75.9375,11.5625,64.375
E00115620,306,47,20,27,259,34,225,15.359477124183007,6.535947712418301,8.823529411764707,84.640522875817,11.11111111111111,73.52941176470588
E00115621,329,76,36,40,253,31,222,23.10030395136778,10.94224924012158,12.158054711246201,76.89969604863222,9.422492401215806,67.47720364741642
E00115622,322,55,16,39,267,36,231,17.080745341614907,4.968944099378882,12.111801242236025,82.91925465838509,11.180124223602485,71.73913043478261
E00115623,327,49,19,30,278,36,242,14.984709480122325,5.81039755351682,9.174311926605505,85.01529051987767,11.009174311926607,74.00611620795107
E00115624,484,43,9,34,441,24,417,8.884297520661157,1.859504132231405,7.024793388429752,91.11570247933885,4.958677685950414,86.15702479338843
E00115625,295,52,27,25,243,29,214,17.627118644067796,9.152542372881356,8.47457627118644,82.37288135593221,9.830508474576272,72.54237288135593
E00115626,242,48,15,33,194,30,164,19.834710743801654,6.198347107438017,13.636363636363635,80.16528925619835,12.396694214876034,67.76859504132231
E00115627,291,32,9,23,259,24,235,10.996563573883162,3.0927835051546393,7.903780068728522,89.00343642611683,8.24742268041237,80.75601374570446
E00115629,326,45,19,26,281,44,237,13.803680981595093,5.828220858895705,7.975460122699387,86.1963190184049,13.496932515337424,72.69938650306749
E00115630,341,56,26,30,285,33,252,16.422287390029325,7.624633431085044,8.797653958944283,83.57771260997067,9.67741935483871,73.90029325513197
E00115631,299,51,15,36,248,25,223,17.05685618729097,5.016722408026756,12.040133779264215,82.94314381270902,8.361204013377927,74.5819397993311
E00115632,314,41,18,23,273,30,243,13.05732484076433,5.7324840764331215,7.32484076433121,86.94267515923568,9.554140127388536,77.38853503184714
E00115633,361,62,22,40,299,23,276,17.174515235457065,6.094182825484765,11.080332409972298,82.82548476454294,6.3711911357340725,76.45429362880887
E00115634,355,52,11,41,303,28,275,14.647887323943662,3.0985915492957745,11.549295774647888,85.35211267605634,7.887323943661972,77.46478873239437
E00115635,189,52,30,22,137,19,118,27.513227513227513,15.873015873015872,11.64021164021164,72.4867724867725,10.052910052910052,62.43386243386243
E00115636,338,39,14,25,299,28,271,11.538461538461538,4.142011834319527,7.396449704142012,88.46153846153845,8.284023668639055,80.1775147928994
E00115637,326,58,29,29,268,34,234,17.791411042944784,8.895705521472392,8.895705521472392,82.20858895705521,10.429447852760736,71.77914110429448
E00115638,280,47,14,33,233,28,205,16.785714285714285,5,11.785714285714285,83.21428571428572,10,73.21428571428571
E00115639,210,50,27,23,160,25,135,23.809523809523807,12.857142857142856,10.952380952380953,76.19047619047619,11.904761904761903,64.28571428571429
E00115640,337,58,21,37,279,24,255,17.210682492581604,6.231454005934718,10.979228486646884,82.7893175074184,7.121661721068249,75.66765578635015
E00115641,343,65,14,51,278,31,247,18.950437317784257,4.081632653061225,14.868804664723031,81.04956268221575,9.037900874635568,72.01166180758017
E00115642,430,72,29,43,358,34,324,16.74418604651163,6.744186046511628,10,83.25581395348837,7.906976744186046,75.34883720930232
E00115643,357,48,15,33,309,28,281,13.445378151260504,4.201680672268908,9.243697478991598,86.5546218487395,7.8431372549019605,78.71148459383754
E00115644,280,34,9,25,246,23,223,12.142857142857142,3.214285714285714,8.928571428571429,87.85714285714286,8.214285714285714,79.64285714285714
E00115645,316,47,11,36,269,20,249,14.873417721518987,3.481012658227848,11.39240506329114,85.12658227848101,6.329113924050633,78.79746835443038
E00115646,289,36,12,24,253,25,228,12.45674740484429,4.1522491349480966,8.304498269896193,87.5432525951557,8.650519031141869,78.89273356401384
E00115647,232,63,28,35,169,24,145,27.155172413793103,12.068965517241379,15.086206896551724,72.84482758620689,10.344827586206897,62.5
E00115648,240,43,11,32,197,23,174,17.916666666666668,4.583333333333333,13.333333333333334,82.08333333333333,9.583333333333334,72.5
E00115649,268,55,21,34,213,20,193,20.522388059701495,7.835820895522389,12.686567164179104,79.47761194029852,7.462686567164178,72.01492537313433
E00115650,327,52,12,40,275,35,240,15.902140672782874,3.669724770642202,12.232415902140673,84.09785932721712,10.703363914373089,73.39449541284404
E00115652,241,37,12,25,204,22,182,15.352697095435685,4.979253112033195,10.37344398340249,84.64730290456431,9.12863070539419,75.51867219917013
E00115653,234,29,3,26,205,21,184,12.393162393162394,1.282051282051282,11.11111111111111,87.6068376068376,8.974358974358974,78.63247863247864
E00115655,289,57,24,33,232,26,206,19.72318339100346,8.304498269896193,11.418685121107266,80.27681660899654,8.996539792387544,71.280276816609
E00115656,350,54,15,39,296,25,271,15.428571428571427,4.285714285714286,11.142857142857142,84.57142857142857,7.142857142857142,77.42857142857143
E00115657,364,50,16,34,314,33,281,13.736263736263737,4.395604395604396,9.340659340659341,86.26373626373626,9.065934065934066,77.1978021978022
E00115658,443,69,23,46,374,35,339,15.575620767494355,5.191873589164786,10.383747178329571,84.42437923250564,7.900677200902935,76.52370203160271
E00115659,245,56,29,27,189,17,172,22.857142857142858,11.83673469387755,11.020408163265307,77.14285714285715,6.938775510204081,70.20408163265306
E00115661,346,74,31,43,272,27,245,21.38728323699422,8.959537572254336,12.427745664739884,78.61271676300578,7.803468208092486,70.8092485549133
E00115662,297,42,21,21,255,32,223,14.14141414141414,7.07070707070707,7.07070707070707,85.85858585858585,10.774410774410773,75.08417508417509
E00115664,351,34,9,25,317,34,283,9.686609686609685,2.564102564102564,7.122507122507122,90.31339031339031,9.686609686609685,80.62678062678063
E00115665,289,26,6,20,263,25,238,8.996539792387544,2.0761245674740483,6.920415224913495,91.00346020761245,8.650519031141869,82.35294117647058
E00115666,276,28,6,22,248,43,205,10.144927536231885,2.1739130434782608,7.971014492753622,89.85507246376811,15.579710144927535,74.27536231884058
E00115667,314,59,27,32,255,22,233,18.789808917197455,8.598726114649681,10.191082802547772,81.21019108280255,7.006369426751593,74.20382165605095
E00115668,326,40,17,23,286,30,256,12.269938650306749,5.214723926380368,7.05521472392638,87.73006134969326,9.202453987730062,78.52760736196319
E00115669,376,52,9,43,324,48,276,13.829787234042554,2.393617021276596,11.436170212765957,86.17021276595744,12.76595744680851,73.40425531914893
E00115671,568,117,77,40,451,50,401,20.598591549295776,13.556338028169016,7.042253521126761,79.40140845070422,8.80281690140845,70.59859154929578
E00115672,297,61,27,34,236,30,206,20.53872053872054,9.090909090909092,11.447811447811448,79.46127946127946,10.1010101010101,69.36026936026936
E00115673,301,40,11,29,261,30,231,13.2890365448505,3.6544850498338874,9.634551495016613,86.71096345514951,9.966777408637874,76.74418604651163
E00115674,307,47,19,28,260,33,227,15.309446254071663,6.188925081433225,9.120521172638437,84.69055374592834,10.749185667752444,73.9413680781759
E00115675,261,49,18,31,212,18,194,18.773946360153257,6.896551724137931,11.877394636015326,81.22605363984674,6.896551724137931,74.32950191570882
E00115676,207,44,20,24,163,19,144,21.256038647342994,9.66183574879227,11.594202898550725,78.74396135265701,9.178743961352657,69.56521739130434
E00115677,313,56,24,32,257,32,225,17.89137380191693,7.667731629392971,10.223642172523961,82.10862619808307,10.223642172523961,71.8849840255591
E00115678,289,53,20,33,236,26,210,18.33910034602076,6.920415224913495,11.418685121107266,81.66089965397923,8.996539792387544,72.66435986159169
E00115679,302,55,25,30,247,27,220,18.211920529801322,8.27814569536424,9.933774834437086,81.78807947019867,8.940397350993377,72.84768211920529
E00115680,355,67,17,50,288,40,248,18.87323943661972,4.788732394366197,14.084507042253522,81.12676056338029,11.267605633802818,69.85915492957746
E00115681,280,51,19,32,229,36,193,18.21428571428571,6.785714285714286,11.428571428571429,81.78571428571428,12.857142857142856,68.92857142857143
E00115682,281,55,23,32,226,30,196,19.572953736654807,8.185053380782918,11.387900355871885,80.42704626334519,10.676156583629894,69.7508896797153
E00115683,304,85,32,53,219,25,194,27.960526315789476,10.526315789473683,17.434210526315788,72.03947368421053,8.223684210526317,63.81578947368421
E00115684,324,46,16,30,278,29,249,14.19753086419753,4.938271604938271,9.25925925925926,85.80246913580247,8.950617283950617,76.85185185185185
E00115685,260,45,17,28,215,13,202,17.307692307692307,6.538461538461539,10.76923076923077,82.6923076923077,5,77.6923076923077
E00115686,284,54,17,37,230,27,203,19.014084507042252,5.985915492957746,13.028169014084506,80.98591549295774,9.507042253521126,71.47887323943662
E00115687,458,68,22,46,390,31,359,14.847161572052403,4.8034934497816595,10.043668122270741,85.1528384279476,6.768558951965066,78.38427947598254
E00115688,260,52,22,30,208,20,188,20,8.461538461538462,11.538461538461538,80,7.6923076923076925,72.3076923076923
E00115689,249,50,15,35,199,10,189,20.080321285140563,6.024096385542169,14.056224899598394,79.91967871485943,4.016064257028113,75.90361445783132
E00115690,273,41,12,29,232,27,205,15.018315018315018,4.395604395604396,10.622710622710622,84.98168498168498,9.89010989010989,75.0915750915751
E00115691,230,54,26,28,176,26,150,23.47826086956522,11.304347826086957,12.173913043478262,76.52173913043478,11.304347826086957,65.21739130434783
E00115692,280,38,12,26,242,32,210,13.571428571428571,4.285714285714286,9.285714285714286,86.42857142857143,11.428571428571429,75
E00115693,284,51,24,27,233,17,216,17.95774647887324,8.450704225352112,9.507042253521126,82.04225352112677,5.985915492957746,76.05633802816901
E00115694,276,36,13,23,240,26,214,13.043478260869565,4.710144927536232,8.333333333333332,86.95652173913044,9.420289855072465,77.53623188405797
E00115695,325,45,16,29,280,18,262,13.846153846153847,4.923076923076923,8.923076923076923,86.15384615384616,5.538461538461538,80.61538461538461
E00115696,300,52,13,39,248,23,225,17.333333333333336,4.333333333333334,13,82.66666666666667,7.666666666666666,75
E00115697,360,68,23,45,292,36,256,18.88888888888889,6.388888888888888,12.5,81.11111111111111,10,71.11111111111111
E00115698,320,64,22,42,256,27,229,20,6.875000000000001,13.125,80,8.4375,71.5625
E00115699,221,53,30,23,168,19,149,23.981900452488688,13.574660633484163,10.407239819004525,76.01809954751131,8.597285067873303,67.42081447963801
E00115700,228,54,28,26,174,20,154,23.684210526315788,12.280701754385964,11.403508771929824,76.31578947368422,8.771929824561402,67.54385964912281
E00115701,323,43,17,26,280,32,248,13.312693498452013,5.263157894736842,8.04953560371517,86.687306501548,9.907120743034056,76.78018575851394
E00115702,326,63,19,44,263,30,233,19.32515337423313,5.828220858895705,13.496932515337424,80.67484662576688,9.202453987730062,71.47239263803681
E00115703,250,52,32,20,198,27,171,20.8,12.8,8,79.2,10.8,68.4
E00115704,280,56,25,31,224,30,194,20,8.928571428571429,11.071428571428571,80,10.714285714285714,69.28571428571428
E00115705,285,40,13,27,245,26,219,14.035087719298245,4.56140350877193,9.473684210526317,85.96491228070175,9.12280701754386,76.84210526315789
E00115706,324,41,13,28,283,24,259,12.654320987654321,4.012345679012346,8.641975308641975,87.34567901234568,7.4074074074074066,79.93827160493827
E00115707,274,43,23,20,231,25,206,15.693430656934307,8.394160583941606,7.2992700729927,84.30656934306569,9.124087591240876,75.18248175182481
E00115708,250,46,18,28,204,19,185,18.4,7.199999999999999,11.200000000000001,81.6,7.6,74
E00115709,304,48,15,33,256,34,222,15.789473684210526,4.934210526315789,10.855263157894738,84.21052631578947,11.18421052631579,73.02631578947368
E00115710,258,64,22,42,194,19,175,24.8062015503876,8.527131782945736,16.27906976744186,75.1937984496124,7.3643410852713185,67.82945736434108
E00115711,353,38,14,24,315,29,286,10.764872521246458,3.9660056657223794,6.79886685552408,89.23512747875354,8.21529745042493,81.01983002832861
E00115712,321,52,14,38,269,29,240,16.1993769470405,4.361370716510903,11.838006230529595,83.8006230529595,9.034267912772584,74.76635514018692
E00115713,402,84,36,48,318,27,291,20.8955223880597,8.955223880597014,11.940298507462686,79.1044776119403,6.7164179104477615,72.38805970149254
E00115714,364,44,9,35,320,30,290,12.087912087912088,2.4725274725274726,9.615384615384617,87.91208791208791,8.241758241758241,79.67032967032966
E00115715,263,37,9,28,226,24,202,14.068441064638785,3.4220532319391634,10.646387832699618,85.93155893536122,9.125475285171103,76.80608365019012
E00115716,363,46,17,29,317,29,288,12.672176308539946,4.683195592286501,7.988980716253444,87.32782369146005,7.988980716253444,79.33884297520662
E00115717,253,45,11,34,208,15,193,17.786561264822133,4.3478260869565215,13.438735177865613,82.21343873517787,5.928853754940711,76.28458498023716
E00115718,296,36,10,26,260,26,234,12.162162162162163,3.3783783783783785,8.783783783783784,87.83783783783784,8.783783783783784,79.05405405405406
E00115719,474,57,20,37,417,31,386,12.025316455696203,4.219409282700422,7.805907172995781,87.9746835443038,6.5400843881856545,81.43459915611815
E00115720,316,31,10,21,285,31,254,9.81012658227848,3.1645569620253164,6.6455696202531636,90.18987341772153,9.81012658227848,80.37974683544303
E00115721,381,70,26,44,311,33,278,18.37270341207349,6.824146981627297,11.548556430446194,81.62729658792651,8.661417322834646,72.96587926509186
E00115722,231,42,12,30,189,22,167,18.181818181818183,5.194805194805195,12.987012987012985,81.81818181818183,9.523809523809524,72.2943722943723
E00115723,239,26,6,20,213,25,188,10.87866108786611,2.510460251046025,8.368200836820083,89.1213389121339,10.460251046025103,78.66108786610879
E00115724,293,35,9,26,258,25,233,11.945392491467576,3.0716723549488054,8.873720136518772,88.05460750853243,8.532423208191126,79.5221843003413
E00115725,329,29,7,22,300,30,270,8.814589665653495,2.127659574468085,6.68693009118541,91.1854103343465,9.118541033434651,82.06686930091185
E00115726,298,38,10,28,260,23,237,12.751677852348994,3.3557046979865772,9.395973154362416,87.24832214765101,7.718120805369128,79.53020134228188
E00115727,304,49,13,36,255,26,229,16.11842105263158,4.276315789473684,11.842105263157894,83.88157894736842,8.552631578947368,75.32894736842105
E00115728,349,75,27,48,274,28,246,21.48997134670487,7.736389684813753,13.753581661891118,78.51002865329512,8.022922636103152,70.48710601719198
E00115729,262,41,15,26,221,32,189,15.648854961832063,5.7251908396946565,9.923664122137405,84.35114503816794,12.213740458015266,72.13740458015268
E00115730,416,86,48,38,330,36,294,20.673076923076923,11.538461538461538,9.134615384615383,79.32692307692307,8.653846153846153,70.67307692307693
E00115731,313,83,33,50,230,25,205,26.517571884984026,10.543130990415335,15.974440894568689,73.48242811501598,7.987220447284344,65.49520766773162
E00115732,329,34,5,29,295,30,265,10.33434650455927,1.5197568389057752,8.814589665653495,89.66565349544074,9.118541033434651,80.54711246200608
E00115733,359,49,23,26,310,30,280,13.649025069637883,6.406685236768802,7.242339832869081,86.35097493036211,8.356545961002785,77.99442896935933
E00115734,350,43,15,28,307,29,278,12.285714285714286,4.285714285714286,8,87.71428571428571,8.285714285714285,79.42857142857143
E00115735,383,31,11,20,352,40,312,8.093994778067886,2.8720626631853787,5.221932114882506,91.90600522193212,10.443864229765012,81.4621409921671
E00115736,530,45,12,33,485,49,436,8.49056603773585,2.2641509433962264,6.226415094339623,91.50943396226415,9.245283018867925,82.26415094339623
E00115737,384,61,29,32,323,28,295,15.885416666666666,7.552083333333333,8.333333333333332,84.11458333333334,7.291666666666667,76.82291666666666
E00115738,356,45,15,30,311,20,291,12.640449438202248,4.213483146067416,8.426966292134832,87.35955056179775,5.617977528089887,81.74157303370787
E00115739,333,33,16,17,300,28,272,9.90990990990991,4.804804804804805,5.105105105105105,90.09009009009009,8.408408408408409,81.68168168168168
E00115741,417,57,18,39,360,29,331,13.66906474820144,4.316546762589928,9.352517985611511,86.33093525179856,6.954436450839328,79.37649880095923
E00115742,502,76,19,57,426,43,383,15.139442231075698,3.7848605577689245,11.354581673306772,84.86055776892431,8.565737051792828,76.29482071713147
E00115743,348,36,8,28,312,29,283,10.344827586206897,2.2988505747126435,8.045977011494253,89.65517241379311,8.333333333333332,81.32183908045977
E00115744,258,39,9,30,219,26,193,15.11627906976744,3.488372093023256,11.627906976744185,84.88372093023256,10.077519379844961,74.8062015503876
E00115745,324,58,18,40,266,40,226,17.901234567901234,5.555555555555555,12.345679012345679,82.09876543209876,12.345679012345679,69.75308641975309
E00115746,320,31,5,26,289,25,264,9.6875,1.5625,8.125,90.3125,7.8125,82.5
E00115747,351,41,8,33,310,34,276,11.68091168091168,2.2792022792022792,9.401709401709402,88.31908831908832,9.686609686609685,78.63247863247864
E00115748,274,23,7,16,251,27,224,8.394160583941606,2.5547445255474455,5.839416058394161,91.6058394160584,9.854014598540147,81.75182481751825
E00115749,332,40,11,29,292,22,270,12.048192771084338,3.313253012048193,8.734939759036145,87.95180722891565,6.626506024096386,81.32530120481928
E00115750,373,31,6,25,342,46,296,8.310991957104557,1.6085790884718498,6.702412868632708,91.68900804289544,12.332439678284182,79.35656836461126
E00115751,315,24,7,17,291,21,270,7.6190476190476195,2.2222222222222223,5.396825396825397,92.38095238095238,6.666666666666667,85.71428571428571
E00115752,351,56,14,42,295,22,273,15.954415954415953,3.9886039886039883,11.965811965811966,84.04558404558404,6.267806267806268,77.77777777777779
E00115753,232,59,32,27,173,19,154,25.43103448275862,13.793103448275861,11.637931034482758,74.56896551724138,8.189655172413794,66.37931034482759
E00115754,288,53,15,38,235,27,208,18.40277777777778,5.208333333333334,13.194444444444445,81.59722222222221,9.375,72.22222222222221
E00115755,257,50,18,32,207,31,176,19.45525291828794,7.003891050583658,12.45136186770428,80.54474708171206,12.062256809338521,68.48249027237354
E00115756,264,95,53,42,169,20,149,35.984848484848484,20.075757575757574,15.909090909090908,64.01515151515152,7.575757575757576,56.439393939393945
E00115758,263,39,14,25,224,32,192,14.82889733840304,5.323193916349809,9.505703422053232,85.17110266159695,12.167300380228136,73.00380228136882
E00115759,384,50,15,35,334,39,295,13.020833333333334,3.90625,9.114583333333332,86.97916666666666,10.15625,76.82291666666666
E00115760,294,41,8,33,253,19,234,13.945578231292515,2.7210884353741496,11.224489795918368,86.05442176870748,6.462585034013606,79.59183673469387
E00115761,300,40,14,26,260,44,216,13.333333333333334,4.666666666666667,8.666666666666668,86.66666666666667,14.666666666666666,72
E00115762,297,45,15,30,252,32,220,15.151515151515152,5.05050505050505,10.1010101010101,84.84848484848484,10.774410774410773,74.07407407407408
E00115763,285,37,9,28,248,29,219,12.982456140350877,3.1578947368421053,9.824561403508772,87.01754385964912,10.175438596491228,76.84210526315789
E00115764,264,51,16,35,213,32,181,19.318181818181817,6.0606060606060606,13.257575757575758,80.68181818181817,12.121212121212121,68.56060606060606
E00115765,270,61,20,41,209,31,178,22.59259259259259,7.4074074074074066,15.185185185185185,77.4074074074074,11.481481481481481,65.92592592592592
E00115766,309,60,24,36,249,20,229,19.41747572815534,7.766990291262135,11.650485436893204,80.58252427184466,6.472491909385113,74.11003236245955
E00115767,341,56,20,36,285,34,251,16.422287390029325,5.865102639296188,10.557184750733137,83.57771260997067,9.970674486803519,73.60703812316716
E00115768,307,53,24,29,254,36,218,17.263843648208468,7.81758957654723,9.446254071661238,82.73615635179154,11.726384364820847,71.00977198697068
E00115769,376,65,25,40,311,30,281,17.287234042553195,6.648936170212766,10.638297872340425,82.7127659574468,7.9787234042553195,74.7340425531915
E00115770,202,62,24,38,140,23,117,30.693069306930692,11.881188118811881,18.81188118811881,69.3069306930693,11.386138613861387,57.920792079207914
E00115771,182,63,35,28,119,16,103,34.61538461538461,19.230769230769234,15.384615384615385,65.38461538461539,8.791208791208792,56.59340659340659
E00115772,273,75,28,47,198,28,170,27.472527472527474,10.256410256410255,17.216117216117215,72.52747252747253,10.256410256410255,62.27106227106227
E00115773,267,61,24,37,206,20,186,22.846441947565545,8.98876404494382,13.857677902621724,77.15355805243446,7.490636704119851,69.66292134831461
E00115774,239,57,24,33,182,20,162,23.84937238493724,10.0418410041841,13.807531380753138,76.15062761506276,8.368200836820083,67.78242677824268
E00115775,344,45,9,36,299,34,265,13.08139534883721,2.616279069767442,10.465116279069768,86.9186046511628,9.883720930232558,77.03488372093024
E00115776,263,40,11,29,223,32,191,15.209125475285171,4.182509505703422,11.02661596958175,84.79087452471484,12.167300380228136,72.6235741444867
E00115777,300,31,6,25,269,28,241,10.333333333333334,2,8.333333333333332,89.66666666666666,9.333333333333334,80.33333333333333
E00115778,238,57,31,26,181,19,162,23.949579831932773,13.025210084033615,10.92436974789916,76.05042016806722,7.9831932773109235,68.0672268907563
E00115779,359,36,8,28,323,20,303,10.027855153203342,2.2284122562674096,7.7994428969359335,89.97214484679665,5.571030640668524,84.40111420612814
E00115780,226,34,5,29,192,18,174,15.04424778761062,2.2123893805309733,12.831858407079647,84.95575221238938,7.964601769911504,76.99115044247787
E00115781,335,69,31,38,266,27,239,20.597014925373134,9.253731343283581,11.343283582089553,79.40298507462687,8.059701492537313,71.34328358208955
E00115782,598,84,24,60,514,54,460,14.046822742474916,4.013377926421405,10.033444816053512,85.95317725752508,9.03010033444816,76.92307692307693
E00115783,433,60,22,38,373,38,335,13.856812933025402,5.080831408775981,8.775981524249422,86.14318706697459,8.775981524249422,77.36720554272517
E00115785,207,50,28,22,157,18,139,24.154589371980677,13.526570048309178,10.628019323671497,75.84541062801932,8.695652173913043,67.14975845410628
E00115786,391,79,34,45,312,35,277,20.20460358056266,8.695652173913043,11.508951406649617,79.79539641943734,8.951406649616368,70.84398976982096
E00115787,335,56,20,36,279,38,241,16.716417910447763,5.970149253731343,10.746268656716417,83.28358208955224,11.343283582089553,71.94029850746269
E00115788,360,43,13,30,317,36,281,11.944444444444445,3.6111111111111107,8.333333333333332,88.05555555555556,10,78.05555555555556
E00115789,282,26,8,18,256,27,229,9.219858156028367,2.8368794326241136,6.382978723404255,90.78014184397163,9.574468085106384,81.20567375886525
E00115790,301,61,22,39,240,35,205,20.26578073089701,7.308970099667775,12.956810631229235,79.734219269103,11.627906976744185,68.10631229235881
E00115791,280,54,14,40,226,24,202,19.28571428571429,5,14.285714285714285,80.71428571428572,8.571428571428571,72.14285714285714
E00115792,292,48,16,32,244,36,208,16.43835616438356,5.47945205479452,10.95890410958904,83.56164383561644,12.32876712328767,71.23287671232876
E00115793,226,39,13,26,187,27,160,17.25663716814159,5.752212389380531,11.504424778761061,82.7433628318584,11.946902654867257,70.79646017699115
E00115794,263,33,14,19,230,29,201,12.547528517110266,5.323193916349809,7.224334600760455,87.45247148288973,11.02661596958175,76.42585551330798
E00115795,363,75,47,28,288,38,250,20.66115702479339,12.947658402203857,7.7134986225895315,79.33884297520662,10.46831955922865,68.87052341597796
E00115796,346,54,17,37,292,38,254,15.606936416184972,4.913294797687861,10.69364161849711,84.39306358381504,10.982658959537572,73.41040462427746
E00115797,393,62,29,33,331,28,303,15.776081424936386,7.37913486005089,8.396946564885496,84.22391857506362,7.124681933842239,77.09923664122137
E00115798,393,57,21,36,336,40,296,14.50381679389313,5.343511450381679,9.16030534351145,85.49618320610686,10.178117048346055,75.31806615776081
E00115799,324,51,13,38,273,34,239,15.74074074074074,4.012345679012346,11.728395061728394,84.25925925925925,10.493827160493826,73.76543209876543
E00115800,311,48,17,31,263,37,226,15.434083601286176,5.466237942122187,9.967845659163988,84.56591639871382,11.89710610932476,72.66881028938906
E00115801,332,47,23,24,285,27,258,14.156626506024098,6.927710843373494,7.228915662650602,85.8433734939759,8.132530120481928,77.71084337349397
E00115802,273,27,12,15,246,23,223,9.89010989010989,4.395604395604396,5.4945054945054945,90.10989010989012,8.424908424908425,81.68498168498168
E00115803,222,40,21,19,182,9,173,18.01801801801802,9.45945945945946,8.558558558558559,81.98198198198197,4.054054054054054,77.92792792792793
E00115804,288,65,24,41,223,30,193,22.569444444444446,8.333333333333332,14.23611111111111,77.43055555555556,10.416666666666668,67.01388888888889
E00115805,358,39,6,33,319,32,287,10.893854748603351,1.675977653631285,9.217877094972067,89.10614525139665,8.938547486033519,80.16759776536313
E00115806,300,41,20,21,259,21,238,13.666666666666666,6.666666666666667,7.000000000000001,86.33333333333333,7.000000000000001,79.33333333333333
E00115808,283,38,10,28,245,23,222,13.427561837455832,3.53356890459364,9.89399293286219,86.57243816254417,8.12720848056537,78.4452296819788
E00115809,339,68,22,46,271,35,236,20.058997050147493,6.489675516224189,13.569321533923304,79.9410029498525,10.32448377581121,69.6165191740413
E00115810,232,59,19,40,173,19,154,25.43103448275862,8.189655172413794,17.24137931034483,74.56896551724138,8.189655172413794,66.37931034482759
E00115811,264,51,20,31,213,22,191,19.318181818181817,7.575757575757576,11.742424242424242,80.68181818181817,8.333333333333332,72.34848484848484
E00115812,308,51,12,39,257,21,236,16.558441558441558,3.896103896103896,12.662337662337661,83.44155844155844,6.8181818181818175,76.62337662337663
E00115813,321,64,20,44,257,18,239,19.937694704049843,6.230529595015576,13.707165109034266,80.06230529595015,5.607476635514018,74.45482866043614
E00115814,265,32,9,23,233,21,212,12.075471698113208,3.3962264150943398,8.679245283018867,87.9245283018868,7.9245283018867925,80
E00115815,271,37,16,21,234,26,208,13.653136531365314,5.904059040590406,7.7490774907749085,86.34686346863468,9.59409594095941,76.75276752767527
E00115816,418,64,23,41,354,36,318,15.311004784688995,5.502392344497608,9.808612440191387,84.688995215311,8.61244019138756,76.07655502392345
E00115817,224,33,13,20,191,20,171,14.732142857142858,5.803571428571429,8.928571428571429,85.26785714285714,8.928571428571429,76.33928571428571
E00115818,332,43,14,29,289,26,263,12.951807228915662,4.216867469879518,8.734939759036145,87.04819277108435,7.83132530120482,79.21686746987952
E00115819,389,57,18,39,332,31,301,14.652956298200515,4.627249357326478,10.025706940874036,85.34704370179949,7.969151670951156,77.37789203084833
E00115820,308,56,25,31,252,26,226,18.181818181818183,8.116883116883116,10.064935064935066,81.81818181818183,8.441558441558442,73.37662337662337
E00115821,350,42,19,23,308,29,279,12,5.428571428571429,6.571428571428571,88,8.285714285714285,79.71428571428572
E00115822,411,41,22,19,370,37,333,9.975669099756692,5.35279805352798,4.622871046228711,90.02433090024331,9.002433090024331,81.02189781021897
E00115823,297,45,18,27,252,29,223,15.151515151515152,6.0606060606060606,9.090909090909092,84.84848484848484,9.764309764309765,75.08417508417509
E00115824,337,37,13,24,300,23,277,10.979228486646884,3.857566765578635,7.121661721068249,89.02077151335311,6.824925816023739,82.19584569732937
E00115825,441,62,21,41,379,37,342,14.058956916099774,4.761904761904762,9.297052154195011,85.94104308390023,8.390022675736962,77.55102040816327
E00115826,247,44,17,27,203,28,175,17.813765182186234,6.882591093117409,10.931174089068826,82.18623481781377,11.336032388663968,70.8502024291498
E00115827,428,73,32,41,355,30,325,17.056074766355138,7.476635514018691,9.579439252336448,82.94392523364486,7.009345794392523,75.93457943925233
E00115828,334,36,9,27,298,33,265,10.778443113772456,2.694610778443114,8.08383233532934,89.22155688622755,9.880239520958083,79.34131736526946
E00115829,330,59,25,34,271,28,243,17.87878787878788,7.575757575757576,10.303030303030303,82.12121212121211,8.484848484848486,73.63636363636363
E00115830,308,36,3,33,272,24,248,11.688311688311687,0.974025974025974,10.714285714285714,88.31168831168831,7.792207792207792,80.51948051948052
E00115831,275,41,11,30,234,25,209,14.909090909090908,4,10.909090909090908,85.0909090909091,9.090909090909092,76
E00115832,573,85,42,43,488,46,442,14.834205933682373,7.329842931937172,7.504363001745201,85.16579406631763,8.027923211169284,77.13787085514834
E00115833,315,42,14,28,273,18,255,13.333333333333334,4.444444444444445,8.88888888888889,86.66666666666667,5.714285714285714,80.95238095238095
E00115834,362,46,20,26,316,27,289,12.70718232044199,5.524861878453039,7.18232044198895,87.29281767955801,7.458563535911603,79.8342541436464
E00115835,325,23,6,17,302,34,268,7.076923076923077,1.8461538461538463,5.230769230769231,92.92307692307692,10.461538461538462,82.46153846153847
E00115836,334,43,13,30,291,33,258,12.874251497005988,3.8922155688622757,8.982035928143713,87.12574850299401,9.880239520958083,77.24550898203593
E00115837,273,42,12,30,231,20,211,15.384615384615385,4.395604395604396,10.989010989010989,84.61538461538461,7.326007326007327,77.2893772893773
E00115838,127,42,16,26,85,8,77,33.07086614173229,12.598425196850393,20.47244094488189,66.92913385826772,6.299212598425196,60.629921259842526
E00115839,318,38,9,29,280,36,244,11.949685534591195,2.8301886792452833,9.119496855345911,88.0503144654088,11.320754716981133,76.72955974842768
E00168112,274,35,9,26,239,27,212,12.773722627737227,3.2846715328467155,9.48905109489051,87.22627737226277,9.854014598540147,77.37226277372264
E00168114,378,53,17,36,325,40,285,14.02116402116402,4.497354497354497,9.523809523809524,85.97883597883597,10.582010582010582,75.39682539682539
E00168115,278,39,8,31,239,24,215,14.028776978417264,2.877697841726619,11.151079136690647,85.97122302158273,8.633093525179856,77.33812949640287
E00168116,317,43,14,29,274,22,252,13.564668769716087,4.416403785488959,9.14826498422713,86.43533123028391,6.940063091482649,79.49526813880126
E00168117,188,34,14,20,154,15,139,18.085106382978726,7.446808510638298,10.638297872340425,81.91489361702128,7.9787234042553195,73.93617021276596
E00168118,275,30,12,18,245,25,220,10.909090909090908,4.363636363636364,6.545454545454546,89.0909090909091,9.090909090909092,80
E00168119,616,67,20,47,549,51,498,10.876623376623376,3.2467532467532463,7.629870129870129,89.12337662337663,8.279220779220779,80.84415584415584
E00168121,374,86,42,44,288,33,255,22.994652406417114,11.229946524064172,11.76470588235294,77.00534759358288,8.823529411764707,68.18181818181817
E00179914,475,55,13,42,420,46,374,11.578947368421053,2.736842105263158,8.842105263157894,88.42105263157895,9.68421052631579,78.73684210526316
E00179917,451,44,13,31,407,44,363,9.75609756097561,2.882483370288248,6.873614190687362,90.2439024390244,9.75609756097561,80.48780487804879
E00179920,165,23,6,17,142,16,126,13.939393939393941,3.6363636363636362,10.303030303030303,86.06060606060606,9.696969696969697,76.36363636363637
E00179921,440,51,26,25,389,41,348,11.59090909090909,5.909090909090909,5.681818181818182,88.4090909090909,9.318181818181818,79.0909090909091
E00179931,136,30,16,14,106,9,97,22.058823529411764,11.76470588235294,10.294117647058822,77.94117647058823,6.61764705882353,71.32352941176471
E00179932,268,31,8,23,237,26,211,11.567164179104477,2.9850746268656714,8.582089552238806,88.43283582089553,9.701492537313433,78.73134328358209
E00179947,228,42,13,29,186,11,175,18.421052631578945,5.701754385964912,12.719298245614036,81.57894736842105,4.824561403508771,76.75438596491229
E00179951,511,65,21,44,446,35,411,12.720156555772993,4.10958904109589,8.610567514677104,87.279843444227,6.8493150684931505,80.43052837573386
E00179954,286,102,79,23,184,11,173,35.66433566433567,27.62237762237762,8.041958041958042,64.33566433566433,3.8461538461538463,60.48951048951049
E00179955,126,36,19,17,90,8,82,28.57142857142857,15.079365079365079,13.492063492063492,71.42857142857143,6.349206349206349,65.07936507936508
E00179958,616,97,52,45,519,62,457,15.746753246753247,8.441558441558442,7.305194805194805,84.25324675324676,10.064935064935066,74.18831168831169
E00179971,459,35,13,22,424,40,384,7.625272331154684,2.832244008714597,4.793028322440087,92.37472766884531,8.714596949891067,83.66013071895425
E00179975,189,36,11,25,153,17,136,19.047619047619047,5.82010582010582,13.227513227513226,80.95238095238095,8.994708994708994,71.95767195767195
E00179976,401,44,15,29,357,33,324,10.972568578553615,3.7406483790523692,7.231920199501247,89.02743142144638,8.229426433915211,80.79800498753117
E00179977,850,105,59,46,745,28,717,12.352941176470589,6.9411764705882355,5.411764705882352,87.6470588235294,3.294117647058824,84.35294117647058
E00179978,143,48,24,24,95,8,87,33.56643356643357,16.783216783216783,16.783216783216783,66.43356643356644,5.594405594405594,60.83916083916085
