OA,ts0380001,ts0380002,ts0380003,ts0380004,ts0380005,ts0380006,ts0380007,ts0380002_PCT,ts0380003_PCT,ts0380004_PCT,ts0380005_PCT,ts0380006_PCT,ts0380007_PCT
E00056750,313,45,11,34,268,39,229,14.376996805111823,3.5143769968051117,10.86261980830671,85.62300319488818,12.460063897763577,73.1629392971246
E00056751,285,31,9,22,254,26,228,10.87719298245614,3.1578947368421053,7.719298245614035,89.12280701754386,9.12280701754386,80
E00056752,461,45,12,33,416,40,376,9.761388286334057,2.6030368763557483,7.158351409978309,90.23861171366593,8.676789587852495,81.56182212581345
E00056753,225,74,35,39,151,15,136,32.88888888888889,15.555555555555555,17.333333333333336,67.11111111111111,6.666666666666667,60.44444444444444
E00056754,275,40,11,29,235,22,213,14.545454545454545,4,10.545454545454545,85.45454545454545,8,77.45454545454545
E00056755,314,59,25,34,255,36,219,18.789808917197455,7.961783439490445,10.828025477707007,81.21019108280255,11.464968152866243,69.7452229299363
E00056756,319,54,23,31,265,20,245,16.927899686520377,7.210031347962382,9.717868338557993,83.07210031347962,6.269592476489027,76.8025078369906
E00056757,528,56,12,44,472,42,430,10.606060606060606,2.272727272727273,8.333333333333332,89.39393939393939,7.954545454545454,81.43939393939394
E00056758,444,46,17,29,398,43,355,10.36036036036036,3.8288288288288284,6.531531531531531,89.63963963963964,9.684684684684685,79.95495495495496
E00056759,275,34,10,24,241,28,213,12.363636363636363,3.6363636363636362,8.727272727272728,87.63636363636364,10.181818181818182,77.45454545454545
E00056760,278,37,8,29,241,29,212,13.309352517985612,2.877697841726619,10.431654676258994,86.6906474820144,10.431654676258994,76.2589928057554
E00056761,279,39,10,29,240,18,222,13.978494623655912,3.584229390681003,10.39426523297491,86.02150537634408,6.451612903225806,79.56989247311827
E00056762,458,70,21,49,388,30,358,15.283842794759824,4.585152838427948,10.698689956331878,84.71615720524017,6.550218340611353,78.16593886462883
E00056763,334,51,14,37,283,36,247,15.269461077844312,4.191616766467066,11.077844311377245,84.73053892215569,10.778443113772456,73.95209580838323
E00056764,326,37,11,26,289,35,254,11.349693251533742,3.374233128834356,7.975460122699387,88.65030674846625,10.736196319018406,77.91411042944786
E00056765,331,36,8,28,295,33,262,10.876132930513595,2.416918429003021,8.459214501510575,89.12386706948641,9.969788519637463,79.15407854984893
E00056766,355,48,20,28,307,27,280,13.521126760563378,5.633802816901409,7.887323943661972,86.47887323943661,7.605633802816901,78.87323943661971
E00056767,253,54,20,34,199,24,175,21.34387351778656,7.905138339920949,13.438735177865613,78.65612648221344,9.486166007905137,69.1699604743083
E00056768,393,56,23,33,337,27,310,14.249363867684478,5.852417302798982,8.396946564885496,85.75063613231552,6.870229007633588,78.88040712468194
E00056769,310,69,32,37,241,24,217,22.258064516129032,10.32258064516129,11.935483870967742,77.74193548387098,7.741935483870968,70
E00056770,309,54,15,39,255,21,234,17.475728155339805,4.854368932038835,12.62135922330097,82.52427184466019,6.796116504854369,75.72815533980582
E00056771,270,51,11,40,219,23,196,18.88888888888889,4.074074074074074,14.814814814814813,81.11111111111111,8.518518518518519,72.5925925925926
E00056772,563,62,14,48,501,51,450,11.012433392539965,2.4866785079928952,8.52575488454707,88.98756660746004,9.058614564831261,79.92895204262878
E00056773,298,41,9,32,257,28,229,13.758389261744966,3.0201342281879198,10.738255033557047,86.24161073825503,9.395973154362416,76.84563758389261
E00056774,206,44,14,30,162,26,136,21.35922330097087,6.796116504854369,14.563106796116504,78.64077669902912,12.62135922330097,66.01941747572816
E00056775,270,36,14,22,234,20,214,13.333333333333334,5.185185185185185,8.148148148148149,86.66666666666667,7.4074074074074066,79.25925925925927
E00056776,293,69,44,25,224,28,196,23.549488054607508,15.017064846416384,8.532423208191126,76.45051194539249,9.556313993174061,66.89419795221842
E00056777,259,42,12,30,217,24,193,16.216216216216218,4.633204633204633,11.583011583011583,83.78378378378379,9.266409266409266,74.5173745173745
E00056778,112,17,10,7,95,7,88,15.178571428571427,8.928571428571429,6.25,84.82142857142857,6.25,78.57142857142857
E00056779,486,63,21,42,423,51,372,12.962962962962962,4.320987654320987,8.641975308641975,87.03703703703704,10.493827160493826,76.5432098765432
E00056780,177,26,7,19,151,10,141,14.689265536723164,3.954802259887006,10.734463276836157,85.31073446327684,5.649717514124294,79.66101694915254
E00056781,319,54,16,38,265,30,235,16.927899686520377,5.015673981191222,11.912225705329153,83.07210031347962,9.404388714733543,73.66771159874608
E00056782,328,60,28,32,268,25,243,18.29268292682927,8.536585365853659,9.75609756097561,81.70731707317073,7.621951219512195,74.08536585365853
E00056783,286,40,13,27,246,30,216,13.986013986013987,4.545454545454546,9.44055944055944,86.01398601398601,10.48951048951049,75.52447552447552
E00056784,255,37,12,25,218,30,188,14.50980392156863,4.705882352941177,9.803921568627452,85.49019607843137,11.76470588235294,73.72549019607844
E00056787,211,41,16,25,170,19,151,19.431279620853083,7.5829383886255926,11.848341232227488,80.56872037914692,9.004739336492891,71.56398104265402
E00056788,318,63,31,32,255,22,233,19.81132075471698,9.748427672955975,10.062893081761008,80.18867924528303,6.918238993710692,73.27044025157232
E00056789,373,96,58,38,277,27,250,25.737265415549597,15.549597855227882,10.187667560321715,74.26273458445041,7.238605898123325,67.02412868632707
E00056790,407,86,34,52,321,28,293,21.13022113022113,8.353808353808354,12.776412776412776,78.86977886977887,6.87960687960688,71.99017199017199
E00056792,334,54,16,38,280,23,257,16.16766467065868,4.790419161676647,11.377245508982035,83.8323353293413,6.88622754491018,76.94610778443113
E00056793,315,31,12,19,284,25,259,9.841269841269842,3.8095238095238098,6.031746031746032,90.15873015873017,7.936507936507936,82.22222222222221
E00056794,298,40,14,26,258,26,232,13.422818791946309,4.697986577181208,8.724832214765101,86.57718120805369,8.724832214765101,77.85234899328859
E00056795,258,72,33,39,186,20,166,27.906976744186046,12.790697674418606,15.11627906976744,72.09302325581395,7.751937984496124,64.34108527131784
E00056796,240,59,28,31,181,16,165,24.583333333333332,11.666666666666666,12.916666666666668,75.41666666666667,6.666666666666667,68.75
E00056797,262,40,13,27,222,19,203,15.267175572519085,4.961832061068702,10.305343511450381,84.7328244274809,7.251908396946565,77.48091603053436
E00056798,237,33,10,23,204,14,190,13.924050632911392,4.219409282700422,9.70464135021097,86.07594936708861,5.9071729957805905,80.16877637130801
E00056799,271,74,30,44,197,25,172,27.30627306273063,11.07011070110701,16.236162361623617,72.69372693726937,9.22509225092251,63.46863468634686
E00056800,250,97,57,40,153,21,132,38.800000000000004,22.8,16,61.199999999999996,8.4,52.800000000000004
E00056801,243,35,12,23,208,10,198,14.40329218106996,4.938271604938271,9.465020576131687,85.59670781893004,4.11522633744856,81.48148148148148
E00056802,345,39,11,28,306,35,271,11.304347826086957,3.1884057971014492,8.115942028985506,88.69565217391305,10.144927536231885,78.55072463768116
E00056803,266,47,16,31,219,33,186,17.669172932330827,6.015037593984962,11.654135338345863,82.33082706766918,12.406015037593985,69.92481203007519
E00056804,302,24,8,16,278,30,248,7.9470198675496695,2.6490066225165565,5.298013245033113,92.05298013245033,9.933774834437086,82.11920529801324
E00056805,267,76,31,45,191,23,168,28.46441947565543,11.610486891385769,16.853932584269664,71.53558052434457,8.614232209737828,62.92134831460674
E00056806,246,78,50,28,168,14,154,31.70731707317073,20.32520325203252,11.38211382113821,68.29268292682927,5.691056910569105,62.601626016260155
E00056807,278,40,12,28,238,26,212,14.388489208633093,4.316546762589928,10.071942446043165,85.61151079136691,9.352517985611511,76.2589928057554
E00056808,250,36,8,28,214,25,189,14.399999999999999,3.2,11.200000000000001,85.6,10,75.6
E00056809,263,61,26,35,202,23,179,23.193916349809886,9.885931558935361,13.307984790874524,76.80608365019012,8.745247148288973,68.06083650190115
E00056810,275,26,9,17,249,19,230,9.454545454545455,3.272727272727273,6.181818181818182,90.54545454545455,6.909090909090909,83.63636363636363
E00056811,352,31,11,20,321,29,292,8.806818181818182,3.125,5.681818181818182,91.19318181818183,8.238636363636363,82.95454545454545
E00056812,272,70,23,47,202,18,184,25.735294117647058,8.455882352941178,17.27941176470588,74.26470588235294,6.61764705882353,67.64705882352942
E00056813,339,25,6,19,314,31,283,7.374631268436578,1.7699115044247788,5.604719764011799,92.62536873156341,9.144542772861357,83.48082595870207
E00056814,266,58,26,32,208,19,189,21.804511278195488,9.774436090225564,12.030075187969924,78.19548872180451,7.142857142857142,71.05263157894737
E00056815,292,21,3,18,271,27,244,7.191780821917808,1.0273972602739725,6.164383561643835,92.8082191780822,9.246575342465754,83.56164383561644
E00056816,311,103,58,45,208,18,190,33.11897106109325,18.64951768488746,14.469453376205788,66.88102893890675,5.787781350482315,61.09324758842444
E00056817,319,42,15,27,277,30,247,13.166144200626958,4.702194357366771,8.463949843260188,86.83385579937304,9.404388714733543,77.4294670846395
E00056818,197,23,5,18,174,19,155,11.6751269035533,2.5380710659898478,9.137055837563452,88.3248730964467,9.644670050761421,78.68020304568529
E00056819,173,56,21,35,117,12,105,32.369942196531795,12.138728323699421,20.23121387283237,67.63005780346822,6.9364161849710975,60.69364161849711
E00056820,219,50,21,29,169,25,144,22.831050228310502,9.58904109589041,13.24200913242009,77.1689497716895,11.415525114155251,65.75342465753424
E00056821,220,22,8,14,198,19,179,10,3.6363636363636362,6.363636363636363,90,8.636363636363637,81.36363636363636
E00056822,403,40,9,31,363,28,335,9.925558312655088,2.2332506203473943,7.6923076923076925,90.07444168734492,6.9478908188585615,83.12655086848635
E00056823,337,70,27,43,267,22,245,20.77151335311573,8.011869436201781,12.759643916913946,79.22848664688428,6.528189910979229,72.70029673590504
E00056825,319,75,32,43,244,37,207,23.510971786833856,10.031347962382444,13.479623824451412,76.48902821316614,11.598746081504702,64.89028213166145
E00056827,281,60,22,38,221,18,203,21.352313167259787,7.829181494661921,13.523131672597867,78.64768683274022,6.405693950177936,72.24199288256227
E00056828,205,28,7,21,177,12,165,13.658536585365855,3.414634146341464,10.24390243902439,86.34146341463415,5.853658536585367,80.48780487804879
E00056829,259,41,15,26,218,14,204,15.83011583011583,5.7915057915057915,10.038610038610038,84.16988416988417,5.405405405405405,78.76447876447877
E00056830,328,69,27,42,259,26,233,21.036585365853657,8.231707317073171,12.804878048780488,78.96341463414635,7.926829268292683,71.03658536585365
E00056831,241,39,15,24,202,25,177,16.182572614107883,6.224066390041494,9.95850622406639,83.81742738589212,10.37344398340249,73.44398340248964
E00056832,260,31,10,21,229,30,199,11.923076923076923,3.8461538461538463,8.076923076923077,88.07692307692308,11.538461538461538,76.53846153846153
E00056833,243,29,5,24,214,25,189,11.934156378600823,2.05761316872428,9.876543209876543,88.06584362139918,10.2880658436214,77.77777777777779
E00056834,383,44,17,27,339,26,313,11.488250652741515,4.43864229765013,7.049608355091384,88.51174934725849,6.7885117493472595,81.72323759791122
E00056835,313,45,10,35,268,29,239,14.376996805111823,3.1948881789137378,11.182108626198083,85.62300319488818,9.26517571884984,76.35782747603834
E00056836,237,28,7,21,209,22,187,11.814345991561181,2.9535864978902953,8.860759493670885,88.18565400843882,9.282700421940929,78.90295358649789
E00056837,249,43,12,31,206,19,187,17.269076305220885,4.819277108433735,12.449799196787147,82.73092369477911,7.630522088353414,75.1004016064257
E00056838,284,21,7,14,263,29,234,7.394366197183098,2.464788732394366,4.929577464788732,92.6056338028169,10.211267605633804,82.3943661971831
E00056839,507,72,37,35,435,25,410,14.201183431952662,7.297830374753452,6.903353057199212,85.79881656804734,4.930966469428008,80.86785009861933
E00056840,427,105,48,57,322,21,301,24.59016393442623,11.241217798594848,13.348946135831383,75.40983606557377,4.918032786885246,70.49180327868852
E00056841,298,40,14,26,258,17,241,13.422818791946309,4.697986577181208,8.724832214765101,86.57718120805369,5.704697986577181,80.87248322147651
E00056842,312,44,15,29,268,34,234,14.102564102564102,4.807692307692308,9.294871794871796,85.8974358974359,10.897435897435898,75
E00056843,337,60,24,36,277,16,261,17.804154302670625,7.121661721068249,10.682492581602373,82.19584569732937,4.747774480712167,77.44807121661721
E00056845,321,47,20,27,274,23,251,14.641744548286603,6.230529595015576,8.411214953271028,85.35825545171339,7.165109034267912,78.19314641744548
E00056846,407,81,33,48,326,24,302,19.901719901719904,8.108108108108109,11.793611793611793,80.0982800982801,5.896805896805897,74.2014742014742
E00056847,353,106,67,39,247,15,232,30.02832861189802,18.980169971671387,11.048158640226628,69.97167138810198,4.2492917847025495,65.72237960339945
E00056848,305,83,58,25,222,15,207,27.21311475409836,19.01639344262295,8.19672131147541,72.78688524590164,4.918032786885246,67.8688524590164
E00056849,292,83,50,33,209,8,201,28.424657534246577,17.123287671232877,11.301369863013697,71.57534246575342,2.73972602739726,68.83561643835617
E00056850,331,78,39,39,253,18,235,23.564954682779458,11.782477341389729,11.782477341389729,76.43504531722054,5.438066465256798,70.99697885196375
E00056851,326,60,21,39,266,20,246,18.404907975460123,6.441717791411043,11.96319018404908,81.59509202453987,6.134969325153374,75.4601226993865
E00056852,526,100,39,61,426,22,404,19.011406844106464,7.41444866920152,11.596958174904943,80.98859315589354,4.182509505703422,76.80608365019012
E00056853,326,52,11,41,274,24,250,15.950920245398773,3.374233128834356,12.576687116564417,84.04907975460122,7.361963190184049,76.68711656441718
E00056854,293,52,24,28,241,14,227,17.747440273037544,8.19112627986348,9.556313993174061,82.25255972696246,4.778156996587031,77.47440273037543
E00056855,274,67,36,31,207,12,195,24.45255474452555,13.138686131386862,11.313868613138686,75.54744525547446,4.37956204379562,71.16788321167883
E00056856,265,42,9,33,223,14,209,15.849056603773585,3.3962264150943398,12.452830188679245,84.15094339622642,5.283018867924529,78.8679245283019
E00056858,284,41,15,26,243,18,225,14.43661971830986,5.28169014084507,9.15492957746479,85.56338028169014,6.338028169014084,79.22535211267606
E00056859,322,83,48,35,239,9,230,25.77639751552795,14.906832298136646,10.869565217391305,74.22360248447205,2.7950310559006213,71.42857142857143
E00056861,267,40,10,30,227,32,195,14.981273408239701,3.7453183520599254,11.235955056179774,85.0187265917603,11.985018726591761,73.03370786516854
E00056862,452,89,42,47,363,38,325,19.690265486725664,9.29203539823009,10.398230088495575,80.30973451327434,8.4070796460177,71.90265486725663
E00056863,376,64,24,40,312,19,293,17.02127659574468,6.382978723404255,10.638297872340425,82.97872340425532,5.053191489361701,77.92553191489363
E00056864,318,50,17,33,268,28,240,15.723270440251572,5.345911949685535,10.377358490566039,84.27672955974843,8.80503144654088,75.47169811320755
E00056865,275,41,13,28,234,16,218,14.909090909090908,4.7272727272727275,10.181818181818182,85.0909090909091,5.818181818181818,79.27272727272727
E00056866,252,56,30,26,196,16,180,22.22222222222222,11.904761904761903,10.317460317460316,77.77777777777779,6.349206349206349,71.42857142857143
E00056867,321,44,18,26,277,24,253,13.707165109034266,5.607476635514018,8.09968847352025,86.29283489096574,7.476635514018691,78.81619937694704
E00056868,340,70,27,43,270,21,249,20.588235294117645,7.941176470588235,12.647058823529411,79.41176470588235,6.176470588235294,73.23529411764706
E00056869,307,58,20,38,249,22,227,18.892508143322477,6.514657980456026,12.37785016286645,81.10749185667753,7.166123778501629,73.9413680781759
E00056871,225,69,27,42,156,13,143,30.666666666666664,12,18.666666666666668,69.33333333333334,5.777777777777778,63.55555555555556
E00056873,331,28,6,22,303,34,269,8.459214501510575,1.812688821752266,6.646525679758309,91.54078549848943,10.27190332326284,81.2688821752266
E00056874,461,76,29,47,385,26,359,16.48590021691974,6.29067245119306,10.195227765726681,83.51409978308027,5.639913232104121,77.87418655097615
E00056875,256,40,21,19,216,16,200,15.625,8.203125,7.421875,84.375,6.25,78.125
E00056877,252,62,34,28,190,18,172,24.6031746031746,13.492063492063492,11.11111111111111,75.39682539682539,7.142857142857142,68.25396825396825
E00056878,318,49,26,23,269,17,252,15.40880503144654,8.176100628930817,7.232704402515723,84.59119496855347,5.345911949685535,79.24528301886792
E00056879,244,43,16,27,201,8,193,17.62295081967213,6.557377049180328,11.065573770491802,82.37704918032787,3.278688524590164,79.09836065573771
E00056880,232,36,10,26,196,18,178,15.517241379310345,4.310344827586207,11.206896551724139,84.48275862068965,7.758620689655173,76.72413793103449
E00056881,227,55,21,34,172,8,164,24.229074889867842,9.251101321585903,14.977973568281937,75.77092511013215,3.524229074889868,72.24669603524228
E00056882,439,70,23,47,369,40,329,15.945330296127564,5.239179954441914,10.70615034168565,84.05466970387245,9.111617312072893,74.94305239179954
E00056883,390,93,59,34,297,22,275,23.846153846153847,15.128205128205128,8.717948717948717,76.15384615384615,5.641025641025641,70.51282051282051
E00056884,312,82,40,42,230,18,212,26.282051282051285,12.82051282051282,13.461538461538462,73.71794871794873,5.769230769230769,67.94871794871796
E00056885,320,51,21,30,269,18,251,15.937499999999998,6.5625,9.375,84.0625,5.625,78.4375
E00056886,173,50,24,26,123,9,114,28.901734104046245,13.872832369942195,15.028901734104046,71.09826589595376,5.202312138728324,65.89595375722543
E00056887,386,41,12,29,345,29,316,10.621761658031089,3.1088082901554404,7.512953367875648,89.37823834196891,7.512953367875648,81.86528497409327
E00056888,183,47,14,33,136,11,125,25.683060109289617,7.650273224043716,18.0327868852459,74.31693989071039,6.0109289617486334,68.30601092896174
E00056889,361,46,17,29,315,18,297,12.742382271468145,4.7091412742382275,8.033240997229916,87.25761772853186,4.986149584487535,82.27146814404432
E00056890,285,46,22,24,239,22,217,16.140350877192983,7.719298245614035,8.421052631578947,83.85964912280703,7.719298245614035,76.14035087719299
E00056891,195,46,25,21,149,7,142,23.589743589743588,12.82051282051282,10.76923076923077,76.41025641025641,3.5897435897435894,72.82051282051282
E00056892,288,42,25,17,246,11,235,14.583333333333334,8.680555555555555,5.902777777777778,85.41666666666666,3.8194444444444446,81.59722222222221
E00056893,379,55,19,36,324,24,300,14.511873350923482,5.013192612137203,9.498680738786279,85.4881266490765,6.33245382585752,79.15567282321899
E00056894,429,71,36,35,358,23,335,16.55011655011655,8.391608391608392,8.158508158508159,83.44988344988346,5.361305361305361,78.08857808857809
E00056895,255,68,30,38,187,16,171,26.666666666666668,11.76470588235294,14.901960784313726,73.33333333333333,6.2745098039215685,67.05882352941175
E00056897,271,39,11,28,232,14,218,14.391143911439114,4.059040590405904,10.33210332103321,85.60885608856088,5.166051660516605,80.44280442804428
E00056898,403,37,8,29,366,6,360,9.181141439205955,1.9851116625310175,7.196029776674938,90.81885856079404,1.488833746898263,89.33002481389578
E00056899,349,48,16,32,301,26,275,13.753581661891118,4.584527220630372,9.169054441260744,86.24641833810888,7.4498567335243555,78.79656160458453
E00056900,235,54,36,18,181,15,166,22.97872340425532,15.319148936170212,7.659574468085106,77.02127659574468,6.382978723404255,70.63829787234043
E00056901,248,68,32,36,180,14,166,27.419354838709676,12.903225806451612,14.516129032258066,72.58064516129032,5.64516129032258,66.93548387096774
E00056902,409,65,16,49,344,20,324,15.892420537897312,3.9119804400977993,11.98044009779951,84.10757946210269,4.88997555012225,79.21760391198043
E00056903,471,67,20,47,404,19,385,14.225053078556263,4.246284501061571,9.978768577494693,85.77494692144374,4.033970276008493,81.74097664543525
E00056904,336,100,64,36,236,30,206,29.761904761904763,19.047619047619047,10.714285714285714,70.23809523809523,8.928571428571429,61.30952380952381
E00056905,297,66,22,44,231,26,205,22.22222222222222,7.4074074074074066,14.814814814814813,77.77777777777779,8.754208754208754,69.02356902356902
E00056906,353,97,61,36,256,23,233,27.47875354107649,17.280453257790366,10.198300283286118,72.52124645892351,6.515580736543909,66.0056657223796
E00056907,282,74,30,44,208,21,187,26.24113475177305,10.638297872340425,15.602836879432624,73.75886524822694,7.446808510638298,66.31205673758865
E00056908,193,44,19,25,149,15,134,22.797927461139896,9.844559585492227,12.953367875647666,77.2020725388601,7.772020725388601,69.43005181347151
E00056909,423,49,16,33,374,18,356,11.583924349881796,3.7825059101654848,7.801418439716312,88.4160756501182,4.25531914893617,84.16075650118204
E00056910,240,66,27,39,174,11,163,27.500000000000004,11.25,16.25,72.5,4.583333333333333,67.91666666666667
E00056911,243,65,31,34,178,9,169,26.748971193415638,12.757201646090536,13.991769547325102,73.25102880658436,3.7037037037037033,69.54732510288066
E00056912,294,37,10,27,257,21,236,12.585034013605442,3.4013605442176873,9.183673469387756,87.41496598639455,7.142857142857142,80.27210884353741
E00056913,350,52,15,37,298,24,274,14.857142857142858,4.285714285714286,10.571428571428571,85.14285714285714,6.857142857142858,78.28571428571428
E00056914,287,38,18,20,249,28,221,13.240418118466899,6.2717770034843205,6.968641114982578,86.7595818815331,9.75609756097561,77.00348432055749
E00056915,274,41,6,35,233,15,218,14.963503649635038,2.18978102189781,12.773722627737227,85.03649635036497,5.474452554744526,79.56204379562044
E00056916,183,50,30,20,133,9,124,27.322404371584703,16.39344262295082,10.92896174863388,72.6775956284153,4.918032786885246,67.75956284153006
E00056917,286,33,14,19,253,20,233,11.538461538461538,4.895104895104895,6.643356643356643,88.46153846153845,6.993006993006993,81.46853146853147
E00056918,306,69,29,40,237,40,197,22.54901960784314,9.477124183006536,13.071895424836603,77.45098039215686,13.071895424836603,64.37908496732027
E00056919,228,48,19,29,180,30,150,21.052631578947366,8.333333333333332,12.719298245614036,78.94736842105263,13.157894736842104,65.78947368421053
E00056920,342,56,19,37,286,23,263,16.374269005847953,5.555555555555555,10.818713450292398,83.62573099415205,6.725146198830409,76.90058479532163
E00056921,379,42,15,27,337,35,302,11.081794195250659,3.95778364116095,7.12401055408971,88.91820580474933,9.234828496042216,79.68337730870712
E00056922,267,57,17,40,210,26,184,21.34831460674157,6.367041198501873,14.981273408239701,78.65168539325843,9.737827715355806,68.91385767790263
E00056923,285,62,20,42,223,18,205,21.75438596491228,7.017543859649122,14.736842105263156,78.24561403508771,6.315789473684211,71.9298245614035
E00056924,323,67,29,38,256,25,231,20.743034055727556,8.978328173374612,11.76470588235294,79.25696594427245,7.739938080495357,71.51702786377709
E00056925,289,52,24,28,237,20,217,17.99307958477509,8.304498269896193,9.688581314878892,82.00692041522491,6.920415224913495,75.08650519031141
E00056926,233,68,42,26,165,8,157,29.184549356223176,18.025751072961373,11.158798283261802,70.81545064377683,3.4334763948497855,67.38197424892704
E00056927,383,47,15,32,336,37,299,12.27154046997389,3.91644908616188,8.355091383812011,87.72845953002611,9.660574412532636,78.06788511749347
E00056928,282,78,37,41,204,16,188,27.659574468085108,13.120567375886525,14.539007092198581,72.3404255319149,5.673758865248227,66.66666666666666
E00056929,294,46,19,27,248,27,221,15.646258503401361,6.462585034013606,9.183673469387756,84.35374149659864,9.183673469387756,75.17006802721087
E00056930,290,92,55,37,198,17,181,31.724137931034484,18.96551724137931,12.758620689655173,68.27586206896552,5.862068965517241,62.41379310344828
E00056931,321,28,7,21,293,20,273,8.722741433021806,2.1806853582554515,6.5420560747663545,91.27725856697819,6.230529595015576,85.04672897196261
E00056932,272,44,13,31,228,22,206,16.176470588235293,4.779411764705882,11.397058823529411,83.82352941176471,8.088235294117647,75.73529411764706
E00056933,324,65,20,45,259,22,237,20.061728395061728,6.172839506172839,13.88888888888889,79.93827160493827,6.790123456790123,73.14814814814815
E00056934,278,53,23,30,225,21,204,19.06474820143885,8.273381294964029,10.79136690647482,80.93525179856115,7.553956834532374,73.38129496402878
E00056935,217,30,9,21,187,23,164,13.82488479262673,4.147465437788019,9.67741935483871,86.17511520737328,10.599078341013826,75.57603686635944
E00056936,294,42,19,23,252,18,234,14.285714285714285,6.462585034013606,7.8231292517006805,85.71428571428571,6.122448979591836,79.59183673469387
E00056937,149,47,24,23,102,7,95,31.543624161073826,16.10738255033557,15.436241610738255,68.45637583892618,4.697986577181208,63.758389261744966
E00056938,289,48,22,26,241,16,225,16.608996539792386,7.612456747404845,8.996539792387544,83.39100346020761,5.536332179930796,77.85467128027682
E00056939,344,41,15,26,303,19,284,11.918604651162791,4.3604651162790695,7.55813953488372,88.0813953488372,5.523255813953488,82.55813953488372
E00056940,306,58,25,33,248,26,222,18.954248366013072,8.169934640522875,10.784313725490197,81.04575163398692,8.49673202614379,72.54901960784314
E00056941,387,89,50,39,298,26,272,22.997416020671835,12.919896640826872,10.077519379844961,77.00258397932816,6.718346253229974,70.28423772609818
E00056942,316,33,11,22,283,20,263,10.443037974683545,3.481012658227848,6.962025316455696,89.55696202531645,6.329113924050633,83.22784810126582
E00056943,345,37,15,22,308,32,276,10.72463768115942,4.3478260869565215,6.3768115942028984,89.27536231884058,9.27536231884058,80
E00056945,266,70,32,38,196,15,181,26.31578947368421,12.030075187969924,14.285714285714285,73.68421052631578,5.639097744360902,68.04511278195488
E00056946,352,52,19,33,300,23,277,14.772727272727273,5.3977272727272725,9.375,85.22727272727273,6.534090909090909,78.69318181818183
E00056947,338,51,22,29,287,19,268,15.088757396449704,6.508875739644971,8.579881656804734,84.91124260355029,5.621301775147929,79.28994082840237
E00056948,355,46,16,30,309,27,282,12.957746478873238,4.507042253521127,8.450704225352112,87.04225352112675,7.605633802816901,79.43661971830987
E00056949,174,40,24,16,134,13,121,22.988505747126435,13.793103448275861,9.195402298850574,77.01149425287356,7.471264367816093,69.54022988505747
E00056950,287,56,23,33,231,21,210,19.51219512195122,8.013937282229964,11.498257839721255,80.48780487804879,7.317073170731707,73.17073170731707
E00056951,264,42,11,31,222,24,198,15.909090909090908,4.166666666666666,11.742424242424242,84.0909090909091,9.090909090909092,75
E00056952,248,46,17,29,202,20,182,18.548387096774192,6.854838709677419,11.693548387096774,81.45161290322581,8.064516129032258,73.38709677419355
E00056953,260,54,18,36,206,22,184,20.76923076923077,6.923076923076923,13.846153846153847,79.23076923076923,8.461538461538462,70.76923076923077
E00056954,277,31,10,21,246,25,221,11.191335740072201,3.6101083032490973,7.581227436823104,88.8086642599278,9.025270758122744,79.78339350180505
E00056955,288,55,21,34,233,20,213,19.09722222222222,7.291666666666667,11.805555555555555,80.90277777777779,6.944444444444445,73.95833333333334
E00056956,249,47,17,30,202,23,179,18.87550200803213,6.827309236947792,12.048192771084338,81.12449799196787,9.236947791164658,71.8875502008032
E00056957,260,47,13,34,213,22,191,18.076923076923077,5,13.076923076923078,81.92307692307692,8.461538461538462,73.46153846153847
E00056958,306,62,38,24,244,26,218,20.26143790849673,12.418300653594772,7.8431372549019605,79.73856209150327,8.49673202614379,71.24183006535948
E00056959,166,28,18,10,138,17,121,16.867469879518072,10.843373493975903,6.024096385542169,83.13253012048193,10.240963855421686,72.89156626506023
E00056960,350,64,33,31,286,31,255,18.285714285714285,9.428571428571429,8.857142857142856,81.71428571428572,8.857142857142856,72.85714285714285
E00056961,335,44,16,28,291,23,268,13.134328358208954,4.776119402985075,8.358208955223882,86.86567164179104,6.865671641791045,80
E00056962,507,81,37,44,426,31,395,15.976331360946746,7.297830374753452,8.678500986193294,84.02366863905326,6.11439842209073,77.90927021696253
E00056963,365,74,26,48,291,28,263,20.273972602739725,7.123287671232877,13.150684931506849,79.72602739726027,7.671232876712329,72.05479452054794
E00056964,293,62,26,36,231,36,195,21.160409556313994,8.873720136518772,12.286689419795222,78.839590443686,12.286689419795222,66.55290102389078
E00056965,319,70,37,33,249,21,228,21.9435736677116,11.598746081504702,10.344827586206897,78.0564263322884,6.583072100313479,71.47335423197492
E00056966,258,82,45,37,176,16,160,31.782945736434108,17.441860465116278,14.34108527131783,68.21705426356588,6.2015503875969,62.01550387596899
E00056967,321,67,22,45,254,18,236,20.87227414330218,6.853582554517133,14.018691588785046,79.12772585669782,5.607476635514018,73.5202492211838
E00056968,421,43,19,24,378,21,357,10.21377672209026,4.513064133016627,5.7007125890736345,89.78622327790974,4.98812351543943,84.798099762470315
E00056969,246,24,9,15,222,14,208,9.75609756097561,3.6585365853658534,6.097560975609756,90.2439024390244,5.691056910569105,84.5528455284553
E00056970,361,39,12,27,322,24,298,10.80332409972299,3.32409972299169,7.479224376731302,89.19667590027701,6.64819944598338,82.54847645429363
E00056971,230,21,9,12,209,12,197,9.130434782608695,3.91304347826087,5.217391304347826,90.8695652173913,5.217391304347826,85.65217391304348
E00056972,154,15,3,12,139,5,134,9.740259740259742,1.948051948051948,7.792207792207792,90.25974025974025,3.2467532467532463,87.01298701298701
E00056973,201,6,4,2,195,12,183,2.9850746268656714,1.9900497512437811,0.9950248756218906,97.01492537313433,5.970149253731343,91.04477611940298
E00056974,315,64,27,37,251,26,225,20.317460317460316,8.571428571428571,11.746031746031745,79.68253968253968,8.253968253968253,71.42857142857143
E00056975,369,67,30,37,302,33,269,18.157181571815716,8.130081300813007,10.02710027100271,81.84281842818429,8.94308943089431,72.89972899728997
E00056976,424,59,19,40,365,34,331,13.915094339622641,4.481132075471698,9.433962264150944,86.08490566037736,8.018867924528301,78.06603773584906
E00056977,236,29,11,18,207,22,185,12.288135593220339,4.661016949152542,7.627118644067797,87.71186440677965,9.322033898305085,78.38983050847457
E00056978,290,38,12,26,252,31,221,13.10344827586207,4.137931034482759,8.96551724137931,86.89655172413792,10.689655172413794,76.20689655172413
E00056979,319,47,19,28,272,15,257,14.733542319749215,5.956112852664576,8.77742946708464,85.26645768025078,4.702194357366771,80.56426332288402
E00056981,294,51,17,34,243,18,225,17.346938775510203,5.782312925170068,11.564625850340136,82.6530612244898,6.122448979591836,76.53061224489795
E00056982,313,41,17,24,272,14,258,13.099041533546327,5.431309904153355,7.667731629392971,86.90095846645367,4.472843450479233,82.42811501597444
E00056983,277,49,13,36,228,25,203,17.689530685920577,4.693140794223827,12.996389891696749,82.31046931407943,9.025270758122744,73.28519855595668
E00056984,225,67,29,38,158,6,152,29.777777777777775,12.88888888888889,16.88888888888889,70.22222222222221,2.666666666666667,67.55555555555556
E00056985,313,59,20,39,254,16,238,18.849840255591054,6.3897763578274756,12.460063897763577,81.15015974440894,5.111821086261981,76.03833865814697
E00056986,289,62,28,34,227,13,214,21.453287197231834,9.688581314878892,11.76470588235294,78.54671280276817,4.498269896193772,74.0484429065744
E00056987,382,57,18,39,325,24,301,14.921465968586386,4.712041884816754,10.209424083769633,85.07853403141361,6.282722513089005,78.79581151832461
E00056988,351,121,55,66,230,21,209,34.472934472934476,15.669515669515668,18.803418803418804,65.52706552706553,5.982905982905983,59.54415954415955
E00056989,306,54,24,30,252,22,230,17.647058823529413,7.8431372549019605,9.803921568627452,82.35294117647058,7.18954248366013,75.16339869281046
E00056990,343,45,19,26,298,23,275,13.119533527696792,5.539358600583091,7.580174927113703,86.88046647230321,6.705539358600583,80.17492711370262
E00056991,417,57,22,35,360,28,332,13.66906474820144,5.275779376498801,8.393285371702639,86.33093525179856,6.71462829736211,79.61630695443645
E00056992,376,79,27,52,297,20,277,21.01063829787234,7.180851063829788,13.829787234042554,78.98936170212765,5.319148936170213,73.67021276595744
E00056993,371,45,17,28,326,14,312,12.129380053908356,4.5822102425876015,7.547169811320755,87.87061994609164,3.7735849056603774,84.09703504043127
E00056994,326,67,31,36,259,24,235,20.552147239263803,9.509202453987731,11.042944785276074,79.4478527607362,7.361963190184049,72.08588957055214
E00056995,321,43,20,23,278,10,268,13.395638629283487,6.230529595015576,7.165109034267912,86.6043613707165,3.115264797507788,83.48909657320873
E00056997,350,41,16,25,309,20,289,11.714285714285715,4.571428571428571,7.142857142857142,88.28571428571429,5.714285714285714,82.57142857142857
E00056998,575,78,48,30,497,17,480,13.56521739130435,8.347826086956523,5.217391304347826,86.43478260869564,2.9565217391304346,83.47826086956522
E00056999,299,36,13,23,263,18,245,12.040133779264215,4.3478260869565215,7.6923076923076925,87.95986622073578,6.0200668896321075,81.93979933110369
E00057000,265,50,25,25,215,13,202,18.867924528301888,9.433962264150944,9.433962264150944,81.13207547169812,4.905660377358491,76.22641509433963
E00057001,387,50,15,35,337,24,313,12.919896640826872,3.875968992248062,9.043927648578812,87.08010335917312,6.2015503875969,80.87855297157623
E00057002,257,51,14,37,206,11,195,19.844357976653697,5.447470817120623,14.396887159533073,80.1556420233463,4.280155642023346,75.87548638132296
E00057003,330,28,11,17,302,13,289,8.484848484848486,3.3333333333333335,5.151515151515151,91.51515151515152,3.939393939393939,87.57575757575758
E00057004,194,43,21,22,151,13,138,22.164948453608247,10.824742268041238,11.34020618556701,77.83505154639175,6.701030927835052,71.1340206185567
E00057005,207,58,34,24,149,8,141,28.019323671497588,16.425120772946862,11.594202898550725,71.98067632850241,3.864734299516908,68.11594202898551
E00057006,258,33,17,16,225,23,202,12.790697674418606,6.5891472868217065,6.2015503875969,87.20930232558139,8.914728682170542,78.29457364341084
E00057007,281,40,18,22,241,20,221,14.23487544483986,6.405693950177936,7.829181494661921,85.76512455516014,7.11743772241993,78.64768683274022
E00057008,251,31,12,19,220,32,188,12.350597609561753,4.780876494023905,7.569721115537849,87.64940239043824,12.749003984063744,74.9003984063745
E00057009,378,53,22,31,325,12,313,14.02116402116402,5.82010582010582,8.201058201058201,85.97883597883597,3.1746031746031744,82.8042328042328
E00057010,233,41,19,22,192,24,168,17.59656652360515,8.15450643776824,9.44206008583691,82.40343347639485,10.300429184549357,72.1030042918455
E00057011,435,68,29,39,367,27,340,15.632183908045977,6.666666666666667,8.96551724137931,84.36781609195401,6.206896551724138,78.16091954022988
E00057012,456,72,28,44,384,24,360,15.789473684210526,6.140350877192982,9.649122807017543,84.21052631578947,5.263157894736842,78.94736842105263
E00057013,273,41,20,21,232,7,225,15.018315018315018,7.326007326007327,7.6923076923076925,84.98168498168498,2.564102564102564,82.41758241758241
E00057014,448,69,41,28,379,23,356,15.401785714285715,9.151785714285714,6.25,84.59821428571429,5.133928571428571,79.46428571428571
E00057015,377,42,22,20,335,20,315,11.140583554376658,5.835543766578249,5.305039787798409,88.85941644562334,5.305039787798409,83.55437665782493
E00057016,375,37,16,21,338,31,307,9.866666666666667,4.266666666666667,5.6000000000000005,90.13333333333333,8.266666666666666,81.86666666666666
E00057017,369,49,10,39,320,15,305,13.279132791327914,2.710027100271003,10.569105691056912,86.72086720867209,4.0650406504065035,82.65582655826557
E00057018,270,38,19,19,232,29,203,14.074074074074074,7.037037037037037,7.037037037037037,85.92592592592592,10.74074074074074,75.18518518518519
E00057019,344,46,17,29,298,22,276,13.372093023255813,4.941860465116279,8.430232558139535,86.62790697674419,6.395348837209303,80.23255813953489
E00057020,361,47,25,22,314,7,307,13.019390581717452,6.9252077562326875,6.094182825484765,86.98060941828255,1.9390581717451523,85.0415512465374
E00057021,297,56,19,37,241,12,229,18.855218855218855,6.397306397306397,12.457912457912458,81.14478114478115,4.040404040404041,77.10437710437711
E00057022,334,53,25,28,281,24,257,15.868263473053892,7.48502994011976,8.383233532934131,84.13173652694611,7.18562874251497,76.94610778443113
E00057023,354,38,15,23,316,13,303,10.734463276836157,4.23728813559322,6.497175141242938,89.26553672316385,3.672316384180791,85.59322033898306
E00057024,323,73,34,39,250,30,220,22.60061919504644,10.526315789473683,12.074303405572756,77.39938080495357,9.287925696594428,68.11145510835914
E00057025,290,43,23,20,247,21,226,14.827586206896552,7.931034482758621,6.896551724137931,85.17241379310346,7.241379310344828,77.93103448275862
E00057026,339,53,18,35,286,16,270,15.634218289085547,5.3097345132743365,10.32448377581121,84.36578171091446,4.71976401179941,79.64601769911505
E00057027,492,45,19,26,447,10,437,9.146341463414634,3.861788617886179,5.284552845528456,90.85365853658537,2.0325203252032518,88.8211382113821
E00057028,337,38,11,27,299,11,288,11.275964391691394,3.2640949554896146,8.011869436201781,88.72403560830861,3.2640949554896146,85.45994065281899
E00057029,440,57,25,32,383,20,363,12.954545454545455,5.681818181818182,7.2727272727272725,87.04545454545455,4.545454545454546,82.5
E00057030,286,44,15,29,242,5,237,15.384615384615385,5.244755244755245,10.13986013986014,84.61538461538461,1.7482517482517483,82.86713286713287
E00057031,322,57,35,22,265,18,247,17.70186335403727,10.869565217391305,6.832298136645963,82.29813664596274,5.590062111801243,76.70807453416148
E00057032,391,80,37,43,311,17,294,20.460358056265985,9.462915601023019,10.997442455242968,79.53964194373401,4.3478260869565215,75.1918158567775
E00057033,230,78,44,34,152,13,139,33.91304347826087,19.130434782608695,14.782608695652174,66.08695652173913,5.6521739130434785,60.43478260869565
E00057034,453,70,33,37,383,25,358,15.45253863134658,7.28476821192053,8.167770419426049,84.54746136865342,5.518763796909492,79.02869757174393
E00057035,411,48,20,28,363,24,339,11.678832116788321,4.866180048661801,6.81265206812652,88.32116788321169,5.839416058394161,82.48175182481752
E00057036,355,45,16,29,310,12,298,12.676056338028168,4.507042253521127,8.169014084507042,87.32394366197182,3.3802816901408446,83.94366197183099
E00057037,375,82,40,42,293,15,278,21.866666666666667,10.666666666666668,11.200000000000001,78.13333333333333,4,74.13333333333333
E00057038,349,59,24,35,290,16,274,16.9054441260745,6.876790830945559,10.028653295128938,83.0945558739255,4.584527220630372,78.51002865329512
E00057039,261,76,26,50,185,18,167,29.118773946360154,9.961685823754788,19.157088122605366,70.88122605363985,6.896551724137931,63.984674329501914
E00057040,275,45,16,29,230,14,216,16.363636363636363,5.818181818181818,10.545454545454545,83.63636363636363,5.090909090909091,78.54545454545455
E00057041,370,41,17,24,329,19,310,11.081081081081082,4.594594594594595,6.486486486486487,88.91891891891892,5.135135135135135,83.78378378378379
E00057042,341,52,21,31,289,16,273,15.249266862170089,6.158357771260997,9.090909090909092,84.75073313782991,4.69208211143695,80.05865102639295
E00057043,278,57,29,28,221,15,206,20.503597122302157,10.431654676258994,10.071942446043165,79.49640287769785,5.39568345323741,74.10071942446042
E00057044,277,35,13,22,242,16,226,12.63537906137184,4.693140794223827,7.9422382671480145,87.36462093862815,5.776173285198556,81.58844765342961
E00057045,290,46,22,24,244,14,230,15.862068965517242,7.586206896551724,8.275862068965518,84.13793103448276,4.827586206896552,79.3103448275862
E00057046,275,48,19,29,227,12,215,17.454545454545457,6.909090909090909,10.545454545454545,82.54545454545455,4.363636363636364,78.18181818181819
E00057047,307,49,22,27,258,10,248,15.960912052117262,7.166123778501629,8.794788273615636,84.03908794788273,3.257328990228013,80.78175895765473
E00057048,450,89,33,56,361,19,342,19.77777777777778,7.333333333333333,12.444444444444445,80.22222222222221,4.222222222222222,76
E00057049,548,100,49,51,448,25,423,18.248175182481752,8.94160583941606,9.306569343065693,81.75182481751825,4.562043795620438,77.1897810218978
E00057050,256,50,19,31,206,19,187,19.53125,7.421875,12.109375,80.46875,7.421875,73.046875
E00057051,455,64,18,46,391,30,361,14.065934065934066,3.9560439560439558,10.10989010989011,85.93406593406593,6.593406593406594,79.34065934065934
E00057052,314,68,27,41,246,26,220,21.656050955414013,8.598726114649681,13.05732484076433,78.343949044586,8.280254777070063,70.06369426751591
E00057053,339,73,38,35,266,11,255,21.533923303834808,11.209439528023598,10.32448377581121,78.46607669616519,3.2448377581120944,75.22123893805309
E00057054,406,40,11,29,366,36,330,9.852216748768473,2.70935960591133,7.142857142857142,90.14778325123153,8.866995073891626,81.2807881773399
E00057055,334,86,35,51,248,28,220,25.748502994011975,10.479041916167663,15.269461077844312,74.25149700598801,8.383233532934131,65.86826347305389
E00057056,345,85,39,46,260,19,241,24.637681159420293,11.304347826086957,13.333333333333334,75.36231884057972,5.507246376811594,69.85507246376812
E00057057,219,33,11,22,186,24,162,15.068493150684931,5.0228310502283104,10.045662100456621,84.93150684931507,10.95890410958904,73.97260273972603
E00057058,295,41,17,24,254,19,235,13.898305084745763,5.762711864406779,8.135593220338983,86.10169491525423,6.440677966101695,79.66101694915254
E00057059,268,69,31,38,199,15,184,25.74626865671642,11.567164179104477,14.17910447761194,74.25373134328358,5.597014925373134,68.65671641791045
E00057060,284,36,13,23,248,20,228,12.676056338028168,4.577464788732395,8.098591549295776,87.32394366197182,7.042253521126761,80.28169014084507
E00057062,324,50,20,30,274,21,253,15.432098765432098,6.172839506172839,9.25925925925926,84.5679012345679,6.481481481481481,78.08641975308642
E00057063,254,33,15,18,221,22,199,12.992125984251967,5.905511811023622,7.086614173228346,87.00787401574803,8.661417322834646,78.34645669291339
E00057064,357,84,51,33,273,27,246,23.52941176470588,14.285714285714285,9.243697478991598,76.47058823529412,7.563025210084033,68.90756302521008
E00057065,206,38,9,29,168,30,138,18.446601941747574,4.368932038834951,14.077669902912621,81.55339805825243,14.563106796116504,66.99029126213593
E00057066,291,104,57,47,187,25,162,35.738831615120276,19.587628865979383,16.151202749140893,64.26116838487972,8.59106529209622,55.670103092783506
E00057067,428,95,41,54,333,39,294,22.19626168224299,9.579439252336448,12.616822429906541,77.80373831775701,9.11214953271028,68.69158878504673
E00057068,271,69,42,27,202,16,186,25.461254612546124,15.498154981549817,9.96309963099631,74.53874538745387,5.904059040590406,68.63468634686348
E00057069,305,57,23,34,248,29,219,18.688524590163937,7.540983606557377,11.147540983606557,81.31147540983606,9.508196721311474,71.80327868852459
E00057070,307,45,16,29,262,27,235,14.65798045602606,5.211726384364821,9.446254071661238,85.34201954397395,8.794788273615636,76.54723127035831
E00057071,243,58,22,36,185,20,165,23.868312757201647,9.053497942386832,14.814814814814813,76.13168724279835,8.23045267489712,67.90123456790124
E00057072,197,44,14,30,153,14,139,22.33502538071066,7.1065989847715745,15.228426395939088,77.66497461928934,7.1065989847715745,70.55837563451777
E00057073,280,40,11,29,240,33,207,14.285714285714285,3.9285714285714284,10.357142857142858,85.71428571428571,11.785714285714285,73.92857142857143
E00057074,249,67,31,36,182,18,164,26.907630522088354,12.449799196787147,14.457831325301203,73.09236947791165,7.228915662650602,65.86345381526104
E00057075,315,41,18,23,274,31,243,13.015873015873018,5.714285714285714,7.301587301587302,86.98412698412699,9.841269841269842,77.14285714285715
E00057076,414,85,18,67,329,17,312,20.531400966183575,4.3478260869565215,16.183574879227052,79.46859903381642,4.1062801932367154,75.36231884057972
E00057077,264,29,7,22,235,22,213,10.984848484848484,2.6515151515151514,8.333333333333332,89.01515151515152,8.333333333333332,80.68181818181817
E00057078,218,33,18,15,185,23,162,15.137614678899084,8.256880733944955,6.8807339449541285,84.86238532110092,10.550458715596331,74.31192660550458
E00057079,286,44,19,25,242,14,228,15.384615384615385,6.643356643356643,8.741258741258742,84.61538461538461,4.895104895104895,79.72027972027972
E00057080,277,56,23,33,221,16,205,20.216606498194945,8.303249097472925,11.913357400722022,79.78339350180505,5.776173285198556,74.0072202166065
E00057081,366,64,23,41,302,20,282,17.48633879781421,6.284153005464481,11.202185792349727,82.5136612021858,5.46448087431694,77.04918032786885
E00057082,268,55,20,35,213,16,197,20.522388059701495,7.462686567164178,13.059701492537313,79.47761194029852,5.970149253731343,73.50746268656717
E00057083,223,75,41,34,148,10,138,33.6322869955157,18.385650224215247,15.246636771300448,66.3677130044843,4.484304932735426,61.88340807174888
E00057084,201,31,13,18,170,21,149,15.422885572139302,6.467661691542288,8.955223880597014,84.5771144278607,10.44776119402985,74.12935323383084
E00057085,308,77,33,44,231,10,221,25,10.714285714285714,14.285714285714285,75,3.2467532467532463,71.75324675324676
E00057086,254,45,18,27,209,20,189,17.716535433070867,7.086614173228346,10.62992125984252,82.28346456692913,7.874015748031496,74.40944881889764
E00057087,285,53,13,40,232,33,199,18.596491228070175,4.56140350877193,14.035087719298245,81.40350877192982,11.578947368421053,69.82456140350877
E00057088,359,67,29,38,292,15,277,18.662952646239557,8.07799442896936,10.584958217270195,81.33704735376045,4.178272980501393,77.15877437325905
E00057089,242,65,32,33,177,16,161,26.859504132231404,13.223140495867769,13.636363636363635,73.14049586776859,6.6115702479338845,66.52892561983471
E00057090,263,69,32,37,194,18,176,26.23574144486692,12.167300380228136,14.068441064638785,73.76425855513308,6.844106463878327,66.92015209125475
E00057091,319,55,28,27,264,33,231,17.24137931034483,8.77742946708464,8.463949843260188,82.75862068965517,10.344827586206897,72.41379310344827
E00057092,535,101,38,63,434,19,415,18.878504672897193,7.102803738317758,11.775700934579438,81.12149532710279,3.551401869158879,77.57009345794393
E00057093,266,85,58,27,181,18,163,31.954887218045116,21.804511278195488,10.150375939849624,68.04511278195488,6.7669172932330826,61.278195488721806
E00057094,268,49,18,31,219,22,197,18.28358208955224,6.7164179104477615,11.567164179104477,81.71641791044776,8.208955223880597,73.50746268656717
E00057095,236,48,23,25,188,10,178,20.33898305084746,9.745762711864407,10.59322033898305,79.66101694915254,4.23728813559322,75.42372881355932
E00057096,326,106,42,64,220,19,201,32.515337423312886,12.883435582822086,19.631901840490798,67.48466257668711,5.828220858895705,61.65644171779141
E00057097,308,88,40,48,220,17,203,28.57142857142857,12.987012987012985,15.584415584415584,71.42857142857143,5.51948051948052,65.9090909090909
E00057098,232,46,17,29,186,15,171,19.82758620689655,7.327586206896551,12.5,80.17241379310344,6.4655172413793105,73.70689655172413
E00057099,250,45,20,25,205,32,173,18,8,10,82,12.8,69.19999999999999
E00057100,212,45,15,30,167,17,150,21.22641509433962,7.0754716981132075,14.150943396226415,78.77358490566037,8.018867924528301,70.75471698113208
E00057101,275,43,14,29,232,25,207,15.636363636363637,5.090909090909091,10.545454545454545,84.36363636363636,9.090909090909092,75.27272727272727
E00057102,249,56,25,31,193,16,177,22.48995983935743,10.040160642570282,12.449799196787147,77.51004016064257,6.425702811244979,71.08433734939759
E00057103,228,26,4,22,202,15,187,11.403508771929824,1.7543859649122806,9.649122807017543,88.59649122807018,6.578947368421052,82.01754385964912
E00057104,319,87,55,32,232,20,212,27.27272727272727,17.24137931034483,10.031347962382444,72.72727272727273,6.269592476489027,66.4576802507837
E00057105,259,44,10,34,215,26,189,16.988416988416986,3.861003861003861,13.127413127413126,83.01158301158301,10.038610038610038,72.97297297297297
E00057106,214,63,35,28,151,12,139,29.439252336448597,16.355140186915886,13.084112149532709,70.56074766355141,5.607476635514018,64.95327102803739
E00057107,284,59,26,33,225,26,199,20.774647887323944,9.15492957746479,11.619718309859154,79.22535211267606,9.15492957746479,70.07042253521126
E00057108,241,51,19,32,190,24,166,21.16182572614108,7.883817427385892,13.278008298755188,78.83817427385893,9.95850622406639,68.87966804979253
E00057109,395,86,38,48,309,16,293,21.772151898734176,9.620253164556962,12.151898734177214,78.22784810126582,4.050632911392405,74.17721518987341
E00057110,362,81,38,43,281,26,255,22.375690607734807,10.497237569060774,11.878453038674033,77.62430939226519,7.18232044198895,70.44198895027624
E00057111,333,73,33,40,260,24,236,21.92192192192192,9.90990990990991,12.012012012012011,78.07807807807808,7.207207207207207,70.87087087087087
E00057112,283,71,24,47,212,16,196,25.08833922261484,8.480565371024735,16.607773851590103,74.91166077738515,5.6537102473498235,69.25795053003534
E00057113,251,30,5,25,221,26,195,11.952191235059761,1.9920318725099602,9.9601593625498,88.04780876494024,10.358565737051793,77.68924302788844
E00057114,273,51,31,20,222,20,202,18.681318681318682,11.355311355311356,7.326007326007327,81.31868131868131,7.326007326007327,73.992673992674
E00057115,252,56,23,33,196,15,181,22.22222222222222,9.126984126984127,13.095238095238097,77.77777777777779,5.952380952380952,71.82539682539682
E00057116,348,51,19,32,297,25,272,14.655172413793101,5.459770114942529,9.195402298850574,85.34482758620689,7.183908045977011,78.16091954022988
E00057117,235,39,14,25,196,21,175,16.595744680851062,5.957446808510639,10.638297872340425,83.40425531914893,8.936170212765958,74.46808510638297
E00057118,265,57,19,38,208,29,179,21.50943396226415,7.169811320754717,14.339622641509434,78.49056603773586,10.943396226415095,67.54716981132076
E00057119,264,53,30,23,211,23,188,20.075757575757574,11.363636363636363,8.712121212121213,79.92424242424242,8.712121212121213,71.21212121212122
E00057120,217,60,36,24,157,17,140,27.64976958525346,16.589861751152075,11.059907834101383,72.35023041474655,7.834101382488479,64.51612903225806
E00057121,216,45,10,35,171,21,150,20.833333333333336,4.62962962962963,16.203703703703702,79.16666666666666,9.722222222222223,69.44444444444444
E00057122,295,79,38,41,216,21,195,26.779661016949152,12.88135593220339,13.898305084745763,73.22033898305085,7.118644067796611,66.10169491525424
E00057123,248,40,14,26,208,21,187,16.129032258064516,5.64516129032258,10.483870967741936,83.87096774193549,8.46774193548387,75.40322580645162
E00057124,399,67,31,36,332,13,319,16.791979949874687,7.769423558897243,9.022556390977442,83.20802005012531,3.258145363408521,79.9498746867168
E00057125,390,72,37,35,318,11,307,18.461538461538463,9.487179487179487,8.974358974358974,81.53846153846153,2.8205128205128207,78.71794871794872
E00057126,463,75,36,39,388,17,371,16.19870410367171,7.775377969762419,8.423326133909287,83.8012958963283,3.6717062634989204,80.12958963282938
E00057127,318,48,24,24,270,10,260,15.09433962264151,7.547169811320755,7.547169811320755,84.90566037735849,3.1446540880503147,81.76100628930818
E00057128,251,48,21,27,203,19,184,19.12350597609562,8.366533864541832,10.756972111553784,80.87649402390437,7.569721115537849,73.30677290836654
E00057129,245,79,43,36,166,14,152,32.244897959183675,17.551020408163264,14.69387755102041,67.75510204081633,5.714285714285714,62.04081632653061
E00057130,415,66,30,36,349,17,332,15.903614457831324,7.228915662650602,8.674698795180722,84.09638554216868,4.096385542168675,80
E00057131,406,79,43,36,327,13,314,19.458128078817737,10.591133004926109,8.866995073891626,80.54187192118226,3.201970443349754,77.33990147783251
E00057132,293,55,25,30,238,16,222,18.771331058020476,8.532423208191126,10.238907849829351,81.22866894197952,5.460750853242321,75.76791808873719
E00057133,329,44,24,20,285,28,257,13.37386018237082,7.29483282674772,6.079027355623101,86.62613981762918,8.51063829787234,78.11550151975683
E00057134,436,43,22,21,393,16,377,9.862385321100918,5.045871559633028,4.81651376146789,90.13761467889908,3.669724770642202,86.46788990825688
E00057135,410,105,62,43,305,18,287,25.609756097560975,15.121951219512194,10.487804878048781,74.39024390243902,4.390243902439024,70
E00057136,337,41,19,22,296,19,277,12.166172106824925,5.637982195845697,6.528189910979229,87.83382789317507,5.637982195845697,82.19584569732937
E00057137,358,59,24,35,299,11,288,16.480446927374302,6.70391061452514,9.776536312849162,83.5195530726257,3.072625698324022,80.44692737430168
E00057138,486,137,97,40,349,13,336,28.189300411522634,19.958847736625515,8.23045267489712,71.81069958847736,2.674897119341564,69.1358024691358
E00057139,321,42,19,23,279,14,265,13.084112149532709,5.919003115264798,7.165109034267912,86.91588785046729,4.361370716510903,82.55451713395638
E00057140,388,54,28,26,334,8,326,13.917525773195877,7.216494845360824,6.701030927835052,86.08247422680412,2.0618556701030926,84.02061855670104
E00057141,374,33,18,15,341,12,329,8.823529411764707,4.81283422459893,4.0106951871657754,91.17647058823529,3.2085561497326207,87.96791443850267
E00057142,178,47,26,21,131,6,125,26.40449438202247,14.606741573033707,11.797752808988763,73.59550561797754,3.3707865168539324,70.2247191011236
E00057144,354,52,27,25,302,21,281,14.689265536723164,7.627118644067797,7.062146892655368,85.31073446327684,5.932203389830509,79.37853107344633
E00057145,400,61,32,29,339,24,315,15.25,8,7.249999999999999,84.75,6,78.75
E00057146,195,81,44,37,114,7,107,41.53846153846154,22.564102564102566,18.974358974358974,58.46153846153847,3.5897435897435894,54.871794871794876
E00057147,249,63,32,31,186,17,169,25.301204819277107,12.851405622489958,12.449799196787147,74.69879518072288,6.827309236947792,67.8714859437751
E00057148,265,43,30,13,222,13,209,16.22641509433962,11.320754716981133,4.905660377358491,83.77358490566039,4.905660377358491,78.8679245283019
E00057149,297,23,8,15,274,5,269,7.744107744107744,2.6936026936026933,5.05050505050505,92.25589225589226,1.6835016835016834,90.57239057239057
E00057150,296,29,11,18,267,6,261,9.797297297297296,3.7162162162162162,6.081081081081082,90.2027027027027,2.027027027027027,88.17567567567568
E00057151,477,70,40,30,407,10,397,14.675052410901468,8.385744234800839,6.289308176100629,85.32494758909853,2.0964360587002098,83.22851153039832
E00057152,275,51,19,32,224,8,216,18.545454545454547,6.909090909090909,11.636363636363637,81.45454545454545,2.909090909090909,78.54545454545455
E00057153,278,66,37,29,212,19,193,23.741007194244602,13.309352517985612,10.431654676258994,76.2589928057554,6.83453237410072,69.42446043165468
E00057154,357,73,42,31,284,19,265,20.448179271708682,11.76470588235294,8.683473389355742,79.55182072829132,5.322128851540616,74.2296918767507
E00057155,351,43,15,28,308,15,293,12.250712250712251,4.273504273504273,7.977207977207977,87.74928774928775,4.273504273504273,83.47578347578347
E00057156,278,59,27,32,219,18,201,21.223021582733814,9.712230215827338,11.510791366906476,78.77697841726618,6.474820143884892,72.3021582733813
E00057157,365,47,20,27,318,9,309,12.876712328767123,5.47945205479452,7.397260273972603,87.12328767123287,2.4657534246575343,84.65753424657534
E00057158,305,52,26,26,253,11,242,17.04918032786885,8.524590163934425,8.524590163934425,82.95081967213115,3.606557377049181,79.34426229508198
E00057159,338,55,30,25,283,8,275,16.272189349112427,8.875739644970414,7.396449704142012,83.72781065088756,2.366863905325444,81.36094674556213
E00057160,323,78,26,52,245,19,226,24.148606811145513,8.04953560371517,16.09907120743034,75.85139318885449,5.88235294117647,69.96904024767801
E00057161,255,61,15,46,194,12,182,23.92156862745098,5.88235294117647,18.03921568627451,76.07843137254902,4.705882352941177,71.37254901960785
E00057162,316,51,28,23,265,18,247,16.139240506329113,8.860759493670885,7.2784810126582276,83.86075949367088,5.69620253164557,78.16455696202532
E00057163,337,45,20,25,292,12,280,13.353115727002967,5.934718100890208,7.418397626112759,86.64688427299704,3.5608308605341246,83.08605341246292
E00057164,297,78,39,39,219,15,204,26.262626262626267,13.131313131313133,13.131313131313133,73.73737373737373,5.05050505050505,68.68686868686868
E00057165,319,54,13,41,265,17,248,16.927899686520377,4.075235109717868,12.852664576802509,83.07210031347962,5.329153605015674,77.74294670846395
E00057167,259,65,36,29,194,14,180,25.096525096525095,13.8996138996139,11.196911196911197,74.9034749034749,5.405405405405405,69.4980694980695
E00057169,273,45,27,18,228,6,222,16.483516483516482,9.89010989010989,6.593406593406594,83.51648351648352,2.197802197802198,81.31868131868131
E00057170,371,47,18,29,324,15,309,12.668463611859837,4.8517520215633425,7.816711590296496,87.33153638814017,4.0431266846361185,83.28840970350404
E00057171,361,64,36,28,297,16,281,17.72853185595568,9.97229916897507,7.756232686980609,82.27146814404432,4.43213296398892,77.8393351800554
E00057172,441,118,73,45,323,19,304,26.75736961451247,16.55328798185941,10.204081632653061,73.24263038548753,4.308390022675737,68.93424036281179
E00057173,282,61,31,30,221,4,217,21.631205673758867,10.99290780141844,10.638297872340425,78.36879432624113,1.4184397163120568,76.95035460992908
E00057175,337,59,36,23,278,10,268,17.50741839762611,10.682492581602373,6.824925816023739,82.49258160237389,2.967359050445104,79.52522255192879
E00057176,301,34,14,20,267,7,260,11.295681063122924,4.651162790697675,6.64451827242525,88.70431893687709,2.3255813953488373,86.37873754152824
E00057177,383,53,31,22,330,12,318,13.838120104438643,8.093994778067886,5.7441253263707575,86.16187989556136,3.1331592689295036,83.02872062663185
E00057178,350,50,22,28,300,17,283,14.285714285714285,6.2857142857142865,8,85.71428571428571,4.857142857142857,80.85714285714286
E00057180,495,67,27,40,428,13,415,13.535353535353536,5.454545454545454,8.080808080808081,86.46464646464646,2.6262626262626263,83.83838383838383
E00057181,190,94,53,41,96,11,85,49.473684210526315,27.89473684210526,21.578947368421055,50.526315789473685,5.7894736842105265,44.73684210526316
E00057182,251,89,55,34,162,12,150,35.45816733067729,21.91235059760956,13.545816733067728,64.5418326693227,4.780876494023905,59.76095617529881
E00057183,160,46,19,27,114,15,99,28.749999999999996,11.875,16.875,71.25,9.375,61.875
E00057184,183,31,18,13,152,7,145,16.939890710382514,9.836065573770492,7.103825136612022,83.06010928961749,3.825136612021858,79.23497267759562
E00057185,319,59,24,35,260,9,251,18.495297805642632,7.523510971786834,10.9717868338558,81.50470219435736,2.8213166144200628,78.68338557993731
E00057186,271,61,27,34,210,17,193,22.509225092250922,9.96309963099631,12.546125461254611,77.49077490774908,6.273062730627306,71.21771217712177
E00057187,373,77,34,43,296,39,257,20.64343163538874,9.115281501340483,11.528150134048257,79.35656836461126,10.455764075067025,68.90080428954424
E00057188,328,35,15,20,293,11,282,10.670731707317072,4.573170731707317,6.097560975609756,89.32926829268293,3.353658536585366,85.97560975609755
E00057189,475,59,22,37,416,11,405,12.421052631578949,4.631578947368421,7.7894736842105265,87.57894736842105,2.3157894736842106,85.26315789473684
E00057190,276,62,19,43,214,12,202,22.463768115942027,6.884057971014493,15.579710144927535,77.53623188405797,4.3478260869565215,73.18840579710145
E00057191,278,41,20,21,237,31,206,14.748201438848922,7.1942446043165464,7.553956834532374,85.25179856115108,11.151079136690647,74.10071942446042
E00057192,259,46,18,28,213,28,185,17.760617760617762,6.94980694980695,10.81081081081081,82.23938223938224,10.81081081081081,71.42857142857143
E00057193,298,50,13,37,248,22,226,16.778523489932887,4.3624161073825505,12.416107382550337,83.22147651006712,7.38255033557047,75.83892617449665
E00057194,300,59,23,36,241,25,216,19.666666666666664,7.666666666666666,12,80.33333333333333,8.333333333333332,72
E00057195,282,44,12,32,238,23,215,15.602836879432624,4.25531914893617,11.347517730496454,84.39716312056737,8.156028368794328,76.24113475177306
E00057196,271,41,12,29,230,18,212,15.129151291512915,4.428044280442804,10.70110701107011,84.87084870848709,6.642066420664207,78.22878228782287
E00057197,281,41,11,30,240,24,216,14.590747330960854,3.9145907473309607,10.676156583629894,85.40925266903915,8.540925266903916,76.86832740213522
E00057198,433,61,33,28,372,34,338,14.087759815242496,7.621247113163972,6.466512702078522,85.91224018475751,7.852193995381063,78.06004618937644
E00057199,346,67,39,28,279,17,262,19.36416184971098,11.271676300578035,8.092485549132949,80.63583815028902,4.913294797687861,75.72254335260115
E00057200,412,80,31,49,332,17,315,19.41747572815534,7.524271844660194,11.893203883495145,80.58252427184466,4.12621359223301,76.45631067961165
E00057202,398,61,37,24,337,20,317,15.326633165829145,9.296482412060302,6.030150753768844,84.67336683417085,5.025125628140704,79.64824120603015
E00057204,438,73,31,42,365,18,347,16.666666666666664,7.077625570776255,9.58904109589041,83.33333333333334,4.10958904109589,79.22374429223744
E00057205,299,43,17,26,256,25,231,14.381270903010032,5.68561872909699,8.695652173913043,85.61872909698997,8.361204013377927,77.25752508361204
E00057206,263,54,25,29,209,20,189,20.53231939163498,9.505703422053232,11.02661596958175,79.46768060836501,7.604562737642586,71.86311787072243
E00057207,285,32,6,26,253,21,232,11.228070175438596,2.1052631578947367,9.12280701754386,88.7719298245614,7.368421052631578,81.40350877192982
E00057208,418,56,24,32,362,29,333,13.397129186602871,5.741626794258373,7.655502392344498,86.60287081339713,6.937799043062201,79.66507177033493
E00057209,301,41,18,23,260,22,238,13.621262458471762,5.980066445182724,7.641196013289036,86.37873754152824,7.308970099667775,79.06976744186046
E00057210,426,95,54,41,331,33,298,22.300469483568076,12.676056338028168,9.624413145539906,77.69953051643192,7.746478873239436,69.95305164319248
E00057211,350,70,34,36,280,25,255,20,9.714285714285714,10.285714285714285,80,7.142857142857142,72.85714285714285
E00057212,250,62,35,27,188,13,175,24.8,14.000000000000002,10.8,75.2,5.2,70
E00057213,402,64,28,36,338,34,304,15.92039800995025,6.965174129353234,8.955223880597014,84.07960199004975,8.45771144278607,75.62189054726367
E00057214,321,65,34,31,256,18,238,20.24922118380062,10.59190031152648,9.657320872274143,79.75077881619937,5.607476635514018,74.14330218068535
E00057215,398,76,28,48,322,26,296,19.09547738693467,7.035175879396985,12.060301507537687,80.90452261306532,6.532663316582915,74.37185929648241
E00057216,426,69,30,39,357,25,332,16.19718309859155,7.042253521126761,9.15492957746479,83.80281690140845,5.868544600938967,77.93427230046949
E00057217,425,66,33,33,359,21,338,15.529411764705884,7.764705882352942,7.764705882352942,84.47058823529412,4.941176470588235,79.52941176470588
E00057218,372,77,46,31,295,23,272,20.698924731182796,12.365591397849462,8.333333333333332,79.3010752688172,6.182795698924731,73.11827956989248
E00057220,475,76,32,44,399,30,369,16,6.7368421052631575,9.263157894736842,84,6.315789473684211,77.6842105263158
E00057221,330,68,31,37,262,19,243,20.606060606060606,9.393939393939393,11.212121212121213,79.39393939393939,5.757575757575758,73.63636363636363
E00057222,550,83,38,45,467,19,448,15.090909090909092,6.909090909090909,8.181818181818182,84.9090909090909,3.4545454545454546,81.45454545454545
E00057223,442,71,34,37,371,16,355,16.063348416289593,7.6923076923076925,8.3710407239819,83.93665158371041,3.619909502262444,80.31674208144797
E00057225,603,68,39,29,535,16,519,11.276948590381426,6.467661691542288,4.809286898839138,88.72305140961856,2.6533996683250414,86.06965174129353
E00057226,314,62,30,32,252,17,235,19.745222929936308,9.554140127388536,10.191082802547772,80.2547770700637,5.414012738853503,74.84076433121018
E00057227,326,44,13,31,282,37,245,13.496932515337424,3.9877300613496933,9.509202453987731,86.50306748466258,11.349693251533742,75.15337423312883
E00057228,317,56,20,36,261,35,226,17.665615141955836,6.309148264984227,11.35646687697161,82.33438485804416,11.041009463722396,71.29337539432177
E00057229,269,49,20,29,220,15,205,18.21561338289963,7.434944237918216,10.780669144981413,81.78438661710037,5.5762081784386615,76.2081784386617
E00057230,274,36,15,21,238,37,201,13.138686131386862,5.474452554744526,7.664233576642336,86.86131386861314,13.503649635036496,73.35766423357664
E00057231,318,38,15,23,280,20,260,11.949685534591195,4.716981132075472,7.232704402515723,88.0503144654088,6.289308176100629,81.76100628930818
E00057232,451,67,24,43,384,34,350,14.855875831485587,5.321507760532151,9.534368070953436,85.14412416851441,7.5388026607538805,77.60532150776052
E00057233,268,52,24,28,216,26,190,19.402985074626866,8.955223880597014,10.44776119402985,80.59701492537313,9.701492537313433,70.8955223880597
E00057234,271,60,41,19,211,17,194,22.14022140221402,15.129151291512915,7.011070110701106,77.85977859778598,6.273062730627306,71.58671586715867
E00057235,314,30,6,24,284,30,254,9.554140127388536,1.910828025477707,7.643312101910828,90.44585987261146,9.554140127388536,80.89171974522293
E00057236,311,45,15,30,266,27,239,14.469453376205788,4.823151125401929,9.646302250803858,85.53054662379421,8.681672025723474,76.84887459807074
E00057238,359,59,18,41,300,36,264,16.434540389972145,5.013927576601671,11.420612813370473,83.56545961002786,10.027855153203342,73.53760445682451
E00057239,324,30,9,21,294,23,271,9.25925925925926,2.7777777777777777,6.481481481481481,90.74074074074075,7.098765432098765,83.64197530864197
E00057240,188,47,26,21,141,14,127,25,13.829787234042554,11.170212765957446,75,7.446808510638298,67.5531914893617
E00057241,383,57,24,33,326,18,308,14.882506527415144,6.266318537859007,8.616187989556137,85.11749347258485,4.699738903394255,80.4177545691906
E00057242,302,53,21,32,249,16,233,17.549668874172188,6.95364238410596,10.596026490066226,82.45033112582782,5.298013245033113,77.15231788079471
E00057244,454,51,22,29,403,33,370,11.233480176211454,4.845814977973569,6.387665198237885,88.76651982378854,7.268722466960352,81.4977973568282
E00057245,401,84,45,39,317,31,286,20.947630922693268,11.221945137157107,9.72568578553616,79.05236907730672,7.73067331670823,71.3216957605985
E00057246,160,49,26,23,111,10,101,30.625000000000004,16.25,14.374999999999998,69.375,6.25,63.125
E00057247,258,26,9,17,232,20,212,10.077519379844961,3.488372093023256,6.5891472868217065,89.92248062015504,7.751937984496124,82.17054263565892
E00057248,299,71,39,32,228,11,217,23.745819397993312,13.043478260869565,10.702341137123746,76.2541806020067,3.678929765886288,72.5752508361204
E00057249,284,26,8,18,258,34,224,9.15492957746479,2.8169014084507045,6.338028169014084,90.84507042253522,11.971830985915492,78.87323943661971
E00057250,240,58,35,23,182,13,169,24.166666666666668,14.583333333333334,9.583333333333334,75.83333333333333,5.416666666666667,70.41666666666667
E00057251,303,32,8,24,271,22,249,10.561056105610561,2.6402640264026402,7.920792079207921,89.43894389438944,7.2607260726072615,82.17821782178217
E00057252,322,61,26,35,261,24,237,18.944099378881987,8.074534161490684,10.869565217391305,81.05590062111801,7.453416149068323,73.6024844720497
E00057253,319,44,20,24,275,19,256,13.793103448275861,6.269592476489027,7.523510971786834,86.20689655172413,5.956112852664576,80.25078369905955
E00057254,394,79,35,44,315,20,295,20.050761421319795,8.883248730964468,11.16751269035533,79.94923857868021,5.0761421319796955,74.8730964467005
E00057255,444,68,31,37,376,18,358,15.315315315315313,6.981981981981981,8.333333333333332,84.68468468468468,4.054054054054054,80.63063063063063
E00057256,247,20,4,16,227,11,216,8.097165991902834,1.6194331983805668,6.477732793522267,91.90283400809717,4.4534412955465585,87.4493927125506
E00057257,268,54,23,31,214,8,206,20.149253731343283,8.582089552238806,11.567164179104477,79.8507462686567,2.9850746268656714,76.86567164179104
E00057258,235,33,9,24,202,10,192,14.042553191489363,3.829787234042553,10.212765957446807,85.95744680851064,4.25531914893617,81.70212765957446
E00057259,225,37,19,18,188,9,179,16.444444444444446,8.444444444444445,8,83.55555555555556,4,79.55555555555556
E00057261,223,29,18,11,194,9,185,13.004484304932735,8.071748878923767,4.932735426008969,86.99551569506725,4.0358744394618835,82.95964125560538
E00057262,336,65,25,40,271,13,258,19.345238095238095,7.440476190476191,11.904761904761903,80.65476190476191,3.869047619047619,76.78571428571429
E00057264,391,56,31,25,335,12,323,14.322250639386189,7.928388746803069,6.3938618925831205,85.6777493606138,3.0690537084398977,82.6086956521739
E00057265,355,57,22,35,298,20,278,16.056338028169016,6.197183098591549,9.859154929577464,83.94366197183099,5.633802816901409,78.30985915492957
E00057266,460,60,19,41,400,16,384,13.043478260869565,4.130434782608695,8.91304347826087,86.95652173913044,3.4782608695652173,83.47826086956522
E00057267,288,53,19,34,235,15,220,18.40277777777778,6.597222222222222,11.805555555555555,81.59722222222221,5.208333333333334,76.38888888888889
E00057268,209,43,20,23,166,11,155,20.574162679425836,9.569377990430622,11.004784688995215,79.42583732057416,5.263157894736842,74.16267942583733
E00057269,401,38,24,14,363,17,346,9.476309226932669,5.985037406483791,3.4912718204488775,90.52369077306733,4.239401496259352,86.28428927680798
E00057270,444,52,21,31,392,17,375,11.711711711711711,4.72972972972973,6.981981981981981,88.28828828828829,3.8288288288288284,84.45945945945947
E00057271,226,38,15,23,188,10,178,16.8141592920354,6.637168141592921,10.176991150442479,83.1858407079646,4.424778761061947,78.76106194690266
E00057272,387,76,37,39,311,14,297,19.638242894056848,9.560723514211885,10.077519379844961,80.36175710594316,3.6175710594315245,76.74418604651163
E00057273,326,51,21,30,275,12,263,15.644171779141105,6.441717791411043,9.202453987730062,84.3558282208589,3.6809815950920246,80.67484662576688
E00057274,293,56,28,28,237,16,221,19.112627986348123,9.556313993174061,9.556313993174061,80.88737201365188,5.460750853242321,75.42662116040955
E00057275,263,40,26,14,223,4,219,15.209125475285171,9.885931558935361,5.323193916349809,84.79087452471484,1.520912547528517,83.26996197718631
E00057276,312,38,21,17,274,10,264,12.179487179487179,6.730769230769231,5.448717948717949,87.82051282051282,3.205128205128205,84.61538461538461
E00057277,207,35,22,13,172,11,161,16.908212560386474,10.628019323671497,6.280193236714976,83.09178743961353,5.314009661835748,77.77777777777779
E00057278,236,50,24,26,186,8,178,21.1864406779661,10.16949152542373,11.016949152542372,78.8135593220339,3.389830508474576,75.42372881355932
E00057280,174,20,7,13,154,11,143,11.494252873563218,4.022988505747127,7.471264367816093,88.50574712643679,6.321839080459771,82.18390804597702
E00057281,321,47,27,20,274,19,255,14.641744548286603,8.411214953271028,6.230529595015576,85.35825545171339,5.919003115264798,79.43925233644859
E00057282,248,37,13,24,211,14,197,14.919354838709678,5.241935483870968,9.67741935483871,85.08064516129032,5.64516129032258,79.43548387096774
E00057283,302,29,8,21,273,4,269,9.602649006622517,2.6490066225165565,6.95364238410596,90.39735099337747,1.3245033112582782,89.0728476821192
E00057284,305,41,27,14,264,11,253,13.442622950819672,8.852459016393443,4.590163934426229,86.55737704918033,3.606557377049181,82.95081967213115
E00057285,372,84,40,44,288,19,269,22.58064516129032,10.75268817204301,11.827956989247312,77.41935483870968,5.10752688172043,72.31182795698925
E00057286,226,24,5,19,202,19,183,10.619469026548673,2.2123893805309733,8.4070796460177,89.38053097345133,8.4070796460177,80.97345132743364
E00057287,377,54,32,22,323,11,312,14.323607427055704,8.488063660477453,5.835543766578249,85.6763925729443,2.9177718832891246,82.75862068965517
E00057288,230,37,14,23,193,23,170,16.08695652173913,6.086956521739131,10,83.91304347826087,10,73.91304347826086
E00057289,349,115,90,25,234,17,217,32.95128939828081,25.787965616045845,7.163323782234957,67.0487106017192,4.871060171919771,62.17765042979943
E00057290,405,74,32,42,331,12,319,18.271604938271604,7.901234567901234,10.37037037037037,81.72839506172839,2.9629629629629632,78.76543209876543
E00057291,358,48,20,28,310,4,306,13.40782122905028,5.58659217877095,7.82122905027933,86.59217877094973,1.1173184357541899,85.47486033519553
E00057292,341,34,13,21,307,13,294,9.970674486803519,3.812316715542522,6.158357771260997,90.02932551319648,3.812316715542522,86.21700879765396
E00057293,295,37,13,24,258,10,248,12.54237288135593,4.406779661016949,8.135593220338983,87.45762711864407,3.389830508474576,84.06779661016948
E00057294,290,36,17,19,254,6,248,12.413793103448276,5.862068965517241,6.551724137931035,87.58620689655172,2.0689655172413794,85.51724137931035
E00057295,232,67,35,32,165,13,152,28.879310344827587,15.086206896551724,13.793103448275861,71.12068965517241,5.603448275862069,65.51724137931035
E00057296,353,60,25,35,293,20,273,16.997167138810198,7.0821529745042495,9.91501416430595,83.0028328611898,5.6657223796034,77.33711048158641
E00057297,252,28,12,16,224,6,218,11.11111111111111,4.761904761904762,6.349206349206349,88.88888888888889,2.380952380952381,86.5079365079365
E00057298,341,41,20,21,300,11,289,12.023460410557185,5.865102639296188,6.158357771260997,87.97653958944281,3.225806451612903,84.75073313782991
E00057300,362,73,27,46,289,12,277,20.165745856353592,7.458563535911603,12.70718232044199,79.8342541436464,3.314917127071823,76.51933701657458
E00057303,521,84,32,52,437,39,398,16.122840690978887,6.142034548944338,9.980806142034549,83.87715930902111,7.485604606525912,76.3915547024952
E00057304,274,55,35,20,219,11,208,20.072992700729927,12.773722627737227,7.2992700729927,79.92700729927007,4.014598540145985,75.91240875912408
E00057305,242,60,31,29,182,10,172,24.793388429752067,12.8099173553719,11.983471074380166,75.20661157024794,4.132231404958678,71.07438016528926
E00057307,187,32,16,16,155,8,147,17.11229946524064,8.55614973262032,8.55614973262032,82.88770053475936,4.27807486631016,78.6096256684492
E00057309,378,85,32,53,293,19,274,22.486772486772484,8.465608465608465,14.02116402116402,77.5132275132275,5.026455026455026,72.4867724867725
E00057310,340,72,36,36,268,17,251,21.176470588235293,10.588235294117647,10.588235294117647,78.82352941176471,5,73.82352941176471
E00057311,120,41,29,12,79,4,75,34.166666666666664,24.166666666666668,10,65.83333333333333,3.3333333333333335,62.5
E00057312,174,62,30,32,112,8,104,35.63218390804598,17.24137931034483,18.39080459770115,64.36781609195403,4.597701149425287,59.77011494252874
E00057313,397,54,25,29,343,11,332,13.602015113350127,6.297229219143577,7.304785894206549,86.39798488664987,2.770780856423174,83.6272040302267
E00057315,209,34,13,21,175,12,163,16.267942583732058,6.220095693779904,10.047846889952153,83.73205741626795,5.741626794258373,77.99043062200957
E00057316,239,43,16,27,196,19,177,17.99163179916318,6.694560669456067,11.297071129707113,82.00836820083683,7.949790794979079,74.05857740585773
E00057322,292,43,17,26,249,8,241,14.726027397260275,5.821917808219178,8.904109589041095,85.27397260273972,2.73972602739726,82.53424657534246
E00057323,396,49,21,28,347,10,337,12.373737373737374,5.303030303030303,7.07070707070707,87.62626262626263,2.525252525252525,85.1010101010101
E00057325,203,70,33,37,133,13,120,34.48275862068966,16.25615763546798,18.226600985221676,65.51724137931035,6.403940886699508,59.11330049261084
E00057326,306,34,14,20,272,23,249,11.11111111111111,4.57516339869281,6.535947712418301,88.88888888888889,7.516339869281046,81.37254901960785
E00057327,200,16,4,12,184,5,179,8,2,6,92,2.5,89.5
E00057328,304,65,31,34,239,13,226,21.38157894736842,10.197368421052632,11.18421052631579,78.61842105263158,4.276315789473684,74.3421052631579
E00057329,299,56,26,30,243,9,234,18.729096989966553,8.695652173913043,10.033444816053512,81.27090301003345,3.0100334448160537,78.26086956521739
E00057330,329,63,34,29,266,10,256,19.148936170212767,10.33434650455927,8.814589665653495,80.85106382978722,3.0395136778115504,77.81155015197568
E00057331,268,62,33,29,206,12,194,23.134328358208954,12.313432835820896,10.820895522388058,76.86567164179104,4.477611940298507,72.38805970149254
E00057332,447,96,55,41,351,12,339,21.476510067114095,12.304250559284116,9.172259507829978,78.52348993288591,2.684563758389262,75.83892617449665
E00057333,359,52,24,28,307,12,295,14.484679665738161,6.685236768802229,7.7994428969359335,85.51532033426183,3.3426183844011144,82.17270194986072
E00057334,308,38,14,24,270,25,245,12.337662337662337,4.545454545454546,7.792207792207792,87.66233766233766,8.116883116883116,79.54545454545455
E00057335,345,66,20,46,279,37,242,19.130434782608695,5.797101449275362,13.333333333333334,80.8695652173913,10.72463768115942,70.14492753623188
E00057336,302,44,15,29,258,16,242,14.56953642384106,4.966887417218543,9.602649006622517,85.43046357615894,5.298013245033113,80.13245033112582
E00057337,298,40,15,25,258,27,231,13.422818791946309,5.033557046979865,8.389261744966444,86.57718120805369,9.060402684563758,77.51677852348993
E00057338,287,75,44,31,212,18,194,26.132404181184672,15.33101045296167,10.801393728222997,73.86759581881533,6.2717770034843205,67.59581881533101
E00057339,306,52,24,28,254,25,229,16.99346405228758,7.8431372549019605,9.15032679738562,83.00653594771242,8.169934640522875,74.83660130718954
E00057340,333,49,17,32,284,23,261,14.714714714714713,5.105105105105105,9.60960960960961,85.28528528528528,6.906906906906906,78.37837837837837
E00057341,276,42,12,30,234,14,220,15.217391304347828,4.3478260869565215,10.869565217391305,84.78260869565217,5.072463768115942,79.71014492753623
E00057342,335,42,18,24,293,27,266,12.53731343283582,5.3731343283582085,7.164179104477612,87.46268656716418,8.059701492537313,79.40298507462687
E00057343,340,49,10,39,291,20,271,14.411764705882351,2.941176470588235,11.470588235294118,85.58823529411764,5.88235294117647,79.70588235294119
E00057344,249,50,17,33,199,24,175,20.080321285140563,6.827309236947792,13.253012048192772,79.91967871485943,9.63855421686747,70.28112449799197
E00057345,230,57,30,27,173,9,164,24.782608695652176,13.043478260869565,11.73913043478261,75.21739130434783,3.91304347826087,71.30434782608695
E00057346,326,67,28,39,259,16,243,20.552147239263803,8.588957055214724,11.96319018404908,79.4478527607362,4.9079754601226995,74.5398773006135
E00057347,270,55,21,34,215,16,199,20.37037037037037,7.777777777777778,12.592592592592592,79.62962962962963,5.9259259259259265,73.70370370370371
E00057348,263,38,19,19,225,22,203,14.44866920152091,7.224334600760455,7.224334600760455,85.55133079847909,8.365019011406844,77.18631178707224
E00057349,327,40,11,29,287,27,260,12.232415902140673,3.3639143730886847,8.868501529051988,87.76758409785933,8.256880733944955,79.51070336391437
E00057350,252,45,26,19,207,17,190,17.857142857142858,10.317460317460316,7.5396825396825395,82.14285714285714,6.746031746031746,75.39682539682539
E00057351,204,52,27,25,152,11,141,25.49019607843137,13.23529411764706,12.254901960784313,74.50980392156863,5.392156862745098,69.11764705882352
E00057352,514,63,25,38,451,31,420,12.2568093385214,4.863813229571985,7.392996108949417,87.7431906614786,6.031128404669261,81.71206225680933
E00057353,427,41,11,30,386,25,361,9.601873536299765,2.576112412177986,7.02576112412178,90.39812646370024,5.85480093676815,84.5433255269321
E00057354,299,37,13,24,262,38,224,12.37458193979933,4.3478260869565215,8.02675585284281,87.62541806020067,12.709030100334449,74.91638795986621
E00057355,427,50,20,30,377,36,341,11.7096018735363,4.683840749414521,7.02576112412178,88.2903981264637,8.430913348946136,79.85948477751757
E00057356,241,67,34,33,174,16,158,27.800829875518673,14.107883817427386,13.692946058091287,72.19917012448133,6.639004149377594,65.56016597510373
E00057357,272,75,31,44,197,23,174,27.573529411764707,11.397058823529411,16.176470588235293,72.42647058823529,8.455882352941178,63.970588235294116
E00057358,211,29,9,20,182,22,160,13.744075829383887,4.265402843601896,9.47867298578199,86.25592417061611,10.42654028436019,75.82938388625593
E00057359,241,32,17,15,209,21,188,13.278008298755188,7.053941908713693,6.224066390041494,86.72199170124482,8.71369294605809,78.00829875518673
E00057360,329,50,16,34,279,23,256,15.19756838905775,4.86322188449848,10.33434650455927,84.80243161094225,6.990881458966565,77.81155015197568
E00057361,319,39,14,25,280,26,254,12.225705329153605,4.38871473354232,7.836990595611286,87.7742946708464,8.150470219435736,79.62382445141067
E00057362,210,28,8,20,182,27,155,13.333333333333334,3.8095238095238098,9.523809523809524,86.66666666666667,12.857142857142856,73.80952380952381
E00057363,228,91,50,41,137,9,128,39.91228070175439,21.929824561403507,17.982456140350877,60.08771929824561,3.9473684210526314,56.14035087719298
E00057364,204,77,38,39,127,14,113,37.745098039215684,18.627450980392158,19.11764705882353,62.254901960784316,6.862745098039216,55.392156862745104
E00057365,202,31,11,20,171,19,152,15.346534653465346,5.445544554455446,9.900990099009901,84.65346534653465,9.405940594059405,75.24752475247524
E00057366,221,61,18,43,160,23,137,27.601809954751133,8.144796380090497,19.457013574660635,72.39819004524887,10.407239819004525,61.990950226244344
E00057367,299,46,14,32,253,27,226,15.384615384615385,4.682274247491638,10.702341137123746,84.61538461538461,9.03010033444816,75.58528428093646
E00057368,212,53,26,27,159,16,143,25,12.264150943396226,12.735849056603774,75,7.547169811320755,67.45283018867924
E00057369,186,55,29,26,131,18,113,29.56989247311828,15.591397849462366,13.978494623655912,70.43010752688173,9.67741935483871,60.752688172043015
E00057370,347,78,36,42,269,17,252,22.478386167146976,10.37463976945245,12.103746397694524,77.52161383285303,4.899135446685879,72.62247838616715
E00057371,263,51,23,28,212,21,191,19.39163498098859,8.745247148288973,10.646387832699618,80.6083650190114,7.984790874524715,72.6235741444867
E00057372,305,54,15,39,251,31,220,17.704918032786885,4.918032786885246,12.786885245901638,82.29508196721311,10.163934426229508,72.1311475409836
E00057374,320,62,27,35,258,19,239,19.375,8.4375,10.9375,80.625,5.9375,74.6875
E00057375,324,61,18,43,263,28,235,18.82716049382716,5.555555555555555,13.271604938271606,81.17283950617285,8.641975308641975,72.53086419753086
E00057376,313,52,20,32,261,31,230,16.61341853035144,6.3897763578274756,10.223642172523961,83.38658146964856,9.904153354632587,73.48242811501598
E00057377,326,68,27,41,258,30,228,20.858895705521473,8.282208588957054,12.576687116564417,79.14110429447852,9.202453987730062,69.93865030674846
E00057378,312,34,11,23,278,26,252,10.897435897435898,3.5256410256410255,7.371794871794872,89.1025641025641,8.333333333333332,80.76923076923077
E00057379,346,39,12,27,307,39,268,11.271676300578035,3.4682080924855487,7.803468208092486,88.72832369942196,11.271676300578035,77.45664739884393
E00057380,344,39,10,29,305,40,265,11.337209302325581,2.9069767441860463,8.430232558139535,88.66279069767442,11.627906976744185,77.03488372093024
E00057382,418,43,13,30,375,33,342,10.287081339712918,3.110047846889952,7.177033492822966,89.71291866028707,7.894736842105263,81.81818181818183
E00057383,242,56,19,37,186,18,168,23.140495867768596,7.851239669421488,15.289256198347106,76.85950413223141,7.43801652892562,69.42148760330579
E00057384,275,45,14,31,230,21,209,16.363636363636363,5.090909090909091,11.272727272727273,83.63636363636363,7.636363636363637,76
E00057385,229,73,30,43,156,16,140,31.877729257641924,13.100436681222707,18.777292576419214,68.12227074235808,6.986899563318777,61.135371179039296
E00057386,270,52,20,32,218,20,198,19.25925925925926,7.4074074074074066,11.851851851851853,80.74074074074075,7.4074074074074066,73.33333333333333
E00057387,240,49,13,36,191,15,176,20.416666666666668,5.416666666666667,15,79.58333333333333,6.25,73.33333333333333
E00057388,209,43,17,26,166,17,149,20.574162679425836,8.133971291866029,12.440191387559809,79.42583732057416,8.133971291866029,71.29186602870813
E00057389,290,57,29,28,233,16,217,19.655172413793103,10,9.655172413793103,80.3448275862069,5.517241379310345,74.82758620689656
E00057390,290,40,16,24,250,22,228,13.793103448275861,5.517241379310345,8.275862068965518,86.20689655172413,7.586206896551724,78.62068965517241
E00057391,272,61,23,38,211,17,194,22.426470588235293,8.455882352941178,13.970588235294118,77.57352941176471,6.25,71.32352941176471
E00057392,330,59,24,35,271,21,250,17.87878787878788,7.2727272727272725,10.606060606060606,82.12121212121211,6.363636363636363,75.75757575757575
E00057393,350,76,36,40,274,16,258,21.714285714285715,10.285714285714285,11.428571428571429,78.28571428571428,4.571428571428571,73.71428571428571
E00057394,294,75,42,33,219,24,195,25.510204081632654,14.285714285714285,11.224489795918368,74.48979591836735,8.16326530612245,66.3265306122449
E00057395,253,32,13,19,221,19,202,12.648221343873518,5.138339920948617,7.5098814229249005,87.35177865612648,7.5098814229249005,79.84189723320159
E00057396,310,46,15,31,264,44,220,14.838709677419354,4.838709677419355,10,85.16129032258064,14.193548387096774,70.96774193548387
E00057397,308,47,10,37,261,32,229,15.259740259740258,3.2467532467532463,12.012987012987013,84.74025974025975,10.38961038961039,74.35064935064936
E00057398,261,45,17,28,216,22,194,17.24137931034483,6.513409961685824,10.727969348659004,82.75862068965517,8.42911877394636,74.32950191570882
E00057399,375,42,16,26,333,31,302,11.200000000000001,4.266666666666667,6.933333333333333,88.8,8.266666666666666,80.53333333333333
E00057400,478,44,14,30,434,44,390,9.205020920502092,2.928870292887029,6.2761506276150625,90.7949790794979,9.205020920502092,81.58995815899581
E00057401,337,51,11,40,286,18,268,15.133531157270031,3.2640949554896146,11.869436201780417,84.86646884272997,5.341246290801187,79.52522255192879
E00057402,226,53,31,22,173,17,156,23.451327433628318,13.716814159292035,9.734513274336283,76.54867256637168,7.52212389380531,69.02654867256636
E00057403,513,60,29,31,453,53,400,11.695906432748536,5.653021442495127,6.042884990253411,88.30409356725146,10.33138401559454,77.97270955165692
E00057404,182,53,20,33,129,12,117,29.120879120879124,10.989010989010989,18.13186813186813,70.87912087912088,6.593406593406594,64.28571428571429
E00057405,302,65,19,46,237,17,220,21.52317880794702,6.291390728476822,15.2317880794702,78.47682119205298,5.629139072847682,72.84768211920529
E00057406,394,55,30,25,339,37,302,13.959390862944163,7.614213197969544,6.345177664974619,86.04060913705584,9.390862944162437,76.6497461928934
E00057407,259,58,28,30,201,20,181,22.393822393822393,10.81081081081081,11.583011583011583,77.60617760617761,7.722007722007722,69.88416988416989
E00057408,301,38,10,28,263,25,238,12.624584717607974,3.322259136212625,9.30232558139535,87.37541528239203,8.305647840531561,79.06976744186046
E00057409,331,40,18,22,291,20,271,12.084592145015106,5.438066465256798,6.646525679758309,87.91540785498489,6.042296072507553,81.87311178247734
E00057410,283,40,11,29,243,26,217,14.13427561837456,3.8869257950530036,10.247349823321555,85.86572438162544,9.187279151943462,76.67844522968198
E00057411,497,90,31,59,407,39,368,18.10865191146881,6.237424547283702,11.87122736418511,81.89134808853119,7.847082494969819,74.04426559356136
E00057412,321,54,19,35,267,24,243,16.822429906542055,5.919003115264798,10.903426791277258,83.17757009345794,7.476635514018691,75.70093457943925
E00057413,312,40,10,30,272,26,246,12.82051282051282,3.205128205128205,9.615384615384617,87.17948717948718,8.333333333333332,78.84615384615384
E00057414,287,26,7,19,261,23,238,9.059233449477352,2.4390243902439024,6.620209059233449,90.94076655052264,8.013937282229964,82.92682926829268
E00057415,202,67,38,29,135,16,119,33.16831683168317,18.81188118811881,14.356435643564355,66.83168316831683,7.920792079207921,58.91089108910891
E00057416,332,44,15,29,288,18,270,13.253012048192772,4.518072289156627,8.734939759036145,86.74698795180723,5.421686746987952,81.32530120481928
E00057417,333,53,17,36,280,33,247,15.915915915915916,5.105105105105105,10.81081081081081,84.08408408408408,9.90990990990991,74.17417417417418
E00057418,314,40,14,26,274,26,248,12.738853503184714,4.45859872611465,8.280254777070063,87.26114649681529,8.280254777070063,78.98089171974523
E00057419,526,61,25,36,465,34,431,11.596958174904943,4.752851711026616,6.844106463878327,88.40304182509506,6.4638783269961975,81.93916349809885
E00057420,295,51,25,26,244,16,228,17.28813559322034,8.47457627118644,8.813559322033898,82.71186440677965,5.423728813559322,77.28813559322035
E00057421,364,65,38,27,299,29,270,17.857142857142858,10.43956043956044,7.417582417582418,82.14285714285714,7.967032967032966,74.17582417582418
E00057422,300,32,9,23,268,21,247,10.666666666666668,3,7.666666666666666,89.33333333333333,7.000000000000001,82.33333333333334
E00057423,337,29,14,15,308,17,291,8.605341246290802,4.154302670623145,4.451038575667656,91.3946587537092,5.044510385756676,86.35014836795251
E00057424,252,51,20,31,201,23,178,20.238095238095237,7.936507936507936,12.3015873015873,79.76190476190477,9.126984126984127,70.63492063492063
E00057425,303,55,21,34,248,20,228,18.151815181518153,6.9306930693069315,11.221122112211221,81.84818481848185,6.6006600660066,75.24752475247524
E00057426,337,63,35,28,274,30,244,18.694362017804153,10.385756676557865,8.30860534124629,81.30563798219585,8.902077151335313,72.40356083086054
E00057427,405,58,26,32,347,26,321,14.320987654320987,6.419753086419753,7.901234567901234,85.67901234567901,6.419753086419753,79.25925925925927
E00057428,302,64,38,26,238,27,211,21.192052980132452,12.582781456953644,8.609271523178808,78.80794701986756,8.940397350993377,69.86754966887418
E00057429,249,48,26,22,201,13,188,19.27710843373494,10.441767068273093,8.835341365461847,80.72289156626506,5.220883534136546,75.50200803212851
E00057430,308,41,22,19,267,20,247,13.311688311688311,7.142857142857142,6.1688311688311686,86.68831168831169,6.493506493506493,80.1948051948052
E00057431,475,54,21,33,421,36,385,11.368421052631579,4.421052631578947,6.947368421052631,88.63157894736841,7.578947368421053,81.05263157894737
E00057432,272,33,13,20,239,15,224,12.132352941176471,4.779411764705882,7.352941176470589,87.86764705882352,5.514705882352941,82.35294117647058
E00057433,287,38,12,26,249,18,231,13.240418118466899,4.181184668989547,9.059233449477352,86.7595818815331,6.2717770034843205,80.48780487804879
E00057434,275,48,15,33,227,27,200,17.454545454545457,5.454545454545454,12,82.54545454545455,9.818181818181818,72.72727272727273
E00057435,257,61,30,31,196,13,183,23.73540856031128,11.673151750972762,12.062256809338521,76.26459143968872,5.058365758754864,71.20622568093385
E00057436,241,71,42,29,170,17,153,29.460580912863072,17.42738589211618,12.033195020746888,70.53941908713693,7.053941908713693,63.48547717842323
E00057437,291,63,29,34,228,24,204,21.649484536082475,9.965635738831615,11.683848797250858,78.35051546391753,8.24742268041237,70.10309278350515
E00057438,300,46,21,25,254,26,228,15.333333333333332,7.000000000000001,8.333333333333332,84.66666666666667,8.666666666666668,76
E00057439,248,98,54,44,150,18,132,39.516129032258064,21.774193548387096,17.741935483870968,60.483870967741936,7.258064516129033,53.2258064516129
E00057440,244,47,22,25,197,15,182,19.262295081967213,9.01639344262295,10.245901639344263,80.73770491803278,6.147540983606557,74.59016393442623
E00057441,369,46,19,27,323,37,286,12.466124661246612,5.149051490514905,7.317073170731707,87.53387533875339,10.02710027100271,77.50677506775068
E00057442,257,54,31,23,203,15,188,21.011673151750973,12.062256809338521,8.949416342412452,78.98832684824903,5.836575875486381,73.15175097276264
E00057443,241,31,12,19,210,21,189,12.863070539419086,4.979253112033195,7.883817427385892,87.13692946058092,8.71369294605809,78.42323651452283
E00057444,314,44,17,27,270,25,245,14.012738853503185,5.414012738853503,8.598726114649681,85.98726114649682,7.961783439490445,78.02547770700637
E00057445,289,35,12,23,254,26,228,12.110726643598616,4.1522491349480966,7.958477508650519,87.88927335640139,8.996539792387544,78.89273356401384
E00057446,353,53,17,36,300,31,269,15.01416430594901,4.815864022662889,10.198300283286118,84.98583569405099,8.78186968838527,76.20396600566572
E00057447,299,46,11,35,253,31,222,15.384615384615385,3.678929765886288,11.705685618729097,84.61538461538461,10.367892976588628,74.24749163879598
E00057448,318,42,16,26,276,31,245,13.20754716981132,5.031446540880504,8.176100628930817,86.79245283018868,9.748427672955975,77.04402515723271
E00057449,269,66,25,41,203,38,165,24.53531598513011,9.293680297397769,15.241635687732341,75.46468401486989,14.12639405204461,61.33828996282528
E00057450,302,45,18,27,257,25,232,14.90066225165563,5.960264900662252,8.940397350993377,85.09933774834437,8.27814569536424,76.82119205298014
E00057451,289,34,16,18,255,24,231,11.76470588235294,5.536332179930796,6.228373702422145,88.23529411764706,8.304498269896193,79.93079584775087
E00057452,259,33,12,21,226,24,202,12.741312741312742,4.633204633204633,8.108108108108109,87.25868725868726,9.266409266409266,77.99227799227799
E00057453,315,124,58,66,191,22,169,39.36507936507937,18.412698412698415,20.952380952380953,60.63492063492063,6.984126984126984,53.65079365079365
E00057454,223,64,23,41,159,38,121,28.699551569506728,10.31390134529148,18.385650224215247,71.30044843049326,17.040358744394617,54.26008968609865
E00057455,319,76,30,46,243,29,214,23.824451410658305,9.404388714733543,14.420062695924765,76.17554858934169,9.090909090909092,67.0846394984326
E00057456,214,37,16,21,177,27,150,17.289719626168225,7.476635514018691,9.813084112149532,82.71028037383178,12.616822429906541,70.09345794392523
E00057457,226,61,38,23,165,14,151,26.991150442477874,16.8141592920354,10.176991150442479,73.00884955752213,6.1946902654867255,66.8141592920354
E00057458,268,37,13,24,231,16,215,13.805970149253731,4.850746268656716,8.955223880597014,86.19402985074626,5.970149253731343,80.22388059701493
E00057459,303,63,24,39,240,25,215,20.792079207920793,7.920792079207921,12.871287128712872,79.20792079207921,8.25082508250825,70.95709570957096
E00057460,416,69,34,35,347,28,319,16.58653846153846,8.173076923076923,8.413461538461538,83.41346153846155,6.730769230769231,76.6826923076923
E00057461,235,46,18,28,189,16,173,19.574468085106382,7.659574468085106,11.914893617021278,80.42553191489363,6.808510638297872,73.61702127659574
E00057462,274,63,23,40,211,23,188,22.99270072992701,8.394160583941606,14.5985401459854,77.00729927007299,8.394160583941606,68.61313868613139
E00057463,301,44,18,26,257,18,239,14.61794019933555,5.980066445182724,8.637873754152823,85.38205980066445,5.980066445182724,79.40199335548172
E00057464,262,49,19,30,213,26,187,18.702290076335878,7.251908396946565,11.450381679389313,81.29770992366412,9.923664122137405,71.37404580152672
E00057465,310,58,15,43,252,28,224,18.70967741935484,4.838709677419355,13.870967741935484,81.29032258064515,9.032258064516128,72.25806451612902
E00057466,229,53,25,28,176,22,154,23.144104803493452,10.91703056768559,12.22707423580786,76.85589519650655,9.606986899563319,67.24890829694323
E00057467,356,57,25,32,299,26,273,16.01123595505618,7.02247191011236,8.98876404494382,83.98876404494382,7.303370786516854,76.68539325842697
E00057469,248,47,27,20,201,15,186,18.951612903225808,10.887096774193548,8.064516129032258,81.04838709677419,6.048387096774194,75
E00057470,292,58,19,39,234,20,214,19.863013698630137,6.506849315068493,13.356164383561644,80.13698630136986,6.8493150684931505,73.28767123287672
E00057471,255,62,26,36,193,27,166,24.313725490196077,10.196078431372548,14.117647058823529,75.68627450980392,10.588235294117647,65.09803921568627
E00057472,294,63,35,28,231,19,212,21.428571428571427,11.904761904761903,9.523809523809524,78.57142857142857,6.462585034013606,72.10884353741497
E00057474,269,57,24,33,212,15,197,21.189591078066915,8.921933085501859,12.267657992565056,78.81040892193309,5.5762081784386615,73.23420074349443
E00057475,284,48,16,32,236,31,205,16.901408450704224,5.633802816901409,11.267605633802818,83.09859154929578,10.915492957746478,72.1830985915493
E00057476,283,46,19,27,237,21,216,16.25441696113074,6.713780918727916,9.540636042402827,83.74558303886926,7.420494699646643,76.32508833922262
E00057477,264,68,31,37,196,15,181,25.757575757575758,11.742424242424242,14.015151515151514,74.24242424242425,5.681818181818182,68.56060606060606
E00057478,275,58,24,34,217,16,201,21.09090909090909,8.727272727272728,12.363636363636363,78.9090909090909,5.818181818181818,73.0909090909091
E00057479,189,73,48,25,116,14,102,38.62433862433862,25.396825396825395,13.227513227513226,61.37566137566137,7.4074074074074066,53.96825396825397
E00057480,287,44,14,30,243,13,230,15.33101045296167,4.878048780487805,10.452961672473867,84.66898954703834,4.529616724738676,80.13937282229965
E00057481,272,78,42,36,194,20,174,28.676470588235293,15.441176470588236,13.23529411764706,71.32352941176471,7.352941176470589,63.970588235294116
E00057482,266,46,19,27,220,19,201,17.293233082706767,7.142857142857142,10.150375939849624,82.70676691729322,7.142857142857142,75.56390977443608
E00057483,264,60,30,30,204,19,185,22.727272727272727,11.363636363636363,11.363636363636363,77.27272727272727,7.196969696969697,70.07575757575758
E00057484,260,71,42,29,189,15,174,27.307692307692307,16.153846153846153,11.153846153846155,72.6923076923077,5.769230769230769,66.92307692307692
E00057485,590,118,37,81,472,42,430,20,6.271186440677965,13.728813559322035,80,7.118644067796611,72.88135593220339
E00057486,279,61,20,41,218,21,197,21.863799283154123,7.168458781362006,14.695340501792115,78.13620071684588,7.526881720430108,70.60931899641577
E00057487,278,51,20,31,227,21,206,18.345323741007196,7.1942446043165464,11.151079136690647,81.65467625899281,7.553956834532374,74.10071942446042
E00057488,225,48,18,30,177,16,161,21.333333333333336,8,13.333333333333334,78.66666666666666,7.111111111111111,71.55555555555554
E00057489,245,37,12,25,208,20,188,15.10204081632653,4.8979591836734695,10.204081632653061,84.89795918367346,8.16326530612245,76.73469387755102
E00057490,293,35,12,23,258,25,233,11.945392491467576,4.09556313993174,7.849829351535837,88.05460750853243,8.532423208191126,79.5221843003413
E00057491,294,51,17,34,243,19,224,17.346938775510203,5.782312925170068,11.564625850340136,82.6530612244898,6.462585034013606,76.19047619047619
E00057492,298,60,22,38,238,24,214,20.13422818791946,7.38255033557047,12.751677852348994,79.86577181208054,8.053691275167784,71.81208053691275
E00057493,346,76,39,37,270,18,252,21.965317919075144,11.271676300578035,10.69364161849711,78.03468208092485,5.202312138728324,72.83236994219652
E00057494,290,31,7,24,259,25,234,10.689655172413794,2.413793103448276,8.275862068965518,89.3103448275862,8.620689655172415,80.6896551724138
E00057495,332,55,27,28,277,31,246,16.566265060240966,8.132530120481928,8.433734939759036,83.43373493975903,9.33734939759036,74.09638554216868
E00057496,345,66,31,35,279,23,256,19.130434782608695,8.985507246376812,10.144927536231885,80.8695652173913,6.666666666666667,74.20289855072464
E00057497,298,51,22,29,247,30,217,17.114093959731544,7.38255033557047,9.731543624161073,82.88590604026845,10.06711409395973,72.81879194630872
E00057498,368,55,20,35,313,29,284,14.945652173913043,5.434782608695652,9.510869565217392,85.05434782608695,7.880434782608696,77.17391304347827
E00057499,284,38,5,33,246,31,215,13.380281690140844,1.7605633802816902,11.619718309859154,86.61971830985915,10.915492957746478,75.70422535211267
E00057500,241,61,23,38,180,14,166,25.311203319502074,9.54356846473029,15.767634854771783,74.68879668049793,5.809128630705394,68.87966804979253
E00057501,374,63,32,31,311,23,288,16.844919786096256,8.55614973262032,8.288770053475936,83.15508021390374,6.149732620320856,77.00534759358288
E00057502,301,28,9,19,273,31,242,9.30232558139535,2.990033222591362,6.312292358803987,90.69767441860465,10.299003322259136,80.39867109634552
E00057503,390,64,22,42,326,33,293,16.41025641025641,5.641025641025641,10.76923076923077,83.58974358974359,8.461538461538462,75.12820512820512
E00057505,258,48,19,29,210,19,191,18.6046511627907,7.3643410852713185,11.24031007751938,81.3953488372093,7.3643410852713185,74.03100775193798
E00057506,248,61,16,45,187,20,167,24.596774193548388,6.451612903225806,18.14516129032258,75.40322580645162,8.064516129032258,67.33870967741935
E00057507,270,42,10,32,228,17,211,15.555555555555555,3.7037037037037033,11.851851851851853,84.44444444444444,6.296296296296296,78.14814814814814
E00057508,255,32,13,19,223,21,202,12.549019607843137,5.098039215686274,7.450980392156863,87.45098039215686,8.235294117647058,79.2156862745098
E00057509,269,64,27,37,205,21,184,23.79182156133829,10.037174721189592,13.754646840148698,76.2081784386617,7.806691449814126,68.40148698884758
E00057510,228,44,25,19,184,21,163,19.298245614035086,10.964912280701753,8.333333333333332,80.7017543859649,9.210526315789473,71.49122807017544
E00057511,258,45,22,23,213,19,194,17.441860465116278,8.527131782945736,8.914728682170542,82.55813953488372,7.3643410852713185,75.1937984496124
E00057512,289,41,20,21,248,29,219,14.186851211072666,6.920415224913495,7.26643598615917,85.81314878892734,10.034602076124568,75.77854671280276
E00057513,228,45,15,30,183,14,169,19.736842105263158,6.578947368421052,13.157894736842104,80.26315789473685,6.140350877192982,74.12280701754386
E00057514,232,29,11,18,203,19,184,12.5,4.741379310344827,7.758620689655173,87.5,8.189655172413794,79.3103448275862
E00057515,218,59,29,30,159,12,147,27.06422018348624,13.302752293577983,13.761467889908257,72.93577981651376,5.5045871559633035,67.43119266055045
E00057516,222,42,16,26,180,22,158,18.91891891891892,7.207207207207207,11.711711711711711,81.08108108108108,9.90990990990991,71.17117117117117
E00057517,231,76,38,38,155,8,147,32.900432900432904,16.450216450216452,16.450216450216452,67.09956709956711,3.463203463203463,63.63636363636363
E00057518,301,39,14,25,262,25,237,12.956810631229235,4.651162790697675,8.305647840531561,87.04318936877077,8.305647840531561,78.7375415282392
E00057519,212,63,28,35,149,19,130,29.71698113207547,13.20754716981132,16.50943396226415,70.28301886792453,8.962264150943396,61.32075471698113
E00057520,272,52,21,31,220,19,201,19.11764705882353,7.720588235294118,11.397058823529411,80.88235294117648,6.985294117647059,73.89705882352942
E00057521,266,40,18,22,226,30,196,15.037593984962406,6.7669172932330826,8.270676691729323,84.9624060150376,11.278195488721805,73.68421052631578
E00057522,286,27,7,20,259,26,233,9.44055944055944,2.4475524475524475,6.993006993006993,90.55944055944056,9.090909090909092,81.46853146853147
E00057523,244,55,26,29,189,17,172,22.540983606557376,10.655737704918032,11.885245901639344,77.45901639344262,6.967213114754098,70.49180327868852
E00057524,275,47,17,30,228,19,209,17.09090909090909,6.181818181818182,10.909090909090908,82.9090909090909,6.909090909090909,76
E00057525,243,44,10,34,199,20,179,18.106995884773664,4.11522633744856,13.991769547325102,81.89300411522635,8.23045267489712,73.66255144032921
E00057527,279,39,17,22,240,20,220,13.978494623655912,6.093189964157706,7.885304659498208,86.02150537634408,7.168458781362006,78.85304659498208
E00057528,300,40,15,25,260,19,241,13.333333333333334,5,8.333333333333332,86.66666666666667,6.333333333333334,80.33333333333333
E00057529,285,35,7,28,250,19,231,12.280701754385964,2.456140350877193,9.824561403508772,87.71929824561403,6.666666666666667,81.05263157894737
E00057530,346,41,13,28,305,40,265,11.849710982658959,3.7572254335260116,8.092485549132949,88.15028901734104,11.560693641618498,76.58959537572254
E00057531,297,33,14,19,264,33,231,11.11111111111111,4.713804713804714,6.397306397306397,88.88888888888889,11.11111111111111,77.77777777777779
E00057532,194,41,12,29,153,13,140,21.1340206185567,6.185567010309279,14.948453608247423,78.8659793814433,6.701030927835052,72.16494845360825
E00057533,298,44,17,27,254,23,231,14.76510067114094,5.704697986577181,9.060402684563758,85.23489932885906,7.718120805369128,77.51677852348993
E00057534,320,44,16,28,276,22,254,13.750000000000002,5,8.75,86.25,6.875000000000001,79.375
E00057535,327,33,10,23,294,23,271,10.091743119266056,3.058103975535168,7.033639143730887,89.90825688073394,7.033639143730887,82.87461773700305
E00057536,255,65,29,36,190,12,178,25.49019607843137,11.372549019607844,14.117647058823529,74.50980392156863,4.705882352941177,69.80392156862744
E00057537,274,38,14,24,236,20,216,13.86861313868613,5.109489051094891,8.75912408759124,86.13138686131386,7.2992700729927,78.83211678832117
E00057538,372,55,19,36,317,38,279,14.78494623655914,5.10752688172043,9.67741935483871,85.21505376344086,10.21505376344086,75
E00057539,260,39,16,23,221,15,206,15,6.153846153846154,8.846153846153847,85,5.769230769230769,79.23076923076923
E00057540,270,42,18,24,228,24,204,15.555555555555555,6.666666666666667,8.88888888888889,84.44444444444444,8.88888888888889,75.55555555555556
E00057541,239,48,20,28,191,28,163,20.0836820083682,8.368200836820083,11.715481171548117,79.9163179916318,11.715481171548117,68.20083682008368
E00057542,312,42,13,29,270,19,251,13.461538461538462,4.166666666666666,9.294871794871796,86.53846153846155,6.089743589743589,80.44871794871796
E00057543,462,42,11,31,420,42,378,9.090909090909092,2.380952380952381,6.70995670995671,90.9090909090909,9.090909090909092,81.81818181818183
E00057544,314,61,28,33,253,21,232,19.426751592356688,8.9171974522293,10.509554140127388,80.57324840764332,6.687898089171974,73.88535031847134
E00057545,243,44,24,20,199,18,181,18.106995884773664,9.876543209876543,8.23045267489712,81.89300411522635,7.4074074074074066,74.48559670781893
E00057546,214,46,16,30,168,13,155,21.49532710280374,7.476635514018691,14.018691588785046,78.50467289719626,6.074766355140187,72.42990654205607
E00057547,258,31,6,25,227,28,199,12.015503875968992,2.3255813953488373,9.689922480620156,87.98449612403101,10.852713178294573,77.13178294573643
E00057548,285,108,68,40,177,22,155,37.89473684210527,23.859649122807017,14.035087719298245,62.10526315789474,7.719298245614035,54.385964912280706
E00057549,281,33,6,27,248,30,218,11.743772241992882,2.135231316725979,9.608540925266903,88.25622775800713,10.676156583629894,77.58007117437722
E00057550,338,33,12,21,305,31,274,9.763313609467456,3.5502958579881656,6.21301775147929,90.23668639053254,9.171597633136095,81.06508875739645
E00057551,259,47,22,25,212,16,196,18.146718146718147,8.494208494208493,9.652509652509652,81.85328185328186,6.177606177606178,75.67567567567568
E00057552,315,25,4,21,290,33,257,7.936507936507936,1.2698412698412698,6.666666666666667,92.06349206349206,10.476190476190476,81.58730158730158
E00057553,276,44,11,33,232,29,203,15.942028985507244,3.985507246376811,11.956521739130435,84.05797101449275,10.507246376811594,73.55072463768117
E00057554,320,46,12,34,274,34,240,14.374999999999998,3.75,10.625,85.625,10.625,75
E00057555,255,51,21,30,204,17,187,20,8.235294117647058,11.76470588235294,80,6.666666666666667,73.33333333333333
E00057556,240,34,20,14,206,25,181,14.166666666666666,8.333333333333332,5.833333333333333,85.83333333333333,10.416666666666668,75.41666666666667
E00057557,270,44,11,33,226,17,209,16.296296296296298,4.074074074074074,12.222222222222221,83.7037037037037,6.296296296296296,77.4074074074074
E00057558,268,57,30,27,211,32,179,21.26865671641791,11.194029850746269,10.074626865671641,78.73134328358209,11.940298507462686,66.7910447761194
E00057559,367,56,18,38,311,30,281,15.258855585831062,4.904632152588556,10.354223433242508,84.74114441416893,8.174386920980927,76.566757493188
E00057560,293,45,13,32,248,20,228,15.358361774744028,4.436860068259386,10.921501706484642,84.64163822525597,6.825938566552901,77.81569965870307
E00057561,253,43,22,21,210,23,187,16.99604743083004,8.695652173913043,8.300395256916996,83.00395256916995,9.090909090909092,73.91304347826086
E00057562,301,44,17,27,257,24,233,14.61794019933555,5.647840531561462,8.970099667774086,85.38205980066445,7.973421926910299,77.40863787375415
E00057563,201,54,18,36,147,19,128,26.865671641791046,8.955223880597014,17.91044776119403,73.13432835820896,9.45273631840796,63.681592039801
E00057564,323,58,24,34,265,19,246,17.956656346749224,7.430340557275541,10.526315789473683,82.04334365325077,5.88235294117647,76.16099071207431
E00057565,297,47,24,23,250,8,242,15.824915824915825,8.080808080808081,7.744107744107744,84.17508417508418,2.6936026936026933,81.48148148148148
E00057566,365,53,27,26,312,14,298,14.520547945205479,7.397260273972603,7.123287671232877,85.47945205479452,3.8356164383561646,81.64383561643835
E00057567,538,62,31,31,476,26,450,11.524163568773234,5.762081784386617,5.762081784386617,88.47583643122677,4.83271375464684,83.64312267657994
E00057568,517,62,28,34,455,7,448,11.992263056092844,5.415860735009671,6.5764023210831715,88.00773694390716,1.3539651837524178,86.65377176015474
E00057570,595,84,52,32,511,21,490,14.117647058823529,8.739495798319327,5.378151260504202,85.88235294117646,3.5294117647058822,82.35294117647058
E00057571,388,42,17,25,346,14,332,10.824742268041238,4.381443298969072,6.443298969072164,89.17525773195877,3.608247422680412,85.56701030927834
E00057573,313,68,36,32,245,7,238,21.72523961661342,11.501597444089457,10.223642172523961,78.27476038338658,2.2364217252396164,76.03833865814697
E00057574,311,48,26,22,263,17,246,15.434083601286176,8.360128617363344,7.07395498392283,84.56591639871382,5.466237942122187,79.09967845659163
E00057575,412,39,21,18,373,8,365,9.466019417475728,5.097087378640777,4.368932038834951,90.53398058252428,1.9417475728155338,88.59223300970875
E00057576,247,43,16,27,204,5,199,17.408906882591094,6.477732793522267,10.931174089068826,82.5910931174089,2.0242914979757085,80.5668016194332
E00057577,488,46,23,23,442,10,432,9.426229508196721,4.713114754098361,4.713114754098361,90.57377049180327,2.0491803278688523,88.52459016393442
E00057578,307,60,22,38,247,28,219,19.54397394136808,7.166123778501629,12.37785016286645,80.45602605863192,9.120521172638437,71.33550488599349
E00057579,404,38,17,21,366,15,351,9.405940594059405,4.207920792079208,5.198019801980198,90.5940594059406,3.7128712871287126,86.88118811881188
E00057580,403,47,25,22,356,22,334,11.662531017369728,6.20347394540943,5.459057071960298,88.33746898263027,5.459057071960298,82.87841191066998
E00057581,343,54,24,30,289,23,266,15.743440233236154,6.997084548104956,8.746355685131196,84.25655976676384,6.705539358600583,77.55102040816327
E00057582,361,53,26,27,308,24,284,14.681440443213297,7.202216066481995,7.479224376731302,85.3185595567867,6.64819944598338,78.67036011080333
E00057583,437,47,25,22,390,10,380,10.755148741418765,5.720823798627003,5.034324942791762,89.24485125858124,2.2883295194508007,86.95652173913044
E00057584,381,52,24,28,329,17,312,13.648293963254593,6.299212598425196,7.349081364829396,86.3517060367454,4.4619422572178475,81.88976377952756
E00057585,364,42,15,27,322,13,309,11.538461538461538,4.1208791208791204,7.417582417582418,88.46153846153845,3.571428571428571,84.89010989010988
E00057586,288,37,19,18,251,11,240,12.847222222222221,6.597222222222222,6.25,87.15277777777779,3.8194444444444446,83.33333333333334
E00057587,386,68,39,29,318,8,310,17.616580310880828,10.103626943005182,7.512953367875648,82.38341968911918,2.072538860103627,80.31088082901555
E00057590,392,47,19,28,345,10,335,11.989795918367346,4.846938775510204,7.142857142857142,88.01020408163265,2.5510204081632653,85.45918367346938
E00057591,448,62,37,25,386,20,366,13.839285714285715,8.258928571428571,5.580357142857143,86.16071428571429,4.464285714285714,81.69642857142857
E00057592,532,91,47,44,441,16,425,17.105263157894736,8.834586466165414,8.270676691729323,82.89473684210526,3.007518796992481,79.88721804511279
E00057593,432,35,16,19,397,17,380,8.101851851851851,3.7037037037037033,4.398148148148148,91.89814814814815,3.935185185185185,87.96296296296296
E00057594,597,68,23,45,529,15,514,11.390284757118927,3.8525963149078724,7.537688442211055,88.60971524288107,2.512562814070352,86.09715242881072
E00057595,511,43,15,28,468,22,446,8.414872798434441,2.935420743639922,5.47945205479452,91.58512720156556,4.305283757338552,87.279843444227
E00057596,303,37,20,17,266,6,260,12.211221122112212,6.6006600660066,5.6105610561056105,87.78877887788778,1.9801980198019802,85.8085808580858
E00057597,551,105,46,59,446,31,415,19.056261343012704,8.348457350272232,10.707803992740473,80.94373865698729,5.626134301270418,75.31760435571688
E00057598,431,101,48,53,330,23,307,23.4338747099768,11.1368909512761,12.296983758700696,76.5661252900232,5.336426914153132,71.22969837587007
E00057599,378,46,20,26,332,4,328,12.16931216931217,5.291005291005291,6.878306878306878,87.83068783068782,1.0582010582010581,86.77248677248677
E00057600,374,55,24,31,319,12,307,14.705882352941178,6.417112299465241,8.288770053475936,85.29411764705883,3.2085561497326207,82.0855614973262
E00057601,340,45,25,20,295,12,283,13.23529411764706,7.352941176470589,5.88235294117647,86.76470588235294,3.5294117647058822,83.23529411764706
E00057602,430,55,31,24,375,16,359,12.790697674418606,7.209302325581396,5.5813953488372094,87.20930232558139,3.7209302325581395,83.48837209302326
E00057603,378,83,47,36,295,14,281,21.957671957671955,12.433862433862434,9.523809523809524,78.04232804232805,3.7037037037037033,74.33862433862434
E00057604,289,67,38,29,222,11,211,23.18339100346021,13.148788927335639,10.034602076124568,76.8166089965398,3.8062283737024223,73.01038062283737
E00057605,360,47,24,23,313,14,299,13.055555555555557,6.666666666666667,6.388888888888888,86.94444444444444,3.888888888888889,83.05555555555556
E00057606,235,66,34,32,169,11,158,28.085106382978726,14.468085106382977,13.617021276595745,71.91489361702128,4.680851063829787,67.23404255319149
E00057607,415,73,38,35,342,14,328,17.59036144578313,9.156626506024097,8.433734939759036,82.40963855421687,3.3734939759036147,79.03614457831326
E00057608,382,48,20,28,334,19,315,12.56544502617801,5.2356020942408374,7.329842931937172,87.43455497382199,4.973821989528796,82.4607329842932
E00057609,331,39,18,21,292,11,281,11.782477341389729,5.438066465256798,6.3444108761329305,88.21752265861026,3.3232628398791544,84.89425981873111
E00057610,285,45,18,27,240,10,230,15.789473684210526,6.315789473684211,9.473684210526317,84.21052631578947,3.508771929824561,80.7017543859649
E00057611,344,29,14,15,315,12,303,8.430232558139535,4.069767441860465,4.3604651162790695,91.56976744186046,3.488372093023256,88.0813953488372
E00057612,408,42,23,19,366,12,354,10.294117647058822,5.637254901960785,4.6568627450980395,89.70588235294117,2.941176470588235,86.76470588235294
E00057613,317,22,11,11,295,15,280,6.940063091482649,3.4700315457413247,3.4700315457413247,93.05993690851734,4.73186119873817,88.32807570977917
E00057614,351,40,16,24,311,9,302,11.396011396011396,4.5584045584045585,6.837606837606838,88.6039886039886,2.564102564102564,86.03988603988604
E00057615,399,45,17,28,354,24,330,11.278195488721805,4.260651629072681,7.017543859649122,88.7218045112782,6.015037593984962,82.70676691729322
E00057616,420,39,16,23,381,8,373,9.285714285714286,3.8095238095238098,5.476190476190476,90.71428571428571,1.9047619047619049,88.80952380952381
E00057617,367,45,23,22,322,9,313,12.26158038147139,6.267029972752043,5.994550408719346,87.73841961852861,2.452316076294278,85.28610354223434
E00057618,359,32,15,17,327,14,313,8.913649025069638,4.178272980501393,4.735376044568245,91.08635097493037,3.8997214484679668,87.1866295264624
E00057619,253,62,25,37,191,18,173,24.50592885375494,9.881422924901186,14.624505928853754,75.49407114624506,7.114624505928854,68.37944664031622
E00057620,366,51,16,35,315,20,295,13.934426229508196,4.371584699453552,9.562841530054644,86.0655737704918,5.46448087431694,80.60109289617486
E00057621,392,63,30,33,329,15,314,16.071428571428573,7.653061224489796,8.418367346938775,83.92857142857143,3.826530612244898,80.10204081632652
E00057622,278,34,18,16,244,15,229,12.23021582733813,6.474820143884892,5.755395683453238,87.76978417266187,5.39568345323741,82.37410071942446
E00057623,315,62,37,25,253,17,236,19.682539682539684,11.746031746031745,7.936507936507936,80.31746031746032,5.396825396825397,74.92063492063492
E00057624,235,48,23,25,187,18,169,20.425531914893615,9.787234042553191,10.638297872340425,79.57446808510639,7.659574468085106,71.91489361702128
E00057625,308,43,18,25,265,23,242,13.96103896103896,5.844155844155844,8.116883116883116,86.03896103896103,7.467532467532467,78.57142857142857
E00057626,345,49,14,35,296,35,261,14.202898550724639,4.057971014492753,10.144927536231885,85.79710144927536,10.144927536231885,75.65217391304347
E00057627,266,31,15,16,235,26,209,11.654135338345863,5.639097744360902,6.015037593984962,88.34586466165413,9.774436090225564,78.57142857142857
E00057628,312,48,7,41,264,24,240,15.384615384615385,2.2435897435897436,13.141025641025642,84.61538461538461,7.6923076923076925,76.92307692307693
E00057629,373,83,28,55,290,26,264,22.25201072386059,7.506702412868632,14.745308310991955,77.7479892761394,6.970509383378016,70.77747989276139
E00057630,428,60,14,46,368,29,339,14.018691588785046,3.2710280373831773,10.74766355140187,85.98130841121495,6.775700934579438,79.2056074766355
E00057631,282,51,20,31,231,14,217,18.085106382978726,7.092198581560284,10.99290780141844,81.91489361702128,4.964539007092199,76.95035460992908
E00057632,318,59,13,46,259,23,236,18.553459119496853,4.088050314465408,14.465408805031446,81.44654088050315,7.232704402515723,74.21383647798741
E00057633,259,38,15,23,221,19,202,14.671814671814673,5.7915057915057915,8.880308880308881,85.32818532818533,7.335907335907336,77.99227799227799
E00057634,367,48,12,36,319,33,286,13.079019073569482,3.2697547683923704,9.809264305177113,86.92098092643052,8.991825613079019,77.9291553133515
E00057635,311,33,12,21,278,32,246,10.610932475884244,3.858520900321544,6.752411575562702,89.38906752411575,10.289389067524116,79.09967845659163
E00057637,451,58,17,41,393,35,358,12.86031042128603,3.7694013303769403,9.090909090909092,87.13968957871397,7.760532150776053,79.37915742793791
E00057638,321,57,12,45,264,21,243,17.75700934579439,3.7383177570093453,14.018691588785046,82.2429906542056,6.5420560747663545,75.70093457943925
E00057639,486,91,40,51,395,40,355,18.72427983539095,8.23045267489712,10.493827160493826,81.27572016460906,8.23045267489712,73.04526748971193
E00057641,304,67,20,47,237,23,214,22.039473684210524,6.578947368421052,15.460526315789474,77.96052631578947,7.565789473684211,70.39473684210526
E00057642,473,84,26,58,389,43,346,17.758985200845668,5.496828752642706,12.26215644820296,82.24101479915433,9.090909090909092,73.15010570824523
E00057643,394,54,12,42,340,36,304,13.705583756345177,3.0456852791878175,10.65989847715736,86.29441624365482,9.137055837563452,77.15736040609137
E00057646,404,58,15,43,346,28,318,14.356435643564355,3.7128712871287126,10.643564356435643,85.64356435643565,6.9306930693069315,78.71287128712872
E00057647,309,65,5,60,244,26,218,21.035598705501616,1.6181229773462782,19.41747572815534,78.96440129449837,8.414239482200648,70.55016181229773
E00057648,625,76,11,65,549,51,498,12.16,1.76,10.4,87.83999999999999,8.16,79.67999999999999
E00057649,504,65,20,45,439,40,399,12.896825396825399,3.968253968253968,8.928571428571429,87.10317460317461,7.936507936507936,79.16666666666666
E00057650,617,77,11,66,540,59,481,12.479740680713128,1.7828200972447326,10.696920583468396,87.52025931928688,9.562398703403566,77.9578606158833
E00057651,429,62,11,51,367,19,348,14.452214452214452,2.564102564102564,11.888111888111888,85.54778554778555,4.428904428904429,81.11888111888112
E00057652,462,58,4,54,404,31,373,12.554112554112553,0.8658008658008658,11.688311688311687,87.44588744588745,6.70995670995671,80.73593073593074
E00057653,320,47,11,36,273,25,248,14.6875,3.4375000000000004,11.25,85.3125,7.8125,77.5
E00057654,381,44,9,35,337,53,284,11.548556430446194,2.3622047244094486,9.186351706036746,88.4514435695538,13.910761154855644,74.54068241469817
E00057655,343,44,12,32,299,23,276,12.82798833819242,3.498542274052478,9.329446064139942,87.17201166180757,6.705539358600583,80.466472303207
E00057656,116,20,7,13,96,8,88,17.24137931034483,6.0344827586206895,11.206896551724139,82.75862068965517,6.896551724137931,75.86206896551724
E00057657,377,47,13,34,330,26,304,12.46684350132626,3.4482758620689653,9.018567639257293,87.53315649867373,6.896551724137931,80.63660477453581
E00057658,428,46,9,37,382,39,343,10.74766355140187,2.102803738317757,8.644859813084112,89.25233644859813,9.11214953271028,80.14018691588785
E00057659,396,55,12,43,341,27,314,13.88888888888889,3.0303030303030303,10.85858585858586,86.11111111111111,6.8181818181818175,79.29292929292929
E00057660,143,19,5,14,124,9,115,13.286713286713287,3.4965034965034967,9.79020979020979,86.7132867132867,6.293706293706294,80.41958041958041
E00057661,600,85,23,62,515,38,477,14.166666666666666,3.833333333333333,10.333333333333334,85.83333333333333,6.333333333333334,79.5
E00057662,387,72,16,56,315,35,280,18.6046511627907,4.1343669250646,14.470284237726098,81.3953488372093,9.043927648578812,72.3514211886305
E00057663,456,77,11,66,379,35,344,16.885964912280702,2.4122807017543857,14.473684210526317,83.1140350877193,7.675438596491229,75.43859649122807
E00057664,368,41,4,37,327,24,303,11.141304347826086,1.0869565217391304,10.054347826086957,88.8586956521739,6.521739130434782,82.33695652173914
E00057665,315,59,15,44,256,23,233,18.73015873015873,4.761904761904762,13.968253968253968,81.26984126984127,7.301587301587302,73.96825396825398
E00057666,350,54,12,42,296,31,265,15.428571428571427,3.428571428571429,12,84.57142857142857,8.857142857142856,75.71428571428571
E00057667,196,35,14,21,161,17,144,17.857142857142858,7.142857142857142,10.714285714285714,82.14285714285714,8.673469387755102,73.46938775510205
E00057668,196,42,13,29,154,17,137,21.428571428571427,6.63265306122449,14.795918367346939,78.57142857142857,8.673469387755102,69.89795918367348
E00057669,292,53,10,43,239,22,217,18.15068493150685,3.4246575342465753,14.726027397260275,81.84931506849315,7.534246575342466,74.31506849315068
E00057670,182,39,14,25,143,15,128,21.428571428571427,7.6923076923076925,13.736263736263737,78.57142857142857,8.241758241758241,70.32967032967034
E00057671,158,44,20,24,114,12,102,27.848101265822784,12.658227848101266,15.18987341772152,72.15189873417721,7.59493670886076,64.55696202531645
E00057672,288,107,68,39,181,16,165,37.15277777777778,23.61111111111111,13.541666666666666,62.84722222222222,5.555555555555555,57.291666666666664
E00057673,362,68,26,42,294,43,251,18.784530386740332,7.18232044198895,11.602209944751381,81.21546961325967,11.878453038674033,69.33701657458563
E00057674,205,37,11,26,168,20,148,18.048780487804876,5.365853658536586,12.682926829268293,81.95121951219512,9.75609756097561,72.1951219512195
E00057675,220,59,28,31,161,8,153,26.81818181818182,12.727272727272727,14.09090909090909,73.18181818181819,3.6363636363636362,69.54545454545455
E00057676,272,58,40,18,214,14,200,21.323529411764707,14.705882352941178,6.61764705882353,78.67647058823529,5.147058823529411,73.52941176470588
E00057679,230,22,6,16,208,19,189,9.565217391304348,2.608695652173913,6.956521739130435,90.43478260869566,8.26086956521739,82.17391304347827
E00057680,268,114,72,42,154,26,128,42.53731343283582,26.865671641791046,15.671641791044777,57.46268656716418,9.701492537313433,47.76119402985074
E00057681,488,111,54,57,377,44,333,22.74590163934426,11.065573770491802,11.68032786885246,77.25409836065575,9.01639344262295,68.23770491803278
E00057682,400,71,12,59,329,35,294,17.75,3,14.75,82.25,8.75,73.5
E00057683,226,28,8,20,198,24,174,12.389380530973451,3.5398230088495577,8.849557522123893,87.61061946902655,10.619469026548673,76.99115044247787
E00057684,172,24,8,16,148,15,133,13.953488372093023,4.651162790697675,9.30232558139535,86.04651162790698,8.720930232558139,77.32558139534885
E00057685,193,46,18,28,147,14,133,23.83419689119171,9.32642487046632,14.507772020725387,76.16580310880829,7.253886010362693,68.9119170984456
E00057686,436,47,11,36,389,43,346,10.77981651376147,2.522935779816514,8.256880733944955,89.22018348623854,9.862385321100918,79.35779816513761
E00057687,212,24,3,21,188,22,166,11.320754716981133,1.4150943396226416,9.90566037735849,88.67924528301887,10.377358490566039,78.30188679245283
E00057689,424,61,18,43,363,35,328,14.38679245283019,4.245283018867925,10.141509433962264,85.61320754716981,8.254716981132075,77.35849056603774
E00057690,393,59,12,47,334,31,303,15.012722646310433,3.0534351145038165,11.959287531806616,84.98727735368958,7.888040712468193,77.09923664122137
E00057691,321,42,9,33,279,23,256,13.084112149532709,2.803738317757009,10.2803738317757,86.91588785046729,7.165109034267912,79.75077881619937
E00057692,351,40,9,31,311,27,284,11.396011396011396,2.564102564102564,8.831908831908832,88.6039886039886,7.6923076923076925,80.91168091168092
E00057693,266,52,9,43,214,18,196,19.548872180451127,3.3834586466165413,16.165413533834585,80.45112781954887,6.7669172932330826,73.68421052631578
E00057695,260,32,11,21,228,23,205,12.307692307692308,4.230769230769231,8.076923076923077,87.6923076923077,8.846153846153847,78.84615384615384
E00057696,276,32,7,25,244,24,220,11.594202898550725,2.536231884057971,9.057971014492754,88.40579710144928,8.695652173913043,79.71014492753623
E00057697,299,44,8,36,255,27,228,14.715719063545151,2.6755852842809364,12.040133779264215,85.28428093645485,9.03010033444816,76.2541806020067
E00057698,339,50,21,29,289,27,262,14.749262536873156,6.1946902654867255,8.55457227138643,85.25073746312685,7.964601769911504,77.28613569321534
E00057699,267,43,3,40,224,24,200,16.10486891385768,1.1235955056179776,14.981273408239701,83.89513108614233,8.98876404494382,74.90636704119851
E00057700,454,70,12,58,384,41,343,15.418502202643172,2.643171806167401,12.77533039647577,84.58149779735683,9.030837004405285,75.55066079295155
E00057701,270,54,16,38,216,15,201,20,5.9259259259259265,14.074074074074074,80,5.555555555555555,74.44444444444444
E00057702,303,47,14,33,256,29,227,15.51155115511551,4.62046204620462,10.891089108910892,84.48844884488449,9.570957095709572,74.91749174917491
E00057703,550,73,10,63,477,32,445,13.272727272727272,1.8181818181818181,11.454545454545455,86.72727272727273,5.818181818181818,80.9090909090909
E00057704,258,41,8,33,217,18,199,15.891472868217054,3.10077519379845,12.790697674418606,84.10852713178295,6.976744186046512,77.13178294573643
E00057705,377,74,51,23,303,34,269,19.628647214854112,13.527851458885943,6.10079575596817,80.37135278514589,9.018567639257293,71.3527851458886
E00057706,280,29,12,17,251,22,229,10.357142857142858,4.285714285714286,6.071428571428571,89.64285714285715,7.857142857142857,81.78571428571428
E00057707,275,23,8,15,252,29,223,8.363636363636363,2.909090909090909,5.454545454545454,91.63636363636364,10.545454545454545,81.0909090909091
E00057708,340,34,10,24,306,18,288,10,2.941176470588235,7.0588235294117645,90,5.294117647058823,84.70588235294117
E00057709,358,39,6,33,319,29,290,10.893854748603351,1.675977653631285,9.217877094972067,89.10614525139665,8.100558659217876,81.00558659217877
E00057710,333,45,11,34,288,30,258,13.513513513513514,3.303303303303303,10.21021021021021,86.48648648648648,9.00900900900901,77.47747747747748
E00057711,330,38,10,28,292,31,261,11.515151515151516,3.0303030303030303,8.484848484848486,88.48484848484848,9.393939393939393,79.0909090909091
E00057712,501,37,11,26,464,44,420,7.385229540918163,2.19560878243513,5.189620758483033,92.61477045908184,8.78243512974052,83.8323353293413
E00057713,293,37,12,25,256,21,235,12.627986348122866,4.09556313993174,8.532423208191126,87.37201365187714,7.167235494880546,80.2047781569966
E00057714,296,43,18,25,253,23,230,14.527027027027026,6.081081081081082,8.445945945945946,85.47297297297297,7.77027027027027,77.7027027027027
E00057715,274,33,11,22,241,31,210,12.043795620437956,4.014598540145985,8.02919708029197,87.95620437956204,11.313868613138686,76.64233576642336
E00057716,368,47,16,31,321,35,286,12.771739130434783,4.3478260869565215,8.423913043478262,87.22826086956522,9.510869565217392,77.71739130434783
E00057717,292,50,18,32,242,31,211,17.123287671232877,6.164383561643835,10.95890410958904,82.87671232876713,10.616438356164384,72.26027397260275
E00057718,360,61,22,39,299,32,267,16.944444444444446,6.111111111111111,10.833333333333334,83.05555555555556,8.88888888888889,74.16666666666667
E00057719,311,52,24,28,259,17,242,16.720257234726688,7.717041800643088,9.003215434083602,83.27974276527331,5.466237942122187,77.81350482315112
E00057720,282,55,27,28,227,21,206,19.50354609929078,9.574468085106384,9.929078014184398,80.49645390070921,7.446808510638298,73.04964539007092
E00057721,318,19,3,16,299,34,265,5.9748427672955975,0.9433962264150944,5.031446540880504,94.0251572327044,10.69182389937107,83.33333333333334
E00057722,391,46,10,36,345,26,319,11.76470588235294,2.557544757033248,9.207161125319693,88.23529411764706,6.649616368286446,81.58567774936061
E00057723,374,33,11,22,341,36,305,8.823529411764707,2.941176470588235,5.88235294117647,91.17647058823529,9.62566844919786,81.55080213903744
E00057724,312,27,6,21,285,31,254,8.653846153846153,1.9230769230769231,6.730769230769231,91.34615384615384,9.935897435897436,81.41025641025641
E00057725,289,58,21,37,231,33,198,20.069204152249135,7.26643598615917,12.802768166089965,79.93079584775087,11.418685121107266,68.5121107266436
E00057727,481,41,11,30,440,45,395,8.523908523908524,2.2869022869022873,6.237006237006238,91.47609147609148,9.355509355509357,82.12058212058211
E00057728,336,48,15,33,288,25,263,14.285714285714285,4.464285714285714,9.821428571428571,85.71428571428571,7.440476190476191,78.27380952380952
E00057729,293,39,11,28,254,14,240,13.310580204778159,3.754266211604096,9.556313993174061,86.68941979522185,4.778156996587031,81.91126279863481
E00057730,233,26,6,20,207,19,188,11.158798283261802,2.575107296137339,8.583690987124463,88.8412017167382,8.15450643776824,80.68669527896995
E00057731,363,34,4,30,329,28,301,9.366391184573002,1.1019283746556474,8.264462809917356,90.633608815427,7.7134986225895315,82.92011019283747
E00057732,430,66,29,37,364,35,329,15.348837209302326,6.744186046511628,8.604651162790699,84.65116279069768,8.13953488372093,76.51162790697674
E00057733,348,39,6,33,309,33,276,11.206896551724139,1.7241379310344827,9.482758620689655,88.79310344827587,9.482758620689655,79.3103448275862
E00057734,373,56,23,33,317,38,279,15.013404825737265,6.166219839142091,8.847184986595174,84.98659517426273,10.187667560321715,74.79892761394102
E00057735,444,70,23,47,374,24,350,15.765765765765765,5.18018018018018,10.585585585585585,84.23423423423422,5.405405405405405,78.82882882882883
E00057736,252,38,10,28,214,27,187,15.079365079365079,3.968253968253968,11.11111111111111,84.92063492063492,10.714285714285714,74.20634920634922
E00057737,299,42,14,28,257,29,228,14.046822742474916,4.682274247491638,9.364548494983277,85.95317725752508,9.698996655518394,76.2541806020067
E00057738,530,66,13,53,464,43,421,12.452830188679245,2.4528301886792456,10,87.54716981132076,8.11320754716981,79.43396226415095
E00057739,351,50,12,38,301,31,270,14.245014245014245,3.418803418803419,10.826210826210826,85.75498575498575,8.831908831908832,76.92307692307693
E00057740,583,94,25,69,489,50,439,16.123499142367066,4.288164665523156,11.83533447684391,83.87650085763293,8.576329331046312,75.30017152658662
E00057741,315,30,12,18,285,24,261,9.523809523809524,3.8095238095238098,5.714285714285714,90.47619047619048,7.6190476190476195,82.85714285714286
E00057742,364,40,12,28,324,29,295,10.989010989010989,3.296703296703297,7.6923076923076925,89.01098901098901,7.967032967032966,81.04395604395604
E00057743,237,34,13,21,203,13,190,14.345991561181433,5.485232067510549,8.860759493670885,85.65400843881856,5.485232067510549,80.16877637130801
E00057744,331,45,13,32,286,19,267,13.595166163141995,3.927492447129909,9.667673716012084,86.404833836858,5.740181268882175,80.66465256797582
E00057745,277,32,14,18,245,17,228,11.552346570397113,5.054151624548736,6.4981949458483745,88.4476534296029,6.137184115523466,82.31046931407943
E00057746,278,84,36,48,194,9,185,30.215827338129497,12.949640287769784,17.26618705035971,69.7841726618705,3.237410071942446,66.54676258992805
E00057747,288,38,10,28,250,25,225,13.194444444444445,3.4722222222222223,9.722222222222223,86.80555555555556,8.680555555555555,78.125
E00057748,306,55,16,39,251,24,227,17.973856209150327,5.228758169934641,12.745098039215685,82.02614379084967,7.8431372549019605,74.18300653594771
E00057749,215,29,3,26,186,26,160,13.488372093023257,1.3953488372093024,12.093023255813954,86.51162790697674,12.093023255813954,74.4186046511628
E00057751,243,41,13,28,202,21,181,16.872427983539097,5.349794238683128,11.522633744855968,83.1275720164609,8.641975308641975,74.48559670781893
E00057752,289,53,20,33,236,30,206,18.33910034602076,6.920415224913495,11.418685121107266,81.66089965397923,10.380622837370241,71.280276816609
E00057753,235,39,12,27,196,24,172,16.595744680851062,5.106382978723404,11.48936170212766,83.40425531914893,10.212765957446807,73.19148936170212
E00057754,297,48,12,36,249,27,222,16.161616161616163,4.040404040404041,12.121212121212121,83.83838383838383,9.090909090909092,74.74747474747475
E00057755,317,67,31,36,250,28,222,21.13564668769716,9.779179810725552,11.35646687697161,78.86435331230284,8.832807570977918,70.03154574132492
E00057756,244,32,9,23,212,30,182,13.114754098360656,3.6885245901639343,9.426229508196721,86.88524590163934,12.295081967213115,74.59016393442623
E00057757,238,57,28,29,181,14,167,23.949579831932773,11.76470588235294,12.184873949579831,76.05042016806722,5.88235294117647,70.16806722689076
E00057758,357,74,33,41,283,29,254,20.72829131652661,9.243697478991598,11.484593837535014,79.27170868347339,8.123249299719888,71.1484593837535
E00057759,228,48,21,27,180,26,154,21.052631578947366,9.210526315789473,11.842105263157894,78.94736842105263,11.403508771929824,67.54385964912281
E00057760,248,65,32,33,183,15,168,26.209677419354836,12.903225806451612,13.306451612903224,73.79032258064517,6.048387096774194,67.74193548387096
E00057761,278,41,14,27,237,23,214,14.748201438848922,5.0359712230215825,9.712230215827338,85.25179856115108,8.273381294964029,76.97841726618705
E00057762,350,56,20,36,294,23,271,16,5.714285714285714,10.285714285714285,84,6.571428571428571,77.42857142857143
E00057763,322,36,13,23,286,24,262,11.180124223602485,4.037267080745342,7.142857142857142,88.81987577639751,7.453416149068323,81.36645962732919
E00057764,364,70,26,44,294,21,273,19.230769230769234,7.142857142857142,12.087912087912088,80.76923076923077,5.769230769230769,75
E00057765,314,64,14,50,250,35,215,20.382165605095544,4.45859872611465,15.92356687898089,79.61783439490446,11.146496815286625,68.47133757961782
E00057766,303,35,14,21,268,29,239,11.55115511551155,4.62046204620462,6.9306930693069315,88.44884488448845,9.570957095709572,78.87788778877888
E00057767,266,39,13,26,227,23,204,14.661654135338345,4.887218045112782,9.774436090225564,85.33834586466166,8.646616541353383,76.69172932330827
E00057768,335,65,28,37,270,26,244,19.402985074626866,8.358208955223882,11.044776119402986,80.59701492537313,7.761194029850746,72.83582089552239
E00057769,344,50,17,33,294,31,263,14.534883720930234,4.941860465116279,9.593023255813954,85.46511627906976,9.011627906976743,76.45348837209302
E00057770,300,46,23,23,254,27,227,15.333333333333332,7.666666666666666,7.666666666666666,84.66666666666667,9,75.66666666666667
E00057771,255,19,3,16,236,22,214,7.450980392156863,1.1764705882352942,6.2745098039215685,92.54901960784314,8.627450980392156,83.92156862745098
E00057772,276,75,33,42,201,23,178,27.173913043478258,11.956521739130435,15.217391304347828,72.82608695652173,8.333333333333332,64.4927536231884
E00057773,279,31,9,22,248,25,223,11.11111111111111,3.225806451612903,7.885304659498208,88.88888888888889,8.960573476702509,79.92831541218638
E00057774,253,34,12,22,219,23,196,13.438735177865613,4.743083003952568,8.695652173913043,86.56126482213439,9.090909090909092,77.4703557312253
E00057775,302,69,28,41,233,19,214,22.8476821192053,9.271523178807946,13.57615894039735,77.15231788079471,6.291390728476822,70.86092715231787
E00057776,302,63,35,28,239,12,227,20.86092715231788,11.589403973509933,9.271523178807946,79.13907284768213,3.9735099337748347,75.16556291390728
E00057777,266,61,35,26,205,14,191,22.932330827067666,13.157894736842104,9.774436090225564,77.06766917293233,5.263157894736842,71.80451127819549
E00057778,296,73,36,37,223,15,208,24.66216216216216,12.162162162162163,12.5,75.33783783783784,5.0675675675675675,70.27027027027027
E00057779,361,112,66,46,249,9,240,31.024930747922436,18.282548476454295,12.742382271468145,68.97506925207756,2.4930747922437675,66.4819944598338
E00057780,314,65,22,43,249,21,228,20.70063694267516,7.006369426751593,13.694267515923567,79.29936305732484,6.687898089171974,72.61146496815286
E00057781,260,58,27,31,202,14,188,22.30769230769231,10.384615384615385,11.923076923076923,77.6923076923077,5.384615384615385,72.3076923076923
E00057782,337,71,32,39,266,16,250,21.068249258160236,9.495548961424333,11.572700296735905,78.93175074183976,4.747774480712167,74.1839762611276
E00057783,365,79,31,48,286,7,279,21.643835616438356,8.493150684931507,13.150684931506849,78.35616438356165,1.9178082191780823,76.43835616438356
E00057784,335,65,36,29,270,16,254,19.402985074626866,10.746268656716417,8.656716417910449,80.59701492537313,4.776119402985075,75.82089552238806
E00057785,367,106,37,69,261,24,237,28.882833787465938,10.08174386920981,18.80108991825613,71.11716621253406,6.539509536784741,64.57765667574932
E00057786,304,56,29,27,248,14,234,18.421052631578945,9.539473684210527,8.881578947368421,81.57894736842105,4.605263157894736,76.97368421052632
E00057787,523,190,142,48,333,24,309,36.32887189292543,27.151051625239003,9.177820267686425,63.67112810707457,4.588910133843212,59.08221797323135
E00057788,341,86,32,54,255,16,239,25.219941348973606,9.3841642228739,15.835777126099707,74.7800586510264,4.69208211143695,70.08797653958945
E00057789,273,72,36,36,201,8,193,26.373626373626376,13.186813186813188,13.186813186813188,73.62637362637363,2.93040293040293,70.6959706959707
E00057790,199,27,7,20,172,10,162,13.5678391959799,3.5175879396984926,10.050251256281408,86.4321608040201,5.025125628140704,81.4070351758794
E00057791,313,83,43,40,230,11,219,26.517571884984026,13.738019169329075,12.779552715654951,73.48242811501598,3.5143769968051117,69.96805111821087
E00057792,280,55,16,39,225,19,206,19.642857142857142,5.714285714285714,13.928571428571429,80.35714285714286,6.785714285714286,73.57142857142858
E00057793,262,67,42,25,195,14,181,25.572519083969464,16.030534351145036,9.541984732824428,74.42748091603053,5.343511450381679,69.08396946564885
E00057794,252,85,41,44,167,18,149,33.730158730158735,16.26984126984127,17.46031746031746,66.26984126984127,7.142857142857142,59.12698412698413
E00057795,313,44,16,28,269,25,244,14.057507987220447,5.111821086261981,8.945686900958465,85.94249201277955,7.987220447284344,77.95527156549521
E00057796,220,38,15,23,182,19,163,17.272727272727273,6.8181818181818175,10.454545454545453,82.72727272727273,8.636363636363637,74.0909090909091
E00057797,368,55,28,27,313,18,295,14.945652173913043,7.608695652173914,7.336956521739131,85.05434782608695,4.891304347826087,80.16304347826086
E00057798,331,75,39,36,256,24,232,22.658610271903324,11.782477341389729,10.876132930513595,77.34138972809667,7.250755287009064,70.09063444108762
E00057799,195,41,20,21,154,13,141,21.025641025641026,10.256410256410255,10.76923076923077,78.97435897435898,6.666666666666667,72.3076923076923
E00057800,249,54,31,23,195,13,182,21.686746987951807,12.449799196787147,9.236947791164658,78.3132530120482,5.220883534136546,73.09236947791165
E00057801,298,55,24,31,243,15,228,18.456375838926174,8.053691275167784,10.40268456375839,81.54362416107382,5.033557046979865,76.51006711409396
E00057802,165,37,20,17,128,5,123,22.424242424242426,12.121212121212121,10.303030303030303,77.57575757575758,3.0303030303030303,74.54545454545455
E00057803,304,82,47,35,222,12,210,26.973684210526315,15.460526315789474,11.513157894736842,73.02631578947368,3.9473684210526314,69.07894736842105
E00057804,305,50,22,28,255,19,236,16.39344262295082,7.213114754098362,9.180327868852459,83.60655737704919,6.229508196721312,77.37704918032787
E00057805,309,61,35,26,248,17,231,19.741100323624593,11.326860841423949,8.414239482200648,80.2588996763754,5.501618122977346,74.75728155339806
E00057806,455,82,33,49,373,21,352,18.021978021978022,7.252747252747254,10.76923076923077,81.97802197802197,4.615384615384616,77.36263736263737
E00057807,183,58,33,25,125,9,116,31.693989071038253,18.0327868852459,13.661202185792352,68.30601092896174,4.918032786885246,63.387978142076506
E00057808,387,79,42,37,308,11,297,20.41343669250646,10.852713178294573,9.560723514211885,79.58656330749353,2.842377260981912,76.74418604651163
E00057809,215,29,16,13,186,17,169,13.488372093023257,7.441860465116279,6.046511627906977,86.51162790697674,7.906976744186046,78.6046511627907
E00057810,330,56,26,30,274,23,251,16.969696969696972,7.878787878787878,9.090909090909092,83.03030303030303,6.969696969696971,76.06060606060606
E00057811,350,71,26,45,279,16,263,20.285714285714285,7.428571428571429,12.857142857142856,79.71428571428572,4.571428571428571,75.14285714285714
E00057812,242,55,25,30,187,14,173,22.727272727272727,10.330578512396695,12.396694214876034,77.27272727272727,5.785123966942149,71.48760330578511
E00057813,263,41,18,23,222,12,210,15.5893536121673,6.844106463878327,8.745247148288973,84.4106463878327,4.562737642585551,79.84790874524715
E00057814,345,61,33,28,284,20,264,17.681159420289855,9.565217391304348,8.115942028985506,82.31884057971014,5.797101449275362,76.52173913043478
E00057815,285,45,21,24,240,22,218,15.789473684210526,7.368421052631578,8.421052631578947,84.21052631578947,7.719298245614035,76.49122807017544
E00057816,316,53,29,24,263,18,245,16.77215189873418,9.177215189873419,7.59493670886076,83.22784810126582,5.69620253164557,77.53164556962025
E00057817,334,61,29,32,273,11,262,18.263473053892216,8.682634730538922,9.580838323353294,81.73652694610777,3.293413173652695,78.44311377245509
E00057818,255,64,29,35,191,12,179,25.098039215686274,11.372549019607844,13.725490196078432,74.90196078431373,4.705882352941177,70.19607843137254
E00057819,332,66,30,36,266,15,251,19.879518072289155,9.036144578313253,10.843373493975903,80.12048192771084,4.518072289156627,75.6024096385542
E00057820,244,66,33,33,178,13,165,27.049180327868854,13.524590163934427,13.524590163934427,72.95081967213115,5.327868852459016,67.62295081967213
E00057821,239,48,22,26,191,18,173,20.0836820083682,9.205020920502092,10.87866108786611,79.9163179916318,7.531380753138076,72.38493723849372
E00057822,341,74,36,38,267,14,253,21.700879765395893,10.557184750733137,11.143695014662756,78.2991202346041,4.105571847507331,74.19354838709677
E00057823,311,70,34,36,241,18,223,22.508038585209004,10.932475884244374,11.57556270096463,77.491961414791,5.787781350482315,71.70418006430869
E00057824,318,64,41,23,254,19,235,20.125786163522015,12.89308176100629,7.232704402515723,79.87421383647799,5.9748427672955975,73.89937106918238
E00057826,235,30,14,16,205,13,192,12.76595744680851,5.957446808510639,6.808510638297872,87.2340425531915,5.531914893617021,81.70212765957446
E00057827,347,73,44,29,274,12,262,21.037463976945244,12.680115273775217,8.357348703170029,78.96253602305475,3.45821325648415,75.50432276657061
E00057829,222,52,28,24,170,8,162,23.423423423423422,12.612612612612612,10.81081081081081,76.57657657657657,3.6036036036036037,72.97297297297297
E00057830,233,45,21,24,188,12,176,19.313304721030043,9.012875536480687,10.300429184549357,80.68669527896995,5.150214592274678,75.53648068669528
E00057831,294,64,32,32,230,19,211,21.768707482993197,10.884353741496598,10.884353741496598,78.2312925170068,6.462585034013606,71.7687074829932
E00057832,376,67,21,46,309,23,286,17.819148936170212,5.585106382978723,12.23404255319149,82.18085106382979,6.117021276595745,76.06382978723404
E00057833,398,74,18,56,324,30,294,18.592964824120603,4.522613065326634,14.07035175879397,81.4070351758794,7.537688442211055,73.86934673366834
E00057834,324,62,35,27,262,28,234,19.1358024691358,10.802469135802468,8.333333333333332,80.8641975308642,8.641975308641975,72.22222222222221
E00057835,361,78,32,46,283,18,265,21.60664819944598,8.86426592797784,12.742382271468145,78.39335180055402,4.986149584487535,73.40720221606648
E00057838,327,67,26,41,260,23,237,20.489296636085626,7.951070336391437,12.538226299694188,79.51070336391437,7.033639143730887,72.47706422018348
E00057839,304,55,21,34,249,33,216,18.092105263157894,6.907894736842106,11.18421052631579,81.9078947368421,10.855263157894738,71.05263157894737
E00057840,337,61,33,28,276,28,248,18.100890207715135,9.792284866468842,8.30860534124629,81.89910979228486,8.30860534124629,73.59050445103857
E00057841,357,82,45,37,275,13,262,22.969187675070028,12.605042016806722,10.364145658263306,77.03081232492998,3.6414565826330536,73.38935574229691
E00057842,242,38,10,28,204,25,179,15.702479338842975,4.132231404958678,11.570247933884298,84.29752066115702,10.330578512396695,73.96694214876032
E00057843,314,77,35,42,237,21,216,24.522292993630572,11.146496815286625,13.375796178343949,75.47770700636943,6.687898089171974,68.78980891719745
E00057844,309,39,10,29,270,19,251,12.62135922330097,3.2362459546925564,9.385113268608414,87.37864077669903,6.148867313915858,81.22977346278317
E00057845,341,48,16,32,293,20,273,14.076246334310852,4.69208211143695,9.3841642228739,85.92375366568915,5.865102639296188,80.05865102639295
E00057846,292,59,16,43,233,28,205,20.205479452054796,5.47945205479452,14.726027397260275,79.7945205479452,9.58904109589041,70.2054794520548
E00057847,256,35,10,25,221,19,202,13.671875,3.90625,9.765625,86.328125,7.421875,78.90625
E00057848,269,46,7,39,223,24,199,17.100371747211895,2.6022304832713754,14.49814126394052,82.8996282527881,8.921933085501859,73.97769516728626
E00057849,472,76,29,47,396,32,364,16.101694915254235,6.1440677966101696,9.957627118644067,83.89830508474576,6.779661016949152,77.11864406779661
E00057850,250,41,12,29,209,24,185,16.400000000000002,4.8,11.600000000000001,83.6,9.6,74
E00057851,287,48,7,41,239,31,208,16.72473867595819,2.4390243902439024,14.285714285714285,83.27526132404182,10.801393728222997,72.47386759581882
E00057852,374,57,10,47,317,43,274,15.240641711229946,2.6737967914438503,12.566844919786096,84.75935828877004,11.497326203208557,73.2620320855615
E00057853,216,61,35,26,155,6,149,28.240740740740737,16.203703703703702,12.037037037037036,71.75925925925925,2.7777777777777777,68.98148148148148
E00057854,449,90,29,61,359,47,312,20.044543429844097,6.45879732739421,13.585746102449889,79.9554565701559,10.46770601336303,69.48775055679288
E00057855,352,50,22,28,302,28,274,14.204545454545455,6.25,7.954545454545454,85.79545454545455,7.954545454545454,77.8409090909091
E00057856,247,69,32,37,178,17,161,27.93522267206478,12.955465587044534,14.979757085020243,72.06477732793523,6.882591093117409,65.18218623481782
E00057857,280,44,13,31,236,26,210,15.714285714285714,4.642857142857143,11.071428571428571,84.28571428571429,9.285714285714286,75
E00057858,295,49,22,27,246,15,231,16.610169491525422,7.457627118644068,9.152542372881356,83.38983050847457,5.084745762711865,78.30508474576271
E00057859,471,83,42,41,388,24,364,17.62208067940552,8.9171974522293,8.70488322717622,82.37791932059449,5.095541401273886,77.2823779193206
E00057860,333,72,46,26,261,25,236,21.62162162162162,13.813813813813812,7.807807807807808,78.37837837837837,7.5075075075075075,70.87087087087087
E00057861,272,59,30,29,213,21,192,21.691176470588236,11.029411764705882,10.661764705882353,78.30882352941177,7.720588235294118,70.58823529411765
E00057862,348,77,44,33,271,20,251,22.126436781609197,12.643678160919542,9.482758620689655,77.87356321839081,5.747126436781609,72.12643678160919
E00057863,253,51,28,23,202,12,190,20.158102766798418,11.067193675889328,9.090909090909092,79.84189723320159,4.743083003952568,75.09881422924902
E00057864,353,68,28,40,285,35,250,19.263456090651555,7.932011331444759,11.3314447592068,80.73654390934844,9.91501416430595,70.82152974504248
E00057865,284,70,30,40,214,12,202,24.647887323943664,10.56338028169014,14.084507042253522,75.35211267605634,4.225352112676056,71.12676056338029
E00057866,362,88,56,32,274,16,258,24.30939226519337,15.469613259668508,8.83977900552486,75.69060773480662,4.41988950276243,71.27071823204419
E00057867,337,64,33,31,273,14,259,18.991097922848667,9.792284866468842,9.198813056379821,81.00890207715133,4.154302670623145,76.8545994065282
E00057868,284,36,15,21,248,32,216,12.676056338028168,5.28169014084507,7.394366197183098,87.32394366197182,11.267605633802818,76.05633802816901
E00057869,327,65,35,30,262,18,244,19.877675840978593,10.703363914373089,9.174311926605505,80.1223241590214,5.5045871559633035,74.61773700305811
E00057871,284,30,8,22,254,29,225,10.56338028169014,2.8169014084507045,7.746478873239436,89.43661971830986,10.211267605633804,79.22535211267606
E00057872,220,34,13,21,186,17,169,15.454545454545453,5.909090909090909,9.545454545454547,84.54545454545455,7.727272727272727,76.81818181818181
E00057873,300,55,16,39,245,29,216,18.333333333333332,5.333333333333334,13,81.66666666666667,9.666666666666666,72
E00057874,237,41,12,29,196,21,175,17.29957805907173,5.063291139240507,12.236286919831224,82.70042194092827,8.860759493670885,73.83966244725738
E00057875,410,101,44,57,309,35,274,24.634146341463413,10.731707317073171,13.902439024390246,75.36585365853658,8.536585365853659,66.82926829268293
E00057876,385,86,40,46,299,18,281,22.337662337662337,10.38961038961039,11.948051948051948,77.66233766233766,4.675324675324675,72.98701298701299
E00057877,234,50,27,23,184,14,170,21.367521367521366,11.538461538461538,9.82905982905983,78.63247863247864,5.982905982905983,72.64957264957265
E00057878,293,31,5,26,262,23,239,10.580204778156997,1.7064846416382253,8.873720136518772,89.419795221843,7.849829351535837,81.56996587030717
E00057879,331,55,15,40,276,39,237,16.61631419939577,4.531722054380665,12.084592145015106,83.38368580060424,11.782477341389729,71.6012084592145
E00057880,216,68,36,32,148,16,132,31.48148148148148,16.666666666666664,14.814814814814813,68.51851851851852,7.4074074074074066,61.111111111111114
E00057881,265,38,11,27,227,26,201,14.339622641509434,4.150943396226415,10.18867924528302,85.66037735849056,9.811320754716983,75.84905660377359
E00057882,256,39,4,35,217,34,183,15.234375,1.5625,13.671875,84.765625,13.28125,71.484375
E00057883,259,53,15,38,206,26,180,20.463320463320464,5.7915057915057915,14.671814671814673,79.53667953667953,10.038610038610038,69.4980694980695
E00057884,319,34,8,26,285,25,260,10.658307210031348,2.507836990595611,8.150470219435736,89.34169278996865,7.836990595611286,81.50470219435736
E00057885,406,63,18,45,343,30,313,15.517241379310345,4.433497536945813,11.083743842364532,84.48275862068965,7.389162561576355,77.0935960591133
E00057887,484,77,33,44,407,29,378,15.909090909090908,6.8181818181818175,9.090909090909092,84.0909090909091,5.991735537190083,78.099173553719
E00057888,181,58,26,32,123,20,103,32.04419889502763,14.3646408839779,17.67955801104972,67.95580110497238,11.049723756906078,56.9060773480663
E00057889,380,79,28,51,301,17,284,20.789473684210527,7.368421052631578,13.421052631578947,79.21052631578948,4.473684210526316,74.73684210526315
E00057891,459,81,17,64,378,36,342,17.647058823529413,3.7037037037037033,13.943355119825709,82.35294117647058,7.8431372549019605,74.50980392156863
E00057892,308,53,16,37,255,32,223,17.20779220779221,5.194805194805195,12.012987012987013,82.79220779220779,10.38961038961039,72.40259740259741
E00057893,287,54,17,37,233,22,211,18.81533101045296,5.923344947735192,12.89198606271777,81.18466898954703,7.665505226480835,73.5191637630662
E00057894,414,62,12,50,352,33,319,14.975845410628018,2.898550724637681,12.077294685990339,85.02415458937197,7.971014492753622,77.05314009661835
E00057895,246,59,20,39,187,21,166,23.983739837398375,8.130081300813007,15.853658536585366,76.01626016260163,8.536585365853659,67.47967479674797
E00057896,259,43,11,32,216,21,195,16.602316602316602,4.247104247104247,12.355212355212355,83.3976833976834,8.108108108108109,75.2895752895753
E00057897,317,74,26,48,243,27,216,23.34384858044164,8.201892744479496,15.141955835962145,76.65615141955836,8.517350157728707,68.13880126182966
E00057898,356,61,16,45,295,26,269,17.134831460674157,4.49438202247191,12.640449438202248,82.86516853932584,7.303370786516854,75.56179775280899
E00057899,275,46,16,30,229,28,201,16.727272727272727,5.818181818181818,10.909090909090908,83.27272727272728,10.181818181818182,73.0909090909091
E00057900,267,48,11,37,219,27,192,17.97752808988764,4.119850187265917,13.857677902621724,82.02247191011236,10.112359550561797,71.91011235955057
E00057901,259,48,9,39,211,24,187,18.53281853281853,3.474903474903475,15.057915057915059,81.46718146718148,9.266409266409266,72.2007722007722
E00057902,389,47,20,27,342,29,313,12.082262210796916,5.141388174807198,6.940874035989718,87.91773778920309,7.455012853470437,80.46272493573264
E00057903,345,66,29,37,279,19,260,19.130434782608695,8.405797101449275,10.72463768115942,80.8695652173913,5.507246376811594,75.36231884057972
E00057904,314,61,31,30,253,24,229,19.426751592356688,9.872611464968154,9.554140127388536,80.57324840764332,7.643312101910828,72.92993630573248
E00057905,327,82,46,36,245,28,217,25.076452599388375,14.067278287461773,11.009174311926607,74.92354740061162,8.56269113149847,66.36085626911316
E00057906,264,36,14,22,228,19,209,13.636363636363635,5.303030303030303,8.333333333333332,86.36363636363636,7.196969696969697,79.16666666666666
E00057907,316,59,30,29,257,10,247,18.670886075949365,9.49367088607595,9.177215189873419,81.32911392405063,3.1645569620253164,78.16455696202532
E00057908,277,47,19,28,230,20,210,16.967509025270758,6.859205776173286,10.108303249097473,83.03249097472924,7.2202166064981945,75.81227436823104
E00057909,329,48,26,22,281,27,254,14.58966565349544,7.90273556231003,6.68693009118541,85.41033434650456,8.206686930091186,77.20364741641338
E00057911,331,53,23,30,278,26,252,16.012084592145015,6.948640483383686,9.06344410876133,83.98791540785498,7.854984894259818,76.13293051359517
E00057913,278,63,24,39,215,24,191,22.66187050359712,8.633093525179856,14.028776978417264,77.33812949640287,8.633093525179856,68.70503597122301
E00057914,276,64,36,28,212,16,196,23.18840579710145,13.043478260869565,10.144927536231885,76.81159420289855,5.797101449275362,71.01449275362319
E00057916,416,67,32,35,349,23,326,16.105769230769234,7.6923076923076925,8.413461538461538,83.89423076923077,5.528846153846153,78.36538461538461
E00057917,439,119,53,66,320,26,294,27.10706150341686,12.072892938496583,15.034168564920272,72.89293849658314,5.922551252847381,66.97038724373576
E00057918,236,29,9,20,207,8,199,12.288135593220339,3.8135593220338984,8.47457627118644,87.71186440677965,3.389830508474576,84.32203389830508
E00057919,377,62,28,34,315,25,290,16.445623342175068,7.427055702917771,9.018567639257293,83.55437665782493,6.631299734748011,76.92307692307693
E00057920,355,55,23,32,300,11,289,15.492957746478872,6.478873239436619,9.014084507042254,84.50704225352112,3.0985915492957745,81.40845070422536
E00057921,343,65,32,33,278,21,257,18.950437317784257,9.329446064139942,9.620991253644315,81.04956268221575,6.122448979591836,74.9271137026239
E00057922,220,38,16,22,182,11,171,17.272727272727273,7.2727272727272725,10,82.72727272727273,5,77.72727272727272
E00057923,350,66,26,40,284,10,274,18.857142857142858,7.428571428571429,11.428571428571429,81.14285714285714,2.857142857142857,78.28571428571428
E00057924,346,71,26,45,275,16,259,20.520231213872833,7.514450867052023,13.005780346820808,79.47976878612717,4.624277456647398,74.85549132947978
E00057925,308,33,8,25,275,19,256,10.714285714285714,2.5974025974025974,8.116883116883116,89.28571428571429,6.1688311688311686,83.11688311688312
E00057926,288,81,35,46,207,31,176,28.125,12.152777777777777,15.972222222222221,71.875,10.76388888888889,61.111111111111114
E00057927,318,66,34,32,252,20,232,20.754716981132077,10.69182389937107,10.062893081761008,79.24528301886792,6.289308176100629,72.95597484276729
E00057928,290,52,17,35,238,21,217,17.93103448275862,5.862068965517241,12.068965517241379,82.06896551724138,7.241379310344828,74.82758620689656
E00057929,327,52,17,35,275,31,244,15.902140672782874,5.198776758409786,10.703363914373089,84.09785932721712,9.480122324159021,74.61773700305811
E00057932,355,73,39,34,282,20,262,20.56338028169014,10.985915492957748,9.577464788732394,79.43661971830987,5.633802816901409,73.80281690140845
E00057933,259,53,18,35,206,16,190,20.463320463320464,6.94980694980695,13.513513513513514,79.53667953667953,6.177606177606178,73.35907335907336
E00057934,319,60,27,33,259,19,240,18.808777429467085,8.463949843260188,10.344827586206897,81.19122257053291,5.956112852664576,75.23510971786834
E00057935,397,68,37,31,329,16,313,17.12846347607053,9.319899244332493,7.8085642317380355,82.87153652392946,4.030226700251889,78.84130982367759
E00057936,292,62,17,45,230,18,212,21.232876712328768,5.821917808219178,15.41095890410959,78.76712328767124,6.164383561643835,72.6027397260274
E00057937,306,44,14,30,262,18,244,14.37908496732026,4.57516339869281,9.803921568627452,85.62091503267973,5.88235294117647,79.73856209150327
E00057938,515,115,65,50,400,18,382,22.330097087378643,12.62135922330097,9.70873786407767,77.66990291262135,3.4951456310679614,74.1747572815534
E00057939,386,76,35,41,310,20,290,19.689119170984455,9.067357512953368,10.621761658031089,80.31088082901555,5.181347150259067,75.12953367875647
E00057940,344,21,5,16,323,23,300,6.104651162790697,1.4534883720930232,4.651162790697675,93.8953488372093,6.686046511627906,87.20930232558139
E00057941,307,35,13,22,272,23,249,11.400651465798045,4.234527687296417,7.166123778501629,88.59934853420195,7.491856677524431,81.10749185667753
E00057942,294,68,34,34,226,15,211,23.12925170068027,11.564625850340136,11.564625850340136,76.87074829931973,5.1020408163265305,71.7687074829932
E00057943,232,44,17,27,188,11,177,18.96551724137931,7.327586206896551,11.637931034482758,81.03448275862068,4.741379310344827,76.29310344827587
E00057944,313,55,23,32,258,18,240,17.57188498402556,7.348242811501597,10.223642172523961,82.42811501597444,5.7507987220447285,76.6773162939297
E00057945,177,88,50,38,89,11,78,49.717514124293785,28.24858757062147,21.468926553672315,50.282485875706215,6.214689265536723,44.06779661016949
E00057946,555,86,41,45,469,23,446,15.495495495495495,7.3873873873873865,8.108108108108109,84.50450450450451,4.1441441441441444,80.36036036036036
E00057947,232,40,19,21,192,9,183,17.24137931034483,8.189655172413794,9.051724137931034,82.75862068965517,3.8793103448275863,78.87931034482759
E00057949,235,45,19,26,190,10,180,19.148936170212767,8.085106382978724,11.063829787234042,80.85106382978722,4.25531914893617,76.59574468085107
E00057950,360,55,19,36,305,26,279,15.277777777777779,5.277777777777778,10,84.72222222222221,7.222222222222221,77.5
E00057951,494,68,35,33,426,26,400,13.765182186234817,7.08502024291498,6.680161943319838,86.23481781376519,5.263157894736842,80.97165991902834
E00057952,244,43,21,22,201,13,188,17.62295081967213,8.60655737704918,9.01639344262295,82.37704918032787,5.327868852459016,77.04918032786885
E00057955,316,54,16,38,262,19,243,17.088607594936708,5.063291139240507,12.025316455696203,82.91139240506328,6.012658227848101,76.89873417721519
E00057956,320,50,25,25,270,15,255,15.625,7.8125,7.8125,84.375,4.6875,79.6875
E00057957,279,33,9,24,246,25,221,11.827956989247312,3.225806451612903,8.60215053763441,88.17204301075269,8.960573476702509,79.21146953405018
E00057959,324,74,35,39,250,24,226,22.839506172839506,10.802469135802468,12.037037037037036,77.1604938271605,7.4074074074074066,69.75308641975309
E00057960,426,71,23,48,355,29,326,16.666666666666664,5.39906103286385,11.267605633802818,83.33333333333334,6.807511737089202,76.52582159624414
E00057961,442,64,35,29,378,22,356,14.479638009049776,7.918552036199094,6.561085972850679,85.52036199095022,4.97737556561086,80.54298642533936
E00057962,303,37,18,19,266,16,250,12.211221122112212,5.9405940594059405,6.270627062706271,87.78877887788778,5.2805280528052805,82.50825082508251
E00057963,332,59,32,27,273,20,253,17.771084337349397,9.63855421686747,8.132530120481928,82.2289156626506,6.024096385542169,76.20481927710844
E00057965,507,78,33,45,429,34,395,15.384615384615385,6.508875739644971,8.875739644970414,84.61538461538461,6.70611439842209,77.90927021696253
E00057966,264,56,18,38,208,20,188,21.21212121212121,6.8181818181818175,14.393939393939394,78.78787878787878,7.575757575757576,71.21212121212122
E00057967,220,59,23,36,161,10,151,26.81818181818182,10.454545454545453,16.363636363636363,73.18181818181819,4.545454545454546,68.63636363636364
E00057968,275,55,20,35,220,17,203,20,7.2727272727272725,12.727272727272727,80,6.181818181818182,73.81818181818181
E00057969,256,22,3,19,234,18,216,8.59375,1.171875,7.421875,91.40625,7.03125,84.375
E00057970,231,44,27,17,187,20,167,19.047619047619047,11.688311688311687,7.35930735930736,80.95238095238095,8.658008658008658,72.2943722943723
E00057971,291,53,18,35,238,27,211,18.213058419243985,6.185567010309279,12.027491408934708,81.78694158075601,9.278350515463918,72.5085910652921
E00057972,306,26,11,15,280,18,262,8.49673202614379,3.594771241830065,4.901960784313726,91.50326797385621,5.88235294117647,85.62091503267973
E00057973,375,43,21,22,332,21,311,11.466666666666667,5.6000000000000005,5.866666666666666,88.53333333333333,5.6000000000000005,82.93333333333334
E00057974,366,44,19,25,322,30,292,12.021857923497267,5.191256830601093,6.830601092896176,87.97814207650273,8.19672131147541,79.78142076502732
E00057975,371,34,12,22,337,28,309,9.164420485175203,3.234501347708895,5.929919137466308,90.83557951482479,7.547169811320755,83.28840970350404
E00057976,269,63,27,36,206,16,190,23.42007434944238,10.037174721189592,13.382899628252787,76.57992565055763,5.947955390334572,70.63197026022306
E00057977,322,55,23,32,267,25,242,17.080745341614907,7.142857142857142,9.937888198757763,82.91925465838509,7.763975155279502,75.15527950310559
E00057978,345,52,24,28,293,25,268,15.072463768115943,6.956521739130435,8.115942028985506,84.92753623188406,7.246376811594203,77.68115942028986
E00057979,343,56,22,34,287,25,262,16.3265306122449,6.41399416909621,9.912536443148689,83.6734693877551,7.288629737609329,76.38483965014578
E00057980,505,44,13,31,461,25,436,8.712871287128712,2.5742574257425743,6.138613861386139,91.2871287128713,4.9504950495049505,86.33663366336634
E00057981,250,53,25,28,197,19,178,21.2,10,11.200000000000001,78.8,7.6,71.2
E00057982,291,37,16,21,254,21,233,12.714776632302405,5.498281786941581,7.216494845360824,87.2852233676976,7.216494845360824,80.06872852233677
E00057983,267,39,16,23,228,19,209,14.606741573033707,5.992509363295881,8.614232209737828,85.39325842696628,7.116104868913857,78.27715355805243
E00057984,358,38,12,26,320,39,281,10.614525139664805,3.35195530726257,7.262569832402235,89.3854748603352,10.893854748603351,78.49162011173185
E00057985,461,56,22,34,405,20,385,12.147505422993492,4.772234273318872,7.37527114967462,87.85249457700651,4.3383947939262475,83.51409978308027
E00057986,312,49,14,35,263,33,230,15.705128205128204,4.487179487179487,11.217948717948719,84.2948717948718,10.576923076923077,73.71794871794873
E00057987,311,57,25,32,254,17,237,18.327974276527332,8.038585209003216,10.289389067524116,81.67202572347267,5.466237942122187,76.20578778135048
E00057988,317,34,9,25,283,20,263,10.725552050473187,2.8391167192429023,7.886435331230284,89.27444794952682,6.309148264984227,82.96529968454259
E00057989,353,53,26,27,300,22,278,15.01416430594901,7.365439093484419,7.64872521246459,84.98583569405099,6.232294617563739,78.75354107648725
E00057990,264,31,12,19,233,27,206,11.742424242424242,4.545454545454546,7.196969696969697,88.25757575757575,10.227272727272728,78.03030303030303
E00057991,257,32,15,17,225,24,201,12.45136186770428,5.836575875486381,6.614785992217899,87.54863813229572,9.33852140077821,78.21011673151752
E00057992,360,57,16,41,303,29,274,15.833333333333332,4.444444444444445,11.38888888888889,84.16666666666667,8.055555555555555,76.11111111111111
E00057993,248,69,28,41,179,13,166,27.82258064516129,11.29032258064516,16.532258064516128,72.17741935483872,5.241935483870968,66.93548387096774
E00057994,254,40,13,27,214,21,193,15.748031496062993,5.118110236220472,10.62992125984252,84.25196850393701,8.267716535433072,75.98425196850394
E00057995,232,49,19,30,183,19,164,21.120689655172413,8.189655172413794,12.931034482758621,78.87931034482759,8.189655172413794,70.6896551724138
E00057996,267,54,23,31,213,13,200,20.224719101123593,8.614232209737828,11.610486891385769,79.7752808988764,4.868913857677903,74.90636704119851
E00057997,317,53,16,37,264,24,240,16.7192429022082,5.047318611987381,11.67192429022082,83.2807570977918,7.570977917981073,75.70977917981072
E00057998,195,26,14,12,169,10,159,13.333333333333334,7.179487179487179,6.153846153846154,86.66666666666667,5.128205128205128,81.53846153846153
E00057999,283,37,8,29,246,20,226,13.074204946996467,2.8268551236749118,10.247349823321555,86.92579505300353,7.06713780918728,79.85865724381625
E00058000,265,74,41,33,191,16,175,27.92452830188679,15.471698113207546,12.452830188679245,72.0754716981132,6.037735849056604,66.0377358490566
E00058001,354,46,19,27,308,37,271,12.994350282485875,5.367231638418079,7.627118644067797,87.00564971751412,10.451977401129943,76.55367231638418
E00058002,298,63,34,29,235,11,224,21.140939597315437,11.409395973154362,9.731543624161073,78.85906040268456,3.691275167785235,75.16778523489933
E00058003,280,26,12,14,254,22,232,9.285714285714286,4.285714285714286,5,90.71428571428571,7.857142857142857,82.85714285714286
E00058004,267,26,14,12,241,24,217,9.737827715355806,5.2434456928838955,4.49438202247191,90.2621722846442,8.98876404494382,81.27340823970037
E00058005,262,52,21,31,210,22,188,19.84732824427481,8.015267175572518,11.83206106870229,80.1526717557252,8.396946564885496,71.7557251908397
E00058006,245,35,8,27,210,16,194,14.285714285714285,3.2653061224489797,11.020408163265307,85.71428571428571,6.530612244897959,79.18367346938776
E00058007,319,35,14,21,284,20,264,10.9717868338558,4.38871473354232,6.583072100313479,89.0282131661442,6.269592476489027,82.75862068965517
E00058008,212,101,66,35,111,14,97,47.64150943396226,31.132075471698112,16.50943396226415,52.358490566037744,6.60377358490566,45.75471698113208
E00058009,337,38,12,26,299,24,275,11.275964391691394,3.5608308605341246,7.71513353115727,88.72403560830861,7.121661721068249,81.60237388724035
E00058010,349,36,18,18,313,30,283,10.315186246418339,5.157593123209169,5.157593123209169,89.68481375358166,8.595988538681947,81.08882521489971
E00058011,287,84,39,45,203,17,186,29.268292682926827,13.588850174216027,15.6794425087108,70.73170731707317,5.923344947735192,64.80836236933798
E00058012,289,49,23,26,240,24,216,16.955017301038062,7.958477508650519,8.996539792387544,83.04498269896193,8.304498269896193,74.74048442906575
E00058013,377,46,11,35,331,28,303,12.20159151193634,2.9177718832891246,9.283819628647215,87.79840848806366,7.427055702917771,80.37135278514589
E00058014,338,43,15,28,295,19,276,12.721893491124261,4.437869822485207,8.284023668639055,87.27810650887574,5.621301775147929,81.65680473372781
E00058015,307,81,41,40,226,22,204,26.384364820846905,13.355048859934854,13.029315960912053,73.61563517915309,7.166123778501629,66.44951140065146
E00058016,623,54,23,31,569,39,530,8.667736757624397,3.6918138041733553,4.975922953451043,91.3322632423756,6.260032102728733,85.07223113964687
E00058017,346,58,26,32,288,21,267,16.76300578034682,7.514450867052023,9.248554913294797,83.23699421965318,6.069364161849711,77.16763005780348
E00058018,258,80,52,28,178,19,159,31.007751937984494,20.155038759689923,10.852713178294573,68.9922480620155,7.3643410852713185,61.627906976744185
E00058019,249,47,17,30,202,17,185,18.87550200803213,6.827309236947792,12.048192771084338,81.12449799196787,6.827309236947792,74.29718875502009
E00058020,356,49,25,24,307,27,280,13.764044943820226,7.02247191011236,6.741573033707865,86.23595505617978,7.584269662921349,78.65168539325843
E00058021,363,50,14,36,313,25,288,13.774104683195592,3.8567493112947657,9.917355371900827,86.22589531680441,6.887052341597796,79.33884297520662
E00058022,189,85,30,55,104,5,99,44.97354497354497,15.873015873015872,29.100529100529098,55.026455026455025,2.6455026455026456,52.38095238095239
E00058023,392,62,22,40,330,40,290,15.816326530612246,5.612244897959184,10.204081632653061,84.18367346938776,10.204081632653061,73.9795918367347
E00058024,396,67,34,33,329,30,299,16.91919191919192,8.585858585858585,8.333333333333332,83.08080808080808,7.575757575757576,75.5050505050505
E00058025,275,60,27,33,215,16,199,21.818181818181817,9.818181818181818,12,78.18181818181819,5.818181818181818,72.36363636363636
E00058026,197,94,55,39,103,7,96,47.71573604060914,27.918781725888326,19.796954314720814,52.28426395939086,3.5532994923857872,48.73096446700508
E00058027,394,78,47,31,316,26,290,19.796954314720814,11.928934010152284,7.868020304568528,80.20304568527918,6.598984771573605,73.60406091370558
E00058028,321,39,13,26,282,28,254,12.149532710280374,4.049844236760125,8.09968847352025,87.85046728971963,8.722741433021806,79.12772585669782
E00058029,193,37,20,17,156,19,137,19.170984455958546,10.362694300518134,8.808290155440414,80.82901554404145,9.844559585492227,70.98445595854922
E00058030,341,40,14,26,301,18,283,11.730205278592376,4.105571847507331,7.624633431085044,88.26979472140762,5.278592375366569,82.99120234604106
E00058031,293,30,11,19,263,27,236,10.238907849829351,3.754266211604096,6.484641638225256,89.76109215017065,9.215017064846416,80.54607508532423
E00058032,330,49,18,31,281,27,254,14.84848484848485,5.454545454545454,9.393939393939393,85.15151515151516,8.181818181818182,76.96969696969697
E00058033,371,49,25,24,322,29,293,13.20754716981132,6.738544474393531,6.46900269541779,86.79245283018868,7.816711590296496,78.97574123989219
E00058034,334,30,12,18,304,30,274,8.982035928143713,3.592814371257485,5.389221556886228,91.01796407185628,8.982035928143713,82.03592814371258
E00058036,354,42,15,27,312,17,295,11.864406779661017,4.23728813559322,7.627118644067797,88.13559322033898,4.80225988700565,83.33333333333334
E00058037,337,41,12,29,296,35,261,12.166172106824925,3.5608308605341246,8.605341246290802,87.83382789317507,10.385756676557865,77.44807121661721
E00058038,311,75,37,38,236,25,211,24.115755627009648,11.89710610932476,12.218649517684888,75.88424437299035,8.038585209003216,67.84565916398714
E00058039,351,33,9,24,318,23,295,9.401709401709402,2.564102564102564,6.837606837606838,90.5982905982906,6.552706552706552,84.04558404558404
E00058040,290,91,31,60,199,18,181,31.379310344827587,10.689655172413794,20.689655172413794,68.62068965517241,6.206896551724138,62.41379310344828
E00058041,437,41,14,27,396,33,363,9.382151029748284,3.203661327231121,6.178489702517163,90.61784897025171,7.551487414187644,83.06636155606407
E00058043,321,60,23,37,261,21,240,18.69158878504673,7.165109034267912,11.526479750778815,81.30841121495327,6.5420560747663545,74.76635514018692
E00058044,298,51,17,34,247,25,222,17.114093959731544,5.704697986577181,11.409395973154362,82.88590604026845,8.389261744966444,74.49664429530202
E00058045,233,59,32,27,174,17,157,25.321888412017167,13.733905579399142,11.587982832618025,74.67811158798283,7.296137339055794,67.38197424892704
E00058047,261,42,19,23,219,17,202,16.091954022988507,7.2796934865900385,8.812260536398467,83.9080459770115,6.513409961685824,77.39463601532567
E00058048,384,53,21,32,331,18,313,13.802083333333334,5.46875,8.333333333333332,86.19791666666666,4.6875,81.51041666666666
E00058049,253,48,27,21,205,22,183,18.972332015810274,10.67193675889328,8.300395256916996,81.02766798418972,8.695652173913043,72.33201581027669
E00058050,329,96,55,41,233,20,213,29.17933130699088,16.717325227963524,12.462006079027356,70.82066869300911,6.079027355623101,64.74164133738601
E00058051,268,54,16,38,214,23,191,20.149253731343283,5.970149253731343,14.17910447761194,79.8507462686567,8.582089552238806,71.26865671641791
E00058052,220,56,15,41,164,17,147,25.454545454545453,6.8181818181818175,18.636363636363637,74.54545454545455,7.727272727272727,66.81818181818183
E00058053,307,49,26,23,258,26,232,15.960912052117262,8.469055374592834,7.491856677524431,84.03908794788273,8.469055374592834,75.57003257328991
E00058054,256,37,16,21,219,25,194,14.453125,6.25,8.203125,85.546875,9.765625,75.78125
E00058055,327,53,23,30,274,21,253,16.207951070336392,7.033639143730887,9.174311926605505,83.79204892966361,6.422018348623854,77.37003058103976
E00058056,273,40,9,31,233,20,213,14.652014652014653,3.296703296703297,11.355311355311356,85.34798534798534,7.326007326007327,78.02197802197803
E00058057,418,45,13,32,373,30,343,10.76555023923445,3.110047846889952,7.655502392344498,89.23444976076556,7.177033492822966,82.05741626794259
E00058058,259,22,12,10,237,22,215,8.494208494208493,4.633204633204633,3.861003861003861,91.5057915057915,8.494208494208493,83.01158301158301
E00058059,478,39,12,27,439,28,411,8.158995815899582,2.510460251046025,5.648535564853557,91.84100418410041,5.857740585774058,85.98326359832636
E00058060,314,38,21,17,276,27,249,12.101910828025478,6.687898089171974,5.414012738853503,87.89808917197452,8.598726114649681,79.29936305732484
E00058061,282,56,13,43,226,23,203,19.858156028368796,4.609929078014184,15.24822695035461,80.1418439716312,8.156028368794328,71.98581560283688
E00058062,343,48,13,35,295,32,263,13.994169096209912,3.7900874635568513,10.204081632653061,86.0058309037901,9.329446064139942,76.67638483965014
E00058063,265,45,15,30,220,18,202,16.9811320754717,5.660377358490567,11.320754716981133,83.01886792452831,6.7924528301886795,76.22641509433963
E00058064,279,37,16,21,242,17,225,13.261648745519713,5.734767025089606,7.526881720430108,86.73835125448028,6.093189964157706,80.64516129032258
E00058065,147,48,32,16,99,5,94,32.6530612244898,21.768707482993197,10.884353741496598,67.3469387755102,3.4013605442176873,63.94557823129252
E00058066,301,71,44,27,230,8,222,23.588039867109632,14.61794019933555,8.970099667774086,76.41196013289037,2.6578073089700998,73.75415282392026
E00058067,314,63,33,30,251,18,233,20.063694267515924,10.509554140127388,9.554140127388536,79.93630573248409,5.7324840764331215,74.20382165605095
E00058068,282,53,22,31,229,23,206,18.79432624113475,7.801418439716312,10.99290780141844,81.20567375886525,8.156028368794328,73.04964539007092
E00058069,308,41,19,22,267,26,241,13.311688311688311,6.1688311688311686,7.142857142857142,86.68831168831169,8.441558441558442,78.24675324675324
E00058070,275,46,18,28,229,17,212,16.727272727272727,6.545454545454546,10.181818181818182,83.27272727272728,6.181818181818182,77.0909090909091
E00058071,278,49,15,34,229,18,211,17.62589928057554,5.39568345323741,12.23021582733813,82.37410071942446,6.474820143884892,75.89928057553958
E00058072,326,56,21,35,270,30,240,17.177914110429448,6.441717791411043,10.736196319018406,82.82208588957054,9.202453987730062,73.61963190184049
E00058073,466,91,36,55,375,39,336,19.527896995708154,7.725321888412018,11.802575107296137,80.47210300429185,8.369098712446352,72.1030042918455
E00058074,276,47,20,27,229,15,214,17.02898550724638,7.246376811594203,9.782608695652174,82.97101449275362,5.434782608695652,77.53623188405797
E00058075,360,79,40,39,281,12,269,21.944444444444443,11.11111111111111,10.833333333333334,78.05555555555556,3.3333333333333335,74.72222222222223
E00058076,308,33,16,17,275,16,259,10.714285714285714,5.194805194805195,5.51948051948052,89.28571428571429,5.194805194805195,84.0909090909091
E00058077,290,34,8,26,256,19,237,11.724137931034482,2.7586206896551726,8.96551724137931,88.27586206896552,6.551724137931035,81.72413793103448
E00058078,406,46,13,33,360,19,341,11.330049261083744,3.201970443349754,8.12807881773399,88.66995073891626,4.679802955665025,83.99014778325123
E00058079,315,22,9,13,293,23,270,6.984126984126984,2.857142857142857,4.1269841269841265,93.01587301587301,7.301587301587302,85.71428571428571
E00058080,322,110,32,78,212,22,190,34.161490683229815,9.937888198757763,24.22360248447205,65.83850931677019,6.832298136645963,59.006211180124225
E00058081,317,48,20,28,269,25,244,15.141955835962145,6.309148264984227,8.832807570977918,84.85804416403786,7.886435331230284,76.97160883280758
E00058082,436,73,22,51,363,39,324,16.743119266055047,5.045871559633028,11.697247706422019,83.25688073394495,8.944954128440367,74.31192660550458
E00058083,259,43,13,30,216,12,204,16.602316602316602,5.019305019305019,11.583011583011583,83.3976833976834,4.633204633204633,78.76447876447877
E00058084,209,44,22,22,165,15,150,21.052631578947366,10.526315789473683,10.526315789473683,78.94736842105263,7.177033492822966,71.77033492822966
E00058086,317,55,21,34,262,28,234,17.350157728706623,6.624605678233439,10.725552050473187,82.64984227129337,8.832807570977918,73.81703470031546
E00058087,299,60,24,36,239,18,221,20.066889632107024,8.02675585284281,12.040133779264215,79.93311036789298,6.0200668896321075,73.91304347826086
E00058088,259,54,22,32,205,20,185,20.84942084942085,8.494208494208493,12.355212355212355,79.15057915057915,7.722007722007722,71.42857142857143
E00058090,365,50,18,32,315,35,280,13.698630136986301,4.931506849315069,8.767123287671232,86.3013698630137,9.58904109589041,76.71232876712328
E00058091,454,53,15,38,401,44,357,11.674008810572687,3.303964757709251,8.370044052863436,88.32599118942731,9.691629955947137,78.63436123348018
E00058092,271,44,17,27,227,24,203,16.236162361623617,6.273062730627306,9.96309963099631,83.76383763837639,8.856088560885608,74.90774907749078
E00058093,270,27,7,20,243,24,219,10,2.5925925925925926,7.4074074074074066,90,8.88888888888889,81.11111111111111
E00058094,298,53,23,30,245,28,217,17.78523489932886,7.718120805369128,10.06711409395973,82.21476510067114,9.395973154362416,72.81879194630872
E00058095,301,41,13,28,260,33,227,13.621262458471762,4.318936877076411,9.30232558139535,86.37873754152824,10.96345514950166,75.41528239202658
E00058096,320,37,16,21,283,29,254,11.5625,5,6.5625,88.4375,9.0625,79.375
E00058097,241,62,29,33,179,21,158,25.72614107883817,12.033195020746888,13.692946058091287,74.27385892116183,8.71369294605809,65.56016597510373
E00058098,314,52,19,33,262,13,249,16.560509554140125,6.050955414012739,10.509554140127388,83.43949044585987,4.140127388535031,79.29936305732484
E00058099,319,25,7,18,294,28,266,7.836990595611286,2.19435736677116,5.6426332288401255,92.16300940438872,8.77742946708464,83.38557993730407
E00058100,279,40,7,33,239,22,217,14.336917562724013,2.5089605734767026,11.827956989247312,85.66308243727599,7.885304659498208,77.77777777777779
E00058101,360,40,20,20,320,26,294,11.11111111111111,5.555555555555555,5.555555555555555,88.88888888888889,7.222222222222221,81.66666666666667
E00058102,323,43,24,19,280,26,254,13.312693498452013,7.430340557275541,5.88235294117647,86.687306501548,8.04953560371517,78.63777089783281
E00058103,300,39,9,30,261,26,235,13,3,10,87,8.666666666666668,78.33333333333333
E00058104,307,47,14,33,260,20,240,15.309446254071663,4.5602605863192185,10.749185667752444,84.69055374592834,6.514657980456026,78.17589576547232
E00058105,315,39,14,25,276,26,250,12.380952380952381,4.444444444444445,7.936507936507936,87.61904761904762,8.253968253968253,79.36507936507937
E00058106,273,29,8,21,244,20,224,10.622710622710622,2.93040293040293,7.6923076923076925,89.37728937728939,7.326007326007327,82.05128205128204
E00058107,340,20,7,13,320,20,300,5.88235294117647,2.0588235294117645,3.823529411764706,94.11764705882352,5.88235294117647,88.23529411764706
E00058108,262,51,23,28,211,21,190,19.46564885496183,8.778625954198473,10.687022900763358,80.53435114503816,8.015267175572518,72.51908396946564
E00058109,249,35,13,22,214,16,198,14.056224899598394,5.220883534136546,8.835341365461847,85.94377510040161,6.425702811244979,79.51807228915662
E00058110,289,53,30,23,236,30,206,18.33910034602076,10.380622837370241,7.958477508650519,81.66089965397923,10.380622837370241,71.280276816609
E00058111,413,58,18,40,355,42,313,14.043583535108958,4.358353510895883,9.685230024213075,85.95641646489103,10.16949152542373,75.78692493946731
E00058112,354,66,32,34,288,24,264,18.64406779661017,9.03954802259887,9.6045197740113,81.35593220338984,6.779661016949152,74.57627118644068
E00058113,246,48,19,29,198,28,170,19.51219512195122,7.723577235772358,11.788617886178862,80.48780487804879,11.38211382113821,69.10569105691057
E00058114,223,27,9,18,196,17,179,12.10762331838565,4.0358744394618835,8.071748878923767,87.89237668161435,7.623318385650224,80.26905829596413
E00058115,588,67,20,47,521,33,488,11.394557823129253,3.4013605442176873,7.993197278911565,88.60544217687075,5.612244897959184,82.99319727891157
E00058116,217,74,39,35,143,12,131,34.10138248847927,17.972350230414747,16.129032258064516,65.89861751152074,5.529953917050691,60.36866359447005
E00058117,219,58,20,38,161,19,142,26.48401826484018,9.1324200913242,17.35159817351598,73.51598173515981,8.67579908675799,64.84018264840182
E00058118,289,67,32,35,222,15,207,23.18339100346021,11.072664359861593,12.110726643598616,76.8166089965398,5.190311418685121,71.62629757785467
E00058119,220,56,35,21,164,17,147,25.454545454545453,15.909090909090908,9.545454545454547,74.54545454545455,7.727272727272727,66.81818181818183
E00058120,298,45,13,32,253,23,230,15.100671140939598,4.3624161073825505,10.738255033557047,84.8993288590604,7.718120805369128,77.18120805369128
E00058121,427,62,23,39,365,30,335,14.519906323185012,5.386416861826698,9.133489461358314,85.48009367681499,7.02576112412178,78.4543325526932
E00058122,233,48,22,26,185,16,169,20.600858369098713,9.44206008583691,11.158798283261802,79.39914163090128,6.866952789699571,72.53218884120172
E00058123,259,56,21,35,203,19,184,21.62162162162162,8.108108108108109,13.513513513513514,78.37837837837837,7.335907335907336,71.04247104247105
E00058124,170,48,32,16,122,12,110,28.235294117647058,18.823529411764707,9.411764705882353,71.76470588235294,7.0588235294117645,64.70588235294117
E00058125,279,82,41,41,197,27,170,29.39068100358423,14.695340501792115,14.695340501792115,70.60931899641577,9.67741935483871,60.93189964157706
E00058126,288,47,16,31,241,22,219,16.319444444444446,5.555555555555555,10.76388888888889,83.68055555555556,7.638888888888889,76.04166666666666
E00058127,298,69,25,44,229,30,199,23.154362416107382,8.389261744966444,14.76510067114094,76.84563758389261,10.06711409395973,66.77852348993288
E00058128,415,43,12,31,372,30,342,10.361445783132531,2.891566265060241,7.46987951807229,89.63855421686748,7.228915662650602,82.40963855421687
E00058129,297,68,40,28,229,18,211,22.895622895622896,13.468013468013467,9.427609427609427,77.10437710437711,6.0606060606060606,71.04377104377105
E00058130,539,60,15,45,479,47,432,11.131725417439704,2.782931354359926,8.348794063079778,88.86827458256029,8.719851576994433,80.14842300556586
E00058131,307,36,13,23,271,26,245,11.726384364820847,4.234527687296417,7.491856677524431,88.27361563517914,8.469055374592834,79.80456026058633
E00058132,447,61,17,44,386,36,350,13.646532438478747,3.803131991051454,9.843400447427292,86.35346756152126,8.053691275167784,78.29977628635348
E00058133,334,26,8,18,308,28,280,7.784431137724551,2.3952095808383236,5.389221556886228,92.21556886227546,8.383233532934131,83.8323353293413
E00058134,282,72,31,41,210,16,194,25.53191489361702,10.99290780141844,14.539007092198581,74.46808510638297,5.673758865248227,68.79432624113475
E00058135,276,52,19,33,224,19,205,18.84057971014493,6.884057971014493,11.956521739130435,81.15942028985508,6.884057971014493,74.27536231884058
E00058136,359,40,13,27,319,32,287,11.142061281337048,3.6211699164345403,7.520891364902507,88.85793871866295,8.913649025069638,79.94428969359332
E00058137,260,57,24,33,203,19,184,21.923076923076923,9.230769230769232,12.692307692307692,78.07692307692308,7.307692307692308,70.76923076923077
E00058138,322,54,21,33,268,16,252,16.77018633540373,6.521739130434782,10.248447204968944,83.22981366459628,4.968944099378882,78.26086956521739
E00058139,270,76,44,32,194,18,176,28.14814814814815,16.296296296296298,11.851851851851853,71.85185185185186,6.666666666666667,65.18518518518519
E00058140,279,60,28,32,219,18,201,21.50537634408602,10.03584229390681,11.469534050179211,78.49462365591397,6.451612903225806,72.04301075268818
E00058141,333,62,35,27,271,26,245,18.61861861861862,10.51051051051051,8.108108108108109,81.38138138138137,7.807807807807808,73.57357357357357
E00058142,350,100,57,43,250,21,229,28.57142857142857,16.28571428571429,12.285714285714286,71.42857142857143,6,65.42857142857143
E00058143,347,51,15,36,296,34,262,14.697406340057636,4.322766570605188,10.37463976945245,85.30259365994236,9.798270893371757,75.50432276657061
E00058144,328,52,22,30,276,22,254,15.853658536585366,6.707317073170732,9.146341463414634,84.14634146341463,6.707317073170732,77.4390243902439
E00058145,315,46,11,35,269,23,246,14.603174603174605,3.492063492063492,11.11111111111111,85.39682539682539,7.301587301587302,78.0952380952381
E00058146,315,39,16,23,276,24,252,12.380952380952381,5.079365079365079,7.301587301587302,87.61904761904762,7.6190476190476195,80
E00058147,267,58,15,43,209,22,187,21.722846441947567,5.617977528089887,16.10486891385768,78.27715355805243,8.239700374531834,70.0374531835206
E00058148,311,47,20,27,264,28,236,15.112540192926044,6.430868167202572,8.681672025723474,84.88745980707395,9.003215434083602,75.88424437299035
E00058149,278,46,22,24,232,23,209,16.546762589928058,7.913669064748201,8.633093525179856,83.45323741007195,8.273381294964029,75.17985611510791
E00058150,277,52,20,32,225,15,210,18.772563176895307,7.2202166064981945,11.552346570397113,81.2274368231047,5.415162454873646,75.81227436823104
E00058151,314,56,25,31,258,23,235,17.8343949044586,7.961783439490445,9.872611464968154,82.16560509554141,7.32484076433121,74.84076433121018
E00058152,336,78,41,37,258,19,239,23.214285714285715,12.202380952380953,11.011904761904761,76.78571428571429,5.654761904761905,71.13095238095238
E00058153,272,54,28,26,218,27,191,19.852941176470587,10.294117647058822,9.558823529411764,80.14705882352942,9.926470588235293,70.22058823529412
E00058154,331,62,19,43,269,32,237,18.731117824773413,5.740181268882175,12.990936555891238,81.2688821752266,9.667673716012084,71.6012084592145
E00058155,273,43,12,31,230,23,207,15.75091575091575,4.395604395604396,11.355311355311356,84.24908424908425,8.424908424908425,75.82417582417582
E00058156,347,36,11,25,311,34,277,10.37463976945245,3.170028818443804,7.204610951008646,89.62536023054754,9.798270893371757,79.82708933717579
E00058157,340,32,11,21,308,27,281,9.411764705882353,3.2352941176470593,6.176470588235294,90.58823529411765,7.941176470588235,82.6470588235294
E00058158,389,61,25,36,328,33,295,15.681233933161954,6.426735218508997,9.254498714652955,84.31876606683805,8.483290488431876,75.83547557840618
E00058159,201,53,33,20,148,12,136,26.368159203980102,16.417910447761194,9.950248756218906,73.6318407960199,5.970149253731343,67.66169154228857
E00058160,314,52,25,27,262,27,235,16.560509554140125,7.961783439490445,8.598726114649681,83.43949044585987,8.598726114649681,74.84076433121018
E00058161,338,52,21,31,286,19,267,15.384615384615385,6.21301775147929,9.171597633136095,84.61538461538461,5.621301775147929,78.99408284023669
E00058162,245,49,21,28,196,27,169,20,8.571428571428571,11.428571428571429,80,11.020408163265307,68.9795918367347
E00058163,353,63,24,39,290,33,257,17.847025495750707,6.79886685552408,11.048158640226628,82.15297450424929,9.34844192634561,72.80453257790369
E00058164,349,38,16,22,311,36,275,10.888252148997136,4.584527220630372,6.303724928366762,89.11174785100286,10.315186246418339,78.79656160458453
E00058165,439,73,26,47,366,30,336,16.62870159453303,5.922551252847381,10.70615034168565,83.37129840546697,6.83371298405467,76.5375854214123
E00058166,235,46,17,29,189,24,165,19.574468085106382,7.234042553191489,12.340425531914894,80.42553191489363,10.212765957446807,70.2127659574468
E00058167,235,41,16,25,194,24,170,17.4468085106383,6.808510638297872,10.638297872340425,82.5531914893617,10.212765957446807,72.3404255319149
E00058168,392,42,15,27,350,35,315,10.714285714285714,3.826530612244898,6.887755102040815,89.28571428571429,8.928571428571429,80.35714285714286
E00058169,306,75,31,44,231,24,207,24.509803921568626,10.130718954248366,14.37908496732026,75.49019607843137,7.8431372549019605,67.64705882352942
E00058170,270,32,6,26,238,21,217,11.851851851851853,2.2222222222222223,9.62962962962963,88.14814814814815,7.777777777777778,80.37037037037037
E00058171,243,39,12,27,204,26,178,16.049382716049383,4.938271604938271,11.11111111111111,83.9506172839506,10.699588477366255,73.25102880658436
E00058172,419,35,11,24,384,38,346,8.353221957040573,2.6252983293556085,5.727923627684964,91.64677804295943,9.069212410501192,82.57756563245823
E00058173,329,38,11,27,291,24,267,11.55015197568389,3.343465045592705,8.206686930091186,88.44984802431611,7.29483282674772,81.15501519756839
E00058174,280,75,31,44,205,19,186,26.785714285714285,11.071428571428571,15.714285714285714,73.21428571428571,6.785714285714286,66.42857142857143
E00058175,355,78,41,37,277,22,255,21.971830985915496,11.549295774647888,10.422535211267606,78.0281690140845,6.197183098591549,71.83098591549296
E00058177,239,57,25,32,182,16,166,23.84937238493724,10.460251046025103,13.389121338912133,76.15062761506276,6.694560669456067,69.4560669456067
E00058178,370,75,33,42,295,25,270,20.27027027027027,8.91891891891892,11.351351351351353,79.72972972972973,6.756756756756757,72.97297297297297
E00058179,298,30,5,25,268,19,249,10.06711409395973,1.6778523489932886,8.389261744966444,89.93288590604027,6.375838926174497,83.55704697986577
E00058180,254,44,20,24,210,18,192,17.322834645669293,7.874015748031496,9.448818897637794,82.67716535433071,7.086614173228346,75.59055118110236
E00058181,302,69,39,30,233,21,212,22.8476821192053,12.91390728476821,9.933774834437086,77.15231788079471,6.95364238410596,70.19867549668875
E00058182,300,49,21,28,251,25,226,16.333333333333332,7.000000000000001,9.333333333333334,83.66666666666667,8.333333333333332,75.33333333333333
E00058183,275,41,14,27,234,24,210,14.909090909090908,5.090909090909091,9.818181818181818,85.0909090909091,8.727272727272728,76.36363636363637
E00058184,272,52,16,36,220,22,198,19.11764705882353,5.88235294117647,13.23529411764706,80.88235294117648,8.088235294117647,72.79411764705883
E00058185,301,40,11,29,261,33,228,13.2890365448505,3.6544850498338874,9.634551495016613,86.71096345514951,10.96345514950166,75.74750830564784
E00058186,496,47,16,31,449,41,408,9.475806451612904,3.225806451612903,6.25,90.5241935483871,8.266129032258064,82.25806451612904
E00058187,307,52,17,35,255,16,239,16.938110749185668,5.537459283387622,11.400651465798045,83.06188925081433,5.211726384364821,77.85016286644951
E00058188,310,28,14,14,282,22,260,9.032258064516128,4.516129032258064,4.516129032258064,90.96774193548387,7.096774193548387,83.87096774193549
E00058189,226,82,34,48,144,20,124,36.283185840707965,15.04424778761062,21.238938053097346,63.716814159292035,8.849557522123893,54.86725663716814
E00058190,256,34,20,14,222,26,196,13.28125,7.8125,5.46875,86.71875,10.15625,76.5625
E00058192,200,82,40,42,118,15,103,41,20,21,59,7.5,51.5
E00058193,301,45,18,27,256,21,235,14.950166112956811,5.980066445182724,8.970099667774086,85.04983388704319,6.976744186046512,78.07308970099668
E00058194,276,33,6,27,243,31,212,11.956521739130435,2.1739130434782608,9.782608695652174,88.04347826086956,11.231884057971014,76.81159420289855
E00058195,255,46,21,25,209,24,185,18.03921568627451,8.235294117647058,9.803921568627452,81.96078431372548,9.411764705882353,72.54901960784314
E00058196,339,53,24,29,286,31,255,15.634218289085547,7.079646017699115,8.55457227138643,84.36578171091446,9.144542772861357,75.22123893805309
E00058197,202,38,16,22,164,13,151,18.81188118811881,7.920792079207921,10.891089108910892,81.1881188118812,6.435643564356436,74.75247524752476
E00058199,257,43,18,25,214,26,188,16.731517509727624,7.003891050583658,9.72762645914397,83.26848249027238,10.116731517509727,73.15175097276264
E00058200,291,47,19,28,244,27,217,16.151202749140893,6.529209621993128,9.621993127147768,83.8487972508591,9.278350515463918,74.5704467353952
E00058201,273,86,44,42,187,17,170,31.5018315018315,16.117216117216117,15.384615384615385,68.4981684981685,6.227106227106227,62.27106227106227
E00058202,283,35,12,23,248,32,216,12.36749116607774,4.240282685512367,8.12720848056537,87.63250883392226,11.307420494699647,76.32508833922262
E00058204,234,56,27,29,178,26,152,23.931623931623932,11.538461538461538,12.393162393162394,76.06837606837607,11.11111111111111,64.95726495726495
E00058205,559,104,44,60,455,28,427,18.6046511627907,7.8711985688729875,10.73345259391771,81.3953488372093,5.008944543828265,76.38640429338103
E00058206,209,45,19,26,164,15,149,21.5311004784689,9.090909090909092,12.440191387559809,78.4688995215311,7.177033492822966,71.29186602870813
E00058207,393,75,35,40,318,37,281,19.083969465648856,8.9058524173028,10.178117048346055,80.91603053435115,9.414758269720101,71.50127226463104
E00058208,331,74,37,37,257,24,233,22.356495468277945,11.178247734138973,11.178247734138973,77.64350453172206,7.250755287009064,70.39274924471299
E00058209,288,47,22,25,241,14,227,16.319444444444446,7.638888888888889,8.680555555555555,83.68055555555556,4.861111111111112,78.81944444444444
E00058210,307,36,18,18,271,20,251,11.726384364820847,5.863192182410423,5.863192182410423,88.27361563517914,6.514657980456026,81.75895765472313
E00058212,406,42,17,25,364,31,333,10.344827586206897,4.1871921182266005,6.157635467980295,89.65517241379311,7.635467980295567,82.01970443349754
E00058213,294,82,38,44,212,13,199,27.89115646258503,12.925170068027212,14.965986394557824,72.10884353741497,4.421768707482993,67.68707482993197
E00058214,346,66,23,43,280,32,248,19.07514450867052,6.6473988439306355,12.427745664739884,80.92485549132948,9.248554913294797,71.67630057803468
E00058215,326,47,16,31,279,32,247,14.417177914110429,4.9079754601226995,9.509202453987731,85.58282208588957,9.815950920245399,75.76687116564416
E00058216,225,71,38,33,154,22,132,31.555555555555554,16.88888888888889,14.666666666666666,68.44444444444444,9.777777777777779,58.666666666666664
E00058217,276,44,11,33,232,17,215,15.942028985507244,3.985507246376811,11.956521739130435,84.05797101449275,6.159420289855073,77.89855072463769
E00058218,299,74,38,36,225,16,209,24.74916387959866,12.709030100334449,12.040133779264215,75.25083612040135,5.351170568561873,69.89966555183946
E00058219,318,67,26,41,251,24,227,21.069182389937108,8.176100628930817,12.89308176100629,78.9308176100629,7.547169811320755,71.38364779874213
E00058220,442,65,15,50,377,34,343,14.705882352941178,3.3936651583710407,11.312217194570136,85.29411764705883,7.6923076923076925,77.60180995475113
E00058221,253,39,16,23,214,11,203,15.41501976284585,6.324110671936759,9.090909090909092,84.58498023715416,4.3478260869565215,80.23715415019763
E00058222,285,94,46,48,191,19,172,32.98245614035088,16.140350877192983,16.842105263157894,67.01754385964912,6.666666666666667,60.35087719298245
E00058223,340,41,18,23,299,23,276,12.058823529411764,5.294117647058823,6.764705882352941,87.94117647058823,6.764705882352941,81.17647058823529
E00058224,302,72,29,43,230,19,211,23.841059602649008,9.602649006622517,14.23841059602649,76.15894039735099,6.291390728476822,69.86754966887418
E00058226,243,46,20,26,197,22,175,18.930041152263374,8.23045267489712,10.699588477366255,81.06995884773663,9.053497942386832,72.0164609053498
E00058227,274,46,12,34,228,14,214,16.78832116788321,4.37956204379562,12.408759124087592,83.21167883211679,5.109489051094891,78.1021897810219
E00058228,234,41,20,21,193,22,171,17.52136752136752,8.547008547008547,8.974358974358974,82.47863247863248,9.401709401709402,73.07692307692307
E00058229,311,53,23,30,258,22,236,17.041800643086816,7.395498392282958,9.646302250803858,82.95819935691318,7.07395498392283,75.88424437299035
E00058230,340,74,32,42,266,19,247,21.764705882352942,9.411764705882353,12.352941176470589,78.23529411764706,5.588235294117648,72.6470588235294
E00058231,277,64,41,23,213,17,196,23.104693140794225,14.801444043321299,8.303249097472925,76.89530685920577,6.137184115523466,70.7581227436823
E00058232,305,77,41,36,228,31,197,25.245901639344265,13.442622950819672,11.80327868852459,74.75409836065575,10.163934426229508,64.59016393442623
E00058233,401,65,37,28,336,18,318,16.209476309226932,9.226932668329177,6.982543640897755,83.79052369077307,4.488778054862843,79.30174563591022
E00058234,347,24,3,21,323,32,291,6.9164265129683,0.8645533141210375,6.051873198847262,93.0835734870317,9.221902017291066,83.86167146974063
E00058235,242,33,15,18,209,20,189,13.636363636363635,6.198347107438017,7.43801652892562,86.36363636363636,8.264462809917356,78.099173553719
E00058236,298,29,11,18,269,18,251,9.731543624161073,3.691275167785235,6.0402684563758395,90.26845637583892,6.0402684563758395,84.22818791946308
E00058237,347,36,7,29,311,21,290,10.37463976945245,2.0172910662824206,8.357348703170029,89.62536023054754,6.051873198847262,83.5734870317003
E00058238,275,29,8,21,246,17,229,10.545454545454545,2.909090909090909,7.636363636363637,89.45454545454545,6.181818181818182,83.27272727272728
E00058239,307,54,17,37,253,24,229,17.58957654723127,5.537459283387622,12.052117263843648,82.41042345276874,7.81758957654723,74.5928338762215
E00058240,328,38,12,26,290,21,269,11.585365853658537,3.6585365853658534,7.926829268292683,88.41463414634147,6.402439024390244,82.01219512195121
E00058241,293,36,14,22,257,22,235,12.286689419795222,4.778156996587031,7.508532423208192,87.71331058020478,7.508532423208192,80.2047781569966
E00058242,249,41,17,24,208,24,184,16.46586345381526,6.827309236947792,9.63855421686747,83.53413654618474,9.63855421686747,73.89558232931726
E00058243,251,44,17,27,207,18,189,17.52988047808765,6.772908366533864,10.756972111553784,82.47011952191235,7.171314741035857,75.2988047808765
E00058244,288,27,12,15,261,28,233,9.375,4.166666666666666,5.208333333333334,90.625,9.722222222222223,80.90277777777779
E00058245,242,31,12,19,211,22,189,12.8099173553719,4.958677685950414,7.851239669421488,87.19008264462809,9.090909090909092,78.099173553719
E00058246,249,29,12,17,220,15,205,11.646586345381527,4.819277108433735,6.827309236947792,88.35341365461848,6.024096385542169,82.32931726907631
E00058247,216,37,21,16,179,20,159,17.12962962962963,9.722222222222223,7.4074074074074066,82.87037037037037,9.25925925925926,73.61111111111111
E00058248,292,43,18,25,249,26,223,14.726027397260275,6.164383561643835,8.561643835616438,85.27397260273972,8.904109589041095,76.36986301369863
E00058249,268,39,15,24,229,21,208,14.55223880597015,5.597014925373134,8.955223880597014,85.44776119402985,7.835820895522389,77.61194029850746
E00058250,270,42,21,21,228,23,205,15.555555555555555,7.777777777777778,7.777777777777778,84.44444444444444,8.518518518518519,75.92592592592592
E00058251,305,24,10,14,281,21,260,7.868852459016394,3.278688524590164,4.590163934426229,92.1311475409836,6.885245901639345,85.24590163934425
E00058252,298,72,29,43,226,19,207,24.161073825503358,9.731543624161073,14.429530201342283,75.83892617449665,6.375838926174497,69.46308724832215
E00058253,323,42,17,25,281,14,267,13.003095975232199,5.263157894736842,7.739938080495357,86.9969040247678,4.3343653250774,82.6625386996904
E00058254,281,51,27,24,230,14,216,18.14946619217082,9.608540925266903,8.540925266903916,81.85053380782918,4.98220640569395,76.86832740213522
E00058255,333,57,29,28,276,12,264,17.117117117117118,8.708708708708707,8.408408408408409,82.88288288288288,3.6036036036036037,79.27927927927928
E00058256,289,80,40,40,209,28,181,27.68166089965398,13.84083044982699,13.84083044982699,72.31833910034602,9.688581314878892,62.629757785467135
E00058257,282,46,20,26,236,15,221,16.312056737588655,7.092198581560284,9.219858156028367,83.68794326241135,5.319148936170213,78.36879432624113
E00058258,313,53,29,24,260,23,237,16.93290734824281,9.26517571884984,7.667731629392971,83.06709265175719,7.348242811501597,75.71884984025559
E00058259,243,38,13,25,205,19,186,15.637860082304528,5.349794238683128,10.2880658436214,84.36213991769547,7.818930041152264,76.5432098765432
E00058260,328,64,26,38,264,18,246,19.51219512195122,7.926829268292683,11.585365853658537,80.48780487804879,5.487804878048781,75
E00058261,263,62,33,29,201,18,183,23.574144486692013,12.547528517110266,11.02661596958175,76.42585551330798,6.844106463878327,69.58174904942965
E00058262,327,112,71,41,215,14,201,34.25076452599388,21.712538226299692,12.538226299694188,65.74923547400611,4.281345565749235,61.46788990825688
E00058263,268,66,35,31,202,8,194,24.62686567164179,13.059701492537313,11.567164179104477,75.3731343283582,2.9850746268656714,72.38805970149254
E00058264,283,53,31,22,230,16,214,18.727915194346288,10.954063604240282,7.773851590106007,81.2720848056537,5.6537102473498235,75.61837455830388
E00058265,315,60,30,30,255,9,246,19.047619047619047,9.523809523809524,9.523809523809524,80.95238095238095,2.857142857142857,78.0952380952381
E00058266,108,22,9,13,86,15,71,20.37037037037037,8.333333333333332,12.037037037037036,79.62962962962963,13.88888888888889,65.74074074074075
E00058267,296,44,18,26,252,22,230,14.864864864864865,6.081081081081082,8.783783783783784,85.13513513513513,7.4324324324324325,77.7027027027027
E00058268,291,37,19,18,254,31,223,12.714776632302405,6.529209621993128,6.185567010309279,87.2852233676976,10.652920962199312,76.6323024054983
E00058269,322,17,0,17,305,31,274,5.279503105590062,0,5.279503105590062,94.72049689440993,9.627329192546584,85.09316770186336
E00058270,369,43,18,25,326,33,293,11.653116531165312,4.878048780487805,6.775067750677506,88.34688346883469,8.94308943089431,79.40379403794037
E00058271,239,49,17,32,190,12,178,20.502092050209207,7.112970711297072,13.389121338912133,79.49790794979079,5.02092050209205,74.47698744769873
E00058272,319,37,5,32,282,29,253,11.598746081504702,1.5673981191222568,10.031347962382444,88.40125391849529,9.090909090909092,79.3103448275862
E00058273,183,41,15,26,142,20,122,22.404371584699454,8.19672131147541,14.207650273224044,77.59562841530054,10.92896174863388,66.66666666666666
E00058274,308,36,12,24,272,23,249,11.688311688311687,3.896103896103896,7.792207792207792,88.31168831168831,7.467532467532467,80.84415584415584
E00058275,321,33,13,20,288,38,250,10.2803738317757,4.049844236760125,6.230529595015576,89.7196261682243,11.838006230529595,77.88161993769471
E00058276,249,22,9,13,227,21,206,8.835341365461847,3.614457831325301,5.220883534136546,91.16465863453816,8.433734939759036,82.73092369477911
E00058277,182,56,28,28,126,15,111,30.76923076923077,15.384615384615385,15.384615384615385,69.23076923076923,8.241758241758241,60.98901098901099
E00058278,288,39,8,31,249,23,226,13.541666666666666,2.7777777777777777,10.76388888888889,86.45833333333334,7.986111111111111,78.47222222222221
E00058279,299,30,13,17,269,17,252,10.033444816053512,4.3478260869565215,5.68561872909699,89.96655518394648,5.68561872909699,84.2809364548495
E00058280,259,41,17,24,218,14,204,15.83011583011583,6.563706563706563,9.266409266409266,84.16988416988417,5.405405405405405,78.76447876447877
E00058281,213,40,17,23,173,12,161,18.779342723004692,7.981220657276995,10.7981220657277,81.2206572769953,5.633802816901409,75.5868544600939
E00058282,295,42,14,28,253,21,232,14.237288135593221,4.745762711864407,9.491525423728813,85.76271186440678,7.118644067796611,78.64406779661017
E00058283,338,40,17,23,298,26,272,11.834319526627219,5.029585798816568,6.8047337278106506,88.16568047337277,7.6923076923076925,80.4733727810651
E00058284,293,24,7,17,269,28,241,8.19112627986348,2.3890784982935154,5.802047781569966,91.80887372013652,9.556313993174061,82.25255972696246
E00058285,147,20,7,13,127,14,113,13.60544217687075,4.761904761904762,8.843537414965986,86.39455782312925,9.523809523809524,76.87074829931973
E00058286,178,50,22,28,128,12,116,28.08988764044944,12.359550561797752,15.730337078651685,71.91011235955057,6.741573033707865,65.1685393258427
E00058287,409,45,21,24,364,24,340,11.00244498777506,5.134474327628362,5.8679706601467,88.99755501222494,5.8679706601467,83.12958435207824
E00058288,332,32,13,19,300,32,268,9.63855421686747,3.91566265060241,5.72289156626506,90.36144578313254,9.63855421686747,80.72289156626506
E00058289,301,35,15,20,266,26,240,11.627906976744185,4.983388704318937,6.64451827242525,88.37209302325581,8.637873754152823,79.734219269103
E00058290,304,33,12,21,271,17,254,10.855263157894738,3.9473684210526314,6.907894736842106,89.14473684210526,5.592105263157895,83.55263157894737
E00058291,245,45,25,20,200,24,176,18.367346938775512,10.204081632653061,8.16326530612245,81.63265306122449,9.795918367346939,71.83673469387755
E00058292,313,36,9,27,277,26,251,11.501597444089457,2.8753993610223643,8.626198083067091,88.49840255591054,8.30670926517572,80.19169329073482
E00058293,312,25,12,13,287,26,261,8.012820512820513,3.8461538461538463,4.166666666666666,91.98717948717949,8.333333333333332,83.65384615384616
E00058294,267,41,16,25,226,22,204,15.355805243445692,5.992509363295881,9.363295880149813,84.6441947565543,8.239700374531834,76.40449438202246
E00058295,311,43,15,28,268,32,236,13.826366559485532,4.823151125401929,9.003215434083602,86.17363344051448,10.289389067524116,75.88424437299035
E00058296,362,38,16,22,324,28,296,10.497237569060774,4.41988950276243,6.077348066298343,89.50276243093923,7.734806629834254,81.76795580110497
E00058297,337,36,11,25,301,33,268,10.682492581602373,3.2640949554896146,7.418397626112759,89.31750741839762,9.792284866468842,79.52522255192879
E00058298,294,23,10,13,271,27,244,7.8231292517006805,3.4013605442176873,4.421768707482993,92.17687074829932,9.183673469387756,82.99319727891157
E00058299,327,41,15,26,286,26,260,12.538226299694188,4.587155963302752,7.951070336391437,87.46177370030581,7.951070336391437,79.51070336391437
E00058300,313,53,23,30,260,19,241,16.93290734824281,7.348242811501597,9.584664536741213,83.06709265175719,6.070287539936102,76.99680511182109
E00058301,227,45,19,26,182,19,163,19.823788546255507,8.370044052863436,11.45374449339207,80.1762114537445,8.370044052863436,71.80616740088107
E00058302,316,20,6,14,296,29,267,6.329113924050633,1.89873417721519,4.430379746835443,93.67088607594937,9.177215189873419,84.49367088607595
E00058303,323,38,10,28,285,18,267,11.76470588235294,3.0959752321981426,8.6687306501548,88.23529411764706,5.572755417956656,82.6625386996904
E00058304,277,60,20,40,217,25,192,21.660649819494584,7.2202166064981945,14.440433212996389,78.33935018050542,9.025270758122744,69.31407942238266
E00058305,225,52,22,30,173,21,152,23.11111111111111,9.777777777777779,13.333333333333334,76.88888888888889,9.333333333333334,67.55555555555556
E00058306,355,60,23,37,295,28,267,16.901408450704224,6.478873239436619,10.422535211267606,83.09859154929578,7.887323943661972,75.21126760563381
E00058307,294,49,15,34,245,23,222,16.666666666666664,5.1020408163265305,11.564625850340136,83.33333333333334,7.8231292517006805,75.51020408163265
E00058308,332,37,11,26,295,23,272,11.144578313253012,3.313253012048193,7.83132530120482,88.85542168674698,6.927710843373494,81.92771084337349
E00058309,300,57,25,32,243,19,224,19,8.333333333333332,10.666666666666668,81,6.333333333333334,74.66666666666667
E00058310,289,48,24,24,241,26,215,16.608996539792386,8.304498269896193,8.304498269896193,83.39100346020761,8.996539792387544,74.39446366782006
E00058311,317,44,7,37,273,19,254,13.880126182965299,2.2082018927444795,11.67192429022082,86.1198738170347,5.993690851735016,80.12618296529969
E00058312,168,16,3,13,152,12,140,9.523809523809524,1.7857142857142856,7.738095238095238,90.47619047619048,7.142857142857142,83.33333333333334
E00058313,373,51,21,30,322,36,286,13.672922252010725,5.630026809651475,8.04289544235925,86.32707774798928,9.651474530831099,76.67560321715817
E00058314,286,51,23,28,235,24,211,17.832167832167833,8.041958041958042,9.79020979020979,82.16783216783216,8.391608391608392,73.77622377622379
E00058315,300,45,19,26,255,27,228,15,6.333333333333334,8.666666666666668,85,9,76
E00058317,245,48,22,26,197,23,174,19.591836734693878,8.979591836734693,10.612244897959183,80.40816326530611,9.387755102040817,71.0204081632653
E00058318,226,24,8,16,202,25,177,10.619469026548673,3.5398230088495577,7.079646017699115,89.38053097345133,11.061946902654867,78.31858407079646
E00058319,262,43,21,22,219,26,193,16.412213740458014,8.015267175572518,8.396946564885496,83.58778625954199,9.923664122137405,73.66412213740458
E00058320,271,33,11,22,238,25,213,12.177121771217712,4.059040590405904,8.118081180811808,87.82287822878229,9.22509225092251,78.59778597785979
E00058321,283,27,15,12,256,31,225,9.540636042402827,5.30035335689046,4.240282685512367,90.45936395759718,10.954063604240282,79.50530035335689
E00058322,285,34,8,26,251,36,215,11.929824561403509,2.807017543859649,9.12280701754386,88.0701754385965,12.631578947368421,75.43859649122807
E00058323,329,38,9,29,291,27,264,11.55015197568389,2.735562310030395,8.814589665653495,88.44984802431611,8.206686930091186,80.24316109422493
E00058325,281,41,16,25,240,29,211,14.590747330960854,5.6939501779359425,8.896797153024911,85.40925266903915,10.320284697508896,75.08896797153025
E00058326,335,41,12,29,294,24,270,12.238805970149254,3.582089552238806,8.656716417910449,87.76119402985074,7.164179104477612,80.59701492537313
E00058327,437,55,14,41,382,24,358,12.585812356979407,3.203661327231121,9.382151029748284,87.4141876430206,5.491990846681922,81.92219679633868
E00058328,293,35,11,24,258,34,224,11.945392491467576,3.754266211604096,8.19112627986348,88.05460750853243,11.604095563139932,76.45051194539249
E00058329,250,58,19,39,192,28,164,23.200000000000003,7.6,15.6,76.8,11.200000000000001,65.60000000000001
E00058330,311,33,5,28,278,23,255,10.610932475884244,1.607717041800643,9.003215434083602,89.38906752411575,7.395498392282958,81.9935691318328
E00058331,362,26,7,19,336,26,310,7.18232044198895,1.9337016574585635,5.248618784530387,92.81767955801105,7.18232044198895,85.6353591160221
E00058332,170,14,3,11,156,19,137,8.235294117647058,1.7647058823529411,6.470588235294119,91.76470588235294,11.176470588235295,80.58823529411765
E00058333,288,52,11,41,236,33,203,18.055555555555554,3.8194444444444446,14.23611111111111,81.94444444444444,11.458333333333332,70.48611111111111
E00058334,291,53,22,31,238,35,203,18.213058419243985,7.560137457044673,10.652920962199312,81.78694158075601,12.027491408934708,69.7594501718213
E00058335,222,58,28,30,164,27,137,26.126126126126124,12.612612612612612,13.513513513513514,73.87387387387388,12.162162162162163,61.711711711711715
E00058336,264,45,16,29,219,19,200,17.045454545454543,6.0606060606060606,10.984848484848484,82.95454545454545,7.196969696969697,75.75757575757575
E00058337,289,61,22,39,228,18,210,21.10726643598616,7.612456747404845,13.494809688581316,78.89273356401384,6.228373702422145,72.66435986159169
E00058338,323,52,20,32,271,32,239,16.09907120743034,6.191950464396285,9.907120743034056,83.90092879256966,9.907120743034056,73.9938080495356
E00058339,466,60,19,41,406,50,356,12.875536480686694,4.07725321888412,8.798283261802576,87.1244635193133,10.72961373390558,76.39484978540773
E00058340,401,51,18,33,350,41,309,12.718204488778055,4.488778054862843,8.229426433915211,87.28179551122194,10.224438902743142,77.0573566084788
E00058341,280,30,7,23,250,40,210,10.714285714285714,2.5,8.214285714285714,89.28571428571429,14.285714285714285,75
E00058342,235,60,25,35,175,16,159,25.53191489361702,10.638297872340425,14.893617021276595,74.46808510638297,6.808510638297872,67.65957446808511
E00058343,252,38,14,24,214,32,182,15.079365079365079,5.555555555555555,9.523809523809524,84.92063492063492,12.698412698412698,72.22222222222221
E00058344,308,52,15,37,256,27,229,16.883116883116884,4.870129870129871,12.012987012987013,83.11688311688312,8.766233766233766,74.35064935064936
E00058345,270,56,13,43,214,15,199,20.74074074074074,4.814814814814815,15.925925925925927,79.25925925925927,5.555555555555555,73.70370370370371
E00058347,256,31,13,18,225,24,201,12.109375,5.078125,7.03125,87.890625,9.375,78.515625
E00058348,278,26,6,20,252,34,218,9.352517985611511,2.158273381294964,7.1942446043165464,90.64748201438849,12.23021582733813,78.41726618705036
E00058349,278,70,30,40,208,25,183,25.179856115107913,10.79136690647482,14.388489208633093,74.82014388489209,8.992805755395683,65.82733812949641
E00058350,286,26,10,16,260,27,233,9.090909090909092,3.4965034965034967,5.594405594405594,90.9090909090909,9.44055944055944,81.46853146853147
E00058351,313,98,56,42,215,24,191,31.309904153354633,17.89137380191693,13.418530351437699,68.69009584664538,7.667731629392971,61.0223642172524
E00058352,306,61,25,36,245,37,208,19.934640522875817,8.169934640522875,11.76470588235294,80.06535947712419,12.091503267973856,67.97385620915033
E00058353,233,57,36,21,176,23,153,24.463519313304722,15.450643776824036,9.012875536480687,75.53648068669528,9.871244635193133,65.66523605150213
E00058354,375,50,17,33,325,39,286,13.333333333333334,4.533333333333333,8.799999999999999,86.66666666666667,10.4,76.26666666666667
E00058355,231,31,9,22,200,22,178,13.41991341991342,3.896103896103896,9.523809523809524,86.58008658008657,9.523809523809524,77.05627705627705
E00058356,320,60,21,39,260,30,230,18.75,6.5625,12.1875,81.25,9.375,71.875
E00058357,258,52,20,32,206,28,178,20.155038759689923,7.751937984496124,12.4031007751938,79.84496124031007,10.852713178294573,68.9922480620155
E00058358,294,46,20,26,248,37,211,15.646258503401361,6.802721088435375,8.843537414965986,84.35374149659864,12.585034013605442,71.7687074829932
E00058359,269,45,12,33,224,25,199,16.728624535315987,4.4609665427509295,12.267657992565056,83.27137546468401,9.293680297397769,73.97769516728626
E00058360,246,37,7,30,209,17,192,15.040650406504067,2.8455284552845526,12.195121951219512,84.95934959349594,6.910569105691057,78.04878048780488
E00058361,309,47,16,31,262,41,221,15.210355987055015,5.177993527508091,10.032362459546926,84.78964401294499,13.268608414239482,71.52103559870551
E00058362,288,80,39,41,208,26,182,27.77777777777778,13.541666666666666,14.23611111111111,72.22222222222221,9.027777777777777,63.19444444444444
E00058363,301,60,25,35,241,27,214,19.93355481727575,8.305647840531561,11.627906976744185,80.06644518272425,8.970099667774086,71.09634551495017
E00058364,351,50,21,29,301,25,276,14.245014245014245,5.982905982905983,8.262108262108262,85.75498575498575,7.122507122507122,78.63247863247864
E00058365,323,48,13,35,275,27,248,14.860681114551083,4.024767801857585,10.8359133126935,85.13931888544892,8.359133126934983,76.78018575851394
E00058366,323,45,14,31,278,26,252,13.93188854489164,4.3343653250774,9.597523219814242,86.06811145510835,8.04953560371517,78.0185758513932
E00058367,314,46,19,27,268,33,235,14.64968152866242,6.050955414012739,8.598726114649681,85.35031847133759,10.509554140127388,74.84076433121018
E00058368,254,38,8,30,216,40,176,14.960629921259844,3.149606299212598,11.811023622047244,85.03937007874016,15.748031496062993,69.29133858267717
E00058369,396,55,15,40,341,28,313,13.88888888888889,3.787878787878788,10.1010101010101,86.11111111111111,7.07070707070707,79.04040404040404
E00058370,202,41,18,23,161,19,142,20.2970297029703,8.91089108910891,11.386138613861387,79.70297029702971,9.405940594059405,70.29702970297029
E00058371,340,53,13,40,287,32,255,15.588235294117647,3.823529411764706,11.76470588235294,84.41176470588235,9.411764705882353,75
E00058372,293,53,22,31,240,26,214,18.088737201365188,7.508532423208192,10.580204778156997,81.91126279863481,8.873720136518772,73.03754266211604
E00058373,289,58,21,37,231,17,214,20.069204152249135,7.26643598615917,12.802768166089965,79.93079584775087,5.88235294117647,74.0484429065744
E00058374,266,50,18,32,216,14,202,18.796992481203006,6.7669172932330826,12.030075187969924,81.203007518797,5.263157894736842,75.93984962406014
E00058375,348,42,10,32,306,33,273,12.068965517241379,2.8735632183908044,9.195402298850574,87.93103448275862,9.482758620689655,78.44827586206897
E00058376,314,53,12,41,261,22,239,16.878980891719745,3.821656050955414,13.05732484076433,83.12101910828027,7.006369426751593,76.11464968152866
E00058377,165,69,36,33,96,14,82,41.81818181818181,21.818181818181817,20,58.18181818181818,8.484848484848486,49.696969696969695
E00058378,294,43,19,24,251,24,227,14.625850340136054,6.462585034013606,8.16326530612245,85.37414965986395,8.16326530612245,77.21088435374149
E00058379,184,46,22,24,138,17,121,25,11.956521739130435,13.043478260869565,75,9.239130434782608,65.76086956521739
E00058380,248,57,24,33,191,27,164,22.983870967741936,9.67741935483871,13.306451612903224,77.01612903225806,10.887096774193548,66.12903225806451
E00058381,300,54,22,32,246,19,227,18,7.333333333333333,10.666666666666668,82,6.333333333333334,75.66666666666667
E00058382,302,67,34,33,235,18,217,22.185430463576157,11.258278145695364,10.927152317880795,77.81456953642383,5.960264900662252,71.8543046357616
E00058383,586,63,20,43,523,57,466,10.750853242320819,3.4129692832764507,7.337883959044368,89.24914675767917,9.726962457337883,79.5221843003413
E00058384,312,50,13,37,262,34,228,16.025641025641026,4.166666666666666,11.858974358974358,83.97435897435898,10.897435897435898,73.07692307692307
E00058385,282,35,14,21,247,26,221,12.411347517730496,4.964539007092199,7.446808510638298,87.58865248226951,9.219858156028367,78.36879432624113
E00058386,524,70,20,50,454,53,401,13.358778625954198,3.816793893129771,9.541984732824428,86.64122137404581,10.114503816793894,76.52671755725191
E00058387,317,31,7,24,286,21,265,9.779179810725552,2.2082018927444795,7.570977917981073,90.22082018927445,6.624605678233439,83.59621451104101
E00058388,303,38,13,25,265,23,242,12.541254125412541,4.29042904290429,8.25082508250825,87.45874587458746,7.590759075907591,79.86798679867987
E00058389,341,63,29,34,278,36,242,18.475073313782993,8.504398826979472,9.970674486803519,81.52492668621701,10.557184750733137,70.96774193548387
E00058390,323,34,13,21,289,38,251,10.526315789473683,4.024767801857585,6.5015479876160995,89.47368421052632,11.76470588235294,77.70897832817337
E00058391,429,62,28,34,367,33,334,14.452214452214452,6.526806526806526,7.925407925407925,85.54778554778555,7.6923076923076925,77.85547785547784
E00058392,344,62,27,35,282,29,253,18.023255813953487,7.848837209302325,10.174418604651162,81.97674418604652,8.430232558139535,73.54651162790698
E00058393,244,74,42,32,170,23,147,30.327868852459016,17.21311475409836,13.114754098360656,69.67213114754098,9.426229508196721,60.245901639344254
E00058394,265,33,7,26,232,25,207,12.452830188679245,2.6415094339622645,9.811320754716983,87.54716981132076,9.433962264150944,78.11320754716982
E00058395,372,56,23,33,316,24,292,15.053763440860216,6.182795698924731,8.870967741935484,84.94623655913979,6.451612903225806,78.49462365591397
E00058396,395,52,27,25,343,30,313,13.164556962025317,6.8354430379746836,6.329113924050633,86.83544303797468,7.59493670886076,79.24050632911393
E00058397,406,83,26,57,323,19,304,20.44334975369458,6.403940886699508,14.039408866995073,79.55665024630541,4.679802955665025,74.8768472906404
E00058398,357,47,20,27,310,12,298,13.165266106442578,5.602240896358544,7.563025210084033,86.83473389355743,3.361344537815126,83.4733893557423
E00058399,397,73,28,45,324,28,296,18.387909319899247,7.052896725440807,11.335012594458437,81.61209068010076,7.052896725440807,74.55919395465995
E00058400,300,52,24,28,248,18,230,17.333333333333336,8,9.333333333333334,82.66666666666667,6,76.66666666666667
E00058401,330,64,25,39,266,21,245,19.393939393939394,7.575757575757576,11.818181818181818,80.60606060606061,6.363636363636363,74.24242424242425
E00058402,356,42,16,26,314,27,287,11.797752808988763,4.49438202247191,7.303370786516854,88.20224719101124,7.584269662921349,80.6179775280899
E00058403,341,57,42,15,284,21,263,16.715542521994134,12.316715542521994,4.398826979472141,83.28445747800586,6.158357771260997,77.12609970674487
E00058404,346,71,40,31,275,18,257,20.520231213872833,11.560693641618498,8.959537572254336,79.47976878612717,5.202312138728324,74.27745664739885
E00058405,278,54,22,32,224,17,207,19.424460431654676,7.913669064748201,11.510791366906476,80.57553956834532,6.115107913669065,74.46043165467626
E00058406,270,36,13,23,234,25,209,13.333333333333334,4.814814814814815,8.518518518518519,86.66666666666667,9.25925925925926,77.4074074074074
E00058407,466,32,5,27,434,44,390,6.866952789699571,1.0729613733905579,5.793991416309012,93.13304721030042,9.44206008583691,83.69098712446352
E00058408,280,42,15,27,238,30,208,15,5.357142857142857,9.642857142857144,85,10.714285714285714,74.28571428571429
E00058409,329,47,17,30,282,19,263,14.285714285714285,5.167173252279635,9.118541033434651,85.71428571428571,5.775075987841945,79.93920972644378
E00058410,253,45,12,33,208,13,195,17.786561264822133,4.743083003952568,13.043478260869565,82.21343873517787,5.138339920948617,77.07509881422925
E00058411,314,57,21,36,257,26,231,18.152866242038215,6.687898089171974,11.464968152866243,81.84713375796179,8.280254777070063,73.56687898089172
E00058412,315,41,13,28,274,26,248,13.015873015873018,4.1269841269841265,8.88888888888889,86.98412698412699,8.253968253968253,78.73015873015873
E00058413,272,45,23,22,227,31,196,16.544117647058822,8.455882352941178,8.088235294117647,83.45588235294117,11.397058823529411,72.05882352941177
E00058414,270,63,32,31,207,21,186,23.333333333333332,11.851851851851853,11.481481481481481,76.66666666666667,7.777777777777778,68.88888888888889
E00058415,406,85,40,45,321,16,305,20.935960591133004,9.852216748768473,11.083743842364532,79.06403940886699,3.9408866995073892,75.1231527093596
E00058416,485,51,11,40,434,36,398,10.515463917525773,2.268041237113402,8.24742268041237,89.48453608247424,7.422680412371134,82.06185567010309
E00058417,301,43,25,18,258,27,231,14.285714285714285,8.305647840531561,5.980066445182724,85.71428571428571,8.970099667774086,76.74418604651163
E00058419,323,31,9,22,292,23,269,9.597523219814242,2.786377708978328,6.811145510835913,90.40247678018576,7.120743034055728,83.28173374613003
E00058420,226,37,11,26,189,17,172,16.371681415929203,4.867256637168142,11.504424778761061,83.6283185840708,7.52212389380531,76.10619469026548
E00058421,304,85,62,23,219,13,206,27.960526315789476,20.394736842105264,7.565789473684211,72.03947368421053,4.276315789473684,67.76315789473685
E00058422,257,41,19,22,216,25,191,15.953307392996107,7.392996108949417,8.560311284046692,84.04669260700389,9.72762645914397,74.31906614785993
E00058423,328,40,12,28,288,36,252,12.195121951219512,3.6585365853658534,8.536585365853659,87.8048780487805,10.975609756097562,76.82926829268293
E00058424,253,42,12,30,211,29,182,16.600790513833992,4.743083003952568,11.857707509881422,83.399209486166,11.462450592885375,71.93675889328063
E00058425,222,38,20,18,184,13,171,17.117117117117118,9.00900900900901,8.108108108108109,82.88288288288288,5.8558558558558556,77.02702702702703
E00058426,491,67,22,45,424,40,384,13.64562118126273,4.480651731160896,9.164969450101832,86.35437881873727,8.146639511201629,78.20773930753563
E00058427,351,55,28,27,296,15,281,15.669515669515668,7.977207977207977,7.6923076923076925,84.33048433048434,4.273504273504273,80.05698005698005
E00058428,362,51,18,33,311,17,294,14.088397790055248,4.972375690607735,9.116022099447514,85.91160220994475,4.696132596685083,81.21546961325967
E00058429,371,46,19,27,325,7,318,12.398921832884097,5.121293800539084,7.277628032345014,87.6010781671159,1.8867924528301887,85.71428571428571
E00058430,335,54,28,26,281,14,267,16.119402985074625,8.358208955223882,7.761194029850746,83.88059701492537,4.179104477611941,79.70149253731343
E00058432,227,52,25,27,175,16,159,22.90748898678414,11.013215859030836,11.894273127753303,77.09251101321586,7.048458149779736,70.04405286343612
E00058433,286,44,18,26,242,23,219,15.384615384615385,6.293706293706294,9.090909090909092,84.61538461538461,8.041958041958042,76.57342657342657
E00058434,308,61,20,41,247,20,227,19.805194805194805,6.493506493506493,13.311688311688311,80.1948051948052,6.493506493506493,73.7012987012987
E00058435,285,33,11,22,252,24,228,11.578947368421053,3.8596491228070176,7.719298245614035,88.42105263157895,8.421052631578947,80
E00058436,257,34,12,22,223,29,194,13.229571984435799,4.669260700389105,8.560311284046692,86.7704280155642,11.284046692607005,75.4863813229572
E00058437,205,31,6,25,174,22,152,15.121951219512194,2.9268292682926833,12.195121951219512,84.8780487804878,10.731707317073171,74.14634146341463
E00058438,240,45,21,24,195,23,172,18.75,8.75,10,81.25,9.583333333333334,71.66666666666667
E00058439,257,39,15,24,218,20,198,15.17509727626459,5.836575875486381,9.33852140077821,84.8249027237354,7.782101167315175,77.04280155642024
E00058440,263,40,13,27,223,22,201,15.209125475285171,4.942965779467681,10.26615969581749,84.79087452471484,8.365019011406844,76.42585551330798
E00058441,357,71,23,48,286,19,267,19.88795518207283,6.442577030812324,13.445378151260504,80.11204481792717,5.322128851540616,74.78991596638656
E00058442,322,30,12,18,292,35,257,9.316770186335404,3.7267080745341614,5.590062111801243,90.6832298136646,10.869565217391305,79.8136645962733
E00058443,266,36,9,27,230,21,209,13.533834586466165,3.3834586466165413,10.150375939849624,86.46616541353383,7.894736842105263,78.57142857142857
E00058444,376,47,14,33,329,40,289,12.5,3.723404255319149,8.77659574468085,87.5,10.638297872340425,76.86170212765957
E00058445,329,49,12,37,280,34,246,14.893617021276595,3.64741641337386,11.246200607902736,85.1063829787234,10.33434650455927,74.77203647416414
E00058446,292,35,10,25,257,20,237,11.986301369863012,3.4246575342465753,8.561643835616438,88.01369863013699,6.8493150684931505,81.16438356164383
E00058447,405,64,25,39,341,41,300,15.802469135802468,6.172839506172839,9.62962962962963,84.19753086419753,10.123456790123457,74.07407407407408
E00058448,249,38,8,30,211,21,190,15.261044176706829,3.2128514056224895,12.048192771084338,84.73895582329317,8.433734939759036,76.30522088353415
E00058449,422,35,11,24,387,33,354,8.293838862559241,2.6066350710900474,5.687203791469194,91.70616113744076,7.819905213270142,83.88625592417061
E00058450,264,43,18,25,221,15,206,16.28787878787879,6.8181818181818175,9.469696969696969,83.71212121212122,5.681818181818182,78.03030303030303
E00058451,300,33,8,25,267,29,238,11,2.666666666666667,8.333333333333332,89,9.666666666666666,79.33333333333333
E00058452,525,61,19,42,464,33,431,11.619047619047619,3.619047619047619,8,88.38095238095238,6.2857142857142865,82.0952380952381
E00058453,384,46,19,27,338,27,311,11.979166666666668,4.947916666666666,7.03125,88.02083333333334,7.03125,80.98958333333334
E00058454,369,47,9,38,322,25,297,12.737127371273713,2.4390243902439024,10.29810298102981,87.26287262872629,6.775067750677506,80.48780487804879
E00058455,493,47,17,30,446,30,416,9.533468559837727,3.4482758620689653,6.085192697768763,90.46653144016227,6.085192697768763,84.38133874239351
E00058456,263,48,19,29,215,15,200,18.250950570342205,7.224334600760455,11.02661596958175,81.74904942965779,5.7034220532319395,76.04562737642586
E00058457,359,55,16,39,304,33,271,15.32033426183844,4.456824512534819,10.86350974930362,84.67966573816156,9.192200557103064,75.4874651810585
E00058458,534,67,18,49,467,50,417,12.54681647940075,3.3707865168539324,9.176029962546817,87.45318352059925,9.363295880149813,78.08988764044943
E00058459,232,39,20,19,193,22,171,16.810344827586206,8.620689655172415,8.189655172413794,83.1896551724138,9.482758620689655,73.70689655172413
E00058460,195,32,10,22,163,17,146,16.41025641025641,5.128205128205128,11.282051282051283,83.58974358974359,8.717948717948717,74.87179487179488
E00058461,249,36,12,24,213,24,189,14.457831325301203,4.819277108433735,9.63855421686747,85.54216867469879,9.63855421686747,75.90361445783132
E00058462,285,36,8,28,249,20,229,12.631578947368421,2.807017543859649,9.824561403508772,87.36842105263159,7.017543859649122,80.35087719298247
E00058463,326,88,46,42,238,23,215,26.993865030674847,14.11042944785276,12.883435582822086,73.00613496932516,7.05521472392638,65.95092024539878
E00058464,344,40,13,27,304,29,275,11.627906976744185,3.77906976744186,7.848837209302325,88.37209302325581,8.430232558139535,79.94186046511628
E00058465,291,34,17,17,257,21,236,11.683848797250858,5.841924398625429,5.841924398625429,88.31615120274914,7.216494845360824,81.09965635738831
E00058466,323,36,20,16,287,10,277,11.145510835913312,6.191950464396285,4.953560371517028,88.85448916408669,3.0959752321981426,85.75851393188854
E00058467,291,36,16,20,255,16,239,12.371134020618557,5.498281786941581,6.872852233676976,87.62886597938144,5.498281786941581,82.13058419243985
E00058468,353,48,13,35,305,30,275,13.59773371104816,3.6827195467422094,9.91501416430595,86.40226628895185,8.498583569405099,77.90368271954674
E00058469,350,64,23,41,286,28,258,18.285714285714285,6.571428571428571,11.714285714285715,81.71428571428572,8,73.71428571428571
E00058470,374,52,24,28,322,32,290,13.903743315508022,6.417112299465241,7.4866310160427805,86.09625668449198,8.55614973262032,77.54010695187165
E00058471,266,64,29,35,202,10,192,24.06015037593985,10.902255639097744,13.157894736842104,75.93984962406014,3.7593984962406015,72.18045112781954
E00058472,356,50,14,36,306,24,282,14.04494382022472,3.932584269662921,10.112359550561797,85.95505617977528,6.741573033707865,79.21348314606742
E00058473,307,71,36,35,236,32,204,23.12703583061889,11.726384364820847,11.400651465798045,76.8729641693811,10.423452768729643,66.44951140065146
E00058474,339,81,45,36,258,32,226,23.893805309734514,13.274336283185843,10.619469026548673,76.10619469026548,9.43952802359882,66.66666666666666
E00058475,338,76,34,42,262,21,241,22.485207100591715,10.059171597633137,12.42603550295858,77.51479289940828,6.21301775147929,71.30177514792899
E00058476,305,43,17,26,262,29,233,14.098360655737704,5.573770491803279,8.524590163934425,85.90163934426229,9.508196721311474,76.39344262295083
E00058477,356,52,28,24,304,26,278,14.606741573033707,7.865168539325842,6.741573033707865,85.39325842696628,7.303370786516854,78.08988764044943
E00058478,408,54,21,33,354,32,322,13.23529411764706,5.147058823529411,8.088235294117647,86.76470588235294,7.8431372549019605,78.92156862745098
E00058479,519,53,10,43,466,42,424,10.211946050096339,1.9267822736030826,8.285163776493256,89.78805394990366,8.092485549132949,81.69556840077071
E00058481,465,73,28,45,392,30,362,15.698924731182796,6.021505376344086,9.67741935483871,84.3010752688172,6.451612903225806,77.84946236559139
E00058482,352,90,47,43,262,29,233,25.568181818181817,13.352272727272727,12.215909090909092,74.43181818181817,8.238636363636363,66.19318181818183
E00058484,285,42,20,22,243,14,229,14.736842105263156,7.017543859649122,7.719298245614035,85.26315789473684,4.912280701754386,80.35087719298247
E00058485,298,141,106,35,157,17,140,47.31543624161073,35.57046979865772,11.74496644295302,52.68456375838926,5.704697986577181,46.97986577181208
E00058486,381,79,37,42,302,23,279,20.73490813648294,9.711286089238845,11.023622047244094,79.26509186351706,6.036745406824147,73.22834645669292
E00058487,309,45,9,36,264,29,235,14.563106796116504,2.912621359223301,11.650485436893204,85.43689320388349,9.385113268608414,76.05177993527508
E00058488,326,34,8,26,292,28,264,10.429447852760736,2.4539877300613497,7.975460122699387,89.57055214723927,8.588957055214724,80.98159509202453
E00058489,304,49,23,26,255,24,231,16.11842105263158,7.565789473684211,8.552631578947368,83.88157894736842,7.894736842105263,75.98684210526315
E00058490,356,66,22,44,290,22,268,18.53932584269663,6.179775280898876,12.359550561797752,81.46067415730337,6.179775280898876,75.28089887640449
E00058491,334,51,31,20,283,22,261,15.269461077844312,9.281437125748502,5.9880239520958085,84.73053892215569,6.58682634730539,78.1437125748503
E00058492,368,46,16,30,322,26,296,12.5,4.3478260869565215,8.152173913043478,87.5,7.065217391304348,80.43478260869566
E00058493,279,56,26,30,223,23,200,20.07168458781362,9.31899641577061,10.75268817204301,79.92831541218638,8.24372759856631,71.68458781362007
E00058494,194,67,29,38,127,12,115,34.5360824742268,14.948453608247423,19.587628865979383,65.4639175257732,6.185567010309279,59.27835051546392
E00058495,317,75,43,32,242,24,218,23.65930599369085,13.564668769716087,10.094637223974763,76.34069400630915,7.570977917981073,68.76971608832808
E00058496,301,42,9,33,259,31,228,13.953488372093023,2.990033222591362,10.96345514950166,86.04651162790698,10.299003322259136,75.74750830564784
E00058498,425,52,14,38,373,33,340,12.23529411764706,3.294117647058824,8.941176470588236,87.76470588235294,7.764705882352942,80
E00058499,315,46,18,28,269,17,252,14.603174603174605,5.714285714285714,8.88888888888889,85.39682539682539,5.396825396825397,80
E00058500,334,65,39,26,269,20,249,19.46107784431138,11.676646706586826,7.784431137724551,80.53892215568862,5.9880239520958085,74.55089820359282
E00058501,332,28,10,18,304,21,283,8.433734939759036,3.0120481927710845,5.421686746987952,91.56626506024097,6.325301204819277,85.2409638554217
E00058502,303,35,17,18,268,32,236,11.55115511551155,5.6105610561056105,5.9405940594059405,88.44884488448845,10.561056105610561,77.88778877887789
E00058503,292,31,7,24,261,23,238,10.616438356164384,2.3972602739726026,8.21917808219178,89.38356164383562,7.876712328767123,81.5068493150685
E00058504,334,34,10,24,300,25,275,10.179640718562874,2.9940119760479043,7.18562874251497,89.82035928143712,7.48502994011976,82.33532934131736
E00058505,293,58,29,29,235,18,217,19.795221843003414,9.897610921501707,9.897610921501707,80.2047781569966,6.143344709897611,74.06143344709898
E00058506,301,59,25,34,242,21,221,19.601328903654487,8.305647840531561,11.295681063122924,80.39867109634552,6.976744186046512,73.421926910299
E00058507,310,54,21,33,256,23,233,17.419354838709676,6.774193548387098,10.64516129032258,82.58064516129032,7.419354838709677,75.16129032258064
E00058508,261,51,16,35,210,29,181,19.54022988505747,6.130268199233716,13.409961685823754,80.45977011494253,11.11111111111111,69.34865900383141
E00058509,259,63,31,32,196,19,177,24.324324324324326,11.96911196911197,12.355212355212355,75.67567567567568,7.335907335907336,68.33976833976834
E00058510,257,53,17,36,204,17,187,20.622568093385212,6.614785992217899,14.007782101167315,79.37743190661479,6.614785992217899,72.76264591439688
E00058511,318,42,17,25,276,20,256,13.20754716981132,5.345911949685535,7.861635220125786,86.79245283018868,6.289308176100629,80.50314465408806
E00058512,317,68,31,37,249,24,225,21.451104100946374,9.779179810725552,11.67192429022082,78.54889589905363,7.570977917981073,70.97791798107255
E00058513,265,53,22,31,212,18,194,20,8.30188679245283,11.69811320754717,80,6.7924528301886795,73.20754716981132
E00058514,289,55,18,37,234,17,217,19.031141868512112,6.228373702422145,12.802768166089965,80.96885813148789,5.88235294117647,75.08650519031141
E00058515,257,43,18,25,214,23,191,16.731517509727624,7.003891050583658,9.72762645914397,83.26848249027238,8.949416342412452,74.31906614785993
E00058516,194,40,17,23,154,9,145,20.618556701030926,8.762886597938143,11.855670103092782,79.38144329896907,4.639175257731959,74.74226804123711
E00058517,386,83,29,54,303,24,279,21.502590673575128,7.512953367875648,13.989637305699482,78.49740932642487,6.217616580310881,72.279792746114
E00058518,337,63,16,47,274,34,240,18.694362017804153,4.747774480712167,13.94658753709199,81.30563798219585,10.089020771513352,71.2166172106825
E00058519,229,53,29,24,176,20,156,23.144104803493452,12.663755458515283,10.480349344978166,76.85589519650655,8.73362445414847,68.12227074235808
E00058520,241,56,27,29,185,17,168,23.236514522821576,11.20331950207469,12.033195020746888,76.76348547717843,7.053941908713693,69.70954356846472
E00058521,266,47,19,28,219,19,200,17.669172932330827,7.142857142857142,10.526315789473683,82.33082706766918,7.142857142857142,75.18796992481202
E00058522,267,56,33,23,211,18,193,20.973782771535582,12.359550561797752,8.614232209737828,79.02621722846442,6.741573033707865,72.28464419475655
E00058523,267,53,12,41,214,29,185,19.850187265917604,4.49438202247191,15.355805243445692,80.14981273408239,10.861423220973784,69.28838951310861
E00058524,345,70,29,41,275,14,261,20.28985507246377,8.405797101449275,11.884057971014492,79.71014492753623,4.057971014492753,75.65217391304347
E00058525,260,39,10,29,221,30,191,15,3.8461538461538463,11.153846153846155,85,11.538461538461538,73.46153846153847
E00058526,298,41,13,28,257,25,232,13.758389261744966,4.3624161073825505,9.395973154362416,86.24161073825503,8.389261744966444,77.85234899328859
E00058527,358,51,17,34,307,40,267,14.24581005586592,4.748603351955307,9.497206703910614,85.75418994413407,11.1731843575419,74.58100558659217
E00058528,233,54,29,25,179,17,162,23.17596566523605,12.446351931330472,10.72961373390558,76.82403433476395,7.296137339055794,69.52789699570815
E00058529,268,51,23,28,217,20,197,19.029850746268657,8.582089552238806,10.44776119402985,80.97014925373134,7.462686567164178,73.50746268656717
E00058530,176,85,39,46,91,10,81,48.29545454545455,22.15909090909091,26.136363636363637,51.70454545454546,5.681818181818182,46.02272727272727
E00058531,350,80,36,44,270,30,240,22.857142857142858,10.285714285714285,12.571428571428573,77.14285714285715,8.571428571428571,68.57142857142857
E00058532,275,51,24,27,224,17,207,18.545454545454547,8.727272727272728,9.818181818181818,81.45454545454545,6.181818181818182,75.27272727272727
E00058533,301,66,23,43,235,24,211,21.92691029900332,7.641196013289036,14.285714285714285,78.07308970099668,7.973421926910299,70.09966777408638
E00058534,250,80,35,45,170,21,149,32,14.000000000000002,18,68,8.4,59.599999999999994
E00058535,327,69,31,38,258,18,240,21.100917431192663,9.480122324159021,11.62079510703364,78.89908256880734,5.5045871559633035,73.39449541284404
E00058536,257,48,15,33,209,17,192,18.67704280155642,5.836575875486381,12.840466926070038,81.32295719844358,6.614785992217899,74.70817120622569
E00058537,326,34,10,24,292,29,263,10.429447852760736,3.067484662576687,7.361963190184049,89.57055214723927,8.895705521472392,80.67484662576688
E00058538,316,64,28,36,252,19,233,20.253164556962027,8.860759493670885,11.39240506329114,79.74683544303798,6.012658227848101,73.73417721518987
E00058539,286,58,30,28,228,15,213,20.27972027972028,10.48951048951049,9.79020979020979,79.72027972027972,5.244755244755245,74.47552447552448
E00058540,287,46,19,27,241,14,227,16.02787456445993,6.620209059233449,9.40766550522648,83.97212543554006,4.878048780487805,79.09407665505228
E00058541,293,63,37,26,230,20,210,21.501706484641637,12.627986348122866,8.873720136518772,78.49829351535837,6.825938566552901,71.67235494880546
E00058543,259,46,16,30,213,7,206,17.760617760617762,6.177606177606178,11.583011583011583,82.23938223938224,2.7027027027027026,79.53667953667953
E00058544,512,86,49,37,426,17,409,16.796875,9.5703125,7.2265625,83.203125,3.3203125,79.8828125
E00058545,264,50,21,29,214,7,207,18.939393939393938,7.954545454545454,10.984848484848484,81.06060606060606,2.6515151515151514,78.4090909090909
E00058546,441,52,11,41,389,17,372,11.791383219954648,2.494331065759637,9.297052154195011,88.20861678004536,3.8548752834467117,84.35374149659864
E00058547,296,68,26,42,228,16,212,22.972972972972975,8.783783783783784,14.18918918918919,77.02702702702703,5.405405405405405,71.62162162162163
E00058548,358,72,33,39,286,14,272,20.11173184357542,9.217877094972067,10.893854748603351,79.88826815642457,3.910614525139665,75.97765363128491
E00058549,355,90,31,59,265,14,251,25.352112676056336,8.732394366197182,16.619718309859156,74.64788732394366,3.943661971830986,70.70422535211267
E00058550,491,94,45,49,397,12,385,19.144602851323828,9.164969450101832,9.979633401221996,80.85539714867616,2.4439918533604885,78.41140529531569
E00058551,343,76,27,49,267,23,244,22.157434402332363,7.871720116618077,14.285714285714285,77.84256559766763,6.705539358600583,71.13702623906705
E00058552,367,55,25,30,312,24,288,14.986376021798364,6.811989100817439,8.174386920980927,85.01362397820164,6.539509536784741,78.4741144414169
E00058554,245,44,20,24,201,16,185,17.959183673469386,8.16326530612245,9.795918367346939,82.0408163265306,6.530612244897959,75.51020408163265
E00058555,430,76,32,44,354,25,329,17.674418604651162,7.441860465116279,10.232558139534884,82.32558139534883,5.813953488372093,76.51162790697674
E00058556,240,40,14,26,200,21,179,16.666666666666664,5.833333333333333,10.833333333333334,83.33333333333334,8.75,74.58333333333333
E00058557,279,51,18,33,228,22,206,18.27956989247312,6.451612903225806,11.827956989247312,81.72043010752688,7.885304659498208,73.83512544802868
E00058558,410,64,21,43,346,30,316,15.609756097560975,5.121951219512195,10.487804878048781,84.39024390243902,7.317073170731707,77.07317073170732
E00058559,304,57,18,39,247,19,228,18.75,5.921052631578947,12.828947368421053,81.25,6.25,75
E00058561,273,49,29,20,224,8,216,17.94871794871795,10.622710622710622,7.326007326007327,82.05128205128204,2.93040293040293,79.12087912087912
E00058562,291,75,34,41,216,20,196,25.773195876288657,11.683848797250858,14.0893470790378,74.22680412371135,6.872852233676976,67.35395189003437
E00058563,304,51,25,26,253,10,243,16.776315789473685,8.223684210526317,8.552631578947368,83.22368421052632,3.289473684210526,79.93421052631578
E00058564,519,115,58,57,404,23,381,22.15799614643545,11.175337186897881,10.982658959537572,77.84200385356455,4.431599229287091,73.41040462427746
E00058565,292,63,42,21,229,11,218,21.575342465753426,14.383561643835616,7.191780821917808,78.42465753424658,3.767123287671233,74.65753424657534
E00058566,295,51,25,26,244,14,230,17.28813559322034,8.47457627118644,8.813559322033898,82.71186440677965,4.745762711864407,77.96610169491525
E00058567,355,58,25,33,297,11,286,16.338028169014084,7.042253521126761,9.295774647887324,83.66197183098592,3.0985915492957745,80.56338028169014
E00058568,282,32,22,10,250,6,244,11.347517730496454,7.801418439716312,3.546099290780142,88.65248226950354,2.127659574468085,86.52482269503547
E00058571,417,73,31,42,344,10,334,17.505995203836928,7.434052757793765,10.071942446043165,82.49400479616307,2.3980815347721824,80.0959232613909
E00058572,535,70,32,38,465,20,445,13.084112149532709,5.981308411214954,7.102803738317758,86.91588785046729,3.7383177570093453,83.17757009345794
E00058573,320,56,31,25,264,22,242,17.5,9.6875,7.8125,82.5,6.875000000000001,75.625
E00058574,347,39,17,22,308,14,294,11.239193083573488,4.899135446685879,6.340057636887608,88.76080691642652,4.034582132564841,84.72622478386167
E00058575,211,47,25,22,164,4,160,22.274881516587676,11.848341232227488,10.42654028436019,77.72511848341233,1.8957345971563981,75.82938388625593
E00058576,402,81,30,51,321,17,304,20.149253731343283,7.462686567164178,12.686567164179104,79.8507462686567,4.228855721393035,75.62189054726367
E00058577,321,64,26,38,257,16,241,19.937694704049843,8.09968847352025,11.838006230529595,80.06230529595015,4.984423676012461,75.0778816199377
E00058578,422,56,19,37,366,15,351,13.270142180094787,4.502369668246446,8.767772511848342,86.7298578199052,3.5545023696682465,83.17535545023696
E00058579,289,46,21,25,243,19,224,15.916955017301039,7.26643598615917,8.650519031141869,84.08304498269896,6.5743944636678195,77.50865051903114
E00058580,332,64,29,35,268,14,254,19.27710843373494,8.734939759036145,10.542168674698797,80.72289156626506,4.216867469879518,76.50602409638554
E00058581,348,81,53,28,267,18,249,23.275862068965516,15.229885057471265,8.045977011494253,76.72413793103449,5.172413793103448,71.55172413793103
E00058583,171,59,39,20,112,8,104,34.50292397660819,22.807017543859647,11.695906432748536,65.49707602339181,4.678362573099415,60.81871345029239
E00058585,300,59,15,44,241,12,229,19.666666666666664,5,14.666666666666666,80.33333333333333,4,76.33333333333333
E00058586,243,49,15,34,194,15,179,20.16460905349794,6.172839506172839,13.991769547325102,79.83539094650206,6.172839506172839,73.66255144032921
E00058587,253,35,10,25,218,8,210,13.83399209486166,3.9525691699604746,9.881422924901186,86.16600790513834,3.1620553359683794,83.00395256916995
E00058588,326,70,33,37,256,16,240,21.472392638036812,10.122699386503067,11.349693251533742,78.52760736196319,4.9079754601226995,73.61963190184049
E00058589,338,70,32,38,268,24,244,20.710059171597635,9.467455621301776,11.242603550295858,79.28994082840237,7.100591715976331,72.18934911242604
E00058590,303,71,41,30,232,19,213,23.432343234323433,13.531353135313532,9.900990099009901,76.56765676567657,6.270627062706271,70.29702970297029
E00058591,235,54,23,31,181,19,162,22.97872340425532,9.787234042553191,13.191489361702127,77.02127659574468,8.085106382978724,68.93617021276596
E00058592,399,59,25,34,340,14,326,14.786967418546364,6.265664160401002,8.521303258145362,85.21303258145363,3.508771929824561,81.70426065162907
E00058593,304,59,28,31,245,16,229,19.407894736842106,9.210526315789473,10.197368421052632,80.5921052631579,5.263157894736842,75.32894736842105
E00058594,318,62,29,33,256,19,237,19.49685534591195,9.119496855345911,10.377358490566039,80.50314465408806,5.9748427672955975,74.52830188679245
E00058595,273,43,13,30,230,14,216,15.75091575091575,4.761904761904762,10.989010989010989,84.24908424908425,5.128205128205128,79.12087912087912
E00058596,361,70,25,45,291,19,272,19.390581717451525,6.9252077562326875,12.465373961218837,80.60941828254848,5.263157894736842,75.34626038781164
E00058597,411,73,37,36,338,17,321,17.761557177615572,9.002433090024331,8.75912408759124,82.23844282238443,4.13625304136253,78.1021897810219
E00058598,234,40,10,30,194,11,183,17.094017094017094,4.273504273504273,12.82051282051282,82.90598290598291,4.700854700854701,78.2051282051282
E00058599,270,37,17,20,233,18,215,13.703703703703704,6.296296296296296,7.4074074074074066,86.29629629629629,6.666666666666667,79.62962962962963
E00058600,331,54,27,27,277,17,260,16.314199395770395,8.157099697885197,8.157099697885197,83.68580060422961,5.13595166163142,78.54984894259819
E00058601,314,48,17,31,266,23,243,15.286624203821656,5.414012738853503,9.872611464968154,84.71337579617835,7.32484076433121,77.38853503184714
E00058602,266,63,27,36,203,17,186,23.684210526315788,10.150375939849624,13.533834586466165,76.31578947368422,6.390977443609022,69.92481203007519
E00058603,214,38,20,18,176,19,157,17.75700934579439,9.345794392523365,8.411214953271028,82.2429906542056,8.878504672897195,73.36448598130842
E00058604,267,36,13,23,231,21,210,13.48314606741573,4.868913857677903,8.614232209737828,86.51685393258427,7.865168539325842,78.65168539325843
E00058605,525,59,28,31,466,21,445,11.238095238095239,5.333333333333334,5.904761904761905,88.76190476190476,4,84.76190476190476
E00058606,298,55,16,39,243,23,220,18.456375838926174,5.369127516778524,13.087248322147651,81.54362416107382,7.718120805369128,73.8255033557047
E00058607,380,41,16,25,339,30,309,10.789473684210527,4.2105263157894735,6.578947368421052,89.21052631578948,7.894736842105263,81.3157894736842
E00058608,414,89,39,50,325,20,305,21.497584541062803,9.420289855072465,12.077294685990339,78.50241545893721,4.830917874396135,73.67149758454107
E00058609,364,33,12,21,331,21,310,9.065934065934066,3.296703296703297,5.769230769230769,90.93406593406593,5.769230769230769,85.16483516483517
E00058610,313,53,24,29,260,28,232,16.93290734824281,7.667731629392971,9.26517571884984,83.06709265175719,8.945686900958465,74.12140575079871
E00058611,317,87,53,34,230,19,211,27.444794952681388,16.7192429022082,10.725552050473187,72.55520504731862,5.993690851735016,66.5615141955836
E00058612,275,54,22,32,221,34,187,19.636363636363637,8,11.636363636363637,80.36363636363636,12.363636363636363,68
E00058613,320,65,34,31,255,17,238,20.3125,10.625,9.6875,79.6875,5.3125,74.375
E00058614,332,62,27,35,270,28,242,18.67469879518072,8.132530120481928,10.542168674698797,81.32530120481928,8.433734939759036,72.89156626506023
E00058616,326,57,22,35,269,29,240,17.484662576687114,6.748466257668712,10.736196319018406,82.51533742331289,8.895705521472392,73.61963190184049
E00058618,295,54,25,29,241,24,217,18.305084745762713,8.47457627118644,9.830508474576272,81.69491525423729,8.135593220338983,73.5593220338983
E00058619,279,76,39,37,203,20,183,27.24014336917563,13.978494623655912,13.261648745519713,72.75985663082437,7.168458781362006,65.59139784946237
E00058620,299,66,31,35,233,22,211,22.073578595317723,10.367892976588628,11.705685618729097,77.92642140468227,7.357859531772576,70.5685618729097
E00058621,239,46,16,30,193,20,173,19.246861924686193,6.694560669456067,12.552301255230125,80.75313807531381,8.368200836820083,72.38493723849372
E00058622,237,52,23,29,185,11,174,21.940928270042196,9.70464135021097,12.236286919831224,78.05907172995781,4.641350210970464,73.41772151898735
E00058623,280,46,20,26,234,18,216,16.428571428571427,7.142857142857142,9.285714285714286,83.57142857142857,6.428571428571428,77.14285714285715
E00058624,280,55,25,30,225,13,212,19.642857142857142,8.928571428571429,10.714285714285714,80.35714285714286,4.642857142857143,75.71428571428571
E00058625,296,34,15,19,262,17,245,11.486486486486488,5.0675675675675675,6.418918918918918,88.51351351351352,5.743243243243244,82.77027027027027
E00058626,248,32,10,22,216,14,202,12.903225806451612,4.032258064516129,8.870967741935484,87.09677419354838,5.64516129032258,81.45161290322581
E00058627,184,24,7,17,160,12,148,13.043478260869565,3.804347826086957,9.239130434782608,86.95652173913044,6.521739130434782,80.43478260869566
E00058628,338,47,19,28,291,25,266,13.905325443786982,5.621301775147929,8.284023668639055,86.09467455621301,7.396449704142012,78.69822485207101
E00058629,272,46,16,30,226,22,204,16.911764705882355,5.88235294117647,11.029411764705882,83.08823529411765,8.088235294117647,75
E00058630,320,44,19,25,276,16,260,13.750000000000002,5.9375,7.8125,86.25,5,81.25
E00058631,219,47,16,31,172,20,152,21.461187214611872,7.30593607305936,14.15525114155251,78.53881278538812,9.1324200913242,69.40639269406392
E00058632,268,67,31,36,201,12,189,25,11.567164179104477,13.432835820895523,75,4.477611940298507,70.52238805970148
E00058633,335,69,29,40,266,19,247,20.597014925373134,8.656716417910449,11.940298507462686,79.40298507462687,5.6716417910447765,73.73134328358208
E00058634,216,48,29,19,168,14,154,22.22222222222222,13.425925925925927,8.796296296296296,77.77777777777779,6.481481481481481,71.29629629629629
E00058635,275,56,28,28,219,15,204,20.363636363636363,10.181818181818182,10.181818181818182,79.63636363636364,5.454545454545454,74.18181818181819
E00058636,315,54,21,33,261,13,248,17.142857142857142,6.666666666666667,10.476190476190476,82.85714285714286,4.1269841269841265,78.73015873015873
E00058637,295,60,33,27,235,22,213,20.33898305084746,11.186440677966102,9.152542372881356,79.66101694915254,7.457627118644068,72.20338983050848
E00058638,268,49,12,37,219,25,194,18.28358208955224,4.477611940298507,13.805970149253731,81.71641791044776,9.328358208955224,72.38805970149254
E00058639,413,83,60,23,330,30,300,20.09685230024213,14.527845036319611,5.569007263922518,79.90314769975787,7.263922518159806,72.63922518159806
E00058640,400,68,22,46,332,24,308,17,5.5,11.5,83,6,77
E00058642,308,50,21,29,258,20,238,16.233766233766232,6.8181818181818175,9.415584415584416,83.76623376623377,6.493506493506493,77.27272727272727
E00058643,280,49,20,29,231,20,211,17.5,7.142857142857142,10.357142857142858,82.5,7.142857142857142,75.35714285714286
E00058644,247,41,12,29,206,23,183,16.599190283400812,4.8582995951417,11.740890688259109,83.40080971659918,9.31174089068826,74.08906882591093
E00058646,248,48,16,32,200,20,180,19.35483870967742,6.451612903225806,12.903225806451612,80.64516129032258,8.064516129032258,72.58064516129032
E00058647,262,66,24,42,196,18,178,25.190839694656486,9.16030534351145,16.030534351145036,74.80916030534351,6.870229007633588,67.93893129770993
E00058648,293,44,18,26,249,25,224,15.017064846416384,6.143344709897611,8.873720136518772,84.98293515358361,8.532423208191126,76.45051194539249
E00058649,313,60,30,30,253,18,235,19.169329073482427,9.584664536741213,9.584664536741213,80.83067092651757,5.7507987220447285,75.07987220447284
E00058650,259,54,25,29,205,24,181,20.84942084942085,9.652509652509652,11.196911196911197,79.15057915057915,9.266409266409266,69.88416988416989
E00058651,259,38,14,24,221,17,204,14.671814671814673,5.405405405405405,9.266409266409266,85.32818532818533,6.563706563706563,78.76447876447877
E00058652,438,65,26,39,373,28,345,14.840182648401825,5.93607305936073,8.904109589041095,85.15981735159818,6.392694063926941,78.76712328767124
E00058653,294,53,16,37,241,21,220,18.027210884353742,5.442176870748299,12.585034013605442,81.97278911564626,7.142857142857142,74.82993197278913
E00058654,274,29,10,19,245,29,216,10.583941605839415,3.64963503649635,6.934306569343065,89.41605839416059,10.583941605839415,78.83211678832117
E00058655,206,46,22,24,160,5,155,22.330097087378643,10.679611650485436,11.650485436893204,77.66990291262135,2.4271844660194173,75.24271844660194
E00058656,261,39,17,22,222,21,201,14.942528735632186,6.513409961685824,8.42911877394636,85.0574712643678,8.045977011494253,77.01149425287356
E00058657,241,43,12,31,198,27,171,17.842323651452283,4.979253112033195,12.863070539419086,82.15767634854771,11.20331950207469,70.95435684647303
E00058658,228,43,22,21,185,13,172,18.859649122807017,9.649122807017543,9.210526315789473,81.14035087719299,5.701754385964912,75.43859649122807
E00058659,284,93,49,44,191,23,168,32.74647887323944,17.253521126760564,15.492957746478872,67.25352112676056,8.098591549295776,59.154929577464785
E00058660,256,41,21,20,215,15,200,16.015625,8.203125,7.8125,83.984375,5.859375,78.125
E00058661,244,78,29,49,166,22,144,31.967213114754102,11.885245901639344,20.081967213114755,68.0327868852459,9.01639344262295,59.01639344262295
E00058662,228,53,28,25,175,17,158,23.24561403508772,12.280701754385964,10.964912280701753,76.75438596491229,7.456140350877193,69.2982456140351
E00058663,274,60,33,27,214,13,201,21.897810218978105,12.043795620437956,9.854014598540147,78.1021897810219,4.744525547445255,73.35766423357664
E00058664,285,49,15,34,236,31,205,17.192982456140353,5.263157894736842,11.929824561403509,82.80701754385966,10.87719298245614,71.9298245614035
E00058665,292,67,36,31,225,19,206,22.945205479452056,12.32876712328767,10.616438356164384,77.05479452054794,6.506849315068493,70.54794520547945
E00058666,239,40,12,28,199,14,185,16.736401673640167,5.02092050209205,11.715481171548117,83.26359832635984,5.857740585774058,77.40585774058577
E00058667,173,58,31,27,115,14,101,33.52601156069364,17.91907514450867,15.606936416184972,66.47398843930635,8.092485549132949,58.38150289017341
E00058668,409,58,21,37,351,23,328,14.180929095354522,5.134474327628362,9.04645476772616,85.81907090464547,5.623471882640587,80.1955990220049
E00058669,382,66,32,34,316,15,301,17.277486910994764,8.37696335078534,8.900523560209423,82.72251308900523,3.926701570680628,78.79581151832461
E00058670,288,64,28,36,224,15,209,22.22222222222222,9.722222222222223,12.5,77.77777777777779,5.208333333333334,72.56944444444444
E00058671,367,94,33,61,273,33,240,25.61307901907357,8.991825613079019,16.62125340599455,74.38692098092643,8.991825613079019,65.39509536784742
E00058672,364,39,14,25,325,33,292,10.714285714285714,3.8461538461538463,6.868131868131869,89.28571428571429,9.065934065934066,80.21978021978022
E00058673,321,38,7,31,283,20,263,11.838006230529595,2.1806853582554515,9.657320872274143,88.1619937694704,6.230529595015576,81.93146417445483
E00058674,238,37,22,15,201,13,188,15.546218487394958,9.243697478991598,6.302521008403361,84.45378151260505,5.46218487394958,78.99159663865547
E00058675,312,86,47,39,226,24,202,27.564102564102566,15.064102564102564,12.5,72.43589743589743,7.6923076923076925,64.74358974358975
E00058676,350,52,20,32,298,28,270,14.857142857142858,5.714285714285714,9.142857142857142,85.14285714285714,8,77.14285714285715
E00058677,347,56,26,30,291,18,273,16.138328530259365,7.492795389048991,8.645533141210375,83.86167146974063,5.187319884726225,78.6743515850144
E00058678,436,38,15,23,398,21,377,8.715596330275229,3.4403669724770642,5.275229357798166,91.28440366972477,4.81651376146789,86.46788990825688
E00058679,608,66,30,36,542,34,508,10.855263157894738,4.934210526315789,5.921052631578947,89.14473684210526,5.592105263157895,83.55263157894737
E00058680,298,33,10,23,265,16,249,11.073825503355705,3.3557046979865772,7.718120805369128,88.9261744966443,5.369127516778524,83.55704697986577
E00058681,399,37,14,23,362,44,318,9.273182957393484,3.508771929824561,5.764411027568922,90.72681704260651,11.027568922305765,79.69924812030075
E00058682,407,55,14,41,352,25,327,13.513513513513514,3.43980343980344,10.073710073710075,86.48648648648648,6.142506142506143,80.34398034398035
E00058683,249,49,13,36,200,24,176,19.67871485943775,5.220883534136546,14.457831325301203,80.32128514056225,9.63855421686747,70.68273092369478
E00058684,364,68,26,42,296,33,263,18.681318681318682,7.142857142857142,11.538461538461538,81.31868131868131,9.065934065934066,72.25274725274726
E00058685,309,42,10,32,267,19,248,13.592233009708737,3.2362459546925564,10.355987055016183,86.40776699029125,6.148867313915858,80.2588996763754
E00058686,417,40,7,33,377,32,345,9.59232613908873,1.6786570743405276,7.913669064748201,90.40767386091127,7.673860911270983,82.73381294964028
E00058687,325,22,8,14,303,40,263,6.769230769230769,2.4615384615384617,4.3076923076923075,93.23076923076923,12.307692307692308,80.92307692307692
E00058688,340,75,36,39,265,25,240,22.058823529411764,10.588235294117647,11.470588235294118,77.94117647058823,7.352941176470589,70.58823529411765
E00058689,339,59,28,31,280,38,242,17.404129793510325,8.259587020648967,9.144542772861357,82.59587020648968,11.209439528023598,71.38643067846607
E00058690,357,37,12,25,320,53,267,10.364145658263306,3.361344537815126,7.002801120448179,89.6358543417367,14.84593837535014,74.78991596638656
E00058691,369,37,8,29,332,25,307,10.02710027100271,2.168021680216802,7.8590785907859075,89.97289972899729,6.775067750677506,83.19783197831978
E00058692,293,26,4,22,267,29,238,8.873720136518772,1.3651877133105803,7.508532423208192,91.12627986348123,9.897610921501707,81.22866894197952
E00058693,357,36,9,27,321,39,282,10.084033613445378,2.5210084033613445,7.563025210084033,89.91596638655463,10.92436974789916,78.99159663865547
E00058694,249,34,12,22,215,23,192,13.654618473895583,4.819277108433735,8.835341365461847,86.34538152610442,9.236947791164658,77.10843373493977
E00058695,291,32,7,25,259,19,240,10.996563573883162,2.405498281786942,8.59106529209622,89.00343642611683,6.529209621993128,82.4742268041237
E00058696,281,31,12,19,250,19,231,11.032028469750891,4.270462633451958,6.761565836298933,88.96797153024912,6.761565836298933,82.20640569395017
E00058697,204,27,7,20,177,17,160,13.23529411764706,3.431372549019608,9.803921568627452,86.76470588235294,8.333333333333332,78.43137254901961
E00058698,381,52,17,35,329,35,294,13.648293963254593,4.4619422572178475,9.186351706036746,86.3517060367454,9.186351706036746,77.16535433070865
E00058699,425,42,16,26,383,41,342,9.88235294117647,3.7647058823529407,6.11764705882353,90.11764705882352,9.647058823529411,80.47058823529412
E00058700,278,43,16,27,235,20,215,15.467625899280577,5.755395683453238,9.712230215827338,84.53237410071942,7.1942446043165464,77.33812949640287
E00058701,388,61,14,47,327,33,294,15.721649484536082,3.608247422680412,12.11340206185567,84.27835051546391,8.505154639175258,75.77319587628865
E00058702,304,66,26,40,238,9,229,21.710526315789476,8.552631578947368,13.157894736842104,78.28947368421053,2.9605263157894735,75.32894736842105
E00058703,411,75,33,42,336,16,320,18.248175182481752,8.02919708029197,10.218978102189782,81.75182481751825,3.8929440389294405,77.85888077858881
E00058704,375,59,39,20,316,28,288,15.733333333333333,10.4,5.333333333333334,84.26666666666667,7.466666666666668,76.8
E00058705,143,31,9,22,112,13,99,21.678321678321677,6.293706293706294,15.384615384615385,78.32167832167832,9.090909090909092,69.23076923076923
E00058706,280,43,11,32,237,14,223,15.357142857142858,3.9285714285714284,11.428571428571429,84.64285714285714,5,79.64285714285714
E00058707,367,53,20,33,314,18,296,14.441416893732969,5.449591280653951,8.991825613079019,85.55858310626702,4.904632152588556,80.65395095367847
E00058708,366,43,13,30,323,26,297,11.748633879781421,3.551912568306011,8.19672131147541,88.25136612021858,7.103825136612022,81.14754098360656
E00058709,326,38,14,24,288,25,263,11.65644171779141,4.294478527607362,7.361963190184049,88.34355828220859,7.668711656441718,80.67484662576688
E00058710,311,45,16,29,266,17,249,14.469453376205788,5.144694533762058,9.32475884244373,85.53054662379421,5.466237942122187,80.06430868167203
E00058711,288,22,6,16,266,19,247,7.638888888888889,2.083333333333333,5.555555555555555,92.36111111111111,6.597222222222222,85.76388888888889
E00058712,343,52,15,37,291,28,263,15.160349854227405,4.373177842565598,10.787172011661808,84.8396501457726,8.16326530612245,76.67638483965014
E00058713,341,51,19,32,290,31,259,14.95601173020528,5.571847507331378,9.3841642228739,85.04398826979472,9.090909090909092,75.95307917888563
E00058714,377,48,20,28,329,20,309,12.73209549071618,5.305039787798409,7.427055702917771,87.26790450928382,5.305039787798409,81.9628647214854
E00058715,449,48,16,32,401,23,378,10.690423162583519,3.5634743875278394,7.126948775055679,89.30957683741649,5.122494432071269,84.18708240534521
E00058716,404,54,22,32,350,23,327,13.366336633663368,5.445544554455446,7.920792079207921,86.63366336633663,5.693069306930694,80.94059405940595
E00058717,533,66,32,34,467,25,442,12.382739212007504,6.0037523452157595,6.378986866791744,87.61726078799249,4.690431519699812,82.92682926829268
E00058718,366,48,20,28,318,21,297,13.114754098360656,5.46448087431694,7.650273224043716,86.88524590163934,5.737704918032787,81.14754098360656
E00058719,498,52,25,27,446,18,428,10.441767068273093,5.020080321285141,5.421686746987952,89.5582329317269,3.614457831325301,85.94377510040161
E00058720,473,66,35,31,407,12,395,13.953488372093023,7.399577167019028,6.553911205073996,86.04651162790698,2.536997885835095,83.50951374207189
E00058721,351,37,12,25,314,34,280,10.541310541310542,3.418803418803419,7.122507122507122,89.45868945868945,9.686609686609685,79.77207977207978
E00058722,244,75,41,34,169,16,153,30.737704918032787,16.80327868852459,13.934426229508196,69.26229508196722,6.557377049180328,62.704918032786885
E00058723,297,32,10,22,265,26,239,10.774410774410773,3.3670033670033668,7.4074074074074066,89.22558922558923,8.754208754208754,80.47138047138047
E00058724,325,36,16,20,289,26,263,11.076923076923077,4.923076923076923,6.153846153846154,88.92307692307693,8,80.92307692307692
E00058725,224,30,11,19,194,21,173,13.392857142857142,4.910714285714286,8.482142857142858,86.60714285714286,9.375,77.23214285714286
E00058726,213,72,45,27,141,23,118,33.80281690140845,21.12676056338028,12.676056338028168,66.19718309859155,10.7981220657277,55.39906103286385
E00058727,306,42,8,34,264,25,239,13.725490196078432,2.6143790849673203,11.11111111111111,86.27450980392157,8.169934640522875,78.10457516339869
E00058728,178,26,10,16,152,19,133,14.606741573033707,5.617977528089887,8.98876404494382,85.39325842696628,10.674157303370785,74.71910112359551
E00058729,288,27,11,16,261,25,236,9.375,3.8194444444444446,5.555555555555555,90.625,8.680555555555555,81.94444444444444
E00058730,253,26,6,20,227,16,211,10.276679841897234,2.371541501976284,7.905138339920949,89.72332015810277,6.324110671936759,83.399209486166
E00058731,326,43,12,31,283,22,261,13.190184049079754,3.6809815950920246,9.509202453987731,86.80981595092024,6.748466257668712,80.06134969325154
E00058732,316,32,8,24,284,30,254,10.126582278481013,2.5316455696202533,7.59493670886076,89.87341772151899,9.49367088607595,80.37974683544303
E00058733,304,30,6,24,274,19,255,9.868421052631579,1.9736842105263157,7.894736842105263,90.13157894736842,6.25,83.88157894736842
E00058734,390,33,10,23,357,31,326,8.461538461538462,2.564102564102564,5.897435897435897,91.53846153846153,7.948717948717948,83.58974358974359
E00058735,264,31,14,17,233,14,219,11.742424242424242,5.303030303030303,6.4393939393939394,88.25757575757575,5.303030303030303,82.95454545454545
E00058736,357,29,9,20,328,38,290,8.123249299719888,2.5210084033613445,5.602240896358544,91.87675070028011,10.644257703081232,81.23249299719888
E00058737,127,16,4,12,111,7,104,12.598425196850393,3.149606299212598,9.448818897637794,87.4015748031496,5.511811023622047,81.88976377952756
E00058738,286,37,10,27,249,28,221,12.937062937062937,3.4965034965034967,9.44055944055944,87.06293706293707,9.79020979020979,77.27272727272727
E00058739,254,32,7,25,222,20,202,12.598425196850393,2.7559055118110236,9.84251968503937,87.4015748031496,7.874015748031496,79.52755905511812
E00058740,294,26,7,19,268,17,251,8.843537414965986,2.380952380952381,6.462585034013606,91.15646258503402,5.782312925170068,85.37414965986395
E00058741,165,33,15,18,132,10,122,20,9.090909090909092,10.909090909090908,80,6.0606060606060606,73.93939393939394
E00058742,309,48,14,34,261,26,235,15.53398058252427,4.53074433656958,11.003236245954692,84.46601941747572,8.414239482200648,76.05177993527508
E00058743,386,116,64,52,270,10,260,30.05181347150259,16.580310880829018,13.471502590673575,69.94818652849742,2.5906735751295336,67.35751295336787
E00058744,463,88,36,52,375,30,345,19.00647948164147,7.775377969762419,11.23110151187905,80.99352051835854,6.479481641468683,74.51403887688986
E00058745,389,78,39,39,311,13,298,20.051413881748072,10.025706940874036,10.025706940874036,79.94858611825192,3.3419023136246784,76.60668380462725
E00058746,370,65,31,34,305,19,286,17.56756756756757,8.378378378378379,9.18918918918919,82.43243243243244,5.135135135135135,77.29729729729729
E00058747,292,37,13,24,255,23,232,12.67123287671233,4.4520547945205475,8.21917808219178,87.32876712328768,7.876712328767123,79.45205479452055
E00058748,281,52,20,32,229,12,217,18.505338078291814,7.11743772241993,11.387900355871885,81.49466192170819,4.270462633451958,77.22419928825623
E00058749,332,80,53,27,252,18,234,24.096385542168676,15.963855421686745,8.132530120481928,75.90361445783132,5.421686746987952,70.48192771084338
E00058750,210,54,28,26,156,13,143,25.71428571428571,13.333333333333334,12.380952380952381,74.28571428571429,6.190476190476191,68.0952380952381
E00058751,168,57,32,25,111,8,103,33.92857142857143,19.047619047619047,14.880952380952381,66.07142857142857,4.761904761904762,61.30952380952381
E00058752,281,82,48,34,199,9,190,29.181494661921707,17.08185053380783,12.099644128113878,70.8185053380783,3.202846975088968,67.61565836298932
E00058753,376,83,35,48,293,22,271,22.074468085106382,9.308510638297872,12.76595744680851,77.92553191489363,5.851063829787234,72.07446808510637
E00058754,308,73,34,39,235,26,209,23.7012987012987,11.03896103896104,12.662337662337661,76.2987012987013,8.441558441558442,67.85714285714286
E00058755,481,71,30,41,410,29,381,14.760914760914762,6.237006237006238,8.523908523908524,85.23908523908524,6.029106029106029,79.20997920997921
E00058756,476,66,29,37,410,28,382,13.865546218487395,6.092436974789916,7.773109243697479,86.1344537815126,5.88235294117647,80.25210084033614
E00058757,306,79,44,35,227,21,206,25.816993464052292,14.37908496732026,11.437908496732026,74.18300653594771,6.862745098039216,67.3202614379085
E00058759,304,48,19,29,256,17,239,15.789473684210526,6.25,9.539473684210527,84.21052631578947,5.592105263157895,78.61842105263158
E00058760,220,65,20,45,155,8,147,29.545454545454547,9.090909090909092,20.454545454545457,70.45454545454545,3.6363636363636362,66.81818181818183
E00058761,415,57,24,33,358,19,339,13.734939759036143,5.783132530120482,7.951807228915662,86.26506024096385,4.578313253012048,81.6867469879518
E00058762,443,76,41,35,367,30,337,17.155756207674944,9.255079006772009,7.900677200902935,82.84424379232506,6.772009029345373,76.07223476297969
E00058764,298,50,29,21,248,15,233,16.778523489932887,9.731543624161073,7.046979865771812,83.22147651006712,5.033557046979865,78.18791946308725
E00058765,275,49,21,28,226,21,205,17.81818181818182,7.636363636363637,10.181818181818182,82.18181818181817,7.636363636363637,74.54545454545455
E00058766,420,73,38,35,347,15,332,17.38095238095238,9.047619047619047,8.333333333333332,82.61904761904762,3.571428571428571,79.04761904761905
E00058767,292,50,14,36,242,10,232,17.123287671232877,4.794520547945205,12.32876712328767,82.87671232876713,3.4246575342465753,79.45205479452055
E00058768,228,76,44,32,152,17,135,33.33333333333333,19.298245614035086,14.035087719298245,66.66666666666666,7.456140350877193,59.210526315789465
E00058769,401,87,46,41,314,26,288,21.695760598503743,11.471321695760599,10.224438902743142,78.30423940149626,6.483790523690773,71.82044887780549
E00058770,285,66,30,36,219,12,207,23.157894736842106,10.526315789473683,12.631578947368421,76.84210526315789,4.2105263157894735,72.63157894736842
E00058771,331,40,15,25,291,25,266,12.084592145015106,4.531722054380665,7.552870090634441,87.91540785498489,7.552870090634441,80.36253776435045
E00058772,236,33,11,22,203,20,183,13.983050847457626,4.661016949152542,9.322033898305085,86.01694915254238,8.47457627118644,77.54237288135593
E00058773,250,52,18,34,198,23,175,20.8,7.199999999999999,13.600000000000001,79.2,9.2,70
E00058774,207,54,24,30,153,8,145,26.08695652173913,11.594202898550725,14.492753623188406,73.91304347826086,3.864734299516908,70.04830917874396
E00058775,275,38,19,19,237,15,222,13.818181818181818,6.909090909090909,6.909090909090909,86.18181818181819,5.454545454545454,80.72727272727272
E00058776,358,94,60,34,264,15,249,26.256983240223462,16.75977653631285,9.497206703910614,73.74301675977654,4.189944134078212,69.55307262569832
E00058777,262,40,13,27,222,15,207,15.267175572519085,4.961832061068702,10.305343511450381,84.7328244274809,5.7251908396946565,79.00763358778626
E00058778,281,87,43,44,194,13,181,30.96085409252669,15.302491103202847,15.658362989323843,69.03914590747331,4.6263345195729535,64.41281138790036
E00058779,278,56,25,31,222,15,207,20.14388489208633,8.992805755395683,11.151079136690647,79.85611510791367,5.39568345323741,74.46043165467626
E00058780,347,103,51,52,244,11,233,29.68299711815562,14.697406340057636,14.985590778097983,70.31700288184439,3.170028818443804,67.14697406340058
E00058781,403,89,38,51,314,28,286,22.084367245657567,9.429280397022332,12.655086848635236,77.91563275434244,6.9478908188585615,70.96774193548387
E00058782,312,69,35,34,243,14,229,22.115384615384613,11.217948717948719,10.897435897435898,77.88461538461539,4.487179487179487,73.3974358974359
E00058783,283,61,28,33,222,23,199,21.554770318021202,9.89399293286219,11.66077738515901,78.4452296819788,8.12720848056537,70.31802120141343
E00058784,360,96,52,44,264,23,241,26.666666666666668,14.444444444444443,12.222222222222221,73.33333333333333,6.388888888888888,66.94444444444444
E00058785,203,84,51,33,119,17,102,41.37931034482759,25.12315270935961,16.25615763546798,58.620689655172406,8.374384236453201,50.24630541871922
E00058786,464,87,32,55,377,14,363,18.75,6.896551724137931,11.85344827586207,81.25,3.0172413793103448,78.23275862068965
E00058787,338,77,48,29,261,11,250,22.781065088757398,14.201183431952662,8.579881656804734,77.2189349112426,3.2544378698224854,73.96449704142012
E00058788,203,104,63,41,99,10,89,51.231527093596064,31.03448275862069,20.19704433497537,48.76847290640394,4.926108374384237,43.84236453201971
E00058789,303,54,28,26,249,24,225,17.82178217821782,9.24092409240924,8.58085808580858,82.17821782178217,7.920792079207921,74.25742574257426
E00058790,252,71,37,34,181,21,160,28.174603174603174,14.682539682539684,13.492063492063492,71.82539682539682,8.333333333333332,63.49206349206349
E00058791,268,78,37,41,190,10,180,29.1044776119403,13.805970149253731,15.298507462686567,70.8955223880597,3.731343283582089,67.16417910447761
E00058792,336,76,32,44,260,20,240,22.61904761904762,9.523809523809524,13.095238095238097,77.38095238095238,5.952380952380952,71.42857142857143
E00058793,240,79,42,37,161,7,154,32.916666666666664,17.5,15.416666666666668,67.08333333333333,2.9166666666666665,64.16666666666667
E00058794,387,196,144,52,191,12,179,50.64599483204134,37.2093023255814,13.436692506459949,49.35400516795866,3.10077519379845,46.253229974160206
E00058795,274,59,23,36,215,13,202,21.532846715328464,8.394160583941606,13.138686131386862,78.46715328467153,4.744525547445255,73.72262773722628
E00058796,293,58,30,28,235,23,212,19.795221843003414,10.238907849829351,9.556313993174061,80.2047781569966,7.849829351535837,72.35494880546075
E00058797,267,64,24,40,203,14,189,23.970037453183522,8.98876404494382,14.981273408239701,76.02996254681648,5.2434456928838955,70.78651685393258
E00058798,375,70,31,39,305,19,286,18.666666666666668,8.266666666666666,10.4,81.33333333333333,5.066666666666666,76.26666666666667
E00058799,291,59,27,32,232,18,214,20.274914089347078,9.278350515463918,10.996563573883162,79.72508591065292,6.185567010309279,73.53951890034365
E00058800,255,52,12,40,203,17,186,20.392156862745097,4.705882352941177,15.686274509803921,79.6078431372549,6.666666666666667,72.94117647058823
E00058801,319,50,7,43,269,16,253,15.673981191222571,2.19435736677116,13.479623824451412,84.32601880877742,5.015673981191222,79.3103448275862
E00058802,207,20,3,17,187,14,173,9.66183574879227,1.4492753623188406,8.212560386473431,90.33816425120773,6.763285024154589,83.57487922705315
E00058803,271,64,26,38,207,12,195,23.616236162361623,9.59409594095941,14.022140221402212,76.38376383763837,4.428044280442804,71.95571955719558
E00058805,416,36,13,23,380,10,370,8.653846153846153,3.125,5.528846153846153,91.34615384615384,2.403846153846154,88.9423076923077
E00058806,451,37,11,26,414,13,401,8.2039911308204,2.4390243902439024,5.764966740576496,91.7960088691796,2.882483370288248,88.91352549889136
E00058807,295,75,41,34,220,7,213,25.423728813559322,13.898305084745763,11.525423728813559,74.57627118644068,2.3728813559322033,72.20338983050848
E00058808,474,51,22,29,423,15,408,10.759493670886076,4.641350210970464,6.118143459915612,89.24050632911393,3.1645569620253164,86.07594936708861
E00058809,423,49,18,31,374,14,360,11.583924349881796,4.25531914893617,7.328605200945626,88.4160756501182,3.309692671394799,85.1063829787234
E00058810,552,65,19,46,487,23,464,11.77536231884058,3.4420289855072466,8.333333333333332,88.22463768115942,4.166666666666666,84.05797101449275
E00058811,276,48,14,34,228,15,213,17.391304347826086,5.072463768115942,12.318840579710146,82.6086956521739,5.434782608695652,77.17391304347827
E00058812,404,83,25,58,321,27,294,20.544554455445542,6.188118811881188,14.356435643564355,79.45544554455446,6.683168316831684,72.77227722772277
E00058813,349,52,21,31,297,12,285,14.899713467048711,6.017191977077363,8.882521489971348,85.10028653295129,3.4383954154727796,81.66189111747852
E00058814,231,35,17,18,196,16,180,15.151515151515152,7.35930735930736,7.792207792207792,84.84848484848484,6.926406926406926,77.92207792207793
E00058816,389,59,39,20,330,13,317,15.167095115681233,10.025706940874036,5.141388174807198,84.83290488431876,3.3419023136246784,81.49100257069408
E00058818,260,53,16,37,207,18,189,20.384615384615383,6.153846153846154,14.23076923076923,79.61538461538461,6.923076923076923,72.6923076923077
E00058821,361,74,21,53,287,30,257,20.498614958448755,5.8171745152354575,14.681440443213297,79.50138504155125,8.310249307479225,71.19113573407202
E00058823,257,51,15,36,206,18,188,19.844357976653697,5.836575875486381,14.007782101167315,80.1556420233463,7.003891050583658,73.15175097276264
E00058826,305,54,14,40,251,31,220,17.704918032786885,4.590163934426229,13.114754098360656,82.29508196721311,10.163934426229508,72.1311475409836
E00058827,171,24,4,20,147,11,136,14.035087719298245,2.3391812865497075,11.695906432748536,85.96491228070175,6.432748538011696,79.53216374269006
E00058828,286,44,14,30,242,28,214,15.384615384615385,4.895104895104895,10.48951048951049,84.61538461538461,9.79020979020979,74.82517482517483
E00058829,195,52,18,34,143,13,130,26.666666666666668,9.230769230769232,17.435897435897434,73.33333333333333,6.666666666666667,66.66666666666666
E00058830,162,35,25,10,127,11,116,21.604938271604937,15.432098765432098,6.172839506172839,78.39506172839506,6.790123456790123,71.60493827160494
E00058831,182,34,7,27,148,12,136,18.681318681318682,3.8461538461538463,14.835164835164836,81.31868131868131,6.593406593406594,74.72527472527473
E00058832,375,61,34,27,314,10,304,16.266666666666666,9.066666666666666,7.199999999999999,83.73333333333333,2.666666666666667,81.06666666666666
E00058833,205,29,11,18,176,14,162,14.146341463414632,5.365853658536586,8.780487804878048,85.85365853658537,6.829268292682928,79.02439024390245
E00058834,245,40,10,30,205,15,190,16.3265306122449,4.081632653061225,12.244897959183673,83.6734693877551,6.122448979591836,77.55102040816327
E00058836,168,38,23,15,130,9,121,22.61904761904762,13.690476190476192,8.928571428571429,77.38095238095238,5.357142857142857,72.02380952380952
E00058837,309,62,26,36,247,13,234,20.06472491909385,8.414239482200648,11.650485436893204,79.93527508090615,4.207119741100324,75.72815533980582
E00058838,290,41,15,26,249,24,225,14.13793103448276,5.172413793103448,8.96551724137931,85.86206896551725,8.275862068965518,77.58620689655173
E00058840,266,62,40,22,204,9,195,23.308270676691727,15.037593984962406,8.270676691729323,76.69172932330827,3.3834586466165413,73.30827067669173
E00058842,226,38,11,27,188,22,166,16.8141592920354,4.867256637168142,11.946902654867257,83.1858407079646,9.734513274336283,73.45132743362832
E00058843,241,21,15,6,220,5,215,8.71369294605809,6.224066390041494,2.4896265560165975,91.28630705394191,2.0746887966804977,89.21161825726142
E00058844,247,36,17,19,211,11,200,14.5748987854251,6.882591093117409,7.6923076923076925,85.4251012145749,4.4534412955465585,80.97165991902834
E00058847,243,39,20,19,204,12,192,16.049382716049383,8.23045267489712,7.818930041152264,83.9506172839506,4.938271604938271,79.01234567901234
E00058849,320,40,12,28,280,10,270,12.5,3.75,8.75,87.5,3.125,84.375
E00058850,255,38,16,22,217,7,210,14.901960784313726,6.2745098039215685,8.627450980392156,85.09803921568627,2.7450980392156863,82.35294117647058
E00058851,237,41,17,24,196,15,181,17.29957805907173,7.172995780590717,10.126582278481013,82.70042194092827,6.329113924050633,76.37130801687763
E00058852,256,32,15,17,224,39,185,12.5,5.859375,6.640625,87.5,15.234375,72.265625
E00058853,267,45,13,32,222,10,212,16.853932584269664,4.868913857677903,11.985018726591761,83.14606741573034,3.7453183520599254,79.40074906367042
E00058854,381,44,22,22,337,20,317,11.548556430446194,5.774278215223097,5.774278215223097,88.4514435695538,5.2493438320209975,83.2020997375328
E00058855,257,38,12,26,219,14,205,14.785992217898833,4.669260700389105,10.116731517509727,85.21400778210116,5.447470817120623,79.76653696498055
E00058856,484,95,14,81,389,21,368,19.62809917355372,2.8925619834710745,16.735537190082646,80.37190082644628,4.338842975206612,76.03305785123968
E00058858,297,50,34,16,247,7,240,16.835016835016837,11.447811447811448,5.387205387205387,83.16498316498317,2.356902356902357,80.8080808080808
E00058859,168,22,5,17,146,10,136,13.095238095238097,2.976190476190476,10.119047619047619,86.90476190476191,5.952380952380952,80.95238095238095
E00058861,284,43,20,23,241,4,237,15.140845070422534,7.042253521126761,8.098591549295776,84.85915492957746,1.4084507042253522,83.45070422535211
E00058862,274,50,20,30,224,22,202,18.248175182481752,7.2992700729927,10.948905109489052,81.75182481751825,8.02919708029197,73.72262773722628
E00058864,464,52,25,27,412,15,397,11.206896551724139,5.387931034482758,5.818965517241379,88.79310344827587,3.2327586206896552,85.5603448275862
E00058865,372,79,36,43,293,19,274,21.236559139784948,9.67741935483871,11.559139784946236,78.76344086021506,5.10752688172043,73.65591397849462
E00058866,956,122,30,92,834,57,777,12.761506276150628,3.1380753138075312,9.623430962343097,87.23849372384937,5.96234309623431,81.27615062761507
E00058867,131,31,14,17,100,3,97,23.66412213740458,10.687022900763358,12.977099236641221,76.33587786259542,2.2900763358778624,74.04580152671755
E00058869,238,17,9,8,221,0,221,7.142857142857142,3.7815126050420167,3.361344537815126,92.85714285714286,0,92.85714285714286
E00058870,285,52,13,39,233,12,221,18.24561403508772,4.56140350877193,13.684210526315791,81.75438596491227,4.2105263157894735,77.54385964912281
E00058871,150,52,36,16,98,7,91,34.66666666666667,24,10.666666666666668,65.33333333333333,4.666666666666667,60.66666666666667
E00058872,171,39,12,27,132,15,117,22.807017543859647,7.017543859649122,15.789473684210526,77.19298245614034,8.771929824561402,68.42105263157895
E00058873,205,21,6,15,184,5,179,10.24390243902439,2.9268292682926833,7.317073170731707,89.75609756097562,2.4390243902439024,87.3170731707317
E00058874,308,32,15,17,276,10,266,10.38961038961039,4.870129870129871,5.51948051948052,89.6103896103896,3.2467532467532463,86.36363636363636
E00058875,146,49,28,21,97,10,87,33.56164383561644,19.17808219178082,14.383561643835616,66.43835616438356,6.8493150684931505,59.589041095890416
E00058876,247,23,9,14,224,8,216,9.31174089068826,3.643724696356275,5.668016194331984,90.68825910931174,3.2388663967611335,87.4493927125506
E00058877,441,46,17,29,395,12,383,10.430839002267573,3.8548752834467117,6.575963718820861,89.56916099773242,2.7210884353741496,86.84807256235828
E00058878,237,55,32,23,182,12,170,23.20675105485232,13.502109704641349,9.70464135021097,76.79324894514767,5.063291139240507,71.72995780590718
E00058879,330,41,12,29,289,13,276,12.424242424242424,3.6363636363636362,8.787878787878787,87.57575757575758,3.939393939393939,83.63636363636363
E00058880,388,35,18,17,353,7,346,9.02061855670103,4.639175257731959,4.381443298969072,90.97938144329896,1.804123711340206,89.17525773195877
E00058881,558,56,11,45,502,41,461,10.03584229390681,1.971326164874552,8.064516129032258,89.96415770609319,7.347670250896058,82.61648745519713
E00058884,134,21,5,16,113,8,105,15.671641791044777,3.731343283582089,11.940298507462686,84.32835820895522,5.970149253731343,78.35820895522389
E00058885,392,55,10,45,337,25,312,14.030612244897958,2.5510204081632653,11.479591836734695,85.96938775510205,6.377551020408164,79.59183673469387
E00058887,369,78,34,44,291,33,258,21.138211382113823,9.214092140921409,11.924119241192411,78.86178861788618,8.94308943089431,69.91869918699187
E00058889,220,54,37,17,166,3,163,24.545454545454547,16.818181818181817,7.727272727272727,75.45454545454545,1.3636363636363635,74.0909090909091
E00058890,201,62,43,19,139,9,130,30.845771144278604,21.393034825870647,9.45273631840796,69.15422885572139,4.477611940298507,64.6766169154229
E00058891,199,27,11,16,172,31,141,13.5678391959799,5.527638190954774,8.040201005025125,86.4321608040201,15.577889447236181,70.85427135678391
E00058892,153,22,8,14,131,16,115,14.37908496732026,5.228758169934641,9.15032679738562,85.62091503267973,10.457516339869281,75.16339869281046
E00058893,266,49,14,35,217,31,186,18.421052631578945,5.263157894736842,13.157894736842104,81.57894736842105,11.654135338345863,69.92481203007519
E00058894,403,55,16,39,348,44,304,13.647642679900745,3.970223325062035,9.67741935483871,86.35235732009926,10.918114143920596,75.43424317617865
E00058895,200,26,5,21,174,16,158,13,2.5,10.5,87,8,79
E00058896,276,34,13,21,242,19,223,12.318840579710146,4.710144927536232,7.608695652173914,87.68115942028986,6.884057971014493,80.79710144927536
E00058897,340,33,13,20,307,29,278,9.705882352941178,3.823529411764706,5.88235294117647,90.29411764705883,8.529411764705882,81.76470588235294
E00058898,344,38,13,25,306,42,264,11.046511627906977,3.77906976744186,7.267441860465117,88.95348837209302,12.209302325581394,76.74418604651163
E00058899,449,28,9,19,421,24,397,6.23608017817372,2.0044543429844097,4.231625835189309,93.76391982182628,5.3452115812917596,88.41870824053451
E00058900,313,52,15,37,261,23,238,16.61341853035144,4.792332268370607,11.821086261980831,83.38658146964856,7.348242811501597,76.03833865814697
E00058902,554,78,24,54,476,50,426,14.079422382671481,4.332129963898916,9.747292418772563,85.92057761732852,9.025270758122744,76.89530685920577
E00058903,270,71,31,40,199,15,184,26.296296296296294,11.481481481481481,14.814814814814813,73.70370370370371,5.555555555555555,68.14814814814815
E00058904,370,48,19,29,322,36,286,12.972972972972974,5.135135135135135,7.837837837837839,87.02702702702703,9.72972972972973,77.29729729729729
E00058905,223,29,2,27,194,21,173,13.004484304932735,0.8968609865470852,12.10762331838565,86.99551569506725,9.417040358744394,77.57847533632287
E00058906,263,35,11,24,228,25,203,13.307984790874524,4.182509505703422,9.125475285171103,86.69201520912547,9.505703422053232,77.18631178707224
E00058907,422,55,23,32,367,41,326,13.033175355450238,5.450236966824645,7.5829383886255926,86.96682464454977,9.715639810426541,77.25118483412322
E00058909,170,20,6,14,150,13,137,11.76470588235294,3.5294117647058822,8.235294117647058,88.23529411764706,7.647058823529412,80.58823529411765
E00058910,295,40,4,36,255,35,220,13.559322033898304,1.3559322033898304,12.203389830508476,86.4406779661017,11.864406779661017,74.57627118644068
E00058911,318,82,34,48,236,30,206,25.78616352201258,10.69182389937107,15.09433962264151,74.21383647798741,9.433962264150944,64.77987421383648
E00058912,334,55,25,30,279,15,264,16.46706586826347,7.48502994011976,8.982035928143713,83.53293413173652,4.491017964071856,79.04191616766467
E00058913,141,24,6,18,117,11,106,17.02127659574468,4.25531914893617,12.76595744680851,82.97872340425532,7.801418439716312,75.177304964539
E00058914,311,35,10,25,276,31,245,11.254019292604502,3.215434083601286,8.038585209003216,88.7459807073955,9.967845659163988,78.77813504823152
E00058915,184,25,9,16,159,21,138,13.586956521739129,4.891304347826087,8.695652173913043,86.41304347826086,11.41304347826087,75
E00058917,299,47,13,34,252,26,226,15.719063545150503,4.3478260869565215,11.37123745819398,84.2809364548495,8.695652173913043,75.58528428093646
E00058918,197,50,34,16,147,10,137,25.380710659898476,17.258883248730964,8.121827411167512,74.61928934010153,5.0761421319796955,69.54314720812182
E00058919,393,73,20,53,320,27,293,18.575063613231553,5.089058524173027,13.486005089058525,81.42493638676844,6.870229007633588,74.55470737913485
E00058920,133,40,15,25,93,10,83,30.075187969924812,11.278195488721805,18.796992481203006,69.92481203007519,7.518796992481203,62.40601503759399
E00058921,227,20,1,19,207,27,180,8.81057268722467,0.4405286343612335,8.370044052863436,91.18942731277532,11.894273127753303,79.29515418502203
E00058922,192,72,50,22,120,7,113,37.5,26.041666666666668,11.458333333333332,62.5,3.6458333333333335,58.854166666666664
E00058923,252,43,12,31,209,27,182,17.063492063492063,4.761904761904762,12.3015873015873,82.93650793650794,10.714285714285714,72.22222222222221
E00058924,263,52,16,36,211,21,190,19.771863117870723,6.083650190114068,13.688212927756654,80.22813688212928,7.984790874524715,72.24334600760456
E00058925,228,37,9,28,191,27,164,16.228070175438596,3.9473684210526314,12.280701754385964,83.77192982456141,11.842105263157894,71.9298245614035
E00058926,354,48,13,35,306,33,273,13.559322033898304,3.672316384180791,9.887005649717514,86.4406779661017,9.322033898305085,77.11864406779661
E00058927,189,21,4,17,168,15,153,11.11111111111111,2.1164021164021163,8.994708994708994,88.88888888888889,7.936507936507936,80.95238095238095
E00058928,268,31,6,25,237,28,209,11.567164179104477,2.2388059701492535,9.328358208955224,88.43283582089553,10.44776119402985,77.98507462686567
E00058929,267,43,11,32,224,33,191,16.10486891385768,4.119850187265917,11.985018726591761,83.89513108614233,12.359550561797752,71.53558052434457
E00058930,261,37,14,23,224,30,194,14.17624521072797,5.363984674329502,8.812260536398467,85.82375478927203,11.494252873563218,74.32950191570882
E00058931,290,34,12,22,256,28,228,11.724137931034482,4.137931034482759,7.586206896551724,88.27586206896552,9.655172413793103,78.62068965517241
E00058932,331,62,20,42,269,17,252,18.731117824773413,6.042296072507553,12.688821752265861,81.2688821752266,5.13595166163142,76.13293051359517
E00058933,279,63,37,26,216,17,199,22.58064516129032,13.261648745519713,9.31899641577061,77.41935483870968,6.093189964157706,71.32616487455196
E00058934,255,36,13,23,219,25,194,14.117647058823529,5.098039215686274,9.019607843137255,85.88235294117646,9.803921568627452,76.07843137254902
E00058935,233,85,44,41,148,16,132,36.48068669527897,18.88412017167382,17.59656652360515,63.519313304721024,6.866952789699571,56.65236051502146
E00058936,238,46,22,24,192,18,174,19.327731092436977,9.243697478991598,10.084033613445378,80.67226890756302,7.563025210084033,73.10924369747899
E00058937,294,82,37,45,212,19,193,27.89115646258503,12.585034013605442,15.306122448979592,72.10884353741497,6.462585034013606,65.64625850340136
E00058938,340,114,48,66,226,9,217,33.52941176470588,14.117647058823529,19.411764705882355,66.47058823529412,2.6470588235294117,63.8235294117647
E00058939,182,57,35,22,125,12,113,31.318681318681318,19.230769230769234,12.087912087912088,68.68131868131869,6.593406593406594,62.08791208791209
E00058940,177,44,22,22,133,8,125,24.858757062146893,12.429378531073446,12.429378531073446,75.14124293785311,4.519774011299435,70.62146892655367
E00058941,235,32,10,22,203,20,183,13.617021276595745,4.25531914893617,9.361702127659575,86.38297872340426,8.51063829787234,77.87234042553192
E00058942,309,40,11,29,269,25,244,12.944983818770226,3.559870550161812,9.385113268608414,87.05501618122977,8.090614886731391,78.96440129449837
E00058943,216,31,11,20,185,18,167,14.351851851851851,5.092592592592593,9.25925925925926,85.64814814814815,8.333333333333332,77.31481481481481
E00058944,266,38,11,27,228,29,199,14.285714285714285,4.135338345864661,10.150375939849624,85.71428571428571,10.902255639097744,74.81203007518798
E00058945,358,34,12,22,324,27,297,9.497206703910614,3.35195530726257,6.145251396648044,90.5027932960894,7.5418994413407825,82.9608938547486
E00058947,329,41,10,31,288,26,262,12.462006079027356,3.0395136778115504,9.422492401215806,87.53799392097264,7.90273556231003,79.63525835866263
E00058948,267,23,5,18,244,21,223,8.614232209737828,1.8726591760299627,6.741573033707865,91.38576779026218,7.865168539325842,83.52059925093633
E00058949,286,51,28,23,235,26,209,17.832167832167833,9.79020979020979,8.041958041958042,82.16783216783216,9.090909090909092,73.07692307692307
E00058950,347,61,25,36,286,35,251,17.579250720461097,7.204610951008646,10.37463976945245,82.42074927953891,10.086455331412104,72.3342939481268
E00058951,278,38,11,27,240,15,225,13.66906474820144,3.9568345323741005,9.712230215827338,86.33093525179856,5.39568345323741,80.93525179856115
E00058952,287,88,41,47,199,19,180,30.66202090592334,14.285714285714285,16.376306620209057,69.33797909407666,6.620209059233449,62.7177700348432
E00058953,251,60,28,32,191,19,172,23.904382470119522,11.155378486055776,12.749003984063744,76.09561752988047,7.569721115537849,68.52589641434263
E00058954,268,57,33,24,211,18,193,21.26865671641791,12.313432835820896,8.955223880597014,78.73134328358209,6.7164179104477615,72.01492537313433
E00058955,281,49,20,29,232,23,209,17.437722419928825,7.11743772241993,10.320284697508896,82.56227758007117,8.185053380782918,74.37722419928826
E00058956,170,31,13,18,139,14,125,18.235294117647058,7.647058823529412,10.588235294117647,81.76470588235294,8.235294117647058,73.52941176470588
E00058957,345,48,13,35,297,36,261,13.91304347826087,3.768115942028986,10.144927536231885,86.08695652173914,10.434782608695652,75.65217391304347
E00058958,258,50,23,27,208,14,194,19.379844961240313,8.914728682170542,10.465116279069768,80.62015503875969,5.426356589147287,75.1937984496124
E00058959,312,27,5,22,285,35,250,8.653846153846153,1.6025641025641024,7.051282051282051,91.34615384615384,11.217948717948719,80.12820512820514
E00058960,242,30,10,20,212,13,199,12.396694214876034,4.132231404958678,8.264462809917356,87.60330578512396,5.371900826446281,82.23140495867769
E00058961,335,50,11,39,285,19,266,14.925373134328357,3.2835820895522385,11.641791044776118,85.07462686567165,5.6716417910447765,79.40298507462687
E00058962,367,37,14,23,330,34,296,10.08174386920981,3.8147138964577656,6.267029972752043,89.91825613079018,9.264305177111716,80.65395095367847
E00058963,376,40,16,24,336,28,308,10.638297872340425,4.25531914893617,6.382978723404255,89.36170212765957,7.446808510638298,81.91489361702128
E00058964,382,39,14,25,343,24,319,10.209424083769633,3.664921465968586,6.544502617801047,89.79057591623037,6.282722513089005,83.50785340314137
E00058965,300,28,11,17,272,28,244,9.333333333333334,3.6666666666666665,5.666666666666666,90.66666666666666,9.333333333333334,81.33333333333333
E00058966,329,47,18,29,282,30,252,14.285714285714285,5.47112462006079,8.814589665653495,85.71428571428571,9.118541033434651,76.59574468085107
E00058967,407,44,11,33,363,27,336,10.81081081081081,2.7027027027027026,8.108108108108109,89.1891891891892,6.6339066339066335,82.55528255528255
E00058968,389,49,19,30,340,34,306,12.596401028277635,4.884318766066838,7.712082262210797,87.40359897172236,8.740359897172237,78.66323907455013
E00058969,240,46,15,31,194,25,169,19.166666666666668,6.25,12.916666666666668,80.83333333333333,10.416666666666668,70.41666666666667
E00058970,275,49,15,34,226,30,196,17.81818181818182,5.454545454545454,12.363636363636363,82.18181818181817,10.909090909090908,71.27272727272728
E00058971,325,41,14,27,284,24,260,12.615384615384615,4.3076923076923075,8.307692307692308,87.38461538461539,7.384615384615385,80
E00058972,283,49,16,33,234,34,200,17.314487632508836,5.6537102473498235,11.66077738515901,82.68551236749117,12.014134275618375,70.6713780918728
E00058973,313,38,10,28,275,37,238,12.140575079872203,3.1948881789137378,8.945686900958465,87.8594249201278,11.821086261980831,76.03833865814697
E00058974,263,52,24,28,211,27,184,19.771863117870723,9.125475285171103,10.646387832699618,80.22813688212928,10.26615969581749,69.96197718631178
E00058975,502,117,58,59,385,42,343,23.306772908366533,11.553784860557768,11.752988047808765,76.69322709163346,8.366533864541832,68.32669322709162
E00058976,489,84,43,41,405,32,373,17.177914110429448,8.793456032719837,8.384458077709612,82.82208588957054,6.5439672801636,76.27811860940696
E00058977,283,47,14,33,236,28,208,16.607773851590103,4.946996466431095,11.66077738515901,83.3922261484099,9.89399293286219,73.4982332155477
E00058978,297,50,25,25,247,26,221,16.835016835016837,8.417508417508419,8.417508417508419,83.16498316498317,8.754208754208754,74.41077441077442
E00058979,248,52,28,24,196,19,177,20.967741935483872,11.29032258064516,9.67741935483871,79.03225806451613,7.661290322580645,71.37096774193549
E00058980,238,41,17,24,197,12,185,17.22689075630252,7.142857142857142,10.084033613445378,82.77310924369748,5.042016806722689,77.73109243697479
E00058981,340,37,13,24,303,30,273,10.882352941176471,3.823529411764706,7.0588235294117645,89.11764705882354,8.823529411764707,80.29411764705883
E00058982,315,44,12,32,271,28,243,13.968253968253968,3.8095238095238098,10.158730158730158,86.03174603174604,8.88888888888889,77.14285714285715
E00058983,316,37,10,27,279,27,252,11.708860759493671,3.1645569620253164,8.544303797468354,88.29113924050634,8.544303797468354,79.74683544303798
E00058984,313,36,9,27,277,35,242,11.501597444089457,2.8753993610223643,8.626198083067091,88.49840255591054,11.182108626198083,77.31629392971246
E00058985,192,23,8,15,169,14,155,11.979166666666668,4.166666666666666,7.8125,88.02083333333334,7.291666666666667,80.72916666666666
E00058986,308,28,8,20,280,27,253,9.090909090909092,2.5974025974025974,6.493506493506493,90.9090909090909,8.766233766233766,82.14285714285714
E00058987,316,77,33,44,239,18,221,24.367088607594937,10.443037974683545,13.924050632911392,75.63291139240506,5.69620253164557,69.9367088607595
E00058988,255,44,20,24,211,18,193,17.254901960784313,7.8431372549019605,9.411764705882353,82.74509803921568,7.0588235294117645,75.68627450980392
E00058989,353,34,10,24,319,23,296,9.631728045325778,2.8328611898017,6.79886685552408,90.36827195467421,6.515580736543909,83.85269121813032
E00058990,536,58,19,39,478,38,440,10.820895522388058,3.544776119402985,7.276119402985075,89.17910447761194,7.08955223880597,82.08955223880598
E00058991,243,53,21,32,190,15,175,21.810699588477366,8.641975308641975,13.168724279835391,78.18930041152264,6.172839506172839,72.0164609053498
E00058992,257,41,10,31,216,30,186,15.953307392996107,3.8910505836575875,12.062256809338521,84.04669260700389,11.673151750972762,72.37354085603113
E00058993,237,38,12,26,199,32,167,16.033755274261605,5.063291139240507,10.970464135021098,83.96624472573839,13.502109704641349,70.46413502109705
E00058994,377,36,9,27,341,42,299,9.549071618037134,2.3872679045092835,7.161803713527852,90.45092838196287,11.140583554376658,79.3103448275862
E00058995,352,40,13,27,312,18,294,11.363636363636363,3.6931818181818183,7.670454545454546,88.63636363636364,5.113636363636364,83.52272727272727
E00058996,357,30,9,21,327,22,305,8.403361344537815,2.5210084033613445,5.88235294117647,91.59663865546219,6.162464985994398,85.43417366946778
E00058997,307,34,14,20,273,24,249,11.074918566775244,4.5602605863192185,6.514657980456026,88.92508143322475,7.81758957654723,81.10749185667753
E00058998,342,20,6,14,322,24,298,5.847953216374268,1.7543859649122806,4.093567251461988,94.15204678362574,7.017543859649122,87.13450292397661
E00058999,224,32,13,19,192,20,172,14.285714285714285,5.803571428571429,8.482142857142858,85.71428571428571,8.928571428571429,76.78571428571429
E00059000,253,50,17,33,203,28,175,19.76284584980237,6.719367588932807,13.043478260869565,80.23715415019763,11.067193675889328,69.1699604743083
E00059001,286,39,12,27,247,25,222,13.636363636363635,4.195804195804196,9.44055944055944,86.36363636363636,8.741258741258742,77.62237762237763
E00059002,325,37,16,21,288,16,272,11.384615384615385,4.923076923076923,6.461538461538462,88.61538461538461,4.923076923076923,83.6923076923077
E00059003,234,39,13,26,195,21,174,16.666666666666664,5.555555555555555,11.11111111111111,83.33333333333334,8.974358974358974,74.35897435897436
E00059004,278,48,18,30,230,21,209,17.26618705035971,6.474820143884892,10.79136690647482,82.73381294964028,7.553956834532374,75.17985611510791
E00059005,369,53,15,38,316,27,289,14.363143631436316,4.0650406504065035,10.29810298102981,85.63685636856368,7.317073170731707,78.31978319783198
E00059006,272,26,9,17,246,23,223,9.558823529411764,3.308823529411765,6.25,90.44117647058823,8.455882352941178,81.98529411764706
E00059007,229,24,5,19,205,23,182,10.480349344978166,2.1834061135371177,8.296943231441048,89.51965065502183,10.043668122270741,79.47598253275109
E00059008,316,49,12,37,267,27,240,15.50632911392405,3.79746835443038,11.708860759493671,84.49367088607595,8.544303797468354,75.9493670886076
E00059010,211,32,7,25,179,14,165,15.165876777251185,3.3175355450236967,11.848341232227488,84.83412322274881,6.6350710900473935,78.19905213270142
E00059011,333,52,16,36,281,36,245,15.615615615615615,4.804804804804805,10.81081081081081,84.38438438438438,10.81081081081081,73.57357357357357
E00059012,249,34,11,23,215,30,185,13.654618473895583,4.417670682730924,9.236947791164658,86.34538152610442,12.048192771084338,74.29718875502009
E00059013,346,70,22,48,276,26,250,20.23121387283237,6.358381502890173,13.872832369942195,79.76878612716763,7.514450867052023,72.25433526011561
E00059014,427,116,63,53,311,32,279,27.166276346604217,14.754098360655737,12.412177985948478,72.8337236533958,7.494145199063232,65.33957845433255
E00059015,549,65,23,42,484,60,424,11.839708561020036,4.189435336976321,7.650273224043716,88.16029143897997,10.92896174863388,77.23132969034609
E00059016,578,44,11,33,534,42,492,7.612456747404845,1.9031141868512111,5.709342560553633,92.38754325259517,7.26643598615917,85.12110726643598
E00059017,281,100,45,55,181,22,159,35.587188612099645,16.014234875444842,19.572953736654807,64.41281138790036,7.829181494661921,56.58362989323843
E00059018,342,108,62,46,234,20,214,31.57894736842105,18.128654970760234,13.450292397660817,68.42105263157895,5.847953216374268,62.57309941520468
E00059019,262,48,25,23,214,13,201,18.3206106870229,9.541984732824428,8.778625954198473,81.67938931297711,4.961832061068702,76.7175572519084
E00059020,290,36,10,26,254,14,240,12.413793103448276,3.4482758620689653,8.96551724137931,87.58620689655172,4.827586206896552,82.75862068965517
E00059021,268,28,15,13,240,29,211,10.44776119402985,5.597014925373134,4.850746268656716,89.55223880597015,10.820895522388058,78.73134328358209
E00059022,283,33,8,25,250,31,219,11.66077738515901,2.8268551236749118,8.8339222614841,88.33922261484098,10.954063604240282,77.3851590106007
E00059023,299,36,12,24,263,27,236,12.040133779264215,4.013377926421405,8.02675585284281,87.95986622073578,9.03010033444816,78.92976588628763
E00059024,283,41,11,30,242,37,205,14.487632508833922,3.8869257950530036,10.60070671378092,85.51236749116607,13.074204946996467,72.43816254416961
E00059025,489,58,14,44,431,45,386,11.860940695296524,2.8629856850715747,8.997955010224949,88.13905930470347,9.202453987730062,78.93660531697341
E00059026,227,32,9,23,195,30,165,14.096916299559473,3.9647577092511015,10.13215859030837,85.90308370044053,13.215859030837004,72.68722466960352
E00059027,206,42,13,29,164,21,143,20.388349514563107,6.310679611650485,14.077669902912621,79.6116504854369,10.194174757281553,69.41747572815534
E00059028,258,37,16,21,221,26,195,14.34108527131783,6.2015503875969,8.13953488372093,85.65891472868216,10.077519379844961,75.5813953488372
E00059029,227,52,23,29,175,20,155,22.90748898678414,10.13215859030837,12.77533039647577,77.09251101321586,8.81057268722467,68.28193832599119
E00059030,265,44,10,34,221,24,197,16.60377358490566,3.7735849056603774,12.830188679245284,83.39622641509435,9.056603773584905,74.33962264150942
E00059031,426,42,12,30,384,39,345,9.859154929577464,2.8169014084507045,7.042253521126761,90.14084507042254,9.15492957746479,80.98591549295774
E00059032,328,53,16,37,275,28,247,16.158536585365855,4.878048780487805,11.28048780487805,83.84146341463415,8.536585365853659,75.3048780487805
E00059033,235,33,13,20,202,20,182,14.042553191489363,5.531914893617021,8.51063829787234,85.95744680851064,8.51063829787234,77.4468085106383
E00059034,250,45,14,31,205,24,181,18,5.6000000000000005,12.4,82,9.6,72.39999999999999
E00059035,192,70,43,27,122,22,100,36.45833333333333,22.395833333333336,14.0625,63.541666666666664,11.458333333333332,52.083333333333336
E00059036,306,75,45,30,231,31,200,24.509803921568626,14.705882352941178,9.803921568627452,75.49019607843137,10.130718954248366,65.359477124183
E00059037,238,42,17,25,196,30,166,17.647058823529413,7.142857142857142,10.504201680672269,82.35294117647058,12.605042016806722,69.74789915966386
E00059038,270,36,11,25,234,26,208,13.333333333333334,4.074074074074074,9.25925925925926,86.66666666666667,9.62962962962963,77.03703703703704
E00059039,231,44,16,28,187,18,169,19.047619047619047,6.926406926406926,12.121212121212121,80.95238095238095,7.792207792207792,73.16017316017316
E00059040,319,71,38,33,248,18,230,22.25705329153605,11.912225705329153,10.344827586206897,77.74294670846395,5.6426332288401255,72.10031347962382
E00059041,230,58,25,33,172,18,154,25.217391304347824,10.869565217391305,14.347826086956522,74.78260869565217,7.82608695652174,66.95652173913044
E00059042,275,45,20,25,230,25,205,16.363636363636363,7.2727272727272725,9.090909090909092,83.63636363636363,9.090909090909092,74.54545454545455
E00059043,199,60,34,26,139,16,123,30.15075376884422,17.08542713567839,13.06532663316583,69.84924623115577,8.040201005025125,61.80904522613066
E00059044,310,57,20,37,253,23,230,18.387096774193548,6.451612903225806,11.935483870967742,81.61290322580645,7.419354838709677,74.19354838709677
E00059045,284,56,20,36,228,27,201,19.718309859154928,7.042253521126761,12.676056338028168,80.28169014084507,9.507042253521126,70.77464788732394
E00059047,162,54,29,25,108,7,101,33.33333333333333,17.901234567901234,15.432098765432098,66.66666666666666,4.320987654320987,62.34567901234568
E00059048,270,49,25,24,221,25,196,18.14814814814815,9.25925925925926,8.88888888888889,81.85185185185185,9.25925925925926,72.5925925925926
E00059049,284,67,25,42,217,25,192,23.591549295774648,8.80281690140845,14.788732394366196,76.40845070422534,8.80281690140845,67.6056338028169
E00059050,362,77,27,50,285,16,269,21.2707182320442,7.458563535911603,13.812154696132598,78.72928176795581,4.41988950276243,74.30939226519338
E00059051,448,128,72,56,320,24,296,28.57142857142857,16.071428571428573,12.5,71.42857142857143,5.357142857142857,66.07142857142857
E00059052,273,64,28,36,209,23,186,23.44322344322344,10.256410256410255,13.186813186813188,76.55677655677655,8.424908424908425,68.13186813186813
E00059053,264,48,20,28,216,26,190,18.181818181818183,7.575757575757576,10.606060606060606,81.81818181818183,9.848484848484848,71.96969696969697
E00059054,428,49,27,22,379,29,350,11.448598130841122,6.308411214953271,5.14018691588785,88.55140186915888,6.775700934579438,81.77570093457945
E00059055,290,39,14,25,251,20,231,13.448275862068964,4.827586206896552,8.620689655172415,86.55172413793103,6.896551724137931,79.65517241379311
E00059056,271,61,29,32,210,20,190,22.509225092250922,10.70110701107011,11.808118081180812,77.49077490774908,7.380073800738007,70.11070110701108
E00059057,488,53,21,32,435,26,409,10.860655737704917,4.30327868852459,6.557377049180328,89.13934426229508,5.327868852459016,83.81147540983606
E00059058,286,39,20,19,247,19,228,13.636363636363635,6.993006993006993,6.643356643356643,86.36363636363636,6.643356643356643,79.72027972027972
E00059059,302,38,17,21,264,21,243,12.582781456953644,5.629139072847682,6.95364238410596,87.41721854304636,6.95364238410596,80.4635761589404
E00059060,299,44,15,29,255,15,240,14.715719063545151,5.016722408026756,9.698996655518394,85.28428093645485,5.016722408026756,80.2675585284281
E00059061,204,71,46,25,133,9,124,34.80392156862745,22.54901960784314,12.254901960784313,65.19607843137256,4.411764705882353,60.78431372549019
E00059062,229,37,14,23,192,16,176,16.157205240174672,6.11353711790393,10.043668122270741,83.84279475982532,6.986899563318777,76.85589519650655
E00059063,326,77,34,43,249,25,224,23.619631901840492,10.429447852760736,13.190184049079754,76.38036809815951,7.668711656441718,68.71165644171779
E00059064,372,48,13,35,324,31,293,12.903225806451612,3.494623655913978,9.408602150537634,87.09677419354838,8.333333333333332,78.76344086021506
E00059065,312,68,33,35,244,18,226,21.794871794871796,10.576923076923077,11.217948717948719,78.2051282051282,5.769230769230769,72.43589743589743
E00059066,279,48,18,30,231,14,217,17.20430107526882,6.451612903225806,10.75268817204301,82.79569892473118,5.017921146953405,77.77777777777779
E00059067,232,56,24,32,176,12,164,24.137931034482758,10.344827586206897,13.793103448275861,75.86206896551724,5.172413793103448,70.6896551724138
E00059068,388,49,15,34,339,32,307,12.628865979381443,3.865979381443299,8.762886597938143,87.37113402061856,8.24742268041237,79.12371134020619
E00059069,277,50,18,32,227,26,201,18.050541516245488,6.4981949458483745,11.552346570397113,81.94945848375451,9.386281588447654,72.56317689530685
E00059071,316,80,47,33,236,12,224,25.31645569620253,14.873417721518987,10.443037974683545,74.68354430379746,3.79746835443038,70.88607594936708
E00059073,291,66,29,37,225,19,206,22.68041237113402,9.965635738831615,12.714776632302405,77.31958762886599,6.529209621993128,70.79037800687286
E00059074,432,64,24,40,368,32,336,14.814814814814813,5.555555555555555,9.25925925925926,85.18518518518519,7.4074074074074066,77.77777777777779
E00059075,249,56,26,30,193,19,174,22.48995983935743,10.441767068273093,12.048192771084338,77.51004016064257,7.630522088353414,69.87951807228916
E00059076,304,65,30,35,239,28,211,21.38157894736842,9.868421052631579,11.513157894736842,78.61842105263158,9.210526315789473,69.4078947368421
E00059077,180,64,39,25,116,12,104,35.55555555555556,21.666666666666668,13.88888888888889,64.44444444444444,6.666666666666667,57.77777777777777
E00059078,241,70,30,40,171,17,154,29.045643153526974,12.448132780082988,16.59751037344398,70.95435684647303,7.053941908713693,63.90041493775933
E00059079,161,38,16,22,123,9,114,23.60248447204969,9.937888198757763,13.664596273291925,76.3975155279503,5.590062111801243,70.80745341614907
E00059080,322,56,34,22,266,34,232,17.391304347826086,10.559006211180124,6.832298136645963,82.6086956521739,10.559006211180124,72.04968944099379
E00059081,361,80,34,46,281,15,266,22.160664819944596,9.418282548476455,12.742382271468145,77.8393351800554,4.1551246537396125,73.68421052631578
E00059082,435,57,29,28,378,22,356,13.10344827586207,6.666666666666667,6.436781609195402,86.89655172413792,5.057471264367816,81.83908045977012
E00059083,339,63,27,36,276,16,260,18.58407079646018,7.964601769911504,10.619469026548673,81.41592920353983,4.71976401179941,76.69616519174042
E00059084,352,76,34,42,276,28,248,21.59090909090909,9.659090909090908,11.931818181818182,78.4090909090909,7.954545454545454,70.45454545454545
E00059085,256,58,28,30,198,10,188,22.65625,10.9375,11.71875,77.34375,3.90625,73.4375
E00059086,400,72,40,32,328,20,308,18,10,8,82,5,77
E00059087,313,60,17,43,253,23,230,19.169329073482427,5.431309904153355,13.738019169329075,80.83067092651757,7.348242811501597,73.48242811501598
E00059088,352,63,28,35,289,20,269,17.897727272727273,7.954545454545454,9.943181818181818,82.10227272727273,5.681818181818182,76.42045454545455
E00059089,339,73,33,40,266,20,246,21.533923303834808,9.734513274336283,11.799410029498524,78.46607669616519,5.899705014749262,72.56637168141593
E00059090,393,79,32,47,314,26,288,20.10178117048346,8.142493638676845,11.959287531806616,79.89821882951654,6.615776081424936,73.2824427480916
E00059091,322,67,34,33,255,22,233,20.80745341614907,10.559006211180124,10.248447204968944,79.19254658385093,6.832298136645963,72.36024844720497
E00059092,384,102,42,60,282,19,263,26.5625,10.9375,15.625,73.4375,4.947916666666666,68.48958333333334
E00059093,222,63,29,34,159,18,141,28.37837837837838,13.063063063063062,15.315315315315313,71.62162162162163,8.108108108108109,63.51351351351351
E00059094,295,66,30,36,229,21,208,22.372881355932204,10.16949152542373,12.203389830508476,77.62711864406779,7.118644067796611,70.50847457627118
E00059095,272,42,20,22,230,12,218,15.441176470588236,7.352941176470589,8.088235294117647,84.55882352941177,4.411764705882353,80.14705882352942
E00059096,316,58,22,36,258,21,237,18.354430379746837,6.962025316455696,11.39240506329114,81.64556962025317,6.6455696202531636,75
E00059097,285,52,21,31,233,18,215,18.24561403508772,7.368421052631578,10.87719298245614,81.75438596491227,6.315789473684211,75.43859649122807
E00059098,126,16,4,12,110,14,96,12.698412698412698,3.1746031746031744,9.523809523809524,87.3015873015873,11.11111111111111,76.19047619047619
E00059099,245,63,41,22,182,16,166,25.71428571428571,16.73469387755102,8.979591836734693,74.28571428571429,6.530612244897959,67.75510204081633
E00059100,248,55,28,27,193,21,172,22.177419354838708,11.29032258064516,10.887096774193548,77.82258064516128,8.46774193548387,69.35483870967742
E00059101,266,49,22,27,217,20,197,18.421052631578945,8.270676691729323,10.150375939849624,81.57894736842105,7.518796992481203,74.06015037593986
E00059102,341,47,15,32,294,35,259,13.78299120234604,4.398826979472141,9.3841642228739,86.21700879765396,10.263929618768328,75.95307917888563
E00059103,294,44,21,23,250,28,222,14.965986394557824,7.142857142857142,7.8231292517006805,85.03401360544217,9.523809523809524,75.51020408163265
E00059104,328,57,28,29,271,28,243,17.378048780487802,8.536585365853659,8.841463414634147,82.6219512195122,8.536585365853659,74.08536585365853
E00059105,262,66,29,37,196,23,173,25.190839694656486,11.068702290076336,14.122137404580155,74.80916030534351,8.778625954198473,66.03053435114504
E00059106,345,45,15,30,300,27,273,13.043478260869565,4.3478260869565215,8.695652173913043,86.95652173913044,7.82608695652174,79.13043478260869
E00059107,319,53,16,37,266,28,238,16.614420062695924,5.015673981191222,11.598746081504702,83.38557993730407,8.77742946708464,74.60815047021944
E00059108,291,51,20,31,240,26,214,17.525773195876287,6.872852233676976,10.652920962199312,82.4742268041237,8.934707903780069,73.53951890034365
E00059109,338,58,27,31,280,20,260,17.159763313609467,7.988165680473373,9.171597633136095,82.84023668639054,5.9171597633136095,76.92307692307693
E00059110,284,64,29,35,220,15,205,22.535211267605636,10.211267605633804,12.323943661971832,77.46478873239437,5.28169014084507,72.1830985915493
E00059111,337,70,29,41,267,21,246,20.77151335311573,8.605341246290802,12.166172106824925,79.22848664688428,6.231454005934718,72.99703264094956
E00059112,325,79,31,48,246,17,229,24.307692307692307,9.538461538461538,14.76923076923077,75.6923076923077,5.230769230769231,70.46153846153847
E00059113,314,73,29,44,241,18,223,23.248407643312103,9.235668789808917,14.012738853503185,76.75159235668791,5.7324840764331215,71.01910828025477
E00059114,247,35,12,23,212,16,196,14.17004048582996,4.8582995951417,9.31174089068826,85.82995951417004,6.477732793522267,79.35222672064778
E00059115,266,34,15,19,232,23,209,12.781954887218044,5.639097744360902,7.142857142857142,87.21804511278195,8.646616541353383,78.57142857142857
E00059116,257,74,42,32,183,20,163,28.793774319066145,16.342412451361866,12.45136186770428,71.20622568093385,7.782101167315175,63.42412451361867
E00059117,278,59,26,33,219,19,200,21.223021582733814,9.352517985611511,11.870503597122301,78.77697841726618,6.83453237410072,71.94244604316546
E00059118,304,57,24,33,247,19,228,18.75,7.894736842105263,10.855263157894738,81.25,6.25,75
E00059119,274,61,29,32,213,19,194,22.26277372262774,10.583941605839415,11.678832116788321,77.73722627737226,6.934306569343065,70.8029197080292
E00059120,321,43,16,27,278,21,257,13.395638629283487,4.984423676012461,8.411214953271028,86.6043613707165,6.5420560747663545,80.06230529595015
E00059121,286,35,9,26,251,16,235,12.237762237762238,3.146853146853147,9.090909090909092,87.76223776223776,5.594405594405594,82.16783216783216
E00059122,296,61,20,41,235,21,214,20.60810810810811,6.756756756756757,13.85135135135135,79.3918918918919,7.094594594594595,72.2972972972973
E00059123,309,44,16,28,265,32,233,14.239482200647249,5.177993527508091,9.06148867313916,85.76051779935275,10.355987055016183,75.40453074433657
E00059124,436,54,24,30,382,36,346,12.385321100917432,5.5045871559633035,6.8807339449541285,87.61467889908256,8.256880733944955,79.35779816513761
E00059125,509,64,23,41,445,34,411,12.573673870333987,4.518664047151278,8.055009823182711,87.42632612966601,6.679764243614931,80.74656188605108
E00059126,266,46,14,32,220,17,203,17.293233082706767,5.263157894736842,12.030075187969924,82.70676691729322,6.390977443609022,76.31578947368422
E00059127,206,74,35,39,132,16,116,35.92233009708738,16.990291262135923,18.932038834951456,64.07766990291263,7.766990291262135,56.310679611650485
E00059128,296,67,32,35,229,24,205,22.635135135135133,10.81081081081081,11.824324324324325,77.36486486486487,8.108108108108109,69.25675675675676
E00059129,413,86,31,55,327,22,305,20.823244552058114,7.506053268765134,13.317191283292978,79.1767554479419,5.326876513317192,73.8498789346247
E00059130,450,57,21,36,393,29,364,12.666666666666668,4.666666666666667,8,87.33333333333333,6.444444444444445,80.88888888888889
E00059131,281,45,22,23,236,17,219,16.014234875444842,7.829181494661921,8.185053380782918,83.98576512455516,6.049822064056939,77.93594306049823
E00059132,237,35,20,15,202,17,185,14.767932489451477,8.438818565400844,6.329113924050633,85.23206751054853,7.172995780590717,78.05907172995781
E00059133,208,36,15,21,172,10,162,17.307692307692307,7.211538461538461,10.096153846153847,82.6923076923077,4.807692307692308,77.88461538461539
E00059134,318,103,65,38,215,11,204,32.38993710691824,20.440251572327046,11.949685534591195,67.61006289308176,3.459119496855346,64.15094339622641
E00059135,267,61,29,32,206,18,188,22.846441947565545,10.861423220973784,11.985018726591761,77.15355805243446,6.741573033707865,70.4119850187266
E00059136,225,35,11,24,190,19,171,15.555555555555555,4.888888888888889,10.666666666666668,84.44444444444444,8.444444444444445,76
E00059137,324,60,24,36,264,17,247,18.51851851851852,7.4074074074074066,11.11111111111111,81.48148148148148,5.246913580246913,76.23456790123457
E00059138,262,52,27,25,210,12,198,19.84732824427481,10.305343511450381,9.541984732824428,80.1526717557252,4.580152671755725,75.57251908396947
E00059139,339,74,37,37,265,22,243,21.828908554572273,10.914454277286136,10.914454277286136,78.17109144542773,6.489675516224189,71.68141592920354
E00059140,266,50,26,24,216,21,195,18.796992481203006,9.774436090225564,9.022556390977442,81.203007518797,7.894736842105263,73.30827067669173
E00059141,320,80,42,38,240,17,223,25,13.125,11.875,75,5.3125,69.6875
E00059142,242,54,32,22,188,14,174,22.31404958677686,13.223140495867769,9.090909090909092,77.68595041322314,5.785123966942149,71.900826446281
E00059143,251,43,17,26,208,25,183,17.131474103585656,6.772908366533864,10.358565737051793,82.86852589641434,9.9601593625498,72.90836653386454
E00059144,275,34,12,22,241,11,230,12.363636363636363,4.363636363636364,8,87.63636363636364,4,83.63636363636363
E00059146,262,29,17,12,233,14,219,11.068702290076336,6.488549618320611,4.580152671755725,88.93129770992367,5.343511450381679,83.58778625954199
E00059147,230,72,41,31,158,16,142,31.30434782608696,17.82608695652174,13.478260869565217,68.69565217391305,6.956521739130435,61.73913043478261
E00059148,246,28,12,16,218,19,199,11.38211382113821,4.878048780487805,6.504065040650407,88.6178861788618,7.723577235772358,80.89430894308943
E00059149,289,67,32,35,222,20,202,23.18339100346021,11.072664359861593,12.110726643598616,76.8166089965398,6.920415224913495,69.8961937716263
E00059150,261,44,10,34,217,20,197,16.85823754789272,3.8314176245210727,13.026819923371647,83.14176245210729,7.662835249042145,75.47892720306514
E00059151,271,47,14,33,224,25,199,17.343173431734318,5.166051660516605,12.177121771217712,82.65682656826569,9.22509225092251,73.43173431734317
E00059152,298,45,16,29,253,25,228,15.100671140939598,5.369127516778524,9.731543624161073,84.8993288590604,8.389261744966444,76.51006711409396
E00059153,282,39,23,16,243,28,215,13.829787234042554,8.156028368794328,5.673758865248227,86.17021276595744,9.929078014184398,76.24113475177306
E00059154,241,41,15,26,200,27,173,17.012448132780083,6.224066390041494,10.78838174273859,82.98755186721992,11.20331950207469,71.78423236514523
E00059155,232,60,16,44,172,16,156,25.862068965517242,6.896551724137931,18.96551724137931,74.13793103448276,6.896551724137931,67.24137931034483
E00059156,276,50,17,33,226,17,209,18.115942028985508,6.159420289855073,11.956521739130435,81.88405797101449,6.159420289855073,75.72463768115942
E00059157,134,17,9,8,117,4,113,12.686567164179104,6.7164179104477615,5.970149253731343,87.31343283582089,2.9850746268656714,84.32835820895522
E00059158,226,50,16,34,176,12,164,22.123893805309734,7.079646017699115,15.04424778761062,77.87610619469027,5.3097345132743365,72.56637168141593
E00059159,245,57,29,28,188,14,174,23.26530612244898,11.83673469387755,11.428571428571429,76.73469387755102,5.714285714285714,71.0204081632653
E00059160,268,42,14,28,226,23,203,15.671641791044777,5.223880597014925,10.44776119402985,84.32835820895522,8.582089552238806,75.74626865671642
E00059161,488,62,25,37,426,30,396,12.704918032786885,5.122950819672131,7.581967213114754,87.29508196721312,6.147540983606557,81.14754098360656
E00059163,382,45,9,36,337,33,304,11.780104712041885,2.356020942408377,9.424083769633508,88.21989528795811,8.638743455497382,79.58115183246073
E00059164,207,21,2,19,186,18,168,10.144927536231885,0.966183574879227,9.178743961352657,89.85507246376811,8.695652173913043,81.15942028985508
E00059165,275,43,16,27,232,21,211,15.636363636363637,5.818181818181818,9.818181818181818,84.36363636363636,7.636363636363637,76.72727272727272
E00059166,282,36,17,19,246,17,229,12.76595744680851,6.028368794326241,6.73758865248227,87.2340425531915,6.028368794326241,81.20567375886525
E00059167,238,52,18,34,186,17,169,21.84873949579832,7.563025210084033,14.285714285714285,78.15126050420169,7.142857142857142,71.00840336134453
E00059168,252,54,20,34,198,14,184,21.428571428571427,7.936507936507936,13.492063492063492,78.57142857142857,5.555555555555555,73.01587301587301
E00059169,234,34,13,21,200,20,180,14.529914529914532,5.555555555555555,8.974358974358974,85.47008547008546,8.547008547008547,76.92307692307693
E00059170,203,29,8,21,174,12,162,14.285714285714285,3.9408866995073892,10.344827586206897,85.71428571428571,5.911330049261084,79.80295566502463
E00059171,320,66,34,32,254,14,240,20.625,10.625,10,79.375,4.375,75
E00059172,232,69,44,25,163,11,152,29.74137931034483,18.96551724137931,10.775862068965516,70.25862068965517,4.741379310344827,65.51724137931035
E00059173,204,50,25,25,154,13,141,24.509803921568626,12.254901960784313,12.254901960784313,75.49019607843137,6.372549019607843,69.11764705882352
E00059174,292,60,34,26,232,16,216,20.54794520547945,11.643835616438356,8.904109589041095,79.45205479452055,5.47945205479452,73.97260273972603
E00059175,243,74,36,38,169,19,150,30.45267489711934,14.814814814814813,15.637860082304528,69.54732510288066,7.818930041152264,61.72839506172839
E00059176,363,70,35,35,293,8,285,19.28374655647383,9.641873278236915,9.641873278236915,80.71625344352617,2.203856749311295,78.51239669421489
E00059177,313,34,8,26,279,20,259,10.86261980830671,2.5559105431309903,8.30670926517572,89.1373801916933,6.3897763578274756,82.74760383386581
E00059178,311,73,37,36,238,24,214,23.47266881028939,11.89710610932476,11.57556270096463,76.52733118971061,7.717041800643088,68.81028938906752
E00059179,330,79,31,48,251,12,239,23.939393939393938,9.393939393939393,14.545454545454545,76.06060606060606,3.6363636363636362,72.42424242424242
E00059180,277,40,14,26,237,23,214,14.440433212996389,5.054151624548736,9.386281588447654,85.5595667870036,8.303249097472925,77.25631768953069
E00059181,246,31,14,17,215,18,197,12.601626016260163,5.691056910569105,6.910569105691057,87.39837398373984,7.317073170731707,80.08130081300813
E00059182,328,45,18,27,283,21,262,13.719512195121952,5.487804878048781,8.231707317073171,86.28048780487805,6.402439024390244,79.8780487804878
E00059183,274,67,29,38,207,19,188,24.45255474452555,10.583941605839415,13.86861313868613,75.54744525547446,6.934306569343065,68.61313868613139
E00059184,274,81,35,46,193,14,179,29.56204379562044,12.773722627737227,16.78832116788321,70.43795620437956,5.109489051094891,65.32846715328468
E00059185,283,55,27,28,228,16,212,19.434628975265017,9.540636042402827,9.89399293286219,80.56537102473497,5.6537102473498235,74.91166077738515
E00059186,333,75,43,32,258,17,241,22.52252252252252,12.912912912912914,9.60960960960961,77.47747747747748,5.105105105105105,72.37237237237237
E00059187,277,114,70,44,163,12,151,41.15523465703971,25.27075812274368,15.884476534296029,58.844765342960294,4.332129963898916,54.51263537906137
E00059188,294,93,50,43,201,17,184,31.63265306122449,17.006802721088434,14.625850340136054,68.36734693877551,5.782312925170068,62.585034013605444
E00165673,192,39,17,22,153,16,137,20.3125,8.854166666666668,11.458333333333332,79.6875,8.333333333333332,71.35416666666666
E00165674,296,66,33,33,230,21,209,22.2972972972973,11.14864864864865,11.14864864864865,77.7027027027027,7.094594594594595,70.6081081081081
E00165675,194,37,20,17,157,8,149,19.072164948453608,10.309278350515463,8.762886597938143,80.9278350515464,4.123711340206185,76.80412371134021
E00165676,312,57,18,39,255,23,232,18.269230769230766,5.769230769230769,12.5,81.73076923076923,7.371794871794872,74.35897435897436
E00165677,425,78,34,44,347,29,318,18.352941176470587,8,10.352941176470589,81.64705882352942,6.8235294117647065,74.82352941176471
E00165678,247,48,23,25,199,16,183,19.4331983805668,9.31174089068826,10.121457489878543,80.5668016194332,6.477732793522267,74.08906882591093
E00165679,319,73,34,39,246,21,225,22.884012539184955,10.658307210031348,12.225705329153605,77.11598746081505,6.583072100313479,70.53291536050156
E00165680,509,57,13,44,452,31,421,11.19842829076621,2.5540275049115913,8.644400785854616,88.8015717092338,6.090373280943026,82.71119842829077
E00165681,353,82,34,48,271,12,259,23.229461756373937,9.631728045325778,13.59773371104816,76.77053824362606,3.39943342776204,73.37110481586402
E00165682,222,57,13,44,165,12,153,25.675675675675674,5.8558558558558556,19.81981981981982,74.32432432432432,5.405405405405405,68.91891891891892
E00165683,366,68,30,38,298,24,274,18.579234972677597,8.19672131147541,10.382513661202186,81.4207650273224,6.557377049180328,74.86338797814209
E00165684,354,52,13,39,302,32,270,14.689265536723164,3.672316384180791,11.016949152542372,85.31073446327684,9.03954802259887,76.27118644067797
E00165685,263,80,32,48,183,11,172,30.418250950570343,12.167300380228136,18.250950570342205,69.58174904942965,4.182509505703422,65.39923954372624
E00165686,282,63,26,37,219,16,203,22.340425531914892,9.219858156028367,13.120567375886525,77.6595744680851,5.673758865248227,71.98581560283688
E00165687,339,45,19,26,294,25,269,13.274336283185843,5.604719764011799,7.669616519174041,86.72566371681415,7.374631268436578,79.35103244837758
E00165688,193,13,3,10,180,7,173,6.7357512953367875,1.5544041450777202,5.181347150259067,93.26424870466322,3.6269430051813467,89.63730569948186
E00165689,159,27,13,14,132,7,125,16.9811320754717,8.176100628930817,8.80503144654088,83.01886792452831,4.40251572327044,78.61635220125787
E00165690,309,104,54,50,205,26,179,33.65695792880259,17.475728155339805,16.181229773462782,66.34304207119742,8.414239482200648,57.92880258899677
E00165691,488,60,21,39,428,35,393,12.295081967213115,4.30327868852459,7.991803278688526,87.70491803278688,7.172131147540983,80.5327868852459
E00165692,307,46,15,31,261,11,250,14.983713355048861,4.88599348534202,10.097719869706841,85.01628664495115,3.5830618892508146,81.43322475570032
E00165693,341,71,36,35,270,19,251,20.821114369501466,10.557184750733137,10.263929618768328,79.17888563049853,5.571847507331378,73.60703812316716
E00165694,376,111,53,58,265,27,238,29.521276595744684,14.095744680851062,15.425531914893616,70.47872340425532,7.180851063829788,63.297872340425535
E00165695,392,58,25,33,334,25,309,14.795918367346939,6.377551020408164,8.418367346938775,85.20408163265306,6.377551020408164,78.8265306122449
E00165696,226,40,13,27,186,17,169,17.699115044247787,5.752212389380531,11.946902654867257,82.30088495575221,7.52212389380531,74.77876106194691
E00169576,199,36,14,22,163,18,145,18.090452261306535,7.035175879396985,11.055276381909549,81.90954773869346,9.045226130653267,72.8643216080402
E00169578,230,34,9,25,196,16,180,14.782608695652174,3.91304347826087,10.869565217391305,85.21739130434783,6.956521739130435,78.26086956521739
E00169579,281,31,4,27,250,21,229,11.032028469750891,1.4234875444839856,9.608540925266903,88.96797153024912,7.473309608540925,81.49466192170819
E00169581,324,29,6,23,295,27,268,8.950617283950617,1.8518518518518516,7.098765432098765,91.0493827160494,8.333333333333332,82.71604938271605
E00169583,620,61,13,48,559,43,516,9.838709677419356,2.0967741935483875,7.741935483870968,90.16129032258064,6.935483870967742,83.22580645161291
E00169584,238,32,11,21,206,22,184,13.445378151260504,4.621848739495799,8.823529411764707,86.5546218487395,9.243697478991598,77.31092436974791
E00169586,251,22,1,21,229,25,204,8.764940239043826,0.398406374501992,8.366533864541832,91.23505976095618,9.9601593625498,81.27490039840637
E00169587,353,57,21,36,296,10,286,16.147308781869686,5.94900849858357,10.198300283286118,83.85269121813032,2.8328611898017,81.01983002832861
E00169589,257,37,13,24,220,7,213,14.396887159533073,5.058365758754864,9.33852140077821,85.60311284046692,2.7237354085603114,82.87937743190662
E00169590,302,22,10,12,280,23,257,7.28476821192053,3.3112582781456954,3.9735099337748347,92.71523178807946,7.6158940397351,85.09933774834437
E00169592,267,27,10,17,240,20,220,10.112359550561797,3.7453183520599254,6.367041198501873,89.8876404494382,7.490636704119851,82.39700374531836
E00169593,230,19,5,14,211,19,192,8.26086956521739,2.1739130434782608,6.086956521739131,91.73913043478261,8.26086956521739,83.47826086956522
E00169595,252,29,5,24,223,24,199,11.507936507936508,1.984126984126984,9.523809523809524,88.4920634920635,9.523809523809524,78.96825396825396
E00169597,535,55,11,44,480,53,427,10.2803738317757,2.0560747663551404,8.224299065420562,89.7196261682243,9.906542056074766,79.81308411214954
E00169598,182,69,36,33,113,13,100,37.91208791208791,19.78021978021978,18.13186813186813,62.08791208791209,7.142857142857142,54.94505494505495
E00169606,155,49,28,21,106,19,87,31.61290322580645,18.064516129032256,13.548387096774196,68.38709677419355,12.258064516129032,56.12903225806451
E00169607,418,46,18,28,372,24,348,11.004784688995215,4.30622009569378,6.698564593301436,88.99521531100478,5.741626794258373,83.25358851674642
E00169609,1174,150,31,119,1024,76,948,12.776831345826235,2.6405451448040886,10.136286201022147,87.22316865417376,6.473594548551959,80.7495741056218
E00169611,254,31,6,25,223,16,207,12.204724409448819,2.3622047244094486,9.84251968503937,87.79527559055119,6.299212598425196,81.49606299212599
E00169612,465,62,12,50,403,31,372,13.333333333333334,2.5806451612903225,10.75268817204301,86.66666666666667,6.666666666666667,80
E00169617,377,46,15,31,331,34,297,12.20159151193634,3.978779840848806,8.222811671087534,87.79840848806366,9.018567639257293,78.77984084880637
E00169618,227,38,17,21,189,33,156,16.740088105726873,7.488986784140969,9.251101321585903,83.25991189427313,14.537444933920703,68.72246696035242
E00169620,440,67,31,36,373,14,359,15.227272727272728,7.045454545454545,8.181818181818182,84.77272727272728,3.1818181818181817,81.5909090909091
E00169621,614,75,38,37,539,19,520,12.214983713355048,6.188925081433225,6.026058631921824,87.78501628664495,3.0944625407166124,84.69055374592834
E00169625,278,83,42,41,195,13,182,29.856115107913666,15.107913669064748,14.748201438848922,70.14388489208633,4.676258992805756,65.46762589928058
E00169626,433,25,9,16,408,18,390,5.773672055427252,2.0785219399538106,3.695150115473441,94.22632794457274,4.157043879907621,90.06928406466513
E00169629,320,37,10,27,283,15,268,11.5625,3.125,8.4375,88.4375,4.6875,83.75
E00169738,312,86,54,32,226,19,207,27.564102564102566,17.307692307692307,10.256410256410255,72.43589743589743,6.089743589743589,66.34615384615384
E00169739,507,55,26,29,452,8,444,10.848126232741617,5.128205128205128,5.719921104536489,89.15187376725838,1.5779092702169626,87.57396449704143
E00169740,346,34,13,21,312,5,307,9.826589595375722,3.7572254335260116,6.069364161849711,90.17341040462428,1.4450867052023122,88.72832369942196
E00169741,341,63,27,36,278,6,272,18.475073313782993,7.9178885630498534,10.557184750733137,81.52492668621701,1.7595307917888565,79.76539589442815
E00169742,252,60,35,25,192,12,180,23.809523809523807,13.88888888888889,9.920634920634921,76.19047619047619,4.761904761904762,71.42857142857143
E00169744,266,56,23,33,210,28,182,21.052631578947366,8.646616541353383,12.406015037593985,78.94736842105263,10.526315789473683,68.42105263157895
E00169745,271,24,16,8,247,10,237,8.856088560885608,5.904059040590406,2.952029520295203,91.14391143911439,3.6900369003690034,87.4538745387454
E00169746,735,84,14,70,651,85,566,11.428571428571429,1.9047619047619049,9.523809523809524,88.57142857142857,11.564625850340136,77.00680272108843
E00169747,125,18,10,8,107,5,102,14.399999999999999,8,6.4,85.6,4,81.6
E00169748,1014,115,21,94,899,66,833,11.341222879684418,2.0710059171597637,9.270216962524655,88.65877712031558,6.508875739644971,82.14990138067061
E00169749,295,41,20,21,254,18,236,13.898305084745763,6.779661016949152,7.118644067796611,86.10169491525423,6.101694915254238,80
E00169750,283,39,12,27,244,22,222,13.780918727915195,4.240282685512367,9.540636042402827,86.21908127208481,7.773851590106007,78.4452296819788
E00169751,251,36,15,21,215,15,200,14.342629482071715,5.9760956175298805,8.366533864541832,85.65737051792829,5.9760956175298805,79.6812749003984
E00169752,144,17,8,9,127,9,118,11.805555555555555,5.555555555555555,6.25,88.19444444444444,6.25,81.94444444444444
E00169753,397,53,14,39,344,16,328,13.350125944584383,3.5264483627204033,9.82367758186398,86.64987405541562,4.030226700251889,82.61964735516372
E00169754,246,37,9,28,209,17,192,15.040650406504067,3.6585365853658534,11.38211382113821,84.95934959349594,6.910569105691057,78.04878048780488
E00169755,529,73,30,43,456,16,440,13.799621928166353,5.671077504725898,8.128544423440454,86.20037807183365,3.0245746691871456,83.1758034026465
E00169780,263,37,8,29,226,18,208,14.068441064638785,3.041825095057034,11.02661596958175,85.93155893536122,6.844106463878327,79.08745247148289
E00169783,165,34,12,22,131,8,123,20.606060606060606,7.2727272727272725,13.333333333333334,79.39393939393939,4.848484848484849,74.54545454545455
E00169786,190,32,4,28,158,22,136,16.842105263157894,2.1052631578947367,14.736842105263156,83.15789473684211,11.578947368421053,71.57894736842105
E00169788,374,79,14,65,295,24,271,21.12299465240642,3.7433155080213902,17.379679144385026,78.87700534759358,6.417112299465241,72.45989304812835
E00169789,283,33,4,29,250,27,223,11.66077738515901,1.4134275618374559,10.247349823321555,88.33922261484098,9.540636042402827,78.79858657243817
E00169792,314,28,10,18,286,26,260,8.9171974522293,3.1847133757961785,5.7324840764331215,91.0828025477707,8.280254777070063,82.80254777070064
E00169794,241,22,2,20,219,21,198,9.12863070539419,0.8298755186721992,8.29875518672199,90.87136929460581,8.71369294605809,82.15767634854771
E00169796,151,36,17,19,115,7,108,23.841059602649008,11.258278145695364,12.582781456953644,76.15894039735099,4.635761589403973,71.52317880794702
E00169797,154,18,4,14,136,10,126,11.688311688311687,2.5974025974025974,9.090909090909092,88.31168831168831,6.493506493506493,81.81818181818183
E00169800,190,20,0,20,170,15,155,10.526315789473683,0,10.526315789473683,89.47368421052632,7.894736842105263,81.57894736842105
E00169802,150,16,1,15,134,14,120,10.666666666666668,0.6666666666666667,10,89.33333333333333,9.333333333333334,80
E00169803,206,19,2,17,187,20,167,9.223300970873787,0.9708737864077669,8.25242718446602,90.77669902912622,9.70873786407767,81.06796116504854
E00169805,201,12,1,11,189,19,170,5.970149253731343,0.4975124378109453,5.472636815920398,94.02985074626866,9.45273631840796,84.5771144278607
E00169806,208,60,36,24,148,22,126,28.846153846153843,17.307692307692307,11.538461538461538,71.15384615384616,10.576923076923077,60.57692307692307
E00169810,161,16,0,16,145,16,129,9.937888198757763,0,9.937888198757763,90.06211180124224,9.937888198757763,80.12422360248446
E00169811,325,35,15,20,290,28,262,10.76923076923077,4.615384615384616,6.153846153846154,89.23076923076924,8.615384615384615,80.61538461538461
E00169813,114,11,1,10,103,9,94,9.649122807017543,0.8771929824561403,8.771929824561402,90.35087719298247,7.894736842105263,82.45614035087719
E00169814,195,21,8,13,174,9,165,10.76923076923077,4.102564102564102,6.666666666666667,89.23076923076924,4.615384615384616,84.61538461538461
E00169817,183,12,0,12,171,13,158,6.557377049180328,0,6.557377049180328,93.44262295081968,7.103825136612022,86.33879781420765
E00170037,254,16,3,13,238,20,218,6.299212598425196,1.1811023622047243,5.118110236220472,93.7007874015748,7.874015748031496,85.8267716535433
E00170040,169,11,1,10,158,18,140,6.508875739644971,0.591715976331361,5.9171597633136095,93.49112426035504,10.650887573964498,82.84023668639054
E00170041,734,335,169,166,399,38,361,45.64032697547684,23.024523160762943,22.615803814713896,54.35967302452316,5.177111716621254,49.182561307901906
E00170043,119,28,15,13,91,10,81,23.52941176470588,12.605042016806722,10.92436974789916,76.47058823529412,8.403361344537815,68.0672268907563
E00170044,124,26,14,12,98,6,92,20.967741935483872,11.29032258064516,9.67741935483871,79.03225806451613,4.838709677419355,74.19354838709677
E00170048,198,27,10,17,171,19,152,13.636363636363635,5.05050505050505,8.585858585858585,86.36363636363636,9.595959595959595,76.76767676767676
E00170049,274,33,14,19,241,2,239,12.043795620437956,5.109489051094891,6.934306569343065,87.95620437956204,0.7299270072992701,87.22627737226277
E00170051,170,8,0,8,162,11,151,4.705882352941177,0,4.705882352941177,95.29411764705881,6.470588235294119,88.8235294117647
E00170052,140,20,7,13,120,22,98,14.285714285714285,5,9.285714285714286,85.71428571428571,15.714285714285714,70
E00170055,276,31,10,21,245,18,227,11.231884057971014,3.6231884057971016,7.608695652173914,88.76811594202898,6.521739130434782,82.2463768115942
E00170057,391,22,5,17,369,31,338,5.626598465473146,1.278772378516624,4.3478260869565215,94.37340153452686,7.928388746803069,86.44501278772378
E00170259,232,38,16,22,194,6,188,16.379310344827587,6.896551724137931,9.482758620689655,83.62068965517241,2.586206896551724,81.03448275862068
E00170262,113,9,1,8,104,6,98,7.964601769911504,0.8849557522123894,7.079646017699115,92.03539823008849,5.3097345132743365,86.72566371681415
E00170264,251,24,4,20,227,15,212,9.56175298804781,1.593625498007968,7.968127490039841,90.43824701195219,5.9760956175298805,84.4621513944223
E00170265,321,25,0,25,296,32,264,7.78816199376947,0,7.78816199376947,92.21183800623052,9.968847352024921,82.2429906542056
E00170267,204,19,3,16,185,10,175,9.313725490196079,1.4705882352941175,7.8431372549019605,90.68627450980392,4.901960784313726,85.7843137254902
E00170268,264,22,1,21,242,21,221,8.333333333333332,0.3787878787878788,7.954545454545454,91.66666666666666,7.954545454545454,83.71212121212122
E00170270,427,81,40,41,346,25,321,18.969555035128806,9.367681498829041,9.601873536299765,81.0304449648712,5.85480093676815,75.17564402810304
E00170271,591,120,36,84,471,52,419,20.304568527918782,6.091370558375635,14.213197969543149,79.69543147208121,8.79864636209814,70.89678510998309
E00170276,132,48,21,27,84,8,76,36.36363636363637,15.909090909090908,20.454545454545457,63.63636363636363,6.0606060606060606,57.57575757575758
E00170327,394,138,85,53,256,14,242,35.025380710659896,21.573604060913706,13.451776649746192,64.9746192893401,3.5532994923857872,61.42131979695431
E00170329,168,12,2,10,156,21,135,7.142857142857142,1.1904761904761905,5.952380952380952,92.85714285714286,12.5,80.35714285714286
E00170332,271,32,18,14,239,8,231,11.808118081180812,6.642066420664207,5.166051660516605,88.19188191881919,2.952029520295203,85.23985239852398
E00170433,385,35,10,25,350,20,330,9.090909090909092,2.5974025974025974,6.493506493506493,90.9090909090909,5.194805194805195,85.71428571428571
E00170435,423,81,21,60,342,31,311,19.148936170212767,4.964539007092199,14.184397163120568,80.85106382978722,7.328605200945626,73.5224586288416
E00170436,258,37,12,25,221,24,197,14.34108527131783,4.651162790697675,9.689922480620156,85.65891472868216,9.30232558139535,76.35658914728683
E00170438,199,40,21,19,159,17,142,20.100502512562816,10.552763819095476,9.547738693467336,79.89949748743719,8.542713567839195,71.35678391959799
E00170439,407,21,4,17,386,27,359,5.159705159705159,0.9828009828009828,4.176904176904177,94.84029484029483,6.6339066339066335,88.20638820638821
E00170441,267,29,10,19,238,10,228,10.861423220973784,3.7453183520599254,7.116104868913857,89.13857677902621,3.7453183520599254,85.39325842696628
E00170443,337,27,11,16,310,15,295,8.011869436201781,3.2640949554896146,4.747774480712167,91.98813056379822,4.451038575667656,87.53709198813057
E00170444,335,36,14,22,299,24,275,10.746268656716417,4.179104477611941,6.567164179104477,89.25373134328358,7.164179104477612,82.08955223880598
E00170446,160,19,6,13,141,18,123,11.875,3.75,8.125,88.125,11.25,76.875
E00170447,288,63,29,34,225,13,212,21.875,10.069444444444445,11.805555555555555,78.125,4.513888888888888,73.61111111111111
E00170449,202,19,7,12,183,17,166,9.405940594059405,3.4653465346534658,5.9405940594059405,90.5940594059406,8.415841584158416,82.17821782178217
E00170450,255,37,12,25,218,18,200,14.50980392156863,4.705882352941177,9.803921568627452,85.49019607843137,7.0588235294117645,78.43137254901961
E00170452,279,44,12,32,235,26,209,15.770609318996415,4.301075268817205,11.469534050179211,84.22939068100358,9.31899641577061,74.91039426523297
E00170453,279,54,25,29,225,16,209,19.35483870967742,8.960573476702509,10.39426523297491,80.64516129032258,5.734767025089606,74.91039426523297
E00170455,265,58,31,27,207,15,192,21.88679245283019,11.69811320754717,10.18867924528302,78.11320754716982,5.660377358490567,72.45283018867924
E00170457,257,61,28,33,196,18,178,23.73540856031128,10.894941634241246,12.840466926070038,76.26459143968872,7.003891050583658,69.26070038910505
E00170458,165,36,15,21,129,9,120,21.818181818181817,9.090909090909092,12.727272727272727,78.18181818181819,5.454545454545454,72.72727272727273
E00170459,322,44,18,26,278,26,252,13.664596273291925,5.590062111801243,8.074534161490684,86.33540372670807,8.074534161490684,78.26086956521739
E00170460,221,35,17,18,186,18,168,15.837104072398189,7.6923076923076925,8.144796380090497,84.16289592760181,8.144796380090497,76.01809954751131
E00170461,267,22,5,17,245,24,221,8.239700374531834,1.8726591760299627,6.367041198501873,91.76029962546816,8.98876404494382,82.77153558052434
E00170462,491,46,10,36,445,35,410,9.368635437881874,2.0366598778004072,7.3319755600814664,90.63136456211812,7.128309572301425,83.5030549898167
E00170463,307,34,6,28,273,22,251,11.074918566775244,1.9543973941368076,9.120521172638437,88.92508143322475,7.166123778501629,81.75895765472313
E00170464,419,35,12,23,384,31,353,8.353221957040573,2.863961813842482,5.4892601431980905,91.64677804295943,7.398568019093078,84.24821002386635
E00170465,306,38,11,27,268,25,243,12.418300653594772,3.594771241830065,8.823529411764707,87.58169934640523,8.169934640522875,79.41176470588235
E00170466,239,60,38,22,179,10,169,25.10460251046025,15.899581589958158,9.205020920502092,74.89539748953975,4.184100418410042,70.7112970711297
E00170467,338,59,33,26,279,18,261,17.45562130177515,9.763313609467456,7.6923076923076925,82.54437869822485,5.325443786982249,77.2189349112426
E00170469,323,25,3,22,298,14,284,7.739938080495357,0.9287925696594427,6.811145510835913,92.26006191950464,4.3343653250774,87.92569659442725
E00170470,158,26,10,16,132,12,120,16.455696202531644,6.329113924050633,10.126582278481013,83.54430379746836,7.59493670886076,75.9493670886076
E00170471,338,37,13,24,301,22,279,10.946745562130179,3.8461538461538463,7.100591715976331,89.05325443786982,6.508875739644971,82.54437869822485
E00170472,265,21,6,15,244,19,225,7.9245283018867925,2.2641509433962264,5.660377358490567,92.0754716981132,7.169811320754717,84.90566037735849
E00170473,361,44,17,27,317,23,294,12.18836565096953,4.7091412742382275,7.479224376731302,87.81163434903047,6.3711911357340725,81.4404432132964
E00170474,226,31,9,22,195,16,179,13.716814159292035,3.982300884955752,9.734513274336283,86.28318584070797,7.079646017699115,79.20353982300885
E00170475,119,28,3,25,91,13,78,23.52941176470588,2.5210084033613445,21.008403361344538,76.47058823529412,10.92436974789916,65.54621848739495
E00170476,256,40,11,29,216,23,193,15.625,4.296875,11.328125,84.375,8.984375,75.390625
E00170564,543,66,26,40,477,28,449,12.154696132596685,4.788213627992634,7.366482504604052,87.84530386740332,5.156537753222836,82.68876611418048
E00170565,493,61,23,38,432,45,387,12.373225152129818,4.665314401622718,7.707910750507099,87.62677484787018,9.1277890466531435,78.49898580121703
E00170567,411,35,15,20,376,27,349,8.51581508515815,3.64963503649635,4.866180048661801,91.48418491484185,6.569343065693431,84.91484184914842
E00170568,134,53,32,21,81,10,71,39.55223880597015,23.88059701492537,15.671641791044777,60.447761194029844,7.462686567164178,52.98507462686567
E00170570,430,49,18,31,381,35,346,11.395348837209303,4.186046511627907,7.209302325581396,88.60465116279069,8.13953488372093,80.46511627906978
E00170575,301,42,16,26,259,38,221,13.953488372093023,5.3156146179401995,8.637873754152823,86.04651162790698,12.624584717607974,73.421926910299
E00170576,208,22,7,15,186,21,165,10.576923076923077,3.3653846153846154,7.211538461538461,89.42307692307693,10.096153846153847,79.32692307692307
E00170578,156,36,13,23,120,18,102,23.076923076923077,8.333333333333332,14.743589743589745,76.92307692307693,11.538461538461538,65.38461538461539
E00170581,640,103,25,78,537,40,497,16.09375,3.90625,12.1875,83.90625,6.25,77.65625
E00170582,452,86,24,62,366,45,321,19.02654867256637,5.3097345132743365,13.716814159292035,80.97345132743364,9.955752212389381,71.01769911504425
E00170584,301,54,22,32,247,10,237,17.940199335548172,7.308970099667775,10.631229235880399,82.05980066445183,3.322259136212625,78.7375415282392
E00170586,369,75,40,35,294,21,273,20.32520325203252,10.840108401084011,9.48509485094851,79.67479674796748,5.691056910569105,73.98373983739837
E00170587,236,25,4,21,211,26,185,10.59322033898305,1.694915254237288,8.898305084745763,89.40677966101694,11.016949152542372,78.38983050847457
E00170589,276,35,11,24,241,35,206,12.681159420289855,3.985507246376811,8.695652173913043,87.31884057971014,12.681159420289855,74.63768115942028
E00170590,285,27,8,19,258,36,222,9.473684210526317,2.807017543859649,6.666666666666667,90.52631578947368,12.631578947368421,77.89473684210526
E00170592,210,27,7,20,183,19,164,12.857142857142856,3.3333333333333335,9.523809523809524,87.14285714285714,9.047619047619047,78.0952380952381
E00170593,932,393,174,219,539,87,452,42.16738197424893,18.669527896995707,23.49785407725322,57.83261802575107,9.334763948497853,48.497854077253216
E00170595,324,36,17,19,288,22,266,11.11111111111111,5.246913580246913,5.864197530864197,88.88888888888889,6.790123456790123,82.09876543209876
E00170596,150,17,2,15,133,9,124,11.333333333333332,1.3333333333333335,10,88.66666666666667,6,82.66666666666667
E00170598,280,67,19,48,213,15,198,23.92857142857143,6.785714285714286,17.142857142857142,76.07142857142857,5.357142857142857,70.71428571428572
E00170600,351,51,23,28,300,10,290,14.529914529914532,6.552706552706552,7.977207977207977,85.47008547008546,2.849002849002849,82.62108262108262
E00170601,436,71,32,39,365,14,351,16.28440366972477,7.339449541284404,8.944954128440367,83.71559633027523,3.211009174311927,80.5045871559633
E00170603,427,37,13,24,390,15,375,8.665105386416862,3.0444964871194378,5.620608899297424,91.33489461358315,3.51288056206089,87.82201405152225
E00170606,382,38,15,23,344,26,318,9.947643979057592,3.926701570680628,6.020942408376963,90.0523560209424,6.806282722513089,83.24607329842932
E00170609,180,5,0,5,175,17,158,2.7777777777777777,0,2.7777777777777777,97.22222222222221,9.444444444444445,87.77777777777777
E00170610,290,12,6,6,278,30,248,4.137931034482759,2.0689655172413794,2.0689655172413794,95.86206896551724,10.344827586206897,85.51724137931035
E00170612,246,13,2,11,233,6,227,5.284552845528456,0.8130081300813009,4.471544715447155,94.71544715447155,2.4390243902439024,92.27642276422763
E00170615,504,34,12,22,470,30,440,6.746031746031746,2.380952380952381,4.365079365079365,93.25396825396825,5.952380952380952,87.3015873015873
E00170617,215,14,1,13,201,16,185,6.511627906976744,0.46511627906976744,6.046511627906977,93.48837209302326,7.441860465116279,86.04651162790698
E00170618,270,51,26,25,219,16,203,18.88888888888889,9.62962962962963,9.25925925925926,81.11111111111111,5.9259259259259265,75.18518518518519
E00170620,236,18,4,14,218,25,193,7.627118644067797,1.694915254237288,5.932203389830509,92.37288135593221,10.59322033898305,81.77966101694916
E00170621,302,85,33,52,217,28,189,28.14569536423841,10.927152317880795,17.218543046357617,71.8543046357616,9.271523178807946,62.58278145695364
E00170623,149,29,9,20,120,16,104,19.463087248322147,6.0402684563758395,13.422818791946309,80.53691275167785,10.738255033557047,69.79865771812081
E00170887,619,43,13,30,576,30,546,6.946688206785137,2.10016155088853,4.846526655896607,93.05331179321486,4.846526655896607,88.20678513731825
E00170888,331,21,3,18,310,30,280,6.3444108761329305,0.906344410876133,5.438066465256798,93.65558912386706,9.06344410876133,84.59214501510573
E00170889,590,69,26,43,521,52,469,11.694915254237289,4.406779661016949,7.288135593220339,88.30508474576271,8.813559322033898,79.49152542372882
E00170890,213,29,12,17,184,15,169,13.615023474178404,5.633802816901409,7.981220657276995,86.3849765258216,7.042253521126761,79.34272300469483
E00187024,756,144,75,69,612,41,571,19.047619047619047,9.920634920634921,9.126984126984127,80.95238095238095,5.423280423280423,75.52910052910053
E00187025,895,172,41,131,723,63,660,19.217877094972067,4.581005586592179,14.63687150837989,80.78212290502793,7.039106145251396,73.74301675977654
E00187026,598,83,12,71,515,43,472,13.879598662207357,2.0066889632107023,11.872909698996656,86.12040133779264,7.190635451505016,78.92976588628763
E00187027,278,24,2,22,254,19,235,8.633093525179856,0.7194244604316548,7.913669064748201,91.36690647482014,6.83453237410072,84.53237410071942
E00187028,226,21,7,14,205,20,185,9.29203539823009,3.0973451327433628,6.1946902654867255,90.7079646017699,8.849557522123893,81.85840707964603
E00187029,369,37,11,26,332,41,291,10.02710027100271,2.9810298102981028,7.046070460704606,89.97289972899729,11.11111111111111,78.86178861788618
E00187030,377,47,10,37,330,26,304,12.46684350132626,2.6525198938992043,9.814323607427056,87.53315649867373,6.896551724137931,80.63660477453581
E00187031,122,29,9,20,93,7,86,23.770491803278688,7.377049180327869,16.39344262295082,76.22950819672131,5.737704918032787,70.49180327868852
E00187032,289,47,12,35,242,24,218,16.26297577854671,4.1522491349480966,12.110726643598616,83.73702422145328,8.304498269896193,75.4325259515571
E00187033,222,25,6,19,197,19,178,11.26126126126126,2.7027027027027026,8.558558558558559,88.73873873873875,8.558558558558559,80.18018018018019
E00187034,214,21,4,17,193,18,175,9.813084112149532,1.8691588785046727,7.943925233644859,90.18691588785047,8.411214953271028,81.77570093457945
E00187035,337,20,8,12,317,29,288,5.934718100890208,2.3738872403560833,3.5608308605341246,94.06528189910979,8.605341246290802,85.45994065281899
E00187036,152,28,16,12,124,11,113,18.421052631578945,10.526315789473683,7.894736842105263,81.57894736842105,7.236842105263158,74.3421052631579
E00187037,167,13,2,11,154,13,141,7.784431137724551,1.1976047904191618,6.58682634730539,92.21556886227546,7.784431137724551,84.4311377245509
E00187038,506,66,22,44,440,18,422,13.043478260869565,4.3478260869565215,8.695652173913043,86.95652173913044,3.557312252964427,83.399209486166
E00187039,258,22,6,16,236,23,213,8.527131782945736,2.3255813953488373,6.2015503875969,91.47286821705426,8.914728682170542,82.55813953488372
E00187040,379,31,4,27,348,26,322,8.179419525065963,1.0554089709762533,7.12401055408971,91.82058047493403,6.860158311345646,84.96042216358839
E00187041,403,96,50,46,307,28,279,23.82133995037221,12.40694789081886,11.41439205955335,76.1786600496278,6.9478908188585615,69.23076923076923
E00187042,267,29,12,17,238,9,229,10.861423220973784,4.49438202247191,6.367041198501873,89.13857677902621,3.3707865168539324,85.76779026217228
E00187043,275,24,4,20,251,20,231,8.727272727272728,1.4545454545454546,7.2727272727272725,91.27272727272727,7.2727272727272725,84
E00187044,346,51,24,27,295,12,283,14.739884393063585,6.9364161849710975,7.803468208092486,85.26011560693641,3.4682080924855487,81.79190751445087
E00187045,382,56,26,30,326,28,298,14.659685863874344,6.806282722513089,7.853403141361256,85.34031413612566,7.329842931937172,78.01047120418848
E00187046,428,66,24,42,362,17,345,15.42056074766355,5.607476635514018,9.813084112149532,84.57943925233646,3.9719626168224296,80.60747663551402
E00187047,927,79,15,64,848,47,801,8.522114347357066,1.6181229773462782,6.903991370010787,91.47788565264293,5.070118662351672,86.40776699029125
E00187048,429,61,23,38,368,34,334,14.219114219114218,5.361305361305361,8.857808857808857,85.78088578088578,7.925407925407925,77.85547785547784
E00187049,358,64,27,37,294,35,259,17.877094972067038,7.5418994413407825,10.335195530726256,82.12290502793296,9.776536312849162,72.3463687150838
E00187050,264,35,15,20,229,14,215,13.257575757575758,5.681818181818182,7.575757575757576,86.74242424242425,5.303030303030303,81.43939393939394
E00187051,142,12,1,11,130,7,123,8.450704225352112,0.7042253521126761,7.746478873239436,91.54929577464789,4.929577464788732,86.61971830985915
E00187052,184,11,4,7,173,15,158,5.978260869565218,2.1739130434782608,3.804347826086957,94.02173913043478,8.152173913043478,85.86956521739131
E00187053,189,32,16,16,157,13,144,16.93121693121693,8.465608465608465,8.465608465608465,83.06878306878306,6.878306878306878,76.19047619047619
E00187054,154,17,1,16,137,19,118,11.03896103896104,0.6493506493506493,10.38961038961039,88.96103896103897,12.337662337662337,76.62337662337663
E00187055,352,25,5,20,327,39,288,7.1022727272727275,1.4204545454545454,5.681818181818182,92.89772727272727,11.079545454545455,81.81818181818183
E00187056,265,49,23,26,216,13,203,18.49056603773585,8.679245283018867,9.811320754716983,81.50943396226415,4.905660377358491,76.60377358490567
E00187057,122,9,0,9,113,2,111,7.377049180327869,0,7.377049180327869,92.62295081967213,1.639344262295082,90.98360655737704
E00187058,150,13,4,9,137,14,123,8.666666666666668,2.666666666666667,6,91.33333333333333,9.333333333333334,82
E00187059,321,33,5,28,288,20,268,10.2803738317757,1.557632398753894,8.722741433021806,89.7196261682243,6.230529595015576,83.48909657320873
E00187060,462,27,9,18,435,30,405,5.844155844155844,1.948051948051948,3.896103896103896,94.15584415584416,6.493506493506493,87.66233766233766
E00187061,235,49,25,24,186,6,180,20.851063829787233,10.638297872340425,10.212765957446807,79.14893617021276,2.553191489361702,76.59574468085107
E00187062,502,75,22,53,427,42,385,14.940239043824702,4.382470119521913,10.557768924302788,85.0597609561753,8.366533864541832,76.69322709163346
E00187063,386,37,20,17,349,21,328,9.585492227979273,5.181347150259067,4.404145077720207,90.41450777202073,5.4404145077720205,84.97409326424871
E00187064,233,24,13,11,209,10,199,10.300429184549357,5.579399141630901,4.721030042918455,89.69957081545064,4.291845493562231,85.40772532188842
E00187065,356,30,10,20,326,34,292,8.426966292134832,2.8089887640449436,5.617977528089887,91.57303370786516,9.550561797752808,82.02247191011236
E00187066,279,22,11,11,257,11,246,7.885304659498208,3.942652329749104,3.942652329749104,92.1146953405018,3.942652329749104,88.17204301075269
E00187067,271,40,13,27,231,17,214,14.760147601476014,4.797047970479705,9.96309963099631,85.23985239852398,6.273062730627306,78.96678966789668
E00187068,182,31,13,18,151,11,140,17.032967032967033,7.142857142857142,9.89010989010989,82.96703296703298,6.043956043956044,76.92307692307693
E00187069,395,35,19,16,360,21,339,8.860759493670885,4.810126582278481,4.050632911392405,91.13924050632912,5.3164556962025316,85.82278481012658
E00187070,335,52,21,31,283,33,250,15.522388059701491,6.26865671641791,9.253731343283581,84.4776119402985,9.850746268656717,74.6268656716418
E00187071,234,13,0,13,221,24,197,5.555555555555555,0,5.555555555555555,94.44444444444444,10.256410256410255,84.1880341880342
E00187072,263,30,7,23,233,11,222,11.406844106463879,2.6615969581749046,8.745247148288973,88.59315589353612,4.182509505703422,84.4106463878327
E00187073,241,42,18,24,199,22,177,17.42738589211618,7.468879668049793,9.95850622406639,82.57261410788381,9.12863070539419,73.44398340248964
E00187074,300,40,6,34,260,19,241,13.333333333333334,2,11.333333333333332,86.66666666666667,6.333333333333334,80.33333333333333
E00187075,373,37,10,27,336,37,299,9.919571045576408,2.680965147453083,7.238605898123325,90.0804289544236,9.919571045576408,80.16085790884718
E00187076,308,32,13,19,276,28,248,10.38961038961039,4.220779220779221,6.1688311688311686,89.6103896103896,9.090909090909092,80.51948051948052
E00187077,324,68,33,35,256,34,222,20.98765432098765,10.185185185185185,10.802469135802468,79.01234567901234,10.493827160493826,68.51851851851852
E00187078,422,80,31,49,342,33,309,18.95734597156398,7.345971563981042,11.61137440758294,81.04265402843602,7.819905213270142,73.22274881516587
E00187079,385,43,24,19,342,11,331,11.168831168831169,6.233766233766234,4.935064935064935,88.83116883116882,2.857142857142857,85.97402597402596
E00187080,178,48,18,30,130,15,115,26.96629213483146,10.112359550561797,16.853932584269664,73.03370786516854,8.426966292134832,64.60674157303372
E00187081,340,97,47,50,243,21,222,28.52941176470588,13.823529411764707,14.705882352941178,71.47058823529412,6.176470588235294,65.29411764705883
E00187082,302,58,28,30,244,22,222,19.205298013245034,9.271523178807946,9.933774834437086,80.79470198675497,7.28476821192053,73.50993377483444
E00187083,217,24,5,19,193,20,173,11.059907834101383,2.3041474654377883,8.755760368663594,88.94009216589862,9.216589861751153,79.72350230414746
E00187084,228,58,31,27,170,14,156,25.438596491228072,13.596491228070176,11.842105263157894,74.56140350877193,6.140350877192982,68.42105263157895
E00187085,310,31,8,23,279,31,248,10,2.5806451612903225,7.419354838709677,90,10,80
E00187086,232,38,13,25,194,25,169,16.379310344827587,5.603448275862069,10.775862068965516,83.62068965517241,10.775862068965516,72.84482758620689
E00187087,114,25,9,16,89,18,71,21.929824561403507,7.894736842105263,14.035087719298245,78.0701754385965,15.789473684210526,62.28070175438597
E00187088,172,23,1,22,149,18,131,13.372093023255813,0.5813953488372093,12.790697674418606,86.62790697674419,10.465116279069768,76.16279069767442
E00187089,223,15,4,11,208,22,186,6.726457399103139,1.7937219730941705,4.932735426008969,93.27354260089686,9.865470852017937,83.40807174887892
E00187090,503,17,3,14,486,22,464,3.3797216699801194,0.5964214711729622,2.783300198807157,96.62027833001989,4.3737574552683895,92.2465208747515
E00187091,118,12,3,9,106,8,98,10.16949152542373,2.5423728813559325,7.627118644067797,89.83050847457628,6.779661016949152,83.05084745762711
E00187092,429,20,2,18,409,23,386,4.662004662004662,0.4662004662004662,4.195804195804196,95.33799533799534,5.361305361305361,89.97668997668997
E00187093,214,30,10,20,184,25,159,14.018691588785046,4.672897196261682,9.345794392523365,85.98130841121495,11.682242990654206,74.29906542056075
E00187094,171,19,8,11,152,12,140,11.11111111111111,4.678362573099415,6.432748538011696,88.88888888888889,7.017543859649122,81.87134502923976
E00187095,197,39,20,19,158,14,144,19.796954314720814,10.152284263959391,9.644670050761421,80.20304568527918,7.1065989847715745,73.09644670050761
E00187096,257,17,0,17,240,19,221,6.614785992217899,0,6.614785992217899,93.3852140077821,7.392996108949417,85.99221789883269
E00187097,344,33,5,28,311,24,287,9.593023255813954,1.4534883720930232,8.13953488372093,90.40697674418605,6.976744186046512,83.43023255813954
E00187098,541,56,11,45,485,41,444,10.35120147874307,2.033271719038817,8.317929759704251,89.64879852125694,7.578558225508318,82.0702402957486
E00187099,349,32,1,31,317,37,280,9.169054441260744,0.28653295128939826,8.882521489971348,90.83094555873924,10.601719197707736,80.22922636103151
E00187100,129,30,12,18,99,12,87,23.25581395348837,9.30232558139535,13.953488372093023,76.74418604651163,9.30232558139535,67.44186046511628
E00187101,378,35,10,25,343,18,325,9.25925925925926,2.6455026455026456,6.613756613756613,90.74074074074075,4.761904761904762,85.97883597883597
E00187102,241,31,8,23,210,16,194,12.863070539419086,3.319502074688797,9.54356846473029,87.13692946058092,6.639004149377594,80.49792531120332
E00187103,456,35,16,19,421,22,399,7.675438596491229,3.508771929824561,4.166666666666666,92.32456140350878,4.824561403508771,87.5
E00187104,178,29,7,22,149,18,131,16.292134831460675,3.932584269662921,12.359550561797752,83.70786516853933,10.112359550561797,73.59550561797754
E00187105,350,44,16,28,306,28,278,12.571428571428573,4.571428571428571,8,87.42857142857143,8,79.42857142857143
E00187106,359,64,34,30,295,26,269,17.827298050139277,9.47075208913649,8.356545961002785,82.17270194986072,7.242339832869081,74.93036211699165
E00187107,283,64,28,36,219,14,205,22.614840989399294,9.89399293286219,12.7208480565371,77.3851590106007,4.946996466431095,72.43816254416961
E00187108,191,50,18,32,141,8,133,26.17801047120419,9.424083769633508,16.75392670157068,73.82198952879581,4.18848167539267,69.63350785340315
E00187109,205,30,13,17,175,11,164,14.634146341463413,6.341463414634147,8.292682926829269,85.36585365853658,5.365853658536586,80
E00187110,2319,318,67,251,2001,143,1858,13.71280724450194,2.889176369124623,10.823630875377317,86.28719275549805,6.1664510564898665,80.12074169900819
E00187111,181,17,4,13,164,16,148,9.392265193370166,2.209944751381215,7.18232044198895,90.60773480662984,8.83977900552486,81.76795580110497
E00187112,375,54,27,27,321,19,302,14.399999999999999,7.199999999999999,7.199999999999999,85.6,5.066666666666666,80.53333333333333
E00187113,113,19,0,19,94,10,84,16.8141592920354,0,16.8141592920354,83.1858407079646,8.849557522123893,74.33628318584071
E00187114,465,59,14,45,406,37,369,12.688172043010754,3.010752688172043,9.67741935483871,87.31182795698925,7.956989247311828,79.35483870967742
E00187115,341,15,0,15,326,24,302,4.398826979472141,0,4.398826979472141,95.60117302052787,7.038123167155426,88.56304985337243
E00187116,160,22,12,10,138,11,127,13.750000000000002,7.5,6.25,86.25,6.875000000000001,79.375
E00187117,266,31,16,15,235,13,222,11.654135338345863,6.015037593984962,5.639097744360902,88.34586466165413,4.887218045112782,83.45864661654136
E00187118,328,36,4,32,292,36,256,10.975609756097562,1.2195121951219512,9.75609756097561,89.02439024390245,10.975609756097562,78.04878048780488
E00187119,823,55,8,47,768,59,709,6.682867557715674,0.9720534629404617,5.710814094775213,93.31713244228432,7.168894289185905,86.14823815309842
E00187120,392,34,0,34,358,34,324,8.673469387755102,0,8.673469387755102,91.3265306122449,8.673469387755102,82.6530612244898
E00187121,376,43,8,35,333,33,300,11.436170212765957,2.127659574468085,9.308510638297872,88.56382978723404,8.77659574468085,79.7872340425532
E00187122,154,8,1,7,146,5,141,5.194805194805195,0.6493506493506493,4.545454545454546,94.8051948051948,3.2467532467532463,91.55844155844156
E00187123,183,41,24,17,142,8,134,22.404371584699454,13.114754098360656,9.289617486338798,77.59562841530054,4.371584699453552,73.224043715847
E00187124,269,21,6,15,248,13,235,7.806691449814126,2.2304832713754648,5.5762081784386615,92.19330855018588,4.83271375464684,87.36059479553904
E00187125,388,21,3,18,367,28,339,5.412371134020619,0.7731958762886598,4.639175257731959,94.58762886597938,7.216494845360824,87.37113402061856
E00187126,113,14,4,10,99,9,90,12.389380530973451,3.5398230088495577,8.849557522123893,87.61061946902655,7.964601769911504,79.64601769911505
E00187127,262,31,3,28,231,16,215,11.83206106870229,1.1450381679389312,10.687022900763358,88.16793893129771,6.106870229007633,82.06106870229007
E00187128,166,30,8,22,136,7,129,18.072289156626507,4.819277108433735,13.253012048192772,81.92771084337349,4.216867469879518,77.71084337349397
E00187129,347,19,9,10,328,21,307,5.475504322766571,2.5936599423631126,2.881844380403458,94.52449567723343,6.051873198847262,88.47262247838617
E00187130,352,60,24,36,292,25,267,17.045454545454543,6.8181818181818175,10.227272727272728,82.95454545454545,7.1022727272727275,75.85227272727273
E00187131,253,25,7,18,228,20,208,9.881422924901186,2.766798418972332,7.114624505928854,90.11857707509881,7.905138339920949,82.21343873517787
E00187132,179,31,9,22,148,8,140,17.318435754189945,5.027932960893855,12.290502793296088,82.68156424581005,4.4692737430167595,78.2122905027933
E00187133,332,17,5,12,315,17,298,5.120481927710843,1.5060240963855422,3.614457831325301,94.87951807228916,5.120481927710843,89.7590361445783
E00187134,436,47,16,31,389,14,375,10.77981651376147,3.669724770642202,7.110091743119266,89.22018348623854,3.211009174311927,86.0091743119266
E00187135,212,28,4,24,184,14,170,13.20754716981132,1.8867924528301887,11.320754716981133,86.79245283018868,6.60377358490566,80.18867924528303
E00187136,364,29,5,24,335,23,312,7.967032967032966,1.3736263736263736,6.593406593406594,92.03296703296702,6.318681318681318,85.71428571428571
E00187137,939,66,16,50,873,52,821,7.0287539936102235,1.703940362087327,5.324813631522897,92.97124600638978,5.537806176783812,87.43343982960596
E00187138,110,18,7,11,92,7,85,16.363636363636363,6.363636363636363,10,83.63636363636363,6.363636363636363,77.27272727272727
E00187139,273,26,3,23,247,25,222,9.523809523809524,1.098901098901099,8.424908424908425,90.47619047619048,9.157509157509157,81.31868131868131
E00187140,285,75,47,28,210,17,193,26.31578947368421,16.49122807017544,9.824561403508772,73.68421052631578,5.964912280701754,67.71929824561404
E00187141,459,31,11,20,428,29,399,6.753812636165578,2.3965141612200433,4.357298474945534,93.24618736383442,6.318082788671024,86.9281045751634
E00187142,342,24,6,18,318,17,301,7.017543859649122,1.7543859649122806,5.263157894736842,92.98245614035088,4.970760233918129,88.01169590643275
E00187143,338,25,7,18,313,26,287,7.396449704142012,2.0710059171597637,5.325443786982249,92.60355029585799,7.6923076923076925,84.91124260355029
E00187144,181,14,2,12,167,16,151,7.734806629834254,1.1049723756906076,6.629834254143646,92.26519337016575,8.83977900552486,83.42541436464089
E00187145,537,40,6,34,497,25,472,7.4487895716946,1.1173184357541899,6.33147113594041,92.5512104283054,4.655493482309125,87.89571694599627
E00187146,193,19,7,12,174,15,159,9.844559585492227,3.6269430051813467,6.217616580310881,90.15544041450777,7.772020725388601,82.38341968911918
E00187147,236,18,3,15,218,18,200,7.627118644067797,1.2711864406779663,6.3559322033898304,92.37288135593221,7.627118644067797,84.7457627118644
E00187148,523,63,23,40,460,31,429,12.045889101338432,4.397705544933078,7.648183556405354,87.95411089866157,5.927342256214149,82.02676864244742
E00187149,406,22,5,17,384,32,352,5.41871921182266,1.2315270935960592,4.1871921182266005,94.58128078817734,7.8817733990147785,86.69950738916256
E00187150,476,41,19,22,435,34,401,8.61344537815126,3.9915966386554618,4.621848739495799,91.38655462184873,7.142857142857142,84.24369747899159
E00187151,186,20,4,16,166,18,148,10.75268817204301,2.1505376344086025,8.60215053763441,89.24731182795699,9.67741935483871,79.56989247311827
E00187152,1312,154,22,132,1158,93,1065,11.73780487804878,1.676829268292683,10.060975609756099,88.26219512195121,7.088414634146341,81.17378048780488
E00187153,264,44,21,23,220,23,197,16.666666666666664,7.954545454545454,8.712121212121213,83.33333333333334,8.712121212121213,74.62121212121212
