OA,ts0380001,ts0380002,ts0380003,ts0380004,ts0380005,ts0380006,ts0380007,ts0380002_PCT,ts0380003_PCT,ts0380004_PCT,ts0380005_PCT,ts0380006_PCT,ts0380007_PCT
E00151642,238,35,12,23,203,20,183,14.705882352941178,5.042016806722689,9.663865546218489,85.29411764705883,8.403361344537815,76.89075630252101
E00151643,297,50,20,30,247,35,212,16.835016835016837,6.7340067340067336,10.1010101010101,83.16498316498317,11.784511784511785,71.38047138047138
E00151644,362,69,24,45,293,24,269,19.060773480662984,6.629834254143646,12.430939226519337,80.93922651933701,6.629834254143646,74.30939226519338
E00151645,325,48,13,35,277,27,250,14.76923076923077,4,10.76923076923077,85.23076923076923,8.307692307692308,76.92307692307693
E00151646,139,17,8,9,122,9,113,12.23021582733813,5.755395683453238,6.474820143884892,87.76978417266187,6.474820143884892,81.29496402877699
E00151647,382,50,9,41,332,37,295,13.089005235602095,2.356020942408377,10.732984293193718,86.91099476439791,9.68586387434555,77.22513089005236
E00151648,430,70,33,37,360,39,321,16.27906976744186,7.674418604651163,8.604651162790699,83.72093023255815,9.069767441860465,74.65116279069768
E00151649,293,36,10,26,257,24,233,12.286689419795222,3.4129692832764507,8.873720136518772,87.71331058020478,8.19112627986348,79.5221843003413
E00151650,221,26,5,21,195,18,177,11.76470588235294,2.262443438914027,9.502262443438914,88.23529411764706,8.144796380090497,80.09049773755656
E00151651,304,57,27,30,247,26,221,18.75,8.881578947368421,9.868421052631579,81.25,8.552631578947368,72.69736842105263
E00151652,269,68,34,34,201,19,182,25.27881040892193,12.639405204460965,12.639405204460965,74.72118959107806,7.063197026022305,67.65799256505576
E00151653,342,97,59,38,245,14,231,28.362573099415204,17.251461988304094,11.11111111111111,71.6374269005848,4.093567251461988,67.54385964912281
E00151654,300,68,27,41,232,10,222,22.666666666666664,9,13.666666666666666,77.33333333333333,3.3333333333333335,74
E00151655,243,40,12,28,203,27,176,16.46090534979424,4.938271604938271,11.522633744855968,83.53909465020575,11.11111111111111,72.42798353909465
E00151656,373,105,49,56,268,25,243,28.150134048257375,13.136729222520108,15.013404825737265,71.84986595174263,6.702412868632708,65.14745308310992
E00151657,351,81,38,43,270,19,251,23.076923076923077,10.826210826210826,12.250712250712251,76.92307692307693,5.413105413105413,71.50997150997152
E00151658,369,87,32,55,282,19,263,23.577235772357724,8.672086720867208,14.905149051490515,76.42276422764228,5.149051490514905,71.27371273712737
E00151659,295,49,25,24,246,18,228,16.610169491525422,8.47457627118644,8.135593220338983,83.38983050847457,6.101694915254238,77.28813559322035
E00151660,260,60,35,25,200,19,181,23.076923076923077,13.461538461538462,9.615384615384617,76.92307692307693,7.307692307692308,69.61538461538461
E00151661,270,51,19,32,219,29,190,18.88888888888889,7.037037037037037,11.851851851851853,81.11111111111111,10.74074074074074,70.37037037037037
E00151662,298,62,37,25,236,18,218,20.80536912751678,12.416107382550337,8.389261744966444,79.19463087248322,6.0402684563758395,73.15436241610739
E00151663,325,81,35,46,244,21,223,24.923076923076923,10.76923076923077,14.153846153846153,75.07692307692308,6.461538461538462,68.61538461538461
E00151664,253,52,13,39,201,18,183,20.55335968379447,5.138339920948617,15.41501976284585,79.44664031620553,7.114624505928854,72.33201581027669
E00151665,269,89,55,34,180,14,166,33.08550185873606,20.44609665427509,12.639405204460965,66.91449814126395,5.204460966542751,61.71003717472119
E00151666,281,68,48,20,213,18,195,24.199288256227756,17.08185053380783,7.11743772241993,75.80071174377224,6.405693950177936,69.3950177935943
E00151667,446,51,19,32,395,28,367,11.434977578475337,4.260089686098654,7.174887892376682,88.56502242152466,6.278026905829597,82.28699551569507
E00151668,510,74,45,29,436,37,399,14.50980392156863,8.823529411764707,5.686274509803922,85.49019607843137,7.254901960784315,78.23529411764706
E00151669,276,70,42,28,206,18,188,25.36231884057971,15.217391304347828,10.144927536231885,74.63768115942028,6.521739130434782,68.11594202898551
E00151670,327,92,42,50,235,15,220,28.134556574923547,12.844036697247708,15.29051987767584,71.86544342507645,4.587155963302752,67.2782874617737
E00151671,278,42,13,29,236,20,216,15.107913669064748,4.676258992805756,10.431654676258994,84.89208633093526,7.1942446043165464,77.6978417266187
E00151672,234,43,24,19,191,13,178,18.37606837606838,10.256410256410255,8.11965811965812,81.62393162393163,5.555555555555555,76.06837606837607
E00151673,276,65,29,36,211,19,192,23.55072463768116,10.507246376811594,13.043478260869565,76.44927536231883,6.884057971014493,69.56521739130434
E00151674,225,46,17,29,179,13,166,20.444444444444446,7.555555555555555,12.88888888888889,79.55555555555556,5.777777777777778,73.77777777777777
E00151675,235,52,24,28,183,18,165,22.127659574468083,10.212765957446807,11.914893617021278,77.87234042553192,7.659574468085106,70.2127659574468
E00151676,311,78,29,49,233,27,206,25.080385852090032,9.32475884244373,15.755627009646304,74.91961414790997,8.681672025723474,66.2379421221865
E00151677,512,86,33,53,426,47,379,16.796875,6.4453125,10.3515625,83.203125,9.1796875,74.0234375
E00151678,396,71,27,44,325,33,292,17.929292929292927,6.8181818181818175,11.11111111111111,82.07070707070707,8.333333333333332,73.73737373737373
E00151679,293,34,12,22,259,26,233,11.604095563139932,4.09556313993174,7.508532423208192,88.39590443686008,8.873720136518772,79.5221843003413
E00151680,289,48,18,30,241,23,218,16.608996539792386,6.228373702422145,10.380622837370241,83.39100346020761,7.958477508650519,75.4325259515571
E00151681,306,42,7,35,264,31,233,13.725490196078432,2.287581699346405,11.437908496732026,86.27450980392157,10.130718954248366,76.1437908496732
E00151682,304,54,16,38,250,35,215,17.763157894736842,5.263157894736842,12.5,82.23684210526315,11.513157894736842,70.72368421052632
E00151683,300,36,9,27,264,30,234,12,3,9,88,10,78
E00151684,244,31,17,14,213,24,189,12.704918032786885,6.967213114754098,5.737704918032787,87.29508196721312,9.836065573770492,77.45901639344262
E00151685,329,38,13,25,291,33,258,11.55015197568389,3.951367781155015,7.598784194528875,88.44984802431611,10.030395136778116,78.419452887538
E00151686,378,61,28,33,317,36,281,16.137566137566136,7.4074074074074066,8.73015873015873,83.86243386243386,9.523809523809524,74.33862433862434
E00151687,257,65,24,41,192,23,169,25.291828793774318,9.33852140077821,15.953307392996107,74.70817120622569,8.949416342412452,65.75875486381322
E00151688,236,44,19,25,192,12,180,18.64406779661017,8.050847457627118,10.59322033898305,81.35593220338984,5.084745762711865,76.27118644067797
E00151689,311,69,26,43,242,26,216,22.186495176848876,8.360128617363344,13.826366559485532,77.81350482315112,8.360128617363344,69.45337620578779
E00151690,279,79,36,43,200,26,174,28.31541218637993,12.903225806451612,15.412186379928317,71.68458781362007,9.31899641577061,62.365591397849464
E00151691,451,58,23,35,393,26,367,12.86031042128603,5.099778270509978,7.760532150776053,87.13968957871397,5.764966740576496,81.37472283813747
E00151692,246,42,15,27,204,20,184,17.073170731707318,6.097560975609756,10.975609756097562,82.92682926829268,8.130081300813007,74.79674796747967
E00151693,249,43,23,20,206,26,180,17.269076305220885,9.236947791164658,8.032128514056225,82.73092369477911,10.441767068273093,72.28915662650603
E00151694,270,58,29,29,212,21,191,21.48148148148148,10.74074074074074,10.74074074074074,78.51851851851852,7.777777777777778,70.74074074074073
E00151695,209,62,22,40,147,25,122,29.665071770334926,10.526315789473683,19.138755980861244,70.33492822966507,11.961722488038278,58.3732057416268
E00151696,307,85,53,32,222,29,193,27.68729641693811,17.263843648208468,10.423452768729643,72.31270358306189,9.446254071661238,62.866449511400646
E00151697,289,68,22,46,221,25,196,23.52941176470588,7.612456747404845,15.916955017301039,76.47058823529412,8.650519031141869,67.82006920415225
E00151698,267,66,25,41,201,13,188,24.719101123595504,9.363295880149813,15.355805243445692,75.28089887640449,4.868913857677903,70.4119850187266
E00151699,250,57,25,32,193,23,170,22.8,10,12.8,77.2,9.2,68
E00151700,304,52,15,37,252,21,231,17.105263157894736,4.934210526315789,12.171052631578947,82.89473684210526,6.907894736842106,75.98684210526315
E00151701,236,43,24,19,193,14,179,18.220338983050848,10.16949152542373,8.050847457627118,81.77966101694916,5.932203389830509,75.84745762711864
E00151702,303,74,30,44,229,17,212,24.422442244224424,9.900990099009901,14.521452145214523,75.57755775577559,5.6105610561056105,69.96699669966998
E00151703,289,63,23,40,226,21,205,21.79930795847751,7.958477508650519,13.84083044982699,78.20069204152249,7.26643598615917,70.93425605536332
E00151704,407,93,42,51,314,33,281,22.85012285012285,10.319410319410318,12.530712530712531,77.14987714987716,8.108108108108109,69.04176904176904
E00151705,443,68,22,46,375,35,340,15.349887133182843,4.966139954853273,10.383747178329571,84.65011286681715,7.900677200902935,76.74943566591422
E00151706,297,36,14,22,261,35,226,12.121212121212121,4.713804713804714,7.4074074074074066,87.87878787878788,11.784511784511785,76.0942760942761
E00151707,334,68,28,40,266,20,246,20.359281437125748,8.383233532934131,11.976047904191617,79.64071856287424,5.9880239520958085,73.65269461077844
E00151708,228,45,19,26,183,18,165,19.736842105263158,8.333333333333332,11.403508771929824,80.26315789473685,7.894736842105263,72.36842105263158
E00151709,215,56,27,29,159,23,136,26.046511627906977,12.558139534883722,13.488372093023257,73.95348837209302,10.69767441860465,63.25581395348837
E00151710,346,69,33,36,277,26,251,19.942196531791907,9.53757225433526,10.404624277456648,80.05780346820809,7.514450867052023,72.54335260115607
E00151711,304,64,25,39,240,14,226,21.052631578947366,8.223684210526317,12.828947368421053,78.94736842105263,4.605263157894736,74.3421052631579
E00151712,255,39,12,27,216,19,197,15.294117647058824,4.705882352941177,10.588235294117647,84.70588235294117,7.450980392156863,77.25490196078432
E00151713,249,76,34,42,173,29,144,30.522088353413658,13.654618473895583,16.867469879518072,69.47791164658635,11.646586345381527,57.831325301204814
E00151714,248,46,20,26,202,27,175,18.548387096774192,8.064516129032258,10.483870967741936,81.45161290322581,10.887096774193548,70.56451612903226
E00151715,303,56,24,32,247,33,214,18.48184818481848,7.920792079207921,10.561056105610561,81.51815181518151,10.891089108910892,70.62706270627062
E00151716,261,56,19,37,205,19,186,21.455938697318008,7.2796934865900385,14.17624521072797,78.544061302682,7.2796934865900385,71.26436781609196
E00151717,341,62,28,34,279,21,258,18.181818181818183,8.211143695014663,9.970674486803519,81.81818181818183,6.158357771260997,75.65982404692082
E00151718,240,54,18,36,186,20,166,22.5,7.5,15,77.5,8.333333333333332,69.16666666666667
E00151719,299,55,25,30,244,29,215,18.394648829431436,8.361204013377927,10.033444816053512,81.60535117056857,9.698996655518394,71.90635451505017
E00151720,263,58,22,36,205,13,192,22.0532319391635,8.365019011406844,13.688212927756654,77.9467680608365,4.942965779467681,73.00380228136882
E00151721,364,55,24,31,309,20,289,15.10989010989011,6.593406593406594,8.516483516483516,84.89010989010988,5.4945054945054945,79.3956043956044
E00151722,293,68,37,31,225,26,199,23.208191126279864,12.627986348122866,10.580204778156997,76.79180887372013,8.873720136518772,67.91808873720136
E00151723,294,47,18,29,247,20,227,15.98639455782313,6.122448979591836,9.863945578231291,84.01360544217688,6.802721088435375,77.21088435374149
E00151724,285,67,30,37,218,18,200,23.50877192982456,10.526315789473683,12.982456140350877,76.49122807017544,6.315789473684211,70.17543859649122
E00151725,303,47,22,25,256,23,233,15.51155115511551,7.2607260726072615,8.25082508250825,84.48844884488449,7.590759075907591,76.89768976897689
E00151726,287,48,12,36,239,18,221,16.72473867595819,4.181184668989547,12.543554006968641,83.27526132404182,6.2717770034843205,77.00348432055749
E00151727,291,68,21,47,223,17,206,23.367697594501717,7.216494845360824,16.151202749140893,76.6323024054983,5.841924398625429,70.79037800687286
E00151728,308,43,14,29,265,24,241,13.96103896103896,4.545454545454546,9.415584415584416,86.03896103896103,7.792207792207792,78.24675324675324
E00151729,300,63,47,16,237,16,221,21,15.666666666666668,5.333333333333334,79,5.333333333333334,73.66666666666667
E00151730,265,41,11,30,224,20,204,15.471698113207546,4.150943396226415,11.320754716981133,84.52830188679246,7.547169811320755,76.9811320754717
E00151731,303,77,29,48,226,27,199,25.412541254125415,9.570957095709572,15.841584158415841,74.58745874587459,8.91089108910891,65.67656765676567
E00151732,298,42,16,26,256,29,227,14.093959731543624,5.369127516778524,8.724832214765101,85.90604026845638,9.731543624161073,76.1744966442953
E00151733,417,84,51,33,333,25,308,20.14388489208633,12.23021582733813,7.913669064748201,79.85611510791367,5.995203836930456,73.86091127098321
E00151734,311,53,21,32,258,24,234,17.041800643086816,6.752411575562702,10.289389067524116,82.95819935691318,7.717041800643088,75.2411575562701
E00151735,307,61,24,37,246,36,210,19.86970684039088,7.81758957654723,12.052117263843648,80.13029315960912,11.726384364820847,68.40390879478826
E00151736,520,93,38,55,427,28,399,17.884615384615383,7.307692307692308,10.576923076923077,82.11538461538461,5.384615384615385,76.73076923076924
E00151737,216,40,16,24,176,15,161,18.51851851851852,7.4074074074074066,11.11111111111111,81.48148148148148,6.944444444444445,74.53703703703704
E00151738,349,64,24,40,285,28,257,18.33810888252149,6.876790830945559,11.461318051575931,81.66189111747852,8.022922636103152,73.63896848137536
E00151739,293,40,19,21,253,21,232,13.651877133105803,6.484641638225256,7.167235494880546,86.3481228668942,7.167235494880546,79.18088737201366
E00151740,322,51,15,36,271,23,248,15.838509316770185,4.658385093167702,11.180124223602485,84.16149068322981,7.142857142857142,77.01863354037268
E00151741,287,80,35,45,207,22,185,27.874564459930312,12.195121951219512,15.6794425087108,72.12543554006969,7.665505226480835,64.45993031358886
E00151742,260,46,20,26,214,20,194,17.692307692307693,7.6923076923076925,10,82.3076923076923,7.6923076923076925,74.61538461538461
E00151743,339,68,36,32,271,23,248,20.058997050147493,10.619469026548673,9.43952802359882,79.9410029498525,6.784660766961652,73.15634218289085
E00151744,268,62,20,42,206,27,179,23.134328358208954,7.462686567164178,15.671641791044777,76.86567164179104,10.074626865671641,66.7910447761194
E00151745,481,87,25,62,394,39,355,18.08731808731809,5.197505197505198,12.889812889812891,81.91268191268192,8.108108108108109,73.8045738045738
E00151746,303,81,38,43,222,19,203,26.732673267326735,12.541254125412541,14.19141914191419,73.26732673267327,6.270627062706271,66.996699669967
E00151747,295,47,19,28,248,23,225,15.932203389830507,6.440677966101695,9.491525423728813,84.06779661016948,7.796610169491526,76.27118644067797
E00151748,301,68,24,44,233,19,214,22.591362126245848,7.973421926910299,14.61794019933555,77.40863787375415,6.312292358803987,71.09634551495017
E00151749,229,54,23,31,175,16,159,23.580786026200872,10.043668122270741,13.537117903930133,76.41921397379913,6.986899563318777,69.43231441048034
E00151750,274,66,29,37,208,21,187,24.087591240875913,10.583941605839415,13.503649635036496,75.91240875912408,7.664233576642336,68.24817518248175
E00151751,307,70,29,41,237,21,216,22.80130293159609,9.446254071661238,13.355048859934854,77.19869706840392,6.840390879478828,70.35830618892508
E00151752,334,87,52,35,247,19,228,26.047904191616766,15.568862275449103,10.479041916167663,73.95209580838323,5.688622754491018,68.26347305389223
E00151753,290,42,15,27,248,21,227,14.482758620689657,5.172413793103448,9.310344827586208,85.51724137931035,7.241379310344828,78.27586206896552
E00151754,287,56,22,34,231,14,217,19.51219512195122,7.665505226480835,11.846689895470384,80.48780487804879,4.878048780487805,75.60975609756098
E00151755,399,124,87,37,275,14,261,31.07769423558897,21.804511278195488,9.273182957393484,68.92230576441104,3.508771929824561,65.41353383458647
E00151756,298,62,20,42,236,23,213,20.80536912751678,6.7114093959731544,14.093959731543624,79.19463087248322,7.718120805369128,71.47651006711409
E00151757,344,91,50,41,253,21,232,26.453488372093027,14.534883720930234,11.918604651162791,73.54651162790698,6.104651162790697,67.44186046511628
E00151758,335,58,27,31,277,13,264,17.313432835820898,8.059701492537313,9.253731343283581,82.68656716417911,3.880597014925373,78.80597014925374
E00151759,296,71,31,40,225,28,197,23.986486486486484,10.472972972972974,13.513513513513514,76.01351351351352,9.45945945945946,66.55405405405406
E00151760,271,56,18,38,215,21,194,20.66420664206642,6.642066420664207,14.022140221402212,79.33579335793358,7.7490774907749085,71.58671586715867
E00151761,350,92,57,35,258,24,234,26.285714285714285,16.28571428571429,10,73.71428571428571,6.857142857142858,66.85714285714286
E00151762,294,82,42,40,212,20,192,27.89115646258503,14.285714285714285,13.60544217687075,72.10884353741497,6.802721088435375,65.3061224489796
E00151763,278,74,40,34,204,11,193,26.618705035971225,14.388489208633093,12.23021582733813,73.38129496402878,3.9568345323741005,69.42446043165468
E00151764,325,45,19,26,280,32,248,13.846153846153847,5.846153846153846,8,86.15384615384616,9.846153846153847,76.3076923076923
E00151765,245,64,37,27,181,15,166,26.122448979591837,15.10204081632653,11.020408163265307,73.87755102040816,6.122448979591836,67.75510204081633
E00151766,268,45,24,21,223,25,198,16.791044776119403,8.955223880597014,7.835820895522389,83.2089552238806,9.328358208955224,73.88059701492537
E00151767,248,58,26,32,190,25,165,23.387096774193548,10.483870967741936,12.903225806451612,76.61290322580645,10.080645161290322,66.53225806451613
E00151768,274,52,14,38,222,21,201,18.97810218978102,5.109489051094891,13.86861313868613,81.02189781021897,7.664233576642336,73.35766423357664
E00151769,359,78,36,42,281,22,259,21.72701949860724,10.027855153203342,11.699164345403899,78.27298050139275,6.128133704735376,72.14484679665738
E00151770,340,41,15,26,299,25,274,12.058823529411764,4.411764705882353,7.647058823529412,87.94117647058823,7.352941176470589,80.58823529411765
E00151772,317,49,11,38,268,29,239,15.457413249211358,3.4700315457413247,11.987381703470032,84.54258675078864,9.14826498422713,75.39432176656152
E00151773,312,71,31,40,241,27,214,22.756410256410255,9.935897435897436,12.82051282051282,77.24358974358975,8.653846153846153,68.58974358974359
E00151774,284,43,18,25,241,18,223,15.140845070422534,6.338028169014084,8.80281690140845,84.85915492957746,6.338028169014084,78.52112676056338
E00151775,227,58,29,29,169,11,158,25.55066079295154,12.77533039647577,12.77533039647577,74.44933920704845,4.845814977973569,69.60352422907489
E00151776,265,41,8,33,224,24,200,15.471698113207546,3.018867924528302,12.452830188679245,84.52830188679246,9.056603773584905,75.47169811320755
E00151777,252,67,26,41,185,18,167,26.58730158730159,10.317460317460316,16.26984126984127,73.4126984126984,7.142857142857142,66.26984126984127
E00151778,277,46,18,28,231,17,214,16.60649819494585,6.4981949458483745,10.108303249097473,83.39350180505414,6.137184115523466,77.25631768953069
E00151780,319,61,31,30,258,25,233,19.122257053291534,9.717868338557993,9.404388714733543,80.87774294670847,7.836990595611286,73.04075235109718
E00151781,229,55,17,38,174,31,143,24.017467248908297,7.423580786026202,16.593886462882097,75.9825327510917,13.537117903930133,62.44541484716157
E00151782,442,144,97,47,298,36,262,32.57918552036199,21.945701357466064,10.633484162895927,67.42081447963801,8.144796380090497,59.276018099547514
E00151783,334,55,20,35,279,37,242,16.46706586826347,5.9880239520958085,10.479041916167663,83.53293413173652,11.077844311377245,72.45508982035929
E00151784,268,46,17,29,222,25,197,17.16417910447761,6.343283582089552,10.820895522388058,82.83582089552239,9.328358208955224,73.50746268656717
E00151785,301,69,24,45,232,16,216,22.92358803986711,7.973421926910299,14.950166112956811,77.0764119601329,5.3156146179401995,71.76079734219269
E00151786,415,50,17,33,365,40,325,12.048192771084338,4.096385542168675,7.951807228915662,87.95180722891565,9.63855421686747,78.3132530120482
E00151787,417,84,32,52,333,28,305,20.14388489208633,7.673860911270983,12.470023980815348,79.85611510791367,6.71462829736211,73.14148681055156
E00151788,299,67,27,40,232,16,216,22.40802675585284,9.03010033444816,13.377926421404682,77.59197324414716,5.351170568561873,72.24080267558529
E00151789,350,68,21,47,282,38,244,19.428571428571427,6,13.428571428571429,80.57142857142857,10.857142857142858,69.71428571428572
E00151790,338,56,16,40,282,26,256,16.56804733727811,4.733727810650888,11.834319526627219,83.4319526627219,7.6923076923076925,75.7396449704142
E00151791,298,38,15,23,260,34,226,12.751677852348994,5.033557046979865,7.718120805369128,87.24832214765101,11.409395973154362,75.83892617449665
E00151792,298,44,16,28,254,23,231,14.76510067114094,5.369127516778524,9.395973154362416,85.23489932885906,7.718120805369128,77.51677852348993
E00151794,352,64,29,35,288,21,267,18.181818181818183,8.238636363636363,9.943181818181818,81.81818181818183,5.965909090909091,75.85227272727273
E00151795,334,62,19,43,272,24,248,18.562874251497004,5.688622754491018,12.874251497005988,81.437125748502993,7.18562874251497,74.25149700598801
E00151796,323,53,25,28,270,29,241,16.408668730650156,7.739938080495357,8.6687306501548,83.59133126934985,8.978328173374612,74.61300309597523
E00151797,329,48,13,35,281,33,248,14.58966565349544,3.951367781155015,10.638297872340425,85.41033434650456,10.030395136778116,75.37993920972644
E00151798,325,52,18,34,273,25,248,16,5.538461538461538,10.461538461538462,84,7.6923076923076925,76.3076923076923
E00151799,490,51,19,32,439,42,397,10.408163265306122,3.877551020408163,6.530612244897959,89.59183673469387,8.571428571428571,81.0204081632653
E00151800,338,70,36,34,268,31,237,20.710059171597635,10.650887573964498,10.059171597633137,79.28994082840237,9.171597633136095,70.11834319526628
E00151801,280,53,21,32,227,24,203,18.928571428571427,7.5,11.428571428571429,81.07142857142857,8.571428571428571,72.5
E00151802,251,68,26,42,183,13,170,27.091633466135455,10.358565737051793,16.733067729083665,72.90836653386454,5.179282868525896,67.729083665338635
E00151803,266,48,23,25,218,29,189,18.045112781954884,8.646616541353383,9.398496240601503,81.95488721804512,10.902255639097744,71.05263157894737
E00151804,206,47,13,34,159,21,138,22.815533980582526,6.310679611650485,16.50485436893204,77.18446601941747,10.194174757281553,66.99029126213593
E00151805,334,67,20,47,267,24,243,20.059880239520957,5.9880239520958085,14.071856287425149,79.94011976047905,7.18562874251497,72.75449101796407
E00151806,414,95,39,56,319,35,284,22.946859903381643,9.420289855072465,13.526570048309178,77.05314009661835,8.454106280193237,68.59903381642512
E00151807,275,64,34,30,211,21,190,23.272727272727273,12.363636363636363,10.909090909090908,76.72727272727272,7.636363636363637,69.0909090909091
E00151808,330,56,22,34,274,20,254,16.969696969696972,6.666666666666667,10.303030303030303,83.03030303030303,6.0606060606060606,76.96969696969697
E00151809,535,60,15,45,475,48,427,11.214953271028037,2.803738317757009,8.411214953271028,88.78504672897196,8.97196261682243,79.81308411214954
E00151810,256,40,16,24,216,18,198,15.625,6.25,9.375,84.375,7.03125,77.34375
E00151811,221,54,26,28,167,16,151,24.43438914027149,11.76470588235294,12.669683257918551,75.56561085972851,7.239819004524888,68.32579185520362
E00151812,266,60,29,31,206,22,184,22.55639097744361,10.902255639097744,11.654135338345863,77.44360902255639,8.270676691729323,69.17293233082707
E00151813,301,52,21,31,249,17,232,17.275747508305646,6.976744186046512,10.299003322259136,82.72425249169434,5.647840531561462,77.0764119601329
E00151814,344,76,25,51,268,29,239,22.093023255813954,7.267441860465117,14.825581395348838,77.90697674418605,8.430232558139535,69.47674418604652
E00151815,261,53,18,35,208,18,190,20.306513409961685,6.896551724137931,13.409961685823754,79.6934865900383,6.896551724137931,72.79693486590038
E00151816,217,54,27,27,163,9,154,24.88479262672811,12.442396313364055,12.442396313364055,75.11520737327189,4.147465437788019,70.96774193548387
E00151817,270,56,23,33,214,30,184,20.74074074074074,8.518518518518519,12.222222222222221,79.25925925925927,11.11111111111111,68.14814814814815
E00151819,148,27,13,14,121,17,104,18.243243243243242,8.783783783783784,9.45945945945946,81.75675675675676,11.486486486486488,70.27027027027027
E00151820,313,54,24,30,259,21,238,17.252396166134183,7.667731629392971,9.584664536741213,82.74760383386581,6.7092651757188495,76.03833865814697
E00151821,414,84,26,58,330,32,298,20.28985507246377,6.280193236714976,14.009661835748794,79.71014492753623,7.729468599033816,71.98067632850241
E00151822,368,49,24,25,319,44,275,13.31521739130435,6.521739130434782,6.7934782608695645,86.68478260869566,11.956521739130435,74.72826086956522
E00151823,328,43,19,24,285,26,259,13.109756097560975,5.7926829268292686,7.317073170731707,86.89024390243902,7.926829268292683,78.96341463414635
E00151824,377,94,43,51,283,23,260,24.93368700265252,11.405835543766578,13.527851458885943,75.06631299734748,6.10079575596817,68.96551724137932
E00151825,355,83,30,53,272,28,244,23.380281690140844,8.450704225352112,14.929577464788732,76.61971830985915,7.887323943661972,68.73239436619718
E00151826,214,39,16,23,175,14,161,18.22429906542056,7.476635514018691,10.74766355140187,81.77570093457945,6.5420560747663545,75.23364485981308
E00151827,235,43,18,25,192,15,177,18.29787234042553,7.659574468085106,10.638297872340425,81.70212765957446,6.382978723404255,75.31914893617021
E00151828,267,45,21,24,222,21,201,16.853932584269664,7.865168539325842,8.98876404494382,83.14606741573034,7.865168539325842,75.28089887640449
E00151829,322,65,26,39,257,25,232,20.18633540372671,8.074534161490684,12.111801242236025,79.8136645962733,7.763975155279502,72.04968944099379
E00151830,240,29,15,14,211,14,197,12.083333333333334,6.25,5.833333333333333,87.91666666666667,5.833333333333333,82.08333333333333
E00151831,273,42,12,30,231,21,210,15.384615384615385,4.395604395604396,10.989010989010989,84.61538461538461,7.6923076923076925,76.92307692307693
E00151832,151,22,9,13,129,13,116,14.56953642384106,5.960264900662252,8.609271523178808,85.43046357615894,8.609271523178808,76.82119205298014
E00151833,376,56,21,35,320,35,285,14.893617021276595,5.585106382978723,9.308510638297872,85.1063829787234,9.308510638297872,75.79787234042553
E00151834,234,30,10,20,204,24,180,12.82051282051282,4.273504273504273,8.547008547008547,87.17948717948718,10.256410256410255,76.92307692307693
E00151835,318,60,26,34,258,27,231,18.867924528301888,8.176100628930817,10.69182389937107,81.13207547169812,8.49056603773585,72.64150943396226
E00151836,271,53,16,37,218,22,196,19.557195571955717,5.904059040590406,13.653136531365314,80.44280442804428,8.118081180811808,72.32472324723247
E00151837,299,60,31,29,239,21,218,20.066889632107024,10.367892976588628,9.698996655518394,79.93311036789298,7.023411371237458,72.90969899665552
E00151838,281,57,21,36,224,21,203,20.284697508896798,7.473309608540925,12.811387900355871,79.7153024911032,7.473309608540925,72.24199288256227
E00151839,228,42,12,30,186,23,163,18.421052631578945,5.263157894736842,13.157894736842104,81.57894736842105,10.087719298245613,71.49122807017544
E00151840,283,51,18,33,232,18,214,18.021201413427562,6.36042402826855,11.66077738515901,81.97879858657244,6.36042402826855,75.61837455830388
E00151841,241,51,23,28,190,19,171,21.16182572614108,9.54356846473029,11.618257261410788,78.83817427385893,7.883817427385892,70.95435684647303
E00151842,149,26,13,13,123,16,107,17.449664429530202,8.724832214765101,8.724832214765101,82.5503355704698,10.738255033557047,71.81208053691275
E00151843,405,85,37,48,320,36,284,20.98765432098765,9.135802469135802,11.851851851851853,79.01234567901234,8.88888888888889,70.12345679012346
E00151844,270,41,19,22,229,22,207,15.185185185185185,7.037037037037037,8.148148148148149,84.81481481481481,8.148148148148149,76.66666666666667
E00151845,318,50,16,34,268,26,242,15.723270440251572,5.031446540880504,10.69182389937107,84.27672955974843,8.176100628930817,76.10062893081762
E00151846,288,73,33,40,215,22,193,25.34722222222222,11.458333333333332,13.88888888888889,74.65277777777779,7.638888888888889,67.01388888888889
E00151847,231,39,17,22,192,21,171,16.883116883116884,7.35930735930736,9.523809523809524,83.11688311688312,9.090909090909092,74.02597402597402
E00151848,443,61,22,39,382,45,337,13.769751693002258,4.966139954853273,8.803611738148984,86.23024830699775,10.15801354401806,76.07223476297969
E00151849,239,44,14,30,195,18,177,18.410041841004183,5.857740585774058,12.552301255230125,81.58995815899581,7.531380753138076,74.05857740585773
E00151850,208,54,25,29,154,26,128,25.961538461538463,12.01923076923077,13.942307692307693,74.03846153846155,12.5,61.53846153846154
E00151851,241,60,27,33,181,28,153,24.896265560165975,11.20331950207469,13.692946058091287,75.10373443983403,11.618257261410788,63.48547717842323
E00151852,257,56,28,28,201,23,178,21.78988326848249,10.894941634241246,10.894941634241246,78.21011673151752,8.949416342412452,69.26070038910505
E00151853,289,44,18,26,245,30,215,15.22491349480969,6.228373702422145,8.996539792387544,84.77508650519032,10.380622837370241,74.39446366782006
E00151854,123,17,11,6,106,13,93,13.821138211382115,8.94308943089431,4.878048780487805,86.1788617886179,10.569105691056912,75.60975609756098
E00151855,257,43,19,24,214,22,192,16.731517509727624,7.392996108949417,9.33852140077821,83.26848249027238,8.560311284046692,74.70817120622569
E00151858,316,37,14,23,279,31,248,11.708860759493671,4.430379746835443,7.2784810126582276,88.29113924050634,9.81012658227848,78.48101265822784
E00151859,406,62,29,33,344,25,319,15.270935960591133,7.142857142857142,8.12807881773399,84.72906403940887,6.157635467980295,78.57142857142857
E00151860,422,70,24,46,352,32,320,16.587677725118482,5.687203791469194,10.90047393364929,83.41232227488152,7.5829383886255926,75.82938388625593
E00151862,390,96,67,29,294,22,272,24.615384615384617,17.17948717948718,7.435897435897436,75.38461538461539,5.641025641025641,69.74358974358974
E00151863,399,54,22,32,345,36,309,13.533834586466165,5.513784461152882,8.020050125313283,86.46616541353383,9.022556390977442,77.44360902255639
E00151864,280,41,15,26,239,23,216,14.642857142857144,5.357142857142857,9.285714285714286,85.35714285714285,8.214285714285714,77.14285714285715
E00151865,282,52,24,28,230,20,210,18.439716312056735,8.51063829787234,9.929078014184398,81.56028368794325,7.092198581560284,74.46808510638297
E00151866,494,80,24,56,414,31,383,16.194331983805668,4.8582995951417,11.336032388663968,83.80566801619433,6.275303643724696,77.53036437246963
E00151867,285,44,18,26,241,20,221,15.43859649122807,6.315789473684211,9.12280701754386,84.56140350877193,7.017543859649122,77.54385964912281
E00151868,251,64,25,39,187,26,161,25.49800796812749,9.9601593625498,15.53784860557769,74.5019920318725,10.358565737051793,64.14342629482071
E00151869,320,56,18,38,264,22,242,17.5,5.625,11.875,82.5,6.875000000000001,75.625
E00151870,299,48,16,32,251,21,230,16.05351170568562,5.351170568561873,10.702341137123746,83.94648829431438,7.023411371237458,76.92307692307693
E00151871,279,54,29,25,225,22,203,19.35483870967742,10.39426523297491,8.960573476702509,80.64516129032258,7.885304659498208,72.75985663082437
E00151872,316,50,22,28,266,24,242,15.822784810126583,6.962025316455696,8.860759493670885,84.17721518987342,7.59493670886076,76.58227848101265
E00151873,302,64,28,36,238,36,202,21.192052980132452,9.271523178807946,11.920529801324504,78.80794701986756,11.920529801324504,66.88741721854305
E00151874,410,44,16,28,366,39,327,10.731707317073171,3.902439024390244,6.829268292682928,89.26829268292683,9.512195121951219,79.75609756097562
E00151875,286,59,28,31,227,24,203,20.62937062937063,9.79020979020979,10.839160839160838,79.37062937062937,8.391608391608392,70.97902097902097
E00151876,353,73,28,45,280,22,258,20.679886685552407,7.932011331444759,12.747875354107649,79.3201133144476,6.232294617563739,73.08781869688386
E00151877,262,53,27,26,209,20,189,20.229007633587788,10.305343511450381,9.923664122137405,79.77099236641222,7.633587786259542,72.13740458015268
E00151878,207,31,10,21,176,17,159,14.975845410628018,4.830917874396135,10.144927536231885,85.02415458937197,8.212560386473431,76.81159420289855
E00151879,269,55,22,33,214,22,192,20.44609665427509,8.178438661710038,12.267657992565056,79.5539033457249,8.178438661710038,71.37546468401487
E00151880,201,56,25,31,145,19,126,27.860696517412936,12.437810945273633,15.422885572139302,72.13930348258707,9.45273631840796,62.68656716417911
E00151881,212,46,22,24,166,19,147,21.69811320754717,10.377358490566039,11.320754716981133,78.30188679245283,8.962264150943396,69.33962264150944
E00151882,345,71,29,42,274,33,241,20.579710144927535,8.405797101449275,12.173913043478262,79.42028985507247,9.565217391304348,69.85507246376812
E00151883,253,54,16,38,199,18,181,21.34387351778656,6.324110671936759,15.019762845849801,78.65612648221344,7.114624505928854,71.54150197628458
E00151884,294,59,17,42,235,33,202,20.068027210884352,5.782312925170068,14.285714285714285,79.93197278911565,11.224489795918368,68.70748299319727
E00151885,377,55,21,34,322,34,288,14.588859416445624,5.570291777188329,9.018567639257293,85.41114058355438,9.018567639257293,76.39257294429707
E00151886,195,59,26,33,136,13,123,30.256410256410255,13.333333333333334,16.923076923076923,69.74358974358974,6.666666666666667,63.07692307692307
E00151887,323,61,21,40,262,27,235,18.885448916408667,6.5015479876160995,12.38390092879257,81.11455108359134,8.359133126934983,72.75541795665634
E00151888,386,94,44,50,292,27,265,24.352331606217618,11.398963730569948,12.953367875647666,75.64766839378238,6.994818652849741,68.65284974093264
E00151889,251,77,36,41,174,19,155,30.677290836653388,14.342629482071715,16.334661354581673,69.32270916334662,7.569721115537849,61.75298804780876
E00151890,288,77,30,47,211,29,182,26.73611111111111,10.416666666666668,16.319444444444446,73.26388888888889,10.069444444444445,63.19444444444444
E00151891,411,111,70,41,300,32,268,27.00729927007299,17.0316301703163,9.975669099756692,72.99270072992701,7.785888077858881,65.20681265206812
E00151892,383,73,28,45,310,26,284,19.06005221932115,7.310704960835509,11.74934725848564,80.93994778067885,6.7885117493472595,74.1514360313316
E00151893,287,66,32,34,221,20,201,22.99651567944251,11.149825783972126,11.846689895470384,77.00348432055749,6.968641114982578,70.03484320557492
E00151894,308,71,26,45,237,25,212,23.051948051948052,8.441558441558442,14.61038961038961,76.94805194805194,8.116883116883116,68.83116883116884
E00151895,372,102,56,46,270,24,246,27.419354838709676,15.053763440860216,12.365591397849462,72.58064516129032,6.451612903225806,66.12903225806451
E00151896,297,68,33,35,229,18,211,22.895622895622896,11.11111111111111,11.784511784511785,77.10437710437711,6.0606060606060606,71.04377104377105
E00151897,219,83,43,40,136,8,128,37.89954337899543,19.63470319634703,18.2648401826484,62.10045662100456,3.65296803652968,58.44748858447488
E00151898,394,114,73,41,280,22,258,28.934010152284262,18.527918781725887,10.406091370558377,71.06598984771574,5.583756345177665,65.48223350253807
E00151899,311,83,42,41,228,19,209,26.688102893890676,13.504823151125404,13.183279742765272,73.31189710610933,6.109324758842444,67.20257234726688
E00151900,404,87,41,46,317,21,296,21.534653465346533,10.14851485148515,11.386138613861387,78.46534653465346,5.198019801980198,73.26732673267327
E00151901,267,61,36,25,206,19,187,22.846441947565545,13.48314606741573,9.363295880149813,77.15355805243446,7.116104868913857,70.0374531835206
E00151902,324,83,32,51,241,14,227,25.617283950617285,9.876543209876543,15.74074074074074,74.38271604938271,4.320987654320987,70.06172839506173
E00151903,217,39,18,21,178,21,157,17.972350230414747,8.294930875576037,9.67741935483871,82.02764976958525,9.67741935483871,72.35023041474655
E00151904,374,106,48,58,268,29,239,28.342245989304814,12.834224598930483,15.508021390374333,71.65775401069519,7.754010695187167,63.903743315508024
E00151905,242,52,21,31,190,17,173,21.487603305785125,8.677685950413224,12.8099173553719,78.51239669421489,7.024793388429752,71.48760330578511
E00151906,252,52,23,29,200,11,189,20.634920634920633,9.126984126984127,11.507936507936508,79.36507936507937,4.365079365079365,75
E00151907,192,90,50,40,102,18,84,46.875,26.041666666666668,20.833333333333336,53.125,9.375,43.75
E00151908,300,60,26,34,240,16,224,20,8.666666666666668,11.333333333333332,80,5.333333333333334,74.66666666666667
E00151909,426,84,33,51,342,28,314,19.718309859154928,7.746478873239436,11.971830985915492,80.28169014084507,6.572769953051644,73.70892018779342
E00151910,325,68,28,40,257,25,232,20.923076923076923,8.615384615384615,12.307692307692308,79.07692307692308,7.6923076923076925,71.38461538461539
E00151912,363,90,42,48,273,37,236,24.793388429752067,11.570247933884298,13.223140495867769,75.20661157024794,10.192837465564738,65.0137741046832
E00151913,230,40,14,26,190,19,171,17.391304347826086,6.086956521739131,11.304347826086957,82.6086956521739,8.26086956521739,74.34782608695653
E00151914,238,61,24,37,177,27,150,25.630252100840334,10.084033613445378,15.546218487394958,74.36974789915966,11.344537815126051,63.02521008403361
E00151915,212,49,18,31,163,20,143,23.11320754716981,8.49056603773585,14.622641509433961,76.88679245283019,9.433962264150944,67.45283018867924
E00151916,257,90,55,35,167,29,138,35.019455252918284,21.40077821011673,13.618677042801556,64.98054474708171,11.284046692607005,53.69649805447471
E00151917,296,57,24,33,239,22,217,19.256756756756758,8.108108108108109,11.14864864864865,80.74324324324324,7.4324324324324325,73.3108108108108
E00151918,394,77,33,44,317,29,288,19.543147208121827,8.375634517766498,11.16751269035533,80.45685279187818,7.3604060913705585,73.09644670050761
E00151919,192,52,24,28,140,8,132,27.083333333333332,12.5,14.583333333333334,72.91666666666666,4.166666666666666,68.75
E00151920,282,88,52,36,194,16,178,31.20567375886525,18.439716312056735,12.76595744680851,68.79432624113475,5.673758865248227,63.12056737588653
E00151921,315,69,26,43,246,30,216,21.904761904761905,8.253968253968253,13.65079365079365,78.0952380952381,9.523809523809524,68.57142857142857
E00151922,299,50,20,30,249,24,225,16.722408026755854,6.688963210702341,10.033444816053512,83.27759197324414,8.02675585284281,75.25083612040135
E00151923,244,48,15,33,196,24,172,19.672131147540984,6.147540983606557,13.524590163934427,80.32786885245902,9.836065573770492,70.49180327868852
E00151924,294,55,7,48,239,29,210,18.70748299319728,2.380952380952381,16.3265306122449,81.29251700680273,9.863945578231291,71.42857142857143
E00151925,172,45,20,25,127,12,115,26.16279069767442,11.627906976744185,14.534883720930234,73.83720930232558,6.976744186046512,66.86046511627907
E00151926,278,54,26,28,224,36,188,19.424460431654676,9.352517985611511,10.071942446043165,80.57553956834532,12.949640287769784,67.62589928057554
E00151927,264,54,22,32,210,20,190,20.454545454545457,8.333333333333332,12.121212121212121,79.54545454545455,7.575757575757576,71.96969696969697
E00151928,310,58,23,35,252,30,222,18.70967741935484,7.419354838709677,11.29032258064516,81.29032258064515,9.67741935483871,71.61290322580646
E00151929,375,73,30,43,302,30,272,19.466666666666665,8,11.466666666666667,80.53333333333333,8,72.53333333333333
E00151930,334,49,17,32,285,27,258,14.67065868263473,5.089820359281437,9.580838323353294,85.32934131736528,8.08383233532934,77.24550898203593
E00151931,263,92,51,41,171,27,144,34.98098859315589,19.39163498098859,15.5893536121673,65.0190114068441,10.26615969581749,54.752851711026615
E00151932,267,53,22,31,214,22,192,19.850187265917604,8.239700374531834,11.610486891385769,80.14981273408239,8.239700374531834,71.91011235955057
E00151933,286,37,13,24,249,26,223,12.937062937062937,4.545454545454546,8.391608391608392,87.06293706293707,9.090909090909092,77.97202797202797
E00151934,287,32,15,17,255,27,228,11.149825783972126,5.2264808362369335,5.923344947735192,88.85017421602788,9.40766550522648,79.44250871080139
E00151935,268,54,18,36,214,25,189,20.149253731343283,6.7164179104477615,13.432835820895523,79.8507462686567,9.328358208955224,70.52238805970148
E00151936,269,43,21,22,226,14,212,15.985130111524162,7.806691449814126,8.178438661710038,84.01486988847584,5.204460966542751,78.81040892193309
E00151937,257,32,13,19,225,24,201,12.45136186770428,5.058365758754864,7.392996108949417,87.54863813229572,9.33852140077821,78.21011673151752
E00151938,228,42,13,29,186,9,177,18.421052631578945,5.701754385964912,12.719298245614036,81.57894736842105,3.9473684210526314,77.63157894736842
E00151939,265,55,18,37,210,29,181,20.754716981132077,6.7924528301886795,13.962264150943396,79.24528301886792,10.943396226415095,68.30188679245282
E00151940,221,45,17,28,176,24,152,20.361990950226243,7.6923076923076925,12.669683257918551,79.63800904977376,10.85972850678733,68.77828054298642
E00151941,239,51,24,27,188,16,172,21.338912133891213,10.0418410041841,11.297071129707113,78.66108786610879,6.694560669456067,71.96652719665272
E00151942,207,51,16,35,156,14,142,24.637681159420293,7.729468599033816,16.908212560386474,75.36231884057972,6.763285024154589,68.59903381642512
E00151943,258,46,11,35,212,20,192,17.829457364341085,4.263565891472868,13.565891472868216,82.17054263565892,7.751937984496124,74.4186046511628
E00151944,211,45,17,28,166,20,146,21.32701421800948,8.056872037914692,13.270142180094787,78.67298578199052,9.47867298578199,69.19431279620854
E00151945,309,53,21,32,256,33,223,17.15210355987055,6.796116504854369,10.355987055016183,82.84789644012946,10.679611650485436,72.168284789644
E00151946,213,13,2,11,200,17,183,6.103286384976526,0.9389671361502347,5.164319248826291,93.89671361502347,7.981220657276995,85.91549295774648
E00151947,211,27,11,16,184,14,170,12.796208530805686,5.213270142180095,7.5829383886255926,87.20379146919431,6.6350710900473935,80.56872037914692
E00151948,318,42,21,21,276,24,252,13.20754716981132,6.60377358490566,6.60377358490566,86.79245283018868,7.547169811320755,79.24528301886792
E00151949,299,52,19,33,247,27,220,17.391304347826086,6.354515050167224,11.036789297658862,82.6086956521739,9.03010033444816,73.57859531772574
E00151950,301,45,18,27,256,26,230,14.950166112956811,5.980066445182724,8.970099667774086,85.04983388704319,8.637873754152823,76.41196013289037
E00151951,298,77,53,24,221,33,188,25.838926174496645,17.78523489932886,8.053691275167784,74.16107382550335,11.073825503355705,63.08724832214765
E00151952,256,41,14,27,215,32,183,16.015625,5.46875,10.546875,83.984375,12.5,71.484375
E00151953,281,51,16,35,230,25,205,18.14946619217082,5.6939501779359425,12.455516014234876,81.85053380782918,8.896797153024911,72.95373665480427
E00151954,299,49,16,33,250,22,228,16.387959866220736,5.351170568561873,11.036789297658862,83.61204013377926,7.357859531772576,76.2541806020067
E00151955,279,40,13,27,239,18,221,14.336917562724013,4.659498207885305,9.67741935483871,85.66308243727599,6.451612903225806,79.21146953405018
E00151956,303,53,19,34,250,24,226,17.491749174917494,6.270627062706271,11.221122112211221,82.50825082508251,7.920792079207921,74.58745874587459
E00151959,258,62,23,39,196,26,170,24.031007751937985,8.914728682170542,15.11627906976744,75.96899224806202,10.077519379844961,65.89147286821705
E00151960,219,40,19,21,179,18,161,18.2648401826484,8.67579908675799,9.58904109589041,81.7351598173516,8.21917808219178,73.51598173515981
E00172337,343,42,14,28,301,28,273,12.244897959183673,4.081632653061225,8.16326530612245,87.75510204081633,8.16326530612245,79.59183673469387
E00172338,237,43,13,30,194,16,178,18.143459915611814,5.485232067510549,12.658227848101266,81.85654008438819,6.751054852320674,75.10548523206751
E00172339,225,37,13,24,188,7,181,16.444444444444446,5.777777777777778,10.666666666666668,83.55555555555556,3.111111111111111,80.44444444444444
E00172340,323,61,24,37,262,20,242,18.885448916408667,7.430340557275541,11.455108359133128,81.11455108359134,6.191950464396285,74.92260061919505
E00172341,348,85,58,27,263,18,245,24.42528735632184,16.666666666666664,7.758620689655173,75.57471264367817,5.172413793103448,70.40229885057471
E00172342,270,43,12,31,227,30,197,15.925925925925927,4.444444444444445,11.481481481481481,84.07407407407408,11.11111111111111,72.96296296296296
E00172343,313,38,15,23,275,24,251,12.140575079872203,4.792332268370607,7.348242811501597,87.8594249201278,7.667731629392971,80.19169329073482
E00172344,211,25,8,17,186,19,167,11.848341232227488,3.7914691943127963,8.056872037914692,88.15165876777252,9.004739336492891,79.14691943127961
E00172345,433,37,9,28,396,35,361,8.545034642032332,2.0785219399538106,6.466512702078522,91.45496535796767,8.083140877598153,83.37182448036951
E00180656,412,77,33,44,335,28,307,18.689320388349515,8.009708737864079,10.679611650485436,81.31067961165049,6.796116504854369,74.51456310679612
E00180733,238,49,15,34,189,21,168,20.588235294117645,6.302521008403361,14.285714285714285,79.41176470588235,8.823529411764707,70.58823529411765
E00180740,233,28,14,14,205,20,185,12.017167381974248,6.008583690987124,6.008583690987124,87.98283261802575,8.583690987124463,79.39914163090128
