OA,ts0590001,ts0590002,ts0590003,ts0590004,ts0590005,ts0590006,ts0590007,ts0590002_PCT,ts0590003_PCT,ts0590004_PCT,ts0590005_PCT,ts0590006_PCT,ts0590007_PCT
E00064333,132,38,8,30,94,80,14,28.78787878787879,6.0606060606060606,22.727272727272727,71.21212121212122,60.60606060606061,10.606060606060606
E00064334,110,28,8,20,82,74,8,25.454545454545453,7.2727272727272725,18.181818181818183,74.54545454545455,67.27272727272727,7.2727272727272725
E00064335,144,40,13,27,104,97,7,27.77777777777778,9.027777777777777,18.75,72.22222222222221,67.36111111111111,4.861111111111112
E00064336,133,42,14,28,91,79,12,31.57894736842105,10.526315789473683,21.052631578947366,68.42105263157895,59.3984962406015,9.022556390977442
E00064337,149,43,20,23,106,90,16,28.859060402684566,13.422818791946309,15.436241610738255,71.14093959731544,60.40268456375839,10.738255033557047
E00064338,107,39,7,32,68,62,6,36.44859813084112,6.5420560747663545,29.906542056074763,63.55140186915887,57.943925233644855,5.607476635514018
E00064339,146,45,23,22,101,91,10,30.82191780821918,15.753424657534246,15.068493150684931,69.17808219178082,62.328767123287676,6.8493150684931505
E00064340,164,58,21,37,106,96,10,35.36585365853659,12.804878048780488,22.5609756097561,64.63414634146342,58.536585365853654,6.097560975609756
E00064341,105,22,6,16,83,72,11,20.952380952380953,5.714285714285714,15.238095238095239,79.04761904761905,68.57142857142857,10.476190476190476
E00064342,141,33,10,23,108,96,12,23.404255319148938,7.092198581560284,16.312056737588655,76.59574468085107,68.08510638297872,8.51063829787234
E00064343,130,38,6,32,92,87,5,29.230769230769234,4.615384615384616,24.615384615384617,70.76923076923077,66.92307692307692,3.8461538461538463
E00064344,149,38,13,25,111,98,13,25.503355704697988,8.724832214765101,16.778523489932887,74.49664429530202,65.77181208053692,8.724832214765101
E00064345,139,39,8,31,100,96,4,28.05755395683453,5.755395683453238,22.302158273381295,71.94244604316546,69.06474820143885,2.877697841726619
E00064346,105,29,8,21,76,66,10,27.61904761904762,7.6190476190476195,20,72.38095238095238,62.857142857142854,9.523809523809524
E00064347,149,50,11,39,99,94,5,33.557046979865774,7.38255033557047,26.174496644295303,66.44295302013423,63.08724832214765,3.3557046979865772
E00064348,120,37,11,26,83,80,3,30.833333333333336,9.166666666666666,21.666666666666668,69.16666666666667,66.66666666666666,2.5
E00064349,183,41,9,32,142,127,15,22.404371584699454,4.918032786885246,17.48633879781421,77.59562841530054,69.39890710382514,8.19672131147541
E00064350,162,41,10,31,121,109,12,25.308641975308642,6.172839506172839,19.1358024691358,74.69135802469135,67.28395061728395,7.4074074074074066
E00064351,158,42,19,23,116,110,6,26.582278481012654,12.025316455696203,14.556962025316455,73.41772151898735,69.62025316455697,3.79746835443038
E00064352,130,22,5,17,108,94,14,16.923076923076923,3.8461538461538463,13.076923076923078,83.07692307692308,72.3076923076923,10.76923076923077
E00064353,60,19,5,14,41,41,0,31.666666666666664,8.333333333333332,23.333333333333332,68.33333333333333,68.33333333333333,0
E00064354,247,61,18,43,186,167,19,24.696356275303643,7.28744939271255,17.408906882591094,75.30364372469636,67.61133603238866,7.6923076923076925
E00064355,125,30,15,15,95,86,9,24,12,12,76,68.8,7.199999999999999
E00064356,177,63,26,37,114,100,14,35.59322033898305,14.689265536723164,20.903954802259886,64.40677966101694,56.49717514124294,7.909604519774012
E00064357,203,71,22,49,132,108,24,34.97536945812808,10.83743842364532,24.137931034482758,65.02463054187191,53.20197044334976,11.822660098522167
E00064358,136,29,5,24,107,89,18,21.323529411764707,3.6764705882352944,17.647058823529413,78.67647058823529,65.44117647058823,13.23529411764706
E00064359,124,42,14,28,82,74,8,33.87096774193548,11.29032258064516,22.58064516129032,66.12903225806451,59.67741935483871,6.451612903225806
E00064360,141,42,12,30,99,88,11,29.78723404255319,8.51063829787234,21.27659574468085,70.2127659574468,62.4113475177305,7.801418439716312
E00064361,173,33,7,26,140,131,9,19.07514450867052,4.046242774566474,15.028901734104046,80.92485549132948,75.72254335260115,5.202312138728324
E00064362,180,49,11,38,131,106,25,27.22222222222222,6.111111111111111,21.11111111111111,72.77777777777777,58.88888888888889,13.88888888888889
E00064363,154,44,13,31,110,96,14,28.57142857142857,8.441558441558442,20.12987012987013,71.42857142857143,62.33766233766234,9.090909090909092
E00064364,86,25,9,16,61,55,6,29.069767441860467,10.465116279069768,18.6046511627907,70.93023255813954,63.95348837209303,6.976744186046512
E00064365,187,60,18,42,127,110,17,32.085561497326204,9.62566844919786,22.459893048128343,67.9144385026738,58.82352941176471,9.090909090909092
E00064366,129,42,8,34,87,76,11,32.55813953488372,6.2015503875969,26.356589147286826,67.44186046511628,58.91472868217055,8.527131782945736
E00064367,117,42,16,26,75,67,8,35.8974358974359,13.675213675213676,22.22222222222222,64.1025641025641,57.26495726495726,6.837606837606838
E00064368,130,37,16,21,93,85,8,28.46153846153846,12.307692307692308,16.153846153846153,71.53846153846153,65.38461538461539,6.153846153846154
E00064369,188,51,19,32,137,118,19,27.127659574468083,10.106382978723403,17.02127659574468,72.87234042553192,62.76595744680851,10.106382978723403
E00064370,164,46,18,28,118,102,16,28.04878048780488,10.975609756097562,17.073170731707318,71.95121951219512,62.19512195121951,9.75609756097561
E00064371,137,43,14,29,94,79,15,31.386861313868614,10.218978102189782,21.16788321167883,68.61313868613139,57.66423357664233,10.948905109489052
E00064372,125,34,11,23,91,78,13,27.200000000000003,8.799999999999999,18.4,72.8,62.4,10.4
E00064373,147,49,18,31,98,85,13,33.33333333333333,12.244897959183673,21.08843537414966,66.66666666666666,57.82312925170068,8.843537414965986
E00064374,157,50,18,32,107,96,11,31.84713375796178,11.464968152866243,20.382165605095544,68.15286624203821,61.146496815286625,7.006369426751593
E00064375,155,49,25,24,106,93,13,31.61290322580645,16.129032258064516,15.483870967741936,68.38709677419355,60,8.38709677419355
E00064376,134,25,11,14,109,95,14,18.65671641791045,8.208955223880597,10.44776119402985,81.34328358208955,70.8955223880597,10.44776119402985
E00064377,94,21,5,16,73,64,9,22.340425531914892,5.319148936170213,17.02127659574468,77.6595744680851,68.08510638297872,9.574468085106384
E00064378,149,50,12,38,99,82,17,33.557046979865774,8.053691275167784,25.503355704697988,66.44295302013423,55.033557046979865,11.409395973154362
E00064379,113,36,8,28,77,62,15,31.858407079646017,7.079646017699115,24.778761061946902,68.14159292035397,54.86725663716814,13.274336283185843
E00064380,102,27,7,20,75,71,4,26.47058823529412,6.862745098039216,19.607843137254903,73.52941176470588,69.6078431372549,3.9215686274509802
E00064381,94,28,7,21,66,60,6,29.78723404255319,7.446808510638298,22.340425531914892,70.2127659574468,63.829787234042556,6.382978723404255
E00064382,124,40,12,28,84,70,14,32.25806451612903,9.67741935483871,22.58064516129032,67.74193548387096,56.451612903225815,11.29032258064516
E00064383,127,41,10,31,86,78,8,32.28346456692913,7.874015748031496,24.409448818897637,67.71653543307087,61.417322834645674,6.299212598425196
E00064384,119,41,16,25,78,73,5,34.45378151260504,13.445378151260504,21.008403361344538,65.54621848739495,61.34453781512605,4.201680672268908
E00064385,136,34,11,23,102,94,8,25,8.088235294117647,16.911764705882355,75,69.11764705882352,5.88235294117647
E00064386,140,38,10,28,102,96,6,27.142857142857142,7.142857142857142,20,72.85714285714285,68.57142857142857,4.285714285714286
E00064387,133,40,9,31,93,83,10,30.075187969924812,6.7669172932330826,23.308270676691727,69.92481203007519,62.40601503759399,7.518796992481203
E00064388,161,51,13,38,110,94,16,31.67701863354037,8.074534161490684,23.60248447204969,68.32298136645963,58.38509316770186,9.937888198757763
E00064389,146,43,10,33,103,91,12,29.45205479452055,6.8493150684931505,22.602739726027394,70.54794520547945,62.328767123287676,8.21917808219178
E00064390,104,41,10,31,63,54,9,39.42307692307692,9.615384615384617,29.807692307692307,60.57692307692307,51.92307692307693,8.653846153846153
E00064391,169,52,24,28,117,99,18,30.76923076923077,14.201183431952662,16.56804733727811,69.23076923076923,58.57988165680473,10.650887573964498
E00064392,154,39,7,32,115,103,12,25.324675324675322,4.545454545454546,20.77922077922078,74.67532467532467,66.88311688311688,7.792207792207792
E00064393,161,43,7,36,118,103,15,26.70807453416149,4.3478260869565215,22.36024844720497,73.29192546583852,63.975155279503106,9.316770186335404
E00064394,174,51,17,34,123,105,18,29.310344827586203,9.770114942528735,19.54022988505747,70.6896551724138,60.3448275862069,10.344827586206897
E00064395,145,40,14,26,105,86,19,27.586206896551722,9.655172413793103,17.93103448275862,72.41379310344827,59.310344827586206,13.10344827586207
E00064396,116,29,8,21,87,77,10,25,6.896551724137931,18.103448275862068,75,66.37931034482759,8.620689655172415
E00064397,126,47,12,35,79,72,7,37.301587301587304,9.523809523809524,27.77777777777778,62.698412698412696,57.14285714285714,5.555555555555555
E00064398,161,38,5,33,123,107,16,23.60248447204969,3.1055900621118013,20.496894409937887,76.3975155279503,66.45962732919256,9.937888198757763
E00064399,113,51,26,25,62,54,8,45.13274336283185,23.008849557522122,22.123893805309734,54.86725663716814,47.78761061946903,7.079646017699115
E00064400,127,65,37,28,62,58,4,51.181102362204726,29.133858267716533,22.04724409448819,48.818897637795274,45.66929133858268,3.149606299212598
E00064401,112,31,3,28,81,72,9,27.67857142857143,2.6785714285714284,25,72.32142857142857,64.28571428571429,8.035714285714286
E00064402,80,29,5,24,51,44,7,36.25,6.25,30,63.74999999999999,55.00000000000001,8.75
E00064403,112,19,6,13,93,80,13,16.964285714285715,5.357142857142857,11.607142857142858,83.03571428571429,71.42857142857143,11.607142857142858
E00064404,129,42,11,31,87,80,7,32.55813953488372,8.527131782945736,24.031007751937985,67.44186046511628,62.01550387596899,5.426356589147287
E00064405,111,31,7,24,80,71,9,27.927927927927925,6.306306306306306,21.62162162162162,72.07207207207207,63.96396396396396,8.108108108108109
E00064406,175,61,12,49,114,103,11,34.85714285714286,6.857142857142858,28.000000000000004,65.14285714285715,58.857142857142854,6.2857142857142865
E00064407,127,29,9,20,98,90,8,22.83464566929134,7.086614173228346,15.748031496062993,77.16535433070865,70.86614173228347,6.299212598425196
E00064408,148,49,13,36,99,88,11,33.108108108108105,8.783783783783784,24.324324324324326,66.8918918918919,59.45945945945946,7.4324324324324325
E00064409,146,50,13,37,96,87,9,34.24657534246575,8.904109589041095,25.34246575342466,65.75342465753424,59.589041095890416,6.164383561643835
E00064410,154,49,15,34,105,94,11,31.818181818181817,9.740259740259742,22.07792207792208,68.18181818181817,61.038961038961034,7.142857142857142
E00064411,192,47,11,36,145,133,12,24.479166666666664,5.729166666666666,18.75,75.52083333333334,69.27083333333334,6.25
E00064412,106,30,10,20,76,71,5,28.30188679245283,9.433962264150944,18.867924528301888,71.69811320754717,66.98113207547169,4.716981132075472
E00064413,156,42,16,26,114,102,12,26.923076923076923,10.256410256410255,16.666666666666664,73.07692307692307,65.38461538461539,7.6923076923076925
E00064414,238,54,12,42,184,153,31,22.689075630252102,5.042016806722689,17.647058823529413,77.31092436974791,64.28571428571429,13.025210084033615
E00064415,141,40,10,30,101,92,9,28.368794326241137,7.092198581560284,21.27659574468085,71.63120567375887,65.24822695035462,6.382978723404255
E00064416,47,10,2,8,37,30,7,21.27659574468085,4.25531914893617,17.02127659574468,78.72340425531915,63.829787234042556,14.893617021276595
E00064417,143,31,4,27,112,101,11,21.678321678321677,2.797202797202797,18.88111888111888,78.32167832167832,70.62937062937063,7.6923076923076925
E00064418,177,48,9,39,129,119,10,27.11864406779661,5.084745762711865,22.033898305084744,72.88135593220339,67.2316384180791,5.649717514124294
E00064419,200,56,16,40,144,125,19,28.000000000000004,8,20,72,62.5,9.5
E00064420,72,24,3,21,48,43,5,33.33333333333333,4.166666666666666,29.166666666666668,66.66666666666666,59.72222222222222,6.944444444444445
E00064421,155,50,12,38,105,91,14,32.25806451612903,7.741935483870968,24.516129032258064,67.74193548387096,58.70967741935483,9.032258064516128
E00064422,180,52,7,45,128,110,18,28.888888888888886,3.888888888888889,25,71.11111111111111,61.111111111111114,10
E00064423,150,51,18,33,99,83,16,34,12,22,66,55.333333333333336,10.666666666666668
E00064424,191,63,16,47,128,112,16,32.98429319371728,8.37696335078534,24.60732984293194,67.01570680628272,58.63874345549738,8.37696335078534
E00064425,157,43,16,27,114,94,20,27.388535031847134,10.191082802547772,17.197452229299362,72.61146496815286,59.87261146496815,12.738853503184714
E00064426,177,61,15,46,116,98,18,34.463276836158194,8.47457627118644,25.98870056497175,65.5367231638418,55.367231638418076,10.16949152542373
E00064427,26,9,7,2,17,13,4,34.61538461538461,26.923076923076923,7.6923076923076925,65.38461538461539,50,15.384615384615385
E00064428,108,33,7,26,75,64,11,30.555555555555557,6.481481481481481,24.074074074074073,69.44444444444444,59.25925925925925,10.185185185185185
E00064429,169,60,16,44,109,100,9,35.50295857988166,9.467455621301776,26.035502958579883,64.49704142011834,59.171597633136095,5.325443786982249
E00064430,209,66,24,42,143,119,24,31.57894736842105,11.483253588516746,20.095693779904305,68.42105263157895,56.9377990430622,11.483253588516746
E00064431,164,47,15,32,117,101,16,28.65853658536585,9.146341463414634,19.51219512195122,71.34146341463415,61.58536585365854,9.75609756097561
E00064432,153,49,14,35,104,94,10,32.02614379084967,9.15032679738562,22.875816993464053,67.97385620915033,61.43790849673203,6.535947712418301
E00064433,149,54,19,35,95,80,15,36.241610738255034,12.751677852348994,23.48993288590604,63.758389261744966,53.691275167785236,10.06711409395973
E00064434,162,54,17,37,108,94,14,33.33333333333333,10.493827160493826,22.839506172839506,66.66666666666666,58.0246913580247,8.641975308641975
E00064435,141,42,9,33,99,92,7,29.78723404255319,6.382978723404255,23.404255319148938,70.2127659574468,65.24822695035462,4.964539007092199
E00064436,155,40,6,34,115,101,14,25.806451612903224,3.870967741935484,21.935483870967744,74.19354838709677,65.16129032258064,9.032258064516128
E00064437,135,45,14,31,90,80,10,33.33333333333333,10.37037037037037,22.962962962962962,66.66666666666666,59.25925925925925,7.4074074074074066
E00064438,169,48,16,32,121,107,14,28.402366863905325,9.467455621301776,18.93491124260355,71.59763313609467,63.31360946745562,8.284023668639055
E00064439,11,3,1,2,8,6,2,27.27272727272727,9.090909090909092,18.181818181818183,72.72727272727273,54.54545454545454,18.181818181818183
E00064440,43,16,2,14,27,27,0,37.2093023255814,4.651162790697675,32.55813953488372,62.7906976744186,62.7906976744186,0
E00064441,148,33,8,25,115,99,16,22.2972972972973,5.405405405405405,16.89189189189189,77.7027027027027,66.8918918918919,10.81081081081081
E00064442,107,29,7,22,78,64,14,27.102803738317753,6.5420560747663545,20.5607476635514,72.89719626168224,59.813084112149525,13.084112149532709
E00064443,135,45,12,33,90,78,12,33.33333333333333,8.88888888888889,24.444444444444443,66.66666666666666,57.77777777777777,8.88888888888889
E00064444,169,61,18,43,108,99,9,36.09467455621302,10.650887573964498,25.443786982248522,63.905325443786985,58.57988165680473,5.325443786982249
E00064445,147,36,11,25,111,98,13,24.489795918367346,7.482993197278912,17.006802721088434,75.51020408163265,66.66666666666666,8.843537414965986
E00064446,128,38,8,30,90,78,12,29.6875,6.25,23.4375,70.3125,60.9375,9.375
E00064447,127,32,4,28,95,84,11,25.196850393700785,3.149606299212598,22.04724409448819,74.80314960629921,66.14173228346458,8.661417322834646
E00064448,134,35,6,29,99,90,9,26.119402985074625,4.477611940298507,21.641791044776117,73.88059701492537,67.16417910447761,6.7164179104477615
E00064449,129,43,12,31,86,78,8,33.33333333333333,9.30232558139535,24.031007751937985,66.66666666666666,60.46511627906976,6.2015503875969
E00064450,127,35,8,27,92,84,8,27.559055118110237,6.299212598425196,21.25984251968504,72.44094488188976,66.14173228346458,6.299212598425196
E00064451,152,55,16,39,97,82,15,36.18421052631579,10.526315789473683,25.657894736842106,63.81578947368421,53.94736842105263,9.868421052631579
E00064452,164,65,18,47,99,95,4,39.63414634146341,10.975609756097562,28.65853658536585,60.36585365853659,57.92682926829268,2.4390243902439024
E00064453,71,25,6,19,46,37,9,35.2112676056338,8.450704225352112,26.76056338028169,64.7887323943662,52.112676056338024,12.676056338028168
E00064454,126,44,14,30,82,73,9,34.92063492063492,11.11111111111111,23.809523809523807,65.07936507936508,57.936507936507944,7.142857142857142
E00064455,145,43,16,27,102,95,7,29.655172413793103,11.03448275862069,18.620689655172416,70.34482758620689,65.51724137931035,4.827586206896552
E00064456,62,24,7,17,38,32,6,38.70967741935484,11.29032258064516,27.419354838709676,61.29032258064516,51.61290322580645,9.67741935483871
E00064457,139,46,10,36,93,90,3,33.093525179856115,7.1942446043165464,25.899280575539567,66.90647482014388,64.74820143884892,2.158273381294964
E00064458,20,4,1,3,16,16,0,20,5,15,80,80,0
E00064459,159,44,9,35,115,96,19,27.67295597484277,5.660377358490567,22.0125786163522,72.32704402515722,60.37735849056604,11.949685534591195
E00064460,140,49,9,40,91,78,13,35,6.428571428571428,28.57142857142857,65,55.714285714285715,9.285714285714286
E00064462,135,46,10,36,89,72,17,34.074074074074076,7.4074074074074066,26.666666666666668,65.92592592592592,53.333333333333336,12.592592592592592
E00064463,92,38,7,31,54,48,6,41.30434782608695,7.608695652173914,33.69565217391305,58.69565217391305,52.17391304347826,6.521739130434782
E00064464,88,32,5,27,56,47,9,36.36363636363637,5.681818181818182,30.681818181818183,63.63636363636363,53.40909090909091,10.227272727272728
E00064465,127,45,10,35,82,78,4,35.43307086614173,7.874015748031496,27.559055118110237,64.56692913385827,61.417322834645674,3.149606299212598
E00064466,149,59,13,46,90,73,17,39.59731543624161,8.724832214765101,30.87248322147651,60.40268456375839,48.99328859060403,11.409395973154362
E00064467,91,36,5,31,55,45,10,39.56043956043956,5.4945054945054945,34.065934065934066,60.43956043956044,49.45054945054945,10.989010989010989
E00064468,126,34,9,25,92,87,5,26.984126984126984,7.142857142857142,19.841269841269842,73.01587301587301,69.04761904761905,3.968253968253968
E00064469,108,32,7,25,76,68,8,29.629629629629626,6.481481481481481,23.14814814814815,70.37037037037037,62.96296296296296,7.4074074074074066
E00064470,81,19,0,19,62,48,14,23.456790123456788,0,23.456790123456788,76.5432098765432,59.25925925925925,17.28395061728395
E00064471,52,18,2,16,34,30,4,34.61538461538461,3.8461538461538463,30.76923076923077,65.38461538461539,57.692307692307686,7.6923076923076925
E00064472,123,48,9,39,75,64,11,39.02439024390244,7.317073170731707,31.70731707317073,60.97560975609756,52.03252032520326,8.94308943089431
E00064473,126,46,10,36,80,69,11,36.507936507936506,7.936507936507936,28.57142857142857,63.49206349206349,54.761904761904766,8.73015873015873
E00064474,88,27,7,20,61,54,7,30.681818181818183,7.954545454545454,22.727272727272727,69.31818181818183,61.36363636363637,7.954545454545454
E00064475,126,48,18,30,78,69,9,38.095238095238095,14.285714285714285,23.809523809523807,61.904761904761905,54.761904761904766,7.142857142857142
E00064476,99,29,10,19,70,64,6,29.292929292929294,10.1010101010101,19.19191919191919,70.70707070707071,64.64646464646465,6.0606060606060606
E00064477,107,39,10,29,68,60,8,36.44859813084112,9.345794392523365,27.102803738317753,63.55140186915887,56.074766355140184,7.476635514018691
E00064478,89,34,8,26,55,50,5,38.20224719101123,8.98876404494382,29.213483146067414,61.79775280898876,56.17977528089888,5.617977528089887
E00064479,112,39,11,28,73,62,11,34.82142857142857,9.821428571428571,25,65.17857142857143,55.35714285714286,9.821428571428571
E00064480,82,26,7,19,56,53,3,31.70731707317073,8.536585365853659,23.170731707317074,68.29268292682927,64.63414634146342,3.6585365853658534
E00064481,95,42,8,34,53,44,9,44.21052631578947,8.421052631578947,35.78947368421053,55.78947368421052,46.31578947368421,9.473684210526317
E00064482,122,35,8,27,87,77,10,28.688524590163933,6.557377049180328,22.131147540983605,71.31147540983606,63.114754098360656,8.19672131147541
E00064483,109,45,20,25,64,64,0,41.284403669724774,18.34862385321101,22.93577981651376,58.71559633027523,58.71559633027523,0
E00064484,67,26,7,19,41,37,4,38.80597014925373,10.44776119402985,28.35820895522388,61.19402985074627,55.223880597014926,5.970149253731343
E00064485,86,32,7,25,54,48,6,37.2093023255814,8.13953488372093,29.069767441860467,62.7906976744186,55.81395348837209,6.976744186046512
E00064486,136,39,7,32,97,89,8,28.676470588235293,5.147058823529411,23.52941176470588,71.32352941176471,65.44117647058823,5.88235294117647
E00064487,66,24,8,16,42,37,5,36.36363636363637,12.121212121212121,24.242424242424242,63.63636363636363,56.060606060606055,7.575757575757576
E00064488,105,31,7,24,74,68,6,29.523809523809526,6.666666666666667,22.857142857142858,70.47619047619048,64.76190476190476,5.714285714285714
E00064489,111,36,7,29,75,70,5,32.432432432432435,6.306306306306306,26.126126126126124,67.56756756756756,63.06306306306306,4.504504504504505
E00064490,115,39,11,28,76,66,10,33.91304347826087,9.565217391304348,24.347826086956523,66.08695652173913,57.391304347826086,8.695652173913043
E00064491,117,45,12,33,72,66,6,38.46153846153847,10.256410256410255,28.205128205128204,61.53846153846154,56.41025641025641,5.128205128205128
E00064492,122,46,10,36,76,68,8,37.704918032786885,8.19672131147541,29.508196721311474,62.295081967213115,55.73770491803278,6.557377049180328
E00064493,91,26,6,20,65,53,12,28.57142857142857,6.593406593406594,21.978021978021978,71.42857142857143,58.24175824175825,13.186813186813188
E00064496,107,34,9,25,73,66,7,31.775700934579437,8.411214953271028,23.364485981308412,68.22429906542055,61.6822429906542,6.5420560747663545
E00064497,114,51,12,39,63,54,9,44.73684210526316,10.526315789473683,34.21052631578947,55.26315789473685,47.368421052631575,7.894736842105263
E00064498,88,24,4,20,64,56,8,27.27272727272727,4.545454545454546,22.727272727272727,72.72727272727273,63.63636363636363,9.090909090909092
E00064499,95,35,7,28,60,55,5,36.84210526315789,7.368421052631578,29.47368421052631,63.1578947368421,57.89473684210527,5.263157894736842
E00064500,43,7,4,3,36,32,4,16.27906976744186,9.30232558139535,6.976744186046512,83.72093023255815,74.4186046511628,9.30232558139535
E00064501,87,26,10,16,61,54,7,29.88505747126437,11.494252873563218,18.39080459770115,70.11494252873564,62.06896551724138,8.045977011494253
E00064502,122,36,8,28,86,82,4,29.508196721311474,6.557377049180328,22.950819672131146,70.49180327868852,67.21311475409836,3.278688524590164
E00064503,88,35,7,28,53,49,4,39.77272727272727,7.954545454545454,31.818181818181817,60.22727272727273,55.68181818181818,4.545454545454546
E00064504,114,45,13,32,69,55,14,39.473684210526315,11.403508771929824,28.07017543859649,60.526315789473685,48.24561403508772,12.280701754385964
E00064505,99,38,7,31,61,56,5,38.38383838383838,7.07070707070707,31.313131313131315,61.61616161616161,56.56565656565656,5.05050505050505
E00064506,106,30,5,25,76,70,6,28.30188679245283,4.716981132075472,23.58490566037736,71.69811320754717,66.0377358490566,5.660377358490567
E00064507,97,37,6,31,60,53,7,38.144329896907216,6.185567010309279,31.958762886597935,61.855670103092784,54.63917525773196,7.216494845360824
E00064508,252,75,22,53,177,158,19,29.761904761904763,8.73015873015873,21.03174603174603,70.23809523809523,62.698412698412696,7.5396825396825395
E00064509,159,50,16,34,109,102,7,31.446540880503143,10.062893081761008,21.38364779874214,68.55345911949685,64.15094339622641,4.40251572327044
E00064510,167,50,11,39,117,107,10,29.94011976047904,6.58682634730539,23.353293413173652,70.05988023952095,64.07185628742515,5.9880239520958085
E00064511,160,48,13,35,112,102,10,30,8.125,21.875,70,63.74999999999999,6.25
E00064512,147,49,9,40,98,86,12,33.33333333333333,6.122448979591836,27.2108843537415,66.66666666666666,58.50340136054422,8.16326530612245
E00064513,56,19,4,15,37,37,0,33.92857142857143,7.142857142857142,26.785714285714285,66.07142857142857,66.07142857142857,0
E00064514,166,46,16,30,120,110,10,27.710843373493976,9.63855421686747,18.072289156626507,72.28915662650603,66.26506024096386,6.024096385542169
E00064515,154,45,15,30,109,92,17,29.22077922077922,9.740259740259742,19.480519480519483,70.77922077922078,59.74025974025974,11.03896103896104
E00064516,146,47,13,34,99,88,11,32.19178082191781,8.904109589041095,23.28767123287671,67.8082191780822,60.273972602739725,7.534246575342466
E00064517,126,26,8,18,100,90,10,20.634920634920633,6.349206349206349,14.285714285714285,79.36507936507937,71.42857142857143,7.936507936507936
E00064518,164,54,25,29,110,99,11,32.926829268292686,15.24390243902439,17.682926829268293,67.07317073170732,60.36585365853659,6.707317073170732
E00064519,130,41,19,22,89,81,8,31.538461538461537,14.615384615384617,16.923076923076923,68.46153846153847,62.30769230769231,6.153846153846154
E00064520,116,44,9,35,72,64,8,37.93103448275862,7.758620689655173,30.17241379310345,62.06896551724138,55.172413793103445,6.896551724137931
E00064521,161,49,14,35,112,96,16,30.434782608695656,8.695652173913043,21.73913043478261,69.56521739130434,59.62732919254658,9.937888198757763
E00064522,155,51,6,45,104,91,13,32.903225806451616,3.870967741935484,29.03225806451613,67.0967741935484,58.70967741935483,8.38709677419355
E00064523,156,53,18,35,103,91,12,33.97435897435898,11.538461538461538,22.435897435897438,66.02564102564102,58.333333333333336,7.6923076923076925
E00064524,6,2,1,1,4,4,0,33.33333333333333,16.666666666666664,16.666666666666664,66.66666666666666,66.66666666666666,0
E00064525,174,51,22,29,123,104,19,29.310344827586203,12.643678160919542,16.666666666666664,70.6896551724138,59.77011494252874,10.919540229885058
E00064526,166,55,11,44,111,103,8,33.13253012048193,6.626506024096386,26.506024096385545,66.86746987951807,62.048192771084345,4.819277108433735
E00064527,150,55,15,40,95,85,10,36.666666666666664,10,26.666666666666668,63.33333333333333,56.666666666666664,6.666666666666667
E00064528,133,39,11,28,94,81,13,29.32330827067669,8.270676691729323,21.052631578947366,70.67669172932331,60.902255639097746,9.774436090225564
E00064529,150,60,18,42,90,77,13,40,12,28.000000000000004,60,51.33333333333333,8.666666666666668
E00064530,115,32,14,18,83,74,9,27.82608695652174,12.173913043478262,15.65217391304348,72.17391304347827,64.34782608695652,7.82608695652174
E00064531,186,62,17,45,124,108,16,33.33333333333333,9.13978494623656,24.193548387096776,66.66666666666666,58.06451612903226,8.60215053763441
E00064532,132,46,20,26,86,72,14,34.84848484848485,15.151515151515152,19.696969696969695,65.15151515151516,54.54545454545454,10.606060606060606
E00064533,162,42,9,33,120,106,14,25.925925925925924,5.555555555555555,20.37037037037037,74.07407407407408,65.4320987654321,8.641975308641975
E00064534,98,33,7,26,65,65,0,33.6734693877551,7.142857142857142,26.53061224489796,66.3265306122449,66.3265306122449,0
E00064535,131,34,6,28,97,89,8,25.954198473282442,4.580152671755725,21.374045801526716,74.04580152671755,67.93893129770993,6.106870229007633
E00064536,175,45,12,33,130,121,9,25.71428571428571,6.857142857142858,18.857142857142858,74.28571428571429,69.14285714285714,5.142857142857142
E00064537,60,12,2,10,48,45,3,20,3.3333333333333335,16.666666666666664,80,75,5
E00064538,131,51,14,37,80,73,7,38.93129770992366,10.687022900763358,28.24427480916031,61.06870229007634,55.72519083969466,5.343511450381679
E00064539,181,61,16,45,120,109,11,33.70165745856354,8.83977900552486,24.861878453038674,66.29834254143645,60.22099447513812,6.077348066298343
E00064540,57,19,9,10,38,33,5,33.33333333333333,15.789473684210526,17.543859649122805,66.66666666666666,57.89473684210527,8.771929824561402
E00064541,67,32,8,24,35,32,3,47.76119402985074,11.940298507462686,35.82089552238806,52.23880597014925,47.76119402985074,4.477611940298507
E00064542,109,26,6,20,83,75,8,23.853211009174313,5.5045871559633035,18.34862385321101,76.14678899082568,68.80733944954129,7.339449541284404
E00064543,153,40,10,30,113,102,11,26.143790849673206,6.535947712418301,19.607843137254903,73.8562091503268,66.66666666666666,7.18954248366013
E00064544,97,35,10,25,62,56,6,36.08247422680412,10.309278350515463,25.773195876288657,63.91752577319587,57.73195876288659,6.185567010309279
E00064545,116,26,5,21,90,81,9,22.413793103448278,4.310344827586207,18.103448275862068,77.58620689655173,69.82758620689656,7.758620689655173
E00064546,88,34,14,20,54,46,8,38.63636363636363,15.909090909090908,22.727272727272727,61.36363636363637,52.27272727272727,9.090909090909092
E00064547,153,41,9,32,112,99,13,26.797385620915033,5.88235294117647,20.915032679738562,73.20261437908496,64.70588235294117,8.49673202614379
E00064548,137,47,10,37,90,80,10,34.306569343065696,7.2992700729927,27.00729927007299,65.69343065693431,58.3941605839416,7.2992700729927
E00064549,132,29,8,21,103,90,13,21.96969696969697,6.0606060606060606,15.909090909090908,78.03030303030303,68.18181818181817,9.848484848484848
E00064550,141,36,7,29,105,95,10,25.53191489361702,4.964539007092199,20.56737588652482,74.46808510638297,67.37588652482269,7.092198581560284
E00064551,130,35,13,22,95,82,13,26.923076923076923,10,16.923076923076923,73.07692307692307,63.07692307692307,10
E00064552,175,51,14,37,124,114,10,29.142857142857142,8,21.142857142857142,70.85714285714285,65.14285714285715,5.714285714285714
E00064553,129,43,13,30,86,71,15,33.33333333333333,10.077519379844961,23.25581395348837,66.66666666666666,55.03875968992248,11.627906976744185
E00064554,74,22,5,17,52,45,7,29.72972972972973,6.756756756756757,22.972972972972975,70.27027027027027,60.810810810810814,9.45945945945946
E00064555,113,36,11,25,77,71,6,31.858407079646017,9.734513274336283,22.123893805309734,68.14159292035397,62.83185840707964,5.3097345132743365
E00064556,135,32,10,22,103,93,10,23.703703703703706,7.4074074074074066,16.296296296296298,76.29629629629629,68.88888888888889,7.4074074074074066
E00064557,154,48,17,31,106,99,7,31.16883116883117,11.03896103896104,20.12987012987013,68.83116883116884,64.28571428571429,4.545454545454546
E00064558,153,51,15,36,102,92,10,33.33333333333333,9.803921568627452,23.52941176470588,66.66666666666666,60.130718954248366,6.535947712418301
E00064559,123,34,6,28,89,74,15,27.64227642276423,4.878048780487805,22.76422764227642,72.35772357723577,60.16260162601627,12.195121951219512
E00064560,127,26,6,20,101,88,13,20.47244094488189,4.724409448818897,15.748031496062993,79.52755905511812,69.29133858267717,10.236220472440944
E00064561,144,45,10,35,99,89,10,31.25,6.944444444444445,24.305555555555554,68.75,61.80555555555556,6.944444444444445
E00064562,148,36,5,31,112,104,8,24.324324324324326,3.3783783783783785,20.945945945945947,75.67567567567568,70.27027027027027,5.405405405405405
E00064563,150,38,16,22,112,96,16,25.333333333333336,10.666666666666668,14.666666666666666,74.66666666666667,64,10.666666666666668
E00064564,166,49,19,30,117,107,10,29.518072289156628,11.44578313253012,18.072289156626507,70.48192771084338,64.45783132530121,6.024096385542169
E00064565,123,27,8,19,96,86,10,21.951219512195124,6.504065040650407,15.447154471544716,78.04878048780488,69.91869918699187,8.130081300813007
E00064566,148,37,11,26,111,89,22,25,7.4324324324324325,17.56756756756757,75,60.13513513513513,14.864864864864865
E00064567,106,32,9,23,74,60,14,30.18867924528302,8.49056603773585,21.69811320754717,69.81132075471697,56.60377358490566,13.20754716981132
E00064568,117,46,11,35,71,64,7,39.31623931623932,9.401709401709402,29.914529914529915,60.68376068376068,54.700854700854705,5.982905982905983
E00064569,118,24,4,20,94,84,10,20.33898305084746,3.389830508474576,16.94915254237288,79.66101694915254,71.1864406779661,8.47457627118644
E00064570,135,39,14,25,96,88,8,28.888888888888886,10.37037037037037,18.51851851851852,71.11111111111111,65.18518518518519,5.9259259259259265
E00064571,113,32,7,25,81,74,7,28.31858407079646,6.1946902654867255,22.123893805309734,71.68141592920354,65.48672566371681,6.1946902654867255
E00064572,130,37,11,26,93,78,15,28.46153846153846,8.461538461538462,20,71.53846153846153,60,11.538461538461538
E00064573,139,49,9,40,90,82,8,35.25179856115108,6.474820143884892,28.776978417266186,64.74820143884892,58.992805755395686,5.755395683453238
E00064574,119,46,9,37,73,61,12,38.655462184873954,7.563025210084033,31.092436974789916,61.34453781512605,51.26050420168067,10.084033613445378
E00064575,38,14,2,12,24,23,1,36.84210526315789,5.263157894736842,31.57894736842105,63.1578947368421,60.526315789473685,2.631578947368421
E00064576,101,25,6,19,76,63,13,24.752475247524753,5.9405940594059405,18.81188118811881,75.24752475247524,62.37623762376238,12.871287128712872
E00064577,98,38,4,34,60,53,7,38.775510204081634,4.081632653061225,34.69387755102041,61.224489795918366,54.08163265306123,7.142857142857142
E00064578,202,48,17,31,154,128,26,23.762376237623762,8.415841584158416,15.346534653465346,76.23762376237624,63.366336633663366,12.871287128712872
E00064579,246,61,9,52,185,156,29,24.796747967479675,3.6585365853658534,21.138211382113823,75.20325203252033,63.41463414634146,11.788617886178862
E00064580,130,28,13,15,102,87,15,21.53846153846154,10,11.538461538461538,78.46153846153847,66.92307692307692,11.538461538461538
E00064581,117,29,11,18,88,83,5,24.786324786324787,9.401709401709402,15.384615384615385,75.21367521367522,70.94017094017094,4.273504273504273
E00064582,131,36,7,29,95,85,10,27.480916030534353,5.343511450381679,22.137404580152673,72.51908396946564,64.8854961832061,7.633587786259542
E00064583,100,22,4,18,78,69,9,22,4,18,78,69,9
E00064584,130,43,6,37,87,70,17,33.07692307692307,4.615384615384616,28.46153846153846,66.92307692307692,53.84615384615385,13.076923076923078
E00064585,122,43,10,33,79,73,6,35.24590163934426,8.19672131147541,27.049180327868854,64.75409836065575,59.83606557377049,4.918032786885246
E00064586,84,23,8,15,61,57,4,27.380952380952383,9.523809523809524,17.857142857142858,72.61904761904762,67.85714285714286,4.761904761904762
E00064587,149,45,10,35,104,89,15,30.201342281879196,6.7114093959731544,23.48993288590604,69.79865771812081,59.73154362416108,10.06711409395973
E00064588,115,27,5,22,88,76,12,23.47826086956522,4.3478260869565215,19.130434782608695,76.52173913043478,66.08695652173913,10.434782608695652
E00064589,102,24,2,22,78,71,7,23.52941176470588,1.9607843137254901,21.568627450980394,76.47058823529412,69.6078431372549,6.862745098039216
E00064590,65,18,6,12,47,42,5,27.692307692307693,9.230769230769232,18.461538461538463,72.3076923076923,64.61538461538461,7.6923076923076925
E00064591,94,26,8,18,68,56,12,27.659574468085108,8.51063829787234,19.148936170212767,72.3404255319149,59.57446808510638,12.76595744680851
E00064592,95,32,8,24,63,55,8,33.68421052631579,8.421052631578947,25.263157894736842,66.3157894736842,57.89473684210527,8.421052631578947
E00064593,121,29,8,21,92,80,12,23.96694214876033,6.6115702479338845,17.355371900826448,76.03305785123968,66.11570247933885,9.917355371900827
E00064594,107,28,5,23,79,75,4,26.168224299065418,4.672897196261682,21.49532710280374,73.83177570093457,70.09345794392523,3.7383177570093453
E00064595,97,33,12,21,64,61,3,34.02061855670103,12.371134020618557,21.649484536082475,65.97938144329896,62.88659793814433,3.0927835051546393
E00064596,121,40,9,31,81,69,12,33.057851239669425,7.43801652892562,25.6198347107438,66.94214876033058,57.02479338842975,9.917355371900827
E00064597,136,46,15,31,90,79,11,33.82352941176471,11.029411764705882,22.794117647058822,66.17647058823529,58.08823529411765,8.088235294117647
E00064598,53,20,9,11,33,30,3,37.735849056603776,16.9811320754717,20.754716981132077,62.264150943396224,56.60377358490566,5.660377358490567
E00064599,64,16,0,16,48,46,2,25,0,25,75,71.875,3.125
E00064600,125,41,3,38,84,69,15,32.800000000000004,2.4,30.4,67.2,55.2,12
E00064601,84,24,2,22,60,56,4,28.57142857142857,2.380952380952381,26.190476190476193,71.42857142857143,66.66666666666666,4.761904761904762
E00064602,154,47,14,33,107,89,18,30.519480519480517,9.090909090909092,21.428571428571427,69.48051948051948,57.7922077922078,11.688311688311687
E00064603,157,47,5,42,110,93,17,29.936305732484076,3.1847133757961785,26.751592356687897,70.06369426751591,59.23566878980891,10.828025477707007
E00064604,53,12,7,5,41,34,7,22.641509433962266,13.20754716981132,9.433962264150944,77.35849056603774,64.15094339622641,13.20754716981132
E00064605,131,33,6,27,98,84,14,25.190839694656486,4.580152671755725,20.610687022900763,74.80916030534351,64.12213740458014,10.687022900763358
E00064606,122,39,7,32,83,70,13,31.967213114754102,5.737704918032787,26.229508196721312,68.0327868852459,57.377049180327866,10.655737704918032
E00064607,101,35,11,24,66,55,11,34.65346534653465,10.891089108910892,23.762376237623762,65.34653465346535,54.45544554455446,10.891089108910892
E00064608,138,41,9,32,97,84,13,29.71014492753623,6.521739130434782,23.18840579710145,70.28985507246377,60.86956521739131,9.420289855072465
E00064609,138,41,7,34,97,83,14,29.71014492753623,5.072463768115942,24.637681159420293,70.28985507246377,60.14492753623188,10.144927536231885
E00064610,273,53,16,37,220,185,35,19.413919413919416,5.86080586080586,13.553113553113553,80.58608058608058,67.76556776556777,12.82051282051282
E00064611,169,41,17,24,128,119,9,24.2603550295858,10.059171597633137,14.201183431952662,75.7396449704142,70.41420118343196,5.325443786982249
E00064612,172,24,5,19,148,123,25,13.953488372093023,2.9069767441860463,11.046511627906977,86.04651162790698,71.51162790697676,14.534883720930234
E00064613,178,36,12,24,142,119,23,20.224719101123593,6.741573033707865,13.48314606741573,79.7752808988764,66.85393258426966,12.921348314606742
E00064614,112,16,1,15,96,82,14,14.285714285714285,0.8928571428571428,13.392857142857142,85.71428571428571,73.21428571428571,12.5
E00064615,170,41,19,22,129,114,15,24.11764705882353,11.176470588235295,12.941176470588237,75.88235294117646,67.05882352941175,8.823529411764707
E00064616,161,34,10,24,127,112,15,21.11801242236025,6.211180124223603,14.906832298136646,78.88198757763976,69.56521739130434,9.316770186335404
E00064617,177,39,14,25,138,123,15,22.033898305084744,7.909604519774012,14.124293785310735,77.96610169491525,69.49152542372882,8.47457627118644
E00064618,115,30,13,17,85,77,8,26.08695652173913,11.304347826086957,14.782608695652174,73.91304347826086,66.95652173913044,6.956521739130435
E00064619,112,32,8,24,80,68,12,28.57142857142857,7.142857142857142,21.428571428571427,71.42857142857143,60.71428571428571,10.714285714285714
E00064620,228,52,7,45,176,155,21,22.807017543859647,3.070175438596491,19.736842105263158,77.19298245614034,67.98245614035088,9.210526315789473
E00064621,130,29,12,17,101,77,24,22.30769230769231,9.230769230769232,13.076923076923078,77.6923076923077,59.23076923076923,18.461538461538463
E00064622,123,37,15,22,86,78,8,30.081300813008134,12.195121951219512,17.88617886178862,69.91869918699187,63.41463414634146,6.504065040650407
E00064623,125,36,11,25,89,79,10,28.799999999999997,8.799999999999999,20,71.2,63.2,8
E00064624,108,34,6,28,74,70,4,31.48148148148148,5.555555555555555,25.925925925925924,68.51851851851852,64.81481481481481,3.7037037037037033
E00064625,172,51,12,39,121,112,9,29.651162790697676,6.976744186046512,22.674418604651162,70.34883720930233,65.11627906976744,5.232558139534884
E00064626,191,59,18,41,132,115,17,30.89005235602094,9.424083769633508,21.465968586387437,69.10994764397905,60.20942408376963,8.900523560209423
E00064627,285,74,21,53,211,190,21,25.964912280701753,7.368421052631578,18.596491228070175,74.03508771929825,66.66666666666666,7.368421052631578
E00064628,164,49,8,41,115,99,16,29.878048780487802,4.878048780487805,25,70.1219512195122,60.36585365853659,9.75609756097561
E00064629,133,44,13,31,89,82,7,33.08270676691729,9.774436090225564,23.308270676691727,66.9172932330827,61.65413533834586,5.263157894736842
E00064630,160,53,13,40,107,96,11,33.125,8.125,25,66.875,60,6.875000000000001
E00064631,115,30,9,21,85,75,10,26.08695652173913,7.82608695652174,18.26086956521739,73.91304347826086,65.21739130434783,8.695652173913043
E00064632,105,34,6,28,71,62,9,32.38095238095238,5.714285714285714,26.666666666666668,67.61904761904762,59.04761904761905,8.571428571428571
E00064633,132,46,10,36,86,75,11,34.84848484848485,7.575757575757576,27.27272727272727,65.15151515151516,56.81818181818182,8.333333333333332
E00064634,172,52,20,32,120,104,16,30.23255813953488,11.627906976744185,18.6046511627907,69.76744186046511,60.46511627906976,9.30232558139535
E00064635,163,45,8,37,118,108,10,27.607361963190186,4.9079754601226995,22.699386503067483,72.39263803680981,66.25766871165644,6.134969325153374
E00064636,122,38,9,29,84,79,5,31.147540983606557,7.377049180327869,23.770491803278688,68.85245901639344,64.75409836065575,4.098360655737705
E00064637,150,42,11,31,108,87,21,28.000000000000004,7.333333333333333,20.666666666666668,72,57.99999999999999,14.000000000000002
E00064638,125,43,9,34,82,68,14,34.4,7.199999999999999,27.200000000000003,65.60000000000001,54.400000000000006,11.200000000000001
E00064639,193,64,25,39,129,118,11,33.160621761658035,12.953367875647666,20.207253886010363,66.83937823834198,61.13989637305699,5.699481865284974
E00064640,194,56,14,42,138,115,23,28.865979381443296,7.216494845360824,21.649484536082475,71.1340206185567,59.27835051546392,11.855670103092782
E00064641,157,42,4,38,115,107,8,26.751592356687897,2.547770700636943,24.203821656050955,73.24840764331209,68.15286624203821,5.095541401273886
E00064642,151,50,11,39,101,84,17,33.11258278145696,7.28476821192053,25.82781456953642,66.88741721854305,55.62913907284768,11.258278145695364
E00064643,167,50,17,33,117,101,16,29.94011976047904,10.179640718562874,19.760479041916167,70.05988023952095,60.47904191616767,9.580838323353294
E00064644,174,54,11,43,120,110,10,31.03448275862069,6.321839080459771,24.71264367816092,68.96551724137932,63.2183908045977,5.747126436781609
E00064645,140,53,11,42,87,80,7,37.857142857142854,7.857142857142857,30,62.142857142857146,57.14285714285714,5
E00064646,172,51,13,38,121,109,12,29.651162790697676,7.55813953488372,22.093023255813954,70.34883720930233,63.372093023255815,6.976744186046512
E00064647,133,43,10,33,90,77,13,32.33082706766917,7.518796992481203,24.81203007518797,67.66917293233082,57.89473684210527,9.774436090225564
E00064648,144,34,7,27,110,98,12,23.61111111111111,4.861111111111112,18.75,76.38888888888889,68.05555555555556,8.333333333333332
E00064649,139,45,9,36,94,82,12,32.37410071942446,6.474820143884892,25.899280575539567,67.62589928057554,58.992805755395686,8.633093525179856
E00064650,196,56,16,40,140,122,18,28.57142857142857,8.16326530612245,20.408163265306122,71.42857142857143,62.244897959183675,9.183673469387756
E00064651,112,26,12,14,86,77,9,23.214285714285715,10.714285714285714,12.5,76.78571428571429,68.75,8.035714285714286
E00064652,139,38,10,28,101,86,15,27.33812949640288,7.1942446043165464,20.14388489208633,72.66187050359713,61.87050359712231,10.79136690647482
E00064653,126,46,5,41,80,71,9,36.507936507936506,3.968253968253968,32.53968253968254,63.49206349206349,56.34920634920635,7.142857142857142
E00064654,175,48,11,37,127,109,18,27.42857142857143,6.2857142857142865,21.142857142857142,72.57142857142857,62.28571428571429,10.285714285714285
E00064655,148,51,12,39,97,84,13,34.45945945945946,8.108108108108109,26.351351351351347,65.54054054054053,56.75675675675676,8.783783783783784
E00064656,191,48,20,28,143,125,18,25.13089005235602,10.471204188481675,14.659685863874344,74.86910994764398,65.44502617801047,9.424083769633508
E00064657,130,28,5,23,102,92,10,21.53846153846154,3.8461538461538463,17.692307692307693,78.46153846153847,70.76923076923077,7.6923076923076925
E00064658,165,55,21,34,110,95,15,33.33333333333333,12.727272727272727,20.606060606060606,66.66666666666666,57.57575757575758,9.090909090909092
E00064659,175,56,10,46,119,108,11,32,5.714285714285714,26.285714285714285,68,61.71428571428571,6.2857142857142865
E00064660,169,45,13,32,124,104,20,26.627218934911244,7.6923076923076925,18.93491124260355,73.37278106508876,61.53846153846154,11.834319526627219
E00064661,252,78,16,62,174,154,20,30.952380952380953,6.349206349206349,24.6031746031746,69.04761904761905,61.111111111111114,7.936507936507936
E00064662,125,35,11,24,90,80,10,28.000000000000004,8.799999999999999,19.2,72,64,8
E00064663,147,48,15,33,99,82,17,32.6530612244898,10.204081632653061,22.448979591836736,67.3469387755102,55.78231292517006,11.564625850340136
E00064664,187,56,14,42,131,116,15,29.946524064171122,7.4866310160427805,22.459893048128343,70.05347593582889,62.03208556149733,8.0213903743315509
E00064665,168,45,10,35,123,98,25,26.785714285714285,5.952380952380952,20.833333333333336,73.21428571428571,58.333333333333336,14.880952380952381
E00064666,142,44,11,33,98,83,15,30.985915492957744,7.746478873239436,23.239436619718308,69.01408450704226,58.45070422535211,10.56338028169014
E00064669,74,29,3,26,45,38,7,39.189189189189186,4.054054054054054,35.13513513513514,60.810810810810814,51.35135135135135,9.45945945945946
E00064670,183,52,13,39,131,113,18,28.415300546448087,7.103825136612022,21.311475409836063,71.58469945355192,61.74863387978142,9.836065573770492
E00064671,155,42,8,34,113,100,13,27.09677419354839,5.161290322580645,21.935483870967744,72.90322580645162,64.51612903225806,8.38709677419355
E00064672,21,5,3,2,16,15,1,23.809523809523807,14.285714285714285,9.523809523809524,76.19047619047619,71.42857142857143,4.761904761904762
E00064673,184,47,20,27,137,115,22,25.543478260869566,10.869565217391305,14.673913043478262,74.45652173913044,62.5,11.956521739130435
E00064674,153,41,9,32,112,98,14,26.797385620915033,5.88235294117647,20.915032679738562,73.20261437908496,64.05228758169935,9.15032679738562
E00064675,146,36,10,26,110,100,10,24.65753424657534,6.8493150684931505,17.80821917808219,75.34246575342466,68.4931506849315,6.8493150684931505
E00064676,121,29,9,20,92,81,11,23.96694214876033,7.43801652892562,16.528925619834713,76.03305785123968,66.94214876033058,9.090909090909092
E00064677,103,23,8,15,80,74,6,22.330097087378643,7.766990291262135,14.563106796116504,77.66990291262135,71.84466019417476,5.825242718446602
E00064678,129,32,8,24,97,84,13,24.8062015503876,6.2015503875969,18.6046511627907,75.1937984496124,65.11627906976744,10.077519379844961
E00064679,119,43,12,31,76,59,17,36.134453781512605,10.084033613445378,26.05042016806723,63.86554621848739,49.57983193277311,14.285714285714285
E00064680,80,25,7,18,55,53,2,31.25,8.75,22.5,68.75,66.25,2.5
E00064681,175,47,8,39,128,111,17,26.857142857142858,4.571428571428571,22.285714285714285,73.14285714285714,63.42857142857142,9.714285714285714
E00064682,32,11,5,6,21,20,1,34.375,15.625,18.75,65.625,62.5,3.125
E00064683,129,38,9,29,91,82,9,29.457364341085274,6.976744186046512,22.48062015503876,70.54263565891473,63.565891472868216,6.976744186046512
E00064684,97,38,10,28,59,56,3,39.175257731958766,10.309278350515463,28.865979381443296,60.824742268041234,57.73195876288659,3.0927835051546393
E00064685,86,23,4,19,63,58,5,26.744186046511626,4.651162790697675,22.093023255813954,73.25581395348837,67.44186046511628,5.813953488372093
E00064686,187,55,16,39,132,119,13,29.411764705882355,8.55614973262032,20.855614973262032,70.58823529411765,63.63636363636363,6.951871657754011
E00064687,168,50,13,37,118,104,14,29.761904761904763,7.738095238095238,22.023809523809522,70.23809523809523,61.904761904761905,8.333333333333332
E00064688,14,5,1,4,9,9,0,35.714285714285715,7.142857142857142,28.57142857142857,64.28571428571429,64.28571428571429,0
E00064690,163,57,11,46,106,90,16,34.96932515337423,6.748466257668712,28.22085889570552,65.03067484662577,55.21472392638037,9.815950920245399
E00064691,106,35,8,27,71,61,10,33.0188679245283,7.547169811320755,25.471698113207548,66.98113207547169,57.54716981132076,9.433962264150944
E00064695,135,37,8,29,98,87,11,27.40740740740741,5.9259259259259265,21.48148148148148,72.5925925925926,64.44444444444444,8.148148148148149
E00064696,77,24,4,20,53,48,5,31.16883116883117,5.194805194805195,25.97402597402597,68.83116883116884,62.33766233766234,6.493506493506493
E00064697,152,50,8,42,102,86,16,32.89473684210527,5.263157894736842,27.631578947368425,67.10526315789474,56.57894736842105,10.526315789473683
E00064699,118,38,8,30,80,71,9,32.20338983050847,6.779661016949152,25.423728813559322,67.79661016949152,60.16949152542372,7.627118644067797
E00064700,79,30,4,26,49,41,8,37.9746835443038,5.063291139240507,32.91139240506329,62.0253164556962,51.89873417721519,10.126582278481013
E00064701,131,47,11,36,84,69,15,35.87786259541985,8.396946564885496,27.480916030534353,64.12213740458014,52.67175572519084,11.450381679389313
E00064702,133,43,10,33,90,80,10,32.33082706766917,7.518796992481203,24.81203007518797,67.66917293233082,60.150375939849624,7.518796992481203
E00064703,93,26,7,19,67,60,7,27.956989247311824,7.526881720430108,20.43010752688172,72.04301075268818,64.51612903225806,7.526881720430108
E00064704,97,23,6,17,74,66,8,23.711340206185564,6.185567010309279,17.525773195876287,76.28865979381443,68.04123711340206,8.24742268041237
E00064705,44,19,5,14,25,22,3,43.18181818181818,11.363636363636363,31.818181818181817,56.81818181818182,50,6.8181818181818175
E00064706,95,25,3,22,70,63,7,26.31578947368421,3.1578947368421053,23.157894736842106,73.68421052631578,66.3157894736842,7.368421052631578
E00064707,106,40,11,29,66,62,4,37.735849056603776,10.377358490566039,27.358490566037734,62.264150943396224,58.490566037735846,3.7735849056603774
E00064708,141,42,11,31,99,83,16,29.78723404255319,7.801418439716312,21.98581560283688,70.2127659574468,58.86524822695035,11.347517730496454
E00064712,165,40,11,29,125,99,26,24.242424242424242,6.666666666666667,17.575757575757574,75.75757575757575,60,15.757575757575756
E00064713,170,50,9,41,120,99,21,29.411764705882355,5.294117647058823,24.11764705882353,70.58823529411765,58.235294117647065,12.352941176470589
E00064715,267,65,11,54,202,173,29,24.344569288389515,4.119850187265917,20.224719101123593,75.65543071161048,64.7940074906367,10.861423220973784
E00064717,175,54,17,37,121,100,21,30.857142857142854,9.714285714285714,21.142857142857142,69.14285714285714,57.14285714285714,12
E00064718,86,26,5,21,60,48,12,30.23255813953488,5.813953488372093,24.418604651162788,69.76744186046511,55.81395348837209,13.953488372093023
E00064719,105,34,7,27,71,67,4,32.38095238095238,6.666666666666667,25.71428571428571,67.61904761904762,63.8095238095238,3.8095238095238098
E00064720,144,39,13,26,105,90,15,27.083333333333332,9.027777777777777,18.055555555555554,72.91666666666666,62.5,10.416666666666668
E00064721,139,49,14,35,90,77,13,35.25179856115108,10.071942446043165,25.179856115107913,64.74820143884892,55.39568345323741,9.352517985611511
E00064722,121,40,14,26,81,76,5,33.057851239669425,11.570247933884298,21.487603305785125,66.94214876033058,62.8099173553719,4.132231404958678
E00064723,106,33,7,26,73,63,10,31.132075471698112,6.60377358490566,24.528301886792452,68.86792452830188,59.43396226415094,9.433962264150944
E00064724,126,37,11,26,89,86,3,29.365079365079367,8.73015873015873,20.634920634920633,70.63492063492063,68.25396825396825,2.380952380952381
E00064726,115,39,7,32,76,66,10,33.91304347826087,6.086956521739131,27.82608695652174,66.08695652173913,57.391304347826086,8.695652173913043
E00064727,87,30,9,21,57,51,6,34.48275862068966,10.344827586206897,24.137931034482758,65.51724137931035,58.620689655172406,6.896551724137931
E00064728,140,36,9,27,104,94,10,25.71428571428571,6.428571428571428,19.28571428571429,74.28571428571429,67.14285714285714,7.142857142857142
E00064729,141,45,11,34,96,82,14,31.914893617021278,7.801418439716312,24.113475177304963,68.08510638297872,58.156028368794324,9.929078014184398
E00064730,139,48,11,37,91,79,12,34.53237410071942,7.913669064748201,26.618705035971225,65.46762589928058,56.83453237410072,8.633093525179856
E00064731,141,43,10,33,98,83,15,30.49645390070922,7.092198581560284,23.404255319148938,69.50354609929079,58.86524822695035,10.638297872340425
E00064732,126,42,6,36,84,73,11,33.33333333333333,4.761904761904762,28.57142857142857,66.66666666666666,57.936507936507944,8.73015873015873
E00064733,107,39,8,31,68,59,9,36.44859813084112,7.476635514018691,28.971962616822427,63.55140186915887,55.140186915887845,8.411214953271028
E00064734,114,31,6,25,83,78,5,27.192982456140353,5.263157894736842,21.929824561403507,72.80701754385966,68.42105263157895,4.385964912280701
E00064735,108,33,5,28,75,66,9,30.555555555555557,4.62962962962963,25.925925925925924,69.44444444444444,61.111111111111114,8.333333333333332
E00064736,131,40,12,28,91,80,11,30.53435114503817,9.16030534351145,21.374045801526716,69.46564885496184,61.06870229007634,8.396946564885496
E00064737,118,36,5,31,82,74,8,30.508474576271187,4.23728813559322,26.27118644067797,69.49152542372882,62.71186440677966,6.779661016949152
E00064738,91,21,5,16,70,61,9,23.076923076923077,5.4945054945054945,17.582417582417584,76.92307692307693,67.03296703296702,9.89010989010989
E00064739,142,49,12,37,93,80,13,34.50704225352113,8.450704225352112,26.056338028169012,65.49295774647888,56.33802816901409,9.15492957746479
E00064740,125,41,11,30,84,75,9,32.800000000000004,8.799999999999999,24,67.2,60,7.199999999999999
E00064741,122,42,8,34,80,70,10,34.42622950819672,6.557377049180328,27.86885245901639,65.57377049180327,57.377049180327866,8.19672131147541
E00064742,126,46,12,34,80,70,10,36.507936507936506,9.523809523809524,26.984126984126984,63.49206349206349,55.55555555555556,7.936507936507936
E00064743,122,49,11,38,73,67,6,40.16393442622951,9.01639344262295,31.147540983606557,59.83606557377049,54.91803278688525,4.918032786885246
E00064744,98,41,12,29,57,50,7,41.83673469387755,12.244897959183673,29.591836734693878,58.16326530612245,51.02040816326531,7.142857142857142
E00064745,107,35,7,28,72,68,4,32.71028037383177,6.5420560747663545,26.168224299065418,67.28971962616822,63.55140186915887,3.7383177570093453
E00064746,117,47,12,35,70,61,9,40.17094017094017,10.256410256410255,29.914529914529915,59.82905982905983,52.13675213675214,7.6923076923076925
E00064747,89,36,8,28,53,42,11,40.44943820224719,8.98876404494382,31.46067415730337,59.55056179775281,47.19101123595505,12.359550561797752
E00064748,77,35,13,22,42,39,3,45.45454545454545,16.883116883116884,28.57142857142857,54.54545454545454,50.649350649350644,3.896103896103896
E00064749,145,39,8,31,106,91,15,26.89655172413793,5.517241379310345,21.379310344827587,73.10344827586206,62.758620689655174,10.344827586206897
E00064750,108,35,3,32,73,67,6,32.407407407407405,2.7777777777777777,29.629629629629626,67.5925925925926,62.03703703703704,5.555555555555555
E00064751,52,20,4,16,32,26,6,38.46153846153847,7.6923076923076925,30.76923076923077,61.53846153846154,50,11.538461538461538
E00064752,96,41,5,36,55,53,2,42.70833333333333,5.208333333333334,37.5,57.291666666666664,55.208333333333336,2.083333333333333
E00064753,106,29,6,23,77,73,4,27.358490566037734,5.660377358490567,21.69811320754717,72.64150943396226,68.86792452830188,3.7735849056603774
E00064754,86,30,8,22,56,48,8,34.883720930232556,9.30232558139535,25.581395348837212,65.11627906976744,55.81395348837209,9.30232558139535
E00064755,124,36,11,25,88,82,6,29.03225806451613,8.870967741935484,20.161290322580644,70.96774193548387,66.12903225806451,4.838709677419355
E00064756,39,8,4,4,31,25,6,20.51282051282051,10.256410256410255,10.256410256410255,79.48717948717949,64.1025641025641,15.384615384615385
E00064757,122,31,8,23,91,84,7,25.40983606557377,6.557377049180328,18.852459016393443,74.59016393442623,68.85245901639344,5.737704918032787
E00064758,113,35,8,27,78,67,11,30.973451327433626,7.079646017699115,23.893805309734514,69.02654867256636,59.29203539823009,9.734513274336283
E00064759,113,37,9,28,76,73,3,32.743362831858406,7.964601769911504,24.778761061946902,67.2566371681416,64.60176991150442,2.6548672566371683
E00064760,128,40,7,33,88,74,14,31.25,5.46875,25.78125,68.75,57.8125,10.9375
E00064761,142,60,15,45,82,63,19,42.25352112676056,10.56338028169014,31.690140845070424,57.74647887323944,44.36619718309859,13.380281690140844
E00064762,109,38,8,30,71,63,8,34.862385321100916,7.339449541284404,27.522935779816514,65.13761467889908,57.798165137614674,7.339449541284404
E00064763,152,62,9,53,90,77,13,40.78947368421053,5.921052631578947,34.868421052631575,59.210526315789465,50.6578947368421,8.552631578947368
E00064764,102,35,5,30,67,56,11,34.31372549019608,4.901960784313726,29.411764705882355,65.68627450980392,54.90196078431373,10.784313725490197
E00064765,126,46,17,29,80,71,9,36.507936507936506,13.492063492063492,23.015873015873016,63.49206349206349,56.34920634920635,7.142857142857142
E00064766,125,49,11,38,76,69,7,39.2,8.799999999999999,30.4,60.8,55.2,5.6000000000000005
E00064767,119,36,9,27,83,80,3,30.252100840336134,7.563025210084033,22.689075630252102,69.74789915966386,67.22689075630252,2.5210084033613445
E00064768,121,47,14,33,74,65,9,38.84297520661157,11.570247933884298,27.27272727272727,61.15702479338842,53.71900826446281,7.43801652892562
E00064769,127,35,10,25,92,78,14,27.559055118110237,7.874015748031496,19.68503937007874,72.44094488188976,61.417322834645674,11.023622047244094
E00064770,128,38,10,28,90,79,11,29.6875,7.8125,21.875,70.3125,61.71875,8.59375
E00064771,130,36,7,29,94,84,10,27.692307692307693,5.384615384615385,22.30769230769231,72.3076923076923,64.61538461538461,7.6923076923076925
E00064772,102,30,8,22,72,67,5,29.411764705882355,7.8431372549019605,21.568627450980394,70.58823529411765,65.68627450980392,4.901960784313726
E00064773,100,33,6,27,67,62,5,33,6,27,67,62,5
E00064774,107,43,19,24,64,56,8,40.18691588785047,17.75700934579439,22.429906542056074,59.813084112149525,52.336448598130836,7.476635514018691
E00064775,122,40,8,32,82,74,8,32.78688524590164,6.557377049180328,26.229508196721312,67.21311475409836,60.65573770491803,6.557377049180328
E00064776,167,43,7,36,124,104,20,25.748502994011975,4.191616766467066,21.55688622754491,74.25149700598801,62.27544910179641,11.976047904191617
E00064777,123,46,7,39,77,67,10,37.39837398373984,5.691056910569105,31.70731707317073,62.601626016260155,54.47154471544715,8.130081300813007
E00064778,106,31,4,27,75,67,8,29.245283018867923,3.7735849056603774,25.471698113207548,70.75471698113208,63.20754716981132,7.547169811320755
E00064779,100,34,8,26,66,56,10,34,8,26,66,56.00000000000001,10
E00064780,249,66,15,51,183,161,22,26.506024096385545,6.024096385542169,20.481927710843372,73.49397590361446,64.65863453815261,8.835341365461847
E00064781,92,29,7,22,63,56,7,31.521739130434785,7.608695652173914,23.91304347826087,68.47826086956522,60.86956521739131,7.608695652173914
E00064783,159,51,14,37,108,94,14,32.075471698113205,8.80503144654088,23.270440251572328,67.9245283018868,59.11949685534591,8.80503144654088
E00064784,145,49,8,41,96,89,7,33.793103448275865,5.517241379310345,28.27586206896552,66.20689655172414,61.37931034482759,4.827586206896552
E00064785,76,25,6,19,51,41,10,32.89473684210527,7.894736842105263,25,67.10526315789474,53.94736842105263,13.157894736842104
E00064786,146,57,8,49,89,75,14,39.04109589041096,5.47945205479452,33.56164383561644,60.95890410958904,51.369863013698634,9.58904109589041
E00064787,109,30,6,24,79,72,7,27.522935779816514,5.5045871559633035,22.018348623853214,72.47706422018348,66.05504587155964,6.422018348623854
E00064788,108,35,9,26,73,63,10,32.407407407407405,8.333333333333332,24.074074074074073,67.5925925925926,58.333333333333336,9.25925925925926
E00064789,128,53,11,42,75,65,10,41.40625,8.59375,32.8125,58.59375,50.78125,7.8125
E00064790,108,32,8,24,76,69,7,29.629629629629626,7.4074074074074066,22.22222222222222,70.37037037037037,63.888888888888886,6.481481481481481
E00064791,64,27,9,18,37,32,5,42.1875,14.0625,28.125,57.8125,50,7.8125
E00064792,33,16,3,13,17,16,1,48.484848484848484,9.090909090909092,39.39393939393939,51.515151515151516,48.484848484848484,3.0303030303030303
E00064793,97,29,7,22,68,62,6,29.896907216494846,7.216494845360824,22.68041237113402,70.10309278350515,63.91752577319587,6.185567010309279
E00064794,108,45,17,28,63,58,5,41.66666666666667,15.74074074074074,25.925925925925924,58.333333333333336,53.70370370370371,4.62962962962963
E00064795,113,41,14,27,72,64,8,36.283185840707965,12.389380530973451,23.893805309734514,63.716814159292035,56.63716814159292,7.079646017699115
E00064796,105,25,4,21,80,71,9,23.809523809523807,3.8095238095238098,20,76.19047619047619,67.61904761904762,8.571428571428571
E00064797,94,39,10,29,55,45,10,41.48936170212766,10.638297872340425,30.851063829787233,58.51063829787234,47.87234042553192,10.638297872340425
E00064798,103,46,17,29,57,54,3,44.66019417475729,16.50485436893204,28.155339805825243,55.33980582524271,52.42718446601942,2.912621359223301
E00064799,92,34,12,22,58,51,7,36.95652173913043,13.043478260869565,23.91304347826087,63.04347826086957,55.434782608695656,7.608695652173914
E00064800,97,29,6,23,68,53,15,29.896907216494846,6.185567010309279,23.711340206185564,70.10309278350515,54.63917525773196,15.463917525773196
E00064801,95,32,11,21,63,59,4,33.68421052631579,11.578947368421053,22.105263157894736,66.3157894736842,62.10526315789474,4.2105263157894735
E00064802,97,28,6,22,69,62,7,28.865979381443296,6.185567010309279,22.68041237113402,71.1340206185567,63.91752577319587,7.216494845360824
E00064803,113,29,6,23,84,74,10,25.663716814159294,5.3097345132743365,20.353982300884958,74.33628318584071,65.48672566371681,8.849557522123893
E00064804,138,44,12,32,94,86,8,31.88405797101449,8.695652173913043,23.18840579710145,68.11594202898551,62.31884057971014,5.797101449275362
E00064805,80,25,8,17,55,48,7,31.25,10,21.25,68.75,60,8.75
E00064806,125,28,9,19,97,89,8,22.400000000000002,7.199999999999999,15.2,77.60000000000001,71.2,6.4
E00064807,106,35,11,24,71,62,9,33.0188679245283,10.377358490566039,22.641509433962266,66.98113207547169,58.490566037735846,8.49056603773585
E00064808,54,16,5,11,38,38,0,29.629629629629626,9.25925925925926,20.37037037037037,70.37037037037037,70.37037037037037,0
E00064809,117,40,10,30,77,68,9,34.18803418803419,8.547008547008547,25.64102564102564,65.8119658119658,58.119658119658126,7.6923076923076925
E00064810,145,45,13,32,100,91,9,31.03448275862069,8.96551724137931,22.06896551724138,68.96551724137932,62.758620689655174,6.206896551724138
E00064811,97,23,11,12,74,65,9,23.711340206185564,11.34020618556701,12.371134020618557,76.28865979381443,67.0103092783505,9.278350515463918
E00064812,124,41,9,32,83,77,6,33.064516129032256,7.258064516129033,25.806451612903224,66.93548387096774,62.096774193548384,4.838709677419355
E00064813,156,54,13,41,102,89,13,34.61538461538461,8.333333333333332,26.282051282051285,65.38461538461539,57.05128205128205,8.333333333333332
E00064814,96,28,9,19,68,57,11,29.166666666666668,9.375,19.791666666666664,70.83333333333334,59.375,11.458333333333332
E00064815,141,21,11,10,120,95,25,14.893617021276595,7.801418439716312,7.092198581560284,85.1063829787234,67.37588652482269,17.73049645390071
E00064816,138,30,7,23,108,88,20,21.73913043478261,5.072463768115942,16.666666666666664,78.26086956521739,63.76811594202898,14.492753623188406
E00064817,93,25,10,15,68,57,11,26.881720430107524,10.75268817204301,16.129032258064516,73.11827956989248,61.29032258064516,11.827956989247312
E00064818,56,12,4,8,44,39,5,21.428571428571427,7.142857142857142,14.285714285714285,78.57142857142857,69.64285714285714,8.928571428571429
E00064819,146,59,9,50,87,70,17,40.41095890410959,6.164383561643835,34.24657534246575,59.589041095890416,47.94520547945205,11.643835616438356
E00064820,155,67,23,44,88,82,6,43.225806451612904,14.838709677419354,28.387096774193548,56.774193548387096,52.903225806451616,3.870967741935484
E00064821,119,33,17,16,86,77,9,27.73109243697479,14.285714285714285,13.445378151260504,72.26890756302521,64.70588235294117,7.563025210084033
E00064822,177,54,12,42,123,110,13,30.508474576271187,6.779661016949152,23.728813559322035,69.49152542372882,62.14689265536724,7.344632768361582
E00064823,172,36,19,17,136,115,21,20.930232558139537,11.046511627906977,9.883720930232558,79.06976744186046,66.86046511627907,12.209302325581394
E00064824,172,31,16,15,141,130,11,18.023255813953487,9.30232558139535,8.720930232558139,81.97674418604652,75.5813953488372,6.395348837209303
E00064825,129,40,12,28,89,81,8,31.007751937984494,9.30232558139535,21.705426356589147,68.9922480620155,62.7906976744186,6.2015503875969
E00064826,82,27,10,17,55,47,8,32.926829268292686,12.195121951219512,20.73170731707317,67.07317073170732,57.3170731707317,9.75609756097561
E00064827,95,29,9,20,66,55,11,30.526315789473685,9.473684210526317,21.052631578947366,69.47368421052632,57.89473684210527,11.578947368421053
E00064828,78,33,10,23,45,39,6,42.30769230769231,12.82051282051282,29.48717948717949,57.692307692307686,50,7.6923076923076925
E00064829,90,25,8,17,65,59,6,27.77777777777778,8.88888888888889,18.88888888888889,72.22222222222221,65.55555555555556,6.666666666666667
E00064830,158,42,14,28,116,102,14,26.582278481012654,8.860759493670885,17.72151898734177,73.41772151898735,64.55696202531645,8.860759493670885
E00064831,44,10,1,9,34,34,0,22.727272727272727,2.272727272727273,20.454545454545457,77.27272727272727,77.27272727272727,0
E00064832,82,26,10,16,56,48,8,31.70731707317073,12.195121951219512,19.51219512195122,68.29268292682927,58.536585365853654,9.75609756097561
E00064833,159,30,11,19,129,114,15,18.867924528301888,6.918238993710692,11.949685534591195,81.13207547169812,71.69811320754717,9.433962264150944
E00064834,81,25,7,18,56,51,5,30.864197530864196,8.641975308641975,22.22222222222222,69.1358024691358,62.96296296296296,6.172839506172839
E00064835,95,30,11,19,65,51,14,31.57894736842105,11.578947368421053,20,68.42105263157895,53.68421052631579,14.736842105263156
E00064836,123,39,7,32,84,75,9,31.70731707317073,5.691056910569105,26.01626016260163,68.29268292682927,60.97560975609756,7.317073170731707
E00064837,69,29,8,21,40,33,7,42.028985507246375,11.594202898550725,30.434782608695656,57.971014492753625,47.82608695652174,10.144927536231885
E00064838,115,30,12,18,85,77,8,26.08695652173913,10.434782608695652,15.65217391304348,73.91304347826086,66.95652173913044,6.956521739130435
E00064839,151,27,7,20,124,114,10,17.880794701986755,4.635761589403973,13.245033112582782,82.11920529801324,75.49668874172185,6.622516556291391
E00064840,176,47,15,32,129,113,16,26.704545454545453,8.522727272727272,18.181818181818183,73.29545454545455,64.20454545454545,9.090909090909092
E00064841,113,39,14,25,74,68,6,34.51327433628318,12.389380530973451,22.123893805309734,65.48672566371681,60.17699115044248,5.3097345132743365
E00064842,131,33,7,26,98,89,9,25.190839694656486,5.343511450381679,19.84732824427481,74.80916030534351,67.93893129770993,6.870229007633588
E00064844,101,32,3,29,69,63,6,31.683168316831683,2.9702970297029703,28.71287128712871,68.31683168316832,62.37623762376238,5.9405940594059405
E00064845,119,37,15,22,82,76,6,31.092436974789916,12.605042016806722,18.487394957983195,68.90756302521008,63.86554621848739,5.042016806722689
E00064846,78,26,6,20,52,50,2,33.33333333333333,7.6923076923076925,25.64102564102564,66.66666666666666,64.1025641025641,2.564102564102564
E00064848,83,21,2,19,62,55,7,25.301204819277107,2.4096385542168677,22.89156626506024,74.69879518072288,66.26506024096386,8.433734939759036
E00064849,135,49,18,31,86,77,9,36.2962962962963,13.333333333333334,22.962962962962962,63.70370370370371,57.03703703703704,6.666666666666667
E00064850,113,32,12,20,81,70,11,28.31858407079646,10.619469026548673,17.699115044247787,71.68141592920354,61.94690265486725,9.734513274336283
E00064853,100,17,9,8,83,74,9,17,9,8,83,74,9
E00064854,76,29,6,23,47,38,9,38.15789473684211,7.894736842105263,30.263157894736842,61.8421052631579,50,11.842105263157894
E00064855,93,32,9,23,61,51,10,34.40860215053764,9.67741935483871,24.731182795698924,65.59139784946237,54.83870967741935,10.75268817204301
E00064856,97,39,16,23,58,51,7,40.20618556701031,16.49484536082474,23.711340206185564,59.79381443298969,52.57731958762887,7.216494845360824
E00064858,77,22,5,17,55,46,9,28.57142857142857,6.493506493506493,22.07792207792208,71.42857142857143,59.74025974025974,11.688311688311687
E00064859,79,21,8,13,58,55,3,26.582278481012654,10.126582278481013,16.455696202531644,73.41772151898735,69.62025316455697,3.79746835443038
E00064860,78,22,9,13,56,52,4,28.205128205128204,11.538461538461538,16.666666666666664,71.7948717948718,66.66666666666666,5.128205128205128
E00064861,74,21,7,14,53,49,4,28.37837837837838,9.45945945945946,18.91891891891892,71.62162162162163,66.21621621621621,5.405405405405405
E00064862,100,27,8,19,73,68,5,27,8,19,73,68,5
E00064864,247,69,19,50,178,155,23,27.93522267206478,7.6923076923076925,20.242914979757085,72.06477732793523,62.75303643724697,9.31174089068826
E00064866,255,63,11,52,192,164,28,24.705882352941178,4.313725490196078,20.392156862745097,75.29411764705883,64.31372549019608,10.980392156862745
E00064867,182,51,9,42,131,122,9,28.021978021978022,4.945054945054945,23.076923076923077,71.97802197802197,67.03296703296702,4.945054945054945
E00064868,103,38,7,31,65,60,5,36.89320388349515,6.796116504854369,30.097087378640776,63.10679611650486,58.252427184466015,4.854368932038835
E00064869,137,36,12,24,101,97,4,26.277372262773724,8.75912408759124,17.51824817518248,73.72262773722628,70.8029197080292,2.9197080291970803
E00064870,106,27,10,17,79,71,8,25.471698113207548,9.433962264150944,16.037735849056602,74.52830188679245,66.98113207547169,7.547169811320755
E00064871,125,35,9,26,90,78,12,28.000000000000004,7.199999999999999,20.8,72,62.4,9.6
E00064872,111,26,9,17,85,79,6,23.423423423423422,8.108108108108109,15.315315315315313,76.57657657657657,71.17117117117117,5.405405405405405
E00064873,127,35,9,26,92,85,7,27.559055118110237,7.086614173228346,20.47244094488189,72.44094488188976,66.92913385826772,5.511811023622047
E00064874,200,62,18,44,138,114,24,31,9,22,69,56.99999999999999,12
E00064875,147,42,16,26,105,90,15,28.57142857142857,10.884353741496598,17.687074829931973,71.42857142857143,61.224489795918366,10.204081632653061
E00064876,174,65,20,45,109,95,14,37.35632183908046,11.494252873563218,25.862068965517242,62.643678160919535,54.59770114942529,8.045977011494253
E00064878,91,27,5,22,64,57,7,29.67032967032967,5.4945054945054945,24.175824175824175,70.32967032967034,62.637362637362635,7.6923076923076925
E00064879,151,48,13,35,103,95,8,31.788079470198678,8.609271523178808,23.178807947019866,68.21192052980133,62.913907284768214,5.298013245033113
E00064880,151,37,9,28,114,107,7,24.503311258278146,5.960264900662252,18.543046357615893,75.49668874172185,70.86092715231787,4.635761589403973
E00064881,133,41,12,29,92,84,8,30.82706766917293,9.022556390977442,21.804511278195488,69.17293233082707,63.1578947368421,6.015037593984962
E00064882,150,48,13,35,102,87,15,32,8.666666666666668,23.333333333333332,68,57.99999999999999,10
E00064883,205,40,14,26,165,133,32,19.51219512195122,6.829268292682928,12.682926829268293,80.48780487804879,64.8780487804878,15.609756097560975
E00064884,136,54,9,45,82,70,12,39.705882352941174,6.61764705882353,33.088235294117645,60.29411764705882,51.470588235294116,8.823529411764707
E00064885,158,37,9,28,121,115,6,23.417721518987342,5.69620253164557,17.72151898734177,76.58227848101265,72.78481012658227,3.79746835443038
E00064886,149,45,7,38,104,93,11,30.201342281879196,4.697986577181208,25.503355704697988,69.79865771812081,62.41610738255034,7.38255033557047
E00064887,162,40,9,31,122,90,32,24.691358024691358,5.555555555555555,19.1358024691358,75.30864197530865,55.55555555555556,19.753086419753085
E00064889,112,31,9,22,81,61,20,27.67857142857143,8.035714285714286,19.642857142857142,72.32142857142857,54.46428571428571,17.857142857142858
E00064891,135,32,9,23,103,93,10,23.703703703703706,6.666666666666667,17.037037037037038,76.29629629629629,68.88888888888889,7.4074074074074066
E00064892,95,28,10,18,67,57,10,29.47368421052631,10.526315789473683,18.947368421052634,70.52631578947368,60,10.526315789473683
E00064893,131,37,9,28,94,82,12,28.24427480916031,6.870229007633588,21.374045801526716,71.7557251908397,62.59541984732825,9.16030534351145
E00064894,169,45,14,31,124,106,18,26.627218934911244,8.284023668639055,18.34319526627219,73.37278106508876,62.721893491124256,10.650887573964498
E00064895,83,18,5,13,65,56,9,21.686746987951807,6.024096385542169,15.66265060240964,78.3132530120482,67.46987951807229,10.843373493975903
E00064899,184,33,11,22,151,137,14,17.934782608695652,5.978260869565218,11.956521739130435,82.06521739130434,74.45652173913044,7.608695652173914
E00064900,111,26,4,22,85,76,9,23.423423423423422,3.6036036036036037,19.81981981981982,76.57657657657657,68.46846846846847,8.108108108108109
E00064901,202,36,13,23,166,152,14,17.82178217821782,6.435643564356436,11.386138613861387,82.17821782178217,75.24752475247524,6.9306930693069315
E00064902,216,63,24,39,153,144,9,29.166666666666668,11.11111111111111,18.055555555555554,70.83333333333334,66.66666666666666,4.166666666666666
E00064903,170,53,26,27,117,107,10,31.176470588235293,15.294117647058824,15.88235294117647,68.82352941176471,62.94117647058823,5.88235294117647
E00064904,148,44,19,25,104,97,7,29.72972972972973,12.837837837837837,16.89189189189189,70.27027027027027,65.54054054054053,4.72972972972973
E00064906,130,43,20,23,87,81,6,33.07692307692307,15.384615384615385,17.692307692307693,66.92307692307692,62.30769230769231,4.615384615384616
E00064907,190,49,21,28,141,119,22,25.789473684210527,11.052631578947368,14.736842105263156,74.21052631578947,62.63157894736842,11.578947368421053
E00064908,151,18,7,11,133,121,12,11.920529801324504,4.635761589403973,7.28476821192053,88.0794701986755,80.13245033112582,7.9470198675496695
E00064909,140,45,18,27,95,82,13,32.142857142857146,12.857142857142856,19.28571428571429,67.85714285714286,58.57142857142858,9.285714285714286
E00064910,154,29,11,18,125,116,9,18.83116883116883,7.142857142857142,11.688311688311687,81.16883116883116,75.32467532467533,5.844155844155844
E00064911,140,43,11,32,97,88,9,30.714285714285715,7.857142857142857,22.857142857142858,69.28571428571428,62.857142857142854,6.428571428571428
E00064912,156,33,6,27,123,110,13,21.153846153846153,3.8461538461538463,17.307692307692307,78.84615384615384,70.51282051282051,8.333333333333332
E00064913,121,35,17,18,86,79,7,28.92561983471074,14.049586776859504,14.87603305785124,71.07438016528926,65.28925619834712,5.785123966942149
E00064914,147,33,7,26,114,103,11,22.448979591836736,4.761904761904762,17.687074829931973,77.55102040816327,70.06802721088435,7.482993197278912
E00064915,171,37,15,22,134,116,18,21.637426900584796,8.771929824561402,12.865497076023392,78.3625730994152,67.83625730994152,10.526315789473683
E00064916,169,38,14,24,131,118,13,22.485207100591715,8.284023668639055,14.201183431952662,77.51479289940828,69.8224852071006,7.6923076923076925
E00064917,218,49,9,40,169,154,15,22.477064220183486,4.128440366972478,18.34862385321101,77.52293577981652,70.64220183486239,6.8807339449541285
E00064918,138,27,5,22,111,95,16,19.565217391304348,3.6231884057971016,15.942028985507244,80.43478260869566,68.84057971014492,11.594202898550725
E00064919,182,48,16,32,134,118,16,26.373626373626376,8.791208791208792,17.582417582417584,73.62637362637363,64.83516483516483,8.791208791208792
E00064920,136,32,8,24,104,98,6,23.52941176470588,5.88235294117647,17.647058823529413,76.47058823529412,72.05882352941177,4.411764705882353
E00064921,140,37,5,32,103,86,17,26.42857142857143,3.571428571428571,22.857142857142858,73.57142857142858,61.42857142857143,12.142857142857142
E00064922,88,30,10,20,58,51,7,34.090909090909086,11.363636363636363,22.727272727272727,65.9090909090909,57.95454545454546,7.954545454545454
E00064923,145,43,14,29,102,92,10,29.655172413793103,9.655172413793103,20,70.34482758620689,63.44827586206897,6.896551724137931
E00064924,158,71,38,33,87,78,9,44.936708860759495,24.050632911392405,20.88607594936709,55.06329113924051,49.36708860759494,5.69620253164557
E00064925,178,69,43,26,109,100,9,38.764044943820224,24.15730337078652,14.606741573033707,61.23595505617978,56.17977528089888,5.056179775280898
E00064926,166,40,11,29,126,110,16,24.096385542168676,6.626506024096386,17.46987951807229,75.90361445783132,66.26506024096386,9.63855421686747
E00064927,159,41,11,30,118,104,14,25.78616352201258,6.918238993710692,18.867924528301888,74.21383647798741,65.40880503144653,8.80503144654088
E00064928,160,40,16,24,120,110,10,25,10,15,75,68.75,6.25
E00064929,154,43,21,22,111,102,9,27.92207792207792,13.636363636363635,14.285714285714285,72.07792207792207,66.23376623376623,5.844155844155844
E00064930,249,76,31,45,173,129,44,30.522088353413658,12.449799196787147,18.072289156626507,69.47791164658635,51.80722891566265,17.670682730923694
E00064931,110,36,23,13,74,68,6,32.72727272727273,20.909090909090907,11.818181818181818,67.27272727272727,61.81818181818181,5.454545454545454
E00064932,168,55,16,39,113,104,9,32.73809523809524,9.523809523809524,23.214285714285715,67.26190476190477,61.904761904761905,5.357142857142857
E00064933,153,39,13,26,114,98,16,25.49019607843137,8.49673202614379,16.99346405228758,74.50980392156863,64.05228758169935,10.457516339869281
E00064935,122,38,9,29,84,71,13,31.147540983606557,7.377049180327869,23.770491803278688,68.85245901639344,58.19672131147541,10.655737704918032
E00064936,93,31,6,25,62,54,8,33.33333333333333,6.451612903225806,26.881720430107524,66.66666666666666,58.06451612903226,8.60215053763441
E00064937,121,41,10,31,80,68,12,33.88429752066116,8.264462809917356,25.6198347107438,66.11570247933885,56.19834710743802,9.917355371900827
E00064938,127,42,16,26,85,75,10,33.07086614173229,12.598425196850393,20.47244094488189,66.92913385826772,59.055118110236215,7.874015748031496
E00064939,94,29,8,21,65,51,14,30.851063829787233,8.51063829787234,22.340425531914892,69.14893617021278,54.25531914893617,14.893617021276595
E00064941,122,34,11,23,88,79,9,27.86885245901639,9.01639344262295,18.852459016393443,72.1311475409836,64.75409836065575,7.377049180327869
E00064942,120,49,9,40,71,63,8,40.833333333333336,7.5,33.33333333333333,59.166666666666664,52.5,6.666666666666667
E00064943,111,32,5,27,79,71,8,28.82882882882883,4.504504504504505,24.324324324324326,71.17117117117117,63.96396396396396,7.207207207207207
E00064945,101,43,9,34,58,57,1,42.57425742574257,8.91089108910891,33.663366336633665,57.42574257425742,56.43564356435643,0.9900990099009901
E00064946,118,40,14,26,78,69,9,33.89830508474576,11.864406779661017,22.033898305084744,66.10169491525424,58.47457627118644,7.627118644067797
E00064947,98,34,6,28,64,58,6,34.69387755102041,6.122448979591836,28.57142857142857,65.3061224489796,59.183673469387756,6.122448979591836
E00064948,89,26,5,21,63,55,8,29.213483146067414,5.617977528089887,23.595505617977526,70.78651685393258,61.79775280898876,8.98876404494382
E00064949,121,54,15,39,67,57,10,44.62809917355372,12.396694214876034,32.231404958677686,55.371900826446286,47.107438016528924,8.264462809917356
E00064950,82,34,6,28,48,44,4,41.46341463414634,7.317073170731707,34.146341463414636,58.536585365853654,53.65853658536586,4.878048780487805
E00064951,90,31,7,24,59,52,7,34.44444444444444,7.777777777777778,26.666666666666668,65.55555555555556,57.77777777777777,7.777777777777778
E00064952,126,39,12,27,87,76,11,30.952380952380953,9.523809523809524,21.428571428571427,69.04761904761905,60.317460317460316,8.73015873015873
E00064953,115,42,15,27,73,66,7,36.52173913043478,13.043478260869565,23.47826086956522,63.47826086956522,57.391304347826086,6.086956521739131
E00064954,114,53,15,38,61,55,6,46.49122807017544,13.157894736842104,33.33333333333333,53.50877192982456,48.24561403508772,5.263157894736842
E00064955,119,34,4,30,85,79,6,28.57142857142857,3.361344537815126,25.210084033613445,71.42857142857143,66.38655462184873,5.042016806722689
E00064956,104,42,15,27,62,53,9,40.38461538461539,14.423076923076922,25.961538461538463,59.61538461538461,50.96153846153846,8.653846153846153
E00064957,143,57,10,47,86,80,6,39.86013986013986,6.993006993006993,32.86713286713287,60.13986013986013,55.94405594405595,4.195804195804196
E00064958,107,41,7,34,66,53,13,38.31775700934579,6.5420560747663545,31.775700934579437,61.6822429906542,49.532710280373834,12.149532710280374
E00064959,115,44,7,37,71,65,6,38.26086956521739,6.086956521739131,32.17391304347826,61.73913043478261,56.52173913043478,5.217391304347826
E00064960,122,50,13,37,72,63,9,40.98360655737705,10.655737704918032,30.327868852459016,59.01639344262295,51.63934426229508,7.377049180327869
E00064961,161,44,15,29,117,107,10,27.32919254658385,9.316770186335404,18.012422360248447,72.67080745341616,66.45962732919256,6.211180124223603
E00064962,132,37,14,23,95,83,12,28.030303030303028,10.606060606060606,17.424242424242426,71.96969696969697,62.878787878787875,9.090909090909092
E00064964,71,29,9,20,42,38,4,40.845070422535215,12.676056338028168,28.169014084507044,59.154929577464785,53.52112676056338,5.633802816901409
E00064965,103,38,6,32,65,42,23,36.89320388349515,5.825242718446602,31.06796116504854,63.10679611650486,40.77669902912621,22.330097087378643
E00064967,111,44,15,29,67,59,8,39.63963963963964,13.513513513513514,26.126126126126124,60.36036036036037,53.153153153153156,7.207207207207207
E00064969,100,36,7,29,64,59,5,36,7.000000000000001,28.999999999999996,64,59,5
E00064971,125,47,5,42,78,70,8,37.6,4,33.6,62.4,56.00000000000001,6.4
E00064973,135,34,8,26,101,94,7,25.185185185185183,5.9259259259259265,19.25925925925926,74.81481481481481,69.62962962962963,5.185185185185185
E00064974,189,51,12,39,138,123,15,26.984126984126984,6.349206349206349,20.634920634920633,73.01587301587301,65.07936507936508,7.936507936507936
E00064975,93,38,7,31,55,54,1,40.86021505376344,7.526881720430108,33.33333333333333,59.13978494623656,58.06451612903226,1.0752688172043012
E00064976,181,60,12,48,121,112,9,33.14917127071823,6.629834254143646,26.519337016574585,66.85082872928176,61.87845303867403,4.972375690607735
E00064977,123,45,8,37,78,71,7,36.58536585365854,6.504065040650407,30.081300813008134,63.41463414634146,57.72357723577236,5.691056910569105
E00064978,161,52,7,45,109,98,11,32.298136645962735,4.3478260869565215,27.95031055900621,67.70186335403726,60.86956521739131,6.832298136645963
E00064979,143,45,19,26,98,83,15,31.46853146853147,13.286713286713287,18.181818181818183,68.53146853146853,58.04195804195804,10.48951048951049
E00064980,89,25,7,18,64,57,7,28.08988764044944,7.865168539325842,20.224719101123593,71.91011235955057,64.04494382022472,7.865168539325842
E00064981,144,51,16,35,93,77,16,35.41666666666667,11.11111111111111,24.305555555555554,64.58333333333334,53.47222222222222,11.11111111111111
E00064982,121,36,11,25,85,73,12,29.75206611570248,9.090909090909092,20.66115702479339,70.24793388429752,60.33057851239669,9.917355371900827
E00064983,77,21,5,16,56,48,8,27.27272727272727,6.493506493506493,20.77922077922078,72.72727272727273,62.33766233766234,10.38961038961039
E00064984,180,49,16,33,131,118,13,27.22222222222222,8.88888888888889,18.333333333333332,72.77777777777777,65.55555555555556,7.222222222222221
E00064985,134,46,18,28,88,72,16,34.32835820895522,13.432835820895523,20.8955223880597,65.67164179104478,53.73134328358209,11.940298507462686
E00064986,101,35,11,24,66,54,12,34.65346534653465,10.891089108910892,23.762376237623762,65.34653465346535,53.46534653465347,11.881188118811881
E00064987,118,37,2,35,81,72,9,31.35593220338983,1.694915254237288,29.66101694915254,68.64406779661016,61.016949152542374,7.627118644067797
E00064988,85,26,5,21,59,49,10,30.58823529411765,5.88235294117647,24.705882352941178,69.41176470588235,57.647058823529406,11.76470588235294
E00064989,73,25,8,17,48,45,3,34.24657534246575,10.95890410958904,23.28767123287671,65.75342465753424,61.64383561643836,4.10958904109589
E00064990,117,37,9,28,80,72,8,31.62393162393162,7.6923076923076925,23.931623931623932,68.37606837606837,61.53846153846154,6.837606837606838
E00064991,94,31,6,25,63,58,5,32.97872340425532,6.382978723404255,26.595744680851062,67.02127659574468,61.702127659574465,5.319148936170213
E00064992,165,52,14,38,113,104,9,31.515151515151512,8.484848484848486,23.03030303030303,68.48484848484848,63.030303030303024,5.454545454545454
E00064993,32,11,1,10,21,18,3,34.375,3.125,31.25,65.625,56.25,9.375
E00064994,108,38,7,31,70,65,5,35.18518518518518,6.481481481481481,28.703703703703702,64.81481481481481,60.18518518518518,4.62962962962963
E00064995,86,21,0,21,65,55,10,24.418604651162788,0,24.418604651162788,75.5813953488372,63.95348837209303,11.627906976744185
E00064996,177,57,10,47,120,107,13,32.20338983050847,5.649717514124294,26.55367231638418,67.79661016949152,60.451977401129945,7.344632768361582
E00064997,148,45,11,34,103,96,7,30.405405405405407,7.4324324324324325,22.972972972972975,69.5945945945946,64.86486486486487,4.72972972972973
E00064998,95,26,3,23,69,63,6,27.368421052631582,3.1578947368421053,24.210526315789473,72.63157894736842,66.3157894736842,6.315789473684211
E00064999,93,31,8,23,62,53,9,33.33333333333333,8.60215053763441,24.731182795698924,66.66666666666666,56.98924731182796,9.67741935483871
E00065000,166,47,12,35,119,102,17,28.313253012048197,7.228915662650602,21.084337349397593,71.6867469879518,61.44578313253012,10.240963855421686
E00065002,152,51,13,38,101,93,8,33.55263157894737,8.552631578947368,25,66.44736842105263,61.18421052631579,5.263157894736842
E00065003,125,46,5,41,79,65,14,36.8,4,32.800000000000004,63.2,52,11.200000000000001
E00065004,92,38,11,27,54,42,12,41.30434782608695,11.956521739130435,29.347826086956523,58.69565217391305,45.65217391304348,13.043478260869565
E00065005,96,38,12,26,58,50,8,39.58333333333333,12.5,27.083333333333332,60.416666666666664,52.083333333333336,8.333333333333332
E00065006,164,57,16,41,107,92,15,34.756097560975604,9.75609756097561,25,65.2439024390244,56.09756097560976,9.146341463414634
E00065007,196,51,15,36,145,116,29,26.02040816326531,7.653061224489796,18.367346938775512,73.9795918367347,59.183673469387756,14.795918367346939
E00065008,98,33,12,21,65,59,6,33.6734693877551,12.244897959183673,21.428571428571427,66.3265306122449,60.204081632653065,6.122448979591836
E00065009,140,36,8,28,104,89,15,25.71428571428571,5.714285714285714,20,74.28571428571429,63.57142857142857,10.714285714285714
E00065010,122,27,7,20,95,89,6,22.131147540983605,5.737704918032787,16.39344262295082,77.8688524590164,72.95081967213115,4.918032786885246
E00065011,121,31,4,27,90,84,6,25.6198347107438,3.3057851239669422,22.31404958677686,74.3801652892562,69.42148760330579,4.958677685950414
E00065012,80,23,8,15,57,49,8,28.749999999999996,10,18.75,71.25,61.25000000000001,10
E00065013,121,41,9,32,80,70,10,33.88429752066116,7.43801652892562,26.446280991735538,66.11570247933885,57.85123966942148,8.264462809917356
E00065014,104,26,5,21,78,70,8,25,4.807692307692308,20.192307692307693,75,67.3076923076923,7.6923076923076925
E00065015,101,25,3,22,76,64,12,24.752475247524753,2.9702970297029703,21.782178217821784,75.24752475247524,63.366336633663366,11.881188118811881
E00065016,147,33,3,30,114,106,8,22.448979591836736,2.0408163265306123,20.408163265306122,77.55102040816327,72.10884353741497,5.442176870748299
E00065017,135,48,12,36,87,72,15,35.55555555555556,8.88888888888889,26.666666666666668,64.44444444444444,53.333333333333336,11.11111111111111
E00065018,38,12,2,10,26,26,0,31.57894736842105,5.263157894736842,26.31578947368421,68.42105263157895,68.42105263157895,0
E00065019,102,47,6,41,55,50,5,46.07843137254902,5.88235294117647,40.19607843137255,53.92156862745098,49.01960784313725,4.901960784313726
E00065020,121,35,10,25,86,81,5,28.92561983471074,8.264462809917356,20.66115702479339,71.07438016528926,66.94214876033058,4.132231404958678
E00065021,89,31,8,23,58,54,4,34.831460674157306,8.98876404494382,25.842696629213485,65.1685393258427,60.67415730337079,4.49438202247191
E00065022,171,44,19,25,127,114,13,25.730994152046783,11.11111111111111,14.619883040935672,74.26900584795322,66.66666666666666,7.602339181286549
E00065023,129,37,6,31,92,78,14,28.68217054263566,4.651162790697675,24.031007751937985,71.31782945736434,60.46511627906976,10.852713178294573
E00065024,163,61,14,47,102,95,7,37.423312883435585,8.588957055214724,28.834355828220858,62.57668711656442,58.282208588957054,4.294478527607362
E00065025,223,51,10,41,172,158,14,22.869955156950674,4.484304932735426,18.385650224215247,77.13004484304933,70.85201793721974,6.278026905829597
E00065026,190,48,13,35,142,135,7,25.263157894736842,6.842105263157896,18.421052631578945,74.73684210526315,71.05263157894737,3.684210526315789
E00065027,177,46,9,37,131,117,14,25.98870056497175,5.084745762711865,20.903954802259886,74.01129943502825,66.10169491525424,7.909604519774012
E00065028,139,52,14,38,87,73,14,37.410071942446045,10.071942446043165,27.33812949640288,62.589928057553955,52.51798561151079,10.071942446043165
E00065029,193,52,14,38,141,130,11,26.94300518134715,7.253886010362693,19.689119170984455,73.05699481865285,67.35751295336787,5.699481865284974
E00065030,156,45,14,31,111,101,10,28.846153846153843,8.974358974358974,19.871794871794872,71.15384615384616,64.74358974358975,6.41025641025641
E00065031,219,81,28,53,138,130,8,36.986301369863014,12.785388127853881,24.200913242009133,63.013698630136986,59.3607305936073,3.65296803652968
E00065032,96,27,6,21,69,57,12,28.125,6.25,21.875,71.875,59.375,12.5
E00065033,75,22,5,17,53,44,9,29.333333333333332,6.666666666666667,22.666666666666664,70.66666666666667,58.666666666666664,12
E00065034,174,47,14,33,127,115,12,27.011494252873565,8.045977011494253,18.96551724137931,72.98850574712644,66.0919540229885,6.896551724137931
E00065035,123,37,3,34,86,73,13,30.081300813008134,2.4390243902439024,27.64227642276423,69.91869918699187,59.34959349593496,10.569105691056912
E00065036,116,33,6,27,83,71,12,28.448275862068968,5.172413793103448,23.275862068965516,71.55172413793103,61.206896551724135,10.344827586206897
E00065037,95,32,7,25,63,55,8,33.68421052631579,7.368421052631578,26.31578947368421,66.3157894736842,57.89473684210527,8.421052631578947
E00065038,109,40,8,32,69,56,13,36.69724770642202,7.339449541284404,29.357798165137616,63.30275229357798,51.37614678899083,11.926605504587156
E00065039,113,38,17,21,75,67,8,33.6283185840708,15.04424778761062,18.58407079646018,66.3716814159292,59.29203539823009,7.079646017699115
E00065040,195,59,15,44,136,112,24,30.256410256410255,7.6923076923076925,22.564102564102566,69.74358974358974,57.43589743589743,12.307692307692308
E00065041,98,33,8,25,65,57,8,33.6734693877551,8.16326530612245,25.510204081632654,66.3265306122449,58.16326530612245,8.16326530612245
E00065042,241,48,15,33,193,177,16,19.91701244813278,6.224066390041494,13.692946058091287,80.08298755186722,73.44398340248964,6.639004149377594
E00065043,190,47,8,39,143,133,10,24.736842105263158,4.2105263157894735,20.526315789473685,75.26315789473685,70,5.263157894736842
E00065044,40,17,4,13,23,22,1,42.5,10,32.5,57.49999999999999,55.00000000000001,2.5
E00065048,178,52,19,33,126,114,12,29.213483146067414,10.674157303370785,18.53932584269663,70.78651685393258,64.04494382022472,6.741573033707865
E00065049,203,60,15,45,143,130,13,29.55665024630542,7.389162561576355,22.167487684729064,70.44334975369459,64.03940886699507,6.403940886699508
E00065050,118,43,9,34,75,66,9,36.440677966101696,7.627118644067797,28.8135593220339,63.559322033898304,55.932203389830505,7.627118644067797
E00065056,133,43,13,30,90,80,10,32.33082706766917,9.774436090225564,22.55639097744361,67.66917293233082,60.150375939849624,7.518796992481203
E00065057,183,55,22,33,128,107,21,30.05464480874317,12.021857923497267,18.0327868852459,69.94535519125684,58.46994535519126,11.475409836065573
E00065058,86,30,10,20,56,50,6,34.883720930232556,11.627906976744185,23.25581395348837,65.11627906976744,58.139534883720934,6.976744186046512
E00065059,167,44,11,33,123,105,18,26.34730538922156,6.58682634730539,19.760479041916167,73.65269461077844,62.874251497005986,10.778443113772456
E00065060,180,58,12,46,122,104,18,32.22222222222222,6.666666666666667,25.555555555555554,67.77777777777779,57.77777777777777,10
E00065061,149,43,8,35,106,92,14,28.859060402684566,5.369127516778524,23.48993288590604,71.14093959731544,61.74496644295302,9.395973154362416
E00065062,12,8,2,6,4,3,1,66.66666666666666,16.666666666666664,50,33.33333333333333,25,8.333333333333332
E00065063,68,32,11,21,36,33,3,47.05882352941176,16.176470588235293,30.88235294117647,52.94117647058824,48.529411764705884,4.411764705882353
E00065064,84,28,6,22,56,47,9,33.33333333333333,7.142857142857142,26.190476190476193,66.66666666666666,55.952380952380956,10.714285714285714
E00065065,161,52,11,41,109,98,11,32.298136645962735,6.832298136645963,25.465838509316768,67.70186335403726,60.86956521739131,6.832298136645963
E00065066,163,65,16,49,98,88,10,39.87730061349693,9.815950920245399,30.061349693251532,60.122699386503065,53.987730061349694,6.134969325153374
E00065069,140,39,10,29,101,85,16,27.857142857142858,7.142857142857142,20.714285714285715,72.14285714285714,60.71428571428571,11.428571428571429
E00065070,135,45,13,32,90,78,12,33.33333333333333,9.62962962962963,23.703703703703706,66.66666666666666,57.77777777777777,8.88888888888889
E00065071,112,23,7,16,89,79,10,20.535714285714285,6.25,14.285714285714285,79.46428571428571,70.53571428571429,8.928571428571429
E00065072,108,29,5,24,79,71,8,26.851851851851855,4.62962962962963,22.22222222222222,73.14814814814815,65.74074074074075,7.4074074074074066
E00065073,136,37,6,31,99,92,7,27.205882352941174,4.411764705882353,22.794117647058822,72.79411764705883,67.64705882352942,5.147058823529411
E00065074,105,25,6,19,80,68,12,23.809523809523807,5.714285714285714,18.095238095238095,76.19047619047619,64.76190476190476,11.428571428571429
E00065075,54,18,3,15,36,33,3,33.33333333333333,5.555555555555555,27.77777777777778,66.66666666666666,61.111111111111114,5.555555555555555
E00065076,124,28,12,16,96,87,9,22.58064516129032,9.67741935483871,12.903225806451612,77.41935483870968,70.16129032258065,7.258064516129033
E00065077,145,57,11,46,88,77,11,39.310344827586206,7.586206896551724,31.724137931034484,60.689655172413794,53.103448275862064,7.586206896551724
E00065078,171,49,12,37,122,106,16,28.654970760233915,7.017543859649122,21.637426900584796,71.34502923976608,61.98830409356725,9.35672514619883
E00065079,166,55,12,43,111,99,12,33.13253012048193,7.228915662650602,25.903614457831324,66.86746987951807,59.63855421686747,7.228915662650602
E00065080,192,64,8,56,128,119,9,33.33333333333333,4.166666666666666,29.166666666666668,66.66666666666666,61.979166666666664,4.6875
E00065081,135,42,10,32,93,83,10,31.11111111111111,7.4074074074074066,23.703703703703706,68.88888888888889,61.48148148148148,7.4074074074074066
E00065082,157,47,11,36,110,96,14,29.936305732484076,7.006369426751593,22.929936305732486,70.06369426751591,61.146496815286625,8.9171974522293
E00065083,138,44,3,41,94,82,12,31.88405797101449,2.1739130434782608,29.71014492753623,68.11594202898551,59.42028985507246,8.695652173913043
E00065084,158,50,10,40,108,104,4,31.645569620253166,6.329113924050633,25.31645569620253,68.35443037974683,65.82278481012658,2.5316455696202533
E00065085,140,19,4,15,121,104,17,13.571428571428571,2.857142857142857,10.714285714285714,86.42857142857143,74.28571428571429,12.142857142857142
E00065086,153,39,5,34,114,96,18,25.49019607843137,3.2679738562091507,22.22222222222222,74.50980392156863,62.745098039215684,11.76470588235294
E00065087,145,48,10,38,97,82,15,33.10344827586207,6.896551724137931,26.20689655172414,66.89655172413794,56.55172413793104,10.344827586206897
E00065088,99,29,9,20,70,58,12,29.292929292929294,9.090909090909092,20.2020202020202,70.70707070707071,58.58585858585859,12.121212121212121
E00065089,160,43,16,27,117,101,16,26.875,10,16.875,73.125,63.125,10
E00065090,149,56,11,45,93,71,22,37.58389261744966,7.38255033557047,30.201342281879196,62.41610738255034,47.651006711409394,14.76510067114094
E00065091,144,41,7,34,103,93,10,28.47222222222222,4.861111111111112,23.61111111111111,71.52777777777779,64.58333333333334,6.944444444444445
E00065092,143,44,10,34,99,90,9,30.76923076923077,6.993006993006993,23.776223776223777,69.23076923076923,62.93706293706294,6.293706293706294
E00065093,116,31,5,26,85,70,15,26.72413793103448,4.310344827586207,22.413793103448278,73.27586206896551,60.3448275862069,12.931034482758621
E00065094,132,34,16,18,98,92,6,25.757575757575758,12.121212121212121,13.636363636363635,74.24242424242425,69.6969696969697,4.545454545454546
E00065095,129,34,9,25,95,84,11,26.356589147286826,6.976744186046512,19.379844961240313,73.64341085271317,65.11627906976744,8.527131782945736
E00065096,124,26,5,21,98,88,10,20.967741935483872,4.032258064516129,16.93548387096774,79.03225806451613,70.96774193548387,8.064516129032258
E00065097,89,29,9,20,60,55,5,32.58426966292135,10.112359550561797,22.47191011235955,67.41573033707866,61.79775280898876,5.617977528089887
E00065098,99,34,11,23,65,58,7,34.34343434343434,11.11111111111111,23.232323232323232,65.65656565656566,58.58585858585859,7.07070707070707
E00065100,97,30,8,22,67,58,9,30.927835051546392,8.24742268041237,22.68041237113402,69.0721649484536,59.79381443298969,9.278350515463918
E00065101,85,27,2,25,58,52,6,31.76470588235294,2.3529411764705883,29.411764705882355,68.23529411764706,61.1764705882353,7.0588235294117645
E00065102,148,34,4,30,114,98,16,22.972972972972975,2.7027027027027026,20.27027027027027,77.02702702702703,66.21621621621621,10.81081081081081
E00065103,167,44,14,30,123,110,13,26.34730538922156,8.383233532934131,17.964071856287426,73.65269461077844,65.86826347305389,7.784431137724551
E00065104,229,62,15,47,167,142,25,27.074235807860266,6.550218340611353,20.52401746724891,72.92576419213974,62.00873362445415,10.91703056768559
E00065105,138,29,5,24,109,96,13,21.014492753623188,3.6231884057971016,17.391304347826086,78.98550724637681,69.56521739130434,9.420289855072465
E00065106,128,32,9,23,96,84,12,25,7.03125,17.96875,75,65.625,9.375
E00065107,126,40,7,33,86,75,11,31.746031746031743,5.555555555555555,26.190476190476193,68.25396825396825,59.523809523809526,8.73015873015873
E00065108,237,68,19,49,169,150,19,28.691983122362867,8.016877637130802,20.675105485232066,71.30801687763713,63.29113924050633,8.016877637130802
E00065109,85,31,8,23,54,49,5,36.470588235294116,9.411764705882353,27.058823529411764,63.52941176470588,57.647058823529406,5.88235294117647
E00065110,133,34,6,28,99,89,10,25.563909774436087,4.511278195488721,21.052631578947366,74.43609022556392,66.9172932330827,7.518796992481203
E00065111,181,42,16,26,139,122,17,23.204419889502763,8.83977900552486,14.3646408839779,76.79558011049724,67.40331491712708,9.392265193370166
E00065112,115,37,9,28,78,73,5,32.17391304347826,7.82608695652174,24.347826086956523,67.82608695652173,63.47826086956522,4.3478260869565215
E00065113,150,53,10,43,97,83,14,35.333333333333336,6.666666666666667,28.666666666666668,64.66666666666666,55.333333333333336,9.333333333333334
E00065114,78,26,6,20,52,42,10,33.33333333333333,7.6923076923076925,25.64102564102564,66.66666666666666,53.84615384615385,12.82051282051282
E00065115,144,38,12,26,106,87,19,26.38888888888889,8.333333333333332,18.055555555555554,73.61111111111111,60.416666666666664,13.194444444444445
E00065116,163,61,17,44,102,87,15,37.423312883435585,10.429447852760736,26.993865030674847,62.57668711656442,53.37423312883436,9.202453987730062
E00065118,160,49,13,36,111,96,15,30.625000000000004,8.125,22.5,69.375,60,9.375
E00065119,130,39,3,36,91,85,6,30,2.307692307692308,27.692307692307693,70,65.38461538461539,4.615384615384616
E00065120,140,35,8,27,105,96,9,25,5.714285714285714,19.28571428571429,75,68.57142857142857,6.428571428571428
E00065121,90,30,13,17,60,53,7,33.33333333333333,14.444444444444443,18.88888888888889,66.66666666666666,58.88888888888889,7.777777777777778
E00065123,99,33,9,24,66,58,8,33.33333333333333,9.090909090909092,24.242424242424242,66.66666666666666,58.58585858585859,8.080808080808081
E00065124,115,30,3,27,85,69,16,26.08695652173913,2.608695652173913,23.47826086956522,73.91304347826086,60,13.91304347826087
E00065125,104,30,4,26,74,63,11,28.846153846153843,3.8461538461538463,25,71.15384615384616,60.57692307692307,10.576923076923077
E00065126,141,42,9,33,99,94,5,29.78723404255319,6.382978723404255,23.404255319148938,70.2127659574468,66.66666666666666,3.546099290780142
E00065127,144,49,15,34,95,80,15,34.02777777777778,10.416666666666668,23.61111111111111,65.97222222222221,55.55555555555556,10.416666666666668
E00065128,160,47,16,31,113,104,9,29.375,10,19.375,70.625,65,5.625
E00065129,75,23,2,21,52,45,7,30.666666666666664,2.666666666666667,28.000000000000004,69.33333333333334,60,9.333333333333334
E00065130,154,34,9,25,120,101,19,22.07792207792208,5.844155844155844,16.233766233766232,77.92207792207793,65.5844155844156,12.337662337662337
E00065131,125,34,6,28,91,82,9,27.200000000000003,4.8,22.400000000000002,72.8,65.60000000000001,7.199999999999999
E00065132,154,26,6,20,128,111,17,16.883116883116884,3.896103896103896,12.987012987012985,83.11688311688312,72.07792207792207,11.03896103896104
E00065133,140,41,7,34,99,87,12,29.28571428571429,5,24.285714285714285,70.71428571428572,62.142857142857146,8.571428571428571
E00065134,149,45,14,31,104,86,18,30.201342281879196,9.395973154362416,20.80536912751678,69.79865771812081,57.71812080536913,12.080536912751679
E00065135,146,36,20,16,110,97,13,24.65753424657534,13.698630136986301,10.95890410958904,75.34246575342466,66.43835616438356,8.904109589041095
E00065136,148,47,10,37,101,94,7,31.756756756756754,6.756756756756757,25,68.24324324324324,63.51351351351351,4.72972972972973
E00065137,182,51,12,39,131,121,10,28.021978021978022,6.593406593406594,21.428571428571427,71.97802197802197,66.48351648351648,5.4945054945054945
E00065138,119,32,11,21,87,77,10,26.89075630252101,9.243697478991598,17.647058823529413,73.10924369747899,64.70588235294117,8.403361344537815
E00065139,134,55,17,38,79,70,9,41.04477611940299,12.686567164179104,28.35820895522388,58.95522388059702,52.23880597014925,6.7164179104477615
E00065140,111,36,8,28,75,63,12,32.432432432432435,7.207207207207207,25.225225225225223,67.56756756756756,56.75675675675676,10.81081081081081
E00065141,131,42,11,31,89,78,11,32.06106870229007,8.396946564885496,23.66412213740458,67.93893129770993,59.541984732824424,8.396946564885496
E00065142,58,19,8,11,39,31,8,32.758620689655174,13.793103448275861,18.96551724137931,67.24137931034483,53.44827586206896,13.793103448275861
E00065143,123,63,31,32,60,50,10,51.21951219512195,25.203252032520325,26.01626016260163,48.78048780487805,40.65040650406504,8.130081300813007
E00065144,107,29,5,24,78,76,2,27.102803738317753,4.672897196261682,22.429906542056074,72.89719626168224,71.02803738317756,1.8691588785046727
E00065145,124,42,13,29,82,75,7,33.87096774193548,10.483870967741936,23.387096774193548,66.12903225806451,60.483870967741936,5.64516129032258
E00065146,107,39,11,28,68,63,5,36.44859813084112,10.2803738317757,26.168224299065418,63.55140186915887,58.87850467289719,4.672897196261682
E00065147,119,38,12,26,81,76,5,31.932773109243694,10.084033613445378,21.84873949579832,68.0672268907563,63.86554621848739,4.201680672268908
E00065148,152,48,12,36,104,89,15,31.57894736842105,7.894736842105263,23.684210526315788,68.42105263157895,58.55263157894737,9.868421052631579
E00065149,59,19,5,14,40,36,4,32.20338983050847,8.47457627118644,23.728813559322035,67.79661016949152,61.016949152542374,6.779661016949152
E00065150,71,21,4,17,50,40,10,29.577464788732392,5.633802816901409,23.943661971830984,70.4225352112676,56.33802816901409,14.084507042253522
E00065151,142,43,6,37,99,87,12,30.28169014084507,4.225352112676056,26.056338028169012,69.71830985915493,61.267605633802816,8.450704225352112
E00065152,152,61,20,41,91,73,18,40.131578947368425,13.157894736842104,26.973684210526315,59.86842105263158,48.026315789473685,11.842105263157894
E00065153,163,53,16,37,110,92,18,32.515337423312886,9.815950920245399,22.699386503067483,67.48466257668711,56.44171779141104,11.042944785276074
E00065154,157,45,12,33,112,100,12,28.662420382165603,7.643312101910828,21.019108280254777,71.3375796178344,63.69426751592356,7.643312101910828
E00065155,133,56,15,41,77,73,4,42.10526315789473,11.278195488721805,30.82706766917293,57.89473684210527,54.88721804511278,3.007518796992481
E00065157,106,26,7,19,80,67,13,24.528301886792452,6.60377358490566,17.92452830188679,75.47169811320755,63.20754716981132,12.264150943396226
E00065158,300,81,17,64,219,191,28,27,5.666666666666666,21.333333333333336,73,63.66666666666667,9.333333333333334
E00065159,143,52,9,43,91,80,11,36.36363636363637,6.293706293706294,30.069930069930066,63.63636363636363,55.94405594405595,7.6923076923076925
E00065161,182,49,15,34,133,118,15,26.923076923076923,8.241758241758241,18.681318681318682,73.07692307692307,64.83516483516483,8.241758241758241
E00065162,257,93,58,35,164,145,19,36.186770428015564,22.56809338521401,13.618677042801556,63.81322957198443,56.42023346303502,7.392996108949417
E00065164,153,65,16,49,88,77,11,42.48366013071895,10.457516339869281,32.02614379084967,57.51633986928104,50.326797385620914,7.18954248366013
E00065165,88,35,14,21,53,47,6,39.77272727272727,15.909090909090908,23.863636363636363,60.22727272727273,53.40909090909091,6.8181818181818175
E00065166,110,28,12,16,82,72,10,25.454545454545453,10.909090909090908,14.545454545454545,74.54545454545455,65.45454545454545,9.090909090909092
E00165822,161,52,12,40,109,96,13,32.298136645962735,7.453416149068323,24.84472049689441,67.70186335403726,59.62732919254658,8.074534161490684
E00170741,99,22,6,16,77,63,14,22.22222222222222,6.0606060606060606,16.161616161616163,77.77777777777779,63.63636363636363,14.14141414141414
E00170742,150,17,3,14,133,128,5,11.333333333333332,2,9.333333333333334,88.66666666666667,85.33333333333334,3.3333333333333335
E00170743,116,20,6,14,96,82,14,17.24137931034483,5.172413793103448,12.068965517241379,82.75862068965517,70.6896551724138,12.068965517241379
E00170744,207,31,11,20,176,141,35,14.975845410628018,5.314009661835748,9.66183574879227,85.02415458937197,68.11594202898551,16.908212560386474
E00170745,146,20,5,15,126,105,21,13.698630136986301,3.4246575342465753,10.273972602739725,86.3013698630137,71.91780821917808,14.383561643835616
E00170746,36,7,1,6,29,26,3,19.444444444444446,2.7777777777777777,16.666666666666664,80.55555555555556,72.22222222222221,8.333333333333332
E00170747,147,71,29,42,76,54,22,48.29931972789115,19.727891156462583,28.57142857142857,51.70068027210885,36.734693877551024,14.965986394557824
E00170748,144,35,7,28,109,100,9,24.305555555555554,4.861111111111112,19.444444444444446,75.69444444444444,69.44444444444444,6.25
E00170750,118,37,5,32,81,70,11,31.35593220338983,4.23728813559322,27.11864406779661,68.64406779661016,59.32203389830508,9.322033898305085
E00170751,242,65,24,41,177,157,20,26.859504132231404,9.917355371900827,16.94214876033058,73.14049586776859,64.87603305785123,8.264462809917356
E00170752,172,41,7,34,131,107,24,23.837209302325583,4.069767441860465,19.767441860465116,76.16279069767442,62.2093023255814,13.953488372093023
E00170753,181,42,12,30,139,121,18,23.204419889502763,6.629834254143646,16.574585635359114,76.79558011049724,66.85082872928176,9.94475138121547
E00170754,180,54,17,37,126,102,24,30,9.444444444444445,20.555555555555554,70,56.666666666666664,13.333333333333334
E00170756,242,64,24,40,178,164,14,26.446280991735538,9.917355371900827,16.528925619834713,73.55371900826447,67.76859504132231,5.785123966942149
E00170757,260,62,14,48,198,175,23,23.846153846153847,5.384615384615385,18.461538461538463,76.15384615384615,67.3076923076923,8.846153846153847
E00170758,281,58,16,42,223,194,29,20.640569395017792,5.6939501779359425,14.94661921708185,79.35943060498221,69.03914590747331,10.320284697508896
E00170760,198,49,10,39,149,127,22,24.747474747474747,5.05050505050505,19.696969696969695,75.25252525252525,64.14141414141415,11.11111111111111
E00170761,132,32,6,26,100,85,15,24.242424242424242,4.545454545454546,19.696969696969695,75.75757575757575,64.39393939393939,11.363636363636363
E00170762,136,36,8,28,100,87,13,26.47058823529412,5.88235294117647,20.588235294117645,73.52941176470588,63.970588235294116,9.558823529411764
E00170763,183,54,12,42,129,103,26,29.508196721311474,6.557377049180328,22.950819672131146,70.49180327868852,56.284153005464475,14.207650273224044
E00170764,207,41,16,25,166,148,18,19.806763285024154,7.729468599033816,12.077294685990339,80.19323671497585,71.49758454106279,8.695652173913043
E00170766,136,33,10,23,103,85,18,24.264705882352942,7.352941176470589,16.911764705882355,75.73529411764706,62.5,13.23529411764706
E00170768,218,58,12,46,160,129,31,26.605504587155966,5.5045871559633035,21.100917431192663,73.39449541284404,59.174311926605505,14.220183486238533
E00170771,152,49,14,35,103,88,15,32.23684210526316,9.210526315789473,23.026315789473685,67.76315789473685,57.89473684210527,9.868421052631579
E00170772,189,55,9,46,134,108,26,29.100529100529098,4.761904761904762,24.33862433862434,70.8994708994709,57.14285714285714,13.756613756613756
E00170773,134,30,9,21,104,94,10,22.388059701492537,6.7164179104477615,15.671641791044777,77.61194029850746,70.1492537313433,7.462686567164178
E00170775,72,26,6,20,46,42,4,36.11111111111111,8.333333333333332,27.77777777777778,63.888888888888886,58.333333333333336,5.555555555555555
E00170776,251,73,17,56,178,152,26,29.08366533864542,6.772908366533864,22.31075697211155,70.91633466135458,60.55776892430279,10.358565737051793
E00170777,313,81,21,60,232,192,40,25.878594249201274,6.7092651757188495,19.169329073482427,74.12140575079871,61.34185303514377,12.779552715654951
E00170778,157,43,8,35,114,105,9,27.388535031847134,5.095541401273886,22.29299363057325,72.61146496815286,66.87898089171973,5.7324840764331215
E00170781,226,54,15,39,172,147,25,23.893805309734514,6.637168141592921,17.25663716814159,76.10619469026548,65.04424778761062,11.061946902654867
E00189196,317,49,8,41,268,229,39,15.457413249211358,2.5236593059936907,12.933753943217665,84.54258675078864,72.2397476340694,12.302839116719243
E00189197,58,18,5,13,40,37,3,31.03448275862069,8.620689655172415,22.413793103448278,68.96551724137932,63.793103448275865,5.172413793103448
E00189198,314,91,27,64,223,197,26,28.980891719745223,8.598726114649681,20.382165605095544,71.01910828025477,62.738853503184714,8.280254777070063
E00189199,56,16,6,10,40,31,9,28.57142857142857,10.714285714285714,17.857142857142858,71.42857142857143,55.35714285714286,16.071428571428573
E00189200,182,29,12,17,153,130,23,15.934065934065933,6.593406593406594,9.340659340659341,84.06593406593407,71.42857142857143,12.637362637362637
E00189204,181,58,12,46,123,111,12,32.04419889502763,6.629834254143646,25.41436464088398,67.95580110497238,61.32596685082873,6.629834254143646
E00189205,103,28,10,18,75,64,11,27.184466019417474,9.70873786407767,17.475728155339805,72.81553398058253,62.13592233009708,10.679611650485436
E00189206,144,32,16,16,112,98,14,22.22222222222222,11.11111111111111,11.11111111111111,77.77777777777779,68.05555555555556,9.722222222222223
E00189207,193,31,13,18,162,133,29,16.06217616580311,6.7357512953367875,9.32642487046632,83.93782383419689,68.9119170984456,15.025906735751295
E00189213,73,15,5,10,58,51,7,20.54794520547945,6.8493150684931505,13.698630136986301,79.45205479452055,69.86301369863014,9.58904109589041
E00189214,97,41,7,34,56,49,7,42.2680412371134,7.216494845360824,35.051546391752574,57.73195876288659,50.51546391752577,7.216494845360824
E00189215,120,50,8,42,70,65,5,41.66666666666667,6.666666666666667,35,58.333333333333336,54.166666666666664,4.166666666666666
E00189216,41,10,2,8,31,30,1,24.390243902439025,4.878048780487805,19.51219512195122,75.60975609756098,73.17073170731707,2.4390243902439024
E00189217,150,43,3,40,107,94,13,28.666666666666668,2,26.666666666666668,71.33333333333334,62.66666666666667,8.666666666666668
E00189218,127,32,9,23,95,78,17,25.196850393700785,7.086614173228346,18.11023622047244,74.80314960629921,61.417322834645674,13.385826771653544
E00189223,74,15,1,14,59,50,9,20.27027027027027,1.3513513513513513,18.91891891891892,79.72972972972973,67.56756756756756,12.162162162162163
E00189224,158,122,93,29,36,35,1,77.21518987341773,58.86075949367089,18.354430379746837,22.78481012658228,22.151898734177212,0.6329113924050633
E00189225,126,68,49,19,58,51,7,53.96825396825397,38.88888888888889,15.079365079365079,46.03174603174603,40.476190476190474,5.555555555555555
E00189226,57,40,24,16,17,17,0,70.17543859649122,42.10526315789473,28.07017543859649,29.82456140350877,29.82456140350877,0
E00189227,65,14,4,10,51,45,6,21.53846153846154,6.153846153846154,15.384615384615385,78.46153846153847,69.23076923076923,9.230769230769232
E00189228,203,59,10,49,144,122,22,29.064039408866993,4.926108374384237,24.137931034482758,70.93596059113301,60.09852216748769,10.83743842364532
E00189230,140,21,6,15,119,101,18,15,4.285714285714286,10.714285714285714,85,72.14285714285714,12.857142857142856
E00189231,188,31,5,26,157,134,23,16.48936170212766,2.6595744680851063,13.829787234042554,83.51063829787235,71.27659574468085,12.23404255319149
E00189234,175,58,28,30,117,95,22,33.14285714285714,16,17.142857142857142,66.85714285714286,54.285714285714285,12.571428571428573
E00189235,146,51,13,38,95,81,14,34.93150684931507,8.904109589041095,26.027397260273972,65.06849315068493,55.47945205479452,9.58904109589041
E00189238,148,35,13,22,113,94,19,23.64864864864865,8.783783783783784,14.864864864864865,76.35135135135135,63.51351351351351,12.837837837837837
E00189239,118,20,6,14,98,89,9,16.94915254237288,5.084745762711865,11.864406779661017,83.05084745762711,75.42372881355932,7.627118644067797
E00189243,139,51,16,35,88,75,13,36.69064748201439,11.510791366906476,25.179856115107913,63.30935251798561,53.956834532374096,9.352517985611511
E00189244,104,21,0,21,83,80,3,20.192307692307693,0,20.192307692307693,79.8076923076923,76.92307692307693,2.8846153846153846
E00189248,193,32,9,23,161,136,25,16.580310880829018,4.66321243523316,11.917098445595855,83.41968911917098,70.46632124352331,12.953367875647666
E00189249,11,1,1,0,10,10,0,9.090909090909092,9.090909090909092,0,90.9090909090909,90.9090909090909,0
E00189250,215,44,9,35,171,152,19,20.46511627906977,4.186046511627907,16.27906976744186,79.53488372093022,70.69767441860465,8.837209302325581
E00189252,97,36,9,27,61,54,7,37.11340206185567,9.278350515463918,27.835051546391753,62.88659793814433,55.670103092783506,7.216494845360824
E00189254,215,53,23,30,162,143,19,24.651162790697676,10.69767441860465,13.953488372093023,75.34883720930232,66.51162790697674,8.837209302325581
E00189257,118,23,4,19,95,86,9,19.491525423728813,3.389830508474576,16.101694915254235,80.50847457627118,72.88135593220339,7.627118644067797
E00189259,171,36,13,23,135,120,15,21.052631578947366,7.602339181286549,13.450292397660817,78.94736842105263,70.17543859649122,8.771929824561402
E00189260,183,50,18,32,133,111,22,27.322404371584703,9.836065573770492,17.48633879781421,72.6775956284153,60.65573770491803,12.021857923497267
E00189261,151,36,8,28,115,110,5,23.841059602649008,5.298013245033113,18.543046357615893,76.15894039735099,72.84768211920529,3.3112582781456954
E00189264,163,35,9,26,128,103,25,21.472392638036812,5.521472392638037,15.950920245398773,78.52760736196319,63.190184049079754,15.337423312883436
E00189266,161,36,9,27,125,107,18,22.36024844720497,5.590062111801243,16.77018633540373,77.63975155279503,66.45962732919256,11.180124223602485
E00189267,224,44,8,36,180,152,28,19.642857142857142,3.571428571428571,16.071428571428573,80.35714285714286,67.85714285714286,12.5
E00189268,72,18,5,13,54,48,6,25,6.944444444444445,18.055555555555554,75,66.66666666666666,8.333333333333332
E00189269,143,44,15,29,99,88,11,30.76923076923077,10.48951048951049,20.27972027972028,69.23076923076923,61.53846153846154,7.6923076923076925
E00189270,44,10,2,8,34,29,5,22.727272727272727,4.545454545454546,18.181818181818183,77.27272727272727,65.9090909090909,11.363636363636363
E00189271,127,39,10,29,88,81,7,30.708661417322837,7.874015748031496,22.83464566929134,69.29133858267717,63.77952755905512,5.511811023622047
E00189272,192,38,10,28,154,136,18,19.791666666666664,5.208333333333334,14.583333333333334,80.20833333333334,70.83333333333334,9.375
E00189273,185,44,7,37,141,120,21,23.783783783783786,3.783783783783784,20,76.21621621621621,64.86486486486487,11.351351351351353
E00189274,229,53,14,39,176,143,33,23.144104803493452,6.11353711790393,17.03056768558952,76.85589519650655,62.44541484716157,14.41048034934498
E00189275,187,32,13,19,155,133,22,17.11229946524064,6.951871657754011,10.16042780748663,82.88770053475936,71.12299465240642,11.76470588235294
E00189276,205,38,13,25,167,141,26,18.536585365853657,6.341463414634147,12.195121951219512,81.46341463414633,68.78048780487805,12.682926829268293
E00189277,175,42,8,34,133,119,14,24,4.571428571428571,19.428571428571427,76,68,8
E00189278,230,58,12,46,172,149,23,25.217391304347824,5.217391304347826,20,74.78260869565217,64.78260869565217,10
E00189279,138,23,11,12,115,105,10,16.666666666666664,7.971014492753622,8.695652173913043,83.33333333333334,76.08695652173914,7.246376811594203
E00189280,227,34,7,27,193,176,17,14.977973568281937,3.0837004405286343,11.894273127753303,85.02202643171806,77.5330396475771,7.488986784140969
E00189283,197,39,7,32,158,123,35,19.796954314720814,3.5532994923857872,16.243654822335024,80.20304568527918,62.43654822335025,17.766497461928935
E00189284,204,41,9,32,163,143,20,20.098039215686274,4.411764705882353,15.686274509803921,79.90196078431373,70.09803921568627,9.803921568627452
E00189285,211,43,9,34,168,157,11,20.379146919431278,4.265402843601896,16.113744075829384,79.62085308056872,74.40758293838863,5.213270142180095
E00189287,220,53,11,42,167,142,25,24.09090909090909,5,19.090909090909093,75.9090909090909,64.54545454545455,11.363636363636363
E00189288,105,32,7,25,73,64,9,30.476190476190478,6.666666666666667,23.809523809523807,69.52380952380952,60.952380952380956,8.571428571428571
E00189293,174,35,10,25,139,124,15,20.114942528735632,5.747126436781609,14.367816091954023,79.88505747126436,71.26436781609196,8.620689655172415
E00189295,200,57,9,48,143,119,24,28.499999999999996,4.5,24,71.5,59.5,12
E00189298,223,60,14,46,163,144,19,26.905829596412556,6.278026905829597,20.62780269058296,73.09417040358744,64.57399103139014,8.520179372197308
E00189301,192,29,6,23,163,135,28,15.104166666666666,3.125,11.979166666666668,84.89583333333334,70.3125,14.583333333333334
E00189302,159,28,5,23,131,117,14,17.61006289308176,3.1446540880503147,14.465408805031446,82.38993710691824,73.58490566037736,8.80503144654088
E00189304,149,45,7,38,104,95,9,30.201342281879196,4.697986577181208,25.503355704697988,69.79865771812081,63.758389261744966,6.0402684563758395
E00189305,215,44,12,32,171,143,28,20.46511627906977,5.5813953488372094,14.883720930232558,79.53488372093022,66.51162790697674,13.023255813953488
E00189309,77,24,8,16,53,45,8,31.16883116883117,10.38961038961039,20.77922077922078,68.83116883116884,58.44155844155844,10.38961038961039
E00189313,244,60,15,45,184,161,23,24.59016393442623,6.147540983606557,18.442622950819672,75.40983606557377,65.98360655737704,9.426229508196721
E00189314,196,40,8,32,156,139,17,20.408163265306122,4.081632653061225,16.3265306122449,79.59183673469387,70.91836734693877,8.673469387755102
E00189316,139,108,78,30,31,29,2,77.6978417266187,56.11510791366906,21.58273381294964,22.302158273381295,20.863309352517987,1.4388489208633095
E00189317,163,27,10,17,136,121,15,16.56441717791411,6.134969325153374,10.429447852760736,83.43558282208589,74.23312883435584,9.202453987730062
