OA,ts0380001,ts0380002,ts0380003,ts0380004,ts0380005,ts0380006,ts0380007,ts0380002_PCT,ts0380003_PCT,ts0380004_PCT,ts0380005_PCT,ts0380006_PCT,ts0380007_PCT
E00064333,279,83,39,44,196,23,173,29.749103942652326,13.978494623655912,15.770609318996415,70.25089605734766,8.24372759856631,62.00716845878136
E00064334,289,71,35,36,218,12,206,24.567474048442904,12.110726643598616,12.45674740484429,75.4325259515571,4.1522491349480966,71.280276816609
E00064335,272,53,14,39,219,15,204,19.485294117647058,5.147058823529411,14.338235294117647,80.51470588235294,5.514705882352941,75
E00064336,254,51,14,37,203,17,186,20.078740157480315,5.511811023622047,14.566929133858267,79.92125984251969,6.692913385826772,73.22834645669292
E00064337,274,68,27,41,206,22,184,24.817518248175183,9.854014598540147,14.963503649635038,75.18248175182481,8.02919708029197,67.15328467153284
E00064338,220,49,21,28,171,16,155,22.272727272727273,9.545454545454547,12.727272727272727,77.72727272727272,7.2727272727272725,70.45454545454545
E00064339,274,43,13,30,231,17,214,15.693430656934307,4.744525547445255,10.948905109489052,84.30656934306569,6.204379562043796,78.1021897810219
E00064340,272,43,15,28,229,22,207,15.808823529411764,5.514705882352941,10.294117647058822,84.19117647058823,8.088235294117647,76.10294117647058
E00064341,196,23,9,14,173,13,160,11.73469387755102,4.591836734693878,7.142857142857142,88.26530612244898,6.63265306122449,81.63265306122449
E00064342,240,50,16,34,190,13,177,20.833333333333336,6.666666666666667,14.166666666666666,79.16666666666666,5.416666666666667,73.75
E00064343,241,34,13,21,207,18,189,14.107883817427386,5.394190871369295,8.71369294605809,85.89211618257261,7.468879668049793,78.42323651452283
E00064344,253,40,16,24,213,22,191,15.810276679841898,6.324110671936759,9.486166007905137,84.18972332015811,8.695652173913043,75.49407114624506
E00064345,278,44,16,28,234,16,218,15.827338129496402,5.755395683453238,10.071942446043165,84.17266187050359,5.755395683453238,78.41726618705036
E00064346,180,33,14,19,147,14,133,18.333333333333332,7.777777777777778,10.555555555555555,81.66666666666667,7.777777777777778,73.88888888888889
E00064347,268,57,15,42,211,20,191,21.26865671641791,5.597014925373134,15.671641791044777,78.73134328358209,7.462686567164178,71.26865671641791
E00064348,279,73,23,50,206,22,184,26.16487455197133,8.24372759856631,17.921146953405017,73.83512544802868,7.885304659498208,65.94982078853047
E00064349,328,58,23,35,270,24,246,17.682926829268293,7.01219512195122,10.670731707317072,82.3170731707317,7.317073170731707,75
E00064350,259,44,16,28,215,19,196,16.988416988416986,6.177606177606178,10.81081081081081,83.01158301158301,7.335907335907336,75.67567567567568
E00064351,349,61,17,44,288,19,269,17.478510028653297,4.871060171919771,12.607449856733524,82.52148997134671,5.444126074498568,77.07736389684814
E00064352,260,73,30,43,187,5,182,28.076923076923077,11.538461538461538,16.538461538461537,71.92307692307692,1.9230769230769231,70
E00064353,204,56,37,19,148,9,139,27.450980392156865,18.137254901960784,9.313725490196079,72.54901960784314,4.411764705882353,68.13725490196079
E00064354,375,61,25,36,314,40,274,16.266666666666666,6.666666666666667,9.6,83.73333333333333,10.666666666666668,73.06666666666666
E00064355,226,44,17,27,182,15,167,19.469026548672566,7.52212389380531,11.946902654867257,80.53097345132744,6.637168141592921,73.89380530973452
E00064356,332,63,21,42,269,41,228,18.97590361445783,6.325301204819277,12.650602409638553,81.02409638554217,12.349397590361445,68.67469879518072
E00064357,407,62,21,41,345,35,310,15.233415233415235,5.159705159705159,10.073710073710075,84.76658476658476,8.5995085995086,76.16707616707616
E00064358,231,38,17,21,193,23,170,16.450216450216452,7.35930735930736,9.090909090909092,83.54978354978356,9.956709956709958,73.59307359307358
E00064359,241,44,17,27,197,27,170,18.25726141078838,7.053941908713693,11.20331950207469,81.74273858921161,11.20331950207469,70.53941908713693
E00064360,261,46,17,29,215,21,194,17.624521072796934,6.513409961685824,11.11111111111111,82.37547892720306,8.045977011494253,74.32950191570882
E00064361,332,86,57,29,246,8,238,25.903614457831324,17.16867469879518,8.734939759036145,74.09638554216868,2.4096385542168677,71.6867469879518
E00064362,345,49,21,28,296,34,262,14.202898550724639,6.086956521739131,8.115942028985506,85.79710144927536,9.855072463768117,75.94202898550725
E00064363,299,38,12,26,261,35,226,12.709030100334449,4.013377926421405,8.695652173913043,87.29096989966555,11.705685618729097,75.58528428093646
E00064364,243,65,38,27,178,13,165,26.748971193415638,15.637860082304528,11.11111111111111,73.25102880658436,5.349794238683128,67.90123456790124
E00064365,332,58,21,37,274,42,232,17.46987951807229,6.325301204819277,11.144578313253012,82.53012048192771,12.650602409638553,69.87951807228916
E00064366,286,49,20,29,237,29,208,17.132867132867133,6.993006993006993,10.13986013986014,82.86713286713287,10.13986013986014,72.72727272727273
E00064367,230,45,14,31,185,21,164,19.565217391304348,6.086956521739131,13.478260869565217,80.43478260869566,9.130434782608695,71.30434782608695
E00064368,225,45,15,30,180,25,155,20,6.666666666666667,13.333333333333334,80,11.11111111111111,68.88888888888889
E00064369,407,75,27,48,332,24,308,18.42751842751843,6.6339066339066335,11.793611793611793,81.57248157248156,5.896805896805897,75.67567567567568
E00064370,303,63,27,36,240,30,210,20.792079207920793,8.91089108910891,11.881188118811881,79.20792079207921,9.900990099009901,69.3069306930693
E00064371,304,75,34,41,229,24,205,24.671052631578945,11.18421052631579,13.486842105263158,75.32894736842105,7.894736842105263,67.43421052631578
E00064372,264,46,16,30,218,21,197,17.424242424242426,6.0606060606060606,11.363636363636363,82.57575757575758,7.954545454545454,74.62121212121212
E00064373,281,59,24,35,222,30,192,20.99644128113879,8.540925266903916,12.455516014234876,79.00355871886121,10.676156583629894,68.32740213523132
E00064374,302,53,16,37,249,18,231,17.549668874172188,5.298013245033113,12.251655629139073,82.45033112582782,5.960264900662252,76.49006622516556
E00064375,275,50,20,30,225,36,189,18.181818181818183,7.2727272727272725,10.909090909090908,81.81818181818183,13.090909090909092,68.72727272727272
E00064376,254,35,7,28,219,12,207,13.779527559055119,2.7559055118110236,11.023622047244094,86.22047244094489,4.724409448818897,81.49606299212599
E00064377,294,78,34,44,216,30,186,26.53061224489796,11.564625850340136,14.965986394557824,73.46938775510205,10.204081632653061,63.26530612244898
E00064378,307,62,27,35,245,32,213,20.195439739413683,8.794788273615636,11.400651465798045,79.80456026058633,10.423452768729643,69.38110749185668
E00064379,307,85,42,43,222,21,201,27.68729641693811,13.680781758957655,14.006514657980457,72.31270358306189,6.840390879478828,65.47231270358306
E00064380,245,56,29,27,189,14,175,22.857142857142858,11.83673469387755,11.020408163265307,77.14285714285715,5.714285714285714,71.42857142857143
E00064381,265,82,39,43,183,12,171,30.943396226415093,14.716981132075471,16.22641509433962,69.0566037735849,4.528301886792453,64.52830188679245
E00064382,273,61,26,35,212,15,197,22.344322344322347,9.523809523809524,12.82051282051282,77.65567765567766,5.4945054945054945,72.16117216117216
E00064383,247,51,27,24,196,16,180,20.647773279352226,10.931174089068826,9.7165991902834,79.35222672064778,6.477732793522267,72.8744939271255
E00064384,256,43,18,25,213,16,197,16.796875,7.03125,9.765625,83.203125,6.25,76.953125
E00064385,283,59,25,34,224,12,212,20.848056537102476,8.8339222614841,12.014134275618375,79.15194346289752,4.240282685512367,74.91166077738515
E00064386,268,44,14,30,224,21,203,16.417910447761194,5.223880597014925,11.194029850746269,83.5820895522388,7.835820895522389,75.74626865671642
E00064387,242,45,20,25,197,17,180,18.59504132231405,8.264462809917356,10.330578512396695,81.40495867768594,7.024793388429752,74.3801652892562
E00064388,277,38,12,26,239,25,214,13.718411552346572,4.332129963898916,9.386281588447654,86.28158844765343,9.025270758122744,77.25631768953069
E00064389,281,61,18,43,220,25,195,21.70818505338078,6.405693950177936,15.302491103202847,78.29181494661923,8.896797153024911,69.3950177935943
E00064390,235,33,11,22,202,16,186,14.042553191489363,4.680851063829787,9.361702127659575,85.95744680851064,6.808510638297872,79.14893617021276
E00064391,307,37,14,23,270,32,238,12.052117263843648,4.5602605863192185,7.491856677524431,87.94788273615634,10.423452768729643,77.52442996742671
E00064392,286,57,19,38,229,13,216,19.93006993006993,6.643356643356643,13.286713286713287,80.06993006993007,4.545454545454546,75.52447552447552
E00064393,301,39,12,27,262,15,247,12.956810631229235,3.9867109634551494,8.970099667774086,87.04318936877077,4.983388704318937,82.05980066445183
E00064394,320,41,10,31,279,19,260,12.812499999999998,3.125,9.6875,87.1875,5.9375,81.25
E00064395,255,28,8,20,227,23,204,10.980392156862745,3.1372549019607843,7.8431372549019605,89.01960784313725,9.019607843137255,80
E00064396,225,41,14,27,184,11,173,18.22222222222222,6.222222222222222,12,81.77777777777779,4.888888888888889,76.88888888888889
E00064397,272,46,19,27,226,25,201,16.911764705882355,6.985294117647059,9.926470588235293,83.08823529411765,9.191176470588236,73.89705882352942
E00064398,317,54,27,27,263,24,239,17.034700315457414,8.517350157728707,8.517350157728707,82.96529968454259,7.570977917981073,75.39432176656152
E00064399,352,63,26,37,289,22,267,17.897727272727273,7.386363636363637,10.511363636363637,82.10227272727273,6.25,75.85227272727273
E00064400,349,68,20,48,281,26,255,19.484240687679083,5.730659025787966,13.753581661891118,80.51575931232091,7.4498567335243555,73.06590257879655
E00064401,244,49,18,31,195,22,173,20.081967213114755,7.377049180327869,12.704918032786885,79.91803278688525,9.01639344262295,70.90163934426229
E00064402,244,63,23,40,181,16,165,25.81967213114754,9.426229508196721,16.39344262295082,74.18032786885246,6.557377049180328,67.62295081967213
E00064403,250,52,26,26,198,17,181,20.8,10.4,10.4,79.2,6.800000000000001,72.39999999999999
E00064404,293,67,32,35,226,26,200,22.866894197952217,10.921501706484642,11.945392491467576,77.13310580204778,8.873720136518772,68.25938566552901
E00064405,217,48,20,28,169,18,151,22.119815668202765,9.216589861751153,12.903225806451612,77.88018433179722,8.294930875576037,69.5852534562212
E00064406,306,38,14,24,268,25,243,12.418300653594772,4.57516339869281,7.8431372549019605,87.58169934640523,8.169934640522875,79.41176470588235
E00064407,234,42,22,20,192,25,167,17.94871794871795,9.401709401709402,8.547008547008547,82.05128205128204,10.683760683760683,71.36752136752136
E00064408,243,31,7,24,212,20,192,12.757201646090536,2.880658436213992,9.876543209876543,87.24279835390946,8.23045267489712,79.01234567901234
E00064409,357,91,41,50,266,19,247,25.49019607843137,11.484593837535014,14.005602240896359,74.50980392156863,5.322128851540616,69.187675070028
E00064410,375,87,36,51,288,14,274,23.200000000000003,9.6,13.600000000000001,76.8,3.733333333333334,73.06666666666666
E00064411,349,45,16,29,304,22,282,12.893982808022923,4.584527220630372,8.30945558739255,87.10601719197709,6.303724928366762,80.80229226361033
E00064412,298,65,30,35,233,13,220,21.812080536912752,10.06711409395973,11.74496644295302,78.18791946308725,4.3624161073825505,73.8255033557047
E00064413,293,54,14,40,239,30,209,18.43003412969283,4.778156996587031,13.651877133105803,81.56996587030717,10.238907849829351,71.33105802047781
E00064414,420,70,30,40,350,28,322,16.666666666666664,7.142857142857142,9.523809523809524,83.33333333333334,6.666666666666667,76.66666666666667
E00064415,282,42,17,25,240,18,222,14.893617021276595,6.028368794326241,8.865248226950355,85.1063829787234,6.382978723404255,78.72340425531915
E00064416,133,60,33,27,73,12,61,45.11278195488722,24.81203007518797,20.30075187969925,54.88721804511278,9.022556390977442,45.86466165413533
E00064417,268,52,20,32,216,19,197,19.402985074626866,7.462686567164178,11.940298507462686,80.59701492537313,7.08955223880597,73.50746268656717
E00064418,287,47,11,36,240,18,222,16.376306620209057,3.8327526132404177,12.543554006968641,83.62369337979094,6.2717770034843205,77.35191637630662
E00064419,369,66,25,41,303,41,262,17.88617886178862,6.775067750677506,11.11111111111111,82.11382113821138,11.11111111111111,71.00271002710026
E00064420,231,73,40,33,158,15,143,31.601731601731604,17.316017316017316,14.285714285714285,68.3982683982684,6.493506493506493,61.904761904761905
E00064421,289,45,16,29,244,25,219,15.570934256055363,5.536332179930796,10.034602076124568,84.42906574394463,8.650519031141869,75.77854671280276
E00064422,319,48,18,30,271,20,251,15.047021943573668,5.6426332288401255,9.404388714733543,84.95297805642633,6.269592476489027,78.68338557993731
E00064423,279,44,16,28,235,17,218,15.770609318996415,5.734767025089606,10.03584229390681,84.22939068100358,6.093189964157706,78.13620071684588
E00064424,333,34,11,23,299,36,263,10.21021021021021,3.303303303303303,6.906906906906906,89.7897897897898,10.81081081081081,78.97897897897897
E00064425,296,51,26,25,245,22,223,17.22972972972973,8.783783783783784,8.445945945945946,82.77027027027027,7.4324324324324325,75.33783783783784
E00064426,340,43,10,33,297,27,270,12.647058823529411,2.941176470588235,9.705882352941178,87.3529411764706,7.941176470588235,79.41176470588235
E00064427,123,61,32,29,62,8,54,49.59349593495935,26.01626016260163,23.577235772357724,50.40650406504065,6.504065040650407,43.90243902439025
E00064428,296,94,58,36,202,11,191,31.756756756756754,19.594594594594593,12.162162162162163,68.24324324324324,3.7162162162162162,64.52702702702703
E00064429,338,53,27,26,285,26,259,15.680473372781064,7.988165680473373,7.6923076923076925,84.31952662721893,7.6923076923076925,76.62721893491124
E00064430,385,56,24,32,329,37,292,14.545454545454545,6.233766233766234,8.311688311688311,85.45454545454545,9.61038961038961,75.84415584415585
E00064431,299,42,20,22,257,30,227,14.046822742474916,6.688963210702341,7.357859531772576,85.95317725752508,10.033444816053512,75.91973244147158
E00064432,283,34,13,21,249,17,232,12.014134275618375,4.593639575971731,7.420494699646643,87.98586572438163,6.007067137809187,81.97879858657244
E00064433,290,41,19,22,249,22,227,14.13793103448276,6.551724137931035,7.586206896551724,85.86206896551725,7.586206896551724,78.27586206896552
E00064434,325,45,11,34,280,22,258,13.846153846153847,3.3846153846153846,10.461538461538462,86.15384615384616,6.769230769230769,79.38461538461539
E00064435,275,40,22,18,235,23,212,14.545454545454545,8,6.545454545454546,85.45454545454545,8.363636363636363,77.0909090909091
E00064436,302,62,22,40,240,14,226,20.52980132450331,7.28476821192053,13.245033112582782,79.47019867549669,4.635761589403973,74.83443708609272
E00064437,250,35,16,19,215,14,201,14.000000000000002,6.4,7.6,86,5.6000000000000005,80.4
E00064438,306,43,18,25,263,15,248,14.052287581699346,5.88235294117647,8.169934640522875,85.94771241830065,4.901960784313726,81.04575163398692
E00064439,135,50,21,29,85,12,73,37.03703703703704,15.555555555555555,21.48148148148148,62.96296296296296,8.88888888888889,54.074074074074076
E00064440,219,65,37,28,154,11,143,29.68036529680365,16.894977168949772,12.785388127853881,70.31963470319634,5.0228310502283104,65.29680365296804
E00064441,248,25,8,17,223,22,201,10.080645161290322,3.225806451612903,6.854838709677419,89.91935483870968,8.870967741935484,81.04838709677419
E00064442,219,47,22,25,172,13,159,21.461187214611872,10.045662100456621,11.415525114155251,78.53881278538812,5.93607305936073,72.6027397260274
E00064443,314,75,37,38,239,10,229,23.88535031847134,11.78343949044586,12.101910828025478,76.11464968152866,3.1847133757961785,72.92993630573248
E00064444,317,50,12,38,267,30,237,15.772870662460567,3.7854889589905363,11.987381703470032,84.22712933753942,9.46372239747634,74.76340694006309
E00064445,228,37,11,26,191,18,173,16.228070175438596,4.824561403508771,11.403508771929824,83.77192982456141,7.894736842105263,75.87719298245614
E00064446,300,58,29,29,242,15,227,19.333333333333332,9.666666666666666,9.666666666666666,80.66666666666666,5,75.66666666666667
E00064447,246,32,8,24,214,22,192,13.008130081300814,3.2520325203252036,9.75609756097561,86.99186991869918,8.94308943089431,78.04878048780488
E00064448,257,49,25,24,208,22,186,19.06614785992218,9.72762645914397,9.33852140077821,80.93385214007782,8.560311284046692,72.37354085603113
E00064449,350,87,31,56,263,18,245,24.857142857142858,8.857142857142856,16,75.14285714285714,5.142857142857142,70
E00064450,377,95,50,45,282,24,258,25.198938992042443,13.262599469496022,11.936339522546419,74.80106100795756,6.36604774535809,68.43501326259947
E00064451,446,91,44,47,355,12,343,20.40358744394619,9.865470852017937,10.538116591928251,79.5964125560538,2.690582959641256,76.90582959641256
E00064452,393,76,34,42,317,7,310,19.338422391857506,8.651399491094146,10.687022900763358,80.6615776081425,1.7811704834605597,78.88040712468194
E00064453,394,135,70,65,259,7,252,34.263959390862944,17.766497461928935,16.49746192893401,65.73604060913706,1.7766497461928936,63.95939086294417
E00064454,370,88,48,40,282,17,265,23.783783783783786,12.972972972972974,10.81081081081081,76.21621621621621,4.594594594594595,71.62162162162163
E00064455,414,101,48,53,313,16,297,24.396135265700483,11.594202898550725,12.80193236714976,75.60386473429952,3.864734299516908,71.73913043478261
E00064456,267,101,48,53,166,8,158,37.82771535580524,17.97752808988764,19.850187265917604,62.172284644194754,2.9962546816479403,59.176029962546814
E00064457,388,77,32,45,311,22,289,19.84536082474227,8.24742268041237,11.597938144329897,80.15463917525774,5.670103092783505,74.48453608247422
E00064458,108,44,21,23,64,11,53,40.74074074074074,19.444444444444446,21.296296296296298,59.25925925925925,10.185185185185185,49.074074074074076
E00064459,441,87,35,52,354,23,331,19.727891156462583,7.936507936507936,11.791383219954648,80.27210884353741,5.215419501133787,75.05668934240363
E00064460,372,68,36,32,304,8,296,18.27956989247312,9.67741935483871,8.60215053763441,81.72043010752688,2.1505376344086025,79.56989247311827
E00064462,376,75,41,34,301,25,276,19.9468085106383,10.904255319148938,9.042553191489363,80.0531914893617,6.648936170212766,73.40425531914893
E00064463,255,69,35,34,186,19,167,27.058823529411764,13.725490196078432,13.333333333333334,72.94117647058823,7.450980392156863,65.49019607843137
E00064464,273,69,31,38,204,12,192,25.274725274725274,11.355311355311356,13.91941391941392,74.72527472527473,4.395604395604396,70.32967032967034
E00064465,381,69,41,28,312,15,297,18.11023622047244,10.761154855643044,7.349081364829396,81.88976377952756,3.937007874015748,77.95275590551181
E00064466,412,89,43,46,323,17,306,21.601941747572813,10.436893203883495,11.165048543689322,78.39805825242718,4.12621359223301,74.27184466019418
E00064467,256,74,30,44,182,10,172,28.90625,11.71875,17.1875,71.09375,3.90625,67.1875
E00064468,392,91,51,40,301,18,283,23.214285714285715,13.010204081632654,10.204081632653061,76.78571428571429,4.591836734693878,72.1938775510204
E00064469,290,60,27,33,230,8,222,20.689655172413794,9.310344827586208,11.379310344827587,79.3103448275862,2.7586206896551726,76.55172413793103
E00064470,243,48,26,22,195,12,183,19.753086419753085,10.699588477366255,9.053497942386832,80.24691358024691,4.938271604938271,75.30864197530865
E00064471,181,55,23,32,126,5,121,30.386740331491712,12.70718232044199,17.67955801104972,69.61325966850829,2.7624309392265194,66.85082872928176
E00064472,315,66,26,40,249,17,232,20.952380952380953,8.253968253968253,12.698412698412698,79.04761904761905,5.396825396825397,73.65079365079366
E00064473,293,62,28,34,231,14,217,21.160409556313994,9.556313993174061,11.604095563139932,78.839590443686,4.778156996587031,74.06143344709898
E00064474,227,48,21,27,179,15,164,21.145374449339208,9.251101321585903,11.894273127753303,78.8546255506608,6.607929515418502,72.24669603524228
E00064475,339,66,31,35,273,11,262,19.469026548672566,9.144542772861357,10.32448377581121,80.53097345132744,3.2448377581120944,77.28613569321534
E00064476,343,77,44,33,266,14,252,22.448979591836736,12.82798833819242,9.620991253644315,77.55102040816327,4.081632653061225,73.46938775510205
E00064477,403,122,65,57,281,14,267,30.272952853598017,16.129032258064516,14.1439205955335,69.72704714640199,3.4739454094292808,66.25310173697271
E00064478,284,68,29,39,216,8,208,23.943661971830984,10.211267605633804,13.732394366197184,76.05633802816901,2.8169014084507045,73.23943661971832
E00064479,307,74,36,38,233,11,222,24.104234527687296,11.726384364820847,12.37785016286645,75.8957654723127,3.5830618892508146,72.31270358306189
E00064480,293,81,44,37,212,11,201,27.64505119453925,15.017064846416384,12.627986348122866,72.35494880546075,3.754266211604096,68.60068259385666
E00064481,293,65,37,28,228,4,224,22.18430034129693,12.627986348122866,9.556313993174061,77.81569965870307,1.3651877133105803,76.45051194539249
E00064482,306,77,43,34,229,10,219,25.163398692810457,14.052287581699346,11.11111111111111,74.83660130718954,3.2679738562091507,71.56862745098039
E00064483,310,64,35,29,246,11,235,20.64516129032258,11.29032258064516,9.35483870967742,79.35483870967742,3.5483870967741935,75.80645161290323
E00064484,243,81,41,40,162,7,155,33.33333333333333,16.872427983539097,16.46090534979424,66.66666666666666,2.880658436213992,63.78600823045267
E00064485,330,97,54,43,233,16,217,29.393939393939394,16.363636363636363,13.030303030303031,70.60606060606061,4.848484848484849,65.75757575757576
E00064486,355,87,47,40,268,19,249,24.507042253521128,13.239436619718308,11.267605633802818,75.49295774647888,5.352112676056338,70.14084507042253
E00064487,232,104,72,32,128,7,121,44.827586206896555,31.03448275862069,13.793103448275861,55.172413793103445,3.0172413793103448,52.1551724137931
E00064488,301,98,45,53,203,9,194,32.55813953488372,14.950166112956811,17.60797342192691,67.44186046511628,2.990033222591362,64.45182724252491
E00064489,290,69,30,39,221,12,209,23.79310344827586,10.344827586206897,13.448275862068964,76.20689655172413,4.137931034482759,72.06896551724138
E00064490,280,70,34,36,210,14,196,25,12.142857142857142,12.857142857142856,75,5,70
E00064491,294,77,39,38,217,18,199,26.190476190476193,13.26530612244898,12.925170068027212,73.80952380952381,6.122448979591836,67.68707482993197
E00064492,295,81,34,47,214,11,203,27.45762711864407,11.525423728813559,15.932203389830507,72.54237288135593,3.728813559322034,68.8135593220339
E00064493,217,64,29,35,153,5,148,29.493087557603687,13.36405529953917,16.129032258064516,70.50691244239631,2.3041474654377883,68.20276497695853
E00064496,324,84,39,45,240,13,227,25.925925925925924,12.037037037037036,13.88888888888889,74.07407407407408,4.012345679012346,70.06172839506173
E00064497,285,64,29,35,221,13,208,22.45614035087719,10.175438596491228,12.280701754385964,77.54385964912281,4.56140350877193,72.98245614035088
E00064498,261,61,37,24,200,9,191,23.371647509578544,14.17624521072797,9.195402298850574,76.62835249042146,3.4482758620689653,73.18007662835248
E00064499,290,92,48,44,198,9,189,31.724137931034484,16.551724137931036,15.172413793103448,68.27586206896552,3.103448275862069,65.17241379310344
E00064500,108,47,23,24,61,8,53,43.51851851851852,21.296296296296298,22.22222222222222,56.481481481481474,7.4074074074074066,49.074074074074076
E00064501,258,71,33,38,187,11,176,27.51937984496124,12.790697674418606,14.728682170542637,72.48062015503875,4.263565891472868,68.21705426356588
E00064502,325,86,42,44,239,25,214,26.461538461538463,12.923076923076923,13.538461538461538,73.53846153846155,7.6923076923076925,65.84615384615384
E00064503,244,69,35,34,175,10,165,28.278688524590162,14.344262295081966,13.934426229508196,71.72131147540983,4.098360655737705,67.62295081967213
E00064504,360,89,37,52,271,14,257,24.72222222222222,10.277777777777777,14.444444444444443,75.27777777777777,3.888888888888889,71.38888888888889
E00064505,278,73,34,39,205,14,191,26.258992805755394,12.23021582733813,14.028776978417264,73.7410071942446,5.0359712230215825,68.70503597122301
E00064506,290,62,24,38,228,21,207,21.379310344827587,8.275862068965518,13.10344827586207,78.62068965517241,7.241379310344828,71.37931034482759
E00064507,326,76,34,42,250,16,234,23.31288343558282,10.429447852760736,12.883435582822086,76.68711656441718,4.9079754601226995,71.77914110429448
E00064508,477,86,38,48,391,40,351,18.029350104821802,7.966457023060797,10.062893081761008,81.9706498951782,8.385744234800839,73.58490566037736
E00064509,331,41,9,32,290,27,263,12.386706948640484,2.719033232628399,9.667673716012084,87.61329305135952,8.157099697885197,79.45619335347432
E00064510,312,46,18,28,266,26,240,14.743589743589745,5.769230769230769,8.974358974358974,85.25641025641025,8.333333333333332,76.92307692307693
E00064511,296,47,15,32,249,26,223,15.878378378378377,5.0675675675675675,10.81081081081081,84.12162162162163,8.783783783783784,75.33783783783784
E00064512,360,70,37,33,290,24,266,19.444444444444446,10.277777777777777,9.166666666666666,80.55555555555556,6.666666666666667,73.88888888888889
E00064513,188,63,34,29,125,9,116,33.51063829787234,18.085106382978726,15.425531914893616,66.48936170212765,4.787234042553192,61.702127659574465
E00064514,308,48,13,35,260,20,240,15.584415584415584,4.220779220779221,11.363636363636363,84.4155844155844,6.493506493506493,77.92207792207793
E00064515,300,37,10,27,263,15,248,12.333333333333334,3.3333333333333335,9,87.66666666666667,5,82.66666666666667
E00064516,268,54,17,37,214,32,182,20.149253731343283,6.343283582089552,13.805970149253731,79.8507462686567,11.940298507462686,67.91044776119402
E00064517,279,45,19,26,234,19,215,16.129032258064516,6.810035842293908,9.31899641577061,83.87096774193549,6.810035842293908,77.06093189964157
E00064518,315,54,19,35,261,29,232,17.142857142857142,6.031746031746032,11.11111111111111,82.85714285714286,9.206349206349207,73.65079365079366
E00064519,251,40,13,27,211,31,180,15.936254980079681,5.179282868525896,10.756972111553784,84.06374501992032,12.350597609561753,71.71314741035857
E00064520,333,84,39,45,249,23,226,25.225225225225223,11.711711711711711,13.513513513513514,74.77477477477478,6.906906906906906,67.86786786786787
E00064521,348,91,54,37,257,19,238,26.14942528735632,15.517241379310345,10.632183908045976,73.85057471264368,5.459770114942529,68.39080459770115
E00064522,339,65,28,37,274,31,243,19.174041297935105,8.259587020648967,10.914454277286136,80.8259587020649,9.144542772861357,71.68141592920354
E00064523,354,63,20,43,291,22,269,17.796610169491526,5.649717514124294,12.146892655367232,82.20338983050848,6.214689265536723,75.98870056497175
E00064524,122,64,32,32,58,9,49,52.459016393442624,26.229508196721312,26.229508196721312,47.540983606557376,7.377049180327869,40.16393442622951
E00064525,320,42,12,30,278,36,242,13.125,3.75,9.375,86.875,11.25,75.625
E00064526,308,34,16,18,274,27,247,11.03896103896104,5.194805194805195,5.844155844155844,88.96103896103897,8.766233766233766,80.1948051948052
E00064527,306,45,18,27,261,21,240,14.705882352941178,5.88235294117647,8.823529411764707,85.29411764705883,6.862745098039216,78.43137254901961
E00064528,257,47,14,33,210,26,184,18.28793774319066,5.447470817120623,12.840466926070038,81.71206225680933,10.116731517509727,71.59533073929961
E00064529,366,82,46,36,284,23,261,22.404371584699454,12.568306010928962,9.836065573770492,77.59562841530054,6.284153005464481,71.31147540983606
E00064530,265,68,30,38,197,16,181,25.660377358490567,11.320754716981133,14.339622641509434,74.33962264150942,6.037735849056604,68.30188679245282
E00064531,338,41,20,21,297,29,268,12.1301775147929,5.9171597633136095,6.21301775147929,87.86982248520711,8.579881656804734,79.28994082840237
E00064532,284,40,18,22,244,12,232,14.084507042253522,6.338028169014084,7.746478873239436,85.91549295774648,4.225352112676056,81.69014084507043
E00064533,370,75,39,36,295,24,271,20.27027027027027,10.54054054054054,9.72972972972973,79.72972972972973,6.486486486486487,73.24324324324324
E00064534,291,74,39,35,217,17,200,25.42955326460481,13.402061855670103,12.027491408934708,74.5704467353952,5.841924398625429,68.72852233676976
E00064535,244,37,17,20,207,17,190,15.163934426229508,6.967213114754098,8.19672131147541,84.8360655737705,6.967213114754098,77.8688524590164
E00064536,327,46,20,26,281,16,265,14.067278287461773,6.116207951070336,7.951070336391437,85.93272171253822,4.892966360856269,81.03975535168195
E00064537,215,77,43,34,138,16,122,35.81395348837209,20,15.813953488372093,64.18604651162791,7.441860465116279,56.74418604651162
E00064538,271,51,21,30,220,16,204,18.81918819188192,7.7490774907749085,11.07011070110701,81.18081180811808,5.904059040590406,75.27675276752768
E00064539,371,70,30,40,301,9,292,18.867924528301888,8.086253369272237,10.781671159029651,81.13207547169812,2.4258760107816713,78.70619946091644
E00064540,195,71,45,26,124,15,109,36.41025641025641,23.076923076923077,13.333333333333334,63.589743589743584,7.6923076923076925,55.8974358974359
E00064541,182,50,18,32,132,13,119,27.472527472527474,9.89010989010989,17.582417582417584,72.52747252747253,7.142857142857142,65.38461538461539
E00064542,202,32,17,15,170,18,152,15.841584158415841,8.415841584158416,7.425742574257425,84.15841584158416,8.91089108910891,75.24752475247524
E00064543,301,45,21,24,256,13,243,14.950166112956811,6.976744186046512,7.973421926910299,85.04983388704319,4.318936877076411,80.73089700996677
E00064544,276,63,30,33,213,22,191,22.82608695652174,10.869565217391305,11.956521739130435,77.17391304347827,7.971014492753622,69.20289855072464
E00064545,219,29,5,24,190,16,174,13.24200913242009,2.28310502283105,10.95890410958904,86.7579908675799,7.30593607305936,79.45205479452055
E00064546,240,76,40,36,164,20,144,31.666666666666664,16.666666666666664,15,68.33333333333333,8.333333333333332,60
E00064547,289,43,18,25,246,13,233,14.878892733564014,6.228373702422145,8.650519031141869,85.12110726643598,4.498269896193772,80.62283737024222
E00064548,300,54,19,35,246,17,229,18,6.333333333333334,11.666666666666666,82,5.666666666666666,76.33333333333333
E00064549,213,30,10,20,183,15,168,14.084507042253522,4.694835680751173,9.389671361502346,85.91549295774648,7.042253521126761,78.87323943661971
E00064550,267,45,16,29,222,16,206,16.853932584269664,5.992509363295881,10.861423220973784,83.14606741573034,5.992509363295881,77.15355805243446
E00064551,247,32,12,20,215,11,204,12.955465587044534,4.8582995951417,8.097165991902834,87.04453441295547,4.4534412955465585,82.5910931174089
E00064552,287,49,21,28,238,19,219,17.073170731707318,7.317073170731707,9.75609756097561,82.92682926829268,6.620209059233449,76.30662020905923
E00064553,213,30,11,19,183,19,164,14.084507042253522,5.164319248826291,8.92018779342723,85.91549295774648,8.92018779342723,76.99530516431925
E00064554,194,60,33,27,134,3,131,30.927835051546392,17.010309278350515,13.917525773195877,69.0721649484536,1.5463917525773196,67.5257731958763
E00064555,236,38,13,25,198,17,181,16.101694915254235,5.508474576271186,10.59322033898305,83.89830508474576,7.203389830508475,76.69491525423729
E00064556,260,52,20,32,208,15,193,20,7.6923076923076925,12.307692307692308,80,5.769230769230769,74.23076923076923
E00064557,252,47,15,32,205,22,183,18.650793650793652,5.952380952380952,12.698412698412698,81.34920634920636,8.73015873015873,72.61904761904762
E00064558,278,61,24,37,217,19,198,21.942446043165468,8.633093525179856,13.309352517985612,78.05755395683454,6.83453237410072,71.22302158273382
E00064559,256,51,19,32,205,24,181,19.921875,7.421875,12.5,80.078125,9.375,70.703125
E00064560,234,37,19,18,197,11,186,15.81196581196581,8.11965811965812,7.6923076923076925,84.1880341880342,4.700854700854701,79.48717948717949
E00064561,269,48,24,24,221,21,200,17.843866171003718,8.921933085501859,8.921933085501859,82.15613382899627,7.806691449814126,74.34944237918215
E00064562,263,41,19,22,222,18,204,15.5893536121673,7.224334600760455,8.365019011406844,84.4106463878327,6.844106463878327,77.56653992395437
E00064563,266,49,16,33,217,16,201,18.421052631578945,6.015037593984962,12.406015037593985,81.57894736842105,6.015037593984962,75.56390977443608
E00064564,333,51,18,33,282,18,264,15.315315315315313,5.405405405405405,9.90990990990991,84.68468468468468,5.405405405405405,79.27927927927928
E00064565,251,38,18,20,213,18,195,15.139442231075698,7.171314741035857,7.968127490039841,84.86055776892431,7.171314741035857,77.68924302788844
E00064566,288,35,16,19,253,19,234,12.152777777777777,5.555555555555555,6.597222222222222,87.84722222222221,6.597222222222222,81.25
E00064567,242,50,16,34,192,17,175,20.66115702479339,6.6115702479338845,14.049586776859504,79.33884297520662,7.024793388429752,72.31404958677686
E00064568,246,56,25,31,190,16,174,22.76422764227642,10.16260162601626,12.601626016260163,77.23577235772358,6.504065040650407,70.73170731707317
E00064569,246,55,25,30,191,17,174,22.35772357723577,10.16260162601626,12.195121951219512,77.64227642276423,6.910569105691057,70.73170731707317
E00064570,258,46,20,26,212,17,195,17.829457364341085,7.751937984496124,10.077519379844961,82.17054263565892,6.5891472868217065,75.5813953488372
E00064571,261,59,26,33,202,15,187,22.60536398467433,9.961685823754788,12.643678160919542,77.39463601532567,5.747126436781609,71.64750957854406
E00064572,254,43,14,29,211,21,190,16.92913385826772,5.511811023622047,11.41732283464567,83.07086614173228,8.267716535433072,74.80314960629921
E00064573,265,61,26,35,204,18,186,23.0188679245283,9.811320754716983,13.20754716981132,76.9811320754717,6.7924528301886795,70.18867924528301
E00064574,254,61,27,34,193,14,179,24.015748031496063,10.62992125984252,13.385826771653544,75.98425196850394,5.511811023622047,70.47244094488188
E00064575,170,71,45,26,99,9,90,41.76470588235294,26.47058823529412,15.294117647058824,58.235294117647065,5.294117647058823,52.94117647058824
E00064576,250,80,36,44,170,14,156,32,14.399999999999999,17.599999999999998,68,5.6000000000000005,62.4
E00064577,272,55,26,29,217,16,201,20.22058823529412,9.558823529411764,10.661764705882353,79.77941176470588,5.88235294117647,73.89705882352942
E00064578,327,35,12,23,292,22,270,10.703363914373089,3.669724770642202,7.033639143730887,89.29663608562691,6.727828746177369,82.56880733944955
E00064579,452,51,19,32,401,40,361,11.283185840707963,4.20353982300885,7.079646017699115,88.71681415929203,8.849557522123893,79.86725663716814
E00064580,269,56,31,25,213,14,199,20.817843866171003,11.524163568773234,9.293680297397769,79.182156133829,5.204460966542751,73.97769516728626
E00064581,267,59,29,30,208,18,190,22.09737827715356,10.861423220973784,11.235955056179774,77.90262172284645,6.741573033707865,71.16104868913857
E00064582,246,36,13,23,210,13,197,14.634146341463413,5.284552845528456,9.34959349593496,85.36585365853658,5.284552845528456,80.08130081300813
E00064583,222,44,18,26,178,12,166,19.81981981981982,8.108108108108109,11.711711711711711,80.18018018018019,5.405405405405405,74.77477477477478
E00064584,274,53,18,35,221,19,202,19.34306569343066,6.569343065693431,12.773722627737227,80.65693430656934,6.934306569343065,73.72262773722628
E00064585,298,66,37,29,232,19,213,22.14765100671141,12.416107382550337,9.731543624161073,77.85234899328859,6.375838926174497,71.47651006711409
E00064586,190,52,21,31,138,8,130,27.368421052631582,11.052631578947368,16.315789473684212,72.63157894736842,4.2105263157894735,68.42105263157895
E00064587,327,77,41,36,250,21,229,23.547400611620795,12.538226299694188,11.009174311926607,76.45259938837921,6.422018348623854,70.03058103975535
E00064588,284,68,30,38,216,20,196,23.943661971830984,10.56338028169014,13.380281690140844,76.05633802816901,7.042253521126761,69.01408450704226
E00064589,226,38,13,25,188,14,174,16.8141592920354,5.752212389380531,11.061946902654867,83.1858407079646,6.1946902654867255,76.99115044247787
E00064590,229,64,35,29,165,9,156,27.947598253275107,15.283842794759824,12.663755458515283,72.0524017467249,3.9301310043668125,68.12227074235808
E00064591,254,69,34,35,185,14,171,27.165354330708663,13.385826771653544,13.779527559055119,72.83464566929135,5.511811023622047,67.32283464566929
E00064592,241,57,30,27,184,19,165,23.651452282157674,12.448132780082988,11.20331950207469,76.34854771784232,7.883817427385892,68.46473029045643
E00064593,285,62,34,28,223,8,215,21.75438596491228,11.929824561403509,9.824561403508772,78.24561403508771,2.807017543859649,75.43859649122807
E00064594,228,51,23,28,177,14,163,22.36842105263158,10.087719298245613,12.280701754385964,77.63157894736842,6.140350877192982,71.49122807017544
E00064595,268,55,37,18,213,12,201,20.522388059701495,13.805970149253731,6.7164179104477615,79.47761194029852,4.477611940298507,75
E00064596,257,62,29,33,195,21,174,24.124513618677042,11.284046692607005,12.840466926070038,75.87548638132296,8.171206225680933,67.70428015564202
E00064597,335,62,29,33,273,12,261,18.507462686567163,8.656716417910449,9.850746268656717,81.49253731343283,3.582089552238806,77.91044776119404
E00064598,188,53,26,27,135,7,128,28.191489361702125,13.829787234042554,14.361702127659576,71.80851063829788,3.723404255319149,68.08510638297872
E00064599,201,67,36,31,134,8,126,33.33333333333333,17.91044776119403,15.422885572139302,66.66666666666666,3.9800995024875623,62.68656716417911
E00064600,281,58,26,32,223,25,198,20.640569395017792,9.252669039145907,11.387900355871885,79.35943060498221,8.896797153024911,70.46263345195729
E00064601,242,70,46,24,172,11,161,28.92561983471074,19.00826446280992,9.917355371900827,71.07438016528926,4.545454545454546,66.52892561983471
E00064602,361,98,35,63,263,28,235,27.146814404432135,9.695290858725762,17.451523545706372,72.85318559556787,7.756232686980609,65.09695290858726
E00064603,350,71,24,47,279,15,264,20.285714285714285,6.857142857142858,13.428571428571429,79.71428571428572,4.285714285714286,75.42857142857143
E00064604,189,81,39,42,108,15,93,42.857142857142854,20.634920634920633,22.22222222222222,57.14285714285714,7.936507936507936,49.2063492063492
E00064605,288,70,39,31,218,14,204,24.305555555555554,13.541666666666666,10.76388888888889,75.69444444444444,4.861111111111112,70.83333333333334
E00064606,230,73,33,40,157,11,146,31.73913043478261,14.347826086956522,17.391304347826086,68.26086956521739,4.782608695652174,63.47826086956522
E00064607,214,52,24,28,162,21,141,24.299065420560748,11.214953271028037,13.084112149532709,75.70093457943925,9.813084112149532,65.88785046728972
E00064608,251,52,17,35,199,17,182,20.717131474103585,6.772908366533864,13.94422310756972,79.2828685258964,6.772908366533864,72.50996015936255
E00064609,326,84,23,61,242,9,233,25.766871165644172,7.05521472392638,18.711656441717793,74.23312883435584,2.7607361963190185,71.47239263803681
E00064610,422,47,12,35,375,31,344,11.137440758293838,2.843601895734597,8.293838862559241,88.86255924170617,7.345971563981042,81.51658767772511
E00064611,280,24,0,24,256,23,233,8.571428571428571,0,8.571428571428571,91.42857142857143,8.214285714285714,83.21428571428572
E00064612,230,29,10,19,201,18,183,12.608695652173912,4.3478260869565215,8.26086956521739,87.39130434782608,7.82608695652174,79.56521739130434
E00064613,296,67,37,30,229,18,211,22.635135135135133,12.5,10.135135135135135,77.36486486486487,6.081081081081082,71.28378378378379
E00064614,154,18,8,10,136,13,123,11.688311688311687,5.194805194805195,6.493506493506493,88.31168831168831,8.441558441558442,79.87012987012987
E00064615,296,30,11,19,266,20,246,10.135135135135135,3.7162162162162162,6.418918918918918,89.86486486486487,6.756756756756757,83.1081081081081
E00064616,252,35,12,23,217,19,198,13.88888888888889,4.761904761904762,9.126984126984127,86.11111111111111,7.5396825396825395,78.57142857142857
E00064617,304,44,14,30,260,19,241,14.473684210526317,4.605263157894736,9.868421052631579,85.52631578947368,6.25,79.27631578947368
E00064618,252,40,19,21,212,20,192,15.873015873015872,7.5396825396825395,8.333333333333332,84.12698412698413,7.936507936507936,76.19047619047619
E00064619,264,49,21,28,215,16,199,18.560606060606062,7.954545454545454,10.606060606060606,81.43939393939394,6.0606060606060606,75.37878787878788
E00064620,402,49,22,27,353,26,327,12.189054726368159,5.472636815920398,6.7164179104477615,87.81094527363184,6.467661691542288,81.34328358208955
E00064621,245,41,16,25,204,12,192,16.73469387755102,6.530612244897959,10.204081632653061,83.26530612244898,4.8979591836734695,78.36734693877551
E00064622,268,50,21,29,218,22,196,18.65671641791045,7.835820895522389,10.820895522388058,81.34328358208955,8.208955223880597,73.13432835820896
E00064623,228,27,15,12,201,18,183,11.842105263157894,6.578947368421052,5.263157894736842,88.1578947368421,7.894736842105263,80.26315789473685
E00064624,250,50,23,27,200,16,184,20,9.2,10.8,80,6.4,73.6
E00064625,335,55,26,29,280,30,250,16.417910447761194,7.761194029850746,8.656716417910449,83.5820895522388,8.955223880597014,74.6268656716418
E00064626,366,61,16,45,305,28,277,16.666666666666664,4.371584699453552,12.295081967213115,83.33333333333334,7.650273224043716,75.68306010928961
E00064627,484,69,22,47,415,31,384,14.256198347107437,4.545454545454546,9.710743801652892,85.74380165289256,6.40495867768595,79.33884297520662
E00064628,325,53,16,37,272,20,252,16.307692307692307,4.923076923076923,11.384615384615385,83.6923076923077,6.153846153846154,77.53846153846153
E00064629,272,39,12,27,233,21,212,14.338235294117647,4.411764705882353,9.926470588235293,85.66176470588235,7.720588235294118,77.94117647058823
E00064630,308,43,17,26,265,23,242,13.96103896103896,5.51948051948052,8.441558441558442,86.03896103896103,7.467532467532467,78.57142857142857
E00064631,196,27,10,17,169,16,153,13.77551020408163,5.1020408163265305,8.673469387755102,86.22448979591837,8.16326530612245,78.06122448979592
E00064632,226,39,14,25,187,15,172,17.25663716814159,6.1946902654867255,11.061946902654867,82.7433628318584,6.637168141592921,76.10619469026548
E00064633,240,40,16,24,200,6,194,16.666666666666664,6.666666666666667,10,83.33333333333334,2.5,80.83333333333333
E00064634,341,44,24,20,297,17,280,12.903225806451612,7.038123167155426,5.865102639296188,87.09677419354838,4.9853372434017595,82.11143695014663
E00064635,291,47,14,33,244,15,229,16.151202749140893,4.810996563573884,11.34020618556701,83.8487972508591,5.154639175257731,78.69415807560138
E00064636,277,41,16,25,236,17,219,14.801444043321299,5.776173285198556,9.025270758122744,85.1985559566787,6.137184115523466,79.06137184115524
E00064637,295,46,18,28,249,24,225,15.593220338983052,6.101694915254238,9.491525423728813,84.40677966101696,8.135593220338983,76.27118644067797
E00064638,272,44,18,26,228,24,204,16.176470588235293,6.61764705882353,9.558823529411764,83.82352941176471,8.823529411764707,75
E00064639,376,46,18,28,330,27,303,12.23404255319149,4.787234042553192,7.446808510638298,87.7659574468085,7.180851063829788,80.58510638297872
E00064640,312,36,15,21,276,20,256,11.538461538461538,4.807692307692308,6.730769230769231,88.46153846153845,6.41025641025641,82.05128205128204
E00064641,302,52,23,29,250,17,233,17.218543046357617,7.6158940397351,9.602649006622517,82.78145695364239,5.629139072847682,77.15231788079471
E00064642,314,33,14,19,281,16,265,10.509554140127388,4.45859872611465,6.050955414012739,89.49044585987261,5.095541401273886,84.39490445859873
E00064643,327,49,15,34,278,16,262,14.984709480122325,4.587155963302752,10.397553516819572,85.01529051987767,4.892966360856269,80.1223241590214
E00064644,398,91,50,41,307,20,287,22.8643216080402,12.562814070351758,10.301507537688442,77.1356783919598,5.025125628140704,72.11055276381909
E00064645,265,37,12,25,228,17,211,13.962264150943396,4.528301886792453,9.433962264150944,86.0377358490566,6.415094339622642,79.62264150943396
E00064646,319,40,17,23,279,26,253,12.539184952978054,5.329153605015674,7.210031347962382,87.46081504702194,8.150470219435736,79.3103448275862
E00064647,304,51,19,32,253,21,232,16.776315789473685,6.25,10.526315789473683,83.22368421052632,6.907894736842106,76.31578947368422
E00064648,289,50,13,37,239,10,229,17.301038062283737,4.498269896193772,12.802768166089965,82.69896193771626,3.4602076124567476,79.23875432525952
E00064649,265,43,20,23,222,20,202,16.22641509433962,7.547169811320755,8.679245283018867,83.77358490566039,7.547169811320755,76.22641509433963
E00064650,386,53,21,32,333,23,310,13.730569948186528,5.4404145077720205,8.290155440414509,86.26943005181347,5.958549222797927,80.31088082901555
E00064651,247,42,14,28,205,14,191,17.00404858299595,5.668016194331984,11.336032388663968,82.99595141700405,5.668016194331984,77.32793522267207
E00064652,250,43,18,25,207,18,189,17.2,7.199999999999999,10,82.8,7.199999999999999,75.6
E00064653,260,42,18,24,218,31,187,16.153846153846153,6.923076923076923,9.230769230769232,83.84615384615385,11.923076923076923,71.92307692307692
E00064654,307,44,17,27,263,19,244,14.332247557003258,5.537459283387622,8.794788273615636,85.66775244299674,6.188925081433225,79.47882736156352
E00064655,307,54,22,32,253,22,231,17.58957654723127,7.166123778501629,10.423452768729643,82.41042345276874,7.166123778501629,75.2442996742671
E00064656,416,61,22,39,355,26,329,14.663461538461538,5.288461538461538,9.375,85.33653846153845,6.25,79.08653846153845
E00064657,231,35,19,16,196,9,187,15.151515151515152,8.225108225108226,6.926406926406926,84.84848484848484,3.896103896103896,80.95238095238095
E00064658,335,50,22,28,285,23,262,14.925373134328357,6.567164179104477,8.358208955223882,85.07462686567165,6.865671641791045,78.2089552238806
E00064659,362,43,15,28,319,22,297,11.878453038674033,4.143646408839778,7.734806629834254,88.12154696132598,6.077348066298343,82.04419889502762
E00064660,317,49,17,32,268,15,253,15.457413249211358,5.3627760252365935,10.094637223974763,84.54258675078864,4.73186119873817,79.81072555205047
E00064661,512,68,27,41,444,27,417,13.28125,5.2734375,8.0078125,86.71875,5.2734375,81.4453125
E00064662,269,61,24,37,208,21,187,22.676579925650557,8.921933085501859,13.754646840148698,77.32342007434944,7.806691449814126,69.51672862453532
E00064663,298,19,5,14,279,33,246,6.375838926174497,1.6778523489932886,4.697986577181208,93.6241610738255,11.073825503355705,82.5503355704698
E00064664,310,31,7,24,279,29,250,10,2.258064516129032,7.741935483870968,90,9.35483870967742,80.64516129032258
E00064665,306,35,8,27,271,23,248,11.437908496732026,2.6143790849673203,8.823529411764707,88.56209150326796,7.516339869281046,81.04575163398692
E00064666,324,57,32,25,267,13,254,17.59259259259259,9.876543209876543,7.716049382716049,82.4074074074074,4.012345679012346,78.39506172839506
E00064669,223,48,22,26,175,6,169,21.524663677130047,9.865470852017937,11.659192825112108,78.47533632286996,2.690582959641256,75.7847533632287
E00064670,331,48,17,31,283,24,259,14.501510574018129,5.13595166163142,9.365558912386707,85.49848942598187,7.250755287009064,78.24773413897282
E00064671,317,54,22,32,263,31,232,17.034700315457414,6.940063091482649,10.094637223974763,82.96529968454259,9.779179810725552,73.18611987381703
E00064672,120,58,41,17,62,8,54,48.333333333333336,34.166666666666664,14.166666666666666,51.66666666666667,6.666666666666667,45
E00064673,324,47,16,31,277,25,252,14.506172839506174,4.938271604938271,9.5679012345679,85.49382716049382,7.716049382716049,77.77777777777779
E00064674,291,32,9,23,259,19,240,10.996563573883162,3.0927835051546393,7.903780068728522,89.00343642611683,6.529209621993128,82.4742268041237
E00064675,328,91,53,38,237,10,227,27.743902439024392,16.158536585365855,11.585365853658537,72.2560975609756,3.048780487804878,69.20731707317073
E00064676,276,63,28,35,213,12,201,22.82608695652174,10.144927536231885,12.681159420289855,77.17391304347827,4.3478260869565215,72.82608695652173
E00064677,187,35,15,20,152,6,146,18.71657754010695,8.0213903743315509,10.695187165775401,81.28342245989305,3.2085561497326207,78.07486631016043
E00064678,275,64,32,32,211,11,200,23.272727272727273,11.636363636363637,11.636363636363637,76.72727272727272,4,72.72727272727273
E00064679,237,36,17,19,201,17,184,15.18987341772152,7.172995780590717,8.016877637130802,84.81012658227847,7.172995780590717,77.63713080168776
E00064680,189,40,18,22,149,9,140,21.164021164021165,9.523809523809524,11.64021164021164,78.83597883597884,4.761904761904762,74.07407407407408
E00064681,344,51,21,30,293,27,266,14.825581395348838,6.104651162790697,8.720930232558139,85.17441860465115,7.848837209302325,77.32558139534885
E00064682,120,52,30,22,68,1,67,43.333333333333336,25,18.333333333333332,56.666666666666664,0.8333333333333334,55.833333333333336
E00064683,287,65,30,35,222,14,208,22.64808362369338,10.452961672473867,12.195121951219512,77.35191637630662,4.878048780487805,72.47386759581882
E00064684,249,75,36,39,174,17,157,30.120481927710845,14.457831325301203,15.66265060240964,69.87951807228916,6.827309236947792,63.05220883534136
E00064685,279,74,32,42,205,25,180,26.523297491039425,11.469534050179211,15.053763440860216,73.47670250896059,8.960573476702509,64.51612903225806
E00064686,337,51,22,29,286,16,270,15.133531157270031,6.528189910979229,8.605341246290802,84.86646884272997,4.747774480712167,80.1186943620178
E00064687,327,53,25,28,274,17,257,16.207951070336392,7.64525993883792,8.56269113149847,83.79204892966361,5.198776758409786,78.59327217125383
E00064688,111,55,28,27,56,7,49,49.549549549549546,25.225225225225223,24.324324324324326,50.45045045045045,6.306306306306306,44.14414414414414
E00064690,454,175,104,71,279,36,243,38.54625550660793,22.90748898678414,15.638766519823788,61.45374449339207,7.929515418502203,53.524229074889874
E00064691,278,88,55,33,190,6,184,31.654676258992804,19.784172661870503,11.870503597122301,68.34532374100719,2.158273381294964,66.18705035971223
E00064695,314,82,45,37,232,20,212,26.11464968152866,14.331210191082802,11.78343949044586,73.88535031847134,6.369426751592357,67.51592356687898
E00064696,224,55,33,22,169,15,154,24.553571428571427,14.732142857142858,9.821428571428571,75.44642857142857,6.696428571428571,68.75
E00064697,300,73,36,37,227,28,199,24.333333333333336,12,12.333333333333334,75.66666666666667,9.333333333333334,66.33333333333333
E00064699,297,61,26,35,236,24,212,20.53872053872054,8.754208754208754,11.784511784511785,79.46127946127946,8.080808080808081,71.38047138047138
E00064700,205,73,39,34,132,7,125,35.609756097560975,19.024390243902438,16.585365853658537,64.39024390243902,3.414634146341464,60.97560975609756
E00064701,299,69,34,35,230,15,215,23.076923076923077,11.37123745819398,11.705685618729097,76.92307692307693,5.016722408026756,71.90635451505017
E00064702,268,69,29,40,199,24,175,25.74626865671642,10.820895522388058,14.925373134328357,74.25373134328358,8.955223880597014,65.29850746268657
E00064703,256,51,26,25,205,8,197,19.921875,10.15625,9.765625,80.078125,3.125,76.953125
E00064704,261,81,39,42,180,13,167,31.03448275862069,14.942528735632186,16.091954022988507,68.96551724137932,4.980842911877394,63.984674329501914
E00064705,213,68,31,37,145,15,130,31.92488262910798,14.553990610328638,17.370892018779344,68.07511737089203,7.042253521126761,61.03286384976526
E00064706,290,65,37,28,225,15,210,22.413793103448278,12.758620689655173,9.655172413793103,77.58620689655173,5.172413793103448,72.41379310344827
E00064707,249,64,27,37,185,20,165,25.702811244979916,10.843373493975903,14.859437751004014,74.29718875502009,8.032128514056225,66.26506024096386
E00064708,274,30,18,12,244,21,223,10.948905109489052,6.569343065693431,4.37956204379562,89.05109489051095,7.664233576642336,81.38686131386861
E00064712,293,40,16,24,253,23,230,13.651877133105803,5.460750853242321,8.19112627986348,86.3481228668942,7.849829351535837,78.49829351535837
E00064713,318,50,22,28,268,19,249,15.723270440251572,6.918238993710692,8.80503144654088,84.27672955974843,5.9748427672955975,78.30188679245283
E00064715,440,59,24,35,381,35,346,13.40909090909091,5.454545454545454,7.954545454545454,86.5909090909091,7.954545454545454,78.63636363636364
E00064717,346,68,32,36,278,17,261,19.653179190751445,9.248554913294797,10.404624277456648,80.34682080924856,4.913294797687861,75.43352601156069
E00064718,231,65,31,34,166,13,153,28.13852813852814,13.41991341991342,14.71861471861472,71.86147186147186,5.627705627705628,66.23376623376623
E00064719,271,56,27,29,215,16,199,20.66420664206642,9.96309963099631,10.70110701107011,79.33579335793358,5.904059040590406,73.43173431734317
E00064720,316,64,31,33,252,8,244,20.253164556962027,9.81012658227848,10.443037974683545,79.74683544303798,2.5316455696202533,77.21518987341773
E00064721,274,34,17,17,240,18,222,12.408759124087592,6.204379562043796,6.204379562043796,87.59124087591242,6.569343065693431,81.02189781021897
E00064722,217,32,16,16,185,18,167,14.746543778801843,7.373271889400922,7.373271889400922,85.25345622119815,8.294930875576037,76.95852534562212
E00064723,246,33,16,17,213,13,200,13.414634146341465,6.504065040650407,6.910569105691057,86.58536585365853,5.284552845528456,81.30081300813008
E00064724,259,41,15,26,218,13,205,15.83011583011583,5.7915057915057915,10.038610038610038,84.16988416988417,5.019305019305019,79.15057915057915
E00064726,283,68,36,32,215,22,193,24.02826855123675,12.7208480565371,11.307420494699647,75.97173144876325,7.773851590106007,68.19787985865725
E00064727,384,79,42,37,305,19,286,20.572916666666664,10.9375,9.635416666666668,79.42708333333334,4.947916666666666,74.47916666666666
E00064728,284,46,18,28,238,23,215,16.19718309859155,6.338028169014084,9.859154929577464,83.80281690140845,8.098591549295776,75.70422535211267
E00064729,296,57,21,36,239,12,227,19.256756756756758,7.094594594594595,12.162162162162163,80.74324324324324,4.054054054054054,76.6891891891892
E00064730,402,99,51,48,303,13,290,24.62686567164179,12.686567164179104,11.940298507462686,75.3731343283582,3.233830845771144,72.13930348258707
E00064731,318,60,26,34,258,21,237,18.867924528301888,8.176100628930817,10.69182389937107,81.13207547169812,6.60377358490566,74.52830188679245
E00064732,344,75,36,39,269,12,257,21.802325581395348,10.465116279069768,11.337209302325581,78.19767441860465,3.488372093023256,74.70930232558139
E00064733,273,61,28,33,212,19,193,22.344322344322347,10.256410256410255,12.087912087912088,77.65567765567766,6.95970695970696,70.6959706959707
E00064734,310,66,33,33,244,7,237,21.29032258064516,10.64516129032258,10.64516129032258,78.70967741935485,2.258064516129032,76.45161290322581
E00064735,288,79,42,37,209,14,195,27.430555555555557,14.583333333333334,12.847222222222221,72.56944444444444,4.861111111111112,67.70833333333334
E00064736,311,67,35,32,244,10,234,21.54340836012862,11.254019292604502,10.289389067524116,78.45659163987139,3.215434083601286,75.2411575562701
E00064737,264,66,24,42,198,17,181,25,9.090909090909092,15.909090909090908,75,6.4393939393939394,68.56060606060606
E00064738,248,66,33,33,182,26,156,26.61290322580645,13.306451612903224,13.306451612903224,73.38709677419355,10.483870967741936,62.903225806451616
E00064739,398,85,46,39,313,11,302,21.35678391959799,11.557788944723619,9.798994974874372,78.64321608040201,2.763819095477387,75.87939698492463
E00064740,319,82,38,44,237,17,220,25.705329153605017,11.912225705329153,13.793103448275861,74.29467084639498,5.329153605015674,68.96551724137932
E00064741,326,80,37,43,246,16,230,24.539877300613497,11.349693251533742,13.190184049079754,75.4601226993865,4.9079754601226995,70.5521472392638
E00064742,266,56,23,33,210,17,193,21.052631578947366,8.646616541353383,12.406015037593985,78.94736842105263,6.390977443609022,72.55639097744361
E00064743,315,67,40,27,248,13,235,21.26984126984127,12.698412698412698,8.571428571428571,78.73015873015873,4.1269841269841265,74.60317460317461
E00064744,321,104,78,26,217,17,200,32.398753894081,24.299065420560748,8.09968847352025,67.601246105919,5.29595015576324,62.30529595015576
E00064745,323,77,44,33,246,13,233,23.8390092879257,13.622291021671826,10.21671826625387,76.16099071207431,4.024767801857585,72.13622291021672
E00064746,310,66,36,30,244,18,226,21.29032258064516,11.612903225806452,9.67741935483871,78.70967741935485,5.806451612903226,72.90322580645162
E00064747,254,58,37,21,196,5,191,22.83464566929134,14.566929133858267,8.267716535433072,77.16535433070865,1.968503937007874,75.19685039370079
E00064748,168,42,17,25,126,14,112,25,10.119047619047619,14.880952380952381,75,8.333333333333332,66.66666666666666
E00064749,309,64,29,35,245,15,230,20.711974110032365,9.385113268608414,11.326860841423949,79.28802588996764,4.854368932038835,74.4336569579288
E00064750,269,78,39,39,191,15,176,28.99628252788104,14.49814126394052,14.49814126394052,71.00371747211895,5.5762081784386615,65.4275092936803
E00064751,163,67,31,36,96,14,82,41.104294478527606,19.018404907975462,22.085889570552148,58.895705521472394,8.588957055214724,50.306748466257666
E00064752,238,56,29,27,182,14,168,23.52941176470588,12.184873949579831,11.344537815126051,76.47058823529412,5.88235294117647,70.58823529411765
E00064753,281,75,37,38,206,7,199,26.690391459074732,13.167259786476867,13.523131672597867,73.30960854092527,2.491103202846975,70.8185053380783
E00064754,304,106,62,44,198,11,187,34.868421052631575,20.394736842105264,14.473684210526317,65.13157894736842,3.618421052631579,61.51315789473685
E00064755,315,87,48,39,228,14,214,27.61904761904762,15.238095238095239,12.380952380952381,72.38095238095238,4.444444444444445,67.93650793650794
E00064756,131,63,26,37,68,12,56,48.091603053435115,19.84732824427481,28.24427480916031,51.908396946564885,9.16030534351145,42.74809160305343
E00064757,310,71,27,44,239,14,225,22.903225806451612,8.709677419354838,14.193548387096774,77.09677419354838,4.516129032258064,72.58064516129032
E00064758,286,86,48,38,200,15,185,30.069930069930066,16.783216783216783,13.286713286713287,69.93006993006993,5.244755244755245,64.6853146853147
E00064759,292,68,29,39,224,9,215,23.28767123287671,9.931506849315069,13.356164383561644,76.71232876712328,3.0821917808219177,73.63013698630137
E00064760,340,69,32,37,271,18,253,20.294117647058822,9.411764705882353,10.882352941176471,79.70588235294119,5.294117647058823,74.41176470588235
E00064761,403,60,25,35,343,14,329,14.888337468982629,6.20347394540943,8.6848635235732,85.11166253101737,3.4739454094292808,81.6377171215881
E00064762,359,80,37,43,279,12,267,22.284122562674096,10.30640668523677,11.977715877437326,77.71587743732591,3.3426183844011144,74.3732590529248
E00064763,385,76,24,52,309,17,292,19.74025974025974,6.233766233766234,13.506493506493506,80.25974025974027,4.415584415584416,75.84415584415585
E00064764,278,56,24,32,222,17,205,20.14388489208633,8.633093525179856,11.510791366906476,79.85611510791367,6.115107913669065,73.7410071942446
E00064765,306,68,29,39,238,16,222,22.22222222222222,9.477124183006536,12.745098039215685,77.77777777777779,5.228758169934641,72.54901960784314
E00064766,339,70,36,34,269,12,257,20.64896755162242,10.619469026548673,10.029498525073747,79.35103244837758,3.5398230088495577,75.81120943952803
E00064767,267,60,23,37,207,19,188,22.47191011235955,8.614232209737828,13.857677902621724,77.52808988764045,7.116104868913857,70.4119850187266
E00064768,395,90,39,51,305,13,292,22.78481012658228,9.873417721518987,12.91139240506329,77.21518987341773,3.2911392405063293,73.9240506329114
E00064769,307,53,23,30,254,13,241,17.263843648208468,7.491856677524431,9.77198697068404,82.73615635179154,4.234527687296417,78.50162866449512
E00064770,304,69,38,31,235,8,227,22.697368421052634,12.5,10.197368421052632,77.30263157894737,2.631578947368421,74.67105263157895
E00064771,305,48,26,22,257,14,243,15.737704918032788,8.524590163934425,7.213114754098362,84.26229508196721,4.590163934426229,79.67213114754098
E00064772,212,43,16,27,169,15,154,20.28301886792453,7.547169811320755,12.735849056603774,79.71698113207547,7.0754716981132075,72.64150943396226
E00064773,275,73,39,34,202,12,190,26.545454545454543,14.181818181818182,12.363636363636363,73.45454545454545,4.363636363636364,69.0909090909091
E00064774,317,63,27,36,254,19,235,19.873817034700316,8.517350157728707,11.35646687697161,80.12618296529969,5.993690851735016,74.13249211356468
E00064775,317,53,21,32,264,10,254,16.7192429022082,6.624605678233439,10.094637223974763,83.2807570977918,3.1545741324921135,80.12618296529969
E00064776,328,55,20,35,273,19,254,16.76829268292683,6.097560975609756,10.670731707317072,83.23170731707317,5.7926829268292686,77.4390243902439
E00064777,337,61,19,42,276,16,260,18.100890207715135,5.637982195845697,12.462908011869436,81.89910979228486,4.747774480712167,77.1513353115727
E00064778,286,48,22,26,238,18,220,16.783216783216783,7.6923076923076925,9.090909090909092,83.21678321678321,6.293706293706294,76.92307692307693
E00064779,338,83,40,43,255,18,237,24.556213017751478,11.834319526627219,12.721893491124261,75.44378698224851,5.325443786982249,70.11834319526628
E00064780,441,67,32,35,374,28,346,15.192743764172336,7.2562358276643995,7.936507936507936,84.80725623582767,6.349206349206349,78.45804988662131
E00064781,302,81,35,46,221,14,207,26.82119205298013,11.589403973509933,15.2317880794702,73.17880794701986,4.635761589403973,68.54304635761589
E00064783,353,76,38,38,277,18,259,21.529745042492916,10.764872521246458,10.764872521246458,78.47025495750708,5.099150141643059,73.37110481586402
E00064784,341,78,35,43,263,21,242,22.87390029325513,10.263929618768328,12.609970674486803,77.12609970674487,6.158357771260997,70.96774193548387
E00064785,243,83,50,33,160,14,146,34.15637860082305,20.5761316872428,13.580246913580247,65.84362139917695,5.761316872427984,60.08230452674898
E00064786,336,61,31,30,275,15,260,18.154761904761905,9.226190476190476,8.928571428571429,81.84523809523809,4.464285714285714,77.38095238095238
E00064787,298,73,31,42,225,22,203,24.496644295302016,10.40268456375839,14.093959731543624,75.50335570469798,7.38255033557047,68.12080536912751
E00064788,279,95,59,36,184,7,177,34.05017921146953,21.14695340501792,12.903225806451612,65.94982078853047,2.5089605734767026,63.44086021505376
E00064789,348,73,34,39,275,14,261,20.977011494252874,9.770114942528735,11.206896551724139,79.02298850574712,4.022988505747127,75
E00064790,287,65,37,28,222,10,212,22.64808362369338,12.89198606271777,9.75609756097561,77.35191637630662,3.484320557491289,73.86759581881533
E00064791,231,69,40,29,162,7,155,29.87012987012987,17.316017316017316,12.554112554112553,70.12987012987013,3.0303030303030303,67.09956709956711
E00064792,149,56,31,25,93,6,87,37.58389261744966,20.80536912751678,16.778523489932887,62.41610738255034,4.026845637583892,58.38926174496645
E00064793,347,77,45,32,270,18,252,22.19020172910663,12.968299711815561,9.221902017291066,77.80979827089337,5.187319884726225,72.62247838616715
E00064794,343,79,37,42,264,10,254,23.03206997084548,10.787172011661808,12.244897959183673,76.96793002915452,2.9154518950437316,74.05247813411079
E00064795,317,59,18,41,258,19,239,18.61198738170347,5.678233438485805,12.933753943217665,81.38801261829653,5.993690851735016,75.39432176656152
E00064796,325,67,32,35,258,16,242,20.615384615384617,9.846153846153847,10.76923076923077,79.38461538461539,4.923076923076923,74.46153846153845
E00064797,323,61,40,21,262,10,252,18.885448916408667,12.38390092879257,6.5015479876160995,81.11455108359134,3.0959752321981426,78.0185758513932
E00064798,295,58,27,31,237,14,223,19.661016949152543,9.152542372881356,10.508474576271185,80.33898305084746,4.745762711864407,75.59322033898304
E00064799,282,75,32,43,207,22,185,26.595744680851062,11.347517730496454,15.24822695035461,73.40425531914893,7.801418439716312,65.60283687943263
E00064800,263,50,26,24,213,17,196,19.011406844106464,9.885931558935361,9.125475285171103,80.98859315589354,6.4638783269961975,74.52471482889734
E00064801,273,59,35,24,214,12,202,21.611721611721613,12.82051282051282,8.791208791208792,78.3882783882784,4.395604395604396,73.992673992674
E00064802,274,55,30,25,219,10,209,20.072992700729927,10.948905109489052,9.124087591240876,79.92700729927007,3.64963503649635,76.27737226277372
E00064803,308,52,26,26,256,12,244,16.883116883116884,8.441558441558442,8.441558441558442,83.11688311688312,3.896103896103896,79.22077922077922
E00064804,316,70,32,38,246,15,231,22.151898734177212,10.126582278481013,12.025316455696203,77.84810126582279,4.746835443037975,73.10126582278481
E00064805,254,79,49,30,175,6,169,31.10236220472441,19.291338582677163,11.811023622047244,68.89763779527559,2.3622047244094486,66.53543307086615
E00064806,426,127,85,42,299,21,278,29.812206572769952,19.953051643192488,9.859154929577464,70.18779342723005,4.929577464788732,65.25821596244131
E00064807,299,53,28,25,246,13,233,17.725752508361204,9.364548494983277,8.361204013377927,82.2742474916388,4.3478260869565215,77.92642140468227
E00064808,175,51,28,23,124,9,115,29.142857142857142,16,13.142857142857142,70.85714285714285,5.142857142857142,65.71428571428571
E00064809,314,80,43,37,234,9,225,25.477707006369428,13.694267515923567,11.78343949044586,74.52229299363057,2.8662420382165608,71.656050955414
E00064810,342,58,32,26,284,6,278,16.95906432748538,9.35672514619883,7.602339181286549,83.04093567251462,1.7543859649122806,81.28654970760235
E00064811,259,59,32,27,200,8,192,22.779922779922778,12.355212355212355,10.424710424710424,77.22007722007721,3.088803088803089,74.13127413127413
E00064812,348,90,34,56,258,18,240,25.862068965517242,9.770114942528735,16.091954022988507,74.13793103448276,5.172413793103448,68.96551724137932
E00064813,574,183,90,93,391,17,374,31.881533101045296,15.6794425087108,16.202090592334496,68.1184668989547,2.961672473867596,65.1567944250871
E00064814,305,76,43,33,229,14,215,24.91803278688525,14.098360655737704,10.819672131147541,75.08196721311475,4.590163934426229,70.49180327868852
E00064815,250,59,27,32,191,12,179,23.599999999999998,10.8,12.8,76.4,4.8,71.6
E00064816,231,41,21,20,190,24,166,17.74891774891775,9.090909090909092,8.658008658008658,82.25108225108225,10.38961038961039,71.86147186147186
E00064817,275,48,29,19,227,10,217,17.454545454545457,10.545454545454545,6.909090909090909,82.54545454545455,3.6363636363636362,78.9090909090909
E00064818,175,40,15,25,135,6,129,22.857142857142858,8.571428571428571,14.285714285714285,77.14285714285715,3.428571428571429,73.71428571428571
E00064819,428,75,41,34,353,18,335,17.523364485981308,9.579439252336448,7.943925233644859,82.4766355140187,4.205607476635514,78.27102803738318
E00064820,453,65,34,31,388,18,370,14.348785871964681,7.505518763796909,6.843267108167771,85.65121412803532,3.9735099337748347,81.67770419426049
E00064821,344,100,45,55,244,30,214,29.069767441860467,13.08139534883721,15.988372093023257,70.93023255813954,8.720930232558139,62.2093023255814
E00064822,464,80,45,35,384,11,373,17.24137931034483,9.698275862068966,7.543103448275862,82.75862068965517,2.3706896551724137,80.38793103448276
E00064823,266,45,17,28,221,16,205,16.917293233082706,6.390977443609022,10.526315789473683,83.0827067669173,6.015037593984962,77.06766917293233
E00064824,254,53,29,24,201,22,179,20.866141732283463,11.41732283464567,9.448818897637794,79.13385826771653,8.661417322834646,70.47244094488188
E00064825,372,64,40,24,308,10,298,17.20430107526882,10.75268817204301,6.451612903225806,82.79569892473118,2.6881720430107525,80.10752688172043
E00064826,278,87,46,41,191,15,176,31.294964028776977,16.546762589928058,14.748201438848922,68.70503597122301,5.39568345323741,63.30935251798561
E00064827,288,74,44,30,214,14,200,25.694444444444443,15.277777777777779,10.416666666666668,74.30555555555556,4.861111111111112,69.44444444444444
E00064828,321,62,34,28,259,13,246,19.314641744548286,10.59190031152648,8.722741433021806,80.68535825545172,4.049844236760125,76.63551401869158
E00064829,233,49,22,27,184,11,173,21.030042918454935,9.44206008583691,11.587982832618025,78.96995708154506,4.721030042918455,74.2489270386266
E00064830,305,29,12,17,276,16,260,9.508196721311474,3.934426229508197,5.573770491803279,90.49180327868852,5.245901639344262,85.24590163934425
E00064831,167,71,36,35,96,6,90,42.51497005988024,21.55688622754491,20.958083832335326,57.48502994011976,3.592814371257485,53.89221556886228
E00064832,265,70,34,36,195,5,190,26.41509433962264,12.830188679245284,13.584905660377359,73.58490566037736,1.8867924528301887,71.69811320754717
E00064833,348,66,34,32,282,12,270,18.96551724137931,9.770114942528735,9.195402298850574,81.03448275862068,3.4482758620689653,77.58620689655173
E00064834,269,73,41,32,196,7,189,27.137546468401485,15.241635687732341,11.895910780669144,72.86245353159852,2.6022304832713754,70.26022304832715
E00064835,312,78,48,30,234,22,212,25,15.384615384615385,9.615384615384617,75,7.051282051282051,67.94871794871796
E00064836,359,83,40,43,276,4,272,23.119777158774372,11.142061281337048,11.977715877437326,76.88022284122563,1.1142061281337048,75.76601671309191
E00064837,259,47,26,21,212,12,200,18.146718146718147,10.038610038610038,8.108108108108109,81.85328185328186,4.633204633204633,77.22007722007721
E00064838,254,48,23,25,206,12,194,18.89763779527559,9.05511811023622,9.84251968503937,81.10236220472441,4.724409448818897,76.37795275590551
E00064839,307,48,26,22,259,13,246,15.63517915309446,8.469055374592834,7.166123778501629,84.36482084690554,4.234527687296417,80.13029315960912
E00064840,359,73,33,40,286,16,270,20.334261838440113,9.192200557103064,11.142061281337048,79.66573816155989,4.456824512534819,75.20891364902506
E00064841,309,69,34,35,240,13,227,22.330097087378643,11.003236245954692,11.326860841423949,77.66990291262135,4.207119741100324,73.46278317152104
E00064842,254,46,17,29,208,18,190,18.11023622047244,6.692913385826772,11.41732283464567,81.88976377952756,7.086614173228346,74.80314960629921
E00064844,294,76,39,37,218,11,207,25.850340136054424,13.26530612244898,12.585034013605442,74.14965986394559,3.741496598639456,70.40816326530613
E00064845,299,46,25,21,253,14,239,15.384615384615385,8.361204013377927,7.023411371237458,84.61538461538461,4.682274247491638,79.93311036789298
E00064846,242,71,40,31,171,11,160,29.338842975206614,16.528925619834713,12.8099173553719,70.66115702479338,4.545454545454546,66.11570247933885
E00064848,268,67,39,28,201,12,189,25,14.55223880597015,10.44776119402985,75,4.477611940298507,70.52238805970148
E00064849,268,53,34,19,215,6,209,19.776119402985074,12.686567164179104,7.08955223880597,80.22388059701493,2.2388059701492535,77.98507462686567
E00064850,304,72,24,48,232,21,211,23.684210526315788,7.894736842105263,15.789473684210526,76.31578947368422,6.907894736842106,69.4078947368421
E00064853,188,49,15,34,139,11,128,26.063829787234045,7.9787234042553195,18.085106382978726,73.93617021276596,5.851063829787234,68.08510638297872
E00064854,244,68,39,29,176,20,156,27.86885245901639,15.983606557377051,11.885245901639344,72.1311475409836,8.19672131147541,63.934426229508205
E00064855,238,52,28,24,186,9,177,21.84873949579832,11.76470588235294,10.084033613445378,78.15126050420169,3.7815126050420167,74.36974789915966
E00064856,277,64,33,31,213,11,202,23.104693140794225,11.913357400722022,11.191335740072201,76.89530685920577,3.9711191335740073,72.92418772563177
E00064858,268,118,89,29,150,9,141,44.02985074626866,33.2089552238806,10.820895522388058,55.970149253731336,3.3582089552238807,52.61194029850746
E00064859,179,50,22,28,129,3,126,27.932960893854748,12.290502793296088,15.64245810055866,72.06703910614524,1.675977653631285,70.39106145251397
E00064860,292,68,33,35,224,13,211,23.28767123287671,11.301369863013697,11.986301369863012,76.71232876712328,4.4520547945205475,72.26027397260275
E00064861,237,72,44,28,165,16,149,30.37974683544304,18.565400843881857,11.814345991561181,69.62025316455697,6.751054852320674,62.869198312236286
E00064862,355,91,56,35,264,14,250,25.633802816901408,15.774647887323944,9.859154929577464,74.36619718309859,3.943661971830986,70.4225352112676
E00064864,589,147,74,73,442,21,421,24.95755517826825,12.563667232597622,12.39388794567063,75.04244482173175,3.5653650254668934,71.47707979626486
E00064866,502,102,49,53,400,29,371,20.318725099601593,9.760956175298805,10.557768924302788,79.6812749003984,5.776892430278884,73.90438247011953
E00064867,502,124,58,66,378,17,361,24.701195219123505,11.553784860557768,13.147410358565736,75.2988047808765,3.386454183266932,71.91235059760956
E00064868,253,64,35,29,189,12,177,25.296442687747035,13.83399209486166,11.462450592885375,74.70355731225297,4.743083003952568,69.96047430830039
E00064869,292,65,22,43,227,12,215,22.26027397260274,7.534246575342466,14.726027397260275,77.73972602739725,4.10958904109589,73.63013698630137
E00064870,342,99,64,35,243,17,226,28.947368421052634,18.71345029239766,10.23391812865497,71.05263157894737,4.970760233918129,66.08187134502924
E00064871,275,58,32,26,217,12,205,21.09090909090909,11.636363636363637,9.454545454545455,78.9090909090909,4.363636363636364,74.54545454545455
E00064872,203,36,16,20,167,14,153,17.733990147783253,7.8817733990147785,9.852216748768473,82.26600985221675,6.896551724137931,75.36945812807882
E00064873,290,55,26,29,235,15,220,18.96551724137931,8.96551724137931,10,81.03448275862068,5.172413793103448,75.86206896551724
E00064874,374,84,38,46,290,14,276,22.459893048128343,10.16042780748663,12.299465240641712,77.54010695187165,3.7433155080213902,73.79679144385027
E00064875,301,49,21,28,252,18,234,16.27906976744186,6.976744186046512,9.30232558139535,83.72093023255815,5.980066445182724,77.74086378737542
E00064876,423,97,59,38,326,19,307,22.93144208037825,13.947990543735225,8.983451536643026,77.06855791962175,4.491725768321513,72.57683215130024
E00064878,266,63,42,21,203,9,194,23.684210526315788,15.789473684210526,7.894736842105263,76.31578947368422,3.3834586466165413,72.93233082706767
E00064879,353,71,34,37,282,10,272,20.113314447592067,9.631728045325778,10.48158640226629,79.88668555240793,2.8328611898017,77.05382436260622
E00064880,310,45,21,24,265,16,249,14.516129032258066,6.774193548387098,7.741935483870968,85.48387096774194,5.161290322580645,80.3225806451613
E00064881,319,65,26,39,254,13,241,20.37617554858934,8.150470219435736,12.225705329153605,79.62382445141067,4.075235109717868,75.54858934169279
E00064882,280,41,22,19,239,15,224,14.642857142857144,7.857142857142857,6.785714285714286,85.35714285714285,5.357142857142857,80
E00064883,416,69,33,36,347,18,329,16.58653846153846,7.9326923076923075,8.653846153846153,83.41346153846155,4.326923076923077,79.08653846153845
E00064884,371,65,22,43,306,9,297,17.52021563342318,5.929919137466308,11.590296495956872,82.47978436657682,2.4258760107816713,80.05390835579514
E00064885,351,68,34,34,283,12,271,19.37321937321937,9.686609686609685,9.686609686609685,80.62678062678063,3.418803418803419,77.20797720797721
E00064886,310,64,22,42,246,17,229,20.64516129032258,7.096774193548387,13.548387096774196,79.35483870967742,5.483870967741936,73.87096774193549
E00064887,282,47,21,26,235,8,227,16.666666666666664,7.446808510638298,9.219858156028367,83.33333333333334,2.8368794326241136,80.49645390070921
E00064889,232,36,11,25,196,9,187,15.517241379310345,4.741379310344827,10.775862068965516,84.48275862068965,3.8793103448275863,80.60344827586206
E00064891,318,57,24,33,261,14,247,17.92452830188679,7.547169811320755,10.377358490566039,82.0754716981132,4.40251572327044,77.67295597484278
E00064892,167,23,9,14,144,5,139,13.77245508982036,5.389221556886228,8.383233532934131,86.22754491017965,2.9940119760479043,83.23353293413174
E00064893,267,49,25,24,218,10,208,18.352059925093634,9.363295880149813,8.98876404494382,81.64794007490637,3.7453183520599254,77.90262172284645
E00064894,405,95,49,46,310,18,292,23.456790123456788,12.098765432098766,11.358024691358025,76.5432098765432,4.444444444444445,72.09876543209876
E00064895,164,46,10,36,118,4,114,28.04878048780488,6.097560975609756,21.951219512195124,71.95121951219512,2.4390243902439024,69.51219512195121
E00064899,314,46,23,23,268,19,249,14.64968152866242,7.32484076433121,7.32484076433121,85.35031847133759,6.050955414012739,79.29936305732484
E00064900,289,80,41,39,209,11,198,27.68166089965398,14.186851211072666,13.494809688581316,72.31833910034602,3.8062283737024223,68.5121107266436
E00064901,363,55,22,33,308,8,300,15.151515151515152,6.0606060606060606,9.090909090909092,84.84848484848484,2.203856749311295,82.64462809917356
E00064902,399,28,10,18,371,19,352,7.017543859649122,2.506265664160401,4.511278195488721,92.98245614035088,4.761904761904762,88.22055137844612
E00064903,339,50,12,38,289,14,275,14.749262536873156,3.5398230088495577,11.209439528023598,85.25073746312685,4.129793510324483,81.12094395280236
E00064904,324,51,21,30,273,20,253,15.74074074074074,6.481481481481481,9.25925925925926,84.25925925925925,6.172839506172839,78.08641975308642
E00064906,336,87,33,54,249,21,228,25.892857142857146,9.821428571428571,16.071428571428573,74.10714285714286,6.25,67.85714285714286
E00064907,385,53,19,34,332,19,313,13.766233766233766,4.935064935064935,8.831168831168831,86.23376623376623,4.935064935064935,81.2987012987013
E00064908,286,45,20,25,241,15,226,15.734265734265735,6.993006993006993,8.741258741258742,84.26573426573427,5.244755244755245,79.02097902097903
E00064909,327,56,15,41,271,9,262,17.12538226299694,4.587155963302752,12.538226299694188,82.87461773700305,2.7522935779816518,80.1223241590214
E00064910,301,38,10,28,263,14,249,12.624584717607974,3.322259136212625,9.30232558139535,87.37541528239203,4.651162790697675,82.72425249169434
E00064911,245,29,14,15,216,20,196,11.83673469387755,5.714285714285714,6.122448979591836,88.16326530612245,8.16326530612245,80
E00064912,358,66,30,36,292,9,283,18.435754189944134,8.379888268156424,10.05586592178771,81.56424581005587,2.5139664804469275,79.05027932960894
E00064913,245,48,13,35,197,14,183,19.591836734693878,5.3061224489795915,14.285714285714285,80.40816326530611,5.714285714285714,74.6938775510204
E00064914,290,49,22,27,241,22,219,16.896551724137932,7.586206896551724,9.310344827586208,83.10344827586206,7.586206896551724,75.51724137931033
E00064915,332,52,27,25,280,15,265,15.66265060240964,8.132530120481928,7.530120481927711,84.33734939759037,4.518072289156627,79.81927710843374
E00064916,292,58,28,30,234,16,218,19.863013698630137,9.58904109589041,10.273972602739725,80.13698630136986,5.47945205479452,74.65753424657534
E00064917,413,55,19,36,358,20,338,13.317191283292978,4.600484261501211,8.716707021791766,86.68280871670703,4.8426150121065374,81.84019370460048
E00064918,276,43,14,29,233,7,226,15.579710144927535,5.072463768115942,10.507246376811594,84.42028985507247,2.536231884057971,81.88405797101449
E00064919,335,55,17,38,280,16,264,16.417910447761194,5.074626865671641,11.343283582089553,83.5820895522388,4.776119402985075,78.80597014925374
E00064920,317,68,42,26,249,13,236,21.451104100946374,13.249211356466878,8.201892744479496,78.54889589905363,4.100946372239748,74.44794952681389
E00064921,299,44,21,23,255,10,245,14.715719063545151,7.023411371237458,7.6923076923076925,85.28428093645485,3.3444816053511706,81.93979933110369
E00064922,241,53,24,29,188,15,173,21.991701244813278,9.95850622406639,12.033195020746888,78.00829875518673,6.224066390041494,71.78423236514523
E00064923,314,46,10,36,268,18,250,14.64968152866242,3.1847133757961785,11.464968152866243,85.35031847133759,5.7324840764331215,79.61783439490446
E00064924,357,66,27,39,291,21,270,18.487394957983195,7.563025210084033,10.92436974789916,81.5126050420168,5.88235294117647,75.63025210084034
E00064925,494,53,8,45,441,24,417,10.728744939271255,1.6194331983805668,9.109311740890687,89.27125506072875,4.8582995951417,84.41295546558705
E00064926,279,32,12,20,247,20,227,11.469534050179211,4.301075268817205,7.168458781362006,88.5304659498208,7.168458781362006,81.36200716845879
E00064927,324,45,14,31,279,15,264,13.88888888888889,4.320987654320987,9.5679012345679,86.11111111111111,4.62962962962963,81.48148148148148
E00064928,306,32,10,22,274,15,259,10.457516339869281,3.2679738562091507,7.18954248366013,89.54248366013073,4.901960784313726,84.640522875817
E00064929,286,22,6,16,264,15,249,7.6923076923076925,2.097902097902098,5.594405594405594,92.3076923076923,5.244755244755245,87.06293706293707
E00064930,488,44,11,33,444,20,424,9.01639344262295,2.2540983606557377,6.762295081967213,90.98360655737704,4.098360655737705,86.88524590163934
E00064931,236,42,12,30,194,14,180,17.796610169491526,5.084745762711865,12.711864406779661,82.20338983050848,5.932203389830509,76.27118644067797
E00064932,330,54,26,28,276,22,254,16.363636363636363,7.878787878787878,8.484848484848486,83.63636363636363,6.666666666666667,76.96969696969697
E00064933,349,63,31,32,286,22,264,18.05157593123209,8.882521489971348,9.169054441260744,81.9484240687679,6.303724928366762,75.64469914040114
E00064935,324,68,40,28,256,14,242,20.98765432098765,12.345679012345679,8.641975308641975,79.01234567901234,4.320987654320987,74.69135802469135
E00064936,301,84,44,40,217,13,204,27.906976744186046,14.61794019933555,13.2890365448505,72.09302325581395,4.318936877076411,67.77408637873754
E00064937,320,57,34,23,263,16,247,17.8125,10.625,7.187499999999999,82.1875,5,77.1875
E00064938,325,64,28,36,261,7,254,19.692307692307693,8.615384615384615,11.076923076923077,80.3076923076923,2.1538461538461537,78.15384615384615
E00064939,337,79,42,37,258,15,243,23.44213649851632,12.462908011869436,10.979228486646884,76.55786350148368,4.451038575667656,72.10682492581603
E00064941,356,68,34,34,288,13,275,19.101123595505616,9.550561797752808,9.550561797752808,80.89887640449437,3.651685393258427,77.24719101123596
E00064942,353,90,46,44,263,6,257,25.495750708215297,13.031161473087819,12.464589235127479,74.5042492917847,1.69971671388102,72.80453257790369
E00064943,297,71,30,41,226,12,214,23.905723905723907,10.1010101010101,13.804713804713806,76.0942760942761,4.040404040404041,72.05387205387206
E00064945,303,59,29,30,244,10,234,19.471947194719473,9.570957095709572,9.900990099009901,80.52805280528052,3.3003300330033,77.22772277227723
E00064946,411,97,47,50,314,13,301,23.600973236009732,11.435523114355231,12.165450121654501,76.39902676399026,3.1630170316301705,73.2360097323601
E00064947,272,62,30,32,210,15,195,22.794117647058822,11.029411764705882,11.76470588235294,77.20588235294117,5.514705882352941,71.69117647058823
E00064948,293,80,38,42,213,12,201,27.303754266211605,12.969283276450511,14.334470989761092,72.6962457337884,4.09556313993174,68.60068259385666
E00064949,333,73,45,28,260,15,245,21.92192192192192,13.513513513513514,8.408408408408409,78.07807807807808,4.504504504504505,73.57357357357357
E00064950,262,65,39,26,197,10,187,24.80916030534351,14.885496183206106,9.923664122137405,75.19083969465649,3.816793893129771,71.37404580152672
E00064951,260,82,51,31,178,13,165,31.538461538461537,19.615384615384617,11.923076923076923,68.46153846153847,5,63.46153846153846
E00064952,257,52,26,26,205,14,191,20.233463035019454,10.116731517509727,10.116731517509727,79.76653696498055,5.447470817120623,74.31906614785993
E00064953,317,75,36,39,242,11,231,23.65930599369085,11.35646687697161,12.302839116719243,76.34069400630915,3.4700315457413247,72.87066246056783
E00064954,317,62,24,38,255,11,244,19.558359621451103,7.570977917981073,11.987381703470032,80.4416403785489,3.4700315457413247,76.97160883280758
E00064955,299,49,26,23,250,13,237,16.387959866220736,8.695652173913043,7.6923076923076925,83.61204013377926,4.3478260869565215,79.26421404682274
E00064956,269,62,28,34,207,8,199,23.04832713754647,10.408921933085502,12.639405204460965,76.95167286245353,2.973977695167286,73.97769516728626
E00064957,334,68,31,37,266,12,254,20.359281437125748,9.281437125748502,11.077844311377245,79.64071856287424,3.592814371257485,76.04790419161677
E00064958,304,79,52,27,225,14,211,25.986842105263158,17.105263157894736,8.881578947368421,74.01315789473685,4.605263157894736,69.4078947368421
E00064959,354,79,37,42,275,11,264,22.316384180790962,10.451977401129943,11.864406779661017,77.68361581920904,3.1073446327683616,74.57627118644068
E00064960,351,72,32,40,279,11,268,20.51282051282051,9.116809116809117,11.396011396011396,79.48717948717949,3.133903133903134,76.35327635327636
E00064961,484,104,49,55,380,15,365,21.487603305785125,10.12396694214876,11.363636363636363,78.51239669421489,3.0991735537190084,75.41322314049587
E00064962,386,56,27,29,330,12,318,14.507772020725387,6.994818652849741,7.512953367875648,85.49222797927462,3.1088082901554404,82.38341968911918
E00064964,233,60,30,30,173,7,166,25.75107296137339,12.875536480686694,12.875536480686694,74.2489270386266,3.004291845493562,71.24463519313305
E00064965,346,58,30,28,288,18,270,16.76300578034682,8.670520231213873,8.092485549132949,83.23699421965318,5.202312138728324,78.03468208092485
E00064967,308,49,29,20,259,13,246,15.909090909090908,9.415584415584416,6.493506493506493,84.0909090909091,4.220779220779221,79.87012987012987
E00064969,291,76,36,40,215,17,198,26.11683848797251,12.371134020618557,13.745704467353953,73.8831615120275,5.841924398625429,68.04123711340206
E00064971,406,64,32,32,342,11,331,15.763546798029557,7.8817733990147785,7.8817733990147785,84.23645320197043,2.70935960591133,81.5270935960591
E00064973,451,92,42,50,359,23,336,20.39911308203991,9.312638580931264,11.086474501108649,79.6008869179601,5.099778270509978,74.50110864745011
E00064974,599,113,51,62,486,44,442,18.864774624373958,8.514190317195327,10.35058430717863,81.13522537562604,7.345575959933222,73.78964941569282
E00064975,399,90,51,39,309,13,296,22.55639097744361,12.781954887218044,9.774436090225564,77.44360902255639,3.258145363408521,74.18546365914787
E00064976,518,90,46,44,428,20,408,17.374517374517374,8.880308880308881,8.494208494208493,82.62548262548263,3.861003861003861,78.76447876447877
E00064977,362,75,35,40,287,27,260,20.718232044198896,9.668508287292818,11.049723756906078,79.28176795580112,7.458563535911603,71.8232044198895
E00064978,363,60,26,34,303,7,296,16.528925619834713,7.162534435261708,9.366391184573002,83.47107438016529,1.9283746556473829,81.5426997245179
E00064979,321,70,45,25,251,8,243,21.806853582554517,14.018691588785046,7.78816199376947,78.19314641744548,2.4922118380062304,75.70093457943925
E00064980,257,71,35,36,186,13,173,27.626459143968873,13.618677042801556,14.007782101167315,72.37354085603113,5.058365758754864,67.31517509727627
E00064981,296,60,28,32,236,22,214,20.27027027027027,9.45945945945946,10.81081081081081,79.72972972972973,7.4324324324324325,72.2972972972973
E00064982,294,63,34,29,231,14,217,21.428571428571427,11.564625850340136,9.863945578231291,78.57142857142857,4.761904761904762,73.80952380952381
E00064983,205,58,25,33,147,17,130,28.292682926829265,12.195121951219512,16.097560975609756,71.70731707317073,8.292682926829269,63.41463414634146
E00064984,419,113,69,44,306,18,288,26.968973747016705,16.467780429594274,10.501193317422434,73.0310262529833,4.295942720763723,68.73508353221956
E00064985,342,74,39,35,268,11,257,21.637426900584796,11.403508771929824,10.23391812865497,78.3625730994152,3.216374269005848,75.14619883040936
E00064986,259,69,38,31,190,11,179,26.640926640926644,14.671814671814673,11.96911196911197,73.35907335907336,4.247104247104247,69.1119691119691
E00064987,318,72,35,37,246,10,236,22.641509433962266,11.0062893081761,11.635220125786164,77.35849056603774,3.1446540880503147,74.21383647798741
E00064988,214,42,21,21,172,8,164,19.626168224299064,9.813084112149532,9.813084112149532,80.37383177570094,3.7383177570093453,76.63551401869158
E00064989,235,85,51,34,150,13,137,36.17021276595745,21.70212765957447,14.468085106382977,63.829787234042556,5.531914893617021,58.29787234042553
E00064990,307,73,32,41,234,13,221,23.778501628664493,10.423452768729643,13.355048859934854,76.2214983713355,4.234527687296417,71.9869706840391
E00064991,250,65,27,38,185,8,177,26,10.8,15.2,74,3.2,70.8
E00064992,301,39,16,23,262,18,244,12.956810631229235,5.3156146179401995,7.641196013289036,87.04318936877077,5.980066445182724,81.06312292358804
E00064993,158,54,29,25,104,9,95,34.177215189873415,18.354430379746837,15.822784810126583,65.82278481012658,5.69620253164557,60.12658227848101
E00064994,261,60,25,35,201,8,193,22.988505747126435,9.578544061302683,13.409961685823754,77.01149425287356,3.065134099616858,73.9463601532567
E00064995,229,60,27,33,169,18,151,26.200873362445414,11.790393013100436,14.41048034934498,73.7991266375546,7.860262008733625,65.93886462882097
E00064996,338,56,18,38,282,17,265,16.56804733727811,5.325443786982249,11.242603550295858,83.4319526627219,5.029585798816568,78.40236686390533
E00064997,340,59,29,30,281,25,256,17.352941176470587,8.529411764705882,8.823529411764707,82.6470588235294,7.352941176470589,75.29411764705883
E00064998,226,54,18,36,172,12,160,23.893805309734514,7.964601769911504,15.929203539823009,76.10619469026548,5.3097345132743365,70.79646017699115
E00064999,266,74,49,25,192,14,178,27.819548872180448,18.421052631578945,9.398496240601503,72.18045112781954,5.263157894736842,66.9172932330827
E00065000,295,44,13,31,251,25,226,14.915254237288137,4.406779661016949,10.508474576271185,85.08474576271186,8.47457627118644,76.61016949152543
E00065002,333,72,27,45,261,17,244,21.62162162162162,8.108108108108109,13.513513513513514,78.37837837837837,5.105105105105105,73.27327327327328
E00065003,300,79,34,45,221,11,210,26.333333333333332,11.333333333333332,15,73.66666666666667,3.6666666666666665,70
E00065004,278,56,39,17,222,14,208,20.14388489208633,14.028776978417264,6.115107913669065,79.85611510791367,5.0359712230215825,74.82014388489209
E00065005,271,70,41,29,201,8,193,25.830258302583026,15.129151291512915,10.70110701107011,74.16974169741697,2.952029520295203,71.21771217712177
E00065006,415,92,38,54,323,24,299,22.16867469879518,9.156626506024097,13.012048192771083,77.83132530120483,5.783132530120482,72.04819277108435
E00065007,343,44,14,30,299,21,278,12.82798833819242,4.081632653061225,8.746355685131196,87.17201166180757,6.122448979591836,81.04956268221575
E00065008,317,77,38,39,240,13,227,24.290220820189273,11.987381703470032,12.302839116719243,75.70977917981072,4.100946372239748,71.60883280757098
E00065009,287,40,16,24,247,15,232,13.937282229965156,5.574912891986063,8.362369337979095,86.06271777003485,5.2264808362369335,80.8362369337979
E00065010,319,55,25,30,264,15,249,17.24137931034483,7.836990595611286,9.404388714733543,82.75862068965517,4.702194357366771,78.0564263322884
E00065011,285,55,27,28,230,15,215,19.298245614035086,9.473684210526317,9.824561403508772,80.7017543859649,5.263157894736842,75.43859649122807
E00065012,231,89,55,34,142,9,133,38.52813852813853,23.809523809523807,14.71861471861472,61.471861471861466,3.896103896103896,57.57575757575758
E00065013,293,96,48,48,197,20,177,32.76450511945392,16.38225255972696,16.38225255972696,67.23549488054607,6.825938566552901,60.40955631399317
E00065014,249,54,15,39,195,20,175,21.686746987951807,6.024096385542169,15.66265060240964,78.3132530120482,8.032128514056225,70.28112449799197
E00065015,216,34,15,19,182,10,172,15.74074074074074,6.944444444444445,8.796296296296296,84.25925925925925,4.62962962962963,79.62962962962963
E00065016,312,66,19,47,246,23,223,21.153846153846153,6.089743589743589,15.064102564102564,78.84615384615384,7.371794871794872,71.47435897435898
E00065017,278,54,25,29,224,20,204,19.424460431654676,8.992805755395683,10.431654676258994,80.57553956834532,7.1942446043165464,73.38129496402878
E00065018,158,60,30,30,98,10,88,37.9746835443038,18.9873417721519,18.9873417721519,62.0253164556962,6.329113924050633,55.69620253164557
E00065019,404,119,73,46,285,11,274,29.455445544554454,18.06930693069307,11.386138613861387,70.54455445544554,2.722772277227723,67.82178217821783
E00065020,369,109,64,45,260,11,249,29.539295392953928,17.344173441734416,12.195121951219512,70.46070460704607,2.9810298102981028,67.47967479674797
E00065021,253,77,48,29,176,6,170,30.434782608695656,18.972332015810274,11.462450592885375,69.56521739130434,2.371541501976284,67.19367588932806
E00065022,439,141,102,39,298,14,284,32.11845102505695,23.234624145785876,8.88382687927107,67.88154897494306,3.189066059225513,64.69248291571755
E00065023,308,53,20,33,255,13,242,17.20779220779221,6.493506493506493,10.714285714285714,82.79220779220779,4.220779220779221,78.57142857142857
E00065024,375,65,32,33,310,12,298,17.333333333333336,8.533333333333333,8.799999999999999,82.66666666666667,3.2,79.46666666666667
E00065025,477,74,32,42,403,21,382,15.513626834381553,6.7085953878406714,8.80503144654088,84.48637316561845,4.40251572327044,80.083857442348
E00065026,382,70,36,34,312,19,293,18.32460732984293,9.424083769633508,8.900523560209423,81.67539267015707,4.973821989528796,76.70157068062828
E00065027,371,56,21,35,315,24,291,15.09433962264151,5.660377358490567,9.433962264150944,84.90566037735849,6.46900269541779,78.4366576819407
E00065028,326,62,29,33,264,12,252,19.018404907975462,8.895705521472392,10.122699386503067,80.98159509202453,3.6809815950920246,77.30061349693251
E00065029,459,104,53,51,355,21,334,22.657952069716774,11.546840958605664,11.11111111111111,77.34204793028321,4.57516339869281,72.76688453159042
E00065030,335,60,30,30,275,17,258,17.91044776119403,8.955223880597014,8.955223880597014,82.08955223880598,5.074626865671641,77.01492537313432
E00065031,568,66,21,45,502,28,474,11.619718309859154,3.697183098591549,7.922535211267606,88.38028169014085,4.929577464788732,83.45070422535211
E00065032,281,76,39,37,205,8,197,27.046263345195733,13.87900355871886,13.167259786476867,72.95373665480427,2.8469750889679712,70.1067615658363
E00065033,234,78,47,31,156,10,146,33.33333333333333,20.085470085470085,13.247863247863249,66.66666666666666,4.273504273504273,62.39316239316239
E00065034,401,91,46,45,310,19,291,22.693266832917704,11.471321695760599,11.221945137157107,77.3067331670823,4.738154613466334,72.56857855361596
E00065035,276,55,31,24,221,10,211,19.92753623188406,11.231884057971014,8.695652173913043,80.07246376811594,3.6231884057971016,76.44927536231883
E00065036,320,71,39,32,249,9,240,22.1875,12.1875,10,77.8125,2.8125,75
E00065037,318,90,50,40,228,17,211,28.30188679245283,15.723270440251572,12.578616352201259,71.69811320754717,5.345911949685535,66.35220125786164
E00065038,274,45,17,28,229,7,222,16.423357664233578,6.204379562043796,10.218978102189782,83.57664233576642,2.5547445255474455,81.02189781021897
E00065039,319,86,53,33,233,10,223,26.959247648902824,16.614420062695924,10.344827586206897,73.04075235109718,3.1347962382445136,69.90595611285266
E00065040,396,73,40,33,323,12,311,18.434343434343432,10.1010101010101,8.333333333333332,81.56565656565657,3.0303030303030303,78.53535353535354
E00065041,302,90,51,39,212,16,196,29.80132450331126,16.887417218543046,12.91390728476821,70.19867549668875,5.298013245033113,64.90066225165563
E00065042,553,96,49,47,457,32,425,17.359855334538878,8.860759493670885,8.499095840867993,82.64014466546112,5.786618444846293,76.85352622061484
E00065043,431,70,26,44,361,17,344,16.241299303944317,6.0324825986078885,10.208816705336426,83.75870069605568,3.944315545243619,79.81438515081206
E00065044,208,95,51,44,113,10,103,45.67307692307692,24.519230769230766,21.153846153846153,54.32692307692307,4.807692307692308,49.519230769230774
E00065048,449,79,39,40,370,24,346,17.59465478841871,8.68596881959911,8.908685968819599,82.40534521158129,5.3452115812917596,77.06013363028953
E00065049,499,110,52,58,389,29,360,22.044088176352705,10.420841683366733,11.623246492985972,77.9559118236473,5.811623246492986,72.14428857715431
E00065050,441,94,46,48,347,18,329,21.31519274376417,10.430839002267573,10.884353741496598,78.68480725623583,4.081632653061225,74.60317460317461
E00065056,280,61,34,27,219,15,204,21.785714285714285,12.142857142857142,9.642857142857144,78.21428571428571,5.357142857142857,72.85714285714285
E00065057,334,54,16,38,280,26,254,16.16766467065868,4.790419161676647,11.377245508982035,83.8323353293413,7.784431137724551,76.04790419161677
E00065058,248,61,26,35,187,17,170,24.596774193548388,10.483870967741936,14.112903225806454,75.40322580645162,6.854838709677419,68.54838709677419
E00065059,279,45,21,24,234,19,215,16.129032258064516,7.526881720430108,8.60215053763441,83.87096774193549,6.810035842293908,77.06093189964157
E00065060,443,79,44,35,364,19,345,17.83295711060948,9.932279909706546,7.900677200902935,82.16704288939052,4.288939051918736,77.87810383747178
E00065061,399,78,40,38,321,17,304,19.548872180451127,10.025062656641603,9.523809523809524,80.45112781954887,4.260651629072681,76.19047619047619
E00065062,135,79,50,29,56,7,49,58.51851851851851,37.03703703703704,21.48148148148148,41.48148148148148,5.185185185185185,36.2962962962963
E00065063,282,38,18,20,244,9,235,13.47517730496454,6.382978723404255,7.092198581560284,86.52482269503547,3.1914893617021276,83.33333333333334
E00065064,255,47,23,24,208,3,205,18.43137254901961,9.019607843137255,9.411764705882353,81.56862745098039,1.1764705882352942,80.3921568627451
E00065065,282,36,15,21,246,20,226,12.76595744680851,5.319148936170213,7.446808510638298,87.2340425531915,7.092198581560284,80.1418439716312
E00065066,621,134,75,59,487,25,462,21.578099838969404,12.077294685990339,9.500805152979067,78.4219001610306,4.025764895330113,74.39613526570048
E00065069,291,51,20,31,240,16,224,17.525773195876287,6.872852233676976,10.652920962199312,82.4742268041237,5.498281786941581,76.97594501718214
E00065070,318,63,34,29,255,13,242,19.81132075471698,10.69182389937107,9.119496855345911,80.18867924528303,4.088050314465408,76.10062893081762
E00065071,213,43,21,22,170,17,153,20.187793427230048,9.859154929577464,10.328638497652582,79.81220657276995,7.981220657276995,71.83098591549296
E00065072,223,48,25,23,175,10,165,21.524663677130047,11.210762331838566,10.31390134529148,78.47533632286996,4.484304932735426,73.99103139013454
E00065073,282,55,20,35,227,11,216,19.50354609929078,7.092198581560284,12.411347517730496,80.49645390070921,3.900709219858156,76.59574468085107
E00065074,226,40,18,22,186,9,177,17.699115044247787,7.964601769911504,9.734513274336283,82.30088495575221,3.982300884955752,78.31858407079646
E00065075,254,121,88,33,133,8,125,47.63779527559055,34.645669291338585,12.992125984251967,52.362204724409445,3.149606299212598,49.21259842519685
E00065076,256,56,34,22,200,22,178,21.875,13.28125,8.59375,78.125,8.59375,69.53125
E00065077,307,55,27,28,252,26,226,17.91530944625407,8.794788273615636,9.120521172638437,82.08469055374593,8.469055374592834,73.61563517915309
E00065078,309,39,15,24,270,31,239,12.62135922330097,4.854368932038835,7.766990291262135,87.37864077669903,10.032362459546926,77.34627831715211
E00065079,316,38,15,23,278,20,258,12.025316455696203,4.746835443037975,7.2784810126582276,87.9746835443038,6.329113924050633,81.64556962025317
E00065080,361,30,16,14,331,12,319,8.310249307479225,4.43213296398892,3.8781163434903045,91.68975069252078,3.32409972299169,88.36565096952909
E00065081,257,34,12,22,223,11,212,13.229571984435799,4.669260700389105,8.560311284046692,86.7704280155642,4.280155642023346,82.49027237354085
E00065082,302,35,12,23,267,14,253,11.589403973509933,3.9735099337748347,7.6158940397351,88.41059602649007,4.635761589403973,83.77483443708608
E00065083,248,47,27,20,201,15,186,18.951612903225808,10.887096774193548,8.064516129032258,81.04838709677419,6.048387096774194,75
E00065084,314,42,15,27,272,22,250,13.375796178343949,4.777070063694268,8.598726114649681,86.62420382165605,7.006369426751593,79.61783439490446
E00065085,310,87,43,44,223,19,204,28.064516129032256,13.870967741935484,14.193548387096774,71.93548387096774,6.129032258064516,65.80645161290323
E00065086,302,52,25,27,250,15,235,17.218543046357617,8.27814569536424,8.940397350993377,82.78145695364239,4.966887417218543,77.81456953642383
E00065087,378,142,103,39,236,8,228,37.56613756613756,27.24867724867725,10.317460317460316,62.43386243386243,2.1164021164021163,60.317460317460316
E00065088,247,65,28,37,182,8,174,26.31578947368421,11.336032388663968,14.979757085020243,73.68421052631578,3.2388663967611335,70.44534412955466
E00065089,345,69,37,32,276,12,264,20,10.72463768115942,9.27536231884058,80,3.4782608695652173,76.52173913043478
E00065090,299,54,17,37,245,11,234,18.06020066889632,5.68561872909699,12.37458193979933,81.93979933110369,3.678929765886288,78.26086956521739
E00065091,276,46,18,28,230,19,211,16.666666666666664,6.521739130434782,10.144927536231885,83.33333333333334,6.884057971014493,76.44927536231883
E00065092,273,34,12,22,239,19,220,12.454212454212454,4.395604395604396,8.058608058608058,87.54578754578755,6.95970695970696,80.58608058608058
E00065093,307,58,22,36,249,15,234,18.892508143322477,7.166123778501629,11.726384364820847,81.10749185667753,4.88599348534202,76.2214983713355
E00065094,282,53,18,35,229,19,210,18.79432624113475,6.382978723404255,12.411347517730496,81.20567375886525,6.73758865248227,74.46808510638297
E00065095,337,89,45,44,248,19,229,26.409495548961427,13.353115727002967,13.056379821958458,73.59050445103857,5.637982195845697,67.95252225519289
E00065096,267,44,18,26,223,15,208,16.479400749063668,6.741573033707865,9.737827715355806,83.52059925093633,5.617977528089887,77.90262172284645
E00065097,209,41,14,27,168,10,158,19.617224880382775,6.698564593301436,12.918660287081341,80.38277511961722,4.784688995215311,75.5980861244019
E00065098,247,60,30,30,187,11,176,24.291497975708502,12.145748987854251,12.145748987854251,75.7085020242915,4.4534412955465585,71.25506072874494
E00065100,309,129,89,40,180,12,168,41.74757281553398,28.802588996763756,12.944983818770226,58.252427184466015,3.8834951456310676,54.36893203883495
E00065101,267,93,51,42,174,17,157,34.831460674157306,19.101123595505616,15.730337078651685,65.1685393258427,6.367041198501873,58.80149812734082
E00065102,301,46,20,26,255,12,243,15.282392026578073,6.64451827242525,8.637873754152823,84.71760797342192,3.9867109634551494,80.73089700996677
E00065103,327,56,18,38,271,24,247,17.12538226299694,5.5045871559633035,11.62079510703364,82.87461773700305,7.339449541284404,75.53516819571865
E00065104,398,39,11,28,359,38,321,9.798994974874372,2.763819095477387,7.035175879396985,90.20100502512562,9.547738693467336,80.65326633165829
E00065105,233,33,12,21,200,14,186,14.163090128755366,5.150214592274678,9.012875536480687,85.83690987124464,6.008583690987124,79.82832618025752
E00065106,250,32,13,19,218,10,208,12.8,5.2,7.6,87.2,4,83.2
E00065107,252,31,13,18,221,15,206,12.3015873015873,5.158730158730158,7.142857142857142,87.6984126984127,5.952380952380952,81.74603174603175
E00065108,541,98,40,58,443,34,409,18.11460258780037,7.393715341959335,10.720887245841034,81.88539741219964,6.284658040665435,75.6007393715342
E00065109,265,66,36,30,199,17,182,24.90566037735849,13.584905660377359,11.320754716981133,75.09433962264151,6.415094339622642,68.67924528301886
E00065110,261,39,20,19,222,22,200,14.942528735632186,7.662835249042145,7.2796934865900385,85.0574712643678,8.42911877394636,76.62835249042146
E00065111,331,61,24,37,270,23,247,18.429003021148034,7.250755287009064,11.178247734138973,81.57099697885197,6.948640483383686,74.62235649546828
E00065112,243,43,20,23,200,8,192,17.695473251028808,8.23045267489712,9.465020576131687,82.3045267489712,3.292181069958848,79.01234567901234
E00065113,297,40,13,27,257,27,230,13.468013468013467,4.377104377104377,9.090909090909092,86.53198653198653,9.090909090909092,77.44107744107744
E00065114,229,73,38,35,156,14,142,31.877729257641924,16.593886462882097,15.283842794759824,68.12227074235808,6.11353711790393,62.00873362445415
E00065115,284,62,33,29,222,21,201,21.830985915492956,11.619718309859154,10.211267605633804,78.16901408450704,7.394366197183098,70.77464788732394
E00065116,431,113,61,52,318,25,293,26.218097447795824,14.153132250580047,12.064965197215777,73.78190255220419,5.800464037122969,67.98143851508121
E00065118,322,81,46,35,241,29,212,25.15527950310559,14.285714285714285,10.869565217391305,74.84472049689441,9.006211180124224,65.83850931677019
E00065119,386,76,30,46,310,18,292,19.689119170984455,7.772020725388601,11.917098445595855,80.31088082901555,4.66321243523316,75.64766839378238
E00065120,358,84,53,31,274,10,264,23.463687150837988,14.804469273743019,8.659217877094973,76.53631284916202,2.793296089385475,73.74301675977654
E00065121,266,54,29,25,212,10,202,20.30075187969925,10.902255639097744,9.398496240601503,79.69924812030075,3.7593984962406015,75.93984962406014
E00065123,243,70,33,37,173,12,161,28.80658436213992,13.580246913580247,15.22633744855967,71.19341563786008,4.938271604938271,66.2551440329218
E00065124,298,70,31,39,228,14,214,23.48993288590604,10.40268456375839,13.087248322147651,76.51006711409396,4.697986577181208,71.81208053691275
E00065125,263,65,31,34,198,9,189,24.714828897338403,11.787072243346007,12.927756653992395,75.2851711026616,3.4220532319391634,71.86311787072243
E00065126,386,96,53,43,290,21,269,24.870466321243523,13.730569948186528,11.139896373056994,75.12953367875647,5.4404145077720205,69.68911917098445
E00065127,301,43,12,31,258,21,237,14.285714285714285,3.9867109634551494,10.299003322259136,85.71428571428571,6.976744186046512,78.7375415282392
E00065128,330,77,36,41,253,19,234,23.333333333333332,10.909090909090908,12.424242424242424,76.66666666666667,5.757575757575758,70.9090909090909
E00065129,195,42,22,20,153,9,144,21.53846153846154,11.282051282051283,10.256410256410255,78.46153846153847,4.615384615384616,73.84615384615385
E00065130,281,45,17,28,236,13,223,16.014234875444842,6.049822064056939,9.9644128113879,83.98576512455516,4.6263345195729535,79.35943060498221
E00065131,225,36,18,18,189,22,167,16,8,8,84,9.777777777777779,74.22222222222223
E00065132,325,51,26,25,274,21,253,15.692307692307692,8,7.6923076923076925,84.3076923076923,6.461538461538462,77.84615384615384
E00065133,279,55,21,34,224,11,213,19.71326164874552,7.526881720430108,12.186379928315413,80.28673835125448,3.942652329749104,76.34408602150538
E00065134,280,46,11,35,234,25,209,16.428571428571427,3.9285714285714284,12.5,83.57142857142857,8.928571428571429,74.64285714285714
E00065135,293,46,20,26,247,27,220,15.699658703071673,6.825938566552901,8.873720136518772,84.30034129692832,9.215017064846416,75.0853242320819
E00065136,294,47,27,20,247,14,233,15.98639455782313,9.183673469387756,6.802721088435375,84.01360544217688,4.761904761904762,79.25170068027211
E00065137,357,56,23,33,301,23,278,15.686274509803921,6.442577030812324,9.243697478991598,84.31372549019608,6.442577030812324,77.87114845938376
E00065138,289,56,29,27,233,19,214,19.377162629757784,10.034602076124568,9.342560553633218,80.62283737024222,6.5743944636678195,74.0484429065744
E00065139,356,68,28,40,288,14,274,19.101123595505616,7.865168539325842,11.235955056179774,80.89887640449437,3.932584269662921,76.96629213483146
E00065140,309,77,38,39,232,9,223,24.919093851132686,12.297734627831716,12.62135922330097,75.08090614886731,2.912621359223301,72.168284789644
E00065141,282,53,15,38,229,26,203,18.79432624113475,5.319148936170213,13.47517730496454,81.20567375886525,9.219858156028367,71.98581560283688
E00065142,232,78,41,37,154,15,139,33.62068965517241,17.67241379310345,15.948275862068966,66.37931034482759,6.4655172413793105,59.91379310344828
E00065143,578,120,18,102,458,24,434,20.761245674740483,3.1141868512110724,17.647058823529413,79.23875432525952,4.1522491349480966,75.08650519031141
E00065144,290,58,24,34,232,13,219,20,8.275862068965518,11.724137931034482,80,4.482758620689655,75.51724137931033
E00065145,318,69,31,38,249,7,242,21.69811320754717,9.748427672955975,11.949685534591195,78.30188679245283,2.20125786163522,76.10062893081762
E00065146,247,65,25,40,182,9,173,26.31578947368421,10.121457489878543,16.194331983805668,73.68421052631578,3.643724696356275,70.04048582995951
E00065147,298,59,29,30,239,14,225,19.798657718120804,9.731543624161073,10.06711409395973,80.20134228187919,4.697986577181208,75.50335570469798
E00065148,289,57,29,28,232,21,211,19.72318339100346,10.034602076124568,9.688581314878892,80.27681660899654,7.26643598615917,73.01038062283737
E00065149,220,89,45,44,131,12,119,40.45454545454545,20.454545454545457,20,59.54545454545455,5.454545454545454,54.090909090909086
E00065150,144,18,6,12,126,11,115,12.5,4.166666666666666,8.333333333333332,87.5,7.638888888888889,79.86111111111111
E00065151,335,60,21,39,275,24,251,17.91044776119403,6.26865671641791,11.641791044776118,82.08955223880598,7.164179104477612,74.92537313432835
E00065152,320,61,26,35,259,11,248,19.0625,8.125,10.9375,80.9375,3.4375000000000004,77.5
E00065153,342,65,16,49,277,29,248,19.005847953216374,4.678362573099415,14.327485380116958,80.99415204678363,8.47953216374269,72.51461988304094
E00065154,467,71,35,36,396,9,387,15.203426124197003,7.494646680942184,7.708779443254818,84.79657387580299,1.9271948608137044,82.86937901498929
E00065155,376,109,45,64,267,16,251,28.98936170212766,11.96808510638298,17.02127659574468,71.01063829787235,4.25531914893617,66.75531914893617
E00065157,276,52,29,23,224,20,204,18.84057971014493,10.507246376811594,8.333333333333332,81.15942028985508,7.246376811594203,73.91304347826086
E00065158,557,66,25,41,491,34,457,11.8491921005386,4.488330341113106,7.360861759425494,88.1508078994614,6.104129263913824,82.04667863554758
E00065159,374,76,34,42,298,13,285,20.32085561497326,9.090909090909092,11.229946524064172,79.67914438502673,3.4759358288770055,76.20320855614973
E00065161,395,89,39,50,306,32,274,22.531645569620252,9.873417721518987,12.658227848101266,77.46835443037975,8.10126582278481,69.36708860759494
E00065162,521,68,23,45,453,39,414,13.051823416506716,4.414587332053743,8.637236084452974,86.9481765834933,7.485604606525912,79.46257197696737
E00065164,424,59,26,33,365,18,347,13.915094339622641,6.132075471698113,7.783018867924528,86.08490566037736,4.245283018867925,81.83962264150944
E00065165,272,85,38,47,187,12,175,31.25,13.970588235294118,17.27941176470588,68.75,4.411764705882353,64.33823529411765
E00065166,314,73,33,40,241,15,226,23.248407643312103,10.509554140127388,12.738853503184714,76.75159235668791,4.777070063694268,71.97452229299363
E00165822,367,96,41,55,271,19,252,26.158038147138964,11.1716621253406,14.986376021798364,73.84196185286103,5.177111716621254,68.66485013623979
E00170741,292,92,39,53,200,9,191,31.506849315068493,13.356164383561644,18.15068493150685,68.4931506849315,3.0821917808219177,65.41095890410958
E00170742,242,51,15,36,191,10,181,21.074380165289256,6.198347107438017,14.87603305785124,78.92561983471074,4.132231404958678,74.79338842975206
E00170743,296,44,27,17,252,2,250,14.864864864864865,9.121621621621621,5.743243243243244,85.13513513513513,0.6756756756756757,84.45945945945947
E00170744,278,50,25,25,228,20,208,17.985611510791365,8.992805755395683,8.992805755395683,82.01438848920863,7.1942446043165464,74.82014388489209
E00170745,201,30,6,24,171,12,159,14.925373134328357,2.9850746268656714,11.940298507462686,85.07462686567165,5.970149253731343,79.1044776119403
E00170746,99,34,20,14,65,4,61,34.34343434343434,20.2020202020202,14.14141414141414,65.65656565656566,4.040404040404041,61.61616161616161
E00170747,805,345,126,219,460,84,376,42.857142857142854,15.65217391304348,27.204968944099377,57.14285714285714,10.434782608695652,46.70807453416149
E00170748,474,102,58,44,372,36,336,21.518987341772153,12.236286919831224,9.282700421940929,78.48101265822784,7.59493670886076,70.88607594936708
E00170750,473,115,72,43,358,10,348,24.312896405919663,15.221987315010571,9.090909090909092,75.68710359408034,2.1141649048625792,73.57293868921776
E00170751,414,49,14,35,365,21,344,11.83574879227053,3.3816425120772946,8.454106280193237,88.16425120772948,5.072463768115942,83.09178743961353
E00170752,285,49,20,29,236,16,220,17.192982456140353,7.017543859649122,10.175438596491228,82.80701754385966,5.614035087719298,77.19298245614034
E00170753,326,49,18,31,277,17,260,15.030674846625766,5.521472392638037,9.509202453987731,84.96932515337423,5.214723926380368,79.75460122699386
E00170754,274,25,7,18,249,17,232,9.124087591240876,2.5547445255474455,6.569343065693431,90.87591240875912,6.204379562043796,84.67153284671532
E00170756,375,32,15,17,343,26,317,8.533333333333333,4,4.533333333333333,91.46666666666667,6.933333333333333,84.53333333333333
E00170757,440,42,18,24,398,37,361,9.545454545454547,4.090909090909091,5.454545454545454,90.45454545454545,8.409090909090908,82.04545454545455
E00170758,440,48,20,28,392,38,354,10.909090909090908,4.545454545454546,6.363636363636363,89.0909090909091,8.636363636363637,80.45454545454545
E00170760,358,32,10,22,326,25,301,8.938547486033519,2.793296089385475,6.145251396648044,91.06145251396647,6.983240223463687,84.07821229050279
E00170761,239,20,4,16,219,9,210,8.368200836820083,1.6736401673640167,6.694560669456067,91.63179916317992,3.765690376569038,87.86610878661088
E00170762,319,67,36,31,252,26,226,21.003134796238246,11.285266457680251,9.717868338557993,78.99686520376176,8.150470219435736,70.84639498432603
E00170763,347,47,11,36,300,22,278,13.544668587896252,3.170028818443804,10.37463976945245,86.45533141210375,6.340057636887608,80.11527377521614
E00170764,288,42,12,30,246,33,213,14.583333333333334,4.166666666666666,10.416666666666668,85.41666666666666,11.458333333333332,73.95833333333334
E00170766,246,47,23,24,199,22,177,19.10569105691057,9.34959349593496,9.75609756097561,80.89430894308943,8.94308943089431,71.95121951219512
E00170768,378,32,9,23,346,23,323,8.465608465608465,2.380952380952381,6.084656084656085,91.53439153439153,6.084656084656085,85.44973544973546
E00170771,310,41,17,24,269,14,255,13.225806451612904,5.483870967741936,7.741935483870968,86.7741935483871,4.516129032258064,82.25806451612904
E00170772,346,40,21,19,306,30,276,11.560693641618498,6.069364161849711,5.491329479768786,88.4393063583815,8.670520231213873,79.76878612716763
E00170773,223,21,11,10,202,18,184,9.417040358744394,4.932735426008969,4.484304932735426,90.5829596412556,8.071748878923767,82.51121076233184
E00170775,254,62,36,26,192,16,176,24.409448818897637,14.173228346456693,10.236220472440944,75.59055118110236,6.299212598425196,69.29133858267717
E00170776,413,42,14,28,371,24,347,10.16949152542373,3.389830508474576,6.779661016949152,89.83050847457628,5.811138014527845,84.01937046004842
E00170777,538,42,13,29,496,35,461,7.806691449814126,2.41635687732342,5.390334572490707,92.19330855018588,6.5055762081784385,85.68773234200744
E00170778,267,44,12,32,223,17,206,16.479400749063668,4.49438202247191,11.985018726591761,83.52059925093633,6.367041198501873,77.15355805243446
E00170781,386,48,20,28,338,14,324,12.435233160621761,5.181347150259067,7.253886010362693,87.56476683937824,3.6269430051813467,83.93782383419689
E00189196,522,41,13,28,481,26,455,7.854406130268199,2.490421455938697,5.363984674329502,92.1455938697318,4.980842911877394,87.16475095785441
E00189197,104,7,1,6,97,8,89,6.730769230769231,0.9615384615384616,5.769230769230769,93.26923076923077,7.6923076923076925,85.57692307692307
E00189198,504,54,22,32,450,38,412,10.714285714285714,4.365079365079365,6.349206349206349,89.28571428571429,7.5396825396825395,81.74603174603175
E00189199,143,44,19,25,99,16,83,30.76923076923077,13.286713286713287,17.482517482517483,69.23076923076923,11.188811188811188,58.04195804195804
E00189200,267,45,8,37,222,18,204,16.853932584269664,2.9962546816479403,13.857677902621724,83.14606741573034,6.741573033707865,76.40449438202246
E00189204,424,93,42,51,331,21,310,21.933962264150946,9.90566037735849,12.028301886792454,78.06603773584906,4.952830188679245,73.11320754716981
E00189205,280,97,60,37,183,18,165,34.64285714285714,21.428571428571427,13.214285714285715,65.35714285714286,6.428571428571428,58.92857142857143
E00189206,226,38,17,21,188,24,164,16.8141592920354,7.52212389380531,9.29203539823009,83.1858407079646,10.619469026548673,72.56637168141593
E00189207,257,49,20,29,208,24,184,19.06614785992218,7.782101167315175,11.284046692607005,80.93385214007782,9.33852140077821,71.59533073929961
E00189213,258,56,26,30,202,11,191,21.705426356589147,10.077519379844961,11.627906976744185,78.29457364341084,4.263565891472868,74.03100775193798
E00189214,319,89,43,46,230,9,221,27.89968652037618,13.479623824451412,14.420062695924765,72.10031347962382,2.8213166144200628,69.27899686520375
E00189215,324,65,41,24,259,22,237,20.061728395061728,12.654320987654321,7.4074074074074066,79.93827160493827,6.790123456790123,73.14814814814815
E00189216,161,72,37,35,89,4,85,44.72049689440994,22.981366459627328,21.73913043478261,55.27950310559007,2.484472049689441,52.79503105590062
E00189217,461,154,84,70,307,17,290,33.40563991323211,18.22125813449024,15.184381778741866,66.5943600867679,3.68763557483731,62.90672451193059
E00189218,332,107,73,34,225,23,202,32.22891566265061,21.987951807228914,10.240963855421686,67.7710843373494,6.927710843373494,60.8433734939759
E00189223,204,90,38,52,114,12,102,44.11764705882353,18.627450980392158,25.49019607843137,55.88235294117647,5.88235294117647,50
E00189224,996,178,32,146,818,94,724,17.8714859437751,3.2128514056224895,14.65863453815261,82.1285140562249,9.437751004016064,72.69076305220884
E00189225,607,107,25,82,500,53,447,17.627677100494235,4.118616144975288,13.509060955518946,82.37232289950576,8.731466227347612,73.64085667215815
E00189226,353,53,2,51,300,29,271,15.01416430594901,0.56657223796034,14.44759206798867,84.98583569405099,8.21529745042493,76.77053824362606
E00189227,206,80,40,40,126,12,114,38.83495145631068,19.41747572815534,19.41747572815534,61.165048543689316,5.825242718446602,55.33980582524271
E00189228,344,51,26,25,293,28,265,14.825581395348838,7.55813953488372,7.267441860465117,85.17441860465115,8.13953488372093,77.03488372093024
E00189230,207,16,2,14,191,18,173,7.729468599033816,0.966183574879227,6.763285024154589,92.27053140096618,8.695652173913043,83.57487922705315
E00189231,327,23,8,15,304,20,284,7.033639143730887,2.4464831804281344,4.587155963302752,92.96636085626912,6.116207951070336,86.85015290519877
E00189234,373,67,24,43,306,26,280,17.962466487935657,6.434316353887399,11.528150134048257,82.03753351206434,6.970509383378016,75.06702412868633
E00189235,281,36,13,23,245,30,215,12.811387900355871,4.6263345195729535,8.185053380782918,87.18861209964413,10.676156583629894,76.51245551601423
E00189238,312,52,27,25,260,17,243,16.666666666666664,8.653846153846153,8.012820512820513,83.33333333333334,5.448717948717949,77.88461538461539
E00189239,194,29,8,21,165,9,156,14.948453608247423,4.123711340206185,10.824742268041238,85.05154639175258,4.639175257731959,80.41237113402062
E00189243,346,66,35,31,280,13,267,19.07514450867052,10.115606936416185,8.959537572254336,80.92485549132948,3.7572254335260116,77.16763005780348
E00189244,205,31,11,20,174,5,169,15.121951219512194,5.365853658536586,9.75609756097561,84.8780487804878,2.4390243902439024,82.4390243902439
E00189248,308,33,4,29,275,18,257,10.714285714285714,1.2987012987012987,9.415584415584416,89.28571428571429,5.844155844155844,83.44155844155844
E00189249,169,131,84,47,38,13,25,77.51479289940828,49.70414201183432,27.810650887573964,22.485207100591715,7.6923076923076925,14.792899408284024
E00189250,375,35,12,23,340,13,327,9.333333333333334,3.2,6.133333333333333,90.66666666666666,3.4666666666666663,87.2
E00189252,264,54,28,26,210,14,196,20.454545454545457,10.606060606060606,9.848484848484848,79.54545454545455,5.303030303030303,74.24242424242425
E00189254,373,36,15,21,337,24,313,9.651474530831099,4.021447721179625,5.630026809651475,90.3485254691689,6.434316353887399,83.91420911528151
E00189257,271,45,23,22,226,9,217,16.605166051660518,8.487084870848708,8.118081180811808,83.39483394833948,3.3210332103321036,80.07380073800738
E00189259,290,19,8,11,271,27,244,6.551724137931035,2.7586206896551726,3.793103448275862,93.44827586206897,9.310344827586208,84.13793103448276
E00189260,395,61,27,34,334,9,325,15.443037974683543,6.8354430379746836,8.60759493670886,84.55696202531645,2.278481012658228,82.27848101265823
E00189261,405,83,45,38,322,15,307,20.493827160493826,11.11111111111111,9.382716049382717,79.50617283950618,3.7037037037037033,75.80246913580247
E00189264,247,27,5,22,220,18,202,10.931174089068826,2.0242914979757085,8.906882591093117,89.06882591093117,7.28744939271255,81.78137651821862
E00189266,292,39,12,27,253,14,239,13.356164383561644,4.10958904109589,9.246575342465754,86.64383561643835,4.794520547945205,81.84931506849315
E00189267,364,23,6,17,341,27,314,6.318681318681318,1.6483516483516485,4.670329670329671,93.68131868131869,7.417582417582418,86.26373626373626
E00189268,108,11,3,8,97,7,90,10.185185185185185,2.7777777777777777,7.4074074074074066,89.81481481481481,6.481481481481481,83.33333333333334
E00189269,297,50,27,23,247,25,222,16.835016835016837,9.090909090909092,7.744107744107744,83.16498316498317,8.417508417508419,74.74747474747475
E00189270,174,91,62,29,83,4,79,52.29885057471264,35.63218390804598,16.666666666666664,47.701149425287355,2.2988505747126435,45.40229885057471
E00189271,313,59,36,23,254,17,237,18.849840255591054,11.501597444089457,7.348242811501597,81.15015974440894,5.431309904153355,75.71884984025559
E00189272,321,20,5,15,301,18,283,6.230529595015576,1.557632398753894,4.672897196261682,93.76947040498442,5.607476635514018,88.1619937694704
E00189273,317,20,8,12,297,15,282,6.309148264984227,2.5236593059936907,3.7854889589905363,93.69085173501577,4.73186119873817,88.95899053627761
E00189274,364,26,5,21,338,25,313,7.142857142857142,1.3736263736263736,5.769230769230769,92.85714285714286,6.868131868131869,85.98901098901099
E00189275,284,14,3,11,270,22,248,4.929577464788732,1.056338028169014,3.873239436619718,95.07042253521126,7.746478873239436,87.32394366197182
E00189276,334,26,10,16,308,23,285,7.784431137724551,2.9940119760479043,4.790419161676647,92.21556886227546,6.88622754491018,85.32934131736528
E00189277,368,28,9,19,340,15,325,7.608695652173914,2.4456521739130435,5.163043478260869,92.3913043478261,4.076086956521739,88.31521739130434
E00189278,369,27,10,17,342,27,315,7.317073170731707,2.710027100271003,4.607046070460704,92.6829268292683,7.317073170731707,85.36585365853658
E00189279,218,30,6,24,188,9,179,13.761467889908257,2.7522935779816518,11.009174311926607,86.23853211009175,4.128440366972478,82.11009174311926
E00189280,300,16,0,16,284,16,268,5.333333333333334,0,5.333333333333334,94.66666666666667,5.333333333333334,89.33333333333333
E00189283,322,18,6,12,304,28,276,5.590062111801243,1.8633540372670807,3.7267080745341614,94.40993788819875,8.695652173913043,85.71428571428571
E00189284,331,21,3,18,310,20,290,6.3444108761329305,0.906344410876133,5.438066465256798,93.65558912386706,6.042296072507553,87.61329305135952
E00189285,319,24,7,17,295,14,281,7.523510971786834,2.19435736677116,5.329153605015674,92.47648902821317,4.38871473354232,88.08777429467085
E00189287,382,23,6,17,359,21,338,6.020942408376963,1.5706806282722512,4.450261780104712,93.97905759162303,5.49738219895288,88.48167539267016
E00189288,260,55,28,27,205,9,196,21.153846153846153,10.76923076923077,10.384615384615385,78.84615384615384,3.4615384615384617,75.38461538461539
E00189293,257,30,9,21,227,16,211,11.673151750972762,3.501945525291829,8.171206225680933,88.32684824902724,6.22568093385214,82.10116731517509
E00189295,314,25,1,24,289,23,266,7.961783439490445,0.3184713375796179,7.643312101910828,92.03821656050955,7.32484076433121,84.71337579617835
E00189298,409,54,17,37,355,19,336,13.202933985330073,4.156479217603912,9.04645476772616,86.79706601466992,4.645476772616137,82.15158924205379
E00189301,289,29,11,18,260,28,232,10.034602076124568,3.8062283737024223,6.228373702422145,89.96539792387543,9.688581314878892,80.27681660899654
E00189302,258,34,13,21,224,8,216,13.178294573643413,5.038759689922481,8.13953488372093,86.82170542635659,3.10077519379845,83.72093023255815
E00189304,308,43,23,20,265,18,247,13.96103896103896,7.467532467532467,6.493506493506493,86.03896103896103,5.844155844155844,80.1948051948052
E00189305,352,35,10,25,317,25,292,9.943181818181818,2.840909090909091,7.1022727272727275,90.05681818181817,7.1022727272727275,82.95454545454545
E00189309,151,28,10,18,123,11,112,18.543046357615893,6.622516556291391,11.920529801324504,81.45695364238411,7.28476821192053,74.17218543046357
E00189313,478,65,27,38,413,26,387,13.598326359832635,5.648535564853557,7.949790794979079,86.40167364016736,5.439330543933055,80.9623430962343
E00189314,289,28,11,17,261,20,241,9.688581314878892,3.8062283737024223,5.88235294117647,90.3114186851211,6.920415224913495,83.39100346020761
E00189316,814,149,31,118,665,89,576,18.304668304668304,3.8083538083538087,14.496314496314497,81.6953316953317,10.933660933660933,70.76167076167076
E00189317,230,29,7,22,201,18,183,12.608695652173912,3.0434782608695654,9.565217391304348,87.39130434782608,7.82608695652174,79.56521739130434
